




arguments: ./build/mirp_solver -f ./input/orig_exec_17.cfg
Current dir: /scratch/gui/bnc_mirp
File verbosity level: 9
date       time         ( uptime  ) [ thread name/id ]                   file:line     v| 
2021-01-09 00:39:35.290 (   1.337s) [main thread     ]             loguru.cpp:789   INFO| Logging to './output/vi_hc1_half/OU/V3/Original/execution_09_01_2021_00_39_35.log', mode: 'a', verbosity: 9
--------------------------------------------------------------------------------
Parameters
                           instance_path           ./input/Instances/Original/1/
                            model_policy                                       1
                             nb_vehicles                                       3
                              output_dir    ./output/vi_hc1_half/OU/V3/Original/
                            sec_strategy                                       1
                       solver_nb_threads                                       2
                         solver_show_log                                    true
                       solver_time_limit                                    3600
                              use_vi_cos                                   false
                              use_vi_cus                                   false
                         use_vi_hc1_full                                   false
                         use_vi_hc1_half                                    true
                      use_vi_hc1_quarter                                   false
                              use_vi_hc2                                   false
                              use_vi_hc3                                   false
                         use_vi_lex_full                                   false
                         use_vi_lex_half                                   false
                      use_vi_lex_quarter                                   false
                              use_vi_qua                                   false
                               use_vi_vc                                   false
                               use_vi_vr                                   false
--------------------------------------------------------------------------------
executing instance: ./input/Instances/Original/1/absH3high_1n5.dat
--------------------------------------------------------------------------------
Instance details
n	6
H	3
C	289
Li:
[0, 0, 0, 0, 0, 0, ]
Ui:
[0, 195, 105, 116, 72, 22, ]
Distance matrix:
|0	85	349	17	203	289	|
|85	0	265	102	214	226	|
|349	265	0	366	368	238	|
|17	102	366	0	207	302	|
|203	214	368	207	0	431	|
|289	226	238	302	431	0	|

--------------------------------------------------------------------------------
Building model...
	using lazy and cut (CVRPSEP package)
Solving IRP LP...
--------------------------------------------------------------------------------

Gurobi 9.1.0 (linux64) logging started Sat Jan  9 00:39:35 2021

Gurobi Optimizer version 9.1.0 build v9.1.0rc0 (linux64)
Thread count: 32 physical cores, 32 logical processors, using up to 2 threads
Optimize a model with 177 rows, 258 columns and 831 nonzeros
Model fingerprint: 0x2a1f5bc4
Variable types: 69 continuous, 189 integer (54 binary)
Coefficient statistics:
  Matrix range     [1e+00, 2e+02]
  Objective range  [2e-01, 4e+02]
  Bounds range     [1e+00, 2e+02]
  RHS range        [1e+01, 5e+02]
Presolve removed 79 rows and 104 columns
Presolve time: 0.01s
Presolved: 98 rows, 154 columns, 443 nonzeros
Variable types: 36 continuous, 118 integer (86 binary)
Found heuristic solution: objective 3316.0100000

Root relaxation: objective 1.818872e+03, 114 iterations, 0.00 seconds

    Nodes    |    Current Node    |     Objective Bounds      |     Work
 Expl Unexpl |  Obj  Depth IntInf | Incumbent    BestBd   Gap | It/Node Time

     0     0 1818.87237    0   20 3316.01000 1818.87237  45.1%     -    0s
     0     0 2049.90344    0   46 3316.01000 2049.90344  38.2%     -    0s
H    0     0                    2648.9300000 2049.90344  22.6%     -    0s
H    0     0                    2635.9300000 2049.90344  22.2%     -    0s
     0     0 2315.13127    0   35 2635.93000 2315.13127  12.2%     -    0s
H    0     0                    2486.3500000 2315.13127  6.89%     -    0s
     0     0 2324.19913    0   36 2486.35000 2324.19913  6.52%     -    0s
     0     0 2341.84850    0   52 2486.35000 2341.84850  5.81%     -    0s
     0     0 2341.91119    0   37 2486.35000 2341.91119  5.81%     -    0s
     0     0 2351.90583    0   40 2486.35000 2351.90583  5.41%     -    0s
     0     0 2352.17517    0   40 2486.35000 2352.17517  5.40%     -    0s
     0     0 2352.17517    0   39 2486.35000 2352.17517  5.40%     -    0s
H    0     0                    2414.0300000 2352.17517  2.56%     -    0s
     0     0 2352.17517    0   16 2414.03000 2352.17517  2.56%     -    0s
     0     0 2375.57910    0   17 2414.03000 2375.57910  1.59%     -    0s
     0     0 2382.98109    0   17 2414.03000 2382.98109  1.29%     -    0s
     0     0 2382.98109    0   18 2414.03000 2382.98109  1.29%     -    0s
     0     0 2413.46000    0    3 2414.03000 2413.46000  0.02%     -    0s
     0     0 2413.46000    0    3 2414.03000 2413.46000  0.02%     -    0s
*    0     0               0    2414.0299995 2414.03000  0.00%     -    0s

Cutting planes:
  Gomory: 3
  Cover: 1
  MIR: 3
  Flow cover: 4

Explored 1 nodes (452 simplex iterations) in 0.13 seconds
Thread count was 2 (of 32 available processors)

Solution count 5: 2414.03 2486.35 2635.93 ... 3316.01

Optimal solution found (tolerance 1.00e-04)
Best objective 2.414029999457e+03, best bound 2.414029999457e+03, gap 0.0000%

User-callback calls 213, time in user-callback 0.01 sec
================================================================================
executing instance: ./input/Instances/Original/1/absH3high_1n45.dat
--------------------------------------------------------------------------------
Instance details
n	46
H	3
C	3462
Li:
[0, 0, 0, 0, 0, 0, 0, 0, 0, 0, 0, 0, 0, 0, 0, 0, 0, 0, 0, 0, 0, 0, 0, 0, 0, 0, 0, 0, 0, 0, 0, 0, 0, 0, 0, 0, 0, 0, 0, 0, 0, 0, 0, 0, 0, 0, ]
Ui:
[0, 273, 270, 36, 165, 192, 148, 45, 30, 75, 180, 198, 112, 117, 90, 64, 180, 22, 264, 174, 168, 270, 86, 66, 26, 66, 237, 156, 92, 108, 144, 72, 30, 45, 94, 54, 174, 96, 198, 136, 44, 180, 210, 249, 198, 48, ]
Distance matrix:
|0	281	201	160	249	201	93	431	236	139	252	136	116	166	390	110	349	374	303	180	327	464	236	70	44	461	346	439	363	254	312	426	305	206	71	137	169	200	247	260	20	219	256	253	460	278	|
|281	0	448	170	53	142	338	184	121	290	371	390	222	302	111	289	169	434	230	177	238	441	59	212	319	211	86	235	399	306	53	176	99	202	263	157	361	101	370	201	264	344	364	374	469	184	|
|201	448	0	285	430	325	114	556	361	171	191	64	228	174	546	294	453	306	364	289	388	435	393	254	157	585	491	536	318	254	490	554	436	407	266	292	108	388	186	337	207	181	205	190	408	364	|
|160	170	285	0	169	43	182	280	80	120	208	231	58	132	262	230	190	294	151	24	174	345	112	107	183	309	207	280	268	158	219	276	155	235	187	45	192	150	205	107	140	177	202	210	356	119	|
|249	53	430	169	0	152	317	238	145	282	377	369	212	299	157	242	215	452	261	183	273	474	76	181	290	264	140	287	421	320	63	229	145	148	221	142	352	53	374	226	234	346	370	378	498	215	|
|201	142	325	43	152	0	224	237	37	156	230	273	101	164	224	261	148	300	127	38	147	333	83	142	225	266	167	238	270	168	193	233	112	246	221	70	228	148	228	84	180	202	222	232	351	87	|
|93	338	114	182	317	224	0	460	262	92	180	52	124	112	440	199	364	307	292	191	317	415	284	140	57	490	387	452	304	208	377	457	336	297	163	181	84	274	175	256	95	152	188	180	402	280	|
|431	184	556	280	238	237	460	0	199	385	420	508	337	385	108	464	110	429	219	269	206	378	202	365	460	30	98	84	388	340	204	9	126	386	432	294	453	283	421	226	411	404	408	423	422	198	|
|236	121	361	80	145	37	262	199	0	191	255	310	138	197	191	290	114	312	118	72	133	330	69	175	262	229	132	204	279	186	174	195	75	258	251	102	262	153	254	81	216	230	246	257	353	72	|
|139	290	171	120	282	156	92	385	191	0	116	129	71	27	380	246	283	235	201	119	226	329	231	141	129	414	323	367	224	119	336	383	266	308	202	141	72	252	112	169	127	82	118	117	322	195	|
|252	371	191	208	377	230	180	420	255	116	0	187	178	90	443	361	311	127	204	195	224	246	313	257	232	446	382	380	129	81	423	421	320	422	318	242	100	355	5	195	241	34	15	2	225	224	|
|136	390	64	231	369	273	52	508	310	129	187	0	173	141	491	233	409	313	330	239	355	431	335	191	93	538	438	495	316	233	429	505	385	342	203	233	88	325	182	297	143	167	199	187	412	323	|
|116	222	228	58	212	101	124	337	138	71	178	173	0	91	319	206	244	284	187	69	212	357	165	85	130	367	265	333	264	151	267	333	213	244	161	70	140	181	175	145	97	145	177	180	359	165	|
|166	302	174	132	299	164	112	385	197	27	90	141	91	0	388	273	280	208	191	127	215	305	243	167	153	413	329	361	198	96	351	383	270	333	229	159	68	272	86	163	153	56	92	91	296	190	|
|390	111	546	262	157	224	440	108	191	380	443	491	319	388	0	399	164	480	264	261	261	456	156	320	426	125	62	186	442	369	107	99	125	300	374	260	452	210	443	252	372	420	433	446	494	227	|
|110	289	294	230	242	261	199	464	290	246	361	233	206	273	399	0	402	480	382	254	404	562	262	124	143	493	369	490	466	355	302	457	344	135	45	191	279	189	356	337	120	328	364	362	563	348	|
|349	169	453	190	215	148	364	110	114	283	311	409	244	280	164	402	0	324	110	174	101	292	151	289	372	135	109	90	284	230	212	111	70	354	364	216	348	245	312	118	329	295	298	313	330	90	|
|374	434	306	294	452	300	307	429	312	235	127	313	284	208	480	480	324	0	216	274	223	137	380	368	357	448	419	367	40	136	487	432	358	525	436	336	227	443	132	234	361	156	119	127	102	255	|
|303	230	364	151	261	127	292	219	118	201	204	330	187	191	264	382	110	216	0	128	25	213	185	258	314	243	203	176	178	123	282	221	144	372	338	193	256	270	206	45	283	193	191	206	239	46	|
|180	177	289	24	183	38	191	269	72	119	195	239	69	127	261	254	174	274	128	0	151	321	118	130	198	299	204	263	246	139	228	266	147	258	211	68	191	169	193	83	159	166	188	197	333	98	|
|327	238	388	174	273	147	317	206	133	226	224	355	212	215	261	404	101	223	25	151	0	203	198	281	339	228	202	156	184	143	288	209	146	390	362	215	280	286	226	68	308	215	210	226	235	61	|
|464	441	435	345	474	333	415	378	330	329	246	431	357	305	456	562	292	137	213	321	203	0	398	440	458	390	400	301	117	211	492	384	348	578	517	389	344	480	251	251	448	265	233	246	54	259	|
|236	59	393	112	76	83	284	202	69	231	313	335	165	243	156	262	151	380	185	118	198	398	0	167	270	231	110	233	347	250	110	195	85	203	230	103	303	95	311	150	217	284	305	315	422	139	|
|70	212	254	107	181	142	140	365	175	141	257	191	85	167	320	124	289	368	258	130	281	440	167	0	109	394	277	378	349	236	244	359	239	167	81	73	196	135	253	213	53	223	257	258	444	226	|
|44	319	157	183	290	225	57	460	262	129	232	93	130	153	426	143	372	357	314	198	339	458	270	109	0	490	379	462	351	247	353	456	334	250	110	168	140	243	226	274	56	201	238	232	449	294	|
|461	211	585	309	264	266	490	30	229	414	446	538	367	413	125	493	135	448	243	299	228	390	231	394	490	0	125	89	408	365	226	36	156	412	462	324	481	311	447	253	441	430	433	448	436	225	|
|346	86	491	207	140	167	387	98	132	323	382	438	265	329	62	369	109	419	203	204	202	400	110	277	379	125	0	155	381	307	113	90	63	288	339	211	394	186	382	190	327	359	371	384	436	165	|
|439	235	536	280	287	238	452	84	204	367	380	495	333	361	186	490	90	367	176	263	156	301	233	378	462	89	155	0	326	299	267	92	148	432	454	306	429	325	382	199	419	369	366	382	348	172	|
|363	399	318	268	421	270	304	388	279	224	129	316	264	198	442	466	284	40	178	246	184	117	347	349	351	408	381	326	0	113	452	391	321	502	422	311	229	415	134	199	348	152	118	130	98	219	|
|254	306	254	158	320	168	208	340	186	119	81	233	151	96	369	355	230	136	123	139	143	211	250	236	247	365	307	299	113	0	359	340	244	390	310	200	148	308	83	117	238	74	68	83	208	145	|
|312	53	490	219	63	193	377	204	174	336	423	429	267	351	107	302	212	487	282	228	288	492	110	244	353	226	113	267	452	359	0	195	145	194	283	199	407	115	421	254	296	394	415	425	521	237	|
|426	176	554	276	229	233	457	9	195	383	421	505	333	383	99	457	111	432	221	266	209	384	195	359	456	36	90	92	391	340	195	0	122	378	426	289	451	275	421	226	406	404	408	423	427	197	|
|305	99	436	155	145	112	336	126	75	266	320	385	213	270	125	344	70	358	144	147	146	348	85	239	334	156	63	148	321	244	145	122	0	286	310	168	336	177	320	128	285	298	309	322	381	103	|
|206	202	407	235	148	246	297	386	258	308	422	342	244	333	300	135	354	525	372	258	390	578	203	167	250	412	288	432	502	390	194	378	286	0	144	191	362	109	418	329	202	388	421	423	591	329	|
|71	263	266	187	221	221	163	432	251	202	318	203	161	229	374	45	364	436	338	211	362	517	230	81	110	462	339	454	422	310	283	426	310	144	0	150	239	168	313	294	77	285	321	319	518	306	|
|137	157	292	45	142	70	181	294	102	141	242	233	70	159	260	191	216	336	193	68	215	389	103	73	168	324	211	306	311	200	199	289	168	191	150	0	210	113	239	148	117	210	238	244	400	157	|
|169	361	108	192	352	228	84	453	262	72	100	88	140	68	452	279	348	227	256	191	280	344	303	196	140	481	394	429	229	148	407	451	336	362	239	210	0	318	95	231	164	79	111	100	325	258	|
|200	101	388	150	53	148	274	283	153	252	355	325	181	272	210	189	245	443	270	169	286	480	95	135	243	311	186	325	415	308	115	275	177	109	168	113	318	0	352	230	187	323	351	357	498	225	|
|247	370	186	205	374	228	175	421	254	112	5	182	175	86	443	356	312	132	206	193	226	251	311	253	226	447	382	382	134	83	421	421	320	418	313	239	95	352	0	196	237	30	19	6	230	224	|
|260	201	337	107	226	84	256	226	81	169	195	297	145	163	252	337	118	234	45	83	68	251	150	213	274	253	190	199	199	117	254	226	128	329	294	148	231	230	196	0	240	178	184	198	272	29	|
|20	264	207	140	234	180	95	411	216	127	241	143	97	153	372	120	329	361	283	159	308	448	217	53	56	441	327	419	348	238	296	406	285	202	77	117	164	187	237	240	0	208	245	242	446	257	|
|219	344	181	177	346	202	152	404	230	82	34	167	145	56	420	328	295	156	193	166	215	265	284	223	201	430	359	369	152	74	394	404	298	388	285	210	79	323	30	178	208	0	37	35	250	206	|
|256	364	205	202	370	222	188	408	246	118	15	199	177	92	433	364	298	119	191	188	210	233	305	257	238	433	371	366	118	68	415	408	309	421	321	238	111	351	19	184	245	37	0	17	214	212	|
|253	374	190	210	378	232	180	423	257	117	2	187	180	91	446	362	313	127	206	197	226	246	315	258	232	448	384	382	130	83	425	423	322	423	319	244	100	357	6	198	242	35	17	0	225	226	|
|460	469	408	356	498	351	402	422	353	322	225	412	359	296	494	563	330	102	239	333	235	54	422	444	449	436	436	348	98	208	521	427	381	591	518	400	325	498	230	272	446	250	214	225	0	285	|
|278	184	364	119	215	87	280	198	72	195	224	323	165	190	227	348	90	255	46	98	61	259	139	226	294	225	165	172	219	145	237	197	103	329	306	157	258	225	224	29	257	206	212	226	285	0	|

--------------------------------------------------------------------------------
Building model...
	using lazy and cut (CVRPSEP package)
Solving IRP LP...
--------------------------------------------------------------------------------

Gurobi 9.1.0 (linux64) logging started Sat Jan  9 00:39:35 2021

Gurobi Optimizer version 9.1.0 build v9.1.0rc0 (linux64)
Thread count: 32 physical cores, 32 logical processors, using up to 2 threads
Optimize a model with 1417 rows, 10318 columns and 24811 nonzeros
Model fingerprint: 0xad43df1b
Variable types: 589 continuous, 9729 integer (414 binary)
Coefficient statistics:
  Matrix range     [1e+00, 1e+03]
  Objective range  [1e-01, 6e+02]
  Bounds range     [1e+00, 3e+02]
  RHS range        [1e+01, 6e+03]
Presolve removed 297 rows and 541 columns
Presolve time: 0.11s
Presolved: 1120 rows, 9777 columns, 22660 nonzeros
Variable types: 436 continuous, 9341 integer (8922 binary)

Root relaxation: objective 1.306174e+04, 966 iterations, 0.02 seconds

    Nodes    |    Current Node    |     Objective Bounds      |     Work
 Expl Unexpl |  Obj  Depth IntInf | Incumbent    BestBd   Gap | It/Node Time

     0     0 13061.7393    0  110          - 13061.7393      -     -    0s
     0     0 13365.3137    0  153          - 13365.3137      -     -    0s
     0     0 13365.3137    0  154          - 13365.3137      -     -    0s
     0     0 13877.8208    0  224          - 13877.8208      -     -    0s
     0     0 13938.3725    0  247          - 13938.3725      -     -    0s
     0     0 13942.7639    0  229          - 13942.7639      -     -    0s
     0     0 13945.1404    0  254          - 13945.1404      -     -    0s
     0     0 13946.9991    0  229          - 13946.9991      -     -    1s
     0     0 13950.7531    0  244          - 13950.7531      -     -    1s
     0     0 13953.2026    0  238          - 13953.2026      -     -    1s
     0     0 14044.4300    0  222          - 14044.4300      -     -    1s
     0     0 14051.6408    0  249          - 14051.6408      -     -    1s
     0     0 14051.9177    0  227          - 14051.9177      -     -    1s
     0     0 14101.3566    0  299          - 14101.3566      -     -    1s
     0     0 14112.0376    0  330          - 14112.0376      -     -    1s
     0     0 14117.2955    0  325          - 14117.2955      -     -    1s
     0     0 14120.7196    0  332          - 14120.7196      -     -    1s
     0     0 14121.1688    0  347          - 14121.1688      -     -    1s
     0     0 14197.2179    0  325          - 14197.2179      -     -    2s
     0     0 14208.3446    0  342          - 14208.3446      -     -    2s
     0     0 14214.0123    0  364          - 14214.0123      -     -    2s
     0     0 14289.8812    0  370          - 14289.8812      -     -    2s
     0     0 14298.5723    0  382          - 14298.5723      -     -    2s
     0     0 14299.6836    0  396          - 14299.6836      -     -    2s
     0     0 14323.4238    0  367          - 14323.4238      -     -    2s
     0     0 14324.7632    0  395          - 14324.7632      -     -    3s
     0     0 14339.2679    0  329          - 14339.2679      -     -    3s
     0     0 14343.7951    0  339          - 14343.7951      -     -    3s
     0     0 14346.1887    0  402          - 14346.1887      -     -    4s
     0     0 14346.8432    0  380          - 14346.8432      -     -    4s
     0     0 14353.1278    0  349          - 14353.1278      -     -    4s
     0     0 14353.1278    0  345          - 14353.1278      -     -    4s
     0     2 14353.1278    0  341          - 14353.1278      -     -    5s
    46    51 14581.1028   15  236          - 14364.9169      -   384   10s
   138   145 15055.7863   47  189          - 14364.9169      -   300   15s
   274   301 15817.7836   91  158          - 14364.9169      -   238   20s
   494   494 17656.0367  189   11          - 14364.9169      -   163   25s
   844   853 14428.8627    5  396          - 14403.5336      -   112   30s
   968   893 18079.2183  234  449          - 14403.5336      -   103   35s
   974   897 14600.0536   38  475          - 14425.9166      -   102   40s
   982   902 15113.3455   83  487          - 14429.9067      -   102   45s
   985   907 14431.0020   16  479          - 14429.9120      -   109   50s
   999   917 14480.9779   20  415          - 14444.4137      -   114   55s
  1029   939 14566.1514   26  506          - 14444.4137      -   124   60s
  1075   974 14615.4183   36  394          - 14444.4137      -   133   65s
  1141  1019 14691.4287   47  319          - 14444.4137      -   141   70s
  1229  1094 14776.0414   61  253          - 14444.4137      -   147   75s
  1319  1153 15005.9100   76  191          - 14444.4137      -   149   80s
  1427  1232 15256.4080   98  234          - 14444.4137      -   151   85s
  1486  1274 15578.8350  108   94          - 14444.4137      -   151   91s
  1606  1349 15955.6391  134  200          - 14444.4137      -   149   96s
  1715  1444 15959.5582  159  105          - 14444.4137      -   148  101s
  1831  1538 16023.1395  180  137          - 14444.4137      -   145  105s
  1996  1699 16070.0310  198  188          - 14444.4137      -   139  111s
  2175  1770 19148.9253  411   34          - 14444.4137      -   131  115s
  2369  1812 16653.1799  224  108          - 14444.4137      -   124  120s
  2490  1937 17060.0999  273   24          - 14444.4137      -   123  125s
  2665  1911 14574.7886   23  287          - 14471.8407      -   119  130s
  2718  1961 14656.4660   45  213          - 14471.8407      -   122  135s
  2810  2055 14760.1747   87   51          - 14471.8407      -   123  142s
  2873  2116 15252.9594  106   54          - 14471.8407      -   123  145s
  3014  2212 15566.3791  153   98          - 14471.8407      -   121  152s
  3104  2380 15858.3569  180   73          - 14474.7164      -   121  156s
  3335  2441 14557.8567   20  475          - 14474.7164      -   116  161s
  3461  2501 14643.7331   25  355          - 14474.7164      -   113  166s
  3649  2538 14834.5573   43  110          - 14474.7164      -   111  172s
  3703  2584 14914.0458   70   64          - 14474.7164      -   112  175s
  3764  2705 14974.4699   97  106          - 14474.7164      -   112  181s
  3888  2772 15386.5420  173   67          - 14474.7164      -   111  186s
  3961  2985 15523.7948  194   42          - 14474.7164      -   110  191s
  4257  3027 infeasible  296               - 14485.0647      -   105  197s
  4335  3106 14674.9994   23  300          - 14485.0647      -   105  201s
  4414  3225 14785.2697   37  160          - 14485.0647      -   106  205s
  4533  3462 14912.9710   55   78          - 14485.0647      -   106  211s
  4770  3681 15423.1345   93   82          - 14485.0647      -   103  219s
  4853  3681 15825.3043  193   51          - 14485.0647      -   103  220s
  5008  4270 16022.8825  128   79          - 14485.0647      -   101  226s
  5352  4274 18314.3816  274   17          - 14485.0647      -  96.2  230s
  5687  4427 18702.0735  257   28          - 14492.2685      -  91.5  235s
  5865  4525 14839.1511   39  272          - 14492.2685      -  92.0  243s
  5919  4614 14957.8533   60   61          - 14492.2685      -  92.9  247s
  6008  4771 15152.1052   98   85          - 14492.2685      -  93.5  253s
  6165  5112 15879.6024  174   55          - 14492.2685      -  93.0  260s
  6579  5236 17637.4590  242    5          - 14492.3436      -  89.3  267s
  6767  5299 14689.9224   24  435          - 14496.9713      -  88.7  272s
  6789  5345 14783.5037   26  435          - 14496.9713      -  89.7  276s
  6835  5396 14957.3020   42  283          - 14496.9713      -  90.5  280s
  6886  5436 15018.1566   52  185          - 14496.9713      -  91.4  285s
  6926  5551 15226.8798   58  216          - 14496.9713      -  91.9  290s
  7047  5757 15348.0700   74   68          - 14496.9713      -  92.1  296s
  7327  5936 15761.4143  103   99          - 14496.9713      -  90.5  304s
  7427  5936 16217.6466  152   26          - 14496.9713      -  90.4  305s
  7471  6181 16666.4266  168   51          - 14511.0625      -  90.9  312s
  7732  6322 14760.2715   26  430          - 14511.0625      -  90.2  334s
  7751  6322 15143.5221   75   40          - 14511.0625      -  90.7  335s
  7893  6534 15033.0601   40  256          - 14511.0625      -  90.0  342s
  8121  6548 17391.8700  250   11          - 14511.0625      -  89.3  345s
  8169  6659 15244.8582   49  143          - 14511.0625      -  89.2  351s
  8261  6986 15536.0652   76  113          - 14511.7714      -  90.1  359s
  8301  6986 15634.2199   99   85          - 14511.7714      -  90.0  360s
  8615  7043 14781.2411   27  297          - 14511.7714      -  88.7  367s
* 8658  4498             185    16319.960000 14511.7714  11.1%  89.2  368s
* 8663  4492             181    16305.960000 14511.7714  11.0%  89.1  368s
  8710  4534 14954.2848   47  134 16305.9600 14511.7714  11.0%  89.4  374s
  8778  4602 15163.1903   97  112 16305.9600 14518.7717  11.0%  89.7  380s
  8856  4690 14584.3467   27  455 16305.9600 14518.7717  11.0%  90.3  387s
  8923  4690 15698.7973   99  134 16305.9600 14518.7717  11.0%  90.8  390s
  8957  4692 14681.4303   35  349 16305.9600 14518.7717  11.0%  90.8  398s
  8959  4741 14693.9649   35  287 16305.9600 14518.7717  11.0%  90.9  403s
  9008  4825 14906.1396   43  200 16305.9600 14518.7717  11.0%  91.9  410s
  9104  4872 14899.0974   53  223 16305.9600 14518.7717  11.0%  92.3  417s
  9151  5097 15034.3517   66   77 16305.9600 14518.7717  11.0%  93.3  425s
  9402  5102 16078.2400  125   10 16305.9600 14518.7717  11.0%  92.7  436s
  9404  5160 16184.5800  125    2 16305.9600 14521.8504  10.9%  92.7  442s
  9490  5247     cutoff  142      16305.9600 14531.3898  10.9%  93.5  449s
  9574  5443 15177.7092   57  245 16305.9600 14533.9220  10.9%  94.3  456s
  9780  5625 14692.8308   25  290 16305.9600 14533.9220  10.9%  94.1  465s
 10008  5683 15989.8667   69  152 16305.9600 14534.7552  10.9%  93.6  474s
 10082  5738 14998.4499   34  327 16305.9600 14534.7552  10.9%  94.5  481s
 10137  5847 15581.1228   68  162 16305.9600 14535.9174  10.9%  95.2  489s
 10258  5971 14735.9218   23  326 16305.9600 14540.5876  10.8%  95.4  497s
 10414  6058 14815.8164   24  277 16305.9600 14542.7449  10.8%  95.8  505s
 10521  6174 15669.6627   66   89 16305.9600 14544.2396  10.8%  96.6  513s
 10663  6275 14971.1252   34  359 16305.9600 14549.0224  10.8%  96.9  525s
 10765  6516 15680.6512   93  164 16305.9600 14549.5145  10.8%  97.7  535s
 11027  6615 15205.5852   40  270 16305.9600 14554.4238  10.7%  96.9  545s
 11139  6739 14725.8738   28  511 16305.9600 14554.4238  10.7%  97.4  552s
 11273  6798 15644.2494   84  120 16305.9600 14557.9319  10.7%  97.7  560s
 11363  6876 14770.5930   28  389 16305.9600 14558.0316  10.7%  98.5  567s
 11408  6876 15225.0124   38  195 16305.9600 14558.0316  10.7%  99.3  570s
 11437  6958 15028.6344   37  312 16305.9600 14558.0316  10.7%  99.4  577s
 11535  7106 15524.4976   51  253 16305.9600 14559.4275  10.7%   100  587s
 11718  7207 14841.5180   32  315 16305.9600 14564.6174  10.7%   101  596s
 11835  7346 16041.9737   83   77 16305.9600 14565.3763  10.7%   101  606s
 12009  7432 14761.1987   33  340 16305.9600 14565.3763  10.7%   101  615s
 12095  7577 15526.6432   91  163 16305.9600 14568.7157  10.7%   101  624s
 12115  7577 15636.8600  111  100 16305.9600 14568.7157  10.7%   101  625s
 12255  7775 15238.4837   37   70 16305.9600 14568.9385  10.7%   101  637s
 12492  7843     cutoff  107      16305.9600 14571.7566  10.6%   101  645s
 12558  8083 15279.6720   45  252 16305.9600 14572.6198  10.6%   102  657s
 12823  8232 14622.6735   25  290 16305.9600 14573.5189  10.6%   101  667s
 12984  8347 15084.7430   35  299 16305.9600 14574.1353  10.6%   101  676s
 13140  8469 14707.1267   31  316 16305.9600 14574.1372  10.6%   101  686s
 13272  8611 15705.9764  107   83 16305.9600 14574.7909  10.6%   102  696s
 13452  8825 14972.7691   45   35 16305.9600 14574.8328  10.6%   102  709s
 13532  8827 15396.6975   85   15 16305.9600 14574.8328  10.6%   102  710s
 13736  8901 15707.9607  104   12 16305.9600 14575.6324  10.6%   101  720s
 13831  8950     cutoff  110      16305.9600 14576.1464  10.6%   102  727s
 13913  8990 infeasible  119      16305.9600 14579.5642  10.6%   102  735s
 13962  9111 15104.3058   34  400 16305.9600 14579.6239  10.6%   103  745s
 14099  9219 15596.4554   53  179 16305.9600 14583.2165  10.6%   104  755s
 14225  9341 14843.5797   33  457 16305.9600 14583.2165  10.6%   104  765s
 14377  9449 15729.6201   76  168 16305.9600 14583.8882  10.6%   104  778s
 14508  9540 15227.8064   50  159 16305.9600 14584.6914  10.6%   105  787s
 14610  9681 14948.1339   42  312 16305.9600 14584.6914  10.6%   106  797s
 14785  9883 16184.3412  101  165 16305.9600 14585.5978  10.6%   106  808s
 14950  9885 15959.1287  136    7 16305.9600 14585.7226  10.5%   106  810s
 15004  9953     cutoff  116      16305.9600 14586.8342  10.5%   105  817s
 15076 10188 14940.8496   55  267 16305.9600 14586.8342  10.5%   106  827s
 15156 10189 15235.5236  109   23 16305.9600 14586.8342  10.5%   106  835s
 15333 10287 15351.6821   84   59 16305.9600 14586.8753  10.5%   106  846s
 15445 10336     cutoff  209      16305.9600 14587.3423  10.5%   106  854s
 15494 10451 15304.6033   42  314 16305.9600 14587.7753  10.5%   107  862s
 15625 10578 14912.1580   41  181 16305.9600 14588.3606  10.5%   107  872s
 15783 10671 14764.8082   34  365 16305.9600 14588.3866  10.5%   107  883s
 15876 10869 15373.9136   87  166 16305.9600 14590.1058  10.5%   108  892s
 16110 10983     cutoff  177      16305.9600 14591.1266  10.5%   107  903s
 16245 11052 15465.2998   41  259 16305.9600 14592.0998  10.5%   108  913s
 16328 11133 14686.3324   25  391 16305.9600 14592.8926  10.5%   108  922s
 16407 11269 14867.3569   34  354 16305.9600 14592.8926  10.5%   109  933s
 16555 11330 15282.0421   49  235 16305.9600 14592.8926  10.5%   109  942s
 16644 11482 15535.6964   72  194 16305.9600 14592.8926  10.5%   109  954s
 16684 11482 15594.8186   99   43 16305.9600 14592.8926  10.5%   109  955s
 16796 11622 15704.1392  118   24 16305.9600 14594.4867  10.5%   109  965s
 16966 11731 15739.1523   80   99 16305.9600 14595.0766  10.5%   110  977s
 17106 11835 15090.7802   41  213 16305.9600 14596.9637  10.5%   110  988s
*17212 11809             109    16283.840000 14597.0782  10.4%   110  989s
 17250 12045 16231.9753  114   93 16283.8400 14597.8496  10.4%   110 1001s
 17557 12105     cutoff  122      16283.8400 14598.6361  10.3%   109 1013s
 17615 12303 15225.5668   50  252 16283.8400 14598.7048  10.3%   110 1023s
 17737 12303 15575.6557   73  130 16283.8400 14598.7048  10.3%   110 1025s
 17823 12473 15729.5495  152   74 16283.8400 14599.1851  10.3%   110 1034s
 17883 12473 16097.1433  212   14 16283.8400 14599.1851  10.3%   109 1035s
 18020 12531 infeasible  213      16283.8400 14599.2370  10.3%   109 1045s
 18080 12626 15259.4760   41  293 16283.8400 14599.9107  10.3%   110 1057s
 18209 12734 15295.9743   55  137 16283.8400 14600.4678  10.3%   110 1066s
 18350 12898 15108.0057   42  373 16283.8400 14601.5052  10.3%   111 1077s
 18539 12970 infeasible  144      16283.8400 14602.1497  10.3%   111 1087s
 18611 13125 15385.1645   61  182 16283.8400 14602.5146  10.3%   111 1098s
 18799 13227     cutoff   88      16283.8400 14602.8123  10.3%   111 1110s
 18901 13395 15147.7014   52   44 16283.8400 14602.9181  10.3%   112 1121s
 19157 13467 14698.5109   28  422 16283.8400 14603.2779  10.3%   112 1133s
 19218 13606 15315.7690   37  339 16283.8400 14603.2779  10.3%   112 1143s
 19376 13751 16068.4867   69   40 16283.8400 14603.7318  10.3%   112 1156s
 19574 13833 15107.1727   41  288 16283.8400 14603.8625  10.3%   112 1171s
 19675 14009 15554.6295   66   94 16283.8400 14604.2837  10.3%   112 1183s
 19755 14022 16175.0400  111   10 16283.8400 14604.2837  10.3%   112 1185s
 19892 14089     cutoff  130      16283.8400 14604.5851  10.3%   112 1197s
 19963 14264 15042.1680   41  357 16283.8400 14606.5527  10.3%   113 1208s
 20029 14264 15650.2481  107   59 16283.8400 14606.5527  10.3%   113 1210s
 20160 14407 14863.1456   28  472 16283.8400 14606.9564  10.3%   113 1221s
 20340 14443     cutoff  100      16283.8400 14607.1244  10.3%   113 1233s
 20406 14488 14867.2277   34  325 16283.8400 14608.9878  10.3%   113 1241s
 20449 14588 15081.1456   41  257 16283.8400 14608.9878  10.3%   113 1251s
 20551 14695 15689.7314   62  114 16283.8400 14609.0215  10.3%   114 1262s
 20744 14762 14809.8349   29  324 16283.8400 14609.6847  10.3%   114 1272s
 20809 14938 14996.7392   37  182 16283.8400 14609.6847  10.3%   114 1283s
 20932 14938 15538.0600  111    - 16283.8400 14609.6847  10.3%   115 1285s
 21037 14991 15245.0120   57   52 16283.8400 14609.6847  10.3%   114 1295s
 21074 15249 15343.2314   75  111 16283.8400 14610.6670  10.3%   114 1308s
 21235 15249 15964.9600  165   14 16283.8400 14610.6670  10.3%   114 1310s
 21374 15342 14736.7746   30  515 16283.8400 14612.6591  10.3%   114 1319s
 21480 15434 15424.1714   52  239 16283.8400 14613.2449  10.3%   114 1329s
 21614 15539 15118.1620   35   48 16283.8400 14613.6171  10.3%   114 1340s
 21733 15593     cutoff  114      16283.8400 14614.3458  10.3%   114 1350s
 21787 15761 14932.6359   37  236 16283.8400 14616.8348  10.2%   115 1363s
 21938 15777 16119.9700  112    4 16283.8400 14616.8348  10.2%   115 1365s
 22016 15906     cutoff  131      16283.8400 14616.9125  10.2%   115 1375s
 22150 16071 15325.9042   58   64 16283.8400 14617.8977  10.2%   115 1386s
 22344 16152     cutoff  118      16283.8400 14617.9203  10.2%   115 1396s
 22438 16219 15474.1887   56  189 16283.8400 14618.2698  10.2%   115 1404s
 22492 16219 15069.8943   46  305 16283.8400 14618.2698  10.2%   115 1405s
 22515 16360 15120.7387   51  235 16283.8400 14618.4918  10.2%   116 1414s
 22575 16361 15773.4781  110   51 16283.8400 14618.4918  10.2%   116 1415s
 22700 16472     cutoff  134      16283.8400 14619.1907  10.2%   116 1424s
 22735 16472 15181.9088   57  158 16283.8400 14619.1907  10.2%   116 1425s
 22813 16566 16140.4850  111   60 16283.8400 14620.1867  10.2%   116 1434s
 22955 16633 14999.6124   36  349 16283.8400 14620.6298  10.2%   116 1445s
 23022 16725 15532.8209   56  206 16283.8400 14620.8970  10.2%   117 1459s
 23107 16725 16246.2240   89   29 16283.8400 14620.8970  10.2%   117 1460s
 23150 16839     cutoff   91      16283.8400 14620.8986  10.2%   117 1470s
 23305 16943 14854.3492   38  438 16283.8400 14621.0104  10.2%   117 1481s
 23420 17016 15405.4314   70  200 16283.8400 14621.1649  10.2%   117 1490s
 23508 17141 14948.6133   41  414 16283.8400 14621.1649  10.2%   118 1499s
 23551 17141 15796.6012   84  135 16283.8400 14621.1649  10.2%   118 1500s
 23645 17268 16134.4059   91   67 16283.8400 14622.0355  10.2%   118 1511s
 23822 17456 15212.4514   46  205 16283.8400 14622.2207  10.2%   118 1525s
 24014 17621 15947.4550   98   39 16283.8400 14622.6756  10.2%   118 1539s
 24069 17621 15080.8346   41  172 16283.8400 14622.6756  10.2%   118 1540s
 24216 17735 15669.1455   74   58 16283.8400 14622.8206  10.2%   118 1552s
 24368 17799 14979.4396   35  444 16283.8400 14622.8300  10.2%   118 1563s
 24431 17910 15751.4265   50  269 16283.8400 14622.8300  10.2%   119 1575s
 24542 17966 16079.2683   74  110 16283.8400 14622.8574  10.2%   119 1587s
 24634 18098 14773.5170   29  372 16283.8400 14623.3703  10.2%   119 1599s
 24660 18098 15133.1743   42  161 16283.8400 14623.3703  10.2%   120 1600s
 24768 18299 15717.6960   59   53 16283.8400 14623.4931  10.2%   120 1615s
 25054 18371     cutoff   89      16283.8400 14623.7519  10.2%   119 1629s
 25118 18500 15540.5706   66   99 16283.8400 14624.5292  10.2%   120 1642s
 25274 18600 14915.7020   27  341 16283.8400 14624.8773  10.2%   120 1653s
 25374 18822 15386.7659   52  174 16283.8400 14624.8855  10.2%   120 1664s
 25454 18822 15883.5185   93   66 16283.8400 14624.8855  10.2%   120 1665s
 25646 18950 15013.5043   31  275 16283.8400 14625.3271  10.2%   120 1676s
 25785 19080 15808.1620   84   53 16283.8400 14625.8648  10.2%   120 1689s
 25825 19080 16220.2100  124   10 16283.8400 14625.8648  10.2%   120 1690s
 25925 19139 15196.0297   46  288 16283.8400 14625.8711  10.2%   120 1700s
 26020 19211 14807.5707   29  433 16283.8400 14625.9823  10.2%   121 1710s
 26105 19317 15391.1395   47  363 16283.8400 14626.2248  10.2%   121 1720s
 26231 19465 15140.8912   33  311 16283.8400 14626.2248  10.2%   121 1736s
 26403 19621     cutoff  146      16283.8400 14627.1326  10.2%   121 1751s
 26608 19720 15020.3508   41  365 16283.8400 14627.3510  10.2%   121 1762s
 26714 19845 15696.4460   76  109 16283.8400 14627.6834  10.2%   121 1776s
 26867 19899     cutoff  138      16283.8400 14627.9566  10.2%   121 1788s
 26924 20038 16196.0658  136   25 16283.8400 14628.3641  10.2%   122 1801s
 27095 20098     cutoff  141      16283.8400 14628.5967  10.2%   122 1812s
 27198 20163 15313.7075   39  367 16283.8400 14628.9459  10.2%   122 1823s
 27263 20256 15719.8944   54  217 16283.8400 14629.0467  10.2%   123 1834s
 27338 20256 15182.0618   34  208 16283.8400 14629.0467  10.2%   123 1835s
 27385 20344 15338.9875   36  173 16283.8400 14629.1214  10.2%   123 1844s
 27405 20344 15826.5845   56  172 16283.8400 14629.1214  10.2%   123 1845s
 27485 20428 15021.9250   30  364 16283.8400 14629.1214  10.2%   123 1857s
 27583 20493 15911.8744   79   37 16283.8400 14629.2863  10.2%   124 1867s
 27662 20634 15215.2971   38  364 16283.8400 14629.9773  10.2%   124 1878s
 27826 20777 14789.4556   23  367 16283.8400 14630.3697  10.2%   124 1890s
 27969 20898 15327.9430   48  226 16283.8400 14630.7202  10.2%   124 1901s
 28115 21070     cutoff  117      16283.8400 14631.4838  10.1%   124 1914s
 28178 21073 15999.1900   93    - 16283.8400 14631.4838  10.1%   124 1915s
 28351 21138 16128.8458   93   27 16283.8400 14632.7084  10.1%   124 1926s
 28421 21294 15078.4219   43   38 16283.8400 14632.7084  10.1%   124 1942s
 28620 21414 15550.9428   72   42 16283.8400 14633.1068  10.1%   124 1956s
 28755 21531     cutoff  106      16283.8400 14633.2358  10.1%   124 1968s
 28885 21634 15283.9591   56  235 16283.8400 14634.3329  10.1%   125 1980s
 29028 21688 14920.6343   30  415 16283.8400 14634.3564  10.1%   125 1991s
 29076 21862 15442.6644   59  209 16283.8400 14635.2102  10.1%   125 2006s
 29296 21972 15395.5979   56   77 16283.8400 14635.6715  10.1%   125 2019s
 29336 21973 15524.1778  103    3 16283.8400 14635.6715  10.1%   125 2020s
 29405 22086 15887.0280   92   17 16283.8400 14636.4359  10.1%   125 2031s
 29558 22202     cutoff  122      16283.8400 14636.6987  10.1%   125 2044s
 29701 22279 16240.7118   90   53 16283.8400 14638.4481  10.1%   125 2055s
H29785 21263                    16171.540000 14638.4481  9.48%   126 2074s
 29805 21263 15480.0235   56   52 16171.5400 14638.4481  9.48%   126 2075s
 29832 21331 15602.1026   57   74 16171.5400 14638.7223  9.48%   126 2091s
H29906 19414                    16035.590000 14638.7223  8.71%   126 2092s
 29926 19441 14774.4258   27  519 16035.5900 14638.7347  8.71%   126 2102s
 29957 19515 15206.8965   41  218 16035.5900 14638.7347  8.71%   126 2115s
 30041 19587 15733.2191   78   91 16035.5900 14639.2805  8.71%   127 2127s
 30128 19794 15583.2303   62  201 16035.5900 14639.9979  8.70%   127 2145s
 30377 19885 15425.0283   52  143 16035.5900 14640.7832  8.70%   127 2160s
 30479 19938 14933.9435   41  403 16035.5900 14640.9320  8.70%   127 2173s
 30546 19993 15292.8598   57  447 16035.5900 14640.9320  8.70%   127 2185s
 30640 20073 15730.4135   75  298 16035.5900 14641.0032  8.70%   127 2197s
H30747 19487                    15995.430000 14641.2764  8.47%   127 2210s
 30859 19530 15841.9851   72  231 15995.4300 14641.5862  8.46%   128 2222s
 30911 19613 15111.5049   49  386 15995.4300 14641.5862  8.46%   128 2234s
 30942 19613 15485.5393   66  131 15995.4300 14641.5862  8.46%   128 2235s
 31008 19746 15495.9397   72   24 15995.4300 14643.0433  8.45%   128 2250s
 31159 19819     cutoff  157      15995.4300 14643.0507  8.45%   128 2263s
 31246 19876     cutoff  156      15995.4300 14644.0931  8.45%   128 2276s
H31247 19806                    15991.750000 14644.0931  8.43%   128 2276s
 31318 19864 15006.7104   38  227 15991.7500 14644.3063  8.43%   129 2289s
 31351 19864 15030.7016   31  287 15991.7500 14644.3063  8.43%   129 2290s
 31376 19968 15343.4643   50   75 15991.7500 14644.5832  8.42%   129 2303s
 31448 19969 14781.9880   36  441 15991.7500 14644.5832  8.42%   129 2305s
 31530 20015     cutoff   72      15991.7500 14644.9845  8.42%   129 2316s
 31586 20085 15049.8160   35  334 15991.7500 14645.2030  8.42%   130 2328s
 31683 20202 15340.4509   50  173 15991.7500 14645.4743  8.42%   130 2343s
 31828 20348     cutoff  117      15991.7500 14646.1782  8.41%   130 2357s
 32014 20435     cutoff  121      15991.7500 14646.6675  8.41%   130 2370s
H32123 20338                    15978.190000 14646.7871  8.33%   130 2382s
 32237 20371 14963.4088   32  296 15978.1900 14648.0993  8.32%   131 2398s
 32270 20414 15089.9571   35  265 15978.1900 14648.0993  8.32%   131 2410s
 32313 20482 14965.5408   36  280 15978.1900 14648.0993  8.32%   131 2422s
