




arguments: ./build/mirp_solver -f ./input/orig_exec_173.cfg
Current dir: /scratch/gui/bnc_mirp
File verbosity level: 9
date       time         ( uptime  ) [ thread name/id ]                   file:line     v| 
2021-01-10 04:47:39.729 (   0.022s) [main thread     ]             loguru.cpp:789   INFO| Logging to './output/vi_hc1_half/OU/V3/Original/execution_10_01_2021_04_47_39.log', mode: 'a', verbosity: 9
--------------------------------------------------------------------------------
Parameters
                           instance_path           ./input/Instances/Original/5/
                            model_policy                                       1
                             nb_vehicles                                       3
                              output_dir    ./output/vi_hc1_half/OU/V3/Original/
                            sec_strategy                                       1
                       solver_nb_threads                                       2
                         solver_show_log                                    true
                       solver_time_limit                                    3600
                              use_vi_cos                                   false
                              use_vi_cus                                   false
                         use_vi_hc1_full                                   false
                         use_vi_hc1_half                                    true
                      use_vi_hc1_quarter                                   false
                              use_vi_hc2                                   false
                              use_vi_hc3                                   false
                         use_vi_lex_full                                   false
                         use_vi_lex_half                                   false
                      use_vi_lex_quarter                                   false
                              use_vi_qua                                   false
                               use_vi_vc                                   false
                               use_vi_vr                                   false
--------------------------------------------------------------------------------
executing instance: ./input/Instances/Original/5/absH3low_4n50.dat
--------------------------------------------------------------------------------
Instance details
n	51
H	3
C	4066
Li:
[0, 0, 0, 0, 0, 0, 0, 0, 0, 0, 0, 0, 0, 0, 0, 0, 0, 0, 0, 0, 0, 0, 0, 0, 0, 0, 0, 0, 0, 0, 0, 0, 0, 0, 0, 0, 0, 0, 0, 0, 0, 0, 0, 0, 0, 0, 0, 0, 0, 0, 0, ]
Ui:
[0, 108, 126, 122, 66, 120, 48, 30, 128, 54, 158, 198, 36, 66, 210, 234, 147, 297, 171, 128, 116, 120, 219, 70, 294, 207, 134, 128, 234, 122, 22, 183, 195, 255, 132, 124, 66, 189, 219, 66, 128, 102, 288, 66, 87, 136, 36, 39, 282, 36, 237, ]
Distance matrix:
|0	210	444	498	509	104	438	228	487	304	456	434	526	476	163	47	293	396	293	290	313	85	280	437	293	336	409	106	449	376	433	478	193	404	404	534	278	181	380	507	189	438	263	473	353	216	202	218	452	254	465	|
|210	0	299	507	359	106	345	409	358	411	320	402	555	448	136	200	289	264	306	427	141	222	83	348	264	320	283	303	380	208	258	357	170	348	475	542	243	347	355	379	65	479	172	373	355	251	112	229	402	210	300	|
|444	299	0	363	65	358	116	542	66	440	26	241	425	272	282	407	251	51	276	490	159	397	224	124	217	237	48	490	170	99	83	74	261	180	430	385	214	479	231	85	270	390	184	116	271	300	409	276	210	215	54	|
|498	507	363	0	385	482	246	424	326	254	343	123	63	93	388	452	221	337	211	314	428	414	480	239	243	187	324	463	194	418	438	307	346	188	156	36	264	392	156	326	444	87	340	258	154	286	603	294	153	297	417	|
|509	359	65	385	0	422	145	602	59	492	59	269	448	292	348	472	305	115	329	545	218	462	281	152	274	286	106	554	192	153	116	78	326	216	472	403	274	540	271	63	334	425	249	127	316	361	468	337	233	278	69	|
|104	106	358	482	422	0	372	309	408	337	374	396	521	441	98	96	262	314	271	342	215	124	177	373	249	302	329	198	394	281	337	402	139	353	419	518	230	250	343	428	90	437	188	405	328	200	134	188	406	199	372	|
|438	345	116	246	145	372	0	485	87	357	97	126	309	155	279	394	180	101	200	414	223	373	288	8	157	150	84	459	53	188	196	68	245	72	328	269	165	427	128	97	297	280	184	36	175	250	456	233	94	184	170	|
|228	409	542	424	602	309	485	0	561	170	544	419	424	446	298	214	305	491	286	115	462	187	457	480	331	339	496	124	470	510	565	545	295	424	279	454	329	66	376	576	363	340	370	520	330	242	429	266	453	328	581	|
|487	358	66	326	59	408	87	561	0	441	40	211	389	233	324	446	258	95	281	497	220	431	287	95	230	234	79	522	133	164	146	19	297	160	415	344	233	500	215	21	323	367	224	68	261	320	470	299	174	242	106	|
|304	411	440	254	492	337	357	170	441	0	434	266	255	286	275	266	189	392	164	63	408	225	428	351	224	207	392	234	330	438	484	424	250	287	112	284	232	149	233	453	349	170	302	389	185	168	471	195	305	248	487	|
|456	320	26	343	59	374	97	544	40	434	0	223	406	252	294	418	247	60	271	487	181	405	247	105	215	229	49	498	149	124	109	48	270	165	419	364	215	482	218	60	288	375	194	92	261	302	431	279	190	220	75	|
|434	402	241	123	269	396	126	419	211	266	223	0	185	46	298	387	140	213	145	328	310	355	366	118	147	97	201	425	78	295	315	191	256	65	211	151	166	371	53	215	343	157	231	145	90	220	505	217	41	198	295	|
|526	555	425	63	448	521	309	424	389	255	406	185	0	156	430	481	266	398	252	310	485	442	534	301	293	237	386	480	257	478	500	370	390	249	145	55	313	401	212	389	491	89	392	321	201	322	646	334	216	345	479	|
|476	448	272	93	292	441	155	446	233	286	252	46	156	0	343	429	183	250	184	348	353	396	411	148	192	140	236	461	102	334	350	214	302	106	214	113	212	402	98	233	389	151	277	165	125	261	551	260	62	244	325	|
|163	136	282	388	348	98	279	298	324	275	294	298	430	343	0	124	167	234	178	296	167	121	162	279	151	205	247	216	297	224	280	316	42	256	340	423	132	232	246	344	74	349	100	314	233	115	216	97	308	101	307	|
|47	200	407	452	472	96	394	214	446	266	418	387	481	429	124	0	246	358	245	259	284	41	261	392	247	289	370	103	403	345	402	436	150	358	361	488	232	158	333	466	165	393	223	430	306	168	217	171	406	210	431	|
|293	289	251	221	305	262	180	305	258	189	247	140	266	183	167	246	0	204	26	240	238	215	276	175	37	43	203	289	169	255	297	242	125	122	202	257	52	248	87	272	225	191	134	215	67	80	382	77	163	81	298	|
|396	264	51	337	115	314	101	491	95	392	60	213	398	250	234	358	204	0	229	442	130	347	196	108	169	194	19	440	152	87	102	93	211	149	390	363	165	428	194	116	228	355	134	117	230	250	376	225	189	164	95	|
|293	306	276	211	329	271	200	286	281	164	271	145	252	184	178	245	26	229	0	216	262	212	297	195	63	53	228	280	184	280	323	264	138	137	178	248	76	232	95	294	241	173	156	234	60	77	395	83	172	102	324	|
|290	427	490	314	545	342	414	115	497	63	487	328	310	348	296	259	240	442	216	0	443	220	456	408	273	264	443	204	390	479	529	480	278	346	165	343	278	115	293	509	369	229	340	447	244	202	473	230	366	288	536	|
|313	141	159	428	218	215	223	462	220	408	181	310	485	353	167	284	238	130	262	443	0	288	67	228	202	252	149	382	267	67	122	221	168	247	440	459	186	396	273	241	125	423	107	245	291	242	251	214	297	162	160	|
|85	222	397	414	462	124	373	187	431	225	405	355	442	396	121	41	215	347	212	220	288	0	273	371	221	258	357	95	378	344	401	420	136	331	321	450	208	126	302	450	177	353	213	409	272	136	253	143	377	190	426	|
|280	83	224	480	281	177	288	457	287	428	247	366	534	411	162	261	276	196	297	456	67	273	0	292	243	298	215	363	329	128	176	288	179	305	475	513	224	392	324	307	96	466	143	311	335	261	187	235	357	195	219	|
|437	348	124	239	152	373	8	480	95	351	105	118	301	148	279	392	175	108	195	408	228	371	292	0	154	144	91	456	46	194	203	76	244	65	320	261	163	423	121	103	299	273	185	40	168	247	459	230	86	183	178	|
|293	264	217	243	274	249	157	331	230	224	215	147	293	192	151	247	37	169	63	273	202	221	243	154	0	57	170	303	157	217	260	215	110	111	238	278	21	271	94	245	201	223	100	193	92	93	362	78	160	54	263	|
|336	320	237	187	286	302	150	339	234	207	229	97	237	140	205	289	43	194	53	264	252	258	298	144	57	0	190	331	131	257	294	216	163	84	197	221	77	285	44	246	258	172	155	183	39	123	418	119	120	110	288	|
|409	283	48	324	106	329	84	496	79	392	49	201	386	236	247	370	203	19	228	443	149	357	215	91	170	190	0	449	136	105	114	75	221	138	384	349	168	434	185	99	245	346	146	98	224	255	394	231	174	171	99	|
|106	303	490	463	554	198	459	124	522	234	498	425	480	461	216	103	289	440	280	204	382	95	363	456	303	331	449	0	458	439	496	510	229	410	344	498	293	89	374	540	267	391	307	495	336	211	308	226	451	280	520	|
|449	380	170	194	192	394	53	470	133	330	149	78	257	102	297	403	169	152	184	390	267	378	329	46	157	131	136	458	0	238	249	114	259	47	287	216	171	416	96	137	327	235	211	67	145	247	488	235	41	197	223	|
|376	208	99	418	153	281	188	510	164	438	124	295	478	334	224	345	255	87	280	479	67	344	128	194	217	257	105	439	238	0	57	169	216	230	453	445	206	445	268	184	191	427	141	202	296	278	315	250	274	191	92	|
|433	258	83	438	116	337	196	565	146	484	109	315	500	350	280	402	297	102	323	529	122	401	176	203	260	294	114	496	249	57	0	157	271	252	490	463	251	499	296	162	247	457	195	199	331	329	362	302	288	241	47	|
|478	357	74	307	78	402	68	545	19	424	48	191	370	214	316	436	242	93	264	480	221	420	288	76	215	216	75	510	114	169	157	0	287	141	396	325	219	485	196	31	319	347	216	49	243	306	469	286	154	230	120	|
|193	170	261	346	326	139	245	295	297	250	270	256	390	302	42	150	125	211	138	278	168	136	179	244	110	163	221	229	259	216	271	287	0	216	305	382	91	229	204	316	105	310	78	280	192	83	257	60	268	62	292	|
|404	348	180	188	216	353	72	424	160	287	165	65	249	106	256	358	122	149	137	346	247	331	305	65	111	84	138	410	47	230	252	141	216	0	255	215	126	369	56	168	292	210	177	102	103	200	454	189	54	155	234	|
|404	475	430	156	472	419	328	279	415	112	419	211	145	214	340	361	202	390	178	165	440	321	475	320	238	197	384	344	287	453	490	396	305	255	0	181	254	261	201	422	410	69	335	353	160	225	551	246	252	280	482	|
|534	542	385	36	403	518	269	454	344	284	364	151	55	113	423	488	257	363	248	343	459	450	513	261	278	221	349	498	216	445	463	325	382	215	181	0	298	425	189	342	479	115	373	276	190	323	638	330	175	332	439	|
|278	243	214	264	274	230	165	329	233	232	215	166	313	212	132	232	52	165	76	278	186	208	224	163	21	77	168	293	171	206	251	219	91	126	254	298	0	267	114	250	181	242	82	202	112	88	341	68	177	33	258	|
|181	347	479	392	540	250	427	66	500	149	482	371	401	402	232	158	248	428	232	115	396	126	392	423	271	285	434	89	416	445	499	485	229	369	261	425	267	0	325	516	298	313	305	463	281	180	375	203	403	264	516	|
|380	355	231	156	271	343	128	376	215	233	218	53	212	98	246	333	87	194	95	293	273	302	324	121	94	44	185	374	96	268	296	196	204	56	201	189	114	325	0	224	294	161	185	157	49	167	455	163	78	147	284	|
|507	379	85	326	63	428	97	576	21	453	60	215	389	233	344	466	272	116	294	509	241	450	307	103	245	246	99	540	137	184	162	31	316	168	422	342	250	516	224	0	344	371	244	70	271	337	490	317	176	261	120	|
|189	65	270	444	334	90	297	363	323	349	288	343	491	389	74	165	225	228	241	369	125	177	96	299	201	258	245	267	327	191	247	319	105	292	410	479	181	298	294	344	0	414	116	328	291	187	163	165	345	147	282	|
|438	479	390	87	425	437	280	340	367	170	375	157	89	151	349	393	191	355	173	229	423	353	466	273	223	172	346	391	235	427	457	347	310	210	69	115	242	313	161	371	414	0	323	301	133	238	565	253	197	273	444	|
|263	172	184	340	249	188	184	370	224	302	194	231	392	277	100	223	134	134	156	340	107	213	143	185	100	155	146	307	211	141	195	216	78	177	335	373	82	305	185	244	116	323	0	217	192	138	278	110	230	55	214	|
|473	373	116	258	127	405	36	520	68	389	92	145	321	165	314	430	215	117	234	447	245	409	311	40	193	183	98	495	67	202	199	49	280	102	353	276	202	463	157	70	328	301	217	0	205	286	485	269	106	220	167	|
|353	355	271	154	316	328	175	330	261	185	261	90	201	125	233	306	67	230	60	244	291	272	335	168	92	39	224	336	145	296	331	243	192	103	160	190	112	281	49	271	291	133	192	205	0	138	449	141	123	145	323	|
|216	251	300	286	361	200	250	242	320	168	302	220	322	261	115	168	80	250	77	202	242	136	261	247	93	123	255	211	247	278	329	306	83	200	225	323	88	180	167	337	187	238	138	286	138	0	328	28	243	88	340	|
|202	112	409	603	468	134	456	429	470	471	431	505	646	551	216	217	382	376	395	473	251	253	187	459	362	418	394	308	488	315	362	469	257	454	551	638	341	375	455	490	163	565	278	485	449	328	0	313	508	308	406	|
|218	229	276	294	337	188	233	266	299	195	279	217	334	260	97	171	77	225	83	230	214	143	235	230	78	119	231	226	235	250	302	286	60	189	246	330	68	203	163	317	165	253	110	269	141	28	313	0	235	61	315	|
|452	402	210	153	233	406	94	453	174	305	190	41	216	62	308	406	163	189	172	366	297	377	357	86	160	120	174	451	41	274	288	154	268	54	252	175	177	403	78	176	345	197	230	106	123	243	508	235	0	207	264	|
|254	210	215	297	278	199	184	328	242	248	220	198	345	244	101	210	81	164	102	288	162	190	195	183	54	110	171	280	197	191	241	230	62	155	280	332	33	264	147	261	147	273	55	220	145	88	308	61	207	0	253	|
|465	300	54	417	69	372	170	581	106	487	75	295	479	325	307	431	298	95	324	536	160	426	219	178	263	288	99	520	223	92	47	120	292	234	482	439	258	516	284	120	282	444	214	167	323	340	406	315	264	253	0	|

--------------------------------------------------------------------------------
Building model...
	using lazy and cut (CVRPSEP package)
Solving IRP LP...
--------------------------------------------------------------------------------

Gurobi 9.1.0 (linux64) logging started Sun Jan 10 04:47:39 2021

Gurobi Optimizer version 9.1.0 build v9.1.0rc0 (linux64)
Thread count: 32 physical cores, 32 logical processors, using up to 2 threads
Optimize a model with 1569 rows, 12588 columns and 29928 nonzeros
Model fingerprint: 0xb26158df
Variable types: 654 continuous, 11934 integer (459 binary)
Coefficient statistics:
  Matrix range     [1e+00, 1e+03]
  Objective range  [1e-02, 6e+02]
  Bounds range     [1e+00, 3e+02]
  RHS range        [1e+01, 7e+03]
Presolve removed 242 rows and 528 columns
Presolve time: 0.06s
Presolved: 1327 rows, 12060 columns, 27649 nonzeros
Variable types: 582 continuous, 11478 integer (11037 binary)

Root relaxation: objective 3.383827e+03, 1534 iterations, 0.05 seconds

    Nodes    |    Current Node    |     Objective Bounds      |     Work
 Expl Unexpl |  Obj  Depth IntInf | Incumbent    BestBd   Gap | It/Node Time

     0     0 3383.82705    0  165          - 3383.82705      -     -    0s
     0     0 3643.46521    0  153          - 3643.46521      -     -    0s
     0     0 3656.84129    0  136          - 3656.84129      -     -    0s
     0     0 3656.94452    0  119          - 3656.94452      -     -    0s
     0     0 4310.80737    0  219          - 4310.80737      -     -    1s
     0     0 4395.58748    0  265          - 4395.58748      -     -    1s
     0     0 4398.33234    0  275          - 4398.33234      -     -    1s
     0     0 4398.57970    0  261          - 4398.57970      -     -    1s
     0     0 4487.80501    0  267          - 4487.80501      -     -    2s
     0     0 4511.92527    0  313          - 4511.92527      -     -    2s
     0     0 4517.34895    0  296          - 4517.34895      -     -    2s
     0     0 4523.56776    0  269          - 4523.56776      -     -    2s
     0     0 4534.41535    0  270          - 4534.41535      -     -    2s
     0     0 4545.93703    0  332          - 4545.93703      -     -    2s
     0     0 4554.41643    0  369          - 4554.41643      -     -    2s
     0     0 4555.22865    0  344          - 4555.22865      -     -    2s
     0     0 4612.30679    0  390          - 4612.30679      -     -    3s
     0     0 4623.04742    0  345          - 4623.04742      -     -    3s
     0     0 4623.89493    0  378          - 4623.89493      -     -    3s
     0     0 4646.96713    0  365          - 4646.96713      -     -    3s
     0     0 4655.13240    0  444          - 4655.13240      -     -    4s
     0     0 4658.01421    0  412          - 4658.01421      -     -    4s
     0     0 4659.38412    0  432          - 4659.38412      -     -    4s
     0     0 4672.86800    0  457          - 4672.86800      -     -    5s
     0     0 4676.26625    0  500          - 4676.26625      -     -    5s
     0     0 4676.54617    0  519          - 4676.54617      -     -    5s
     0     0 4684.82104    0  394          - 4684.82104      -     -    5s
     0     0 4688.46603    0  477          - 4688.46603      -     -    5s
     0     0 4689.45022    0  396          - 4689.45022      -     -    5s
     0     0 4694.74431    0  491          - 4694.74431      -     -    6s
     0     0 4694.74431    0  491          - 4694.74431      -     -    6s
     0     2 4701.37750    0  533          - 4701.37750      -     -    8s
    16    19 4760.13588    5  352          - 4745.88593      -   392   10s
    72    78 4995.46588   23  308          - 4745.88593      -   368   15s
   152   164 5513.67583   43  268          - 4745.88593      -   299   20s
   296   317 5715.64101   71  170          - 4745.88593      -   207   25s
   473   510 5970.02776   90  226          - 4745.88593      -   159   30s
   586   581 6267.30872  136  108          - 4745.88593      -   152   37s
   648   660 6785.15266  168  170          - 4745.88593      -   155   40s
   773   756 4800.11896   11  192          - 4745.88593      -   146   45s
   782   762 6334.12410  138  634          - 4745.88593      -   144   50s
   793   770 7179.14000  183  618          - 4748.22514      -   142   55s
   802   776 4788.29156    9  643          - 4758.57327      -   140   60s
   809   780 8202.33000  226  650          - 4761.20907      -   139   67s
   822   792 4794.42605   14  578          - 4773.39335      -   161   70s
   846   808 4869.85134   20  525          - 4777.94392      -   174   75s
   881   834 4982.74768   29  356          - 4777.94392      -   186   80s
   934   875 5173.36700   40  243          - 4777.94392      -   196   85s
  1023   952 5277.52867   52  205          - 4777.94392      -   200   91s
  1122  1032 5381.30040   66  107          - 4777.94392      -   195   95s
  1313  1141 5561.70146   85   82          - 4777.94392      -   179  101s
  1426  1146 5617.26729   92  167          - 4777.94392      -   170  106s
  1500  1179 5855.81869  122   34          - 4777.94392      -   169  110s
  1584  1311 6395.39123  162   82          - 4777.94392      -   165  115s
  1681  1321 7040.39000  209    -          - 4786.17294      -   158  120s
* 1735  1224             233    7862.9000000 4786.17294  39.1%   153  120s
  1743  1223 4938.34817   14  586 7862.90000 4786.17294  39.1%   157  136s
  1750  1230 5112.23090   17  512 7862.90000 4786.17294  39.1%   161  140s
  1767  1244 5230.35357   23  368 7862.90000 4786.17294  39.1%   167  145s
  1797  1265 5250.98859   28  397 7862.90000 4786.17294  39.1%   171  150s
  1826  1288 5333.95732   34  339 7862.90000 4786.17294  39.1%   174  155s
  1864  1321 5436.73489   36  191 7862.90000 4786.17294  39.1%   176  160s
  1917  1359 5468.00796   43  181 7862.90000 4786.17294  39.1%   178  166s
  1968  1383 5590.09519   51  168 7862.90000 4786.17294  39.1%   179  180s
  2022  1437 5606.30473   58  146 7862.90000 4786.17294  39.1%   178  186s
  2072  1462 5733.06271   67  116 7862.90000 4786.17294  39.1%   177  190s
  2134  1544 5860.00435   74   68 7862.90000 4786.17294  39.1%   175  197s
  2204  1588 6109.08426   80   78 7862.90000 4786.17294  39.1%   172  201s
  2272  1644 6266.82887   87   83 7862.90000 4786.17294  39.1%   170  205s
  2368  1637 6279.45842   94   60 7862.90000 4786.17294  39.1%   165  210s
  2386  1726 6375.05814  100   36 7862.90000 4786.17294  39.1%   164  215s
  2503  1782 6582.48153  116   12 7862.90000 4786.17294  39.1%   161  220s
H 2620  1744                    7694.8000000 4786.17294  37.8%   157  225s
  2664  1780 7394.93242  157   10 7694.80000 4787.58114  37.8%   158  231s
  2742  1765 4893.61762   15  677 7694.80000 4787.58114  37.8%   157  235s
  2771  1790 5164.04796   35  209 7694.80000 4787.58114  37.8%   160  242s
  2788  1787 5327.15108   46  142 7694.80000 4787.58114  37.8%   161  268s
  2790  1815 5346.79130   47  154 7694.80000 4787.58114  37.8%   161  272s
  2819  1852 5659.28974   70  107 7694.80000 4787.58114  37.8%   162  277s
  2866  1917 6037.09232  108  100 7694.80000 4794.45122  37.7%   161  283s
  2993  1923 7671.74000  192    - 7694.80000 4794.45144  37.7%   157  289s
  3017  1935     cutoff  192      7694.80000 4796.12989  37.7%   159  293s
  3038  1957 7670.46000  190    9 7694.80000 4796.22215  37.7%   161  298s
* 3043  1957             189    7693.1000000 4796.22215  37.7%   161  298s
  3066  1986 5037.68512   18  488 7693.10000 4796.22215  37.7%   163  302s
  3095  2027 5491.27326   22  430 7693.10000 4796.22215  37.7%   165  307s
  3136  2094 5460.81398   25  356 7693.10000 4796.22215  37.7%   167  313s
  3217  2233 5562.97053   26  261 7693.10000 4796.22215  37.7%   167  320s
  3349  2328 5603.87067   31  270 7693.10000 4796.22215  37.7%   164  327s
  3487  2360 5736.67697   42   85 7693.10000 4796.22215  37.7%   161  333s
  3511  2394 5859.49540   48   76 7693.10000 4796.22215  37.7%   163  338s
  3545  2434 5992.27805   55   80 7693.10000 4796.22215  37.7%   165  344s
  3577  2434 6017.09877   69   62 7693.10000 4796.22215  37.7%   166  345s
  3587  2485 6395.39590   68   56 7693.10000 4796.22215  37.7%   167  350s
  3637  2591 6362.79157   93   17 7693.10000 4796.22215  37.7%   169  358s
  3759  2635 7056.87888  104   57 7693.10000 4807.79971  37.5%   168  365s
  3816  2653     cutoff  142      7693.10000 4809.30631  37.5%   170  371s
  3835  2683 5272.79053   17  474 7693.10000 4809.30631  37.5%   172  377s
  3865  2733 5707.77770   29  268 7693.10000 4809.30631  37.5%   174  383s
  3915  2852 6068.47658   48  210 7693.10000 4809.30631  37.5%   175  391s
  4034  2972 7043.59754  101   80 7693.10000 4809.41849  37.5%   174  401s
  4214  2990 infeasible  151      7693.10000 4812.48595  37.4%   170  409s
  4220  2990     cutoff  123      7693.10000 4812.52728  37.4%   171  410s
  4226  2998 5150.28564   19  599 7693.10000 4812.52728  37.4%   173  416s
  4234  3033 5471.28114   23  504 7693.10000 4812.52728  37.4%   175  422s
  4269  3120 5971.35564   38  251 7693.10000 4812.52728  37.4%   177  430s
  4356  3270 6441.17373   78  135 7693.10000 4813.55143  37.4%   176  441s
  4545  3283     cutoff  163      7693.10000 4815.01444  37.4%   173  450s
  4556  3302 5311.90580   23  564 7693.10000 4816.19554  37.4%   176  459s
  4575  3332 5635.80506   28  403 7693.10000 4816.19554  37.4%   180  466s
  4605  3382 5640.89187   32  267 7693.10000 4816.19554  37.4%   182  474s
  4655  3485 5742.35626   40  284 7693.10000 4816.19554  37.4%   184  483s
  4744  3485 5932.92089   77  108 7693.10000 4816.19554  37.4%   185  485s
  4758  3693 5953.99167   55  110 7693.10000 4816.19554  37.4%   184  520s
  4986  3773 6230.78485   76    4 7693.10000 4816.25997  37.4%   180  535s
  5146  3851 6975.40656  110   67 7693.10000 4818.71480  37.4%   179  545s
  5233  3886     cutoff  138      7693.10000 4820.98193  37.3%   179  556s
  5279  4051 5093.12107   31  331 7693.10000 4821.15299  37.3%   181  567s
  5444  4156 6794.57847  125   40 7693.10000 4825.21497  37.3%   179  579s
  5478  4156 7418.87000  157    8 7693.10000 4825.21497  37.3%   178  580s
  5611  4218     cutoff  179      7693.10000 4827.68222  37.2%   177  591s
  5680  4357     cutoff  176      7693.10000 4827.97841  37.2%   178  605s
  5840  4436 5412.86001   24  354 7693.10000 4830.82732  37.2%   177  618s
  5921  4633 6446.18745   67  166 7693.10000 4832.80409  37.2%   178  630s
  6160  4757 5387.92630   29  334 7693.10000 4836.29434  37.1%   175  645s
  6293  4775 7498.36154  135   70 7693.10000 4836.29434  37.1%   175  660s
  6303  4894 7511.82933  136   73 7693.10000 4837.79958  37.1%   176  672s
  6438  5013     cutoff  152      7693.10000 4838.25445  37.1%   176  686s
  6558  5206 5613.74559   45  243 7693.10000 4838.26733  37.1%   177  700s
  6821  5241     cutoff  146      7693.10000 4845.35469  37.0%   174  716s
  6846  5271 5235.37611   21  560 7693.10000 4845.35653  37.0%   177  726s
  6876  5317 5047.69013   32  238 7693.10000 4845.35653  37.0%   179  738s
  6922  5376 5135.91100   40  238 7693.10000 4845.35653  37.0%   182  749s
  6977  5376 5309.24374   55  269 7693.10000 4845.35653  37.0%   184  750s
  6981  5469 5272.57773   52  107 7693.10000 4845.35653  37.0%   184  762s
  7074  5721 5469.72840   65   75 7693.10000 4845.35653  37.0%   186  777s
  7253  5721 6147.34805  110   49 7693.10000 4845.35653  37.0%   186  780s
  7333  5844 5842.63236   92   22 7693.10000 4847.38315  37.0%   185  800s
  7521  6015 6691.63951  128   40 7693.10000 4848.95791  37.0%   185  824s
  7558  6021 5220.03075   41  392 7693.10000 4848.95791  37.0%   186  825s
  7717  6087 7133.77881  134   51 7693.10000 4854.65843  36.9%   185  844s
  7805  6224 7515.42000  143   10 7693.10000 4855.15569  36.9%   187  864s
  7897  6226 6826.73474  111  108 7693.10000 4856.03950  36.9%   188  865s
  7959  6276 5174.70669   27  286 7693.10000 4856.03950  36.9%   188  883s
  8008  6402 5393.42997   38  290 7693.10000 4856.03950  36.9%   191  902s
  8134  6683 6018.65379   64   90 7693.10000 4856.23203  36.9%   193  929s
  8182  6683 6976.20470   85  167 7693.10000 4856.23203  36.9%   194  930s
  8452  6877     cutoff  114      7693.10000 4857.62342  36.9%   192  955s
  8672  6992 6950.06000  136   24 7693.10000 4858.77376  36.8%   191  978s
  8822  7041     cutoff  154      7693.10000 4859.21130  36.8%   191  997s
  8879  7125 5567.27424   28  411 7693.10000 4859.98890  36.8%   193 1017s
  8964  7312 6567.26190   90   52 7693.10000 4863.02681  36.8%   194 1039s
  9210  7355     cutoff  128      7693.10000 4866.53019  36.7%   193 1061s
  9253  7379 5101.72029   25  508 7693.10000 4867.66089  36.7%   195 1117s
  9276  7453 5205.94831   30  422 7693.10000 4867.66089  36.7%   197 1138s
  9350  7670 5393.56686   38  279 7693.10000 4867.66089  36.7%   200 1165s
  9597  7864 6342.93692   67   93 7693.10000 4868.84705  36.7%   200 1191s
  9834  8053 5517.72856   43  304 7693.10000 4869.85180  36.7%   199 1217s
 10081  8174 7515.85434  160   83 7693.10000 4869.99618  36.7%   197 1239s
 10103  8178 7567.34855  162   28 7693.10000 4869.99618  36.7%   197 1240s
 10243  8270     cutoff  167      7693.10000 4871.55431  36.7%   197 1259s
 10267  8270 5597.38521   41  281 7693.10000 4871.55431  36.7%   198 1260s
 10336  8421 6212.22374   61  134 7693.10000 4872.29727  36.7%   199 1282s
 10494  8421 7514.49425  138   46 7693.10000 4873.05992  36.7%   198 1285s
 10517  8510 5206.74996   29  499 7693.10000 4873.05992  36.7%   199 1305s
 10606  8657 5449.81293   45  273 7693.10000 4873.05992  36.7%   201 1328s
 10724  8658 5760.79301   73   55 7693.10000 4873.05992  36.7%   203 1330s
 10770  8880 6057.59434   75  144 7693.10000 4873.49326  36.7%   203 1352s
 10941  8885 6188.42334   84  127 7693.10000 4874.10093  36.6%   202 1355s
 11045  8964 infeasible  146      7693.10000 4874.15895  36.6%   201 1378s
 11137  9187     cutoff  148      7693.10000 4874.39132  36.6%   202 1403s
 11298  9200 7666.68500  156   29 7693.10000 4874.39132  36.6%   201 1405s
 11426  9288     cutoff  158      7693.10000 4875.82437  36.6%   201 1426s
 11525  9397 6189.10868   72   78 7693.10000 4876.07849  36.6%   202 1452s
 11651  9583     cutoff  133      7693.10000 4877.77269  36.6%   203 1478s
 11736  9583 6583.23799   89   70 7693.10000 4878.68519  36.6%   203 1480s
 11859  9698 6137.97706   73   54 7693.10000 4878.85458  36.6%   202 1502s
 12009  9801 7402.73000  128   42 7693.10000 4882.55930  36.5%   202 1525s
 12133  9885 5012.53849   39  350 7693.10000 4883.11138  36.5%   204 1559s
 12191  9889 7642.04206  124   41 7693.10000 4883.11138  36.5%   204 1560s
 12233 10098 5138.33785   52  295 7693.10000 4883.11138  36.5%   205 1586s
*12449  9539             141    7438.3700000 4883.11138  34.4%   204 1589s
 12459  9730 5787.08110   97  131 7438.37000 4883.89241  34.3%   204 1611s
 12680 10010     cutoff  152      7438.37000 4885.47037  34.3%   204 1645s
 13000 10254     cutoff  151      7438.37000 4888.36813  34.3%   203 1675s
 13338 10430 5832.39582   59  229 7438.37000 4889.84379  34.3%   201 1704s
 13386 10430 6513.92594  107   49 7438.37000 4889.84379  34.3%   201 1705s
 13494 10565 5231.15435   34  380 7438.37000 4890.04285  34.3%   202 1728s
 13579 10565 6900.69180  119   31 7438.37000 4890.04285  34.3%   201 1730s
 13664 10630 7194.76368  147   24 7438.37000 4890.49291  34.3%   202 1751s
 13739 10682 7284.95809  152   33 7438.37000 4891.63902  34.2%   203 1773s
 13821 10775 7411.86000  161    6 7438.37000 4892.49263  34.2%   204 1793s
 13926 10915     cutoff  166      7438.37000 4893.01941  34.2%   205 1816s
 14088 11028 5998.93209   70   40 7438.37000 4893.68218  34.2%   205 1840s
 14217 11296     cutoff  139      7438.37000 4893.82540  34.2%   206 1866s
 14553 11351 5058.81850   31  483 7438.37000 4895.55552  34.2%   204 1891s
 14589 11499 5265.96095   34  415 7438.37000 4895.55552  34.2%   205 1914s
 14629 11499 5656.65307   53  242 7438.37000 4895.55552  34.2%   206 1915s
 14756 11733 5643.06815   58  152 7438.37000 4897.46229  34.2%   206 1942s
 14933 11736 6264.88778  133   12 7438.37000 4897.46229  34.2%   205 1945s
 15086 11873 6993.70655  160   53 7438.37000 4898.51223  34.1%   205 1968s
 15223 12008     cutoff  175      7438.37000 4898.92109  34.1%   205 1992s
 15372 12082 infeasible  121      7438.37000 4899.82960  34.1%   205 2014s
 15390 12082 5167.23658   25  315 7438.37000 4899.82960  34.1%   206 2015s
 15469 12125 5175.12019   27  425 7438.37000 4899.97655  34.1%   207 2034s
 15485 12125 5236.17774   33  289 7438.37000 4899.97655  34.1%   207 2035s
 15512 12179 5347.43795   37  337 7438.37000 4899.97655  34.1%   208 2054s
 15566 12274 5497.15237   42  381 7438.37000 4899.97655  34.1%   211 2076s
 15661 12424 5711.14191   57  264 7438.37000 4899.97655  34.1%   212 2101s
 15847 12601 6058.04983   86   29 7438.37000 4901.51381  34.1%   213 2127s
 16015 12615 4990.45777   21  515 7438.37000 4901.51381  34.1%   212 2130s
 16074 12697     cutoff  167      7438.37000 4901.85203  34.1%   213 2152s
 16169 12847 5787.31794   51  138 7438.37000 4904.09314  34.1%   214 2175s
 16341 12996     cutoff  104      7438.37000 4905.00721  34.1%   214 2203s
 16557 13048 7409.96000  110    - 7438.37000 4905.53314  34.1%   214 2229s
 16603 13091     cutoff  110      7438.37000 4906.16389  34.0%   215 2251s
 16648 13227 5789.52438   50  150 7438.37000 4906.42904  34.0%   217 2415s
 16806 13277     cutoff  111      7438.37000 4906.60794  34.0%   217 2442s
 16887 13340 5562.51762   30  540 7438.37000 4906.73828  34.0%   218 2467s
 16947 13398 6457.19862   61  243 7438.37000 4908.85249  34.0%   219 2492s
 17034 13450 4976.90994   29  194 7438.37000 4909.75954  34.0%   220 2518s
 17086 13574 5163.26979   47  158 7438.37000 4909.75954  34.0%   222 2541s
 17210 13788 5556.67042   79   51 7438.37000 4910.12183  34.0%   224 2571s
 17467 13858 5083.96188   25  267 7438.37000 4910.31178  34.0%   224 2595s
 17531 14024 5410.59814   42  189 7438.37000 4911.40911  34.0%   226 2621s
 17758 14176 6407.27081   90   36 7438.37000 4911.46848  34.0%   226 2650s
 17904 14402 5879.53594   49  263 7438.37000 4912.70346  34.0%   227 2679s
 17936 14402 6243.42820   81   98 7438.37000 4912.70346  34.0%   227 2680s
 18201 14490     cutoff  128      7438.37000 4912.91051  34.0%   226 2706s
 18300 14616 5792.36282   38  403 7438.37000 4913.27876  33.9%   227 2731s
 18453 14739 infeasible  134      7438.37000 4914.65744  33.9%   227 2759s
 18612 14866 5263.72227   37  178 7438.37000 4915.67203  33.9%   227 2788s
 18727 15072 5722.83836   70   29 7438.37000 4916.20878  33.9%   228 2823s
 18759 15072 5854.01765   79   24 7438.37000 4916.20878  33.9%   228 2825s
 19039 15262 7181.05963  159   21 7438.37000 4917.44339  33.9%   227 2852s
 19232 15481     cutoff  171      7438.37000 4918.83264  33.9%   227 2881s
 19502 15544 5268.07758   30  270 7438.37000 4919.79276  33.9%   227 2906s
 19552 15748 6244.09783   48  228 7438.37000 4920.36645  33.9%   228 2935s
 19771 15985     cutoff  102      7438.37000 4921.39051  33.8%   228 2962s
 20080 16246 7216.39667  123   30 7438.37000 4923.47585  33.8%   227 2992s
 20411 16299 5069.60704   20  607 7438.37000 4924.19411  33.8%   226 3016s
 20439 16362 5313.48178   30  407 7438.37000 4924.19411  33.8%   227 3038s
 20502 16691 5470.47519   45   94 7438.37000 4924.19411  33.8%   228 3064s
 20534 16691 5610.03105   61  100 7438.37000 4924.19411  33.8%   229 3065s
 20838 16878 6288.27635   93   48 7438.37000 4925.09421  33.8%   228 3094s
 20870 16880 6419.21000  113    - 7438.37000 4925.09421  33.8%   228 3095s
 21079 16957     cutoff  141      7438.37000 4925.40372  33.8%   227 3121s
 21160 17014 6311.10899   47  250 7438.37000 4926.65712  33.8%   228 3144s
 21215 17014 5466.71279   44  279 7438.37000 4926.65712  33.8%   228 3145s
 21234 17183 5513.49072   46  329 7438.37000 4927.05424  33.8%   229 3167s
 21417 17309 5394.85333   33  287 7438.37000 4927.21607  33.8%   228 3197s
 21578 17378     cutoff  129      7438.37000 4927.62640  33.8%   229 3221s
 21645 17509 5593.52697   31  478 7438.37000 4927.62889  33.8%   230 3245s
 21800 17635 7150.81406  122   65 7438.37000 4928.14417  33.7%   230 3278s
 21934 17651 6507.86660   91   17 7438.37000 4928.18817  33.7%   230 3280s
 22019 17760     cutoff  133      7438.37000 4928.46603  33.7%   229 3306s
 22189 17889 6797.62000  108    - 7438.37000 4928.98265  33.7%   229 3333s
 22327 18008 5007.41650   27  537 7438.37000 4929.92540  33.7%   230 3359s
 22377 18008 6357.62711   69   52 7438.37000 4929.92540  33.7%   230 3360s
 22478 18128 5233.85877   35  393 7438.37000 4929.92540  33.7%   230 3383s
 22581 18138 6610.69141   94   23 7438.37000 4929.92540  33.7%   230 3385s
 22616 18268 5354.07239   51  217 7438.37000 4929.92540  33.7%   230 3410s
 22797 18426 5542.70177   63  311 7438.37000 4929.92540  33.7%   230 3435s
 22950 18549 6192.04423  116  110 7438.37000 4932.18527  33.7%   231 3463s
 23111 18585     cutoff  154      7438.37000 4932.95994  33.7%   231 3487s
 23151 18660 5323.14366   27  225 7438.37000 4933.16081  33.7%   232 3511s
 23253 18789 5902.03515   46  123 7438.37000 4933.64284  33.7%   233 3540s
 23402 18884 7071.02528   84   32 7438.37000 4933.69342  33.7%   233 3564s
 23450 18889 5321.91440   33  280 7438.37000 4933.69342  33.7%   233 3565s
 23530 19002 7213.93000  103    - 7438.37000 4933.99678  33.7%   233 3591s
 23679 19031     cutoff  128      7438.37000 4934.38784  33.7%   233 3600s

Cutting planes:
  User: 3034
  Gomory: 33
  Cover: 411
  Implied bound: 140
  Clique: 24
  MIR: 227
  Flow cover: 544
  Inf proof: 2
  Zero half: 43
  Network: 3
  RLT: 353
  Relax-and-lift: 14
  Lazy constraints: 6817

Explored 23707 nodes (5537157 simplex iterations) in 3600.36 seconds
Thread count was 2 (of 32 available processors)

Solution count 4: 7438.37 7693.1 7694.8 7862.9 

Time limit reached
Best objective 7.438370000000e+03, best bound 4.934387836850e+03, gap 33.6630%

User-callback calls 467745, time in user-callback 212.00 sec
================================================================================
executing instance: ./input/Instances/Original/5/absH3low_4n25.dat
--------------------------------------------------------------------------------
Instance details
n	26
H	3
C	2029
Li:
[0, 0, 0, 0, 0, 0, 0, 0, 0, 0, 0, 0, 0, 0, 0, 0, 0, 0, 0, 0, 0, 0, 0, 0, 0, 0, ]
Ui:
[0, 34, 165, 76, 88, 188, 58, 279, 52, 132, 198, 142, 135, 165, 186, 58, 201, 196, 40, 183, 32, 90, 168, 126, 93, 146, ]
Distance matrix:
|0	299	188	235	91	202	152	147	162	277	268	132	71	162	220	69	220	289	241	124	265	80	162	132	66	302	|
|299	0	468	431	282	142	317	425	443	569	193	178	359	302	422	231	93	28	511	325	457	242	434	215	240	601	|
|188	468	0	153	265	342	308	43	192	106	455	290	117	206	142	246	379	464	252	274	360	267	211	319	231	184	|
|235	431	153	0	326	289	386	145	321	240	482	269	184	129	15	258	339	436	393	355	477	305	336	354	237	334	|
|91	282	265	326	0	228	66	228	166	339	196	157	154	242	311	99	225	264	229	50	201	47	153	71	115	340	|
|202	142	342	289	228	0	285	301	363	447	255	73	245	161	281	139	53	151	440	278	428	181	360	187	136	495	|
|152	317	308	386	66	285	0	275	167	368	188	217	207	308	371	163	274	295	210	34	145	108	148	104	181	350	|
|147	425	43	145	228	301	275	0	179	146	415	248	76	172	131	203	337	421	248	242	341	227	195	279	188	211	|
|162	443	192	321	166	363	167	179	0	216	352	291	152	302	307	225	375	428	81	138	170	201	22	237	227	183	|
|277	569	106	240	339	447	368	146	216	0	535	391	210	312	232	341	481	562	245	335	381	352	238	402	329	106	|
|268	193	455	482	196	255	188	415	352	535	0	225	339	367	469	224	212	165	398	214	302	188	335	136	245	533	|
|132	178	290	269	157	73	217	248	291	391	225	0	183	145	258	66	91	175	367	207	358	110	287	127	67	431	|
|71	359	117	184	154	245	207	76	152	210	339	183	0	152	169	131	274	352	232	174	294	151	161	203	119	251	|
|162	302	206	129	242	161	308	172	302	312	367	145	152	0	120	153	210	308	383	284	426	208	309	249	132	383	|
|220	422	142	15	311	281	371	131	307	232	469	258	169	120	0	245	330	427	379	340	461	291	321	340	224	324	|
|69	231	246	258	99	139	163	203	225	341	224	66	131	153	245	0	152	222	301	147	299	57	221	97	22	371	|
|220	93	379	339	225	53	274	337	375	481	212	91	274	210	330	152	0	99	448	273	419	180	369	171	157	521	|
|289	28	464	436	264	151	295	421	428	562	165	175	352	308	427	222	99	0	493	305	434	227	418	196	234	590	|
|241	511	252	393	229	440	210	248	81	245	398	367	232	383	379	301	448	493	0	190	147	270	80	298	305	175	|
|124	325	274	355	50	278	34	242	138	335	214	207	174	284	340	147	273	305	190	0	152	97	122	110	162	320	|
|265	457	360	477	201	428	145	341	170	381	302	358	294	426	461	299	419	434	147	152	0	248	150	249	312	322	|
|80	242	267	305	47	181	108	227	201	352	188	110	151	208	291	57	180	227	270	97	248	0	192	52	76	366	|
|162	434	211	336	153	360	148	195	22	238	335	287	161	309	321	221	369	418	80	122	150	192	0	224	225	203	|
|132	215	319	354	71	187	104	279	237	402	136	127	203	249	340	97	171	196	298	110	249	52	224	0	118	409	|
|66	240	231	237	115	136	181	188	227	329	245	67	119	132	224	22	157	234	305	162	312	76	225	118	0	364	|
|302	601	184	334	340	495	350	211	183	106	533	431	251	383	324	371	521	590	175	320	322	366	203	409	364	0	|

--------------------------------------------------------------------------------
Building model...
	using lazy and cut (CVRPSEP package)
Solving IRP LP...
--------------------------------------------------------------------------------

Gurobi 9.1.0 (linux64) logging started Sun Jan 10 05:47:40 2021

Gurobi Optimizer version 9.1.0 build v9.1.0rc0 (linux64)
Thread count: 32 physical cores, 32 logical processors, using up to 2 threads
Optimize a model with 797 rows, 3488 columns and 8921 nonzeros
Model fingerprint: 0x7d2b1ad0
Variable types: 329 continuous, 3159 integer (234 binary)
Coefficient statistics:
  Matrix range     [1e+00, 7e+02]
  Objective range  [1e-02, 6e+02]
  Bounds range     [1e+00, 3e+02]
  RHS range        [2e+01, 3e+03]
Presolve removed 173 rows and 299 columns
Presolve time: 0.05s
Presolved: 624 rows, 3189 columns, 7719 nonzeros
Variable types: 253 continuous, 2936 integer (2712 binary)

Root relaxation: objective 2.382505e+03, 691 iterations, 0.01 seconds

    Nodes    |    Current Node    |     Objective Bounds      |     Work
 Expl Unexpl |  Obj  Depth IntInf | Incumbent    BestBd   Gap | It/Node Time

     0     0 2382.50453    0   82          - 2382.50453      -     -    0s
     0     0 2683.09575    0  110          - 2683.09575      -     -    0s
     0     0 2687.49352    0  102          - 2687.49352      -     -    0s
     0     0 2687.49472    0  104          - 2687.49472      -     -    0s
     0     0 2965.02444    0  105          - 2965.02444      -     -    0s
     0     0 3037.48168    0  132          - 3037.48168      -     -    0s
     0     0 3044.83479    0  116          - 3044.83479      -     -    0s
     0     0 3050.05496    0  168          - 3050.05496      -     -    0s
