




arguments: ./build/mirp_solver -f ./input/orig_exec_212.cfg
Current dir: /scratch/gui/bnc_mirp
File verbosity level: 9
date       time         ( uptime  ) [ thread name/id ]                   file:line     v| 
2021-01-10 11:28:10.640 (   0.055s) [main thread     ]             loguru.cpp:789   INFO| Logging to './output/vi_hc1_half/OU/V3/Original/execution_10_01_2021_11_28_10.log', mode: 'a', verbosity: 9
--------------------------------------------------------------------------------
Parameters
                           instance_path           ./input/Instances/Original/6/
                            model_policy                                       1
                             nb_vehicles                                       3
                              output_dir    ./output/vi_hc1_half/OU/V3/Original/
                            sec_strategy                                       1
                       solver_nb_threads                                       2
                         solver_show_log                                    true
                       solver_time_limit                                    3600
                              use_vi_cos                                   false
                              use_vi_cus                                   false
                         use_vi_hc1_full                                   false
                         use_vi_hc1_half                                    true
                      use_vi_hc1_quarter                                   false
                              use_vi_hc2                                   false
                              use_vi_hc3                                   false
                         use_vi_lex_full                                   false
                         use_vi_lex_half                                   false
                      use_vi_lex_quarter                                   false
                              use_vi_qua                                   false
                               use_vi_vc                                   false
                               use_vi_vr                                   false
--------------------------------------------------------------------------------
executing instance: ./input/Instances/Original/6/absH6high_1n25.dat
--------------------------------------------------------------------------------
Instance details
n	26
H	6
C	1711
Li:
[0, 0, 0, 0, 0, 0, 0, 0, 0, 0, 0, 0, 0, 0, 0, 0, 0, 0, 0, 0, 0, 0, 0, 0, 0, 0, ]
Ui:
[0, 168, 176, 34, 66, 36, 177, 106, 118, 182, 64, 141, 189, 63, 46, 111, 182, 231, 36, 66, 68, 54, 132, 90, 246, 75, ]
Distance matrix:
|0	191	200	231	334	329	146	196	208	245	218	164	283	394	151	358	156	196	309	253	201	260	127	138	130	104	|
|191	0	226	229	278	146	328	216	390	417	327	293	195	334	106	296	171	122	472	151	12	411	280	53	190	130	|
|200	226	0	38	149	359	321	10	276	274	418	364	139	204	121	173	321	115	303	141	225	236	155	202	311	256	|
|231	229	38	0	110	352	358	37	314	310	448	395	108	167	129	135	342	109	336	120	226	268	194	213	335	277	|
|334	278	149	110	0	367	467	147	422	413	546	495	86	61	203	25	423	163	429	129	271	363	303	282	424	361	|
|329	146	359	352	367	0	453	349	533	562	411	393	282	411	245	378	250	244	617	245	141	556	426	195	284	243	|
|146	328	321	358	467	453	0	321	162	215	160	112	425	524	297	491	223	341	284	397	339	266	186	276	184	210	|
|196	216	10	37	147	349	321	0	281	281	414	360	132	203	112	171	315	105	311	132	216	244	159	193	305	249	|
|208	390	276	314	422	533	162	281	0	54	321	271	410	471	316	445	348	348	123	398	398	115	125	338	313	309	|
|245	417	274	310	413	562	215	281	54	0	375	323	413	457	334	435	393	361	70	406	424	69	139	367	359	349	|
|218	327	418	448	546	411	160	414	321	375	0	57	484	606	347	569	163	393	444	446	339	421	318	288	137	199	|
|164	293	364	395	495	393	112	360	271	323	57	0	437	556	300	519	144	346	393	401	305	367	261	249	109	163	|
|283	195	139	108	86	282	425	132	410	413	484	437	0	139	137	101	349	91	443	44	187	375	286	206	355	291	|
|394	334	204	167	61	411	524	203	471	457	606	556	139	0	264	38	483	222	467	183	326	403	356	341	484	421	|
|151	106	121	129	203	245	297	112	316	334	347	300	137	264	0	225	220	46	381	102	106	316	195	84	221	158	|
|358	296	173	135	25	378	491	171	445	435	569	519	101	38	225	0	444	184	450	145	288	384	328	303	446	383	|
|156	171	321	342	423	250	223	315	348	393	163	144	349	483	220	444	0	261	460	308	183	415	284	143	39	65	|
|196	122	115	109	163	244	341	105	348	361	393	346	91	222	46	184	261	0	402	56	118	336	224	119	264	200	|
|309	472	303	336	429	617	284	311	123	70	444	393	443	467	381	450	460	402	0	442	477	68	192	424	426	413	|
|253	151	141	120	129	245	397	132	398	406	446	401	44	183	102	145	308	56	442	0	143	375	273	164	315	251	|
|201	12	225	226	271	141	339	216	398	424	339	305	187	326	106	288	183	118	477	143	0	416	286	63	202	142	|
|260	411	236	268	363	556	266	244	115	69	421	367	375	403	316	384	415	336	68	375	416	0	135	365	384	363	|
|127	280	155	194	303	426	186	159	125	139	318	261	286	356	195	328	284	224	192	273	286	135	0	232	256	229	|
|138	53	202	213	282	195	276	193	338	367	288	249	206	341	84	303	143	119	424	164	63	365	232	0	153	89	|
|130	190	311	335	424	284	184	305	313	359	137	109	355	484	221	446	39	264	426	315	202	384	256	153	0	64	|
|104	130	256	277	361	243	210	249	309	349	199	163	291	421	158	383	65	200	413	251	142	363	229	89	64	0	|

--------------------------------------------------------------------------------
Building model...
	using lazy and cut (CVRPSEP package)
Solving IRP LP...
--------------------------------------------------------------------------------

Gurobi 9.1.0 (linux64) logging started Sun Jan 10 11:28:11 2021

Gurobi Optimizer version 9.1.0 build v9.1.0rc0 (linux64)
Thread count: 32 physical cores, 32 logical processors, using up to 2 threads
Optimize a model with 1568 rows, 6950 columns and 17816 nonzeros
Model fingerprint: 0xf00645f3
Variable types: 632 continuous, 6318 integer (468 binary)
Coefficient statistics:
  Matrix range     [1e+00, 6e+02]
  Objective range  [1e-01, 6e+02]
  Bounds range     [1e+00, 2e+02]
  RHS range        [1e+01, 3e+03]
Presolve removed 290 rows and 551 columns
Presolve time: 0.07s
Presolved: 1278 rows, 6399 columns, 15568 nonzeros
Variable types: 530 continuous, 5869 integer (5424 binary)

Root relaxation: objective 1.362516e+04, 1657 iterations, 0.04 seconds

    Nodes    |    Current Node    |     Objective Bounds      |     Work
 Expl Unexpl |  Obj  Depth IntInf | Incumbent    BestBd   Gap | It/Node Time

     0     0 13625.1570    0  206          - 13625.1570      -     -    0s
     0     0 13856.8545    0  210          - 13856.8545      -     -    0s
     0     0 13881.4698    0  208          - 13881.4698      -     -    0s
     0     0 13892.3866    0  231          - 13892.3866      -     -    0s
     0     0 13896.4648    0  221          - 13896.4648      -     -    0s
     0     0 13897.9049    0  226          - 13897.9049      -     -    0s
     0     0 13898.0519    0  232          - 13898.0519      -     -    0s
     0     0 14726.2444    0  252          - 14726.2444      -     -    0s
     0     0 14872.3593    0  375          - 14872.3593      -     -    1s
     0     0 14892.1216    0  358          - 14892.1216      -     -    1s
     0     0 14892.8239    0  368          - 14892.8239      -     -    1s
     0     0 15220.9736    0  419          - 15220.9736      -     -    1s
     0     0 15242.5405    0  424          - 15242.5405      -     -    1s
     0     0 15243.7308    0  435          - 15243.7308      -     -    1s
     0     0 15380.7050    0  415          - 15380.7050      -     -    1s
     0     0 15456.6492    0  433          - 15456.6492      -     -    2s
     0     0 15484.5509    0  457          - 15484.5509      -     -    2s
     0     0 15492.5134    0  429          - 15492.5134      -     -    2s
     0     0 15493.4869    0  436          - 15493.4869      -     -    2s
     0     0 15598.6720    0  400          - 15598.6720      -     -    2s
     0     0 15611.6640    0  464          - 15611.6640      -     -    2s
     0     0 15612.0813    0  472          - 15612.0813      -     -    2s
     0     0 15621.8468    0  444          - 15621.8468      -     -    3s
     0     0 15621.8468    0  416          - 15621.8468      -     -    3s
     0     2 15622.0620    0  404          - 15622.0620      -     -    4s
     9    12 15759.7747    3  444          - 15649.1851      -   799    5s
    51    60 16122.2680   14  358          - 15695.4976      -   745   10s
   159   178 16694.9868   51  242          - 15695.4976      -   427   15s
   283   267 16299.7134    4  535          - 15695.4976      -   337   20s
   454   458 19061.3606  201   43          - 15761.8497      -   260   26s
   506   489 16368.4111    6  475          - 15761.8497      -   294   30s
   555   537 16678.4504   13  481          - 15761.8497      -   317   35s
   611   598 16809.1342   14  393          - 15761.8497      -   330   40s
   725   695 19119.2276  206  416          - 15761.8497      -   315   45s
   739   704 18317.6511   97  533          - 16239.7467      -   309   50s
   755   715 18517.6710  162  674          - 16278.3487      -   303   55s
   768   727 16287.6087   13  665          - 16284.4458      -   335   60s
   793   743 16494.8446   17  447          - 16340.1129      -   358   65s
   831   772 16450.3196   26  428          - 16340.1129      -   370   70s
   881   804 16552.1988   36  459          - 16340.1129      -   375   75s
   971   883 16805.2313   47  391          - 16340.1129      -   364   80s
  1095   971 17117.4185   60  317          - 16340.1129      -   342   85s
  1250  1101 17453.0401   79  190          - 16340.1129      -   316   90s
* 1410  1131             243    20718.880000 16340.1129  21.1%   290   93s
  1468  1082 18078.3439  104  204 20718.8800 16340.1129  21.1%   279   97s
  1517  1119 18470.5292  123  103 20718.8800 16340.1129  21.1%   275  100s
H 1572  1074                    20698.880000 16382.1621  20.9%   273  103s
  1584  1088 16594.3353   21  575 20698.8800 16382.1621  20.9%   276  105s
  1616  1106 16772.6828   27  518 20698.8800 16382.1621  20.9%   282  110s
  1648  1131 16799.8726   38  462 20698.8800 16382.1621  20.9%   286  115s
  1694  1166 16921.5050   52  342 20698.8800 16382.1621  20.9%   288  120s
  1742  1197 17117.2795   64  230 20698.8800 16382.1621  20.9%   289  125s
  1787  1238 17214.2003   71  144 20698.8800 16382.1621  20.9%   290  131s
  1830  1262 17622.4820   85  140 20698.8800 16382.1621  20.9%   288  135s
  1884  1334 17472.8940   96  136 20698.8800 16382.1621  20.9%   286  140s
  1988  1407 17850.9576  130   52 20698.8800 16382.1621  20.9%   279  145s
  2142  1562 18916.9455  169   71 20698.8800 16382.1621  20.9%   268  151s
* 2271  1496             194    19487.520000 16382.1815  15.9%   258  155s
  2404  1455 17024.8626   24  468 19487.5200 16382.1815  15.9%   250  160s
  2437  1485 17102.7944   27  451 19487.5200 16382.1815  15.9%   255  166s
  2455  1493 17280.2748   31  277 19487.5200 16382.1815  15.9%   256  170s
  2480  1514 17423.6982   34  243 19487.5200 16382.1815  15.9%   259  175s
H 2481  1344                    18841.700000 16382.1815  13.1%   259  175s
H 2525  1327                    18728.900000 16382.1815  12.5%   260  180s
  2566  1398 17578.1330   49  157 18728.9000 16382.1815  12.5%   262  186s
H 2632  1207                    18319.880000 16382.1815  10.6%   261  189s
  2638  1299 17783.2441   70  162 18319.8800 16382.1815  10.6%   261  192s
  2730  1360 18021.5004   96   83 18319.8800 16384.4728  10.6%   258  197s
  2841  1385 16675.8913   17  526 18319.8800 16405.7900  10.4%   254  200s
  2903  1500 17269.6777   52  197 18319.8800 16405.7900  10.4%   255  207s
  2981  1508 18189.2775  108   17 18319.8800 16405.7900  10.4%   252  211s
  3050  1537 16885.6503   26  388 18319.8800 16426.5101  10.3%   250  215s
  3119  1574 16935.2281   19  574 18319.8800 16426.5101  10.3%   253  222s
  3132  1593 16977.7420   23  397 18319.8800 16426.5101  10.3%   255  226s
  3187  1703 17155.7082   38  342 18319.8800 16426.5101  10.3%   257  234s
  3271  1720 17250.6584   41  364 18319.8800 16426.5101  10.3%   255  238s
  3288  1752 17347.7564   44  375 18319.8800 16426.5101  10.3%   257  242s
  3320  1788 17536.7804   52  318 18319.8800 16426.5101  10.3%   258  246s
  3356  1840 17782.1143   58  208 18319.8800 16426.5101  10.3%   259  251s
  3408  1949 18017.7387   71   61 18319.8800 16432.5911  10.3%   260  258s
  3545  1980 16746.5969   15  498 18319.8800 16432.5911  10.3%   256  264s
  3602  2014 17049.7972   29  400 18319.8800 16432.5911  10.3%   257  269s
  3636  2055 17839.4481   52  221 18319.8800 16439.0502  10.3%   258  273s
  3685  2098 16963.4506   18  563 18319.8800 16439.0502  10.3%   259  278s
  3742  2160 17445.4163   37  346 18319.8800 16440.4531  10.3%   259  285s
  3819  2184 16811.4369   13  566 18319.8800 16440.4531  10.3%   259  290s
  3843  2247 17120.9227   26  362 18319.8800 16452.3542  10.2%   260  296s
  3914  2269 17076.9188   13  512 18319.8800 16452.3542  10.2%   260  301s
  3948  2305 16976.4593   18  564 18319.8800 16452.3542  10.2%   262  307s
  3984  2337 17023.2550   24  352 18319.8800 16452.3542  10.2%   263  313s
  4025  2371 17206.2797   28  439 18319.8800 16452.3542  10.2%   264  318s
  4059  2449 17396.2077   37  397 18319.8800 16452.3542  10.2%   266  324s
  4149  2514 17649.1593   55  228 18319.8800 16452.3542  10.2%   266  331s
  4222  2562 18066.6532   86   92 18319.8800 16464.2628  10.1%   267  337s
  4290  2637 16979.5899   38  263 18319.8800 16464.2997  10.1%   267  345s
H 4353  2196                    18027.690000 16464.2997  8.67%   266  345s
  4381  2245 16974.7309   15  564 18027.6900 16464.2997  8.67%   267  353s
  4441  2307 17480.0456   27  475 18027.6900 16464.2997  8.67%   268  360s
  4535  2326     cutoff   56      18027.6900 16477.2628  8.60%   267  369s
H 4539  2280                    18001.610000 16477.2628  8.47%   267  369s
H 4548  1721                    17689.300000 16477.2628  6.85%   268  369s
  4562  1761 17164.3803   18  475 17689.3000 16477.2628  6.85%   268  376s
H 4600  1694                    17663.220000 16477.2628  6.71%   269  376s
  4615  1738     cutoff   29      17663.2200 16477.3024  6.71%   269  383s
  4674  1776 17415.5280   45  289 17663.2200 16479.0683  6.70%   271  391s
  4742  1835 17098.3403   40  301 17663.2200 16484.9169  6.67%   272  399s
  4828  1950 17061.4710   40  391 17663.2200 16485.0752  6.67%   273  408s
  4963  2027 17313.6694   33  217 17663.2200 16485.7885  6.67%   270  417s
  5061  2105 17246.4238   49  256 17663.2200 16488.1848  6.65%   270  426s
  5163  2186 16958.6061   42  235 17663.2200 16488.2000  6.65%   270  436s
  5244  2280 17465.9564   63  209 17663.2200 16489.1936  6.65%   272  445s
  5377  2341 17524.9540   58  261 17663.2200 16494.9454  6.61%   271  456s
  5469  2403 16800.2080   19  498 17663.2200 16501.2843  6.58%   273  466s
  5567  2478 16629.8032   25  391 17663.2200 16505.5815  6.55%   273  477s
  5669  2571 16905.1464   21  412 17663.2200 16510.3690  6.53%   274  489s
  5736  2571 16943.9179   22  510 17663.2200 16510.5342  6.53%   274  490s
  5793  2644 17212.5343   25  326 17663.2200 16521.0902  6.47%   275  500s
  5902  2710 infeasible   77      17663.2200 16535.2814  6.39%   276  513s
  5987  2782 16923.2614   32  491 17663.2200 16535.3588  6.39%   277  524s
  6069  2891 17222.2348   52  308 17663.2200 16538.2784  6.37%   279  536s
  6219  2986 17199.9545   30  271 17663.2200 16541.7322  6.35%   279  548s
  6338  3033 17625.9363   40  242 17663.2200 16547.0232  6.32%   279  560s
  6429  3084 17309.3295   36  276 17663.2200 16552.7146  6.29%   281  572s
  6515  3204 17047.5472   24  541 17663.2200 16553.7553  6.28%   282  585s
  6661  3269 17095.1995   22  498 17663.2200 16554.5134  6.28%   282  598s
  6749  3393 17253.0593   41  308 17663.2200 16556.6789  6.26%   283  610s
  6904  3474 17593.3363   77  202 17663.2200 16557.4770  6.26%   282  623s
  7021  3578 16888.7294   41  334 17663.2200 16560.1105  6.25%   283  636s
  7127  3688 17424.0238   66  325 17663.2200 16569.8989  6.19%   285  650s
  7340  3791 16812.4394   39  398 17663.2200 16572.4240  6.18%   282  666s
  7467  3889 17425.2656   36  456 17663.2200 16573.5563  6.17%   284  682s
  7598  4008 16846.1418   38  449 17663.2200 16577.1228  6.15%   285  698s
  7741  4133 17424.6065   60  100 17663.2200 16581.8632  6.12%   287  716s
  7901  4260 17126.0088   32  423 17663.2200 16588.2664  6.09%   288  734s
  7976  4260 17125.0517   64  318 17663.2200 16591.1481  6.07%   289  735s
  8096  4393     cutoff   49      17663.2200 16591.7746  6.07%   290  752s
H 8179  4392                    17662.630000 16591.7746  6.06%   291  753s
  8276  4551 17544.0389   54  200 17662.6300 16594.8083  6.05%   291  770s
  8501  4675 16893.0537   22  516 17662.6300 16598.7903  6.02%   289  787s
  8653  4811 17170.5901   51  358 17662.6300 16600.2269  6.01%   289  805s
  8840  4845 16811.9789   23  495 17662.6300 16602.5854  6.00%   289  872s
  8874  4962 17149.1197   40  261 17662.6300 16603.6976  6.00%   290  893s
  9044  5074 17037.3097   28  433 17662.6300 16607.4180  5.97%   291  912s
  9185  5138 16844.8357   15  548 17662.6300 16608.8086  5.97%   293  933s
H 9202  5068                    17635.680000 16608.8086  5.82%   294  933s
  9259  5196 17242.6272   23  477 17635.6800 16613.0433  5.80%   294  952s
  9439  5388 16876.9072   30  471 17635.6800 16615.4123  5.79%   295  973s
  9621  5388 17278.9771   56  257 17635.6800 16615.4123  5.79%   296  975s
  9659  5468 17377.4759   62  361 17635.6800 16618.7498  5.77%   296  991s
  9785  5576     cutoff   39      17635.6800 16621.8522  5.75%   298 1010s
  9939  5700 17327.3735   35  336 17635.6800 16623.4791  5.74%   299 1029s
 10003  5700 17239.4555   33  333 17635.6800 16623.4791  5.74%   300 1030s
 10111  5867 17344.1322   36  258 17635.6800 16628.0828  5.71%   300 1049s
 10209  5867 17447.5609   46  374 17635.6800 16628.0828  5.71%   300 1050s
 10333  5992 16837.9151   29  389 17635.6800 16631.4227  5.69%   300 1069s
 10417  5992 17560.8526   56  145 17635.6800 16633.5216  5.68%   300 1070s
 10504  6141 16923.7298   28  430 17635.6800 16636.6180  5.67%   301 1089s
 10598  6141 17539.6104   48  186 17635.6800 16636.6180  5.67%   301 1090s
 10706  6270 16866.3982   19  533 17635.6800 16641.0049  5.64%   301 1108s
 10879  6367 16831.7637   17  485 17635.6800 16643.3212  5.63%   302 1127s
 10992  6499 17202.6660   35  471 17635.6800 16643.7927  5.62%   304 1146s
 11166  6687 17013.5830   26  500 17635.6800 16644.2800  5.62%   305 1167s
 11406  6790 17124.9196   29  288 17635.6800 16644.9993  5.62%   304 1185s
 11538  6913 17590.7307   44  344 17635.6800 16645.4216  5.62%   306 1205s
 11693  7095 17492.0097   27  470 17635.6800 16647.4485  5.60%   307 1225s
 11938  7307 17313.0272   41  420 17635.6800 16649.2088  5.59%   306 1247s
 12196  7547 16828.2730   35  287 17635.6800 16652.4451  5.58%   305 1268s
 12519  7652 17496.3816   52  357 17635.6800 16655.5770  5.56%   303 1288s
 12648  7823 17279.0845   53  205 17635.6800 16656.9642  5.55%   305 1308s
 12895  7976 17161.9844   42  340 17635.6800 16659.0230  5.54%   304 1327s
H13011  7660                    17585.170000 16659.0230  5.27%   304 1328s
 13091  7865 16986.5562   33  396 17585.1700 16662.5662  5.25%   304 1347s
 13356  7979 16990.9029   23  498 17585.1700 16663.2726  5.24%   303 1366s
 13500  8143     cutoff   53      17585.1700 16664.2190  5.24%   304 1386s
 13725  8235 16848.3965   19  596 17585.1700 16667.9148  5.22%   304 1407s
H13784  8214                    17582.890000 16667.9148  5.20%   305 1407s
 13848  8428 17139.5258   49  179 17582.8900 16668.3577  5.20%   305 1426s
 14128  8558 17102.7387   31  440 17582.8900 16669.1947  5.20%   304 1446s
 14311  8682 17528.1686   47  423 17582.8900 16673.0202  5.17%   304 1466s
 14490  8807 17227.0026   43  283 17582.8900 16674.6123  5.17%   305 1486s
 14686  8915 16910.9277   21  454 17582.8900 16676.2590  5.16%   305 1506s
 14842  9092 17035.3545   29  475 17582.8900 16676.7664  5.15%   306 1525s
 15062  9230 16867.9005   29  383 17582.8900 16678.1444  5.15%   306 1545s
 15240  9357 16991.6066   50  391 17582.8900 16679.1245  5.14%   306 1563s
 15419  9455 17560.3088   33  382 17582.8900 16679.8063  5.14%   307 1582s
 15617  9548 17567.9439   45  256 17582.8900 16681.2170  5.13%   307 1600s
 15750  9716 17224.5895   36  414 17582.8900 16682.3044  5.12%   308 1620s
 15986  9866 17201.2791   32  415 17582.8900 16683.9720  5.11%   308 1640s
 16190 10015 17556.2334   61  270 17582.8900 16684.8700  5.11%   308 1660s
 16393 10156 17244.8030   32  333 17582.8900 16686.0869  5.10%   308 1679s
 16571 10156 17257.6673   38  340 17582.8900 16686.4275  5.10%   308 1680s
 16582 10308 17217.2568   36  360 17582.8900 16686.4275  5.10%   308 1697s
 16829 10423 17525.7894   57  149 17582.8900 16687.7536  5.09%   308 1717s
 17009 10580 17270.2220   49  281 17582.8900 16688.9788  5.08%   308 1736s
 17237 10692 17089.2352   31  555 17582.8900 16691.9948  5.07%   308 1755s
 17412 10855 17560.0157   36  300 17582.8900 16693.9639  5.06%   309 1774s
 17644 10962 17232.2608   30  445 17582.8900 16695.1434  5.05%   308 1794s
 17836 11120 16949.8958   32  368 17582.8900 16696.8138  5.04%   308 1813s
 18061 11120 17458.6776   81  172 17582.8900 16698.2681  5.03%   307 1815s
 18084 11261 17252.9586   49  258 17582.8900 16699.1828  5.03%   307 1833s
 18276 11405 16977.4371   27  441 17582.8900 16700.5745  5.02%   307 1852s
 18439 11526 17048.0445   34  515 17582.8900 16700.6586  5.02%   308 1871s
 18582 11656 17417.9113   65  411 17582.8900 16701.0334  5.02%   309 1889s
 18662 11656 17548.0490   79  139 17582.8900 16701.0334  5.02%   308 1890s
 18771 11789 16918.1687   29  385 17582.8900 16703.0286  5.00%   309 1908s
 18979 11926 16853.4938   34  352 17582.8900 16704.2919  5.00%   309 1927s
 19184 12119 17333.8253   37  269 17582.8900 16705.3236  4.99%   309 1947s
 19472 12218 16975.4616   24  413 17582.8900 16706.2369  4.99%   308 1968s
 19622 12398 17124.6220   33  502 17582.8900 16708.4926  4.97%   308 1988s
 19852 12557 16822.9844   36  413 17582.8900 16709.5240  4.97%   308 2008s
 20071 12724 17227.1555   36  316 17582.8900 16711.6846  4.95%   308 2028s
 20319 12852 16868.8668   20  510 17582.8900 16713.6778  4.94%   307 2048s
 20508 12994 17009.2283   29  318 17582.8900 16714.3313  4.94%   308 2068s
 20720 13142 17104.0603   32  414 17582.8900 16716.4519  4.93%   308 2088s
 20917 13350 16894.7030   29  440 17582.8900 16717.6201  4.92%   308 2108s
 21190 13543 16840.0191   22  500 17582.8900 16720.4596  4.90%   307 2128s
 21407 13712 17305.5347   66   90 17582.8900 16720.8723  4.90%   307 2148s
 21662 13917 17220.5034   56  421 17582.8900 16722.0866  4.90%   306 2169s
 21858 13917 17071.0929   43  345 17582.8900 16723.1320  4.89%   306 2170s
 21930 14022 16894.8354   21  506 17582.8900 16723.1320  4.89%   306 2189s
 21970 14022 17155.8645   44  220 17582.8900 16723.1320  4.89%   306 2190s
 22037 14130 17279.8391   50  275 17582.8900 16723.4350  4.89%   306 2208s
 22231 14278 16996.5994   18  525 17582.8900 16723.9910  4.88%   306 2228s
 22438 14433     cutoff   63      17582.8900 16724.6097  4.88%   306 2248s
 22646 14566 16845.0034   29  509 17582.8900 16725.2326  4.88%   306 2267s
 22835 14756 17259.5372   37  278 17582.8900 16725.7612  4.87%   306 2288s
 23090 14959 16834.3674   28  443 17582.8900 16727.0036  4.87%   306 2308s
 23348 15073 16872.1347   23  445 17582.8900 16727.6812  4.86%   305 2327s
 23502 15240     cutoff   41      17582.8900 16728.6929  4.86%   306 2346s
 23732 15437 17224.8840   36  317 17582.8900 16730.2122  4.85%   306 2366s
 23991 15551 17048.1877   30  527 17582.8900 16730.3775  4.85%   305 2386s
 24199 15673 16913.5554   30  445 17582.8900 16731.5603  4.84%   305 2405s
 24381 15813 17130.4460   26  321 17582.8900 16732.4260  4.84%   305 2424s
 24544 15990 17136.4685   34  518 17582.8900 16732.5791  4.84%   306 2442s
 24787 16128 17154.5261   51  325 17582.8900 16735.1494  4.82%   305 2461s
 24974 16319 17150.7875   41  329 17582.8900 16737.6207  4.81%   306 2481s
 25196 16488 17287.1198   52  279 17582.8900 16737.9641  4.81%   305 2500s
 25427 16660 17081.6410   37  374 17582.8900 16739.0823  4.80%   305 2519s
 25518 16660 17498.3449   51  207 17582.8900 16739.0823  4.80%   305 2520s
 25674 16818 17037.8124   36  387 17582.8900 16740.3663  4.79%   305 2538s
 25896 16980 17129.2526   40  265 17582.8900 16741.9123  4.78%   305 2557s
 26113 17240 16922.8045   31  433 17582.8900 16743.2992  4.78%   305 2578s
 26438 17391 16904.1371   31  305 17582.8900 16744.4490  4.77%   303 2597s
 26624 17572 17525.0984   44  359 17582.8900 16745.5265  4.76%   304 2622s
 26841 17666 17064.6266   30  363 17582.8900 16745.6736  4.76%   303 2649s
 26960 17803 16927.1370   24  510 17582.8900 16745.7130  4.76%   304 2673s
 27136 17912 17501.4448   57  307 17582.8900 16746.0010  4.76%   303 2692s
 27321 18049 17095.3758   38  276 17582.8900 16746.7259  4.76%   304 2712s
 27524 18187 17192.1351   30  510 17582.8900 16747.7697  4.75%   304 2731s
 27703 18305 17228.1600   37  245 17582.8900 16748.2430  4.75%   304 2749s
 27874 18487 16994.4087   35  416 17582.8900 16748.6144  4.74%   305 2769s
 28126 18615 17024.8645   19  494 17582.8900 16750.4456  4.73%   304 2788s
 28313 18762 17198.4373   41  248 17582.8900 16751.0139  4.73%   304 2808s
 28527 18875 17580.2539   56  333 17582.8900 16751.3374  4.73%   304 2827s
 28685 18990     cutoff   39      17582.8900 16751.8728  4.73%   305 2846s
 28864 19117 17502.2366   29  302 17582.8900 16752.9526  4.72%   305 2867s
 29046 19262 17235.9520   36  354 17582.8900 16753.1777  4.72%   306 2887s
 29255 19391 17348.3271   43  386 17582.8900 16753.3372  4.72%   306 2907s
 29472 19552 16970.2201   28  473 17582.8900 16753.9218  4.71%   306 2928s
 29687 19708 17046.7439   32  476 17582.8900 16754.3945  4.71%   306 2948s
 29913 19863 17168.6996   39  349 17582.8900 16754.8970  4.71%   306 2968s
 30130 20041 17096.4545   43  247 17582.8900 16755.6641  4.70%   306 2988s
 30367 20186     cutoff   31      17582.8900 16756.0654  4.70%   305 3009s
 30475 20186 17004.0290   40  306 17582.8900 16756.2366  4.70%   305 3010s
 30619 20373 17453.6869   47  271 17582.8900 16756.3265  4.70%   305 3029s
 30749 20373 16790.8816   22  566 17582.8900 16757.5426  4.69%   305 3030s
 30877 20537 17236.2569   35  416 17582.8900 16757.6674  4.69%   304 3049s
 30932 20537 17256.3864   36  207 17582.8900 16757.6674  4.69%   305 3050s
 31100 20656 17463.6028   39  421 17582.8900 16757.9859  4.69%   305 3070s
H31194 20353                    17562.890000 16757.9859  4.58%   305 3071s
 31264 20497 16996.9230   28  449 17562.8900 16758.5316  4.58%   305 3092s
 31468 20660 16886.4364   26  515 17562.8900 16759.4347  4.57%   305 3113s
 31724 20903     cutoff   52      17562.8900 16759.8690  4.57%   305 3134s
 31779 20903 17404.6684   67  119 17562.8900 16759.8690  4.57%   304 3135s
 32029 21103 17126.8013   28  367 17562.8900 16760.2231  4.57%   304 3155s
 32277 21266 17065.7796   42  356 17562.8900 16760.8377  4.57%   304 3174s
 32371 21266 17290.4122   54  192 17562.8900 16760.8377  4.57%   303 3175s
 32512 21363 17428.1514   51  196 17562.8900 16762.6221  4.56%   303 3195s
 32666 21519 16898.5517   19  611 17562.8900 16763.4040  4.55%   304 3215s
 32864 21817 17388.5827   50  387 17562.8900 16763.8761  4.55%   304 3237s
 33236 21999 17361.8789   38  364 17562.8900 16764.2164  4.55%   303 3259s
 33355 21999 17501.0272   68  175 17562.8900 16764.7594  4.54%   303 3260s
 33487 22186 17287.8475   50  439 17562.8900 16764.7777  4.54%   302 3281s
 33721 22346 17194.7748   51  253 17562.8900 16765.1717  4.54%   302 3302s
 33975 22506 17154.6196   37  350 17562.8900 16765.6465  4.54%   302 3321s
 34203 22751 17224.4221   44  209 17562.8900 16767.0709  4.53%   302 3344s
 34377 22751 17531.6193   57  108 17562.8900 16767.4440  4.53%   302 3345s
 34509 22845 17157.2970   24  420 17562.8900 16767.5012  4.53%   301 3364s
 34651 23047 17186.2466   39  324 17562.8900 16767.9083  4.53%   302 3384s
 34926 23206     cutoff   58      17562.8900 16768.4855  4.52%   302 3407s
 35170 23388 17461.4361   48  395 17562.8900 16768.9443  4.52%   301 3428s
 35407 23388 17063.7801   41  206 17562.8900 16769.2700  4.52%   301 3430s
 35415 23515     cutoff   48      17562.8900 16769.3962  4.52%   301 3449s
 35470 23515 17455.5524   77  201 17562.8900 16769.3962  4.52%   301 3450s
 35602 23654 17498.0302   44  439 17562.8900 16769.8371  4.52%   301 3471s
 35801 23778 17088.9121   28  465 17562.8900 16770.1478  4.51%   301 3491s
 35987 23974 17339.5021   48  192 17562.8900 16770.3317  4.51%   302 3512s
 36261 24142 17347.1166   46  319 17562.8900 16770.7673  4.51%   301 3533s
 36474 24392     cutoff   34      17562.8900 16770.9838  4.51%   301 3555s
 36817 24535 17186.9387   30  438 17562.8900 16771.7015  4.50%   300 3576s
 37037 24693 17103.3758   36  337 17562.8900 16772.5649  4.50%   300 3597s
 37278 24703     cutoff   47      17562.8900 16773.0271  4.50%   300 3600s

Cutting planes:
  User: 3810
  Gomory: 64
  Cover: 477
  Implied bound: 89
  Clique: 24
  MIR: 408
  StrongCG: 1
  Flow cover: 771
  GUB cover: 1
  Zero half: 20
  Network: 12
  RLT: 436
  Relax-and-lift: 18
  Lazy constraints: 374

Explored 37306 nodes (11204167 simplex iterations) in 3600.13 seconds
Thread count was 2 (of 32 available processors)

Solution count 10: 17562.9 17582.9 17585.2 ... 18319.9

Time limit reached
Best objective 1.756289000000e+04, best bound 1.677302712779e+04, gap 4.4973%

User-callback calls 327933, time in user-callback 184.40 sec
================================================================================
executing instance: ./input/Instances/Original/6/absH6high_1n20.dat
--------------------------------------------------------------------------------
Instance details
n	21
H	6
C	1651
Li:
[0, 0, 0, 0, 0, 0, 0, 0, 0, 0, 0, 0, 0, 0, 0, 0, 0, 0, 0, 0, 0, ]
Ui:
[0, 36, 182, 182, 90, 261, 117, 30, 110, 42, 276, 153, 40, 94, 144, 46, 129, 213, 264, 160, 174, ]
Distance matrix:
|0	371	401	343	361	341	370	115	392	400	79	266	292	245	355	431	265	194	95	92	348	|
|371	0	37	141	110	250	117	438	67	131	372	305	115	238	247	255	235	296	392	430	185	|
|401	37	0	175	100	284	146	472	90	156	406	342	152	275	280	282	242	333	415	455	178	|
|343	141	175	0	239	110	38	374	95	60	314	182	67	130	106	127	318	201	397	423	303	|
|361	110	100	239	0	341	222	451	177	240	385	374	190	304	341	361	151	345	354	398	78	|
|341	250	284	110	341	0	143	337	203	151	289	102	152	97	15	95	394	156	415	431	398	|
|370	117	146	38	222	143	0	407	61	30	346	220	81	167	137	139	317	237	417	447	292	|
|115	438	472	374	451	337	407	0	443	434	66	241	339	251	351	431	374	181	201	177	450	|
|392	67	90	95	177	203	61	443	0	66	379	275	104	216	197	193	294	283	427	461	252	|
|400	131	156	60	240	151	30	434	66	0	374	237	112	189	142	127	344	261	448	477	312	|
|79	372	406	314	385	289	346	66	379	374	0	202	275	197	304	383	316	134	175	166	388	|
|266	305	342	182	374	102	220	241	275	237	202	0	191	70	117	196	386	73	352	359	415	|
|292	115	152	67	190	152	81	339	104	112	275	191	0	123	154	193	252	183	336	366	246	|
|245	238	275	130	304	97	167	251	216	189	197	70	123	0	110	187	322	72	319	334	346	|
|355	247	280	106	341	15	137	351	197	142	304	117	154	110	0	80	399	171	427	444	400	|
|431	255	282	127	361	95	139	431	193	127	383	196	193	187	80	0	444	251	499	519	429	|
|265	235	242	318	151	394	317	374	294	344	316	386	252	322	399	444	0	332	226	273	97	|
|194	296	333	201	345	156	237	181	283	261	134	73	183	72	171	251	332	0	279	286	375	|
|95	392	415	397	354	415	417	201	427	448	175	352	336	319	427	499	226	279	0	47	321	|
|92	430	455	423	398	431	447	177	461	477	166	359	366	334	444	519	273	286	47	0	368	|
|348	185	178	303	78	398	292	450	252	312	388	415	246	346	400	429	97	375	321	368	0	|

--------------------------------------------------------------------------------
Building model...
	using lazy and cut (CVRPSEP package)
Solving IRP LP...
--------------------------------------------------------------------------------

Gurobi 9.1.0 (linux64) logging started Sun Jan 10 12:28:13 2021

Gurobi Optimizer version 9.1.0 build v9.1.0rc0 (linux64)
Thread count: 32 physical cores, 32 logical processors, using up to 2 threads
Optimize a model with 1257 rows, 4665 columns and 12255 nonzeros
Model fingerprint: 0xa21d54c2
Variable types: 507 continuous, 4158 integer (378 binary)
Coefficient statistics:
  Matrix range     [1e+00, 6e+02]
  Objective range  [1e-01, 5e+02]
  Bounds range     [1e+00, 3e+02]
  RHS range        [1e+01, 3e+03]
Presolve removed 237 rows and 441 columns
Presolve time: 0.05s
Presolved: 1020 rows, 4224 columns, 10437 nonzeros
Variable types: 430 continuous, 3794 integer (3444 binary)

Root relaxation: objective 1.300337e+04, 1503 iterations, 0.04 seconds

    Nodes    |    Current Node    |     Objective Bounds      |     Work
 Expl Unexpl |  Obj  Depth IntInf | Incumbent    BestBd   Gap | It/Node Time

     0     0 13003.3677    0  201          - 13003.3677      -     -    0s
     0     0 13205.9117    0  235          - 13205.9117      -     -    0s
     0     0 13245.4289    0  227          - 13245.4289      -     -    0s
     0     0 13246.2435    0  230          - 13246.2435      -     -    0s
     0     0 13620.5690    0  289          - 13620.5690      -     -    0s
     0     0 13683.8564    0  270          - 13683.8564      -     -    0s
     0     0 13692.0019    0  304          - 13692.0019      -     -    0s
     0     0 13694.8858    0  322          - 13694.8858      -     -    0s
     0     0 13720.6071    0  291          - 13720.6071      -     -    0s
     0     0 13726.6234    0  321          - 13726.6234      -     -    0s
     0     0 13727.7874    0  324          - 13727.7874      -     -    0s
     0     0 13728.4717    0  315          - 13728.4717      -     -    0s
     0     0 13728.6007    0  309          - 13728.6007      -     -    0s
     0     0 13888.4302    0  379          - 13888.4302      -     -    1s
     0     0 13942.4667    0  378          - 13942.4667      -     -    1s
     0     0 13949.7518    0  375          - 13949.7518      -     -    1s
     0     0 13952.0235    0  373          - 13952.0235      -     -    1s
     0     0 13956.9852    0  336          - 13956.9852      -     -    1s
     0     0 13962.5713    0  366          - 13962.5713      -     -    1s
     0     0 13964.1244    0  349          - 13964.1244      -     -    1s
     0     0 13965.4307    0  356          - 13965.4307      -     -    1s
     0     0 13965.8283    0  342          - 13965.8283      -     -    1s
     0     0 14044.0316    0  366          - 14044.0316      -     -    1s
     0     0 14051.2131    0  367          - 14051.2131      -     -    1s
     0     0 14067.7203    0  360          - 14067.7203      -     -    1s
     0     0 14077.6315    0  403          - 14077.6315      -     -    1s
     0     0 14080.8414    0  402          - 14080.8414      -     -    1s
     0     0 14081.0526    0  404          - 14081.0526      -     -    1s
     0     0 14122.2154    0  422          - 14122.2154      -     -    2s
     0     0 14135.8543    0  383          - 14135.8543      -     -    2s
     0     0 14140.3969    0  354          - 14140.3969      -     -    2s
     0     0 14140.7896    0  380          - 14140.7896      -     -    2s
     0     0 14155.1261    0  324          - 14155.1261      -     -    2s
     0     0 14158.9487    0  344          - 14158.9487      -     -    2s
     0     0 14162.4857    0  339          - 14162.4857      -     -    2s
     0     0 14164.2087    0  355          - 14164.2087      -     -    2s
     0     0 14164.8534    0  375          - 14164.8534      -     -    2s
     0     0 14166.4224    0  422          - 14166.4224      -     -    2s
     0     0 14166.4224    0  410          - 14166.4224      -     -    2s
     0     2 14166.7205    0  404          - 14166.7205      -     -    3s
    22    25 14270.0553    8  464          - 14184.4978      -   597    5s
    86    92 14781.7210   27  293          - 14184.4978      -   601   10s
   206   220 15528.2929   63  181          - 14184.4978      -   429   15s
   468   527 18419.2450  164   73          - 14184.4978      -   270   20s
   751   709 14762.4967    4  443          - 14222.1109      -   199   25s
   778   725 17647.2437  133  521          - 14493.8361      -   196   30s
   803   743 17502.9203  130  563          - 14506.7498      -   205   35s
   839   771 14705.7664   30  386          - 14554.0732      -   231   40s
   942   841 14888.8131   56  402          - 14554.0732      -   242   45s
  1053   927 15522.4210   87  249          - 14554.0732      -   248   50s
  1214  1045 16476.8469  140  232          - 14554.0732      -   248   55s
  1407  1209 18250.3609  214  123          - 14554.0732      -   236   60s
  1596  1246 14761.5344   31  429          - 14558.7563      -   225   65s
  1699  1325 14875.9639   34  414          - 14558.7563      -   226   70s
  1947  1438 14927.4348   42  384          - 14558.7563      -   211   75s
* 1954  1390             317    21332.140000 14558.7563  31.8%   211   76s
  1973  1376 14987.9548   43  383 21332.1400 14558.7563  31.8%   212   80s
H 1974  1336                    21160.900000 14558.7563  31.2%   212   80s
  1996  1363 15180.4717   48  391 21160.9000 14558.7563  31.2%   216   85s
  2056  1404 15388.4805   61  301 21160.9000 14558.7563  31.2%   221   90s
  2134  1469 15877.8309   75  249 21160.9000 14558.7563  31.2%   225   95s
  2223  1537 16327.1837   92  191 21160.9000 14558.7563  31.2%   226  100s
  2333  1603 16734.5510  115  228 21160.9000 14558.7563  31.2%   226  106s
  2404  1683 17201.3609  129  132 21160.9000 14558.7563  31.2%   226  111s
  2531  1744 18387.6258  145  151 21160.9000 14558.7563  31.2%   222  117s
  2580  1822 18468.4519  149  128 21160.9000 14558.7563  31.2%   221  120s
  2898  1956 19828.9398  196   37 21160.9000 14558.7563  31.2%   205  129s
  2900  2037 19763.5935  196   37 21160.9000 14558.7563  31.2%   205  133s
H 2985  2025                    20354.580000 14558.7563  28.5%   200  133s
  3018  2022     cutoff  199      20354.5800 14560.2298  28.5%   199  137s
  3111  2051 15042.7538   32  371 20354.5800 14562.7818  28.5%   199  141s
  3147  2094 15435.2996   41  329 20354.5800 14562.7818  28.5%   202  145s
  3188  2119 15717.9429   52  309 20354.5800 14562.7818  28.5%   204  150s
  3198  2124 15674.0714   53  338 20354.5800 14562.7818  28.5%   207  155s
  3218  2174 15809.9723   61  311 20354.5800 14562.7818  28.5%   208  160s
  3256  2218 16159.4917   74  272 20354.5800 14562.7818  28.5%   209  165s
  3364  2388 16712.3978   96  201 20354.5800 14562.7818  28.5%   210  172s
  3467  2639 17247.1790  116  139 20354.5800 14562.7818  28.5%   208  178s
  3751  2722 19936.8510  170   47 20354.5800 14606.1524  28.2%   197  183s
  3868  2806 15118.0456   30  462 20354.5800 14606.1524  28.2%   196  195s
  4308  3138 17403.7134   81  172 20354.5800 14606.2388  28.2%   181  205s
  4486  3281 15520.1540   39  382 20354.5800 14611.6452  28.2%   180  213s
  4664  3313 14750.9704   28  467 20354.5800 14621.4280  28.2%   178  217s
  4682  3344 15415.1429   38  358 20354.5800 14621.4280  28.2%   179  220s
  4751  3433 15837.8701   55  265 20354.5800 14621.4280  28.2%   184  227s
  4802  3521 16013.9096   69  210 20354.5800 14621.4280  28.2%   185  232s
  4890  3628 16429.1871   94   30 20354.5800 14623.6468  28.2%   187  237s
  5037  3834 17764.5037  124   22 20354.5800 14632.6172  28.1%   186  243s
  5313  3961     cutoff  158      20354.5800 14634.8949  28.1%   181  249s
  5418  3961 19941.9361  156   11 20354.5800 14634.9059  28.1%   181  250s
  5507  4115 17370.2336   74  204 20354.5800 14644.2243  28.1%   183  258s
  5639  4195     cutoff  141      20354.5800 14665.7893  27.9%   182  264s
