




arguments: ./build/mirp_solver -f ./input/orig_exec_95.cfg
Current dir: /scratch/gui/bnc_mirp
File verbosity level: 9
date       time         ( uptime  ) [ thread name/id ]                   file:line     v| 
2021-01-09 18:48:16.994 (   0.064s) [main thread     ]             loguru.cpp:789   INFO| Logging to './output/vi_hc1_half/OU/V3/Original/execution_09_01_2021_18_48_16.log', mode: 'a', verbosity: 9
--------------------------------------------------------------------------------
Parameters
                           instance_path           ./input/Instances/Original/3/
                            model_policy                                       1
                             nb_vehicles                                       3
                              output_dir    ./output/vi_hc1_half/OU/V3/Original/
                            sec_strategy                                       1
                       solver_nb_threads                                       2
                         solver_show_log                                    true
                       solver_time_limit                                    3600
                              use_vi_cos                                   false
                              use_vi_cus                                   false
                         use_vi_hc1_full                                   false
                         use_vi_hc1_half                                    true
                      use_vi_hc1_quarter                                   false
                              use_vi_hc2                                   false
                              use_vi_hc3                                   false
                         use_vi_lex_full                                   false
                         use_vi_lex_half                                   false
                      use_vi_lex_quarter                                   false
                              use_vi_qua                                   false
                               use_vi_vc                                   false
                               use_vi_vr                                   false
--------------------------------------------------------------------------------
executing instance: ./input/Instances/Original/3/absH3low_2n5.dat
--------------------------------------------------------------------------------
Instance details
n	6
H	3
C	237
Li:
[0, 0, 0, 0, 0, 0, ]
Ui:
[0, 93, 180, 51, 114, 24, ]
Distance matrix:
|0	170	318	35	112	235	|
|170	0	311	205	258	301	|
|318	311	0	326	278	137	|
|35	205	326	0	89	230	|
|112	258	278	89	0	160	|
|235	301	137	230	160	0	|

--------------------------------------------------------------------------------
Building model...
	using lazy and cut (CVRPSEP package)
Solving IRP LP...
--------------------------------------------------------------------------------

Gurobi 9.1.0 (linux64) logging started Sat Jan  9 18:48:17 2021

Gurobi Optimizer version 9.1.0 build v9.1.0rc0 (linux64)
Thread count: 32 physical cores, 32 logical processors, using up to 2 threads
Optimize a model with 177 rows, 258 columns and 831 nonzeros
Model fingerprint: 0x3f31213d
Variable types: 69 continuous, 189 integer (54 binary)
Coefficient statistics:
  Matrix range     [1e+00, 2e+02]
  Objective range  [1e-02, 3e+02]
  Bounds range     [1e+00, 2e+02]
  RHS range        [1e+01, 5e+02]
Presolve removed 66 rows and 84 columns
Presolve time: 0.01s
Presolved: 111 rows, 174 columns, 497 nonzeros
Variable types: 39 continuous, 135 integer (97 binary)
Found heuristic solution: objective 2240.8300000

Root relaxation: objective 7.313254e+02, 142 iterations, 0.00 seconds

    Nodes    |    Current Node    |     Objective Bounds      |     Work
 Expl Unexpl |  Obj  Depth IntInf | Incumbent    BestBd   Gap | It/Node Time

     0     0  731.32536    0   29 2240.83000  731.32536  67.4%     -    0s
     0     0 1099.83777    0   32 2240.83000 1099.83777  50.9%     -    0s
H    0     0                    1850.9400000 1099.83777  40.6%     -    0s
     0     0 1099.92490    0   31 1850.94000 1099.92490  40.6%     -    0s
     0     0 1364.86156    0   52 1850.94000 1364.86156  26.3%     -    0s
H    0     0                    1831.1800000 1364.86156  25.5%     -    0s
     0     0 1371.34480    0   54 1831.18000 1371.34480  25.1%     -    0s
     0     0 1371.56623    0   54 1831.18000 1371.56623  25.1%     -    0s
     0     0 1547.40503    0   39 1831.18000 1547.40503  15.5%     -    0s
     0     0 1548.16294    0   39 1831.18000 1548.16294  15.5%     -    0s
     0     0 1573.97285    0   41 1831.18000 1573.97285  14.0%     -    0s
     0     0 1585.85741    0   41 1831.18000 1585.85741  13.4%     -    0s
     0     0 1602.56900    0   41 1831.18000 1602.56900  12.5%     -    0s
     0     0 1603.97902    0   40 1831.18000 1603.97902  12.4%     -    0s
     0     0 1604.13629    0   44 1831.18000 1604.13629  12.4%     -    0s
     0     0 1616.54952    0   30 1831.18000 1616.54952  11.7%     -    0s
H    0     0                    1779.2100000 1616.54952  9.14%     -    0s
     0     0 1620.27049    0   56 1779.21000 1620.27049  8.93%     -    0s
     0     0 1620.41360    0   52 1779.21000 1620.41360  8.93%     -    0s
     0     0 1632.78827    0   45 1779.21000 1632.78827  8.23%     -    0s
     0     0 1634.95443    0   51 1779.21000 1634.95443  8.11%     -    0s
     0     0 1664.11272    0   42 1779.21000 1664.11272  6.47%     -    0s
     0     0 1664.94032    0   47 1779.21000 1664.94032  6.42%     -    0s
     0     0 1664.96026    0   61 1779.21000 1664.96026  6.42%     -    0s
     0     0 1666.33950    0   59 1779.21000 1666.33950  6.34%     -    0s
     0     0 1668.11168    0   44 1779.21000 1668.11168  6.24%     -    0s
H    0     0                    1720.8300000 1668.11168  3.06%     -    0s
     0     0 1668.11168    0   26 1720.83000 1668.11168  3.06%     -    0s
     0     0 1668.11168    0   37 1720.83000 1668.11168  3.06%     -    0s
     0     0 1668.11168    0   34 1720.83000 1668.11168  3.06%     -    0s
     0     0 1668.11168    0   35 1720.83000 1668.11168  3.06%     -    0s
     0     0 1668.11168    0   39 1720.83000 1668.11168  3.06%     -    0s
     0     0 1668.11168    0   41 1720.83000 1668.11168  3.06%     -    0s
     0     0 1668.26263    0   33 1720.83000 1668.26263  3.05%     -    0s
     0     0 1668.43938    0   49 1720.83000 1668.43938  3.04%     -    0s
     0     0 1670.70290    0   47 1720.83000 1670.70290  2.91%     -    0s
     0     0 1671.94097    0   43 1720.83000 1671.94097  2.84%     -    0s
     0     0 1675.94388    0   21 1720.83000 1675.94388  2.61%     -    0s
     0     0 1677.24643    0   39 1720.83000 1677.24643  2.53%     -    0s
     0     0 1677.24643    0   39 1720.83000 1677.24643  2.53%     -    0s
     0     0 1677.24643    0   14 1720.83000 1677.24643  2.53%     -    0s
     0     0 1677.24643    0   23 1720.83000 1677.24643  2.53%     -    0s
     0     0 1677.24643    0   31 1720.83000 1677.24643  2.53%     -    0s
     0     0 1686.10361    0   23 1720.83000 1686.10361  2.02%     -    0s
     0     0 1686.87040    0   32 1720.83000 1686.87040  1.97%     -    0s
     0     0 1688.98557    0   32 1720.83000 1688.98557  1.85%     -    0s
     0     0 1690.42236    0   38 1720.83000 1690.42236  1.77%     -    0s
     0     0 1693.13781    0   34 1720.83000 1693.13781  1.61%     -    0s
     0     0 1693.26833    0   34 1720.83000 1693.26833  1.60%     -    0s
     0     0 1694.43699    0   40 1720.83000 1694.43699  1.53%     -    0s
     0     0 1705.24577    0   30 1720.83000 1705.24577  0.91%     -    0s

Cutting planes:
  User: 1
  Cover: 8
  Implied bound: 1
  Clique: 1
  MIR: 7
  Flow cover: 7
  RLT: 9

Explored 1 nodes (1315 simplex iterations) in 0.28 seconds
Thread count was 2 (of 32 available processors)

Solution count 5: 1720.83 1779.21 1831.18 ... 2240.83

Optimal solution found (tolerance 1.00e-04)
Best objective 1.720830000000e+03, best bound 1.720830000000e+03, gap 0.0000%

User-callback calls 408, time in user-callback 0.01 sec
================================================================================
executing instance: ./input/Instances/Original/3/absH3high_5n30.dat
--------------------------------------------------------------------------------
Instance details
n	31
H	3
C	2296
Li:
[0, 0, 0, 0, 0, 0, 0, 0, 0, 0, 0, 0, 0, 0, 0, 0, 0, 0, 0, 0, 0, 0, 0, 0, 0, 0, 0, 0, 0, 0, 0, ]
Ui:
[0, 80, 90, 297, 28, 264, 123, 192, 112, 32, 72, 88, 294, 129, 126, 105, 110, 237, 246, 92, 72, 147, 54, 96, 128, 96, 84, 28, 74, 196, 192, ]
Distance matrix:
|0	87	302	65	389	171	219	120	412	339	129	63	169	401	383	158	393	161	246	275	64	287	345	235	13	274	106	201	85	358	135	|
|87	0	334	128	402	212	301	204	465	384	187	145	232	424	454	238	475	245	289	352	80	307	352	321	81	352	20	261	170	376	215	|
|302	334	0	239	113	132	237	334	157	70	404	263	162	105	227	229	339	251	65	217	259	53	107	352	293	220	339	134	270	75	235	|
|65	128	239	0	330	107	175	130	348	275	174	40	107	339	326	114	351	125	181	224	58	228	290	222	58	224	143	138	65	297	92	|
|389	402	113	330	0	226	349	438	210	151	502	360	269	48	316	339	441	362	175	328	335	102	55	465	377	330	401	245	371	37	342	|
|171	212	132	107	226	0	169	214	253	173	276	134	64	233	261	130	326	153	77	188	133	125	192	264	162	190	220	68	145	193	125	|
|219	301	237	175	349	169	0	157	257	223	244	157	105	334	180	62	175	61	177	63	233	264	334	118	221	61	317	112	136	312	85	|
|120	204	334	130	438	214	157	0	402	348	88	90	173	438	336	115	307	100	269	220	172	338	406	122	130	218	224	204	69	403	101	|
|412	465	157	348	210	253	257	402	0	88	486	359	245	166	129	287	266	303	178	204	386	208	239	370	406	207	473	212	354	187	304	|
|339	384	70	275	151	173	223	348	88	0	427	291	179	120	166	234	290	254	96	187	306	123	166	342	332	190	391	145	291	119	247	|
|129	187	404	174	502	276	244	88	486	427	0	142	248	508	424	200	390	187	342	308	193	400	464	192	142	306	207	281	136	469	182	|
|63	145	263	40	360	134	157	90	359	291	142	0	114	366	321	95	331	99	202	212	90	258	323	186	65	211	163	148	27	327	72	|
|169	232	162	107	269	64	105	173	245	179	248	114	0	266	222	71	268	94	97	131	155	173	244	203	164	132	245	34	113	233	73	|
|401	424	105	339	48	233	334	438	166	120	508	366	266	0	280	332	409	355	169	305	353	117	96	452	391	308	425	237	374	49	339	|
|383	454	227	326	316	261	180	336	129	166	424	321	222	280	0	231	137	238	208	116	376	277	331	272	381	118	467	197	307	285	253	|
|158	238	229	114	339	130	62	115	287	234	200	95	71	332	231	0	238	23	164	118	171	243	314	134	159	117	255	95	77	302	23	|
|393	475	339	351	441	326	175	307	266	290	390	331	268	409	137	238	0	232	300	138	408	383	445	204	395	136	492	258	308	406	260	|
|161	245	251	125	362	153	61	100	303	254	187	99	94	355	238	23	232	0	187	123	183	267	338	111	164	121	262	117	77	325	34	|
|246	289	65	181	175	77	177	269	178	96	342	202	97	169	208	164	300	187	0	168	210	87	157	290	238	171	296	70	206	138	170	|
|275	352	217	224	328	188	63	220	204	187	308	212	131	305	116	118	138	123	168	0	279	255	322	166	275	3	367	120	195	291	141	|
|64	80	259	58	335	133	233	172	386	306	193	90	155	353	376	171	408	183	210	279	0	236	289	276	51	279	90	182	117	307	150	|
|287	307	53	228	102	125	264	338	208	123	400	258	173	117	277	243	383	267	87	255	236	0	71	374	276	257	308	153	270	71	245	|
|345	352	107	290	55	192	334	406	239	166	464	323	244	96	331	314	445	338	157	322	289	71	0	445	334	325	350	224	337	54	315	|
|235	321	352	222	465	264	118	122	370	342	192	186	203	452	272	134	204	111	290	166	276	374	445	0	243	164	341	221	159	428	142	|
|13	81	293	58	377	162	221	130	406	332	142	65	164	391	381	159	395	164	238	275	51	276	334	243	0	274	100	196	89	347	136	|
|274	352	220	224	330	190	61	218	207	190	306	211	132	308	118	117	136	121	171	3	279	257	325	164	274	0	367	122	194	294	140	|
|106	20	339	143	401	220	317	224	473	391	207	163	245	425	467	255	492	262	296	367	90	308	350	341	100	367	0	272	188	377	232	|
|201	261	134	138	245	68	112	204	212	145	281	148	34	237	197	95	258	117	70	120	182	153	224	221	196	122	272	0	146	208	103	|
|85	170	270	65	371	145	136	69	354	291	136	27	113	374	307	77	308	77	206	195	117	270	337	159	89	194	188	146	0	337	54	|
|358	376	75	297	37	193	312	403	187	119	469	327	233	49	285	302	406	325	138	291	307	71	54	428	347	294	377	208	337	0	306	|
|135	215	235	92	342	125	85	101	304	247	182	72	73	339	253	23	260	34	170	141	150	245	315	142	136	140	232	103	54	306	0	|

--------------------------------------------------------------------------------
Building model...
	using lazy and cut (CVRPSEP package)
Solving IRP LP...
--------------------------------------------------------------------------------

Gurobi 9.1.0 (linux64) logging started Sat Jan  9 18:48:17 2021

Gurobi Optimizer version 9.1.0 build v9.1.0rc0 (linux64)
Thread count: 32 physical cores, 32 logical processors, using up to 2 threads
Optimize a model with 949 rows, 4858 columns and 12118 nonzeros
Model fingerprint: 0x9c49e12a
Variable types: 394 continuous, 4464 integer (279 binary)
Coefficient statistics:
  Matrix range     [1e+00, 8e+02]
  Objective range  [1e-01, 5e+02]
  Bounds range     [1e+00, 3e+02]
  RHS range        [1e+01, 4e+03]
Presolve removed 216 rows and 370 columns
Presolve time: 0.07s
Presolved: 733 rows, 4488 columns, 10638 nonzeros
Variable types: 285 continuous, 4203 integer (3927 binary)

Root relaxation: objective 8.925026e+03, 750 iterations, 0.02 seconds

    Nodes    |    Current Node    |     Objective Bounds      |     Work
 Expl Unexpl |  Obj  Depth IntInf | Incumbent    BestBd   Gap | It/Node Time

     0     0 8925.02585    0  109          - 8925.02585      -     -    0s
     0     0 9242.96316    0  130          - 9242.96316      -     -    0s
     0     0 9259.61832    0  107          - 9259.61832      -     -    0s
     0     0 9259.72486    0  114          - 9259.72486      -     -    0s
     0     0 9750.42250    0  162          - 9750.42250      -     -    0s
     0     0 9773.61209    0  214          - 9773.61209      -     -    0s
     0     0 9780.57603    0  186          - 9780.57603      -     -    0s
     0     0 9780.80594    0  183          - 9780.80594      -     -    0s
     0     0 9843.10581    0  218          - 9843.10581      -     -    0s
     0     0 9843.79599    0  204          - 9843.79599      -     -    0s
     0     0 9890.53473    0  249          - 9890.53473      -     -    0s
     0     0 9892.66799    0  279          - 9892.66799      -     -    0s
     0     0 9892.95475    0  286          - 9892.95475      -     -    0s
     0     0 9909.93381    0  257          - 9909.93381      -     -    0s
     0     0 9912.98284    0  314          - 9912.98284      -     -    0s
     0     0 9913.41892    0  343          - 9913.41892      -     -    0s
     0     0 9923.80903    0  170          - 9923.80903      -     -    1s
     0     0 9928.23352    0  220          - 9928.23352      -     -    1s
     0     0 9930.42928    0  241          - 9930.42928      -     -    1s
     0     0 9930.47819    0  245          - 9930.47819      -     -    1s
     0     0 9932.45952    0  306          - 9932.45952      -     -    1s
     0     0 9932.45952    0  256          - 9932.45952      -     -    1s
     0     2 9933.92860    0  203          - 9933.92860      -     -    1s
   123   130 10567.5973   36  105          - 9936.62643      -   187    5s
*  537   491             189    13069.100000 9936.85295  24.0%  84.1    9s
   544   492 10051.1680    3  331 13069.1000 9936.85295  24.0%  85.6   10s
   695   668 10291.5899   12  279 13069.1000 9936.85295  24.0%  82.6   15s
H  726   637                    12997.700000 9936.85295  23.5%  80.0   16s
H  752   621                    12749.600000 10025.7955  21.4%  77.2   19s
   756   624 12079.7925  146  415 12749.6000 10026.0819  21.4%  76.8   20s
   780   640 10262.8600   19  407 12749.6000 10044.4759  21.2%  74.4   25s
H  794   615                    12372.720000 10048.5375  18.8%  73.1   27s
   802   620 11068.5440   54  430 12372.7200 10048.8996  18.8%  72.4   30s
H  805   592                    12352.120000 10048.8996  18.6%  80.4   30s
H  819   571                    12275.120000 10049.9846  18.1%  79.0   33s
   831   579 10668.2328   41  447 12275.1200 10050.7539  18.1%  77.9   35s
H  843   557                    12270.120000 10060.7273  18.0%  76.8   38s
   846   559 11791.0619   86  447 12270.1200 10060.7273  18.0%  76.5   40s
H  846   532                    12201.560000 10060.7273  17.5%  81.8   40s
H  872   524                    12200.680000 10108.0530  17.2%  90.6   44s
   875   525 10150.0554   32  337 12200.6800 10108.0530  17.2%  91.5   45s
   932   569 10304.0204   48  274 12200.6800 10108.0530  17.2%   105   50s
  1052   652 10549.1018   85  117 12200.6800 10108.0530  17.2%   116   55s
  1163   717 10710.3385  115  181 12200.6800 10108.0530  17.2%   127   60s
  1247   777 10887.5768  137  156 12200.6800 10108.0530  17.2%   134   65s
  1427   919 11197.4733  186  166 12200.6800 10108.0530  17.2%   137   70s
  1541   999 11406.5827  219  151 12200.6800 10108.0530  17.2%   138   75s
  1693  1068 11114.1723  204  145 12200.6800 10108.0530  17.2%   139   80s
  1803  1123 10325.8394   34  288 12200.6800 10109.4879  17.1%   140   85s
  1894  1213 10441.2474   41  225 12200.6800 10109.4879  17.1%   140   91s
  1968  1200 10548.0050   49  253 12200.6800 10109.4879  17.1%   139   98s
  2007  1230 10789.6713   60  241 12200.6800 10109.4879  17.1%   141  101s
  2052  1267 10916.3997   74  187 12200.6800 10109.4879  17.1%   144  105s
  2120  1339 11036.0645   96   41 12200.6800 10109.4879  17.1%   145  110s
  2218  1413 11339.7396  131   39 12200.6800 10109.4879  17.1%   145  115s
  2402  1653 11797.8332  204   28 12200.6800 10109.4879  17.1%   140  123s
  2622  1758 12061.0550  273   14 12200.6800 10142.2214  16.9%   132  126s
  2759  1906 10406.5229   30  216 12200.6800 10142.2214  16.9%   128  130s
  3039  2039 10510.6175   43  124 12200.6800 10142.2214  16.9%   120  137s
  3083  2138 10622.1358   61   85 12200.6800 10142.2214  16.9%   121  140s
  3188  2394 10888.7955   82   28 12200.6800 10144.3212  16.9%   119  145s
  3502  2541     cutoff  240      12200.6800 10145.5854  16.8%   111  150s
  3792  2754 10827.6694   77  101 12200.6800 10146.8906  16.8%   108  157s
  3945  2797 infeasible  160      12200.6800 10153.9394  16.8%   106  160s
  4163  2964 10279.0582   34  270 12200.6800 10154.0458  16.8%   105  169s
  4165  3125 10312.3769   35  249 12200.6800 10154.0458  16.8%   105  172s
  4326  3245 10615.0789   53  207 12200.6800 10154.0458  16.8%   103  177s
  4476  3341 12010.8800  135   43 12200.6800 10166.7302  16.7%   102  181s
  4621  3528 12150.1278  141   45 12200.6800 10167.5166  16.7%   101  186s
  4803  3615 10555.1313   51  209 12200.6800 10167.5166  16.7%  99.2  190s
  4900  3662 11125.1426   99   37 12200.6800 10167.5166  16.7%  99.2  195s
  5024  3925 11832.2149  200   38 12200.6800 10185.5825  16.5%  98.5  200s
  5302  4045 11111.5253   89   21 12200.6800 10186.8917  16.5%  96.1  205s
  5581  4295 12022.4200  168    7 12200.6800 10188.5621  16.5%  94.8  214s
  5671  4354 12129.6943  171   32 12200.6800 10197.3413  16.4%  95.6  218s
  5754  4413     cutoff  185      12200.6800 10197.6585  16.4%  96.6  222s
  5824  4534 11080.4465   54  126 12200.6800 10213.5897  16.3%  97.9  229s
  5962  4693 10263.3129   32  307 12200.6800 10214.7827  16.3%  97.7  234s
  6006  4693 11033.7629   76   23 12200.6800 10214.7827  16.3%  97.7  235s
  6152  4775 10467.8604   35  358 12200.6800 10214.9858  16.3%  97.3  240s
  6224  5059 10637.4598   46  172 12200.6800 10214.9858  16.3%  98.4  245s
  6551  5120 11188.6298  180   24 12200.6800 10216.3297  16.3%  96.0  252s
  6631  5293 10656.6745   49  296 12200.6800 10217.2078  16.3%  96.6  257s
  6815  5353 10393.3613   34  355 12200.6800 10217.3901  16.3%  95.9  262s
  6877  5444 10564.4380   43  260 12200.6800 10217.3901  16.3%  97.0  268s
  6972  5590 10648.8947   50  265 12200.6800 10217.3901  16.3%  96.9  274s
  7090  5590 11592.3216  140   31 12200.6800 10217.3901  16.3%  97.1  275s
  7150  5832 11021.2303   70   93 12200.6800 10220.0397  16.2%  97.0  281s
  7432  6038 10458.9626   35  258 12200.6800 10222.0844  16.2%  96.0  288s
  7669  6184 10344.5345   28  309 12200.6800 10222.2767  16.2%  95.7  295s
  7852  6277     cutoff  102      12200.6800 10223.3779  16.2%  95.9  303s
  7970  6465     cutoff  101      12200.6800 10226.1124  16.2%  96.4  309s
  8174  6712 11571.9844  127   37 12200.6800 10228.7299  16.2%  96.4  316s
  8475  6776 12099.5200   97    6 12200.6800 10231.8104  16.1%  95.3  323s
  8539  7021 10668.5080   54  151 12200.6800 10235.0380  16.1%  96.7  330s
  8865  7306     cutoff  178      12200.6800 10236.0300  16.1%  95.5  337s
  9183  7469 10807.2306  154   81 12200.6800 10236.9840  16.1%  94.1  345s
  9392  7578     cutoff  192      12200.6800 10238.6678  16.1%  93.9  351s
  9519  7693 11624.3782   98   49 12200.6800 10240.8363  16.1%  94.4  358s
  9680  7773 10527.0615   39   89 12200.6800 10242.3929  16.1%  94.4  364s
  9751  7903 11650.5648   63  139 12200.6800 10243.2171  16.0%  95.4  374s
  9927  8076     cutoff   88      12200.6800 10247.2750  16.0%  95.5  380s
 10124  8281 12134.9080  101   10 12200.6800 10250.1755  16.0%  95.4  390s
 10366  8413     cutoff  103      12200.6800 10252.6469  16.0%  94.8  396s
 10528  8535     cutoff  112      12200.6800 10254.2403  16.0%  95.0  408s
 10663  8769 11110.1688   49  177 12200.6800 10255.0699  15.9%  95.6  415s
 10944  8923 11914.9985   73   54 12200.6800 10255.7099  15.9%  94.8  422s
 11136  9072     cutoff  127      12200.6800 10258.2223  15.9%  94.8  429s
 11187  9072 12037.3486   82   62 12200.6800 10258.2223  15.9%  95.0  430s
 11304  9274 10421.1845   35  262 12200.6800 10259.7236  15.9%  95.1  436s
 11567  9384     cutoff  108      12200.6800 10261.8511  15.9%  94.6  443s
 11674  9594 11059.8603  109  125 12200.6800 10262.0487  15.9%  95.1  450s
 11904  9784 10927.6546   60   67 12200.6800 10262.2736  15.9%  94.8  457s
 12132  9969     cutoff  140      12200.6800 10264.0048  15.9%  94.6  464s
 12208  9969 11070.4087  108  122 12200.6800 10264.0048  15.9%  94.5  465s
 12327 10071 10491.4686   35  238 12200.6800 10265.3052  15.9%  94.5  471s
 12447 10138 10681.6572   42  235 12200.6800 10265.3052  15.9%  94.7  476s
 12521 10260 10960.4379   55   80 12200.6800 10265.3052  15.9%  95.5  482s
 12658 10496 10972.7569   82   40 12200.6800 10265.3052  15.9%  95.8  489s
 12734 10496 11049.7971  120   73 12200.6800 10265.3052  15.9%  96.0  490s
 12893 10697 11099.0244  146   87 12200.6800 10267.9638  15.8%  95.9  497s
 13149 10909 infeasible  217      12200.6800 10272.2836  15.8%  95.4  504s
 13194 10909 10718.9945   73  126 12200.6800 10272.2836  15.8%  95.5  505s
 13366 11072 11965.8696  131   67 12200.6800 10273.4426  15.8%  95.1  511s
 13585 11109 10563.8882   34  277 12200.6800 10274.4895  15.8%  94.8  521s
 13618 11219 10732.4737   38  183 12200.6800 10274.4895  15.8%  95.3  526s
 13738 11327 11026.6931   45  160 12200.6800 10274.4895  15.8%  95.3  532s
 13856 11531 11365.9761   62  100 12200.6800 10275.3946  15.8%  95.8  539s
 13990 11534 11117.8933   86   31 12200.6800 10275.5702  15.8%  96.0  540s
 14086 11671     cutoff   83      12200.6800 10276.1053  15.8%  95.6  546s
 14268 11731 infeasible  103      12200.6800 10278.2218  15.8%  95.6  553s
 14324 11899 10666.6350   43   12 12200.6800 10278.4618  15.8%  96.4  560s
 14498 12151 10964.5181   71   75 12200.6800 10278.4809  15.8%  96.9  567s
 14811 12290 10709.3290   34  331 12200.6800 10278.8573  15.8%  96.3  575s
 14969 12418 11579.7518   94   24 12200.6800 10279.0796  15.7%  96.5  582s
 15110 12748 10711.4057   62  116 12200.6800 10280.0989  15.7%  96.7  589s
 15186 12748 10930.0157  125   76 12200.6800 10280.0989  15.7%  96.6  590s
 15515 12910     cutoff  188      12200.6800 10280.4910  15.7%  95.7  597s
 15710 13111 infeasible  135      12200.6800 10281.5724  15.7%  95.6  605s
 15952 13198 11931.1658  110   28 12200.6800 10282.3807  15.7%  95.4  612s
 16065 13460 10785.9491   61  165 12200.6800 10283.4138  15.7%  95.9  619s
 16144 13461 11559.3742  119   39 12200.6800 10283.4138  15.7%  95.7  620s
 16403 13625 11857.4721  134   29 12200.6800 10283.9457  15.7%  95.1  627s
 16574 13690 infeasible  158      12200.6800 10284.1583  15.7%  95.1  634s
 16639 13877 11171.2944   69   49 12200.6800 10284.5956  15.7%  95.6  640s
 16860 14000 12157.1488  111   11 12200.6800 10284.8678  15.7%  95.5  648s
 17024 14369 10753.9467   53   28 12200.6800 10285.1656  15.7%  95.4  656s
 17466 14531 11492.1711   67    6 12200.6800 10285.6038  15.7%  94.1  664s
 17505 14533 12073.8877  103   35 12200.6800 10285.6038  15.7%  94.0  665s
 17656 14605 11944.0800   82   19 12200.6800 10287.4966  15.7%  94.1  671s
 17741 14656     cutoff   95      12200.6800 10288.3140  15.7%  94.4  676s
 17796 14796 10828.8815   48   31 12200.6800 10288.6923  15.7%  94.9  684s
 17933 14813     cutoff   84      12200.6800 10288.6923  15.7%  94.8  685s
 17974 14973 11590.8761  116   64 12200.6800 10289.9279  15.7%  95.0  691s
 18194 15023     cutoff  143      12200.6800 10291.3466  15.6%  94.9  697s
 18243 15144 11348.8673   63  135 12200.6800 10292.5510  15.6%  95.4  703s
 18402 15262 10971.9126   57  133 12200.6800 10292.7866  15.6%  95.5  709s
 18546 15374 11269.0723   58   26 12200.6800 10294.1826  15.6%  95.6  716s
 18691 15489     cutoff  101      12200.6800 10295.1179  15.6%  95.7  724s
 18732 15489 10831.0762   55   37 12200.6800 10295.1179  15.6%  95.9  725s
 18830 15712 10744.5400   60    4 12200.6800 10295.8720  15.6%  96.0  732s
 19148 15783     cutoff  136      12200.6800 10296.7696  15.6%  95.4  740s
 19198 15898 11185.9833   51   90 12200.6800 10297.9532  15.6%  96.0  747s
 19340 16026     cutoff   90      12200.6800 10298.0160  15.6%  96.1  754s
 19533 16160     cutoff   92      12200.6800 10299.9051  15.6%  96.1  761s
 19674 16262 11747.9097   63   56 12200.6800 10303.0496  15.6%  96.2  767s
 19795 16376     cutoff   94      12200.6800 10303.7062  15.5%  96.4  774s
 19951 16428     cutoff   89      12200.6800 10305.2100  15.5%  96.6  780s
 20014 16520 11577.5687   66   77 12200.6800 10305.4949  15.5%  97.0  786s
 20140 16664     cutoff   94      12200.6800 10305.9418  15.5%  97.1  794s
 20299 16788 10746.8231   48  193 12200.6800 10306.9409  15.5%  97.1  801s
 20466 16856     cutoff  136      12200.6800 10307.8669  15.5%  97.1  807s
 20535 17040 11372.4427   81   26 12200.6800 10308.5947  15.5%  97.4  815s
 20814 17122     cutoff  108      12200.6800 10308.9742  15.5%  97.0  823s
 20889 17238 11087.2243   52  215 12200.6800 10309.1102  15.5%  97.3  829s
 20927 17238 12050.5405   90   12 12200.6800 10309.1102  15.5%  97.3  830s
 21042 17421 10670.4029   48   79 12200.6800 10309.5117  15.5%  97.3  838s
 21303 17640 12038.8200  115    - 12200.6800 10309.6366  15.5%  97.0  845s
 21516 17760 11827.9980  125   43 12200.6800 10310.1910  15.5%  96.8  854s
 21679 17818 12181.9022  116   19 12200.6800 10311.7277  15.5%  96.9  860s
 21736 17904 10834.7472   37  300 12200.6800 10311.8820  15.5%  97.3  868s
 21884 18002 10996.1539   44  158 12200.6800 10311.8820  15.5%  97.3  875s
 21962 18111 11464.3326   61   45 12200.6800 10312.4495  15.5%  97.7  882s
 22103 18233     cutoff   81      12200.6800 10313.8311  15.5%  97.8  890s
 22247 18456 10901.6857   74   38 12200.6800 10314.2888  15.5%  97.9  898s
 22510 18617 11775.7870  150   25 12200.6800 10314.3246  15.5%  97.6  905s
 22690 18711 infeasible  158      12200.6800 10314.5329  15.5%  97.4  913s
 22810 18922 10668.1538   51  240 12200.6800 10314.7291  15.5%  97.6  921s
 23061 19031 12001.3400  162    - 12200.6800 10315.4187  15.5%  97.3  928s
 23176 19097 12021.4300  162    - 12200.6800 10316.0742  15.4%  97.5  936s
 23259 19172     cutoff  162      12200.6800 10316.5697  15.4%  97.7  942s
 23344 19341     cutoff  162      12200.6800 10317.4030  15.4%  98.0  950s
 23555 19413 11381.7897  132   33 12200.6800 10318.5440  15.4%  97.9  957s
 23641 19538 infeasible  161      12200.6800 10320.5576  15.4%  98.1  964s
 23735 19544 11268.9449   88   22 12200.6800 10320.5662  15.4%  98.4  965s
 23807 19684 11595.3912   75  113 12200.6800 10320.9249  15.4%  98.2  973s
 23967 19806 11806.3071  124   50 12200.6800 10321.6730  15.4%  98.1  980s
 24113 20020 10727.0801   44  136 12200.6800 10321.7931  15.4%  98.1  988s
 24378 20095 12126.6700  121    - 12200.6800 10321.8215  15.4%  97.8  997s
 24469 20134 infeasible  121      12200.6800 10322.4477  15.4%  98.0 1004s
 24518 20225 11227.2354   50   88 12200.6800 10323.3936  15.4%  98.3 1011s
 24627 20395     cutoff   83      12200.6800 10323.4998  15.4%  98.5 1018s
 24836 20477     cutoff  165      12200.6800 10324.3314  15.4%  98.3 1025s
 24919 20626 10968.6758   57  122 12200.6800 10324.4282  15.4%  98.6 1032s
 25102 20734 11632.6143  126   18 12200.6800 10326.1199  15.4%  98.5 1039s
 25232 20864 11814.3066  132   13 12200.6800 10326.8678  15.4%  98.5 1046s
 25386 20936 11860.6069  134   13 12200.6800 10327.5956  15.4%  98.4 1053s
 25477 21019 10881.1053   45  191 12200.6800 10327.6071  15.4%  98.7 1061s
 25558 21110 11083.4958   49  175 12200.6800 10327.6071  15.4%  99.0 1069s
 25698 21208 11221.6046   59  129 12200.6800 10327.6071  15.4%  99.1 1076s
 25789 21366 11338.2500   67   83 12200.6800 10327.6071  15.4%  99.3 1084s
 25827 21367 11426.7991   69  128 12200.6800 10327.6071  15.4%  99.3 1085s
 25970 21459     cutoff   87      12200.6800 10328.2242  15.3%  99.3 1091s
 26111 21625 11139.1641   56  153 12200.6800 10328.4799  15.3%  99.5 1101s
 26335 21693 12164.5200  100    - 12200.6800 10328.8182  15.3%  99.3 1108s
 26401 21786     cutoff  100      12200.6800 10329.3261  15.3%  99.5 1114s
 26514 21874 10877.3661   54   90 12200.6800 10330.4300  15.3%   100 1121s
 26631 21942 11993.4680  110   24 12200.6800 10330.7250  15.3%   100 1128s
 26709 22148 12176.2400  119   12 12200.6800 10331.3319  15.3%   100 1136s
 26939 22196     cutoff  120      12200.6800 10331.8716  15.3%   100 1145s
 26990 22331 11110.3143   59  133 12200.6800 10332.2577  15.3%   100 1154s
 27034 22334 11129.2679   44   93 12200.6800 10332.2577  15.3%   100 1155s
 27173 22388 12196.0048   97   18 12200.6800 10333.2439  15.3%   100 1162s
 27227 22492 infeasible   98      12200.6800 10333.7988  15.3%   100 1170s
 27373 22694 10981.2517   65   50 12200.6800 10335.0467  15.3%   100 1180s
 27615 22746     cutoff  108      12200.6800 10335.8419  15.3%   100 1187s
 27664 22887 10868.6775   61   79 12200.6800 10336.8318  15.3%   100 1195s
 27827 22958 12157.8600  138   14 12200.6800 10337.6053  15.3%   100 1202s
 27920 23035     cutoff  141      12200.6800 10338.5373  15.3%   100 1209s
 27966 23035 11339.6857   76   13 12200.6800 10338.5373  15.3%   100 1210s
 27999 23145 11498.4367   80   54 12200.6800 10339.4260  15.3%   101 1217s
 28147 23270 11852.8473   93   55 12200.6800 10340.2824  15.2%   101 1225s
 28279 23359 11356.3697  117   57 12200.6800 10340.5610  15.2%   101 1233s
 28405 23441     cutoff  166      12200.6800 10340.8945  15.2%   101 1240s
 28491 23536 10643.7595   40  257 12200.6800 10340.9686  15.2%   101 1247s
 28615 23689 11342.7140   65   26 12200.6800 10341.0369  15.2%   101 1256s
 28859 23820 10552.1518   40  239 12200.6800 10341.8149  15.2%   101 1265s
 28964 23977 10955.6555   68  170 12200.6800 10343.4079  15.2%   101 1272s
 29175 24019     cutoff  133      12200.6800 10343.9228  15.2%   101 1281s
 29219 24154 infeasible  135      12200.6800 10344.3063  15.2%   101 1289s
 29368 24159 11467.1600  135   12 12200.6800 10344.3516  15.2%   101 1290s
 29386 24268 10950.3636   64  205 12200.6800 10344.4209  15.2%   101 1297s
 29511 24366     cutoff  147      12200.6800 10344.4855  15.2%   101 1304s
 29620 24525 10626.4255   64  120 12200.6800 10344.6066  15.2%   101 1313s
 29795 24698 11908.3843  144   24 12200.6800 10344.8993  15.2%   101 1322s
 30034 24788     cutoff   99      12200.6800 10345.5084  15.2%   101 1331s
 30160 24901 11038.2660   66  134 12200.6800 10347.1042  15.2%   101 1338s
 30302 24947 infeasible  126      12200.6800 10347.3921  15.2%   101 1345s
 30352 25140 10794.0948   58  106 12200.6800 10347.7127  15.2%   101 1353s
 30585 25282 11320.4900   71   41 12200.6800 10347.7163  15.2%   101 1362s
 30750 25370 11833.1500   99    - 12200.6800 10349.2069  15.2%   101 1369s
 30812 25373 10912.5732   52  131 12200.6800 10349.3628  15.2%   101 1370s
 30873 25413 11877.3738   99   12 12200.6800 10349.7703  15.2%   101 1377s
 30924 25494 10816.4785   44  254 12200.6800 10350.0150  15.2%   101 1384s
 31011 25617 11357.2575   54  246 12200.6800 10350.1912  15.2%   101 1392s
 31158 25787 10736.9027   62   67 12200.6800 10350.6168  15.2%   101 1401s
 31374 25878     cutoff  178      12200.6800 10351.0443  15.2%   101 1409s
 31458 26019 10979.0410   73  147 12200.6800 10351.1378  15.2%   101 1416s
 31638 26092 12058.2787  125   29 12200.6800 10352.9243  15.1%   101 1424s
 31726 26124     cutoff  132      12200.6800 10353.3099  15.1%   101 1430s
 31763 26188 11206.2787   60  188 12200.6800 10353.6965  15.1%   101 1438s
 31859 26236 10529.7574   37  271 12200.6800 10354.2392  15.1%   101 1445s
 31903 26301 10727.1652   44  127 12200.6800 10354.2392  15.1%   102 1451s
 31968 26405 11023.5796   60  117 12200.6800 10354.2392  15.1%   102 1460s
 32136 26558 11017.2694   58   50 12200.6800 10354.2392  15.1%   102 1467s
 32278 26717 11268.9186  121   60 12200.6800 10355.4068  15.1%   102 1476s
 32536 26810     cutoff  169      12200.6800 10355.5474  15.1%   102 1484s
 32618 26894 11547.7518   89  112 12200.6800 10356.4910  15.1%   102 1491s
 32735 26930     cutoff  112      12200.6800 10356.6597  15.1%   102 1498s
 32773 27046 10928.4321   55   67 12200.6800 10356.7718  15.1%   102 1505s
 32945 27168     cutoff  127      12200.6800 10357.0348  15.1%   102 1513s
 33052 27304 11413.0871  113   28 12200.6800 10357.3862  15.1%   102 1520s
 33260 27394 12008.5850   95   22 12200.6800 10358.1745  15.1%   102 1528s
 33365 27546 infeasible  107      12200.6800 10359.1265  15.1%   102 1535s
 33534 27610     cutoff  118      12200.6800 10360.9219  15.1%   102 1542s
 33604 27754 11129.2594   74   50 12200.6800 10362.3827  15.1%   102 1549s
 33747 27765 11502.6436  112    4 12200.6800 10362.4818  15.1%   102 1550s
 33789 27820 12111.9725  108   16 12200.6800 10362.5207  15.1%   102 1556s
 33855 27907 11228.5866   53   81 12200.6800 10362.7605  15.1%   102 1563s
 33983 27942     cutoff  101      12200.6800 10363.4509  15.1%   102 1570s
 34020 28078 10985.0106   77   75 12200.6800 10363.4613  15.1%   102 1577s
 34170 28191     cutoff  133      12200.6800 10363.5826  15.1%   102 1585s
 34310 28277     cutoff  133      12200.6800 10363.7012  15.1%   102 1593s
 34410 28439 11887.6969   96   27 12200.6800 10364.2789  15.1%   103 1601s
 34614 28482     cutoff  117      12200.6800 10364.5219  15.0%   102 1609s
 34677 28626 11162.4724   49  214 12200.6800 10365.1533  15.0%   103 1617s
 34855 28675 11832.3927   85  120 12200.6800 10365.5685  15.0%   103 1625s
 34911 28719     cutoff  107      12200.6800 10365.6836  15.0%   103 1633s
 34970 28871 10766.2232   42  206 12200.6800 10365.9845  15.0%   103 1640s
 35144 28957 10937.8439   58  157 12200.6800 10366.1584  15.0%   103 1649s
 35239 29029     cutoff  105      12200.6800 10366.8483  15.0%   103 1655s
 35329 29088 infeasible  121      12200.6800 10367.3117  15.0%   103 1662s
 35411 29204 10809.2538   62  137 12200.6800 10367.5806  15.0%   103 1674s
 35449 29204 11362.8300  100  120 12200.6800 10367.5806  15.0%   103 1675s
 35540 29338     cutoff  145      12200.6800 10368.2286  15.0%   103 1682s
 35696 29476 11226.9954   55  104 12200.6800 10368.5240  15.0%   103 1690s
 35858 29546 12026.1029   86   56 12200.6800 10369.4247  15.0%   103 1697s
 35945 29586 12113.1267   88   37 12200.6800 10370.5640  15.0%   103 1704s
 36003 29695     cutoff  100      12200.6800 10370.7278  15.0%   103 1713s
 36137 29798 11022.9008   56   50 12200.6800 10371.7630  15.0%   103 1722s
 36254 29857     cutoff  133      12200.6800 10371.9565  15.0%   103 1730s
 36325 29971 10918.0760   46  135 12200.6800 10372.6592  15.0%   103 1738s
 36469 30069 12093.8100   99    4 12200.6800 10372.9379  15.0%   103 1746s
 36626 30159     cutoff  102      12200.6800 10373.4466  15.0%   103 1754s
 36729 30282 11053.0184   70   10 12200.6800 10373.9598  15.0%   103 1762s
 36869 30342 12042.6610  100    7 12200.6800 10373.9849  15.0%   103 1770s
 36952 30527     cutoff  103      12200.6800 10374.4850  15.0%   103 1779s
 37134 30536 11149.3909  132   36 12200.6800 10375.1091  15.0%   103 1780s
 37181 30619 11444.9600  126   23 12200.6800 10375.4065  15.0%   103 1787s
 37291 30650     cutoff  149      12200.6800 10376.7834  14.9%   103 1794s
 37332 30728 10732.6392   42  288 12200.6800 10376.8491  14.9%   104 1802s
 37426 30899 11162.3203   53  121 12200.6800 10376.8709  14.9%   104 1811s
 37655 30976     cutoff   99      12200.6800 10376.9797  14.9%   104 1819s
 37699 30976 11825.8426   76   22 12200.6800 10376.9797  14.9%   104 1820s
 37741 31066     cutoff   84      12200.6800 10377.2364  14.9%   104 1827s
 37867 31163 10721.6920   63   76 12200.6800 10377.2933  14.9%   104 1836s
 38015 31206     cutoff   99      12200.6800 10377.6052  14.9%   104 1844s
 38037 31206     cutoff  109      12200.6800 10377.7563  14.9%   104 1852s
 38058 31315 11022.1018   60  121 12200.6800 10378.2043  14.9%   104 1860s
 38197 31428 12117.4050   92   40 12200.6800 10378.5757  14.9%   104 1868s
 38331 31589 10754.3656   47  270 12200.6800 10378.7249  14.9%   104 1876s
 38518 31648 11150.1106  119   94 12200.6800 10378.9317  14.9%   104 1885s
 38601 31696 11857.7289  156    8 12200.6800 10379.2532  14.9%   104 1893s
 38673 31733 infeasible  173      12200.6800 10379.5781  14.9%   104 1899s
 38714 31823 10826.6203   52  189 12200.6800 10379.6234  14.9%   104 1907s
 38840 31913     cutoff  114      12200.6800 10379.6962  14.9%   104 1916s
 38934 32026 11563.9872   64   59 12200.6800 10379.7395  14.9%   104 1925s
 39108 32042 10634.6822   44  276 12200.6800 10380.6171  14.9%   104 1938s
 39123 32116 10682.4509   48  245 12200.6800 10380.6171  14.9%   105 1945s
 39197 32307 10942.8744   70   12 12200.6800 10381.2677  14.9%   105 1955s
 39466 32361     cutoff  123      12200.6800 10381.7040  14.9%   104 1964s
 39504 32569 10827.8793   56  105 12200.6800 10382.1250  14.9%   105 1971s
 39755 32621 infeasible  151      12200.6800 10382.7336  14.9%   104 1981s
 39818 32725 10854.3093   52  245 12200.6800 10383.2390  14.9%   104 1988s
 39946 32858 11766.9704  101   47 12200.6800 10383.4698  14.9%   104 1997s
 40129 32990     cutoff  137      12200.6800 10383.6969  14.9%   104 2006s
 40298 33074 11873.1273  101   28 12200.6800 10384.4185  14.9%   104 2014s
*40405 33103             141    12194.780000 10385.2067  14.8%   104 2022s
*40406 33070             141    12184.780000 10385.2067  14.8%   104 2022s
 40467 33141 10780.9668   49  177 12184.7800 10385.2280  14.8%   104 2032s
 40535 33239 11604.1727   71   58 12184.7800 10386.0305  14.8%   104 2042s
 40667 33305     cutoff   99      12184.7800 10386.1071  14.8%   104 2051s
 40741 33371 10768.1920   56  285 12184.7800 10386.2829  14.8%   105 2060s
 40815 33599 11061.7651   73   69 12184.7800 10386.6703  14.8%   105 2070s
 41103 33645     cutoff  159      12184.7800 10386.8172  14.8%   104 2081s
 41144 33757 10831.2830   45  205 12184.7800 10386.8766  14.8%   104 2090s
 41280 33825 12151.8698  103   19 12184.7800 10387.4136  14.8%   104 2099s
 41360 33967 11006.2837   72   74 12184.7800 10387.9050  14.7%   104 2107s
 41598 34005 infeasible  107      12184.7800 10388.4854  14.7%   104 2117s
 41609 34045 10585.0117   37  285 12184.7800 10388.4854  14.7%   104 2124s
 41649 34188 10971.6107   58  188 12184.7800 10388.7860  14.7%   105 2133s
 41850 34278 11902.4500  140   42 12184.7800 10388.9220  14.7%   104 2142s
