




arguments: ./build/mirp_solver -f ./input/orig_exec_134.cfg
Current dir: /scratch/gui/bnc_mirp
File verbosity level: 9
date       time         ( uptime  ) [ thread name/id ]                   file:line     v| 
2021-01-10 00:02:36.602 (   0.055s) [main thread     ]             loguru.cpp:789   INFO| Logging to './output/vi_hc1_half/OU/V3/Original/execution_10_01_2021_00_02_36.log', mode: 'a', verbosity: 9
--------------------------------------------------------------------------------
Parameters
                           instance_path           ./input/Instances/Original/4/
                            model_policy                                       1
                             nb_vehicles                                       3
                              output_dir    ./output/vi_hc1_half/OU/V3/Original/
                            sec_strategy                                       1
                       solver_nb_threads                                       2
                         solver_show_log                                    true
                       solver_time_limit                                    3600
                              use_vi_cos                                   false
                              use_vi_cus                                   false
                         use_vi_hc1_full                                   false
                         use_vi_hc1_half                                    true
                      use_vi_hc1_quarter                                   false
                              use_vi_hc2                                   false
                              use_vi_hc3                                   false
                         use_vi_lex_full                                   false
                         use_vi_lex_half                                   false
                      use_vi_lex_quarter                                   false
                              use_vi_qua                                   false
                               use_vi_vc                                   false
                               use_vi_vr                                   false
--------------------------------------------------------------------------------
executing instance: ./input/Instances/Original/4/absH3low_3n30.dat
--------------------------------------------------------------------------------
Instance details
n	31
H	3
C	2841
Li:
[0, 0, 0, 0, 0, 0, 0, 0, 0, 0, 0, 0, 0, 0, 0, 0, 0, 0, 0, 0, 0, 0, 0, 0, 0, 0, 0, 0, 0, 0, 0, ]
Ui:
[0, 246, 98, 54, 144, 171, 192, 180, 165, 98, 122, 198, 297, 144, 130, 129, 219, 138, 142, 150, 108, 66, 64, 285, 180, 204, 276, 168, 240, 198, 122, ]
Distance matrix:
|0	172	56	166	260	198	42	197	296	110	91	112	238	275	323	183	330	232	175	181	162	191	232	280	201	139	356	185	266	216	26	|
|172	0	178	223	320	335	153	355	444	62	231	99	333	376	214	352	176	235	194	106	47	41	353	161	299	175	225	43	326	374	153	|
|56	178	0	110	204	162	93	233	336	125	144	148	187	226	358	180	313	284	123	152	182	185	282	252	256	88	329	177	210	251	42	|
|166	223	110	0	102	150	199	327	431	194	253	237	113	156	431	228	296	386	44	140	248	208	389	218	366	48	287	200	108	344	148	|
|260	320	204	102	0	156	296	391	493	296	340	339	66	90	531	263	362	486	127	226	349	300	469	278	454	148	334	292	6	406	245	|
|198	335	162	150	156	0	239	255	351	286	245	307	93	106	518	111	442	423	194	280	344	335	349	367	352	182	437	327	158	266	199	|
|42	153	93	199	296	239	0	203	296	91	82	76	278	316	284	217	322	191	201	186	133	180	217	281	177	165	356	175	302	222	52	|
|197	355	233	327	391	255	203	0	104	294	125	266	340	361	436	151	524	276	352	377	330	383	109	477	146	319	553	377	395	19	222	|
|296	444	336	431	493	351	296	104	0	384	214	348	440	456	488	241	617	315	456	476	412	475	113	575	176	422	651	470	497	88	322	|
|110	62	125	194	296	286	91	294	384	0	171	55	298	340	238	292	233	210	176	118	58	91	298	201	248	148	273	87	302	313	94	|
|91	231	144	253	340	245	82	125	214	171	0	141	307	339	324	184	403	187	266	266	204	261	140	363	114	230	438	256	346	144	116	|
|112	99	148	237	339	307	76	266	348	55	141	0	332	373	212	292	275	156	225	173	64	137	254	253	200	194	322	135	345	284	108	|
|238	333	187	113	66	93	278	340	440	298	307	332	0	43	536	203	404	469	153	253	354	321	427	322	420	160	385	313	67	353	229	|
|275	376	226	156	90	106	316	361	456	340	339	373	43	0	578	216	443	507	194	295	397	364	453	361	451	203	421	356	88	372	268	|
|323	214	358	431	531	518	284	436	488	238	324	212	536	578	0	498	309	176	407	320	183	245	376	344	312	383	379	251	537	451	319	|
|183	352	180	228	263	111	217	151	241	292	184	292	203	216	498	0	492	371	266	328	345	364	255	426	272	242	501	356	266	159	198	|
|330	176	313	296	362	442	322	524	617	233	403	275	404	443	309	492	0	397	253	164	218	142	529	84	475	260	72	147	367	543	306	|
|232	235	284	386	486	423	191	276	315	210	187	156	469	507	176	371	397	0	379	327	188	276	202	396	139	346	456	277	492	289	242	|
|175	194	123	44	127	194	201	352	456	176	266	225	153	194	407	266	253	379	0	101	225	174	405	174	375	36	244	166	133	370	152	|
|181	106	152	140	226	280	186	377	476	118	266	173	253	295	320	328	164	327	101	0	148	76	403	100	360	98	177	69	232	396	155	|
|162	47	182	248	349	344	133	330	412	58	204	64	354	397	183	345	218	188	225	148	0	89	316	208	259	201	270	90	355	348	149	|
|191	41	185	208	300	335	180	383	475	91	261	137	321	364	245	364	142	276	174	76	89	0	388	119	336	162	185	8	306	402	169	|
|232	353	282	389	469	349	217	109	113	298	140	254	427	453	376	255	529	202	405	403	316	388	0	497	64	369	570	384	474	112	256	|
|280	161	252	218	278	367	281	477	575	201	363	253	322	361	344	426	84	396	174	100	208	119	497	0	449	187	77	119	283	496	255	|
|201	299	256	366	454	352	177	146	176	248	114	200	420	451	312	272	475	139	375	360	259	336	64	449	0	339	521	333	460	156	223	|
|139	175	88	48	148	182	165	319	422	148	230	194	160	203	383	242	260	346	36	98	201	162	369	187	339	0	260	153	154	337	116	|
|356	225	329	287	334	437	356	553	651	273	438	322	385	421	379	501	72	456	244	177	270	185	570	77	521	260	0	187	338	572	331	|
|185	43	177	200	292	327	175	377	470	87	256	135	313	356	251	356	147	277	166	69	90	8	384	119	333	153	187	0	298	396	163	|
|266	326	210	108	6	158	302	395	497	302	346	345	67	88	537	266	367	492	133	232	355	306	474	283	460	154	338	298	0	410	251	|
|216	374	251	344	406	266	222	19	88	313	144	284	353	372	451	159	543	289	370	396	348	402	112	496	156	337	572	396	410	0	241	|
|26	153	42	148	245	199	52	222	322	94	116	108	229	268	319	198	306	242	152	155	149	169	256	255	223	116	331	163	251	241	0	|

--------------------------------------------------------------------------------
Building model...
	using lazy and cut (CVRPSEP package)
Solving IRP LP...
--------------------------------------------------------------------------------

Gurobi 9.1.0 (linux64) logging started Sun Jan 10 00:02:36 2021

Gurobi Optimizer version 9.1.0 build v9.1.0rc0 (linux64)
Thread count: 32 physical cores, 32 logical processors, using up to 2 threads
Optimize a model with 949 rows, 4858 columns and 12118 nonzeros
Model fingerprint: 0x6185a89c
Variable types: 394 continuous, 4464 integer (279 binary)
Coefficient statistics:
  Matrix range     [1e+00, 9e+02]
  Objective range  [1e-02, 7e+02]
  Bounds range     [1e+00, 3e+02]
  RHS range        [3e+01, 5e+03]
Presolve removed 215 rows and 370 columns
Presolve time: 0.08s
Presolved: 734 rows, 4488 columns, 10633 nonzeros
Variable types: 284 continuous, 4204 integer (3927 binary)

Root relaxation: objective 2.358779e+03, 787 iterations, 0.02 seconds

    Nodes    |    Current Node    |     Objective Bounds      |     Work
 Expl Unexpl |  Obj  Depth IntInf | Incumbent    BestBd   Gap | It/Node Time

     0     0 2358.77920    0   90          - 2358.77920      -     -    0s
     0     0 2548.74782    0  123          - 2548.74782      -     -    0s
     0     0 2580.72939    0  130          - 2580.72939      -     -    0s
     0     0 2581.16485    0  122          - 2581.16485      -     -    0s
     0     0 3043.14882    0  124          - 3043.14882      -     -    0s
     0     0 3148.20141    0  150          - 3148.20141      -     -    0s
     0     0 3156.68545    0  183          - 3156.68545      -     -    0s
     0     0 3172.83816    0  170          - 3172.83816      -     -    0s
     0     0 3194.75191    0  183          - 3194.75191      -     -    0s
     0     0 3194.87766    0  177          - 3194.87766      -     -    0s
     0     0 3262.69252    0  106          - 3262.69252      -     -    0s
     0     0 3266.43929    0  140          - 3266.43929      -     -    0s
     0     0 3268.33781    0  139          - 3268.33781      -     -    0s
     0     0 3273.29362    0  183          - 3273.29362      -     -    0s
     0     0 3275.46632    0  183          - 3275.46632      -     -    0s
     0     0 3276.07821    0  167          - 3276.07821      -     -    0s
     0     0 3392.37981    0  208          - 3392.37981      -     -    0s
     0     0 3402.87644    0  182          - 3402.87644      -     -    0s
     0     0 3403.04329    0  208          - 3403.04329      -     -    0s
     0     0 3473.43499    0  202          - 3473.43499      -     -    1s
     0     0 3487.92617    0  252          - 3487.92617      -     -    1s
     0     0 3494.38706    0  256          - 3494.38706      -     -    1s
     0     0 3496.21877    0  227          - 3496.21877      -     -    1s
     0     0 3496.66994    0  265          - 3496.66994      -     -    1s
     0     0 3504.42346    0  293          - 3504.42346      -     -    1s
     0     0 3505.91798    0  293          - 3505.91798      -     -    1s
     0     0 3509.22768    0  252          - 3509.22768      -     -    1s
     0     0 3511.15701    0  267          - 3511.15701      -     -    1s
     0     0 3511.28543    0  261          - 3511.28543      -     -    1s
     0     0 3515.64198    0  266          - 3515.64198      -     -    1s
     0     0 3515.64198    0  266          - 3515.64198      -     -    1s
     0     2 3516.66103    0  266          - 3516.66103      -     -    1s
   112   122 4272.38887   37  131          - 3530.87396      -   208    5s
*  394   402             157    6758.4000000 3531.12177  47.8%   104    7s
   462   455 3758.18464   12  350 6758.40000 3532.81558  47.7%   104   10s
   610   580 3981.56877   27  271 6758.40000 3532.81558  47.7%   104   15s
H  697   666                    6516.5400000 3532.81558  45.8%   116   19s
   759   707 3814.89923   13  266 6516.54000 3532.81558  45.8%   113   21s
H  760   672                    6460.5400000 3532.81558  45.3%   113   21s
H  783   652                    6411.2200000 3672.71024  42.7%   109   24s
   788   655 5840.74067  148  429 6411.22000 3673.62751  42.7%   109   25s
   821   679 5201.61564   84  440 6411.22000 3675.83179  42.7%   112   30s
   835   691 3695.60309   25  393 6411.22000 3691.29567  42.4%   117   35s
   885   727 3945.69556   39  199 6411.22000 3696.99711  42.3%   126   40s
H  979   753                    6381.2200000 3696.99711  42.1%   132   44s
   982   769 4277.25577   63  128 6381.22000 3696.99711  42.1%   132   45s
H 1009   743                    4543.4700000 3696.99711  18.6%   132   45s
H 1041   736                    4503.4700000 3696.99711  17.9%   133   46s
  1194   746 3796.87902   29  348 4503.47000 3699.40843  17.9%   132   50s
  1266   799 3943.66000   46  327 4503.47000 3699.40843  17.9%   147   55s
H 1295   781                    4497.4700000 3699.40843  17.7%   151   56s
  1391   825 4258.50110   67  200 4497.47000 3699.40843  17.7%   154   60s
  1524   888 4055.02083   39  267 4497.47000 3743.94571  16.8%   160   65s
  1733   974 3910.67070   29  370 4497.47000 3771.55252  16.1%   164   71s
  1867  1013 4298.88226   31  275 4497.47000 3785.81195  15.8%   168   75s
  1968  1044     cutoff   61      4497.47000 3791.13933  15.7%   171   81s
H 1990  1018                    4491.7200000 3791.13933  15.6%   174   82s
  2035  1089 4289.13356   59  183 4491.72000 3794.04825  15.5%   175   86s
  2158  1089 4225.60474   30  234 4491.72000 3804.92915  15.3%   176   90s
  2249  1114 4451.51646   39  184 4491.72000 3819.02475  15.0%   185   96s
  2351  1161 4432.18653   55  265 4491.72000 3821.95251  14.9%   185  101s
  2441  1188 4137.87734   32  324 4491.72000 3832.59096  14.7%   188  105s
  2517  1271 4481.22429   52  254 4491.72000 3835.76331  14.6%   192  110s
  2657  1417     cutoff   88      4491.72000 3843.96237  14.4%   194  115s
  2826  1485 4221.88532   34  232 4491.72000 3850.89542  14.3%   193  121s
  2969  1582 4046.96804   34  331 4491.72000 3862.01717  14.0%   194  126s
H 2975  1229                    4384.7200000 3862.01717  11.9%   194  126s
  3071  1240 4036.90679   33  341 4384.72000 3869.82781  11.7%   198  133s
  3109  1269 4096.47267   33  246 4384.72000 3873.44343  11.7%   200  135s
  3228  1361 4352.27175   50  107 4384.72000 3875.57693  11.6%   203  142s
  3294  1390 4129.29932   34  307 4384.72000 3888.34469  11.3%   204  145s
  3454  1481 4303.53445   31  270 4384.72000 3896.67808  11.1%   206  151s
  3506  1536     cutoff   36      4384.72000 3900.01893  11.1%   208  155s
  3655  1591 4295.03892   39  168 4384.72000 3901.64415  11.0%   212  163s
  3705  1611     cutoff   43      4384.72000 3903.17763  11.0%   214  167s
  3744  1695 4119.54096   39  262 4384.72000 3903.38064  11.0%   216  171s
  3863  1738 4162.01740   36   85 4384.72000 3909.48474  10.8%   216  175s
  3934  1744 4360.48470   51  275 4384.72000 3910.73439  10.8%   217  189s
H 3941  1726                    4381.6200000 3910.73439  10.7%   217  189s
  3950  1741 4074.40609   32  271 4381.62000 3911.02830  10.7%   217  193s
  4015  1786 4167.14537   33  364 4381.62000 3916.25679  10.6%   219  198s
  4090  1823 4274.40566   46  312 4381.62000 3919.49114  10.5%   221  203s
  4185  1859 4212.78940   32  198 4381.62000 3928.36932  10.3%   222  208s
  4253  1901 4379.31945   35   91 4381.62000 3935.18262  10.2%   224  213s
  4359  1928 4292.76775   37  294 4381.62000 3943.93120  10.0%   225  218s
  4417  1962 4056.05609   32  268 4381.62000 3945.65680  9.95%   228  223s
  4527  1972 4311.75702   31  147 4381.62000 3949.43014  9.86%   230  228s
  4601  2017 4111.49839   34  201 4381.62000 3950.64600  9.84%   232  233s
  4696  2041     cutoff   42      4381.62000 3952.36199  9.80%   233  239s
  4785  2089 4288.04452   44  238 4381.62000 3955.07943  9.73%   236  245s
  4905  2138 4370.90951   46   84 4381.62000 3958.22692  9.66%   236  251s
  4992  2174 4133.85161   43  391 4381.62000 3959.84038  9.63%   237  257s
  5086  2194 4373.30639   40  270 4381.62000 3960.48430  9.61%   240  263s
  5179  2247 4265.73207   38  170 4381.62000 3961.99536  9.58%   243  270s
  5287  2304     cutoff   45      4381.62000 3965.93816  9.49%   245  277s
  5387  2326     cutoff   51      4381.62000 3968.00292  9.44%   248  284s
  5484  2351 4196.82182   34  393 4381.62000 3974.07363  9.30%   251  291s
  5548  2380 4154.03183   31  252 4381.62000 3975.97479  9.26%   253  299s
  5669  2433 4296.96514   35  243 4381.62000 3984.92439  9.05%   256  307s
  5769  2465 4255.07491   45  257 4381.62000 3986.55666  9.02%   258  315s
  5864  2484 4238.74408   37  283 4381.62000 3988.99587  8.96%   260  322s
  5997  2523 4183.05116   46  256 4381.62000 3990.57574  8.92%   262  331s
  6099  2562 4262.44264   35  220 4381.62000 3997.58655  8.76%   264  339s
  6218  2570 4330.75887   38  283 4381.62000 3998.96739  8.73%   267  347s
  6312  2600     cutoff   44      4381.62000 4004.39881  8.61%   270  355s
  6445  2650 4177.67956   46  249 4381.62000 4011.20008  8.45%   273  364s
  6558  2713 4177.90547   34  231 4381.62000 4015.12401  8.36%   274  372s
  6719  2744 4377.06114   49  266 4381.62000 4017.45889  8.31%   275  381s
  6848  2784 4138.14687   37  332 4381.62000 4019.90444  8.26%   276  389s
  6971  2802     cutoff   43      4381.62000 4022.08990  8.21%   278  398s
  7082  2862 4343.23564   51  218 4381.62000 4024.76060  8.14%   281  407s
  7224  2906 4138.80076   33  212 4381.62000 4028.90122  8.05%   282  417s
  7392  2949 4296.84330   31  245 4381.62000 4031.21200  8.00%   283  427s
  7536  3027 4249.63407   37  326 4381.62000 4034.80631  7.92%   285  437s
  7715  3099     cutoff   56      4381.62000 4036.41593  7.88%   286  448s
  7895  3141 4328.82840   35  142 4381.62000 4042.03327  7.75%   287  459s
  8060  3173 4233.32113   40  238 4381.62000 4043.92405  7.71%   289  469s
  8217  3219 4357.26849   35  306 4381.62000 4047.57403  7.62%   291  480s
* 8257  3151              40    4372.0500000 4047.57403  7.42%   291  480s
  8380  3202     cutoff   39      4372.05000 4050.14845  7.36%   292  490s
  8532  3254 4194.15072   41  153 4372.05000 4053.28586  7.29%   294  501s
  8728  3282 4366.49692   49  229 4372.05000 4054.64558  7.26%   295  511s
  8890  3356 4159.18479   38  242 4372.05000 4057.08500  7.20%   296  522s
  9085  3407     cutoff   43      4372.05000 4061.59885  7.10%   296  532s
  9222  3420     cutoff   41      4372.05000 4066.47718  6.99%   298  543s
  9377  3436     cutoff   40      4372.05000 4071.66650  6.87%   300  554s
  9484  3505 4312.62463   40  348 4372.05000 4073.18570  6.84%   303  565s
  9675  3528 4214.16315   34  312 4372.05000 4077.40531  6.74%   303  576s
  9829  3561 4356.37624   42  176 4372.05000 4081.12990  6.65%   305  586s
 10006  3588 4163.03516   39  367 4372.05000 4085.30255  6.56%   306  597s
 10163  3616 4371.30632   35  251 4372.05000 4090.94589  6.43%   307  608s
 10326  3623     cutoff   40      4372.05000 4096.57230  6.30%   308  619s
 10477  3679 4258.53611   37  323 4372.05000 4102.61241  6.16%   310  630s
 10708  3722 4306.50306   43  312 4372.05000 4106.46046  6.07%   308  641s
 10885  3721     cutoff   43      4372.05000 4108.46095  6.03%   309  652s
 11048  3749 4328.53910   36  252 4372.05000 4113.14321  5.92%   310  663s
 11253  3759 4330.88689   38  270 4372.05000 4118.21558  5.81%   311  674s
 11416  3767     cutoff   32      4372.05000 4121.27180  5.74%   312  686s
 11549  3816     cutoff   41      4372.05000 4124.35098  5.67%   313  698s
H11551  3816                    4372.0499882 4124.35098  5.67%   314  698s
*11601  3688              44    4359.4100000 4124.35098  5.39%   313  699s
 11768  3737 4314.80503   43  272 4359.41000 4128.74933  5.29%   313  711s
 11949  3763     cutoff   39      4359.41000 4130.90301  5.24%   314  722s
 12152  3782     cutoff   41      4359.41000 4133.13122  5.19%   314  733s
 12371  3783     cutoff   42      4359.41000 4136.69869  5.11%   313  744s
 12511  3787 4241.19125   39   73 4359.41000 4139.04014  5.06%   315  755s
 12706  3840 4275.03297   36  132 4359.41000 4142.67721  4.97%   315  768s
 12896  3870 4348.49084   35  266 4359.41000 4145.08907  4.92%   314  779s
*12999  3866              65    4359.1100000 4145.08907  4.91%   314  779s
 13129  3891     cutoff   66      4359.11000 4147.63912  4.85%   314  791s
 13310  3913 4330.28376   43  294 4359.11000 4150.72982  4.78%   315  802s
 13534  3966 4289.65876   57   93 4359.11000 4155.62399  4.67%   315  813s
H13643  3906                    4354.1100000 4155.62399  4.56%   314  814s
 13739  3914     cutoff   32      4354.11000 4158.29544  4.50%   315  846s
H13771  3197                    4323.8000000 4158.29544  3.83%   315  846s
 13874  3194 4253.04434   44  326 4323.80000 4160.95885  3.77%   315  857s
 14085  3211 4274.48092   38  167 4323.80000 4163.84380  3.70%   315  870s
 14327  3198     cutoff   54      4323.80000 4167.30331  3.62%   314  881s
 14522  3173 4316.13033   36  203 4323.80000 4170.59808  3.54%   315  893s
 14747  3209 4309.10498   50   19 4323.80000 4174.99110  3.44%   314  903s
 15038  3197 4255.32839   37  364 4323.80000 4178.01494  3.37%   312  915s
 15255  3181     cutoff   43      4323.80000 4181.39411  3.29%   312  926s
 15458  3154     cutoff   45      4323.80000 4186.16700  3.18%   312  937s
 15671  3147     cutoff   57      4323.80000 4189.31653  3.11%   312  948s
 15910  3137     cutoff   41      4323.80000 4192.26077  3.04%   312  958s
 16136  3110 4278.17010   40   86 4323.80000 4196.49900  2.94%   311  969s
 16325  3096 4240.07013   42  230 4323.80000 4200.68381  2.85%   311  979s
 16530  3066 4246.01307   39  134 4323.80000 4205.01174  2.75%   311  989s
*16704  2970              34    4320.4100000 4207.85013  2.61%   311  990s
 16721  2968     cutoff   45      4320.41000 4207.92090  2.60%   311 1000s
 16958  2916 4286.32225   59  256 4320.41000 4212.16964  2.51%   311 1010s
 17193  2935     cutoff   49      4320.41000 4215.42606  2.43%   310 1021s
 17470  2914 4251.97006   38  115 4320.41000 4218.84241  2.35%   309 1031s
 17741  2877     cutoff   36      4320.41000 4222.76293  2.26%   307 1041s
 17961  2857 4240.63942   36   48 4320.41000 4226.18800  2.18%   307 1051s
 18261  2852 4234.64103   44   41 4320.41000 4230.77626  2.07%   305 1061s
 18581  2864 4246.77559   35   48 4320.41000 4234.50130  1.99%   303 1070s
*18599  1994              52    4295.0000000 4234.50130  1.41%   302 1070s
 18891  1879     cutoff   45      4295.00000 4237.66170  1.34%   301 1078s
H18985  1282                    4279.0000000 4237.66170  0.97%   300 1078s
 19113  1170     cutoff   42      4279.00000 4241.81843  0.87%   299 1081s
 19277  1047     cutoff   38      4279.00000 4245.85730  0.77%   297 1085s
H19388  1012                    4278.0000000 4249.97566  0.66%   296 1086s
*19645   654              50    4272.4100000 4252.74839  0.46%   293 1089s
 19684   506     cutoff   41      4272.41000 4254.11730  0.43%   293 1092s
 20022   164     cutoff   38      4272.41000 4263.14016  0.22%   289 1095s

Cutting planes:
  User: 3117
  Gomory: 22
  Cover: 255
  Implied bound: 31
  Projected implied bound: 1
  Clique: 9
  MIR: 98
  Flow cover: 296
  Inf proof: 4
  Zero half: 7
  Network: 2
  RLT: 170
  Relax-and-lift: 6
  Lazy constraints: 281

Explored 20376 nodes (5800452 simplex iterations) in 1097.32 seconds
Thread count was 2 (of 32 available processors)

Solution count 10: 4272.41 4278 4279 ... 4372.05

Optimal solution found (tolerance 1.00e-04)
Best objective 4.272410000000e+03, best bound 4.272410000000e+03, gap 0.0000%

User-callback calls 120172, time in user-callback 58.11 sec
================================================================================
executing instance: ./input/Instances/Original/4/absH3low_3n10.dat
--------------------------------------------------------------------------------
Instance details
n	11
H	3
C	687
Li:
[0, 0, 0, 0, 0, 0, 0, 0, 0, 0, 0, ]
Ui:
[0, 189, 44, 174, 78, 36, 198, 117, 42, 96, 240, ]
Distance matrix:
|0	209	255	286	142	156	285	317	182	161	135	|
|209	0	464	451	315	356	490	469	361	299	260	|
|255	464	0	221	202	130	74	280	189	254	273	|
|286	451	221	0	145	156	164	479	354	153	192	|
|142	315	202	145	0	73	194	388	250	53	73	|
|156	356	130	156	73	0	134	332	200	127	144	|
|285	490	74	164	194	134	0	353	256	239	267	|
|317	469	280	479	388	332	353	0	141	436	430	|
|182	361	189	354	250	200	256	141	0	296	289	|
|161	299	254	153	53	127	239	436	296	0	39	|
|135	260	273	192	73	144	267	430	289	39	0	|

--------------------------------------------------------------------------------
Building model...
	using lazy and cut (CVRPSEP package)
Solving IRP LP...
--------------------------------------------------------------------------------

Gurobi 9.1.0 (linux64) logging started Sun Jan 10 00:20:55 2021

Gurobi Optimizer version 9.1.0 build v9.1.0rc0 (linux64)
Thread count: 32 physical cores, 32 logical processors, using up to 2 threads
Optimize a model with 329 rows, 728 columns and 2108 nonzeros
Model fingerprint: 0xb8032534
Variable types: 134 continuous, 594 integer (99 binary)
Coefficient statistics:
  Matrix range     [1e+00, 2e+02]
  Objective range  [1e-02, 5e+02]
  Bounds range     [1e+00, 2e+02]
  RHS range        [2e+01, 1e+03]
Presolve removed 97 rows and 137 columns
Presolve time: 0.01s
Presolved: 232 rows, 591 columns, 1543 nonzeros
Variable types: 88 continuous, 503 integer (417 binary)
Found heuristic solution: objective 6151.6100000

Root relaxation: objective 1.501444e+03, 256 iterations, 0.00 seconds

    Nodes    |    Current Node    |     Objective Bounds      |     Work
 Expl Unexpl |  Obj  Depth IntInf | Incumbent    BestBd   Gap | It/Node Time

     0     0 1501.44377    0   37 6151.61000 1501.44377  75.6%     -    0s
H    0     0                    5426.6100000 1501.44377  72.3%     -    0s
     0     0 1787.10733    0   57 5426.61000 1787.10733  67.1%     -    0s
H    0     0                    4637.8100000 1787.10733  61.5%     -    0s
     0     0 1811.73324    0   55 4637.81000 1811.73324  60.9%     -    0s
     0     0 1986.03654    0   61 4637.81000 1986.03654  57.2%     -    0s
     0     0 2106.50890    0   81 4637.81000 2106.50890  54.6%     -    0s
H    0     0                    4254.5500000 2106.50890  50.5%     -    0s
     0     0 2111.04985    0   60 4254.55000 2111.04985  50.4%     -    0s
     0     0 2124.56827    0   95 4254.55000 2124.56827  50.1%     -    0s
     0     0 2124.68502    0  105 4254.55000 2124.68502  50.1%     -    0s
     0     0 2224.74812    0  114 4254.55000 2224.74812  47.7%     -    0s
H    0     0                    3296.2700000 2224.74812  32.5%     -    0s
     0     0 2259.35206    0  111 3296.27000 2259.35206  31.5%     -    0s
     0     0 2262.69536    0  115 3296.27000 2262.69536  31.4%     -    0s
     0     0 2266.92569    0  115 3296.27000 2266.92569  31.2%     -    0s
     0     0 2267.73834    0  129 3296.27000 2267.73834  31.2%     -    0s
     0     0 2267.74972    0  141 3296.27000 2267.74972  31.2%     -    0s
     0     0 2292.62176    0  105 3296.27000 2292.62176  30.4%     -    0s
     0     0 2302.30443    0  107 3296.27000 2302.30443  30.2%     -    0s
     0     0 2304.07912    0  115 3296.27000 2304.07912  30.1%     -    0s
     0     0 2304.22394    0  135 3296.27000 2304.22394  30.1%     -    0s
     0     0 2316.93839    0  128 3296.27000 2316.93839  29.7%     -    0s
     0     0 2318.71220    0  127 3296.27000 2318.71220  29.7%     -    0s
     0     0 2320.31028    0  128 3296.27000 2320.31028  29.6%     -    0s
     0     0 2320.79907    0  142 3296.27000 2320.79907  29.6%     -    0s
     0     0 2323.72265    0  148 3296.27000 2323.72265  29.5%     -    0s
     0     0 2323.72265    0  148 3296.27000 2323.72265  29.5%     -    0s
     0     2 2325.13273    0  148 3296.27000 2325.13273  29.5%     -    0s
H   67    78                    3250.9700000 2368.77724  27.1%  66.3    0s
H   72    78                    3104.1000000 2368.77724  23.7%  63.0    0s
H   94    95                    3080.3600000 2388.24873  22.5%  61.0    0s
H  162   122                    2735.3600000 2397.73351  12.3%  53.2    0s
*  260   106               8    2734.1000000 2468.30731  9.72%  50.6    0s

Cutting planes:
  User: 76
  Gomory: 5
  Cover: 74
  Implied bound: 18
  Clique: 8
  MIR: 52
  StrongCG: 2
  Flow cover: 89
  GUB cover: 2
  Zero half: 2
  RLT: 79
  Relax-and-lift: 6
  Lazy constraints: 6

Explored 597 nodes (31126 simplex iterations) in 1.67 seconds
Thread count was 2 (of 32 available processors)

Solution count 10: 2734.1 2735.36 3080.36 ... 6151.61

Optimal solution found (tolerance 1.00e-04)
Best objective 2.734100000000e+03, best bound 2.734100000000e+03, gap 0.0000%

User-callback calls 1748, time in user-callback 0.22 sec
================================================================================
executing instance: ./input/Instances/Original/4/absH3low_3n15.dat
--------------------------------------------------------------------------------
Instance details
n	16
H	3
C	1267
Li:
[0, 0, 0, 0, 0, 0, 0, 0, 0, 0, 0, 0, 0, 0, 0, 0, ]
Ui:
[0, 156, 267, 148, 144, 87, 33, 171, 76, 141, 270, 282, 60, 110, 172, 57, ]
Distance matrix:
|0	229	567	76	58	96	306	409	310	423	108	346	165	347	159	256	|
|229	0	482	243	279	155	375	525	251	419	158	373	65	123	329	246	|
|567	482	0	506	622	483	342	439	259	200	467	274	486	433	501	312	|
|76	243	506	0	119	88	230	337	255	352	88	272	179	347	94	194	|
|58	279	622	119	0	154	345	431	366	471	166	391	217	399	179	310	|
|96	155	483	88	154	0	266	397	224	358	17	289	92	262	176	179	|
|306	375	342	230	345	266	0	158	184	148	251	68	332	423	181	140	|
|409	525	439	337	431	397	158	0	340	244	386	201	476	581	253	298	|
|310	251	259	255	366	224	184	340	0	170	208	146	238	257	274	66	|
|423	419	200	352	471	358	148	244	170	0	341	84	396	424	323	182	|
|108	158	467	88	166	17	251	386	208	341	0	273	96	259	172	162	|
|346	373	274	272	391	289	68	201	146	84	273	0	340	400	239	127	|
|165	65	486	179	217	92	332	476	238	396	96	340	0	182	267	216	|
|347	123	433	347	399	262	423	581	257	424	259	400	182	0	423	283	|
|159	329	501	94	179	176	181	253	274	323	172	239	267	423	0	208	|
|256	246	312	194	310	179	140	298	66	182	162	127	216	283	208	0	|

--------------------------------------------------------------------------------
Building model...
	using lazy and cut (CVRPSEP package)
Solving IRP LP...
--------------------------------------------------------------------------------

Gurobi 9.1.0 (linux64) logging started Sun Jan 10 00:20:57 2021

Gurobi Optimizer version 9.1.0 build v9.1.0rc0 (linux64)
Thread count: 32 physical cores, 32 logical processors, using up to 2 threads
Optimize a model with 487 rows, 1423 columns and 3901 nonzeros
Model fingerprint: 0xca54c942
Variable types: 199 continuous, 1224 integer (144 binary)
Coefficient statistics:
  Matrix range     [1e+00, 4e+02]
  Objective range  [1e-02, 6e+02]
  Bounds range     [1e+00, 3e+02]
  RHS range        [1e+01, 2e+03]
Presolve removed 133 rows and 199 columns
Presolve time: 0.03s
Presolved: 354 rows, 1224 columns, 3092 nonzeros
Variable types: 133 continuous, 1091 integer (957 binary)
Found heuristic solution: objective 8493.7100000

Root relaxation: objective 1.782037e+03, 409 iterations, 0.01 seconds

    Nodes    |    Current Node    |     Objective Bounds      |     Work
 Expl Unexpl |  Obj  Depth IntInf | Incumbent    BestBd   Gap | It/Node Time

     0     0 1782.03673    0   48 8493.71000 1782.03673  79.0%     -    0s
H    0     0                    8382.7100000 1782.03673  78.7%     -    0s
     0     0 2038.54632    0   58 8382.71000 2038.54632  75.7%     -    0s
     0     0 2521.18547    0   65 8382.71000 2521.18547  69.9%     -    0s
     0     0 2522.90047    0   73 8382.71000 2522.90047  69.9%     -    0s
     0     0 2523.78689    0   96 8382.71000 2523.78689  69.9%     -    0s
     0     0 2617.78749    0  137 8382.71000 2617.78749  68.8%     -    0s
     0     0 2630.63091    0  156 8382.71000 2630.63091  68.6%     -    0s
     0     0 2635.76682    0  141 8382.71000 2635.76682  68.6%     -    0s
     0     0 2636.48118    0  133 8382.71000 2636.48118  68.5%     -    0s
     0     0 2722.70829    0  150 8382.71000 2722.70829  67.5%     -    0s
H    0     0                    8266.7100000 2722.70829  67.1%     -    0s
     0     0 2725.61289    0  153 8266.71000 2725.61289  67.0%     -    0s
     0     0 2726.22313    0  153 8266.71000 2726.22313  67.0%     -    0s
     0     0 2777.85612    0  175 8266.71000 2777.85612  66.4%     -    0s
     0     0 2796.90433    0  141 8266.71000 2796.90433  66.2%     -    0s
     0     0 2799.59387    0  176 8266.71000 2799.59387  66.1%     -    0s
     0     0 2799.89406    0  183 8266.71000 2799.89406  66.1%     -    0s
     0     0 2817.58860    0  161 8266.71000 2817.58860  65.9%     -    0s
     0     0 2820.97098    0  157 8266.71000 2820.97098  65.9%     -    0s
     0     0 2823.22258    0  173 8266.71000 2823.22258  65.8%     -    0s
     0     0 2824.25686    0  164 8266.71000 2824.25686  65.8%     -    0s
     0     0 2834.98895    0  163 8266.71000 2834.98895  65.7%     -    0s
     0     0 2836.78953    0  169 8266.71000 2836.78953  65.7%     -    0s
     0     0 2837.18799    0  184 8266.71000 2837.18799  65.7%     -    0s
     0     0 2848.13211    0  177 8266.71000 2848.13211  65.5%     -    0s
     0     0 2848.13211    0  177 8266.71000 2848.13211  65.5%     -    0s
     0     2 2849.47404    0  177 8266.71000 2849.47404  65.5%     -    0s
H   26    30                    8241.9700000 2942.96102  64.3%   141    1s
H  122   128                    8035.0900000 2942.96102  63.4%  93.4    1s
H  124   128                    8018.0900000 2942.96102  63.3%  93.9    1s
*  179   170              72    5534.0600000 2942.96102  46.8%  78.0    1s
H  183   173                    5283.0600000 2942.96102  44.3%  77.0    2s
*  278   177              48    4142.5600000 2942.96102  29.0%  65.9    2s
   682   487 3641.28425   14   18 4142.56000 3040.38484  26.6%  66.3    5s
H  721   487                    4141.5600000 3040.38484  26.6%  65.0    5s
H  723   464                    4131.5600000 3040.38484  26.4%  64.8    5s
H  724   441                    4120.5600000 3040.38484  26.2%  64.7    5s
H  731   423                    4071.5600000 3040.38484  25.3%  64.1    6s
H  733   403                    3869.5600000 3040.38484  21.4%  63.9    6s
   890   497 3471.00157   31  133 3869.56000 3040.38484  21.4%  78.2   10s
*  946   439              30    3448.5200000 3040.38484  11.8%  79.1   10s
H  977   416                    3401.5600000 3088.59099  9.20%  80.5   10s

Cutting planes:
  User: 553
  Gomory: 4
  Cover: 125
  Implied bound: 24
  Clique: 17
  MIR: 104
  StrongCG: 1
  Flow cover: 150
  Zero half: 13
  RLT: 116
  Relax-and-lift: 4
  Lazy constraints: 28

Explored 1474 nodes (119381 simplex iterations) in 14.34 seconds
Thread count was 2 (of 32 available processors)

Solution count 10: 3401.56 3448.52 3869.56 ... 5534.06

Optimal solution found (tolerance 1.00e-04)
Best objective 3.401560000000e+03, best bound 3.401560000000e+03, gap 0.0000%

User-callback calls 5991, time in user-callback 1.50 sec
================================================================================
executing instance: ./input/Instances/Original/4/absH3low_2n45.dat
--------------------------------------------------------------------------------
Instance details
n	46
H	3
C	3171
Li:
[0, 0, 0, 0, 0, 0, 0, 0, 0, 0, 0, 0, 0, 0, 0, 0, 0, 0, 0, 0, 0, 0, 0, 0, 0, 0, 0, 0, 0, 0, 0, 0, 0, 0, 0, 0, 0, 0, 0, 0, 0, 0, 0, 0, 0, 0, ]
Ui:
[0, 246, 160, 78, 20, 87, 144, 40, 20, 82, 60, 96, 24, 136, 160, 108, 160, 26, 228, 51, 24, 240, 231, 70, 32, 105, 174, 114, 246, 126, 132, 76, 22, 42, 255, 132, 148, 162, 66, 111, 102, 240, 123, 201, 297, 78, ]
Distance matrix:
|0	148	402	550	329	420	187	318	366	280	504	273	233	333	112	344	379	481	113	593	159	523	261	424	90	359	163	461	413	240	105	299	265	89	371	462	339	273	495	22	41	439	369	506	563	468	|
|148	0	284	517	394	284	136	369	244	311	496	166	329	355	223	202	338	388	204	565	254	506	118	346	71	423	173	471	336	118	105	352	198	105	248	428	302	305	487	153	179	441	230	497	517	370	|
|402	284	0	350	448	80	228	406	42	343	382	129	456	350	412	126	219	131	382	395	410	371	180	137	314	466	289	400	137	167	389	401	169	316	39	280	217	342	373	394	414	362	108	380	324	106	|
|550	517	350	0	339	429	385	308	374	295	93	375	431	249	481	461	180	239	458	48	445	57	474	214	496	333	387	160	216	424	601	321	320	471	376	90	217	301	93	530	534	146	452	88	52	262	|
|329	394	448	339	0	513	282	42	438	105	255	363	115	108	221	484	259	431	217	365	172	289	436	362	333	30	224	189	353	380	423	47	291	296	443	285	240	107	251	307	294	193	495	260	378	437	|
|420	284	80	429	513	0	267	473	76	408	462	163	509	421	449	86	298	201	421	474	455	451	167	217	330	533	333	478	217	181	386	466	225	341	70	360	291	406	453	416	438	440	59	460	400	176	|
|187	136	228	385	282	267	0	249	199	186	360	104	248	224	184	214	207	294	155	432	189	371	155	237	113	308	68	336	227	101	216	236	78	98	205	296	168	181	350	174	190	305	231	360	390	283	|
|318	369	406	308	42	473	249	0	397	66	229	325	128	67	216	447	218	389	206	337	168	260	402	320	311	61	196	167	311	345	406	19	252	275	403	248	198	70	223	296	286	164	457	233	344	395	|
|366	244	42	374	438	76	199	397	0	332	397	96	436	346	383	90	228	168	354	420	385	389	139	161	277	458	263	408	158	128	349	391	150	282	6	298	218	331	388	359	380	370	78	395	352	144	|
|280	311	343	295	105	408	186	66	332	0	231	259	142	53	191	380	171	337	173	332	150	257	337	267	258	127	139	182	258	280	359	58	186	223	338	222	143	6	224	258	254	164	390	234	323	340	|
|504	496	382	93	255	462	360	229	397	231	0	375	356	180	422	478	173	293	403	110	381	36	474	248	463	245	345	68	246	419	568	244	308	433	400	104	200	237	9	482	482	67	474	5	142	312	|
|273	166	129	375	363	163	104	325	96	259	375	0	347	283	288	121	202	221	259	423	292	376	99	183	186	386	170	370	175	52	269	315	76	187	102	288	177	256	365	265	285	333	133	374	365	204	|
|233	329	456	431	115	509	248	128	436	142	356	347	0	181	121	462	311	472	128	463	76	386	398	403	260	141	180	294	392	349	334	111	287	224	442	362	280	139	350	212	194	289	479	360	463	472	|
|333	355	350	249	108	421	224	67	346	53	180	283	181	0	244	403	152	324	226	283	201	207	369	256	307	118	186	129	247	311	409	74	208	273	351	183	136	59	173	311	307	113	410	183	282	331	|
|112	223	412	481	221	449	184	216	383	191	422	288	121	244	0	387	327	461	30	521	49	447	313	396	152	250	125	371	385	273	214	196	249	121	389	400	288	185	415	91	74	355	408	425	503	454	|
|344	202	126	461	484	86	214	447	90	380	478	121	462	403	387	0	305	256	360	508	400	473	84	250	255	507	282	482	246	115	302	437	196	271	90	382	288	377	469	343	367	444	28	476	441	232	|
|379	338	219	180	259	298	207	218	228	171	173	202	311	152	327	305	0	172	301	227	300	174	302	105	318	270	217	180	97	249	423	221	141	296	232	90	40	173	164	361	368	142	303	172	184	180	|
|481	388	131	239	431	201	294	389	168	337	293	221	472	324	461	256	172	0	432	280	446	273	300	70	400	442	337	330	80	271	490	391	217	391	167	191	194	339	286	468	483	294	239	289	203	26	|
|113	204	382	458	217	421	155	206	354	173	403	259	128	226	30	360	301	432	0	499	52	426	287	367	133	246	95	355	356	246	208	187	219	100	360	376	261	167	395	90	81	337	381	406	478	425	|
|593	565	395	48	365	474	432	337	420	332	110	423	463	283	521	508	227	280	499	0	482	77	521	260	542	356	431	178	262	472	647	352	368	516	422	137	264	338	114	573	576	174	499	106	78	304	|
|159	254	410	445	172	455	189	168	385	150	381	292	76	201	49	400	300	446	52	482	0	407	331	378	184	201	122	327	367	286	258	149	242	150	391	367	263	144	374	137	122	314	419	384	470	441	|
|523	506	371	57	289	451	371	260	389	257	36	376	386	207	447	473	174	273	426	77	407	0	475	234	477	280	363	104	234	422	583	275	313	449	392	91	205	263	38	503	504	97	468	31	108	294	|
|261	118	180	474	436	167	155	402	139	337	474	99	398	369	313	84	302	300	287	521	331	475	0	275	173	462	220	465	268	58	219	390	168	193	142	388	275	333	464	261	286	430	111	473	462	279	|
|424	346	137	214	362	217	237	320	161	267	248	183	403	256	396	250	105	70	367	260	378	234	275	0	348	374	274	274	11	234	444	321	159	335	163	145	124	269	239	409	422	237	239	245	191	76	|
|90	71	314	496	333	330	113	311	277	258	463	186	260	307	152	255	318	400	133	542	184	477	173	348	0	362	121	430	338	150	106	293	190	37	282	406	279	252	454	88	113	403	280	464	502	386	|
|359	423	466	333	30	533	308	61	458	127	245	386	141	118	250	507	270	442	246	356	201	280	462	374	362	0	252	178	365	406	453	73	313	325	463	286	254	130	242	336	324	187	517	250	374	449	|
|163	173	289	387	224	333	68	196	263	139	345	170	180	186	125	282	217	337	95	431	122	363	220	274	121	252	0	310	263	168	225	180	124	88	269	300	177	133	337	144	152	284	299	347	400	330	|
|461	471	400	160	189	478	336	167	408	182	68	370	294	129	371	482	180	330	355	178	327	104	465	274	430	178	310	0	269	408	534	184	297	398	412	142	194	188	66	439	436	38	482	73	206	345	|
|413	336	137	216	353	217	227	311	158	258	246	175	392	247	385	246	97	80	356	262	367	234	268	11	338	365	263	269	0	226	434	312	149	324	160	143	115	259	237	399	411	232	237	243	196	84	|
|240	118	167	424	380	181	101	345	128	280	419	52	349	311	273	115	249	271	246	472	286	422	58	234	150	406	168	408	226	0	223	333	111	160	133	336	219	276	409	235	258	373	136	418	416	252	|
