




arguments: ./build/mirp_solver -f ./input/orig_exec_56.cfg
Current dir: /scratch/gui/bnc_mirp
File verbosity level: 9
date       time         ( uptime  ) [ thread name/id ]                   file:line     v| 
2021-01-09 04:56:04.492 (   0.425s) [main thread     ]             loguru.cpp:789   INFO| Logging to './output/vi_hc1_half/OU/V3/Original/execution_09_01_2021_04_56_04.log', mode: 'a', verbosity: 9
--------------------------------------------------------------------------------
Parameters
                           instance_path           ./input/Instances/Original/2/
                            model_policy                                       1
                             nb_vehicles                                       3
                              output_dir    ./output/vi_hc1_half/OU/V3/Original/
                            sec_strategy                                       1
                       solver_nb_threads                                       2
                         solver_show_log                                    true
                       solver_time_limit                                    3600
                              use_vi_cos                                   false
                              use_vi_cus                                   false
                         use_vi_hc1_full                                   false
                         use_vi_hc1_half                                    true
                      use_vi_hc1_quarter                                   false
                              use_vi_hc2                                   false
                              use_vi_hc3                                   false
                         use_vi_lex_full                                   false
                         use_vi_lex_half                                   false
                      use_vi_lex_quarter                                   false
                              use_vi_qua                                   false
                               use_vi_vc                                   false
                               use_vi_vr                                   false
--------------------------------------------------------------------------------
executing instance: ./input/Instances/Original/2/absH3high_3n40.dat
--------------------------------------------------------------------------------
Instance details
n	41
H	3
C	3283
Li:
[0, 0, 0, 0, 0, 0, 0, 0, 0, 0, 0, 0, 0, 0, 0, 0, 0, 0, 0, 0, 0, 0, 0, 0, 0, 0, 0, 0, 0, 0, 0, 0, 0, 0, 0, 0, 0, 0, 0, 0, 0, ]
Ui:
[0, 63, 111, 99, 96, 111, 282, 122, 156, 261, 42, 192, 126, 42, 162, 207, 159, 122, 102, 190, 118, 102, 132, 102, 165, 252, 66, 52, 22, 114, 210, 176, 116, 294, 78, 152, 210, 45, 130, 198, 174, ]
Distance matrix:
|0	208	225	252	227	143	258	127	267	150	28	83	163	286	57	149	201	137	214	255	70	73	107	186	328	266	249	343	222	177	293	144	262	215	167	120	169	218	143	173	255	|
|208	0	397	355	416	198	216	99	211	275	193	172	97	166	240	225	362	109	277	314	182	216	273	374	298	208	319	161	14	103	93	120	58	196	152	156	372	227	260	218	453	|
|225	397	0	427	53	364	482	343	492	129	253	225	382	386	171	188	39	291	187	195	295	182	282	55	326	491	180	551	408	315	457	366	455	275	392	244	221	439	341	214	101	|
|252	355	427	0	401	158	201	263	219	396	234	328	259	498	299	400	420	354	465	506	205	324	152	374	574	219	499	393	366	389	446	235	378	456	205	359	224	150	111	423	400	|
|227	416	53	401	0	357	477	352	489	165	253	245	389	424	179	223	85	315	234	245	293	200	264	42	375	488	231	565	428	344	484	370	474	314	392	270	184	430	325	252	50	|
|143	198	364	158	357	0	121	105	134	290	116	196	103	342	200	276	343	205	343	385	74	210	112	319	432	133	382	265	209	237	290	78	226	313	57	220	232	75	69	292	375	|
|258	216	482	201	477	121	0	168	18	397	230	293	135	381	314	372	459	275	437	480	188	317	228	439	501	18	479	197	222	296	290	132	212	386	95	306	347	58	173	381	496	|
|127	99	343	263	352	105	168	0	171	239	105	130	40	237	173	206	313	109	270	312	84	164	175	310	337	169	313	216	112	135	192	37	142	220	77	138	280	155	162	213	382	|
|267	211	492	219	489	134	18	171	0	404	240	298	136	376	323	376	468	276	441	483	198	324	243	450	500	2	483	181	215	294	281	136	202	386	102	309	363	75	189	384	509	|
|150	275	129	396	165	290	397	239	404	0	175	110	279	259	97	59	91	166	84	116	217	80	245	130	226	402	106	434	286	187	329	269	333	149	302	119	244	364	291	87	213	|
|28	193	253	234	253	116	230	105	240	175	0	94	139	286	84	167	229	136	234	275	43	96	98	212	341	238	271	320	206	175	281	118	244	225	140	128	180	191	124	189	280	|
|83	172	225	328	245	196	293	130	298	110	94	0	169	209	77	80	191	71	147	189	127	45	189	203	247	296	187	327	184	106	241	162	230	132	198	38	242	266	217	96	285	|
|163	97	382	259	389	103	135	40	136	279	139	169	0	253	212	244	353	141	307	349	110	203	194	347	366	133	350	183	107	161	187	27	124	251	56	175	306	133	169	249	418	|
|286	166	386	498	424	342	381	237	376	259	286	209	253	0	284	201	347	151	210	230	299	247	383	387	155	374	242	290	162	112	129	270	192	113	308	172	451	386	391	172	471	|
|57	240	171	299	179	200	314	173	323	97	84	77	212	284	0	112	145	147	170	208	127	38	148	137	299	321	201	386	253	183	315	195	297	195	222	112	171	275	195	142	214	|
|149	225	188	400	223	276	372	206	376	59	167	80	244	201	112	0	149	117	67	110	205	78	254	186	187	374	108	387	235	132	272	240	283	93	277	71	279	346	291	32	270	|
|201	362	39	420	85	343	459	313	468	91	229	191	353	347	145	149	0	254	149	160	272	150	271	66	290	466	146	518	373	278	419	339	420	235	367	207	227	418	327	175	135	|
|137	109	291	354	315	205	275	109	276	166	136	71	141	151	147	117	254	0	172	212	151	116	232	273	229	274	215	270	119	39	170	145	167	111	186	47	305	263	245	113	356	|
|214	277	187	465	234	343	437	270	441	84	234	147	307	210	170	67	149	172	0	42	272	141	317	205	144	439	43	437	284	175	307	305	331	99	343	132	327	413	357	60	283	|
|255	314	195	506	245	385	480	312	483	116	275	189	349	230	208	110	160	212	42	0	314	182	356	222	132	481	15	474	321	212	337	347	367	126	385	174	358	455	398	100	295	|
|70	182	295	205	293	74	188	84	198	217	43	127	110	299	127	205	272	151	272	314	0	137	91	253	370	196	310	292	195	188	274	85	226	252	99	155	197	148	94	223	316	|
|73	216	182	324	200	210	317	164	324	80	96	45	203	247	38	78	150	116	141	182	137	0	176	158	263	323	176	369	229	150	286	191	274	157	223	77	208	284	216	106	239	|
|107	273	282	152	264	112	228	175	243	245	98	189	194	383	148	254	271	232	317	356	91	176	0	231	435	242	349	371	286	271	365	167	315	321	164	224	120	174	61	280	274	|
|186	374	55	374	42	319	439	310	450	130	212	203	347	387	137	186	66	273	205	222	253	158	231	0	348	448	208	523	386	303	442	329	431	279	352	229	167	392	291	217	85	|
|328	298	326	574	375	432	501	337	500	226	341	247	366	155	299	187	290	229	144	132	370	263	435	348	0	498	147	441	299	206	283	374	338	119	414	215	465	492	463	157	425	|
|266	208	491	219	488	133	18	169	2	402	238	296	133	374	321	374	466	274	439	481	196	323	242	448	498	0	481	180	213	292	278	134	200	384	100	307	362	75	188	381	508	|
|249	319	180	499	231	382	479	313	483	106	271	187	350	242	201	108	146	215	43	15	310	176	349	208	147	481	0	480	326	217	346	347	373	135	385	175	347	454	392	103	280	|
|343	161	551	393	565	265	197	216	181	434	320	327	183	290	386	387	518	270	437	474	292	369	371	523	441	180	480	0	153	263	163	207	107	352	208	317	487	244	334	379	598	|
|222	14	408	366	428	209	222	112	215	286	206	184	107	162	253	235	373	119	284	321	195	229	286	386	299	213	326	153	0	109	81	132	48	201	162	167	386	236	272	226	466	|
|177	103	315	389	344	237	296	135	294	187	175	106	161	112	183	132	278	39	175	212	188	150	271	303	206	292	217	263	109	0	142	171	156	95	211	74	344	289	281	118	386	|
|293	93	457	446	484	290	290	192	281	329	281	241	187	129	315	272	419	170	307	337	274	286	365	442	283	278	346	163	81	142	0	212	79	211	241	214	461	311	353	254	525	|
|144	120	366	235	370	78	132	37	136	269	118	162	27	270	195	240	339	145	305	347	85	191	167	329	374	134	347	207	132	171	212	0	151	257	40	174	280	119	142	248	398	|
|262	58	455	378	474	226	212	142	202	333	244	230	124	192	297	283	420	167	331	367	226	274	315	431	338	200	373	107	48	156	79	151	0	245	173	214	421	237	293	273	510	|
|215	196	275	456	314	313	386	220	386	149	225	132	251	113	195	93	235	111	99	126	252	157	321	279	119	384	135	352	201	95	211	257	245	0	297	97	365	374	345	62	362	|
|167	152	392	205	392	57	95	77	102	302	140	198	56	308	222	277	367	186	343	385	99	223	164	352	414	100	385	208	162	211	241	40	173	297	0	213	283	79	126	287	415	|
|120	156	244	359	270	220	306	138	309	119	128	38	175	172	112	71	207	47	132	174	155	77	224	229	215	307	175	317	167	74	214	174	214	97	213	0	280	286	248	75	313	|
|169	372	221	224	184	232	347	280	363	244	180	242	306	451	171	279	227	305	327	358	197	208	120	167	465	362	347	487	386	344	461	280	421	365	283	280	0	291	175	310	176	|
|218	227	439	150	430	75	58	155	75	364	191	266	133	386	275	346	418	263	413	455	148	284	174	392	492	75	454	244	236	289	311	119	237	374	79	286	291	0	116	359	445	|
|143	260	341	111	325	69	173	162	189	291	124	217	169	391	195	291	327	245	357	398	94	216	61	291	463	188	392	334	272	281	353	142	293	345	126	248	175	116	0	313	335	|
|173	218	214	423	252	292	381	213	384	87	189	96	249	172	142	32	175	113	60	100	223	106	280	217	157	381	103	379	226	118	254	248	273	62	287	75	310	359	313	0	300	|
|255	453	101	400	50	375	496	382	509	213	280	285	418	471	214	270	135	356	283	295	316	239	274	85	425	508	280	598	466	386	525	398	510	362	415	313	176	445	335	300	0	|

--------------------------------------------------------------------------------
Building model...
	using lazy and cut (CVRPSEP package)
Solving IRP LP...
--------------------------------------------------------------------------------

Gurobi 9.1.0 (linux64) logging started Sat Jan  9 04:56:04 2021

Gurobi Optimizer version 9.1.0 build v9.1.0rc0 (linux64)
Thread count: 32 physical cores, 32 logical processors, using up to 2 threads
Optimize a model with 1259 rows, 8273 columns and 20048 nonzeros
Model fingerprint: 0xadf48b36
Variable types: 524 continuous, 7749 integer (369 binary)
Coefficient statistics:
  Matrix range     [1e+00, 1e+03]
  Objective range  [1e-01, 6e+02]
  Bounds range     [1e+00, 3e+02]
  RHS range        [1e+01, 6e+03]
Presolve removed 272 rows and 485 columns
Presolve time: 0.08s
Presolved: 987 rows, 7788 columns, 18114 nonzeros
Variable types: 384 continuous, 7404 integer (7032 binary)

Root relaxation: objective 1.227869e+04, 1011 iterations, 0.03 seconds

    Nodes    |    Current Node    |     Objective Bounds      |     Work
 Expl Unexpl |  Obj  Depth IntInf | Incumbent    BestBd   Gap | It/Node Time

     0     0 12278.6891    0  116          - 12278.6891      -     -    0s
     0     0 12737.3023    0  182          - 12737.3023      -     -    0s
     0     0 12798.0019    0  176          - 12798.0019      -     -    0s
     0     0 12798.0983    0  182          - 12798.0983      -     -    0s
     0     0 13372.7163    0  223          - 13372.7163      -     -    0s
     0     0 13514.8488    0  195          - 13514.8488      -     -    0s
     0     0 13543.2796    0  266          - 13543.2796      -     -    0s
     0     0 13543.3005    0  266          - 13543.3005      -     -    1s
     0     0 13637.7584    0  290          - 13637.7584      -     -    1s
     0     0 13646.8203    0  318          - 13646.8203      -     -    1s
     0     0 13648.4612    0  305          - 13648.4612      -     -    1s
     0     0 13694.0249    0  238          - 13694.0249      -     -    1s
     0     0 13697.2466    0  318          - 13697.2466      -     -    1s
     0     0 13700.2349    0  312          - 13700.2349      -     -    1s
     0     0 13712.5344    0  334          - 13712.5344      -     -    1s
     0     0 13727.9434    0  325          - 13727.9434      -     -    1s
     0     0 13730.2019    0  352          - 13730.2019      -     -    1s
     0     0 13731.0470    0  329          - 13731.0470      -     -    1s
     0     0 13772.2444    0  387          - 13772.2444      -     -    2s
     0     0 13779.1093    0  350          - 13779.1093      -     -    2s
     0     0 13779.7119    0  356          - 13779.7119      -     -    2s
     0     0 13792.3800    0  377          - 13792.3800      -     -    2s
     0     0 13792.3800    0  371          - 13792.3800      -     -    2s
     0     2 13797.5742    0  371          - 13797.5742      -     -    3s
    30    34 13856.1824   11  389          - 13809.7746      -   243    5s
   127   137 14503.9436   36  241          - 13809.7746      -   231   10s
   323   363 15348.1120  114  100          - 13809.7746      -   149   15s
   651   701 17848.3270  274    6          - 13813.1790      -  94.8   20s
*  695   701             302    18530.110000 13813.1790  25.5%  90.0   20s
   808   811 14246.6229    5  263 18530.1100 13813.1790  25.5%  88.1   26s
   878   848 17398.1750  232  371 18530.1100 13813.1790  25.5%  87.3   30s
H  879   806                    17717.850000 13813.1790  22.0%  87.2   31s
   888   812 17717.8500  256  492 17717.8500 13881.5668  21.7%  86.3   35s
H  891   773                    17682.770000 13902.1773  21.4%  86.0   36s
H  901   740                    17567.670000 13934.5357  20.7%  85.1   39s
H  901   702                    17421.700000 13934.5357  20.0%  85.1   41s
   914   711 16009.0116  153  529 17421.7000 13947.5713  19.9%  83.9   45s
   925   720 14969.8680  101  303 17421.7000 13949.2148  19.9%  92.4   51s
   938   729 14934.3854   61  448 17421.7000 13961.5622  19.9%  91.1   55s
H  938   692                    17273.700000 13962.7024  19.2%  91.1   62s
   946   697 17273.7000  256  486 17273.7000 13964.9537  19.2%  90.3   65s
   952   701 17187.2350  235  478 17273.7000 13965.4007  19.2%  89.8   70s
   955   706 13978.5150   26  502 17273.7000 13978.5150  19.1%  97.5   75s
   966   714 13987.7862   28  467 17273.7000 13987.7862  19.0%   105   80s
H  978   687                    17171.670000 14012.8005  18.4%   112   84s
   986   692 14110.3176   33  390 17171.6700 14019.7750  18.4%   115   85s
H 1007   674                    16835.190000 14038.2968  16.6%   124   90s
H 1036   661                    16670.190000 14038.2968  15.8%   134   94s
  1041   668 14106.5979   46  379 16670.1900 14038.2968  15.8%   137   95s
  1057   672 14205.3582   49  323 16670.1900 14038.2968  15.8%   141  100s
  1101   714 14194.9087   61  291 16670.1900 14038.2968  15.8%   150  106s
H 1141   708                    16650.190000 14038.2968  15.7%   153  108s
  1175   740 14257.7670   76  214 16650.1900 14038.2968  15.7%   154  111s
  1249   780 14333.1755   92  237 16650.1900 14038.2968  15.7%   155  115s
H 1305   788                    16613.270000 14038.2968  15.5%   154  120s
  1432   906 14822.5425  136  145 16613.2700 14038.2968  15.5%   153  126s
  1596  1036 14954.4428  183  115 16613.2700 14038.2968  15.5%   148  131s
  1738  1126 15466.2929  224  102 16613.2700 14038.2968  15.5%   143  135s
  1970  1221 15871.4048  288   80 16613.2700 14038.2968  15.5%   137  141s
H 2046  1251                    16423.410000 14038.2968  14.5%   134  143s
  2066  1348 15985.7829  316   86 16423.4100 14038.2968  14.5%   134  145s
  2301  1352 14226.8952   30  301 16423.4100 14038.4392  14.5%   126  150s
  2437  1430 14509.5457   38  214 16423.4100 14038.4392  14.5%   126  156s
  2575  1481 14686.0865   53  122 16423.4100 14038.4392  14.5%   125  160s
  2673  1534 14903.7655   67  117 16423.4100 14038.4392  14.5%   123  165s
  2754  1606 14865.4660  103  102 16423.4100 14038.4392  14.5%   124  170s
  2823  1706 14989.1126  135   62 16423.4100 14038.4392  14.5%   125  175s
* 2892  1158             166    15452.580000 14038.4392  9.15%   125  178s
  2943  1140     cutoff  188      15452.5800 14064.7015  8.98%   126  181s
  2982  1176 14283.4331   36  208 15452.5800 14064.7015  8.98%   128  186s
  3036  1261 14543.6386   59   89 15452.5800 14064.7015  8.98%   130  191s
  3139  1351 14714.2404   91  210 15452.5800 14064.7015  8.98%   130  195s
  3324  1733 14827.7733  174    9 15452.5800 14064.7015  8.98%   128  203s
  3568  1741 15247.7485  278   41 15452.5800 14064.7390  8.98%   122  207s
  3622  1759 14276.8425   35  409 15452.5800 14069.7842  8.95%   123  210s
  3663  1812 14421.7215   41  347 15452.5800 14069.7842  8.95%   126  216s
  3728  1914 14793.8942   64   54 15452.5800 14069.7842  8.95%   128  223s
  3795  2084 15005.1031   87   47 15452.5800 14069.7842  8.95%   128  229s
  3875  2084 15092.5397  152   25 15452.5800 14069.7842  8.95%   127  230s
  4011  2217 14247.0164   43  361 15452.5800 14070.1900  8.95%   126  238s
  4110  2316 14452.0571   62  255 15452.5800 14070.1900  8.95%   125  243s
  4212  2382 15068.9719   98  232 15452.5800 14073.1365  8.93%   124  247s
  4318  2417 14536.8142   36  294 15452.5800 14073.1911  8.93%   124  252s
  4359  2438 15024.0091   47  105 15452.5800 14073.7229  8.92%   125  256s
  4410  2469 14456.2718   44  210 15452.5800 14073.7241  8.92%   125  260s
  4441  2509 14598.7347   51  158 15452.5800 14073.7241  8.92%   126  266s
  4481  2584 14865.1041   70   82 15452.5800 14073.7241  8.92%   127  270s
  4556  2782 15036.5438   95   51 15452.5800 14073.7241  8.92%   127  277s
  4764  2942     cutoff  204      15452.5800 14075.8223  8.91%   124  286s
  4937  3124 14222.2623   33  364 15452.5800 14075.8223  8.91%   121  295s
  5135  3140 14663.5087   39  322 15452.5800 14075.8223  8.91%   119  301s
  5165  3181 14943.5760   44  265 15452.5800 14075.8223  8.91%   120  306s
  5206  3235 15212.1786   52  168 15452.5800 14075.8223  8.91%   121  313s
  5280  3256 15384.7649   70   96 15452.5800 14091.2212  8.81%   122  318s
  5315  3347 14254.1517   33  533 15452.5800 14091.2212  8.81%   123  325s
H 5319  3342                    15444.580000 14091.2212  8.76%   123  325s
H 5340  3273                    15382.730000 14091.2212  8.40%   124  325s
  5424  3311 14475.6590   43  394 15382.7300 14091.2212  8.40%   123  332s
  5465  3387 14969.9355   63  243 15382.7300 14093.8540  8.38%   124  340s
  5569  3428 14152.1249   42  349 15382.7300 14093.8782  8.38%   124  346s
  5610  3573 14530.7755   60  268 15382.7300 14101.1941  8.33%   125  352s
  5764  3624 14315.9343   31  410 15382.7300 14101.1941  8.33%   124  360s
  5824  3732 14702.5431   54  323 15382.7300 14101.1941  8.33%   125  367s
  5932  3800 15164.3705  128   99 15382.7300 14103.5062  8.32%   125  375s
  6022  3843 14263.2645   38  239 15382.7300 14103.6449  8.32%   126  383s
  6065  3950 14618.6886   52  197 15382.7300 14103.6449  8.32%   127  392s
  6172  4280 14743.6185   83  100 15382.7300 14103.6449  8.32%   128  401s
  6510  4315     cutoff  192      15382.7300 14110.3811  8.27%   124  412s
  6575  4462 14602.4260   36  319 15382.7300 14110.4148  8.27%   125  420s
  6724  4497 15120.8903   65  234 15382.7300 14115.7424  8.24%   124  428s
  6783  4546 14371.0502   36  405 15382.7300 14126.7259  8.17%   125  435s
  6832  4628 14864.6249   49  103 15382.7300 14129.2556  8.15%   127  443s
  6926  4683 14307.4241   40  228 15382.7300 14129.2556  8.15%   127  451s
  6991  4724 15012.0514   65  157 15382.7300 14131.0213  8.14%   129  460s
  7043  4884 14340.4285   37  362 15382.7300 14131.0543  8.14%   129  467s
  7243  4999 14288.8192   50  426 15382.7300 14137.6735  8.09%   128  478s
  7380  5140 15042.2460   95   50 15382.7300 14138.6599  8.09%   128  489s
  7432  5140 15275.1837  147   51 15382.7300 14138.6599  8.09%   128  490s
  7533  5520 14600.2284   72  132 15382.7300 14141.9618  8.07%   129  503s
  7904  5520 14982.8618  212   56 15382.7300 14142.5262  8.06%   125  506s
  7955  5584 14846.9975   56  238 15382.7300 14144.7264  8.05%   125  517s
  8027  5619 14596.0988   42  474 15382.7300 14144.7264  8.05%   126  527s
  8076  5688 15042.0599   68  276 15382.7300 14149.0813  8.02%   128  537s
  8153  5887 14486.1865   49  122 15382.7300 14149.0813  8.02%   129  550s
  8368  6110     cutoff   82      15382.7300 14151.6940  8.00%   129  563s
  8480  6112 14985.8754  120   61 15382.7300 14151.6940  8.00%   129  565s
  8697  6116 15168.1552  178   37 15382.7300 14152.2090  8.00%   127  586s
H 8700  6103                    15374.730000 14152.2090  7.95%   127  586s
  8701  6210 15310.8160  179   81 15374.7300 14153.6850  7.94%   127  596s
  8856  6354 14291.4856   44  286 15374.7300 14156.6082  7.92%   128  609s
  8909  6354 14456.0783   76   72 15374.7300 14156.6082  7.92%   128  610s
  9000  6606 14578.4457  125    6 15374.7300 14156.8654  7.92%   128  621s
  9285  6776 14988.0267  143   39 15374.7300 14157.1947  7.92%   127  633s
  9401  6777 14979.2065  126  164 15374.7300 14157.1947  7.92%   127  635s
H 9410  6621                    15320.140000 14157.1947  7.59%   127  635s
* 9482  5430             148    15112.240000 14157.2225  6.32%   127  645s
  9608  5515 14787.5715   68  241 15112.2400 14159.7429  6.30%   128  656s
  9731  5628 14930.9185   86  178 15112.2400 14163.0326  6.28%   129  668s
  9905  5734 14392.5014   29  506 15112.2400 14168.6689  6.24%   129  680s
 10034  5818 15008.4723   55  238 15112.2400 14171.1490  6.23%   130  691s
 10127  5907 14741.3095   67  266 15112.2400 14173.5273  6.21%   131  702s
 10244  6034 14474.9776   53  341 15112.2400 14177.4456  6.19%   132  714s
 10319  6034 14298.9288   42  411 15112.2400 14177.8587  6.18%   132  715s
 10389  6118 14808.5356   47  182 15112.2400 14178.2975  6.18%   132  725s
 10485  6192 14580.1303   47  152 15112.2400 14178.8838  6.18%   133  737s
 10592  6336 14385.9625   47  439 15112.2400 14179.8306  6.17%   134  749s
 10736  6656 14683.6991   86   87 15112.2400 14181.2088  6.16%   135  765s
H11040  4453                    14894.130000 14181.2088  4.79%   132  768s
 11113  4492 14364.6196   47  368 14894.1300 14181.5773  4.78%   132  779s
 11243  4543 14525.2367   49  288 14894.1300 14186.9051  4.75%   133  790s
 11326  4596 14824.4135   39  392 14894.1300 14188.0095  4.74%   134  802s
H11357  4390                    14870.850000 14188.0095  4.59%   135  802s
 11414  4470 14654.7828   59  308 14870.8500 14190.3687  4.58%   135  814s
 11515  4470 14700.9828   70   26 14870.8500 14190.3917  4.58%   136  815s
 11518  4589     cutoff   47      14870.8500 14190.4254  4.58%   136  826s
H11521  4361                    14847.850000 14190.4254  4.43%   136  826s
H11689  3562                    14754.850000 14191.6355  3.82%   137  838s
 11797  3576 14397.1409   39  298 14754.8500 14193.5593  3.80%   138  900s
H11806  2281                    14620.810000 14193.5593  2.92%   138  901s
 11815  2317 14610.4006   48  304 14620.8100 14197.2282  2.90%   138  913s
 11911  2396 14519.6313   54  230 14620.8100 14199.7280  2.88%   139  926s
 12061  2462 14388.3639   46  339 14620.8100 14202.4369  2.86%   141  940s
 12167  2546 14303.4012   46  494 14620.8100 14205.3592  2.84%   142  953s
 12295  2607 14450.5197   45  243 14620.8100 14207.1153  2.83%   143  967s
 12396  2648 14376.6047   52  283 14620.8100 14208.1296  2.82%   144  982s
 12480  2695 14594.2973   52  328 14620.8100 14209.8684  2.81%   145  996s
 12571  2752     cutoff   68      14620.8100 14212.0908  2.80%   146 1009s
 12616  2752 14359.2771   41  462 14620.8100 14212.3647  2.79%   147 1010s
 12657  2799 14618.1006   52  137 14620.8100 14212.4919  2.79%   148 1023s
 12741  2838 14478.5967   35  431 14620.8100 14213.8519  2.78%   149 1036s
 12813  2900 14359.1693   37  499 14620.8100 14215.0929  2.77%   151 1051s
 12944  2963 14252.1516   37  519 14620.8100 14218.1154  2.75%   152 1065s
 13042  3004 14451.9205   63  425 14620.8100 14219.3133  2.75%   153 1079s
 13143  3076 14401.3723   54  360 14620.8100 14222.2170  2.73%   154 1094s
 13251  3076 14554.5416   49  124 14620.8100 14222.3675  2.73%   155 1095s
 13270  3159     cutoff   49      14620.8100 14222.4945  2.72%   155 1109s
 13330  3159 14609.1909   65  104 14620.8100 14222.4945  2.72%   156 1110s
H13427  3099                    14608.810000 14224.0707  2.63%   156 1124s
H13486  2557                    14556.810000 14224.9526  2.28%   157 1125s
 13540  2611     cutoff   61      14556.8100 14226.9329  2.27%   157 1139s
 13591  2611 14321.8680   38  355 14556.8100 14229.5106  2.25%   158 1140s
 13659  2648 14481.9173   46  227 14556.8100 14230.0353  2.24%   158 1154s
 13756  2693 14379.0970   43  388 14556.8100 14231.9542  2.23%   160 1169s
 13860  2777 14517.6527   40  450 14556.8100 14235.9710  2.20%   160 1183s
 14006  2825 14477.0578   51  268 14556.8100 14239.5295  2.18%   161 1198s
 14108  2869 14482.4348   53  445 14556.8100 14241.9687  2.16%   162 1214s
 14214  2904 14480.1849   46  157 14556.8100 14242.4179  2.16%   163 1228s
 14324  2973 14322.2685   44  337 14556.8100 14244.8705  2.14%   165 1244s
 14452  3016 14381.6751   43  350 14556.8100 14246.1746  2.13%   166 1260s
H14522  2930                    14548.490000 14246.1746  2.08%   166 1260s
 14573  2982 14325.3596   32  395 14548.4900 14247.0918  2.07%   167 1275s
 14698  3034 14518.5389   48  180 14548.4900 14247.8092  2.07%   168 1292s
 14813  3090 14479.9810   34  459 14548.4900 14251.6135  2.04%   169 1308s
 14943  3131 14397.2289   40  439 14548.4900 14252.5791  2.03%   170 1324s
 15041  3189 14332.7647   43  264 14548.4900 14253.6236  2.03%   171 1340s
 15161  3219 14349.4541   37  483 14548.4900 14254.5630  2.02%   172 1357s
 15237  3266     cutoff   40      14548.4900 14254.9471  2.02%   173 1373s
 15350  3293 14460.2555   34  351 14548.4900 14257.1881  2.00%   174 1389s
 15436  3365 14492.9389   43  424 14548.4900 14258.2988  1.99%   176 1405s
 15576  3429 14379.9773   50  373 14548.4900 14260.1838  1.98%   176 1422s
 15719  3455 14540.4143   55  375 14548.4900 14263.8652  1.96%   177 1439s
 15776  3455 14531.2856   56  151 14548.4900 14264.9294  1.95%   178 1440s
 15831  3477 14482.3257   36  368 14548.4900 14265.2717  1.95%   178 1455s
 15956  3547 14478.2919   37  300 14548.4900 14265.9503  1.94%   179 1471s
 16114  3615 14526.1479   47  273 14548.4900 14269.9288  1.91%   180 1490s
 16252  3645 14517.4868   45  454 14548.4900 14271.0427  1.91%   181 1507s
 16420  3692 14443.0116   40  173 14548.4900 14272.2735  1.90%   182 1525s
 16541  3731 14480.1291   58  212 14548.4900 14273.5095  1.89%   183 1541s
 16657  3778 14435.5200   53  221 14548.4900 14274.5990  1.88%   184 1559s
 16790  3829 14348.1259   37  486 14548.4900 14275.0464  1.88%   185 1576s
 16910  3916 14386.3123   39  390 14548.4900 14276.0378  1.87%   186 1594s
 16964  3916     cutoff   48      14548.4900 14276.4811  1.87%   186 1595s
 17062  3952 14516.8506   46  210 14548.4900 14276.7298  1.87%   187 1612s
 17173  4013     cutoff   40      14548.4900 14277.8427  1.86%   188 1630s
 17318  4061     cutoff   58      14548.4900 14280.1374  1.84%   189 1648s
 17448  4119 14528.6268   46  225 14548.4900 14280.9911  1.84%   190 1666s
 17608  4175 14474.5816   40  434 14548.4900 14283.2931  1.82%   190 1683s
 17758  4266 14454.9439   39  353 14548.4900 14284.8623  1.81%   191 1702s
 17948  4303 14429.0660   48  316 14548.4900 14286.0411  1.80%   191 1721s
 18087  4352     cutoff   53      14548.4900 14286.3210  1.80%   192 1739s
 18245  4414 14454.8065   43  376 14548.4900 14287.9049  1.79%   193 1756s
 18385  4426     cutoff   59      14548.4900 14289.0131  1.78%   194 1774s
 18518  4471 14536.7923   39  354 14548.4900 14290.5371  1.77%   195 1793s
 18623  4524 14467.4789   47  392 14548.4900 14291.4111  1.77%   196 1811s
 18772  4565 14456.0516   36  330 14548.4900 14292.6536  1.76%   197 1830s
 18937  4629 14375.1347   46  237 14548.4900 14294.0421  1.75%   197 1849s
 19081  4734 14344.1094   42  350 14548.4900 14295.0028  1.74%   198 1868s
 19274  4772 14465.1815   45  390 14548.4900 14296.3711  1.73%   198 1886s
 19433  4835 14525.7795   40  211 14548.4900 14298.6043  1.72%   199 1904s
 19490  4835 14517.3360   43  218 14548.4900 14298.6043  1.72%   199 1905s
 19605  4891 14437.3011   40  465 14548.4900 14299.3853  1.71%   199 1922s
 19799  4942     cutoff   46      14548.4900 14300.3126  1.71%   200 1941s
 19914  4995 14460.0989   52  203 14548.4900 14301.5928  1.70%   201 1960s
 20057  5032 14432.3579   48  450 14548.4900 14303.1373  1.69%   202 1978s
 20183  5098     cutoff   41      14548.4900 14304.3480  1.68%   202 1998s
 20340  5098 14486.2871   50  264 14548.4900 14304.7680  1.68%   203 2000s
 20351  5129 14525.5781   50  365 14548.4900 14304.8596  1.67%   203 2019s
 20429  5129 14461.3289   37  377 14548.4900 14305.9652  1.67%   203 2020s
 20474  5174     cutoff   46      14548.4900 14306.0294  1.67%   204 2038s
 20617  5259 14388.6537   46  378 14548.4900 14307.0691  1.66%   205 2057s
 20808  5318 14421.7375   48  275 14548.4900 14307.9215  1.65%   205 2077s
 20982  5391 14534.7324   51  188 14548.4900 14309.1368  1.65%   206 2096s
 21188  5474 14514.6100   40  220 14548.4900 14310.6775  1.63%   206 2116s
 21388  5537 14432.4071   58  359 14548.4900 14311.9272  1.63%   206 2137s
 21592  5586 14415.4784   39  357 14548.4900 14312.7992  1.62%   207 2157s
 21742  5629     cutoff   50      14548.4900 14313.9307  1.61%   207 2177s
 21881  5721     cutoff   41      14548.4900 14314.6752  1.61%   208 2197s
 22090  5775 14527.5501   54  202 14548.4900 14315.4740  1.60%   208 2219s
 22292  5823 14391.0774   38  305 14548.4900 14316.2354  1.60%   209 2239s
 22354  5823 14486.7772   51  235 14548.4900 14316.2354  1.60%   209 2240s
 22431  5882 14479.9527   38  473 14548.4900 14317.5543  1.59%   209 2259s
 22527  5882 14445.3070   35  344 14548.4900 14317.5543  1.59%   209 2260s
 22619  5964 14477.0682   38  407 14548.4900 14318.2277  1.58%   209 2281s
 22832  6009 14395.4689   41  412 14548.4900 14319.0095  1.58%   210 2301s
 22998  6057     cutoff   60      14548.4900 14319.8810  1.57%   210 2321s
 23168  6129 14530.0206   53  297 14548.4900 14320.5393  1.57%   211 2343s
 23379  6224 14396.3963   43  324 14548.4900 14321.8193  1.56%   211 2365s
 23646  6277 14375.8804   47  161 14548.4900 14322.7072  1.55%   211 2387s
 23863  6359 14541.3465   90  187 14548.4900 14323.2679  1.55%   211 2407s
 24073  6411 14510.8685   41  380 14548.4900 14323.9841  1.54%   212 2427s
 24273  6502     cutoff   54      14548.4900 14325.5539  1.53%   212 2447s
 24470  6568 14372.8043   38  385 14548.4900 14327.1231  1.52%   212 2467s
 24638  6639 14541.2228   50  128 14548.4900 14327.8897  1.52%   213 2487s
 24835  6713 14436.9540   51  190 14548.4900 14329.0285  1.51%   213 2508s
 25025  6794 14493.3762   47  332 14548.4900 14329.5629  1.50%   214 2530s
 25242  6867 14409.7314   39  441 14548.4900 14330.0993  1.50%   214 2551s
 25445  6973 14392.3634   46  195 14548.4900 14330.8210  1.50%   214 2571s
 25673  7042 14520.5167   55  281 14548.4900 14331.4399  1.49%   214 2592s
 25905  7137 14395.6351   50  305 14548.4900 14332.2231  1.49%   215 2613s
 26037  7137 14352.4238   46  314 14548.4900 14332.2231  1.49%   215 2615s
 26136  7248 14373.8667   48  276 14548.4900 14333.0218  1.48%   215 2635s
 26395  7318 14391.2576   48  467 14548.4900 14333.7653  1.48%   215 2657s
 26611  7394 14526.4795   37  475 14548.4900 14334.6843  1.47%   215 2677s
 26802  7458     cutoff   44      14548.4900 14335.7746  1.46%   215 2699s
 26988  7508 14410.7799   50  140 14548.4900 14336.5575  1.46%   216 2720s
 27197  7544 14439.8080   60  237 14548.4900 14337.1588  1.45%   216 2747s
H27199  7309                    14531.490000 14337.1588  1.34%   216 2747s
 27262  7344 14476.3486   61  220 14531.4900 14337.2662  1.34%   216 2770s
 27407  7395     cutoff   54      14531.4900 14337.5890  1.33%   216 2790s
 27574  7454 infeasible   58      14531.4900 14338.4233  1.33%   216 2811s
 27784  7540 14431.4575   38  325 14531.4900 14340.0471  1.32%   217 2832s
 28020  7609 14419.2168   42  294 14531.4900 14340.4640  1.31%   217 2854s
 28088  7609 14398.7296   52  135 14531.4900 14340.4640  1.31%   217 2855s
 28248  7650 14407.7342   35  389 14531.4900 14341.5681  1.31%   217 2876s
 28438  7708 14445.4105   53  177 14531.4900 14341.8817  1.30%   217 2896s
 28664  7722 14433.1251   46   89 14531.4900 14342.8769  1.30%   217 2917s
 28824  7799 14417.3148   39  369 14531.4900 14343.9559  1.29%   218 2937s
 29033  7839 14487.8109   46  324 14531.4900 14344.7405  1.29%   218 2961s
 29241  7888 14504.4214   48  235 14531.4900 14345.2805  1.28%   219 2983s
 29452  7942     cutoff   47      14531.4900 14345.9230  1.28%   219 3006s
 29630  7987 14424.6017   47  424 14531.4900 14346.7634  1.27%   219 3027s
 29830  8043 14431.0239   36  364 14531.4900 14347.5590  1.27%   220 3049s
 30033  8099 14374.6548   39  427 14531.4900 14348.3837  1.26%   220 3071s
 30251  8144 14475.5789   32  362 14531.4900 14349.3897  1.25%   220 3093s
 30444  8179 14518.2554   48  190 14531.4900 14350.3078  1.25%   220 3114s
 30535  8179 14470.3683   40  365 14531.4900 14350.7968  1.24%   221 3115s
 30661  8235 14496.6803   55  241 14531.4900 14350.8425  1.24%   221 3137s
 30891  8302 14432.6428   46  308 14531.4900 14351.5306  1.24%   221 3159s
 30967  8302 14509.2250   45  376 14531.4900 14351.5306  1.24%   221 3160s
 31140  8418     cutoff   52      14531.4900 14352.2676  1.23%   221 3182s
 31405  8478     cutoff   54      14531.4900 14352.7903  1.23%   221 3204s
 31562  8478 14510.0957   50  279 14531.4900 14353.4979  1.22%   221 3205s
 31704  8508     cutoff   51      14531.4900 14353.5703  1.22%   221 3226s
 31918  8587 14450.1566   46  305 14531.4900 14354.1023  1.22%   221 3248s
 32099  8587 14493.2159   53  180 14531.4900 14354.8517  1.22%   221 3250s
 32167  8629 14506.3651   47  432 14531.4900 14354.8552  1.22%   221 3271s
 32386  8667 14497.0694   43  191 14531.4900 14355.5693  1.21%   221 3294s
 32558  8667 infeasible   60      14531.4900 14356.2701  1.21%   221 3295s
 32609  8703 14511.6889   97  194 14531.4900 14356.2824  1.21%   221 3316s
 32846  8751     cutoff   39      14531.4900 14357.2831  1.20%   221 3338s
 33066  8821 14403.7640   44  376 14531.4900 14357.9420  1.19%   221 3362s
 33269  8853 14462.1779   36  270 14531.4900 14358.4131  1.19%   222 3384s
 33363  8853     cutoff   56      14531.4900 14358.7292  1.19%   222 3385s
 33469  8931 14464.3874   32  391 14531.4900 14358.8394  1.19%   222 3407s
 33730  8994 14495.3920   43  343 14531.4900 14359.5167  1.18%   222 3432s
 33962  9028     cutoff   71      14531.4900 14360.0350  1.18%   222 3457s
 34193  9077 14500.1419   46  318 14531.4900 14360.5214  1.18%   222 3479s
 34286  9077 14400.1891   44  342 14531.4900 14360.5214  1.18%   223 3480s
 34425  9147 14471.6727   47  250 14531.4900 14360.9349  1.17%   223 3502s
 34672  9198 14523.0697   64  231 14531.4900 14361.6245  1.17%   223 3525s
 34873  9252 14506.2768   57  115 14531.4900 14362.1495  1.17%   223 3548s
 35126  9320 14510.3674   56  202 14531.4900 14362.5505  1.16%   223 3571s
 35376  9391 14429.9321   59  279 14531.4900 14363.1631  1.16%   223 3595s
 35628  9395 infeasible   62      14531.4900 14363.7424  1.15%   223 3600s

Cutting planes:
  User: 3723
  Gomory: 21
  Cover: 331
  Implied bound: 35
  Clique: 8
  MIR: 141
  StrongCG: 5
  Flow cover: 302
  Inf proof: 1
  Zero half: 25
  RLT: 244
  Relax-and-lift: 2
  Lazy constraints: 1477

Explored 35646 nodes (7963621 simplex iterations) in 3600.13 seconds
Thread count was 2 (of 32 available processors)

Solution count 10: 14531.5 14548.5 14556.8 ... 15112.2

Time limit reached
Best objective 1.453149000000e+04, best bound 1.436374326874e+04, gap 1.1544%

User-callback calls 268777, time in user-callback 250.68 sec
================================================================================
executing instance: ./input/Instances/Original/2/absH3high_4n10.dat
--------------------------------------------------------------------------------
Instance details
n	11
H	3
C	822
Li:
[0, 0, 0, 0, 0, 0, 0, 0, 0, 0, 0, ]
Ui:
[0, 102, 52, 88, 182, 153, 138, 38, 165, 297, 86, ]
Distance matrix:
|0	285	411	382	327	239	148	256	307	36	383	|
|285	0	352	98	249	103	227	235	120	268	209	|
|411	352	0	395	106	430	263	549	234	429	174	|
|382	98	395	0	302	173	320	288	168	364	227	|
|327	249	106	302	0	324	179	444	135	339	109	|
|239	103	430	173	324	0	241	132	212	212	305	|
|148	227	263	320	179	241	0	325	192	165	249	|
|256	235	549	288	444	132	325	0	342	220	436	|
|307	120	234	168	135	212	192	342	0	304	94	|
|36	268	429	364	339	212	165	220	304	0	386	|
|383	209	174	227	109	305	249	436	94	386	0	|

--------------------------------------------------------------------------------
Building model...
	using lazy and cut (CVRPSEP package)
Solving IRP LP...
--------------------------------------------------------------------------------

Gurobi 9.1.0 (linux64) logging started Sat Jan  9 05:56:05 2021

Gurobi Optimizer version 9.1.0 build v9.1.0rc0 (linux64)
Thread count: 32 physical cores, 32 logical processors, using up to 2 threads
Optimize a model with 329 rows, 728 columns and 2108 nonzeros
Model fingerprint: 0xc58cb854
Variable types: 134 continuous, 594 integer (99 binary)
Coefficient statistics:
  Matrix range     [1e+00, 3e+02]
  Objective range  [2e-01, 5e+02]
  Bounds range     [1e+00, 3e+02]
  RHS range        [2e+01, 1e+03]
Presolve removed 93 rows and 134 columns
Presolve time: 0.01s
Presolved: 236 rows, 594 columns, 1559 nonzeros
Variable types: 93 continuous, 501 integer (417 binary)
Found heuristic solution: objective 10458.590000

Root relaxation: objective 3.924833e+03, 312 iterations, 0.01 seconds

    Nodes    |    Current Node    |     Objective Bounds      |     Work
 Expl Unexpl |  Obj  Depth IntInf | Incumbent    BestBd   Gap | It/Node Time

     0     0 3924.83271    0   55 10458.5900 3924.83271  62.5%     -    0s
H    0     0                    6617.6300000 3924.83271  40.7%     -    0s
H    0     0                    6573.6300000 3924.83271  40.3%     -    0s
     0     0 4205.80157    0   63 6573.63000 4205.80157  36.0%     -    0s
     0     0 4235.07566    0   78 6573.63000 4235.07566  35.6%     -    0s
     0     0 4244.05773    0   81 6573.63000 4244.05773  35.4%     -    0s
     0     0 4256.74124    0   78 6573.63000 4256.74124  35.2%     -    0s
     0     0 4256.88618    0   87 6573.63000 4256.88618  35.2%     -    0s
     0     0 4382.09209    0   81 6573.63000 4382.09209  33.3%     -    0s
     0     0 4410.64546    0   87 6573.63000 4410.64546  32.9%     -    0s
     0     0 4410.67238    0   88 6573.63000 4410.67238  32.9%     -    0s
     0     0 4461.98964    0   83 6573.63000 4461.98964  32.1%     -    0s
     0     0 4468.34421    0   82 6573.63000 4468.34421  32.0%     -    0s
     0     0 4480.97460    0   83 6573.63000 4480.97460  31.8%     -    0s
     0     0 4488.62645    0   93 6573.63000 4488.62645  31.7%     -    0s
H    0     0                    6540.6300000 4488.62645  31.4%     -    0s
     0     0 4514.42656    0  102 6540.63000 4514.42656  31.0%     -    0s
     0     0 4514.93430    0  112 6540.63000 4514.93430  31.0%     -    0s
     0     0 4515.93472    0  114 6540.63000 4515.93472  31.0%     -    0s
     0     0 4516.08191    0  119 6540.63000 4516.08191  31.0%     -    0s
     0     0 4527.53755    0  117 6540.63000 4527.53755  30.8%     -    0s
     0     0 4529.02368    0  108 6540.63000 4529.02368  30.8%     -    0s
     0     0 4529.39530    0   98 6540.63000 4529.39530  30.7%     -    0s
     0     0 4532.48838    0   98 6540.63000 4532.48838  30.7%     -    0s
     0     0 4543.01982    0  110 6540.63000 4543.01982  30.5%     -    0s
     0     0 4545.78101    0  120 6540.63000 4545.78101  30.5%     -    0s
     0     0 4545.91521    0  118 6540.63000 4545.91521  30.5%     -    0s
     0     0 4552.76293    0  105 6540.63000 4552.76293  30.4%     -    0s
     0     0 4553.07260    0  106 6540.63000 4553.07260  30.4%     -    0s
     0     0 4554.27522    0  115 6540.63000 4554.27522  30.4%     -    0s
     0     0 4554.27522    0  115 6540.63000 4554.27522  30.4%     -    0s
     0     2 4557.40069    0  115 6540.63000 4557.40069  30.3%     -    0s
H   67    75                    6291.6300000 4662.96416  25.9%  56.1    0s
