




arguments: ./build/mirp_solver -f ./input/orig_exec_218.cfg
Current dir: /scratch/gui/bnc_mirp
File verbosity level: 9
date       time         ( uptime  ) [ thread name/id ]                   file:line     v| 
2021-01-10 12:14:57.371 (   0.382s) [main thread     ]             loguru.cpp:789   INFO| Logging to './output/vi_cus/OU/V3/Original/execution_10_01_2021_12_14_57.log', mode: 'a', verbosity: 9
--------------------------------------------------------------------------------
Parameters
                           instance_path           ./input/Instances/Original/6/
                            model_policy                                       1
                             nb_vehicles                                       3
                              output_dir         ./output/vi_cus/OU/V3/Original/
                            sec_strategy                                       1
                       solver_nb_threads                                       2
                         solver_show_log                                    true
                       solver_time_limit                                    3600
                              use_vi_cos                                   false
                              use_vi_cus                                    true
                         use_vi_hc1_full                                   false
                         use_vi_hc1_half                                   false
                      use_vi_hc1_quarter                                   false
                              use_vi_hc2                                   false
                              use_vi_hc3                                   false
                         use_vi_lex_full                                   false
                         use_vi_lex_half                                   false
                      use_vi_lex_quarter                                   false
                              use_vi_qua                                   false
                               use_vi_vc                                   false
                               use_vi_vr                                   false
--------------------------------------------------------------------------------
executing instance: ./input/Instances/Original/6/absH6high_1n25.dat
--------------------------------------------------------------------------------
Instance details
n	26
H	6
C	1711
Li:
[0, 0, 0, 0, 0, 0, 0, 0, 0, 0, 0, 0, 0, 0, 0, 0, 0, 0, 0, 0, 0, 0, 0, 0, 0, 0, ]
Ui:
[0, 168, 176, 34, 66, 36, 177, 106, 118, 182, 64, 141, 189, 63, 46, 111, 182, 231, 36, 66, 68, 54, 132, 90, 246, 75, ]
Distance matrix:
|0	191	200	231	334	329	146	196	208	245	218	164	283	394	151	358	156	196	309	253	201	260	127	138	130	104	|
|191	0	226	229	278	146	328	216	390	417	327	293	195	334	106	296	171	122	472	151	12	411	280	53	190	130	|
|200	226	0	38	149	359	321	10	276	274	418	364	139	204	121	173	321	115	303	141	225	236	155	202	311	256	|
|231	229	38	0	110	352	358	37	314	310	448	395	108	167	129	135	342	109	336	120	226	268	194	213	335	277	|
|334	278	149	110	0	367	467	147	422	413	546	495	86	61	203	25	423	163	429	129	271	363	303	282	424	361	|
|329	146	359	352	367	0	453	349	533	562	411	393	282	411	245	378	250	244	617	245	141	556	426	195	284	243	|
|146	328	321	358	467	453	0	321	162	215	160	112	425	524	297	491	223	341	284	397	339	266	186	276	184	210	|
|196	216	10	37	147	349	321	0	281	281	414	360	132	203	112	171	315	105	311	132	216	244	159	193	305	249	|
|208	390	276	314	422	533	162	281	0	54	321	271	410	471	316	445	348	348	123	398	398	115	125	338	313	309	|
|245	417	274	310	413	562	215	281	54	0	375	323	413	457	334	435	393	361	70	406	424	69	139	367	359	349	|
|218	327	418	448	546	411	160	414	321	375	0	57	484	606	347	569	163	393	444	446	339	421	318	288	137	199	|
|164	293	364	395	495	393	112	360	271	323	57	0	437	556	300	519	144	346	393	401	305	367	261	249	109	163	|
|283	195	139	108	86	282	425	132	410	413	484	437	0	139	137	101	349	91	443	44	187	375	286	206	355	291	|
|394	334	204	167	61	411	524	203	471	457	606	556	139	0	264	38	483	222	467	183	326	403	356	341	484	421	|
|151	106	121	129	203	245	297	112	316	334	347	300	137	264	0	225	220	46	381	102	106	316	195	84	221	158	|
|358	296	173	135	25	378	491	171	445	435	569	519	101	38	225	0	444	184	450	145	288	384	328	303	446	383	|
|156	171	321	342	423	250	223	315	348	393	163	144	349	483	220	444	0	261	460	308	183	415	284	143	39	65	|
|196	122	115	109	163	244	341	105	348	361	393	346	91	222	46	184	261	0	402	56	118	336	224	119	264	200	|
|309	472	303	336	429	617	284	311	123	70	444	393	443	467	381	450	460	402	0	442	477	68	192	424	426	413	|
|253	151	141	120	129	245	397	132	398	406	446	401	44	183	102	145	308	56	442	0	143	375	273	164	315	251	|
|201	12	225	226	271	141	339	216	398	424	339	305	187	326	106	288	183	118	477	143	0	416	286	63	202	142	|
|260	411	236	268	363	556	266	244	115	69	421	367	375	403	316	384	415	336	68	375	416	0	135	365	384	363	|
|127	280	155	194	303	426	186	159	125	139	318	261	286	356	195	328	284	224	192	273	286	135	0	232	256	229	|
|138	53	202	213	282	195	276	193	338	367	288	249	206	341	84	303	143	119	424	164	63	365	232	0	153	89	|
|130	190	311	335	424	284	184	305	313	359	137	109	355	484	221	446	39	264	426	315	202	384	256	153	0	64	|
|104	130	256	277	361	243	210	249	309	349	199	163	291	421	158	383	65	200	413	251	142	363	229	89	64	0	|

--------------------------------------------------------------------------------
Building model...
	using lazy and cut (CVRPSEP package)
Solving IRP LP...
--------------------------------------------------------------------------------

Gurobi 9.1.0 (linux64) logging started Sun Jan 10 12:14:58 2021

Gurobi Optimizer version 9.1.0 build v9.1.0rc0 (linux64)
Thread count: 32 physical cores, 32 logical processors, using up to 2 threads
Optimize a model with 1436 rows, 6950 columns and 17504 nonzeros
Model fingerprint: 0x8238463c
Variable types: 632 continuous, 6318 integer (468 binary)
Coefficient statistics:
  Matrix range     [1e+00, 6e+02]
  Objective range  [1e-01, 6e+02]
  Bounds range     [1e+00, 2e+02]
  RHS range        [1e+01, 3e+03]
Presolve removed 238 rows and 68 columns
Presolve time: 0.06s
Presolved: 1198 rows, 6882 columns, 16203 nonzeros
Variable types: 550 continuous, 6332 integer (5868 binary)

Root relaxation: objective 1.362101e+04, 1584 iterations, 0.03 seconds

    Nodes    |    Current Node    |     Objective Bounds      |     Work
 Expl Unexpl |  Obj  Depth IntInf | Incumbent    BestBd   Gap | It/Node Time

     0     0 13621.0136    0  231          - 13621.0136      -     -    0s
     0     0 13798.3290    0  210          - 13798.3290      -     -    0s
     0     0 13827.7632    0  256          - 13827.7632      -     -    0s
     0     0 13839.4239    0  267          - 13839.4239      -     -    0s
     0     0 13867.7159    0  252          - 13867.7159      -     -    0s
     0     0 13878.4025    0  270          - 13878.4025      -     -    0s
     0     0 13880.8479    0  258          - 13880.8479      -     -    0s
     0     0 13880.8553    0  258          - 13880.8553      -     -    0s
     0     0 14526.6268    0  331          - 14526.6268      -     -    0s
     0     0 14617.7449    0  318          - 14617.7449      -     -    1s
     0     0 14626.6276    0  361          - 14626.6276      -     -    1s
     0     0 14633.0924    0  329          - 14633.0924      -     -    1s
     0     0 14639.8630    0  351          - 14639.8630      -     -    1s
     0     0 14642.5735    0  345          - 14642.5735      -     -    1s
     0     0 14665.5792    0  281          - 14665.5792      -     -    1s
     0     0 14684.7276    0  337          - 14684.7276      -     -    1s
     0     0 14709.2100    0  362          - 14709.2100      -     -    1s
     0     0 14714.2575    0  360          - 14714.2575      -     -    1s
     0     0 14736.7789    0  357          - 14736.7789      -     -    1s
     0     0 14742.9392    0  345          - 14742.9392      -     -    1s
     0     0 14748.4573    0  363          - 14748.4573      -     -    1s
     0     0 14748.7195    0  368          - 14748.7195      -     -    1s
     0     0 15184.0269    0  378          - 15184.0269      -     -    2s
     0     0 15218.9531    0  376          - 15218.9531      -     -    2s
     0     0 15239.3535    0  408          - 15239.3535      -     -    2s
     0     0 15268.2956    0  428          - 15268.2956      -     -    2s
     0     0 15302.2410    0  417          - 15302.2410      -     -    2s
     0     0 15322.6987    0  406          - 15322.6987      -     -    2s
     0     0 15328.8688    0  432          - 15328.8688      -     -    2s
     0     0 15331.9868    0  438          - 15331.9868      -     -    2s
     0     0 15335.8570    0  416          - 15335.8570      -     -    2s
     0     0 15337.1490    0  394          - 15337.1490      -     -    2s
     0     0 15552.6663    0  417          - 15552.6663      -     -    3s
     0     0 15603.9428    0  497          - 15603.9428      -     -    3s
     0     0 15622.2804    0  503          - 15622.2804      -     -    4s
     0     0 15638.6093    0  512          - 15638.6093      -     -    4s
     0     0 15641.2103    0  513          - 15641.2103      -     -    4s
     0     0 15711.9146    0  429          - 15711.9146      -     -    4s
     0     0 15723.4472    0  472          - 15723.4472      -     -    4s
     0     0 15725.5702    0  451          - 15725.5702      -     -    5s
     0     0 15751.9887    0  440          - 15751.9887      -     -    5s
     0     0 15752.7864    0  487          - 15752.7864      -     -    5s
     0     0 15758.9176    0  481          - 15758.9176      -     -    5s
     0     0 15758.9176    0  424          - 15758.9176      -     -    6s
     0     2 15759.1996    0  424          - 15759.1996      -     -    7s
    20    23 15791.0608    6  549          - 15767.5428      -   935   10s
    68    72 16147.3077   19  358          - 15767.5428      -   688   15s
    95   103 16387.7545   29  387          - 15767.5428      -   725   20s
   144   153 16888.5504   42  354          - 15767.5428      -   670   25s
   206   221 17391.3445   59  284          - 15767.5428      -   584   30s
   295   320 17928.9719   87  237          - 15767.5428      -   482   35s
   485   552 19597.9130  170  103          - 15767.5428      -   338   40s
   662   664 16326.8703   10  516          - 15789.3212      -   282   45s
   841   869 16861.6826   32  223          - 15789.3212      -   248   52s
  1015  1011 17181.4556   61  108          - 15789.3212      -   217   56s
  1091  1056 16593.6427   19  349          - 15789.3212      -   215   60s
  1108  1067 16204.8264    8  687          - 16202.0440      -   211   65s
  1121  1076 16709.1526   24  620          - 16236.3395      -   209   70s
  1133  1085 16948.5701   49  231          - 16238.4603      -   231   75s
  1148  1095 19889.2013  186  653          - 16241.0904      -   228   80s
  1160  1103 17052.3139   40  637          - 16243.5991      -   225   85s
  1172  1114 16321.1117   29  516          - 16310.7635      -   247   90s
  1194  1129 16481.3779   34  512          - 16320.4999      -   264   95s
  1238  1160 16408.7665   44  456          - 16320.4999      -   274  100s
  1291  1199 16562.6759   56  343          - 16320.4999      -   281  105s
  1363  1253 16548.8647   71  289          - 16320.4999      -   287  110s
  1432  1299 16748.2451   85  381          - 16320.4999      -   290  115s
  1504  1356 16705.9027   99  229          - 16320.4999      -   292  120s
  1656  1486 16928.5089  113  233          - 16320.4999      -   282  126s
  1853  1575 16996.7760  128  144          - 16320.4999      -   263  132s
  1970  1587 17216.1163  140  184          - 16320.4999      -   254  136s
  2016  1587 16466.2057   30  589          - 16321.8405      -   255  140s
  2050  1610 16644.3911   36  515          - 16321.8405      -   263  145s
  2092  1642 16735.2257   44  426          - 16321.8405      -   271  151s
  2133  1674 16843.0018   55  340          - 16321.8405      -   276  156s
  2180  1718 16868.8796   68  339          - 16321.8405      -   280  161s
  2235  1752 16948.9185   78  317          - 16321.8405      -   280  165s
  2330  1830 17379.4169  101  255          - 16321.8405      -   280  171s
  2412  1902 17198.7156  121  247          - 16321.8405      -   278  176s
  2535  1996 17541.3083  138  208          - 16321.8405      -   274  182s
  2606  2061 17415.9866  153  186          - 16321.8405      -   271  185s
  2798  2249 18092.4037  183  139          - 16321.8405      -   263  192s
  2948  2221 18364.3636  205   83          - 16321.8405      -   256  205s
* 3129  2234             251    19533.820000 16321.8405  16.4%   245  210s
  3307  2121 16450.7146   31  607 19533.8200 16371.2890  16.2%   238  216s
H 3330  2031                    19461.820000 16371.2890  15.9%   241  219s
H 3338  1981                    19452.100000 16371.2890  15.8%   243  222s
  3369  2006 16686.4938   40  475 19452.1000 16371.2890  15.8%   248  228s
  3387  2030 16729.8043   43  404 19452.1000 16371.2890  15.8%   250  231s
  3443  2073 16903.9451   49  438 19452.1000 16371.2890  15.8%   252  237s
  3479  2096 17039.5041   53  420 19452.1000 16371.2890  15.8%   253  241s
  3514  2134 17175.1968   54  373 19452.1000 16371.2890  15.8%   254  245s
  3563  2120 17300.8399   61  274 19452.1000 16371.2890  15.8%   253  250s
  3647  2182 17408.3052   65  305 19452.1000 16371.2890  15.8%   252  257s
  3676  2187 17524.8264   70  314 19452.1000 16371.2890  15.8%   253  261s
  3690  2215 17530.8133   71  267 19452.1000 16371.2890  15.8%   256  265s
  3723  2238 17640.7434   81  276 19452.1000 16371.2890  15.8%   257  273s
H 3755  2173                    19437.099995 16371.2890  15.8%   257  273s
H 3756  2074                    19234.380000 16371.2890  14.9%   257  273s
  3757  2134 17712.9553   86  260 19234.3800 16371.2890  14.9%   257  278s
  3827  2179 17923.7398   99  246 19234.3800 16371.2890  14.9%   256  283s
  3872  2275 18182.9557  113  184 19234.3800 16371.2890  14.9%   257  288s
  3970  2305 19017.2486  143  150 19234.3800 16386.2249  14.8%   255  294s
  4014  2305 18524.3867   66  189 19234.3800 16386.2715  14.8%   255  295s
  4042  2333 16629.3920   36  488 19234.3800 16386.2715  14.8%   255  300s
  4070  2391 16951.3266   54  375 19234.3800 16386.2715  14.8%   257  305s
  4128  2450 17630.4301   90  284 19234.3800 16386.3806  14.8%   257  311s
  4203  2485 16469.9826   35  483 19234.3800 16386.3806  14.8%   256  322s
  4238  2579 16916.3172   52  330 19234.3800 16386.3806  14.8%   256  328s
  4355  2608 17846.5959   99  226 19234.3800 16387.4243  14.8%   254  334s
  4394  2639 17024.7397   39  433 19234.3800 16387.4243  14.8%   256  339s
  4411  2639 16620.3433   42  460 19234.3800 16387.4243  14.8%   258  340s
  4425  2690 17605.1733   56  416 19234.3800 16387.4243  14.8%   259  345s
  4478  2741 18319.7861   86  225 19234.3800 16390.6348  14.8%   260  351s
  4545  2827 16596.1653   40  465 19234.3800 16390.6348  14.8%   260  358s
  4631  2945 17277.0931   61  281 19234.3800 16393.1012  14.8%   260  365s
  4784  2985 16510.5134   39  387 19234.3800 16393.1858  14.8%   257  372s
  4824  3109 16908.9140   55  373 19234.3800 16393.1858  14.8%   259  379s
  4910  3109 18114.4460  105  105 19234.3800 16393.1858  14.8%   258  380s
  4971  3167 18248.9462  103  265 19234.3800 16399.3886  14.7%   257  386s
  5051  3276 16685.5967   46  328 19234.3800 16399.3886  14.7%   257  394s
  5138  3276 18990.6532  136   96 19234.3800 16399.3886  14.7%   256  395s
  5172  3368 16825.3355   54  324 19234.3800 16399.3886  14.7%   256  401s
  5266  3518 17150.2264   75  167 19234.3800 16399.3886  14.7%   256  410s
  5446  3612 18452.8706  130   70 19234.3800 16410.2852  14.7%   253  419s
  5582  3657 16687.6306   44  456 19234.3800 16410.4134  14.7%   252  427s
  5627  3703 16845.8706   54  313 19234.3800 16410.4134  14.7%   255  434s
  5673  3789 17036.1301   61  313 19234.3800 16410.4134  14.7%   258  442s
  5761  3886 17283.0592   67  326 19234.3800 16410.4134  14.7%   259  451s
  5890  3967 17670.0214   81  277 19234.3800 16410.4134  14.7%   259  462s
  5987  4069 infeasible  103      19234.3800 16413.0043  14.7%   258  472s
  6114  4126 infeasible   72      19234.3800 16418.1370  14.6%   258  483s
  6217  4189 17142.2556   43  531 19234.3800 16418.4371  14.6%   260  493s
  6280  4267 18093.5181   67  372 19234.3800 16419.3671  14.6%   261  503s
  6396  4357 16862.4347   50  431 19234.3800 16423.3675  14.6%   262  518s
  6515  4418 16644.5895   53  293 19234.3800 16427.4343  14.6%   262  528s
  6588  4473 18097.6579   85  258 19234.3800 16429.4895  14.6%   264  538s
  6651  4576 17599.2657   78  390 19234.3800 16430.4188  14.6%   266  550s
  6768  4699 16729.4745   37  515 19234.3800 16430.4188  14.6%   267  595s
  6917  4929 17286.3430   63  474 19234.3800 16430.6496  14.6%   266  607s
  7181  5070 16718.3673   56  397 19234.3800 16433.4588  14.6%   261  619s
  7228  5070 18072.3829  103   72 19234.3800 16433.4588  14.6%   261  620s
  7347  5155 16663.3371   49  453 19234.3800 16434.1717  14.6%   259  635s
  7432  5247 16975.6879   69  306 19234.3800 16436.5584  14.5%   262  648s
  7552  5358 16543.7060   36  595 19234.3800 16436.5584  14.5%   264  663s
  7690  5469 17359.8744   74  380 19234.3800 16438.6394  14.5%   265  679s
  7817  5602 16966.8927   63  479 19234.3800 16442.2183  14.5%   266  694s
  7977  5665 16695.8163   36  509 19234.3800 16442.8505  14.5%   267  709s
  8040  5776 17003.6093   44  476 19234.3800 16442.8505  14.5%   270  724s
  8152  5981 17363.1844   52  475 19234.3800 16442.8505  14.5%   272  742s
  8378  6054 17957.4342   76  309 19234.3800 16446.1007  14.5%   271  758s
  8478  6147 17577.7333   56  374 19234.3800 16452.8097  14.5%   273  774s
  8591  6319 16849.3948   44  475 19234.3800 16453.9041  14.5%   275  791s
  8783  6397     cutoff  148      19234.3800 16455.3275  14.4%   274  808s
  8894  6496 16746.9712   51  463 19234.3800 16458.5931  14.4%   276  823s
  9021  6583 16635.9969   51  453 19234.3800 16460.1504  14.4%   278  840s
  9110  6744 17073.1970   78  252 19234.3800 16460.4475  14.4%   280  856s
  9293  6909 16996.6554   60  357 19234.3800 16460.4475  14.4%   281  878s
H 9350  6496                    18967.980000 16460.4475  13.2%   282  878s
  9507  6574 17355.8489   89  236 18967.9800 16463.1617  13.2%   280  894s
  9585  6574 16722.7592   56  430 18967.9800 16465.0570  13.2%   280  895s
  9641  6694 18284.2750   93  296 18967.9800 16469.4055  13.2%   281  911s
  9785  6835 16708.1199   37  514 18967.9800 16470.1745  13.2%   282  928s
  9943  6937 16668.8281   39  594 18967.9800 16470.2343  13.2%   284  946s
 10061  7028 17733.5471   74  439 18967.9800 16475.5766  13.1%   285  963s
 10164  7276 17051.9034   57  371 18967.9800 16479.6111  13.1%   288  984s
 10274  7276 17193.7279   71  321 18967.9800 16479.6112  13.1%   289  985s
 10444  7434 16782.0743   48  426 18967.9800 16479.6112  13.1%   286 1003s
 10612  7562 18663.7635  112  220 18967.9800 16479.6132  13.1%   287 1021s
 10770  7667 17641.0912   73  297 18967.9800 16481.0023  13.1%   288 1039s
 10803  7667 18893.2710  104   72 18967.9800 16481.0023  13.1%   288 1040s
 10902  7837 17341.5613   68  387 18967.9800 16482.9659  13.1%   289 1058s
 11104  7960 17146.4802   50  485 18967.9800 16483.0536  13.1%   289 1075s
 11241  8077 18763.6752  112  290 18967.9800 16484.8217  13.1%   290 1092s
 11371  8253 17895.8546   75  383 18967.9800 16485.7328  13.1%   291 1112s
 11589  8370 16948.7711   44  487 18967.9800 16485.7347  13.1%   291 1130s
 11717  8465     cutoff   96      18967.9800 16486.7750  13.1%   292 1148s
 11846  8606 17606.2967   80  320 18967.9800 16487.7088  13.1%   294 1167s
 12019  8770 17836.8234   81  247 18967.9800 16488.6128  13.1%   294 1184s
 12051  8770 infeasible  113      18967.9800 16488.6128  13.1%   294 1185s
 12217  8912 17701.4240  101  251 18967.9800 16488.6298  13.1%   295 1204s
 12397  9009 17197.1067   58  390 18967.9800 16488.8226  13.1%   295 1221s
 12494  9264 17218.6152   81  314 18967.9800 16488.8226  13.1%   296 1241s
 12773  9296 17932.9110  107  243 18967.9800 16488.8226  13.1%   295 1335s
H12788  6125                    17904.690000 16488.8226  7.91%   295 1335s
 12805  6212     cutoff  109      17904.6900 16490.3481  7.90%   295 1354s
 12862  6212 17810.2792   79  240 17904.6900 16490.3481  7.90%   295 1355s
H12958  5979                    17828.920000 16491.8168  7.50%   296 1374s
 13011  5979 17821.5716  104  205 17828.9200 16492.0715  7.50%   296 1375s
 13081  6058 16738.2893   43  420 17828.9200 16493.0575  7.49%   296 1393s
 13207  6160 16616.1656   39  489 17828.9200 16495.0684  7.48%   298 1413s
 13331  6323 16811.5920   73  278 17828.9200 16495.7621  7.48%   300 1432s
 13516  6422 17267.4341   72  321 17828.9200 16496.3019  7.47%   301 1453s
 13646  6538 16718.0978   45  430 17828.9200 16497.5519  7.47%   303 1472s
 13788  6642 16639.3093   35  553 17828.9200 16498.0453  7.46%   305 1493s
 13914  6803 16825.2628   49  356 17828.9200 16498.2263  7.46%   308 1513s
 14018  6803 17307.4017   74  286 17828.9200 16498.2263  7.46%   309 1515s
 14095  6948 17568.4402   83  249 17828.9200 16498.5186  7.46%   309 1535s
 14305  7020 16591.7640   41  466 17828.9200 16498.9088  7.46%   309 1556s
 14406  7156 16893.6450   58  304 17828.9200 16500.2284  7.45%   312 1578s
 14566  7258 16600.4350   44  383 17828.9200 16500.2284  7.45%   314 1599s
 14690  7379 16902.1151   49  463 17828.9200 16500.2284  7.45%   316 1620s
*14756  7347             114    17823.410000 16500.2284  7.42%   315 1621s
 14839  7497 16883.7697   49  511 17823.4100 16500.5142  7.42%   317 1643s
 15014  7633 17079.9672   71  393 17823.4100 16500.5142  7.42%   317 1663s
 15164  7786 17651.5949  107  285 17823.4100 16502.1918  7.41%   318 1684s
 15373  7890 16540.7113   42  448 17823.4100 16503.7407  7.40%   318 1705s
 15495  8012 16984.6751   53  347 17823.4100 16507.1860  7.38%   320 1726s
 15655  8115 16589.0882   48  408 17823.4100 16508.4231  7.38%   322 1745s
 15758  8303 17010.0778   67  395 17823.4100 16508.4374  7.38%   324 1766s
 16009  8397 16516.3455   41  457 17823.4100 16510.2167  7.37%   323 1787s
 16146  8485 17445.0828   47  382 17823.4100 16510.9309  7.36%   324 1808s
 16282  8619 16665.1084   50  453 17823.4100 16512.1237  7.36%   326 1829s
 16408  8619 17616.5523   84  306 17823.4100 16512.7740  7.35%   326 1830s
 16437  8784 17732.0112   81  373 17823.4100 16512.9464  7.35%   327 1850s
 16620  8896 17745.0513  114  356 17823.4100 16513.8512  7.35%   327 1872s
 16767  9030 16727.2747   46  680 17823.4100 16515.6145  7.34%   328 1893s
 16930  9119 16703.8814   45  509 17823.4100 16515.6798  7.34%   329 1915s
H16981  8745                    17765.150000 16515.6798  7.03%   330 1916s
 17021  8850 17481.1201   71  299 17765.1500 16516.1168  7.03%   331 1937s
 17183  8971 16974.7818   51  493 17765.1500 16516.5099  7.03%   331 1958s
 17316  9058 17708.9221   97  382 17765.1500 16516.5314  7.03%   332 1980s
 17452  9178 17314.2209   58  396 17765.1500 16517.2089  7.02%   333 2002s
 17612  9264 17021.0949   69  405 17765.1500 16517.4125  7.02%   335 2024s
 17695  9264 16683.3537   66  330 17765.1500 16518.1797  7.02%   335 2025s
 17766  9394 16710.6236   43  478 17765.1500 16518.3283  7.02%   336 2049s
 17834  9394 17743.3484  110  202 17765.1500 16518.3283  7.02%   336 2050s
 17922  9563 16758.6359   45  570 17765.1500 16519.2820  7.01%   337 2073s
 18118  9655 17192.6275   64  395 17765.1500 16520.5232  7.01%   337 2095s
H18200  9653                    17763.920000 16520.5232  7.00%   337 2096s
 18251  9713 16798.4444   42  484 17763.9200 16522.4564  6.99%   338 2117s
 18363  9789 16588.0292   34  548 17763.9200 16522.7263  6.99%   341 2138s
 18439  9933 16922.6647   55  326 17763.9200 16522.8163  6.99%   343 2161s
 18595 10116 16905.1045   46  507 17763.9200 16523.6021  6.98%   343 2184s
 18656 10116 17070.4739   61  415 17763.9200 16523.6021  6.98%   344 2185s
 18808 10224 17217.5503   76  311 17763.9200 16524.2654  6.98%   343 2208s
 18942 10366 16795.1979   51  289 17763.9200 16524.3521  6.98%   344 2230s
 19104 10531 16862.7577   43  441 17763.9200 16525.2240  6.97%   344 2252s
 19302 10595 17716.2009   81  266 17763.9200 16525.5688  6.97%   344 2275s
 19424 10715 17217.5833   58  403 17763.9200 16526.5025  6.97%   345 2299s
 19605 10849 16692.7070   39  582 17763.9200 16527.4089  6.96%   346 2321s
 19769 10941 16754.0054   44  445 17763.9200 16529.1330  6.95%   346 2343s
 19927 11027 17741.6815   69  423 17763.9200 16531.2667  6.94%   347 2368s
 20049 11123 17168.0126   46  563 17763.9200 16532.8062  6.93%   348 2392s
 20184 11217 16608.5078   37  629 17763.9200 16533.4764  6.93%   349 2415s
 20292 11377 17043.4119   49  575 17763.9200 16533.9932  6.92%   350 2439s
 20465 11542 17117.6302   66  350 17763.9200 16534.0515  6.92%   350 2462s
 20692 11682 16940.8745   42  486 17763.9200 16535.8166  6.91%   350 2487s
 20869 11778 16886.6651   44  521 17763.9200 16536.2159  6.91%   350 2510s
 20981 11913 16994.5740   55  522 17763.9200 16536.5178  6.91%   352 2533s
 21144 12062 17661.1772   69  341 17763.9200 16537.7389  6.90%   352 2556s
 21328 12265 16990.8222   68  414 17763.9200 16540.0120  6.89%   353 2581s
 21585 12384 17000.1782   39  469 17763.9200 16540.7647  6.89%   352 2606s
 21727 12521 17265.0640   62  419 17763.9200 16541.0790  6.88%   353 2630s
 21906 12609 17410.8670   61  271 17763.9200 16541.2650  6.88%   353 2652s
 22039 12681 16856.1464   37  624 17763.9200 16541.9354  6.88%   354 2674s
 22111 12789 17161.6420   54  480 17763.9200 16542.4816  6.88%   356 2697s
 22276 12930 16694.0350   44  470 17763.9200 16542.8570  6.87%   356 2722s
 22454 13111 17208.8936   72  361 17763.9200 16542.9731  6.87%   357 2748s
 22683 13208 17193.2073   58  371 17763.9200 16543.9011  6.87%   357 2772s
 22889 13355 16767.0638   47  425 17763.9200 16544.3282  6.87%   357 2796s
 23086 13492 16801.1145   34  446 17763.9200 16545.8421  6.86%   357 2823s
H23241 12695                    17666.800000 16545.8421  6.34%   358 2847s
 23462 12813 17644.1655   83  348 17666.8000 16547.2579  6.34%   358 2872s
 23628 12929 17417.3274   86  319 17666.8000 16548.6307  6.33%   358 2897s
 23787 13144 16829.6752   43  482 17666.8000 16548.7890  6.33%   359 2922s
 24039 13271 17415.8251   83  305 17666.8000 16548.8744  6.33%   358 2947s
 24231 13436 17017.3814   49  366 17666.8000 16550.5866  6.32%   358 2972s
 24421 13599     cutoff   93      17666.8000 16550.8515  6.32%   358 2997s
 24626 13703 17152.8406   78  436 17666.8000 16551.1528  6.31%   358 3021s
 24770 13815 16729.9642   39  538 17666.8000 16551.7519  6.31%   359 3044s
 24842 13815 17523.5633  107  312 17666.8000 16552.9856  6.30%   359 3045s
 24947 13965 16959.4687   35  498 17666.8000 16553.0138  6.30%   359 3069s
 25039 13965 16943.1505   47  419 17666.8000 16553.9560  6.30%   359 3070s
 25142 14115 16832.4484   55  453 17666.8000 16554.0502  6.30%   360 3093s
 25262 14115 17579.1237  106  260 17666.8000 16554.2097  6.30%   360 3095s
 25342 14201     cutoff   72      17666.8000 16554.5025  6.30%   360 3120s
 25473 14370 17512.8236   60  322 17666.8000 16555.7318  6.29%   361 3145s
 25698 14486 16710.2523   43  500 17666.8000 16555.9616  6.29%   361 3170s
 25814 14668 17085.0153   69  470 17666.8000 16556.5353  6.28%   362 3197s
 26065 14836 16769.7893   49  468 17666.8000 16556.7364  6.28%   361 3224s
 26130 14836 16945.5894   52  352 17666.8000 16556.7364  6.28%   362 3225s
 26284 14933 16775.5267   40  588 17666.8000 16556.9840  6.28%   362 3249s
 26346 14933 16712.4675   34  514 17666.8000 16557.0063  6.28%   363 3250s
 26404 15087 17377.7231   58  298 17666.8000 16557.0115  6.28%   363 3273s
 26588 15221 17204.0989   60  276 17666.8000 16557.0621  6.28%   363 3299s
H26690 14932                    17644.910000 16557.0621  6.17%   363 3299s
 26766 15092 17531.2185   58  392 17644.9100 16557.2441  6.16%   363 3323s
 26988 15179 16864.4167   56  486 17644.9100 16558.4384  6.16%   363 3350s
H27063 14995                    17630.890000 16558.4384  6.08%   363 3351s
 27111 15139 17290.7597   80  214 17630.8900 16558.9053  6.08%   363 3375s
 27332 15270 16836.6358   46  452 17630.8900 16559.9017  6.07%   363 3400s
 27501 15396 16719.4144   46  487 17630.8900 16560.6168  6.07%   364 3425s
 27664 15500 16784.4227   47  354 17630.8900 16561.3680  6.07%   364 3451s
 27821 15633 16809.4644   45  446 17630.8900 16562.0703  6.06%   364 3483s
 28002 15783 16872.0524   47  396 17630.8900 16562.8063  6.06%   365 3511s
 28243 15888 16764.9788   42  596 17630.8900 16563.1661  6.06%   365 3537s
 28348 16032 17016.4877   67  429 17630.8900 16563.3739  6.05%   366 3563s
 28539 16032 infeasible  105      17630.8900 16563.6398  6.05%   366 3565s
 28551 16148 16854.8307   48  390 17630.8900 16563.6824  6.05%   366 3600s

Cutting planes:
  User: 4633
  Gomory: 61
  Cover: 454
  Implied bound: 65
  Clique: 5
  MIR: 349
  StrongCG: 4
  Flow cover: 854
  Inf proof: 3
  Zero half: 10
  Network: 4
  RLT: 366
  Relax-and-lift: 9
  Lazy constraints: 359

Explored 28715 nodes (10525734 simplex iterations) in 3601.16 seconds
Thread count was 2 (of 32 available processors)

Solution count 10: 17630.9 17644.9 17666.8 ... 19234.4

Time limit reached
Best objective 1.763089000000e+04, best bound 1.656370148013e+04, gap 6.0529%

User-callback calls 387111, time in user-callback 162.03 sec
================================================================================
executing instance: ./input/Instances/Original/6/absH6high_1n20.dat
--------------------------------------------------------------------------------
Instance details
n	21
H	6
C	1651
Li:
[0, 0, 0, 0, 0, 0, 0, 0, 0, 0, 0, 0, 0, 0, 0, 0, 0, 0, 0, 0, 0, ]
Ui:
[0, 36, 182, 182, 90, 261, 117, 30, 110, 42, 276, 153, 40, 94, 144, 46, 129, 213, 264, 160, 174, ]
Distance matrix:
|0	371	401	343	361	341	370	115	392	400	79	266	292	245	355	431	265	194	95	92	348	|
|371	0	37	141	110	250	117	438	67	131	372	305	115	238	247	255	235	296	392	430	185	|
|401	37	0	175	100	284	146	472	90	156	406	342	152	275	280	282	242	333	415	455	178	|
|343	141	175	0	239	110	38	374	95	60	314	182	67	130	106	127	318	201	397	423	303	|
|361	110	100	239	0	341	222	451	177	240	385	374	190	304	341	361	151	345	354	398	78	|
|341	250	284	110	341	0	143	337	203	151	289	102	152	97	15	95	394	156	415	431	398	|
|370	117	146	38	222	143	0	407	61	30	346	220	81	167	137	139	317	237	417	447	292	|
|115	438	472	374	451	337	407	0	443	434	66	241	339	251	351	431	374	181	201	177	450	|
|392	67	90	95	177	203	61	443	0	66	379	275	104	216	197	193	294	283	427	461	252	|
|400	131	156	60	240	151	30	434	66	0	374	237	112	189	142	127	344	261	448	477	312	|
|79	372	406	314	385	289	346	66	379	374	0	202	275	197	304	383	316	134	175	166	388	|
|266	305	342	182	374	102	220	241	275	237	202	0	191	70	117	196	386	73	352	359	415	|
|292	115	152	67	190	152	81	339	104	112	275	191	0	123	154	193	252	183	336	366	246	|
|245	238	275	130	304	97	167	251	216	189	197	70	123	0	110	187	322	72	319	334	346	|
|355	247	280	106	341	15	137	351	197	142	304	117	154	110	0	80	399	171	427	444	400	|
|431	255	282	127	361	95	139	431	193	127	383	196	193	187	80	0	444	251	499	519	429	|
|265	235	242	318	151	394	317	374	294	344	316	386	252	322	399	444	0	332	226	273	97	|
|194	296	333	201	345	156	237	181	283	261	134	73	183	72	171	251	332	0	279	286	375	|
|95	392	415	397	354	415	417	201	427	448	175	352	336	319	427	499	226	279	0	47	321	|
|92	430	455	423	398	431	447	177	461	477	166	359	366	334	444	519	273	286	47	0	368	|
|348	185	178	303	78	398	292	450	252	312	388	415	246	346	400	429	97	375	321	368	0	|

--------------------------------------------------------------------------------
Building model...
	using lazy and cut (CVRPSEP package)
Solving IRP LP...
--------------------------------------------------------------------------------

Gurobi 9.1.0 (linux64) logging started Sun Jan 10 13:14:59 2021

Gurobi Optimizer version 9.1.0 build v9.1.0rc0 (linux64)
Thread count: 32 physical cores, 32 logical processors, using up to 2 threads
Optimize a model with 1161 rows, 4665 columns and 12219 nonzeros
Model fingerprint: 0x420edda5
Variable types: 507 continuous, 4158 integer (378 binary)
Coefficient statistics:
  Matrix range     [1e+00, 6e+02]
  Objective range  [1e-01, 5e+02]
  Bounds range     [1e+00, 3e+02]
  RHS range        [1e+01, 3e+03]
Presolve removed 183 rows and 48 columns
Presolve time: 0.05s
Presolved: 978 rows, 4617 columns, 11203 nonzeros
Variable types: 450 continuous, 4167 integer (3798 binary)

Root relaxation: objective 1.299828e+04, 1620 iterations, 0.04 seconds

    Nodes    |    Current Node    |     Objective Bounds      |     Work
 Expl Unexpl |  Obj  Depth IntInf | Incumbent    BestBd   Gap | It/Node Time

     0     0 12998.2802    0  194          - 12998.2802      -     -    0s
     0     0 13202.2844    0  232          - 13202.2844      -     -    0s
     0     0 13217.6837    0  189          - 13217.6837      -     -    0s
     0     0 13218.1416    0  178          - 13218.1416      -     -    0s
     0     0 13225.3535    0  216          - 13225.3535      -     -    0s
     0     0 13225.3535    0  214          - 13225.3535      -     -    0s
     0     0 13588.4306    0  287          - 13588.4306      -     -    0s
     0     0 13648.0068    0  265          - 13648.0068      -     -    0s
     0     0 13666.6489    0  314          - 13666.6489      -     -    0s
     0     0 13676.7250    0  301          - 13676.7250      -     -    0s
     0     0 13677.3888    0  313          - 13677.3888      -     -    0s
     0     0 13677.5996    0  307          - 13677.5996      -     -    0s
     0     0 13873.2344    0  314          - 13873.2344      -     -    1s
     0     0 13887.5808    0  322          - 13887.5808      -     -    1s
     0     0 13891.0445    0  341          - 13891.0445      -     -    1s
     0     0 13892.3272    0  342          - 13892.3272      -     -    1s
     0     0 13906.3748    0  324          - 13906.3748      -     -    1s
     0     0 13911.0670    0  336          - 13911.0670      -     -    1s
     0     0 13911.3743    0  353          - 13911.3743      -     -    1s
     0     0 13989.1421    0  365          - 13989.1421      -     -    1s
     0     0 14009.9576    0  345          - 14009.9576      -     -    1s
     0     0 14014.9719    0  348          - 14014.9719      -     -    1s
     0     0 14019.3335    0  336          - 14019.3335      -     -    1s
     0     0 14022.8657    0  324          - 14022.8657      -     -    1s
     0     0 14028.0831    0  379          - 14028.0831      -     -    1s
     0     0 14029.1983    0  339          - 14029.1983      -     -    2s
     0     0 14111.2137    0  359          - 14111.2137      -     -    2s
     0     0 14137.4208    0  416          - 14137.4208      -     -    2s
     0     0 14145.0195    0  406          - 14145.0195      -     -    2s
     0     0 14149.2835    0  443          - 14149.2835      -     -    2s
     0     0 14151.0348    0  460          - 14151.0348      -     -    2s
     0     0 14151.1073    0  477          - 14151.1073      -     -    2s
     0     0 14175.4673    0  397          - 14175.4673      -     -    3s
     0     0 14178.5230    0  412          - 14178.5230      -     -    3s
     0     0 14182.9498    0  455          - 14182.9498      -     -    3s
     0     0 14183.5033    0  426          - 14183.5033      -     -    3s
     0     0 14190.4840    0  389          - 14190.4840      -     -    3s
     0     0 14190.4840    0  389          - 14190.4840      -     -    3s
     0     2 14190.5919    0  375          - 14190.5919      -     -    4s
     5     8 14247.7228    2  430          - 14197.9425      -   664    5s
    23    26 14267.6999    7  476          - 14210.0849      -   969   10s
    40    45 14503.9428   12  479          - 14210.0849      -  1003   15s
    78    89 14673.7425   22  349          - 14210.0849      -   773   20s
   195   211 infeasible   52               - 14210.0849      -   447   25s
   418   462 16485.1420  112  163          - 14210.0849      -   275   30s
   756   727 14494.1880    5  521          - 14247.7317      -   185   35s
   779   739 14939.7823   42  530          - 14467.4029      -   182   40s
   804   757 14479.5987    6  448          - 14479.5987      -   201   45s
   831   774 14507.0420   35  492          - 14506.4370      -   236   50s
   882   809 14624.9031   48  409          - 14509.8675      -   264   55s
   953   863 14833.0666   65  345          - 14509.8675      -   286   60s
  1048   928 14957.1008   85  329          - 14509.8675      -   294   65s
  1165  1021 15417.4471  115  262          - 14509.8675      -   302   70s
  1360  1196 17189.9306  164  158          - 14509.8675      -   282   75s
  1731  1349 20512.6497  252   12          - 14510.2686      -   235   80s
* 1878  1316             293    23957.970000 14521.1611  39.4%   224   83s
H 1881  1263                    22777.690000 14521.1611  36.2%   226   84s
  1882  1263 14738.4693   42  453 22777.6900 14521.1611  36.2%   228   85s
  1925  1298 14843.4634   51  377 22777.6900 14521.1611  36.2%   239   90s
  1991  1339 15114.7994   65  312 22777.6900 14521.1611  36.2%   243   95s
  2051  1382 15330.5883   72  318 22777.6900 14521.1611  36.2%   246  100s
  2128  1437 15834.9193   87  315 22777.6900 14521.1611  36.2%   249  105s
  2211  1471 16046.4247  103  323 22777.6900 14521.1611  36.2%   249  111s
  2243  1486 16469.9554  111  327 22777.6900 14521.1611  36.2%   252  117s
  2269  1495 infeasible  116      22777.6900 14535.4455  36.2%   254  123s
  2285  1499 14670.2229   37  484 22777.6900 14535.4455  36.2%   257  125s
  2308  1536 14953.4408   42  417 22777.6900 14535.4455  36.2%   259  132s
  2341  1557 15146.0594   49  349 22777.6900 14535.4455  36.2%   258  137s
  2374  1651 15289.7297   56  326 22777.6900 14535.4455  36.2%   257  142s
  2481  1628 15789.8478   69  289 22777.6900 14535.4455  36.2%   249  145s
  2550  1685 18321.8814  124  187 22777.6900 14535.4455  36.2%   247  152s
  2605  1699 14873.2188   39  445 22777.6900 14538.3310  36.2%   248  157s
  2634  1732 15011.1512   42  411 22777.6900 14538.3310  36.2%   247  160s
  2735  1794 16467.2512   84  177 22777.6900 14538.3310  36.2%   247  167s
  2784  1836 17953.9114  127  127 22777.6900 14541.6491  36.2%   245  171s
  2868  1832 14742.3643   45  445 22777.6900 14541.6491  36.2%   245  176s
  2907  1883 15417.6212   70  281 22777.6900 14541.6491  36.2%   248  181s
  2937  1909 16925.6131   93  202 22777.6900 14541.6491  36.2%   249  186s
  3032  1975 14676.0499   40  507 22777.6900 14541.6639  36.2%   248  192s
  3059  1999 15005.9249   46  465 22777.6900 14541.6639  36.2%   253  197s
  3069  2020 15007.2838   47  461 22777.6900 14541.6639  36.2%   255  200s
  3107  2063 15591.3011   54  369 22777.6900 14541.6639  36.2%   259  205s
  3159  2114 16083.6809   64  324 22777.6900 14541.6639  36.2%   261  212s
  3184  2183 16388.9023   70  245 22777.6900 14541.6639  36.2%   261  215s
  3332  2419 18736.2470  107  139 22777.6900 14548.1798  36.1%   258  226s
  3526  2421 14597.7375   40  533 22777.6900 14548.1798  36.1%   251  232s
  3528  2468 14670.2378   41  500 22777.6900 14548.1798  36.1%   251  235s
  3575  2590 14865.7343   46  425 22777.6900 14548.1798  36.1%   251  240s
  3700  2670 15231.3292   52  418 22777.6900 14548.1798  36.1%   248  246s
  3883  2767 15972.8000   88  293 22777.6900 14548.1798  36.1%   244  256s
  3953  2819 18273.3341  145   56 22777.6900 14552.7905  36.1%   243  260s
  4120  2984 22709.1100  197   20 22777.6900 14556.2722  36.1%   240  269s
  4286  3019     cutoff  201      22777.6900 14558.2833  36.1%   235  274s
H 4288  3019                    22761.230000 14558.2833  36.0%   235  274s
