




arguments: ./build/mirp_solver -f ./input/orig_exec_62.cfg
Current dir: /scratch/gui/bnc_mirp
File verbosity level: 9
date       time         ( uptime  ) [ thread name/id ]                   file:line     v| 
2021-01-09 06:03:16.850 (   0.560s) [main thread     ]             loguru.cpp:789   INFO| Logging to './output/vi_cus/OU/V3/Original/execution_09_01_2021_06_03_16.log', mode: 'a', verbosity: 9
--------------------------------------------------------------------------------
Parameters
                           instance_path           ./input/Instances/Original/2/
                            model_policy                                       1
                             nb_vehicles                                       3
                              output_dir         ./output/vi_cus/OU/V3/Original/
                            sec_strategy                                       1
                       solver_nb_threads                                       2
                         solver_show_log                                    true
                       solver_time_limit                                    3600
                              use_vi_cos                                   false
                              use_vi_cus                                    true
                         use_vi_hc1_full                                   false
                         use_vi_hc1_half                                   false
                      use_vi_hc1_quarter                                   false
                              use_vi_hc2                                   false
                              use_vi_hc3                                   false
                         use_vi_lex_full                                   false
                         use_vi_lex_half                                   false
                      use_vi_lex_quarter                                   false
                              use_vi_qua                                   false
                               use_vi_vc                                   false
                               use_vi_vr                                   false
--------------------------------------------------------------------------------
executing instance: ./input/Instances/Original/2/absH3high_3n40.dat
--------------------------------------------------------------------------------
Instance details
n	41
H	3
C	3283
Li:
[0, 0, 0, 0, 0, 0, 0, 0, 0, 0, 0, 0, 0, 0, 0, 0, 0, 0, 0, 0, 0, 0, 0, 0, 0, 0, 0, 0, 0, 0, 0, 0, 0, 0, 0, 0, 0, 0, 0, 0, 0, ]
Ui:
[0, 63, 111, 99, 96, 111, 282, 122, 156, 261, 42, 192, 126, 42, 162, 207, 159, 122, 102, 190, 118, 102, 132, 102, 165, 252, 66, 52, 22, 114, 210, 176, 116, 294, 78, 152, 210, 45, 130, 198, 174, ]
Distance matrix:
|0	208	225	252	227	143	258	127	267	150	28	83	163	286	57	149	201	137	214	255	70	73	107	186	328	266	249	343	222	177	293	144	262	215	167	120	169	218	143	173	255	|
|208	0	397	355	416	198	216	99	211	275	193	172	97	166	240	225	362	109	277	314	182	216	273	374	298	208	319	161	14	103	93	120	58	196	152	156	372	227	260	218	453	|
|225	397	0	427	53	364	482	343	492	129	253	225	382	386	171	188	39	291	187	195	295	182	282	55	326	491	180	551	408	315	457	366	455	275	392	244	221	439	341	214	101	|
|252	355	427	0	401	158	201	263	219	396	234	328	259	498	299	400	420	354	465	506	205	324	152	374	574	219	499	393	366	389	446	235	378	456	205	359	224	150	111	423	400	|
|227	416	53	401	0	357	477	352	489	165	253	245	389	424	179	223	85	315	234	245	293	200	264	42	375	488	231	565	428	344	484	370	474	314	392	270	184	430	325	252	50	|
|143	198	364	158	357	0	121	105	134	290	116	196	103	342	200	276	343	205	343	385	74	210	112	319	432	133	382	265	209	237	290	78	226	313	57	220	232	75	69	292	375	|
|258	216	482	201	477	121	0	168	18	397	230	293	135	381	314	372	459	275	437	480	188	317	228	439	501	18	479	197	222	296	290	132	212	386	95	306	347	58	173	381	496	|
|127	99	343	263	352	105	168	0	171	239	105	130	40	237	173	206	313	109	270	312	84	164	175	310	337	169	313	216	112	135	192	37	142	220	77	138	280	155	162	213	382	|
|267	211	492	219	489	134	18	171	0	404	240	298	136	376	323	376	468	276	441	483	198	324	243	450	500	2	483	181	215	294	281	136	202	386	102	309	363	75	189	384	509	|
|150	275	129	396	165	290	397	239	404	0	175	110	279	259	97	59	91	166	84	116	217	80	245	130	226	402	106	434	286	187	329	269	333	149	302	119	244	364	291	87	213	|
|28	193	253	234	253	116	230	105	240	175	0	94	139	286	84	167	229	136	234	275	43	96	98	212	341	238	271	320	206	175	281	118	244	225	140	128	180	191	124	189	280	|
|83	172	225	328	245	196	293	130	298	110	94	0	169	209	77	80	191	71	147	189	127	45	189	203	247	296	187	327	184	106	241	162	230	132	198	38	242	266	217	96	285	|
|163	97	382	259	389	103	135	40	136	279	139	169	0	253	212	244	353	141	307	349	110	203	194	347	366	133	350	183	107	161	187	27	124	251	56	175	306	133	169	249	418	|
|286	166	386	498	424	342	381	237	376	259	286	209	253	0	284	201	347	151	210	230	299	247	383	387	155	374	242	290	162	112	129	270	192	113	308	172	451	386	391	172	471	|
|57	240	171	299	179	200	314	173	323	97	84	77	212	284	0	112	145	147	170	208	127	38	148	137	299	321	201	386	253	183	315	195	297	195	222	112	171	275	195	142	214	|
|149	225	188	400	223	276	372	206	376	59	167	80	244	201	112	0	149	117	67	110	205	78	254	186	187	374	108	387	235	132	272	240	283	93	277	71	279	346	291	32	270	|
|201	362	39	420	85	343	459	313	468	91	229	191	353	347	145	149	0	254	149	160	272	150	271	66	290	466	146	518	373	278	419	339	420	235	367	207	227	418	327	175	135	|
|137	109	291	354	315	205	275	109	276	166	136	71	141	151	147	117	254	0	172	212	151	116	232	273	229	274	215	270	119	39	170	145	167	111	186	47	305	263	245	113	356	|
|214	277	187	465	234	343	437	270	441	84	234	147	307	210	170	67	149	172	0	42	272	141	317	205	144	439	43	437	284	175	307	305	331	99	343	132	327	413	357	60	283	|
|255	314	195	506	245	385	480	312	483	116	275	189	349	230	208	110	160	212	42	0	314	182	356	222	132	481	15	474	321	212	337	347	367	126	385	174	358	455	398	100	295	|
|70	182	295	205	293	74	188	84	198	217	43	127	110	299	127	205	272	151	272	314	0	137	91	253	370	196	310	292	195	188	274	85	226	252	99	155	197	148	94	223	316	|
|73	216	182	324	200	210	317	164	324	80	96	45	203	247	38	78	150	116	141	182	137	0	176	158	263	323	176	369	229	150	286	191	274	157	223	77	208	284	216	106	239	|
|107	273	282	152	264	112	228	175	243	245	98	189	194	383	148	254	271	232	317	356	91	176	0	231	435	242	349	371	286	271	365	167	315	321	164	224	120	174	61	280	274	|
|186	374	55	374	42	319	439	310	450	130	212	203	347	387	137	186	66	273	205	222	253	158	231	0	348	448	208	523	386	303	442	329	431	279	352	229	167	392	291	217	85	|
|328	298	326	574	375	432	501	337	500	226	341	247	366	155	299	187	290	229	144	132	370	263	435	348	0	498	147	441	299	206	283	374	338	119	414	215	465	492	463	157	425	|
|266	208	491	219	488	133	18	169	2	402	238	296	133	374	321	374	466	274	439	481	196	323	242	448	498	0	481	180	213	292	278	134	200	384	100	307	362	75	188	381	508	|
|249	319	180	499	231	382	479	313	483	106	271	187	350	242	201	108	146	215	43	15	310	176	349	208	147	481	0	480	326	217	346	347	373	135	385	175	347	454	392	103	280	|
|343	161	551	393	565	265	197	216	181	434	320	327	183	290	386	387	518	270	437	474	292	369	371	523	441	180	480	0	153	263	163	207	107	352	208	317	487	244	334	379	598	|
|222	14	408	366	428	209	222	112	215	286	206	184	107	162	253	235	373	119	284	321	195	229	286	386	299	213	326	153	0	109	81	132	48	201	162	167	386	236	272	226	466	|
|177	103	315	389	344	237	296	135	294	187	175	106	161	112	183	132	278	39	175	212	188	150	271	303	206	292	217	263	109	0	142	171	156	95	211	74	344	289	281	118	386	|
|293	93	457	446	484	290	290	192	281	329	281	241	187	129	315	272	419	170	307	337	274	286	365	442	283	278	346	163	81	142	0	212	79	211	241	214	461	311	353	254	525	|
|144	120	366	235	370	78	132	37	136	269	118	162	27	270	195	240	339	145	305	347	85	191	167	329	374	134	347	207	132	171	212	0	151	257	40	174	280	119	142	248	398	|
|262	58	455	378	474	226	212	142	202	333	244	230	124	192	297	283	420	167	331	367	226	274	315	431	338	200	373	107	48	156	79	151	0	245	173	214	421	237	293	273	510	|
|215	196	275	456	314	313	386	220	386	149	225	132	251	113	195	93	235	111	99	126	252	157	321	279	119	384	135	352	201	95	211	257	245	0	297	97	365	374	345	62	362	|
|167	152	392	205	392	57	95	77	102	302	140	198	56	308	222	277	367	186	343	385	99	223	164	352	414	100	385	208	162	211	241	40	173	297	0	213	283	79	126	287	415	|
|120	156	244	359	270	220	306	138	309	119	128	38	175	172	112	71	207	47	132	174	155	77	224	229	215	307	175	317	167	74	214	174	214	97	213	0	280	286	248	75	313	|
|169	372	221	224	184	232	347	280	363	244	180	242	306	451	171	279	227	305	327	358	197	208	120	167	465	362	347	487	386	344	461	280	421	365	283	280	0	291	175	310	176	|
|218	227	439	150	430	75	58	155	75	364	191	266	133	386	275	346	418	263	413	455	148	284	174	392	492	75	454	244	236	289	311	119	237	374	79	286	291	0	116	359	445	|
|143	260	341	111	325	69	173	162	189	291	124	217	169	391	195	291	327	245	357	398	94	216	61	291	463	188	392	334	272	281	353	142	293	345	126	248	175	116	0	313	335	|
|173	218	214	423	252	292	381	213	384	87	189	96	249	172	142	32	175	113	60	100	223	106	280	217	157	381	103	379	226	118	254	248	273	62	287	75	310	359	313	0	300	|
|255	453	101	400	50	375	496	382	509	213	280	285	418	471	214	270	135	356	283	295	316	239	274	85	425	508	280	598	466	386	525	398	510	362	415	313	176	445	335	300	0	|

--------------------------------------------------------------------------------
Building model...
	using lazy and cut (CVRPSEP package)
Solving IRP LP...
--------------------------------------------------------------------------------

Gurobi 9.1.0 (linux64) logging started Sat Jan  9 06:03:17 2021

Gurobi Optimizer version 9.1.0 build v9.1.0rc0 (linux64)
Thread count: 32 physical cores, 32 logical processors, using up to 2 threads
Optimize a model with 1151 rows, 8273 columns and 19400 nonzeros
Model fingerprint: 0x92bff170
Variable types: 524 continuous, 7749 integer (369 binary)
Coefficient statistics:
  Matrix range     [1e+00, 1e+03]
  Objective range  [1e-01, 6e+02]
  Bounds range     [1e+00, 3e+02]
  RHS range        [1e+01, 6e+03]
Presolve removed 256 rows and 110 columns
Presolve time: 0.10s
Presolved: 895 rows, 8163 columns, 18159 nonzeros
Variable types: 391 continuous, 7772 integer (7389 binary)

Root relaxation: objective 1.226486e+04, 1011 iterations, 0.03 seconds

    Nodes    |    Current Node    |     Objective Bounds      |     Work
 Expl Unexpl |  Obj  Depth IntInf | Incumbent    BestBd   Gap | It/Node Time

     0     0 12264.8621    0  125          - 12264.8621      -     -    0s
     0     0 12635.6780    0  123          - 12635.6780      -     -    0s
     0     0 12657.9515    0  135          - 12657.9515      -     -    0s
     0     0 12659.1714    0  127          - 12659.1714      -     -    0s
     0     0 13196.9759    0  209          - 13196.9759      -     -    0s
     0     0 13417.0387    0  203          - 13417.0387      -     -    0s
     0     0 13417.6091    0  235          - 13417.6091      -     -    0s
     0     0 13532.8703    0  205          - 13532.8703      -     -    1s
     0     0 13542.5309    0  251          - 13542.5309      -     -    1s
     0     0 13547.5441    0  262          - 13547.5441      -     -    1s
     0     0 13555.9855    0  272          - 13555.9855      -     -    1s
     0     0 13555.9942    0  297          - 13555.9942      -     -    1s
     0     0 13626.3392    0  245          - 13626.3392      -     -    1s
     0     0 13639.2966    0  242          - 13639.2966      -     -    1s
     0     0 13641.3739    0  245          - 13641.3739      -     -    1s
     0     0 13646.3745    0  313          - 13646.3745      -     -    1s
     0     0 13672.8670    0  305          - 13672.8670      -     -    2s
     0     0 13673.4170    0  329          - 13673.4170      -     -    2s
     0     0 13712.5089    0  380          - 13712.5089      -     -    2s
     0     0 13720.5976    0  301          - 13720.5976      -     -    2s
     0     0 13732.9994    0  375          - 13732.9994      -     -    2s
     0     0 13752.1644    0  307          - 13752.1644      -     -    2s
     0     0 13753.7880    0  370          - 13753.7880      -     -    2s
     0     0 13776.0089    0  397          - 13776.0089      -     -    3s
     0     0 13777.1355    0  346          - 13777.1355      -     -    3s
     0     0 13783.8215    0  414          - 13783.8215      -     -    3s
     0     0 13783.8215    0  386          - 13783.8215      -     -    3s
     0     2 13787.5123    0  372          - 13787.5123      -     -    4s
     9    12 13797.7675    3  355          - 13791.8565      -   282    5s
    77    82 13964.8556   23  274          - 13794.5554      -   327   10s
   207   226 14440.1438   67  147          - 13794.5554      -   223   15s
   373   401 14815.2734  116  165          - 13794.5554      -   168   20s
*  647   619             267    18094.060000 13794.5554  23.8%   121   24s
   652   619 15309.6280  153  142 18094.0600 13794.5554  23.8%   122   27s
   682   649 15548.1383  171  125 18094.0600 13794.5554  23.8%   125   35s
   811   836 16526.5754  255   34 18094.0600 13794.5554  23.8%   118   40s
   953   909 17706.5250  228  386 18094.0600 13797.8015  23.7%   109   47s
H  954   864                    17945.060000 13797.8015  23.1%   109   47s
   958   866 14624.1011   90  403 17945.0600 13797.8015  23.1%   108   50s
   971   875 15611.9985  118  475 17945.0600 13897.0694  22.6%   107   55s
H  974   833                    17926.350000 13898.7662  22.5%   106   56s
   984   840 15388.6952  103  509 17926.3500 13906.2150  22.4%   105   60s
   993   846 16494.3384  253  501 17926.3500 13915.0812  22.4%   104   65s
  1004   854 17109.3409  330  163 17926.3500 13915.8955  22.4%   121   70s
  1012   860 13916.4011   14  485 17926.3500 13916.4011  22.4%   120   75s
H 1019   820                    17553.570000 13918.2773  20.7%   120   79s
  1021   822 13918.2773   16  501 17553.5700 13918.2773  20.7%   119   80s
H 1023   781                    17550.980000 13918.2773  20.7%   119   82s
  1029   785 16388.8348  182  526 17550.9800 13918.2869  20.7%   118   85s
  1033   791 13927.5792   24  509 17550.9800 13924.5821  20.7%   129   90s
  1057   809 13945.2558   30  477 17550.9800 13945.2558  20.5%   144   95s
  1071   816 13961.5102   33  474 17550.9800 13961.5102  20.5%   152  100s
  1104   840 14122.6790   41  278 17550.9800 13968.4874  20.4%   169  105s
  1138   870 14138.3919   49  301 17550.9800 13968.4874  20.4%   182  110s
  1188   897 14245.4096   62  233 17550.9800 13968.4874  20.4%   193  115s
  1231   930 14210.0303   74  273 17550.9800 13968.4874  20.4%   205  120s
  1301   991 14375.2907   94  281 17550.9800 13968.4874  20.4%   217  125s
  1388  1064     cutoff  117      17550.9800 13968.4874  20.4%   220  132s
  1466  1102 14837.8853  143   93 17550.9800 13968.4874  20.4%   216  135s
  1687  1199 16088.0516  190   41 17550.9800 13993.3392  20.3%   202  141s
  1741  1219 14107.3087   32  364 17550.9800 13993.3392  20.3%   205  145s
  1790  1271 14214.9082   38  334 17550.9800 13993.3392  20.3%   208  151s
  1881  1349 14311.6659   45  267 17550.9800 13993.3392  20.3%   204  155s
  2054  1375 14392.1390   55  220 17550.9800 13993.3392  20.3%   194  160s
* 2070  1329             162    16894.150000 13993.3392  17.2%   194  160s
  2098  1348 14662.0146   67  151 16894.1500 13993.3392  17.2%   198  165s
  2160  1417 14957.1754   79  135 16894.1500 13993.3392  17.2%   199  171s
  2247  1479 15303.0959   99   63 16894.1500 13993.3392  17.2%   199  176s
  2331  1539 15561.7562  115    9 16894.1500 13993.3392  17.2%   197  180s
  2451  1577 14133.7168   30  291 16894.1500 13996.8549  17.1%   195  186s
  2542  1676 14391.6661   38  255 16894.1500 13996.8549  17.1%   194  192s
  2616  1704 14430.7255   41  227 16894.1500 13996.8549  17.1%   191  198s
  2692  1708 14493.4283   44  178 16894.1500 13996.8549  17.1%   191  201s
  2721  1702 14722.8743   56  127 16894.1500 13996.8549  17.1%   192  210s
  2758  1771 15188.7289   71   83 16894.1500 13996.8549  17.1%   193  217s
  2810  1863 15611.3947   91   72 16894.1500 13996.8549  17.1%   192  223s
  2936  1830 16712.8800  133    7 16894.1500 13996.8549  17.1%   186  225s
  3014  1863 16883.3100  140    - 16894.1500 14001.2505  17.1%   186  232s
  3060  1851     cutoff  140      16894.1500 14002.7193  17.1%   187  238s
  3092  1852 16885.0400  137    - 16894.1500 14003.1511  17.1%   189  241s
  3105  1862     cutoff  137      16894.1500 14008.9376  17.1%   191  245s
  3179  1981 14804.4533   53  115 16894.1500 14008.9376  17.1%   193  255s
  3284  2031 15384.3473   75   58 16894.1500 14011.9149  17.1%   192  261s
  3470  2045 16594.7400  134    - 16894.1500 14023.7536  17.0%   187  266s
  3522  2149     cutoff  138      16894.1500 14027.4690  17.0%   190  276s
  3630  2157     cutoff  141      16894.1500 14032.9226  16.9%   190  282s
  3640  2183 14234.1791   31  350 16894.1500 14032.9226  16.9%   193  286s
  3666  2239 14363.0966   36  239 16894.1500 14032.9226  16.9%   193  290s
  3722  2325 14491.3345   48  133 16894.1500 14032.9226  16.9%   194  296s
H 3739  2270                    16696.800000 14032.9226  16.0%   194  297s
  3823  2337 14640.4129   61  106 16696.8000 14032.9226  16.0%   193  302s
  3902  2434 14839.4515   89    4 16696.8000 14032.9226  16.0%   193  309s
  3958  2441 15375.5200  118   17 16696.8000 14032.9226  16.0%   191  310s
  4038  2503 15040.5090   92   59 16696.8000 14036.0879  15.9%   189  316s
  4133  2524 15600.0651  130   10 16696.8000 14050.3843  15.8%   189  325s
  4152  2558 15755.8967  133   10 16696.8000 14050.8780  15.8%   192  330s
  4194  2652 15790.0989  134   49 16696.8000 14051.6127  15.8%   193  338s
* 4211  2639             150    16639.030000 14051.6127  15.6%   192  338s
  4361  2682 16580.6400  156    - 16639.0300 14055.0777  15.5%   190  345s
* 4366  2628             153    16487.640000 14055.0777  14.8%   190  345s
  4398  2642     cutoff  156      16487.6400 14056.5204  14.7%   192  350s
  4425  2701 14368.7187   29  390 16487.6400 14057.8116  14.7%   194  356s
  4484  2832 14616.9677   47  220 16487.6400 14057.8116  14.7%   196  363s
  4623  3021 14901.5238   60   69 16487.6400 14057.8116  14.7%   195  372s
  4878  3090 14949.2974   67   64 16487.6400 14057.8116  14.7%   190  381s
  4946  3166 15549.8370  102   60 16487.6400 14059.9503  14.7%   191  389s
  4976  3168 15759.5000  124    - 16487.6400 14059.9503  14.7%   190  390s
  5068  3202     cutoff  157      16487.6400 14060.7202  14.7%   190  396s
  5097  3231 14179.5182   42  402 16487.6400 14060.7202  14.7%   192  403s
  5142  3285 14871.6146   51  216 16487.6400 14060.7202  14.7%   194  410s
  5196  3426 15298.6287   66  105 16487.6400 14063.1921  14.7%   195  420s
  5380  3462     cutoff  102      16487.6400 14070.4352  14.7%   194  428s
  5422  3596 14673.6689   29  301 16487.6400 14071.1534  14.7%   196  438s
  5588  3657     cutoff  109      16487.6400 14071.4280  14.7%   194  447s
  5658  3742 14731.1563   55  218 16487.6400 14073.5680  14.6%   196  456s
  5803  3820 16283.5000  124   20 16487.6400 14073.9998  14.6%   195  466s
  5907  3905 16420.2300  131   15 16487.6400 14076.1069  14.6%   195  477s
  6017  3996     cutoff  135      16487.6400 14081.6227  14.6%   195  487s
  6112  4142 15300.7093   89   84 16487.6400 14082.9943  14.6%   195  498s
  6304  4271 14556.9391   43  279 16487.6400 14083.4042  14.6%   193  510s
  6445  4360 16152.5155  150   41 16487.6400 14084.4480  14.6%   192  521s
  6565  4446 infeasible  160      16487.6400 14088.4434  14.6%   193  532s
  6654  4603 14857.7691   75   61 16487.6400 14090.3921  14.5%   193  543s
  6859  4713 14319.9022   43  277 16487.6400 14090.5301  14.5%   191  557s
  6949  4958 14599.5226   68   86 16487.6400 14092.8043  14.5%   192  569s
  6977  4958 14639.9632   83   12 16487.6400 14092.8043  14.5%   192  570s
* 7300  2788             114    15114.340000 14094.8325  6.75%   188  585s
* 7301  2587             112    15032.160000 14094.8325  6.24%   188  585s
  7491  2546 14397.7044   34  409 15032.1600 14097.6755  6.22%   188  598s
  7566  2572 14634.1495   54  153 15032.1600 14098.3237  6.21%   189  610s
H 7598  2274                    14885.620000 14098.3237  5.29%   189  610s
  7610  2316 14270.4253   33  467 14885.6200 14098.8944  5.29%   191  624s
H 7625  2274                    14870.060000 14098.8944  5.19%   191  624s
H 7667  1893                    14758.160000 14099.5504  4.46%   193  624s
  7678  1989 14472.7386   29  381 14758.1600 14099.5504  4.46%   194  638s
H 7694  1874                    14720.160000 14099.5504  4.22%   195  638s
H 7800  1855                    14704.600000 14099.5504  4.11%   195  652s
  7857  1891 14301.4414   31  391 14704.6000 14099.9508  4.11%   199  665s
  7921  1947 14220.9359   41  391 14704.6000 14100.1159  4.11%   201  679s
H 7924  1908                    14693.600000 14100.1159  4.04%   201  679s
  7974  1908     cutoff   58      14693.6000 14102.4124  4.02%   202  680s
  8020  1942 14393.1345   50  157 14693.6000 14103.5629  4.02%   204  694s
  8078  2000 14631.7187   39  261 14693.6000 14105.3049  4.00%   207  706s
  8156  2080 14413.8504   51  151 14693.6000 14106.7202  3.99%   210  720s
  8283  2139 14328.3611   43  280 14693.6000 14108.7141  3.98%   211  735s
  8386  2203 14246.8859   47  268 14693.6000 14115.5267  3.93%   213  748s
  8494  2251 14528.6334   53  306 14693.6000 14116.1891  3.93%   215  762s
  8582  2312 14345.5764   42  311 14693.6000 14118.9021  3.91%   218  778s
  8681  2381 14354.7798   40  393 14693.6000 14118.9085  3.91%   220  792s
  8798  2474     cutoff   62      14693.6000 14120.1425  3.90%   222  810s
  8938  2551     cutoff   41      14693.6000 14120.6895  3.90%   223  826s
  9057  2640 14582.2462   54  237 14693.6000 14121.8328  3.89%   224  842s
  9197  2742 14240.2162   43  275 14693.6000 14123.8776  3.88%   226  858s
  9352  2801 14341.6774   36  440 14693.6000 14124.8530  3.87%   228  876s
  9448  2870 14298.2598   50  314 14693.6000 14126.4224  3.86%   230  891s
  9565  2961 14201.3693   49  299 14693.6000 14128.5559  3.85%   232  907s
  9708  3032 14308.4781   43  283 14693.6000 14129.8819  3.84%   233  922s
H 9821  2841                    14652.310000 14130.1410  3.56%   235  989s
  9834  2841     cutoff   56      14652.3100 14130.1410  3.56%   236  990s
  9853  2936 14608.9926   51  270 14652.3100 14131.2148  3.56%   236 1005s
  9997  3019 14231.1997   48  281 14652.3100 14131.8388  3.55%   238 1024s
 10137  3077     cutoff   34      14652.3100 14133.1796  3.54%   241 1041s
 10252  3179 14304.5854   45  243 14652.3100 14134.1466  3.54%   243 1059s
 10289  3179 14510.7496   66   61 14652.3100 14134.1466  3.54%   243 1060s
 10384  3262 14444.0584   36  263 14652.3100 14134.7514  3.53%   245 1077s
 10526  3349 14500.6934   57  222 14652.3100 14135.4591  3.53%   247 1095s
 10666  3474 14184.1354   43  381 14652.3100 14136.9082  3.52%   249 1115s
 10822  3551 14286.1200   38  453 14652.3100 14136.9822  3.52%   251 1133s
 10923  3673 14314.6438   49  274 14652.3100 14137.4640  3.51%   253 1152s
 11092  3803 14265.4134   39  277 14652.3100 14139.2193  3.50%   255 1170s
 11267  3865 14586.3558   56  171 14652.3100 14140.0759  3.50%   256 1190s
 11397  3974 14267.0798   30  331 14652.3100 14141.7373  3.48%   258 1207s
 11547  4085 14340.9414   44  228 14652.3100 14142.2746  3.48%   259 1226s
 11701  4185 14313.3403   42  239 14652.3100 14142.7635  3.48%   261 1248s
 11894  4237     cutoff   72      14652.3100 14143.2807  3.47%   262 1268s
 11993  4357 14272.6212   31  425 14652.3100 14143.8318  3.47%   264 1286s
 12159  4467 14386.1574   47  291 14652.3100 14145.3707  3.46%   265 1305s
 12323  4530     cutoff   43      14652.3100 14146.1009  3.45%   266 1325s
 12448  4573     cutoff   86      14652.3100 14146.8159  3.45%   268 1343s
 12561  4689 14263.0520   46  478 14652.3100 14148.5944  3.44%   270 1362s
 12699  4830 14476.5719   57  174 14652.3100 14148.7977  3.44%   271 1383s
 12934  4831 14605.3247   53  203 14652.3100 14150.3287  3.43%   271 1385s
 12943  4918 infeasible   99      14652.3100 14150.4477  3.43%   271 1404s
 13058  5042 14239.8006   36  318 14652.3100 14151.1962  3.42%   273 1424s
 13087  5042 14421.0166   65  104 14652.3100 14151.1962  3.42%   273 1425s
 13222  5141 14632.0026   64   74 14652.3100 14151.5549  3.42%   274 1445s
 13397  5227 14195.3175   35  413 14652.3100 14152.9211  3.41%   275 1465s
 13543  5320 14311.3533   37  408 14652.3100 14153.8502  3.40%   277 1486s
 13679  5414 14378.2664   48  398 14652.3100 14154.3577  3.40%   278 1506s
 13867  5518 14403.6900   42  349 14652.3100 14155.4428  3.39%   279 1526s
 14055  5653 14575.1758   60  202 14652.3100 14157.6747  3.38%   280 1547s
 14258  5770 14512.4071   70   63 14652.3100 14158.9684  3.37%   280 1568s
 14431  5882 14400.5265   38  310 14652.3100 14161.1681  3.35%   281 1588s
 14583  5883 14617.9779   85  106 14652.3100 14161.7553  3.35%   282 1590s
 14605  5962 14607.3880   53   68 14652.3100 14161.7933  3.35%   282 1610s
 14774  6038 14588.2447   52  155 14652.3100 14162.6452  3.34%   283 1630s
 14896  6156 14273.1657   37  388 14652.3100 14162.9058  3.34%   285 1650s
 15079  6243 14524.0792   54  206 14652.3100 14163.2233  3.34%   285 1673s
 15212  6370 14293.8765   45  266 14652.3100 14164.0442  3.33%   286 1693s
 15379  6484 14593.7473   54  283 14652.3100 14166.1830  3.32%   287 1713s
 15560  6604 14642.1409   63  231 14652.3100 14167.3576  3.31%   288 1734s
 15626  6604 14619.8329   83   74 14652.3100 14167.3576  3.31%   288 1735s
 15812  6736 14425.2182   43  162 14652.3100 14168.7623  3.30%   287 1755s
 15987  6848 14542.1760   46  275 14652.3100 14170.0960  3.29%   288 1776s
 16172  6974 14303.9823   39  326 14652.3100 14171.0259  3.28%   288 1797s
 16375  7070 14466.2475   34  294 14652.3100 14172.1226  3.28%   288 1818s
 16530  7070 14646.5117   62   26 14652.3100 14172.2577  3.28%   289 1820s
 16546  7152 14571.2907   48  259 14652.3100 14172.7988  3.27%   289 1838s
 16702  7247 14473.1347   60  187 14652.3100 14174.0240  3.26%   290 1859s
 16788  7247 14509.3105   45  264 14652.3100 14174.7580  3.26%   290 1860s
 16874  7335 14260.0728   50  303 14652.3100 14174.9574  3.26%   291 1880s
 16999  7422 14377.3940   40  388 14652.3100 14175.2968  3.26%   292 1900s
 17132  7526 14492.4117   44  151 14652.3100 14176.8021  3.25%   293 1922s
 17325  7643 14541.3085   43  136 14652.3100 14177.3965  3.24%   293 1945s
 17518  7749 14411.1566   51  267 14652.3100 14177.8768  3.24%   294 1966s
 17680  7808 14354.2256   38  263 14652.3100 14179.2238  3.23%   295 1986s
 17806  7884 14621.5418   65  310 14652.3100 14179.9467  3.22%   296 2006s
 17946  8000 14310.2964   37  365 14652.3100 14180.4280  3.22%   298 2027s
 18106  8127 14353.0660   44  300 14652.3100 14181.1202  3.22%   298 2053s
 18214  8130 14460.8166   52  312 14652.3100 14181.1202  3.22%   298 2055s
 18307  8204     cutoff   70      14652.3100 14181.9743  3.21%   298 2076s
 18435  8349 14551.6342   43  157 14652.3100 14182.5781  3.21%   300 2098s
 18582  8349 14431.9161   51  184 14652.3100 14182.8872  3.20%   300 2100s
 18649  8477 14478.0052   40  335 14652.3100 14183.2571  3.20%   300 2120s
 18847  8626 14474.4022   61  195 14652.3100 14184.0268  3.20%   300 2143s
 19064  8751 14574.6039   54  247 14652.3100 14184.5607  3.19%   300 2165s
 19257  8873 14634.1933   67  168 14652.3100 14185.0544  3.19%   300 2187s
 19449  8985 14436.0764   49  204 14652.3100 14185.9892  3.18%   301 2209s
 19495  8985 14280.0192   51  263 14652.3100 14185.9892  3.18%   301 2210s
 19628  9128 14337.8791   41  293 14652.3100 14186.5204  3.18%   301 2231s
 19853  9216 14313.4790   37  333 14652.3100 14187.6737  3.17%   301 2253s
 19995  9304 14541.8132   42  334 14652.3100 14188.3507  3.17%   302 2274s
 20058  9304 14527.6134   63  163 14652.3100 14188.3507  3.17%   302 2275s
 20173  9398 14417.3805   34  247 14652.3100 14189.3134  3.16%   303 2297s
 20354  9512 14337.6191   39  330 14652.3100 14190.2624  3.15%   303 2318s
 20547  9604 14389.7476   36  405 14652.3100 14191.8091  3.14%   304 2341s
 20709  9693 14266.5956   33  397 14652.3100 14192.4177  3.14%   304 2363s
 20870  9905 14322.2012   40  172 14652.3100 14193.0182  3.13%   305 2386s
 21168  9985 infeasible   94      14652.3100 14193.1964  3.13%   304 2407s
 21310 10099 14458.9991   40  284 14652.3100 14194.4034  3.13%   305 2429s
 21371 10099 14320.2249   40  393 14652.3100 14194.4034  3.13%   305 2430s
 21521 10212 14434.7493   52  324 14652.3100 14195.2153  3.12%   305 2452s
 21718 10379 14404.2842   41  360 14652.3100 14195.4759  3.12%   306 2476s
 21970 10564 14433.1649   48  227 14652.3100 14195.8664  3.12%   305 2500s
 22235 10718 14256.1148   47  233 14652.3100 14196.7964  3.11%   305 2524s
 22329 10718 infeasible   45      14652.3100 14197.7775  3.10%   305 2525s
 22454 10819     cutoff   48      14652.3100 14197.8261  3.10%   305 2547s
 22624 10897 14539.4323   65   79 14652.3100 14198.7281  3.10%   305 2577s
H22742 10324                    14617.310000 14198.8778  2.86%   305 2578s
 22748 10374     cutoff   70      14617.3100 14198.8908  2.86%   305 2603s
 22880 10420 14378.9204   38  259 14617.3100 14199.7362  2.86%   306 2624s
 22937 10420     cutoff   37      14617.3100 14200.5552  2.85%   306 2625s
 22987 10544 14403.1268   41  335 14617.3100 14200.8662  2.85%   307 2647s
 23187 10654 14461.4824   49  168 14617.3100 14201.2120  2.85%   307 2671s
 23405 10757 14350.3831   63  274 14617.3100 14201.7734  2.84%   307 2694s
 23490 10757 14334.7909   42  259 14617.3100 14202.3963  2.84%   308 2695s
 23582 10840 14330.1824   39  274 14617.3100 14202.3963  2.84%   308 2718s
 23705 10918 14603.2801   46  154 14617.3100 14202.6421  2.84%   309 2742s
 23887 11061 14483.6048   47  293 14617.3100 14203.1958  2.83%   309 2765s
 24126 11146 14268.2794   32  373 14617.3100 14203.8706  2.83%   308 2787s
H24208 10922                    14608.990000 14203.8706  2.77%   309 2788s
 24283 11019 14384.1575   42  286 14608.9900 14204.8061  2.77%   309 2809s
 24361 11019 14592.6839   51   78 14608.9900 14204.8061  2.77%   309 2810s
 24480 11116 14326.1506   49  275 14608.9900 14205.5712  2.76%   309 2835s
 24665 11202     cutoff   69      14608.9900 14205.9141  2.76%   310 2856s
 24843 11329 14324.8100   46  240 14608.9900 14206.8024  2.75%   310 2880s
 25056 11416 14490.2006   53  295 14608.9900 14207.4710  2.75%   310 2902s
 25233 11535 14337.4600   43  261 14608.9900 14208.7576  2.74%   311 2927s
 25479 11613     cutoff   49      14608.9900 14209.4380  2.73%   311 2953s
 25657 11691 14451.6547   40  213 14608.9900 14210.1155  2.73%   311 2977s
 25834 11810 14433.6396   44  272 14608.9900 14210.7932  2.73%   312 3001s
 26031 11852 14549.6424   52  249 14608.9900 14211.6556  2.72%   312 3023s
 26186 11949 14443.6229   43  353 14608.9900 14213.1207  2.71%   312 3045s
 26351 12018     cutoff   45      14608.9900 14213.3334  2.71%   313 3068s
 26518 12088 14549.9967   64  273 14608.9900 14213.9861  2.70%   314 3092s
 26676 12223     cutoff   39      14608.9900 14214.2198  2.70%   314 3116s
 26911 12326 14327.7764   36  392 14608.9900 14214.6705  2.70%   314 3140s
 27091 12424 14550.4179   45  223 14608.9900 14215.3693  2.69%   314 3164s
 27305 12523 14546.1784   49  398 14608.9900 14216.3891  2.69%   314 3187s
 27470 12638 14367.3615   47  233 14608.9900 14216.8277  2.68%   315 3211s
 27674 12739 14479.1704   60  320 14608.9900 14217.2564  2.68%   315 3237s
 27880 12866 14362.9437   39  281 14608.9900 14217.9157  2.68%   316 3262s
 28090 12965 14443.4584   60  207 14608.9900 14218.2249  2.67%   316 3286s
 28287 13016 14475.4324   55  336 14608.9900 14218.9888  2.67%   316 3311s
 28432 13126 14281.7310   45  331 14608.9900 14219.3815  2.67%   317 3334s
 28525 13126 14400.9411   38  253 14608.9900 14219.6071  2.67%   317 3335s
 28609 13236 14507.5701   54  338 14608.9900 14219.6259  2.67%   317 3358s
 28814 13354 14456.5627   42  208 14608.9900 14220.5744  2.66%   317 3381s
 29039 13449 14429.1555   55  193 14608.9900 14221.1565  2.65%   317 3406s
 29240 13579 14471.6318   53  244 14608.9900 14221.8509  2.65%   317 3430s
 29446 13631 14405.7403   39  279 14608.9900 14222.5890  2.64%   318 3574s
H29499 11617                    14558.990000 14222.5890  2.31%   318 3574s
 29554 11642     cutoff   59      14558.9900 14222.9165  2.31%   318 3598s
 29698 11640 14425.1089   52  219 14558.9900 14223.1245  2.31%   319 3600s

Cutting planes:
  User: 3660
  Gomory: 19
  Cover: 344
  Implied bound: 34
  Clique: 20
  MIR: 135
  Flow cover: 358
  Inf proof: 1
  Zero half: 25
  RLT: 255
  Relax-and-lift: 8
  Lazy constraints: 2012

Explored 29701 nodes (9471813 simplex iterations) in 3600.29 seconds
Thread count was 2 (of 32 available processors)

Solution count 10: 14559 14609 14617.3 ... 14885.6

Time limit reached
Best objective 1.455899000000e+04, best bound 1.422312450489e+04, gap 2.3069%

User-callback calls 351423, time in user-callback 225.92 sec
================================================================================
executing instance: ./input/Instances/Original/2/absH3high_4n10.dat
--------------------------------------------------------------------------------
Instance details
n	11
H	3
C	822
Li:
[0, 0, 0, 0, 0, 0, 0, 0, 0, 0, 0, ]
Ui:
[0, 102, 52, 88, 182, 153, 138, 38, 165, 297, 86, ]
Distance matrix:
|0	285	411	382	327	239	148	256	307	36	383	|
|285	0	352	98	249	103	227	235	120	268	209	|
|411	352	0	395	106	430	263	549	234	429	174	|
|382	98	395	0	302	173	320	288	168	364	227	|
|327	249	106	302	0	324	179	444	135	339	109	|
|239	103	430	173	324	0	241	132	212	212	305	|
|148	227	263	320	179	241	0	325	192	165	249	|
|256	235	549	288	444	132	325	0	342	220	436	|
|307	120	234	168	135	212	192	342	0	304	94	|
|36	268	429	364	339	212	165	220	304	0	386	|
|383	209	174	227	109	305	249	436	94	386	0	|

--------------------------------------------------------------------------------
Building model...
	using lazy and cut (CVRPSEP package)
Solving IRP LP...
--------------------------------------------------------------------------------

Gurobi 9.1.0 (linux64) logging started Sat Jan  9 07:03:18 2021

Gurobi Optimizer version 9.1.0 build v9.1.0rc0 (linux64)
Thread count: 32 physical cores, 32 logical processors, using up to 2 threads
Optimize a model with 311 rows, 728 columns and 2180 nonzeros
Model fingerprint: 0x46ca25ee
Variable types: 134 continuous, 594 integer (99 binary)
Coefficient statistics:
  Matrix range     [1e+00, 3e+02]
  Objective range  [2e-01, 5e+02]
  Bounds range     [1e+00, 3e+02]
  RHS range        [2e+01, 1e+03]
Presolve removed 56 rows and 20 columns
Presolve time: 0.01s
Presolved: 255 rows, 708 columns, 1899 nonzeros
Variable types: 111 continuous, 597 integer (504 binary)

Root relaxation: objective 3.879975e+03, 364 iterations, 0.01 seconds

    Nodes    |    Current Node    |     Objective Bounds      |     Work
 Expl Unexpl |  Obj  Depth IntInf | Incumbent    BestBd   Gap | It/Node Time

     0     0 3879.97495    0   62          - 3879.97495      -     -    0s
     0     0 4027.73637    0   88          - 4027.73637      -     -    0s
     0     0 4036.09713    0   76          - 4036.09713      -     -    0s
     0     0 4194.24549    0   92          - 4194.24549      -     -    0s
     0     0 4226.81056    0   88          - 4226.81056      -     -    0s
     0     0 4227.16859    0   90          - 4227.16859      -     -    0s
     0     0 4227.21275    0   93          - 4227.21275      -     -    0s
     0     0 4256.76819    0   59          - 4256.76819      -     -    0s
     0     0 4291.42600    0   71          - 4291.42600      -     -    0s
     0     0 4293.74336    0   77          - 4293.74336      -     -    0s
     0     0 4293.74336    0   77          - 4293.74336      -     -    0s
     0     0 4306.07720    0   57          - 4306.07720      -     -    0s
     0     0 4311.43468    0  104          - 4311.43468      -     -    0s
     0     0 4325.26053    0  101          - 4325.26053      -     -    0s
     0     0 4391.95357    0  112          - 4391.95357      -     -    0s
     0     0 4393.58639    0  124          - 4393.58639      -     -    0s
     0     0 4393.58639    0  126          - 4393.58639      -     -    0s
     0     0 4413.80804    0  108          - 4413.80804      -     -    0s
     0     0 4418.59292    0  109          - 4418.59292      -     -    0s
     0     0 4418.72914    0  121          - 4418.72914      -     -    0s
     0     0 4419.40544    0  122          - 4419.40544      -     -    0s
     0     0 4419.91212    0  104          - 4419.91212      -     -    0s
     0     0 4422.97322    0  110          - 4422.97322      -     -    0s
     0     0 4422.97322    0  110          - 4422.97322      -     -    0s
     0     2 4422.97322    0  110          - 4422.97322      -     -    0s
H  183   178                    7328.7400000 4544.40439  38.0%  80.9    1s
H  224   230                    6610.6800000 4544.40439  31.3%  76.2    1s
H  278   233                    6606.9800000 4544.40439  31.2%  67.3    1s
H  379   311                    6134.3100000 4554.86980  25.7%  66.4    1s
H  382   294                    5961.4100000 4554.86980  23.6%  66.2    1s
H  700   397                    5771.4100000 4678.26995  18.9%  64.7    3s
   789   448 5243.25683   25   59 5771.41000 4692.86207  18.7%  66.4    5s
H 1202   507                    5752.4100000 4777.24142  17.0%  66.1    7s
H 1389   494                    5616.4100000 4812.02336  14.3%  64.9    8s
H 1546   427                    5482.8600000 4848.30092  11.6%  64.0    8s
  1819   393 5257.22993   24   89 5482.86000 4922.85427  10.2%  65.9   10s
  2843   486     cutoff   25      5482.86000 5078.05012  7.38%  67.5   15s
  3925   362 5375.78731   25   92 5482.86000 5212.55567  4.93%  68.1   20s

Cutting planes:
  User: 376
  Gomory: 5
  Cover: 110
  Implied bound: 28
  Clique: 1
  MIR: 87
  Flow cover: 119
  Inf proof: 2
  Zero half: 2
  Mod-K: 1
  Network: 7
  RLT: 113
  Relax-and-lift: 4
  Lazy constraints: 37

Explored 5025 nodes (323674 simplex iterations) in 23.09 seconds
Thread count was 2 (of 32 available processors)

Solution count 9: 5482.86 5616.41 5752.41 ... 7328.74

Optimal solution found (tolerance 1.00e-04)
Best objective 5.482860000000e+03, best bound 5.482860000000e+03, gap 0.0000%

User-callback calls 13354, time in user-callback 2.64 sec
================================================================================
executing instance: ./input/Instances/Original/2/absH3high_3n20.dat
--------------------------------------------------------------------------------
Instance details
n	21
H	3
C	1536
Li:
[0, 0, 0, 0, 0, 0, 0, 0, 0, 0, 0, 0, 0, 0, 0, 0, 0, 0, 0, 0, 0, ]
Ui:
[0, 48, 207, 156, 294, 207, 297, 54, 114, 90, 228, 132, 84, 64, 51, 153, 60, 39, 195, 82, 130, ]
Distance matrix:
|0	41	141	324	154	98	307	402	160	217	284	269	188	233	54	185	307	149	286	276	103	|
|41	0	114	285	184	88	285	385	200	197	251	230	189	270	48	205	295	160	245	241	62	|
|141	114	0	200	208	193	353	459	269	275	289	154	129	371	160	192	380	136	205	267	88	|
|324	285	200	0	406	330	386	484	467	344	286	57	299	555	318	380	442	327	114	255	226	|
|154	184	208	406	0	250	460	553	101	370	436	361	136	247	208	63	455	87	405	425	232	|
|98	88	193	330	250	0	211	304	232	121	204	273	276	249	44	283	210	244	259	204	113	|
|307	285	353	386	460	211	0	106	436	90	104	342	467	407	253	490	72	445	275	134	269	|
|402	385	459	484	553	304	106	0	517	188	198	443	570	463	348	587	102	545	371	229	373	|
|160	200	269	467	101	232	436	517	0	349	434	417	231	148	200	163	415	179	444	431	261	|
|217	197	275	344	370	121	90	188	349	0	111	293	382	335	163	400	106	357	244	128	187	|
|284	251	289	286	436	204	104	198	434	111	0	246	413	441	235	452	170	401	173	31	214	|
