




arguments: ./build/mirp_solver -f ./input/orig_exec_179.cfg
Current dir: /scratch/gui/bnc_mirp
File verbosity level: 9
date       time         ( uptime  ) [ thread name/id ]                   file:line     v| 
2021-01-10 05:34:44.880 (   0.653s) [main thread     ]             loguru.cpp:789   INFO| Logging to './output/vi_cus/OU/V3/Original/execution_10_01_2021_05_34_44.log', mode: 'a', verbosity: 9
--------------------------------------------------------------------------------
Parameters
                           instance_path           ./input/Instances/Original/5/
                            model_policy                                       1
                             nb_vehicles                                       3
                              output_dir         ./output/vi_cus/OU/V3/Original/
                            sec_strategy                                       1
                       solver_nb_threads                                       2
                         solver_show_log                                    true
                       solver_time_limit                                    3600
                              use_vi_cos                                   false
                              use_vi_cus                                    true
                         use_vi_hc1_full                                   false
                         use_vi_hc1_half                                   false
                      use_vi_hc1_quarter                                   false
                              use_vi_hc2                                   false
                              use_vi_hc3                                   false
                         use_vi_lex_full                                   false
                         use_vi_lex_half                                   false
                      use_vi_lex_quarter                                   false
                              use_vi_qua                                   false
                               use_vi_vc                                   false
                               use_vi_vr                                   false
--------------------------------------------------------------------------------
executing instance: ./input/Instances/Original/5/absH3low_4n50.dat
--------------------------------------------------------------------------------
Instance details
n	51
H	3
C	4066
Li:
[0, 0, 0, 0, 0, 0, 0, 0, 0, 0, 0, 0, 0, 0, 0, 0, 0, 0, 0, 0, 0, 0, 0, 0, 0, 0, 0, 0, 0, 0, 0, 0, 0, 0, 0, 0, 0, 0, 0, 0, 0, 0, 0, 0, 0, 0, 0, 0, 0, 0, 0, ]
Ui:
[0, 108, 126, 122, 66, 120, 48, 30, 128, 54, 158, 198, 36, 66, 210, 234, 147, 297, 171, 128, 116, 120, 219, 70, 294, 207, 134, 128, 234, 122, 22, 183, 195, 255, 132, 124, 66, 189, 219, 66, 128, 102, 288, 66, 87, 136, 36, 39, 282, 36, 237, ]
Distance matrix:
|0	210	444	498	509	104	438	228	487	304	456	434	526	476	163	47	293	396	293	290	313	85	280	437	293	336	409	106	449	376	433	478	193	404	404	534	278	181	380	507	189	438	263	473	353	216	202	218	452	254	465	|
|210	0	299	507	359	106	345	409	358	411	320	402	555	448	136	200	289	264	306	427	141	222	83	348	264	320	283	303	380	208	258	357	170	348	475	542	243	347	355	379	65	479	172	373	355	251	112	229	402	210	300	|
|444	299	0	363	65	358	116	542	66	440	26	241	425	272	282	407	251	51	276	490	159	397	224	124	217	237	48	490	170	99	83	74	261	180	430	385	214	479	231	85	270	390	184	116	271	300	409	276	210	215	54	|
|498	507	363	0	385	482	246	424	326	254	343	123	63	93	388	452	221	337	211	314	428	414	480	239	243	187	324	463	194	418	438	307	346	188	156	36	264	392	156	326	444	87	340	258	154	286	603	294	153	297	417	|
|509	359	65	385	0	422	145	602	59	492	59	269	448	292	348	472	305	115	329	545	218	462	281	152	274	286	106	554	192	153	116	78	326	216	472	403	274	540	271	63	334	425	249	127	316	361	468	337	233	278	69	|
|104	106	358	482	422	0	372	309	408	337	374	396	521	441	98	96	262	314	271	342	215	124	177	373	249	302	329	198	394	281	337	402	139	353	419	518	230	250	343	428	90	437	188	405	328	200	134	188	406	199	372	|
|438	345	116	246	145	372	0	485	87	357	97	126	309	155	279	394	180	101	200	414	223	373	288	8	157	150	84	459	53	188	196	68	245	72	328	269	165	427	128	97	297	280	184	36	175	250	456	233	94	184	170	|
|228	409	542	424	602	309	485	0	561	170	544	419	424	446	298	214	305	491	286	115	462	187	457	480	331	339	496	124	470	510	565	545	295	424	279	454	329	66	376	576	363	340	370	520	330	242	429	266	453	328	581	|
|487	358	66	326	59	408	87	561	0	441	40	211	389	233	324	446	258	95	281	497	220	431	287	95	230	234	79	522	133	164	146	19	297	160	415	344	233	500	215	21	323	367	224	68	261	320	470	299	174	242	106	|
|304	411	440	254	492	337	357	170	441	0	434	266	255	286	275	266	189	392	164	63	408	225	428	351	224	207	392	234	330	438	484	424	250	287	112	284	232	149	233	453	349	170	302	389	185	168	471	195	305	248	487	|
|456	320	26	343	59	374	97	544	40	434	0	223	406	252	294	418	247	60	271	487	181	405	247	105	215	229	49	498	149	124	109	48	270	165	419	364	215	482	218	60	288	375	194	92	261	302	431	279	190	220	75	|
|434	402	241	123	269	396	126	419	211	266	223	0	185	46	298	387	140	213	145	328	310	355	366	118	147	97	201	425	78	295	315	191	256	65	211	151	166	371	53	215	343	157	231	145	90	220	505	217	41	198	295	|
|526	555	425	63	448	521	309	424	389	255	406	185	0	156	430	481	266	398	252	310	485	442	534	301	293	237	386	480	257	478	500	370	390	249	145	55	313	401	212	389	491	89	392	321	201	322	646	334	216	345	479	|
|476	448	272	93	292	441	155	446	233	286	252	46	156	0	343	429	183	250	184	348	353	396	411	148	192	140	236	461	102	334	350	214	302	106	214	113	212	402	98	233	389	151	277	165	125	261	551	260	62	244	325	|
|163	136	282	388	348	98	279	298	324	275	294	298	430	343	0	124	167	234	178	296	167	121	162	279	151	205	247	216	297	224	280	316	42	256	340	423	132	232	246	344	74	349	100	314	233	115	216	97	308	101	307	|
|47	200	407	452	472	96	394	214	446	266	418	387	481	429	124	0	246	358	245	259	284	41	261	392	247	289	370	103	403	345	402	436	150	358	361	488	232	158	333	466	165	393	223	430	306	168	217	171	406	210	431	|
|293	289	251	221	305	262	180	305	258	189	247	140	266	183	167	246	0	204	26	240	238	215	276	175	37	43	203	289	169	255	297	242	125	122	202	257	52	248	87	272	225	191	134	215	67	80	382	77	163	81	298	|
|396	264	51	337	115	314	101	491	95	392	60	213	398	250	234	358	204	0	229	442	130	347	196	108	169	194	19	440	152	87	102	93	211	149	390	363	165	428	194	116	228	355	134	117	230	250	376	225	189	164	95	|
|293	306	276	211	329	271	200	286	281	164	271	145	252	184	178	245	26	229	0	216	262	212	297	195	63	53	228	280	184	280	323	264	138	137	178	248	76	232	95	294	241	173	156	234	60	77	395	83	172	102	324	|
|290	427	490	314	545	342	414	115	497	63	487	328	310	348	296	259	240	442	216	0	443	220	456	408	273	264	443	204	390	479	529	480	278	346	165	343	278	115	293	509	369	229	340	447	244	202	473	230	366	288	536	|
|313	141	159	428	218	215	223	462	220	408	181	310	485	353	167	284	238	130	262	443	0	288	67	228	202	252	149	382	267	67	122	221	168	247	440	459	186	396	273	241	125	423	107	245	291	242	251	214	297	162	160	|
|85	222	397	414	462	124	373	187	431	225	405	355	442	396	121	41	215	347	212	220	288	0	273	371	221	258	357	95	378	344	401	420	136	331	321	450	208	126	302	450	177	353	213	409	272	136	253	143	377	190	426	|
|280	83	224	480	281	177	288	457	287	428	247	366	534	411	162	261	276	196	297	456	67	273	0	292	243	298	215	363	329	128	176	288	179	305	475	513	224	392	324	307	96	466	143	311	335	261	187	235	357	195	219	|
|437	348	124	239	152	373	8	480	95	351	105	118	301	148	279	392	175	108	195	408	228	371	292	0	154	144	91	456	46	194	203	76	244	65	320	261	163	423	121	103	299	273	185	40	168	247	459	230	86	183	178	|
|293	264	217	243	274	249	157	331	230	224	215	147	293	192	151	247	37	169	63	273	202	221	243	154	0	57	170	303	157	217	260	215	110	111	238	278	21	271	94	245	201	223	100	193	92	93	362	78	160	54	263	|
|336	320	237	187	286	302	150	339	234	207	229	97	237	140	205	289	43	194	53	264	252	258	298	144	57	0	190	331	131	257	294	216	163	84	197	221	77	285	44	246	258	172	155	183	39	123	418	119	120	110	288	|
|409	283	48	324	106	329	84	496	79	392	49	201	386	236	247	370	203	19	228	443	149	357	215	91	170	190	0	449	136	105	114	75	221	138	384	349	168	434	185	99	245	346	146	98	224	255	394	231	174	171	99	|
|106	303	490	463	554	198	459	124	522	234	498	425	480	461	216	103	289	440	280	204	382	95	363	456	303	331	449	0	458	439	496	510	229	410	344	498	293	89	374	540	267	391	307	495	336	211	308	226	451	280	520	|
|449	380	170	194	192	394	53	470	133	330	149	78	257	102	297	403	169	152	184	390	267	378	329	46	157	131	136	458	0	238	249	114	259	47	287	216	171	416	96	137	327	235	211	67	145	247	488	235	41	197	223	|
|376	208	99	418	153	281	188	510	164	438	124	295	478	334	224	345	255	87	280	479	67	344	128	194	217	257	105	439	238	0	57	169	216	230	453	445	206	445	268	184	191	427	141	202	296	278	315	250	274	191	92	|
|433	258	83	438	116	337	196	565	146	484	109	315	500	350	280	402	297	102	323	529	122	401	176	203	260	294	114	496	249	57	0	157	271	252	490	463	251	499	296	162	247	457	195	199	331	329	362	302	288	241	47	|
|478	357	74	307	78	402	68	545	19	424	48	191	370	214	316	436	242	93	264	480	221	420	288	76	215	216	75	510	114	169	157	0	287	141	396	325	219	485	196	31	319	347	216	49	243	306	469	286	154	230	120	|
|193	170	261	346	326	139	245	295	297	250	270	256	390	302	42	150	125	211	138	278	168	136	179	244	110	163	221	229	259	216	271	287	0	216	305	382	91	229	204	316	105	310	78	280	192	83	257	60	268	62	292	|
|404	348	180	188	216	353	72	424	160	287	165	65	249	106	256	358	122	149	137	346	247	331	305	65	111	84	138	410	47	230	252	141	216	0	255	215	126	369	56	168	292	210	177	102	103	200	454	189	54	155	234	|
|404	475	430	156	472	419	328	279	415	112	419	211	145	214	340	361	202	390	178	165	440	321	475	320	238	197	384	344	287	453	490	396	305	255	0	181	254	261	201	422	410	69	335	353	160	225	551	246	252	280	482	|
|534	542	385	36	403	518	269	454	344	284	364	151	55	113	423	488	257	363	248	343	459	450	513	261	278	221	349	498	216	445	463	325	382	215	181	0	298	425	189	342	479	115	373	276	190	323	638	330	175	332	439	|
|278	243	214	264	274	230	165	329	233	232	215	166	313	212	132	232	52	165	76	278	186	208	224	163	21	77	168	293	171	206	251	219	91	126	254	298	0	267	114	250	181	242	82	202	112	88	341	68	177	33	258	|
|181	347	479	392	540	250	427	66	500	149	482	371	401	402	232	158	248	428	232	115	396	126	392	423	271	285	434	89	416	445	499	485	229	369	261	425	267	0	325	516	298	313	305	463	281	180	375	203	403	264	516	|
|380	355	231	156	271	343	128	376	215	233	218	53	212	98	246	333	87	194	95	293	273	302	324	121	94	44	185	374	96	268	296	196	204	56	201	189	114	325	0	224	294	161	185	157	49	167	455	163	78	147	284	|
|507	379	85	326	63	428	97	576	21	453	60	215	389	233	344	466	272	116	294	509	241	450	307	103	245	246	99	540	137	184	162	31	316	168	422	342	250	516	224	0	344	371	244	70	271	337	490	317	176	261	120	|
|189	65	270	444	334	90	297	363	323	349	288	343	491	389	74	165	225	228	241	369	125	177	96	299	201	258	245	267	327	191	247	319	105	292	410	479	181	298	294	344	0	414	116	328	291	187	163	165	345	147	282	|
|438	479	390	87	425	437	280	340	367	170	375	157	89	151	349	393	191	355	173	229	423	353	466	273	223	172	346	391	235	427	457	347	310	210	69	115	242	313	161	371	414	0	323	301	133	238	565	253	197	273	444	|
|263	172	184	340	249	188	184	370	224	302	194	231	392	277	100	223	134	134	156	340	107	213	143	185	100	155	146	307	211	141	195	216	78	177	335	373	82	305	185	244	116	323	0	217	192	138	278	110	230	55	214	|
|473	373	116	258	127	405	36	520	68	389	92	145	321	165	314	430	215	117	234	447	245	409	311	40	193	183	98	495	67	202	199	49	280	102	353	276	202	463	157	70	328	301	217	0	205	286	485	269	106	220	167	|
|353	355	271	154	316	328	175	330	261	185	261	90	201	125	233	306	67	230	60	244	291	272	335	168	92	39	224	336	145	296	331	243	192	103	160	190	112	281	49	271	291	133	192	205	0	138	449	141	123	145	323	|
|216	251	300	286	361	200	250	242	320	168	302	220	322	261	115	168	80	250	77	202	242	136	261	247	93	123	255	211	247	278	329	306	83	200	225	323	88	180	167	337	187	238	138	286	138	0	328	28	243	88	340	|
|202	112	409	603	468	134	456	429	470	471	431	505	646	551	216	217	382	376	395	473	251	253	187	459	362	418	394	308	488	315	362	469	257	454	551	638	341	375	455	490	163	565	278	485	449	328	0	313	508	308	406	|
|218	229	276	294	337	188	233	266	299	195	279	217	334	260	97	171	77	225	83	230	214	143	235	230	78	119	231	226	235	250	302	286	60	189	246	330	68	203	163	317	165	253	110	269	141	28	313	0	235	61	315	|
|452	402	210	153	233	406	94	453	174	305	190	41	216	62	308	406	163	189	172	366	297	377	357	86	160	120	174	451	41	274	288	154	268	54	252	175	177	403	78	176	345	197	230	106	123	243	508	235	0	207	264	|
|254	210	215	297	278	199	184	328	242	248	220	198	345	244	101	210	81	164	102	288	162	190	195	183	54	110	171	280	197	191	241	230	62	155	280	332	33	264	147	261	147	273	55	220	145	88	308	61	207	0	253	|
|465	300	54	417	69	372	170	581	106	487	75	295	479	325	307	431	298	95	324	536	160	426	219	178	263	288	99	520	223	92	47	120	292	234	482	439	258	516	284	120	282	444	214	167	323	340	406	315	264	253	0	|

--------------------------------------------------------------------------------
Building model...
	using lazy and cut (CVRPSEP package)
Solving IRP LP...
--------------------------------------------------------------------------------

Gurobi 9.1.0 (linux64) logging started Sun Jan 10 05:34:45 2021

Gurobi Optimizer version 9.1.0 build v9.1.0rc0 (linux64)
Thread count: 32 physical cores, 32 logical processors, using up to 2 threads
Optimize a model with 1431 rows, 12588 columns and 28740 nonzeros
Model fingerprint: 0x45fa8fc3
Variable types: 654 continuous, 11934 integer (459 binary)
Coefficient statistics:
  Matrix range     [1e+00, 1e+03]
  Objective range  [1e-02, 6e+02]
  Bounds range     [1e+00, 3e+02]
  RHS range        [1e+01, 7e+03]
Presolve removed 219 rows and 66 columns
Presolve time: 0.09s
Presolved: 1212 rows, 12522 columns, 27490 nonzeros
Variable types: 587 continuous, 11935 integer (11484 binary)

Root relaxation: objective 3.373564e+03, 1591 iterations, 0.06 seconds

    Nodes    |    Current Node    |     Objective Bounds      |     Work
 Expl Unexpl |  Obj  Depth IntInf | Incumbent    BestBd   Gap | It/Node Time

     0     0 3373.56424    0  163          - 3373.56424      -     -    0s
     0     0 3580.07412    0  163          - 3580.07412      -     -    0s
     0     0 3603.61038    0  169          - 3603.61038      -     -    0s
     0     0 3603.71902    0  177          - 3603.71902      -     -    0s
     0     0 4319.04104    0  220          - 4319.04104      -     -    0s
     0     0 4386.49962    0  213          - 4386.49962      -     -    1s
     0     0 4388.07916    0  247          - 4388.07916      -     -    1s
     0     0 4394.71201    0  275          - 4394.71201      -     -    1s
     0     0 4404.65320    0  265          - 4404.65320      -     -    1s
     0     0 4413.10138    0  295          - 4413.10138      -     -    1s
     0     0 4413.24819    0  271          - 4413.24819      -     -    1s
     0     0 4504.34706    0  299          - 4504.34706      -     -    1s
     0     0 4514.20379    0  167          - 4514.20379      -     -    1s
     0     0 4514.20379    0  170          - 4514.20379      -     -    1s
     0     0 4555.69393    0  338          - 4555.69393      -     -    2s
     0     0 4570.68421    0  307          - 4570.68421      -     -    2s
     0     0 4579.11665    0  308          - 4579.11665      -     -    2s
     0     0 4579.70166    0  338          - 4579.70166      -     -    2s
     0     0 4602.29644    0  366          - 4602.29644      -     -    2s
     0     0 4605.65508    0  455          - 4605.65508      -     -    3s
     0     0 4620.87492    0  411          - 4620.87492      -     -    3s
     0     0 4627.23594    0  420          - 4627.23594      -     -    3s
     0     0 4628.43292    0  435          - 4628.43292      -     -    3s
     0     0 4645.43489    0  431          - 4645.43489      -     -    4s
     0     0 4650.03167    0  446          - 4650.03167      -     -    4s
     0     0 4650.79043    0  418          - 4650.79043      -     -    4s
     0     0 4659.46018    0  484          - 4659.46018      -     -    4s
     0     0 4659.46018    0  395          - 4659.46018      -     -    5s
     0     2 4659.46018    0  357          - 4659.46018      -     -    5s
    35    38 4696.71426   11  477          - 4668.53389      -   460   10s
    85    91 4922.00586   25  366          - 4668.53389      -   395   15s
   153   170 5388.98776   43  216          - 4668.53389      -   337   20s
   231   248 5491.45874   74  134          - 4668.53389      -   273   25s
   388   420 6394.07808  116  139          - 4668.53389      -   207   30s
   551   541 9429.68333  216   85          - 4668.53389      -   170   35s
   693   678 4929.35972    8  389          - 4669.36774      -   156   40s
   725   703 6531.93513   97  203          - 4669.36774      -   163   45s
   738   712 8864.30676  189  533          - 4683.26417      -   160   51s
   748   718 4703.52049   10  580          - 4703.52049      -   158   55s
   757   724 4850.85965   25  546          - 4709.63965      -   156   60s
   766   730 7396.01844  132  564          - 4711.59036      -   154   65s
   779   739 4714.86086   16  594          - 4714.86086      -   152   70s
   793   750 5233.13002   31  398          - 4714.99025      -   182   75s
   807   759 6157.40821   97  611          - 4715.50615      -   179   80s
   816   765 4853.04761   28  601          - 4715.93277      -   177   85s
   820   768 6200.28395  107  589          - 4722.19069      -   176   93s
   827   776 4722.19069   30  563          - 4722.19069      -   195   95s
   847   790 4730.88696   35  618          - 4730.88696      -   209  100s
   875   810 4751.39271   42  569          - 4738.50919      -   220  105s
   908   835 4804.27617   48  449          - 4738.50919      -   234  110s
   987   889 4882.02576   60  403          - 4738.50919      -   234  115s
  1041   934 4912.54487   69  412          - 4738.50919      -   234  121s
  1103   987 4952.38783   77  423          - 4738.50919      -   230  125s
  1219  1073 5009.53610   88  342          - 4738.50919      -   221  131s
  1312  1120 5058.59254   92  341          - 4738.50919      -   212  135s
  1446  1137 5138.66226  101  331          - 4738.50919      -   199  140s
* 1460  1096             248    9128.6400000 4738.50919  48.1%   198  140s
  1497  1112 5197.52096  112  299 9128.64000 4738.50919  48.1%   198  146s
  1521  1131 5290.91419  120  239 9128.64000 4738.50919  48.1%   200  150s
  1556  1157 5377.16746  129  219 9128.64000 4738.50919  48.1%   200  155s
  1595  1180 5477.73883  139  197 9128.64000 4738.50919  48.1%   200  172s
  1630  1199 5595.08571  150  183 9128.64000 4738.50919  48.1%   200  176s
  1669  1236 5728.19927  161  200 9128.64000 4738.50919  48.1%   200  180s
  1725  1273 5968.15790  176  141 9128.64000 4738.50919  48.1%   200  186s
  1790  1342 5871.64558  190  102 9128.64000 4738.50919  48.1%   198  198s
  1838  1388 5921.19804  202  101 9128.64000 4738.50919  48.1%   196  201s
  1987  1412 5806.68255  117   60 9128.64000 4738.50919  48.1%   189  205s
  2060  1509 4855.32522   35  442 9128.64000 4754.56489  47.9%   186  211s
  2160  1536 4904.06630   37  417 9128.64000 4754.56489  47.9%   181  215s
  2271  1609 5000.49869   40  303 9128.64000 4754.56489  47.9%   176  220s
  2441  1613 5090.98529   56  287 9128.64000 4754.56489  47.9%   170  227s
  2459  1630 5155.09631   61  224 9128.64000 4754.56489  47.9%   171  230s
  2511  1673 5239.55622   73  125 9128.64000 4754.56489  47.9%   172  236s
  2545  1726 5296.20675   84   84 9128.64000 4754.56489  47.9%   173  240s
  2611  1806 5514.35000   94   24 9128.64000 4754.56489  47.9%   172  246s
  2715  1851 5705.78000  116   12 9128.64000 4754.56489  47.9%   169  251s
  2805  1918 5980.01667  115   31 9128.64000 4754.56489  47.9%   168  256s
  2903  1984 6260.48705  173   32 9128.64000 4754.56489  47.9%   166  262s
  3011  2128 6459.98091  176   30 9128.64000 4754.56489  47.9%   163  268s
  3147  2128 6174.21560  135   90 9128.64000 4754.56489  47.9%   160  270s
  3221  2228 7516.70588  205   47 9128.64000 4755.17057  47.9%   157  275s
  3499  2393 8311.09000  210    - 9128.64000 4758.41415  47.9%   148  282s
  3678  2511 8303.54000  210    - 9128.64000 4758.43192  47.9%   144  290s
  3858  2557 8560.89000  216   10 9128.64000 4762.40407  47.8%   140  296s
  3924  2606 4844.86884   41  498 9128.64000 4763.83398  47.8%   140  302s
  3952  2637 4902.18970   48  462 9128.64000 4763.83398  47.8%   141  306s
  3983  2655 4987.32503   57  352 9128.64000 4763.83398  47.8%   142  311s
  4001  2691 4992.22956   60  371 9128.64000 4763.83398  47.8%   143  316s
  4037  2756 5057.18917   65  368 9128.64000 4763.83398  47.8%   143  321s
  4102  2884 5079.28442   69  399 9128.64000 4763.83398  47.8%   144  328s
  4240  3020 5219.79752   76  357 9128.64000 4763.83398  47.8%   142  336s
  4442  3072 5302.82327   83  276 9128.64000 4763.83398  47.8%   138  343s
  4479  3104 5451.38464   90  307 9128.64000 4763.83398  47.8%   139  348s
  4515  3149 5551.02987   98  234 9128.64000 4763.83398  47.8%   141  354s
  4568  3205 5742.53149  110  220 9128.64000 4763.83398  47.8%   141  360s
  4635  3253 5880.97353  122  157 9128.64000 4763.83398  47.8%   142  366s
  4691  3316 6088.72697  130  127 9128.64000 4763.83398  47.8%   142  372s
  4762  3435 6313.62566  143  117 9128.64000 4763.83398  47.8%   143  379s
  4847  3435 6884.58127  173   39 9128.64000 4763.83398  47.8%   142  380s
  4883  3521 7163.37830  177   45 9128.64000 4772.18929  47.7%   143  386s
  5025  3584 4920.25872   45  510 9128.64000 4774.01293  47.7%   142  394s
  5070  3619 5143.65001   57  373 9128.64000 4774.01293  47.7%   143  401s
  5112  3663 5150.37910   67  298 9128.64000 4774.01293  47.7%   144  408s
  5166  3717 5383.34035   84  225 9128.64000 4774.01293  47.7%   145  415s
  5216  3798 5593.47167  101  179 9128.64000 4774.01293  47.7%   147  423s
  5299  3937 5949.13573  128   50 9128.64000 4774.01293  47.7%   148  433s
  5438  4035 6559.18356  164   35 9128.64000 4780.65050  47.6%   148  443s
  5560  4181 7193.07500  187   14 9128.64000 4782.76823  47.6%   147  454s
  5594  4187 5227.86426   65  254 9128.64000 4782.76823  47.6%   148  455s
  5710  4300 7647.94000  194    - 9128.64000 4783.93657  47.6%   147  467s
  5925  4351 8228.36769  194   30 9128.64000 4788.47298  47.5%   143  476s
  5972  4372 8254.06000  195    - 9128.64000 4789.67347  47.5%   144  484s
  6011  4414 5209.19313   39  439 9128.64000 4792.61654  47.5%   146  497s
  6043  4451 5325.44629   44  404 9128.64000 4792.61654  47.5%   148  505s
  6083  4528 5550.65886   53  274 9128.64000 4792.61654  47.5%   150  515s
  6162  4646 5780.86590   71  206 9128.64000 4792.61654  47.5%   151  525s
  6284  4860 5910.26606   94  188 9128.64000 4792.61654  47.5%   151  539s
  6301  4860 6148.48257  101  138 9128.64000 4792.61654  47.5%   151  540s
  6538  5028 6109.93318  125  157 9128.64000 4792.61654  47.5%   149  553s
  6629  5028 6755.45440  165   49 9128.64000 4792.61654  47.5%   149  555s
  6730  5086 6843.43249  168   98 9128.64000 4793.84631  47.5%   148  564s
  6752  5086 7649.61314  177   96 9128.64000 4793.84631  47.5%   147  565s
  6817  5144 5323.85801   60  383 9128.64000 4794.08034  47.5%   148  574s
  6846  5144 infeasible  256      9128.64000 4794.08034  47.5%   149  575s
  6880  5166 5937.78959   88  237 9128.64000 4794.08034  47.5%   149  610s
  6902  5272 6294.68064   99  196 9128.64000 4795.01561  47.5%   149  621s
  7050  5285 8766.65838  189   70 9128.64000 4796.37160  47.5%   148  662s
  7052  5329 8766.65838  190   68 9128.64000 4797.72562  47.4%   148  673s
  7127  5345 5478.52616   73  401 9128.64000 4797.72562  47.4%   149  675s
  7133  5398     cutoff  201      9128.64000 4798.57762  47.4%   149  685s
  7218  5584 5463.75321   59  388 9128.64000 4798.57762  47.4%   149  700s
  7430  5704 6634.78877  110  278 9128.64000 4800.61360  47.4%   149  720s
  7594  5828 infeasible  221      9128.64000 4802.38182  47.4%   148  737s
  7714  6079 5842.11826   70  228 9128.64000 4802.84479  47.4%   149  755s
  8034  6195 infeasible  194      9128.64000 4803.11300  47.4%   147  774s
  8133  6447 5947.66185   81  372 9128.64000 4805.32003  47.4%   148  797s
  8428  6687 5297.03674   47  513 9128.64000 4806.19980  47.4%   147  815s
  8722  6782 infeasible   67      9128.64000 4807.46086  47.3%   146  834s
  8778  6782 7248.52648   88  173 9128.64000 4807.46086  47.3%   146  835s
  8833  6878 infeasible   45      9128.64000 4807.49496  47.3%   148  850s
  8931  7105 5317.34377   68  244 9128.64000 4807.49496  47.3%   149  866s
  9162  7385 5666.60708   96  142 9128.64000 4807.49496  47.3%   150  888s
  9281  7385 6354.47625  133   64 9128.64000 4807.49496  47.3%   149  890s
  9480  7621 6856.56000  162   12 9128.64000 4808.32122  47.3%   149  908s
  9604  7637 8126.60000  213   20 9128.64000 4808.32122  47.3%   147  910s
  9879  7740 9028.76500  246   14 9128.64000 4808.74023  47.3%   146  927s
  9991  7807     cutoff  249      9128.64000 4809.23084  47.3%   146  941s
 10088  7972 5487.78434   95  152 9128.64000 4810.40205  47.3%   148  958s
 10296  8036 8835.66000  215    - 9128.64000 4810.70309  47.3%   147  977s
 10370  8171 5192.58249   58  294 9128.64000 4810.78003  47.3%   148  992s
 10492  8474 5431.43652   82   77 9128.64000 4810.92621  47.3%   149 1014s
 10577  8474 5832.48070  110   76 9128.64000 4810.92621  47.3%   149 1015s
 10869  8568 6942.04000  161    - 9128.64000 4811.60487  47.3%   147 1032s
 10969  8657 7306.45833  162   29 9128.64000 4812.35109  47.3%   148 1047s
 11077  8749 7528.64500  167   19 9128.64000 4812.51074  47.3%   149 1065s
 11215  8823 8588.06000  189    - 9128.64000 4814.83150  47.3%   149 1082s
 11303  8868 8703.40667  189   17 9128.64000 4816.65352  47.2%   151 1097s
 11386  8974 5261.22242   56  231 9128.64000 4820.74042  47.2%   152 1114s
 11438  8974 5247.66613   64  376 9128.64000 4820.74042  47.2%   152 1115s
 11507  9154 5333.06217   70  341 9128.64000 4821.21297  47.2%   153 1134s
 11544  9154 5785.19581  107  209 9128.64000 4821.21297  47.2%   153 1135s
 11722  9254 8707.98636  211   22 9128.64000 4822.09429  47.2%   152 1153s
 11834  9376 8997.57000  216   18 9128.64000 4823.54155  47.2%   153 1171s
 11987  9528     cutoff  221      9128.64000 4824.77450  47.1%   153 1191s
 12169  9743 5762.23157   90  186 9128.64000 4825.28368  47.1%   153 1211s
 12411  9764 8116.79000  178   10 9128.64000 4826.09074  47.1%   152 1215s
 12454  9871 7694.52000  161    4 9128.64000 4826.17018  47.1%   152 1230s
 12597  9919 8644.32480  192   50 9128.64000 4826.96114  47.1%   152 1248s
 12657 10120 5291.61367   67  220 9128.64000 4828.42599  47.1%   153 1264s
 12708 10120 6410.70879  118  128 9128.64000 4828.42599  47.1%   153 1265s
 12944 10348 infeasible  214      9128.64000 4828.52397  47.1%   152 1288s
 13059 10354 5745.59333  116   60 9128.64000 4828.53668  47.1%   153 1290s
 13176 10470 5352.12344   69  148 9128.64000 4828.53668  47.1%   152 1308s
 13280 10540 5433.64955   87  114 9128.64000 4828.53668  47.1%   153 1347s
 13350 10568 5626.14592   95   61 9128.64000 4828.53668  47.1%   153 1366s
 13378 10757 5508.97876   98  113 9128.64000 4828.53668  47.1%   153 1385s
 13567 11110 5802.20004  133   79 9128.64000 4828.83283  47.1%   153 1410s
 13967 11321 7583.78000  186    - 9128.64000 4828.98326  47.1%   151 1436s
 14199 11356 6865.63000  166   14 9128.64000 4829.07917  47.1%   150 1440s
 14280 11372 8088.63800  186   50 9128.64000 4829.09369  47.1%   150 1464s
 14306 11466 4980.05224   34  299 9128.64000 4829.56934  47.1%   150 1482s
 14456 11533 5366.63513   43  375 9128.64000 4829.56934  47.1%   150 1499s
 14485 11533 9029.58000  199    - 9128.64000 4829.56934  47.1%   151 1500s
 14516 11680 5807.92848   51  297 9128.64000 4829.56934  47.1%   152 1520s
 14690 11807 6338.29467   65  270 9128.64000 4829.56934  47.1%   152 1629s
 14708 11807 6415.81911   74  228 9128.64000 4829.56934  47.1%   152 1630s
 14805 12136 7151.87089   95  156 9128.64000 4831.28218  47.1%   152 1657s
 14959 12137 8460.71927  144   32 9128.64000 4831.28218  47.1%   151 1660s
 15202 12260     cutoff  167      9128.64000 4831.42834  47.1%   151 1678s
 15328 12503 5747.06060   75  205 9128.64000 4832.70200  47.1%   151 1704s
 15350 12503 6174.25155   97  175 9128.64000 4832.70200  47.1%   152 1705s
 15654 12616     cutoff  247      9128.64000 4832.77379  47.1%   150 1726s
 15762 12747 5806.80203  109  219 9128.64000 4834.37794  47.0%   151 1744s
 15779 12747 6003.78768  126  157 9128.64000 4834.37794  47.0%   151 1745s
 15930 12917 5688.93700   69  305 9128.64000 4834.77451  47.0%   151 1766s
 16116 13081 8361.14000  180    - 9128.64000 4835.79083  47.0%   151 1787s
 16309 13145 8819.63000  180    6 9128.64000 4836.84538  47.0%   151 1809s
 16333 13152 5337.43174   66  345 9128.64000 4836.84538  47.0%   151 1810s
 16381 13297 8899.63000  181    - 9128.64000 4837.58644  47.0%   152 1833s
 16462 13308 5978.70268   80  120 9128.64000 4837.71856  47.0%   152 1835s
 16580 13322 infeasible  181      9128.64000 4838.63202  47.0%   151 1853s
*16596 13318             222    9114.3500000 4839.47002  46.9%   151 1854s
*16600 13289             219    9073.3500000 4839.47002  46.7%   151 1854s
 16615 13322 8956.97000  180    - 9073.35000 4839.61440  46.7%   151 1871s
 16662 13425 infeasible  180      9073.35000 4841.63621  46.6%   152 1888s
 16768 13619 5553.31500   67  147 9073.35000 4842.54888  46.6%   153 1910s
 17022 13780 infeasible  185      9073.35000 4842.86042  46.6%   152 1931s
 17198 13890 5860.21661   77  266 9073.35000 4843.23156  46.6%   152 1952s
 17355 14006 7180.28000  144    3 9073.35000 4843.38363  46.6%   152 1974s
 17420 14022 5168.29144   56  169 9073.35000 4843.38363  46.6%   152 1975s
 17508 14060 8299.29000  170    - 9073.35000 4843.73190  46.6%   152 1994s
 17570 14068 8437.88000  171    - 9073.35000 4843.76480  46.6%   153 2048s
 17574 14204 8650.10000  171    - 9073.35000 4843.83962  46.6%   153 2070s
 17754 14297 8988.37000  176    - 9073.35000 4844.87910  46.6%   153 2091s
 17860 14304 5458.15337   62  190 9073.35000 4844.88363  46.6%   153 2097s
 17862 14360     cutoff  179      9073.35000 4844.93881  46.6%   153 2116s
 17960 14407     cutoff  177      9073.35000 4845.25232  46.6%   154 2138s
 18015 14479 5138.19188   41  291 9073.35000 4845.28507  46.6%   155 2159s
 18091 14633 5374.55147   64  265 9073.35000 4845.28507  46.6%   155 2181s
 18247 14842 5967.83360  110   45 9073.35000 4845.85425  46.6%   156 2204s
 18504 14920 7126.34174  150   23 9073.35000 4846.12539  46.6%   155 2225s
 18600 15047 8285.39000  158    - 9073.35000 4846.91729  46.6%   156 2247s
 18759 15132 8290.39000  158    - 9073.35000 4847.46532  46.6%   156 2265s
 18852 15196 8329.39000  158    - 9073.35000 4847.81344  46.6%   156 2287s
*18853 14365             158    8372.2300000 4847.81344  42.1%   156 2287s
 18940 14446 8337.16370  160   32 8372.23000 4847.99546  42.1%   157 2307s
*18943 14444             162    8368.1800000 4847.99546  42.1%   157 2307s
 19027 14531 8350.85200  162   28 8368.18000 4849.40256  42.0%   158 2328s
 19126 14619 6310.56233   99   79 8368.18000 4850.46722  42.0%   158 2351s
*19223 14071             173    7919.5300000 4850.69109  38.8%   158 2352s
 19258 14139 7498.97000  144    6 7919.53000 4851.14281  38.7%   158 2374s
 19337 14307 7631.46000  145    - 7919.53000 4851.33270  38.7%   158 2398s
 19464 14309 7464.59285  171   19 7919.53000 4851.33270  38.7%   158 2400s
 19530 14436     cutoff  186      7919.53000 4853.79355  38.7%   158 2420s
 19671 14552 5401.38299   57  227 7919.53000 4855.17995  38.7%   158 2444s
 19739 14552 6923.17325  125   62 7919.53000 4855.17995  38.7%   158 2445s
 19815 14693 7605.65000  151    - 7919.53000 4855.32125  38.7%   159 2467s
 19970 14837 infeasible  151      7919.53000 4856.80045  38.7%   159 2490s
 20160 14896 5994.83425  107   62 7919.53000 4857.39012  38.7%   159 2515s
 20264 14983 7845.59000  168    - 7919.53000 4857.91112  38.7%   158 2537s
 20359 15062 infeasible  168      7919.53000 4858.53294  38.7%   159 2561s
 20459 15189 5495.83796   48  418 7919.53000 4858.89276  38.6%   159 2585s
 20604 15279 5083.47099   49  533 7919.53000 4858.91802  38.6%   159 2605s
 20727 15408 5773.92220   79  251 7919.53000 4858.98908  38.6%   159 2628s
 20874 15538     cutoff  180      7919.53000 4861.01162  38.6%   159 2648s
*20918 13650             160    7116.6900000 4861.41029  31.7%   160 2649s
 20957 13650 5705.24041   80  250 7116.69000 4861.41029  31.7%   160 2650s
 21013 13738 5765.99482   76  249 7116.69000 4862.42679  31.7%   160 2670s
*21098 13682             160    7096.6900000 4862.43545  31.5%   160 2671s
 21145 13781 4992.86002   41  337 7096.69000 4862.43545  31.5%   160 2690s
 21250 13994 5340.67285   72  131 7096.69000 4862.57534  31.5%   160 2720s
 21539 14118 6529.70105  132   29 7096.69000 4863.28669  31.5%   160 2743s
 21657 14120 7084.54538  152    5 7096.69000 4863.37590  31.5%   160 2745s
 21664 14189 6698.41000  136   10 7096.69000 4864.52207  31.5%   160 2762s
 21753 14318 7062.82000  150    - 7096.69000 4864.95162  31.4%   160 2784s
 21896 14416     cutoff  150      7096.69000 4866.95533  31.4%   160 2805s
 22023 14473 5559.50439   50  306 7096.69000 4867.16056  31.4%   160 2825s
 22080 14591 6012.62417   62  244 7096.69000 4867.16056  31.4%   161 2847s
 22200 14720 7013.48115  103   18 7096.69000 4867.20944  31.4%   161 2868s
 22345 14831 6060.23440  114   55 7096.69000 4867.21733  31.4%   162 2890s
 22519 14881     cutoff  153      7096.69000 4867.74425  31.4%   162 2912s
 22571 15013 5568.35181   57  355 7096.69000 4867.91698  31.4%   162 2936s
 22743 15124     cutoff  141      7096.69000 4869.17443  31.4%   162 2960s
 22851 15266 6279.93802  119   52 7096.69000 4869.53596  31.4%   162 2984s
 22916 15267 5282.72923   58  318 7096.69000 4869.53596  31.4%   162 2985s
 23026 15300 6704.09000  137    - 7096.69000 4870.37409  31.4%   162 3007s
 23065 15363 6732.68710  137   18 7096.69000 4870.90185  31.4%   163 3029s
 23083 15364 6979.78000  144    - 7096.69000 4870.90185  31.4%   163 3030s
 23175 15463     cutoff  154      7096.69000 4870.91709  31.4%   163 3055s
 23272 15576 5716.69095   77  235 7096.69000 4872.07350  31.3%   164 3079s
 23329 15576 6882.42266  134   72 7096.69000 4872.07350  31.3%   164 3080s
 23432 15674 5403.98609   52  429 7096.69000 4872.72481  31.3%   164 3101s
 23530 15744 6886.16167  116   80 7096.69000 4872.74008  31.3%   164 3121s
 23639 15852 5281.48485   81  318 7096.69000 4872.90354  31.3%   164 3141s
 23767 15961     cutoff  148      7096.69000 4873.35292  31.3%   164 3166s
 23890 16039 5256.68962   51  421 7096.69000 4873.41452  31.3%   165 3191s
 23968 16198 5615.81062   70   99 7096.69000 4873.41452  31.3%   165 3215s
 24127 16386 5967.24000  115    - 7096.69000 4873.45912  31.3%   166 3249s
 24178 16389 6207.86548  135   42 7096.69000 4873.45912  31.3%   165 3250s
 24394 16474 6796.17167  162   27 7096.69000 4873.80572  31.3%   165 3276s
 24480 16624 5552.82502   58  221 7096.69000 4873.88934  31.3%   166 3501s
 24643 16698 7046.22273  158   12 7096.69000 4873.89088  31.3%   165 3530s
 24733 16809 5433.25459   53  335 7096.69000 4875.04229  31.3%   166 3557s
 24862 16886 5139.95457   41  432 7096.69000 4875.07787  31.3%   166 3585s
 24940 16950 6419.35833   92   80 7096.69000 4875.28829  31.3%   166 3600s

Cutting planes:
  User: 1804
  Gomory: 39
  Cover: 356
  Implied bound: 82
  Clique: 17
  MIR: 136
  StrongCG: 6
  Flow cover: 443
  Zero half: 53
  RLT: 268
  Relax-and-lift: 3
  Lazy constraints: 9167

Explored 25028 nodes (4174269 simplex iterations) in 3601.56 seconds
Thread count was 2 (of 32 available processors)

Solution count 8: 7096.69 7116.69 7919.53 ... 9128.64

Time limit reached
Best objective 7.096690000000e+03, best bound 4.875288293671e+03, gap 31.3019%

User-callback calls 368282, time in user-callback 257.71 sec
================================================================================
executing instance: ./input/Instances/Original/5/absH3low_4n25.dat
--------------------------------------------------------------------------------
Instance details
n	26
H	3
C	2029
Li:
[0, 0, 0, 0, 0, 0, 0, 0, 0, 0, 0, 0, 0, 0, 0, 0, 0, 0, 0, 0, 0, 0, 0, 0, 0, 0, ]
Ui:
[0, 34, 165, 76, 88, 188, 58, 279, 52, 132, 198, 142, 135, 165, 186, 58, 201, 196, 40, 183, 32, 90, 168, 126, 93, 146, ]
Distance matrix:
|0	299	188	235	91	202	152	147	162	277	268	132	71	162	220	69	220	289	241	124	265	80	162	132	66	302	|
|299	0	468	431	282	142	317	425	443	569	193	178	359	302	422	231	93	28	511	325	457	242	434	215	240	601	|
|188	468	0	153	265	342	308	43	192	106	455	290	117	206	142	246	379	464	252	274	360	267	211	319	231	184	|
|235	431	153	0	326	289	386	145	321	240	482	269	184	129	15	258	339	436	393	355	477	305	336	354	237	334	|
|91	282	265	326	0	228	66	228	166	339	196	157	154	242	311	99	225	264	229	50	201	47	153	71	115	340	|
|202	142	342	289	228	0	285	301	363	447	255	73	245	161	281	139	53	151	440	278	428	181	360	187	136	495	|
|152	317	308	386	66	285	0	275	167	368	188	217	207	308	371	163	274	295	210	34	145	108	148	104	181	350	|
|147	425	43	145	228	301	275	0	179	146	415	248	76	172	131	203	337	421	248	242	341	227	195	279	188	211	|
|162	443	192	321	166	363	167	179	0	216	352	291	152	302	307	225	375	428	81	138	170	201	22	237	227	183	|
|277	569	106	240	339	447	368	146	216	0	535	391	210	312	232	341	481	562	245	335	381	352	238	402	329	106	|
|268	193	455	482	196	255	188	415	352	535	0	225	339	367	469	224	212	165	398	214	302	188	335	136	245	533	|
|132	178	290	269	157	73	217	248	291	391	225	0	183	145	258	66	91	175	367	207	358	110	287	127	67	431	|
|71	359	117	184	154	245	207	76	152	210	339	183	0	152	169	131	274	352	232	174	294	151	161	203	119	251	|
|162	302	206	129	242	161	308	172	302	312	367	145	152	0	120	153	210	308	383	284	426	208	309	249	132	383	|
|220	422	142	15	311	281	371	131	307	232	469	258	169	120	0	245	330	427	379	340	461	291	321	340	224	324	|
|69	231	246	258	99	139	163	203	225	341	224	66	131	153	245	0	152	222	301	147	299	57	221	97	22	371	|
|220	93	379	339	225	53	274	337	375	481	212	91	274	210	330	152	0	99	448	273	419	180	369	171	157	521	|
|289	28	464	436	264	151	295	421	428	562	165	175	352	308	427	222	99	0	493	305	434	227	418	196	234	590	|
|241	511	252	393	229	440	210	248	81	245	398	367	232	383	379	301	448	493	0	190	147	270	80	298	305	175	|
|124	325	274	355	50	278	34	242	138	335	214	207	174	284	340	147	273	305	190	0	152	97	122	110	162	320	|
|265	457	360	477	201	428	145	341	170	381	302	358	294	426	461	299	419	434	147	152	0	248	150	249	312	322	|
|80	242	267	305	47	181	108	227	201	352	188	110	151	208	291	57	180	227	270	97	248	0	192	52	76	366	|
|162	434	211	336	153	360	148	195	22	238	335	287	161	309	321	221	369	418	80	122	150	192	0	224	225	203	|
|132	215	319	354	71	187	104	279	237	402	136	127	203	249	340	97	171	196	298	110	249	52	224	0	118	409	|
|66	240	231	237	115	136	181	188	227	329	245	67	119	132	224	22	157	234	305	162	312	76	225	118	0	364	|
|302	601	184	334	340	495	350	211	183	106	533	431	251	383	324	371	521	590	175	320	322	366	203	409	364	0	|

--------------------------------------------------------------------------------
Building model...
	using lazy and cut (CVRPSEP package)
Solving IRP LP...
--------------------------------------------------------------------------------

Gurobi 9.1.0 (linux64) logging started Sun Jan 10 06:34:49 2021

Gurobi Optimizer version 9.1.0 build v9.1.0rc0 (linux64)
Thread count: 32 physical cores, 32 logical processors, using up to 2 threads
Optimize a model with 731 rows, 3488 columns and 8765 nonzeros
Model fingerprint: 0x121eab6c
Variable types: 329 continuous, 3159 integer (234 binary)
Coefficient statistics:
  Matrix range     [1e+00, 7e+02]
  Objective range  [1e-02, 6e+02]
