




arguments: ./build/mirp_solver -f ./input/orig_exec_23.cfg
Current dir: /scratch/gui/bnc_mirp
File verbosity level: 9
date       time         ( uptime  ) [ thread name/id ]                   file:line     v| 
2021-01-09 02:29:32.821 (   0.180s) [main thread     ]             loguru.cpp:789   INFO| Logging to './output/vi_cus/OU/V3/Original/execution_09_01_2021_02_29_32.log', mode: 'a', verbosity: 9
--------------------------------------------------------------------------------
Parameters
                           instance_path           ./input/Instances/Original/1/
                            model_policy                                       1
                             nb_vehicles                                       3
                              output_dir         ./output/vi_cus/OU/V3/Original/
                            sec_strategy                                       1
                       solver_nb_threads                                       2
                         solver_show_log                                    true
                       solver_time_limit                                    3600
                              use_vi_cos                                   false
                              use_vi_cus                                    true
                         use_vi_hc1_full                                   false
                         use_vi_hc1_half                                   false
                      use_vi_hc1_quarter                                   false
                              use_vi_hc2                                   false
                              use_vi_hc3                                   false
                         use_vi_lex_full                                   false
                         use_vi_lex_half                                   false
                      use_vi_lex_quarter                                   false
                              use_vi_qua                                   false
                               use_vi_vc                                   false
                               use_vi_vr                                   false
--------------------------------------------------------------------------------
executing instance: ./input/Instances/Original/1/absH3high_1n5.dat
--------------------------------------------------------------------------------
Instance details
n	6
H	3
C	289
Li:
[0, 0, 0, 0, 0, 0, ]
Ui:
[0, 195, 105, 116, 72, 22, ]
Distance matrix:
|0	85	349	17	203	289	|
|85	0	265	102	214	226	|
|349	265	0	366	368	238	|
|17	102	366	0	207	302	|
|203	214	368	207	0	431	|
|289	226	238	302	431	0	|

--------------------------------------------------------------------------------
Building model...
	using lazy and cut (CVRPSEP package)
Solving IRP LP...
--------------------------------------------------------------------------------

Gurobi 9.1.0 (linux64) logging started Sat Jan  9 02:29:32 2021

Gurobi Optimizer version 9.1.0 build v9.1.0rc0 (linux64)
Thread count: 32 physical cores, 32 logical processors, using up to 2 threads
Optimize a model with 171 rows, 258 columns and 885 nonzeros
Model fingerprint: 0xf05f089f
Variable types: 69 continuous, 189 integer (54 binary)
Coefficient statistics:
  Matrix range     [1e+00, 2e+02]
  Objective range  [2e-01, 4e+02]
  Bounds range     [1e+00, 2e+02]
  RHS range        [1e+01, 5e+02]
Presolve removed 36 rows and 21 columns
Presolve time: 0.01s
Presolved: 135 rows, 237 columns, 714 nonzeros
Variable types: 51 continuous, 186 integer (138 binary)
Found heuristic solution: objective 4371.3200000

Root relaxation: objective 1.701803e+03, 220 iterations, 0.00 seconds

    Nodes    |    Current Node    |     Objective Bounds      |     Work
 Expl Unexpl |  Obj  Depth IntInf | Incumbent    BestBd   Gap | It/Node Time

     0     0 1701.80263    0   32 4371.32000 1701.80263  61.1%     -    0s
H    0     0                    4041.0000000 1701.80263  57.9%     -    0s
     0     0 1867.90201    0   48 4041.00000 1867.90201  53.8%     -    0s
H    0     0                    2877.6700000 1867.90201  35.1%     -    0s
     0     0 1893.83679    0   37 2877.67000 1893.83679  34.2%     -    0s
     0     0 1893.83679    0   40 2877.67000 1893.83679  34.2%     -    0s
     0     0 2196.23411    0   61 2877.67000 2196.23411  23.7%     -    0s
     0     0 2206.69963    0   53 2877.67000 2206.69963  23.3%     -    0s
     0     0 2273.82512    0   69 2877.67000 2273.82512  21.0%     -    0s
H    0     0                    2803.6700000 2273.82512  18.9%     -    0s
     0     0 2274.38421    0   72 2803.67000 2274.38421  18.9%     -    0s
     0     0 2274.46405    0   78 2803.67000 2274.46405  18.9%     -    0s
     0     0 2317.50216    0   70 2803.67000 2317.50216  17.3%     -    0s
     0     0 2319.46756    0   67 2803.67000 2319.46756  17.3%     -    0s
     0     0 2320.20224    0   67 2803.67000 2320.20224  17.2%     -    0s
     0     0 2357.91663    0   69 2803.67000 2357.91663  15.9%     -    0s
     0     0 2364.94723    0   81 2803.67000 2364.94723  15.6%     -    0s
     0     0 2367.11161    0   81 2803.67000 2367.11161  15.6%     -    0s
     0     0 2367.15012    0   70 2803.67000 2367.15012  15.6%     -    0s
     0     0 2374.93308    0   92 2803.67000 2374.93308  15.3%     -    0s
     0     0 2382.83889    0   83 2803.67000 2382.83889  15.0%     -    0s
     0     0 2382.91752    0   83 2803.67000 2382.91752  15.0%     -    0s
     0     0 2383.72664    0   91 2803.67000 2383.72664  15.0%     -    0s
     0     0 2384.60763    0   73 2803.67000 2384.60763  14.9%     -    0s
     0     0 2384.99493    0   92 2803.67000 2384.99493  14.9%     -    0s
     0     0 2386.95173    0  102 2803.67000 2386.95173  14.9%     -    0s
     0     0 2386.95173    0  102 2803.67000 2386.95173  14.9%     -    0s
H    0     0                    2414.0300000 2386.95173  1.12%     -    0s
     0     0 2386.95173    0    9 2414.03000 2386.95173  1.12%     -    0s
     0     0 2390.61414    0    5 2414.03000 2390.61414  0.97%     -    0s
     0     0 2390.61414    0    2 2414.03000 2390.61414  0.97%     -    0s
     0     0     cutoff    0      2414.03000 2414.03000  0.00%     -    0s

Cutting planes:
  Cover: 4
  Implied bound: 1
  Clique: 2
  MIR: 14
  Flow cover: 14
  RLT: 2
  Relax-and-lift: 4

Explored 1 nodes (1205 simplex iterations) in 0.21 seconds
Thread count was 2 (of 32 available processors)

Solution count 5: 2414.03 2803.67 2877.67 ... 4371.32

Optimal solution found (tolerance 1.00e-04)
Best objective 2.414030000000e+03, best bound 2.414030000000e+03, gap 0.0000%

User-callback calls 293, time in user-callback 0.01 sec
================================================================================
executing instance: ./input/Instances/Original/1/absH3high_1n45.dat
--------------------------------------------------------------------------------
Instance details
n	46
H	3
C	3462
Li:
[0, 0, 0, 0, 0, 0, 0, 0, 0, 0, 0, 0, 0, 0, 0, 0, 0, 0, 0, 0, 0, 0, 0, 0, 0, 0, 0, 0, 0, 0, 0, 0, 0, 0, 0, 0, 0, 0, 0, 0, 0, 0, 0, 0, 0, 0, ]
Ui:
[0, 273, 270, 36, 165, 192, 148, 45, 30, 75, 180, 198, 112, 117, 90, 64, 180, 22, 264, 174, 168, 270, 86, 66, 26, 66, 237, 156, 92, 108, 144, 72, 30, 45, 94, 54, 174, 96, 198, 136, 44, 180, 210, 249, 198, 48, ]
Distance matrix:
|0	281	201	160	249	201	93	431	236	139	252	136	116	166	390	110	349	374	303	180	327	464	236	70	44	461	346	439	363	254	312	426	305	206	71	137	169	200	247	260	20	219	256	253	460	278	|
|281	0	448	170	53	142	338	184	121	290	371	390	222	302	111	289	169	434	230	177	238	441	59	212	319	211	86	235	399	306	53	176	99	202	263	157	361	101	370	201	264	344	364	374	469	184	|
|201	448	0	285	430	325	114	556	361	171	191	64	228	174	546	294	453	306	364	289	388	435	393	254	157	585	491	536	318	254	490	554	436	407	266	292	108	388	186	337	207	181	205	190	408	364	|
|160	170	285	0	169	43	182	280	80	120	208	231	58	132	262	230	190	294	151	24	174	345	112	107	183	309	207	280	268	158	219	276	155	235	187	45	192	150	205	107	140	177	202	210	356	119	|
|249	53	430	169	0	152	317	238	145	282	377	369	212	299	157	242	215	452	261	183	273	474	76	181	290	264	140	287	421	320	63	229	145	148	221	142	352	53	374	226	234	346	370	378	498	215	|
|201	142	325	43	152	0	224	237	37	156	230	273	101	164	224	261	148	300	127	38	147	333	83	142	225	266	167	238	270	168	193	233	112	246	221	70	228	148	228	84	180	202	222	232	351	87	|
|93	338	114	182	317	224	0	460	262	92	180	52	124	112	440	199	364	307	292	191	317	415	284	140	57	490	387	452	304	208	377	457	336	297	163	181	84	274	175	256	95	152	188	180	402	280	|
|431	184	556	280	238	237	460	0	199	385	420	508	337	385	108	464	110	429	219	269	206	378	202	365	460	30	98	84	388	340	204	9	126	386	432	294	453	283	421	226	411	404	408	423	422	198	|
|236	121	361	80	145	37	262	199	0	191	255	310	138	197	191	290	114	312	118	72	133	330	69	175	262	229	132	204	279	186	174	195	75	258	251	102	262	153	254	81	216	230	246	257	353	72	|
|139	290	171	120	282	156	92	385	191	0	116	129	71	27	380	246	283	235	201	119	226	329	231	141	129	414	323	367	224	119	336	383	266	308	202	141	72	252	112	169	127	82	118	117	322	195	|
|252	371	191	208	377	230	180	420	255	116	0	187	178	90	443	361	311	127	204	195	224	246	313	257	232	446	382	380	129	81	423	421	320	422	318	242	100	355	5	195	241	34	15	2	225	224	|
|136	390	64	231	369	273	52	508	310	129	187	0	173	141	491	233	409	313	330	239	355	431	335	191	93	538	438	495	316	233	429	505	385	342	203	233	88	325	182	297	143	167	199	187	412	323	|
|116	222	228	58	212	101	124	337	138	71	178	173	0	91	319	206	244	284	187	69	212	357	165	85	130	367	265	333	264	151	267	333	213	244	161	70	140	181	175	145	97	145	177	180	359	165	|
|166	302	174	132	299	164	112	385	197	27	90	141	91	0	388	273	280	208	191	127	215	305	243	167	153	413	329	361	198	96	351	383	270	333	229	159	68	272	86	163	153	56	92	91	296	190	|
|390	111	546	262	157	224	440	108	191	380	443	491	319	388	0	399	164	480	264	261	261	456	156	320	426	125	62	186	442	369	107	99	125	300	374	260	452	210	443	252	372	420	433	446	494	227	|
|110	289	294	230	242	261	199	464	290	246	361	233	206	273	399	0	402	480	382	254	404	562	262	124	143	493	369	490	466	355	302	457	344	135	45	191	279	189	356	337	120	328	364	362	563	348	|
|349	169	453	190	215	148	364	110	114	283	311	409	244	280	164	402	0	324	110	174	101	292	151	289	372	135	109	90	284	230	212	111	70	354	364	216	348	245	312	118	329	295	298	313	330	90	|
|374	434	306	294	452	300	307	429	312	235	127	313	284	208	480	480	324	0	216	274	223	137	380	368	357	448	419	367	40	136	487	432	358	525	436	336	227	443	132	234	361	156	119	127	102	255	|
|303	230	364	151	261	127	292	219	118	201	204	330	187	191	264	382	110	216	0	128	25	213	185	258	314	243	203	176	178	123	282	221	144	372	338	193	256	270	206	45	283	193	191	206	239	46	|
|180	177	289	24	183	38	191	269	72	119	195	239	69	127	261	254	174	274	128	0	151	321	118	130	198	299	204	263	246	139	228	266	147	258	211	68	191	169	193	83	159	166	188	197	333	98	|
|327	238	388	174	273	147	317	206	133	226	224	355	212	215	261	404	101	223	25	151	0	203	198	281	339	228	202	156	184	143	288	209	146	390	362	215	280	286	226	68	308	215	210	226	235	61	|
|464	441	435	345	474	333	415	378	330	329	246	431	357	305	456	562	292	137	213	321	203	0	398	440	458	390	400	301	117	211	492	384	348	578	517	389	344	480	251	251	448	265	233	246	54	259	|
|236	59	393	112	76	83	284	202	69	231	313	335	165	243	156	262	151	380	185	118	198	398	0	167	270	231	110	233	347	250	110	195	85	203	230	103	303	95	311	150	217	284	305	315	422	139	|
|70	212	254	107	181	142	140	365	175	141	257	191	85	167	320	124	289	368	258	130	281	440	167	0	109	394	277	378	349	236	244	359	239	167	81	73	196	135	253	213	53	223	257	258	444	226	|
|44	319	157	183	290	225	57	460	262	129	232	93	130	153	426	143	372	357	314	198	339	458	270	109	0	490	379	462	351	247	353	456	334	250	110	168	140	243	226	274	56	201	238	232	449	294	|
|461	211	585	309	264	266	490	30	229	414	446	538	367	413	125	493	135	448	243	299	228	390	231	394	490	0	125	89	408	365	226	36	156	412	462	324	481	311	447	253	441	430	433	448	436	225	|
|346	86	491	207	140	167	387	98	132	323	382	438	265	329	62	369	109	419	203	204	202	400	110	277	379	125	0	155	381	307	113	90	63	288	339	211	394	186	382	190	327	359	371	384	436	165	|
|439	235	536	280	287	238	452	84	204	367	380	495	333	361	186	490	90	367	176	263	156	301	233	378	462	89	155	0	326	299	267	92	148	432	454	306	429	325	382	199	419	369	366	382	348	172	|
|363	399	318	268	421	270	304	388	279	224	129	316	264	198	442	466	284	40	178	246	184	117	347	349	351	408	381	326	0	113	452	391	321	502	422	311	229	415	134	199	348	152	118	130	98	219	|
|254	306	254	158	320	168	208	340	186	119	81	233	151	96	369	355	230	136	123	139	143	211	250	236	247	365	307	299	113	0	359	340	244	390	310	200	148	308	83	117	238	74	68	83	208	145	|
|312	53	490	219	63	193	377	204	174	336	423	429	267	351	107	302	212	487	282	228	288	492	110	244	353	226	113	267	452	359	0	195	145	194	283	199	407	115	421	254	296	394	415	425	521	237	|
|426	176	554	276	229	233	457	9	195	383	421	505	333	383	99	457	111	432	221	266	209	384	195	359	456	36	90	92	391	340	195	0	122	378	426	289	451	275	421	226	406	404	408	423	427	197	|
|305	99	436	155	145	112	336	126	75	266	320	385	213	270	125	344	70	358	144	147	146	348	85	239	334	156	63	148	321	244	145	122	0	286	310	168	336	177	320	128	285	298	309	322	381	103	|
|206	202	407	235	148	246	297	386	258	308	422	342	244	333	300	135	354	525	372	258	390	578	203	167	250	412	288	432	502	390	194	378	286	0	144	191	362	109	418	329	202	388	421	423	591	329	|
|71	263	266	187	221	221	163	432	251	202	318	203	161	229	374	45	364	436	338	211	362	517	230	81	110	462	339	454	422	310	283	426	310	144	0	150	239	168	313	294	77	285	321	319	518	306	|
|137	157	292	45	142	70	181	294	102	141	242	233	70	159	260	191	216	336	193	68	215	389	103	73	168	324	211	306	311	200	199	289	168	191	150	0	210	113	239	148	117	210	238	244	400	157	|
|169	361	108	192	352	228	84	453	262	72	100	88	140	68	452	279	348	227	256	191	280	344	303	196	140	481	394	429	229	148	407	451	336	362	239	210	0	318	95	231	164	79	111	100	325	258	|
|200	101	388	150	53	148	274	283	153	252	355	325	181	272	210	189	245	443	270	169	286	480	95	135	243	311	186	325	415	308	115	275	177	109	168	113	318	0	352	230	187	323	351	357	498	225	|
|247	370	186	205	374	228	175	421	254	112	5	182	175	86	443	356	312	132	206	193	226	251	311	253	226	447	382	382	134	83	421	421	320	418	313	239	95	352	0	196	237	30	19	6	230	224	|
|260	201	337	107	226	84	256	226	81	169	195	297	145	163	252	337	118	234	45	83	68	251	150	213	274	253	190	199	199	117	254	226	128	329	294	148	231	230	196	0	240	178	184	198	272	29	|
|20	264	207	140	234	180	95	411	216	127	241	143	97	153	372	120	329	361	283	159	308	448	217	53	56	441	327	419	348	238	296	406	285	202	77	117	164	187	237	240	0	208	245	242	446	257	|
|219	344	181	177	346	202	152	404	230	82	34	167	145	56	420	328	295	156	193	166	215	265	284	223	201	430	359	369	152	74	394	404	298	388	285	210	79	323	30	178	208	0	37	35	250	206	|
|256	364	205	202	370	222	188	408	246	118	15	199	177	92	433	364	298	119	191	188	210	233	305	257	238	433	371	366	118	68	415	408	309	421	321	238	111	351	19	184	245	37	0	17	214	212	|
|253	374	190	210	378	232	180	423	257	117	2	187	180	91	446	362	313	127	206	197	226	246	315	258	232	448	384	382	130	83	425	423	322	423	319	244	100	357	6	198	242	35	17	0	225	226	|
|460	469	408	356	498	351	402	422	353	322	225	412	359	296	494	563	330	102	239	333	235	54	422	444	449	436	436	348	98	208	521	427	381	591	518	400	325	498	230	272	446	250	214	225	0	285	|
|278	184	364	119	215	87	280	198	72	195	224	323	165	190	227	348	90	255	46	98	61	259	139	226	294	225	165	172	219	145	237	197	103	329	306	157	258	225	224	29	257	206	212	226	285	0	|

--------------------------------------------------------------------------------
Building model...
	using lazy and cut (CVRPSEP package)
Solving IRP LP...
--------------------------------------------------------------------------------

Gurobi 9.1.0 (linux64) logging started Sat Jan  9 02:29:33 2021

Gurobi Optimizer version 9.1.0 build v9.1.0rc0 (linux64)
Thread count: 32 physical cores, 32 logical processors, using up to 2 threads
Optimize a model with 1291 rows, 10318 columns and 23845 nonzeros
Model fingerprint: 0x7b437094
Variable types: 589 continuous, 9729 integer (414 binary)
Coefficient statistics:
  Matrix range     [1e+00, 1e+03]
  Objective range  [1e-01, 6e+02]
  Bounds range     [1e+00, 3e+02]
  RHS range        [1e+01, 6e+03]
Presolve removed 284 rows and 121 columns
Presolve time: 0.11s
Presolved: 1007 rows, 10197 columns, 22460 nonzeros
Variable types: 443 continuous, 9754 integer (9324 binary)

Root relaxation: objective 1.306174e+04, 977 iterations, 0.02 seconds

    Nodes    |    Current Node    |     Objective Bounds      |     Work
 Expl Unexpl |  Obj  Depth IntInf | Incumbent    BestBd   Gap | It/Node Time

     0     0 13061.7393    0  119          - 13061.7393      -     -    0s
     0     0 13331.2320    0  160          - 13331.2320      -     -    0s
     0     0 13331.2320    0  173          - 13331.2320      -     -    0s
     0     0 13725.2440    0  222          - 13725.2440      -     -    0s
     0     0 13746.4427    0  239          - 13746.4427      -     -    0s
     0     0 13747.6288    0  224          - 13747.6288      -     -    0s
     0     0 13747.6288    0  214          - 13747.6288      -     -    0s
     0     0 14052.8818    0  234          - 14052.8818      -     -    0s
     0     0 14053.0864    0  229          - 14053.0864      -     -    1s
     0     0 14155.8910    0  293          - 14155.8910      -     -    1s
     0     0 14164.4615    0  303          - 14164.4615      -     -    1s
     0     0 14183.4490    0  322          - 14183.4490      -     -    1s
     0     0 14186.2922    0  295          - 14186.2922      -     -    1s
     0     0 14189.8579    0  309          - 14189.8579      -     -    1s
     0     0 14190.1340    0  321          - 14190.1340      -     -    1s
     0     0 14255.5578    0  336          - 14255.5578      -     -    2s
     0     0 14265.4184    0  421          - 14265.4184      -     -    2s
     0     0 14267.1932    0  392          - 14267.1932      -     -    2s
     0     0 14268.1464    0  400          - 14268.1464      -     -    2s
     0     0 14302.5303    0  300          - 14302.5303      -     -    2s
     0     0 14305.9044    0  331          - 14305.9044      -     -    2s
     0     0 14307.5787    0  303          - 14307.5787      -     -    2s
     0     0 14319.6860    0  309          - 14319.6860      -     -    3s
     0     0 14320.9196    0  300          - 14320.9196      -     -    3s
     0     2 14321.6714    0  340          - 14321.6714      -     -    4s
     3     6 14333.9953    2  384          - 14322.7089      -   354    5s
    62    67 14578.2961   17  292          - 14333.9953      -   377   10s
   176   190 15013.2507   43  182          - 14333.9953      -   258   15s
   361   399 15710.2837  108   98          - 14333.9953      -   184   20s
   671   770 17972.4783  257   51          - 14333.9953      -   120   25s
   819   836 14415.4095    5  346          - 14333.9953      -   108   30s
  1033  1014 18991.2500  293  300          - 14333.9953      -  98.7   35s
  1052  1027 15991.6769  150  452          - 14382.6006      -  96.9   40s
  1068  1037 14779.5941   42  406          - 14399.0661      -  95.5   45s
  1079  1045 16892.1767  180  427          - 14402.4974      -  94.5   50s
  1097  1058 14778.4683   42  395          - 14402.6365      -   105   55s
  1106  1064 14794.3957   41  424          - 14402.8392      -   104   60s
  1109  1069 14411.7638   24  434          - 14411.7638      -   110   66s
  1115  1073 14411.7638   26  457          - 14411.7638      -   111   70s
  1141  1092 14453.4413   31  393          - 14426.3683      -   119   75s
  1218  1143 14526.2642   41  377          - 14436.5705      -   126   80s
  1294  1200 14602.7493   53  318          - 14436.5705      -   131   85s
  1417  1287 14714.5753   68  322          - 14436.5705      -   134   90s
  1524  1344 14908.3343   85  243          - 14436.5705      -   136   95s
  1620  1406 14923.1341  103  209          - 14436.5705      -   141  100s
  1721  1489 14916.8125  120  271          - 14436.5705      -   141  105s
  1812  1547 14946.8878  128  246          - 14436.5705      -   140  110s
  1949  1602 15021.5028  141  272          - 14436.5705      -   138  116s
  2047  1718 15048.3208  152  246          - 14436.5705      -   137  120s
  2240  1823 15111.4390  164  224          - 14436.5705      -   132  125s
H 2338  1738                    18576.380000 14436.5705  22.3%   128  126s
  2400  1734 15329.3268  180  203 18576.3800 14436.5705  22.3%   129  131s
  2435  1747 15522.5453  193  228 18576.3800 14436.5705  22.3%   130  135s
  2470  1799 15590.3901  205  165 18576.3800 14436.5705  22.3%   131  140s
  2543  1831 15707.2990  234  158 18576.3800 14436.5705  22.3%   130  145s
  2566  1871 15777.0109  239  142 18576.3800 14436.5705  22.3%   130  150s
  2627  1905 15959.8806  256  132 18576.3800 14436.5705  22.3%   130  156s
  2734  1960 16034.9188  289  102 18576.3800 14436.5705  22.3%   128  162s
  2798  1999 14810.9199  119  137 18576.3800 14436.5705  22.3%   128  165s
  2848  2066 16254.4893  327  104 18576.3800 14436.5705  22.3%   128  170s
  2938  2116 16374.0805  351  107 18576.3800 14436.5705  22.3%   127  184s
  2980  2134 16663.4698  361  118 18576.3800 14436.5705  22.3%   127  187s
  3012  2196 16495.5875  376   97 18576.3800 14436.5705  22.3%   127  191s
  3084  2211 16612.7520  405   97 18576.3800 14436.5705  22.3%   127  195s
  3247  2328 16904.8596  463  102 18576.3800 14436.5705  22.3%   123  202s
  3337  2433 infeasible  496      18576.3800 14436.5705  22.3%   122  207s
  3492  2515 17487.4302  551   62 18576.3800 14436.5705  22.3%   118  212s
  3680  2509 17706.0232  616   73 18576.3800 14444.3114  22.2%   114  217s
  3781  2510 14494.1003   29  450 18576.3800 14444.3114  22.2%   112  222s
  3816  2589 14511.6331   32  435 18576.3800 14444.3114  22.2%   112  227s
  3906  2598 14553.4686   42  415 18576.3800 14444.3114  22.2%   111  232s
  3945  2665 14559.5093   43  323 18576.3800 14444.3114  22.2%   111  237s
  4025  2756 14701.1380   44  361 18576.3800 14444.3114  22.2%   110  242s
  4147  2763 14733.0694   47  287 18576.3800 14444.3114  22.2%   109  248s
  4221  2810 14699.0163   57  310 18576.3800 14444.3114  22.2%   109  252s
  4268  2812 14807.6583   79  197 18576.3800 14444.3114  22.2%   110  270s
  4270  2856 14815.2713   80  199 18576.3800 14444.3114  22.2%   110  275s
  4314  2918 14868.8314   95  224 18576.3800 14444.3114  22.2%   111  280s
  4376  3021 14917.9700  124  206 18576.3800 14444.3114  22.2%   111  286s
  4479  3141 15121.6324  178  196 18576.3800 14444.3114  22.2%   111  292s
  4599  3287 15210.0294  221  139 18576.3800 14444.3114  22.2%   110  299s
  4619  3287 15358.6626  232   78 18576.3800 14444.3114  22.2%   111  300s
  4762  3522 15493.5481  264  127 18576.3800 14444.3114  22.2%   109  308s
  4902  3522 15839.4155  370   74 18576.3800 14444.3114  22.2%   107  310s
  5018  3744 16195.3616  420   88 18576.3800 14444.3114  22.2%   107  323s
  5139  3744 16248.5902  519  105 18576.3800 14444.3114  22.2%   105  325s
  5244  3975 16552.2518  561   77 18576.3800 14454.6741  22.2%   104  333s
  5511  4317 14915.9655   56  194 18576.3800 14454.6741  22.2%   102  342s
  5658  4317 15464.7827  203  134 18576.3800 14454.6741  22.2%   100  345s
  5869  4684 15643.5693  302  128 18576.3800 14456.5949  22.2%  98.4  356s
  6149  4684 17313.5223  582   51 18576.3800 14456.5949  22.2%  94.8  360s
  6274  4752 14545.6015   30  503 18576.3800 14457.2445  22.2%  94.8  366s
  6346  4811 14815.9481   38  361 18576.3800 14457.2445  22.2%  96.0  372s
  6413  4923 15124.9804   79  250 18576.3800 14461.6298  22.2%  97.2  379s
  6474  4923 15480.8811  139  189 18576.3800 14461.6298  22.2%  96.8  380s
  6537  5171 14585.6124   37  393 18576.3800 14461.6298  22.2%  97.8  388s
  6702  5171 16393.1429  102   27 18576.3800 14461.6298  22.2%  97.6  390s
  6823  5420 15576.2964  101  130 18576.3800 14486.1487  22.0%  96.5  398s
  7055  5420 infeasible  135      18576.3800 14486.3318  22.0%  94.6  400s
  7086  5626 14678.6213   38  365 18576.3800 14486.3318  22.0%  95.3  406s
  7292  6302 15237.8952  113  167 18576.3800 14486.3318  22.0%  94.6  419s
  7352  6302 15382.8235  173  123 18576.3800 14486.3318  22.0%  94.1  420s
  7830  6302 16476.1506  448   80 18576.3800 14486.3318  22.0%  89.8  426s
  7968  6618 15747.1659  393  172 18576.3800 14486.5185  22.0%  88.5  435s
  8319  6892 14691.4237   34  391 18576.3800 14487.9580  22.0%  86.9  447s
  8551  6892 15811.2741  162   96 18576.3800 14487.9580  22.0%  86.8  450s
  8593  7322 15140.0124  161  111 18576.3800 14488.5761  22.0%  86.4  479s
  8653  7322 15323.2869  221   89 18576.3800 14488.5761  22.0%  86.0  480s
  9036  7322 17142.7711  464   95 18576.3800 14488.5761  22.0%  83.8  485s
  9040  7563 14738.7130   47  343 18576.3800 14488.5761  22.0%  83.7  492s
  9227  7563 17390.8401  568  104 18576.3800 14488.5761  22.0%  83.1  495s
  9327  8246 15725.1140  134   96 18576.3800 14488.5761  22.0%  83.0  504s
  9347  8246 15856.3923  154  166 18576.3800 14488.5761  22.0%  82.9  505s
  9764  8246 15496.9544  108   63 18576.3800 14488.5761  22.0%  80.7  510s
 10045  8397 18011.5857  512   49 18576.3800 14494.2383  22.0%  79.1  519s
 10202  8807 infeasible  571      18576.3800 14495.8031  22.0%  79.7  529s
 10261  8807 15326.2719   87  137 18576.3800 14495.8031  22.0%  80.2  530s
 10615  9375 15337.2923   89  133 18576.3800 14500.1455  21.9%  78.5  541s
 10895  9375 16380.8984  369  105 18576.3800 14500.1455  21.9%  77.2  545s
 11233  9673 14655.8124   37  154 18576.3800 14500.5350  21.9%  76.0  554s
 11293  9673 15090.7088   97   54 18576.3800 14500.5350  21.9%  76.2  555s
 11531  9878 16064.3979  162   70 18576.3800 14501.6668  21.9%  75.8  563s
 11772 10223 14767.5926   57  192 18576.3800 14506.4122  21.9%  75.9  572s
 12177 10448 18516.0600  205    4 18576.3800 14507.6434  21.9%  75.1  583s
 12412 10592     cutoff  206      18576.3800 14507.8873  21.9%  75.2  591s
 12562 11405 15223.3322  109  148 18576.3800 14507.9060  21.9%  75.7  601s
 12842 11405 16366.1818  389  101 18576.3800 14507.9060  21.9%  74.5  605s
 13236 11405 16458.8408  425  112 18576.3800 14507.9060  21.9%  72.9  610s
 13397 11503 17026.0621  463   76 18576.3800 14508.5826  21.9%  72.2  616s
 13514 11924 15243.1353   69  144 18576.3800 14509.7491  21.9%  72.8  625s
 13876 11930 15575.8145  258  140 18576.3800 14509.7581  21.9%  72.1  630s
 13966 12086 16988.7359  233   23 18576.3800 14509.8255  21.9%  71.9  636s
 14137 12408 14724.0715   46  178 18576.3800 14509.8255  21.9%  72.1  644s
 14274 12408 15544.1702  152  150 18576.3800 14509.8255  21.9%  72.4  645s
 14459 12851 15119.0291   72  141 18576.3800 14509.8255  21.9%  71.7  654s
 14479 12851 15274.3382   82  116 18576.3800 14509.8255  21.9%  71.8  655s
 14874 12851 16831.2681  677   81 18576.3800 14509.8255  21.9%  70.7  660s
 14918 12930 15518.0598  110   95 18576.3800 14510.3089  21.9%  70.7  665s
 15026 12956 14864.6447   60  284 18576.3800 14510.3089  21.9%  71.2  673s
 15052 13461 14941.5391   73  124 18576.3800 14510.8971  21.9%  71.3  680s
 15380 13461 15954.5745  401   68 18576.3800 14510.8971  21.9%  70.2  685s
 15573 13685 14548.3564   38  388 18576.3800 14510.8971  21.9%  70.1  694s
 15610 13685 15179.0051   75  188 18576.3800 14510.8971  21.9%  70.4  695s
 15819 13920 15186.1343   76  177 18576.3800 14511.7276  21.9%  70.3  704s
 15899 13920 15855.9308  156   37 18576.3800 14511.7276  21.9%  70.2  705s
*15981 11601             234    16920.850000 14511.7276  14.2%  70.0  706s
 16080 11684 14617.2726   42  320 16920.8500 14511.7276  14.2%  70.3  712s
 16222 11809 14763.1246   52  117 16920.8500 14511.7276  14.2%  70.4  719s
 16262 11809 14923.5095   73   46 16920.8500 14511.7276  14.2%  70.5  720s
 16347 12098 15121.1056  127   36 16920.8500 14512.0176  14.2%  70.7  727s
 16567 12098 15719.3740  303   40 16920.8500 14512.0176  14.2%  70.3  730s
 16653 12178 14573.9771   35  456 16920.8500 14512.0176  14.2%  70.5  736s
 16743 12342 14886.4160   55  316 16920.8500 14512.0176  14.2%  70.8  743s
 16884 12342 16066.9975  131   79 16920.8500 14512.0176  14.2%  71.0  745s
 16907 12590 15297.7506  115  186 16920.8500 14512.0176  14.2%  71.0  751s
 17178 12735 16817.8071  307   90 16920.8500 14512.6665  14.2%  70.7  759s
H17230 12242                    16686.490000 14512.6665  13.0%  71.0  760s
 17339 12634 15244.7643   75  149 16686.4900 14513.8268  13.0%  71.0  768s
 17532 12634 15666.1093  202  106 16686.4900 14514.1479  13.0%  70.7  770s
 17774 12740 14605.4864   38  335 16686.4900 14514.1479  13.0%  70.1  777s
 17880 13159 15339.6622   92  154 16686.4900 14515.6552  13.0%  70.5  786s
 18251 13159 15590.0137  347   45 16686.4900 14515.7614  13.0%  69.7  790s
 18332 13196 14571.2410   40  403 16686.4900 14515.7614  13.0%  69.6  795s
 18371 13261 14759.6163   45  264 16686.4900 14515.7614  13.0%  70.2  800s
 18436 13456 15115.1367   58  232 16686.4900 14515.7614  13.0%  70.7  806s
 18633 13622     cutoff  105      16686.4900 14516.9510  13.0%  71.0  814s
 18673 13622 14799.6887   60  186 16686.4900 14516.9510  13.0%  71.1  815s
 18831 14038 15221.5238  106  114 16686.4900 14518.3107  13.0%  71.2  823s
 18991 14038 15742.6471  266  105 16686.4900 14518.3107  13.0%  70.8  825s
 19266 14355 14650.5282   50  324 16686.4900 14518.3107  13.0%  70.5  833s
 19370 14355 15803.2043  154   60 16686.4900 14518.3107  13.0%  70.5  835s
 19599 14468 16221.5974  222   47 16686.4900 14518.8805  13.0%  70.1  842s
 19661 14468 15031.6528   58  252 16686.4900 14518.8805  13.0%  70.3  846s
 19728 14717 15056.8171   62  205 16686.4900 14518.8805  13.0%  70.6  852s
 19977 14960 15790.7066  235  142 16686.4900 14519.1098  13.0%  70.6  861s
 20232 15255 15206.7708   61  165 16686.4900 14519.1256  13.0%  70.7  870s
 20589 15370 14642.1046   46  239 16686.4900 14519.4133  13.0%  70.4  879s
 20649 15370 15055.4775  106  104 16686.4900 14519.4133  13.0%  70.5  880s
 20698 15707 15080.1752  120  194 16686.4900 14520.5548  13.0%  70.7  886s
 21061 15804 14594.6535   42  427 16686.4900 14520.5548  13.0%  70.2  895s
 21172 16217 15212.0010   78  184 16686.4900 14520.7163  13.0%  70.5  903s
 21609 16273 14710.9110   37  460 16686.4900 14520.7163  13.0%  69.9  912s
 21667 16396 14961.5982   46  175 16686.4900 14520.7163  13.0%  70.4  918s
 21792 16890 15497.9877   66  131 16686.4900 14521.5005  13.0%  70.9  928s
 21964 16890 15193.9460  155   73 16686.4900 14521.6202  13.0%  70.8  930s
 22327 17041 14751.2263   46  311 16686.4900 14521.7630  13.0%  70.0  939s
 22412 17041 15872.9443  131   75 16686.4900 14521.7630  13.0%  70.0  940s
 22493 17161 14629.2071   36  373 16686.4900 14521.8040  13.0%  70.2  946s
 22623 17351 15422.0253   65  208 16686.4900 14522.1625  13.0%  70.4  953s
 22831 17509 14633.5449   42  422 16686.4900 14522.1625  13.0%  70.5  961s
 23007 17814 15352.1529  111  132 16686.4900 14523.5048  13.0%  70.5  968s
 23127 17814 15729.6761  231  154 16686.4900 14523.5048  13.0%  70.3  970s
 23338 17934 14807.1279   44  232 16686.4900 14524.2226  13.0%  70.2  976s
 23458 18427 15397.8429  123  131 16686.4900 14524.2417  13.0%  70.3  984s
 23498 18427 15509.7943  163   71 16686.4900 14524.2417  13.0%  70.2  985s
 23969 18741 14612.9840   36  307 16686.4900 14524.2417  13.0%  69.4  996s
 24301 18813 14727.8019   45  304 16686.4900 14524.2417  13.0%  68.9 1004s
 24373 18905 15056.2491   64  105 16686.4900 14524.2417  13.0%  69.3 1010s
 24465 19070 15186.6447   88   62 16686.4900 14524.2417  13.0%  69.7 1016s
 24630 19375 15287.5971  114   76 16686.4900 14524.2417  13.0%  70.0 1024s
 24670 19375 15322.5048  134   72 16686.4900 14524.2417  13.0%  70.1 1025s
 24939 19510 15432.8173  148   72 16686.4900 14524.2417  13.0%  69.9 1033s
 25097 19510 infeasible  410      16686.4900 14524.2417  13.0%  69.9 1035s
 25128 19736 15742.9487  191   55 16686.4900 14525.2584  13.0%  70.0 1042s
 25401 19876 16350.3905  258   42 16686.4900 14525.4477  13.0%  70.1 1049s
 25435 19876 14783.6758   49  117 16686.4900 14525.4477  13.0%  70.1 1050s
 25554 19987 15081.1267   95   65 16686.4900 14525.4477  13.0%  70.2 1058s
 25679 20284 15396.7852  186   96 16686.4900 14525.9362  12.9%  70.2 1065s
 25990 20407 14607.8954   41  287 16686.4900 14525.9362  12.9%  69.8 1074s
 26035 20407 15681.7107   96   87 16686.4900 14525.9362  12.9%  70.0 1075s
 26123 20595 14978.2887   66  191 16686.4900 14526.7137  12.9%  70.0 1081s
 26324 20697 14561.1847   42  382 16686.4900 14526.7137  12.9%  70.0 1088s
 26445 20970 15199.9819   76  155 16686.4900 14526.7137  12.9%  70.1 1096s
 26704 20970 16538.4141  209   50 16686.4900 14526.7137  12.9%  69.9 1100s
 26741 21051 16449.1894  182   33 16686.4900 14526.8825  12.9%  69.9 1105s
 26832 21471 14848.7300   50  284 16686.4900 14526.8825  12.9%  70.2 1113s
 26941 21471 15410.8323  159  104 16686.4900 14526.8825  12.9%  70.2 1115s
 27266 21622 15627.4178   99  228 16686.4900 14527.7164  12.9%  69.5 1123s
 27370 21622 infeasible  195      16686.4900 14527.7164  12.9%  69.5 1125s
 27441 21718 14653.0665   45  288 16686.4900 14527.7164  12.9%  69.6 1130s
 27537 21937 15306.4512   88  140 16686.4900 14527.7713  12.9%  69.9 1137s
 27786 22196 14660.3442   48  424 16686.4900 14527.7713  12.9%  69.9 1146s
 28065 22334 15026.5167   76  109 16686.4900 14527.7713  12.9%  69.7 1155s
 28203 22685 15682.3306  184  222 16686.4900 14528.1903  12.9%  69.8 1163s
 28324 22685 15993.7871  305  125 16686.4900 14528.1903  12.9%  69.7 1165s
 28595 22771 14610.9675   37  388 16686.4900 14528.2757  12.9%  69.4 1172s
 28681 23182 15118.1361   81  182 16686.4900 14528.2757  12.9%  69.7 1179s
 28701 23182 15327.9105  101  135 16686.4900 14528.2757  12.9%  69.7 1180s
 29092 23283 16061.5442  259   76 16686.4900 14528.8303  12.9%  69.2 1189s
 29132 23283 16479.8359  299  112 16686.4900 14528.8303  12.9%  69.1 1190s
 29233 23690 14947.0948   58  158 16686.4900 14529.2605  12.9%  69.3 1196s
 29640 24023 16073.6123  314  125 16686.4900 14530.4158  12.9%  68.9 1207s
 29821 24023 16587.2203  494  105 16686.4900 14530.4158  12.9%  68.6 1210s
 30005 24263 14727.7157   47  321 16686.4900 14531.8460  12.9%  68.5 1216s
 30245 24539 15397.9720  130   89 16686.4900 14531.8460  12.9%  68.4 1226s
 30533 24740 15886.2781  368   59 16686.4900 14532.7499  12.9%  68.1 1235s
 30751 24894 14783.4771   54  180 16686.4900 14532.7499  12.9%  68.1 1242s
 30847 24894 16331.6957  200   27 16686.4900 14532.7499  12.9%  68.2 1245s
 30933 25310 15046.1581   74  125 16686.4900 14532.7499  12.9%  68.2 1252s
 31216 25310 15717.1080  246   86 16686.4900 14532.7499  12.9%  68.1 1255s
 31349 25625 15237.4973  127   70 16686.4900 14532.7499  12.9%  67.8 1264s
 31409 25625 15310.9650  174   51 16686.4900 14532.7499  12.9%  67.8 1265s
 31677 25865 15470.4752  339   57 16686.4900 14533.0404  12.9%  67.4 1274s
 31757 25865 15611.0308  409   57 16686.4900 14533.0404  12.9%  67.3 1275s
 31961 26097 14773.8051   45  259 16686.4900 14533.0404  12.9%  67.3 1282s
 32211 26229 15887.5307  194  100 16686.4900 14535.0986  12.9%  67.2 1289s
 32251 26229 16381.7472  234  103 16686.4900 14535.0986  12.9%  67.1 1290s
 32355 26367 14895.1656   45  308 16686.4900 14535.0986  12.9%  67.3 1297s
 32511 26435 15070.0216   57  245 16686.4900 14535.0986  12.9%  67.3 1303s
 32579 26714 15353.7830   71  195 16686.4900 14535.5102  12.9%  67.6 1311s
 32914 26779 14641.3721   39  296 16686.4900 14536.1729  12.9%  67.5 1319s
 32940 26779 15031.3889   65  206 16686.4900 14536.1729  12.9%  67.6 1320s
 32979 27004 15055.2976   68  238 16686.4900 14536.1729  12.9%  67.7 1325s
 33204 27250 15790.6615  172  212 16686.4900 14536.8076  12.9%  67.7 1333s
 33317 27250 16165.2281  197  132 16686.4900 14537.2642  12.9%  67.6 1335s
 33475 27542 14807.7404   49  263 16686.4900 14537.2642  12.9%  67.5 1341s
 33767 27805 15871.2634  201   50 16686.4900 14537.4796  12.9%  67.4 1351s
 34058 27851 14696.1738   38  389 16686.4900 14537.6961  12.9%  67.2 1358s
 34104 27932 14837.8213   54  327 16686.4900 14537.6961  12.9%  67.4 1363s
 34185 28317 15139.4137   79   47 16686.4900 14537.6961  12.9%  67.7 1370s
 34578 28503 15389.4780  100  108 16686.4900 14537.9587  12.9%  67.4 1381s
 34817 28553 14787.0019   43  325 16686.4900 14538.0398  12.9%  67.4 1388s
 34867 28781 15443.4903   71  108 16686.4900 14538.0398  12.9%  67.6 1395s
 35131 28804 infeasible  180      16686.4900 14540.4074  12.9%  67.5 1403s
 35162 28885 15032.1730   46  366 16686.4900 14541.0256  12.9%  67.7 1408s
 35255 28970 14621.5937   42  343 16686.4900 14541.0256  12.9%  68.0 1414s
 35340 29079 15258.9536   79  190 16686.4900 14541.0256  12.9%  68.2 1421s
 35449 29250 15553.4210  137  116 16686.4900 14541.8197  12.9%  68.4 1428s
 35572 29250 16550.3627  250   45 16686.4900 14541.8197  12.9%  68.3 1430s
 35645 29323 14587.3066   36  377 16686.4900 14541.8197  12.9%  68.5 1435s
 35718 29492 14738.6078   45  262 16686.4900 14541.8197  12.9%  68.8 1441s
 35888 29664 15750.9468   81   65 16686.4900 14543.5344  12.8%  68.9 1449s
 35928 29664 16254.0430   97   48 16686.4900 14543.5344  12.8%  68.9 1450s
 36138 29726 14676.9372   38  268 16686.4900 14543.8399  12.8%  68.9 1456s
 36213 29911 15244.9078   71  183 16686.4900 14543.8399  12.8%  69.1 1531s
 36399 29997 16320.0729  239   95 16686.4900 14544.6636  12.8%  69.0 1538s
 36496 30229 15017.0094   73  224 16686.4900 14544.6636  12.8%  69.2 1545s
 36728 30486 15712.3682  211  112 16686.4900 14544.6636  12.8%  69.2 1556s
 37029 30725 15713.4940  212  119 16686.4900 14544.7240  12.8%  68.7 1565s
 37286 30769 14702.3007   46  351 16686.4900 14544.8020  12.8%  68.6 1573s
 37331 30870 15298.0019   72  227 16686.4900 14544.9089  12.8%  68.8 1579s
 37444 30970 14608.2813   40  410 16686.4900 14544.9089  12.8%  68.9 1585s
 37558 31159 15136.9277   68  169 16686.4900 14546.2876  12.8%  69.1 1592s
*37740 31147             241    16673.200000 14546.2876  12.8%  68.9 1594s
*37741 31146             240    16672.980000 14546.2876  12.8%  68.9 1594s
 37763 31147 16433.6900  197    - 16672.9800 14546.4257  12.8%  69.1 1607s
 37766 31188 16452.9800  197    - 16672.9800 14546.7870  12.8%  69.1 1613s
 37810 31280 14886.4181   49  252 16672.9800 14546.7870  12.8%  69.3 1619s
 37831 31280 15445.1465   85  246 16672.9800 14546.7870  12.8%  69.4 1620s
 37922 31341 15222.7955   57  183 16672.9800 14546.7870  12.8%  69.4 1625s
 37983 31530 15541.5705   71  196 16672.9800 14546.7870  12.8%  69.7 1632s
 38173 31631 15902.6865   88   62 16672.9800 14547.8902  12.7%  69.7 1640s
 38318 31717 14665.5401   42  330 16672.9800 14547.9048  12.7%  69.8 1647s
 38404 31872 14979.8278   61  170 16672.9800 14547.9048  12.7%  70.1 1654s
 38444 31872 15144.7591   81  139 16672.9800 14547.9048  12.7%  70.1 1655s
 38559 32287 15280.4311   86  110 16672.9800 14547.9048  12.7%  70.2 1663s
 38659 32287 15577.6258  153   89 16672.9800 14547.9048  12.7%  70.2 1665s
 39018 32368 16450.4154  270   32 16672.9800 14548.3439  12.7%  69.9 1674s
 39129 32458 14937.1718   71  282 16672.9800 14548.3439  12.7%  70.0 1680s
 39219 32614 15763.9483  109  178 16672.9800 14548.7367  12.7%  70.1 1687s
 39396 32707 14786.5576   51  338 16672.9800 14548.9898  12.7%  70.2 1694s
 39450 32707 15443.3185  105  192 16672.9800 14548.9898  12.7%  70.3 1695s
 39489 33064 15506.7526  113  152 16672.9800 14549.1977  12.7%  70.4 1701s
 39860 33236 14776.3913   41  287 16672.9800 14549.2761  12.7%  70.1 1712s
 40060 33338 14658.3676   40  389 16672.9800 14549.3641  12.7%  70.2 1719s
 40162 33556 15372.7622   80  231 16672.9800 14549.3663  12.7%  70.4 1726s
 40416 33752 14695.1329   41  246 16672.9800 14549.4141  12.7%  70.3 1735s
 40626 33846 15911.2205  125  119 16672.9800 14549.4578  12.7%  70.3 1743s
 40733 33950 14888.5234   57  336 16672.9800 14549.4578  12.7%  70.5 1750s
