




arguments: ./build/mirp_solver -f ./input/orig_exec_101.cfg
Current dir: /scratch/gui/bnc_mirp
File verbosity level: 9
date       time         ( uptime  ) [ thread name/id ]                   file:line     v| 
2021-01-09 21:15:53.895 (   0.139s) [main thread     ]             loguru.cpp:789   INFO| Logging to './output/vi_cus/OU/V3/Original/execution_09_01_2021_21_15_53.log', mode: 'a', verbosity: 9
--------------------------------------------------------------------------------
Parameters
                           instance_path           ./input/Instances/Original/3/
                            model_policy                                       1
                             nb_vehicles                                       3
                              output_dir         ./output/vi_cus/OU/V3/Original/
                            sec_strategy                                       1
                       solver_nb_threads                                       2
                         solver_show_log                                    true
                       solver_time_limit                                    3600
                              use_vi_cos                                   false
                              use_vi_cus                                    true
                         use_vi_hc1_full                                   false
                         use_vi_hc1_half                                   false
                      use_vi_hc1_quarter                                   false
                              use_vi_hc2                                   false
                              use_vi_hc3                                   false
                         use_vi_lex_full                                   false
                         use_vi_lex_half                                   false
                      use_vi_lex_quarter                                   false
                              use_vi_qua                                   false
                               use_vi_vc                                   false
                               use_vi_vr                                   false
--------------------------------------------------------------------------------
executing instance: ./input/Instances/Original/3/absH3low_2n5.dat
--------------------------------------------------------------------------------
Instance details
n	6
H	3
C	237
Li:
[0, 0, 0, 0, 0, 0, ]
Ui:
[0, 93, 180, 51, 114, 24, ]
Distance matrix:
|0	170	318	35	112	235	|
|170	0	311	205	258	301	|
|318	311	0	326	278	137	|
|35	205	326	0	89	230	|
|112	258	278	89	0	160	|
|235	301	137	230	160	0	|

--------------------------------------------------------------------------------
Building model...
	using lazy and cut (CVRPSEP package)
Solving IRP LP...
--------------------------------------------------------------------------------

Gurobi 9.1.0 (linux64) logging started Sat Jan  9 21:15:54 2021

Gurobi Optimizer version 9.1.0 build v9.1.0rc0 (linux64)
Thread count: 32 physical cores, 32 logical processors, using up to 2 threads
Optimize a model with 171 rows, 258 columns and 885 nonzeros
Model fingerprint: 0x20b05d46
Variable types: 69 continuous, 189 integer (54 binary)
Coefficient statistics:
  Matrix range     [1e+00, 2e+02]
  Objective range  [1e-02, 3e+02]
  Bounds range     [1e+00, 2e+02]
  RHS range        [1e+01, 5e+02]
Presolve removed 43 rows and 27 columns
Presolve time: 0.01s
Presolved: 128 rows, 231 columns, 722 nonzeros
Variable types: 43 continuous, 188 integer (138 binary)
Found heuristic solution: objective 2768.6600000
Found heuristic solution: objective 2720.6300000

Root relaxation: objective 7.766896e+02, 227 iterations, 0.00 seconds

    Nodes    |    Current Node    |     Objective Bounds      |     Work
 Expl Unexpl |  Obj  Depth IntInf | Incumbent    BestBd   Gap | It/Node Time

     0     0  776.68958    0   42 2720.63000  776.68958  71.5%     -    0s
H    0     0                    1802.2100000  776.68958  56.9%     -    0s
     0     0 1205.25296    0   66 1802.21000 1205.25296  33.1%     -    0s
     0     0 1234.20296    0   72 1802.21000 1234.20296  31.5%     -    0s
     0     0 1235.27132    0   72 1802.21000 1235.27132  31.5%     -    0s
     0     0 1235.70173    0   73 1802.21000 1235.70173  31.4%     -    0s
     0     0 1236.05269    0   72 1802.21000 1236.05269  31.4%     -    0s
     0     0 1391.68258    0   59 1802.21000 1391.68258  22.8%     -    0s
H    0     0                    1779.0400000 1391.68258  21.8%     -    0s
     0     0 1398.48390    0   88 1779.04000 1398.48390  21.4%     -    0s
     0     0 1399.33667    0   88 1779.04000 1399.33667  21.3%     -    0s
     0     0 1399.40120    0   91 1779.04000 1399.40120  21.3%     -    0s
     0     0 1468.78515    0   58 1779.04000 1468.78515  17.4%     -    0s
     0     0 1468.78515    0   59 1779.04000 1468.78515  17.4%     -    0s
     0     0 1539.00697    0   59 1779.04000 1539.00697  13.5%     -    0s
     0     0 1556.89091    0   53 1779.04000 1556.89091  12.5%     -    0s
     0     0 1557.25115    0   52 1779.04000 1557.25115  12.5%     -    0s
     0     0 1568.05262    0   72 1779.04000 1568.05262  11.9%     -    0s
     0     0 1568.24379    0   73 1779.04000 1568.24379  11.8%     -    0s
     0     0 1574.29816    0   88 1779.04000 1574.29816  11.5%     -    0s
     0     0 1574.29816    0   88 1779.04000 1574.29816  11.5%     -    0s
     0     0 1574.29816    0   36 1779.04000 1574.29816  11.5%     -    0s
     0     0 1574.29816    0   46 1779.04000 1574.29816  11.5%     -    0s
     0     0 1574.29816    0   56 1779.04000 1574.29816  11.5%     -    0s
     0     0 1575.55410    0   73 1779.04000 1575.55410  11.4%     -    0s
     0     0 1576.67257    0   66 1779.04000 1576.67257  11.4%     -    0s
     0     0 1577.20206    0   56 1779.04000 1577.20206  11.3%     -    0s
     0     0 1577.70839    0   69 1779.04000 1577.70839  11.3%     -    0s
     0     0 1577.72424    0   69 1779.04000 1577.72424  11.3%     -    0s
     0     0 1590.68871    0   57 1779.04000 1590.68871  10.6%     -    0s
     0     0 1608.16581    0   61 1779.04000 1608.16581  9.60%     -    0s
     0     0 1611.18397    0   59 1779.04000 1611.18397  9.44%     -    0s
     0     0 1611.18397    0   62 1779.04000 1611.18397  9.44%     -    0s
     0     0 1611.28885    0   62 1779.04000 1611.28885  9.43%     -    0s
     0     0 1611.53599    0   61 1779.04000 1611.53599  9.42%     -    0s
     0     0 1611.53599    0   69 1779.04000 1611.53599  9.42%     -    0s
     0     0 1611.53599    0   53 1779.04000 1611.53599  9.42%     -    0s
     0     2 1665.01933    0   53 1779.04000 1665.01933  6.41%     -    0s
H   13    12                    1720.8300000 1679.91364  2.38%  30.2    0s

Cutting planes:
  User: 3
  Cover: 30
  Implied bound: 9
  Clique: 8
  MIR: 24
  StrongCG: 1
  Flow cover: 32
  Mod-K: 1
  Network: 2
  RLT: 30
  Relax-and-lift: 6

Explored 53 nodes (2239 simplex iterations) in 0.37 seconds
Thread count was 2 (of 32 available processors)

Solution count 5: 1720.83 1779.04 1802.21 ... 2768.66

Optimal solution found (tolerance 1.00e-04)
Best objective 1.720830000000e+03, best bound 1.720830000000e+03, gap 0.0000%

User-callback calls 501, time in user-callback 0.02 sec
================================================================================
executing instance: ./input/Instances/Original/3/absH3high_5n30.dat
--------------------------------------------------------------------------------
Instance details
n	31
H	3
C	2296
Li:
[0, 0, 0, 0, 0, 0, 0, 0, 0, 0, 0, 0, 0, 0, 0, 0, 0, 0, 0, 0, 0, 0, 0, 0, 0, 0, 0, 0, 0, 0, 0, ]
Ui:
[0, 80, 90, 297, 28, 264, 123, 192, 112, 32, 72, 88, 294, 129, 126, 105, 110, 237, 246, 92, 72, 147, 54, 96, 128, 96, 84, 28, 74, 196, 192, ]
Distance matrix:
|0	87	302	65	389	171	219	120	412	339	129	63	169	401	383	158	393	161	246	275	64	287	345	235	13	274	106	201	85	358	135	|
|87	0	334	128	402	212	301	204	465	384	187	145	232	424	454	238	475	245	289	352	80	307	352	321	81	352	20	261	170	376	215	|
|302	334	0	239	113	132	237	334	157	70	404	263	162	105	227	229	339	251	65	217	259	53	107	352	293	220	339	134	270	75	235	|
|65	128	239	0	330	107	175	130	348	275	174	40	107	339	326	114	351	125	181	224	58	228	290	222	58	224	143	138	65	297	92	|
|389	402	113	330	0	226	349	438	210	151	502	360	269	48	316	339	441	362	175	328	335	102	55	465	377	330	401	245	371	37	342	|
|171	212	132	107	226	0	169	214	253	173	276	134	64	233	261	130	326	153	77	188	133	125	192	264	162	190	220	68	145	193	125	|
|219	301	237	175	349	169	0	157	257	223	244	157	105	334	180	62	175	61	177	63	233	264	334	118	221	61	317	112	136	312	85	|
|120	204	334	130	438	214	157	0	402	348	88	90	173	438	336	115	307	100	269	220	172	338	406	122	130	218	224	204	69	403	101	|
|412	465	157	348	210	253	257	402	0	88	486	359	245	166	129	287	266	303	178	204	386	208	239	370	406	207	473	212	354	187	304	|
|339	384	70	275	151	173	223	348	88	0	427	291	179	120	166	234	290	254	96	187	306	123	166	342	332	190	391	145	291	119	247	|
|129	187	404	174	502	276	244	88	486	427	0	142	248	508	424	200	390	187	342	308	193	400	464	192	142	306	207	281	136	469	182	|
|63	145	263	40	360	134	157	90	359	291	142	0	114	366	321	95	331	99	202	212	90	258	323	186	65	211	163	148	27	327	72	|
|169	232	162	107	269	64	105	173	245	179	248	114	0	266	222	71	268	94	97	131	155	173	244	203	164	132	245	34	113	233	73	|
|401	424	105	339	48	233	334	438	166	120	508	366	266	0	280	332	409	355	169	305	353	117	96	452	391	308	425	237	374	49	339	|
|383	454	227	326	316	261	180	336	129	166	424	321	222	280	0	231	137	238	208	116	376	277	331	272	381	118	467	197	307	285	253	|
|158	238	229	114	339	130	62	115	287	234	200	95	71	332	231	0	238	23	164	118	171	243	314	134	159	117	255	95	77	302	23	|
|393	475	339	351	441	326	175	307	266	290	390	331	268	409	137	238	0	232	300	138	408	383	445	204	395	136	492	258	308	406	260	|
|161	245	251	125	362	153	61	100	303	254	187	99	94	355	238	23	232	0	187	123	183	267	338	111	164	121	262	117	77	325	34	|
|246	289	65	181	175	77	177	269	178	96	342	202	97	169	208	164	300	187	0	168	210	87	157	290	238	171	296	70	206	138	170	|
|275	352	217	224	328	188	63	220	204	187	308	212	131	305	116	118	138	123	168	0	279	255	322	166	275	3	367	120	195	291	141	|
|64	80	259	58	335	133	233	172	386	306	193	90	155	353	376	171	408	183	210	279	0	236	289	276	51	279	90	182	117	307	150	|
|287	307	53	228	102	125	264	338	208	123	400	258	173	117	277	243	383	267	87	255	236	0	71	374	276	257	308	153	270	71	245	|
|345	352	107	290	55	192	334	406	239	166	464	323	244	96	331	314	445	338	157	322	289	71	0	445	334	325	350	224	337	54	315	|
|235	321	352	222	465	264	118	122	370	342	192	186	203	452	272	134	204	111	290	166	276	374	445	0	243	164	341	221	159	428	142	|
|13	81	293	58	377	162	221	130	406	332	142	65	164	391	381	159	395	164	238	275	51	276	334	243	0	274	100	196	89	347	136	|
|274	352	220	224	330	190	61	218	207	190	306	211	132	308	118	117	136	121	171	3	279	257	325	164	274	0	367	122	194	294	140	|
|106	20	339	143	401	220	317	224	473	391	207	163	245	425	467	255	492	262	296	367	90	308	350	341	100	367	0	272	188	377	232	|
|201	261	134	138	245	68	112	204	212	145	281	148	34	237	197	95	258	117	70	120	182	153	224	221	196	122	272	0	146	208	103	|
|85	170	270	65	371	145	136	69	354	291	136	27	113	374	307	77	308	77	206	195	117	270	337	159	89	194	188	146	0	337	54	|
|358	376	75	297	37	193	312	403	187	119	469	327	233	49	285	302	406	325	138	291	307	71	54	428	347	294	377	208	337	0	306	|
|135	215	235	92	342	125	85	101	304	247	182	72	73	339	253	23	260	34	170	141	150	245	315	142	136	140	232	103	54	306	0	|

--------------------------------------------------------------------------------
Building model...
	using lazy and cut (CVRPSEP package)
Solving IRP LP...
--------------------------------------------------------------------------------

Gurobi 9.1.0 (linux64) logging started Sat Jan  9 21:15:54 2021

Gurobi Optimizer version 9.1.0 build v9.1.0rc0 (linux64)
Thread count: 32 physical cores, 32 logical processors, using up to 2 threads
Optimize a model with 871 rows, 4858 columns and 11860 nonzeros
Model fingerprint: 0x566b8320
Variable types: 394 continuous, 4464 integer (279 binary)
Coefficient statistics:
  Matrix range     [1e+00, 8e+02]
  Objective range  [1e-01, 5e+02]
  Bounds range     [1e+00, 3e+02]
  RHS range        [1e+01, 4e+03]
Presolve removed 184 rows and 76 columns
Presolve time: 0.07s
Presolved: 687 rows, 4782 columns, 10955 nonzeros
Variable types: 303 continuous, 4479 integer (4194 binary)

Root relaxation: objective 8.902980e+03, 834 iterations, 0.02 seconds

    Nodes    |    Current Node    |     Objective Bounds      |     Work
 Expl Unexpl |  Obj  Depth IntInf | Incumbent    BestBd   Gap | It/Node Time

     0     0 8902.98019    0  115          - 8902.98019      -     -    0s
     0     0 9096.60431    0  129          - 9096.60431      -     -    0s
     0     0 9134.22943    0  133          - 9134.22943      -     -    0s
     0     0 9568.08429    0  180          - 9568.08429      -     -    0s
     0     0 9634.05792    0  163          - 9634.05792      -     -    0s
     0     0 9634.49919    0  193          - 9634.49919      -     -    0s
     0     0 9783.05391    0  146          - 9783.05391      -     -    0s
     0     0 9808.44367    0  186          - 9808.44367      -     -    0s
     0     0 9815.68496    0  149          - 9815.68496      -     -    0s
     0     0 9815.76130    0  156          - 9815.76130      -     -    0s
     0     0 9859.63507    0  205          - 9859.63507      -     -    0s
     0     0 9863.47092    0  204          - 9863.47092      -     -    0s
     0     0 9864.25511    0  216          - 9864.25511      -     -    1s
     0     0 9875.66111    0  192          - 9875.66111      -     -    1s
     0     0 9881.00168    0  223          - 9881.00168      -     -    1s
     0     0 9881.95127    0  222          - 9881.95127      -     -    1s
     0     0 9905.95208    0  257          - 9905.95208      -     -    1s
     0     0 9909.49240    0  237          - 9909.49240      -     -    1s
     0     0 9912.59716    0  248          - 9912.59716      -     -    1s
     0     0 9916.59023    0  253          - 9916.59023      -     -    1s
     0     0 9916.59023    0  236          - 9916.59023      -     -    1s
     0     0 9919.26589    0  272          - 9919.26589      -     -    1s
     0     0 9919.26589    0  246          - 9919.26589      -     -    1s
     0     2 9921.32588    0  236          - 9921.32588      -     -    2s
   103   107 10152.0974   28  237          - 9927.06645      -   181    5s
*  489   516             160    13114.590000 9927.06645  24.3%  90.9    9s
*  496   516             164    13099.430000 9927.06645  24.2%  89.6    9s
   545   508     cutoff  170      13099.4300 9927.22105  24.2%  83.9   10s
   638   589 10066.1405   17  260 13099.4300 9927.22105  24.2%   101   15s
   716   671 10320.4535   26  196 13099.4300 9927.22105  24.2%   116   20s
H  726   639                    13065.830000 9927.22105  24.0%   117   21s
H  727   607                    13063.830000 9927.22105  24.0%   116   22s
H  738   584                    13032.830000 9991.01253  23.3%   115   23s
   747   590 13005.6100  157  343 13032.8300 10004.6643  23.2%   113   25s
   768   604 11210.4811   81  380 13032.8300 10009.0906  23.2%   110   30s
H  787   586                    13009.830000 10009.2104  23.1%   116   33s
   793   590 10149.3383   25  383 13009.8300 10011.1453  23.0%   115   35s
H  807   569                    12741.260000 10013.3054  21.4%   113   41s
H  823   550                    12648.260000 10021.0891  20.8%   110   45s
   837   562 10026.1788   24  389 12648.2600 10023.8630  20.7%   115   50s
   886   599 10142.9194   37  218 12648.2600 10049.0308  20.6%   122   55s
   982   667 10462.9184   63  137 12648.2600 10049.0308  20.6%   130   60s
  1061   723 10516.9207   80  152 12648.2600 10049.0308  20.6%   132   65s
  1231   843 10708.1857  109  135 12648.2600 10049.0308  20.6%   133   70s
  1395   970 10705.4146  139  130 12648.2600 10049.0308  20.6%   134   75s
  1629  1079 11000.3213  182  104 12648.2600 10049.0308  20.6%   129   80s
  1770  1225 11528.2164  239   88 12648.2600 10049.0308  20.6%   128   85s
  1975  1241 10147.6321   28  327 12648.2600 10072.3563  20.4%   122   91s
  2024  1289 10252.1070   32  332 12648.2600 10072.3563  20.4%   125   95s
  2107  1334 10650.6629  102  141 12648.2600 10072.3563  20.4%   129  100s
  2236  1434 10723.5592   67  195 12648.2600 10072.3563  20.4%   131  106s
  2257  1438 10855.8888   69  216 12648.2600 10072.3563  20.4%   132  112s
  2321  1482 11009.9565   99  183 12648.2600 10072.3563  20.4%   132  115s
  2453  1626 11459.1419  148  125 12648.2600 10072.3563  20.4%   131  120s
  2609  1821 12202.8011  212  114 12648.2600 10072.3563  20.4%   128  125s
  2877  1998 10264.0664   35  247 12648.2600 10072.9174  20.4%   124  131s
  2973  2105 10444.6431   58  153 12648.2600 10072.9174  20.4%   123  137s
  3154  2197 10202.7057   30  357 12648.2600 10072.9174  20.4%   120  140s
  3232  2347 10994.0668  259   68 12648.2600 10077.6484  20.3%   119  147s
  3401  2470 10753.0565   68   85 12648.2600 10077.6484  20.3%   119  152s
  3477  2543 11405.6639  132   75 12648.2600 10083.4932  20.3%   118  155s
  3619  2667 10466.2924   44  214 12648.2600 10083.4932  20.3%   119  160s
  3835  2996 11046.5719  207  134 12648.2600 10083.4932  20.3%   117  168s
  4040  3236 12271.4574  314   40 12648.2600 10083.5978  20.3%   113  173s
  4360  3305 infeasible   94      12648.2600 10095.0660  20.2%   107  178s
  4437  3357 10536.6818   44  213 12648.2600 10095.4708  20.2%   108  181s
  4525  3533 11269.4462  120  133 12648.2600 10095.4708  20.2%   109  185s
  4778  3766 12297.6358  299   57 12648.2600 10109.7793  20.1%   105  190s
  5067  3930 12314.5176  161   16 12648.2600 10116.1729  20.0%   103  195s
  5228  4164 10985.9406   60  219 12648.2600 10120.6240  20.0%   103  202s
  5394  4210 10369.1327   28  351 12648.2600 10121.2792  20.0%   103  206s
  5442  4342 10617.9526   36  251 12648.2600 10121.2792  20.0%   105  211s
  5586  4424 10586.7309   42  267 12648.2600 10121.2792  20.0%   105  215s
  5670  4520 10783.9156   64  110 12648.2600 10121.2792  20.0%   106  220s
  5766  4796 10898.4707   91  111 12648.2600 10121.2792  20.0%   107  227s
  6050  5134 11031.0841  162   58 12648.2600 10121.2792  20.0%   105  234s
  6167  5134 11577.7981  220   14 12648.2600 10121.2792  20.0%   105  235s
  6420  5247 12169.7896  300   29 12648.2600 10131.0169  19.9%   103  240s
  6593  5377 10713.2878   58  155 12648.2600 10132.7473  19.9%   102  246s
  6735  5464 10307.0916   32  314 12648.2600 10134.3339  19.9%   102  251s
  6845  5622 10736.4133   42  210 12648.2600 10134.3339  19.9%   103  256s
  7013  5844 12373.5005   84   32 12648.2600 10136.3648  19.9%   103  261s
  7260  5957     cutoff   93      12648.2600 10146.0046  19.8%   102  268s
  7378  6061 11503.4678   77  120 12648.2600 10163.7550  19.6%   103  274s
  7503  6349 10614.5941   49   39 12648.2600 10164.1734  19.6%   104  280s
  7837  6512 11278.3525   93   33 12648.2600 10166.0445  19.6%   103  302s
  8044  6760 infeasible  178      12648.2600 10168.3647  19.6%   103  308s
  8297  6851 11679.8330   80  102 12648.2600 10174.7621  19.6%   102  315s
  8406  6998 12453.2304  107   87 12648.2600 10176.1320  19.5%   103  321s
  8611  7139 11331.4912   86   96 12648.2600 10176.6032  19.5%   104  327s
  8789  7270 10921.8160   61  154 12648.2600 10177.5552  19.5%   103  333s
  8946  7516 10741.6088   54  119 12648.2600 10178.5148  19.5%   104  339s
  9065  7526 10672.0310   50  154 12648.2600 10178.5148  19.5%   103  340s
  9234  7722 12312.7612  140   42 12648.2600 10180.7142  19.5%   103  346s
  9474  7960     cutoff  155      12648.2600 10181.6030  19.5%   102  352s
  9751  8189     cutoff  148      12648.2600 10188.2929  19.4%   102  359s
 10021  8439 11059.5174  176   16 12648.2600 10189.3105  19.4%   101  366s
 10278  8721     cutoff  212      12648.2600 10189.4432  19.4%   100  373s
 10613  8932 10463.0431   28  298 12648.2600 10196.1151  19.4%  99.2  380s
 10875  9131 10434.8708   35  215 12648.2600 10196.6256  19.4%  98.9  386s
 11084  9369 10284.6277   31  285 12648.2600 10197.4852  19.4%  98.7  392s
 11339  9549 10314.1794   34  264 12648.2600 10197.6374  19.4%  98.5  399s
 11411  9549 11021.4300  140    - 12648.2600 10197.6374  19.4%  98.9  400s
 11569  9883 10874.8056   50  110 12648.2600 10198.0238  19.4%  98.4  406s
 11928 10034 infeasible  200      12648.2600 10198.1269  19.4%  97.3  412s
 12116 10100     cutoff  119      12648.2600 10199.7780  19.4%  97.4  418s
 12181 10272 11199.5968   77   67 12648.2600 10201.0199  19.3%  98.1  423s
 12364 10389 10432.7151   36  263 12648.2600 10201.0199  19.3%  98.1  428s
 12493 10614 10683.5282   50   73 12648.2600 10201.0199  19.3%  98.5  435s
 12718 10864 11016.6360  115   23 12648.2600 10202.9530  19.3%  98.7  442s
 13028 10981 10453.2329   34  259 12648.2600 10202.9620  19.3%  98.1  449s
 13163 10990 12588.7369   91   13 12648.2600 10202.9620  19.3%  98.3  450s
 13248 11071 11335.2140   77  111 12648.2600 10202.9620  19.3%  99.0  455s
 13262 11214 11464.0599   50  253 12648.2600 10202.9620  19.3%  99.0  460s
 13421 11278 12562.3860   66  200 12648.2600 10210.7181  19.3%  99.2  468s
 13497 11425 10530.5740   35  202 12648.2600 10210.7917  19.3%  99.1  473s
 13674 11639 10311.1353   34  191 12648.2600 10210.9827  19.3%  99.2  479s
 13918 11680     cutoff  159      12648.2600 10213.6821  19.2%  99.0  484s
 13959 11835 10654.9314   43  188 12648.2600 10213.8019  19.2%   100  489s
 14013 11835 10917.0775   77  136 12648.2600 10213.8019  19.2%   100  490s
 14116 12244 11130.4075   95   90 12648.2600 10215.8989  19.2%   100  496s
 14591 12451 10613.2543   41  126 12648.2600 10220.2167  19.2%  98.8  504s
 14630 12451 11216.7809   80  164 12648.2600 10220.2167  19.2%  98.8  505s
 14824 12619 10604.3026   40  245 12648.2600 10221.4537  19.2%  98.7  511s
 15010 12815 12401.3458  163   53 12648.2600 10223.9938  19.2%  98.7  517s
 15240 12962 10618.9022   43  150 12648.2600 10224.3754  19.2%  98.4  524s
 15397 12964 12096.9206  117   32 12648.2600 10224.3754  19.2%  98.6  525s
 15404 13210 10944.7484   71   32 12648.2600 10224.3754  19.2%  98.6  530s
 15660 13358 11613.7245  188   68 12648.2600 10225.3747  19.2%  98.5  537s
 15869 13550 10629.3760   47  247 12648.2600 10227.2364  19.1%  98.4  543s
 16055 13868 11274.1369  143   63 12648.2600 10228.9609  19.1%  98.7  550s
 16457 13905     cutoff  213      12648.2600 10229.4027  19.1%  97.7  556s
H16458  9835                    11639.790000 10229.4027  12.1%  97.7  556s
 16501  9925 10840.5244   41  270 11639.7900 10229.7896  12.1%  98.2  562s
 16622  9995 infeasible   34      11639.7900 10230.1054  12.1%  98.5  568s
 16730 10066 11341.6439   50  178 11639.7900 10233.1049  12.1%  98.6  573s
 16808 10172 10755.8577   44  272 11639.7900 10235.8150  12.1%  99.1  579s
 16949 10323 10334.7779   33  224 11639.7900 10236.3776  12.1%  99.3  585s
 17119 10466     cutoff  115      11639.7900 10237.3052  12.0%  99.4  591s
 17294 10582 11014.6482   83   84 11639.7900 10238.1268  12.0%   100  597s
 17440 10671 10836.9688   53  130 11639.7900 10238.4776  12.0%   100  603s
 17560 10729 10498.2445   38  263 11639.7900 10239.0733  12.0%   100  609s
 17618 10883 10891.6179   45  153 11639.7900 10239.1166  12.0%   101  615s
 17824 10962     cutoff   74      11639.7900 10240.4744  12.0%   101  621s
 17901 11204 10810.6423   58   73 11639.7900 10240.6175  12.0%   102  626s
 18191 11330 11435.1275   95   27 11639.7900 10241.6400  12.0%   101  633s
 18340 11401 11089.4746   59  230 11639.7900 10242.1791  12.0%   101  638s
 18422 11560 10639.8234   49  257 11639.7900 10243.5350  12.0%   102  644s
 18606 11626 10514.6789   34  240 11639.7900 10243.6020  12.0%   102  650s
 18672 11728 11190.7621   52   66 11639.7900 10244.1518  12.0%   103  656s
 18812 11880 10771.3140   42  220 11639.7900 10244.5611  12.0%   103  662s
 18975 12019 11518.9045   69   85 11639.7900 10244.9879  12.0%   104  669s
 19143 12220 10727.9695   61  147 11639.7900 10247.7916  12.0%   104  674s
 19182 12220 10994.9549  100   84 11639.7900 10247.7916  12.0%   103  675s
 19355 12381 10673.1000   53  228 11639.7900 10248.4106  12.0%   103  681s
 19566 12459     cutoff  103      11639.7900 10248.8552  11.9%   103  687s
 19663 12585     cutoff   88      11639.7900 10249.7386  11.9%   104  693s
 19810 12757 infeasible  109      11639.7900 10251.8939  11.9%   104  700s
 20006 12924 10560.0993   37  216 11639.7900 10253.3251  11.9%   104  706s
 20213 13103     cutoff  117      11639.7900 10255.4091  11.9%   103  712s
 20422 13245 11594.3578   89   69 11639.7900 10256.2353  11.9%   103  719s
 20614 13352 10630.6470   37  175 11639.7900 10256.5608  11.9%   103  724s
 20724 13406 11293.8901   57   86 11639.7900 10257.1108  11.9%   104  731s
 20805 13496 11063.1409   46  186 11639.7900 10257.3518  11.9%   104  736s
 20919 13634 10702.2652   48  145 11639.7900 10258.0052  11.9%   105  743s
 21093 13770 11016.9639   78   63 11639.7900 10259.7417  11.9%   105  749s
 21266 13907     cutoff  108      11639.7900 10260.0699  11.9%   105  754s
 21328 13913 11253.7641   75   75 11639.7900 10260.0699  11.9%   105  755s
 21445 14028 11418.4778   69   84 11639.7900 10262.4661  11.8%   105  761s
 21597 14214 10541.6395   46   72 11639.7900 10263.5578  11.8%   105  768s
 21797 14403 10551.6336   50  186 11639.7900 10264.6341  11.8%   105  774s
 21954 14403 11122.7510   92   61 11639.7900 10264.8561  11.8%   105  775s
 22027 14597 10755.0028   59  191 11639.7900 10265.3009  11.8%   105  780s
 22247 14789 10976.0356   83   41 11639.7900 10265.4634  11.8%   105  786s
 22502 14855     cutoff  114      11639.7900 10266.2801  11.8%   105  792s
 22569 15005 11284.1724   69  136 11639.7900 10266.4419  11.8%   105  798s
 22766 15063 10409.6192   38  265 11639.7900 10267.1914  11.8%   105  803s
 22827 15106 11261.8341   84  128 11639.7900 10267.5212  11.8%   106  808s
 22892 15140 10566.6619   38  190 11639.7900 10268.2433  11.8%   106  814s
 22926 15355 10977.8377   48  167 11639.7900 10268.2433  11.8%   107  820s
 23172 15442     cutoff  110      11639.7900 10269.0778  11.8%   107  826s
 23274 15556 11016.7687   67  150 11639.7900 10269.1237  11.8%   107  831s
 23414 15758 10611.5597   43  256 11639.7900 10269.5743  11.8%   107  838s
H23652 14569                    11505.840000 10269.7123  10.7%   107  845s
 23690 14702 10915.3976   48  192 11505.8400 10270.0233  10.7%   108  850s
 23844 14814     cutoff   84      11505.8400 10270.9847  10.7%   108  856s
 23981 14954 10340.6293   36  245 11505.8400 10272.2424  10.7%   108  862s
 24131 15090 10490.0362   35  233 11505.8400 10272.5783  10.7%   108  868s
 24293 15214 10745.0184   47  215 11505.8400 10273.1823  10.7%   108  874s
 24438 15401 10454.2604   43  193 11505.8400 10273.2878  10.7%   109  881s
 24645 15554 11351.1523  104   96 11505.8400 10274.0247  10.7%   109  888s
 24833 15669     cutoff  130      11505.8400 10274.3129  10.7%   109  894s
 24958 15747 11060.9993   58  244 11505.8400 10274.9255  10.7%   109  900s
 25088 15916 10443.3769   34  295 11505.8400 10275.7879  10.7%   109  906s
 25286 16000 10519.0231   34  195 11505.8400 10276.3243  10.7%   109  913s
 25398 16131 10956.9226   44  119 11505.8400 10276.9152  10.7%   110  919s
 25451 16131 10711.3040   48   72 11505.8400 10276.9152  10.7%   110  920s
 25579 16245 10816.2983   60   47 11505.8400 10278.0467  10.7%   110  925s
 25735 16295 11337.6105   92   41 11505.8400 10279.2504  10.7%   110  931s
 25811 16481 10771.1569   57  108 11505.8400 10279.3176  10.7%   110  938s
 26049 16601 infeasible  178      11505.8400 10281.7207  10.6%   110  944s
 26175 16706 10676.8416   37  251 11505.8400 10281.7207  10.6%   111  951s
 26328 16836 10952.8854   48  103 11505.8400 10281.7207  10.6%   111  957s
 26486 16942 11380.5132   60  103 11505.8400 10282.8386  10.6%   111  964s
 26604 17038 10724.1728   48  268 11505.8400 10283.2709  10.6%   111  970s
 26761 17102 10619.0599   33  264 11505.8400 10283.9294  10.6%   112  976s
 26853 17217 10392.1305   37  253 11505.8400 10283.9627  10.6%   112  982s
 26994 17331 11264.4968   77   71 11505.8400 10284.5769  10.6%   112  988s
 27131 17437 infeasible   90      11505.8400 10285.0087  10.6%   112  995s
 27248 17592 10843.3724   63  203 11505.8400 10285.1843  10.6%   112 1001s
 27440 17733 10773.9779   52  170 11505.8400 10285.2791  10.6%   112 1008s
 27599 17804 11081.7822   60  123 11505.8400 10285.4204  10.6%   113 1016s
 27695 17881 10529.6843   41  228 11505.8400 10285.5214  10.6%   113 1021s
 27772 18016 10787.2815   60   22 11505.8400 10285.6006  10.6%   113 1028s
 27933 18113 10467.7897   35  260 11505.8400 10286.5118  10.6%   113 1034s
 28055 18220 10565.2784   41  232 11505.8400 10286.6095  10.6%   114 1040s
 28184 18352 10660.1008   40  149 11505.8400 10287.4974  10.6%   114 1046s
 28354 18522 11089.4842   83   32 11505.8400 10288.5170  10.6%   114 1053s
 28558 18596 11446.9685  106   50 11505.8400 10289.3490  10.6%   114 1060s
 28696 18797 infeasible   61      11505.8400 10289.7495  10.6%   114 1066s
 28963 18876 10571.1339   40  271 11505.8400 10290.3410  10.6%   114 1073s
 29048 18963 10583.5263   41  233 11505.8400 10290.8186  10.6%   114 1079s
 29145 19065 11414.4424   98   41 11505.8400 10291.1856  10.6%   115 1085s
 29277 19101 11428.3799   78   97 11505.8400 10291.2047  10.6%   115 1091s
H29288 19024                    11499.360000 10291.2047  10.5%   115 1091s
 29325 19143 10849.0520   53  163 11499.3600 10291.5474  10.5%   115 1097s
 29481 19239 10681.0502   42  182 11499.3600 10292.1035  10.5%   115 1103s
 29603 19291 10618.4702   34  299 11499.3600 10292.1271  10.5%   115 1109s
 29666 19370 10848.7343   42  265 11499.3600 10292.1271  10.5%   116 1115s
 29757 19426 11202.2780   58  201 11499.3600 10292.8044  10.5%   116 1121s
 29869 19597 10674.2956   36  172 11499.3600 10293.0642  10.5%   117 1128s
 30078 19720 10437.7297   41  243 11499.3600 10294.3476  10.5%   116 1135s
 30224 19818 10695.5458   37  179 11499.3600 10294.5892  10.5%   117 1141s
 30343 20011 10755.5669   49   35 11499.3600 10295.0414  10.5%   117 1148s
 30584 20124 infeasible  106      11499.3600 10295.3397  10.5%   117 1155s
 30728 20272 10556.6249   37  215 11499.3600 10296.1985  10.5%   117 1161s
 30897 20360 10624.8641   37  223 11499.3600 10296.8263  10.5%   117 1168s
 31007 20405 10679.6143   40  245 11499.3600 10297.0167  10.5%   117 1173s
 31060 20561 10841.0454   46  188 11499.3600 10297.7295  10.4%   118 1180s
 31246 20663 11043.6048   51  128 11499.3600 10298.0515  10.4%   118 1188s
 31375 20743 10911.6276   60  132 11499.3600 10298.3626  10.4%   118 1194s
 31477 20805 10840.1006   40  244 11499.3600 10298.7588  10.4%   118 1201s
 31566 20893 10415.4627   39  253 11499.3600 10298.8784  10.4%   118 1207s
 31662 21037 11259.4759   89  112 11499.3600 10299.0971  10.4%   118 1213s
 31868 21103 10611.7582   35  316 11499.3600 10299.5308  10.4%   118 1219s
 31928 21200 11346.3947   72  129 11499.3600 10299.8252  10.4%   119 1226s
 32054 21380 10920.3229   75  182 11499.3600 10300.1955  10.4%   119 1233s
 32254 21589 10989.3050   73  116 11499.3600 10300.7447  10.4%   119 1240s
 32497 21680     cutoff  143      11499.3600 10302.2420  10.4%   119 1248s
H32572 20487                    11423.240000 10302.2420  9.81%   119 1248s
 32601 20612     cutoff   99      11423.2400 10302.3655  9.81%   119 1254s
 32691 20612 11136.0447   67  153 11423.2400 10302.7687  9.81%   119 1255s
 32783 20708 10617.8552   36  193 11423.2400 10302.7789  9.81%   119 1261s
 32900 20801 10746.9364   56   66 11423.2400 10303.3361  9.80%   119 1268s
 33032 20896 10476.5424   36  300 11423.2400 10303.4963  9.80%   119 1274s
 33143 21052 11047.6913   77  105 11423.2400 10303.8096  9.80%   120 1280s
 33326 21175 10676.0798   50  164 11423.2400 10304.6330  9.79%   120 1287s
 33480 21309 10678.8058   53  200 11423.2400 10305.2564  9.79%   120 1294s
 33650 21382     cutoff   81      11423.2400 10305.6864  9.78%   120 1301s
 33789 21489     cutoff   63      11423.2400 10306.9316  9.77%   120 1307s
 33907 21550 11182.0783   90   41 11423.2400 10307.4850  9.77%   120 1314s
 33987 21595 10999.8248   38  235 11423.2400 10307.6880  9.77%   120 1319s
 34050 21704 10499.4230   36  258 11423.2400 10308.2159  9.76%   120 1327s
 34242 21801 10742.4565   44  211 11423.2400 10308.2159  9.76%   120 1334s
 34327 21894 11065.3019   67  120 11423.2400 10308.7315  9.76%   121 1341s
 34506 21982     cutoff  115      11423.2400 10309.1215  9.75%   121 1347s
 34597 22097 11013.4590   76  134 11423.2400 10309.4525  9.75%   121 1354s
 34778 22177 10585.4941   38  221 11423.2400 10310.3316  9.74%   121 1363s
 34883 22305 10618.7327   35  261 11423.2400 10310.3629  9.74%   121 1370s
 35040 22442 11254.0280   56  196 11423.2400 10310.9591  9.74%   121 1376s
 35235 22483 10438.3923   29  343 11423.2400 10311.3369  9.73%   121 1382s
 35280 22552 10741.1205   37  238 11423.2400 10311.3369  9.73%   122 1388s
 35359 22682 11096.4870   50  205 11423.2400 10311.5477  9.73%   122 1396s
 35537 22794     cutoff   65      11423.2400 10311.6099  9.73%   122 1402s
 35674 22883 10650.7352   53  177 11423.2400 10311.9373  9.73%   122 1409s
 35779 23093 10712.4755   58  139 11423.2400 10311.9939  9.73%   123 1416s
 36017 23203 10931.5104   58   36 11423.2400 10312.4735  9.72%   122 1423s
 36167 23323 10512.7192   36  202 11423.2400 10312.6549  9.72%   122 1430s
 36310 23422 10769.0165   51  111 11423.2400 10312.6985  9.72%   123 1438s
 36434 23568 10456.4615   38  196 11423.2400 10312.9480  9.72%   123 1444s
 36482 23568 11275.0968   85   19 11423.2400 10312.9480  9.72%   123 1445s
 36631 23647     cutoff  112      11423.2400 10313.1372  9.72%   123 1451s
 36731 23816 10790.7791   51  168 11423.2400 10313.4644  9.72%   123 1458s
 36929 23930 10653.7857   45  239 11423.2400 10314.3738  9.71%   123 1465s
 37053 23985 10570.1449   42  185 11423.2400 10314.3771  9.71%   123 1471s
 37155 24047 10855.8912   65  131 11423.2400 10314.9092  9.70%   123 1478s
 37241 24132 10929.1891   53  220 11423.2400 10315.5830  9.70%   124 1484s
 37346 24252 10821.9640   62  183 11423.2400 10315.6408  9.70%   124 1490s
 37494 24354 11123.2076   74   93 11423.2400 10315.9466  9.69%   124 1497s
 37626 24460 10967.1442   68  175 11423.2400 10316.4682  9.69%   124 1504s
 37724 24460 11304.3273   96  118 11423.2400 10316.7939  9.69%   124 1505s
 37756 24549 10849.1642   47  139 11423.2400 10316.7939  9.69%   124 1511s
 37852 24612 11003.8037   61  108 11423.2400 10317.0952  9.68%   124 1517s
H37907 24463                    11415.120000 10317.0952  9.62%   124 1518s
 37955 24576 10745.8761   48  102 11415.1200 10317.4401  9.62%   125 1524s
 38043 24576 11014.9250   77   51 11415.1200 10317.4401  9.62%   125 1525s
 38111 24667 11097.0850   85   51 11415.1200 10317.8739  9.61%   125 1531s
 38220 24837 10862.5119   54  139 11415.1200 10318.6083  9.61%   125 1540s
 38416 25003 10807.3455   53  207 11415.1200 10318.7527  9.60%   125 1547s
 38603 25102 11069.5081   60  167 11415.1200 10319.0163  9.60%   125 1554s
 38731 25258 11354.5458  109   74 11415.1200 10319.4124  9.60%   125 1561s
 38928 25435     cutoff  102      11415.1200 10320.6595  9.59%   125 1568s
 39121 25549 11364.7159  127   39 11415.1200 10321.1234  9.58%   125 1575s
 39267 25651 10893.9735   36  184 11415.1200 10321.4072  9.58%   125 1582s
 39393 25769 11150.8820   60  130 11415.1200 10321.6992  9.58%   125 1589s
*39513 25452             115    11396.910000 10321.7819  9.43%   125 1590s
 39539 25512     cutoff   78      11396.9100 10321.8994  9.43%   125 1595s
 39629 25626 10492.0757   34  171 11396.9100 10322.3071  9.43%   125 1602s
 39765 25709 10587.9096   47  202 11396.9100 10322.3889  9.43%   126 1609s
 39870 25936 10988.9160   78   67 11396.9100 10322.5110  9.43%   126 1618s
 40188 26060 infeasible   98      11396.9100 10322.9097  9.42%   125 1626s
 40336 26191     cutoff   82      11396.9100 10323.0589  9.42%   126 1634s
 40485 26285 infeasible   87      11396.9100 10323.6620  9.42%   126 1640s
 40607 26422 10562.0593   43  183 11396.9100 10323.9681  9.41%   126 1658s
 40773 26538 11194.6834   72   78 11396.9100 10323.9882  9.41%   126 1666s
 40914 26603     cutoff   85      11396.9100 10324.0488  9.41%   126 1673s
 41012 26682 11226.4597   41  227 11396.9100 10324.3706  9.41%   126 1679s
 41063 26682 11164.9849   80   44 11396.9100 10324.3706  9.41%   126 1680s
 41123 26790 10610.5108   44  192 11396.9100 10324.8396  9.41%   126 1687s
 41251 26910 10643.7090   49  168 11396.9100 10325.0140  9.41%   126 1694s
 41316 26910 10674.0845   42  126 11396.9100 10325.1462  9.40%   127 1695s
 41396 26935 10518.8514   30  304 11396.9100 10325.1462  9.40%   127 1701s
 41421 26983 10623.7103   37  248 11396.9100 10325.1462  9.40%   127 1707s
 41469 27069 10872.0996   48  106 11396.9100 10325.1462  9.40%   127 1714s
 41587 27159 11068.8484   76   74 11396.9100 10325.2120  9.40%   128 1722s
 41757 27200     cutoff  122      11396.9100 10325.6931  9.40%   128 1728s
 41807 27244 11208.2061   46  192 11396.9100 10325.7202  9.40%   128 1735s
 41877 27310 10818.3395   43   88 11396.9100 10325.7616  9.40%   128 1742s
 41965 27421 11236.6749   59   92 11396.9100 10326.0823  9.40%   128 1750s
 42108 27526 10942.6314   45  204 11396.9100 10326.2334  9.39%   128 1757s
 42250 27648 10598.7092   47  181 11396.9100 10326.5197  9.39%   129 1764s
 42403 27764 10901.6155   61  102 11396.9100 10327.0056  9.39%   129 1772s
 42550 27853     cutoff   99      11396.9100 10327.4425  9.38%   129 1779s
 42651 27989 11064.7576   82   79 11396.9100 10327.8425  9.38%   129 1786s
 42836 28057 10958.7031   59  211 11396.9100 10327.9592  9.38%   129 1793s
 42924 28143 10854.2082   55  180 11396.9100 10328.1907  9.38%   129 1800s
 43028 28248 10787.9967   48  204 11396.9100 10328.3493  9.38%   129 1807s
 43163 28464 11029.2025   49  164 11396.9100 10328.4249  9.38%   129 1815s
 43410 28579     cutoff  123      11396.9100 10328.9721  9.37%   129 1822s
 43567 28669 10885.9362   53  177 11396.9100 10329.1482  9.37%   129 1829s
 43687 28736 10989.6515   56  164 11396.9100 10329.3589  9.37%   129 1836s
 43779 28833     cutoff   72      11396.9100 10329.4394  9.37%   129 1843s
 43890 28940 11132.6290   65  105 11396.9100 10330.1867  9.36%   130 1850s
 44022 28986 11268.1828   80   34 11396.9100 10330.4314  9.36%   130 1857s
 44086 29058 10583.7075   41  217 11396.9100 10330.6313  9.36%   130 1864s
 44170 29143 11108.0670   50  107 11396.9100 10330.8116  9.35%   130 1871s
 44282 29240 10989.9563   52  215 11396.9100 10331.0134  9.35%   130 1878s
 44395 29358 10963.4152   69  118 11396.9100 10331.1522  9.35%   131 1886s
 44545 29410 10538.5063   39  222 11396.9100 10331.9499  9.34%   131 1893s
 44622 29466 10753.2936   43  177 11396.9100 10332.0756  9.34%   131 1900s
 44678 29532 11132.1316   60   92 11396.9100 10332.4199  9.34%   131 1907s
 44787 29631 10649.9960   41  274 11396.9100 10332.6058  9.34%   131 1914s
 44914 29771 10656.9820   49  140 11396.9100 10332.7330  9.34%   131 1922s
 45102 29925     cutoff  101      11396.9100 10332.9633  9.34%   131 1931s
 45288 30020 11088.5843   51  134 11396.9100 10333.3552  9.33%   131 1938s
 45401 30105 10824.1231   59  230 11396.9100 10334.4276  9.32%   132 1945s
 45514 30162 10481.0006   34  151 11396.9100 10334.7315  9.32%   132 1952s
 45571 30308 10779.2183   52   63 11396.9100 10334.7966  9.32%   132 1960s
 45760 30376     cutoff   74      11396.9100 10335.2300  9.32%   132 1967s
 45837 30526 10564.3228   37  211 11396.9100 10336.1224  9.31%   132 1975s
 46023 30595 10663.7097   33  259 11396.9100 10336.3671  9.31%   132 1983s
 46116 30660 10900.6981   35  302 11396.9100 10336.5052  9.30%   132 1989s
 46152 30660 10568.9316   32  321 11396.9100 10336.6391  9.30%   133 1990s
