




arguments: ./build/bc_mirp -f ./input/orig_exec_84.cfg
Current dir: /scratch/gui/bc_mirp
File verbosity level: 9
date       time         ( uptime  ) [ thread name/id ]                   file:line     v| 
2021-02-07 06:48:26.871 (   0.362s) [main thread     ]             loguru.cpp:789   INFO| Logging to './output/vi_vc+lex_quarter/OU/V4/Original/execution_07_02_2021_06_48_26.log', mode: 'a', verbosity: 9
--------------------------------------------------------------------------------
Parameters
                           instance_path           ./input/Instances/Original/2/
                            model_policy                                       1
                             nb_vehicles                                       4
                              output_dir./output/vi_vc+lex_quarter/OU/V4/Original/
                            sec_strategy                                       1
                       solver_nb_threads                                       2
                         solver_show_log                                    true
                       solver_time_limit                                    3600
                              use_vi_cos                                   false
                              use_vi_cus                                   false
                         use_vi_hc1_full                                   false
                         use_vi_hc1_half                                   false
                      use_vi_hc1_quarter                                   false
                              use_vi_hc2                                   false
                              use_vi_hc3                                   false
                         use_vi_lex_full                                   false
                         use_vi_lex_half                                   false
                      use_vi_lex_quarter                                    true
                              use_vi_qua                                   false
                               use_vi_vc                                    true
                               use_vi_vr                                   false
--------------------------------------------------------------------------------
executing instance: ./input/Instances/Original/2/absH3high_3n40.dat
--------------------------------------------------------------------------------
Instance details
n	41
H	3
C	3283
Li:
[0, 0, 0, 0, 0, 0, 0, 0, 0, 0, 0, 0, 0, 0, 0, 0, 0, 0, 0, 0, 0, 0, 0, 0, 0, 0, 0, 0, 0, 0, 0, 0, 0, 0, 0, 0, 0, 0, 0, 0, 0, ]
Ui:
[0, 63, 111, 99, 96, 111, 282, 122, 156, 261, 42, 192, 126, 42, 162, 207, 159, 122, 102, 190, 118, 102, 132, 102, 165, 252, 66, 52, 22, 114, 210, 176, 116, 294, 78, 152, 210, 45, 130, 198, 174, ]
Distance matrix:
|0	208	225	252	227	143	258	127	267	150	28	83	163	286	57	149	201	137	214	255	70	73	107	186	328	266	249	343	222	177	293	144	262	215	167	120	169	218	143	173	255	|
|208	0	397	355	416	198	216	99	211	275	193	172	97	166	240	225	362	109	277	314	182	216	273	374	298	208	319	161	14	103	93	120	58	196	152	156	372	227	260	218	453	|
|225	397	0	427	53	364	482	343	492	129	253	225	382	386	171	188	39	291	187	195	295	182	282	55	326	491	180	551	408	315	457	366	455	275	392	244	221	439	341	214	101	|
|252	355	427	0	401	158	201	263	219	396	234	328	259	498	299	400	420	354	465	506	205	324	152	374	574	219	499	393	366	389	446	235	378	456	205	359	224	150	111	423	400	|
|227	416	53	401	0	357	477	352	489	165	253	245	389	424	179	223	85	315	234	245	293	200	264	42	375	488	231	565	428	344	484	370	474	314	392	270	184	430	325	252	50	|
|143	198	364	158	357	0	121	105	134	290	116	196	103	342	200	276	343	205	343	385	74	210	112	319	432	133	382	265	209	237	290	78	226	313	57	220	232	75	69	292	375	|
|258	216	482	201	477	121	0	168	18	397	230	293	135	381	314	372	459	275	437	480	188	317	228	439	501	18	479	197	222	296	290	132	212	386	95	306	347	58	173	381	496	|
|127	99	343	263	352	105	168	0	171	239	105	130	40	237	173	206	313	109	270	312	84	164	175	310	337	169	313	216	112	135	192	37	142	220	77	138	280	155	162	213	382	|
|267	211	492	219	489	134	18	171	0	404	240	298	136	376	323	376	468	276	441	483	198	324	243	450	500	2	483	181	215	294	281	136	202	386	102	309	363	75	189	384	509	|
|150	275	129	396	165	290	397	239	404	0	175	110	279	259	97	59	91	166	84	116	217	80	245	130	226	402	106	434	286	187	329	269	333	149	302	119	244	364	291	87	213	|
|28	193	253	234	253	116	230	105	240	175	0	94	139	286	84	167	229	136	234	275	43	96	98	212	341	238	271	320	206	175	281	118	244	225	140	128	180	191	124	189	280	|
|83	172	225	328	245	196	293	130	298	110	94	0	169	209	77	80	191	71	147	189	127	45	189	203	247	296	187	327	184	106	241	162	230	132	198	38	242	266	217	96	285	|
|163	97	382	259	389	103	135	40	136	279	139	169	0	253	212	244	353	141	307	349	110	203	194	347	366	133	350	183	107	161	187	27	124	251	56	175	306	133	169	249	418	|
|286	166	386	498	424	342	381	237	376	259	286	209	253	0	284	201	347	151	210	230	299	247	383	387	155	374	242	290	162	112	129	270	192	113	308	172	451	386	391	172	471	|
|57	240	171	299	179	200	314	173	323	97	84	77	212	284	0	112	145	147	170	208	127	38	148	137	299	321	201	386	253	183	315	195	297	195	222	112	171	275	195	142	214	|
|149	225	188	400	223	276	372	206	376	59	167	80	244	201	112	0	149	117	67	110	205	78	254	186	187	374	108	387	235	132	272	240	283	93	277	71	279	346	291	32	270	|
|201	362	39	420	85	343	459	313	468	91	229	191	353	347	145	149	0	254	149	160	272	150	271	66	290	466	146	518	373	278	419	339	420	235	367	207	227	418	327	175	135	|
|137	109	291	354	315	205	275	109	276	166	136	71	141	151	147	117	254	0	172	212	151	116	232	273	229	274	215	270	119	39	170	145	167	111	186	47	305	263	245	113	356	|
|214	277	187	465	234	343	437	270	441	84	234	147	307	210	170	67	149	172	0	42	272	141	317	205	144	439	43	437	284	175	307	305	331	99	343	132	327	413	357	60	283	|
|255	314	195	506	245	385	480	312	483	116	275	189	349	230	208	110	160	212	42	0	314	182	356	222	132	481	15	474	321	212	337	347	367	126	385	174	358	455	398	100	295	|
|70	182	295	205	293	74	188	84	198	217	43	127	110	299	127	205	272	151	272	314	0	137	91	253	370	196	310	292	195	188	274	85	226	252	99	155	197	148	94	223	316	|
|73	216	182	324	200	210	317	164	324	80	96	45	203	247	38	78	150	116	141	182	137	0	176	158	263	323	176	369	229	150	286	191	274	157	223	77	208	284	216	106	239	|
|107	273	282	152	264	112	228	175	243	245	98	189	194	383	148	254	271	232	317	356	91	176	0	231	435	242	349	371	286	271	365	167	315	321	164	224	120	174	61	280	274	|
|186	374	55	374	42	319	439	310	450	130	212	203	347	387	137	186	66	273	205	222	253	158	231	0	348	448	208	523	386	303	442	329	431	279	352	229	167	392	291	217	85	|
|328	298	326	574	375	432	501	337	500	226	341	247	366	155	299	187	290	229	144	132	370	263	435	348	0	498	147	441	299	206	283	374	338	119	414	215	465	492	463	157	425	|
|266	208	491	219	488	133	18	169	2	402	238	296	133	374	321	374	466	274	439	481	196	323	242	448	498	0	481	180	213	292	278	134	200	384	100	307	362	75	188	381	508	|
|249	319	180	499	231	382	479	313	483	106	271	187	350	242	201	108	146	215	43	15	310	176	349	208	147	481	0	480	326	217	346	347	373	135	385	175	347	454	392	103	280	|
|343	161	551	393	565	265	197	216	181	434	320	327	183	290	386	387	518	270	437	474	292	369	371	523	441	180	480	0	153	263	163	207	107	352	208	317	487	244	334	379	598	|
|222	14	408	366	428	209	222	112	215	286	206	184	107	162	253	235	373	119	284	321	195	229	286	386	299	213	326	153	0	109	81	132	48	201	162	167	386	236	272	226	466	|
|177	103	315	389	344	237	296	135	294	187	175	106	161	112	183	132	278	39	175	212	188	150	271	303	206	292	217	263	109	0	142	171	156	95	211	74	344	289	281	118	386	|
|293	93	457	446	484	290	290	192	281	329	281	241	187	129	315	272	419	170	307	337	274	286	365	442	283	278	346	163	81	142	0	212	79	211	241	214	461	311	353	254	525	|
|144	120	366	235	370	78	132	37	136	269	118	162	27	270	195	240	339	145	305	347	85	191	167	329	374	134	347	207	132	171	212	0	151	257	40	174	280	119	142	248	398	|
|262	58	455	378	474	226	212	142	202	333	244	230	124	192	297	283	420	167	331	367	226	274	315	431	338	200	373	107	48	156	79	151	0	245	173	214	421	237	293	273	510	|
|215	196	275	456	314	313	386	220	386	149	225	132	251	113	195	93	235	111	99	126	252	157	321	279	119	384	135	352	201	95	211	257	245	0	297	97	365	374	345	62	362	|
|167	152	392	205	392	57	95	77	102	302	140	198	56	308	222	277	367	186	343	385	99	223	164	352	414	100	385	208	162	211	241	40	173	297	0	213	283	79	126	287	415	|
|120	156	244	359	270	220	306	138	309	119	128	38	175	172	112	71	207	47	132	174	155	77	224	229	215	307	175	317	167	74	214	174	214	97	213	0	280	286	248	75	313	|
|169	372	221	224	184	232	347	280	363	244	180	242	306	451	171	279	227	305	327	358	197	208	120	167	465	362	347	487	386	344	461	280	421	365	283	280	0	291	175	310	176	|
|218	227	439	150	430	75	58	155	75	364	191	266	133	386	275	346	418	263	413	455	148	284	174	392	492	75	454	244	236	289	311	119	237	374	79	286	291	0	116	359	445	|
|143	260	341	111	325	69	173	162	189	291	124	217	169	391	195	291	327	245	357	398	94	216	61	291	463	188	392	334	272	281	353	142	293	345	126	248	175	116	0	313	335	|
|173	218	214	423	252	292	381	213	384	87	189	96	249	172	142	32	175	113	60	100	223	106	280	217	157	381	103	379	226	118	254	248	273	62	287	75	310	359	313	0	300	|
|255	453	101	400	50	375	496	382	509	213	280	285	418	471	214	270	135	356	283	295	316	239	274	85	425	508	280	598	466	386	525	398	510	362	415	313	176	445	335	300	0	|

--------------------------------------------------------------------------------
Building model...
	using lazy and cut (CVRPSEP package)
Solving IRP LP...
--------------------------------------------------------------------------------

Gurobi 9.1.0 (linux64) logging started Sun Feb  7 06:48:27 2021

Gurobi Optimizer version 9.1.0 build v9.1.0rc0 (linux64)
Thread count: 32 physical cores, 32 logical processors, using up to 2 threads
Optimize a model with 1529 rows, 10976 columns and 25712 nonzeros
Model fingerprint: 0x3e1ef63e
Variable types: 644 continuous, 10332 integer (492 binary)
Coefficient statistics:
  Matrix range     [1e+00, 1e+03]
  Objective range  [1e-01, 6e+02]
  Bounds range     [1e+00, 3e+02]
  RHS range        [1e+00, 6e+03]
Presolve removed 437 rows and 941 columns
Presolve time: 0.20s
Presolved: 1092 rows, 10035 columns, 22127 nonzeros
Variable types: 390 continuous, 9645 integer (9161 binary)

Root relaxation: objective 1.236134e+04, 1312 iterations, 0.03 seconds

    Nodes    |    Current Node    |     Objective Bounds      |     Work
 Expl Unexpl |  Obj  Depth IntInf | Incumbent    BestBd   Gap | It/Node Time

     0     0 12361.3379    0  145          - 12361.3379      -     -    0s
     0     0 12790.7776    0  144          - 12790.7776      -     -    0s
     0     0 12790.9257    0  148          - 12790.9257      -     -    0s
     0     0 13524.7048    0  216          - 13524.7048      -     -    1s
     0     0 13557.9359    0  189          - 13557.9359      -     -    1s
     0     0 13569.3803    0  221          - 13569.3803      -     -    1s
     0     0 13569.3803    0  223          - 13569.3803      -     -    1s
     0     0 13670.0954    0  251          - 13670.0954      -     -    1s
     0     0 13701.6196    0  294          - 13701.6196      -     -    1s
     0     0 13704.3716    0  305          - 13704.3716      -     -    1s
     0     0 13708.2459    0  319          - 13708.2459      -     -    1s
     0     0 13708.5675    0  313          - 13708.5675      -     -    1s
     0     0 13787.0960    0  382          - 13787.0960      -     -    2s
     0     0 13793.8871    0  369          - 13793.8871      -     -    2s
     0     0 13800.9945    0  376          - 13800.9945      -     -    2s
     0     0 13804.4913    0  381          - 13804.4913      -     -    2s
     0     0 13804.9941    0  384          - 13804.9941      -     -    2s
     0     0 13840.0112    0  357          - 13840.0112      -     -    2s
     0     0 13847.1092    0  364          - 13847.1092      -     -    2s
     0     0 13850.9626    0  387          - 13850.9626      -     -    2s
     0     0 13852.7696    0  383          - 13852.7696      -     -    2s
     0     0 13873.7440    0  380          - 13873.7440      -     -    3s
     0     0 13879.1248    0  430          - 13879.1248      -     -    3s
     0     0 13888.2089    0  345          - 13888.2089      -     -    3s
     0     0 13888.4710    0  388          - 13888.4710      -     -    3s
     0     0 13896.7421    0  413          - 13896.7421      -     -    4s
     0     0 13896.7421    0  413          - 13896.7421      -     -    4s
     0     2 13896.7421    0  413          - 13896.7421      -     -    5s
    43    48 14009.6775   12  405          - 13945.5549      -   482   10s
   125   139 14285.6781   34  192          - 13945.5549      -   373   15s
   266   307 14906.7172   66  133          - 13945.5549      -   283   20s
*  627   709             192    17051.710000 13945.5549  18.2%   152   24s
   692   709 17001.5968  208   22 17051.7100 13945.5549  18.2%   140   25s
   735   668 15760.0182  116  413 17051.7100 13955.6320  18.2%   147   31s
H  736   635                    17018.710000 13955.6320  18.0%   146   31s
   741   638 15418.8479  106  506 17018.7100 13970.6334  17.9%   146   35s
   751   645 15902.2531  127  446 17018.7100 14020.1018  17.6%   144   40s
   763   653 15406.2143  105  539 17018.7100 14047.8484  17.5%   141   45s
   773   659 15224.3458   90  523 17018.7100 14053.7438  17.4%   139   50s
   794   676 14119.0533   21  587 17018.7100 14106.6959  17.1%   169   55s
   821   695 14221.6554   27  511 17018.7100 14106.6959  17.1%   184   60s
   846   714 14350.3235   33  518 17018.7100 14106.6959  17.1%   196   65s
   867   730 14419.6254   37  419 17018.7100 14106.6959  17.1%   204   70s
   911   758 14609.7500   46  421 17018.7100 14106.6959  17.1%   214   75s
   932   773 14682.2584   50  363 17018.7100 14106.6959  17.1%   223   83s
   945   790 14790.5015   52  288 17018.7100 14106.6959  17.1%   228   85s
   985   833 14960.5879   62  186 17018.7100 14106.6959  17.1%   230   90s
  1132   937 15479.0279  102  135 17018.7100 14106.6959  17.1%   221   96s
  1287  1063 16329.5981  154   74 17018.7100 14106.6959  17.1%   210  101s
  1419  1132 14201.3155   23  432 17018.7100 14106.8024  17.1%   202  106s
  1482  1113 14233.4571   24  574 17018.7100 14106.8024  17.1%   198  112s
  1546  1134 14373.2147   26  482 17018.7100 14106.8024  17.1%   194  115s
  1578  1155 14380.4257   32  446 17018.7100 14106.8024  17.1%   200  121s
  1605  1178 14532.7366   38  425 17018.7100 14106.8024  17.1%   206  125s
  1656  1223 14711.1642   46  347 17018.7100 14106.8024  17.1%   210  130s
  1763  1367 14806.4173   59  272 17018.7100 14106.8024  17.1%   209  136s
  1873  1424 14866.2856   64  299 17018.7100 14106.8024  17.1%   202  140s
* 1895   980             113    15346.630000 14106.8024  8.08%   201  140s
  2007   884 15048.7109   75  178 15346.6300 14106.8024  8.08%   194  145s
  2065   897 14396.5138   28  386 15346.6300 14110.7863  8.05%   198  151s
  2087   919 14420.6586   32  378 15346.6300 14110.7863  8.05%   202  155s
  2126   944 14573.9286   37  359 15346.6300 14110.7863  8.05%   205  160s
  2195  1011 14618.9171   43  346 15346.6300 14110.7863  8.05%   207  167s
  2233  1067 14691.6520   54  250 15346.6300 14110.7863  8.05%   208  171s
  2325  1051 14745.1366   60  231 15346.6300 14110.7863  8.05%   205  175s
  2365  1101 15004.0635   74  200 15346.6300 14110.7863  8.05%   207  180s
  2430  1124 infeasible   90      15346.6300 14120.7143  7.99%   208  187s
  2477  1119 14435.9564   22  354 15346.6300 14120.7143  7.99%   209  190s
  2522  1135 14369.3463   20  545 15346.6300 14126.2411  7.95%   211  196s
  2554  1155 14653.8223   28  339 15346.6300 14126.2411  7.95%   216  202s
  2567  1170 14571.4851   32  365 15346.6300 14126.2411  7.95%   218  205s
  2639  1201 14681.6578   38  368 15346.6300 14126.2411  7.95%   219  212s
  2660  1235 14763.6662   48  220 15346.6300 14126.2411  7.95%   221  215s
  2746  1326 15007.7708   69  154 15346.6300 14126.2411  7.95%   222  223s
  2819  1337     cutoff   91      15346.6300 14141.5097  7.85%   221  227s
  2834  1360 14394.5556   22  477 15346.6300 14141.5097  7.85%   223  231s
  2857  1406 14531.4252   32  482 15346.6300 14141.5097  7.85%   225  235s
  2953  1434 14446.7459   27  407 15346.6300 14144.0901  7.84%   227  245s
  3019  1504 15309.8785   59  150 15346.6300 14144.5289  7.83%   228  254s
  3055  1531 14440.0522   32  342 15346.6300 14144.6721  7.83%   229  258s
  3082  1622 14739.5960   45  202 15346.6300 14144.9399  7.83%   231  264s
  3111  1622 15159.6955   74  154 15346.6300 14144.9399  7.83%   230  265s
  3204  1634 14367.2862   25  544 15346.6300 14145.4971  7.83%   227  270s
  3216  1653 14470.4296   28  481 15346.6300 14145.4971  7.83%   230  276s
  3235  1680 14517.0680   31  497 15346.6300 14145.4971  7.83%   233  281s
  3262  1718 14627.9303   36  409 15346.6300 14145.4971  7.83%   235  286s
  3300  1792 14675.4042   43  248 15346.6300 14145.4971  7.83%   237  291s
  3386  1866 14815.1495   56  230 15346.6300 14145.4971  7.83%   237  298s
  3460  1906 15124.9113   83  122 15346.6300 14145.5875  7.83%   237  304s
  3544  1926 14444.6581   27  534 15346.6300 14148.6775  7.81%   236  310s
  3562  1954 14624.9524   33  285 15346.6300 14148.6775  7.81%   238  316s
  3590  1992 14746.1515   36  361 15346.6300 14148.6775  7.81%   241  321s
  3628  2028 15099.8094   45  316 15346.6300 14148.6775  7.81%   243  327s
  3664  2083 14980.9055   57  281 15346.6300 14148.6775  7.81%   245  335s
  3719  2157 15227.7972   66  317 15346.6300 14148.8786  7.80%   245  342s
  3805  2248 14309.3990   25  515 15346.6300 14148.8786  7.80%   245  350s
  3930  2309 14694.3241   52  326 15346.6300 14148.8786  7.80%   242  359s
  3992  2329 15277.2875  103  195 15346.6300 14158.7767  7.74%   243  370s
  4022  2390 14568.1257   32  394 15346.6300 14158.7910  7.74%   245  379s
  4056  2390 15181.4796   66  134 15346.6300 14158.7910  7.74%   244  383s
  4100  2452 14364.4040   27  439 15346.6300 14158.7910  7.74%   246  391s
  4162  2506 15089.2330   46  219 15346.6300 14164.3483  7.70%   247  399s
  4236  2601 14761.0861   41  170 15346.6300 14164.6694  7.70%   248  409s
  4295  2602 15341.1500   89    4 15346.6300 14164.6694  7.70%   246  410s
  4367  2618     cutoff   89      15346.6300 14165.1082  7.70%   246  418s
  4387  2660 14608.4857   29  424 15346.6300 14165.3301  7.70%   250  428s
  4429  2755 14878.3493   38  194 15346.6300 14165.3301  7.70%   253  438s
  4524  2880 14917.1618   76  173 15346.6300 14172.9256  7.65%   254  449s
  4579  2880 15316.6100  100    - 15346.6300 14172.9256  7.65%   252  450s
  4665  2943     cutoff  100      15346.6300 14173.4953  7.64%   252  460s
  4757  3050 14886.8247   48  267 15346.6300 14173.9968  7.64%   253  473s
  4895  3110 infeasible   97      15346.6300 14181.0259  7.60%   251  486s
  4955  3189 14974.6860   53  116 15346.6300 14183.4979  7.58%   253  497s
  5045  3250 14803.6719   36  372 15346.6300 14204.6101  7.44%   254  510s
  5131  3315 14589.4975   25  375 15346.6300 14209.9284  7.41%   256  522s
  5219  3398 14655.6666   32  369 15346.6300 14209.9347  7.41%   257  535s
  5302  3532 14946.0063   44  158 15346.6300 14209.9347  7.41%   259  549s
  5423  3532 14991.6161   88  114 15346.6300 14209.9347  7.41%   257  550s
  5436  3665 15224.4721   78  102 15346.6300 14212.4983  7.39%   257  564s
  5558  3665 15203.6414  109   47 15346.6300 14216.3986  7.36%   255  565s
  5635  3741 14409.1318   24  496 15346.6300 14217.7806  7.36%   254  580s
  5728  3840 14405.7690   21  469 15346.6300 14221.6566  7.33%   255  594s
  5849  3894 14382.3041   29  558 15346.6300 14227.0035  7.30%   256  608s
  5903  3945 14742.8090   38  264 15346.6300 14227.0592  7.30%   260  624s
  5990  4051 14443.7271   35  554 15346.6300 14231.1585  7.27%   261  639s
  6124  4132 14564.5946   26  484 15346.6300 14232.6186  7.26%   262  655s
  6230  4327 14670.4740   35  306 15346.6300 14242.5079  7.19%   263  671s
  6463  4460 14858.3683   51  140 15346.6300 14254.0693  7.12%   260  688s
  6632  4584 14711.5647   35  341 15346.6300 14262.4764  7.06%   259  705s
  6782  4699 14838.6156   38  341 15346.6300 14263.6938  7.06%   259  721s
  6932  4753 14316.6086   22  533 15346.6300 14276.3273  6.97%   259  738s
  6998  4827 14922.8674   43  432 15346.6300 14281.1154  6.94%   260  754s
  7040  4827 14320.2065   28  503 15346.6300 14282.5659  6.93%   261  755s
  7089  4932 14827.4025   40  294 15346.6300 14284.1286  6.92%   262  771s
  7212  5162 14468.5979   27  372 15346.6300 14286.3865  6.91%   263  794s
  7246  5162 14694.7046   44  157 15346.6300 14286.3865  6.91%   264  795s
  7474  5255 14995.1634   81   47 15346.6300 14287.6294  6.90%   262  814s
  7578  5260 14568.3944   23  457 15346.6300 14291.0337  6.88%   262  815s
  7631  5454     cutoff   91      15346.6300 14292.2167  6.87%   263  835s
  7873  5601 14379.9665   27  503 15346.6300 14295.5114  6.85%   262  857s
  8049  5777 15091.2591   64   91 15346.6300 14297.6382  6.84%   262  879s
  8291  5896 14546.2136   27  447 15346.6300 14299.5329  6.82%   260  900s
  8435  6066 14621.2397   33  324 15346.6300 14303.6141  6.80%   261  920s
  8653  6216 14418.7549   22  438 15346.6300 14306.6631  6.78%   261  942s
  8836  6332 14983.5521   57  294 15346.6300 14309.3422  6.76%   261  963s
  8973  6473 15178.4972   38  311 15346.6300 14309.7236  6.76%   262  984s
  9170  6623 14542.6233   32  173 15346.6300 14311.7759  6.74%   262 1006s
  9339  6902 14897.5096   39  159 15346.6300 14313.4619  6.73%   264 1029s
  9394  6902 14927.6781   61   86 15346.6300 14313.4619  6.73%   265 1030s
  9666  7045     cutoff   91      15346.6300 14314.6044  6.72%   261 1054s
  9832  7061 14723.9234   49  225 15346.6300 14317.2814  6.71%   262 1143s
  9848  7289 14837.4158   53  309 15346.6300 14317.4840  6.71%   262 1166s
 10130  7482 14534.6763   30  499 15346.6300 14319.1918  6.69%   261 1190s
 10398  7689 14754.7392   33  386 15346.6300 14320.3440  6.69%   260 1214s
 10429  7689 15048.1849   50  182 15346.6300 14320.3440  6.69%   260 1215s
 10647  7852 14912.6018   56  306 15346.6300 14322.3065  6.67%   260 1239s
 10849  7975 14567.2165   36  506 15346.6300 14324.3716  6.66%   259 1262s
 10995  8052 15143.3551   37  336 15346.6300 14324.8466  6.66%   261 1284s
 11099  8295 14729.7118   36  240 15346.6300 14325.3063  6.66%   263 1307s
 11402  8429 14422.5150   29  506 15346.6300 14328.8187  6.63%   262 1330s
 11568  8593 14459.6567   21  390 15346.6300 14331.7134  6.61%   263 1353s
 11729  8593 15148.1641   51  221 15346.6300 14332.9778  6.61%   263 1355s
 11778  8755 14630.3247   32  480 15346.6300 14333.1994  6.60%   263 1377s
 12006  8935 14418.7901   27  491 15346.6300 14335.0093  6.59%   262 1399s
 12054  8935 15283.5526   74  144 15346.6300 14335.0093  6.59%   262 1400s
 12229  9067 15223.4989   57  313 15346.6300 14335.2338  6.59%   262 1422s
 12382  9315 14830.9178   60  105 15346.6300 14336.4246  6.58%   263 1445s
 12691  9528 14846.1650   58  256 15346.6300 14339.0497  6.57%   262 1467s
 12916  9731 14920.5245   36  299 15346.6300 14339.6886  6.56%   262 1490s
 13213  9936 14571.6594   32  397 15346.6300 14344.4466  6.53%   261 1513s
 13404  9937 15331.3453   59   60 15346.6300 14344.7559  6.53%   260 1515s
 13460 10133     cutoff   99      15346.6300 14345.9697  6.52%   260 1536s
 13702 10232 14545.7649   24  512 15346.6300 14347.0377  6.51%   260 1558s
 13856 10457 14650.5748   31  299 15346.6300 14347.3052  6.51%   261 1580s
 14124 10574 14820.0289   47  284 15346.6300 14348.0138  6.51%   260 1603s
 14276 10825 14637.3250   39  399 15346.6300 14349.3243  6.50%   261 1625s
 14580 10890 14571.7773   26  283 15346.6300 14350.2060  6.49%   260 1659s
 14617 10890 15277.2761   58   58 15346.6300 14350.2060  6.49%   260 1660s
 14658 11104     cutoff   67      15346.6300 14350.4873  6.49%   260 1680s
 14916 11254 14804.4134   34  383 15346.6300 14354.2692  6.47%   260 1702s
 15104 11453 14682.7594   35  356 15346.6300 14354.9450  6.46%   260 1724s
 15159 11453 15171.9331   62   49 15346.6300 14354.9450  6.46%   260 1725s
 15377 11653     cutoff   76      15346.6300 14356.4445  6.45%   259 1747s
 15617 11875 14808.4226   71   84 15346.6300 14358.0372  6.44%   259 1770s
 15903 12026     cutoff   84      15346.6300 14359.5864  6.43%   258 1792s
 16073 12125 14849.1109   36  412 15346.6300 14360.9481  6.42%   259 1813s
 16194 12258 15079.6650   35  240 15346.6300 14361.7317  6.42%   260 1833s
 16383 12444 14852.7257   37  417 15346.6300 14362.8141  6.41%   260 1855s
 16607 12600 15116.8611   59  165 15346.6300 14364.4078  6.40%   260 1878s
 16784 12600 15135.3836   55  102 15346.6300 14364.4735  6.40%   260 1880s
 16830 12749 15149.0634   57  358 15346.6300 14364.8246  6.40%   260 1900s
 17040 12948 14895.2130   43  325 15346.6300 14365.2129  6.40%   260 1923s
 17310 13139 14605.0484   28  426 15346.6300 14367.4773  6.38%   259 1947s
 17537 13269 14587.5700   26  406 15346.6300 14368.1718  6.38%   259 1970s
 17691 13475 14864.8260   52  271 15346.6300 14368.3635  6.37%   260 1993s
 17941 13599 14768.2874   34  281 15346.6300 14369.3327  6.37%   259 2015s
 18114 13764 14917.2248   37  355 15346.6300 14371.8210  6.35%   259 2038s
 18313 13990 15256.1503   57  107 15346.6300 14371.9217  6.35%   260 2063s
 18453 13990 15215.1703   65   77 15346.6300 14371.9217  6.35%   259 2065s
 18613 14152 14576.5235   30  227 15346.6300 14373.0540  6.34%   259 2086s
 18830 14293 14834.2575   39  213 15346.6300 14373.2899  6.34%   259 2108s
 18995 14512 14896.0417   43  212 15346.6300 14374.1711  6.34%   259 2131s
 19283 14676     cutoff   73      15346.6300 14375.0326  6.33%   259 2155s
 19500 14811 14541.5603   27  319 15346.6300 14375.2944  6.33%   258 2177s
 19645 14973 15117.1868   44  197 15346.6300 14375.9188  6.33%   259 2200s
 19888 15137 14882.2628   47   92 15346.6300 14377.5532  6.31%   259 2222s
 20098 15323 14884.8433   44  363 15346.6300 14378.8541  6.31%   259 2245s
 20322 15515 14817.4900   31  422 15346.6300 14379.3276  6.30%   258 2266s
 20558 15682 14860.3335   36  370 15346.6300 14380.9665  6.29%   258 2288s
 20791 15797 14875.1205   30  206 15346.6300 14382.2415  6.28%   257 2309s
 20920 15936 14651.6310   43  261 15346.6300 14382.3041  6.28%   258 2330s
 21127 16108 15160.4236   40  283 15346.6300 14382.3926  6.28%   258 2352s
 21352 16246     cutoff   97      15346.6300 14384.8855  6.27%   258 2375s
 21540 16432 14567.1011   27  369 15346.6300 14386.7812  6.25%   258 2397s
 21772 16527 15047.1611   55  279 15346.6300 14388.0953  6.25%   258 2417s
 21907 16733 14797.4375   29  435 15346.6300 14389.4137  6.24%   259 2440s
 22159 16899 14645.3885   27  370 15346.6300 14390.2140  6.23%   258 2467s
 22413 17041     cutoff   79      15346.6300 14391.0767  6.23%   258 2489s
 22494 17041 14853.6345   31  310 15346.6300 14391.7230  6.22%   258 2490s
 22577 17208 14941.5943   67   98 15346.6300 14391.8016  6.22%   258 2511s
 22787 17357 14789.0828   30  373 15346.6300 14392.4988  6.22%   258 2533s
 22952 17481 14577.1837   32  536 15346.6300 14392.4988  6.22%   259 2554s
 23100 17657 14962.1923   57  110 15346.6300 14392.9087  6.21%   259 2576s
 23332 17801     cutoff   82      15346.6300 14393.4145  6.21%   259 2598s
 23505 18015 14660.0879   36  243 15346.6300 14394.7410  6.20%   259 2621s
 23799 18191     cutoff   99      15346.6300 14396.0791  6.19%   258 2644s
 24021 18402 14536.6864   33  427 15346.6300 14397.0551  6.19%   258 2667s
 24284 18569 14557.7314   25  283 15346.6300 14398.0226  6.18%   257 2689s
 24347 18569 14910.4116   56   71 15346.6300 14398.0226  6.18%   257 2690s
 24515 18777     cutoff   89      15346.6300 14398.3178  6.18%   257 2711s
 24753 18873 15303.4838   69  165 15346.6300 14400.1251  6.17%   257 2733s
 24865 19106 14706.1122   35  356 15346.6300 14400.2182  6.17%   258 2756s
 25176 19321 15242.5803   69  143 15346.6300 14400.4650  6.17%   257 2781s
 25484 19396     cutoff  105      15346.6300 14402.7961  6.15%   256 2802s
 25572 19569 14722.2193   38  277 15346.6300 14403.7170  6.14%   257 2829s
 25603 19569 14951.4254   53   94 15346.6300 14403.7170  6.14%   257 2830s
 25815 19721 14656.1938   28  437 15346.6300 14403.7215  6.14%   257 2852s
 25970 19887 15030.6957   61  156 15346.6300 14403.9768  6.14%   257 2873s
 26120 19887 15235.8030   68   86 15346.6300 14404.1268  6.14%   257 2875s
 26211 20095 14920.7135   51   92 15346.6300 14404.5831  6.14%   257 2897s
 26500 20239     cutoff   99      15346.6300 14405.5573  6.13%   256 2922s
 26684 20376 14542.8091   29  429 15346.6300 14406.3720  6.13%   256 2944s
 26723 20376 15308.5375   64   42 15346.6300 14406.3720  6.13%   256 2945s
 26879 20494 14777.1840   38  371 15346.6300 14406.9775  6.12%   257 2967s
 27017 20735 14916.1448   45  192 15346.6300 14407.7530  6.12%   257 2991s
 27319 20943 14675.6971   34  182 15346.6300 14408.4174  6.11%   256 3018s
 27457 20943 14581.3650   31  407 15346.6300 14409.1331  6.11%   256 3020s
 27582 21064 15205.2878   47   76 15346.6300 14409.2937  6.11%   256 3041s
 27755 21269 14845.0293   34  452 15346.6300 14410.1090  6.10%   256 3062s
 28021 21463 14664.2357   28  390 15346.6300 14410.5149  6.10%   256 3085s
 28250 21669 14535.3623   31  430 15346.6300 14411.1733  6.10%   255 3107s
 28491 21669 15273.5114   75   60 15346.6300 14411.7002  6.09%   255 3110s
 28502 21774 14623.6136   27  403 15346.6300 14412.2654  6.09%   255 3129s
 28562 21774 14560.5518   26  421 15346.6300 14412.2654  6.09%   255 3130s
 28616 21976 15208.8210   55  221 15346.6300 14412.4222  6.09%   255 3151s
 28865 22138 14897.8948   50  309 15346.6300 14414.9692  6.07%   255 3174s
 28958 22140 14617.1470   36  355 15346.6300 14415.3315  6.07%   255 3175s
 29070 22294 14670.8494   35  331 15346.6300 14415.4557  6.07%   255 3196s
 29268 22536 15120.7050   61  160 15346.6300 14416.3642  6.06%   255 3218s
 29574 22685     cutoff  103      15346.6300 14416.8741  6.06%   254 3241s
 29768 22852 14573.4409   31  496 15346.6300 14417.3869  6.06%   254 3263s
 29933 22852 14878.2288   39  228 15346.6300 14417.3869  6.06%   254 3265s
 29969 23021 14995.7292   64  165 15346.6300 14418.3755  6.05%   254 3284s
 30023 23021 15195.1745   83  119 15346.6300 14418.3755  6.05%   254 3285s
 30189 23201 14889.3614   41  188 15346.6300 14419.0765  6.04%   254 3307s
 30445 23332 14614.1000   30  419 15346.6300 14419.6215  6.04%   253 3329s
 30576 23470 15040.8394   61   73 15346.6300 14419.7096  6.04%   254 3349s
 30603 23470 15092.2207   73   46 15346.6300 14419.7096  6.04%   254 3350s
 30810 23569 14873.8035   40  214 15346.6300 14420.8839  6.03%   254 3371s
 30966 23731 14827.5478   28  372 15346.6300 14421.2835  6.03%   254 3392s
 31160 23830     cutoff  105      15346.6300 14421.7923  6.03%   254 3414s
 31293 24007 14752.4366   36  357 15346.6300 14422.5420  6.02%   255 3436s
 31531 24196 14719.1188   34  347 15346.6300 14422.5683  6.02%   255 3458s
 31764 24339 14568.4805   33  478 15346.6300 14422.9791  6.02%   254 3481s
 31937 24510 14844.9398   46  277 15346.6300 14423.2978  6.02%   254 3503s
H32058 24469                    15337.800000 14423.5992  5.96%   254 3504s
 32097 24469 15116.3895   63  128 15337.8000 14423.5992  5.96%   254 3505s
 32141 24639 14564.0327   24  546 15337.8000 14423.7198  5.96%   254 3525s
 32377 24808     cutoff   76      15337.8000 14424.5055  5.95%   254 3549s
 32435 24808 14813.5255   58  102 15337.8000 14424.5055  5.95%   254 3550s
 32592 24876     cutoff   99      15337.8000 14425.5538  5.95%   254 3572s
 32652 25028 14830.3251   40  188 15337.8000 14425.5883  5.95%   254 3593s
 32835 25041 14657.8371   34  333 15337.8000 14426.0408  5.94%   254 3600s

Cutting planes:
  User: 4309
  Gomory: 34
  Cover: 360
  Implied bound: 198
  Projected implied bound: 11
  Clique: 82
  MIR: 159
  StrongCG: 2
  Flow cover: 345
  GUB cover: 2
  Zero half: 51
  Network: 3
  RLT: 278
  Relax-and-lift: 19
  Lazy constraints: 2345

Explored 32858 nodes (8347080 simplex iterations) in 3600.20 seconds
Thread count was 2 (of 32 available processors)

Solution count 4: 15337.8 15346.6 17018.7 17051.7 

Time limit reached
Best objective 1.533780000000e+04, best bound 1.442604080655e+04, gap 5.9445%

User-callback calls 320282, time in user-callback 232.13 sec
================================================================================
executing instance: ./input/Instances/Original/2/absH3high_4n10.dat
--------------------------------------------------------------------------------
Instance details
n	11
H	3
C	822
Li:
[0, 0, 0, 0, 0, 0, 0, 0, 0, 0, 0, ]
Ui:
[0, 102, 52, 88, 182, 153, 138, 38, 165, 297, 86, ]
Distance matrix:
|0	285	411	382	327	239	148	256	307	36	383	|
|285	0	352	98	249	103	227	235	120	268	209	|
|411	352	0	395	106	430	263	549	234	429	174	|
|382	98	395	0	302	173	320	288	168	364	227	|
|327	249	106	302	0	324	179	444	135	339	109	|
|239	103	430	173	324	0	241	132	212	212	305	|
|148	227	263	320	179	241	0	325	192	165	249	|
|256	235	549	288	444	132	325	0	342	220	436	|
|307	120	234	168	135	212	192	342	0	304	94	|
|36	268	429	364	339	212	165	220	304	0	386	|
|383	209	174	227	109	305	249	436	94	386	0	|

--------------------------------------------------------------------------------
Building model...
	using lazy and cut (CVRPSEP package)
Solving IRP LP...
--------------------------------------------------------------------------------

Gurobi 9.1.0 (linux64) logging started Sun Feb  7 07:48:58 2021

Gurobi Optimizer version 9.1.0 build v9.1.0rc0 (linux64)
Thread count: 32 physical cores, 32 logical processors, using up to 2 threads
Optimize a model with 419 rows, 956 columns and 2858 nonzeros
Model fingerprint: 0x62584e25
Variable types: 164 continuous, 792 integer (132 binary)
Coefficient statistics:
  Matrix range     [1e+00, 3e+02]
  Objective range  [2e-01, 5e+02]
  Bounds range     [1e+00, 3e+02]
  RHS range        [1e+00, 1e+03]
Presolve removed 135 rows and 161 columns
Presolve time: 0.04s
Presolved: 284 rows, 795 columns, 2132 nonzeros
Variable types: 92 continuous, 703 integer (588 binary)

Root relaxation: objective 4.199977e+03, 521 iterations, 0.01 seconds

    Nodes    |    Current Node    |     Objective Bounds      |     Work
 Expl Unexpl |  Obj  Depth IntInf | Incumbent    BestBd   Gap | It/Node Time

     0     0 4199.97718    0   77          - 4199.97718      -     -    0s
H    0     0                    8896.4000000 4199.97718  52.8%     -    0s
     0     0 4526.19457    0   53 8896.40000 4526.19457  49.1%     -    0s
H    0     0                    7558.3600000 4526.19457  40.1%     -    0s
H    0     0                    6935.6400000 4526.19457  34.7%     -    0s
     0     0 4538.21798    0   70 6935.64000 4538.21798  34.6%     -    0s
     0     0 4549.03107    0   63 6935.64000 4549.03107  34.4%     -    0s
     0     0 4676.62871    0   90 6935.64000 4676.62871  32.6%     -    0s
     0     0 4721.44711    0   89 6935.64000 4721.44711  31.9%     -    0s
     0     0 4724.49407    0  109 6935.64000 4724.49407  31.9%     -    0s
     0     0 4725.67996    0  108 6935.64000 4725.67996  31.9%     -    0s
     0     0 4725.67996    0  108 6935.64000 4725.67996  31.9%     -    0s
     0     0 4777.13868    0  136 6935.64000 4777.13868  31.1%     -    0s
     0     0 4790.57285    0  113 6935.64000 4790.57285  30.9%     -    0s
     0     0 4791.80569    0  130 6935.64000 4791.80569  30.9%     -    0s
     0     0 4792.01817    0  132 6935.64000 4792.01817  30.9%     -    0s
     0     0 4887.52658    0  113 6935.64000 4887.52658  29.5%     -    0s
     0     0 4899.95613    0  108 6935.64000 4899.95613  29.4%     -    0s
     0     0 4900.29852    0  104 6935.64000 4900.29852  29.3%     -    0s
     0     0 4914.46695    0  125 6935.64000 4914.46695  29.1%     -    0s
     0     0 4919.00142    0  152 6935.64000 4919.00142  29.1%     -    0s
     0     0 4919.16854    0  146 6935.64000 4919.16854  29.1%     -    0s
     0     0 4943.04590    0  102 6935.64000 4943.04590  28.7%     -    0s
     0     0 4947.64616    0  131 6935.64000 4947.64616  28.7%     -    0s
     0     0 4947.65622    0  135 6935.64000 4947.65622  28.7%     -    0s
     0     0 4952.16543    0  138 6935.64000 4952.16543  28.6%     -    0s
     0     0 4952.58173    0  157 6935.64000 4952.58173  28.6%     -    0s
     0     0 4956.83076    0  135 6935.64000 4956.83076  28.5%     -    0s
     0     0 4956.83076    0  126 6935.64000 4956.83076  28.5%     -    0s
     0     2 4959.47599    0  153 6935.64000 4959.47599  28.5%     -    0s
H   30    35                    6931.2900000 5043.28055  27.2%  91.3    0s
H   62    70                    6923.3700000 5043.28055  27.2%  69.9    0s
H  105   100                    6530.3700000 5044.16042  22.8%  55.2    0s
H  133   127                    6466.2900000 5044.16042  22.0%  55.5    0s
H  172   169                    6414.1100000 5044.16042  21.4%  54.6    0s
H  248   203                    6090.1100000 5069.80864  16.8%  47.5    1s
H  250   191                    5991.4500000 5069.80864  15.4%  48.0    1s
  1017   546 5853.68299   34   47 5991.45000 5301.45518  11.5%  59.1    5s
  2725   753 5888.02691   28   89 5991.45000 5535.86879  7.60%  58.8   10s
  4458   939 5917.62103   34  103 5991.45000 5661.06116  5.51%  58.7   15s
  6592   585 5956.32089   23   63 5991.45000 5793.63862  3.30%  57.8   20s

Cutting planes:
  User: 168
  Gomory: 5
  Cover: 94
  Implied bound: 58
  Projected implied bound: 8
  Clique: 3
  MIR: 99
  StrongCG: 2
  Flow cover: 95
  GUB cover: 1
  Inf proof: 2
  Zero half: 1
  RLT: 95
  Relax-and-lift: 32
  Lazy constraints: 3

Explored 8100 nodes (438755 simplex iterations) in 22.62 seconds
Thread count was 2 (of 32 available processors)

Solution count 10: 5991.45 6090.11 6414.11 ... 8896.4

Optimal solution found (tolerance 1.00e-04)
Best objective 5.991450000000e+03, best bound 5.991450000000e+03, gap 0.0000%

User-callback calls 20124, time in user-callback 2.40 sec
================================================================================
executing instance: ./input/Instances/Original/2/absH3high_3n20.dat
--------------------------------------------------------------------------------
Instance details
n	21
H	3
C	1536
Li:
[0, 0, 0, 0, 0, 0, 0, 0, 0, 0, 0, 0, 0, 0, 0, 0, 0, 0, 0, 0, 0, ]
Ui:
[0, 48, 207, 156, 294, 207, 297, 54, 114, 90, 228, 132, 84, 64, 51, 153, 60, 39, 195, 82, 130, ]
Distance matrix:
|0	41	141	324	154	98	307	402	160	217	284	269	188	233	54	185	307	149	286	276	103	|
|41	0	114	285	184	88	285	385	200	197	251	230	189	270	48	205	295	160	245	241	62	|
|141	114	0	200	208	193	353	459	269	275	289	154	129	371	160	192	380	136	205	267	88	|
|324	285	200	0	406	330	386	484	467	344	286	57	299	555	318	380	442	327	114	255	226	|
|154	184	208	406	0	250	460	553	101	370	436	361	136	247	208	63	455	87	405	425	232	|
|98	88	193	330	250	0	211	304	232	121	204	273	276	249	44	283	210	244	259	204	113	|
|307	285	353	386	460	211	0	106	436	90	104	342	467	407	253	490	72	445	275	134	269	|
|402	385	459	484	553	304	106	0	517	188	198	443	570	463	348	587	102	545	371	229	373	|
|160	200	269	467	101	232	436	517	0	349	434	417	231	148	200	163	415	179	444	431	261	|
|217	197	275	344	370	121	90	188	349	0	111	293	382	335	163	400	106	357	244	128	187	|
|284	251	289	286	436	204	104	198	434	111	0	246	413	441	235	452	170	401	173	31	214	|
|269	230	154	57	361	273	342	443	417	293	246	0	266	500	261	342	393	286	85	215	170	|
|188	189	129	299	136	276	467	570	231	382	413	266	0	368	233	88	483	53	330	394	201	|
|233	270	371	555	247	249	407	463	148	335	441	500	368	0	242	310	364	316	504	448	330	|
|54	48	160	318	208	44	253	348	200	163	235	261	233	242	0	239	254	200	262	230	92	|
|185	205	192	380	63	283	490	587	163	400	452	342	88	310	239	0	492	56	397	438	240	|
|307	295	380	442	455	210	72	102	415	106	170	393	483	364	254	492	0	453	334	198	293	|
