




arguments: ./build/bc_mirp -f ./input/orig_exec_276.cfg
Current dir: /scratch/gui/bc_mirp
File verbosity level: 9
date       time         ( uptime  ) [ thread name/id ]                   file:line     v| 
2021-02-17 18:12:24.179 (   0.218s) [main thread     ]             loguru.cpp:789   INFO| Logging to './output/vi_vc+lex_quarter/OU/V4/Original/execution_17_02_2021_18_12_24.log', mode: 'a', verbosity: 9
--------------------------------------------------------------------------------
Parameters
                           instance_path           ./input/Instances/Original/6/
                            model_policy                                       1
                             nb_vehicles                                       4
                              output_dir./output/vi_vc+lex_quarter/OU/V4/Original/
                            sec_strategy                                       1
                       solver_nb_threads                                       2
                         solver_show_log                                    true
                       solver_time_limit                                    3600
                              use_vi_cos                                   false
                              use_vi_cus                                   false
                         use_vi_hc1_full                                   false
                         use_vi_hc1_half                                   false
                      use_vi_hc1_quarter                                   false
                              use_vi_hc2                                   false
                              use_vi_hc3                                   false
                         use_vi_lex_full                                   false
                         use_vi_lex_half                                   false
                      use_vi_lex_quarter                                    true
                              use_vi_qua                                   false
                               use_vi_vc                                    true
                               use_vi_vr                                   false
--------------------------------------------------------------------------------
executing instance: ./input/Instances/Original/6/absH6high_1n25.dat
--------------------------------------------------------------------------------
Instance details
n	26
H	6
C	1711
Li:
[0, 0, 0, 0, 0, 0, 0, 0, 0, 0, 0, 0, 0, 0, 0, 0, 0, 0, 0, 0, 0, 0, 0, 0, 0, 0, ]
Ui:
[0, 168, 176, 34, 66, 36, 177, 106, 118, 182, 64, 141, 189, 63, 46, 111, 182, 231, 36, 66, 68, 54, 132, 90, 246, 75, ]
Distance matrix:
|0	191	200	231	334	329	146	196	208	245	218	164	283	394	151	358	156	196	309	253	201	260	127	138	130	104	|
|191	0	226	229	278	146	328	216	390	417	327	293	195	334	106	296	171	122	472	151	12	411	280	53	190	130	|
|200	226	0	38	149	359	321	10	276	274	418	364	139	204	121	173	321	115	303	141	225	236	155	202	311	256	|
|231	229	38	0	110	352	358	37	314	310	448	395	108	167	129	135	342	109	336	120	226	268	194	213	335	277	|
|334	278	149	110	0	367	467	147	422	413	546	495	86	61	203	25	423	163	429	129	271	363	303	282	424	361	|
|329	146	359	352	367	0	453	349	533	562	411	393	282	411	245	378	250	244	617	245	141	556	426	195	284	243	|
|146	328	321	358	467	453	0	321	162	215	160	112	425	524	297	491	223	341	284	397	339	266	186	276	184	210	|
|196	216	10	37	147	349	321	0	281	281	414	360	132	203	112	171	315	105	311	132	216	244	159	193	305	249	|
|208	390	276	314	422	533	162	281	0	54	321	271	410	471	316	445	348	348	123	398	398	115	125	338	313	309	|
|245	417	274	310	413	562	215	281	54	0	375	323	413	457	334	435	393	361	70	406	424	69	139	367	359	349	|
|218	327	418	448	546	411	160	414	321	375	0	57	484	606	347	569	163	393	444	446	339	421	318	288	137	199	|
|164	293	364	395	495	393	112	360	271	323	57	0	437	556	300	519	144	346	393	401	305	367	261	249	109	163	|
|283	195	139	108	86	282	425	132	410	413	484	437	0	139	137	101	349	91	443	44	187	375	286	206	355	291	|
|394	334	204	167	61	411	524	203	471	457	606	556	139	0	264	38	483	222	467	183	326	403	356	341	484	421	|
|151	106	121	129	203	245	297	112	316	334	347	300	137	264	0	225	220	46	381	102	106	316	195	84	221	158	|
|358	296	173	135	25	378	491	171	445	435	569	519	101	38	225	0	444	184	450	145	288	384	328	303	446	383	|
|156	171	321	342	423	250	223	315	348	393	163	144	349	483	220	444	0	261	460	308	183	415	284	143	39	65	|
|196	122	115	109	163	244	341	105	348	361	393	346	91	222	46	184	261	0	402	56	118	336	224	119	264	200	|
|309	472	303	336	429	617	284	311	123	70	444	393	443	467	381	450	460	402	0	442	477	68	192	424	426	413	|
|253	151	141	120	129	245	397	132	398	406	446	401	44	183	102	145	308	56	442	0	143	375	273	164	315	251	|
|201	12	225	226	271	141	339	216	398	424	339	305	187	326	106	288	183	118	477	143	0	416	286	63	202	142	|
|260	411	236	268	363	556	266	244	115	69	421	367	375	403	316	384	415	336	68	375	416	0	135	365	384	363	|
|127	280	155	194	303	426	186	159	125	139	318	261	286	356	195	328	284	224	192	273	286	135	0	232	256	229	|
|138	53	202	213	282	195	276	193	338	367	288	249	206	341	84	303	143	119	424	164	63	365	232	0	153	89	|
|130	190	311	335	424	284	184	305	313	359	137	109	355	484	221	446	39	264	426	315	202	384	256	153	0	64	|
|104	130	256	277	361	243	210	249	309	349	199	163	291	421	158	383	65	200	413	251	142	363	229	89	64	0	|

--------------------------------------------------------------------------------
Building model...
	using lazy and cut (CVRPSEP package)
Solving IRP LP...
--------------------------------------------------------------------------------

Gurobi 9.1.0 (linux64) logging started Wed Feb 17 18:12:24 2021

Gurobi Optimizer version 9.1.0 build v9.1.0rc0 (linux64)
Thread count: 32 physical cores, 32 logical processors, using up to 2 threads
Optimize a model with 1922 rows, 9206 columns and 23144 nonzeros
Model fingerprint: 0xcfb7b4ed
Variable types: 782 continuous, 8424 integer (624 binary)
Coefficient statistics:
  Matrix range     [1e+00, 4e+02]
  Objective range  [1e-01, 6e+02]
  Bounds range     [1e+00, 2e+02]
  RHS range        [1e+00, 3e+03]
Presolve removed 404 rows and 1070 columns
Presolve time: 0.21s
Presolved: 1518 rows, 8136 columns, 19345 nonzeros
Variable types: 600 continuous, 7536 integer (6958 binary)

Root relaxation: objective 1.430226e+04, 2360 iterations, 0.06 seconds

    Nodes    |    Current Node    |     Objective Bounds      |     Work
 Expl Unexpl |  Obj  Depth IntInf | Incumbent    BestBd   Gap | It/Node Time

     0     0 14302.2551    0  253          - 14302.2551      -     -    0s
     0     0 14592.5739    0  258          - 14592.5739      -     -    0s
     0     0 14604.8014    0  246          - 14604.8014      -     -    0s
     0     0 14609.6931    0  288          - 14609.6931      -     -    0s
     0     0 14614.0355    0  249          - 14614.0355      -     -    0s
     0     0 14674.9213    0  287          - 14674.9213      -     -    0s
     0     0 14684.7608    0  284          - 14684.7608      -     -    1s
     0     0 14715.2547    0  289          - 14715.2547      -     -    1s
     0     0 14717.4058    0  293          - 14717.4058      -     -    1s
     0     0 14717.4058    0  292          - 14717.4058      -     -    1s
     0     0 15065.4428    0  286          - 15065.4428      -     -    1s
     0     0 15194.8509    0  378          - 15194.8509      -     -    1s
     0     0 15265.3153    0  362          - 15265.3153      -     -    2s
     0     0 15303.8252    0  387          - 15303.8252      -     -    2s
     0     0 15314.5757    0  383          - 15314.5757      -     -    2s
     0     0 15333.6594    0  386          - 15333.6594      -     -    2s
     0     0 15356.3919    0  344          - 15356.3919      -     -    2s
     0     0 15364.4247    0  386          - 15364.4247      -     -    2s
     0     0 15366.7552    0  384          - 15366.7552      -     -    2s
     0     0 15367.5863    0  389          - 15367.5863      -     -    2s
     0     0 15846.9858    0  406          - 15846.9858      -     -    3s
     0     0 15859.4289    0  421          - 15859.4289      -     -    3s
     0     0 15895.2042    0  459          - 15895.2042      -     -    3s
     0     0 15903.1173    0  442          - 15903.1173      -     -    3s
     0     0 15903.1173    0  457          - 15903.1173      -     -    3s
     0     0 16081.1236    0  498          - 16081.1236      -     -    4s
     0     0 16113.8451    0  468          - 16113.8451      -     -    4s
     0     0 16160.0284    0  532          - 16160.0284      -     -    5s
     0     0 16175.2360    0  489          - 16175.2360      -     -    5s
     0     0 16183.1841    0  529          - 16183.1841      -     -    5s
     0     0 16184.1275    0  499          - 16184.1275      -     -    5s
     0     0 16280.6749    0  465          - 16280.6749      -     -    5s
     0     0 16318.6438    0  499          - 16318.6438      -     -    6s
     0     0 16319.4490    0  507          - 16319.4490      -     -    6s
     0     0 16338.7420    0  493          - 16338.7420      -     -    6s
     0     0 16346.7684    0  452          - 16346.7684      -     -    6s
     0     0 16374.1727    0  462          - 16374.1727      -     -    6s
     0     0 16374.3125    0  472          - 16374.3125      -     -    6s
     0     0 16382.6718    0  396          - 16382.6718      -     -    7s
     0     0 16396.5664    0  400          - 16396.5664      -     -    7s
     0     0 16398.0235    0  493          - 16398.0235      -     -    7s
     0     0 16403.5331    0  505          - 16403.5331      -     -    7s
     0     0 16403.5331    0  499          - 16403.5331      -     -    7s
     0     2 16404.7215    0  512          - 16404.7215      -     -    9s
     5     8 16456.3962    2  571          - 16418.3983      -   799   10s
    38    43 16643.5280   12  463          - 16434.9136      -   732   15s
    78    82 16756.6720   25  484          - 16434.9136      -   613   20s
   127   139 17393.4991   35  369          - 16434.9136      -   600   25s
   205   218 18034.8174   57  335          - 16434.9136      -   472   30s
   392   400 18758.4088   87  177          - 16434.9136      -   321   35s
   517   533 20143.4677  164  115          - 16434.9136      -   280   40s
   737   789 23557.7509  297   70          - 16434.9136      -   227   46s
   872   839 16677.4874   28  499          - 16454.7956      -   211   51s
   879   844 18529.7386   76  644          - 16604.8163      -   209   55s
   891   852 20994.6156  205  667          - 16736.4183      -   206   60s
   902   859 18529.7386   76  692          - 16764.2980      -   204   65s
   915   868 16884.0372    9  716          - 16775.8015      -   201   70s
   928   877 17455.7556   50  588          - 16776.3392      -   225   75s
   940   885 19621.0301  130  695          - 16784.6047      -   223   80s
   944   888 17636.0575   55  753          - 16785.9837      -   222   85s
   947   893 16803.3272   25  684          - 16790.8248      -   241   93s
   949   894 16807.8209   26  641          - 16807.8209      -   241   98s
   953   897 16840.0151   27  664          - 16809.0817      -   244  101s
   961   902 16918.3253   29  594          - 16847.2641      -   252  105s
   987   922 16921.9719   36  536          - 16861.5926      -   261  110s
  1004   932 16992.9088   39  580          - 16861.5926      -   266  115s
  1029   951 17017.0758   46  539          - 16861.5926      -   278  120s
  1057   970 17109.4827   53  482          - 16861.5926      -   287  125s
  1089   994 17191.5402   62  499          - 16861.5926      -   297  131s
  1118  1018 17228.2708   71  452          - 16861.5926      -   305  135s
  1157  1043 17268.6666   82  440          - 16861.5926      -   311  141s
  1183  1064 17353.8795   89  422          - 16861.5926      -   318  145s
  1233  1100 17413.2114  103  424          - 16861.5926      -   328  151s
  1269  1124 17458.2236  114  388          - 16861.5926      -   334  156s
  1287  1138 17476.0860  119  402          - 16861.5926      -   337  164s
  1307  1147 17527.7059  126  383          - 16861.5926      -   339  166s
  1345  1182 17581.7994  139  418          - 16861.5926      -   341  171s
  1396  1211 17606.7726  153  466          - 16861.5926      -   346  177s
  1417  1241 17680.3731  160  275          - 16861.5926      -   348  180s
  1497  1310 17853.0694  191  243          - 16861.5926      -   349  186s
  1549  1356 17993.9063  212  234          - 16861.5926      -   347  190s
  1691  1465 18950.0555  271  180          - 16861.5926      -   336  197s
  1769  1534 18582.2763  306  178          - 16861.5926      -   330  201s
  1864  1603 18924.5549  347  209          - 16861.5926      -   322  206s
  1965  1684 19301.1212  393  159          - 16861.5926      -   314  210s
  2193  1732 18095.2051  173  435          - 16861.5926      -   293  215s
  2339  1969 20133.8227  564  108          - 16861.5926      -   283  223s
  2491  1965 20741.8806  634  116          - 16862.9283      -   273  227s
  2558  1963 16939.2814   30  616          - 16862.9283      -   271  230s
  2596  1986 16975.1172   36  532          - 16862.9283      -   275  238s
  2614  2008 17078.5601   40  507          - 16862.9283      -   279  241s
  2642  2026 17159.4191   45  485          - 16862.9283      -   281  245s
  2706  2098 17325.2610   62  340          - 16862.9283      -   284  252s
  2762  2156 17466.5121   73  381          - 16862.9283      -   283  257s
  2845  2236 17569.0141   84  341          - 16862.9283      -   282  277s
  2981  2253 17622.0000   95  319          - 16862.9283      -   277  282s
  3061  2264 18028.2996  115  308          - 16862.9283      -   275  287s
  3099  2309 18436.9412  132  241          - 16862.9283      -   277  292s
  3156  2347 18536.0132  156  267          - 16862.9283      -   277  298s
  3213  2382 18627.8193  178  242          - 16862.9283      -   279  303s
  3267  2438 19202.7127  197  293          - 16862.9283      -   281  310s
  3341  2469 19003.3747  220  337          - 16862.9283      -   281  316s
  3397  2522 19138.4217  239  335          - 16862.9283      -   283  322s
  3469  2570 19215.7626  258  316          - 16862.9283      -   283  328s
  3545  2645 19908.0705  278  312          - 16862.9283      -   284  335s
  3655  2785 20710.7536  311  209          - 16862.9283      -   283  342s
  3818  2936 20829.7884  340  245          - 16862.9283      -   280  359s
  3883  2936 18785.2495  204  249          - 16862.9283      -   282  360s
  3971  3118 20913.8717  369  217          - 16862.9283      -   278  368s
  4153  3621 21013.6328  398  206          - 16862.9283      -   275  378s
  4660  4139 22091.3666  491  107          - 16862.9283      -   255  409s
  4702  4139 22852.3388  512   88          - 16862.9283      -   253  410s
  5190  4366 25038.3178  623   15          - 16872.1356      -   235  428s
* 5459  4377             662    26025.090000 16872.1408  35.2%   226  429s
  5479  4373 17268.4203   38  472 26025.0900 16872.1408  35.2%   227  436s
  5508  4400 17590.9761   42  423 26025.0900 16872.1408  35.2%   230  445s
  5543  4433 17681.5502   54  373 26025.0900 16872.1408  35.2%   232  453s
  5576  4519 17921.5931   67  353 26025.0900 16872.1408  35.2%   234  461s
  5662  4663 18208.4354   93  308 26025.0900 16872.1408  35.2%   235  471s
  5806  5004 18713.9927  130  198 26025.0900 16872.1408  35.2%   234  483s
  6147  5672 20116.7664  220  129 26025.0900 16872.1408  35.2%   226  507s
  6821  5895 22692.5192  536   83 26025.0900 16877.6703  35.1%   210  520s
  7119  5916 17283.7938   38  451 26025.0900 16908.7112  35.0%   205  529s
  7140  5959 17740.4982   53  378 26025.0900 16908.7112  35.0%   207  549s
  7183  6027 18312.9694   75  400 26025.0900 16908.7112  35.0%   208  557s
  7251  6500 19221.8430  124  207 26025.0900 16908.7825  35.0%   208  572s
  7763  6799     cutoff  478      26025.0900 16911.9933  35.0%   199  587s
* 8045  6602             471    25269.940000 16912.0712  33.1%   194  594s
  8093  6663 17450.9283   43  582 25269.9400 16912.0712  33.1%   194  603s
  8164  7347 17991.3340   78  364 25269.9400 16912.0712  33.1%   196  618s
  8574  7347 20116.9115  247  208 25269.9400 16912.0712  33.1%   189  621s
  8848  7564 20584.9124  315  178 25269.9400 16918.3965  33.0%   184  635s
  9097  7600 17516.6526   39  551 25269.9400 16919.3905  33.0%   181  646s
  9133  7768 17981.4248   58  349 25269.9400 16919.3905  33.0%   183  657s
  9301  8431 18748.1709  116  362 25269.9400 16920.7381  33.0%   182  672s
  9648  8431 22438.7241  463   51 25269.9400 16920.7381  33.0%   177  675s
  9994  8463 17195.7322   31  575 25269.9400 16920.7645  33.0%   173  686s
 10026  8533 17854.5772   46  522 25269.9400 16920.7645  33.0%   174  696s
 10096  8814 18663.6178   63  495 25269.9400 16920.7645  33.0%   175  708s
 10270  8814 21594.8513  217   83 25269.9400 16920.7645  33.0%   174  710s
 10394  9009 20029.3832  126  353 25269.9400 16936.8664  33.0%   173  723s
 10606  9060 17330.9101   35  526 25269.9400 16936.8664  33.0%   172  734s
 10657  9240 17591.9650   44  564 25269.9400 16936.8664  33.0%   173  745s
 10857  9309 18543.5591   59  385 25269.9400 16936.8664  33.0%   172  756s
 10926  9498 20199.6722  117  212 25269.9400 16946.2518  32.9%   173  768s
 11131  9587 24987.6178  263   16 25269.9400 16948.5097  32.9%   172  779s
 11211  9590 25161.6754  304   20 25269.9400 16948.5097  32.9%   171  780s
 11285  9763     cutoff  298      25269.9400 16948.7255  32.9%   172  792s
 11472  9789 17465.5068   41  634 25269.9400 16949.1312  32.9%   170  802s
 11498  9835 18259.7386   55  523 25269.9400 16949.1312  32.9%   172  812s
 11544  9901 18881.7008   85  436 25269.9400 16949.1312  32.9%   173  822s
H11610  9802                    24866.320000 16949.1312  31.8%   174  839s
H11695  9232                    23852.500000 16949.1312  28.9%   173  840s
 11721  9482 22346.8672  211  219 23852.5000 16949.5462  28.9%   173  851s
 12005  9515 17453.9773   41  569 23852.5000 16960.2486  28.9%   172  862s
 12038  9768 18020.8810   63  558 23852.5000 16960.2486  28.9%   173  876s
 12323  9900 18850.5915  109  362 23852.5000 16960.2486  28.9%   172  898s
 12453  9977 22239.2031  229  209 23852.5000 16964.6776  28.9%   172  908s
H12472  9882                    23720.780000 16964.6776  28.5%   172  908s
 12544  9912 17517.3859   37  554 23720.7800 16964.6776  28.5%   173  918s
 12574 10010 17954.4789   55  529 23720.7800 16964.6776  28.5%   174  927s
 12672 10223 19347.4665  119  177 23720.7800 16974.9533  28.4%   175  941s
 12941 10417     cutoff  258      23720.7800 16980.1178  28.4%   174  956s
*12942 10298             256    23554.100000 16980.1178  27.9%   174  956s
*12945 10271             256    23527.100000 16980.1178  27.8%   174  956s
 13151 10273 17557.4684   36  615 23527.1000 16980.1361  27.8%   173  967s
 13159 10314 17820.1409   40  529 23527.1000 16980.1361  27.8%   174  976s
 13200 10458 18651.3067   66  448 23527.1000 16980.1361  27.8%   175  991s
 13344 10807 20344.5727  186  112 23527.1000 16984.4485  27.8%   174 1006s
H13754  9986                    22583.110000 16984.4514  24.8%   171 1016s
 13784 10024 17554.9316   50  473 22583.1100 16984.4514  24.8%   173 1026s
 13824 10330 17898.0418   68  400 22583.1100 16984.4514  24.8%   174 1039s
 13909 10330 19019.5635  131  169 22583.1100 16984.4514  24.8%   174 1040s
H14130 10468                    22577.110000 16984.4514  24.8%   171 1057s
 14272 10633 18695.7558   96  400 22577.1100 16984.4514  24.8%   170 1067s
 14452 10949 19893.2748  248  204 22577.1100 16984.4514  24.8%   170 1083s
 14650 10949 21436.9545  446   70 22577.1100 16984.4514  24.8%   168 1085s
H14755 10703                    22251.670000 16984.4514  23.7%   167 1085s
 14768 10746 21991.0851  551  129 22251.6700 16988.6767  23.7%   167 1094s
 14825 10817 17513.2510   46  563 22251.6700 16988.6767  23.7%   168 1104s
 14896 11005 17989.3505   59  562 22251.6700 16988.6767  23.7%   169 1116s
 15096 11246 18674.9422   97  262 22251.6700 16988.6767  23.7%   168 1129s
 15133 11246 19003.4275  134  180 22251.6700 16988.6767  23.7%   168 1130s
H15322 11212                    22162.830000 16988.6767  23.3%   166 1131s
 15337 11447 19853.3077  323  279 22162.8300 16992.9088  23.3%   167 1143s
 15606 11485 17428.0931   32  550 22162.8300 16992.9088  23.3%   166 1154s
 15652 11485 21902.9747  223   50 22162.8300 16992.9088  23.3%   166 1155s
 15673 11510 17527.7154   37  415 22162.8300 16992.9088  23.3%   166 1164s
H15686 11227                    21915.830000 16992.9088  22.5%   167 1164s
 15698 11264 17660.4134   43  450 21915.8300 16992.9088  22.5%   167 1174s
 15735 11270 18045.5357   51  414 21915.8300 16992.9088  22.5%   168 1243s
 15741 11330 17785.5505   53  407 21915.8300 16992.9088  22.5%   168 1254s
H15756 11224                    21858.430000 16992.9088  22.3%   169 1254s
 15801 11380 18077.3580   65  286 21858.4300 16992.9088  22.3%   170 1267s
 15957 11569 18513.0044   90  207 21858.4300 16992.9088  22.3%   170 1281s
 16198 11713 18823.2362  140  150 21858.4300 16992.9088  22.3%   170 1296s
 16342 11866 19025.8396  205  212 21858.4300 16992.9088  22.3%   171 1310s
 16495 12027 19149.6503  270  176 21858.4300 16992.9088  22.3%   171 1333s
H16603  8643                    20301.430000 16992.9088  16.3%   171 1334s
 16656  8854 19435.3521  324  163 20301.4300 16992.9088  16.3%   171 1349s
 16758  8854 19918.7648  375  145 20301.4300 16992.9088  16.3%   171 1350s
 16920  9103     cutoff  441      20301.4300 16994.8611  16.3%   171 1366s
 17362  9128 17351.3671   41  661 20301.4300 16996.8985  16.3%   169 1378s
 17387  9236 18014.1855   53  529 20301.4300 16996.8985  16.3%   170 1391s
 17495  9320 19698.2241  106  226 20301.4300 16997.4269  16.3%   171 1405s
 17609  9352 17302.8591   33  398 20301.4300 17000.2431  16.3%   171 1417s
 17641  9412 17507.2377   43  484 20301.4300 17000.2431  16.3%   172 1429s
 17703  9535 17769.2749   59  335 20301.4300 17000.2431  16.3%   173 1442s
H17828  9962                    20275.430000 17000.2431  16.2%   174 1458s
 17993  9962 18532.8684  211  168 20275.4300 17000.2431  16.2%   173 1460s
 18313 10253 18579.8391  230  198 20275.4300 17000.3160  16.2%   172 1478s
 18544 10253 18921.1094  440  202 20275.4300 17000.3160  16.2%   170 1481s
 18622 10312 17289.5074   34  568 20275.4300 17000.8874  16.2%   170 1492s
 18681 10422 17726.7435   57  547 20275.4300 17000.8874  16.2%   171 1504s
 18780 10422 19507.6526  147  206 20275.4300 17000.8874  16.2%   171 1505s
 18803 10621 18444.9041   90  400 20275.4300 17000.8874  16.2%   171 1517s
 19005 10932 20092.1010  264  235 20275.4300 17006.6860  16.1%   171 1533s
 19291 10932 19768.6262  296  160 20275.4300 17006.7272  16.1%   170 1535s
 19341 11092 17889.1601   40  374 20275.4300 17006.7272  16.1%   170 1548s
 19505 11272 19923.0418  177   38 20275.4300 17008.1901  16.1%   170 1569s
H19508  8762                    19678.979947 17008.1901  13.6%   170 1569s
 19705  8752 17653.4459   51  453 19678.9799 17008.1901  13.6%   169 1582s
 19818  8787 19461.1323  147  166 19678.9799 17008.5851  13.6%   170 1595s
 19873  8825 18315.4872   45  482 19678.9799 17008.6403  13.6%   171 1610s
 19947  8879 17234.8600   30  565 19678.9799 17008.6403  13.6%   172 1622s
 20001  9026 17814.2927   49  375 19678.9799 17008.6403  13.6%   173 1636s
 20148  9197 18916.9690  157  246 19678.9799 17013.8448  13.5%   173 1651s
H20361  9095                    19657.900000 17015.2017  13.4%   172 1665s
 20390  9146 17905.4231   42  400 19657.9000 17015.2017  13.4%   173 1677s
H20440  9127                    19652.900000 17015.2017  13.4%   174 1678s
 20441  9503 18279.5419   67  221 19652.9000 17015.2604  13.4%   174 1698s
 20740  9503 19041.1060  327  143 19652.9000 17015.2604  13.4%   172 1700s
 20845  9545 17296.3119   35  557 19652.9000 17015.2604  13.4%   172 1713s
 20887  9618 17507.6833   40  525 19652.9000 17015.2604  13.4%   173 1726s
 20960  9831 17954.8485   46  402 19652.9000 17015.2604  13.4%   174 1741s
 21197  9874 18097.5216   57  375 19652.9000 17015.2604  13.4%   173 1754s
 21240  9967 18322.1154   71  338 19652.9000 17015.2604  13.4%   174 1767s
H21251  9926                    19643.180000 17015.2604  13.4%   175 1767s
 21333 10213 18754.1254   91  181 19643.1800 17015.2604  13.4%   175 1782s
 21658 10298     cutoff  158      19643.1800 17031.5412  13.3%   175 1799s
 21783 10298 19552.9510  131   89 19643.1800 17040.3829  13.3%   175 1800s
 21798 10355 17484.7256   45  594 19643.1800 17040.3829  13.3%   175 1812s
 21855 10554 17876.7647   64  554 19643.1800 17040.3829  13.3%   176 1826s
 22076 10699 18532.9000  112  332 19643.1800 17045.8434  13.2%   175 1841s
 22233 10790 17676.3722   37  585 19643.1800 17045.8434  13.2%   175 1856s
 22324 10895 18705.5941   53  518 19643.1800 17045.9004  13.2%   176 1868s
 22449 10928 17281.1111   44  593 19643.1800 17051.8800  13.2%   176 1881s
 22482 11000 17781.8289   57  533 19643.1800 17051.8800  13.2%   177 1893s
 22554 11269 18537.7560   96  392 19643.1800 17052.0082  13.2%   178 1908s
 22849 11314 17371.9542   36  575 19643.1800 17052.8442  13.2%   177 1922s
 22894 11378 17600.6221   50  471 19643.1800 17052.8442  13.2%   178 1934s
 22925 11378 17868.4426   51  456 19643.1800 17052.8442  13.2%   179 1935s
 22958 11622 18076.1234   67  221 19643.1800 17052.8442  13.2%   179 1949s
 23141 11622 18548.2695  167  129 19643.1800 17052.8442  13.2%   179 1950s
 23207 11870 18378.8186   95  253 19643.1800 17053.4570  13.2%   179 1965s
 23500 12029 17400.5464   51  512 19643.1800 17058.8538  13.2%   178 1980s
 23673 12164 18219.1453   74  415 19643.1800 17067.2220  13.1%   178 1994s
 23820 12220 17341.7712   38  546 19643.1800 17067.2220  13.1%   178 2008s
 23896 12272 17943.4343   59  405 19643.1800 17067.2220  13.1%   179 2021s
 23948 12500 19201.7460   97  328 19643.1800 17067.3770  13.1%   179 2036s
 24216 12587 17707.3239   56  335 19643.1800 17075.6773  13.1%   179 2052s
 24315 12672 17601.3530   43  452 19643.1800 17075.6773  13.1%   180 2067s
 24411 12718 18703.9535   80  310 19643.1800 17079.6387  13.1%   180 2081s
 24477 12754 17332.9452   49  484 19643.1800 17079.6387  13.1%   181 2095s
 24513 12848 17764.5365   62  325 19643.1800 17079.6387  13.1%   182 2110s
 24607 13147 18188.7790   76  291 19643.1800 17079.6387  13.1%   183 2127s
 24935 13225 17407.6200   42  439 19643.1800 17079.6387  13.1%   183 2145s
 25135 13314 18073.4234   48  322 19643.1800 17079.6387  13.1%   182 2161s
 25224 13404 19224.8464   66  209 19643.1800 17081.1225  13.0%   183 2175s
 25368 13489 17678.5677   45  658 19643.1800 17082.5694  13.0%   183 2190s
 25455 13636 18193.6283   72  357 19643.1800 17082.5694  13.0%   184 2205s
 25614 13806 19123.5447  170  142 19643.1800 17087.0496  13.0%   184 2221s
 25807 13892 18136.8438   56  401 19643.1800 17100.1819  12.9%   184 2237s
 25905 13967 17478.0278   45  557 19643.1800 17100.1819  12.9%   185 2252s
 25989 14041 18242.0694   68  360 19643.1800 17101.0909  12.9%   185 2266s
 26077 14174 17582.2557   43  586 19643.1800 17101.0909  12.9%   186 2280s
 26210 14311 18145.1801   62  501 19643.1800 17104.1258  12.9%   186 2296s
 26378 14354 17514.7236   52  501 19643.1800 17104.4327  12.9%   186 2311s
 26421 14547 17827.5611   64  355 19643.1800 17104.4327  12.9%   187 2327s
 26614 14965 18537.5728  181  194 19643.1800 17105.7280  12.9%   187 2346s
 27053 15139 17832.5834   50  477 19643.1800 17105.7280  12.9%   186 2364s
 27112 15139 19028.9276  159  163 19643.1800 17105.7280  12.9%   186 2365s
 27249 15307 18623.4449  109  294 19643.1800 17110.3794  12.9%   186 2387s
H27440 15334                    19624.180000 17111.0885  12.8%   185 2404s
 27481 15334 18279.0252   94  221 19624.1800 17117.3194  12.8%   186 2405s
 27559 15388 17484.5239   40  650 19624.1800 17117.3194  12.8%   186 2419s
 27613 15472 17953.8352   59  501 19624.1800 17117.3194  12.8%   187 2433s
 27709 15551 18700.9234   90  345 19624.1800 17118.8720  12.8%   187 2449s
 27798 15738 17771.8072   37  534 19624.1800 17118.8720  12.8%   188 2465s
 27985 16053 18405.4746   89  438 19624.1800 17122.8751  12.7%   188 2486s
 28314 16142 17974.1665   47  510 19624.1800 17122.8751  12.7%   188 2502s
 28463 16228 18840.4556   83  341 19624.1800 17128.3945  12.7%   188 2517s
 28569 16280 17331.0031   36  594 19624.1800 17128.3945  12.7%   188 2531s
 28645 16404 17692.4072   47  407 19624.1800 17128.3945  12.7%   189 2546s
 28781 16605 18181.2845   74  235 19624.1800 17128.3945  12.7%   189 2564s
 28982 16798 18911.3026  147  123 19624.1800 17131.1317  12.7%   189 2580s
 29225 16830 17762.5235   45  606 19624.1800 17131.1497  12.7%   189 2594s
 29257 16910 18325.9923   65  512 19624.1800 17131.1497  12.7%   190 2608s
 29349 16994 19594.9944  103  393 19624.1800 17132.0053  12.7%   190 2623s
 29450 17038 17839.2144   42  550 19624.1800 17132.6924  12.7%   191 2638s
 29494 17101 19479.5992   54  372 19624.1800 17132.8003  12.7%   191 2653s
 29581 17178 17592.6936   44  437 19624.1800 17132.8003  12.7%   192 2674s
 29676 17342 18323.7973   94  342 19624.1800 17133.8792  12.7%   192 2690s
 29852 17481 18169.5772   58  346 19624.1800 17135.0831  12.7%   193 2708s
 30027 17643 17273.8367   32  577 19624.1800 17137.4272  12.7%   193 2726s
 30209 17831 18309.8809   56  362 19624.1800 17139.6428  12.7%   193 2744s
 30243 17831 18853.9645   90  222 19624.1800 17139.6428  12.7%   193 2745s
 30416 17971 17501.3092   38  445 19624.1800 17139.6428  12.7%   193 2774s
 30512 17971 19378.1831  130  239 19624.1800 17139.6428  12.7%   193 2775s
 30572 18052 19042.2390  101  194 19624.1800 17140.7717  12.7%   193 2791s
 30667 18095 17445.8330   36  518 19624.1800 17140.7717  12.7%   193 2807s
 30718 18196 17701.7118   43  565 19624.1800 17140.7717  12.7%   194 2822s
 30832 18303 17783.6824   51  476 19624.1800 17140.7717  12.7%   195 2840s
 30951 18362 18236.9644   64  323 19624.1800 17140.7717  12.7%   195 2856s
 31010 18512 18484.6431   88  196 19624.1800 17140.7717  12.7%   196 2873s
H31025 17246                    19463.490000 17140.7717  11.9%   196 2873s
 31160 17492 18630.7389  144  127 19463.4900 17140.7717  11.9%   196 2894s
H31164 15850                    19300.900000 17140.7717  11.2%   196 2894s
 31329 15850 19085.0916  228   82 19300.9000 17140.7717  11.2%   196 2895s
 31418 16052 18843.6128  254  155 19300.9000 17144.6573  11.2%   196 2912s
 31756 16102 18910.1541   93  206 19300.9000 17146.0284  11.2%   195 2930s
 31826 16153 17388.9373   36  438 19300.9000 17146.0284  11.2%   196 2947s
H31885 15594                    19239.480000 17146.0284  10.9%   197 2963s
 31972 15760 18220.3623   59  281 19239.4800 17151.0557  10.9%   197 2979s
 32005 15760 18471.4057   74  258 19239.4800 17151.0557  10.9%   198 2980s
 32185 15808 17415.0969   33  446 19239.4800 17151.3879  10.9%   197 2995s
 32233 15936 18064.9561   55  436 19239.4800 17152.0271  10.8%   198 3011s
 32384 16030 17585.1378   51  456 19239.4800 17157.6030  10.8%   198 3027s
H32413 15556                    19197.480000 17157.6030  10.6%   199 3028s
 32498 15680 19051.5189   80  318 19197.4800 17159.8688  10.6%   199 3045s
 32649 15772 17959.9346   42  601 19197.4800 17162.8522  10.6%   199 3060s
H32741 15778                    19192.010000 17162.8522  10.6%   200 3077s
 32838 15830 17502.9306   41  613 19192.0100 17163.2237  10.6%   200 3093s
 32892 15887 18065.4541   49  349 19192.0100 17164.2145  10.6%   201 3109s
 32984 15990 17722.7017   39  646 19192.0100 17165.5497  10.6%   201 3126s
 33087 16211 18542.7208   56  283 19192.0100 17165.6946  10.6%   202 3145s
 33342 16330 17699.9877   45  502 19192.0100 17166.4880  10.6%   202 3167s
 33461 16451 18902.6264  142  255 19192.0100 17171.4283  10.5%   202 3184s
 33608 16539 17723.9442   47  559 19192.0100 17172.1012  10.5%   202 3204s
 33710 16603 17720.7453   57  482 19192.0100 17173.0043  10.5%   203 3221s
H33719 15125                    19071.520000 17173.0043  10.0%   203 3221s
 33800 15164 17734.6754   57  484 19071.5200 17173.0043  10.0%   203 3237s
 33861 15210 18480.0089   85  377 19071.5200 17173.4698  10.0%   204 3254s
 33917 15262 17593.2690   52  593 19071.5200 17173.4698  10.0%   205 3271s
 33989 15325 18509.7258   75  473 19071.5200 17174.8376  9.95%   205 3288s
 34062 15420 17920.2379   49  359 19071.5200 17174.8376  9.95%   206 3305s
 34169 15683 18221.2925   89  223 19071.5200 17176.0518  9.94%   206 3329s
 34235 15683 18419.5564  141  113 19071.5200 17176.0518  9.94%   206 3330s
 34484 15804 17755.7610   46  373 19071.5200 17178.6864  9.92%   206 3349s
 34554 15804 19030.7196   95  264 19071.5200 17178.6864  9.92%   206 3350s
 34653 15898 17337.2146   38  580 19071.5200 17179.4740  9.92%   206 3368s
 34757 16013 18532.2668   70  292 19071.5200 17180.4753  9.92%   206 3387s
 34898 16093 18476.6832   88  327 19071.5200 17181.8817  9.91%   207 3409s
 35010 16124 17474.4680   33  432 19071.5200 17182.2090  9.91%   207 3425s
 35041 16255 18166.6335   42  410 19071.5200 17182.2090  9.91%   208 3442s
 35178 16438 18744.3870   93  100 19071.5200 17182.8037  9.90%   208 3462s
H35184 15770                    19019.520000 17182.8037  9.66%   208 3462s
 35507 15813 17431.0941   39  583 19019.5200 17184.1805  9.65%   208 3479s
 35552 15992 18006.0575   59  371 19019.5200 17185.7154  9.64%   209 3498s
 35747 16082 17402.4786   33  646 19019.5200 17185.7154  9.64%   209 3515s
 35841 16123 17589.4934   39  557 19019.5200 17185.7154  9.64%   209 3532s
 35898 16178 18180.7573   47  539 19019.5200 17185.7154  9.64%   210 3549s
 35967 16241 18714.1424   52  534 19019.5200 17185.7154  9.64%   211 3566s
 36030 16312 18858.0248   61  372 19019.5200 17186.4146  9.64%   212 3597s
 36129 16314 17630.1650   55  540 19019.5200 17187.5617  9.63%   212 3600s

Cutting planes:
  User: 6935
  Gomory: 56
  Cover: 583
  Implied bound: 280
  Projected implied bound: 31
  Clique: 32
  MIR: 263
  StrongCG: 1
  Flow cover: 565
  GUB cover: 6
  Zero half: 13
  Network: 2
  RLT: 398
  Relax-and-lift: 14
  Lazy constraints: 1007

Explored 36131 nodes (7690067 simplex iterations) in 3600.02 seconds
Thread count was 2 (of 32 available processors)

Solution count 10: 19019.5 19071.5 19192 ... 19652.9

Time limit reached
Best objective 1.901952000000e+04, best bound 1.718756165180e+04, gap 9.6320%

User-callback calls 453699, time in user-callback 263.66 sec
================================================================================
executing instance: ./input/Instances/Original/6/absH6high_1n20.dat
--------------------------------------------------------------------------------
Instance details
n	21
H	6
C	1651
Li:
[0, 0, 0, 0, 0, 0, 0, 0, 0, 0, 0, 0, 0, 0, 0, 0, 0, 0, 0, 0, 0, ]
Ui:
[0, 36, 182, 182, 90, 261, 117, 30, 110, 42, 276, 153, 40, 94, 144, 46, 129, 213, 264, 160, 174, ]
Distance matrix:
|0	371	401	343	361	341	370	115	392	400	79	266	292	245	355	431	265	194	95	92	348	|
|371	0	37	141	110	250	117	438	67	131	372	305	115	238	247	255	235	296	392	430	185	|
|401	37	0	175	100	284	146	472	90	156	406	342	152	275	280	282	242	333	415	455	178	|
|343	141	175	0	239	110	38	374	95	60	314	182	67	130	106	127	318	201	397	423	303	|
|361	110	100	239	0	341	222	451	177	240	385	374	190	304	341	361	151	345	354	398	78	|
|341	250	284	110	341	0	143	337	203	151	289	102	152	97	15	95	394	156	415	431	398	|
|370	117	146	38	222	143	0	407	61	30	346	220	81	167	137	139	317	237	417	447	292	|
|115	438	472	374	451	337	407	0	443	434	66	241	339	251	351	431	374	181	201	177	450	|
|392	67	90	95	177	203	61	443	0	66	379	275	104	216	197	193	294	283	427	461	252	|
|400	131	156	60	240	151	30	434	66	0	374	237	112	189	142	127	344	261	448	477	312	|
|79	372	406	314	385	289	346	66	379	374	0	202	275	197	304	383	316	134	175	166	388	|
|266	305	342	182	374	102	220	241	275	237	202	0	191	70	117	196	386	73	352	359	415	|
|292	115	152	67	190	152	81	339	104	112	275	191	0	123	154	193	252	183	336	366	246	|
|245	238	275	130	304	97	167	251	216	189	197	70	123	0	110	187	322	72	319	334	346	|
|355	247	280	106	341	15	137	351	197	142	304	117	154	110	0	80	399	171	427	444	400	|
|431	255	282	127	361	95	139	431	193	127	383	196	193	187	80	0	444	251	499	519	429	|
|265	235	242	318	151	394	317	374	294	344	316	386	252	322	399	444	0	332	226	273	97	|
|194	296	333	201	345	156	237	181	283	261	134	73	183	72	171	251	332	0	279	286	375	|
|95	392	415	397	354	415	417	201	427	448	175	352	336	319	427	499	226	279	0	47	321	|
|92	430	455	423	398	431	447	177	461	477	166	359	366	334	444	519	273	286	47	0	368	|
|348	185	178	303	78	398	292	450	252	312	388	415	246	346	400	429	97	375	321	368	0	|

--------------------------------------------------------------------------------
Building model...
	using lazy and cut (CVRPSEP package)
Solving IRP LP...
--------------------------------------------------------------------------------

Gurobi 9.1.0 (linux64) logging started Wed Feb 17 19:12:25 2021

Gurobi Optimizer version 9.1.0 build v9.1.0rc0 (linux64)
Thread count: 32 physical cores, 32 logical processors, using up to 2 threads
Optimize a model with 1557 rows, 6171 columns and 16143 nonzeros
Model fingerprint: 0xa3b852f2
Variable types: 627 continuous, 5544 integer (504 binary)
Coefficient statistics:
  Matrix range     [1e+00, 4e+02]
  Objective range  [1e-01, 5e+02]
  Bounds range     [1e+00, 3e+02]
  RHS range        [1e+00, 3e+03]
Presolve removed 339 rows and 865 columns
Presolve time: 0.16s
Presolved: 1218 rows, 5306 columns, 13038 nonzeros
Variable types: 475 continuous, 4831 integer (4378 binary)

Root relaxation: objective 1.358125e+04, 2134 iterations, 0.06 seconds

    Nodes    |    Current Node    |     Objective Bounds      |     Work
 Expl Unexpl |  Obj  Depth IntInf | Incumbent    BestBd   Gap | It/Node Time

     0     0 13581.2549    0  221          - 13581.2549      -     -    0s
     0     0 13808.1796    0  198          - 13808.1796      -     -    0s
     0     0 13825.3689    0  202          - 13825.3689      -     -    0s
     0     0 13830.4537    0  185          - 13830.4537      -     -    0s
     0     0 13834.3463    0  191          - 13834.3463      -     -    0s
     0     0 14072.7565    0  308          - 14072.7565      -     -    1s
     0     0 14179.6121    0  341          - 14179.6121      -     -    1s
     0     0 14199.8143    0  325          - 14199.8143      -     -    1s
     0     0 14200.3602    0  363          - 14200.3602      -     -    1s
     0     0 14200.3604    0  366          - 14200.3604      -     -    1s
     0     0 14394.1307    0  378          - 14394.1307      -     -    1s
     0     0 14468.7471    0  379          - 14468.7471      -     -    1s
     0     0 14473.2074    0  365          - 14473.2074      -     -    1s
     0     0 14475.0042    0  375          - 14475.0042      -     -    1s
     0     0 14475.0168    0  375          - 14475.0168      -     -    1s
     0     0 14552.0062    0  342          - 14552.0062      -     -    2s
     0     0 14559.1699    0  396          - 14559.1699      -     -    2s
     0     0 14561.0786    0  399          - 14561.0786      -     -    2s
     0     0 14561.1318    0  422          - 14561.1318      -     -    2s
     0     0 14596.1767    0  466          - 14596.1767      -     -    2s
     0     0 14599.0855    0  467          - 14599.0855      -     -    2s
     0     0 14604.9048    0  438          - 14604.9048      -     -    2s
     0     0 14605.2091    0  440          - 14605.2091      -     -    2s
     0     0 14625.5309    0  417          - 14625.5309      -     -    3s
     0     0 14627.6556    0  449          - 14627.6556      -     -    3s
     0     0 14628.9123    0  442          - 14628.9123      -     -    3s
     0     0 14632.8006    0  447          - 14632.8006      -     -    3s
     0     0 14632.8006    0  441          - 14632.8006      -     -    4s
