




arguments: ./build/bc_mirp -f ./input/orig_exec_180.cfg
Current dir: /scratch/gui/bc_mirp
File verbosity level: 9
date       time         ( uptime  ) [ thread name/id ]                   file:line     v| 
2021-02-12 19:21:48.096 (   0.202s) [main thread     ]             loguru.cpp:789   INFO| Logging to './output/vi_vc+lex_quarter/OU/V4/Original/execution_12_02_2021_19_21_48.log', mode: 'a', verbosity: 9
--------------------------------------------------------------------------------
Parameters
                           instance_path           ./input/Instances/Original/4/
                            model_policy                                       1
                             nb_vehicles                                       4
                              output_dir./output/vi_vc+lex_quarter/OU/V4/Original/
                            sec_strategy                                       1
                       solver_nb_threads                                       2
                         solver_show_log                                    true
                       solver_time_limit                                    3600
                              use_vi_cos                                   false
                              use_vi_cus                                   false
                         use_vi_hc1_full                                   false
                         use_vi_hc1_half                                   false
                      use_vi_hc1_quarter                                   false
                              use_vi_hc2                                   false
                              use_vi_hc3                                   false
                         use_vi_lex_full                                   false
                         use_vi_lex_half                                   false
                      use_vi_lex_quarter                                    true
                              use_vi_qua                                   false
                               use_vi_vc                                    true
                               use_vi_vr                                   false
--------------------------------------------------------------------------------
executing instance: ./input/Instances/Original/4/absH3low_3n30.dat
--------------------------------------------------------------------------------
Instance details
n	31
H	3
C	2841
Li:
[0, 0, 0, 0, 0, 0, 0, 0, 0, 0, 0, 0, 0, 0, 0, 0, 0, 0, 0, 0, 0, 0, 0, 0, 0, 0, 0, 0, 0, 0, 0, ]
Ui:
[0, 246, 98, 54, 144, 171, 192, 180, 165, 98, 122, 198, 297, 144, 130, 129, 219, 138, 142, 150, 108, 66, 64, 285, 180, 204, 276, 168, 240, 198, 122, ]
Distance matrix:
|0	172	56	166	260	198	42	197	296	110	91	112	238	275	323	183	330	232	175	181	162	191	232	280	201	139	356	185	266	216	26	|
|172	0	178	223	320	335	153	355	444	62	231	99	333	376	214	352	176	235	194	106	47	41	353	161	299	175	225	43	326	374	153	|
|56	178	0	110	204	162	93	233	336	125	144	148	187	226	358	180	313	284	123	152	182	185	282	252	256	88	329	177	210	251	42	|
|166	223	110	0	102	150	199	327	431	194	253	237	113	156	431	228	296	386	44	140	248	208	389	218	366	48	287	200	108	344	148	|
|260	320	204	102	0	156	296	391	493	296	340	339	66	90	531	263	362	486	127	226	349	300	469	278	454	148	334	292	6	406	245	|
|198	335	162	150	156	0	239	255	351	286	245	307	93	106	518	111	442	423	194	280	344	335	349	367	352	182	437	327	158	266	199	|
|42	153	93	199	296	239	0	203	296	91	82	76	278	316	284	217	322	191	201	186	133	180	217	281	177	165	356	175	302	222	52	|
|197	355	233	327	391	255	203	0	104	294	125	266	340	361	436	151	524	276	352	377	330	383	109	477	146	319	553	377	395	19	222	|
|296	444	336	431	493	351	296	104	0	384	214	348	440	456	488	241	617	315	456	476	412	475	113	575	176	422	651	470	497	88	322	|
|110	62	125	194	296	286	91	294	384	0	171	55	298	340	238	292	233	210	176	118	58	91	298	201	248	148	273	87	302	313	94	|
|91	231	144	253	340	245	82	125	214	171	0	141	307	339	324	184	403	187	266	266	204	261	140	363	114	230	438	256	346	144	116	|
|112	99	148	237	339	307	76	266	348	55	141	0	332	373	212	292	275	156	225	173	64	137	254	253	200	194	322	135	345	284	108	|
|238	333	187	113	66	93	278	340	440	298	307	332	0	43	536	203	404	469	153	253	354	321	427	322	420	160	385	313	67	353	229	|
|275	376	226	156	90	106	316	361	456	340	339	373	43	0	578	216	443	507	194	295	397	364	453	361	451	203	421	356	88	372	268	|
|323	214	358	431	531	518	284	436	488	238	324	212	536	578	0	498	309	176	407	320	183	245	376	344	312	383	379	251	537	451	319	|
|183	352	180	228	263	111	217	151	241	292	184	292	203	216	498	0	492	371	266	328	345	364	255	426	272	242	501	356	266	159	198	|
|330	176	313	296	362	442	322	524	617	233	403	275	404	443	309	492	0	397	253	164	218	142	529	84	475	260	72	147	367	543	306	|
|232	235	284	386	486	423	191	276	315	210	187	156	469	507	176	371	397	0	379	327	188	276	202	396	139	346	456	277	492	289	242	|
|175	194	123	44	127	194	201	352	456	176	266	225	153	194	407	266	253	379	0	101	225	174	405	174	375	36	244	166	133	370	152	|
|181	106	152	140	226	280	186	377	476	118	266	173	253	295	320	328	164	327	101	0	148	76	403	100	360	98	177	69	232	396	155	|
|162	47	182	248	349	344	133	330	412	58	204	64	354	397	183	345	218	188	225	148	0	89	316	208	259	201	270	90	355	348	149	|
|191	41	185	208	300	335	180	383	475	91	261	137	321	364	245	364	142	276	174	76	89	0	388	119	336	162	185	8	306	402	169	|
|232	353	282	389	469	349	217	109	113	298	140	254	427	453	376	255	529	202	405	403	316	388	0	497	64	369	570	384	474	112	256	|
|280	161	252	218	278	367	281	477	575	201	363	253	322	361	344	426	84	396	174	100	208	119	497	0	449	187	77	119	283	496	255	|
|201	299	256	366	454	352	177	146	176	248	114	200	420	451	312	272	475	139	375	360	259	336	64	449	0	339	521	333	460	156	223	|
|139	175	88	48	148	182	165	319	422	148	230	194	160	203	383	242	260	346	36	98	201	162	369	187	339	0	260	153	154	337	116	|
|356	225	329	287	334	437	356	553	651	273	438	322	385	421	379	501	72	456	244	177	270	185	570	77	521	260	0	187	338	572	331	|
|185	43	177	200	292	327	175	377	470	87	256	135	313	356	251	356	147	277	166	69	90	8	384	119	333	153	187	0	298	396	163	|
|266	326	210	108	6	158	302	395	497	302	346	345	67	88	537	266	367	492	133	232	355	306	474	283	460	154	338	298	0	410	251	|
|216	374	251	344	406	266	222	19	88	313	144	284	353	372	451	159	543	289	370	396	348	402	112	496	156	337	572	396	410	0	241	|
|26	153	42	148	245	199	52	222	322	94	116	108	229	268	319	198	306	242	152	155	149	169	256	255	223	116	331	163	251	241	0	|

--------------------------------------------------------------------------------
Building model...
	using lazy and cut (CVRPSEP package)
Solving IRP LP...
--------------------------------------------------------------------------------

Gurobi 9.1.0 (linux64) logging started Fri Feb 12 19:21:48 2021

Gurobi Optimizer version 9.1.0 build v9.1.0rc0 (linux64)
Thread count: 32 physical cores, 32 logical processors, using up to 2 threads
Optimize a model with 1159 rows, 6436 columns and 15688 nonzeros
Model fingerprint: 0x039f8004
Variable types: 484 continuous, 5952 integer (372 binary)
Coefficient statistics:
  Matrix range     [1e+00, 7e+02]
  Objective range  [1e-02, 7e+02]
  Bounds range     [1e+00, 3e+02]
  RHS range        [1e+00, 5e+03]
Presolve removed 337 rows and 711 columns
Presolve time: 0.15s
Presolved: 822 rows, 5725 columns, 13072 nonzeros
Variable types: 290 continuous, 5435 integer (5076 binary)

Root relaxation: objective 2.406741e+03, 1022 iterations, 0.02 seconds

    Nodes    |    Current Node    |     Objective Bounds      |     Work
 Expl Unexpl |  Obj  Depth IntInf | Incumbent    BestBd   Gap | It/Node Time

     0     0 2406.74103    0   88          - 2406.74103      -     -    0s
     0     0 2634.27971    0  123          - 2634.27971      -     -    0s
     0     0 3227.63942    0  120          - 3227.63942      -     -    0s
     0     0 3229.53799    0  134          - 3229.53799      -     -    0s
     0     0 3232.44322    0  138          - 3232.44322      -     -    0s
     0     0 3235.13251    0  136          - 3235.13251      -     -    0s
     0     0 3302.78849    0  223          - 3302.78849      -     -    0s
     0     0 3328.63455    0  217          - 3328.63455      -     -    0s
     0     0 3346.31455    0  207          - 3346.31455      -     -    0s
     0     0 3359.99643    0  206          - 3359.99643      -     -    0s
     0     0 3360.00227    0  219          - 3360.00227      -     -    0s
     0     0 3407.60213    0  249          - 3407.60213      -     -    0s
     0     0 3419.93270    0  247          - 3419.93270      -     -    1s
     0     0 3422.14274    0  277          - 3422.14274      -     -    1s
     0     0 3422.30953    0  274          - 3422.30953      -     -    1s
     0     0 3538.98655    0  282          - 3538.98655      -     -    1s
     0     0 3542.68923    0  292          - 3542.68923      -     -    1s
     0     0 3543.58102    0  303          - 3543.58102      -     -    1s
     0     0 3569.42144    0  287          - 3569.42144      -     -    1s
     0     0 3576.31368    0  320          - 3576.31368      -     -    1s
     0     0 3577.92060    0  317          - 3577.92060      -     -    1s
     0     0 3585.51904    0  315          - 3585.51904      -     -    1s
     0     0 3585.51904    0  310          - 3585.51904      -     -    1s
     0     2 3587.16258    0  310          - 3587.16258      -     -    2s
    80    83 3871.05218   26  227          - 3592.30599      -   259    5s
   358   407 5123.60524   80   89          - 3592.30599      -   160   10s
*  476   496             196    6856.4800000 3592.30599  47.6%   132   10s
   595   559 6328.00310  147   66 6856.48000 3592.30599  47.6%   125   15s
H  673   596                    6708.4800000 3602.77231  46.3%   130   19s
   674   611 4036.86664    8  188 6708.48000 3602.77231  46.3%   130   20s
H  749   637                    6393.6200000 3602.77231  43.7%   129   24s
   751   638 5730.81470  119  163 6393.62000 3602.77231  43.7%   129   25s
H  761   612                    6343.1300000 3755.99347  40.8%   127   27s
H  767   585                    6207.6500000 3768.08527  39.3%   126   28s
   777   591 5829.78067  122  436 6207.65000 3776.17126  39.2%   124   30s
H  794   573                    6206.6500000 3779.18129  39.1%   133   35s
H  810   554                    6042.6500000 3779.29606  37.5%   130   39s
   814   557 4308.03701   29  432 6042.65000 3779.52481  37.5%   130   40s
   818   563 3790.58251   29  388 6042.65000 3780.95683  37.4%   137   45s
   843   580 3853.58271   36  367 6042.65000 3822.17311  36.7%   147   50s
   879   607 3935.45775   44  396 6042.65000 3822.17311  36.7%   157   55s
H  901   594                    5987.2900000 3822.17311  36.2%   161   56s
H  933   582                    5730.2900000 3822.17311  33.3%   166   58s
   956   609 4130.46967   59  246 5730.29000 3822.17311  33.3%   171   60s
  1081   707 4464.39780   85  206 5730.29000 3822.17311  33.3%   173   65s
  1252   816 4580.99108  134  156 5730.29000 3822.17311  33.3%   169   70s
H 1262   788                    5725.2900000 3822.17311  33.2%   168   70s
  1461   930 4676.66736  175  202 5725.29000 3822.17311  33.2%   165   75s
  1520   982 4900.02136  215  104 5725.29000 3822.17311  33.2%   163  128s
  1554  1028 4939.09746  224   86 5725.29000 3822.17311  33.2%   162  133s
  1680  1116 5221.72319  263   97 5725.29000 3822.17311  33.2%   159  135s
  1904  1120 4008.88113   34  261 5725.29000 3822.62105  33.2%   151  140s
  1956  1178 4318.52207   49  127 5725.29000 3822.62105  33.2%   156  145s
  2160  1377 4919.38242  113   60 5725.29000 3822.62105  33.2%   154  154s
  2262  1413 5273.61959  146   43 5725.29000 3854.20183  32.7%   151  156s
* 2324  1414             177    5706.6300000 3854.20183  32.5%   148  156s
H 2422  1174                    5055.8000000 3854.20183  23.8%   147  160s
  2566  1279 4441.02031   60  163 5055.80000 3854.20183  23.8%   147  165s
  2707  1386 5007.78030   61  148 5055.80000 3863.73120  23.6%   150  171s
  2850  1542 4473.85448   50  233 5055.80000 3863.73120  23.6%   150  182s
  2985  1579 4905.14927  159  148 5055.80000 3874.84130  23.4%   146  185s
  3179  1838 4554.40740   88  128 5055.80000 3883.46843  23.2%   148  192s
  3331  1862 4425.75501   37  285 5055.80000 3887.25854  23.1%   146  195s
  3405  1944 5022.25150   50   98 5055.80000 3887.35213  23.1%   150  200s
  3616  2098 4040.32537   34  297 5055.80000 3902.62314  22.8%   148  206s
  3665  2125 4565.39717   57  214 5055.80000 3903.60211  22.8%   150  210s
  3739  2210 4339.11259   46  294 5055.80000 3908.09059  22.7%   154  216s
  3793  2341 4684.51075   62   88 5055.80000 3908.09059  22.7%   156  220s
  3982  2420 4265.96461   47  389 5055.80000 3911.59144  22.6%   157  227s
H 4050  2459                    5034.8000000 3911.59144  22.3%   158  231s
  4126  2525 4837.85164   85   69 5034.80000 3929.28642  22.0%   160  235s
H 4228  2576                    5021.9700000 3929.41427  21.8%   160  239s
H 4249  2517                    4995.2900000 3929.41427  21.3%   160  239s
  4296  2561 4823.45886   67  227 4995.29000 3942.53874  21.1%   160  244s
  4316  2561 4286.43382   39  161 4995.29000 3942.53874  21.1%   161  245s
  4442  2705 4286.54890   43  357 4995.29000 3947.37415  21.0%   163  253s
  4576  2793 4520.50820   53  217 4995.29000 3951.27513  20.9%   162  258s
H 4658  2792                    4994.6100000 3951.27513  20.9%   161  259s
  4677  2923 4426.17197   56  121 4994.61000 3951.27513  20.9%   162  264s
  4735  2923 4636.59184   91   65 4994.61000 3951.27513  20.9%   162  265s
  4834  3031 infeasible  142      4994.61000 3953.93637  20.8%   160  270s
  4961  3109 4430.67514   44  269 4994.61000 3960.09484  20.7%   159  275s
  5062  3193 4521.42781   49  283 4994.61000 3961.62735  20.7%   160  280s
  5169  3230 4550.23045   40  221 4994.61000 3962.18116  20.7%   161  286s
  5238  3276 4381.44295   38  372 4994.61000 3978.79805  20.3%   163  292s
  5296  3324 4893.67916   62  221 4994.61000 3984.06265  20.2%   164  297s
H 5302  3283                    4976.6100000 3984.06265  19.9%   163  297s
  5361  3386 4449.18064   41  148 4976.61000 3986.33551  19.9%   165  303s
  5476  3494 4079.52336   37  353 4976.61000 3986.33551  19.9%   166  309s
  5564  3494 4849.72628   87  158 4976.61000 3986.33551  19.9%   167  310s
  5609  3605 4898.01958   86  193 4976.61000 3988.93546  19.8%   167  316s
  5759  3653 4139.62483   36  365 4976.61000 3989.70821  19.8%   167  323s
  5827  3709 4180.30560   42  483 4976.61000 3992.63461  19.8%   168  381s
  5907  3740 4430.39637   46  314 4976.61000 4001.33973  19.6%   170  404s
  5969  3928 4179.93049   41  388 4976.61000 4004.30007  19.5%   172  411s
  6164  3991     cutoff   93      4976.61000 4004.75658  19.5%   172  419s
  6249  4111 4547.88559   44  162 4976.61000 4007.05613  19.5%   174  426s
  6428  4157 4310.71366   44  338 4976.61000 4008.50281  19.5%   174  433s
  6494  4205 4625.81937   56  347 4976.61000 4008.60205  19.5%   176  440s
  6562  4251 4453.57523   43  376 4976.61000 4016.12452  19.3%   177  447s
H 6593  4234                    4969.0200000 4016.12452  19.2%   178  447s
  6626  4278 4852.68206   55  146 4969.02000 4016.52337  19.2%   179  455s
  6720  4347 4430.99773   53  261 4969.02000 4021.30945  19.1%   180  462s
  6815  4428 4630.60389   56  263 4969.02000 4023.60687  19.0%   181  469s
  6920  4490 4905.64960   80  166 4969.02000 4027.81255  18.9%   182  476s
  7002  4525 4871.65828   52  312 4969.02000 4028.29109  18.9%   183  483s
  7055  4624 4428.64055   48  234 4969.02000 4029.38661  18.9%   185  490s
  7167  4666 4876.74402   53  203 4969.02000 4029.50425  18.9%   186  499s
  7233  4743 4553.28068   53  436 4969.02000 4030.00839  18.9%   188  506s
  7338  4899 4611.50256   60  315 4969.02000 4033.67654  18.8%   189  517s
H 7535  3775                    4809.3400000 4037.64209  16.0%   189  527s
  7650  3827 4529.11009   50   98 4809.34000 4040.34640  16.0%   189  536s
  7750  3902 4582.21494   55  332 4809.34000 4042.83878  15.9%   190  545s
  7843  3945     cutoff   50      4809.34000 4047.72582  15.8%   192  555s
  7962  4015 4276.71958   39  266 4809.34000 4052.92488  15.7%   193  564s
  8095  4078 4394.02487   45  471 4809.34000 4054.66721  15.7%   194  573s
  8186  4167 4288.52608   38  271 4809.34000 4057.89561  15.6%   196  849s
  8313  4212 4378.87672   39  282 4809.34000 4060.11549  15.6%   196  859s
  8391  4261 4341.92971   40  456 4809.34000 4062.31456  15.5%   198  869s
  8464  4311 4791.50912   53  118 4809.34000 4062.65572  15.5%   200  879s
  8575  4361 4651.50701   51  349 4809.34000 4063.84822  15.5%   201  889s
  8664  4417 4411.30478   50  301 4809.34000 4066.93556  15.4%   203  900s
  8785  4505 4671.14230   50  275 4809.34000 4069.52661  15.4%   204  947s
  8923  4563 4387.20220   41  209 4809.34000 4071.66980  15.3%   206  959s
  9034  4643 4331.37217   40  204 4809.34000 4073.82887  15.3%   207  970s
  9152  4729     cutoff   53      4809.34000 4075.42913  15.3%   208  981s
  9270  4767 4337.86129   36  421 4809.34000 4077.02331  15.2%   210  992s
  9346  4815     cutoff   47      4809.34000 4077.21929  15.2%   212 1005s
  9427  4869 4607.52296   55  362 4809.34000 4079.37873  15.2%   213 1016s
  9520  4930 4675.81952   44  222 4809.34000 4081.14155  15.1%   215 1027s
  9667  5007 4381.32962   44  246 4809.34000 4084.86532  15.1%   216 1040s
  9802  5091 4758.79679   59  306 4809.34000 4085.94437  15.0%   217 1051s
  9927  5127     cutoff   57      4809.34000 4087.15867  15.0%   219 1115s
 10031  5202 4689.01583   45  396 4809.34000 4090.47986  14.9%   220 1127s
 10171  5276 4587.11642   50  325 4809.34000 4093.73831  14.9%   221 1139s
 10267  5411 4480.08680   50  411 4809.34000 4093.92553  14.9%   223 1151s
 10445  5494 4386.98416   40  359 4809.34000 4097.80346  14.8%   223 1163s
 10601  5609 4650.67762   48  197 4809.34000 4098.85881  14.8%   224 1177s
 10769  5695 4316.70472   36  403 4809.34000 4101.08476  14.7%   224 1193s
 10898  5790 4597.19421   39  250 4809.34000 4101.64009  14.7%   225 1207s
 11051  5844 4644.03881   54  234 4809.34000 4106.85652  14.6%   226 1219s
 11142  5918 4714.23945   58  365 4809.34000 4107.11992  14.6%   227 1231s
 11268  5971 4367.47539   41  437 4809.34000 4107.88057  14.6%   228 1243s
 11367  6010 4619.56796   40  312 4809.34000 4111.23039  14.5%   229 1256s
 11501  6071 4438.56777   41  193 4809.34000 4113.16190  14.5%   230 1327s
 11620  6129 4597.75011   55  335 4809.34000 4115.18453  14.4%   231 1340s
 11742  6225 4673.00673   53  341 4809.34000 4118.02231  14.4%   232 1353s
 11881  6304 4589.08663   51  351 4809.34000 4120.39549  14.3%   233 1366s
 11996  6357 4739.27793   63  302 4809.34000 4121.73339  14.3%   234 1379s
 12124  6451 4528.14509   50  294 4809.34000 4127.00888  14.2%   235 1393s
 12282  6566 4479.12093   52  303 4809.34000 4128.60401  14.2%   236 1406s
 12463  6711 4632.34234   62  251 4809.34000 4132.69529  14.1%   236 1447s
 12667  6801 4767.55046   59  236 4809.34000 4136.10156  14.0%   236 1460s
 12825  6909 4516.19652   39  135 4809.34000 4136.54066  14.0%   236 1474s
 12977  6960 4674.05532   48  257 4809.34000 4138.73928  13.9%   237 1488s
 13093  7085 4662.04092   48  115 4809.34000 4140.70265  13.9%   238 1502s
 13298  7154 4421.78311   48  212 4809.34000 4143.66558  13.8%   238 1613s
 13401  7216 4766.10204   57  424 4809.34000 4144.76190  13.8%   239 1627s
 13531  7277 4541.27771   48  417 4809.34000 4146.46678  13.8%   240 1640s
 13620  7335 4553.44418   63  440 4809.34000 4147.19136  13.8%   241 1683s
 13718  7443     cutoff   49      4809.34000 4148.50742  13.7%   242 1698s
 13916  7504 4334.88077   44  357 4809.34000 4151.91769  13.7%   243 1712s
 14047  7579 4473.39281   39  266 4809.34000 4153.64483  13.6%   243 1727s
 14175  7663 4701.92848   51  350 4809.34000 4154.09916  13.6%   244 1741s
 14326  7736 4471.53457   45  470 4809.34000 4155.28607  13.6%   245 1754s
 14459  7882 infeasible   82      4809.34000 4157.15953  13.6%   245 1787s
*14548  7793              58    4799.3000000 4159.51129  13.3%   245 1787s
*14549  7784              58    4798.3000000 4159.51129  13.3%   245 1787s
 14684  7849 4280.80182   37  289 4798.30000 4159.61923  13.3%   245 1801s
 14810  7977 4521.45833   49  262 4798.30000 4160.49861  13.3%   246 1815s
H14868  5883                    4681.3000000 4160.49861  11.1%   246 1816s
 14991  5900 4641.95400   53  281 4681.30000 4162.53197  11.1%   245 1829s
 15128  5956 4643.95454   41  332 4681.30000 4163.45299  11.1%   246 1845s
 15263  6008 4535.43875   42  343 4681.30000 4167.24952  11.0%   247 1859s
 15387  6068 4477.76201   46  251 4681.30000 4167.88494  11.0%   248 1872s
 15522  6146     cutoff   55      4681.30000 4169.49490  10.9%   248 1911s
 15652  6196 4656.66612   62  176 4681.30000 4171.37091  10.9%   249 1925s
 15775  6247 4634.78019   44  365 4681.30000 4173.27452  10.9%   250 1939s
 15902  6291 4491.79953   46  434 4681.30000 4176.62931  10.8%   251 1953s
 16007  6359 4623.59531   52  460 4681.30000 4178.94561  10.7%   252 1967s
 16144  6384 4475.02571   45  323 4681.30000 4180.85064  10.7%   253 1982s
 16262  6428     cutoff   48      4681.30000 4183.69837  10.6%   254 1996s
 16392  6527 4565.50512   45  370 4681.30000 4185.13616  10.6%   255 2015s
 16584  6585 4378.47573   41  290 4681.30000 4186.77267  10.6%   255 2029s
 16708  6615 4543.75038   40  324 4681.30000 4190.06259  10.5%   256 2076s
 16813  6650 4512.10411   45  406 4681.30000 4190.74923  10.5%   257 2089s
 16955  6725 4542.42479   63  306 4681.30000 4191.88063  10.5%   257 2104s
 17083  6789 4287.42255   37  426 4681.30000 4192.53087  10.4%   258 2212s
 17235  6850 4472.60812   49  447 4681.30000 4194.76142  10.4%   259 2227s
 17370  6888 4521.42293   45  336 4681.30000 4197.32578  10.3%   260 2242s
 17504  6929 4368.75733   41  462 4681.30000 4199.21116  10.3%   260 2257s
 17638  6964 4442.50621   46  282 4681.30000 4200.71745  10.3%   261 2273s
 17747  7002 4520.98089   43  392 4681.30000 4202.23090  10.2%   262 2288s
 17873  7055 4532.21132   48  443 4681.30000 4202.89696  10.2%   263 2476s
 18017  7120 4457.41268   43  423 4681.30000 4205.27191  10.2%   263 2491s
 18161  7161 4628.57571   58  444 4681.30000 4207.53337  10.1%   264 2506s
 18284  7210 4650.82958   51  282 4681.30000 4208.49018  10.1%   265 2521s
 18441  7270     cutoff   83      4681.30000 4209.84097  10.1%   265 2537s
 18616  7343 4428.17754   46  366 4681.30000 4210.97375  10.0%   266 2552s
 18763  7415 4557.73309   51  350 4681.30000 4212.32429  10.0%   266 2567s
 18909  7484 4634.26888   51  160 4681.30000 4214.18730  10.0%   267 2649s
 19066  7525 4567.49333   39  313 4681.30000 4218.30049  9.89%   267 2667s
 19203  7578 4419.44613   38  382 4681.30000 4218.57195  9.88%   268 2682s
 19334  7651 4614.49271   48  345 4681.30000 4221.79786  9.82%   269 2698s
 19489  7718 4538.15246   56  469 4681.30000 4223.66868  9.78%   269 2714s
 19635  7752 4469.09735   41  401 4681.30000 4226.41462  9.72%   270 2805s
H19669  6871                    4640.0500000 4226.41462  8.91%   270 2834s
 19705  6897 4523.16661   43  235 4640.05000 4227.43555  8.89%   271 2852s
 19803  6958     cutoff   43      4640.05000 4228.54119  8.87%   271 2868s
 19941  6987 4535.27173   43  271 4640.05000 4230.96102  8.82%   272 2885s
 20090  7041 4531.62304   46  304 4640.05000 4232.03216  8.79%   272 2901s
 20226  7085 4430.84241   49  364 4640.05000 4233.16520  8.77%   273 2962s
 20385  7148 4504.36574   48  225 4640.05000 4235.83257  8.71%   274 2979s
 20567  7212 4425.13618   44  307 4640.05000 4237.34343  8.68%   274 2996s
 20741  7263 4405.82284   39  295 4640.05000 4237.86854  8.67%   275 3107s
 20895  7320     cutoff   48      4640.05000 4239.23280  8.64%   275 3124s
 20999  7320 4552.20387   48  276 4640.05000 4241.09588  8.60%   275 3125s
 21064  7375 4513.81096   48  324 4640.05000 4241.22095  8.60%   276 3160s
 21134  7375 4342.09460   41  310 4640.05000 4242.14063  8.58%   276 3205s
 21214  7411 4581.90312   56  272 4640.05000 4243.24715  8.55%   276 3222s
 21350  7465 4539.98968   57  427 4640.05000 4244.86934  8.52%   277 3238s
 21512  7553 4425.18384   41  313 4640.05000 4246.30745  8.49%   278 3255s
 21717  7624     cutoff   79      4640.05000 4247.55135  8.46%   278 3272s
 21796  7624 4580.56898   46  290 4640.05000 4250.01830  8.41%   278 3333s
 21895  7685 4577.41301   55  228 4640.05000 4250.13156  8.40%   278 3349s
 22096  7743 4416.56803   42  423 4640.05000 4251.73048  8.37%   278 3367s
 22254  7781 4490.06436   43  325 4640.05000 4253.95666  8.32%   279 3386s
 22414  7844 4383.13189   44  475 4640.05000 4257.26429  8.25%   279 3404s
 22602  7893 4467.68856   36  365 4640.05000 4259.11934  8.21%   279 3493s
 22792  7943 4618.76445   75  213 4640.05000 4260.80581  8.17%   280 3510s
 22951  7991     cutoff   53      4640.05000 4262.94178  8.13%   280 3527s
 23093  8043 4620.96829   50  205 4640.05000 4265.36837  8.07%   281 3543s
 23265  8068 4612.00816   51  385 4640.05000 4268.74704  8.00%   281 3560s
 23436  8121     cutoff   49      4640.05000 4269.64481  7.98%   282 3575s
 23513  8121 4535.99039   51  429 4640.05000 4271.50772  7.94%   282 3608s

Cutting planes:
  User: 5232
  Gomory: 23
  Cover: 332
  Implied bound: 132
  Projected implied bound: 2
  Clique: 23
  MIR: 60
  StrongCG: 1
  Flow cover: 210
  GUB cover: 4
  Zero half: 13
  Mod-K: 1
  RLT: 157
  Relax-and-lift: 11
  Lazy constraints: 349

Explored 23586 nodes (6660828 simplex iterations) in 3608.44 seconds
Thread count was 2 (of 32 available processors)

Solution count 10: 4640.05 4681.3 4798.3 ... 5021.97

Time limit reached
Best objective 4.640050000000e+03, best bound 4.271507719638e+03, gap 7.9426%

User-callback calls 170263, time in user-callback 779.45 sec
================================================================================
executing instance: ./input/Instances/Original/4/absH3low_3n10.dat
--------------------------------------------------------------------------------
Instance details
n	11
H	3
C	687
Li:
[0, 0, 0, 0, 0, 0, 0, 0, 0, 0, 0, ]
Ui:
[0, 189, 44, 174, 78, 36, 198, 117, 42, 96, 240, ]
Distance matrix:
|0	209	255	286	142	156	285	317	182	161	135	|
|209	0	464	451	315	356	490	469	361	299	260	|
|255	464	0	221	202	130	74	280	189	254	273	|
|286	451	221	0	145	156	164	479	354	153	192	|
|142	315	202	145	0	73	194	388	250	53	73	|
|156	356	130	156	73	0	134	332	200	127	144	|
|285	490	74	164	194	134	0	353	256	239	267	|
|317	469	280	479	388	332	353	0	141	436	430	|
|182	361	189	354	250	200	256	141	0	296	289	|
|161	299	254	153	53	127	239	436	296	0	39	|
|135	260	273	192	73	144	267	430	289	39	0	|

--------------------------------------------------------------------------------
Building model...
	using lazy and cut (CVRPSEP package)
Solving IRP LP...
--------------------------------------------------------------------------------

Gurobi 9.1.0 (linux64) logging started Fri Feb 12 20:22:22 2021

Gurobi Optimizer version 9.1.0 build v9.1.0rc0 (linux64)
Thread count: 32 physical cores, 32 logical processors, using up to 2 threads
Optimize a model with 419 rows, 956 columns and 2858 nonzeros
Model fingerprint: 0x0deb6608
Variable types: 164 continuous, 792 integer (132 binary)
Coefficient statistics:
  Matrix range     [1e+00, 2e+02]
  Objective range  [1e-02, 5e+02]
  Bounds range     [1e+00, 2e+02]
  RHS range        [1e+00, 1e+03]
Presolve removed 139 rows and 177 columns
Presolve time: 0.04s
Presolved: 280 rows, 779 columns, 2084 nonzeros
Variable types: 89 continuous, 690 integer (573 binary)
Found heuristic solution: objective 6165.6700000
Found heuristic solution: objective 6163.7800000

Root relaxation: objective 1.973811e+03, 525 iterations, 0.01 seconds

    Nodes    |    Current Node    |     Objective Bounds      |     Work
 Expl Unexpl |  Obj  Depth IntInf | Incumbent    BestBd   Gap | It/Node Time

     0     0 1973.81061    0   60 6163.78000 1973.81061  68.0%     -    0s
H    0     0                    5923.5600000 1973.81061  66.7%     -    0s
     0     0 2275.53837    0   91 5923.56000 2275.53837  61.6%     -    0s
H    0     0                    5545.6800000 2275.53837  59.0%     -    0s
     0     0 2283.56736    0   89 5545.68000 2283.56736  58.8%     -    0s
     0     0 2559.71279    0   43 5545.68000 2559.71279  53.8%     -    0s
     0     0 2579.92158    0  109 5545.68000 2579.92158  53.5%     -    0s
     0     0 2583.47616    0   80 5545.68000 2583.47616  53.4%     -    0s
     0     0 2583.64072    0   93 5545.68000 2583.64072  53.4%     -    0s
     0     0 2699.82788    0   77 5545.68000 2699.82788  51.3%     -    0s
H    0     0                    5238.6800000 2699.82788  48.5%     -    0s
     0     0 2703.96422    0  101 5238.68000 2703.96422  48.4%     -    0s
     0     0 2705.37742    0   88 5238.68000 2705.37742  48.4%     -    0s
     0     0 2706.62023    0   91 5238.68000 2706.62023  48.3%     -    0s
     0     0 2706.62023    0   91 5238.68000 2706.62023  48.3%     -    0s
     0     0 2756.56551    0  122 5238.68000 2756.56551  47.4%     -    0s
H    0     0                    5031.6800000 2756.56551  45.2%     -    0s
     0     0 2765.03136    0  110 5031.68000 2765.03136  45.0%     -    0s
     0     0 2766.00572    0  112 5031.68000 2766.00572  45.0%     -    0s
     0     0 2800.85739    0  140 5031.68000 2800.85739  44.3%     -    0s
H    0     0                    3521.1000000 2800.85739  20.5%     -    0s
H    0     0                    3190.1000000 2800.85739  12.2%     -    0s
     0     0 2806.39128    0  153 3190.10000 2806.39128  12.0%     -    0s
     0     0 2806.58111    0  156 3190.10000 2806.58111  12.0%     -    0s
     0     0 2812.25901    0   81 3190.10000 2812.25901  11.8%     -    0s
     0     0 2812.93968    0   80 3190.10000 2812.93968  11.8%     -    0s
     0     0 2813.27163    0   90 3190.10000 2813.27163  11.8%     -    0s
     0     0 2813.27163    0   90 3190.10000 2813.27163  11.8%     -    0s
     0     2 2826.48319    0   86 3190.10000 2826.48319  11.4%     -    0s
H   88    58                    3111.1000000 2877.97744  7.49%  42.3    0s

Cutting planes:
  User: 33
  Gomory: 2
  Cover: 78
  Implied bound: 46
  Clique: 16
  MIR: 49
  StrongCG: 7
  Flow cover: 46
  GUB cover: 1
  Network: 5
  RLT: 62
  Relax-and-lift: 21
  Lazy constraints: 6

Explored 384 nodes (15708 simplex iterations) in 1.48 seconds
Thread count was 2 (of 32 available processors)

Solution count 9: 3111.1 3190.1 3521.1 ... 6165.67

Optimal solution found (tolerance 1.00e-04)
Best objective 3.111100000000e+03, best bound 3.111100000000e+03, gap 0.0000%

User-callback calls 1309, time in user-callback 0.10 sec
================================================================================
executing instance: ./input/Instances/Original/4/absH3low_3n15.dat
--------------------------------------------------------------------------------
Instance details
n	16
H	3
C	1267
Li:
[0, 0, 0, 0, 0, 0, 0, 0, 0, 0, 0, 0, 0, 0, 0, 0, ]
Ui:
[0, 156, 267, 148, 144, 87, 33, 171, 76, 141, 270, 282, 60, 110, 172, 57, ]
Distance matrix:
|0	229	567	76	58	96	306	409	310	423	108	346	165	347	159	256	|
|229	0	482	243	279	155	375	525	251	419	158	373	65	123	329	246	|
|567	482	0	506	622	483	342	439	259	200	467	274	486	433	501	312	|
|76	243	506	0	119	88	230	337	255	352	88	272	179	347	94	194	|
|58	279	622	119	0	154	345	431	366	471	166	391	217	399	179	310	|
|96	155	483	88	154	0	266	397	224	358	17	289	92	262	176	179	|
|306	375	342	230	345	266	0	158	184	148	251	68	332	423	181	140	|
|409	525	439	337	431	397	158	0	340	244	386	201	476	581	253	298	|
|310	251	259	255	366	224	184	340	0	170	208	146	238	257	274	66	|
|423	419	200	352	471	358	148	244	170	0	341	84	396	424	323	182	|
|108	158	467	88	166	17	251	386	208	341	0	273	96	259	172	162	|
|346	373	274	272	391	289	68	201	146	84	273	0	340	400	239	127	|
|165	65	486	179	217	92	332	476	238	396	96	340	0	182	267	216	|
|347	123	433	347	399	262	423	581	257	424	259	400	182	0	423	283	|
|159	329	501	94	179	176	181	253	274	323	172	239	267	423	0	208	|
|256	246	312	194	310	179	140	298	66	182	162	127	216	283	208	0	|

--------------------------------------------------------------------------------
Building model...
	using lazy and cut (CVRPSEP package)
Solving IRP LP...
--------------------------------------------------------------------------------

Gurobi 9.1.0 (linux64) logging started Fri Feb 12 20:22:35 2021

Gurobi Optimizer version 9.1.0 build v9.1.0rc0 (linux64)
Thread count: 32 physical cores, 32 logical processors, using up to 2 threads
Optimize a model with 604 rows, 1876 columns and 5179 nonzeros
Model fingerprint: 0xbadd289a
Variable types: 244 continuous, 1632 integer (192 binary)
Coefficient statistics:
  Matrix range     [1e+00, 3e+02]
  Objective range  [1e-02, 6e+02]
  Bounds range     [1e+00, 3e+02]
  RHS range        [1e+00, 2e+03]
Presolve removed 194 rows and 370 columns
Presolve time: 0.06s
Presolved: 410 rows, 1506 columns, 3790 nonzeros
Variable types: 136 continuous, 1370 integer (1199 binary)

Root relaxation: objective 1.933869e+03, 645 iterations, 0.01 seconds

    Nodes    |    Current Node    |     Objective Bounds      |     Work
 Expl Unexpl |  Obj  Depth IntInf | Incumbent    BestBd   Gap | It/Node Time

     0     0 1933.86943    0   93          - 1933.86943      -     -    0s
H    0     0                    8230.8000000 1933.86943  76.5%     -    0s
     0     0 2243.06434    0   79 8230.80000 2243.06434  72.7%     -    0s
H    0     0                    6880.8800000 2243.06434  67.4%     -    0s
     0     0 2725.01559    0   98 6880.88000 2725.01559  60.4%     -    0s
H    0     0                    4982.4600000 2725.01559  45.3%     -    0s
     0     0 2736.98797    0  100 4982.46000 2736.98797  45.1%     -    0s
     0     0 2752.98337    0  103 4982.46000 2752.98337  44.7%     -    0s
     0     0 2896.70748    0  165 4982.46000 2896.70748  41.9%     -    0s
     0     0 2923.63438    0  171 4982.46000 2923.63438  41.3%     -    0s
     0     0 2924.32755    0  172 4982.46000 2924.32755  41.3%     -    0s
     0     0 2975.12384    0  181 4982.46000 2975.12384  40.3%     -    0s
     0     0 2977.24914    0  160 4982.46000 2977.24914  40.2%     -    0s
     0     0 2978.89307    0  192 4982.46000 2978.89307  40.2%     -    0s
     0     0 2978.95103    0  183 4982.46000 2978.95103  40.2%     -    0s
     0     0 2992.83873    0  205 4982.46000 2992.83873  39.9%     -    0s
     0     0 2995.72872    0  190 4982.46000 2995.72872  39.9%     -    0s
     0     0 2996.15608    0  197 4982.46000 2996.15608  39.9%     -    0s
     0     0 3015.24812    0  142 4982.46000 3015.24812  39.5%     -    0s
     0     0 3016.12404    0  195 4982.46000 3016.12404  39.5%     -    0s
     0     0 3018.01043    0  126 4982.46000 3018.01043  39.4%     -    0s
     0     0 3018.86879    0  171 4982.46000 3018.86879  39.4%     -    0s
     0     0 3021.09110    0  174 4982.46000 3021.09110  39.4%     -    0s
     0     0 3021.09110    0  174 4982.46000 3021.09110  39.4%     -    0s
     0     2 3021.80711    0  198 4982.46000 3021.80711  39.4%     -    0s
H  117   123                    4786.4600000 3068.90231  35.9%   143    2s
H  429   369                    4621.2000000 3094.53044  33.0%   110    4s
   477   429 3686.68794    9  143 4621.20000 3135.72420  32.1%   115    5s
*  690   563              22    4513.2900000 3135.72420  30.5%   102    6s
H  759   570                    4508.2900000 3160.26905  29.9%  98.0    7s
H  774   551                    4466.2900000 3160.26905  29.2%  96.1    8s
H  779   526                    4387.7300000 3160.26905  28.0%  95.5    9s
   783   532 3160.26905   12  266 4387.73000 3160.26905  28.0%   101   10s
H  831   537                    4201.6900000 3237.72425  22.9%   112   12s
H  917   544                    4047.9900000 3237.72425  20.0%   113   12s
H  933   516                    4033.9499331 3269.40868  19.0%   114   13s
  1090   565 3871.59211   18  105 4033.94993 3295.96679  18.3%   119   15s
  1457   645 3692.37881   17  163 4033.94993 3438.92682  14.8%   132   20s
H 1717   677                    4033.9496666 3483.81242  13.6%   133   22s
  1922   699 3814.48950   20  206 4033.94967 3517.65691  12.8%   132  108s
  1987   712     cutoff   19      4033.94967 3523.58562  12.7%   134  110s
  2446   911 3996.87632   39  159 4033.94967 3565.11858  11.6%   135  115s
  2957  1100 3999.02063   31  123 4033.94967 3602.91457  10.7%   132  120s
  3325  1240 3837.38115   29  122 4033.94967 3620.49134  10.2%   134  125s
  3844  1440     cutoff   32      4033.94967 3648.31404  9.56%   134  131s
  4225  1561 3979.51166   35   46 4033.94967 3661.18797  9.24%   134  135s
  4763  1733 3853.62962   24   86 4033.94967 3676.34187  8.86%   133  141s
* 4822  1687              41    3990.1200000 3676.34187  7.86%   133  141s
* 5140  1704              46    3980.3000000 3690.76032  7.27%   133  144s
H 5164  1524                    3938.5600000 3690.76032  6.29%   133  177s
  5491  1530     cutoff   33      3938.56000 3704.36280  5.95%   133  181s
  5995  1490 3847.58491   29  208 3938.56000 3727.53000  5.36%   134  186s
  6339  1455     cutoff   31      3938.56000 3745.17454  4.91%   134  190s
H 6340  1344                    3924.5200000 3745.17454  4.57%   134  190s
* 6370   755              35    3851.4600000 3745.17454  2.76%   134  190s
  7019   274     cutoff   19      3851.46000 3801.64810  1.29%   130  195s
H 7078   248                    3848.4600000 3801.64810  1.22%   130  195s

Cutting planes:
  User: 1182
  Gomory: 4
  Cover: 160
  Implied bound: 108
  Projected implied bound: 11
  Clique: 27
  MIR: 94
  StrongCG: 3
  Flow cover: 148
  Inf proof: 3
  Zero half: 2
  Mod-K: 1
  RLT: 149
  Relax-and-lift: 14
  Lazy constraints: 127

Explored 7424 nodes (933913 simplex iterations) in 196.05 seconds
Thread count was 2 (of 32 available processors)

Solution count 10: 3848.46 3851.46 3924.52 ... 4387.73

Optimal solution found (tolerance 1.00e-04)
Best objective 3.848460000000e+03, best bound 3.848460000000e+03, gap 0.0000%

User-callback calls 26119, time in user-callback 107.35 sec
================================================================================
executing instance: ./input/Instances/Original/4/absH3low_2n45.dat
--------------------------------------------------------------------------------
Instance details
n	46
H	3
C	3171
Li:
[0, 0, 0, 0, 0, 0, 0, 0, 0, 0, 0, 0, 0, 0, 0, 0, 0, 0, 0, 0, 0, 0, 0, 0, 0, 0, 0, 0, 0, 0, 0, 0, 0, 0, 0, 0, 0, 0, 0, 0, 0, 0, 0, 0, 0, 0, ]
Ui:
[0, 246, 160, 78, 20, 87, 144, 40, 20, 82, 60, 96, 24, 136, 160, 108, 160, 26, 228, 51, 24, 240, 231, 70, 32, 105, 174, 114, 246, 126, 132, 76, 22, 42, 255, 132, 148, 162, 66, 111, 102, 240, 123, 201, 297, 78, ]
Distance matrix:
|0	148	402	550	329	420	187	318	366	280	504	273	233	333	112	344	379	481	113	593	159	523	261	424	90	359	163	461	413	240	105	299	265	89	371	462	339	273	495	22	41	439	369	506	563	468	|
|148	0	284	517	394	284	136	369	244	311	496	166	329	355	223	202	338	388	204	565	254	506	118	346	71	423	173	471	336	118	105	352	198	105	248	428	302	305	487	153	179	441	230	497	517	370	|
|402	284	0	350	448	80	228	406	42	343	382	129	456	350	412	126	219	131	382	395	410	371	180	137	314	466	289	400	137	167	389	401	169	316	39	280	217	342	373	394	414	362	108	380	324	106	|
|550	517	350	0	339	429	385	308	374	295	93	375	431	249	481	461	180	239	458	48	445	57	474	214	496	333	387	160	216	424	601	321	320	471	376	90	217	301	93	530	534	146	452	88	52	262	|
|329	394	448	339	0	513	282	42	438	105	255	363	115	108	221	484	259	431	217	365	172	289	436	362	333	30	224	189	353	380	423	47	291	296	443	285	240	107	251	307	294	193	495	260	378	437	|
|420	284	80	429	513	0	267	473	76	408	462	163	509	421	449	86	298	201	421	474	455	451	167	217	330	533	333	478	217	181	386	466	225	341	70	360	291	406	453	416	438	440	59	460	400	176	|
