




arguments: ./build/bc_mirp -f ./input/orig_exec_132.cfg
Current dir: /scratch/gui/bc_mirp
File verbosity level: 9
date       time         ( uptime  ) [ thread name/id ]                   file:line     v| 
2021-02-07 22:10:41.989 (   0.072s) [main thread     ]             loguru.cpp:789   INFO| Logging to './output/vi_vc+lex_quarter/OU/V4/Original/execution_07_02_2021_22_10_41.log', mode: 'a', verbosity: 9
--------------------------------------------------------------------------------
Parameters
                           instance_path           ./input/Instances/Original/3/
                            model_policy                                       1
                             nb_vehicles                                       4
                              output_dir./output/vi_vc+lex_quarter/OU/V4/Original/
                            sec_strategy                                       1
                       solver_nb_threads                                       2
                         solver_show_log                                    true
                       solver_time_limit                                    3600
                              use_vi_cos                                   false
                              use_vi_cus                                   false
                         use_vi_hc1_full                                   false
                         use_vi_hc1_half                                   false
                      use_vi_hc1_quarter                                   false
                              use_vi_hc2                                   false
                              use_vi_hc3                                   false
                         use_vi_lex_full                                   false
                         use_vi_lex_half                                   false
                      use_vi_lex_quarter                                    true
                              use_vi_qua                                   false
                               use_vi_vc                                    true
                               use_vi_vr                                   false
--------------------------------------------------------------------------------
executing instance: ./input/Instances/Original/3/absH3low_2n5.dat
--------------------------------------------------------------------------------
Instance details
n	6
H	3
C	237
Li:
[0, 0, 0, 0, 0, 0, ]
Ui:
[0, 93, 180, 51, 114, 24, ]
Distance matrix:
|0	170	318	35	112	235	|
|170	0	311	205	258	301	|
|318	311	0	326	278	137	|
|35	205	326	0	89	230	|
|112	258	278	89	0	160	|
|235	301	137	230	160	0	|

--------------------------------------------------------------------------------
Building model...
	using lazy and cut (CVRPSEP package)
Solving IRP LP...
--------------------------------------------------------------------------------

Gurobi 9.1.0 (linux64) logging started Sun Feb  7 22:10:42 2021

Gurobi Optimizer version 9.1.0 build v9.1.0rc0 (linux64)
Thread count: 32 physical cores, 32 logical processors, using up to 2 threads
Optimize a model with 234 rows, 336 columns and 1155 nonzeros
Model fingerprint: 0xb01f1e7e
Variable types: 84 continuous, 252 integer (72 binary)
Coefficient statistics:
  Matrix range     [1e+00, 2e+02]
  Objective range  [1e-02, 3e+02]
  Bounds range     [1e+00, 2e+02]
  RHS range        [1e+00, 5e+02]
Presolve removed 33 rows and 30 columns
Presolve time: 0.00s

Explored 0 nodes (0 simplex iterations) in 0.01 seconds
Thread count was 1 (of 32 available processors)

Solution count 0

Model is infeasible
Best objective -, best bound -, gap -

User-callback calls 31, time in user-callback 0.00 sec

Computing Irreducible Inconsistent Subsystem (IIS)...

           Constraints          |            Bounds           |  Runtime
      Min       Max     Guess   |   Min       Max     Guess   |
--------------------------------------------------------------------------
        0       234         -         0       464         -           0s
       30        30         -        49        49         -           0s

IIS computed: 30 constraints, 49 bounds
IIS runtime: 0.39 seconds
================================================================================
executing instance: ./input/Instances/Original/3/absH3high_5n30.dat
--------------------------------------------------------------------------------
Instance details
n	31
H	3
C	2296
Li:
[0, 0, 0, 0, 0, 0, 0, 0, 0, 0, 0, 0, 0, 0, 0, 0, 0, 0, 0, 0, 0, 0, 0, 0, 0, 0, 0, 0, 0, 0, 0, ]
Ui:
[0, 80, 90, 297, 28, 264, 123, 192, 112, 32, 72, 88, 294, 129, 126, 105, 110, 237, 246, 92, 72, 147, 54, 96, 128, 96, 84, 28, 74, 196, 192, ]
Distance matrix:
|0	87	302	65	389	171	219	120	412	339	129	63	169	401	383	158	393	161	246	275	64	287	345	235	13	274	106	201	85	358	135	|
|87	0	334	128	402	212	301	204	465	384	187	145	232	424	454	238	475	245	289	352	80	307	352	321	81	352	20	261	170	376	215	|
|302	334	0	239	113	132	237	334	157	70	404	263	162	105	227	229	339	251	65	217	259	53	107	352	293	220	339	134	270	75	235	|
|65	128	239	0	330	107	175	130	348	275	174	40	107	339	326	114	351	125	181	224	58	228	290	222	58	224	143	138	65	297	92	|
|389	402	113	330	0	226	349	438	210	151	502	360	269	48	316	339	441	362	175	328	335	102	55	465	377	330	401	245	371	37	342	|
|171	212	132	107	226	0	169	214	253	173	276	134	64	233	261	130	326	153	77	188	133	125	192	264	162	190	220	68	145	193	125	|
|219	301	237	175	349	169	0	157	257	223	244	157	105	334	180	62	175	61	177	63	233	264	334	118	221	61	317	112	136	312	85	|
|120	204	334	130	438	214	157	0	402	348	88	90	173	438	336	115	307	100	269	220	172	338	406	122	130	218	224	204	69	403	101	|
|412	465	157	348	210	253	257	402	0	88	486	359	245	166	129	287	266	303	178	204	386	208	239	370	406	207	473	212	354	187	304	|
|339	384	70	275	151	173	223	348	88	0	427	291	179	120	166	234	290	254	96	187	306	123	166	342	332	190	391	145	291	119	247	|
|129	187	404	174	502	276	244	88	486	427	0	142	248	508	424	200	390	187	342	308	193	400	464	192	142	306	207	281	136	469	182	|
|63	145	263	40	360	134	157	90	359	291	142	0	114	366	321	95	331	99	202	212	90	258	323	186	65	211	163	148	27	327	72	|
|169	232	162	107	269	64	105	173	245	179	248	114	0	266	222	71	268	94	97	131	155	173	244	203	164	132	245	34	113	233	73	|
|401	424	105	339	48	233	334	438	166	120	508	366	266	0	280	332	409	355	169	305	353	117	96	452	391	308	425	237	374	49	339	|
|383	454	227	326	316	261	180	336	129	166	424	321	222	280	0	231	137	238	208	116	376	277	331	272	381	118	467	197	307	285	253	|
|158	238	229	114	339	130	62	115	287	234	200	95	71	332	231	0	238	23	164	118	171	243	314	134	159	117	255	95	77	302	23	|
|393	475	339	351	441	326	175	307	266	290	390	331	268	409	137	238	0	232	300	138	408	383	445	204	395	136	492	258	308	406	260	|
|161	245	251	125	362	153	61	100	303	254	187	99	94	355	238	23	232	0	187	123	183	267	338	111	164	121	262	117	77	325	34	|
|246	289	65	181	175	77	177	269	178	96	342	202	97	169	208	164	300	187	0	168	210	87	157	290	238	171	296	70	206	138	170	|
|275	352	217	224	328	188	63	220	204	187	308	212	131	305	116	118	138	123	168	0	279	255	322	166	275	3	367	120	195	291	141	|
|64	80	259	58	335	133	233	172	386	306	193	90	155	353	376	171	408	183	210	279	0	236	289	276	51	279	90	182	117	307	150	|
|287	307	53	228	102	125	264	338	208	123	400	258	173	117	277	243	383	267	87	255	236	0	71	374	276	257	308	153	270	71	245	|
|345	352	107	290	55	192	334	406	239	166	464	323	244	96	331	314	445	338	157	322	289	71	0	445	334	325	350	224	337	54	315	|
|235	321	352	222	465	264	118	122	370	342	192	186	203	452	272	134	204	111	290	166	276	374	445	0	243	164	341	221	159	428	142	|
|13	81	293	58	377	162	221	130	406	332	142	65	164	391	381	159	395	164	238	275	51	276	334	243	0	274	100	196	89	347	136	|
|274	352	220	224	330	190	61	218	207	190	306	211	132	308	118	117	136	121	171	3	279	257	325	164	274	0	367	122	194	294	140	|
|106	20	339	143	401	220	317	224	473	391	207	163	245	425	467	255	492	262	296	367	90	308	350	341	100	367	0	272	188	377	232	|
|201	261	134	138	245	68	112	204	212	145	281	148	34	237	197	95	258	117	70	120	182	153	224	221	196	122	272	0	146	208	103	|
|85	170	270	65	371	145	136	69	354	291	136	27	113	374	307	77	308	77	206	195	117	270	337	159	89	194	188	146	0	337	54	|
|358	376	75	297	37	193	312	403	187	119	469	327	233	49	285	302	406	325	138	291	307	71	54	428	347	294	377	208	337	0	306	|
|135	215	235	92	342	125	85	101	304	247	182	72	73	339	253	23	260	34	170	141	150	245	315	142	136	140	232	103	54	306	0	|

--------------------------------------------------------------------------------
Building model...
	using lazy and cut (CVRPSEP package)
Solving IRP LP...
--------------------------------------------------------------------------------

Gurobi 9.1.0 (linux64) logging started Sun Feb  7 22:10:42 2021

Gurobi Optimizer version 9.1.0 build v9.1.0rc0 (linux64)
Thread count: 32 physical cores, 32 logical processors, using up to 2 threads
Optimize a model with 1159 rows, 6436 columns and 15688 nonzeros
Model fingerprint: 0x3d04bdcd
Variable types: 484 continuous, 5952 integer (372 binary)
Coefficient statistics:
  Matrix range     [1e+00, 6e+02]
  Objective range  [1e-01, 5e+02]
  Bounds range     [1e+00, 3e+02]
  RHS range        [1e+00, 4e+03]
Presolve removed 341 rows and 715 columns
Presolve time: 0.13s
Presolved: 818 rows, 5721 columns, 12957 nonzeros
Variable types: 286 continuous, 5435 integer (5077 binary)

Root relaxation: objective 9.007702e+03, 918 iterations, 0.02 seconds

    Nodes    |    Current Node    |     Objective Bounds      |     Work
 Expl Unexpl |  Obj  Depth IntInf | Incumbent    BestBd   Gap | It/Node Time

     0     0 9007.70178    0  133          - 9007.70178      -     -    0s
     0     0 9369.61660    0  113          - 9369.61660      -     -    0s
     0     0 9376.42047    0  111          - 9376.42047      -     -    0s
     0     0 9389.25869    0  119          - 9389.25869      -     -    0s
     0     0 9394.55108    0  132          - 9394.55108      -     -    0s
     0     0 9752.90365    0  134          - 9752.90365      -     -    0s
     0     0 9752.98262    0  125          - 9752.98262      -     -    0s
     0     0 9892.45873    0  236          - 9892.45873      -     -    0s
     0     0 9902.61996    0  208          - 9902.61996      -     -    0s
     0     0 9906.36526    0  237          - 9906.36526      -     -    0s
     0     0 9906.65115    0  239          - 9906.65115      -     -    0s
     0     0 9971.64645    0  282          - 9971.64645      -     -    0s
     0     0 9974.40494    0  271          - 9974.40494      -     -    1s
     0     0 9974.87970    0  269          - 9974.87970      -     -    1s
     0     0 9995.02425    0  301          - 9995.02425      -     -    1s
     0     0 9997.18747    0  265          - 9997.18747      -     -    1s
     0     0 9998.67770    0  276          - 9998.67770      -     -    1s
     0     0 10004.6162    0  309          - 10004.6162      -     -    2s
     0     0 10004.6162    0  308          - 10004.6162      -     -    2s
     0     2 10009.9630    0  308          - 10009.9630      -     -    2s
    59    65 10190.9218   18  255          - 10010.1631      -   269    5s
   396   395 11533.6958   67  113          - 10010.1631      -   136   10s
*  485   470             204    15544.480000 10010.1631  35.6%   122   11s
*  486   470             205    15190.480000 10010.1631  34.1%   122   11s
   519   522 infeasible  112      15190.4800 10010.1631  34.1%   130   15s
   692   695 13992.8750  224   28 15190.4800 10010.1631  34.1%   119   20s
H  748   687                    14966.080000 10010.1631  33.1%   117   23s
   753   690 10743.0901   40  396 14966.0800 10058.7434  32.8%   116   25s
   782   709 10122.8230    9  370 14966.0800 10122.8230  32.4%   111   30s
   809   729 11865.5378   93  348 14966.0800 10126.0790  32.3%   119   36s
   825   740 10127.9916   14  372 14966.0800 10127.9916  32.3%   116   42s
H  842   712                    14963.960000 10136.3501  32.3%   114   45s
H  848   679                    14819.960000 10138.5423  31.6%   113   47s
   860   687 14320.5791  241  434 14819.9600 10138.9425  31.6%   112   50s
   865   693 10157.2325   23  404 14819.9600 10149.4496  31.5%   122   56s
   889   709 10247.5067   28  335 14819.9600 10154.2640  31.5%   130   60s
   917   729 10237.2527   35  362 14819.9600 10154.2640  31.5%   142   66s
   949   749 10300.2795   42  379 14819.9600 10154.2640  31.5%   151   70s
H  996   749                    14299.680000 10154.2640  29.0%   160   74s
  1001   754 10402.0011   51  252 14299.6800 10154.2640  29.0%   161   75s
  1043   784 10451.8225   60  317 14299.6800 10154.2640  29.0%   170   80s
  1072   807 10618.9515   66  278 14299.6800 10154.2640  29.0%   176   85s
  1135   846 10591.1723   84  259 14299.6800 10154.2640  29.0%   186   90s
  1175   876 10916.6500   94  266 14299.6800 10154.2640  29.0%   194   95s
  1237   914 10723.4843  111  306 14299.6800 10154.2640  29.0%   205  101s
  1279   948 10824.6993  122  300 14299.6800 10154.2640  29.0%   212  106s
  1318   986 10969.3774  130  265 14299.6800 10154.2640  29.0%   216  110s
  1387  1028 10966.9570  147  265 14299.6800 10154.2640  29.0%   222  116s
  1443  1069 10991.3807  161  262 14299.6800 10154.2640  29.0%   227  120s
  1507  1089 11032.7578  177  247 14299.6800 10154.2640  29.0%   232  125s
  1545  1140 11221.7043  187  269 14299.6800 10154.2640  29.0%   236  130s
  1617  1192 11331.1255  204  218 14299.6800 10154.2640  29.0%   241  136s
  1699  1245 11419.9982  225  203 14299.6800 10154.2640  29.0%   246  141s
  1787  1314 11785.2051  251  183 14299.6800 10154.2640  29.0%   250  147s
  1830  1396 12119.6224  263  108 14299.6800 10154.2640  29.0%   250  151s
  1928  1460 13190.0325  298   48 14299.6800 10154.2640  29.0%   247  155s
  2064  1467 11979.4349  297  121 14299.6800 10154.2640  29.0%   240  160s
  2329  1599 13778.3512  410   70 14299.6800 10154.3523  29.0%   224  166s
  2388  1605 10284.9807   30  343 14299.6800 10178.8247  28.8%   226  171s
  2412  1624 10390.2826   36  321 14299.6800 10178.8247  28.8%   232  177s
  2426  1635 10421.5158   39  280 14299.6800 10178.8247  28.8%   234  180s
  2442  1658 10572.8449   43  205 14299.6800 10178.8247  28.8%   236  185s
  2497  1704 10873.2993   59  210 14299.6800 10178.8247  28.8%   242  191s
  2535  1729 10737.7018   69  163 14299.6800 10178.8247  28.8%   244  195s
  2652  1945 10804.2433   87  221 14299.6800 10178.8247  28.8%   244  204s
  2799  1896 12047.4450  166   35 14299.6800 10178.8247  28.8%   237  205s
  2831  1974 10992.5415   98  219 14299.6800 10178.8247  28.8%   235  210s
* 2998  1974             260    14072.000000 10178.8247  27.7%   223  211s
  3040  2049 11180.9611  114  143 14072.0000 10178.8247  27.7%   226  218s
  3084  2107 11360.4432  130  189 14072.0000 10178.8247  27.7%   227  221s
  3142  2203 11689.7120  151  108 14072.0000 10178.8247  27.7%   228  227s
  3238  2366 11949.0223  187  107 14072.0000 10178.8247  27.7%   227  232s
  3401  2684 12428.5044  242   89 14072.0000 10203.0283  27.5%   221  239s
  3760  2700 10295.8209   26  432 14072.0000 10203.0283  27.5%   207  244s
  3793  2730 10433.9217   29  343 14072.0000 10203.0283  27.5%   208  248s
  3823  2833 10597.3592   30  343 14072.0000 10203.0283  27.5%   210  253s
  3926  2861 10748.2846   33  148 14072.0000 10203.0283  27.5%   208  268s
  3954  2918 10785.5333   38  306 14072.0000 10203.0283  27.5%   209  273s
  4037  2973 10880.1702   46  238 14072.0000 10203.0283  27.5%   209  278s
  4094  3141 11113.2577   76   67 14072.0000 10219.0428  27.4%   210  283s
  4324  3174 10353.3171   26  356 14072.0000 10219.2594  27.4%   203  288s
  4350  3259 10578.4094   40  249 14072.0000 10219.2594  27.4%   205  292s
  4435  3476 11037.1771   96   64 14072.0000 10219.9098  27.4%   204  299s
  4682  3498 12297.9709  138   49 14072.0000 10220.2030  27.4%   197  304s
* 4718  3265             157    13488.020000 10227.9280  24.2%   199  308s
* 4726  3261             154    13480.020000 10227.9280  24.1%   198  308s
  4749  3307 10691.1702   39  329 13480.0200 10227.9280  24.1%   201  314s
  4796  3479 11005.0094   60  193 13480.0200 10227.9280  24.1%   202  321s
  5023  3508 10390.7085   29  411 13480.0200 10229.1332  24.1%   197  327s
  5043  3573 10818.0475   39  252 13480.0200 10229.1332  24.1%   200  332s
  5108  3652 12465.3687   88  103 13480.0200 10233.1365  24.1%   201  338s
  5194  3775 10652.9491   36  230 13480.0200 10233.1365  24.1%   202  345s
  5317  3897 11809.8014  131   19 13480.0200 10233.1989  24.1%   202  353s
  5452  4078 infeasible  172      13480.0200 10244.2069  24.0%   201  363s
  5468  4078 11488.3431  104   68 13480.0200 10244.2610  24.0%   203  367s
  5672  4142 10505.0179   37  368 13480.0200 10244.2610  24.0%   200  374s
  5726  4408 10724.0330   51  182 13480.0200 10244.2610  24.0%   202  384s
  5807  4409 11204.6811   95   38 13480.0200 10244.2610  24.0%   201  385s
  6031  4749 10987.8485   59  129 13480.0200 10247.5618  24.0%   195  396s
  6471  4856 infeasible  235      13480.0200 10250.0477  24.0%   186  403s
  6545  5002 11236.4813   57  195 13480.0200 10250.6938  24.0%   187  412s
  6728  5056     cutoff  131      13480.0200 10251.8616  23.9%   185  419s
* 6729  5051             129    13470.910000 10251.8616  23.9%   185  419s
  6809  5217     cutoff  132      13470.9100 10256.9644  23.9%   186  427s
H 6813  5093                    13252.610000 10256.9644  22.6%   186  427s
  7005  5360 10694.5801   44  320 13252.6100 10258.0007  22.6%   184  436s
  7290  5548     cutoff  232      13252.6100 10258.1446  22.6%   180  446s
  7506  5663 12446.3524  134   45 13252.6100 10260.0743  22.6%   179  455s
* 7551  5651             176    13228.220000 10260.0743  22.4%   178  456s
* 7552  5641             175    13216.220000 10260.0743  22.4%   178  456s
  7639  5677     cutoff  176      13216.2200 10262.5549  22.3%   180  464s
* 7662  5352             170    12878.660000 10269.6644  20.3%   181  464s
* 7665  5311             170    12834.820000 10269.6644  20.0%   181  464s
* 7666  5262             169    12794.820000 10269.6644  19.7%   181  464s
  7686  5336 10949.9380   39  158 12794.8200 10269.6644  19.7%   183  473s
  7758  5538 11458.0209   52  226 12794.8200 10269.6698  19.7%   184  487s
  7996  5567     cutoff   98      12794.8200 10273.2011  19.7%   183  497s
H 7997  5302                    12568.700000 10273.2011  18.3%   183  497s
  8053  5551 10881.7185   42  275 12568.7000 10273.3168  18.3%   184  507s
  8349  5704 10523.2059   31  315 12568.7000 10273.8319  18.3%   181  518s
  8508  5916 11228.1322   58   82 12568.7000 10275.8236  18.2%   182  528s
  8758  6096 10962.2362   57  238 12568.7000 10277.5900  18.2%   181  540s
  8956  6208 12283.8444  139   69 12568.7000 10277.9019  18.2%   180  550s
  9092  6306 11119.9053   68  135 12568.7000 10282.6899  18.2%   180  560s
  9207  6491 11032.5805   41  162 12568.7000 10284.2672  18.2%   182  571s
  9438  6768 infeasible   95      12568.7000 10285.1958  18.2%   181  582s
  9731  6882 10524.3811   27  387 12568.7000 10292.7261  18.1%   180  593s
  9881  6979 10819.1313   38  214 12568.7000 10292.7261  18.1%   180  603s
  9975  7199 11032.4617   66  171 12568.7000 10292.7261  18.1%   182  616s
 10213  7547 12526.8434  164   46 12568.7000 10294.8948  18.1%   182  629s
 10359  7547 12160.5040  141   57 12568.7000 10294.8948  18.1%   181  630s
 10631  7667 12511.5733  166   44 12568.7000 10299.5923  18.1%   179  640s
 10791  7718 infeasible  173      12568.7000 10302.3424  18.0%   179  684s
 10813  7718 11598.6650   66   60 12568.7000 10302.3424  18.0%   179  688s
 10845  7907 11007.7154   62  203 12568.7000 10303.8311  18.0%   179  697s
 11062  8080 11347.3510   81   47 12568.7000 10305.0028  18.0%   179  709s
 11232  8083 12353.4583  135   57 12568.7000 10305.3072  18.0%   178  710s
 11262  8203     cutoff  161      12568.7000 10306.5010  18.0%   178  719s
 11321  8203 11810.8198   71   51 12568.7000 10307.1139  18.0%   179  720s
 11400  8377 11033.3714   51   88 12568.7000 10307.1266  18.0%   179  732s
 11591  8684 10731.6147   46  281 12568.7000 10309.4436  18.0%   179  745s
 11965  8807 infeasible  164      12568.7000 10309.9255  18.0%   177  756s
 12099  8941 12300.9200   81    8 12568.7000 10313.8850  17.9%   177  766s
 12256  9167 12567.2725   86   10 12568.7000 10314.1247  17.9%   177  778s
 12500  9327 11334.4429  106   42 12568.7000 10322.2916  17.9%   177  788s
 12691  9661 10995.5017   47  256 12568.7000 10322.6867  17.9%   177  799s
 12794  9661 11368.8720  127   44 12568.7000 10322.6867  17.9%   177  800s
 13080  9792 infeasible  154      12568.7000 10323.8068  17.9%   175  810s
 13214  9889 11288.0042   80  141 12568.7000 10327.3569  17.8%   175  820s
 13328 10082 10549.5629   37  313 12568.7000 10327.3991  17.8%   176  832s
 13523 10191 10782.9915   45  257 12568.7000 10327.3991  17.8%   177  843s
 13678 10255 10811.1590   59  146 12568.7000 10327.3991  17.8%   177  855s
 13746 10526 11133.8551   82  125 12568.7000 10328.4784  17.8%   179  867s
 14091 10566 infeasible  143      12568.7000 10330.9988  17.8%   178  876s
 14124 10754 10965.3045   50  186 12568.7000 10331.3458  17.8%   179  888s
 14361 10825 10894.2194   38  282 12568.7000 10331.4153  17.8%   178  898s
 14415 10892 11398.2287   52  161 12568.7000 10331.4444  17.8%   180  908s
 14492 11078 10750.5141   54  208 12568.7000 10331.4493  17.8%   181  918s
 14690 11218 10659.6190   43  108 12568.7000 10332.6566  17.8%   181  930s
 14915 11370 12209.0300  106    - 12568.7000 10332.9141  17.8%   180  941s
 15074 11575 11240.1596   63   47 12568.7000 10337.6105  17.8%   181  952s
 15328 11701 11019.9938   49  178 12568.7000 10338.0801  17.7%   180  963s
 15461 11878 10752.6816   36  216 12568.7000 10339.5323  17.7%   181  975s
 15691 11979 infeasible  113      12568.7000 10339.6565  17.7%   181  987s
 15796 12042 10550.6585   30  305 12568.7000 10339.8647  17.7%   182  996s
 15854 12197 11286.3303   41  181 12568.7000 10340.0871  17.7%   183 1010s
 16073 12238     cutoff   70      12568.7000 10344.9457  17.7%   183 1019s
H16075 12078                    12515.260000 10344.9457  17.3%   183 1019s
 16113 12226 10999.2464   56  321 12515.2600 10345.2250  17.3%   184 1030s
 16261 12499 11401.9926   84   79 12515.2600 10345.2906  17.3%   185 1043s
H16480 12186                    12429.980000 10345.2906  16.8%   183 1044s
 16583 12275     cutoff  207      12429.9800 10346.2385  16.8%   183 1054s
 16617 12275 11129.5119   45  241 12429.9800 10346.9228  16.8%   184 1055s
 16695 12366 10976.8152   57  104 12429.9800 10347.4306  16.8%   184 1065s
 16802 12457 infeasible   87      12429.9800 10348.6117  16.7%   185 1075s
 16905 12583 11179.6894   67  261 12429.9800 10348.7301  16.7%   185 1087s
 17053 12771 10834.8304   41  162 12429.9800 10349.8832  16.7%   186 1098s
 17262 12771 12370.4496  115   43 12429.9800 10349.8969  16.7%   185 1100s
 17273 12884 10591.7099   33  303 12429.9800 10351.2166  16.7%   185 1110s
 17398 13005     cutoff  134      12429.9800 10352.1617  16.7%   185 1121s
 17538 13211 10852.1460   44  349 12429.9800 10352.8831  16.7%   186 1133s
 17772 13295 10995.3346   38  103 12429.9800 10353.3994  16.7%   185 1144s
 17926 13333     cutoff   86      12429.9800 10355.1192  16.7%   185 1161s
 17947 13538 11140.0949   45  202 12429.9800 10355.9291  16.7%   186 1173s
 18176 13575 10499.5382   34  484 12429.9800 10356.6481  16.7%   185 1184s
 18210 13897 10822.2296   44  215 12429.9800 10356.6729  16.7%   186 1198s
 18591 14113 12069.4340   90  103 12429.9800 10357.2692  16.7%   184 1211s
 18849 14240     cutoff  100      12429.9800 10359.7274  16.7%   184 1222s
 19018 14292 10520.3006   40  441 12429.9800 10360.7885  16.6%   183 1235s
 19070 14584 11083.6485   49  118 12429.9800 10362.8937  16.6%   185 1249s
 19172 14590 11934.0347   99   49 12429.9800 10362.8937  16.6%   184 1250s
 19443 14718 11819.6299   94   54 12429.9800 10363.8317  16.6%   183 1261s
 19578 14843     cutoff  109      12429.9800 10366.2610  16.6%   183 1272s
 19716 14928     cutoff  130      12429.9800 10370.3125  16.6%   184 1283s
 19815 15125 10905.6906   50  141 12429.9800 10371.1025  16.6%   184 1298s
 20059 15270 10665.2999   42  345 12429.9800 10371.4002  16.6%   184 1311s
 20219 15451 11269.0306   76   66 12429.9800 10371.8412  16.6%   184 1323s
 20491 15511 11911.6865  111   49 12429.9800 10372.8671  16.5%   183 1335s
 20562 15745 10778.1809   41  238 12429.9800 10373.1325  16.5%   184 1351s
 20867 15952     cutoff  146      12429.9800 10375.3751  16.5%   183 1363s
 21074 16042 11566.6851   96   33 12429.9800 10375.5441  16.5%   183 1374s
 21176 16174 10738.0222   40  230 12429.9800 10375.8129  16.5%   183 1385s
 21336 16457 11171.7028   61  120 12429.9800 10375.8484  16.5%   183 1399s
 21506 16467 12213.4595  157   30 12429.9800 10375.8484  16.5%   182 1400s
 21719 16567 infeasible  188      12429.9800 10377.1559  16.5%   182 1411s
 21839 16615     cutoff   67      12429.9800 10377.5615  16.5%   183 1420s
 21902 16740 11002.5436   54  227 12429.9800 10377.6340  16.5%   183 1430s
 22059 16837 10880.7944   47  329 12429.9800 10378.7960  16.5%   184 1441s
 22184 16889 10667.9145   45  395 12429.9800 10379.0191  16.5%   184 1450s
 22236 17158 11110.8905   53  234 12429.9800 10380.3685  16.5%   185 1462s
 22577 17241 infeasible  122      12429.9800 10381.8174  16.5%   184 1474s
 22650 17402 10946.5156   49  169 12429.9800 10381.9038  16.5%   185 1486s
 22875 17632 10983.9597   50  225 12429.9800 10382.5740  16.5%   184 1500s
 23132 17762 10801.4379   40  292 12429.9800 10383.1517  16.5%   184 1513s
 23274 17936 10691.9525   34  396 12429.9800 10383.8668  16.5%   184 1525s
 23482 18191 10621.0375   32  231 12429.9800 10383.8677  16.5%   184 1538s
 23751 18276 11896.7332   91   90 12429.9800 10383.9059  16.5%   184 1550s
 23888 18398 10988.1535   41  391 12429.9800 10384.9078  16.5%   184 1560s
 24021 18600 10790.9508   50  366 12429.9800 10385.2629  16.4%   184 1571s
 24260 18735 10887.2474   56  248 12429.9800 10386.0667  16.4%   184 1582s
 24409 18964 11140.7101   66  123 12429.9800 10386.6503  16.4%   184 1593s
 24684 19097     cutoff  132      12429.9800 10387.0242  16.4%   184 1605s
 24831 19211 10627.5963   31  334 12429.9800 10387.0242  16.4%   184 1626s
 24975 19394 11142.1204   63   33 12429.9800 10388.0599  16.4%   184 1636s
 25187 19552 12261.2179  100   27 12429.9800 10388.7833  16.4%   184 1649s
 25412 19684     cutoff  151      12429.9800 10389.2622  16.4%   184 1660s
 25555 19787 11592.5405   82  117 12429.9800 10389.9442  16.4%   184 1671s
 25672 19974 10832.5654   38  226 12429.9800 10390.9983  16.4%   185 1685s
 25887 20095     cutoff   87      12429.9800 10392.5932  16.4%   185 1697s
 26031 20194 10620.5851   32  357 12429.9800 10392.5932  16.4%   185 1709s
 26105 20194 12190.1514   98   49 12429.9800 10392.5932  16.4%   185 1710s
 26140 20292 11640.8690   71   73 12429.9800 10392.8358  16.4%   185 1721s
 26261 20534 11258.8322   72   87 12429.9800 10393.4312  16.4%   186 1733s
 26574 20692     cutoff  133      12429.9800 10394.1610  16.4%   185 1746s
 26738 20965     cutoff  152      12429.9800 10395.3171  16.4%   185 1759s
 27043 21055 10968.4820   52  280 12429.9800 10395.7039  16.4%   185 1770s
 27155 21118 12315.2233   99  143 12429.9800 10396.1238  16.4%   185 1780s
 27228 21285 11080.7514   56  258 12429.9800 10397.1332  16.4%   186 1792s
 27417 21356 12105.8200   98    - 12429.9800 10397.3872  16.4%   186 1803s
 27501 21504 11100.0958   39  326 12429.9800 10398.5854  16.3%   186 1815s
 27666 21754 10702.9346   40  342 12429.9800 10398.8046  16.3%   186 1830s
 27958 21879 11056.8293   63  180 12429.9800 10399.0692  16.3%   186 1841s
 28105 21992 10581.0417   36  312 12429.9800 10399.0692  16.3%   186 1853s
 28232 22156 11096.1684   47  267 12429.9800 10399.5466  16.3%   186 1864s
 28266 22156 11683.6741   63   85 12429.9800 10399.5466  16.3%   187 1865s
 28441 22215     cutoff   93      12429.9800 10400.2038  16.3%   186 1877s
 28507 22368 10681.0064   33  382 12429.9800 10400.2038  16.3%   187 1888s
 28671 22556 11151.9726   73   50 12429.9800 10401.4249  16.3%   187 1900s
 28900 22651 infeasible  144      12429.9800 10401.6739  16.3%   187 1914s
 28918 22651     cutoff  110      12429.9800 10401.6963  16.3%   187 1919s
 29018 22687 11085.5547   48  186 12429.9800 10401.6963  16.3%   187 1939s
 29057 22733 11953.3240   74   63 12429.9800 10402.6193  16.3%   188 1958s
 29113 22809 12359.9184  100   76 12429.9800 10402.7108  16.3%   188 1968s
 29194 22974 11102.4050   77   86 12429.9800 10402.8939  16.3%   189 1980s
 29375 23083 infeasible  145      12429.9800 10402.9111  16.3%   189 1994s
 29564 23292 10878.2836   43  257 12429.9800 10403.7361  16.3%   189 2008s
 29820 23357 10819.5244   31  266 12429.9800 10403.8019  16.3%   189 2019s
 29890 23541 11495.4966   56  251 12429.9800 10405.0592  16.3%   189 2031s
 30098 23769 10960.7390   58  130 12429.9800 10405.1875  16.3%   189 2045s
 30384 24006 10845.6547   62  180 12429.9800 10406.2316  16.3%   188 2060s
 30685 24133     cutoff  140      12429.9800 10407.0059  16.3%   187 2073s
 30834 24373     cutoff  127      12429.9800 10407.1227  16.3%   187 2088s
 30934 24373 11167.9824  109   67 12429.9800 10407.3534  16.3%   187 2090s
 31123 24508 11188.7474   63  222 12429.9800 10407.4009  16.3%   186 2105s
 31284 24621 11926.1516   86  107 12429.9800 10408.5861  16.3%   186 2118s
 31442 24696 11434.4827   72  307 12429.9800 10408.8314  16.3%   186 2130s
 31545 24731 10804.3001   44  365 12429.9800 10409.1423  16.3%   186 2139s
 31580 24946 11128.9058   52  331 12429.9800 10409.1423  16.3%   187 2152s
 31857 24975     cutoff  109      12429.9800 10409.7531  16.3%   187 2164s
 31904 25123 10929.0409   45  268 12429.9800 10410.1776  16.2%   188 2178s
 32072 25228     cutoff  115      12429.9800 10410.5092  16.2%   188 2189s
 32200 25428 11431.6917   76  190 12429.9800 10410.7621  16.2%   188 2202s
 32432 25589 11048.2348   56  153 12429.9800 10410.9038  16.2%   188 2214s
 32582 25593 12370.2500  109    - 12429.9800 10410.9038  16.2%   187 2215s
 32633 25649 11622.5323   68   47 12429.9800 10411.2773  16.2%   187 2226s
 32709 25757 11264.2101   60  351 12429.9800 10412.0125  16.2%   188 2237s
 32836 25858 10654.9337   39  314 12429.9800 10412.3356  16.2%   188 2249s
 32953 26011     cutoff   92      12429.9800 10412.3432  16.2%   188 2263s
 33148 26084 11509.3412   83   77 12429.9800 10413.8690  16.2%   189 2275s
 33241 26359 11097.2785   55  156 12429.9800 10414.7908  16.2%   189 2287s
 33569 26411 10809.0661   35  385 12429.9800 10415.2810  16.2%   188 2298s
 33620 26677 11007.0676   40  300 12429.9800 10415.3653  16.2%   189 2311s
 33946 26752 infeasible  130      12429.9800 10416.4880  16.2%   188 2323s
 34061 26919 11237.8161   58  232 12429.9800 10418.7322  16.2%   189 2336s
 34283 27036     cutoff   98      12429.9800 10418.8320  16.2%   189 2348s
 34401 27305 11510.3403  124   27 12429.9800 10419.2840  16.2%   189 2360s
 34697 27408 infeasible  212      12429.9800 10419.4072  16.2%   188 2374s
 34818 27551 10786.5376   43  154 12429.9800 10419.5674  16.2%   188 2385s
 35034 27726 12360.9450  158    5 12429.9800 10419.6059  16.2%   188 2407s
 35183 27810 infeasible  159      12429.9800 10420.1778  16.2%   188 2417s
 35295 27995 11013.7009   43  177 12429.9800 10420.4998  16.2%   188 2430s
 35509 28125 11853.4003  134   35 12429.9800 10420.9723  16.2%   188 2443s
 35685 28222     cutoff  175      12429.9800 10421.2479  16.2%   188 2457s
 35787 28442 11140.9846   55  123 12429.9800 10422.8242  16.1%   189 2469s
 36019 28620 10851.0868   48  330 12429.9800 10422.8242  16.1%   189 2482s
 36237 28780 11225.4945   66   58 12429.9800 10423.7510  16.1%   188 2493s
 36427 28952 10905.2051   41  200 12429.9800 10423.8350  16.1%   188 2511s
 36615 29159 10788.8007   46  378 12429.9800 10424.7501  16.1%   188 2524s
 36750 29159 11548.7371  107  108 12429.9800 10424.7501  16.1%   188 2525s
 36852 29288 12310.3615  132  104 12429.9800 10426.4631  16.1%   188 2538s
 37002 29380 10615.8766   42  314 12429.9800 10428.2624  16.1%   188 2550s
 37104 29545 10803.1741   46  227 12429.9800 10428.2624  16.1%   189 2562s
 37291 29639 12090.6992   70  109 12429.9800 10429.2549  16.1%   189 2573s
 37390 29780 10563.8874   43  422 12429.9800 10429.2549  16.1%   189 2589s
 37551 29842 10843.8421   47  390 12429.9800 10429.2549  16.1%   189 2600s
 37613 29934 11372.5320   59  214 12429.9800 10429.2549  16.1%   189 2611s
 37706 30035 11601.7047   89  123 12429.9800 10431.0237  16.1%   190 2623s
 37837 30174 10634.5417   34  300 12429.9800 10431.6544  16.1%   190 2635s
 37993 30382 10807.1934   39  333 12429.9800 10431.6826  16.1%   190 2648s
 38223 30476     cutoff  164      12429.9800 10432.0110  16.1%   190 2659s
 38342 30595 11217.2769   74  152 12429.9800 10432.7450  16.1%   190 2671s
 38505 30718     cutoff  106      12429.9800 10433.6506  16.1%   190 2683s
 38630 30824 12227.5964  121   56 12429.9800 10434.1819  16.1%   191 2694s
 38766 30960 11292.5903   52  204 12429.9800 10434.7664  16.1%   191 2707s
 38923 31051     cutoff  107      12429.9800 10435.2448  16.0%   191 2719s
 39016 31190 11762.5352   98  119 12429.9800 10436.1456  16.0%   191 2732s
 39188 31379 11019.6194   43  148 12429.9800 10437.1851  16.0%   191 2745s
 39410 31520 infeasible  155      12429.9800 10437.1991  16.0%   191 2760s
 39581 31761 11851.1061  123  134 12429.9800 10437.3388  16.0%   191 2774s
 39739 31762 12204.7786  132   50 12429.9800 10437.5024  16.0%   191 2775s
 39834 31878 11782.4214   81  140 12429.9800 10437.5170  16.0%   191 2787s
 39983 32011 11055.9143   60  118 12429.9800 10437.8696  16.0%   190 2798s
 40162 32053     cutoff  107      12429.9800 10437.9930  16.0%   190 2810s
 40210 32374 10990.8757   52  158 12429.9800 10438.7078  16.0%   191 2823s
 40578 32427     cutoff  144      12429.9800 10440.0564  16.0%   190 2834s
 40609 32427     cutoff  157      12429.9800 10440.5155  16.0%   190 2835s
 40631 32559 11295.1985   66   74 12429.9800 10440.6872  16.0%   191 2847s
 40791 32597 10793.7193   37  378 12429.9800 10442.1659  16.0%   191 2857s
 40829 32766 11246.0335   48  107 12429.9800 10442.1659  16.0%   191 2871s
 41022 32931 11408.1033   69  141 12429.9800 10444.5338  16.0%   192 2885s
 41223 33008 10749.4727   38  243 12429.9800 10445.0205  16.0%   192 2896s
 41302 33188 11550.2196   80  152 12429.9800 10447.4244  15.9%   192 2909s
 41336 33188 12273.8530  114   77 12429.9800 10447.4244  15.9%   192 2910s
 41500 33376 11115.1589   49  277 12429.9800 10447.8804  15.9%   192 2922s
 41729 33474 12240.3314  111   14 12429.9800 10447.9997  15.9%   191 2936s
 41853 33550     cutoff  136      12429.9800 10449.1997  15.9%   191 2949s
 41940 33716 11162.8715   50  231 12429.9800 10450.5472  15.9%   192 2961s
 42142 33785     cutoff  119      12429.9800 10450.8009  15.9%   192 2974s
 42209 33880 11891.6436   84   63 12429.9800 10451.0848  15.9%   192 2986s
 42328 33977 11257.5599   48  189 12429.9800 10452.2734  15.9%   192 3000s
 42438 34065     cutoff  117      12429.9800 10452.4671  15.9%   192 3012s
 42538 34330 11118.0993   50  314 12429.9800 10453.9303  15.9%   193 3024s
 42825 34521 10654.8671   34  355 12429.9800 10454.1266  15.9%   192 3038s
 43030 34650 11588.7841   81  109 12429.9800 10454.4203  15.9%   192 3051s
 43175 34785 11205.2916   54  146 12429.9800 10454.9090  15.9%   192 3064s
 43347 34868     cutoff  102      12429.9800 10455.0636  15.9%   192 3076s
 43443 35070 10893.6564   49  374 12429.9800 10456.9187  15.9%   192 3088s
 43667 35131 10752.8889   37  210 12429.9800 10457.1254  15.9%   192 3101s
 43730 35314 11465.0469   86   90 12429.9800 10457.5566  15.9%   193 3112s
 43925 35382 11454.6655   80  157 12429.9800 10457.7975  15.9%   192 3123s
 44016 35519 11126.7217   49  305 12429.9800 10458.7631  15.9%   193 3140s
 44175 35568 12303.6658   77  100 12429.9800 10459.6295  15.9%   193 3151s
 44236 35577 10824.3001   43  383 12429.9800 10459.6295  15.9%   193 3166s
 44245 35801 10918.9197   46  311 12429.9800 10460.1673  15.8%   193 3180s
 44522 35843     cutoff  105      12429.9800 10461.0346  15.8%   193 3191s
 44565 36013 11300.0322   55  288 12429.9800 10461.4296  15.8%   193 3203s
 44755 36163 10941.3728   37  169 12429.9800 10461.6195  15.8%   193 3216s
H44926 36107                    12396.980000 10461.6195  15.6%   193 3229s
 45084 36221     cutoff  117      12396.9800 10461.7563  15.6%   193 3241s
 45213 36434 11660.3638   74   65 12396.9800 10461.7865  15.6%   194 3255s
 45458 36462     cutoff   97      12396.9800 10461.8341  15.6%   194 3267s
 45488 36591 11188.6816   67  238 12396.9800 10462.3038  15.6%   194 3279s
 45592 36591 11645.4107   84   96 12396.9800 10462.5049  15.6%   194 3280s
 45644 36732 11077.9024   52  228 12396.9800 10462.5836  15.6%   194 3292s
 45820 36821 10797.0612   44  268 12396.9800 10462.6640  15.6%   194 3304s
 45909 36990 11533.1379   90  178 12396.9800 10462.7330  15.6%   195 3315s
 46100 37120 10768.8693   44  365 12396.9800 10462.8864  15.6%   194 3328s
 46252 37178 12021.6630  107  112 12396.9800 10463.5556  15.6%   195 3339s
 46328 37362 11179.6128   71  324 12396.9800 10464.0860  15.6%   195 3353s
 46551 37413 10645.5493   37  321 12396.9800 10464.1727  15.6%   195 3366s
 46599 37588 11233.0021   47  245 12396.9800 10464.9602  15.6%   195 3379s
 46764 37603 11346.7859   83  113 12396.9800 10465.0837  15.6%   195 3380s
 46852 37661     cutoff   85      12396.9800 10465.7385  15.6%   195 3391s
 46914 37766 11184.9970   58  195 12396.9800 10465.8308  15.6%   195 3405s
 47035 37946 10906.6860   39  169 12396.9800 10466.2675  15.6%   195 3419s
 47212 37946 12285.4812  120   22 12396.9800 10466.6643  15.6%   195 3420s
 47245 38071 10628.1339   35  323 12396.9800 10466.6643  15.6%   195 3432s
 47380 38301 11313.4413   54  218 12396.9800 10466.9513  15.6%   195 3446s
 47634 38437 11080.4561   48  134 12396.9800 10467.7124  15.6%   195 3459s
 47784 38523 10927.7804   48  175 12396.9800 10468.0574  15.6%   195 3470s
 47924 38562 10540.0295   36  340 12396.9800 10468.1813  15.6%   195 3481s
 47963 38693 10906.5553   42  215 12396.9800 10468.1813  15.6%   196 3494s
 48006 38693 11220.8639   64   53 12396.9800 10468.1813  15.6%   196 3495s
 48094 38952 11255.3977   68   56 12396.9800 10468.7647  15.6%   196 3509s
 48325 38953 11583.2496  103   46 12396.9800 10468.8906  15.6%   196 3510s
 48431 39035     cutoff  147      12396.9800 10469.1259  15.6%   196 3522s
H48447 38975                    12390.980000 10469.1259  15.5%   196 3522s
 48538 39143 11032.4186   44  177 12390.9800 10469.4230  15.5%   196 3535s
 48742 39312 10838.1540   34   84 12390.9800 10469.6259  15.5%   196 3548s
 48941 39441     cutoff  127      12390.9800 10469.7695  15.5%   196 3563s
 49089 39569 11254.0179   71  105 12390.9800 10469.9597  15.5%   196 3576s
 49241 39704 10875.5759   54  343 12390.9800 10470.0847  15.5%   195 3589s
 49446 39753 10616.8856   30  318 12390.9800 10470.1290  15.5%   195 3600s

Cutting planes:
  User: 4049
  Gomory: 17
  Cover: 289
  Implied bound: 116
  Projected implied bound: 18
  Clique: 42
  MIR: 114
  StrongCG: 3
  Flow cover: 305
  GUB cover: 2
  Zero half: 28
  RLT: 217
  Relax-and-lift: 9
  Lazy constraints: 6588

Explored 49495 nodes (9686628 simplex iterations) in 3600.27 seconds
Thread count was 2 (of 32 available processors)

Solution count 10: 12391 12397 12430 ... 13228.2

Time limit reached
Best objective 1.239098000000e+04, best bound 1.047012895527e+04, gap 15.5020%

User-callback calls 594984, time in user-callback 228.19 sec
================================================================================
executing instance: ./input/Instances/Original/3/absH3high_5n20.dat
--------------------------------------------------------------------------------
Instance details
n	21
H	3
C	1734
Li:
