




arguments: ./build/bc_mirp -f ./input/orig_exec_228.cfg
Current dir: /scratch/gui/bc_mirp
File verbosity level: 9
date       time         ( uptime  ) [ thread name/id ]                   file:line     v| 
2021-02-14 20:48:42.386 (   0.069s) [main thread     ]             loguru.cpp:789   INFO| Logging to './output/vi_vc+lex_quarter/OU/V4/Original/execution_14_02_2021_20_48_42.log', mode: 'a', verbosity: 9
--------------------------------------------------------------------------------
Parameters
                           instance_path           ./input/Instances/Original/5/
                            model_policy                                       1
                             nb_vehicles                                       4
                              output_dir./output/vi_vc+lex_quarter/OU/V4/Original/
                            sec_strategy                                       1
                       solver_nb_threads                                       2
                         solver_show_log                                    true
                       solver_time_limit                                    3600
                              use_vi_cos                                   false
                              use_vi_cus                                   false
                         use_vi_hc1_full                                   false
                         use_vi_hc1_half                                   false
                      use_vi_hc1_quarter                                   false
                              use_vi_hc2                                   false
                              use_vi_hc3                                   false
                         use_vi_lex_full                                   false
                         use_vi_lex_half                                   false
                      use_vi_lex_quarter                                    true
                              use_vi_qua                                   false
                               use_vi_vc                                    true
                               use_vi_vr                                   false
--------------------------------------------------------------------------------
executing instance: ./input/Instances/Original/5/absH3low_4n50.dat
--------------------------------------------------------------------------------
Instance details
n	51
H	3
C	4066
Li:
[0, 0, 0, 0, 0, 0, 0, 0, 0, 0, 0, 0, 0, 0, 0, 0, 0, 0, 0, 0, 0, 0, 0, 0, 0, 0, 0, 0, 0, 0, 0, 0, 0, 0, 0, 0, 0, 0, 0, 0, 0, 0, 0, 0, 0, 0, 0, 0, 0, 0, 0, ]
Ui:
[0, 108, 126, 122, 66, 120, 48, 30, 128, 54, 158, 198, 36, 66, 210, 234, 147, 297, 171, 128, 116, 120, 219, 70, 294, 207, 134, 128, 234, 122, 22, 183, 195, 255, 132, 124, 66, 189, 219, 66, 128, 102, 288, 66, 87, 136, 36, 39, 282, 36, 237, ]
Distance matrix:
|0	210	444	498	509	104	438	228	487	304	456	434	526	476	163	47	293	396	293	290	313	85	280	437	293	336	409	106	449	376	433	478	193	404	404	534	278	181	380	507	189	438	263	473	353	216	202	218	452	254	465	|
|210	0	299	507	359	106	345	409	358	411	320	402	555	448	136	200	289	264	306	427	141	222	83	348	264	320	283	303	380	208	258	357	170	348	475	542	243	347	355	379	65	479	172	373	355	251	112	229	402	210	300	|
|444	299	0	363	65	358	116	542	66	440	26	241	425	272	282	407	251	51	276	490	159	397	224	124	217	237	48	490	170	99	83	74	261	180	430	385	214	479	231	85	270	390	184	116	271	300	409	276	210	215	54	|
|498	507	363	0	385	482	246	424	326	254	343	123	63	93	388	452	221	337	211	314	428	414	480	239	243	187	324	463	194	418	438	307	346	188	156	36	264	392	156	326	444	87	340	258	154	286	603	294	153	297	417	|
|509	359	65	385	0	422	145	602	59	492	59	269	448	292	348	472	305	115	329	545	218	462	281	152	274	286	106	554	192	153	116	78	326	216	472	403	274	540	271	63	334	425	249	127	316	361	468	337	233	278	69	|
|104	106	358	482	422	0	372	309	408	337	374	396	521	441	98	96	262	314	271	342	215	124	177	373	249	302	329	198	394	281	337	402	139	353	419	518	230	250	343	428	90	437	188	405	328	200	134	188	406	199	372	|
|438	345	116	246	145	372	0	485	87	357	97	126	309	155	279	394	180	101	200	414	223	373	288	8	157	150	84	459	53	188	196	68	245	72	328	269	165	427	128	97	297	280	184	36	175	250	456	233	94	184	170	|
|228	409	542	424	602	309	485	0	561	170	544	419	424	446	298	214	305	491	286	115	462	187	457	480	331	339	496	124	470	510	565	545	295	424	279	454	329	66	376	576	363	340	370	520	330	242	429	266	453	328	581	|
|487	358	66	326	59	408	87	561	0	441	40	211	389	233	324	446	258	95	281	497	220	431	287	95	230	234	79	522	133	164	146	19	297	160	415	344	233	500	215	21	323	367	224	68	261	320	470	299	174	242	106	|
|304	411	440	254	492	337	357	170	441	0	434	266	255	286	275	266	189	392	164	63	408	225	428	351	224	207	392	234	330	438	484	424	250	287	112	284	232	149	233	453	349	170	302	389	185	168	471	195	305	248	487	|
|456	320	26	343	59	374	97	544	40	434	0	223	406	252	294	418	247	60	271	487	181	405	247	105	215	229	49	498	149	124	109	48	270	165	419	364	215	482	218	60	288	375	194	92	261	302	431	279	190	220	75	|
|434	402	241	123	269	396	126	419	211	266	223	0	185	46	298	387	140	213	145	328	310	355	366	118	147	97	201	425	78	295	315	191	256	65	211	151	166	371	53	215	343	157	231	145	90	220	505	217	41	198	295	|
|526	555	425	63	448	521	309	424	389	255	406	185	0	156	430	481	266	398	252	310	485	442	534	301	293	237	386	480	257	478	500	370	390	249	145	55	313	401	212	389	491	89	392	321	201	322	646	334	216	345	479	|
|476	448	272	93	292	441	155	446	233	286	252	46	156	0	343	429	183	250	184	348	353	396	411	148	192	140	236	461	102	334	350	214	302	106	214	113	212	402	98	233	389	151	277	165	125	261	551	260	62	244	325	|
|163	136	282	388	348	98	279	298	324	275	294	298	430	343	0	124	167	234	178	296	167	121	162	279	151	205	247	216	297	224	280	316	42	256	340	423	132	232	246	344	74	349	100	314	233	115	216	97	308	101	307	|
|47	200	407	452	472	96	394	214	446	266	418	387	481	429	124	0	246	358	245	259	284	41	261	392	247	289	370	103	403	345	402	436	150	358	361	488	232	158	333	466	165	393	223	430	306	168	217	171	406	210	431	|
|293	289	251	221	305	262	180	305	258	189	247	140	266	183	167	246	0	204	26	240	238	215	276	175	37	43	203	289	169	255	297	242	125	122	202	257	52	248	87	272	225	191	134	215	67	80	382	77	163	81	298	|
|396	264	51	337	115	314	101	491	95	392	60	213	398	250	234	358	204	0	229	442	130	347	196	108	169	194	19	440	152	87	102	93	211	149	390	363	165	428	194	116	228	355	134	117	230	250	376	225	189	164	95	|
|293	306	276	211	329	271	200	286	281	164	271	145	252	184	178	245	26	229	0	216	262	212	297	195	63	53	228	280	184	280	323	264	138	137	178	248	76	232	95	294	241	173	156	234	60	77	395	83	172	102	324	|
|290	427	490	314	545	342	414	115	497	63	487	328	310	348	296	259	240	442	216	0	443	220	456	408	273	264	443	204	390	479	529	480	278	346	165	343	278	115	293	509	369	229	340	447	244	202	473	230	366	288	536	|
|313	141	159	428	218	215	223	462	220	408	181	310	485	353	167	284	238	130	262	443	0	288	67	228	202	252	149	382	267	67	122	221	168	247	440	459	186	396	273	241	125	423	107	245	291	242	251	214	297	162	160	|
|85	222	397	414	462	124	373	187	431	225	405	355	442	396	121	41	215	347	212	220	288	0	273	371	221	258	357	95	378	344	401	420	136	331	321	450	208	126	302	450	177	353	213	409	272	136	253	143	377	190	426	|
|280	83	224	480	281	177	288	457	287	428	247	366	534	411	162	261	276	196	297	456	67	273	0	292	243	298	215	363	329	128	176	288	179	305	475	513	224	392	324	307	96	466	143	311	335	261	187	235	357	195	219	|
|437	348	124	239	152	373	8	480	95	351	105	118	301	148	279	392	175	108	195	408	228	371	292	0	154	144	91	456	46	194	203	76	244	65	320	261	163	423	121	103	299	273	185	40	168	247	459	230	86	183	178	|
|293	264	217	243	274	249	157	331	230	224	215	147	293	192	151	247	37	169	63	273	202	221	243	154	0	57	170	303	157	217	260	215	110	111	238	278	21	271	94	245	201	223	100	193	92	93	362	78	160	54	263	|
|336	320	237	187	286	302	150	339	234	207	229	97	237	140	205	289	43	194	53	264	252	258	298	144	57	0	190	331	131	257	294	216	163	84	197	221	77	285	44	246	258	172	155	183	39	123	418	119	120	110	288	|
|409	283	48	324	106	329	84	496	79	392	49	201	386	236	247	370	203	19	228	443	149	357	215	91	170	190	0	449	136	105	114	75	221	138	384	349	168	434	185	99	245	346	146	98	224	255	394	231	174	171	99	|
|106	303	490	463	554	198	459	124	522	234	498	425	480	461	216	103	289	440	280	204	382	95	363	456	303	331	449	0	458	439	496	510	229	410	344	498	293	89	374	540	267	391	307	495	336	211	308	226	451	280	520	|
|449	380	170	194	192	394	53	470	133	330	149	78	257	102	297	403	169	152	184	390	267	378	329	46	157	131	136	458	0	238	249	114	259	47	287	216	171	416	96	137	327	235	211	67	145	247	488	235	41	197	223	|
|376	208	99	418	153	281	188	510	164	438	124	295	478	334	224	345	255	87	280	479	67	344	128	194	217	257	105	439	238	0	57	169	216	230	453	445	206	445	268	184	191	427	141	202	296	278	315	250	274	191	92	|
|433	258	83	438	116	337	196	565	146	484	109	315	500	350	280	402	297	102	323	529	122	401	176	203	260	294	114	496	249	57	0	157	271	252	490	463	251	499	296	162	247	457	195	199	331	329	362	302	288	241	47	|
|478	357	74	307	78	402	68	545	19	424	48	191	370	214	316	436	242	93	264	480	221	420	288	76	215	216	75	510	114	169	157	0	287	141	396	325	219	485	196	31	319	347	216	49	243	306	469	286	154	230	120	|
|193	170	261	346	326	139	245	295	297	250	270	256	390	302	42	150	125	211	138	278	168	136	179	244	110	163	221	229	259	216	271	287	0	216	305	382	91	229	204	316	105	310	78	280	192	83	257	60	268	62	292	|
|404	348	180	188	216	353	72	424	160	287	165	65	249	106	256	358	122	149	137	346	247	331	305	65	111	84	138	410	47	230	252	141	216	0	255	215	126	369	56	168	292	210	177	102	103	200	454	189	54	155	234	|
|404	475	430	156	472	419	328	279	415	112	419	211	145	214	340	361	202	390	178	165	440	321	475	320	238	197	384	344	287	453	490	396	305	255	0	181	254	261	201	422	410	69	335	353	160	225	551	246	252	280	482	|
|534	542	385	36	403	518	269	454	344	284	364	151	55	113	423	488	257	363	248	343	459	450	513	261	278	221	349	498	216	445	463	325	382	215	181	0	298	425	189	342	479	115	373	276	190	323	638	330	175	332	439	|
|278	243	214	264	274	230	165	329	233	232	215	166	313	212	132	232	52	165	76	278	186	208	224	163	21	77	168	293	171	206	251	219	91	126	254	298	0	267	114	250	181	242	82	202	112	88	341	68	177	33	258	|
|181	347	479	392	540	250	427	66	500	149	482	371	401	402	232	158	248	428	232	115	396	126	392	423	271	285	434	89	416	445	499	485	229	369	261	425	267	0	325	516	298	313	305	463	281	180	375	203	403	264	516	|
|380	355	231	156	271	343	128	376	215	233	218	53	212	98	246	333	87	194	95	293	273	302	324	121	94	44	185	374	96	268	296	196	204	56	201	189	114	325	0	224	294	161	185	157	49	167	455	163	78	147	284	|
|507	379	85	326	63	428	97	576	21	453	60	215	389	233	344	466	272	116	294	509	241	450	307	103	245	246	99	540	137	184	162	31	316	168	422	342	250	516	224	0	344	371	244	70	271	337	490	317	176	261	120	|
|189	65	270	444	334	90	297	363	323	349	288	343	491	389	74	165	225	228	241	369	125	177	96	299	201	258	245	267	327	191	247	319	105	292	410	479	181	298	294	344	0	414	116	328	291	187	163	165	345	147	282	|
|438	479	390	87	425	437	280	340	367	170	375	157	89	151	349	393	191	355	173	229	423	353	466	273	223	172	346	391	235	427	457	347	310	210	69	115	242	313	161	371	414	0	323	301	133	238	565	253	197	273	444	|
|263	172	184	340	249	188	184	370	224	302	194	231	392	277	100	223	134	134	156	340	107	213	143	185	100	155	146	307	211	141	195	216	78	177	335	373	82	305	185	244	116	323	0	217	192	138	278	110	230	55	214	|
|473	373	116	258	127	405	36	520	68	389	92	145	321	165	314	430	215	117	234	447	245	409	311	40	193	183	98	495	67	202	199	49	280	102	353	276	202	463	157	70	328	301	217	0	205	286	485	269	106	220	167	|
|353	355	271	154	316	328	175	330	261	185	261	90	201	125	233	306	67	230	60	244	291	272	335	168	92	39	224	336	145	296	331	243	192	103	160	190	112	281	49	271	291	133	192	205	0	138	449	141	123	145	323	|
|216	251	300	286	361	200	250	242	320	168	302	220	322	261	115	168	80	250	77	202	242	136	261	247	93	123	255	211	247	278	329	306	83	200	225	323	88	180	167	337	187	238	138	286	138	0	328	28	243	88	340	|
|202	112	409	603	468	134	456	429	470	471	431	505	646	551	216	217	382	376	395	473	251	253	187	459	362	418	394	308	488	315	362	469	257	454	551	638	341	375	455	490	163	565	278	485	449	328	0	313	508	308	406	|
|218	229	276	294	337	188	233	266	299	195	279	217	334	260	97	171	77	225	83	230	214	143	235	230	78	119	231	226	235	250	302	286	60	189	246	330	68	203	163	317	165	253	110	269	141	28	313	0	235	61	315	|
|452	402	210	153	233	406	94	453	174	305	190	41	216	62	308	406	163	189	172	366	297	377	357	86	160	120	174	451	41	274	288	154	268	54	252	175	177	403	78	176	345	197	230	106	123	243	508	235	0	207	264	|
|254	210	215	297	278	199	184	328	242	248	220	198	345	244	101	210	81	164	102	288	162	190	195	183	54	110	171	280	197	191	241	230	62	155	280	332	33	264	147	261	147	273	55	220	145	88	308	61	207	0	253	|
|465	300	54	417	69	372	170	581	106	487	75	295	479	325	307	431	298	95	324	536	160	426	219	178	263	288	99	520	223	92	47	120	292	234	482	439	258	516	284	120	282	444	214	167	323	340	406	315	264	253	0	|

--------------------------------------------------------------------------------
Building model...
	using lazy and cut (CVRPSEP package)
Solving IRP LP...
--------------------------------------------------------------------------------

Gurobi 9.1.0 (linux64) logging started Sun Feb 14 20:48:42 2021

Gurobi Optimizer version 9.1.0 build v9.1.0rc0 (linux64)
Thread count: 32 physical cores, 32 logical processors, using up to 2 threads
Optimize a model with 1899 rows, 16716 columns and 38118 nonzeros
Model fingerprint: 0xd5965964
Variable types: 804 continuous, 15912 integer (612 binary)
Coefficient statistics:
  Matrix range     [1e+00, 4e+03]
  Objective range  [1e-02, 6e+02]
  Bounds range     [1e+00, 3e+02]
  RHS range        [1e+00, 7e+03]
Presolve removed 537 rows and 1171 columns
Presolve time: 0.33s
Presolved: 1362 rows, 15545 columns, 33673 nonzeros
Variable types: 490 continuous, 15055 integer (14447 binary)

Root relaxation: objective 3.484096e+03, 1790 iterations, 0.08 seconds

    Nodes    |    Current Node    |     Objective Bounds      |     Work
 Expl Unexpl |  Obj  Depth IntInf | Incumbent    BestBd   Gap | It/Node Time

     0     0 3484.09562    0  162          - 3484.09562      -     -    0s
     0     0 3734.00238    0  152          - 3734.00238      -     -    1s
     0     0 3734.61495    0  133          - 3734.61495      -     -    1s
     0     0 4376.69192    0  242          - 4376.69192      -     -    1s
     0     0 4393.78142    0  259          - 4393.78142      -     -    1s
     0     0 4415.56614    0  274          - 4415.56614      -     -    1s
     0     0 4418.06310    0  277          - 4418.06310      -     -    1s
     0     0 4418.50372    0  284          - 4418.50372      -     -    2s
     0     0 4561.35652    0  318          - 4561.35652      -     -    2s
     0     0 4578.86135    0  323          - 4578.86135      -     -    2s
     0     0 4580.69198    0  343          - 4580.69198      -     -    2s
     0     0 4581.81683    0  337          - 4581.81683      -     -    2s
     0     0 4690.38500    0  381          - 4690.38500      -     -    3s
     0     0 4705.74705    0  433          - 4705.74705      -     -    4s
     0     0 4710.44215    0  468          - 4710.44215      -     -    5s
     0     0 4713.65055    0  488          - 4713.65055      -     -    5s
     0     0 4713.73335    0  483          - 4713.73335      -     -    5s
     0     0 4763.22846    0  376          - 4763.22846      -     -    6s
     0     0 4773.20999    0  419          - 4773.20999      -     -    6s
     0     0 4785.80366    0  389          - 4785.80366      -     -    6s
     0     0 4798.41790    0  459          - 4798.41790      -     -    7s
     0     0 4800.49725    0  443          - 4800.49725      -     -    7s
     0     0 4829.50818    0  363          - 4829.50818      -     -    8s
     0     0 4842.11115    0  432          - 4842.11115      -     -    8s
     0     0 4844.90879    0  410          - 4844.90879      -     -    8s
     0     0 4856.97781    0  477          - 4856.97781      -     -    9s
     0     0 4856.97781    0  477          - 4856.97781      -     -    9s
     0     0 4856.97781    0  477          - 4856.97781      -     -   11s
     0     2 4864.15713    0  526          - 4864.15713      -     -   12s
     9    12 4882.85836    3  438          - 4882.85836      -   771   15s
    34    38 4942.63031    9  317          - 4885.15660      -   599   20s
    69    75 5103.63952   18  295          - 4885.15660      -   497   25s
   114   127 5228.84987   35  221          - 4885.15660      -   434   30s
   252   283 6058.76241  104  128          - 4885.15660      -   274   35s
   389   412 7522.65000  178   13          - 4885.15660      -   207   40s
   592   607 9918.66500  284   18          - 4889.18147      -   153   45s
   704   697 4938.31549    6  583          - 4895.88877      -   140   50s
   741   699 7844.37361  207  179          - 4895.88877      -   138   55s
   752   707 5755.19611   87  632          - 4895.88877      -   136   61s
   756   709 5982.13317   65  653          - 4903.95111      -   135   65s
   766   716 5539.70512   57  734          - 4931.76864      -   133   70s
   771   719 10327.6200  304  677          - 4944.42463      -   132   75s
   778   724 5877.03168   53  664          - 4953.23036      -   131   81s
   785   729 5799.65837   91  740          - 4956.13128      -   130   85s
   787   730 5215.59425   33  740          - 4956.13128      -   129   90s
   800   742 5010.95807   19  687          - 4970.81942      -   158   95s
   810   748 5030.03657   22  544          - 4971.23530      -   168  100s
   829   762 5079.77777   26  550          - 4971.23530      -   179  105s
   848   777 5116.98844   30  341          - 4971.23530      -   188  110s
   886   811 5189.32745   39  292          - 4971.23530      -   194  115s
   939   844 5303.71336   51  351          - 4971.23530      -   198  120s
  1019   915 5398.84940   64  286          - 4971.23530      -   195  125s
  1128   985 5545.31631   80  255          - 4971.23530      -   189  131s
  1220  1074 5624.70095   92  219          - 4971.23530      -   184  136s
  1333  1091 5741.95380  102  241          - 4971.23530      -   175  142s
  1364  1109 5887.84241  113  229          - 4971.23530      -   175  145s
  1408  1146 6003.97702  132  195          - 4971.23530      -   176  151s
  1467  1173 6368.88969  160  157          - 4971.23530      -   175  155s
  1529  1250 6896.80890  187  112          - 4971.23530      -   175  161s
  1653  1357 8202.21790  245   58          - 4971.23530      -   168  166s
  1760  1334 5152.19043   19  583          - 4981.14751      -   162  171s
  1773  1343 5210.91622   21  505          - 4981.14751      -   165  175s
  1803  1376 5252.80957   26  332          - 4981.14751      -   167  181s
  1840  1405 5340.87755   33  300          - 4981.14751      -   168  185s
  1886  1455 5391.57693   46  190          - 4981.14751      -   169  190s
  1963  1490 5497.18742   60  136          - 4981.14751      -   168  198s
  1989  1531 5640.15950   64  165          - 4981.14751      -   168  201s
  2039  1606 5724.51247   73  160          - 4981.14751      -   167  205s
  2195  1682 6143.94798   89  172          - 4981.14751      -   162  212s
  2260  1765 6364.31428   95  106          - 4981.14751      -   160  216s
  2365  1840 6435.41303  111   68          - 4981.14751      -   157  221s
  2475  1952 6616.11833  129   49          - 4981.14751      -   153  226s
  2640  1976 6881.53192  153   26          - 5001.19933      -   147  237s
  2812  1949 5189.50976   22  480          - 5003.21132      -   141  241s
  2814  1953 5206.65634   23  529          - 5003.21132      -   142  245s
  2827  1961 5237.34494   25  593          - 5003.21132      -   144  251s
  2831  1965 5265.86461   25  508          - 5003.21132      -   145  255s
  2843  1975 5304.77350   28  380          - 5003.21132      -   148  261s
  2861  1990 5327.07601   30  422          - 5003.21132      -   150  267s
  2871  1994 5301.71371   30  442          - 5003.21132      -   151  270s
  2894  2016 5387.59609   32  324          - 5003.21132      -   153  276s
  2910  2034 5462.72864   35  227          - 5003.21132      -   154  280s
  2960  2072 5512.75789   43  231          - 5003.21132      -   156  287s
  2988  2087 5636.93393   49  198          - 5003.21132      -   156  292s
  3009  2112 5565.65018   53  220          - 5003.21132      -   157  296s
  3034  2156 5687.51207   58  214          - 5003.21132      -   158  300s
  3078  2204 5788.57398   67   71          - 5003.21132      -   159  305s
  3126  2298 5999.53818   74   76          - 5003.21132      -   159  311s
  3220  2384 6235.55277   97   55          - 5003.21132      -   158  317s
  3312  2501 6647.94207  113   47          - 5003.21132      -   157  325s
  3444  2577 7374.99438  135   38          - 5003.22134      -   154  333s
  3532  2657 5164.68219   20  694          - 5003.22134      -   153  343s
  3634  2657 7616.30326  164   41          - 5003.22134      -   152  345s
  3647  2675 5338.81822   26  382          - 5003.22134      -   154  354s
  3658  2694 5415.67762   29  340          - 5003.22134      -   156  359s
  3677  2711 5459.05293   36  272          - 5003.22134      -   157  366s
  3694  2736 5509.87641   38  236          - 5003.22134      -   159  371s
  3721  2779 5652.94713   47  156          - 5003.22134      -   161  376s
  3764  2809 5817.34250   57   97          - 5003.22134      -   162  382s
  3794  2865 6121.32808   64  141          - 5003.22134      -   164  388s
  3850  2930 6227.80826   77  122          - 5003.22134      -   164  396s
  3917  2994 6453.56964   99   94          - 5010.99311      -   164  409s
  3932  2994 7511.75172  104   62          - 5010.99311      -   164  410s
  4015  3037 5175.20950   20  541          - 5010.99311      -   164  417s
  4058  3092 5263.50987   24  371          - 5010.99311      -   165  424s
  4070  3092 5859.34017  102   88          - 5010.99311      -   165  425s
  4113  3209 5339.39405   31  316          - 5010.99311      -   166  432s
  4230  3343 5591.89528   40  195          - 5010.99311      -   164  442s
  4396  3402 5669.50694   53  177          - 5010.99311      -   162  451s
  4451  3512 5846.47672   78  159          - 5010.99311      -   163  460s
  4575  3517 7111.91219  118   64          - 5015.83114      -   162  470s
  4598  3535 5312.17654   22  476          - 5015.83114      -   164  478s
  4616  3557 5381.53983   26  533          - 5015.83114      -   165  486s
  4638  3583 5418.14508   26  417          - 5015.83114      -   167  494s
  4664  3616 5420.29193   29  457          - 5015.83114      -   168  502s
  4697  3645 5791.69760   34  402          - 5015.83114      -   170  511s
  4726  3684 5461.10898   34  434          - 5015.83114      -   172  522s
  4765  3724 5622.15136   36  398          - 5015.83114      -   173  531s
  4805  3822 5579.35528   44  360          - 5015.83114      -   175  541s
  4903  3946 5732.01706   55   35          - 5015.83114      -   175  553s
  5009  3946 6646.86179  144   72          - 5015.83114      -   174  555s
  5027  4300 5909.26346   76   86          - 5015.83114      -   174  571s
  5338  4300 7644.09359  191    4          - 5015.83114      -   167  575s
  5431  4458 6531.81959  125   50          - 5040.64171      -   165  589s
  5515  4463 6907.94921  151   26          - 5040.64171      -   164  590s
  5618  4503 5125.09157   21  520          - 5040.64171      -   163  600s
  5636  4530 5414.38196   21  464          - 5040.64171      -   165  613s
  5663  4564 5332.20453   25  394          - 5040.64171      -   167  624s
  5697  4614 5455.36791   31  347          - 5040.64171      -   169  635s
  5747  4790 5534.38896   41  248          - 5040.64171      -   170  649s
  5923  4910 5631.12188   57  125          - 5040.64171      -   169  665s
  6103  5029 5724.53058   66  200          - 5040.64171      -   168  679s
  6159  5029 6007.88720   95   84          - 5040.64171      -   168  680s
  6193  5166 6084.17650  103   30          - 5044.68425      -   169  693s
  6347  5191 7998.43909  161   13          - 5044.68425      -   166  695s
  6436  5256 5197.07132   20  584          - 5044.68425      -   166  706s
  6473  5294 5311.80225   31  320          - 5044.68425      -   167  718s
  6511  5337 5414.39838   38  400          - 5044.68425      -   169  732s
  6554  5395 5525.75805   43   96          - 5044.68425      -   171  745s
  6612  5514 5606.39824   58  161          - 5044.68425      -   172  758s
  6731  5742 5798.41103   93   52          - 5044.68425      -   173  817s
  6979  6106 6395.25257  106  100          - 5051.24668      -   171  836s
  7259  6181 8544.78000  191   10          - 5051.24668      -   165  840s
  7579  6261 5272.54112   27  490          - 5051.40338      -   161  860s
  7612  6310 5468.87634   37  394          - 5051.40338      -   164  876s
  7661  6417 5453.63830   45  318          - 5051.40338      -   166  894s
  7689  6417 5645.43850   58  273          - 5051.40338      -   167  895s
  7768  6640 5956.48277   63  251          - 5051.40338      -   168  914s
  7824  6640 6065.35520   84  135          - 5051.40338      -   168  915s
  7991  6757 6298.56340   95   95          - 5051.63465      -   168  937s
  8222  6815 5318.10696   24  354          - 5051.72565      -   167  956s
  8282  6951 5482.33544   35  316          - 5051.72565      -   169  974s
  8418  7134 5620.88132   48  179          - 5051.72565      -   171  994s
  8474  7134 5876.22386   68   71          - 5051.72565      -   172  995s
  8623  7342 5959.95145   73  129          - 5061.37795      -   171 1018s
  8791  7342 infeasible  131               - 5061.37795      -   170 1020s
  8861  7409 5339.90876   22  420          - 5061.37795      -   171 1038s
  8919  7527 5468.97613   34  325          - 5061.37795      -   173 1058s
  9037  7678 5697.07624   46   88          - 5061.37795      -   174 1082s
  9236  7910 5932.40284   73  103          - 5061.59925      -   174 1109s
  9278  7910 6091.46983   88  101          - 5061.59925      -   175 1110s
  9500  7973 5253.97516   27  553          - 5061.59925      -   174 1129s
  9519  7973 5355.05329   33  552          - 5061.59925      -   175 1130s
  9545  8043 5458.09316   36  456          - 5061.59925      -   176 1148s
  9615  8163 5746.42480   55  160          - 5061.59925      -   178 1169s
  9685  8163 6034.36784   76  117          - 5061.59925      -   178 1170s
  9735  8420 6095.74402   81  120          - 5061.59925      -   179 1198s
  9889  8421 5861.28169   73  172          - 5061.59925      -   178 1200s
  9994  8672 6674.71649  129   39          - 5065.65075      -   178 1227s
 10286  8720 6712.55273  162    5          - 5076.69978      -   174 1230s
 10404  8781 5346.00799   24  555          - 5076.69978      -   173 1249s
 10434  8829 5505.69726   32  381          - 5076.69978      -   175 1267s
 10482  8907 5684.53571   50  226          - 5076.69978      -   177 1285s
 10562  9137 5850.13122   63  217          - 5076.69978      -   179 1307s
 10794  9441 6445.06755  112   55          - 5077.25948      -   178 1333s
 10894  9453 6447.84953  114   23          - 5077.27689      -   178 1335s
 11217  9611 5418.69572   39  246          - 5077.27689      -   175 1356s
 11329  9758 5857.19849   61  205          - 5077.27689      -   176 1375s
 11476  9985 6509.00477   81  146          - 5080.11869      -   178 1398s
 11625  9985 7433.21371  128   35          - 5080.11869      -   177 1400s
 11766 10014 5144.82151   25  565          - 5080.28219      -   177 1418s
 11795 10059 5386.43283   32  261          - 5080.28219      -   179 1438s
 11840 10149 5506.33086   45  260          - 5080.28219      -   180 1458s
 11930 10322 5873.06901   60  108          - 5080.28219      -   182 1481s
 12103 10865 6363.67459   92   57          - 5081.06712      -   182 1513s
 12299 10882 7406.30500  152   10          - 5081.06712      -   180 1515s
 12804 11262 5424.51933   22  529          - 5081.06712      -   177 1545s
 13170 11282 8595.30000  228    -          - 5081.06712      -   174 1550s
 13203 11433 5878.76677   41  133          - 5081.06712      -   174 1571s
 13349 11643 6294.26864   73  149          - 5085.22729      -   175 1595s
 13619 11728 5219.68864   25  707          - 5085.22729      -   174 1617s
 13680 11842 5417.77379   32  549          - 5085.22729      -   175 1644s
 13730 11842 6313.10379   74  124          - 5085.22729      -   176 1645s
 13794 12213 5486.51458   43  344          - 5085.22729      -   176 1673s
 13924 12213 6862.42762  115   46          - 5085.22729      -   176 1675s
 14223 12462 5949.16474   76  107          - 5085.22729      -   173 1697s
 14391 12462 7092.49503  141   65          - 5085.22729      -   173 1700s
 14445 12549 7242.04410  150   62          - 5085.24439      -   173 1719s
 14459 12549 7303.61810  158   27          - 5085.24439      -   173 1720s
 14548 12728 5391.35175   29  388          - 5085.24439      -   174 1746s
 14785 12788 5590.60776   38  326          - 5085.24439      -   173 1767s
 14817 12831 5711.83257   48  197          - 5085.24439      -   175 1787s
 14860 12943 5966.94546   56  358          - 5085.24439      -   176 1807s
 14976 13109 6511.63644   85   76          - 5091.13982      -   177 1827s
 15160 13360 5319.49514   24  589          - 5091.13982      -   177 1851s
 15409 13543 5574.02147   32  441          - 5091.13982      -   177 1876s
 15684 13682 5845.25949   56  208          - 5091.13982      -   176 1900s
 15775 13814 6193.31360   86  136          - 5093.37459      -   176 1923s
 15963 13907 5489.06910   25  524          - 5093.37459      -   176 1944s
 16037 14112 5539.21370   29  544          - 5093.37459      -   177 1966s
 16242 14359 5760.60497   44  225          - 5093.37459      -   177 1991s
 16537 14501 5973.81657   67  112          - 5093.37459      -   176 2016s
 16655 14825 6349.05281  106   93          - 5096.22079      -   177 2046s
 17005 14862 8033.79000  194    8          - 5096.22079      -   174 2050s
 17085 14911 5191.66688   29  639          - 5096.22079      -   174 2069s
 17118 14978 5323.43450   37  362          - 5096.22079      -   175 2088s
 17185 15076 5497.44861   47  290          - 5096.22079      -   176 2108s
 17303 15216 5800.73347   54  264          - 5096.22079      -   177 2129s
 17433 15462 5895.71182   66  251          - 5096.22079      -   178 2154s
 17503 15462 6366.69562  100  163          - 5096.22079      -   178 2155s
 17793 15759 6453.43500  103  179          - 5099.52885      -   176 2181s
 18059 15834 5497.39574   23  597          - 5099.52885      -   176 2204s
 18121 16128 5661.50011   30  426          - 5099.52885      -   176 2235s
 18484 16160 7925.15000  182    6          - 5099.52885      -   175 2240s
 18505 16229 5850.15019   45  173          - 5099.52885      -   175 2259s
 18519 16229 5880.54328   49  230          - 5099.52885      -   175 2260s
 18561 16326 6036.10762   57  307          - 5099.52885      -   176 2281s
 18658 16564 6766.78641   84  187          - 5099.52885      -   177 2307s
 18868 16566 5727.33344   52  117          - 5099.52885      -   176 2310s
 18900 16774 7850.34506  143   80          - 5100.55333      -   176 2331s
 19134 16907 5626.61552   26  412          - 5100.55333      -   176 2354s
 19198 16907 7023.50425  132   81          - 5100.55333      -   176 2355s
 19284 16948 5704.63640   28  386          - 5100.55333      -   176 2374s
 19316 17009 5852.24504   33  355          - 5100.55333      -   177 2394s
 19377 17152 5992.33460   44  259          - 5100.55333      -   177 2417s
 19520 17356 6292.90173   61  213          - 5100.55333      -   178 2445s
 19762 17528 6454.19827   82  240          - 5100.55333      -   177 2469s
 19818 17528 6582.43155  106   76          - 5100.55333      -   177 2470s
 19915 17631 6949.24283  134   50          - 5104.81354      -   178 2492s
 20062 17700 5341.54595   27  603          - 5104.81354      -   178 2513s
 20131 17886 5577.06324   37  406          - 5104.81354      -   179 2539s
 20165 17886 5816.88962   67   35          - 5104.81354      -   179 2540s
 20349 17970 5874.86564   49  231          - 5104.81354      -   179 2562s
 20417 18241 6095.13072   72   85          - 5110.35334      -   180 2591s
 20739 18292 8942.41000  182    -          - 5110.35334      -   178 2595s
 20810 18470 5360.49252   23  483          - 5110.35334      -   178 2618s
 20979 18472 6700.80000  113    -          - 5110.35334      -   178 2620s
 21006 18595 5700.34151   38  196          - 5110.35334      -   178 2639s
 21063 18595 6065.25214   59  101          - 5110.35334      -   179 2640s
 21117 18725 6261.20299   63  121          - 5111.49478      -   179 2660s
 21293 18837 5532.29784   25  554          - 5111.49478      -   180 2685s
 21425 18889 5872.02599   39  290          - 5111.49478      -   180 2708s
 21477 18957 5994.69910   53  114          - 5111.49478      -   181 2728s
 21545 19100 6501.83034   64  165          - 5111.49478      -   182 2753s
 21678 19100 5784.21716   54  213          - 5111.49478      -   182 2755s
 21688 19300 6732.56200  110   81          - 5114.78723      -   182 2779s
 21744 19300 6943.37173  126   62          - 5114.78723      -   182 2780s
 21928 19403 5342.96469   28  582          - 5114.78723      -   182 2803s
 22011 19529 5417.59107   33  455          - 5114.78723      -   182 2829s
 22137 19758 5609.89331   41  310          - 5114.78723      -   183 2857s
 22397 19780 7964.77000  173    -          - 5114.78723      -   182 2860s
 22492 19863 5671.36997   46  262          - 5114.78723      -   181 2882s
 22535 20007 5848.47587   58  395          - 5114.78723      -   182 2904s
 22605 20007 6087.69290   91   58          - 5114.78723      -   182 2905s
 22679 20276 6353.26167  105   95          - 5115.43131      -   182 2929s
 22763 20278 6626.34000  140   33          - 5115.43131      -   182 2930s
 23066 20479 5401.32440   28  563          - 5115.43131      -   181 2958s
 23210 20705 5581.66504   42  370          - 5115.43131      -   181 2987s
 23381 20722 8399.45000  168    6          - 5115.43131      -   181 2990s
 23554 20829 5753.52753   57  182          - 5115.43131      -   180 3013s
 23622 21012 6133.32059   79  133          - 5115.43131      -   180 3035s
 23805 21164 7295.46424  147   59          - 5116.64798      -   180 3060s
 24009 21384 5219.35604   27  707          - 5116.64798      -   180 3087s
 24247 21403 8015.05000  170    6          - 5116.64798      -   180 3090s
 24277 21473 5356.31384   34  476          - 5116.64798      -   180 3109s
 24335 21549 5563.68584   52  355          - 5116.64798      -   180 3130s
 24411 21669 5811.77739   70  235          - 5116.64798      -   181 3152s
 24531 21777 6680.59632  111  107          - 5116.64798      -   181 3376s
 24639 22163 6718.63258  131   98          - 5121.44596      -   181 3405s
 25113 22282 5331.58607   30  611          - 5121.45546      -   180 3433s
 25188 22440 5522.24502   36  554          - 5121.45546      -   181 3461s
 25400 22581 5692.81701   45  152          - 5121.45546      -   181 3486s
 25514 22871 6057.30771   96   30          - 5128.53195      -   181 3517s
 25696 22892 7954.88000  151    2          - 5128.53195      -   180 3520s
 25962 23250 5609.78392   27  282          - 5128.53195      -   180 3551s
 26267 23279 7512.71082  158   40          - 5128.53195      -   179 3555s
 26384 23473 6448.71031   70  107          - 5129.90457      -   178 3585s
 26624 23526 5252.05113   24  606          - 5129.90457      -   178 3600s

Cutting planes:
  User: 5698
  Gomory: 15
  Cover: 546
  Implied bound: 210
  Projected implied bound: 4
  Clique: 85
  MIR: 138
  StrongCG: 2
  Flow cover: 444
  GUB cover: 5
  Zero half: 84
  RLT: 405
  Relax-and-lift: 9
  Lazy constraints: 3940

Explored 26638 nodes (4763394 simplex iterations) in 3600.27 seconds
Thread count was 2 (of 32 available processors)

Solution count 0

Time limit reached
Best objective -, best bound 5.129904571226e+03, gap -

User-callback calls 398288, time in user-callback 208.07 sec
writeSolution() exp: Unable to retrieve attribute 'X'
================================================================================
executing instance: ./input/Instances/Original/5/absH3low_4n25.dat
--------------------------------------------------------------------------------
Instance details
n	26
H	3
C	2029
Li:
[0, 0, 0, 0, 0, 0, 0, 0, 0, 0, 0, 0, 0, 0, 0, 0, 0, 0, 0, 0, 0, 0, 0, 0, 0, 0, ]
Ui:
[0, 34, 165, 76, 88, 188, 58, 279, 52, 132, 198, 142, 135, 165, 186, 58, 201, 196, 40, 183, 32, 90, 168, 126, 93, 146, ]
Distance matrix:
|0	299	188	235	91	202	152	147	162	277	268	132	71	162	220	69	220	289	241	124	265	80	162	132	66	302	|
|299	0	468	431	282	142	317	425	443	569	193	178	359	302	422	231	93	28	511	325	457	242	434	215	240	601	|
|188	468	0	153	265	342	308	43	192	106	455	290	117	206	142	246	379	464	252	274	360	267	211	319	231	184	|
|235	431	153	0	326	289	386	145	321	240	482	269	184	129	15	258	339	436	393	355	477	305	336	354	237	334	|
|91	282	265	326	0	228	66	228	166	339	196	157	154	242	311	99	225	264	229	50	201	47	153	71	115	340	|
|202	142	342	289	228	0	285	301	363	447	255	73	245	161	281	139	53	151	440	278	428	181	360	187	136	495	|
|152	317	308	386	66	285	0	275	167	368	188	217	207	308	371	163	274	295	210	34	145	108	148	104	181	350	|
|147	425	43	145	228	301	275	0	179	146	415	248	76	172	131	203	337	421	248	242	341	227	195	279	188	211	|
|162	443	192	321	166	363	167	179	0	216	352	291	152	302	307	225	375	428	81	138	170	201	22	237	227	183	|
|277	569	106	240	339	447	368	146	216	0	535	391	210	312	232	341	481	562	245	335	381	352	238	402	329	106	|
|268	193	455	482	196	255	188	415	352	535	0	225	339	367	469	224	212	165	398	214	302	188	335	136	245	533	|
|132	178	290	269	157	73	217	248	291	391	225	0	183	145	258	66	91	175	367	207	358	110	287	127	67	431	|
|71	359	117	184	154	245	207	76	152	210	339	183	0	152	169	131	274	352	232	174	294	151	161	203	119	251	|
|162	302	206	129	242	161	308	172	302	312	367	145	152	0	120	153	210	308	383	284	426	208	309	249	132	383	|
|220	422	142	15	311	281	371	131	307	232	469	258	169	120	0	245	330	427	379	340	461	291	321	340	224	324	|
|69	231	246	258	99	139	163	203	225	341	224	66	131	153	245	0	152	222	301	147	299	57	221	97	22	371	|
|220	93	379	339	225	53	274	337	375	481	212	91	274	210	330	152	0	99	448	273	419	180	369	171	157	521	|
|289	28	464	436	264	151	295	421	428	562	165	175	352	308	427	222	99	0	493	305	434	227	418	196	234	590	|
|241	511	252	393	229	440	210	248	81	245	398	367	232	383	379	301	448	493	0	190	147	270	80	298	305	175	|
|124	325	274	355	50	278	34	242	138	335	214	207	174	284	340	147	273	305	190	0	152	97	122	110	162	320	|
|265	457	360	477	201	428	145	341	170	381	302	358	294	426	461	299	419	434	147	152	0	248	150	249	312	322	|
|80	242	267	305	47	181	108	227	201	352	188	110	151	208	291	57	180	227	270	97	248	0	192	52	76	366	|
|162	434	211	336	153	360	148	195	22	238	335	287	161	309	321	221	369	418	80	122	150	192	0	224	225	203	|
|132	215	319	354	71	187	104	279	237	402	136	127	203	249	340	97	171	196	298	110	249	52	224	0	118	409	|
|66	240	231	237	115	136	181	188	227	329	245	67	119	132	224	22	157	234	305	162	312	76	225	118	0	364	|
|302	601	184	334	340	495	350	211	183	106	533	431	251	383	324	371	521	590	175	320	322	366	203	409	364	0	|

--------------------------------------------------------------------------------
Building model...
	using lazy and cut (CVRPSEP package)
Solving IRP LP...
--------------------------------------------------------------------------------

Gurobi 9.1.0 (linux64) logging started Sun Feb 14 21:48:43 2021

Gurobi Optimizer version 9.1.0 build v9.1.0rc0 (linux64)
Thread count: 32 physical cores, 32 logical processors, using up to 2 threads
