




arguments: ./build/bc_mirp -f ./input/orig_exec_36.cfg
Current dir: /scratch/gui/bc_mirp
File verbosity level: 9
date       time         ( uptime  ) [ thread name/id ]                   file:line     v| 
2021-02-06 18:12:02.816 (   0.108s) [main thread     ]             loguru.cpp:789   INFO| Logging to './output/vi_vc+lex_quarter/OU/V4/Original/execution_06_02_2021_18_12_02.log', mode: 'a', verbosity: 9
--------------------------------------------------------------------------------
Parameters
                           instance_path           ./input/Instances/Original/1/
                            model_policy                                       1
                             nb_vehicles                                       4
                              output_dir./output/vi_vc+lex_quarter/OU/V4/Original/
                            sec_strategy                                       1
                       solver_nb_threads                                       2
                         solver_show_log                                    true
                       solver_time_limit                                    3600
                              use_vi_cos                                   false
                              use_vi_cus                                   false
                         use_vi_hc1_full                                   false
                         use_vi_hc1_half                                   false
                      use_vi_hc1_quarter                                   false
                              use_vi_hc2                                   false
                              use_vi_hc3                                   false
                         use_vi_lex_full                                   false
                         use_vi_lex_half                                   false
                      use_vi_lex_quarter                                    true
                              use_vi_qua                                   false
                               use_vi_vc                                    true
                               use_vi_vr                                   false
--------------------------------------------------------------------------------
executing instance: ./input/Instances/Original/1/absH3high_1n5.dat
--------------------------------------------------------------------------------
Instance details
n	6
H	3
C	289
Li:
[0, 0, 0, 0, 0, 0, ]
Ui:
[0, 195, 105, 116, 72, 22, ]
Distance matrix:
|0	85	349	17	203	289	|
|85	0	265	102	214	226	|
|349	265	0	366	368	238	|
|17	102	366	0	207	302	|
|203	214	368	207	0	431	|
|289	226	238	302	431	0	|

--------------------------------------------------------------------------------
Building model...
	using lazy and cut (CVRPSEP package)
Solving IRP LP...
--------------------------------------------------------------------------------

Gurobi 9.1.0 (linux64) logging started Sat Feb  6 18:12:03 2021

Gurobi Optimizer version 9.1.0 build v9.1.0rc0 (linux64)
Thread count: 32 physical cores, 32 logical processors, using up to 2 threads
Optimize a model with 234 rows, 336 columns and 1155 nonzeros
Model fingerprint: 0xf03abcd1
Variable types: 84 continuous, 252 integer (72 binary)
Coefficient statistics:
  Matrix range     [1e+00, 2e+02]
  Objective range  [2e-01, 4e+02]
  Bounds range     [1e+00, 2e+02]
  RHS range        [1e+00, 5e+02]
Presolve removed 101 rows and 133 columns
Presolve time: 0.02s
Presolved: 133 rows, 203 columns, 650 nonzeros
Variable types: 32 continuous, 171 integer (117 binary)
Found heuristic solution: objective 3625.6100000
Found heuristic solution: objective 2887.3300000

Root relaxation: objective 1.897530e+03, 150 iterations, 0.00 seconds

    Nodes    |    Current Node    |     Objective Bounds      |     Work
 Expl Unexpl |  Obj  Depth IntInf | Incumbent    BestBd   Gap | It/Node Time

     0     0 1897.53024    0   23 2887.33000 1897.53024  34.3%     -    0s
     0     0 2079.22822    0   26 2887.33000 2079.22822  28.0%     -    0s
     0     0 2283.47851    0   38 2887.33000 2283.47851  20.9%     -    0s
     0     0 2285.55674    0   35 2887.33000 2285.55674  20.8%     -    0s
     0     0 2409.82143    0   62 2887.33000 2409.82143  16.5%     -    0s
H    0     0                    2825.3500000 2409.82143  14.7%     -    0s
     0     0 2410.65290    0   59 2825.35000 2410.65290  14.7%     -    0s
     0     0 2411.68481    0   69 2825.35000 2411.68481  14.6%     -    0s
     0     0 2517.29931    0   81 2825.35000 2517.29931  10.9%     -    0s
     0     0 2521.84738    0   80 2825.35000 2521.84738  10.7%     -    0s
     0     0 2522.23825    0   85 2825.35000 2522.23825  10.7%     -    0s
     0     0 2539.04147    0   87 2825.35000 2539.04147  10.1%     -    0s
H    0     0                    2824.6500000 2539.04147  10.1%     -    0s
     0     0 2541.06575    0   54 2824.65000 2541.06575  10.0%     -    0s
     0     0 2541.06888    0   55 2824.65000 2541.06888  10.0%     -    0s
     0     0 2553.10447    0   62 2824.65000 2553.10447  9.61%     -    0s
     0     0 2555.45331    0   62 2824.65000 2555.45331  9.53%     -    0s
     0     0 2556.55434    0   62 2824.65000 2556.55434  9.49%     -    0s
     0     0 2558.14604    0   62 2824.65000 2558.14604  9.43%     -    0s
     0     0 2558.14604    0   62 2824.65000 2558.14604  9.43%     -    0s
     0     2 2558.14604    0   59 2824.65000 2558.14604  9.43%     -    0s
H    3     5                    2703.3300000 2674.39704  1.07%  59.3    0s

Cutting planes:
  Cover: 28
  Implied bound: 6
  Clique: 4
  MIR: 9
  Flow cover: 17
  RLT: 25
  Relax-and-lift: 8

Explored 14 nodes (869 simplex iterations) in 0.17 seconds
Thread count was 2 (of 32 available processors)

Solution count 5: 2703.33 2824.65 2825.35 ... 3625.61

Optimal solution found (tolerance 1.00e-04)
Best objective 2.703330000000e+03, best bound 2.703330000000e+03, gap 0.0000%

User-callback calls 285, time in user-callback 0.01 sec
================================================================================
executing instance: ./input/Instances/Original/1/absH3high_1n45.dat
--------------------------------------------------------------------------------
Instance details
n	46
H	3
C	3462
Li:
[0, 0, 0, 0, 0, 0, 0, 0, 0, 0, 0, 0, 0, 0, 0, 0, 0, 0, 0, 0, 0, 0, 0, 0, 0, 0, 0, 0, 0, 0, 0, 0, 0, 0, 0, 0, 0, 0, 0, 0, 0, 0, 0, 0, 0, 0, ]
Ui:
[0, 273, 270, 36, 165, 192, 148, 45, 30, 75, 180, 198, 112, 117, 90, 64, 180, 22, 264, 174, 168, 270, 86, 66, 26, 66, 237, 156, 92, 108, 144, 72, 30, 45, 94, 54, 174, 96, 198, 136, 44, 180, 210, 249, 198, 48, ]
Distance matrix:
|0	281	201	160	249	201	93	431	236	139	252	136	116	166	390	110	349	374	303	180	327	464	236	70	44	461	346	439	363	254	312	426	305	206	71	137	169	200	247	260	20	219	256	253	460	278	|
|281	0	448	170	53	142	338	184	121	290	371	390	222	302	111	289	169	434	230	177	238	441	59	212	319	211	86	235	399	306	53	176	99	202	263	157	361	101	370	201	264	344	364	374	469	184	|
|201	448	0	285	430	325	114	556	361	171	191	64	228	174	546	294	453	306	364	289	388	435	393	254	157	585	491	536	318	254	490	554	436	407	266	292	108	388	186	337	207	181	205	190	408	364	|
|160	170	285	0	169	43	182	280	80	120	208	231	58	132	262	230	190	294	151	24	174	345	112	107	183	309	207	280	268	158	219	276	155	235	187	45	192	150	205	107	140	177	202	210	356	119	|
|249	53	430	169	0	152	317	238	145	282	377	369	212	299	157	242	215	452	261	183	273	474	76	181	290	264	140	287	421	320	63	229	145	148	221	142	352	53	374	226	234	346	370	378	498	215	|
|201	142	325	43	152	0	224	237	37	156	230	273	101	164	224	261	148	300	127	38	147	333	83	142	225	266	167	238	270	168	193	233	112	246	221	70	228	148	228	84	180	202	222	232	351	87	|
|93	338	114	182	317	224	0	460	262	92	180	52	124	112	440	199	364	307	292	191	317	415	284	140	57	490	387	452	304	208	377	457	336	297	163	181	84	274	175	256	95	152	188	180	402	280	|
|431	184	556	280	238	237	460	0	199	385	420	508	337	385	108	464	110	429	219	269	206	378	202	365	460	30	98	84	388	340	204	9	126	386	432	294	453	283	421	226	411	404	408	423	422	198	|
|236	121	361	80	145	37	262	199	0	191	255	310	138	197	191	290	114	312	118	72	133	330	69	175	262	229	132	204	279	186	174	195	75	258	251	102	262	153	254	81	216	230	246	257	353	72	|
|139	290	171	120	282	156	92	385	191	0	116	129	71	27	380	246	283	235	201	119	226	329	231	141	129	414	323	367	224	119	336	383	266	308	202	141	72	252	112	169	127	82	118	117	322	195	|
|252	371	191	208	377	230	180	420	255	116	0	187	178	90	443	361	311	127	204	195	224	246	313	257	232	446	382	380	129	81	423	421	320	422	318	242	100	355	5	195	241	34	15	2	225	224	|
|136	390	64	231	369	273	52	508	310	129	187	0	173	141	491	233	409	313	330	239	355	431	335	191	93	538	438	495	316	233	429	505	385	342	203	233	88	325	182	297	143	167	199	187	412	323	|
|116	222	228	58	212	101	124	337	138	71	178	173	0	91	319	206	244	284	187	69	212	357	165	85	130	367	265	333	264	151	267	333	213	244	161	70	140	181	175	145	97	145	177	180	359	165	|
|166	302	174	132	299	164	112	385	197	27	90	141	91	0	388	273	280	208	191	127	215	305	243	167	153	413	329	361	198	96	351	383	270	333	229	159	68	272	86	163	153	56	92	91	296	190	|
|390	111	546	262	157	224	440	108	191	380	443	491	319	388	0	399	164	480	264	261	261	456	156	320	426	125	62	186	442	369	107	99	125	300	374	260	452	210	443	252	372	420	433	446	494	227	|
|110	289	294	230	242	261	199	464	290	246	361	233	206	273	399	0	402	480	382	254	404	562	262	124	143	493	369	490	466	355	302	457	344	135	45	191	279	189	356	337	120	328	364	362	563	348	|
|349	169	453	190	215	148	364	110	114	283	311	409	244	280	164	402	0	324	110	174	101	292	151	289	372	135	109	90	284	230	212	111	70	354	364	216	348	245	312	118	329	295	298	313	330	90	|
|374	434	306	294	452	300	307	429	312	235	127	313	284	208	480	480	324	0	216	274	223	137	380	368	357	448	419	367	40	136	487	432	358	525	436	336	227	443	132	234	361	156	119	127	102	255	|
|303	230	364	151	261	127	292	219	118	201	204	330	187	191	264	382	110	216	0	128	25	213	185	258	314	243	203	176	178	123	282	221	144	372	338	193	256	270	206	45	283	193	191	206	239	46	|
|180	177	289	24	183	38	191	269	72	119	195	239	69	127	261	254	174	274	128	0	151	321	118	130	198	299	204	263	246	139	228	266	147	258	211	68	191	169	193	83	159	166	188	197	333	98	|
|327	238	388	174	273	147	317	206	133	226	224	355	212	215	261	404	101	223	25	151	0	203	198	281	339	228	202	156	184	143	288	209	146	390	362	215	280	286	226	68	308	215	210	226	235	61	|
|464	441	435	345	474	333	415	378	330	329	246	431	357	305	456	562	292	137	213	321	203	0	398	440	458	390	400	301	117	211	492	384	348	578	517	389	344	480	251	251	448	265	233	246	54	259	|
|236	59	393	112	76	83	284	202	69	231	313	335	165	243	156	262	151	380	185	118	198	398	0	167	270	231	110	233	347	250	110	195	85	203	230	103	303	95	311	150	217	284	305	315	422	139	|
|70	212	254	107	181	142	140	365	175	141	257	191	85	167	320	124	289	368	258	130	281	440	167	0	109	394	277	378	349	236	244	359	239	167	81	73	196	135	253	213	53	223	257	258	444	226	|
|44	319	157	183	290	225	57	460	262	129	232	93	130	153	426	143	372	357	314	198	339	458	270	109	0	490	379	462	351	247	353	456	334	250	110	168	140	243	226	274	56	201	238	232	449	294	|
|461	211	585	309	264	266	490	30	229	414	446	538	367	413	125	493	135	448	243	299	228	390	231	394	490	0	125	89	408	365	226	36	156	412	462	324	481	311	447	253	441	430	433	448	436	225	|
|346	86	491	207	140	167	387	98	132	323	382	438	265	329	62	369	109	419	203	204	202	400	110	277	379	125	0	155	381	307	113	90	63	288	339	211	394	186	382	190	327	359	371	384	436	165	|
|439	235	536	280	287	238	452	84	204	367	380	495	333	361	186	490	90	367	176	263	156	301	233	378	462	89	155	0	326	299	267	92	148	432	454	306	429	325	382	199	419	369	366	382	348	172	|
|363	399	318	268	421	270	304	388	279	224	129	316	264	198	442	466	284	40	178	246	184	117	347	349	351	408	381	326	0	113	452	391	321	502	422	311	229	415	134	199	348	152	118	130	98	219	|
|254	306	254	158	320	168	208	340	186	119	81	233	151	96	369	355	230	136	123	139	143	211	250	236	247	365	307	299	113	0	359	340	244	390	310	200	148	308	83	117	238	74	68	83	208	145	|
|312	53	490	219	63	193	377	204	174	336	423	429	267	351	107	302	212	487	282	228	288	492	110	244	353	226	113	267	452	359	0	195	145	194	283	199	407	115	421	254	296	394	415	425	521	237	|
|426	176	554	276	229	233	457	9	195	383	421	505	333	383	99	457	111	432	221	266	209	384	195	359	456	36	90	92	391	340	195	0	122	378	426	289	451	275	421	226	406	404	408	423	427	197	|
|305	99	436	155	145	112	336	126	75	266	320	385	213	270	125	344	70	358	144	147	146	348	85	239	334	156	63	148	321	244	145	122	0	286	310	168	336	177	320	128	285	298	309	322	381	103	|
|206	202	407	235	148	246	297	386	258	308	422	342	244	333	300	135	354	525	372	258	390	578	203	167	250	412	288	432	502	390	194	378	286	0	144	191	362	109	418	329	202	388	421	423	591	329	|
|71	263	266	187	221	221	163	432	251	202	318	203	161	229	374	45	364	436	338	211	362	517	230	81	110	462	339	454	422	310	283	426	310	144	0	150	239	168	313	294	77	285	321	319	518	306	|
|137	157	292	45	142	70	181	294	102	141	242	233	70	159	260	191	216	336	193	68	215	389	103	73	168	324	211	306	311	200	199	289	168	191	150	0	210	113	239	148	117	210	238	244	400	157	|
|169	361	108	192	352	228	84	453	262	72	100	88	140	68	452	279	348	227	256	191	280	344	303	196	140	481	394	429	229	148	407	451	336	362	239	210	0	318	95	231	164	79	111	100	325	258	|
|200	101	388	150	53	148	274	283	153	252	355	325	181	272	210	189	245	443	270	169	286	480	95	135	243	311	186	325	415	308	115	275	177	109	168	113	318	0	352	230	187	323	351	357	498	225	|
|247	370	186	205	374	228	175	421	254	112	5	182	175	86	443	356	312	132	206	193	226	251	311	253	226	447	382	382	134	83	421	421	320	418	313	239	95	352	0	196	237	30	19	6	230	224	|
|260	201	337	107	226	84	256	226	81	169	195	297	145	163	252	337	118	234	45	83	68	251	150	213	274	253	190	199	199	117	254	226	128	329	294	148	231	230	196	0	240	178	184	198	272	29	|
|20	264	207	140	234	180	95	411	216	127	241	143	97	153	372	120	329	361	283	159	308	448	217	53	56	441	327	419	348	238	296	406	285	202	77	117	164	187	237	240	0	208	245	242	446	257	|
|219	344	181	177	346	202	152	404	230	82	34	167	145	56	420	328	295	156	193	166	215	265	284	223	201	430	359	369	152	74	394	404	298	388	285	210	79	323	30	178	208	0	37	35	250	206	|
|256	364	205	202	370	222	188	408	246	118	15	199	177	92	433	364	298	119	191	188	210	233	305	257	238	433	371	366	118	68	415	408	309	421	321	238	111	351	19	184	245	37	0	17	214	212	|
|253	374	190	210	378	232	180	423	257	117	2	187	180	91	446	362	313	127	206	197	226	246	315	258	232	448	384	382	130	83	425	423	322	423	319	244	100	357	6	198	242	35	17	0	225	226	|
|460	469	408	356	498	351	402	422	353	322	225	412	359	296	494	563	330	102	239	333	235	54	422	444	449	436	436	348	98	208	521	427	381	591	518	400	325	498	230	272	446	250	214	225	0	285	|
|278	184	364	119	215	87	280	198	72	195	224	323	165	190	227	348	90	255	46	98	61	259	139	226	294	225	165	172	219	145	237	197	103	329	306	157	258	225	224	29	257	206	212	226	285	0	|

--------------------------------------------------------------------------------
Building model...
	using lazy and cut (CVRPSEP package)
Solving IRP LP...
--------------------------------------------------------------------------------

Gurobi 9.1.0 (linux64) logging started Sat Feb  6 18:12:05 2021

Gurobi Optimizer version 9.1.0 build v9.1.0rc0 (linux64)
Thread count: 32 physical cores, 32 logical processors, using up to 2 threads
Optimize a model with 1714 rows, 13696 columns and 31615 nonzeros
Model fingerprint: 0x864a80c8
Variable types: 724 continuous, 12972 integer (552 binary)
Coefficient statistics:
  Matrix range     [1e+00, 2e+03]
  Objective range  [1e-01, 6e+02]
  Bounds range     [1e+00, 3e+02]
  RHS range        [1e+00, 6e+03]
Presolve removed 487 rows and 1056 columns
Presolve time: 0.24s
Presolved: 1227 rows, 12640 columns, 27600 nonzeros
Variable types: 440 continuous, 12200 integer (11654 binary)

Root relaxation: objective 1.314057e+04, 1424 iterations, 0.05 seconds

    Nodes    |    Current Node    |     Objective Bounds      |     Work
 Expl Unexpl |  Obj  Depth IntInf | Incumbent    BestBd   Gap | It/Node Time

     0     0 13140.5741    0  128          - 13140.5741      -     -    0s
     0     0 13493.6262    0  166          - 13493.6262      -     -    0s
     0     0 13922.6093    0  217          - 13922.6093      -     -    1s
     0     0 13957.7368    0  229          - 13957.7368      -     -    1s
     0     0 13960.4487    0  224          - 13960.4487      -     -    1s
     0     0 13960.4487    0  224          - 13960.4487      -     -    1s
     0     0 14177.0156    0  235          - 14177.0156      -     -    1s
     0     0 14185.7438    0  262          - 14185.7438      -     -    1s
     0     0 14191.5244    0  284          - 14191.5244      -     -    1s
     0     0 14192.6370    0  250          - 14192.6370      -     -    1s
     0     0 14251.1162    0  346          - 14251.1162      -     -    2s
     0     0 14262.1000    0  323          - 14262.1000      -     -    2s
     0     0 14263.5656    0  326          - 14263.5656      -     -    2s
     0     0 14308.4832    0  361          - 14308.4832      -     -    2s
     0     0 14316.4897    0  375          - 14316.4897      -     -    2s
     0     0 14317.9393    0  413          - 14317.9393      -     -    2s
     0     0 14341.8176    0  400          - 14341.8176      -     -    3s
     0     0 14353.9425    0  413          - 14353.9425      -     -    3s
     0     0 14364.5954    0  379          - 14364.5954      -     -    3s
     0     0 14387.7772    0  454          - 14387.7772      -     -    3s
     0     0 14410.6935    0  451          - 14410.6935      -     -    4s
     0     0 14422.7492    0  473          - 14422.7492      -     -    4s
     0     0 14433.3298    0  437          - 14433.3298      -     -    4s
     0     0 14436.5677    0  488          - 14436.5677      -     -    4s
     0     0 14437.7539    0  523          - 14437.7539      -     -    4s
     0     0 14447.0423    0  352          - 14447.0423      -     -    4s
     0     0 14447.0423    0  352          - 14447.0423      -     -    5s
     0     0 14449.2161    0  342          - 14449.2161      -     -    5s
     0     0 14457.7440    0  417          - 14457.7440      -     -    6s
     0     0 14457.7440    0  415          - 14457.7440      -     -    6s
     0     2 14464.8059    0  447          - 14464.8059      -     -    7s
    19    22 14560.0452    6  408          - 14483.0245      -   385   10s
    74    78 14925.2409   20  258          - 14483.0245      -   374   15s
   144   153 15329.5746   41  215          - 14483.0245      -   346   20s
   244   270 15730.1442   66  164          - 14483.0245      -   290   25s
   356   398 16180.3748  101  169          - 14483.0245      -   236   30s
   669   771 17288.9384  185   31          - 14483.0245      -   152   35s
  1025  1060 19645.0373  294   21          - 14487.2957      -   109   40s
  1149  1090 14638.1599   10  233          - 14487.2957      -  99.1   45s
  1154  1093 18501.4982  249  511          - 14509.1334      -  98.7   50s
  1166  1101 16589.3452  139  595          - 14561.7553      -  97.7   55s
  1177  1109 15366.4095   43  578          - 14567.9784      -  96.8   60s
  1185  1114 19809.8463  302  622          - 14569.4479      -  96.1   65s
  1189  1117 16148.4108  122  620          - 14576.4487      -  95.8   74s
  1190  1120 14576.4487   15  577          - 14576.4487      -   108   75s
  1210  1135 14585.0281   20  685          - 14585.0281      -   114   80s
  1235  1151 14620.1159   26  647          - 14600.6625      -   125   85s
  1246  1158 14693.6141   29  491          - 14600.6625      -   129   90s
  1266  1173 14686.0416   34  610          - 14600.6625      -   139   95s
  1299  1200 14707.9270   41  544          - 14600.6625      -   150  100s
  1332  1222 14750.8809   48  449          - 14600.6625      -   161  106s
  1370  1251 14904.2643   56  399          - 14600.6625      -   170  111s
  1414  1290 14871.4102   64  462          - 14600.6625      -   179  116s
  1474  1335 14938.5735   73  384          - 14600.6625      -   185  121s
  1554  1388 15080.2887   87  343          - 14600.6625      -   190  126s
  1581  1410 15162.7612   92  334          - 14600.6625      -   192  142s
  1646  1460 15273.4124  102  235          - 14600.6625      -   195  146s
  1718  1516 15494.7239  119  219          - 14600.6625      -   199  151s
  1816  1623 15751.4290  140  178          - 14600.6625      -   198  157s
  1903  1677 15998.0538  163  154          - 14600.6625      -   195  160s
  2098  1736 16978.6419  272  133          - 14600.6625      -   189  165s
  2296  2042 17711.3677  259   95          - 14600.7024      -   179  173s
  2505  1997 18927.3133  304   16          - 14600.9026      -   169  179s
  2559  1998 19047.1400  389   11          - 14601.2211      -   167  180s
  2580  2012 14889.3065   22  206          - 14601.2211      -   172  186s
  2588  2018 14876.8141   24  282          - 14601.2211      -   176  190s
  2609  2032 14921.1310   29  241          - 14601.2211      -   181  197s
  2620  2041 14932.9621   31  278          - 14601.2211      -   186  201s
  2635  2052 15057.7966   34  281          - 14601.2211      -   189  205s
  2647  2061 15146.2191   39  262          - 14601.2211      -   193  210s
  2667  2074 15170.9248   41  292          - 14601.2211      -   197  215s
  2698  2098 15314.6709   48  338          - 14601.2211      -   203  221s
  2724  2118 15486.0794   54  334          - 14601.2211      -   207  226s
  2763  2154 15550.5364   61  258          - 14601.2211      -   209  231s
  2801  2188 15403.7507   66  197          - 14601.2211      -   211  235s
  2879  2249 15717.5317   75  195          - 14601.2211      -   211  242s
  2921  2301 15875.7240   78  164          - 14601.2211      -   212  246s
  2987  2358 16020.5542   94  195          - 14601.2211      -   211  252s
  3066  2452 16166.6600   99  149          - 14601.2211      -   209  258s
  3170  2417 16379.9530  157  126          - 14601.2211      -   206  260s
  3207  2526 16422.1646  120   81          - 14601.2211      -   206  265s
  3311  2610 16643.6945  132  132          - 14601.2211      -   203  270s
  3430  2827 17005.8868  145   94          - 14601.2211      -   201  278s
  3510  2800 17260.9655  171   77          - 14601.2211      -   198  280s
* 3653  2466             234    17721.900000 14601.2211  17.6%   193  281s
  3698  2409 17292.1292  172   49 17721.9000 14603.8006  17.6%   192  289s
  3762  2388     cutoff  216      17721.9000 14604.0471  17.6%   190  290s
  3782  2394 14768.8951   19  574 17721.9000 14604.0471  17.6%   193  297s
  3789  2398 14826.5890   19  366 17721.9000 14604.0471  17.6%   195  301s
  3801  2405 14848.2404   20  463 17721.9000 14604.0471  17.6%   199  309s
  3806  2412 14836.8384   20  368 17721.9000 14604.0471  17.6%   200  312s
  3815  2419 14814.7206   21  550 17721.9000 14604.0471  17.6%   202  315s
  3833  2426 14883.5645   25  427 17721.9000 14604.0471  17.6%   205  322s
  3838  2433 14940.7043   23  302 17721.9000 14604.0471  17.6%   207  326s
  3846  2442 14888.6668   27  430 17721.9000 14604.0471  17.6%   208  330s
  3858  2447 14965.9370   29  350 17721.9000 14604.0471  17.6%   210  335s
  3882  2465 15027.8235   36  306 17721.9000 14604.0471  17.6%   213  343s
  3893  2471 15026.3986   36  291 17721.9000 14604.0471  17.6%   215  347s
  3903  2483 15082.8277   36  257 17721.9000 14604.0471  17.6%   217  350s
  3918  2491 15053.7852   38  320 17721.9000 14604.0471  17.6%   218  355s
  3944  2509 15200.6274   43  208 17721.9000 14604.0471  17.6%   221  363s
  3958  2521 15161.0320   45  321 17721.9000 14604.0471  17.6%   223  367s
  3974  2535 15233.2247   50  208 17721.9000 14604.0471  17.6%   224  376s
  3994  2531 15270.8224   52  388 17721.9000 14604.0471  17.6%   225  391s
  3996  2553 15335.3666   52  295 17721.9000 14604.0471  17.6%   225  395s
  4019  2552 15292.6706   58  336 17721.9000 14604.0471  17.6%   226  402s
  4026  2576 15404.6526   61  315 17721.9000 14604.0471  17.6%   227  406s
  4052  2594 15438.2095   61  330 17721.9000 14604.0471  17.6%   228  411s
  4079  2603 15475.5778   64  260 17721.9000 14604.0471  17.6%   229  424s
  4097  2658 15551.7245   69  244 17721.9000 14604.0471  17.6%   231  430s
  4158  2763 15677.2684   82  129 17721.9000 14604.0471  17.6%   231  437s
  4283  2961 15927.5633   95  165 17721.9000 14604.0471  17.6%   229  450s
  4553  3020 16570.3032  136   32 17721.9000 14607.0919  17.6%   221  461s
  4691  3044 17074.6600  176    8 17721.9000 14619.8605  17.5%   218  468s
  4723  3066 14711.7753   21  595 17721.9000 14620.7551  17.5%   219  474s
  4731  3077 14802.1850   24  511 17721.9000 14620.7551  17.5%   221  480s
  4742  3086 14802.7980   24  551 17721.9000 14620.7551  17.5%   223  486s
  4751  3095 14858.3547   26  572 17721.9000 14620.7551  17.5%   225  491s
  4760  3109 14897.0453   29  482 17721.9000 14620.7551  17.5%   227  496s
  4774  3122 14937.9088   32  480 17721.9000 14620.7551  17.5%   229  502s
  4787  3134 14978.6799   36  415 17721.9000 14620.7551  17.5%   230  508s
  4799  3150 14983.2754   37  435 17721.9000 14620.7551  17.5%   233  514s
  4815  3168 15060.8139   39  311 17721.9000 14620.7551  17.5%   235  519s
  4833  3201 15096.5410   43  373 17721.9000 14620.7551  17.5%   237  526s
  4866  3243 15178.5747   46  357 17721.9000 14620.7551  17.5%   239  533s
  4908  3292 15216.2439   48  327 17721.9000 14620.7551  17.5%   241  541s
  4957  3408 15275.1472   55  258 17721.9000 14620.7551  17.5%   242  556s
  5155  3468 15314.0472   60  313 17721.9000 14620.7551  17.5%   238  567s
  5190  3491 15397.2887   66  268 17721.9000 14620.7551  17.5%   240  575s
  5217  3540 15598.0400   78  182 17721.9000 14620.7551  17.5%   241  583s
  5266  3693 15680.0861   98  152 17721.9000 14626.4640  17.5%   242  599s
  5330  3693 16737.6244  126   77 17721.9000 14626.4640  17.5%   242  600s
  5474  3709     cutoff  168      17721.9000 14626.4730  17.5%   239  641s
  5479  3720 14814.3629   27  600 17721.9000 14626.4730  17.5%   240  689s
  5490  3763 14814.6808   28  586 17721.9000 14626.4730  17.5%   240  696s
  5533  3856 15204.6419   42  315 17721.9000 14626.4730  17.5%   241  707s
  5653  3936 15753.2410   69  218 17721.9000 14632.4835  17.4%   240  717s
  5783  3963     cutoff  153      17721.9000 14632.7020  17.4%   238  728s
  5798  3984 14775.9202   30  590 17721.9000 14632.7020  17.4%   240  737s
  5819  4014 15129.5642   41  474 17721.9000 14632.7020  17.4%   242  748s
  5849  4086 15617.0942   61  285 17721.9000 14632.7020  17.4%   244  800s
  5921  4153 16603.4427  120  157 17721.9000 14632.7182  17.4%   244  810s
  6001  4182 15043.9297   31  390 17721.9000 14632.7182  17.4%   245  822s
  6030  4230 15108.4744   33  337 17721.9000 14632.7182  17.4%   248  832s
  6078  4389 15192.7018   38  314 17721.9000 14632.7182  17.4%   250  852s
  6257  4446 15310.6693   52  249 17721.9000 14632.7182  17.4%   249  865s
  6314  4605 15560.9590   76   77 17721.9000 14632.7182  17.4%   251  881s
  6477  4738 16552.2156  123   45 17721.9000 14635.2595  17.4%   249  895s
  6646  4803 14801.2263   24  588 17721.9000 14635.2595  17.4%   246  908s
  6700  4884 15073.5790   28  412 17721.9000 14635.2595  17.4%   248  921s
  6811  4934 15297.8456   34  255 17721.9000 14635.2595  17.4%   247  935s
  6854  5058 15683.7280   46  196 17721.9000 14635.2595  17.4%   249  950s
  6978  5110 17555.3981   98   97 17721.9000 14638.6585  17.4%   249  964s
  7011  5110 17673.2519  107   10 17721.9000 14638.6585  17.4%   248  965s
  7045  5213     cutoff  109      17721.9000 14639.0232  17.4%   249  982s
  7159  5224 15016.6975   32  532 17721.9000 14639.0255  17.4%   249 1004s
  7170  5284 15283.2490   40  425 17721.9000 14639.0255  17.4%   250 1016s
  7230  5491 15819.8638   80  243 17721.9000 14643.0597  17.4%   251 1041s
  7508  5530     cutoff  159      17721.9000 14643.2939  17.4%   248 1065s
  7548  5697 15377.9496   41  296 17721.9000 14646.1065  17.4%   252 1088s
  7668  5706 15215.8747   33  373 17721.9000 14646.1065  17.4%   251 1090s
  7743  5775 17493.8800  136    - 17721.9000 14646.1117  17.4%   252 1113s
  7835  5801     cutoff  136      17721.9000 14648.4621  17.3%   254 1136s
  7866  5834 15079.8285   28  533 17721.9000 14655.1457  17.3%   259 1159s
  7899  5878 15161.5194   32  579 17721.9000 14655.1457  17.3%   263 1182s
  7943  6035 15651.0046   40  403 17721.9000 14655.1457  17.3%   267 1207s
  8081  6035 16072.0076   62  125 17721.9000 14655.1457  17.3%   269 1210s
  8100  6225 16688.1088   77   76 17721.9000 14655.1715  17.3%   268 1238s
  8206  6237 17703.2300  110    - 17721.9000 14655.1715  17.3%   266 1240s
  8368  6357 infeasible  110      17721.9000 14667.7604  17.2%   266 1271s
  8501  6395 14913.5100   30  537 17721.9000 14667.9596  17.2%   268 1296s
  8542  6530 15115.4590   39  360 17721.9000 14667.9596  17.2%   272 1323s
  8636  6530 16621.4838  113  134 17721.9000 14667.9596  17.2%   274 1325s
  8691  6609 15248.1306   48  373 17721.9000 14667.9596  17.2%   273 1350s
  8770  6768 15404.3162   66  233 17721.9000 14667.9596  17.2%   276 1382s
  8941  7146 16035.9932   98  152 17721.9000 14674.1107  17.2%   278 1418s
  9037  7146 16878.5325  128  110 17721.9000 14674.1107  17.2%   277 1420s
  9373  7245     cutoff  190      17721.9000 14674.5725  17.2%   272 1449s
  9419  7245 16393.9545   74  107 17721.9000 14674.5725  17.2%   273 1450s
  9470  7377 16769.9539  100   34 17721.9000 14686.1467  17.1%   274 1478s
  9663  7452     cutoff  124      17721.9000 14686.7879  17.1%   274 1504s
  9756  7606 15178.2314   28  390 17721.9000 14691.0184  17.1%   276 1537s
  9901  7850 15270.6409   44  170 17721.9000 14691.7860  17.1%   278 1571s
 10205  7976 16725.6382  114   35 17721.9000 14692.4052  17.1%   277 1600s
 10359  8031     cutoff  142      17721.9000 14693.6249  17.1%   277 1635s
 10401  8093 14955.9964   31  541 17721.9000 14693.6249  17.1%   277 1662s
 10477  8272 16055.4954   62  234 17721.9000 14699.7131  17.1%   279 1690s
 10692  8308     cutoff  163      17721.9000 14702.8387  17.0%   278 1719s
 10726  8371 14961.9920   36  488 17721.9000 14702.8477  17.0%   281 1745s
 10789  8439 15232.8283   43  290 17721.9000 14702.8477  17.0%   285 1871s
 10857  8709 15862.4871   56  315 17721.9000 14702.8477  17.0%   285 1910s
 11162  8902 17036.0005   94   79 17721.9000 14705.7355  17.0%   284 1949s
 11210  8902 17333.2467  101   57 17721.9000 14705.7355  17.0%   283 1950s
 11382  9079 15725.6958   58  195 17721.9000 14707.7031  17.0%   283 1985s
 11591  9168 17160.0300  128    8 17721.9000 14708.0369  17.0%   283 2019s
 11607  9168 17642.2168  144   62 17721.9000 14708.0369  17.0%   282 2020s
 11712  9286     cutoff  150      17721.9000 14714.1088  17.0%   284 2053s
 11852  9382 15483.1664   66  281 17721.9000 14718.7941  16.9%   285 2084s
 11900  9382 16236.3115  114   46 17721.9000 14718.7941  16.9%   285 2085s
 11970  9470 17241.9100  141    - 17721.9000 14721.9130  16.9%   287 2115s
 12060  9694 15443.8395   40  145 17721.9000 14721.9259  16.9%   290 2150s
 12310  9796 14795.7803   27  597 17721.9000 14722.4891  16.9%   291 2182s
 12426  9932 15851.3911   68  186 17721.9000 14723.0886  16.9%   293 2216s
 12595 10022     cutoff  148      17721.9000 14724.5687  16.9%   293 2252s
 12699 10151 15799.1660   58  453 17721.9000 14726.4291  16.9%   295 2290s
 12876 10183 infeasible  140      17721.9000 14727.0962  16.9%   293 2326s
 12904 10251 15279.3065   40  536 17721.9000 14729.1283  16.9%   296 2357s
 12974 10422 15916.8200   73   59 17721.9000 14730.0864  16.9%   299 2394s
 12990 10422 15914.9679   80   51 17721.9000 14730.0864  16.9%   299 2395s
 13206 10496     cutoff  143      17721.9000 14731.4692  16.9%   299 2431s
 13260 10656 15833.6158   52  293 17721.9000 14731.6398  16.9%   302 2467s
 13432 10783     cutoff  132      17721.9000 14732.3822  16.9%   303 2503s
 13560 11066 15892.1344   48  290 17721.9000 14732.7273  16.9%   306 2544s
 13624 11066 16433.8116  112   35 17721.9000 14732.7273  16.9%   305 2545s
 13971 11191 17486.6182  134   79 17721.9000 14738.7529  16.8%   301 2583s
 14070 11324     cutoff  144      17721.9000 14740.9566  16.8%   303 2620s
 14218 11498 15863.2030   70  354 17721.9000 14741.8905  16.8%   303 2660s
 14424 11632 15221.6174   30  562 17721.9000 14747.4882  16.8%   303 2701s
 14598 11764 14873.4543   30  574 17721.9000 14750.0157  16.8%   303 2746s
 14744 11828     cutoff  142      17721.9000 14750.5869  16.8%   304 2786s
 14811 11965 15492.4115   44  427 17721.9000 14750.9189  16.8%   306 2822s
 14827 11965 15905.8260   60  107 17721.9000 14750.9189  16.8%   306 2826s
 14964 12082 17219.9083  111   58 17721.9000 14751.6995  16.8%   307 2863s
 15115 12213     cutoff  125      17721.9000 14752.7961  16.8%   308 2903s
 15235 12213 16000.4180   84  167 17721.9000 14753.1838  16.8%   309 2905s
 15243 12456 15812.3368   83  151 17721.9000 14753.8254  16.7%   309 2953s
 15340 12466 15655.9058   59  274 17721.9000 14753.8254  16.7%   309 2955s
 15568 12639 17593.5500  135   11 17721.9000 14754.2322  16.7%   307 2998s
 15627 12643 15573.2222   69  316 17721.9000 14754.2322  16.7%   307 3000s
 15733 12760 infeasible  148      17721.9000 14754.8115  16.7%   307 3039s
 15775 12760 16217.0261  102  114 17721.9000 14754.9297  16.7%   308 3040s
 15896 12915 15453.9789   49  464 17721.9000 14754.9650  16.7%   307 3079s
 15945 12915 16123.1507   98  224 17721.9000 14754.9650  16.7%   307 3080s
 16095 13049     cutoff  164      17721.9000 14755.6473  16.7%   307 3117s
 16212 13049 16628.0100  134    - 17721.9000 14756.4233  16.7%   307 3120s
 16252 13120 15518.7972   65  458 17721.9000 14756.4233  16.7%   307 3177s
 16323 13280 16030.3873  107  224 17721.9000 14757.2504  16.7%   307 3217s
 16510 13421     cutoff  200      17721.9000 14759.4116  16.7%   307 3259s
 16569 13421 16272.8647   79  144 17721.9000 14759.4116  16.7%   308 3260s
 16704 13589 16450.8370   94  135 17721.9000 14763.4907  16.7%   307 3301s
 16879 13631     cutoff  131      17721.9000 14764.5989  16.7%   307 3343s
 16926 13830 15659.6836   41  297 17721.9000 14765.7318  16.7%   309 3383s
 16992 13830 16750.5117  107  114 17721.9000 14765.7318  16.7%   309 3385s
 17154 13971 15086.3934   32  653 17721.9000 14766.1060  16.7%   308 3425s
 17302 14176 14871.3249   24  624 17721.9000 14766.5674  16.7%   309 3465s
 17556 14297     cutoff  154      17721.9000 14767.4802  16.7%   308 3505s
 17585 14298 15350.4719   49  403 17721.9000 14767.4802  16.7%   309 3510s
 17668 14390     cutoff  155      17721.9000 14770.1245  16.7%   309 3550s
 17784 14457 15296.1661   37  427 17721.9000 14770.2841  16.7%   310 3586s
 17844 14489 15433.5003   47  428 17721.9000 14770.2841  16.7%   313 3600s

Cutting planes:
  User: 6089
  Gomory: 21
  Cover: 582
  Implied bound: 225
  Projected implied bound: 15
  Clique: 112
  MIR: 172
  StrongCG: 6
  Flow cover: 443
  GUB cover: 9
  Zero half: 17
  Network: 7
  RLT: 435
  Relax-and-lift: 6
  Lazy constraints: 4523

Explored 17876 nodes (5611770 simplex iterations) in 3600.66 seconds
Thread count was 2 (of 32 available processors)

Solution count 1: 17721.9 

Time limit reached
Best objective 1.772190000000e+04, best bound 1.477028408661e+04, gap 16.6552%

User-callback calls 429908, time in user-callback 172.44 sec
================================================================================
executing instance: ./input/Instances/Original/1/absH3high_2n45.dat
--------------------------------------------------------------------------------
Instance details
n	46
H	3
C	3171
Li:
[0, 0, 0, 0, 0, 0, 0, 0, 0, 0, 0, 0, 0, 0, 0, 0, 0, 0, 0, 0, 0, 0, 0, 0, 0, 0, 0, 0, 0, 0, 0, 0, 0, 0, 0, 0, 0, 0, 0, 0, 0, 0, 0, 0, 0, 0, ]
Ui:
[0, 246, 160, 78, 20, 87, 144, 40, 20, 82, 60, 96, 24, 136, 160, 108, 160, 26, 228, 51, 24, 240, 231, 70, 32, 105, 174, 114, 246, 126, 132, 76, 22, 42, 255, 132, 148, 162, 66, 111, 102, 240, 123, 201, 297, 78, ]
Distance matrix:
|0	148	402	550	329	420	187	318	366	280	504	273	233	333	112	344	379	481	113	593	159	523	261	424	90	359	163	461	413	240	105	299	265	89	371	462	339	273	495	22	41	439	369	506	563	468	|
|148	0	284	517	394	284	136	369	244	311	496	166	329	355	223	202	338	388	204	565	254	506	118	346	71	423	173	471	336	118	105	352	198	105	248	428	302	305	487	153	179	441	230	497	517	370	|
|402	284	0	350	448	80	228	406	42	343	382	129	456	350	412	126	219	131	382	395	410	371	180	137	314	466	289	400	137	167	389	401	169	316	39	280	217	342	373	394	414	362	108	380	324	106	|
|550	517	350	0	339	429	385	308	374	295	93	375	431	249	481	461	180	239	458	48	445	57	474	214	496	333	387	160	216	424	601	321	320	471	376	90	217	301	93	530	534	146	452	88	52	262	|
|329	394	448	339	0	513	282	42	438	105	255	363	115	108	221	484	259	431	217	365	172	289	436	362	333	30	224	189	353	380	423	47	291	296	443	285	240	107	251	307	294	193	495	260	378	437	|
|420	284	80	429	513	0	267	473	76	408	462	163	509	421	449	86	298	201	421	474	455	451	167	217	330	533	333	478	217	181	386	466	225	341	70	360	291	406	453	416	438	440	59	460	400	176	|
|187	136	228	385	282	267	0	249	199	186	360	104	248	224	184	214	207	294	155	432	189	371	155	237	113	308	68	336	227	101	216	236	78	98	205	296	168	181	350	174	190	305	231	360	390	283	|
|318	369	406	308	42	473	249	0	397	66	229	325	128	67	216	447	218	389	206	337	168	260	402	320	311	61	196	167	311	345	406	19	252	275	403	248	198	70	223	296	286	164	457	233	344	395	|
|366	244	42	374	438	76	199	397	0	332	397	96	436	346	383	90	228	168	354	420	385	389	139	161	277	458	263	408	158	128	349	391	150	282	6	298	218	331	388	359	380	370	78	395	352	144	|
|280	311	343	295	105	408	186	66	332	0	231	259	142	53	191	380	171	337	173	332	150	257	337	267	258	127	139	182	258	280	359	58	186	223	338	222	143	6	224	258	254	164	390	234	323	340	|
|504	496	382	93	255	462	360	229	397	231	0	375	356	180	422	478	173	293	403	110	381	36	474	248	463	245	345	68	246	419	568	244	308	433	400	104	200	237	9	482	482	67	474	5	142	312	|
|273	166	129	375	363	163	104	325	96	259	375	0	347	283	288	121	202	221	259	423	292	376	99	183	186	386	170	370	175	52	269	315	76	187	102	288	177	256	365	265	285	333	133	374	365	204	|
|233	329	456	431	115	509	248	128	436	142	356	347	0	181	121	462	311	472	128	463	76	386	398	403	260	141	180	294	392	349	334	111	287	224	442	362	280	139	350	212	194	289	479	360	463	472	|
|333	355	350	249	108	421	224	67	346	53	180	283	181	0	244	403	152	324	226	283	201	207	369	256	307	118	186	129	247	311	409	74	208	273	351	183	136	59	173	311	307	113	410	183	282	331	|
|112	223	412	481	221	449	184	216	383	191	422	288	121	244	0	387	327	461	30	521	49	447	313	396	152	250	125	371	385	273	214	196	249	121	389	400	288	185	415	91	74	355	408	425	503	454	|
|344	202	126	461	484	86	214	447	90	380	478	121	462	403	387	0	305	256	360	508	400	473	84	250	255	507	282	482	246	115	302	437	196	271	90	382	288	377	469	343	367	444	28	476	441	232	|
|379	338	219	180	259	298	207	218	228	171	173	202	311	152	327	305	0	172	301	227	300	174	302	105	318	270	217	180	97	249	423	221	141	296	232	90	40	173	164	361	368	142	303	172	184	180	|
|481	388	131	239	431	201	294	389	168	337	293	221	472	324	461	256	172	0	432	280	446	273	300	70	400	442	337	330	80	271	490	391	217	391	167	191	194	339	286	468	483	294	239	289	203	26	|
|113	204	382	458	217	421	155	206	354	173	403	259	128	226	30	360	301	432	0	499	52	426	287	367	133	246	95	355	356	246	208	187	219	100	360	376	261	167	395	90	81	337	381	406	478	425	|
|593	565	395	48	365	474	432	337	420	332	110	423	463	283	521	508	227	280	499	0	482	77	521	260	542	356	431	178	262	472	647	352	368	516	422	137	264	338	114	573	576	174	499	106	78	304	|
|159	254	410	445	172	455	189	168	385	150	381	292	76	201	49	400	300	446	52	482	0	407	331	378	184	201	122	327	367	286	258	149	242	150	391	367	263	144	374	137	122	314	419	384	470	441	|
