




arguments: ./build/bc_mirp -f ./input/orig_exec_192.cfg
Current dir: /scratch/gui/bc_mirp
File verbosity level: 9
date       time         ( uptime  ) [ thread name/id ]                   file:line     v| 
2021-02-14 01:34:46.196 (   0.610s) [main thread     ]             loguru.cpp:789   INFO| Logging to './output/vi_vc+lex_quarter/OU/V5/Original/execution_14_02_2021_01_34_46.log', mode: 'a', verbosity: 9
--------------------------------------------------------------------------------
Parameters
                           instance_path           ./input/Instances/Original/4/
                            model_policy                                       1
                             nb_vehicles                                       5
                              output_dir./output/vi_vc+lex_quarter/OU/V5/Original/
                            sec_strategy                                       1
                       solver_nb_threads                                       2
                         solver_show_log                                    true
                       solver_time_limit                                    3600
                              use_vi_cos                                   false
                              use_vi_cus                                   false
                         use_vi_hc1_full                                   false
                         use_vi_hc1_half                                   false
                      use_vi_hc1_quarter                                   false
                              use_vi_hc2                                   false
                              use_vi_hc3                                   false
                         use_vi_lex_full                                   false
                         use_vi_lex_half                                   false
                      use_vi_lex_quarter                                    true
                              use_vi_qua                                   false
                               use_vi_vc                                    true
                               use_vi_vr                                   false
--------------------------------------------------------------------------------
executing instance: ./input/Instances/Original/4/absH3low_3n30.dat
--------------------------------------------------------------------------------
Instance details
n	31
H	3
C	2841
Li:
[0, 0, 0, 0, 0, 0, 0, 0, 0, 0, 0, 0, 0, 0, 0, 0, 0, 0, 0, 0, 0, 0, 0, 0, 0, 0, 0, 0, 0, 0, 0, ]
Ui:
[0, 246, 98, 54, 144, 171, 192, 180, 165, 98, 122, 198, 297, 144, 130, 129, 219, 138, 142, 150, 108, 66, 64, 285, 180, 204, 276, 168, 240, 198, 122, ]
Distance matrix:
|0	172	56	166	260	198	42	197	296	110	91	112	238	275	323	183	330	232	175	181	162	191	232	280	201	139	356	185	266	216	26	|
|172	0	178	223	320	335	153	355	444	62	231	99	333	376	214	352	176	235	194	106	47	41	353	161	299	175	225	43	326	374	153	|
|56	178	0	110	204	162	93	233	336	125	144	148	187	226	358	180	313	284	123	152	182	185	282	252	256	88	329	177	210	251	42	|
|166	223	110	0	102	150	199	327	431	194	253	237	113	156	431	228	296	386	44	140	248	208	389	218	366	48	287	200	108	344	148	|
|260	320	204	102	0	156	296	391	493	296	340	339	66	90	531	263	362	486	127	226	349	300	469	278	454	148	334	292	6	406	245	|
|198	335	162	150	156	0	239	255	351	286	245	307	93	106	518	111	442	423	194	280	344	335	349	367	352	182	437	327	158	266	199	|
|42	153	93	199	296	239	0	203	296	91	82	76	278	316	284	217	322	191	201	186	133	180	217	281	177	165	356	175	302	222	52	|
|197	355	233	327	391	255	203	0	104	294	125	266	340	361	436	151	524	276	352	377	330	383	109	477	146	319	553	377	395	19	222	|
|296	444	336	431	493	351	296	104	0	384	214	348	440	456	488	241	617	315	456	476	412	475	113	575	176	422	651	470	497	88	322	|
|110	62	125	194	296	286	91	294	384	0	171	55	298	340	238	292	233	210	176	118	58	91	298	201	248	148	273	87	302	313	94	|
|91	231	144	253	340	245	82	125	214	171	0	141	307	339	324	184	403	187	266	266	204	261	140	363	114	230	438	256	346	144	116	|
|112	99	148	237	339	307	76	266	348	55	141	0	332	373	212	292	275	156	225	173	64	137	254	253	200	194	322	135	345	284	108	|
|238	333	187	113	66	93	278	340	440	298	307	332	0	43	536	203	404	469	153	253	354	321	427	322	420	160	385	313	67	353	229	|
|275	376	226	156	90	106	316	361	456	340	339	373	43	0	578	216	443	507	194	295	397	364	453	361	451	203	421	356	88	372	268	|
|323	214	358	431	531	518	284	436	488	238	324	212	536	578	0	498	309	176	407	320	183	245	376	344	312	383	379	251	537	451	319	|
|183	352	180	228	263	111	217	151	241	292	184	292	203	216	498	0	492	371	266	328	345	364	255	426	272	242	501	356	266	159	198	|
|330	176	313	296	362	442	322	524	617	233	403	275	404	443	309	492	0	397	253	164	218	142	529	84	475	260	72	147	367	543	306	|
|232	235	284	386	486	423	191	276	315	210	187	156	469	507	176	371	397	0	379	327	188	276	202	396	139	346	456	277	492	289	242	|
|175	194	123	44	127	194	201	352	456	176	266	225	153	194	407	266	253	379	0	101	225	174	405	174	375	36	244	166	133	370	152	|
|181	106	152	140	226	280	186	377	476	118	266	173	253	295	320	328	164	327	101	0	148	76	403	100	360	98	177	69	232	396	155	|
|162	47	182	248	349	344	133	330	412	58	204	64	354	397	183	345	218	188	225	148	0	89	316	208	259	201	270	90	355	348	149	|
|191	41	185	208	300	335	180	383	475	91	261	137	321	364	245	364	142	276	174	76	89	0	388	119	336	162	185	8	306	402	169	|
|232	353	282	389	469	349	217	109	113	298	140	254	427	453	376	255	529	202	405	403	316	388	0	497	64	369	570	384	474	112	256	|
|280	161	252	218	278	367	281	477	575	201	363	253	322	361	344	426	84	396	174	100	208	119	497	0	449	187	77	119	283	496	255	|
|201	299	256	366	454	352	177	146	176	248	114	200	420	451	312	272	475	139	375	360	259	336	64	449	0	339	521	333	460	156	223	|
|139	175	88	48	148	182	165	319	422	148	230	194	160	203	383	242	260	346	36	98	201	162	369	187	339	0	260	153	154	337	116	|
|356	225	329	287	334	437	356	553	651	273	438	322	385	421	379	501	72	456	244	177	270	185	570	77	521	260	0	187	338	572	331	|
|185	43	177	200	292	327	175	377	470	87	256	135	313	356	251	356	147	277	166	69	90	8	384	119	333	153	187	0	298	396	163	|
|266	326	210	108	6	158	302	395	497	302	346	345	67	88	537	266	367	492	133	232	355	306	474	283	460	154	338	298	0	410	251	|
|216	374	251	344	406	266	222	19	88	313	144	284	353	372	451	159	543	289	370	396	348	402	112	496	156	337	572	396	410	0	241	|
|26	153	42	148	245	199	52	222	322	94	116	108	229	268	319	198	306	242	152	155	149	169	256	255	223	116	331	163	251	241	0	|

--------------------------------------------------------------------------------
Building model...
	using lazy and cut (CVRPSEP package)
Solving IRP LP...
--------------------------------------------------------------------------------

Gurobi 9.1.0 (linux64) logging started Sun Feb 14 01:34:47 2021

Gurobi Optimizer version 9.1.0 build v9.1.0rc0 (linux64)
Thread count: 32 physical cores, 32 logical processors, using up to 2 threads
Optimize a model with 1351 rows, 8014 columns and 19522 nonzeros
Model fingerprint: 0x2131ee4a
Variable types: 574 continuous, 7440 integer (465 binary)
Coefficient statistics:
  Matrix range     [1e+00, 6e+02]
  Objective range  [1e-02, 7e+02]
  Bounds range     [1e+00, 3e+02]
  RHS range        [1e+00, 5e+03]
Presolve removed 384 rows and 1089 columns
Presolve time: 0.19s
Presolved: 967 rows, 6925 columns, 15710 nonzeros
Variable types: 343 continuous, 6582 integer (6144 binary)

Root relaxation: objective 2.474945e+03, 1264 iterations, 0.03 seconds

    Nodes    |    Current Node    |     Objective Bounds      |     Work
 Expl Unexpl |  Obj  Depth IntInf | Incumbent    BestBd   Gap | It/Node Time

     0     0 2474.94541    0   98          - 2474.94541      -     -    0s
     0     0 2708.37405    0  117          - 2708.37405      -     -    0s
     0     0 2708.37405    0  117          - 2708.37405      -     -    0s
     0     0 3211.22355    0  218          - 3211.22355      -     -    0s
     0     0 3222.48260    0  206          - 3222.48260      -     -    0s
     0     0 3223.13736    0  215          - 3223.13736      -     -    0s
     0     0 3224.57892    0  200          - 3224.57892      -     -    0s
     0     0 3245.29776    0  210          - 3245.29776      -     -    0s
     0     0 3270.09270    0  206          - 3270.09270      -     -    0s
     0     0 3270.57935    0  221          - 3270.57935      -     -    0s
     0     0 3395.54912    0  228          - 3395.54912      -     -    1s
     0     0 3415.11084    0  222          - 3415.11084      -     -    1s
     0     0 3420.96799    0  222          - 3420.96799      -     -    1s
     0     0 3424.08891    0  215          - 3424.08891      -     -    1s
     0     0 3424.14276    0  234          - 3424.14276      -     -    1s
     0     0 3507.44736    0  256          - 3507.44736      -     -    1s
     0     0 3533.80422    0  279          - 3533.80422      -     -    2s
     0     0 3537.16563    0  279          - 3537.16563      -     -    2s
     0     0 3537.67869    0  290          - 3537.67869      -     -    2s
     0     0 3610.08488    0  348          - 3610.08488      -     -    3s
     0     0 3635.06630    0  335          - 3635.06630      -     -    3s
     0     0 3640.96599    0  373          - 3640.96599      -     -    3s
     0     0 3644.27761    0  337          - 3644.27761      -     -    3s
     0     0 3645.15744    0  370          - 3645.15744      -     -    3s
     0     0 3677.14965    0  333          - 3677.14965      -     -    3s
     0     0 3683.32586    0  354          - 3683.32586      -     -    3s
     0     0 3684.45040    0  385          - 3684.45040      -     -    3s
     0     0 3695.56861    0  298          - 3695.56861      -     -    3s
     0     0 3699.28652    0  280          - 3699.28652      -     -    4s
     0     0 3700.04889    0  361          - 3700.04889      -     -    4s
     0     0 3707.50483    0  346          - 3707.50483      -     -    4s
     0     0 3707.50483    0  330          - 3707.50483      -     -    4s
     0     2 3709.31065    0  322          - 3709.31065      -     -    5s
   102   109 4019.23194   28  287          - 3731.27338      -   308   10s
   366   422 6473.47324  125   66          - 3731.27338      -   180   15s
*  682   647             185    7611.2800000 3731.48839  51.0%   115   17s
   732   549 3837.34806   16  330 7611.28000 3733.09279  51.0%   115   20s
H  733   522                    7590.2800000 3733.09279  50.8%   115   21s
   747   531 3845.03760   13  504 7590.28000 3845.03760  49.3%   113   25s
H  754   509                    7401.8900000 3860.45458  47.8%   112   27s
   766   517 4838.55209   54  417 7401.89000 3865.11704  47.8%   110   30s
H  774   497                    7254.2800000 3865.82204  46.7%   123   32s
   786   505 6076.63061  100  468 7254.28000 3865.82204  46.7%   121   35s
   801   515 6525.27105  135  495 7254.28000 3873.10113  46.6%   118   40s
   819   530 3944.10790   28  397 7254.28000 3887.25850  46.4%   130   45s
   845   547 3940.02427   35  472 7254.28000 3910.89534  46.1%   141   50s
   895   580 4007.06673   47  459 7254.28000 3910.89534  46.1%   161   56s
   929   608 4036.74781   55  400 7254.28000 3910.89534  46.1%   172   60s
   982   647 4160.19870   68  300 7254.28000 3910.89534  46.1%   183   65s
  1029   684 4198.03720   80  329 7254.28000 3910.89534  46.1%   190   85s
H 1049   664                    6941.8400000 3910.89534  43.7%   192   86s
  1122   724 4508.43366  107  283 6941.84000 3910.89534  43.7%   198   90s
  1260   832 5507.56780  149  241 6941.84000 3910.89534  43.7%   202   95s
  1296   863 5625.52640  160  261 6941.84000 3910.89534  43.7%   202  102s
  1384   929 6042.51900  185  203 6941.84000 3910.89534  43.7%   202  105s
  1488   997 6349.25650  217  166 6941.84000 3911.16859  43.7%   200  110s
  1636  1045 4171.50202   32  333 6941.84000 3911.16859  43.7%   200  117s
  1719  1043 4077.09339   37  506 6941.84000 3911.16859  43.7%   201  120s
  1754  1061 4331.43761   45  447 6941.84000 3911.16859  43.7%   211  125s
  1788  1096 4228.53511   53  407 6941.84000 3911.16859  43.7%   219  130s
  1856  1151 4502.27371   71  224 6941.84000 3911.16859  43.7%   226  136s
  1926  1220 4975.62690   89   98 6941.84000 3911.16859  43.7%   230  140s
  2069  1313 6303.27937  131  101 6941.84000 3926.73814  43.4%   229  146s
  2136  1413 4338.85437   29  376 6941.84000 3926.73814  43.4%   227  150s
  2144  1410 5483.56402  106  119 6941.84000 3926.73814  43.4%   228  155s
  2287  1398 4116.13590   36  514 6941.84000 3926.73814  43.4%   223  160s
H 2303  1402                    6910.8400000 3926.73814  43.2%   226  162s
  2313  1422 4310.88483   40  324 6910.84000 3926.73814  43.2%   229  165s
  2320  1422 4180.74779   36  390 6910.84000 3926.73814  43.2%   230  170s
  2355  1475 4289.19630   48  365 6910.84000 3926.73814  43.2%   233  175s
  2411  1573 4528.50421   58  272 6910.84000 3926.73814  43.2%   238  180s
  2606  1788 4897.52774   76  149 6910.84000 3926.73814  43.2%   233  188s
* 2672  1476             122    5893.8300000 3926.73814  33.4%   231  188s
  2746  1511 5364.76209   93   96 5893.83000 3953.28000  32.9%   228  192s
  2838  1545 4400.17805   37  397 5893.83000 3954.16829  32.9%   226  195s
  2930  1652 4486.54829   61  328 5893.83000 3960.83867  32.8%   226  200s
  3022  1740 4819.97510   39  324 5893.83000 3979.10686  32.5%   226  207s
  3092  1823 5382.00115   86  193 5893.83000 3979.47863  32.5%   226  212s
  3195  1854 4701.51474   37  191 5893.83000 3988.79637  32.3%   224  215s
  3268  1963 4838.81596   46  321 5893.83000 3988.79637  32.3%   230  223s
  3353  1999     cutoff   62      5893.83000 3995.89767  32.2%   232  227s
  3409  2045 4205.80822   38  469 5893.83000 3995.89767  32.2%   233  231s
  3465  2147 4649.46578   55  229 5893.83000 3998.02669  32.2%   235  236s
  3581  2178     cutoff  115      5893.83000 4000.63693  32.1%   233  241s
  3638  2210 4359.74609   44  349 5893.83000 4001.96306  32.1%   235  249s
  3670  2275 4557.36633   50  305 5893.83000 4001.96306  32.1%   238  253s
  3746  2335 4657.47982   60  243 5893.83000 4001.96306  32.1%   239  258s
  3806  2431 5302.81527   83  159 5893.83000 4010.71488  32.0%   241  264s
  3932  2452 4336.82731   45  393 5893.83000 4010.71488  32.0%   240  270s
  3953  2576 4693.49568   55  292 5893.83000 4015.50538  31.9%   241  276s
  4091  2657 4408.28310   33  430 5893.83000 4015.50538  31.9%   240  282s
  4199  2736 5017.81591   61  307 5893.83000 4018.40136  31.8%   239  288s
  4304  2759 4223.08983   33  285 5893.83000 4030.69667  31.6%   239  293s
  4327  2802 4367.67685   38  297 5893.83000 4030.69667  31.6%   243  298s
  4370  2914 5230.94890   47  197 5893.83000 4032.74434  31.6%   246  305s
  4499  2954     cutoff   70      5893.83000 4034.49303  31.5%   246  310s
  4554  3036 4919.51006   57  184 5893.83000 4047.39511  31.3%   248  317s
  4654  3133 4646.84730   45  292 5893.83000 4051.63206  31.3%   248  341s
  4784  3165 4379.72533   37  328 5893.83000 4051.71069  31.3%   248  347s
  4814  3193 4359.87172   44  423 5893.83000 4051.71069  31.3%   251  354s
  4842  3247 4533.93933   47  282 5893.83000 4051.71069  31.3%   255  361s
  4896  3313 4934.30045   62  172 5893.83000 4051.71069  31.3%   258  370s
  4962  3506 5043.03193   77  149 5893.83000 4051.85498  31.3%   259  379s
  5094  3508 4952.51476   74  161 5893.83000 4051.91294  31.3%   256  380s
  5210  3565     cutoff  112      5893.83000 4052.21820  31.2%   254  387s
  5285  3645 4909.17882   52  342 5893.83000 4055.24981  31.2%   256  395s
  5384  3700 4583.33069   35  253 5893.83000 4056.12472  31.2%   257  403s
  5439  3802 5244.07665   50  226 5893.83000 4057.12978  31.2%   259  414s
  5501  3802 5780.81819   75   81 5893.83000 4057.12978  31.2%   259  415s
  5601  3866 4341.54192   39  518 5893.83000 4060.06314  31.1%   260  434s
  5675  3950 5600.82471   71  176 5893.83000 4060.06787  31.1%   262  443s
  5787  4012 4638.11815   45  317 5893.83000 4063.47966  31.1%   262  452s
  5866  4079 4472.96993   32  354 5893.83000 4063.47966  31.1%   264  462s
  5933  4161 5440.92202   70  199 5893.83000 4067.45805  31.0%   265  476s
  6027  4309 4749.22851   45  403 5893.83000 4067.74233  31.0%   267  486s
  6223  4381 4313.35039   39  491 5893.83000 4068.73104  31.0%   264  495s
  6296  4515 5509.74713   87  249 5893.83000 4073.25435  30.9%   265  505s
  6464  4591 5562.43155   87  293 5893.83000 4073.34446  30.9%   263  517s
  6582  4648 5254.13494   74  260 5893.83000 4076.54774  30.8%   264  528s
  6721  4697 4394.65459   45  234 5893.83000 4076.64948  30.8%   263  537s
  6770  4782 4881.65640   61  117 5893.83000 4076.64948  30.8%   266  549s
H 6854  4014                    5600.4600000 4076.64948  27.2%   268  549s
  6855  4084 5212.46549   87  122 5600.46000 4076.64948  27.2%   268  589s
  6891  4084 4720.72315   39  209 5600.46000 4076.64948  27.2%   268  590s
  6927  4155 5337.28115  105   66 5600.46000 4077.16220  27.2%   269  601s
* 6947  4154             111    5600.3400000 4077.16220  27.2%   268  601s
* 6948  4088             112    5578.9500000 4077.16220  26.9%   268  601s
  7019  4130     cutoff  113      5578.95000 4077.22558  26.9%   270  610s
  7081  4250 5106.21195   61  255 5578.95000 4079.89760  26.9%   272  621s
  7238  4368     cutoff   83      5578.95000 4080.20636  26.9%   271  635s
  7412  4509 4695.21249   44  233 5578.95000 4083.67918  26.8%   271  650s
  7578  4599 4316.00439   33  388 5578.95000 4091.00813  26.7%   272  684s
  7683  4700 4410.23904   33  400 5578.95000 4092.28479  26.6%   274  697s
* 7738  4667              85    5570.2200000 4092.28479  26.5%   274  698s
  7802  4840 4606.01859   48  363 5570.22000 4096.26329  26.5%   275  711s
  7991  4910 5078.64788   71  190 5570.22000 4101.02397  26.4%   274  728s
  8087  4997 4806.59840   55  264 5570.22000 4102.38827  26.4%   277  743s
  8174  5065 5281.92385   82  185 5570.22000 4102.88698  26.3%   280  756s
  8299  5162 5524.65169   58  234 5570.22000 4105.14322  26.3%   282  772s
H 8391  5154                    5567.9500000 4105.14322  26.3%   282  773s
  8447  5232     cutoff  107      5567.95000 4108.25402  26.2%   283  786s
  8552  5340 4290.80532   36  406 5567.95000 4109.79974  26.2%   285  800s
  8694  5440 4333.26150   43  490 5567.95000 4112.89805  26.1%   286  815s
* 8771  5105              72    5480.2900000 4113.61547  24.9%   287  815s
H 8824  4925                    5428.9000000 4113.61547  24.2%   287  828s
  8905  4988 4569.59705   64  389 5428.90000 4117.88047  24.1%   290  841s
  8986  5085 4938.78168   52  478 5428.90000 4117.98319  24.1%   292  855s
  9099  5140     cutoff   69      5428.90000 4119.29002  24.1%   293  869s
  9134  5140 4524.56728   43  457 5428.90000 4121.60517  24.1%   295  871s
H 9180  4070                    5192.9000000 4121.60517  20.6%   296  885s
  9241  4118 4600.61858   37  437 5192.90000 4121.60517  20.6%   299  902s
  9306  4189 4858.51177   47  196 5192.90000 4127.25249  20.5%   301  918s
  9433  4232 4636.36128   44  564 5192.90000 4127.56723  20.5%   303  933s
  9508  4292 4648.13760   73  343 5192.90000 4129.41598  20.5%   305  952s
  9591  4350 5158.06610   59  339 5192.90000 4130.07031  20.5%   307  967s
  9664  4415 4645.80553   42  400 5192.90000 4130.08592  20.5%   310  981s
  9729  4485 4856.67379   60  201 5192.90000 4131.87657  20.4%   314 1003s
  9839  4556 4334.66967   40  491 5192.90000 4134.76206  20.4%   316 1020s
  9939  4641 4666.85673   43  247 5192.90000 4136.21822  20.3%   318 1037s
 10054  4676 4512.37741   32  544 5192.90000 4138.44289  20.3%   320 1055s
 10105  4728 4588.40825   39  449 5192.90000 4138.48852  20.3%   323 1070s
H10138  4549                    5154.2200000 4138.48852  19.7%   325 1071s
 10157  4631 4966.91493   56  280 5154.22000 4138.99809  19.7%   327 1086s
 10288  4685 4458.20262   52  364 5154.22000 4140.05678  19.7%   329 1111s
 10366  4746 5053.56656   54  395 5154.22000 4140.13760  19.7%   331 1127s
 10479  4837 4671.68281   47  364 5154.22000 4140.74416  19.7%   333 1153s
 10607  4903 4517.18053   37  239 5154.22000 4144.53882  19.6%   336 1170s
 10719  4987 4922.40513   56  384 5154.22000 4145.09468  19.6%   338 1187s
 10839  5056 5073.33569   44  414 5154.22000 4147.07724  19.5%   339 1203s
 10938  5104 4735.13521   62  441 5154.22000 4149.99905  19.5%   342 1221s
 11018  5178 4713.19209   75  347 5154.22000 4153.60929  19.4%   345 1238s
 11123  5263 4278.73689   39  500 5154.22000 4155.72797  19.4%   347 1257s
 11231  5331 4896.45684   45  489 5154.22000 4158.02600  19.3%   349 1274s
 11331  5427 4296.78903   43  523 5154.22000 4162.06226  19.2%   352 1305s
 11468  5502 4628.89880   40  345 5154.22000 4164.81260  19.2%   353 1324s
 11579  5590 4556.78560   73  353 5154.22000 4168.33741  19.1%   354 1341s
 11635  5590 4417.39781   42  410 5154.22000 4168.40928  19.1%   355 1352s
 11701  5631     cutoff   62      5154.22000 4168.57816  19.1%   356 1369s
 11759  5631 4843.69549   53  393 5154.22000 4169.74409  19.1%   357 1370s
 11836  5704 4549.78988   44  465 5154.22000 4169.94160  19.1%   358 1388s
 11956  5761 4710.04767   47  206 5154.22000 4171.50520  19.1%   360 1406s
 12044  5871 4523.29118   70  297 5154.22000 4173.83928  19.0%   363 1426s
 12190  5936 4702.57414   49  496 5154.22000 4176.08076  19.0%   364 1454s
H12231  4218                    4936.4800000 4176.08076  15.4%   365 1454s
 12301  4240 4805.59831   48  428 4936.48000 4179.40446  15.3%   366 1472s
 12372  4279 4521.75625   49  538 4936.48000 4181.49421  15.3%   369 1490s
 12430  4335 4785.08559   58  468 4936.48000 4184.39156  15.2%   373 1509s
 12546  4390 4272.22175   43  511 4936.48000 4185.12053  15.2%   375 1529s
 12656  4426 4813.99331   65  447 4936.48000 4188.21937  15.2%   377 1547s
 12745  4478 4755.56429   56  502 4936.48000 4189.69167  15.1%   380 1585s
 12852  4550 4379.33541   35  477 4936.48000 4189.91334  15.1%   382 1606s
 12978  4611 4735.10103   36  442 4936.48000 4193.05341  15.1%   385 1625s
 13071  4675 4879.95213   52  477 4936.48000 4195.98027  15.0%   387 1645s
 13201  4703 4901.46546   35  469 4936.48000 4198.84043  14.9%   389 1676s
 13272  4757 4534.20703   59  449 4936.48000 4200.13850  14.9%   392 1695s
 13371  4824 4692.44074   52  526 4936.48000 4201.99672  14.9%   395 1716s
 13478  4889 4511.88867   47  433 4936.48000 4203.51907  14.8%   397 1736s
 13595  4935     cutoff   40      4936.48000 4205.72476  14.8%   400 1756s
 13711  5034 4708.43842   55  385 4936.48000 4206.81370  14.8%   402 1777s
 13862  5096 4347.81778   46  429 4936.48000 4209.65180  14.7%   404 1802s
 13976  5169 4758.60230   52  414 4936.48000 4214.39391  14.6%   406 1823s
 14124  5239 4492.87526   43  357 4936.48000 4215.52780  14.6%   407 1843s
 14234  5298 4865.61571   89  309 4936.48000 4218.96686  14.5%   410 1864s
 14312  5298 4661.88075   44  407 4936.48000 4219.07916  14.5%   411 1865s
 14369  5355     cutoff   62      4936.48000 4219.66672  14.5%   412 1887s
 14523  5457 4519.52581   43  348 4936.48000 4226.71763  14.4%   414 1925s
 14660  5514 4810.14724   52  335 4936.48000 4226.96339  14.4%   416 1973s
 14786  5553 4609.53149   40  412 4936.48000 4230.49213  14.3%   418 1994s
 14882  5596     cutoff   76      4936.48000 4231.33607  14.3%   420 2016s
 15007  5670 4710.72268   75  349 4936.48000 4232.71177  14.3%   423 2040s
 15137  5730 4845.70366   46  381 4936.48000 4234.49926  14.2%   424 2069s
 15200  5730 4489.67513   45  549 4936.48000 4236.60567  14.2%   425 2070s
 15270  5780 4500.37636   65  463 4936.48000 4237.01072  14.2%   426 2096s
 15362  5839 4580.48967   50  333 4936.48000 4238.86812  14.1%   428 2137s
 15479  5905 4858.81805   56  402 4936.48000 4239.47633  14.1%   431 2159s
 15571  5981 4766.79887   54  236 4936.48000 4240.95519  14.1%   433 2181s
 15719  6056 4708.48585   44  215 4936.48000 4241.83393  14.1%   435 2206s
 15855  6120 4515.24038   45  482 4936.48000 4243.47984  14.0%   437 2232s
 15978  6186 4671.73892   47  445 4936.48000 4246.64652  14.0%   439 2255s
 16156  6271 4688.01394   38  224 4936.48000 4247.46767  14.0%   440 2289s
 16305  6334 4711.62733   43  398 4936.48000 4251.47478  13.9%   441 2312s
 16422  6412 4644.61373   48  298 4936.48000 4251.66706  13.9%   444 2335s
 16571  6469 4862.28748   48  188 4936.48000 4253.19302  13.8%   445 2358s
 16693  6549 4688.68726   47  287 4936.48000 4255.61927  13.8%   447 2383s
 16848  6597 4576.86356   46  482 4936.48000 4255.92395  13.8%   448 2406s
 16953  6652 4420.26481   37  250 4936.48000 4257.14479  13.8%   451 2429s
 17103  6745 4542.98785   36  376 4936.48000 4259.66850  13.7%   452 2453s
 17259  6856 4610.71813   49  299 4936.48000 4262.51357  13.7%   454 2499s
 17316  6856 4935.41635   76   45 4936.48000 4262.51357  13.7%   453 2500s
 17456  6941 4933.73913   52  212 4936.48000 4264.31230  13.6%   454 2524s
 17631  7046     cutoff   61      4936.48000 4268.53164  13.5%   455 2550s
 17797  7115 4716.64913   42  264 4936.48000 4271.30288  13.5%   456 2574s
 17886  7115 4863.82854   50  135 4936.48000 4272.30500  13.5%   457 2575s
 17959  7220 4610.83936   68  348 4936.48000 4273.57137  13.4%   458 2599s
 18127  7285 4931.27024   55  313 4936.48000 4274.52349  13.4%   459 2624s
 18276  7363 4544.41784   62  452 4936.48000 4276.89042  13.4%   460 2647s
 18441  7441 4537.51330   39  461 4936.48000 4279.19045  13.3%   461 2671s
 18576  7517 4660.89410   46  403 4936.48000 4280.06718  13.3%   463 2695s
 18727  7591 4788.65613   45  357 4936.48000 4282.99800  13.2%   464 2721s
 18839  7650     cutoff   51      4936.48000 4283.57444  13.2%   466 2746s
 19018  7733 4413.43447   42  528 4936.48000 4285.08589  13.2%   466 2769s
 19085  7733 4692.01601   47  496 4936.48000 4286.02987  13.2%   467 2770s
 19141  7830 4632.97179   47  277 4936.48000 4286.08627  13.2%   468 2795s
 19296  7907     cutoff   61      4936.48000 4287.02625  13.2%   469 2818s
 19429  7969 4618.04236   42  312 4936.48000 4290.20302  13.1%   470 2846s
 19555  8069 4669.94479   46  537 4936.48000 4290.55132  13.1%   472 2871s
 19743  8153 4793.13866   58  138 4936.48000 4291.76498  13.1%   472 2898s
 19900  8225 4681.36235   47  398 4936.48000 4294.91219  13.0%   474 2926s
H19958  7748                    4898.8400000 4294.91219  12.3%   475 2927s
 20005  7788 4791.15175   85  355 4898.84000 4296.49842  12.3%   475 2971s
 20153  7867 4827.94423   82  343 4898.84000 4298.91583  12.2%   477 2999s
 20236  7867 4573.92748   39  137 4898.84000 4301.25730  12.2%   477 3000s
 20323  7928 4830.92179   45  403 4898.84000 4301.77680  12.2%   477 3070s
 20447  8022 4733.49813   52  348 4898.84000 4303.07069  12.2%   479 3095s
 20614  8074 4737.90607   71  280 4898.84000 4306.19479  12.1%   480 3144s
 20754  8147 4400.63024   40  490 4898.84000 4306.56094  12.1%   482 3170s
 20900  8212     cutoff   45      4898.84000 4308.82048  12.0%   483 3205s
 20992  8212 4661.15061   43  571 4898.84000 4310.54086  12.0%   483 3229s
 21054  8277 4606.25743   43  491 4898.84000 4310.86302  12.0%   484 3254s
 21204  8351 4872.99429   54  253 4898.84000 4312.13905  12.0%   485 3283s
 21369  8411     cutoff   48      4898.84000 4314.81325  11.9%   486 3307s
 21515  8488 4519.37716   40  544 4898.84000 4318.18613  11.9%   487 3335s
 21644  8542 4735.67185   44  386 4898.84000 4319.56911  11.8%   489 3360s
 21789  8643 4797.06525   94  403 4898.84000 4321.72604  11.8%   490 3408s
H22000  8415                    4881.8400000 4322.94951  11.4%   490 3436s
 22126  8482 4788.77184   68  415 4881.84000 4323.75044  11.4%   491 3484s
 22280  8548     cutoff   54      4881.84000 4324.75877  11.4%   493 3509s
 22424  8618 4820.82120   46  342 4881.84000 4326.91747  11.4%   494 3545s
 22611  8682 4534.34897   40  370 4881.84000 4329.06625  11.3%   494 3573s
 22750  8709 4697.52531   47  583 4881.84000 4332.60934  11.3%   494 3598s
 22887  8710 4770.33065   44  545 4881.84000 4333.03123  11.2%   495 3600s

Cutting planes:
  User: 5628
  Gomory: 22
  Cover: 438
  Implied bound: 154
  Projected implied bound: 29
  Clique: 38
  MIR: 114
  StrongCG: 4
  Flow cover: 311
  GUB cover: 3
  Inf proof: 1
  Zero half: 37
  RLT: 281
  Relax-and-lift: 10
  Lazy constraints: 726

Explored 22888 nodes (11346159 simplex iterations) in 3600.02 seconds
Thread count was 2 (of 32 available processors)

Solution count 10: 4881.84 4898.84 4936.48 ... 5578.95

Time limit reached
Best objective 4.881840000000e+03, best bound 4.333031225332e+03, gap 11.2418%

User-callback calls 220271, time in user-callback 483.86 sec
================================================================================
executing instance: ./input/Instances/Original/4/absH3low_3n10.dat
--------------------------------------------------------------------------------
Instance details
n	11
H	3
C	687
Li:
[0, 0, 0, 0, 0, 0, 0, 0, 0, 0, 0, ]
Ui:
[0, 189, 44, 174, 78, 36, 198, 117, 42, 96, 240, ]
Distance matrix:
|0	209	255	286	142	156	285	317	182	161	135	|
|209	0	464	451	315	356	490	469	361	299	260	|
|255	464	0	221	202	130	74	280	189	254	273	|
|286	451	221	0	145	156	164	479	354	153	192	|
|142	315	202	145	0	73	194	388	250	53	73	|
|156	356	130	156	73	0	134	332	200	127	144	|
|285	490	74	164	194	134	0	353	256	239	267	|
|317	469	280	479	388	332	353	0	141	436	430	|
|182	361	189	354	250	200	256	141	0	296	289	|
|161	299	254	153	53	127	239	436	296	0	39	|
|135	260	273	192	73	144	267	430	289	39	0	|

--------------------------------------------------------------------------------
Building model...
	using lazy and cut (CVRPSEP package)
Solving IRP LP...
--------------------------------------------------------------------------------

Gurobi 9.1.0 (linux64) logging started Sun Feb 14 02:34:50 2021

Gurobi Optimizer version 9.1.0 build v9.1.0rc0 (linux64)
Thread count: 32 physical cores, 32 logical processors, using up to 2 threads
Optimize a model with 491 rows, 1184 columns and 3542 nonzeros
Model fingerprint: 0xc4257d7c
Variable types: 194 continuous, 990 integer (165 binary)
Coefficient statistics:
  Matrix range     [1e+00, 2e+02]
  Objective range  [1e-02, 5e+02]
  Bounds range     [1e+00, 2e+02]
  RHS range        [1e+00, 1e+03]
Presolve removed 163 rows and 282 columns
Presolve time: 0.06s
Presolved: 328 rows, 902 columns, 2462 nonzeros
Variable types: 100 continuous, 802 integer (657 binary)
Found heuristic solution: objective 7141.7500000
Found heuristic solution: objective 5893.5500000

Root relaxation: objective 2.279647e+03, 637 iterations, 0.01 seconds

    Nodes    |    Current Node    |     Objective Bounds      |     Work
 Expl Unexpl |  Obj  Depth IntInf | Incumbent    BestBd   Gap | It/Node Time

     0     0 2279.64670    0   70 5893.55000 2279.64670  61.3%     -    0s
     0     0 2838.78592    0   76 5893.55000 2838.78592  51.8%     -    0s
H    0     0                    5114.2900000 2838.78592  44.5%     -    0s
     0     0 3005.50697    0  138 5114.29000 3005.50697  41.2%     -    0s
H    0     0                    4420.0100000 3005.50697  32.0%     -    0s
     0     0 3019.83505    0  100 4420.01000 3019.83505  31.7%     -    0s
     0     0 3019.88159    0   94 4420.01000 3019.88159  31.7%     -    0s
     0     0 3160.15118    0  130 4420.01000 3160.15118  28.5%     -    0s
H    0     0                    4362.1000000 3160.15118  27.6%     -    0s
H    0     0                    4277.5800000 3160.15118  26.1%     -    0s
     0     0 3162.92496    0  132 4277.58000 3162.92496  26.1%     -    0s
     0     0 3164.52454    0  138 4277.58000 3164.52454  26.0%     -    0s
     0     0 3164.73955    0  142 4277.58000 3164.73955  26.0%     -    0s
     0     0 3209.76569    0  143 4277.58000 3209.76569  25.0%     -    0s
     0     0 3218.23699    0  138 4277.58000 3218.23699  24.8%     -    0s
     0     0 3223.85365    0  156 4277.58000 3223.85365  24.6%     -    0s
     0     0 3224.11536    0  154 4277.58000 3224.11536  24.6%     -    0s
     0     0 3274.69104    0  201 4277.58000 3274.69104  23.4%     -    0s
H    0     0                    4025.5800000 3274.69104  18.7%     -    0s
     0     0 3276.13600    0  190 4025.58000 3276.13600  18.6%     -    0s
     0     0 3276.63123    0  191 4025.58000 3276.63123  18.6%     -    0s
     0     0 3289.25132    0  166 4025.58000 3289.25132  18.3%     -    0s
H    0     0                    3713.5800000 3289.25132  11.4%     -    0s
     0     0 3290.46299    0  145 3713.58000 3290.46299  11.4%     -    0s
     0     0 3290.75960    0  161 3713.58000 3290.75960  11.4%     -    0s
     0     0 3297.14462    0  170 3713.58000 3297.14462  11.2%     -    0s
     0     0 3297.14462    0  170 3713.58000 3297.14462  11.2%     -    0s
H    0     0                    3712.3200000 3297.64054  11.2%     -    0s
     0     2 3297.64054    0  168 3712.32000 3297.64054  11.2%     -    0s

Cutting planes:
  User: 24
  Cover: 111
  Implied bound: 70
  Clique: 14
  MIR: 48
  StrongCG: 4
  Flow cover: 54
  GUB cover: 1
  Inf proof: 1
  Network: 1
  RLT: 70
  Relax-and-lift: 23
  Lazy constraints: 9

Explored 1263 nodes (62786 simplex iterations) in 3.03 seconds
Thread count was 2 (of 32 available processors)

Solution count 9: 3712.32 3713.58 4025.58 ... 7141.75

Optimal solution found (tolerance 1.00e-04)
Best objective 3.712320000000e+03, best bound 3.712320000000e+03, gap 0.0000%

User-callback calls 3285, time in user-callback 0.35 sec
================================================================================
executing instance: ./input/Instances/Original/4/absH3low_3n15.dat
--------------------------------------------------------------------------------
Instance details
n	16
H	3
C	1267
Li:
[0, 0, 0, 0, 0, 0, 0, 0, 0, 0, 0, 0, 0, 0, 0, 0, ]
Ui:
[0, 156, 267, 148, 144, 87, 33, 171, 76, 141, 270, 282, 60, 110, 172, 57, ]
Distance matrix:
|0	229	567	76	58	96	306	409	310	423	108	346	165	347	159	256	|
|229	0	482	243	279	155	375	525	251	419	158	373	65	123	329	246	|
|567	482	0	506	622	483	342	439	259	200	467	274	486	433	501	312	|
|76	243	506	0	119	88	230	337	255	352	88	272	179	347	94	194	|
|58	279	622	119	0	154	345	431	366	471	166	391	217	399	179	310	|
|96	155	483	88	154	0	266	397	224	358	17	289	92	262	176	179	|
|306	375	342	230	345	266	0	158	184	148	251	68	332	423	181	140	|
|409	525	439	337	431	397	158	0	340	244	386	201	476	581	253	298	|
|310	251	259	255	366	224	184	340	0	170	208	146	238	257	274	66	|
|423	419	200	352	471	358	148	244	170	0	341	84	396	424	323	182	|
|108	158	467	88	166	17	251	386	208	341	0	273	96	259	172	162	|
|346	373	274	272	391	289	68	201	146	84	273	0	340	400	239	127	|
|165	65	486	179	217	92	332	476	238	396	96	340	0	182	267	216	|
|347	123	433	347	399	262	423	581	257	424	259	400	182	0	423	283	|
|159	329	501	94	179	176	181	253	274	323	172	239	267	423	0	208	|
|256	246	312	194	310	179	140	298	66	182	162	127	216	283	208	0	|

--------------------------------------------------------------------------------
Building model...
	using lazy and cut (CVRPSEP package)
Solving IRP LP...
--------------------------------------------------------------------------------

Gurobi 9.1.0 (linux64) logging started Sun Feb 14 02:34:55 2021

Gurobi Optimizer version 9.1.0 build v9.1.0rc0 (linux64)
Thread count: 32 physical cores, 32 logical processors, using up to 2 threads
Optimize a model with 706 rows, 2329 columns and 6430 nonzeros
Model fingerprint: 0x99aa08a5
Variable types: 289 continuous, 2040 integer (240 binary)
Coefficient statistics:
  Matrix range     [1e+00, 3e+02]
  Objective range  [1e-02, 6e+02]
  Bounds range     [1e+00, 3e+02]
  RHS range        [1e+00, 2e+03]
Presolve removed 227 rows and 526 columns
Presolve time: 0.08s
Presolved: 479 rows, 1803 columns, 4548 nonzeros
Variable types: 160 continuous, 1643 integer (1436 binary)
Found heuristic solution: objective 9855.3700000

Root relaxation: objective 2.121857e+03, 711 iterations, 0.01 seconds

    Nodes    |    Current Node    |     Objective Bounds      |     Work
 Expl Unexpl |  Obj  Depth IntInf | Incumbent    BestBd   Gap | It/Node Time

     0     0 2121.85731    0  118 9855.37000 2121.85731  78.5%     -    0s
     0     0 2485.74113    0  107 9855.37000 2485.74113  74.8%     -    0s
H    0     0                    7362.5100000 2485.74113  66.2%     -    0s
     0     0 2618.04455    0   97 7362.51000 2618.04455  64.4%     -    0s
     0     0 2619.11473    0   97 7362.51000 2619.11473  64.4%     -    0s
     0     0 3030.07227    0  144 7362.51000 3030.07227  58.8%     -    0s
H    0     0                    5755.8600000 3030.07227  47.4%     -    0s
H    0     0                    5589.4600000 3030.07227  45.8%     -    0s
     0     0 3048.85475    0  126 5589.46000 3048.85475  45.5%     -    0s
     0     0 3051.17561    0  150 5589.46000 3051.17561  45.4%     -    0s
     0     0 3051.24431    0  161 5589.46000 3051.24431  45.4%     -    0s
     0     0 3118.75401    0  156 5589.46000 3118.75401  44.2%     -    0s
     0     0 3139.10359    0  171 5589.46000 3139.10359  43.8%     -    0s
     0     0 3142.68180    0  188 5589.46000 3142.68180  43.8%     -    0s
     0     0 3142.98824    0  173 5589.46000 3142.98824  43.8%     -    0s
     0     0 3170.53202    0  206 5589.46000 3170.53202  43.3%     -    0s
H    0     0                    5522.0500000 3170.53202  42.6%     -    0s
     0     0 3180.66342    0  184 5522.05000 3180.66342  42.4%     -    0s
     0     0 3183.36001    0  187 5522.05000 3183.36001  42.4%     -    0s
     0     0 3183.58459    0  187 5522.05000 3183.58459  42.3%     -    0s
     0     0 3202.21369    0  165 5522.05000 3202.21369  42.0%     -    0s
     0     0 3213.41618    0  181 5522.05000 3213.41618  41.8%     -    0s
     0     0 3214.39393    0  200 5522.05000 3214.39393  41.8%     -    0s
     0     0 3221.71895    0  230 5522.05000 3221.71895  41.7%     -    0s
     0     0 3223.63174    0  241 5522.05000 3223.63174  41.6%     -    0s
     0     0 3224.38623    0  237 5522.05000 3224.38623  41.6%     -    0s
     0     0 3228.71607    0  220 5522.05000 3228.71607  41.5%     -    0s
     0     0 3228.71607    0  220 5522.05000 3228.71607  41.5%     -    0s
H    0     0                    5190.0500000 3229.39782  37.8%     -    0s
     0     2 3229.39782    0  220 5190.05000 3229.39782  37.8%     -    1s
H   27    29                    4920.0500000 3270.80739  33.5%   215    1s
H  227   218                    4911.0500000 3323.25750  32.3%   106    3s
   391   374 3839.58649   14  123 4911.05000 3323.56525  32.3%   126    5s
H  743   602                    4887.0500000 3372.17925  31.0%   117    8s
   766   617 4389.33409   65  231 4887.05000 3372.17925  31.0%   114   10s
   823   661 4001.82246   27  187 4887.05000 3488.60823  28.6%   129   15s
  1126   830 4005.61915   51  177 4887.05000 3489.74056  28.6%   139   20s
  1456   972     cutoff   26      4887.05000 3589.79797  26.5%   142   25s
H 1458   939                    4886.0100000 3589.79797  26.5%   141   25s
H 1782   992                    4653.6900000 3671.90668  21.1%   137   29s
  1816  1018 4262.47197   33   59 4653.69000 3672.61379  21.1%   137   30s
H 2166  1065                    4621.6900000 3716.86086  19.6%   136   33s
H 2246   884                    4479.6800000 3719.40785  17.0%   136   34s
  2254   894 4209.01687   43  182 4479.68000 3725.76700  16.8%   136   35s
H 2371   877                    4430.6800000 3737.80108  15.6%   137   36s
  2649  1036 3909.09934   25  147 4430.68000 3769.97535  14.9%   137   40s
H 2999  1125                    4395.6800000 3775.54752  14.1%   138   44s
  3073  1165 4149.79433   19  188 4395.68000 3780.28371  14.0%   138   45s
  3497  1361 4252.09644   24  181 4395.68000 3817.98077  13.1%   140   51s
  3773  1476 4373.15062   24   95 4395.68000 3833.34967  12.8%   142   55s
  4133  1613 3943.09945   24  241 4395.68000 3857.76342  12.2%   144   60s
  4522  1713 4300.53987   26   99 4395.68000 3884.98909  11.6%   145   65s
