




arguments: ./build/bc_mirp -f ./input/orig_exec_288.cfg
Current dir: /scratch/gui/bc_mirp
File verbosity level: 9
date       time         ( uptime  ) [ thread name/id ]                   file:line     v| 
2021-02-18 00:21:29.638 (   0.095s) [main thread     ]             loguru.cpp:789   INFO| Logging to './output/vi_vc+lex_quarter/OU/V5/Original/execution_18_02_2021_00_21_29.log', mode: 'a', verbosity: 9
--------------------------------------------------------------------------------
Parameters
                           instance_path           ./input/Instances/Original/6/
                            model_policy                                       1
                             nb_vehicles                                       5
                              output_dir./output/vi_vc+lex_quarter/OU/V5/Original/
                            sec_strategy                                       1
                       solver_nb_threads                                       2
                         solver_show_log                                    true
                       solver_time_limit                                    3600
                              use_vi_cos                                   false
                              use_vi_cus                                   false
                         use_vi_hc1_full                                   false
                         use_vi_hc1_half                                   false
                      use_vi_hc1_quarter                                   false
                              use_vi_hc2                                   false
                              use_vi_hc3                                   false
                         use_vi_lex_full                                   false
                         use_vi_lex_half                                   false
                      use_vi_lex_quarter                                    true
                              use_vi_qua                                   false
                               use_vi_vc                                    true
                               use_vi_vr                                   false
--------------------------------------------------------------------------------
executing instance: ./input/Instances/Original/6/absH6high_1n25.dat
--------------------------------------------------------------------------------
Instance details
n	26
H	6
C	1711
Li:
[0, 0, 0, 0, 0, 0, 0, 0, 0, 0, 0, 0, 0, 0, 0, 0, 0, 0, 0, 0, 0, 0, 0, 0, 0, 0, ]
Ui:
[0, 168, 176, 34, 66, 36, 177, 106, 118, 182, 64, 141, 189, 63, 46, 111, 182, 231, 36, 66, 68, 54, 132, 90, 246, 75, ]
Distance matrix:
|0	191	200	231	334	329	146	196	208	245	218	164	283	394	151	358	156	196	309	253	201	260	127	138	130	104	|
|191	0	226	229	278	146	328	216	390	417	327	293	195	334	106	296	171	122	472	151	12	411	280	53	190	130	|
|200	226	0	38	149	359	321	10	276	274	418	364	139	204	121	173	321	115	303	141	225	236	155	202	311	256	|
|231	229	38	0	110	352	358	37	314	310	448	395	108	167	129	135	342	109	336	120	226	268	194	213	335	277	|
|334	278	149	110	0	367	467	147	422	413	546	495	86	61	203	25	423	163	429	129	271	363	303	282	424	361	|
|329	146	359	352	367	0	453	349	533	562	411	393	282	411	245	378	250	244	617	245	141	556	426	195	284	243	|
|146	328	321	358	467	453	0	321	162	215	160	112	425	524	297	491	223	341	284	397	339	266	186	276	184	210	|
|196	216	10	37	147	349	321	0	281	281	414	360	132	203	112	171	315	105	311	132	216	244	159	193	305	249	|
|208	390	276	314	422	533	162	281	0	54	321	271	410	471	316	445	348	348	123	398	398	115	125	338	313	309	|
|245	417	274	310	413	562	215	281	54	0	375	323	413	457	334	435	393	361	70	406	424	69	139	367	359	349	|
|218	327	418	448	546	411	160	414	321	375	0	57	484	606	347	569	163	393	444	446	339	421	318	288	137	199	|
|164	293	364	395	495	393	112	360	271	323	57	0	437	556	300	519	144	346	393	401	305	367	261	249	109	163	|
|283	195	139	108	86	282	425	132	410	413	484	437	0	139	137	101	349	91	443	44	187	375	286	206	355	291	|
|394	334	204	167	61	411	524	203	471	457	606	556	139	0	264	38	483	222	467	183	326	403	356	341	484	421	|
|151	106	121	129	203	245	297	112	316	334	347	300	137	264	0	225	220	46	381	102	106	316	195	84	221	158	|
|358	296	173	135	25	378	491	171	445	435	569	519	101	38	225	0	444	184	450	145	288	384	328	303	446	383	|
|156	171	321	342	423	250	223	315	348	393	163	144	349	483	220	444	0	261	460	308	183	415	284	143	39	65	|
|196	122	115	109	163	244	341	105	348	361	393	346	91	222	46	184	261	0	402	56	118	336	224	119	264	200	|
|309	472	303	336	429	617	284	311	123	70	444	393	443	467	381	450	460	402	0	442	477	68	192	424	426	413	|
|253	151	141	120	129	245	397	132	398	406	446	401	44	183	102	145	308	56	442	0	143	375	273	164	315	251	|
|201	12	225	226	271	141	339	216	398	424	339	305	187	326	106	288	183	118	477	143	0	416	286	63	202	142	|
|260	411	236	268	363	556	266	244	115	69	421	367	375	403	316	384	415	336	68	375	416	0	135	365	384	363	|
|127	280	155	194	303	426	186	159	125	139	318	261	286	356	195	328	284	224	192	273	286	135	0	232	256	229	|
|138	53	202	213	282	195	276	193	338	367	288	249	206	341	84	303	143	119	424	164	63	365	232	0	153	89	|
|130	190	311	335	424	284	184	305	313	359	137	109	355	484	221	446	39	264	426	315	202	384	256	153	0	64	|
|104	130	256	277	361	243	210	249	309	349	199	163	291	421	158	383	65	200	413	251	142	363	229	89	64	0	|

--------------------------------------------------------------------------------
Building model...
	using lazy and cut (CVRPSEP package)
Solving IRP LP...
--------------------------------------------------------------------------------

Gurobi 9.1.0 (linux64) logging started Thu Feb 18 00:21:29 2021

Gurobi Optimizer version 9.1.0 build v9.1.0rc0 (linux64)
Thread count: 32 physical cores, 32 logical processors, using up to 2 threads
Optimize a model with 2246 rows, 11462 columns and 28790 nonzeros
Model fingerprint: 0x29ebbd98
Variable types: 932 continuous, 10530 integer (780 binary)
Coefficient statistics:
  Matrix range     [1e+00, 3e+02]
  Objective range  [1e-01, 6e+02]
  Bounds range     [1e+00, 2e+02]
  RHS range        [1e+00, 3e+03]
Presolve removed 473 rows and 1703 columns
Presolve time: 0.29s
Presolved: 1773 rows, 9759 columns, 23203 nonzeros
Variable types: 705 continuous, 9054 integer (8350 binary)

Root relaxation: objective 1.504857e+04, 2761 iterations, 0.07 seconds

    Nodes    |    Current Node    |     Objective Bounds      |     Work
 Expl Unexpl |  Obj  Depth IntInf | Incumbent    BestBd   Gap | It/Node Time

     0     0 15048.5711    0  278          - 15048.5711      -     -    0s
     0     0 15338.9856    0  274          - 15338.9856      -     -    0s
     0     0 15379.3344    0  284          - 15379.3344      -     -    0s
     0     0 15380.1391    0  283          - 15380.1391      -     -    1s
     0     0 15380.1391    0  291          - 15380.1391      -     -    1s
     0     0 15841.8343    0  345          - 15841.8343      -     -    1s
     0     0 15903.4035    0  356          - 15903.4035      -     -    1s
     0     0 15916.1772    0  410          - 15916.1772      -     -    1s
     0     0 15961.6211    0  417          - 15961.6211      -     -    2s
     0     0 16047.9248    0  384          - 16047.9248      -     -    2s
     0     0 16093.6560    0  394          - 16093.6560      -     -    2s
     0     0 16129.6634    0  403          - 16129.6634      -     -    2s
     0     0 16134.1283    0  414          - 16134.1283      -     -    2s
     0     0 16135.1872    0  398          - 16135.1872      -     -    2s
     0     0 16135.3772    0  406          - 16135.3772      -     -    2s
     0     0 16522.7036    0  447          - 16522.7036      -     -    3s
     0     0 16548.3160    0  461          - 16548.3160      -     -    3s
     0     0 16551.5610    0  447          - 16551.5610      -     -    3s
     0     0 16551.6030    0  436          - 16551.6030      -     -    3s
     0     0 16666.6869    0  520          - 16666.6869      -     -    4s
     0     0 16686.3769    0  567          - 16686.3769      -     -    4s
     0     0 16699.3658    0  506          - 16699.3658      -     -    5s
     0     0 16709.5517    0  561          - 16709.5517      -     -    5s
     0     0 16717.3172    0  544          - 16717.3172      -     -    5s
     0     0 16769.3537    0  549          - 16769.3537      -     -    5s
     0     0 16803.5214    0  539          - 16803.5214      -     -    6s
     0     0 16812.4809    0  521          - 16812.4809      -     -    6s
     0     0 16816.5419    0  517          - 16816.5419      -     -    6s
     0     0 16825.0028    0  557          - 16825.0028      -     -    6s
     0     0 16826.9452    0  557          - 16826.9452      -     -    6s
     0     0 16827.0672    0  563          - 16827.0672      -     -    6s
     0     0 16951.7588    0  503          - 16951.7588      -     -    7s
     0     0 16965.9618    0  531          - 16965.9618      -     -    7s
     0     0 16969.8418    0  542          - 16969.8418      -     -    7s
     0     0 16971.8508    0  540          - 16971.8508      -     -    7s
     0     0 16991.9473    0  542          - 16991.9473      -     -    8s
     0     0 17001.1991    0  581          - 17001.1991      -     -    8s
     0     0 17002.1566    0  573          - 17002.1566      -     -    8s
     0     0 17008.8126    0  543          - 17008.8126      -     -    8s
     0     0 17008.8126    0  532          - 17008.8126      -     -    9s
     0     2 17009.5512    0  494          - 17009.5512      -     -   10s
    30    35 17206.6954    9  425          - 17016.3385      -   787   15s
    85    91 17472.3964   22  321          - 17016.3385      -   579   20s
   150   160 17945.5902   46  310          - 17016.3385      -   507   25s
   309   312 18839.7559   64  259          - 17016.3385      -   343   30s
   389   399 17258.2375    4  626          - 17025.2478      -   341   35s
   444   434 17348.4344    7  561          - 17025.2478      -   347   40s
   471   460 17586.3177   15  517          - 17025.2478      -   383   45s
   494   482 17777.6653   24  405          - 17025.2478      -   403   50s
   528   523 17953.2410   37  430          - 17025.2478      -   412   55s
   574   570 18213.5960   53  368          - 17025.2478      -   424   60s
   629   623 18972.0675   69  337          - 17025.2478      -   432   65s
   689   717 20064.6599  100  227          - 17025.2478      -   427   70s
   741   721 17837.5855   21  345          - 17025.2478      -   410   75s
   752   728 19658.2706   89  713          - 17421.5866      -   404   80s
   760   733 20362.8700  113  715          - 17487.4043      -   399   85s
   772   741 17509.6884   24  787          - 17509.6884      -   393   90s
   782   748 19548.1742  120  748          - 17513.2475      -   388   95s
   792   755 18231.2911   55  796          - 17515.8592      -   383  100s
   801   762 18087.6947   40  552          - 17515.8592      -   420  105s
   812   769 19026.3113   76  807          - 17515.8592      -   414  110s
   817   773 20105.4882  110  807          - 17515.8690      -   411  118s
   819   774 18954.7679   77  807          - 17516.7601      -   410  120s
   820   778 17522.4426   25  690          - 17517.5374      -   436  127s
   822   779 17617.2012   26  491          - 17522.0743      -   438  132s
   824   780 17539.0197   26  652          - 17523.6239      -   438  136s
   828   783 17553.9085   27  586          - 17525.8042      -   442  140s
   837   789 17578.9908   30  655          - 17545.9046      -   446  145s
   848   796 17736.9241   32  650          - 17556.4438      -   454  151s
   858   807 17584.6478   35  632          - 17556.4438      -   460  155s
   876   819 17591.2538   39  630          - 17556.4438      -   472  161s
   894   832 17623.7988   44  528          - 17556.4438      -   483  166s
   907   843 17641.8441   47  601          - 17556.4438      -   489  170s
   932   859 17680.0261   54  526          - 17556.4438      -   500  176s
   952   874 17719.3277   59  562          - 17556.4438      -   503  181s
   970   884 17747.5171   64  614          - 17556.4438      -   511  185s
   988   895 17761.8574   69  626          - 17556.4438      -   522  190s
  1010   912 17833.3980   75  550          - 17556.4438      -   530  197s
  1020   926 17872.4517   78  600          - 17556.4438      -   534  200s
  1050   945 17867.5795   86  569          - 17556.4438      -   539  206s
  1081   965 17946.3710   94  555          - 17556.4438      -   546  211s
  1096   976 17971.0680   99  563          - 17556.4438      -   549  215s
  1126   988 18010.8864  107  582          - 17556.4438      -   557  221s
  1151  1019 18134.6371  114  478          - 17556.4438      -   567  228s
  1174  1042 18086.9528  121  488          - 17556.4438      -   566  232s
  1204  1053 18127.4083  128  496          - 17556.4438      -   564  236s
  1225  1065 18208.4802  133  535          - 17556.4438      -   566  240s
  1244  1083 18225.5209  138  556          - 17556.4438      -   569  245s
  1298  1118 18264.4641  151  544          - 17556.4438      -   572  254s
  1322  1137 18272.7821  157  526          - 17556.4438      -   575  258s
  1349  1151 18527.6716  164  446          - 17556.4438      -   577  263s
  1372  1172 18322.5977  170  567          - 17556.4438      -   581  268s
  1400  1194 18365.4606  177  562          - 17556.4438      -   583  274s
  1432  1214 18381.1070  185  536          - 17556.4438      -   585  280s
  1462  1230 18418.9467  193  521          - 17556.4438      -   590  285s
  1488  1257 18462.6016  200  535          - 17556.4438      -   591  291s
  1524  1281 18497.3247  207  521          - 17556.4438      -   593  298s
  1560  1311 18653.1284  218  452          - 17556.4438      -   594  304s
  1602  1341 19114.9573  230  450          - 17556.4438      -   596  311s
  1646  1381 19032.3928  242  382          - 17556.4438      -   595  318s
  1701  1419 20030.0548  258  386          - 17556.4438      -   594  325s
  1757  1478 19487.5547  277  371          - 17556.4438      -   591  333s
  1835  1533 19595.9349  304  425          - 17556.4438      -   585  341s
  1916  1611 19736.3440  329  469          - 17556.4438      -   577  350s
  2021  1623 19880.2415  347  427          - 17556.4438      -   565  358s
  2086  1673 20620.4181  369  415          - 17556.4438      -   561  367s
  2157  1774 21085.5456  398  362          - 17556.4438      -   557  376s
  2284  1857 21850.5494  452  316          - 17556.4438      -   540  386s
  2409  1938 22384.6273  499  182          - 17556.4438      -   527  395s
  2532  2048 22351.8535  543  196          - 17556.4438      -   519  405s
  2683  2172 22476.5162  603  177          - 17556.4438      -   508  416s
  2857  2253 22677.2996  674  200          - 17556.4438      -   495  435s
  2996  2451 22770.8161  725  177          - 17556.4438      -   486  446s
  3243  2669 23182.9078  834  103          - 17556.4438      -   466  458s
  3509  2965 23551.7796  953  117          - 17556.4438      -   447  469s
  3712  2965 28122.5077 1054   32          - 17556.4438      -   427  470s
  3813  3050 28582.8030 1088   19          - 17574.0819      -   422  479s
  3937  3078 17975.2118   40  419          - 17574.0819      -   417  504s
  3947  3148 18025.3601   42  399          - 17574.0819      -   418  513s
  4017  3233 18136.5662   55  352          - 17574.0819      -   420  523s
  4102  3346 18303.7938   78  336          - 17574.0819      -   420  534s
  4147  3346 18444.4606  107  311          - 17574.0819      -   418  535s
  4215  3520 18745.9625  120  295          - 17574.0819      -   418  547s
  4397  3538 19604.5834  220  288          - 17574.7683      -   410  558s
  4459  3587 17828.9935   36  710          - 17598.3722      -   413  569s
  4482  3587 18001.0196   38  645          - 17598.3722      -   415  570s
  4508  3634 17964.4711   46  600          - 17598.3722      -   417  580s
  4555  3727 18116.8089   56  674          - 17598.3722      -   422  592s
  4648  3842 18472.3206   97  523          - 17598.3722      -   422  604s
  4763  4026 18664.3334  134  477          - 17598.3722      -   420  618s
  4947  4297 19124.1441  206  322          - 17598.3722      -   414  633s
  5218  4622 20197.8496  295  285          - 17598.3722      -   402  650s
  5543  4987 21057.6558  378  195          - 17598.3722      -   388  667s
  5910  5474 21602.2397  535  218          - 17598.3722      -   373  686s
  6443  5930 infeasible  703               - 17599.4040      -   354  705s
  6996  5984 18034.2564   33  699          - 17599.4346      -   334  718s
  7017  6011 17949.3763   32  752          - 17599.4346      -   337  728s
  7044  6027 18055.2029   41  536          - 17599.4346      -   341  740s
  7060  6069 18065.2564   43  491          - 17599.4346      -   343  751s
  7102  6157 18204.7411   48  353          - 17599.4346      -   346  762s
  7190  6264 18309.8403   59  407          - 17599.4346      -   347  774s
  7228  6264 18435.7291   76  409          - 17599.4346      -   348  775s
  7297  6422 18538.1041   85  389          - 17599.4346      -   348  792s
  7455  6737 18831.6893  133  367          - 17599.4346      -   348  811s
  7770  7188 19894.5977  258  307          - 17599.4346      -   342  833s
  7933  7188 20888.0618  340  210          - 17599.4346      -   339  835s
  8223  8370 20983.8946  370  193          - 17599.4346      -   331  861s
  9416  8636 25328.9299  577  148          - 17600.9718      -   299  881s
* 9669  8405             966    27335.200000 17601.1036  35.6%   293  883s
  9760  8514 18380.1183   40  639 27335.2000 17601.1036  35.6%   293  903s
  9920  8526 infeasible  120      27335.2000 17602.0299  35.6%   292  919s
  9952  8560 18173.5363   42  573 27335.2000 17602.4345  35.6%   295  936s
  9986  8637 18314.1523   49  544 27335.2000 17602.4345  35.6%   297  950s
 10063  8823 18707.7706   76  417 27335.2000 17602.4345  35.6%   298  968s
 10249  9125 19552.7321  145  303 27335.2000 17602.4345  35.6%   297  987s
 10553  9336 infeasible  244      27335.2000 17608.4173  35.6%   292 1007s
 10776  9490 18166.6251   51  547 27335.2000 17608.4173  35.6%   290 1026s
 10934 10105 18891.4370   58  394 27335.2000 17608.4173  35.6%   289 1049s
 10985 10105 19803.8233   79  230 27335.2000 17608.4173  35.6%   289 1050s
 11555 10365 20571.8938   82  203 27335.2000 17608.4173  35.6%   278 1076s
 11833 10538 25697.3309  170   48 27335.2000 17608.4832  35.6%   275 1093s
 12082 11033     cutoff  200      27335.2000 17613.9097  35.6%   272 1118s
H12083 10891                    26734.550000 17613.9097  34.1%   272 1118s
H12094  9485                    24097.450000 17613.9097  26.9%   273 1118s
 12297  9485 22386.0619  333  187 24097.4500 17618.0686  26.9%   269 1120s
 12592  9436 18146.1513   40  483 24097.4500 17618.0686  26.9%   264 1135s
H12625  8734                    23382.900000 17618.0686  24.7%   264 1136s
 12638  8852 18787.3841   73  436 23382.9000 17618.0686  24.7%   264 1151s
 12756  8903 20473.7096  162  281 23382.9000 17618.7693  24.7%   264 1168s
 12817  8913 18185.2087   47  553 23382.9000 17618.7693  24.7%   265 1184s
 12827  8957 18276.9725   52  470 23382.9000 17618.7693  24.7%   265 1206s
H12848  7715                    22484.150000 17618.7693  21.6%   265 1206s
 12871  7976 18658.7086   74  379 22484.1500 17618.7693  21.6%   265 1221s
 13132  8202 20566.5126  171  287 22484.1500 17618.7861  21.6%   262 1241s
H13244  7718                    22073.290000 17618.7861  20.2%   261 1242s
 13412  7690 18015.5415   29  557 22073.2900 17623.8026  20.2%   259 1255s
 13447  7728 18174.9703   38  452 22073.2900 17623.8026  20.2%   260 1270s
 13485  7826 18493.2376   50  303 22073.2900 17623.8026  20.2%   261 1285s
 13583  8000 18708.4763   83  274 22073.2900 17623.8026  20.2%   262 1301s
 13759  8170 19451.9961  137  211 22073.2900 17623.8026  20.2%   262 1319s
 13899  8170 19429.9597  116  257 22073.2900 17623.8026  20.2%   262 1320s
 13929  8469 19439.7517  190  217 22073.2900 17623.8026  20.2%   262 1338s
 14230  8707 20338.6745  281  201 22073.2900 17623.8045  20.2%   260 1355s
 14499  8866 18078.1579   52  670 22073.2900 17623.8045  20.2%   259 1372s
 14658  9146 18835.1221   68  501 22073.2900 17623.8045  20.2%   259 1392s
 14940  9601 20438.7483  165  198 22073.2900 17626.8370  20.1%   257 1413s
 15105  9601 21838.1449  330  204 22073.2900 17626.8370  20.1%   254 1415s
 15509  9628 17927.6450   51  638 22073.2900 17627.0242  20.1%   251 1430s
 15536  9675 18341.2856   58  504 22073.2900 17627.0242  20.1%   252 1443s
 15583  9850 18606.0295   68  404 22073.2900 17627.0242  20.1%   253 1462s
 15758 10130 19324.1860  181  134 22073.2900 17627.9348  20.1%   252 1481s
 16083 10214 18086.7972   37  544 22073.2900 17627.9348  20.1%   250 1496s
H16167 10230                    21975.610000 17627.9348  19.8%   251 1512s
 16254 10623 18891.7402   69  301 21975.6100 17627.9348  19.8%   250 1531s
 16649 10987 21046.1843  205  204 21975.6100 17630.5776  19.8%   247 1554s
 16879 10987 21359.0777  463  102 21975.6100 17632.4457  19.8%   245 1555s
 17076 11053 18512.1879   39  483 21975.6100 17632.4457  19.8%   242 1571s
 17142 11166 20140.4535   84  347 21975.6100 17632.4555  19.8%   243 1588s
H17148  9552                    21275.700000 17632.4555  17.1%   243 1588s
 17269  9564 18168.9046   48  710 21275.7000 17632.4555  17.1%   243 1601s
 17336  9614 18686.7196   64  329 21275.7000 17632.4555  17.1%   244 1616s
 17386  9682 19468.2253  110  320 21275.7000 17633.0884  17.1%   244 1630s
 17466  9885 18133.7288   56  703 21275.7000 17633.0884  17.1%   245 1647s
*17662  9062             240    20909.490000 17633.0884  15.7%   244 1648s
 17691  9100 18980.7574   79  532 20909.4900 17633.0884  15.7%   243 1664s
 17736  9203 19823.1310  112  399 20909.4900 17638.6955  15.6%   244 1678s
H17852  8968                    20788.090000 17638.6955  15.1%   244 1692s
H17871  8550                    20624.390000 17638.6955  14.5%   244 1692s
 17916  8654 18820.8567   55  526 20624.3900 17638.6955  14.5%   244 1707s
 18020  8747 19925.7033   92  268 20624.3900 17639.9912  14.5%   244 1721s
 18138  8770 18431.9376   39  681 20624.3900 17640.2335  14.5%   244 1737s
 18161  8845 18676.8864   50  631 20624.3900 17640.2335  14.5%   245 1751s
 18236  8971 19242.1760   86  457 20624.3900 17640.2335  14.5%   246 1767s
 18362  9050 20106.1379  145  399 20624.3900 17642.4623  14.5%   246 1781s
 18463  9094 18310.1755   37  532 20624.3900 17646.0872  14.4%   246 1795s
 18507  9101 18840.5345   57  566 20624.3900 17646.0872  14.4%   247 1814s
H18510  7983                    20257.620000 17646.0872  12.9%   247 1814s
 18514  8130 18897.6178   60  541 20257.6200 17646.0872  12.9%   247 1829s
 18661  8264 19845.1740  142  275 20257.6200 17646.7303  12.9%   247 1847s
 18836  8320 18125.9689   37  495 20257.6200 17646.7356  12.9%   246 1863s
 18892  8447 19516.8790   77  327 20257.6200 17648.5922  12.9%   247 1879s
 18936  8447 20009.0410  121  250 20257.6200 17648.5922  12.9%   247 1880s
 19039  8515 17948.2182   34  681 20257.6200 17648.5922  12.9%   247 1894s
 19091  8515 20133.3629  143  380 20257.6200 17648.5922  12.9%   248 1895s
 19123  8539 18092.0322   41  681 20257.6200 17648.5922  12.9%   248 1909s
 19147  8571 18751.9677   47  470 20257.6200 17648.5922  12.9%   249 1925s
 19179  8625 18565.6052   56  374 20257.6200 17648.5922  12.9%   250 1940s
 19233  8699 18671.7959   69  537 20257.6200 17648.5922  12.9%   251 1956s
 19333  8784 18832.5725   90  357 20257.6200 17648.5922  12.9%   252 1971s
 19418  8903 18967.2020  121  328 20257.6200 17648.5922  12.9%   253 1986s
 19537  8968 19241.0182  153  304 20257.6200 17648.5922  12.9%   253 2002s
 19612  9064 19300.0428  168  333 20257.6200 17648.5922  12.9%   254 2151s
H19669  8702                    20174.770000 17648.5922  12.5%   254 2151s
 19708  8891 19392.6546  197  323 20174.7700 17648.5922  12.5%   254 2168s
 19909  8976 19956.7250  261  246 20174.7700 17658.0723  12.5%   254 2186s
 20058  9066 18442.6575   54  629 20174.7700 17658.0723  12.5%   254 2202s
 20166  9159 19606.0771   86  456 20174.7700 17659.9591  12.5%   255 2218s
 20275  9241 18158.3796   51  628 20174.7700 17659.9591  12.5%   255 2235s
 20357  9486 18926.9740   77  427 20174.7700 17660.6451  12.5%   256 2254s
 20613  9612 18286.8689   36  650 20174.7700 17660.6451  12.5%   256 2272s
 20770  9666 18932.3004   64  505 20174.7700 17665.6916  12.4%   255 2287s
 20834  9688 18318.2259   53  659 20174.7700 17665.6916  12.4%   256 2304s
 20866  9812 18629.7118   59  628 20174.7700 17665.6916  12.4%   257 2320s
 20990  9895 19563.6805  104  403 20174.7700 17672.2799  12.4%   258 2336s
 21095  9976 18328.8003   58  660 20174.7700 17672.3290  12.4%   258 2353s
 21176 10208 19026.2606   90  470 20174.7700 17677.2912  12.4%   259 2372s
 21432 10244 18069.6916   42  609 20174.7700 17678.0110  12.4%   258 2389s
 21468 10289 18575.7060   51  568 20174.7700 17678.0110  12.4%   258 2405s
 21513 10344 19275.8078   60  553 20174.7700 17680.4154  12.4%   260 2423s
 21616 10383 18024.3511   33  708 20174.7700 17680.4154  12.4%   261 2439s
 21655 10476 18737.9225   58  585 20174.7700 17680.4154  12.4%   262 2456s
 21748 10582 19914.5582  124  422 20174.7700 17680.4600  12.4%   262 2472s
 21864 10747 18479.5455   52  617 20174.7700 17686.7125  12.3%   262 2493s
 22051 10783 17964.7051   41  643 20174.7700 17686.7283  12.3%   262 2510s
 22087 10856 18319.8254   49  533 20174.7700 17686.7283  12.3%   263 2528s
 22160 10983 18954.6870   62  338 20174.7700 17686.7283  12.3%   265 2547s
 22291 11155 18992.4719   85  394 20174.7700 17686.7283  12.3%   265 2569s
 22348 11155 19400.1546  133  306 20174.7700 17686.7283  12.3%   266 2570s
 22566 11293 19350.0784  113  368 20174.7700 17686.7283  12.3%   265 2588s
 22710 11427 19757.9388  176  265 20174.7700 17690.3053  12.3%   265 2607s
 22936 11487 18297.3488   62  641 20174.7700 17690.3053  12.3%   265 2625s
 22996 11677 18913.2490  102  442 20174.7700 17692.2697  12.3%   265 2647s
 23197 11770 18722.9529   53  600 20174.7700 17692.2697  12.3%   265 2665s
 23305 11916 19408.3553   81  525 20174.7700 17693.1389  12.3%   265 2684s
 23465 11948 17998.0752   35  471 20174.7700 17693.1389  12.3%   266 2702s
 23507 12180 19141.6626   61  348 20174.7700 17696.1780  12.3%   267 2723s
 23750 12233 18148.7115   57  633 20174.7700 17696.1780  12.3%   266 2743s
 23853 12298 18366.3171   65  439 20174.7700 17696.1780  12.3%   266 2762s
 23918 12531 18729.8515   95  265 20174.7700 17696.1780  12.3%   267 2783s
 24083 12531 19610.9504  207  262 20174.7700 17696.1780  12.3%   267 2785s
 24164 12619 19696.3878  216  223 20174.7700 17696.5068  12.3%   267 2803s
 24273 12750 18687.5455   62  572 20174.7700 17696.5068  12.3%   267 2822s
 24416 12777     cutoff  128      20174.7700 17696.6065  12.3%   267 2840s
 24457 12919 18653.4432   60  538 20174.7700 17697.8147  12.3%   268 2862s
 24627 12988 18738.9066   53  600 20174.7700 17697.9355  12.3%   269 2880s
 24696 13121 19912.7756   95  293 20174.7700 17698.7873  12.3%   270 2899s
 24839 13347 18595.2231   74  502 20174.7700 17698.7873  12.3%   269 2921s
 25087 13391 20051.8484  296  245 20174.7700 17700.3014  12.3%   269 2942s
 25151 13422 18501.0086   61  633 20174.7700 17700.3014  12.3%   269 2961s
 25185 13492 18570.7685   72  411 20174.7700 17700.3014  12.3%   270 2981s
 25255 13698 18815.1145   96  296 20174.7700 17700.3014  12.3%   271 3003s
 25461 13888 19103.0062  147  241 20174.7700 17700.3014  12.3%   271 3026s
 25691 14093 19229.0442  220  234 20174.7700 17700.3014  12.3%   271 3051s
 25945 14168 19604.7696  341  179 20174.7700 17708.0852  12.2%   271 3075s
 26127 14248 18616.3512   59  617 20174.7700 17708.0852  12.2%   271 3094s
 26186 14248 19389.8325   61  524 20174.7700 17708.0852  12.2%   272 3095s
 26217 14297 19451.8596  118  439 20174.7700 17713.7622  12.2%   272 3116s
 26278 14386 18083.4978   45  542 20174.7700 17713.7622  12.2%   273 3135s
 26375 14460 19179.2283   69  318 20174.7700 17713.7622  12.2%   273 3154s
 26451 14460 infeasible  139      20174.7700 17714.0882  12.2%   273 3155s
 26473 14586 18313.4845   48  550 20174.7700 17714.0882  12.2%   274 3174s
 26599 14749 19077.6481   98  569 20174.7700 17715.4555  12.2%   274 3195s
 26790 14815 18082.7730   43  659 20174.7700 17715.4563  12.2%   273 3215s
 26864 14909 19422.1313   78  335 20174.7700 17716.9760  12.2%   274 3235s
 26971 15144 18583.0853   60  576 20174.7700 17716.9760  12.2%   275 3257s
 27224 15200 19901.8830  135  339 20174.7700 17720.4966  12.2%   274 3277s
 27292 15296 18526.5348   48  544 20174.7700 17720.5175  12.2%   275 3299s
 27327 15296 19831.6709   83  318 20174.7700 17720.5175  12.2%   275 3300s
 27396 15464 18157.0911   50  645 20174.7700 17720.5175  12.2%   276 3323s
 27566 15643 18864.1096   68  444 20174.7700 17721.3656  12.2%   276 3346s
 27791 15761 18769.7621   50  628 20174.7700 17721.3762  12.2%   275 3368s
 27921 15798 20074.5390   97  308 20174.7700 17721.9818  12.2%   276 3387s
 27970 15937 18908.2442   72  587 20174.7700 17722.3800  12.2%   277 3407s
 28141 15966 18173.3591   57  759 20174.7700 17722.8002  12.2%   277 3427s
 28170 16019 18484.2290   65  507 20174.7700 17722.8002  12.2%   278 3446s
 28223 16128 18835.4790   79  446 20174.7700 17722.8002  12.2%   279 3467s
 28332 16340 19276.1006  108  346 20174.7700 17726.2192  12.1%   280 3490s
 28592 16516 19215.3640   61  531 20174.7700 17729.3112  12.1%   280 3515s
 28790 16562 18058.7629   31  747 20174.7700 17729.3112  12.1%   280 3536s
 28900 16644 19006.5211   50  557 20174.7700 17729.8971  12.1%   281 3558s
 28992 16726 18175.2264   49  659 20174.7700 17729.8971  12.1%   281 3579s
 29074 16840 18887.1655   83  502 20174.7700 17734.3527  12.1%   282 3600s

Cutting planes:
  User: 8258
  Gomory: 47
  Cover: 613
  Implied bound: 286
  Projected implied bound: 33
  Clique: 29
  MIR: 325
  StrongCG: 2
  Flow cover: 617
  GUB cover: 9
  Zero half: 10
  Network: 1
  RLT: 493
  Relax-and-lift: 22
  Lazy constraints: 567

Explored 29198 nodes (8264030 simplex iterations) in 3600.69 seconds
Thread count was 2 (of 32 available processors)

Solution count 10: 20174.8 20257.6 20624.4 ... 23382.9

Time limit reached
Best objective 2.017477000000e+04, best bound 1.773435270097e+04, gap 12.0964%

User-callback calls 522421, time in user-callback 149.23 sec
================================================================================
executing instance: ./input/Instances/Original/6/absH6high_1n20.dat
--------------------------------------------------------------------------------
Instance details
n	21
H	6
C	1651
Li:
[0, 0, 0, 0, 0, 0, 0, 0, 0, 0, 0, 0, 0, 0, 0, 0, 0, 0, 0, 0, 0, ]
Ui:
[0, 36, 182, 182, 90, 261, 117, 30, 110, 42, 276, 153, 40, 94, 144, 46, 129, 213, 264, 160, 174, ]
Distance matrix:
|0	371	401	343	361	341	370	115	392	400	79	266	292	245	355	431	265	194	95	92	348	|
|371	0	37	141	110	250	117	438	67	131	372	305	115	238	247	255	235	296	392	430	185	|
|401	37	0	175	100	284	146	472	90	156	406	342	152	275	280	282	242	333	415	455	178	|
|343	141	175	0	239	110	38	374	95	60	314	182	67	130	106	127	318	201	397	423	303	|
|361	110	100	239	0	341	222	451	177	240	385	374	190	304	341	361	151	345	354	398	78	|
|341	250	284	110	341	0	143	337	203	151	289	102	152	97	15	95	394	156	415	431	398	|
|370	117	146	38	222	143	0	407	61	30	346	220	81	167	137	139	317	237	417	447	292	|
|115	438	472	374	451	337	407	0	443	434	66	241	339	251	351	431	374	181	201	177	450	|
|392	67	90	95	177	203	61	443	0	66	379	275	104	216	197	193	294	283	427	461	252	|
|400	131	156	60	240	151	30	434	66	0	374	237	112	189	142	127	344	261	448	477	312	|
|79	372	406	314	385	289	346	66	379	374	0	202	275	197	304	383	316	134	175	166	388	|
|266	305	342	182	374	102	220	241	275	237	202	0	191	70	117	196	386	73	352	359	415	|
|292	115	152	67	190	152	81	339	104	112	275	191	0	123	154	193	252	183	336	366	246	|
|245	238	275	130	304	97	167	251	216	189	197	70	123	0	110	187	322	72	319	334	346	|
|355	247	280	106	341	15	137	351	197	142	304	117	154	110	0	80	399	171	427	444	400	|
|431	255	282	127	361	95	139	431	193	127	383	196	193	187	80	0	444	251	499	519	429	|
|265	235	242	318	151	394	317	374	294	344	316	386	252	322	399	444	0	332	226	273	97	|
|194	296	333	201	345	156	237	181	283	261	134	73	183	72	171	251	332	0	279	286	375	|
|95	392	415	397	354	415	417	201	427	448	175	352	336	319	427	499	226	279	0	47	321	|
|92	430	455	423	398	431	447	177	461	477	166	359	366	334	444	519	273	286	47	0	368	|
|348	185	178	303	78	398	292	450	252	312	388	415	246	346	400	429	97	375	321	368	0	|

--------------------------------------------------------------------------------
Building model...
	using lazy and cut (CVRPSEP package)
Solving IRP LP...
--------------------------------------------------------------------------------

Gurobi 9.1.0 (linux64) logging started Thu Feb 18 01:21:30 2021

Gurobi Optimizer version 9.1.0 build v9.1.0rc0 (linux64)
Thread count: 32 physical cores, 32 logical processors, using up to 2 threads
Optimize a model with 1821 rows, 7677 columns and 20067 nonzeros
Model fingerprint: 0x49bc6144
Variable types: 747 continuous, 6930 integer (630 binary)
Coefficient statistics:
  Matrix range     [1e+00, 3e+02]
  Objective range  [1e-01, 5e+02]
  Bounds range     [1e+00, 3e+02]
  RHS range        [1e+00, 3e+03]
Presolve removed 409 rows and 1373 columns
Presolve time: 0.20s
Presolved: 1412 rows, 6304 columns, 15506 nonzeros
Variable types: 555 continuous, 5749 integer (5200 binary)

Root relaxation: objective 1.421801e+04, 2836 iterations, 0.08 seconds

    Nodes    |    Current Node    |     Objective Bounds      |     Work
 Expl Unexpl |  Obj  Depth IntInf | Incumbent    BestBd   Gap | It/Node Time

     0     0 14218.0093    0  230          - 14218.0093      -     -    0s
     0     0 14494.4917    0  292          - 14494.4917      -     -    0s
     0     0 14506.4616    0  270          - 14506.4616      -     -    0s
     0     0 14516.4574    0  256          - 14516.4574      -     -    0s
     0     0 14516.7202    0  264          - 14516.7202      -     -    0s
     0     0 14516.7202    0  264          - 14516.7202      -     -    0s
     0     0 14768.0865    0  376          - 14768.0865      -     -    1s
     0     0 14899.0668    0  369          - 14899.0668      -     -    1s
     0     0 14912.1861    0  337          - 14912.1861      -     -    1s
     0     0 14921.7454    0  366          - 14921.7454      -     -    1s
     0     0 14921.9755    0  369          - 14921.9755      -     -    1s
     0     0 15113.5289    0  439          - 15113.5289      -     -    1s
     0     0 15151.6365    0  441          - 15151.6365      -     -    2s
     0     0 15156.5694    0  437          - 15156.5694      -     -    2s
     0     0 15156.8913    0  450          - 15156.8913      -     -    2s
     0     0 15242.7735    0  476          - 15242.7735      -     -    3s
     0     0 15254.2032    0  460          - 15254.2032      -     -    3s
     0     0 15255.6419    0  463          - 15255.6419      -     -    3s
     0     0 15255.8465    0  497          - 15255.8465      -     -    3s
     0     0 15297.7686    0  505          - 15297.7686      -     -    3s
     0     0 15306.2282    0  475          - 15306.2282      -     -    3s
     0     0 15307.1424    0  483          - 15307.1424      -     -    3s
     0     0 15318.1114    0  506          - 15318.1114      -     -    4s
     0     0 15322.6451    0  486          - 15322.6451      -     -    4s
     0     0 15322.9594    0  528          - 15322.9594      -     -    4s
     0     0 15326.3579    0  460          - 15326.3579      -     -    4s
     0     0 15326.3579    0  435          - 15326.3579      -     -    5s
     0     2 15328.1594    0  466          - 15328.1594      -     -    6s
    26    29 15371.1705    9  485          - 15336.2782      -   619   10s
    78    87 15655.2826   25  413          - 15336.2782      -   569   15s
   144   152 16441.5456   43  340          - 15336.2782      -   522   20s
   267   292 17695.8587   98  211          - 15336.2782      -   383   25s
   418   420 15875.6170    9  538          - 15344.5665      -   312   30s
   562   613 16070.1256   18  517          - 15344.5665      -   283   36s
   789   776 16646.4504   25  355          - 15344.5665      -   225   40s
   805   784 24810.7167  266  648          - 15483.7795      -   224   45s
   826   798 16185.5465   36  668          - 15540.2800      -   218   50s
   843   809 27820.9436  309  769          - 15557.4093      -   214   55s
   857   818 18909.4558  103  735          - 15562.8442      -   210   60s
   874   831 22923.0699  205  419          - 15568.5629      -   233   65s
   890   841 15655.2826   26  733          - 15576.2911      -   229   70s
   907   853 16182.5716   16  748          - 15580.8784      -   225   75s
   911   855 22835.0272  207  755          - 15583.1700      -   224   80s
   912   859 15586.2442   25  726          - 15586.2442      -   244   85s
   914   860 15665.5934   26  655          - 15587.4679      -   245   90s
   927   869 15609.4024   29  650          - 15601.5239      -   252   95s
   940   878 15641.9542   33  693          - 15609.4287      -   262  100s
   962   896 15684.9531   38  700          - 15609.4287      -   279  105s
   998   920 15802.0822   46  606          - 15609.4287      -   295  110s
  1028   944 15835.7747   52  573          - 15609.4287      -   306  115s
  1076   979 16011.8406   61  604          - 15609.4287      -   319  120s
  1119  1009 16139.3720   69  570          - 15609.4287      -   330  126s
  1150  1029 16169.7963   75  549          - 15609.4287      -   335  131s
  1198  1068 16391.7854   84  479          - 15609.4287      -   344  136s
  1240  1094 16418.4424   90  497          - 15609.4287      -   345  140s
  1304  1134 16465.2541   97  465          - 15609.4287      -   350  146s
  1349  1170 16792.8988  105  459          - 15609.4287      -   353  150s
  1453  1242 16966.3064  124  399          - 15609.4287      -   350  157s
  1487  1274 16894.0337  131  459          - 15609.4287      -   350  160s
  1599  1346 17069.7762  146  454          - 15609.4287      -   340  165s
  1684  1425 17135.4757  155  438          - 15609.4287      -   338  171s
  1806  1505 17449.9136  166  423          - 15609.4287      -   331  178s
  1870  1563 17361.9827  171  453          - 15609.4287      -   327  182s
  1951  1600 17563.4540  176  451          - 15609.4287      -   321  185s
  2120  1779 17769.4188  192  388          - 15609.4287      -   311  193s
  2259  1886 17866.2505  201  373          - 15609.4287      -   299  196s
  2412  1934 17974.3171  210  400          - 15609.4287      -   286  200s
  2597  1932 18229.0527  230  365          - 15609.4287      -   275  207s
  2622  1954 18257.4390  239  376          - 15609.4287      -   278  210s
  2683  1990 18388.8522  261  396          - 15609.4287      -   281  217s
  2708  2011 18417.7247  269  370          - 15609.4287      -   284  220s
  2776  2061 18639.8994  293  305          - 15609.4287      -   288  228s
  2810  2090 18660.1709  305  286          - 15609.4287      -   290  232s
  2851  2128 18840.5792  318  283          - 15609.4287      -   292  236s
  2902  2159 19054.0820  335  289          - 15609.4287      -   293  240s
  2950  2161 19615.1261  351  337          - 15609.4287      -   294  255s
  2968  2227 20008.5296  355  292          - 15609.4287      -   294  260s
  3042  2275 20906.5010  375  279          - 15609.4287      -   293  265s
  3115  2406 21468.9154  403  218          - 15609.4287      -   292  271s
  3273  2409 infeasible  465               - 15643.4978      -   285  277s
  3351  2461 15971.5833   39  520          - 15643.4978      -   284  282s
