




arguments: ./build/bc_mirp -f ./input/orig_exec_48.cfg
Current dir: /scratch/gui/bc_mirp
File verbosity level: 9
date       time         ( uptime  ) [ thread name/id ]                   file:line     v| 
2021-02-06 19:13:20.105 (   0.072s) [main thread     ]             loguru.cpp:789   INFO| Logging to './output/vi_vc+lex_quarter/OU/V5/Original/execution_06_02_2021_19_13_20.log', mode: 'a', verbosity: 9
--------------------------------------------------------------------------------
Parameters
                           instance_path           ./input/Instances/Original/1/
                            model_policy                                       1
                             nb_vehicles                                       5
                              output_dir./output/vi_vc+lex_quarter/OU/V5/Original/
                            sec_strategy                                       1
                       solver_nb_threads                                       2
                         solver_show_log                                    true
                       solver_time_limit                                    3600
                              use_vi_cos                                   false
                              use_vi_cus                                   false
                         use_vi_hc1_full                                   false
                         use_vi_hc1_half                                   false
                      use_vi_hc1_quarter                                   false
                              use_vi_hc2                                   false
                              use_vi_hc3                                   false
                         use_vi_lex_full                                   false
                         use_vi_lex_half                                   false
                      use_vi_lex_quarter                                    true
                              use_vi_qua                                   false
                               use_vi_vc                                    true
                               use_vi_vr                                   false
--------------------------------------------------------------------------------
executing instance: ./input/Instances/Original/1/absH3high_1n5.dat
--------------------------------------------------------------------------------
Instance details
n	6
H	3
C	289
Li:
[0, 0, 0, 0, 0, 0, ]
Ui:
[0, 195, 105, 116, 72, 22, ]
Distance matrix:
|0	85	349	17	203	289	|
|85	0	265	102	214	226	|
|349	265	0	366	368	238	|
|17	102	366	0	207	302	|
|203	214	368	207	0	431	|
|289	226	238	302	431	0	|

--------------------------------------------------------------------------------
Building model...
	using lazy and cut (CVRPSEP package)
Solving IRP LP...
--------------------------------------------------------------------------------

Gurobi 9.1.0 (linux64) logging started Sat Feb  6 19:13:20 2021

Gurobi Optimizer version 9.1.0 build v9.1.0rc0 (linux64)
Thread count: 32 physical cores, 32 logical processors, using up to 2 threads
Optimize a model with 276 rows, 414 columns and 1428 nonzeros
Model fingerprint: 0x4696db07
Variable types: 99 continuous, 315 integer (90 binary)
Coefficient statistics:
  Matrix range     [1e+00, 2e+02]
  Objective range  [2e-01, 4e+02]
  Bounds range     [1e+00, 2e+02]
  RHS range        [1e+00, 5e+02]
Presolve removed 36 rows and 38 columns
Presolve time: 0.01s

Explored 0 nodes (0 simplex iterations) in 0.01 seconds
Thread count was 1 (of 32 available processors)

Solution count 0

Model is infeasible
Best objective -, best bound -, gap -

User-callback calls 34, time in user-callback 0.00 sec

Computing Irreducible Inconsistent Subsystem (IIS)...

           Constraints          |            Bounds           |  Runtime
      Min       Max     Guess   |   Min       Max     Guess   |
--------------------------------------------------------------------------
        0       276         -         0       569         -           0s
       36        36         -        61        61         -           1s

IIS computed: 36 constraints, 61 bounds
IIS runtime: 0.83 seconds
================================================================================
executing instance: ./input/Instances/Original/1/absH3high_1n45.dat
--------------------------------------------------------------------------------
Instance details
n	46
H	3
C	3462
Li:
[0, 0, 0, 0, 0, 0, 0, 0, 0, 0, 0, 0, 0, 0, 0, 0, 0, 0, 0, 0, 0, 0, 0, 0, 0, 0, 0, 0, 0, 0, 0, 0, 0, 0, 0, 0, 0, 0, 0, 0, 0, 0, 0, 0, 0, 0, ]
Ui:
[0, 273, 270, 36, 165, 192, 148, 45, 30, 75, 180, 198, 112, 117, 90, 64, 180, 22, 264, 174, 168, 270, 86, 66, 26, 66, 237, 156, 92, 108, 144, 72, 30, 45, 94, 54, 174, 96, 198, 136, 44, 180, 210, 249, 198, 48, ]
Distance matrix:
|0	281	201	160	249	201	93	431	236	139	252	136	116	166	390	110	349	374	303	180	327	464	236	70	44	461	346	439	363	254	312	426	305	206	71	137	169	200	247	260	20	219	256	253	460	278	|
|281	0	448	170	53	142	338	184	121	290	371	390	222	302	111	289	169	434	230	177	238	441	59	212	319	211	86	235	399	306	53	176	99	202	263	157	361	101	370	201	264	344	364	374	469	184	|
|201	448	0	285	430	325	114	556	361	171	191	64	228	174	546	294	453	306	364	289	388	435	393	254	157	585	491	536	318	254	490	554	436	407	266	292	108	388	186	337	207	181	205	190	408	364	|
|160	170	285	0	169	43	182	280	80	120	208	231	58	132	262	230	190	294	151	24	174	345	112	107	183	309	207	280	268	158	219	276	155	235	187	45	192	150	205	107	140	177	202	210	356	119	|
|249	53	430	169	0	152	317	238	145	282	377	369	212	299	157	242	215	452	261	183	273	474	76	181	290	264	140	287	421	320	63	229	145	148	221	142	352	53	374	226	234	346	370	378	498	215	|
|201	142	325	43	152	0	224	237	37	156	230	273	101	164	224	261	148	300	127	38	147	333	83	142	225	266	167	238	270	168	193	233	112	246	221	70	228	148	228	84	180	202	222	232	351	87	|
|93	338	114	182	317	224	0	460	262	92	180	52	124	112	440	199	364	307	292	191	317	415	284	140	57	490	387	452	304	208	377	457	336	297	163	181	84	274	175	256	95	152	188	180	402	280	|
|431	184	556	280	238	237	460	0	199	385	420	508	337	385	108	464	110	429	219	269	206	378	202	365	460	30	98	84	388	340	204	9	126	386	432	294	453	283	421	226	411	404	408	423	422	198	|
|236	121	361	80	145	37	262	199	0	191	255	310	138	197	191	290	114	312	118	72	133	330	69	175	262	229	132	204	279	186	174	195	75	258	251	102	262	153	254	81	216	230	246	257	353	72	|
|139	290	171	120	282	156	92	385	191	0	116	129	71	27	380	246	283	235	201	119	226	329	231	141	129	414	323	367	224	119	336	383	266	308	202	141	72	252	112	169	127	82	118	117	322	195	|
|252	371	191	208	377	230	180	420	255	116	0	187	178	90	443	361	311	127	204	195	224	246	313	257	232	446	382	380	129	81	423	421	320	422	318	242	100	355	5	195	241	34	15	2	225	224	|
|136	390	64	231	369	273	52	508	310	129	187	0	173	141	491	233	409	313	330	239	355	431	335	191	93	538	438	495	316	233	429	505	385	342	203	233	88	325	182	297	143	167	199	187	412	323	|
|116	222	228	58	212	101	124	337	138	71	178	173	0	91	319	206	244	284	187	69	212	357	165	85	130	367	265	333	264	151	267	333	213	244	161	70	140	181	175	145	97	145	177	180	359	165	|
|166	302	174	132	299	164	112	385	197	27	90	141	91	0	388	273	280	208	191	127	215	305	243	167	153	413	329	361	198	96	351	383	270	333	229	159	68	272	86	163	153	56	92	91	296	190	|
|390	111	546	262	157	224	440	108	191	380	443	491	319	388	0	399	164	480	264	261	261	456	156	320	426	125	62	186	442	369	107	99	125	300	374	260	452	210	443	252	372	420	433	446	494	227	|
|110	289	294	230	242	261	199	464	290	246	361	233	206	273	399	0	402	480	382	254	404	562	262	124	143	493	369	490	466	355	302	457	344	135	45	191	279	189	356	337	120	328	364	362	563	348	|
|349	169	453	190	215	148	364	110	114	283	311	409	244	280	164	402	0	324	110	174	101	292	151	289	372	135	109	90	284	230	212	111	70	354	364	216	348	245	312	118	329	295	298	313	330	90	|
|374	434	306	294	452	300	307	429	312	235	127	313	284	208	480	480	324	0	216	274	223	137	380	368	357	448	419	367	40	136	487	432	358	525	436	336	227	443	132	234	361	156	119	127	102	255	|
|303	230	364	151	261	127	292	219	118	201	204	330	187	191	264	382	110	216	0	128	25	213	185	258	314	243	203	176	178	123	282	221	144	372	338	193	256	270	206	45	283	193	191	206	239	46	|
|180	177	289	24	183	38	191	269	72	119	195	239	69	127	261	254	174	274	128	0	151	321	118	130	198	299	204	263	246	139	228	266	147	258	211	68	191	169	193	83	159	166	188	197	333	98	|
|327	238	388	174	273	147	317	206	133	226	224	355	212	215	261	404	101	223	25	151	0	203	198	281	339	228	202	156	184	143	288	209	146	390	362	215	280	286	226	68	308	215	210	226	235	61	|
|464	441	435	345	474	333	415	378	330	329	246	431	357	305	456	562	292	137	213	321	203	0	398	440	458	390	400	301	117	211	492	384	348	578	517	389	344	480	251	251	448	265	233	246	54	259	|
|236	59	393	112	76	83	284	202	69	231	313	335	165	243	156	262	151	380	185	118	198	398	0	167	270	231	110	233	347	250	110	195	85	203	230	103	303	95	311	150	217	284	305	315	422	139	|
|70	212	254	107	181	142	140	365	175	141	257	191	85	167	320	124	289	368	258	130	281	440	167	0	109	394	277	378	349	236	244	359	239	167	81	73	196	135	253	213	53	223	257	258	444	226	|
|44	319	157	183	290	225	57	460	262	129	232	93	130	153	426	143	372	357	314	198	339	458	270	109	0	490	379	462	351	247	353	456	334	250	110	168	140	243	226	274	56	201	238	232	449	294	|
|461	211	585	309	264	266	490	30	229	414	446	538	367	413	125	493	135	448	243	299	228	390	231	394	490	0	125	89	408	365	226	36	156	412	462	324	481	311	447	253	441	430	433	448	436	225	|
|346	86	491	207	140	167	387	98	132	323	382	438	265	329	62	369	109	419	203	204	202	400	110	277	379	125	0	155	381	307	113	90	63	288	339	211	394	186	382	190	327	359	371	384	436	165	|
|439	235	536	280	287	238	452	84	204	367	380	495	333	361	186	490	90	367	176	263	156	301	233	378	462	89	155	0	326	299	267	92	148	432	454	306	429	325	382	199	419	369	366	382	348	172	|
|363	399	318	268	421	270	304	388	279	224	129	316	264	198	442	466	284	40	178	246	184	117	347	349	351	408	381	326	0	113	452	391	321	502	422	311	229	415	134	199	348	152	118	130	98	219	|
|254	306	254	158	320	168	208	340	186	119	81	233	151	96	369	355	230	136	123	139	143	211	250	236	247	365	307	299	113	0	359	340	244	390	310	200	148	308	83	117	238	74	68	83	208	145	|
|312	53	490	219	63	193	377	204	174	336	423	429	267	351	107	302	212	487	282	228	288	492	110	244	353	226	113	267	452	359	0	195	145	194	283	199	407	115	421	254	296	394	415	425	521	237	|
|426	176	554	276	229	233	457	9	195	383	421	505	333	383	99	457	111	432	221	266	209	384	195	359	456	36	90	92	391	340	195	0	122	378	426	289	451	275	421	226	406	404	408	423	427	197	|
|305	99	436	155	145	112	336	126	75	266	320	385	213	270	125	344	70	358	144	147	146	348	85	239	334	156	63	148	321	244	145	122	0	286	310	168	336	177	320	128	285	298	309	322	381	103	|
|206	202	407	235	148	246	297	386	258	308	422	342	244	333	300	135	354	525	372	258	390	578	203	167	250	412	288	432	502	390	194	378	286	0	144	191	362	109	418	329	202	388	421	423	591	329	|
|71	263	266	187	221	221	163	432	251	202	318	203	161	229	374	45	364	436	338	211	362	517	230	81	110	462	339	454	422	310	283	426	310	144	0	150	239	168	313	294	77	285	321	319	518	306	|
|137	157	292	45	142	70	181	294	102	141	242	233	70	159	260	191	216	336	193	68	215	389	103	73	168	324	211	306	311	200	199	289	168	191	150	0	210	113	239	148	117	210	238	244	400	157	|
|169	361	108	192	352	228	84	453	262	72	100	88	140	68	452	279	348	227	256	191	280	344	303	196	140	481	394	429	229	148	407	451	336	362	239	210	0	318	95	231	164	79	111	100	325	258	|
|200	101	388	150	53	148	274	283	153	252	355	325	181	272	210	189	245	443	270	169	286	480	95	135	243	311	186	325	415	308	115	275	177	109	168	113	318	0	352	230	187	323	351	357	498	225	|
|247	370	186	205	374	228	175	421	254	112	5	182	175	86	443	356	312	132	206	193	226	251	311	253	226	447	382	382	134	83	421	421	320	418	313	239	95	352	0	196	237	30	19	6	230	224	|
|260	201	337	107	226	84	256	226	81	169	195	297	145	163	252	337	118	234	45	83	68	251	150	213	274	253	190	199	199	117	254	226	128	329	294	148	231	230	196	0	240	178	184	198	272	29	|
|20	264	207	140	234	180	95	411	216	127	241	143	97	153	372	120	329	361	283	159	308	448	217	53	56	441	327	419	348	238	296	406	285	202	77	117	164	187	237	240	0	208	245	242	446	257	|
|219	344	181	177	346	202	152	404	230	82	34	167	145	56	420	328	295	156	193	166	215	265	284	223	201	430	359	369	152	74	394	404	298	388	285	210	79	323	30	178	208	0	37	35	250	206	|
|256	364	205	202	370	222	188	408	246	118	15	199	177	92	433	364	298	119	191	188	210	233	305	257	238	433	371	366	118	68	415	408	309	421	321	238	111	351	19	184	245	37	0	17	214	212	|
|253	374	190	210	378	232	180	423	257	117	2	187	180	91	446	362	313	127	206	197	226	246	315	258	232	448	384	382	130	83	425	423	322	423	319	244	100	357	6	198	242	35	17	0	225	226	|
|460	469	408	356	498	351	402	422	353	322	225	412	359	296	494	563	330	102	239	333	235	54	422	444	449	436	436	348	98	208	521	427	381	591	518	400	325	498	230	272	446	250	214	225	0	285	|
|278	184	364	119	215	87	280	198	72	195	224	323	165	190	227	348	90	255	46	98	61	259	139	226	294	225	165	172	219	145	237	197	103	329	306	157	258	225	224	29	257	206	212	226	285	0	|

--------------------------------------------------------------------------------
Building model...
	using lazy and cut (CVRPSEP package)
Solving IRP LP...
--------------------------------------------------------------------------------

Gurobi 9.1.0 (linux64) logging started Sat Feb  6 19:13:21 2021

Gurobi Optimizer version 9.1.0 build v9.1.0rc0 (linux64)
Thread count: 32 physical cores, 32 logical processors, using up to 2 threads
Optimize a model with 1996 rows, 17074 columns and 39388 nonzeros
Model fingerprint: 0xbbb18f45
Variable types: 859 continuous, 16215 integer (690 binary)
Coefficient statistics:
  Matrix range     [1e+00, 2e+03]
  Objective range  [1e-01, 6e+02]
  Bounds range     [1e+00, 3e+02]
  RHS range        [1e+00, 6e+03]
Presolve removed 548 rows and 1600 columns
Presolve time: 0.33s
Presolved: 1448 rows, 15474 columns, 33823 nonzeros
Variable types: 524 continuous, 14950 integer (14279 binary)

Root relaxation: objective 1.324580e+04, 1802 iterations, 0.07 seconds

    Nodes    |    Current Node    |     Objective Bounds      |     Work
 Expl Unexpl |  Obj  Depth IntInf | Incumbent    BestBd   Gap | It/Node Time

     0     0 13245.7990    0  142          - 13245.7990      -     -    1s
     0     0 13592.0212    0  150          - 13592.0212      -     -    1s
     0     0 13951.3563    0  226          - 13951.3563      -     -    2s
     0     0 13971.2432    0  227          - 13971.2432      -     -    2s
     0     0 13975.4338    0  214          - 13975.4338      -     -    2s
     0     0 13976.6698    0  215          - 13976.6698      -     -    2s
     0     0 13976.7122    0  215          - 13976.7122      -     -    2s
     0     0 14186.2164    0  230          - 14186.2164      -     -    2s
     0     0 14227.2680    0  325          - 14227.2680      -     -    2s
     0     0 14231.1974    0  307          - 14231.1974      -     -    2s
     0     0 14232.5389    0  312          - 14232.5389      -     -    2s
     0     0 14232.5713    0  319          - 14232.5713      -     -    2s
     0     0 14328.0192    0  368          - 14328.0192      -     -    3s
     0     0 14335.9494    0  361          - 14335.9494      -     -    3s
     0     0 14341.4048    0  370          - 14341.4048      -     -    3s
     0     0 14347.5526    0  385          - 14347.5526      -     -    3s
     0     0 14351.3495    0  403          - 14351.3495      -     -    3s
     0     0 14351.4877    0  390          - 14351.4877      -     -    3s
     0     0 14413.8969    0  364          - 14413.8969      -     -    4s
     0     0 14413.8969    0  364          - 14413.8969      -     -    5s
     0     0 14423.4424    0  415          - 14423.4424      -     -    6s
     0     0 14428.5914    0  439          - 14428.5914      -     -    6s
     0     0 14432.3403    0  430          - 14432.3403      -     -    6s
     0     0 14501.8861    0  409          - 14501.8861      -     -    6s
     0     0 14513.6571    0  451          - 14513.6571      -     -    6s
     0     0 14514.3205    0  449          - 14514.3205      -     -    7s
     0     0 14542.6277    0  432          - 14542.6277      -     -    7s
     0     0 14549.1753    0  520          - 14549.1753      -     -    7s
     0     0 14552.2956    0  535          - 14552.2956      -     -    8s
     0     0 14553.8293    0  535          - 14553.8293      -     -    8s
     0     0 14582.8516    0  449          - 14582.8516      -     -    8s
     0     0 14591.6256    0  509          - 14591.6256      -     -    9s
     0     0 14593.0861    0  512          - 14593.0861      -     -    9s
     0     0 14597.5053    0  446          - 14597.5053      -     -   10s
     0     0 14597.5053    0  446          - 14597.5053      -     -   10s
     0     2 14602.0637    0  415          - 14602.0637      -     -   13s
    13    16 14637.0304    5  445          - 14608.9739      -   400   15s
    53    57 14725.4507   14  513          - 14608.9739      -   425   20s
   100   107 14866.8945   25  445          - 14608.9739      -   418   25s
   154   167 15034.5138   39  371          - 14608.9739      -   382   30s
   251   281 15197.8692   56  367          - 14608.9739      -   323   35s
   470   506 15634.0255   64  351          - 14608.9739      -   208   40s
   643   619 15746.7256   76  259          - 14608.9739      -   170   45s
   683   662 16223.9081   95  305          - 14608.9739      -   186   50s
   725   696 15614.6322   81  446          - 14608.9739      -   195   56s
   729   699 16619.0303  111  416          - 14608.9739      -   194   60s
   742   707 14712.4432   12  385          - 14680.8389      -   191   66s
   755   716 15076.9020   52  679          - 14697.6875      -   188   70s
   763   721 17605.7920  154  681          - 14705.3065      -   186   75s
   769   725 15758.7799   78  544          - 14706.2296      -   184   80s
   775   729 16203.9185  113  546          - 14706.5135      -   183   85s
   783   735 15020.8521   36  528          - 14707.7391      -   181   90s
   791   740 19824.1200  266  544          - 14709.1797      -   179   95s
   793   741 15346.7082   63  598          - 14710.5846      -   179  103s
   797   744 15924.1800   83  606          - 14710.8750      -   178  105s
   814   755 16601.8029  134  591          - 14713.8915      -   174  110s
   824   763 18921.5995  208  491          - 14713.9890      -   198  115s
   835   770 18150.8409  179  644          - 14714.4308      -   196  120s
   843   776 18150.8409  179  583          - 14716.7439      -   194  125s
   853   782 20956.9552  294  610          - 14718.1491      -   192  130s
   863   789 17605.7920  154  608          - 14718.3109      -   189  135s
   864   790 18121.6175  181  608          - 14718.3109      -   189  140s
   875   801 14723.7002   28  693          - 14723.7002      -   212  145s
   890   811 14734.3444   32  698          - 14730.9861      -   222  150s
   905   822 14747.2582   36  646          - 14730.9861      -   231  155s
   928   837 14761.7310   41  558          - 14730.9861      -   241  160s
   953   856 14805.4899   47  512          - 14730.9861      -   251  166s
   983   876 14839.6217   53  502          - 14730.9861      -   258  170s
  1009   902 14889.1677   59  498          - 14730.9861      -   269  175s
  1047   924 14934.6480   65  511          - 14730.9861      -   270  180s
  1093   958 15090.6848   75  450          - 14730.9861      -   274  186s
  1159  1008 15238.4727   84  422          - 14730.9861      -   273  191s
  1204  1040 15275.9087   92  399          - 14730.9861      -   272  195s
  1256  1085 15309.6183  101  260          - 14730.9861      -   271  200s
  1331  1140 15396.8993  111  304          - 14730.9861      -   268  205s
  1430  1225 15495.4943  120  363          - 14730.9861      -   262  211s
  1551  1317 15546.6896  131  206          - 14730.9861      -   254  218s
  1621  1362 15565.0610  134  246          - 14730.9861      -   248  221s
  1804  1387 15641.5250  145  337          - 14730.9861      -   228  227s
  1886  1386 15684.9066  149  333          - 14730.9861      -   221  230s
  1933  1412 15722.0433  157  315          - 14730.9861      -   222  235s
  1960  1434 15804.7160  168  258          - 14730.9861      -   226  240s
  1997  1458 15866.3762  182  266          - 14730.9861      -   229  245s
  2033  1492 15946.6981  197  265          - 14730.9861      -   231  250s
  2079  1527 16057.0267  211  251          - 14730.9861      -   233  255s
  2138  1563 16188.1453  234  198          - 14730.9861      -   235  262s
  2165  1587 16451.7757  245  218          - 14730.9861      -   236  265s
  2242  1647 16479.1576  275  235          - 14730.9861      -   237  272s
  2284  1695 16543.8379  291  223          - 14730.9861      -   237  276s
  2346  1763 16695.6624  315  187          - 14730.9861      -   236  280s
  2434  1829 17359.2071  355  173          - 14730.9861      -   233  285s
  2530  1916 18826.4172  391  115          - 14730.9861      -   229  292s
  2649  2047 19633.2655  444   78          - 14730.9861      -   225  297s
  2828  2006 15505.4294  100  220          - 14730.9861      -   213  300s
  2857  2020 22796.5500  525   16          - 14732.6380      -   213  305s
* 2859  1955             526    22905.150000 14732.6380  35.7%   213  305s
* 2860  1906             527    22598.090000 14732.6380  34.8%   213  305s
  2901  1895 14958.6868   31  630 22598.0900 14732.6380  34.8%   214  325s
  2903  1926 14961.3229   32  587 22598.0900 14732.6380  34.8%   214  332s
  2935  1942 15019.4236   35  532 22598.0900 14732.6380  34.8%   215  340s
  2962  1953 15003.0078   34  424 22598.0900 14732.6380  34.8%   216  345s
  2982  1969 15134.0467   36  371 22598.0900 14732.6380  34.8%   217  351s
  3004  2003 15055.5572   37  421 22598.0900 14732.6380  34.8%   217  357s
  3043  2035 15073.6506   39  583 22598.0900 14732.6380  34.8%   218  363s
  3075  2072 15173.3547   39  375 22598.0900 14732.6380  34.8%   218  368s
  3112  2106 15129.4213   42  457 22598.0900 14732.6380  34.8%   219  375s
  3146  2178 15154.8379   48  447 22598.0900 14732.6380  34.8%   219  381s
  3218  2256 15265.0070   51  410 22598.0900 14732.6380  34.8%   218  390s
  3296  2271 15304.1677   52  429 22598.0900 14732.6380  34.8%   218  421s
  3311  2326 15337.7986   53  408 22598.0900 14732.6380  34.8%   219  428s
  3366  2443 15472.6159   55  277 22598.0900 14732.6380  34.8%   219  436s
  3489  2558 15388.9609   58  410 22598.0900 14732.6380  34.8%   214  447s
  3678  2592 19775.9100  312    - 22598.0900 14732.6380  34.8%   205  450s
  3699  2625 15402.9141   62  413 22598.0900 14732.6380  34.8%   205  456s
  3718  2643 15528.4700   68  262 22598.0900 14732.6380  34.8%   206  462s
  3736  2655 15592.5143   70  375 22598.0900 14732.6380  34.8%   208  475s
  3748  2682 15743.9141   71  338 22598.0900 14732.6380  34.8%   210  482s
  3775  2702 15738.7682   80  290 22598.0900 14732.6380  34.8%   211  489s
  3795  2731 15837.1993   81  177 22598.0900 14732.6380  34.8%   213  497s
  3824  2766 16002.0431   94  251 22598.0900 14732.6380  34.8%   214  505s
  3859  2790 16166.5730  103  197 22598.0900 14732.6380  34.8%   215  514s
  3883  2833 16122.6533  107  215 22598.0900 14732.6380  34.8%   216  521s
  3926  2850 16223.1119  119  238 22598.0900 14732.6380  34.8%   218  537s
  3943  2891 16365.6217  121  222 22598.0900 14732.6380  34.8%   219  544s
  3984  2932 16420.0991  133  152 22598.0900 14732.6380  34.8%   220  553s
  4025  2981 16614.6967  147  192 22598.0900 14732.6380  34.8%   221  561s
  4074  3025 16685.9479  164  151 22598.0900 14732.6380  34.8%   222  570s
  4118  3076 16850.5957  175  146 22598.0900 14732.6380  34.8%   223  579s
  4169  3138 16944.0694  181  154 22598.0900 14732.6380  34.8%   225  588s
  4231  3174 17454.2566  194  182 22598.0900 14732.6380  34.8%   226  616s
  4267  3294 17688.0514  197  172 22598.0900 14732.6380  34.8%   227  627s
  4387  3473 17984.8374  221  148 22598.0900 14732.6380  34.8%   226  640s
  4566  3597 19758.2268  251  100 22598.0900 14750.0521  34.7%   222  654s
  4613  3597 19232.1046  264   49 22598.0900 14750.0521  34.7%   222  655s
* 4684  3349             285    19639.980000 14750.0521  24.9%   219  656s
  4734  3330     cutoff  286      19639.9800 14759.1844  24.9%   220  666s
  4770  3374 15392.3150   38  525 19639.9800 14759.1844  24.9%   222  677s
  4814  3507 15699.9248   49  322 19639.9800 14759.1844  24.9%   223  689s
  4857  3507 16324.0994   92  118 19639.9800 14759.1844  24.9%   223  690s
  4947  3766 16584.5866   93  200 19639.9800 14760.7523  24.8%   222  706s
  5277  3997     cutoff  238      19639.9800 14762.9010  24.8%   213  726s
  5546  4033 15094.8220   39  583 19639.9800 14762.9074  24.8%   207  749s
  5557  4098 15219.6125   49  458 19639.9800 14762.9074  24.8%   207  760s
  5636  4194 15729.7817   87  205 19639.9800 14765.1595  24.8%   207  774s
  5656  4194 16200.0619  107  197 19639.9800 14765.1595  24.8%   207  775s
  5767  4221 15082.8999   35  461 19639.9800 14765.3957  24.8%   206  788s
  5784  4245 15234.8377   38  475 19639.9800 14765.3957  24.8%   208  801s
  5808  4303 15324.1918   42  432 19639.9800 14765.3957  24.8%   210  814s
  5866  4305 15710.7883   49  344 19639.9800 14765.3957  24.8%   211  849s
  5868  4439 15546.7109   48  381 19639.9800 14765.3957  24.8%   211  867s
  6044  4483 15781.6520   55  352 19639.9800 14765.3957  24.8%   209  883s
  6084  4532 15891.5784   62  237 19639.9800 14765.3957  24.8%   210  897s
  6133  4630 16330.1059   78  365 19639.9800 14765.3957  24.8%   212  914s
  6231  4824 16810.5983   90  176 19639.9800 14765.3957  24.8%   213  931s
  6461  4911 18953.0400  127   26 19639.9800 14780.7328  24.7%   210  951s
  6568  4923 infeasible  152      19639.9800 14782.0915  24.7%   209  967s
  6588  4947 15285.1362   48  362 19639.9800 14784.7056  24.7%   211  981s
  6613  5112 15568.5692   65  409 19639.9800 14784.7056  24.7%   213  997s
  6781  5120 18380.0378  169   13 19639.9800 14784.7056  24.7%   211 1000s
  6821  5197 16262.8913   99  263 19639.9800 14784.7056  24.7%   210 1061s
  6901  5280 17433.4800  168   96 19639.9800 14787.1795  24.7%   210 1080s
  7002  5384 18074.6263  195   77 19639.9800 14789.2769  24.7%   210 1096s
  7125  5461 18498.0900  202    - 19639.9800 14789.2832  24.7%   209 1112s
  7217  5522 18544.7100  202    - 19639.9800 14803.8294  24.6%   209 1139s
  7279  5669 18578.0533  202   19 19639.9800 14804.9521  24.6%   212 1173s
  7460  5811 infeasible  233      19639.9800 14808.5664  24.6%   212 1204s
  7498  5813 15538.8813   72  205 19639.9800 14808.5664  24.6%   213 1205s
  7610  5884     cutoff  231      19639.9800 14808.8160  24.6%   212 1236s
  7758  6010 15347.2178   54  338 19639.9800 14808.8939  24.6%   213 1264s
  7853  6312 15801.0133   73  238 19639.9800 14808.9230  24.6%   215 1300s
  8231  6544 17708.0300  178    - 19639.9800 14809.4781  24.6%   212 1339s
  8291  6557 15835.8145  125  114 19639.9800 14810.7906  24.6%   213 1340s
  8516  6616 infeasible  187      19639.9800 14814.1968  24.6%   210 1373s
  8583  6681 15150.6161   40  359 19639.9800 14824.4491  24.5%   212 1405s
* 8623  6562             184    19402.890000 14824.4491  23.6%   213 1406s
* 8627  6438             181    19241.600000 14824.4491  23.0%   213 1406s
  8653  6625 15382.7343   58  298 19241.6000 14824.6315  23.0%   214 1436s
  8873  6651 18057.3900  160    6 19241.6000 14824.6315  23.0%   212 1440s
  8906  6705 18388.4300  161    - 19241.6000 14829.4182  22.9%   213 1464s
* 8933  6677             182    19187.600000 14830.1049  22.7%   214 1464s
  8958  6677 15356.1081   54  406 19187.6000 14830.1049  22.7%   215 1465s
  8969  6792 18666.3000  161    8 19187.6000 14830.1224  22.7%   215 1492s
* 8975  6473             167    18746.480000 14830.1224  20.9%   215 1492s
* 8977  6471             166    18738.480000 14830.1224  20.9%   215 1492s
* 8979  6463             164    18728.740000 14830.1224  20.8%   215 1492s
  9114  6519     cutoff  167      18728.7400 14833.0885  20.8%   216 1520s
  9174  6733 15686.2540   67  294 18728.7400 14833.7931  20.8%   218 1552s
  9439  6790     cutoff  172      18728.7400 14837.6807  20.8%   216 1584s
  9462  6790     cutoff  180      18728.7400 14838.0738  20.8%   217 1585s
  9488  6975 15532.1675   56  415 18728.7400 14838.2057  20.8%   218 1616s
  9737  7156 15035.7971   35  351 18728.7400 14838.4895  20.8%   217 1644s
  9800  7156 16438.1767   98   59 18728.7400 14838.4895  20.8%   218 1645s
  9916  7264 17409.7589  118   58 18728.7400 14844.2645  20.7%   218 1672s
 10054  7361     cutoff  171      18728.7400 14844.4271  20.7%   218 1701s
 10144  7678 15207.6701   51  433 18728.7400 14844.4271  20.7%   221 1732s
 10361  7678 16664.3509  139   18 18728.7400 14844.4271  20.7%   220 1735s
 10509  7841 15517.4820   79  139 18728.7400 14844.7457  20.7%   219 1768s
 10665  7853 18558.2646  171   17 18728.7400 14849.2456  20.7%   218 1770s
 10699  7916 17770.4300  150   19 18728.7400 14849.5358  20.7%   219 1796s
 10808  8059 18050.9593  156   42 18728.7400 14849.9128  20.7%   220 1825s
 11011  8083     cutoff  172      18728.7400 14854.1824  20.7%   219 1864s
 11025  8128 15062.1496   50  759 18728.7400 14857.5124  20.7%   220 1894s
 11070  8286 15686.6512   57  295 18728.7400 14857.5124  20.7%   222 1924s
 11092  8286 16065.4076   68  236 18728.7400 14857.5124  20.7%   222 1925s
 11228  8651 17070.4987   98   81 18728.7400 14858.6558  20.7%   223 1961s
 11659  8734 15113.7320   42  501 18728.7400 14858.6559  20.7%   219 1992s
 11742  8874 16498.8398   93  260 18728.7400 14860.4134  20.7%   221 2025s
 11918  8973 15353.5929   59  597 18728.7400 14860.7976  20.7%   221 2055s
 12041  9047 16066.2722  102  187 18728.7400 14867.1507  20.6%   221 2118s
 12121  9053 18679.6400  175    - 18728.7400 14867.1507  20.6%   220 2126s
 12149  9136     cutoff  177      18728.7400 14868.2427  20.6%   221 2155s
 12239  9331 15589.4639   66  285 18728.7400 14869.0333  20.6%   222 2189s
 12298  9331 16623.9013  125  131 18728.7400 14869.0333  20.6%   222 2190s
 12449  9404 17765.9885  186   79 18728.7400 14870.3487  20.6%   221 2228s
 12554  9501 15266.5613   44  422 18728.7400 14870.9033  20.6%   223 2256s
 12642  9821 15568.3114   69  225 18728.7400 14870.9083  20.6%   224 2289s
 12662  9821 15754.9673   75  160 18728.7400 14870.9083  20.6%   224 2290s
 13028 10149 infeasible  174      18728.7400 14870.9243  20.6%   222 2324s
 13084 10151 15814.1710  101  157 18728.7400 14873.6645  20.6%   223 2325s
 13370 10232     cutoff  181      18728.7400 14875.6782  20.6%   220 2356s
 13474 10386 15835.2682   62  321 18728.7400 14879.9679  20.6%   221 2390s
 13655 10510     cutoff  195      18728.7400 14882.4769  20.5%   221 2425s
 13793 10643 15271.2305   48  325 18728.7400 14883.3857  20.5%   222 2458s
 13916 10649 18282.8000  160   15 18728.7400 14883.8240  20.5%   221 2460s
 13951 10695 14977.1623   38  349 18728.7400 14883.8240  20.5%   222 2499s
 13989 10783 15138.1275   47  538 18728.7400 14883.8240  20.5%   223 2525s
 14077 10949 15279.1893   57  364 18728.7400 14883.8240  20.5%   225 2555s
 14329 11067 15746.9349   79  262 18728.7400 14883.8240  20.5%   225 2586s
 14422 11349 16135.7431  100  245 18728.7400 14883.8240  20.5%   226 2623s
 14542 11354 16935.1857  146   81 18728.7400 14883.8240  20.5%   226 2625s
 14773 11446 17155.4107  125   95 18728.7400 14885.9448  20.5%   224 2656s
 14874 11577 infeasible  207      18728.7400 14885.9688  20.5%   225 2687s
 15037 11593 17519.2800  200    - 18728.7400 14886.7347  20.5%   225 2690s
 15055 11713 15601.5222   66  484 18728.7400 14888.4166  20.5%   225 2721s
 15197 11775 18202.0968  154   55 18728.7400 14890.5325  20.5%   225 2751s
 15277 11902 infeasible  181      18728.7400 14890.6952  20.5%   226 2781s
 15416 12128 15948.0680   89  358 18728.7400 14891.7830  20.5%   227 2811s
 15693 12188 infeasible  198      18728.7400 14892.1796  20.5%   226 2842s
 15769 12333 15708.3698   44  229 18728.7400 14893.6852  20.5%   227 2873s
 15862 12333 16889.3565   82  101 18728.7400 14893.6852  20.5%   227 2875s
 15906 12336 17143.5887   85   85 18728.7400 14893.6852  20.5%   228 2922s
 15909 12621 17106.8240   85  111 18728.7400 14893.7501  20.5%   228 2954s
 15949 12621 18350.4604  107  127 18728.7400 14893.7501  20.5%   228 2955s
 16226 12724 15330.7695   61  395 18728.7400 14894.8831  20.5%   227 2987s
 16381 12789 15166.0883   36  420 18728.7400 14895.5746  20.5%   227 3019s
 16447 12979 15768.1205   64  347 18728.7400 14895.7299  20.5%   229 3052s
 16642 12989 18474.2600  147    - 18728.7400 14895.9261  20.5%   228 3055s
 16663 13042 14936.1523   33  457 18728.7400 14895.9261  20.5%   228 3084s
 16713 13212 15135.3896   44  422 18728.7400 14895.9261  20.5%   230 3115s
 16883 13433 15545.2578   68  271 18728.7400 14895.9261  20.5%   230 3150s
 17132 13877 15958.2613  105  162 18728.7400 14897.6402  20.5%   230 3192s
 17252 13877 16773.4600  141   32 18728.7400 14897.6402  20.5%   230 3195s
 17672 13925 infeasible  186      18728.7400 14898.0418  20.5%   225 3200s
 17697 13974 infeasible  242      18728.7400 14898.6589  20.5%   226 3233s
 17760 14165 15824.0456   76  244 18728.7400 14898.8696  20.4%   227 3268s
 17859 14173 15287.0946   46  428 18728.7400 14899.5157  20.4%   227 3270s
 17994 14219 15218.5126   36  494 18728.7400 14899.5157  20.4%   227 3302s
 18036 14291 15370.6750   44  414 18728.7400 14899.5157  20.4%   228 3328s
 18108 14466 15823.3381   60  348 18728.7400 14899.5157  20.4%   229 3361s
 18320 14707 16234.7785   76  145 18728.7400 14900.2095  20.4%   229 3397s
 18523 14717 16490.1526   77  110 18728.7400 14902.8266  20.4%   229 3400s
 18612 14769 18704.0900  121    6 18728.7400 14903.4936  20.4%   228 3428s
 18674 14892     cutoff  122      18728.7400 14903.5066  20.4%   229 3461s
 18826 14961 15718.2982   57  432 18728.7400 14905.0637  20.4%   229 3504s
 18873 14961 16365.6270  104  229 18728.7400 14905.0637  20.4%   229 3505s
 18891 15091 16458.6746  109  220 18728.7400 14905.1102  20.4%   230 3536s
 19039 15269 15425.9812   47  475 18728.7400 14905.1102  20.4%   230 3570s
 19249 15368 17220.8431  119  102 18728.7400 14905.9460  20.4%   229 3600s

Cutting planes:
  User: 6804
  Gomory: 25
  Cover: 579
  Implied bound: 165
  Projected implied bound: 32
  Clique: 39
  MIR: 146
  Flow cover: 453
  GUB cover: 7
  Zero half: 28
  RLT: 375
  Relax-and-lift: 16
  Lazy constraints: 4950

Explored 19362 nodes (4462664 simplex iterations) in 3601.61 seconds
Thread count was 2 (of 32 available processors)

Solution count 9: 18728.7 18738.5 18746.5 ... 22905.2

Time limit reached
Best objective 1.872874000000e+04, best bound 1.490690659906e+04, gap 20.4062%

User-callback calls 463256, time in user-callback 210.85 sec
================================================================================
executing instance: ./input/Instances/Original/1/absH3high_2n45.dat
--------------------------------------------------------------------------------
Instance details
n	46
H	3
C	3171
Li:
[0, 0, 0, 0, 0, 0, 0, 0, 0, 0, 0, 0, 0, 0, 0, 0, 0, 0, 0, 0, 0, 0, 0, 0, 0, 0, 0, 0, 0, 0, 0, 0, 0, 0, 0, 0, 0, 0, 0, 0, 0, 0, 0, 0, 0, 0, ]
Ui:
[0, 246, 160, 78, 20, 87, 144, 40, 20, 82, 60, 96, 24, 136, 160, 108, 160, 26, 228, 51, 24, 240, 231, 70, 32, 105, 174, 114, 246, 126, 132, 76, 22, 42, 255, 132, 148, 162, 66, 111, 102, 240, 123, 201, 297, 78, ]
Distance matrix:
|0	148	402	550	329	420	187	318	366	280	504	273	233	333	112	344	379	481	113	593	159	523	261	424	90	359	163	461	413	240	105	299	265	89	371	462	339	273	495	22	41	439	369	506	563	468	|
|148	0	284	517	394	284	136	369	244	311	496	166	329	355	223	202	338	388	204	565	254	506	118	346	71	423	173	471	336	118	105	352	198	105	248	428	302	305	487	153	179	441	230	497	517	370	|
|402	284	0	350	448	80	228	406	42	343	382	129	456	350	412	126	219	131	382	395	410	371	180	137	314	466	289	400	137	167	389	401	169	316	39	280	217	342	373	394	414	362	108	380	324	106	|
|550	517	350	0	339	429	385	308	374	295	93	375	431	249	481	461	180	239	458	48	445	57	474	214	496	333	387	160	216	424	601	321	320	471	376	90	217	301	93	530	534	146	452	88	52	262	|
|329	394	448	339	0	513	282	42	438	105	255	363	115	108	221	484	259	431	217	365	172	289	436	362	333	30	224	189	353	380	423	47	291	296	443	285	240	107	251	307	294	193	495	260	378	437	|
|420	284	80	429	513	0	267	473	76	408	462	163	509	421	449	86	298	201	421	474	455	451	167	217	330	533	333	478	217	181	386	466	225	341	70	360	291	406	453	416	438	440	59	460	400	176	|
|187	136	228	385	282	267	0	249	199	186	360	104	248	224	184	214	207	294	155	432	189	371	155	237	113	308	68	336	227	101	216	236	78	98	205	296	168	181	350	174	190	305	231	360	390	283	|
|318	369	406	308	42	473	249	0	397	66	229	325	128	67	216	447	218	389	206	337	168	260	402	320	311	61	196	167	311	345	406	19	252	275	403	248	198	70	223	296	286	164	457	233	344	395	|
|366	244	42	374	438	76	199	397	0	332	397	96	436	346	383	90	228	168	354	420	385	389	139	161	277	458	263	408	158	128	349	391	150	282	6	298	218	331	388	359	380	370	78	395	352	144	|
|280	311	343	295	105	408	186	66	332	0	231	259	142	53	191	380	171	337	173	332	150	257	337	267	258	127	139	182	258	280	359	58	186	223	338	222	143	6	224	258	254	164	390	234	323	340	|
|504	496	382	93	255	462	360	229	397	231	0	375	356	180	422	478	173	293	403	110	381	36	474	248	463	245	345	68	246	419	568	244	308	433	400	104	200	237	9	482	482	67	474	5	142	312	|
|273	166	129	375	363	163	104	325	96	259	375	0	347	283	288	121	202	221	259	423	292	376	99	183	186	386	170	370	175	52	269	315	76	187	102	288	177	256	365	265	285	333	133	374	365	204	|
|233	329	456	431	115	509	248	128	436	142	356	347	0	181	121	462	311	472	128	463	76	386	398	403	260	141	180	294	392	349	334	111	287	224	442	362	280	139	350	212	194	289	479	360	463	472	|
|333	355	350	249	108	421	224	67	346	53	180	283	181	0	244	403	152	324	226	283	201	207	369	256	307	118	186	129	247	311	409	74	208	273	351	183	136	59	173	311	307	113	410	183	282	331	|
|112	223	412	481	221	449	184	216	383	191	422	288	121	244	0	387	327	461	30	521	49	447	313	396	152	250	125	371	385	273	214	196	249	121	389	400	288	185	415	91	74	355	408	425	503	454	|
|344	202	126	461	484	86	214	447	90	380	478	121	462	403	387	0	305	256	360	508	400	473	84	250	255	507	282	482	246	115	302	437	196	271	90	382	288	377	469	343	367	444	28	476	441	232	|
|379	338	219	180	259	298	207	218	228	171	173	202	311	152	327	305	0	172	301	227	300	174	302	105	318	270	217	180	97	249	423	221	141	296	232	90	40	173	164	361	368	142	303	172	184	180	|
|481	388	131	239	431	201	294	389	168	337	293	221	472	324	461	256	172	0	432	280	446	273	300	70	400	442	337	330	80	271	490	391	217	391	167	191	194	339	286	468	483	294	239	289	203	26	|
|113	204	382	458	217	421	155	206	354	173	403	259	128	226	30	360	301	432	0	499	52	426	287	367	133	246	95	355	356	246	208	187	219	100	360	376	261	167	395	90	81	337	381	406	478	425	|
|593	565	395	48	365	474	432	337	420	332	110	423	463	283	521	508	227	280	499	0	482	77	521	260	542	356	431	178	262	472	647	352	368	516	422	137	264	338	114	573	576	174	499	106	78	304	|
|159	254	410	445	172	455	189	168	385	150	381	292	76	201	49	400	300	446	52	482	0	407	331	378	184	201	122	327	367	286	258	149	242	150	391	367	263	144	374	137	122	314	419	384	470	441	|
|523	506	371	57	289	451	371	260	389	257	36	376	386	207	447	473	174	273	426	77	407	0	475	234	477	280	363	104	234	422	583	275	313	449	392	91	205	263	38	503	504	97	468	31	108	294	|
|261	118	180	474	436	167	155	402	139	337	474	99	398	369	313	84	302	300	287	521	331	475	0	275	173	462	220	465	268	58	219	390	168	193	142	388	275	333	464	261	286	430	111	473	462	279	|
|424	346	137	214	362	217	237	320	161	267	248	183	403	256	396	250	105	70	367	260	378	234	275	0	348	374	274	274	11	234	444	321	159	335	163	145	124	269	239	409	422	237	239	245	191	76	|
