




arguments: ./build/mirp_solver -f ./input/orig_exec_145.cfg
Current dir: /scratch/gui/bnc_mirp
File verbosity level: 9
date       time         ( uptime  ) [ thread name/id ]                   file:line     v| 
2021-01-10 01:24:21.150 (   0.144s) [main thread     ]             loguru.cpp:789   INFO| Logging to './output/vi_vr/OU/V5/Original/execution_10_01_2021_01_24_21.log', mode: 'a', verbosity: 9
--------------------------------------------------------------------------------
Parameters
                           instance_path           ./input/Instances/Original/4/
                            model_policy                                       1
                             nb_vehicles                                       5
                              output_dir          ./output/vi_vr/OU/V5/Original/
                            sec_strategy                                       1
                       solver_nb_threads                                       2
                         solver_show_log                                    true
                       solver_time_limit                                    3600
                              use_vi_cos                                   false
                              use_vi_cus                                   false
                         use_vi_hc1_full                                   false
                         use_vi_hc1_half                                   false
                      use_vi_hc1_quarter                                   false
                              use_vi_hc2                                   false
                              use_vi_hc3                                   false
                         use_vi_lex_full                                   false
                         use_vi_lex_half                                   false
                      use_vi_lex_quarter                                   false
                              use_vi_qua                                   false
                               use_vi_vc                                   false
                               use_vi_vr                                    true
--------------------------------------------------------------------------------
executing instance: ./input/Instances/Original/4/absH3low_3n30.dat
--------------------------------------------------------------------------------
Instance details
n	31
H	3
C	2841
Li:
[0, 0, 0, 0, 0, 0, 0, 0, 0, 0, 0, 0, 0, 0, 0, 0, 0, 0, 0, 0, 0, 0, 0, 0, 0, 0, 0, 0, 0, 0, 0, ]
Ui:
[0, 246, 98, 54, 144, 171, 192, 180, 165, 98, 122, 198, 297, 144, 130, 129, 219, 138, 142, 150, 108, 66, 64, 285, 180, 204, 276, 168, 240, 198, 122, ]
Distance matrix:
|0	172	56	166	260	198	42	197	296	110	91	112	238	275	323	183	330	232	175	181	162	191	232	280	201	139	356	185	266	216	26	|
|172	0	178	223	320	335	153	355	444	62	231	99	333	376	214	352	176	235	194	106	47	41	353	161	299	175	225	43	326	374	153	|
|56	178	0	110	204	162	93	233	336	125	144	148	187	226	358	180	313	284	123	152	182	185	282	252	256	88	329	177	210	251	42	|
|166	223	110	0	102	150	199	327	431	194	253	237	113	156	431	228	296	386	44	140	248	208	389	218	366	48	287	200	108	344	148	|
|260	320	204	102	0	156	296	391	493	296	340	339	66	90	531	263	362	486	127	226	349	300	469	278	454	148	334	292	6	406	245	|
|198	335	162	150	156	0	239	255	351	286	245	307	93	106	518	111	442	423	194	280	344	335	349	367	352	182	437	327	158	266	199	|
|42	153	93	199	296	239	0	203	296	91	82	76	278	316	284	217	322	191	201	186	133	180	217	281	177	165	356	175	302	222	52	|
|197	355	233	327	391	255	203	0	104	294	125	266	340	361	436	151	524	276	352	377	330	383	109	477	146	319	553	377	395	19	222	|
|296	444	336	431	493	351	296	104	0	384	214	348	440	456	488	241	617	315	456	476	412	475	113	575	176	422	651	470	497	88	322	|
|110	62	125	194	296	286	91	294	384	0	171	55	298	340	238	292	233	210	176	118	58	91	298	201	248	148	273	87	302	313	94	|
|91	231	144	253	340	245	82	125	214	171	0	141	307	339	324	184	403	187	266	266	204	261	140	363	114	230	438	256	346	144	116	|
|112	99	148	237	339	307	76	266	348	55	141	0	332	373	212	292	275	156	225	173	64	137	254	253	200	194	322	135	345	284	108	|
|238	333	187	113	66	93	278	340	440	298	307	332	0	43	536	203	404	469	153	253	354	321	427	322	420	160	385	313	67	353	229	|
|275	376	226	156	90	106	316	361	456	340	339	373	43	0	578	216	443	507	194	295	397	364	453	361	451	203	421	356	88	372	268	|
|323	214	358	431	531	518	284	436	488	238	324	212	536	578	0	498	309	176	407	320	183	245	376	344	312	383	379	251	537	451	319	|
|183	352	180	228	263	111	217	151	241	292	184	292	203	216	498	0	492	371	266	328	345	364	255	426	272	242	501	356	266	159	198	|
|330	176	313	296	362	442	322	524	617	233	403	275	404	443	309	492	0	397	253	164	218	142	529	84	475	260	72	147	367	543	306	|
|232	235	284	386	486	423	191	276	315	210	187	156	469	507	176	371	397	0	379	327	188	276	202	396	139	346	456	277	492	289	242	|
|175	194	123	44	127	194	201	352	456	176	266	225	153	194	407	266	253	379	0	101	225	174	405	174	375	36	244	166	133	370	152	|
|181	106	152	140	226	280	186	377	476	118	266	173	253	295	320	328	164	327	101	0	148	76	403	100	360	98	177	69	232	396	155	|
|162	47	182	248	349	344	133	330	412	58	204	64	354	397	183	345	218	188	225	148	0	89	316	208	259	201	270	90	355	348	149	|
|191	41	185	208	300	335	180	383	475	91	261	137	321	364	245	364	142	276	174	76	89	0	388	119	336	162	185	8	306	402	169	|
|232	353	282	389	469	349	217	109	113	298	140	254	427	453	376	255	529	202	405	403	316	388	0	497	64	369	570	384	474	112	256	|
|280	161	252	218	278	367	281	477	575	201	363	253	322	361	344	426	84	396	174	100	208	119	497	0	449	187	77	119	283	496	255	|
|201	299	256	366	454	352	177	146	176	248	114	200	420	451	312	272	475	139	375	360	259	336	64	449	0	339	521	333	460	156	223	|
|139	175	88	48	148	182	165	319	422	148	230	194	160	203	383	242	260	346	36	98	201	162	369	187	339	0	260	153	154	337	116	|
|356	225	329	287	334	437	356	553	651	273	438	322	385	421	379	501	72	456	244	177	270	185	570	77	521	260	0	187	338	572	331	|
|185	43	177	200	292	327	175	377	470	87	256	135	313	356	251	356	147	277	166	69	90	8	384	119	333	153	187	0	298	396	163	|
|266	326	210	108	6	158	302	395	497	302	346	345	67	88	537	266	367	492	133	232	355	306	474	283	460	154	338	298	0	410	251	|
|216	374	251	344	406	266	222	19	88	313	144	284	353	372	451	159	543	289	370	396	348	402	112	496	156	337	572	396	410	0	241	|
|26	153	42	148	245	199	52	222	322	94	116	108	229	268	319	198	306	242	152	155	149	169	256	255	223	116	331	163	251	241	0	|

--------------------------------------------------------------------------------
Building model...
	using lazy and cut (CVRPSEP package)
Solving IRP LP...
--------------------------------------------------------------------------------

Gurobi 9.1.0 (linux64) logging started Sun Jan 10 01:24:21 2021

Gurobi Optimizer version 9.1.0 build v9.1.0rc0 (linux64)
Thread count: 32 physical cores, 32 logical processors, using up to 2 threads
Optimize a model with 1687 rows, 8014 columns and 18910 nonzeros
Model fingerprint: 0x30e009fa
Variable types: 574 continuous, 7440 integer (465 binary)
Coefficient statistics:
  Matrix range     [1e+00, 6e+02]
  Objective range  [1e-02, 7e+02]
  Bounds range     [1e+00, 3e+02]
  RHS range        [3e+01, 5e+03]
Presolve removed 613 rows and 598 columns
Presolve time: 0.04s
Presolved: 1074 rows, 7416 columns, 16588 nonzeros
Variable types: 522 continuous, 6894 integer (6462 binary)

Root relaxation: objective 2.463279e+03, 1294 iterations, 0.04 seconds

    Nodes    |    Current Node    |     Objective Bounds      |     Work
 Expl Unexpl |  Obj  Depth IntInf | Incumbent    BestBd   Gap | It/Node Time

     0     0 2463.27864    0   85          - 2463.27864      -     -    0s
H    0     0                    10463.710000 2463.27864  76.5%     -    0s
H    0     0                    9911.7100000 2463.27864  75.1%     -    0s
     0     0 2613.31120    0  111 9911.71000 2613.31120  73.6%     -    0s
     0     0 3049.40767    0  174 9911.71000 3049.40767  69.2%     -    2s
     0     0 3052.73999    0  168 9911.71000 3052.73999  69.2%     -    2s
     0     0 3059.52715    0  174 9911.71000 3059.52715  69.1%     -    2s
     0     0 3060.21932    0  159 9911.71000 3060.21932  69.1%     -    2s
     0     0 3060.29864    0  158 9911.71000 3060.29864  69.1%     -    2s
     0     0 3214.65804    0  179 9911.71000 3214.65804  67.6%     -    2s
     0     0 3214.68971    0  166 9911.71000 3214.68971  67.6%     -    2s
     0     0 3258.68832    0  163 9911.71000 3258.68832  67.1%     -    2s
     0     0 3275.33837    0  166 9911.71000 3275.33837  67.0%     -    3s
     0     0 3303.29655    0  202 9911.71000 3303.29655  66.7%     -    3s
     0     0 3323.01919    0  206 9911.71000 3323.01919  66.5%     -    3s
     0     0 3324.36242    0  215 9911.71000 3324.36242  66.5%     -    3s
     0     0 3325.73615    0  222 9911.71000 3325.73615  66.4%     -    3s
     0     0 3327.69015    0  224 9911.71000 3327.69015  66.4%     -    3s
     0     0 3327.69015    0  227 9911.71000 3327.69015  66.4%     -    3s
     0     0 3484.37789    0  212 9911.71000 3484.37789  64.8%     -    4s
     0     0 3493.65490    0  209 9911.71000 3493.65490  64.8%     -    4s
     0     0 3494.37552    0  221 9911.71000 3494.37552  64.7%     -    4s
     0     0 3603.11395    0  324 9911.71000 3603.11395  63.6%     -    4s
     0     0 3609.23753    0  329 9911.71000 3609.23753  63.6%     -    4s
     0     0 3613.43328    0  297 9911.71000 3613.43328  63.5%     -    4s
     0     0 3618.68160    0  289 9911.71000 3618.68160  63.5%     -    5s
     0     0 3622.55924    0  299 9911.71000 3622.55924  63.5%     -    5s
     0     0 3638.50341    0  310 9911.71000 3638.50341  63.3%     -    5s
     0     0 3641.28765    0  278 9911.71000 3641.28765  63.3%     -    5s
     0     0 3642.28940    0  309 9911.71000 3642.28940  63.3%     -    5s
     0     0 3657.14023    0  323 9911.71000 3657.14023  63.1%     -    5s
     0     0 3658.67187    0  326 9911.71000 3658.67187  63.1%     -    5s
     0     0 3668.08827    0  367 9911.71000 3668.08827  63.0%     -    5s
     0     0 3668.08827    0  325 9911.71000 3668.08827  63.0%     -    6s
     0     2 3669.24059    0  310 9911.71000 3669.24059  63.0%     -    6s
    48    55 3729.41830   15  242 9911.71000 3680.71251  62.9%   289   10s
H   64    67                    9619.3900000 3680.71251  61.7%   321   11s
    86    89 4133.23831   26  147 9619.39000 3680.71251  61.7%   354   15s
   162   171 4307.32923   67  153 9619.39000 3680.71251  61.7%   286   20s
   256   279 4605.27633  106  153 9619.39000 3680.71251  61.7%   255   25s
H  360   366                    9588.3900000 3680.71251  61.6%   219   29s
   387   410 4883.44736  172  131 9588.39000 3680.71251  61.6%   216   30s
   529   580 5289.75209  236   82 9588.39000 3680.71251  61.6%   181   35s
   803   868 6210.60818  411   56 9588.39000 3680.71251  61.6%   138   40s
  1076  1052 3855.79000    5  278 9588.39000 3686.78325  61.5%   119   46s
  1082  1055 6266.82606  433  163 9588.39000 3686.78325  61.5%   119   50s
  1101  1068 4697.82964  127  425 9588.39000 3817.03211  60.2%   117   56s
H 1115  1022                    9503.3900000 3852.87053  59.5%   115   59s
  1117  1023 5427.46873  275  560 9503.39000 3854.15993  59.4%   115   60s
H 1128   979                    9502.3900000 3860.29190  59.4%   114   64s
  1133   982 6591.02415  472  508 9502.39000 3860.58714  59.4%   113   65s
H 1139   938                    9202.3900000 3860.63854  58.0%   127   66s
  1154   948 5831.78224  235  500 9202.39000 3860.63854  58.0%   125   70s
H 1162   905                    9125.3900000 3870.14849  57.6%   124   74s
  1168   909 6475.76882  317  486 9125.39000 3871.10244  57.6%   124   75s
  1179   916 5851.99186  245  498 9125.39000 3872.76581  57.6%   123   80s
  1184   923 3884.44590   23  479 9125.39000 3878.08422  57.5%   133   87s
  1190   927 3926.06281   24  270 9125.39000 3887.80029  57.4%   134   90s
  1210   941 3933.17865   28  358 9125.39000 3890.46320  57.4%   139   95s
  1240   963 3979.61118   34  306 9125.39000 3890.46320  57.4%   148  100s
  1283   998 4107.85084   43  286 9125.39000 3890.46320  57.4%   157  105s
H 1294   955                    8933.3900000 3890.46320  56.5%   159  106s
  1338   993 4214.72064   57  284 8933.39000 3890.46320  56.5%   163  110s
  1395  1024 4414.37263   70  267 8933.39000 3890.46320  56.5%   170  115s
  1443  1066 4344.71053   80  234 8933.39000 3890.46320  56.5%   176  121s
  1494  1087 4409.46641   93  213 8933.39000 3890.46320  56.5%   180  126s
  1526  1121 4488.63081  101  273 8933.39000 3890.46320  56.5%   185  131s
  1568  1144 4669.86214  125  238 8933.39000 3890.46320  56.5%   189  135s
  1618  1183 4713.54282  122  255 8933.39000 3890.46320  56.5%   194  141s
  1660  1208 4765.32756  132  218 8933.39000 3890.46320  56.5%   197  145s
  1737  1279 4960.19348  150  158 8933.39000 3890.46320  56.5%   203  152s
  1813  1314 5128.11459  170  166 8933.39000 3890.46320  56.5%   205  158s
  1834  1351 5146.56292  176  173 8933.39000 3890.46320  56.5%   205  160s
  1929  1429 5465.38828  197  147 8933.39000 3890.46320  56.5%   207  166s
  2049  1495 5630.95939  223  126 8933.39000 3890.46320  56.5%   206  172s
  2094  1568 5833.93388  228  130 8933.39000 3890.46320  56.5%   206  176s
  2258  1663 5789.20281  258  106 8933.39000 3890.46320  56.5%   203  182s
  2343  1700 6469.45246  273  123 8933.39000 3890.53773  56.4%   201  187s
  2426  1764 3934.93843   25  386 8933.39000 3890.53773  56.4%   200  191s
  2517  1792 3964.12772   29  357 8933.39000 3890.53773  56.4%   197  195s
  2649  1901 4204.13659   37  214 8933.39000 3890.53773  56.4%   195  203s
  2729  1952 4240.78098   42  190 8933.39000 3890.53773  56.4%   194  207s
  2806  2014 4305.16154   50  138 8933.39000 3890.53773  56.4%   193  211s
  2894  2059 4326.58345   55  206 8933.39000 3890.53773  56.4%   192  218s
  2972  2147 4416.09097   61  150 8933.39000 3890.53773  56.4%   190  223s
  3086  2223 4384.63175   70  146 8933.39000 3890.53773  56.4%   188  228s
  3223  2211 4434.84099   83  141 8933.39000 3890.53773  56.4%   184  233s
  3288  2213 4487.42653   96  121 8933.39000 3890.53773  56.4%   185  240s
  3353  2277 4578.58030  116  127 8933.39000 3890.53773  56.4%   188  249s
  3397  2330 4626.08511  131  123 8933.39000 3890.53773  56.4%   190  254s
  3469  2364 4716.89590  151  140 8933.39000 3890.53773  56.4%   191  260s
  3527  2420 4753.96986  166  133 8933.39000 3890.53773  56.4%   192  265s
  3602  2467 4810.50948  183  123 8933.39000 3890.53773  56.4%   193  270s
  3674  2525 5253.44096  196  107 8933.39000 3890.53773  56.4%   195  276s
  3758  2573 4908.75489  209  176 8933.39000 3890.53773  56.4%   195  283s
  3838  2647 4956.23522  219  172 8933.39000 3890.53773  56.4%   196  289s
  3929  2715 5128.69018  233  160 8933.39000 3890.53773  56.4%   196  297s
  4000  2840 5880.22311  245  148 8933.39000 3890.53773  56.4%   196  303s
  4125  2987 5938.61028  269  150 8933.39000 3926.06953  56.1%   196  311s
  4290  3306 4057.81204   30  319 8933.39000 3926.06953  56.1%   193  319s
  4625  3349 4155.85856   46  193 8933.39000 3926.06953  56.1%   183  328s
  4686  3445 4333.23795   67  204 8933.39000 3926.06953  56.1%   184  334s
  4723  3445 4439.67135   93  189 8933.39000 3926.06953  56.1%   184  335s
  4782  3661 4634.22359  109   90 8933.39000 3926.06953  56.1%   185  343s
  5000  4093 4904.58479  178   89 8933.39000 3926.06953  56.1%   181  352s
  5490  4538 5049.95902  274  126 8933.39000 3926.06953  56.1%   170  381s
  5961  4575 7688.93913  387   45 8933.39000 3926.06953  56.1%   162  385s
  5992  4873 5340.27884  318  119 8933.39000 3926.06953  56.1%   161  394s
  6056  4873 5438.85725  374  110 8933.39000 3926.06953  56.1%   160  395s
* 6233  3400             256    6498.9600000 3926.06953  39.6%   156  396s
  6335  3436 5789.55085  516   90 6498.96000 3932.33308  39.5%   156  404s
  6370  3436 5897.30972  544   85 6498.96000 3932.33308  39.5%   155  405s
  6494  3559 4200.61696   46  280 6498.96000 3932.41576  39.5%   156  412s
  6617  3819 4683.62258   85  238 6498.96000 3932.41576  39.5%   156  422s
  6866  3819 5898.12092  315  113 6498.96000 3932.41576  39.5%   153  425s
  6877  4220 5225.45061  174  117 6498.96000 3932.41576  39.5%   153  434s
  6973  4220 5426.76597  270   43 6498.96000 3932.41576  39.5%   151  435s
  7294  4298 6326.90589  468   59 6498.96000 3933.20550  39.5%   147  445s
  7386  4476 4281.75010   47  217 6498.96000 3933.20550  39.5%   148  454s
  7441  4476 4594.30825   79  136 6498.96000 3933.20550  39.5%   149  455s
  7576  4619 4689.28403   85  152 6498.96000 3933.20550  39.5%   149  465s
  7719  4888 5000.61456  161  116 6498.96000 3933.20550  39.5%   149  475s
  7990  5203 5700.38876  299   65 6498.96000 3934.64852  39.5%   148  487s
  8363  5284 4436.29741   37  132 6498.96000 3934.64852  39.5%   144  498s
  8449  5543 5161.07290   57   89 6498.96000 3938.02216  39.4%   146  508s
  8743  5724 4580.66324   48  158 6498.96000 3940.34898  39.4%   145  520s
  8924  5838     cutoff  162      6498.96000 3940.67705  39.4%   145  531s
  9065  6023     cutoff  163      6498.96000 3942.81929  39.3%   145  540s
  9271  6116 4280.13690   43  226 6498.96000 3946.38136  39.3%   144  551s
  9364  6260 4857.11069   72   38 6498.96000 3946.38136  39.3%   146  560s
  9510  6462 5075.37479  118  101 6498.96000 3946.38136  39.3%   147  571s
  9712  6626 5485.46085  191   48 6498.96000 3946.44610  39.3%   148  583s
  9921  6809 4303.07532   32  265 6498.96000 3946.44610  39.3%   148  593s
 10104  6972 5527.11703   91   96 6498.96000 3959.13837  39.1%   148  603s
 10278  7164 4344.50230   37  235 6498.96000 3959.13837  39.1%   149  613s
 10452  7164 5902.73626  309   66 6498.96000 3959.13837  39.1%   149  615s
 10477  7329 4617.23634   78  167 6498.96000 3959.13837  39.1%   149  624s
 10542  7329 4843.63088  112   61 6498.96000 3959.13837  39.1%   149  625s
 10697  7574 4994.66363  130   76 6498.96000 3959.13837  39.1%   149  636s
 10960  7584 5670.82098  233   35 6498.96000 3959.13837  39.1%   148  650s
 10973  7725 5751.04181  233   47 6498.96000 3968.43124  38.9%   148  659s
 11070  7725 6068.45282  283   65 6498.96000 3968.43124  38.9%   147  660s
 11146  7802 4063.26685   36  384 6498.96000 3968.43124  38.9%   148  669s
 11223  7927 4607.20123   41  230 6498.96000 3968.43124  38.9%   149  678s
 11374  8039 infeasible   84      6498.96000 3969.84384  38.9%   149  688s
 11504  8274 5301.22221   84   30 6498.96000 3973.96481  38.9%   150  698s
*11534  5327             114    5565.2900000 3973.96481  28.6%   150  698s
 11781  5276 4890.95002   60  229 5565.29000 3975.49111  28.6%   149  709s
 11886  5376 4200.42381   35  196 5565.29000 3975.49111  28.6%   149  718s
 12000  5517 5352.43919   93  121 5565.29000 3977.63361  28.5%   150  728s
 12156  5648 4364.19276   34  203 5565.29000 3977.63361  28.5%   151  738s
 12298  5807 4680.39785   55  187 5565.29000 3977.63361  28.5%   151  748s
 12457  6041 4945.33461   93  142 5565.29000 3977.63361  28.5%   152  758s
 12619  6041 5358.02519  214  118 5565.29000 3977.63361  28.5%   151  760s
 12711  6154 5411.99354  225  125 5565.29000 3979.63907  28.5%   151  769s
 12856  6357 4594.39726   60  227 5565.29000 3982.16300  28.4%   151  780s
 13059  6525 5436.19831  205  133 5565.29000 3982.21929  28.4%   151  791s
 13269  6591 4642.81818   41  153 5565.29000 3983.78100  28.4%   151  801s
 13335  6687 4668.39131   61  166 5565.29000 3983.78100  28.4%   153  810s
 13431  6847 4979.36135   84  154 5565.29000 3983.78100  28.4%   154  820s
 13593  6999 5111.49037  119  155 5565.29000 3983.78100  28.4%   155  831s
 13801  7143 5161.60405  156  135 5565.29000 3983.78100  28.4%   155  842s
 14176  7222     cutoff  225      5565.29000 3985.27930  28.4%   154  852s
 14366  7502 4832.77428   46  164 5565.29000 3987.75689  28.3%   154  863s
 14656  7651 4694.91574   47  133 5565.29000 3988.86239  28.3%   153  878s
 14826  7773 4571.22491   52  170 5565.29000 3990.13572  28.3%   153  888s
 14965  7994 4330.23327   46  303 5565.29000 3994.63656  28.2%   153  899s
 15061  7994 5404.84350  142   99 5565.29000 3994.63656  28.2%   153  900s
 15221  8087 4192.72429   29  336 5565.29000 3996.54396  28.2%   153  909s
 15262  8087 4726.83638   44  257 5565.29000 3996.54396  28.2%   153  910s
 15324  8208 5026.40211   70  222 5565.29000 3997.88480  28.2%   153  919s
 15358  8208 5551.15206  100  144 5565.29000 3997.88480  28.2%   153  920s
 15467  8320 4499.56640   63  268 5565.29000 3999.70850  28.1%   154  929s
 15579  8469 5216.83295  137  238 5565.29000 3999.78064  28.1%   154  938s
 15740  8572 4516.05557   41  265 5565.29000 3999.78064  28.1%   154  948s
 15862  8682 4936.20935   52  265 5565.29000 4000.31263  28.1%   155  958s
 16021  8767 4324.20978   38  213 5565.29000 4001.03117  28.1%   155  968s
 16106  8897 5072.06686   83  234 5565.29000 4001.50217  28.1%   156  979s
 16170  8897 5377.18271  147  176 5565.29000 4001.50217  28.1%   156  980s
 16260  9012 4392.14844   40  249 5565.29000 4002.49935  28.1%   157  990s
 16392  9090 4212.70770   35  242 5565.29000 4002.80585  28.1%   157 1000s
 16470  9331 4822.34085   78  240 5565.29000 4003.90218  28.1%   158 1010s
 16722  9481 4309.86190   37  290 5565.29000 4003.90218  28.1%   158 1021s
 16886  9607 5131.11661   96  234 5565.29000 4005.02365  28.0%   158 1032s
 17030  9711 4235.87424   48  355 5565.29000 4005.31654  28.0%   158 1042s
H17087  9637                    5544.2900000 4005.31654  27.8%   159 1042s
 17134  9894 4923.90613  105  116 5544.29000 4005.38677  27.8%   159 1053s
 17327  9894 4918.57348   94  329 5544.29000 4009.95089  27.7%   158 1055s
 17419  9986 4291.29439   33  341 5544.29000 4009.95089  27.7%   158 1064s
 17455  9986 4757.47279   69  380 5544.29000 4009.95089  27.7%   159 1065s
 17511 10168 4775.16285   72  331 5544.29000 4009.95089  27.7%   159 1075s
 17715 10241 5290.59766  215  150 5544.29000 4010.43702  27.7%   159 1086s
 17806 10397 4716.18757   59  220 5544.29000 4010.60193  27.7%   159 1097s
 17970 10673 4272.49584   40  324 5544.29000 4010.60193  27.7%   160 1110s
 18288 10948 4650.50047   79  243 5544.29000 4011.16989  27.7%   159 1123s
 18448 10948 5306.14468  239   59 5544.29000 4011.16989  27.7%   158 1125s
 18575 11064 4282.47880   31  177 5544.29000 4011.31289  27.6%   158 1136s
 18717 11153 4385.31463   34  157 5544.29000 4012.58297  27.6%   158 1147s
 18830 11280 4465.61790   39  175 5544.29000 4014.05653  27.6%   159 1157s
 18966 11442 4375.24112   41  197 5544.29000 4014.05653  27.6%   159 1168s
 19152 11595     cutoff  172      5544.29000 4015.88733  27.6%   159 1179s
 19311 11812 4600.84460   49  188 5544.29000 4015.88733  27.6%   160 1190s
 19589 11952 4974.17285  100   81 5544.29000 4016.58437  27.6%   160 1202s
 19744 12037 4333.52741   53  293 5544.29000 4016.58437  27.6%   160 1212s
 19839 12136 5051.63123   94  215 5544.29000 4019.79906  27.5%   161 1222s
 19954 12270 5084.52914   56  196 5544.29000 4020.12657  27.5%   161 1233s
 20110 12430 4576.74837   51  329 5544.29000 4020.22053  27.5%   162 1244s
 20145 12430 4854.57754   86  226 5544.29000 4020.22053  27.5%   162 1245s
 20280 12512 5312.55062  123  201 5544.29000 4025.32365  27.4%   162 1255s
 20372 12612 4365.41762   58  302 5544.29000 4025.39625  27.4%   163 1265s
 20496 12710 4487.32848   33  222 5544.29000 4025.77433  27.4%   163 1275s
 20595 12790 infeasible   78      5544.29000 4026.96956  27.4%   164 1369s
 20681 12929 4486.42146   44  139 5544.29000 4026.96956  27.4%   164 1380s
 20830 13222 4812.74743  102  160 5544.29000 4030.58011  27.3%   165 1393s
 21022 13222 5200.04879  267  126 5544.29000 4030.58011  27.3%   163 1395s
 21163 13347 4303.02642   29  325 5544.29000 4031.28232  27.3%   163 1405s
 21288 13589 4945.44248   89  202 5544.29000 4031.37087  27.3%   164 1416s
 21567 13713 4504.72687   38  306 5544.29000 4032.70012  27.3%   163 1429s
 21699 13863 infeasible   91      5544.29000 4033.30540  27.3%   164 1440s
 21872 14025 5002.08313   93  209 5544.29000 4034.67512  27.2%   164 1452s
 22046 14152 4436.39928   44  368 5544.29000 4034.67512  27.2%   164 1464s
 22183 14347 5067.13616  102  257 5544.29000 4037.18543  27.2%   165 1476s
 22412 14450 4516.31922   45  132 5544.29000 4042.04637  27.1%   165 1488s
 22524 14577 4659.03239   56  142 5544.29000 4045.37606  27.0%   165 1499s
 22612 14577 4636.20091   69  265 5544.29000 4045.37606  27.0%   165 1500s
 22661 14758 4705.05337   73  281 5544.29000 4045.37606  27.0%   166 1511s
 22842 15042 5449.65727  206  145 5544.29000 4046.78299  27.0%   166 1524s
 23198 15145 4154.13141   34  211 5544.29000 4047.76941  27.0%   165 1537s
 23323 15268 4689.17558   43  170 5544.29000 4048.08245  27.0%   166 1549s
 23480 15379 4345.19979   46  229 5544.29000 4048.08245  27.0%   166 1560s
 23615 15557 5455.21767   99  207 5544.29000 4048.51885  27.0%   166 1572s
 23867 15671 4214.52638   34  226 5544.29000 4048.51885  27.0%   166 1584s
 23899 15671 4476.85623   46  206 5544.29000 4048.51885  27.0%   167 1585s
 23995 15901 4552.13140   51   94 5544.29000 4048.51885  27.0%   167 1596s
 24235 16111 5108.63898  140   51 5544.29000 4050.30229  26.9%   167 1610s
 24473 16218 4553.65130   40  256 5544.29000 4051.38756  26.9%   167 1621s
 24580 16455 5034.86905   68   69 5544.29000 4052.15852  26.9%   167 1634s
 24797 16455 5375.77838  177   32 5544.29000 4052.15852  26.9%   167 1635s
 24943 16687 4455.41985   50  318 5544.29000 4052.15852  26.9%   167 1648s
 25142 16687 5086.93013  196   86 5544.29000 4052.15852  26.9%   167 1650s
 25270 16797 5188.16099  116  280 5544.29000 4052.43121  26.9%   166 1660s
 25464 16913 4506.71292   40  141 5544.29000 4052.86727  26.9%   167 1671s
 25610 17031 4332.31978   42  276 5544.29000 4053.08701  26.9%   167 1683s
 25763 17187 5431.46512   97   26 5544.29000 4053.84695  26.9%   168 1694s
 25953 17301     cutoff  114      5544.29000 4054.43417  26.9%   168 1705s
 26083 17401 4596.28896   78  356 5544.29000 4054.43417  26.9%   168 1717s
 26187 17532 5202.30725  142  259 5544.29000 4055.35967  26.9%   169 1728s
 26360 17650 4913.47774   68  131 5544.29000 4055.95937  26.8%   169 1740s
 26501 17755 4502.75334   55  294 5544.29000 4056.77310  26.8%   169 1751s
 26636 17860 4477.86361   38  161 5544.29000 4057.16159  26.8%   170 1764s
 26675 17860 5402.25648   57  108 5544.29000 4057.16159  26.8%   170 1765s
 26785 18053 4165.65425   32  284 5544.29000 4057.27342  26.8%   170 1776s
 26978 18221 4692.32645   57  167 5544.29000 4057.27342  26.8%   170 1788s
 27178 18514 5058.33120  108  114 5544.29000 4057.46120  26.8%   170 1801s
 27491 18621 4643.44414   43  219 5544.29000 4057.73234  26.8%   170 1814s
 27555 18621 5344.78331  139  282 5544.29000 4058.49118  26.8%   170 1815s
 27623 18759 4463.56260   40  226 5544.29000 4058.49118  26.8%   170 1826s
 27770 18896 5129.84969   96  281 5544.29000 4059.77587  26.8%   170 1837s
 27946 18995 4458.56350   51  308 5544.29000 4060.69169  26.8%   171 1849s
 28069 19087 4319.73366   33  293 5544.29000 4062.41338  26.7%   171 1860s
 28181 19285 5416.83758   88  143 5544.29000 4063.19058  26.7%   172 1872s
 28391 19529 4717.86022   61  259 5544.29000 4063.26873  26.7%   172 1884s
 28461 19529 5464.38062  131  180 5544.29000 4063.26873  26.7%   172 1885s
 28667 19674 4447.06691   34  244 5544.29000 4068.74467  26.6%   171 1897s
 28880 19813 4368.54437   36  259 5544.29000 4069.48961  26.6%   171 1909s
*28974 19050              95    5483.2900000 4069.63516  25.8%   171 1909s
 29048 19143 4297.11986   38  220 5483.29000 4070.36933  25.8%   172 1921s
 29165 19223 4256.43307   33  210 5483.29000 4071.78290  25.7%   172 1932s
 29246 19494 4762.66301   55  178 5483.29000 4071.78290  25.7%   173 1944s
 29519 19649 5200.12249  101  108 5483.29000 4071.78290  25.7%   173 1957s
 29824 19744 5199.02945  218   45 5483.29000 4072.68825  25.7%   172 1969s
 29993 19744 5340.36483  302   43 5483.29000 4072.68825  25.7%   172 1970s
 30119 19840 4654.60239   57  250 5483.29000 4072.83199  25.7%   172 1981s
 30233 19927 4410.16749   44  298 5483.29000 4072.86082  25.7%   172 1991s
 30340 20088 4319.09619   37  170 5483.29000 4075.84171  25.7%   173 2002s
 30501 20209 5450.99450  117  142 5483.29000 4075.96090  25.7%   173 2015s
 30648 20353 5439.09449  118  119 5483.29000 4076.49596  25.7%   173 2027s
 30815 20536 4977.15069   82  280 5483.29000 4076.58252  25.7%   174 2039s
 30850 20536 5343.42656  117  181 5483.29000 4076.58252  25.7%   174 2040s
 31022 20655 4484.48282   51  384 5483.29000 4076.73751  25.7%   174 2050s
 31141 20787 5249.76030  116  231 5483.29000 4076.85289  25.6%   174 2062s
H31200 20088                    5447.2900000 4076.85289  25.2%   174 2062s
 31293 20208 5177.13856   68   82 5447.29000 4077.60490  25.1%   174 2073s
 31377 20208 5025.46611   71   65 5447.29000 4077.60510  25.1%   174 2078s
 31461 20324 4881.18641   76  224 5447.29000 4078.94493  25.1%   175 2089s
 31560 20324     cutoff   86      5447.29000 4079.20500  25.1%   175 2090s
 31595 20452 4577.03615   50  218 5447.29000 4079.83566  25.1%   175 2100s
 31733 20580 4389.16255   38  263 5447.29000 4079.83566  25.1%   175 2112s
 31881 20757 5249.39534  112  112 5447.29000 4080.62006  25.1%   176 2123s
 32074 20996 4592.65797   59  236 5447.29000 4080.82488  25.1%   176 2140s
 32358 21200 5020.18974   91   84 5447.29000 4080.96380  25.1%   175 2153s
 32594 21396 4767.83598   83  170 5447.29000 4081.60570  25.1%   175 2168s
 32802 21536 4583.56008   51  201 5447.29000 4082.32970  25.1%   175 2180s
 32960 21701 5115.87127   50  132 5447.29000 4082.44687  25.1%   175 2193s
 33171 21791 4212.52913   33  284 5447.29000 4083.46977  25.0%   175 2206s
 33279 21938 4791.41174   80  221 5447.29000 4083.62149  25.0%   176 2217s
 33446 22067 4761.28945   52  277 5447.29000 4084.04451  25.0%   176 2229s
 33616 22192 4825.06548   58  254 5447.29000 4085.05308  25.0%   176 2240s
 33795 22287 4714.74534   68  225 5447.29000 4086.01894  25.0%   176 2252s
 33910 22437 4820.42301   43  104 5447.29000 4086.19711  25.0%   177 2263s
 34130 22563 5150.34404   74  184 5447.29000 4086.37082  25.0%   177 2276s
 34279 22737 4761.24882   54  272 5447.29000 4086.96095  25.0%   177 2287s
 34482 22869 4632.21617   60  271 5447.29000 4087.10821  25.0%   177 2299s
 34606 22869 5147.07567   79  149 5447.29000 4087.32146  25.0%   177 2300s
 34635 23022 4609.55691   51  175 5447.29000 4087.36153  25.0%   177 2311s
 34841 23132 4516.68337   46  244 5447.29000 4088.38719  24.9%   177 2322s
 34981 23224 4272.34529   47  425 5447.29000 4088.66222  24.9%   178 2334s
 35089 23312 4930.30122   89  275 5447.29000 4088.81740  24.9%   178 2345s
 35197 23587 4763.56210   55  140 5447.29000 4090.22114  24.9%   179 2358s
 35492 23767 4807.93260   46  182 5447.29000 4090.59511  24.9%   179 2371s
 35705 23879 4445.01777   43  277 5447.29000 4090.78378  24.9%   179 2383s
 35827 23999 5148.26364   86  160 5447.29000 4091.35553  24.9%   179 2395s
 35967 24105 4244.67409   30  317 5447.29000 4091.35553  24.9%   179 2407s
 36099 24241 4902.84158   72  276 5447.29000 4092.47818  24.9%   179 2418s
 36247 24380 4441.92470   44  368 5447.29000 4092.47818  24.9%   180 2430s
 36399 24634 5361.22133  116  153 5447.29000 4093.21885  24.9%   180 2442s
 36705 24742 4902.96470   53   56 5447.29000 4093.33152  24.9%   180 2455s
 36861 24854 4726.72297   66  240 5447.29000 4093.58540  24.9%   180 2466s
 37007 24975 5342.51500   56  153 5447.29000 4094.00088  24.8%   180 2478s
 37166 25063     cutoff   91      5447.29000 4094.27236  24.8%   180 2490s
H37270 24363                    5409.2900000 4094.55195  24.3%   181 2502s
 37373 24606 4645.43996   46  107 5409.29000 4094.95484  24.3%   182 2515s
 37651 24741 4539.41380   52  291 5409.29000 4095.24497  24.3%   181 2528s
 37810 24803 4312.15660   37  303 5409.29000 4097.05842  24.3%   181 2540s
 37874 24924 5013.93221   47  215 5409.29000 4097.27500  24.3%   182 2552s
 38025 25143 4937.72639   71  137 5409.29000 4097.78071  24.2%   182 2563s
 38219 25143 5362.87960  169  112 5409.29000 4097.79032  24.2%   182 2565s
 38266 25243 4921.85223   55  181 5409.29000 4097.82565  24.2%   182 2576s
 38382 25426 4686.82882   73  247 5409.29000 4098.94627  24.2%   183 2589s
 38575 25516 4192.15932   40  234 5409.29000 4098.94627  24.2%   182 2601s
 38687 25735 4859.20978   57  117 5409.29000 4099.39502  24.2%   183 2614s
 38807 25735 5232.04893  140   83 5409.29000 4099.39502  24.2%   183 2615s
 38926 25886 4268.34855   42  301 5409.29000 4100.03892  24.2%   183 2626s
 39105 26131 4603.12014   54  241 5409.29000 4100.31802  24.2%   183 2639s
 39380 26222 4398.45867   37  264 5409.29000 4100.36949  24.2%   183 2652s
 39471 26370 5016.36369   91  260 5409.29000 4100.73363  24.2%   183 2663s
 39639 26560 4637.93510   53  206 5409.29000 4101.67980  24.2%   183 2676s
 39848 26705 4246.49549   36  262 5409.29000 4102.16913  24.2%   183 2688s
 40012 26864 4505.78282   51  281 5409.29000 4103.32212  24.1%   183 2701s
 40195 26987 4322.67338   40  326 5409.29000 4103.64606  24.1%   184 2713s
 40330 27086 5178.80305  120  162 5409.29000 4104.11060  24.1%   184 2726s
 40451 27205 4363.43539   42  231 5409.29000 4104.25588  24.1%   184 2738s
 40570 27349 4555.73855   48  225 5409.29000 4104.25588  24.1%   185 2750s
 40791 27513 5003.50113   56  173 5409.29000 4105.04735  24.1%   185 2762s
 41029 27644 4262.90946   40  398 5409.29000 4105.28350  24.1%   185 2775s
 41173 27749 5081.37485   77  255 5409.29000 4105.59909  24.1%   185 2788s
 41297 27916 4444.60513   46  278 5409.29000 4106.08593  24.1%   185 2800s
 41494 28053 4390.18785   35  314 5409.29000 4106.26897  24.1%   185 2812s
 41642 28238 4851.02043   82  267 5409.29000 4106.62684  24.1%   186 2823s
 41857 28362 4711.26321   55  233 5409.29000 4106.77485  24.1%   186 2836s
 42011 28479 4374.36663   35  272 5409.29000 4107.00241  24.1%   186 2848s
 42142 28585 5108.83633   97  263 5409.29000 4107.37331  24.1%   186 2860s
 42277 28716 4657.25899   64  247 5409.29000 4107.69883  24.1%   186 2872s
 42424 28835 4295.95408   45  364 5409.29000 4107.84674  24.1%   187 2884s
 42482 28835 5371.98361   94  184 5409.29000 4108.02129  24.1%   187 2885s
 42581 28954 4417.02802   52  186 5409.29000 4108.50117  24.0%   187 2896s
 42733 29040 4570.37267   44  314 5409.29000 4109.55549  24.0%   187 2908s
 42857 29138 4604.30787   41  244 5409.29000 4109.65858  24.0%   187 2919s
 42955 29275 4817.25500   53  237 5409.29000 4109.65858  24.0%   188 2932s
 43161 29408 4997.08210   69  136 5409.29000 4109.66621  24.0%   188 2944s
 43229 29408 5336.55333  103   53 5409.29000 4109.66621  24.0%   188 2945s
 43340 29543 4731.42829   44  154 5409.29000 4111.03310  24.0%   188 2957s
 43525 29652 5048.72857   62  224 5409.29000 4111.39726  24.0%   188 2970s
 43642 29812 4784.25400   62  300 5409.29000 4111.51352  24.0%   189 2981s
 43825 29935 4535.79022   42  249 5409.29000 4112.21453  24.0%   189 2994s
 43970 30032 5060.56562   57  223 5409.29000 4112.96406  24.0%   189 3006s
 44091 30424 4702.89551   35  198 5409.29000 4113.65820  24.0%   189 3019s
 44123 30424 4881.09204   57   94 5409.29000 4113.65820  24.0%   189 3020s
 44519 30489 4560.08249   45  292 5409.29000 4113.73685  24.0%   188 3034s
 44586 30584 4983.54177   54  134 5409.29000 4113.74560  24.0%   189 3046s
 44733 30700 4954.36015   53  178 5409.29000 4114.23509  23.9%   189 3057s
 44858 30858 4575.99607   48  114 5409.29000 4114.23509  23.9%   189 3070s
 45036 31025 4795.32945   87   82 5409.29000 4114.49290  23.9%   189 3083s
 45311 31201 4422.86279   37  253 5409.29000 4115.03661  23.9%   189 3097s
 45521 31349 4309.79664   46  305 5409.29000 4115.17513  23.9%   189 3109s
 45596 31349 4737.10341   95  137 5409.29000 4115.17513  23.9%   189 3110s
 45669 31598 4791.02247  118  156 5409.29000 4115.19554  23.9%   189 3122s
 45962 31704 5084.65576   44   95 5409.29000 4116.48165  23.9%   189 3135s
 46078 31844 5084.24326   74  259 5409.29000 4116.64526  23.9%   189 3148s
 46236 32005 4966.94656   93  155 5409.29000 4116.77426  23.9%   190 3160s
H46425 24538                    5196.2899737 4116.96233  20.8%   190 3174s
 46552 24538 infeasible  190      5196.28997 4117.17934  20.8%   190 3175s
 46662 24575 4234.05560   32  265 5196.28997 4117.20691  20.8%   189 3186s
 46781 24822 4974.94993   75  345 5196.28997 4117.66101  20.8%   190 3199s
 46839 24822 4946.25196   62   83 5196.28997 4117.66101  20.8%   190 3200s
 47062 24893 4439.46415   38  348 5196.28997 4117.90311  20.8%   190 3212s
 47151 24972 4460.53192   36  280 5196.28997 4117.96581  20.8%   190 3223s
 47252 25070 4207.57715   40  330 5196.28997 4118.06395  20.7%   190 3236s
 47358 25176 4907.08810   94  340 5196.28997 4118.42496  20.7%   191 3247s
 47486 25288 infeasible   71      5196.28997 4118.88308  20.7%   191 3260s
H47592 25288                    5196.2899177 4118.88308  20.7%   191 3261s
 47662 25380     cutoff  124      5196.28992 4119.10562  20.7%   191 3272s
 47770 25499 4996.49961   98  271 5196.28992 4119.77362  20.7%   191 3284s
 47822 25499 4860.55289   54  183 5196.28992 4119.77362  20.7%   191 3285s
 47913 25607 5149.01057   69  181 5196.28992 4120.00156  20.7%   192 3297s
 48062 25696 4357.43563   32  225 5196.28992 4120.63157  20.7%   192 3309s
 48094 25696 5064.35283   49  211 5196.28992 4120.63157  20.7%   192 3310s
 48153 25776 4953.86440   48  170 5196.28992 4120.68495  20.7%   192 3321s
 48306 25979 4531.59794   53  267 5196.28992 4121.19051  20.7%   192 3333s
 48544 26079 4464.81479   30  192 5196.28992 4121.48563  20.7%   192 3347s
 48658 26161 4922.30872   55  179 5196.28992 4121.52943  20.7%   193 3359s
 48782 26266 5005.16879   55  151 5196.28992 4121.97688  20.7%   193 3373s
 48905 26330 4306.21813   43  362 5196.28992 4121.97688  20.7%   193 3385s
H48985 26508                    5196.2899131 4121.97688  20.7%   194 3397s
 49205 26607 4341.46605   40  270 5196.28991 4123.38733  20.6%   194 3410s
 49354 26704 4324.06593   46  335 5196.28991 4123.52698  20.6%   194 3423s
 49461 26779 4979.03406   85  279 5196.28991 4124.13271  20.6%   194 3434s
 49558 26918 4511.60761   59  378 5196.28991 4125.32067  20.6%   195 3447s
 49721 27022 4380.88889   40  232 5196.28991 4125.97731  20.6%   195 3461s
 49849 27115 4241.90955   34  285 5196.28991 4126.47186  20.6%   195 3473s
 49979 27240 4533.59362   50  230 5196.28991 4127.00906  20.6%   195 3486s
 50126 27371 4527.20034   33  274 5196.28991 4127.50337  20.6%   196 3500s
 50281 27529 4275.74450   37  329 5196.28991 4128.44174  20.6%   196 3512s
 50461 27635 4241.24363   40  329 5196.28991 4128.44174  20.6%   196 3525s
 50576 27745 5060.28644  103  235 5196.28991 4128.51453  20.5%   196 3537s
 50714 27926 5155.78257   78  149 5196.28991 4128.69528  20.5%   196 3551s
 50950 28065 4367.05803   34  255 5196.28991 4128.84779  20.5%   196 3565s
 51126 28172 5191.81813   58   82 5196.28991 4129.24695  20.5%   196 3578s
 51261 28294     cutoff  105      5196.28991 4129.82993  20.5%   197 3591s
 51411 28354 5156.60412   79  220 5196.28991 4130.38936  20.5%   197 3600s

Cutting planes:
  User: 3507
  Gomory: 25
  Cover: 315
  Implied bound: 55
  Clique: 5
  MIR: 127
  StrongCG: 1
  Flow cover: 391
  Zero half: 8
  Network: 5
  RLT: 245
  Relax-and-lift: 15
  Lazy constraints: 1639

Explored 51491 nodes (10159879 simplex iterations) in 3600.59 seconds
Thread count was 2 (of 32 available processors)

Solution count 10: 5196.29 5409.29 5447.29 ... 9202.39

Time limit reached
Best objective 5.196289913052e+03, best bound 4.130389355531e+03, gap 20.5127%

User-callback calls 422485, time in user-callback 307.85 sec
================================================================================
executing instance: ./input/Instances/Original/4/absH3low_3n10.dat
--------------------------------------------------------------------------------
Instance details
n	11
H	3
C	687
Li:
