




arguments: ./build/mirp_solver -f ./input/orig_exec_184.cfg
Current dir: /scratch/gui/bnc_mirp
File verbosity level: 9
date       time         ( uptime  ) [ thread name/id ]                   file:line     v| 
2021-01-10 06:24:35.990 (   1.143s) [main thread     ]             loguru.cpp:789   INFO| Logging to './output/vi_vr/OU/V5/Original/execution_10_01_2021_06_24_35.log', mode: 'a', verbosity: 9
--------------------------------------------------------------------------------
Parameters
                           instance_path           ./input/Instances/Original/5/
                            model_policy                                       1
                             nb_vehicles                                       5
                              output_dir          ./output/vi_vr/OU/V5/Original/
                            sec_strategy                                       1
                       solver_nb_threads                                       2
                         solver_show_log                                    true
                       solver_time_limit                                    3600
                              use_vi_cos                                   false
                              use_vi_cus                                   false
                         use_vi_hc1_full                                   false
                         use_vi_hc1_half                                   false
                      use_vi_hc1_quarter                                   false
                              use_vi_hc2                                   false
                              use_vi_hc3                                   false
                         use_vi_lex_full                                   false
                         use_vi_lex_half                                   false
                      use_vi_lex_quarter                                   false
                              use_vi_qua                                   false
                               use_vi_vc                                   false
                               use_vi_vr                                    true
--------------------------------------------------------------------------------
executing instance: ./input/Instances/Original/5/absH3low_4n50.dat
--------------------------------------------------------------------------------
Instance details
n	51
H	3
C	4066
Li:
[0, 0, 0, 0, 0, 0, 0, 0, 0, 0, 0, 0, 0, 0, 0, 0, 0, 0, 0, 0, 0, 0, 0, 0, 0, 0, 0, 0, 0, 0, 0, 0, 0, 0, 0, 0, 0, 0, 0, 0, 0, 0, 0, 0, 0, 0, 0, 0, 0, 0, 0, ]
Ui:
[0, 108, 126, 122, 66, 120, 48, 30, 128, 54, 158, 198, 36, 66, 210, 234, 147, 297, 171, 128, 116, 120, 219, 70, 294, 207, 134, 128, 234, 122, 22, 183, 195, 255, 132, 124, 66, 189, 219, 66, 128, 102, 288, 66, 87, 136, 36, 39, 282, 36, 237, ]
Distance matrix:
|0	210	444	498	509	104	438	228	487	304	456	434	526	476	163	47	293	396	293	290	313	85	280	437	293	336	409	106	449	376	433	478	193	404	404	534	278	181	380	507	189	438	263	473	353	216	202	218	452	254	465	|
|210	0	299	507	359	106	345	409	358	411	320	402	555	448	136	200	289	264	306	427	141	222	83	348	264	320	283	303	380	208	258	357	170	348	475	542	243	347	355	379	65	479	172	373	355	251	112	229	402	210	300	|
|444	299	0	363	65	358	116	542	66	440	26	241	425	272	282	407	251	51	276	490	159	397	224	124	217	237	48	490	170	99	83	74	261	180	430	385	214	479	231	85	270	390	184	116	271	300	409	276	210	215	54	|
|498	507	363	0	385	482	246	424	326	254	343	123	63	93	388	452	221	337	211	314	428	414	480	239	243	187	324	463	194	418	438	307	346	188	156	36	264	392	156	326	444	87	340	258	154	286	603	294	153	297	417	|
|509	359	65	385	0	422	145	602	59	492	59	269	448	292	348	472	305	115	329	545	218	462	281	152	274	286	106	554	192	153	116	78	326	216	472	403	274	540	271	63	334	425	249	127	316	361	468	337	233	278	69	|
|104	106	358	482	422	0	372	309	408	337	374	396	521	441	98	96	262	314	271	342	215	124	177	373	249	302	329	198	394	281	337	402	139	353	419	518	230	250	343	428	90	437	188	405	328	200	134	188	406	199	372	|
|438	345	116	246	145	372	0	485	87	357	97	126	309	155	279	394	180	101	200	414	223	373	288	8	157	150	84	459	53	188	196	68	245	72	328	269	165	427	128	97	297	280	184	36	175	250	456	233	94	184	170	|
|228	409	542	424	602	309	485	0	561	170	544	419	424	446	298	214	305	491	286	115	462	187	457	480	331	339	496	124	470	510	565	545	295	424	279	454	329	66	376	576	363	340	370	520	330	242	429	266	453	328	581	|
|487	358	66	326	59	408	87	561	0	441	40	211	389	233	324	446	258	95	281	497	220	431	287	95	230	234	79	522	133	164	146	19	297	160	415	344	233	500	215	21	323	367	224	68	261	320	470	299	174	242	106	|
|304	411	440	254	492	337	357	170	441	0	434	266	255	286	275	266	189	392	164	63	408	225	428	351	224	207	392	234	330	438	484	424	250	287	112	284	232	149	233	453	349	170	302	389	185	168	471	195	305	248	487	|
|456	320	26	343	59	374	97	544	40	434	0	223	406	252	294	418	247	60	271	487	181	405	247	105	215	229	49	498	149	124	109	48	270	165	419	364	215	482	218	60	288	375	194	92	261	302	431	279	190	220	75	|
|434	402	241	123	269	396	126	419	211	266	223	0	185	46	298	387	140	213	145	328	310	355	366	118	147	97	201	425	78	295	315	191	256	65	211	151	166	371	53	215	343	157	231	145	90	220	505	217	41	198	295	|
|526	555	425	63	448	521	309	424	389	255	406	185	0	156	430	481	266	398	252	310	485	442	534	301	293	237	386	480	257	478	500	370	390	249	145	55	313	401	212	389	491	89	392	321	201	322	646	334	216	345	479	|
|476	448	272	93	292	441	155	446	233	286	252	46	156	0	343	429	183	250	184	348	353	396	411	148	192	140	236	461	102	334	350	214	302	106	214	113	212	402	98	233	389	151	277	165	125	261	551	260	62	244	325	|
|163	136	282	388	348	98	279	298	324	275	294	298	430	343	0	124	167	234	178	296	167	121	162	279	151	205	247	216	297	224	280	316	42	256	340	423	132	232	246	344	74	349	100	314	233	115	216	97	308	101	307	|
|47	200	407	452	472	96	394	214	446	266	418	387	481	429	124	0	246	358	245	259	284	41	261	392	247	289	370	103	403	345	402	436	150	358	361	488	232	158	333	466	165	393	223	430	306	168	217	171	406	210	431	|
|293	289	251	221	305	262	180	305	258	189	247	140	266	183	167	246	0	204	26	240	238	215	276	175	37	43	203	289	169	255	297	242	125	122	202	257	52	248	87	272	225	191	134	215	67	80	382	77	163	81	298	|
|396	264	51	337	115	314	101	491	95	392	60	213	398	250	234	358	204	0	229	442	130	347	196	108	169	194	19	440	152	87	102	93	211	149	390	363	165	428	194	116	228	355	134	117	230	250	376	225	189	164	95	|
|293	306	276	211	329	271	200	286	281	164	271	145	252	184	178	245	26	229	0	216	262	212	297	195	63	53	228	280	184	280	323	264	138	137	178	248	76	232	95	294	241	173	156	234	60	77	395	83	172	102	324	|
|290	427	490	314	545	342	414	115	497	63	487	328	310	348	296	259	240	442	216	0	443	220	456	408	273	264	443	204	390	479	529	480	278	346	165	343	278	115	293	509	369	229	340	447	244	202	473	230	366	288	536	|
|313	141	159	428	218	215	223	462	220	408	181	310	485	353	167	284	238	130	262	443	0	288	67	228	202	252	149	382	267	67	122	221	168	247	440	459	186	396	273	241	125	423	107	245	291	242	251	214	297	162	160	|
|85	222	397	414	462	124	373	187	431	225	405	355	442	396	121	41	215	347	212	220	288	0	273	371	221	258	357	95	378	344	401	420	136	331	321	450	208	126	302	450	177	353	213	409	272	136	253	143	377	190	426	|
|280	83	224	480	281	177	288	457	287	428	247	366	534	411	162	261	276	196	297	456	67	273	0	292	243	298	215	363	329	128	176	288	179	305	475	513	224	392	324	307	96	466	143	311	335	261	187	235	357	195	219	|
|437	348	124	239	152	373	8	480	95	351	105	118	301	148	279	392	175	108	195	408	228	371	292	0	154	144	91	456	46	194	203	76	244	65	320	261	163	423	121	103	299	273	185	40	168	247	459	230	86	183	178	|
|293	264	217	243	274	249	157	331	230	224	215	147	293	192	151	247	37	169	63	273	202	221	243	154	0	57	170	303	157	217	260	215	110	111	238	278	21	271	94	245	201	223	100	193	92	93	362	78	160	54	263	|
|336	320	237	187	286	302	150	339	234	207	229	97	237	140	205	289	43	194	53	264	252	258	298	144	57	0	190	331	131	257	294	216	163	84	197	221	77	285	44	246	258	172	155	183	39	123	418	119	120	110	288	|
|409	283	48	324	106	329	84	496	79	392	49	201	386	236	247	370	203	19	228	443	149	357	215	91	170	190	0	449	136	105	114	75	221	138	384	349	168	434	185	99	245	346	146	98	224	255	394	231	174	171	99	|
|106	303	490	463	554	198	459	124	522	234	498	425	480	461	216	103	289	440	280	204	382	95	363	456	303	331	449	0	458	439	496	510	229	410	344	498	293	89	374	540	267	391	307	495	336	211	308	226	451	280	520	|
|449	380	170	194	192	394	53	470	133	330	149	78	257	102	297	403	169	152	184	390	267	378	329	46	157	131	136	458	0	238	249	114	259	47	287	216	171	416	96	137	327	235	211	67	145	247	488	235	41	197	223	|
|376	208	99	418	153	281	188	510	164	438	124	295	478	334	224	345	255	87	280	479	67	344	128	194	217	257	105	439	238	0	57	169	216	230	453	445	206	445	268	184	191	427	141	202	296	278	315	250	274	191	92	|
|433	258	83	438	116	337	196	565	146	484	109	315	500	350	280	402	297	102	323	529	122	401	176	203	260	294	114	496	249	57	0	157	271	252	490	463	251	499	296	162	247	457	195	199	331	329	362	302	288	241	47	|
|478	357	74	307	78	402	68	545	19	424	48	191	370	214	316	436	242	93	264	480	221	420	288	76	215	216	75	510	114	169	157	0	287	141	396	325	219	485	196	31	319	347	216	49	243	306	469	286	154	230	120	|
|193	170	261	346	326	139	245	295	297	250	270	256	390	302	42	150	125	211	138	278	168	136	179	244	110	163	221	229	259	216	271	287	0	216	305	382	91	229	204	316	105	310	78	280	192	83	257	60	268	62	292	|
|404	348	180	188	216	353	72	424	160	287	165	65	249	106	256	358	122	149	137	346	247	331	305	65	111	84	138	410	47	230	252	141	216	0	255	215	126	369	56	168	292	210	177	102	103	200	454	189	54	155	234	|
|404	475	430	156	472	419	328	279	415	112	419	211	145	214	340	361	202	390	178	165	440	321	475	320	238	197	384	344	287	453	490	396	305	255	0	181	254	261	201	422	410	69	335	353	160	225	551	246	252	280	482	|
|534	542	385	36	403	518	269	454	344	284	364	151	55	113	423	488	257	363	248	343	459	450	513	261	278	221	349	498	216	445	463	325	382	215	181	0	298	425	189	342	479	115	373	276	190	323	638	330	175	332	439	|
|278	243	214	264	274	230	165	329	233	232	215	166	313	212	132	232	52	165	76	278	186	208	224	163	21	77	168	293	171	206	251	219	91	126	254	298	0	267	114	250	181	242	82	202	112	88	341	68	177	33	258	|
|181	347	479	392	540	250	427	66	500	149	482	371	401	402	232	158	248	428	232	115	396	126	392	423	271	285	434	89	416	445	499	485	229	369	261	425	267	0	325	516	298	313	305	463	281	180	375	203	403	264	516	|
|380	355	231	156	271	343	128	376	215	233	218	53	212	98	246	333	87	194	95	293	273	302	324	121	94	44	185	374	96	268	296	196	204	56	201	189	114	325	0	224	294	161	185	157	49	167	455	163	78	147	284	|
|507	379	85	326	63	428	97	576	21	453	60	215	389	233	344	466	272	116	294	509	241	450	307	103	245	246	99	540	137	184	162	31	316	168	422	342	250	516	224	0	344	371	244	70	271	337	490	317	176	261	120	|
|189	65	270	444	334	90	297	363	323	349	288	343	491	389	74	165	225	228	241	369	125	177	96	299	201	258	245	267	327	191	247	319	105	292	410	479	181	298	294	344	0	414	116	328	291	187	163	165	345	147	282	|
|438	479	390	87	425	437	280	340	367	170	375	157	89	151	349	393	191	355	173	229	423	353	466	273	223	172	346	391	235	427	457	347	310	210	69	115	242	313	161	371	414	0	323	301	133	238	565	253	197	273	444	|
|263	172	184	340	249	188	184	370	224	302	194	231	392	277	100	223	134	134	156	340	107	213	143	185	100	155	146	307	211	141	195	216	78	177	335	373	82	305	185	244	116	323	0	217	192	138	278	110	230	55	214	|
|473	373	116	258	127	405	36	520	68	389	92	145	321	165	314	430	215	117	234	447	245	409	311	40	193	183	98	495	67	202	199	49	280	102	353	276	202	463	157	70	328	301	217	0	205	286	485	269	106	220	167	|
|353	355	271	154	316	328	175	330	261	185	261	90	201	125	233	306	67	230	60	244	291	272	335	168	92	39	224	336	145	296	331	243	192	103	160	190	112	281	49	271	291	133	192	205	0	138	449	141	123	145	323	|
|216	251	300	286	361	200	250	242	320	168	302	220	322	261	115	168	80	250	77	202	242	136	261	247	93	123	255	211	247	278	329	306	83	200	225	323	88	180	167	337	187	238	138	286	138	0	328	28	243	88	340	|
|202	112	409	603	468	134	456	429	470	471	431	505	646	551	216	217	382	376	395	473	251	253	187	459	362	418	394	308	488	315	362	469	257	454	551	638	341	375	455	490	163	565	278	485	449	328	0	313	508	308	406	|
|218	229	276	294	337	188	233	266	299	195	279	217	334	260	97	171	77	225	83	230	214	143	235	230	78	119	231	226	235	250	302	286	60	189	246	330	68	203	163	317	165	253	110	269	141	28	313	0	235	61	315	|
|452	402	210	153	233	406	94	453	174	305	190	41	216	62	308	406	163	189	172	366	297	377	357	86	160	120	174	451	41	274	288	154	268	54	252	175	177	403	78	176	345	197	230	106	123	243	508	235	0	207	264	|
|254	210	215	297	278	199	184	328	242	248	220	198	345	244	101	210	81	164	102	288	162	190	195	183	54	110	171	280	197	191	241	230	62	155	280	332	33	264	147	261	147	273	55	220	145	88	308	61	207	0	253	|
|465	300	54	417	69	372	170	581	106	487	75	295	479	325	307	431	298	95	324	536	160	426	219	178	263	288	99	520	223	92	47	120	292	234	482	439	258	516	284	120	282	444	214	167	323	340	406	315	264	253	0	|

--------------------------------------------------------------------------------
Building model...
	using lazy and cut (CVRPSEP package)
Solving IRP LP...
--------------------------------------------------------------------------------

Gurobi 9.1.0 (linux64) logging started Sun Jan 10 06:24:36 2021

Gurobi Optimizer version 9.1.0 build v9.1.0rc0 (linux64)
Thread count: 32 physical cores, 32 logical processors, using up to 2 threads
Optimize a model with 2787 rows, 20844 columns and 46470 nonzeros
Model fingerprint: 0x4a6f1203
Variable types: 954 continuous, 19890 integer (765 binary)
Coefficient statistics:
  Matrix range     [1e+00, 8e+02]
  Objective range  [1e-02, 6e+02]
  Bounds range     [1e+00, 3e+02]
  RHS range        [1e+01, 7e+03]
Presolve removed 992 rows and 978 columns
Presolve time: 0.08s
Presolved: 1795 rows, 19866 columns, 42710 nonzeros
Variable types: 882 continuous, 18984 integer (18252 binary)

Root relaxation: objective 3.620553e+03, 2074 iterations, 0.07 seconds

    Nodes    |    Current Node    |     Objective Bounds      |     Work
 Expl Unexpl |  Obj  Depth IntInf | Incumbent    BestBd   Gap | It/Node Time

     0     0 3620.55296    0  161          - 3620.55296      -     -    0s
     0     0 3836.10979    0  162          - 3836.10979      -     -    0s
     0     0 3855.16320    0  167          - 3855.16320      -     -    0s
     0     0 3859.15259    0  176          - 3859.15259      -     -    1s
     0     0 3859.44525    0  176          - 3859.44525      -     -    1s
     0     0 4442.57983    0  242          - 4442.57983      -     -    1s
     0     0 4452.94535    0  223          - 4452.94535      -     -    1s
     0     0 4452.94535    0  219          - 4452.94535      -     -    1s
     0     0 4653.48687    0  263          - 4653.48687      -     -    1s
     0     0 4663.05953    0  250          - 4663.05953      -     -    1s
     0     0 4663.79941    0  237          - 4663.79941      -     -    2s
     0     0 4711.59335    0  279          - 4711.59335      -     -    2s
     0     0 4721.60681    0  295          - 4721.60681      -     -    2s
     0     0 4721.75268    0  308          - 4721.75268      -     -    2s
     0     0 4801.63421    0  322          - 4801.63421      -     -    3s
     0     0 4813.63453    0  314          - 4813.63453      -     -    4s
     0     0 4816.66066    0  301          - 4816.66066      -     -    4s
     0     0 4817.42828    0  359          - 4817.42828      -     -    4s
     0     0 4884.01376    0  346          - 4884.01376      -     -    4s
     0     0 4903.36732    0  329          - 4903.36732      -     -    5s
     0     0 4908.53172    0  359          - 4908.53172      -     -    5s
     0     0 4911.21617    0  295          - 4911.21617      -     -    5s
     0     0 4911.59720    0  327          - 4911.59720      -     -    5s
     0     0 4930.04379    0  313          - 4930.04379      -     -    6s
     0     0 4935.53714    0  347          - 4935.53714      -     -    6s
     0     0 4936.23238    0  379          - 4936.23238      -     -    6s
     0     0 4956.56103    0  350          - 4956.56103      -     -    7s
     0     0 4961.99362    0  347          - 4961.99362      -     -    7s
     0     0 4964.93152    0  353          - 4964.93152      -     -    7s
     0     0 4969.31923    0  364          - 4969.31923      -     -    8s
     0     0 4972.76094    0  419          - 4972.76094      -     -    8s
     0     0 4978.57178    0  436          - 4978.57178      -     -    8s
     0     0 4980.66709    0  438          - 4980.66709      -     -    9s
     0     0 4995.48986    0  440          - 4995.48986      -     -    9s
     0     0 4995.48986    0  440          - 4995.48986      -     -   14s
     0     0 4996.45826    0  427          - 4996.45826      -     -   15s
     0     0 4999.37182    0  491          - 4999.37182      -     -   16s
     0     0 5004.83565    0  388          - 5004.83565      -     -   16s
     0     2 5004.83565    0  361          - 5004.83565      -     -   20s
    19    22 5040.00224    6  455          - 5016.68805      -   650   25s
    47    50 5068.04032   13  338          - 5016.68805      -   508   30s
    69    72 5173.44248   18  321          - 5016.68805      -   480   35s
   108   110 5458.88057   32  309          - 5016.68805      -   427   40s
   145   149 5737.88068   45  303          - 5016.68805      -   412   45s
   193   208 5937.88169   58  151          - 5016.68805      -   386   50s
   268   287 6277.43152   83  109          - 5016.68805      -   338   55s
   387   425 6595.11036  115  100          - 5016.68805      -   281   61s
   497   564 7259.43696  155   72          - 5016.68805      -   242   66s
   643   733 8184.34247  224   33          - 5016.68805      -   205   70s
   831   837 7929.92372  200   63          - 5016.68805      -   170   75s
   957   919 5049.78276    5  548          - 5016.68805      -   161   81s
   977   927 10217.7777  290  234          - 5016.68805      -   163   85s
   986   933 9620.33084  275  429          - 5018.11830      -   161   90s
   992   937 6153.32378  108  582          - 5040.22947      -   160   96s
   999   942 6776.47138  133  596          - 5062.48611      -   159  101s
  1005   946 8467.02115  223  630          - 5072.80342      -   158  128s
  1009   948 6572.78307  114  707          - 5081.67910      -   158  130s
  1017   954 5495.91837   59  694          - 5089.78737      -   156  136s
  1025   959 6796.56440  148  717          - 5093.74245      -   155  140s
  1030   962 5995.64168   68  761          - 5095.44490      -   154  145s
  1039   968 7855.97984  203  758          - 5100.52737      -   153  150s
  1049   975 6783.46372  134  777          - 5103.17724      -   152  155s
  1059   983 6534.29539  112  210          - 5103.46413      -   182  160s
  1067   988 5245.19580   38  578          - 5103.46413      -   180  165s
  1075   994 6532.98655  112  690          - 5104.74055      -   179  170s
  1079   996 5166.51916   25  790          - 5106.30809      -   178  181s
  1084  1000 5690.95378   74  792          - 5109.38579      -   178  185s
  1091  1004 6582.04869  111  793          - 5114.00084      -   176  190s
  1098  1009 10227.5129  290  829          - 5115.87212      -   175  195s
  1106  1014 10374.1965  296  779          - 5117.16619      -   174  200s
  1113  1019 7761.89229  202  836          - 5117.78921      -   173  205s
  1114  1020 5324.75538   37  836          - 5117.78921      -   173  212s
  1119  1026 5125.75153   24  712          - 5119.42506      -   193  215s
  1128  1032 5128.20649   26  808          - 5125.78674      -   198  220s
  1143  1042 5155.06583   30  613          - 5125.78674      -   205  225s
  1156  1052 5155.93732   34  730          - 5125.78674      -   209  230s
  1172  1062 5174.86262   38  608          - 5125.78674      -   216  235s
  1183  1072 5185.54370   41  587          - 5125.78674      -   222  240s
  1201  1086 5200.99979   44  550          - 5125.78674      -   228  245s
  1226  1101 5226.50183   50  587          - 5125.78674      -   234  251s
  1237  1108 5254.34955   52  522          - 5125.78674      -   238  258s
  1249  1117 5260.91230   55  443          - 5125.78674      -   243  261s
  1266  1131 5388.54296   58  434          - 5125.78674      -   246  265s
  1294  1154 5286.59691   64  364          - 5125.78674      -   251  271s
  1317  1166 5339.99016   68  367          - 5125.78674      -   257  276s
  1337  1176 5456.74217   71  368          - 5125.78674      -   262  281s
  1354  1194 5463.25472   75  412          - 5125.78674      -   269  286s
  1380  1215 5508.32088   81  418          - 5125.78674      -   274  292s
  1397  1228 5520.41447   83  391          - 5125.78674      -   276  295s
  1431  1251 5662.12282   89  419          - 5125.78674      -   281  302s
  1450  1262 5638.37541   93  277          - 5125.78674      -   283  305s
  1488  1272 6302.96930  134  318          - 5125.78674      -   288  310s
  1513  1310 5752.42178  104  322          - 5125.78674      -   290  317s
  1536  1326 5781.08939  110  340          - 5125.78674      -   292  321s
  1560  1339 5856.12920  115  336          - 5125.78674      -   294  325s
  1609  1377 5957.91293  127  280          - 5125.78674      -   299  334s
  1635  1394 6018.42388  134  331          - 5125.78674      -   302  339s
  1661  1413 6057.45904  141  299          - 5125.78674      -   304  344s
  1675  1409 6743.51499  179  402          - 5125.78674      -   306  345s
  1705  1429 6755.54676  186  389          - 5125.78674      -   308  350s
  1719  1456 6176.84037  156  273          - 5125.78674      -   310  355s
  1751  1477 6223.80737  165  275          - 5125.78674      -   312  360s
  1783  1512 6289.14438  172  260          - 5125.78674      -   314  365s
  1828  1542 6422.18401  185  226          - 5125.78674      -   315  372s
  1873  1577 6463.17345  196  243          - 5125.78674      -   316  378s
  1923  1625 6615.37061  209  224          - 5125.78674      -   317  385s
  1988  1665 6627.79384  225  235          - 5125.78674      -   315  392s
  2050  1734 6735.92945  238  252          - 5125.78674      -   314  400s
  2139  1813 6898.87530  261  237          - 5125.78674      -   312  409s
  2184  1798 7105.16140  283  210          - 5125.78674      -   309  410s
  2248  1890 7078.75984  285  180          - 5125.78674      -   307  419s
  2294  1874 7241.31898  308  194          - 5125.78674      -   305  420s
  2367  2018 7258.81083  311  181          - 5125.78674      -   302  428s
  2543  2119 7755.34896  336  162          - 5125.78674      -   291  438s
  2600  2100 8292.36304  364   92          - 5125.78674      -   289  440s
  2750  2196 8187.28699  368  126          - 5125.78674      -   277  450s
  2912  2322 9698.36335  438   94          - 5125.78674      -   268  462s
  2954  2308 9995.56117  459   63          - 5125.78674      -   266  465s
  3150  2292 11265.2478  528   28          - 5130.25345      -   252  476s
  3223  2298 5217.59453   29  536          - 5130.25345      -   250  484s
  3238  2308 5352.87847   34  484          - 5130.25345      -   252  489s
  3253  2315 5339.41800   37  415          - 5130.25345      -   254  495s
  3265  2323 5378.25686   39  348          - 5130.25345      -   256  502s
  3277  2333 5438.55999   42  364          - 5130.25345      -   259  508s
  3291  2343 5452.19946   45  425          - 5130.25345      -   261  515s
  3306  2356 5469.86040   47  413          - 5130.25345      -   263  523s
  3324  2368 5506.11635   49  447          - 5130.25345      -   266  531s
  3342  2382 5548.26458   50  326          - 5130.25345      -   268  539s
  3353  2378 5405.78118   60  310          - 5130.25345      -   269  540s
  3362  2393 5630.60791   53  381          - 5130.25345      -   270  546s
  3380  2416 5604.03908   55  326          - 5130.25345      -   273  554s
  3409  2448 5691.01172   62  256          - 5130.25345      -   274  562s
  3450  2472 5740.10923   73  184          - 5130.25345      -   275  570s
  3488  2500 5888.40486   81  203          - 5130.25345      -   277  581s
  3529  2541 5966.33930   91  214          - 5130.25345      -   278  590s
  3583  2576 6188.57405  101  196          - 5130.25345      -   278  600s
  3638  2630 6338.13655  114  170          - 5130.25345      -   279  611s
  3711  2694 6599.13121  129  180          - 5130.25345      -   279  622s
  3799  2746 6773.18034  152  154          - 5130.25345      -   278  632s
  3882  2821 6939.56350  172   97          - 5130.25345      -   278  645s
  3985  2898 7374.45020  190  173          - 5130.25345      -   277  659s
  4027  2884 7812.52524  199  118          - 5130.25345      -   276  660s
  4096  2936 7803.20328  206  196          - 5130.25345      -   275  671s
  4171  3047 8303.54836  219  143          - 5130.25345      -   276  684s
  4199  3046 8184.06933  222  140          - 5130.25345      -   276  685s
  4307  3227 8264.25908  231  170          - 5130.25345      -   274  700s
  4488  3543 8470.52336  253  137          - 5130.25345      -   269  719s
  4530  3543 8788.29635  264  118          - 5130.25345      -   268  720s
  4808  4031 9067.64455  294   78          - 5130.25345      -   258  744s
  4864  4031 9249.65625  311   95          - 5130.25345      -   257  745s
  5179  4054 7902.71818  291   29          - 5130.25345      -   245  750s
  5403  4365 9663.51204  336   14          - 5130.25345      -   237  768s
  5516  4365 10519.1669  379    4          - 5130.25345      -   234  770s
  5841  4505 11150.6090  384   33          - 5142.16582      -   225  788s
  5983  4549 5194.97153   29  657          - 5142.16582      -   224  802s
  6015  4586 5398.02200   36  385          - 5142.16582      -   225  815s
  6052  4634 5449.83366   40  417          - 5142.16582      -   227  828s
  6100  4689 5476.78819   47  366          - 5142.16582      -   228  842s
  6155  4772 5492.62552   49  378          - 5142.16582      -   230  858s
  6238  4838 5549.55465   52  421          - 5142.16582      -   231  873s
  6304  4947 5541.15604   55  407          - 5142.16582      -   232  890s
  6413  5193 5570.18482   54  322          - 5142.16582      -   233  910s
  6712  5315 5605.00091   65  291          - 5142.16582      -   228  931s
  6875  5376 5655.49189   71  266          - 5142.16582      -   226  992s
  6907  5421 5666.73656   73  373          - 5142.16582      -   227 1008s
  6952  5481 5693.43158   76  288          - 5142.16582      -   229 1022s
  7012  5550 5723.81843   82  314          - 5142.16582      -   230 1037s
  7083  5640 5891.58887   95  182          - 5142.16582      -   231 1054s
  7111  5640 5867.22826   95  240          - 5142.16582      -   232 1056s
  7173  5819 6076.94509   96  160          - 5142.16582      -   232 1075s
  7356  6084 6119.98952  105  152          - 5142.16582      -   231 1106s
  7515  6084 6613.92245  164   11          - 5142.16582      -   231 1110s
  7645  6273 6593.29364  130  113          - 5142.16582      -   229 1138s
  7757  6273 6536.50504  145   43          - 5142.16582      -   229 1140s
  7823  6775 6707.81544  163   38          - 5145.10011      -   230 1173s
  7922  6775 7030.34226  192   36          - 5145.10011      -   228 1175s
  8276  6815 9065.60000  246    6          - 5145.10011      -   221 1180s
  8574  6983 5322.45214   34  412          - 5145.10011      -   216 1208s
  8666  6983 6224.58755   98  115          - 5145.10011      -   218 1210s
  8669  7109 5443.48807   45  444          - 5145.10011      -   218 1232s
  8795  7394 5560.21847   55  447          - 5145.10011      -   219 1262s
  8950  7394 7045.52438  160   46          - 5145.10011      -   219 1265s
  9150  7499 5703.52915   62  308          - 5145.10011      -   216 1288s
  9225  7621 6045.58665   89  126          - 5145.10011      -   218 1311s
  9349  7809 6240.27201  127  114          - 5147.47801      -   219 1336s
  9581  7906 5426.95313   32  533          - 5147.47801      -   219 1361s
  9680  8167 5866.40383   47  333          - 5147.47801      -   220 1394s
  9708  8167 5999.10067   58  305          - 5147.47801      -   221 1395s
 10004  8263 6215.16548   62  311          - 5147.47801      -   218 1419s
 10048  8263 6388.92111   78  219          - 5147.47801      -   219 1420s
 10077  8418 6469.06882   86  160          - 5147.47801      -   220 1444s
 10133  8418 6759.00282  103   70          - 5147.47801      -   220 1445s
 10232  8732 6906.53814  123  102          - 5147.47801      -   220 1473s
 10344  8732 7346.51129  163   45          - 5147.47801      -   219 1475s
 10556  9122 8551.99951  191   55          - 5148.76174      -   218 1502s
 10690  9122 9684.73440  231   26          - 5148.76174      -   216 1505s
 10859  9133 10581.9350  274    4          - 5148.76174      -   214 1510s
 11002  9275 5453.93220   32  469          - 5148.76174      -   214 1531s
 11174  9316 5659.10387   48  359          - 5148.76174      -   214 1552s
 11217  9392 5785.80041   57  276          - 5148.76174      -   215 1571s
 11293  9496 5948.49251   80  176          - 5148.76174      -   217 1594s
 11335  9496 6168.33541   95  105          - 5148.76174      -   217 1595s
 11397  9743 6239.84926  103   74          - 5148.76174      -   218 1622s
 11565  9743 6756.34759  146   81          - 5148.76174      -   217 1625s
 11646 10123 7092.22902  154  111          - 5152.54796      -   217 1652s
 11803 10131 7535.00571  219   10          - 5152.54796      -   216 1655s
 12100 10321 5320.31526   30  488          - 5152.54796      -   214 1680s
 12328 10399 5448.53505   40  333          - 5152.54796      -   213 1703s
 12386 10496 5707.99368   56  162          - 5152.54796      -   214 1725s
 12483 10656 6040.44406   86  152          - 5152.54796      -   216 1752s
 12617 10656 5860.42536   69  199          - 5152.54796      -   216 1755s
 12643 11001 6728.36954  130  106          - 5155.08682      -   217 1784s
 12657 11001 6805.00040  134   69          - 5155.08682      -   216 1785s
 12940 11015 8054.18000  229    -          - 5155.08682      -   214 1790s
 13089 11307 5237.02573   33  524          - 5155.08682      -   213 1816s
 13315 11307 7328.64148  191   58          - 5155.08682      -   213 1820s
 13353 11471 5467.33813   46  424          - 5155.08682      -   212 1841s
 13601 11503 10334.1400  264    8          - 5155.08682      -   210 1845s
 13659 11585 5588.81996   58  270          - 5155.08682      -   210 1863s
 13725 11690 6035.25048   73  297          - 5155.08682      -   211 1882s
 13830 11917 6260.57260   93  239          - 5155.08682      -   212 1904s
 13858 11917 6352.39071  103  156          - 5155.08682      -   212 1905s
 14057 12274 6825.80573  139   96          - 5155.70154      -   212 1934s
 14085 12274 6796.66465  146   87          - 5155.70154      -   212 1935s
 14506 12318 5236.50581   32  565          - 5155.72111      -   210 1959s
 14524 12318 5284.76403   33  604          - 5155.72111      -   211 1960s
 14539 12368 5564.38063   48  259          - 5155.72111      -   211 1979s
 14589 12441 5691.54118   59  348          - 5155.72111      -   212 1999s
 14606 12441 5766.70051   66  309          - 5155.72111      -   213 2000s
 14662 12577 5919.65655   75  224          - 5155.72111      -   213 2021s
 14798 12815 6142.24572  103  192          - 5155.72111      -   214 2045s
 15038 13123 6786.88516  139  144          - 5156.51120      -   214 2073s
 15152 13123 7573.32298  184   30          - 5156.51120      -   213 2075s
 15442 13197 5318.81690   34  597          - 5157.60770      -   212 2100s
 15487 13263 5591.35495   49  432          - 5157.60770      -   213 2123s
 15544 13263 5732.36899   63  204          - 5157.60770      -   214 2125s
 15553 13351 5727.86009   63  309          - 5157.60770      -   214 2145s
 15641 13538 6029.18944   80  303          - 5157.60770      -   215 2170s
 15830 13995 6410.32640  106  148          - 5157.60770      -   215 2205s
 16039 13995 6646.56236  140   34          - 5157.60770      -   215 2210s
 16324 14011 8273.30200  219    7          - 5157.60770      -   212 2215s
 16413 14131 6821.46683  172   73          - 5158.10561      -   211 2237s
 16543 14221 5401.84650   42  493          - 5158.10561      -   212 2261s
 16620 14332 5660.67036   63  226          - 5158.10561      -   213 2284s
 16651 14332 5897.31327   76  233          - 5158.10561      -   213 2285s
 16731 14629 5885.42174   77  243          - 5158.10561      -   214 2310s
 17030 14891 6420.37729  111  120          - 5159.38430      -   213 2338s
 17086 14891 6652.81323  128   88          - 5159.38430      -   213 2340s
 17355 14927 5306.21490   37  511          - 5162.02480      -   212 2371s
 17387 14994 5665.81638   47  365          - 5162.02480      -   213 2393s
 17454 15105 5848.24893   63  239          - 5162.02480      -   214 2416s
 17565 15240 6034.60194   80  221          - 5162.02480      -   215 2441s
 17700 15664 6283.90808  105  151          - 5162.02480      -   215 2473s
 17770 15664 6675.97779  122   70          - 5162.02480      -   215 2475s
 18160 15941 7447.28676  151   95          - 5162.76718      -   213 2508s
 18259 15946 8656.48000  216   10          - 5162.76718      -   212 2510s
 18585 15996 7537.86000  230    4          - 5162.77675      -   210 2515s
 18645 16052 5347.31791   42  447          - 5162.77675      -   210 2538s
 18683 16099 5611.16656   52  312          - 5162.77675      -   211 2560s
 18732 16166 5631.72878   62  313          - 5162.77675      -   212 2581s
 18801 16251 5746.64827   74  233          - 5162.77675      -   213 2602s
 18886 16591 5898.99718   99  197          - 5163.09689      -   214 2631s
 19083 16592 6717.54702  175   35          - 5163.09689      -   213 2635s
 19262 16784 5277.23331   30  538          - 5163.09689      -   212 2661s
 19444 16980 5518.43978   46  346          - 5163.09689      -   212 2689s
 19461 16980 5560.26700   47  313          - 5163.09689      -   213 2690s
 19703 17043 5691.44738   47  284          - 5163.09689      -   211 2711s
 19749 17109 5634.78181   48  347          - 5163.09689      -   212 2731s
 19815 17219 5815.90520   55  229          - 5163.09689      -   213 2755s
 19927 17362 5914.39431   64  227          - 5163.09689      -   214 2781s
 20070 17611 6001.78010   73  168          - 5163.09689      -   215 2816s
 20299 17624 7125.15000  181    -          - 5163.09689      -   215 2820s
 20382 17715 6180.90641   78  173          - 5163.09689      -   214 2842s
 20457 17840 6371.12472   87  152          - 5163.09689      -   215 2868s
 20529 17840 6777.77617   99   86          - 5163.09689      -   215 2870s
 20586 17945 6744.20947  112   31          - 5165.99270      -   216 2898s
 20753 18039 5407.05494   35  450          - 5165.99270      -   216 2921s
 20818 18140 5969.47857   50  406          - 5165.99270      -   216 2944s
 20869 18140 6503.58802  102  189          - 5165.99270      -   217 2945s
 20919 18444 6126.34278   66  288          - 5165.99270      -   217 2980s
 21160 18447 7765.48191  182    5          - 5165.99270      -   217 2985s
 21251 18722 6527.03768   97  139          - 5165.99270      -   217 3016s
 21405 18722 7118.93082  140   59          - 5165.99270      -   216 3020s
 21516 18989 7471.25463  169   22          - 5167.08454      -   216 3053s
 21615 19002 7877.91000  193    -          - 5167.08454      -   215 3055s
 21968 19121 5454.85326   33  399          - 5167.08454      -   213 3080s
 22024 19220 5917.65016   49  276          - 5167.08454      -   214 3104s
 22125 19487 6067.34413   64  250          - 5167.08454      -   215 3133s
 22438 19851 6459.40235   91  115          - 5167.25916      -   214 3171s
 22593 19853 7093.14000  159    -          - 5167.25916      -   214 3175s
 22901 19930 5314.64355   37  682          - 5168.55484      -   212 3200s
 22936 19988 5839.52392   51  290          - 5168.55484      -   213 3222s
 22994 20074 6065.33343   63  377          - 5168.55484      -   214 3246s
 23082 20226 6262.77208   82  283          - 5168.55484      -   215 3270s
 23234 20382 6353.68506   97  196          - 5168.55484      -   215 3297s
 23335 20382 7211.03486  156   61          - 5168.55484      -   215 3300s
 23432 20670 6659.83600  127  121          - 5170.77025      -   215 3333s
 23517 20671 7077.46000  148    2          - 5170.77025      -   215 3335s
 23810 20746 5202.94165   32  627          - 5170.77025      -   213 3362s
 23848 20802 5594.86787   46  334          - 5170.77025      -   214 3385s
 23904 20878 5702.03743   54  258          - 5170.77025      -   215 3410s
 23980 21102 5825.31283   68  205          - 5170.77025      -   216 3441s
 24146 21102 6696.91986  140    8          - 5170.77025      -   216 3445s
 24242 21277 6028.17489   87  290          - 5170.77025      -   216 3471s
 24430 21303 7863.95000  182    8          - 5170.77025      -   215 3475s
 24532 21472 6272.72179  107  131          - 5170.77025      -   215 3505s
 24666 21552 6619.59148  144   66          - 5172.30158      -   215 3533s
 24778 21611 5553.45942   41  488          - 5172.30158      -   215 3557s
 24823 21690 5844.61758   50  308          - 5172.30158      -   216 3582s
 24902 21770 5983.08216   59  236          - 5172.30158      -   217 3600s

Cutting planes:
  User: 5349
  Gomory: 29
  Cover: 635
  Implied bound: 107
  Clique: 5
  MIR: 351
  Flow cover: 877
  Inf proof: 1
  Zero half: 15
  RLT: 517
  Relax-and-lift: 29
  Lazy constraints: 2391

Explored 24982 nodes (5451282 simplex iterations) in 3601.66 seconds
Thread count was 2 (of 32 available processors)

Solution count 0

Time limit reached
Best objective -, best bound 5.172301583715e+03, gap -

User-callback calls 346951, time in user-callback 326.45 sec
================================================================================
executing instance: ./input/Instances/Original/5/absH3low_4n25.dat
--------------------------------------------------------------------------------
Instance details
n	26
H	3
C	2029
Li:
[0, 0, 0, 0, 0, 0, 0, 0, 0, 0, 0, 0, 0, 0, 0, 0, 0, 0, 0, 0, 0, 0, 0, 0, 0, 0, ]
Ui:
[0, 34, 165, 76, 88, 188, 58, 279, 52, 132, 198, 142, 135, 165, 186, 58, 201, 196, 40, 183, 32, 90, 168, 126, 93, 146, ]
Distance matrix:
|0	299	188	235	91	202	152	147	162	277	268	132	71	162	220	69	220	289	241	124	265	80	162	132	66	302	|
|299	0	468	431	282	142	317	425	443	569	193	178	359	302	422	231	93	28	511	325	457	242	434	215	240	601	|
|188	468	0	153	265	342	308	43	192	106	455	290	117	206	142	246	379	464	252	274	360	267	211	319	231	184	|
|235	431	153	0	326	289	386	145	321	240	482	269	184	129	15	258	339	436	393	355	477	305	336	354	237	334	|
|91	282	265	326	0	228	66	228	166	339	196	157	154	242	311	99	225	264	229	50	201	47	153	71	115	340	|
|202	142	342	289	228	0	285	301	363	447	255	73	245	161	281	139	53	151	440	278	428	181	360	187	136	495	|
|152	317	308	386	66	285	0	275	167	368	188	217	207	308	371	163	274	295	210	34	145	108	148	104	181	350	|
|147	425	43	145	228	301	275	0	179	146	415	248	76	172	131	203	337	421	248	242	341	227	195	279	188	211	|
|162	443	192	321	166	363	167	179	0	216	352	291	152	302	307	225	375	428	81	138	170	201	22	237	227	183	|
|277	569	106	240	339	447	368	146	216	0	535	391	210	312	232	341	481	562	245	335	381	352	238	402	329	106	|
|268	193	455	482	196	255	188	415	352	535	0	225	339	367	469	224	212	165	398	214	302	188	335	136	245	533	|
|132	178	290	269	157	73	217	248	291	391	225	0	183	145	258	66	91	175	367	207	358	110	287	127	67	431	|
|71	359	117	184	154	245	207	76	152	210	339	183	0	152	169	131	274	352	232	174	294	151	161	203	119	251	|
|162	302	206	129	242	161	308	172	302	312	367	145	152	0	120	153	210	308	383	284	426	208	309	249	132	383	|
|220	422	142	15	311	281	371	131	307	232	469	258	169	120	0	245	330	427	379	340	461	291	321	340	224	324	|
