




arguments: ./build/mirp_solver -f ./input/orig_exec_28.cfg
Current dir: /scratch/gui/bnc_mirp
File verbosity level: 9
date       time         ( uptime  ) [ thread name/id ]                   file:line     v| 
2021-01-09 02:29:32.334 (   0.150s) [main thread     ]             loguru.cpp:789   INFO| Logging to './output/vi_vr/OU/V5/Original/execution_09_01_2021_02_29_32.log', mode: 'a', verbosity: 9
--------------------------------------------------------------------------------
Parameters
                           instance_path           ./input/Instances/Original/1/
                            model_policy                                       1
                             nb_vehicles                                       5
                              output_dir          ./output/vi_vr/OU/V5/Original/
                            sec_strategy                                       1
                       solver_nb_threads                                       2
                         solver_show_log                                    true
                       solver_time_limit                                    3600
                              use_vi_cos                                   false
                              use_vi_cus                                   false
                         use_vi_hc1_full                                   false
                         use_vi_hc1_half                                   false
                      use_vi_hc1_quarter                                   false
                              use_vi_hc2                                   false
                              use_vi_hc3                                   false
                         use_vi_lex_full                                   false
                         use_vi_lex_half                                   false
                      use_vi_lex_quarter                                   false
                              use_vi_qua                                   false
                               use_vi_vc                                   false
                               use_vi_vr                                    true
--------------------------------------------------------------------------------
executing instance: ./input/Instances/Original/1/absH3high_1n5.dat
--------------------------------------------------------------------------------
Instance details
n	6
H	3
C	289
Li:
[0, 0, 0, 0, 0, 0, ]
Ui:
[0, 195, 105, 116, 72, 22, ]
Distance matrix:
|0	85	349	17	203	289	|
|85	0	265	102	214	226	|
|349	265	0	366	368	238	|
|17	102	366	0	207	302	|
|203	214	368	207	0	431	|
|289	226	238	302	431	0	|

--------------------------------------------------------------------------------
Building model...
	using lazy and cut (CVRPSEP package)
Solving IRP LP...
--------------------------------------------------------------------------------

Gurobi 9.1.0 (linux64) logging started Sat Jan  9 02:29:32 2021

Gurobi Optimizer version 9.1.0 build v9.1.0rc0 (linux64)
Thread count: 32 physical cores, 32 logical processors, using up to 2 threads
Optimize a model with 312 rows, 414 columns and 1335 nonzeros
Model fingerprint: 0xc0160958
Variable types: 99 continuous, 315 integer (90 binary)
Coefficient statistics:
  Matrix range     [1e+00, 2e+02]
  Objective range  [2e-01, 4e+02]
  Bounds range     [1e+00, 2e+02]
  RHS range        [1e+01, 5e+02]
Presolve removed 148 rows and 155 columns
Presolve time: 0.00s

Explored 0 nodes (0 simplex iterations) in 0.00 seconds
Thread count was 1 (of 32 available processors)

Solution count 0

Model is infeasible
Best objective -, best bound -, gap -

User-callback calls 50, time in user-callback 0.00 sec

Computing Irreducible Inconsistent Subsystem (IIS)...

           Constraints          |            Bounds           |  Runtime
      Min       Max     Guess   |   Min       Max     Guess   |
--------------------------------------------------------------------------
        0       255         -         0       569         -           0s
       30        30         -        25        25         -           0s

IIS computed: 30 constraints, 25 bounds
IIS runtime: 0.23 seconds
================================================================================
executing instance: ./input/Instances/Original/1/absH3high_1n45.dat
--------------------------------------------------------------------------------
Instance details
n	46
H	3
C	3462
Li:
[0, 0, 0, 0, 0, 0, 0, 0, 0, 0, 0, 0, 0, 0, 0, 0, 0, 0, 0, 0, 0, 0, 0, 0, 0, 0, 0, 0, 0, 0, 0, 0, 0, 0, 0, 0, 0, 0, 0, 0, 0, 0, 0, 0, 0, 0, ]
Ui:
[0, 273, 270, 36, 165, 192, 148, 45, 30, 75, 180, 198, 112, 117, 90, 64, 180, 22, 264, 174, 168, 270, 86, 66, 26, 66, 237, 156, 92, 108, 144, 72, 30, 45, 94, 54, 174, 96, 198, 136, 44, 180, 210, 249, 198, 48, ]
Distance matrix:
|0	281	201	160	249	201	93	431	236	139	252	136	116	166	390	110	349	374	303	180	327	464	236	70	44	461	346	439	363	254	312	426	305	206	71	137	169	200	247	260	20	219	256	253	460	278	|
|281	0	448	170	53	142	338	184	121	290	371	390	222	302	111	289	169	434	230	177	238	441	59	212	319	211	86	235	399	306	53	176	99	202	263	157	361	101	370	201	264	344	364	374	469	184	|
|201	448	0	285	430	325	114	556	361	171	191	64	228	174	546	294	453	306	364	289	388	435	393	254	157	585	491	536	318	254	490	554	436	407	266	292	108	388	186	337	207	181	205	190	408	364	|
|160	170	285	0	169	43	182	280	80	120	208	231	58	132	262	230	190	294	151	24	174	345	112	107	183	309	207	280	268	158	219	276	155	235	187	45	192	150	205	107	140	177	202	210	356	119	|
|249	53	430	169	0	152	317	238	145	282	377	369	212	299	157	242	215	452	261	183	273	474	76	181	290	264	140	287	421	320	63	229	145	148	221	142	352	53	374	226	234	346	370	378	498	215	|
|201	142	325	43	152	0	224	237	37	156	230	273	101	164	224	261	148	300	127	38	147	333	83	142	225	266	167	238	270	168	193	233	112	246	221	70	228	148	228	84	180	202	222	232	351	87	|
|93	338	114	182	317	224	0	460	262	92	180	52	124	112	440	199	364	307	292	191	317	415	284	140	57	490	387	452	304	208	377	457	336	297	163	181	84	274	175	256	95	152	188	180	402	280	|
|431	184	556	280	238	237	460	0	199	385	420	508	337	385	108	464	110	429	219	269	206	378	202	365	460	30	98	84	388	340	204	9	126	386	432	294	453	283	421	226	411	404	408	423	422	198	|
|236	121	361	80	145	37	262	199	0	191	255	310	138	197	191	290	114	312	118	72	133	330	69	175	262	229	132	204	279	186	174	195	75	258	251	102	262	153	254	81	216	230	246	257	353	72	|
|139	290	171	120	282	156	92	385	191	0	116	129	71	27	380	246	283	235	201	119	226	329	231	141	129	414	323	367	224	119	336	383	266	308	202	141	72	252	112	169	127	82	118	117	322	195	|
|252	371	191	208	377	230	180	420	255	116	0	187	178	90	443	361	311	127	204	195	224	246	313	257	232	446	382	380	129	81	423	421	320	422	318	242	100	355	5	195	241	34	15	2	225	224	|
|136	390	64	231	369	273	52	508	310	129	187	0	173	141	491	233	409	313	330	239	355	431	335	191	93	538	438	495	316	233	429	505	385	342	203	233	88	325	182	297	143	167	199	187	412	323	|
|116	222	228	58	212	101	124	337	138	71	178	173	0	91	319	206	244	284	187	69	212	357	165	85	130	367	265	333	264	151	267	333	213	244	161	70	140	181	175	145	97	145	177	180	359	165	|
|166	302	174	132	299	164	112	385	197	27	90	141	91	0	388	273	280	208	191	127	215	305	243	167	153	413	329	361	198	96	351	383	270	333	229	159	68	272	86	163	153	56	92	91	296	190	|
|390	111	546	262	157	224	440	108	191	380	443	491	319	388	0	399	164	480	264	261	261	456	156	320	426	125	62	186	442	369	107	99	125	300	374	260	452	210	443	252	372	420	433	446	494	227	|
|110	289	294	230	242	261	199	464	290	246	361	233	206	273	399	0	402	480	382	254	404	562	262	124	143	493	369	490	466	355	302	457	344	135	45	191	279	189	356	337	120	328	364	362	563	348	|
|349	169	453	190	215	148	364	110	114	283	311	409	244	280	164	402	0	324	110	174	101	292	151	289	372	135	109	90	284	230	212	111	70	354	364	216	348	245	312	118	329	295	298	313	330	90	|
|374	434	306	294	452	300	307	429	312	235	127	313	284	208	480	480	324	0	216	274	223	137	380	368	357	448	419	367	40	136	487	432	358	525	436	336	227	443	132	234	361	156	119	127	102	255	|
|303	230	364	151	261	127	292	219	118	201	204	330	187	191	264	382	110	216	0	128	25	213	185	258	314	243	203	176	178	123	282	221	144	372	338	193	256	270	206	45	283	193	191	206	239	46	|
|180	177	289	24	183	38	191	269	72	119	195	239	69	127	261	254	174	274	128	0	151	321	118	130	198	299	204	263	246	139	228	266	147	258	211	68	191	169	193	83	159	166	188	197	333	98	|
|327	238	388	174	273	147	317	206	133	226	224	355	212	215	261	404	101	223	25	151	0	203	198	281	339	228	202	156	184	143	288	209	146	390	362	215	280	286	226	68	308	215	210	226	235	61	|
|464	441	435	345	474	333	415	378	330	329	246	431	357	305	456	562	292	137	213	321	203	0	398	440	458	390	400	301	117	211	492	384	348	578	517	389	344	480	251	251	448	265	233	246	54	259	|
|236	59	393	112	76	83	284	202	69	231	313	335	165	243	156	262	151	380	185	118	198	398	0	167	270	231	110	233	347	250	110	195	85	203	230	103	303	95	311	150	217	284	305	315	422	139	|
|70	212	254	107	181	142	140	365	175	141	257	191	85	167	320	124	289	368	258	130	281	440	167	0	109	394	277	378	349	236	244	359	239	167	81	73	196	135	253	213	53	223	257	258	444	226	|
|44	319	157	183	290	225	57	460	262	129	232	93	130	153	426	143	372	357	314	198	339	458	270	109	0	490	379	462	351	247	353	456	334	250	110	168	140	243	226	274	56	201	238	232	449	294	|
|461	211	585	309	264	266	490	30	229	414	446	538	367	413	125	493	135	448	243	299	228	390	231	394	490	0	125	89	408	365	226	36	156	412	462	324	481	311	447	253	441	430	433	448	436	225	|
|346	86	491	207	140	167	387	98	132	323	382	438	265	329	62	369	109	419	203	204	202	400	110	277	379	125	0	155	381	307	113	90	63	288	339	211	394	186	382	190	327	359	371	384	436	165	|
|439	235	536	280	287	238	452	84	204	367	380	495	333	361	186	490	90	367	176	263	156	301	233	378	462	89	155	0	326	299	267	92	148	432	454	306	429	325	382	199	419	369	366	382	348	172	|
|363	399	318	268	421	270	304	388	279	224	129	316	264	198	442	466	284	40	178	246	184	117	347	349	351	408	381	326	0	113	452	391	321	502	422	311	229	415	134	199	348	152	118	130	98	219	|
|254	306	254	158	320	168	208	340	186	119	81	233	151	96	369	355	230	136	123	139	143	211	250	236	247	365	307	299	113	0	359	340	244	390	310	200	148	308	83	117	238	74	68	83	208	145	|
|312	53	490	219	63	193	377	204	174	336	423	429	267	351	107	302	212	487	282	228	288	492	110	244	353	226	113	267	452	359	0	195	145	194	283	199	407	115	421	254	296	394	415	425	521	237	|
|426	176	554	276	229	233	457	9	195	383	421	505	333	383	99	457	111	432	221	266	209	384	195	359	456	36	90	92	391	340	195	0	122	378	426	289	451	275	421	226	406	404	408	423	427	197	|
|305	99	436	155	145	112	336	126	75	266	320	385	213	270	125	344	70	358	144	147	146	348	85	239	334	156	63	148	321	244	145	122	0	286	310	168	336	177	320	128	285	298	309	322	381	103	|
|206	202	407	235	148	246	297	386	258	308	422	342	244	333	300	135	354	525	372	258	390	578	203	167	250	412	288	432	502	390	194	378	286	0	144	191	362	109	418	329	202	388	421	423	591	329	|
|71	263	266	187	221	221	163	432	251	202	318	203	161	229	374	45	364	436	338	211	362	517	230	81	110	462	339	454	422	310	283	426	310	144	0	150	239	168	313	294	77	285	321	319	518	306	|
|137	157	292	45	142	70	181	294	102	141	242	233	70	159	260	191	216	336	193	68	215	389	103	73	168	324	211	306	311	200	199	289	168	191	150	0	210	113	239	148	117	210	238	244	400	157	|
|169	361	108	192	352	228	84	453	262	72	100	88	140	68	452	279	348	227	256	191	280	344	303	196	140	481	394	429	229	148	407	451	336	362	239	210	0	318	95	231	164	79	111	100	325	258	|
|200	101	388	150	53	148	274	283	153	252	355	325	181	272	210	189	245	443	270	169	286	480	95	135	243	311	186	325	415	308	115	275	177	109	168	113	318	0	352	230	187	323	351	357	498	225	|
|247	370	186	205	374	228	175	421	254	112	5	182	175	86	443	356	312	132	206	193	226	251	311	253	226	447	382	382	134	83	421	421	320	418	313	239	95	352	0	196	237	30	19	6	230	224	|
|260	201	337	107	226	84	256	226	81	169	195	297	145	163	252	337	118	234	45	83	68	251	150	213	274	253	190	199	199	117	254	226	128	329	294	148	231	230	196	0	240	178	184	198	272	29	|
|20	264	207	140	234	180	95	411	216	127	241	143	97	153	372	120	329	361	283	159	308	448	217	53	56	441	327	419	348	238	296	406	285	202	77	117	164	187	237	240	0	208	245	242	446	257	|
|219	344	181	177	346	202	152	404	230	82	34	167	145	56	420	328	295	156	193	166	215	265	284	223	201	430	359	369	152	74	394	404	298	388	285	210	79	323	30	178	208	0	37	35	250	206	|
|256	364	205	202	370	222	188	408	246	118	15	199	177	92	433	364	298	119	191	188	210	233	305	257	238	433	371	366	118	68	415	408	309	421	321	238	111	351	19	184	245	37	0	17	214	212	|
|253	374	190	210	378	232	180	423	257	117	2	187	180	91	446	362	313	127	206	197	226	246	315	258	232	448	384	382	130	83	425	423	322	423	319	244	100	357	6	198	242	35	17	0	225	226	|
|460	469	408	356	498	351	402	422	353	322	225	412	359	296	494	563	330	102	239	333	235	54	422	444	449	436	436	348	98	208	521	427	381	591	518	400	325	498	230	272	446	250	214	225	0	285	|
|278	184	364	119	215	87	280	198	72	195	224	323	165	190	227	348	90	255	46	98	61	259	139	226	294	225	165	172	219	145	237	197	103	329	306	157	258	225	224	29	257	206	212	226	285	0	|

--------------------------------------------------------------------------------
Building model...
	using lazy and cut (CVRPSEP package)
Solving IRP LP...
--------------------------------------------------------------------------------

Gurobi 9.1.0 (linux64) logging started Sat Jan  9 02:29:32 2021

Gurobi Optimizer version 9.1.0 build v9.1.0rc0 (linux64)
Thread count: 32 physical cores, 32 logical processors, using up to 2 threads
Optimize a model with 2512 rows, 17074 columns and 38455 nonzeros
Model fingerprint: 0x2996d7fa
Variable types: 859 continuous, 16215 integer (690 binary)
Coefficient statistics:
  Matrix range     [1e+00, 7e+02]
  Objective range  [1e-01, 6e+02]
  Bounds range     [1e+00, 3e+02]
  RHS range        [1e+01, 6e+03]
Presolve removed 897 rows and 883 columns
Presolve time: 0.06s
Presolved: 1615 rows, 16191 columns, 35055 nonzeros
Variable types: 792 continuous, 15399 integer (14742 binary)

Root relaxation: objective 1.323538e+04, 1896 iterations, 0.07 seconds

    Nodes    |    Current Node    |     Objective Bounds      |     Work
 Expl Unexpl |  Obj  Depth IntInf | Incumbent    BestBd   Gap | It/Node Time

     0     0 13235.3799    0  125          - 13235.3799      -     -    0s
     0     0 13580.8551    0  139          - 13580.8551      -     -    0s
     0     0 13831.5961    0  212          - 13831.5961      -     -    1s
     0     0 13934.8962    0  216          - 13934.8962      -     -    1s
     0     0 13934.8962    0  216          - 13934.8962      -     -    1s
     0     0 14077.5905    0  173          - 14077.5905      -     -    1s
     0     0 14113.5294    0  220          - 14113.5294      -     -    1s
     0     0 14123.2328    0  222          - 14123.2328      -     -    1s
     0     0 14123.3391    0  230          - 14123.3391      -     -    1s
     0     0 14213.5378    0  197          - 14213.5378      -     -    2s
     0     0 14224.6283    0  232          - 14224.6283      -     -    2s
     0     0 14228.9347    0  257          - 14228.9347      -     -    2s
     0     0 14231.5761    0  221          - 14231.5761      -     -    2s
     0     0 14231.5761    0  216          - 14231.5761      -     -    2s
     0     0 14273.0216    0  266          - 14273.0216      -     -    2s
     0     0 14278.3541    0  282          - 14278.3541      -     -    3s
     0     0 14279.8092    0  257          - 14279.8092      -     -    3s
     0     0 14280.1455    0  283          - 14280.1455      -     -    3s
     0     0 14349.1568    0  286          - 14349.1568      -     -    3s
     0     0 14356.3904    0  276          - 14356.3904      -     -    3s
     0     0 14357.1015    0  244          - 14357.1015      -     -    3s
     0     0 14389.9443    0  262          - 14389.9443      -     -    4s
     0     0 14390.6348    0  275          - 14390.6348      -     -    4s
     0     0 14416.5006    0  332          - 14416.5006      -     -    4s
     0     0 14421.1817    0  358          - 14421.1817      -     -    5s
     0     0 14424.6128    0  342          - 14424.6128      -     -    5s
     0     0 14457.5921    0  362          - 14457.5921      -     -    6s
     0     0 14479.6373    0  424          - 14479.6373      -     -    6s
     0     0 14492.7029    0  431          - 14492.7029      -     -    6s
     0     0 14499.5420    0  429          - 14499.5420      -     -    6s
     0     0 14501.1389    0  445          - 14501.1389      -     -    6s
     0     0 14518.2749    0  384          - 14518.2749      -     -    7s
     0     0 14519.4671    0  411          - 14519.4671      -     -    7s
     0     0 14531.7777    0  413          - 14531.7777      -     -    7s
     0     0 14531.7777    0  384          - 14531.7777      -     -    7s
     0     2 14534.6976    0  349          - 14534.6976      -     -   11s
    27    31 14600.1802   10  377          - 14537.6536      -   453   15s
   104   101 infeasible   39               - 14537.6536      -   252   20s
   177   175 14903.2078   62  194          - 14537.6536      -   267   25s
   261   262 15022.6261   80  151          - 14537.6536      -   245   30s
   369   381 15305.6484   98  173          - 14537.6536      -   232   35s
   459   490 15629.5850  118  175          - 14537.6536      -   225   40s
   620   686 16391.2370  159  120          - 14537.6536      -   199   46s
   830   975 17572.0335  215   38          - 14537.6536      -   166   51s
  1068  1078 19436.5050  315    6          - 14537.6536      -   139   55s
  1206  1165 18914.8200  324  384          - 14541.4255      -   131   60s
  1219  1174 15028.3097   81  463          - 14557.3426      -   130   65s
  1231  1182 16464.1020  147  423          - 14580.3533      -   128   70s
  1241  1188 15838.3756  126  487          - 14611.4606      -   127   75s
  1255  1198 17209.6479  212  465          - 14638.4229      -   126   80s
  1273  1210 15888.0958  132  496          - 14654.4480      -   124   85s
  1281  1215 17838.6422  239  488          - 14655.3021      -   123   90s
  1293  1224 15090.8595   60  140          - 14655.6325      -   142   95s
  1311  1236 19809.7400  327  463          - 14656.3563      -   140  100s
  1318  1241 17199.3865  213  491          - 14656.7818      -   139  105s
  1322  1244 17526.3590  253  470          - 14656.8315      -   139  110s
  1325  1249 14657.8879   20  502          - 14657.8879      -   148  121s
  1327  1250 14663.2018   21  415          - 14659.1307      -   149  126s
  1331  1253 14671.3039   22  402          - 14663.6149      -   149  130s
  1340  1259 14693.7852   24  343          - 14663.6149      -   151  136s
  1352  1270 14710.1828   27  340          - 14663.6149      -   154  140s
  1380  1288 14780.0374   33  343          - 14663.6149      -   160  145s
  1413  1316 14798.4239   43  365          - 14663.6149      -   164  150s
  1445  1337 14848.1435   52  346          - 14663.6149      -   168  155s
  1476  1354 14914.9893   61  301          - 14663.6149      -   174  160s
  1510  1375 15089.9743   69  260          - 14663.6149      -   182  165s
  1553  1407 15052.0727   71  292          - 14663.6149      -   186  170s
  1591  1442 15289.5288   93  187          - 14663.6149      -   189  175s
  1660  1495 15701.6795  117  163          - 14663.6149      -   191  181s
  1714  1541 15816.4396  134  160          - 14663.6149      -   193  186s
  1798  1598 16258.7080  160  145          - 14663.6149      -   192  191s
  1872  1658 16440.1873  178  114          - 14663.6149      -   192  197s
  1919  1688 16608.3937  192   87          - 14663.6149      -   192  200s
  1988  1719 16844.8713  214   73          - 14663.6149      -   193  208s
  2020  1799 16783.9080  224   95          - 14663.6149      -   193  211s
  2113  1868 17260.4835  259   67          - 14663.6149      -   190  215s
  2253  1935 17823.6472  318   15          - 14663.6149      -   185  220s
  2420  1999 18947.4906  388   10          - 14663.6149      -   177  225s
  2586  2211 19165.6458  450   14          - 14663.6149      -   171  232s
  2734  2239 20640.8900  513   10          - 14665.8812      -   165  237s
  2834  2237 21305.7933  544    6          - 14677.7666      -   162  241s
  2904  2288 14771.4059   26  405          - 14677.7666      -   163  246s
  2934  2306 14752.8645   28  528          - 14677.7666      -   164  250s
  3009  2390 14776.1319   31  425          - 14677.7666      -   165  257s
  3075  2417 14796.1779   34  389          - 14677.7666      -   165  262s
  3128  2463 14798.8134   35  394          - 14677.7666      -   165  266s
  3191  2495 14875.9547   40  362          - 14677.7666      -   165  271s
  3244  2525 14925.1493   39  431          - 14677.7666      -   165  275s
  3357  2592 14902.2639   48  286          - 14677.7666      -   164  284s
  3415  2680 14935.4097   53  243          - 14677.7666      -   164  289s
  3530  2767 14994.7201   60  218          - 14677.7666      -   162  296s
  3655  2912 15077.1877   67  240          - 14677.7666      -   160  303s
  3846  2863 15018.4565   75  257          - 14677.7666      -   156  310s
  3917  2899 15089.2170  113  181          - 14677.7666      -   157  318s
  3948  2924 15151.0123  125  189          - 14677.7666      -   158  322s
  3984  2947 15202.1168  146  106          - 14677.7666      -   159  327s
  4019  2991 15247.1114  156  121          - 14677.7666      -   159  332s
  4074  3043 15327.7298  182   97          - 14677.7666      -   159  338s
  4145  3111 15425.9314  228  118          - 14677.7666      -   159  344s
  4181  3099 15463.5909  261  126          - 14677.7666      -   158  345s
  4236  3172 15480.2721  296  131          - 14677.7666      -   157  350s
  4328  3253 15552.2266  364  114          - 14677.7666      -   156  357s
  4439  3349 15729.2669  432   65          - 14677.7666      -   154  364s
  4493  3331 15850.0753  476   59          - 14677.7666      -   153  365s
  4572  3478 16012.2021  531   64          - 14677.7666      -   152  372s
  4756  3688 18104.6398  600   21          - 14677.7666      -   150  382s
  5053  3880 19507.1865  651   39          - 14677.7666      -   144  391s
  5288  3878 20270.9200  712    8          - 14677.7666      -   142  395s
  5336  4271 20420.7475  715   13          - 14677.7666      -   142  403s
  5446  4271 20718.6800  734   10          - 14677.7666      -   139  405s
  5733  4398 20987.7695  893   23          - 14683.1258      -   135  414s
  5769  4398 21897.3600  924    9          - 14683.1258      -   134  415s
  5878  4456 14799.2037   26  306          - 14683.1258      -   133  422s
  5936  4532 14785.7054   33  403          - 14683.1258      -   134  429s
  6012  4639 14866.6181   40  346          - 14683.1258      -   134  437s
  6119  4736 14895.3558   49  296          - 14683.1258      -   134  446s
  6216  4841 14952.6666   59  300          - 14683.1258      -   134  454s
  6323  4962 14993.9457   79  290          - 14683.1258      -   134  463s
  6450  5165 15105.4294   99  167          - 14683.1258      -   134  472s
  6657  5456 15169.0944  126  185          - 14683.1258      -   133  484s
  6675  5456 15220.3129  133  175          - 14683.1258      -   133  485s
  6968  6048 15295.0698  141  136          - 14683.1258      -   131  499s
  7004  6048 15329.9811  170  159          - 14683.1258      -   131  500s
  7411  6059 22417.8680  928   19          - 14683.1258      -   125  505s
  7681  6189 15312.3926  173  182          - 14683.1258      -   121  516s
  7781  6308 15498.9226  233   67          - 14683.1258      -   122  528s
  7900  6534 15660.9823  305   89          - 14683.1258      -   123  540s
  8126  6650 16843.0057  450   74          - 14685.7045      -   122  552s
  8262  6722 14814.6645   29  280          - 14685.7045      -   123  561s
  8334  6827 14914.5202   42  246          - 14685.7045      -   124  571s
  8439  6976 15007.5450   74  140          - 14685.7045      -   126  581s
  8588  7303 15098.0797  140  202          - 14685.7045      -   126  594s
  8660  7303 15375.4399  202  183          - 14685.7045      -   126  595s
  8917  7771 15321.6144  278  148          - 14685.7045      -   125  611s
  9287  7771 16345.1600  411   11          - 14685.7045      -   122  615s
  9394  8286 16245.6645  388   85          - 14685.7045      -   121  626s
  9713  8286 17967.5208  564   78          - 14685.7045      -   120  630s
  9978  8752 16820.7182  520  109          - 14700.0186      -   118  643s
 10112  8752 17339.9080  616   91          - 14700.0186      -   117  645s
 10530  8771 27081.8400  845   10          - 14700.0197      -   113  650s
 10574  8824 14798.5702   25  382          - 14700.0197      -   113  657s
 10611  8858 14942.1519   38  313          - 14700.0197      -   114  665s
 10645  8925 15052.9621   45  324          - 14700.0197      -   116  673s
 10712  8994 15110.5977   59  240          - 14700.0197      -   117  682s
 10781  9066 15189.5121   69  332          - 14700.0197      -   118  694s
 10800  9066 15244.1370   80  299          - 14700.0197      -   118  695s
 10853  9240 15259.6989   87  266          - 14700.0197      -   119  705s
 11029  9508 15350.6832  103  171          - 14700.0197      -   119  717s
 11297  9838 15457.4961  145  218          - 14700.0197      -   118  730s
 11538  9838 17105.1864  431   97          - 14700.0197      -   118  735s
 11627 10149 15697.3854  205  149          - 14700.0197      -   117  747s
 11857 10149 17919.1707  590   34          - 14700.0197      -   117  750s
 11944 10860 15926.4947  251  123          - 14700.0197      -   116  764s
 11980 10860 16038.9608  267  124          - 14700.0197      -   116  765s
 12375 10860 20189.0051  808   18          - 14700.0197      -   114  770s
 12766 11086 16959.6733  336  123          - 14700.0197      -   111  783s
 12874 11086 16797.4757  425   85          - 14700.0197      -   111  785s
 12960 11495 17088.0810  475   43          - 14701.4412      -   111  796s
 13231 11495 18679.3800  669   10          - 14701.4412      -   109  800s
 13473 11563 14902.0528   30  406          - 14701.4412      -   108  809s
 13527 11642 15004.2070   47  268          - 14701.4412      -   109  817s
 13608 11723 15063.7411   53  304          - 14701.4412      -   110  825s
 13689 11886 15161.7293   67  242          - 14701.4412      -   110  836s
 13854 12374 15375.1255  123  149          - 14701.4412      -   110  849s
 13910 12374 15522.2991  164   46          - 14701.4412      -   110  850s
 14380 13073 15740.3828  222   71          - 14701.4412      -   108  906s
 14728 13073 18549.5403  414   35          - 14701.4412      -   107  910s
 15130 13325 19339.8158  425   28          - 14705.5820      -   105  924s
 15206 13325 19828.5182  445   25          - 14705.5820      -   105  925s
 15503 13420 14828.8072   32  363          - 14707.0644      -   104  935s
 15538 13465 14931.9396   44  333          - 14707.0644      -   105  943s
 15585 13518 15019.0212   58  293          - 14707.0644      -   105  951s
 15638 13588 15124.6473   70  213          - 14707.0644      -   106  959s
 15674 13588 15254.1621   94  185          - 14707.0644      -   106  960s
 15708 13692 15257.9307   95  163          - 14707.0644      -   107  968s
 15812 13858 15513.0224  118  107          - 14707.0644      -   107  979s
 15830 13858 15419.7092  132  185          - 14707.0644      -   107  980s
 15978 14141 15607.4684  153  130          - 14707.0644      -   108  991s
 16248 14141 16185.6515  321   66          - 14707.0644      -   107  995s
 16265 14582 16019.8615  228  142          - 14707.0644      -   107 1006s
 16565 14582 16485.9283  497  111          - 14707.0644      -   107 1010s
 16710 15119 16329.5232  277  141          - 14707.0644      -   106 1022s
 16939 15119 17827.5939  651   47          - 14707.0644      -   106 1025s
 17395 15661 16734.0035  360   59          - 14708.2680      -   104 1043s
 17521 15661 16979.7701  442   20          - 14708.2680      -   103 1045s
 17962 15725 14858.9573   26  465          - 14708.2680      -   102 1055s
 18017 15768 14991.4938   44  335          - 14708.2680      -   102 1063s
 18060 15831 15058.6488   52  300          - 14708.2680      -   103 1071s
 18123 15918 15115.3777   65  263          - 14708.2680      -   104 1080s
 18210 16067 15287.2229   81  202          - 14708.2680      -   104 1089s
 18248 16067 15462.4858   93  116          - 14708.2680      -   104 1090s
 18363 16511 15510.7873  103   95          - 14708.2680      -   105 1103s
 18460 16511 15587.6480  202  163          - 14708.2680      -   105 1105s
 18809 17101 15680.4450  163  104          - 14708.2680      -   103 1121s
 19128 17101 17966.7700  563   56          - 14708.2680      -   103 1125s
 19415 17540 15928.5927  271   97          - 14708.2680      -   102 1138s
 19523 17540 16168.8897  345   75          - 14708.2680      -   102 1140s
 20045 17859 16521.6965  451   24          - 14708.2680      -   100 1154s
 20153 17859 16961.9502  522   21          - 14708.2680      -   100 1155s
 20382 17952 19510.8772  627   16          - 14710.1835      -   100 1164s
 20458 17955 19285.4200  645    2          - 14710.1835      -  99.3 1165s
 20547 18023 14971.1623   34  283          - 14710.1835      -   100 1172s
 20586 18082 15012.1029   40  372          - 14710.1835      -   100 1179s
 20611 18082 15115.6823   51  250          - 14710.1835      -   101 1180s
 20645 18155 15113.8518   51  259          - 14710.1835      -   101 1187s
 20718 18380 15261.0134   70  101          - 14710.1835      -   101 1196s
 20943 18953 15527.1124  128   35          - 14713.1322      -   102 1211s
 21592 19004 14811.3481   25  511          - 14713.1322      -   100 1224s
 21636 19004 17876.3200  497    2          - 14713.1322      -   100 1225s
 21653 19054 14884.5533   35  348          - 14713.1322      -   100 1231s
 21704 19134 15039.1524   56  271          - 14713.1322      -   101 1239s
 21786 19254 15202.7382   82  159          - 14713.1322      -   101 1248s
 21899 19254 15298.0479   99  110          - 14713.1322      -   102 1250s
 21908 19710 15435.5151  120   55          - 14713.1322      -   102 1261s
 22214 19710 16273.1108  377   34          - 14713.1322      -   101 1265s
 22372 19788 infeasible  417               - 14716.6738      -   101 1274s
 22440 19788 15651.9878  186  137          - 14716.6738      -   101 1275s
 22474 20004 14896.3278   32  507          - 14716.6738      -   101 1284s
 22500 20004 15666.3848  222  129          - 14716.6738      -   101 1285s
 22690 20222 15073.5055   43  395          - 14716.6738      -   101 1297s
 22908 20509 15056.4021   53  393          - 14716.6738      -   101 1311s
 23212 20680 15161.9736   64  229          - 14716.6738      -   100 1325s
 23428 20732 15259.7386   81  235          - 14716.6738      -   100 1334s
 23446 20732 15329.4015   92  191          - 14716.6738      -   100 1335s
 23480 20812 15360.6294   96  188          - 14716.6738      -   101 1343s
 23562 21098 15522.5288  124   95          - 14716.6738      -   101 1354s
 23580 21098 15560.1167  132  100          - 14716.6738      -   101 1355s
 23874 21337 17273.4420  259  132          - 14717.3619      -   101 1368s
 24038 21344 17905.0503  364   18          - 14717.3619      -   101 1370s
 24178 21612 14862.8734   29  553          - 14717.3619      -   101 1381s
 24419 22068 14936.5979   36  421          - 14717.3619      -   101 1398s
 24603 22068 16226.1504  360   15          - 14717.3619      -   101 1400s
 24932 22105 15022.5451   48  347          - 14717.3619      -   100 1409s
 24964 22145 15173.5595   54  310          - 14717.3619      -   100 1416s
 25004 22200 15275.2677   62  157          - 14717.3619      -   101 1424s
 25059 22368 15446.9513   88  140          - 14717.3619      -   101 1432s
 25227 23084 15600.3323  167  111          - 14717.3619      -   101 1452s
 25425 23084 15790.2573  350  100          - 14717.3619      -   101 1455s
 25966 23271 infeasible  615               - 14717.4340      -   100 1470s
 26222 23312 14845.7439   32  416          - 14717.4503      -   100 1479s
 26263 23355 15042.4096   47  183          - 14717.4503      -   100 1486s
 26306 23412 15101.9053   57  152          - 14717.4503      -   101 1493s
 26363 23519 15209.0968   70  136          - 14717.4503      -   101 1502s
 26470 23931 15470.2777  136   25          - 14717.4503      -   101 1516s
 26776 23931 15553.2349  418   25          - 14717.4503      -   101 1520s
 26882 24364 15622.9822  483   17          - 14717.4503      -   101 1532s
 27095 24366 17719.8144  590    5          - 14717.4503      -   100 1535s
 27498 24497 14853.4607   31  525          - 14717.4503      -  99.3 1547s
 27609 24840 14951.2442   42  303          - 14717.4503      -   100 1558s
 27715 24840 15885.0500  241   51          - 14717.4503      -   100 1560s
 27966 25182 15091.7056   53  237          - 14717.4503      -  99.2 1573s
 28089 25183 17248.2409  429   64          - 14717.4503      -   100 1575s
 28329 25263 15277.9993   74   99          - 14717.4503      -  99.0 1585s
 28408 25399 15483.6563  105   55          - 14717.4503      -  99.4 1595s
 28544 25650 15658.8110  179   45          - 14717.4503      -   100 1606s
 28795 26094 16368.7646  374   48          - 14718.1686      -   100 1620s
 29305 26148 14812.5624   30  456          - 14718.1686      -  98.8 1631s
 29359 26241 14919.9648   44  334          - 14718.1686      -  99.3 1639s
 29378 26241 15022.2602   55  344          - 14718.1686      -  99.4 1640s
 29452 26495 15091.9621   56  198          - 14718.1686      -   100 1649s
 29470 26495 15141.6257   62  199          - 14718.1686      -   100 1650s
 29706 27054 15198.4474   65  261          - 14718.1686      -  99.5 1664s
 29943 27054 17298.2394  414   32          - 14718.1686      -  99.4 1667s
 30251 27055 17853.6796  522   19          - 14718.1686      -  98.6 1670s
 30279 27077 15306.3759   90  140          - 14718.1686      -  98.6 1676s
 30317 27148 15402.6037  102  131          - 14718.1686      -  98.9 1684s
 30388 27199 15474.2451  136   79          - 14718.1686      -  99.2 1693s
 30439 27299 15656.1594  153   85          - 14718.1686      -   100 1702s
 30539 27486 15855.1081  211   43          - 14718.1686      -   100 1712s
 30730 28179 17744.4809  313   33          - 14718.8108      -   100 1731s
 31048 28181 19568.9276  492   19          - 14718.8108      -  99.4 1735s
 31447 28249 22793.2047  593    3          - 14718.8108      -  98.3 1740s
 31738 28388 14927.7383   27  450          - 14718.8108      -  97.8 1752s
 31812 28544 15011.2018   40  400          - 14718.8108      -  98.1 1763s
 31972 28915 15130.1194   46  302          - 14718.8108      -  98.2 1779s
 32003 28915 16541.7814  206   79          - 14718.8108      -  98.4 1780s
 32381 28957 15432.0269   58  181          - 14718.8108      -  97.7 1790s
 32407 29020 15420.9109   68  203          - 14718.8108      -  98.0 1798s
 32470 29099 15588.7848   95  129          - 14718.8108      -  98.4 1807s
 32551 29193 15731.7154  121  102          - 14718.8108      -  98.7 1820s
 32647 29577 16044.3188  150   66          - 14718.8108      -  99.0 1833s
 32756 29577 16389.0935  228   51          - 14718.8108      -  99.0 1835s
 33047 29662 19421.4822  444   56          - 14719.6821      -  98.5 1845s
 33183 29711 14884.3691   33  440          - 14719.6821      -  98.7 1853s
 33232 29795 15002.4400   46  360          - 14719.6821      -  99.0 1861s
 33316 29935 15166.4651   67  116          - 14719.6821      -  99.3 1870s
 33456 30210 15416.1112   99  111          - 14719.6821      -   100 1881s
 33731 30595 16279.2903  187  128          - 14719.6821      -  99.5 1893s
 33867 30595 16571.1802  234   51          - 14719.6821      -  99.4 1895s
 34205 30878 16787.9668  341   47          - 14721.5718      -  98.9 1906s
 34490 30915 14944.0504   27  609          - 14721.5718      -  98.6 1916s
 34527 30951 15090.8074   37  221          - 14721.5718      -  98.9 1923s
 34563 30997 15165.2247   48  161          - 14721.5718      -  99.2 1931s
 34609 31056 15247.9903   59  229          - 14721.5718      -   100 1938s
 34670 31240 15346.6976   74  104          - 14721.5718      -   100 1947s
 34856 31666 15561.1985  132   30          - 14721.5718      -   100 1959s
 34928 31666 15714.9809  177   63          - 14721.5718      -   100 1960s
 35290 32517 16375.3312  259   24          - 14721.5718      -   100 1980s
 35645 32519 18688.5544  455   36          - 14721.5718      -  99.3 1985s
 36028 32521 18901.0157  498   13          - 14721.5718      -  98.7 1990s
 36295 33172 18363.3553  287   67          - 14722.0334      -  98.1 2007s
 36513 33174 19301.6500  355   14          - 14722.0334      -  97.7 2010s
 36877 33240 21406.9750  470    2          - 14722.0334      -  96.9 2015s
 37224 33358 14846.5317   31  561          - 14722.0334      -  96.3 2026s
 37263 33406 14966.1538   40  450          - 14722.0334      -  96.6 2034s
 37311 33478 15096.0270   47  379          - 14722.0334      -  96.9 2042s
 37387 33577 15148.9540   53  278          - 14722.0334      -  97.2 2051s
 37486 33713 15418.7734   72  192          - 14722.0334      -  97.4 2060s
 37626 33967 15444.5832   82  249          - 14722.0334      -  97.6 2072s
 37829 33967 17635.4182  327   39          - 14722.0334      -  97.6 2075s
 37892 34252 15676.0064  102  153          - 14722.0334      -  97.5 2084s
 37946 34252 15890.4010  123   92          - 14722.0334      -  97.7 2085s
 38241 34504 15904.0368  127   89          - 14727.5234      -  97.2 2102s
 38476 34511 16930.9089  276    5          - 14727.5234      -  97.0 2105s
 38535 34541 14790.9892   26  595          - 14727.5234      -  97.1 2112s
 38557 34566 14860.3346   35  448          - 14727.5234      -  97.4 2119s
 38582 34594 14926.9256   43  463          - 14727.5234      -  97.7 2126s
 38610 34628 15010.6264   46  406          - 14727.5234      -  98.0 2133s
 38644 34673 15088.8225   50  256          - 14727.5234      -  98.3 2141s
 38689 34722 15212.6866   58  236          - 14727.5234      -  98.6 2148s
 38738 34813 15320.9825   62  198          - 14727.5234      -  98.9 2156s
 38829 35071 15537.8868   84  132          - 14727.5234      -  99.2 2167s
 39060 35076 16462.2200  248    -          - 14727.5234      -  99.2 2170s
 39124 35421 15699.6175  107  127          - 14727.5234      -  99.1 2180s
 39498 35617 16129.6261  195   57          - 14727.5234      -  99.0 2193s
 39663 35617 17364.8823  275   54          - 14727.5234      -  99.0 2195s
 39688 35886 infeasible  276               - 14732.8202      -  99.2 2206s
 40032 35930 18981.1821  366    4          - 14732.8202      -  98.7 2210s
 40065 35964 14855.1454   28  536          - 14732.8202      -  98.9 2217s
 40099 36014 14898.8769   40  399          - 14732.8202      -  99.2 2224s
 40149 36124 14990.8747   47  330          - 14732.8202      -   100 2233s
 40259 36467 15062.7520   52  345          - 14732.8202      -   100 2245s
 40593 36467 16881.0789  380   31          - 14732.8202      -  99.5 2250s
 40607 36762 15118.3336   64  267          - 14732.8202      -  99.5 2261s
 40883 36784 20708.2300  457   11          - 14732.8202      -  99.3 2265s
 41092 36902 15303.5611   70  149          - 14732.8202      -  98.9 2275s
 41151 36980 15667.1775   93   66          - 14732.8202      -  99.2 2283s
 41231 37064 15549.4771  134  131          - 14732.8202      -  99.5 2293s
 41317 37252 16058.5959  143  108          - 14732.8202      -   100 2302s
 41506 37704 16431.6430  281   37          - 14732.8202      -   100 2316s
 41804 37704 18262.2740  404   31          - 14732.8202      -  99.4 2320s
 41996 37993 19190.2700  474    6          - 14735.2884      -  99.2 2331s
