




arguments: ./build/mirp_solver -f ./input/orig_exec_223.cfg
Current dir: /scratch/gui/bnc_mirp
File verbosity level: 9
date       time         ( uptime  ) [ thread name/id ]                   file:line     v| 
2021-01-10 12:38:34.308 (   0.171s) [main thread     ]             loguru.cpp:789   INFO| Logging to './output/vi_vr/OU/V5/Original/execution_10_01_2021_12_38_34.log', mode: 'a', verbosity: 9
--------------------------------------------------------------------------------
Parameters
                           instance_path           ./input/Instances/Original/6/
                            model_policy                                       1
                             nb_vehicles                                       5
                              output_dir          ./output/vi_vr/OU/V5/Original/
                            sec_strategy                                       1
                       solver_nb_threads                                       2
                         solver_show_log                                    true
                       solver_time_limit                                    3600
                              use_vi_cos                                   false
                              use_vi_cus                                   false
                         use_vi_hc1_full                                   false
                         use_vi_hc1_half                                   false
                      use_vi_hc1_quarter                                   false
                              use_vi_hc2                                   false
                              use_vi_hc3                                   false
                         use_vi_lex_full                                   false
                         use_vi_lex_half                                   false
                      use_vi_lex_quarter                                   false
                              use_vi_qua                                   false
                               use_vi_vc                                   false
                               use_vi_vr                                    true
--------------------------------------------------------------------------------
executing instance: ./input/Instances/Original/6/absH6high_1n25.dat
--------------------------------------------------------------------------------
Instance details
n	26
H	6
C	1711
Li:
[0, 0, 0, 0, 0, 0, 0, 0, 0, 0, 0, 0, 0, 0, 0, 0, 0, 0, 0, 0, 0, 0, 0, 0, 0, 0, ]
Ui:
[0, 168, 176, 34, 66, 36, 177, 106, 118, 182, 64, 141, 189, 63, 46, 111, 182, 231, 36, 66, 68, 54, 132, 90, 246, 75, ]
Distance matrix:
|0	191	200	231	334	329	146	196	208	245	218	164	283	394	151	358	156	196	309	253	201	260	127	138	130	104	|
|191	0	226	229	278	146	328	216	390	417	327	293	195	334	106	296	171	122	472	151	12	411	280	53	190	130	|
|200	226	0	38	149	359	321	10	276	274	418	364	139	204	121	173	321	115	303	141	225	236	155	202	311	256	|
|231	229	38	0	110	352	358	37	314	310	448	395	108	167	129	135	342	109	336	120	226	268	194	213	335	277	|
|334	278	149	110	0	367	467	147	422	413	546	495	86	61	203	25	423	163	429	129	271	363	303	282	424	361	|
|329	146	359	352	367	0	453	349	533	562	411	393	282	411	245	378	250	244	617	245	141	556	426	195	284	243	|
|146	328	321	358	467	453	0	321	162	215	160	112	425	524	297	491	223	341	284	397	339	266	186	276	184	210	|
|196	216	10	37	147	349	321	0	281	281	414	360	132	203	112	171	315	105	311	132	216	244	159	193	305	249	|
|208	390	276	314	422	533	162	281	0	54	321	271	410	471	316	445	348	348	123	398	398	115	125	338	313	309	|
|245	417	274	310	413	562	215	281	54	0	375	323	413	457	334	435	393	361	70	406	424	69	139	367	359	349	|
|218	327	418	448	546	411	160	414	321	375	0	57	484	606	347	569	163	393	444	446	339	421	318	288	137	199	|
|164	293	364	395	495	393	112	360	271	323	57	0	437	556	300	519	144	346	393	401	305	367	261	249	109	163	|
|283	195	139	108	86	282	425	132	410	413	484	437	0	139	137	101	349	91	443	44	187	375	286	206	355	291	|
|394	334	204	167	61	411	524	203	471	457	606	556	139	0	264	38	483	222	467	183	326	403	356	341	484	421	|
|151	106	121	129	203	245	297	112	316	334	347	300	137	264	0	225	220	46	381	102	106	316	195	84	221	158	|
|358	296	173	135	25	378	491	171	445	435	569	519	101	38	225	0	444	184	450	145	288	384	328	303	446	383	|
|156	171	321	342	423	250	223	315	348	393	163	144	349	483	220	444	0	261	460	308	183	415	284	143	39	65	|
|196	122	115	109	163	244	341	105	348	361	393	346	91	222	46	184	261	0	402	56	118	336	224	119	264	200	|
|309	472	303	336	429	617	284	311	123	70	444	393	443	467	381	450	460	402	0	442	477	68	192	424	426	413	|
|253	151	141	120	129	245	397	132	398	406	446	401	44	183	102	145	308	56	442	0	143	375	273	164	315	251	|
|201	12	225	226	271	141	339	216	398	424	339	305	187	326	106	288	183	118	477	143	0	416	286	63	202	142	|
|260	411	236	268	363	556	266	244	115	69	421	367	375	403	316	384	415	336	68	375	416	0	135	365	384	363	|
|127	280	155	194	303	426	186	159	125	139	318	261	286	356	195	328	284	224	192	273	286	135	0	232	256	229	|
|138	53	202	213	282	195	276	193	338	367	288	249	206	341	84	303	143	119	424	164	63	365	232	0	153	89	|
|130	190	311	335	424	284	184	305	313	359	137	109	355	484	221	446	39	264	426	315	202	384	256	153	0	64	|
|104	130	256	277	361	243	210	249	309	349	199	163	291	421	158	383	65	200	413	251	142	363	229	89	64	0	|

--------------------------------------------------------------------------------
Building model...
	using lazy and cut (CVRPSEP package)
Solving IRP LP...
--------------------------------------------------------------------------------

Gurobi 9.1.0 (linux64) logging started Sun Jan 10 12:38:35 2021

Gurobi Optimizer version 9.1.0 build v9.1.0rc0 (linux64)
Thread count: 32 physical cores, 32 logical processors, using up to 2 threads
Optimize a model with 2798 rows, 11462 columns and 27764 nonzeros
Model fingerprint: 0x71d6eef5
Variable types: 932 continuous, 10530 integer (780 binary)
Coefficient statistics:
  Matrix range     [1e+00, 3e+02]
  Objective range  [1e-01, 6e+02]
  Bounds range     [1e+00, 2e+02]
  RHS range        [1e+01, 3e+03]
Presolve removed 1007 rows and 977 columns
Presolve time: 0.06s
Presolved: 1791 rows, 10485 columns, 23924 nonzeros
Variable types: 867 continuous, 9618 integer (8904 binary)

Root relaxation: objective 1.503678e+04, 2771 iterations, 0.07 seconds

    Nodes    |    Current Node    |     Objective Bounds      |     Work
 Expl Unexpl |  Obj  Depth IntInf | Incumbent    BestBd   Gap | It/Node Time

     0     0 15036.7842    0  226          - 15036.7842      -     -    0s
     0     0 15278.7485    0  251          - 15278.7485      -     -    0s
     0     0 15297.7040    0  235          - 15297.7040      -     -    0s
     0     0 15299.2077    0  246          - 15299.2077      -     -    0s
     0     0 15299.2077    0  245          - 15299.2077      -     -    0s
     0     0 15536.9935    0  290          - 15536.9935      -     -    1s
     0     0 15585.2084    0  263          - 15585.2084      -     -    1s
     0     0 15589.7843    0  251          - 15589.7843      -     -    1s
     0     0 15590.8382    0  219          - 15590.8382      -     -    1s
     0     0 15618.9685    0  258          - 15618.9685      -     -    1s
     0     0 15641.2129    0  237          - 15641.2129      -     -    1s
     0     0 15648.5379    0  248          - 15648.5379      -     -    1s
     0     0 15653.5385    0  256          - 15653.5385      -     -    1s
     0     0 15653.6436    0  259          - 15653.6436      -     -    1s
     0     0 16081.4191    0  326          - 16081.4191      -     -    1s
     0     0 16150.7524    0  338          - 16150.7524      -     -    2s
     0     0 16158.1698    0  356          - 16158.1698      -     -    2s
     0     0 16158.9933    0  349          - 16158.9933      -     -    2s
     0     0 16384.6220    0  368          - 16384.6220      -     -    2s
     0     0 16414.3814    0  379          - 16414.3814      -     -    2s
     0     0 16430.1609    0  391          - 16430.1609      -     -    2s
     0     0 16431.3647    0  373          - 16431.3647      -     -    2s
     0     0 16579.2278    0  428          - 16579.2278      -     -    3s
     0     0 16609.6604    0  472          - 16609.6604      -     -    3s
     0     0 16638.8529    0  422          - 16638.8529      -     -    3s
     0     0 16642.9716    0  457          - 16642.9716      -     -    4s
     0     0 16643.0450    0  439          - 16643.0450      -     -    4s
     0     0 16796.7827    0  371          - 16796.7827      -     -    4s
     0     0 16800.3075    0  394          - 16800.3075      -     -    4s
     0     0 16801.9901    0  384          - 16801.9901      -     -    4s
     0     0 16849.9488    0  450          - 16849.9488      -     -    5s
     0     0 16862.6508    0  488          - 16862.6508      -     -    5s
     0     0 16867.6019    0  462          - 16867.6019      -     -    5s
     0     0 16867.7368    0  457          - 16867.7368      -     -    6s
     0     0 16893.7759    0  494          - 16893.7759      -     -    6s
     0     0 16903.0040    0  433          - 16903.0040      -     -    6s
     0     0 16906.4365    0  457          - 16906.4365      -     -    6s
     0     0 16933.2856    0  464          - 16933.2856      -     -    6s
     0     0 16948.7259    0  387          - 16948.7259      -     -    7s
     0     0 16950.1604    0  405          - 16950.1604      -     -    7s
     0     0 16958.9199    0  433          - 16958.9199      -     -    7s
     0     0 16963.3700    0  397          - 16963.3700      -     -    7s
     0     0 16963.5905    0  383          - 16963.5905      -     -    7s
     0     0 16969.2974    0  432          - 16969.2974      -     -    7s
     0     0 16969.2974    0  372          - 16969.2974      -     -    9s
     0     2 16972.4815    0  403          - 16972.4815      -     -   10s
    26    30 17030.9828    8  434          - 16972.5392      -   488   15s
    54    57 17144.4726   15  528          - 16972.5392      -   590   20s
    80    87 17284.1942   22  460          - 16972.5392      -   645   25s
   113   126 17392.3315   32  465          - 16972.5392      -   609   30s
   167   176 17474.7555   47  419          - 16972.5392      -   526   35s
   221   231 17529.8798   59  338          - 16972.5392      -   493   40s
   267   277 17582.2307   70  365          - 16972.5392      -   484   45s
   319   344 17948.4453   85  373          - 16972.5392      -   485   51s
   388   417 18329.7417  106  285          - 16972.5392      -   445   56s
   462   493 18740.5570  126  267          - 16972.5392      -   406   60s
   594   627 infeasible  168               - 16973.1685      -   354   67s
   714   732 17381.4690    7  415          - 16973.1685      -   322   72s
   782   748 19283.1231  138  372          - 16973.1685      -   315   75s
   791   754 18733.1927  124  482          - 17228.9921      -   311   80s
   811   767 18090.6332   97  498          - 17363.4385      -   304   86s
   829   779 17575.0618   62  633          - 17403.4501      -   297   90s
   847   791 21672.0570  228  660          - 17420.8376      -   291   95s
   867   805 20652.8611  195  725          - 17430.2903      -   284  100s
   887   818 17438.2473   41  681          - 17438.2473      -   278  105s
   904   829 17966.6679   94  751          - 17439.8954      -   272  110s
   924   843 18286.7176  118  707          - 17440.8511      -   266  115s
   939   854 17803.3413   78  403          - 17440.8639      -   322  120s
   953   863 18947.2717  134  607          - 17473.5581      -   318  125s
   971   875 17486.4951    6  729          - 17486.4951      -   312  130s
   986   885 17608.6263   68  689          - 17488.8395      -   307  135s
   997   893 17939.5909   87  696          - 17489.5535      -   304  140s
  1014   904 22236.2428  244  744          - 17490.7997      -   298  145s
  1037   919 19178.3352  146  740          - 17492.0534      -   292  150s
  1057   934 17912.4899   88  226          - 17492.4195      -   334  155s
  1068   942 17492.4195   51  695          - 17492.4195      -   331  160s
  1086   954 17608.6263   68  741          - 17492.7480      -   325  165s
  1101   964 19103.6121  146  689          - 17493.9588      -   321  170s
  1114   972 22236.2428  244  801          - 17494.5022      -   317  175s
  1123   978 18370.8198  114  749          - 17494.5617      -   315  182s
  1126   983 17495.3043   31  620          - 17495.3043      -   344  190s
  1128   985 17501.1235   32  580          - 17496.8630      -   346  195s
  1130   986 17501.4442   32  708          - 17501.4442      -   346  201s
  1134   987 infeasible   33               - 17501.5868      -   349  207s
  1139   990 17724.4257   34  686          - 17501.5868      -   353  210s
  1150   998 17615.1637   37  652          - 17501.5868      -   361  215s
  1162  1007 17618.8664   40  614          - 17501.5868      -   368  220s
  1179  1019 17639.4387   44  536          - 17501.5868      -   379  225s
  1191  1028 17646.5165   47  538          - 17501.5868      -   388  231s
  1204  1036 17693.4053   51  533          - 17501.5868      -   396  235s
  1223  1049 17741.1498   56  551          - 17501.5868      -   408  241s
  1237  1054 infeasible   59               - 17501.5868      -   414  245s
  1260  1067 17967.2773   64  444          - 17501.5868      -   424  251s
  1276  1078 17945.7731   69  507          - 17501.5868      -   430  256s
  1299  1092 18023.9346   76  569          - 17501.5868      -   437  261s
  1325  1107 18170.1159   82  572          - 17501.5868      -   442  267s
  1342  1111 18157.9676   87  436          - 17501.5868      -   447  270s
  1373  1134 18211.3685   95  437          - 17501.5868      -   457  277s
  1387  1141 18181.0592   98  469          - 17501.5868      -   462  281s
  1414  1165 18194.7784  106  433          - 17501.5868      -   473  288s
  1434  1177 18203.0321  111  428          - 17501.5868      -   478  291s
  1452  1187 18226.1494  116  426          - 17501.5868      -   482  295s
  1482  1206 18280.3022  124  383          - 17501.5868      -   493  303s
  1497  1222 18294.4147  129  388          - 17501.5868      -   499  307s
  1518  1234 18323.5305  136  454          - 17501.5868      -   503  311s
  1537  1252 18338.6849  141  500          - 17501.5868      -   507  315s
  1562  1260 18371.9146  147  545          - 17501.5868      -   511  320s
  1578  1284 18404.5617  152  557          - 17501.5868      -   518  325s
  1607  1305 18436.7429  159  447          - 17501.5868      -   521  330s
  1638  1337 18427.3597  167  473          - 17501.5868      -   524  335s
  1680  1359 18431.8473  176  487          - 17501.5868      -   523  340s
  1716  1378 18472.3626  185  422          - 17501.5868      -   525  346s
  1747  1410 18605.3450  189  491          - 17501.5868      -   523  352s
  1790  1454 18500.4516  198  403          - 17501.5868      -   523  359s
  1850  1492 18551.5775  207  413          - 17501.5868      -   520  365s
  1908  1523 18585.1596  216  473          - 17501.5868      -   517  372s
  1958  1550 18601.6191  223  516          - 17501.5868      -   518  379s
  2002  1585 18617.0597  230  542          - 17501.5868      -   517  385s
  2056  1621 18625.3474  239  493          - 17501.5868      -   516  393s
  2112  1653 18661.2767  248  495          - 17501.5868      -   515  400s
  2162  1686 18689.0177  256  432          - 17501.5868      -   516  408s
  2214  1731 18698.3320  265  452          - 17501.5868      -   517  416s
  2278  1777 18709.8178  275  576          - 17501.5868      -   516  425s
  2346  1815 18738.1574  286  554          - 17501.5868      -   514  434s
  2406  1861 18746.5605  297  452          - 17501.5868      -   515  442s
  2472  1912 18793.5574  310  520          - 17501.5868      -   516  452s
  2550  1969 18953.8634  326  454          - 17501.5868      -   515  461s
  2633  2026 19036.3738  341  445          - 17501.5868      -   513  472s
  2720  2081 19125.7319  359  460          - 17501.5868      -   511  482s
  2804  2141 19165.8930  374  504          - 17501.5868      -   510  493s
  2892  2215 19204.9417  391  530          - 17501.5868      -   509  507s
  2995  2283 19225.9013  409  432          - 17501.5868      -   506  519s
  3098  2354 19235.0950  424  436          - 17501.5868      -   504  531s
  3203  2434 19245.8254  445  463          - 17501.5868      -   504  544s
  3318  2508 19253.9085  467  436          - 17501.5868      -   502  557s
  3430  2590 19284.5143  489  451          - 17501.5868      -   502  571s
  3550  2680 19321.3028  514  451          - 17501.5868      -   501  586s
  3684  2784 19339.5822  539  459          - 17501.5868      -   498  601s
  3836  2862 19429.2257  564  466          - 17501.5868      -   495  617s
  3967  2978 19601.7875  581  422          - 17501.5868      -   492  634s
  4074  2946 20089.2179  931  214          - 17501.5868      -   490  635s
  4135  3137 19839.9865  605  340          - 17501.5868      -   487  651s
  4326  3328 19821.7142  629  387          - 17501.5868      -   482  670s
  4521  3504 20277.7532  649  379          - 17501.5868      -   477  690s
  4743  3569 19969.9877  674  368          - 17501.5868      -   469  708s
  4808  3641 20240.6596  699  316          - 17501.5868      -   475  725s
  4880  3714 20107.8035  727  363          - 17501.5868      -   479  744s
  4917  3714 20493.1238  745  297          - 17501.5868      -   480  745s
  4953  3800 20898.9710  753  398          - 17501.5868      -   483  764s
  5039  3926 20881.1479  785  339          - 17501.5868      -   486  784s
  5107  3926 21228.9894  819  301          - 17501.5868      -   485  785s
  5165  3962 21662.8456  833  294          - 17577.4762      -   487  804s
  5219  3962 17953.8952   89  540          - 17577.4762      -   488  805s
  5249  4029 17720.2318   42  615          - 17577.4762      -   491  824s
  5316  4100 17755.9025   59  491          - 17577.4762      -   496  844s
  5387  4204 17937.6419   71  460          - 17577.4762      -   500  865s
  5491  4308 18267.3583  109  432          - 17577.4762      -   503  888s
  5595  4456 18593.3869  134  481          - 17577.4762      -   507  912s
  5744  4734 18737.2964  208  390          - 17577.4762      -   507  938s
  5946  4734 19330.8231  219  358          - 17577.4762      -   496  941s
  6024  5074 19038.2764  377  321          - 17577.4762      -   497  967s
  6200  5074 19415.0816  523  292          - 17577.4762      -   488  970s
  6366  5337 19749.2515  606  334          - 17577.5717      -   486  998s
  6518  5337 20054.5493  731  332          - 17577.5717      -   478 1000s
  6657  5473 17820.8261   40  587          - 17577.5717      -   478 1026s
  6805  5578 17954.0663   53  496          - 17577.5717      -   479 1052s
  6932  5665 infeasible   88               - 17577.5717      -   481 1077s
  7025  5858 18675.6238  125  355          - 17577.5717      -   483 1102s
  7218  6228 19026.7435  223  313          - 17577.5717      -   481 1136s
  7588  6736 19508.2531  456  226          - 17577.5717      -   469 1171s
  7910  6736 20469.8420  699  223          - 17577.5717      -   455 1175s
  8103  6910 21306.9276  762  220          - 17578.9895      -   450 1201s
  8316  6997 17897.9694   42  621          - 17578.9895      -   448 1227s
  8418  7142 18006.0504   50  560          - 17578.9895      -   450 1254s
  8563  7405 18010.3728   72  513          - 17578.9895      -   451 1282s
  8826  7467 18162.3304   95  438          - 17578.9895      -   446 1355s
  8888  7711 18243.8148  102  489          - 17578.9895      -   446 1384s
  9136  8013 18743.6883  132  393          - 17578.9895      -   443 1414s
  9288  8013 21563.6123  746  391          - 17578.9895      -   442 1416s
  9446  8414 19033.3646  187  415          - 17578.9895      -   438 1446s
  9649  8414 22198.0727  893  316          - 17578.9895      -   435 1450s
  9857  8909 19417.2430  296  324          - 17578.9895      -   430 1483s
  9917  8909 19476.9139  336  329          - 17578.9895      -   429 1485s
 10325  8909 23317.1166 1181  309          - 17578.9895      -   418 1490s
 10421  9051 19895.2176  527  281          - 17585.5802      -   416 1516s
 10582  9135 18008.4815   46  628          - 17585.5802      -   416 1541s
 10666  9216 18142.5325   63  563          - 17585.5802      -   419 1567s
 10747  9316 18387.2330   86  548          - 17585.5802      -   423 1593s
 10833  9316 18702.3016  128  495          - 17585.5802      -   426 1595s
 10847  9430 18739.6380  113  500          - 17585.5802      -   426 1619s
 10961  9735 18784.1773  147  504          - 17585.5802      -   429 1647s
 11147  9735 19091.9836  252  435          - 17585.5802      -   428 1650s
 11268 10134 19103.0948  222  416          - 17585.5802      -   425 1678s
 11420 10134 19316.4614  356  425          - 17585.5802      -   422 1680s
 11669 10519 19408.3174  425  445          - 17585.5802      -   417 1711s
 12074 11012 20274.6199  550  287          - 17585.5802      -   412 1745s
 12414 11012 21452.3007  799  273          - 17585.5802      -   404 1750s
 12626 11900 21584.1093  856  226          - 17585.5802      -   401 1786s
 12879 11900 21987.1165 1064  148          - 17585.5802      -   394 1790s
 13269 11900 24398.5008 1354  124          - 17585.5802      -   385 1795s
 13574 11922 25803.7656 1368   86          - 17585.8136      -   380 1821s
 13656 12000 18014.3607   51  611          - 17586.1630      -   382 1843s
 13734 12082 18181.8918   83  632          - 17586.1630      -   384 1866s
 13816 12190 18575.7119  101  519          - 17586.1630      -   387 1891s
 13924 12340 18671.9615  134  552          - 17586.1630      -   388 1916s
 14074 12575 18902.3881  193  612          - 17586.1630      -   388 1942s
 14309 12850 19102.6629  279  488          - 17586.1630      -   387 1969s
 14584 13155 19317.2537  379  466          - 17586.1630      -   384 1999s
 14889 13498 19660.8398  504  495          - 17586.1630      -   380 2029s
 15179 13498 20246.3949  748  319          - 17586.1630      -   377 2033s
 15234 13732 20000.5523  568  434          - 17586.1630      -   376 2058s
 15373 13732 21532.1276  791  317          - 17586.1630      -   376 2060s
 15520 13765 20412.8684  653  418          - 17587.4195      -   375 2085s
 15567 13815 17947.2508   43  586          - 17587.4195      -   377 2107s
 15617 13878 18121.7113   53  542          - 17587.4195      -   379 2131s
 15680 13976 18426.7096   62  527          - 17587.4195      -   381 2155s
 15778 14117 18463.8037   81  425          - 17587.4195      -   382 2178s
 15919 14316 18696.7830  125  472          - 17587.4195      -   383 2202s
 16118 14589 18979.6206  205  464          - 17587.4195      -   382 2228s
 16246 14589 19092.6771  257  500          - 17587.4195      -   381 2230s
 16395 14998 19370.4507  286  322          - 17587.4195      -   380 2256s
 16684 14998 20034.5490  461  261          - 17587.4195      -   377 2260s
 16810 15329 20141.5135  400  300          - 17587.4195      -   375 2286s
 17149 15718 21516.1635  433  305          - 17587.4195      -   373 2315s
 17570 16211 24019.5798  504  287          - 17587.4195      -   369 2347s
 17750 16211 24540.9239  615  261          - 17587.4195      -   367 2350s
 18067 16399 infeasible  666               - 17587.4446      -   363 2378s
 18325 16450 18082.0610   51  601          - 17587.6284      -   361 2402s
 18376 16507 18122.5305   66  507          - 17587.6284      -   363 2422s
 18433 16599 18267.1754   83  414          - 17587.6284      -   365 2443s
 18525 16731 18433.4949  111  439          - 17587.6284      -   366 2465s
 18657 16892 18627.2972  159  522          - 17587.6284      -   367 2489s
 18747 16892 18618.8313  124  383          - 17587.6284      -   366 2490s
 18818 17078 19013.5730  225  467          - 17587.6284      -   367 2513s
 19006 17364 19107.7122  323  540          - 17587.6284      -   366 2537s
 19175 17364 19751.7958  237  383          - 17587.6284      -   365 2540s
 19292 17607 19333.5541  447  485          - 17587.6284      -   364 2563s
 19535 17787 19746.2592  576  385          - 17587.6284      -   363 2588s
 19731 17826 20218.6928  671  394          - 17604.5680      -   362 2612s
 19786 17878 18121.2222   45  601          - 17604.5680      -   364 2635s
 19838 17926 18235.0004   58  532          - 17604.5680      -   365 2658s
 19886 17993 18366.4361   64  519          - 17604.5680      -   367 2680s
 19953 18075 18478.1122   74  508          - 17604.5680      -   369 2704s
 19996 18075 18440.8564  105  496          - 17604.5680      -   369 2705s
 20035 18206 18621.5050  103  502          - 17604.5680      -   370 2727s
 20166 18382 18803.8549  145  523          - 17604.5680      -   371 2752s
 20342 18600 19031.0207  214  511          - 17604.5680      -   371 2778s
 20562 18906 19397.8963  270  399          - 17604.5680      -   370 2809s
 20594 18906 19350.9738  294  425          - 17604.5680      -   370 2810s
 20868 19175 19451.4026  350  485          - 17604.5680      -   367 2838s
 21169 19264 19779.9610  419  432          - 17604.5680      -   366 2864s
 21250 19264 infeasible  610               - 17604.5680      -   365 2865s
 21278 19427 20816.0594  472  413          - 17604.5680      -   366 2888s
 21413 19427 20387.8483  571  383          - 17604.5680      -   365 2890s
 21441 19629 20407.8332  579  400          - 17604.5680      -   365 2914s
 21585 19629 20922.7672  688  376          - 17604.5680      -   364 2916s
 21645 19801 20768.0707  725  399          - 17604.5680      -   364 2940s
 21821 19938 21228.6566  848  408          - 17604.5680      -   364 2965s
 21960 20119 21706.2573  928  292          - 17608.0260      -   364 2992s
 22199 20203 17893.1620   44  622          - 17608.0260      -   363 3018s
 22283 20291 18004.8638   54  568          - 17608.0260      -   364 3043s
 22371 20434 18170.4070   62  545          - 17608.0260      -   365 3068s
 22514 20622 18215.1741   75  557          - 17608.0260      -   365 3095s
 22702 20817 18350.6808   92  573          - 17608.0260      -   364 3122s
 22897 20993 18555.7075  111  481          - 17608.0260      -   364 3148s
 23110 21086 18608.5930  138  417          - 17608.0260      -   363 3174s
 23170 21086 18776.4539  182  474          - 17608.0260      -   364 3175s
 23203 21250 18850.1768  190  460          - 17608.0260      -   364 3199s
 23263 21250 18910.0453  239  490          - 17608.0260      -   364 3200s
 23367 21472 18978.0706  319  477          - 17608.0260      -   364 3227s
 23568 21472 18189.6136   55  474          - 17608.0260      -   362 3230s
 23592 21582 19447.3276  503  363          - 17608.0260      -   363 3254s
 23626 21582 19775.9922  509  377          - 17608.0260      -   363 3255s
 23712 21825 19901.4263  542  356          - 17608.0260      -   364 3282s
 23911 21825 18461.1336   85  443          - 17608.0260      -   363 3285s
 23955 22152 21186.6792  672  228          - 17608.0260      -   363 3312s
 24165 22152 21611.9290  790  244          - 17608.0260      -   361 3315s
 24282 22467 21665.8725  857  224          - 17612.5774      -   361 3345s
 24622 22579 17993.7604   38  618          - 17612.5774      -   359 3372s
 24736 22801 18161.6630   48  535          - 17612.5774      -   360 3399s
 24958 23271 18355.7189   60  520          - 17612.5774      -   359 3431s
 25226 23271 19880.9742  582  225          - 17612.5774      -   357 3435s
 25432 23485 18382.7522   78  520          - 17612.5774      -   355 3466s
 25690 23599 18636.7371  114  386          - 17612.5774      -   354 3492s
 25804 23741 18885.4391  191  363          - 17612.5774      -   355 3516s
 25946 23904 19254.7044  294  432          - 17612.5774      -   355 3542s
 26113 24118 19687.9524  403  375          - 17615.2726      -   355 3570s
 26353 24234 17916.4129   40  599          - 17615.2726      -   355 3598s

Cutting planes:
  User: 6651
  Gomory: 38
  Cover: 609
  Implied bound: 62
  Clique: 13
  MIR: 765
  Flow cover: 1165
  Zero half: 15
  Network: 1
  RLT: 459
  Relax-and-lift: 8
  Lazy constraints: 26

Explored 26469 nodes (9425507 simplex iterations) in 3600.54 seconds
Thread count was 2 (of 32 available processors)

Solution count 0

Time limit reached
Best objective -, best bound 1.761527264833e+04, gap -

User-callback calls 243615, time in user-callback 273.82 sec
================================================================================
executing instance: ./input/Instances/Original/6/absH6high_1n20.dat
--------------------------------------------------------------------------------
Instance details
n	21
H	6
C	1651
Li:
[0, 0, 0, 0, 0, 0, 0, 0, 0, 0, 0, 0, 0, 0, 0, 0, 0, 0, 0, 0, 0, ]
Ui:
[0, 36, 182, 182, 90, 261, 117, 30, 110, 42, 276, 153, 40, 94, 144, 46, 129, 213, 264, 160, 174, ]
Distance matrix:
|0	371	401	343	361	341	370	115	392	400	79	266	292	245	355	431	265	194	95	92	348	|
|371	0	37	141	110	250	117	438	67	131	372	305	115	238	247	255	235	296	392	430	185	|
|401	37	0	175	100	284	146	472	90	156	406	342	152	275	280	282	242	333	415	455	178	|
|343	141	175	0	239	110	38	374	95	60	314	182	67	130	106	127	318	201	397	423	303	|
|361	110	100	239	0	341	222	451	177	240	385	374	190	304	341	361	151	345	354	398	78	|
|341	250	284	110	341	0	143	337	203	151	289	102	152	97	15	95	394	156	415	431	398	|
|370	117	146	38	222	143	0	407	61	30	346	220	81	167	137	139	317	237	417	447	292	|
|115	438	472	374	451	337	407	0	443	434	66	241	339	251	351	431	374	181	201	177	450	|
|392	67	90	95	177	203	61	443	0	66	379	275	104	216	197	193	294	283	427	461	252	|
|400	131	156	60	240	151	30	434	66	0	374	237	112	189	142	127	344	261	448	477	312	|
|79	372	406	314	385	289	346	66	379	374	0	202	275	197	304	383	316	134	175	166	388	|
|266	305	342	182	374	102	220	241	275	237	202	0	191	70	117	196	386	73	352	359	415	|
|292	115	152	67	190	152	81	339	104	112	275	191	0	123	154	193	252	183	336	366	246	|
|245	238	275	130	304	97	167	251	216	189	197	70	123	0	110	187	322	72	319	334	346	|
|355	247	280	106	341	15	137	351	197	142	304	117	154	110	0	80	399	171	427	444	400	|
|431	255	282	127	361	95	139	431	193	127	383	196	193	187	80	0	444	251	499	519	429	|
|265	235	242	318	151	394	317	374	294	344	316	386	252	322	399	444	0	332	226	273	97	|
|194	296	333	201	345	156	237	181	283	261	134	73	183	72	171	251	332	0	279	286	375	|
|95	392	415	397	354	415	417	201	427	448	175	352	336	319	427	499	226	279	0	47	321	|
|92	430	455	423	398	431	447	177	461	477	166	359	366	334	444	519	273	286	47	0	368	|
|348	185	178	303	78	398	292	450	252	312	388	415	246	346	400	429	97	375	321	368	0	|

--------------------------------------------------------------------------------
Building model...
	using lazy and cut (CVRPSEP package)
Solving IRP LP...
--------------------------------------------------------------------------------

Gurobi 9.1.0 (linux64) logging started Sun Jan 10 13:38:37 2021

Gurobi Optimizer version 9.1.0 build v9.1.0rc0 (linux64)
Thread count: 32 physical cores, 32 logical processors, using up to 2 threads
Optimize a model with 2253 rows, 7677 columns and 19239 nonzeros
Model fingerprint: 0xc4e21f7c
Variable types: 747 continuous, 6930 integer (630 binary)
Coefficient statistics:
  Matrix range     [1e+00, 3e+02]
  Objective range  [1e-01, 5e+02]
  Bounds range     [1e+00, 3e+02]
  RHS range        [1e+01, 3e+03]
Presolve removed 822 rows and 792 columns
Presolve time: 0.04s
Presolved: 1431 rows, 6885 columns, 16104 nonzeros
Variable types: 687 continuous, 6198 integer (5634 binary)

Root relaxation: objective 1.421493e+04, 2340 iterations, 0.06 seconds

    Nodes    |    Current Node    |     Objective Bounds      |     Work
 Expl Unexpl |  Obj  Depth IntInf | Incumbent    BestBd   Gap | It/Node Time

     0     0 14214.9310    0  196          - 14214.9310      -     -    0s
     0     0 14383.6517    0  254          - 14383.6517      -     -    0s
     0     0 14410.6334    0  227          - 14410.6334      -     -    0s
     0     0 14411.6725    0  227          - 14411.6725      -     -    0s
     0     0 14411.6725    0  228          - 14411.6725      -     -    0s
     0     0 14690.3892    0  262          - 14690.3892      -     -    1s
     0     0 14725.6226    0  288          - 14725.6226      -     -    1s
     0     0 14727.4454    0  302          - 14727.4454      -     -    1s
     0     0 14730.1219    0  287          - 14730.1219      -     -    1s
     0     0 14730.4161    0  289          - 14730.4161      -     -    1s
     0     0 14969.4115    0  330          - 14969.4115      -     -    1s
     0     0 14990.6701    0  347          - 14990.6701      -     -    1s
     0     0 14991.1210    0  366          - 14991.1210      -     -    1s
     0     0 15077.3652    0  392          - 15077.3652      -     -    2s
     0     0 15098.6376    0  438          - 15098.6376      -     -    2s
     0     0 15102.2932    0  446          - 15102.2932      -     -    2s
     0     0 15103.2068    0  416          - 15103.2068      -     -    2s
     0     0 15103.2068    0  421          - 15103.2068      -     -    2s
     0     0 15164.8731    0  437          - 15164.8731      -     -    2s
     0     0 15170.9277    0  396          - 15170.9277      -     -    3s
     0     0 15178.6465    0  420          - 15178.6465      -     -    3s
     0     0 15182.7541    0  434          - 15182.7541      -     -    3s
     0     0 15183.0925    0  426          - 15183.0925      -     -    3s
     0     0 15244.7122    0  380          - 15244.7122      -     -    3s
     0     0 15252.1587    0  386          - 15252.1587      -     -    3s
     0     0 15269.1130    0  427          - 15269.1130      -     -    3s
     0     0 15273.0473    0  436          - 15273.0473      -     -    4s
     0     0 15275.2142    0  460          - 15275.2142      -     -    4s
     0     0 15276.0967    0  421          - 15276.0967      -     -    4s
     0     0 15291.9740    0  469          - 15291.9740      -     -    4s
     0     0 15305.0718    0  469          - 15305.0718      -     -    4s
     0     0 15307.0744    0  455          - 15307.0744      -     -    4s
     0     0 15307.2133    0  476          - 15307.2133      -     -    4s
     0     0 15319.8382    0  435          - 15319.8382      -     -    5s
     0     0 15335.4407    0  455          - 15335.4407      -     -    5s
     0     0 15342.5016    0  413          - 15342.5016      -     -    5s
     0     0 15344.7648    0  485          - 15344.7648      -     -    5s
     0     0 15345.3336    0  440          - 15345.3336      -     -    5s
     0     0 15376.6290    0  464          - 15376.6290      -     -    6s
     0     0 15381.4392    0  420          - 15381.4392      -     -    6s
     0     0 15387.5856    0  437          - 15387.5856      -     -    6s
     0     0 15388.5001    0  400          - 15388.5001      -     -    6s
     0     0 15393.4812    0  445          - 15393.4812      -     -    6s
     0     0 15404.6571    0  343          - 15404.6571      -     -    7s
     0     2 15406.5947    0  380          - 15406.5947      -     -    9s
     9    12 15441.6717    4  453          - 15408.2956      -   371   10s
    55    60 15496.7219   18  387          - 15408.2956      -   504   15s
   110   120 15657.4098   33  277          - 15408.2956      -   486   20s
   172   191 16126.1284   49  301          - 15408.2956      -   465   25s
   257   270 16718.7682   66  272          - 15408.2956      -   406   30s
   386   419 17880.2874  100  251          - 15408.2956      -   330   35s
   519   499 19118.3867  131  230          - 15409.0737      -   283   40s
   563   523 15589.8312    8  500          - 15409.0737      -   297   45s
   602   568 15563.2108   12  516          - 15409.0737      -   314   50s
   650   620 15668.8006   15  477          - 15409.0737      -   325   55s
   709   687 15697.8683   17  441          - 15409.0737      -   332   60s
   742   695 15533.0122   27  500          - 15488.2343      -   327   65s
   766   711 17330.1397   85  590          - 15546.7381      -   317   70s
   792   728 16034.4687   46  643          - 15572.7843      -   306   75s
   816   744 16386.4806   55  774          - 15588.6246      -   297   80s
   834   756 19179.8278  141  769          - 15591.2531      -   291   85s
   858   773 15593.0722   19  190          - 15593.0722      -   319   90s
   881   789 15625.5353   13  794          - 15593.3571      -   310   95s
   893   797 18689.6216  129  809          - 15593.5804      -   306  100s
   907   809 15649.7179   28  604          - 15595.3999      -   325  105s
   927   824 15608.7783   34  616          - 15608.7783      -   339  110s
   951   840 15631.2867   40  653          - 15621.3085      -   353  115s
   981   860 15654.8868   48  617          - 15621.3085      -   371  120s
  1000   875 15663.4106   52  604          - 15621.3085      -   384  125s
  1027   894 15696.7776   58  517          - 15621.3085      -   402  130s
  1071   930 15820.5498   68  515          - 15621.3085      -   414  136s
  1104   952 15903.2992   74  524          - 15621.3085      -   423  140s
  1146   980 16062.6322   83  380          - 15621.3085      -   428  145s
  1198  1017 16463.7002   94  414          - 15621.3085      -   434  150s
  1243  1039 17104.4245  119  339          - 15621.3085      -   440  155s
  1296  1076 16709.8909  114  470          - 15621.3085      -   448  161s
  1347  1105 16823.4586  122  471          - 15621.3085      -   454  167s
  1370  1123 16913.3508  126  474          - 15621.3085      -   462  170s
  1423  1158 17065.9708  135  413          - 15621.3085      -   469  176s
  1487  1216 17241.7202  146  419          - 15621.3085      -   474  182s
  1538  1254 17378.7287  152  428          - 15621.3085      -   470  186s
  1663  1366 17561.8372  162  363          - 15621.3085      -   461  194s
  1763  1406 17960.9790  173  305          - 15621.3085      -   448  198s
  1865  1489 18011.6626  181  321          - 15621.3085      -   434  202s
  1986  1549 18170.4871  193  318          - 15621.3085      -   417  205s
  2133  1531 15865.7769   49  598          - 15621.3085      -   399  210s
  2185  1597 18977.6271  230  223          - 15621.3085      -   399  216s
  2273  1620 16001.6365   60  498          - 15621.3085      -   396  220s
  2357  1694 22001.5212  308  149          - 15621.3085      -   389  225s
  2421  1691 15732.0529   40  550          - 15621.4033      -   389  232s
  2437  1705 15752.0700   42  578          - 15621.4033      -   393  235s
  2474  1738 15843.8670   46  531          - 15621.4033      -   400  242s
  2501  1757 15854.3999   50  554          - 15621.4033      -   402  245s
  2558  1797 15944.7070   57  529          - 15621.4033      -   407  253s
  2588  1821 16043.4822   61  527          - 15621.4033      -   409  257s
  2622  1849 16015.0636   63  534          - 15621.4033      -   411  261s
  2662  1877 16058.3296   70  457          - 15621.4033      -   413  265s
  2707  1907 16298.4973   74  449          - 15621.4033      -   416  270s
  2756  1953 16206.1456   76  437          - 15621.4033      -   417  275s
  2818  2007 16276.9496   85  435          - 15621.4033      -   416  281s
  2895  2052 16544.8239   89  441          - 15621.4033      -   415  287s
  2967  2225 16553.3383   91  434          - 15621.4033      -   413  294s
  3195  2166 16861.2322  101  408          - 15621.4033      -   395  302s
  3219  2181 16983.2695  104  403          - 15621.4033      -   400  307s
  3246  2196 17182.8225  109  429          - 15621.4033      -   404  313s
  3270  2223 17169.7153  116  414          - 15621.4033      -   410  318s
  3305  2249 17317.2191  121  364          - 15621.4033      -   414  324s
