




arguments: ./build/mirp_solver -f ./input/orig_exec_67.cfg
Current dir: /scratch/gui/bnc_mirp
File verbosity level: 9
date       time         ( uptime  ) [ thread name/id ]                   file:line     v| 
2021-01-09 07:10:57.201 (   0.178s) [main thread     ]             loguru.cpp:789   INFO| Logging to './output/vi_vr/OU/V5/Original/execution_09_01_2021_07_10_57.log', mode: 'a', verbosity: 9
--------------------------------------------------------------------------------
Parameters
                           instance_path           ./input/Instances/Original/2/
                            model_policy                                       1
                             nb_vehicles                                       5
                              output_dir          ./output/vi_vr/OU/V5/Original/
                            sec_strategy                                       1
                       solver_nb_threads                                       2
                         solver_show_log                                    true
                       solver_time_limit                                    3600
                              use_vi_cos                                   false
                              use_vi_cus                                   false
                         use_vi_hc1_full                                   false
                         use_vi_hc1_half                                   false
                      use_vi_hc1_quarter                                   false
                              use_vi_hc2                                   false
                              use_vi_hc3                                   false
                         use_vi_lex_full                                   false
                         use_vi_lex_half                                   false
                      use_vi_lex_quarter                                   false
                              use_vi_qua                                   false
                               use_vi_vc                                   false
                               use_vi_vr                                    true
--------------------------------------------------------------------------------
executing instance: ./input/Instances/Original/2/absH3high_3n40.dat
--------------------------------------------------------------------------------
Instance details
n	41
H	3
C	3283
Li:
[0, 0, 0, 0, 0, 0, 0, 0, 0, 0, 0, 0, 0, 0, 0, 0, 0, 0, 0, 0, 0, 0, 0, 0, 0, 0, 0, 0, 0, 0, 0, 0, 0, 0, 0, 0, 0, 0, 0, 0, 0, ]
Ui:
[0, 63, 111, 99, 96, 111, 282, 122, 156, 261, 42, 192, 126, 42, 162, 207, 159, 122, 102, 190, 118, 102, 132, 102, 165, 252, 66, 52, 22, 114, 210, 176, 116, 294, 78, 152, 210, 45, 130, 198, 174, ]
Distance matrix:
|0	208	225	252	227	143	258	127	267	150	28	83	163	286	57	149	201	137	214	255	70	73	107	186	328	266	249	343	222	177	293	144	262	215	167	120	169	218	143	173	255	|
|208	0	397	355	416	198	216	99	211	275	193	172	97	166	240	225	362	109	277	314	182	216	273	374	298	208	319	161	14	103	93	120	58	196	152	156	372	227	260	218	453	|
|225	397	0	427	53	364	482	343	492	129	253	225	382	386	171	188	39	291	187	195	295	182	282	55	326	491	180	551	408	315	457	366	455	275	392	244	221	439	341	214	101	|
|252	355	427	0	401	158	201	263	219	396	234	328	259	498	299	400	420	354	465	506	205	324	152	374	574	219	499	393	366	389	446	235	378	456	205	359	224	150	111	423	400	|
|227	416	53	401	0	357	477	352	489	165	253	245	389	424	179	223	85	315	234	245	293	200	264	42	375	488	231	565	428	344	484	370	474	314	392	270	184	430	325	252	50	|
|143	198	364	158	357	0	121	105	134	290	116	196	103	342	200	276	343	205	343	385	74	210	112	319	432	133	382	265	209	237	290	78	226	313	57	220	232	75	69	292	375	|
|258	216	482	201	477	121	0	168	18	397	230	293	135	381	314	372	459	275	437	480	188	317	228	439	501	18	479	197	222	296	290	132	212	386	95	306	347	58	173	381	496	|
|127	99	343	263	352	105	168	0	171	239	105	130	40	237	173	206	313	109	270	312	84	164	175	310	337	169	313	216	112	135	192	37	142	220	77	138	280	155	162	213	382	|
|267	211	492	219	489	134	18	171	0	404	240	298	136	376	323	376	468	276	441	483	198	324	243	450	500	2	483	181	215	294	281	136	202	386	102	309	363	75	189	384	509	|
|150	275	129	396	165	290	397	239	404	0	175	110	279	259	97	59	91	166	84	116	217	80	245	130	226	402	106	434	286	187	329	269	333	149	302	119	244	364	291	87	213	|
|28	193	253	234	253	116	230	105	240	175	0	94	139	286	84	167	229	136	234	275	43	96	98	212	341	238	271	320	206	175	281	118	244	225	140	128	180	191	124	189	280	|
|83	172	225	328	245	196	293	130	298	110	94	0	169	209	77	80	191	71	147	189	127	45	189	203	247	296	187	327	184	106	241	162	230	132	198	38	242	266	217	96	285	|
|163	97	382	259	389	103	135	40	136	279	139	169	0	253	212	244	353	141	307	349	110	203	194	347	366	133	350	183	107	161	187	27	124	251	56	175	306	133	169	249	418	|
|286	166	386	498	424	342	381	237	376	259	286	209	253	0	284	201	347	151	210	230	299	247	383	387	155	374	242	290	162	112	129	270	192	113	308	172	451	386	391	172	471	|
|57	240	171	299	179	200	314	173	323	97	84	77	212	284	0	112	145	147	170	208	127	38	148	137	299	321	201	386	253	183	315	195	297	195	222	112	171	275	195	142	214	|
|149	225	188	400	223	276	372	206	376	59	167	80	244	201	112	0	149	117	67	110	205	78	254	186	187	374	108	387	235	132	272	240	283	93	277	71	279	346	291	32	270	|
|201	362	39	420	85	343	459	313	468	91	229	191	353	347	145	149	0	254	149	160	272	150	271	66	290	466	146	518	373	278	419	339	420	235	367	207	227	418	327	175	135	|
|137	109	291	354	315	205	275	109	276	166	136	71	141	151	147	117	254	0	172	212	151	116	232	273	229	274	215	270	119	39	170	145	167	111	186	47	305	263	245	113	356	|
|214	277	187	465	234	343	437	270	441	84	234	147	307	210	170	67	149	172	0	42	272	141	317	205	144	439	43	437	284	175	307	305	331	99	343	132	327	413	357	60	283	|
|255	314	195	506	245	385	480	312	483	116	275	189	349	230	208	110	160	212	42	0	314	182	356	222	132	481	15	474	321	212	337	347	367	126	385	174	358	455	398	100	295	|
|70	182	295	205	293	74	188	84	198	217	43	127	110	299	127	205	272	151	272	314	0	137	91	253	370	196	310	292	195	188	274	85	226	252	99	155	197	148	94	223	316	|
|73	216	182	324	200	210	317	164	324	80	96	45	203	247	38	78	150	116	141	182	137	0	176	158	263	323	176	369	229	150	286	191	274	157	223	77	208	284	216	106	239	|
|107	273	282	152	264	112	228	175	243	245	98	189	194	383	148	254	271	232	317	356	91	176	0	231	435	242	349	371	286	271	365	167	315	321	164	224	120	174	61	280	274	|
|186	374	55	374	42	319	439	310	450	130	212	203	347	387	137	186	66	273	205	222	253	158	231	0	348	448	208	523	386	303	442	329	431	279	352	229	167	392	291	217	85	|
|328	298	326	574	375	432	501	337	500	226	341	247	366	155	299	187	290	229	144	132	370	263	435	348	0	498	147	441	299	206	283	374	338	119	414	215	465	492	463	157	425	|
|266	208	491	219	488	133	18	169	2	402	238	296	133	374	321	374	466	274	439	481	196	323	242	448	498	0	481	180	213	292	278	134	200	384	100	307	362	75	188	381	508	|
|249	319	180	499	231	382	479	313	483	106	271	187	350	242	201	108	146	215	43	15	310	176	349	208	147	481	0	480	326	217	346	347	373	135	385	175	347	454	392	103	280	|
|343	161	551	393	565	265	197	216	181	434	320	327	183	290	386	387	518	270	437	474	292	369	371	523	441	180	480	0	153	263	163	207	107	352	208	317	487	244	334	379	598	|
|222	14	408	366	428	209	222	112	215	286	206	184	107	162	253	235	373	119	284	321	195	229	286	386	299	213	326	153	0	109	81	132	48	201	162	167	386	236	272	226	466	|
|177	103	315	389	344	237	296	135	294	187	175	106	161	112	183	132	278	39	175	212	188	150	271	303	206	292	217	263	109	0	142	171	156	95	211	74	344	289	281	118	386	|
|293	93	457	446	484	290	290	192	281	329	281	241	187	129	315	272	419	170	307	337	274	286	365	442	283	278	346	163	81	142	0	212	79	211	241	214	461	311	353	254	525	|
|144	120	366	235	370	78	132	37	136	269	118	162	27	270	195	240	339	145	305	347	85	191	167	329	374	134	347	207	132	171	212	0	151	257	40	174	280	119	142	248	398	|
|262	58	455	378	474	226	212	142	202	333	244	230	124	192	297	283	420	167	331	367	226	274	315	431	338	200	373	107	48	156	79	151	0	245	173	214	421	237	293	273	510	|
|215	196	275	456	314	313	386	220	386	149	225	132	251	113	195	93	235	111	99	126	252	157	321	279	119	384	135	352	201	95	211	257	245	0	297	97	365	374	345	62	362	|
|167	152	392	205	392	57	95	77	102	302	140	198	56	308	222	277	367	186	343	385	99	223	164	352	414	100	385	208	162	211	241	40	173	297	0	213	283	79	126	287	415	|
|120	156	244	359	270	220	306	138	309	119	128	38	175	172	112	71	207	47	132	174	155	77	224	229	215	307	175	317	167	74	214	174	214	97	213	0	280	286	248	75	313	|
|169	372	221	224	184	232	347	280	363	244	180	242	306	451	171	279	227	305	327	358	197	208	120	167	465	362	347	487	386	344	461	280	421	365	283	280	0	291	175	310	176	|
|218	227	439	150	430	75	58	155	75	364	191	266	133	386	275	346	418	263	413	455	148	284	174	392	492	75	454	244	236	289	311	119	237	374	79	286	291	0	116	359	445	|
|143	260	341	111	325	69	173	162	189	291	124	217	169	391	195	291	327	245	357	398	94	216	61	291	463	188	392	334	272	281	353	142	293	345	126	248	175	116	0	313	335	|
|173	218	214	423	252	292	381	213	384	87	189	96	249	172	142	32	175	113	60	100	223	106	280	217	157	381	103	379	226	118	254	248	273	62	287	75	310	359	313	0	300	|
|255	453	101	400	50	375	496	382	509	213	280	285	418	471	214	270	135	356	283	295	316	239	274	85	425	508	280	598	466	386	525	398	510	362	415	313	176	445	335	300	0	|

--------------------------------------------------------------------------------
Building model...
	using lazy and cut (CVRPSEP package)
Solving IRP LP...
--------------------------------------------------------------------------------

Gurobi 9.1.0 (linux64) logging started Sat Jan  9 07:10:57 2021

Gurobi Optimizer version 9.1.0 build v9.1.0rc0 (linux64)
Thread count: 32 physical cores, 32 logical processors, using up to 2 threads
Optimize a model with 2237 rows, 13679 columns and 31190 nonzeros
Model fingerprint: 0x5fe866f4
Variable types: 764 continuous, 12915 integer (615 binary)
Coefficient statistics:
  Matrix range     [1e+00, 7e+02]
  Objective range  [1e-01, 6e+02]
  Bounds range     [1e+00, 3e+02]
  RHS range        [1e+01, 6e+03]
Presolve removed 807 rows and 791 columns
Presolve time: 0.07s
Presolved: 1430 rows, 12888 columns, 28136 nonzeros
Variable types: 698 continuous, 12190 integer (11607 binary)

Root relaxation: objective 1.243440e+04, 1624 iterations, 0.04 seconds

    Nodes    |    Current Node    |     Objective Bounds      |     Work
 Expl Unexpl |  Obj  Depth IntInf | Incumbent    BestBd   Gap | It/Node Time

     0     0 12434.4040    0  146          - 12434.4040      -     -    0s
     0     0 12872.7323    0  177          - 12872.7323      -     -    0s
     0     0 12877.1201    0  164          - 12877.1201      -     -    0s
     0     0 12877.9004    0  173          - 12877.9004      -     -    0s
     0     0 13311.4026    0  201          - 13311.4026      -     -    1s
     0     0 13359.4790    0  227          - 13359.4790      -     -    1s
     0     0 13362.3249    0  197          - 13362.3249      -     -    1s
     0     0 13362.3669    0  206          - 13362.3669      -     -    1s
     0     0 13630.3347    0  220          - 13630.3347      -     -    1s
     0     0 13642.7289    0  257          - 13642.7289      -     -    1s
     0     0 13645.2467    0  222          - 13645.2467      -     -    1s
     0     0 13664.6302    0  256          - 13664.6302      -     -    1s
     0     0 13668.4126    0  251          - 13668.4126      -     -    1s
     0     0 13668.5439    0  268          - 13668.5439      -     -    1s
     0     0 13734.5320    0  275          - 13734.5320      -     -    2s
     0     0 13743.3821    0  231          - 13743.3821      -     -    2s
     0     0 13743.3821    0  243          - 13743.3821      -     -    2s
     0     0 13770.4990    0  233          - 13770.4990      -     -    2s
     0     0 13776.1558    0  263          - 13776.1558      -     -    3s
     0     0 13779.0307    0  283          - 13779.0307      -     -    3s
     0     0 13786.4759    0  281          - 13786.4759      -     -    3s
     0     0 13787.0448    0  299          - 13787.0448      -     -    4s
     0     0 13867.3235    0  296          - 13867.3235      -     -    4s
     0     0 13873.2685    0  210          - 13873.2685      -     -    5s
     0     0 13877.5523    0  306          - 13877.5523      -     -    5s
     0     0 13877.9731    0  316          - 13877.9731      -     -    5s
     0     0 13924.2157    0  314          - 13924.2157      -     -    5s
     0     0 13944.7457    0  329          - 13944.7457      -     -    6s
     0     0 13945.5590    0  302          - 13945.5590      -     -    6s
     0     0 13965.3470    0  322          - 13965.3470      -     -    6s
     0     0 13967.9651    0  318          - 13967.9651      -     -    6s
     0     0 13968.4727    0  378          - 13968.4727      -     -    6s
     0     0 13971.2441    0  388          - 13971.2441      -     -    7s
     0     0 13971.2441    0  348          - 13971.2441      -     -    7s
     0     2 13976.2787    0  348          - 13976.2787      -     -    8s
    13    17 13993.5987    4  280          - 13987.7090      -   401   10s
    62    70 14049.8363   21  416          - 13992.2477      -   407   15s
   120   127 14158.4917   36  271          - 13992.2477      -   406   20s
   166   180 14351.2101   48  244          - 13992.2477      -   401   25s
   218   237 14657.1168   63  246          - 13992.2477      -   388   30s
   284   312 14994.7306   85  205          - 13992.2477      -   352   35s
   429   454 15671.3421  154  112          - 13992.2477      -   285   40s
   665   793 16984.4980  233   46          - 13992.2477      -   213   45s
   915   870 14040.3151    4  446          - 13992.2477      -   164   50s
*  926   847             288    17423.210000 13992.2477  19.7%   163   50s
   938   844 14967.7765  103  156 17423.2100 13992.2477  19.7%   164   55s
   939   845 15259.6770  116  178 17423.2100 13992.2477  19.7%   163   60s
   951   853 14659.0493   66  547 17423.2100 14084.5799  19.2%   161   65s
   962   860 15196.4855   96  583 17423.2100 14115.4660  19.0%   160   70s
   975   869 14152.7020   40  635 17423.2100 14129.8086  18.9%   157   75s
   988   878 17359.0900  277  604 17423.2100 14136.8079  18.9%   155   80s
   997   884 17329.2350  277  694 17423.2100 14142.0821  18.8%   154   85s
H 1007   847                    17257.320000 14143.1298  18.0%   174   89s
  1009   848 16882.8116  223  195 17257.3200 14143.1298  18.0%   174   91s
  1022   857 14862.9275   83  660 17257.3200 14143.4221  18.0%   172   96s
H 1029   817                    17238.480000 14147.5676  17.9%   171  100s
  1040   825 16683.7253  215  606 17238.4800 14149.5179  17.9%   169  105s
  1044   830 14156.0895   27  511 17238.4800 14152.4235  17.9%   183  110s
  1064   844 14182.0623   32  445 17238.4800 14168.1544  17.8%   194  115s
  1088   861 14180.5634   38  441 17238.4800 14180.5634  17.7%   202  120s
  1119   885 14196.3164   46  426 17238.4800 14181.7068  17.7%   211  125s
H 1131   848                    17235.480000 14181.7068  17.7%   215  127s
  1151   869 14277.9475   53  425 17235.4800 14181.7068  17.7%   222  130s
  1174   887 14257.2272   60  506 17235.4800 14181.7068  17.7%   230  135s
H 1191   851                    17224.360000 14181.7068  17.7%   232  136s
  1219   873 14279.3776   70  390 17224.3600 14181.7068  17.7%   238  141s
  1260   900 14302.0526   79  450 17224.3600 14181.7068  17.7%   244  147s
  1287   919 14308.7745   85  417 17224.3600 14181.7068  17.7%   248  151s
  1323   940 14333.8911   92  413 17224.3600 14181.7068  17.7%   252  155s
  1374   981 14357.1913  102  419 17224.3600 14181.7068  17.7%   258  162s
  1400   999 14373.1414  106  382 17224.3600 14181.7068  17.7%   258  165s
  1458  1043 14411.1274  115  391 17224.3600 14181.7068  17.7%   260  170s
  1529  1093 14523.9020  124  292 17224.3600 14181.7068  17.7%   261  177s
  1563  1117 14511.1374  128  275 17224.3600 14181.7068  17.7%   260  181s
  1639  1177 14664.7062  140  334 17224.3600 14181.7068  17.7%   262  188s
  1684  1217 14686.3958  146  340 17224.3600 14181.7068  17.7%   262  191s
  1739  1257 14708.0960  151  301 17224.3600 14181.7068  17.7%   260  195s
  1835  1278 16372.3934  285  115 17224.3600 14181.7068  17.7%   259  200s
  1885  1360 14841.8132  166  358 17224.3600 14181.7068  17.7%   257  208s
  1968  1333 14786.9580  172  357 17224.3600 14181.7068  17.7%   254  212s
  1993  1338 14824.1388  176  338 17224.3600 14181.7068  17.7%   256  215s
  2027  1359 14868.8177  187  359 17224.3600 14181.7068  17.7%   262  230s
  2055  1398 14978.0862  196  323 17224.3600 14181.7068  17.7%   266  237s
  2087  1427 14998.5584  205  345 17224.3600 14181.7068  17.7%   269  241s
  2126  1444 15045.0496  214  351 17224.3600 14181.7068  17.7%   271  248s
  2156  1485 15139.8383  220  312 17224.3600 14181.7068  17.7%   272  257s
  2209  1524 15194.8025  235  271 17224.3600 14181.7068  17.7%   273  262s
  2268  1581 15288.9231  251  237 17224.3600 14181.7068  17.7%   274  266s
  2345  1648 15504.3836  276  247 17224.3600 14181.7068  17.7%   273  272s
  2441  1693 15561.8978  299  263 17224.3600 14181.7068  17.7%   270  278s
  2519  1777 15693.7489  318  246 17224.3600 14181.7068  17.7%   270  284s
  2566  1761 15989.5825  341  176 17224.3600 14181.7068  17.7%   269  285s
  2629  1881 16035.2928  344  229 17224.3600 14181.7068  17.7%   267  291s
  2770  1961 16914.8067  381  158 17224.3600 14182.0639  17.7%   262  299s
  2807  1949 17117.3602  400  163 17224.3600 14182.0639  17.7%   259  300s
  2928  1958 14322.5423   36  509 17224.3600 14182.0639  17.7%   256  307s
  2984  2079 14355.4049   40  459 17224.3600 14182.0639  17.7%   255  315s
  3169  2051 14409.8376   45  354 17224.3600 14182.0639  17.7%   247  321s
  3202  2067 14510.6595   55  264 17224.3600 14182.0639  17.7%   250  327s
  3229  2082 14501.7117   62  285 17224.3600 14182.0639  17.7%   252  334s
  3253  2106 14566.0583   64  313 17224.3600 14182.0639  17.7%   253  339s
  3272  2100 14558.1698   60  295 17224.3600 14182.0639  17.7%   254  340s
  3285  2140 14599.8742   76  319 17224.3600 14182.0639  17.7%   256  345s
  3326  2198 14660.1775   81  244 17224.3600 14182.0639  17.7%   258  351s
  3384  2276 14749.4025   95  245 17224.3600 14182.0639  17.7%   260  358s
  3462  2347 15062.9068  104  270 17224.3600 14182.0639  17.7%   261  366s
  3533  2420 15187.5288  108  172 17224.3600 14182.0639  17.7%   263  373s
  3606  2562 15484.7302  124  132 17224.3600 14182.0639  17.7%   265  382s
  3748  2732 15879.1205  155  112 17224.3600 14182.0639  17.7%   263  391s
  3918  2833 16304.9267  182  120 17224.3600 14182.0639  17.7%   260  402s
  4019  3096 16327.1742  193   93 17224.3600 14182.0639  17.7%   259  414s
  4084  3096 16516.5473  213   84 17224.3600 14182.0639  17.7%   257  415s
  4290  3206 infeasible  233      17224.3600 14182.0788  17.7%   252  427s
  4428  3389 14345.1993   38  565 17224.3600 14182.0788  17.7%   251  439s
  4498  3389 16611.3061  266   39 17224.3600 14182.0788  17.7%   251  440s
  4657  3401 14438.5154   46  465 17224.3600 14182.0788  17.7%   246  450s
  4673  3437 14447.9644   45  507 17224.3600 14182.0788  17.7%   247  458s
  4709  3495 14496.1018   52  483 17224.3600 14182.0788  17.7%   250  468s
  4767  3644 14659.3039   59  390 17224.3600 14182.0788  17.7%   250  479s
  4791  3644 15446.6286  107  220 17224.3600 14182.0788  17.7%   251  480s
  4932  3700 14632.7786   70  276 17224.3600 14182.0788  17.7%   248  491s
  4989  3784 14812.6573   86  334 17224.3600 14182.0788  17.7%   250  501s
  5073  3912 14926.0133   93  232 17224.3600 14182.0788  17.7%   250  514s
  5215  3921 17092.2200  196    4 17224.3600 14182.0788  17.7%   247  516s
  5245  4010 15026.7764  109  305 17224.3600 14182.0788  17.7%   247  527s
  5323  4115 15221.9867  130  183 17224.3600 14182.0788  17.7%   248  538s
  5428  4321 15400.3293  159  146 17224.3600 14182.0788  17.7%   249  552s
  5615  4321 14857.2756   75  233 17224.3600 14182.0788  17.7%   246  555s
  5634  4487 15865.2196  206   51 17224.3600 14188.6556  17.6%   246  568s
  5745  4487 16517.1126  238   36 17224.3600 14188.6556  17.6%   244  570s
  5838  4588 14423.2694   45  397 17224.3600 14188.6556  17.6%   244  583s
  5939  4895 14869.6506   87  307 17224.3600 14188.6556  17.6%   245  600s
  6249  5060 16220.8221  215   93 17224.3600 14188.9781  17.6%   240  616s
  6509  5112 14555.5045   35  318 17224.3600 14192.4701  17.6%   236  631s
  6571  5251 14717.0548   43  315 17224.3600 14192.4701  17.6%   238  647s
  6760  5408 15055.0386   52  226 17224.3600 14192.4701  17.6%   236  662s
  6913  5572 16477.6388   83  100 17224.3600 14194.2053  17.6%   236  677s
  7119  5749 14794.0764   53  197 17224.3600 14209.8932  17.5%   234  693s
  7285  5750 17108.7817  188   30 17224.3600 14210.0637  17.5%   231  695s
  7323  5783     cutoff  170      17224.3600 14214.0937  17.5%   231  708s
  7363  5817 14434.4275   47  389 17224.3600 14214.1135  17.5%   234  722s
  7397  5865 14514.7228   52  351 17224.3600 14214.1135  17.5%   237  739s
  7424  5865 14459.4297   59  515 17224.3600 14214.1135  17.5%   238  740s
  7445  5959 14663.7524   64  300 17224.3600 14214.1135  17.5%   239  756s
  7539  6189 14896.5214   90   91 17224.3600 14217.8795  17.5%   241  777s
  7803  6300 14378.8931   43  397 17224.3600 14217.8795  17.5%   239  795s
  7914  6631 15180.8735   90  206 17224.3600 14218.4840  17.5%   241  815s
  8282  6778 14627.3469   59  283 17224.3600 14218.4840  17.5%   237  835s
  8507  6832 17118.8786  180   14 17224.3600 14221.7054  17.4%   234  854s
  8544  6832 16758.6800  209    8 17224.3600 14221.7054  17.4%   234  855s
  8546  7008 14789.3593   72  275 17224.3600 14228.5995  17.4%   234  870s
  8790  7213 14453.3618   44  306 17224.3600 14233.0114  17.4%   233  893s
H 8843  7190                    17174.020000 14233.0114  17.1%   233  893s
  8971  7199     cutoff  210      17174.0200 14233.0114  17.1%   230  895s
  9036  7300     cutoff  207      17174.0200 14234.0002  17.1%   231  909s
  9073  7300 14696.7286   79  363 17174.0200 14234.0002  17.1%   232  910s
  9149  7487 14697.0716   80  338 17174.0200 14234.1154  17.1%   232  925s
  9340  7719 17104.1059  224   11 17174.0200 14236.4015  17.1%   232  945s
  9621  7795     cutoff  227      17174.0200 14237.3322  17.1%   230  962s
* 9654  7646             217    17019.020000 14240.6787  16.3%   231  962s
  9698  7793 14753.6493   62  321 17019.0200 14243.8818  16.3%   232  981s
  9880  7890 infeasible  197      17019.0200 14251.2629  16.3%   231  999s
  9971  7890 15417.4754  102  145 17019.0200 14251.7202  16.3%   233 1000s
  9980  8066 15337.2853   78  189 17019.0200 14253.2444  16.3%   233 1016s
 10190  8222 14930.2915   68  263 17019.0200 14255.3842  16.2%   232 1034s
 10237  8222 15544.2217  115   40 17019.0200 14255.3842  16.2%   232 1035s
 10356  8434 14878.0569   73  232 17019.0200 14257.4992  16.2%   233 1052s
 10616  8542     cutoff  167      17019.0200 14262.0938  16.2%   231 1073s
 10739  8663 14741.8294   63  406 17019.0200 14274.1041  16.1%   232 1093s
 10860  8864 16418.6543  147   68 17019.0200 14274.1774  16.1%   232 1111s
 11095  9059 15426.4238  128  141 17019.0200 14277.6771  16.1%   231 1131s
 11328  9110 infeasible  183      17019.0200 14278.0315  16.1%   231 1149s
 11386  9168 14636.1620   71  386 17019.0200 14278.0356  16.1%   233 1166s
 11444  9258 14785.9651   80  327 17019.0200 14278.0356  16.1%   235 1183s
 11534  9403 15003.3370   98  289 17019.0200 14278.0356  16.1%   237 1201s
 11681  9741 15209.8523  112  216 17019.0200 14278.0356  16.1%   238 1226s
 12091  9960 15920.2507  156   86 17019.0200 14278.0598  16.1%   235 1248s
 12395 10054 14365.4367   38  544 17019.0200 14278.6565  16.1%   233 1268s
 12481 10172 14464.3548   45  448 17019.0200 14278.6565  16.1%   234 1286s
 12654 10317 14612.6262   57  333 17019.0200 14278.6565  16.1%   234 1306s
 12814 10418 14781.0559   74  262 17019.0200 14278.6565  16.1%   235 1324s
 12857 10418 15076.3307   96  118 17019.0200 14278.6565  16.1%   235 1325s
 12918 10636 15193.9063  104  122 17019.0200 14281.2460  16.1%   236 1347s
 13086 10636 16049.8363  188   21 17019.0200 14281.2460  16.1%   235 1350s
 13172 10779     cutoff  211      17019.0200 14284.6977  16.1%   235 1368s
 13344 10936 14446.6355   42  356 17019.0200 14286.1037  16.1%   235 1388s
 13482 10936 15934.8937   82   83 17019.0200 14286.1037  16.1%   235 1390s
 13500 11121 14963.8368   58  226 17019.0200 14286.1037  16.1%   235 1409s
 13522 11121 15387.1607   68  124 17019.0200 14286.1037  16.1%   235 1410s
 13710 11301 16559.8929  106   32 17019.0200 14286.1635  16.1%   234 1431s
 13946 11375 14596.5641   52  362 17019.0200 14287.3407  16.1%   233 1449s
 14020 11534 15317.1109  103  116 17019.0200 14287.3472  16.1%   234 1466s
 14213 11692 infeasible  199      17019.0200 14288.0290  16.0%   234 1485s
 14386 11887 15814.3212  111  175 17019.0200 14288.6295  16.0%   234 1504s
 14407 11887 16200.0685  132  103 17019.0200 14288.6295  16.0%   234 1505s
 14614 12044 14829.2300   56  187 17019.0200 14291.6329  16.0%   233 1525s
 14789 12178     cutoff  177      17019.0200 14292.0492  16.0%   233 1544s
 14814 12178 15104.9518   74  255 17019.0200 14294.0829  16.0%   234 1545s
 14941 12231 14559.8327   74  433 17019.0200 14294.0829  16.0%   234 1561s
 14994 12315 14735.5003   83  325 17019.0200 14294.0829  16.0%   235 1578s
 15078 12642 14909.2196   97  292 17019.0200 14294.0829  16.0%   237 1600s
 15439 12893 15324.4364  124  143 17019.0200 14294.3447  16.0%   235 1623s
 15613 12895 15972.2484  199   13 17019.0200 14294.3447  16.0%   235 1625s
 15762 13080     cutoff  214      17019.0200 14295.2139  16.0%   234 1647s
 15977 13225 15175.3129   98  295 17019.0200 14296.7589  16.0%   234 1666s
 16137 13378     cutoff  203      17019.0200 14298.0914  16.0%   234 1685s
 16303 13532 14997.5979   65  227 17019.0200 14299.3118  16.0%   234 1705s
 16475 13613 14503.1776   48  427 17019.0200 14300.5076  16.0%   234 1723s
 16554 13789 14791.3585   62  243 17019.0200 14300.5076  16.0%   235 1741s
 16730 14182 14968.3683   86  206 17019.0200 14300.5076  16.0%   236 1765s
 17119 14195 16404.8429  193   26 17019.0200 14300.5076  16.0%   233 1770s
 17171 14432 16230.3670  167   51 17019.0200 14303.3563  16.0%   233 1787s
 17461 14432 16736.2453  182   38 17019.0200 14303.3706  16.0%   232 1790s
 17467 14590 15471.7877   89  118 17019.0200 14303.5136  16.0%   232 1806s
 17682 14627 16928.4674  171   11 17019.0200 14304.9331  15.9%   232 1928s
 17722 14701     cutoff  174      17019.0200 14305.1837  15.9%   233 1945s
 17797 14837 15095.4621   78  247 17019.0200 14305.2071  15.9%   234 1963s
 17958 15029 14778.1487   53  336 17019.0200 14306.4531  15.9%   235 1983s
 18168 15175 14544.0991   42  330 17019.0200 14306.4531  15.9%   235 2002s
 18375 15253 14652.6644   48  289 17019.0200 14306.4531  15.9%   234 2020s
 18451 15416 14801.8633   55  167 17019.0200 14306.4531  15.9%   236 2039s
 18550 15416 15780.5893  110   75 17019.0200 14306.4531  15.9%   236 2040s
 18637 15514 14972.6039   74  170 17019.0200 14306.4531  15.9%   236 2058s
 18735 15745 15088.6022   87  161 17019.0200 14306.4531  15.9%   237 2077s
 18945 15745 16660.3464  151   43 17019.0200 14306.4531  15.9%   236 2080s
 18975 15924 15470.6670  124  110 17019.0200 14308.7172  15.9%   236 2099s
 19080 15924 15798.3184  152   61 17019.0200 14308.7172  15.9%   236 2100s
 19223 16122 16996.3891  173   33 17019.0200 14309.0532  15.9%   236 2121s
 19462 16222 17010.3700  173    6 17019.0200 14309.1035  15.9%   235 2140s
 19565 16402 infeasible  174      17019.0200 14309.2789  15.9%   236 2159s
 19621 16402 15441.4082  116   57 17019.0200 14309.2789  15.9%   236 2160s
 19781 16517 14416.7065   42  541 17019.0200 14309.7432  15.9%   236 2178s
 19912 16584 14673.6218   54  336 17019.0200 14309.7432  15.9%   237 2197s
 19993 16741 14692.0344   64  324 17019.0200 14309.7432  15.9%   237 2215s
 20174 16906 15017.2834   81  239 17019.0200 14309.7432  15.9%   238 2235s
 20339 17251 15496.6257  136   31 17019.0200 14310.2580  15.9%   238 2256s
 20730 17277 16094.0100  165    - 17019.0200 14310.2701  15.9%   237 2260s
 20820 17328     cutoff  197      17019.0200 14310.7259  15.9%   236 2276s
 20881 17477 14965.2777   88  238 17019.0200 14310.9715  15.9%   237 2294s
 20945 17477 15430.2420  109  128 17019.0200 14310.9715  15.9%   237 2295s
 21032 17708 15932.6023  122   79 17019.0200 14311.0861  15.9%   238 2315s
 21298 17854 infeasible  167      17019.0200 14311.6192  15.9%   237 2335s
 21474 18049 14794.0399   63  361 17019.0200 14313.6838  15.9%   237 2354s
 21504 18049 15188.6028   93  164 17019.0200 14313.6838  15.9%   237 2355s
 21710 18132 14538.1759   50  471 17019.0200 14313.7041  15.9%   237 2373s
 21794 18330 15244.2613   89   58 17019.0200 14314.5490  15.9%   238 2393s
 22070 18486     cutoff  166      17019.0200 14314.7496  15.9%   237 2414s
 22104 18486 14832.1537   68  319 17019.0200 14314.7496  15.9%   237 2415s
 22245 18545 15136.8645   74  252 17019.0200 14314.8550  15.9%   237 2444s
 22267 18545 15567.9198   96   75 17019.0200 14314.8550  15.9%   237 2445s
 22301 18747 15791.1977  110   61 17019.0200 14314.9624  15.9%   237 2463s
 22445 18747 15655.6514  142   73 17019.0200 14315.0457  15.9%   237 2465s
 22568 18845 15103.8506   89  289 17019.0200 14315.0457  15.9%   237 2483s
 22669 19006 16179.1060  117   95 17019.0200 14316.2633  15.9%   238 2501s
 22860 19269 14929.7249   57  253 17019.0200 14316.4732  15.9%   238 2522s
 23164 19392     cutoff  150      17019.0200 14317.9508  15.9%   237 2542s
 23314 19623 15516.3315   90   97 17019.0200 14319.2075  15.9%   238 2563s
 23567 19683 infeasible  149      17019.0200 14321.3126  15.9%   237 2749s
 23637 19886 14819.5405   67  349 17019.0200 14321.3630  15.9%   237 2770s
 23882 19968     cutoff  161      17019.0200 14322.4480  15.8%   237 2792s
 23960 20191 15114.3689   71  251 17019.0200 14323.7811  15.8%   238 2815s
 24235 20459 16879.4921  187   39 17019.0200 14325.8024  15.8%   237 2838s
 24534 20552     cutoff  200      17019.0200 14327.2152  15.8%   236 2859s
 24569 20552 15322.1806   65  282 17019.0200 14327.2152  15.8%   237 2860s
 24624 20765 15322.7304   66  259 17019.0200 14328.0538  15.8%   237 2880s
 24870 20909 16920.6539  134   66 17019.0200 14330.8093  15.8%   237 2902s
 25048 21011 15890.7656  109  129 17019.0200 14332.0212  15.8%   237 2922s
 25169 21213 15010.4305   71  220 17019.0200 14332.6799  15.8%   237 2943s
 25398 21435 14694.4656   48  348 17019.0200 14332.9001  15.8%   237 2967s
 25672 21560 14774.0871   44  229 17019.0200 14333.5948  15.8%   237 2989s
 25736 21562 15915.3162  105   24 17019.0200 14333.5948  15.8%   236 2990s
 25821 21810 16784.6120  118   67 17019.0200 14333.9633  15.8%   237 3010s
 26118 21960     cutoff  155      17019.0200 14337.6492  15.8%   236 3032s
 26285 22170 15547.9689   93  149 17019.0200 14339.1014  15.7%   236 3053s
 26541 22350     cutoff  170      17019.0200 14339.7067  15.7%   236 3074s
 26580 22350 15271.4142   70  120 17019.0200 14339.7067  15.7%   236 3075s
 26723 22566 15891.2861  136   29 17019.0200 14339.8083  15.7%   236 3095s
 27001 22782 14611.7795   72  422 17019.0200 14340.2325  15.7%   235 3118s
 27230 22937 14479.4571   41  382 17019.0200 14340.5223  15.7%   235 3139s
 27270 22937 15407.7228   81  161 17019.0200 14340.5223  15.7%   236 3140s
 27419 23085 15425.3710   83  154 17019.0200 14341.1136  15.7%   235 3161s
 27586 23276 15002.9406   73  281 17019.0200 14341.8416  15.7%   235 3182s
 27803 23393 14620.9711   41  311 17019.0200 14341.8725  15.7%   236 3205s
 28001 23536     cutoff  107      17019.0200 14342.0875  15.7%   235 3226s
 28162 23694 14611.6401   82  384 17019.0200 14342.6675  15.7%   236 3247s
 28372 23848     cutoff  204      17019.0200 14343.7003  15.7%   235 3270s
 28564 23990 14725.8123   47  295 17019.0200 14343.9449  15.7%   235 3293s
 28711 24172 15474.9947   95   79 17019.0200 14345.0129  15.7%   236 3313s
 28920 24410 15341.2518   93  165 17019.0200 14345.2277  15.7%   236 3335s
 29201 24627 15367.5350   71  170 17019.0200 14345.3527  15.7%   235 3360s
 29433 24865     cutoff  130      17019.0200 14345.4401  15.7%   235 3387s
 29704 24943 14926.7331   94  307 17019.0200 14345.4676  15.7%   235 3408s
 29772 25168 15138.6372  106  209 17019.0200 14345.4676  15.7%   236 3429s
H29774 23470                    16687.580000 14345.4676  14.0%   236 3429s
 29858 23470 15404.2415  135  120 16687.5800 14345.4676  14.0%   236 3430s
 30011 23755 16486.8080  168   51 16687.5800 14345.7017  14.0%   236 3454s
 30076 23755 15207.8064   81   83 16687.5800 14345.7017  14.0%   236 3455s
 30368 23920 15560.6000  109   96 16687.5800 14346.4844  14.0%   235 3475s
 30583 24133 infeasible  183      16687.5800 14346.8357  14.0%   235 3496s
 30840 24258 15443.2643  120   83 16687.5800 14347.2572  14.0%   234 3517s
 30978 24441 15756.9563  100   63 16687.5800 14348.1265  14.0%   235 3536s
 31201 24530 14654.9844   52  312 16687.5800 14348.1283  14.0%   234 3556s
 31291 24681 15324.0256   68  198 16687.5800 14348.1283  14.0%   235 3575s
 31463 24815 16192.5278  100   59 16687.5800 14348.6846  14.0%   235 3597s
 31635 24816 14706.2980   55  267 16687.5800 14349.1803  14.0%   235 3600s

Cutting planes:
  User: 4966
  Gomory: 38
  Cover: 485
  Implied bound: 69
  Clique: 3
  MIR: 240
  Flow cover: 537
  Zero half: 23
  RLT: 315
  Relax-and-lift: 9
  Lazy constraints: 3519

Explored 31637 nodes (7466336 simplex iterations) in 3600.04 seconds
Thread count was 2 (of 32 available processors)

Solution count 8: 16687.6 17019 17174 ... 17423.2

Time limit reached
Best objective 1.668758000000e+04, best bound 1.434918029387e+04, gap 14.0128%

User-callback calls 424605, time in user-callback 253.98 sec
================================================================================
executing instance: ./input/Instances/Original/2/absH3high_4n10.dat
--------------------------------------------------------------------------------
Instance details
n	11
H	3
C	822
Li:
[0, 0, 0, 0, 0, 0, 0, 0, 0, 0, 0, ]
Ui:
[0, 102, 52, 88, 182, 153, 138, 38, 165, 297, 86, ]
Distance matrix:
|0	285	411	382	327	239	148	256	307	36	383	|
|285	0	352	98	249	103	227	235	120	268	209	|
|411	352	0	395	106	430	263	549	234	429	174	|
|382	98	395	0	302	173	320	288	168	364	227	|
|327	249	106	302	0	324	179	444	135	339	109	|
|239	103	430	173	324	0	241	132	212	212	305	|
|148	227	263	320	179	241	0	325	192	165	249	|
|256	235	549	288	444	132	325	0	342	220	436	|
|307	120	234	168	135	212	192	342	0	304	94	|
|36	268	429	364	339	212	165	220	304	0	386	|
|383	209	174	227	109	305	249	436	94	386	0	|

--------------------------------------------------------------------------------
Building model...
	using lazy and cut (CVRPSEP package)
Solving IRP LP...
--------------------------------------------------------------------------------

Gurobi 9.1.0 (linux64) logging started Sat Jan  9 08:10:58 2021

Gurobi Optimizer version 9.1.0 build v9.1.0rc0 (linux64)
Thread count: 32 physical cores, 32 logical processors, using up to 2 threads
Optimize a model with 587 rows, 1184 columns and 3350 nonzeros
Model fingerprint: 0x8b250d84
Variable types: 194 continuous, 990 integer (165 binary)
Coefficient statistics:
  Matrix range     [1e+00, 3e+02]
  Objective range  [2e-01, 5e+02]
  Bounds range     [1e+00, 3e+02]
  RHS range        [2e+01, 1e+03]
Presolve removed 233 rows and 218 columns
Presolve time: 0.01s
Presolved: 354 rows, 966 columns, 2468 nonzeros
Variable types: 162 continuous, 804 integer (672 binary)
Found heuristic solution: objective 7309.2800000

Root relaxation: objective 4.545917e+03, 533 iterations, 0.01 seconds

    Nodes    |    Current Node    |     Objective Bounds      |     Work
 Expl Unexpl |  Obj  Depth IntInf | Incumbent    BestBd   Gap | It/Node Time

     0     0 4545.91693    0   53 7309.28000 4545.91693  37.8%     -    0s
     0     0 4774.71800    0   72 7309.28000 4774.71800  34.7%     -    0s
     0     0 4795.35865    0   75 7309.28000 4795.35865  34.4%     -    0s
     0     0 4864.04275    0   90 7309.28000 4864.04275  33.5%     -    0s
     0     0 4864.25609    0   86 7309.28000 4864.25609  33.5%     -    0s
     0     0 5068.23945    0   73 7309.28000 5068.23945  30.7%     -    0s
     0     0 5108.67191    0   81 7309.28000 5108.67191  30.1%     -    0s
     0     0 5115.72695    0   90 7309.28000 5115.72695  30.0%     -    0s
     0     0 5116.31037    0   90 7309.28000 5116.31037  30.0%     -    0s
     0     0 5116.31037    0   91 7309.28000 5116.31037  30.0%     -    0s
     0     0 5163.10098    0   82 7309.28000 5163.10098  29.4%     -    0s
     0     0 5168.39197    0   96 7309.28000 5168.39197  29.3%     -    0s
     0     0 5172.59809    0   97 7309.28000 5172.59809  29.2%     -    0s
     0     0 5172.69865    0   86 7309.28000 5172.69865  29.2%     -    0s
     0     0 5201.43103    0  101 7309.28000 5201.43103  28.8%     -    0s
     0     0 5222.46297    0  103 7309.28000 5222.46297  28.6%     -    0s
     0     0 5222.46297    0  107 7309.28000 5222.46297  28.6%     -    0s
     0     0 5278.58986    0  115 7309.28000 5278.58986  27.8%     -    0s
     0     0 5284.26768    0  122 7309.28000 5284.26768  27.7%     -    0s
     0     0 5284.98124    0  126 7309.28000 5284.98124  27.7%     -    0s
     0     0 5285.10511    0  132 7309.28000 5285.10511  27.7%     -    0s
     0     0 5349.10539    0  128 7309.28000 5349.10539  26.8%     -    0s
     0     0 5351.50110    0  125 7309.28000 5351.50110  26.8%     -    0s
     0     0 5352.16565    0  134 7309.28000 5352.16565  26.8%     -    0s
     0     0 5360.88476    0  130 7309.28000 5360.88476  26.7%     -    0s
     0     0 5364.37480    0  125 7309.28000 5364.37480  26.6%     -    0s
     0     0 5364.56575    0  135 7309.28000 5364.56575  26.6%     -    0s
     0     0 5386.61432    0  115 7309.28000 5386.61432  26.3%     -    0s
     0     0 5392.74809    0  124 7309.28000 5392.74809  26.2%     -    0s
     0     0 5397.27524    0  125 7309.28000 5397.27524  26.2%     -    0s
     0     0 5399.63483    0  138 7309.28000 5399.63483  26.1%     -    0s
     0     0 5400.06502    0  123 7309.28000 5400.06502  26.1%     -    0s
     0     0 5425.83406    0  143 7309.28000 5425.83406  25.8%     -    0s
     0     0 5428.20444    0  143 7309.28000 5428.20444  25.7%     -    0s
     0     0 5429.88929    0  134 7309.28000 5429.88929  25.7%     -    0s
     0     0 5429.88929    0  134 7309.28000 5429.88929  25.7%     -    0s
     0     0 5434.73509    0  142 7309.28000 5434.73509  25.6%     -    0s
     0     0 5434.73509    0  137 7309.28000 5434.73509  25.6%     -    0s
     0     2 5436.15120    0  136 7309.28000 5436.15120  25.6%     -    0s
H  158   158                    7134.9300000 5506.11653  22.8%  66.8    1s
H  430   393                    7122.9300000 5593.77382  21.5%  76.5    2s
H  492   455                    7059.9300000 5593.77382  20.8%  76.4    3s
H  575   529                    6956.3500000 5593.77382  19.6%  71.3    3s
H  686   579                    6844.1700000 5613.51169  18.0%  68.3    4s
   743   612 6609.82272   57  156 6844.17000 5630.91127  17.7%  68.4    5s
H 1091   737                    6801.1800000 5750.53625  15.4%  83.9    9s
  1121   757 6189.33775   22  100 6801.18000 5750.53625  15.4%  84.3   10s
H 1123   724                    6793.2600000 5750.53625  15.3%  84.4   10s
  1714   901 6478.92282   55   88 6793.26000 5823.95452  14.3%  93.9   15s
  2430  1138 6640.95362   39   91 6793.26000 5934.25424  12.6%  96.4   20s
  2994  1517 6331.86784   27   86 6793.26000 5957.99012  12.3%  97.2   25s
  3764  1950 6282.77572   21   72 6793.26000 6001.48620  11.7%  97.0   30s
  4227  2185 6325.45695   29   97 6793.26000 6022.20931  11.4%  98.2   35s
