




arguments: ./build/mirp_solver -f ./input/orig_exec_106.cfg
Current dir: /scratch/gui/bnc_mirp
File verbosity level: 9
date       time         ( uptime  ) [ thread name/id ]                   file:line     v| 
2021-01-09 22:05:41.231 (   0.417s) [main thread     ]             loguru.cpp:789   INFO| Logging to './output/vi_vr/OU/V5/Original/execution_09_01_2021_22_05_41.log', mode: 'a', verbosity: 9
--------------------------------------------------------------------------------
Parameters
                           instance_path           ./input/Instances/Original/3/
                            model_policy                                       1
                             nb_vehicles                                       5
                              output_dir          ./output/vi_vr/OU/V5/Original/
                            sec_strategy                                       1
                       solver_nb_threads                                       2
                         solver_show_log                                    true
                       solver_time_limit                                    3600
                              use_vi_cos                                   false
                              use_vi_cus                                   false
                         use_vi_hc1_full                                   false
                         use_vi_hc1_half                                   false
                      use_vi_hc1_quarter                                   false
                              use_vi_hc2                                   false
                              use_vi_hc3                                   false
                         use_vi_lex_full                                   false
                         use_vi_lex_half                                   false
                      use_vi_lex_quarter                                   false
                              use_vi_qua                                   false
                               use_vi_vc                                   false
                               use_vi_vr                                    true
--------------------------------------------------------------------------------
executing instance: ./input/Instances/Original/3/absH3low_2n5.dat
--------------------------------------------------------------------------------
Instance details
n	6
H	3
C	237
Li:
[0, 0, 0, 0, 0, 0, ]
Ui:
[0, 93, 180, 51, 114, 24, ]
Distance matrix:
|0	170	318	35	112	235	|
|170	0	311	205	258	301	|
|318	311	0	326	278	137	|
|35	205	326	0	89	230	|
|112	258	278	89	0	160	|
|235	301	137	230	160	0	|

--------------------------------------------------------------------------------
Building model...
	using lazy and cut (CVRPSEP package)
Solving IRP LP...
--------------------------------------------------------------------------------

Gurobi 9.1.0 (linux64) logging started Sat Jan  9 22:05:41 2021

Gurobi Optimizer version 9.1.0 build v9.1.0rc0 (linux64)
Thread count: 32 physical cores, 32 logical processors, using up to 2 threads
Optimize a model with 312 rows, 414 columns and 1335 nonzeros
Model fingerprint: 0x797ab6f7
Variable types: 99 continuous, 315 integer (90 binary)
Coefficient statistics:
  Matrix range     [1e+00, 2e+02]
  Objective range  [1e-02, 3e+02]
  Bounds range     [1e+00, 2e+02]
  RHS range        [1e+01, 5e+02]
Presolve removed 135 rows and 125 columns
Presolve time: 0.00s

Explored 0 nodes (0 simplex iterations) in 0.00 seconds
Thread count was 1 (of 32 available processors)

Solution count 0

Model is infeasible
Best objective -, best bound -, gap -

User-callback calls 35, time in user-callback 0.00 sec

Computing Irreducible Inconsistent Subsystem (IIS)...

           Constraints          |            Bounds           |  Runtime
      Min       Max     Guess   |   Min       Max     Guess   |
--------------------------------------------------------------------------
        0       255         -         0       569         -           0s
       33        33         -        37        37         -           0s

IIS computed: 33 constraints, 37 bounds
IIS runtime: 0.38 seconds
================================================================================
executing instance: ./input/Instances/Original/3/absH3high_5n30.dat
--------------------------------------------------------------------------------
Instance details
n	31
H	3
C	2296
Li:
[0, 0, 0, 0, 0, 0, 0, 0, 0, 0, 0, 0, 0, 0, 0, 0, 0, 0, 0, 0, 0, 0, 0, 0, 0, 0, 0, 0, 0, 0, 0, ]
Ui:
[0, 80, 90, 297, 28, 264, 123, 192, 112, 32, 72, 88, 294, 129, 126, 105, 110, 237, 246, 92, 72, 147, 54, 96, 128, 96, 84, 28, 74, 196, 192, ]
Distance matrix:
|0	87	302	65	389	171	219	120	412	339	129	63	169	401	383	158	393	161	246	275	64	287	345	235	13	274	106	201	85	358	135	|
|87	0	334	128	402	212	301	204	465	384	187	145	232	424	454	238	475	245	289	352	80	307	352	321	81	352	20	261	170	376	215	|
|302	334	0	239	113	132	237	334	157	70	404	263	162	105	227	229	339	251	65	217	259	53	107	352	293	220	339	134	270	75	235	|
|65	128	239	0	330	107	175	130	348	275	174	40	107	339	326	114	351	125	181	224	58	228	290	222	58	224	143	138	65	297	92	|
|389	402	113	330	0	226	349	438	210	151	502	360	269	48	316	339	441	362	175	328	335	102	55	465	377	330	401	245	371	37	342	|
|171	212	132	107	226	0	169	214	253	173	276	134	64	233	261	130	326	153	77	188	133	125	192	264	162	190	220	68	145	193	125	|
|219	301	237	175	349	169	0	157	257	223	244	157	105	334	180	62	175	61	177	63	233	264	334	118	221	61	317	112	136	312	85	|
|120	204	334	130	438	214	157	0	402	348	88	90	173	438	336	115	307	100	269	220	172	338	406	122	130	218	224	204	69	403	101	|
|412	465	157	348	210	253	257	402	0	88	486	359	245	166	129	287	266	303	178	204	386	208	239	370	406	207	473	212	354	187	304	|
|339	384	70	275	151	173	223	348	88	0	427	291	179	120	166	234	290	254	96	187	306	123	166	342	332	190	391	145	291	119	247	|
|129	187	404	174	502	276	244	88	486	427	0	142	248	508	424	200	390	187	342	308	193	400	464	192	142	306	207	281	136	469	182	|
|63	145	263	40	360	134	157	90	359	291	142	0	114	366	321	95	331	99	202	212	90	258	323	186	65	211	163	148	27	327	72	|
|169	232	162	107	269	64	105	173	245	179	248	114	0	266	222	71	268	94	97	131	155	173	244	203	164	132	245	34	113	233	73	|
|401	424	105	339	48	233	334	438	166	120	508	366	266	0	280	332	409	355	169	305	353	117	96	452	391	308	425	237	374	49	339	|
|383	454	227	326	316	261	180	336	129	166	424	321	222	280	0	231	137	238	208	116	376	277	331	272	381	118	467	197	307	285	253	|
|158	238	229	114	339	130	62	115	287	234	200	95	71	332	231	0	238	23	164	118	171	243	314	134	159	117	255	95	77	302	23	|
|393	475	339	351	441	326	175	307	266	290	390	331	268	409	137	238	0	232	300	138	408	383	445	204	395	136	492	258	308	406	260	|
|161	245	251	125	362	153	61	100	303	254	187	99	94	355	238	23	232	0	187	123	183	267	338	111	164	121	262	117	77	325	34	|
|246	289	65	181	175	77	177	269	178	96	342	202	97	169	208	164	300	187	0	168	210	87	157	290	238	171	296	70	206	138	170	|
|275	352	217	224	328	188	63	220	204	187	308	212	131	305	116	118	138	123	168	0	279	255	322	166	275	3	367	120	195	291	141	|
|64	80	259	58	335	133	233	172	386	306	193	90	155	353	376	171	408	183	210	279	0	236	289	276	51	279	90	182	117	307	150	|
|287	307	53	228	102	125	264	338	208	123	400	258	173	117	277	243	383	267	87	255	236	0	71	374	276	257	308	153	270	71	245	|
|345	352	107	290	55	192	334	406	239	166	464	323	244	96	331	314	445	338	157	322	289	71	0	445	334	325	350	224	337	54	315	|
|235	321	352	222	465	264	118	122	370	342	192	186	203	452	272	134	204	111	290	166	276	374	445	0	243	164	341	221	159	428	142	|
|13	81	293	58	377	162	221	130	406	332	142	65	164	391	381	159	395	164	238	275	51	276	334	243	0	274	100	196	89	347	136	|
|274	352	220	224	330	190	61	218	207	190	306	211	132	308	118	117	136	121	171	3	279	257	325	164	274	0	367	122	194	294	140	|
|106	20	339	143	401	220	317	224	473	391	207	163	245	425	467	255	492	262	296	367	90	308	350	341	100	367	0	272	188	377	232	|
|201	261	134	138	245	68	112	204	212	145	281	148	34	237	197	95	258	117	70	120	182	153	224	221	196	122	272	0	146	208	103	|
|85	170	270	65	371	145	136	69	354	291	136	27	113	374	307	77	308	77	206	195	117	270	337	159	89	194	188	146	0	337	54	|
|358	376	75	297	37	193	312	403	187	119	469	327	233	49	285	302	406	325	138	291	307	71	54	428	347	294	377	208	337	0	306	|
|135	215	235	92	342	125	85	101	304	247	182	72	73	339	253	23	260	34	170	141	150	245	315	142	136	140	232	103	54	306	0	|

--------------------------------------------------------------------------------
Building model...
	using lazy and cut (CVRPSEP package)
Solving IRP LP...
--------------------------------------------------------------------------------

Gurobi 9.1.0 (linux64) logging started Sat Jan  9 22:05:41 2021

Gurobi Optimizer version 9.1.0 build v9.1.0rc0 (linux64)
Thread count: 32 physical cores, 32 logical processors, using up to 2 threads
Optimize a model with 1687 rows, 8014 columns and 18910 nonzeros
Model fingerprint: 0x17d16097
Variable types: 574 continuous, 7440 integer (465 binary)
Coefficient statistics:
  Matrix range     [1e+00, 5e+02]
  Objective range  [1e-01, 5e+02]
  Bounds range     [1e+00, 3e+02]
  RHS range        [1e+01, 4e+03]
Presolve removed 613 rows and 598 columns
Presolve time: 0.05s
Presolved: 1074 rows, 7416 columns, 16588 nonzeros
Variable types: 522 continuous, 6894 integer (6462 binary)

Root relaxation: objective 9.093951e+03, 1260 iterations, 0.03 seconds

    Nodes    |    Current Node    |     Objective Bounds      |     Work
 Expl Unexpl |  Obj  Depth IntInf | Incumbent    BestBd   Gap | It/Node Time

     0     0 9093.95111    0  120          - 9093.95111      -     -    0s
     0     0 9349.28066    0  128          - 9349.28066      -     -    0s
     0     0 9398.05596    0  143          - 9398.05596      -     -    0s
     0     0 9398.05596    0  147          - 9398.05596      -     -    0s
     0     0 9606.30302    0  169          - 9606.30302      -     -    0s
     0     0 9704.80048    0  177          - 9704.80048      -     -    0s
     0     0 9706.24892    0  184          - 9706.24892      -     -    0s
     0     0 9706.24892    0  184          - 9706.24892      -     -    0s
     0     0 9880.87978    0  147          - 9880.87978      -     -    0s
     0     0 9906.87278    0  149          - 9906.87278      -     -    0s
     0     0 9908.01621    0  147          - 9908.01621      -     -    0s
     0     0 9908.18716    0  142          - 9908.18716      -     -    0s
     0     0 9957.00113    0  198          - 9957.00113      -     -    1s
     0     0 9962.27726    0  177          - 9962.27726      -     -    1s
     0     0 9962.27726    0  181          - 9962.27726      -     -    1s
     0     0 10000.5815    0  209          - 10000.5815      -     -    1s
     0     0 10003.6668    0  209          - 10003.6668      -     -    1s
     0     0 10004.7144    0  214          - 10004.7144      -     -    1s
     0     0 10004.9301    0  188          - 10004.9301      -     -    1s
     0     0 10027.6512    0  206          - 10027.6512      -     -    1s
     0     0 10029.4708    0  212          - 10029.4708      -     -    1s
     0     0 10029.6698    0  244          - 10029.6698      -     -    1s
     0     0 10046.1747    0  209          - 10046.1747      -     -    2s
     0     0 10047.4000    0  243          - 10047.4000      -     -    2s
     0     0 10051.7940    0  218          - 10051.7940      -     -    2s
     0     0 10051.9325    0  272          - 10051.9325      -     -    2s
     0     0 10059.9858    0  232          - 10059.9858      -     -    2s
     0     0 10067.3488    0  253          - 10067.3488      -     -    2s
     0     0 10068.7314    0  291          - 10068.7314      -     -    2s
     0     0 10068.9948    0  293          - 10068.9948      -     -    2s
     0     0 10079.6512    0  311          - 10079.6512      -     -    2s
     0     0 10080.4706    0  308          - 10080.4706      -     -    2s
     0     0 10086.5332    0  324          - 10086.5332      -     -    2s
     0     0 10086.5332    0  296          - 10086.5332      -     -    3s
     0     2 10089.9781    0  280          - 10089.9781      -     -    3s
    28    31 10195.8940    9  241          - 10100.5344      -   288    5s
   102   108 10592.2216   33  158          - 10100.5344      -   349   10s
   200   208 10878.4680   60  181          - 10100.5344      -   311   15s
   369   407 12579.4863  122  102          - 10100.5344      -   256   20s
   620   635 10281.8484    3  267          - 10107.4930      -   192   25s
   854   794 10641.5045   54  296          - 10107.4930      -   160   30s
   883   813 14547.2501  241  368          - 10154.3907      -   155   35s
   892   822 10157.1845   14  315          - 10157.1845      -   166   41s
   900   828 10171.1664   16  310          - 10160.6336      -   168   45s
   927   848 10202.4421   23  349          - 10160.6336      -   177   50s
   956   871 10245.9217   30  348          - 10160.6336      -   187   55s
   996   897 10282.7167   41  294          - 10160.6336      -   199   60s
  1053   935 10493.2322   56  217          - 10160.6336      -   212   65s
  1118   989 10711.6088   74  154          - 10160.6336      -   223   71s
  1173  1026 10943.0343   87  147          - 10160.6336      -   227   75s
  1259  1096 11412.6778  111  123          - 10160.6336      -   231   80s
  1359  1171 11820.1512  142  108          - 10160.6336      -   230   85s
  1493  1287 11881.8916  176  100          - 10160.6336      -   225   91s
  1632  1382 11946.3809  203  100          - 10160.6336      -   217   96s
  1772  1477 12161.6925  230  141          - 10160.6336      -   209  101s
* 1889  1494             272    13995.600000 10160.6336  27.4%   203  104s
* 1891  1453             273    13933.770000 10160.6336  27.1%   203  104s
  1987  1364 12562.2771  251   79 13933.7700 10160.6336  27.1%   196  106s
  2023  1383 12389.9487  264  124 13933.7700 10160.6336  27.1%   197  114s
H 2031  1314                    13634.850000 10160.6336  25.5%   197  114s
  2039  1334 12414.5448  269  114 13634.8500 10160.6336  25.5%   198  116s
  2075  1366 12605.6943  283   67 13634.8500 10160.6336  25.5%   200  121s
  2131  1407 12995.9661  306   83 13634.8500 10189.7532  25.3%   201  127s
  2193  1391 10315.6576   18  332 13634.8500 10189.7532  25.3%   199  130s
  2216  1411 10391.9114   25  405 13634.8500 10189.7532  25.3%   202  136s
  2236  1427 10494.5715   25  276 13634.8500 10189.7532  25.3%   205  140s
  2257  1438 10512.8465   29  318 13634.8500 10189.7532  25.3%   209  145s
  2290  1461 10533.2262   40  300 13634.8500 10189.7532  25.3%   211  150s
  2312  1483 10723.4726   42  356 13634.8500 10189.7532  25.3%   215  155s
  2357  1522 10808.2388   51  219 13634.8500 10189.7532  25.3%   217  161s
  2383  1538 10826.1863   59  220 13634.8500 10189.7532  25.3%   218  165s
  2454  1606 10990.4122   74  166 13634.8500 10189.7532  25.3%   218  172s
  2501  1653 10998.4338   93  137 13634.8500 10189.7532  25.3%   217  177s
  2564  1688 11074.6168  103   64 13634.8500 10189.7532  25.3%   215  181s
  2620  1783 11083.1898  114   74 13634.8500 10189.7532  25.3%   214  186s
  2738  1753 11683.4123  144   64 13634.8500 10189.7532  25.3%   209  192s
  2747  1845 11784.7120  149   67 13634.8500 10189.7532  25.3%   210  196s
  2872  1871 12259.6860  180   40 13634.8500 10189.7532  25.3%   207  202s
  2953  1856 12922.8806  197   74 13634.8500 10189.7532  25.3%   205  216s
  2965  1893 12692.3333  203   51 13634.8500 10196.3701  25.2%   206  221s
  3022  1938 10672.6745   24  294 13634.8500 10196.3701  25.2%   205  225s
  3075  2029 11119.6304   46  151 13634.8500 10196.3701  25.2%   206  230s
  3166  2200 11774.5817   95  143 13634.8500 10196.3701  25.2%   205  236s
  3337  2322 13410.2154  191   44 13634.8500 10209.9248  25.1%   199  243s
  3482  2414 10320.4093   31  420 13634.8500 10209.9248  25.1%   196  250s
  3592  2451 10543.0563   46  304 13634.8500 10209.9248  25.1%   194  255s
  3629  2563 10910.1607   65  189 13634.8500 10209.9248  25.1%   196  261s
  3778  2657 11343.0366  133  165 13634.8500 10209.9248  25.1%   192  268s
  3872  2811 12010.8167  218   89 13634.8500 10224.7263  25.0%   190  275s
  4043  2863 10364.3677   20  354 13634.8500 10224.7263  25.0%   186  281s
  4095  3018 10841.0698   54  161 13634.8500 10224.7263  25.0%   188  287s
  4250  3355 11496.4276  153   71 13634.8500 10224.8209  25.0%   186  298s
  4484  3357 11158.1880  124   26 13634.8500 10227.8703  25.0%   181  300s
  4644  3443 10505.7871   20  336 13634.8500 10227.8703  25.0%   176  306s
  4752  3502 10743.2870   28  288 13634.8500 10227.8703  25.0%   176  313s
  4813  3611 10971.0512   35  220 13634.8500 10227.8703  25.0%   178  322s
  4922  3890 11483.4830   48  147 13634.8500 10232.0776  25.0%   177  331s
  5239  3962 10471.3075   22  305 13634.8500 10234.2822  24.9%   172  340s
  5313  4285 11072.7458   53  150 13634.8500 10234.4754  24.9%   174  349s
H 5400  4275                    13589.210000 10234.4754  24.7%   173  350s
  5673  4287 10388.6277   17  208 13589.2100 10237.0381  24.7%   168  360s
  5687  4358 10393.5720   18  248 13589.2100 10237.0381  24.7%   169  366s
  5760  4496 10617.8695   31  226 13589.2100 10237.0381  24.7%   172  375s
  5902  4803 10672.0803   48   88 13589.2100 10237.0381  24.7%   173  387s
  6220  4864 11043.9545   71  159 13589.2100 10237.0381  24.7%   170  397s
  6298  4919 11313.4087   91  134 13589.2100 10237.0381  24.7%   172  406s
  6353  5141 11468.6518  112   74 13589.2100 10237.0381  24.7%   172  414s
  6380  5141 11761.1592  125   30 13589.2100 10237.0381  24.7%   172  415s
  6575  5430 12148.4526  191   42 13589.2100 10238.4984  24.7%   172  425s
* 6883  5407             191    13540.010000 10240.3742  24.4%   167  427s
  6921  5453 10564.3172   27  309 13540.0100 10240.3742  24.4%   168  435s
  6967  5614 10673.1274   38  168 13540.0100 10240.3742  24.4%   170  443s
  7128  5958 10874.6812   74  149 13540.0100 10240.3742  24.4%   170  453s
  7365  5958 11233.9827  211   63 13540.0100 10240.3742  24.4%   167  455s
  7499  6341 11302.6207  177   48 13540.0100 10245.3736  24.3%   166  466s
  7937  6515 infeasible  344      13540.0100 10246.4705  24.3%   161  480s
  8126  6608 11032.1684   28  233 13540.0100 10248.5987  24.3%   161  490s
  8221  6877 11993.6380   49  139 13540.0100 10250.8677  24.3%   163  502s
  8565  7005 10498.5055   34  296 13540.0100 10250.9606  24.3%   161  514s
  8605  7005 11190.3805   74  201 13540.0100 10250.9606  24.3%   162  515s
  8699  7314 11301.2491   85  244 13540.0100 10253.4581  24.3%   162  527s
  9059  7390     cutoff  207      13540.0100 10255.9408  24.3%   159  539s
  9138  7549 10459.8880   33  298 13540.0100 10255.9408  24.3%   161  549s
  9186  7549 12164.4231  102   69 13540.0100 10255.9408  24.3%   162  550s
  9321  7746 10657.8843   47  152 13540.0100 10255.9408  24.3%   161  561s
  9532  7975 10895.2166   92  186 13540.0100 10260.1009  24.2%   161  572s
  9775  8136 10469.5113   20  328 13540.0100 10260.1009  24.2%   160  583s
  9937  8139 10606.3686   32  229 13540.0100 10260.1009  24.2%   160  585s
  9951  8223 11063.0119   61  256 13540.0100 10260.1009  24.2%   161  593s
 10041  8421 11941.1074  131  117 13540.0100 10262.0057  24.2%   162  604s
 10149  8421 12601.3164  239   83 13540.0100 10262.0057  24.2%   161  605s
 10267  8493 10526.5383   28  280 13540.0100 10262.0057  24.2%   161  614s
 10339  8641 10760.5430   36  268 13540.0100 10262.0057  24.2%   163  624s
 10428  8641 11336.7825   97   59 13540.0100 10262.0057  24.2%   164  625s
 10487  9127 11425.4790   58  136 13540.0100 10264.5041  24.2%   164  638s
 10658  9127 11199.0234  127   50 13540.0100 10268.3191  24.2%   163  640s
 11029  9388 10676.6347   32  243 13540.0100 10268.3215  24.2%   160  653s
 11305  9497 infeasible  272      13540.0100 10268.7951  24.2%   159  664s
 11418  9626 10743.9910   43  208 13540.0100 10268.7951  24.2%   159  674s
 11484  9626 12569.6991  164   35 13540.0100 10268.7951  24.2%   160  675s
 11593  9734 11044.0747   67  168 13540.0100 10268.7951  24.2%   160  684s
 11671  9734 11307.6567   96   96 13540.0100 10268.7951  24.2%   160  685s
 11701 10001 11484.4507   80  106 13540.0100 10268.7951  24.2%   160  696s
 11996 10372 11955.7643  169   33 13540.0100 10270.2491  24.1%   158  708s
 12411 10471 11897.5962  127   78 13540.0100 10270.6098  24.1%   156  719s
 12438 10471 12619.4330  154   29 13540.0100 10270.6098  24.1%   156  720s
 12522 10590     cutoff  174      13540.0100 10273.5135  24.1%   157  729s
 12643 10809 10910.4148   56  166 13540.0100 10273.5135  24.1%   157  780s
 12884 10989 12264.4855  150   83 13540.0100 10275.1244  24.1%   156  791s
 13090 11209 10790.7627   54  242 13540.0100 10276.1808  24.1%   156  803s
 13396 11290 10331.2022   27  361 13540.0100 10276.4206  24.1%   155  813s
 13471 11600 10986.1796   68  131 13540.0100 10278.9277  24.1%   157  824s
 13498 11600 11117.5504   95  143 13540.0100 10278.9277  24.1%   157  825s
 13806 11696 10499.9408   28  278 13540.0100 10278.9277  24.1%   155  835s
 13917 12014 10709.3707   40  187 13540.0100 10278.9277  24.1%   156  846s
 14255 12314 11186.9348   70  112 13540.0100 10278.9277  24.1%   155  860s
 14574 12518 11971.1609  149   14 13540.0100 10281.7286  24.1%   154  872s
 14828 12765 10710.0750   47  249 13540.0100 10281.9562  24.1%   154  883s
 14970 12765 12048.1580  127   50 13540.0100 10281.9562  24.1%   154  885s
 15097 12876 11481.4992  107  138 13540.0100 10282.4499  24.1%   153  895s
 15240 12995     cutoff  184      13540.0100 10283.5634  24.1%   153  904s
 15260 12995 11097.1940   69  270 13540.0100 10284.9181  24.0%   154  905s
 15379 13075 10547.9459   32  233 13540.0100 10284.9181  24.0%   154  914s
 15455 13251 11271.5663   50  141 13540.0100 10289.7572  24.0%   155  925s
 15665 13486     cutoff  114      13540.0100 10289.8550  24.0%   155  937s
 15962 13645 11221.6291  133   70 13540.0100 10290.0588  24.0%   154  949s
 15989 13645 11237.8385  160   45 13540.0100 10290.0588  24.0%   154  950s
 16133 13681 10766.2380   51  248 13540.0100 10290.6959  24.0%   154  960s
 16169 13942 11197.0669   66  202 13540.0100 10290.8020  24.0%   154  969s
 16251 13942 13013.7364  148   29 13540.0100 10290.8020  24.0%   154  970s
 16462 14119 10574.0950   38  291 13540.0100 10292.2307  24.0%   154  981s
 16640 14310 11852.9662  178   29 13540.0100 10292.7209  24.0%   154  993s
 16857 14370     cutoff  324      13540.0100 10293.0568  24.0%   153 1003s
 16926 14592 10808.8184   51  154 13540.0100 10293.1243  24.0%   155 1013s
 17150 15062 infeasible  139      13540.0100 10293.1429  24.0%   155 1027s
 17682 15068 10932.4847   40  193 13540.0100 10293.1800  24.0%   152 1031s
 17698 15125     cutoff  274      13540.0100 10293.1800  24.0%   153 1040s
 17759 15361 11457.9561   55  213 13540.0100 10295.8159  24.0%   153 1050s
 18027 15515 10510.8939   33  341 13540.0100 10296.7623  24.0%   153 1061s
 18181 15655 12143.5909  106   62 13540.0100 10296.8466  24.0%   154 1072s
 18363 15835 11488.0396   58  152 13540.0100 10298.1407  23.9%   154 1083s
 18565 15912     cutoff  156      13540.0100 10298.5173  23.9%   153 1094s
 18656 16316 10927.6332   56  165 13540.0100 10302.9398  23.9%   154 1106s
 19142 16414 10494.0778   22  270 13540.0100 10304.1731  23.9%   152 1117s
 19244 16707 11055.8623   54  172 13540.0100 10305.8158  23.9%   153 1128s
 19456 16709 11893.3954  111   72 13540.0100 10306.4368  23.9%   152 1130s
 19590 16740 12840.4837  168   64 13540.0100 10306.4368  23.9%   152 1146s
 19625 16808 13288.9747  191    8 13540.0100 10307.0835  23.9%   152 1155s
 19711 16945     cutoff  196      13540.0100 10307.2182  23.9%   153 1165s
 19850 17356 11653.7872   85  161 13540.0100 10308.7994  23.9%   153 1178s
 20016 17356 11794.3047  104   28 13540.0100 10309.0182  23.9%   153 1180s
 20323 17496 11096.9384   57  178 13540.0100 10309.0870  23.9%   152 1191s
 20477 17722 13488.1526  159   20 13540.0100 10309.9213  23.9%   152 1209s
 20527 17722 11518.5551   85  186 13540.0100 10309.9326  23.9%   153 1210s
 20724 17898 10726.9448   58  206 13540.0100 10309.9326  23.9%   152 1222s
 20900 18190 11961.4885  162   69 13540.0100 10309.9439  23.9%   152 1234s
 20975 18190 11021.1809   36  241 13540.0100 10309.9439  23.9%   153 1235s
 21220 18432 11029.6229   42  223 13540.0100 10310.7143  23.9%   152 1248s
 21359 18432 12969.6042   91   25 13540.0100 10310.7143  23.9%   152 1250s
 21501 18551     cutoff  110      13540.0100 10311.2731  23.8%   152 1262s
 21653 18700 11066.4203   56  139 13540.0100 10313.0453  23.8%   152 1273s
 21845 18808     cutoff  190      13540.0100 10313.7014  23.8%   152 1284s
 21902 18808 11621.7948   77  127 13540.0100 10314.0160  23.8%   152 1285s
 21975 18989 10908.6214   53  184 13540.0100 10314.0634  23.8%   152 1295s
 22172 19114 10685.3078   26  260 13540.0100 10316.7913  23.8%   152 1305s
 22297 19303 11444.5379   75  136 13540.0100 10317.0902  23.8%   153 1316s
 22539 19517 10947.7001   42  238 13540.0100 10318.5367  23.8%   152 1328s
 22773 19614 10476.1974   27  302 13540.0100 10318.5367  23.8%   152 1340s
 22892 19684 10601.5765   27  264 13540.0100 10318.5367  23.8%   152 1350s
 22962 19952 10795.7875   36  201 13540.0100 10318.5367  23.8%   153 1362s
 23228 19955 13149.9821  290   10 13540.0100 10318.5367  23.8%   152 1365s
 23257 20219 11299.4514   59   74 13540.0100 10320.4103  23.8%   152 1375s
 23578 20290 13289.2407  109   57 13540.0100 10321.4911  23.8%   152 1387s
 23650 20426 10751.6993   43  236 13540.0100 10321.4911  23.8%   152 1396s
 23786 20692 11800.9546  106  130 13540.0100 10321.5905  23.8%   152 1407s
 24082 20889 10690.2236   36  279 13540.0100 10323.0067  23.8%   152 1418s
 24315 21062 13316.6263  142   44 13540.0100 10323.0508  23.8%   152 1429s
 24518 21124 10925.7269   49  299 13540.0100 10323.6739  23.8%   152 1439s
 24580 21304 11543.3606   71  206 13540.0100 10323.6980  23.8%   152 1449s
 24806 21345 13495.4922  158   37 13540.0100 10323.9648  23.8%   152 1458s
 24857 21457 10830.7191   38  226 13540.0100 10325.4026  23.7%   153 1467s
 24968 21724 11748.3642   63   96 13540.0100 10325.4149  23.7%   153 1480s
 25302 21784 10631.9171   31  353 13540.0100 10325.5432  23.7%   153 1490s
 25348 21965 10917.1609   47  114 13540.0100 10325.5432  23.7%   154 1500s
 25541 22135 12059.4337  120   84 13540.0100 10325.9860  23.7%   154 1510s
 25733 22529 10911.3942   33  239 13540.0100 10325.9860  23.7%   154 1522s
 26128 22660 13357.2742  240   63 13540.0100 10328.3255  23.7%   153 1533s
 26317 22863 11122.3813   43  326 13540.0100 10329.9010  23.7%   153 1544s
 26371 22863 12174.2575   97   27 13540.0100 10329.9010  23.7%   153 1545s
 26560 23068     cutoff  214      13540.0100 10331.2497  23.7%   153 1556s
 26763 23179 11626.5955   85   98 13540.0100 10334.4316  23.7%   153 1566s
 26907 23324     cutoff  158      13540.0100 10335.3208  23.7%   154 1578s
 27081 23518 11484.6099   76  214 13540.0100 10336.0224  23.7%   154 1589s
 27189 23518 12880.4098  184   46 13540.0100 10336.0224  23.7%   153 1590s
 27287 23729 10516.8203   35  278 13540.0100 10336.0224  23.7%   154 1600s
 27515 23959 11237.6450   80  132 13540.0100 10336.6754  23.7%   154 1613s
 27677 23959 12392.1215  242   44 13540.0100 10336.6754  23.7%   153 1615s
 27760 24198 10867.7158   36  207 13540.0100 10336.6754  23.7%   153 1624s
 27787 24198 11223.1603   63  136 13540.0100 10336.6754  23.7%   153 1625s
 28032 24312 12662.9345  181  123 13540.0100 10336.8446  23.7%   153 1635s
 28165 24712 11072.8223   39  172 13540.0100 10338.6317  23.6%   153 1646s
 28528 24712 11952.8167  190   14 13540.0100 10339.7503  23.6%   152 1650s
 28601 24761 10630.4716   36  317 13540.0100 10339.7503  23.6%   152 1658s
 28650 24965 11167.7658   69  237 13540.0100 10339.9547  23.6%   153 1668s
 28865 25156 10572.6723   36  388 13540.0100 10339.9547  23.6%   153 1679s
 29076 25455 11147.9665   71  133 13540.0100 10340.0780  23.6%   153 1692s
 29446 25637 10570.6686   35  362 13540.0100 10340.4307  23.6%   152 1704s
 29585 25637 11267.7445  133   47 13540.0100 10340.4307  23.6%   152 1705s
 29649 25818 10980.8353   57   98 13540.0100 10343.2584  23.6%   152 1715s
 29841 26003 10777.1934   30  226 13540.0100 10343.5246  23.6%   152 1726s
 30086 26059 10676.0890   49  288 13540.0100 10343.5552  23.6%   152 1737s
 30145 26294 11486.7220   86  119 13540.0100 10346.5632  23.6%   153 1747s
 30396 26386 10887.6367   47  290 13540.0100 10346.5632  23.6%   153 1759s
 30492 26386 10718.5142   35  255 13540.0100 10346.5632  23.6%   153 1760s
 30502 26617 11454.2350   81  232 13540.0100 10347.5064  23.6%   153 1769s
 30617 26617 10898.3372   32  252 13540.0100 10347.5064  23.6%   153 1770s
 30745 26729 10918.1004   33  231 13540.0100 10347.5064  23.6%   153 1780s
 30871 26849 12089.4992   88   15 13540.0100 10348.8724  23.6%   153 1790s
 31005 26992 10570.5132   30  308 13540.0100 10348.8724  23.6%   153 1800s
 31165 27273 10851.7722   50  226 13540.0100 10350.9117  23.6%   153 1813s
 31300 27273 10988.2756  177   49 13540.0100 10350.9117  23.6%   153 1815s
 31525 27396     cutoff  268      13540.0100 10351.5706  23.5%   152 1826s
 31657 27441 10677.5370   34  321 13540.0100 10351.7071  23.5%   153 1835s
 31699 27769 11142.3961   44  140 13540.0100 10352.7490  23.5%   153 1848s
 31917 27796 13394.9300  122    - 13540.0100 10352.7490  23.5%   153 1850s
 32166 27862     cutoff  128      13540.0100 10353.2729  23.5%   153 1860s
 32232 28092 11344.9343   73  236 13540.0100 10353.3718  23.5%   153 1870s
 32473 28199 10842.3070   54  303 13540.0100 10353.9493  23.5%   153 1882s
 32580 28425 11387.7318   82  267 13540.0100 10354.2519  23.5%   153 1893s
 32852 28495 10588.6176   31  323 13540.0100 10354.5975  23.5%   153 1905s
 32922 28675 10919.5714   42  300 13540.0100 10354.5975  23.5%   153 1915s
 33104 29126 11178.9525   57   77 13540.0100 10355.1892  23.5%   153 1929s
 33212 29126 11525.1254  149   34 13540.0100 10355.1892  23.5%   153 1930s
 33663 29374 infeasible  234      13540.0100 10355.5211  23.5%   152 1944s
 33716 29374 11857.9019   78   91 13540.0100 10355.8192  23.5%   152 1945s
 33901 29461 10750.9014   48  304 13540.0100 10355.8192  23.5%   152 1954s
 33955 29461 11521.8792  102  105 13540.0100 10355.8192  23.5%   152 1955s
 33988 29632 11714.5440  115  102 13540.0100 10356.1906  23.5%   152 1964s
 34069 29632 12557.7393  196   51 13540.0100 10356.1906  23.5%   152 1965s
 34177 29816     cutoff  240      13540.0100 10356.7061  23.5%   152 1975s
 34378 29985 11252.0081   77  217 13540.0100 10359.0595  23.5%   152 1986s
 34571 30195 10668.2106   31  252 13540.0100 10359.2213  23.5%   152 1997s
 34826 30403 12228.6506   92   10 13540.0100 10362.9015  23.5%   152 2009s
 34855 30403 13268.1842  118   36 13540.0100 10362.9015  23.5%   152 2010s
 35072 30524 10967.6308   37  380 13540.0100 10363.2646  23.5%   152 2020s
 35204 30663 11853.7440  105  135 13540.0100 10363.2895  23.5%   152 2030s
 35361 30852 10885.4583   51  300 13540.0100 10363.2895  23.5%   152 2040s
 35550 31040 13354.9833  183   50 13540.0100 10363.7202  23.5%   152 2054s
 35695 31040 12612.2800  119    2 13540.0100 10364.4265  23.5%   152 2055s
 35879 31127 10900.7788   47  281 13540.0100 10364.4265  23.5%   152 2064s
 35949 31392 11634.4220   99  203 13540.0100 10365.4871  23.4%   152 2074s
 36030 31392 12631.2786  180   81 13540.0100 10365.4871  23.4%   152 2075s
 36236 31505 10668.2374   24  302 13540.0100 10365.4871  23.4%   152 2085s
 36359 31670 11145.0002   39  142 13540.0100 10365.9448  23.4%   152 2096s
 36572 31813     cutoff  107      13540.0100 10366.0355  23.4%   152 2107s
 36734 31881 10804.1762   42  194 13540.0100 10366.3218  23.4%   152 2116s
 36801 32217 11153.1421   62  163 13540.0100 10366.3218  23.4%   152 2128s
 37003 32217 11646.0745  108   14 13540.0100 10366.3218  23.4%   152 2130s
 37189 32345 11735.8397  141   24 13540.0100 10366.7902  23.4%   152 2140s
 37354 32446     cutoff  198      13540.0100 10369.4356  23.4%   152 2149s
 37457 32560 10775.4008   61  280 13540.0100 10369.4356  23.4%   152 2159s
 37591 32708 11751.4933   97  186 13540.0100 10369.8314  23.4%   153 2168s
 37771 32880 11138.5043   57  238 13540.0100 10369.8314  23.4%   153 2178s
 37923 32880 12553.1628  176  102 13540.0100 10369.8314  23.4%   153 2180s
 37958 32964 12853.5230  155   86 13540.0100 10370.1391  23.4%   153 2188s
 38056 33357 11246.1279   70  210 13540.0100 10370.1783  23.4%   153 2199s
 38083 33357 11793.0126   97  153 13540.0100 10370.1783  23.4%   153 2200s
 38490 33387 10429.2096   33  315 13540.0100 10372.4682  23.4%   152 2211s
 38520 33440 10844.9303   40  326 13540.0100 10372.4682  23.4%   153 2218s
 38573 33659 10918.0600   47  247 13540.0100 10372.4682  23.4%   153 2229s
 38654 33660 12480.1500   85    8 13540.0100 10372.4682  23.4%   153 2230s
 38834 33809 12733.4900   96    - 13540.0100 10374.1554  23.4%   153 2242s
 39035 33907 13005.7884   98   30 13540.0100 10375.3067  23.4%   153 2251s
 39147 34140     cutoff  142      13540.0100 10375.4439  23.4%   153 2263s
 39357 34144 13380.3600  240    - 13540.0100 10375.4439  23.4%   153 2265s
 39398 34192 10583.4483   42  346 13540.0100 10375.4439  23.4%   153 2273s
 39451 34421 11082.1019   74  190 13540.0100 10376.0129  23.4%   153 2283s
 39693 34524 10688.6295   34  352 13540.0100 10376.0129  23.4%   153 2295s
 39808 34684 11260.6989   57  208 13540.0100 10376.3501  23.4%   153 2307s
 39988 34791 10832.2328   35  205 13540.0100 10376.3501  23.4%   153 2317s
 40095 35049 11884.4630   79  125 13540.0100 10376.5162  23.4%   153 2328s
H40225 34876                    13472.390000 10376.5162  23.0%   153 2329s
 40306 34876 12442.8868  210  111 13472.3900 10377.6041  23.0%   153 2330s
 40387 34915 10710.7159   36  244 13472.3900 10377.6041  23.0%   153 2338s
 40426 35054 11041.5444   52  247 13472.3900 10377.6041  23.0%   154 2349s
 40534 35055 11658.5112  130   63 13472.3900 10377.6041  23.0%   154 2350s
 40567 35289 12516.5375  119  120 13472.3900 10377.6992  23.0%   154 2362s
 40824 35541 10616.4347   27  337 13472.3900 10377.6992  23.0%   154 2376s
 41120 35668 11091.4898   54  175 13472.3900 10377.6992  23.0%   153 2388s
 41242 35857 12732.7870  152  124 13472.3900 10379.0684  23.0%   153 2399s
 41447 35950 10818.1413   35  305 13472.3900 10379.0684  23.0%   153 2409s
 41501 35950 11754.1022   89   50 13472.3900 10379.0684  23.0%   153 2410s
 41550 36107 12143.7445  108   62 13472.3900 10379.6760  23.0%   154 2419s
 41577 36107 12595.1393  135   35 13472.3900 10379.6760  23.0%   154 2420s
 41721 36297 10720.5161   39  268 13472.3900 10379.6760  23.0%   154 2432s
 41921 36471 11694.9976   84  117 13472.3900 10379.6992  23.0%   154 2444s
 41975 36471 12401.5241  138   61 13472.3900 10379.6992  23.0%   153 2445s
 42108 36746 10983.1648   39  188 13472.3900 10379.6992  23.0%   154 2458s
 42344 36756 11932.4585  108   52 13472.3900 10379.6992  23.0%   154 2460s
 42447 36795 infeasible  166      13472.3900 10381.0690  22.9%   154 2469s
 42491 36876 10792.0914   31  117 13472.3900 10383.7548  22.9%   154 2478s
 42572 37338 11033.5158   46   89 13472.3900 10383.7548  22.9%   154 2490s
 43039 37427 13251.4701  186   59 13472.3900 10384.4394  22.9%   154 2505s
 43176 37562 11127.6843   50  217 13472.3900 10385.3807  22.9%   154 2515s
 43337 37694 12787.9643  101   73 13472.3900 10385.5406  22.9%   154 2526s
 43495 37812 10882.5874   43  285 13472.3900 10385.6049  22.9%   154 2536s
 43635 37910 11959.9702   81  152 13472.3900 10385.6586  22.9%   154 2546s
 43790 38021 10913.2381   59  324 13472.3900 10385.8218  22.9%   154 2557s
 43901 38267 11835.1980  104  151 13472.3900 10386.6889  22.9%   155 2569s
 43982 38267 12841.7325  185   63 13472.3900 10386.6889  22.9%   155 2570s
 44182 38339 10667.9725   31  243 13472.3900 10386.7476  22.9%   154 2580s
 44254 38634 11148.1908   55   20 13472.3900 10386.8132  22.9%   155 2593s
 44446 38651 12609.2000  177   10 13472.3900 10386.8132  22.9%   154 2595s
 44627 38736     cutoff  209      13472.3900 10387.1633  22.9%   154 2605s
 44736 38802 10909.6386   46  327 13472.3900 10387.2813  22.9%   155 2614s
 44768 38802 12713.0941  122   70 13472.3900 10387.2813  22.9%   155 2615s
 44808 38898 11609.7332   78  230 13472.3900 10387.2813  22.9%   155 2624s
 44862 38898 12535.4491  132  180 13472.3900 10387.2813  22.9%   155 2625s
 44904 39078 13173.8838  148  116 13472.3900 10387.3916  22.9%   155 2637s
 45160 39163 10789.2821   54  304 13472.3900 10387.4966  22.9%   155 2648s
 45243 39434 11425.8936   90  122 13472.3900 10387.4966  22.9%   155 2660s
 45530 39556     cutoff  287      13472.3900 10388.8323  22.9%   155 2672s
 45671 39650 10888.8492   43  285 13472.3900 10389.4905  22.9%   155 2682s
 45765 39823 11881.3823   94   71 13472.3900 10389.5182  22.9%   155 2692s
 45981 39927 10954.6195   47  251 13472.3900 10389.6497  22.9%   155 2702s
 46074 40369 11373.0483   84  107 13472.3900 10389.6497  22.9%   156 2715s
 46596 40432 12623.6560  224   48 13472.3900 10391.2820  22.9%   155 2728s
 46658 40538 11022.8771   58  222 13472.3900 10391.5800  22.9%   155 2737s
 46764 40787 11493.0849  109  168 13472.3900 10391.8937  22.9%   155 2748s
 47039 40860 10764.4725   32  214 13472.3900 10392.0225  22.9%   155 2759s
 47066 40860 11263.6053   59  116 13472.3900 10392.0225  22.9%   155 2760s
 47112 41135 11367.3122   64  147 13472.3900 10392.0255  22.9%   155 2770s
 47412 41181 10501.1943   23  337 13472.3900 10392.2144  22.9%   155 2781s
 47458 41228 10581.0057   26  337 13472.3900 10392.2144  22.9%   155 2791s
 47505 41300 10923.7078   33  183 13472.3900 10392.2144  22.9%   156 2800s
 47577 41421 10939.2116   34  246 13472.3900 10392.2144  22.9%   156 2810s
 47700 41603 11097.9145   38  194 13472.3900 10392.2144  22.9%   156 2825s
 47943 41675 11597.8976   48  146 13472.3900 10392.2144  22.9%   156 2836s
 48019 41936 11877.5083   52  150 13472.3900 10392.2144  22.9%   156 2848s
 48170 41936 12067.9056  113  143 13472.3900 10392.2144  22.9%   156 2850s
 48292 42077 12800.4217   69   70 13472.3900 10393.7843  22.9%   156 2863s
 48480 42250 10747.9060   35  213 13472.3900 10393.7843  22.9%   156 2875s
 48661 42493 11253.2614   74  129 13472.3900 10394.3058  22.8%   156 2888s
 48854 42502 12940.1600  180    4 13472.3900 10394.3058  22.8%   156 2890s
 49009 42629     cutoff  241      13472.3900 10394.3724  22.8%   156 2902s
 49134 42702 12103.0992   46  107 13472.3900 10394.9553  22.8%   156 2912s
 49228 42812     cutoff   71      13472.3900 10395.5120  22.8%   156 2924s
 49325 42812 13291.7196  145   36 13472.3900 10395.8634  22.8%   156 2925s
 49355 42878 10790.9209   41  233 13472.3900 10395.8634  22.8%   156 2933s
 49421 43010 11559.2483   81   77 13472.3900 10395.8636  22.8%   157 2944s
 49574 43106 infeasible  151      13472.3900 10396.2961  22.8%   157 2956s
 49686 43230 10947.4301   56  202 13472.3900 10396.5889  22.8%   157 2966s
 49811 43342 12206.7549  164  146 13472.3900 10397.1891  22.8%   157 2976s
 49950 43584 10972.7181   42  239 13472.3900 10397.1891  22.8%   157 2989s
 50066 43584 11975.7708  143   24 13472.3900 10397.1891  22.8%   157 2990s
 50216 43670 12552.8117  104   74 13472.3900 10397.7231  22.8%   157 3000s
 50311 43818 10960.4221   47  207 13472.3900 10397.7231  22.8%   157 3011s
 50459 43974 11910.2336  111   79 13472.3900 10398.7202  22.8%   157 3022s
 50639 44022     cutoff  159      13472.3900 10399.2595  22.8%   157 3033s
 50688 44034 11020.7407   56  314 13472.3900 10399.2595  22.8%   158 3044s
 50700 44221 11155.7669   61  219 13472.3900 10399.2595  22.8%   158 3055s
 50901 44460 12232.2997  153  115 13472.3900 10399.6920  22.8%   158 3067s
 51153 44576 10714.0761   31  260 13472.3900 10399.6920  22.8%   158 3079s
 51184 44576 11398.9683   71  136 13472.3900 10399.6920  22.8%   158 3080s
