




arguments: ./build/mirp_solver -f ./input/orig_exec_362.cfg
Current dir: /scratch/gui/bnc_mirp
File verbosity level: 9
date       time         ( uptime  ) [ thread name/id ]                   file:line     v| 
2021-01-25 23:12:07.137 (   0.229s) [main thread     ]             loguru.cpp:789   INFO| Logging to './output/vi_lex_full/OU/V4/Original/execution_25_01_2021_23_12_07.log', mode: 'a', verbosity: 9
--------------------------------------------------------------------------------
Parameters
                           instance_path           ./input/Instances/Original/4/
                            model_policy                                       1
                             nb_vehicles                                       4
                              output_dir    ./output/vi_lex_full/OU/V4/Original/
                            sec_strategy                                       1
                       solver_nb_threads                                       2
                         solver_show_log                                    true
                       solver_time_limit                                    3600
                              use_vi_cos                                   false
                              use_vi_cus                                   false
                         use_vi_hc1_full                                   false
                         use_vi_hc1_half                                   false
                      use_vi_hc1_quarter                                   false
                              use_vi_hc2                                   false
                              use_vi_hc3                                   false
                         use_vi_lex_full                                    true
                         use_vi_lex_half                                   false
                      use_vi_lex_quarter                                   false
                              use_vi_qua                                   false
                               use_vi_vc                                   false
                               use_vi_vr                                   false
--------------------------------------------------------------------------------
executing instance: ./input/Instances/Original/4/absH3low_3n30.dat
--------------------------------------------------------------------------------
Instance details
n	31
H	3
C	2841
Li:
[0, 0, 0, 0, 0, 0, 0, 0, 0, 0, 0, 0, 0, 0, 0, 0, 0, 0, 0, 0, 0, 0, 0, 0, 0, 0, 0, 0, 0, 0, 0, ]
Ui:
[0, 246, 98, 54, 144, 171, 192, 180, 165, 98, 122, 198, 297, 144, 130, 129, 219, 138, 142, 150, 108, 66, 64, 285, 180, 204, 276, 168, 240, 198, 122, ]
Distance matrix:
|0	172	56	166	260	198	42	197	296	110	91	112	238	275	323	183	330	232	175	181	162	191	232	280	201	139	356	185	266	216	26	|
|172	0	178	223	320	335	153	355	444	62	231	99	333	376	214	352	176	235	194	106	47	41	353	161	299	175	225	43	326	374	153	|
|56	178	0	110	204	162	93	233	336	125	144	148	187	226	358	180	313	284	123	152	182	185	282	252	256	88	329	177	210	251	42	|
|166	223	110	0	102	150	199	327	431	194	253	237	113	156	431	228	296	386	44	140	248	208	389	218	366	48	287	200	108	344	148	|
|260	320	204	102	0	156	296	391	493	296	340	339	66	90	531	263	362	486	127	226	349	300	469	278	454	148	334	292	6	406	245	|
|198	335	162	150	156	0	239	255	351	286	245	307	93	106	518	111	442	423	194	280	344	335	349	367	352	182	437	327	158	266	199	|
|42	153	93	199	296	239	0	203	296	91	82	76	278	316	284	217	322	191	201	186	133	180	217	281	177	165	356	175	302	222	52	|
|197	355	233	327	391	255	203	0	104	294	125	266	340	361	436	151	524	276	352	377	330	383	109	477	146	319	553	377	395	19	222	|
|296	444	336	431	493	351	296	104	0	384	214	348	440	456	488	241	617	315	456	476	412	475	113	575	176	422	651	470	497	88	322	|
|110	62	125	194	296	286	91	294	384	0	171	55	298	340	238	292	233	210	176	118	58	91	298	201	248	148	273	87	302	313	94	|
|91	231	144	253	340	245	82	125	214	171	0	141	307	339	324	184	403	187	266	266	204	261	140	363	114	230	438	256	346	144	116	|
|112	99	148	237	339	307	76	266	348	55	141	0	332	373	212	292	275	156	225	173	64	137	254	253	200	194	322	135	345	284	108	|
|238	333	187	113	66	93	278	340	440	298	307	332	0	43	536	203	404	469	153	253	354	321	427	322	420	160	385	313	67	353	229	|
|275	376	226	156	90	106	316	361	456	340	339	373	43	0	578	216	443	507	194	295	397	364	453	361	451	203	421	356	88	372	268	|
|323	214	358	431	531	518	284	436	488	238	324	212	536	578	0	498	309	176	407	320	183	245	376	344	312	383	379	251	537	451	319	|
|183	352	180	228	263	111	217	151	241	292	184	292	203	216	498	0	492	371	266	328	345	364	255	426	272	242	501	356	266	159	198	|
|330	176	313	296	362	442	322	524	617	233	403	275	404	443	309	492	0	397	253	164	218	142	529	84	475	260	72	147	367	543	306	|
|232	235	284	386	486	423	191	276	315	210	187	156	469	507	176	371	397	0	379	327	188	276	202	396	139	346	456	277	492	289	242	|
|175	194	123	44	127	194	201	352	456	176	266	225	153	194	407	266	253	379	0	101	225	174	405	174	375	36	244	166	133	370	152	|
|181	106	152	140	226	280	186	377	476	118	266	173	253	295	320	328	164	327	101	0	148	76	403	100	360	98	177	69	232	396	155	|
|162	47	182	248	349	344	133	330	412	58	204	64	354	397	183	345	218	188	225	148	0	89	316	208	259	201	270	90	355	348	149	|
|191	41	185	208	300	335	180	383	475	91	261	137	321	364	245	364	142	276	174	76	89	0	388	119	336	162	185	8	306	402	169	|
|232	353	282	389	469	349	217	109	113	298	140	254	427	453	376	255	529	202	405	403	316	388	0	497	64	369	570	384	474	112	256	|
|280	161	252	218	278	367	281	477	575	201	363	253	322	361	344	426	84	396	174	100	208	119	497	0	449	187	77	119	283	496	255	|
|201	299	256	366	454	352	177	146	176	248	114	200	420	451	312	272	475	139	375	360	259	336	64	449	0	339	521	333	460	156	223	|
|139	175	88	48	148	182	165	319	422	148	230	194	160	203	383	242	260	346	36	98	201	162	369	187	339	0	260	153	154	337	116	|
|356	225	329	287	334	437	356	553	651	273	438	322	385	421	379	501	72	456	244	177	270	185	570	77	521	260	0	187	338	572	331	|
|185	43	177	200	292	327	175	377	470	87	256	135	313	356	251	356	147	277	166	69	90	8	384	119	333	153	187	0	298	396	163	|
|266	326	210	108	6	158	302	395	497	302	346	345	67	88	537	266	367	492	133	232	355	306	474	283	460	154	338	298	0	410	251	|
|216	374	251	344	406	266	222	19	88	313	144	284	353	372	451	159	543	289	370	396	348	402	112	496	156	337	572	396	410	0	241	|
|26	153	42	148	245	199	52	222	322	94	116	108	229	268	319	198	306	242	152	155	149	169	256	255	223	116	331	163	251	241	0	|

--------------------------------------------------------------------------------
Building model...
	using lazy and cut (CVRPSEP package)
Solving IRP LP...
--------------------------------------------------------------------------------

Gurobi 9.1.0 (linux64) logging started Mon Jan 25 23:12:07 2021

Gurobi Optimizer version 9.1.0 build v9.1.0rc0 (linux64)
Thread count: 32 physical cores, 32 logical processors, using up to 2 threads
Optimize a model with 1060 rows, 6436 columns and 15742 nonzeros
Model fingerprint: 0x5470e9c8
Variable types: 484 continuous, 5952 integer (372 binary)
Coefficient statistics:
  Matrix range     [1e+00, 2e+09]
  Objective range  [1e-02, 7e+02]
  Bounds range     [1e+00, 3e+02]
  RHS range        [3e+01, 5e+03]
Warning: Model contains large matrix coefficients
         Consider reformulating model or setting NumericFocus parameter
         to avoid numerical issues.
Presolve removed 124 rows and 31 columns
Presolve time: 0.04s
Presolved: 936 rows, 6405 columns, 14927 nonzeros
Variable types: 453 continuous, 5952 integer (5592 binary)

Root relaxation: objective 2.396539e+03, 1808 iterations, 0.06 seconds

    Nodes    |    Current Node    |     Objective Bounds      |     Work
 Expl Unexpl |  Obj  Depth IntInf | Incumbent    BestBd   Gap | It/Node Time

     0     0 2396.53937    0   87          - 2396.53937      -     -    0s
     0     0 2602.90791    0  103          - 2602.90791      -     -    0s
     0     0 3189.55801    0  205          - 3189.55801      -     -    0s
     0     0 3214.18592    0  210          - 3214.18592      -     -    0s
     0     0 3214.38288    0  218          - 3214.38288      -     -    0s
     0     0 3299.37561    0  238          - 3299.37561      -     -    0s
     0     0 3302.71882    0  233          - 3302.71882      -     -    0s
     0     0 3302.84385    0  219          - 3302.84385      -     -    0s
     0     0 3374.63517    0  198          - 3374.63517      -     -    1s
     0     0 3374.92238    0  184          - 3374.92238      -     -    1s
     0     0 3494.16921    0  259          - 3494.16921      -     -    1s
     0     0 3504.37237    0  179          - 3504.37237      -     -    1s
     0     0 3519.91449    0  260          - 3519.91449      -     -    1s
     0     0 3520.41663    0  271          - 3520.41663      -     -    1s
     0     0 3530.81162    0  330          - 3530.81162      -     -    1s
     0     0 3533.64572    0  348          - 3533.64572      -     -    2s
     0     0 3534.22986    0  342          - 3534.22986      -     -    2s
     0     0 3535.06695    0  174          - 3535.06695      -     -    2s
     0     0 3541.23044    0  356          - 3541.23044      -     -    2s
     0     0 3546.85921    0  369          - 3546.85921      -     -    2s
     0     0 3547.28801    0  304          - 3547.28801      -     -    2s
     0     0 3558.03325    0  285          - 3558.03325      -     -    3s
     0     0 3560.33618    0  296          - 3560.33618      -     -    3s
     0     0 3560.43073    0  268          - 3560.43073      -     -    3s
     0     0 3561.78473    0  255          - 3561.78473      -     -    3s
     0     0 3562.47549    0  268          - 3562.47549      -     -    3s
     0     0 3567.84188    0  305          - 3567.84188      -     -    3s
     0     0 3567.84188    0  270          - 3567.84188      -     -    4s
     0     2 3569.95466    0  253          - 3569.95466      -     -    4s
     9     8 infeasible    5               - 3569.95466      -   156    5s
    88    84 3925.62284   26  193          - 3569.95466      -   247   10s
   283   308 5022.64344   99  116          - 3569.95466      -   168   15s
   499   524 6260.91391  160   30          - 3569.95466      -   126   20s
   738   699 4383.39602   63  270          - 3569.95466      -   114   25s
   764   716 5302.70827   82  517          - 3719.81707      -   110   30s
   787   732 5107.36006   60  531          - 3742.09519      -   107   35s
   814   750 5322.32711  112  508          - 3744.72144      -   104   40s
   847   773 6126.38650  154  478          - 3756.19756      -   117   45s
   865   785 4396.43946   44  458          - 3758.74158      -   115   50s
   886   801 6896.82500  188  518          - 3760.69360      -   124   55s
   897   808 3925.67852   27  497          - 3760.96915      -   122   60s
   902   814 3767.79716   41  406          - 3767.79716      -   131   65s
   928   830 3801.75791   48  347          - 3801.75791      -   139   70s
  1012   900 4285.23838   67   77          - 3819.34310      -   151   75s
  1278  1112 4776.64452  141   64          - 3819.34310      -   143   80s
H 1477  1153                    6795.2300000 3819.34310  43.8%   136   83s
  1507  1182 5717.39037  206   90 6795.23000 3819.34310  43.8%   135   85s
H 1515  1140                    6611.2299730 3819.34310  42.2%   134   85s
  1652  1229 6303.84303  245   60 6611.22997 3820.39825  42.2%   129   90s
H 1711  1152                    6403.8300000 3820.39825  40.3%   126   90s
  1763  1141 4097.18687   61  259 6403.83000 3820.39825  40.3%   132   95s
  1840  1193 4074.63763   63  135 6403.83000 3820.39825  40.3%   139  100s
  1915  1273 5110.33749  112  106 6403.83000 3820.39825  40.3%   144  105s
  2097  1407 5559.71879  173  103 6403.83000 3820.39825  40.3%   146  111s
  2243  1497 infeasible  226      6403.83000 3825.21791  40.3%   145  115s
  2453  1608 4285.95011   56  183 6403.83000 3825.21791  40.3%   140  120s
  2632  1609 4395.70358   58  254 6403.83000 3825.21791  40.3%   137  129s
  2646  1611 4361.41773   64  211 6403.83000 3825.21791  40.3%   138  130s
  2687  1661 4576.73713   74  218 6403.83000 3825.21791  40.3%   141  135s
  2794  1769 4828.77044  126  175 6403.83000 3825.21791  40.3%   144  140s
  2988  1910 5250.87276  225  160 6403.83000 3825.21791  40.3%   141  146s
  3181  2167 5502.60098  311  186 6403.83000 3825.21791  40.3%   137  151s
  3444  2307 5927.15179  421  139 6403.83000 3833.13709  40.1%   130  157s
  3581  2527 4735.24483   54  108 6403.83000 3833.13709  40.1%   131  162s
  3744  2557 infeasible   83      6403.83000 3853.76435  39.8%   127  165s
  3850  2658 5205.14270  101  116 6403.83000 3853.94944  39.8%   129  170s
  3890  2762 5608.31425  117   94 6403.83000 3853.94944  39.8%   129  175s
  4099  2976 5377.97958  134  121 6403.83000 3865.55880  39.6%   125  180s
  4242  2984 4212.82214   47  305 6403.83000 3865.55880  39.6%   122  186s
H 4248  2578                    5961.2800000 3865.55880  35.2%   122  186s
  4282  2699 4444.45474   53  206 5961.28000 3865.55880  35.2%   124  191s
  4371  2785 4877.78600   59  198 5961.28000 3865.60661  35.2%   125  195s
  4563  2917 4494.08171   61  234 5961.28000 3866.44999  35.1%   125  201s
  4690  3001 5858.95189  127  143 5961.28000 3867.04191  35.1%   125  205s
  4802  3069 4418.61236   68  280 5961.28000 3867.04191  35.1%   127  211s
  4895  3188 5639.95355  143  149 5961.28000 3875.76009  35.0%   129  219s
  4956  3218 3961.24763   45  318 5961.28000 3875.76009  35.0%   130  222s
  4986  3444 4429.17208   58  186 5961.28000 3875.76009  35.0%   132  227s
  5228  3652 5100.60173  161   48 5961.28000 3875.84374  35.0%   129  232s
  5546  3674 4021.64642   48  381 5961.28000 3875.84374  35.0%   124  237s
  5570  3840 4916.21721   62  178 5961.28000 3882.00052  34.9%   126  242s
  5764  3867 4054.89029   55  167 5961.28000 3885.51556  34.8%   126  246s
  5791  3993 4349.47403   66  139 5961.28000 3885.51556  34.8%   126  250s
  5917  4096 5535.36702  128  121 5961.28000 3885.59784  34.8%   126  255s
  6077  4184 4862.99064   50   84 5961.28000 3885.93132  34.8%   127  264s
  6146  4230 5138.07065   58  108 5961.28000 3885.93132  34.8%   128  268s
  6192  4286 5483.97010   74   54 5961.28000 3887.96004  34.8%   129  273s
  6287  4343 4019.29728   44  275 5961.28000 3887.96004  34.8%   130  277s
  6355  4485 4514.83849   59  129 5961.28000 3887.96004  34.8%   131  282s
  6497  4535 5514.88432  158  126 5961.28000 3890.15286  34.7%   130  286s
  6574  4576 4246.30406   48  315 5961.28000 3890.76208  34.7%   131  290s
  6615  4692 4860.96036   68  171 5961.28000 3894.77462  34.7%   133  296s
  6758  4754 4318.97985   49  278 5961.28000 3910.53521  34.4%   133  301s
  6820  4896 4965.89833   77  162 5961.28000 3910.53521  34.4%   133  307s
  6962  4990 5646.67870  148   91 5961.28000 3920.09654  34.2%   132  313s
  7082  5189 4576.92545   60  226 5961.28000 3922.95726  34.2%   132  319s
  7298  5236 4310.87764   56  240 5961.28000 3922.95726  34.2%   130  326s
  7360  5354 4578.52921   65   97 5961.28000 3922.95726  34.2%   133  334s
  7440  5354 5135.95169   73   35 5961.28000 3922.95726  34.2%   135  335s
  7527  5447 4689.33883   88   35 5961.28000 3922.95726  34.2%   135  344s
  7620  5655 5265.39353  110   90 5961.28000 3923.99682  34.2%   136  352s
  7863  5706 4383.48652   55  299 5961.28000 3926.86775  34.1%   135  361s
  7914  5831 5082.68958   81  103 5961.28000 3927.82203  34.1%   136  368s
  8063  5947 4612.28784   64  195 5961.28000 3928.19445  34.1%   137  374s
  8104  5947 5848.03269  105  152 5961.28000 3928.19445  34.1%   137  375s
  8197  6043 5921.45203  109  141 5961.28000 3935.06064  34.0%   137  381s
  8332  6149 5217.79352  100   76 5961.28000 3935.50536  34.0%   137  388s
  8470  6407 4524.00317   53  272 5961.28000 3936.99621  34.0%   138  396s
  8773  6541 4177.95429   46  201 5961.28000 3937.02353  34.0%   136  407s
  8909  6654 5603.50229   98  110 5961.28000 3937.10931  34.0%   136  415s
  9049  6799 4423.41258   58  288 5961.28000 3938.47412  33.9%   136  422s
  9231  6916 4239.43972   56  338 5961.28000 3940.36625  33.9%   136  429s
  9289  6916 5533.78157  114   80 5961.28000 3940.36625  33.9%   136  430s
  9407  6986 4171.04330   60  263 5961.28000 3941.67967  33.9%   137  437s
H 9462  4465                    5389.2799979 3941.67967  26.9%   137  437s
  9477  4647 4586.71013  100   97 5389.28000 3942.19123  26.9%   138  445s
  9702  4665 4222.84099   52  173 5389.28000 3943.60277  26.8%   138  453s
  9720  4724 4550.35733   59  151 5389.28000 3943.60277  26.8%   138  460s
  9779  4793 5167.26530   82  153 5389.28000 3943.66393  26.8%   141  467s
  9890  4910 4244.18516   54  284 5389.28000 3944.92495  26.8%   142  475s
 10039  5014 4197.60541   49  273 5389.28000 3945.92463  26.8%   143  483s
 10169  5222 4199.25245   50  257 5389.28000 3949.21308  26.7%   144  491s
 10400  5303     cutoff  132      5389.28000 3949.98503  26.7%   143  499s
 10490  5587 4758.90349   81  149 5389.28000 3954.68824  26.6%   145  507s
 10789  5671 4394.76661   59  237 5389.28000 3955.86399  26.6%   144  516s
 10897  5808 4354.30094   47  223 5389.28000 3961.69989  26.5%   144  524s
 11034  5808 5292.47168  111   41 5389.28000 3962.24527  26.5%   144  525s
 11063  5932 4318.40247   58  223 5389.28000 3972.20307  26.3%   145  533s
 11209  6033 4138.31916   47  254 5389.28000 3974.37433  26.3%   145  540s
 11354  6091 4316.77184   50  244 5389.28000 3975.25741  26.2%   146  548s
 11421  6187 4581.32471   61  223 5389.28000 3976.70109  26.2%   148  555s
 11527  6298 4161.45706   49  170 5389.28000 3978.65329  26.2%   149  564s
 11682  6424 4277.98840   65  301 5389.28000 3980.55872  26.1%   150  571s
 11826  6517 4106.76504   50  311 5389.28000 3980.70038  26.1%   150  580s
 11927  6625 5023.39048  113  105 5389.28000 3980.93010  26.1%   151  588s
 12053  6739 4825.42536   71   44 5389.28000 3982.32520  26.1%   151  597s
 12179  6889     cutoff  102      5389.28000 3982.43278  26.1%   152  605s
 12339  7013 5128.04376  115  123 5389.28000 3982.61712  26.1%   153  614s
 12406  7013 5127.01394  167   41 5389.28000 3982.61712  26.1%   152  615s
 12513  7159 4422.90353   57  236 5389.28000 3984.55703  26.1%   153  623s
 12682  7213 4360.86217   61  257 5389.28000 3985.74267  26.0%   153  632s
 12746  7341 4427.19444   62  282 5389.28000 3986.57712  26.0%   154  640s
 12888  7491 4668.87891   74  229 5389.28000 3987.64534  26.0%   154  651s
 13213  7586 4498.35581   59  258 5389.28000 3989.18107  26.0%   154  659s
 13270  7586 5385.37000  217    - 5389.28000 3989.66986  26.0%   154  660s
 13303  7738 4603.17034   67  109 5389.28000 3989.66986  26.0%   155  669s
 13454  7861 5373.62548   96  141 5389.28000 3991.92957  25.9%   156  677s
 13619  8009 4576.76933   59  187 5389.28000 3993.07176  25.9%   156  687s
 13806  8081 4318.05871   60  334 5389.28000 3993.27393  25.9%   156  695s
 13886  8215 5110.20848   74   18 5389.28000 3995.22668  25.9%   157  703s
 14063  8363 4321.13493   60  286 5389.28000 3997.76343  25.8%   158  712s
 14244  8414 4263.63674   61  241 5389.28000 3997.85129  25.8%   158  721s
 14295  8688 4632.35915   72  173 5389.28000 4000.28033  25.8%   159  729s
 14361  8688 5050.09863  109   36 5389.28000 4000.28033  25.8%   159  730s
 14626  8804     cutoff  159      5389.28000 4001.95453  25.7%   157  739s
 14769  8919 4436.49977   61  126 5389.28000 4002.85986  25.7%   158  747s
 14893  9021 4649.30988   66  258 5389.28000 4005.50398  25.7%   159  756s
 15010  9278 4761.28656   62   85 5389.28000 4007.95295  25.6%   160  769s
 15043  9278 4861.58549   88   32 5389.28000 4007.95295  25.6%   160  770s
 15304  9486 4688.23913   83  197 5389.28000 4010.29646  25.6%   159  780s
 15571  9593     cutoff  157      5389.28000 4011.56384  25.6%   159  789s
 15692  9663 5194.85684   96  134 5389.28000 4013.46031  25.5%   159  850s
 15784  9737 5037.16113   84   44 5389.28000 4015.28219  25.5%   160  860s
 15887  9804 5356.39008   99   57 5389.28000 4016.13063  25.5%   161  870s
 15980  9889 4249.88975   51  365 5389.28000 4018.55471  25.4%   162  879s
 16028  9889 5371.30145   99  141 5389.28000 4018.55471  25.4%   162  880s
 16098  9974 4829.38104   65  130 5389.28000 4022.33443  25.4%   163  889s
 16220 10094     cutoff   90      5389.28000 4023.91338  25.3%   164  899s
 16357 10193 4482.17881   59  218 5389.28000 4027.30158  25.3%   164  910s
 16489 10332 4363.16274   57  267 5389.28000 4028.17051  25.3%   164  919s
 16546 10332 5185.64231   73  140 5389.28000 4028.17051  25.3%   165  920s
 16662 10401 4581.80918   62  185 5389.28000 4031.27858  25.2%   165  929s
 16720 10401 4993.72153   70  185 5389.28000 4033.56656  25.2%   165  930s
 16754 10512 4685.66530   59  240 5389.28000 4033.56656  25.2%   166  939s
 16875 10643 4977.04285  102   88 5389.28000 4034.45010  25.1%   167  950s
 17078 10886 4683.79713   66   60 5389.28000 4037.41466  25.1%   168  962s
 17345 10997 4859.48216   65  181 5389.28000 4038.94567  25.1%   168  972s
H17497 10831                    5359.4699779 4038.94567  24.6%   169  983s
 17549 11045 4360.25405   50  190 5359.46998 4040.24806  24.6%   169  994s
 17811 11324 4336.27411   72  178 5359.46998 4041.31298  24.6%   169 1006s
 18121 11555 4304.79072   49  283 5359.46998 4042.16400  24.6%   168 1017s
 18396 11615 4483.92316   57   82 5359.46998 4042.88430  24.6%   168 1027s
 18483 11754 4577.94807   54  241 5359.46998 4045.59545  24.5%   169 1037s
 18679 11976 4144.21689   54  313 5359.46998 4046.66910  24.5%   170 1048s
 18928 12048 4537.79349   66  283 5359.46998 4047.48850  24.5%   170 1058s
H19032 11785                    5325.7700000 4047.56928  24.0%   171 1068s
 19109 11908 4297.96385   54  238 5325.77000 4049.34094  24.0%   171 1078s
 19281 12011 4633.40727   64  311 5325.77000 4051.69993  23.9%   172 1087s
 19415 12138 5230.16737   72  158 5325.77000 4054.73950  23.9%   172 1097s
 19567 12200 4309.82271   56  261 5325.77000 4054.85532  23.9%   173 1107s
 19645 12336     cutoff   80      5325.77000 4055.02474  23.9%   173 1117s
 19816 12414 4855.71747   73  123 5325.77000 4056.39355  23.8%   174 1127s
 19918 12517 5312.42012   71  144 5325.77000 4056.65145  23.8%   174 1137s
 20096 12787 4911.61806   65  114 5325.77000 4059.46208  23.8%   175 1149s
 20218 12787 4690.11951  108   77 5325.77000 4059.46208  23.8%   175 1150s
 20400 12918 5123.73540  192   17 5325.77000 4060.34442  23.8%   174 1160s
 20579 13043 4459.96355   56  161 5325.77000 4062.12177  23.7%   175 1170s
 20732 13165 4763.37957   86   38 5325.77000 4062.37674  23.7%   175 1180s
 20889 13259 4580.78394   61  256 5325.77000 4064.67395  23.7%   176 1190s
 21033 13381 4507.61280   59  282 5325.77000 4067.05233  23.6%   176 1200s
 21183 13506 5127.27983   71  142 5325.77000 4067.94841  23.6%   177 1211s
 21342 13636 4667.55175   68  215 5325.77000 4070.64249  23.6%   177 1221s
 21509 13838 5264.58241   85   45 5325.77000 4072.79309  23.5%   178 1232s
 21745 14006 4669.47622   71   75 5325.77000 4076.04628  23.5%   178 1243s
 21962 14107 4794.42944   73  143 5325.77000 4078.11879  23.4%   178 1253s
 22100 14311 4541.86365   58  241 5325.77000 4078.70408  23.4%   179 1263s
 22329 14394 4936.77322   62  161 5325.77000 4079.53138  23.4%   179 1274s
 22454 14572 4575.12697   68  264 5325.77000 4080.78119  23.4%   180 1284s
 22497 14572 5276.89151   79  117 5325.77000 4080.78119  23.4%   180 1285s
 22678 14695 4504.58732   53  253 5325.77000 4083.00917  23.3%   180 1295s
 22825 15058 4546.90671   63  222 5325.77000 4083.14381  23.3%   181 1307s
 23260 15275     cutoff  161      5325.77000 4083.29409  23.3%   179 1318s
 23471 15275 5013.29143  129   46 5325.77000 4083.69575  23.3%   179 1320s
 23505 15378 4963.82528   64  240 5325.77000 4084.71170  23.3%   179 1329s
 23557 15378 5107.93597   85   56 5325.77000 4084.71170  23.3%   179 1330s
 23639 15473 4221.89310   54  314 5325.77000 4085.55920  23.3%   180 1339s
 23749 15752 4644.23348   64  194 5325.77000 4086.22066  23.3%   181 1351s
 24092 15861 4722.57279   65  152 5325.77000 4086.35114  23.3%   180 1362s
 24230 15960 4566.13227   57  322 5325.77000 4087.28128  23.3%   180 1373s
 24356 16038 4226.02542   55  344 5325.77000 4088.09885  23.2%   181 1382s
 24434 16144 4603.67845   60  193 5325.77000 4088.71639  23.2%   182 1393s
 24602 16234 4287.52354   54  248 5325.77000 4089.82886  23.2%   183 1403s
 24784 16490 4195.47820   52  387 5325.77000 4091.43534  23.2%   183 1414s
 24931 16490 4930.12736  164   12 5325.77000 4091.43534  23.2%   183 1415s
 25082 16580 4745.37762   70  194 5325.77000 4092.28536  23.2%   183 1424s
 25145 16580 4583.58223   48  235 5325.77000 4093.21384  23.1%   183 1425s
 25216 16710 4579.49139   68  222 5325.77000 4093.66678  23.1%   183 1434s
 25387 16867 4858.67262   67  136 5325.77000 4094.31243  23.1%   184 1445s
 25608 17019 4364.71654   59  279 5325.77000 4096.74786  23.1%   184 1456s
 25799 17190 4460.32940   59  257 5325.77000 4097.08948  23.1%   184 1466s
 26052 17311 4636.85784   58  190 5325.77000 4097.85287  23.1%   184 1477s
 26190 17419 4516.24083   64  281 5325.77000 4098.17056  23.1%   185 1487s
 26319 17623 4621.06115   60  131 5325.77000 4098.58973  23.0%   185 1497s
 26560 17811 4958.93702   86  105 5325.77000 4098.94070  23.0%   185 1508s
 26796 17999 4264.90952   49  179 5325.77000 4100.47034  23.0%   185 1519s
 26838 17999 4798.07673   71    6 5325.77000 4100.47034  23.0%   185 1520s
 27027 18176     cutoff  126      5325.77000 4100.80269  23.0%   185 1531s
 27241 18307 4613.77658   55  193 5325.77000 4102.46442  23.0%   185 1542s
 27395 18459 4433.90393   62  291 5325.77000 4102.75696  23.0%   186 1553s
 27647 18533     cutoff  142      5325.77000 4103.27076  23.0%   186 1564s
H27699 16542                    5217.7700000 4105.55001  21.3%   186 1564s
 27754 16689 4585.14763   62  251 5217.77000 4105.55392  21.3%   186 1574s
 27832 16689 4262.49553   51  171 5217.77000 4105.80356  21.3%   186 1575s
 27932 16796 4304.02217   59  297 5217.77000 4106.04392  21.3%   187 1586s
 28067 16939 4839.00746   68  220 5217.77000 4107.32699  21.3%   187 1597s
 28245 17040 4379.85197   66  304 5217.77000 4107.58637  21.3%   188 1608s
 28389 17123 4655.70221   66  168 5217.77000 4107.96942  21.3%   188 1618s
 28543 17324 5181.38239   79  169 5217.77000 4108.88097  21.3%   189 1630s
 28796 17468 4694.61500   65  239 5217.77000 4109.86366  21.2%   189 1641s
 28986 17543 4395.31273   50  166 5217.77000 4111.21433  21.2%   189 1651s
 29086 17653 4749.90077   60  182 5217.77000 4112.05872  21.2%   190 1662s
 29230 17797 5067.57982   94   59 5217.77000 4112.48630  21.2%   190 1674s
 29280 17797 5168.16940  118   98 5217.77000 4112.48630  21.2%   190 1675s
 29518 17940 4395.81063   50  417 5217.77000 4114.74518  21.1%   190 1686s
 29682 18058 4633.65814   63  114 5217.77000 4115.92461  21.1%   190 1698s
 29858 18094 4287.27944   50  426 5217.77000 4116.38543  21.1%   191 1707s
 29894 18175 4742.85218   56  303 5217.77000 4116.41307  21.1%   192 1717s
 30015 18340 4897.11481   84  140 5217.77000 4117.32470  21.1%   192 1728s
 30228 18468 4261.16699   51  274 5217.77000 4118.60122  21.1%   192 1739s
 30394 18706 4712.36231   76  231 5217.77000 4120.15876  21.0%   193 1751s
H30598 18005                    5184.7900000 4120.15876  20.5%   192 1752s
 30709 18165 4503.84519   69  231 5184.79000 4120.48627  20.5%   192 1763s
 30920 18290 4302.98499   57  255 5184.79000 4121.32071  20.5%   192 1774s
 30968 18290 5156.81300  100   10 5184.79000 4121.32071  20.5%   192 1775s
 31071 18396 4915.80648   82  224 5184.79000 4121.64781  20.5%   192 1785s
 31213 18475 5108.28473   68  170 5184.79000 4122.44895  20.5%   193 1795s
 31318 18583 4535.23467   60  188 5184.79000 4123.24976  20.5%   194 1806s
 31476 18703 4434.76991   52  232 5184.79000 4123.90403  20.5%   194 1817s
 31629 18827 4826.62194   75  105 5184.79000 4125.29167  20.4%   194 1828s
 31816 18909 4853.57408   76  205 5184.79000 4125.79540  20.4%   195 1838s
 31930 19032 4466.75181   58  125 5184.79000 4126.40410  20.4%   195 1849s
 32080 19032 5138.40652   76  148 5184.79000 4126.53345  20.4%   196 1850s
 32090 19196 5021.92001  104  185 5184.79000 4126.72745  20.4%   196 1860s
 32292 19338 4643.75637   59  220 5184.79000 4127.77557  20.4%   196 1871s
H32477 16753                    5086.7300000 4127.85365  18.9%   196 1881s
 32634 16891 4400.57241   54  214 5086.73000 4128.56291  18.8%   196 1892s
 32828 16994 4580.51716   56  312 5086.73000 4130.12642  18.8%   196 1902s
 32971 17054 4371.56681   56  299 5086.73000 4130.86549  18.8%   197 1913s
 33091 17142 4444.48642   56  187 5086.73000 4132.51784  18.8%   197 1923s
 33227 17280 4371.33963   63  213 5086.73000 4132.69065  18.8%   198 1933s
 33414 17369 5035.06503   74  194 5086.73000 4133.74796  18.7%   198 1943s
 33569 17504 4761.71686   69  125 5086.73000 4134.80577  18.7%   198 1954s
 33645 17504 4764.85738   68  244 5086.73000 4135.92629  18.7%   198 1955s
 33743 17732 4391.28496   61  251 5086.73000 4135.98750  18.7%   199 1966s
 34032 17866 4628.70941   57  165 5086.73000 4136.30630  18.7%   198 1977s
 34217 17953 4693.60305   68  256 5086.73000 4137.64253  18.7%   199 1988s
 34334 18069 4804.19693   75  140 5086.73000 4137.81306  18.7%   199 1999s
 34378 18069 4438.83161   55  182 5086.73000 4137.96935  18.7%   200 2000s
 34481 18158 5052.65528   60  199 5086.73000 4138.09345  18.6%   200 2010s
 34658 18247 4233.24562   52  337 5086.73000 4138.69916  18.6%   200 2020s
 34785 18355 4321.45439   60  230 5086.73000 4139.77895  18.6%   201 2030s
 34936 18457 4512.61401   67  158 5086.73000 4140.94334  18.6%   201 2046s
 35083 18606 4388.71981   65  290 5086.73000 4142.39170  18.6%   201 2056s
H35279 17905                    5058.8700000 4144.06687  18.1%   201 2067s
 35421 17990 4804.47808   69  225 5058.87000 4145.13346  18.1%   202 2078s
 35579 18068 4485.45996   50  173 5058.87000 4146.06364  18.0%   202 2088s
 35681 18185 4646.57247   65  241 5058.87000 4146.07945  18.0%   203 2103s
 35854 18312 4384.05751   53  344 5058.87000 4146.85787  18.0%   203 2114s
 36023 18402 4811.23983   83  174 5058.87000 4147.02288  18.0%   203 2124s
 36090 18402 4629.86905   61  100 5058.87000 4147.02288  18.0%   204 2125s
 36146 18491 4796.02857   64  147 5058.87000 4148.33301  18.0%   204 2139s
 36307 18621 4306.06832   60  236 5058.87000 4149.29865  18.0%   204 2150s
 36505 18742 5043.17680   66  133 5058.87000 4149.51476  18.0%   204 2161s
 36674 18856 4928.00753   70  171 5058.87000 4150.39503  18.0%   205 2173s
 36870 19011     cutoff   82      5058.87000 4152.56420  17.9%   205 2184s
H36872 18599                    5046.8700000 4152.56420  17.7%   205 2188s
 37060 18673     cutoff   97      5046.87000 4152.94167  17.7%   205 2200s
 37168 18818 4924.25637   72  164 5046.87000 4153.07936  17.7%   206 2210s
 37379 18955 4587.29847   64  171 5046.87000 4154.23635  17.7%   206 2222s
 37563 19050 4810.61563   72  242 5046.87000 4154.73252  17.7%   206 2233s
 37719 19152 4344.09959   53  411 5046.87000 4155.59889  17.7%   206 2244s
 37774 19152 4864.87138   74  116 5046.87000 4155.59889  17.7%   206 2245s
 37889 19304     cutoff   84      5046.87000 4155.74821  17.7%   207 2256s
 38105 19461     cutoff  113      5046.87000 4156.29726  17.6%   207 2268s
 38293 19572     cutoff   69      5046.87000 4157.19802  17.6%   207 2280s
 38474 19682 4730.35280   68  132 5046.87000 4157.48217  17.6%   207 2291s
 38648 19755     cutoff   87      5046.87000 4157.78816  17.6%   207 2301s
 38763 19882 4529.50503   59  215 5046.87000 4158.30252  17.6%   208 2312s
 38944 19990 4607.60033   60  133 5046.87000 4158.70875  17.6%   208 2323s
 39100 20078     cutoff   75      5046.87000 4160.11723  17.6%   208 2333s
 39223 20250     cutoff   71      5046.87000 4160.60694  17.6%   209 2344s
 39388 20250 4721.03469   85   29 5046.87000 4161.12813  17.6%   209 2345s
 39451 20351 4353.16637   54  307 5046.87000 4161.38753  17.5%   209 2355s
 39577 20439 4901.97188   74  219 5046.87000 4161.95521  17.5%   209 2366s
 39709 20529 4835.93929   71   65 5046.87000 4163.10385  17.5%   210 2376s
 39855 20610 4924.27131   62  251 5046.87000 4163.79272  17.5%   210 2388s
 39987 20743 4306.96592   57  286 5046.87000 4165.36549  17.5%   210 2399s
 40054 20743 4989.20497   72  218 5046.87000 4165.36549  17.5%   210 2400s
 40191 20815 4587.24432   62  254 5046.87000 4166.48425  17.4%   210 2410s
 40327 20957 4627.61622   60  273 5046.87000 4167.22355  17.4%   211 2421s
 40525 21091 4485.40313   60  306 5046.87000 4167.71521  17.4%   211 2432s
 40702 21251 4925.35561   81   81 5046.87000 4168.35157  17.4%   211 2444s
 40914 21403 4570.09477   60  195 5046.87000 4169.03785  17.4%   211 2455s
 41093 21554 4761.55080   97   31 5046.87000 4169.18660  17.4%   211 2466s
 41315 21693 4538.66316   69  189 5046.87000 4169.93412  17.4%   211 2478s
 41560 21808 4658.73271   70  210 5046.87000 4170.32461  17.4%   211 2490s
 41731 21984 4342.24549   64  241 5046.87000 4171.72568  17.3%   212 2501s
 41962 22051 4625.25241   67  271 5046.87000 4172.63452  17.3%   212 2512s
H42011 20221                    4997.8699888 4172.63452  16.5%   212 2512s
H42071 18318                    4946.4800000 4173.63273  15.6%   212 2523s
 42196 18405 4533.30178   50  269 4946.48000 4174.26785  15.6%   213 2534s
 42352 18488 4340.51370   50  226 4946.48000 4176.07366  15.6%   213 2544s
 42473 18587 4385.38463   59  238 4946.48000 4176.45989  15.6%   213 2556s
 42628 18650 4351.23453   59  278 4946.48000 4177.38750  15.5%   213 2567s
 42768 18806 4432.66720   59  128 4946.48000 4177.79638  15.5%   214 2578s
 42965 18922 4350.01906   51  187 4946.48000 4178.71116  15.5%   214 2589s
 43026 18925 4727.87939   75  109 4946.48000 4178.71116  15.5%   214 2590s
 43123 18999     cutoff   80      4946.48000 4179.37107  15.5%   214 2600s
 43229 19121 4611.13961   55  111 4946.48000 4179.87426  15.5%   215 2611s
 43407 19214 4392.63713   52  136 4946.48000 4180.92117  15.5%   215 2623s
 43551 19314 4651.93181   67  155 4946.48000 4182.03897  15.5%   215 2634s
 43706 19383     cutoff   90      4946.48000 4182.90999  15.4%   215 2645s
 43834 19480 4471.69847   49  359 4946.48000 4183.36848  15.4%   216 2656s
 43985 19599 4581.94945   55  230 4946.48000 4184.25630  15.4%   216 2667s
 44161 19705 4673.01716   59  197 4946.48000 4184.82397  15.4%   216 2677s
 44329 19857 4378.05985   53  167 4946.48000 4186.50005  15.4%   217 2690s
 44584 19936 4615.31511   54  181 4946.48000 4187.43795  15.3%   217 2701s
 44707 20028 4295.94973   56  368 4946.48000 4188.24421  15.3%   217 2712s
 44848 20144 4466.58234   64  186 4946.48000 4188.62632  15.3%   217 2723s
 45026 20234 4889.38503   72  114 4946.48000 4189.59189  15.3%   217 2734s
 45125 20234 4575.88446   63  249 4946.48000 4190.08440  15.3%   217 2735s
 45174 20288 4849.05025   63  254 4946.48000 4190.44971  15.3%   218 2745s
 45316 20385 4383.70667   59  260 4946.48000 4190.52199  15.3%   218 2756s
 45485 20462 4280.21010   59  265 4946.48000 4190.93568  15.3%   218 2767s
 45592 20560 4647.17423   57   91 4946.48000 4191.59750  15.3%   219 2778s
 45740 20641 4817.52405   69  232 4946.48000 4193.35977  15.2%   219 2789s
 45805 20641 4536.00982   56  303 4946.48000 4193.73007  15.2%   219 2790s
 45865 20715 4349.46737   51  259 4946.48000 4193.73770  15.2%   219 2800s
 45997 20863 4634.08123   71  176 4946.48000 4194.20331  15.2%   220 2811s
 46213 20940 4762.10975   73  341 4946.48000 4195.56730  15.2%   220 2822s
 46347 20996 4917.21407   83  178 4946.48000 4196.23026  15.2%   220 2838s
 46441 21103 4358.58960   60  273 4946.48000 4196.88672  15.2%   221 2849s
 46495 21103 4907.97085   74  180 4946.48000 4196.88672  15.2%   221 2850s
 46615 21176 4433.78490   54  301 4946.48000 4197.34407  15.1%   221 2861s
 46754 21284 4629.53122   52  240 4946.48000 4197.95974  15.1%   221 2873s
 46910 21391 4615.88492   55  149 4946.48000 4198.39900  15.1%   222 2884s
 47005 21391 4807.60767   70  152 4946.48000 4198.39900  15.1%   222 2885s
 47063 21471 4874.83242   72  167 4946.48000 4198.65944  15.1%   222 2895s
 47191 21576 4512.65133   58  265 4946.48000 4199.11831  15.1%   222 2906s
 47386 21657 4293.31306   54  222 4946.48000 4199.50767  15.1%   222 2918s
 47562 21739 4525.36652   67  218 4946.48000 4199.69960  15.1%   223 2929s
 47714 21849     cutoff   78      4946.48000 4200.20867  15.1%   223 2940s
 47876 21991 4769.60211   73  252 4946.48000 4200.58851  15.1%   223 2951s
 48085 22075 4667.92813   68  189 4946.48000 4201.61728  15.1%   223 2962s
 48209 22197 4829.26680   65  181 4946.48000 4201.69727  15.1%   223 2974s
 48301 22197 4704.59599   78   42 4946.48000 4201.69727  15.1%   223 2975s
 48418 22278     cutoff   82      4946.48000 4202.21875  15.0%   224 2985s
 48541 22408 4427.23156   57  119 4946.48000 4202.96607  15.0%   224 2999s
 48691 22408 4597.36346   80  106 4946.48000 4203.45838  15.0%   224 3000s
 48737 22542 4677.87158   62  118 4946.48000 4203.50801  15.0%   224 3011s
 48920 22602 4620.60469   67  305 4946.48000 4203.98934  15.0%   224 3023s
 49032 22670 4818.87318   67  206 4946.48000 4204.67664  15.0%   225 3035s
 49173 22807 4450.43903   63  246 4946.48000 4205.84037  15.0%   225 3046s
 49362 22882 4726.94948   54  163 4946.48000 4207.25104  14.9%   225 3056s
 49484 22997 4723.69189   58  222 4946.48000 4207.78507  14.9%   225 3069s
 49674 23066 4460.76061   55  340 4946.48000 4208.41023  14.9%   226 3081s
 49799 23207 4644.06040   56  279 4946.48000 4208.58963  14.9%   226 3093s
 50009 23312 4481.25772   64  180 4946.48000 4208.91984  14.9%   226 3105s
 50185 23371 4581.95086   60  240 4946.48000 4209.48356  14.9%   226 3116s
 50300 23466 4539.84007   66  217 4946.48000 4209.82604  14.9%   227 3132s
H50357 19514                    4859.5000000 4209.82604  13.4%   227 3133s
 50445 19572 infeasible   60      4859.50000 4210.06394  13.4%   227 3143s
 50570 19623 4755.44214   71  190 4859.50000 4210.69574  13.4%   227 3154s
 50652 19623 4817.45889   69  239 4859.50000 4210.85481  13.3%   227 3155s
 50723 19664 4709.86060   62  320 4859.50000 4210.93988  13.3%   228 3165s
 50830 19761 4512.69351   63  246 4859.50000 4211.91173  13.3%   228 3184s
 50989 19871 4382.84900   60  192 4859.50000 4212.82772  13.3%   228 3196s
 51152 19955 4500.69743   53  270 4859.50000 4213.54197  13.3%   229 3208s
 51290 20043 4375.20720   48  299 4859.50000 4214.05976  13.3%   229 3219s
 51433 20142 4716.95779   67  200 4859.50000 4214.36369  13.3%   229 3231s
 51628 20220 4419.92474   56  294 4859.50000 4214.88373  13.3%   229 3243s
 51757 20296 4504.15460   55  291 4859.50000 4215.56689  13.3%   230 3254s
 51818 20296 4336.89674   59  169 4859.50000 4215.56689  13.3%   230 3255s
 51921 20414 4382.99626   63  264 4859.50000 4216.22882  13.2%   230 3266s
 52095 20469 4829.49378   68  204 4859.50000 4216.61121  13.2%   230 3278s
 52196 20534 4510.94123   51  205 4859.50000 4217.13166  13.2%   231 3288s
 52319 20619 4520.28090   54  263 4859.50000 4217.63285  13.2%   231 3300s
 52472 20686 4611.01059   64  268 4859.50000 4218.84214  13.2%   231 3311s
 52602 20786 4465.92894   49  321 4859.50000 4219.42480  13.2%   231 3323s
 52764 20871 4573.17379   68  288 4859.50000 4220.22139  13.2%   232 3335s
 52903 20968     cutoff   86      4859.50000 4220.61617  13.1%   232 3346s
 53042 21025 4676.21235   75  140 4859.50000 4220.89251  13.1%   232 3358s
H53120 19335                    4825.5200000 4220.89251  12.5%   232 3358s
 53201 19416 4389.01426   53  330 4825.52000 4221.29284  12.5%   232 3369s
 53329 19502 4716.91462   66  166 4825.52000 4221.82844  12.5%   233 3405s
 53515 19582 4525.52123   59  218 4825.52000 4222.28808  12.5%   233 3417s
 53658 19613 4768.61115   78   53 4825.52000 4222.80162  12.5%   233 3431s
 53767 19670 4587.47145   63  205 4825.52000 4223.31794  12.5%   234 3442s
