




arguments: ./build/mirp_solver -f ./input/orig_exec_349.cfg
Current dir: /scratch/gui/bnc_mirp
File verbosity level: 9
date       time         ( uptime  ) [ thread name/id ]                   file:line     v| 
2021-01-23 14:38:45.414 (   0.057s) [main thread     ]             loguru.cpp:789   INFO| Logging to './output/vi_lex_full/OU/V4/Original/execution_23_01_2021_14_38_45.log', mode: 'a', verbosity: 9
--------------------------------------------------------------------------------
Parameters
                           instance_path           ./input/Instances/Original/3/
                            model_policy                                       1
                             nb_vehicles                                       4
                              output_dir    ./output/vi_lex_full/OU/V4/Original/
                            sec_strategy                                       1
                       solver_nb_threads                                       2
                         solver_show_log                                    true
                       solver_time_limit                                    3600
                              use_vi_cos                                   false
                              use_vi_cus                                   false
                         use_vi_hc1_full                                   false
                         use_vi_hc1_half                                   false
                      use_vi_hc1_quarter                                   false
                              use_vi_hc2                                   false
                              use_vi_hc3                                   false
                         use_vi_lex_full                                    true
                         use_vi_lex_half                                   false
                      use_vi_lex_quarter                                   false
                              use_vi_qua                                   false
                               use_vi_vc                                   false
                               use_vi_vr                                   false
--------------------------------------------------------------------------------
executing instance: ./input/Instances/Original/3/absH3low_2n5.dat
--------------------------------------------------------------------------------
Instance details
n	6
H	3
C	237
Li:
[0, 0, 0, 0, 0, 0, ]
Ui:
[0, 93, 180, 51, 114, 24, ]
Distance matrix:
|0	170	318	35	112	235	|
|170	0	311	205	258	301	|
|318	311	0	326	278	137	|
|35	205	326	0	89	230	|
|112	258	278	89	0	160	|
|235	301	137	230	160	0	|

--------------------------------------------------------------------------------
Building model...
	using lazy and cut (CVRPSEP package)
Solving IRP LP...
--------------------------------------------------------------------------------

Gurobi 9.1.0 (linux64) logging started Sat Jan 23 14:38:45 2021

Gurobi Optimizer version 9.1.0 build v9.1.0rc0 (linux64)
Thread count: 32 physical cores, 32 logical processors, using up to 2 threads
Optimize a model with 210 rows, 336 columns and 1167 nonzeros
Model fingerprint: 0x4b69ba80
Variable types: 84 continuous, 252 integer (72 binary)
Coefficient statistics:
  Matrix range     [1e+00, 2e+02]
  Objective range  [1e-02, 3e+02]
  Bounds range     [1e+00, 2e+02]
  RHS range        [1e+01, 5e+02]
Presolve removed 24 rows and 22 columns
Presolve time: 0.01s

Explored 0 nodes (0 simplex iterations) in 0.01 seconds
Thread count was 1 (of 32 available processors)

Solution count 0

Model is infeasible
Best objective -, best bound -, gap -

User-callback calls 34, time in user-callback 0.00 sec

Computing Irreducible Inconsistent Subsystem (IIS)...

           Constraints          |            Bounds           |  Runtime
      Min       Max     Guess   |   Min       Max     Guess   |
--------------------------------------------------------------------------
        0       210         -         0       464         -           0s
       30        30         -        49        49         -           0s

IIS computed: 30 constraints, 49 bounds
IIS runtime: 0.39 seconds
================================================================================
executing instance: ./input/Instances/Original/3/absH3high_5n30.dat
--------------------------------------------------------------------------------
Instance details
n	31
H	3
C	2296
Li:
[0, 0, 0, 0, 0, 0, 0, 0, 0, 0, 0, 0, 0, 0, 0, 0, 0, 0, 0, 0, 0, 0, 0, 0, 0, 0, 0, 0, 0, 0, 0, ]
Ui:
[0, 80, 90, 297, 28, 264, 123, 192, 112, 32, 72, 88, 294, 129, 126, 105, 110, 237, 246, 92, 72, 147, 54, 96, 128, 96, 84, 28, 74, 196, 192, ]
Distance matrix:
|0	87	302	65	389	171	219	120	412	339	129	63	169	401	383	158	393	161	246	275	64	287	345	235	13	274	106	201	85	358	135	|
|87	0	334	128	402	212	301	204	465	384	187	145	232	424	454	238	475	245	289	352	80	307	352	321	81	352	20	261	170	376	215	|
|302	334	0	239	113	132	237	334	157	70	404	263	162	105	227	229	339	251	65	217	259	53	107	352	293	220	339	134	270	75	235	|
|65	128	239	0	330	107	175	130	348	275	174	40	107	339	326	114	351	125	181	224	58	228	290	222	58	224	143	138	65	297	92	|
|389	402	113	330	0	226	349	438	210	151	502	360	269	48	316	339	441	362	175	328	335	102	55	465	377	330	401	245	371	37	342	|
|171	212	132	107	226	0	169	214	253	173	276	134	64	233	261	130	326	153	77	188	133	125	192	264	162	190	220	68	145	193	125	|
|219	301	237	175	349	169	0	157	257	223	244	157	105	334	180	62	175	61	177	63	233	264	334	118	221	61	317	112	136	312	85	|
|120	204	334	130	438	214	157	0	402	348	88	90	173	438	336	115	307	100	269	220	172	338	406	122	130	218	224	204	69	403	101	|
|412	465	157	348	210	253	257	402	0	88	486	359	245	166	129	287	266	303	178	204	386	208	239	370	406	207	473	212	354	187	304	|
|339	384	70	275	151	173	223	348	88	0	427	291	179	120	166	234	290	254	96	187	306	123	166	342	332	190	391	145	291	119	247	|
|129	187	404	174	502	276	244	88	486	427	0	142	248	508	424	200	390	187	342	308	193	400	464	192	142	306	207	281	136	469	182	|
|63	145	263	40	360	134	157	90	359	291	142	0	114	366	321	95	331	99	202	212	90	258	323	186	65	211	163	148	27	327	72	|
|169	232	162	107	269	64	105	173	245	179	248	114	0	266	222	71	268	94	97	131	155	173	244	203	164	132	245	34	113	233	73	|
|401	424	105	339	48	233	334	438	166	120	508	366	266	0	280	332	409	355	169	305	353	117	96	452	391	308	425	237	374	49	339	|
|383	454	227	326	316	261	180	336	129	166	424	321	222	280	0	231	137	238	208	116	376	277	331	272	381	118	467	197	307	285	253	|
|158	238	229	114	339	130	62	115	287	234	200	95	71	332	231	0	238	23	164	118	171	243	314	134	159	117	255	95	77	302	23	|
|393	475	339	351	441	326	175	307	266	290	390	331	268	409	137	238	0	232	300	138	408	383	445	204	395	136	492	258	308	406	260	|
|161	245	251	125	362	153	61	100	303	254	187	99	94	355	238	23	232	0	187	123	183	267	338	111	164	121	262	117	77	325	34	|
|246	289	65	181	175	77	177	269	178	96	342	202	97	169	208	164	300	187	0	168	210	87	157	290	238	171	296	70	206	138	170	|
|275	352	217	224	328	188	63	220	204	187	308	212	131	305	116	118	138	123	168	0	279	255	322	166	275	3	367	120	195	291	141	|
|64	80	259	58	335	133	233	172	386	306	193	90	155	353	376	171	408	183	210	279	0	236	289	276	51	279	90	182	117	307	150	|
|287	307	53	228	102	125	264	338	208	123	400	258	173	117	277	243	383	267	87	255	236	0	71	374	276	257	308	153	270	71	245	|
|345	352	107	290	55	192	334	406	239	166	464	323	244	96	331	314	445	338	157	322	289	71	0	445	334	325	350	224	337	54	315	|
|235	321	352	222	465	264	118	122	370	342	192	186	203	452	272	134	204	111	290	166	276	374	445	0	243	164	341	221	159	428	142	|
|13	81	293	58	377	162	221	130	406	332	142	65	164	391	381	159	395	164	238	275	51	276	334	243	0	274	100	196	89	347	136	|
|274	352	220	224	330	190	61	218	207	190	306	211	132	308	118	117	136	121	171	3	279	257	325	164	274	0	367	122	194	294	140	|
|106	20	339	143	401	220	317	224	473	391	207	163	245	425	467	255	492	262	296	367	90	308	350	341	100	367	0	272	188	377	232	|
|201	261	134	138	245	68	112	204	212	145	281	148	34	237	197	95	258	117	70	120	182	153	224	221	196	122	272	0	146	208	103	|
|85	170	270	65	371	145	136	69	354	291	136	27	113	374	307	77	308	77	206	195	117	270	337	159	89	194	188	146	0	337	54	|
|358	376	75	297	37	193	312	403	187	119	469	327	233	49	285	302	406	325	138	291	307	71	54	428	347	294	377	208	337	0	306	|
|135	215	235	92	342	125	85	101	304	247	182	72	73	339	253	23	260	34	170	141	150	245	315	142	136	140	232	103	54	306	0	|

--------------------------------------------------------------------------------
Building model...
	using lazy and cut (CVRPSEP package)
Solving IRP LP...
--------------------------------------------------------------------------------

Gurobi 9.1.0 (linux64) logging started Sat Jan 23 14:38:46 2021

Gurobi Optimizer version 9.1.0 build v9.1.0rc0 (linux64)
Thread count: 32 physical cores, 32 logical processors, using up to 2 threads
Optimize a model with 1060 rows, 6436 columns and 15742 nonzeros
Model fingerprint: 0x71004918
Variable types: 484 continuous, 5952 integer (372 binary)
Coefficient statistics:
  Matrix range     [1e+00, 2e+09]
  Objective range  [1e-01, 5e+02]
  Bounds range     [1e+00, 3e+02]
  RHS range        [1e+01, 4e+03]
Warning: Model contains large matrix coefficients
         Consider reformulating model or setting NumericFocus parameter
         to avoid numerical issues.
Presolve removed 124 rows and 31 columns
Presolve time: 0.04s
Presolved: 936 rows, 6405 columns, 14927 nonzeros
Variable types: 453 continuous, 5952 integer (5592 binary)

Root relaxation: objective 9.007851e+03, 1335 iterations, 0.04 seconds

    Nodes    |    Current Node    |     Objective Bounds      |     Work
 Expl Unexpl |  Obj  Depth IntInf | Incumbent    BestBd   Gap | It/Node Time

     0     0 9007.85143    0  117          - 9007.85143      -     -    0s
     0     0 9257.73156    0  147          - 9257.73156      -     -    0s
     0     0 9292.99795    0  150          - 9292.99795      -     -    0s
     0     0 9301.51709    0  150          - 9301.51709      -     -    0s
     0     0 9306.15194    0  137          - 9306.15194      -     -    0s
     0     0 9308.28150    0  144          - 9308.28150      -     -    0s
     0     0 9308.28428    0  141          - 9308.28428      -     -    0s
     0     0 9655.95933    0  195          - 9655.95933      -     -    0s
     0     0 9655.95933    0  113          - 9655.95933      -     -    0s
     0     0 9655.95933    0  120          - 9655.95933      -     -    1s
     0     0 9655.95933    0  173          - 9655.95933      -     -    1s
     0     0 9664.21225    0  182          - 9664.21225      -     -    1s
     0     0 9670.37798    0  189          - 9670.37798      -     -    1s
     0     0 9671.16461    0  187          - 9671.16461      -     -    1s
     0     0 9671.39743    0  180          - 9671.39743      -     -    1s
     0     0 9856.26752    0  208          - 9856.26752      -     -    1s
     0     0 9879.46864    0  197          - 9879.46864      -     -    1s
     0     0 9879.47771    0  192          - 9879.47771      -     -    1s
     0     0 9946.22559    0  215          - 9946.22559      -     -    1s
     0     0 9956.14518    0  220          - 9956.14518      -     -    1s
     0     0 9958.98523    0  243          - 9958.98523      -     -    1s
     0     0 9959.21541    0  247          - 9959.21541      -     -    1s
     0     0 9984.34575    0  260          - 9984.34575      -     -    1s
     0     0 9985.49887    0  253          - 9985.49887      -     -    2s
     0     0 9986.07018    0  249          - 9986.07018      -     -    2s
     0     0 9996.65591    0  276          - 9996.65591      -     -    2s
     0     0 9998.30801    0  233          - 9998.30801      -     -    2s
     0     0 9998.82945    0  262          - 9998.82945      -     -    2s
     0     0 10005.0853    0  290          - 10005.0853      -     -    2s
     0     0 10006.7991    0  277          - 10006.7991      -     -    3s
     0     2 10011.2544    0  277          - 10011.2544      -     -    3s
    33    38 10039.0120   10  224          - 10016.9606      -   248    5s
   284   309 11318.5624   69  176          - 10016.9606      -   135   10s
*  607   549             196    14066.360000 10017.0106  28.8%  90.2   14s
*  615   552             194    14048.360000 10017.0106  28.7%  89.1   14s
   622   562 10237.0714    7  234 14048.3600 10017.0106  28.7%  92.0   15s
   713   645 10520.1862   28  117 14048.3600 10017.0106  28.7%  97.8   21s
H  729   626                    13737.360000 10017.0106  27.1%  98.7   23s
   738   632 11949.8861  106  323 13737.3600 10027.8723  27.0%  97.5   25s
H  757   611                    13723.360000 10054.6767  26.7%  95.1   26s
   799   639 11750.9080   89  434 13723.3600 10071.4799  26.6%  90.1   30s
   854   677 10501.1137   30  429 13723.3600 10076.4786  26.6%   100   35s
H  861   647                    13723.240000 10079.1526  26.6%  99.0   35s
   903   675 11243.2530   51  408 13723.2400 10086.0873  26.5%  94.4   40s
   942   704 10091.8405   26  413 13723.2400 10090.8201  26.5%   101   46s
   958   715 10107.5674   30  390 13723.2400 10101.0722  26.4%   105   50s
H  967   685                    13646.960000 10103.2498  26.0%   109   51s
   998   695 infeasible   38      13646.9600 10103.2498  26.0%   124   55s
  1044   735 10395.8935   47  194 13646.9600 10103.2498  26.0%   132   60s
H 1081   720                    13550.960000 10103.2498  25.4%   136   62s
H 1117   706                    13467.000000 10103.2498  25.0%   138   64s
  1123   721 10693.3641   61  204 13467.0000 10103.2498  25.0%   139   65s
  1202   775 10874.2764   78  182 13467.0000 10103.2498  25.0%   143   71s
  1272   826 11032.6153   94  222 13467.0000 10103.2498  25.0%   146   76s
  1346   893 11043.7936  104  209 13467.0000 10103.2498  25.0%   149   80s
  1480   993 11102.9404  123  157 13467.0000 10103.2498  25.0%   153   85s
  1549  1013 11119.8181  131  198 13467.0000 10103.2498  25.0%   154   90s
  1751  1097 11414.3736  157  126 13467.0000 10103.2498  25.0%   150   96s
H 1843  1118                    13411.580000 10103.2498  24.7%   152  100s
  1985  1297 12093.3485  239   40 13411.5800 10103.2498  24.7%   151  107s
H 2074  1234                    13382.460000 10103.2498  24.5%   149  107s
  2108  1228 10379.3149   30  249 13382.4600 10103.2528  24.5%   151  112s
  2154  1277 10456.5040   37  170 13382.4600 10103.2528  24.5%   152  115s
  2274  1407 10830.1491   43  159 13382.4600 10103.2528  24.5%   155  122s
  2401  1395 10886.9147   48  180 13382.4600 10103.2528  24.5%   153  126s
  2450  1420 11057.8975   67   88 13382.4600 10103.2528  24.5%   157  131s
  2491  1457 11259.1744   92  160 13382.4600 10103.2528  24.5%   158  135s
  2549  1534 11391.8258  118  164 13382.4600 10103.2528  24.5%   161  142s
  2611  1646 11494.1788  152  129 13382.4600 10103.2528  24.5%   159  145s
  2839  1844 12188.9598  253   38 13382.4600 10103.2528  24.5%   153  151s
  2921  1916 12731.9744  268   68 13382.4600 10103.2528  24.5%   152  156s
  2997  1929 12912.6760  279   16 13382.4600 10103.2528  24.5%   150  160s
  3277  2344 13065.5700  284    - 13382.4600 10113.3968  24.4%   141  169s
  3484  2364 13068.9600  284    4 13382.4600 10121.4706  24.4%   137  172s
  3507  2397 10237.9203   32  389 13382.4600 10121.4706  24.4%   139  175s
  3569  2443 10400.2950   40  221 13382.4600 10121.4706  24.4%   142  182s
  3599  2496 10564.0216   58  140 13382.4600 10121.4706  24.4%   143  185s
  3745  2800 11208.6731  117   99 13382.4600 10121.4706  24.4%   144  193s
  3960  3005 11460.8265  194   80 13382.4600 10121.4706  24.4%   139  199s
  4193  3099 12699.6295  335   35 13382.4600 10137.8432  24.2%   134  203s
  4332  3236 10258.8159   33  367 13382.4600 10137.8432  24.2%   132  207s
  4469  3354 10467.5080   42  222 13382.4600 10137.8432  24.2%   131  211s
  4676  3429 infeasible  147      13382.4600 10143.7337  24.2%   131  218s
  4712  3526 10342.6518   35  264 13382.4600 10143.7337  24.2%   133  222s
  4819  3581 10411.7183   39  217 13382.4600 10143.7337  24.2%   133  226s
  4874  3676 10484.3571   46  176 13382.4600 10143.7337  24.2%   135  231s
  4971  3835 10994.1774   66  112 13382.4600 10143.7337  24.2%   134  236s
  5145  4010 11158.4791  108   80 13382.4600 10143.7337  24.2%   134  242s
  5357  4138     cutoff  200      13382.4600 10177.9873  23.9%   132  249s
  5475  4138 13064.5424  155   61 13382.4600 10179.0172  23.9%   132  250s
  5499  4314 10665.7326   46  218 13382.4600 10179.0172  23.9%   133  255s
  5675  4707 11688.0724  181   85 13382.4600 10180.5164  23.9%   132  262s
  6094  4731 10428.7707   39  302 13382.4600 10189.1661  23.9%   126  267s
  6118  4782 10438.1888   41  314 13382.4600 10189.1661  23.9%   129  272s
  6169  4942 11601.8325   56  167 13382.4600 10189.1661  23.9%   131  278s
  6329  5076 12499.4564   84   77 13382.4600 10192.2241  23.8%   131  284s
  6536  5105 10547.2099   36  361 13382.4600 10193.3405  23.8%   131  289s
  6565  5299 11132.1621   58  129 13382.4600 10196.4314  23.8%   132  295s
  6779  5468 10539.6462   36  282 13382.4600 10196.4314  23.8%   131  302s
  6962  5577 11374.1361   77   67 13382.4600 10198.2498  23.8%   129  308s
  7101  5677     cutoff  180      13382.4600 10202.0892  23.8%   129  313s
  7201  5831 10542.5749   43  282 13382.4600 10202.0892  23.8%   130  318s
  7365  6074 12044.0666  140  124 13382.4600 10209.1022  23.7%   129  326s
  7655  6289 10536.4384   47  188 13382.4600 10210.7149  23.7%   127  334s
  7884  6317 10307.2320   35  381 13382.4600 10211.6064  23.7%   127  341s
  7912  6371 10500.6051   41  248 13382.4600 10211.6064  23.7%   130  348s
  7966  6479 10701.4014   50  217 13382.4600 10211.6064  23.7%   132  355s
  8074  6688 10873.7008   69  187 13382.4600 10211.6064  23.7%   134  362s
  8283  7118 11259.5946  122  129 13382.4600 10211.6064  23.7%   136  372s
  8716  7425 11715.9481  240   56 13382.4600 10214.0349  23.7%   135  384s
  8926  7425 13123.9804  345   12 13382.4600 10214.0349  23.7%   133  385s
  9086  7722 10594.1829   33  392 13382.4600 10215.0018  23.7%   133  392s
  9401  7968 11084.8808   55  212 13382.4600 10222.6116  23.6%   131  401s
  9662  8128 10308.8060   32  400 13382.4600 10222.6116  23.6%   130  408s
  9850  8317 11443.9597   71  183 13382.4600 10224.5652  23.6%   130  416s
 10045  8636 10502.0955   38  259 13382.4600 10224.5652  23.6%   130  425s
 10434  8792 11461.9563   71   98 13382.4600 10225.9885  23.6%   128  433s
 10602  8888 10402.6598   38  321 13382.4600 10227.5155  23.6%   128  440s
 10708  9123 11115.9840   63  151 13382.4600 10228.3240  23.6%   129  449s
 10807  9123 12800.8696  162   48 13382.4600 10228.3240  23.6%   128  450s
 10973  9284 10702.6937   49   89 13382.4600 10228.8907  23.6%   128  457s
 11156  9430 10450.1121   36  371 13382.4600 10229.8716  23.6%   127  465s
 11320  9662 11376.6631   72   73 13382.4600 10229.8716  23.6%   127  472s
 11638  9705 10650.9790   38  357 13382.4600 10236.7443  23.5%   126  479s
 11666  9794 10976.1500   47  165 13382.4600 10236.7443  23.5%   128  486s
 11755 10047 11364.6310   86   84 13382.4600 10238.8816  23.5%   129  494s
 11954 10048 13146.8737  219    7 13382.4600 10238.8816  23.5%   128  495s
 12023 10317 13247.8415  177  102 13382.4600 10239.6669  23.5%   129  504s
 12326 10540 10765.0100   39  252 13382.4600 10239.9859  23.5%   129  512s
 12587 10569     cutoff  150      13382.4600 10248.4692  23.4%   128  520s
 12615 10812 10469.2790   37  344 13382.4600 10248.4692  23.4%   129  530s
 12872 10942 11631.7519  119  119 13382.4600 10254.6988  23.4%   128  537s
 13030 11170 11199.1954   65  123 13382.4600 10259.3411  23.3%   128  544s
 13136 11170 12211.3616  171  113 13382.4600 10259.3411  23.3%   127  545s
 13268 11341 10477.5275   38  339 13382.4600 10259.3411  23.3%   128  552s
 13453 11581 11488.3404  123   49 13382.4600 10260.1192  23.3%   128  559s
 13623 11581 10786.4427   44  326 13382.4600 10262.0685  23.3%   127  560s
 13755 11682 10725.6484   38  179 13382.4600 10262.0685  23.3%   127  567s
 13854 11922 11821.0525  116   85 13382.4600 10262.3731  23.3%   127  574s
 14047 11926 12406.0438  157   51 13382.4600 10263.3434  23.3%   127  575s
 14144 12006 12493.3400  185    - 13382.4600 10263.5631  23.3%   127  581s
 14231 12210 12663.0086  185   20 13382.4600 10264.2374  23.3%   128  588s
 14485 12247 infeasible  210      13382.4600 10264.7176  23.3%   127  594s
 14522 12259 10682.3790   43  217 13382.4600 10269.1567  23.3%   128  602s
 14534 12478 10784.6449   47  161 13382.4600 10269.1567  23.3%   129  609s
 14634 12478 11290.3971  116  105 13382.4600 10269.1567  23.3%   129  610s
 14753 12770 11466.2975  142   58 13382.4600 10271.4091  23.2%   129  619s
 14852 12770 12034.5576  213   65 13382.4600 10271.4091  23.2%   128  620s
 15110 12840 10455.8904   39  405 13382.4600 10271.7075  23.2%   127  626s
 15173 13046 11210.3742   79  116 13382.4600 10274.2649  23.2%   128  633s
 15411 13273 10663.4460   41  261 13382.4600 10275.3910  23.2%   128  641s
 15655 13507 12200.3757  131   31 13382.4600 10276.7101  23.2%   128  651s
 15917 13568 13305.8450  212    8 13382.4600 10280.4396  23.2%   127  657s
 15998 13705     cutoff  215      13382.4600 10285.2861  23.1%   127  664s
 16026 13705 10981.0841   53  114 13382.4600 10286.7325  23.1%   128  665s
 16154 13856 10927.3068   46  193 13382.4600 10287.2715  23.1%   127  672s
 16322 14028 12782.4400  141    - 13382.4600 10288.7482  23.1%   127  681s
 16517 14080 12972.9100  141   39 13382.4600 10291.3285  23.1%   127  688s
 16599 14138     cutoff  174      13382.4600 10291.8728  23.1%   128  694s
 16656 14327 10936.5800   55  192 13382.4600 10292.9010  23.1%   129  704s
 16860 14561 10467.7941   37  332 13382.4600 10292.9010  23.1%   130  713s
 17146 14716 11217.9516   67  150 13382.4600 10293.5840  23.1%   129  721s
*17289 14701             209    13372.560000 10293.5840  23.0%   129  721s
 17311 14768 10590.5694   42  284 13372.5600 10293.5840  23.0%   129  727s
 17378 14917 11400.6694   94  152 13372.5600 10296.9297  23.0%   130  734s
 17547 15295 10745.0497   45  256 13372.5600 10297.7835  23.0%   131  745s
 17981 15326 12418.6300  139    - 13372.5600 10299.0593  23.0%   129  752s
 18013 15565 10694.5548   38  272 13372.5600 10299.0593  23.0%   130  760s
 18262 15674 10947.7160   44  168 13372.5600 10299.0593  23.0%   130  768s
 18371 15830 12535.3646   73   35 13372.5600 10299.6669  23.0%   131  775s
 18575 15876 infeasible   91      13372.5600 10299.7417  23.0%   130  781s
 18622 15959 11521.5571   62  201 13372.5600 10303.0558  23.0%   131  835s
 18706 16093 12489.0215  127   53 13372.5600 10304.7123  22.9%   132  846s
 18874 16284 10819.0137   50  143 13372.5600 10305.1636  22.9%   132  854s
*19070 14830             159    12934.360000 10306.1357  20.3%   131  854s
 19116 15101 11817.3119  100   45 12934.3600 10306.1858  20.3%   132  865s
 19461 15180     cutoff  265      12934.3600 10306.2061  20.3%   131  873s
 19540 15405 10778.1558   37  243 12934.3600 10306.2061  20.3%   132  884s
 19794 15581 10695.3921   40  199 12934.3600 10306.2061  20.3%   132  894s
 20076 15692 10990.3558   43  186 12934.3600 10306.2061  20.3%   131  902s
H20152 15420                    12864.680000 10306.2061  19.9%   132  902s
 20163 15532 11821.2819   71   48 12864.6800 10309.1941  19.9%   132  909s
 20304 15624     cutoff  101      12864.6800 10309.3751  19.9%   132  917s
H20416 15668                    12863.450000 10309.8951  19.9%   133  923s
 20471 16063 10906.6837   61  193 12863.4500 10309.8951  19.9%   133  932s
 20869 16220 12208.5342  259   16 12863.4500 10310.6911  19.8%   132  941s
 21082 16358 11212.6237   66   64 12863.4500 10312.4835  19.8%   132  949s
 21234 16545 10746.2084   56  112 12863.4500 10316.8593  19.8%   132  957s
 21454 16667 10674.0619   39  237 12863.4500 10317.8497  19.8%   132  965s
 21605 16804     cutoff  134      12863.4500 10319.8420  19.8%   132  974s
H21776 16853                    12859.400000 10319.9642  19.7%   133  981s
 21835 16947 11925.6509   67  132 12859.4000 10320.8450  19.7%   134  988s
 21937 17043 10702.0091   47  277 12859.4000 10320.8450  19.7%   134  996s
 22050 17317 11058.8203   65  153 12859.4000 10322.6778  19.7%   135 1005s
 22368 17389 10428.1257   36  415 12859.4000 10322.6778  19.7%   134 1013s
 22454 17500 10879.7635   74  118 12859.4000 10323.2124  19.7%   135 1020s
 22584 17716 10941.8223   52  133 12859.4000 10327.3559  19.7%   135 1028s
 22828 17762     cutoff  166      12859.4000 10328.1186  19.7%   135 1036s
 22905 17892 10868.6612   44  210 12859.4000 10328.1357  19.7%   136 1043s
 23030 18070 12315.6708  145   84 12859.4000 10332.5996  19.6%   136 1051s
 23224 18327 10809.8349   50  181 12859.4000 10333.1539  19.6%   136 1062s
 23519 18369 10617.7379   34  369 12859.4000 10333.1673  19.6%   136 1069s
 23559 18508 11370.5054   53  177 12859.4000 10334.8382  19.6%   136 1076s
 23764 18757 10852.6078   39  318 12859.4000 10334.8730  19.6%   137 1086s
 24027 18959 11512.5126   72  112 12859.4000 10334.8730  19.6%   136 1094s
 24126 18959 12205.7781  171  128 12859.4000 10334.8730  19.6%   136 1095s
 24244 19141 10647.4440   40  326 12859.4000 10336.8099  19.6%   136 1103s
H24438 18420                    12685.680000 10336.8099  18.5%   136 1111s
 24582 18618 11102.1227   72  124 12685.6800 10336.8099  18.5%   136 1119s
H24646 18511                    12664.800000 10336.8099  18.4%   137 1119s
 24745 18512 11229.0631  121   13 12664.8000 10336.8099  18.4%   136 1120s
 24811 18823 11320.8662  104   82 12664.8000 10340.0575  18.4%   136 1131s
 25212 18902 infeasible  273      12664.8000 10340.3843  18.4%   136 1140s
 25291 19073 10747.8404   42  263 12664.8000 10340.4955  18.4%   136 1148s
 25497 19106 10708.1944   39  239 12664.8000 10341.0424  18.3%   136 1155s
 25530 19257 11077.6169   51  190 12664.8000 10341.1515  18.3%   136 1163s
 25726 19382 10933.5203   47  294 12664.8000 10342.6083  18.3%   136 1171s
 25861 19482 12651.1494  141   28 12664.8000 10342.7026  18.3%   137 1179s
 25973 19598 10834.6767   44  263 12664.8000 10343.5784  18.3%   137 1188s
 26121 19616 10490.5738   35  325 12664.8000 10343.6341  18.3%   137 1195s
H26131 19568                    12654.590000 10343.6341  18.3%   137 1195s
 26139 19674 10808.9081   40  303 12654.5900 10343.6341  18.3%   138 1202s
 26245 19885 11070.6721  123   22 12654.5900 10343.7041  18.3%   138 1212s
 26505 20016 infeasible  234      12654.5900 10345.0712  18.3%   138 1220s
 26635 20296 10931.9226   46  263 12654.5900 10345.2344  18.2%   138 1231s
 26974 20417 10829.4893   35  290 12654.5900 10345.3190  18.2%   138 1239s
 27100 20463 10856.6506   40  246 12654.5900 10345.3190  18.2%   138 1246s
 27155 20594 11848.9528   54  172 12654.5900 10346.3754  18.2%   139 1254s
 27322 20752     cutoff   86      12654.5900 10347.8197  18.2%   139 1262s
 27493 21002 10784.1767   48  244 12654.5900 10348.5380  18.2%   139 1272s
 27794 21266     cutoff  207      12654.5900 10350.2894  18.2%   139 1281s
 28117 21367 11701.9557   74   92 12654.5900 10352.5098  18.2%   138 1289s
 28204 21367 infeasible  207      12654.5900 10353.2407  18.2%   138 1290s
 28234 21446 11534.4089   58   32 12654.5900 10353.6195  18.2%   138 1297s
 28376 21626 11199.2571   64  188 12654.5900 10354.8247  18.2%   139 1306s
 28584 21669     cutoff  121      12654.5900 10356.1163  18.2%   139 1312s
 28631 21816 10877.3668   52  216 12654.5900 10357.3997  18.2%   139 1320s
 28796 21876 10559.9214   35  317 12654.5900 10357.4887  18.2%   139 1326s
 28856 22108 10988.0181   70  219 12654.5900 10357.5930  18.2%   140 1335s
 29110 22254 10695.7825   42  310 12654.5900 10357.6144  18.2%   140 1344s
 29219 22254 12089.6174  151   73 12654.5900 10357.6144  18.2%   140 1345s
 29285 22380 10677.8948   42  194 12654.5900 10357.6964  18.2%   140 1354s
 29441 22460 10953.5403   52  256 12654.5900 10357.6964  18.2%   140 1362s
 29520 22720 11920.6889   72   26 12654.5900 10359.8997  18.1%   141 1372s
 29881 22805 12204.8521   74   85 12654.5900 10360.7777  18.1%   141 1381s
 29978 22902     cutoff  116      12654.5900 10364.0409  18.1%   141 1390s
 30101 23079 10675.9310   39  253 12654.5900 10364.9296  18.1%   141 1398s
 30294 23174 10556.2672   39  428 12654.5900 10364.9296  18.1%   141 1406s
 30402 23383 11059.6823   72  119 12654.5900 10366.1377  18.1%   141 1414s
 30638 23426 12469.1700  164   12 12654.5900 10366.2256  18.1%   141 1421s
 30711 23543 10666.9407   42  245 12654.5900 10366.2768  18.1%   141 1429s
 30828 23835 11393.7758   69   69 12654.5900 10366.5326  18.1%   142 1438s
 31209 23880     cutoff  164      12654.5900 10367.6199  18.1%   141 1446s
 31251 24011 11093.5288   57   98 12654.5900 10367.8891  18.1%   141 1454s
 31424 24092 10905.7831   46  117 12654.5900 10368.8559  18.1%   141 1462s
 31530 24169     cutoff  118      12654.5900 10369.7700  18.1%   142 1470s
 31625 24235 11170.6945   51  218 12654.5900 10370.1198  18.1%   142 1477s
 31710 24336 10727.0861   41  124 12654.5900 10370.4129  18.1%   143 1485s
 31811 24521 11105.5348   51  128 12654.5900 10370.4129  18.1%   143 1495s
 32034 24551 11780.0222   66   27 12654.5900 10371.4897  18.0%   143 1502s
 32068 24683 10918.0827   43  276 12654.5900 10371.5227  18.0%   144 1509s
 32166 24683     cutoff   93      12654.5900 10371.5227  18.0%   144 1510s
 32203 24919     cutoff  141      12654.5900 10372.7096  18.0%   144 1517s
 32479 25000 12448.2578  133   74 12654.5900 10373.5626  18.0%   143 1525s
 32567 25116 11056.3215   51  170 12654.5900 10373.9456  18.0%   144 1533s
 32728 25248     cutoff  126      12654.5900 10374.4554  18.0%   144 1541s
 32876 25460 11120.7140   73  130 12654.5900 10374.7715  18.0%   144 1550s
 33119 25499 10679.6534   38  315 12654.5900 10375.1389  18.0%   144 1559s
 33158 25629 10990.1237   43  232 12654.5900 10375.1389  18.0%   144 1568s
 33290 25785 11695.5776   61   89 12654.5900 10375.6586  18.0%   145 1576s
 33504 25968 10826.9906   58  191 12654.5900 10375.7442  18.0%   145 1584s
 33730 26097 11271.6499   51  187 12654.5900 10375.9342  18.0%   144 1592s
 33892 26200     cutoff  125      12654.5900 10376.4127  18.0%   145 1601s
 33998 26422 11037.2588   57  138 12654.5900 10376.6647  18.0%   145 1610s
 34253 26574 10657.0440   41  370 12654.5900 10377.5698  18.0%   145 1620s
 34441 26614 10795.3019   40  265 12654.5900 10377.8603  18.0%   145 1627s
 34510 26708 11449.6732   61  197 12654.5900 10378.3103  18.0%   145 1636s
 34625 26974 11169.8516   57  164 12654.5900 10378.7248  18.0%   146 1644s
 34724 26974 11908.8342  156   59 12654.5900 10378.7248  18.0%   145 1645s
 34931 27020 infeasible  217      12654.5900 10378.8352  18.0%   145 1652s
 34979 27200 11389.0577   56  219 12654.5900 10379.0048  18.0%   146 1660s
 35179 27370 10875.1964   46  252 12654.5900 10379.1327  18.0%   146 1669s
 35351 27551 11174.3776   75  102 12654.5900 10379.3245  18.0%   146 1678s
 35616 27654 11266.1385   54  213 12654.5900 10380.0710  18.0%   146 1685s
 35726 27754 12636.2634   99   51 12654.5900 10380.2383  18.0%   146 1694s
 35861 27910 11018.3930   46  293 12654.5900 10381.4111  18.0%   146 1703s
 36039 27961     cutoff  119      12654.5900 10381.5869  18.0%   146 1711s
 36092 28100 11093.8625   59  159 12654.5900 10382.0753  18.0%   147 1719s
 36276 28406 10710.4688   44  327 12654.5900 10384.1031  17.9%   147 1728s
 36610 28500 12152.4245  120   40 12654.5900 10384.8961  17.9%   146 1737s
 36752 28550 11180.3157   38  172 12654.5900 10386.0618  17.9%   147 1745s
 36871 28669     cutoff   70      12654.5900 10386.6920  17.9%   147 1754s
 36985 28669 12554.6693  154   46 12654.5900 10386.7997  17.9%   147 1755s
 37001 28811 10718.2696   46  141 12654.5900 10386.9820  17.9%   147 1763s
 37167 29000 12451.1696  144   40 12654.5900 10387.6172  17.9%   147 1771s
 37385 29178 10821.9084   51  147 12654.5900 10389.1123  17.9%   147 1781s
 37583 29257     cutoff  169      12654.5900 10389.2151  17.9%   147 1789s
 37660 29572 10866.6810   53  229 12654.5900 10389.3760  17.9%   147 1799s
 38004 29677 10559.0769   41  297 12654.5900 10390.8561  17.9%   147 1809s
 38138 29802 12587.6047  124   43 12654.5900 10391.8838  17.9%   147 1817s
 38276 29888     cutoff  127      12654.5900 10393.3345  17.9%   147 1825s
 38391 29975 10992.2946   51  181 12654.5900 10393.7174  17.9%   148 1833s
 38503 30098 12026.4540   91   22 12654.5900 10394.4451  17.9%   148 1841s
 38636 30126 11158.4951   44  130 12654.5900 10394.4668  17.9%   148 1855s
 38666 30337 11375.6793   60  112 12654.5900 10394.9243  17.9%   148 1864s
 38890 30337 12173.5487  146   32 12654.5900 10395.7582  17.8%   148 1865s
 38917 30414 10686.6306   37  295 12654.5900 10395.9925  17.8%   148 1874s
 39026 30505 10584.7208   35  316 12654.5900 10396.0467  17.8%   149 1883s
 39129 30632 11448.1507   57  174 12654.5900 10396.1830  17.8%   149 1892s
 39274 30779 10674.0095   37  305 12654.5900 10396.1830  17.8%   149 1901s
 39437 30994 11074.1100   62    - 12654.5900 10396.4580  17.8%   149 1910s
 39703 31118     cutoff  142      12654.5900 10397.2692  17.8%   149 1918s
 39825 31248     cutoff  151      12654.5900 10397.2729  17.8%   149 1926s
 39978 31390 11623.8210  116   60 12654.5900 10397.6931  17.8%   149 1934s
 40077 31390 12271.1870  215   60 12654.5900 10397.6931  17.8%   149 1935s
 40132 31579 10781.7107   40  207 12654.5900 10397.6931  17.8%   149 1944s
 40265 31579 11008.3811   49  211 12654.5900 10397.6931  17.8%   150 1945s
 40358 31680 11142.6975   52  123 12654.5900 10397.6931  17.8%   149 1953s
 40489 31793 11807.4045   87   13 12654.5900 10401.3330  17.8%   150 1963s
 40631 31917 10856.5304   39  205 12654.5900 10401.5104  17.8%   150 1971s
 40750 32272 11667.1336   94   23 12654.5900 10401.6320  17.8%   150 1982s
 41161 32393     cutoff  127      12654.5900 10402.1974  17.8%   149 1993s
 41299 32559 11416.3807   75   79 12654.5900 10402.8010  17.8%   150 2002s
 41494 32673 10842.0217   47  255 12654.5900 10402.8442  17.8%   150 2010s
 41618 32795 10557.9900   43  253 12654.5900 10402.8442  17.8%   150 2018s
 41766 33110 10925.6198   72   79 12654.5900 10403.3474  17.8%   150 2027s
 42135 33166 infeasible  187      12654.5900 10403.8380  17.8%   150 2035s
 42188 33272 10947.7148   39  250 12654.5900 10403.8380  17.8%   150 2042s
 42310 33479 11167.4949   49  180 12654.5900 10403.8380  17.8%   150 2052s
 42539 33624 11565.3642   89   58 12654.5900 10406.6533  17.8%   150 2062s
 42746 33775     cutoff  177      12654.5900 10407.2745  17.8%   150 2072s
 42908 33864 11065.8395   59  232 12654.5900 10407.4524  17.8%   150 2081s
 43016 34040 11082.2292   49  185 12654.5900 10407.6653  17.8%   151 2090s
 43243 34080 12585.2358  120  102 12654.5900 10408.2140  17.8%   151 2097s
 43294 34292 10942.1368   52  120 12654.5900 10408.7121  17.7%   151 2106s
 43558 34417     cutoff  129      12654.5900 10410.3584  17.7%   151 2115s
 43714 34472 10453.9613   37  372 12654.5900 10410.7409  17.7%   151 2122s
 43776 34508 10681.0542   41  251 12654.5900 10410.7409  17.7%   151 2130s
 43813 34689 10812.4049   45  271 12654.5900 10410.7409  17.7%   152 2137s
 44013 34826 11605.7154   65  136 12654.5900 10411.2414  17.7%   152 2147s
 44172 34936     cutoff   96      12654.5900 10412.8398  17.7%   152 2154s
 44214 34936 11871.7281   80  157 12654.5900 10413.4080  17.7%   152 2155s
 44294 35068 11568.3589   80   71 12654.5900 10413.9240  17.7%   152 2163s
 44450 35157 11990.9838  101   85 12654.5900 10414.0487  17.7%   152 2171s
 44558 35296 10986.3853   45  292 12654.5900 10415.5454  17.7%   152 2180s
 44729 35345 10639.5498   36  347 12654.5900 10415.5818  17.7%   152 2188s
 44777 35494 11105.8397   41  303 12654.5900 10415.5818  17.7%   153 2198s
 44942 35605 11909.2637   65   82 12654.5900 10417.3184  17.7%   153 2206s
 45099 35741 10951.2061   53  224 12654.5900 10417.5478  17.7%   153 2215s
 45247 35932 10631.6002   39  355 12654.5900 10417.5512  17.7%   153 2224s
 45442 35932 12622.7228  166   36 12654.5900 10417.5512  17.7%   153 2225s
 45452 36137 12073.2246  133   99 12654.5900 10419.2966  17.7%   153 2234s
 45505 36137 10759.6356   48  249 12654.5900 10419.7133  17.7%   153 2235s
 45684 36274 10995.1756   45  191 12654.5900 10420.0672  17.7%   153 2244s
 45846 36385 infeasible  149      12654.5900 10420.8437  17.7%   153 2254s
 45958 36687 10929.2107   48   72 12654.5900 10421.6262  17.6%   153 2265s
 46323 36838     cutoff  176      12654.5900 10422.4966  17.6%   153 2274s
 46477 36989 11194.0197   69  172 12654.5900 10423.2117  17.6%   153 2284s
 46650 37122 10835.7700   42  262 12654.5900 10423.4182  17.6%   153 2292s
 46797 37158 11824.3145   89   12 12654.5900 10424.0050  17.6%   153 2299s
 46845 37228     cutoff  107      12654.5900 10424.6419  17.6%   154 2307s
 46917 37365 11230.4329   54  177 12654.5900 10425.9688  17.6%   154 2316s
 47087 37458 10603.2379   38  285 12654.5900 10425.9814  17.6%   154 2325s
 47198 37594 11157.9783   62   89 12654.5900 10426.9946  17.6%   154 2333s
 47385 37613     cutoff  135      12654.5900 10427.1461  17.6%   154 2340s
 47418 37697 11125.6890   44  300 12654.5900 10428.5117  17.6%   154 2350s
 47512 37758 10809.1140   38  311 12654.5900 10428.6105  17.6%   155 2358s
 47573 37881 10967.2578   42  280 12654.5900 10428.6105  17.6%   155 2368s
 47698 38026 11433.8372   58  131 12654.5900 10428.6105  17.6%   156 2377s
 47867 38183 11873.9204  105   67 12654.5900 10428.7934  17.6%   156 2388s
 48052 38341 10791.0336   42  313 12654.5900 10428.8218  17.6%   156 2397s
 48220 38408 12368.4490  100   18 12654.5900 10429.1605  17.6%   156 2404s
 48270 38408 10889.9710   46  331 12654.5900 10429.1605  17.6%   156 2405s
 48309 38684 11163.8362   57  205 12654.5900 10429.2146  17.6%   156 2414s
 48619 38735 10598.2908   37  352 12654.5900 10429.8146  17.6%   156 2422s
 48673 38838 11425.8909   59  197 12654.5900 10430.0812  17.6%   156 2431s
 48819 38890 10662.6347   42  307 12654.5900 10430.6359  17.6%   156 2439s
 48871 38986 10956.4074   46  141 12654.5900 10430.6359  17.6%   157 2448s
 48983 39102 11848.8039   61   84 12654.5900 10430.7807  17.6%   157 2457s
 49130 39233 10747.5770   39  337 12654.5900 10431.2909  17.6%   157 2466s
 49281 39300 12551.0067  120   16 12654.5900 10431.7024  17.6%   157 2475s
 49382 39357 10966.9043   50  211 12654.5900 10431.7733  17.6%   158 2483s
 49437 39492 11250.7817   81  164 12654.5900 10431.8794  17.6%   158 2493s
 49600 39618     cutoff  140      12654.5900 10432.0307  17.6%   158 2502s
 49747 39697 11769.3551   65  114 12654.5900 10432.0753  17.6%   158 2512s
 49840 39771 10927.1764   45  196 12654.5900 10432.1529  17.6%   158 2522s
 49924 39868 11608.4362   75   93 12654.5900 10432.2675  17.6%   159 2530s
 50029 40031 10761.7529   40  321 12654.5900 10432.4562  17.6%   159 2541s
 50227 40074 10522.9485   42  327 12654.5900 10432.7321  17.6%   159 2548s
 50270 40217 11087.4787   65   74 12654.5900 10432.8827  17.6%   159 2557s
 50448 40265 10700.2421   40  354 12654.5900 10433.1831  17.6%   159 2564s
 50493 40462 11088.9417   64   93 12654.5900 10434.3992  17.5%   159 2574s
 50592 40471 11479.3400  119   11 12654.5900 10434.3992  17.5%   159 2575s
 50754 40659 infeasible  184      12654.5900 10434.4310  17.5%   159 2586s
 50965 40786 10842.2579   52  231 12654.5900 10434.9219  17.5%   159 2595s
 51104 40936 10671.8189   36  305 12654.5900 10435.0078  17.5%   159 2605s
 51264 41025 11182.0410   62  249 12654.5900 10435.7525  17.5%   159 2613s
 51364 41215 10733.5616   52  170 12654.5900 10436.0019  17.5%   160 2622s
 51574 41255 10614.0112   35  412 12654.5900 10436.0888  17.5%   160 2630s
 51614 41464 10823.7326   39  254 12654.5900 10436.4088  17.5%   160 2641s
 51841 41523 10590.4826   39  290 12654.5900 10436.4088  17.5%   160 2650s
 51918 41566 11065.9865   46  137 12654.5900 10436.4088  17.5%   160 2658s
