




arguments: ./build/mirp_solver -f ./input/orig_exec_336.cfg
Current dir: /scratch/gui/bnc_mirp
File verbosity level: 9
date       time         ( uptime  ) [ thread name/id ]                   file:line     v| 
2021-01-23 10:39:07.860 (   0.048s) [main thread     ]             loguru.cpp:789   INFO| Logging to './output/vi_lex_full/OU/V4/Original/execution_23_01_2021_10_39_07.log', mode: 'a', verbosity: 9
--------------------------------------------------------------------------------
Parameters
                           instance_path           ./input/Instances/Original/2/
                            model_policy                                       1
                             nb_vehicles                                       4
                              output_dir    ./output/vi_lex_full/OU/V4/Original/
                            sec_strategy                                       1
                       solver_nb_threads                                       2
                         solver_show_log                                    true
                       solver_time_limit                                    3600
                              use_vi_cos                                   false
                              use_vi_cus                                   false
                         use_vi_hc1_full                                   false
                         use_vi_hc1_half                                   false
                      use_vi_hc1_quarter                                   false
                              use_vi_hc2                                   false
                              use_vi_hc3                                   false
                         use_vi_lex_full                                    true
                         use_vi_lex_half                                   false
                      use_vi_lex_quarter                                   false
                              use_vi_qua                                   false
                               use_vi_vc                                   false
                               use_vi_vr                                   false
--------------------------------------------------------------------------------
executing instance: ./input/Instances/Original/2/absH3high_3n40.dat
--------------------------------------------------------------------------------
Instance details
n	41
H	3
C	3283
Li:
[0, 0, 0, 0, 0, 0, 0, 0, 0, 0, 0, 0, 0, 0, 0, 0, 0, 0, 0, 0, 0, 0, 0, 0, 0, 0, 0, 0, 0, 0, 0, 0, 0, 0, 0, 0, 0, 0, 0, 0, 0, ]
Ui:
[0, 63, 111, 99, 96, 111, 282, 122, 156, 261, 42, 192, 126, 42, 162, 207, 159, 122, 102, 190, 118, 102, 132, 102, 165, 252, 66, 52, 22, 114, 210, 176, 116, 294, 78, 152, 210, 45, 130, 198, 174, ]
Distance matrix:
|0	208	225	252	227	143	258	127	267	150	28	83	163	286	57	149	201	137	214	255	70	73	107	186	328	266	249	343	222	177	293	144	262	215	167	120	169	218	143	173	255	|
|208	0	397	355	416	198	216	99	211	275	193	172	97	166	240	225	362	109	277	314	182	216	273	374	298	208	319	161	14	103	93	120	58	196	152	156	372	227	260	218	453	|
|225	397	0	427	53	364	482	343	492	129	253	225	382	386	171	188	39	291	187	195	295	182	282	55	326	491	180	551	408	315	457	366	455	275	392	244	221	439	341	214	101	|
|252	355	427	0	401	158	201	263	219	396	234	328	259	498	299	400	420	354	465	506	205	324	152	374	574	219	499	393	366	389	446	235	378	456	205	359	224	150	111	423	400	|
|227	416	53	401	0	357	477	352	489	165	253	245	389	424	179	223	85	315	234	245	293	200	264	42	375	488	231	565	428	344	484	370	474	314	392	270	184	430	325	252	50	|
|143	198	364	158	357	0	121	105	134	290	116	196	103	342	200	276	343	205	343	385	74	210	112	319	432	133	382	265	209	237	290	78	226	313	57	220	232	75	69	292	375	|
|258	216	482	201	477	121	0	168	18	397	230	293	135	381	314	372	459	275	437	480	188	317	228	439	501	18	479	197	222	296	290	132	212	386	95	306	347	58	173	381	496	|
|127	99	343	263	352	105	168	0	171	239	105	130	40	237	173	206	313	109	270	312	84	164	175	310	337	169	313	216	112	135	192	37	142	220	77	138	280	155	162	213	382	|
|267	211	492	219	489	134	18	171	0	404	240	298	136	376	323	376	468	276	441	483	198	324	243	450	500	2	483	181	215	294	281	136	202	386	102	309	363	75	189	384	509	|
|150	275	129	396	165	290	397	239	404	0	175	110	279	259	97	59	91	166	84	116	217	80	245	130	226	402	106	434	286	187	329	269	333	149	302	119	244	364	291	87	213	|
|28	193	253	234	253	116	230	105	240	175	0	94	139	286	84	167	229	136	234	275	43	96	98	212	341	238	271	320	206	175	281	118	244	225	140	128	180	191	124	189	280	|
|83	172	225	328	245	196	293	130	298	110	94	0	169	209	77	80	191	71	147	189	127	45	189	203	247	296	187	327	184	106	241	162	230	132	198	38	242	266	217	96	285	|
|163	97	382	259	389	103	135	40	136	279	139	169	0	253	212	244	353	141	307	349	110	203	194	347	366	133	350	183	107	161	187	27	124	251	56	175	306	133	169	249	418	|
|286	166	386	498	424	342	381	237	376	259	286	209	253	0	284	201	347	151	210	230	299	247	383	387	155	374	242	290	162	112	129	270	192	113	308	172	451	386	391	172	471	|
|57	240	171	299	179	200	314	173	323	97	84	77	212	284	0	112	145	147	170	208	127	38	148	137	299	321	201	386	253	183	315	195	297	195	222	112	171	275	195	142	214	|
|149	225	188	400	223	276	372	206	376	59	167	80	244	201	112	0	149	117	67	110	205	78	254	186	187	374	108	387	235	132	272	240	283	93	277	71	279	346	291	32	270	|
|201	362	39	420	85	343	459	313	468	91	229	191	353	347	145	149	0	254	149	160	272	150	271	66	290	466	146	518	373	278	419	339	420	235	367	207	227	418	327	175	135	|
|137	109	291	354	315	205	275	109	276	166	136	71	141	151	147	117	254	0	172	212	151	116	232	273	229	274	215	270	119	39	170	145	167	111	186	47	305	263	245	113	356	|
|214	277	187	465	234	343	437	270	441	84	234	147	307	210	170	67	149	172	0	42	272	141	317	205	144	439	43	437	284	175	307	305	331	99	343	132	327	413	357	60	283	|
|255	314	195	506	245	385	480	312	483	116	275	189	349	230	208	110	160	212	42	0	314	182	356	222	132	481	15	474	321	212	337	347	367	126	385	174	358	455	398	100	295	|
|70	182	295	205	293	74	188	84	198	217	43	127	110	299	127	205	272	151	272	314	0	137	91	253	370	196	310	292	195	188	274	85	226	252	99	155	197	148	94	223	316	|
|73	216	182	324	200	210	317	164	324	80	96	45	203	247	38	78	150	116	141	182	137	0	176	158	263	323	176	369	229	150	286	191	274	157	223	77	208	284	216	106	239	|
|107	273	282	152	264	112	228	175	243	245	98	189	194	383	148	254	271	232	317	356	91	176	0	231	435	242	349	371	286	271	365	167	315	321	164	224	120	174	61	280	274	|
|186	374	55	374	42	319	439	310	450	130	212	203	347	387	137	186	66	273	205	222	253	158	231	0	348	448	208	523	386	303	442	329	431	279	352	229	167	392	291	217	85	|
|328	298	326	574	375	432	501	337	500	226	341	247	366	155	299	187	290	229	144	132	370	263	435	348	0	498	147	441	299	206	283	374	338	119	414	215	465	492	463	157	425	|
|266	208	491	219	488	133	18	169	2	402	238	296	133	374	321	374	466	274	439	481	196	323	242	448	498	0	481	180	213	292	278	134	200	384	100	307	362	75	188	381	508	|
|249	319	180	499	231	382	479	313	483	106	271	187	350	242	201	108	146	215	43	15	310	176	349	208	147	481	0	480	326	217	346	347	373	135	385	175	347	454	392	103	280	|
|343	161	551	393	565	265	197	216	181	434	320	327	183	290	386	387	518	270	437	474	292	369	371	523	441	180	480	0	153	263	163	207	107	352	208	317	487	244	334	379	598	|
|222	14	408	366	428	209	222	112	215	286	206	184	107	162	253	235	373	119	284	321	195	229	286	386	299	213	326	153	0	109	81	132	48	201	162	167	386	236	272	226	466	|
|177	103	315	389	344	237	296	135	294	187	175	106	161	112	183	132	278	39	175	212	188	150	271	303	206	292	217	263	109	0	142	171	156	95	211	74	344	289	281	118	386	|
|293	93	457	446	484	290	290	192	281	329	281	241	187	129	315	272	419	170	307	337	274	286	365	442	283	278	346	163	81	142	0	212	79	211	241	214	461	311	353	254	525	|
|144	120	366	235	370	78	132	37	136	269	118	162	27	270	195	240	339	145	305	347	85	191	167	329	374	134	347	207	132	171	212	0	151	257	40	174	280	119	142	248	398	|
|262	58	455	378	474	226	212	142	202	333	244	230	124	192	297	283	420	167	331	367	226	274	315	431	338	200	373	107	48	156	79	151	0	245	173	214	421	237	293	273	510	|
|215	196	275	456	314	313	386	220	386	149	225	132	251	113	195	93	235	111	99	126	252	157	321	279	119	384	135	352	201	95	211	257	245	0	297	97	365	374	345	62	362	|
|167	152	392	205	392	57	95	77	102	302	140	198	56	308	222	277	367	186	343	385	99	223	164	352	414	100	385	208	162	211	241	40	173	297	0	213	283	79	126	287	415	|
|120	156	244	359	270	220	306	138	309	119	128	38	175	172	112	71	207	47	132	174	155	77	224	229	215	307	175	317	167	74	214	174	214	97	213	0	280	286	248	75	313	|
|169	372	221	224	184	232	347	280	363	244	180	242	306	451	171	279	227	305	327	358	197	208	120	167	465	362	347	487	386	344	461	280	421	365	283	280	0	291	175	310	176	|
|218	227	439	150	430	75	58	155	75	364	191	266	133	386	275	346	418	263	413	455	148	284	174	392	492	75	454	244	236	289	311	119	237	374	79	286	291	0	116	359	445	|
|143	260	341	111	325	69	173	162	189	291	124	217	169	391	195	291	327	245	357	398	94	216	61	291	463	188	392	334	272	281	353	142	293	345	126	248	175	116	0	313	335	|
|173	218	214	423	252	292	381	213	384	87	189	96	249	172	142	32	175	113	60	100	223	106	280	217	157	381	103	379	226	118	254	248	273	62	287	75	310	359	313	0	300	|
|255	453	101	400	50	375	496	382	509	213	280	285	418	471	214	270	135	356	283	295	316	239	274	85	425	508	280	598	466	386	525	398	510	362	415	313	176	445	335	300	0	|

--------------------------------------------------------------------------------
Building model...
	using lazy and cut (CVRPSEP package)
Solving IRP LP...
--------------------------------------------------------------------------------

Gurobi 9.1.0 (linux64) logging started Sat Jan 23 10:39:08 2021

Gurobi Optimizer version 9.1.0 build v9.1.0rc0 (linux64)
Thread count: 32 physical cores, 32 logical processors, using up to 2 threads
Optimize a model with 1400 rows, 10976 columns and 25772 nonzeros
Model fingerprint: 0xc351d72d
Variable types: 644 continuous, 10332 integer (492 binary)
Coefficient statistics:
  Matrix range     [1e+00, 2e+12]
  Objective range  [1e-01, 6e+02]
  Bounds range     [1e+00, 3e+02]
  RHS range        [1e+01, 6e+03]
Warning: Model contains large matrix coefficient range
         Consider reformulating model or setting NumericFocus parameter
         to avoid numerical issues.
Presolve removed 164 rows and 41 columns
Presolve time: 0.06s
Presolved: 1236 rows, 10935 columns, 24687 nonzeros
Variable types: 603 continuous, 10332 integer (9852 binary)

Root relaxation: objective 1.235839e+04, 1580 iterations, 0.07 seconds

    Nodes    |    Current Node    |     Objective Bounds      |     Work
 Expl Unexpl |  Obj  Depth IntInf | Incumbent    BestBd   Gap | It/Node Time

     0     0 12358.3927    0  134          - 12358.3927      -     -    0s
     0     0 12825.6007    0  176          - 12825.6007      -     -    0s
     0     0 12861.7999    0  172          - 12861.7999      -     -    0s
     0     0 13334.0891    0  216          - 13334.0891      -     -    1s
     0     0 13507.0369    0  264          - 13507.0369      -     -    1s
     0     0 13509.1746    0  256          - 13509.1746      -     -    1s
     0     0 13509.5182    0  261          - 13509.5182      -     -    1s
     0     0 13614.7898    0  273          - 13614.7898      -     -    1s
     0     0 13627.4301    0  270          - 13627.4301      -     -    2s
     0     0 13627.7711    0  271          - 13627.7711      -     -    2s
     0     0 13738.0215    0  242          - 13738.0215      -     -    2s
     0     0 13745.9410    0  242          - 13745.9410      -     -    3s
     0     0 13756.6789    0  263          - 13756.6789      -     -    3s
     0     0 13759.2703    0  282          - 13759.2703      -     -    3s
     0     0 13759.7055    0  328          - 13759.7055      -     -    3s
     0     0 13802.0452    0  320          - 13802.0452      -     -    3s
     0     0 13804.9185    0  309          - 13804.9185      -     -    4s
     0     0 13825.3970    0  336          - 13825.3970      -     -    4s
     0     0 13837.9089    0  316          - 13837.9089      -     -    4s
     0     0 13848.6497    0  369          - 13848.6497      -     -    4s
     0     0 13848.8536    0  350          - 13848.8536      -     -    5s
     0     0 13867.0079    0  392          - 13867.0079      -     -    5s
     0     0 13877.1095    0  355          - 13877.1095      -     -    5s
     0     0 13877.7368    0  405          - 13877.7368      -     -    5s
     0     0 13900.4676    0  319          - 13900.4676      -     -    6s
     0     0 13905.6114    0  298          - 13905.6114      -     -    7s
     0     0 13906.3398    0  305          - 13906.3398      -     -    7s
     0     0 13911.8426    0  329          - 13911.8426      -     -    7s
     0     0 13911.8426    0  302          - 13911.8426      -     -    8s
     0     2 13911.8426    0  264          - 13911.8426      -     -   10s
    21    20 13940.7806    6  319          - 13917.9732      -   519   15s
    35    30 infeasible   11               - 13917.9732      -   738   20s
    87    79 14060.8940   26  224          - 13917.9732      -   493   25s
   153   143 14447.4153   42  215          - 13917.9732      -   400   30s
   263   277 15225.3668   81   60          - 13917.9732      -   298   35s
   436   470 16405.3340  156   86          - 13917.9732      -   212   40s
   682   791 17698.2950  259   11          - 13917.9732      -   154   46s
   956   923 14229.2903    5  321          - 13922.9095      -   119   51s
   989   928 13969.7211   13  372          - 13922.9095      -   117   55s
  1006   940 16402.0956  169  556          - 14017.4162      -   116   60s
H 1013   896                    16519.690000 14031.1375  15.1%   115   63s
H 1013   850                    16489.690000 14031.1375  14.9%   115   63s
  1019   854 15368.9981   82  554 16489.6900 14039.7549  14.9%   114   66s
  1028   860 15019.1939   61  628 16489.6900 14044.7606  14.8%   113   70s
  1040   868 15092.0915   67  615 16489.6900 14047.4540  14.8%   112   75s
  1049   876 16186.9344  138  305 16489.6900 14047.4555  14.8%   129   80s
  1065   886 14649.0609   55  460 16489.6900 14051.8635  14.8%   127   85s
H 1066   842                    16468.690000 14052.3936  14.7%   126   86s
  1075   848 15623.6042   80  487 16468.6900 14052.7666  14.7%   125   90s
  1079   851 16468.6900  233  477 16468.6900 14052.7678  14.7%   125   96s
  1080   854 14055.2291   20  593 16468.6900 14054.5609  14.7%   135  103s
  1082   856 14065.9090   21  469 16468.6900 14057.4136  14.6%   136  108s
  1084   855 infeasible   21      16468.6900 14065.9474  14.6%   240  154s
  1086   856 14066.8160   22  492 16468.6900 14066.8160  14.6%   242  157s
  1088   858 14336.4294   22  385 16468.6900 14066.8334  14.6%   257  160s
  1096   864 14072.8688   24  446 16468.6900 14072.8688  14.5%   272  167s
  1104   869 14086.9364   26  482 16468.6900 14086.9364  14.5%   277  171s
  1114   875 14226.9749   28  398 16468.6900 14091.7729  14.4%   288  175s
  1132   887 14322.4898   32  297 16468.6900 14091.7729  14.4%   299  180s
H 1134   843                    16460.980000 14091.7729  14.4%   302  180s
  1145   855 14142.8165   35  431 16460.9800 14091.7729  14.4%   305  185s
  1170   859 14157.4681   42  438 16460.9800 14091.7729  14.4%   311  193s
  1184   875 14177.3676   44  437 16460.9800 14091.7729  14.4%   313  196s
  1203   896 14197.5202   48  408 16460.9800 14091.7729  14.4%   312  200s
  1259   928 14241.2375   58  360 16460.9800 14091.7729  14.4%   309  206s
  1298   955 14412.0561   65  288 16460.9800 14091.7729  14.4%   308  210s
  1346   997 14286.8929   76  302 16460.9800 14091.7729  14.4%   305  215s
  1379  1022 14379.7025   82  319 16460.9800 14091.7729  14.4%   305  220s
  1435  1060 14529.7080   93  304 16460.9800 14091.7729  14.4%   303  225s
  1497  1111 14426.9624  106  287 16460.9800 14091.7729  14.4%   300  231s
  1583  1196 14456.1646  121  268 16460.9800 14091.7729  14.4%   294  237s
  1650  1237 14489.7039  129  278 16460.9800 14091.7729  14.4%   289  240s
  1738  1228 14576.6510  141  245 16460.9800 14091.7729  14.4%   283  246s
  1772  1264 14644.0168  154  247 16460.9800 14091.7729  14.4%   285  250s
  1823  1297 14668.1780  173  268 16460.9800 14091.7729  14.4%   287  255s
  1889  1362 14738.9258  192  232 16460.9800 14091.7729  14.4%   286  261s
  1965  1388 14789.2569  216  229 16460.9800 14091.7729  14.4%   283  271s
  1987  1442 14944.0689  221  221 16460.9800 14091.7729  14.4%   282  275s
  2064  1432 14889.9684  235  223 16460.9800 14091.7729  14.4%   278  280s
  2131  1528 14900.6048  262  221 16460.9800 14091.7729  14.4%   277  287s
  2198  1582 14992.2491  279  197 16460.9800 14091.7729  14.4%   273  291s
  2274  1660 15716.6398  297  159 16460.9800 14091.7729  14.4%   269  296s
  2380  1732 15606.1478  320  138 16460.9800 14091.7729  14.4%   263  302s
  2507  1709 16013.2498  372  111 16460.9800 14146.4685  14.1%   256  310s
  2602  1701 14235.2345   27  529 16460.9800 14146.4685  14.1%   254  315s
  2626  1751 14466.6748   32  304 16460.9800 14146.4685  14.1%   255  320s
  2684  1830 14944.7833   43  170 16460.9800 14147.5076  14.1%   253  327s
  2803  1901 14250.9313   31  420 16460.9800 14147.5076  14.1%   248  332s
  2914  1954 14426.9220   48  266 16460.9800 14147.5076  14.1%   242  341s
  3004  2063 14771.9866   93  251 16460.9800 14147.5076  14.1%   237  349s
  3108  2028 16155.2890  334  116 16460.9800 14147.5076  14.1%   230  350s
  3157  2100 15141.9414  174  222 16460.9800 14147.5076  14.1%   229  355s
  3245  2180 15543.1479  249  211 16460.9800 14147.5076  14.1%   226  362s
  3354  2236 15875.8741  344  193 16460.9800 14156.0109  14.0%   222  369s
  3479  2249 14288.7602   31  407 16460.9800 14156.0109  14.0%   219  375s
  3533  2469 14729.5204   51  201 16460.9800 14156.0109  14.0%   220  382s
  3761  2684 15538.4290  187  161 16460.9800 14160.1528  14.0%   210  394s
  3798  2684 15706.2578  224  156 16460.9800 14160.1528  14.0%   209  395s
  3988  2845 14380.0137   36  287 16460.9800 14160.1528  14.0%   204  404s
  4149  3016 14527.0585   42  379 16460.9800 14160.1528  14.0%   201  415s
  4320  3047 15113.5067   47  343 16460.9800 14160.1528  14.0%   198  428s
  4377  3108 14676.6203   45  237 16460.9800 14160.1528  14.0%   197  434s
  4438  3239 15708.3146   64  216 16460.9800 14162.2863  14.0%   198  444s
  4600  3328 14174.6194   28  535 16460.9800 14162.2863  14.0%   196  454s
  4665  3328 16213.6529  195   64 16460.9800 14162.2863  14.0%   196  455s
  4710  3342 14789.2313   38  164 16460.9800 14162.2863  14.0%   196  462s
  4724  3479 14862.2568   39  224 16460.9800 14166.2305  13.9%   197  469s
  4747  3479 15252.8523   62  149 16460.9800 14166.2305  13.9%   197  470s
  4871  3672 14653.2243   36  328 16460.9800 14166.2305  13.9%   196  480s
  5064  3846 15258.5260   67  206 16460.9800 14172.3656  13.9%   191  491s
  5268  3894 14416.0924   32  401 16460.9800 14173.5635  13.9%   188  501s
  5316  4092 14739.1015   70  136 16460.9800 14173.5635  13.9%   190  511s
  5514  4381 15405.2781  240   80 16460.9800 14173.7703  13.9%   186  525s
  5818  4518 14385.3596   24  422 16460.9800 14173.7703  13.9%   180  541s
  5955  4754 14681.3540   40  288 16460.9800 14173.7703  13.9%   177  553s
  6056  4754 15806.1250  346  113 16460.9800 14173.7703  13.9%   176  555s
  6209  5068 15224.6559  119   81 16460.9800 14173.7703  13.9%   173  569s
  6253  5068 15318.8452  163   96 16460.9800 14173.7703  13.9%   172  570s
  6523  5123 15869.6300  426  106 16460.9800 14174.3634  13.9%   167  582s
  6590  5224 14748.8166   41  102 16460.9800 14176.7761  13.9%   169  594s
  6659  5224 15793.7674  107   77 16460.9800 14176.7761  13.9%   168  595s
  6719  5269 14402.1791   30  371 16460.9800 14176.7761  13.9%   169  603s
  6764  5506 14892.8794   49  268 16460.9800 14176.7761  13.9%   171  614s
  6790  5506 15266.2558   75  155 16460.9800 14176.7761  13.9%   171  615s
  7001  5778 15930.7261  176  155 16460.9800 14176.8007  13.9%   169  628s
  7290  6134 14349.4106   31  443 16460.9800 14176.8007  13.9%   165  647s
  7473  6134 15399.9463  411  116 16460.9800 14176.8007  13.9%   163  650s
  7686  6265 15038.4711   59  214 16460.9800 14191.6443  13.8%   161  666s
  7836  6365 14407.2375   27  436 16460.9800 14191.6443  13.8%   162  681s
  7936  6523 14791.3010   42  265 16460.9800 14191.6443  13.8%   163  694s
  7990  6523 15367.6293   96   86 16460.9800 14191.6443  13.8%   163  695s
  8106  6719 15508.9541  125   84 16460.9800 14200.3206  13.7%   163  707s
  8262  6719 15701.4446  141   70 16460.9800 14202.6579  13.7%   162  710s
  8339  7067 14660.9170   41  258 16460.9800 14203.2494  13.7%   162  724s
  8390  7067 15303.0298   92  127 16460.9800 14203.2494  13.7%   162  725s
  8701  7230 14282.2191   31  523 16460.9800 14203.2494  13.7%   159  743s
  8811  7230 16124.8921  252  104 16460.9800 14203.2494  13.7%   159  745s
  8879  7478 14920.1143   53  269 16460.9800 14207.9063  13.7%   159  758s
  9027  7478 16191.7593  201  113 16460.9800 14207.9063  13.7%   157  760s
  9138  7653 14635.0952   49  293 16460.9800 14207.9063  13.7%   158  772s
  9313  8140 15559.9262  139  174 16460.9800 14207.9176  13.7%   158  789s
  9335  8140 15595.6321  161  168 16460.9800 14207.9176  13.7%   158  790s
  9816  8353 14459.7722   40  372 16460.9800 14207.9176  13.7%   153  815s
 10052  8476 14976.9171   64  130 16460.9800 14210.4653  13.7%   153  830s
 10189  8778 14397.6286   40  431 16460.9800 14212.4543  13.7%   153  848s
 10505  8850 14327.3849   26  582 16460.9800 14212.4543  13.7%   151  864s
 10586  8915 14372.8059   28  569 16460.9800 14212.4543  13.7%   153  876s
 10653  9056     cutoff   33      16460.9800 14212.4543  13.7%   155  890s
 10823  9300 14771.7736   52  161 16460.9800 14212.4543  13.7%   155  904s
 11014  9300 16054.5535  212  118 16460.9800 14212.4543  13.7%   155  906s
 11097  9534 14902.0481   78  125 16460.9800 14212.4543  13.7%   155  920s
 11343  9725 15045.6200  130   98 16460.9800 14219.6253  13.6%   155  937s
 11576  9945 14344.8887   50  458 16460.9800 14219.6253  13.6%   155  950s
 11823 10039 15982.9303  181  107 16460.9800 14220.3505  13.6%   154  964s
 11900 10039 16394.4323  246   70 16460.9800 14220.3505  13.6%   153  965s
 11949 10224 14748.9269   57  257 16460.9800 14220.3505  13.6%   155  977s
 12134 10440 16260.8638  142   80 16460.9800 14220.3613  13.6%   155  992s
 12316 10440 15400.0828  229  138 16460.9800 14223.8121  13.6%   155  995s
 12398 10800 14893.5534   59  275 16460.9800 14223.8121  13.6%   154 1012s
 12585 10800 16339.4914  246   89 16460.9800 14223.8121  13.6%   153 1015s
 12776 10959 14490.5360   38  370 16460.9800 14223.8121  13.6%   153 1029s
 12802 10959 15134.0177   64  111 16460.9800 14223.8121  13.6%   153 1030s
 12961 11053 15399.9463   95  130 16460.9800 14223.8121  13.6%   152 1043s
 13083 11256 14521.4604   34  329 16460.9800 14225.7256  13.6%   153 1061s
 13318 11350 14500.7425   33  238 16460.9800 14227.0003  13.6%   153 1082s
 13446 11568 14649.6200   30  451 16460.9800 14227.0003  13.6%   155 1096s
 13676 11707 15553.1660   71  249 16460.9800 14231.3502  13.5%   154 1118s
 13764 11707 16114.8334  159   71 16460.9800 14231.3502  13.5%   154 1120s
 13835 11715 14533.5916   30  497 16460.9800 14231.3502  13.5%   155 1134s
 13843 11817 14815.1521   33  387 16460.9800 14231.3502  13.5%   156 1146s
 13947 12042 15380.7598   88  200 16460.9800 14231.6657  13.5%   157 1160s
 14194 12305 14466.5746   34  465 16460.9800 14231.6657  13.5%   157 1178s
 14345 12305 15132.2457  152   62 16460.9800 14231.6657  13.5%   156 1180s
 14465 12545 15932.3009  126   73 16460.9800 14232.1469  13.5%   156 1197s
 14764 12675 14432.5791   34  257 16460.9800 14232.1469  13.5%   155 1214s
 14856 12675 16289.7200  339   39 16460.9800 14232.1469  13.5%   155 1215s
 15181 12880 16053.2024   96  100 16460.9800 14233.9999  13.5%   153 1230s
 15412 13156 14603.4584   33  279 16460.9800 14236.5370  13.5%   152 1243s
 15508 13156 15578.6938  129  161 16460.9800 14236.5370  13.5%   152 1245s
 15694 13395 15632.5830  149  129 16460.9800 14236.8770  13.5%   151 1261s
 15968 13551 infeasible   28      16460.9800 14237.3303  13.5%   150 1275s
 16132 14126 15026.1585   46  153 16460.9800 14237.3303  13.5%   151 1302s
 16382 14130 16384.9219  217    8 16460.9800 14237.3303  13.5%   149 1305s
 16786 14275 infeasible  224      16460.9800 14237.3303  13.5%   147 1320s
 16956 14376 14675.8921   34  338 16460.9800 14237.3303  13.5%   148 1333s
 17061 14462 16155.8295  128   46 16460.9800 14237.3303  13.5%   148 1346s
 17160 14685 14719.7151   58  245 16460.9800 14241.0402  13.5%   149 1360s
 17395 14766 14867.9225   74  162 16460.9800 14241.0402  13.5%   149 1374s
 17442 14766 15029.0615   97  123 16460.9800 14241.0402  13.5%   149 1375s
 17476 15000 15011.8222  106   85 16460.9800 14241.0402  13.5%   150 1387s
 17710 15377 15342.9460  154   97 16460.9800 14241.0402  13.5%   150 1409s
 17798 15377 15224.7861  198   50 16460.9800 14241.0402  13.5%   150 1410s
 18116 15562 15110.2222  223   38 16460.9800 14241.0402  13.5%   149 1425s
 18301 15761 15489.4693  306   64 16460.9800 14241.0402  13.5%   150 1440s
 18500 16107 15557.1635  398   30 16460.9800 14241.0402  13.5%   150 1456s
 18813 16109 15378.6681  555   13 16460.9800 14241.0402  13.5%   149 1460s
 18878 16210 infeasible  584      16460.9800 14244.9463  13.5%   149 1471s
 19015 16312 14463.8050   67  359 16460.9800 14244.9463  13.5%   149 1486s
 19165 16521 15324.8996  105   81 16460.9800 14246.3147  13.5%   150 1499s
 19253 16521 16037.7316  193   16 16460.9800 14246.3147  13.5%   149 1500s
 19398 16753 15354.4918   58  286 16460.9800 14246.8578  13.5%   150 1516s
 19659 16827 14578.8775   41  343 16460.9800 14246.9178  13.5%   149 1534s
 19745 17005 14953.1572   52  199 16460.9800 14247.5512  13.4%   150 1548s
 19911 17005 15689.0341   85   68 16460.9800 14247.5512  13.4%   150 1550s
 19963 17124 14640.4275   37  305 16460.9800 14247.9829  13.4%   150 1561s
 20102 17507 14522.5113   39  321 16460.9800 14247.9829  13.4%   151 1577s
 20339 17507 15992.3718  172   56 16460.9800 14247.9829  13.4%   151 1580s
 20520 17645 15567.8635  121  114 16460.9800 14247.9829  13.4%   150 1673s
 20659 17817 15999.7346  254   69 16460.9800 14254.8466  13.4%   149 1687s
 20862 17974 14758.1998   42  349 16460.9800 14254.9329  13.4%   149 1701s
 21019 18188 15394.7226  114  161 16460.9800 14254.9397  13.4%   150 1716s
 21255 18259 14666.1514   41  330 16460.9800 14255.1308  13.4%   149 1729s
 21322 18259 15585.6095   93  107 16460.9800 14255.1308  13.4%   150 1730s
 21326 18606 15383.7733   59  130 16460.9800 14256.3349  13.4%   150 1744s
 21348 18606 15521.4023   81   85 16460.9800 14256.3349  13.4%   150 1745s
 21725 18658 14892.0768   57  236 16460.9800 14256.6452  13.4%   149 1760s
 21777 18845 15379.0674   77  178 16460.9800 14256.7384  13.4%   149 1773s
 21909 18845 15658.9483   93  230 16460.9800 14256.7781  13.4%   149 1775s
 21992 19132 14987.7551   76  172 16460.9800 14256.8164  13.4%   149 1793s
 22128 19132 15753.3866  212  109 16460.9800 14256.8164  13.4%   149 1795s
 22295 19365 14616.5206   37  360 16460.9800 14256.8164  13.4%   149 1808s
 22528 19717 15242.2659   61  166 16460.9800 14256.8164  13.4%   148 1824s
 22550 19717 15407.6023   83  204 16460.9800 14256.8164  13.4%   148 1825s
 22906 19792 16154.9146  299   98 16460.9800 14259.2021  13.4%   147 1840s
 22999 19924 14561.3324   38  323 16460.9800 14259.2021  13.4%   147 1852s
 23148 20087 14950.8397   51  167 16460.9800 14260.0023  13.4%   148 1865s
 23359 20347     cutoff   98      16460.9800 14261.6328  13.4%   148 1879s
 23385 20347 14912.7265   68   90 16460.9800 14261.6328  13.4%   148 1880s
 23635 20716 15160.7863  101   95 16460.9800 14261.8937  13.4%   147 1895s
 24056 20799 14521.7106   36  210 16460.9800 14262.0390  13.4%   146 1910s
 24149 21248 infeasible   68      16460.9800 14262.3343  13.4%   147 1927s
 24483 21248 16347.6766  294    6 16460.9800 14262.3343  13.4%   145 1930s
 24647 21462 infeasible  302      16460.9800 14266.9664  13.3%   145 1945s
 24861 21595 15030.8019   43  239 16460.9800 14266.9664  13.3%   146 1959s
 24937 21595 15412.2677  225   43 16460.9800 14266.9664  13.3%   146 1960s
 25022 21828 15903.3666   62   65 16460.9800 14266.9664  13.3%   146 1973s
 25158 21828 15242.8190   99  155 16460.9800 14272.8885  13.3%   146 1975s
 25309 22078 14920.0313   84  251 16460.9800 14274.1714  13.3%   146 1987s
 25571 22262 15109.4057   83  175 16460.9800 14274.3787  13.3%   146 2000s
 25799 22441 14819.6465   66  293 16460.9800 14275.8880  13.3%   146 2015s
 26017 22534 14446.7038   30  331 16460.9800 14275.9229  13.3%   146 2028s
 26110 22668 15866.8041   91   37 16460.9800 14275.9229  13.3%   146 2042s
 26275 22694     cutoff  130      16460.9800 14280.2568  13.2%   146 2054s
 26307 23010 14751.8372   45  285 16460.9800 14280.3041  13.2%   147 2069s
 26333 23010 15273.1988   71  125 16460.9800 14280.3041  13.2%   147 2070s
 26649 23059 14527.8639   34  342 16460.9800 14280.3922  13.2%   146 2085s
 26698 23374 14907.7294   56   60 16460.9800 14280.5147  13.2%   147 2100s
 27033 23480 14619.1647   33  328 16460.9800 14280.5147  13.2%   146 2115s
 27139 24054 15112.6533   64  153 16460.9800 14282.4453  13.2%   147 2132s
 27782 24088 14470.5870   32  384 16460.9800 14283.8629  13.2%   145 2148s
 27819 24203 15192.3650   53  260 16460.9800 14286.1743  13.2%   145 2161s
 27967 24394 14750.4175   39  201 16460.9800 14288.0357  13.2%   146 2175s
 28168 24588 14892.2127   49  233 16460.9800 14288.8643  13.2%   146 2189s
 28213 24588 15436.5022   94  116 16460.9800 14288.8643  13.2%   146 2190s
 28402 24795 16364.8133  168   13 16460.9800 14290.6462  13.2%   146 2204s
 28631 24932 15049.1058   40  243 16460.9800 14292.2006  13.2%   146 2219s
 28700 24932 15726.1813  109   99 16460.9800 14292.2006  13.2%   146 2220s
 28768 25083 15968.3705  164  105 16460.9800 14292.5529  13.2%   146 2232s
 28931 25196 14520.7873   37  452 16460.9800 14292.5529  13.2%   146 2244s
 28961 25196 15061.3131   67  192 16460.9800 14292.5529  13.2%   146 2245s
 29074 25409 15232.4469   77  210 16460.9800 14293.7861  13.2%   146 2257s
 29299 25443 14667.7058   30  368 16460.9800 14293.7861  13.2%   146 2270s
 29333 25697 14869.3959   39  351 16460.9800 14293.7861  13.2%   147 2281s
 29605 25816 16193.9141  233  108 16460.9800 14294.5102  13.2%   146 2296s
 29782 25908 14668.3314   35  347 16460.9800 14296.0554  13.2%   146 2309s
 29839 25908 15075.8176   76  113 16460.9800 14296.0554  13.2%   147 2310s
 29872 26404 15143.8288   64  159 16460.9800 14297.9955  13.1%   147 2326s
 30463 26561 14493.8413   65  363 16460.9800 14298.9782  13.1%   146 2344s
 30508 26561 15542.7773  110  107 16460.9800 14298.9782  13.1%   146 2345s
 30626 26877 14604.1975   35  321 16460.9800 14299.2290  13.1%   146 2360s
 30978 27099 15550.7171   81  150 16460.9800 14301.4053  13.1%   145 2377s
 31241 27229 15183.2715   96   87 16460.9800 14301.8447  13.1%   145 2390s
 31420 27273 14874.6455   40  326 16460.9800 14301.8732  13.1%   145 2403s
 31464 27559 15276.4798   59  244 16460.9800 14301.8771  13.1%   146 2415s
 31774 27772 14732.4053   42  263 16460.9800 14302.4435  13.1%   145 2434s
 31839 27772 15361.6986  107   35 16460.9800 14302.4435  13.1%   145 2435s
 32001 27964 14585.3823   40  290 16460.9800 14302.4435  13.1%   145 2448s
 32148 27964 15959.8078  190   50 16460.9800 14302.4435  13.1%   145 2450s
 32246 28113 15689.6031  137   29 16460.9800 14303.7101  13.1%   145 2464s
 32312 28113 16289.7483  202   10 16460.9800 14303.7101  13.1%   145 2465s
 32434 28222 14762.3513   37  317 16460.9800 14304.2411  13.1%   145 2477s
 32556 28335 14538.1550   37  368 16460.9800 14304.2411  13.1%   145 2492s
 32718 28473 15017.0810   50  134 16460.9800 14304.2411  13.1%   146 2505s
 32856 28574 16005.1386  182   37 16460.9800 14304.6446  13.1%   146 2517s
 32969 28648 14616.3340   42  383 16460.9800 14304.6446  13.1%   146 2528s
 33043 28811 15394.5736   87  171 16460.9800 14304.9864  13.1%   147 2540s
 33220 29060 14689.9638   32  281 16460.9800 14304.9864  13.1%   147 2554s
 33272 29060 15694.7259   84   64 16460.9800 14304.9864  13.1%   147 2555s
 33474 29214 16369.1312  154   22 16460.9800 14305.3512  13.1%   147 2569s
 33678 29288 14719.0107   46  323 16460.9800 14305.3736  13.1%   147 2581s
 33753 29441 15587.1181  104  143 16460.9800 14306.2380  13.1%   148 2594s
 33841 29441 16272.6160  192   45 16460.9800 14306.2380  13.1%   148 2595s
 33921 29718 14772.3933   50  232 16460.9800 14307.0316  13.1%   148 2608s
 34228 29838 14366.3166   30  372 16460.9800 14309.5742  13.1%   148 2623s
 34369 30090 14872.3369   50  205 16460.9800 14310.9083  13.1%   148 2637s
 34619 30090 15268.7450   58   41 16460.9800 14311.9066  13.1%   148 2640s
 34666 30207 14795.0125   72  277 16460.9800 14312.1431  13.1%   148 2652s
 34803 30357 14439.5430   37  229 16460.9800 14312.1431  13.1%   148 2665s
 34965 30689 15102.0686   96  140 16460.9800 14312.5257  13.1%   148 2681s
 35343 30714 14727.7212   36  424 16460.9800 14312.5323  13.1%   148 2696s
 35368 30925 14974.4327   52  379 16460.9800 14312.5323  13.1%   148 2711s
 35593 31002 15772.2439  114  231 16460.9800 14312.7280  13.1%   148 2725s
 35682 31104 14576.1596   37  278 16460.9800 14312.7280  13.1%   149 2738s
 35804 31316 14700.3664   50  230 16460.9800 14312.7280  13.1%   149 2751s
 36028 31583 15273.6795   94   26 16460.9800 14313.3403  13.0%   149 2770s
 36343 31685 16368.0181  212   28 16460.9800 14313.3706  13.0%   149 2785s
 36470 31797     cutoff  214      16460.9800 14314.0638  13.0%   149 2799s
 36618 31829 14485.7912   35  441 16460.9800 14317.1740  13.0%   150 2811s
 36651 31992 14530.1827   39  285 16460.9800 14317.1740  13.0%   150 2824s
 36743 31992 16164.8450  127   17 16460.9800 14317.1740  13.0%   151 2825s
 36836 32533 14997.5539   54   83 16460.9800 14317.9605  13.0%   150 2840s
 37258 32559 15451.4951  159   75 16460.9800 14318.1778  13.0%   150 2845s
 37476 32677 infeasible  271      16460.9800 14318.4871  13.0%   149 2860s
 37615 32765 14641.2560   47  188 16460.9800 14319.9635  13.0%   149 2873s
 37705 32942 15810.0120  123  122 16460.9800 14319.9635  13.0%   150 2885s
 37900 33076 14609.6291   34  330 16460.9800 14321.3941  13.0%   149 2899s
 37925 33076 15152.8041  103   59 16460.9800 14321.3941  13.0%   150 2900s
 38080 33154 14901.8381   44  239 16460.9800 14321.3941  13.0%   150 2912s
 38158 33522 15375.6777   57  165 16460.9800 14323.2258  13.0%   150 2928s
 38605 33690 14466.9426   38  354 16460.9800 14325.2021  13.0%   149 2946s
 38804 33825 14454.9503   35  307 16460.9800 14325.2475  13.0%   149 2958s
 38939 33924 14896.7403   53  328 16460.9800 14325.3739  13.0%   149 2971s
 39058 34091 14505.1822   37  401 16460.9800 14325.4649  13.0%   150 2985s
 39225 34381 14928.5997   60  205 16460.9800 14325.4649  13.0%   150 3000s
 39547 34516 16128.4720  297   82 16460.9800 14326.2399  13.0%   149 3014s
 39573 34516 16319.3541  315   75 16460.9800 14326.2399  13.0%   149 3015s
 39718 34707 14826.9643   38  260 16460.9800 14326.8172  13.0%   149 3034s
 39818 34707 15410.5197   84  194 16460.9800 14326.8172  13.0%   149 3035s
 39938 34774 15724.0079   94  172 16460.9800 14327.3655  13.0%   149 3047s
 40020 34965 14892.8569   66  151 16460.9800 14328.9051  13.0%   150 3061s
 40240 35091 14676.2452   44  248 16460.9800 14329.0848  13.0%   149 3076s
 40377 35146 14390.1693   37  422 16460.9800 14329.0848  13.0%   150 3087s
 40432 35339 15331.1429   64  274 16460.9800 14329.2778  13.0%   150 3103s
 40653 35390 14653.4272   37  300 16460.9800 14329.2778  13.0%   150 3118s
 40735 35509 15800.0282   82  125 16460.9800 14330.3865  12.9%   151 3129s
 40757 35509 16149.4011  104   45 16460.9800 14330.3865  12.9%   151 3130s
 40888 35588 14887.5436   35  341 16460.9800 14331.0258  12.9%   151 3141s
 40975 35715 15868.0793   84  150 16460.9800 14332.4032  12.9%   151 3155s
 41138 35947 15083.8390   85  216 16460.9800 14334.1745  12.9%   152 3169s
 41182 35947 15719.5117  129   82 16460.9800 14334.1745  12.9%   152 3170s
 41382 36119 14711.1939   41  366 16460.9800 14334.1745  12.9%   151 3185s
 41576 36339 15415.5240   70  252 16460.9800 14335.2295  12.9%   151 3200s
 41832 36519 14739.3889   43  303 16460.9800 14335.3419  12.9%   151 3215s
 42027 36675 14948.0659   55  200 16460.9800 14335.3419  12.9%   151 3229s
 42073 36675 15795.4516   73  121 16460.9800 14335.3419  12.9%   151 3230s
 42197 36914 15937.8242   77   77 16460.9800 14336.2262  12.9%   151 3245s
 42510 36962 14756.0601   50  120 16460.9800 14336.4422  12.9%   151 3259s
 42558 37197 15095.6893   79   32 16460.9800 14336.4422  12.9%   151 3370s
 42807 37331 14466.2477   24  475 16460.9800 14336.4422  12.9%   152 3388s
 42952 37410 14638.4956   24  416 16460.9800 14336.7647  12.9%   152 3401s
 43044 37576 14780.5663   30  337 16460.9800 14336.7647  12.9%   152 3416s
 43225 37720 15204.9457   53  201 16460.9800 14336.7647  12.9%   152 3431s
 43369 37863 15710.2912  130   63 16460.9800 14338.4190  12.9%   152 3448s
 43544 37863 16407.0803  130   53 16460.9800 14338.4612  12.9%   153 3450s
 43561 37887 14735.1229   24  386 16460.9800 14338.4612  12.9%   153 3463s
 43585 38148 14913.4745   35  321 16460.9800 14338.4612  12.9%   153 3476s
 43846 38279 15743.5828  101  120 16460.9800 14338.6866  12.9%   153 3492s
 44004 38781 14825.4398   44  340 16460.9800 14339.0347  12.9%   153 3509s
 44042 38781 15294.9586   82  136 16460.9800 14339.0347  12.9%   153 3510s
 44556 38923 14489.8018   36  510 16460.9800 14339.1878  12.9%   152 3528s
 44698 39194 14954.1130   58  323 16460.9800 14339.1878  12.9%   152 3542s
 44952 39194 14735.5960   86  288 16460.9800 14339.1878  12.9%   152 3545s
 44984 39531 15832.5836  171   74 16460.9800 14339.4086  12.9%   152 3558s
 45384 39637 14694.8536   40  252 16460.9800 14339.5695  12.9%   151 3574s
 45431 39637 15244.0775   66   45 16460.9800 14339.5695  12.9%   152 3575s
 45510 39947 15344.4258   76   43 16460.9800 14339.8281  12.9%   152 3590s
 45886 39974     cutoff  219      16460.9800 14340.4297  12.9%   151 3600s

Cutting planes:
  User: 3920
  Gomory: 29
  Cover: 471
  Implied bound: 43
  Projected implied bound: 17
  Clique: 20
  MIR: 119
  StrongCG: 1
  Flow cover: 381
  Inf proof: 2
  Zero half: 12
  RLT: 300
  Relax-and-lift: 7
  Lazy constraints: 1575

Explored 45908 nodes (6969529 simplex iterations) in 3600.29 seconds
Thread count was 2 (of 32 available processors)

Solution count 4: 16461 16468.7 16489.7 16519.7 

Time limit reached
Best objective 1.646098000000e+04, best bound 1.434042965955e+04, gap 12.8823%

User-callback calls 432516, time in user-callback 351.66 sec
================================================================================
executing instance: ./input/Instances/Original/2/absH3high_4n10.dat
--------------------------------------------------------------------------------
Instance details
n	11
H	3
C	822
Li:
[0, 0, 0, 0, 0, 0, 0, 0, 0, 0, 0, ]
Ui:
[0, 102, 52, 88, 182, 153, 138, 38, 165, 297, 86, ]
Distance matrix:
|0	285	411	382	327	239	148	256	307	36	383	|
|285	0	352	98	249	103	227	235	120	268	209	|
|411	352	0	395	106	430	263	549	234	429	174	|
|382	98	395	0	302	173	320	288	168	364	227	|
|327	249	106	302	0	324	179	444	135	339	109	|
|239	103	430	173	324	0	241	132	212	212	305	|
|148	227	263	320	179	241	0	325	192	165	249	|
|256	235	549	288	444	132	325	0	342	220	436	|
|307	120	234	168	135	212	192	342	0	304	94	|
|36	268	429	364	339	212	165	220	304	0	386	|
|383	209	174	227	109	305	249	436	94	386	0	|

--------------------------------------------------------------------------------
Building model...
	using lazy and cut (CVRPSEP package)
Solving IRP LP...
--------------------------------------------------------------------------------

