




arguments: ./build/mirp_solver -f ./input/orig_exec_375.cfg
Current dir: /scratch/gui/bnc_mirp
File verbosity level: 9
date       time         ( uptime  ) [ thread name/id ]                   file:line     v| 
2021-01-29 00:26:56.016 (   0.119s) [main thread     ]             loguru.cpp:789   INFO| Logging to './output/vi_lex_full/OU/V4/Original/execution_29_01_2021_00_26_55.log', mode: 'a', verbosity: 9
--------------------------------------------------------------------------------
Parameters
                           instance_path           ./input/Instances/Original/5/
                            model_policy                                       1
                             nb_vehicles                                       4
                              output_dir    ./output/vi_lex_full/OU/V4/Original/
                            sec_strategy                                       1
                       solver_nb_threads                                       2
                         solver_show_log                                    true
                       solver_time_limit                                    3600
                              use_vi_cos                                   false
                              use_vi_cus                                   false
                         use_vi_hc1_full                                   false
                         use_vi_hc1_half                                   false
                      use_vi_hc1_quarter                                   false
                              use_vi_hc2                                   false
                              use_vi_hc3                                   false
                         use_vi_lex_full                                    true
                         use_vi_lex_half                                   false
                      use_vi_lex_quarter                                   false
                              use_vi_qua                                   false
                               use_vi_vc                                   false
                               use_vi_vr                                   false
--------------------------------------------------------------------------------
executing instance: ./input/Instances/Original/5/absH3low_4n50.dat
--------------------------------------------------------------------------------
Instance details
n	51
H	3
C	4066
Li:
[0, 0, 0, 0, 0, 0, 0, 0, 0, 0, 0, 0, 0, 0, 0, 0, 0, 0, 0, 0, 0, 0, 0, 0, 0, 0, 0, 0, 0, 0, 0, 0, 0, 0, 0, 0, 0, 0, 0, 0, 0, 0, 0, 0, 0, 0, 0, 0, 0, 0, 0, ]
Ui:
[0, 108, 126, 122, 66, 120, 48, 30, 128, 54, 158, 198, 36, 66, 210, 234, 147, 297, 171, 128, 116, 120, 219, 70, 294, 207, 134, 128, 234, 122, 22, 183, 195, 255, 132, 124, 66, 189, 219, 66, 128, 102, 288, 66, 87, 136, 36, 39, 282, 36, 237, ]
Distance matrix:
|0	210	444	498	509	104	438	228	487	304	456	434	526	476	163	47	293	396	293	290	313	85	280	437	293	336	409	106	449	376	433	478	193	404	404	534	278	181	380	507	189	438	263	473	353	216	202	218	452	254	465	|
|210	0	299	507	359	106	345	409	358	411	320	402	555	448	136	200	289	264	306	427	141	222	83	348	264	320	283	303	380	208	258	357	170	348	475	542	243	347	355	379	65	479	172	373	355	251	112	229	402	210	300	|
|444	299	0	363	65	358	116	542	66	440	26	241	425	272	282	407	251	51	276	490	159	397	224	124	217	237	48	490	170	99	83	74	261	180	430	385	214	479	231	85	270	390	184	116	271	300	409	276	210	215	54	|
|498	507	363	0	385	482	246	424	326	254	343	123	63	93	388	452	221	337	211	314	428	414	480	239	243	187	324	463	194	418	438	307	346	188	156	36	264	392	156	326	444	87	340	258	154	286	603	294	153	297	417	|
|509	359	65	385	0	422	145	602	59	492	59	269	448	292	348	472	305	115	329	545	218	462	281	152	274	286	106	554	192	153	116	78	326	216	472	403	274	540	271	63	334	425	249	127	316	361	468	337	233	278	69	|
|104	106	358	482	422	0	372	309	408	337	374	396	521	441	98	96	262	314	271	342	215	124	177	373	249	302	329	198	394	281	337	402	139	353	419	518	230	250	343	428	90	437	188	405	328	200	134	188	406	199	372	|
|438	345	116	246	145	372	0	485	87	357	97	126	309	155	279	394	180	101	200	414	223	373	288	8	157	150	84	459	53	188	196	68	245	72	328	269	165	427	128	97	297	280	184	36	175	250	456	233	94	184	170	|
|228	409	542	424	602	309	485	0	561	170	544	419	424	446	298	214	305	491	286	115	462	187	457	480	331	339	496	124	470	510	565	545	295	424	279	454	329	66	376	576	363	340	370	520	330	242	429	266	453	328	581	|
|487	358	66	326	59	408	87	561	0	441	40	211	389	233	324	446	258	95	281	497	220	431	287	95	230	234	79	522	133	164	146	19	297	160	415	344	233	500	215	21	323	367	224	68	261	320	470	299	174	242	106	|
|304	411	440	254	492	337	357	170	441	0	434	266	255	286	275	266	189	392	164	63	408	225	428	351	224	207	392	234	330	438	484	424	250	287	112	284	232	149	233	453	349	170	302	389	185	168	471	195	305	248	487	|
|456	320	26	343	59	374	97	544	40	434	0	223	406	252	294	418	247	60	271	487	181	405	247	105	215	229	49	498	149	124	109	48	270	165	419	364	215	482	218	60	288	375	194	92	261	302	431	279	190	220	75	|
|434	402	241	123	269	396	126	419	211	266	223	0	185	46	298	387	140	213	145	328	310	355	366	118	147	97	201	425	78	295	315	191	256	65	211	151	166	371	53	215	343	157	231	145	90	220	505	217	41	198	295	|
|526	555	425	63	448	521	309	424	389	255	406	185	0	156	430	481	266	398	252	310	485	442	534	301	293	237	386	480	257	478	500	370	390	249	145	55	313	401	212	389	491	89	392	321	201	322	646	334	216	345	479	|
|476	448	272	93	292	441	155	446	233	286	252	46	156	0	343	429	183	250	184	348	353	396	411	148	192	140	236	461	102	334	350	214	302	106	214	113	212	402	98	233	389	151	277	165	125	261	551	260	62	244	325	|
|163	136	282	388	348	98	279	298	324	275	294	298	430	343	0	124	167	234	178	296	167	121	162	279	151	205	247	216	297	224	280	316	42	256	340	423	132	232	246	344	74	349	100	314	233	115	216	97	308	101	307	|
|47	200	407	452	472	96	394	214	446	266	418	387	481	429	124	0	246	358	245	259	284	41	261	392	247	289	370	103	403	345	402	436	150	358	361	488	232	158	333	466	165	393	223	430	306	168	217	171	406	210	431	|
|293	289	251	221	305	262	180	305	258	189	247	140	266	183	167	246	0	204	26	240	238	215	276	175	37	43	203	289	169	255	297	242	125	122	202	257	52	248	87	272	225	191	134	215	67	80	382	77	163	81	298	|
|396	264	51	337	115	314	101	491	95	392	60	213	398	250	234	358	204	0	229	442	130	347	196	108	169	194	19	440	152	87	102	93	211	149	390	363	165	428	194	116	228	355	134	117	230	250	376	225	189	164	95	|
|293	306	276	211	329	271	200	286	281	164	271	145	252	184	178	245	26	229	0	216	262	212	297	195	63	53	228	280	184	280	323	264	138	137	178	248	76	232	95	294	241	173	156	234	60	77	395	83	172	102	324	|
|290	427	490	314	545	342	414	115	497	63	487	328	310	348	296	259	240	442	216	0	443	220	456	408	273	264	443	204	390	479	529	480	278	346	165	343	278	115	293	509	369	229	340	447	244	202	473	230	366	288	536	|
|313	141	159	428	218	215	223	462	220	408	181	310	485	353	167	284	238	130	262	443	0	288	67	228	202	252	149	382	267	67	122	221	168	247	440	459	186	396	273	241	125	423	107	245	291	242	251	214	297	162	160	|
|85	222	397	414	462	124	373	187	431	225	405	355	442	396	121	41	215	347	212	220	288	0	273	371	221	258	357	95	378	344	401	420	136	331	321	450	208	126	302	450	177	353	213	409	272	136	253	143	377	190	426	|
|280	83	224	480	281	177	288	457	287	428	247	366	534	411	162	261	276	196	297	456	67	273	0	292	243	298	215	363	329	128	176	288	179	305	475	513	224	392	324	307	96	466	143	311	335	261	187	235	357	195	219	|
|437	348	124	239	152	373	8	480	95	351	105	118	301	148	279	392	175	108	195	408	228	371	292	0	154	144	91	456	46	194	203	76	244	65	320	261	163	423	121	103	299	273	185	40	168	247	459	230	86	183	178	|
|293	264	217	243	274	249	157	331	230	224	215	147	293	192	151	247	37	169	63	273	202	221	243	154	0	57	170	303	157	217	260	215	110	111	238	278	21	271	94	245	201	223	100	193	92	93	362	78	160	54	263	|
|336	320	237	187	286	302	150	339	234	207	229	97	237	140	205	289	43	194	53	264	252	258	298	144	57	0	190	331	131	257	294	216	163	84	197	221	77	285	44	246	258	172	155	183	39	123	418	119	120	110	288	|
|409	283	48	324	106	329	84	496	79	392	49	201	386	236	247	370	203	19	228	443	149	357	215	91	170	190	0	449	136	105	114	75	221	138	384	349	168	434	185	99	245	346	146	98	224	255	394	231	174	171	99	|
|106	303	490	463	554	198	459	124	522	234	498	425	480	461	216	103	289	440	280	204	382	95	363	456	303	331	449	0	458	439	496	510	229	410	344	498	293	89	374	540	267	391	307	495	336	211	308	226	451	280	520	|
|449	380	170	194	192	394	53	470	133	330	149	78	257	102	297	403	169	152	184	390	267	378	329	46	157	131	136	458	0	238	249	114	259	47	287	216	171	416	96	137	327	235	211	67	145	247	488	235	41	197	223	|
|376	208	99	418	153	281	188	510	164	438	124	295	478	334	224	345	255	87	280	479	67	344	128	194	217	257	105	439	238	0	57	169	216	230	453	445	206	445	268	184	191	427	141	202	296	278	315	250	274	191	92	|
|433	258	83	438	116	337	196	565	146	484	109	315	500	350	280	402	297	102	323	529	122	401	176	203	260	294	114	496	249	57	0	157	271	252	490	463	251	499	296	162	247	457	195	199	331	329	362	302	288	241	47	|
|478	357	74	307	78	402	68	545	19	424	48	191	370	214	316	436	242	93	264	480	221	420	288	76	215	216	75	510	114	169	157	0	287	141	396	325	219	485	196	31	319	347	216	49	243	306	469	286	154	230	120	|
|193	170	261	346	326	139	245	295	297	250	270	256	390	302	42	150	125	211	138	278	168	136	179	244	110	163	221	229	259	216	271	287	0	216	305	382	91	229	204	316	105	310	78	280	192	83	257	60	268	62	292	|
|404	348	180	188	216	353	72	424	160	287	165	65	249	106	256	358	122	149	137	346	247	331	305	65	111	84	138	410	47	230	252	141	216	0	255	215	126	369	56	168	292	210	177	102	103	200	454	189	54	155	234	|
|404	475	430	156	472	419	328	279	415	112	419	211	145	214	340	361	202	390	178	165	440	321	475	320	238	197	384	344	287	453	490	396	305	255	0	181	254	261	201	422	410	69	335	353	160	225	551	246	252	280	482	|
|534	542	385	36	403	518	269	454	344	284	364	151	55	113	423	488	257	363	248	343	459	450	513	261	278	221	349	498	216	445	463	325	382	215	181	0	298	425	189	342	479	115	373	276	190	323	638	330	175	332	439	|
|278	243	214	264	274	230	165	329	233	232	215	166	313	212	132	232	52	165	76	278	186	208	224	163	21	77	168	293	171	206	251	219	91	126	254	298	0	267	114	250	181	242	82	202	112	88	341	68	177	33	258	|
|181	347	479	392	540	250	427	66	500	149	482	371	401	402	232	158	248	428	232	115	396	126	392	423	271	285	434	89	416	445	499	485	229	369	261	425	267	0	325	516	298	313	305	463	281	180	375	203	403	264	516	|
|380	355	231	156	271	343	128	376	215	233	218	53	212	98	246	333	87	194	95	293	273	302	324	121	94	44	185	374	96	268	296	196	204	56	201	189	114	325	0	224	294	161	185	157	49	167	455	163	78	147	284	|
|507	379	85	326	63	428	97	576	21	453	60	215	389	233	344	466	272	116	294	509	241	450	307	103	245	246	99	540	137	184	162	31	316	168	422	342	250	516	224	0	344	371	244	70	271	337	490	317	176	261	120	|
|189	65	270	444	334	90	297	363	323	349	288	343	491	389	74	165	225	228	241	369	125	177	96	299	201	258	245	267	327	191	247	319	105	292	410	479	181	298	294	344	0	414	116	328	291	187	163	165	345	147	282	|
|438	479	390	87	425	437	280	340	367	170	375	157	89	151	349	393	191	355	173	229	423	353	466	273	223	172	346	391	235	427	457	347	310	210	69	115	242	313	161	371	414	0	323	301	133	238	565	253	197	273	444	|
|263	172	184	340	249	188	184	370	224	302	194	231	392	277	100	223	134	134	156	340	107	213	143	185	100	155	146	307	211	141	195	216	78	177	335	373	82	305	185	244	116	323	0	217	192	138	278	110	230	55	214	|
|473	373	116	258	127	405	36	520	68	389	92	145	321	165	314	430	215	117	234	447	245	409	311	40	193	183	98	495	67	202	199	49	280	102	353	276	202	463	157	70	328	301	217	0	205	286	485	269	106	220	167	|
|353	355	271	154	316	328	175	330	261	185	261	90	201	125	233	306	67	230	60	244	291	272	335	168	92	39	224	336	145	296	331	243	192	103	160	190	112	281	49	271	291	133	192	205	0	138	449	141	123	145	323	|
|216	251	300	286	361	200	250	242	320	168	302	220	322	261	115	168	80	250	77	202	242	136	261	247	93	123	255	211	247	278	329	306	83	200	225	323	88	180	167	337	187	238	138	286	138	0	328	28	243	88	340	|
|202	112	409	603	468	134	456	429	470	471	431	505	646	551	216	217	382	376	395	473	251	253	187	459	362	418	394	308	488	315	362	469	257	454	551	638	341	375	455	490	163	565	278	485	449	328	0	313	508	308	406	|
|218	229	276	294	337	188	233	266	299	195	279	217	334	260	97	171	77	225	83	230	214	143	235	230	78	119	231	226	235	250	302	286	60	189	246	330	68	203	163	317	165	253	110	269	141	28	313	0	235	61	315	|
|452	402	210	153	233	406	94	453	174	305	190	41	216	62	308	406	163	189	172	366	297	377	357	86	160	120	174	451	41	274	288	154	268	54	252	175	177	403	78	176	345	197	230	106	123	243	508	235	0	207	264	|
|254	210	215	297	278	199	184	328	242	248	220	198	345	244	101	210	81	164	102	288	162	190	195	183	54	110	171	280	197	191	241	230	62	155	280	332	33	264	147	261	147	273	55	220	145	88	308	61	207	0	253	|
|465	300	54	417	69	372	170	581	106	487	75	295	479	325	307	431	298	95	324	536	160	426	219	178	263	288	99	520	223	92	47	120	292	234	482	439	258	516	284	120	282	444	214	167	323	340	406	315	264	253	0	|

--------------------------------------------------------------------------------
Building model...
	using lazy and cut (CVRPSEP package)
Solving IRP LP...
--------------------------------------------------------------------------------

Gurobi 9.1.0 (linux64) logging started Fri Jan 29 00:26:57 2021

Gurobi Optimizer version 9.1.0 build v9.1.0rc0 (linux64)
Thread count: 32 physical cores, 32 logical processors, using up to 2 threads
Optimize a model with 1740 rows, 16716 columns and 38202 nonzeros
Model fingerprint: 0x968f0330
Variable types: 804 continuous, 15912 integer (612 binary)
Coefficient statistics:
  Matrix range     [1e+00, 2e+15]
  Objective range  [1e-02, 6e+02]
  Bounds range     [1e+00, 3e+02]
  RHS range        [1e+01, 7e+03]
Warning: Model contains large matrix coefficient range
         Consider reformulating model or setting NumericFocus parameter
         to avoid numerical issues.
Presolve removed 204 rows and 51 columns
Presolve time: 0.06s
Presolved: 1536 rows, 16665 columns, 36697 nonzeros
Variable types: 753 continuous, 15912 integer (15312 binary)

Root relaxation: objective 3.473436e+03, 2173 iterations, 0.09 seconds

    Nodes    |    Current Node    |     Objective Bounds      |     Work
 Expl Unexpl |  Obj  Depth IntInf | Incumbent    BestBd   Gap | It/Node Time

     0     0 3473.43557    0  167          - 3473.43557      -     -    0s
     0     0 3695.97835    0  155          - 3695.97835      -     -    0s
     0     0 3713.46636    0  153          - 3713.46636      -     -    0s
     0     0 4328.36417    0  256          - 4328.36417      -     -    1s
     0     0 4461.55176    0  255          - 4461.55176      -     -    1s
     0     0 4461.82500    0  242          - 4461.82500      -     -    1s
     0     0 4541.84483    0  302          - 4541.84483      -     -    1s
     0     0 4556.42630    0  330          - 4556.42630      -     -    3s
     0     0 4556.42645    0  341          - 4556.42645      -     -    3s
     0     0 4635.74288    0  316          - 4635.74288      -     -    4s
     0     0 4647.89738    0  374          - 4647.89738      -     -    5s
     0     0 4652.22942    0  352          - 4652.22942      -     -    5s
     0     0 4652.43374    0  367          - 4652.43374      -     -    5s
     0     0 4708.55910    0  337          - 4708.55910      -     -    6s
     0     0 4717.40644    0  316          - 4717.40644      -     -    6s
     0     0 4719.90307    0  339          - 4719.90307      -     -    7s
     0     0 4721.35656    0  345          - 4721.35656      -     -    7s
     0     0 4746.31532    0  393          - 4746.31532      -     -    8s
     0     0 4754.99474    0  411          - 4754.99474      -     -    8s
     0     0 4756.01353    0  411          - 4756.01353      -     -    9s
     0     0 4778.73014    0  347          - 4778.73014      -     -    9s
     0     0 4800.43800    0  405          - 4800.43800      -     -   10s
     0     0 4808.25216    0  465          - 4808.25216      -     -   10s
     0     0 4809.18996    0  425          - 4809.18996      -     -   11s
     0     0 4825.55086    0  453          - 4825.55086      -     -   11s
     0     0 4831.94292    0  489          - 4831.94292      -     -   12s
     0     0 4833.20719    0  509          - 4833.20719      -     -   12s
     0     0 4855.41949    0  464          - 4855.41949      -     -   13s
     0     0 4858.84818    0  469          - 4858.84818      -     -   14s
     0     0 4860.66567    0  477          - 4860.66567      -     -   14s
     0     0 4864.08831    0  593          - 4864.08831      -     -   15s
     0     0 4864.54994    0  457          - 4864.54994      -     -   15s
     0     2 4871.61224    0  446          - 4871.61224      -     -   18s
     3     6 5341.59130    2  479          - 4871.61224      -  2000   20s
     9    10 5370.66091    3  432          - 4871.61224      -  1384   35s
    14    13 5457.22713    5  294          - 4871.61224      -  3395   41s
    30    25 5564.37550   10  272          - 4880.35326      -  2633   45s
    62    61 5633.19343   21  263          - 4880.35326      -  1660   50s
   109   114 6007.78249   40  215          - 4880.35326      -  1128   55s
   187   190 6811.41224   81  180          - 4880.35326      -   728   60s
   254   239  postponed  115               - 4880.35326      -   659   67s
   262   242 infeasible  115               - 4880.35326      -   643   70s
   288   275 infeasible  118               - 4880.35326      -   742   76s
   325   306 infeasible  119               - 4880.35326      -   744   81s
   356   359  postponed  121               - 4880.35326      -   807   87s
   392   400  postponed  121               - 4880.35326      -   775   90s
   478   492 infeasible  122               - 4880.35326      -   695   96s
   581   554  postponed  123               - 4880.35326      -   621  102s
   593   593  postponed  124               - 4880.35326      -   632  105s
   679   655 infeasible  125               - 4880.35326      -   585  111s
   749   685  postponed  125               - 4880.35326      -   561  131s
   824   685 infeasible  126               - 4880.35326      -   556  154s
   829   686 6867.15037  171  457          - 4880.35326      -   613  156s
   835   690 10865.9000  314  419          - 4880.35326      -   609  160s
   842   695 8096.98328  228  368          - 4891.18174      -   603  165s
   854   703 7567.48002  206  659          - 4911.88150      -   595  170s
   860   707 7203.68441  110  490          - 4921.78177      -   591  175s
   869   713 5032.21918   30  610          - 4934.11576      -   585  180s
   878   719 9706.19000  289  562          - 4939.59918      -   579  187s
   884   723 6962.05723  101  474          - 4940.63621      -   575  190s
   890   727 10921.3600  317  538          - 4941.69758      -   571  199s
   891   727 7567.48002  206  538          - 4941.69758      -   570  200s
   892   728 7522.00779  195  538          - 4941.69758      -   570  207s
   893   732 4941.97698   13  529          - 4941.76167      -   599  215s
   895   733 4945.98664   14  570          - 4944.09711      -   598  223s
   897   734 4973.62898   14  547          - 4946.71082      -   598  231s
   899   736 4955.73699   15  467          - 4946.74148      -   599  237s
   901   737 5024.80509   15  461          - 4955.73762      -   600  242s
   907   743 4962.04083   17  413          - 4957.51496      -   600  247s
   915   747 5066.11226   19  382          - 4957.51496      -   601  250s
   927   755 4981.93772   22  354          - 4957.51496      -   601  255s
   949   768 5162.67911   29  303          - 4957.51496      -   600  261s
   955   773 5074.81425   31  247          - 4957.51496      -   601  266s
   967   783 5166.33722   34  190          - 4957.51496      -   601  272s
   982   790 5124.78741   38  293          - 4957.51496      -   601  277s
   990   797 5142.27642   40  285          - 4957.51496      -   602  281s
  1002   808 5259.70752   43  207          - 4957.51496      -   603  286s
  1020   821 5328.77899   49  171          - 4957.51496      -   602  290s
  1043   846 5237.27782   55  142          - 4957.51496      -   597  296s
  1066   853 5190.12235   60  306          - 4957.51496      -   591  301s
  1085   864 5208.90763   63  300          - 4957.51496      -   591  306s
  1130   882 5237.55674   71  255          - 4957.51496      -   581  313s
  1147   890 5278.77682   76  213          - 4957.51496      -   581  317s
  1167   898 5346.64313   81  147          - 4957.51496      -   584  321s
  1184   903 5415.18670   89  197          - 4957.51496      -   581  325s
  1227   956 5646.25557  108  108          - 4957.51496      -   569  332s
  1262   972 5796.80447  125  122          - 4957.51496      -   559  336s
  1289   991 5855.36276  137  154          - 4957.51496      -   552  341s
  1317  1014 6050.61523  149   98          - 4957.51496      -   546  345s
  1382  1061 5970.19305  176  166          - 4957.51496      -   530  353s
  1418  1087 6023.88155  190  161          - 4957.51496      -   523  357s
  1456  1112 6770.14406  205  105          - 4957.51496      -   515  361s
  1494  1147 6109.95732  220  142          - 4957.51496      -   507  366s
  1542  1173 6254.12369  235  114          - 4957.51496      -   497  370s
  1584  1205 6180.43911  250  142          - 4957.51496      -   490  375s
  1630  1239 6206.46152  265  166          - 4957.51496      -   482  383s
  1679  1270 6254.12224  282  159          - 4957.51496      -   473  388s
  1738  1346 6809.29013  303  110          - 4957.51496      -   463  394s
  1793  1328 7374.76033  331  113          - 4957.51496      -   451  395s
  1835  1401 7435.10136  337  109          - 4957.51496      -   444  400s
  1922  1451 7628.29685  366   97          - 4957.51496      -   429  406s
  2001  1525 7755.94214  391  101          - 4957.51496      -   417  412s
  2102  1601 7792.01995  422  130          - 4957.51496      -   402  419s
  2145  1586 8018.31054  443   52          - 4957.51496      -   395  420s
  2211  1701 8231.34254  458   95          - 4957.51496      -   387  428s
  2297  1673 8679.60487  501   27          - 4957.51496      -   375  430s
  2358  1684 infeasible  516               - 4965.48295      -   367  437s
  2414  1698 5029.91379   20  424          - 4965.48295      -   362  443s
  2446  1721 5052.74968   22  705          - 4965.48295      -   361  449s
  2480  1750 5067.31201   22  461          - 4965.48295      -   359  455s
  2520  1776 5101.43268   26  465          - 4965.48295      -   356  462s
  2560  1806 5099.82770   30  462          - 4965.48295      -   354  468s
  2603  1840 5108.72628   32  454          - 4965.48295      -   351  474s
  2651  1869 5165.10161   39  357          - 4965.48295      -   348  481s
  2712  1891 5230.05973   41  342          - 4965.48295      -   344  490s
  2788  1877 5188.66225   43  366          - 4965.48295      -   338  498s
  2816  1884 5214.04004   47  328          - 4965.48295      -   337  506s
  2832  1915 5224.05213   54  298          - 4965.48295      -   338  514s
  2865  1904 5074.12352   20  339          - 4965.48295      -   337  515s
  2869  1948 5559.90825   71  212          - 4965.48295      -   337  522s
  2914  1991 5470.71357   96  206          - 4965.48295      -   335  532s
  2972  2060 5583.38243  138  143          - 4965.48295      -   332  543s
  3060  2121 5791.70930  207  148          - 4965.48295      -   325  626s
  3157  2111 infeasible  288               - 4975.58419      -   333  647s
  3168  2118 5027.48840   19  439          - 4975.58419      -   338  708s
  3177  2122 5093.95967   23  374          - 4975.58419      -   351  755s
  3183  2133 5081.25925   25  413          - 4975.58419      -   361  771s
  3194  2148 5117.92856   30  389          - 4975.58419      -   363  789s
  3209  2165 5196.27450   32  536          - 4975.58419      -   365  806s
  3226  2178 infeasible   33               - 4975.58419      -   401 1020s
  3241  2194 5250.98792   33  351          - 4975.58419      -   402 1040s
  3257  2234 5304.80774   37  293          - 4975.58419      -   402 1119s
  3299  2276 5343.88237   45  310          - 4975.58419      -   414 1190s
  3343  2326 infeasible   49               - 4975.58419      -   426 1212s
  3397  2408 5669.52278   48  316          - 4975.58419      -   425 1255s
  3481  2481 5613.00127   60  239          - 4975.58419      -   423 1274s
  3556  2650 5613.15422   62  199          - 4975.58419      -   420 1298s
  3727  2866 5879.33209   76  149          - 4975.58419      -   406 1342s
  3898  2866 6263.66798  394  119          - 4975.58419      -   392 1347s
  3943  3196 6089.61827  113   31          - 4975.58419      -   389 1382s
  4047  3196 6307.85661  178   16          - 4975.58419      -   381 1385s
  4271  3196 7003.37057  474   55          - 4975.58419      -   365 1390s
  4273  3681 6407.63785  202   66          - 4975.58419      -   365 1419s
  4286  3681 6557.63206  210   76          - 4975.58419      -   364 1420s
  4827  3870 7026.40576  355   79          - 4975.58419      -   328 1447s
  4919  3875 7392.27744  390    5          - 4975.58419      -   323 1450s
  5066  4106 7476.37585  369   36          - 4975.58419      -   317 1473s
  5146  4106 8229.46828  515   14          - 4975.58419      -   313 1475s
  5353  4297 9538.76959  529   65          - 4975.58419      -   307 1872s
  5487  4304 10858.3719  579   26          - 4975.58419      -   300 1875s
  5619  4329 infeasible   16               - 4975.58419      -   352 2066s
  5638  4378 infeasible   16               - 4976.00146      -   357 2099s
  5689  4450 5238.90035   33  427          - 4976.00146      -   357 2133s
  5751  4450 6170.03392   94   59          - 4976.00146      -   356 2135s
  5763  4597 5338.10165   39  275          - 4976.00146      -   356 2170s
  5910  4941 5508.17520   54   73          - 4976.00146      -   352 2211s
  6266  5400 5776.48170   96   68          - 4976.00146      -   339 2256s
  6448  5400 5907.98541  240   46          - 4976.00146      -   330 2260s
  6739  5598 6324.70667  377   28          - 4981.05303      -   319 2300s
  7023  5612 5171.78879   21  389          - 4981.05303      -   309 2338s
  7037  5650 5110.95997   20  399          - 4981.05303      -   311 2372s
  7075  5720 5432.88062   26  316          - 4981.05303      -   312 2403s
  7145  5929 5512.17358   30  330          - 4981.05303      -   313 2438s
  7235  5929 5872.50793  132   70          - 4981.05303      -   311 2440s
  7356  6157 5494.72751   47  227          - 4981.05303      -   307 2490s
  7555  6157 6991.54500  361    9          - 4981.05303      -   305 2495s
  7632  6291 5579.70116   53  281          - 4981.05303      -   304 2548s
  7714  6291 6075.22937   94   75          - 4981.05303      -   304 2550s
  7771  6791 infeasible  100               - 4981.05303      -   310 2609s
  7800  6791 6415.76000  107   14          - 4981.05303      -   309 2610s
  8074  6811 7118.24541  214   13          - 4981.05303      -   301 2615s
  8325  7615 7069.88000  166   12          - 4991.94045      -   295 2707s
  8469  7615 7829.11253  329   19          - 4991.94045      -   291 2710s
  9349  7729 5177.66609   22  586          - 4991.96008      -   273 2935s
  9362  7785 5231.64971   24  428          - 4991.96008      -   288 2998s
  9389  7785 5457.21857   38  377          - 4991.96008      -   288 3001s
  9418  7905 5511.31964   50  220          - 4991.96008      -   289 3056s
  9538  8306 5761.30294   78  111          - 4991.96008      -   290 3199s
  9551  8306 5774.73245   86  162          - 4991.96008      -   290 3200s
  9785  8306 6493.13895  256   78          - 4991.96008      -   285 3205s
  9939  9084 6956.92840  305   60          - 4991.96008      -   283 3255s
 10165  9084 8067.24411  400   37          - 4991.96008      -   283 3260s
 10406  9087 6576.47549  205   51          - 4991.96008      -   279 3265s
 10676  9088 8409.48539  318   17          - 4991.96008      -   273 3270s
 10930  9331 8209.48119  447   31          - 4992.11559      -   267 3302s
 11139  9563 5221.19237   30  447          - 4992.11559      -   266 3339s
 11164  9563 5374.74698   44  220          - 4992.11559      -   266 3340s
 11357  9563 5881.61983  175  151          - 4992.11559      -   264 3345s
 11371 10100 5515.00174   54   93          - 4992.11559      -   264 3387s
 11449 10100 5910.52086   93  125          - 4992.11559      -   264 3390s
 11683 10100 6730.23440  250   53          - 4992.11559      -   260 3395s
 11941 10545 5892.69984  146   77          - 4992.39054      -   256 3450s
 12071 10545 6278.31746  249   76          - 4992.39054      -   254 3462s
 12220 10545 7546.58164  351   51          - 4992.39054      -   251 3465s
 12432 10885 5243.36338   34  390          - 4992.39054      -   250 3527s
 12521 10885 5936.10443  140   25          - 4992.39054      -   250 3530s
 12784 10889 8827.85228  318   41          - 4992.39054      -   246 3535s
 12846 11051 5567.17998   56  181          - 4992.39054      -   246 3566s
 12980 11051 5451.67511   40  314          - 4992.39054      -   246 3570s
 13008 11483 6276.39148  106  139          - 4992.39054      -   246 3600s
 13268 11483 7331.47417  292   74          - 4992.39054      -   243 3605s

Cutting planes:
  User: 4315
  Gomory: 23
  Cover: 607
  Implied bound: 71
  Clique: 7
  MIR: 238
  StrongCG: 3
  Flow cover: 624
  Zero half: 76
  RLT: 456
  Relax-and-lift: 18
  Lazy constraints: 1188

Explored 13444 nodes (3277832 simplex iterations) in 3608.44 seconds
Thread count was 2 (of 32 available processors)

Solution count 0

Time limit reached
Best objective -, best bound 4.992390536778e+03, gap -

User-callback calls 322758, time in user-callback 193.50 sec
================================================================================
executing instance: ./input/Instances/Original/5/absH3low_4n25.dat
--------------------------------------------------------------------------------
Instance details
n	26
H	3
C	2029
Li:
[0, 0, 0, 0, 0, 0, 0, 0, 0, 0, 0, 0, 0, 0, 0, 0, 0, 0, 0, 0, 0, 0, 0, 0, 0, 0, ]
Ui:
[0, 34, 165, 76, 88, 188, 58, 279, 52, 132, 198, 142, 135, 165, 186, 58, 201, 196, 40, 183, 32, 90, 168, 126, 93, 146, ]
Distance matrix:
|0	299	188	235	91	202	152	147	162	277	268	132	71	162	220	69	220	289	241	124	265	80	162	132	66	302	|
|299	0	468	431	282	142	317	425	443	569	193	178	359	302	422	231	93	28	511	325	457	242	434	215	240	601	|
|188	468	0	153	265	342	308	43	192	106	455	290	117	206	142	246	379	464	252	274	360	267	211	319	231	184	|
|235	431	153	0	326	289	386	145	321	240	482	269	184	129	15	258	339	436	393	355	477	305	336	354	237	334	|
|91	282	265	326	0	228	66	228	166	339	196	157	154	242	311	99	225	264	229	50	201	47	153	71	115	340	|
|202	142	342	289	228	0	285	301	363	447	255	73	245	161	281	139	53	151	440	278	428	181	360	187	136	495	|
|152	317	308	386	66	285	0	275	167	368	188	217	207	308	371	163	274	295	210	34	145	108	148	104	181	350	|
|147	425	43	145	228	301	275	0	179	146	415	248	76	172	131	203	337	421	248	242	341	227	195	279	188	211	|
|162	443	192	321	166	363	167	179	0	216	352	291	152	302	307	225	375	428	81	138	170	201	22	237	227	183	|
|277	569	106	240	339	447	368	146	216	0	535	391	210	312	232	341	481	562	245	335	381	352	238	402	329	106	|
|268	193	455	482	196	255	188	415	352	535	0	225	339	367	469	224	212	165	398	214	302	188	335	136	245	533	|
|132	178	290	269	157	73	217	248	291	391	225	0	183	145	258	66	91	175	367	207	358	110	287	127	67	431	|
|71	359	117	184	154	245	207	76	152	210	339	183	0	152	169	131	274	352	232	174	294	151	161	203	119	251	|
|162	302	206	129	242	161	308	172	302	312	367	145	152	0	120	153	210	308	383	284	426	208	309	249	132	383	|
|220	422	142	15	311	281	371	131	307	232	469	258	169	120	0	245	330	427	379	340	461	291	321	340	224	324	|
|69	231	246	258	99	139	163	203	225	341	224	66	131	153	245	0	152	222	301	147	299	57	221	97	22	371	|
|220	93	379	339	225	53	274	337	375	481	212	91	274	210	330	152	0	99	448	273	419	180	369	171	157	521	|
|289	28	464	436	264	151	295	421	428	562	165	175	352	308	427	222	99	0	493	305	434	227	418	196	234	590	|
|241	511	252	393	229	440	210	248	81	245	398	367	232	383	379	301	448	493	0	190	147	270	80	298	305	175	|
|124	325	274	355	50	278	34	242	138	335	214	207	174	284	340	147	273	305	190	0	152	97	122	110	162	320	|
|265	457	360	477	201	428	145	341	170	381	302	358	294	426	461	299	419	434	147	152	0	248	150	249	312	322	|
|80	242	267	305	47	181	108	227	201	352	188	110	151	208	291	57	180	227	270	97	248	0	192	52	76	366	|
|162	434	211	336	153	360	148	195	22	238	335	287	161	309	321	221	369	418	80	122	150	192	0	224	225	203	|
|132	215	319	354	71	187	104	279	237	402	136	127	203	249	340	97	171	196	298	110	249	52	224	0	118	409	|
|66	240	231	237	115	136	181	188	227	329	245	67	119	132	224	22	157	234	305	162	312	76	225	118	0	364	|
|302	601	184	334	340	495	350	211	183	106	533	431	251	383	324	371	521	590	175	320	322	366	203	409	364	0	|

--------------------------------------------------------------------------------
Building model...
	using lazy and cut (CVRPSEP package)
Solving IRP LP...
--------------------------------------------------------------------------------

Gurobi 9.1.0 (linux64) logging started Fri Jan 29 01:27:05 2021

Gurobi Optimizer version 9.1.0 build v9.1.0rc0 (linux64)
Thread count: 32 physical cores, 32 logical processors, using up to 2 threads
Optimize a model with 890 rows, 4616 columns and 11627 nonzeros
Model fingerprint: 0x70c182b2
Variable types: 404 continuous, 4212 integer (312 binary)
Coefficient statistics:
  Matrix range     [1e+00, 7e+07]
  Objective range  [1e-02, 6e+02]
  Bounds range     [1e+00, 3e+02]
  RHS range        [2e+01, 3e+03]
Presolve removed 104 rows and 26 columns
Presolve time: 0.03s
Presolved: 786 rows, 4590 columns, 10947 nonzeros
Variable types: 378 continuous, 4212 integer (3912 binary)

Root relaxation: objective 2.491208e+03, 1415 iterations, 0.04 seconds

    Nodes    |    Current Node    |     Objective Bounds      |     Work
 Expl Unexpl |  Obj  Depth IntInf | Incumbent    BestBd   Gap | It/Node Time

     0     0 2491.20830    0   93          - 2491.20830      -     -    0s
     0     0 2623.92460    0  142          - 2623.92460      -     -    0s
     0     0 2626.88968    0  117          - 2626.88968      -     -    0s
     0     0 2627.64724    0  141          - 2627.64724      -     -    0s
     0     0 2628.27797    0  127          - 2628.27797      -     -    0s
     0     0 3047.59374    0  161          - 3047.59374      -     -    0s
     0     0 3050.69616    0  156          - 3050.69616      -     -    0s
     0     0 3050.81803    0  160          - 3050.81803      -     -    0s
     0     0 3177.18690    0  149          - 3177.18690      -     -    0s
     0     0 3183.40974    0  152          - 3183.40974      -     -    0s
     0     0 3183.40974    0  172          - 3183.40974      -     -    0s
     0     0 3266.08855    0  294          - 3266.08855      -     -    1s
     0     0 3281.58872    0  328          - 3281.58872      -     -    1s
     0     0 3283.22057    0  308          - 3283.22057      -     -    1s
     0     0 3283.38870    0  317          - 3283.38870      -     -    1s
     0     0 3362.89343    0  294          - 3362.89343      -     -    1s
     0     0 3371.11207    0  299          - 3371.11207      -     -    1s
     0     0 3372.71124    0  309          - 3372.71124      -     -    1s
     0     0 3372.76527    0  303          - 3372.76527      -     -    1s
     0     0 3381.36510    0  268          - 3381.36510      -     -    1s
     0     0 3383.99948    0  332          - 3383.99948      -     -    1s
     0     0 3386.93110    0  318          - 3386.93110      -     -    1s
     0     0 3387.38726    0  340          - 3387.38726      -     -    1s
     0     0 3397.20473    0  294          - 3397.20473      -     -    2s
     0     0 3399.85397    0  317          - 3399.85397      -     -    2s
     0     0 3400.09277    0  312          - 3400.09277      -     -    2s
     0     0 3403.02456    0  276          - 3403.02456      -     -    2s
     0     0 3403.02456    0  276          - 3403.02456      -     -    2s
     0     2 3405.93518    0  257          - 3405.93518      -     -    3s
    22    23 3446.04674    7  351          - 3406.99646      -   457    5s
   109   114 4137.03275   35   63          - 3406.99646      -   389   10s
   268   249 infeasible    4               - 3421.48478      -   249   15s
   334   284 3650.40434   10  307          - 3438.27751      -   317   20s
   481   431 4853.88295   40   76          - 3438.27751      -   286   25s
H  554   507                    5788.2700000 3438.27751  40.6%   259   26s
   692   597 4963.02715   91   29 5788.27000 3462.48532  40.2%   224   30s
H  694   594                    5730.5600000 3462.48532  39.6%   223   30s
H  734   566                    5712.5600000 3462.48532  39.4%   215   32s
H  735   537                    5584.9800000 3462.48532  38.0%   215   32s
   753   549 4731.69832   33  423 5584.98000 3545.20059  36.5%   210   35s
   768   560 3564.69463   15  413 5584.98000 3559.72459  36.3%   219   41s
   782   568 3726.01477   18  316 5584.98000 3630.41620  35.0%   226   45s
H  792   544                    5546.6100000 3630.41620  34.5%   228   46s
H  821   536                    5430.2800000 3630.41620  33.1%   234   48s
   822   537 4109.11581   27  251 5430.28000 3630.41620  33.1%   233   50s
H  823   511                    4658.1000000 3630.41620  22.1%   233   50s
H  912   535                    4639.1000000 3630.41620  21.7%   234   55s
  1038   558 3840.26291   20  342 4639.10000 3704.98061  20.1%   231   60s
H 1125   543                    4526.1000000 3837.64265  15.2%   231   64s
  1149   548 4259.61413   23  296 4526.10000 3837.64265  15.2%   230   65s
  1244   586 4127.77747   28  260 4526.10000 3854.83044  14.8%   227   70s
  1382   639 4067.55471   21  331 4526.10000 3860.72022  14.7%   224   75s
  1494   672 4109.49877   30  188 4526.10000 3890.07487  14.1%   225   80s
  1598   748 4354.18495   39  162 4526.10000 3908.62982  13.6%   227   85s
  1735   759 4514.48045   35   75 4526.10000 3928.41662  13.2%   225   90s
  1853   765 4378.29474   28  292 4526.10000 3937.44345  13.0%   223   95s
  2003   835 4300.36269   33  105 4526.10000 3946.11619  12.8%   219  101s
  2118   836 4471.07562   27  279 4526.10000 3952.37367  12.7%   221  105s
  2234   931 4361.09974   25  303 4526.10000 3974.01755  12.2%   221  111s
* 2356   837              47    4438.5600000 3978.32290  10.4%   218  113s
  2392   882 4118.54758   23  283 4438.56000 3983.03057  10.3%   217  116s
* 2576   552              46    4299.1700000 3996.24553  7.05%   212  119s
  2607   551 4134.52789   29  102 4299.17000 4000.62229  6.94%   209  121s
  2771   555 4151.95788   23  242 4299.17000 4022.11154  6.44%   208  126s
  2880   581 4235.06781   22  171 4299.17000 4028.43798  6.30%   210  132s
  2941   594     cutoff   24      4299.17000 4033.16113  6.19%   210  135s
  3052   627     cutoff   32      4299.17000 4041.68598  5.99%   212  141s
  3214   635 4230.74437   27  266 4299.17000 4057.46265  5.62%   213  147s
  3302   640 4286.74601   25  133 4299.17000 4064.91166  5.45%   213  150s
  3379   643 4257.18746   27  294 4299.17000 4069.00175  5.35%   215  155s
  3574   681 4278.65820   25  293 4299.17000 4086.05941  4.96%   215  162s
  3745   704 4211.83255   31  262 4299.17000 4094.58170  4.76%   212  166s
  3852   738     cutoff   34      4299.17000 4099.20196  4.65%   212  171s
H 3857   725                    4295.4600000 4099.20196  4.57%   211  171s
  4014   714 4218.51891   22  305 4295.46000 4108.39114  4.36%   209  175s
  4112   733 4246.05554   28  104 4295.46000 4117.34961  4.15%   210  180s
