




arguments: ./build/mirp_solver -f ./input/orig_exec_323.cfg
Current dir: /scratch/gui/bnc_mirp
File verbosity level: 9
date       time         ( uptime  ) [ thread name/id ]                   file:line     v| 
2021-01-18 02:21:13.080 (   0.204s) [main thread     ]             loguru.cpp:789   INFO| Logging to './output/vi_lex_full/OU/V4/Original/execution_18_01_2021_02_21_13.log', mode: 'a', verbosity: 9
--------------------------------------------------------------------------------
Parameters
                           instance_path           ./input/Instances/Original/1/
                            model_policy                                       1
                             nb_vehicles                                       4
                              output_dir    ./output/vi_lex_full/OU/V4/Original/
                            sec_strategy                                       1
                       solver_nb_threads                                       2
                         solver_show_log                                    true
                       solver_time_limit                                    3600
                              use_vi_cos                                   false
                              use_vi_cus                                   false
                         use_vi_hc1_full                                   false
                         use_vi_hc1_half                                   false
                      use_vi_hc1_quarter                                   false
                              use_vi_hc2                                   false
                              use_vi_hc3                                   false
                         use_vi_lex_full                                    true
                         use_vi_lex_half                                   false
                      use_vi_lex_quarter                                   false
                              use_vi_qua                                   false
                               use_vi_vc                                   false
                               use_vi_vr                                   false
--------------------------------------------------------------------------------
executing instance: ./input/Instances/Original/1/absH3high_1n5.dat
--------------------------------------------------------------------------------
Instance details
n	6
H	3
C	289
Li:
[0, 0, 0, 0, 0, 0, ]
Ui:
[0, 195, 105, 116, 72, 22, ]
Distance matrix:
|0	85	349	17	203	289	|
|85	0	265	102	214	226	|
|349	265	0	366	368	238	|
|17	102	366	0	207	302	|
|203	214	368	207	0	431	|
|289	226	238	302	431	0	|

--------------------------------------------------------------------------------
Building model...
	using lazy and cut (CVRPSEP package)
Solving IRP LP...
--------------------------------------------------------------------------------

Gurobi 9.1.0 (linux64) logging started Mon Jan 18 02:21:13 2021

Gurobi Optimizer version 9.1.0 build v9.1.0rc0 (linux64)
Thread count: 32 physical cores, 32 logical processors, using up to 2 threads
Optimize a model with 210 rows, 336 columns and 1167 nonzeros
Model fingerprint: 0x113d8684
Variable types: 84 continuous, 252 integer (72 binary)
Coefficient statistics:
  Matrix range     [1e+00, 2e+02]
  Objective range  [2e-01, 4e+02]
  Bounds range     [1e+00, 2e+02]
  RHS range        [1e+01, 5e+02]
Presolve removed 24 rows and 6 columns
Presolve time: 0.01s
Presolved: 186 rows, 330 columns, 1027 nonzeros
Variable types: 78 continuous, 252 integer (192 binary)
Found heuristic solution: objective 5000.4600000

Root relaxation: objective 1.817850e+03, 375 iterations, 0.01 seconds

    Nodes    |    Current Node    |     Objective Bounds      |     Work
 Expl Unexpl |  Obj  Depth IntInf | Incumbent    BestBd   Gap | It/Node Time

     0     0 1817.85045    0   31 5000.46000 1817.85045  63.6%     -    0s
     0     0 2000.31359    0   44 5000.46000 2000.31359  60.0%     -    0s
H    0     0                    4301.7600000 2000.31359  53.5%     -    0s
     0     0 2276.35575    0   58 4301.76000 2276.35575  47.1%     -    0s
     0     0 2280.15213    0   54 4301.76000 2280.15213  47.0%     -    0s
     0     0 2281.95829    0   53 4301.76000 2281.95829  47.0%     -    0s
     0     0 2281.95829    0   54 4301.76000 2281.95829  47.0%     -    0s
     0     0 2336.91707    0   92 4301.76000 2336.91707  45.7%     -    0s
H    0     0                    2703.3300000 2336.91707  13.6%     -    0s
     0     0 2340.96218    0   87 2703.33000 2340.96218  13.4%     -    0s
     0     0 2340.97752    0   67 2703.33000 2340.97752  13.4%     -    0s
     0     0 2391.33450    0   90 2703.33000 2391.33450  11.5%     -    0s
     0     0 2392.08767    0  106 2703.33000 2392.08767  11.5%     -    0s
     0     0 2393.24495    0  111 2703.33000 2393.24495  11.5%     -    0s
     0     0 2393.41046    0  115 2703.33000 2393.41046  11.5%     -    0s
     0     0 2404.48513    0   92 2703.33000 2404.48513  11.1%     -    0s
     0     0 2405.64591    0   81 2703.33000 2405.64591  11.0%     -    0s
     0     0 2407.22814    0   81 2703.33000 2407.22814  11.0%     -    0s
     0     0 2407.28027    0   88 2703.33000 2407.28027  11.0%     -    0s
     0     0 2412.66550    0   73 2703.33000 2412.66550  10.8%     -    0s
     0     0 2412.73308    0   69 2703.33000 2412.73308  10.7%     -    0s
     0     0 2419.57882    0   88 2703.33000 2419.57882  10.5%     -    0s
     0     0 2421.49715    0   99 2703.33000 2421.49715  10.4%     -    0s
     0     0 2421.65886    0   90 2703.33000 2421.65886  10.4%     -    0s
     0     0 2422.20721    0   97 2703.33000 2422.20721  10.4%     -    0s
     0     0 2434.11896    0   94 2703.33000 2434.11896  10.0%     -    0s
     0     2 2444.97858    0   93 2703.33000 2444.97858  9.56%     -    0s

Cutting planes:
  User: 16
  Gomory: 3
  Cover: 33
  Implied bound: 2
  Clique: 2
  MIR: 39
  Flow cover: 58
  RLT: 53
  Relax-and-lift: 3

Explored 28 nodes (2705 simplex iterations) in 0.58 seconds
Thread count was 2 (of 32 available processors)

Solution count 3: 2703.33 4301.76 5000.46 

Optimal solution found (tolerance 1.00e-04)
Best objective 2.703330000000e+03, best bound 2.703330000000e+03, gap 0.0000%

User-callback calls 341, time in user-callback 0.02 sec
================================================================================
executing instance: ./input/Instances/Original/1/absH3high_1n45.dat
--------------------------------------------------------------------------------
Instance details
n	46
H	3
C	3462
Li:
[0, 0, 0, 0, 0, 0, 0, 0, 0, 0, 0, 0, 0, 0, 0, 0, 0, 0, 0, 0, 0, 0, 0, 0, 0, 0, 0, 0, 0, 0, 0, 0, 0, 0, 0, 0, 0, 0, 0, 0, 0, 0, 0, 0, 0, 0, ]
Ui:
[0, 273, 270, 36, 165, 192, 148, 45, 30, 75, 180, 198, 112, 117, 90, 64, 180, 22, 264, 174, 168, 270, 86, 66, 26, 66, 237, 156, 92, 108, 144, 72, 30, 45, 94, 54, 174, 96, 198, 136, 44, 180, 210, 249, 198, 48, ]
Distance matrix:
|0	281	201	160	249	201	93	431	236	139	252	136	116	166	390	110	349	374	303	180	327	464	236	70	44	461	346	439	363	254	312	426	305	206	71	137	169	200	247	260	20	219	256	253	460	278	|
|281	0	448	170	53	142	338	184	121	290	371	390	222	302	111	289	169	434	230	177	238	441	59	212	319	211	86	235	399	306	53	176	99	202	263	157	361	101	370	201	264	344	364	374	469	184	|
|201	448	0	285	430	325	114	556	361	171	191	64	228	174	546	294	453	306	364	289	388	435	393	254	157	585	491	536	318	254	490	554	436	407	266	292	108	388	186	337	207	181	205	190	408	364	|
|160	170	285	0	169	43	182	280	80	120	208	231	58	132	262	230	190	294	151	24	174	345	112	107	183	309	207	280	268	158	219	276	155	235	187	45	192	150	205	107	140	177	202	210	356	119	|
|249	53	430	169	0	152	317	238	145	282	377	369	212	299	157	242	215	452	261	183	273	474	76	181	290	264	140	287	421	320	63	229	145	148	221	142	352	53	374	226	234	346	370	378	498	215	|
|201	142	325	43	152	0	224	237	37	156	230	273	101	164	224	261	148	300	127	38	147	333	83	142	225	266	167	238	270	168	193	233	112	246	221	70	228	148	228	84	180	202	222	232	351	87	|
|93	338	114	182	317	224	0	460	262	92	180	52	124	112	440	199	364	307	292	191	317	415	284	140	57	490	387	452	304	208	377	457	336	297	163	181	84	274	175	256	95	152	188	180	402	280	|
|431	184	556	280	238	237	460	0	199	385	420	508	337	385	108	464	110	429	219	269	206	378	202	365	460	30	98	84	388	340	204	9	126	386	432	294	453	283	421	226	411	404	408	423	422	198	|
|236	121	361	80	145	37	262	199	0	191	255	310	138	197	191	290	114	312	118	72	133	330	69	175	262	229	132	204	279	186	174	195	75	258	251	102	262	153	254	81	216	230	246	257	353	72	|
|139	290	171	120	282	156	92	385	191	0	116	129	71	27	380	246	283	235	201	119	226	329	231	141	129	414	323	367	224	119	336	383	266	308	202	141	72	252	112	169	127	82	118	117	322	195	|
|252	371	191	208	377	230	180	420	255	116	0	187	178	90	443	361	311	127	204	195	224	246	313	257	232	446	382	380	129	81	423	421	320	422	318	242	100	355	5	195	241	34	15	2	225	224	|
|136	390	64	231	369	273	52	508	310	129	187	0	173	141	491	233	409	313	330	239	355	431	335	191	93	538	438	495	316	233	429	505	385	342	203	233	88	325	182	297	143	167	199	187	412	323	|
|116	222	228	58	212	101	124	337	138	71	178	173	0	91	319	206	244	284	187	69	212	357	165	85	130	367	265	333	264	151	267	333	213	244	161	70	140	181	175	145	97	145	177	180	359	165	|
|166	302	174	132	299	164	112	385	197	27	90	141	91	0	388	273	280	208	191	127	215	305	243	167	153	413	329	361	198	96	351	383	270	333	229	159	68	272	86	163	153	56	92	91	296	190	|
|390	111	546	262	157	224	440	108	191	380	443	491	319	388	0	399	164	480	264	261	261	456	156	320	426	125	62	186	442	369	107	99	125	300	374	260	452	210	443	252	372	420	433	446	494	227	|
|110	289	294	230	242	261	199	464	290	246	361	233	206	273	399	0	402	480	382	254	404	562	262	124	143	493	369	490	466	355	302	457	344	135	45	191	279	189	356	337	120	328	364	362	563	348	|
|349	169	453	190	215	148	364	110	114	283	311	409	244	280	164	402	0	324	110	174	101	292	151	289	372	135	109	90	284	230	212	111	70	354	364	216	348	245	312	118	329	295	298	313	330	90	|
|374	434	306	294	452	300	307	429	312	235	127	313	284	208	480	480	324	0	216	274	223	137	380	368	357	448	419	367	40	136	487	432	358	525	436	336	227	443	132	234	361	156	119	127	102	255	|
|303	230	364	151	261	127	292	219	118	201	204	330	187	191	264	382	110	216	0	128	25	213	185	258	314	243	203	176	178	123	282	221	144	372	338	193	256	270	206	45	283	193	191	206	239	46	|
|180	177	289	24	183	38	191	269	72	119	195	239	69	127	261	254	174	274	128	0	151	321	118	130	198	299	204	263	246	139	228	266	147	258	211	68	191	169	193	83	159	166	188	197	333	98	|
|327	238	388	174	273	147	317	206	133	226	224	355	212	215	261	404	101	223	25	151	0	203	198	281	339	228	202	156	184	143	288	209	146	390	362	215	280	286	226	68	308	215	210	226	235	61	|
|464	441	435	345	474	333	415	378	330	329	246	431	357	305	456	562	292	137	213	321	203	0	398	440	458	390	400	301	117	211	492	384	348	578	517	389	344	480	251	251	448	265	233	246	54	259	|
|236	59	393	112	76	83	284	202	69	231	313	335	165	243	156	262	151	380	185	118	198	398	0	167	270	231	110	233	347	250	110	195	85	203	230	103	303	95	311	150	217	284	305	315	422	139	|
|70	212	254	107	181	142	140	365	175	141	257	191	85	167	320	124	289	368	258	130	281	440	167	0	109	394	277	378	349	236	244	359	239	167	81	73	196	135	253	213	53	223	257	258	444	226	|
|44	319	157	183	290	225	57	460	262	129	232	93	130	153	426	143	372	357	314	198	339	458	270	109	0	490	379	462	351	247	353	456	334	250	110	168	140	243	226	274	56	201	238	232	449	294	|
|461	211	585	309	264	266	490	30	229	414	446	538	367	413	125	493	135	448	243	299	228	390	231	394	490	0	125	89	408	365	226	36	156	412	462	324	481	311	447	253	441	430	433	448	436	225	|
|346	86	491	207	140	167	387	98	132	323	382	438	265	329	62	369	109	419	203	204	202	400	110	277	379	125	0	155	381	307	113	90	63	288	339	211	394	186	382	190	327	359	371	384	436	165	|
|439	235	536	280	287	238	452	84	204	367	380	495	333	361	186	490	90	367	176	263	156	301	233	378	462	89	155	0	326	299	267	92	148	432	454	306	429	325	382	199	419	369	366	382	348	172	|
|363	399	318	268	421	270	304	388	279	224	129	316	264	198	442	466	284	40	178	246	184	117	347	349	351	408	381	326	0	113	452	391	321	502	422	311	229	415	134	199	348	152	118	130	98	219	|
|254	306	254	158	320	168	208	340	186	119	81	233	151	96	369	355	230	136	123	139	143	211	250	236	247	365	307	299	113	0	359	340	244	390	310	200	148	308	83	117	238	74	68	83	208	145	|
|312	53	490	219	63	193	377	204	174	336	423	429	267	351	107	302	212	487	282	228	288	492	110	244	353	226	113	267	452	359	0	195	145	194	283	199	407	115	421	254	296	394	415	425	521	237	|
|426	176	554	276	229	233	457	9	195	383	421	505	333	383	99	457	111	432	221	266	209	384	195	359	456	36	90	92	391	340	195	0	122	378	426	289	451	275	421	226	406	404	408	423	427	197	|
|305	99	436	155	145	112	336	126	75	266	320	385	213	270	125	344	70	358	144	147	146	348	85	239	334	156	63	148	321	244	145	122	0	286	310	168	336	177	320	128	285	298	309	322	381	103	|
|206	202	407	235	148	246	297	386	258	308	422	342	244	333	300	135	354	525	372	258	390	578	203	167	250	412	288	432	502	390	194	378	286	0	144	191	362	109	418	329	202	388	421	423	591	329	|
|71	263	266	187	221	221	163	432	251	202	318	203	161	229	374	45	364	436	338	211	362	517	230	81	110	462	339	454	422	310	283	426	310	144	0	150	239	168	313	294	77	285	321	319	518	306	|
|137	157	292	45	142	70	181	294	102	141	242	233	70	159	260	191	216	336	193	68	215	389	103	73	168	324	211	306	311	200	199	289	168	191	150	0	210	113	239	148	117	210	238	244	400	157	|
|169	361	108	192	352	228	84	453	262	72	100	88	140	68	452	279	348	227	256	191	280	344	303	196	140	481	394	429	229	148	407	451	336	362	239	210	0	318	95	231	164	79	111	100	325	258	|
|200	101	388	150	53	148	274	283	153	252	355	325	181	272	210	189	245	443	270	169	286	480	95	135	243	311	186	325	415	308	115	275	177	109	168	113	318	0	352	230	187	323	351	357	498	225	|
|247	370	186	205	374	228	175	421	254	112	5	182	175	86	443	356	312	132	206	193	226	251	311	253	226	447	382	382	134	83	421	421	320	418	313	239	95	352	0	196	237	30	19	6	230	224	|
|260	201	337	107	226	84	256	226	81	169	195	297	145	163	252	337	118	234	45	83	68	251	150	213	274	253	190	199	199	117	254	226	128	329	294	148	231	230	196	0	240	178	184	198	272	29	|
|20	264	207	140	234	180	95	411	216	127	241	143	97	153	372	120	329	361	283	159	308	448	217	53	56	441	327	419	348	238	296	406	285	202	77	117	164	187	237	240	0	208	245	242	446	257	|
|219	344	181	177	346	202	152	404	230	82	34	167	145	56	420	328	295	156	193	166	215	265	284	223	201	430	359	369	152	74	394	404	298	388	285	210	79	323	30	178	208	0	37	35	250	206	|
|256	364	205	202	370	222	188	408	246	118	15	199	177	92	433	364	298	119	191	188	210	233	305	257	238	433	371	366	118	68	415	408	309	421	321	238	111	351	19	184	245	37	0	17	214	212	|
|253	374	190	210	378	232	180	423	257	117	2	187	180	91	446	362	313	127	206	197	226	246	315	258	232	448	384	382	130	83	425	423	322	423	319	244	100	357	6	198	242	35	17	0	225	226	|
|460	469	408	356	498	351	402	422	353	322	225	412	359	296	494	563	330	102	239	333	235	54	422	444	449	436	436	348	98	208	521	427	381	591	518	400	325	498	230	272	446	250	214	225	0	285	|
|278	184	364	119	215	87	280	198	72	195	224	323	165	190	227	348	90	255	46	98	61	259	139	226	294	225	165	172	219	145	237	197	103	329	306	157	258	225	224	29	257	206	212	226	285	0	|

--------------------------------------------------------------------------------
Building model...
	using lazy and cut (CVRPSEP package)
Solving IRP LP...
--------------------------------------------------------------------------------

Gurobi 9.1.0 (linux64) logging started Mon Jan 18 02:21:14 2021

Gurobi Optimizer version 9.1.0 build v9.1.0rc0 (linux64)
Thread count: 32 physical cores, 32 logical processors, using up to 2 threads
Optimize a model with 1570 rows, 13696 columns and 31687 nonzeros
Model fingerprint: 0xf06b699a
Variable types: 724 continuous, 12972 integer (552 binary)
Coefficient statistics:
  Matrix range     [1e+00, 7e+13]
  Objective range  [1e-01, 6e+02]
  Bounds range     [1e+00, 3e+02]
  RHS range        [1e+01, 6e+03]
Warning: Model contains large matrix coefficient range
         Consider reformulating model or setting NumericFocus parameter
         to avoid numerical issues.
Presolve removed 184 rows and 46 columns
Presolve time: 0.05s
Presolved: 1386 rows, 13650 columns, 30332 nonzeros
Variable types: 678 continuous, 12972 integer (12432 binary)

Root relaxation: objective 1.313329e+04, 1731 iterations, 0.07 seconds

    Nodes    |    Current Node    |     Objective Bounds      |     Work
 Expl Unexpl |  Obj  Depth IntInf | Incumbent    BestBd   Gap | It/Node Time

     0     0 13133.2868    0  136          - 13133.2868      -     -    0s
     0     0 13449.0361    0  166          - 13449.0361      -     -    0s
     0     0 13833.8066    0  275          - 13833.8066      -     -    1s
     0     0 13866.0622    0  270          - 13866.0622      -     -    1s
     0     0 13866.1941    0  267          - 13866.1941      -     -    1s
     0     0 14028.3669    0  250          - 14028.3669      -     -    1s
     0     0 14067.1261    0  261          - 14067.1261      -     -    1s
     0     0 14067.8548    0  268          - 14067.8548      -     -    1s
     0     0 14136.2510    0  303          - 14136.2510      -     -    2s
     0     0 14154.2291    0  234          - 14154.2291      -     -    2s
     0     0 14154.4745    0  277          - 14154.4745      -     -    2s
     0     0 14190.6254    0  314          - 14190.6254      -     -    2s
     0     0 14192.9981    0  323          - 14192.9981      -     -    3s
     0     0 14194.0280    0  331          - 14194.0280      -     -    3s
     0     0 14260.6224    0  279          - 14260.6224      -     -    3s
     0     0 14266.0723    0  334          - 14266.0723      -     -    4s
     0     0 14287.9700    0  384          - 14287.9700      -     -    4s
     0     0 14331.6893    0  419          - 14331.6893      -     -    4s
     0     0 14349.0174    0  434          - 14349.0174      -     -    4s
     0     0 14349.6672    0  472          - 14349.6672      -     -    4s
     0     0 14382.8392    0  428          - 14382.8392      -     -    5s
     0     0 14393.8591    0  387          - 14393.8591      -     -    5s
     0     0 14393.9651    0  410          - 14393.9651      -     -    6s
     0     0 14405.9525    0  381          - 14405.9525      -     -    6s
     0     0 14407.9788    0  450          - 14407.9788      -     -    6s
     0     0 14408.5939    0  516          - 14408.5939      -     -    6s
     0     0 14410.9892    0  466          - 14410.9892      -     -    7s
     0     0 14411.1039    0  435          - 14411.1039      -     -    7s
     0     2 14415.0358    0  424          - 14415.0358      -     -   10s
    18    20 14447.3737    7  341          - 14417.7277      -   677   15s
    48    44 14611.0767   16  283          - 14417.7277      -   488   20s
   114   113 14704.2574   34  197          - 14417.7277      -   446   25s
   179   176 15038.0751   48  161          - 14417.7277      -   372   30s
   353   398 16002.6136  101   61          - 14417.7277      -   246   35s
   569   548 17701.5700  219    8          - 14417.7277      -   176   40s
   638   615 18880.4300  266   23          - 14425.1407      -   161   58s
   664   619 14655.5245    3  408          - 14425.1407      -   224   63s
   666   619 14696.2778    3  371          - 14425.1407      -   246   65s
   672   615 infeasible    5               - 14445.4065      -   248   76s
   688   627 15088.5852   47  221          - 14445.4065      -   281   81s
   731   664 15567.2610   87  435          - 14445.4065      -   280   85s
   741   671 14485.5514   12  609          - 14485.5514      -   276   90s
   755   682 15640.2102   95  497          - 14511.4318      -   288   95s
   765   688 15118.7276   46  569          - 14541.2542      -   284  100s
   777   696 14679.3553    9  630          - 14556.7214      -   280  105s
   787   703 14973.4227   32  645          - 14569.9079      -   276  110s
   799   711 14741.0275   21  647          - 14575.6508      -   272  115s
   803   717 14577.5991   23  619          - 14575.8392      -   297  120s
   826   732 14587.5733   29  570          - 14584.2838      -   304  125s
   850   749 14628.4760   34  529          - 14589.4082      -   314  130s
   870   763 14678.2403   39  476          - 14589.4082      -   325  135s
   899   784 14712.3112   46  476          - 14589.4082      -   332  140s
   931   809 14762.7164   53  505          - 14589.4082      -   339  145s
   964   833 14797.5516   60  483          - 14589.4082      -   345  150s
   993   850 14821.6352   65  463          - 14589.4082      -   349  155s
  1058   909 14888.1215   74  386          - 14589.4082      -   345  161s
  1130   956 14994.1537   84  369          - 14589.4082      -   338  166s
  1175   984 15108.2604   91  370          - 14589.4082      -   337  170s
  1215  1001 15182.0589   98  314          - 14589.4082      -   347  175s
  1267  1046 15284.4335  106  322          - 14589.4082      -   349  180s
  1354  1108 15492.3894  119  286          - 14589.4082      -   340  185s
  1450  1120 15506.4416  133  272          - 14589.4082      -   330  191s
  1490  1153 15572.1530  150  258          - 14589.4082      -   331  196s
  1539  1181 15893.3049  169  234          - 14589.4082      -   332  209s
  1567  1209 15846.4866  182  247          - 14589.4082      -   340  212s
  1610  1244 16006.9551  199  212          - 14589.4082      -   337  215s
  1733  1275 18025.1442  251   83          - 14589.4082      -   322  220s
  1860  1338 19925.9700  306    6          - 14595.1099      -   307  226s
  1909  1360 infeasible   35               - 14595.1099      -   325  244s
  1922  1372 infeasible   35               - 14595.1099      -   332  250s
  1965  1408 14879.1212   39  352          - 14595.1099      -   332  257s
  1991  1426 14905.9297   40  340          - 14595.1099      -   331  263s
  2021  1444 infeasible   42               - 14595.1099      -   333  272s
  2053  1468 infeasible   41               - 14595.1099      -   344  278s
  2092  1516 infeasible   41               - 14598.6630      -   346  286s
  2155  1556 14690.0337   28  457          - 14598.6630      -   342  293s
  2216  1634 14791.2255   31  378          - 14598.6630      -   340  312s
  2316  1671 14829.3140   35  369          - 14598.6630      -   348  326s
  2389  1778 14860.8476   35  366          - 14598.6630      -   356  333s
  2532  1937 14912.5949   40  272          - 14598.6630      -   344  341s
  2741  2047 15147.8106   54  204          - 14598.6630      -   325  351s
  2960  2042 15365.8328   64  141          - 14598.6630      -   308  358s
  3005  2115 15630.2243   75  153          - 14598.6630      -   308  366s
  3082  2213 15993.1672   97  116          - 14598.6630      -   305  373s
  3182  2412 16302.7713  123  116          - 14599.0486      -   301  386s
  3407  2445 14663.1964   32  550          - 14599.0486      -   287  399s
  3434  2476 14695.5298   36  525          - 14599.0486      -   288  409s
  3465  2514 14753.1422   41  416          - 14599.0486      -   289  416s
  3503  2563 14914.6527   47  314          - 14599.0486      -   290  422s
  3552  2619 14982.6564   58  233          - 14599.0486      -   289  427s
  3608  2656 15091.8307   67  198          - 14599.0486      -   289  438s
  3645  2716 infeasible   76               - 14599.0486      -   294  444s
  3711  2781 15669.8092   89  153          - 14599.0486      -   293  452s
  3778  2814 15975.7128  101  159          - 14599.0486      -   294  460s
  3821  2939 16134.8527  102  162          - 14599.0486      -   296  468s
  3946  3063 16673.5373  124   87          - 14599.0486      -   292  477s
  4076  3289 17289.6445  152  111          - 14599.0486      -   289  494s
  4117  3289 17408.9566  166   23          - 14599.0486      -   287  495s
  4392  3434 infeasible   30               - 14599.0659      -   275  507s
  4504  3595 14820.2734   34  450          - 14599.0659      -   272  518s
  4667  3711 14918.1155   41  252          - 14599.0659      -   268  530s
  4896  3793 14988.2928   52  325          - 14599.0659      -   260  541s
  4938  3847 15122.9184   64  171          - 14599.0659      -   261  567s
  4994  4032 15459.5814   90   44          - 14602.5111      -   269  580s
  5265  4122 14700.9613   30  605          - 14602.5111      -   261  591s
  5315  4230 15046.0477   37  451          - 14602.5111      -   262  602s
  5425  4397 15137.1295   44  363          - 14602.5111      -   261  616s
  5608  4648 15265.7476   57  202          - 14602.5111      -   258  655s
  5942  4787 15496.5630   66  144          - 14602.5111      -   248  670s
  6121  4938 15821.8490  104   52          - 14603.2040      -   246  684s
  6142  4938 16170.2412  111   25          - 14603.2040      -   245  685s
  6309  5020 15024.7831   29  300          - 14603.2040      -   243  696s
  6357  5146 15195.5148   40  149          - 14603.2040      -   244  707s
  6485  5393 15473.5626   58  184          - 14603.2040      -   244  722s
  6710  5400 15832.4149  116   22          - 14603.2040      -   240  725s
  6814  5763 16070.3052  108   74          - 14604.7079      -   238  742s
  7056  5763 16922.3447  182   38          - 14604.7079      -   232  745s
  7239  5842 14731.6273   29  537          - 14604.7109      -   229  757s
  7290  5966 15151.0235   42  347          - 14604.7109      -   231  770s
  7414  6191 15338.2409   67  179          - 14604.7109      -   231 1072s
  7612  6191 16512.2997  112   20          - 14604.7109      -   230 1075s
  7681  6521 15595.1589  100   61          - 14604.7109      -   260 1243s
  7862  6521 16504.7971  166   31          - 14604.7109      -   257 1245s
  8121  6579 infeasible   28               - 14608.0644      -   267 1368s
  8141  6636 15132.7035   38  367          - 14608.0644      -   282 1433s
  8198  6770 15666.9718   57  225          - 14608.0644      -   292 1485s
  8332  6976 16244.7009  105   81          - 14608.0644      -   297 1711s
  8592  7000  postponed   34               - 14608.0644      -   321 1783s
  8594  7002  postponed   34               - 14608.0644      -   332 1994s
  8596  7004  postponed   35               - 14608.0644      -   358 2079s
  8597  7004  postponed   35               - 14608.0644      -   368 2081s
  8598  7005 infeasible   35               - 14608.0644      -   368 2286s
  8601  7007  postponed   36               - 14608.0644      -   415 2388s
  8603  7009  postponed   37               - 14608.0644      -   424 2465s
  8605  7011  postponed   37               - 14608.0644      -   442 2562s
  8607  7013  postponed   38               - 14608.0644      -   462 2666s
  8609  7015  postponed   38               - 14608.0644      -   486 2785s
  8611  7017  postponed   39               - 14608.0644      -   510 2868s
  8613  7019  postponed   37               - 14608.0644      -   535 3075s
  8615  7020  postponed   40               - 14608.0644      -   561 3210s
  8618  7021  postponed   38               - 14608.0644      -   582 3303s
  8621  7025  postponed   39               - 14608.0644      -   601 3494s

Cutting planes:
  User: 5033
  Gomory: 31
  Cover: 606
  Implied bound: 84
  Projected implied bound: 24
  Clique: 7
  MIR: 200
  Flow cover: 567
  Zero half: 57
  RLT: 452
  Relax-and-lift: 15
  Lazy constraints: 1058

Explored 8625 nodes (5446171 simplex iterations) in 3600.81 seconds
Thread count was 2 (of 32 available processors)

Solution count 0

Time limit reached
Best objective -, best bound 1.460806438702e+04, gap -

User-callback calls 1031156, time in user-callback 78.86 sec
================================================================================
executing instance: ./input/Instances/Original/1/absH3high_2n45.dat
--------------------------------------------------------------------------------
Instance details
n	46
H	3
C	3171
Li:
[0, 0, 0, 0, 0, 0, 0, 0, 0, 0, 0, 0, 0, 0, 0, 0, 0, 0, 0, 0, 0, 0, 0, 0, 0, 0, 0, 0, 0, 0, 0, 0, 0, 0, 0, 0, 0, 0, 0, 0, 0, 0, 0, 0, 0, 0, ]
Ui:
[0, 246, 160, 78, 20, 87, 144, 40, 20, 82, 60, 96, 24, 136, 160, 108, 160, 26, 228, 51, 24, 240, 231, 70, 32, 105, 174, 114, 246, 126, 132, 76, 22, 42, 255, 132, 148, 162, 66, 111, 102, 240, 123, 201, 297, 78, ]
Distance matrix:
|0	148	402	550	329	420	187	318	366	280	504	273	233	333	112	344	379	481	113	593	159	523	261	424	90	359	163	461	413	240	105	299	265	89	371	462	339	273	495	22	41	439	369	506	563	468	|
|148	0	284	517	394	284	136	369	244	311	496	166	329	355	223	202	338	388	204	565	254	506	118	346	71	423	173	471	336	118	105	352	198	105	248	428	302	305	487	153	179	441	230	497	517	370	|
|402	284	0	350	448	80	228	406	42	343	382	129	456	350	412	126	219	131	382	395	410	371	180	137	314	466	289	400	137	167	389	401	169	316	39	280	217	342	373	394	414	362	108	380	324	106	|
|550	517	350	0	339	429	385	308	374	295	93	375	431	249	481	461	180	239	458	48	445	57	474	214	496	333	387	160	216	424	601	321	320	471	376	90	217	301	93	530	534	146	452	88	52	262	|
|329	394	448	339	0	513	282	42	438	105	255	363	115	108	221	484	259	431	217	365	172	289	436	362	333	30	224	189	353	380	423	47	291	296	443	285	240	107	251	307	294	193	495	260	378	437	|
|420	284	80	429	513	0	267	473	76	408	462	163	509	421	449	86	298	201	421	474	455	451	167	217	330	533	333	478	217	181	386	466	225	341	70	360	291	406	453	416	438	440	59	460	400	176	|
|187	136	228	385	282	267	0	249	199	186	360	104	248	224	184	214	207	294	155	432	189	371	155	237	113	308	68	336	227	101	216	236	78	98	205	296	168	181	350	174	190	305	231	360	390	283	|
|318	369	406	308	42	473	249	0	397	66	229	325	128	67	216	447	218	389	206	337	168	260	402	320	311	61	196	167	311	345	406	19	252	275	403	248	198	70	223	296	286	164	457	233	344	395	|
|366	244	42	374	438	76	199	397	0	332	397	96	436	346	383	90	228	168	354	420	385	389	139	161	277	458	263	408	158	128	349	391	150	282	6	298	218	331	388	359	380	370	78	395	352	144	|
|280	311	343	295	105	408	186	66	332	0	231	259	142	53	191	380	171	337	173	332	150	257	337	267	258	127	139	182	258	280	359	58	186	223	338	222	143	6	224	258	254	164	390	234	323	340	|
|504	496	382	93	255	462	360	229	397	231	0	375	356	180	422	478	173	293	403	110	381	36	474	248	463	245	345	68	246	419	568	244	308	433	400	104	200	237	9	482	482	67	474	5	142	312	|
|273	166	129	375	363	163	104	325	96	259	375	0	347	283	288	121	202	221	259	423	292	376	99	183	186	386	170	370	175	52	269	315	76	187	102	288	177	256	365	265	285	333	133	374	365	204	|
|233	329	456	431	115	509	248	128	436	142	356	347	0	181	121	462	311	472	128	463	76	386	398	403	260	141	180	294	392	349	334	111	287	224	442	362	280	139	350	212	194	289	479	360	463	472	|
|333	355	350	249	108	421	224	67	346	53	180	283	181	0	244	403	152	324	226	283	201	207	369	256	307	118	186	129	247	311	409	74	208	273	351	183	136	59	173	311	307	113	410	183	282	331	|
|112	223	412	481	221	449	184	216	383	191	422	288	121	244	0	387	327	461	30	521	49	447	313	396	152	250	125	371	385	273	214	196	249	121	389	400	288	185	415	91	74	355	408	425	503	454	|
|344	202	126	461	484	86	214	447	90	380	478	121	462	403	387	0	305	256	360	508	400	473	84	250	255	507	282	482	246	115	302	437	196	271	90	382	288	377	469	343	367	444	28	476	441	232	|
|379	338	219	180	259	298	207	218	228	171	173	202	311	152	327	305	0	172	301	227	300	174	302	105	318	270	217	180	97	249	423	221	141	296	232	90	40	173	164	361	368	142	303	172	184	180	|
|481	388	131	239	431	201	294	389	168	337	293	221	472	324	461	256	172	0	432	280	446	273	300	70	400	442	337	330	80	271	490	391	217	391	167	191	194	339	286	468	483	294	239	289	203	26	|
|113	204	382	458	217	421	155	206	354	173	403	259	128	226	30	360	301	432	0	499	52	426	287	367	133	246	95	355	356	246	208	187	219	100	360	376	261	167	395	90	81	337	381	406	478	425	|
|593	565	395	48	365	474	432	337	420	332	110	423	463	283	521	508	227	280	499	0	482	77	521	260	542	356	431	178	262	472	647	352	368	516	422	137	264	338	114	573	576	174	499	106	78	304	|
|159	254	410	445	172	455	189	168	385	150	381	292	76	201	49	400	300	446	52	482	0	407	331	378	184	201	122	327	367	286	258	149	242	150	391	367	263	144	374	137	122	314	419	384	470	441	|
|523	506	371	57	289	451	371	260	389	257	36	376	386	207	447	473	174	273	426	77	407	0	475	234	477	280	363	104	234	422	583	275	313	449	392	91	205	263	38	503	504	97	468	31	108	294	|
|261	118	180	474	436	167	155	402	139	337	474	99	398	369	313	84	302	300	287	521	331	475	0	275	173	462	220	465	268	58	219	390	168	193	142	388	275	333	464	261	286	430	111	473	462	279	|
|424	346	137	214	362	217	237	320	161	267	248	183	403	256	396	250	105	70	367	260	378	234	275	0	348	374	274	274	11	234	444	321	159	335	163	145	124	269	239	409	422	237	239	245	191	76	|
|90	71	314	496	333	330	113	311	277	258	463	186	260	307	152	255	318	400	133	542	184	477	173	348	0	362	121	430	338	150	106	293	190	37	282	406	279	252	454	88	113	403	280	464	502	386	|
|359	423	466	333	30	533	308	61	458	127	245	386	141	118	250	507	270	442	246	356	201	280	462	374	362	0	252	178	365	406	453	73	313	325	463	286	254	130	242	336	324	187	517	250	374	449	|
|163	173	289	387	224	333	68	196	263	139	345	170	180	186	125	282	217	337	95	431	122	363	220	274	121	252	0	310	263	168	225	180	124	88	269	300	177	133	337	144	152	284	299	347	400	330	|
|461	471	400	160	189	478	336	167	408	182	68	370	294	129	371	482	180	330	355	178	327	104	465	274	430	178	310	0	269	408	534	184	297	398	412	142	194	188	66	439	436	38	482	73	206	345	|
|413	336	137	216	353	217	227	311	158	258	246	175	392	247	385	246	97	80	356	262	367	234	268	11	338	365	263	269	0	226	434	312	149	324	160	143	115	259	237	399	411	232	237	243	196	84	|
|240	118	167	424	380	181	101	345	128	280	419	52	349	311	273	115	249	271	246	472	286	422	58	234	150	406	168	408	226	0	223	333	111	160	133	336	219	276	409	235	258	373	136	418	416	252	|
|105	105	389	601	423	386	216	406	349	359	568	269	334	409	214	302	423	490	208	647	258	583	219	444	106	453	225	534	434	223	0	388	289	137	353	511	384	353	559	123	145	508	330	570	606	473	|
|299	352	401	321	47	466	236	19	391	58	244	315	111	74	196	437	221	391	187	352	149	275	390	321	293	73	180	184	312	333	388	0	243	257	396	258	197	60	238	276	267	178	448	248	355	395	|
|265	198	169	320	291	225	78	252	150	186	308	76	287	208	249	196	141	217	219	368	242	313	168	159	190	313	124	297	149	111	289	243	0	176	156	231	109	183	299	251	266	262	205	308	319	207	|
|89	105	316	471	296	341	98	275	282	223	433	187	224	273	121	271	296	391	100	516	150	449	193	335	37	325	88	398	324	160	137	257	176	0	287	382	256	217	424	78	98	372	295	434	480	379	|
|371	248	39	376	443	70	205	403	6	338	400	102	442	351	389	90	232	167	360	422	391	392	142	163	282	463	269	412	160	133	353	396	156	287	0	301	222	336	391	365	386	374	77	398	353	143	|
|462	428	280	90	285	360	296	248	298	222	104	288	362	183	400	382	90	191	376	137	367	91	388	145	406	286	300	142	143	336	511	258	231	382	301	0	127	226	96	443	448	110	376	100	103	209	|
|339	302	217	217	240	291	168	198	218	143	200	177	280	136	288	288	40	194	261	264	263	205	275	124	279	254	177	194	115	219	384	197	109	256	222	127	0	145	190	321	328	157	289	199	224	198	|
|273	305	342	301	107	406	181	70	331	6	237	256	139	59	185	377	173	339	167	338	144	263	333	269	252	130	133	188	259	276	353	60	183	217	336	226	145	0	230	251	248	170	388	240	328	341	|
|495	487	373	93	251	453	350	223	388	224	9	365	350	173	415	469	164	286	395	114	374	38	464	239	454	242	337	66	237	409	559	238	299	424	391	96	190	230	0	474	474	61	465	11	141	305	|
|22	153	394	530	307	416	174	296	359	258	482	265	212	311	91	343	361	468	90	573	137	503	261	409	88	336	144	439	399	235	123	276	251	78	365	443	321	251	474	0	26	418	367	485	544	456	|
|41	179	414	534	294	438	190	286	380	254	482	285	194	307	74	367	368	483	81	576	122	504	286	422	113	324	152	436	411	258	145	267	266	98	386	448	328	248	474	26	0	416	391	484	550	472	|
|439	441	362	146	193	440	305	164	370	164	67	333	289	113	355	444	142	294	337	174	314	97	430	237	403	187	284	38	232	373	508	178	262	372	374	110	157	170	61	418	416	0	444	71	187	309	|
|369	230	108	452	495	59	231	457	78	390	474	133	479	410	408	28	303	239	381	499	419	468	111	239	280	517	299	482	237	136	330	448	205	295	77	376	289	388	465	367	391	444	0	472	429	214	|
|506	497	380	88	260	460	360	233	395	234	5	374	360	183	425	476	172	289	406	106	384	31	473	245	464	250	347	73	243	418	570	248	308	434	398	100	199	240	11	485	484	71	472	0	137	309	|
|563	517	324	52	378	400	390	344	352	323	142	365	463	282	503	441	184	203	478	78	470	108	462	191	502	374	400	206	196	416	606	355	319	480	353	103	224	328	141	544	550	187	429	137	0	228	|
|468	370	106	262	437	176	283	395	144	340	312	204	472	331	454	232	180	26	425	304	441	294	279	76	386	449	330	345	84	252	473	395	207	379	143	209	198	341	305	456	472	309	214	309	228	0	|

--------------------------------------------------------------------------------
Building model...
	using lazy and cut (CVRPSEP package)
Solving IRP LP...
--------------------------------------------------------------------------------

Gurobi 9.1.0 (linux64) logging started Mon Jan 18 03:21:17 2021

Gurobi Optimizer version 9.1.0 build v9.1.0rc0 (linux64)
Thread count: 32 physical cores, 32 logical processors, using up to 2 threads
Optimize a model with 1570 rows, 13696 columns and 31687 nonzeros
Model fingerprint: 0x29752c00
Variable types: 724 continuous, 12972 integer (552 binary)
Coefficient statistics:
  Matrix range     [1e+00, 7e+13]
  Objective range  [1e-01, 6e+02]
  Bounds range     [1e+00, 3e+02]
  RHS range        [1e+01, 5e+03]
Warning: Model contains large matrix coefficient range
         Consider reformulating model or setting NumericFocus parameter
         to avoid numerical issues.
Presolve removed 184 rows and 46 columns
Presolve time: 0.04s
Presolved: 1386 rows, 13650 columns, 30332 nonzeros
Variable types: 678 continuous, 12972 integer (12432 binary)

Root relaxation: objective 1.215133e+04, 1831 iterations, 0.07 seconds

    Nodes    |    Current Node    |     Objective Bounds      |     Work
 Expl Unexpl |  Obj  Depth IntInf | Incumbent    BestBd   Gap | It/Node Time

     0     0 12151.3251    0  164          - 12151.3251      -     -    0s
     0     0 12448.9176    0  191          - 12448.9176      -     -    0s
     0     0 12457.3602    0  195          - 12457.3602      -     -    0s
     0     0 12831.3968    0  266          - 12831.3968      -     -    0s
     0     0 12881.5298    0  228          - 12881.5298      -     -    1s
     0     0 12881.5406    0  222          - 12881.5406      -     -    1s
     0     0 13094.2408    0  286          - 13094.2408      -     -    1s
     0     0 13170.1139    0  256          - 13170.1139      -     -    1s
     0     0 13170.2170    0  264          - 13170.2170      -     -    1s
     0     0 13255.2709    0  282          - 13255.2709      -     -    2s
     0     0 13258.9837    0  239          - 13258.9837      -     -    2s
     0     0 13263.2172    0  239          - 13263.2172      -     -    2s
     0     0 13266.5808    0  256          - 13266.5808      -     -    2s
     0     0 13300.9091    0  324          - 13300.9091      -     -    2s
     0     0 13321.7966    0  322          - 13321.7966      -     -    3s
     0     0 13325.8963    0  322          - 13325.8963      -     -    3s
     0     0 13329.5248    0  308          - 13329.5248      -     -    3s
     0     0 13329.6831    0  282          - 13329.6831      -     -    3s
     0     0 13387.8750    0  362          - 13387.8750      -     -    3s
     0     0 13411.7170    0  422          - 13411.7170      -     -    4s
     0     0 13430.2863    0  362          - 13430.2863      -     -    4s
     0     0 13431.6975    0  403          - 13431.6975      -     -    4s
     0     0 13497.0918    0  424          - 13497.0918      -     -    5s
     0     0 13503.7151    0  432          - 13503.7151      -     -    5s
     0     0 13504.3523    0  457          - 13504.3523      -     -    5s
     0     0 13520.0846    0  399          - 13520.0846      -     -    6s
