




arguments: ./build/mirp_solver -f ./input/orig_exec_388.cfg
Current dir: /scratch/gui/bnc_mirp
File verbosity level: 9
date       time         ( uptime  ) [ thread name/id ]                   file:line     v| 
2021-01-29 02:22:58.984 (   1.671s) [main thread     ]             loguru.cpp:789   INFO| Logging to './output/vi_lex_full/OU/V4/Original/execution_29_01_2021_02_22_57.log', mode: 'a', verbosity: 9
--------------------------------------------------------------------------------
Parameters
                           instance_path           ./input/Instances/Original/6/
                            model_policy                                       1
                             nb_vehicles                                       4
                              output_dir    ./output/vi_lex_full/OU/V4/Original/
                            sec_strategy                                       1
                       solver_nb_threads                                       2
                         solver_show_log                                    true
                       solver_time_limit                                    3600
                              use_vi_cos                                   false
                              use_vi_cus                                   false
                         use_vi_hc1_full                                   false
                         use_vi_hc1_half                                   false
                      use_vi_hc1_quarter                                   false
                              use_vi_hc2                                   false
                              use_vi_hc3                                   false
                         use_vi_lex_full                                    true
                         use_vi_lex_half                                   false
                      use_vi_lex_quarter                                   false
                              use_vi_qua                                   false
                               use_vi_vc                                   false
                               use_vi_vr                                   false
--------------------------------------------------------------------------------
executing instance: ./input/Instances/Original/6/absH6high_1n25.dat
--------------------------------------------------------------------------------
Instance details
n	26
H	6
C	1711
Li:
[0, 0, 0, 0, 0, 0, 0, 0, 0, 0, 0, 0, 0, 0, 0, 0, 0, 0, 0, 0, 0, 0, 0, 0, 0, 0, ]
Ui:
[0, 168, 176, 34, 66, 36, 177, 106, 118, 182, 64, 141, 189, 63, 46, 111, 182, 231, 36, 66, 68, 54, 132, 90, 246, 75, ]
Distance matrix:
|0	191	200	231	334	329	146	196	208	245	218	164	283	394	151	358	156	196	309	253	201	260	127	138	130	104	|
|191	0	226	229	278	146	328	216	390	417	327	293	195	334	106	296	171	122	472	151	12	411	280	53	190	130	|
|200	226	0	38	149	359	321	10	276	274	418	364	139	204	121	173	321	115	303	141	225	236	155	202	311	256	|
|231	229	38	0	110	352	358	37	314	310	448	395	108	167	129	135	342	109	336	120	226	268	194	213	335	277	|
|334	278	149	110	0	367	467	147	422	413	546	495	86	61	203	25	423	163	429	129	271	363	303	282	424	361	|
|329	146	359	352	367	0	453	349	533	562	411	393	282	411	245	378	250	244	617	245	141	556	426	195	284	243	|
|146	328	321	358	467	453	0	321	162	215	160	112	425	524	297	491	223	341	284	397	339	266	186	276	184	210	|
|196	216	10	37	147	349	321	0	281	281	414	360	132	203	112	171	315	105	311	132	216	244	159	193	305	249	|
|208	390	276	314	422	533	162	281	0	54	321	271	410	471	316	445	348	348	123	398	398	115	125	338	313	309	|
|245	417	274	310	413	562	215	281	54	0	375	323	413	457	334	435	393	361	70	406	424	69	139	367	359	349	|
|218	327	418	448	546	411	160	414	321	375	0	57	484	606	347	569	163	393	444	446	339	421	318	288	137	199	|
|164	293	364	395	495	393	112	360	271	323	57	0	437	556	300	519	144	346	393	401	305	367	261	249	109	163	|
|283	195	139	108	86	282	425	132	410	413	484	437	0	139	137	101	349	91	443	44	187	375	286	206	355	291	|
|394	334	204	167	61	411	524	203	471	457	606	556	139	0	264	38	483	222	467	183	326	403	356	341	484	421	|
|151	106	121	129	203	245	297	112	316	334	347	300	137	264	0	225	220	46	381	102	106	316	195	84	221	158	|
|358	296	173	135	25	378	491	171	445	435	569	519	101	38	225	0	444	184	450	145	288	384	328	303	446	383	|
|156	171	321	342	423	250	223	315	348	393	163	144	349	483	220	444	0	261	460	308	183	415	284	143	39	65	|
|196	122	115	109	163	244	341	105	348	361	393	346	91	222	46	184	261	0	402	56	118	336	224	119	264	200	|
|309	472	303	336	429	617	284	311	123	70	444	393	443	467	381	450	460	402	0	442	477	68	192	424	426	413	|
|253	151	141	120	129	245	397	132	398	406	446	401	44	183	102	145	308	56	442	0	143	375	273	164	315	251	|
|201	12	225	226	271	141	339	216	398	424	339	305	187	326	106	288	183	118	477	143	0	416	286	63	202	142	|
|260	411	236	268	363	556	266	244	115	69	421	367	375	403	316	384	415	336	68	375	416	0	135	365	384	363	|
|127	280	155	194	303	426	186	159	125	139	318	261	286	356	195	328	284	224	192	273	286	135	0	232	256	229	|
|138	53	202	213	282	195	276	193	338	367	288	249	206	341	84	303	143	119	424	164	63	365	232	0	153	89	|
|130	190	311	335	424	284	184	305	313	359	137	109	355	484	221	446	39	264	426	315	202	384	256	153	0	64	|
|104	130	256	277	361	243	210	249	309	349	199	163	291	421	158	383	65	200	413	251	142	363	229	89	64	0	|

--------------------------------------------------------------------------------
Building model...
	using lazy and cut (CVRPSEP package)
Solving IRP LP...
--------------------------------------------------------------------------------

Gurobi 9.1.0 (linux64) logging started Fri Jan 29 02:23:03 2021

Gurobi Optimizer version 9.1.0 build v9.1.0rc0 (linux64)
Thread count: 32 physical cores, 32 logical processors, using up to 2 threads
Optimize a model with 1754 rows, 9206 columns and 23228 nonzeros
Model fingerprint: 0xdf822944
Variable types: 782 continuous, 8424 integer (624 binary)
Coefficient statistics:
  Matrix range     [1e+00, 7e+07]
  Objective range  [1e-01, 6e+02]
  Bounds range     [1e+00, 2e+02]
  RHS range        [1e+01, 3e+03]
Presolve removed 182 rows and 26 columns
Presolve time: 0.06s
Presolved: 1572 rows, 9180 columns, 21945 nonzeros
Variable types: 756 continuous, 8424 integer (7824 binary)

Root relaxation: objective 1.430251e+04, 2989 iterations, 0.11 seconds

    Nodes    |    Current Node    |     Objective Bounds      |     Work
 Expl Unexpl |  Obj  Depth IntInf | Incumbent    BestBd   Gap | It/Node Time

     0     0 14302.5051    0  252          - 14302.5051      -     -    0s
     0     0 14552.1031    0  279          - 14552.1031      -     -    1s
     0     0 14584.4788    0  284          - 14584.4788      -     -    1s
     0     0 14584.6833    0  277          - 14584.6833      -     -    1s
     0     0 14584.6862    0  279          - 14584.6862      -     -    1s
     0     0 14968.8281    0  347          - 14968.8281      -     -    1s
     0     0 15001.4104    0  333          - 15001.4104      -     -    2s
     0     0 15012.4312    0  355          - 15012.4312      -     -    2s
     0     0 15015.1691    0  363          - 15015.1691      -     -    2s
     0     0 15015.2539    0  359          - 15015.2539      -     -    2s
     0     0 15607.5202    0  467          - 15607.5202      -     -    3s
     0     0 15641.3357    0  447          - 15641.3357      -     -    3s
     0     0 15652.2435    0  464          - 15652.2435      -     -    3s
     0     0 15654.2593    0  459          - 15654.2593      -     -    3s
     0     0 15654.7034    0  447          - 15654.7034      -     -    4s
     0     0 15789.5715    0  472          - 15789.5715      -     -    4s
     0     0 15856.1711    0  467          - 15856.1711      -     -    5s
     0     0 15867.2987    0  502          - 15867.2987      -     -    6s
     0     0 15868.8656    0  499          - 15868.8656      -     -    6s
     0     0 15993.8826    0  480          - 15993.8826      -     -    7s
     0     0 16004.2536    0  467          - 16004.2536      -     -    8s
     0     0 16004.6229    0  467          - 16004.6229      -     -    8s
     0     0 16026.8659    0  527          - 16026.8659      -     -    9s
     0     0 16034.0063    0  568          - 16034.0063      -     -    9s
     0     0 16042.6304    0  524          - 16042.6304      -     -   10s
     0     0 16048.2955    0  517          - 16048.2955      -     -   10s
     0     0 16054.1907    0  541          - 16054.1907      -     -   11s
     0     0 16055.3550    0  557          - 16055.3550      -     -   11s
     0     0 16075.7564    0  543          - 16075.7564      -     -   12s
     0     0 16076.9073    0  622          - 16076.9073      -     -   12s
     0     0 16086.2125    0  506          - 16086.2125      -     -   13s
     0     0 16086.3739    0  503          - 16086.3739      -     -   13s
     0     2 16093.1638    0  556          - 16093.1638      -     -   18s
     5     8 16135.5087    2  591          - 16118.9298      -  1501   20s
    15    19 16187.0808    5  613          - 16135.5312      -  2012   25s
    28    32 16342.9385    8  591          - 16135.5312      -  1997   32s
    37    43 16370.3090   10  577          - 16135.5312      -  1802   35s
    55    58 16365.8717   15  498          - 16135.5312      -  1474   40s
    85    89 16432.7686   23  478          - 16135.5312      -  1166   45s
   130   133 16584.1900   31  446          - 16135.5312      -   910   50s
   207   213 17062.1675   44  245          - 16135.5312      -   694   56s
   256   237 17260.4405   56  275          - 16135.5312      -   612   60s
   288   278 17713.0734   72  204          - 16135.5312      -   609   66s
   390   389 18737.4477  134  167          - 16135.5312      -   489   70s
   431   435 19223.4197  159   99          - 16135.5312      -   456   78s
   477   456 19876.9861  188   74          - 16135.5312      -   427   81s
   551   512 infeasible  232               - 16137.2115      -   387   85s
   590   536 16672.1182    6  596          - 16137.2115      -   392   91s
   617   569 16785.3559    7  553          - 16137.2115      -   402   96s
   645   601 16758.9794    8  520          - 16137.2115      -   404  100s
   717   707 16954.8300   14  491          - 16137.2115      -   386  105s
   777   710 17070.5659   48  312          - 16137.2115      -   367  110s
   782   713 17260.8105   57  646          - 16527.8577      -   364  115s
   789   718 18048.1947   83  697          - 16655.7886      -   361  121s
   796   723 18656.3795   82  738          - 16777.9696      -   358  127s
   801   726 20182.9716  194  710          - 16798.2520      -   356  130s
   810   732 20401.4176  209  748          - 16815.7291      -   352  135s
   816   736 18489.4154   87  748          - 16822.1341      -   349  140s
   824   741 19081.3075  159  821          - 16826.4107      -   346  145s
   834   750 16826.4107   33  533          - 16826.4107      -   399  150s
   840   754 16837.8487   29  715          - 16837.8487      -   396  155s
   850   760 17947.2688   53  780          - 16860.8265      -   391  160s
   858   766 17296.2998   59  802          - 16866.2348      -   388  165s
   861   768 16891.0464   13  795          - 16866.5822      -   386  170s
   864   773 16867.1157   20  786          - 16867.1157      -   421  182s
   866   774 16869.4363   21  785          - 16867.9553      -   424  191s
   868   775 16965.8837   21  601          - 16870.2266      -   426  196s
   872   776 16911.3611   22  724          - 16876.2587      -   430  201s
   876   779 16877.9917   23  821          - 16877.9917      -   436  207s
   880   781 16899.8193   24  723          - 16880.5295      -   445  211s
   885   786 16892.0318   26  723          - 16892.0318      -   452  217s
   892   789 16914.2284   28  779          - 16899.8384      -   465  221s
   899   794 17010.0935   29  624          - 16899.8384      -   472  225s
   906   798 17017.5868   31  663          - 16899.8384      -   482  230s
   915   802 17041.4169   33  615          - 16899.8384      -   492  235s
   932   816 17090.5004   37  577          - 16899.8384      -   504  247s
   943   821 17093.9091   41  538          - 16899.8384      -   507  251s
   958   840 17153.4902   46  389          - 16899.8384      -   511  256s
   988   855 17162.5561   55  410          - 16899.8384      -   507  261s
  1013   873 17213.7462   61  446          - 16899.8384      -   509  265s
  1057   898 17448.5878   72  389          - 16899.8384      -   511  272s
  1068   911 17270.5409   76  389          - 16899.8384      -   513  275s
  1094   928 17293.0059   85  421          - 16899.8384      -   519  280s
  1126   952 17408.7450   94  378          - 16899.8384      -   524  286s
  1164   985 17362.7380  106  385          - 16899.8384      -   523  292s
  1190   999 17528.3535  115  378          - 16899.8384      -   521  295s
  1236  1031 17747.7260  128  380          - 16899.8384      -   521  302s
  1262  1050 17771.8771  137  401          - 16899.8384      -   519  306s
  1290  1066 17784.2844  144  403          - 16899.8384      -   518  310s
  1343  1085 16964.6806   26  615          - 16900.0467      -   518  319s
  1364  1101 17016.2865   28  607          - 16900.0467      -   521  323s
  1387  1117 17040.3935   32  580          - 16900.0467      -   522  328s
  1411  1125 17056.3573   36  499          - 16900.0467      -   523  333s
  1427  1152 17073.7335   38  480          - 16900.0467      -   523  337s
  1459  1172 17094.6112   44  578          - 16900.0467      -   523  342s
  1490  1211 17099.0664   50  498          - 16900.0467      -   522  347s
  1539  1261 17117.8221   57  430          - 16900.0467      -   517  353s
  1605  1299 17150.5778   71  373          - 16900.0467      -   508  358s
  1669  1340 17246.3566   85  367          - 16900.0467      -   498  364s
  1734  1378 17604.7038  100  363          - 16900.0467      -   490  370s
  1793  1426 17365.3524  114  361          - 16900.0467      -   484  376s
  1863  1480 17431.9834  128  365          - 16900.0467      -   476  382s
  1940  1549 17546.6856  145  343          - 16900.0467      -   468  389s
  2035  1601 17575.9850  166  322          - 16900.0467      -   457  396s
  2119  1665 17652.0101  188  329          - 16900.0467      -   450  403s
  2213  1730 17757.3710  207  323          - 16900.0467      -   443  410s
  2309  1823 17870.0221  230  323          - 16900.0467      -   436  418s
  2444  1878 17915.4809  254  333          - 16900.0467      -   422  426s
  2546  1961 18091.2071  275  318          - 16900.0467      -   416  434s
  2667  1963 18124.2478  299  359          - 16900.0467      -   407  442s
  2733  2006 18150.4154  323  359          - 16900.0467      -   404  449s
  2798  2048 18165.6865  351  352          - 16900.0467      -   402  457s
  2862  2083 18210.3299  377  334          - 16900.0467      -   402  465s
  2920  2147 18553.0420  402  288          - 16900.0467      -   403  473s
  3004  2202 18273.8461  433  361          - 16900.0467      -   400  481s
  3091  2294 18338.5856  461  330          - 16900.0467      -   398  490s
  3220  2393 18383.7175  498  302          - 16900.0467      -   391  499s
  3286  2393 18600.1222   93  245          - 16900.0467      -   388  500s
  3351  2568 18423.4879  531  269          - 16900.0467      -   386  510s
  3534  2785 18874.5123  573  243          - 16907.2747      -   376  522s
  3795  2798 17097.8014   26  587          - 16907.2747      -   360  533s
  3824  2822 17253.0586   33  531          - 16907.2747      -   364  543s
  3848  2852 17238.3295   36  530          - 16907.2747      -   369  559s
  3878  2933 17329.6643   47  506          - 16907.2747      -   373  568s
  3959  3052 17546.0894   61  376          - 16907.2747      -   374  579s
  4078  3277 17667.9435  106  406          - 16907.2747      -   371  592s
  4303  3591 17870.1607  180  340          - 16907.2747      -   361  607s
  4530  3591 18594.4526  315  214          - 16907.2747      -   350  610s
  4621  3841 18236.6328  228  273          - 16907.2747      -   345  623s
  4830  3841 20207.9563  456  211          - 16907.2747      -   338  625s
  4878  3945 18789.1759  289  239          - 16907.2747      -   336  639s
  4969  3945 18904.9959  324  264          - 16907.2747      -   332  640s
  5005  4121 19123.8212  330  221          - 16907.2747      -   334  653s
  5173  4121 17024.3532   24  660          - 16907.2747      -   328  655s
  5187  4463 20021.1288  428  172          - 16907.2747      -   330  670s
  5541  4608 infeasible  620               - 16911.3611      -   318  688s
  5732  4612 25357.7700  709    -          - 16911.3611      -   309  690s
  5772  4663 17105.8991   33  699          - 16911.3611      -   312  703s
  5812  4735 17399.2743   35  622          - 16911.3611      -   316  716s
  5884  4766 17435.3748   44  489          - 16911.3611      -   318  764s
  5919  4928 infeasible   46               - 16911.3611      -   324  781s
  6087  5085 infeasible   48               - 16911.3611      -   324  797s
  6268  5287 infeasible   49               - 16918.9794      -   322  815s
  6503  5312 17308.5545   24  715          - 16918.9818      -   315  830s
  6528  5329 17642.9641   29  428          - 16928.7687      -   319  845s
  6553  5358 17167.8896   28  637          - 16928.7687      -   322  858s
  6582  5412 17400.8151   38  525          - 16928.7687      -   326  872s
  6638  5603 17679.6677   42  399          - 16928.7687      -   328  888s
  6829  5727 18087.4925   62  332          - 16928.7687      -   325  947s
  6953  6404 18278.1915   97  200          - 16928.7687      -   322  968s
  7102  6404 18601.6195  199  151          - 16928.7687      -   317  970s
  7632  6800 19086.4571  329  147          - 16928.7746      -   300  997s
  7852  6800 infeasible  469               - 16928.7746      -   294 1000s
  8073  6852 17373.5574   30  670          - 16966.1802      -   291 1019s
  8125  6951 17606.5420   32  644          - 16966.1802      -   294 1038s
  8246  6995 infeasible   41               - 16966.1802      -   296 1057s
  8292  7116 17791.7449   47  533          - 16966.1802      -   299 1076s
  8415  7396 18195.9166   81  327          - 16966.1802      -   301 1098s
  8707  7689 19369.5358  139  271          - 16971.5527      -   298 1122s
  9018  8135 17253.3835   24  656          - 16971.5527      -   295 1158s
  9491  8176 17711.7961   40  577          - 16971.5527      -   288 1179s
  9532  8306 17726.3042   53  382          - 16971.5527      -   291 1198s
  9662  9004 18203.8368   95  315          - 16971.5527      -   292 1223s
  9843  9004 18882.6212  238  137          - 16971.5527      -   289 1225s
 10372  9283 19224.9100  442  155          - 16982.3616      -   278 1252s
 10732  9307 17330.3561   33  696          - 17010.0973      -   274 1288s
 10758  9346 17411.7589   34  569          - 17010.0973      -   279 1317s
 10799  9514 17723.9921   41  442          - 17010.0973      -   282 1337s
 10971  9890 17752.2598   44  347          - 17010.0973      -   283 1360s
 11355 10796 18222.0142   48  316          - 17010.0973      -   278 1390s
 11750 10796 19900.5710  546  158          - 17010.0973      -   272 1395s
 12171 10796 21046.8412  852   51          - 17010.0973      -   264 1400s
 12307 11002 19560.6947  291  174          - 17021.0473      -   262 1429s
 12410 11002 20399.8099  348  143          - 17021.0473      -   260 1430s
 12603 11030 17380.3206   34  633          - 17021.0473      -   259 1449s
 12633 11091 infeasible   41               - 17021.0473      -   262 1464s
 12665 11091 17987.6659   54  357          - 17021.0473      -   262 1465s
 12696 11262 18017.1428   58  291          - 17021.0473      -   263 1484s
 12760 11262 18281.0138   98  207          - 17021.0473      -   262 1485s
 12871 11538 19512.8676  167  152          - 17021.0498      -   263 1512s
 13023 11538 20044.0323  260   63          - 17021.0498      -   261 1515s
 13184 11571 17228.8990   34  569          - 17021.0498      -   261 1533s
 13221 11635 17627.4920   50  440          - 17021.0498      -   264 1551s
 13291 11697 18374.4879   84  263          - 17021.0498      -   265 1569s
 13328 11697 18411.5463  104  240          - 17021.0498      -   266 1570s
 13365 11860 18756.7300  114  204          - 17021.0498      -   268 1590s
 13564 12228 19542.1930  184  128          - 17021.0498      -   268 1614s
 13654 12228 20305.5129  241  160          - 17021.0498      -   267 1615s
 13946 12473 21867.6317  443   99          - 17026.9745      -   264 1638s
 14210 12473 24023.6929  596   49          - 17026.9745      -   260 1640s
 14263 12516 17480.2329   38  535          - 17026.9745      -   261 1656s
 14306 12592 17650.9819   46  350          - 17026.9745      -   262 1673s
 14382 12923 17937.5517   61  306          - 17026.9745      -   264 1695s
 14713 13434 18394.8543  126  234          - 17026.9745      -   261 1720s
 15176 13434 18812.7798  352  216          - 17026.9745      -   255 1725s
 15280 13564 21072.7432  327  125          - 17028.2042      -   255 1752s
 15470 13622 17337.5341   37  655          - 17028.2042      -   254 1779s
 15528 13699 17434.5925   44  458          - 17028.2042      -   255 1805s
 15625 13782 17745.6178   55  434          - 17028.2042      -   256 1833s
 15708 14012 18082.0098   94  291          - 17039.6750      -   257 1865s
 15958 14054 17588.8465   29  566          - 17039.6750      -   256 1896s
 16000 14164 17748.9828   34  584          - 17039.6750      -   257 1930s
 16120 14543 18062.5444   42  469          - 17039.6750      -   259 1959s
 16558 14589 18000.3572   45  465          - 17039.6750      -   255 1997s
 16643 14649 18368.8213   47  472          - 17039.6750      -   257 2027s
 16703 14775 18606.8544   64  390          - 17039.6750      -   258 2057s
 16829 15242 19050.7441   77  386          - 17039.6750      -   259 2096s
 17067 15242 18737.5127  252  112          - 17039.6750      -   258 2100s
 17316 15318 19590.9787  108  336          - 17039.6750      -   255 2129s
 17379 15318 20221.1429  136  362          - 17039.6750      -   255 2130s
 17398 15564 20097.3292  136  253          - 17039.6750      -   256 2187s
 17458 15564 20404.3631  166  303          - 17039.6750      -   256 2190s
 17648 16343 20920.6448  294  176          - 17041.4614      -   256 2233s
 17858 16343 21254.1760  486  119          - 17041.4614      -   254 2235s
 18380 16343 23659.0432  911  113          - 17041.4614      -   247 2240s
 18489 16514 17225.8238   28  566          - 17041.4614      -   248 2270s
 18668 16541 17265.7755   30  642          - 17041.4614      -   247 2301s
 18713 16591 17512.8228   35  465          - 17041.4614      -   248 2329s
 18733 16591 17538.9565   32  511          - 17041.4614      -   249 2330s
 18763 16717 17616.1278   45  443          - 17041.4614      -   249 2359s
 18889 16929 17818.1606   69  252          - 17041.4614      -   250 2392s
 19115 17473 18275.8010  118  243          - 17046.4996      -   249 2429s
 19145 17473 18444.1944  135  239          - 17046.4996      -   249 2431s
 19512 17473 20735.6418  411   70          - 17046.4996      -   246 2435s
 19691 17498 17306.6154   35  584          - 17046.4996      -   244 2461s
 19718 17571 17571.8607   40  597          - 17046.4996      -   246 2477s
 19793 17714 17592.3552   41  583          - 17046.4996      -   247 2501s
 19944 18186 17721.3104   44  513          - 17046.4996      -   247 2524s
 20027 18186 19208.3032  201  139          - 17046.4996      -   247 2525s
 20299 18186 19850.1712  431  126          - 17046.4996      -   245 2530s
 20448 18241 18198.3663   54  389          - 17046.4996      -   243 2546s
 20505 18291 18669.3802   68  267          - 17048.2141      -   244 2564s
 20573 18386 17326.4220   32  532          - 17048.2141      -   245 2585s
 20674 18445 17561.2508   40  415          - 17048.2141      -   246 2618s
 20751 18638 18061.9582   73  326          - 17049.0596      -   247 2653s
 20908 18638 18653.9597  164  186          - 17049.0596      -   246 2655s
 20970 18702 17534.1300   33  590          - 17049.0596      -   247 2683s
 21034 18988 17935.2460   49  339          - 17049.0596      -   248 2711s
 21320 19680 18320.4589   83  224          - 17054.5875      -   247 2748s
 21410 19680 18490.9784  152  224          - 17054.5875      -   246 2750s
 22036 20030 17235.4762   28  666          - 17054.5875      -   241 2813s
 22047 20030 19963.2301  621  133          - 17054.5875      -   241 2822s
 22322 20030 20821.3227  814  123          - 17054.5875      -   239 2825s
 22434 20073 17467.7332   34  550          - 17054.5875      -   238 2854s
 22477 20201 17720.1926   42  420          - 17054.5875      -   239 2884s
 22607 20589 18230.6851   69  246          - 17054.5875      -   240 2917s
 22863 20589 19387.6605  177  168          - 17054.5875      -   239 2920s
 23003 20966 18889.7577  105  180          - 17057.6243      -   238 2959s
 23034 20966 19603.5115  118  207          - 17057.6243      -   238 2961s
 23433 21108 17420.1883   31  526          - 17057.6553      -   236 2992s
 23575 21512 17652.5210   44  495          - 17057.6553      -   236 3025s
 23996 21732 17895.9526   58  335          - 17057.6553      -   234 3063s
 24116 21732 18362.0163  137  188          - 17057.6553      -   233 3065s
 24293 21865 18546.3295  187  179          - 17058.4989      -   233 3094s
 24353 21865 19041.2445  232  192          - 17058.4989      -   232 3095s
 24426 21865 17383.7417   36  557          - 17058.4989      -   232 3113s
 24444 21939 17553.5734   38  442          - 17058.5732      -   233 3160s
 24532 21980 17524.2646   27  606          - 17058.8870      -   234 3189s
 24565 21980 17534.3151   27  655          - 17058.8870      -   234 3190s
 24575 22057 17969.2759   47  333          - 17058.8870      -   235 3253s
 24638 22057 18209.1140   78  225          - 17058.8870      -   235 3255s
 24654 22458 18273.6560   88  216          - 17058.8870      -   236 3296s
 25052 22458 22412.2706  359   53          - 17058.8870      -   234 3300s
 25077 22614 22503.7475  360   56          - 17058.9599      -   234 3334s
 25138 22614 23220.7196  392   28          - 17058.9599      -   234 3335s
 25284 22635 17448.5352   25  664          - 17058.9599      -   234 3353s
 25307 22639 17966.2522   32  401          - 17058.9599      -   236 3386s
 25315 22673 18011.9708   34  424          - 17058.9599      -   237 3406s
 25365 22877 18615.1085   48  250          - 17058.9599      -   239 3444s
 25407 22877 18791.8636   68  262          - 17058.9599      -   239 3445s
 25573 22989 19354.2067  188  176          - 17060.3339      -   238 3475s
 25711 23163 17525.5065   34  442          - 17060.3339      -   239 3507s
 25887 23778 17891.9411   53  394          - 17062.3082      -   239 3552s
 26285 23778 21189.8519  335   82          - 17064.1945      -   237 3556s
 26554 23805 17573.5407   30  666          - 17064.1945      -   235 3585s
 26581 23814 17756.7532   36  571          - 17064.1945      -   236 3600s

Cutting planes:
  User: 5754
  Gomory: 43
  Cover: 638
  Implied bound: 52
  Projected implied bound: 16
  Clique: 8
  MIR: 524
  StrongCG: 1
  Flow cover: 982
  Zero half: 36
  Network: 3
  RLT: 538
  Relax-and-lift: 20
  Lazy constraints: 90

Explored 26590 nodes (6324637 simplex iterations) in 3600.10 seconds
Thread count was 2 (of 32 available processors)

Solution count 0

Time limit reached
Best objective -, best bound 1.706419453897e+04, gap -

User-callback calls 368872, time in user-callback 348.47 sec
================================================================================
executing instance: ./input/Instances/Original/6/absH6high_1n20.dat
--------------------------------------------------------------------------------
Instance details
n	21
H	6
C	1651
Li:
[0, 0, 0, 0, 0, 0, 0, 0, 0, 0, 0, 0, 0, 0, 0, 0, 0, 0, 0, 0, 0, ]
Ui:
[0, 36, 182, 182, 90, 261, 117, 30, 110, 42, 276, 153, 40, 94, 144, 46, 129, 213, 264, 160, 174, ]
Distance matrix:
|0	371	401	343	361	341	370	115	392	400	79	266	292	245	355	431	265	194	95	92	348	|
|371	0	37	141	110	250	117	438	67	131	372	305	115	238	247	255	235	296	392	430	185	|
|401	37	0	175	100	284	146	472	90	156	406	342	152	275	280	282	242	333	415	455	178	|
|343	141	175	0	239	110	38	374	95	60	314	182	67	130	106	127	318	201	397	423	303	|
|361	110	100	239	0	341	222	451	177	240	385	374	190	304	341	361	151	345	354	398	78	|
|341	250	284	110	341	0	143	337	203	151	289	102	152	97	15	95	394	156	415	431	398	|
|370	117	146	38	222	143	0	407	61	30	346	220	81	167	137	139	317	237	417	447	292	|
|115	438	472	374	451	337	407	0	443	434	66	241	339	251	351	431	374	181	201	177	450	|
|392	67	90	95	177	203	61	443	0	66	379	275	104	216	197	193	294	283	427	461	252	|
|400	131	156	60	240	151	30	434	66	0	374	237	112	189	142	127	344	261	448	477	312	|
|79	372	406	314	385	289	346	66	379	374	0	202	275	197	304	383	316	134	175	166	388	|
|266	305	342	182	374	102	220	241	275	237	202	0	191	70	117	196	386	73	352	359	415	|
|292	115	152	67	190	152	81	339	104	112	275	191	0	123	154	193	252	183	336	366	246	|
|245	238	275	130	304	97	167	251	216	189	197	70	123	0	110	187	322	72	319	334	346	|
|355	247	280	106	341	15	137	351	197	142	304	117	154	110	0	80	399	171	427	444	400	|
|431	255	282	127	361	95	139	431	193	127	383	196	193	187	80	0	444	251	499	519	429	|
|265	235	242	318	151	394	317	374	294	344	316	386	252	322	399	444	0	332	226	273	97	|
|194	296	333	201	345	156	237	181	283	261	134	73	183	72	171	251	332	0	279	286	375	|
|95	392	415	397	354	415	417	201	427	448	175	352	336	319	427	499	226	279	0	47	321	|
|92	430	455	423	398	431	447	177	461	477	166	359	366	334	444	519	273	286	47	0	368	|
|348	185	178	303	78	398	292	450	252	312	388	415	246	346	400	429	97	375	321	368	0	|

--------------------------------------------------------------------------------
Building model...
	using lazy and cut (CVRPSEP package)
Solving IRP LP...
--------------------------------------------------------------------------------

Gurobi 9.1.0 (linux64) logging started Fri Jan 29 03:23:10 2021

Gurobi Optimizer version 9.1.0 build v9.1.0rc0 (linux64)
Thread count: 32 physical cores, 32 logical processors, using up to 2 threads
Optimize a model with 1419 rows, 6171 columns and 16203 nonzeros
Model fingerprint: 0xf960dff1
Variable types: 627 continuous, 5544 integer (504 binary)
Coefficient statistics:
  Matrix range     [1e+00, 2e+06]
  Objective range  [1e-01, 5e+02]
  Bounds range     [1e+00, 3e+02]
  RHS range        [1e+01, 3e+03]
Presolve removed 147 rows and 21 columns
Presolve time: 0.04s
Presolved: 1272 rows, 6150 columns, 15175 nonzeros
Variable types: 606 continuous, 5544 integer (5064 binary)

Root relaxation: objective 1.358628e+04, 2491 iterations, 0.10 seconds

    Nodes    |    Current Node    |     Objective Bounds      |     Work
 Expl Unexpl |  Obj  Depth IntInf | Incumbent    BestBd   Gap | It/Node Time

     0     0 13586.2755    0  217          - 13586.2755      -     -    0s
     0     0 13754.5682    0  207          - 13754.5682      -     -    0s
     0     0 13782.5188    0  233          - 13782.5188      -     -    0s
     0     0 13783.9981    0  244          - 13783.9981      -     -    0s
     0     0 13783.9981    0  245          - 13783.9981      -     -    0s
     0     0 14039.3587    0  312          - 14039.3587      -     -    1s
     0     0 14193.6339    0  345          - 14193.6339      -     -    1s
     0     0 14198.2088    0  335          - 14198.2088      -     -    1s
     0     0 14199.1323    0  317          - 14199.1323      -     -    1s
     0     0 14199.1514    0  325          - 14199.1514      -     -    1s
     0     0 14397.3554    0  385          - 14397.3554      -     -    2s
     0     0 14445.2633    0  391          - 14445.2633      -     -    2s
     0     0 14453.8550    0  380          - 14453.8550      -     -    3s
     0     0 14463.6803    0  388          - 14463.6803      -     -    3s
     0     0 14463.9448    0  411          - 14463.9448      -     -    3s
     0     0 14523.8431    0  415          - 14523.8431      -     -    4s
     0     0 14535.6955    0  421          - 14535.6955      -     -    4s
     0     0 14536.5518    0  476          - 14536.5518      -     -    4s
     0     0 14577.2735    0  461          - 14577.2735      -     -    5s
     0     0 14583.1418    0  419          - 14583.1418      -     -    5s
     0     0 14584.3603    0  472          - 14584.3603      -     -    5s
     0     0 14584.5524    0  477          - 14584.5524      -     -    5s
     0     0 14604.5427    0  497          - 14604.5427      -     -    6s
     0     0 14607.9343    0  512          - 14607.9343      -     -    6s
     0     0 14608.9657    0  477          - 14608.9657      -     -    6s
     0     0 14614.3172    0  452          - 14614.3172      -     -    6s
     0     0 14617.8570    0  419          - 14617.8570      -     -    7s
     0     2 14630.8708    0  299          - 14630.8708      -     -   10s
    18    21 14732.5447    6  389          - 14673.7502      -  1292   15s
    38    42 15049.8609   11  357          - 14673.7502      -  1244   20s
    81    90 15326.7860   25  354          - 14673.7502      -   907   25s
   137   142 16167.8137   46  260          - 14673.7502      -   678   30s
   256   249 15588.0821   44  360          - 14673.7502      -   464   35s
   312   300 14922.1859    4  508          - 14673.7701      -   435   48s
   333   318 14981.5862    6  531          - 14673.7701      -   437   50s
   365   341 15065.4352    9  553          - 14673.7701      -   447   55s
   382   355 15124.9036   13  535          - 14673.7701      -   491   60s
   411   388 15457.6314   23  392          - 14673.7701      -   511   66s
   444   430 15821.9797   34  359          - 14673.7701      -   515   70s
   506   498 16308.3895   57  287          - 14673.7701      -   490   75s
   590   611 17647.8040   98  232          - 14673.7701      -   459   89s
   650   682 18393.1409  127  202          - 14673.7701      -   431   91s
   729   685 14702.8408    4  248          - 14673.7701      -   398   95s
   738   691 15735.7850   45  597          - 14899.2528      -   393  100s
   756   703 17783.7657  110  648          - 14951.4274      -   384  105s
   769   712 16846.0645   71  740          - 14971.0136      -   377  110s
   780   720 16050.1866   73  206          - 14973.8458      -   417  115s
   788   726 15732.8198   51  628          - 14973.8458      -   412  126s
   798   732 16328.9792   57  637          - 14987.0859      -   407  130s
   811   741 17951.8838  115  639          - 14998.4184      -   401  138s
   814   746 15018.8544   26  590          - 15003.8093      -   433  145s
   816   747 15027.4627   27  565          - 15021.3232      -   435  150s
   818   749 15136.4104   27  544          - 15028.3032      -   437  156s
   822   751 15056.9510   28  579          - 15053.4476      -   447  170s
   836   763 15075.3607   32  475          - 15057.1690      -   463  175s
   856   777 15234.2943   37  462          - 15057.1690      -   475  180s
   874   790 15335.9710   42  470          - 15057.1690      -   483  185s
   898   800 15354.6692   50  509          - 15057.1690      -   493  190s
   908   812 15495.4622   53  459          - 15057.1690      -   501  195s
   929   828 15581.3038   58  459          - 15057.1690      -   510  201s
   944   836 15639.9866   62  391          - 15057.1690      -   515  206s
   958   850 15696.3137   66  395          - 15057.1690      -   526  210s
   996   872 15761.9322   76  354          - 15057.1690      -   529  216s
  1028   900 15806.4442   83  362          - 15057.1690      -   525  220s
  1077   936 15954.3659   94  371          - 15057.1690      -   523  226s
  1112   953 16092.5004  100  393          - 15057.1690      -   524  231s
  1145   978 16853.4674  106  389          - 15057.1690      -   527  236s
  1188   995 15123.5319   30  494          - 15057.1934      -   528  241s
  1227  1020 15192.8782   35  405          - 15057.1934      -   530  247s
  1246  1039 15196.9277   36  475          - 15057.1934      -   533  250s
  1297  1081 15200.1468   44  472          - 15057.1934      -   531  257s
  1330  1097 15247.0576   47  448          - 15057.1934      -   528  260s
  1388  1144 15273.4631   55  470          - 15057.1934      -   525  267s
  1423  1161 15484.6272   61  407          - 15057.1934      -   525  271s
  1452  1190 15471.8109   65  430          - 15057.1934      -   524  275s
  1540  1262 15922.8896   85  348          - 15057.1934      -   516  283s
  1596  1289 16134.3235   98  339          - 15057.1934      -   509  287s
  1647  1347 16735.1554  106  293          - 15057.1934      -   503  293s
  1726  1411 16767.5982  121  342          - 15057.1934      -   491  297s
  1816  1463 17006.5925  139  300          - 15057.1934      -   478  302s
  1898  1479 17181.5898  154  300          - 15057.1934      -   469  307s
  1963  1488 17749.6710  168  296          - 15057.1934      -   463  313s
  1994  1516 17513.3053  180  321          - 15057.1934      -   464  317s
  2032  1546 infeasible  194               - 15057.1934      -   464  322s
  2077  1591 17984.5169  211  309          - 15057.1934      -   462  327s
  2143  1628 18318.9446  230  322          - 15057.1934      -   458  333s
  2202  1692 19201.6555  251  275          - 15057.1934      -   456  339s
  2286  1782 18874.4157  280  294          - 15057.1934      -   448  345s
  2410  1846 20751.2088  317  228          - 15057.1934      -   435  352s
  2531  1916 21217.2237  359  209          - 15085.0053      -   424  358s
  2662  1936 15135.7538   31  586          - 15085.0053      -   411  365s
  2726  1980 15276.3960   37  451          - 15085.0053      -   409  373s
  2799  2039 15451.1020   42  436          - 15085.0053      -   407  380s
  2883  2089 15465.8831   43  498          - 15085.0053      -   402  387s
  2983  2081 15676.8192   50  445          - 15085.0053      -   397  395s
  3008  2112 15771.8266   59  426          - 15085.0053      -   401  402s
  3051  2172 16179.9413   69  323          - 15085.0053      -   403  409s
  3132  2283 16575.3734  107  306          - 15085.0053      -   402  417s
  3259  2453 17545.5268  143  226          - 15085.0053      -   394  426s
  3444  2703 19298.4945  209  179          - 15085.0053      -   382  437s
  3724  2715 infeasible  334               - 15104.9537      -   364  450s
  3752  2755 15396.9192   36  493          - 15104.9537      -   370  457s
  3792  2815 15619.1452   46  438          - 15104.9537      -   373  465s
  3854  2916 16016.1168   67  353          - 15104.9537      -   374  473s
  3963  3081 17036.7694  125  267          - 15104.9537      -   370  483s
  4132  3271 18208.5785  176  168          - 15104.9852      -   363  494s
  4208  3271 18605.1208  224  158          - 15104.9852      -   358  495s
  4355  3344 15372.7951   33  536          - 15104.9852      -   352  505s
  4430  3431 15570.2432   38  506          - 15104.9852      -   354  514s
  4517  3603 15802.6235   47  415          - 15104.9852      -   354  525s
  4689  3796 16150.7613   62  364          - 15104.9852      -   348  536s
  4888  3969 17162.4330  103  275          - 15108.3583      -   341  552s
  5099  3994 15278.5735   32  486          - 15113.4009      -   336  564s
  5124  4014 15464.9275   36  481          - 15113.4009      -   340  574s
  5144  4059 15628.8789   41  451          - 15113.4009      -   343  585s
  5189  4179 16080.3191   49  378          - 15113.4009      -   346  596s
  5311  4360 16765.3546   76  303          - 15113.4009      -   345  609s
  5512  4488 15907.6985   37  360          - 15123.8745      -   339  623s
