




arguments: ./build/mirp_solver -f ./input/orig_exec_194.cfg
Current dir: /scratch/gui/bnc_mirp
File verbosity level: 9
date       time         ( uptime  ) [ thread name/id ]                   file:line     v| 
2021-01-10 08:09:05.910 (   0.140s) [main thread     ]             loguru.cpp:789   INFO| Logging to './output/vi_lex_half/OU/V5/Original/execution_10_01_2021_08_09_05.log', mode: 'a', verbosity: 9
--------------------------------------------------------------------------------
Parameters
                           instance_path           ./input/Instances/Original/5/
                            model_policy                                       1
                             nb_vehicles                                       5
                              output_dir    ./output/vi_lex_half/OU/V5/Original/
                            sec_strategy                                       1
                       solver_nb_threads                                       2
                         solver_show_log                                    true
                       solver_time_limit                                    3600
                              use_vi_cos                                   false
                              use_vi_cus                                   false
                         use_vi_hc1_full                                   false
                         use_vi_hc1_half                                   false
                      use_vi_hc1_quarter                                   false
                              use_vi_hc2                                   false
                              use_vi_hc3                                   false
                         use_vi_lex_full                                   false
                         use_vi_lex_half                                    true
                      use_vi_lex_quarter                                   false
                              use_vi_qua                                   false
                               use_vi_vc                                   false
                               use_vi_vr                                   false
--------------------------------------------------------------------------------
executing instance: ./input/Instances/Original/5/absH3low_4n50.dat
--------------------------------------------------------------------------------
Instance details
n	51
H	3
C	4066
Li:
[0, 0, 0, 0, 0, 0, 0, 0, 0, 0, 0, 0, 0, 0, 0, 0, 0, 0, 0, 0, 0, 0, 0, 0, 0, 0, 0, 0, 0, 0, 0, 0, 0, 0, 0, 0, 0, 0, 0, 0, 0, 0, 0, 0, 0, 0, 0, 0, 0, 0, 0, ]
Ui:
[0, 108, 126, 122, 66, 120, 48, 30, 128, 54, 158, 198, 36, 66, 210, 234, 147, 297, 171, 128, 116, 120, 219, 70, 294, 207, 134, 128, 234, 122, 22, 183, 195, 255, 132, 124, 66, 189, 219, 66, 128, 102, 288, 66, 87, 136, 36, 39, 282, 36, 237, ]
Distance matrix:
|0	210	444	498	509	104	438	228	487	304	456	434	526	476	163	47	293	396	293	290	313	85	280	437	293	336	409	106	449	376	433	478	193	404	404	534	278	181	380	507	189	438	263	473	353	216	202	218	452	254	465	|
|210	0	299	507	359	106	345	409	358	411	320	402	555	448	136	200	289	264	306	427	141	222	83	348	264	320	283	303	380	208	258	357	170	348	475	542	243	347	355	379	65	479	172	373	355	251	112	229	402	210	300	|
|444	299	0	363	65	358	116	542	66	440	26	241	425	272	282	407	251	51	276	490	159	397	224	124	217	237	48	490	170	99	83	74	261	180	430	385	214	479	231	85	270	390	184	116	271	300	409	276	210	215	54	|
|498	507	363	0	385	482	246	424	326	254	343	123	63	93	388	452	221	337	211	314	428	414	480	239	243	187	324	463	194	418	438	307	346	188	156	36	264	392	156	326	444	87	340	258	154	286	603	294	153	297	417	|
|509	359	65	385	0	422	145	602	59	492	59	269	448	292	348	472	305	115	329	545	218	462	281	152	274	286	106	554	192	153	116	78	326	216	472	403	274	540	271	63	334	425	249	127	316	361	468	337	233	278	69	|
|104	106	358	482	422	0	372	309	408	337	374	396	521	441	98	96	262	314	271	342	215	124	177	373	249	302	329	198	394	281	337	402	139	353	419	518	230	250	343	428	90	437	188	405	328	200	134	188	406	199	372	|
|438	345	116	246	145	372	0	485	87	357	97	126	309	155	279	394	180	101	200	414	223	373	288	8	157	150	84	459	53	188	196	68	245	72	328	269	165	427	128	97	297	280	184	36	175	250	456	233	94	184	170	|
|228	409	542	424	602	309	485	0	561	170	544	419	424	446	298	214	305	491	286	115	462	187	457	480	331	339	496	124	470	510	565	545	295	424	279	454	329	66	376	576	363	340	370	520	330	242	429	266	453	328	581	|
|487	358	66	326	59	408	87	561	0	441	40	211	389	233	324	446	258	95	281	497	220	431	287	95	230	234	79	522	133	164	146	19	297	160	415	344	233	500	215	21	323	367	224	68	261	320	470	299	174	242	106	|
|304	411	440	254	492	337	357	170	441	0	434	266	255	286	275	266	189	392	164	63	408	225	428	351	224	207	392	234	330	438	484	424	250	287	112	284	232	149	233	453	349	170	302	389	185	168	471	195	305	248	487	|
|456	320	26	343	59	374	97	544	40	434	0	223	406	252	294	418	247	60	271	487	181	405	247	105	215	229	49	498	149	124	109	48	270	165	419	364	215	482	218	60	288	375	194	92	261	302	431	279	190	220	75	|
|434	402	241	123	269	396	126	419	211	266	223	0	185	46	298	387	140	213	145	328	310	355	366	118	147	97	201	425	78	295	315	191	256	65	211	151	166	371	53	215	343	157	231	145	90	220	505	217	41	198	295	|
|526	555	425	63	448	521	309	424	389	255	406	185	0	156	430	481	266	398	252	310	485	442	534	301	293	237	386	480	257	478	500	370	390	249	145	55	313	401	212	389	491	89	392	321	201	322	646	334	216	345	479	|
|476	448	272	93	292	441	155	446	233	286	252	46	156	0	343	429	183	250	184	348	353	396	411	148	192	140	236	461	102	334	350	214	302	106	214	113	212	402	98	233	389	151	277	165	125	261	551	260	62	244	325	|
|163	136	282	388	348	98	279	298	324	275	294	298	430	343	0	124	167	234	178	296	167	121	162	279	151	205	247	216	297	224	280	316	42	256	340	423	132	232	246	344	74	349	100	314	233	115	216	97	308	101	307	|
|47	200	407	452	472	96	394	214	446	266	418	387	481	429	124	0	246	358	245	259	284	41	261	392	247	289	370	103	403	345	402	436	150	358	361	488	232	158	333	466	165	393	223	430	306	168	217	171	406	210	431	|
|293	289	251	221	305	262	180	305	258	189	247	140	266	183	167	246	0	204	26	240	238	215	276	175	37	43	203	289	169	255	297	242	125	122	202	257	52	248	87	272	225	191	134	215	67	80	382	77	163	81	298	|
|396	264	51	337	115	314	101	491	95	392	60	213	398	250	234	358	204	0	229	442	130	347	196	108	169	194	19	440	152	87	102	93	211	149	390	363	165	428	194	116	228	355	134	117	230	250	376	225	189	164	95	|
|293	306	276	211	329	271	200	286	281	164	271	145	252	184	178	245	26	229	0	216	262	212	297	195	63	53	228	280	184	280	323	264	138	137	178	248	76	232	95	294	241	173	156	234	60	77	395	83	172	102	324	|
|290	427	490	314	545	342	414	115	497	63	487	328	310	348	296	259	240	442	216	0	443	220	456	408	273	264	443	204	390	479	529	480	278	346	165	343	278	115	293	509	369	229	340	447	244	202	473	230	366	288	536	|
|313	141	159	428	218	215	223	462	220	408	181	310	485	353	167	284	238	130	262	443	0	288	67	228	202	252	149	382	267	67	122	221	168	247	440	459	186	396	273	241	125	423	107	245	291	242	251	214	297	162	160	|
|85	222	397	414	462	124	373	187	431	225	405	355	442	396	121	41	215	347	212	220	288	0	273	371	221	258	357	95	378	344	401	420	136	331	321	450	208	126	302	450	177	353	213	409	272	136	253	143	377	190	426	|
|280	83	224	480	281	177	288	457	287	428	247	366	534	411	162	261	276	196	297	456	67	273	0	292	243	298	215	363	329	128	176	288	179	305	475	513	224	392	324	307	96	466	143	311	335	261	187	235	357	195	219	|
|437	348	124	239	152	373	8	480	95	351	105	118	301	148	279	392	175	108	195	408	228	371	292	0	154	144	91	456	46	194	203	76	244	65	320	261	163	423	121	103	299	273	185	40	168	247	459	230	86	183	178	|
|293	264	217	243	274	249	157	331	230	224	215	147	293	192	151	247	37	169	63	273	202	221	243	154	0	57	170	303	157	217	260	215	110	111	238	278	21	271	94	245	201	223	100	193	92	93	362	78	160	54	263	|
|336	320	237	187	286	302	150	339	234	207	229	97	237	140	205	289	43	194	53	264	252	258	298	144	57	0	190	331	131	257	294	216	163	84	197	221	77	285	44	246	258	172	155	183	39	123	418	119	120	110	288	|
|409	283	48	324	106	329	84	496	79	392	49	201	386	236	247	370	203	19	228	443	149	357	215	91	170	190	0	449	136	105	114	75	221	138	384	349	168	434	185	99	245	346	146	98	224	255	394	231	174	171	99	|
|106	303	490	463	554	198	459	124	522	234	498	425	480	461	216	103	289	440	280	204	382	95	363	456	303	331	449	0	458	439	496	510	229	410	344	498	293	89	374	540	267	391	307	495	336	211	308	226	451	280	520	|
|449	380	170	194	192	394	53	470	133	330	149	78	257	102	297	403	169	152	184	390	267	378	329	46	157	131	136	458	0	238	249	114	259	47	287	216	171	416	96	137	327	235	211	67	145	247	488	235	41	197	223	|
|376	208	99	418	153	281	188	510	164	438	124	295	478	334	224	345	255	87	280	479	67	344	128	194	217	257	105	439	238	0	57	169	216	230	453	445	206	445	268	184	191	427	141	202	296	278	315	250	274	191	92	|
|433	258	83	438	116	337	196	565	146	484	109	315	500	350	280	402	297	102	323	529	122	401	176	203	260	294	114	496	249	57	0	157	271	252	490	463	251	499	296	162	247	457	195	199	331	329	362	302	288	241	47	|
|478	357	74	307	78	402	68	545	19	424	48	191	370	214	316	436	242	93	264	480	221	420	288	76	215	216	75	510	114	169	157	0	287	141	396	325	219	485	196	31	319	347	216	49	243	306	469	286	154	230	120	|
|193	170	261	346	326	139	245	295	297	250	270	256	390	302	42	150	125	211	138	278	168	136	179	244	110	163	221	229	259	216	271	287	0	216	305	382	91	229	204	316	105	310	78	280	192	83	257	60	268	62	292	|
|404	348	180	188	216	353	72	424	160	287	165	65	249	106	256	358	122	149	137	346	247	331	305	65	111	84	138	410	47	230	252	141	216	0	255	215	126	369	56	168	292	210	177	102	103	200	454	189	54	155	234	|
|404	475	430	156	472	419	328	279	415	112	419	211	145	214	340	361	202	390	178	165	440	321	475	320	238	197	384	344	287	453	490	396	305	255	0	181	254	261	201	422	410	69	335	353	160	225	551	246	252	280	482	|
|534	542	385	36	403	518	269	454	344	284	364	151	55	113	423	488	257	363	248	343	459	450	513	261	278	221	349	498	216	445	463	325	382	215	181	0	298	425	189	342	479	115	373	276	190	323	638	330	175	332	439	|
|278	243	214	264	274	230	165	329	233	232	215	166	313	212	132	232	52	165	76	278	186	208	224	163	21	77	168	293	171	206	251	219	91	126	254	298	0	267	114	250	181	242	82	202	112	88	341	68	177	33	258	|
|181	347	479	392	540	250	427	66	500	149	482	371	401	402	232	158	248	428	232	115	396	126	392	423	271	285	434	89	416	445	499	485	229	369	261	425	267	0	325	516	298	313	305	463	281	180	375	203	403	264	516	|
|380	355	231	156	271	343	128	376	215	233	218	53	212	98	246	333	87	194	95	293	273	302	324	121	94	44	185	374	96	268	296	196	204	56	201	189	114	325	0	224	294	161	185	157	49	167	455	163	78	147	284	|
|507	379	85	326	63	428	97	576	21	453	60	215	389	233	344	466	272	116	294	509	241	450	307	103	245	246	99	540	137	184	162	31	316	168	422	342	250	516	224	0	344	371	244	70	271	337	490	317	176	261	120	|
|189	65	270	444	334	90	297	363	323	349	288	343	491	389	74	165	225	228	241	369	125	177	96	299	201	258	245	267	327	191	247	319	105	292	410	479	181	298	294	344	0	414	116	328	291	187	163	165	345	147	282	|
|438	479	390	87	425	437	280	340	367	170	375	157	89	151	349	393	191	355	173	229	423	353	466	273	223	172	346	391	235	427	457	347	310	210	69	115	242	313	161	371	414	0	323	301	133	238	565	253	197	273	444	|
|263	172	184	340	249	188	184	370	224	302	194	231	392	277	100	223	134	134	156	340	107	213	143	185	100	155	146	307	211	141	195	216	78	177	335	373	82	305	185	244	116	323	0	217	192	138	278	110	230	55	214	|
|473	373	116	258	127	405	36	520	68	389	92	145	321	165	314	430	215	117	234	447	245	409	311	40	193	183	98	495	67	202	199	49	280	102	353	276	202	463	157	70	328	301	217	0	205	286	485	269	106	220	167	|
|353	355	271	154	316	328	175	330	261	185	261	90	201	125	233	306	67	230	60	244	291	272	335	168	92	39	224	336	145	296	331	243	192	103	160	190	112	281	49	271	291	133	192	205	0	138	449	141	123	145	323	|
|216	251	300	286	361	200	250	242	320	168	302	220	322	261	115	168	80	250	77	202	242	136	261	247	93	123	255	211	247	278	329	306	83	200	225	323	88	180	167	337	187	238	138	286	138	0	328	28	243	88	340	|
|202	112	409	603	468	134	456	429	470	471	431	505	646	551	216	217	382	376	395	473	251	253	187	459	362	418	394	308	488	315	362	469	257	454	551	638	341	375	455	490	163	565	278	485	449	328	0	313	508	308	406	|
|218	229	276	294	337	188	233	266	299	195	279	217	334	260	97	171	77	225	83	230	214	143	235	230	78	119	231	226	235	250	302	286	60	189	246	330	68	203	163	317	165	253	110	269	141	28	313	0	235	61	315	|
|452	402	210	153	233	406	94	453	174	305	190	41	216	62	308	406	163	189	172	366	297	377	357	86	160	120	174	451	41	274	288	154	268	54	252	175	177	403	78	176	345	197	230	106	123	243	508	235	0	207	264	|
|254	210	215	297	278	199	184	328	242	248	220	198	345	244	101	210	81	164	102	288	162	190	195	183	54	110	171	280	197	191	241	230	62	155	280	332	33	264	147	261	147	273	55	220	145	88	308	61	207	0	253	|
|465	300	54	417	69	372	170	581	106	487	75	295	479	325	307	431	298	95	324	536	160	426	219	178	263	288	99	520	223	92	47	120	292	234	482	439	258	516	284	120	282	444	214	167	323	340	406	315	264	253	0	|

--------------------------------------------------------------------------------
Building model...
	using lazy and cut (CVRPSEP package)
Solving IRP LP...
--------------------------------------------------------------------------------

Gurobi 9.1.0 (linux64) logging started Sun Jan 10 08:09:06 2021

Gurobi Optimizer version 9.1.0 build v9.1.0rc0 (linux64)
Thread count: 32 physical cores, 32 logical processors, using up to 2 threads
Optimize a model with 2049 rows, 20844 columns and 47040 nonzeros
Model fingerprint: 0xd03f08bc
Variable types: 954 continuous, 19890 integer (765 binary)
Coefficient statistics:
  Matrix range     [1e+00, 3e+07]
  Objective range  [1e-02, 6e+02]
  Bounds range     [1e+00, 3e+02]
  RHS range        [1e+01, 7e+03]
Presolve removed 204 rows and 51 columns
Presolve time: 0.09s
Presolved: 1845 rows, 20793 columns, 45235 nonzeros
Variable types: 903 continuous, 19890 integer (19140 binary)

Root relaxation: objective 3.620553e+03, 2778 iterations, 0.16 seconds

    Nodes    |    Current Node    |     Objective Bounds      |     Work
 Expl Unexpl |  Obj  Depth IntInf | Incumbent    BestBd   Gap | It/Node Time

     0     0 3620.55296    0  175          - 3620.55296      -     -    0s
     0     0 3865.01294    0  218          - 3865.01294      -     -    1s
     0     0 3880.50354    0  228          - 3880.50354      -     -    1s
     0     0 3880.50354    0  230          - 3880.50354      -     -    1s
     0     0 4380.19694    0  247          - 4380.19694      -     -    1s
     0     0 4425.02608    0  264          - 4425.02608      -     -    1s
     0     0 4429.44697    0  266          - 4429.44697      -     -    2s
     0     0 4639.04982    0  296          - 4639.04982      -     -    2s
     0     0 4656.73690    0  322          - 4656.73690      -     -    3s
     0     0 4659.72135    0  311          - 4659.72135      -     -    3s
     0     0 4660.18482    0  310          - 4660.18482      -     -    3s
     0     0 4717.09500    0  363          - 4717.09500      -     -    4s
     0     0 4736.09989    0  293          - 4736.09989      -     -    5s
     0     0 4739.98809    0  300          - 4739.98809      -     -    5s
     0     0 4741.70729    0  287          - 4741.70729      -     -    5s
     0     0 4741.72379    0  333          - 4741.72379      -     -    5s
     0     0 4838.21901    0  368          - 4838.21901      -     -    6s
     0     0 4845.15841    0  384          - 4845.15841      -     -    7s
     0     0 4847.64715    0  430          - 4847.64715      -     -    7s
     0     0 4848.03452    0  412          - 4848.03452      -     -    7s
     0     0 4897.61838    0  413          - 4897.61838      -     -    9s
     0     0 4911.29990    0  467          - 4911.29990      -     -    9s
     0     0 4917.72215    0  458          - 4917.72215      -     -   10s
     0     0 4919.12570    0  461          - 4919.12570      -     -   10s
     0     0 4956.95137    0  396          - 4956.95137      -     -   11s
     0     0 4960.55659    0  488          - 4960.55659      -     -   12s
     0     0 4961.94726    0  505          - 4961.94726      -     -   12s
     0     0 4982.96979    0  460          - 4982.96979      -     -   13s
     0     0 4989.06702    0  547          - 4989.06702      -     -   14s
     0     0 4996.54205    0  528          - 4996.54205      -     -   15s
     0     0 5005.16277    0  523          - 5005.16277      -     -   15s
     0     0 5005.53309    0  544          - 5005.53309      -     -   16s
     0     0 5007.99508    0  485          - 5007.99508      -     -   17s
     0     0 5008.84495    0  523          - 5008.84495      -     -   17s
     0     0 5015.03472    0  549          - 5015.03472      -     -   18s
     0     0 5019.44374    0  475          - 5019.44374      -     -   20s
     0     2 5020.11177    0  478          - 5020.11177      -     -   25s
    11    14 5057.25198    4  482          - 5026.30857      -  1116   30s
    20    23 5061.89128    6  481          - 5026.30857      -   992   35s
    33    36 5077.97370    9  549          - 5026.30857      -   926   40s
    57    63 5108.48174   15  423          - 5026.30857      -   721   45s
    97   110 5214.25506   25  358          - 5026.30857      -   547   50s
   165   185 5316.40022   37  257          - 5026.30857      -   402   55s
   194   193 5447.71284   42  262          - 5026.30857      -   377   62s
   221   218 5678.45998   51  222          - 5026.30857      -   388   65s
   251   249 6151.94568   64  227          - 5026.30857      -   391   71s
   286   281 6560.06645   84  212          - 5026.30857      -   376   75s
   350   358 6945.42522  128  191          - 5026.30857      -   345   80s
   407   423 7625.21468  159  167          - 5043.49768      -   320   89s
   451   436 5537.62925    3  495          - 5043.49768      -   326   92s
   464   462 5672.25928    4  352          - 5043.49768      -   335   95s
   490   480 5551.37028    6  421          - 5043.49768      -   328  100s
   532   548 5587.01269   11  294          - 5043.49768      -   327  105s
   625   647 5597.26897   13  339          - 5043.49768      -   302  112s
   681   720 5631.37474   18  284          - 5043.49768      -   289  115s
   760   722 5544.84937   57  475          - 5043.49768      -   272  120s
   764   724 5627.42307   16  411          - 5043.49768      -   270  125s
   769   728 6460.03782   73  513          - 5061.14474      -   268  130s
   776   732 7080.02641  129  447          - 5088.29243      -   266  138s
   779   734 7686.33881  163  591          - 5100.67277      -   265  140s
   783   737 6490.43243   84  650          - 5108.31356      -   264  146s
   787   740 5955.85812   56  639          - 5113.75707      -   262  161s
   792   743 7019.71623  136  566          - 5121.26363      -   261  166s
   796   746 8110.25996  186  564          - 5123.80884      -   259  170s
   803   750 6643.12946   86  666          - 5125.94930      -   257  175s
   810   755 5743.79062   54  515          - 5127.73831      -   255  180s
   815   758 5130.63923    4  491          - 5129.23930      -   253  185s
   822   763 5131.00684   19  790          - 5131.00684      -   251  190s
   829   768 6490.43433   84  793          - 5136.10902      -   249  195s
   837   773 5234.58262   14  626          - 5141.13957      -   247  200s
   845   778 7771.23510  160  659          - 5144.03814      -   244  205s
   856   787 7911.36652  171  175          - 5144.82514      -   309  210s
   862   791 6511.19783   76  560          - 5144.82514      -   306  215s
   871   797 8497.10909  199  562          - 5144.82514      -   303  220s
   874   799 5220.71955   26  608          - 5146.93646      -   302  227s
   878   802 7065.14691  122  628          - 5147.46420      -   301  230s
   881   804 5324.74327   37  605          - 5147.87737      -   300  239s
   882   805 5307.87379   36  605          - 5147.87737      -   299  240s
   883   805 6490.43243   84  605          - 5147.87737      -   299  248s
   884   809 5154.38828   26  576          - 5148.89978      -   323  261s
   886   810 5156.20910   27  581          - 5156.20910      -   324  271s
   888   812 5181.59790   27  551          - 5156.21178      -   327  280s
   892   814 5170.12069   28  565          - 5165.84626      -   333  288s
   894   818 5167.62429   29  640          - 5167.62429      -   335  292s
   901   822 5171.40700   31  622          - 5170.20360      -   339  295s
   908   826 5175.58265   33  584          - 5170.20360      -   343  305s
   916   830 5262.39560   35  562          - 5170.20360      -   355  311s
   921   835 5205.19967   37  613          - 5170.20360      -   360  316s
   929   841 5211.74697   39  598          - 5170.20360      -   367  321s
   937   845 5234.19614   41  563          - 5170.20360      -   373  326s
   945   853 5295.63051   43  560          - 5170.20360      -   381  332s
   950   856 5245.94340   45  594          - 5170.20360      -   385  335s
   955   859 5275.92177   46  465          - 5170.20360      -   390  340s
   965   867 5270.05157   49  533          - 5170.20360      -   402  347s
   971   870 5313.13504   51  489          - 5170.20360      -   407  351s
   976   875 5313.65436   53  478          - 5170.20360      -   412  377s
   983   881 5336.11667   55  430          - 5170.20360      -   414  381s
   991   890 5446.53570   57  277          - 5170.20360      -   420  386s
  1003   900 5348.19557   61  425          - 5170.20360      -   422  390s
  1031   919 5403.53619   70  410          - 5170.20360      -   426  398s
  1045   929 5497.83615   74  299          - 5170.20360      -   428  403s
  1060   940 5453.24116   79  378          - 5170.20360      -   431  407s
  1076   954 5494.19094   84  371          - 5170.20360      -   434  412s
  1095   965 5635.13437   89  326          - 5170.20360      -   435  417s
  1112   981 5593.03236   95  329          - 5170.20360      -   438  423s
  1134  1000 5697.92699  103  293          - 5170.20360      -   440  428s
  1160  1022 5760.47790  112  260          - 5170.20360      -   440  434s
  1191  1047 5941.13966  123  171          - 5170.20360      -   439  439s
  1218  1038 5499.20850   83  444          - 5170.20360      -   436  440s
  1226  1079 5903.10586  137  268          - 5170.20360      -   438  445s
  1270  1110 5975.78474  154  246          - 5170.20360      -   433  451s
  1316  1145 6046.85047  170  222          - 5170.20360      -   427  457s
  1366  1175 6104.67451  188  227          - 5170.20360      -   422  463s
  1413  1199 6165.26710  206  214          - 5170.20360      -   418  469s
  1452  1230 6247.18695  220  212          - 5170.20360      -   416  475s
  1496  1248 6308.58522  236  252          - 5170.20360      -   414  481s
  1529  1284 6351.97819  248  246          - 5170.20360      -   412  487s
  1576  1317 6376.31062  265  253          - 5170.20360      -   409  493s
  1625  1370 6407.90439  282  236          - 5170.20360      -   405  500s
  1694  1419 6596.28106  302  208          - 5170.20360      -   399  507s
  1766  1476 6663.30809  325  198          - 5170.20360      -   393  515s
  1847  1520 6706.96376  347  212          - 5170.20360      -   385  522s
  1918  1578 6761.31602  369  224          - 5170.20360      -   380  530s
  2000  1620 6848.90058  391  224          - 5170.20360      -   372  537s
  2069  1668 7422.56833  409  214          - 5170.20360      -   368  546s
  2142  1712 6941.26343  429  248          - 5170.20360      -   364  554s
  2180  1699 6287.03683  253  220          - 5170.20360      -   362  555s
  2210  1777 6996.54677  448  231          - 5170.20360      -   361  562s
  2304  1839 7243.33353  476  206          - 5170.20360      -   355  571s
  2411  1896 7509.86139  510  174          - 5170.20360      -   348  580s
  2530  1887 8372.95781  555  178          - 5170.22603      -   339  592s
  2575  1914 5203.97518   31  476          - 5170.22603      -   342  600s
  2617  1947 5260.26227   33  344          - 5170.22603      -   343  609s
  2664  1981 5206.25927   35  608          - 5170.22603      -   344  618s
  2713  2018 5208.64147   37  473          - 5170.22603      -   344  629s
  2767  2063 5229.38253   40  317          - 5170.22603      -   347  639s
  2830  2116 5250.96036   43  260          - 5170.22603      -   348  649s
  2904  2184 5281.14825   52  175          - 5170.22603      -   347  659s
  2921  2178 5313.64802   61  164          - 5170.22603      -   347  660s
  2996  2236 5338.81931   70  146          - 5170.22603      -   345  671s
  3079  2319 5357.87866   87  199          - 5170.22603      -   345  683s
  3190  2468 5606.93530  117  133          - 5170.22603      -   343  699s
  3207  2463 5554.04602  126  123          - 5170.22603      -   342  700s
  3376  2616 5793.87082  177  136          - 5170.22603      -   334  717s
  3515  2616 6265.39101  246   90          - 5170.22603      -   325  720s
  3566  2822 6265.97120  249   88          - 5170.22603      -   326  734s
  3600  2822 6338.95080  266   90          - 5170.22603      -   325  735s
  3774  3069 6507.34219  324   91          - 5170.22603      -   320  756s
  4003  3069 7650.34592  665  164          - 5170.22603      -   313  760s
  4051  3218 6787.25125  416   84          - 5170.22603      -   313  788s
  4120  3218 6653.52699  451   99          - 5170.22603      -   310  790s
  4254  3370 7382.72041  487   75          - 5170.22603      -   307  813s
  4322  3370 6994.09572  521   99          - 5170.22603      -   304  815s
  4426  3557 6949.57828  570  116          - 5170.22603      -   302  836s
  4640  3698 7342.95124  671   53          - 5171.00822      -   294  862s
  4862  3698 8121.34778  782   44          - 5171.00822      -   282  865s
  4903  3739 5199.93669   31  595          - 5171.00822      -   284  886s
  4944  3854 5262.16480   40  359          - 5171.00822      -   287  908s
  5059  3964 5305.35447   46  394          - 5171.00822      -   285  931s
  5169  4152 5379.19038   67  188          - 5171.00822      -   284  969s
  5186  4152 5403.34418   82  200          - 5171.00822      -   284  970s
  5357  4436 5469.29987  149  204          - 5171.00822      -   279  998s
  5442  4436 5585.04183  227  128          - 5171.00822      -   276 1000s
  5642  4637 5728.41002  283  105          - 5171.00822      -   269 1029s
  5693  4637 6246.66338  319  173          - 5171.00822      -   268 1030s
  5861  4711 infeasible  350               - 5171.00822      -   265 1089s
  5882  4711 7581.17158  364  122          - 5171.00822      -   265 1090s
  5955  4801 infeasible  378               - 5173.82586      -   263 1121s
  6135  4836 5223.29294   35  491          - 5179.41614      -   261 1154s
  6155  4836 5219.81057   36  539          - 5179.41614      -   263 1155s
  6170  4968 5362.90076   42  331          - 5179.41614      -   265 1183s
  6244  4968 5895.05470   82  235          - 5179.41614      -   265 1185s
  6302  5334 5563.98446   84  203          - 5181.59890      -   266 1217s
  6455  5334 6010.46913  196  151          - 5181.59890      -   262 1220s
  6692  5485 5880.19617   33  506          - 5181.59890      -   258 1250s
  6843  5811 6003.55377   44  392          - 5181.59890      -   256 1287s
  6975  5811 6276.00848  413  145          - 5181.59890      -   254 1290s
  7175  6063 6093.20625   50  346          - 5181.59890      -   249 1328s
  7277  6063 7106.43375  652  187          - 5181.59890      -   248 1330s
  7463  6177 6180.86547   64  314          - 5181.59890      -   244 1378s
  7548  6177 6258.61993  132  223          - 5181.59890      -   245 1380s
  7603  6609 6299.67628  141  209          - 5181.59890      -   246 1420s
  7817  6609 6876.04216  307  159          - 5181.59890      -   242 1425s
  8061  6921 7239.75699  395  110          - 5185.62632      -   240 1466s
  8396  7143 5253.50491   36  429          - 5185.62632      -   235 1511s
  8546  7143 6326.90764  316   84          - 5185.62632      -   235 1515s
  8638  7297 5464.32880   52  329          - 5185.62632      -   234 1554s
  8689  7297 5489.43684   92  212          - 5185.62632      -   234 1555s
  8792  7738 5589.55437  148  242          - 5187.73626      -   235 1593s
  8860  7738 5637.09544  216  220          - 5187.73626      -   234 1595s
  9081  7738 5818.04700  427  185          - 5187.73626      -   229 1600s
  9251  7993 5347.11666   29  470          - 5187.73626      -   230 1657s
  9418  7993 6628.93185  252  165          - 5187.73626      -   229 1660s
  9589  8073 5374.97295   35  400          - 5187.73626      -   227 1697s
  9669  8324 5592.89073   71  272          - 5187.73626      -   229 1731s
  9844  8324 6171.36850  179  144          - 5187.73626      -   228 1735s
  9930  8736 6284.85536  191  136          - 5188.13429      -   229 1770s
 10442  8740 5280.21843   34  579          - 5188.13429      -   224 1829s
 10458  8758 5373.34695   36  472          - 5188.13429      -   227 1865s
 10476  8815 5499.02677   40  360          - 5188.13429      -   229 1902s
 10535  8951 5650.49475   70  295          - 5188.13429      -   231 1940s
 10671  9263 5839.36489  150  310          - 5188.13429      -   232 1976s
 10858  9263 6117.07397  315  238          - 5188.13429      -   229 1980s
 10993  9670 6179.96542  338  219          - 5188.13429      -   229 2020s
 11146  9670 7264.62099  436  190          - 5188.13429      -   227 2025s
 11424  9992 7478.96413  568  146          - 5192.61648      -   224 2071s
 11594  9992 7892.57298  725  179          - 5192.61648      -   221 2075s
 11778 10306 5258.29856   33  578          - 5192.61648      -   222 2115s
 12092 11011 5343.18042   36  433          - 5192.61648      -   219 2158s
 12126 11011 5464.86952   59  101          - 5192.61648      -   219 2160s
 12448 11011 6257.43628  457  154          - 5192.61648      -   215 2166s
 12652 11011 6712.64059  648  139          - 5192.61648      -   212 2170s
 12803 11204 5950.52494  202   59          - 5192.65142      -   210 2218s
 12881 11204 infeasible  785               - 5193.14024      -   210 2220s
 13076 11227 5336.75758   33  440          - 5193.14024      -   209 2259s
 13099 11262 5440.76417   36  405          - 5193.14024      -   212 2295s
 13134 11311 5507.65412   45  360          - 5193.14024      -   215 2330s
 13183 11635 5575.24467   52  326          - 5193.14024      -   217 2365s
 13505 11635 6062.77492  194  237          - 5193.14024      -   215 2373s
 13507 12146 5959.30700  174  147          - 5193.48899      -   215 2419s
 13541 12146 5972.15869  204  125          - 5193.48899      -   215 2420s
 13800 12146 6476.42147  418   92          - 5193.48899      -   212 2425s
 14146 12166 5388.94758   30  572          - 5195.38745      -   211 2467s
 14166 12195 5376.53825   32  579          - 5195.38745      -   213 2504s
 14195 12332 5561.88286   36  329          - 5195.38745      -   215 2546s
 14332 12791 5891.96892   81  255          - 5195.38745      -   216 2585s
 14366 12791 5989.67216  112  233          - 5195.38745      -   215 2591s
 14629 12791 6186.81606  185  113          - 5195.38745      -   214 2596s
 14803 13459 6649.23778  183  160          - 5196.93549      -   212 2648s
 14894 13459 6883.78775  266  162          - 5196.93549      -   211 2650s
 15138 13459 8896.60686  433   87          - 5196.93549      -   209 2655s
 15739 13495 5437.01746   29  591          - 5197.77136      -   205 2702s
 15775 13562 5473.38726   31  452          - 5197.77136      -   206 2737s
 15842 13802 5450.44031   33  427          - 5197.77136      -   208 2771s
 16065 13802 7013.65942  211  132          - 5197.77136      -   208 2775s
 16086 14561 5738.89626   63  316          - 5197.77136      -   208 2813s
 16172 14561 6816.69875  128  169          - 5197.77136      -   207 2815s
 16429 14561 7801.82456  392   93          - 5197.77136      -   205 2820s
 16741 14561 8717.66593  620   71          - 5197.77136      -   202 2825s
 16884 14712 7430.73328  159  175          - 5199.48233      -   201 2860s
 17093 14812 5293.60336   30  317          - 5199.66212      -   200 2897s
 17195 15236 5522.88243   59   86          - 5199.66212      -   201 2934s
 17246 15236 5707.84824   84   71          - 5199.66212      -   201 2935s
 17505 15236 5773.07399   78  221          - 5199.66212      -   200 2940s
 17631 15611 5999.13818  271   48          - 5199.94758      -   199 2979s
 17648 15611 6035.47949  278   75          - 5199.94758      -   199 2980s
 17984 15611 7214.52727  535   63          - 5199.94758      -   196 2985s
 18085 15719 5453.19211   37  478          - 5199.94758      -   197 3017s
 18193 15871 5641.19913   51  317          - 5199.94758      -   198 3053s
 18296 15871 5853.09762  139  119          - 5199.94758      -   198 3055s
 18381 16185 5849.46218   83  238          - 5199.94758      -   198 3089s
 18398 16185 5905.44992   95  227          - 5199.94758      -   198 3090s
 18657 16185 5401.12630   55  202          - 5199.94758      -   197 3095s
 18699 16983 6556.65625  290  165          - 5200.20561      -   197 3138s
 18733 16983 6612.68670  317  116          - 5200.20561      -   197 3140s
 18990 16983 7175.13476  512  111          - 5200.20561      -   195 3145s
 19548 17084 5234.19382   33  582          - 5200.20561      -   192 3184s
 19575 17084 5377.08563   51  187          - 5200.20561      -   192 3185s
 19688 17302 5457.95932   53  171          - 5200.20561      -   192 3219s
 19722 17302 5578.05548   70  166          - 5200.20561      -   192 3220s
 19908 17649 6379.91077  209   85          - 5201.17020      -   192 3257s
 20048 17649 6826.42621  295   33          - 5201.17020      -   191 3260s
 20287 17815 5401.71612   43  322          - 5201.20668      -   191 3294s
 20321 17815 5462.58245   61  228          - 5201.20668      -   191 3295s
 20453 18293 5523.26988   73  127          - 5201.20668      -   191 3330s
 20843 18293 6367.56659  221  106          - 5201.20668      -   190 3337s
 20931 18583 6224.00345  215   76          - 5202.76328      -   190 3372s
 21245 18733 5247.78280   34  588          - 5202.76328      -   189 3416s
 21437 18812 5944.75992   37  437          - 5202.76328      -   189 3451s
 21516 19162 5404.56898   40  410          - 5202.76328      -   190 3485s
 21783 19162 6894.04333  273   47          - 5202.76328      -   189 3490s
 21866 19408 5460.64682   45  414          - 5202.76328      -   189 3537s
 22150 19474 5627.89877   55  301          - 5202.76328      -   188 3571s
 22216 19584 5806.33252   83  171          - 5202.76328      -   189 3616s
 22250 19584 5920.54812  108   76          - 5202.76328      -   189 3620s

Cutting planes:
  User: 3634
  Gomory: 39
  Cover: 588
  Implied bound: 49
  Projected implied bound: 17
  Clique: 7
  MIR: 148
  Flow cover: 542
  Zero half: 12
  RLT: 411
  Relax-and-lift: 10
  Lazy constraints: 67

Explored 22328 nodes (4249817 simplex iterations) in 3622.70 seconds
Thread count was 2 (of 32 available processors)

Solution count 0

Time limit reached
Best objective -, best bound 5.202763277606e+03, gap -

User-callback calls 514132, time in user-callback 383.67 sec
================================================================================
executing instance: ./input/Instances/Original/5/absH3low_4n25.dat
--------------------------------------------------------------------------------
Instance details
n	26
H	3
C	2029
Li:
[0, 0, 0, 0, 0, 0, 0, 0, 0, 0, 0, 0, 0, 0, 0, 0, 0, 0, 0, 0, 0, 0, 0, 0, 0, 0, ]
Ui:
[0, 34, 165, 76, 88, 188, 58, 279, 52, 132, 198, 142, 135, 165, 186, 58, 201, 196, 40, 183, 32, 90, 168, 126, 93, 146, ]
Distance matrix:
|0	299	188	235	91	202	152	147	162	277	268	132	71	162	220	69	220	289	241	124	265	80	162	132	66	302	|
|299	0	468	431	282	142	317	425	443	569	193	178	359	302	422	231	93	28	511	325	457	242	434	215	240	601	|
|188	468	0	153	265	342	308	43	192	106	455	290	117	206	142	246	379	464	252	274	360	267	211	319	231	184	|
|235	431	153	0	326	289	386	145	321	240	482	269	184	129	15	258	339	436	393	355	477	305	336	354	237	334	|
|91	282	265	326	0	228	66	228	166	339	196	157	154	242	311	99	225	264	229	50	201	47	153	71	115	340	|
|202	142	342	289	228	0	285	301	363	447	255	73	245	161	281	139	53	151	440	278	428	181	360	187	136	495	|
|152	317	308	386	66	285	0	275	167	368	188	217	207	308	371	163	274	295	210	34	145	108	148	104	181	350	|
|147	425	43	145	228	301	275	0	179	146	415	248	76	172	131	203	337	421	248	242	341	227	195	279	188	211	|
|162	443	192	321	166	363	167	179	0	216	352	291	152	302	307	225	375	428	81	138	170	201	22	237	227	183	|
|277	569	106	240	339	447	368	146	216	0	535	391	210	312	232	341	481	562	245	335	381	352	238	402	329	106	|
|268	193	455	482	196	255	188	415	352	535	0	225	339	367	469	224	212	165	398	214	302	188	335	136	245	533	|
|132	178	290	269	157	73	217	248	291	391	225	0	183	145	258	66	91	175	367	207	358	110	287	127	67	431	|
|71	359	117	184	154	245	207	76	152	210	339	183	0	152	169	131	274	352	232	174	294	151	161	203	119	251	|
|162	302	206	129	242	161	308	172	302	312	367	145	152	0	120	153	210	308	383	284	426	208	309	249	132	383	|
|220	422	142	15	311	281	371	131	307	232	469	258	169	120	0	245	330	427	379	340	461	291	321	340	224	324	|
|69	231	246	258	99	139	163	203	225	341	224	66	131	153	245	0	152	222	301	147	299	57	221	97	22	371	|
|220	93	379	339	225	53	274	337	375	481	212	91	274	210	330	152	0	99	448	273	419	180	369	171	157	521	|
|289	28	464	436	264	151	295	421	428	562	165	175	352	308	427	222	99	0	493	305	434	227	418	196	234	590	|
|241	511	252	393	229	440	210	248	81	245	398	367	232	383	379	301	448	493	0	190	147	270	80	298	305	175	|
|124	325	274	355	50	278	34	242	138	335	214	207	174	284	340	147	273	305	190	0	152	97	122	110	162	320	|
|265	457	360	477	201	428	145	341	170	381	302	358	294	426	461	299	419	434	147	152	0	248	150	249	312	322	|
|80	242	267	305	47	181	108	227	201	352	188	110	151	208	291	57	180	227	270	97	248	0	192	52	76	366	|
|162	434	211	336	153	360	148	195	22	238	335	287	161	309	321	221	369	418	80	122	150	192	0	224	225	203	|
|132	215	319	354	71	187	104	279	237	402	136	127	203	249	340	97	171	196	298	110	249	52	224	0	118	409	|
|66	240	231	237	115	136	181	188	227	329	245	67	119	132	224	22	157	234	305	162	312	76	225	118	0	364	|
|302	601	184	334	340	495	350	211	183	106	533	431	251	383	324	371	521	590	175	320	322	366	203	409	364	0	|

--------------------------------------------------------------------------------
Building model...
	using lazy and cut (CVRPSEP package)
Solving IRP LP...
--------------------------------------------------------------------------------

Gurobi 9.1.0 (linux64) logging started Sun Jan 10 09:09:35 2021

Gurobi Optimizer version 9.1.0 build v9.1.0rc0 (linux64)
Thread count: 32 physical cores, 32 logical processors, using up to 2 threads
Optimize a model with 1049 rows, 5744 columns and 14177 nonzeros
Model fingerprint: 0xc5238eb7
Variable types: 479 continuous, 5265 integer (390 binary)
Coefficient statistics:
  Matrix range     [1e+00, 8e+03]
  Objective range  [1e-02, 6e+02]
  Bounds range     [1e+00, 3e+02]
  RHS range        [2e+01, 3e+03]
Presolve removed 104 rows and 26 columns
Presolve time: 0.04s
Presolved: 945 rows, 5718 columns, 13347 nonzeros
Variable types: 453 continuous, 5265 integer (4890 binary)

Root relaxation: objective 2.640433e+03, 1603 iterations, 0.05 seconds

    Nodes    |    Current Node    |     Objective Bounds      |     Work
 Expl Unexpl |  Obj  Depth IntInf | Incumbent    BestBd   Gap | It/Node Time

     0     0 2640.43281    0   98          - 2640.43281      -     -    0s
     0     0 2765.92382    0  101          - 2765.92382      -     -    0s
     0     0 2778.35696    0   78          - 2778.35696      -     -    0s
     0     0 2995.04041    0  139          - 2995.04041      -     -    0s
