




arguments: ./build/mirp_solver -f ./input/orig_exec_77.cfg
Current dir: /scratch/gui/bnc_mirp
File verbosity level: 9
date       time         ( uptime  ) [ thread name/id ]                   file:line     v| 
2021-01-09 16:01:51.513 (   0.033s) [main thread     ]             loguru.cpp:789   INFO| Logging to './output/vi_lex_half/OU/V5/Original/execution_09_01_2021_16_01_51.log', mode: 'a', verbosity: 9
--------------------------------------------------------------------------------
Parameters
                           instance_path           ./input/Instances/Original/2/
                            model_policy                                       1
                             nb_vehicles                                       5
                              output_dir    ./output/vi_lex_half/OU/V5/Original/
                            sec_strategy                                       1
                       solver_nb_threads                                       2
                         solver_show_log                                    true
                       solver_time_limit                                    3600
                              use_vi_cos                                   false
                              use_vi_cus                                   false
                         use_vi_hc1_full                                   false
                         use_vi_hc1_half                                   false
                      use_vi_hc1_quarter                                   false
                              use_vi_hc2                                   false
                              use_vi_hc3                                   false
                         use_vi_lex_full                                   false
                         use_vi_lex_half                                    true
                      use_vi_lex_quarter                                   false
                              use_vi_qua                                   false
                               use_vi_vc                                   false
                               use_vi_vr                                   false
--------------------------------------------------------------------------------
executing instance: ./input/Instances/Original/2/absH3high_3n40.dat
--------------------------------------------------------------------------------
Instance details
n	41
H	3
C	3283
Li:
[0, 0, 0, 0, 0, 0, 0, 0, 0, 0, 0, 0, 0, 0, 0, 0, 0, 0, 0, 0, 0, 0, 0, 0, 0, 0, 0, 0, 0, 0, 0, 0, 0, 0, 0, 0, 0, 0, 0, 0, 0, ]
Ui:
[0, 63, 111, 99, 96, 111, 282, 122, 156, 261, 42, 192, 126, 42, 162, 207, 159, 122, 102, 190, 118, 102, 132, 102, 165, 252, 66, 52, 22, 114, 210, 176, 116, 294, 78, 152, 210, 45, 130, 198, 174, ]
Distance matrix:
|0	208	225	252	227	143	258	127	267	150	28	83	163	286	57	149	201	137	214	255	70	73	107	186	328	266	249	343	222	177	293	144	262	215	167	120	169	218	143	173	255	|
|208	0	397	355	416	198	216	99	211	275	193	172	97	166	240	225	362	109	277	314	182	216	273	374	298	208	319	161	14	103	93	120	58	196	152	156	372	227	260	218	453	|
|225	397	0	427	53	364	482	343	492	129	253	225	382	386	171	188	39	291	187	195	295	182	282	55	326	491	180	551	408	315	457	366	455	275	392	244	221	439	341	214	101	|
|252	355	427	0	401	158	201	263	219	396	234	328	259	498	299	400	420	354	465	506	205	324	152	374	574	219	499	393	366	389	446	235	378	456	205	359	224	150	111	423	400	|
|227	416	53	401	0	357	477	352	489	165	253	245	389	424	179	223	85	315	234	245	293	200	264	42	375	488	231	565	428	344	484	370	474	314	392	270	184	430	325	252	50	|
|143	198	364	158	357	0	121	105	134	290	116	196	103	342	200	276	343	205	343	385	74	210	112	319	432	133	382	265	209	237	290	78	226	313	57	220	232	75	69	292	375	|
|258	216	482	201	477	121	0	168	18	397	230	293	135	381	314	372	459	275	437	480	188	317	228	439	501	18	479	197	222	296	290	132	212	386	95	306	347	58	173	381	496	|
|127	99	343	263	352	105	168	0	171	239	105	130	40	237	173	206	313	109	270	312	84	164	175	310	337	169	313	216	112	135	192	37	142	220	77	138	280	155	162	213	382	|
|267	211	492	219	489	134	18	171	0	404	240	298	136	376	323	376	468	276	441	483	198	324	243	450	500	2	483	181	215	294	281	136	202	386	102	309	363	75	189	384	509	|
|150	275	129	396	165	290	397	239	404	0	175	110	279	259	97	59	91	166	84	116	217	80	245	130	226	402	106	434	286	187	329	269	333	149	302	119	244	364	291	87	213	|
|28	193	253	234	253	116	230	105	240	175	0	94	139	286	84	167	229	136	234	275	43	96	98	212	341	238	271	320	206	175	281	118	244	225	140	128	180	191	124	189	280	|
|83	172	225	328	245	196	293	130	298	110	94	0	169	209	77	80	191	71	147	189	127	45	189	203	247	296	187	327	184	106	241	162	230	132	198	38	242	266	217	96	285	|
|163	97	382	259	389	103	135	40	136	279	139	169	0	253	212	244	353	141	307	349	110	203	194	347	366	133	350	183	107	161	187	27	124	251	56	175	306	133	169	249	418	|
|286	166	386	498	424	342	381	237	376	259	286	209	253	0	284	201	347	151	210	230	299	247	383	387	155	374	242	290	162	112	129	270	192	113	308	172	451	386	391	172	471	|
|57	240	171	299	179	200	314	173	323	97	84	77	212	284	0	112	145	147	170	208	127	38	148	137	299	321	201	386	253	183	315	195	297	195	222	112	171	275	195	142	214	|
|149	225	188	400	223	276	372	206	376	59	167	80	244	201	112	0	149	117	67	110	205	78	254	186	187	374	108	387	235	132	272	240	283	93	277	71	279	346	291	32	270	|
|201	362	39	420	85	343	459	313	468	91	229	191	353	347	145	149	0	254	149	160	272	150	271	66	290	466	146	518	373	278	419	339	420	235	367	207	227	418	327	175	135	|
|137	109	291	354	315	205	275	109	276	166	136	71	141	151	147	117	254	0	172	212	151	116	232	273	229	274	215	270	119	39	170	145	167	111	186	47	305	263	245	113	356	|
|214	277	187	465	234	343	437	270	441	84	234	147	307	210	170	67	149	172	0	42	272	141	317	205	144	439	43	437	284	175	307	305	331	99	343	132	327	413	357	60	283	|
|255	314	195	506	245	385	480	312	483	116	275	189	349	230	208	110	160	212	42	0	314	182	356	222	132	481	15	474	321	212	337	347	367	126	385	174	358	455	398	100	295	|
|70	182	295	205	293	74	188	84	198	217	43	127	110	299	127	205	272	151	272	314	0	137	91	253	370	196	310	292	195	188	274	85	226	252	99	155	197	148	94	223	316	|
|73	216	182	324	200	210	317	164	324	80	96	45	203	247	38	78	150	116	141	182	137	0	176	158	263	323	176	369	229	150	286	191	274	157	223	77	208	284	216	106	239	|
|107	273	282	152	264	112	228	175	243	245	98	189	194	383	148	254	271	232	317	356	91	176	0	231	435	242	349	371	286	271	365	167	315	321	164	224	120	174	61	280	274	|
|186	374	55	374	42	319	439	310	450	130	212	203	347	387	137	186	66	273	205	222	253	158	231	0	348	448	208	523	386	303	442	329	431	279	352	229	167	392	291	217	85	|
|328	298	326	574	375	432	501	337	500	226	341	247	366	155	299	187	290	229	144	132	370	263	435	348	0	498	147	441	299	206	283	374	338	119	414	215	465	492	463	157	425	|
|266	208	491	219	488	133	18	169	2	402	238	296	133	374	321	374	466	274	439	481	196	323	242	448	498	0	481	180	213	292	278	134	200	384	100	307	362	75	188	381	508	|
|249	319	180	499	231	382	479	313	483	106	271	187	350	242	201	108	146	215	43	15	310	176	349	208	147	481	0	480	326	217	346	347	373	135	385	175	347	454	392	103	280	|
|343	161	551	393	565	265	197	216	181	434	320	327	183	290	386	387	518	270	437	474	292	369	371	523	441	180	480	0	153	263	163	207	107	352	208	317	487	244	334	379	598	|
|222	14	408	366	428	209	222	112	215	286	206	184	107	162	253	235	373	119	284	321	195	229	286	386	299	213	326	153	0	109	81	132	48	201	162	167	386	236	272	226	466	|
|177	103	315	389	344	237	296	135	294	187	175	106	161	112	183	132	278	39	175	212	188	150	271	303	206	292	217	263	109	0	142	171	156	95	211	74	344	289	281	118	386	|
|293	93	457	446	484	290	290	192	281	329	281	241	187	129	315	272	419	170	307	337	274	286	365	442	283	278	346	163	81	142	0	212	79	211	241	214	461	311	353	254	525	|
|144	120	366	235	370	78	132	37	136	269	118	162	27	270	195	240	339	145	305	347	85	191	167	329	374	134	347	207	132	171	212	0	151	257	40	174	280	119	142	248	398	|
|262	58	455	378	474	226	212	142	202	333	244	230	124	192	297	283	420	167	331	367	226	274	315	431	338	200	373	107	48	156	79	151	0	245	173	214	421	237	293	273	510	|
|215	196	275	456	314	313	386	220	386	149	225	132	251	113	195	93	235	111	99	126	252	157	321	279	119	384	135	352	201	95	211	257	245	0	297	97	365	374	345	62	362	|
|167	152	392	205	392	57	95	77	102	302	140	198	56	308	222	277	367	186	343	385	99	223	164	352	414	100	385	208	162	211	241	40	173	297	0	213	283	79	126	287	415	|
|120	156	244	359	270	220	306	138	309	119	128	38	175	172	112	71	207	47	132	174	155	77	224	229	215	307	175	317	167	74	214	174	214	97	213	0	280	286	248	75	313	|
|169	372	221	224	184	232	347	280	363	244	180	242	306	451	171	279	227	305	327	358	197	208	120	167	465	362	347	487	386	344	461	280	421	365	283	280	0	291	175	310	176	|
|218	227	439	150	430	75	58	155	75	364	191	266	133	386	275	346	418	263	413	455	148	284	174	392	492	75	454	244	236	289	311	119	237	374	79	286	291	0	116	359	445	|
|143	260	341	111	325	69	173	162	189	291	124	217	169	391	195	291	327	245	357	398	94	216	61	291	463	188	392	334	272	281	353	142	293	345	126	248	175	116	0	313	335	|
|173	218	214	423	252	292	381	213	384	87	189	96	249	172	142	32	175	113	60	100	223	106	280	217	157	381	103	379	226	118	254	248	273	62	287	75	310	359	313	0	300	|
|255	453	101	400	50	375	496	382	509	213	280	285	418	471	214	270	135	356	283	295	316	239	274	85	425	508	280	598	466	386	525	398	510	362	415	313	176	445	335	300	0	|

--------------------------------------------------------------------------------
Building model...
	using lazy and cut (CVRPSEP package)
Solving IRP LP...
--------------------------------------------------------------------------------

Gurobi 9.1.0 (linux64) logging started Sat Jan  9 16:01:51 2021

Gurobi Optimizer version 9.1.0 build v9.1.0rc0 (linux64)
Thread count: 32 physical cores, 32 logical processors, using up to 2 threads
Optimize a model with 1649 rows, 13679 columns and 31640 nonzeros
Model fingerprint: 0x527481b7
Variable types: 764 continuous, 12915 integer (615 binary)
Coefficient statistics:
  Matrix range     [1e+00, 1e+06]
  Objective range  [1e-01, 6e+02]
  Bounds range     [1e+00, 3e+02]
  RHS range        [1e+01, 6e+03]
Presolve removed 164 rows and 41 columns
Presolve time: 0.07s
Presolved: 1485 rows, 13638 columns, 30315 nonzeros
Variable types: 723 continuous, 12915 integer (12315 binary)

Root relaxation: objective 1.246256e+04, 2105 iterations, 0.07 seconds

    Nodes    |    Current Node    |     Objective Bounds      |     Work
 Expl Unexpl |  Obj  Depth IntInf | Incumbent    BestBd   Gap | It/Node Time

     0     0 12462.5564    0  152          - 12462.5564      -     -    0s
     0     0 12930.3168    0  190          - 12930.3168      -     -    0s
     0     0 12942.4615    0  212          - 12942.4615      -     -    0s
     0     0 12952.0451    0  216          - 12952.0451      -     -    0s
     0     0 12953.2315    0  202          - 12953.2315      -     -    1s
     0     0 12953.2736    0  213          - 12953.2736      -     -    1s
     0     0 13480.3278    0  274          - 13480.3278      -     -    1s
     0     0 13598.4924    0  284          - 13598.4924      -     -    1s
     0     0 13599.8218    0  286          - 13599.8218      -     -    1s
     0     0 13599.9646    0  288          - 13599.9646      -     -    1s
     0     0 13704.7452    0  281          - 13704.7452      -     -    2s
     0     0 13713.6783    0  293          - 13713.6783      -     -    2s
     0     0 13716.1590    0  300          - 13716.1590      -     -    2s
     0     0 13716.5297    0  301          - 13716.5297      -     -    2s
     0     0 13777.6977    0  358          - 13777.6977      -     -    3s
     0     0 13792.5454    0  348          - 13792.5454      -     -    3s
     0     0 13796.6274    0  348          - 13796.6274      -     -    3s
     0     0 13798.1493    0  366          - 13798.1493      -     -    3s
     0     0 13798.4449    0  359          - 13798.4449      -     -    3s
     0     0 13869.4667    0  333          - 13869.4667      -     -    4s
     0     0 13891.0673    0  333          - 13891.0673      -     -    5s
     0     0 13903.1908    0  399          - 13903.1908      -     -    5s
     0     0 13905.9887    0  387          - 13905.9887      -     -    5s
     0     0 13907.4321    0  378          - 13907.4321      -     -    5s
     0     0 13947.7207    0  434          - 13947.7207      -     -    6s
     0     0 13953.4774    0  443          - 13953.4774      -     -    7s
     0     0 13953.9306    0  434          - 13953.9306      -     -    7s
     0     0 13968.2352    0  427          - 13968.2352      -     -    7s
     0     0 13978.2956    0  423          - 13978.2956      -     -    9s
     0     2 13994.8862    0  471          - 13994.8862      -     -   13s
     3     6 14008.4501    2  511          - 14008.2162      -  1572   15s
    16    19 14026.6758    7  489          - 14009.1392      -  1256   20s
    37    41 14037.1566   11  488          - 14009.1392      -  1016   25s
    57    62 14094.8119   15  434          - 14009.1392      -  1018   30s
    85    90 14418.4270   20  317          - 14009.1392      -   857   35s
   133   130 14502.0518   34  350          - 14009.1392      -   713   40s
   181   176 14616.3167   47  379          - 14009.1392      -   639   46s
   212   195 14678.1088   56  340          - 14009.1392      -   604   50s
   259   247 15102.6854   80  173          - 14009.1392      -   572   55s
   304   309 15570.9537  100  169          - 14009.1392      -   533   60s
   424   438 16628.8385  169  125          - 14009.1392      -   423   66s
   522   536 17962.9089  228   48          - 14009.1392      -   367   70s
   665   613 14110.1696    5  484          - 14029.6275      -   312   76s
   695   636 14172.2956   12  285          - 14029.6275      -   322   81s
   716   641 14222.5278   13  398          - 14032.7705      -   334   85s
   733   646 14132.6813   20  421          - 14032.7705      -   336   90s
   748   656 18449.3313  275  632          - 14078.9329      -   330   95s
   755   661 14510.8916   29  524          - 14121.7428      -   327  100s
   766   668 17174.5535  208  541          - 14137.1214      -   322  105s
   777   675 16895.3129  196  579          - 14142.4578      -   317  110s
   787   682 16744.0338  187  546          - 14148.1065      -   313  117s
   789   683 14152.3263   11  546          - 14152.3263      -   313  124s
   790   687 14165.0161   15  464          - 14152.3263      -   342  129s
   792   688 14198.0121   16  577          - 14161.1424      -   343  136s
   796   691 14218.1424   17  532          - 14186.6559      -   347  142s
   798   692 14249.2517   17  540          - 14187.0187      -   350  145s
   810   701 14306.6176   21  376          - 14196.9592      -   358  150s
   829   715 14438.5779   25  389          - 14196.9592      -   364  155s
   846   727 14359.4620   29  407          - 14196.9592      -   369  160s
   867   741 14480.2769   33  342          - 14196.9592      -   377  165s
   881   756 14454.5061   37  413          - 14196.9592      -   381  170s
   923   788 14677.5745   49  260          - 14196.9592      -   385  176s
   959   810 14907.7990   59  140          - 14196.9592      -   387  181s
   981   827 15066.1611   65  249          - 14196.9592      -   390  185s
  1035   871 15317.0605   77  117          - 14196.9592      -   386  190s
  1082   904 15516.1612   91  167          - 14196.9592      -   382  195s
  1151   947 15810.0350  108  181          - 14196.9592      -   377  201s
  1195   980 15936.4444  118  204          - 14196.9592      -   377  206s
  1251  1025 16051.7112  130  273          - 14196.9592      -   376  212s
  1284  1046 16146.5063  136  260          - 14196.9592      -   373  215s
  1356  1100 16254.2979  151  210          - 14196.9592      -   368  221s
  1416  1132 15617.7685  172  146          - 14196.9592      -   364  225s
  1494  1199 16455.3354  185  136          - 14196.9592      -   357  231s
  1539  1233 16730.5284  195   83          - 14196.9592      -   355  235s
  1648  1326 16703.9244  221  171          - 14196.9592      -   348  242s
  1722  1367 16684.5587  241  170          - 14196.9592      -   342  246s
  1789  1415 16906.7956  261  102          - 14196.9592      -   335  251s
  1864  1492 17361.7486  285  134          - 14196.9592      -   330  255s
  1966  1533 17654.1249  316   78          - 14196.9625      -   321  261s
  2063  1544 14292.0580   19  493          - 14196.9625      -   313  266s
  2106  1604 14488.6967   20  408          - 14196.9625      -   311  270s
  2183  1696 14385.5426   23  404          - 14196.9625      -   306  275s
  2306  1722 14490.4508   27  282          - 14196.9625      -   297  281s
  2417  1703 14631.9670   33  324          - 14196.9625      -   289  287s
  2435  1720 14702.7042   40  257          - 14196.9625      -   291  291s
  2458  1738 14939.8799   50  238          - 14196.9625      -   293  296s
  2486  1777 15071.4006   63  191          - 14196.9625      -   294  301s
  2535  1804 15168.7841   85  195          - 14196.9625      -   293  306s
  2579  1829 15387.7222  103  139          - 14196.9625      -   292  311s
  2618  1862 15347.2816  118  203          - 14196.9625      -   293  316s
  2668  1923 15606.5198  132  199          - 14196.9625      -   292  322s
  2746  1979 15580.3984  155  180          - 14196.9625      -   289  328s
  2828  2064 15666.6426  180  169          - 14196.9625      -   286  334s
  2871  2060 15746.3570  201  127          - 14196.9625      -   284  335s
  2940  2150 15738.2865  205  193          - 14196.9625      -   280  342s
  3030  2359 15794.2778  221  172          - 14196.9625      -   276  349s
  3239  2635 15842.7339  250  200          - 14196.9625      -   264  358s
  3529  2683 15957.3534  272  192          - 14196.9625      -   247  368s
  3620  2738 16007.6560  291  183          - 14196.9625      -   245  375s
  3675  2787 16078.3624  317  158          - 14196.9625      -   247  381s
  3724  2855 16183.6873  339  164          - 14196.9625      -   248  389s
  3794  2973 16315.3734  367  156          - 14196.9625      -   248  397s
  3914  3029 16959.2898  414  127          - 14196.9625      -   246  426s
  3970  3193 16831.9643  428  121          - 14196.9625      -   244  436s
  4230  3296 17241.1084  529  118          - 14222.8018      -   235  446s
  4423  3546 14346.2950   19  541          - 14222.8018      -   229  457s
  4677  3866 14394.2812   20  502          - 14222.8018      -   221  468s
  5083  3906 14598.8593   29  206          - 14222.8018      -   207  479s
  5162  3991 14800.9510   55  158          - 14222.8018      -   207  487s
  5247  4193 14973.5080  104  106          - 14222.8018      -   208  498s
  5377  4193 15259.8526  175   45          - 14222.8018      -   205  500s
  5455  4466 15511.3231  197   22          - 14227.1458      -   205  512s
  5833  4653 14476.0319   21  471          - 14227.1458      -   196  524s
  5855  4653 14761.8975   58   86          - 14227.1458      -   197  525s
  5984  5064 14570.5989   40  223          - 14227.1458      -   195  540s
  6430  5113 14848.1357   57  162          - 14227.1458      -   186  551s
  6479  5298 14970.8169   80  150          - 14227.1458      -   187  561s
  6664  5865 15418.1226  193   81          - 14227.1458      -   186  574s
  6716  5865 15662.7628  214   53          - 14227.1458      -   185  575s
  7271  5930 infeasible  387               - 14249.2517      -   176  589s
  7354  6234 14522.8775   25  480          - 14249.2517      -   178  606s
  7724  6293 14560.9226   30  474          - 14249.2517      -   174  620s
  7761  6407 14652.1664   45  247          - 14249.2517      -   176  631s
  7875  6714 15370.9504  111   72          - 14250.5866      -   177  647s
  8231  6787 14447.3380   21  477          - 14250.5866      -   174  659s
  8272  6787 14991.4838   53  177          - 14250.5866      -   175  660s
  8304  6975 14596.6819   22  502          - 14250.5866      -   176  672s
  8492  7168 14597.4022   25  507          - 14250.5866      -   175  685s
  8712  7223 14761.1799   36  221          - 14250.5866      -   174  696s
  8767  7336 14978.6643   61  270          - 14250.5866      -   176  707s
  8882  7606 15372.2224  106  137          - 14258.6091      -   177  722s
  9168  7931 14500.5163   22  567          - 14258.6091      -   176  739s
  9287  7931 15531.6562  165   93          - 14258.6091      -   176  740s
  9527  8060 14645.7849   32  398          - 14258.6091      -   173  752s
  9656  8366 15004.3140   60  137          - 14258.6091      -   174  769s
  9682  8366 15031.1462   80   99          - 14258.6091      -   174  770s
  9996  8711 15694.8726  214   58          - 14272.5686      -   172  791s
 10384  8890 14585.2620   19  346          - 14272.5686      -   169  812s
 10563  8995 14888.6556   31  230          - 14272.5686      -   170  835s
 10700  9102 15357.2005   60  173          - 14273.5409      -   171  855s
 10873  9169 14653.3114   22  324          - 14273.5409      -   170  874s
 10901  9169 14845.7600   40  102          - 14273.5409      -   171  875s
 10940  9366 14876.9359   50   65          - 14273.5409      -   171  895s
 11142  9660 15486.8956  115   61          - 14275.6392      -   172  919s
 11257  9660 15988.3954  183   56          - 14275.6392      -   171  920s
 11512  9702 14771.4813   28  214          - 14275.8828      -   169  940s
 11554  9780 15063.5053   46  125          - 14275.8828      -   171  960s
 11632  9971 15291.5226   90   80          - 14286.0591      -   172  984s
 11685  9971 15752.8919  111   76          - 14286.0591      -   172  985s
 11867 10181 14701.4742   22  413          - 14286.0591      -   172 1008s
 11986 10181 15426.5678  141   33          - 14286.0591      -   172 1010s
 12097 10361 14869.0025   29  309          - 14286.0591      -   171 1031s
 12279 10705 15799.3443  134   31          - 14286.2944      -   171 1052s
 12690 10834 14669.6928   32  401          - 14286.2944      -   168 1066s
 12827 10935 14822.7864   41  173          - 14286.2944      -   169 1078s
 12928 11306 15109.0897   75   88          - 14290.9379      -   170 1092s
 13169 11306 16639.3920  224   13          - 14290.9379      -   169 1095s
 13410 11476 14510.8975   24  376          - 14290.9379      -   168 1109s
 13545 11476 16408.0526  153  113          - 14290.9379      -   167 1110s
 13619 11591 14845.3178   40  189          - 14292.0855      -   167 1124s
 13711 11591 15853.9401   85  144          - 14292.0855      -   167 1125s
 13780 11902 14448.3914   28  462          - 14292.0855      -   168 1144s
 14094 12144 14683.9404   32  442          - 14292.0855      -   166 1159s
 14113 12144 16459.1113  275   44          - 14292.0855      -   166 1160s
 14370 12206 15008.5127   42  160          - 14292.0855      -   164 1172s
 14422 12533 15333.6880   65  144          - 14294.7951      -   166 1188s
 14660 12533 16536.4600  220    6          - 14294.7951      -   164 1190s
 14790 12638 14410.2165   21  526          - 14294.7951      -   164 1202s
 14883 12928 14509.2377   24  484          - 14294.7951      -   165 1216s
 15195 12976 14585.8872   26  346          - 14294.7951      -   163 1228s
 15243 13107 14732.5785   36  294          - 14294.7951      -   164 1240s
 15374 13889 15220.6243   92   48          - 14299.6453      -   165 1256s
 15851 13937 18622.2600  296    -          - 14299.6453      -   161 1260s
 16342 14237 14436.9628   19  550          - 14299.6453      -   158 1276s
 16694 14284 14506.0856   20  534          - 14299.6453      -   157 1287s
 16717 14312 14685.2192   29  363          - 14299.6453      -   157 1298s
 16745 14398 14839.0153   39  350          - 14299.6453      -   158 1308s
 16831 14810 15151.9754   61  180          - 14300.1819      -   159 1324s
 16857 14810 15336.6518   78  103          - 14300.1819      -   159 1325s
 17298 14911 14625.5212   23  493          - 14300.1819      -   157 1338s
 17407 15018 14913.8943   34  276          - 14300.1819      -   158 1349s
 17483 15018 14694.9687   33  325          - 14300.1819      -   158 1350s
 17514 15322 15293.9075   87  123          - 14301.0737      -   158 1362s
 17840 15508 14486.8344   21  561          - 14301.0737      -   157 1377s
 18049 15545 14748.1158   32  462          - 14301.0737      -   157 1388s
 18083 15711 14878.9276   38  345          - 14301.0737      -   158 1400s
 18269 15819 15045.1013   57  200          - 14301.0737      -   158 1412s
 18427 15928 15183.7974   91   74          - 14301.0737      -   158 1425s
 18542 16141 15861.1251  118   15          - 14313.4903      -   159 1437s
 18767 16530 14777.0998   33  362          - 14313.4903      -   158 1454s
 18910 16530 15725.0517  197   40          - 14313.4903      -   158 1456s
 19201 16710 15003.0577   65   59          - 14313.4903      -   157 1469s
 19227 16710 15053.5746   86  173          - 14313.4903      -   157 1470s
 19427 16834 15882.8761  181   44          - 14315.2455      -   157 1482s
 19583 16971 14917.8639   38  157          - 14315.2455      -   157 1494s
 19662 16971 15192.7000   91   67          - 14315.2455      -   157 1495s
 19720 17696 15533.9746   91   75          - 14318.5764      -   157 1510s
 20355 17710 16722.9321  192   18          - 14318.8915      -   154 1515s
 20570 17809 14694.4113   29  430          - 14318.8915      -   153 1526s
 20641 18003 15009.7787   52  119          - 14318.8915      -   153 1538s
 20835 18373 15208.0976  135   81          - 14318.8928      -   153 1554s
 20887 18373 15636.3842  177   65          - 14318.8928      -   153 1555s
 21260 18423 14810.2108   34  394          - 14335.3853      -   152 1567s
 21307 18623 15228.1923   55  264          - 14335.3944      -   153 1582s
 21517 18818 14564.9137   25  446          - 14335.3944      -   153 1597s
 21764 18854 14666.1333   26  480          - 14335.3944      -   152 1609s
 21780 18887 14846.2174   33  424          - 14335.3944      -   153 1619s
 21813 18959 14917.8582   46  396          - 14335.3944      -   154 1629s
 21885 19129 15292.0584   61  264          - 14335.3944      -   155 1640s
 22055 19504 15614.4956   87  102          - 14335.3944      -   155 1658s
 22178 19504 16023.7239  154   85          - 14335.3944      -   155 1660s
 22520 19811 16199.1757  137  100          - 14340.8901      -   154 1677s
 22838 19918 14827.5241   25  419          - 14340.8901      -   153 1690s
 22946 19999 14910.4460   29  375          - 14340.8901      -   153 1701s
 23049 20073 15094.3848   38  168          - 14340.8901      -   154 1712s
 23125 20369 15565.1650   60    6          - 14340.8901      -   154 1727s
 23431 20370 16013.9311  206   23          - 14340.8901      -   154 1730s
 23445 20503 16173.5583  102  100          - 14343.0752      -   154 1742s
 23593 20692 14495.4466   23  588          - 14343.0752      -   154 1756s
 23785 20780 14584.5676   28  511          - 14343.0752      -   154 1770s
 23936 20850 14828.1865   36  349          - 14343.0752      -   154 1782s
 23987 20951 15245.9210   55  194          - 14343.0752      -   155 1792s
 24088 21149 15504.5774   94   47          - 14346.3495      -   155 1805s
 24306 21402 14663.7491   25  454          - 14346.3495      -   155 1820s
 24567 21665 14883.7682   33  336          - 14346.3495      -   155 1838s
 24705 21665 18155.3783  266   26          - 14346.3495      -   155 1840s
 24886 21807 15198.9777   49  160          - 14346.3495      -   154 1853s
 25016 22016 15719.8069  109   62          - 14351.7737      -   155 1867s
 25265 22197 14522.6221   25  429          - 14351.7737      -   154 1881s
 25449 22669 15036.8899   44  135          - 14357.6447      -   154 2000s
 25912 22693 17138.1368  163   18          - 14357.6447      -   153 2005s
 25979 22811 14675.7816   22  455          - 14357.6447      -   153 2017s
 26117 22941 15008.7917   39  147          - 14357.6447      -   153 2029s
 26143 22941 15072.9445   54  110          - 14357.6447      -   153 2030s
 26251 23115 15383.2016  120   59          - 14358.2806      -   153 2042s
 26443 23243 14849.4541   28  517          - 14358.2806      -   153 2054s
 26571 23510 15074.0828   44  275          - 14358.2806      -   153 2068s
 26746 23515 18056.1861  217   14          - 14358.2806      -   153 2070s
 26910 23816 15458.8726   71  137          - 14365.2560      -   152 2087s
 27173 23818 17230.3482  233   13          - 14365.2560      -   152 2090s
 27207 23984 14412.7163   23  558          - 14365.2560      -   152 2102s
 27368 24310 14567.5764   35  416          - 14365.2560      -   152 2118s
 27490 24310 16060.9792  186   40          - 14365.2560      -   152 2120s
 27743 24441 14847.0080   45  212          - 14365.2560      -   151 2133s
 27874 24615 15326.2752  122   21          - 14367.7971      -   151 2146s
 28089 24744 14814.2671   30  325          - 14367.7971      -   151 2159s
 28201 24744 15417.3386   94   49          - 14367.7971      -   152 2160s
 28204 25157 15257.3613   54  131          - 14367.7971      -   152 2176s
 28639 25344 15724.4677  145   87          - 14369.3729      -   151 2191s
 28848 25396 14958.4321   33  345          - 14369.3729      -   151 2202s
 28895 25705 15120.6321   43  204          - 14369.3729      -   151 2218s
 29034 25705 15753.0366  131   37          - 14369.3729      -   151 2220s
 29227 25803 15432.8756   64  150          - 14372.6802      -   151 2233s
 29336 25841 14688.7902   24  508          - 14372.6802      -   151 2245s
 29374 25900 14793.2134   30  394          - 14372.6802      -   151 2256s
 29433 26029 15133.5596   37  304          - 14372.6802      -   152 2268s
 29562 26340 15783.9298   74   60          - 14379.4852      -   152 2283s
 29694 26340 16190.1477  134   21          - 14379.4852      -   152 2285s
 29909 26376 14797.0776   30  323          - 14379.5395      -   152 2297s
 29945 26467 15108.7513   46  260          - 14379.5395      -   152 2308s
 30042 26945 15670.4660   84  109          - 14380.0343      -   153 2323s
 30147 26945 16214.0560  135   75          - 14380.0343      -   152 2325s
 30576 26997 14531.9250   26  511          - 14380.0343      -   151 2339s
 30626 27046 14752.4041   35  416          - 14380.0343      -   152 2349s
 30675 27363 14858.4676   46  261          - 14380.8355      -   152 2362s
 31013 27722 14464.8120   25  486          - 14380.8355      -   152 2380s
 31427 27775 14638.2563   31  437          - 14380.8355      -   151 2395s
 31463 27872 14821.8955   38  309          - 14380.8355      -   151 2406s
 31560 28166 15256.6707   70  170          - 14387.7239      -   152 2421s
 31888 28411 14566.3401   22  521          - 14387.7239      -   152 2439s
 32165 28468 14774.0213   29  399          - 14387.7239      -   151 2452s
 32218 28560 15057.0916   44  243          - 14387.7239      -   152 2465s
 32310 28884 15335.4875   65  138          - 14389.0021      -   152 2480s
 32652 29232 14482.3866   24  455          - 14389.0021      -   152 2499s
 33055 29312 14604.3835   31  331          - 14389.0021      -   151 2514s
 33115 29508 15065.4219   60  134          - 14390.3137      -   152 2528s
 33351 29623 14678.2799   32  366          - 14390.3137      -   151 2541s
 33449 29960 15037.1067   48  197          - 14390.3137      -   152 2556s
 33807 30115 16183.3856  153   31          - 14393.2788      -   151 2572s
 34020 30219 14921.2014   39  390          - 14393.2788      -   151 2584s
 34040 30219 15042.0073   44  308          - 14393.2788      -   151 2585s
 34107 30389 15146.1401   51  220          - 14393.2788      -   152 2597s
 34289 30475 15526.5587   92   63          - 14393.6587      -   152 2610s
 34390 30606 14590.2592   27  609          - 14393.6587      -   152 2622s
 34533 30667 14969.9877   35  362          - 14393.6587      -   152 2633s
 34594 31132 15495.2817   59   69          - 14400.7699      -   153 2651s
 35017 31137 18326.5867  320   12          - 14400.7699      -   152 2655s
 35101 31544 14614.7128   33  446          - 14400.7699      -   152 2672s
 35353 31544 16882.4414  183   32          - 14400.7699      -   152 2675s
 35599 31611 14835.9641   41  345          - 14400.7699      -   151 2687s
 35629 31956 15125.3276   52  279          - 14400.7699      -   151 2705s
 36035 32166 15389.3224   67  125          - 14401.9590      -   151 2726s
 36323 32263 14722.0193   24  364          - 14401.9590      -   150 2739s
 36379 32439 14832.3255   27  319          - 14401.9590      -   151 2753s
 36504 32439 15974.1232  129   15          - 14401.9590      -   151 2755s
 36600 32498 15064.9598   39  239          - 14401.9590      -   151 2766s
 36658 32783 15306.7838   72  196          - 14401.9590      -   151 2779s
 36684 32783 15390.9256   90  137          - 14401.9590      -   151 2780s
 36943 33215 16511.2735  204   37          - 14406.1232      -   151 2796s
 37461 33353 14900.6436   35  365          - 14406.1232      -   150 2811s
 37601 33398 15098.1779   39  396          - 14406.1232      -   150 2822s
 37646 33451 15424.0046   53  233          - 14406.1232      -   151 2833s
 37699 33587 15760.6528   69  127          - 14406.1232      -   151 2845s
 37835 34002 16123.5002  134   83          - 14412.8966      -   151 2861s
 38206 34028 18560.8500  302    -          - 14412.8966      -   150 2865s
 38357 34051 14527.7583   25  574          - 14412.9192      -   150 2877s
 38371 34094 14589.4109   27  525          - 14412.9192      -   151 2887s
 38414 34160 15134.9131   36  363          - 14412.9192      -   151 2899s
 38482 34607 15084.7469   48  239          - 14413.0133      -   151 2916s
 39006 34942 16139.8200  141   24          - 14413.4410      -   151 2937s
 39246 34959 18107.5400  299    -          - 14413.4410      -   150 2940s
 39430 35033 14691.1647   28  407          - 14413.7573      -   150 2952s
 39479 35174 14980.8381   44  150          - 14413.7573      -   150 2964s
 39557 35174 15415.8707   85   59          - 14413.7573      -   150 2965s
 39620 35758 15402.4251   85   53          - 14414.3969      -   151 2983s
 39858 35759 16893.4824  224    4          - 14414.3969      -   150 2985s
 40289 35831 14652.0168   24  335          - 14415.7432      -   149 3000s
 40342 35992 14921.9604   41  191          - 14415.7432      -   150 3014s
 40503 36145 15073.9109   56  240          - 14415.7432      -   150 3027s
 40676 36471 15410.2249  105   37          - 14416.9485      -   150 3044s
 40780 36471 16272.5416  171   43          - 14416.9485      -   150 3045s
 41029 36547 14638.8881   27  525          - 14416.9485      -   149 3058s
 41097 36793 15005.6787   37  267          - 14416.9485      -   149 3070s
 41349 37060 15554.6551  110   39          - 14417.0820      -   149 3087s
 41700 37109 14659.3066   23  423          - 14417.0825      -   149 3102s
 41728 37196 14826.3295   27  379          - 14417.0825      -   150 3114s
 41778 37196 15326.6868   65  134          - 14417.0825      -   150 3115s
 41815 37678 15086.8692   40  239          - 14417.0825      -   150 3130s
 42222 37684 18580.7143  274   35          - 14417.0825      -   149 3135s
 42349 37997 15358.0469   59  165          - 14417.0825      -   149 3149s
 42427 37997 15693.2398  105   79          - 14417.0825      -   149 3150s
 42653 38236 16231.9773  169   53          - 14417.8182      -   149 3165s
 42930 38296 14776.8053   32  479          - 14418.8633      -   148 3178s
 42990 38363 15126.5912   41  325          - 14418.8633      -   149 3189s
 43016 38363 15312.6059   59  240          - 14418.8633      -   149 3190s
 43079 38759 15416.3479   62  162          - 14418.8633      -   149 3205s
 43480 38970 17272.4953  336   33          - 14421.7827      -   148 3223s
 43664 38998 18530.1700  392    2          - 14421.7827      -   148 3225s
 43786 39118 14857.8619   34  166          - 14421.7827      -   148 3237s
 43908 39552 15110.2457   59  161          - 14422.6371      -   148 3252s
 44150 39552 17430.2600  205    -          - 14422.6371      -   148 3255s
 44462 39619 14576.4137   28  455          - 14422.8106      -   147 3267s
 44496 39699 14642.1407   34  438          - 14422.8106      -   148 3279s
 44576 40121 15032.3293   45  295          - 14422.8106      -   148 3296s
 45021 40342 15353.7955   55  148          - 14422.8106      -   147 3316s
 45304 40498 15525.1254   71  149          - 14422.8106      -   147 3330s
 45452 40735 16499.9352  119  102          - 14423.4193      -   147 3345s
 45709 40925 14628.1187   25  483          - 14423.4193      -   147 3360s
 45952 41002 15120.2815   30  264          - 14423.4193      -   147 3374s
 45980 41002 15383.9472   45  121          - 14423.4193      -   147 3375s
 46029 41226 15480.3689   64  165          - 14423.4193      -   147 3584s
 46134 41226 15640.3263  143   52          - 14423.4193      -   147 3585s
 46257 41485 15870.1390  193   21          - 14426.8767      -   147 3598s

Cutting planes:
  User: 4158
  Gomory: 35
  Cover: 654
  Implied bound: 106
  Projected implied bound: 7
  Clique: 12
  MIR: 374
  Flow cover: 828
  Zero half: 26
  RLT: 546
  Relax-and-lift: 29
  Lazy constraints: 1966

Explored 46558 nodes (6841036 simplex iterations) in 3600.83 seconds
Thread count was 2 (of 32 available processors)

Solution count 0

Time limit reached
Best objective -, best bound 1.442687674973e+04, gap -

User-callback calls 538801, time in user-callback 315.25 sec
================================================================================
executing instance: ./input/Instances/Original/2/absH3high_4n10.dat
--------------------------------------------------------------------------------
Instance details
n	11
H	3
C	822
Li:
[0, 0, 0, 0, 0, 0, 0, 0, 0, 0, 0, ]
Ui:
[0, 102, 52, 88, 182, 153, 138, 38, 165, 297, 86, ]
Distance matrix:
|0	285	411	382	327	239	148	256	307	36	383	|
|285	0	352	98	249	103	227	235	120	268	209	|
|411	352	0	395	106	430	263	549	234	429	174	|
|382	98	395	0	302	173	320	288	168	364	227	|
|327	249	106	302	0	324	179	444	135	339	109	|
|239	103	430	173	324	0	241	132	212	212	305	|
|148	227	263	320	179	241	0	325	192	165	249	|
|256	235	549	288	444	132	325	0	342	220	436	|
|307	120	234	168	135	212	192	342	0	304	94	|
|36	268	429	364	339	212	165	220	304	0	386	|
|383	209	174	227	109	305	249	436	94	386	0	|

--------------------------------------------------------------------------------
Building model...
	using lazy and cut (CVRPSEP package)
Solving IRP LP...
--------------------------------------------------------------------------------

Gurobi 9.1.0 (linux64) logging started Sat Jan  9 17:01:52 2021

Gurobi Optimizer version 9.1.0 build v9.1.0rc0 (linux64)
Thread count: 32 physical cores, 32 logical processors, using up to 2 threads
Optimize a model with 449 rows, 1184 columns and 3440 nonzeros
Model fingerprint: 0x1917f0e8
Variable types: 194 continuous, 990 integer (165 binary)
Coefficient statistics:
  Matrix range     [1e+00, 3e+02]
  Objective range  [2e-01, 5e+02]
  Bounds range     [1e+00, 3e+02]
  RHS range        [2e+01, 1e+03]
Presolve removed 44 rows and 11 columns
Presolve time: 0.01s
Presolved: 405 rows, 1173 columns, 3105 nonzeros
Variable types: 183 continuous, 990 integer (840 binary)
Found heuristic solution: objective 11602.850000
Found heuristic solution: objective 11332.500000

Root relaxation: objective 4.545917e+03, 713 iterations, 0.02 seconds

    Nodes    |    Current Node    |     Objective Bounds      |     Work
 Expl Unexpl |  Obj  Depth IntInf | Incumbent    BestBd   Gap | It/Node Time

     0     0 4545.91693    0   59 11332.5000 4545.91693  59.9%     -    0s
     0     0 4751.68814    0   76 11332.5000 4751.68814  58.1%     -    0s
H    0     0                    11109.140000 4751.68814  57.2%     -    0s
     0     0 4805.48507    0  107 11109.1400 4805.48507  56.7%     -    0s
