




arguments: ./build/mirp_solver -f ./input/orig_exec_116.cfg
Current dir: /scratch/gui/bnc_mirp
File verbosity level: 9
date       time         ( uptime  ) [ thread name/id ]                   file:line     v| 
2021-01-09 22:28:31.424 (   0.352s) [main thread     ]             loguru.cpp:789   INFO| Logging to './output/vi_lex_half/OU/V5/Original/execution_09_01_2021_22_28_31.log', mode: 'a', verbosity: 9
--------------------------------------------------------------------------------
Parameters
                           instance_path           ./input/Instances/Original/3/
                            model_policy                                       1
                             nb_vehicles                                       5
                              output_dir    ./output/vi_lex_half/OU/V5/Original/
                            sec_strategy                                       1
                       solver_nb_threads                                       2
                         solver_show_log                                    true
                       solver_time_limit                                    3600
                              use_vi_cos                                   false
                              use_vi_cus                                   false
                         use_vi_hc1_full                                   false
                         use_vi_hc1_half                                   false
                      use_vi_hc1_quarter                                   false
                              use_vi_hc2                                   false
                              use_vi_hc3                                   false
                         use_vi_lex_full                                   false
                         use_vi_lex_half                                    true
                      use_vi_lex_quarter                                   false
                              use_vi_qua                                   false
                               use_vi_vc                                   false
                               use_vi_vr                                   false
--------------------------------------------------------------------------------
executing instance: ./input/Instances/Original/3/absH3low_2n5.dat
--------------------------------------------------------------------------------
Instance details
n	6
H	3
C	237
Li:
[0, 0, 0, 0, 0, 0, ]
Ui:
[0, 93, 180, 51, 114, 24, ]
Distance matrix:
|0	170	318	35	112	235	|
|170	0	311	205	258	301	|
|318	311	0	326	278	137	|
|35	205	326	0	89	230	|
|112	258	278	89	0	160	|
|235	301	137	230	160	0	|

--------------------------------------------------------------------------------
Building model...
	using lazy and cut (CVRPSEP package)
Solving IRP LP...
--------------------------------------------------------------------------------

Gurobi 9.1.0 (linux64) logging started Sat Jan  9 22:28:31 2021

Gurobi Optimizer version 9.1.0 build v9.1.0rc0 (linux64)
Thread count: 32 physical cores, 32 logical processors, using up to 2 threads
Optimize a model with 249 rows, 414 columns and 1377 nonzeros
Model fingerprint: 0x0f6ce28e
Variable types: 99 continuous, 315 integer (90 binary)
Coefficient statistics:
  Matrix range     [1e+00, 2e+02]
  Objective range  [1e-02, 3e+02]
  Bounds range     [1e+00, 2e+02]
  RHS range        [1e+01, 5e+02]
Presolve removed 24 rows and 26 columns
Presolve time: 0.01s

Explored 0 nodes (0 simplex iterations) in 0.01 seconds
Thread count was 1 (of 32 available processors)

Solution count 0

Model is infeasible
Best objective -, best bound -, gap -

User-callback calls 34, time in user-callback 0.00 sec

Computing Irreducible Inconsistent Subsystem (IIS)...

           Constraints          |            Bounds           |  Runtime
      Min       Max     Guess   |   Min       Max     Guess   |
--------------------------------------------------------------------------
        0       249         -         0       569         -           0s
       50       134        50         0       407         -           5s
       64       103        64         0       343         -          10s
       66        90        66         0       287         -          15s
       68        74        70         0       233         -          20s
       70        70         -         0       209       209          25s
       70        70         -        43       202       202          30s
       70        70         -       102       182       182          35s
       70        70         -       102       166       166          40s
       70        70         -       102       154       154          45s
       70        70         -       102       139       139          50s
       70        70         -       102       124       124          55s
       70        70         -       102       108       108          60s
       70        70         -       102       102         -          63s

IIS computed: 70 constraints, 102 bounds
IIS runtime: 62.89 seconds
================================================================================
executing instance: ./input/Instances/Original/3/absH3high_5n30.dat
--------------------------------------------------------------------------------
Instance details
n	31
H	3
C	2296
Li:
[0, 0, 0, 0, 0, 0, 0, 0, 0, 0, 0, 0, 0, 0, 0, 0, 0, 0, 0, 0, 0, 0, 0, 0, 0, 0, 0, 0, 0, 0, 0, ]
Ui:
[0, 80, 90, 297, 28, 264, 123, 192, 112, 32, 72, 88, 294, 129, 126, 105, 110, 237, 246, 92, 72, 147, 54, 96, 128, 96, 84, 28, 74, 196, 192, ]
Distance matrix:
|0	87	302	65	389	171	219	120	412	339	129	63	169	401	383	158	393	161	246	275	64	287	345	235	13	274	106	201	85	358	135	|
|87	0	334	128	402	212	301	204	465	384	187	145	232	424	454	238	475	245	289	352	80	307	352	321	81	352	20	261	170	376	215	|
|302	334	0	239	113	132	237	334	157	70	404	263	162	105	227	229	339	251	65	217	259	53	107	352	293	220	339	134	270	75	235	|
|65	128	239	0	330	107	175	130	348	275	174	40	107	339	326	114	351	125	181	224	58	228	290	222	58	224	143	138	65	297	92	|
|389	402	113	330	0	226	349	438	210	151	502	360	269	48	316	339	441	362	175	328	335	102	55	465	377	330	401	245	371	37	342	|
|171	212	132	107	226	0	169	214	253	173	276	134	64	233	261	130	326	153	77	188	133	125	192	264	162	190	220	68	145	193	125	|
|219	301	237	175	349	169	0	157	257	223	244	157	105	334	180	62	175	61	177	63	233	264	334	118	221	61	317	112	136	312	85	|
|120	204	334	130	438	214	157	0	402	348	88	90	173	438	336	115	307	100	269	220	172	338	406	122	130	218	224	204	69	403	101	|
|412	465	157	348	210	253	257	402	0	88	486	359	245	166	129	287	266	303	178	204	386	208	239	370	406	207	473	212	354	187	304	|
|339	384	70	275	151	173	223	348	88	0	427	291	179	120	166	234	290	254	96	187	306	123	166	342	332	190	391	145	291	119	247	|
|129	187	404	174	502	276	244	88	486	427	0	142	248	508	424	200	390	187	342	308	193	400	464	192	142	306	207	281	136	469	182	|
|63	145	263	40	360	134	157	90	359	291	142	0	114	366	321	95	331	99	202	212	90	258	323	186	65	211	163	148	27	327	72	|
|169	232	162	107	269	64	105	173	245	179	248	114	0	266	222	71	268	94	97	131	155	173	244	203	164	132	245	34	113	233	73	|
|401	424	105	339	48	233	334	438	166	120	508	366	266	0	280	332	409	355	169	305	353	117	96	452	391	308	425	237	374	49	339	|
|383	454	227	326	316	261	180	336	129	166	424	321	222	280	0	231	137	238	208	116	376	277	331	272	381	118	467	197	307	285	253	|
|158	238	229	114	339	130	62	115	287	234	200	95	71	332	231	0	238	23	164	118	171	243	314	134	159	117	255	95	77	302	23	|
|393	475	339	351	441	326	175	307	266	290	390	331	268	409	137	238	0	232	300	138	408	383	445	204	395	136	492	258	308	406	260	|
|161	245	251	125	362	153	61	100	303	254	187	99	94	355	238	23	232	0	187	123	183	267	338	111	164	121	262	117	77	325	34	|
|246	289	65	181	175	77	177	269	178	96	342	202	97	169	208	164	300	187	0	168	210	87	157	290	238	171	296	70	206	138	170	|
|275	352	217	224	328	188	63	220	204	187	308	212	131	305	116	118	138	123	168	0	279	255	322	166	275	3	367	120	195	291	141	|
|64	80	259	58	335	133	233	172	386	306	193	90	155	353	376	171	408	183	210	279	0	236	289	276	51	279	90	182	117	307	150	|
|287	307	53	228	102	125	264	338	208	123	400	258	173	117	277	243	383	267	87	255	236	0	71	374	276	257	308	153	270	71	245	|
|345	352	107	290	55	192	334	406	239	166	464	323	244	96	331	314	445	338	157	322	289	71	0	445	334	325	350	224	337	54	315	|
|235	321	352	222	465	264	118	122	370	342	192	186	203	452	272	134	204	111	290	166	276	374	445	0	243	164	341	221	159	428	142	|
|13	81	293	58	377	162	221	130	406	332	142	65	164	391	381	159	395	164	238	275	51	276	334	243	0	274	100	196	89	347	136	|
|274	352	220	224	330	190	61	218	207	190	306	211	132	308	118	117	136	121	171	3	279	257	325	164	274	0	367	122	194	294	140	|
|106	20	339	143	401	220	317	224	473	391	207	163	245	425	467	255	492	262	296	367	90	308	350	341	100	367	0	272	188	377	232	|
|201	261	134	138	245	68	112	204	212	145	281	148	34	237	197	95	258	117	70	120	182	153	224	221	196	122	272	0	146	208	103	|
|85	170	270	65	371	145	136	69	354	291	136	27	113	374	307	77	308	77	206	195	117	270	337	159	89	194	188	146	0	337	54	|
|358	376	75	297	37	193	312	403	187	119	469	327	233	49	285	302	406	325	138	291	307	71	54	428	347	294	377	208	337	0	306	|
|135	215	235	92	342	125	85	101	304	247	182	72	73	339	253	23	260	34	170	141	150	245	315	142	136	140	232	103	54	306	0	|

--------------------------------------------------------------------------------
Building model...
	using lazy and cut (CVRPSEP package)
Solving IRP LP...
--------------------------------------------------------------------------------

Gurobi 9.1.0 (linux64) logging started Sat Jan  9 22:29:34 2021

Gurobi Optimizer version 9.1.0 build v9.1.0rc0 (linux64)
Thread count: 32 physical cores, 32 logical processors, using up to 2 threads
Optimize a model with 1249 rows, 8014 columns and 19240 nonzeros
Model fingerprint: 0xbe4727c1
Variable types: 574 continuous, 7440 integer (465 binary)
Coefficient statistics:
  Matrix range     [1e+00, 3e+04]
  Objective range  [1e-01, 5e+02]
  Bounds range     [1e+00, 3e+02]
  RHS range        [1e+01, 4e+03]
Presolve removed 124 rows and 31 columns
Presolve time: 0.05s
Presolved: 1125 rows, 7983 columns, 18245 nonzeros
Variable types: 543 continuous, 7440 integer (6990 binary)

Root relaxation: objective 9.113521e+03, 1916 iterations, 0.06 seconds

    Nodes    |    Current Node    |     Objective Bounds      |     Work
 Expl Unexpl |  Obj  Depth IntInf | Incumbent    BestBd   Gap | It/Node Time

     0     0 9113.52057    0  132          - 9113.52057      -     -    0s
     0     0 9372.64633    0  173          - 9372.64633      -     -    0s
     0     0 9390.80351    0  164          - 9390.80351      -     -    0s
     0     0 9401.28118    0  163          - 9401.28118      -     -    0s
     0     0 9401.28118    0  163          - 9401.28118      -     -    0s
     0     0 9699.30515    0  207          - 9699.30515      -     -    0s
     0     0 9721.41933    0  190          - 9721.41933      -     -    0s
     0     0 9721.41933    0  192          - 9721.41933      -     -    0s
     0     0 9880.47572    0  234          - 9880.47572      -     -    1s
     0     0 9900.96372    0  257          - 9900.96372      -     -    1s
     0     0 9900.97837    0  271          - 9900.97837      -     -    1s
     0     0 10006.2886    0  227          - 10006.2886      -     -    1s
     0     0 10019.7518    0  207          - 10019.7518      -     -    1s
     0     0 10024.9392    0  204          - 10024.9392      -     -    1s
     0     0 10026.1576    0  208          - 10026.1576      -     -    1s
     0     0 10026.2122    0  214          - 10026.2122      -     -    1s
     0     0 10058.9754    0  253          - 10058.9754      -     -    2s
     0     0 10064.4313    0  282          - 10064.4313      -     -    2s
     0     0 10066.6026    0  295          - 10066.6026      -     -    2s
     0     0 10066.7672    0  273          - 10066.7672      -     -    2s
     0     0 10080.2385    0  302          - 10080.2385      -     -    2s
     0     0 10084.5047    0  308          - 10084.5047      -     -    2s
     0     0 10084.7721    0  286          - 10084.7721      -     -    3s
     0     0 10097.0112    0  330          - 10097.0112      -     -    3s
     0     0 10099.6821    0  294          - 10099.6821      -     -    3s
     0     0 10100.5065    0  371          - 10100.5065      -     -    3s
     0     0 10112.5093    0  357          - 10112.5093      -     -    3s
     0     0 10114.7257    0  385          - 10114.7257      -     -    4s
     0     0 10116.8658    0  383          - 10116.8658      -     -    4s
     0     0 10117.1779    0  358          - 10117.1779      -     -    4s
     0     0 10124.4492    0  304          - 10124.4492      -     -    4s
     0     0 10125.0845    0  333          - 10125.0845      -     -    4s
     0     0 10125.1784    0  263          - 10125.1784      -     -    4s
     0     0 10125.8777    0  257          - 10125.8777      -     -    4s
     0     0 10126.1618    0  285          - 10126.1618      -     -    4s
     0     0 10126.1618    0  226          - 10126.1618      -     -    5s
     0     2 10129.0563    0  226          - 10129.0563      -     -    6s
    17    20 10217.6834    6  427          - 10129.2837      -   819   10s
    51    56 10394.3099   16  350          - 10129.2837      -   680   15s
   128   134 10532.8861   36  272          - 10129.2837      -   464   20s
   230   237 11162.4929   59  176          - 10129.2837      -   338   25s
   496   502 10810.0613   48  168          - 10129.2837      -   193   30s
   771   710 13426.6755  158  226          - 10129.2837      -   148   35s
   798   728 13253.2827  160  513          - 10192.1778      -   143   40s
   819   742 11345.6549   71  328          - 10213.5134      -   139   45s
   844   759 10512.7102   24  436          - 10215.3664      -   135   50s
   879   783 12907.0325  138  431          - 10219.1372      -   146   55s
   901   798 11701.8904  106  465          - 10220.7077      -   142   60s
   938   822 12402.8494  115  479          - 10227.2875      -   137   65s
   944   829 10241.6265   26  440          - 10230.2044      -   147   70s
   958   840 10248.3384   30  413          - 10248.3384      -   152   75s
   988   861 10305.4516   39  404          - 10262.1950      -   164   80s
  1032   893 10408.8545   50  331          - 10262.1950      -   177   85s
  1082   929 10462.3475   62  243          - 10262.1950      -   188   90s
  1138   971 10862.5328   77  208          - 10262.1950      -   198   95s
  1213  1028 11265.9602   99  147          - 10262.1950      -   207  100s
  1286  1073 11469.2318  123  150          - 10262.1950      -   211  105s
  1404  1152 11975.2640  164  156          - 10262.1950      -   215  111s
  1492  1219 12046.1272  193  156          - 10262.1950      -   219  116s
  1576  1262 12139.9142  225  162          - 10262.1950      -   220  120s
  1716  1381 13592.6700  272  105          - 10262.1950      -   220  126s
  1872  1502 14618.1871  330   94          - 10262.1950      -   215  131s
  2062  1549 16310.9647  417   15          - 10262.1950      -   203  135s
  2230  1673 17854.1175  485    9          - 10262.2373      -   194  140s
  2464  1712 10448.6780   31  362          - 10273.0773      -   183  146s
  2546  1771 10557.9321   41  348          - 10273.0773      -   187  151s
  2613  1825 10614.6218   49  279          - 10273.0773      -   190  155s
  2704  1865 10816.5436   66  237          - 10273.0773      -   192  161s
  2775  1924 11121.1257   85  209          - 10273.0773      -   195  165s
  2868  2005 11533.4770  125  188          - 10273.0773      -   198  171s
  2939  2021 11725.2967  163  150          - 10273.0773      -   198  182s
  2979  2173 11871.1146  180  154          - 10273.0773      -   197  186s
  3144  2306 12235.4913  237   91          - 10273.0773      -   190  190s
  3347  2331 12916.9627  293   85          - 10286.3850      -   184  195s
  3469  2419 10460.0888   32  405          - 10286.3850      -   183  201s
  3639  2430 10572.3884   36  228          - 10286.3850      -   180  205s
  3668  2460 10752.0263   40  229          - 10286.3850      -   185  211s
  3700  2509 10777.9390   49  230          - 10286.3850      -   190  217s
  3729  2538 10860.2098   56  192          - 10286.3850      -   192  220s
  3802  2633 11305.9037   90  224          - 10286.3850      -   195  227s
  3853  2704 11352.5152  115  212          - 10286.3850      -   196  231s
  3924  2828 11688.4213  152  144          - 10286.3850      -   197  235s
  4048  3000 12147.6261  240  145          - 10286.3850      -   195  240s
  4252  3027 13376.5070  326   79          - 10289.7248      -   190  246s
  4320  3050 10420.2154   30  388          - 10289.7248      -   192  250s
  4381  3168 10567.6113   39  224          - 10289.7248      -   196  259s
  4461  3446 10731.1845   50  151          - 10289.7248      -   197  265s
  4741  3667 10980.8284   82   64          - 10289.7509      -   190  274s
  4836  3667 13143.4100  134    4          - 10289.7509      -   189  275s
  5058  3692 10494.1865   35  375          - 10290.4487      -   184  281s
  5077  3719 10610.3973   39  204          - 10290.4487      -   186  285s
  5104  3788 10713.1098   45  229          - 10290.4487      -   189  290s
  5173  4089 10920.5941   60  144          - 10290.4487      -   190  297s
  5476  4645 11152.9785  128   77          - 10290.7615      -   185  308s
  5696  4645 12042.9510  146   42          - 10291.8091      -   181  310s
  6134  4672 10486.6076   34  383          - 10291.8091      -   170  317s
  6161  4719 10596.9219   41  281          - 10291.8091      -   172  322s
  6208  4929 10699.8549   53  229          - 10291.8091      -   174  329s
  6237  4929 10864.2608   71  110          - 10291.8091      -   175  330s
  6428  5170 10876.6707   77  142          - 10291.8091      -   173  337s
  6660  5170 10551.1200   36  423          - 10291.8091      -   170  340s
  6670  5286 11598.8527  255   45          - 10293.2846      -   171  345s
  6832  5408 10624.8731   39  362          - 10293.2846      -   170  351s
  6958  5434 10700.4165   43  172          - 10293.2846      -   171  356s
  6984  5489 10833.0742   49  206          - 10293.2846      -   173  361s
  7039  5660 11021.6050   68  162          - 10296.4736      -   174  368s
  7234  6015 10523.9221   38  387          - 10296.4736      -   174  379s
  7332  6015 11560.5734  136   82          - 10296.4736      -   174  380s
  7600  6227 10685.6453   43  227          - 10296.4736      -   169  389s
  7696  6227 13395.2551  286    9          - 10296.4736      -   169  390s
  7849  6367 11192.4720   66   83          - 10296.4736      -   168  398s
  7987  6663 11579.7793  113   33          - 10303.5175      -   169  408s
  8166  6678 10613.5297   35  174          - 10303.5175      -   168  410s
  8341  6742 10680.3027   36  304          - 10303.5454      -   167  417s
  8405  6900 11130.9785   58  195          - 10306.0212      -   168  425s
  8580  7215 10694.5213   39  349          - 10306.0212      -   169  436s
  8949  7297 11154.9600   51  240          - 10306.0212      -   166  446s
  9012  7569 11331.7679   76  122          - 10322.5881      -   168  456s
  9330  7843 10413.9840   29  324          - 10322.5881      -   167  469s
  9348  7843 10903.9222   57  116          - 10322.5881      -   168  470s
  9642  8035 10874.6365   41  188          - 10322.5881      -   165  480s
  9821  8090 11630.9128  146   76          - 10351.5560      -   166  489s
  9890  8239 10627.5189   40  187          - 10351.5560      -   168  497s
 10051  8402 10850.8690   56  121          - 10352.8103      -   169  506s
 10242  8478 10893.2168   42  255          - 10352.8103      -   169  514s
 10314  8730 11167.5111   58  253          - 10352.8103      -   171  523s
 10570  9159 11883.7831  125  106          - 10352.9318      -   171  536s
 10924  9159 13352.5557  197   46          - 10371.0752      -   168  540s
 11088  9210 10617.3259   31  439          - 10371.0752      -   167  547s
 11139  9440 10794.9065   44  244          - 10371.0752      -   169  558s
 11321  9440 12135.8314  115   43          - 10371.0752      -   169  560s
 11411  9477 11104.4699   59  237          - 10371.4825      -   168  567s
 11451  9543 10559.9514   43  353          - 10371.4825      -   170  574s
 11517  9796 10755.8086   50  234          - 10371.4825      -   171  584s
 11731  9801 12508.2900  182    2          - 10371.4825      -   170  586s
 11832  9877 10848.2046   60  192          - 10371.4825      -   170  594s
 11892  9966 11190.7535   69  170          - 10371.4825      -   171  601s
 11981 10454 11925.8428   79  139          - 10371.9114      -   173  614s
 12039 10454 11636.3470  110  100          - 10371.9114      -   173  615s
 12564 10549 10759.0163   45  329          - 10374.7049      -   170  626s
 12627 10922 11117.5173   69  100          - 10374.9095      -   171  638s
 12772 10922 11988.1907  156   14          - 10374.9095      -   170  640s
 13048 11203 10560.1366   33  405          - 10374.9095      -   168  652s
 13342 11393 11018.5209   45  131          - 10377.6674      -   167  662s
 13575 11600 10655.0504   36  311          - 10377.6674      -   167  671s
 13769 11606 11016.3840   65   60          - 10377.6674      -   167  713s
 13775 11966 11047.1312   67   65          - 10378.5323      -   167  722s
 14109 11973 12726.4761  212   41          - 10378.5399      -   165  725s
 14229 12121 11001.3864   48  316          - 10378.5399      -   164  733s
 14358 12851 11587.0869   85  153          - 10379.0597      -   165  744s
 14418 12851 11866.9150  121  109          - 10379.0597      -   165  745s
 14965 12869 12352.4331  171   59          - 10379.7738      -   161  750s
 15193 12954 10817.1602   44  406          - 10379.7738      -   160  758s
 15259 13235 11158.9010   54  355          - 10380.5943      -   161  767s
 15594 13310 10659.8171   43  384          - 10380.9808      -   160  776s
 15653 13636 10938.6393   56  238          - 10380.9808      -   161  786s
 16047 13667 14190.4800  226    -          - 10380.9808      -   159  790s
 16095 13900 11192.9509   68  231          - 10380.9808      -   159  798s
 16241 13900 12055.5068  148   57          - 10380.9808      -   159  800s
 16317 14006 12475.9256  160   64          - 10380.9878      -   159  808s
 16449 14523 10803.5040   41  242          - 10380.9878      -   160  819s
 16478 14523 10978.2828   64  147          - 10380.9878      -   160  820s
 17027 14548 18066.4900  286    2          - 10380.9878      -   157  825s
 17072 14786 11460.6701  101   37          - 10391.7169      -   156  834s
 17190 14786 12156.9300  131    -          - 10391.7169      -   156  835s
 17365 14843 10895.6193   37  332          - 10391.7169      -   156  842s
 17396 14912 10814.3269   40  212          - 10391.7169      -   157  849s
 17465 15128 11150.8200   50  253          - 10395.2075      -   158  859s
 17525 15128 11485.3772   92  107          - 10395.3379      -   158  860s
 17772 15203 10628.1203   36  371          - 10395.3379      -   157  868s
 17819 15445 10908.9542   45  252          - 10395.3379      -   158  877s
 18073 15597 11834.9428   90   10          - 10400.8054      -   158  886s
 18274 15884 11014.0918   54  328          - 10400.8054      -   158  896s
 18610 16079 11277.1604   70  215          - 10400.8054      -   157  906s
 18782 16273 11855.1741  170   46          - 10403.0569      -   157  915s
 19031 16509 11170.9604   56  246          - 10403.0569      -   157  927s
 19284 16840 12083.0397   92   47          - 10418.7266      -   157  939s
 19371 16840 12763.7747  171   50          - 10418.7266      -   156  940s
 19664 16903 10655.4329   36  360          - 10418.7266      -   155  948s
 19708 16998 10761.0572   53  233          - 10418.7266      -   156  956s
 19803 17314 11300.0112   78  107          - 10420.2280      -   157  966s
 20180 17768 10660.6805   35  271          - 10420.2280      -   156  981s
 20581 17789 13025.3633  187    6          - 10420.2280      -   155  985s
 20694 17890 10869.9289   49  169          - 10420.2280      -   155  992s
 20778 18139 11254.0544   79   85          - 10420.7184      -   155 1002s
 21061 18438 10727.0345   39  178          - 10420.7184      -   155 1012s
 21397 18454 13176.3231  214   28          - 10420.7184      -   154 1015s
 21421 18646 11034.0254   59  180          - 10423.6281      -   154 1024s
 21508 18646 11672.9286  118   15          - 10423.6281      -   154 1025s
 21637 18721 10782.6673   52  325          - 10423.6281      -   154 1032s
 21700 19065 11260.0203   74   87          - 10423.9445      -   155 1041s
 22106 19302 10878.2164   35  229          - 10423.9445      -   154 1052s
 22331 19466 11056.1914   53  225          - 10423.9445      -   154 1062s
 22505 19664 12394.4543  110   89          - 10426.5154      -   154 1072s
 22753 19816 10657.6091   37  325          - 10426.5154      -   154 1082s
 22915 19861 10913.3870   48  248          - 10426.5154      -   154 1090s
 22954 19981 11184.7087   61  104          - 10427.5652      -   155 1098s
 23098 20177 10702.8085   38  376          - 10427.5652      -   156 1109s
 23137 20177 11214.1700   67   65          - 10427.5652      -   156 1110s
 23308 20209 10891.7028   43  365          - 10427.5652      -   156 1117s
 23340 20282 11026.0053   49  253          - 10427.5652      -   156 1124s
 23413 20630 11442.2935   72   79          - 10429.8309      -   157 1134s
 23474 20631 11964.2798  109   10          - 10429.8309      -   157 1135s
 23868 20721 10771.0361   35  265          - 10433.2399      -   156 1143s
 23924 20864 11221.7483   54  256          - 10433.2399      -   157 1151s
 24080 20936 12645.9392  125   73          - 10433.3233      -   157 1158s
 24164 21082 10792.6012   55  309          - 10433.3233      -   158 1166s
 24305 21160 11064.7607   59  312          - 10433.3233      -   158 1174s
 24329 21160 11832.2918  123   16          - 10433.3233      -   158 1175s
 24425 21238 11052.3636   71  253          - 10433.3233      -   158 1181s
 24483 21496 11308.1957   89  168          - 10433.5198      -   159 1189s
 24574 21496 12116.4908  143   20          - 10433.5198      -   159 1190s
 24772 21644 10884.6375   47  344          - 10433.5198      -   159 1198s
 24925 21787 11271.7420   64  204          - 10433.5198      -   159 1206s
 25068 22131 11885.9832  111   61          - 10433.9492      -   159 1216s
 25453 22177 10685.8038   56  429          - 10434.1484      -   159 1225s
 25492 22416 10869.8732   66  374          - 10434.1484      -   159 1234s
 25522 22416 11380.7988   68  170          - 10434.1484      -   160 1235s
 25755 22473 11370.8104   81  247          - 10434.1484      -   159 1242s
 25805 22612 11754.0247   95  103          - 10434.1484      -   160 1250s
 25944 22997 12250.2689  114  128          - 10435.9373      -   160 1260s
 26485 23076 10646.1162   38  365          - 10436.7533      -   158 1270s
 26513 23130 10933.6227   44  232          - 10436.7533      -   159 1277s
 26567 23238 11152.7632   51  160          - 10436.7533      -   160 1285s
 26687 23570 11598.2489   67   62          - 10437.4171      -   161 1296s
 27125 23640 14257.2100  183    2          - 10437.4171      -   159 1300s
 27199 23827 10839.1201   55  352          - 10437.4171      -   159 1309s
 27379 24150 11242.8117   65  181          - 10437.4171      -   159 1321s
 27759 24586 11733.7271  107   57          - 10439.7716      -   159 1333s
 27992 24593 13617.7600  219    6          - 10439.7716      -   158 1335s
 28253 24770 10642.7648   33  350          - 10439.7716      -   157 1345s
 28500 24840 10670.8724   40  266          - 10439.7716      -   157 1352s
 28528 25025 10835.1861   47  178          - 10439.7716      -   157 1361s
 28743 25211 11153.5273   53  135          - 10443.7399      -   157 1372s
 29010 25274 10693.5796   50  440          - 10443.7399      -   157 1380s
 29039 25315 10958.5006   60  405          - 10443.7399      -   158 1387s
 29080 25609 11109.3617   71  230          - 10446.7427      -   158 1397s
 29428 25625 12858.8800  146    4          - 10447.2056      -   158 1400s
 29441 25661 10538.1097   33  354          - 10447.2056      -   158 1406s
 29469 25727 10640.4675   41  402          - 10447.2056      -   158 1413s
 29535 25899 11135.4547   58  164          - 10447.2056      -   159 1422s
 29772 26146 11508.6862   74  195          - 10447.5454      -   159 1433s
 29980 26157 13883.6478  174    6          - 10447.5454      -   159 1435s
 30137 26244 11200.7481   56  361          - 10447.5526      -   158 1442s
 30176 26373 11518.5731   67  192          - 10448.2295      -   159 1450s
 30327 26521 10651.2945   35  320          - 10448.2295      -   159 1459s
 30432 26521 11944.5525  107   35          - 10448.2295      -   160 1460s
 30491 26574 10970.4336   43  182          - 10448.2295      -   160 1467s
 30544 26766 11269.5379   63  214          - 10448.2295      -   160 1475s
 30741 27027 12874.0267  116   33          - 10450.8610      -   160 1485s
 31065 27097 10701.0918   38  265          - 10451.8741      -   160 1494s
 31121 27257 11220.7620   52  146          - 10452.4447      -   161 1504s
 31242 27257 12095.6794  120   38          - 10452.4447      -   161 1505s
 31315 27358 10531.2155   34  265          - 10452.4447      -   161 1513s
 31415 27428 10697.5070   37  374          - 10452.4447      -   161 1520s
 31511 27492 10839.0587   46  168          - 10452.4447      -   162 1527s
 31575 27661 11235.7034   69  146          - 10454.4397      -   163 1535s
 31764 27804 10965.1737   38  328          - 10454.4397      -   163 1545s
 31943 27874 11270.0641   46  271          - 10454.4397      -   163 1553s
 31998 28025 11693.5705   67  143          - 10455.2132      -   163 1561s
 32194 28084 11037.6314   39  193          - 10458.3074      -   163 1569s
 32240 28257 11287.7919   59  178          - 10460.1151      -   164 1579s
 32327 28257 11890.7400  119   54          - 10460.1151      -   164 1580s
 32444 28457 infeasible   35               - 10460.1151      -   164 1589s
 32577 28457 12320.4853  130   59          - 10460.1151      -   164 1590s
 32659 28505 10991.3660   45  326          - 10460.1151      -   164 1596s
 32707 28742 11208.1360   50  320          - 10460.1151      -   165 1606s
 32955 28905 11306.9757   62  249          - 10461.0169      -   164 1618s
 33182 28946 10614.1473   34  419          - 10461.0841      -   164 1626s
 33215 29083 10833.2376   44  310          - 10461.0841      -   165 1634s
 33322 29083 11351.6033   69  171          - 10461.0841      -   165 1635s
 33352 29421 11727.5127   95   31          - 10461.7129      -   165 1645s
 33801 29528 11143.7720   52  162          - 10461.9289      -   164 1655s
 33874 29739 11499.1943   79   50          - 10462.4049      -   165 1666s
 34177 29803 10773.8576   38  370          - 10463.0456      -   165 1674s
 34206 29848 11261.9203   44  290          - 10463.0456      -   165 1681s
 34251 30063 11334.9311   57  192          - 10463.0456      -   166 1690s
 34468 30357 11813.4041   93   83          - 10464.3101      -   166 1700s
 34879 30545 11074.7699   45  250          - 10464.3745      -   165 1713s
 35024 30745 11357.8895   58  178          - 10464.3745      -   165 1722s
 35272 30780 13609.4200  138    -          - 10466.7309      -   165 1731s
 35312 30828 11159.2514   68  286          - 10466.7309      -   166 1738s
 35354 31129 11617.8144   80  183          - 10466.9664      -   166 1748s
 35562 31132 12960.8702  184    8          - 10466.9664      -   166 1750s
 35715 31174 10675.4946   33  337          - 10468.2047      -   166 1757s
 35748 31253 10868.4364   42  202          - 10468.2047      -   166 1764s
 35779 31253 11164.0575   57  174          - 10468.2047      -   166 1765s
 35831 31511 11182.2529   61  141          - 10468.5716      -   167 1774s
 35949 31511 11928.4626  139   42          - 10468.5716      -   167 1775s
 36144 31576 10917.0860   37  238          - 10468.5926      -   166 1783s
 36186 31656 11119.3239   46  245          - 10468.5926      -   167 1790s
 36266 31947 11452.8110   60  132          - 10468.5926      -   167 1799s
 36296 31947 11637.7569   78  145          - 10468.5926      -   168 1800s
 36641 32051 11927.2169  101   78          - 10469.9461      -   167 1809s
 36670 32051 12220.1512  121   69          - 10469.9461      -   167 1810s
 36728 32219 10779.2461   34  319          - 10469.9461      -   167 1818s
 36910 32418 11363.9180   63   53          - 10470.0127      -   168 1828s
 37091 32429 15040.9900  137    -          - 10470.0127      -   167 1830s
 37177 32562 10604.7054   44  410          - 10470.0127      -   167 1838s
 37359 32720 10859.3682   53  208          - 10470.0127      -   168 1847s
 37517 32826 12950.6717  132   21          - 10470.5887      -   168 1855s
 37658 32998 11034.9138   46  346          - 10470.5887      -   168 1865s
 37837 33102 11499.7563   72  201          - 10472.6299      -   168 1874s
 37926 33102 12173.5297  113   92          - 10472.6299      -   168 1875s
 37965 33158 11031.9240   44  203          - 10472.6299      -   168 1882s
 38021 33307 11319.5150   61  238          - 10472.6299      -   169 1890s
 38172 33722 11990.1395   95   77          - 10472.6359      -   169 1901s
 38682 33805 10898.2760   51  432          - 10472.8997      -   168 1912s
 38730 33932 11031.8824   58  349          - 10472.8997      -   169 1920s
 38884 34061 11393.7866   81  195          - 10472.8997      -   169 1928s
 39013 34199 12771.1583  124   93          - 10474.9815      -   169 1936s
 39215 34398 10634.9724   40  418          - 10474.9815      -   169 1946s
 39431 34441 10905.7655   41  296          - 10474.9815      -   169 1953s
 39470 34524 11086.8537   48  187          - 10474.9815      -   169 1961s
 39553 34899 11299.7532   56  157          - 10475.3200      -   170 1971s
 39981 34964 10825.0886   34  386          - 10475.5420      -   169 1980s
 40048 35078 11467.8887   71   52          - 10475.5420      -   169 1988s
 40191 35322 11297.8031   59  191          - 10476.3737      -   170 1997s
 40488 35623 11089.3351   45  166          - 10476.3737      -   169 2008s
 40644 35623 12594.5906  133   56          - 10476.3737      -   170 2010s
 40835 35790 11399.7655   60  228          - 10476.3737      -   169 2018s
 41007 35927 12304.4720  119   74          - 10477.7760      -   169 2026s
 41161 35968 10577.6748   37  457          - 10477.7760      -   169 2033s
 41204 36129 10807.9441   41  359          - 10477.7760      -   170 2043s
 41423 36185 10939.8998   45  237          - 10477.7760      -   170 2050s
 41456 36321 11131.8324   54  269          - 10477.7760      -   170 2059s
 41574 36328 12775.6100  110    8          - 10477.7760      -   170 2060s
 41624 36565 12510.7111  106   19          - 10478.8944      -   170 2068s
 41924 36736 10767.0770   46  371          - 10478.8944      -   170 2077s
 42083 36921 11005.0411   60  134          - 10480.6950      -   170 2086s
 42317 37003 12100.7545  113   59          - 10480.7327      -   170 2094s
 42346 37005 13136.9920  144    6          - 10480.7327      -   169 2095s
 42427 37231 11111.5801   41  217          - 10480.7327      -   170 2106s
 42666 37278 11229.2293   53  292          - 10480.7327      -   170 2114s
 42712 37475 11494.8233   64  136          - 10480.7327      -   170 2122s
 42925 37595 11902.0280  100  104          - 10481.8211      -   170 2131s
 43065 37725 11440.0412   55  183          - 10481.8211      -   170 2140s
 43195 37890 12617.8696  107   55          - 10481.8233      -   171 2150s
 43428 37937 10743.8483   41  264          - 10484.2104      -   171 2157s
 43460 37974 11009.8540   50  256          - 10484.2104      -   171 2165s
 43497 38171 11238.7156   61  220          - 10485.0477      -   172 2174s
 43556 38172 12176.9000   90    8          - 10485.0477      -   172 2175s
 43781 38271 10848.0926   31  365          - 10485.0477      -   171 2184s
 43860 38306 11050.5218   38  230          - 10485.0477      -   172 2191s
 43895 38370 11231.5068   54  181          - 10485.0477      -   172 2198s
 43959 38490 11798.0074   76   64          - 10486.6586      -   173 2206s
 44131 38550 10830.0733   39  349          - 10486.6586      -   173 2214s
 44168 38644 11049.4182   50  172          - 10486.6586      -   173 2221s
 44262 38882 11397.6751   64  114          - 10486.8865      -   173 2231s
 44572 38927 10689.1328   36  391          - 10486.9188      -   173 2240s
 44594 38961 10882.3769   44  341          - 10486.9188      -   174 2247s
 44628 39015 11002.9906   54  258          - 10486.9188      -   174 2254s
 44684 39163 11356.1499   75   79          - 10487.1086      -   174 2263s
 44834 39165 infeasible  154               - 10487.1086      -   174 2265s
 44870 39364 10729.3927   31  436          - 10487.1086      -   174 2274s
 45114 39426 11181.0005   40  180          - 10487.1086      -   174 2282s
 45162 39833 11628.7170   58  181          - 10488.7570      -   175 2295s
 45659 39982 10673.3992   33  373          - 10488.7570      -   174 2308s
 45855 40036 10859.3907   42  373          - 10488.7570      -   174 2316s
 45886 40066 11274.4731   52   93          - 10488.7570      -   174 2323s
 45916 40160 11282.9475   57  163          - 10488.7570      -   174 2331s
 46012 40476 12259.2518   98   73          - 10491.6732      -   175 2340s
 46394 40632 11271.8135   44  372          - 10491.6732      -   174 2351s
 46548 40748 11550.7028   61  228          - 10491.6732      -   174 2360s
 46657 41010 12458.5011  105   31          - 10492.7866      -   175 2369s
 46686 41010 12653.4103  109   27          - 10492.7866      -   175 2370s
 46961 41149 10831.6777   37  311          - 10492.7866      -   174 2380s
 47111 41197 10867.9096   43  366          - 10492.7866      -   174 2387s
 47144 41236 11076.5325   51  214          - 10492.7866      -   175 2394s
 47183 41435 11439.7813   62  247          - 10492.7866      -   175 2403s
 47377 41448 12377.9276  131    6          - 10492.7866      -   175 2405s
 47412 41692 12062.6071   84   71          - 10494.0245      -   175 2414s
 47558 41700 13297.0500  163    9          - 10494.0245      -   175 2415s
 47717 41728 10696.1627   37  401          - 10494.2297      -   175 2422s
 47738 41806 10828.2792   39  370          - 10494.2297      -   175 2430s
 47816 42031 11228.5379   57  109          - 10495.0967      -   176 2441s
 48105 42082 10598.8326   37  477          - 10495.3165      -   175 2450s
 48135 42138 10784.8051   45  343          - 10495.3165      -   176 2457s
 48191 42268 11007.7233   51  243          - 10495.3165      -   176 2466s
 48343 42313 11152.1402   60  229          - 10495.3165      -   176 2474s
 48383 42470 11316.0558   71  160          - 10496.9585      -   177 2484s
 48501 42470 13208.9783  142   16          - 10496.9585      -   177 2485s
 48564 42592 10529.6541   34  365          - 10496.9585      -   177 2495s
 48700 42622 10940.3764   48  225          - 10496.9585      -   177 2503s
 48730 42817 11085.2776   57  222          - 10498.4433      -   178 2514s
 48817 42817 11865.4310  100   34          - 10498.4433      -   178 2515s
 49014 42894 10841.8126   38  305          - 10498.4433      -   177 2523s
 49058 43077 11321.6289   57  174          - 10499.4293      -   178 2533s
 49268 43197 10825.7004   37  423          - 10499.4293      -   178 2542s
 49381 43386 10963.2973   44  338          - 10499.4293      -   178 2551s
 49604 43518 11434.0368   66   63          - 10502.3122      -   178 2560s
 49748 43724 12171.6017   96   84          - 10503.6659      -   178 2569s
 49778 43727 13052.4033  135   28          - 10503.6659      -   178 2570s
