




arguments: ./build/mirp_solver -f ./input/orig_exec_233.cfg
Current dir: /scratch/gui/bnc_mirp
File verbosity level: 9
date       time         ( uptime  ) [ thread name/id ]                   file:line     v| 
2021-01-10 14:12:26.047 (   0.242s) [main thread     ]             loguru.cpp:789   INFO| Logging to './output/vi_lex_half/OU/V5/Original/execution_10_01_2021_14_12_26.log', mode: 'a', verbosity: 9
--------------------------------------------------------------------------------
Parameters
                           instance_path           ./input/Instances/Original/6/
                            model_policy                                       1
                             nb_vehicles                                       5
                              output_dir    ./output/vi_lex_half/OU/V5/Original/
                            sec_strategy                                       1
                       solver_nb_threads                                       2
                         solver_show_log                                    true
                       solver_time_limit                                    3600
                              use_vi_cos                                   false
                              use_vi_cus                                   false
                         use_vi_hc1_full                                   false
                         use_vi_hc1_half                                   false
                      use_vi_hc1_quarter                                   false
                              use_vi_hc2                                   false
                              use_vi_hc3                                   false
                         use_vi_lex_full                                   false
                         use_vi_lex_half                                    true
                      use_vi_lex_quarter                                   false
                              use_vi_qua                                   false
                               use_vi_vc                                   false
                               use_vi_vr                                   false
--------------------------------------------------------------------------------
executing instance: ./input/Instances/Original/6/absH6high_1n25.dat
--------------------------------------------------------------------------------
Instance details
n	26
H	6
C	1711
Li:
[0, 0, 0, 0, 0, 0, 0, 0, 0, 0, 0, 0, 0, 0, 0, 0, 0, 0, 0, 0, 0, 0, 0, 0, 0, 0, ]
Ui:
[0, 168, 176, 34, 66, 36, 177, 106, 118, 182, 64, 141, 189, 63, 46, 111, 182, 231, 36, 66, 68, 54, 132, 90, 246, 75, ]
Distance matrix:
|0	191	200	231	334	329	146	196	208	245	218	164	283	394	151	358	156	196	309	253	201	260	127	138	130	104	|
|191	0	226	229	278	146	328	216	390	417	327	293	195	334	106	296	171	122	472	151	12	411	280	53	190	130	|
|200	226	0	38	149	359	321	10	276	274	418	364	139	204	121	173	321	115	303	141	225	236	155	202	311	256	|
|231	229	38	0	110	352	358	37	314	310	448	395	108	167	129	135	342	109	336	120	226	268	194	213	335	277	|
|334	278	149	110	0	367	467	147	422	413	546	495	86	61	203	25	423	163	429	129	271	363	303	282	424	361	|
|329	146	359	352	367	0	453	349	533	562	411	393	282	411	245	378	250	244	617	245	141	556	426	195	284	243	|
|146	328	321	358	467	453	0	321	162	215	160	112	425	524	297	491	223	341	284	397	339	266	186	276	184	210	|
|196	216	10	37	147	349	321	0	281	281	414	360	132	203	112	171	315	105	311	132	216	244	159	193	305	249	|
|208	390	276	314	422	533	162	281	0	54	321	271	410	471	316	445	348	348	123	398	398	115	125	338	313	309	|
|245	417	274	310	413	562	215	281	54	0	375	323	413	457	334	435	393	361	70	406	424	69	139	367	359	349	|
|218	327	418	448	546	411	160	414	321	375	0	57	484	606	347	569	163	393	444	446	339	421	318	288	137	199	|
|164	293	364	395	495	393	112	360	271	323	57	0	437	556	300	519	144	346	393	401	305	367	261	249	109	163	|
|283	195	139	108	86	282	425	132	410	413	484	437	0	139	137	101	349	91	443	44	187	375	286	206	355	291	|
|394	334	204	167	61	411	524	203	471	457	606	556	139	0	264	38	483	222	467	183	326	403	356	341	484	421	|
|151	106	121	129	203	245	297	112	316	334	347	300	137	264	0	225	220	46	381	102	106	316	195	84	221	158	|
|358	296	173	135	25	378	491	171	445	435	569	519	101	38	225	0	444	184	450	145	288	384	328	303	446	383	|
|156	171	321	342	423	250	223	315	348	393	163	144	349	483	220	444	0	261	460	308	183	415	284	143	39	65	|
|196	122	115	109	163	244	341	105	348	361	393	346	91	222	46	184	261	0	402	56	118	336	224	119	264	200	|
|309	472	303	336	429	617	284	311	123	70	444	393	443	467	381	450	460	402	0	442	477	68	192	424	426	413	|
|253	151	141	120	129	245	397	132	398	406	446	401	44	183	102	145	308	56	442	0	143	375	273	164	315	251	|
|201	12	225	226	271	141	339	216	398	424	339	305	187	326	106	288	183	118	477	143	0	416	286	63	202	142	|
|260	411	236	268	363	556	266	244	115	69	421	367	375	403	316	384	415	336	68	375	416	0	135	365	384	363	|
|127	280	155	194	303	426	186	159	125	139	318	261	286	356	195	328	284	224	192	273	286	135	0	232	256	229	|
|138	53	202	213	282	195	276	193	338	367	288	249	206	341	84	303	143	119	424	164	63	365	232	0	153	89	|
|130	190	311	335	424	284	184	305	313	359	137	109	355	484	221	446	39	264	426	315	202	384	256	153	0	64	|
|104	130	256	277	361	243	210	249	309	349	199	163	291	421	158	383	65	200	413	251	142	363	229	89	64	0	|

--------------------------------------------------------------------------------
Building model...
	using lazy and cut (CVRPSEP package)
Solving IRP LP...
--------------------------------------------------------------------------------

Gurobi 9.1.0 (linux64) logging started Sun Jan 10 14:12:26 2021

Gurobi Optimizer version 9.1.0 build v9.1.0rc0 (linux64)
Thread count: 32 physical cores, 32 logical processors, using up to 2 threads
Optimize a model with 2072 rows, 11462 columns and 28328 nonzeros
Model fingerprint: 0x9f06d826
Variable types: 932 continuous, 10530 integer (780 binary)
Coefficient statistics:
  Matrix range     [1e+00, 8e+03]
  Objective range  [1e-01, 6e+02]
  Bounds range     [1e+00, 2e+02]
  RHS range        [1e+01, 3e+03]
Presolve removed 182 rows and 26 columns
Presolve time: 0.06s
Presolved: 1890 rows, 11436 columns, 26745 nonzeros
Variable types: 906 continuous, 10530 integer (9780 binary)

Root relaxation: objective 1.504889e+04, 3636 iterations, 0.15 seconds

    Nodes    |    Current Node    |     Objective Bounds      |     Work
 Expl Unexpl |  Obj  Depth IntInf | Incumbent    BestBd   Gap | It/Node Time

     0     0 15048.8904    0  273          - 15048.8904      -     -    0s
     0     0 15286.9109    0  276          - 15286.9109      -     -    0s
     0     0 15307.5194    0  276          - 15307.5194      -     -    1s
     0     0 15308.3780    0  242          - 15308.3780      -     -    1s
     0     0 15308.4406    0  252          - 15308.4406      -     -    1s
     0     0 15577.4552    0  315          - 15577.4552      -     -    1s
     0     0 15641.4565    0  347          - 15641.4565      -     -    1s
     0     0 15654.7363    0  329          - 15654.7363      -     -    2s
     0     0 15658.7114    0  319          - 15658.7114      -     -    2s
     0     0 15659.1240    0  315          - 15659.1240      -     -    2s
     0     0 15659.1245    0  327          - 15659.1245      -     -    2s
     0     0 16168.4600    0  475          - 16168.4600      -     -    3s
     0     0 16239.3805    0  458          - 16239.3805      -     -    3s
     0     0 16243.1165    0  516          - 16243.1165      -     -    3s
     0     0 16243.7869    0  480          - 16243.7869      -     -    3s
     0     0 16377.8222    0  487          - 16377.8222      -     -    4s
     0     0 16399.3077    0  533          - 16399.3077      -     -    5s
     0     0 16404.5727    0  527          - 16404.5727      -     -    5s
     0     0 16405.4621    0  522          - 16405.4621      -     -    6s
     0     0 16507.9232    0  532          - 16507.9232      -     -    7s
     0     0 16526.4274    0  494          - 16526.4274      -     -    7s
     0     0 16529.3136    0  515          - 16529.3136      -     -    8s
     0     0 16533.1348    0  572          - 16533.1348      -     -    8s
     0     0 16533.6659    0  554          - 16533.6659      -     -    8s
     0     0 16631.3807    0  548          - 16631.3807      -     -    9s
     0     0 16647.2244    0  595          - 16647.2244      -     -   10s
     0     0 16656.5785    0  537          - 16656.5785      -     -   11s
     0     0 16657.3263    0  594          - 16657.3263      -     -   11s
     0     0 16676.7489    0  585          - 16676.7489      -     -   13s
     0     0 16682.6677    0  598          - 16682.6677      -     -   13s
     0     0 16683.9638    0  602          - 16683.9638      -     -   13s
     0     0 16695.8279    0  599          - 16695.8279      -     -   15s
     0     0 16700.6185    0  625          - 16700.6185      -     -   16s
     0     2 16700.7041    0  625          - 16700.7041      -     -   19s
     3     6 16783.4583    2  494          - 16714.6610      -  1537   20s
    11    13 16811.1561    4  573          - 16728.6542      -  1868   25s
    20    21 16911.8177    6  526          - 16728.6542      -  1941   30s
    28    29 16884.1271    8  559          - 16728.6542      -  2000   35s
    39    39 16899.2825   12  459          - 16728.6542      -  1754   40s
    60    56 16960.9169   18  374          - 16728.6542      -  1478   45s
    82    77 17095.2961   27  459          - 16728.6542      -  1347   51s
    98    97 17223.3471   32  397          - 16728.6542      -  1284   55s
   120   128 17395.5393   36  370          - 16728.6542      -  1191   60s
   166   179 17594.8846   56  357          - 16728.6542      -   995   65s
   217   216 17973.8946   76  348          - 16728.6542      -   860   70s
   257   256 18754.6277   94  271          - 16728.6542      -   787   79s
   286   278 19228.8905  109  243          - 16728.6542      -   767   82s
   308   308 19595.8381  120  214          - 16728.6542      -   746   85s
   340   326 19831.1058  141  221          - 16742.8714      -   703   96s
   380   340 17079.0659    7  574          - 16742.8714      -   711  101s
   396   362 17055.9154    9  560          - 16742.8714      -   729  106s
   424   386 17124.1509   17  612          - 16742.8714      -   730  112s
   434   401 17136.5744   17  508          - 16742.8714      -   735  115s
   466   431 17254.3789   19  546          - 16742.8714      -   734  121s
   479   454 17168.7513   21  604          - 16742.8714      -   735  126s
   502   485 17307.7235   24  595          - 16742.8714      -   730  130s
   572   575 17372.3577   26  570          - 16742.8714      -   686  138s
   649   578 17516.3567   33  540          - 16742.8714      -   624  144s
   662   593 17542.9411   34  432          - 16742.8714      -   637  148s
   679   611 17667.6274   40  433          - 16742.8714      -   640  152s
   701   627 18148.2252   48  376          - 16742.8714      -   642  156s
   717   660 18191.8453   53  330          - 16742.8714      -   650  160s
   762   661 17806.1440   70  625          - 16742.8714      -   630  165s
   767   664 17569.3544   38  466          - 16742.8714      -   626  170s
   771   667 18489.4012   65  720          - 17101.4740      -   623  175s
   779   672 17222.5357   20  798          - 17207.8676      -   616  180s
   785   676 17691.1495   49  716          - 17246.9976      -   611  185s
   794   682 17275.9979   19  804          - 17265.8574      -   605  190s
   803   688 17430.6378   38  862          - 17271.7949      -   598  195s
   812   696 17271.7949    8  515          - 17271.7949      -   643  200s
   818   700 19902.6553  147  748          - 17271.7949      -   638  205s
   828   707 18203.3955   52  794          - 17325.9819      -   630  210s
   835   711 18407.1767   62  815          - 17335.6951      -   625  215s
   842   716 18969.7094  106  866          - 17339.0173      -   620  220s
   848   720 19744.2466  104  865          - 17343.3860      -   615  225s
   849   721 17343.6359    8  806          - 17343.6359      -   615  247s
   852   723 18229.1466   57  836          - 17344.4239      -   613  255s
   855   728 17357.2681   27  701          - 17349.1289      -   649  270s
   857   729 17360.7613   28  742          - 17360.5002      -   650  280s
   859   730 17395.0414   28  652          - 17361.0971      -   652  291s
   861   732 17365.1102   29  738          - 17364.4133      -   653  295s
   865   735 17378.1251   30  700          - 17378.1251      -   661  302s
   871   740 17398.6882   32  683          - 17395.3729      -   666  317s
   878   744 17531.6393   33  664          - 17395.3729      -   675  322s
   881   747 17425.5509   34  667          - 17395.3729      -   677  325s
   893   759 17433.6904   37  657          - 17395.3729      -   685  333s
   901   763 17435.5884   39  632          - 17395.3729      -   688  335s
   920   776 17440.1977   44  653          - 17395.3729      -   694  342s
   934   783 17521.6466   47  625          - 17395.3729      -   700  346s
   939   786 17457.6008   49  570          - 17395.3729      -   703  350s
   950   794 17767.0693   51  516          - 17395.3729      -   711  356s
   963   808 17489.6238   54  585          - 17395.3729      -   716  362s
   973   814 17499.8551   56  559          - 17395.3729      -   717  365s
   993   827 17536.2245   61  530          - 17395.3729      -   719  371s
  1014   841 17549.2910   67  505          - 17395.3729      -   719  378s
  1023   848 17577.1935   70  520          - 17395.3729      -   721  381s
  1033   854 17624.7483   72  476          - 17395.3729      -   726  386s
  1043   865 17636.9027   74  500          - 17395.3729      -   728  390s
  1070   879 17735.5419   80  439          - 17395.3729      -   732  398s
  1080   889 17735.0242   83  498          - 17395.3729      -   734  402s
  1093   898 17699.1345   87  566          - 17395.3729      -   734  407s
  1107   910 17712.8182   91  507          - 17395.3729      -   735  412s
  1123   920 17753.5785   95  506          - 17395.3729      -   738  416s
  1139   937 17839.9394   99  515          - 17395.3729      -   738  421s
  1161   948 17909.2208  106  447          - 17395.3729      -   736  426s
  1179   966 17982.4630  110  442          - 17395.3729      -   737  433s
  1203   988 18063.3643  117  425          - 17395.3729      -   736  438s
  1233  1018 18027.6576  127  426          - 17395.3729      -   732  443s
  1273  1036 18101.7937  137  419          - 17395.3729      -   721  449s
  1309  1066 18179.1737  148  422          - 17395.3729      -   715  455s
  1351  1090 18221.1954  158  415          - 17395.3729      -   705  460s
  1389  1122 18423.5046  166  409          - 17395.3729      -   698  466s
  1433  1158 18439.5699  177  365          - 17395.3729      -   690  472s
  1484  1200 18526.6580  191  405          - 17395.3729      -   680  479s
  1543  1244 18686.6155  207  340          - 17395.3729      -   669  485s
  1607  1295 18972.6338  219  309          - 17395.3729      -   656  492s
  1695  1370 19308.7501  243  285          - 17395.3729      -   636  500s
  1799  1440 19531.3941  268  295          - 17395.3729      -   612  507s
  1908  1521 20754.9685  292  256          - 17395.3729      -   589  515s
  2025  1607 21028.9123  322  244          - 17395.3729      -   566  523s
  2154  1617 21265.2838  362  261          - 17395.3729      -   543  531s
  2233  1674 21319.2330  393  267          - 17395.3729      -   533  539s
  2293  1654 21411.0334  423  273          - 17395.3729      -   523  540s
  2319  1751 21530.4939  432  229          - 17395.3729      -   521  548s
  2424  1823 21717.2740  481  231          - 17395.3729      -   508  557s
  2535  1886 22361.0223  530  212          - 17395.3729      -   497  567s
  2646  1938 22359.4388  581  232          - 17395.3729      -   485  576s
  2745  1957 22664.5339  624  234          - 17404.7584      -   477  586s
  2827  1982 17575.8345   33  609          - 17404.7584      -   472  594s
  2882  2012 17779.9794   40  580          - 17404.7584      -   472  602s
  2930  2034 17804.0236   46  623          - 17404.7584      -   472  612s
  2968  2070 17906.1096   50  562          - 17404.7584      -   472  621s
  3019  2107 18064.1206   52  473          - 17404.7584      -   473  631s
  3073  2169 18134.1075   61  417          - 17404.7584      -   473  641s
  3137  2217 18192.5015   76  391          - 17404.7584      -   472  651s
  3187  2292 18397.9630   82  386          - 17404.7584      -   472  661s
  3262  2373 18703.9528   93  319          - 17404.7584      -   471  673s
  3365  2516 18798.1240  104  343          - 17404.7584      -   464  686s
  3512  2646 18895.0262  113  399          - 17404.7584      -   454  700s
  3654  2818 19039.8710  127  345          - 17404.7584      -   446  713s
  3828  3031 infeasible  187               - 17404.7584      -   436  728s
  3999  3031 21069.0626  455  207          - 17404.7584      -   425  730s
  4071  3305 19530.9858  274  325          - 17404.7584      -   420  744s
  4193  3305 19926.1745  369  292          - 17404.7584      -   412  746s
  4371  3510 19845.3480  379  301          - 17404.7584      -   402  761s
  4640  3603 20584.0899  431  303          - 17423.7024      -   389  777s
  4762  3637 17767.4909   33  703          - 17423.7024      -   387  791s
  4796  3654 17906.0930   36  715          - 17423.7024      -   390  805s
  4817  3687 17967.1399   37  654          - 17423.7024      -   394  817s
  4854  3739 18267.2762   40  573          - 17423.7024      -   397  830s
  4906  3793 18485.5711   43  574          - 17423.7024      -   399  846s
  4960  3882 18579.6096   44  569          - 17423.7024      -   401  861s
  5049  4067 18758.4780   62  382          - 17423.7024      -   401  878s
  5234  4359 19011.0582  101  377          - 17423.7024      -   395  899s
  5284  4359 19124.7135  130  362          - 17423.7024      -   394  900s
  5528  4749 19272.2599  145  408          - 17423.7024      -   381  923s
  5616  4749 19444.6017  204  303          - 17423.7024      -   378  925s
  5926  5131 19950.3122  236  233          - 17423.7392      -   362  950s
  6390  5173 17798.6663   34  728          - 17423.7392      -   346  970s
  6466  5191 17937.0536   35  728          - 17423.7392      -   348  985s
  6484  5219 17953.2113   36  713          - 17423.7392      -   351  999s
  6514  5253 18058.1143   41  623          - 17423.7392      -   355 1014s
  6552  5365 18116.9010   43  450          - 17423.7392      -   358 1029s
  6664  5509 18139.0121   45  547          - 17423.7392      -   358 1046s
  6808  5640 18248.0947   62  412          - 17423.7392      -   356 1065s
  6939  5856 18487.0317   82  311          - 17423.7392      -   354 1084s
  7142  5856 20019.4876  347  270          - 17423.7392      -   350 1087s
  7155  6061 18706.1923  132  356          - 17423.7392      -   349 1106s
  7384  6331 19231.4356  192  250          - 17423.7392      -   345 1132s
  7532  6331 19458.8018  276  286          - 17423.7392      -   341 1135s
  7664  6599 20255.8370  345  273          - 17423.7392      -   340 1157s
  7917  6599 18277.0046   43  498          - 17423.7392      -   332 1160s
  7947  6772 21585.9029  521  176          - 17454.2562      -   333 1176s
  8142  6839 18335.2062   37  673          - 17454.2562      -   330 1192s
  8209  6968 18208.6140   38  702          - 17454.2562      -   331 1209s
  8338  7226 18705.4915   46  597          - 17454.2562      -   330 1231s
  8604  7366 18677.5298   55  536          - 17454.2562      -   325 1251s
  8782  7437 18816.3759   73  369          - 17454.2562      -   323 1269s
  8842  7437 19123.9498  115  361          - 17454.2562      -   323 1270s
  8853  7575 19169.8585  116  332          - 17454.2562      -   325 1286s
  8999  7673 19839.6393  196  313          - 17457.9542      -   323 1306s
  9119  7743 17920.4726   41  713          - 17457.9542      -   324 1323s
  9189  7827 18144.7976   46  695          - 17457.9542      -   326 1342s
  9283  7986 18247.8850   52  641          - 17457.9542      -   326 1362s
  9460  8006 18563.0604   64  503          - 17457.9542      -   326 1382s
  9498  8101 19072.4430   73  502          - 17457.9542      -   328 1401s
  9593  8354 19366.7425  108  272          - 17457.9542      -   329 1428s
  9732  8354 21039.9603  202  219          - 17457.9542      -   326 1430s
  9862  8396 infeasible  279               - 17469.2560      -   325 1449s
  9928  8499 18137.9392   52  562          - 17469.2560      -   326 1468s
 10031  8639 18460.8556   60  601          - 17469.2560      -   327 1490s
 10179  8695 18565.3318   71  475          - 17469.2560      -   327 1510s
 10255  8751 19007.3467   87  422          - 17469.4703      -   329 1531s
 10321  8847 17866.4874   37  770          - 17469.4703      -   332 1552s
 10417  9084 18195.9900   50  607          - 17469.4703      -   333 1577s
 10658  9460 18623.5641   66  372          - 17469.4703      -   330 1607s
 11039  9636 19137.2171  153  376          - 17469.4703      -   323 1633s
 11193  9636 19995.5098  270  289          - 17469.4703      -   321 1635s
 11285  9805 20107.0649  275  277          - 17469.4703      -   321 1659s
 11442  9805 22820.6527  330  251          - 17469.4703      -   319 1661s
 11492 10033 22457.0575  345  248          - 17478.3086      -   320 1685s
 11756 10077 17950.4331   31  763          - 17478.3086      -   317 1710s
 11802 10085 18208.2624   44  657          - 17478.3086      -   320 1778s
 11810 10152 18223.6128   46  596          - 17478.3086      -   320 1797s
 11885 10298 infeasible   49               - 17478.3086      -   322 1819s
 12035 10614 19014.7029   66  374          - 17478.3086      -   322 1842s
 12351 11062 19495.6960  124  313          - 17478.3086      -   317 1870s
 12671 11062 20684.3763  405  244          - 17478.3086      -   313 1875s
 12834 11160 21090.3860  325  183          - 17478.9861      -   310 1895s
 12962 11188 17928.5875   48  723          - 17478.9861      -   310 1914s
 12990 11235 18080.1820   57  497          - 17478.9861      -   312 1932s
 13037 11305 18523.7937   61  595          - 17478.9861      -   315 1951s
 13109 11383 18375.4068   65  545          - 17478.9861      -   316 1971s
 13197 11639 18623.1815   71  560          - 17478.9861      -   316 1994s
 13253 11639 22697.8784  166  221          - 17478.9861      -   317 1995s
 13500 11696 19027.7069   85  418          - 17478.9861      -   313 2016s
 13565 11863 20215.0311  117  335          - 17478.9861      -   315 2038s
 13681 11863 20642.6300  191  197          - 17478.9861      -   314 2040s
 13740 12302 21539.6995  214  180          - 17478.9861      -   314 2066s
 13978 12302 23575.5448  356  131          - 17478.9861      -   311 2070s
 14221 12402 infeasible  471               - 17482.3108      -   308 2093s
 14361 12426 18274.8927   37  560          - 17483.4035      -   308 2112s
 14385 12461 18539.4309   42  714          - 17483.4035      -   309 2128s
 14424 12506 18879.6678   55  476          - 17483.4035      -   311 2147s
 14469 12687 19051.6887   76  356          - 17483.4035      -   312 2168s
 14595 12687 19260.8883  174  322          - 17483.4035      -   311 2170s
 14654 13015 19377.9122  186  249          - 17483.4035      -   311 2276s
 14900 13015 20140.4671  407  177          - 17483.4035      -   307 2280s
 14994 13239 20803.5432  472  196          - 17483.4035      -   307 2298s
 15075 13239 21536.1592  517  158          - 17483.4035      -   306 2300s
 15232 13278 22718.9392  647  174          - 17490.1824      -   304 2316s
 15306 13298 17934.4713   32  812          - 17490.1824      -   304 2332s
 15328 13334 18197.1670   36  631          - 17490.1824      -   306 2349s
 15366 13394 18395.9320   48  597          - 17490.1824      -   307 2367s
 15426 13493 18551.4974   54  527          - 17490.1824      -   308 2387s
 15531 13780 19012.3654   65  434          - 17490.1824      -   308 2411s
 15753 13780 20332.2224  226  244          - 17490.1824      -   306 2415s
 15838 14040 19470.3470  143  267          - 17490.1824      -   306 2439s
 15888 14040 19585.6264  180  237          - 17490.1824      -   305 2440s
 16098 14382 19912.7783  356  194          - 17490.1824      -   303 2466s
 16369 14382 20474.6211  583  153          - 17490.1824      -   299 2470s
 16444 14512 20795.7109  610  178          - 17490.7802      -   299 2489s
 16624 14616 18051.2658   53  602          - 17490.7802      -   298 2509s
 16732 14703 18218.9282   59  594          - 17490.7802      -   298 2527s
 16841 14783 18629.3058   67  391          - 17490.7802      -   298 2545s
 16921 14972 18995.3545  109  267          - 17490.7802      -   299 2565s
 17112 15023 19829.1322  214  271          - 17495.0730      -   298 2585s
 17185 15068 18173.6854   38  624          - 17495.0730      -   299 2604s
 17230 15140 18442.8863   47  548          - 17495.0730      -   300 2623s
 17306 15415 18564.5617   64  495          - 17495.0730      -   301 2645s
 17583 15909 18873.0802   98  356          - 17495.0730      -   299 2682s
 17722 15909 19961.4316  316  166          - 17495.0730      -   298 2685s
 18000 15909 21051.2818  498  137          - 17495.0730      -   295 2690s
 18155 16010 19470.6643  163  299          - 17495.0730      -   293 2709s
 18180 16010 19823.4800  171  313          - 17495.0730      -   293 2710s
 18258 16197 20133.9861  208  281          - 17495.0730      -   293 2730s
 18450 16314 21419.0721  316  184          - 17498.1965      -   292 2751s
 18585 16343 18223.1550   34  752          - 17498.1965      -   292 2769s
 18616 16372 infeasible   43               - 17498.1965      -   293 2787s
 18649 16423 18866.3454   46  562          - 17498.1965      -   294 2809s
 18687 16423 18884.4674   94  356          - 17498.1965      -   295 2810s
 18700 16512 18801.0214   50  502          - 17498.1965      -   295 2829s
 18789 16660 18824.8157   61  489          - 17498.1965      -   295 2849s
 18937 16875 19039.0604   82  350          - 17498.1965      -   295 2869s
 18964 16875 19135.2765  106  350          - 17498.1965      -   295 2870s
 19172 17025 19419.5361  170  333          - 17498.1965      -   293 2890s
 19322 17216 19873.3693  261  290          - 17499.2703      -   293 2915s
 19535 17249 18030.3174   30  689          - 17499.2703      -   292 2936s
 19568 17304 18225.5039   36  645          - 17499.2703      -   293 2954s
 19623 17355 18436.9633   43  650          - 17499.2703      -   294 2975s
 19686 17653 18697.7609   51  591          - 17499.2703      -   295 2997s
 19998 17689 18792.7205   55  431          - 17499.2703      -   292 3018s
 20058 17746 18912.2400   63  558          - 17499.2703      -   293 3037s
 20115 17886 19140.6633   86  378          - 17499.2703      -   294 3058s
 20153 17886 19372.8175  111  291          - 17499.2703      -   294 3063s
 20229 17886 19932.9360  179  247          - 17499.2703      -   293 3065s
 20259 18088 20257.6582  191  253          - 17510.3918      -   293 3092s
 20438 18088 20940.8780  295  194          - 17510.3918      -   292 3095s
 20482 18122 18250.6865   51  632          - 17510.3918      -   293 3139s
 20518 18178 18666.8901   59  486          - 17510.3918      -   294 3157s
 20574 18283 18962.7029   62  494          - 17510.3918      -   295 3176s
 20679 18676 19054.7665   84  292          - 17510.3918      -   295 3199s
 20729 18676 19228.6659  126  283          - 17510.3918      -   295 3200s
 21076 19008 19829.1227  230  229          - 17510.3918      -   291 3228s
 21201 19008 19985.8597  334  130          - 17510.3918      -   290 3230s
 21434 19308 20464.4293  419  121          - 17518.3127      -   289 3260s
 21739 19308 infeasible  557               - 17518.3127      -   286 3265s
 21759 19325 18020.8154   57  735          - 17518.3127      -   287 3282s
 21780 19401 18102.8630   60  615          - 17518.3127      -   288 3300s
 21856 19526 18295.8133   63  640          - 17518.3127      -   288 3320s
 22003 19572 18585.0178   70  583          - 17518.3127      -   288 3344s
 22030 19572 18870.6658   83  452          - 17518.3127      -   288 3345s
 22049 20276 18857.2813   87  399          - 17521.9103      -   289 3444s
 22074 20276 18957.1154  101  392          - 17521.9103      -   289 3445s
 22382 20276 21466.3614  268  190          - 17521.9103      -   287 3450s
 22720 20276 19653.1334  259  249          - 17527.6990      -   287 3455s
 22811 20366 18537.2902   55  506          - 17527.6990      -   288 3483s
 22901 21003 18630.5867   68  527          - 17527.6990      -   289 3527s
 23025 21003 19380.1379  130  220          - 17527.6990      -   289 3530s
 23395 21003 21514.6279  399  106          - 17527.6990      -   286 3535s
 23620 21180 19166.2858  108  281          - 17527.6990      -   284 3556s
 23810 21324 20599.7621  219  194          - 17531.0171      -   283 3577s
 23972 21379 18151.1999   48  586          - 17531.0171      -   283 3597s
 24029 21384 18366.9825   55  543          - 17531.0171      -   284 3600s

Cutting planes:
  User: 6732
  Gomory: 52
  Cover: 671
  Implied bound: 41
  Projected implied bound: 50
  Clique: 8
  MIR: 726
  StrongCG: 13
  Flow cover: 1203
  Zero half: 31
  Network: 3
  RLT: 570
  Relax-and-lift: 21

Explored 24034 nodes (6859615 simplex iterations) in 3600.09 seconds
Thread count was 2 (of 32 available processors)

Solution count 0

Time limit reached
Best objective -, best bound 1.753101713528e+04, gap -

User-callback calls 318978, time in user-callback 247.85 sec
================================================================================
executing instance: ./input/Instances/Original/6/absH6high_1n20.dat
--------------------------------------------------------------------------------
Instance details
n	21
H	6
C	1651
Li:
[0, 0, 0, 0, 0, 0, 0, 0, 0, 0, 0, 0, 0, 0, 0, 0, 0, 0, 0, 0, 0, ]
Ui:
[0, 36, 182, 182, 90, 261, 117, 30, 110, 42, 276, 153, 40, 94, 144, 46, 129, 213, 264, 160, 174, ]
Distance matrix:
|0	371	401	343	361	341	370	115	392	400	79	266	292	245	355	431	265	194	95	92	348	|
|371	0	37	141	110	250	117	438	67	131	372	305	115	238	247	255	235	296	392	430	185	|
|401	37	0	175	100	284	146	472	90	156	406	342	152	275	280	282	242	333	415	455	178	|
|343	141	175	0	239	110	38	374	95	60	314	182	67	130	106	127	318	201	397	423	303	|
|361	110	100	239	0	341	222	451	177	240	385	374	190	304	341	361	151	345	354	398	78	|
|341	250	284	110	341	0	143	337	203	151	289	102	152	97	15	95	394	156	415	431	398	|
|370	117	146	38	222	143	0	407	61	30	346	220	81	167	137	139	317	237	417	447	292	|
|115	438	472	374	451	337	407	0	443	434	66	241	339	251	351	431	374	181	201	177	450	|
|392	67	90	95	177	203	61	443	0	66	379	275	104	216	197	193	294	283	427	461	252	|
|400	131	156	60	240	151	30	434	66	0	374	237	112	189	142	127	344	261	448	477	312	|
|79	372	406	314	385	289	346	66	379	374	0	202	275	197	304	383	316	134	175	166	388	|
|266	305	342	182	374	102	220	241	275	237	202	0	191	70	117	196	386	73	352	359	415	|
|292	115	152	67	190	152	81	339	104	112	275	191	0	123	154	193	252	183	336	366	246	|
|245	238	275	130	304	97	167	251	216	189	197	70	123	0	110	187	322	72	319	334	346	|
|355	247	280	106	341	15	137	351	197	142	304	117	154	110	0	80	399	171	427	444	400	|
|431	255	282	127	361	95	139	431	193	127	383	196	193	187	80	0	444	251	499	519	429	|
|265	235	242	318	151	394	317	374	294	344	316	386	252	322	399	444	0	332	226	273	97	|
|194	296	333	201	345	156	237	181	283	261	134	73	183	72	171	251	332	0	279	286	375	|
|95	392	415	397	354	415	417	201	427	448	175	352	336	319	427	499	226	279	0	47	321	|
|92	430	455	423	398	431	447	177	461	477	166	359	366	334	444	519	273	286	47	0	368	|
|348	185	178	303	78	398	292	450	252	312	388	415	246	346	400	429	97	375	321	368	0	|

--------------------------------------------------------------------------------
Building model...
	using lazy and cut (CVRPSEP package)
Solving IRP LP...
--------------------------------------------------------------------------------

Gurobi 9.1.0 (linux64) logging started Sun Jan 10 15:12:27 2021

Gurobi Optimizer version 9.1.0 build v9.1.0rc0 (linux64)
Thread count: 32 physical cores, 32 logical processors, using up to 2 threads
Optimize a model with 1677 rows, 7677 columns and 19659 nonzeros
Model fingerprint: 0xabf892b8
Variable types: 747 continuous, 6930 integer (630 binary)
Coefficient statistics:
  Matrix range     [1e+00, 1e+03]
  Objective range  [1e-01, 5e+02]
  Bounds range     [1e+00, 3e+02]
  RHS range        [1e+01, 3e+03]
Presolve removed 147 rows and 21 columns
Presolve time: 0.04s
Presolved: 1530 rows, 7656 columns, 18391 nonzeros
Variable types: 726 continuous, 6930 integer (6330 binary)

Root relaxation: objective 1.423789e+04, 3122 iterations, 0.14 seconds

    Nodes    |    Current Node    |     Objective Bounds      |     Work
 Expl Unexpl |  Obj  Depth IntInf | Incumbent    BestBd   Gap | It/Node Time

     0     0 14237.8872    0  252          - 14237.8872      -     -    0s
     0     0 14477.0106    0  304          - 14477.0106      -     -    0s
     0     0 14514.8203    0  287          - 14514.8203      -     -    0s
     0     0 14519.5112    0  288          - 14519.5112      -     -    1s
     0     0 14519.5979    0  281          - 14519.5979      -     -    1s
     0     0 14646.8774    0  353          - 14646.8774      -     -    1s
     0     0 14729.3653    0  339          - 14729.3653      -     -    1s
     0     0 14751.9764    0  313          - 14751.9764      -     -    1s
     0     0 14754.3830    0  353          - 14754.3830      -     -    2s
     0     0 14758.1212    0  375          - 14758.1212      -     -    2s
     0     0 14758.2799    0  384          - 14758.2799      -     -    2s
     0     0 14906.2550    0  435          - 14906.2550      -     -    2s
     0     0 14987.7188    0  471          - 14987.7188      -     -    3s
     0     0 15001.5238    0  425          - 15001.5238      -     -    3s
     0     0 15004.5948    0  426          - 15004.5948      -     -    3s
     0     0 15004.6256    0  436          - 15004.6256      -     -    3s
     0     0 15137.9462    0  460          - 15137.9462      -     -    4s
     0     0 15168.6262    0  504          - 15168.6262      -     -    4s
     0     0 15178.4086    0  520          - 15178.4086      -     -    4s
     0     0 15179.0158    0  563          - 15179.0158      -     -    4s
     0     0 15230.5890    0  576          - 15230.5890      -     -    5s
     0     0 15232.6640    0  539          - 15232.6640      -     -    5s
     0     0 15233.8582    0  519          - 15233.8582      -     -    6s
     0     0 15266.4921    0  552          - 15266.4921      -     -    6s
     0     0 15269.7732    0  614          - 15269.7732      -     -    7s
     0     0 15276.7481    0  662          - 15276.7481      -     -    7s
     0     0 15280.6542    0  634          - 15280.6542      -     -    7s
     0     0 15281.4089    0  610          - 15281.4089      -     -    8s
     0     0 15314.3020    0  584          - 15314.3020      -     -    8s
     0     0 15316.8569    0  539          - 15316.8569      -     -    8s
     0     0 15317.3696    0  610          - 15317.3696      -     -    9s
     0     0 15320.3673    0  622          - 15320.3673      -     -    9s
     0     0 15321.3940    0  612          - 15321.3940      -     -    9s
     0     2 15321.6726    0  602          - 15321.6726      -     -   11s
    11    14 15406.4247    4  486          - 15345.1571      -  1393   15s
    28    27 15584.0919   11  396          - 15345.1571      -  1367   20s
    41    41 15706.1526   15  457          - 15345.1571      -  1353   25s
    71    72 16081.4434   26  348          - 15345.1571      -  1060   30s
   106   110 16269.6061   41  414          - 15345.1571      -   909   35s
   147   150 16833.5185   59  329          - 15345.1571      -   810   41s
   192   195 17710.3269   83  287          - 15345.1571      -   699   45s
   260   263 18965.4227  118  227          - 15345.1571      -   575   50s
   319   310 15526.6539    8  602          - 15345.1571      -   533   55s
   382   395 15614.3488   16  615          - 15345.1571      -   493   60s
   468   490 15744.5039   20  535          - 15345.1571      -   433   65s
   542   513 15842.7899   26  497          - 15345.1571      -   408   71s
   558   531 15969.1731   32  505          - 15345.1571      -   423   75s
   578   560 16125.7947   39  442          - 15345.1571      -   439   80s
   624   590 15806.4594   14  485          - 15345.1571      -   439   85s
   665   651 17699.2478   85  328          - 15345.1571      -   441   91s
   737   690 15692.5702   14  612          - 15345.1571      -   423   96s
   743   694 18489.0949  112  457          - 15345.1571      -   419  100s
   755   702 16762.0348   57  685          - 15554.2317      -   413  105s
   767   710 15891.4521   16  701          - 15589.6518      -   406  110s
   778   717 15998.4151   29  743          - 15606.1717      -   400  115s
   787   723 16054.2569   31  801          - 15609.1810      -   396  120s
   797   731 16140.4620   32  434          - 15609.3823      -   428  125s
   809   739 15766.5839    6  697          - 15618.7770      -   421  130s
   825   750 18544.0842  117  708          - 15641.0036      -   413  135s
   835   757 15647.5610    6  754          - 15647.5610      -   408  140s
   838   759 17538.4092   83  757          - 15647.7182      -   407  145s
   841   764 15649.4229   23  662          - 15649.4229      -   433  154s
   843   765 15651.9406   24  645          - 15651.9406      -   433  160s
   847   768 15661.0420   25  645          - 15657.5727      -   434  165s
   855   775 15675.8170   27  566          - 15675.8170      -   438  170s
   870   784 15806.6093   30  491          - 15675.9277      -   443  175s
   888   800 15821.6613   34  503          - 15675.9277      -   448  180s
   924   821 15877.1336   44  503          - 15675.9277      -   451  186s
   935   830 15965.8698   47  465          - 15675.9277      -   458  190s
   957   846 16107.9557   53  480          - 15675.9277      -   465  195s
   981   863 16211.3699   59  477          - 15675.9277      -   470  200s
  1011   880 16460.3669   67  499          - 15675.9277      -   473  205s
  1034   892 16641.6411   72  449          - 15675.9277      -   481  211s
  1059   911 16662.6556   79  395          - 15675.9277      -   483  215s
  1085   930 16905.1105   85  434          - 15675.9277      -   486  220s
  1135   967 16984.6484   99  376          - 15675.9277      -   485  227s
  1154   979 17376.2475  103  350          - 15675.9277      -   485  230s
  1200  1014 17224.6852  114  372          - 15675.9277      -   483  235s
  1260  1053 17606.8910  126  343          - 15675.9277      -   479  241s
  1312  1078 17181.3165  139  293          - 15675.9277      -   474  245s
  1371  1134 18435.9072  152  280          - 15675.9277      -   468  251s
  1453  1171 infeasible  171               - 15679.0882      -   460  258s
  1499  1190 15722.9993   30  636          - 15679.0882      -   455  262s
  1534  1210 15881.5359   31  628          - 15679.0882      -   453  265s
  1615  1279 16018.7234   37  524          - 15679.0882      -   446  273s
  1673  1342 16057.0998   41  515          - 15679.0882      -   438  278s
  1756  1405 16095.1145   45  498          - 15679.0882      -   427  283s
  1856  1483 16188.4561   49  424          - 15679.0882      -   411  289s
  1968  1555 16293.5573   54  420          - 15679.0882      -   395  294s
  2093  1523 16428.5371   60  400          - 15679.0882      -   377  300s
  2144  1545 16827.2852   75  430          - 15679.0882      -   378  307s
