




arguments: ./build/mirp_solver -f ./input/orig_exec_155.cfg
Current dir: /scratch/gui/bnc_mirp
File verbosity level: 9
date       time         ( uptime  ) [ thread name/id ]                   file:line     v| 
2021-01-10 02:18:36.674 (   0.081s) [main thread     ]             loguru.cpp:789   INFO| Logging to './output/vi_lex_half/OU/V5/Original/execution_10_01_2021_02_18_36.log', mode: 'a', verbosity: 9
--------------------------------------------------------------------------------
Parameters
                           instance_path           ./input/Instances/Original/4/
                            model_policy                                       1
                             nb_vehicles                                       5
                              output_dir    ./output/vi_lex_half/OU/V5/Original/
                            sec_strategy                                       1
                       solver_nb_threads                                       2
                         solver_show_log                                    true
                       solver_time_limit                                    3600
                              use_vi_cos                                   false
                              use_vi_cus                                   false
                         use_vi_hc1_full                                   false
                         use_vi_hc1_half                                   false
                      use_vi_hc1_quarter                                   false
                              use_vi_hc2                                   false
                              use_vi_hc3                                   false
                         use_vi_lex_full                                   false
                         use_vi_lex_half                                    true
                      use_vi_lex_quarter                                   false
                              use_vi_qua                                   false
                               use_vi_vc                                   false
                               use_vi_vr                                   false
--------------------------------------------------------------------------------
executing instance: ./input/Instances/Original/4/absH3low_3n30.dat
--------------------------------------------------------------------------------
Instance details
n	31
H	3
C	2841
Li:
[0, 0, 0, 0, 0, 0, 0, 0, 0, 0, 0, 0, 0, 0, 0, 0, 0, 0, 0, 0, 0, 0, 0, 0, 0, 0, 0, 0, 0, 0, 0, ]
Ui:
[0, 246, 98, 54, 144, 171, 192, 180, 165, 98, 122, 198, 297, 144, 130, 129, 219, 138, 142, 150, 108, 66, 64, 285, 180, 204, 276, 168, 240, 198, 122, ]
Distance matrix:
|0	172	56	166	260	198	42	197	296	110	91	112	238	275	323	183	330	232	175	181	162	191	232	280	201	139	356	185	266	216	26	|
|172	0	178	223	320	335	153	355	444	62	231	99	333	376	214	352	176	235	194	106	47	41	353	161	299	175	225	43	326	374	153	|
|56	178	0	110	204	162	93	233	336	125	144	148	187	226	358	180	313	284	123	152	182	185	282	252	256	88	329	177	210	251	42	|
|166	223	110	0	102	150	199	327	431	194	253	237	113	156	431	228	296	386	44	140	248	208	389	218	366	48	287	200	108	344	148	|
|260	320	204	102	0	156	296	391	493	296	340	339	66	90	531	263	362	486	127	226	349	300	469	278	454	148	334	292	6	406	245	|
|198	335	162	150	156	0	239	255	351	286	245	307	93	106	518	111	442	423	194	280	344	335	349	367	352	182	437	327	158	266	199	|
|42	153	93	199	296	239	0	203	296	91	82	76	278	316	284	217	322	191	201	186	133	180	217	281	177	165	356	175	302	222	52	|
|197	355	233	327	391	255	203	0	104	294	125	266	340	361	436	151	524	276	352	377	330	383	109	477	146	319	553	377	395	19	222	|
|296	444	336	431	493	351	296	104	0	384	214	348	440	456	488	241	617	315	456	476	412	475	113	575	176	422	651	470	497	88	322	|
|110	62	125	194	296	286	91	294	384	0	171	55	298	340	238	292	233	210	176	118	58	91	298	201	248	148	273	87	302	313	94	|
|91	231	144	253	340	245	82	125	214	171	0	141	307	339	324	184	403	187	266	266	204	261	140	363	114	230	438	256	346	144	116	|
|112	99	148	237	339	307	76	266	348	55	141	0	332	373	212	292	275	156	225	173	64	137	254	253	200	194	322	135	345	284	108	|
|238	333	187	113	66	93	278	340	440	298	307	332	0	43	536	203	404	469	153	253	354	321	427	322	420	160	385	313	67	353	229	|
|275	376	226	156	90	106	316	361	456	340	339	373	43	0	578	216	443	507	194	295	397	364	453	361	451	203	421	356	88	372	268	|
|323	214	358	431	531	518	284	436	488	238	324	212	536	578	0	498	309	176	407	320	183	245	376	344	312	383	379	251	537	451	319	|
|183	352	180	228	263	111	217	151	241	292	184	292	203	216	498	0	492	371	266	328	345	364	255	426	272	242	501	356	266	159	198	|
|330	176	313	296	362	442	322	524	617	233	403	275	404	443	309	492	0	397	253	164	218	142	529	84	475	260	72	147	367	543	306	|
|232	235	284	386	486	423	191	276	315	210	187	156	469	507	176	371	397	0	379	327	188	276	202	396	139	346	456	277	492	289	242	|
|175	194	123	44	127	194	201	352	456	176	266	225	153	194	407	266	253	379	0	101	225	174	405	174	375	36	244	166	133	370	152	|
|181	106	152	140	226	280	186	377	476	118	266	173	253	295	320	328	164	327	101	0	148	76	403	100	360	98	177	69	232	396	155	|
|162	47	182	248	349	344	133	330	412	58	204	64	354	397	183	345	218	188	225	148	0	89	316	208	259	201	270	90	355	348	149	|
|191	41	185	208	300	335	180	383	475	91	261	137	321	364	245	364	142	276	174	76	89	0	388	119	336	162	185	8	306	402	169	|
|232	353	282	389	469	349	217	109	113	298	140	254	427	453	376	255	529	202	405	403	316	388	0	497	64	369	570	384	474	112	256	|
|280	161	252	218	278	367	281	477	575	201	363	253	322	361	344	426	84	396	174	100	208	119	497	0	449	187	77	119	283	496	255	|
|201	299	256	366	454	352	177	146	176	248	114	200	420	451	312	272	475	139	375	360	259	336	64	449	0	339	521	333	460	156	223	|
|139	175	88	48	148	182	165	319	422	148	230	194	160	203	383	242	260	346	36	98	201	162	369	187	339	0	260	153	154	337	116	|
|356	225	329	287	334	437	356	553	651	273	438	322	385	421	379	501	72	456	244	177	270	185	570	77	521	260	0	187	338	572	331	|
|185	43	177	200	292	327	175	377	470	87	256	135	313	356	251	356	147	277	166	69	90	8	384	119	333	153	187	0	298	396	163	|
|266	326	210	108	6	158	302	395	497	302	346	345	67	88	537	266	367	492	133	232	355	306	474	283	460	154	338	298	0	410	251	|
|216	374	251	344	406	266	222	19	88	313	144	284	353	372	451	159	543	289	370	396	348	402	112	496	156	337	572	396	410	0	241	|
|26	153	42	148	245	199	52	222	322	94	116	108	229	268	319	198	306	242	152	155	149	169	256	255	223	116	331	163	251	241	0	|

--------------------------------------------------------------------------------
Building model...
	using lazy and cut (CVRPSEP package)
Solving IRP LP...
--------------------------------------------------------------------------------

Gurobi 9.1.0 (linux64) logging started Sun Jan 10 02:18:36 2021

Gurobi Optimizer version 9.1.0 build v9.1.0rc0 (linux64)
Thread count: 32 physical cores, 32 logical processors, using up to 2 threads
Optimize a model with 1249 rows, 8014 columns and 19240 nonzeros
Model fingerprint: 0xc29fcdd3
Variable types: 574 continuous, 7440 integer (465 binary)
Coefficient statistics:
  Matrix range     [1e+00, 3e+04]
  Objective range  [1e-02, 7e+02]
  Bounds range     [1e+00, 3e+02]
  RHS range        [3e+01, 5e+03]
Presolve removed 124 rows and 31 columns
Presolve time: 0.04s
Presolved: 1125 rows, 7983 columns, 18245 nonzeros
Variable types: 543 continuous, 7440 integer (6990 binary)

Root relaxation: objective 2.463279e+03, 1684 iterations, 0.06 seconds

    Nodes    |    Current Node    |     Objective Bounds      |     Work
 Expl Unexpl |  Obj  Depth IntInf | Incumbent    BestBd   Gap | It/Node Time

     0     0 2463.27864    0   98          - 2463.27864      -     -    0s
     0     0 2691.34249    0  130          - 2691.34249      -     -    0s
     0     0 3175.94750    0  159          - 3175.94750      -     -    0s
     0     0 3217.29933    0  224          - 3217.29933      -     -    0s
     0     0 3217.31321    0  177          - 3217.31321      -     -    0s
     0     0 3293.42232    0  283          - 3293.42232      -     -    1s
     0     0 3299.38714    0  248          - 3299.38714      -     -    1s
     0     0 3322.69357    0  223          - 3322.69357      -     -    1s
     0     0 3344.11981    0  258          - 3344.11981      -     -    1s
     0     0 3344.66000    0  277          - 3344.66000      -     -    1s
     0     0 3419.80670    0  294          - 3419.80670      -     -    1s
     0     0 3426.53061    0  290          - 3426.53061      -     -    2s
     0     0 3429.68052    0  324          - 3429.68052      -     -    2s
     0     0 3430.34406    0  319          - 3430.34406      -     -    2s
     0     0 3535.79274    0  312          - 3535.79274      -     -    2s
     0     0 3568.05069    0  358          - 3568.05069      -     -    2s
     0     0 3585.88332    0  316          - 3585.88332      -     -    3s
     0     0 3590.45454    0  301          - 3590.45454      -     -    3s
     0     0 3604.06925    0  354          - 3604.06925      -     -    3s
     0     0 3608.64219    0  333          - 3608.64219      -     -    3s
     0     0 3608.64219    0  328          - 3608.64219      -     -    3s
     0     0 3654.45113    0  336          - 3654.45113      -     -    3s
     0     0 3657.40852    0  337          - 3657.40852      -     -    4s
     0     0 3660.35385    0  336          - 3660.35385      -     -    4s
     0     0 3660.76368    0  299          - 3660.76368      -     -    4s
     0     0 3675.57755    0  318          - 3675.57755      -     -    4s
     0     0 3684.82077    0  367          - 3684.82077      -     -    4s
     0     0 3689.54186    0  320          - 3689.54186      -     -    5s
     0     0 3689.71537    0  359          - 3689.71537      -     -    5s
     0     0 3699.90571    0  302          - 3699.90571      -     -    5s
     0     0 3701.74749    0  323          - 3701.74749      -     -    5s
     0     0 3703.14457    0  357          - 3703.14457      -     -    5s
     0     0 3704.33112    0  271          - 3704.33112      -     -    5s
     0     0 3704.75011    0  315          - 3704.75011      -     -    5s
     0     0 3706.46911    0  306          - 3706.46911      -     -    6s
     0     0 3706.46911    0  262          - 3706.46911      -     -    6s
     0     2 3709.46911    0  250          - 3709.46911      -     -    7s
     9    12 3732.18846    3  335          - 3711.48239      -   685   10s
    62    65 3871.18848   19  280          - 3718.28371      -   479   15s
   134   140 4241.07779   35  291          - 3718.28371      -   384   20s
   224   239 4886.04503   61  211          - 3718.28371      -   334   25s
   351   398 5571.87920   93   96          - 3718.28371      -   265   30s
   675   678 7858.99961  188   70          - 3718.28371      -   159   35s
   821   721 5570.09000   95  205          - 3719.62013      -   141   40s
   835   730 3908.81103    9  529          - 3791.38106      -   139   45s
   856   744 3838.91097    8  479          - 3838.91097      -   135   50s
   874   756 4186.66202   39  469          - 3843.04205      -   132   55s
   896   773 4142.99954   33  457          - 3851.08505      -   146   60s
   906   779 4271.50834   45  453          - 3852.19661      -   145   65s
   911   786 3857.36446   26  380          - 3857.23168      -   155   72s
   919   791 3865.08828   28  446          - 3859.70615      -   159   75s
   935   804 3890.54752   32  400          - 3877.27445      -   163   80s
   971   830 4026.64532   41  282          - 3877.27445      -   172   85s
  1018   865 4151.90946   56  226          - 3877.27445      -   178   90s
  1094   918 5022.62245   79  162          - 3877.27445      -   187   95s
  1212  1006 5668.75137  119   92          - 3877.27445      -   185  100s
  1456  1169 8039.00500  218    2          - 3877.27445      -   167  105s
H 1462  1125                    7921.3400000 3877.27445  51.1%   166  105s
  1554  1066 4255.97866   32  296 7921.34000 3877.29059  51.1%   161  112s
  1591  1080 4390.60407   34  260 7921.34000 3877.29059  51.1%   161  115s
  1636  1111 4592.77148   44  173 7921.34000 3877.29059  51.1%   165  120s
  1682  1133 4990.41546   59  180 7921.34000 3877.29059  51.1%   167  125s
  1746  1176 5568.10850   80  139 7921.34000 3877.29059  51.1%   167  130s
  1832  1246 5771.91980  104   93 7921.34000 3877.29059  51.1%   167  136s
  1893  1315 6053.31919  120   63 7921.34000 3877.29059  51.1%   165  141s
  1999  1418 6304.07122  146   50 7921.34000 3877.29059  51.1%   162  146s
H 2056  1309                    7398.4600000 3877.29059  47.6%   160  146s
  2179  1323 4203.73920   30  459 7398.46000 3879.67457  47.6%   155  153s
  2181  1384 4361.91242   31  444 7398.46000 3879.67457  47.6%   155  155s
  2270  1374 4329.90633   37  341 7398.46000 3879.67457  47.6%   154  160s
  2302  1393 4539.74459   44  313 7398.46000 3879.67457  47.6%   157  166s
  2331  1405 4705.95565   50  241 7398.46000 3879.67457  47.6%   161  170s
  2374  1424 4951.54704   66  131 7398.46000 3879.67457  47.6%   164  177s
  2376  1452 5052.00182   66  130 7398.46000 3879.67457  47.6%   164  180s
  2436  1565 5221.66114   83  140 7398.46000 3879.67457  47.6%   165  185s
  2716  1863 6196.51660  197   65 7398.46000 3886.32752  47.5%   156  193s
  2969  1789 4256.68119   32  404 7398.46000 3889.44923  47.4%   147  197s
  2987  1797 4478.50918   39  339 7398.46000 3889.44923  47.4%   148  200s
  3070  1893 4957.77946   67  142 7398.46000 3889.44923  47.4%   149  206s
  3209  2088 6690.07399  166   95 7398.46000 3902.89121  47.2%   147  212s
  3340  2139 4049.35700   28  392 7398.46000 3902.89121  47.2%   145  216s
  3423  2240 4286.01890   39  158 7398.46000 3902.89121  47.2%   147  222s
  3504  2405 4453.21943   44  124 7398.46000 3902.89121  47.2%   146  227s
  3690  2438 4692.22645   59  191 7398.46000 3902.89121  47.2%   142  232s
  3723  2516 4792.58911   76   83 7398.46000 3902.89121  47.2%   143  235s
  3803  2658 5307.01939  128   75 7398.46000 3902.89121  47.2%   143  242s
  3955  2733 6962.54209  230   52 7398.46000 3915.96002  47.1%   140  247s
  4056  2803     cutoff  252      7398.46000 3924.94685  46.9%   140  251s
  4131  2905 4594.03625   41  300 7398.46000 3924.94685  46.9%   140  256s
  4266  3031 5330.22763   71  109 7398.46000 3929.29275  46.9%   139  261s
  4408  3102 4159.90616   35  410 7398.46000 3929.29275  46.9%   137  266s
  4479  3301 4642.25369   45  288 7398.46000 3929.29275  46.9%   137  270s
  4680  3388 5837.47775   75  184 7398.46000 3929.29275  46.9%   133  276s
  4783  3482     cutoff  157      7398.46000 3934.73409  46.8%   133  281s
  4887  3587 4397.53756   35  379 7398.46000 3934.73409  46.8%   132  287s
  4992  3654 4634.46143   42  223 7398.46000 3934.73409  46.8%   131  292s
  5070  3724 4900.74268   51  120 7398.46000 3934.73409  46.8%   132  296s
  5140  3938 4957.13556   65  169 7398.46000 3934.73409  46.8%   132  302s
  5356  4042 5077.21205   88   91 7398.46000 3934.73409  46.8%   129  310s
  5478  4106 5735.94077  137   66 7398.46000 3941.72512  46.7%   130  316s
  5566  4264 4398.18858   45  191 7398.46000 3941.72512  46.7%   130  324s
  5645  4264 6473.11885  167   66 7398.46000 3941.72512  46.7%   130  325s
* 5683  3977             205    6986.9300000 3941.72512  43.6%   129  325s
  5744  3997 4546.89617   51  218 6986.93000 3941.72512  43.6%   128  330s
  5800  4093 4745.23423   65  151 6986.93000 3941.72512  43.6%   129  336s
  5908  4398 5097.88976  104   76 6986.93000 3942.66083  43.6%   129  345s
  6234  4408 4354.34245   37  272 6986.93000 3942.66083  43.6%   125  355s
  6244  4615 4438.77938   42  243 6986.93000 3942.66083  43.6%   125  369s
  6276  4615 5420.77125   83  160 6986.93000 3942.66083  43.6%   126  370s
  6475  4721 5245.13668   74  115 6986.93000 3946.51971  43.5%   123  376s
  6597  4800 4673.91955   42  194 6986.93000 3946.51971  43.5%   123  383s
  6678  4861 6832.63468  100   16 6986.93000 3946.69035  43.5%   124  389s
  6744  4863 6066.56061   64  111 6986.93000 3946.69035  43.5%   125  390s
  6747  4911 infeasible  102      6986.93000 3946.69139  43.5%   125  396s
  6843  4985 4631.58876   46  250 6986.93000 3990.90105  42.9%   125  404s
  6917  5092 6148.94067   94  110 6986.93000 3990.90770  42.9%   126  411s
  7056  5135 4489.18239   36  458 6986.93000 4000.70039  42.7%   126  417s
  7099  5256 5093.51085   65  157 6986.93000 4018.03401  42.5%   127  424s
  7136  5256 6407.47597  102   93 6986.93000 4018.03401  42.5%   127  425s
  7234  5357 4142.32664   32  521 6986.93000 4018.03401  42.5%   127  433s
  7346  5695 4673.08899   54  113 6986.93000 4018.03401  42.5%   128  443s
  7561  5695 5400.00634   90   63 6986.93000 4018.03401  42.5%   127  445s
  7695  5781 6113.79700  180   55 6986.93000 4034.85528  42.3%   126  453s
  7831  6005 4742.52725   67  202 6986.93000 4034.85528  42.3%   126  464s
  7900  6005 6053.84919  136  125 6986.93000 4034.85528  42.3%   126  465s
  8064  6062 6598.45081  198  130 6986.93000 4036.63706  42.2%   125  473s
* 8107  6055             160    6981.9600000 4040.50934  42.1%   126  474s
  8134  6272 4787.88142   58   69 6981.96000 4040.50934  42.1%   127  482s
  8355  6785 5255.65078  111  116 6981.96000 4041.25958  42.1%   128  494s
  8387  6785 5660.74836  127   54 6981.96000 4041.25958  42.1%   127  495s
  8960  6910 6357.78000  141   26 6981.96000 4048.73729  42.0%   124  505s
  9109  6966 infeasible  190      6981.96000 4049.54045  42.0%   124  513s
  9167  7133 4624.33659   57  213 6981.96000 4058.51728  41.9%   126  521s
  9333  7575 5505.48276  122   53 6981.96000 4058.56344  41.9%   126  532s
  9657  7575 5603.54690  122   14 6981.96000 4058.67605  41.9%   124  535s
  9834  7636 4454.78345   52  321 6981.96000 4058.67605  41.9%   123  567s
  9902  7842 4515.26692   58  279 6981.96000 4058.67605  41.9%   123  575s
 10122  8011 5902.85621  176  115 6981.96000 4063.11290  41.8%   123  585s
 10321  8250 5229.01294   71  149 6981.96000 4066.45576  41.8%   123  595s
 10578  8378 4392.12134   37  175 6981.96000 4066.45576  41.8%   122  605s
 10715  8508 4490.40072   43  231 6981.96000 4066.45576  41.8%   122  614s
 10840  8508 6825.94958  153   65 6981.96000 4066.45576  41.8%   122  615s
 10858  8612 5098.94497   54  134 6981.96000 4066.45576  41.8%   122  623s
 10962  8722 6334.08216   82   77 6981.96000 4069.70981  41.7%   123  632s
 11092  8814 4363.07125   44  425 6981.96000 4069.70981  41.7%   124  641s
 11195  9044 4769.06710   52  114 6981.96000 4069.70981  41.7%   124  652s
 11429  9104 6421.10705  179   54 6981.96000 4073.56367  41.7%   124  662s
 11524  9163 4546.77011   36  199 6981.96000 4074.07021  41.6%   125  670s
 11583  9281 5058.35584   52   98 6981.96000 4074.07021  41.6%   127  679s
 11647  9281 5245.27746   84   63 6981.96000 4074.07021  41.6%   127  680s
 11701  9511 5305.08078   93   64 6981.96000 4074.07021  41.6%   128  689s
 11797  9511 5584.44979  141   66 6981.96000 4074.07021  41.6%   129  690s
 11941  9630 5673.31831  177   71 6981.96000 4078.46768  41.6%   129  699s
 12006  9630 5396.95039   61  182 6981.96000 4078.46768  41.6%   129  700s
 12113  9796 infeasible   71      6981.96000 4082.26278  41.5%   130  709s
 12211  9796 5544.14738  104   46 6981.96000 4082.97473  41.5%   130  710s
 12299  9926 5560.77288   82  131 6981.96000 4083.89897  41.5%   130  719s
 12417  9926 6426.91676   83  123 6981.96000 4084.99829  41.5%   130  720s
 12470 10047 5160.84941   71  191 6981.96000 4085.01745  41.5%   130  728s
 12603 10183 4622.60761   42  331 6981.96000 4085.01745  41.5%   130  737s
 12757 10495 5491.28111   59  157 6981.96000 4086.84490  41.5%   131  749s
 13139 10692 4845.25668   60  206 6981.96000 4088.28743  41.4%   129  761s
 13359 10816 4557.72208   47  319 6981.96000 4089.30019  41.4%   129  770s
 13493 11027 4492.86325   52  253 6981.96000 4090.21236  41.4%   130  780s
 13743 11085 4497.93409   38  376 6981.96000 4092.06639  41.4%   129  794s
 13801 11211 5300.47763   67  199 6981.96000 4092.65979  41.4%   130  802s
 13945 11331 5580.42686   54  222 6981.96000 4093.65963  41.4%   130  812s
 14075 11481 4657.99504   50  214 6981.96000 4093.65963  41.4%   131  821s
 14248 11718 5159.64701   85  182 6981.96000 4093.65963  41.4%   131  833s
 14401 11718 6931.24867   85   22 6981.96000 4093.65963  41.4%   131  835s
 14529 11793 5992.43336  167  106 6981.96000 4098.28736  41.3%   131  847s
 14627 11875 4715.28936   46  385 6981.96000 4101.68241  41.3%   131  856s
 14709 11957 5770.32681   76  166 6981.96000 4101.68241  41.3%   131  911s
H14801 11944                    6930.9600000 4101.68241  40.8%   131  921s
 14874 12185 5007.88724   66  208 6930.96000 4104.96274  40.8%   132  931s
 15147 12352 4707.37231   42  300 6930.96000 4105.14230  40.8%   131  943s
 15334 12381 4338.36274   37  397 6930.96000 4106.02438  40.8%   131  955s
 15363 12553 4449.29483   44  401 6930.96000 4106.02438  40.8%   132  964s
 15430 12553 5974.66240  111  184 6930.96000 4106.02438  40.8%   132  965s
 15547 12675 6053.41746  116  186 6930.96000 4106.91465  40.7%   132  975s
 15679 12901 5049.53692   68  228 6930.96000 4106.92925  40.7%   132  987s
 15953 13080 4264.68493   44  436 6930.96000 4106.97514  40.7%   132  999s
 16059 13080 6001.15499  105   97 6930.96000 4106.97514  40.7%   132 1000s
 16164 13261 5558.77740  101  168 6930.96000 4109.96734  40.7%   132 1010s
 16366 13511 5167.46466   55  283 6930.96000 4110.07803  40.7%   132 1022s
 16648 13747 5250.97846   68  161 6930.96000 4114.70441  40.6%   131 1033s
 16795 13747 5498.33615   80  137 6930.96000 4114.73861  40.6%   131 1035s
 16906 13890 4731.76634   47  335 6930.96000 4115.12757  40.6%   131 1045s
 17069 14073 4269.58140   28  518 6930.96000 4115.12757  40.6%   131 1056s
 17272 14349 4993.06319   49  372 6930.96000 4115.47661  40.6%   131 1068s
 17578 14610 4715.20338   55  294 6930.96000 4115.57241  40.6%   131 1081s
 17919 14706 4307.69217   28  402 6930.96000 4117.38552  40.6%   130 1092s
 18008 14810 5821.02703   71  196 6930.96000 4117.75862  40.6%   131 1103s
 18154 14908 4658.71995   35  395 6930.96000 4119.29688  40.6%   131 1113s
 18260 15083 5262.23589   44  330 6930.96000 4119.87335  40.6%   132 1124s
 18292 15083 6222.53028   54  163 6930.96000 4119.87335  40.6%   132 1125s
 18469 15352 4690.16683   53  233 6930.96000 4122.86196  40.5%   132 1137s
 18750 15495 4507.08837   44  384 6930.96000 4122.86196  40.5%   132 1150s
 18903 15581 6699.42724  118   68 6930.96000 4123.95762  40.5%   132 1161s
 19012 15770 4811.06267   49  257 6930.96000 4123.97739  40.5%   133 1172s
 19210 15994 4921.65684   56  199 6930.96000 4124.17702  40.5%   133 1184s
 19284 15994 6542.16027  130   32 6930.96000 4124.17702  40.5%   133 1185s
 19484 16113 6603.77341  144   46 6930.96000 4124.29880  40.5%   132 1197s
 19626 16310 5798.80118   92  110 6930.96000 4124.41465  40.5%   133 1208s
 19874 16471     cutoff  145      6930.96000 4127.64459  40.4%   132 1219s
 19916 16471 4952.03777   61  312 6930.96000 4127.67558  40.4%   133 1220s
 20046 16634 5222.03354   79  287 6930.96000 4128.15859  40.4%   132 1230s
 20224 16780 4843.72313   42  394 6930.96000 4128.15859  40.4%   132 1241s
 20383 16872 6077.16410   84  165 6930.96000 4136.30870  40.3%   133 1252s
 20489 17139 4994.00399   66  306 6930.96000 4136.71177  40.3%   133 1264s
 20565 17139 6068.21655  142   56 6930.96000 4136.71177  40.3%   133 1265s
 20821 17208 4382.00093   44  459 6930.96000 4136.72680  40.3%   133 1275s
 20889 17298 5839.19695   84   56 6930.96000 4138.18451  40.3%   133 1287s
 20991 17394 4575.90297   43  445 6930.96000 4138.18451  40.3%   133 1297s
 21106 17554 5709.01840   69  220 6930.96000 4138.73935  40.3%   134 1309s
 21152 17554 6871.09894  111  144 6930.96000 4138.73935  40.3%   134 1310s
 21294 17735 4875.90695   62  276 6930.96000 4139.54316  40.3%   134 1320s
 21493 17918 4556.80729   36  416 6930.96000 4139.54316  40.3%   134 1333s
 21698 18046 5711.19821   50  156 6930.96000 4139.81307  40.3%   134 1345s
 21861 18235 4397.92822   41  319 6930.96000 4139.89681  40.3%   134 1357s
 22048 18579 5200.98799   68   67 6930.96000 4139.99634  40.3%   134 1370s
 22438 18781 5728.69000  154   21 6930.96000 4141.31726  40.2%   133 1383s
 22671 18978 4883.67876   60  232 6930.96000 4142.02034  40.2%   133 1394s
 22718 18978 6046.15237  107   71 6930.96000 4142.02034  40.2%   133 1395s
 22878 19101 5084.52291   38  183 6930.96000 4142.32870  40.2%   133 1406s
 23039 19298 4786.26831   51  330 6930.96000 4144.39487  40.2%   133 1418s
 23263 19419 6899.11140  129  109 6930.96000 4147.38688  40.2%   133 1429s
 23424 19485 4894.44727   71  305 6930.96000 4148.16103  40.2%   133 1444s
H23464 15584                    6324.4597834 4148.16103  34.4%   133 1445s
 23490 15706     cutoff  112      6324.45978 4149.14647  34.4%   134 1454s
 23521 15706 4850.74161   63  255 6324.45978 4149.47173  34.4%   134 1456s
 23632 15843 5172.36419   60   89 6324.45978 4149.91163  34.4%   134 1466s
 23816 15979 5125.60737   53  234 6324.45978 4150.23049  34.4%   134 1478s
 23973 16089 5195.28759   49  166 6324.45978 4150.65587  34.4%   134 1489s
 24037 16093 6250.58230  108    5 6324.45978 4150.65587  34.4%   134 1490s
 24105 16152     cutoff  112      6324.45978 4150.91098  34.4%   135 1500s
 24186 16343 5117.52131   53  103 6324.45978 4152.31273  34.3%   135 1513s
 24411 16540 4290.26649   37  443 6324.45978 4152.31273  34.3%   136 1525s
 24608 16799 5037.94903   70   80 6324.45978 4152.54382  34.3%   136 1537s
 24938 16916 4854.64706   49  262 6324.45978 4154.03533  34.3%   136 1548s
 25096 16916 4500.41245   37  364 6324.45978 4154.35141  34.3%   136 1550s
 25110 17012 4615.82164   46  287 6324.45978 4155.99267  34.3%   136 1559s
 25157 17012 6156.36586   93  104 6324.45978 4155.99267  34.3%   136 1560s
 25234 17158 4524.74751   42  235 6324.45978 4156.46961  34.3%   137 1570s
 25407 17252 5279.94975   47  233 6324.45978 4156.72502  34.3%   137 1581s
 25525 17374 4933.34239   55  275 6324.45978 4157.05827  34.3%   137 1591s
 25673 17591 4801.01313   49  354 6324.45978 4157.74772  34.3%   138 1603s
 25902 17720 5849.30314   76   90 6324.45978 4157.85324  34.3%   138 1615s
 26075 17794     cutoff  124      6324.45978 4161.25019  34.2%   138 1625s
 26164 17922 5353.82082   47  171 6324.45978 4163.80535  34.2%   139 1636s
 26327 18011 4540.26867   44  328 6324.45978 4163.88755  34.2%   139 1647s
 26416 18233 5196.12874   65   54 6324.45978 4164.12777  34.2%   140 1659s
 26448 18233 5324.72520   81   38 6324.45978 4164.12777  34.2%   140 1660s
 26755 18316     cutoff  133      6324.45978 4165.24770  34.1%   140 1671s
 26842 18398 5359.28665   56  278 6324.45978 4167.31699  34.1%   140 1682s
 26946 18503 4752.78598   49  284 6324.45978 4168.08078  34.1%   140 1692s
 27066 18685 4938.04591   54  281 6324.45978 4169.49557  34.1%   141 1704s
 27108 18685 6284.28567   96  157 6324.45978 4169.49557  34.1%   141 1705s
 27275 18807 4592.54857   41  410 6324.45978 4170.09216  34.1%   141 1716s
 27407 18926 5863.12918   94  177 6324.45978 4172.19994  34.0%   141 1728s
 27564 19025 4271.51767   36  455 6324.45978 4174.03307  34.0%   141 1740s
H27572 16959                    6118.4600000 4174.03307  31.8%   141 1740s
 27675 17102 5194.44294   77  202 6118.46000 4174.94269  31.8%   142 1752s
 27851 17165 4497.70590   44  359 6118.46000 4176.32086  31.7%   142 1763s
 27914 17344 4948.03481   66  174 6118.46000 4177.04114  31.7%   142 1774s
 28015 17349 5477.72000  141    - 6118.46000 4177.04114  31.7%   142 1775s
H28070 17286                    6112.4600000 4177.04114  31.7%   142 1775s
 28120 17403     cutoff  159      6112.46000 4177.61351  31.7%   142 1786s
 28250 17655 4720.93570   48  178 6112.46000 4178.55318  31.6%   143 1798s
 28534 17728 5709.41944  102   81 6112.46000 4180.44574  31.6%   143 1810s
 28621 17807 5464.42297   71  223 6112.46000 4180.64733  31.6%   143 1820s
 28736 17933 4864.06466   54  341 6112.46000 4181.31569  31.6%   144 1831s
 28904 18024 4656.49830   47  224 6112.46000 4181.63896  31.6%   144 1843s
 29023 18082 4313.92380   37  294 6112.46000 4181.67552  31.6%   144 1853s
 29081 18421 4802.52222   50  280 6112.46000 4182.43324  31.6%   145 1866s
 29483 18541     cutoff  219      6112.46000 4182.68407  31.6%   144 1880s
 29628 18655     cutoff  218      6112.46000 4184.48304  31.5%   144 1890s
 29751 18757 6028.78908  120   93 6112.46000 4184.67013  31.5%   145 1901s
 29892 18849 6006.80130   63  135 6112.46000 4185.29465  31.5%   145 1912s
 30005 18935 5581.70380   71  196 6112.46000 4187.25447  31.5%   146 1923s
 30121 19060 4669.93528   55  394 6112.46000 4187.84861  31.5%   146 1936s
 30279 19173 infeasible  111      6112.46000 4189.06218  31.5%   146 1948s
 30402 19300 5329.37086   70  235 6112.46000 4189.98311  31.5%   147 1959s
 30466 19300 5306.29399   73   91 6112.46000 4189.98311  31.5%   147 1960s
 30601 19372 5312.86615   75  185 6112.46000 4190.65250  31.4%   147 1970s
 30697 19492 4848.72705   50  191 6112.46000 4191.00731  31.4%   148 1981s
 30817 19658 5633.36721   88  121 6112.46000 4191.07369  31.4%   148 1993s
 30998 19658 5989.36789  145   61 6112.46000 4191.23467  31.4%   148 1995s
 31031 19828 4859.91042   40  335 6112.46000 4191.45726  31.4%   148 2005s
 31226 19947 4502.67794   48  149 6112.46000 4192.30438  31.4%   148 2017s
 31385 20060 4695.08106   52  341 6112.46000 4192.70701  31.4%   148 2030s
 31526 20157 4828.13000   39  189 6112.46000 4193.48593  31.4%   149 2041s
 31631 20348 5736.22425   77   36 6112.46000 4193.72171  31.4%   149 2053s
 31878 20348 6036.61820  136   26 6112.46000 4193.78622  31.4%   149 2055s
 31888 20504 4864.90226   56  295 6112.46000 4194.53090  31.4%   149 2067s
 32063 20636 4438.63290   43  298 6112.46000 4194.53090  31.4%   149 2078s
 32215 20731 5434.73538   57  395 6112.46000 4195.25359  31.4%   149 2090s
 32331 20861 4479.26375   41  301 6112.46000 4196.39651  31.3%   149 2104s
 32400 20861 6078.57177  105  108 6112.46000 4196.39651  31.3%   149 2105s
 32495 20958 4435.30934   37  437 6112.46000 4196.89262  31.3%   149 2116s
 32609 21110 4497.22334   45  350 6112.46000 4197.51608  31.3%   150 2128s
 32800 21262 4439.28914   35  354 6112.46000 4197.75966  31.3%   150 2142s
 32974 21463 4889.75192   50  130 6112.46000 4199.46198  31.3%   150 2154s
 33038 21463 5320.74187   89    6 6112.46000 4199.46198  31.3%   150 2155s
 33205 21535 6036.45667  104   24 6112.46000 4199.76828  31.3%   150 2166s
 33301 21633 5234.06549   48  152 6112.46000 4200.03056  31.3%   150 2178s
 33412 21711 4509.62990   45  388 6112.46000 4200.72175  31.3%   151 2189s
 33463 21711 6096.35788   92  168 6112.46000 4200.72175  31.3%   151 2190s
 33531 21943 4390.85497   36  337 6112.46000 4202.07441  31.3%   151 2204s
 33583 21943 5777.06953   88   93 6112.46000 4202.07441  31.3%   151 2205s
 33787 22046 4344.40719   42  442 6112.46000 4202.66599  31.2%   151 2217s
 33898 22197 4513.02744   35  413 6112.46000 4204.23048  31.2%   151 2229s
 34087 22299 4377.37889   36  437 6112.46000 4204.48693  31.2%   151 2240s
 34203 22369 5929.11799   81  183 6112.46000 4205.72307  31.2%   152 2252s
 34301 22414 4464.48706   37  322 6112.46000 4205.76119  31.2%   152 2267s
 34346 22508 4686.14819   39  246 6112.46000 4205.76119  31.2%   153 2278s
 34442 22719 5293.45480   49  211 6112.46000 4205.76119  31.2%   153 2292s
 34725 22800 5899.98956   63  111 6112.46000 4206.04214  31.2%   153 2303s
 34864 22883 4920.05941   58  197 6112.46000 4206.68266  31.2%   153 2316s
H34939 22825                    6108.0300000 4206.68266  31.1%   153 2317s
 34961 22964 4917.23184   56  266 6108.03000 4206.78961  31.1%   154 2328s
 35156 23103 infeasible   95      6108.03000 4209.28177  31.1%   154 2340s
 35306 23257 5467.41461   74  210 6108.03000 4210.45947  31.1%   154 2351s
 35486 23459 5413.12776   72  213 6108.03000 4211.96452  31.0%   154 2363s
 35713 23610 5106.70897   52  311 6108.03000 4213.19811  31.0%   154 2375s
 35886 23787 5159.10245   67  189 6108.03000 4214.17635  31.0%   154 2388s
 36069 23789 5778.77421   85  105 6108.03000 4214.76158  31.0%   154 2390s
 36126 23957 6030.35356   94   25 6108.03000 4215.40107  31.0%   154 2402s
 36330 24179 5359.06746   68   86 6108.03000 4216.15761  31.0%   154 2416s
 36635 24311     cutoff   97      6108.03000 4218.80020  30.9%   154 2429s
 36794 24466 4467.38903   45  334 6108.03000 4219.38734  30.9%   154 2442s
 36970 24592 4369.22824   40  322 6108.03000 4219.90883  30.9%   155 2454s
 37125 24670 4606.13480   37  352 6108.03000 4219.91647  30.9%   155 2466s
 37204 24827 5510.22275   94  116 6108.03000 4220.10926  30.9%   155 2477s
 37387 24929 5280.95265   54  146 6108.03000 4220.39918  30.9%   155 2491s
 37516 25068 4722.05669   55  306 6108.03000 4220.45698  30.9%   156 2502s
 37687 25161     cutoff  113      6108.03000 4221.25498  30.9%   156 2516s
 37806 25306 4647.31409   40  329 6108.03000 4221.71838  30.9%   156 2528s
 37978 25373 4398.32440   41  389 6108.03000 4221.96386  30.9%   156 2540s
 38040 25578 4903.76009   64  161 6108.03000 4222.06302  30.9%   156 2552s
 38280 25721 4720.32714   45  316 6108.03000 4222.26311  30.9%   156 2565s
 38466 25839 4787.08425   40  265 6108.03000 4223.43397  30.9%   157 2578s
 38630 25998 4312.81057   33  410 6108.03000 4223.95288  30.8%   157 2591s
*38690 23039              92    5916.6400000 4223.95288  28.6%   157 2591s
 38843 23151 5813.64000   79    - 5916.64000 4224.12406  28.6%   157 2604s
 38958 23152 4627.50448   45  411 5916.64000 4224.12406  28.6%   157 2605s
 39018 23284 5814.64000   79    - 5916.64000 4224.69164  28.6%   157 2617s
 39189 23395 5825.86131   79   24 5916.64000 4225.66774  28.6%   157 2630s
*39209 22606              88    5871.6400000 4225.66774  28.0%   157 2630s
 39325 22709     cutoff   85      5871.64000 4226.14890  28.0%   157 2641s
 39484 22743 5753.09465   80  115 5871.64000 4226.46838  28.0%   157 2654s
 39526 22925 4678.09756   44  236 5871.64000 4226.50662  28.0%   157 2666s
 39755 23032 4491.91731   42  222 5871.64000 4227.62202  28.0%   158 2678s
 39870 23177 5127.66583   50  235 5871.64000 4227.87510  28.0%   158 2690s
 40057 23320 5245.75661   64  163 5871.64000 4228.24876  28.0%   158 2708s
 40224 23321 5844.85017  119   90 5871.64000 4228.41837  28.0%   158 2710s
 40242 23402 5250.70516   46  160 5871.64000 4229.28368  28.0%   158 2721s
 40371 23532 4563.42466   44  354 5871.64000 4230.23339  28.0%   158 2734s
 40558 23598 4482.95189   45  180 5871.64000 4230.62574  27.9%   158 2746s
 40624 23750 5094.85619   64  148 5871.64000 4230.75312  27.9%   159 2763s
 40814 23822     cutoff   91      5871.64000 4231.12501  27.9%   159 2775s
 40928 23926 4780.40499   57  294 5871.64000 4231.85200  27.9%   159 2786s
 41055 24095 4967.64730   57  163 5871.64000 4232.35133  27.9%   160 2798s
 41255 24206 5852.78225   78  142 5871.64000 4234.06203  27.9%   160 2810s
 41399 24467 5200.25615   73   56 5871.64000 4234.69290  27.9%   160 2824s
 41495 24467 5640.98135  111   29 5871.64000 4234.69290  27.9%   160 2825s
 41687 24628 5004.15276   49  239 5871.64000 4235.20351  27.9%   160 2839s
 41807 24628 5422.18109   67   54 5871.64000 4235.78311  27.9%   160 2840s
 41886 24768 5016.94954   55  373 5871.64000 4236.02034  27.9%   160 2852s
 42059 24928 5387.82792   72   91 5871.64000 4236.62086  27.8%   160 2866s
 42252 24978 4332.63909   39  481 5871.64000 4237.03510  27.8%   160 2878s
 42302 25111 4767.52432   53  114 5871.64000 4237.20141  27.8%   161 2890s
 42469 25272 5205.66966   51  210 5871.64000 4237.53163  27.8%   161 2903s
 42668 25384 5268.78885   62  110 5871.64000 4237.83309  27.8%   161 2916s
 42812 25517 5108.36127   58  327 5871.64000 4240.12610  27.8%   161 2928s
 42971 25652 5027.48793   60  273 5871.64000 4241.04435  27.8%   161 2940s
 43125 25734 4615.26802   49  369 5871.64000 4241.28439  27.8%   161 2952s
 43231 25800 4555.72882   44  376 5871.64000 4241.48920  27.8%   162 2964s
 43297 25986 5142.30658   68  135 5871.64000 4241.59113  27.8%   162 2978s
 43539 26074     cutoff  119      5871.64000 4242.32974  27.7%   162 2991s
 43630 26134 4367.56676   38  364 5871.64000 4242.32974  27.7%   162 3003s
 43700 26296 5403.90047   76  138 5871.64000 4243.89953  27.7%   163 3016s
 43906 26387 5854.74472   91   63 5871.64000 4244.26575  27.7%   163 3030s
 44021 26475 infeasible   95      5871.64000 4245.31107  27.7%   163 3042s
 44121 26593 5086.51095   61  101 5871.64000 4246.64420  27.7%   164 3054s
 44153 26593 5558.00592   80   77 5871.64000 4246.64420  27.7%   164 3055s
 44279 26707 5066.50593   56  216 5871.64000 4246.84885  27.7%   164 3067s
 44424 26824 5477.52846   75  230 5871.64000 4246.95714  27.7%   164 3080s
 44580 26942 5764.59220   73   62 5871.64000 4248.11671  27.7%   164 3093s
 44735 27036 4454.28847   47  344 5871.64000 4248.92716  27.6%   164 3105s
 44851 27120 4431.88435   43  337 5871.64000 4249.21299  27.6%   164 3117s
 44954 27199 4597.42943   41  152 5871.64000 4249.54527  27.6%   165 3130s
 45052 27293 4935.70592   50  275 5871.64000 4250.16100  27.6%   165 3142s
 45168 27414 4809.59905   46  266 5871.64000 4250.62829  27.6%   165 3154s
 45238 27414 5831.93676   72   38 5871.64000 4250.62829  27.6%   165 3155s
 45334 27542 5444.45373   60  170 5871.64000 4251.37575  27.6%   166 3168s
 45491 27743 4920.13062   52  191 5871.64000 4251.64591  27.6%   166 3181s
 45742 27854 4597.77057   42  387 5871.64000 4253.30855  27.6%   166 3194s
 45779 27854 5726.51121   79  158 5871.64000 4253.30855  27.6%   166 3195s
 45868 27948 4709.38263   57  285 5871.64000 4254.43644  27.5%   166 3207s
 46004 28028 5223.66052   50  242 5871.64000 4254.77846  27.5%   166 3219s
 46102 28093 5358.03119   45  192 5871.64000 4255.17527  27.5%   166 3231s
 46193 28280 4607.79701   39  118 5871.64000 4255.32452  27.5%   167 3244s
 46225 28280 4867.12278   53   87 5871.64000 4255.32452  27.5%   167 3245s
 46421 28361 4452.75267   31  422 5871.64000 4255.47427  27.5%   167 3258s
 46554 28446 5786.24827   70  146 5871.64000 4255.95743  27.5%   167 3271s
 46656 28554 5349.60816   64  104 5871.64000 4256.58543  27.5%   167 3284s
 46784 28554 4880.03387   63  219 5871.64000 4256.87468  27.5%   167 3285s
 46822 28714 4491.35198   34  347 5871.64000 4257.07493  27.5%   167 3296s
 47007 28919 4424.75933   45  263 5871.64000 4257.91329  27.5%   168 3311s
 47255 29012 4639.54551   50  300 5871.64000 4257.97685  27.5%   167 3324s
 47386 29087 4867.30011   48  303 5871.64000 4258.86363  27.5%   168 3336s
 47481 29159 4797.61732   47  307 5871.64000 4258.96776  27.5%   168 3348s
 47581 29307 4613.49717   39  180 5871.64000 4259.10916  27.5%   168 3361s
 47729 29394 5299.19390   77   22 5871.64000 4259.23030  27.5%   169 3374s
 47777 29394 5505.67466   85   98 5871.64000 4260.24223  27.4%   169 3375s
 47873 29659 4931.95123   49  213 5871.64000 4260.68464  27.4%   169 3388s
 48107 29675 4872.83766   78  117 5871.64000 4260.74237  27.4%   169 3390s
 48210 29776     cutoff  153      5871.64000 4261.31785  27.4%   169 3402s
 48336 29877 4686.35685   52  287 5871.64000 4261.70930  27.4%   169 3414s
 48388 29877 5077.47991   56  317 5871.64000 4261.70930  27.4%   169 3415s
 48477 29979 4289.14103   43  307 5871.64000 4262.92513  27.4%   169 3427s
 48615 30127 4681.04341   56  355 5871.64000 4263.12191  27.4%   169 3439s
 48792 30263 5202.54608   59  162 5871.64000 4263.82520  27.4%   169 3453s
 48961 30369 5854.17338  107  115 5871.64000 4263.98868  27.4%   169 3466s
 49102 30489 4354.75135   34  353 5871.64000 4264.30920  27.4%   170 3482s
 49242 30614 4437.39539   33  312 5871.64000 4264.54353  27.4%   170 3495s
 49385 30745 4949.10231   53  186 5871.64000 4264.56897  27.4%   170 3508s
 49552 30853 5019.71939   66  196 5871.64000 4264.80044  27.4%   170 3523s
 49740 30954 4537.73380   47  295 5871.64000 4264.80044  27.4%   170 3536s
 49869 31111 5785.57610   62  102 5871.64000 4265.18977  27.4%   170 3549s
