




arguments: ./build/mirp_solver -f ./input/orig_exec_38.cfg
Current dir: /scratch/gui/bnc_mirp
File verbosity level: 9
date       time         ( uptime  ) [ thread name/id ]                   file:line     v| 
2021-01-09 03:28:35.006 (   5.072s) [main thread     ]             loguru.cpp:789   INFO| Logging to './output/vi_lex_half/OU/V5/Original/execution_09_01_2021_03_28_33.log', mode: 'a', verbosity: 9
--------------------------------------------------------------------------------
Parameters
                           instance_path           ./input/Instances/Original/1/
                            model_policy                                       1
                             nb_vehicles                                       5
                              output_dir    ./output/vi_lex_half/OU/V5/Original/
                            sec_strategy                                       1
                       solver_nb_threads                                       2
                         solver_show_log                                    true
                       solver_time_limit                                    3600
                              use_vi_cos                                   false
                              use_vi_cus                                   false
                         use_vi_hc1_full                                   false
                         use_vi_hc1_half                                   false
                      use_vi_hc1_quarter                                   false
                              use_vi_hc2                                   false
                              use_vi_hc3                                   false
                         use_vi_lex_full                                   false
                         use_vi_lex_half                                    true
                      use_vi_lex_quarter                                   false
                              use_vi_qua                                   false
                               use_vi_vc                                   false
                               use_vi_vr                                   false
--------------------------------------------------------------------------------
executing instance: ./input/Instances/Original/1/absH3high_1n5.dat
--------------------------------------------------------------------------------
Instance details
n	6
H	3
C	289
Li:
[0, 0, 0, 0, 0, 0, ]
Ui:
[0, 195, 105, 116, 72, 22, ]
Distance matrix:
|0	85	349	17	203	289	|
|85	0	265	102	214	226	|
|349	265	0	366	368	238	|
|17	102	366	0	207	302	|
|203	214	368	207	0	431	|
|289	226	238	302	431	0	|

--------------------------------------------------------------------------------
Building model...
	using lazy and cut (CVRPSEP package)
Solving IRP LP...
--------------------------------------------------------------------------------

Gurobi 9.1.0 (linux64) logging started Sat Jan  9 03:28:42 2021

Gurobi Optimizer version 9.1.0 build v9.1.0rc0 (linux64)
Thread count: 32 physical cores, 32 logical processors, using up to 2 threads
Optimize a model with 249 rows, 414 columns and 1377 nonzeros
Model fingerprint: 0xb0287a2f
Variable types: 99 continuous, 315 integer (90 binary)
Coefficient statistics:
  Matrix range     [1e+00, 2e+02]
  Objective range  [2e-01, 4e+02]
  Bounds range     [1e+00, 2e+02]
  RHS range        [1e+01, 5e+02]
Presolve removed 34 rows and 65 columns
Presolve time: 0.01s

Explored 0 nodes (0 simplex iterations) in 0.01 seconds
Thread count was 1 (of 32 available processors)

Solution count 0

Model is infeasible
Best objective -, best bound -, gap -

User-callback calls 41, time in user-callback 0.00 sec

Computing Irreducible Inconsistent Subsystem (IIS)...

           Constraints          |            Bounds           |  Runtime
      Min       Max     Guess   |   Min       Max     Guess   |
--------------------------------------------------------------------------
        0       249         -         0       569         -           0s
       40        40         -        61        61         -           2s

IIS computed: 40 constraints, 61 bounds
IIS runtime: 1.55 seconds
================================================================================
executing instance: ./input/Instances/Original/1/absH3high_1n45.dat
--------------------------------------------------------------------------------
Instance details
n	46
H	3
C	3462
Li:
[0, 0, 0, 0, 0, 0, 0, 0, 0, 0, 0, 0, 0, 0, 0, 0, 0, 0, 0, 0, 0, 0, 0, 0, 0, 0, 0, 0, 0, 0, 0, 0, 0, 0, 0, 0, 0, 0, 0, 0, 0, 0, 0, 0, 0, 0, ]
Ui:
[0, 273, 270, 36, 165, 192, 148, 45, 30, 75, 180, 198, 112, 117, 90, 64, 180, 22, 264, 174, 168, 270, 86, 66, 26, 66, 237, 156, 92, 108, 144, 72, 30, 45, 94, 54, 174, 96, 198, 136, 44, 180, 210, 249, 198, 48, ]
Distance matrix:
|0	281	201	160	249	201	93	431	236	139	252	136	116	166	390	110	349	374	303	180	327	464	236	70	44	461	346	439	363	254	312	426	305	206	71	137	169	200	247	260	20	219	256	253	460	278	|
|281	0	448	170	53	142	338	184	121	290	371	390	222	302	111	289	169	434	230	177	238	441	59	212	319	211	86	235	399	306	53	176	99	202	263	157	361	101	370	201	264	344	364	374	469	184	|
|201	448	0	285	430	325	114	556	361	171	191	64	228	174	546	294	453	306	364	289	388	435	393	254	157	585	491	536	318	254	490	554	436	407	266	292	108	388	186	337	207	181	205	190	408	364	|
|160	170	285	0	169	43	182	280	80	120	208	231	58	132	262	230	190	294	151	24	174	345	112	107	183	309	207	280	268	158	219	276	155	235	187	45	192	150	205	107	140	177	202	210	356	119	|
|249	53	430	169	0	152	317	238	145	282	377	369	212	299	157	242	215	452	261	183	273	474	76	181	290	264	140	287	421	320	63	229	145	148	221	142	352	53	374	226	234	346	370	378	498	215	|
|201	142	325	43	152	0	224	237	37	156	230	273	101	164	224	261	148	300	127	38	147	333	83	142	225	266	167	238	270	168	193	233	112	246	221	70	228	148	228	84	180	202	222	232	351	87	|
|93	338	114	182	317	224	0	460	262	92	180	52	124	112	440	199	364	307	292	191	317	415	284	140	57	490	387	452	304	208	377	457	336	297	163	181	84	274	175	256	95	152	188	180	402	280	|
|431	184	556	280	238	237	460	0	199	385	420	508	337	385	108	464	110	429	219	269	206	378	202	365	460	30	98	84	388	340	204	9	126	386	432	294	453	283	421	226	411	404	408	423	422	198	|
|236	121	361	80	145	37	262	199	0	191	255	310	138	197	191	290	114	312	118	72	133	330	69	175	262	229	132	204	279	186	174	195	75	258	251	102	262	153	254	81	216	230	246	257	353	72	|
|139	290	171	120	282	156	92	385	191	0	116	129	71	27	380	246	283	235	201	119	226	329	231	141	129	414	323	367	224	119	336	383	266	308	202	141	72	252	112	169	127	82	118	117	322	195	|
|252	371	191	208	377	230	180	420	255	116	0	187	178	90	443	361	311	127	204	195	224	246	313	257	232	446	382	380	129	81	423	421	320	422	318	242	100	355	5	195	241	34	15	2	225	224	|
|136	390	64	231	369	273	52	508	310	129	187	0	173	141	491	233	409	313	330	239	355	431	335	191	93	538	438	495	316	233	429	505	385	342	203	233	88	325	182	297	143	167	199	187	412	323	|
|116	222	228	58	212	101	124	337	138	71	178	173	0	91	319	206	244	284	187	69	212	357	165	85	130	367	265	333	264	151	267	333	213	244	161	70	140	181	175	145	97	145	177	180	359	165	|
|166	302	174	132	299	164	112	385	197	27	90	141	91	0	388	273	280	208	191	127	215	305	243	167	153	413	329	361	198	96	351	383	270	333	229	159	68	272	86	163	153	56	92	91	296	190	|
|390	111	546	262	157	224	440	108	191	380	443	491	319	388	0	399	164	480	264	261	261	456	156	320	426	125	62	186	442	369	107	99	125	300	374	260	452	210	443	252	372	420	433	446	494	227	|
|110	289	294	230	242	261	199	464	290	246	361	233	206	273	399	0	402	480	382	254	404	562	262	124	143	493	369	490	466	355	302	457	344	135	45	191	279	189	356	337	120	328	364	362	563	348	|
|349	169	453	190	215	148	364	110	114	283	311	409	244	280	164	402	0	324	110	174	101	292	151	289	372	135	109	90	284	230	212	111	70	354	364	216	348	245	312	118	329	295	298	313	330	90	|
|374	434	306	294	452	300	307	429	312	235	127	313	284	208	480	480	324	0	216	274	223	137	380	368	357	448	419	367	40	136	487	432	358	525	436	336	227	443	132	234	361	156	119	127	102	255	|
|303	230	364	151	261	127	292	219	118	201	204	330	187	191	264	382	110	216	0	128	25	213	185	258	314	243	203	176	178	123	282	221	144	372	338	193	256	270	206	45	283	193	191	206	239	46	|
|180	177	289	24	183	38	191	269	72	119	195	239	69	127	261	254	174	274	128	0	151	321	118	130	198	299	204	263	246	139	228	266	147	258	211	68	191	169	193	83	159	166	188	197	333	98	|
|327	238	388	174	273	147	317	206	133	226	224	355	212	215	261	404	101	223	25	151	0	203	198	281	339	228	202	156	184	143	288	209	146	390	362	215	280	286	226	68	308	215	210	226	235	61	|
|464	441	435	345	474	333	415	378	330	329	246	431	357	305	456	562	292	137	213	321	203	0	398	440	458	390	400	301	117	211	492	384	348	578	517	389	344	480	251	251	448	265	233	246	54	259	|
|236	59	393	112	76	83	284	202	69	231	313	335	165	243	156	262	151	380	185	118	198	398	0	167	270	231	110	233	347	250	110	195	85	203	230	103	303	95	311	150	217	284	305	315	422	139	|
|70	212	254	107	181	142	140	365	175	141	257	191	85	167	320	124	289	368	258	130	281	440	167	0	109	394	277	378	349	236	244	359	239	167	81	73	196	135	253	213	53	223	257	258	444	226	|
|44	319	157	183	290	225	57	460	262	129	232	93	130	153	426	143	372	357	314	198	339	458	270	109	0	490	379	462	351	247	353	456	334	250	110	168	140	243	226	274	56	201	238	232	449	294	|
|461	211	585	309	264	266	490	30	229	414	446	538	367	413	125	493	135	448	243	299	228	390	231	394	490	0	125	89	408	365	226	36	156	412	462	324	481	311	447	253	441	430	433	448	436	225	|
|346	86	491	207	140	167	387	98	132	323	382	438	265	329	62	369	109	419	203	204	202	400	110	277	379	125	0	155	381	307	113	90	63	288	339	211	394	186	382	190	327	359	371	384	436	165	|
|439	235	536	280	287	238	452	84	204	367	380	495	333	361	186	490	90	367	176	263	156	301	233	378	462	89	155	0	326	299	267	92	148	432	454	306	429	325	382	199	419	369	366	382	348	172	|
|363	399	318	268	421	270	304	388	279	224	129	316	264	198	442	466	284	40	178	246	184	117	347	349	351	408	381	326	0	113	452	391	321	502	422	311	229	415	134	199	348	152	118	130	98	219	|
|254	306	254	158	320	168	208	340	186	119	81	233	151	96	369	355	230	136	123	139	143	211	250	236	247	365	307	299	113	0	359	340	244	390	310	200	148	308	83	117	238	74	68	83	208	145	|
|312	53	490	219	63	193	377	204	174	336	423	429	267	351	107	302	212	487	282	228	288	492	110	244	353	226	113	267	452	359	0	195	145	194	283	199	407	115	421	254	296	394	415	425	521	237	|
|426	176	554	276	229	233	457	9	195	383	421	505	333	383	99	457	111	432	221	266	209	384	195	359	456	36	90	92	391	340	195	0	122	378	426	289	451	275	421	226	406	404	408	423	427	197	|
|305	99	436	155	145	112	336	126	75	266	320	385	213	270	125	344	70	358	144	147	146	348	85	239	334	156	63	148	321	244	145	122	0	286	310	168	336	177	320	128	285	298	309	322	381	103	|
|206	202	407	235	148	246	297	386	258	308	422	342	244	333	300	135	354	525	372	258	390	578	203	167	250	412	288	432	502	390	194	378	286	0	144	191	362	109	418	329	202	388	421	423	591	329	|
|71	263	266	187	221	221	163	432	251	202	318	203	161	229	374	45	364	436	338	211	362	517	230	81	110	462	339	454	422	310	283	426	310	144	0	150	239	168	313	294	77	285	321	319	518	306	|
|137	157	292	45	142	70	181	294	102	141	242	233	70	159	260	191	216	336	193	68	215	389	103	73	168	324	211	306	311	200	199	289	168	191	150	0	210	113	239	148	117	210	238	244	400	157	|
|169	361	108	192	352	228	84	453	262	72	100	88	140	68	452	279	348	227	256	191	280	344	303	196	140	481	394	429	229	148	407	451	336	362	239	210	0	318	95	231	164	79	111	100	325	258	|
|200	101	388	150	53	148	274	283	153	252	355	325	181	272	210	189	245	443	270	169	286	480	95	135	243	311	186	325	415	308	115	275	177	109	168	113	318	0	352	230	187	323	351	357	498	225	|
|247	370	186	205	374	228	175	421	254	112	5	182	175	86	443	356	312	132	206	193	226	251	311	253	226	447	382	382	134	83	421	421	320	418	313	239	95	352	0	196	237	30	19	6	230	224	|
|260	201	337	107	226	84	256	226	81	169	195	297	145	163	252	337	118	234	45	83	68	251	150	213	274	253	190	199	199	117	254	226	128	329	294	148	231	230	196	0	240	178	184	198	272	29	|
|20	264	207	140	234	180	95	411	216	127	241	143	97	153	372	120	329	361	283	159	308	448	217	53	56	441	327	419	348	238	296	406	285	202	77	117	164	187	237	240	0	208	245	242	446	257	|
|219	344	181	177	346	202	152	404	230	82	34	167	145	56	420	328	295	156	193	166	215	265	284	223	201	430	359	369	152	74	394	404	298	388	285	210	79	323	30	178	208	0	37	35	250	206	|
|256	364	205	202	370	222	188	408	246	118	15	199	177	92	433	364	298	119	191	188	210	233	305	257	238	433	371	366	118	68	415	408	309	421	321	238	111	351	19	184	245	37	0	17	214	212	|
|253	374	190	210	378	232	180	423	257	117	2	187	180	91	446	362	313	127	206	197	226	246	315	258	232	448	384	382	130	83	425	423	322	423	319	244	100	357	6	198	242	35	17	0	225	226	|
|460	469	408	356	498	351	402	422	353	322	225	412	359	296	494	563	330	102	239	333	235	54	422	444	449	436	436	348	98	208	521	427	381	591	518	400	325	498	230	272	446	250	214	225	0	285	|
|278	184	364	119	215	87	280	198	72	195	224	323	165	190	227	348	90	255	46	98	61	259	139	226	294	225	165	172	219	145	237	197	103	329	306	157	258	225	224	29	257	206	212	226	285	0	|

--------------------------------------------------------------------------------
Building model...
	using lazy and cut (CVRPSEP package)
Solving IRP LP...
--------------------------------------------------------------------------------

Gurobi 9.1.0 (linux64) logging started Sat Jan  9 03:28:44 2021

Gurobi Optimizer version 9.1.0 build v9.1.0rc0 (linux64)
Thread count: 32 physical cores, 32 logical processors, using up to 2 threads
Optimize a model with 1849 rows, 17074 columns and 38977 nonzeros
Model fingerprint: 0xe88b8770
Variable types: 859 continuous, 16215 integer (690 binary)
Coefficient statistics:
  Matrix range     [1e+00, 8e+06]
  Objective range  [1e-01, 6e+02]
  Bounds range     [1e+00, 3e+02]
  RHS range        [1e+01, 6e+03]
Presolve removed 184 rows and 46 columns
Presolve time: 0.06s
Presolved: 1665 rows, 17028 columns, 37352 nonzeros
Variable types: 813 continuous, 16215 integer (15540 binary)

Root relaxation: objective 1.323538e+04, 2226 iterations, 0.10 seconds

    Nodes    |    Current Node    |     Objective Bounds      |     Work
 Expl Unexpl |  Obj  Depth IntInf | Incumbent    BestBd   Gap | It/Node Time

     0     0 13235.3799    0  170          - 13235.3799      -     -    0s
     0     0 13547.5338    0  230          - 13547.5338      -     -    0s
     0     0 13556.7712    0  194          - 13556.7712      -     -    0s
     0     0 13556.8319    0  223          - 13556.8319      -     -    0s
     0     0 13960.1067    0  243          - 13960.1067      -     -    1s
     0     0 13963.5049    0  232          - 13963.5049      -     -    1s
     0     0 13964.0281    0  228          - 13964.0281      -     -    1s
     0     0 13964.0832    0  231          - 13964.0832      -     -    1s
     0     0 14084.6591    0  229          - 14084.6591      -     -    1s
     0     0 14088.8947    0  294          - 14088.8947      -     -    2s
     0     0 14089.3347    0  289          - 14089.3347      -     -    3s
     0     0 14155.5593    0  311          - 14155.5593      -     -    4s
     0     0 14163.4051    0  323          - 14163.4051      -     -    4s
     0     0 14170.2081    0  302          - 14170.2081      -     -    4s
     0     0 14170.8071    0  304          - 14170.8071      -     -    4s
     0     0 14267.1771    0  294          - 14267.1771      -     -    5s
     0     0 14282.6137    0  298          - 14282.6137      -     -    5s
     0     0 14283.7432    0  322          - 14283.7432      -     -    5s
     0     0 14352.5661    0  312          - 14352.5661      -     -    6s
     0     0 14362.3464    0  391          - 14362.3464      -     -    7s
     0     0 14363.2403    0  407          - 14363.2403      -     -    7s
     0     0 14404.4727    0  378          - 14404.4727      -     -    8s
     0     0 14418.0842    0  497          - 14418.0842      -     -    9s
     0     0 14421.0268    0  482          - 14421.0268      -     -   10s
     0     0 14424.6490    0  406          - 14424.6490      -     -   10s
     0     0 14424.8769    0  500          - 14424.8769      -     -   10s
     0     0 14438.2310    0  412          - 14438.2310      -     -   11s
     0     0 14442.1040    0  474          - 14442.1040      -     -   12s
     0     0 14442.6414    0  520          - 14442.6414      -     -   12s
     0     0 14503.4271    0  558          - 14503.4271      -     -   15s
     0     0 14514.2946    0  538          - 14514.2946      -     -   18s
     0     0 14520.5848    0  568          - 14520.5848      -     -   26s
     0     0 14520.7778    0  580          - 14520.7778      -     -   26s
     0     0 14531.9743    0  556          - 14531.9743      -     -   27s
     0     0 14535.3710    0  524          - 14535.3710      -     -   27s
     0     0 14536.5823    0  588          - 14536.5823      -     -   28s
     0     0 14554.1770    0  535          - 14554.1770      -     -   29s
     0     0 14554.1770    0  535          - 14554.1770      -     -   29s
     0     2 14554.1770    0  536          - 14554.1770      -     -   32s
     5     8 14574.7061    2  616          - 14565.8911      -  1026   35s
    11    14 14567.4000    4  660          - 14567.1449      -   902   52s
    15    18 14573.6733    5  636          - 14567.1449      -   891   55s
    38    45 14607.6691   12  533          - 14567.1449      -   682   60s
    57    58 infeasible   19               - 14567.1449      -   878   70s
    69    72 14801.8616   25  437          - 14567.1449      -   935   75s
    91    96 14790.3519   33  305          - 14567.1449      -   837   80s
   132   135 14895.1854   45  191          - 14567.1449      -   701   85s
   171   170 14986.3109   58  235          - 14567.1449      -   637   90s
   198   193 15094.9853   66  208          - 14567.1449      -   611   99s
   206   211 15232.3961   69  200          - 14567.1449      -   607  100s
   265   272 15816.9518   95  118          - 14567.1449      -   535  108s
   307   305 16004.2830  120  140          - 14567.1449      -   490  110s
   322   336 16129.6791  126   98          - 14567.1449      -   478  115s
   395   408 17144.3231  168   89          - 14567.1449      -   453  121s
   492   508 18536.8763  227   76          - 14567.1449      -   392  126s
   603   618 19677.0833  291   25          - 14567.1449      -   333  131s
   683   640 14638.3137    5  581          - 14574.7061      -   306  135s
   705   665 14686.9833    9  571          - 14574.7061      -   316  141s
   723   674 19259.5028  274  535          - 14574.7061      -   321  145s
   730   679 15913.3951  107  427          - 14582.5297      -   318  151s
   739   685 18171.1995  220  636          - 14642.1859      -   315  157s
   746   689 19768.2700  309  639          - 14650.5755      -   312  160s
   753   694 19347.1300  282  641          - 14658.3657      -   309  166s
   761   699 14837.4156   14  751          - 14671.4584      -   305  170s
   773   707 16136.8673  128  798          - 14675.0244      -   301  175s
   782   713 17548.6569  176  776          - 14677.4492      -   297  180s
   788   717 17907.8565  192  786          - 14677.6042      -   295  185s
   798   725 19752.0767  298  351          - 14677.6045      -   329  190s
   810   733 14683.7211   17  707          - 14683.7211      -   324  195s
   816   737 15971.5456  104  715          - 14685.1543      -   321  200s
   825   743 15849.3795  101  721          - 14689.2653      -   318  205s
   828   745 14782.5779   22  683          - 14689.7038      -   317  210s
   832   748 14689.7908    4  649          - 14689.7908      -   315  217s
   834   749 19193.4933  262  649          - 14689.7908      -   314  222s
   835   753 14690.6271   27  660          - 14690.6271      -   336  232s
   837   752 14708.8708   28  427          - 14691.1686      -   337  241s
   839   751 14700.4783   28  573          - 14700.4783      -   358  249s
   841   753 14748.3564   29  474          - 14701.4073      -   359  254s
   843   752 infeasible   30               - 14709.3612      -   361  255s
   850   758 14790.3567   32  386          - 14709.3612      -   362  260s
   860   765 14840.1569   35  380          - 14709.3612      -   365  265s
   881   784 14908.2014   43  391          - 14709.3612      -   368  270s
   926   811 15079.8704   56  402          - 14709.3612      -   364  276s
   956   832 15118.1251   65  261          - 14709.3612      -   363  280s
   987   856 15108.8177   76  268          - 14709.3612      -   360  285s
  1039   890 15219.8856   94  301          - 14709.3612      -   356  291s
  1079   909 14971.2453   69  381          - 14709.3612      -   353  295s
  1120   950 15305.4999  121  290          - 14709.3612      -   351  300s
  1179   990 15364.9193  141  319          - 14709.3612      -   347  306s
  1223  1019 15388.6619  154  317          - 14709.3612      -   345  310s
  1261  1049 15452.0725  167  302          - 14709.3612      -   346  315s
  1310  1083 15479.9117  184  301          - 14709.3612      -   344  320s
  1368  1125 15511.8968  205  295          - 14709.3612      -   341  325s
  1399  1147 15530.9944  216  307          - 14709.3612      -   340  330s
  1467  1200 15655.6091  239  265          - 14709.3612      -   337  336s
  1533  1216 15240.3289  140  288          - 14709.3612      -   332  340s
  1593  1286 15769.6776  282  270          - 14709.3612      -   329  346s
  1637  1314 15805.4105  297  273          - 14709.3612      -   327  350s
  1725  1384 16033.9460  331  261          - 14709.3612      -   323  358s
  1782  1430 16223.8890  353  254          - 14709.3612      -   318  362s
  1847  1476 16337.3787  379  260          - 14709.3612      -   314  369s
  1901  1458 15491.4835  183  363          - 14709.3612      -   309  370s
  1977  1555 16597.7197  429  270          - 14709.3612      -   305  379s
  2035  1536 15520.5811  198  380          - 14709.3612      -   300  380s
  2053  1556 16739.4388  458  236          - 14710.6766      -   300  387s
  2103  1562 14796.4525   31  410          - 14710.6766      -   299  391s
  2126  1581 14829.2378   34  388          - 14710.6766      -   300  396s
  2155  1605 14876.7152   36  351          - 14710.6766      -   301  402s
  2188  1643 14906.2748   46  313          - 14710.6766      -   302  407s
  2237  1677 14960.8259   61  247          - 14710.6766      -   301  412s
  2288  1720 15134.8158   71  277          - 14710.6766      -   300  418s
  2348  1781 15224.6167   86  283          - 14710.6766      -   300  424s
  2429  1876 15348.5072  117  215          - 14710.6766      -   297  430s
  2551  1959 15537.2327  182  270          - 14710.6766      -   290  437s
  2676  2116 15664.4887  240  249          - 14710.6766      -   284  446s
  2875  2221 16116.1069  353  188          - 14710.6766      -   271  456s
  3048  2410 16389.5348  423  176          - 14710.6766      -   262  466s
  3208  2399 16687.5272  439  111          - 14710.6766      -   253  470s
  3295  2690 16822.9534  527  158          - 14710.6766      -   250  479s
  3363  2690 16962.5674  575  126          - 14710.6766      -   246  480s
  3612  3052 17493.5155  631  157          - 14710.6766      -   235  493s
  3719  3052 18727.3597  692  134          - 14710.6766      -   231  495s
  4000  3238 18228.6817  698  130          - 14731.1035      -   218  509s
  4323  3257 14814.1628   30  588          - 14731.1314      -   207  518s
  4342  3266 14872.3523   37  386          - 14731.1314      -   209  526s
  4351  3280 14933.3884   39  561          - 14731.1314      -   211  534s
  4365  3296 14942.5007   39  520          - 14731.1314      -   214  541s
  4381  3316 14993.8595   43  567          - 14731.1314      -   215  548s
  4401  3325 15039.8455   43  496          - 14731.1314      -   217  554s
  4410  3351 15040.5649   47  528          - 14731.1314      -   219  560s
  4436  3367 15108.5664   47  489          - 14731.1314      -   221  566s
  4452  3394 15161.2059   54  483          - 14731.1314      -   223  573s
  4479  3433 15205.0006   57  400          - 14731.1314      -   224  579s
  4520  3483 15236.9591   61  433          - 14731.1314      -   226  587s
  4570  3535 15342.2695   69  363          - 14731.1314      -   227  594s
  4622  3599 15429.0654   80  344          - 14731.1314      -   228  602s
  4686  3673 infeasible  103               - 14731.1314      -   228  610s
  4762  3874 15634.7038  130  219          - 14731.1314      -   227  620s
  4963  4066 15796.4488  172  241          - 14731.1314      -   222  634s
  5019  4066 15885.5247  220  230          - 14731.1314      -   220  635s
  5161  4342 15977.2431  235  261          - 14731.1314      -   217  648s
  5315  4342 17893.7889  405  124          - 14731.1314      -   214  651s
  5443  4514 16166.3495  284  193          - 14731.1314      -   210  663s
  5548  4514 16445.8751  377  202          - 14731.1314      -   207  665s
  5648  4627 16518.7341  378  232          - 14731.1314      -   206  676s
  5767  4772 17022.9072  447  203          - 14731.1314      -   205  688s
  5822  4772 17188.4280  492  202          - 14731.1314      -   204  690s
  5916  4998 17754.8980  555  160          - 14731.1314      -   203  703s
  5986  4998 17986.7152  594  146          - 14731.1314      -   201  705s
  6038  4998 18282.2913  622  125          - 14731.1314      -   200  711s
  6154  5201 19354.2903  690  125          - 14731.1314      -   199  729s
  6239  5201 20392.5408  724  110          - 14731.1314      -   198  730s
  6485  5217 infeasible  775               - 14739.5704      -   193  742s
  6509  5249 14891.5291   38  596          - 14739.5704      -   194  752s
  6543  5283 15044.2989   48  218          - 14739.5704      -   196  761s
  6577  5332 15113.4129   56  161          - 14739.5704      -   197  771s
  6626  5374 15350.1987   71  196          - 14739.5704      -   198  782s
  6668  5455 15457.4725   86   93          - 14739.5704      -   199  803s
  6751  5610 15563.2225  124   90          - 14739.5704      -   200  816s
  6914  5766 16228.4354  218  101          - 14760.3884      -   198  831s
  7101  5825 15149.1205   33  521          - 14760.3884      -   195  844s
  7160  5908 15247.3220   40  428          - 14760.3884      -   196  856s
  7211  5908 15816.4265  165  221          - 14760.3884      -   197  860s
  7243  6071 15364.1484   50  273          - 14760.3884      -   196  877s
  7401  6071 16038.3301  260  141          - 14760.3884      -   196  880s
  7408  6490 15509.9977   73  196          - 14760.3884      -   196  899s
  7459  6490 15630.3191  106  120          - 14760.3884      -   195  900s
  7755  6490 16295.3726  442   63          - 14760.3884      -   190  905s
  7827  7151 16055.1758  153  124          - 14760.3884      -   189  930s
  8111  7151 16515.5645  597   49          - 14760.3884      -   184  935s
  8405  7151 18106.0209  810   10          - 14760.3884      -   178  940s
  8529  7560 16689.5408  272   92          - 14773.2945      -   176  965s
  8700  7560 17302.1012  379   20          - 14773.2945      -   174  976s
  8953  7576 15012.4929   33  542          - 14773.2945      -   171  992s
  8969  7598 15105.7830   39  532          - 14773.2945      -   172 1005s
  8991  7635 15165.8736   47  486          - 14773.2945      -   173 1021s
  9028  7662 15276.0613   61  313          - 14773.2945      -   175 1035s
  9057  7718 15556.9659   77  274          - 14773.2945      -   175 1048s
  9113  7820 15628.4911   91  263          - 14773.2945      -   177 1064s
  9131  7820 15802.6487   99  226          - 14773.2945      -   177 1065s
  9217  8018 15897.5331  132  208          - 14773.2945      -   177 1083s
  9234  8018 15933.7493  144  128          - 14773.2945      -   177 1085s
  9415  8460 16354.7498  231  100          - 14773.2945      -   177 1107s
  9585  8460 16839.1103  344   74          - 14773.2945      -   175 1110s
  9861  9313 17093.8216  416   73          - 14773.2945      -   172 1137s
 10014  9313 17833.5749  542   80          - 14773.2945      -   170 1140s
 10313  9313 19166.8737  782   83          - 14773.2945      -   166 1145s
 10548  9313 17661.0007  370   65          - 14773.2945      -   163 1150s
 10842  9313 19684.3134  487   19          - 14773.2945      -   159 1155s
 10866  9473 19776.6821  820   78          - 14789.1347      -   160 1171s
 11068  9501 14913.4645   35  559          - 14789.1347      -   159 1187s
 11094  9501 15357.7913   53  383          - 14789.1347      -   160 1195s
 11096  9560 15036.7371   38  363          - 14789.1347      -   160 1207s
 11155  9676 15316.5133   54  216          - 14789.1347      -   162 1223s
 11270  9676 15717.9015  107  145          - 14789.1347      -   162 1226s
 11273  9873 15468.4142   82  144          - 14789.1347      -   162 1240s
 11474 10470 15807.0558  143  157          - 14789.1347      -   162 1267s
 11527 10470 16352.1154  163  117          - 14789.1347      -   162 1271s
 11773 10470 16304.7489  174   96          - 14789.1347      -   159 1275s
 12046 10470 16728.3727  388  139          - 14789.1347      -   157 1280s
 12105 10790 infeasible  289               - 14793.1019      -   156 1296s
 12346 10790 17395.4268  553  134          - 14796.0877      -   155 1300s
 12482 10821 15078.2420   40  457          - 14796.0877      -   154 1314s
 12513 10880 15281.9980   47  402          - 14796.0877      -   155 1327s
 12572 11118 15507.2988   64  145          - 14796.0877      -   156 1346s
 12708 11118 15761.9800  157   20          - 14796.0877      -   156 1350s
 12814 11613 16327.7280  222   36          - 14796.5290      -   156 1371s
 13069 11613 17190.6246  399    6          - 14796.5290      -   153 1375s
 13396 11720 15137.1478   40  393          - 14796.5290      -   151 1390s
 13466 12032 15116.4180   46  547          - 14796.5290      -   152 1408s
 13568 12032 16338.8289  182   81          - 14796.5290      -   152 1410s
 13788 12190 15211.1592   54  490          - 14796.5290      -   151 1436s
 13977 12238 15312.5344   63  373          - 14796.5290      -   150 1450s
 14025 12297 15511.7768   80  329          - 14796.5290      -   151 1464s
 14058 12297 15187.2095   53  263          - 14796.5290      -   152 1465s
 14084 12435 15627.3610   94  323          - 14796.5290      -   152 1478s
 14222 13018 15986.4298  141  179          - 14796.5290      -   153 1499s
 14239 13018 16003.3561  145  130          - 14796.5290      -   152 1500s
 14546 13018 17440.0144  345   88          - 14796.5290      -   150 1505s
 14807 13382 18074.5733  422   82          - 14813.1521      -   149 1525s
 15082 13382 16886.2253  205  111          - 14813.7905      -   148 1530s
 15219 13402 15004.1882   38  491          - 14813.7905      -   147 1543s
 15239 13435 15063.9686   41  431          - 14813.7905      -   148 1556s
 15272 13481 15268.4911   48  406          - 14813.7905      -   149 1569s
 15290 13481 15542.1600   55  281          - 14813.7905      -   150 1570s
 15318 13564 15599.8833   56  246          - 14813.7905      -   150 1584s
 15335 13564 15496.4925   71  234          - 14813.7905      -   150 1585s
 15401 13868 15868.6258  101  174          - 14813.7905      -   151 1602s
 15486 13868 16059.2071  162   98          - 14813.7905      -   151 1605s
 15705 14264 16675.7654  302  112          - 14814.1735      -   150 1630s
 16021 14264 18955.6737  511   43          - 14814.1735      -   148 1635s
 16173 14305 15078.7321   31  700          - 14818.9380      -   147 1651s
 16214 14362 15353.4347   41  350          - 14818.9380      -   148 1664s
 16273 14470 15461.9455   47  473          - 14818.9380      -   149 1680s
 16381 14734 15592.0575   54  405          - 14818.9380      -   150 1698s
 16500 14734 16034.9500  214  109          - 14818.9380      -   149 1700s
 16671 14803 15680.1828   62  399          - 14818.9380      -   149 1717s
 16740 14986 15795.4403   67  196          - 14818.9380      -   149 1735s
 16951 15278 15973.3809  104  237          - 14818.9380      -   149 1773s
 17036 15278 16138.7462  173  148          - 14818.9380      -   149 1775s
 17273 15586 16286.3206  222  134          - 14818.9380      -   148 1800s
 17607 16038 18134.3992  402   79          - 14821.2398      -   147 1826s
 17795 16038 18551.1599  550   42          - 14821.2398      -   146 1830s
 18118 16088 14947.3356   36  543          - 14821.2398      -   145 1861s
 18208 16126 15076.0018   42  468          - 14821.2398      -   145 1883s
 18246 16214 15267.9871   46  314          - 14821.2398      -   146 1907s
 18334 16410 15191.8222   52  381          - 14821.2398      -   146 1937s
 18461 16410 16221.6915  181   54          - 14821.2398      -   146 1945s
 18570 16455 15237.7420   56  438          - 14821.2398      -   146 1970s
 18615 16523 15329.6708   63  293          - 14821.2398      -   146 1995s
 18685 16627 15425.1164   74  295          - 14821.2398      -   147 2020s
 18807 16753 15528.5202   90  261          - 14821.2398      -   147 2043s
 18875 16753 15753.1909  123  144          - 14821.2398      -   148 2045s
 18935 17141 15815.0979  143  129          - 14821.2398      -   148 2069s
 18969 17141 15915.5864  167  119          - 14821.2398      -   148 2070s
 19327 17540 17981.5565  318   81          - 14829.2409      -   147 2092s
 19733 17540 17656.7770  313  120          - 14829.2409      -   145 2098s
 19750 17540 17878.9250  326  117          - 14829.2409      -   145 2100s
 19770 17717 15097.8373   40  517          - 14829.2409      -   145 2123s
 20003 17740 15327.3119   53  348          - 14829.2409      -   145 2149s
 20026 17803 15385.2113   54  312          - 14829.2409      -   145 2175s
 20089 18271 15562.6724   72  157          - 14829.2409      -   146 2206s
 20301 18271 15688.1377  169   73          - 14829.2409      -   146 2210s
 20335 18271 15711.9977  203   30          - 14829.2409      -   146 2215s
 20559 18521 15913.8565  107  124          - 14829.2409      -   144 2236s
 20888 19181 16424.9643  160   60          - 14833.2694      -   143 2266s
 21163 19181 17455.0179  389   54          - 14833.2694      -   142 2270s
 21614 19285 15004.0278   37  470          - 14833.2694      -   140 2289s
 21642 19285 15871.9784   97  183          - 14833.2694      -   140 2290s
 21690 19316 15215.8208   43  407          - 14833.2694      -   140 2305s
 21743 19362 15375.5732   50  325          - 14833.2694      -   141 2319s
 21777 19362 15064.7354   35  546          - 14833.2694      -   141 2320s
 21789 19425 15555.2943   63  242          - 14833.2694      -   142 2332s
 21852 19542 15751.1513   79  206          - 14833.2694      -   142 2347s
 21969 19752 15955.0471  138  125          - 14833.2694      -   142 2363s
 22088 19752 16660.8076  203  125          - 14833.2694      -   142 2365s
 22183 19997 16958.0003  242  128          - 14836.0530      -   142 2380s
 22464 20360 15576.3950   44  313          - 14836.0530      -   142 2402s
 22631 20360 16989.5060  232   63          - 14836.0530      -   142 2405s
 22863 20496 16129.2197   73  256          - 14836.0562      -   141 2427s
 23114 20585 15011.5525   40  264          - 14837.5647      -   141 2442s
 23159 20716 15227.4060   54  254          - 14837.5647      -   141 2454s
 23227 20716 15547.8204   98   80          - 14837.5647      -   141 2455s
 23290 21548 15835.9716  103   70          - 14837.5647      -   142 2476s
 23511 21548 16074.3776  281   41          - 14837.5647      -   141 2480s
 23851 21548 15575.1489  129   45          - 14837.5647      -   139 2485s
 24219 21548 18629.1497  398   55          - 14837.5647      -   138 2490s
 24228 21620 20140.3059  468   13          - 14837.7916      -   138 2504s
 24282 21620 20593.1484  505   10          - 14837.7916      -   138 2505s
 24332 21649 15069.0428   38  497          - 14837.7916      -   138 2520s
 24361 21678 15220.4418   44  449          - 14837.7916      -   139 2535s
 24392 21736 infeasible   51               - 14837.7916      -   139 2549s
 24452 21900 15712.9005   73  113          - 14837.7916      -   140 2563s
 24618 22612 16065.7109  109  101          - 14837.7916      -   140 2589s
 24686 22612 16254.0370  156   81          - 14837.7916      -   140 2590s
 24954 22612 16669.7275  286   24          - 14837.7916      -   140 2595s
 25249 22641 18812.2700  431    4          - 14837.7916      -   138 2600s
 25464 22782 17419.6267  188  133          - 14838.0689      -   137 2625s
 25634 22814 15175.3076   39  478          - 14838.0689      -   137 2647s
 25666 22860 15288.8231   48  447          - 14838.0689      -   138 2671s
 25712 22982 15445.2607   60  326          - 14838.0689      -   138 2696s
 25838 23403 15569.4797   79  293          - 14838.0689      -   139 2714s
 25857 23403 15599.1007   92  300          - 14838.0689      -   139 2715s
 26208 23403 16666.9208  355   56          - 14838.0689      -   138 2730s
 26257 23590 15914.5246  126  147          - 14838.0689      -   138 2743s
 26325 23590 16031.1194  168  143          - 14838.0689      -   138 2745s
 26492 23838 16121.4691  203  146          - 14838.0689      -   138 2763s
 26560 23838 16248.9071  256  110          - 14838.0689      -   137 2765s
 26740 24126 17263.8558  338   20          - 14840.2218      -   137 2785s
 27101 24238 15261.0538   44  342          - 14840.2218      -   136 2808s
 27202 24238 16201.2925  113   90          - 14840.2218      -   137 2810s
 27206 24640 15603.9872   62  276          - 14840.8828      -   137 2829s
 27229 24640 15763.1451   72  245          - 14840.8828      -   137 2851s
 27644 25020 15047.7051   36  590          - 14840.8828      -   136 2876s
 27913 25020 19840.2954  492   75          - 14840.8828      -   135 2880s
 28081 25059 15215.2130   41  466          - 14840.8828      -   135 2895s
 28105 25099 15245.0403   46  462          - 14840.8828      -   135 2907s
 28145 25164 15449.0334   53  382          - 14840.8828      -   136 2938s
 28210 25290 15624.6080   70  218          - 14840.8828      -   136 2953s
 28298 25290 15552.0333   87  180          - 14840.8828      -   136 2955s
 28338 25616 16114.1092  108  123          - 14840.8828      -   137 3111s
 28670 25998 17112.4057  211   63          - 14842.3620      -   136 3133s
 28739 25998 17608.0282  253   49          - 14842.3620      -   136 3135s
 29028 26000 16916.9737  248   73          - 14843.1171      -   135 3140s
 29110 26051 15340.9627   52  316          - 14843.1171      -   135 3162s
 29161 26132 15696.0897   66  253          - 14843.1171      -   136 3174s
 29195 26132 16013.7627   76  253          - 14843.1171      -   136 3175s
 29244 26195 16227.5384   87  225          - 14844.3394      -   136 3196s
 29343 26345 14999.3555   37  529          - 14844.3394      -   137 3220s
 29493 26736 15076.1076   39  500          - 14844.3394      -   137 3260s
 29712 26736 16376.6387  343   86          - 14844.3394      -   137 3265s
 29946 26806 15265.8949   45  360          - 14844.3394      -   136 3284s
 30020 26850 15517.6455   54  209          - 14844.3394      -   136 3306s
 30096 26912 15822.8236   79   86          - 14845.1133      -   137 3328s
 30172 26968 15290.5910   42  263          - 14845.1133      -   137 3406s
 30230 27086 15748.8566   56  236          - 14845.1133      -   138 3431s
 30356 27158 16660.9013  103  172          - 14846.9973      -   138 3456s
 30376 27158 16954.1305  111  155          - 14846.9973      -   138 3483s
 30460 27300 15231.5628   43  500          - 14846.9973      -   138 3508s
 30590 27300 16225.9361  169   62          - 14846.9973      -   138 3510s
 30602 27608 15388.3408   49  301          - 14846.9973      -   138 3546s
 30972 27655 15531.6375   55  183          - 14846.9973      -   138 3575s
