




arguments: ./build/irp_solver -f ./input/SF-5.cfg
Current dir: /scratch/mardar/irp_lp_solver-master
File verbosity level: 9
date       time         ( uptime  ) [ thread name/id ]                   file:line     v| 
2020-12-09 20:30:56.666 (   0.034s) [main thread     ]             loguru.cpp:789   INFO| Logging to './output/SF/OU/5/execution_09_12_2020_20_30_56.log', mode: 'a', verbosity: 9
--------------------------------------------------------------------------------
Parameters
                           instance_path                    ./input/Instances/5/
                            model_policy                                       1
                             nb_vehicles                                       1
                              output_dir                       ./output/SF/OU/5/
                            sec_strategy                                       1
                       solver_nb_threads                                       2
                         solver_show_log                                   false
                       solver_time_limit                                    3600
--------------------------------------------------------------------------------
executing instance: ./input/Instances/5/absH3high_2n15_5.dat
--------------------------------------------------------------------------------
Instance details
n	16
H	3
C	1185
Li:
[0, 0, 0, 0, 0, 0, 0, 0, 0, 0, 0, 0, 0, 0, 0, 0, ]
Ui:
[0, 110, 166, 102, 33, 72, 174, 20, 156, 190, 189, 189, 213, 92, 166, 60, ]
Distance matrix:
|0	376	211	320	316	152	373	209	64	252	244	169	68	226	166	203	|
|376	0	558	186	279	511	4	404	426	149	230	368	378	215	211	256	|
|211	558	0	530	398	62	556	211	209	454	365	216	182	362	353	323	|
|320	186	530	0	393	472	183	442	346	99	314	397	355	287	204	314	|
|316	279	398	393	0	377	280	190	380	297	88	184	267	117	225	117	|
|152	511	62	472	377	0	508	202	147	400	332	193	134	325	303	289	|
|373	4	556	183	280	508	0	402	422	144	229	366	375	214	208	255	|
|209	404	211	442	190	202	402	0	260	347	179	47	140	189	239	148	|
|64	426	209	346	380	147	422	260	0	292	308	226	122	289	220	267	|
|252	149	454	99	297	400	144	347	292	0	216	302	274	188	109	215	|
|244	230	365	314	88	332	229	179	308	216	0	152	207	29	137	44	|
|169	368	216	397	184	193	366	47	226	302	152	0	103	156	193	114	|
|68	378	182	355	267	134	375	140	122	274	207	103	0	196	171	163	|
|226	215	362	287	117	325	214	189	289	188	29	156	196	0	109	42	|
|166	211	353	204	225	303	208	239	220	109	137	193	171	109	0	120	|
|203	256	323	314	117	289	255	148	267	215	44	114	163	42	120	0	|

--------------------------------------------------------------------------------
Building model...
	using lazy and cut (CVRPSEP package)
Solving IRP LP...


Gurobi 9.1.0 (linux64) logging started Wed Dec  9 20:30:57 2020

================================================================================
executing instance: ./input/Instances/5/absH6low_2n5_5.dat
--------------------------------------------------------------------------------
Instance details
n	6
H	6
C	405
Li:
[0, 0, 0, 0, 0, 0, ]
Ui:
[0, 249, 93, 58, 231, 150, ]
Distance matrix:
|0	318	170	235	112	35	|
|318	0	311	137	278	326	|
|170	311	0	301	258	205	|
|235	137	301	0	160	230	|
|112	278	258	160	0	89	|
|35	326	205	230	89	0	|

--------------------------------------------------------------------------------
Building model...
	using lazy and cut (CVRPSEP package)
Solving IRP LP...


Gurobi 9.1.0 (linux64) logging started Wed Dec  9 20:30:58 2020

================================================================================
executing instance: ./input/Instances/5/absH3low_1n40_5.dat
--------------------------------------------------------------------------------
Instance details
n	41
H	3
C	3139
Li:
[0, 0, 0, 0, 0, 0, 0, 0, 0, 0, 0, 0, 0, 0, 0, 0, 0, 0, 0, 0, 0, 0, 0, 0, 0, 0, 0, 0, 0, 0, 0, 0, 0, 0, 0, 0, 0, 0, 0, 0, 0, ]
Ui:
[0, 171, 114, 114, 112, 180, 198, 165, 30, 270, 261, 136, 237, 123, 64, 86, 264, 195, 162, 116, 222, 252, 112, 46, 38, 112, 177, 50, 78, 54, 219, 141, 162, 33, 76, 156, 192, 184, 135, 30, 54, ]
Distance matrix:
|0	525	418	379	85	469	375	262	482	56	513	358	263	453	40	368	487	186	191	476	382	167	395	465	336	87	386	172	145	311	378	136	309	183	334	164	208	208	287	306	232	|
|525	0	354	379	610	193	342	457	124	570	14	389	405	234	512	304	56	463	437	83	283	443	199	68	330	441	248	375	391	249	203	396	237	363	196	364	340	340	240	223	313	|
|418	354	0	556	488	469	45	540	233	430	351	550	161	491	435	72	298	494	233	380	481	462	165	346	487	378	453	260	291	185	400	365	206	377	249	335	374	374	261	310	364	|
|379	379	556	0	438	202	517	141	436	435	366	23	481	160	342	484	384	204	450	296	96	214	417	317	69	308	132	360	344	371	184	270	350	224	313	272	210	210	295	247	205	|
|85	610	488	438	0	547	446	308	566	59	598	416	329	528	104	444	572	236	255	560	454	226	478	550	404	170	461	254	228	394	458	218	393	262	419	248	287	287	372	390	313	|
|469	193	469	202	547	0	441	313	283	522	182	217	454	43	442	402	216	345	455	113	115	336	306	145	173	382	91	369	370	302	94	333	281	285	228	313	261	261	243	193	237	|
|375	342	45	517	446	441	0	496	227	389	338	511	121	460	390	40	286	450	192	359	446	418	145	326	448	333	419	215	246	148	368	320	169	333	216	291	331	331	223	274	323	|
|262	457	540	141	308	313	496	0	480	315	444	118	429	278	222	470	446	75	380	380	199	99	432	390	140	210	224	300	275	365	256	191	348	164	330	210	166	166	294	265	180	|
|482	124	233	436	566	283	227	480	0	518	124	440	310	318	479	193	73	466	356	174	342	440	98	139	375	407	307	315	338	174	252	369	173	350	158	334	332	332	204	217	309	|
|56	570	430	435	59	522	389	315	518	0	558	414	270	508	94	388	529	240	197	525	438	222	427	512	393	141	441	204	181	345	431	189	346	238	375	213	262	262	330	354	285	|
|513	14	351	366	598	182	338	444	124	558	0	376	398	222	500	300	53	450	428	71	270	430	194	54	316	429	235	364	380	240	189	383	228	349	185	351	327	327	229	210	300	|
|358	389	550	23	416	217	511	118	440	414	376	0	469	177	321	478	391	181	436	306	107	192	415	325	66	289	141	346	329	366	190	253	345	209	311	257	196	196	289	244	194	|
|263	405	161	481	329	454	121	429	310	270	398	469	0	463	284	132	352	370	73	398	428	338	213	370	415	238	409	129	156	161	367	239	178	268	231	219	275	275	211	264	276	|
|453	234	491	160	528	43	460	278	318	508	222	177	463	0	424	422	253	317	457	152	80	311	331	182	139	367	67	368	365	316	96	320	295	270	244	303	246	246	252	199	225	|
|40	512	435	342	104	442	390	222	479	94	500	321	284	424	0	380	477	147	215	458	351	129	396	450	303	72	357	179	149	312	354	117	307	158	325	149	183	183	278	290	209	|
|368	304	72	484	444	402	40	470	193	388	300	478	132	422	380	0	248	427	196	320	410	396	106	287	415	318	382	201	232	113	330	300	134	308	179	269	304	304	189	238	293	|
|487	56	298	384	572	216	286	446	73	529	53	391	352	253	477	248	0	443	387	104	288	420	143	72	328	406	253	330	349	198	200	363	189	334	154	329	314	314	201	194	288	|
|186	463	494	204	236	345	450	75	466	240	450	181	370	317	147	427	443	0	315	393	237	32	405	396	181	140	255	242	214	330	272	132	316	122	309	159	134	134	267	251	157	|
|191	437	233	450	255	455	192	380	356	197	428	436	73	457	215	196	387	315	0	416	410	284	259	393	388	177	397	91	107	189	363	190	200	228	247	179	240	240	215	262	248	|
|476	83	380	296	560	113	359	380	174	525	71	306	398	152	458	320	104	393	416	0	200	376	216	36	249	389	165	342	352	237	124	342	221	302	169	312	278	278	204	171	251	|
|382	283	481	96	454	115	446	199	342	438	270	107	428	80	351	410	288	237	410	200	0	234	332	221	59	300	36	320	311	298	90	254	277	204	233	243	182	182	225	172	166	|
|167	443	462	214	226	336	418	99	440	222	430	192	338	311	129	396	420	32	284	376	234	0	376	376	180	111	247	210	183	299	258	99	286	92	282	127	107	107	239	226	132	|
|395	199	165	417	478	306	145	432	98	427	194	415	213	331	396	106	143	405	259	216	332	376	0	182	350	326	301	224	250	84	246	293	91	284	105	258	272	272	139	173	253	|
|465	68	346	317	550	145	326	390	139	512	54	325	370	182	450	287	72	396	393	36	221	376	182	0	264	380	185	323	336	210	136	333	194	297	146	302	275	275	185	160	248	|
|336	330	487	69	404	173	448	140	375	393	316	66	415	139	303	415	328	181	388	249	59	180	350	264	0	258	86	297	283	302	128	216	282	167	246	212	149	149	226	179	140	|
|87	441	378	308	170	382	333	210	407	141	429	289	238	367	72	318	406	140	177	389	300	111	326	380	258	0	301	118	87	242	291	49	236	97	253	78	121	121	206	220	145	|
|386	248	453	132	461	91	419	224	307	441	235	141	409	67	357	382	253	255	397	165	36	247	301	185	86	301	0	307	302	272	56	253	250	204	204	237	180	180	201	147	159	|
|172	375	260	360	254	369	215	300	315	204	364	346	129	368	179	201	330	242	91	342	320	210	224	323	297	118	307	0	31	141	276	111	143	141	179	91	151	151	138	178	157	|
|145	391	291	344	228	370	246	275	338	181	380	329	156	365	149	232	349	214	107	352	311	183	250	336	283	87	302	31	0	166	277	84	165	121	196	72	135	135	151	184	146	|
|311	249	185	371	394	302	148	365	174	345	240	366	161	316	312	113	198	330	189	237	298	299	84	210	302	242	272	141	166	0	222	212	22	208	73	177	200	200	76	126	185	|
|378	203	400	184	458	94	368	256	252	431	189	190	367	96	354	330	200	272	363	124	90	258	246	136	128	291	56	276	277	222	0	242	201	196	151	220	172	172	156	103	146	|
|136	396	365	270	218	333	320	191	369	189	383	253	239	320	117	300	363	132	190	342	254	99	293	333	216	49	253	111	84	212	242	0	203	50	212	35	73	73	165	173	96	|
|309	237	206	350	393	281	169	348	173	346	228	345	178	295	307	134	189	316	200	221	277	286	91	194	282	236	250	143	165	22	201	203	0	194	53	167	184	184	56	105	168	|
|183	363	377	224	262	285	333	164	350	238	349	209	268	270	158	308	334	122	228	302	204	92	284	297	167	97	204	141	121	208	196	50	194	0	191	49	25	25	147	140	51	|
|334	196	249	313	419	228	216	330	158	375	185	311	231	244	325	179	154	309	247	169	233	282	105	146	246	253	204	179	196	73	151	212	53	191	0	178	175	175	48	68	153	|
|164	364	335	272	248	313	291	210	334	213	351	257	219	303	149	269	329	159	179	312	243	127	258	302	212	78	237	91	72	177	220	35	167	49	178	0	63	63	130	142	78	|
|208	340	374	210	287	261	331	166	332	262	327	196	275	246	183	304	314	134	240	278	182	107	272	275	149	121	180	151	135	200	172	73	184	25	175	63	0	0	133	120	27	|
|208	340	374	210	287	261	331	166	332	262	327	196	275	246	183	304	314	134	240	278	182	107	272	275	149	121	180	151	135	200	172	73	184	25	175	63	0	0	133	120	27	|
|287	240	261	295	372	243	223	294	204	330	229	289	211	252	278	189	201	267	215	204	225	239	139	185	226	206	201	138	151	76	156	165	56	147	48	130	133	133	0	54	114	|
|306	223	310	247	390	193	274	265	217	354	210	244	264	199	290	238	194	251	262	171	172	226	173	160	179	220	147	178	184	126	103	173	105	140	68	142	120	120	54	0	94	|
|232	313	364	205	313	237	323	180	309	285	300	194	276	225	209	293	288	157	248	251	166	132	253	248	140	145	159	157	146	185	146	96	168	51	153	78	27	27	114	94	0	|

--------------------------------------------------------------------------------
Building model...
	using lazy and cut (CVRPSEP package)
Solving IRP LP...


Gurobi 9.1.0 (linux64) logging started Wed Dec  9 20:30:58 2020

================================================================================
executing instance: ./input/Instances/5/absH3low_5n10_5.dat
--------------------------------------------------------------------------------
Instance details
n	11
H	3
C	960
Li:
[0, 0, 0, 0, 0, 0, 0, 0, 0, 0, 0, ]
Ui:
[0, 134, 231, 78, 192, 178, 117, 178, 249, 93, 90, ]
Distance matrix:
|0	236	208	183	219	195	219	128	152	139	73	|
|236	0	422	294	250	358	40	349	143	158	251	|
|208	422	0	351	267	112	394	204	360	276	171	|
|183	294	351	0	393	372	303	157	151	290	255	|
|219	250	267	393	0	161	211	334	292	113	158	|
|195	358	112	372	161	0	324	255	333	201	129	|
|219	40	394	303	211	324	0	339	154	123	224	|
|128	349	204	157	334	255	339	0	230	266	176	|
|152	143	360	151	292	333	154	230	0	179	205	|
|139	158	276	290	113	201	123	266	179	0	112	|
|73	251	171	255	158	129	224	176	205	112	0	|

--------------------------------------------------------------------------------
Building model...
	using lazy and cut (CVRPSEP package)
Solving IRP LP...


Gurobi 9.1.0 (linux64) logging started Wed Dec  9 21:31:00 2020

================================================================================
executing instance: ./input/Instances/5/absH3low_4n30_5.dat
--------------------------------------------------------------------------------
Instance details
n	31
H	3
C	2436
Li:
[0, 0, 0, 0, 0, 0, 0, 0, 0, 0, 0, 0, 0, 0, 0, 0, 0, 0, 0, 0, 0, 0, 0, 0, 0, 0, 0, 0, 0, 0, 0, ]
Ui:
[0, 279, 123, 180, 64, 96, 51, 33, 182, 26, 106, 168, 87, 116, 198, 128, 198, 165, 32, 158, 210, 146, 126, 126, 276, 159, 62, 96, 78, 98, 51, ]
Distance matrix:
|0	362	238	227	335	347	150	325	220	278	137	333	177	318	286	225	286	197	79	306	85	121	245	59	180	104	65	145	50	76	101	|
|362	0	482	482	377	42	492	267	284	429	497	97	397	203	123	439	353	270	439	194	435	426	133	401	398	320	395	232	382	349	272	|
|238	482	0	446	215	487	323	290	448	106	265	408	412	330	460	47	186	422	206	326	183	119	350	278	85	339	174	267	188	177	245	|
|227	482	446	0	561	450	139	537	210	503	202	495	85	516	366	444	512	216	240	501	264	328	408	173	403	178	278	336	268	303	303	|
|335	377	215	561	0	399	472	115	477	110	429	282	499	178	412	174	50	449	354	184	332	270	272	393	182	402	298	254	302	260	269	|
|347	42	487	450	399	0	469	293	248	442	479	128	365	230	85	445	371	235	425	220	424	421	138	381	401	294	386	227	371	342	263	|
|150	492	323	139	472	469	0	473	272	396	64	477	156	468	395	331	424	262	121	456	145	213	387	95	297	177	174	292	171	216	250	|
|325	267	290	537	115	293	473	0	414	200	444	170	464	64	319	243	110	386	368	73	350	301	180	383	226	363	309	203	306	260	234	|
|220	284	448	210	477	248	272	414	0	460	308	319	130	373	162	425	431	29	289	358	302	339	247	213	375	117	284	223	268	272	217	|
|278	429	106	503	110	442	396	200	460	0	345	344	453	251	434	71	90	432	275	251	251	184	305	330	100	365	226	248	235	203	244	|
|137	497	265	202	429	479	64	444	308	345	0	469	206	447	412	277	382	294	76	436	97	162	382	101	250	200	135	280	138	184	237	|
|333	97	408	495	282	128	477	170	319	344	469	0	411	106	180	362	262	298	402	99	394	370	89	382	327	319	351	189	340	300	233	|
|177	397	412	85	499	365	156	464	130	453	206	411	0	438	282	402	450	132	216	423	236	293	326	136	356	101	238	261	225	250	233	|
|318	203	330	516	178	230	468	64	373	251	447	106	438	0	263	283	163	347	373	15	359	320	129	375	257	338	316	181	310	264	219	|
|286	123	460	366	412	85	395	319	162	434	412	180	282	263	0	423	375	151	366	250	368	377	141	312	375	218	334	193	319	298	219	|
|225	439	47	444	174	445	331	243	425	71	277	362	402	283	423	0	141	398	210	279	186	118	308	272	50	321	167	230	178	156	214	|
|286	353	186	512	50	371	424	110	431	90	382	262	450	163	375	141	0	402	307	165	286	225	238	344	139	353	250	208	253	211	220	|
|197	270	422	216	449	235	262	386	29	432	294	298	132	347	151	398	402	0	269	332	280	314	222	196	348	97	260	194	243	245	188	|
|79	439	206	240	354	425	121	368	289	275	76	402	216	373	366	210	307	269	0	362	24	92	317	81	177	172	59	213	64	109	170	|
|306	194	326	501	184	220	456	73	358	251	436	99	423	15	250	279	165	332	362	0	348	311	114	362	251	324	305	167	298	253	206	|
|85	435	183	264	332	424	145	350	302	251	97	394	236	359	368	186	286	280	24	348	0	68	310	100	154	185	43	206	54	95	164	|
|121	426	119	328	270	421	213	301	339	184	162	370	293	320	377	118	225	314	92	311	68	0	294	159	88	225	57	194	72	80	159	|
|245	133	350	408	272	138	387	180	247	305	382	89	326	129	141	308	238	222	317	114	310	294	0	293	265	232	268	104	256	219	147	|
|59	401	278	173	393	381	95	383	213	330	101	382	136	375	312	272	344	196	81	362	100	159	293	0	231	100	106	197	96	133	156	|
|180	398	85	403	182	401	297	226	375	100	250	327	356	257	375	50	139	348	177	251	154	88	265	231	0	272	127	182	135	107	164	|
|104	320	339	178	402	294	177	363	117	365	200	319	101	338	218	321	353	97	172	324	185	225	232	100	272	0	169	160	153	165	134	|
|65	395	174	278	298	386	174	309	284	226	135	351	238	316	334	167	250	260	59	305	43	57	268	106	127	169	0	164	17	52	123	|
|145	232	267	336	254	227	292	203	223	248	280	189	261	181	193	230	208	194	213	167	206	194	104	197	182	160	164	0	152	116	43	|
|50	382	188	268	302	371	171	306	268	235	138	340	225	310	319	178	253	243	64	298	54	72	256	96	135	153	17	152	0	46	110	|
|76	349	177	303	260	342	216	260	272	203	184	300	250	264	298	156	211	245	109	253	95	80	219	133	107	165	52	116	46	0	79	|
|101	272	245	303	269	263	250	234	217	244	237	233	233	219	219	214	220	188	170	206	164	159	147	156	164	134	123	43	110	79	0	|

--------------------------------------------------------------------------------
Building model...
	using lazy and cut (CVRPSEP package)
Solving IRP LP...


Gurobi 9.1.0 (linux64) logging started Wed Dec  9 21:31:00 2020

================================================================================
executing instance: ./input/Instances/5/absH3high_2n35_5.dat
--------------------------------------------------------------------------------
Instance details
n	36
H	3
C	2610
Li:
[0, 0, 0, 0, 0, 0, 0, 0, 0, 0, 0, 0, 0, 0, 0, 0, 0, 0, 0, 0, 0, 0, 0, 0, 0, 0, 0, 0, 0, 0, 0, 0, 0, 0, 0, 0, ]
Ui:
[0, 170, 237, 138, 255, 190, 288, 28, 39, 45, 96, 57, 183, 72, 111, 114, 146, 30, 114, 93, 56, 111, 112, 39, 94, 132, 58, 186, 70, 198, 116, 160, 45, 148, 132, 36, ]
Distance matrix:
|0	375	277	375	184	373	237	192	330	240	328	150	262	187	292	143	295	214	272	160	148	112	247	218	106	227	102	121	182	218	109	70	203	122	78	102	|
|375	0	600	437	485	339	250	564	56	569	97	479	533	559	165	352	245	548	108	534	296	469	197	362	362	327	475	294	413	232	478	380	239	470	430	278	|
|277	600	0	347	384	421	513	158	546	37	523	338	100	162	462	413	414	64	494	191	426	287	416	267	374	304	202	398	196	377	182	332	367	156	199	337	|
|375	437	347	0	558	112	514	438	385	340	340	520	247	438	273	495	192	340	363	442	465	472	257	157	466	159	401	434	208	238	382	441	244	341	342	328	|
|184	485	384	558	0	555	259	235	453	349	468	46	409	229	450	134	470	325	399	195	189	99	411	402	126	411	188	193	359	389	210	126	374	251	227	264	|
|373	339	421	112	555	0	458	481	292	407	243	522	324	480	184	468	109	400	282	476	428	480	184	172	446	149	425	400	245	182	411	430	193	375	362	299	|
|237	250	513	514	259	458	0	416	239	476	273	269	486	410	292	131	351	450	202	377	91	282	275	374	160	357	329	116	380	279	342	197	271	358	314	200	|
|192	564	158	438	235	481	416	0	516	131	507	192	218	6	459	296	437	113	458	42	326	148	412	309	260	338	91	305	237	375	87	220	361	108	137	286	|
|330	56	546	385	453	292	239	516	0	515	50	443	478	511	112	324	193	495	58	488	268	429	141	306	328	271	428	260	357	176	429	342	183	419	380	230	|
|240	569	37	340	349	407	476	131	515	0	494	304	97	134	434	375	390	26	461	160	388	252	388	245	336	281	166	360	172	349	145	295	338	118	162	301	|
|328	97	523	340	468	243	273	507	50	494	0	453	449	503	69	344	148	476	73	482	289	433	108	272	342	236	422	276	330	147	420	350	156	406	370	226	|
|150	479	338	520	46	522	269	192	443	304	453	0	364	186	429	138	442	279	387	151	188	54	388	364	118	376	142	185	317	362	165	103	347	205	184	239	|
|262	533	100	247	409	324	486	218	478	97	449	364	0	220	384	406	327	105	430	238	405	310	341	180	367	219	222	374	121	303	199	329	295	159	190	292	|
|187	559	162	438	229	480	410	6	511	134	503	186	220	0	455	290	434	116	453	36	319	142	408	307	254	335	85	299	236	371	82	214	357	105	133	281	|
|292	165	462	273	450	184	292	459	112	434	69	429	384	455	0	336	81	418	99	438	286	402	48	205	327	168	379	266	267	86	374	327	99	355	322	192	|
|143	352	413	495	134	468	131	296	324	375	344	138	406	290	336	0	370	349	272	255	56	154	303	340	39	337	215	70	320	289	232	81	276	258	218	170	|
|295	245	414	192	470	109	351	437	193	390	148	442	327	434	81	370	0	377	175	423	327	407	75	147	353	110	366	301	219	82	357	344	96	329	305	207	|
|214	548	64	340	325	400	450	113	495	26	476	279	105	116	418	349	377	0	441	139	362	227	371	234	310	269	141	335	160	332	119	269	320	93	136	278	|
|272	108	494	363	399	282	202	458	58	461	73	387	430	453	99	272	175	441	0	430	217	371	107	264	273	232	370	206	309	135	371	285	138	363	323	172	|
|160	534	191	442	195	476	377	42	488	160	482	151	238	36	438	255	423	139	430	0	286	106	391	304	219	329	60	267	236	356	66	180	341	101	118	258	|
|148	296	426	465	189	428	91	326	268	388	289	188	405	319	286	56	327	362	217	286	0	194	256	315	72	306	238	32	307	247	252	106	235	270	227	138	|
|112	469	287	472	99	480	282	148	429	252	433	54	310	142	402	154	407	227	371	106	194	0	358	318	122	332	88	182	267	329	111	91	314	152	132	210	|
|247	197	416	257	411	184	275	412	141	388	108	388	341	408	48	303	75	371	107	391	256	358	0	166	290	130	332	233	222	39	326	286	51	307	274	149	|
|218	362	267	157	402	172	374	309	306	245	272	364	180	307	205	340	147	234	264	304	315	318	166	0	310	38	255	283	75	130	239	284	126	203	193	177	|
|106	362	374	466	126	446	160	260	328	336	342	118	367	254	327	39	353	310	273	219	72	122	290	310	0	310	177	68	285	271	194	42	258	219	179	148	|
|227	327	304	159	411	149	357	338	271	281	236	376	219	335	168	337	110	269	232	329	306	332	130	38	310	0	277	275	110	97	263	289	96	230	214	168	|
|102	475	202	401	188	425	329	91	428	166	422	142	222	85	379	215	366	141	370	60	238	88	332	255	177	277	0	216	193	297	23	136	283	65	63	198	|
|121	294	398	434	193	400	116	305	260	360	276	185	374	299	266	70	301	335	206	267	32	182	233	283	68	275	216	0	275	220	228	91	208	242	198	107	|
|182	413	196	208	359	245	380	237	357	172	330	317	121	236	267	320	219	160	309	236	307	267	222	75	285	110	193	275	0	184	174	252	175	134	135	180	|
|218	232	377	238	389	182	279	375	176	349	147	362	303	371	86	289	82	332	135	356	247	329	39	130	271	97	297	220	184	0	291	263	15	269	239	125	|
|109	478	182	382	210	411	342	87	429	145	420	165	199	82	374	232	357	119	371	66	252	111	326	239	194	263	23	228	174	291	0	152	277	43	52	199	|
|70	380	332	441	126	430	197	220	342	295	350	103	329	214	327	81	344	269	285	180	106	91	286	284	42	289	136	91	252	263	152	0	248	178	139	138	|
|203	239	367	244	374	193	271	361	183	338	156	347	295	357	99	276	96	320	138	341	235	314	51	126	258	96	283	208	175	15	277	248	0	256	224	111	|
|122	470	156	341	251	375	358	108	419	118	406	205	159	105	355	258	329	93	363	101	270	152	307	203	219	230	65	242	134	269	43	178	256	0	44	194	|
|78	430	199	342	227	362	314	137	380	162	370	184	190	133	322	218	305	136	323	118	227	132	274	193	179	214	63	198	135	239	52	139	224	44	0	152	|
|102	278	337	328	264	299	200	286	230	301	226	239	292	281	192	170	207	278	172	258	138	210	149	177	148	168	198	107	180	125	199	138	111	194	152	0	|

--------------------------------------------------------------------------------
Building model...
	using lazy and cut (CVRPSEP package)
Solving IRP LP...


Gurobi 9.1.0 (linux64) logging started Wed Dec  9 21:31:09 2020

================================================================================
executing instance: ./input/Instances/5/absH3high_2n45_5.dat
--------------------------------------------------------------------------------
Instance details
n	46
H	3
C	3171
Li:
[0, 0, 0, 0, 0, 0, 0, 0, 0, 0, 0, 0, 0, 0, 0, 0, 0, 0, 0, 0, 0, 0, 0, 0, 0, 0, 0, 0, 0, 0, 0, 0, 0, 0, 0, 0, 0, 0, 0, 0, 0, 0, 0, 0, 0, 0, ]
Ui:
[0, 51, 87, 105, 132, 297, 123, 24, 78, 102, 26, 108, 114, 111, 240, 246, 20, 78, 60, 231, 160, 201, 160, 24, 66, 32, 255, 40, 20, 228, 240, 132, 42, 76, 126, 70, 246, 136, 96, 82, 174, 162, 160, 144, 22, 148, ]
Distance matrix:
|0	593	420	359	105	563	369	233	550	41	481	344	461	22	523	148	329	468	504	261	112	506	402	159	495	90	371	318	366	113	439	462	89	299	240	424	413	333	273	280	163	273	379	187	265	339	|
|593	0	474	356	647	78	499	463	48	576	280	508	178	573	77	565	365	304	110	521	521	106	395	482	114	542	422	337	420	499	174	137	516	352	472	260	262	283	423	332	431	338	227	432	368	264	|
|420	474	0	533	386	400	59	509	429	438	201	86	478	416	451	284	513	176	462	167	449	460	80	455	453	330	70	473	76	421	440	360	341	466	181	217	217	421	163	408	333	406	298	267	225	291	|
|359	356	533	0	453	374	517	141	333	324	442	507	178	336	280	423	30	449	245	462	250	250	466	201	242	362	463	61	458	246	187	286	325	73	406	374	365	118	386	127	252	130	270	308	313	254	|
|105	647	386	453	0	606	330	334	601	145	490	302	534	123	583	105	423	473	568	219	214	570	389	258	559	106	353	406	349	208	508	511	137	388	223	444	434	409	269	359	225	353	423	216	289	384	|
|563	78	400	374	606	0	429	463	52	550	203	441	206	544	108	517	378	228	142	462	503	137	324	470	141	502	353	344	352	478	187	103	480	355	416	191	196	282	365	323	400	328	184	390	319	224	|
|369	499	59	517	330	429	0	479	452	391	239	28	482	367	468	230	495	214	474	111	408	472	108	419	465	280	77	457	78	381	444	376	295	448	136	239	237	410	133	390	299	388	303	231	205	289	|
|233	463	509	141	334	463	479	0	431	194	472	462	294	212	386	329	115	472	356	398	121	360	456	76	350	260	442	128	436	128	289	362	224	111	349	403	392	181	347	142	180	139	311	248	287	280	|
|550	48	429	333	601	52	452	431	0	534	239	461	160	530	57	517	339	262	93	474	481	88	350	445	93	496	376	308	374	458	146	90	471	321	424	214	216	249	375	295	387	301	180	385	320	217	|
|41	576	438	324	145	550	391	194	534	0	483	367	436	26	504	179	294	472	482	286	74	484	414	122	474	113	386	286	380	81	416	448	98	267	258	422	411	307	285	254	152	248	368	190	266	328	|
|481	280	201	442	490	203	239	472	239	483	0	256	330	468	273	388	431	26	293	300	461	289	131	446	286	400	167	389	168	432	294	191	391	391	271	70	80	324	221	337	337	339	172	294	217	194	|
|344	508	86	507	302	441	28	462	461	367	256	0	482	343	473	202	484	232	478	84	387	476	126	400	469	255	90	447	90	360	444	382	271	437	115	250	246	403	121	380	282	377	305	214	196	288	|
|461	178	478	178	534	206	482	294	160	436	330	482	0	439	104	471	189	345	68	465	371	73	400	327	66	430	412	167	408	355	38	142	398	184	408	274	269	129	370	182	310	188	180	336	297	194	|
|22	573	416	336	123	544	367	212	530	26	468	343	439	0	503	153	307	456	482	261	91	485	394	137	474	88	365	296	359	90	418	443	78	276	235	409	399	311	265	258	144	251	361	174	251	321	|
|523	77	451	280	583	108	468	386	57	504	273	473	104	503	0	506	289	294	36	475	447	31	371	407	38	477	392	260	389	426	97	91	449	275	422	234	234	207	376	257	363	263	174	371	313	205	|
|148	565	284	423	105	517	230	329	517	179	388	202	471	153	506	0	394	370	496	118	223	497	284	254	487	71	248	369	244	204	441	428	105	352	118	346	336	355	166	311	173	305	338	136	198	302	|
|329	365	513	30	423	378	495	115	339	294	431	484	189	307	289	394	0	437	255	436	221	260	448	172	251	333	443	42	438	217	193	285	296	47	380	362	353	108	363	105	224	107	259	282	291	240	|
|468	304	176	449	473	228	214	472	262	472	26	232	345	456	294	370	437	0	312	279	454	309	106	441	305	386	143	395	144	425	309	209	379	395	252	76	84	331	204	340	330	341	180	283	207	198	|
|504	110	462	245	568	142	474	356	93	482	293	478	68	482	36	496	255	312	0	474	422	5	382	381	9	463	400	229	397	403	67	104	433	244	419	248	246	180	375	231	345	237	173	360	308	200	|
|261	521	167	462	219	462	111	398	474	286	300	84	465	261	475	118	436	279	474	0	313	473	180	331	464	173	142	402	139	287	430	388	193	390	58	275	268	369	99	337	220	333	302	155	168	275	|
|112	521	449	250	214	503	408	121	481	74	461	387	371	91	447	223	221	454	422	313	0	425	412	49	415	152	389	216	383	30	355	400	121	196	273	396	385	244	288	191	125	185	327	184	249	288	|
|506	106	460	250	570	137	472	360	88	484	289	476	73	485	31	497	260	309	5	473	425	0	380	384	11	464	398	233	395	406	71	100	434	248	418	245	243	183	374	234	347	240	172	360	308	199	|
|402	395	80	466	389	324	108	456	350	414	131	126	400	394	371	284	448	106	382	180	412	380	0	410	373	314	39	406	42	382	362	280	316	401	167	137	137	350	129	343	289	342	219	228	169	217	|
|159	482	455	201	258	470	419	76	445	122	446	400	327	137	407	254	172	441	381	331	49	384	410	0	374	184	391	168	385	52	314	367	150	149	286	378	367	201	292	150	122	144	300	189	242	263	|
|495	114	453	242	559	141	465	350	93	474	286	469	66	474	38	487	251	305	9	464	415	11	373	374	0	454	391	223	388	395	61	96	424	238	409	239	237	173	365	224	337	230	164	350	299	190	|
|90	542	330	362	106	502	280	260	496	113	400	255	430	88	477	71	333	386	463	173	152	464	314	184	454	0	282	311	277	133	403	406	37	293	150	348	338	307	186	258	121	252	318	113	190	279	|
|371	422	70	463	353	353	77	442	376	386	167	90	412	365	392	248	443	143	400	142	389	398	39	391	391	282	0	403	6	360	374	301	287	396	133	163	160	351	102	338	269	336	232	205	156	222	|
|318	337	473	61	406	344	457	128	308	286	389	447	167	296	260	369	42	395	229	402	216	233	406	168	223	311	403	0	397	206	164	248	275	19	345	320	311	67	325	66	196	70	218	249	252	198	|
|366	420	76	458	349	352	78	436	374	380	168	90	408	359	389	244	438	144	397	139	383	395	42	385	388	277	6	397	0	354	370	298	282	391	128	161	158	346	96	332	263	331	228	199	150	218	|
|113	499	421	246	208	478	381	128	458	81	432	360	355	90	426	204	217	425	403	287	30	406	382	52	395	133	360	206	354	0	337	376	100	187	246	367	356	226	259	173	95	167	301	155	219	261	|
|439	174	440	187	508	187	444	289	146	416	294	444	38	418	97	441	193	309	67	430	355	71	362	314	61	403	374	164	370	337	0	110	372	178	373	237	232	113	333	164	284	170	142	305	262	157	|
|462	137	360	286	511	103	376	362	90	448	191	382	142	443	91	428	285	209	104	388	400	100	280	367	96	406	301	248	298	376	110	0	382	258	336	145	143	183	288	222	300	226	90	296	231	127	|
|89	516	341	325	137	480	295	224	471	98	391	271	398	78	449	105	296	379	433	193	121	434	316	150	424	37	287	275	282	100	372	382	0	257	160	335	324	273	187	223	88	217	296	98	176	256	|
|299	352	466	73	388	355	448	111	321	267	391	437	184	276	275	352	47	395	244	390	196	248	401	149	238	293	396	19	391	187	178	258	257	0	333	321	312	74	315	58	180	60	221	236	243	197	|
|240	472	181	406	223	416	136	349	424	258	271	115	408	235	422	118	380	252	419	58	273	418	167	286	409	150	133	345	128	246	373	336	160	333	0	234	226	311	52	280	168	276	249	101	111	219	|
|424	260	217	374	444	191	239	403	214	422	70	250	274	409	234	346	362	76	248	275	396	245	137	378	239	348	163	320	161	367	237	145	335	321	234	0	11	256	183	267	274	269	105	237	159	124	|
|413	262	217	365	434	196	237	392	216	411	80	246	269	399	234	336	353	84	246	268	385	243	137	367	237	338	160	311	158	356	232	143	324	312	226	11	0	247	175	258	263	259	97	227	149	115	|
|333	283	421	118	409	282	410	181	249	307	324	403	129	311	207	355	108	331	180	369	244	183	350	201	173	307	351	67	346	226	113	183	273	74	311	256	247	0	283	53	186	59	152	224	208	136	|
|273	423	163	386	269	365	133	347	375	285	221	121	370	265	376	166	363	204	375	99	288	374	129	292	365	186	102	325	96	259	333	288	187	315	52	183	175	283	0	259	170	256	202	104	76	177	|
|280	332	408	127	359	323	390	142	295	254	337	380	182	258	257	311	105	340	231	337	191	234	343	150	224	258	338	66	332	173	164	222	223	58	280	267	258	53	259	0	139	6	171	186	186	143	|
|163	431	333	252	225	400	299	180	387	152	337	282	310	144	363	173	224	330	345	220	125	347	289	122	337	121	269	196	263	95	284	300	88	180	168	274	263	186	170	139	0	133	217	68	124	177	|
|273	338	406	130	353	328	388	139	301	248	339	377	188	251	263	305	107	341	237	333	185	240	342	144	230	252	336	70	331	167	170	226	217	60	276	269	259	59	256	6	133	0	173	181	183	145	|
|379	227	298	270	423	184	303	311	180	368	172	305	180	361	174	338	259	180	173	302	327	172	219	300	164	318	232	218	228	301	142	90	296	221	249	105	97	152	202	171	217	173	0	207	141	40	|
|187	432	267	308	216	390	231	248	385	190	294	214	336	174	371	136	282	283	360	155	184	360	228	189	350	113	205	249	199	155	305	296	98	236	101	237	227	224	104	186	68	181	207	0	78	168	|
|265	368	225	313	289	319	205	287	320	266	217	196	297	251	313	198	291	207	308	168	249	308	169	242	299	190	156	252	150	219	262	231	176	243	111	159	149	208	76	186	124	183	141	78	0	109	|
|339	264	291	254	384	224	289	280	217	328	194	288	194	321	205	302	240	198	200	275	288	199	217	263	190	279	222	198	218	261	157	127	256	197	219	124	115	136	177	143	177	145	40	168	109	0	|

--------------------------------------------------------------------------------
Building model...
	using lazy and cut (CVRPSEP package)
Solving IRP LP...


Gurobi 9.1.0 (linux64) logging started Wed Dec  9 21:31:19 2020

================================================================================
executing instance: ./input/Instances/5/absH6low_5n20_5.dat
--------------------------------------------------------------------------------
Instance details
n	21
H	6
C	1725
Li:
[0, 0, 0, 0, 0, 0, 0, 0, 0, 0, 0, 0, 0, 0, 0, 0, 0, 0, 0, 0, 0, ]
Ui:
[0, 237, 207, 48, 135, 128, 184, 114, 120, 84, 174, 118, 142, 108, 207, 102, 72, 118, 40, 261, 198, ]
Distance matrix:
|0	577	380	461	285	552	92	573	400	345	254	384	431	286	284	243	384	408	408	274	305	|
|577	0	390	279	455	84	486	37	308	339	348	287	177	360	330	352	217	170	168	303	276	|
|380	390	0	491	488	318	331	411	82	439	174	429	219	401	151	331	197	302	283	274	221	|
|461	279	491	0	226	331	375	248	427	119	348	79	308	176	355	228	303	202	222	241	276	|
|285	455	488	226	0	474	224	434	455	119	313	174	393	103	337	159	361	306	320	224	285	|
|552	84	318	331	474	0	465	118	237	366	307	319	124	373	284	349	171	169	158	289	247	|
|92	486	331	375	224	465	0	482	335	262	180	297	347	202	211	152	301	317	318	183	218	|
|573	37	411	248	434	118	482	0	330	316	354	262	194	342	339	342	229	165	168	298	278	|
|400	308	82	427	455	237	335	330	0	390	157	372	139	360	127	297	125	230	211	232	172	|
|345	339	439	119	119	366	262	316	390	0	275	55	301	60	290	127	278	202	219	166	220	|
|254	348	174	348	313	307	180	354	157	275	0	276	183	230	31	158	136	198	189	110	81	|
|384	287	429	79	174	319	297	262	372	55	276	0	268	102	286	149	252	163	182	167	209	|
|431	177	219	308	393	124	347	194	139	301	183	268	0	290	160	248	47	107	87	182	130	|
|286	360	401	176	103	373	202	342	360	60	230	102	290	0	249	73	260	204	218	128	188	|
|284	330	151	355	337	284	211	339	127	290	31	286	160	249	0	180	114	190	178	124	80	|
|243	352	331	228	159	349	152	342	297	127	158	149	248	73	180	0	210	184	191	68	129	|
|384	217	197	303	361	171	301	229	125	278	136	252	47	260	114	210	0	105	86	143	86	|
|408	170	302	202	306	169	317	165	230	202	198	163	107	204	190	184	105	0	21	134	118	|
|408	168	283	222	320	158	318	168	211	219	189	182	87	218	178	191	86	21	0	136	111	|
|274	303	274	241	224	289	183	298	232	166	110	167	182	128	124	68	143	134	136	0	61	|
|305	276	221	276	285	247	218	278	172	220	81	209	130	188	80	129	86	118	111	61	0	|

--------------------------------------------------------------------------------
Building model...
	using lazy and cut (CVRPSEP package)
Solving IRP LP...


Gurobi 9.1.0 (linux64) logging started Wed Dec  9 21:33:13 2020

================================================================================
executing instance: ./input/Instances/5/absH3high_4n30_5.dat
--------------------------------------------------------------------------------
Instance details
n	31
H	3
C	2436
Li:
[0, 0, 0, 0, 0, 0, 0, 0, 0, 0, 0, 0, 0, 0, 0, 0, 0, 0, 0, 0, 0, 0, 0, 0, 0, 0, 0, 0, 0, 0, 0, ]
Ui:
[0, 279, 123, 180, 64, 96, 51, 33, 182, 26, 106, 168, 87, 116, 198, 128, 198, 165, 32, 158, 210, 146, 126, 126, 276, 159, 62, 96, 78, 98, 51, ]
Distance matrix:
|0	362	238	227	335	347	150	325	220	278	137	333	177	318	286	225	286	197	79	306	85	121	245	59	180	104	65	145	50	76	101	|
|362	0	482	482	377	42	492	267	284	429	497	97	397	203	123	439	353	270	439	194	435	426	133	401	398	320	395	232	382	349	272	|
|238	482	0	446	215	487	323	290	448	106	265	408	412	330	460	47	186	422	206	326	183	119	350	278	85	339	174	267	188	177	245	|
|227	482	446	0	561	450	139	537	210	503	202	495	85	516	366	444	512	216	240	501	264	328	408	173	403	178	278	336	268	303	303	|
|335	377	215	561	0	399	472	115	477	110	429	282	499	178	412	174	50	449	354	184	332	270	272	393	182	402	298	254	302	260	269	|
|347	42	487	450	399	0	469	293	248	442	479	128	365	230	85	445	371	235	425	220	424	421	138	381	401	294	386	227	371	342	263	|
|150	492	323	139	472	469	0	473	272	396	64	477	156	468	395	331	424	262	121	456	145	213	387	95	297	177	174	292	171	216	250	|
|325	267	290	537	115	293	473	0	414	200	444	170	464	64	319	243	110	386	368	73	350	301	180	383	226	363	309	203	306	260	234	|
|220	284	448	210	477	248	272	414	0	460	308	319	130	373	162	425	431	29	289	358	302	339	247	213	375	117	284	223	268	272	217	|
|278	429	106	503	110	442	396	200	460	0	345	344	453	251	434	71	90	432	275	251	251	184	305	330	100	365	226	248	235	203	244	|
|137	497	265	202	429	479	64	444	308	345	0	469	206	447	412	277	382	294	76	436	97	162	382	101	250	200	135	280	138	184	237	|
|333	97	408	495	282	128	477	170	319	344	469	0	411	106	180	362	262	298	402	99	394	370	89	382	327	319	351	189	340	300	233	|
|177	397	412	85	499	365	156	464	130	453	206	411	0	438	282	402	450	132	216	423	236	293	326	136	356	101	238	261	225	250	233	|
|318	203	330	516	178	230	468	64	373	251	447	106	438	0	263	283	163	347	373	15	359	320	129	375	257	338	316	181	310	264	219	|
|286	123	460	366	412	85	395	319	162	434	412	180	282	263	0	423	375	151	366	250	368	377	141	312	375	218	334	193	319	298	219	|
|225	439	47	444	174	445	331	243	425	71	277	362	402	283	423	0	141	398	210	279	186	118	308	272	50	321	167	230	178	156	214	|
|286	353	186	512	50	371	424	110	431	90	382	262	450	163	375	141	0	402	307	165	286	225	238	344	139	353	250	208	253	211	220	|
|197	270	422	216	449	235	262	386	29	432	294	298	132	347	151	398	402	0	269	332	280	314	222	196	348	97	260	194	243	245	188	|
|79	439	206	240	354	425	121	368	289	275	76	402	216	373	366	210	307	269	0	362	24	92	317	81	177	172	59	213	64	109	170	|
|306	194	326	501	184	220	456	73	358	251	436	99	423	15	250	279	165	332	362	0	348	311	114	362	251	324	305	167	298	253	206	|
|85	435	183	264	332	424	145	350	302	251	97	394	236	359	368	186	286	280	24	348	0	68	310	100	154	185	43	206	54	95	164	|
|121	426	119	328	270	421	213	301	339	184	162	370	293	320	377	118	225	314	92	311	68	0	294	159	88	225	57	194	72	80	159	|
|245	133	350	408	272	138	387	180	247	305	382	89	326	129	141	308	238	222	317	114	310	294	0	293	265	232	268	104	256	219	147	|
|59	401	278	173	393	381	95	383	213	330	101	382	136	375	312	272	344	196	81	362	100	159	293	0	231	100	106	197	96	133	156	|
|180	398	85	403	182	401	297	226	375	100	250	327	356	257	375	50	139	348	177	251	154	88	265	231	0	272	127	182	135	107	164	|
|104	320	339	178	402	294	177	363	117	365	200	319	101	338	218	321	353	97	172	324	185	225	232	100	272	0	169	160	153	165	134	|
|65	395	174	278	298	386	174	309	284	226	135	351	238	316	334	167	250	260	59	305	43	57	268	106	127	169	0	164	17	52	123	|
|145	232	267	336	254	227	292	203	223	248	280	189	261	181	193	230	208	194	213	167	206	194	104	197	182	160	164	0	152	116	43	|
|50	382	188	268	302	371	171	306	268	235	138	340	225	310	319	178	253	243	64	298	54	72	256	96	135	153	17	152	0	46	110	|
|76	349	177	303	260	342	216	260	272	203	184	300	250	264	298	156	211	245	109	253	95	80	219	133	107	165	52	116	46	0	79	|
|101	272	245	303	269	263	250	234	217	244	237	233	233	219	219	214	220	188	170	206	164	159	147	156	164	134	123	43	110	79	0	|

--------------------------------------------------------------------------------
Building model...
	using lazy and cut (CVRPSEP package)
Solving IRP LP...


Gurobi 9.1.0 (linux64) logging started Wed Dec  9 21:34:14 2020

================================================================================
executing instance: ./input/Instances/5/absH3low_3n45_5.dat
--------------------------------------------------------------------------------
Instance details
n	46
H	3
C	3564
Li:
[0, 0, 0, 0, 0, 0, 0, 0, 0, 0, 0, 0, 0, 0, 0, 0, 0, 0, 0, 0, 0, 0, 0, 0, 0, 0, 0, 0, 0, 0, 0, 0, 0, 0, 0, 0, 0, 0, 0, 0, 0, 0, 0, 0, 0, 0, ]
Ui:
[0, 72, 171, 152, 33, 294, 52, 45, 288, 140, 33, 141, 213, 294, 231, 34, 124, 108, 183, 38, 270, 116, 44, 42, 96, 84, 96, 52, 142, 195, 74, 156, 168, 219, 174, 54, 153, 165, 36, 210, 264, 180, 68, 92, 210, 198, ]
Distance matrix:
|0	341	298	298	274	289	244	250	281	250	211	269	278	220	173	241	248	176	209	135	230	158	233	140	211	134	210	179	110	113	126	161	166	140	56	120	55	91	69	50	93	41	80	61	50	57	|
|341	0	627	473	410	116	556	415	176	513	445	266	97	547	494	452	246	512	542	320	354	460	473	210	527	383	348	250	338	396	464	274	388	302	329	403	295	420	275	296	413	310	406	299	385	336	|
|298	627	0	478	348	586	85	460	518	185	385	459	548	80	245	262	452	194	90	401	357	287	225	437	104	354	346	402	369	320	208	374	272	342	335	229	352	209	355	348	214	337	222	327	248	291	|
|298	473	478	0	571	362	471	60	517	522	96	541	470	429	233	533	515	284	402	186	525	193	519	305	442	164	506	451	194	191	284	443	463	431	247	407	278	350	328	285	363	277	348	346	322	354	|
