




arguments: ./build/bc_mirp -f ./input/orig_exec_268.cfg
Current dir: /scratch/gui/bc_mirp
File verbosity level: 9
date       time         ( uptime  ) [ thread name/id ]                   file:line     v| 
2021-02-17 06:37:58.638 (   1.177s) [main thread     ]             loguru.cpp:789   INFO| Logging to './output/vi_vc+hc1_quarter/OU/V4/Original/execution_17_02_2021_06_37_58.log', mode: 'a', verbosity: 9
--------------------------------------------------------------------------------
Parameters
                           instance_path           ./input/Instances/Original/6/
                            model_policy                                       1
                             nb_vehicles                                       4
                              output_dir./output/vi_vc+hc1_quarter/OU/V4/Original/
                            sec_strategy                                       1
                       solver_nb_threads                                       2
                         solver_show_log                                    true
                       solver_time_limit                                    3600
                              use_vi_cos                                   false
                              use_vi_cus                                   false
                         use_vi_hc1_full                                   false
                         use_vi_hc1_half                                   false
                      use_vi_hc1_quarter                                    true
                              use_vi_hc2                                   false
                              use_vi_hc3                                   false
                         use_vi_lex_full                                   false
                         use_vi_lex_half                                   false
                      use_vi_lex_quarter                                   false
                              use_vi_qua                                   false
                               use_vi_vc                                    true
                               use_vi_vr                                   false
--------------------------------------------------------------------------------
executing instance: ./input/Instances/Original/6/absH6high_1n25.dat
--------------------------------------------------------------------------------
Instance details
n	26
H	6
C	1711
Li:
[0, 0, 0, 0, 0, 0, 0, 0, 0, 0, 0, 0, 0, 0, 0, 0, 0, 0, 0, 0, 0, 0, 0, 0, 0, 0, ]
Ui:
[0, 168, 176, 34, 66, 36, 177, 106, 118, 182, 64, 141, 189, 63, 46, 111, 182, 231, 36, 66, 68, 54, 132, 90, 246, 75, ]
Distance matrix:
|0	191	200	231	334	329	146	196	208	245	218	164	283	394	151	358	156	196	309	253	201	260	127	138	130	104	|
|191	0	226	229	278	146	328	216	390	417	327	293	195	334	106	296	171	122	472	151	12	411	280	53	190	130	|
|200	226	0	38	149	359	321	10	276	274	418	364	139	204	121	173	321	115	303	141	225	236	155	202	311	256	|
|231	229	38	0	110	352	358	37	314	310	448	395	108	167	129	135	342	109	336	120	226	268	194	213	335	277	|
|334	278	149	110	0	367	467	147	422	413	546	495	86	61	203	25	423	163	429	129	271	363	303	282	424	361	|
|329	146	359	352	367	0	453	349	533	562	411	393	282	411	245	378	250	244	617	245	141	556	426	195	284	243	|
|146	328	321	358	467	453	0	321	162	215	160	112	425	524	297	491	223	341	284	397	339	266	186	276	184	210	|
|196	216	10	37	147	349	321	0	281	281	414	360	132	203	112	171	315	105	311	132	216	244	159	193	305	249	|
|208	390	276	314	422	533	162	281	0	54	321	271	410	471	316	445	348	348	123	398	398	115	125	338	313	309	|
|245	417	274	310	413	562	215	281	54	0	375	323	413	457	334	435	393	361	70	406	424	69	139	367	359	349	|
|218	327	418	448	546	411	160	414	321	375	0	57	484	606	347	569	163	393	444	446	339	421	318	288	137	199	|
|164	293	364	395	495	393	112	360	271	323	57	0	437	556	300	519	144	346	393	401	305	367	261	249	109	163	|
|283	195	139	108	86	282	425	132	410	413	484	437	0	139	137	101	349	91	443	44	187	375	286	206	355	291	|
|394	334	204	167	61	411	524	203	471	457	606	556	139	0	264	38	483	222	467	183	326	403	356	341	484	421	|
|151	106	121	129	203	245	297	112	316	334	347	300	137	264	0	225	220	46	381	102	106	316	195	84	221	158	|
|358	296	173	135	25	378	491	171	445	435	569	519	101	38	225	0	444	184	450	145	288	384	328	303	446	383	|
|156	171	321	342	423	250	223	315	348	393	163	144	349	483	220	444	0	261	460	308	183	415	284	143	39	65	|
|196	122	115	109	163	244	341	105	348	361	393	346	91	222	46	184	261	0	402	56	118	336	224	119	264	200	|
|309	472	303	336	429	617	284	311	123	70	444	393	443	467	381	450	460	402	0	442	477	68	192	424	426	413	|
|253	151	141	120	129	245	397	132	398	406	446	401	44	183	102	145	308	56	442	0	143	375	273	164	315	251	|
|201	12	225	226	271	141	339	216	398	424	339	305	187	326	106	288	183	118	477	143	0	416	286	63	202	142	|
|260	411	236	268	363	556	266	244	115	69	421	367	375	403	316	384	415	336	68	375	416	0	135	365	384	363	|
|127	280	155	194	303	426	186	159	125	139	318	261	286	356	195	328	284	224	192	273	286	135	0	232	256	229	|
|138	53	202	213	282	195	276	193	338	367	288	249	206	341	84	303	143	119	424	164	63	365	232	0	153	89	|
|130	190	311	335	424	284	184	305	313	359	137	109	355	484	221	446	39	264	426	315	202	384	256	153	0	64	|
|104	130	256	277	361	243	210	249	309	349	199	163	291	421	158	383	65	200	413	251	142	363	229	89	64	0	|

--------------------------------------------------------------------------------
Building model...
	using lazy and cut (CVRPSEP package)
Solving IRP LP...
--------------------------------------------------------------------------------

Gurobi 9.1.0 (linux64) logging started Wed Feb 17 06:37:58 2021

Gurobi Optimizer version 9.1.0 build v9.1.0rc0 (linux64)
Thread count: 32 physical cores, 32 logical processors, using up to 2 threads
Optimize a model with 1994 rows, 9206 columns and 23198 nonzeros
Model fingerprint: 0x5f1f429d
Variable types: 782 continuous, 8424 integer (624 binary)
Coefficient statistics:
  Matrix range     [1e+00, 4e+02]
  Objective range  [1e-01, 6e+02]
  Bounds range     [1e+00, 2e+02]
  RHS range        [1e+00, 3e+03]
Presolve removed 440 rows and 1071 columns
Presolve time: 0.12s
Presolved: 1554 rows, 8135 columns, 19388 nonzeros
Variable types: 599 continuous, 7536 integer (6958 binary)

Root relaxation: objective 1.430226e+04, 2390 iterations, 0.07 seconds

    Nodes    |    Current Node    |     Objective Bounds      |     Work
 Expl Unexpl |  Obj  Depth IntInf | Incumbent    BestBd   Gap | It/Node Time

     0     0 14302.2551    0  248          - 14302.2551      -     -    0s
     0     0 14599.0649    0  297          - 14599.0649      -     -    0s
     0     0 14619.4684    0  223          - 14619.4684      -     -    0s
     0     0 14620.2218    0  228          - 14620.2218      -     -    0s
     0     0 14620.5483    0  229          - 14620.5483      -     -    0s
     0     0 15098.9314    0  304          - 15098.9314      -     -    1s
     0     0 15150.3906    0  329          - 15150.3906      -     -    1s
     0     0 15182.2770    0  353          - 15182.2770      -     -    1s
     0     0 15188.2675    0  336          - 15188.2675      -     -    1s
     0     0 15188.8551    0  346          - 15188.8551      -     -    2s
     0     0 15614.3198    0  408          - 15614.3198      -     -    2s
     0     0 15690.9744    0  396          - 15690.9744      -     -    2s
     0     0 15703.1965    0  467          - 15703.1965      -     -    3s
     0     0 15707.6609    0  447          - 15707.6609      -     -    3s
     0     0 15708.6532    0  456          - 15708.6532      -     -    3s
     0     0 15984.8110    0  478          - 15984.8110      -     -    3s
     0     0 16056.1325    0  524          - 16056.1325      -     -    4s
     0     0 16102.7595    0  499          - 16102.7595      -     -    4s
     0     0 16116.7476    0  528          - 16116.7476      -     -    5s
     0     0 16125.0186    0  523          - 16125.0186      -     -    5s
     0     0 16126.4289    0  505          - 16126.4289      -     -    5s
     0     0 16206.7949    0  430          - 16206.7949      -     -    5s
     0     0 16213.1218    0  417          - 16213.1218      -     -    6s
     0     0 16220.6237    0  405          - 16220.6237      -     -    6s
     0     0 16222.6415    0  406          - 16222.6415      -     -    6s
     0     0 16256.1182    0  457          - 16256.1182      -     -    6s
     0     0 16268.5780    0  415          - 16268.5780      -     -    7s
     0     0 16276.4092    0  544          - 16276.4092      -     -    7s
     0     0 16285.7903    0  475          - 16285.7903      -     -    7s
     0     0 16288.7217    0  489          - 16288.7217      -     -    7s
     0     0 16301.2789    0  492          - 16301.2789      -     -    7s
     0     0 16304.2991    0  451          - 16304.2991      -     -    8s
     0     0 16308.1613    0  405          - 16308.1613      -     -    8s
     0     0 16317.8272    0  458          - 16317.8272      -     -    8s
     0     0 16321.4018    0  424          - 16321.4018      -     -    8s
     0     0 16351.2174    0  478          - 16351.2174      -     -    9s
     0     0 16386.3617    0  531          - 16386.3617      -     -    9s
     0     0 16396.7840    0  541          - 16396.7840      -     -   10s
     0     0 16398.4814    0  503          - 16398.4814      -     -   10s
     0     0 16414.6690    0  480          - 16414.6690      -     -   10s
     0     0 16419.9365    0  523          - 16419.9365      -     -   10s
     0     0 16423.3210    0  508          - 16423.3210      -     -   11s
     0     0 16424.6177    0  549          - 16424.6177      -     -   11s
     0     0 16424.6177    0  519          - 16424.6177      -     -   11s
     0     2 16460.4689    0  405          - 16460.4689      -     -   14s
     1     4 16484.6201    1  452          - 16460.6593      -  1315   15s
    21    24 16591.5641    6  465          - 16512.3558      -   978   20s
    41    45 16772.0630   11  485          - 16512.3558      -  1059   25s
    70    74 17019.9411   16  448          - 16512.3558      -   890   30s
    99   106 17057.9091   25  319          - 16512.3558      -   783   35s
   130   136 17296.0617   32  393          - 16512.3558      -   700   40s
   183   196 17986.0723   51  308          - 16512.3558      -   609   46s
   230   251 18421.4796   71  254          - 16512.3558      -   542   50s
   335   371 19297.2570  112  176          - 16512.3558      -   429   55s
   518   541 21166.7684  195   95          - 16512.3558      -   319   60s
*  808   844             327    22947.360000 16528.4861  28.0%   228   66s
H  874   848                    22791.360000 16528.4861  27.5%   218   69s
   885   849 18050.8431   57  519 22791.3600 16528.4861  27.5%   218   75s
   890   852 18451.1632   84  616 22791.3600 16528.4861  27.5%   216   80s
   898   858 21896.0363  229  674 22791.3600 16815.9193  26.2%   215   85s
   906   863 20689.3759  181  698 22791.3600 16843.4191  26.1%   213   90s
   916   871 18686.4833   82  231 22791.3600 16845.1014  26.1%   236   96s
   920   874 18686.4833   82  575 22791.3600 16845.1014  26.1%   235  100s
   928   879 19376.9298  117  690 22791.3600 16845.1560  26.1%   233  105s
   932   882 21909.1934  227  755 22791.3600 16845.5451  26.1%   232  111s
   936   885 18655.9448   98  762 22791.3600 16845.8079  26.1%   231  117s
   939   890 16854.0548   28  672 22791.3600 16849.3604  26.1%   251  120s
   953   899 17090.2724   31  647 22791.3600 16899.2939  25.9%   266  125s
   965   908 17015.8188   34  606 22791.3600 16908.2447  25.8%   278  130s
   983   922 16987.7668   37  533 22791.3600 16908.2447  25.8%   284  135s
   993   928 17127.7419   39  530 22791.3600 16908.2447  25.8%   291  140s
  1017   945 17161.7766   44  483 22791.3600 16908.2447  25.8%   298  145s
  1044   964 17331.2470   49  525 22791.3600 16908.2447  25.8%   303  151s
  1062   977 17257.2845   53  467 22791.3600 16908.2447  25.8%   308  155s
  1082   991 17317.8041   58  442 22791.3600 16908.2447  25.8%   315  161s
  1103  1007 17345.1334   64  420 22791.3600 16908.2447  25.8%   319  167s
H 1112   959                    22234.720000 16908.2447  24.0%   321  167s
  1113   972 17374.1755   66  471 22234.7200 16908.2447  24.0%   322  170s
  1157  1002 17412.1178   74  466 22234.7200 16908.2447  24.0%   327  176s
  1182  1020 17436.5680   79  439 22234.7200 16908.2447  24.0%   333  181s
  1218  1047 17822.9730   84  387 22234.7200 16908.2447  24.0%   337  185s
  1255  1071 17579.9197   90  547 22234.7200 16908.2447  24.0%   342  191s
  1291  1093 17636.3892   95  513 22234.7200 16908.2447  24.0%   349  196s
  1330  1116 17868.0668  102  410 22234.7200 16908.2447  24.0%   356  202s
  1371  1155 17932.5336  110  365 22234.7200 16908.2447  24.0%   359  207s
  1397  1173 18017.9987  115  362 22234.7200 16908.2447  24.0%   361  211s
H 1422  1123                    22136.370000 16908.2447  23.6%   363  211s
  1452  1176 18055.3081  129  382 22136.3700 16908.2447  23.6%   364  218s
  1487  1204 18119.8928  136  402 22136.3700 16908.2447  23.6%   365  221s
  1527  1227 18215.7166  145  362 22136.3700 16908.2447  23.6%   365  225s
  1618  1308 18412.2295  164  309 22136.3700 16908.2447  23.6%   363  233s
  1675  1359 18476.2171  175  288 22136.3700 16908.2447  23.6%   360  237s
  1745  1372 18612.7270  190  289 22136.3700 16908.2447  23.6%   357  245s
H 1781  1387                    21788.650000 16908.2447  22.4%   358  249s
  1849  1479 18850.3315  210  278 21788.6500 16908.2447  22.4%   356  258s
  1964  1492 18962.9124  221  234 21788.6500 16908.2447  22.4%   345  266s
* 2038  1435             371    21786.460000 16908.2447  22.4%   335  266s
  2041  1524 19060.9075  227  178 21786.4600 16908.2447  22.4%   337  272s
  2143  1612 19733.7506  275   90 21786.4600 16908.2447  22.4%   330  276s
  2269  1572 21772.7311  335   14 21786.4600 16916.6705  22.4%   317  283s
  2287  1576 17100.3057   32  579 21786.4600 16916.6705  22.4%   322  287s
  2297  1590 17145.8758   35  530 21786.4600 16916.6705  22.4%   326  291s
  2314  1593 17236.2737   38  428 21786.4600 16916.6705  22.4%   330  296s
  2323  1609 17266.6002   41  567 21786.4600 16916.6705  22.4%   335  300s
  2342  1622 17304.6820   44  596 21786.4600 16916.6705  22.4%   339  305s
  2379  1648 17411.0608   52  508 21786.4600 16916.6705  22.4%   347  314s
  2399  1672 17523.6347   55  346 21786.4600 16916.6705  22.4%   350  319s
  2430  1706 17684.4589   60  293 21786.4600 16916.6705  22.4%   353  325s
  2474  1725 17595.3937   64  415 21786.4600 16916.6705  22.4%   351  331s
  2508  1753 17662.5638   65  418 21786.4600 16916.6705  22.4%   354  337s
  2551  1772 17806.4063   71  308 21786.4600 16916.6705  22.4%   356  344s
  2597  1806 17894.3770   77  324 21786.4600 16916.6705  22.4%   358  360s
  2652  1824 17935.5862   90  286 21786.4600 16916.6705  22.4%   357  371s
H 2740  1760                    20747.390000 16916.6705  18.5%   357  378s
  2784  1792 18189.7347  121  303 20747.3900 16916.6705  18.5%   359  385s
  2830  1803 18298.2608  144  246 20747.3900 16916.6705  18.5%   361  397s
H 2831  1765                    20711.390000 16916.6705  18.3%   361  397s
  2857  1826 18370.9365  151  230 20711.3900 16916.6705  18.3%   364  409s
  2927  1870 18986.5319  169  261 20711.3900 16916.6705  18.3%   364  419s
  2978  1979 18687.0928  182  257 20711.3900 16916.6705  18.3%   364  428s
  3087  2216 19434.4851  214  174 20711.3900 16916.6705  18.3%   360  438s
  3326  2266     cutoff  278      20711.3900 16948.9086  18.2%   345  451s
  3404  2359 17436.4803   36  607 20711.3900 16948.9086  18.2%   345  469s
  3497  2532 17806.0339   50  519 20711.3900 16948.9086  18.2%   344  481s
  3670  2863 18608.2544   78  240 20711.3900 16949.6734  18.2%   337  506s
* 3820  2865             215    20702.640000 16949.6734  18.1%   327  508s
H 3835  2787                    20248.670000 16949.6734  16.3%   327  508s
  4058  2670     cutoff  222      20248.6700 16973.6002  16.2%   316  519s
  4077  2745 17348.2443   30  559 20248.6700 16973.6002  16.2%   320  527s
  4155  2951 17916.9817   49  392 20248.6700 16973.9085  16.2%   319  545s
  4403  2983 17279.1929   35  553 20248.6700 16986.4121  16.1%   310  555s
  4435  3018 17505.7968   46  380 20248.6700 16986.4121  16.1%   314  565s
H 4447  2650                    19764.270000 16986.4121  14.1%   316  565s
H 4470  2318                    19346.570000 16986.4121  12.2%   318  576s
  4513  2432 17931.5751   54  360 19346.5700 16986.4121  12.2%   320  594s
  4627  2751 18356.0084   76  196 19346.5700 16986.4121  12.2%   321  610s
  4986  2763     cutoff  137      19346.5700 16991.1985  12.2%   309  624s
  5005  2763 17282.3130   37  691 19346.5700 16991.1985  12.2%   311  625s
  5018  2861 17634.7124   42  515 19346.5700 16993.0350  12.2%   314  642s
  5125  2969 17208.5711   30  653 19346.5700 16993.0350  12.2%   315  661s
  5251  3038 17870.4048   52  432 19346.5700 16993.4184  12.2%   316  677s
  5334  3128 17276.6505   40  618 19346.5700 16993.4184  12.2%   318  693s
  5440  3235 17789.3601   59  476 19346.5700 17015.3632  12.0%   318  712s
  5561  3334 17416.8161   30  718 19346.5700 17015.3632  12.0%   319  726s
  5674  3386 17553.6048   38  441 19346.5700 17015.3632  12.0%   319  740s
  5726  3479 18199.9644   54  306 19346.5700 17015.3632  12.0%   323  760s
  5841  3586 18311.4470   79  229 19346.5700 17015.3632  12.0%   324  778s
  5948  3697 18761.3297  112  173 19346.5700 17035.1219  11.9%   325  793s
  6102  3735 17608.8556   40  621 19346.5700 17036.3433  11.9%   326  821s
  6140  3782 17820.1115   50  577 19346.5700 17036.3433  11.9%   331  836s
  6187  3878 17859.9931   61  312 19346.5700 17036.3433  11.9%   335  853s
  6283  4059 18023.1542   76  432 19346.5700 17036.3433  11.9%   338  873s
H 6464  4156                    19343.570000 17036.3433  11.9%   337  891s
  6595  4209 infeasible  120      19343.5700 17063.6794  11.8%   338  906s
  6664  4290 17871.8534   45  492 19343.5700 17077.4164  11.7%   341  929s
  6775  4329 17181.4855   33  633 19343.5700 17077.9951  11.7%   343  945s
  6814  4427 17339.4492   39  501 19343.5700 17077.9951  11.7%   348  974s
  6841  4427 17822.1159   50  411 19343.5700 17077.9951  11.7%   350  975s
  6918  4458 18329.8703   50  384 19343.5700 17084.5605  11.7%   351  992s
  6983  4514 17394.5259   37  540 19343.5700 17090.3344  11.6%   354 1016s
  7039  4612 18437.4255   66  273 19343.5700 17090.6765  11.6%   355 1035s
  7167  4674 17375.8098   36  598 19343.5700 17100.1766  11.6%   355 1053s
  7229  4836 18015.7015   61  472 19343.5700 17101.7608  11.6%   358 1075s
H 7312  4825                    19330.980000 17101.7608  11.5%   358 1076s
  7421  4938 17790.8031   45  456 19330.9800 17111.5850  11.5%   357 1099s
  7558  5091 17546.8203   45  515 19330.9800 17117.1707  11.5%   358 1121s
  7733  5203 17457.9366   31  497 19330.9800 17121.1708  11.4%   357 1144s
  7787  5203 17606.5399   46  427 19330.9800 17121.1708  11.4%   358 1145s
  7857  5274 18631.1569   85  365 19330.9800 17122.7762  11.4%   359 1168s
  7946  5338 17776.7593   34  515 19330.9800 17122.7762  11.4%   362 1190s
  8010  5431 18244.7986   48  357 19330.9800 17123.0305  11.4%   367 1220s
H 8014  5393                    19308.470000 17123.0305  11.3%   367 1220s
H 8041  5274                    19237.980000 17123.0305  11.0%   367 1221s
  8113  5496 17584.4203   32  507 19237.9800 17123.4005  11.0%   368 1248s
  8367  5592 17629.0621   32  448 19237.9800 17126.5536  11.0%   367 1272s
  8483  5720 17410.5967   39  486 19237.9800 17127.7882  11.0%   370 1297s
  8625  5828 17388.5073   36  551 19237.9800 17128.0347  11.0%   372 1322s
H 8728  5794                    19227.070000 17128.0347  10.9%   371 1324s
  8752  5964 17347.1569   36  514 19227.0700 17128.1219  10.9%   372 1347s
  8932  6050 19015.6892  119  296 19227.0700 17133.1244  10.9%   371 1373s
  9032  6130 18488.4764   58  446 19227.0700 17133.2378  10.9%   372 1396s
  9142  6284 17679.7718   48  616 19227.0700 17139.3853  10.9%   374 1426s
  9326  6343 17421.3373   38  429 19227.0700 17140.9486  10.8%   374 1453s
  9385  6420 18328.5858   51  469 19227.0700 17144.1612  10.8%   379 1479s
  9458  6420 19209.9413   80  249 19227.0700 17144.1612  10.8%   379 1480s
  9489  6567 17373.0428   36  565 19227.0700 17144.1612  10.8%   382 1510s
  9658  6624 19155.1962   94  299 19227.0700 17148.7059  10.8%   383 1536s
  9728  6699 18645.9733   69  456 19227.0700 17148.7302  10.8%   386 1562s
  9810  6759 17737.0873   42  448 19227.0700 17148.7302  10.8%   389 1689s
H 9870  6195                    19010.990000 17148.7302  9.80%   392 1723s
 10013  6335 18663.5763   87  253 19010.9900 17157.1746  9.75%   391 1752s
 10201  6469 18156.8275   52  494 19010.9900 17161.4727  9.73%   391 1781s
 10359  6607 17351.4535   41  455 19010.9900 17165.4377  9.71%   392 1809s
 10523  6734 17463.8776   47  471 19010.9900 17167.6145  9.70%   393 1839s
 10678  6866 17641.4553   46  518 19010.9900 17170.3520  9.68%   393 1866s
 10837  6958 17338.7343   40  480 19010.9900 17171.2364  9.68%   395 1900s
 10933  7068 17645.9950   50  406 19010.9900 17171.2364  9.68%   399 1935s
H10992  7062                    19009.990000 17171.2364  9.67%   400 1936s
 11051  7364 18054.7920   75  360 19009.9900 17172.1077  9.67%   402 1977s
 11405  7508 17489.0017   42  587 19009.9900 17172.8617  9.66%   398 2016s
 11559  7576 17655.2191   40  646 19009.9900 17172.9451  9.66%   398 2055s
 11653  7758 17361.9272   40  505 19009.9900 17173.1097  9.66%   400 2088s
 11769  7758 18284.8139   78  380 19009.9900 17173.6424  9.66%   399 2090s
 11868  7898 17306.4274   41  501 19009.9900 17174.6167  9.65%   399 2120s
 12032  7981 17353.3506   39  549 19009.9900 17174.9900  9.65%   400 2153s
 12115  8153 17897.5174   55  459 19009.9900 17176.8003  9.64%   404 2186s
 12375  8263 17442.0811   43  421 19009.9900 17177.9278  9.64%   403 2217s
 12507  8393 17516.7241   39  455 19009.9900 17178.3726  9.64%   405 2252s
 12655  8510 17554.6526   46  367 19009.9900 17179.1953  9.63%   406 2281s
H12784  8588                    19009.370000 17179.1953  9.63%   407 2310s
 12891  8701 17785.1234   43  528 19009.3700 17184.7626  9.60%   409 2344s
 13026  8822 17607.0892   44  634 19009.3700 17186.5377  9.59%   410 2380s
 13171  8965 17491.1133   44  587 19009.3700 17188.4430  9.58%   411 2413s
 13341  9042 17485.0078   38  529 19009.3700 17193.1915  9.55%   411 2443s
 13442  9137 17525.1009   40  699 19009.3700 17196.3053  9.54%   413 2472s
 13545  9193 18876.3146   88  322 19009.3700 17201.1556  9.51%   415 2507s
 13615  9284 18051.7540   60  519 19009.3700 17201.2803  9.51%   418 2538s
 13718  9384 17738.1102   54  481 19009.3700 17202.8942  9.50%   420 2570s
 13828  9492 17970.9998   49  316 19009.3700 17204.1869  9.50%   421 2601s
 13946  9575 17712.5310   50  469 19009.3700 17204.1869  9.50%   423 2636s
 14047  9684 17888.3691   51  483 19009.3700 17204.1869  9.50%   426 2668s
 14176  9796 17979.1229   60  367 19009.3700 17204.1869  9.50%   428 2703s
 14316  9955 18216.7877   74  295 19009.3700 17204.1869  9.50%   429 2736s
 14475 10089 18559.2977  107  209 19009.3700 17205.0045  9.49%   430 2772s
 14683 10154 18034.5816   50  533 19009.3700 17206.3753  9.48%   429 2804s
 14776 10284 18249.5909   49  454 19009.3700 17208.1023  9.48%   432 2846s
 14942 10417 18358.8514   81  316 19009.3700 17208.8257  9.47%   433 2882s
 15102 10515 17864.4520   45  421 19009.3700 17209.0531  9.47%   434 2913s
 15200 10631 18612.1516   69  269 19009.3700 17209.1133  9.47%   437 2955s
H15279 10378                    18954.940000 17209.1133  9.21%   437 2956s
H15334 10423                    18936.940000 17209.1133  9.12%   438 2990s
 15519 10515 17861.0109   46  628 18936.9400 17210.2172  9.12%   438 3026s
 15647 10595 17567.0849   42  648 18936.9400 17210.6917  9.12%   439 3064s
 15746 10677 17447.5838   37  476 18936.9400 17212.2732  9.11%   441 3103s
 15842 10809 18416.0314   51  399 18936.9400 17213.3675  9.10%   444 3137s
 16002 10895 18673.0556   69  398 18936.9400 17214.3167  9.10%   444 3169s
 16112 10977 18093.9844   57  560 18936.9400 17216.5964  9.08%   446 3202s
 16256 11092 17854.0875   50  478 18936.9400 17217.0688  9.08%   447 3244s
 16337 11092 17752.3334   58  431 18936.9400 17217.0981  9.08%   447 3245s
 16399 11126 18891.7292   90  182 18936.9400 17217.3482  9.08%   448 3278s
 16457 11230 17944.6278   54  538 18936.9400 17220.9752  9.06%   450 3314s
 16587 11265 17543.1058   32  669 18936.9400 17222.6610  9.05%   451 3346s
 16622 11337 17700.1077   36  536 18936.9400 17224.0994  9.04%   455 3383s
 16716 11388 17480.0694   39  386 18936.9400 17224.0994  9.04%   457 3416s
 16793 11569 17922.1704   56  298 18936.9400 17228.0964  9.02%   460 3456s
 17026 11649 17327.3456   37  508 18936.9400 17228.7347  9.02%   459 3507s
 17133 11731 17491.7161   40  440 18936.9400 17230.6838  9.01%   461 3547s
 17237 11800 18099.5206   44  460 18936.9400 17232.7436  9.00%   462 3582s
 17326 11834 18676.2115   65  360 18936.9400 17234.1471  8.99%   465 3600s

Cutting planes:
  User: 7325
  Gomory: 35
  Cover: 477
  Implied bound: 405
  Projected implied bound: 18
  Clique: 15
  MIR: 231
  StrongCG: 3
  Flow cover: 496
  GUB cover: 8
  Inf proof: 1
  Zero half: 31
  Mod-K: 1
  Network: 2
  RLT: 393
  Relax-and-lift: 12
  Lazy constraints: 579

Explored 17382 nodes (8113086 simplex iterations) in 3600.33 seconds
Thread count was 2 (of 32 available processors)

Solution count 10: 18936.9 18954.9 19009.4 ... 19343.6

Time limit reached
Best objective 1.893694000000e+04, best bound 1.723473351318e+04, gap 8.9888%

User-callback calls 414123, time in user-callback 245.61 sec
================================================================================
executing instance: ./input/Instances/Original/6/absH6high_1n20.dat
--------------------------------------------------------------------------------
Instance details
n	21
H	6
C	1651
Li:
[0, 0, 0, 0, 0, 0, 0, 0, 0, 0, 0, 0, 0, 0, 0, 0, 0, 0, 0, 0, 0, ]
Ui:
[0, 36, 182, 182, 90, 261, 117, 30, 110, 42, 276, 153, 40, 94, 144, 46, 129, 213, 264, 160, 174, ]
Distance matrix:
|0	371	401	343	361	341	370	115	392	400	79	266	292	245	355	431	265	194	95	92	348	|
|371	0	37	141	110	250	117	438	67	131	372	305	115	238	247	255	235	296	392	430	185	|
|401	37	0	175	100	284	146	472	90	156	406	342	152	275	280	282	242	333	415	455	178	|
|343	141	175	0	239	110	38	374	95	60	314	182	67	130	106	127	318	201	397	423	303	|
|361	110	100	239	0	341	222	451	177	240	385	374	190	304	341	361	151	345	354	398	78	|
|341	250	284	110	341	0	143	337	203	151	289	102	152	97	15	95	394	156	415	431	398	|
|370	117	146	38	222	143	0	407	61	30	346	220	81	167	137	139	317	237	417	447	292	|
|115	438	472	374	451	337	407	0	443	434	66	241	339	251	351	431	374	181	201	177	450	|
|392	67	90	95	177	203	61	443	0	66	379	275	104	216	197	193	294	283	427	461	252	|
|400	131	156	60	240	151	30	434	66	0	374	237	112	189	142	127	344	261	448	477	312	|
|79	372	406	314	385	289	346	66	379	374	0	202	275	197	304	383	316	134	175	166	388	|
|266	305	342	182	374	102	220	241	275	237	202	0	191	70	117	196	386	73	352	359	415	|
|292	115	152	67	190	152	81	339	104	112	275	191	0	123	154	193	252	183	336	366	246	|
|245	238	275	130	304	97	167	251	216	189	197	70	123	0	110	187	322	72	319	334	346	|
|355	247	280	106	341	15	137	351	197	142	304	117	154	110	0	80	399	171	427	444	400	|
|431	255	282	127	361	95	139	431	193	127	383	196	193	187	80	0	444	251	499	519	429	|
|265	235	242	318	151	394	317	374	294	344	316	386	252	322	399	444	0	332	226	273	97	|
|194	296	333	201	345	156	237	181	283	261	134	73	183	72	171	251	332	0	279	286	375	|
|95	392	415	397	354	415	417	201	427	448	175	352	336	319	427	499	226	279	0	47	321	|
|92	430	455	423	398	431	447	177	461	477	166	359	366	334	444	519	273	286	47	0	368	|
|348	185	178	303	78	398	292	450	252	312	388	415	246	346	400	429	97	375	321	368	0	|

--------------------------------------------------------------------------------
Building model...
	using lazy and cut (CVRPSEP package)
Solving IRP LP...
--------------------------------------------------------------------------------

Gurobi 9.1.0 (linux64) logging started Wed Feb 17 07:37:59 2021

Gurobi Optimizer version 9.1.0 build v9.1.0rc0 (linux64)
Thread count: 32 physical cores, 32 logical processors, using up to 2 threads
Optimize a model with 1611 rows, 6171 columns and 16143 nonzeros
Model fingerprint: 0x653d41d4
Variable types: 627 continuous, 5544 integer (504 binary)
Coefficient statistics:
  Matrix range     [1e+00, 4e+02]
  Objective range  [1e-01, 5e+02]
  Bounds range     [1e+00, 3e+02]
  RHS range        [1e+00, 3e+03]
Presolve removed 375 rows and 866 columns
Presolve time: 0.09s
Presolved: 1236 rows, 5305 columns, 13033 nonzeros
Variable types: 474 continuous, 4831 integer (4378 binary)

Root relaxation: objective 1.361063e+04, 2243 iterations, 0.07 seconds

    Nodes    |    Current Node    |     Objective Bounds      |     Work
 Expl Unexpl |  Obj  Depth IntInf | Incumbent    BestBd   Gap | It/Node Time

     0     0 13610.6280    0  186          - 13610.6280      -     -    0s
     0     0 13843.0726    0  217          - 13843.0726      -     -    0s
     0     0 13864.9217    0  213          - 13864.9217      -     -    0s
     0     0 13869.1843    0  198          - 13869.1843      -     -    0s
     0     0 14167.1121    0  334          - 14167.1121      -     -    1s
     0     0 14312.6635    0  266          - 14312.6635      -     -    1s
     0     0 14320.3957    0  262          - 14320.3957      -     -    1s
     0     0 14322.3004    0  271          - 14322.3004      -     -    1s
     0     0 14322.9209    0  286          - 14322.9209      -     -    1s
     0     0 14322.9585    0  293          - 14322.9585      -     -    1s
     0     0 14519.9688    0  375          - 14519.9688      -     -    1s
     0     0 14543.8851    0  387          - 14543.8851      -     -    1s
     0     0 14548.3999    0  413          - 14548.3999      -     -    1s
     0     0 14548.5848    0  427          - 14548.5848      -     -    1s
     0     0 14601.3413    0  394          - 14601.3413      -     -    2s
     0     0 14613.6904    0  399          - 14613.6904      -     -    2s
     0     0 14614.8310    0  429          - 14614.8310      -     -    2s
     0     0 14631.9209    0  421          - 14631.9209      -     -    2s
     0     0 14632.7568    0  430          - 14632.7568      -     -    3s
     0     0 14641.8962    0  458          - 14641.8962      -     -    3s
     0     0 14643.5564    0  425          - 14643.5564      -     -    4s
     0     2 14643.9871    0  438          - 14643.9871      -     -    5s
    25    28 14839.1249    7  447          - 14674.8051      -   895   10s
    74    78 15068.6099   19  486          - 14674.8051      -   633   15s
   124   137 15480.2101   25  387          - 14674.8051      -   563   20s
   248   276 16063.8832   38  437          - 14674.8051      -   382   25s
   507   477 16844.4145   50  325          - 14674.8051      -   229   30s
   552   525 17592.3592   70  298          - 14674.8051      -   245   35s
   609   592 18459.5374   96  298          - 14674.8051      -   248   40s
   819   790 16014.5913   32  371          - 14674.8051      -   214   45s
  1043   995 22065.6726  202  425          - 14680.6546      -   186   50s
  1057  1004 15382.6454   23  584          - 14946.1551      -   184   55s
  1072  1014 17098.4223   59  680          - 15025.1919      -   181   60s
  1085  1023 20349.4039  157  658          - 15036.1397      -   179   65s
  1101  1035 20917.2590  166  653          - 15036.1397      -   193   70s
  1106  1038 23540.4209  249  667          - 15036.3352      -   192   75s
  1109  1043 15038.8496   26  652          - 15038.8496      -   204   83s
  1111  1044 15044.8487   27  624          - 15042.8946      -   204   88s
  1115  1047 15051.0281   28  594          - 15050.4258      -   207   90s
  1139  1064 15097.3859   34  532          - 15076.8751      -   215   95s
  1177  1090 15166.6264   42  462          - 15076.8751      -   229  100s
  1223  1127 15276.0320   52  489          - 15076.8751      -   238  105s
  1273  1159 15479.5411   63  448          - 15076.8751      -   248  110s
  1328  1205 15739.2609   74  378          - 15076.8751      -   254  115s
  1393  1248 15662.4484   87  470          - 15076.8751      -   257  120s
  1447  1288 15788.6184   96  439          - 15076.8751      -   262  125s
  1516  1349 15952.8591  106  350          - 15076.8751      -   267  131s
  1598  1396 16039.4625  118  407          - 15076.8751      -   270  136s
  1655  1437 16089.1792  127  410          - 15076.8751      -   274  141s
  1721  1487 16821.6611  136  377          - 15076.8751      -   277  145s
  1797  1546 16322.6734  148  378          - 15076.8751      -   279  150s
  1884  1606 16649.5599  163  346          - 15076.8751      -   281  156s
  1979  1676 16742.3997  181  355          - 15076.8751      -   283  162s
  2036  1729 17277.4101  187  275          - 15076.8751      -   283  165s
  2112  1796 17425.0742  203  296          - 15076.8751      -   282  171s
  2212  1912 17743.0463  225  293          - 15076.8751      -   278  176s
  2368  1908 18251.3101  248  242          - 15076.8751      -   268  182s
  2438  1946 18308.8899  276  251          - 15076.8751      -   266  186s
  2572  2038 19962.0877  339  198          - 15076.8751      -   265  193s
  2636  2102 20173.3853  368  204          - 15076.8751      -   265  198s
  2721  2209 20494.6447  408  197          - 15076.8751      -   264  202s
  2863  2262 22555.7275  478  119          - 15076.8751      -   256  217s
  2964  2373 23111.7284  526  121          - 15076.8751      -   254  223s
  3108  2524 23273.4824  594  134          - 15076.8751      -   250  228s
  3313  2536 infeasible  692               - 15090.0023      -   241  232s
  3421  2521 15215.4002   32  424          - 15090.0023      -   239  236s
  3438  2537 15308.2781   35  404          - 15090.0023      -   242  240s
  3465  2548 15788.8101   67  434          - 15090.0023      -   247  245s
  3490  2590 15571.0143   42  408          - 15090.0023      -   252  252s
  3530  2600 16100.4743   58  351          - 15090.0023      -   254  260s
  3581  2639 16089.7326   69  374          - 15090.0023      -   258  268s
  3609  2691 16174.5830   77  348          - 15090.0023      -   260  272s
  3670  2734 16373.8025  103  303          - 15090.0023      -   260  276s
  3734  2790 16584.3749  131  257          - 15090.0023      -   261  281s
  3811  2850 16981.3771  179  241          - 15090.0023      -   260  286s
  3897  2910 17141.4093  233  242          - 15090.0023      -   258  291s
  3985  2947 17572.8801  279  256          - 15090.0023      -   257  296s
  4052  3096 18815.9286  309  205          - 15090.0023      -   258  308s
  4223  3244 19307.7553  392  143          - 15090.0023      -   254  316s
  4461  3260 infeasible  482               - 15090.1193      -   246  322s
  4498  3294 15322.8585   35  562          - 15090.1193      -   249  327s
  4532  3330 15390.6541   38  570          - 15090.1193      -   252  333s
  4568  3364 15525.3919   40  526          - 15090.1193      -   254  341s
  4602  3413 15563.1943   45  515          - 15090.1193      -   257  347s
  4651  3473 15877.4291   52  463          - 15090.1193      -   259  354s
  4711  3537 15907.4391   61  495          - 15090.1193      -   261  360s
  4775  3627 16072.7575   73  462          - 15090.1193      -   263  369s
  4867  3751 16290.2486   94  472          - 15090.1193      -   262  380s
  4991  3917 16486.5904  111  445          - 15090.1193      -   261  390s
  5157  4222 17100.6108  132  404          - 15090.1193      -   259  403s
  5324  4222 23327.2119  488   85          - 15090.1193      -   255  405s
  5502  4279 17282.8937  154  392          - 15090.1193      -   249  413s
  5544  4298 17533.4356  171  397          - 15090.1193      -   251  424s
  5563  4345 17651.6210  183  401          - 15090.1193      -   252  431s
  5610  4395 18146.2659  197  323          - 15090.1193      -   254  438s
  5660  4469 18194.1274  221  329          - 15090.1193      -   256  445s
  5734  4532 18738.7223  243  303          - 15090.1193      -   258  455s
  5799  4640 19266.9060  268  241          - 15090.1193      -   259  464s
  5907  4718 19893.0823  317  237          - 15090.1193      -   259  474s
  5971  4718 20585.6767  343  201          - 15090.1193      -   258  475s
  5987  4899 21465.4882  347  197          - 15100.8240      -   259  488s
  6194  5021 15551.7621   31  571          - 15100.8240      -   258  498s
  6316  5165 15724.7990   36  538          - 15100.8240      -   257  510s
  6464  5380 15672.6024   34  514          - 15100.8240      -   256  523s
  6679  5521 15737.9070   34  536          - 15100.8240      -   252  536s
  6910  5551 15940.1850   38  528          - 15100.8240      -   250  546s
  6924  5567 15786.8657   37  559          - 15100.8240      -   253  555s
  6940  5591 15984.3434   36  488          - 15100.8240      -   257  563s
  6964  5616 15923.6422   39  570          - 15100.8240      -   260  571s
  6989  5659 15967.3564   38  506          - 15100.8240      -   263  582s
  7032  5702 16103.5460   38  489          - 15100.8240      -   265  592s
  7075  5846 15996.6528   39  540          - 15100.8240      -   267  603s
  7219  6109 16037.4220   41  513          - 15100.8240      -   266  624s
  7486  6117 16064.5820   43  495          - 15100.8240      -   263  636s
  7528  6134 16100.7095   42  556          - 15100.8240      -   266  648s
  7545  6186 16184.4864   46  541          - 15100.8240      -   268  667s
  7597  6245 16368.5607   55  514          - 15100.8240      -   271  679s
  7656  6312 16409.7491   67  490          - 15100.8240      -   274  698s
  7723  6450 16805.6119   72  445          - 15100.8240      -   276  713s
  7861  6640 16743.2825   78  443          - 15100.8240      -   276  730s
  8059  7125 16788.0653   84  384          - 15100.8240      -   274  753s
  8390  7125 22456.0872  414   69          - 15100.8240      -   268  755s
  8596  7173 16905.4434   91  424          - 15100.8240      -   263  770s
  8644  7232 17034.6205  103  393          - 15100.8240      -   265  786s
  8703  7302 17137.2794  110  407          - 15100.8240      -   267  800s
  8773  7474 17442.3713  150  344          - 15100.8240      -   269  814s
  8855  7474 18021.5291  208  253          - 15100.8240      -   269  815s
  8945  7670 18454.1521  244  259          - 15100.8240      -   269  829s
  9068  7670 19320.7593  294  208          - 15100.8240      -   268  830s
  9141  8121 19488.8171  305  240          - 15133.0887      -   268  846s
  9656  8230 15545.6286   34  499          - 15133.0887      -   259  865s
  9805  8260 15764.0421   37  498          - 15133.0887      -   259  877s
  9835  8298 16150.4984   41  384          - 15133.0887      -   262  890s
  9873  8379 16232.5050   52  458          - 15133.0887      -   264  902s
  9954  8600 16510.0666   67  358          - 15133.0887      -   266  919s
 10006  8600 16688.1842   67  265          - 15133.0887      -   266  920s
 10179  8963 17105.7405   95  294          - 15133.0887      -   264  938s
 10401  8963 18044.2984  259  176          - 15133.0887      -   260  940s
 10604  9085 18353.9057  328  164          - 15137.3243      -   258  955s
 10764  9142 15764.0671   38  462          - 15137.3243      -   258  968s
 10821  9252 15925.8866   43  456          - 15137.3243      -   260  988s
 10931  9757 16199.3819   55  414          - 15137.3243      -   261 1010s
 11541  9977 16714.0584   76  326          - 15137.3243      -   251 1035s
 11752 10239 17884.1463  197  144          - 15145.5810      -   250 1054s
