




arguments: ./build/bc_mirp -f ./input/orig_exec_76.cfg
Current dir: /scratch/gui/bc_mirp
File verbosity level: 9
date       time         ( uptime  ) [ thread name/id ]                   file:line     v| 
2021-02-07 06:39:29.697 (   0.155s) [main thread     ]             loguru.cpp:789   INFO| Logging to './output/vi_vc+hc1_quarter/OU/V4/Original/execution_07_02_2021_06_39_29.log', mode: 'a', verbosity: 9
--------------------------------------------------------------------------------
Parameters
                           instance_path           ./input/Instances/Original/2/
                            model_policy                                       1
                             nb_vehicles                                       4
                              output_dir./output/vi_vc+hc1_quarter/OU/V4/Original/
                            sec_strategy                                       1
                       solver_nb_threads                                       2
                         solver_show_log                                    true
                       solver_time_limit                                    3600
                              use_vi_cos                                   false
                              use_vi_cus                                   false
                         use_vi_hc1_full                                   false
                         use_vi_hc1_half                                   false
                      use_vi_hc1_quarter                                    true
                              use_vi_hc2                                   false
                              use_vi_hc3                                   false
                         use_vi_lex_full                                   false
                         use_vi_lex_half                                   false
                      use_vi_lex_quarter                                   false
                              use_vi_qua                                   false
                               use_vi_vc                                    true
                               use_vi_vr                                   false
--------------------------------------------------------------------------------
executing instance: ./input/Instances/Original/2/absH3high_3n40.dat
--------------------------------------------------------------------------------
Instance details
n	41
H	3
C	3283
Li:
[0, 0, 0, 0, 0, 0, 0, 0, 0, 0, 0, 0, 0, 0, 0, 0, 0, 0, 0, 0, 0, 0, 0, 0, 0, 0, 0, 0, 0, 0, 0, 0, 0, 0, 0, 0, 0, 0, 0, 0, 0, ]
Ui:
[0, 63, 111, 99, 96, 111, 282, 122, 156, 261, 42, 192, 126, 42, 162, 207, 159, 122, 102, 190, 118, 102, 132, 102, 165, 252, 66, 52, 22, 114, 210, 176, 116, 294, 78, 152, 210, 45, 130, 198, 174, ]
Distance matrix:
|0	208	225	252	227	143	258	127	267	150	28	83	163	286	57	149	201	137	214	255	70	73	107	186	328	266	249	343	222	177	293	144	262	215	167	120	169	218	143	173	255	|
|208	0	397	355	416	198	216	99	211	275	193	172	97	166	240	225	362	109	277	314	182	216	273	374	298	208	319	161	14	103	93	120	58	196	152	156	372	227	260	218	453	|
|225	397	0	427	53	364	482	343	492	129	253	225	382	386	171	188	39	291	187	195	295	182	282	55	326	491	180	551	408	315	457	366	455	275	392	244	221	439	341	214	101	|
|252	355	427	0	401	158	201	263	219	396	234	328	259	498	299	400	420	354	465	506	205	324	152	374	574	219	499	393	366	389	446	235	378	456	205	359	224	150	111	423	400	|
|227	416	53	401	0	357	477	352	489	165	253	245	389	424	179	223	85	315	234	245	293	200	264	42	375	488	231	565	428	344	484	370	474	314	392	270	184	430	325	252	50	|
|143	198	364	158	357	0	121	105	134	290	116	196	103	342	200	276	343	205	343	385	74	210	112	319	432	133	382	265	209	237	290	78	226	313	57	220	232	75	69	292	375	|
|258	216	482	201	477	121	0	168	18	397	230	293	135	381	314	372	459	275	437	480	188	317	228	439	501	18	479	197	222	296	290	132	212	386	95	306	347	58	173	381	496	|
|127	99	343	263	352	105	168	0	171	239	105	130	40	237	173	206	313	109	270	312	84	164	175	310	337	169	313	216	112	135	192	37	142	220	77	138	280	155	162	213	382	|
|267	211	492	219	489	134	18	171	0	404	240	298	136	376	323	376	468	276	441	483	198	324	243	450	500	2	483	181	215	294	281	136	202	386	102	309	363	75	189	384	509	|
|150	275	129	396	165	290	397	239	404	0	175	110	279	259	97	59	91	166	84	116	217	80	245	130	226	402	106	434	286	187	329	269	333	149	302	119	244	364	291	87	213	|
|28	193	253	234	253	116	230	105	240	175	0	94	139	286	84	167	229	136	234	275	43	96	98	212	341	238	271	320	206	175	281	118	244	225	140	128	180	191	124	189	280	|
|83	172	225	328	245	196	293	130	298	110	94	0	169	209	77	80	191	71	147	189	127	45	189	203	247	296	187	327	184	106	241	162	230	132	198	38	242	266	217	96	285	|
|163	97	382	259	389	103	135	40	136	279	139	169	0	253	212	244	353	141	307	349	110	203	194	347	366	133	350	183	107	161	187	27	124	251	56	175	306	133	169	249	418	|
|286	166	386	498	424	342	381	237	376	259	286	209	253	0	284	201	347	151	210	230	299	247	383	387	155	374	242	290	162	112	129	270	192	113	308	172	451	386	391	172	471	|
|57	240	171	299	179	200	314	173	323	97	84	77	212	284	0	112	145	147	170	208	127	38	148	137	299	321	201	386	253	183	315	195	297	195	222	112	171	275	195	142	214	|
|149	225	188	400	223	276	372	206	376	59	167	80	244	201	112	0	149	117	67	110	205	78	254	186	187	374	108	387	235	132	272	240	283	93	277	71	279	346	291	32	270	|
|201	362	39	420	85	343	459	313	468	91	229	191	353	347	145	149	0	254	149	160	272	150	271	66	290	466	146	518	373	278	419	339	420	235	367	207	227	418	327	175	135	|
|137	109	291	354	315	205	275	109	276	166	136	71	141	151	147	117	254	0	172	212	151	116	232	273	229	274	215	270	119	39	170	145	167	111	186	47	305	263	245	113	356	|
|214	277	187	465	234	343	437	270	441	84	234	147	307	210	170	67	149	172	0	42	272	141	317	205	144	439	43	437	284	175	307	305	331	99	343	132	327	413	357	60	283	|
|255	314	195	506	245	385	480	312	483	116	275	189	349	230	208	110	160	212	42	0	314	182	356	222	132	481	15	474	321	212	337	347	367	126	385	174	358	455	398	100	295	|
|70	182	295	205	293	74	188	84	198	217	43	127	110	299	127	205	272	151	272	314	0	137	91	253	370	196	310	292	195	188	274	85	226	252	99	155	197	148	94	223	316	|
|73	216	182	324	200	210	317	164	324	80	96	45	203	247	38	78	150	116	141	182	137	0	176	158	263	323	176	369	229	150	286	191	274	157	223	77	208	284	216	106	239	|
|107	273	282	152	264	112	228	175	243	245	98	189	194	383	148	254	271	232	317	356	91	176	0	231	435	242	349	371	286	271	365	167	315	321	164	224	120	174	61	280	274	|
|186	374	55	374	42	319	439	310	450	130	212	203	347	387	137	186	66	273	205	222	253	158	231	0	348	448	208	523	386	303	442	329	431	279	352	229	167	392	291	217	85	|
|328	298	326	574	375	432	501	337	500	226	341	247	366	155	299	187	290	229	144	132	370	263	435	348	0	498	147	441	299	206	283	374	338	119	414	215	465	492	463	157	425	|
|266	208	491	219	488	133	18	169	2	402	238	296	133	374	321	374	466	274	439	481	196	323	242	448	498	0	481	180	213	292	278	134	200	384	100	307	362	75	188	381	508	|
|249	319	180	499	231	382	479	313	483	106	271	187	350	242	201	108	146	215	43	15	310	176	349	208	147	481	0	480	326	217	346	347	373	135	385	175	347	454	392	103	280	|
|343	161	551	393	565	265	197	216	181	434	320	327	183	290	386	387	518	270	437	474	292	369	371	523	441	180	480	0	153	263	163	207	107	352	208	317	487	244	334	379	598	|
|222	14	408	366	428	209	222	112	215	286	206	184	107	162	253	235	373	119	284	321	195	229	286	386	299	213	326	153	0	109	81	132	48	201	162	167	386	236	272	226	466	|
|177	103	315	389	344	237	296	135	294	187	175	106	161	112	183	132	278	39	175	212	188	150	271	303	206	292	217	263	109	0	142	171	156	95	211	74	344	289	281	118	386	|
|293	93	457	446	484	290	290	192	281	329	281	241	187	129	315	272	419	170	307	337	274	286	365	442	283	278	346	163	81	142	0	212	79	211	241	214	461	311	353	254	525	|
|144	120	366	235	370	78	132	37	136	269	118	162	27	270	195	240	339	145	305	347	85	191	167	329	374	134	347	207	132	171	212	0	151	257	40	174	280	119	142	248	398	|
|262	58	455	378	474	226	212	142	202	333	244	230	124	192	297	283	420	167	331	367	226	274	315	431	338	200	373	107	48	156	79	151	0	245	173	214	421	237	293	273	510	|
|215	196	275	456	314	313	386	220	386	149	225	132	251	113	195	93	235	111	99	126	252	157	321	279	119	384	135	352	201	95	211	257	245	0	297	97	365	374	345	62	362	|
|167	152	392	205	392	57	95	77	102	302	140	198	56	308	222	277	367	186	343	385	99	223	164	352	414	100	385	208	162	211	241	40	173	297	0	213	283	79	126	287	415	|
|120	156	244	359	270	220	306	138	309	119	128	38	175	172	112	71	207	47	132	174	155	77	224	229	215	307	175	317	167	74	214	174	214	97	213	0	280	286	248	75	313	|
|169	372	221	224	184	232	347	280	363	244	180	242	306	451	171	279	227	305	327	358	197	208	120	167	465	362	347	487	386	344	461	280	421	365	283	280	0	291	175	310	176	|
|218	227	439	150	430	75	58	155	75	364	191	266	133	386	275	346	418	263	413	455	148	284	174	392	492	75	454	244	236	289	311	119	237	374	79	286	291	0	116	359	445	|
|143	260	341	111	325	69	173	162	189	291	124	217	169	391	195	291	327	245	357	398	94	216	61	291	463	188	392	334	272	281	353	142	293	345	126	248	175	116	0	313	335	|
|173	218	214	423	252	292	381	213	384	87	189	96	249	172	142	32	175	113	60	100	223	106	280	217	157	381	103	379	226	118	254	248	273	62	287	75	310	359	313	0	300	|
|255	453	101	400	50	375	496	382	509	213	280	285	418	471	214	270	135	356	283	295	316	239	274	85	425	508	280	598	466	386	525	398	510	362	415	313	176	445	335	300	0	|

--------------------------------------------------------------------------------
Building model...
	using lazy and cut (CVRPSEP package)
Solving IRP LP...
--------------------------------------------------------------------------------

Gurobi 9.1.0 (linux64) logging started Sun Feb  7 06:39:29 2021

Gurobi Optimizer version 9.1.0 build v9.1.0rc0 (linux64)
Thread count: 32 physical cores, 32 logical processors, using up to 2 threads
Optimize a model with 1601 rows, 10976 columns and 25937 nonzeros
Model fingerprint: 0x8cb14b2f
Variable types: 644 continuous, 10332 integer (492 binary)
Coefficient statistics:
  Matrix range     [1e+00, 8e+02]
  Objective range  [1e-01, 6e+02]
  Bounds range     [1e+00, 3e+02]
  RHS range        [1e+00, 6e+03]
Presolve removed 455 rows and 942 columns
Presolve time: 0.12s
Presolved: 1146 rows, 10034 columns, 22293 nonzeros
Variable types: 389 continuous, 9645 integer (9161 binary)

Root relaxation: objective 1.236134e+04, 1265 iterations, 0.04 seconds

    Nodes    |    Current Node    |     Objective Bounds      |     Work
 Expl Unexpl |  Obj  Depth IntInf | Incumbent    BestBd   Gap | It/Node Time

     0     0 12361.3379    0  144          - 12361.3379      -     -    0s
     0     0 12873.3374    0  196          - 12873.3374      -     -    0s
     0     0 13544.9554    0  296          - 13544.9554      -     -    1s
     0     0 13567.7767    0  241          - 13567.7767      -     -    1s
     0     0 13574.6058    0  241          - 13574.6058      -     -    1s
     0     0 13576.6032    0  246          - 13576.6032      -     -    1s
     0     0 13576.6321    0  233          - 13576.6321      -     -    1s
     0     0 13681.9985    0  255          - 13681.9985      -     -    1s
     0     0 13725.5916    0  358          - 13725.5916      -     -    4s
     0     0 13726.4373    0  294          - 13726.4373      -     -    4s
     0     0 13802.6137    0  385          - 13802.6137      -     -    4s
     0     0 13814.4694    0  399          - 13814.4694      -     -    4s
     0     0 13815.7360    0  390          - 13815.7360      -     -    4s
     0     0 13838.8089    0  333          - 13838.8089      -     -    5s
     0     0 13853.5200    0  351          - 13853.5200      -     -    5s
     0     0 13855.1645    0  384          - 13855.1645      -     -    5s
     0     0 13885.4182    0  392          - 13885.4182      -     -    5s
     0     0 13887.1131    0  376          - 13887.1131      -     -    6s
     0     0 13898.7127    0  448          - 13898.7127      -     -    7s
     0     0 13898.7127    0  448          - 13898.7127      -     -    9s
     0     2 13898.7127    0  446          - 13898.7127      -     -   10s
    40    43 14030.6419   12  337          - 13915.5495      -   622   15s
   105   119 14202.3757   29  465          - 13915.5495      -   499   20s
   201   208 14628.8643   49  298          - 13915.5495      -   370   25s
   424   503 16810.3515  133   38          - 13915.5495      -   235   30s
   873   879 infeasible  289               - 13915.7167      -   131   35s
*  932   901             315    20448.330000 13939.1447  31.8%   129   36s
*  937   902             319    20420.330000 13939.1447  31.7%   128   36s
   988   895 14366.6475   32  448 20420.3300 13939.1447  31.7%   125   40s
H  989   851                    18952.840000 13939.1447  26.5%   125   41s
   996   855 17474.4400  178  445 18952.8400 14007.7336  26.1%   124   45s
  1010   865 16549.4931  202  539 18952.8400 14047.4738  25.9%   122   51s
  1023   873 14390.4761   34  610 18952.8400 14065.9561  25.8%   121   55s
  1031   879 14611.4617   48  604 18952.8400 14068.2500  25.8%   120   60s
  1045   891 14207.9226   14  510 18952.8400 14101.2365  25.6%   144   65s
  1068   908 14149.5692   20  470 18952.8400 14115.2613  25.5%   156   70s
  1088   920 14245.1812   24  524 18952.8400 14115.2613  25.5%   169   75s
  1108   935 14290.6857   29  451 18952.8400 14115.2613  25.5%   180   80s
  1129   953 14398.2766   34  372 18952.8400 14115.2613  25.5%   190   85s
  1152   967 14417.2358   41  309 18952.8400 14115.2613  25.5%   198   90s
  1184   992 14648.4736   49  267 18952.8400 14115.2613  25.5%   208   95s
  1220  1008 14699.6966   59  269 18952.8400 14115.2613  25.5%   213  106s
  1257  1053 14638.6638   67  401 18952.8400 14115.2613  25.5%   215  111s
  1292  1082 14703.0472   73  428 18952.8400 14115.2613  25.5%   217  115s
  1366  1137 14800.3038   85  306 18952.8400 14115.2613  25.5%   219  120s
  1434  1227 14937.9755   98  256 18952.8400 14115.2613  25.5%   217  125s
  1628  1335 15900.7338  169   13 18952.8400 14115.2613  25.5%   200  130s
  1878  1375 infeasible  202      18952.8400 14122.1724  25.5%   178  135s
  1923  1403 14546.7470   26  275 18952.8400 14122.8961  25.5%   182  141s
  1948  1420 14703.8721   35  285 18952.8400 14122.8961  25.5%   186  145s
  1975  1432 14508.7087   40  500 18952.8400 14122.8961  25.5%   191  158s
  1986  1452 14564.9090   43  302 18952.8400 14122.8961  25.5%   193  160s
  2032  1479 14807.8348   56  263 18952.8400 14122.8961  25.5%   196  165s
  2113  1554 14928.0499   76  246 18952.8400 14122.8961  25.5%   199  171s
  2178  1621 15216.3404   94  146 18952.8400 14122.8961  25.5%   201  175s
  2319  1801 15573.3292  121   67 18952.8400 14122.8961  25.5%   197  181s
  2484  1882 16346.2000  171    - 18952.8400 14122.8961  25.5%   189  185s
  2652  2086 15948.7508  172   35 18952.8400 14122.8961  25.5%   180  190s
* 2719  1913             198    16302.500000 14122.8961  13.4%   177  190s
  2953  1745 16008.0920  177   39 16302.5000 14124.6249  13.4%   166  195s
* 3007  1645             208    16194.860000 14124.6249  12.8%   164  196s
  3057  1618 14306.6395   18  535 16194.8600 14159.0967  12.6%   165  200s
  3077  1640 14370.5402   16  534 16194.8600 14159.3590  12.6%   169  206s
  3102  1660 14604.0350   20  429 16194.8600 14159.3590  12.6%   171  210s
  3170  1679 14738.2812   22  393 16194.8600 14159.3590  12.6%   172  216s
  3189  1700 14923.3764   25  318 16194.8600 14159.3590  12.6%   175  221s
  3207  1704 15297.0673   30  297 16194.8600 14159.3590  12.6%   176  225s
  3238  1774 15751.9379   38  213 16194.8600 14159.3590  12.6%   178  230s
  3354  1769 14489.8151   15  482 16194.8600 14166.8185  12.5%   177  237s
  3363  1780 14572.9420   20  384 16194.8600 14166.8185  12.5%   178  240s
  3393  1818 15036.4480   37  235 16194.8600 14166.8185  12.5%   180  245s
  3452  1857 16008.0157   76  194 16194.8600 14174.5186  12.5%   181  251s
  3482  1883 14315.2817   20  563 16194.8600 14174.5186  12.5%   182  255s
  3536  1914 14630.3330   27  302 16194.8600 14174.5186  12.5%   184  261s
  3577  1967 14808.4926   40  208 16194.8600 14174.5186  12.5%   187  268s
  3607  2016 15010.6411   50  192 16194.8600 14174.5186  12.5%   187  271s
  3656  2114 15342.5494   67  157 16194.8600 14176.8413  12.5%   188  276s
  3810  2124 14607.2456   21  528 16194.8600 14177.6112  12.5%   184  281s
  3821  2139 14979.2288   26  440 16194.8600 14177.6112  12.5%   186  285s
  3858  2237 15370.9165   45  262 16194.8600 14177.6112  12.5%   188  293s
  3944  2261 15852.7888   71  172 16194.8600 14198.6376  12.3%   187  299s
  3989  2273 14414.2675   15  695 16194.8600 14201.0123  12.3%   189  302s
  4001  2304 14502.8076   17  617 16194.8600 14201.0123  12.3%   190  306s
  4032  2370 14823.7991   25  444 16194.8600 14201.0123  12.3%   190  313s
  4116  2403 15193.2556   37  397 16194.8600 14201.0123  12.3%   190  317s
  4149  2456 15844.9410   61  118 16194.8600 14203.0541  12.3%   190  323s
  4234  2498     cutoff  101      16194.8600 14203.1457  12.3%   189  329s
  4290  2510 14532.2683   21  451 16194.8600 14208.0826  12.3%   190  333s
  4302  2538 14821.7906   27  331 16194.8600 14208.0826  12.3%   191  338s
  4330  2608 15154.1435   44  116 16194.8600 14208.0911  12.3%   192  345s
  4409  2654 14437.1428   16  559 16194.8600 14208.0911  12.3%   193  351s
  4473  2670 14644.1941   20  504 16194.8600 14208.0911  12.3%   192  356s
  4496  2701 14875.4560   31  336 16194.8600 14208.0911  12.3%   194  361s
  4527  2763 15219.3064   52  235 16194.8600 14209.9140  12.3%   195  368s
  4613  2798     cutoff  104      16194.8600 14210.1764  12.3%   195  374s
  4644  2846 14766.7057   31  278 16194.8600 14210.1764  12.3%   196  381s
  4692  2961 15449.5639   60  133 16194.8600 14212.6585  12.2%   196  388s
  4831  3042 infeasible  105      16194.8600 14212.7599  12.2%   194  395s
  4930  3079 14619.5803   30  383 16194.8600 14213.4348  12.2%   194  402s
* 4958  2987             145    16110.980000 14213.4348  11.8%   194  402s
* 4963  2905             144    16053.980000 14213.4348  11.5%   194  402s
* 4964  2896             143    16049.980000 14213.4348  11.4%   194  402s
  4972  2973 15223.8118   52  132 16049.9800 14215.4833  11.4%   195  410s
  5076  2999     cutoff  126      16049.9800 14215.6836  11.4%   194  417s
  5100  3059 14714.1478   23  455 16049.9800 14215.6836  11.4%   195  424s
  5160  3128 15287.8512   46  114 16049.9800 14224.1089  11.4%   196  432s
  5258  3164 14398.2774   19  542 16049.9800 14227.3319  11.4%   196  439s
  5276  3164     cutoff   68      16049.9800 14227.3319  11.4%   197  440s
  5295  3235 14655.6904   37  418 16049.9800 14227.3319  11.4%   198  446s
  5366  3329 15300.7613   75  128 16049.9800 14234.0870  11.3%   199  454s
  5387  3329 15632.0536   96   42 16049.9800 14234.0870  11.3%   198  455s
  5480  3426     cutoff  116      16049.9800 14234.2982  11.3%   198  465s
  5597  3468 14570.5107   25  443 16049.9800 14236.6137  11.3%   198  473s
  5639  3554 15062.7613   51  210 16049.9800 14244.4234  11.2%   200  483s
  5762  3626 15568.6018   65   69 16049.9800 14245.3458  11.2%   198  492s
  5852  3698     cutoff  101      16049.9800 14245.6618  11.2%   199  505s
  5925  3796 15216.3291   25  250 16049.9800 14245.6618  11.2%   199  516s
  6048  3833     cutoff   52      16049.9800 14248.7310  11.2%   199  526s
  6126  3883     cutoff   62      16049.9800 14250.7518  11.2%   199  536s
  6177  4005 14718.9887   39  482 16049.9800 14254.8426  11.2%   201  547s
  6351  4104 16039.1900  108    - 16049.9800 14261.4276  11.1%   199  557s
  6458  4194     cutoff  108      16049.9800 14261.5252  11.1%   199  568s
  6550  4384 14578.3349   35  516 16049.9800 14268.8211  11.1%   200  580s
  6772  4436 14384.7848   21  557 16049.9800 14268.9545  11.1%   198  592s
  6834  4548 14880.0023   35  339 16049.9800 14268.9545  11.1%   199  604s
  6855  4548 15202.0804   56  100 16049.9800 14268.9545  11.1%   199  605s
  6973  4597 15750.9544   83   82 16049.9800 14271.2792  11.1%   198  616s
  7039  4681 14556.4298   19  408 16049.9800 14271.3781  11.1%   200  628s
  7136  4811 14620.9488   23  378 16049.9800 14271.3781  11.1%   201  641s
  7284  4988 15781.5649   56   47 16049.9800 14276.8005  11.0%   200  660s
  7515  5078 15715.0518  105   61 16049.9800 14282.7801  11.0%   199  677s
  7612  5239     cutoff  115      16049.9800 14285.6329  11.0%   201  694s
  7813  5346 15249.3842   65  203 16049.9800 14287.1922  11.0%   200  712s
  7936  5629 14759.1893   34  170 16049.9800 14287.3904  11.0%   201  732s
  8277  5693     cutoff   95      16049.9800 14293.5854  10.9%   199  752s
  8356  5817     cutoff   75      16049.9800 14298.3381  10.9%   200  769s
  8424  5817 15655.0648   86   58 16049.9800 14298.3381  10.9%   201  770s
  8498  5956 14472.6414   17  554 16049.9800 14301.2370  10.9%   201  787s
  8660  6093 15840.3102   78   81 16049.9800 14302.0045  10.9%   202  806s
  8826  6183 15218.6641   52  204 16049.9800 14303.4979  10.9%   202  828s
  8928  6345 15172.1443   45  130 16049.9800 14303.7871  10.9%   202  846s
  9140  6465     cutoff   93      16049.9800 14305.9618  10.9%   201  864s
  9183  6465 14991.7742   52  154 16049.9800 14305.9618  10.9%   202  865s
H 9204  6316                    15989.490000 14306.6406  10.5%   202  865s
  9262  6501 15161.7719   62  116 15989.4900 14307.0550  10.5%   203  883s
  9477  6598 14941.9982   55  166 15989.4900 14309.6008  10.5%   203  904s
  9498  6598 15354.6344   76  131 15989.4900 14309.6008  10.5%   202  905s
  9601  6647 14515.6232   23  451 15989.4900 14310.2871  10.5%   203  922s
  9645  6689 14661.8034   30  484 15989.4900 14310.2871  10.5%   205  937s
  9687  6919 14851.7191   42  319 15989.4900 14310.2871  10.5%   206  960s
  9939  7271 14929.5478   65   73 15989.4900 14310.6573  10.5%   206  984s
  9981  7271 14878.4805   89   82 15989.4900 14310.6573  10.5%   205  985s
 10472  7436 15891.9200  135    4 15989.4900 14312.8182  10.5%   200 1006s
 10592  7536     cutoff  139      15989.4900 14315.6632  10.5%   201 1023s
*10594  7497             140    15975.420000 14315.6632  10.4%   201 1023s
*10597  7413             139    15949.420000 14315.6632  10.2%   201 1023s
 10710  7522 14909.9117   51  346 15949.4200 14320.5951  10.2%   202 1041s
 10842  7621     cutoff  107      15949.4200 14321.5209  10.2%   202 1060s
H10843  7068                    15782.740000 14321.5209  9.26%   202 1060s
 10959  7140     cutoff   90      15782.7400 14322.5882  9.25%   203 1079s
 11049  7329 14887.3184   41  316 15782.7400 14322.7481  9.25%   204 1098s
 11209  7329 15157.1799   71  140 15782.7400 14322.7481  9.25%   205 1107s
 11255  7437 15597.6754   93   34 15782.7400 14325.4708  9.23%   204 1127s
H11393  6451                    15562.619963 14325.4708  7.95%   203 1129s
 11415  6475 14466.8994   27  540 15562.6200 14325.4708  7.95%   204 1154s
 11460  6587 15013.2091   65  193 15562.6200 14326.9899  7.94%   205 1172s
 11606  6649 15022.1394   47  382 15562.6200 14328.1167  7.93%   205 1193s
 11708  6716 14785.6682   22  572 15562.6200 14328.2034  7.93%   206 1212s
 11774  6897 15047.4796   34  365 15562.6200 14329.1473  7.93%   208 1234s
 11795  6897 15276.7433   46  106 15562.6200 14329.1473  7.93%   208 1235s
 12012  6994 14515.0053   23  482 15562.6200 14330.0184  7.92%   207 1257s
 12123  7063     cutoff   77      15562.6200 14332.1833  7.91%   208 1277s
 12223  7181 14544.3755   25  294 15562.6200 14334.5174  7.89%   210 1298s
 12352  7302 14689.3757   31  439 15562.6200 14334.6735  7.89%   210 1320s
 12516  7454 14445.3397   26  496 15562.6200 14335.6322  7.88%   211 1341s
 12700  7590 14823.6361   42  231 15562.6200 14335.6322  7.88%   211 1454s
 12755  7590 15099.7988   69  114 15562.6200 14335.6322  7.88%   211 1455s
H12793  7431                    15535.460000 14335.6322  7.72%   211 1455s
 12842  7584 15263.9888   86   77 15535.4600 14338.2210  7.71%   212 1476s
 13049  7707 14589.4192   25  549 15535.4600 14341.2377  7.69%   211 1498s
 13196  7881 14800.3366   32  508 15535.4600 14341.3825  7.69%   212 1518s
*13328  7084              92    15419.240000 14341.8692  6.99%   212 1519s
 13423  7203     cutoff   94      15419.2400 14342.1437  6.99%   212 1538s
 13599  7294 14626.0670   28  351 15419.2400 14344.4283  6.97%   212 1558s
 13744  7418 14701.8600   39  365 15419.2400 14345.4741  6.96%   213 1578s
 13892  7496 15389.7517   65  276 15419.2400 14348.3717  6.95%   214 1601s
 13997  7594 14472.0657   27  379 15419.2400 14349.1947  6.94%   215 1623s
 14108  7691 14863.7189   65   70 15419.2400 14349.8335  6.94%   216 1644s
 14251  7837     cutoff   99      15419.2400 14351.0406  6.93%   217 1665s
 14429  7956     cutoff   47      15419.2400 14352.7100  6.92%   217 1687s
 14598  8060 14612.5512   29  543 15419.2400 14356.3458  6.89%   217 1710s
 14733  8236 14521.8519   31  540 15419.2400 14356.8850  6.89%   218 1732s
 14931  8363 15325.3785   72  182 15419.2400 14357.1429  6.89%   219 1755s
 15141  8531 14585.6033   32  507 15419.2400 14358.6101  6.88%   218 1778s
 15341  8673 14490.1169   22  629 15419.2400 14361.5700  6.86%   219 1801s
 15511  8814 14935.9773   43  209 15419.2400 14362.2886  6.85%   219 1822s
 15686  8931 14945.0410   26  357 15419.2400 14364.0309  6.84%   219 1844s
 15732  8931 15190.6421   43  123 15419.2400 14364.0309  6.84%   219 1845s
 15837  9066 14657.4779   33  569 15419.2400 14364.9639  6.84%   219 1865s
 15989  9248 14990.6957   48  314 15419.2400 14366.8660  6.83%   220 1888s
 16117  9248 15027.5455   72   66 15419.2400 14367.7534  6.82%   220 1890s
 16231  9434 14472.1481   22  429 15419.2400 14367.9252  6.82%   220 1913s
 16430  9593 15270.0539   62   62 15419.2400 14367.9863  6.82%   220 1936s
 16637  9677 15166.8498   83   81 15419.2400 14368.8512  6.81%   219 1958s
 16752  9782 14475.0647   22  410 15419.2400 14368.8512  6.81%   220 1977s
 16883  9948 14839.3742   51  102 15419.2400 14370.3876  6.80%   221 2015s
 17107 10061     cutoff   88      15419.2400 14371.3328  6.80%   221 2057s
H17110  9275                    15332.540000 14371.3328  6.27%   221 2057s
 17245  9399 14903.0736   28  471 15332.5400 14371.4956  6.27%   222 2095s
 17404  9483 14532.7472   25  522 15332.5400 14371.9478  6.27%   222 2134s
 17513  9637 14887.7436   37  280 15332.5400 14372.0998  6.26%   223 2167s
 17679  9637 15082.4841   60  113 15332.5400 14373.9025  6.25%   223 2170s
 17690  9718 15021.7722   64  108 15332.5400 14373.9559  6.25%   223 2202s
 17805  9880 14848.1743   35  295 15332.5400 14374.3649  6.25%   223 2237s
 17998  9880 15219.0039   59  224 15332.5400 14374.4893  6.25%   223 2240s
 18015  9987 14505.5997   22  550 15332.5400 14375.5763  6.24%   223 2274s
 18060  9987 15287.8295   67  130 15332.5400 14375.5763  6.24%   223 2275s
 18142 10181 14723.8179   35  169 15332.5400 14375.8052  6.24%   224 2312s
 18400 10304 14451.1730   18  586 15332.5400 14376.5886  6.23%   224 2352s
 18545 10415 14987.8001   42  119 15332.5400 14377.9689  6.23%   224 2387s
 18694 10562 14532.2851   27  498 15332.5400 14379.1102  6.22%   224 2425s
 18871 10684 15206.3836   55  214 15332.5400 14379.4112  6.22%   225 2466s
 19054 10811 14760.9762   32  341 15332.5400 14381.5134  6.20%   225 2502s
 19234 10953 15065.8111   48  277 15332.5400 14382.1804  6.20%   225 2543s
 19333 10953 14809.5287   50   81 15332.5400 14382.1892  6.20%   226 2545s
 19412 11080 14893.8020   40  178 15332.5400 14382.5482  6.20%   225 2584s
 19433 11080 14971.5496   51   20 15332.5400 14382.5482  6.20%   225 2585s
 19581 11175 15039.0447   38  372 15332.5400 14383.0487  6.19%   226 2628s
*19632 11045              90    15321.010000 14383.0630  6.12%   226 2629s
 19694 11160 14894.3347   36  420 15321.0100 14383.3495  6.12%   226 2667s
 19829 11236 15065.5791   55  119 15321.0100 14383.7340  6.12%   227 2710s
 19923 11454 14847.5274   38   85 15321.0100 14383.8576  6.12%   228 2752s
 20163 11578     cutoff   94      15321.0100 14383.9449  6.12%   228 2796s
 20352 11673 14485.9688   27  469 15321.0100 14385.4390  6.11%   228 2838s
 20472 11784 14801.6610   28  329 15321.0100 14386.2137  6.10%   229 2881s
 20603 11999 15068.3901   59   94 15321.0100 14386.8875  6.10%   229 2921s
 20869 12144 15229.4308   40   80 15321.0100 14387.8066  6.09%   229 2967s
 21071 12256 14449.7388   27  612 15321.0100 14389.3459  6.08%   229 3008s
 21204 12421 14818.7784   37  194 15321.0100 14389.4481  6.08%   229 3047s
 21402 12580 14695.7380   27  408 15321.0100 14390.7205  6.07%   229 3090s
 21616 12674     cutoff   51      15321.0100 14391.2101  6.07%   229 3129s
 21659 12674 15258.8527   59   68 15321.0100 14391.2101  6.07%   229 3130s
*21713 12148              85    15281.010000 14392.1679  5.82%   229 3131s
*21717 11687              82    15253.010000 14392.1679  5.64%   229 3131s
 21776 11864 14771.3713   21  562 15253.0100 14392.1679  5.64%   229 3171s
 21977 11992 15086.1884   49   76 15253.0100 14392.8417  5.64%   229 3216s
 22143 12112 14623.0550   32  467 15253.0100 14395.2858  5.62%   229 3259s
 22207 12112 14811.9974   37  287 15253.0100 14395.2858  5.62%   230 3261s
 22297 12241 14510.1387   29  487 15253.0100 14396.6277  5.61%   230 3301s
 22462 12399 14577.9383   25  414 15253.0100 14397.1473  5.61%   230 3341s
 22648 12488 15084.1381   62  139 15253.0100 14397.2929  5.61%   230 3384s
 22715 12488 15224.0454   58  161 15253.0100 14397.2929  5.61%   230 3385s
 22784 12621 14577.1781   22  490 15253.0100 14398.3393  5.60%   231 3423s
 22864 12621 15251.0121   66  158 15253.0100 14398.3393  5.60%   231 3425s
 22948 12761 14550.9568   36  510 15253.0100 14399.3680  5.60%   231 3469s
 23007 12761 14787.9795   27  225 15253.0100 14399.3680  5.60%   231 3470s
 23144 12822 14545.4093   22  615 15253.0100 14400.3533  5.59%   231 3510s
 23249 12981 14932.9783   35  281 15253.0100 14401.0039  5.59%   232 3549s
 23302 12981 15177.0408   56  184 15253.0100 14401.0039  5.59%   232 3550s
 23460 13109 14677.1328   25  561 15253.0100 14402.9627  5.57%   232 3592s
 23621 13123 14718.3822   32  228 15253.0100 14404.1900  5.56%   232 3600s

Cutting planes:
  User: 4856
  Gomory: 25
  Cover: 501
  Implied bound: 242
  Projected implied bound: 15
  Clique: 60
  MIR: 168
  StrongCG: 2
  Flow cover: 381
  GUB cover: 4
  Zero half: 35
  RLT: 349
  Relax-and-lift: 22
  Lazy constraints: 3012

Explored 23645 nodes (5495250 simplex iterations) in 3600.20 seconds
Thread count was 2 (of 32 available processors)

Solution count 10: 15253 15281 15321 ... 15975.4

Time limit reached
Best objective 1.525301000000e+04, best bound 1.440418996230e+04, gap 5.5649%

User-callback calls 270505, time in user-callback 184.31 sec
================================================================================
executing instance: ./input/Instances/Original/2/absH3high_4n10.dat
--------------------------------------------------------------------------------
Instance details
n	11
H	3
C	822
Li:
[0, 0, 0, 0, 0, 0, 0, 0, 0, 0, 0, ]
Ui:
[0, 102, 52, 88, 182, 153, 138, 38, 165, 297, 86, ]
Distance matrix:
|0	285	411	382	327	239	148	256	307	36	383	|
|285	0	352	98	249	103	227	235	120	268	209	|
|411	352	0	395	106	430	263	549	234	429	174	|
|382	98	395	0	302	173	320	288	168	364	227	|
|327	249	106	302	0	324	179	444	135	339	109	|
|239	103	430	173	324	0	241	132	212	212	305	|
|148	227	263	320	179	241	0	325	192	165	249	|
|256	235	549	288	444	132	325	0	342	220	436	|
|307	120	234	168	135	212	192	342	0	304	94	|
|36	268	429	364	339	212	165	220	304	0	386	|
|383	209	174	227	109	305	249	436	94	386	0	|

--------------------------------------------------------------------------------
Building model...
	using lazy and cut (CVRPSEP package)
Solving IRP LP...
--------------------------------------------------------------------------------

Gurobi 9.1.0 (linux64) logging started Sun Feb  7 07:39:30 2021

Gurobi Optimizer version 9.1.0 build v9.1.0rc0 (linux64)
Thread count: 32 physical cores, 32 logical processors, using up to 2 threads
Optimize a model with 419 rows, 956 columns and 2831 nonzeros
Model fingerprint: 0x062ca175
Variable types: 164 continuous, 792 integer (132 binary)
Coefficient statistics:
  Matrix range     [1e+00, 3e+02]
  Objective range  [2e-01, 5e+02]
  Bounds range     [1e+00, 3e+02]
  RHS range        [1e+00, 1e+03]
Presolve removed 135 rows and 161 columns
Presolve time: 0.04s
Presolved: 284 rows, 795 columns, 2132 nonzeros
Variable types: 92 continuous, 703 integer (588 binary)

Root relaxation: objective 4.199977e+03, 521 iterations, 0.01 seconds

    Nodes    |    Current Node    |     Objective Bounds      |     Work
 Expl Unexpl |  Obj  Depth IntInf | Incumbent    BestBd   Gap | It/Node Time

     0     0 4199.97718    0   77          - 4199.97718      -     -    0s
H    0     0                    8896.4000000 4199.97718  52.8%     -    0s
     0     0 4526.19457    0   53 8896.40000 4526.19457  49.1%     -    0s
H    0     0                    7558.3600000 4526.19457  40.1%     -    0s
H    0     0                    6935.6400000 4526.19457  34.7%     -    0s
     0     0 4538.21798    0   70 6935.64000 4538.21798  34.6%     -    0s
     0     0 4549.03107    0   63 6935.64000 4549.03107  34.4%     -    0s
     0     0 4676.62871    0   90 6935.64000 4676.62871  32.6%     -    0s
     0     0 4721.44711    0   89 6935.64000 4721.44711  31.9%     -    0s
     0     0 4724.49407    0  109 6935.64000 4724.49407  31.9%     -    0s
     0     0 4725.67996    0  108 6935.64000 4725.67996  31.9%     -    0s
     0     0 4725.67996    0  108 6935.64000 4725.67996  31.9%     -    0s
     0     0 4777.13868    0  136 6935.64000 4777.13868  31.1%     -    0s
     0     0 4790.57285    0  113 6935.64000 4790.57285  30.9%     -    0s
     0     0 4791.80569    0  130 6935.64000 4791.80569  30.9%     -    0s
     0     0 4792.01817    0  132 6935.64000 4792.01817  30.9%     -    0s
     0     0 4887.52658    0  113 6935.64000 4887.52658  29.5%     -    0s
     0     0 4899.95613    0  108 6935.64000 4899.95613  29.4%     -    0s
     0     0 4900.29852    0  104 6935.64000 4900.29852  29.3%     -    0s
     0     0 4914.46695    0  125 6935.64000 4914.46695  29.1%     -    0s
     0     0 4919.00142    0  152 6935.64000 4919.00142  29.1%     -    0s
     0     0 4919.16854    0  146 6935.64000 4919.16854  29.1%     -    0s
     0     0 4943.04590    0  102 6935.64000 4943.04590  28.7%     -    0s
     0     0 4947.64616    0  131 6935.64000 4947.64616  28.7%     -    0s
     0     0 4947.65622    0  135 6935.64000 4947.65622  28.7%     -    0s
     0     0 4952.16543    0  138 6935.64000 4952.16543  28.6%     -    0s
     0     0 4952.58173    0  157 6935.64000 4952.58173  28.6%     -    0s
     0     0 4956.83076    0  135 6935.64000 4956.83076  28.5%     -    0s
     0     0 4956.83076    0  126 6935.64000 4956.83076  28.5%     -    0s
     0     2 4959.47599    0  153 6935.64000 4959.47599  28.5%     -    0s
H   30    35                    6931.2900000 5043.28055  27.2%  91.3    0s
H   62    70                    6923.3700000 5043.28055  27.2%  69.9    0s
H  105   100                    6530.3700000 5044.16042  22.8%  55.2    0s
H  133   127                    6466.2900000 5044.16042  22.0%  55.5    0s
H  172   169                    6414.1100000 5044.16042  21.4%  54.6    1s
H  248   203                    6090.1100000 5069.80864  16.8%  47.5    1s
H  250   191                    5991.4500000 5069.80864  15.4%  48.0    1s
   953   529 5834.14258   27   69 5991.45000 5276.45575  11.9%  57.4    5s
  2392   665 5822.55943   21   39 5991.45000 5507.63783  8.08%  59.2   10s
  4131   932 5873.87361   22  101 5991.45000 5637.98645  5.90%  58.6   15s
  5878   788     cutoff   21      5991.45000 5742.79100  4.15%  58.6   20s

Cutting planes:
  User: 168
  Gomory: 5
  Cover: 94
  Implied bound: 58
  Projected implied bound: 8
  Clique: 3
  MIR: 99
  StrongCG: 2
  Flow cover: 95
  GUB cover: 1
  Inf proof: 2
  Zero half: 1
  RLT: 95
  Relax-and-lift: 32
  Lazy constraints: 3

Explored 8100 nodes (438755 simplex iterations) in 24.53 seconds
Thread count was 2 (of 32 available processors)

Solution count 10: 5991.45 6090.11 6414.11 ... 8896.4

Optimal solution found (tolerance 1.00e-04)
Best objective 5.991450000000e+03, best bound 5.991450000000e+03, gap 0.0000%

User-callback calls 20369, time in user-callback 2.52 sec
================================================================================
executing instance: ./input/Instances/Original/2/absH3high_3n20.dat
--------------------------------------------------------------------------------
Instance details
n	21
H	3
C	1536
Li:
[0, 0, 0, 0, 0, 0, 0, 0, 0, 0, 0, 0, 0, 0, 0, 0, 0, 0, 0, 0, 0, ]
Ui:
[0, 48, 207, 156, 294, 207, 297, 54, 114, 90, 228, 132, 84, 64, 51, 153, 60, 39, 195, 82, 130, ]
Distance matrix:
|0	41	141	324	154	98	307	402	160	217	284	269	188	233	54	185	307	149	286	276	103	|
|41	0	114	285	184	88	285	385	200	197	251	230	189	270	48	205	295	160	245	241	62	|
|141	114	0	200	208	193	353	459	269	275	289	154	129	371	160	192	380	136	205	267	88	|
|324	285	200	0	406	330	386	484	467	344	286	57	299	555	318	380	442	327	114	255	226	|
|154	184	208	406	0	250	460	553	101	370	436	361	136	247	208	63	455	87	405	425	232	|
|98	88	193	330	250	0	211	304	232	121	204	273	276	249	44	283	210	244	259	204	113	|
|307	285	353	386	460	211	0	106	436	90	104	342	467	407	253	490	72	445	275	134	269	|
|402	385	459	484	553	304	106	0	517	188	198	443	570	463	348	587	102	545	371	229	373	|
|160	200	269	467	101	232	436	517	0	349	434	417	231	148	200	163	415	179	444	431	261	|
|217	197	275	344	370	121	90	188	349	0	111	293	382	335	163	400	106	357	244	128	187	|
|284	251	289	286	436	204	104	198	434	111	0	246	413	441	235	452	170	401	173	31	214	|
|269	230	154	57	361	273	342	443	417	293	246	0	266	500	261	342	393	286	85	215	170	|
|188	189	129	299	136	276	467	570	231	382	413	266	0	368	233	88	483	53	330	394	201	|
|233	270	371	555	247	249	407	463	148	335	441	500	368	0	242	310	364	316	504	448	330	|
|54	48	160	318	208	44	253	348	200	163	235	261	233	242	0	239	254	200	262	230	92	|
|185	205	192	380	63	283	490	587	163	400	452	342	88	310	239	0	492	56	397	438	240	|
|307	295	380	442	455	210	72	102	415	106	170	393	483	364	254	492	0	453	334	198	293	|
|149	160	136	327	87	244	445	545	179	357	401	286	53	316	200	56	453	0	341	385	188	|
|286	245	205	114	405	259	275	371	444	244	173	85	330	504	262	397	334	341	0	142	183	|
|276	241	267	255	425	204	134	229	431	128	31	215	394	448	230	438	198	385	142	0	198	|
|103	62	88	226	232	113	269	373	261	187	214	170	201	330	92	240	293	188	183	198	0	|

--------------------------------------------------------------------------------
Building model...
	using lazy and cut (CVRPSEP package)
Solving IRP LP...
--------------------------------------------------------------------------------

Gurobi 9.1.0 (linux64) logging started Sun Feb  7 07:39:54 2021

Gurobi Optimizer version 9.1.0 build v9.1.0rc0 (linux64)
Thread count: 32 physical cores, 32 logical processors, using up to 2 threads
Optimize a model with 816 rows, 3096 columns and 8082 nonzeros
Model fingerprint: 0xd6bd32f7
Variable types: 324 continuous, 2772 integer (252 binary)
Coefficient statistics:
  Matrix range     [1e+00, 4e+02]
  Objective range  [1e-01, 6e+02]
  Bounds range     [1e+00, 3e+02]
  RHS range        [1e+00, 3e+03]
Presolve removed 255 rows and 482 columns
Presolve time: 0.07s
Presolved: 561 rows, 2614 columns, 6295 nonzeros
Variable types: 189 continuous, 2425 integer (2192 binary)

Root relaxation: objective 6.829708e+03, 772 iterations, 0.02 seconds

    Nodes    |    Current Node    |     Objective Bounds      |     Work
 Expl Unexpl |  Obj  Depth IntInf | Incumbent    BestBd   Gap | It/Node Time

     0     0 6829.70780    0   68          - 6829.70780      -     -    0s
     0     0 7077.96094    0   68          - 7077.96094      -     -    0s
     0     0 7079.88202    0   84          - 7079.88202      -     -    0s
