




arguments: ./build/bc_mirp -f ./input/orig_exec_172.cfg
Current dir: /scratch/gui/bc_mirp
File verbosity level: 9
date       time         ( uptime  ) [ thread name/id ]                   file:line     v| 
2021-02-11 07:36:24.964 (   0.039s) [main thread     ]             loguru.cpp:789   INFO| Logging to './output/vi_vc+hc1_quarter/OU/V4/Original/execution_11_02_2021_07_36_24.log', mode: 'a', verbosity: 9
--------------------------------------------------------------------------------
Parameters
                           instance_path           ./input/Instances/Original/4/
                            model_policy                                       1
                             nb_vehicles                                       4
                              output_dir./output/vi_vc+hc1_quarter/OU/V4/Original/
                            sec_strategy                                       1
                       solver_nb_threads                                       2
                         solver_show_log                                    true
                       solver_time_limit                                    3600
                              use_vi_cos                                   false
                              use_vi_cus                                   false
                         use_vi_hc1_full                                   false
                         use_vi_hc1_half                                   false
                      use_vi_hc1_quarter                                    true
                              use_vi_hc2                                   false
                              use_vi_hc3                                   false
                         use_vi_lex_full                                   false
                         use_vi_lex_half                                   false
                      use_vi_lex_quarter                                   false
                              use_vi_qua                                   false
                               use_vi_vc                                    true
                               use_vi_vr                                   false
--------------------------------------------------------------------------------
executing instance: ./input/Instances/Original/4/absH3low_3n30.dat
--------------------------------------------------------------------------------
Instance details
n	31
H	3
C	2841
Li:
[0, 0, 0, 0, 0, 0, 0, 0, 0, 0, 0, 0, 0, 0, 0, 0, 0, 0, 0, 0, 0, 0, 0, 0, 0, 0, 0, 0, 0, 0, 0, ]
Ui:
[0, 246, 98, 54, 144, 171, 192, 180, 165, 98, 122, 198, 297, 144, 130, 129, 219, 138, 142, 150, 108, 66, 64, 285, 180, 204, 276, 168, 240, 198, 122, ]
Distance matrix:
|0	172	56	166	260	198	42	197	296	110	91	112	238	275	323	183	330	232	175	181	162	191	232	280	201	139	356	185	266	216	26	|
|172	0	178	223	320	335	153	355	444	62	231	99	333	376	214	352	176	235	194	106	47	41	353	161	299	175	225	43	326	374	153	|
|56	178	0	110	204	162	93	233	336	125	144	148	187	226	358	180	313	284	123	152	182	185	282	252	256	88	329	177	210	251	42	|
|166	223	110	0	102	150	199	327	431	194	253	237	113	156	431	228	296	386	44	140	248	208	389	218	366	48	287	200	108	344	148	|
|260	320	204	102	0	156	296	391	493	296	340	339	66	90	531	263	362	486	127	226	349	300	469	278	454	148	334	292	6	406	245	|
|198	335	162	150	156	0	239	255	351	286	245	307	93	106	518	111	442	423	194	280	344	335	349	367	352	182	437	327	158	266	199	|
|42	153	93	199	296	239	0	203	296	91	82	76	278	316	284	217	322	191	201	186	133	180	217	281	177	165	356	175	302	222	52	|
|197	355	233	327	391	255	203	0	104	294	125	266	340	361	436	151	524	276	352	377	330	383	109	477	146	319	553	377	395	19	222	|
|296	444	336	431	493	351	296	104	0	384	214	348	440	456	488	241	617	315	456	476	412	475	113	575	176	422	651	470	497	88	322	|
|110	62	125	194	296	286	91	294	384	0	171	55	298	340	238	292	233	210	176	118	58	91	298	201	248	148	273	87	302	313	94	|
|91	231	144	253	340	245	82	125	214	171	0	141	307	339	324	184	403	187	266	266	204	261	140	363	114	230	438	256	346	144	116	|
|112	99	148	237	339	307	76	266	348	55	141	0	332	373	212	292	275	156	225	173	64	137	254	253	200	194	322	135	345	284	108	|
|238	333	187	113	66	93	278	340	440	298	307	332	0	43	536	203	404	469	153	253	354	321	427	322	420	160	385	313	67	353	229	|
|275	376	226	156	90	106	316	361	456	340	339	373	43	0	578	216	443	507	194	295	397	364	453	361	451	203	421	356	88	372	268	|
|323	214	358	431	531	518	284	436	488	238	324	212	536	578	0	498	309	176	407	320	183	245	376	344	312	383	379	251	537	451	319	|
|183	352	180	228	263	111	217	151	241	292	184	292	203	216	498	0	492	371	266	328	345	364	255	426	272	242	501	356	266	159	198	|
|330	176	313	296	362	442	322	524	617	233	403	275	404	443	309	492	0	397	253	164	218	142	529	84	475	260	72	147	367	543	306	|
|232	235	284	386	486	423	191	276	315	210	187	156	469	507	176	371	397	0	379	327	188	276	202	396	139	346	456	277	492	289	242	|
|175	194	123	44	127	194	201	352	456	176	266	225	153	194	407	266	253	379	0	101	225	174	405	174	375	36	244	166	133	370	152	|
|181	106	152	140	226	280	186	377	476	118	266	173	253	295	320	328	164	327	101	0	148	76	403	100	360	98	177	69	232	396	155	|
|162	47	182	248	349	344	133	330	412	58	204	64	354	397	183	345	218	188	225	148	0	89	316	208	259	201	270	90	355	348	149	|
|191	41	185	208	300	335	180	383	475	91	261	137	321	364	245	364	142	276	174	76	89	0	388	119	336	162	185	8	306	402	169	|
|232	353	282	389	469	349	217	109	113	298	140	254	427	453	376	255	529	202	405	403	316	388	0	497	64	369	570	384	474	112	256	|
|280	161	252	218	278	367	281	477	575	201	363	253	322	361	344	426	84	396	174	100	208	119	497	0	449	187	77	119	283	496	255	|
|201	299	256	366	454	352	177	146	176	248	114	200	420	451	312	272	475	139	375	360	259	336	64	449	0	339	521	333	460	156	223	|
|139	175	88	48	148	182	165	319	422	148	230	194	160	203	383	242	260	346	36	98	201	162	369	187	339	0	260	153	154	337	116	|
|356	225	329	287	334	437	356	553	651	273	438	322	385	421	379	501	72	456	244	177	270	185	570	77	521	260	0	187	338	572	331	|
|185	43	177	200	292	327	175	377	470	87	256	135	313	356	251	356	147	277	166	69	90	8	384	119	333	153	187	0	298	396	163	|
|266	326	210	108	6	158	302	395	497	302	346	345	67	88	537	266	367	492	133	232	355	306	474	283	460	154	338	298	0	410	251	|
|216	374	251	344	406	266	222	19	88	313	144	284	353	372	451	159	543	289	370	396	348	402	112	496	156	337	572	396	410	0	241	|
|26	153	42	148	245	199	52	222	322	94	116	108	229	268	319	198	306	242	152	155	149	169	256	255	223	116	331	163	251	241	0	|

--------------------------------------------------------------------------------
Building model...
	using lazy and cut (CVRPSEP package)
Solving IRP LP...
--------------------------------------------------------------------------------

Gurobi 9.1.0 (linux64) logging started Thu Feb 11 07:36:25 2021

Gurobi Optimizer version 9.1.0 build v9.1.0rc0 (linux64)
Thread count: 32 physical cores, 32 logical processors, using up to 2 threads
Optimize a model with 1204 rows, 6436 columns and 15751 nonzeros
Model fingerprint: 0x7de20cca
Variable types: 484 continuous, 5952 integer (372 binary)
Coefficient statistics:
  Matrix range     [1e+00, 7e+02]
  Objective range  [1e-02, 7e+02]
  Bounds range     [1e+00, 3e+02]
  RHS range        [1e+00, 5e+03]
Presolve removed 355 rows and 712 columns
Presolve time: 0.08s
Presolved: 849 rows, 5724 columns, 13130 nonzeros
Variable types: 289 continuous, 5435 integer (5076 binary)

Root relaxation: objective 2.406741e+03, 933 iterations, 0.02 seconds

    Nodes    |    Current Node    |     Objective Bounds      |     Work
 Expl Unexpl |  Obj  Depth IntInf | Incumbent    BestBd   Gap | It/Node Time

     0     0 2406.74103    0   97          - 2406.74103      -     -    0s
     0     0 2636.37043    0  135          - 2636.37043      -     -    0s
     0     0 3176.66289    0  153          - 3176.66289      -     -    0s
     0     0 3190.37504    0  157          - 3190.37504      -     -    0s
     0     0 3203.00000    0  163          - 3203.00000      -     -    0s
     0     0 3210.88109    0  170          - 3210.88109      -     -    0s
     0     0 3240.41482    0  173          - 3240.41482      -     -    0s
     0     0 3328.46707    0  218          - 3328.46707      -     -    0s
     0     0 3340.18706    0  199          - 3340.18706      -     -    0s
     0     0 3341.78082    0  206          - 3341.78082      -     -    0s
     0     0 3341.78211    0  207          - 3341.78211      -     -    0s
     0     0 3460.79298    0  238          - 3460.79298      -     -    0s
     0     0 3472.53387    0  256          - 3472.53387      -     -    1s
     0     0 3476.61425    0  276          - 3476.61425      -     -    1s
     0     0 3480.29471    0  297          - 3480.29471      -     -    1s
     0     0 3480.74973    0  288          - 3480.74973      -     -    1s
     0     0 3532.70244    0  235          - 3532.70244      -     -    1s
     0     0 3556.89740    0  324          - 3556.89740      -     -    1s
     0     0 3568.30224    0  365          - 3568.30224      -     -    1s
     0     0 3571.64090    0  356          - 3571.64090      -     -    1s
     0     0 3571.70522    0  372          - 3571.70522      -     -    1s
     0     0 3582.81940    0  296          - 3582.81940      -     -    1s
     0     0 3584.42210    0  316          - 3584.42210      -     -    2s
     0     0 3588.10775    0  280          - 3588.10775      -     -    2s
     0     0 3588.10775    0  280          - 3588.10775      -     -    2s
     0     2 3589.59554    0  279          - 3589.59554      -     -    2s
    64    69 3770.28281   19  302          - 3598.72799      -   250    5s
   320   357 4695.18486   54  274          - 3598.72799      -   172   10s
*  417   414             195    7337.7400000 3598.72799  51.0%   141   10s
   517   529 5648.25837  120  188 7337.74000 3598.72799  51.0%   140   15s
   701   734 6874.54778  214   72 7337.74000 3598.72799  51.0%   121   20s
H  911   847                    6590.8000000 3604.97533  45.3%   103   24s
   913   848 5223.46186   69  232 6590.80000 3604.97533  45.3%   102   25s
   938   865 5010.01196   67  500 6590.80000 3777.89421  42.7%   100   30s
   960   881 6590.80000  267  487 6590.80000 3780.53663  42.6%   107   35s
H  970   842                    6573.8000000 3783.79127  42.4%   106   37s
   979   848 5668.07680  105  529 6573.80000 3785.69388  42.4%   105   40s
  1006   869 3937.58550   26  371 6573.80000 3842.00195  41.6%   122   45s
  1069   914 4052.07663   40  339 6573.80000 3853.04039  41.4%   142   50s
H 1071   871                    6270.4000000 3853.04039  38.6%   142   50s
  1134   919 4204.00975   54  285 6270.40000 3853.04039  38.6%   158   55s
  1207   977 4594.08858   73  281 6270.40000 3853.04039  38.6%   170   60s
  1389  1088 5617.69367  115  185 6270.40000 3853.04039  38.6%   173   65s
  1550  1168 3903.38490   27  380 6270.40000 3866.46574  38.3%   174   70s
  1614  1217 4131.53487   35  251 6270.40000 3866.46574  38.3%   187   75s
  1710  1311 4276.72486   41  254 6270.40000 3866.46574  38.3%   189   80s
  1818  1338 4408.83621   56  198 6270.40000 3866.46574  38.3%   193   85s
  1891  1396 4698.46170   77  163 6270.40000 3866.46574  38.3%   201   90s
  1979  1480 5200.66889  103   81 6270.40000 3875.97127  38.2%   201   95s
H 2072  1396                    5978.0400000 3875.97127  35.2%   201   99s
  2081  1410 4096.83004   27  494 5978.04000 3875.97127  35.2%   203  101s
  2170  1517 4363.93730   37  270 5978.04000 3875.97127  35.2%   209  106s
  2271  1529 4466.76890   43  184 5978.04000 3875.97127  35.2%   209  110s
  2404  1573 5059.28381   61  126 5978.04000 3875.97127  35.2%   207  115s
  2566  1630     cutoff   95      5978.04000 3894.33446  34.9%   204  120s
  2603  1649 4340.28578   33  171 5978.04000 3896.77250  34.8%   208  125s
  2655  1704 4599.30168   41  117 5978.04000 3896.77250  34.8%   216  132s
  2765  1752 4454.68678   38  290 5978.04000 3896.77250  34.8%   216  135s
* 2835  1605              96    5676.5100000 3896.83484  31.4%   214  137s
* 2836  1560              94    5667.5100000 3896.83484  31.2%   214  137s
  2868  1584 4038.28520   27  460 5667.51000 3896.83484  31.2%   215  140s
  2920  1620 4326.42923   32  169 5667.51000 3896.83484  31.2%   216  149s
  2974  1679 4571.17878   38  151 5667.51000 3896.83484  31.2%   215  151s
  3087  1698 5114.18000   47   12 5667.51000 3903.98595  31.1%   213  155s
  3186  1797 4694.26033   44  238 5667.51000 3920.01716  30.8%   215  161s
  3270  1851 4184.37473   32  156 5667.51000 3928.37451  30.7%   214  165s
  3385  1907     cutoff   81      5667.51000 3932.82407  30.6%   216  170s
  3495  2027 4277.22260   32  376 5667.51000 3933.62106  30.6%   218  177s
  3537  2131 4336.08891   36  318 5667.51000 3933.62106  30.6%   220  180s
  3647  2275 4662.49278   53  159 5667.51000 3937.62869  30.5%   220  186s
  3840  2366 4382.49493   25  245 5667.51000 3938.64953  30.5%   216  190s
  3941  2385 5202.05804   61  135 5667.51000 3939.41668  30.5%   214  198s
  3975  2416 4333.81292   28  422 5667.51000 3939.96719  30.5%   216  202s
  4006  2462 4622.60185   33  229 5667.51000 3939.96719  30.5%   218  206s
  4068  2512 4920.46059   39  292 5667.51000 3939.96719  30.5%   220  210s
  4185  2617 4373.10941   40  290 5667.51000 3943.74277  30.4%   223  218s
  4283  2666 4380.51717   26  340 5667.51000 3943.86714  30.4%   222  223s
  4344  2694 5364.12766   48  108 5667.51000 3946.24494  30.4%   224  228s
  4386  2758 4836.74111   47  295 5667.51000 3950.83872  30.3%   225  233s
  4462  2818     cutoff  103      5667.51000 3951.70138  30.3%   226  239s
  4522  2983 4998.68266   56  128 5667.51000 3953.21301  30.2%   227  245s
  4731  3003     cutoff   82      5667.51000 3954.66532  30.2%   223  251s
  4750  3038 4486.80110   43  227 5667.51000 3958.34090  30.2%   227  259s
  4785  3088 4772.87850   48  252 5667.51000 3958.34090  30.2%   229  264s
  4860  3135 5111.98137   58  151 5667.51000 3970.42689  29.9%   231  270s
  4939  3208 5168.92000   58   28 5667.51000 3970.65631  29.9%   230  278s
* 4958  3158              76    5617.2900000 3970.65631  29.3%   229  278s
  5044  3207 5333.79176   65   25 5617.29000 3986.97569  29.0%   230  283s
* 5045  2755              66    5355.9800000 3986.97569  25.6%   230  283s
  5114  2777 4664.28450   40  237 5355.98000 3988.44609  25.5%   231  289s
  5175  2851 4584.93098   43  294 5355.98000 3995.90064  25.4%   233  296s
  5275  2898 4308.23119   33  269 5355.98000 3997.71072  25.4%   233  302s
  5336  2919 5353.61000   64    - 5355.98000 3997.73208  25.4%   233  308s
  5374  2970 4474.42149   32  402 5355.98000 3997.92642  25.4%   237  315s
  5424  3008 5014.62506   48  226 5355.98000 4000.54441  25.3%   240  321s
  5482  3099 4965.94731   43  272 5355.98000 4003.37813  25.3%   243  328s
  5593  3171 4565.86878   41  154 5355.98000 4005.72045  25.2%   244  337s
  5692  3287 4414.31066   34  344 5355.98000 4021.28741  24.9%   244  345s
  5832  3384 4394.71138   35  263 5355.98000 4025.20188  24.8%   244  354s
  5945  3495 4695.00248   58  251 5355.98000 4025.65311  24.8%   245  363s
  6075  3566 4242.48716   33  372 5355.98000 4025.66332  24.8%   245  370s
  6146  3734 4540.81249   43  311 5355.98000 4026.47213  24.8%   248  380s
  6371  3805 4199.50255   29  388 5355.98000 4027.30679  24.8%   245  389s
  6457  3933 4673.43820   35  103 5355.98000 4029.59836  24.8%   247  398s
  6638  4012 4289.26431   34  385 5355.98000 4036.25288  24.6%   246  407s
H 6703  4011                    5353.7100000 4036.29410  24.6%   246  407s
  6725  4026 4460.89086   39  137 5353.71000 4036.29410  24.6%   248  418s
H 6734  2307                    4861.8500000 4036.29410  17.0%   248  418s
  6740  2433 4516.68990   43  176 4861.85000 4037.00483  17.0%   248  427s
  6922  2492     cutoff   66      4861.85000 4041.10331  16.9%   248  436s
  7010  2556 4514.60437   35  209 4861.85000 4044.73268  16.8%   250  446s
  7108  2615 4069.57100   27  277 4861.85000 4048.88407  16.7%   252  454s
  7184  2675 4519.72411   42   43 4861.85000 4051.35911  16.7%   254  463s
  7280  2731     cutoff   60      4861.85000 4052.08321  16.7%   257  474s
  7350  2791 4748.79640   49  174 4861.85000 4055.88138  16.6%   261  485s
  7437  2851 4319.79422   41  504 4861.85000 4057.31550  16.5%   264  497s
  7520  2968 4285.40622   35  367 4861.85000 4057.37177  16.5%   268  508s
  7685  3064 4610.99955   53  178 4861.85000 4059.31215  16.5%   269  521s
  7840  3100     cutoff   41      4861.85000 4067.41354  16.3%   271  568s
  7908  3242 4647.27283   55  151 4861.85000 4069.46196  16.3%   273  582s
  8122  3324 4763.36079   49  138 4861.85000 4078.83069  16.1%   273  596s
  8242  3406     cutoff   58      4861.85000 4085.00188  16.0%   277  610s
  8352  3485     cutoff   42      4861.85000 4087.81632  15.9%   280  624s
  8489  3574 4414.69254   42  219 4861.85000 4094.33517  15.8%   283  638s
  8618  3692 4574.92307   33  243 4861.85000 4094.35416  15.8%   286  653s
  8793  3764 4253.88862   32  495 4861.85000 4096.85890  15.7%   288  667s
  8886  3871 4502.40347   38  339 4861.85000 4097.58632  15.7%   291  681s
  9060  3964 4287.61982   33  223 4861.85000 4101.70998  15.6%   293  696s
  9200  4058 4454.17781   43  202 4861.85000 4102.55060  15.6%   295  710s
H 9330  4032                    4840.8500000 4103.66469  15.2%   296  725s
  9451  4158 4150.02138   32  277 4840.85000 4106.72722  15.2%   298  739s
  9625  4265 4559.76874   52   71 4840.85000 4108.45878  15.1%   300  754s
  9816  4363     cutoff   70      4840.85000 4117.09795  15.0%   301  768s
  9959  4441 4692.05972   52  368 4840.85000 4119.04537  14.9%   304  782s
 10079  4551 4392.97918   43  227 4840.85000 4119.73709  14.9%   306  797s
 10266  4606 4296.02591   33  393 4840.85000 4121.93312  14.9%   308  812s
 10373  4723 4633.11570   50  292 4840.85000 4122.88920  14.8%   311  828s
 10547  4808 4664.24110   48  169 4840.85000 4128.35569  14.7%   312  843s
 10701  4880 4266.00686   39  431 4840.85000 4131.47342  14.7%   314  857s
 10829  4951 4654.29371   40  276 4840.85000 4132.37337  14.6%   316  873s
 10946  5055 4312.75476   35  342 4840.85000 4132.85760  14.6%   319  889s
 11113  5149 4711.27265   41  238 4840.85000 4135.61422  14.6%   321  905s
 11265  5219 4654.27891   37  257 4840.85000 4137.05897  14.5%   323  920s
H11322  4814                    4788.8500000 4137.05897  13.6%   324  920s
 11398  4909 4315.76316   38  536 4788.85000 4139.02029  13.6%   325  935s
 11550  4989 4543.32499   49  308 4788.85000 4140.10961  13.5%   327  952s
H11617  4548                    4747.8500000 4141.14513  12.8%   328  952s
 11698  4617 4353.59710   46  180 4747.85000 4143.14447  12.7%   328  968s
 11834  4736 4317.92048   34  279 4747.85000 4144.66941  12.7%   331  984s
 12008  4833 4267.34417   32  298 4747.85000 4149.35192  12.6%   332  999s
 12182  4925 4511.18693   49  312 4747.85000 4151.69390  12.6%   334 1015s
 12335  5052 4404.51911   31  421 4747.85000 4153.44511  12.5%   336 1031s
 12526  5162 4566.91830   35  380 4747.85000 4156.85689  12.4%   336 1047s
 12692  5229 4642.24542   43  123 4747.85000 4157.20041  12.4%   336 1063s
 12929  5312 4739.72047   46   57 4747.85000 4159.54158  12.4%   335 1079s
 13080  5422 4543.74985   41  269 4747.85000 4162.62235  12.3%   336 1095s
 13283  5545 4291.46476   32  338 4747.85000 4164.58251  12.3%   336 1112s
 13513  5636 4566.95787   49  270 4747.85000 4166.82170  12.2%   337 1128s
 13677  5723 4545.54917   51  325 4747.85000 4168.80955  12.2%   339 1144s
 13838  5815 4675.97239   40  263 4747.85000 4170.98834  12.1%   340 1160s
 14033  5908 4413.68622   29  247 4747.85000 4173.36292  12.1%   341 1176s
 14190  6025 4718.98693   51  294 4747.85000 4174.31162  12.1%   342 1192s
 14359  6097 4421.19515   39  500 4747.85000 4177.10309  12.0%   344 1208s
 14506  6184 4630.07864   41  191 4747.85000 4178.91244  12.0%   345 1223s
 14671  6285 4309.43711   27  345 4747.85000 4182.07322  11.9%   346 1239s
 14852  6450 4430.75970   36  185 4747.85000 4183.62281  11.9%   347 1255s
 15090  6583 4605.03107   46  403 4747.85000 4186.39904  11.8%   347 1272s
 15304  6685 4571.63696   52  102 4747.85000 4188.33684  11.8%   347 1288s
 15496  6767 4603.39207   56  305 4747.85000 4190.24494  11.7%   348 1304s
 15636  6891 4636.44806   41  305 4747.85000 4193.72590  11.7%   349 1321s
 15819  6978     cutoff   61      4747.85000 4195.33930  11.6%   350 1337s
 16004  7129 4503.68169   54  254 4747.85000 4197.55175  11.6%   351 1355s
 16277  7222 4302.24392   36  458 4747.85000 4198.44053  11.6%   351 1370s
 16451  7360 4383.92152   34  325 4747.85000 4200.11274  11.5%   352 1386s
 16689  7457 4661.67576   31  389 4747.85000 4201.32464  11.5%   351 1402s
 16880  7545 4495.22227   44  391 4747.85000 4202.42223  11.5%   352 1418s
 17085  7648     cutoff   54      4747.85000 4203.56377  11.5%   353 1434s
 17171  7648 4308.09373   30  241 4747.85000 4205.12094  11.4%   353 1435s
 17261  7779 4605.76970   42  253 4747.85000 4205.24346  11.4%   353 1452s
 17470  7864 4341.79987   39  464 4747.85000 4206.21442  11.4%   353 1468s
 17646  7931 4479.54171   44  327 4747.85000 4206.95051  11.4%   354 1483s
 17816  8009 4519.95071   50  321 4747.85000 4208.37371  11.4%   355 1499s
 17881  8009 4513.17786   51  278 4747.85000 4209.16350  11.3%   356 1500s
 17942  8152 4596.65331   37  117 4747.85000 4209.23986  11.3%   356 1516s
 18175  8227 4583.52019   50  130 4747.85000 4210.51240  11.3%   356 1532s
 18354  8297 4544.85440   32  291 4747.85000 4212.03488  11.3%   357 1549s
 18482  8437 4405.41508   34  273 4747.85000 4213.18412  11.3%   358 1566s
 18695  8513 4572.51499   34  235 4747.85000 4214.28417  11.2%   359 1582s
 18852  8594 4526.96324   41  221 4747.85000 4215.21468  11.2%   359 1598s
 19057  8687 4695.47186   46  222 4747.85000 4217.39546  11.2%   360 1614s
 19258  8817 4444.86275   29  197 4747.85000 4219.54718  11.1%   360 1630s
 19484  8918 4600.41471   39  321 4747.85000 4220.41266  11.1%   360 1647s
 19671  9015     cutoff   38      4747.85000 4221.82391  11.1%   361 1664s
 19861  9113     cutoff   47      4747.85000 4223.44219  11.0%   361 1680s
 20007  9199     cutoff   41      4747.85000 4225.16337  11.0%   362 1696s
 20206  9285 4669.48342   63   13 4747.85000 4226.04993  11.0%   363 1712s
 20388  9379     cutoff   45      4747.85000 4227.26437  11.0%   363 1728s
 20585  9467 4479.69133   37  214 4747.85000 4228.86328  10.9%   364 1745s
 20736  9529 4648.91161   36  191 4747.85000 4229.42024  10.9%   365 1762s
 20957  9641 4496.16108   42  310 4747.85000 4230.03025  10.9%   365 1779s
 21041  9641 4679.72350   54   84 4747.85000 4230.03025  10.9%   365 1780s
 21155  9718 4469.37439   31  317 4747.85000 4230.56628  10.9%   366 1796s
 21302  9840 4334.22736   43  474 4747.85000 4231.33339  10.9%   366 1812s
 21546  9982 4566.99254   32  237 4747.85000 4232.38076  10.9%   366 1830s
 21804 10089 4611.76043   31   70 4747.85000 4233.47864  10.8%   364 1846s
 22005 10173 4657.43857   51  259 4747.85000 4235.24650  10.8%   364 1862s
 22191 10262 4664.30909   38  294 4747.85000 4236.05108  10.8%   364 1878s
 22395 10411 4484.54016   39  444 4747.85000 4237.56717  10.7%   363 1895s
 22658 10538 4587.72236   48  382 4747.85000 4239.18837  10.7%   362 1912s
 22881 10632 4414.61505   49  197 4747.85000 4240.03782  10.7%   361 1928s
 23100 10754 4484.85647   38   91 4747.85000 4241.02414  10.7%   361 1945s
 23359 10894 4680.48543   32  505 4747.85000 4242.89777  10.6%   359 1962s
 23593 11031 4402.68470   32  263 4747.85000 4243.84530  10.6%   358 1978s
 23845 11138     cutoff   50      4747.85000 4245.43757  10.6%   357 1994s
 23905 11138 4646.71458   39  151 4747.85000 4245.43757  10.6%   357 1995s
 24068 11201 4451.64009   38  438 4747.85000 4247.81415  10.5%   357 2011s
 24267 11272 4469.13150   31  269 4747.85000 4248.99261  10.5%   356 2036s
 24408 11401 4611.41571   36  239 4747.85000 4249.44358  10.5%   356 2057s
 24629 11496 4468.07180   33  411 4747.85000 4250.40797  10.5%   354 2074s
 24839 11647 4538.70777   41  379 4747.85000 4251.44773  10.5%   354 2091s
 25092 11718     cutoff   45      4747.85000 4252.79697  10.4%   353 2107s
 25278 11847 4746.06338   42  182 4747.85000 4253.34790  10.4%   352 2124s
 25454 11847 4487.53154   42  342 4747.85000 4253.84700  10.4%   352 2125s
 25529 11948 4694.35611   56  233 4747.85000 4254.08963  10.4%   352 2140s
 25728 12061 4628.62873   43  261 4747.85000 4255.31965  10.4%   351 2157s
 25927 12138     cutoff   42      4747.85000 4256.07441  10.4%   351 2173s
 26113 12279 4402.09694   51  332 4747.85000 4257.06527  10.3%   351 2190s
 26358 12344 4471.25723   34  338 4747.85000 4257.76126  10.3%   350 2206s
 26534 12427 4435.38101   39  345 4747.85000 4260.41634  10.3%   350 2223s
 26713 12550     cutoff   43      4747.85000 4260.87562  10.3%   350 2239s
 26814 12550 4347.44139   42  458 4747.85000 4261.85811  10.2%   349 2240s
 26936 12668 4426.06228   51  365 4747.85000 4261.95298  10.2%   349 2256s
 27191 12765 4294.82221   40  427 4747.85000 4263.24930  10.2%   348 2272s
 27417 12871     cutoff   52      4747.85000 4264.00709  10.2%   347 2288s
 27625 12969 4503.04223   40  366 4747.85000 4265.91206  10.2%   347 2305s
 27845 13082 4411.17908   29  148 4747.85000 4266.48617  10.1%   347 2321s
 28070 13173 4634.01061   44  218 4747.85000 4268.02557  10.1%   346 2337s
 28278 13296 4395.96723   35  365 4747.85000 4268.57994  10.1%   345 2354s
 28495 13462 4580.98495   43  230 4747.85000 4269.67371  10.1%   345 2371s
 28796 13585 4483.69501   35  160 4747.85000 4270.71517  10.0%   344 2388s
 29043 13672 4628.33294   44  253 4747.85000 4271.31102  10.0%   343 2404s
 29155 13672 4690.54438   48  131 4747.85000 4271.98329  10.0%   343 2405s
 29224 13800 4404.99776   38  283 4747.85000 4272.20341  10.0%   343 2421s
 29497 13911     cutoff   44      4747.85000 4272.47053  10.0%   342 2437s
 29742 14003 4483.41452   40  466 4747.85000 4273.61735  10.0%   341 2453s
 29943 14112 4388.76654   31  144 4747.85000 4274.41394  10.0%   341 2469s
 30162 14195 4539.13188   42  296 4747.85000 4275.11792  10.0%   340 2485s
 30362 14341 4381.67697   40  317 4747.85000 4276.13620  9.94%   340 2502s
 30659 14443     cutoff   33      4747.85000 4276.84023  9.92%   339 2519s
 30913 14578 4441.65287   36  410 4747.85000 4277.49948  9.91%   338 2535s
 31205 14669 4712.47392   40  372 4747.85000 4278.21511  9.89%   337 2551s
 31367 14766     cutoff   46      4747.85000 4278.83527  9.88%   337 2567s
 31579 14864 4587.16522   37  155 4747.85000 4279.58908  9.86%   337 2582s
 31815 14931     cutoff   40      4747.85000 4280.51248  9.84%   336 2599s
 31980 14997 4696.50394   37  290 4747.85000 4280.94411  9.83%   336 2614s
 32201 15088 4415.41352   41  438 4747.85000 4281.76197  9.82%   336 2631s
 32385 15156 4648.56469   43  285 4747.85000 4282.31650  9.81%   336 2701s
 32513 15260 4604.31757   50  136 4747.85000 4282.75828  9.80%   336 2717s
 32769 15333 4594.91711   53  164 4747.85000 4283.62688  9.78%   335 2733s
 32962 15438 4463.17515   34  392 4747.85000 4284.40249  9.76%   335 2750s
 33190 15541 4631.00077   43  104 4747.85000 4285.03594  9.75%   334 2765s
 33375 15649 4630.11779   42  283 4747.85000 4285.62392  9.74%   334 2781s
 33633 15774     cutoff   46      4747.85000 4286.62586  9.71%   334 2798s
 33870 15869 4668.87323   37  131 4747.85000 4287.56947  9.69%   333 2815s
 34081 15954 4465.04129   42  460 4747.85000 4288.45089  9.68%   333 2831s
 34273 16082 4449.87464   38  289 4747.85000 4288.73098  9.67%   333 2848s
 34534 16245 4413.87494   45  298 4747.85000 4289.65399  9.65%   332 2864s
 34663 16245 4552.21472   37  176 4747.85000 4290.07242  9.64%   332 2865s
 34807 16325 4598.36165   45  443 4747.85000 4290.13754  9.64%   332 2881s
 34999 16433 4386.19639   31  408 4747.85000 4290.88223  9.62%   331 2897s
 35198 16556 4670.76148   45  195 4747.85000 4291.22346  9.62%   331 2914s
 35303 16556 4630.20678   43  374 4747.85000 4291.69343  9.61%   331 2915s
 35443 16688 4541.29208   36  152 4747.85000 4291.78475  9.61%   331 2931s
 35696 16760 4617.31378   40  258 4747.85000 4292.61643  9.59%   330 2947s
 35893 16856 4665.04708   49  109 4747.85000 4293.69506  9.57%   330 2963s
 36098 16944     cutoff   52      4747.85000 4294.20205  9.55%   330 2979s
 36327 17081 4418.44322   36  207 4747.85000 4294.84441  9.54%   330 2995s
 36595 17182 4341.04376   31  354 4747.85000 4295.87868  9.52%   329 3011s
 36811 17305 4477.59415   35  468 4747.85000 4296.64614  9.50%   329 3027s
 37053 17475 4522.70436   43  312 4747.85000 4297.27206  9.49%   328 3044s
 37162 17475     cutoff   56      4747.85000 4297.79974  9.48%   328 3045s
 37335 17586 4393.49069   35  351 4747.85000 4297.92312  9.48%   328 3060s
 37563 17666 4664.42775   41  173 4747.85000 4298.73423  9.46%   327 3076s
 37745 17786 4461.25722   45  420 4747.85000 4299.33171  9.45%   327 3093s
 37999 17915 4487.05692   35  260 4747.85000 4299.89268  9.43%   327 3109s
 38108 17915 4408.91151   31  396 4747.85000 4300.09885  9.43%   327 3110s
 38221 17987 4528.56425   44  148 4747.85000 4300.26370  9.43%   326 3125s
 38422 18046 4527.37024   34  295 4747.85000 4300.99910  9.41%   326 3141s
 38569 18135 4509.37033   30  279 4747.85000 4301.28818  9.41%   326 3156s
 38762 18230     cutoff   37      4747.85000 4301.81129  9.39%   326 3173s
 38972 18315 4548.31131   39  396 4747.85000 4302.44418  9.38%   326 3190s
 39151 18363     cutoff   46      4747.85000 4302.71211  9.38%   326 3206s
 39287 18464 4653.23844   43  304 4747.85000 4303.04272  9.37%   326 3222s
 39496 18623 4597.76562   31  231 4747.85000 4303.79208  9.35%   326 3238s
 39806 18766 4505.20441   36  336 4747.85000 4304.42380  9.34%   325 3255s
 40054 18883 4682.72072   47  138 4747.85000 4305.29807  9.32%   325 3272s
 40367 19027 4431.17391   34  165 4747.85000 4305.58378  9.32%   324 3288s
 40626 19162 4701.78991   49  165 4747.85000 4306.22293  9.30%   324 3304s
 40888 19306 4465.11638   38  149 4747.85000 4307.04096  9.28%   323 3320s
*41152 19115              50    4735.3200000 4307.81817  9.03%   323 3336s
H41354 18634                    4716.0500000 4308.13484  8.65%   322 3353s
 41513 18699     cutoff   46      4716.05000 4308.65855  8.64%   323 3369s
 41665 18699 4344.59574   42  468 4716.05000 4309.34960  8.62%   323 3370s
 41688 18767 4497.58819   40  200 4716.05000 4309.37659  8.62%   323 3386s
H41840 17815                    4693.0500000 4309.51335  8.17%   323 3402s
 41996 17887 4642.11401   34  309 4693.05000 4309.94943  8.16%   323 3419s
 42173 18000 4409.29285   38  204 4693.05000 4310.63309  8.15%   323 3436s
 42412 18093 4452.88917   38  219 4693.05000 4311.36231  8.13%   322 3452s
 42636 18181 4556.96164   38  158 4693.05000 4311.83249  8.12%   322 3469s
 42837 18236 4573.90771   43  295 4693.05000 4312.32692  8.11%   322 3485s
H43010 16632                    4664.0500000 4313.28108  7.52%   322 3501s
 43155 16684     cutoff   39      4664.05000 4313.76569  7.51%   322 3516s
 43346 16756 4541.88155   40  208 4664.05000 4314.44251  7.50%   322 3532s
 43527 16823 4532.69753   40  347 4664.05000 4314.99595  7.48%   322 3548s
 43752 16916     cutoff   48      4664.05000 4315.51552  7.47%   322 3564s
 43998 16976 4609.81318   34  273 4664.05000 4316.30938  7.46%   321 3580s
 44167 17025     cutoff   43      4664.05000 4316.67547  7.45%   321 3596s
 44364 17066 4367.66297   39  366 4664.05000 4317.20025  7.44%   321 3600s

Cutting planes:
  User: 4040
  Gomory: 11
  Cover: 344
  Implied bound: 123
  Projected implied bound: 13
  Clique: 19
  MIR: 86
  Flow cover: 229
  GUB cover: 1
  Zero half: 24
  RLT: 221
  Relax-and-lift: 5
  Lazy constraints: 1130

Explored 44421 nodes (14276842 simplex iterations) in 3600.21 seconds
Thread count was 2 (of 32 available processors)

Solution count 10: 4664.05 4693.05 4716.05 ... 5355.98

Time limit reached
Best objective 4.664050000000e+03, best bound 4.317284744402e+03, gap 7.4349%

User-callback calls 283332, time in user-callback 148.01 sec
================================================================================
executing instance: ./input/Instances/Original/4/absH3low_3n10.dat
--------------------------------------------------------------------------------
Instance details
n	11
H	3
C	687
Li:
[0, 0, 0, 0, 0, 0, 0, 0, 0, 0, 0, ]
Ui:
[0, 189, 44, 174, 78, 36, 198, 117, 42, 96, 240, ]
Distance matrix:
|0	209	255	286	142	156	285	317	182	161	135	|
|209	0	464	451	315	356	490	469	361	299	260	|
|255	464	0	221	202	130	74	280	189	254	273	|
|286	451	221	0	145	156	164	479	354	153	192	|
|142	315	202	145	0	73	194	388	250	53	73	|
|156	356	130	156	73	0	134	332	200	127	144	|
|285	490	74	164	194	134	0	353	256	239	267	|
|317	469	280	479	388	332	353	0	141	436	430	|
|182	361	189	354	250	200	256	141	0	296	289	|
|161	299	254	153	53	127	239	436	296	0	39	|
|135	260	273	192	73	144	267	430	289	39	0	|

--------------------------------------------------------------------------------
Building model...
	using lazy and cut (CVRPSEP package)
Solving IRP LP...
--------------------------------------------------------------------------------

Gurobi 9.1.0 (linux64) logging started Thu Feb 11 08:36:27 2021

Gurobi Optimizer version 9.1.0 build v9.1.0rc0 (linux64)
Thread count: 32 physical cores, 32 logical processors, using up to 2 threads
Optimize a model with 419 rows, 956 columns and 2831 nonzeros
Model fingerprint: 0xecf3f4a5
Variable types: 164 continuous, 792 integer (132 binary)
Coefficient statistics:
  Matrix range     [1e+00, 2e+02]
  Objective range  [1e-02, 5e+02]
  Bounds range     [1e+00, 2e+02]
  RHS range        [1e+00, 1e+03]
Presolve removed 133 rows and 176 columns
Presolve time: 0.02s
Presolved: 286 rows, 780 columns, 2096 nonzeros
Variable types: 90 continuous, 690 integer (573 binary)

Root relaxation: objective 1.868879e+03, 461 iterations, 0.01 seconds

    Nodes    |    Current Node    |     Objective Bounds      |     Work
 Expl Unexpl |  Obj  Depth IntInf | Incumbent    BestBd   Gap | It/Node Time

     0     0 1895.64933    0   61          - 1895.64933      -     -    0s
H    0     0                    5427.5500000 1895.64933  65.1%     -    0s
H    0     0                    5202.5500000 1895.64933  63.6%     -    0s
     0     0 2376.08995    0   84 5202.55000 2376.08995  54.3%     -    0s
     0     0 2583.67185    0  100 5202.55000 2583.67185  50.3%     -    0s
H    0     0                    3548.1000000 2583.67185  27.2%     -    0s
H    0     0                    3522.1000000 2583.67185  26.6%     -    0s
     0     0 2633.36796    0  104 3522.10000 2633.36796  25.2%     -    0s
     0     0 2641.73914    0  113 3522.10000 2641.73914  25.0%     -    0s
     0     0 2642.73345    0  113 3522.10000 2642.73345  25.0%     -    0s
     0     0 2642.74682    0  114 3522.10000 2642.74682  25.0%     -    0s
     0     0 2710.13635    0   39 3522.10000 2710.13635  23.1%     -    0s
     0     0 2725.10763    0   79 3522.10000 2725.10763  22.6%     -    0s
     0     0 2740.28391    0   82 3522.10000 2740.28391  22.2%     -    0s
     0     0 2740.36281    0   83 3522.10000 2740.36281  22.2%     -    0s
     0     0 2777.30792    0  128 3522.10000 2777.30792  21.1%     -    0s
H    0     0                    3443.1000000 2777.30792  19.3%     -    0s
H    0     0                    3370.9800000 2777.30792  17.6%     -    0s
     0     0 2783.47137    0  117 3370.98000 2783.47137  17.4%     -    0s
     0     0 2783.49862    0  121 3370.98000 2783.49862  17.4%     -    0s
     0     0 2804.92369    0  128 3370.98000 2804.92369  16.8%     -    0s
     0     0 2805.73882    0   96 3370.98000 2805.73882  16.8%     -    0s
     0     0 2808.88841    0  148 3370.98000 2808.88841  16.7%     -    0s
     0     0 2808.88841    0  139 3370.98000 2808.88841  16.7%     -    0s
     0     2 2810.81616    0  139 3370.98000 2810.81616  16.6%     -    0s
*   56    64              20    3362.3600000 2842.63914  15.5%  52.9    0s
H   64    64                    3278.9800000 2842.63914  13.3%  47.2    0s
H   65    74                    3160.3600000 2842.63914  10.1%  46.6    0s
H   92    81                    3112.3600000 2850.22382  8.42%  39.6    0s
*  319   126              22    3111.1000000 2935.85409  5.63%  40.7    0s

Cutting planes:
  User: 35
  Gomory: 6
  Cover: 103
  Implied bound: 61
  Clique: 14
  MIR: 35
  StrongCG: 1
  Flow cover: 54
  Zero half: 1
  RLT: 69
  Relax-and-lift: 19
  Lazy constraints: 3

Explored 783 nodes (30281 simplex iterations) in 1.53 seconds
Thread count was 2 (of 32 available processors)

Solution count 10: 3111.1 3112.36 3160.36 ... 5202.55

Optimal solution found (tolerance 1.00e-04)
Best objective 3.111100000000e+03, best bound 3.111100000000e+03, gap 0.0000%

User-callback calls 2054, time in user-callback 0.18 sec
================================================================================
executing instance: ./input/Instances/Original/4/absH3low_3n15.dat
--------------------------------------------------------------------------------
Instance details
n	16
H	3
C	1267
Li:
[0, 0, 0, 0, 0, 0, 0, 0, 0, 0, 0, 0, 0, 0, 0, 0, ]
Ui:
[0, 156, 267, 148, 144, 87, 33, 171, 76, 141, 270, 282, 60, 110, 172, 57, ]
Distance matrix:
|0	229	567	76	58	96	306	409	310	423	108	346	165	347	159	256	|
|229	0	482	243	279	155	375	525	251	419	158	373	65	123	329	246	|
|567	482	0	506	622	483	342	439	259	200	467	274	486	433	501	312	|
|76	243	506	0	119	88	230	337	255	352	88	272	179	347	94	194	|
|58	279	622	119	0	154	345	431	366	471	166	391	217	399	179	310	|
|96	155	483	88	154	0	266	397	224	358	17	289	92	262	176	179	|
|306	375	342	230	345	266	0	158	184	148	251	68	332	423	181	140	|
|409	525	439	337	431	397	158	0	340	244	386	201	476	581	253	298	|
|310	251	259	255	366	224	184	340	0	170	208	146	238	257	274	66	|
|423	419	200	352	471	358	148	244	170	0	341	84	396	424	323	182	|
|108	158	467	88	166	17	251	386	208	341	0	273	96	259	172	162	|
|346	373	274	272	391	289	68	201	146	84	273	0	340	400	239	127	|
|165	65	486	179	217	92	332	476	238	396	96	340	0	182	267	216	|
|347	123	433	347	399	262	423	581	257	424	259	400	182	0	423	283	|
|159	329	501	94	179	176	181	253	274	323	172	239	267	423	0	208	|
|256	246	312	194	310	179	140	298	66	182	162	127	216	283	208	0	|

--------------------------------------------------------------------------------
Building model...
	using lazy and cut (CVRPSEP package)
Solving IRP LP...
--------------------------------------------------------------------------------

Gurobi 9.1.0 (linux64) logging started Thu Feb 11 08:36:28 2021

Gurobi Optimizer version 9.1.0 build v9.1.0rc0 (linux64)
Thread count: 32 physical cores, 32 logical processors, using up to 2 threads
Optimize a model with 622 rows, 1876 columns and 5161 nonzeros
Model fingerprint: 0x41e6ff5f
Variable types: 244 continuous, 1632 integer (192 binary)
Coefficient statistics:
  Matrix range     [1e+00, 3e+02]
  Objective range  [1e-02, 6e+02]
  Bounds range     [1e+00, 3e+02]
  RHS range        [1e+00, 2e+03]
Presolve removed 209 rows and 370 columns
Presolve time: 0.03s
Presolved: 413 rows, 1506 columns, 3781 nonzeros
Variable types: 136 continuous, 1370 integer (1199 binary)

Root relaxation: objective 1.933869e+03, 628 iterations, 0.01 seconds

    Nodes    |    Current Node    |     Objective Bounds      |     Work
 Expl Unexpl |  Obj  Depth IntInf | Incumbent    BestBd   Gap | It/Node Time

     0     0 1933.86943    0   92          - 1933.86943      -     -    0s
     0     0 2282.14982    0   84          - 2282.14982      -     -    0s
     0     0 2682.34309    0  126          - 2682.34309      -     -    0s
     0     0 2744.56959    0  115          - 2744.56959      -     -    0s
     0     0 2759.53383    0  107          - 2759.53383      -     -    0s
     0     0 2765.81482    0  129          - 2765.81482      -     -    0s
     0     0 2765.98673    0  132          - 2765.98673      -     -    0s
