




arguments: ./build/bc_mirp -f ./input/orig_exec_28.cfg
Current dir: /scratch/gui/bc_mirp
File verbosity level: 9
date       time         ( uptime  ) [ thread name/id ]                   file:line     v| 
2021-02-06 16:51:31.554 (   0.176s) [main thread     ]             loguru.cpp:789   INFO| Logging to './output/vi_vc+hc1_quarter/OU/V4/Original/execution_06_02_2021_16_51_31.log', mode: 'a', verbosity: 9
--------------------------------------------------------------------------------
Parameters
                           instance_path           ./input/Instances/Original/1/
                            model_policy                                       1
                             nb_vehicles                                       4
                              output_dir./output/vi_vc+hc1_quarter/OU/V4/Original/
                            sec_strategy                                       1
                       solver_nb_threads                                       2
                         solver_show_log                                    true
                       solver_time_limit                                    3600
                              use_vi_cos                                   false
                              use_vi_cus                                   false
                         use_vi_hc1_full                                   false
                         use_vi_hc1_half                                   false
                      use_vi_hc1_quarter                                    true
                              use_vi_hc2                                   false
                              use_vi_hc3                                   false
                         use_vi_lex_full                                   false
                         use_vi_lex_half                                   false
                      use_vi_lex_quarter                                   false
                              use_vi_qua                                   false
                               use_vi_vc                                    true
                               use_vi_vr                                   false
--------------------------------------------------------------------------------
executing instance: ./input/Instances/Original/1/absH3high_1n5.dat
--------------------------------------------------------------------------------
Instance details
n	6
H	3
C	289
Li:
[0, 0, 0, 0, 0, 0, ]
Ui:
[0, 195, 105, 116, 72, 22, ]
Distance matrix:
|0	85	349	17	203	289	|
|85	0	265	102	214	226	|
|349	265	0	366	368	238	|
|17	102	366	0	207	302	|
|203	214	368	207	0	431	|
|289	226	238	302	431	0	|

--------------------------------------------------------------------------------
Building model...
	using lazy and cut (CVRPSEP package)
Solving IRP LP...
--------------------------------------------------------------------------------

Gurobi 9.1.0 (linux64) logging started Sat Feb  6 16:51:32 2021

Gurobi Optimizer version 9.1.0 build v9.1.0rc0 (linux64)
Thread count: 32 physical cores, 32 logical processors, using up to 2 threads
Optimize a model with 225 rows, 336 columns and 1137 nonzeros
Model fingerprint: 0x44c58f5b
Variable types: 84 continuous, 252 integer (72 binary)
Coefficient statistics:
  Matrix range     [1e+00, 2e+02]
  Objective range  [2e-01, 4e+02]
  Bounds range     [1e+00, 2e+02]
  RHS range        [1e+00, 5e+02]
Presolve removed 92 rows and 133 columns
Presolve time: 0.02s
Presolved: 133 rows, 203 columns, 650 nonzeros
Variable types: 32 continuous, 171 integer (117 binary)
Found heuristic solution: objective 3625.6100000
Found heuristic solution: objective 2887.3300000

Root relaxation: objective 1.897530e+03, 150 iterations, 0.00 seconds

    Nodes    |    Current Node    |     Objective Bounds      |     Work
 Expl Unexpl |  Obj  Depth IntInf | Incumbent    BestBd   Gap | It/Node Time

     0     0 1897.53024    0   23 2887.33000 1897.53024  34.3%     -    0s
     0     0 2079.22822    0   26 2887.33000 2079.22822  28.0%     -    0s
     0     0 2283.47851    0   38 2887.33000 2283.47851  20.9%     -    0s
     0     0 2285.55674    0   35 2887.33000 2285.55674  20.8%     -    0s
     0     0 2409.82143    0   62 2887.33000 2409.82143  16.5%     -    0s
H    0     0                    2825.3500000 2409.82143  14.7%     -    0s
     0     0 2410.65290    0   59 2825.35000 2410.65290  14.7%     -    0s
     0     0 2411.68481    0   69 2825.35000 2411.68481  14.6%     -    0s
     0     0 2511.31313    0   80 2825.35000 2511.31313  11.1%     -    0s
     0     0 2521.84738    0   78 2825.35000 2521.84738  10.7%     -    0s
     0     0 2522.23825    0   83 2825.35000 2522.23825  10.7%     -    0s
     0     0 2539.04147    0   85 2825.35000 2539.04147  10.1%     -    0s
H    0     0                    2824.6500000 2539.04147  10.1%     -    0s
     0     0 2541.06575    0   54 2824.65000 2541.06575  10.0%     -    0s
     0     0 2541.06888    0   55 2824.65000 2541.06888  10.0%     -    0s
     0     0 2553.10447    0   62 2824.65000 2553.10447  9.61%     -    0s
     0     0 2555.45331    0   62 2824.65000 2555.45331  9.53%     -    0s
     0     0 2556.55434    0   62 2824.65000 2556.55434  9.49%     -    0s
     0     0 2558.16355    0   62 2824.65000 2558.16355  9.43%     -    0s
     0     0 2558.16355    0   62 2824.65000 2558.16355  9.43%     -    0s
     0     2 2558.16355    0   60 2824.65000 2558.16355  9.43%     -    0s
H    3     5                    2703.3300000 2674.39704  1.07%  61.0    0s

Cutting planes:
  Cover: 29
  Implied bound: 7
  Clique: 6
  MIR: 11
  Flow cover: 18
  RLT: 26
  Relax-and-lift: 10

Explored 14 nodes (870 simplex iterations) in 0.16 seconds
Thread count was 2 (of 32 available processors)

Solution count 5: 2703.33 2824.65 2825.35 ... 3625.61

Optimal solution found (tolerance 1.00e-04)
Best objective 2.703330000000e+03, best bound 2.703330000000e+03, gap 0.0000%

User-callback calls 278, time in user-callback 0.01 sec
================================================================================
executing instance: ./input/Instances/Original/1/absH3high_1n45.dat
--------------------------------------------------------------------------------
Instance details
n	46
H	3
C	3462
Li:
[0, 0, 0, 0, 0, 0, 0, 0, 0, 0, 0, 0, 0, 0, 0, 0, 0, 0, 0, 0, 0, 0, 0, 0, 0, 0, 0, 0, 0, 0, 0, 0, 0, 0, 0, 0, 0, 0, 0, 0, 0, 0, 0, 0, 0, 0, ]
Ui:
[0, 273, 270, 36, 165, 192, 148, 45, 30, 75, 180, 198, 112, 117, 90, 64, 180, 22, 264, 174, 168, 270, 86, 66, 26, 66, 237, 156, 92, 108, 144, 72, 30, 45, 94, 54, 174, 96, 198, 136, 44, 180, 210, 249, 198, 48, ]
Distance matrix:
|0	281	201	160	249	201	93	431	236	139	252	136	116	166	390	110	349	374	303	180	327	464	236	70	44	461	346	439	363	254	312	426	305	206	71	137	169	200	247	260	20	219	256	253	460	278	|
|281	0	448	170	53	142	338	184	121	290	371	390	222	302	111	289	169	434	230	177	238	441	59	212	319	211	86	235	399	306	53	176	99	202	263	157	361	101	370	201	264	344	364	374	469	184	|
|201	448	0	285	430	325	114	556	361	171	191	64	228	174	546	294	453	306	364	289	388	435	393	254	157	585	491	536	318	254	490	554	436	407	266	292	108	388	186	337	207	181	205	190	408	364	|
|160	170	285	0	169	43	182	280	80	120	208	231	58	132	262	230	190	294	151	24	174	345	112	107	183	309	207	280	268	158	219	276	155	235	187	45	192	150	205	107	140	177	202	210	356	119	|
|249	53	430	169	0	152	317	238	145	282	377	369	212	299	157	242	215	452	261	183	273	474	76	181	290	264	140	287	421	320	63	229	145	148	221	142	352	53	374	226	234	346	370	378	498	215	|
|201	142	325	43	152	0	224	237	37	156	230	273	101	164	224	261	148	300	127	38	147	333	83	142	225	266	167	238	270	168	193	233	112	246	221	70	228	148	228	84	180	202	222	232	351	87	|
|93	338	114	182	317	224	0	460	262	92	180	52	124	112	440	199	364	307	292	191	317	415	284	140	57	490	387	452	304	208	377	457	336	297	163	181	84	274	175	256	95	152	188	180	402	280	|
|431	184	556	280	238	237	460	0	199	385	420	508	337	385	108	464	110	429	219	269	206	378	202	365	460	30	98	84	388	340	204	9	126	386	432	294	453	283	421	226	411	404	408	423	422	198	|
|236	121	361	80	145	37	262	199	0	191	255	310	138	197	191	290	114	312	118	72	133	330	69	175	262	229	132	204	279	186	174	195	75	258	251	102	262	153	254	81	216	230	246	257	353	72	|
|139	290	171	120	282	156	92	385	191	0	116	129	71	27	380	246	283	235	201	119	226	329	231	141	129	414	323	367	224	119	336	383	266	308	202	141	72	252	112	169	127	82	118	117	322	195	|
|252	371	191	208	377	230	180	420	255	116	0	187	178	90	443	361	311	127	204	195	224	246	313	257	232	446	382	380	129	81	423	421	320	422	318	242	100	355	5	195	241	34	15	2	225	224	|
|136	390	64	231	369	273	52	508	310	129	187	0	173	141	491	233	409	313	330	239	355	431	335	191	93	538	438	495	316	233	429	505	385	342	203	233	88	325	182	297	143	167	199	187	412	323	|
|116	222	228	58	212	101	124	337	138	71	178	173	0	91	319	206	244	284	187	69	212	357	165	85	130	367	265	333	264	151	267	333	213	244	161	70	140	181	175	145	97	145	177	180	359	165	|
|166	302	174	132	299	164	112	385	197	27	90	141	91	0	388	273	280	208	191	127	215	305	243	167	153	413	329	361	198	96	351	383	270	333	229	159	68	272	86	163	153	56	92	91	296	190	|
|390	111	546	262	157	224	440	108	191	380	443	491	319	388	0	399	164	480	264	261	261	456	156	320	426	125	62	186	442	369	107	99	125	300	374	260	452	210	443	252	372	420	433	446	494	227	|
|110	289	294	230	242	261	199	464	290	246	361	233	206	273	399	0	402	480	382	254	404	562	262	124	143	493	369	490	466	355	302	457	344	135	45	191	279	189	356	337	120	328	364	362	563	348	|
|349	169	453	190	215	148	364	110	114	283	311	409	244	280	164	402	0	324	110	174	101	292	151	289	372	135	109	90	284	230	212	111	70	354	364	216	348	245	312	118	329	295	298	313	330	90	|
|374	434	306	294	452	300	307	429	312	235	127	313	284	208	480	480	324	0	216	274	223	137	380	368	357	448	419	367	40	136	487	432	358	525	436	336	227	443	132	234	361	156	119	127	102	255	|
|303	230	364	151	261	127	292	219	118	201	204	330	187	191	264	382	110	216	0	128	25	213	185	258	314	243	203	176	178	123	282	221	144	372	338	193	256	270	206	45	283	193	191	206	239	46	|
|180	177	289	24	183	38	191	269	72	119	195	239	69	127	261	254	174	274	128	0	151	321	118	130	198	299	204	263	246	139	228	266	147	258	211	68	191	169	193	83	159	166	188	197	333	98	|
|327	238	388	174	273	147	317	206	133	226	224	355	212	215	261	404	101	223	25	151	0	203	198	281	339	228	202	156	184	143	288	209	146	390	362	215	280	286	226	68	308	215	210	226	235	61	|
|464	441	435	345	474	333	415	378	330	329	246	431	357	305	456	562	292	137	213	321	203	0	398	440	458	390	400	301	117	211	492	384	348	578	517	389	344	480	251	251	448	265	233	246	54	259	|
|236	59	393	112	76	83	284	202	69	231	313	335	165	243	156	262	151	380	185	118	198	398	0	167	270	231	110	233	347	250	110	195	85	203	230	103	303	95	311	150	217	284	305	315	422	139	|
|70	212	254	107	181	142	140	365	175	141	257	191	85	167	320	124	289	368	258	130	281	440	167	0	109	394	277	378	349	236	244	359	239	167	81	73	196	135	253	213	53	223	257	258	444	226	|
|44	319	157	183	290	225	57	460	262	129	232	93	130	153	426	143	372	357	314	198	339	458	270	109	0	490	379	462	351	247	353	456	334	250	110	168	140	243	226	274	56	201	238	232	449	294	|
|461	211	585	309	264	266	490	30	229	414	446	538	367	413	125	493	135	448	243	299	228	390	231	394	490	0	125	89	408	365	226	36	156	412	462	324	481	311	447	253	441	430	433	448	436	225	|
|346	86	491	207	140	167	387	98	132	323	382	438	265	329	62	369	109	419	203	204	202	400	110	277	379	125	0	155	381	307	113	90	63	288	339	211	394	186	382	190	327	359	371	384	436	165	|
|439	235	536	280	287	238	452	84	204	367	380	495	333	361	186	490	90	367	176	263	156	301	233	378	462	89	155	0	326	299	267	92	148	432	454	306	429	325	382	199	419	369	366	382	348	172	|
|363	399	318	268	421	270	304	388	279	224	129	316	264	198	442	466	284	40	178	246	184	117	347	349	351	408	381	326	0	113	452	391	321	502	422	311	229	415	134	199	348	152	118	130	98	219	|
|254	306	254	158	320	168	208	340	186	119	81	233	151	96	369	355	230	136	123	139	143	211	250	236	247	365	307	299	113	0	359	340	244	390	310	200	148	308	83	117	238	74	68	83	208	145	|
|312	53	490	219	63	193	377	204	174	336	423	429	267	351	107	302	212	487	282	228	288	492	110	244	353	226	113	267	452	359	0	195	145	194	283	199	407	115	421	254	296	394	415	425	521	237	|
|426	176	554	276	229	233	457	9	195	383	421	505	333	383	99	457	111	432	221	266	209	384	195	359	456	36	90	92	391	340	195	0	122	378	426	289	451	275	421	226	406	404	408	423	427	197	|
|305	99	436	155	145	112	336	126	75	266	320	385	213	270	125	344	70	358	144	147	146	348	85	239	334	156	63	148	321	244	145	122	0	286	310	168	336	177	320	128	285	298	309	322	381	103	|
|206	202	407	235	148	246	297	386	258	308	422	342	244	333	300	135	354	525	372	258	390	578	203	167	250	412	288	432	502	390	194	378	286	0	144	191	362	109	418	329	202	388	421	423	591	329	|
|71	263	266	187	221	221	163	432	251	202	318	203	161	229	374	45	364	436	338	211	362	517	230	81	110	462	339	454	422	310	283	426	310	144	0	150	239	168	313	294	77	285	321	319	518	306	|
|137	157	292	45	142	70	181	294	102	141	242	233	70	159	260	191	216	336	193	68	215	389	103	73	168	324	211	306	311	200	199	289	168	191	150	0	210	113	239	148	117	210	238	244	400	157	|
|169	361	108	192	352	228	84	453	262	72	100	88	140	68	452	279	348	227	256	191	280	344	303	196	140	481	394	429	229	148	407	451	336	362	239	210	0	318	95	231	164	79	111	100	325	258	|
|200	101	388	150	53	148	274	283	153	252	355	325	181	272	210	189	245	443	270	169	286	480	95	135	243	311	186	325	415	308	115	275	177	109	168	113	318	0	352	230	187	323	351	357	498	225	|
|247	370	186	205	374	228	175	421	254	112	5	182	175	86	443	356	312	132	206	193	226	251	311	253	226	447	382	382	134	83	421	421	320	418	313	239	95	352	0	196	237	30	19	6	230	224	|
|260	201	337	107	226	84	256	226	81	169	195	297	145	163	252	337	118	234	45	83	68	251	150	213	274	253	190	199	199	117	254	226	128	329	294	148	231	230	196	0	240	178	184	198	272	29	|
|20	264	207	140	234	180	95	411	216	127	241	143	97	153	372	120	329	361	283	159	308	448	217	53	56	441	327	419	348	238	296	406	285	202	77	117	164	187	237	240	0	208	245	242	446	257	|
|219	344	181	177	346	202	152	404	230	82	34	167	145	56	420	328	295	156	193	166	215	265	284	223	201	430	359	369	152	74	394	404	298	388	285	210	79	323	30	178	208	0	37	35	250	206	|
|256	364	205	202	370	222	188	408	246	118	15	199	177	92	433	364	298	119	191	188	210	233	305	257	238	433	371	366	118	68	415	408	309	421	321	238	111	351	19	184	245	37	0	17	214	212	|
|253	374	190	210	378	232	180	423	257	117	2	187	180	91	446	362	313	127	206	197	226	246	315	258	232	448	384	382	130	83	425	423	322	423	319	244	100	357	6	198	242	35	17	0	225	226	|
|460	469	408	356	498	351	402	422	353	322	225	412	359	296	494	563	330	102	239	333	235	54	422	444	449	436	436	348	98	208	521	427	381	591	518	400	325	498	230	272	446	250	214	225	0	285	|
|278	184	364	119	215	87	280	198	72	195	224	323	165	190	227	348	90	255	46	98	61	259	139	226	294	225	165	172	219	145	237	197	103	329	306	157	258	225	224	29	257	206	212	226	285	0	|

--------------------------------------------------------------------------------
Building model...
	using lazy and cut (CVRPSEP package)
Solving IRP LP...
--------------------------------------------------------------------------------

Gurobi 9.1.0 (linux64) logging started Sat Feb  6 16:51:32 2021

Gurobi Optimizer version 9.1.0 build v9.1.0rc0 (linux64)
Thread count: 32 physical cores, 32 logical processors, using up to 2 threads
Optimize a model with 1795 rows, 13696 columns and 31912 nonzeros
Model fingerprint: 0x8d9371c2
Variable types: 724 continuous, 12972 integer (552 binary)
Coefficient statistics:
  Matrix range     [1e+00, 9e+02]
  Objective range  [1e-01, 6e+02]
  Bounds range     [1e+00, 3e+02]
  RHS range        [1e+00, 6e+03]
Presolve removed 505 rows and 1057 columns
Presolve time: 0.14s
Presolved: 1290 rows, 12639 columns, 27829 nonzeros
Variable types: 439 continuous, 12200 integer (11654 binary)

Root relaxation: objective 1.314057e+04, 1385 iterations, 0.05 seconds

    Nodes    |    Current Node    |     Objective Bounds      |     Work
 Expl Unexpl |  Obj  Depth IntInf | Incumbent    BestBd   Gap | It/Node Time

     0     0 13140.5741    0  138          - 13140.5741      -     -    0s
     0     0 13478.8014    0  126          - 13478.8014      -     -    0s
     0     0 13906.1652    0  239          - 13906.1652      -     -    1s
     0     0 13918.0001    0  259          - 13918.0001      -     -    1s
     0     0 13918.7503    0  258          - 13918.7503      -     -    1s
     0     0 13918.7503    0  254          - 13918.7503      -     -    1s
     0     0 14096.5558    0  272          - 14096.5558      -     -    1s
     0     0 14105.9348    0  282          - 14105.9348      -     -    1s
     0     0 14105.9814    0  310          - 14105.9814      -     -    1s
     0     0 14210.2677    0  348          - 14210.2677      -     -    1s
     0     0 14228.3761    0  308          - 14228.3761      -     -    2s
     0     0 14228.8629    0  322          - 14228.8629      -     -    2s
     0     0 14286.4534    0  339          - 14286.4534      -     -    2s
     0     0 14305.8037    0  344          - 14305.8037      -     -    2s
     0     0 14312.3645    0  376          - 14312.3645      -     -    3s
     0     0 14314.3105    0  393          - 14314.3105      -     -    3s
     0     0 14315.6568    0  375          - 14315.6568      -     -    3s
     0     0 14346.3935    0  332          - 14346.3935      -     -    3s
     0     0 14358.7728    0  372          - 14358.7728      -     -    4s
     0     0 14423.6894    0  395          - 14423.6894      -     -    4s
     0     0 14439.5855    0  407          - 14439.5855      -     -    5s
     0     0 14443.4662    0  421          - 14443.4662      -     -    5s
     0     0 14444.1814    0  484          - 14444.1814      -     -    5s
     0     0 14453.8985    0  389          - 14453.8985      -     -    5s
     0     0 14459.7897    0  418          - 14459.7897      -     -    5s
     0     0 14459.9919    0  382          - 14459.9919      -     -    5s
     0     0 14467.2259    0  479          - 14467.2259      -     -    6s
     0     0 14467.2259    0  478          - 14467.2259      -     -    6s
     0     2 14471.0794    0  374          - 14471.0794      -     -    7s
    17    20 14596.1162    6  458          - 14479.8782      -   426   10s
    68    75 14826.8572   21  245          - 14479.8782      -   385   15s
   140   158 15105.8047   42  201          - 14479.8782      -   342   20s
   233   265 15707.9484   66  238          - 14479.8782      -   276   25s
   468   540 16561.2039  108  155          - 14479.8782      -   182   30s
   780   809 19472.2526  233   28          - 14503.1954      -   125   35s
   838   817 18688.2075  221  382          - 14503.1954      -   119   40s
   850   825 16626.8339  149  607          - 14540.5007      -   117   45s
   859   831 15841.3525  115  597          - 14549.3234      -   116   50s
   863   834 16196.8687   82  586          - 14549.3908      -   115   55s
   879   849 14559.3927   14  598          - 14559.3927      -   134   60s
   910   870 14617.1314   22  473          - 14568.3713      -   148   65s
   931   883 14725.6959   26  538          - 14568.3713      -   159   70s
   961   907 14954.7256   34  307          - 14568.3713      -   171   75s
  1011   946 15135.3849   49  170          - 14568.3713      -   182   80s
  1095  1013 15394.0638   81  205          - 14568.3713      -   186   85s
  1173  1068 15661.3820  106  252          - 14568.3713      -   189   90s
  1283  1150 15858.7971  149  129          - 14568.3713      -   189   96s
  1371  1234 16472.7604  185  116          - 14568.3713      -   185  100s
  1569  1316 18437.8600  270    4          - 14568.9003      -   170  106s
  1663  1350 14671.8396   15  499          - 14586.5809      -   167  110s
  1712  1391 14708.8825   17  511          - 14586.5809      -   170  115s
  1788  1457 14758.0452   20  487          - 14586.5809      -   172  121s
  1872  1543 14815.8631   22  419          - 14586.5809      -   170  125s
  1941  1556 14798.8819   24  585          - 14586.5809      -   168  134s
  1981  1558 14967.6018   26  375          - 14586.5809      -   167  136s
  2043  1575 14850.5085   34  378          - 14586.5809      -   166  141s
  2060  1589 14916.8012   39  364          - 14586.5809      -   170  145s
  2090  1614 15065.9488   43  166          - 14586.5809      -   175  151s
  2119  1626 15259.8649   49  192          - 14586.5809      -   179  156s
  2135  1651 15282.2037   50  217          - 14586.5809      -   184  160s
  2183  1699 15415.0813   62  178          - 14586.5809      -   186  165s
  2260  1809 16065.0476   90  149          - 14586.5809      -   187  171s
  2366  1876 16785.4659  116    4          - 14586.5809      -   183  175s
  2524  1876 17017.3100  132   11          - 14587.0354      -   174  181s
* 2537  1535             143    17166.510000 14587.0354  15.0%   174  181s
  2609  1471 14702.3282   16  621 17166.5100 14587.0354  15.0%   172  186s
  2626  1492 14732.4068   18  509 17166.5100 14587.0354  15.0%   173  191s
  2641  1489 14761.0748   18  572 17166.5100 14587.0354  15.0%   175  201s
  2661  1521 14801.1749   22  456 17166.5100 14587.0354  15.0%   176  208s
  2681  1532 14835.0901   23  355 17166.5100 14587.0354  15.0%   177  211s
  2723  1563 14945.0262   27  414 17166.5100 14587.0354  15.0%   179  217s
  2744  1600 14910.7790   32  362 17166.5100 14587.0354  15.0%   180  221s
  2788  1634 14955.0619   37  312 17166.5100 14587.0354  15.0%   180  226s
  2837  1686 15110.0468   39  147 17166.5100 14587.0354  15.0%   179  230s
  2905  1728 15063.6969   43  120 17166.5100 14587.0354  15.0%   178  237s
  2972  1781 15189.6132   48  205 17166.5100 14587.0354  15.0%   176  244s
  3021  1766 16591.5792  175   13 17166.5100 14587.0354  15.0%   175  245s
  3131  1807 15203.3476   61   68 17166.5100 14587.0354  15.0%   173  254s
  3179  1849 15331.0990   85   68 17166.5100 14587.0354  15.0%   174  258s
  3237  1895 15534.0009  103  104 17166.5100 14587.0354  15.0%   175  263s
  3302  2036 15922.4052  121   59 17166.5100 14593.1813  15.0%   175  273s
  3467  2052 16931.6600  170    - 17166.5100 14593.1813  15.0%   169  275s
  3545  2170 14736.0995   18  635 17166.5100 14593.2134  15.0%   170  286s
  3649  2197 14891.6179   23  471 17166.5100 14593.2134  15.0%   169  292s
  3670  2230 15000.6147   37  355 17166.5100 14593.2134  15.0%   170  298s
  3703  2309 15319.1623   61  162 17166.5100 14594.6400  15.0%   172  304s
  3739  2309 15694.2567   97   36 17166.5100 14594.6400  15.0%   170  305s
  3816  2328 17105.7542  139   30 17166.5100 14594.6400  15.0%   169  317s
  3818  2347 17115.3823  140   27 17166.5100 14601.2778  14.9%   169  323s
  3848  2363 infeasible  146      17166.5100 14602.2218  14.9%   171  330s
  3865  2388 14846.6812   17  574 17166.5100 14602.2218  14.9%   173  336s
  3890  2443 15125.1948   27  208 17166.5100 14602.2218  14.9%   174  342s
  3945  2629 15503.4836   58  153 17166.5100 14602.6278  14.9%   175  350s
  4173  2731 infeasible  126      17166.5100 14602.6278  14.9%   170  359s
  4288  2745 17133.9700  124    8 17166.5100 14603.5016  14.9%   168  368s
  4308  2767 17159.7500  126    - 17166.5100 14604.2155  14.9%   170  374s
  4333  2806 17161.2900  126    - 17166.5100 14606.8174  14.9%   172  380s
  4374  2892     cutoff  126      17166.5100 14606.9091  14.9%   173  390s
  4495  2913 14823.8042   20  559 17166.5100 14610.3083  14.9%   172  398s
  4511  2929 14836.4501   22  578 17166.5100 14610.3083  14.9%   174  455s
  4527  2949 14923.9563   27  552 17166.5100 14610.3083  14.9%   176  461s
  4547  2983 15102.8884   32  258 17166.5100 14610.3083  14.9%   178  468s
  4581  3027 15160.8163   39  274 17166.5100 14610.3083  14.9%   180  476s
  4625  3081 15154.7850   50  391 17166.5100 14610.3083  14.9%   182  483s
  4679  3176 15248.5794   61  249 17166.5100 14610.3083  14.9%   183  491s
  4774  3413 15521.3465   80  165 17166.5100 14610.3083  14.9%   184  502s
  5011  3697 16349.0295  122   65 17166.5100 14610.3182  14.9%   182  515s
  5358  3724 infeasible  187      17166.5100 14627.8405  14.8%   175  527s
  5381  3756 15295.7726   28  386 17166.5100 14638.2365  14.7%   178  535s
  5411  3840 15720.4475   32  249 17166.5100 14638.2365  14.7%   180  544s
  5429  3840 15841.6508   40  128 17166.5100 14638.2365  14.7%   180  545s
  5495  3993 16310.5429   52  132 17166.5100 14649.7894  14.7%   181  558s
  5678  4029 14979.2587   16  452 17166.5100 14649.7986  14.7%   179  569s
  5715  4123 15471.1139   42  111 17166.5100 14655.0693  14.6%   181  581s
  5821  4222 17058.5300  112    - 17166.5100 14657.0488  14.6%   181  624s
  5869  4223 16369.1114   92  154 17166.5100 14657.0488  14.6%   183  625s
  5920  4249 17131.1100  112   32 17166.5100 14658.5585  14.6%   182  636s
  5974  4290 15075.7232   23  437 17166.5100 14658.6446  14.6%   183  647s
  6011  4384 15129.2197   30  293 17166.5100 14658.6446  14.6%   186  659s
  6086  4384 14960.0896   39  128 17166.5100 14658.6446  14.6%   187  660s
  6105  4564 15396.2904   56  207 17166.5100 14663.8795  14.6%   187  673s
  6321  4714 16630.4900  126    2 17166.5100 14667.0129  14.6%   186  692s
  6550  4761 16934.2600  168    - 17166.5100 14667.0298  14.6%   182  695s
  6552  4769 infeasible  131      17166.5100 14674.6613  14.5%   182  707s
  6587  4812 15098.5284   28  352 17166.5100 14678.2095  14.5%   184  718s
  6630  4904 15297.0929   42  256 17166.5100 14678.2095  14.5%   186  730s
  6722  5058 15842.8700   76  164 17166.5100 14678.2999  14.5%   188  745s
  6892  5109     cutoff  140      17166.5100 14679.2085  14.5%   187  758s
  6947  5272 15060.6008   25  588 17166.5100 14679.2085  14.5%   189  771s
  7143  5333 15549.0030   44  438 17166.5100 14679.2085  14.5%   188  786s
  7206  5406 16532.4561   92  146 17166.5100 14686.3935  14.4%   189  798s
  7308  5612 15140.6626   26  460 17166.5100 14686.4201  14.4%   190  820s
  7539  5657 14779.0004   19  556 17166.5100 14690.2526  14.4%   189  840s
  7584  5736 14921.2421   24  519 17166.5100 14690.2526  14.4%   192  858s
  7663  5952 15256.8689   41  353 17166.5100 14690.2526  14.4%   195  880s
  7881  6287 15436.7800   72  179 17166.5100 14692.5285  14.4%   195  903s
  8008  6287 16100.2440  137   34 17166.5100 14692.5285  14.4%   194  905s
  8292  6414 infeasible  166      17166.5100 14699.2304  14.4%   191  928s
  8432  6537 15372.0192   42  500 17166.5100 14701.9436  14.4%   192  947s
  8482  6537 16103.2573   92  212 17166.5100 14701.9436  14.4%   192  995s
  8582  6725 15204.4815   25  401 17166.5100 14703.5653  14.3%   193 1016s
  8792  6776 14792.9827   19  604 17166.5100 14708.4905  14.3%   193 1035s
  8843  6944 15277.5218   27  344 17166.5100 14708.4905  14.3%   196 1057s
  9058  7108 15742.0961   41  228 17166.5100 14711.5509  14.3%   195 1080s
  9278  7196 14967.6218   23  375 17166.5100 14711.6095  14.3%   195 1100s
  9350  7404 15201.0485   33  259 17166.5100 14711.6095  14.3%   197 1120s
  9558  7765 15572.9264   80  103 17166.5100 14711.6118  14.3%   198 1144s
  9594  7765 15634.3837   96  113 17166.5100 14711.6118  14.3%   198 1145s
  9977  7901     cutoff  138      17166.5100 14712.5120  14.3%   195 1168s
 10109  8030 16168.6237   82  119 17166.5100 14712.9863  14.3%   196 1189s
 10127  8030 16576.4510  100   48 17166.5100 14712.9863  14.3%   196 1190s
 10354  8127     cutoff  115      17166.5100 14713.8752  14.3%   195 1211s
 10424  8288 15548.0955   47  160 17166.5100 14717.9341  14.3%   197 1233s
 10460  8288 16103.9457   83  123 17166.5100 14717.9341  14.3%   197 1235s
 10643  8351 15154.4535   23  501 17166.5100 14718.5070  14.3%   197 1259s
 10706  8504 15478.7705   33  256 17166.5100 14718.5070  14.3%   199 1281s
 10873  8708 16243.5957   56  187 17166.5100 14723.3533  14.2%   199 1304s
 10891  8708 16348.3285   61   91 17166.5100 14723.3533  14.2%   199 1305s
 11150  8787     cutoff   86      17166.5100 14723.8362  14.2%   198 1326s
 11218  8980 15370.8162   48  267 17166.5100 14725.7018  14.2%   200 1347s
 11425  8981 16686.6300  130    9 17166.5100 14725.7364  14.2%   199 1350s
 11458  9153 15475.8840   37  440 17166.5100 14725.7485  14.2%   199 1368s
 11649  9217     cutoff  123      17166.5100 14729.9459  14.2%   199 1390s
 11729  9465 15120.8803   37  300 17166.5100 14730.0220  14.2%   201 1414s
 11796  9465 15431.1168   72   51 17166.5100 14730.0220  14.2%   201 1415s
 12075  9697 15603.9551   93   13 17166.5100 14730.6082  14.2%   199 1439s
 12093  9697 15822.1268  101   28 17166.5100 14730.6082  14.2%   199 1440s
 12375  9857 17150.8100  168   16 17166.5100 14730.8938  14.2%   197 1462s
 12527  9945     cutoff  169      17166.5100 14733.5639  14.2%   197 1482s
 12625 10120 15657.4605   54  174 17166.5100 14734.7802  14.2%   199 1504s
 12643 10120 15996.9667   72  227 17166.5100 14734.7802  14.2%   198 1505s
 12827 10222 15030.5619   37  382 17166.5100 14734.8966  14.2%   198 1525s
 12960 10313 15114.1136   25  452 17166.5100 14735.1978  14.2%   199 1545s
 13038 10740 15309.8662   44   98 17166.5100 14736.4093  14.2%   200 1568s
 13164 10742 16192.8803   97   18 17166.5100 14736.4093  14.2%   200 1570s
 13554 10844     cutoff  135      17166.5100 14737.8305  14.1%   197 1592s
 13639 11036 15631.6841   61  288 17166.5100 14738.1545  14.1%   198 1612s
 13869 11185 15366.0276   38  360 17166.5100 14738.5085  14.1%   198 1633s
 13950 11185 16422.3939  119  165 17166.5100 14738.5085  14.1%   198 1635s
 14033 11325 14971.4975   29  381 17166.5100 14739.7352  14.1%   198 1654s
 14060 11325 15488.2142   56  219 17166.5100 14739.7352  14.1%   198 1655s
 14190 11477 infeasible  143      17166.5100 14740.7648  14.1%   198 1675s
 14359 11646 15839.2633   86  128 17166.5100 14741.1555  14.1%   198 1695s
 14562 11796 15399.1442   48  173 17166.5100 14743.2743  14.1%   198 1718s
 14722 11800 15124.8084   27  156 17166.5100 14743.2980  14.1%   199 1720s
 14728 11976 15342.9531   27  355 17166.5100 14743.2980  14.1%   199 1740s
 14922 12108 15922.2892   55  136 17166.5100 14745.7889  14.1%   199 1763s
 15032 12115 17144.2600   93    4 17166.5100 14745.7889  14.1%   199 1765s
 15091 12116     cutoff   94      17166.5100 14748.2545  14.1%   199 1785s
 15099 12299 15064.9548   19  537 17166.5100 14748.4026  14.1%   199 1804s
 15146 12299 16002.5724   66  155 17166.5100 14748.4026  14.1%   200 1805s
 15320 12348 14792.0631   18  566 17166.5100 14750.0267  14.1%   199 1825s
 15359 12411 15019.5477   30  526 17166.5100 14750.0267  14.1%   201 1843s
 15422 12542 15284.4990   43  282 17166.5100 14750.0267  14.1%   202 1861s
 15553 12962 15604.6501   64  200 17166.5100 14750.2788  14.1%   203 1886s
 16030 13020     cutoff  170      17166.5100 14752.3692  14.1%   200 1909s
 16085 13166 15202.9360   28  191 17166.5100 14752.3692  14.1%   201 1929s
 16145 13166 15727.9915   51  345 17166.5100 14752.3692  14.1%   202 1930s
 16253 13401 15583.2989   58  137 17166.5100 14754.9957  14.0%   202 1950s
 16564 13496 17054.5800  129    - 17166.5100 14756.5897  14.0%   201 1972s
 16650 13613     cutoff  129      17166.5100 14758.9008  14.0%   201 1992s
 16799 13738 15552.5791   65  332 17166.5100 14760.3065  14.0%   202 2013s
 16947 13786 infeasible  147      17166.5100 14760.8766  14.0%   202 2033s
 17002 13964 15449.0867   34  466 17166.5100 14761.2342  14.0%   203 2054s
 17032 13964 16191.1571   64  300 17166.5100 14761.2342  14.0%   203 2055s
 17206 13998 14990.8772   21  481 17166.5100 14761.5308  14.0%   203 2077s
 17240 14219 15364.5386   34  307 17166.5100 14761.7948  14.0%   203 2098s
 17504 14267     cutoff  139      17166.5100 14763.7037  14.0%   202 2120s
 17553 14363 15523.0009   30  316 17166.5100 14763.7571  14.0%   204 2140s
 17649 14587 16560.5087   52  191 17166.5100 14765.0785  14.0%   205 2170s
 17916 14588 15135.4200   28  354 17166.5100 14765.0785  14.0%   204 2221s
 17923 14669 15148.9581   29  360 17166.5100 14765.0785  14.0%   204 2242s
 18004 14872 15366.7099   46  167 17166.5100 14765.4686  14.0%   205 2267s
 18240 15032 16258.7250  100   26 17166.5100 14766.5753  14.0%   205 2292s
 18428 15101 17135.1171  111   38 17166.5100 14769.0090  14.0%   205 2315s
 18498 15292 15462.6188   51  347 17166.5100 14769.1005  14.0%   206 2340s
 18723 15372     cutoff  147      17166.5100 14771.8531  13.9%   205 2365s
 18813 15526 15558.6173   61  310 17166.5100 14774.3807  13.9%   206 2388s
 18933 15526 15602.0120   74  218 17166.5100 14775.6392  13.9%   206 2390s
 19001 15702 15395.4875   39  402 17166.5100 14775.7934  13.9%   206 2412s
 19204 15832 infeasible  137      17166.5100 14776.8800  13.9%   206 2436s
 19357 16057 16086.1719   68  161 17166.5100 14777.7362  13.9%   206 2463s
 19518 16064 16552.8600  102   30 17166.5100 14777.7362  13.9%   205 2465s
 19664 16159 17060.8572  121   63 17166.5100 14778.1356  13.9%   205 2488s
 19762 16290 15039.1378   28  512 17166.5100 14778.1356  13.9%   206 2510s
 19917 16407 15350.1312   40  350 17166.5100 14778.1356  13.9%   206 2533s
 20009 16407 14849.1801   26  542 17166.5100 14778.1356  13.9%   206 2535s
 20032 16571 16165.0420   86   23 17166.5100 14778.7774  13.9%   207 2571s
 20229 16733     cutoff  137      17166.5100 14779.9830  13.9%   206 2596s
 20452 16838 15123.5734   24  444 17166.5100 14780.6538  13.9%   206 2646s
 20529 16975 16229.3517   55  102 17166.5100 14781.0622  13.9%   207 2668s
 20680 17152 15102.3030   28  592 17166.5100 14781.0909  13.9%   208 2689s
 20710 17152 15569.0150   58  296 17166.5100 14781.0909  13.9%   208 2690s
 20892 17295 infeasible  145      17166.5100 14781.9147  13.9%   207 2714s
 20960 17295 15757.2689   63  232 17166.5100 14782.3453  13.9%   208 2715s
 21052 17478 16046.7133   67   59 17166.5100 14782.5308  13.9%   208 2737s
 21275 17604 15340.9554   52  385 17166.5100 14783.1517  13.9%   207 2761s
 21427 17679 14958.3305   21  551 17166.5100 14783.4932  13.9%   208 2782s
 21498 17930 15196.8120   39  291 17166.5100 14783.4932  13.9%   209 2810s
 21775 18154 15684.1588   69  206 17166.5100 14783.4932  13.9%   208 2836s
 22010 18217 16927.0536  126   48 17166.5100 14783.6044  13.9%   208 2861s
 22105 18282 14981.5563   26  616 17166.5100 14783.7150  13.9%   209 2884s
 22162 18412 15410.2039   32  414 17166.5100 14783.7150  13.9%   210 2909s
 22205 18412 16012.8071   53   36 17166.5100 14783.7150  13.9%   210 2910s
 22317 18549 15621.8668   40  310 17166.5100 14783.7150  13.9%   210 2932s
 22477 18615 16622.1850   66  192 17166.5100 14786.5880  13.9%   210 2955s
 22556 18741 15175.0806   36  520 17166.5100 14786.7884  13.9%   211 3172s
 22682 18818 16707.5204   99  104 17166.5100 14787.5269  13.9%   211 3198s
 22794 18934 17145.6722  121   93 17166.5100 14787.6566  13.9%   212 3224s
 22825 18934 15341.3691   40  437 17166.5100 14787.6566  13.9%   212 3225s
 22936 19062 15611.9690   57  330 17166.5100 14788.8917  13.9%   212 3252s
 23114 19205 14952.2378   18  601 17166.5100 14789.8026  13.8%   212 3278s
 23224 19205 17140.4262  114   59 17166.5100 14789.8026  13.8%   212 3280s
 23309 19417 15021.8893   22  477 17166.5100 14790.4772  13.8%   212 3306s
 23585 19496 infeasible   82      17166.5100 14791.7303  13.8%   211 3335s
 23663 19709 15330.0184   52  120 17166.5100 14791.9153  13.8%   212 3362s
 23944 19923 16649.3100  113    - 17166.5100 14792.0374  13.8%   212 3394s
 23973 19929 15705.7250   60    9 17166.5100 14792.1803  13.8%   212 3395s
 24262 20057 16862.2646  112   61 17166.5100 14792.2164  13.8%   211 3422s
 24366 20241 15751.0903   69  161 17166.5100 14792.4503  13.8%   211 3446s
 24581 20457 15262.1103   35  402 17166.5100 14792.9694  13.8%   211 3473s
 24724 20457 15750.9804   60  259 17166.5100 14793.2581  13.8%   211 3475s
 24826 20635 15331.5963   28  409 17166.5100 14793.6099  13.8%   211 3502s
 25049 20677 14949.3106   18  553 17166.5100 14794.8735  13.8%   211 3528s
 25083 20740 15052.0631   24  614 17166.5100 14794.8735  13.8%   212 3551s
 25146 20880 15318.6035   38  400 17166.5100 14794.8735  13.8%   213 3575s
 25286 21255 15739.5354   59  236 17166.5100 14794.8735  13.8%   213 3600s

Cutting planes:
  User: 4502
  Gomory: 31
  Cover: 542
  Implied bound: 182
  Projected implied bound: 7
  Clique: 108
  MIR: 124
  StrongCG: 2
  Flow cover: 298
  GUB cover: 2
  Zero half: 20
  Network: 1
  RLT: 361
  Relax-and-lift: 6
  Lazy constraints: 4890

Explored 25728 nodes (5453048 simplex iterations) in 3605.73 seconds
Thread count was 2 (of 32 available processors)

Solution count 1: 17166.5 

Time limit reached
Best objective 1.716651000000e+04, best bound 1.479487351339e+04, gap 13.8155%

User-callback calls 396209, time in user-callback 271.54 sec
================================================================================
executing instance: ./input/Instances/Original/1/absH3high_2n45.dat
--------------------------------------------------------------------------------
Instance details
n	46
H	3
C	3171
Li:
[0, 0, 0, 0, 0, 0, 0, 0, 0, 0, 0, 0, 0, 0, 0, 0, 0, 0, 0, 0, 0, 0, 0, 0, 0, 0, 0, 0, 0, 0, 0, 0, 0, 0, 0, 0, 0, 0, 0, 0, 0, 0, 0, 0, 0, 0, ]
Ui:
[0, 246, 160, 78, 20, 87, 144, 40, 20, 82, 60, 96, 24, 136, 160, 108, 160, 26, 228, 51, 24, 240, 231, 70, 32, 105, 174, 114, 246, 126, 132, 76, 22, 42, 255, 132, 148, 162, 66, 111, 102, 240, 123, 201, 297, 78, ]
Distance matrix:
|0	148	402	550	329	420	187	318	366	280	504	273	233	333	112	344	379	481	113	593	159	523	261	424	90	359	163	461	413	240	105	299	265	89	371	462	339	273	495	22	41	439	369	506	563	468	|
|148	0	284	517	394	284	136	369	244	311	496	166	329	355	223	202	338	388	204	565	254	506	118	346	71	423	173	471	336	118	105	352	198	105	248	428	302	305	487	153	179	441	230	497	517	370	|
|402	284	0	350	448	80	228	406	42	343	382	129	456	350	412	126	219	131	382	395	410	371	180	137	314	466	289	400	137	167	389	401	169	316	39	280	217	342	373	394	414	362	108	380	324	106	|
|550	517	350	0	339	429	385	308	374	295	93	375	431	249	481	461	180	239	458	48	445	57	474	214	496	333	387	160	216	424	601	321	320	471	376	90	217	301	93	530	534	146	452	88	52	262	|
|329	394	448	339	0	513	282	42	438	105	255	363	115	108	221	484	259	431	217	365	172	289	436	362	333	30	224	189	353	380	423	47	291	296	443	285	240	107	251	307	294	193	495	260	378	437	|
|420	284	80	429	513	0	267	473	76	408	462	163	509	421	449	86	298	201	421	474	455	451	167	217	330	533	333	478	217	181	386	466	225	341	70	360	291	406	453	416	438	440	59	460	400	176	|
|187	136	228	385	282	267	0	249	199	186	360	104	248	224	184	214	207	294	155	432	189	371	155	237	113	308	68	336	227	101	216	236	78	98	205	296	168	181	350	174	190	305	231	360	390	283	|
|318	369	406	308	42	473	249	0	397	66	229	325	128	67	216	447	218	389	206	337	168	260	402	320	311	61	196	167	311	345	406	19	252	275	403	248	198	70	223	296	286	164	457	233	344	395	|
|366	244	42	374	438	76	199	397	0	332	397	96	436	346	383	90	228	168	354	420	385	389	139	161	277	458	263	408	158	128	349	391	150	282	6	298	218	331	388	359	380	370	78	395	352	144	|
|280	311	343	295	105	408	186	66	332	0	231	259	142	53	191	380	171	337	173	332	150	257	337	267	258	127	139	182	258	280	359	58	186	223	338	222	143	6	224	258	254	164	390	234	323	340	|
|504	496	382	93	255	462	360	229	397	231	0	375	356	180	422	478	173	293	403	110	381	36	474	248	463	245	345	68	246	419	568	244	308	433	400	104	200	237	9	482	482	67	474	5	142	312	|
|273	166	129	375	363	163	104	325	96	259	375	0	347	283	288	121	202	221	259	423	292	376	99	183	186	386	170	370	175	52	269	315	76	187	102	288	177	256	365	265	285	333	133	374	365	204	|
|233	329	456	431	115	509	248	128	436	142	356	347	0	181	121	462	311	472	128	463	76	386	398	403	260	141	180	294	392	349	334	111	287	224	442	362	280	139	350	212	194	289	479	360	463	472	|
|333	355	350	249	108	421	224	67	346	53	180	283	181	0	244	403	152	324	226	283	201	207	369	256	307	118	186	129	247	311	409	74	208	273	351	183	136	59	173	311	307	113	410	183	282	331	|
