




arguments: ./build/bc_mirp -f ./input/orig_exec_124.cfg
Current dir: /scratch/gui/bc_mirp
File verbosity level: 9
date       time         ( uptime  ) [ thread name/id ]                   file:line     v| 
2021-02-07 22:10:40.893 (   1.175s) [main thread     ]             loguru.cpp:789   INFO| Logging to './output/vi_vc+hc1_quarter/OU/V4/Original/execution_07_02_2021_22_10_40.log', mode: 'a', verbosity: 9
--------------------------------------------------------------------------------
Parameters
                           instance_path           ./input/Instances/Original/3/
                            model_policy                                       1
                             nb_vehicles                                       4
                              output_dir./output/vi_vc+hc1_quarter/OU/V4/Original/
                            sec_strategy                                       1
                       solver_nb_threads                                       2
                         solver_show_log                                    true
                       solver_time_limit                                    3600
                              use_vi_cos                                   false
                              use_vi_cus                                   false
                         use_vi_hc1_full                                   false
                         use_vi_hc1_half                                   false
                      use_vi_hc1_quarter                                    true
                              use_vi_hc2                                   false
                              use_vi_hc3                                   false
                         use_vi_lex_full                                   false
                         use_vi_lex_half                                   false
                      use_vi_lex_quarter                                   false
                              use_vi_qua                                   false
                               use_vi_vc                                    true
                               use_vi_vr                                   false
--------------------------------------------------------------------------------
executing instance: ./input/Instances/Original/3/absH3low_2n5.dat
--------------------------------------------------------------------------------
Instance details
n	6
H	3
C	237
Li:
[0, 0, 0, 0, 0, 0, ]
Ui:
[0, 93, 180, 51, 114, 24, ]
Distance matrix:
|0	170	318	35	112	235	|
|170	0	311	205	258	301	|
|318	311	0	326	278	137	|
|35	205	326	0	89	230	|
|112	258	278	89	0	160	|
|235	301	137	230	160	0	|

--------------------------------------------------------------------------------
Building model...
	using lazy and cut (CVRPSEP package)
Solving IRP LP...
--------------------------------------------------------------------------------

Gurobi 9.1.0 (linux64) logging started Sun Feb  7 22:10:41 2021

Gurobi Optimizer version 9.1.0 build v9.1.0rc0 (linux64)
Thread count: 32 physical cores, 32 logical processors, using up to 2 threads
Optimize a model with 225 rows, 336 columns and 1137 nonzeros
Model fingerprint: 0x155ee8f6
Variable types: 84 continuous, 252 integer (72 binary)
Coefficient statistics:
  Matrix range     [1e+00, 2e+02]
  Objective range  [1e-02, 3e+02]
  Bounds range     [1e+00, 2e+02]
  RHS range        [1e+00, 5e+02]
Presolve removed 24 rows and 30 columns
Presolve time: 0.01s

Explored 0 nodes (0 simplex iterations) in 0.01 seconds
Thread count was 1 (of 32 available processors)

Solution count 0

Model is infeasible
Best objective -, best bound -, gap -

User-callback calls 34, time in user-callback 0.00 sec

Computing Irreducible Inconsistent Subsystem (IIS)...

           Constraints          |            Bounds           |  Runtime
      Min       Max     Guess   |   Min       Max     Guess   |
--------------------------------------------------------------------------
        0       225         -         0       464         -           0s
       30        30         -        49        49         -           0s

IIS computed: 30 constraints, 49 bounds
IIS runtime: 0.45 seconds
================================================================================
executing instance: ./input/Instances/Original/3/absH3high_5n30.dat
--------------------------------------------------------------------------------
Instance details
n	31
H	3
C	2296
Li:
[0, 0, 0, 0, 0, 0, 0, 0, 0, 0, 0, 0, 0, 0, 0, 0, 0, 0, 0, 0, 0, 0, 0, 0, 0, 0, 0, 0, 0, 0, 0, ]
Ui:
[0, 80, 90, 297, 28, 264, 123, 192, 112, 32, 72, 88, 294, 129, 126, 105, 110, 237, 246, 92, 72, 147, 54, 96, 128, 96, 84, 28, 74, 196, 192, ]
Distance matrix:
|0	87	302	65	389	171	219	120	412	339	129	63	169	401	383	158	393	161	246	275	64	287	345	235	13	274	106	201	85	358	135	|
|87	0	334	128	402	212	301	204	465	384	187	145	232	424	454	238	475	245	289	352	80	307	352	321	81	352	20	261	170	376	215	|
|302	334	0	239	113	132	237	334	157	70	404	263	162	105	227	229	339	251	65	217	259	53	107	352	293	220	339	134	270	75	235	|
|65	128	239	0	330	107	175	130	348	275	174	40	107	339	326	114	351	125	181	224	58	228	290	222	58	224	143	138	65	297	92	|
|389	402	113	330	0	226	349	438	210	151	502	360	269	48	316	339	441	362	175	328	335	102	55	465	377	330	401	245	371	37	342	|
|171	212	132	107	226	0	169	214	253	173	276	134	64	233	261	130	326	153	77	188	133	125	192	264	162	190	220	68	145	193	125	|
|219	301	237	175	349	169	0	157	257	223	244	157	105	334	180	62	175	61	177	63	233	264	334	118	221	61	317	112	136	312	85	|
|120	204	334	130	438	214	157	0	402	348	88	90	173	438	336	115	307	100	269	220	172	338	406	122	130	218	224	204	69	403	101	|
|412	465	157	348	210	253	257	402	0	88	486	359	245	166	129	287	266	303	178	204	386	208	239	370	406	207	473	212	354	187	304	|
|339	384	70	275	151	173	223	348	88	0	427	291	179	120	166	234	290	254	96	187	306	123	166	342	332	190	391	145	291	119	247	|
|129	187	404	174	502	276	244	88	486	427	0	142	248	508	424	200	390	187	342	308	193	400	464	192	142	306	207	281	136	469	182	|
|63	145	263	40	360	134	157	90	359	291	142	0	114	366	321	95	331	99	202	212	90	258	323	186	65	211	163	148	27	327	72	|
|169	232	162	107	269	64	105	173	245	179	248	114	0	266	222	71	268	94	97	131	155	173	244	203	164	132	245	34	113	233	73	|
|401	424	105	339	48	233	334	438	166	120	508	366	266	0	280	332	409	355	169	305	353	117	96	452	391	308	425	237	374	49	339	|
|383	454	227	326	316	261	180	336	129	166	424	321	222	280	0	231	137	238	208	116	376	277	331	272	381	118	467	197	307	285	253	|
|158	238	229	114	339	130	62	115	287	234	200	95	71	332	231	0	238	23	164	118	171	243	314	134	159	117	255	95	77	302	23	|
|393	475	339	351	441	326	175	307	266	290	390	331	268	409	137	238	0	232	300	138	408	383	445	204	395	136	492	258	308	406	260	|
|161	245	251	125	362	153	61	100	303	254	187	99	94	355	238	23	232	0	187	123	183	267	338	111	164	121	262	117	77	325	34	|
|246	289	65	181	175	77	177	269	178	96	342	202	97	169	208	164	300	187	0	168	210	87	157	290	238	171	296	70	206	138	170	|
|275	352	217	224	328	188	63	220	204	187	308	212	131	305	116	118	138	123	168	0	279	255	322	166	275	3	367	120	195	291	141	|
|64	80	259	58	335	133	233	172	386	306	193	90	155	353	376	171	408	183	210	279	0	236	289	276	51	279	90	182	117	307	150	|
|287	307	53	228	102	125	264	338	208	123	400	258	173	117	277	243	383	267	87	255	236	0	71	374	276	257	308	153	270	71	245	|
|345	352	107	290	55	192	334	406	239	166	464	323	244	96	331	314	445	338	157	322	289	71	0	445	334	325	350	224	337	54	315	|
|235	321	352	222	465	264	118	122	370	342	192	186	203	452	272	134	204	111	290	166	276	374	445	0	243	164	341	221	159	428	142	|
|13	81	293	58	377	162	221	130	406	332	142	65	164	391	381	159	395	164	238	275	51	276	334	243	0	274	100	196	89	347	136	|
|274	352	220	224	330	190	61	218	207	190	306	211	132	308	118	117	136	121	171	3	279	257	325	164	274	0	367	122	194	294	140	|
|106	20	339	143	401	220	317	224	473	391	207	163	245	425	467	255	492	262	296	367	90	308	350	341	100	367	0	272	188	377	232	|
|201	261	134	138	245	68	112	204	212	145	281	148	34	237	197	95	258	117	70	120	182	153	224	221	196	122	272	0	146	208	103	|
|85	170	270	65	371	145	136	69	354	291	136	27	113	374	307	77	308	77	206	195	117	270	337	159	89	194	188	146	0	337	54	|
|358	376	75	297	37	193	312	403	187	119	469	327	233	49	285	302	406	325	138	291	307	71	54	428	347	294	377	208	337	0	306	|
|135	215	235	92	342	125	85	101	304	247	182	72	73	339	253	23	260	34	170	141	150	245	315	142	136	140	232	103	54	306	0	|

--------------------------------------------------------------------------------
Building model...
	using lazy and cut (CVRPSEP package)
Solving IRP LP...
--------------------------------------------------------------------------------

Gurobi 9.1.0 (linux64) logging started Sun Feb  7 22:10:41 2021

Gurobi Optimizer version 9.1.0 build v9.1.0rc0 (linux64)
Thread count: 32 physical cores, 32 logical processors, using up to 2 threads
Optimize a model with 1204 rows, 6436 columns and 15751 nonzeros
Model fingerprint: 0xff29ab54
Variable types: 484 continuous, 5952 integer (372 binary)
Coefficient statistics:
  Matrix range     [1e+00, 6e+02]
  Objective range  [1e-01, 5e+02]
  Bounds range     [1e+00, 3e+02]
  RHS range        [1e+00, 4e+03]
Presolve removed 359 rows and 715 columns
Presolve time: 0.09s
Presolved: 845 rows, 5721 columns, 12987 nonzeros
Variable types: 286 continuous, 5435 integer (5077 binary)

Root relaxation: objective 9.007412e+03, 1101 iterations, 0.03 seconds

    Nodes    |    Current Node    |     Objective Bounds      |     Work
 Expl Unexpl |  Obj  Depth IntInf | Incumbent    BestBd   Gap | It/Node Time

     0     0 9007.41177    0  124          - 9007.41177      -     -    0s
     0     0 9360.41555    0  148          - 9360.41555      -     -    0s
     0     0 9414.07743    0  115          - 9414.07743      -     -    0s
     0     0 9414.07743    0  127          - 9414.07743      -     -    0s
     0     0 9715.68741    0  193          - 9715.68741      -     -    0s
     0     0 9748.80553    0  199          - 9748.80553      -     -    0s
     0     0 9750.64304    0  207          - 9750.64304      -     -    0s
     0     0 9750.64304    0  208          - 9750.64304      -     -    0s
     0     0 9919.80745    0  203          - 9919.80745      -     -    0s
     0     0 9934.66415    0  212          - 9934.66415      -     -    0s
     0     0 9936.52389    0  219          - 9936.52389      -     -    0s
     0     0 9942.22208    0  217          - 9942.22208      -     -    0s
     0     0 9942.38863    0  206          - 9942.38863      -     -    1s
     0     0 10002.9615    0  305          - 10002.9615      -     -    1s
     0     0 10009.4905    0  336          - 10009.4905      -     -    1s
     0     0 10010.1757    0  316          - 10010.1757      -     -    1s
     0     0 10024.5795    0  361          - 10024.5795      -     -    1s
     0     0 10027.2815    0  352          - 10027.2815      -     -    2s
     0     0 10027.4286    0  310          - 10027.4286      -     -    2s
     0     0 10033.0886    0  366          - 10033.0886      -     -    2s
     0     0 10033.0886    0  352          - 10033.0886      -     -    2s
     0     2 10036.2264    0  354          - 10036.2264      -     -    2s
    30    33 10218.9025    9  315          - 10048.4888      -   345    5s
   217   242 10616.9563   51  179          - 10048.4888      -   209   10s
*  464   463             216    14735.060000 10048.4888  31.8%   126   12s
   503   492 11913.7668   88  146 14735.0600 10048.4888  31.8%   129   15s
   595   602 12796.1676  147   35 14735.0600 10048.4888  31.8%   123   20s
   726   705 12349.9410  105  352 14735.0600 10055.0296  31.8%   125   25s
   746   718 12245.5526  102  444 14735.0600 10107.5156  31.4%   122   31s
   759   727 10136.4234    5  523 14735.0600 10113.9592  31.4%   119   35s
   778   743 10122.6779   10  525 14735.0600 10121.5131  31.3%   128   40s
   802   759 10174.2150   16  414 14735.0600 10144.9069  31.2%   138   45s
   833   779 10436.1742   25  155 14735.0600 10144.9069  31.2%   151   51s
   871   812 10652.8444   34  270 14735.0600 10144.9069  31.2%   158   55s
   942   865 10826.9158   47  202 14735.0600 10144.9069  31.2%   162   60s
  1036   942 10983.5754   59  204 14735.0600 10144.9069  31.2%   161   65s
  1151   992 11134.6076   71  256 14735.0600 10144.9069  31.2%   155   71s
* 1180   981             147    13057.370000 10144.9069  22.3%   154   73s
  1215   959 11215.2841   78  296 13057.3700 10144.9069  22.3%   153   75s
  1248   976 11405.6248   89  205 13057.3700 10144.9069  22.3%   157   80s
  1306  1030 11616.9768  109  230 13057.3700 10144.9069  22.3%   161   85s
  1386  1090 11886.8932  135  160 13057.3700 10144.9069  22.3%   163   90s
  1536  1177 10257.6792   16  430 13057.3700 10170.8655  22.1%   161   95s
  1676  1262 10470.5967   24  318 13057.3700 10170.8655  22.1%   157  101s
  1722  1265 10586.5782   27  337 13057.3700 10170.8655  22.1%   158  105s
  1768  1297 10783.9998   33  159 13057.3700 10170.8655  22.1%   167  111s
  1812  1337 11204.1115   45  130 13057.3700 10170.8655  22.1%   172  115s
  1903  1442 11561.9554   72   51 13057.3700 10170.8655  22.1%   176  121s
  2002  1482 11947.5324   93   25 13057.3700 10170.9942  22.1%   173  127s
* 2050  1226             104    12165.320000 10170.9942  16.4%   171  127s
  2093  1247 10415.3522   16  417 12165.3200 10170.9942  16.4%   173  131s
  2152  1326 10604.6276   23  105 12165.3200 10170.9942  16.4%   174  136s
  2271  1340 10703.4509   32  220 12165.3200 10170.9942  16.4%   171  140s
  2304  1349 10960.9229   41   97 12165.3200 10170.9942  16.4%   173  145s
  2342  1418 11199.7547   48   73 12165.3200 10170.9942  16.4%   176  150s
  2532  1450 12032.5035   90   61 12165.3200 10174.2457  16.4%   171  157s
  2575  1521 11238.8342   29  124 12165.3200 10176.1012  16.4%   174  162s
  2654  1519 10415.2893   20  454 12165.3200 10176.1012  16.4%   172  166s
  2722  1567 11024.0178   44  242 12165.3200 10177.3179  16.3%   173  173s
  2795  1574     cutoff   87      12165.3200 10177.3535  16.3%   172  176s
  2853  1610 10393.6773   17  408 12165.3200 10177.3535  16.3%   175  182s
  2867  1630 10599.7724   18  278 12165.3200 10177.3535  16.3%   176  185s
  2916  1724 11465.2746   32  122 12165.3200 10177.3535  16.3%   180  196s
  2981  1816 11977.7298   46   62 12165.3200 10195.7161  16.2%   180  207s
  3127  1849 10463.3787   20  394 12165.3200 10196.0313  16.2%   176  216s
  3154  1921 11002.9371   35  241 12165.3200 10209.2621  16.1%   178  224s
  3233  1955 10447.0584   19  445 12165.3200 10209.2621  16.1%   177  233s
  3281  2082 10911.9450   30  236 12165.3200 10209.8839  16.1%   177  239s
  3418  2087 10985.0686   54  110 12165.3200 10215.6611  16.0%   174  240s
  3480  2157 10929.3969   27  270 12165.3200 10216.5625  16.0%   175  249s
  3533  2204 10402.8280   19  461 12165.3200 10217.7487  16.0%   176  254s
  3580  2314 10783.9637   38  210 12165.3200 10228.2330  15.9%   177  260s
  3724  2342     cutoff  104      12165.3200 10233.0202  15.9%   174  265s
  3750  2458 10832.9123   28  220 12165.3200 10242.9708  15.8%   176  271s
  3889  2511 10313.2056   19  404 12165.3200 10243.7805  15.8%   175  276s
  3944  2593 10943.0650   47   37 12165.3200 10244.8770  15.8%   176  282s
  4063  2671     cutoff   86      12165.3200 10249.6994  15.7%   175  288s
  4161  2733 10965.0530   48  197 12165.3200 10263.8977  15.6%   175  294s
  4244  2771     cutoff   91      12165.3200 10282.4152  15.5%   175  300s
  4289  2853 10755.6934   24  215 12165.3200 10288.3432  15.4%   178  307s
  4396  2929     cutoff   54      12165.3200 10290.1205  15.4%   178  313s
  4479  3019 11122.3726   42  122 12165.3200 10294.5234  15.4%   178  320s
  4593  3130     cutoff   82      12165.3200 10295.3490  15.4%   178  329s
  4720  3242 11948.2863   70   29 12165.3200 10300.9822  15.3%   178  337s
  4863  3317     cutoff   81      12165.3200 10303.1675  15.3%   176  364s
  4897  3317 11340.2846   47   82 12165.3200 10303.8293  15.3%   177  365s
  4959  3422 11535.5280   51  149 12165.3200 10304.6633  15.3%   176  382s
  5097  3528 10974.7653   39  160 12165.3200 10306.7390  15.3%   176  401s
  5252  3616     cutoff   94      12165.3200 10312.7711  15.2%   175  414s
  5332  3616 10944.8323   44   45 12165.3200 10312.7711  15.2%   177  415s
  5344  3790 11227.3753   48  169 12165.3200 10313.2570  15.2%   177  425s
  5556  3907 11455.9361   73   59 12165.3200 10315.6647  15.2%   175  439s
  5708  3913 11369.6550   63   10 12165.3200 10320.5751  15.2%   175  440s
  5723  4064     cutoff   88      12165.3200 10320.9401  15.2%   175  458s
  5910  4250 11072.5702   52   50 12165.3200 10322.8685  15.1%   174  471s
  6152  4414     cutoff   95      12165.3200 10323.6335  15.1%   172  493s
  6353  4524 10979.3698   41  115 12165.3200 10327.6670  15.1%   171  514s
  6439  4533 11016.5180   28  135 12165.3200 10327.6670  15.1%   170  515s
  6486  4574 infeasible   96      12165.3200 10328.8611  15.1%   171  528s
  6557  4763 10837.1892   33  150 12165.3200 10329.6077  15.1%   172  544s
  6636  4765 12032.9878   72   40 12165.3200 10329.6077  15.1%   172  545s
  6811  4908     cutoff   80      12165.3200 10331.2358  15.1%   170  556s
  6988  5007     cutoff   80      12165.3200 10337.5051  15.0%   170  577s
  7111  5192 10741.6823   22  328 12165.3200 10339.3507  15.0%   170  599s
  7150  5192 11388.5969   61   76 12165.3200 10339.3507  15.0%   170  600s
  7348  5264     cutoff  101      12165.3200 10340.1549  15.0%   168  625s
  7414  5524 10758.9397   33   19 12165.3200 10341.6719  15.0%   169  649s
  7516  5525 11742.7790   71   59 12165.3200 10341.6719  15.0%   168  650s
  7749  5643     cutoff   86      12165.3200 10347.7796  14.9%   166  665s
  7877  5810     cutoff   78      12165.3200 10352.1345  14.9%   167  684s
  7918  5810 11496.8101   61   81 12165.3200 10352.1345  14.9%   168  685s
  8092  6050     cutoff   71      12165.3200 10358.1817  14.9%   167  712s
  8417  6232 11711.1498   67   77 12165.3200 10367.0486  14.8%   165  737s
  8638  6268     cutoff   88      12165.3200 10374.7441  14.7%   164  762s
  8690  6451 10959.2856   29  297 12165.3200 10375.9252  14.7%   165  778s
  8885  6674 11407.8237   70   37 12165.3200 10376.0460  14.7%   166  802s
  9199  6846     cutoff  111      12165.3200 10379.5671  14.7%   164  817s
  9414  6997 11039.8220   27  170 12165.3200 10383.1299  14.6%   163  836s
  9587  7230 10672.5376   23  258 12165.3200 10384.4294  14.6%   163  850s
  9883  7360 infeasible   80      12165.3200 10385.4416  14.6%   162  870s
 10036  7458     cutoff   78      12165.3200 10390.7916  14.6%   162  891s
 10136  7571 11410.2832   35  138 12165.3200 10391.3335  14.6%   163  905s
 10278  7648 10796.6963   26  351 12165.3200 10392.0826  14.6%   163  928s
 10355  7885 11046.3541   55   39 12165.3200 10392.1202  14.6%   165  954s
 10645  8044 11247.3341   45   55 12165.3200 10393.1160  14.6%   164  978s
 10845  8167 infeasible   90      12165.3200 10398.0173  14.5%   164  993s
 10999  8310 10732.9035   27  163 12165.3200 10400.0578  14.5%   164 1014s
 11115  8317 11392.0252   38   69 12165.3200 10400.2723  14.5%   164 1015s
 11176  8551 10878.7267   41  102 12165.3200 10400.7086  14.5%   164 1028s
 11444  8699     cutoff  101      12165.3200 10402.8594  14.5%   164 1047s
 11669  8849     cutoff  108      12165.3200 10404.2419  14.5%   163 1061s
 11848  8917     cutoff   90      12165.3200 10404.6293  14.5%   163 1100s
 11947  9121 11070.1708   39  187 12165.3200 10406.0199  14.5%   163 1118s
 12152  9246 infeasible   95      12165.3200 10406.1159  14.5%   163 1135s
 12328  9421 11062.5108   31  201 12165.3200 10409.3549  14.4%   163 1148s
 12554  9556 10754.2633   23  400 12165.3200 10410.4101  14.4%   163 1172s
 12717  9800 11127.2087   41  108 12165.3200 10411.8633  14.4%   163 1199s
 12898  9818 11331.7342   58   25 12165.3200 10412.0991  14.4%   162 1200s
 13068  9915     cutoff   95      12165.3200 10412.1868  14.4%   161 1218s
 13173 10037 10711.7190   16  349 12165.3200 10414.0978  14.4%   162 1230s
 13329 10249 11024.0792   30  135 12165.3200 10414.6244  14.4%   162 1243s
 13598 10498 10921.7803   29  256 12165.3200 10416.3950  14.4%   162 1260s
 13905 10664 11639.1551   58  124 12165.3200 10416.9186  14.4%   161 1273s
 14100 10772     cutoff   79      12165.3200 10418.2882  14.4%   160 1284s
 14162 10773 12152.0124   62   26 12165.3200 10418.2882  14.4%   161 1285s
 14249 10911 11841.4865   58   92 12165.3200 10422.8866  14.3%   161 1299s
 14415 11057 11795.3217   85   73 12165.3200 10423.2234  14.3%   161 1310s
 14655 11093     cutoff   87      12165.3200 10424.9545  14.3%   160 1325s
 14685 11222 11118.2775   29  214 12165.3200 10426.2269  14.3%   161 1338s
 14849 11346 10674.2276   27  277 12165.3200 10428.2694  14.3%   161 1349s
 14889 11346 11396.6065   67  223 12165.3200 10428.2694  14.3%   161 1350s
 15012 11491     cutoff   96      12165.3200 10429.5656  14.3%   161 1362s
 15178 11653 infeasible   87      12165.3200 10432.5100  14.2%   161 1374s
 15262 11657 11070.7906   27  175 12165.3200 10432.9430  14.2%   161 1375s
 15394 11827     cutoff   84      12165.3200 10433.0559  14.2%   161 1386s
 15600 11951     cutoff   68      12165.3200 10436.3289  14.2%   160 1397s
 15789 12095     cutoff   92      12165.3200 10437.5135  14.2%   160 1410s
 15989 12220 10569.6266   19  445 12165.3200 10438.5250  14.2%   160 1431s
 16124 12371     cutoff   78      12165.3200 10439.6945  14.2%   160 1443s
 16338 12489     cutoff   95      12165.3200 10440.3570  14.2%   160 1455s
 16488 12640 10823.4782   23  257 12165.3200 10444.2574  14.1%   160 1468s
 16625 12646 11349.2666   63   47 12165.3200 10444.6642  14.1%   160 1470s
 16670 12750     cutoff   85      12165.3200 10445.5716  14.1%   160 1484s
 16796 12926     cutoff   74      12165.3200 10446.4417  14.1%   160 1497s
 17033 13040 12056.7900   65   26 12165.3200 10447.0628  14.1%   160 1509s
 17201 13163     cutoff   70      12165.3200 10448.0334  14.1%   160 1521s
 17350 13277 11966.8821   75   45 12165.3200 10450.4534  14.1%   161 1532s
 17488 13397 11058.4981   25  320 12165.3200 10451.4711  14.1%   161 1547s
 17631 13509 11665.7485   41   85 12165.3200 10452.5599  14.1%   161 1562s
 17782 13621     cutoff   67      12165.3200 10454.8324  14.1%   161 1576s
 17935 13732 10612.7599   20  293 12165.3200 10457.3803  14.0%   161 1591s
 18079 13833 10835.2121   26  322 12165.3200 10457.6811  14.0%   162 1607s
 18217 14075 11177.5069   32  233 12165.3200 10458.2791  14.0%   162 1625s
 18476 14158 infeasible   68      12165.3200 10458.4027  14.0%   161 1640s
 18588 14320 10846.8897   24  169 12165.3200 10459.7522  14.0%   162 1659s
 18628 14322 11088.4000   45   13 12165.3200 10459.7522  14.0%   162 1660s
 18774 14491     cutoff   74      12165.3200 10460.4116  14.0%   162 1677s
 19030 14632 10955.2957   21  235 12165.3200 10462.0350  14.0%   161 1694s
 19126 14635 11673.7182   69   17 12165.3200 10462.0350  14.0%   161 1695s
 19206 14771 infeasible   82      12165.3200 10462.9279  14.0%   161 1710s
 19403 14876 11451.5337   61   66 12165.3200 10463.3934  14.0%   161 1724s
 19449 14881 10776.3248   25  310 12165.3200 10463.3934  14.0%   161 1725s
 19536 15009     cutoff   90      12165.3200 10465.5402  14.0%   161 1737s
 19697 15108     cutoff   84      12165.3200 10465.7338  14.0%   161 1751s
 19822 15195 10728.4376   20  252 12165.3200 10467.1892  14.0%   161 1769s
 19926 15353 10952.8324   24   96 12165.3200 10467.2448  14.0%   162 1786s
 20116 15480 11264.1588   53   45 12165.3200 10468.4863  13.9%   162 1804s
 20155 15485 12061.5050   72    6 12165.3200 10468.4863  13.9%   161 1805s
 20268 15597 12094.4000   77    - 12165.3200 10469.3439  13.9%   162 1819s
 20410 15713 infeasible   84      12165.3200 10470.1858  13.9%   162 1835s
 20553 15842 10916.0187   28  209 12165.3200 10470.8549  13.9%   162 1849s
 20630 15842 12122.3691   75   39 12165.3200 10470.8550  13.9%   162 1850s
 20712 16030 11247.5808   51  113 12165.3200 10470.9351  13.9%   162 1865s
 20939 16098     cutoff   87      12165.3200 10471.3226  13.9%   162 1879s
 21017 16244 11145.2142   36   92 12165.3200 10471.3976  13.9%   162 1893s
 21173 16375     cutoff   72      12165.3200 10471.6186  13.9%   163 1908s
 21352 16425 10754.0996   22  194 12165.3200 10472.7157  13.9%   163 1921s
 21392 16533 10979.4530   37  185 12165.3200 10472.8928  13.9%   163 1938s
 21521 16717 12057.3400   70    - 12165.3200 10472.9819  13.9%   164 1956s
 21739 16820     cutoff   70      12165.3200 10473.3529  13.9%   164 1978s
 21858 16989 11078.2809   56  149 12165.3200 10474.8334  13.9%   164 1994s
 21899 16992 12089.8200   91    - 12165.3200 10474.8334  13.9%   164 1995s
 22068 17139 12123.9400   91    - 12165.3200 10475.7041  13.9%   164 2009s
 22228 17146 11239.0592   49  114 12165.3200 10476.8641  13.9%   164 2010s
 22260 17228 infeasible  106      12165.3200 10477.5704  13.9%   164 2021s
 22365 17306 10850.8309   21  400 12165.3200 10477.9852  13.9%   164 2034s
 22389 17306 11141.6182   46   67 12165.3200 10477.9852  13.9%   164 2035s
 22457 17444 11501.7257   29  194 12165.3200 10478.5886  13.9%   164 2053s
 22648 17627     cutoff   60      12165.3200 10480.5500  13.8%   164 2070s
 22895 17734 11984.3045   63   15 12165.3200 10482.3773  13.8%   164 2088s
 23028 17800 12139.5140   65   30 12165.3200 10483.5735  13.8%   164 2103s
 23111 17874 11225.8103   42  155 12165.3200 10483.8337  13.8%   164 2116s
 23194 17973 10821.2927   23  149 12165.3200 10484.8305  13.8%   164 2129s
 23297 18138 11210.8400   55   21 12165.3200 10484.8354  13.8%   165 2144s
 23336 18138 11355.9600   71    5 12165.3200 10484.8354  13.8%   165 2145s
 23503 18251     cutoff   91      12165.3200 10485.1546  13.8%   165 2281s
 23660 18404 10795.7684   31  241 12165.3200 10485.7282  13.8%   164 2296s
 23867 18487     cutoff  110      12165.3200 10486.5937  13.8%   164 2310s
 23974 18592 10850.5940   21  241 12165.3200 10488.2352  13.8%   165 2327s
 24077 18736 12109.7651   44   46 12165.3200 10488.2782  13.8%   165 2343s
 24284 18835 infeasible  105      12165.3200 10488.4307  13.8%   165 2370s
 24407 18934     cutoff   67      12165.3200 10489.3752  13.8%   165 2384s
 24520 19116 10927.5492   28  139 12165.3200 10489.6021  13.8%   165 2409s
 24559 19116 11234.0649   47   53 12165.3200 10489.6021  13.8%   165 2410s
 24753 19337 11507.4681   52   46 12165.3200 10491.7259  13.8%   165 2426s
 25009 19426     cutoff   83      12165.3200 10493.0697  13.7%   165 2441s
 25113 19586 11246.3657   43  232 12165.3200 10494.0436  13.7%   165 2463s
H25216 19441                    12122.020000 10494.0436  13.4%   165 2464s
 25307 19516     cutoff   78      12122.0200 10495.2853  13.4%   165 2486s
 25429 19631 10851.3356   29  255 12122.0200 10496.4876  13.4%   165 2502s
 25576 19761     cutoff   92      12122.0200 10497.6280  13.4%   165 2517s
 25738 19828 11559.6172   58  138 12122.0200 10498.4040  13.4%   165 2537s
 25832 19986 10872.5321   23  282 12122.0200 10498.8418  13.4%   165 2556s
 26023 20105 11197.6559   37   51 12122.0200 10499.2376  13.4%   165 2583s
 26174 20206 12114.3800   69    - 12122.0200 10499.9349  13.4%   165 2600s
 26294 20329     cutoff   83      12122.0200 10500.3300  13.4%   165 2617s
 26432 20512 10650.3104   25  306 12122.0200 10501.0754  13.4%   165 2652s
 26660 20643     cutoff   99      12122.0200 10501.2419  13.4%   165 2671s
 26829 20712     cutoff  102      12122.0200 10501.4333  13.4%   165 2689s
 26898 20793 11303.6646   36  108 12122.0200 10501.8584  13.4%   165 2715s
 27004 20936 11951.1600   59   23 12122.0200 10501.8659  13.4%   165 2739s
 27053 20936 11510.3855   51   95 12122.0200 10501.8659  13.4%   165 2740s
 27187 21027 10828.2745   26  340 12122.0200 10502.0808  13.4%   165 2777s
 27289 21183 11084.9797   41  128 12122.0200 10502.5958  13.4%   165 2799s
 27367 21183 11605.5018   75   90 12122.0200 10502.5958  13.4%   165 2800s
 27483 21279 10890.7862   26  347 12122.0200 10503.3235  13.4%   165 2818s
 27601 21359     cutoff   84      12122.0200 10504.8148  13.3%   165 2838s
 27694 21437 11043.2647   34  210 12122.0200 10505.0549  13.3%   166 2856s
 27793 21533 12047.4577   54  116 12122.0200 10505.1388  13.3%   166 2872s
 27924 21627 infeasible   69      12122.0200 10505.1874  13.3%   166 2891s
 28035 21756 11580.9928   55   92 12122.0200 10505.3474  13.3%   167 2916s
 28205 21832     cutoff   79      12122.0200 10505.5633  13.3%   167 2940s
 28300 21932 11244.8328   40  139 12122.0200 10505.9207  13.3%   167 2963s
 28442 22037 11149.8769   32  314 12122.0200 10506.0949  13.3%   167 2993s
 28571 22154 11068.6179   33  248 12122.0200 10506.4697  13.3%   167 3014s
 28708 22164     cutoff   77      12122.0200 10507.5978  13.3%   167 3035s
H28719 22153                    12120.020000 10507.6485  13.3%   167 3035s
 28720 22273 10862.6905   23  166 12120.0200 10507.7548  13.3%   167 3050s
 28870 22366 12040.8000   71    - 12120.0200 10507.9473  13.3%   167 3072s
 29014 22566 11015.8919   35  117 12120.0200 10509.3536  13.3%   167 3094s
 29092 22568 11506.1412   71   14 12120.0200 10509.3536  13.3%   167 3095s
 29272 22706     cutoff   82      12120.0200 10509.5865  13.3%   167 3118s
 29443 22796 infeasible   81      12120.0200 10510.3605  13.3%   167 3145s
 29555 22936 11498.5125   40  180 12120.0200 10510.8225  13.3%   167 3166s
 29754 22978 11546.3737   60   61 12120.0200 10512.0563  13.3%   167 3183s
 29812 23048 11056.2833   32  193 12120.0200 10512.0677  13.3%   167 3205s
 29882 23174 11317.1451   55   95 12120.0200 10512.2262  13.3%   168 3232s
 30056 23292     cutoff   70      12120.0200 10512.3866  13.3%   168 3253s
 30190 23400 11480.0519   53  120 12120.0200 10512.7904  13.3%   168 3271s
 30324 23521 11777.8024   50   92 12120.0200 10513.3660  13.3%   168 3290s
 30489 23616     cutoff   70      12120.0200 10513.9244  13.3%   168 3309s
 30534 23616 12061.5545   61   53 12120.0200 10513.9244  13.3%   168 3310s
 30611 23708 10738.6400   20  457 12120.0200 10514.2570  13.2%   168 3338s
 30719 23796 11977.2632   60  111 12120.0200 10514.3970  13.2%   169 3362s
 30816 23947 10703.6076   19  432 12120.0200 10514.3970  13.2%   169 3392s
 31028 24062 10823.3606   28  304 12120.0200 10514.3970  13.2%   169 3410s
 31146 24212 11261.1800   54   17 12120.0200 10515.0315  13.2%   169 3429s
 31192 24216 11013.1646   37  238 12120.0200 10515.0315  13.2%   169 3430s
 31334 24312 11847.0319   89   52 12120.0200 10515.4752  13.2%   169 3452s
 31466 24436 10958.2281   32  125 12120.0200 10515.9112  13.2%   169 3476s
 31598 24607 11640.4519   63   64 12120.0200 10515.9353  13.2%   169 3499s
 31646 24608 11076.2729   42   52 12120.0200 10515.9353  13.2%   169 3500s
 31809 24688 11671.6429   81   20 12120.0200 10516.9879  13.2%   169 3518s
 31910 24747     cutoff  102      12120.0200 10517.2775  13.2%   169 3542s
 31968 24849 11150.2456   33   65 12120.0200 10517.2775  13.2%   170 3560s
 32085 24956 11651.9439   49   38 12120.0200 10517.3480  13.2%   170 3579s
 32141 24956 11368.2010   53  246 12120.0200 10517.3480  13.2%   170 3580s
 32217 25092 10859.9362   23  375 12120.0200 10517.6279  13.2%   170 3599s
 32260 25092 12065.8636   65   13 12120.0200 10517.6279  13.2%   170 3600s

Cutting planes:
  User: 3607
  Gomory: 18
  Cover: 362
  Implied bound: 147
  Projected implied bound: 6
  Clique: 52
  MIR: 129
  StrongCG: 1
  Flow cover: 265
  GUB cover: 3
  Zero half: 26
  RLT: 290
  Relax-and-lift: 8
  Lazy constraints: 7792

Explored 32396 nodes (5511683 simplex iterations) in 3601.68 seconds
Thread count was 2 (of 32 available processors)

Solution count 5: 12120 12122 12165.3 ... 14735.1

Time limit reached
Best objective 1.212002000000e+04, best bound 1.051796769990e+04, gap 13.2182%

User-callback calls 469950, time in user-callback 143.67 sec
================================================================================
executing instance: ./input/Instances/Original/3/absH3high_5n20.dat
--------------------------------------------------------------------------------
Instance details
n	21
H	3
C	1734
Li:
[0, 0, 0, 0, 0, 0, 0, 0, 0, 0, 0, 0, 0, 0, 0, 0, 0, 0, 0, 0, 0, ]
Ui:
[0, 40, 237, 68, 194, 144, 207, 114, 118, 207, 120, 72, 128, 48, 102, 237, 261, 135, 84, 184, 142, ]
Distance matrix:
|0	408	254	408	305	286	284	573	384	380	400	384	552	461	243	577	274	285	345	92	431	|
|408	0	189	21	111	218	178	168	182	283	211	86	158	222	191	168	136	320	219	318	87	|
|254	189	0	198	81	230	31	354	276	174	157	136	307	348	158	348	110	313	275	180	183	|
|408	21	198	0	118	204	190	165	163	302	230	105	169	202	184	170	134	306	202	317	107	|
|305	111	81	118	0	188	80	278	209	221	172	86	247	276	129	276	61	285	220	218	130	|
|286	218	230	204	188	0	249	342	102	401	360	260	373	176	73	360	128	103	60	202	290	|
|284	178	31	190	80	249	0	339	286	151	127	114	284	355	180	330	124	337	290	211	160	|
|573	168	354	165	278	342	339	0	262	411	330	229	118	248	342	37	298	434	316	482	194	|
|384	182	276	163	209	102	286	262	0	429	372	252	319	79	149	287	167	174	55	297	268	|
|380	283	174	302	221	401	151	411	429	0	82	197	318	491	331	390	274	488	439	331	219	|
|400	211	157	230	172	360	127	330	372	82	0	125	237	427	297	308	232	455	390	335	139	|
|384	86	136	105	86	260	114	229	252	197	125	0	171	303	210	217	143	361	278	301	47	|
|552	158	307	169	247	373	284	118	319	318	237	171	0	331	349	84	289	474	366	465	124	|
|461	222	348	202	276	176	355	248	79	491	427	303	331	0	228	279	241	226	119	375	308	|
|243	191	158	184	129	73	180	342	149	331	297	210	349	228	0	352	68	159	127	152	248	|
|577	168	348	170	276	360	330	37	287	390	308	217	84	279	352	0	303	455	339	486	177	|
|274	136	110	134	61	128	124	298	167	274	232	143	289	241	68	303	0	224	166	183	182	|
|285	320	313	306	285	103	337	434	174	488	455	361	474	226	159	455	224	0	119	224	393	|
|345	219	275	202	220	60	290	316	55	439	390	278	366	119	127	339	166	119	0	262	301	|
|92	318	180	317	218	202	211	482	297	331	335	301	465	375	152	486	183	224	262	0	347	|
|431	87	183	107	130	290	160	194	268	219	139	47	124	308	248	177	182	393	301	347	0	|

--------------------------------------------------------------------------------
Building model...
	using lazy and cut (CVRPSEP package)
Solving IRP LP...
--------------------------------------------------------------------------------

Gurobi 9.1.0 (linux64) logging started Sun Feb  7 23:10:43 2021

Gurobi Optimizer version 9.1.0 build v9.1.0rc0 (linux64)
Thread count: 32 physical cores, 32 logical processors, using up to 2 threads
Optimize a model with 816 rows, 3096 columns and 8082 nonzeros
Model fingerprint: 0xa6ed43ef
Variable types: 324 continuous, 2772 integer (252 binary)
Coefficient statistics:
  Matrix range     [1e+00, 4e+02]
  Objective range  [2e-01, 6e+02]
  Bounds range     [1e+00, 3e+02]
  RHS range        [1e+00, 3e+03]
Presolve removed 259 rows and 485 columns
Presolve time: 0.06s
Presolved: 557 rows, 2611 columns, 6282 nonzeros
Variable types: 186 continuous, 2425 integer (2194 binary)

Root relaxation: objective 7.709490e+03, 868 iterations, 0.02 seconds

    Nodes    |    Current Node    |     Objective Bounds      |     Work
 Expl Unexpl |  Obj  Depth IntInf | Incumbent    BestBd   Gap | It/Node Time

     0     0 7709.49025    0   88          - 7709.49025      -     -    0s
     0     0 8274.87537    0  129          - 8274.87537      -     -    0s
     0     0 8279.48354    0  108          - 8279.48354      -     -    0s
     0     0 8518.40535    0  109          - 8518.40535      -     -    0s
     0     0 8532.71980    0  137          - 8532.71980      -     -    0s
     0     0 8544.01720    0  126          - 8544.01720      -     -    0s
     0     0 8548.05144    0  121          - 8548.05144      -     -    0s
     0     0 8550.18121    0  134          - 8550.18121      -     -    0s
     0     0 8550.24367    0  137          - 8550.24367      -     -    0s
     0     0 8672.39223    0  171          - 8672.39223      -     -    0s
     0     0 8737.67041    0  187          - 8737.67041      -     -    0s
     0     0 8746.85864    0  213          - 8746.85864      -     -    0s
     0     0 8747.10312    0  197          - 8747.10312      -     -    0s
     0     0 8836.33471    0  242          - 8836.33471      -     -    0s
     0     0 8838.71962    0  238          - 8838.71962      -     -    0s
     0     0 8844.51828    0  254          - 8844.51828      -     -    0s
     0     0 8845.53229    0  258          - 8845.53229      -     -    0s
     0     0 8882.51576    0  231          - 8882.51576      -     -    0s
     0     0 8896.97619    0  237          - 8896.97619      -     -    0s
     0     0 8905.04657    0  240          - 8905.04657      -     -    0s
     0     0 8906.63479    0  226          - 8906.63479      -     -    0s
     0     0 8920.93088    0  233          - 8920.93088      -     -    0s
     0     0 8925.09731    0  229          - 8925.09731      -     -    0s
     0     0 8926.41829    0  232          - 8926.41829      -     -    0s
     0     0 8952.09337    0  223          - 8952.09337      -     -    1s
     0     0 8953.95193    0  217          - 8953.95193      -     -    1s
     0     0 8954.49787    0  237          - 8954.49787      -     -    1s
     0     0 8958.91020    0  206          - 8958.91020      -     -    1s
     0     0 8958.91020    0  195          - 8958.91020      -     -    1s
     0     2 8960.72125    0  195          - 8960.72125      -     -    1s
*  294   280              85    12484.820000 9019.74729  27.8%  88.5    4s
   309   278 9159.76496    5  290 12484.8200 9019.74729  27.8%  87.9    5s
H  427   366                    12267.980000 9019.74729  26.5%  90.5    7s
   667   595 11676.9302   61   64 12267.9800 9084.36738  26.0%  79.3   10s
*  685   589              68    12055.540000 9084.36738  24.6%  78.3   10s
*  694   592              68    12051.540000 9093.71659  24.5%  80.2   10s
*  695   592              67    12046.540000 9093.71659  24.5%  80.1   10s
H  732   591                    11962.540000 9093.71659  24.0%  83.4   11s
H  749   572                    10881.590000 9143.56314  16.0%  81.5   13s
   753   575 10563.3333   42  305 10881.5900 9145.43429  16.0%  81.1   15s
H  754   546                    10855.590000 9145.43429  15.8%  81.0   15s
H  755   521                    10848.790000 9145.43429  15.7%  88.0   17s
   758   524 9227.43020   14  236 10848.7900 9174.00041  15.4%  88.9   20s
   880   606 10199.5747   47  100 10848.7900 9185.19072  15.3%  92.3   25s
H  938   607                    10614.790000 9185.19072  13.5%  89.9   26s
  1122   700 9308.02958   17  206 10614.7900 9212.48950  13.2%  96.6   30s
  1335   800 10381.5086   48   77 10614.7900 9239.40451  13.0%   103   35s
  1586   905 9698.91615   19  217 10614.7900 9323.69768  12.2%   107   40s
  1827   983 10262.4052   38  123 10614.7900 9381.17532  11.6%   110   45s
  2007  1087 10349.6407   43   68 10614.7900 9391.07628  11.5%   109   50s
  2247  1191 10276.9285   29  134 10614.7900 9398.68450  11.5%   112   55s
  2474  1299 9678.65899   20  177 10614.7900 9410.79005  11.3%   113   61s
  2705  1513 9935.07036   30  192 10614.7900 9431.37162  11.1%   111   66s
  2876  1632 9652.78323   19  216 10614.7900 9432.59348  11.1%   113   70s
  2919  1670     cutoff   51      10614.7900 9433.86483  11.1%   114   75s
  3133  1804 10245.2132   29  119 10614.7900 9442.09103  11.0%   114   80s
  3302  1932 9874.20311   26  138 10614.7900 9443.95946  11.0%   117   85s
  3512  2078 10273.7157   37  161 10614.7900 9458.94460  10.9%   118   91s
  3601  2168 10503.2831   27  181 10614.7900 9462.44996  10.9%   121   95s
  3819  2314 10111.1221   35   98 10614.7900 9467.82746  10.8%   122  102s
H 3855  2289                    10572.720000 9468.44535  10.4%   122  102s
  3944  2361 9677.38137   20  151 10572.7200 9469.22546  10.4%   123  106s
  4109  2482 9756.08976   25  159 10572.7200 9471.43958  10.4%   124  111s
