




arguments: ./build/bc_mirp -f ./input/orig_exec_220.cfg
Current dir: /scratch/gui/bc_mirp
File verbosity level: 9
date       time         ( uptime  ) [ thread name/id ]                   file:line     v| 
2021-02-14 09:38:35.251 (   2.106s) [main thread     ]             loguru.cpp:789   INFO| Logging to './output/vi_vc+hc1_quarter/OU/V4/Original/execution_14_02_2021_09_38_35.log', mode: 'a', verbosity: 9
--------------------------------------------------------------------------------
Parameters
                           instance_path           ./input/Instances/Original/5/
                            model_policy                                       1
                             nb_vehicles                                       4
                              output_dir./output/vi_vc+hc1_quarter/OU/V4/Original/
                            sec_strategy                                       1
                       solver_nb_threads                                       2
                         solver_show_log                                    true
                       solver_time_limit                                    3600
                              use_vi_cos                                   false
                              use_vi_cus                                   false
                         use_vi_hc1_full                                   false
                         use_vi_hc1_half                                   false
                      use_vi_hc1_quarter                                    true
                              use_vi_hc2                                   false
                              use_vi_hc3                                   false
                         use_vi_lex_full                                   false
                         use_vi_lex_half                                   false
                      use_vi_lex_quarter                                   false
                              use_vi_qua                                   false
                               use_vi_vc                                    true
                               use_vi_vr                                   false
--------------------------------------------------------------------------------
executing instance: ./input/Instances/Original/5/absH3low_4n50.dat
--------------------------------------------------------------------------------
Instance details
n	51
H	3
C	4066
Li:
[0, 0, 0, 0, 0, 0, 0, 0, 0, 0, 0, 0, 0, 0, 0, 0, 0, 0, 0, 0, 0, 0, 0, 0, 0, 0, 0, 0, 0, 0, 0, 0, 0, 0, 0, 0, 0, 0, 0, 0, 0, 0, 0, 0, 0, 0, 0, 0, 0, 0, 0, ]
Ui:
[0, 108, 126, 122, 66, 120, 48, 30, 128, 54, 158, 198, 36, 66, 210, 234, 147, 297, 171, 128, 116, 120, 219, 70, 294, 207, 134, 128, 234, 122, 22, 183, 195, 255, 132, 124, 66, 189, 219, 66, 128, 102, 288, 66, 87, 136, 36, 39, 282, 36, 237, ]
Distance matrix:
|0	210	444	498	509	104	438	228	487	304	456	434	526	476	163	47	293	396	293	290	313	85	280	437	293	336	409	106	449	376	433	478	193	404	404	534	278	181	380	507	189	438	263	473	353	216	202	218	452	254	465	|
|210	0	299	507	359	106	345	409	358	411	320	402	555	448	136	200	289	264	306	427	141	222	83	348	264	320	283	303	380	208	258	357	170	348	475	542	243	347	355	379	65	479	172	373	355	251	112	229	402	210	300	|
|444	299	0	363	65	358	116	542	66	440	26	241	425	272	282	407	251	51	276	490	159	397	224	124	217	237	48	490	170	99	83	74	261	180	430	385	214	479	231	85	270	390	184	116	271	300	409	276	210	215	54	|
|498	507	363	0	385	482	246	424	326	254	343	123	63	93	388	452	221	337	211	314	428	414	480	239	243	187	324	463	194	418	438	307	346	188	156	36	264	392	156	326	444	87	340	258	154	286	603	294	153	297	417	|
|509	359	65	385	0	422	145	602	59	492	59	269	448	292	348	472	305	115	329	545	218	462	281	152	274	286	106	554	192	153	116	78	326	216	472	403	274	540	271	63	334	425	249	127	316	361	468	337	233	278	69	|
|104	106	358	482	422	0	372	309	408	337	374	396	521	441	98	96	262	314	271	342	215	124	177	373	249	302	329	198	394	281	337	402	139	353	419	518	230	250	343	428	90	437	188	405	328	200	134	188	406	199	372	|
|438	345	116	246	145	372	0	485	87	357	97	126	309	155	279	394	180	101	200	414	223	373	288	8	157	150	84	459	53	188	196	68	245	72	328	269	165	427	128	97	297	280	184	36	175	250	456	233	94	184	170	|
|228	409	542	424	602	309	485	0	561	170	544	419	424	446	298	214	305	491	286	115	462	187	457	480	331	339	496	124	470	510	565	545	295	424	279	454	329	66	376	576	363	340	370	520	330	242	429	266	453	328	581	|
|487	358	66	326	59	408	87	561	0	441	40	211	389	233	324	446	258	95	281	497	220	431	287	95	230	234	79	522	133	164	146	19	297	160	415	344	233	500	215	21	323	367	224	68	261	320	470	299	174	242	106	|
|304	411	440	254	492	337	357	170	441	0	434	266	255	286	275	266	189	392	164	63	408	225	428	351	224	207	392	234	330	438	484	424	250	287	112	284	232	149	233	453	349	170	302	389	185	168	471	195	305	248	487	|
|456	320	26	343	59	374	97	544	40	434	0	223	406	252	294	418	247	60	271	487	181	405	247	105	215	229	49	498	149	124	109	48	270	165	419	364	215	482	218	60	288	375	194	92	261	302	431	279	190	220	75	|
|434	402	241	123	269	396	126	419	211	266	223	0	185	46	298	387	140	213	145	328	310	355	366	118	147	97	201	425	78	295	315	191	256	65	211	151	166	371	53	215	343	157	231	145	90	220	505	217	41	198	295	|
|526	555	425	63	448	521	309	424	389	255	406	185	0	156	430	481	266	398	252	310	485	442	534	301	293	237	386	480	257	478	500	370	390	249	145	55	313	401	212	389	491	89	392	321	201	322	646	334	216	345	479	|
|476	448	272	93	292	441	155	446	233	286	252	46	156	0	343	429	183	250	184	348	353	396	411	148	192	140	236	461	102	334	350	214	302	106	214	113	212	402	98	233	389	151	277	165	125	261	551	260	62	244	325	|
|163	136	282	388	348	98	279	298	324	275	294	298	430	343	0	124	167	234	178	296	167	121	162	279	151	205	247	216	297	224	280	316	42	256	340	423	132	232	246	344	74	349	100	314	233	115	216	97	308	101	307	|
|47	200	407	452	472	96	394	214	446	266	418	387	481	429	124	0	246	358	245	259	284	41	261	392	247	289	370	103	403	345	402	436	150	358	361	488	232	158	333	466	165	393	223	430	306	168	217	171	406	210	431	|
|293	289	251	221	305	262	180	305	258	189	247	140	266	183	167	246	0	204	26	240	238	215	276	175	37	43	203	289	169	255	297	242	125	122	202	257	52	248	87	272	225	191	134	215	67	80	382	77	163	81	298	|
|396	264	51	337	115	314	101	491	95	392	60	213	398	250	234	358	204	0	229	442	130	347	196	108	169	194	19	440	152	87	102	93	211	149	390	363	165	428	194	116	228	355	134	117	230	250	376	225	189	164	95	|
|293	306	276	211	329	271	200	286	281	164	271	145	252	184	178	245	26	229	0	216	262	212	297	195	63	53	228	280	184	280	323	264	138	137	178	248	76	232	95	294	241	173	156	234	60	77	395	83	172	102	324	|
|290	427	490	314	545	342	414	115	497	63	487	328	310	348	296	259	240	442	216	0	443	220	456	408	273	264	443	204	390	479	529	480	278	346	165	343	278	115	293	509	369	229	340	447	244	202	473	230	366	288	536	|
|313	141	159	428	218	215	223	462	220	408	181	310	485	353	167	284	238	130	262	443	0	288	67	228	202	252	149	382	267	67	122	221	168	247	440	459	186	396	273	241	125	423	107	245	291	242	251	214	297	162	160	|
|85	222	397	414	462	124	373	187	431	225	405	355	442	396	121	41	215	347	212	220	288	0	273	371	221	258	357	95	378	344	401	420	136	331	321	450	208	126	302	450	177	353	213	409	272	136	253	143	377	190	426	|
|280	83	224	480	281	177	288	457	287	428	247	366	534	411	162	261	276	196	297	456	67	273	0	292	243	298	215	363	329	128	176	288	179	305	475	513	224	392	324	307	96	466	143	311	335	261	187	235	357	195	219	|
|437	348	124	239	152	373	8	480	95	351	105	118	301	148	279	392	175	108	195	408	228	371	292	0	154	144	91	456	46	194	203	76	244	65	320	261	163	423	121	103	299	273	185	40	168	247	459	230	86	183	178	|
|293	264	217	243	274	249	157	331	230	224	215	147	293	192	151	247	37	169	63	273	202	221	243	154	0	57	170	303	157	217	260	215	110	111	238	278	21	271	94	245	201	223	100	193	92	93	362	78	160	54	263	|
|336	320	237	187	286	302	150	339	234	207	229	97	237	140	205	289	43	194	53	264	252	258	298	144	57	0	190	331	131	257	294	216	163	84	197	221	77	285	44	246	258	172	155	183	39	123	418	119	120	110	288	|
|409	283	48	324	106	329	84	496	79	392	49	201	386	236	247	370	203	19	228	443	149	357	215	91	170	190	0	449	136	105	114	75	221	138	384	349	168	434	185	99	245	346	146	98	224	255	394	231	174	171	99	|
|106	303	490	463	554	198	459	124	522	234	498	425	480	461	216	103	289	440	280	204	382	95	363	456	303	331	449	0	458	439	496	510	229	410	344	498	293	89	374	540	267	391	307	495	336	211	308	226	451	280	520	|
|449	380	170	194	192	394	53	470	133	330	149	78	257	102	297	403	169	152	184	390	267	378	329	46	157	131	136	458	0	238	249	114	259	47	287	216	171	416	96	137	327	235	211	67	145	247	488	235	41	197	223	|
|376	208	99	418	153	281	188	510	164	438	124	295	478	334	224	345	255	87	280	479	67	344	128	194	217	257	105	439	238	0	57	169	216	230	453	445	206	445	268	184	191	427	141	202	296	278	315	250	274	191	92	|
|433	258	83	438	116	337	196	565	146	484	109	315	500	350	280	402	297	102	323	529	122	401	176	203	260	294	114	496	249	57	0	157	271	252	490	463	251	499	296	162	247	457	195	199	331	329	362	302	288	241	47	|
|478	357	74	307	78	402	68	545	19	424	48	191	370	214	316	436	242	93	264	480	221	420	288	76	215	216	75	510	114	169	157	0	287	141	396	325	219	485	196	31	319	347	216	49	243	306	469	286	154	230	120	|
|193	170	261	346	326	139	245	295	297	250	270	256	390	302	42	150	125	211	138	278	168	136	179	244	110	163	221	229	259	216	271	287	0	216	305	382	91	229	204	316	105	310	78	280	192	83	257	60	268	62	292	|
|404	348	180	188	216	353	72	424	160	287	165	65	249	106	256	358	122	149	137	346	247	331	305	65	111	84	138	410	47	230	252	141	216	0	255	215	126	369	56	168	292	210	177	102	103	200	454	189	54	155	234	|
|404	475	430	156	472	419	328	279	415	112	419	211	145	214	340	361	202	390	178	165	440	321	475	320	238	197	384	344	287	453	490	396	305	255	0	181	254	261	201	422	410	69	335	353	160	225	551	246	252	280	482	|
|534	542	385	36	403	518	269	454	344	284	364	151	55	113	423	488	257	363	248	343	459	450	513	261	278	221	349	498	216	445	463	325	382	215	181	0	298	425	189	342	479	115	373	276	190	323	638	330	175	332	439	|
|278	243	214	264	274	230	165	329	233	232	215	166	313	212	132	232	52	165	76	278	186	208	224	163	21	77	168	293	171	206	251	219	91	126	254	298	0	267	114	250	181	242	82	202	112	88	341	68	177	33	258	|
|181	347	479	392	540	250	427	66	500	149	482	371	401	402	232	158	248	428	232	115	396	126	392	423	271	285	434	89	416	445	499	485	229	369	261	425	267	0	325	516	298	313	305	463	281	180	375	203	403	264	516	|
|380	355	231	156	271	343	128	376	215	233	218	53	212	98	246	333	87	194	95	293	273	302	324	121	94	44	185	374	96	268	296	196	204	56	201	189	114	325	0	224	294	161	185	157	49	167	455	163	78	147	284	|
|507	379	85	326	63	428	97	576	21	453	60	215	389	233	344	466	272	116	294	509	241	450	307	103	245	246	99	540	137	184	162	31	316	168	422	342	250	516	224	0	344	371	244	70	271	337	490	317	176	261	120	|
|189	65	270	444	334	90	297	363	323	349	288	343	491	389	74	165	225	228	241	369	125	177	96	299	201	258	245	267	327	191	247	319	105	292	410	479	181	298	294	344	0	414	116	328	291	187	163	165	345	147	282	|
|438	479	390	87	425	437	280	340	367	170	375	157	89	151	349	393	191	355	173	229	423	353	466	273	223	172	346	391	235	427	457	347	310	210	69	115	242	313	161	371	414	0	323	301	133	238	565	253	197	273	444	|
|263	172	184	340	249	188	184	370	224	302	194	231	392	277	100	223	134	134	156	340	107	213	143	185	100	155	146	307	211	141	195	216	78	177	335	373	82	305	185	244	116	323	0	217	192	138	278	110	230	55	214	|
|473	373	116	258	127	405	36	520	68	389	92	145	321	165	314	430	215	117	234	447	245	409	311	40	193	183	98	495	67	202	199	49	280	102	353	276	202	463	157	70	328	301	217	0	205	286	485	269	106	220	167	|
|353	355	271	154	316	328	175	330	261	185	261	90	201	125	233	306	67	230	60	244	291	272	335	168	92	39	224	336	145	296	331	243	192	103	160	190	112	281	49	271	291	133	192	205	0	138	449	141	123	145	323	|
|216	251	300	286	361	200	250	242	320	168	302	220	322	261	115	168	80	250	77	202	242	136	261	247	93	123	255	211	247	278	329	306	83	200	225	323	88	180	167	337	187	238	138	286	138	0	328	28	243	88	340	|
|202	112	409	603	468	134	456	429	470	471	431	505	646	551	216	217	382	376	395	473	251	253	187	459	362	418	394	308	488	315	362	469	257	454	551	638	341	375	455	490	163	565	278	485	449	328	0	313	508	308	406	|
|218	229	276	294	337	188	233	266	299	195	279	217	334	260	97	171	77	225	83	230	214	143	235	230	78	119	231	226	235	250	302	286	60	189	246	330	68	203	163	317	165	253	110	269	141	28	313	0	235	61	315	|
|452	402	210	153	233	406	94	453	174	305	190	41	216	62	308	406	163	189	172	366	297	377	357	86	160	120	174	451	41	274	288	154	268	54	252	175	177	403	78	176	345	197	230	106	123	243	508	235	0	207	264	|
|254	210	215	297	278	199	184	328	242	248	220	198	345	244	101	210	81	164	102	288	162	190	195	183	54	110	171	280	197	191	241	230	62	155	280	332	33	264	147	261	147	273	55	220	145	88	308	61	207	0	253	|
|465	300	54	417	69	372	170	581	106	487	75	295	479	325	307	431	298	95	324	536	160	426	219	178	263	288	99	520	223	92	47	120	292	234	482	439	258	516	284	120	282	444	214	167	323	340	406	315	264	253	0	|

--------------------------------------------------------------------------------
Building model...
	using lazy and cut (CVRPSEP package)
Solving IRP LP...
--------------------------------------------------------------------------------

Gurobi 9.1.0 (linux64) logging started Sun Feb 14 09:38:36 2021

Gurobi Optimizer version 9.1.0 build v9.1.0rc0 (linux64)
Thread count: 32 physical cores, 32 logical processors, using up to 2 threads
Optimize a model with 1989 rows, 16716 columns and 38496 nonzeros
Model fingerprint: 0x9d165467
Variable types: 804 continuous, 15912 integer (612 binary)
Coefficient statistics:
  Matrix range     [1e+00, 1e+03]
  Objective range  [1e-02, 6e+02]
  Bounds range     [1e+00, 3e+02]
  RHS range        [1e+00, 7e+03]
Presolve removed 555 rows and 1172 columns
Presolve time: 0.18s
Presolved: 1434 rows, 15544 columns, 33974 nonzeros
Variable types: 489 continuous, 15055 integer (14447 binary)

Root relaxation: objective 3.484096e+03, 1810 iterations, 0.07 seconds

    Nodes    |    Current Node    |     Objective Bounds      |     Work
 Expl Unexpl |  Obj  Depth IntInf | Incumbent    BestBd   Gap | It/Node Time

     0     0 3484.09562    0  168          - 3484.09562      -     -    0s
     0     0 3729.78200    0  162          - 3729.78200      -     -    0s
     0     0 3730.58312    0  162          - 3730.58312      -     -    0s
     0     0 4393.84036    0  250          - 4393.84036      -     -    1s
     0     0 4414.34279    0  241          - 4414.34279      -     -    1s
     0     0 4423.75679    0  231          - 4423.75679      -     -    1s
     0     0 4431.24478    0  239          - 4431.24478      -     -    1s
     0     0 4431.32082    0  252          - 4431.32082      -     -    1s
     0     0 4632.04237    0  310          - 4632.04237      -     -    1s
     0     0 4666.91047    0  332          - 4666.91047      -     -    3s
     0     0 4676.89458    0  325          - 4676.89458      -     -    3s
     0     0 4680.33578    0  340          - 4680.33578      -     -    3s
     0     0 4681.65417    0  382          - 4681.65417      -     -    3s
     0     0 4681.72494    0  356          - 4681.72494      -     -    3s
     0     0 4756.76979    0  457          - 4756.76979      -     -    3s
     0     0 4768.20650    0  447          - 4768.20650      -     -    4s
     0     0 4771.18027    0  428          - 4771.18027      -     -    4s
     0     0 4771.40058    0  419          - 4771.40058      -     -    4s
     0     0 4799.78088    0  369          - 4799.78088      -     -    4s
     0     0 4809.03137    0  507          - 4809.03137      -     -    5s
     0     0 4812.05694    0  471          - 4812.05694      -     -    5s
     0     0 4812.61427    0  531          - 4812.61427      -     -    5s
     0     0 4827.60529    0  488          - 4827.60529      -     -    5s
     0     0 4833.60247    0  443          - 4833.60247      -     -    5s
     0     0 4842.28381    0  445          - 4842.28381      -     -    6s
     0     0 4843.41889    0  503          - 4843.41889      -     -    6s
     0     0 4856.01254    0  455          - 4856.01254      -     -    6s
     0     0 4859.68157    0  487          - 4859.68157      -     -    6s
     0     0 4860.79329    0  470          - 4860.79329      -     -    7s
     0     0 4862.78945    0  458          - 4862.78945      -     -    7s
     0     0 4862.78945    0  455          - 4862.78945      -     -    7s
     0     2 4863.13487    0  434          - 4863.13487      -     -   10s
    21    26 4919.74961    7  429          - 4873.35551      -   582   15s
    78    87 5225.39165   27  229          - 4873.35551      -   411   20s
   216   241 6140.24866  102  121          - 4873.35551      -   239   25s
*  412   398             215    8986.5500000 4873.56776  45.8%   152   29s
   426   399 4929.42925    4  541 8986.55000 4873.56776  45.8%   156   38s
   448   427 5059.47188   12  262 8986.55000 4873.56776  45.8%   164   47s
   498   485 5142.47981   27  135 8986.55000 4873.56776  45.8%   167   50s
   565   550 5446.50806   49  155 8986.55000 4873.56776  45.8%   170   56s
   654   704 5771.76104   94   80 8986.55000 4873.56776  45.8%   163   60s
   971  1023 7852.34779  222   32 8986.55000 4880.97045  45.7%   124   66s
  1104  1030 6115.68993  127  455 8986.55000 4881.14088  45.7%   121   73s
  1106  1031 8305.74500  240  172 8986.55000 4881.14088  45.7%   121   76s
  1107  1032 5428.17210   35  358 8986.55000 4881.14088  45.7%   120   90s
  1117  1039 6844.20018  170  536 8986.55000 4899.08764  45.5%   119   96s
  1122  1042 5502.80267   42  673 8986.55000 4932.16943  45.1%   119  101s
  1127  1045 6794.87594  157  719 8986.55000 4948.19121  44.9%   118  105s
  1135  1051 6102.31858  126  732 8986.55000 4962.30789  44.8%   117  110s
  1140  1054 5078.67744   14  703 8986.55000 4967.82723  44.7%   117  115s
  1145  1057 5415.30048   36  747 8986.55000 4968.66731  44.7%   116  120s
  1150  1061 8135.85000  237  677 8986.55000 4970.55940  44.7%   116  125s
  1155  1064 6132.26091   79  704 8986.55000 4971.05795  44.7%   115  145s
  1161  1069 8362.27329  178  196 8986.55000 4971.06339  44.7%   130  151s
  1162  1070 7345.77000  219  380 8986.55000 4971.06339  44.7%   130  157s
  1166  1073 6946.22152  184  721 8986.55000 4971.06339  44.7%   129  160s
  1173  1077 6448.41165  129  666 8986.55000 4972.89441  44.7%   129  165s
  1178  1081 7514.63600  197  670 8986.55000 4973.13015  44.7%   128  171s
  1180  1082 6330.58789  108  670 8986.55000 4973.13015  44.7%   128  180s
  1181  1086 4974.31311   23  672 8986.55000 4973.86391  44.7%   136  189s
  1183  1087 4975.24843   24  684 8986.55000 4974.96260  44.6%   137  190s
  1197  1096 5076.04390   27  629 8986.55000 4977.87971  44.6%   144  195s
  1211  1107 4993.44472   30  641 8986.55000 4990.32200  44.5%   151  200s
  1219  1111 5053.48544   31  521 8986.55000 4997.25679  44.4%   155  205s
  1235  1122 5070.48451   38  552 8986.55000 4997.25679  44.4%   162  210s
  1257  1139 5046.07196   41  623 8986.55000 4997.25679  44.4%   172  215s
  1279  1155 5071.12923   46  578 8986.55000 4997.25679  44.4%   179  227s
  1291  1161 5083.72074   49  606 8986.55000 4997.25679  44.4%   184  231s
  1302  1171 5111.57232   51  556 8986.55000 4997.25679  44.4%   189  238s
  1316  1179 5098.16275   55  607 8986.55000 4997.25679  44.4%   193  241s
  1326  1189 5103.79775   57  621 8986.55000 4997.25679  44.4%   198  245s
  1351  1203 5118.39878   62  514 8986.55000 4997.25679  44.4%   206  250s
  1369  1221 5155.59433   67  563 8986.55000 4997.25679  44.4%   211  255s
  1401  1245 5226.90593   74  451 8986.55000 4997.25679  44.4%   219  275s
  1418  1244 5230.56859   79  462 8986.55000 4997.25679  44.4%   223  300s
  1435  1271 5244.77131   84  468 8986.55000 4997.25679  44.4%   227  307s
  1453  1285 5464.01481   88  385 8986.55000 4997.25679  44.4%   230  310s
  1473  1298 5307.91422   93  458 8986.55000 4997.25679  44.4%   232  315s
H 1480  1241                    8068.2300000 4997.25679  38.1%   233  315s
  1515  1256 5380.09259  103  506 8068.23000 4997.25679  38.1%   238  322s
  1520  1274 5468.80503  103  459 8068.23000 4997.25679  38.1%   239  325s
  1563  1309 5444.08548  113  518 8068.23000 4997.25679  38.1%   246  331s
  1589  1323 5454.47803  119  495 8068.23000 4997.25679  38.1%   249  335s
  1643  1369 5565.00588  132  441 8068.23000 4997.25679  38.1%   255  342s
  1675  1395 5611.09654  140  389 8068.23000 4997.25679  38.1%   258  346s
  1712  1428 5657.11726  149  368 8068.23000 4997.25679  38.1%   260  356s
  1757  1461 5692.99100  162  326 8068.23000 4997.25679  38.1%   261  360s
  1805  1490 5778.34405  173  299 8068.23000 4997.25679  38.1%   262  365s
  1909  1591 6092.73371  195  250 8068.23000 4997.25679  38.1%   262  374s
  1986  1636 6406.05771  215  241 8068.23000 4997.25679  38.1%   260  380s
  2057  1780 6632.10004  234  191 8068.23000 4997.25679  38.1%   257  386s
  2224  1816 7750.26242  278  106 8068.23000 4997.34543  38.1%   245  398s
  2375  1776 5130.37086   27  661 8068.23000 5003.87963  38.0%   236  403s
  2391  1779 5149.18571   29  645 8068.23000 5003.87963  38.0%   237  406s
  2400  1790 5163.87160   32  624 8068.23000 5003.87963  38.0%   240  410s
  2414  1799 5312.52351   34  505 8068.23000 5003.87963  38.0%   242  420s
  2427  1817 5198.54495   38  534 8068.23000 5003.87963  38.0%   245  425s
  2471  1852 5272.40710   48  463 8068.23000 5003.87963  38.0%   250  440s
  2499  1874 5295.31006   54  485 8068.23000 5003.87963  38.0%   252  445s
  2531  1907 5325.00849   62  411 8068.23000 5003.87963  38.0%   253  450s
  2574  1955 5561.66415   74  327 8068.23000 5003.87963  38.0%   255  456s
  2637  2016 5631.12792   88  328 8068.23000 5003.87963  38.0%   255  463s
  2719  2132 5723.18554   95  303 8068.23000 5003.87963  38.0%   251  469s
  2742  2124 6056.09869  106  233 8068.23000 5003.87963  38.0%   251  470s
  2914  2156 6428.69676  115  234 8068.23000 5003.87963  38.0%   241  494s
  3004  2291 6595.23817  138  172 8068.23000 5003.87963  38.0%   237  501s
  3224  2270 7610.99035  189   95 8068.23000 5014.29302  37.9%   226  509s
  3267  2269 5090.90378   33  429 8068.23000 5014.29302  37.9%   227  515s
  3281  2293 5284.16947   42  374 8068.23000 5014.29302  37.9%   229  528s
  3309  2404 5609.63489   56  166 8068.23000 5014.29302  37.9%   230  536s
  3440  2384 infeasible  172      8068.23000 5021.93906  37.8%   225  543s
  3512  2381 infeasible  188      8068.23000 5022.04752  37.8%   223  549s
  3533  2393 5338.71234   30  341 8068.23000 5022.04752  37.8%   226  555s
  3552  2450 5656.39351   42  188 8068.23000 5025.96104  37.7%   228  572s
  3632  2453 infeasible   97      8068.23000 5026.03846  37.7%   227  580s
  3661  2468 5176.33233   33  758 8068.23000 5026.03846  37.7%   228  586s
  3686  2491 5283.91720   36  743 8068.23000 5026.03846  37.7%   231  593s
  3717  2520 5244.16890   37  684 8068.23000 5026.03846  37.7%   232  601s
  3757  2571 5278.13341   42  535 8068.23000 5026.03846  37.7%   233  609s
  3821  2637 5309.89984   47  557 8068.23000 5026.03846  37.7%   233  636s
  3908  2655 5355.34328   50  522 8068.23000 5026.03846  37.7%   232  669s
  3955  2802 5438.41163   58  432 8068.23000 5026.03846  37.7%   232  680s
  4156  2767 5487.80963   64  387 8068.23000 5026.03846  37.7%   225  689s
  4181  2789 5665.85333   70  398 8068.23000 5026.03846  37.7%   226  696s
  4211  2818 5664.43137   82  322 8068.23000 5026.03846  37.7%   228  704s
  4250  2871 5875.41166   97  251 8068.23000 5026.03846  37.7%   229  721s
  4316  2999 6353.91356  113  162 8068.23000 5026.03846  37.7%   230  731s
  4448  3112 7002.08231  155   78 8068.23000 5030.14308  37.7%   228  743s
  4600  3178 5191.51245   32  635 8068.23000 5030.14308  37.7%   225  755s
  4666  3309 5417.42027   47  374 8068.23000 5030.14308  37.7%   226  768s
  4814  3380 6326.64802   96  117 8068.23000 5034.49682  37.6%   223  780s
  4897  3432 7236.72500  155   22 8068.23000 5034.57621  37.6%   223  791s
  4965  3508 7286.70000  159   32 8068.23000 5034.68641  37.6%   224  808s
  5061  3593 7916.40000  185    - 8068.23000 5043.98642  37.5%   222  821s
  5165  3639 7965.83000  185    - 8068.23000 5046.17051  37.5%   222  835s
  5255  3671 8014.45000  185    6 8068.23000 5046.62932  37.5%   221  852s
  5300  3804 8017.26000  186    - 8068.23000 5049.09549  37.4%   223  866s
  5443  3841 8032.15000  186    - 8068.23000 5050.37497  37.4%   221  880s
  5508  3853 7976.44000  185   12 8068.23000 5053.25625  37.4%   223  920s
  5510  3931 7955.96333  183   14 8068.23000 5053.28691  37.4%   223  934s
  5614  4016 8056.51333  187   14 8068.23000 5053.53561  37.4%   224  950s
  5713  4064 8058.08000  188    - 8068.23000 5054.34622  37.4%   224  965s
  5765  4169 8066.16000  188    - 8068.23000 5054.39469  37.4%   226  991s
  5898  4257 8066.38000  188    - 8068.23000 5056.26322  37.3%   225 1006s
  5988  4424     cutoff  188      8068.23000 5058.69994  37.3%   226 1024s
  6039  4424 5990.26224   74  249 8068.23000 5058.69994  37.3%   226 1025s
  6182  4573 5105.28528   31  586 8068.23000 5060.82516  37.3%   225 1044s
  6209  4573 5485.08984   53  396 8068.23000 5060.82516  37.3%   225 1045s
  6343  4689 5582.35864   58  362 8068.23000 5064.71763  37.2%   223 1063s
  6470  4707 7967.28095  156   12 8068.23000 5064.71763  37.2%   220 1065s
  6498  4754     cutoff  158      8068.23000 5065.66104  37.2%   222 1081s
  6555  4913 5818.94562   49  302 8068.23000 5065.90871  37.2%   224 1101s
  6726  5067     cutoff  151      8068.23000 5065.91940  37.2%   223 1125s
  6915  5160 5615.04647   52  298 8068.23000 5066.06548  37.2%   222 1144s
  7029  5297 5411.38113   35  355 8068.23000 5066.28681  37.2%   222 1174s
  7080  5297 5789.17440   62  172 8068.23000 5066.28681  37.2%   223 1175s
  7160  5577 6069.59459   78   97 8068.23000 5066.38321  37.2%   223 1195s
  7490  5739 5468.44217   36  647 8068.23000 5066.38321  37.2%   219 1221s
  7692  5897 6372.49551   88  338 8068.23000 5069.61388  37.2%   218 1248s
  7874  6095 6119.44639   68  236 8068.23000 5070.47674  37.2%   218 1273s
  8062  6100 5345.95377   43  338 8068.23000 5070.54724  37.2%   217 1275s
  8102  6193 6039.70670   82  206 8068.23000 5070.86108  37.2%   217 1299s
  8223  6198 5434.44188   38  373 8068.23000 5070.93803  37.1%   218 1372s
  8228  6236 5428.00534   38  396 8068.23000 5070.93803  37.1%   218 1416s
  8266  6347 5908.55330   45  423 8068.23000 5070.93803  37.1%   221 1441s
  8281  6347 5928.42720   51  354 8068.23000 5070.93803  37.1%   221 1449s
  8295  6347 5894.23180   54  238 8068.23000 5070.93803  37.1%   221 1450s
  8377  6608 6493.61451   74  185 8068.23000 5070.99792  37.1%   223 1478s
  8476  6608 infeasible  112      8068.23000 5070.99792  37.1%   221 1480s
  8696  6772     cutoff  137      8068.23000 5075.31464  37.1%   220 1510s
  8877  6967     cutoff  142      8068.23000 5075.54165  37.1%   220 1538s
  9025  6967 7229.20803  154   46 8068.23000 5076.25074  37.1%   220 1540s
  9111  7152 6201.15864  108  162 8068.23000 5076.25703  37.1%   219 1565s
  9334  7305 infeasible  184      8068.23000 5077.06220  37.1%   218 1593s
  9506  7305 5457.94322   55  294 8068.23000 5077.52719  37.1%   218 1595s
  9507  7486 5708.69938   70  342 8068.23000 5077.71596  37.1%   218 1622s
  9768  7627 5516.12238   39  543 8068.23000 5078.39301  37.1%   217 1738s
  9896  7846 6577.21727  111  114 8068.23000 5080.26654  37.0%   217 1766s
 10156  7979 infeasible  175      8068.23000 5080.77334  37.0%   217 1794s
 10310  8175 6084.20955   80  201 8068.23000 5081.22100  37.0%   218 1821s
 10537  8419 6690.15376   79  168 8068.23000 5081.31623  37.0%   218 1853s
 10675  8419 6524.22134  106  121 8068.23000 5081.31623  37.0%   217 1855s
 10822  8620 5347.85771   42  599 8068.23000 5082.70543  37.0%   217 1884s
 10870  8620 6367.53882   90  238 8068.23000 5082.70543  37.0%   217 1885s
 11069  8784 5190.55817   41  529 8068.23000 5087.07862  36.9%   216 1911s
 11246  8951 5381.40849   34  469 8068.23000 5087.63519  36.9%   217 1938s
 11385  8951 6439.98748  109  104 8068.23000 5087.63519  36.9%   218 1940s
 11432  9275 5654.79341   55  278 8068.23000 5088.26233  36.9%   218 1970s
 11834  9448     cutoff  163      8068.23000 5089.23874  36.9%   215 2008s
 12013  9667 5968.47520   68  182 8068.23000 5089.29939  36.9%   215 2035s
 12264  9851 7808.91000  142   10 8068.23000 5090.23042  36.9%   214 2071s
 12492 10095 7949.29143  146   29 8068.23000 5093.66922  36.9%   214 2100s
 12773 10115 5407.59306   45  367 8068.23000 5093.76001  36.9%   213 2142s
 12799 10313 5599.20968   62  212 8068.23000 5094.81458  36.9%   213 2168s
 13037 10476 7644.88000  156   18 8068.23000 5095.12054  36.8%   213 2197s
 13237 10583 7874.66000  162    4 8068.23000 5095.96942  36.8%   212 2224s
 13315 10591 6682.42597  101  168 8068.23000 5095.96942  36.8%   213 2225s
 13349 10707 8060.88000  164   20 8068.23000 5097.47599  36.8%   213 2252s
 13513 10804 5705.84717   57  448 8068.23000 5098.94132  36.8%   214 2278s
 13596 11009 5855.46295   68  248 8068.23000 5098.94132  36.8%   215 2307s
 13821 11344 6272.26005   83   63 8068.23000 5099.62948  36.8%   216 2338s
 14045 11369 7520.43500  159    4 8068.23000 5099.62948  36.8%   213 2340s
 14254 11579     cutoff  171      8068.23000 5099.77621  36.8%   213 2366s
 14447 11686 6618.44129  125   96 8068.23000 5099.94075  36.8%   213 2406s
 14570 11963     cutoff  163      8068.23000 5100.14793  36.8%   212 2442s
 14982 12098 5493.49493   40  468 8068.23000 5102.19843  36.8%   209 2469s
 15068 12306 6120.83731   63  207 8068.23000 5102.82117  36.8%   211 2501s
 15342 12469 5244.04312   36  564 8068.23000 5103.35869  36.7%   210 2529s
 15387 12469 5931.59542   81  183 8068.23000 5103.35869  36.7%   210 2530s
 15532 12603 6097.13683   88  199 8068.23000 5105.32930  36.7%   210 2555s
 15676 12790 5508.89318   48  389 8068.23000 5105.33499  36.7%   210 2585s
 15859 13171 5780.92759   78  219 8068.23000 5105.33526  36.7%   211 2618s
 16027 13180 6507.15043  143    9 8068.23000 5105.33526  36.7%   210 2620s
 16390 13305 6894.79647  144   54 8068.23000 5105.53448  36.7%   207 2645s
 16500 13389     cutoff  174      8068.23000 5106.37200  36.7%   208 2675s
 16590 13603 5753.78163   88  119 8068.23000 5106.57403  36.7%   209 2702s
 16744 13608 6119.07620  103  145 8068.23000 5107.07805  36.7%   209 2713s
 16844 13672     cutoff  168      8068.23000 5107.29022  36.7%   208 2737s
 16921 13743     cutoff  167      8068.23000 5108.07916  36.7%   209 2763s
 16942 13743     cutoff  188      8068.23000 5110.39883  36.7%   210 2766s
 17000 14003 5891.62206   67  440 8068.23000 5111.58796  36.6%   210 2795s
 17369 14094 5239.38665   42  677 8068.23000 5111.59787  36.6%   208 2823s
 17459 14231 6266.13195  108   87 8068.23000 5113.18716  36.6%   209 2848s
 17623 14293 7516.76000  160    - 8068.23000 5113.50044  36.6%   209 2874s
 17687 14362 7724.76000  160    - 8068.23000 5115.20579  36.6%   209 2912s
 17779 14496 7973.81000  160    - 8068.23000 5115.60586  36.6%   210 2939s
 17946 14631 5533.69515   50  344 8068.23000 5115.60586  36.6%   211 2965s
 18088 14633 5838.49313   77  247 8068.23000 5115.60586  36.6%   211 3006s
 18090 14915 5835.37321   78  254 8068.23000 5115.60586  36.6%   211 3037s
 18384 15115 6636.88109  148   53 8068.23000 5115.76592  36.6%   210 3069s
 18511 15130 5714.73328   66  196 8068.23000 5115.76592  36.6%   209 3070s
 18639 15178 infeasible  170      8068.23000 5116.74446  36.6%   209 3100s
 18707 15240 6367.47014   73   54 8068.23000 5117.15454  36.6%   210 3124s
 18766 15251 6067.62388   81  269 8068.23000 5117.15454  36.6%   210 3125s
 18802 15327 7676.40000   94    - 8068.23000 5118.33432  36.6%   211 3150s
 18888 15441 7857.58000   94   66 8068.23000 5118.41399  36.6%   212 3181s
 19046 15500 infeasible  100      8068.23000 5118.58203  36.6%   211 3205s
 19105 15656 5598.17283   81  423 8068.23000 5119.19172  36.6%   212 3232s
 19291 15751 7652.47949  167   67 8068.23000 5119.70968  36.5%   212 3259s
 19404 15879 infeasible  190      8068.23000 5121.17419  36.5%   212 3287s
 19541 15948 5352.51075   53  441 8068.23000 5121.32207  36.5%   213 3312s
 19614 16226 5700.19375   74  219 8068.23000 5121.32207  36.5%   214 3344s
 19726 16226 6483.92375  130   63 8068.23000 5121.32207  36.5%   214 3345s
 19938 16485 7369.46373  165   38 8068.23000 5121.67657  36.5%   213 3375s
 20217 16563 7832.06871  172   70 8068.23000 5122.25976  36.5%   212 3400s
 20319 16709 5966.43386   59  481 8068.23000 5122.97976  36.5%   212 3427s
 20498 16777     cutoff  167      8068.23000 5123.82190  36.5%   212 3454s
 20567 16918 5617.49396   57  137 8068.23000 5123.98394  36.5%   213 3480s
 20724 17044 7607.13000  158   48 8068.23000 5124.94043  36.5%   213 3507s
 20894 17160 5390.04855   42  498 8068.23000 5124.96043  36.5%   213 3535s
 20999 17544 5756.90535   66  240 8068.23000 5124.96043  36.5%   214 3568s
 21139 17544 6321.53339  124   90 8068.23000 5124.96043  36.5%   213 3570s
 21435 17980 6376.06616  134   61 8068.23000 5125.28174  36.5%   212 3600s

Cutting planes:
  User: 5649
  Gomory: 15
  Cover: 519
  Implied bound: 200
  Projected implied bound: 3
  Clique: 37
  MIR: 112
  StrongCG: 3
  Flow cover: 318
  GUB cover: 2
  Zero half: 35
  RLT: 362
  Relax-and-lift: 1
  Lazy constraints: 5557

Explored 21947 nodes (4591256 simplex iterations) in 3604.28 seconds
Thread count was 2 (of 32 available processors)

Solution count 2: 8068.23 8986.55 

Time limit reached
Best objective 8.068230000000e+03, best bound 5.125845510575e+03, gap 36.4688%

User-callback calls 428271, time in user-callback 372.12 sec
================================================================================
executing instance: ./input/Instances/Original/5/absH3low_4n25.dat
--------------------------------------------------------------------------------
Instance details
n	26
H	3
C	2029
Li:
[0, 0, 0, 0, 0, 0, 0, 0, 0, 0, 0, 0, 0, 0, 0, 0, 0, 0, 0, 0, 0, 0, 0, 0, 0, 0, ]
Ui:
[0, 34, 165, 76, 88, 188, 58, 279, 52, 132, 198, 142, 135, 165, 186, 58, 201, 196, 40, 183, 32, 90, 168, 126, 93, 146, ]
Distance matrix:
|0	299	188	235	91	202	152	147	162	277	268	132	71	162	220	69	220	289	241	124	265	80	162	132	66	302	|
|299	0	468	431	282	142	317	425	443	569	193	178	359	302	422	231	93	28	511	325	457	242	434	215	240	601	|
|188	468	0	153	265	342	308	43	192	106	455	290	117	206	142	246	379	464	252	274	360	267	211	319	231	184	|
|235	431	153	0	326	289	386	145	321	240	482	269	184	129	15	258	339	436	393	355	477	305	336	354	237	334	|
|91	282	265	326	0	228	66	228	166	339	196	157	154	242	311	99	225	264	229	50	201	47	153	71	115	340	|
|202	142	342	289	228	0	285	301	363	447	255	73	245	161	281	139	53	151	440	278	428	181	360	187	136	495	|
|152	317	308	386	66	285	0	275	167	368	188	217	207	308	371	163	274	295	210	34	145	108	148	104	181	350	|
|147	425	43	145	228	301	275	0	179	146	415	248	76	172	131	203	337	421	248	242	341	227	195	279	188	211	|
|162	443	192	321	166	363	167	179	0	216	352	291	152	302	307	225	375	428	81	138	170	201	22	237	227	183	|
|277	569	106	240	339	447	368	146	216	0	535	391	210	312	232	341	481	562	245	335	381	352	238	402	329	106	|
|268	193	455	482	196	255	188	415	352	535	0	225	339	367	469	224	212	165	398	214	302	188	335	136	245	533	|
|132	178	290	269	157	73	217	248	291	391	225	0	183	145	258	66	91	175	367	207	358	110	287	127	67	431	|
|71	359	117	184	154	245	207	76	152	210	339	183	0	152	169	131	274	352	232	174	294	151	161	203	119	251	|
|162	302	206	129	242	161	308	172	302	312	367	145	152	0	120	153	210	308	383	284	426	208	309	249	132	383	|
|220	422	142	15	311	281	371	131	307	232	469	258	169	120	0	245	330	427	379	340	461	291	321	340	224	324	|
|69	231	246	258	99	139	163	203	225	341	224	66	131	153	245	0	152	222	301	147	299	57	221	97	22	371	|
|220	93	379	339	225	53	274	337	375	481	212	91	274	210	330	152	0	99	448	273	419	180	369	171	157	521	|
|289	28	464	436	264	151	295	421	428	562	165	175	352	308	427	222	99	0	493	305	434	227	418	196	234	590	|
|241	511	252	393	229	440	210	248	81	245	398	367	232	383	379	301	448	493	0	190	147	270	80	298	305	175	|
|124	325	274	355	50	278	34	242	138	335	214	207	174	284	340	147	273	305	190	0	152	97	122	110	162	320	|
|265	457	360	477	201	428	145	341	170	381	302	358	294	426	461	299	419	434	147	152	0	248	150	249	312	322	|
|80	242	267	305	47	181	108	227	201	352	188	110	151	208	291	57	180	227	270	97	248	0	192	52	76	366	|
|162	434	211	336	153	360	148	195	22	238	335	287	161	309	321	221	369	418	80	122	150	192	0	224	225	203	|
|132	215	319	354	71	187	104	279	237	402	136	127	203	249	340	97	171	196	298	110	249	52	224	0	118	409	|
|66	240	231	237	115	136	181	188	227	329	245	67	119	132	224	22	157	234	305	162	312	76	225	118	0	364	|
|302	601	184	334	340	495	350	211	183	106	533	431	251	383	324	371	521	590	175	320	322	366	203	409	364	0	|

--------------------------------------------------------------------------------
Building model...
	using lazy and cut (CVRPSEP package)
Solving IRP LP...
--------------------------------------------------------------------------------

Gurobi 9.1.0 (linux64) logging started Sun Feb 14 10:38:42 2021

Gurobi Optimizer version 9.1.0 build v9.1.0rc0 (linux64)
Thread count: 32 physical cores, 32 logical processors, using up to 2 threads
Optimize a model with 1010 rows, 4616 columns and 11612 nonzeros
Model fingerprint: 0x52ece16e
Variable types: 404 continuous, 4212 integer (312 binary)
Coefficient statistics:
  Matrix range     [1e+00, 5e+02]
  Objective range  [1e-02, 6e+02]
  Bounds range     [1e+00, 3e+02]
  RHS range        [1e+00, 3e+03]
Presolve removed 309 rows and 600 columns
Presolve time: 0.07s
Presolved: 701 rows, 4016 columns, 9402 nonzeros
Variable types: 236 continuous, 3780 integer (3489 binary)

Root relaxation: objective 2.531137e+03, 1025 iterations, 0.02 seconds

    Nodes    |    Current Node    |     Objective Bounds      |     Work
 Expl Unexpl |  Obj  Depth IntInf | Incumbent    BestBd   Gap | It/Node Time

     0     0 2531.13724    0  101          - 2531.13724      -     -    0s
     0     0 2726.56906    0  117          - 2726.56906      -     -    0s
     0     0 2727.47982    0  117          - 2727.47982      -     -    0s
     0     0 3093.68892    0  182          - 3093.68892      -     -    0s
     0     0 3121.44556    0  185          - 3121.44556      -     -    0s
     0     0 3133.26264    0  166          - 3133.26264      -     -    0s
     0     0 3138.20484    0  180          - 3138.20484      -     -    0s
     0     0 3138.47554    0  186          - 3138.47554      -     -    0s
     0     0 3328.17884    0  214          - 3328.17884      -     -    0s
     0     0 3351.33929    0  231          - 3351.33929      -     -    0s
     0     0 3359.50724    0  245          - 3359.50724      -     -    0s
     0     0 3361.43667    0  250          - 3361.43667      -     -    0s
     0     0 3361.46476    0  252          - 3361.46476      -     -    0s
     0     0 3446.27796    0  218          - 3446.27796      -     -    0s
     0     0 3448.94533    0  256          - 3448.94533      -     -    0s
     0     0 3449.98307    0  261          - 3449.98307      -     -    0s
     0     0 3450.00810    0  266          - 3450.00810      -     -    0s
     0     0 3476.57581    0  263          - 3476.57581      -     -    0s
     0     0 3479.70660    0  265          - 3479.70660      -     -    0s
     0     0 3480.44895    0  267          - 3480.44895      -     -    0s
     0     0 3502.63179    0  273          - 3502.63179      -     -    1s
     0     0 3507.99505    0  287          - 3507.99505      -     -    1s
     0     0 3508.56669    0  290          - 3508.56669      -     -    1s
     0     0 3513.93926    0  316          - 3513.93926      -     -    1s
     0     0 3513.93926    0  308          - 3513.93926      -     -    1s
