




arguments: ./build/mirp_solver -f ./input/orig_exec_6.cfg
Current dir: /scratch/gui/bnc_mirp
File verbosity level: 9
date       time         ( uptime  ) [ thread name/id ]                   file:line     v| 
2021-01-08 22:18:09.980 (   0.646s) [main thread     ]             loguru.cpp:789   INFO| Logging to './output/vi_hc2/OU/V2/Original/execution_08_01_2021_22_18_09.log', mode: 'a', verbosity: 9
--------------------------------------------------------------------------------
Parameters
                           instance_path           ./input/Instances/Original/1/
                            model_policy                                       1
                             nb_vehicles                                       2
                              output_dir         ./output/vi_hc2/OU/V2/Original/
                            sec_strategy                                       1
                       solver_nb_threads                                       2
                         solver_show_log                                    true
                       solver_time_limit                                    3600
                              use_vi_cos                                   false
                              use_vi_cus                                   false
                         use_vi_hc1_full                                   false
                         use_vi_hc1_half                                   false
                      use_vi_hc1_quarter                                   false
                              use_vi_hc2                                    true
                              use_vi_hc3                                   false
                         use_vi_lex_full                                   false
                         use_vi_lex_half                                   false
                      use_vi_lex_quarter                                   false
                              use_vi_qua                                   false
                               use_vi_vc                                   false
                               use_vi_vr                                   false
--------------------------------------------------------------------------------
executing instance: ./input/Instances/Original/1/absH3high_1n5.dat
--------------------------------------------------------------------------------
Instance details
n	6
H	3
C	289
Li:
[0, 0, 0, 0, 0, 0, ]
Ui:
[0, 195, 105, 116, 72, 22, ]
Distance matrix:
|0	85	349	17	203	289	|
|85	0	265	102	214	226	|
|349	265	0	366	368	238	|
|17	102	366	0	207	302	|
|203	214	368	207	0	431	|
|289	226	238	302	431	0	|

--------------------------------------------------------------------------------
Building model...
	using lazy and cut (CVRPSEP package)
Solving IRP LP...
--------------------------------------------------------------------------------

Gurobi 9.1.0 (linux64) logging started Fri Jan  8 22:18:10 2021

Gurobi Optimizer version 9.1.0 build v9.1.0rc0 (linux64)
Thread count: 32 physical cores, 32 logical processors, using up to 2 threads
Optimize a model with 144 rows, 180 columns and 627 nonzeros
Model fingerprint: 0x680cffae
Variable types: 54 continuous, 126 integer (36 binary)
Coefficient statistics:
  Matrix range     [1e+00, 2e+02]
  Objective range  [2e-01, 4e+02]
  Bounds range     [1e+00, 2e+02]
  RHS range        [1e+01, 5e+02]
Presolve removed 45 rows and 22 columns
Presolve time: 0.01s
Presolved: 99 rows, 158 columns, 493 nonzeros
Variable types: 32 continuous, 126 integer (96 binary)
Found heuristic solution: objective 2984.6200000
Found heuristic solution: objective 2882.7800000

Root relaxation: objective 1.636437e+03, 89 iterations, 0.00 seconds

    Nodes    |    Current Node    |     Objective Bounds      |     Work
 Expl Unexpl |  Obj  Depth IntInf | Incumbent    BestBd   Gap | It/Node Time

     0     0 1636.43659    0   17 2882.78000 1636.43659  43.2%     -    0s
     0     0 1762.23948    0   19 2882.78000 1762.23948  38.9%     -    0s
H    0     0                    2534.3300000 1762.23948  30.5%     -    0s
H    0     0                    2498.5900000 1762.23948  29.5%     -    0s
     0     0 2026.95226    0   25 2498.59000 2026.95226  18.9%     -    0s
H    0     0                    2488.0300000 2026.95226  18.5%     -    0s
     0     0 2034.99435    0   31 2488.03000 2034.99435  18.2%     -    0s
     0     0 2167.73063    0   46 2488.03000 2167.73063  12.9%     -    0s
H    0     0                    2302.3500000 2167.73063  5.85%     -    0s
     0     0 2167.73929    0   46 2302.35000 2167.73929  5.85%     -    0s
     0     0 2176.51899    0   39 2302.35000 2176.51899  5.47%     -    0s
     0     0 2180.63258    0   42 2302.35000 2180.63258  5.29%     -    0s
     0     0 2182.28226    0   43 2302.35000 2182.28226  5.22%     -    0s
     0     0 2184.06883    0   35 2302.35000 2184.06883  5.14%     -    0s
     0     0 2185.77527    0   52 2302.35000 2185.77527  5.06%     -    0s
     0     0 2186.25985    0   33 2302.35000 2186.25985  5.04%     -    0s
     0     0 2186.25985    0   33 2302.35000 2186.25985  5.04%     -    0s
H    0     0                    2266.6100000 2186.25985  3.54%     -    0s
     0     0 2204.52387    0   19 2266.61000 2204.52387  2.74%     -    0s
     0     0 2204.52387    0   29 2266.61000 2204.52387  2.74%     -    0s
     0     0 2204.52387    0   20 2266.61000 2204.52387  2.74%     -    0s
     0     0 2204.52387    0   30 2266.61000 2204.52387  2.74%     -    0s
     0     0 2204.52387    0   33 2266.61000 2204.52387  2.74%     -    0s
     0     0 2204.52387    0   34 2266.61000 2204.52387  2.74%     -    0s
     0     0 2204.52387    0   20 2266.61000 2204.52387  2.74%     -    0s
     0     0 2204.52387    0   30 2266.61000 2204.52387  2.74%     -    0s
     0     0 2204.52387    0   34 2266.61000 2204.52387  2.74%     -    0s
     0     0 2204.52387    0   36 2266.61000 2204.52387  2.74%     -    0s
     0     0 2204.52387    0   36 2266.61000 2204.52387  2.74%     -    0s
     0     0 2204.52387    0   28 2266.61000 2204.52387  2.74%     -    0s
     0     0 2204.52387    0   24 2266.61000 2204.52387  2.74%     -    0s
     0     0 2216.06030    0   16 2266.61000 2216.06030  2.23%     -    0s
     0     0 2216.06030    0   19 2266.61000 2216.06030  2.23%     -    0s
     0     0 2216.06030    0   20 2266.61000 2216.06030  2.23%     -    0s
     0     0 2216.06030    0   29 2266.61000 2216.06030  2.23%     -    0s
     0     0 2216.06030    0   27 2266.61000 2216.06030  2.23%     -    0s
     0     0 2216.06030    0   27 2266.61000 2216.06030  2.23%     -    0s
     0     0 2216.06030    0   28 2266.61000 2216.06030  2.23%     -    0s
     0     0 2216.06030    0   28 2266.61000 2216.06030  2.23%     -    0s
     0     2 2236.38930    0   28 2266.61000 2236.38930  1.33%     -    0s

Cutting planes:
  Cover: 5
  Implied bound: 1
  MIR: 10
  Flow cover: 9
  RLT: 5
  Relax-and-lift: 2

Explored 5 nodes (874 simplex iterations) in 0.28 seconds
Thread count was 2 (of 32 available processors)

Solution count 7: 2266.61 2302.35 2488.03 ... 2984.62

Optimal solution found (tolerance 1.00e-04)
Best objective 2.266610000000e+03, best bound 2.266610000000e+03, gap 0.0000%

User-callback calls 375, time in user-callback 0.01 sec
================================================================================
executing instance: ./input/Instances/Original/1/absH3high_1n45.dat
--------------------------------------------------------------------------------
Instance details
n	46
H	3
C	3462
Li:
[0, 0, 0, 0, 0, 0, 0, 0, 0, 0, 0, 0, 0, 0, 0, 0, 0, 0, 0, 0, 0, 0, 0, 0, 0, 0, 0, 0, 0, 0, 0, 0, 0, 0, 0, 0, 0, 0, 0, 0, 0, 0, 0, 0, 0, 0, ]
Ui:
[0, 273, 270, 36, 165, 192, 148, 45, 30, 75, 180, 198, 112, 117, 90, 64, 180, 22, 264, 174, 168, 270, 86, 66, 26, 66, 237, 156, 92, 108, 144, 72, 30, 45, 94, 54, 174, 96, 198, 136, 44, 180, 210, 249, 198, 48, ]
Distance matrix:
|0	281	201	160	249	201	93	431	236	139	252	136	116	166	390	110	349	374	303	180	327	464	236	70	44	461	346	439	363	254	312	426	305	206	71	137	169	200	247	260	20	219	256	253	460	278	|
|281	0	448	170	53	142	338	184	121	290	371	390	222	302	111	289	169	434	230	177	238	441	59	212	319	211	86	235	399	306	53	176	99	202	263	157	361	101	370	201	264	344	364	374	469	184	|
|201	448	0	285	430	325	114	556	361	171	191	64	228	174	546	294	453	306	364	289	388	435	393	254	157	585	491	536	318	254	490	554	436	407	266	292	108	388	186	337	207	181	205	190	408	364	|
|160	170	285	0	169	43	182	280	80	120	208	231	58	132	262	230	190	294	151	24	174	345	112	107	183	309	207	280	268	158	219	276	155	235	187	45	192	150	205	107	140	177	202	210	356	119	|
|249	53	430	169	0	152	317	238	145	282	377	369	212	299	157	242	215	452	261	183	273	474	76	181	290	264	140	287	421	320	63	229	145	148	221	142	352	53	374	226	234	346	370	378	498	215	|
|201	142	325	43	152	0	224	237	37	156	230	273	101	164	224	261	148	300	127	38	147	333	83	142	225	266	167	238	270	168	193	233	112	246	221	70	228	148	228	84	180	202	222	232	351	87	|
|93	338	114	182	317	224	0	460	262	92	180	52	124	112	440	199	364	307	292	191	317	415	284	140	57	490	387	452	304	208	377	457	336	297	163	181	84	274	175	256	95	152	188	180	402	280	|
|431	184	556	280	238	237	460	0	199	385	420	508	337	385	108	464	110	429	219	269	206	378	202	365	460	30	98	84	388	340	204	9	126	386	432	294	453	283	421	226	411	404	408	423	422	198	|
|236	121	361	80	145	37	262	199	0	191	255	310	138	197	191	290	114	312	118	72	133	330	69	175	262	229	132	204	279	186	174	195	75	258	251	102	262	153	254	81	216	230	246	257	353	72	|
|139	290	171	120	282	156	92	385	191	0	116	129	71	27	380	246	283	235	201	119	226	329	231	141	129	414	323	367	224	119	336	383	266	308	202	141	72	252	112	169	127	82	118	117	322	195	|
|252	371	191	208	377	230	180	420	255	116	0	187	178	90	443	361	311	127	204	195	224	246	313	257	232	446	382	380	129	81	423	421	320	422	318	242	100	355	5	195	241	34	15	2	225	224	|
|136	390	64	231	369	273	52	508	310	129	187	0	173	141	491	233	409	313	330	239	355	431	335	191	93	538	438	495	316	233	429	505	385	342	203	233	88	325	182	297	143	167	199	187	412	323	|
|116	222	228	58	212	101	124	337	138	71	178	173	0	91	319	206	244	284	187	69	212	357	165	85	130	367	265	333	264	151	267	333	213	244	161	70	140	181	175	145	97	145	177	180	359	165	|
|166	302	174	132	299	164	112	385	197	27	90	141	91	0	388	273	280	208	191	127	215	305	243	167	153	413	329	361	198	96	351	383	270	333	229	159	68	272	86	163	153	56	92	91	296	190	|
|390	111	546	262	157	224	440	108	191	380	443	491	319	388	0	399	164	480	264	261	261	456	156	320	426	125	62	186	442	369	107	99	125	300	374	260	452	210	443	252	372	420	433	446	494	227	|
|110	289	294	230	242	261	199	464	290	246	361	233	206	273	399	0	402	480	382	254	404	562	262	124	143	493	369	490	466	355	302	457	344	135	45	191	279	189	356	337	120	328	364	362	563	348	|
|349	169	453	190	215	148	364	110	114	283	311	409	244	280	164	402	0	324	110	174	101	292	151	289	372	135	109	90	284	230	212	111	70	354	364	216	348	245	312	118	329	295	298	313	330	90	|
|374	434	306	294	452	300	307	429	312	235	127	313	284	208	480	480	324	0	216	274	223	137	380	368	357	448	419	367	40	136	487	432	358	525	436	336	227	443	132	234	361	156	119	127	102	255	|
|303	230	364	151	261	127	292	219	118	201	204	330	187	191	264	382	110	216	0	128	25	213	185	258	314	243	203	176	178	123	282	221	144	372	338	193	256	270	206	45	283	193	191	206	239	46	|
|180	177	289	24	183	38	191	269	72	119	195	239	69	127	261	254	174	274	128	0	151	321	118	130	198	299	204	263	246	139	228	266	147	258	211	68	191	169	193	83	159	166	188	197	333	98	|
|327	238	388	174	273	147	317	206	133	226	224	355	212	215	261	404	101	223	25	151	0	203	198	281	339	228	202	156	184	143	288	209	146	390	362	215	280	286	226	68	308	215	210	226	235	61	|
|464	441	435	345	474	333	415	378	330	329	246	431	357	305	456	562	292	137	213	321	203	0	398	440	458	390	400	301	117	211	492	384	348	578	517	389	344	480	251	251	448	265	233	246	54	259	|
|236	59	393	112	76	83	284	202	69	231	313	335	165	243	156	262	151	380	185	118	198	398	0	167	270	231	110	233	347	250	110	195	85	203	230	103	303	95	311	150	217	284	305	315	422	139	|
|70	212	254	107	181	142	140	365	175	141	257	191	85	167	320	124	289	368	258	130	281	440	167	0	109	394	277	378	349	236	244	359	239	167	81	73	196	135	253	213	53	223	257	258	444	226	|
|44	319	157	183	290	225	57	460	262	129	232	93	130	153	426	143	372	357	314	198	339	458	270	109	0	490	379	462	351	247	353	456	334	250	110	168	140	243	226	274	56	201	238	232	449	294	|
|461	211	585	309	264	266	490	30	229	414	446	538	367	413	125	493	135	448	243	299	228	390	231	394	490	0	125	89	408	365	226	36	156	412	462	324	481	311	447	253	441	430	433	448	436	225	|
|346	86	491	207	140	167	387	98	132	323	382	438	265	329	62	369	109	419	203	204	202	400	110	277	379	125	0	155	381	307	113	90	63	288	339	211	394	186	382	190	327	359	371	384	436	165	|
|439	235	536	280	287	238	452	84	204	367	380	495	333	361	186	490	90	367	176	263	156	301	233	378	462	89	155	0	326	299	267	92	148	432	454	306	429	325	382	199	419	369	366	382	348	172	|
|363	399	318	268	421	270	304	388	279	224	129	316	264	198	442	466	284	40	178	246	184	117	347	349	351	408	381	326	0	113	452	391	321	502	422	311	229	415	134	199	348	152	118	130	98	219	|
|254	306	254	158	320	168	208	340	186	119	81	233	151	96	369	355	230	136	123	139	143	211	250	236	247	365	307	299	113	0	359	340	244	390	310	200	148	308	83	117	238	74	68	83	208	145	|
|312	53	490	219	63	193	377	204	174	336	423	429	267	351	107	302	212	487	282	228	288	492	110	244	353	226	113	267	452	359	0	195	145	194	283	199	407	115	421	254	296	394	415	425	521	237	|
|426	176	554	276	229	233	457	9	195	383	421	505	333	383	99	457	111	432	221	266	209	384	195	359	456	36	90	92	391	340	195	0	122	378	426	289	451	275	421	226	406	404	408	423	427	197	|
|305	99	436	155	145	112	336	126	75	266	320	385	213	270	125	344	70	358	144	147	146	348	85	239	334	156	63	148	321	244	145	122	0	286	310	168	336	177	320	128	285	298	309	322	381	103	|
|206	202	407	235	148	246	297	386	258	308	422	342	244	333	300	135	354	525	372	258	390	578	203	167	250	412	288	432	502	390	194	378	286	0	144	191	362	109	418	329	202	388	421	423	591	329	|
|71	263	266	187	221	221	163	432	251	202	318	203	161	229	374	45	364	436	338	211	362	517	230	81	110	462	339	454	422	310	283	426	310	144	0	150	239	168	313	294	77	285	321	319	518	306	|
|137	157	292	45	142	70	181	294	102	141	242	233	70	159	260	191	216	336	193	68	215	389	103	73	168	324	211	306	311	200	199	289	168	191	150	0	210	113	239	148	117	210	238	244	400	157	|
|169	361	108	192	352	228	84	453	262	72	100	88	140	68	452	279	348	227	256	191	280	344	303	196	140	481	394	429	229	148	407	451	336	362	239	210	0	318	95	231	164	79	111	100	325	258	|
|200	101	388	150	53	148	274	283	153	252	355	325	181	272	210	189	245	443	270	169	286	480	95	135	243	311	186	325	415	308	115	275	177	109	168	113	318	0	352	230	187	323	351	357	498	225	|
|247	370	186	205	374	228	175	421	254	112	5	182	175	86	443	356	312	132	206	193	226	251	311	253	226	447	382	382	134	83	421	421	320	418	313	239	95	352	0	196	237	30	19	6	230	224	|
|260	201	337	107	226	84	256	226	81	169	195	297	145	163	252	337	118	234	45	83	68	251	150	213	274	253	190	199	199	117	254	226	128	329	294	148	231	230	196	0	240	178	184	198	272	29	|
|20	264	207	140	234	180	95	411	216	127	241	143	97	153	372	120	329	361	283	159	308	448	217	53	56	441	327	419	348	238	296	406	285	202	77	117	164	187	237	240	0	208	245	242	446	257	|
|219	344	181	177	346	202	152	404	230	82	34	167	145	56	420	328	295	156	193	166	215	265	284	223	201	430	359	369	152	74	394	404	298	388	285	210	79	323	30	178	208	0	37	35	250	206	|
|256	364	205	202	370	222	188	408	246	118	15	199	177	92	433	364	298	119	191	188	210	233	305	257	238	433	371	366	118	68	415	408	309	421	321	238	111	351	19	184	245	37	0	17	214	212	|
|253	374	190	210	378	232	180	423	257	117	2	187	180	91	446	362	313	127	206	197	226	246	315	258	232	448	384	382	130	83	425	423	322	423	319	244	100	357	6	198	242	35	17	0	225	226	|
|460	469	408	356	498	351	402	422	353	322	225	412	359	296	494	563	330	102	239	333	235	54	422	444	449	436	436	348	98	208	521	427	381	591	518	400	325	498	230	272	446	250	214	225	0	285	|
|278	184	364	119	215	87	280	198	72	195	224	323	165	190	227	348	90	255	46	98	61	259	139	226	294	225	165	172	219	145	237	197	103	329	306	157	258	225	224	29	257	206	212	226	285	0	|

--------------------------------------------------------------------------------
Building model...
	using lazy and cut (CVRPSEP package)
Solving IRP LP...
--------------------------------------------------------------------------------

Gurobi 9.1.0 (linux64) logging started Fri Jan  8 22:18:10 2021

Gurobi Optimizer version 9.1.0 build v9.1.0rc0 (linux64)
Thread count: 32 physical cores, 32 logical processors, using up to 2 threads
Optimize a model with 1144 rows, 6940 columns and 18967 nonzeros
Model fingerprint: 0x008b124e
Variable types: 454 continuous, 6486 integer (276 binary)
Coefficient statistics:
  Matrix range     [1e+00, 2e+03]
  Objective range  [1e-01, 6e+02]
  Bounds range     [1e+00, 3e+02]
  RHS range        [1e+01, 6e+03]
Presolve removed 236 rows and 125 columns
Presolve time: 0.08s
Presolved: 908 rows, 6815 columns, 17559 nonzeros
Variable types: 326 continuous, 6489 integer (6216 binary)

Root relaxation: objective 1.302212e+04, 703 iterations, 0.02 seconds

    Nodes    |    Current Node    |     Objective Bounds      |     Work
 Expl Unexpl |  Obj  Depth IntInf | Incumbent    BestBd   Gap | It/Node Time

     0     0 13022.1222    0  111          - 13022.1222      -     -    0s
     0     0 13319.6953    0  168          - 13319.6953      -     -    0s
     0     0 13322.2803    0  171          - 13322.2803      -     -    0s
     0     0 13322.4286    0  168          - 13322.4286      -     -    0s
     0     0 13849.2789    0  234          - 13849.2789      -     -    0s
     0     0 13890.4795    0  187          - 13890.4795      -     -    0s
     0     0 13907.0345    0  201          - 13907.0345      -     -    0s
     0     0 13907.0489    0  212          - 13907.0489      -     -    1s
     0     0 13988.2265    0  182          - 13988.2265      -     -    1s
     0     0 14064.3643    0  208          - 14064.3643      -     -    1s
     0     0 14157.5401    0  255          - 14157.5401      -     -    1s
     0     0 14164.0691    0  216          - 14164.0691      -     -    1s
     0     0 14171.7808    0  229          - 14171.7808      -     -    1s
     0     0 14171.8572    0  234          - 14171.8572      -     -    1s
     0     0 14224.3391    0  235          - 14224.3391      -     -    2s
     0     0 14257.4374    0  221          - 14257.4374      -     -    2s
     0     0 14286.4765    0  253          - 14286.4765      -     -    2s
     0     0 14287.8826    0  243          - 14287.8826      -     -    2s
     0     0 14296.5115    0  248          - 14296.5115      -     -    2s
     0     0 14299.8991    0  222          - 14299.8991      -     -    3s
     0     0 14302.6598    0  290          - 14302.6598      -     -    3s
     0     0 14303.3808    0  280          - 14303.3808      -     -    3s
     0     0 14306.6836    0  219          - 14306.6836      -     -    3s
     0     0 14308.3419    0  280          - 14308.3419      -     -    3s
     0     0 14308.4138    0  245          - 14308.4138      -     -    4s
     0     0 14310.9089    0  202          - 14310.9089      -     -    4s
     0     2 14310.9089    0  198          - 14310.9089      -     -    5s
   138   151 15258.6400   55   31          - 14320.1933      -   113   10s
   317   357 15946.6857  154   33          - 14320.1933      -  76.8   15s
   509   499 14396.1037    6  245          - 14352.4944      -  58.8   20s
   636   638 14432.3077   10  214          - 14352.4944      -  54.8   25s
   722   687 15119.8217   67  202          - 14352.4944      -  56.1   30s
   740   699 16628.1750  192  367          - 14383.6301      -  54.7   35s
   754   708 14808.4330   17  405          - 14415.3652      -  53.7   40s
   758   714 14418.0323   13  346          - 14416.1747      -  65.1   46s
   776   726 14450.6998   18  256          - 14428.5148      -  69.8   50s
   815   754 14599.0959   28  129          - 14429.0691      -  82.8   55s
   862   790 14672.5349   39  167          - 14429.0691      -  92.2   60s
   912   824 14743.6643   48  186          - 14429.0691      -  99.1   65s
   973   875 14903.3417   57  108          - 14429.0691      -   102   70s
  1044   938 14856.0989   69  105          - 14429.0691      -   103   76s
  1124  1003 14885.3048   82   68          - 14429.0691      -   100   81s
  1214  1056 15014.6079   95   90          - 14429.0691      -  96.9   86s
  1309  1123 15083.6157  105   71          - 14429.0691      -  93.6   92s
  1365  1153 15089.5594  113   51          - 14429.2121      -  91.7   97s
H 1410  1115                    16743.050000 14429.2121  13.8%  91.1   98s
  1444  1117 15519.5700  129   12 16743.0500 14429.2121  13.8%  89.9  100s
  1473  1117 15441.8350  130   10 16743.0500 14429.2121  13.8%  89.0  106s
  1488  1146 15445.5900  130    6 16743.0500 14429.2121  13.8%  88.4  110s
* 1581  1047             165    16328.470000 14429.2121  11.6%  84.4  113s
  1611  1024     cutoff  169      16328.4700 14431.9962  11.6%  83.5  116s
  1640  1021 14542.4857   19  365 16328.4700 14431.9962  11.6%  86.9  121s
  1651  1027 14647.9364   24  296 16328.4700 14431.9962  11.6%  90.0  125s
H 1663   767                    15339.730000 14431.9962  5.92%  92.1  129s
  1665   772 14632.3875   30  306 15339.7300 14431.9962  5.92%  93.9  130s
  1685   788 14791.0934   31  194 15339.7300 14431.9962  5.92%  98.3  136s
  1699   802 14815.1330   39  170 15339.7300 14431.9962  5.92%   100  140s
  1748   840 15082.5570   55   49 15339.7300 14431.9962  5.92%   103  147s
  1766   852 14938.2458   68  143 15339.7300 14431.9962  5.92%   104  150s
  1804   882 15014.6734   84  102 15339.7300 14431.9962  5.92%   105  155s
  1846   919 15062.2634   91   86 15339.7300 14431.9962  5.92%   106  161s
  1878   931 15154.9998   96   91 15339.7300 14431.9962  5.92%   107  165s
  1932   983 15259.3673  105   80 15339.7300 14431.9962  5.92%   106  172s
  1980   984 15303.8304  115  103 15339.7300 14435.8327  5.89%   106  177s
  2010  1028 14682.0940   18  269 15339.7300 14435.8327  5.89%   107  181s
  2080  1018 14719.2157   21  291 15339.7300 14435.8327  5.89%   105  186s
  2117  1014 14694.0306   23  296 15339.7300 14435.8327  5.89%   106  190s
  2125  1024 14752.7977   26  276 15339.7300 14435.8327  5.89%   107  195s
  2149  1052 14718.8150   29  168 15339.7300 14435.8327  5.89%   109  202s
  2174  1067 14830.3607   36  178 15339.7300 14435.8327  5.89%   110  206s
  2243  1086 15126.5495   50   74 15339.7300 14435.8327  5.89%   111  214s
  2278  1103 14831.7084   63   81 15339.7300 14435.8327  5.89%   112  218s
  2315  1116 15083.2418   65   32 15339.7300 14435.8327  5.89%   113  222s
  2336  1174 15046.7791   82   90 15339.7300 14435.8327  5.89%   114  227s
  2407  1172 15279.8885  105   85 15339.7300 14449.1517  5.81%   113  232s
  2452  1180 14719.9753   19  223 15339.7300 14449.1517  5.81%   113  237s
  2486  1190 15118.8120   38   54 15339.7300 14451.1238  5.79%   114  262s
  2521  1196 14592.8507   20  378 15339.7300 14451.1238  5.79%   115  266s
  2539  1219 14628.8741   27  420 15339.7300 14451.1238  5.79%   116  270s
  2586  1229 14761.8849   38  138 15339.7300 14451.1238  5.79%   119  278s
  2603  1258 14785.9217   44  169 15339.7300 14451.1238  5.79%   121  283s
  2632  1312 14839.2945   53  199 15339.7300 14451.1238  5.79%   123  290s
  2693  1323 14946.9285   71  201 15339.7300 14451.1238  5.79%   124  301s
  2704  1400 14934.2006   79   98 15339.7300 14451.1238  5.79%   124  307s
  2781  1517 14989.6930  138  102 15339.7300 14451.1238  5.79%   123  335s
  2912  1551 15219.2708  242   35 15339.7300 14467.3144  5.69%   120  344s
  2962  1600 14594.4508   25  375 15339.7300 14467.3144  5.69%   121  352s
  3041  1625 14843.6997   39  212 15339.7300 14467.3144  5.69%   122  359s
  3087  1674 15181.2034   58  177 15339.7300 14470.7773  5.66%   122  365s
  3145  1742 14644.2814   17  349 15339.7300 14470.7773  5.66%   123  380s
  3233  1784 14829.9804   30  210 15339.7300 14470.7773  5.66%   123  390s
  3275  1826 15215.6535   61   98 15339.7300 14472.3681  5.65%   124  397s
  3326  1872 14690.0734   26  327 15339.7300 14472.3681  5.65%   126  405s
  3384  1910 14997.2359   47  272 15339.7300 14488.2221  5.55%   127  438s
  3432  1943 14624.4619   21  354 15339.7300 14488.2221  5.55%   129  447s
  3465  2020 14879.7821   37  322 15339.7300 14488.2221  5.55%   131  455s
  3553  2088 15283.0979   90  116 15339.7300 14488.5635  5.55%   132  467s
  3631  2164 14765.1994   30  220 15339.7300 14488.5635  5.55%   133  478s
  3704  2164 15108.8936   94  116 15339.7300 14488.5635  5.55%   134  480s
  3721  2236 15186.9668   58  195 15339.7300 14488.7090  5.55%   134  490s
  3856  2288 14663.4148   19  326 15339.7300 14488.7365  5.55%   133  501s
  3905  2338 14835.9474   36  187 15339.7300 14488.7365  5.55%   136  511s
  3959  2403 14919.1860   53   89 15339.7300 14488.7365  5.55%   138  521s
  4022  2586 14989.7247   71  135 15339.7300 14488.7365  5.55%   139  545s
  4249  2614 15259.8507  193   48 15339.7300 14491.7217  5.53%   136  559s
  4273  2614     cutoff   91      15339.7300 14494.2632  5.51%   137  560s
  4292  2711 14944.5359   35  126 15339.7300 14498.7112  5.48%   138  571s
  4428  2771 14639.5249   21  299 15339.7300 14498.7180  5.48%   138  590s
  4496  2835 15128.7357   50  140 15339.7300 14508.4724  5.42%   140  603s
  4579  2961 14793.7057   40  286 15339.7300 14508.5666  5.42%   141  619s
  4609  2961 15024.8833   70   31 15339.7300 14508.5666  5.42%   142  620s
  4781  3047 15326.8700  100    - 15339.7300 14513.7240  5.38%   139  655s
  4861  3175 14888.6854   38   24 15339.7300 14513.7240  5.38%   140  672s
  4992  3282 14921.5268   94   32 15339.7300 14516.4715  5.37%   139  690s
  5014  3283 14950.3113  114    7 15339.7300 14516.4715  5.37%   139  699s
  5038  3283 14979.4935  133   12 15339.7300 14516.4715  5.37%   138  700s
H 5143  3201                    15294.030000 14516.6107  5.08%   139  715s
H 5144  1457                    14960.010000 14516.9006  2.96%   139  715s
  5202  1482 14722.5686   22  305 14960.0100 14519.8855  2.94%   139  732s
  5305  1534 14776.7275   33  185 14960.0100 14523.9816  2.91%   141  749s
  5401  1570     cutoff   35      14960.0100 14524.4840  2.91%   144  771s
  5426  1570 14919.6365   32  109 14960.0100 14524.4840  2.91%   145  780s
  5493  1632 14743.5449   25  295 14960.0100 14525.4119  2.91%   147  799s
  5525  1632 14755.7161   33  274 14960.0100 14525.4119  2.91%   147  800s
  5612  1761 14927.9532   45  228 14960.0100 14529.4324  2.88%   148  836s
  5766  1854 14594.1162   23  322 14960.0100 14533.9101  2.85%   149  856s
  5885  1902 14719.8273   29  331 14960.0100 14537.9241  2.82%   151  877s
  5976  2009 14756.0612   38  134 14960.0100 14538.6301  2.82%   152  898s
  6107  2087     cutoff   52      14960.0100 14541.5188  2.80%   153  922s
  6205  2124 14907.1460   53  203 14960.0100 14543.2282  2.79%   156  943s
  6289  2198 14787.0149   30  320 14960.0100 14544.7874  2.78%   159  963s
  6399  2263 14660.5211   24  406 14960.0100 14547.9527  2.75%   161  985s
  6484  2327 14824.2587   30  202 14960.0100 14549.5368  2.74%   163 1006s
  6589  2398 14723.2658   33  354 14960.0100 14553.8374  2.72%   165 1028s
  6681  2476 14811.9220   28  155 14960.0100 14554.7453  2.71%   166 1050s
  6808  2551     cutoff   29      14960.0100 14555.7779  2.70%   168 1073s
  6857  2552 14788.8867   44  200 14960.0100 14556.4809  2.70%   169 1075s
  6937  2635     cutoff   38      14960.0100 14558.0261  2.69%   170 1098s
  7051  2695 14773.5304   29  262 14960.0100 14559.2589  2.68%   172 1122s
  7160  2819     cutoff   43      14960.0100 14562.3471  2.66%   174 1144s
  7189  2819 14913.5904   46   98 14960.0100 14562.3471  2.66%   174 1145s
  7323  2894 14849.4259   94   46 14960.0100 14564.4643  2.64%   174 1188s
  7392  2894 14828.4823   34  176 14960.0100 14564.4643  2.64%   175 1190s
  7451  3047 14779.7754   33   86 14960.0100 14567.5405  2.62%   176 1217s
  7552  3047 14892.7039   69  144 14960.0100 14567.5405  2.62%   176 1220s
  7670  3129 14820.5104   39  180 14960.0100 14568.7084  2.62%   176 1250s
  7783  3234 14699.4310   29  399 14960.0100 14569.8293  2.61%   178 1349s
  7827  3234 14777.0928   45  177 14960.0100 14569.8293  2.61%   179 1351s
  7928  3354 14814.2956   53  139 14960.0100 14572.0273  2.59%   180 1414s
  7952  3354 14891.0462   69  146 14960.0100 14572.0273  2.59%   180 1416s
  8088  3473 14680.0296   22  262 14960.0100 14572.7459  2.59%   181 1448s
  8186  3473 14800.0816   71   38 14960.0100 14572.7459  2.59%   181 1450s
  8352  3572 14748.8265   26  197 14960.0100 14573.5281  2.58%   181 1479s
  8401  3572 14928.1460   47   11 14960.0100 14574.6924  2.58%   182 1481s
  8504  3672 14818.8764   33  255 14960.0100 14575.3703  2.57%   183 1511s
  8656  3722     cutoff   34      14960.0100 14578.5573  2.55%   184 1538s
  8758  3765 14910.2347   32  265 14960.0100 14580.2294  2.54%   187 1581s
  8877  3821 14754.1868   25  209 14960.0100 14580.8895  2.53%   188 1617s
  9028  3905 14930.8979   33  235 14960.0100 14582.0240  2.53%   191 1648s
  9104  3905 14920.6165   50   41 14960.0100 14582.0240  2.53%   191 1650s
  9213  4009 14764.3983   29  267 14960.0100 14583.6120  2.52%   191 1690s
  9365  4088 14738.7381   28  305 14960.0100 14585.0624  2.51%   193 1720s
  9514  4213 14709.1814   27  152 14960.0100 14586.2774  2.50%   195 1751s
  9695  4308     cutoff   59      14960.0100 14590.1443  2.47%   196 1785s
  9856  4397 14781.3641   26  142 14960.0100 14592.6169  2.46%   197 1818s
  9940  4397 14914.2277   37  137 14960.0100 14592.6169  2.46%   198 1820s
 10062  4492 14677.8214   26  329 14960.0100 14594.1003  2.45%   198 1851s
 10219  4592 14819.5595   35  182 14960.0100 14594.5985  2.44%   200 1887s
 10330  4592 14740.7641   26  287 14960.0100 14595.4798  2.44%   201 1890s
 10394  4676 14804.5938   30  285 14960.0100 14596.8869  2.43%   201 1921s
 10550  4771 14708.7995   33  352 14960.0100 14597.9395  2.42%   203 1952s
 10709  4888 14740.8700   27  157 14960.0100 14599.1171  2.41%   204 1985s
 10887  4888 infeasible   43      14960.0100 14599.8290  2.41%   205 1990s
 10922  5045 14750.4004   37  293 14960.0100 14599.8512  2.41%   205 2025s
 11100  5045 14919.6887   57  111 14960.0100 14600.6112  2.40%   205 2030s
 11129  5138 14783.4389   41  263 14960.0100 14600.7396  2.40%   206 2064s
 11173  5138 14867.7580   34  161 14960.0100 14600.7396  2.40%   206 2065s
 11304  5209     cutoff   50      14960.0100 14603.2963  2.38%   207 2098s
 11384  5209 14808.1925   36  299 14960.0100 14603.7723  2.38%   207 2101s
 11456  5300     cutoff   34      14960.0100 14603.8319  2.38%   208 2132s
 11658  5414 14724.4953   33  224 14960.0100 14606.3729  2.36%   209 2166s
 11815  5534 14874.0461   55  164 14960.0100 14606.6647  2.36%   210 2198s
 11918  5534 14946.6768   53  158 14960.0100 14606.6647  2.36%   210 2200s
 12020  5628 14721.7909   36  285 14960.0100 14608.4934  2.35%   211 2245s
 12232  5717 14947.5797   42  279 14960.0100 14609.3261  2.34%   211 2279s
 12264  5717 14886.3481   57  197 14960.0100 14609.3261  2.34%   211 2280s
 12399  5782 14869.5334   42  236 14960.0100 14610.1758  2.34%   212 2313s
 12540  5881 14747.8296   31  224 14960.0100 14611.9962  2.33%   214 2358s
 12573  5881 14765.2912   41  200 14960.0100 14611.9962  2.33%   214 2360s
 12700  5940 14682.9702   24  351 14960.0100 14612.3892  2.32%   215 2395s
 12837  6052 14904.7626   27  221 14960.0100 14612.5394  2.32%   217 2432s
 13025  6192 14823.2949   46  117 14960.0100 14612.9403  2.32%   218 2479s
 13048  6192 14905.5649   64  161 14960.0100 14612.9403  2.32%   218 2481s
 13204  6192 14937.4659   49  153 14960.0100 14613.8298  2.31%   218 2485s
 13241  6321 14921.2717   47  122 14960.0100 14614.2296  2.31%   218 2530s
 13420  6321 14845.9336   35  111 14960.0100 14615.0877  2.31%   219 2535s
 13436  6409     cutoff   34      14960.0100 14615.2534  2.30%   219 2568s
 13486  6409 14928.8455   40   42 14960.0100 14615.2534  2.30%   219 2573s
 13577  6409 14930.3550   51  117 14960.0100 14616.6413  2.30%   218 2575s
 13656  6514 14758.7531   30  162 14960.0100 14616.8022  2.29%   219 2604s
 13682  6514 14937.1438   42   70 14960.0100 14616.8022  2.29%   219 2605s
 13852  6628 14829.5048   32  197 14960.0100 14617.6943  2.29%   220 2647s
 14028  6726 14700.8036   33  252 14960.0100 14618.1663  2.29%   221 2692s
 14217  6817 14669.9051   35  358 14960.0100 14619.1134  2.28%   221 2729s
 14257  6817 14868.8498   40  102 14960.0100 14619.1134  2.28%   221 2731s
 14418  6932 14859.8065   25  144 14960.0100 14621.6355  2.26%   220 2763s
 14505  6932 14915.2948   54  156 14960.0100 14621.6355  2.26%   220 2765s
 14602  7054 14739.5469   29  340 14960.0100 14622.5471  2.26%   221 2804s
 14658  7054 14715.4853   25  248 14960.0100 14622.5471  2.26%   221 2805s
 14774  7114 14780.8476   36  262 14960.0100 14623.4583  2.25%   222 2838s
 14849  7114 14921.9766   28  181 14960.0100 14624.6521  2.24%   222 2840s
 14951  7220 14823.8380   42  191 14960.0100 14624.8470  2.24%   223 2875s
 15153  7307 14776.3124   25  233 14960.0100 14625.9942  2.23%   223 2923s
 15207  7307 14934.8170   50   76 14960.0100 14625.9942  2.23%   223 2925s
 15356  7378 14824.9347   36  287 14960.0100 14627.0960  2.23%   224 2960s
 15533  7482 14851.7905   38  317 14960.0100 14629.0735  2.21%   225 3000s
 15712  7584     cutoff   41      14960.0100 14629.9935  2.21%   225 3034s
 15789  7584 14923.2391   50  122 14960.0100 14629.9935  2.21%   226 3045s
 15885  7737 14748.3802   27  340 14960.0100 14630.4141  2.20%   226 3080s
 16047  7737 14955.2592   91   77 14960.0100 14631.1444  2.20%   226 3085s
 16086  7798 14941.6842   35   37 14960.0100 14631.4969  2.20%   227 3115s
 16237  7936 14693.4229   28  291 14960.0100 14632.5884  2.19%   228 3200s
 16416  7936 14830.6040   40  233 14960.0100 14633.4042  2.18%   228 3205s
 16469  8088 14857.4018   23  311 14960.0100 14633.6365  2.18%   228 3260s
 16590  8088 14656.8499   26  350 14960.0100 14633.6365  2.18%   228 3265s
 16688  8132 14765.8355   33  194 14960.0100 14633.9035  2.18%   228 3418s
 16721  8132 14764.5981   30  303 14960.0100 14633.9035  2.18%   228 3420s
 16754  8225 14936.9939   63  160 14960.0100 14634.1625  2.18%   229 3454s
 16803  8225 14803.1013   39  183 14960.0100 14634.1625  2.18%   229 3455s
 16948  8326 14754.9412   30  281 14960.0100 14634.7563  2.17%   230 3492s
 17052  8326 14751.6966   29  211 14960.0100 14634.7563  2.17%   230 3495s
 17166  8410 14924.0422   42  176 14960.0100 14635.6095  2.17%   230 3530s
 17392  8529 14741.6694   39  277 14960.0100 14636.8033  2.16%   230 3638s
 17440  8529 14812.1534   29  142 14960.0100 14636.8033  2.16%   231 3643s

Cutting planes:
  User: 1964
  Gomory: 42
  Cover: 262
  Implied bound: 56
  Clique: 13
  MIR: 119
  StrongCG: 2
  Flow cover: 344
  Zero half: 73
  RLT: 205
  Relax-and-lift: 5
  Lazy constraints: 1623

Explored 17593 nodes (4070885 simplex iterations) in 3646.79 seconds
Thread count was 2 (of 32 available processors)

Solution count 5: 14960 15294 15339.7 ... 16743.1

Time limit reached
Best objective 1.496001000000e+04, best bound 1.463753771637e+04, gap 2.1556%

User-callback calls 279615, time in user-callback 661.98 sec
================================================================================
executing instance: ./input/Instances/Original/1/absH3high_2n45.dat
--------------------------------------------------------------------------------
Instance details
n	46
H	3
C	3171
Li:
[0, 0, 0, 0, 0, 0, 0, 0, 0, 0, 0, 0, 0, 0, 0, 0, 0, 0, 0, 0, 0, 0, 0, 0, 0, 0, 0, 0, 0, 0, 0, 0, 0, 0, 0, 0, 0, 0, 0, 0, 0, 0, 0, 0, 0, 0, ]
Ui:
[0, 246, 160, 78, 20, 87, 144, 40, 20, 82, 60, 96, 24, 136, 160, 108, 160, 26, 228, 51, 24, 240, 231, 70, 32, 105, 174, 114, 246, 126, 132, 76, 22, 42, 255, 132, 148, 162, 66, 111, 102, 240, 123, 201, 297, 78, ]
Distance matrix:
|0	148	402	550	329	420	187	318	366	280	504	273	233	333	112	344	379	481	113	593	159	523	261	424	90	359	163	461	413	240	105	299	265	89	371	462	339	273	495	22	41	439	369	506	563	468	|
|148	0	284	517	394	284	136	369	244	311	496	166	329	355	223	202	338	388	204	565	254	506	118	346	71	423	173	471	336	118	105	352	198	105	248	428	302	305	487	153	179	441	230	497	517	370	|
|402	284	0	350	448	80	228	406	42	343	382	129	456	350	412	126	219	131	382	395	410	371	180	137	314	466	289	400	137	167	389	401	169	316	39	280	217	342	373	394	414	362	108	380	324	106	|
|550	517	350	0	339	429	385	308	374	295	93	375	431	249	481	461	180	239	458	48	445	57	474	214	496	333	387	160	216	424	601	321	320	471	376	90	217	301	93	530	534	146	452	88	52	262	|
|329	394	448	339	0	513	282	42	438	105	255	363	115	108	221	484	259	431	217	365	172	289	436	362	333	30	224	189	353	380	423	47	291	296	443	285	240	107	251	307	294	193	495	260	378	437	|
|420	284	80	429	513	0	267	473	76	408	462	163	509	421	449	86	298	201	421	474	455	451	167	217	330	533	333	478	217	181	386	466	225	341	70	360	291	406	453	416	438	440	59	460	400	176	|
|187	136	228	385	282	267	0	249	199	186	360	104	248	224	184	214	207	294	155	432	189	371	155	237	113	308	68	336	227	101	216	236	78	98	205	296	168	181	350	174	190	305	231	360	390	283	|
|318	369	406	308	42	473	249	0	397	66	229	325	128	67	216	447	218	389	206	337	168	260	402	320	311	61	196	167	311	345	406	19	252	275	403	248	198	70	223	296	286	164	457	233	344	395	|
|366	244	42	374	438	76	199	397	0	332	397	96	436	346	383	90	228	168	354	420	385	389	139	161	277	458	263	408	158	128	349	391	150	282	6	298	218	331	388	359	380	370	78	395	352	144	|
|280	311	343	295	105	408	186	66	332	0	231	259	142	53	191	380	171	337	173	332	150	257	337	267	258	127	139	182	258	280	359	58	186	223	338	222	143	6	224	258	254	164	390	234	323	340	|
|504	496	382	93	255	462	360	229	397	231	0	375	356	180	422	478	173	293	403	110	381	36	474	248	463	245	345	68	246	419	568	244	308	433	400	104	200	237	9	482	482	67	474	5	142	312	|
|273	166	129	375	363	163	104	325	96	259	375	0	347	283	288	121	202	221	259	423	292	376	99	183	186	386	170	370	175	52	269	315	76	187	102	288	177	256	365	265	285	333	133	374	365	204	|
|233	329	456	431	115	509	248	128	436	142	356	347	0	181	121	462	311	472	128	463	76	386	398	403	260	141	180	294	392	349	334	111	287	224	442	362	280	139	350	212	194	289	479	360	463	472	|
|333	355	350	249	108	421	224	67	346	53	180	283	181	0	244	403	152	324	226	283	201	207	369	256	307	118	186	129	247	311	409	74	208	273	351	183	136	59	173	311	307	113	410	183	282	331	|
|112	223	412	481	221	449	184	216	383	191	422	288	121	244	0	387	327	461	30	521	49	447	313	396	152	250	125	371	385	273	214	196	249	121	389	400	288	185	415	91	74	355	408	425	503	454	|
|344	202	126	461	484	86	214	447	90	380	478	121	462	403	387	0	305	256	360	508	400	473	84	250	255	507	282	482	246	115	302	437	196	271	90	382	288	377	469	343	367	444	28	476	441	232	|
|379	338	219	180	259	298	207	218	228	171	173	202	311	152	327	305	0	172	301	227	300	174	302	105	318	270	217	180	97	249	423	221	141	296	232	90	40	173	164	361	368	142	303	172	184	180	|
|481	388	131	239	431	201	294	389	168	337	293	221	472	324	461	256	172	0	432	280	446	273	300	70	400	442	337	330	80	271	490	391	217	391	167	191	194	339	286	468	483	294	239	289	203	26	|
|113	204	382	458	217	421	155	206	354	173	403	259	128	226	30	360	301	432	0	499	52	426	287	367	133	246	95	355	356	246	208	187	219	100	360	376	261	167	395	90	81	337	381	406	478	425	|
|593	565	395	48	365	474	432	337	420	332	110	423	463	283	521	508	227	280	499	0	482	77	521	260	542	356	431	178	262	472	647	352	368	516	422	137	264	338	114	573	576	174	499	106	78	304	|
|159	254	410	445	172	455	189	168	385	150	381	292	76	201	49	400	300	446	52	482	0	407	331	378	184	201	122	327	367	286	258	149	242	150	391	367	263	144	374	137	122	314	419	384	470	441	|
