




arguments: ./build/mirp_solver -f ./input/orig_exec_45.cfg
Current dir: /scratch/gui/bnc_mirp
File verbosity level: 9
date       time         ( uptime  ) [ thread name/id ]                   file:line     v| 
2021-01-09 03:42:16.354 (   0.228s) [main thread     ]             loguru.cpp:789   INFO| Logging to './output/vi_hc2/OU/V2/Original/execution_09_01_2021_03_42_16.log', mode: 'a', verbosity: 9
--------------------------------------------------------------------------------
Parameters
                           instance_path           ./input/Instances/Original/2/
                            model_policy                                       1
                             nb_vehicles                                       2
                              output_dir         ./output/vi_hc2/OU/V2/Original/
                            sec_strategy                                       1
                       solver_nb_threads                                       2
                         solver_show_log                                    true
                       solver_time_limit                                    3600
                              use_vi_cos                                   false
                              use_vi_cus                                   false
                         use_vi_hc1_full                                   false
                         use_vi_hc1_half                                   false
                      use_vi_hc1_quarter                                   false
                              use_vi_hc2                                    true
                              use_vi_hc3                                   false
                         use_vi_lex_full                                   false
                         use_vi_lex_half                                   false
                      use_vi_lex_quarter                                   false
                              use_vi_qua                                   false
                               use_vi_vc                                   false
                               use_vi_vr                                   false
--------------------------------------------------------------------------------
executing instance: ./input/Instances/Original/2/absH3high_3n40.dat
--------------------------------------------------------------------------------
Instance details
n	41
H	3
C	3283
Li:
[0, 0, 0, 0, 0, 0, 0, 0, 0, 0, 0, 0, 0, 0, 0, 0, 0, 0, 0, 0, 0, 0, 0, 0, 0, 0, 0, 0, 0, 0, 0, 0, 0, 0, 0, 0, 0, 0, 0, 0, 0, ]
Ui:
[0, 63, 111, 99, 96, 111, 282, 122, 156, 261, 42, 192, 126, 42, 162, 207, 159, 122, 102, 190, 118, 102, 132, 102, 165, 252, 66, 52, 22, 114, 210, 176, 116, 294, 78, 152, 210, 45, 130, 198, 174, ]
Distance matrix:
|0	208	225	252	227	143	258	127	267	150	28	83	163	286	57	149	201	137	214	255	70	73	107	186	328	266	249	343	222	177	293	144	262	215	167	120	169	218	143	173	255	|
|208	0	397	355	416	198	216	99	211	275	193	172	97	166	240	225	362	109	277	314	182	216	273	374	298	208	319	161	14	103	93	120	58	196	152	156	372	227	260	218	453	|
|225	397	0	427	53	364	482	343	492	129	253	225	382	386	171	188	39	291	187	195	295	182	282	55	326	491	180	551	408	315	457	366	455	275	392	244	221	439	341	214	101	|
|252	355	427	0	401	158	201	263	219	396	234	328	259	498	299	400	420	354	465	506	205	324	152	374	574	219	499	393	366	389	446	235	378	456	205	359	224	150	111	423	400	|
|227	416	53	401	0	357	477	352	489	165	253	245	389	424	179	223	85	315	234	245	293	200	264	42	375	488	231	565	428	344	484	370	474	314	392	270	184	430	325	252	50	|
|143	198	364	158	357	0	121	105	134	290	116	196	103	342	200	276	343	205	343	385	74	210	112	319	432	133	382	265	209	237	290	78	226	313	57	220	232	75	69	292	375	|
|258	216	482	201	477	121	0	168	18	397	230	293	135	381	314	372	459	275	437	480	188	317	228	439	501	18	479	197	222	296	290	132	212	386	95	306	347	58	173	381	496	|
|127	99	343	263	352	105	168	0	171	239	105	130	40	237	173	206	313	109	270	312	84	164	175	310	337	169	313	216	112	135	192	37	142	220	77	138	280	155	162	213	382	|
|267	211	492	219	489	134	18	171	0	404	240	298	136	376	323	376	468	276	441	483	198	324	243	450	500	2	483	181	215	294	281	136	202	386	102	309	363	75	189	384	509	|
|150	275	129	396	165	290	397	239	404	0	175	110	279	259	97	59	91	166	84	116	217	80	245	130	226	402	106	434	286	187	329	269	333	149	302	119	244	364	291	87	213	|
|28	193	253	234	253	116	230	105	240	175	0	94	139	286	84	167	229	136	234	275	43	96	98	212	341	238	271	320	206	175	281	118	244	225	140	128	180	191	124	189	280	|
|83	172	225	328	245	196	293	130	298	110	94	0	169	209	77	80	191	71	147	189	127	45	189	203	247	296	187	327	184	106	241	162	230	132	198	38	242	266	217	96	285	|
|163	97	382	259	389	103	135	40	136	279	139	169	0	253	212	244	353	141	307	349	110	203	194	347	366	133	350	183	107	161	187	27	124	251	56	175	306	133	169	249	418	|
|286	166	386	498	424	342	381	237	376	259	286	209	253	0	284	201	347	151	210	230	299	247	383	387	155	374	242	290	162	112	129	270	192	113	308	172	451	386	391	172	471	|
|57	240	171	299	179	200	314	173	323	97	84	77	212	284	0	112	145	147	170	208	127	38	148	137	299	321	201	386	253	183	315	195	297	195	222	112	171	275	195	142	214	|
|149	225	188	400	223	276	372	206	376	59	167	80	244	201	112	0	149	117	67	110	205	78	254	186	187	374	108	387	235	132	272	240	283	93	277	71	279	346	291	32	270	|
|201	362	39	420	85	343	459	313	468	91	229	191	353	347	145	149	0	254	149	160	272	150	271	66	290	466	146	518	373	278	419	339	420	235	367	207	227	418	327	175	135	|
|137	109	291	354	315	205	275	109	276	166	136	71	141	151	147	117	254	0	172	212	151	116	232	273	229	274	215	270	119	39	170	145	167	111	186	47	305	263	245	113	356	|
|214	277	187	465	234	343	437	270	441	84	234	147	307	210	170	67	149	172	0	42	272	141	317	205	144	439	43	437	284	175	307	305	331	99	343	132	327	413	357	60	283	|
|255	314	195	506	245	385	480	312	483	116	275	189	349	230	208	110	160	212	42	0	314	182	356	222	132	481	15	474	321	212	337	347	367	126	385	174	358	455	398	100	295	|
|70	182	295	205	293	74	188	84	198	217	43	127	110	299	127	205	272	151	272	314	0	137	91	253	370	196	310	292	195	188	274	85	226	252	99	155	197	148	94	223	316	|
|73	216	182	324	200	210	317	164	324	80	96	45	203	247	38	78	150	116	141	182	137	0	176	158	263	323	176	369	229	150	286	191	274	157	223	77	208	284	216	106	239	|
|107	273	282	152	264	112	228	175	243	245	98	189	194	383	148	254	271	232	317	356	91	176	0	231	435	242	349	371	286	271	365	167	315	321	164	224	120	174	61	280	274	|
|186	374	55	374	42	319	439	310	450	130	212	203	347	387	137	186	66	273	205	222	253	158	231	0	348	448	208	523	386	303	442	329	431	279	352	229	167	392	291	217	85	|
|328	298	326	574	375	432	501	337	500	226	341	247	366	155	299	187	290	229	144	132	370	263	435	348	0	498	147	441	299	206	283	374	338	119	414	215	465	492	463	157	425	|
|266	208	491	219	488	133	18	169	2	402	238	296	133	374	321	374	466	274	439	481	196	323	242	448	498	0	481	180	213	292	278	134	200	384	100	307	362	75	188	381	508	|
|249	319	180	499	231	382	479	313	483	106	271	187	350	242	201	108	146	215	43	15	310	176	349	208	147	481	0	480	326	217	346	347	373	135	385	175	347	454	392	103	280	|
|343	161	551	393	565	265	197	216	181	434	320	327	183	290	386	387	518	270	437	474	292	369	371	523	441	180	480	0	153	263	163	207	107	352	208	317	487	244	334	379	598	|
|222	14	408	366	428	209	222	112	215	286	206	184	107	162	253	235	373	119	284	321	195	229	286	386	299	213	326	153	0	109	81	132	48	201	162	167	386	236	272	226	466	|
|177	103	315	389	344	237	296	135	294	187	175	106	161	112	183	132	278	39	175	212	188	150	271	303	206	292	217	263	109	0	142	171	156	95	211	74	344	289	281	118	386	|
|293	93	457	446	484	290	290	192	281	329	281	241	187	129	315	272	419	170	307	337	274	286	365	442	283	278	346	163	81	142	0	212	79	211	241	214	461	311	353	254	525	|
|144	120	366	235	370	78	132	37	136	269	118	162	27	270	195	240	339	145	305	347	85	191	167	329	374	134	347	207	132	171	212	0	151	257	40	174	280	119	142	248	398	|
|262	58	455	378	474	226	212	142	202	333	244	230	124	192	297	283	420	167	331	367	226	274	315	431	338	200	373	107	48	156	79	151	0	245	173	214	421	237	293	273	510	|
|215	196	275	456	314	313	386	220	386	149	225	132	251	113	195	93	235	111	99	126	252	157	321	279	119	384	135	352	201	95	211	257	245	0	297	97	365	374	345	62	362	|
|167	152	392	205	392	57	95	77	102	302	140	198	56	308	222	277	367	186	343	385	99	223	164	352	414	100	385	208	162	211	241	40	173	297	0	213	283	79	126	287	415	|
|120	156	244	359	270	220	306	138	309	119	128	38	175	172	112	71	207	47	132	174	155	77	224	229	215	307	175	317	167	74	214	174	214	97	213	0	280	286	248	75	313	|
|169	372	221	224	184	232	347	280	363	244	180	242	306	451	171	279	227	305	327	358	197	208	120	167	465	362	347	487	386	344	461	280	421	365	283	280	0	291	175	310	176	|
|218	227	439	150	430	75	58	155	75	364	191	266	133	386	275	346	418	263	413	455	148	284	174	392	492	75	454	244	236	289	311	119	237	374	79	286	291	0	116	359	445	|
|143	260	341	111	325	69	173	162	189	291	124	217	169	391	195	291	327	245	357	398	94	216	61	291	463	188	392	334	272	281	353	142	293	345	126	248	175	116	0	313	335	|
|173	218	214	423	252	292	381	213	384	87	189	96	249	172	142	32	175	113	60	100	223	106	280	217	157	381	103	379	226	118	254	248	273	62	287	75	310	359	313	0	300	|
|255	453	101	400	50	375	496	382	509	213	280	285	418	471	214	270	135	356	283	295	316	239	274	85	425	508	280	598	466	386	525	398	510	362	415	313	176	445	335	300	0	|

--------------------------------------------------------------------------------
Building model...
	using lazy and cut (CVRPSEP package)
Solving IRP LP...
--------------------------------------------------------------------------------

Gurobi 9.1.0 (linux64) logging started Sat Jan  9 03:42:16 2021

Gurobi Optimizer version 9.1.0 build v9.1.0rc0 (linux64)
Thread count: 32 physical cores, 32 logical processors, using up to 2 threads
Optimize a model with 1019 rows, 5570 columns and 15362 nonzeros
Model fingerprint: 0x52803ac9
Variable types: 404 continuous, 5166 integer (246 binary)
Coefficient statistics:
  Matrix range     [1e+00, 2e+03]
  Objective range  [1e-01, 6e+02]
  Bounds range     [1e+00, 3e+02]
  RHS range        [1e+01, 6e+03]
Presolve removed 280 rows and 157 columns
Presolve time: 0.10s
Presolved: 739 rows, 5413 columns, 13989 nonzeros
Variable types: 242 continuous, 5171 integer (4926 binary)

Root relaxation: objective 1.221287e+04, 654 iterations, 0.02 seconds

    Nodes    |    Current Node    |     Objective Bounds      |     Work
 Expl Unexpl |  Obj  Depth IntInf | Incumbent    BestBd   Gap | It/Node Time

     0     0 12212.8670    0  107          - 12212.8670      -     -    0s
     0     0 12681.3974    0  150          - 12681.3974      -     -    0s
     0     0 12681.7050    0  150          - 12681.7050      -     -    0s
     0     0 13435.5425    0  232          - 13435.5425      -     -    0s
     0     0 13453.2340    0  223          - 13453.2340      -     -    0s
     0     0 13454.6581    0  196          - 13454.6581      -     -    0s
     0     0 13454.6581    0  193          - 13454.6581      -     -    0s
     0     0 13602.0227    0  240          - 13602.0227      -     -    0s
     0     0 13645.1478    0  263          - 13645.1478      -     -    0s
     0     0 13650.8088    0  242          - 13650.8088      -     -    0s
     0     0 13657.4813    0  273          - 13657.4813      -     -    0s
     0     0 13663.9084    0  291          - 13663.9084      -     -    1s
     0     0 13672.1295    0  244          - 13672.1295      -     -    1s
     0     0 13679.5558    0  242          - 13679.5558      -     -    1s
     0     0 13680.8373    0  275          - 13680.8373      -     -    1s
     0     0 13697.3689    0  267          - 13697.3689      -     -    1s
     0     0 13707.0401    0  299          - 13707.0401      -     -    1s
     0     0 13711.1696    0  307          - 13711.1696      -     -    1s
     0     0 13712.0575    0  300          - 13712.0575      -     -    1s
     0     0 13718.4504    0  312          - 13718.4504      -     -    1s
     0     0 13718.4504    0  294          - 13718.4504      -     -    1s
     0     2 13718.4504    0  279          - 13718.4504      -     -    2s
   131   148 14113.1435   28  181          - 13733.1323      -   136    5s
H  189   196                    15667.680000 13733.1323  12.3%   110    5s
   441   443 14909.5285  121   79 15667.6800 13733.1323  12.3%  61.1   10s
   667   672 14073.8651   30  156 15667.6800 13736.4856  12.3%  63.3   15s
H  739   676                    15571.680000 13736.4856  11.8%  61.9   17s
H  750   649                    15475.250000 13797.7603  10.8%  61.0   19s
   756   653 14148.5188   37  364 15475.2500 13815.8709  10.7%  60.5   20s
H  761   622                    15422.610000 13832.8371  10.3%  60.1   21s
H  770   596                    15374.300000 13842.5098  10.0%  59.4   22s
H  783   574                    15373.300000 13849.2924  9.91%  58.5   25s
H  797   553                    15367.560000 13858.6788  9.82%  57.4   29s
   800   555 14491.9426   83  382 15367.5600 13859.6291  9.81%  57.2   30s
   824   573 14458.9864  111  225 15367.5600 13864.8422  9.78%  68.4   35s
H  837   552                    15040.960000 13874.3430  7.76%  67.3   38s
H  837   524                    15026.960000 13874.3430  7.67%  67.3   38s
   844   528 14546.9227  123  421 15026.9600 13874.8729  7.67%  66.8   40s
   851   533 14406.2225   93  416 15026.9600 13874.9714  7.67%  66.2   47s
   856   539 13929.9906   22  259 15026.9600 13886.1657  7.59%  74.1   50s
   900   572 13948.2759   33  371 15026.9600 13926.6260  7.32%  94.4   55s
   969   620 14044.4886   46  315 15026.9600 13926.6260  7.32%   111   60s
H  992   606                    14961.640000 13926.6260  6.92%   112   61s
  1092   683 14184.2009   69  232 14961.6400 13926.6260  6.92%   112   65s
  1267   822 14566.3996  102   90 14961.6400 13926.6260  6.92%   107   70s
  1649   871 14814.7004  179   75 14961.6400 13927.5009  6.91%  93.5   75s
  1762   886 14053.7853   37  318 14961.6400 13927.6292  6.91%  97.2   80s
H 1767   856                    14940.380000 13927.6292  6.78%  97.4   80s
  1871   940 14357.1312   63  154 14940.3800 13927.6292  6.78%   101   86s
  1976  1021 14457.1184   81  165 14940.3800 13927.6292  6.78%   103   94s
H 1986   763                    14644.350000 13927.6292  4.89%   103   94s
  2008   749     cutoff   86      14644.3500 13927.6292  4.89%   103   95s
  2224   734 14613.2714  170  126 14644.3500 13931.2929  4.87%   101  100s
  2405   877 14292.9724   36  158 14644.3500 13931.2929  4.87%  99.0  105s
  2547  1064 14430.7341  103   67 14644.3500 13931.2929  4.87%  98.7  111s
  2763  1217 14597.7504  250   82 14644.3500 13984.2682  4.51%  93.8  115s
  2889  1268 14104.3731   37  316 14644.3500 13985.5643  4.50%  94.7  121s
  2932  1320 14250.8242   51  217 14644.3500 13985.5643  4.50%  97.8  126s
  3012  1438 14408.9371   76   97 14644.3500 13989.7270  4.47%  99.0  130s
  3144  1495 14456.8504   51  129 14644.3500 13990.2532  4.47%  98.6  135s
  3278  1619 14330.9041   61   64 14644.3500 13990.3314  4.47%  99.4  140s
  3425  1722 14142.1377   36  231 14644.3500 13998.3657  4.41%  98.2  145s
  3491  1852 14341.1203   52   56 14644.3500 13998.3657  4.41%   100  150s
  3726  1972 14359.9154   86   73 14644.3500 13998.3657  4.41%  98.9  157s
  3869  2020 14366.5221  114   97 14644.3500 13998.3657  4.41%  97.8  161s
  3980  2124 14556.8974  154   22 14644.3500 13998.3657  4.41%  97.7  165s
  4162  2292 14489.0843  229   44 14644.3500 14000.8102  4.39%  95.6  170s
  4447  2323 14493.2136   62   96 14644.3500 14011.1536  4.32%  91.7  175s
  4553  2406 14523.1305   46  202 14644.3500 14016.1890  4.29%  93.6  181s
  4627  2476 14375.5743   37  125 14644.3500 14018.0033  4.28%  94.3  185s
  4825  2625 14133.7004   39  212 14644.3500 14022.6248  4.25%  94.8  193s
  4903  2737 14320.7800   91   60 14644.3500 14023.1889  4.24%  95.0  197s
  5055  2847 14067.0831   26  323 14644.3500 14024.9162  4.23%  94.0  202s
  5189  2909 14136.0219   48  344 14644.3500 14027.7036  4.21%  94.0  206s
  5282  2962 14097.8934   34  194 14644.3500 14032.5197  4.18%  94.2  211s
  5339  3013     cutoff   50      14644.3500 14032.7703  4.18%  95.5  215s
  5464  3090 14446.2069   51  182 14644.3500 14036.9811  4.15%  96.9  220s
  5522  3322 14219.2426   42  189 14644.3500 14038.5928  4.14%  97.2  225s
  5808  3537 14164.0490   41  103 14644.3500 14039.3131  4.13%  94.6  232s
  6033  3747 14098.2628   36  154 14644.3500 14041.6114  4.12%  92.3  238s
  6305  3821 14070.8133   30  291 14644.3500 14043.9307  4.10%  90.6  244s
  6401  3895 14181.3743   39  189 14644.3500 14044.9343  4.09%  91.5  248s
  6475  4121 14200.3838   47  133 14644.3500 14045.0289  4.09%  91.8  254s
  6617  4121 14474.8939  160   13 14644.3500 14045.0289  4.09%  90.5  255s
  6751  4237     cutoff  183      14644.3500 14046.5311  4.08%  90.3  260s
  6929  4616 14309.4677   48  124 14644.3500 14049.9879  4.06%  90.2  266s
  7359  4746 14158.3680   35  231 14644.3500 14050.8940  4.05%  87.0  273s
  7507  5015 14266.0546   45  188 14644.3500 14051.0773  4.05%  87.4  280s
* 7699  3724              87    14504.910000 14051.1180  3.13%  86.7  281s
  7836  3798 14246.2445   33  147 14504.9100 14051.7363  3.12%  86.0  286s
H 7974  2932                    14449.910000 14052.7337  2.75%  85.6  287s
  8071  2998 14229.6891   37  240 14449.9100 14055.2635  2.73%  85.2  292s
  8178  3082 14207.6326   40  111 14449.9100 14056.6638  2.72%  86.0  298s
  8286  3182 14270.0535   49   82 14449.9100 14057.4962  2.72%  86.5  303s
  8438  3274     cutoff   46      14449.9100 14058.5454  2.71%  87.2  309s
  8598  3355 14401.3455   45   82 14449.9100 14061.3945  2.69%  87.7  314s
  8647  3355 14113.1183   34  260 14449.9100 14062.8590  2.68%  88.1  315s
  8725  3505 14298.5061   50   52 14449.9100 14063.1443  2.68%  88.3  321s
  8922  3600 14137.1776   35  205 14449.9100 14063.8155  2.67%  88.5  327s
  9041  3775 14272.6830   55  148 14449.9100 14064.4255  2.67%  89.2  333s
  9245  3831 14306.7376   41  169 14449.9100 14064.7419  2.67%  88.7  338s
  9352  3981 14403.2943   30  179 14449.9100 14068.6273  2.64%  89.6  343s
  9560  4071 14319.8912   64  155 14449.9100 14071.3534  2.62%  89.6  349s
  9656  4071 14433.3707   55   70 14449.9100 14071.9829  2.62%  89.9  350s
  9701  4133 14406.1901   56  144 14449.9100 14072.1497  2.61%  90.1  355s
H 9748  3818                    14427.970000 14072.1497  2.47%  90.3  355s
  9799  3919 14275.4211   38  165 14427.9700 14075.2376  2.44%  90.6  361s
  9949  3994 14357.6974   83   53 14427.9700 14075.6630  2.44%  90.8  366s
 10085  4031 14336.5219   31  226 14427.9700 14077.1971  2.43%  91.2  372s
 10166  4078 14419.6666   44  184 14427.9700 14077.4793  2.43%  92.2  377s
 10266  4176 14287.9230   57   42 14427.9700 14077.7287  2.43%  93.2  383s
H10363  2783                    14352.730000 14077.7287  1.92%  93.0  384s
 10396  2810     cutoff   84      14352.7300 14079.3252  1.90%  93.2  389s
 10519  2879 14172.9033   36  237 14352.7300 14081.6924  1.89%  93.9  394s
 10578  2879 14260.5884   29  206 14352.7300 14081.6924  1.89%  93.8  395s
 10681  2954     cutoff   54      14352.7300 14083.0376  1.88%  94.3  400s
 10815  2998 14234.3957   34  215 14352.7300 14084.9523  1.87%  95.1  406s
 10940  3060 14284.5125   42  202 14352.7300 14085.0927  1.86%  95.5  412s
 11068  3148     cutoff   40      14352.7300 14086.6589  1.85%  96.1  417s
 11243  3206 14341.1229   34  116 14352.7300 14089.6900  1.83%  96.4  423s
 11379  3258 14312.2006   57  149 14352.7300 14092.3133  1.81%  96.9  429s
 11486  3258 14348.1471   53  134 14352.7300 14093.0158  1.81%  97.4  430s
 11505  3304 14333.8903   51   75 14352.7300 14093.0371  1.81%  97.4  435s
 11611  3337 14275.5162   41  213 14352.7300 14094.1149  1.80%  98.2  441s
 11706  3357     cutoff   43      14352.7300 14095.6736  1.79%  98.8  447s
 11772  3403 14278.0206   38  212 14352.7300 14096.2872  1.79%   100  453s
 11888  3478     cutoff   49      14352.7300 14096.5045  1.79%   100  459s
 12035  3544 14282.7209   46  163 14352.7300 14097.4987  1.78%   101  466s
 12159  3588 14251.2728   28  264 14352.7300 14098.9600  1.77%   101  472s
 12282  3657 14305.7700   40  180 14352.7300 14101.0983  1.75%   102  478s
 12416  3763     cutoff   52      14352.7300 14102.6259  1.74%   103  484s
 12461  3763 14258.9154   64   56 14352.7300 14102.6259  1.74%   103  485s
 12590  3824 14174.6575   41  189 14352.7300 14103.5434  1.74%   103  491s
 12733  3868     cutoff   60      14352.7300 14104.5670  1.73%   103  497s
 12825  3917 14297.4892   36  316 14352.7300 14105.6573  1.72%   104  503s
 12947  3985 14329.7188   45  102 14352.7300 14107.8972  1.71%   105  509s
 13014  3985 14266.5295   37  280 14352.7300 14109.8048  1.69%   105  510s
 13103  4020 14246.5211   30  240 14352.7300 14109.8048  1.69%   105  516s
 13179  4054 14286.8946   33  160 14352.7300 14109.8048  1.69%   106  522s
 13276  4112     cutoff   37      14352.7300 14111.1910  1.68%   107  529s
 13399  4175     cutoff   43      14352.7300 14112.4800  1.67%   107  536s
 13547  4207     cutoff   57      14352.7300 14113.3415  1.67%   108  543s
 13655  4266 14159.3071   38  151 14352.7300 14114.9061  1.66%   109  549s
 13819  4357     cutoff   45      14352.7300 14116.4593  1.65%   109  557s
 14021  4408 14172.7788   49  297 14352.7300 14117.3983  1.64%   109  564s
 14146  4408 14280.5821   45  137 14352.7300 14119.8858  1.62%   109  565s
 14165  4474 14270.9581   30  271 14352.7300 14119.8915  1.62%   110  571s
 14311  4522 14285.4626   38  275 14352.7300 14120.3282  1.62%   110  579s
 14445  4597     cutoff   35      14352.7300 14120.8117  1.62%   111  586s
 14610  4683 14189.9944   37  212 14352.7300 14122.1651  1.61%   111  593s
 14804  4751 14143.4937   38  177 14352.7300 14122.7950  1.60%   111  601s
 14960  4815     cutoff   35      14352.7300 14124.2061  1.59%   112  608s
 15120  4916     cutoff   45      14352.7300 14125.0430  1.59%   112  615s
 15335  5001 14279.9856   38  250 14352.7300 14126.3607  1.58%   112  623s
 15573  5076 14282.0248   37  100 14352.7300 14127.6146  1.57%   112  630s
 15739  5107 14346.6536   42  314 14352.7300 14128.8621  1.56%   113  637s
 15862  5158 14224.4901   44  286 14352.7300 14129.7595  1.55%   113  645s
 16021  5242 14220.7266   42   82 14352.7300 14130.7807  1.55%   114  652s
 16206  5324 14298.5623   54  175 14352.7300 14131.7769  1.54%   114  659s
 16286  5324 14205.8172   39  184 14352.7300 14132.0043  1.54%   114  660s
 16392  5398     cutoff   55      14352.7300 14132.1610  1.54%   114  667s
 16564  5467 14293.0738   46  139 14352.7300 14133.1649  1.53%   114  674s
 16637  5467 14237.5388   29  261 14352.7300 14133.1649  1.53%   115  675s
 16745  5509 14333.3848   37  301 14352.7300 14134.1387  1.52%   115  681s
 16925  5565 14328.4576   49  258 14352.7300 14134.9990  1.52%   115  688s
 17105  5637 14258.9176   34  194 14352.7300 14135.5261  1.51%   115  695s
 17280  5679 14281.4911   30  133 14352.7300 14136.7971  1.50%   116  703s
 17414  5741 14193.2205   36  298 14352.7300 14137.2130  1.50%   116  712s
 17584  5845 14198.9997   36  136 14352.7300 14137.8112  1.50%   117  720s
 17803  5940 14266.5767   42  261 14352.7300 14138.2990  1.49%   117  727s
 18001  6035 14267.3344   45  195 14352.7300 14138.5251  1.49%   117  735s
 18204  6120 14276.0309   30  234 14352.7300 14140.0525  1.48%   117  742s
 18391  6230 14274.3886   47  220 14352.7300 14141.2287  1.47%   117  750s
 18617  6280     cutoff   63      14352.7300 14141.7512  1.47%   117  759s
 18767  6364 14197.4158   45  242 14352.7300 14143.2116  1.46%   117  766s
 18978  6464 14193.3073   37  219 14352.7300 14143.8453  1.46%   117  774s
 19014  6464 14314.5496   68   36 14352.7300 14143.8453  1.46%   117  775s
 19207  6533 14252.5003   49  200 14352.7300 14144.5740  1.45%   117  782s
 19386  6614 14199.5020   40  299 14352.7300 14145.6084  1.44%   117  789s
 19576  6666 14296.0655   26  220 14352.7300 14146.5687  1.44%   118  797s
 19731  6716     cutoff   37      14352.7300 14147.5401  1.43%   118  806s
 19918  6794 14268.1036   31  220 14352.7300 14148.6828  1.42%   118  814s
 20048  6794 14270.1868   62  136 14352.7300 14149.4335  1.42%   119  815s
 20089  6848     cutoff   46      14352.7300 14149.5037  1.42%   119  821s
 20262  6886 14348.1307   47   89 14352.7300 14150.2099  1.41%   119  831s
 20429  7006 14310.2067   35  127 14352.7300 14151.7091  1.40%   119  838s
 20644  7052 14247.8245   42  161 14352.7300 14152.5576  1.39%   119  847s
 20808  7110 14338.0478   43  134 14352.7300 14153.2996  1.39%   119  854s
 20998  7211 14266.8765   50  272 14352.7300 14153.9204  1.39%   120  863s
 21232  7358 14200.2911   38  249 14352.7300 14154.5930  1.38%   120  871s
 21494  7410     cutoff   40      14352.7300 14155.3294  1.38%   119  879s
 21562  7410 14263.6474   39  166 14352.7300 14155.3294  1.38%   119  880s
 21641  7489     cutoff   40      14352.7300 14155.6842  1.37%   120  887s
 21840  7582     cutoff   33      14352.7300 14156.1988  1.37%   120  896s
 22091  7671 14225.4574   32  165 14352.7300 14157.0260  1.36%   120  904s
 22354  7771     cutoff   59      14352.7300 14158.0328  1.36%   120  912s
 22607  7836 14313.9234   53  240 14352.7300 14159.0400  1.35%   120  921s
 22790  7905 14327.9019   49   65 14352.7300 14159.8007  1.34%   120  929s
 23004  7960 14191.2232   38  122 14352.7300 14160.5359  1.34%   120  943s
 23111  8084     cutoff   59      14352.7300 14160.6436  1.34%   120  950s
 23359  8170 14302.0408   45  198 14352.7300 14161.0899  1.34%   120  958s
 23576  8193 14323.3231   42   96 14352.7300 14161.6387  1.33%   120 1016s
 23628  8360 14269.5151   47  160 14352.7300 14162.0481  1.33%   120 1024s
 23660  8360 14290.1863   78   63 14352.7300 14162.0481  1.33%   120 1025s
 23991  8424     cutoff   47      14352.7300 14162.7151  1.32%   119 1034s
 24217  8513 14341.3097   45  266 14352.7300 14163.1036  1.32%   120 1042s
 24468  8607     cutoff   62      14352.7300 14164.0881  1.31%   120 1051s
 24718  8695 infeasible   42      14352.7300 14164.5990  1.31%   120 1060s
 24959  8775 14242.7376   37  126 14352.7300 14165.6575  1.30%   120 1069s
 25088  8775 14240.3762   45  154 14352.7300 14166.0634  1.30%   120 1070s
 25210  8973     cutoff   51      14352.7300 14166.1094  1.30%   120 1078s
 25494  8973 14262.3100   85   20 14352.7300 14167.0805  1.29%   119 1080s
 25588  9067 14330.7824   40  181 14352.7300 14167.1107  1.29%   119 1087s
 25841  9177 14255.7062   64  295 14352.7300 14168.2262  1.29%   119 1096s
 26083  9258 14328.9448   40   69 14352.7300 14168.9257  1.28%   119 1104s
 26314  9337 14284.2781   48  128 14352.7300 14170.3632  1.27%   119 1112s
 26520  9462 infeasible   55      14352.7300 14171.0852  1.27%   119 1121s
 26800  9520 14271.3971   45  150 14352.7300 14172.0623  1.26%   119 1130s
 27024  9669     cutoff   50      14352.7300 14172.5115  1.26%   119 1139s
 27231  9669 14326.8968   45   74 14352.7300 14173.0018  1.25%   119 1140s
 27309  9827 14287.5193   53  115 14352.7300 14173.0042  1.25%   119 1148s
 27628  9942 14296.6712   42  239 14352.7300 14173.9417  1.25%   119 1157s
 27928 10051 14335.0215   45  134 14352.7300 14174.4971  1.24%   119 1166s
 28219 10122 14338.6331   56   28 14352.7300 14175.0356  1.24%   119 1174s
 28292 10122 14284.6079   41  259 14352.7300 14175.0356  1.24%   119 1175s
 28438 10189 14269.1433   55  297 14352.7300 14175.9476  1.23%   119 1183s
 28665 10330 14281.9750   52   78 14352.7300 14176.7763  1.23%   119 1191s
 28978 10460 14240.2053   40  242 14352.7300 14177.3549  1.22%   119 1200s
 29264 10539 14321.7237   42  253 14352.7300 14178.0063  1.22%   119 1208s
 29472 10624     cutoff   49      14352.7300 14178.6765  1.21%   119 1216s
 29696 10675 14309.5325   47  251 14352.7300 14179.5998  1.21%   119 1225s
 29930 10731 14263.5353   36  212 14352.7300 14180.1579  1.20%   119 1233s
 30180 10803 14335.6241   45  194 14352.7300 14181.1975  1.20%   119 1242s
 30421 10906     cutoff   44      14352.7300 14181.6164  1.19%   119 1250s
 30713 10996     cutoff   37      14352.7300 14182.3777  1.19%   119 1259s
 30789 10996 14342.8024   43  120 14352.7300 14182.3777  1.19%   119 1260s
 30972 11082 14309.4420   45  129 14352.7300 14182.9866  1.18%   119 1268s
 31251 11180 14261.7056   50  151 14352.7300 14183.8868  1.18%   119 1277s
 31502 11249 14334.6944   44  142 14352.7300 14184.4277  1.17%   119 1286s
 31736 11318 14220.4663   47  259 14352.7300 14184.8295  1.17%   119 1295s
 31939 11382     cutoff   38      14352.7300 14185.1551  1.17%   119 1304s
 32093 11382 14275.7135   54   86 14352.7300 14185.7214  1.16%   119 1305s
 32169 11494     cutoff   39      14352.7300 14185.8489  1.16%   119 1312s
 32432 11602     cutoff   61      14352.7300 14186.3669  1.16%   119 1321s
 32680 11652 14339.7136   37   53 14352.7300 14187.0280  1.15%   119 1330s
 32896 11696 14311.2106   58  319 14352.7300 14187.6850  1.15%   119 1338s
 33127 11750 14271.4994   47  211 14352.7300 14188.4171  1.14%   120 1348s
 33366 11860     cutoff   48      14352.7300 14189.0134  1.14%   120 1357s
 33677 11965 14269.7326   43  238 14352.7300 14189.4669  1.14%   120 1367s
 33997 12028     cutoff   52      14352.7300 14189.6877  1.14%   119 1376s
 34225 12166 14279.0461   54  192 14352.7300 14190.2447  1.13%   120 1386s
 34553 12254     cutoff   78      14352.7300 14190.7636  1.13%   119 1396s
 34828 12366 14293.9378   40  132 14352.7300 14191.1101  1.13%   119 1406s
 35115 12450 14239.7278   40  112 14352.7300 14191.5621  1.12%   119 1415s
 35413 12541 14298.5837   41  148 14352.7300 14192.1326  1.12%   119 1424s
 35688 12618     cutoff   49      14352.7300 14192.6460  1.12%   119 1433s
 35916 12655 14326.1723   45  154 14352.7300 14193.0967  1.11%   119 1441s
 36096 12728 14311.2638   44  286 14352.7300 14193.5739  1.11%   120 1450s
 36301 12751 14279.5277   41  225 14352.7300 14193.9725  1.11%   120 1458s
 36495 12815 14280.6329   43  236 14352.7300 14194.6786  1.10%   120 1466s
 36735 12910     cutoff   45      14352.7300 14195.1276  1.10%   120 1475s
 36982 12984     cutoff   41      14352.7300 14195.5441  1.10%   120 1484s
 37123 12984 14324.8100   53    - 14352.7300 14195.5441  1.10%   120 1485s
 37248 13039 14343.0100   53    - 14352.7300 14196.2041  1.09%   120 1493s
 37479 13147     cutoff   53      14352.7300 14196.7020  1.09%   120 1502s
 37762 13224     cutoff   50      14352.7300 14197.3368  1.08%   120 1511s
 38010 13242 14320.9246   60  183 14352.7300 14197.9811  1.08%   120 1520s
 38187 13341     cutoff   63      14352.7300 14198.3573  1.08%   120 1529s
 38326 13342     cutoff   39      14352.7300 14198.9420  1.07%   120 1530s
 38456 13434     cutoff   59      14352.7300 14198.9487  1.07%   120 1539s
 38560 13434     cutoff   45      14352.7300 14199.2157  1.07%   120 1540s
 38688 13473     cutoff   35      14352.7300 14199.2668  1.07%   120 1549s
 38888 13473 14301.5991   36  187 14352.7300 14199.4868  1.07%   120 1550s
 38892 13545 14245.3244   34  153 14352.7300 14199.5036  1.07%   120 1558s
 39168 13652     cutoff   52      14352.7300 14199.8621  1.07%   120 1568s
 39460 13714 14286.2628   39  306 14352.7300 14200.1735  1.06%   120 1577s
 39703 13836 14267.3181   74   60 14352.7300 14200.6382  1.06%   120 1586s
 40040 13905 14326.0223   45   57 14352.7300 14201.2576  1.06%   120 1597s
 40244 13968 14306.2001   45  264 14352.7300 14201.5616  1.05%   120 1606s
 40459 14040 14324.3846   59  200 14352.7300 14201.9450  1.05%   120 1616s
 40724 14115 infeasible   52      14352.7300 14202.1814  1.05%   120 1626s
 40802 14115 14318.2966   68   15 14352.7300 14202.1814  1.05%   120 1645s
 40996 14135     cutoff   41      14352.7300 14202.3467  1.05%   120 1653s
 41204 14252     cutoff   46      14352.7300 14203.0337  1.04%   121 1663s
 41571 14338     cutoff   46      14352.7300 14203.4730  1.04%   120 1673s
 41882 14410 14351.3246   46  104 14352.7300 14203.9827  1.04%   120 1682s
 42129 14474 14314.7459   46  215 14352.7300 14204.3250  1.03%   120 1692s
 42363 14548 14339.7879   35   89 14352.7300 14204.5983  1.03%   120 1701s
 42639 14587     cutoff   51      14352.7300 14204.9438  1.03%   120 1711s
 42862 14656 14238.5568   43   62 14352.7300 14205.2965  1.03%   120 1720s
 43114 14676     cutoff   52      14352.7300 14205.8667  1.02%   120 1729s
 43315 14721 14342.3418   47  143 14352.7300 14206.3461  1.02%   120 1738s
 43532 14791 14239.9052   61  278 14352.7300 14206.7085  1.02%   121 1747s
 43775 14835 14335.2052   57   54 14352.7300 14207.0813  1.01%   121 1756s
 44002 14880 14317.1658   47  359 14352.7300 14207.4196  1.01%   121 1766s
 44224 14930     cutoff   42      14352.7300 14207.8236  1.01%   121 1775s
 44473 15021 14250.1426   53  139 14352.7300 14208.1677  1.01%   121 1788s
 44763 15066     cutoff   73      14352.7300 14208.4755  1.01%   121 1798s
 44997 15130     cutoff   50      14352.7300 14208.8549  1.00%   121 1807s
 45215 15175     cutoff   46      14352.7300 14209.0980  1.00%   121 1817s
 45497 15226     cutoff   60      14352.7300 14209.4215  1.00%   121 1829s
 45576 15226 14294.6865   41  209 14352.7300 14209.4215  1.00%   121 1833s
 45738 15302 14317.1548   51  211 14352.7300 14209.8805  1.00%   121 1843s
 45997 15331     cutoff   44      14352.7300 14210.2436  0.99%   121 1853s
 46246 15402 14254.1023   47  220 14352.7300 14210.6832  0.99%   121 1862s
 46513 15444 14309.4871   32  142 14352.7300 14210.9818  0.99%   121 1871s
 46745 15514 14299.2664   46  167 14352.7300 14211.6261  0.98%   121 1882s
 47079 15544     cutoff   63      14352.7300 14212.1093  0.98%   121 1892s
 47299 15611 14309.4936   45  223 14352.7300 14212.3419  0.98%   121 1902s
 47605 15662     cutoff   54      14352.7300 14212.7885  0.98%   121 1913s
 47820 15718     cutoff   45      14352.7300 14213.0072  0.97%   121 1923s
 48122 15811 14314.5737   43  195 14352.7300 14213.3841  0.97%   121 1933s
 48486 15863 14350.6500   48    - 14352.7300 14213.7593  0.97%   121 1943s
 48709 15919     cutoff   48      14352.7300 14214.0498  0.97%   121 1953s
 48975 15973 14265.3439   60   76 14352.7300 14214.3146  0.96%   121 1963s
 49223 16025     cutoff   60      14352.7300 14214.8327  0.96%   121 1973s
 49471 16089     cutoff   42      14352.7300 14215.2820  0.96%   121 1983s
 49801 16113     cutoff   48      14352.7300 14215.5512  0.96%   121 1993s
 50025 16156 14270.0959   41  148 14352.7300 14215.9620  0.95%   121 2003s
 50273 16201 14303.8828   47  151 14352.7300 14216.2438  0.95%   121 2013s
 50506 16236     cutoff   43      14352.7300 14216.6806  0.95%   122 2023s
 50704 16320     cutoff   63      14352.7300 14216.8442  0.95%   122 2033s
 51010 16355     cutoff   48      14352.7300 14217.2766  0.94%   121 2044s
 51239 16375     cutoff   41      14352.7300 14217.6067  0.94%   122 2053s
 51503 16432     cutoff   51      14352.7300 14218.1329  0.94%   122 2063s
 51801 16443 14333.6721   43  125 14352.7300 14218.5643  0.93%   122 2074s
 51996 16564     cutoff   49      14352.7300 14218.7443  0.93%   122 2084s
 52099 16564 14265.5209   43   54 14352.7300 14218.7443  0.93%   122 2085s
 52356 16605 14297.5000   41  206 14352.7300 14219.2680  0.93%   122 2095s
 52628 16634     cutoff   39      14352.7300 14219.5203  0.93%   122 2105s
 52821 16659 14260.4596   44  124 14352.7300 14219.6671  0.93%   122 2118s
 53055 16695 14279.9552   42  228 14352.7300 14220.0772  0.92%   122 2128s
 53323 16733     cutoff   42      14352.7300 14220.3709  0.92%   122 2139s
 53572 16782     cutoff   45      14352.7300 14220.7580  0.92%   122 2149s
 53866 16809 14292.1488   33  178 14352.7300 14221.1953  0.92%   122 2159s
 53947 16809     cutoff   43      14352.7300 14221.3104  0.92%   122 2160s
 54069 16854     cutoff   50      14352.7300 14221.3219  0.92%   122 2169s
 54169 16854 14311.8420   43  152 14352.7300 14221.3219  0.92%   122 2170s
 54327 16898 14297.9300   32  227 14352.7300 14221.6159  0.91%   122 2180s
 54564 16958 14323.7428   48   64 14352.7300 14221.9735  0.91%   122 2190s
 54837 16976     cutoff   30      14352.7300 14222.1592  0.91%   122 2199s
 54926 16976 14309.8376   42  219 14352.7300 14222.5217  0.91%   122 2200s
 55049 17007     cutoff   55      14352.7300 14222.5494  0.91%   122 2209s
 55144 17007 14279.6107   54  100 14352.7300 14222.5494  0.91%   122 2210s
 55344 17052 14313.0541   43   18 14352.7300 14223.0532  0.90%   122 2220s
 55597 17075     cutoff   51      14352.7300 14223.4196  0.90%   122 2231s
 55844 17113 14307.3815   46  239 14352.7300 14223.7533  0.90%   123 2242s
 56109 17157 14330.3731   43   97 14352.7300 14224.0593  0.90%   123 2253s
 56340 17195 14321.3986   50  105 14352.7300 14224.2406  0.90%   123 2263s
 56612 17233     cutoff   43      14352.7300 14224.6855  0.89%   123 2274s
 56870 17295 14262.0985   50  261 14352.7300 14224.8578  0.89%   123 2284s
 56990 17295 14343.7414   50  125 14352.7300 14224.8578  0.89%   123 2285s
 57140 17339 14310.2769   44  248 14352.7300 14225.1162  0.89%   123 2294s
 57410 17364 infeasible   43      14352.7300 14225.3154  0.89%   123 2305s
 57677 17403 14279.9080   31  199 14352.7300 14225.6524  0.89%   123 2316s
 57943 17470 14260.5912   33  188 14352.7300 14226.0864  0.88%   123 2327s
 58267 17537     cutoff   45      14352.7300 14226.3572  0.88%   123 2338s
 58575 17566 14347.0608   50   66 14352.7300 14226.7116  0.88%   123 2349s
 58848 17604     cutoff   46      14352.7300 14226.9297  0.88%   123 2360s
 59082 17634     cutoff   35      14352.7300 14227.1855  0.87%   123 2370s
 59347 17654 14349.4628   44   36 14352.7300 14227.4708  0.87%   123 2380s
 59606 17660 14237.0354   42  102 14352.7300 14227.9621  0.87%   123 2414s
 59822 17697     cutoff   62      14352.7300 14228.1730  0.87%   123 2424s
 59962 17697 14302.8876   45   81 14352.7300 14228.6224  0.86%   123 2425s
 60086 17746     cutoff   42      14352.7300 14228.6353  0.86%   123 2435s
 60381 17760 14311.8854   40  145 14352.7300 14228.9691  0.86%   123 2446s
 60565 17813 14328.9054   54  162 14352.7300 14229.1778  0.86%   123 2456s
 60818 17851 14332.5179   49   85 14352.7300 14229.4739  0.86%   123 2467s
 61090 17882 14275.1722   50  139 14352.7300 14229.7824  0.86%   123 2477s
 61396 17915 14276.3174   50  125 14352.7300 14230.2383  0.85%   123 2488s
 61650 17949     cutoff   58      14352.7300 14230.6739  0.85%   123 2498s
 61895 17994     cutoff   44      14352.7300 14231.0093  0.85%   123 2584s
 62198 18048 14332.3491   55   16 14352.7300 14231.4874  0.84%   123 2595s
 62490 18074     cutoff   57      14352.7300 14231.8232  0.84%   123 2605s
 62733 18113     cutoff   47      14352.7300 14232.1399  0.84%   123 2616s
 63036 18149 14340.3982   46  300 14352.7300 14232.5017  0.84%   123 2627s
 63307 18165 14348.7470   41   18 14352.7300 14232.7785  0.84%   123 2637s
 63550 18197 14342.6423   41   82 14352.7300 14233.0947  0.83%   123 2648s
 63780 18230     cutoff   43      14352.7300 14233.2985  0.83%   123 2658s
 64054 18285 14279.0892   41   97 14352.7300 14233.6997  0.83%   123 2668s
 64333 18353     cutoff   54      14352.7300 14234.0007  0.83%   123 2679s
 64423 18353 14330.1892   49   81 14352.7300 14234.0007  0.83%   123 2680s
 64613 18380     cutoff   47      14352.7300 14234.2186  0.83%   123 2690s
 64878 18408     cutoff   39      14352.7300 14234.5707  0.82%   123 2701s
 65125 18448 14264.9897   46  138 14352.7300 14234.8493  0.82%   123 2711s
 65398 18475 14274.6050   31  172 14352.7300 14235.1638  0.82%   123 2722s
 65688 18539 14332.7145   55  195 14352.7300 14235.4297  0.82%   123 2733s
 66033 18571 14327.6190   47  130 14352.7300 14235.6727  0.82%   123 2743s
 66284 18599 14268.9056   38  302 14352.7300 14235.8686  0.81%   123 2754s
 66525 18640     cutoff   33      14352.7300 14236.0952  0.81%   123 2765s
 66824 18684 14314.2385   49  159 14352.7300 14236.4523  0.81%   123 2776s
 67128 18762 14318.8515   41  149 14352.7300 14236.9139  0.81%   123 2787s
