




arguments: ./build/mirp_solver -f ./input/orig_exec_162.cfg
Current dir: /scratch/gui/bnc_mirp
File verbosity level: 9
date       time         ( uptime  ) [ thread name/id ]                   file:line     v| 
2021-01-10 02:49:31.550 (   0.076s) [main thread     ]             loguru.cpp:789   INFO| Logging to './output/vi_hc2/OU/V2/Original/execution_10_01_2021_02_49_31.log', mode: 'a', verbosity: 9
--------------------------------------------------------------------------------
Parameters
                           instance_path           ./input/Instances/Original/5/
                            model_policy                                       1
                             nb_vehicles                                       2
                              output_dir         ./output/vi_hc2/OU/V2/Original/
                            sec_strategy                                       1
                       solver_nb_threads                                       2
                         solver_show_log                                    true
                       solver_time_limit                                    3600
                              use_vi_cos                                   false
                              use_vi_cus                                   false
                         use_vi_hc1_full                                   false
                         use_vi_hc1_half                                   false
                      use_vi_hc1_quarter                                   false
                              use_vi_hc2                                    true
                              use_vi_hc3                                   false
                         use_vi_lex_full                                   false
                         use_vi_lex_half                                   false
                      use_vi_lex_quarter                                   false
                              use_vi_qua                                   false
                               use_vi_vc                                   false
                               use_vi_vr                                   false
--------------------------------------------------------------------------------
executing instance: ./input/Instances/Original/5/absH3low_4n50.dat
--------------------------------------------------------------------------------
Instance details
n	51
H	3
C	4066
Li:
[0, 0, 0, 0, 0, 0, 0, 0, 0, 0, 0, 0, 0, 0, 0, 0, 0, 0, 0, 0, 0, 0, 0, 0, 0, 0, 0, 0, 0, 0, 0, 0, 0, 0, 0, 0, 0, 0, 0, 0, 0, 0, 0, 0, 0, 0, 0, 0, 0, 0, 0, ]
Ui:
[0, 108, 126, 122, 66, 120, 48, 30, 128, 54, 158, 198, 36, 66, 210, 234, 147, 297, 171, 128, 116, 120, 219, 70, 294, 207, 134, 128, 234, 122, 22, 183, 195, 255, 132, 124, 66, 189, 219, 66, 128, 102, 288, 66, 87, 136, 36, 39, 282, 36, 237, ]
Distance matrix:
|0	210	444	498	509	104	438	228	487	304	456	434	526	476	163	47	293	396	293	290	313	85	280	437	293	336	409	106	449	376	433	478	193	404	404	534	278	181	380	507	189	438	263	473	353	216	202	218	452	254	465	|
|210	0	299	507	359	106	345	409	358	411	320	402	555	448	136	200	289	264	306	427	141	222	83	348	264	320	283	303	380	208	258	357	170	348	475	542	243	347	355	379	65	479	172	373	355	251	112	229	402	210	300	|
|444	299	0	363	65	358	116	542	66	440	26	241	425	272	282	407	251	51	276	490	159	397	224	124	217	237	48	490	170	99	83	74	261	180	430	385	214	479	231	85	270	390	184	116	271	300	409	276	210	215	54	|
|498	507	363	0	385	482	246	424	326	254	343	123	63	93	388	452	221	337	211	314	428	414	480	239	243	187	324	463	194	418	438	307	346	188	156	36	264	392	156	326	444	87	340	258	154	286	603	294	153	297	417	|
|509	359	65	385	0	422	145	602	59	492	59	269	448	292	348	472	305	115	329	545	218	462	281	152	274	286	106	554	192	153	116	78	326	216	472	403	274	540	271	63	334	425	249	127	316	361	468	337	233	278	69	|
|104	106	358	482	422	0	372	309	408	337	374	396	521	441	98	96	262	314	271	342	215	124	177	373	249	302	329	198	394	281	337	402	139	353	419	518	230	250	343	428	90	437	188	405	328	200	134	188	406	199	372	|
|438	345	116	246	145	372	0	485	87	357	97	126	309	155	279	394	180	101	200	414	223	373	288	8	157	150	84	459	53	188	196	68	245	72	328	269	165	427	128	97	297	280	184	36	175	250	456	233	94	184	170	|
|228	409	542	424	602	309	485	0	561	170	544	419	424	446	298	214	305	491	286	115	462	187	457	480	331	339	496	124	470	510	565	545	295	424	279	454	329	66	376	576	363	340	370	520	330	242	429	266	453	328	581	|
|487	358	66	326	59	408	87	561	0	441	40	211	389	233	324	446	258	95	281	497	220	431	287	95	230	234	79	522	133	164	146	19	297	160	415	344	233	500	215	21	323	367	224	68	261	320	470	299	174	242	106	|
|304	411	440	254	492	337	357	170	441	0	434	266	255	286	275	266	189	392	164	63	408	225	428	351	224	207	392	234	330	438	484	424	250	287	112	284	232	149	233	453	349	170	302	389	185	168	471	195	305	248	487	|
|456	320	26	343	59	374	97	544	40	434	0	223	406	252	294	418	247	60	271	487	181	405	247	105	215	229	49	498	149	124	109	48	270	165	419	364	215	482	218	60	288	375	194	92	261	302	431	279	190	220	75	|
|434	402	241	123	269	396	126	419	211	266	223	0	185	46	298	387	140	213	145	328	310	355	366	118	147	97	201	425	78	295	315	191	256	65	211	151	166	371	53	215	343	157	231	145	90	220	505	217	41	198	295	|
|526	555	425	63	448	521	309	424	389	255	406	185	0	156	430	481	266	398	252	310	485	442	534	301	293	237	386	480	257	478	500	370	390	249	145	55	313	401	212	389	491	89	392	321	201	322	646	334	216	345	479	|
|476	448	272	93	292	441	155	446	233	286	252	46	156	0	343	429	183	250	184	348	353	396	411	148	192	140	236	461	102	334	350	214	302	106	214	113	212	402	98	233	389	151	277	165	125	261	551	260	62	244	325	|
|163	136	282	388	348	98	279	298	324	275	294	298	430	343	0	124	167	234	178	296	167	121	162	279	151	205	247	216	297	224	280	316	42	256	340	423	132	232	246	344	74	349	100	314	233	115	216	97	308	101	307	|
|47	200	407	452	472	96	394	214	446	266	418	387	481	429	124	0	246	358	245	259	284	41	261	392	247	289	370	103	403	345	402	436	150	358	361	488	232	158	333	466	165	393	223	430	306	168	217	171	406	210	431	|
|293	289	251	221	305	262	180	305	258	189	247	140	266	183	167	246	0	204	26	240	238	215	276	175	37	43	203	289	169	255	297	242	125	122	202	257	52	248	87	272	225	191	134	215	67	80	382	77	163	81	298	|
|396	264	51	337	115	314	101	491	95	392	60	213	398	250	234	358	204	0	229	442	130	347	196	108	169	194	19	440	152	87	102	93	211	149	390	363	165	428	194	116	228	355	134	117	230	250	376	225	189	164	95	|
|293	306	276	211	329	271	200	286	281	164	271	145	252	184	178	245	26	229	0	216	262	212	297	195	63	53	228	280	184	280	323	264	138	137	178	248	76	232	95	294	241	173	156	234	60	77	395	83	172	102	324	|
|290	427	490	314	545	342	414	115	497	63	487	328	310	348	296	259	240	442	216	0	443	220	456	408	273	264	443	204	390	479	529	480	278	346	165	343	278	115	293	509	369	229	340	447	244	202	473	230	366	288	536	|
|313	141	159	428	218	215	223	462	220	408	181	310	485	353	167	284	238	130	262	443	0	288	67	228	202	252	149	382	267	67	122	221	168	247	440	459	186	396	273	241	125	423	107	245	291	242	251	214	297	162	160	|
|85	222	397	414	462	124	373	187	431	225	405	355	442	396	121	41	215	347	212	220	288	0	273	371	221	258	357	95	378	344	401	420	136	331	321	450	208	126	302	450	177	353	213	409	272	136	253	143	377	190	426	|
|280	83	224	480	281	177	288	457	287	428	247	366	534	411	162	261	276	196	297	456	67	273	0	292	243	298	215	363	329	128	176	288	179	305	475	513	224	392	324	307	96	466	143	311	335	261	187	235	357	195	219	|
|437	348	124	239	152	373	8	480	95	351	105	118	301	148	279	392	175	108	195	408	228	371	292	0	154	144	91	456	46	194	203	76	244	65	320	261	163	423	121	103	299	273	185	40	168	247	459	230	86	183	178	|
|293	264	217	243	274	249	157	331	230	224	215	147	293	192	151	247	37	169	63	273	202	221	243	154	0	57	170	303	157	217	260	215	110	111	238	278	21	271	94	245	201	223	100	193	92	93	362	78	160	54	263	|
|336	320	237	187	286	302	150	339	234	207	229	97	237	140	205	289	43	194	53	264	252	258	298	144	57	0	190	331	131	257	294	216	163	84	197	221	77	285	44	246	258	172	155	183	39	123	418	119	120	110	288	|
|409	283	48	324	106	329	84	496	79	392	49	201	386	236	247	370	203	19	228	443	149	357	215	91	170	190	0	449	136	105	114	75	221	138	384	349	168	434	185	99	245	346	146	98	224	255	394	231	174	171	99	|
|106	303	490	463	554	198	459	124	522	234	498	425	480	461	216	103	289	440	280	204	382	95	363	456	303	331	449	0	458	439	496	510	229	410	344	498	293	89	374	540	267	391	307	495	336	211	308	226	451	280	520	|
|449	380	170	194	192	394	53	470	133	330	149	78	257	102	297	403	169	152	184	390	267	378	329	46	157	131	136	458	0	238	249	114	259	47	287	216	171	416	96	137	327	235	211	67	145	247	488	235	41	197	223	|
|376	208	99	418	153	281	188	510	164	438	124	295	478	334	224	345	255	87	280	479	67	344	128	194	217	257	105	439	238	0	57	169	216	230	453	445	206	445	268	184	191	427	141	202	296	278	315	250	274	191	92	|
|433	258	83	438	116	337	196	565	146	484	109	315	500	350	280	402	297	102	323	529	122	401	176	203	260	294	114	496	249	57	0	157	271	252	490	463	251	499	296	162	247	457	195	199	331	329	362	302	288	241	47	|
|478	357	74	307	78	402	68	545	19	424	48	191	370	214	316	436	242	93	264	480	221	420	288	76	215	216	75	510	114	169	157	0	287	141	396	325	219	485	196	31	319	347	216	49	243	306	469	286	154	230	120	|
|193	170	261	346	326	139	245	295	297	250	270	256	390	302	42	150	125	211	138	278	168	136	179	244	110	163	221	229	259	216	271	287	0	216	305	382	91	229	204	316	105	310	78	280	192	83	257	60	268	62	292	|
|404	348	180	188	216	353	72	424	160	287	165	65	249	106	256	358	122	149	137	346	247	331	305	65	111	84	138	410	47	230	252	141	216	0	255	215	126	369	56	168	292	210	177	102	103	200	454	189	54	155	234	|
|404	475	430	156	472	419	328	279	415	112	419	211	145	214	340	361	202	390	178	165	440	321	475	320	238	197	384	344	287	453	490	396	305	255	0	181	254	261	201	422	410	69	335	353	160	225	551	246	252	280	482	|
|534	542	385	36	403	518	269	454	344	284	364	151	55	113	423	488	257	363	248	343	459	450	513	261	278	221	349	498	216	445	463	325	382	215	181	0	298	425	189	342	479	115	373	276	190	323	638	330	175	332	439	|
|278	243	214	264	274	230	165	329	233	232	215	166	313	212	132	232	52	165	76	278	186	208	224	163	21	77	168	293	171	206	251	219	91	126	254	298	0	267	114	250	181	242	82	202	112	88	341	68	177	33	258	|
|181	347	479	392	540	250	427	66	500	149	482	371	401	402	232	158	248	428	232	115	396	126	392	423	271	285	434	89	416	445	499	485	229	369	261	425	267	0	325	516	298	313	305	463	281	180	375	203	403	264	516	|
|380	355	231	156	271	343	128	376	215	233	218	53	212	98	246	333	87	194	95	293	273	302	324	121	94	44	185	374	96	268	296	196	204	56	201	189	114	325	0	224	294	161	185	157	49	167	455	163	78	147	284	|
|507	379	85	326	63	428	97	576	21	453	60	215	389	233	344	466	272	116	294	509	241	450	307	103	245	246	99	540	137	184	162	31	316	168	422	342	250	516	224	0	344	371	244	70	271	337	490	317	176	261	120	|
|189	65	270	444	334	90	297	363	323	349	288	343	491	389	74	165	225	228	241	369	125	177	96	299	201	258	245	267	327	191	247	319	105	292	410	479	181	298	294	344	0	414	116	328	291	187	163	165	345	147	282	|
|438	479	390	87	425	437	280	340	367	170	375	157	89	151	349	393	191	355	173	229	423	353	466	273	223	172	346	391	235	427	457	347	310	210	69	115	242	313	161	371	414	0	323	301	133	238	565	253	197	273	444	|
|263	172	184	340	249	188	184	370	224	302	194	231	392	277	100	223	134	134	156	340	107	213	143	185	100	155	146	307	211	141	195	216	78	177	335	373	82	305	185	244	116	323	0	217	192	138	278	110	230	55	214	|
|473	373	116	258	127	405	36	520	68	389	92	145	321	165	314	430	215	117	234	447	245	409	311	40	193	183	98	495	67	202	199	49	280	102	353	276	202	463	157	70	328	301	217	0	205	286	485	269	106	220	167	|
|353	355	271	154	316	328	175	330	261	185	261	90	201	125	233	306	67	230	60	244	291	272	335	168	92	39	224	336	145	296	331	243	192	103	160	190	112	281	49	271	291	133	192	205	0	138	449	141	123	145	323	|
|216	251	300	286	361	200	250	242	320	168	302	220	322	261	115	168	80	250	77	202	242	136	261	247	93	123	255	211	247	278	329	306	83	200	225	323	88	180	167	337	187	238	138	286	138	0	328	28	243	88	340	|
|202	112	409	603	468	134	456	429	470	471	431	505	646	551	216	217	382	376	395	473	251	253	187	459	362	418	394	308	488	315	362	469	257	454	551	638	341	375	455	490	163	565	278	485	449	328	0	313	508	308	406	|
|218	229	276	294	337	188	233	266	299	195	279	217	334	260	97	171	77	225	83	230	214	143	235	230	78	119	231	226	235	250	302	286	60	189	246	330	68	203	163	317	165	253	110	269	141	28	313	0	235	61	315	|
|452	402	210	153	233	406	94	453	174	305	190	41	216	62	308	406	163	189	172	366	297	377	357	86	160	120	174	451	41	274	288	154	268	54	252	175	177	403	78	176	345	197	230	106	123	243	508	235	0	207	264	|
|254	210	215	297	278	199	184	328	242	248	220	198	345	244	101	210	81	164	102	288	162	190	195	183	54	110	171	280	197	191	241	230	62	155	280	332	33	264	147	261	147	273	55	220	145	88	308	61	207	0	253	|
|465	300	54	417	69	372	170	581	106	487	75	295	479	325	307	431	298	95	324	536	160	426	219	178	263	288	99	520	223	92	47	120	292	234	482	439	258	516	284	120	282	444	214	167	323	340	406	315	264	253	0	|

--------------------------------------------------------------------------------
Building model...
	using lazy and cut (CVRPSEP package)
Solving IRP LP...
--------------------------------------------------------------------------------

Gurobi 9.1.0 (linux64) logging started Sun Jan 10 02:49:31 2021

Gurobi Optimizer version 9.1.0 build v9.1.0rc0 (linux64)
Thread count: 32 physical cores, 32 logical processors, using up to 2 threads
Optimize a model with 1269 rows, 8460 columns and 22947 nonzeros
Model fingerprint: 0x68f8b7fb
Variable types: 504 continuous, 7956 integer (306 binary)
Coefficient statistics:
  Matrix range     [1e+00, 2e+03]
  Objective range  [1e-02, 6e+02]
  Bounds range     [1e+00, 3e+02]
  RHS range        [1e+01, 7e+03]
Presolve removed 256 rows and 135 columns
Presolve time: 0.09s
Presolved: 1013 rows, 8325 columns, 21406 nonzeros
Variable types: 366 continuous, 7959 integer (7656 binary)

Root relaxation: objective 3.280950e+03, 977 iterations, 0.03 seconds

    Nodes    |    Current Node    |     Objective Bounds      |     Work
 Expl Unexpl |  Obj  Depth IntInf | Incumbent    BestBd   Gap | It/Node Time

     0     0 3280.94990    0  139          - 3280.94990      -     -    0s
     0     0 3523.53566    0  207          - 3523.53566      -     -    0s
     0     0 3532.21030    0  183          - 3532.21030      -     -    0s
     0     0 3532.51757    0  178          - 3532.51757      -     -    0s
     0     0 3532.51757    0  179          - 3532.51757      -     -    0s
     0     0 4302.81161    0  223          - 4302.81161      -     -    0s
     0     0 4309.00682    0  205          - 4309.00682      -     -    0s
     0     0 4321.85453    0  194          - 4321.85453      -     -    1s
     0     0 4344.40258    0  208          - 4344.40258      -     -    1s
     0     0 4369.66849    0  222          - 4369.66849      -     -    1s
     0     0 4386.60164    0  249          - 4386.60164      -     -    1s
     0     0 4386.60374    0  254          - 4386.60374      -     -    1s
     0     0 4482.48011    0  224          - 4482.48011      -     -    1s
     0     0 4497.18790    0  253          - 4497.18790      -     -    1s
     0     0 4504.57626    0  227          - 4504.57626      -     -    1s
     0     0 4505.07698    0  313          - 4505.07698      -     -    1s
     0     0 4548.02242    0  292          - 4548.02242      -     -    2s
     0     0 4549.09969    0  296          - 4549.09969      -     -    2s
     0     0 4555.57799    0  289          - 4555.57799      -     -    2s
     0     0 4555.57799    0  265          - 4555.57799      -     -    2s
     0     2 4555.57799    0  207          - 4555.57799      -     -    2s
    46    51 4683.97512   13  196          - 4563.92757      -   177    5s
   253   269 5515.18732  117   30          - 4563.92757      -  96.0   10s
   573   558 4614.41386    4  365          - 4578.05996      -  60.5   15s
   708   672 4753.63377   13  246          - 4578.05996      -  66.5   20s
   736   690 6449.42000  130  393          - 4584.81717      -  67.5   25s
   750   699 5794.15379  133  394          - 4605.43802      -  66.2   30s
   765   709 9140.72810  271  454          - 4611.56272      -  64.9   35s
   778   718 7161.88500  228  372          - 4615.08953      -  63.8   42s
   779   722 4616.36961   13  420          - 4615.28532      -  74.3   46s
   795   732 4791.30815   17  373          - 4620.58493      -  80.2   50s
   824   754 4908.98136   23  360          - 4620.58493      -  93.0   55s
   865   786 5034.36600   34   95          - 4620.58493      -   104   60s
   936   845 5291.10765   58   57          - 4620.58493      -   113   65s
  1009   895 5836.23000   84   18          - 4620.58493      -   118   70s
  1121  1007 6139.96815  124   72          - 4620.58493      -   118   75s
  1287  1063 7006.17500  180   17          - 4620.58493      -   108   80s
  1352  1084 4706.73831   20  351          - 4642.09759      -   110   85s
  1373  1098 4886.32517   29  231          - 4642.09759      -   116   90s
  1394  1114 4895.13075   32  202          - 4642.09759      -   124   95s
  1441  1162 5013.98455   47   65          - 4642.09759      -   128  100s
  1534  1248 5367.56681   79   43          - 4642.09759      -   128  106s
  1643  1319 5502.05021  117   28          - 4642.09759      -   123  110s
  1757  1434 5609.86029  167   36          - 4642.09759      -   118  115s
  1979  1600 6323.89462  267   18          - 4642.09759      -   108  122s
  2115  1638 7113.35000  310    -          - 4642.09839      -   103  127s
  2211  1706 4753.75175   19  282          - 4642.09839      -   100  131s
  2361  1727 4792.40056   24  173          - 4642.09839      -  95.0  135s
  2474  1761 4917.39024   43   33          - 4642.09839      -  93.2  140s
  2539  1817 5108.21240   81   40          - 4642.09839      -  93.5  145s
  2629  1892 5206.97000  137   22          - 4642.09839      -  93.1  150s
  2738  1963 5771.58500  183   18          - 4642.09839      -  91.5  155s
  2880  1988 4734.02033   18  267          - 4646.17466      -  90.6  162s
  2907  2032 4808.31914   24  182          - 4646.17466      -  91.1  165s
  3044  2176 5058.26504   42  108          - 4646.17466      -  90.7  173s
  3140  2227 5076.48234   55   46          - 4646.17466      -  89.9  178s
  3235  2305 5135.96505   57   28          - 4646.17466      -  89.5  183s
  3285  2348 5232.72687   69   70          - 4646.17466      -  89.9  186s
  3338  2394 5539.87810   83   45          - 4647.75512      -  90.5  190s
  3430  2475 4994.18338   20  220          - 4647.75512      -  91.2  197s
  3501  2526 4985.28059   34   79          - 4647.75512      -  91.4  202s
  3554  2575 5156.76182   49   26          - 4647.75512      -  92.1  209s
  3632  2590 5455.57000   98    -          - 4647.75512      -  91.2  210s
  3713  2676 5818.98250  113   22          - 4647.75512      -  90.8  215s
  3729  2740 5393.90265   91   28          - 4659.14331      -  91.5  220s
  3825  2781 4944.95792   19  364          - 4659.14331      -  92.8  227s
  3843  2815 5034.71455   21  340          - 4659.14331      -  94.3  231s
  3877  2897 5101.10968   23  219          - 4659.14331      -  95.4  238s
  3961  2966 5198.88232   36   21          - 4659.14331      -  95.2  243s
  4075  3016 5286.91571   44   13          - 4659.14331      -  94.7  248s
  4112  3046 5498.32079   54  188          - 4659.14331      -  96.0  253s
  4142  3087 5504.69027   61   47          - 4659.14331      -  97.3  257s
  4185  3159 5630.41500   72   26          - 4677.92750      -  98.7  263s
  4273  3230 4869.05785   19  200          - 4677.92750      -  99.0  269s
  4347  3344 5010.86096   26   56          - 4677.92750      -   100  276s
  4459  3568 5061.20657   46   88          - 4685.56410      -  99.3  286s
  4787  3609 6806.42000  213    -          - 4685.57743      -  94.1  290s
  4868  3671 4882.78298   22  453          - 4685.57743      -  95.1  299s
  4880  3709 5035.52216   25  337          - 4685.57743      -  96.6  304s
  4918  3737 5255.26519   39   20          - 4685.57743      -  98.0  309s
  4936  3737 5385.72560   45   41          - 4685.57743      -  98.4  310s
  4946  3822 5382.00865   47   28          - 4685.57743      -  98.9  318s
  5031  3959 5613.28934   66   26          - 4685.57743      -   100  325s
  5178  4149 5777.13130   78   35          - 4687.06664      -  99.4  334s
  5217  4149 6325.47500  130   18          - 4687.06664      -  99.2  335s
  5437  4258 4779.91001   21  467          - 4689.02868      -  97.4  345s
  5634  4427 5011.45592   27  222          - 4689.02868      -  95.8  355s
  5759  4538 5221.75627   54   54          - 4691.31555      -  96.0  364s
  5795  4538 5464.96709  100    4          - 4691.31555      -  95.9  365s
  5896  4566 4824.32879   20  317          - 4691.31555      -  95.8  372s
  5915  4628 5009.28527   23  341          - 4691.31555      -  97.7  379s
  5979  4772 4949.20786   25  180          - 4691.31555      -  98.3  391s
  6182  4830 5043.08655   30  180          - 4691.31555      -  96.9  400s
  6210  4887 5092.33548   38   55          - 4691.31555      -  98.1  407s
  6267  5019 5231.64000   58   15          - 4691.31555      -  99.3  416s
  6399  5167 5437.65768  100   45          - 4691.31555      -   100  429s
H 6406  4618                    6719.1400000 4691.31555  30.2%   100  429s
  6450  4618 5613.55000  117    5 6719.14000 4691.31555  30.2%  99.5  430s
  6583  4653 5864.21000  135    7 6719.14000 4706.47251  30.0%  98.9  438s
  6655  4694 6620.60000  154    2 6719.14000 4706.78804  29.9%  99.4  447s
  6693  4767 6656.47000  155    6 6719.14000 4706.86655  29.9%   100  455s
  6794  4779 6667.17000  156    2 6719.14000 4708.46149  29.9%   101  465s
  6811  4834 6686.01000  157    - 6719.14000 4709.88414  29.9%   101  474s
  6862  4840 5573.26711   97   13 6719.14000 4715.22884  29.8%   101  475s
  6902  4858 6698.91333  160   11 6719.14000 4715.31875  29.8%   101  483s
* 6920  3374             110    5663.0300000 4718.71365  16.7%   102  483s
  6929  3385     cutoff  161      5663.03000 4721.56334  16.6%   102  490s
  6957  3425 5006.82356   29  243 5663.03000 4721.79849  16.6%   103  499s
  6980  3425 5306.72043   52   16 5663.03000 4721.79849  16.6%   103  500s
* 6999  3404             111    5659.0300000 4722.95513  16.5%   104  500s
  7007  3435 4838.04219   17  337 5659.03000 4722.95513  16.5%   105  507s
  7038  3492 4941.17241   25  110 5659.03000 4722.95513  16.5%   106  515s
  7095  3594 4981.86332   30   57 5659.03000 4722.95513  16.5%   107  528s
  7215  3677 5003.42300   34  214 5659.03000 4724.77819  16.5%   108  540s
  7312  3802 4946.77048   26  362 5659.03000 4731.47872  16.4%   109  553s
  7387  3802 5150.83850  101   64 5659.03000 4731.47872  16.4%   108  555s
  7469  3804 infeasible  126      5659.03000 4733.67671  16.4%   109  580s
  7473  3889 4852.13715   24  377 5659.03000 4734.06651  16.3%   109  592s
  7577  3944 4843.72627   23  442 5659.03000 4735.05534  16.3%   110  605s
  7642  3979 4939.33826   21  266 5659.03000 4735.05534  16.3%   112  618s
  7685  4125 5354.91688   53  195 5659.03000 4738.61102  16.3%   113  632s
  7865  4238 4949.50413   20  222 5659.03000 4740.15904  16.2%   113  648s
  7998  4335 4796.83756   25  376 5659.03000 4740.88243  16.2%   114  663s
  8103  4461 5213.09756   63  134 5659.03000 4742.37015  16.2%   115  678s
  8253  4536     cutoff   90      5659.03000 4745.97933  16.1%   114  692s
  8357  4619 5387.12500   54    9 5659.03000 4750.39485  16.1%   116  707s
  8465  4701 5569.87969   60   49 5659.03000 4754.11193  16.0%   116  722s
  8564  4719 5612.89583   63    9 5659.03000 4760.11829  15.9%   117  739s
  8584  4719 5370.16000   85   17 5659.03000 4760.11829  15.9%   118  740s
  8585  4854 5037.27413   33   69 5659.03000 4761.66553  15.9%   118  756s
  8750  4966 5078.78428   23  258 5659.03000 4767.02622  15.8%   118  774s
  8778  4966 5475.35648   51   53 5659.03000 4767.02622  15.8%   118  775s
  8908  5091 4858.97960   21  366 5659.03000 4767.94988  15.7%   119  791s
  9064  5273 5306.51484   39  110 5659.03000 4768.40818  15.7%   119  807s
  9284  5275 5142.92287   41  144 5659.03000 4770.06826  15.7%   119  810s
  9301  5362 4970.38190   27  129 5659.03000 4770.17369  15.7%   119  824s
  9418  5512 5177.80881   40  120 5659.03000 4772.98601  15.7%   120  838s
  9510  5512 5613.11421  128   41 5659.03000 4772.98601  15.7%   120  840s
  9588  5623 5058.90568   29  180 5659.03000 4773.71726  15.6%   121  854s
  9614  5623 5278.17304   55   24 5659.03000 4773.71726  15.6%   120  855s
  9723  5786 5049.07423   40   46 5659.03000 4776.59249  15.6%   121  871s
  9919  5888 5197.82880   46  140 5659.03000 4778.93313  15.6%   121  887s
 10047  6014 4986.68980   40  251 5659.03000 4779.50856  15.5%   122  904s
 10083  6014 5061.48118   76   40 5659.03000 4779.50856  15.5%   122  905s
 10198  6074 5622.86000  108    - 5659.03000 4780.16515  15.5%   123  920s
 10268  6145     cutoff  108      5659.03000 4784.18910  15.5%   124  934s
 10340  6269 5502.87645   50  219 5659.03000 4784.61967  15.5%   125  951s
 10491  6445 5154.83191   43   15 5659.03000 4786.14481  15.4%   126  970s
 10714  6494     cutoff   75      5659.03000 4787.24187  15.4%   125  987s
 10764  6591 5273.36503   56  147 5659.03000 4787.44234  15.4%   127 1067s
 10882  6680 5021.41865   34  256 5659.03000 4787.44234  15.4%   127 1086s
 11009  6746 5297.75218   58   93 5659.03000 4788.02808  15.4%   128 1113s
 11090  6846 5035.52092   29  194 5659.03000 4790.00584  15.4%   128 1131s
 11234  6933 5625.21752   53   53 5659.03000 4790.10739  15.4%   129 1151s
 11336  7049 5300.12131   34  131 5659.03000 4790.46208  15.3%   130 1170s
 11510  7155 5076.84762   22  380 5659.03000 4792.42313  15.3%   130 1189s
 11574  7156 5399.21016   61   32 5659.03000 4792.42313  15.3%   131 1190s
 11638  7258 5436.05000   72    5 5659.03000 4792.83145  15.3%   131 1208s
 11774  7390 4993.10378   25  254 5659.03000 4795.82341  15.3%   132 1227s
 11945  7558 5497.58173   70  111 5659.03000 4796.80670  15.2%   133 1250s
 12161  7649 5057.88367   33  299 5659.03000 4796.80670  15.2%   133 1271s
 12263  7724 5389.46277   44  228 5659.03000 4797.31495  15.2%   134 1289s
 12289  7724 5554.74745   54   66 5659.03000 4797.31495  15.2%   134 1290s
 12384  7875 5083.07828   37  290 5659.03000 4798.66419  15.2%   135 1308s
 12481  7876 5135.40902   47  103 5659.03000 4798.66419  15.2%   135 1310s
 12554  8036     cutoff  103      5659.03000 4798.84614  15.2%   135 1328s
 12695  8036 5390.87299   78   68 5659.03000 4799.33011  15.2%   136 1330s
 12737  8120 5434.84136  110   53 5659.03000 4799.65970  15.2%   136 1346s
 12839  8237 5301.81663   41  243 5659.03000 4800.79842  15.2%   136 1364s
 12923  8237 5576.24691   84   87 5659.03000 4800.79842  15.2%   137 1365s
 12974  8361 5612.54607   87   90 5659.03000 4801.38541  15.2%   137 1384s
 13036  8361 5493.33467   45   65 5659.03000 4801.38541  15.2%   137 1385s
 13157  8459 4870.69814   25  313 5659.03000 4801.77262  15.1%   137 1402s
 13267  8535 4986.99503   26  220 5659.03000 4801.90821  15.1%   138 1422s
 13383  8637 5496.36000   64    5 5659.03000 4802.02016  15.1%   139 1441s
 13498  8726 5567.83693   65   27 5659.03000 4802.84332  15.1%   140 1460s
 13639  8880     cutoff   90      5659.03000 4804.11544  15.1%   140 1481s
 13843  9021 4938.03107   22  210 5659.03000 4805.61201  15.1%   140 1501s
 14017  9082 5040.11437   26  383 5659.03000 4806.60519  15.1%   141 1520s
 14112  9172 5268.11055   30  335 5659.03000 4807.46309  15.0%   142 1539s
 14224  9215 5041.89489   29  242 5659.03000 4808.55072  15.0%   142 1556s
 14275  9309 5132.62057   40  248 5659.03000 4808.55072  15.0%   144 1575s
 14369  9480 5229.81154   64   85 5659.03000 4808.71027  15.0%   145 1597s
 14602  9562 4939.25723   21  197 5659.03000 4809.69289  15.0%   145 1618s
 14696  9641 5528.26437   33  131 5659.03000 4810.01508  15.0%   146 1637s
 14800  9717 5242.54587   47  149 5659.03000 4812.37310  15.0%   147 1656s
 14899  9721     cutoff   76      5659.03000 4813.47075  14.9%   148 1680s
 14906  9834 4946.22787   22  246 5659.03000 4813.47075  14.9%   148 1701s
 15027 10045 5291.19627   63  107 5659.03000 4814.50356  14.9%   149 1724s
 15081 10045 5384.38431  105   25 5659.03000 4814.50356  14.9%   149 1725s
 15269 10169     cutoff  132      5659.03000 4815.33142  14.9%   148 1747s
 15431 10293 4982.95612   24  392 5659.03000 4815.85260  14.9%   149 1769s
 15473 10293 5136.46000   66    5 5659.03000 4815.85260  14.9%   149 1770s
 15584 10396 5641.10000   80    - 5659.03000 4816.57978  14.9%   149 1789s
 15703 10582 5115.62482   40   75 5659.03000 4817.00713  14.9%   150 1812s
 15860 10586 5375.34694   48   37 5659.03000 4817.58531  14.9%   150 1815s
 15921 10648 5627.31000  105    - 5659.03000 4818.04515  14.9%   150 1836s
 16017 10780     cutoff  105      5659.03000 4819.07366  14.8%   151 1860s
 16178 10863 5486.10983   56  122 5659.03000 4819.95665  14.8%   151 1880s
 16283 10950 5607.87829   61  115 5659.03000 4820.43302  14.8%   152 1900s
 16422 11101 5372.12676   45  142 5659.03000 4821.32176  14.8%   152 1921s
 16614 11175 4951.29946   27  295 5659.03000 4821.98518  14.8%   152 1972s
 16683 11265 5289.86337   42  110 5659.03000 4822.34240  14.8%   153 1994s
 16737 11265 5128.78397   25  291 5659.03000 4822.34240  14.8%   153 1995s
 16833 11386 5132.93684   26  405 5659.03000 4822.47570  14.8%   153 2019s
 16880 11386 5481.84126   56    7 5659.03000 4822.47570  14.8%   153 2020s
 16957 11633 5597.25429   81    4 5659.03000 4822.61061  14.8%   154 2044s
 17032 11635 5090.29111   57  122 5659.03000 4822.61061  14.8%   154 2045s
 17269 11788 5650.14333   96   10 5659.03000 4824.41500  14.7%   153 2070s
 17455 11888 4994.63350   27  426 5659.03000 4826.10074  14.7%   153 2094s
 17585 11920 4924.29912   19  380 5659.03000 4826.61638  14.7%   154 2114s
 17616 11987 5121.91606   25  266 5659.03000 4826.61638  14.7%   155 2135s
 17709 12087 5616.23800   42   94 5659.03000 4827.12898  14.7%   156 2158s
 17857 12203 5237.64054   45  147 5659.03000 4827.64246  14.7%   156 2180s
 18019 12336 5363.87565   71   59 5659.03000 4828.05940  14.7%   157 2205s
 18259 12485     cutoff   86      5659.03000 4828.57470  14.7%   156 2230s
 18438 12577     cutoff   86      5659.03000 4828.73171  14.7%   157 2253s
 18547 12675 5461.46772   64   27 5659.03000 4829.77608  14.7%   157 2275s
 18665 12771 5305.40074   51  203 5659.03000 4830.17839  14.6%   158 2298s
 18781 12878 5010.35000   37   10 5659.03000 4830.31668  14.6%   158 2323s
 18913 12892 5423.01270   59  112 5659.03000 4830.31668  14.6%   159 2325s
 18920 13040 5602.78000   80    - 5659.03000 4830.86877  14.6%   159 2348s
 19032 13045 5287.39231   76   46 5659.03000 4830.86877  14.6%   159 2350s
 19117 13207 5621.15500   80   16 5659.03000 4831.09215  14.6%   159 2376s
 19337 13321 4967.16314   26  485 5659.03000 4831.99934  14.6%   159 2403s
 19476 13402 5306.04023   34  214 5659.03000 4832.35800  14.6%   159 2425s
H19584 13406                    5658.7000000 4833.06995  14.6%   159 2453s
 19588 13482 5219.40758   27  327 5658.70000 4833.73504  14.6%   159 2473s
 19691 13581 5041.20856   31  318 5658.70000 4834.36785  14.6%   160 2496s
 19826 13779     cutoff   81      5658.70000 4834.49872  14.6%   161 2520s
 20059 13911 5647.85000  121    2 5658.70000 4835.20335  14.6%   160 2546s
 20235 14041     cutoff  122      5658.70000 4835.57212  14.5%   160 2572s
 20414 14159 5213.52959   36  118 5658.70000 4835.57490  14.5%   161 2601s
 20548 14320 5358.53000   56   10 5658.70000 4836.57445  14.5%   161 2627s
 20737 14423 5542.64813   66   26 5658.70000 4837.16355  14.5%   161 2651s
 20857 14470 4969.40231   28  401 5658.70000 4837.23971  14.5%   161 2674s
 20905 14563 5055.43832   30  158 5658.70000 4837.23971  14.5%   162 2698s
 21012 14659 5090.25931   31  319 5658.70000 4837.23971  14.5%   163 2724s
 21079 14659 5626.06709   42   22 5658.70000 4837.23971  14.5%   163 2725s
 21156 14788 5424.63066   40  153 5658.70000 4837.23971  14.5%   164 2748s
 21258 14788 5227.23614   39  131 5658.70000 4837.23971  14.5%   164 2750s
 21302 14940 5583.28359   45   44 5658.70000 4837.63288  14.5%   164 2775s
 21528 15029 5057.18438   31  271 5658.70000 4838.18234  14.5%   164 2802s
 21678 15201     cutoff   68      5658.70000 4838.66730  14.5%   164 2827s
 21900 15274 5623.19750   79   21 5658.70000 4840.18468  14.5%   164 2852s
 21996 15391 5092.60797   29  376 5658.70000 4840.66894  14.5%   165 2875s
 22130 15575 5295.97321   54   41 5658.70000 4841.68977  14.4%   165 2902s
 22360 15733 5641.01000  122    - 5658.70000 4842.23145  14.4%   165 2928s
 22553 15796     cutoff  122      5658.70000 4843.61064  14.4%   165 2952s
 22648 15907     cutoff   50      5658.70000 4843.84936  14.4%   165 2976s
 22785 16054 5613.25425   69  129 5658.70000 4844.07664  14.4%   166 2999s
 22823 16054 5185.75118   50  100 5658.70000 4844.07664  14.4%   166 3000s
 22960 16141     cutoff   85      5658.70000 4844.28873  14.4%   166 3025s
 23058 16289 5547.49048   60  120 5658.70000 4844.57938  14.4%   166 3051s
 23241 16441 4915.91349   25  364 5658.70000 4845.25708  14.4%   166 3076s
 23454 16541 4956.81046   29  327 5658.70000 4846.03370  14.4%   166 3100s
 23564 16629 5257.47522   30  209 5658.70000 4846.33301  14.4%   166 3122s
 23697 16721 5128.28428   27  228 5658.70000 4847.03588  14.3%   167 3144s
 23718 16721 5479.80467   48  144 5658.70000 4847.03588  14.3%   167 3145s
 23838 16801 5260.47726   41  125 5658.70000 4847.63145  14.3%   167 3168s
 23939 16928 5288.98542   33   57 5658.70000 4848.02580  14.3%   167 3193s
 24102 16930 5261.12504   43  138 5658.70000 4848.20962  14.3%   168 3195s
 24109 17058     cutoff   57      5658.70000 4848.85297  14.3%   167 3218s
 24249 17060 5027.15355   30  138 5658.70000 4849.24397  14.3%   167 3220s
 24288 17168 5548.52667   76   17 5658.70000 4849.34443  14.3%   167 3243s
 24426 17242     cutoff   93      5658.70000 4849.50952  14.3%   168 3270s
 24524 17318 5644.82066   36  259 5658.70000 4849.94010  14.3%   168 3296s
H24537 13646                    5474.7000000 4849.94010  11.4%   169 3296s
 24640 13676 5117.51215   24  286 5474.70000 4849.96423  11.4%   169 3322s
 24725 13771 5232.77244   33  281 5474.70000 4850.14469  11.4%   169 3346s
 24852 13817 5351.65383   46   53 5474.70000 4851.83941  11.4%   170 3370s
 24939 13894     cutoff   42      5474.70000 4852.20394  11.4%   170 3394s
 25009 13894 5173.82913   48   84 5474.70000 4852.87231  11.4%   171 3395s
 25048 13963 5277.82076   35  334 5474.70000 4853.28114  11.4%   171 3418s
 25135 14075 5259.73068   42   47 5474.70000 4854.65347  11.3%   171 3442s
 25291 14210     cutoff   52      5474.70000 4855.41563  11.3%   172 3468s
 25460 14210 5180.20237   42   68 5474.70000 4856.05015  11.3%   172 3470s
 25523 14300 4979.05027   41  146 5474.70000 4856.14909  11.3%   172 3495s
 25652 14367 5027.29988   21  269 5474.70000 4857.04312  11.3%   172 3520s
 25738 14395 5295.07319   30  381 5474.70000 4857.07594  11.3%   172 3541s
 25795 14464     cutoff   41      5474.70000 4857.11672  11.3%   173 3564s
 25897 14589 5112.98250   36  202 5474.70000 4857.36823  11.3%   174 3587s
 26066 14614     cutoff   65      5474.70000 4857.93533  11.3%   174 3600s

Cutting planes:
  User: 2656
  Gomory: 42
  Cover: 321
  Implied bound: 64
  Projected implied bound: 2
  Clique: 26
  MIR: 123
  StrongCG: 5
  Flow cover: 378
  GUB cover: 1
  Zero half: 84
  RLT: 242
  Relax-and-lift: 6
  Lazy constraints: 6273

Explored 26091 nodes (4556018 simplex iterations) in 3600.30 seconds
Thread count was 2 (of 32 available processors)

Solution count 5: 5474.7 5658.7 5659.03 ... 6719.14

Time limit reached
Best objective 5.474700000000e+03, best bound 4.858025108864e+03, gap 11.2641%

User-callback calls 267597, time in user-callback 216.85 sec
================================================================================
executing instance: ./input/Instances/Original/5/absH3low_4n25.dat
--------------------------------------------------------------------------------
Instance details
n	26
H	3
C	2029
Li:
[0, 0, 0, 0, 0, 0, 0, 0, 0, 0, 0, 0, 0, 0, 0, 0, 0, 0, 0, 0, 0, 0, 0, 0, 0, 0, ]
Ui:
[0, 34, 165, 76, 88, 188, 58, 279, 52, 132, 198, 142, 135, 165, 186, 58, 201, 196, 40, 183, 32, 90, 168, 126, 93, 146, ]
Distance matrix:
|0	299	188	235	91	202	152	147	162	277	268	132	71	162	220	69	220	289	241	124	265	80	162	132	66	302	|
|299	0	468	431	282	142	317	425	443	569	193	178	359	302	422	231	93	28	511	325	457	242	434	215	240	601	|
|188	468	0	153	265	342	308	43	192	106	455	290	117	206	142	246	379	464	252	274	360	267	211	319	231	184	|
|235	431	153	0	326	289	386	145	321	240	482	269	184	129	15	258	339	436	393	355	477	305	336	354	237	334	|
|91	282	265	326	0	228	66	228	166	339	196	157	154	242	311	99	225	264	229	50	201	47	153	71	115	340	|
|202	142	342	289	228	0	285	301	363	447	255	73	245	161	281	139	53	151	440	278	428	181	360	187	136	495	|
|152	317	308	386	66	285	0	275	167	368	188	217	207	308	371	163	274	295	210	34	145	108	148	104	181	350	|
|147	425	43	145	228	301	275	0	179	146	415	248	76	172	131	203	337	421	248	242	341	227	195	279	188	211	|
|162	443	192	321	166	363	167	179	0	216	352	291	152	302	307	225	375	428	81	138	170	201	22	237	227	183	|
|277	569	106	240	339	447	368	146	216	0	535	391	210	312	232	341	481	562	245	335	381	352	238	402	329	106	|
|268	193	455	482	196	255	188	415	352	535	0	225	339	367	469	224	212	165	398	214	302	188	335	136	245	533	|
|132	178	290	269	157	73	217	248	291	391	225	0	183	145	258	66	91	175	367	207	358	110	287	127	67	431	|
|71	359	117	184	154	245	207	76	152	210	339	183	0	152	169	131	274	352	232	174	294	151	161	203	119	251	|
|162	302	206	129	242	161	308	172	302	312	367	145	152	0	120	153	210	308	383	284	426	208	309	249	132	383	|
|220	422	142	15	311	281	371	131	307	232	469	258	169	120	0	245	330	427	379	340	461	291	321	340	224	324	|
|69	231	246	258	99	139	163	203	225	341	224	66	131	153	245	0	152	222	301	147	299	57	221	97	22	371	|
|220	93	379	339	225	53	274	337	375	481	212	91	274	210	330	152	0	99	448	273	419	180	369	171	157	521	|
|289	28	464	436	264	151	295	421	428	562	165	175	352	308	427	222	99	0	493	305	434	227	418	196	234	590	|
|241	511	252	393	229	440	210	248	81	245	398	367	232	383	379	301	448	493	0	190	147	270	80	298	305	175	|
|124	325	274	355	50	278	34	242	138	335	214	207	174	284	340	147	273	305	190	0	152	97	122	110	162	320	|
|265	457	360	477	201	428	145	341	170	381	302	358	294	426	461	299	419	434	147	152	0	248	150	249	312	322	|
|80	242	267	305	47	181	108	227	201	352	188	110	151	208	291	57	180	227	270	97	248	0	192	52	76	366	|
|162	434	211	336	153	360	148	195	22	238	335	287	161	309	321	221	369	418	80	122	150	192	0	224	225	203	|
|132	215	319	354	71	187	104	279	237	402	136	127	203	249	340	97	171	196	298	110	249	52	224	0	118	409	|
|66	240	231	237	115	136	181	188	227	329	245	67	119	132	224	22	157	234	305	162	312	76	225	118	0	364	|
|302	601	184	334	340	495	350	211	183	106	533	431	251	383	324	371	521	590	175	320	322	366	203	409	364	0	|

--------------------------------------------------------------------------------
Building model...
	using lazy and cut (CVRPSEP package)
Solving IRP LP...
--------------------------------------------------------------------------------

Gurobi 9.1.0 (linux64) logging started Sun Jan 10 03:49:32 2021

Gurobi Optimizer version 9.1.0 build v9.1.0rc0 (linux64)
Thread count: 32 physical cores, 32 logical processors, using up to 2 threads
Optimize a model with 644 rows, 2360 columns and 6797 nonzeros
Model fingerprint: 0xab67f11e
Variable types: 254 continuous, 2106 integer (156 binary)
Coefficient statistics:
  Matrix range     [1e+00, 1e+03]
  Objective range  [1e-02, 6e+02]
  Bounds range     [1e+00, 3e+02]
  RHS range        [2e+01, 3e+03]
Presolve removed 205 rows and 102 columns
Presolve time: 0.06s
