




arguments: ./build/mirp_solver -f ./input/orig_exec_123.cfg
Current dir: /scratch/gui/bnc_mirp
File verbosity level: 9
date       time         ( uptime  ) [ thread name/id ]                   file:line     v| 
2021-01-09 22:51:36.440 (   0.231s) [main thread     ]             loguru.cpp:789   INFO| Logging to './output/vi_hc2/OU/V2/Original/execution_09_01_2021_22_51_36.log', mode: 'a', verbosity: 9
--------------------------------------------------------------------------------
Parameters
                           instance_path           ./input/Instances/Original/4/
                            model_policy                                       1
                             nb_vehicles                                       2
                              output_dir         ./output/vi_hc2/OU/V2/Original/
                            sec_strategy                                       1
                       solver_nb_threads                                       2
                         solver_show_log                                    true
                       solver_time_limit                                    3600
                              use_vi_cos                                   false
                              use_vi_cus                                   false
                         use_vi_hc1_full                                   false
                         use_vi_hc1_half                                   false
                      use_vi_hc1_quarter                                   false
                              use_vi_hc2                                    true
                              use_vi_hc3                                   false
                         use_vi_lex_full                                   false
                         use_vi_lex_half                                   false
                      use_vi_lex_quarter                                   false
                              use_vi_qua                                   false
                               use_vi_vc                                   false
                               use_vi_vr                                   false
--------------------------------------------------------------------------------
executing instance: ./input/Instances/Original/4/absH3low_3n30.dat
--------------------------------------------------------------------------------
Instance details
n	31
H	3
C	2841
Li:
[0, 0, 0, 0, 0, 0, 0, 0, 0, 0, 0, 0, 0, 0, 0, 0, 0, 0, 0, 0, 0, 0, 0, 0, 0, 0, 0, 0, 0, 0, 0, ]
Ui:
[0, 246, 98, 54, 144, 171, 192, 180, 165, 98, 122, 198, 297, 144, 130, 129, 219, 138, 142, 150, 108, 66, 64, 285, 180, 204, 276, 168, 240, 198, 122, ]
Distance matrix:
|0	172	56	166	260	198	42	197	296	110	91	112	238	275	323	183	330	232	175	181	162	191	232	280	201	139	356	185	266	216	26	|
|172	0	178	223	320	335	153	355	444	62	231	99	333	376	214	352	176	235	194	106	47	41	353	161	299	175	225	43	326	374	153	|
|56	178	0	110	204	162	93	233	336	125	144	148	187	226	358	180	313	284	123	152	182	185	282	252	256	88	329	177	210	251	42	|
|166	223	110	0	102	150	199	327	431	194	253	237	113	156	431	228	296	386	44	140	248	208	389	218	366	48	287	200	108	344	148	|
|260	320	204	102	0	156	296	391	493	296	340	339	66	90	531	263	362	486	127	226	349	300	469	278	454	148	334	292	6	406	245	|
|198	335	162	150	156	0	239	255	351	286	245	307	93	106	518	111	442	423	194	280	344	335	349	367	352	182	437	327	158	266	199	|
|42	153	93	199	296	239	0	203	296	91	82	76	278	316	284	217	322	191	201	186	133	180	217	281	177	165	356	175	302	222	52	|
|197	355	233	327	391	255	203	0	104	294	125	266	340	361	436	151	524	276	352	377	330	383	109	477	146	319	553	377	395	19	222	|
|296	444	336	431	493	351	296	104	0	384	214	348	440	456	488	241	617	315	456	476	412	475	113	575	176	422	651	470	497	88	322	|
|110	62	125	194	296	286	91	294	384	0	171	55	298	340	238	292	233	210	176	118	58	91	298	201	248	148	273	87	302	313	94	|
|91	231	144	253	340	245	82	125	214	171	0	141	307	339	324	184	403	187	266	266	204	261	140	363	114	230	438	256	346	144	116	|
|112	99	148	237	339	307	76	266	348	55	141	0	332	373	212	292	275	156	225	173	64	137	254	253	200	194	322	135	345	284	108	|
|238	333	187	113	66	93	278	340	440	298	307	332	0	43	536	203	404	469	153	253	354	321	427	322	420	160	385	313	67	353	229	|
|275	376	226	156	90	106	316	361	456	340	339	373	43	0	578	216	443	507	194	295	397	364	453	361	451	203	421	356	88	372	268	|
|323	214	358	431	531	518	284	436	488	238	324	212	536	578	0	498	309	176	407	320	183	245	376	344	312	383	379	251	537	451	319	|
|183	352	180	228	263	111	217	151	241	292	184	292	203	216	498	0	492	371	266	328	345	364	255	426	272	242	501	356	266	159	198	|
|330	176	313	296	362	442	322	524	617	233	403	275	404	443	309	492	0	397	253	164	218	142	529	84	475	260	72	147	367	543	306	|
|232	235	284	386	486	423	191	276	315	210	187	156	469	507	176	371	397	0	379	327	188	276	202	396	139	346	456	277	492	289	242	|
|175	194	123	44	127	194	201	352	456	176	266	225	153	194	407	266	253	379	0	101	225	174	405	174	375	36	244	166	133	370	152	|
|181	106	152	140	226	280	186	377	476	118	266	173	253	295	320	328	164	327	101	0	148	76	403	100	360	98	177	69	232	396	155	|
|162	47	182	248	349	344	133	330	412	58	204	64	354	397	183	345	218	188	225	148	0	89	316	208	259	201	270	90	355	348	149	|
|191	41	185	208	300	335	180	383	475	91	261	137	321	364	245	364	142	276	174	76	89	0	388	119	336	162	185	8	306	402	169	|
|232	353	282	389	469	349	217	109	113	298	140	254	427	453	376	255	529	202	405	403	316	388	0	497	64	369	570	384	474	112	256	|
|280	161	252	218	278	367	281	477	575	201	363	253	322	361	344	426	84	396	174	100	208	119	497	0	449	187	77	119	283	496	255	|
|201	299	256	366	454	352	177	146	176	248	114	200	420	451	312	272	475	139	375	360	259	336	64	449	0	339	521	333	460	156	223	|
|139	175	88	48	148	182	165	319	422	148	230	194	160	203	383	242	260	346	36	98	201	162	369	187	339	0	260	153	154	337	116	|
|356	225	329	287	334	437	356	553	651	273	438	322	385	421	379	501	72	456	244	177	270	185	570	77	521	260	0	187	338	572	331	|
|185	43	177	200	292	327	175	377	470	87	256	135	313	356	251	356	147	277	166	69	90	8	384	119	333	153	187	0	298	396	163	|
|266	326	210	108	6	158	302	395	497	302	346	345	67	88	537	266	367	492	133	232	355	306	474	283	460	154	338	298	0	410	251	|
|216	374	251	344	406	266	222	19	88	313	144	284	353	372	451	159	543	289	370	396	348	402	112	496	156	337	572	396	410	0	241	|
|26	153	42	148	245	199	52	222	322	94	116	108	229	268	319	198	306	242	152	155	149	169	256	255	223	116	331	163	251	241	0	|

--------------------------------------------------------------------------------
Building model...
	using lazy and cut (CVRPSEP package)
Solving IRP LP...
--------------------------------------------------------------------------------

Gurobi 9.1.0 (linux64) logging started Sat Jan  9 22:51:36 2021

Gurobi Optimizer version 9.1.0 build v9.1.0rc0 (linux64)
Thread count: 32 physical cores, 32 logical processors, using up to 2 threads
Optimize a model with 769 rows, 3280 columns and 9277 nonzeros
Model fingerprint: 0x8082bb94
Variable types: 304 continuous, 2976 integer (186 binary)
Coefficient statistics:
  Matrix range     [1e+00, 1e+03]
  Objective range  [1e-02, 7e+02]
  Bounds range     [1e+00, 3e+02]
  RHS range        [3e+01, 5e+03]
Presolve removed 215 rows and 122 columns
Presolve time: 0.08s
Presolved: 554 rows, 3158 columns, 8381 nonzeros
Variable types: 182 continuous, 2976 integer (2796 binary)

Root relaxation: objective 2.308438e+03, 618 iterations, 0.01 seconds

    Nodes    |    Current Node    |     Objective Bounds      |     Work
 Expl Unexpl |  Obj  Depth IntInf | Incumbent    BestBd   Gap | It/Node Time

     0     0 2308.43801    0   75          - 2308.43801      -     -    0s
     0     0 2629.56953    0   75          - 2629.56953      -     -    0s
     0     0 2629.56953    0   84          - 2629.56953      -     -    0s
     0     0 3163.10413    0  110          - 3163.10413      -     -    0s
     0     0 3178.75061    0  104          - 3178.75061      -     -    0s
     0     0 3208.93120    0  110          - 3208.93120      -     -    0s
     0     0 3235.74764    0  114          - 3235.74764      -     -    0s
     0     0 3235.74764    0  100          - 3235.74764      -     -    0s
     0     0 3335.82760    0  168          - 3335.82760      -     -    0s
     0     0 3426.05693    0  181          - 3426.05693      -     -    0s
     0     0 3432.01938    0  194          - 3432.01938      -     -    0s
     0     0 3432.77784    0  173          - 3432.77784      -     -    0s
     0     0 3440.68959    0  210          - 3440.68959      -     -    0s
     0     0 3444.87781    0  206          - 3444.87781      -     -    0s
     0     0 3445.29309    0  198          - 3445.29309      -     -    0s
     0     0 3450.40981    0  207          - 3450.40981      -     -    0s
     0     0 3450.40981    0  207          - 3450.40981      -     -    0s
     0     2 3451.19862    0  207          - 3451.19862      -     -    0s
   531   537 5514.31847  157   14          - 3460.63224      -  48.9    5s
H  532   449                    5685.7300000 3460.63224  39.1%  48.8    5s
H  725   555                    5653.8700000 3460.63224  38.8%  62.0    9s
   730   558 5315.55000  119  238 5653.87000 3549.30944  37.2%  61.6   10s
H  743   539                    5292.3799850 3588.47940  32.2%  60.5   11s
H  746   513                    5286.3800000 3589.46976  32.1%  60.2   11s
H  758   495                    5276.9900000 3599.66569  31.8%  59.3   13s
H  765   473                    5197.9900000 3601.32114  30.7%  58.7   14s
   772   479 4000.10734   27   93 5197.99000 3601.32114  30.7%  65.7   15s
H  787   464                    5032.8600000 3601.37433  28.4%  64.5   16s
H  787   440                    4869.7600000 3601.37433  26.0%  64.5   16s
H  789   420                    4580.1700000 3601.40002  21.4%  64.3   17s
H  791   399                    4570.8500000 3601.42153  21.2%  64.1   17s
   798   407 3603.98444   24  241 4570.85000 3603.98444  21.2%  68.4   20s
H  823   403                    4434.5000000 3617.22994  18.4%  71.4   21s
H  878   421                    4432.5000000 3617.22994  18.4%  73.6   22s
H  904   423                    4426.8600000 3617.22994  18.3%  74.0   23s
   999   489 4156.42000   77   57 4426.86000 3617.22994  18.3%  77.1   25s
H 1038   456                    4265.4600000 3617.22994  15.2%  77.8   25s
H 1238   513                    4254.4400000 3644.01900  14.3%  84.4   29s
  1242   540 3997.19802   63   55 4254.44000 3644.01900  14.3%  84.5   30s
  1526   635 3989.15816   34  241 4254.44000 3666.09513  13.8%  83.5   35s
  1714   710     cutoff   47      4254.44000 3709.69431  12.8%  86.9   40s
H 1828   733                    4223.0799984 3709.69431  12.2%  84.0   42s
  1911   777     cutoff   48      4223.08000 3717.79974  12.0%  87.8   45s
H 2043   839                    4217.8000000 3735.44981  11.4%  90.3   49s
  2044   872 4079.44267   40   62 4217.80000 3736.04221  11.4%  90.5   50s
  2247  1008     cutoff   44      4217.80000 3736.60000  11.4%  91.7   55s
* 2279   570              40    4060.4100000 3737.05017  7.96%  92.3   55s
  2466   635 4055.66078   56   89 4060.41000 3757.58061  7.46%  94.6   61s
H 2648   649                    4036.6399853 3764.92369  6.73%  94.9   65s
* 2682   388              43    3967.9200000 3770.63800  4.97%  94.9   65s
  2821   374 3895.83200   32   19 3967.92000 3797.88362  4.29%  97.5   70s
* 2828   195              38    3917.9500000 3797.88362  3.06%  97.5   70s
H 2902   166                    3916.6100000 3810.24134  2.72%  98.0   72s
  2979   147 3900.00647   30  139 3916.61000 3829.28250  2.23%   100   75s
H 3028   142                    3914.8500000 3838.80822  1.94%   101   75s

Cutting planes:
  User: 1958
  Gomory: 20
  Cover: 158
  Implied bound: 6
  Projected implied bound: 1
  Clique: 4
  MIR: 65
  StrongCG: 5
  Flow cover: 198
  GUB cover: 1
  Zero half: 37
  RLT: 82
  Lazy constraints: 234

Explored 3262 nodes (327924 simplex iterations) in 79.65 seconds
Thread count was 2 (of 32 available processors)

Solution count 10: 3914.85 3916.61 3917.95 ... 4265.46

Optimal solution found (tolerance 1.00e-04)
Best objective 3.914850000000e+03, best bound 3.914850000000e+03, gap 0.0000%

User-callback calls 16767, time in user-callback 6.82 sec
================================================================================
executing instance: ./input/Instances/Original/4/absH3low_3n10.dat
--------------------------------------------------------------------------------
Instance details
n	11
H	3
C	687
Li:
[0, 0, 0, 0, 0, 0, 0, 0, 0, 0, 0, ]
Ui:
[0, 189, 44, 174, 78, 36, 198, 117, 42, 96, 240, ]
Distance matrix:
|0	209	255	286	142	156	285	317	182	161	135	|
|209	0	464	451	315	356	490	469	361	299	260	|
|255	464	0	221	202	130	74	280	189	254	273	|
|286	451	221	0	145	156	164	479	354	153	192	|
|142	315	202	145	0	73	194	388	250	53	73	|
|156	356	130	156	73	0	134	332	200	127	144	|
|285	490	74	164	194	134	0	353	256	239	267	|
|317	469	280	479	388	332	353	0	141	436	430	|
|182	361	189	354	250	200	256	141	0	296	289	|
|161	299	254	153	53	127	239	436	296	0	39	|
|135	260	273	192	73	144	267	430	289	39	0	|

--------------------------------------------------------------------------------
Building model...
	using lazy and cut (CVRPSEP package)
Solving IRP LP...
--------------------------------------------------------------------------------

Gurobi 9.1.0 (linux64) logging started Sat Jan  9 22:52:56 2021

Gurobi Optimizer version 9.1.0 build v9.1.0rc0 (linux64)
Thread count: 32 physical cores, 32 logical processors, using up to 2 threads
Optimize a model with 269 rows, 500 columns and 1607 nonzeros
Model fingerprint: 0xfa4744b9
Variable types: 104 continuous, 396 integer (66 binary)
Coefficient statistics:
  Matrix range     [1e+00, 3e+02]
  Objective range  [1e-02, 5e+02]
  Bounds range     [1e+00, 2e+02]
  RHS range        [2e+01, 1e+03]
Presolve removed 82 rows and 42 columns
Presolve time: 0.01s
Presolved: 187 rows, 458 columns, 1334 nonzeros
Variable types: 62 continuous, 396 integer (336 binary)
Found heuristic solution: objective 3589.0100000

Root relaxation: objective 1.258552e+03, 244 iterations, 0.00 seconds

    Nodes    |    Current Node    |     Objective Bounds      |     Work
 Expl Unexpl |  Obj  Depth IntInf | Incumbent    BestBd   Gap | It/Node Time

     0     0 1258.55224    0   35 3589.01000 1258.55224  64.9%     -    0s
H    0     0                    3538.0100000 1258.55224  64.4%     -    0s
     0     0 1619.40599    0   43 3538.01000 1619.40599  54.2%     -    0s
     0     0 1956.61341    0   55 3538.01000 1956.61341  44.7%     -    0s
H    0     0                    2680.2000000 1956.61341  27.0%     -    0s
     0     0 1956.61341    0   55 2680.20000 1956.61341  27.0%     -    0s
     0     0 2022.14868    0   78 2680.20000 2022.14868  24.6%     -    0s
     0     0 2059.57473    0   85 2680.20000 2059.57473  23.2%     -    0s
     0     0 2061.81069    0   88 2680.20000 2061.81069  23.1%     -    0s
     0     0 2062.15364    0   87 2680.20000 2062.15364  23.1%     -    0s
     0     0 2077.97419    0   74 2680.20000 2077.97419  22.5%     -    0s
     0     0 2088.84045    0   78 2680.20000 2088.84045  22.1%     -    0s
     0     0 2092.88268    0   67 2680.20000 2092.88268  21.9%     -    0s
     0     0 2093.79489    0   76 2680.20000 2093.79489  21.9%     -    0s
     0     0 2094.07955    0   79 2680.20000 2094.07955  21.9%     -    0s
     0     0 2099.49673    0   80 2680.20000 2099.49673  21.7%     -    0s
     0     0 2099.72164    0   85 2680.20000 2099.72164  21.7%     -    0s
     0     0 2104.12203    0   63 2680.20000 2104.12203  21.5%     -    0s
     0     0 2104.23290    0   76 2680.20000 2104.23290  21.5%     -    0s
     0     0 2104.40412    0   69 2680.20000 2104.40412  21.5%     -    0s
     0     0 2104.40412    0   69 2680.20000 2104.40412  21.5%     -    0s
     0     2 2121.40412    0   62 2680.20000 2121.40412  20.8%     -    0s
H    7    10                    2667.4600000 2124.73612  20.3%  41.4    0s
H    9    12                    2604.1000000 2148.53412  17.5%  47.7    0s
*  139   111              13    2469.8800000 2159.80047  12.6%  24.7    0s
H  151   111                    2450.3600000 2159.80047  11.9%  23.1    0s
*  173   103               9    2450.1000000 2184.60424  10.8%  22.5    0s
*  196   107               6    2449.1000000 2207.39010  9.87%  22.4    0s

Cutting planes:
  User: 106
  Gomory: 4
  Cover: 54
  Implied bound: 4
  Clique: 12
  MIR: 33
  StrongCG: 1
  Flow cover: 55
  GUB cover: 1
  Zero half: 1
  RLT: 52
  Relax-and-lift: 2
  Lazy constraints: 24

Explored 525 nodes (13733 simplex iterations) in 1.19 seconds
Thread count was 2 (of 32 available processors)

Solution count 9: 2449.1 2450.1 2450.36 ... 3589.01

Optimal solution found (tolerance 1.00e-04)
Best objective 2.449100000000e+03, best bound 2.449100000000e+03, gap 0.0000%

User-callback calls 1545, time in user-callback 0.14 sec
================================================================================
executing instance: ./input/Instances/Original/4/absH3low_3n15.dat
--------------------------------------------------------------------------------
Instance details
n	16
H	3
C	1267
Li:
[0, 0, 0, 0, 0, 0, 0, 0, 0, 0, 0, 0, 0, 0, 0, 0, ]
Ui:
[0, 156, 267, 148, 144, 87, 33, 171, 76, 141, 270, 282, 60, 110, 172, 57, ]
Distance matrix:
|0	229	567	76	58	96	306	409	310	423	108	346	165	347	159	256	|
|229	0	482	243	279	155	375	525	251	419	158	373	65	123	329	246	|
|567	482	0	506	622	483	342	439	259	200	467	274	486	433	501	312	|
|76	243	506	0	119	88	230	337	255	352	88	272	179	347	94	194	|
|58	279	622	119	0	154	345	431	366	471	166	391	217	399	179	310	|
|96	155	483	88	154	0	266	397	224	358	17	289	92	262	176	179	|
|306	375	342	230	345	266	0	158	184	148	251	68	332	423	181	140	|
|409	525	439	337	431	397	158	0	340	244	386	201	476	581	253	298	|
|310	251	259	255	366	224	184	340	0	170	208	146	238	257	274	66	|
|423	419	200	352	471	358	148	244	170	0	341	84	396	424	323	182	|
|108	158	467	88	166	17	251	386	208	341	0	273	96	259	172	162	|
|346	373	274	272	391	289	68	201	146	84	273	0	340	400	239	127	|
|165	65	486	179	217	92	332	476	238	396	96	340	0	182	267	216	|
|347	123	433	347	399	262	423	581	257	424	259	400	182	0	423	283	|
|159	329	501	94	179	176	181	253	274	323	172	239	267	423	0	208	|
|256	246	312	194	310	179	140	298	66	182	162	127	216	283	208	0	|

--------------------------------------------------------------------------------
Building model...
	using lazy and cut (CVRPSEP package)
Solving IRP LP...
--------------------------------------------------------------------------------

Gurobi 9.1.0 (linux64) logging started Sat Jan  9 22:52:57 2021

Gurobi Optimizer version 9.1.0 build v9.1.0rc0 (linux64)
Thread count: 32 physical cores, 32 logical processors, using up to 2 threads
Optimize a model with 394 rows, 970 columns and 2962 nonzeros
Model fingerprint: 0x472e76b0
Variable types: 154 continuous, 816 integer (96 binary)
Coefficient statistics:
  Matrix range     [1e+00, 6e+02]
  Objective range  [1e-02, 6e+02]
  Bounds range     [1e+00, 3e+02]
  RHS range        [1e+01, 2e+03]
Presolve removed 116 rows and 62 columns
Presolve time: 0.02s
Presolved: 278 rows, 908 columns, 2564 nonzeros
Variable types: 92 continuous, 816 integer (726 binary)

Root relaxation: objective 1.641402e+03, 334 iterations, 0.01 seconds

    Nodes    |    Current Node    |     Objective Bounds      |     Work
 Expl Unexpl |  Obj  Depth IntInf | Incumbent    BestBd   Gap | It/Node Time

     0     0 1641.40180    0   42          - 1641.40180      -     -    0s
     0     0 1893.88469    0   32          - 1893.88469      -     -    0s
     0     0 1893.88469    0   27          - 1893.88469      -     -    0s
     0     0 2390.00743    0   62          - 2390.00743      -     -    0s
     0     0 2409.71784    0  107          - 2409.71784      -     -    0s
     0     0 2411.09389    0  115          - 2411.09389      -     -    0s
     0     0 2411.12773    0  111          - 2411.12773      -     -    0s
     0     0 2497.93233    0   72          - 2497.93233      -     -    0s
     0     0 2501.58180    0   53          - 2501.58180      -     -    0s
     0     0 2504.91456    0   75          - 2504.91456      -     -    0s
     0     0 2572.75332    0  116          - 2572.75332      -     -    0s
     0     0 2579.75470    0  117          - 2579.75470      -     -    0s
     0     0 2580.46974    0  108          - 2580.46974      -     -    0s
     0     0 2586.52710    0  113          - 2586.52710      -     -    0s
     0     0 2587.51213    0  114          - 2587.51213      -     -    0s
     0     0 2588.20428    0  125          - 2588.20428      -     -    0s
     0     0 2588.20428    0  121          - 2588.20428      -     -    0s
     0     2 2588.20428    0  121          - 2588.20428      -     -    0s
H  133   136                    4246.4900000 2626.55014  38.1%  44.3    1s
*  142   136              48    4241.4500000 2626.55014  38.1%  43.6    1s
H  144   119                    3540.3300000 2626.55014  25.8%  43.1    1s
H  214   126                    3328.9000000 2633.73013  20.9%  56.2    1s
H  245   145                    3298.9000000 2633.73013  20.2%  57.7    1s
H  293   132                    3240.9400000 2636.45882  18.7%  56.1    1s
*  301   138              13    3237.9400000 2636.45882  18.6%  55.4    1s
*  313   138              19    3237.4800000 2636.45882  18.6%  53.6    1s
*  315   137              18    3229.6000000 2636.45882  18.4%  53.3    1s
*  498   178              19    3171.0600000 2746.81284  13.4%  54.4    2s
H  507   166                    3132.0600000 2768.97593  11.6%  53.9    2s
H  604   193                    3131.3000000 2804.15914  10.4%  57.8    3s
H  685   190                    3111.6799963 2815.61661  9.51%  58.8    3s
   854   201 3015.48999   22   47 3111.68000 2882.20823  7.37%  59.8    5s
* 1715   180              18    3096.6800000 3010.36833  2.79%  49.0    8s
* 1823   102              16    3082.3200000 3020.47202  2.01%  47.9    8s
* 1942     0              15    3081.5600000 3034.81344  1.52%  46.7    8s

Cutting planes:
  User: 510
  Gomory: 6
  Cover: 113
  Implied bound: 16
  Clique: 12
  MIR: 65
  StrongCG: 3
  Flow cover: 111
  GUB cover: 2
  Zero half: 4
  RLT: 81
  Relax-and-lift: 1
  Lazy constraints: 244

Explored 2048 nodes (93933 simplex iterations) in 8.54 seconds
Thread count was 2 (of 32 available processors)

Solution count 10: 3081.56 3082.32 3096.68 ... 3237.94

Optimal solution found (tolerance 1.00e-04)
Best objective 3.081560000000e+03, best bound 3.081560000000e+03, gap 0.0000%

User-callback calls 5343, time in user-callback 1.09 sec
================================================================================
executing instance: ./input/Instances/Original/4/absH3low_2n45.dat
--------------------------------------------------------------------------------
Instance details
n	46
H	3
C	3171
Li:
[0, 0, 0, 0, 0, 0, 0, 0, 0, 0, 0, 0, 0, 0, 0, 0, 0, 0, 0, 0, 0, 0, 0, 0, 0, 0, 0, 0, 0, 0, 0, 0, 0, 0, 0, 0, 0, 0, 0, 0, 0, 0, 0, 0, 0, 0, ]
Ui:
[0, 246, 160, 78, 20, 87, 144, 40, 20, 82, 60, 96, 24, 136, 160, 108, 160, 26, 228, 51, 24, 240, 231, 70, 32, 105, 174, 114, 246, 126, 132, 76, 22, 42, 255, 132, 148, 162, 66, 111, 102, 240, 123, 201, 297, 78, ]
Distance matrix:
|0	148	402	550	329	420	187	318	366	280	504	273	233	333	112	344	379	481	113	593	159	523	261	424	90	359	163	461	413	240	105	299	265	89	371	462	339	273	495	22	41	439	369	506	563	468	|
|148	0	284	517	394	284	136	369	244	311	496	166	329	355	223	202	338	388	204	565	254	506	118	346	71	423	173	471	336	118	105	352	198	105	248	428	302	305	487	153	179	441	230	497	517	370	|
|402	284	0	350	448	80	228	406	42	343	382	129	456	350	412	126	219	131	382	395	410	371	180	137	314	466	289	400	137	167	389	401	169	316	39	280	217	342	373	394	414	362	108	380	324	106	|
|550	517	350	0	339	429	385	308	374	295	93	375	431	249	481	461	180	239	458	48	445	57	474	214	496	333	387	160	216	424	601	321	320	471	376	90	217	301	93	530	534	146	452	88	52	262	|
|329	394	448	339	0	513	282	42	438	105	255	363	115	108	221	484	259	431	217	365	172	289	436	362	333	30	224	189	353	380	423	47	291	296	443	285	240	107	251	307	294	193	495	260	378	437	|
|420	284	80	429	513	0	267	473	76	408	462	163	509	421	449	86	298	201	421	474	455	451	167	217	330	533	333	478	217	181	386	466	225	341	70	360	291	406	453	416	438	440	59	460	400	176	|
|187	136	228	385	282	267	0	249	199	186	360	104	248	224	184	214	207	294	155	432	189	371	155	237	113	308	68	336	227	101	216	236	78	98	205	296	168	181	350	174	190	305	231	360	390	283	|
|318	369	406	308	42	473	249	0	397	66	229	325	128	67	216	447	218	389	206	337	168	260	402	320	311	61	196	167	311	345	406	19	252	275	403	248	198	70	223	296	286	164	457	233	344	395	|
|366	244	42	374	438	76	199	397	0	332	397	96	436	346	383	90	228	168	354	420	385	389	139	161	277	458	263	408	158	128	349	391	150	282	6	298	218	331	388	359	380	370	78	395	352	144	|
|280	311	343	295	105	408	186	66	332	0	231	259	142	53	191	380	171	337	173	332	150	257	337	267	258	127	139	182	258	280	359	58	186	223	338	222	143	6	224	258	254	164	390	234	323	340	|
|504	496	382	93	255	462	360	229	397	231	0	375	356	180	422	478	173	293	403	110	381	36	474	248	463	245	345	68	246	419	568	244	308	433	400	104	200	237	9	482	482	67	474	5	142	312	|
|273	166	129	375	363	163	104	325	96	259	375	0	347	283	288	121	202	221	259	423	292	376	99	183	186	386	170	370	175	52	269	315	76	187	102	288	177	256	365	265	285	333	133	374	365	204	|
|233	329	456	431	115	509	248	128	436	142	356	347	0	181	121	462	311	472	128	463	76	386	398	403	260	141	180	294	392	349	334	111	287	224	442	362	280	139	350	212	194	289	479	360	463	472	|
|333	355	350	249	108	421	224	67	346	53	180	283	181	0	244	403	152	324	226	283	201	207	369	256	307	118	186	129	247	311	409	74	208	273	351	183	136	59	173	311	307	113	410	183	282	331	|
|112	223	412	481	221	449	184	216	383	191	422	288	121	244	0	387	327	461	30	521	49	447	313	396	152	250	125	371	385	273	214	196	249	121	389	400	288	185	415	91	74	355	408	425	503	454	|
|344	202	126	461	484	86	214	447	90	380	478	121	462	403	387	0	305	256	360	508	400	473	84	250	255	507	282	482	246	115	302	437	196	271	90	382	288	377	469	343	367	444	28	476	441	232	|
|379	338	219	180	259	298	207	218	228	171	173	202	311	152	327	305	0	172	301	227	300	174	302	105	318	270	217	180	97	249	423	221	141	296	232	90	40	173	164	361	368	142	303	172	184	180	|
|481	388	131	239	431	201	294	389	168	337	293	221	472	324	461	256	172	0	432	280	446	273	300	70	400	442	337	330	80	271	490	391	217	391	167	191	194	339	286	468	483	294	239	289	203	26	|
|113	204	382	458	217	421	155	206	354	173	403	259	128	226	30	360	301	432	0	499	52	426	287	367	133	246	95	355	356	246	208	187	219	100	360	376	261	167	395	90	81	337	381	406	478	425	|
|593	565	395	48	365	474	432	337	420	332	110	423	463	283	521	508	227	280	499	0	482	77	521	260	542	356	431	178	262	472	647	352	368	516	422	137	264	338	114	573	576	174	499	106	78	304	|
|159	254	410	445	172	455	189	168	385	150	381	292	76	201	49	400	300	446	52	482	0	407	331	378	184	201	122	327	367	286	258	149	242	150	391	367	263	144	374	137	122	314	419	384	470	441	|
|523	506	371	57	289	451	371	260	389	257	36	376	386	207	447	473	174	273	426	77	407	0	475	234	477	280	363	104	234	422	583	275	313	449	392	91	205	263	38	503	504	97	468	31	108	294	|
|261	118	180	474	436	167	155	402	139	337	474	99	398	369	313	84	302	300	287	521	331	475	0	275	173	462	220	465	268	58	219	390	168	193	142	388	275	333	464	261	286	430	111	473	462	279	|
|424	346	137	214	362	217	237	320	161	267	248	183	403	256	396	250	105	70	367	260	378	234	275	0	348	374	274	274	11	234	444	321	159	335	163	145	124	269	239	409	422	237	239	245	191	76	|
|90	71	314	496	333	330	113	311	277	258	463	186	260	307	152	255	318	400	133	542	184	477	173	348	0	362	121	430	338	150	106	293	190	37	282	406	279	252	454	88	113	403	280	464	502	386	|
|359	423	466	333	30	533	308	61	458	127	245	386	141	118	250	507	270	442	246	356	201	280	462	374	362	0	252	178	365	406	453	73	313	325	463	286	254	130	242	336	324	187	517	250	374	449	|
|163	173	289	387	224	333	68	196	263	139	345	170	180	186	125	282	217	337	95	431	122	363	220	274	121	252	0	310	263	168	225	180	124	88	269	300	177	133	337	144	152	284	299	347	400	330	|
|461	471	400	160	189	478	336	167	408	182	68	370	294	129	371	482	180	330	355	178	327	104	465	274	430	178	310	0	269	408	534	184	297	398	412	142	194	188	66	439	436	38	482	73	206	345	|
|413	336	137	216	353	217	227	311	158	258	246	175	392	247	385	246	97	80	356	262	367	234	268	11	338	365	263	269	0	226	434	312	149	324	160	143	115	259	237	399	411	232	237	243	196	84	|
|240	118	167	424	380	181	101	345	128	280	419	52	349	311	273	115	249	271	246	472	286	422	58	234	150	406	168	408	226	0	223	333	111	160	133	336	219	276	409	235	258	373	136	418	416	252	|
|105	105	389	601	423	386	216	406	349	359	568	269	334	409	214	302	423	490	208	647	258	583	219	444	106	453	225	534	434	223	0	388	289	137	353	511	384	353	559	123	145	508	330	570	606	473	|
|299	352	401	321	47	466	236	19	391	58	244	315	111	74	196	437	221	391	187	352	149	275	390	321	293	73	180	184	312	333	388	0	243	257	396	258	197	60	238	276	267	178	448	248	355	395	|
|265	198	169	320	291	225	78	252	150	186	308	76	287	208	249	196	141	217	219	368	242	313	168	159	190	313	124	297	149	111	289	243	0	176	156	231	109	183	299	251	266	262	205	308	319	207	|
|89	105	316	471	296	341	98	275	282	223	433	187	224	273	121	271	296	391	100	516	150	449	193	335	37	325	88	398	324	160	137	257	176	0	287	382	256	217	424	78	98	372	295	434	480	379	|
|371	248	39	376	443	70	205	403	6	338	400	102	442	351	389	90	232	167	360	422	391	392	142	163	282	463	269	412	160	133	353	396	156	287	0	301	222	336	391	365	386	374	77	398	353	143	|
|462	428	280	90	285	360	296	248	298	222	104	288	362	183	400	382	90	191	376	137	367	91	388	145	406	286	300	142	143	336	511	258	231	382	301	0	127	226	96	443	448	110	376	100	103	209	|
|339	302	217	217	240	291	168	198	218	143	200	177	280	136	288	288	40	194	261	264	263	205	275	124	279	254	177	194	115	219	384	197	109	256	222	127	0	145	190	321	328	157	289	199	224	198	|
|273	305	342	301	107	406	181	70	331	6	237	256	139	59	185	377	173	339	167	338	144	263	333	269	252	130	133	188	259	276	353	60	183	217	336	226	145	0	230	251	248	170	388	240	328	341	|
|495	487	373	93	251	453	350	223	388	224	9	365	350	173	415	469	164	286	395	114	374	38	464	239	454	242	337	66	237	409	559	238	299	424	391	96	190	230	0	474	474	61	465	11	141	305	|
|22	153	394	530	307	416	174	296	359	258	482	265	212	311	91	343	361	468	90	573	137	503	261	409	88	336	144	439	399	235	123	276	251	78	365	443	321	251	474	0	26	418	367	485	544	456	|
|41	179	414	534	294	438	190	286	380	254	482	285	194	307	74	367	368	483	81	576	122	504	286	422	113	324	152	436	411	258	145	267	266	98	386	448	328	248	474	26	0	416	391	484	550	472	|
|439	441	362	146	193	440	305	164	370	164	67	333	289	113	355	444	142	294	337	174	314	97	430	237	403	187	284	38	232	373	508	178	262	372	374	110	157	170	61	418	416	0	444	71	187	309	|
|369	230	108	452	495	59	231	457	78	390	474	133	479	410	408	28	303	239	381	499	419	468	111	239	280	517	299	482	237	136	330	448	205	295	77	376	289	388	465	367	391	444	0	472	429	214	|
|506	497	380	88	260	460	360	233	395	234	5	374	360	183	425	476	172	289	406	106	384	31	473	245	464	250	347	73	243	418	570	248	308	434	398	100	199	240	11	485	484	71	472	0	137	309	|
|563	517	324	52	378	400	390	344	352	323	142	365	463	282	503	441	184	203	478	78	470	108	462	191	502	374	400	206	196	416	606	355	319	480	353	103	224	328	141	544	550	187	429	137	0	228	|
|468	370	106	262	437	176	283	395	144	340	312	204	472	331	454	232	180	26	425	304	441	294	279	76	386	449	330	345	84	252	473	395	207	379	143	209	198	341	305	456	472	309	214	309	228	0	|

--------------------------------------------------------------------------------
Building model...
	using lazy and cut (CVRPSEP package)
Solving IRP LP...
--------------------------------------------------------------------------------

Gurobi 9.1.0 (linux64) logging started Sat Jan  9 22:53:06 2021

Gurobi Optimizer version 9.1.0 build v9.1.0rc0 (linux64)
Thread count: 32 physical cores, 32 logical processors, using up to 2 threads
Optimize a model with 1144 rows, 6940 columns and 18967 nonzeros
Model fingerprint: 0xb841a3d5
Variable types: 454 continuous, 6486 integer (276 binary)
Coefficient statistics:
  Matrix range     [1e+00, 2e+03]
  Objective range  [1e-02, 6e+02]
  Bounds range     [1e+00, 3e+02]
  RHS range        [1e+01, 5e+03]
Presolve removed 236 rows and 125 columns
Presolve time: 0.06s
Presolved: 908 rows, 6815 columns, 17559 nonzeros
Variable types: 326 continuous, 6489 integer (6216 binary)

Root relaxation: objective 2.539073e+03, 901 iterations, 0.02 seconds

    Nodes    |    Current Node    |     Objective Bounds      |     Work
 Expl Unexpl |  Obj  Depth IntInf | Incumbent    BestBd   Gap | It/Node Time

     0     0 2539.07262    0  133          - 2539.07262      -     -    0s
     0     0 2861.36306    0  132          - 2861.36306      -     -    0s
     0     0 2907.71234    0  185          - 2907.71234      -     -    0s
     0     0 2934.12802    0  148          - 2934.12802      -     -    0s
     0     0 2934.23570    0  138          - 2934.23570      -     -    0s
     0     0 3163.89285    0  186          - 3163.89285      -     -    0s
     0     0 3277.37150    0  171          - 3277.37150      -     -    0s
     0     0 3317.60459    0  166          - 3317.60459      -     -    0s
     0     0 3321.05085    0  158          - 3321.05085      -     -    0s
     0     0 3334.34914    0  176          - 3334.34914      -     -    0s
     0     0 3335.66854    0  178          - 3335.66854      -     -    0s
     0     0 3335.68275    0  173          - 3335.68275      -     -    0s
     0     0 3716.35964    0  143          - 3716.35964      -     -    1s
     0     0 3747.38445    0  176          - 3747.38445      -     -    1s
     0     0 3762.72307    0  161          - 3762.72307      -     -    1s
     0     0 3765.88902    0  196          - 3765.88902      -     -    1s
     0     0 3766.08839    0  240          - 3766.08839      -     -    1s
     0     0 3797.54800    0  213          - 3797.54800      -     -    2s
     0     0 3819.99264    0  151          - 3819.99264      -     -    2s
     0     0 3829.66781    0  263          - 3829.66781      -     -    2s
     0     0 3834.31631    0  310          - 3834.31631      -     -    2s
     0     0 3836.35621    0  271          - 3836.35621      -     -    2s
     0     0 3836.67777    0  255          - 3836.67777      -     -    2s
     0     0 3846.27561    0  246          - 3846.27561      -     -    2s
     0     0 3854.69980    0  320          - 3854.69980      -     -    2s
     0     0 3856.65114    0  347          - 3856.65114      -     -    2s
     0     0 3868.04149    0  318          - 3868.04149      -     -    3s
     0     0 3868.04149    0  310          - 3868.04149      -     -    3s
     0     2 3868.04149    0  310          - 3868.04149      -     -    3s
    23    28 3905.50822    7  244          - 3897.05516      -   246    5s
   184   197 4713.03180   63   56          - 3897.05516      -   149   10s
   468   529 4816.34034  116   27          - 3897.05516      -  77.9   15s
   822   816 6725.72000  218   11          - 3900.20252      -  52.9   20s
   913   847 7071.01000  261  414          - 3927.39883      -  50.9   25s
   929   858 4746.61348  102  432          - 3943.77365      -  50.0   30s
   939   868 3993.82379   16  309          - 3959.34161      -  61.6   35s
  1009   922 4183.17932   28  149          - 3986.41049      -  71.7   40s
  1125  1009 4509.03180   44   76          - 3986.41049      -  75.2   45s
  1270  1097 4953.53500   67   14          - 3986.41049      -  73.7   50s
  1455  1226 5208.02355  103   16          - 3986.41049      -  69.5   56s
* 1541  1204             206    7152.9600000 3986.41049  44.3%  67.3   57s
* 1563  1155             216    7135.2800000 3986.41049  44.1%  66.5   58s
  1579  1148 5238.49000  121   11 7135.28000 3986.41049  44.1%  65.9   60s
  1662  1194 5314.64593  155   24 7135.28000 3986.41049  44.1%  67.3   71s
  1710  1227 6120.09000  177    3 7135.28000 3986.41049  44.1%  67.2   75s
  1822  1288 7020.73000  228    - 7135.28000 3988.83644  44.1%  65.9   81s
  1867  1319 4404.85888   24  167 7135.28000 3988.83644  44.1%  70.6   85s
  1928  1363 4753.31587   43   70 7135.28000 3988.83644  44.1%  74.0   90s
  1985  1413 4844.40372   59   63 7135.28000 3988.83644  44.1%  75.8   95s
  2096  1486 4996.54555  104    4 7135.28000 3988.83644  44.1%  74.9  100s
  2182  1604 5794.88000  127   32 7135.28000 3988.83644  44.1%  74.9  105s
  2362  1642 6817.12000  229    6 7135.28000 3988.89312  44.1%  71.3  110s
  2471  1738 4251.12162   24  133 7135.28000 3988.89312  44.1%  72.0  115s
  2626  1806 4408.50034   26   62 7135.28000 3988.89312  44.1%  71.3  121s
  2678  1809 4412.05964   32  133 7135.28000 3988.89312  44.1%  72.6  125s
  2758  1872 4494.92120   65   59 7135.28000 3988.89312  44.1%  74.9  131s
  2813  1957 4726.65800   79   50 7135.28000 3988.89312  44.1%  76.6  136s
  2947  1999 5050.41390  121   44 7135.28000 3988.89312  44.1%  76.9  146s
  2971  2079 5053.75470  121   36 7135.28000 3988.89312  44.1%  77.3  150s
  3113  2214 5812.42273  182   42 7135.28000 3988.89312  44.1%  75.9  155s
  3355  2238 4115.27086   22  322 7135.28000 4004.33451  43.9%  73.9  161s
  3423  2310 4302.93233   34  119 7135.28000 4004.33451  43.9%  73.9  165s
  3546  2429 4820.22350  127   27 7135.28000 4004.33451  43.9%  73.1  170s
  3665  2509 4169.90157   26  236 7135.28000 4017.75792  43.7%  73.3  176s
  3728  2649 4481.61621   75   83 7135.28000 4017.75792  43.7%  74.0  180s
H 3781  2621                    7041.4200000 4017.75792  42.9%  73.5  180s
  3868  2698 5101.50765  151   18 7041.42000 4018.19539  42.9%  73.1  185s
  4000  2811 7019.08329  171   36 7041.42000 4022.15110  42.9%  72.9  190s
  4151  2957 4377.36064   29  198 7041.42000 4022.47493  42.9%  73.8  199s
  4309  2986 6660.74000  194    - 7041.42000 4022.47493  42.9%  72.2  201s
  4318  3135 4609.83318   44  109 7041.42000 4045.08168  42.6%  72.1  206s
  4537  3184     cutoff  147      7041.42000 4057.36322  42.4%  70.7  211s
  4572  3191 4330.16230   38  255 7041.42000 4057.57330  42.4%  71.9  223s
  4579  3241 4390.79555   42  216 7041.42000 4057.57330  42.4%  72.1  226s
  4629  3426 4705.82198   69   50 7041.42000 4064.51947  42.3%  72.7  231s
  4854  3491 6307.50000  161    - 7041.42000 4064.52385  42.3%  70.8  238s
  4933  3537 6548.99000  161   16 7041.42000 4073.80495  42.1%  71.5  242s
  4983  3643 6702.15000  167    - 7041.42000 4075.86505  42.1%  72.3  247s
  5102  3699 6810.84333  167   32 7041.42000 4077.69665  42.1%  72.6  253s
  5250  3761 6887.72000  172   26 7041.42000 4078.26798  42.1%  72.3  258s
  5290  3794     cutoff  179      7041.42000 4079.35087  42.1%  73.2  262s
  5327  3919 4454.54422   38   82 7041.42000 4080.27628  42.1%  74.3  268s
  5423  3922 6614.67300  128   13 7041.42000 4080.27628  42.1%  73.7  270s
  5472  4072 5617.24539  101   58 7041.42000 4080.31734  42.1%  73.9  275s
  5666  4120     cutoff  173      7041.42000 4086.98749  42.0%  73.1  282s
  5734  4244 4523.42050   34  134 7041.42000 4088.65022  41.9%  73.8  290s
  5885  4266     cutoff  150      7041.42000 4096.29871  41.8%  73.5  296s
  5905  4309 4311.82969   22  227 7041.42000 4098.33728  41.8%  75.1  302s
  5948  4425 4548.06000   34    4 7041.42000 4098.33728  41.8%  76.7  309s
  5971  4426 4577.69000   46    8 7041.42000 4098.33728  41.8%  77.0  310s
  6086  4504 5019.71000   69   18 7041.42000 4098.39065  41.8%  77.2  318s
  6188  4651 5297.59000   77    - 7041.42000 4103.28327  41.7%  77.6  326s
  6377  4695     cutoff  143      7041.42000 4104.18026  41.7%  77.6  333s
  6415  4846     cutoff  142      7041.42000 4108.18448  41.7%  78.9  341s
