




arguments: ./build/bc_mirp -f ./input/orig_exec_167.cfg
Current dir: /scratch/gui/bc_mirp
File verbosity level: 9
date       time         ( uptime  ) [ thread name/id ]                   file:line     v| 
2021-02-10 21:23:32.998 (   0.037s) [main thread     ]             loguru.cpp:789   INFO| Logging to './output/vi_vc+lex_half/OU/V3/Original/execution_10_02_2021_21_23_32.log', mode: 'a', verbosity: 9
--------------------------------------------------------------------------------
Parameters
                           instance_path           ./input/Instances/Original/4/
                            model_policy                                       1
                             nb_vehicles                                       3
                              output_dir ./output/vi_vc+lex_half/OU/V3/Original/
                            sec_strategy                                       1
                       solver_nb_threads                                       2
                         solver_show_log                                    true
                       solver_time_limit                                    3600
                              use_vi_cos                                   false
                              use_vi_cus                                   false
                         use_vi_hc1_full                                   false
                         use_vi_hc1_half                                   false
                      use_vi_hc1_quarter                                   false
                              use_vi_hc2                                   false
                              use_vi_hc3                                   false
                         use_vi_lex_full                                   false
                         use_vi_lex_half                                    true
                      use_vi_lex_quarter                                   false
                              use_vi_qua                                   false
                               use_vi_vc                                    true
                               use_vi_vr                                   false
--------------------------------------------------------------------------------
executing instance: ./input/Instances/Original/4/absH3low_3n30.dat
--------------------------------------------------------------------------------
Instance details
n	31
H	3
C	2841
Li:
[0, 0, 0, 0, 0, 0, 0, 0, 0, 0, 0, 0, 0, 0, 0, 0, 0, 0, 0, 0, 0, 0, 0, 0, 0, 0, 0, 0, 0, 0, 0, ]
Ui:
[0, 246, 98, 54, 144, 171, 192, 180, 165, 98, 122, 198, 297, 144, 130, 129, 219, 138, 142, 150, 108, 66, 64, 285, 180, 204, 276, 168, 240, 198, 122, ]
Distance matrix:
|0	172	56	166	260	198	42	197	296	110	91	112	238	275	323	183	330	232	175	181	162	191	232	280	201	139	356	185	266	216	26	|
|172	0	178	223	320	335	153	355	444	62	231	99	333	376	214	352	176	235	194	106	47	41	353	161	299	175	225	43	326	374	153	|
|56	178	0	110	204	162	93	233	336	125	144	148	187	226	358	180	313	284	123	152	182	185	282	252	256	88	329	177	210	251	42	|
|166	223	110	0	102	150	199	327	431	194	253	237	113	156	431	228	296	386	44	140	248	208	389	218	366	48	287	200	108	344	148	|
|260	320	204	102	0	156	296	391	493	296	340	339	66	90	531	263	362	486	127	226	349	300	469	278	454	148	334	292	6	406	245	|
|198	335	162	150	156	0	239	255	351	286	245	307	93	106	518	111	442	423	194	280	344	335	349	367	352	182	437	327	158	266	199	|
|42	153	93	199	296	239	0	203	296	91	82	76	278	316	284	217	322	191	201	186	133	180	217	281	177	165	356	175	302	222	52	|
|197	355	233	327	391	255	203	0	104	294	125	266	340	361	436	151	524	276	352	377	330	383	109	477	146	319	553	377	395	19	222	|
|296	444	336	431	493	351	296	104	0	384	214	348	440	456	488	241	617	315	456	476	412	475	113	575	176	422	651	470	497	88	322	|
|110	62	125	194	296	286	91	294	384	0	171	55	298	340	238	292	233	210	176	118	58	91	298	201	248	148	273	87	302	313	94	|
|91	231	144	253	340	245	82	125	214	171	0	141	307	339	324	184	403	187	266	266	204	261	140	363	114	230	438	256	346	144	116	|
|112	99	148	237	339	307	76	266	348	55	141	0	332	373	212	292	275	156	225	173	64	137	254	253	200	194	322	135	345	284	108	|
|238	333	187	113	66	93	278	340	440	298	307	332	0	43	536	203	404	469	153	253	354	321	427	322	420	160	385	313	67	353	229	|
|275	376	226	156	90	106	316	361	456	340	339	373	43	0	578	216	443	507	194	295	397	364	453	361	451	203	421	356	88	372	268	|
|323	214	358	431	531	518	284	436	488	238	324	212	536	578	0	498	309	176	407	320	183	245	376	344	312	383	379	251	537	451	319	|
|183	352	180	228	263	111	217	151	241	292	184	292	203	216	498	0	492	371	266	328	345	364	255	426	272	242	501	356	266	159	198	|
|330	176	313	296	362	442	322	524	617	233	403	275	404	443	309	492	0	397	253	164	218	142	529	84	475	260	72	147	367	543	306	|
|232	235	284	386	486	423	191	276	315	210	187	156	469	507	176	371	397	0	379	327	188	276	202	396	139	346	456	277	492	289	242	|
|175	194	123	44	127	194	201	352	456	176	266	225	153	194	407	266	253	379	0	101	225	174	405	174	375	36	244	166	133	370	152	|
|181	106	152	140	226	280	186	377	476	118	266	173	253	295	320	328	164	327	101	0	148	76	403	100	360	98	177	69	232	396	155	|
|162	47	182	248	349	344	133	330	412	58	204	64	354	397	183	345	218	188	225	148	0	89	316	208	259	201	270	90	355	348	149	|
|191	41	185	208	300	335	180	383	475	91	261	137	321	364	245	364	142	276	174	76	89	0	388	119	336	162	185	8	306	402	169	|
|232	353	282	389	469	349	217	109	113	298	140	254	427	453	376	255	529	202	405	403	316	388	0	497	64	369	570	384	474	112	256	|
|280	161	252	218	278	367	281	477	575	201	363	253	322	361	344	426	84	396	174	100	208	119	497	0	449	187	77	119	283	496	255	|
|201	299	256	366	454	352	177	146	176	248	114	200	420	451	312	272	475	139	375	360	259	336	64	449	0	339	521	333	460	156	223	|
|139	175	88	48	148	182	165	319	422	148	230	194	160	203	383	242	260	346	36	98	201	162	369	187	339	0	260	153	154	337	116	|
|356	225	329	287	334	437	356	553	651	273	438	322	385	421	379	501	72	456	244	177	270	185	570	77	521	260	0	187	338	572	331	|
|185	43	177	200	292	327	175	377	470	87	256	135	313	356	251	356	147	277	166	69	90	8	384	119	333	153	187	0	298	396	163	|
|266	326	210	108	6	158	302	395	497	302	346	345	67	88	537	266	367	492	133	232	355	306	474	283	460	154	338	298	0	410	251	|
|216	374	251	344	406	266	222	19	88	313	144	284	353	372	451	159	543	289	370	396	348	402	112	496	156	337	572	396	410	0	241	|
|26	153	42	148	245	199	52	222	322	94	116	108	229	268	319	198	306	242	152	155	149	169	256	255	223	116	331	163	251	241	0	|

--------------------------------------------------------------------------------
Building model...
	using lazy and cut (CVRPSEP package)
Solving IRP LP...
--------------------------------------------------------------------------------

Gurobi 9.1.0 (linux64) logging started Wed Feb 10 21:23:33 2021

Gurobi Optimizer version 9.1.0 build v9.1.0rc0 (linux64)
Thread count: 32 physical cores, 32 logical processors, using up to 2 threads
Optimize a model with 967 rows, 4858 columns and 11950 nonzeros
Model fingerprint: 0xbd0365c3
Variable types: 394 continuous, 4464 integer (279 binary)
Coefficient statistics:
  Matrix range     [1e+00, 3e+04]
  Objective range  [1e-02, 7e+02]
  Bounds range     [1e+00, 3e+02]
  RHS range        [1e+00, 5e+03]
Presolve removed 292 rows and 405 columns
Presolve time: 0.09s
Presolved: 675 rows, 4453 columns, 10264 nonzeros
Variable types: 236 continuous, 4217 integer (3939 binary)

Root relaxation: objective 2.359034e+03, 915 iterations, 0.02 seconds

    Nodes    |    Current Node    |     Objective Bounds      |     Work
 Expl Unexpl |  Obj  Depth IntInf | Incumbent    BestBd   Gap | It/Node Time

     0     0 2359.03397    0   87          - 2359.03397      -     -    0s
     0     0 2650.85838    0  108          - 2650.85838      -     -    0s
     0     0 2861.10705    0  109          - 2861.10705      -     -    0s
     0     0 2888.12373    0  161          - 2888.12373      -     -    0s
     0     0 2895.37805    0  143          - 2895.37805      -     -    0s
     0     0 2937.00506    0  157          - 2937.00506      -     -    0s
     0     0 2945.12094    0  154          - 2945.12094      -     -    0s
     0     0 2949.28188    0  167          - 2949.28188      -     -    0s
     0     0 2950.16747    0  164          - 2950.16747      -     -    0s
     0     0 3215.00613    0  192          - 3215.00613      -     -    0s
     0     0 3281.06720    0  173          - 3281.06720      -     -    0s
     0     0 3281.82473    0  221          - 3281.82473      -     -    0s
     0     0 3386.77024    0  271          - 3386.77024      -     -    0s
     0     0 3401.38419    0  281          - 3401.38419      -     -    0s
     0     0 3402.16430    0  261          - 3402.16430      -     -    0s
     0     0 3472.74890    0  309          - 3472.74890      -     -    0s
     0     0 3477.12536    0  320          - 3477.12536      -     -    0s
     0     0 3477.67881    0  338          - 3477.67881      -     -    0s
     0     0 3490.34216    0  290          - 3490.34216      -     -    1s
     0     0 3497.25559    0  304          - 3497.25559      -     -    1s
     0     0 3503.48860    0  315          - 3503.48860      -     -    1s
     0     0 3504.47768    0  284          - 3504.47768      -     -    1s
     0     0 3511.16836    0  303          - 3511.16836      -     -    1s
     0     0 3515.09575    0  300          - 3515.09575      -     -    1s
     0     0 3516.28527    0  293          - 3516.28527      -     -    1s
     0     0 3517.24254    0  302          - 3517.24254      -     -    1s
     0     0 3521.00126    0  280          - 3521.00126      -     -    1s
     0     2 3521.50995    0  277          - 3521.50995      -     -    1s
   181   196 4946.39160   52  117          - 3537.00397      -   158    5s
*  410   420             140    6202.1200000 3537.00397  43.0%  92.7    6s
   514   451 4123.96008   19  216 6202.12000 3552.03511  42.7%   108   10s
H  631   603                    6182.7300000 3552.03511  42.5%   104   12s
H  634   582                    6048.9000000 3552.03511  41.3%   105   12s
H  739   611                    6017.6300000 3552.03511  41.0%  92.1   14s
   741   612 4822.50515   50  196 6017.63000 3552.03511  41.0%  91.9   15s
H  757   592                    5951.6300000 3682.97796  38.1%  89.9   18s
   765   597 3708.54426    9  378 5951.63000 3684.80637  38.1%  89.0   20s
   785   615 3695.43877   22  425 5951.63000 3695.10690  37.9%   101   25s
H  808   599                    5902.3600000 3733.15188  36.8%   107   28s
   834   620 3854.00679   34  288 5902.36000 3733.15188  36.8%   115   30s
   925   683 4345.21583   59  131 5902.36000 3733.15188  36.8%   130   35s
  1239   887 4722.99257   96  130 5902.36000 3733.15188  36.8%   119   40s
* 1441   790             145    5058.2000000 3733.28602  26.2%   111   42s
H 1485   556                    4716.7100000 3733.28602  20.8%   111   44s
H 1494   521                    4683.7100000 3733.28602  20.3%   113   45s
  1625   634 4056.33137   30  319 4683.71000 3734.87099  20.3%   120   50s
  1846   739     cutoff   64      4683.71000 3751.00526  19.9%   120   55s
  2052   803 4262.33113   39   88 4683.71000 3769.96680  19.5%   122   60s
  2213   872 4222.00213   39  265 4683.71000 3772.35025  19.5%   123   65s
  2347   962 3923.51432   29  292 4683.71000 3783.20326  19.2%   128   70s
  2452  1089 4265.77601   48   71 4683.71000 3788.62877  19.1%   129   76s
* 2538  1086              81    4648.6100000 3797.30545  18.3%   128   77s
  2604  1133     cutoff   55      4648.61000 3812.18886  18.0%   129   80s
H 2610  1130                    4646.7800000 3812.18886  18.0%   129   80s
  2687  1186 4345.60805   32  258 4646.78000 3819.34375  17.8%   132   85s
  2799  1278 4445.21193   43  128 4646.78000 3832.49994  17.5%   136   91s
  2897  1320     cutoff   51      4646.78000 3840.30655  17.4%   136   95s
  2953  1357 4589.49773   51  141 4646.78000 3840.30655  17.4%   139  100s
  3045  1422 4072.47476   32  344 4646.78000 3847.04277  17.2%   141  106s
H 3071   978                    4437.6100000 3849.17328  13.3%   142  108s
  3109   988 4134.51789   36  299 4437.61000 3852.32037  13.2%   143  110s
  3189  1013 4134.67896   30  274 4437.61000 3864.07343  12.9%   146  115s
H 3198   949                    4418.3400000 3864.07343  12.5%   146  115s
  3256   981 4160.02787   36  405 4418.34000 3873.04714  12.3%   148  120s
  3331  1016 4137.26763   29  339 4418.34000 3893.40777  11.9%   153  125s
  3393  1061     cutoff   33      4418.34000 3898.59081  11.8%   156  130s
  3517  1125 4208.74599   28  290 4418.34000 3909.66844  11.5%   157  135s
  3595  1163 4269.38334   33  227 4418.34000 3915.82790  11.4%   161  141s
  3705  1254 4334.81868   36   88 4418.34000 3923.59406  11.2%   162  146s
  3772  1272 4160.06722   33  277 4418.34000 3925.60803  11.2%   163  150s
  3873  1334 4359.01853   42  170 4418.34000 3930.48814  11.0%   165  156s
  3928  1355 4242.83588   33   84 4418.34000 3930.52336  11.0%   166  161s
  3984  1402 4311.54396   40   50 4418.34000 3931.08792  11.0%   166  165s
* 4010  1286              53    4387.0500000 3931.08792  10.4%   165  165s
  4163  1323 4315.67842   34  189 4387.05000 3938.92466  10.2%   166  172s
  4217  1336 4304.93040   32  329 4387.05000 3941.21793  10.2%   168  175s
  4364  1417     cutoff   33      4387.05000 3955.21246  9.84%   170  184s
H 4369  1376                    4375.3700000 3955.21246  9.60%   170  184s
H 4391  1287                    4353.0500000 3955.21246  9.14%   170  184s
  4461  1333 4080.63999   33  409 4353.05000 3960.99606  9.01%   170  188s
H 4561  1208                    4325.4100000 3963.54726  8.37%   170  192s
  4624  1229     cutoff   37      4325.41000 3967.75882  8.27%   172  197s
  4689  1232     cutoff   38      4325.41000 3969.03820  8.24%   173  202s
  4746  1238 4181.92127   30  299 4325.41000 3976.34657  8.07%   174  208s
  4812  1274 4205.16743   32  252 4325.41000 3978.62415  8.02%   176  213s
  4896  1296 4260.56403   40  301 4325.41000 3981.07719  7.96%   177  219s
  4972  1315 4296.07423   30  207 4325.41000 3989.84965  7.76%   178  224s
  5046  1319     cutoff   32      4325.41000 3997.43798  7.58%   179  230s
  5107  1333     cutoff   31      4325.41000 4003.95881  7.43%   181  236s
  5201  1354 4259.05005   40  222 4325.41000 4012.99939  7.22%   183  241s
  5302  1361     cutoff   36      4325.41000 4021.98335  7.01%   184  248s
  5407  1388 4230.02609   28  148 4325.41000 4024.69445  6.95%   185  254s
  5533  1391 4281.02995   30  282 4325.41000 4031.24096  6.80%   185  260s
  5627  1403 4198.92295   36  316 4325.41000 4036.33282  6.68%   187  267s
  5736  1415 4305.55148   34   46 4325.41000 4038.73405  6.63%   189  274s
  5816  1425 4141.89568   35  176 4325.41000 4040.46528  6.59%   190  281s
  5924  1434     cutoff   35      4325.41000 4050.30075  6.36%   191  287s
  5992  1470     cutoff   36      4325.41000 4050.89247  6.35%   194  295s
  6127  1473     cutoff   35      4325.41000 4055.55612  6.24%   194  302s
  6238  1483 4209.56825   31  212 4325.41000 4058.05856  6.18%   195  309s
  6339  1488 4224.62966   31  232 4325.41000 4064.27947  6.04%   197  316s
  6472  1498 4214.34673   33  181 4325.41000 4070.06954  5.90%   198  324s
  6585  1508 4209.87391   34  360 4325.41000 4073.67813  5.82%   199  330s
  6698  1504     cutoff   37      4325.41000 4078.34819  5.71%   201  338s
  6813  1514 4239.34586   33  205 4325.41000 4084.17074  5.58%   202  345s
  6909  1522     cutoff   30      4325.41000 4087.91911  5.49%   203  353s
  7022  1515     cutoff   38      4325.41000 4090.38650  5.43%   204  360s
  7113  1543     cutoff   27      4325.41000 4093.42749  5.36%   205  368s
  7277  1568 4241.46435   31  364 4325.41000 4095.08576  5.32%   205  377s
  7446  1588     cutoff   34      4325.41000 4102.96185  5.14%   205  387s
  7614  1585     cutoff   36      4325.41000 4111.46455  4.95%   206  396s
  7763  1589 4290.69279   33  356 4325.41000 4114.95010  4.87%   208  406s
  7937  1587 4172.88318   25  288 4325.41000 4119.68854  4.76%   208  417s
  8090  1603 4308.88844   41  194 4325.41000 4124.86629  4.64%   209  427s
  8295  1590 infeasible   33      4325.41000 4129.63743  4.53%   209  436s
  8409  1578 infeasible   36      4325.41000 4134.71880  4.41%   211  445s
  8579  1570     cutoff   35      4325.41000 4140.34967  4.28%   211  457s
  8777  1571 4301.53928   28  107 4325.41000 4147.98453  4.10%   212  468s
  8970  1538     cutoff   35      4325.41000 4154.24788  3.96%   212  479s
  9155  1518     cutoff   32      4325.41000 4162.16625  3.77%   214  491s
  9425  1513 4251.80312   39  207 4325.41000 4171.79489  3.55%   213  502s
  9650  1541 4280.41643   36  100 4325.41000 4177.73501  3.41%   213  513s
* 9881  1371              51    4304.3700000 4181.04014  2.87%   212  514s
  9929  1328 4264.43870   37  346 4304.37000 4181.21796  2.86%   212  523s
 10151  1282     cutoff   38      4304.37000 4188.60487  2.69%   212  532s
 10345  1246     cutoff   33      4304.37000 4195.88339  2.52%   211  541s
 10585  1196     cutoff   39      4304.37000 4202.96043  2.36%   210  549s
 10781  1159 4298.37430   36  235 4304.37000 4212.31494  2.14%   210  558s
 11003  1110     cutoff   30      4304.37000 4219.64321  1.97%   209  567s
 11245  1030     cutoff   31      4304.37000 4226.84700  1.80%   208  574s
 11484   915 4297.20562   37  210 4304.37000 4234.68723  1.62%   207  582s
 11716   846     cutoff   33      4304.37000 4242.70790  1.43%   205  590s
*12037   420              45    4272.4100000 4249.80154  0.53%   202  591s
 12246   141     cutoff   42      4272.41000 4257.25422  0.35%   200  595s

Cutting planes:
  User: 3464
  Gomory: 27
  Cover: 215
  Implied bound: 118
  Projected implied bound: 1
  Clique: 17
  MIR: 60
  StrongCG: 1
  Flow cover: 140
  GUB cover: 1
  Zero half: 7
  RLT: 151
  Relax-and-lift: 6
  Lazy constraints: 522

Explored 12532 nodes (2457583 simplex iterations) in 596.09 seconds
Thread count was 2 (of 32 available processors)

Solution count 10: 4272.41 4304.37 4325.41 ... 4648.61

Optimal solution found (tolerance 1.00e-04)
Best objective 4.272410000000e+03, best bound 4.272410000000e+03, gap 0.0000%

User-callback calls 75669, time in user-callback 22.75 sec
================================================================================
executing instance: ./input/Instances/Original/4/absH3low_3n10.dat
--------------------------------------------------------------------------------
Instance details
n	11
H	3
C	687
Li:
[0, 0, 0, 0, 0, 0, 0, 0, 0, 0, 0, ]
Ui:
[0, 189, 44, 174, 78, 36, 198, 117, 42, 96, 240, ]
Distance matrix:
|0	209	255	286	142	156	285	317	182	161	135	|
|209	0	464	451	315	356	490	469	361	299	260	|
|255	464	0	221	202	130	74	280	189	254	273	|
|286	451	221	0	145	156	164	479	354	153	192	|
|142	315	202	145	0	73	194	388	250	53	73	|
|156	356	130	156	73	0	134	332	200	127	144	|
|285	490	74	164	194	134	0	353	256	239	267	|
|317	469	280	479	388	332	353	0	141	436	430	|
|182	361	189	354	250	200	256	141	0	296	289	|
|161	299	254	153	53	127	239	436	296	0	39	|
|135	260	273	192	73	144	267	430	289	39	0	|

--------------------------------------------------------------------------------
Building model...
	using lazy and cut (CVRPSEP package)
Solving IRP LP...
--------------------------------------------------------------------------------

Gurobi 9.1.0 (linux64) logging started Wed Feb 10 21:33:29 2021

Gurobi Optimizer version 9.1.0 build v9.1.0rc0 (linux64)
Thread count: 32 physical cores, 32 logical processors, using up to 2 threads
Optimize a model with 347 rows, 728 columns and 2210 nonzeros
Model fingerprint: 0x6374267a
Variable types: 134 continuous, 594 integer (99 binary)
Coefficient statistics:
  Matrix range     [1e+00, 2e+02]
  Objective range  [1e-02, 5e+02]
  Bounds range     [1e+00, 2e+02]
  RHS range        [1e+00, 1e+03]
Presolve removed 112 rows and 145 columns
Presolve time: 0.02s
Presolved: 235 rows, 583 columns, 1612 nonzeros
Variable types: 76 continuous, 507 integer (420 binary)

Root relaxation: objective 1.502979e+03, 353 iterations, 0.00 seconds

    Nodes    |    Current Node    |     Objective Bounds      |     Work
 Expl Unexpl |  Obj  Depth IntInf | Incumbent    BestBd   Gap | It/Node Time

     0     0 1502.97921    0   36          - 1502.97921      -     -    0s
     0     0 1811.44808    0   52          - 1811.44808      -     -    0s
H    0     0                    6416.5500000 1811.44808  71.8%     -    0s
H    0     0                    5523.9700000 1811.44808  67.2%     -    0s
     0     0 2117.90650    0   66 5523.97000 2117.90650  61.7%     -    0s
H    0     0                    3659.4900000 2117.90650  42.1%     -    0s
     0     0 2124.69573    0   63 3659.49000 2124.69573  41.9%     -    0s
     0     0 2237.99507    0  108 3659.49000 2237.99507  38.8%     -    0s
     0     0 2259.40398    0   97 3659.49000 2259.40398  38.3%     -    0s
     0     0 2262.47819    0  111 3659.49000 2262.47819  38.2%     -    0s
     0     0 2262.63476    0  116 3659.49000 2262.63476  38.2%     -    0s
     0     0 2322.53401    0  115 3659.49000 2322.53401  36.5%     -    0s
H    0     0                    2800.3600000 2322.53401  17.1%     -    0s
     0     0 2325.51489    0  111 2800.36000 2325.51489  17.0%     -    0s
     0     0 2326.79590    0  104 2800.36000 2326.79590  16.9%     -    0s
     0     0 2327.11910    0  102 2800.36000 2327.11910  16.9%     -    0s
     0     0 2334.50595    0  120 2800.36000 2334.50595  16.6%     -    0s
H    0     0                    2735.3600000 2334.50595  14.7%     -    0s
     0     0 2339.66567    0  135 2735.36000 2339.66567  14.5%     -    0s
     0     0 2341.19320    0  142 2735.36000 2341.19320  14.4%     -    0s
     0     0 2341.25541    0  134 2735.36000 2341.25541  14.4%     -    0s
     0     0 2346.04330    0  142 2735.36000 2346.04330  14.2%     -    0s
     0     0 2349.08594    0  124 2735.36000 2349.08594  14.1%     -    0s
     0     0 2349.84935    0  118 2735.36000 2349.84935  14.1%     -    0s
     0     0 2350.89065    0  105 2735.36000 2350.89065  14.1%     -    0s
     0     0 2350.94449    0  127 2735.36000 2350.94449  14.1%     -    0s
     0     0 2351.21328    0  127 2735.36000 2351.21328  14.0%     -    0s
     0     0 2351.21328    0  127 2735.36000 2351.21328  14.0%     -    0s
     0     2 2351.86755    0  127 2735.36000 2351.86755  14.0%     -    0s
*  523    34              10    2734.1000000 2632.69304  3.71%  36.5    1s

Cutting planes:
  User: 38
  Gomory: 7
  Cover: 80
  Implied bound: 38
  Clique: 18
  MIR: 50
  StrongCG: 2
  Flow cover: 49
  GUB cover: 3
  Zero half: 2
  Network: 3
  RLT: 57
  Relax-and-lift: 17
  Lazy constraints: 28

Explored 585 nodes (22543 simplex iterations) in 1.36 seconds
Thread count was 2 (of 32 available processors)

Solution count 6: 2734.1 2735.36 2800.36 ... 6416.55

Optimal solution found (tolerance 1.00e-04)
Best objective 2.734100000000e+03, best bound 2.734100000000e+03, gap 0.0000%

User-callback calls 1637, time in user-callback 0.16 sec
================================================================================
executing instance: ./input/Instances/Original/4/absH3low_3n15.dat
--------------------------------------------------------------------------------
Instance details
n	16
H	3
C	1267
Li:
[0, 0, 0, 0, 0, 0, 0, 0, 0, 0, 0, 0, 0, 0, 0, 0, ]
Ui:
[0, 156, 267, 148, 144, 87, 33, 171, 76, 141, 270, 282, 60, 110, 172, 57, ]
Distance matrix:
|0	229	567	76	58	96	306	409	310	423	108	346	165	347	159	256	|
|229	0	482	243	279	155	375	525	251	419	158	373	65	123	329	246	|
|567	482	0	506	622	483	342	439	259	200	467	274	486	433	501	312	|
|76	243	506	0	119	88	230	337	255	352	88	272	179	347	94	194	|
|58	279	622	119	0	154	345	431	366	471	166	391	217	399	179	310	|
|96	155	483	88	154	0	266	397	224	358	17	289	92	262	176	179	|
|306	375	342	230	345	266	0	158	184	148	251	68	332	423	181	140	|
|409	525	439	337	431	397	158	0	340	244	386	201	476	581	253	298	|
|310	251	259	255	366	224	184	340	0	170	208	146	238	257	274	66	|
|423	419	200	352	471	358	148	244	170	0	341	84	396	424	323	182	|
|108	158	467	88	166	17	251	386	208	341	0	273	96	259	172	162	|
|346	373	274	272	391	289	68	201	146	84	273	0	340	400	239	127	|
|165	65	486	179	217	92	332	476	238	396	96	340	0	182	267	216	|
|347	123	433	347	399	262	423	581	257	424	259	400	182	0	423	283	|
|159	329	501	94	179	176	181	253	274	323	172	239	267	423	0	208	|
|256	246	312	194	310	179	140	298	66	182	162	127	216	283	208	0	|

--------------------------------------------------------------------------------
Building model...
	using lazy and cut (CVRPSEP package)
Solving IRP LP...
--------------------------------------------------------------------------------

Gurobi 9.1.0 (linux64) logging started Wed Feb 10 21:33:31 2021

Gurobi Optimizer version 9.1.0 build v9.1.0rc0 (linux64)
Thread count: 32 physical cores, 32 logical processors, using up to 2 threads
Optimize a model with 502 rows, 1423 columns and 3976 nonzeros
Model fingerprint: 0x53adf090
Variable types: 199 continuous, 1224 integer (144 binary)
Coefficient statistics:
  Matrix range     [1e+00, 4e+02]
  Objective range  [1e-02, 6e+02]
  Bounds range     [1e+00, 3e+02]
  RHS range        [1e+00, 2e+03]
Presolve removed 161 rows and 214 columns
Presolve time: 0.03s
Presolved: 341 rows, 1209 columns, 3087 nonzeros
Variable types: 112 continuous, 1097 integer (962 binary)

Root relaxation: objective 1.784386e+03, 490 iterations, 0.01 seconds

    Nodes    |    Current Node    |     Objective Bounds      |     Work
 Expl Unexpl |  Obj  Depth IntInf | Incumbent    BestBd   Gap | It/Node Time

     0     0 1784.38552    0   46          - 1784.38552      -     -    0s
     0     0 2045.99873    0   61          - 2045.99873      -     -    0s
     0     0 2047.41870    0   63          - 2047.41870      -     -    0s
     0     0 2515.13397    0   81          - 2515.13397      -     -    0s
H    0     0                    5803.9000000 2515.13397  56.7%     -    0s
H    0     0                    5303.3000000 2515.13397  52.6%     -    0s
     0     0 2561.24780    0   74 5303.30000 2561.24780  51.7%     -    0s
     0     0 2677.03574    0  144 5303.30000 2677.03574  49.5%     -    0s
H    0     0                    4814.3000000 2677.03574  44.4%     -    0s
     0     0 2687.71980    0  148 4814.30000 2687.71980  44.2%     -    0s
     0     0 2688.03448    0  154 4814.30000 2688.03448  44.2%     -    0s
     0     0 2754.80537    0  151 4814.30000 2754.80537  42.8%     -    0s
H    0     0                    3785.9400000 2754.80537  27.2%     -    0s
H    0     0                    3764.9400000 2754.80537  26.8%     -    0s
     0     0 2763.14283    0  151 3764.94000 2763.14283  26.6%     -    0s
     0     0 2766.11224    0  152 3764.94000 2766.11224  26.5%     -    0s
     0     0 2766.29114    0  152 3764.94000 2766.29114  26.5%     -    0s
     0     0 2805.23333    0  193 3764.94000 2805.23333  25.5%     -    0s
     0     0 2827.54184    0  164 3764.94000 2827.54184  24.9%     -    0s
     0     0 2829.56927    0  199 3764.94000 2829.56927  24.8%     -    0s
     0     0 2829.66760    0  201 3764.94000 2829.66760  24.8%     -    0s
     0     0 2846.50126    0  194 3764.94000 2846.50126  24.4%     -    0s
     0     0 2849.24414    0  211 3764.94000 2849.24414  24.3%     -    0s
     0     0 2850.23182    0  207 3764.94000 2850.23182  24.3%     -    0s
     0     0 2854.15053    0  195 3764.94000 2854.15053  24.2%     -    0s
     0     0 2854.15053    0  195 3764.94000 2854.15053  24.2%     -    0s
     0     2 2854.15053    0  195 3764.94000 2854.15053  24.2%     -    0s
H   29    31                    3720.5400000 2862.86753  23.1%   130    0s
H   55    48                    3596.5400000 2862.86753  20.4%   103    0s
H  244   156                    3569.5000000 2951.66858  17.3%  99.2    2s
   767   312 3554.39290   14  125 3569.50000 3163.74385  11.4%  84.4    5s
H  785   258                    3461.2800000 3163.74385  8.60%  83.7    5s
H  803   240                    3448.5200000 3164.11926  8.25%  83.2    5s
H  804   197                    3414.3200000 3164.11926  7.33%  83.4    5s
* 1146   165              20    3402.5200000 3271.29393  3.86%  80.0    7s
* 1150   165              19    3401.5600000 3271.29393  3.83%  79.7    7s

Cutting planes:
  User: 470
  Gomory: 4
  Cover: 124
  Implied bound: 76
  Clique: 22
  MIR: 77
  StrongCG: 2
  Flow cover: 88
  Zero half: 4
  Mod-K: 1
  RLT: 98
  Relax-and-lift: 3
  Lazy constraints: 77

Explored 1447 nodes (107251 simplex iterations) in 7.68 seconds
Thread count was 2 (of 32 available processors)

Solution count 10: 3401.56 3402.52 3414.32 ... 3785.94

Optimal solution found (tolerance 1.00e-04)
Best objective 3.401560000000e+03, best bound 3.401560000000e+03, gap 0.0000%

User-callback calls 4330, time in user-callback 0.67 sec
================================================================================
executing instance: ./input/Instances/Original/4/absH3low_2n45.dat
--------------------------------------------------------------------------------
Instance details
n	46
H	3
C	3171
Li:
[0, 0, 0, 0, 0, 0, 0, 0, 0, 0, 0, 0, 0, 0, 0, 0, 0, 0, 0, 0, 0, 0, 0, 0, 0, 0, 0, 0, 0, 0, 0, 0, 0, 0, 0, 0, 0, 0, 0, 0, 0, 0, 0, 0, 0, 0, ]
Ui:
[0, 246, 160, 78, 20, 87, 144, 40, 20, 82, 60, 96, 24, 136, 160, 108, 160, 26, 228, 51, 24, 240, 231, 70, 32, 105, 174, 114, 246, 126, 132, 76, 22, 42, 255, 132, 148, 162, 66, 111, 102, 240, 123, 201, 297, 78, ]
Distance matrix:
|0	148	402	550	329	420	187	318	366	280	504	273	233	333	112	344	379	481	113	593	159	523	261	424	90	359	163	461	413	240	105	299	265	89	371	462	339	273	495	22	41	439	369	506	563	468	|
|148	0	284	517	394	284	136	369	244	311	496	166	329	355	223	202	338	388	204	565	254	506	118	346	71	423	173	471	336	118	105	352	198	105	248	428	302	305	487	153	179	441	230	497	517	370	|
|402	284	0	350	448	80	228	406	42	343	382	129	456	350	412	126	219	131	382	395	410	371	180	137	314	466	289	400	137	167	389	401	169	316	39	280	217	342	373	394	414	362	108	380	324	106	|
|550	517	350	0	339	429	385	308	374	295	93	375	431	249	481	461	180	239	458	48	445	57	474	214	496	333	387	160	216	424	601	321	320	471	376	90	217	301	93	530	534	146	452	88	52	262	|
|329	394	448	339	0	513	282	42	438	105	255	363	115	108	221	484	259	431	217	365	172	289	436	362	333	30	224	189	353	380	423	47	291	296	443	285	240	107	251	307	294	193	495	260	378	437	|
|420	284	80	429	513	0	267	473	76	408	462	163	509	421	449	86	298	201	421	474	455	451	167	217	330	533	333	478	217	181	386	466	225	341	70	360	291	406	453	416	438	440	59	460	400	176	|
|187	136	228	385	282	267	0	249	199	186	360	104	248	224	184	214	207	294	155	432	189	371	155	237	113	308	68	336	227	101	216	236	78	98	205	296	168	181	350	174	190	305	231	360	390	283	|
|318	369	406	308	42	473	249	0	397	66	229	325	128	67	216	447	218	389	206	337	168	260	402	320	311	61	196	167	311	345	406	19	252	275	403	248	198	70	223	296	286	164	457	233	344	395	|
|366	244	42	374	438	76	199	397	0	332	397	96	436	346	383	90	228	168	354	420	385	389	139	161	277	458	263	408	158	128	349	391	150	282	6	298	218	331	388	359	380	370	78	395	352	144	|
|280	311	343	295	105	408	186	66	332	0	231	259	142	53	191	380	171	337	173	332	150	257	337	267	258	127	139	182	258	280	359	58	186	223	338	222	143	6	224	258	254	164	390	234	323	340	|
|504	496	382	93	255	462	360	229	397	231	0	375	356	180	422	478	173	293	403	110	381	36	474	248	463	245	345	68	246	419	568	244	308	433	400	104	200	237	9	482	482	67	474	5	142	312	|
|273	166	129	375	363	163	104	325	96	259	375	0	347	283	288	121	202	221	259	423	292	376	99	183	186	386	170	370	175	52	269	315	76	187	102	288	177	256	365	265	285	333	133	374	365	204	|
|233	329	456	431	115	509	248	128	436	142	356	347	0	181	121	462	311	472	128	463	76	386	398	403	260	141	180	294	392	349	334	111	287	224	442	362	280	139	350	212	194	289	479	360	463	472	|
|333	355	350	249	108	421	224	67	346	53	180	283	181	0	244	403	152	324	226	283	201	207	369	256	307	118	186	129	247	311	409	74	208	273	351	183	136	59	173	311	307	113	410	183	282	331	|
|112	223	412	481	221	449	184	216	383	191	422	288	121	244	0	387	327	461	30	521	49	447	313	396	152	250	125	371	385	273	214	196	249	121	389	400	288	185	415	91	74	355	408	425	503	454	|
|344	202	126	461	484	86	214	447	90	380	478	121	462	403	387	0	305	256	360	508	400	473	84	250	255	507	282	482	246	115	302	437	196	271	90	382	288	377	469	343	367	444	28	476	441	232	|
|379	338	219	180	259	298	207	218	228	171	173	202	311	152	327	305	0	172	301	227	300	174	302	105	318	270	217	180	97	249	423	221	141	296	232	90	40	173	164	361	368	142	303	172	184	180	|
|481	388	131	239	431	201	294	389	168	337	293	221	472	324	461	256	172	0	432	280	446	273	300	70	400	442	337	330	80	271	490	391	217	391	167	191	194	339	286	468	483	294	239	289	203	26	|
|113	204	382	458	217	421	155	206	354	173	403	259	128	226	30	360	301	432	0	499	52	426	287	367	133	246	95	355	356	246	208	187	219	100	360	376	261	167	395	90	81	337	381	406	478	425	|
|593	565	395	48	365	474	432	337	420	332	110	423	463	283	521	508	227	280	499	0	482	77	521	260	542	356	431	178	262	472	647	352	368	516	422	137	264	338	114	573	576	174	499	106	78	304	|
|159	254	410	445	172	455	189	168	385	150	381	292	76	201	49	400	300	446	52	482	0	407	331	378	184	201	122	327	367	286	258	149	242	150	391	367	263	144	374	137	122	314	419	384	470	441	|
|523	506	371	57	289	451	371	260	389	257	36	376	386	207	447	473	174	273	426	77	407	0	475	234	477	280	363	104	234	422	583	275	313	449	392	91	205	263	38	503	504	97	468	31	108	294	|
|261	118	180	474	436	167	155	402	139	337	474	99	398	369	313	84	302	300	287	521	331	475	0	275	173	462	220	465	268	58	219	390	168	193	142	388	275	333	464	261	286	430	111	473	462	279	|
|424	346	137	214	362	217	237	320	161	267	248	183	403	256	396	250	105	70	367	260	378	234	275	0	348	374	274	274	11	234	444	321	159	335	163	145	124	269	239	409	422	237	239	245	191	76	|
|90	71	314	496	333	330	113	311	277	258	463	186	260	307	152	255	318	400	133	542	184	477	173	348	0	362	121	430	338	150	106	293	190	37	282	406	279	252	454	88	113	403	280	464	502	386	|
|359	423	466	333	30	533	308	61	458	127	245	386	141	118	250	507	270	442	246	356	201	280	462	374	362	0	252	178	365	406	453	73	313	325	463	286	254	130	242	336	324	187	517	250	374	449	|
|163	173	289	387	224	333	68	196	263	139	345	170	180	186	125	282	217	337	95	431	122	363	220	274	121	252	0	310	263	168	225	180	124	88	269	300	177	133	337	144	152	284	299	347	400	330	|
|461	471	400	160	189	478	336	167	408	182	68	370	294	129	371	482	180	330	355	178	327	104	465	274	430	178	310	0	269	408	534	184	297	398	412	142	194	188	66	439	436	38	482	73	206	345	|
|413	336	137	216	353	217	227	311	158	258	246	175	392	247	385	246	97	80	356	262	367	234	268	11	338	365	263	269	0	226	434	312	149	324	160	143	115	259	237	399	411	232	237	243	196	84	|
|240	118	167	424	380	181	101	345	128	280	419	52	349	311	273	115	249	271	246	472	286	422	58	234	150	406	168	408	226	0	223	333	111	160	133	336	219	276	409	235	258	373	136	418	416	252	|
|105	105	389	601	423	386	216	406	349	359	568	269	334	409	214	302	423	490	208	647	258	583	219	444	106	453	225	534	434	223	0	388	289	137	353	511	384	353	559	123	145	508	330	570	606	473	|
|299	352	401	321	47	466	236	19	391	58	244	315	111	74	196	437	221	391	187	352	149	275	390	321	293	73	180	184	312	333	388	0	243	257	396	258	197	60	238	276	267	178	448	248	355	395	|
|265	198	169	320	291	225	78	252	150	186	308	76	287	208	249	196	141	217	219	368	242	313	168	159	190	313	124	297	149	111	289	243	0	176	156	231	109	183	299	251	266	262	205	308	319	207	|
|89	105	316	471	296	341	98	275	282	223	433	187	224	273	121	271	296	391	100	516	150	449	193	335	37	325	88	398	324	160	137	257	176	0	287	382	256	217	424	78	98	372	295	434	480	379	|
|371	248	39	376	443	70	205	403	6	338	400	102	442	351	389	90	232	167	360	422	391	392	142	163	282	463	269	412	160	133	353	396	156	287	0	301	222	336	391	365	386	374	77	398	353	143	|
|462	428	280	90	285	360	296	248	298	222	104	288	362	183	400	382	90	191	376	137	367	91	388	145	406	286	300	142	143	336	511	258	231	382	301	0	127	226	96	443	448	110	376	100	103	209	|
|339	302	217	217	240	291	168	198	218	143	200	177	280	136	288	288	40	194	261	264	263	205	275	124	279	254	177	194	115	219	384	197	109	256	222	127	0	145	190	321	328	157	289	199	224	198	|
|273	305	342	301	107	406	181	70	331	6	237	256	139	59	185	377	173	339	167	338	144	263	333	269	252	130	133	188	259	276	353	60	183	217	336	226	145	0	230	251	248	170	388	240	328	341	|
|495	487	373	93	251	453	350	223	388	224	9	365	350	173	415	469	164	286	395	114	374	38	464	239	454	242	337	66	237	409	559	238	299	424	391	96	190	230	0	474	474	61	465	11	141	305	|
|22	153	394	530	307	416	174	296	359	258	482	265	212	311	91	343	361	468	90	573	137	503	261	409	88	336	144	439	399	235	123	276	251	78	365	443	321	251	474	0	26	418	367	485	544	456	|
|41	179	414	534	294	438	190	286	380	254	482	285	194	307	74	367	368	483	81	576	122	504	286	422	113	324	152	436	411	258	145	267	266	98	386	448	328	248	474	26	0	416	391	484	550	472	|
|439	441	362	146	193	440	305	164	370	164	67	333	289	113	355	444	142	294	337	174	314	97	430	237	403	187	284	38	232	373	508	178	262	372	374	110	157	170	61	418	416	0	444	71	187	309	|
|369	230	108	452	495	59	231	457	78	390	474	133	479	410	408	28	303	239	381	499	419	468	111	239	280	517	299	482	237	136	330	448	205	295	77	376	289	388	465	367	391	444	0	472	429	214	|
|506	497	380	88	260	460	360	233	395	234	5	374	360	183	425	476	172	289	406	106	384	31	473	245	464	250	347	73	243	418	570	248	308	434	398	100	199	240	11	485	484	71	472	0	137	309	|
|563	517	324	52	378	400	390	344	352	323	142	365	463	282	503	441	184	203	478	78	470	108	462	191	502	374	400	206	196	416	606	355	319	480	353	103	224	328	141	544	550	187	429	137	0	228	|
|468	370	106	262	437	176	283	395	144	340	312	204	472	331	454	232	180	26	425	304	441	294	279	76	386	449	330	345	84	252	473	395	207	379	143	209	198	341	305	456	472	309	214	309	228	0	|

--------------------------------------------------------------------------------
Building model...
	using lazy and cut (CVRPSEP package)
Solving IRP LP...
--------------------------------------------------------------------------------

Gurobi 9.1.0 (linux64) logging started Wed Feb 10 21:33:39 2021

Gurobi Optimizer version 9.1.0 build v9.1.0rc0 (linux64)
Thread count: 32 physical cores, 32 logical processors, using up to 2 threads
Optimize a model with 1432 rows, 10318 columns and 23986 nonzeros
Model fingerprint: 0x5acfce91
Variable types: 589 continuous, 9729 integer (414 binary)
Coefficient statistics:
  Matrix range     [1e+00, 8e+06]
  Objective range  [1e-02, 6e+02]
  Bounds range     [1e+00, 3e+02]
  RHS range        [1e+00, 5e+03]
Presolve removed 427 rows and 600 columns
Presolve time: 0.14s
Presolved: 1005 rows, 9718 columns, 21339 nonzeros
Variable types: 356 continuous, 9362 integer (8943 binary)

Root relaxation: objective 2.645983e+03, 1236 iterations, 0.03 seconds

    Nodes    |    Current Node    |     Objective Bounds      |     Work
 Expl Unexpl |  Obj  Depth IntInf | Incumbent    BestBd   Gap | It/Node Time

     0     0 2645.98336    0  142          - 2645.98336      -     -    0s
     0     0 3015.80281    0  166          - 3015.80281      -     -    0s
     0     0 3491.13594    0  177          - 3491.13594      -     -    0s
     0     0 3576.27776    0  200          - 3576.27776      -     -    0s
     0     0 3584.71726    0  205          - 3584.71726      -     -    0s
     0     0 3584.76209    0  220          - 3584.76209      -     -    0s
     0     0 3707.57440    0  154          - 3707.57440      -     -    1s
     0     0 3720.31460    0  179          - 3720.31460      -     -    1s
     0     0 3751.87770    0  202          - 3751.87770      -     -    1s
     0     0 3772.68073    0  265          - 3772.68073      -     -    1s
     0     0 3809.73424    0  268          - 3809.73424      -     -    1s
     0     0 3822.47225    0  302          - 3822.47225      -     -    1s
