




arguments: ./build/bc_mirp -f ./input/orig_exec_215.cfg
Current dir: /scratch/gui/bc_mirp
File verbosity level: 9
date       time         ( uptime  ) [ thread name/id ]                   file:line     v| 
2021-02-14 08:45:01.304 (  12.044s) [main thread     ]             loguru.cpp:789   INFO| Logging to './output/vi_vc+lex_half/OU/V3/Original/execution_14_02_2021_08_45_01.log', mode: 'a', verbosity: 9
--------------------------------------------------------------------------------
Parameters
                           instance_path           ./input/Instances/Original/5/
                            model_policy                                       1
                             nb_vehicles                                       3
                              output_dir ./output/vi_vc+lex_half/OU/V3/Original/
                            sec_strategy                                       1
                       solver_nb_threads                                       2
                         solver_show_log                                    true
                       solver_time_limit                                    3600
                              use_vi_cos                                   false
                              use_vi_cus                                   false
                         use_vi_hc1_full                                   false
                         use_vi_hc1_half                                   false
                      use_vi_hc1_quarter                                   false
                              use_vi_hc2                                   false
                              use_vi_hc3                                   false
                         use_vi_lex_full                                   false
                         use_vi_lex_half                                    true
                      use_vi_lex_quarter                                   false
                              use_vi_qua                                   false
                               use_vi_vc                                    true
                               use_vi_vr                                   false
--------------------------------------------------------------------------------
executing instance: ./input/Instances/Original/5/absH3low_4n50.dat
--------------------------------------------------------------------------------
Instance details
n	51
H	3
C	4066
Li:
[0, 0, 0, 0, 0, 0, 0, 0, 0, 0, 0, 0, 0, 0, 0, 0, 0, 0, 0, 0, 0, 0, 0, 0, 0, 0, 0, 0, 0, 0, 0, 0, 0, 0, 0, 0, 0, 0, 0, 0, 0, 0, 0, 0, 0, 0, 0, 0, 0, 0, 0, ]
Ui:
[0, 108, 126, 122, 66, 120, 48, 30, 128, 54, 158, 198, 36, 66, 210, 234, 147, 297, 171, 128, 116, 120, 219, 70, 294, 207, 134, 128, 234, 122, 22, 183, 195, 255, 132, 124, 66, 189, 219, 66, 128, 102, 288, 66, 87, 136, 36, 39, 282, 36, 237, ]
Distance matrix:
|0	210	444	498	509	104	438	228	487	304	456	434	526	476	163	47	293	396	293	290	313	85	280	437	293	336	409	106	449	376	433	478	193	404	404	534	278	181	380	507	189	438	263	473	353	216	202	218	452	254	465	|
|210	0	299	507	359	106	345	409	358	411	320	402	555	448	136	200	289	264	306	427	141	222	83	348	264	320	283	303	380	208	258	357	170	348	475	542	243	347	355	379	65	479	172	373	355	251	112	229	402	210	300	|
|444	299	0	363	65	358	116	542	66	440	26	241	425	272	282	407	251	51	276	490	159	397	224	124	217	237	48	490	170	99	83	74	261	180	430	385	214	479	231	85	270	390	184	116	271	300	409	276	210	215	54	|
|498	507	363	0	385	482	246	424	326	254	343	123	63	93	388	452	221	337	211	314	428	414	480	239	243	187	324	463	194	418	438	307	346	188	156	36	264	392	156	326	444	87	340	258	154	286	603	294	153	297	417	|
|509	359	65	385	0	422	145	602	59	492	59	269	448	292	348	472	305	115	329	545	218	462	281	152	274	286	106	554	192	153	116	78	326	216	472	403	274	540	271	63	334	425	249	127	316	361	468	337	233	278	69	|
|104	106	358	482	422	0	372	309	408	337	374	396	521	441	98	96	262	314	271	342	215	124	177	373	249	302	329	198	394	281	337	402	139	353	419	518	230	250	343	428	90	437	188	405	328	200	134	188	406	199	372	|
|438	345	116	246	145	372	0	485	87	357	97	126	309	155	279	394	180	101	200	414	223	373	288	8	157	150	84	459	53	188	196	68	245	72	328	269	165	427	128	97	297	280	184	36	175	250	456	233	94	184	170	|
|228	409	542	424	602	309	485	0	561	170	544	419	424	446	298	214	305	491	286	115	462	187	457	480	331	339	496	124	470	510	565	545	295	424	279	454	329	66	376	576	363	340	370	520	330	242	429	266	453	328	581	|
|487	358	66	326	59	408	87	561	0	441	40	211	389	233	324	446	258	95	281	497	220	431	287	95	230	234	79	522	133	164	146	19	297	160	415	344	233	500	215	21	323	367	224	68	261	320	470	299	174	242	106	|
|304	411	440	254	492	337	357	170	441	0	434	266	255	286	275	266	189	392	164	63	408	225	428	351	224	207	392	234	330	438	484	424	250	287	112	284	232	149	233	453	349	170	302	389	185	168	471	195	305	248	487	|
|456	320	26	343	59	374	97	544	40	434	0	223	406	252	294	418	247	60	271	487	181	405	247	105	215	229	49	498	149	124	109	48	270	165	419	364	215	482	218	60	288	375	194	92	261	302	431	279	190	220	75	|
|434	402	241	123	269	396	126	419	211	266	223	0	185	46	298	387	140	213	145	328	310	355	366	118	147	97	201	425	78	295	315	191	256	65	211	151	166	371	53	215	343	157	231	145	90	220	505	217	41	198	295	|
|526	555	425	63	448	521	309	424	389	255	406	185	0	156	430	481	266	398	252	310	485	442	534	301	293	237	386	480	257	478	500	370	390	249	145	55	313	401	212	389	491	89	392	321	201	322	646	334	216	345	479	|
|476	448	272	93	292	441	155	446	233	286	252	46	156	0	343	429	183	250	184	348	353	396	411	148	192	140	236	461	102	334	350	214	302	106	214	113	212	402	98	233	389	151	277	165	125	261	551	260	62	244	325	|
|163	136	282	388	348	98	279	298	324	275	294	298	430	343	0	124	167	234	178	296	167	121	162	279	151	205	247	216	297	224	280	316	42	256	340	423	132	232	246	344	74	349	100	314	233	115	216	97	308	101	307	|
|47	200	407	452	472	96	394	214	446	266	418	387	481	429	124	0	246	358	245	259	284	41	261	392	247	289	370	103	403	345	402	436	150	358	361	488	232	158	333	466	165	393	223	430	306	168	217	171	406	210	431	|
|293	289	251	221	305	262	180	305	258	189	247	140	266	183	167	246	0	204	26	240	238	215	276	175	37	43	203	289	169	255	297	242	125	122	202	257	52	248	87	272	225	191	134	215	67	80	382	77	163	81	298	|
|396	264	51	337	115	314	101	491	95	392	60	213	398	250	234	358	204	0	229	442	130	347	196	108	169	194	19	440	152	87	102	93	211	149	390	363	165	428	194	116	228	355	134	117	230	250	376	225	189	164	95	|
|293	306	276	211	329	271	200	286	281	164	271	145	252	184	178	245	26	229	0	216	262	212	297	195	63	53	228	280	184	280	323	264	138	137	178	248	76	232	95	294	241	173	156	234	60	77	395	83	172	102	324	|
|290	427	490	314	545	342	414	115	497	63	487	328	310	348	296	259	240	442	216	0	443	220	456	408	273	264	443	204	390	479	529	480	278	346	165	343	278	115	293	509	369	229	340	447	244	202	473	230	366	288	536	|
|313	141	159	428	218	215	223	462	220	408	181	310	485	353	167	284	238	130	262	443	0	288	67	228	202	252	149	382	267	67	122	221	168	247	440	459	186	396	273	241	125	423	107	245	291	242	251	214	297	162	160	|
|85	222	397	414	462	124	373	187	431	225	405	355	442	396	121	41	215	347	212	220	288	0	273	371	221	258	357	95	378	344	401	420	136	331	321	450	208	126	302	450	177	353	213	409	272	136	253	143	377	190	426	|
|280	83	224	480	281	177	288	457	287	428	247	366	534	411	162	261	276	196	297	456	67	273	0	292	243	298	215	363	329	128	176	288	179	305	475	513	224	392	324	307	96	466	143	311	335	261	187	235	357	195	219	|
|437	348	124	239	152	373	8	480	95	351	105	118	301	148	279	392	175	108	195	408	228	371	292	0	154	144	91	456	46	194	203	76	244	65	320	261	163	423	121	103	299	273	185	40	168	247	459	230	86	183	178	|
|293	264	217	243	274	249	157	331	230	224	215	147	293	192	151	247	37	169	63	273	202	221	243	154	0	57	170	303	157	217	260	215	110	111	238	278	21	271	94	245	201	223	100	193	92	93	362	78	160	54	263	|
|336	320	237	187	286	302	150	339	234	207	229	97	237	140	205	289	43	194	53	264	252	258	298	144	57	0	190	331	131	257	294	216	163	84	197	221	77	285	44	246	258	172	155	183	39	123	418	119	120	110	288	|
|409	283	48	324	106	329	84	496	79	392	49	201	386	236	247	370	203	19	228	443	149	357	215	91	170	190	0	449	136	105	114	75	221	138	384	349	168	434	185	99	245	346	146	98	224	255	394	231	174	171	99	|
|106	303	490	463	554	198	459	124	522	234	498	425	480	461	216	103	289	440	280	204	382	95	363	456	303	331	449	0	458	439	496	510	229	410	344	498	293	89	374	540	267	391	307	495	336	211	308	226	451	280	520	|
|449	380	170	194	192	394	53	470	133	330	149	78	257	102	297	403	169	152	184	390	267	378	329	46	157	131	136	458	0	238	249	114	259	47	287	216	171	416	96	137	327	235	211	67	145	247	488	235	41	197	223	|
|376	208	99	418	153	281	188	510	164	438	124	295	478	334	224	345	255	87	280	479	67	344	128	194	217	257	105	439	238	0	57	169	216	230	453	445	206	445	268	184	191	427	141	202	296	278	315	250	274	191	92	|
|433	258	83	438	116	337	196	565	146	484	109	315	500	350	280	402	297	102	323	529	122	401	176	203	260	294	114	496	249	57	0	157	271	252	490	463	251	499	296	162	247	457	195	199	331	329	362	302	288	241	47	|
|478	357	74	307	78	402	68	545	19	424	48	191	370	214	316	436	242	93	264	480	221	420	288	76	215	216	75	510	114	169	157	0	287	141	396	325	219	485	196	31	319	347	216	49	243	306	469	286	154	230	120	|
|193	170	261	346	326	139	245	295	297	250	270	256	390	302	42	150	125	211	138	278	168	136	179	244	110	163	221	229	259	216	271	287	0	216	305	382	91	229	204	316	105	310	78	280	192	83	257	60	268	62	292	|
|404	348	180	188	216	353	72	424	160	287	165	65	249	106	256	358	122	149	137	346	247	331	305	65	111	84	138	410	47	230	252	141	216	0	255	215	126	369	56	168	292	210	177	102	103	200	454	189	54	155	234	|
|404	475	430	156	472	419	328	279	415	112	419	211	145	214	340	361	202	390	178	165	440	321	475	320	238	197	384	344	287	453	490	396	305	255	0	181	254	261	201	422	410	69	335	353	160	225	551	246	252	280	482	|
|534	542	385	36	403	518	269	454	344	284	364	151	55	113	423	488	257	363	248	343	459	450	513	261	278	221	349	498	216	445	463	325	382	215	181	0	298	425	189	342	479	115	373	276	190	323	638	330	175	332	439	|
|278	243	214	264	274	230	165	329	233	232	215	166	313	212	132	232	52	165	76	278	186	208	224	163	21	77	168	293	171	206	251	219	91	126	254	298	0	267	114	250	181	242	82	202	112	88	341	68	177	33	258	|
|181	347	479	392	540	250	427	66	500	149	482	371	401	402	232	158	248	428	232	115	396	126	392	423	271	285	434	89	416	445	499	485	229	369	261	425	267	0	325	516	298	313	305	463	281	180	375	203	403	264	516	|
|380	355	231	156	271	343	128	376	215	233	218	53	212	98	246	333	87	194	95	293	273	302	324	121	94	44	185	374	96	268	296	196	204	56	201	189	114	325	0	224	294	161	185	157	49	167	455	163	78	147	284	|
|507	379	85	326	63	428	97	576	21	453	60	215	389	233	344	466	272	116	294	509	241	450	307	103	245	246	99	540	137	184	162	31	316	168	422	342	250	516	224	0	344	371	244	70	271	337	490	317	176	261	120	|
|189	65	270	444	334	90	297	363	323	349	288	343	491	389	74	165	225	228	241	369	125	177	96	299	201	258	245	267	327	191	247	319	105	292	410	479	181	298	294	344	0	414	116	328	291	187	163	165	345	147	282	|
|438	479	390	87	425	437	280	340	367	170	375	157	89	151	349	393	191	355	173	229	423	353	466	273	223	172	346	391	235	427	457	347	310	210	69	115	242	313	161	371	414	0	323	301	133	238	565	253	197	273	444	|
|263	172	184	340	249	188	184	370	224	302	194	231	392	277	100	223	134	134	156	340	107	213	143	185	100	155	146	307	211	141	195	216	78	177	335	373	82	305	185	244	116	323	0	217	192	138	278	110	230	55	214	|
|473	373	116	258	127	405	36	520	68	389	92	145	321	165	314	430	215	117	234	447	245	409	311	40	193	183	98	495	67	202	199	49	280	102	353	276	202	463	157	70	328	301	217	0	205	286	485	269	106	220	167	|
|353	355	271	154	316	328	175	330	261	185	261	90	201	125	233	306	67	230	60	244	291	272	335	168	92	39	224	336	145	296	331	243	192	103	160	190	112	281	49	271	291	133	192	205	0	138	449	141	123	145	323	|
|216	251	300	286	361	200	250	242	320	168	302	220	322	261	115	168	80	250	77	202	242	136	261	247	93	123	255	211	247	278	329	306	83	200	225	323	88	180	167	337	187	238	138	286	138	0	328	28	243	88	340	|
|202	112	409	603	468	134	456	429	470	471	431	505	646	551	216	217	382	376	395	473	251	253	187	459	362	418	394	308	488	315	362	469	257	454	551	638	341	375	455	490	163	565	278	485	449	328	0	313	508	308	406	|
|218	229	276	294	337	188	233	266	299	195	279	217	334	260	97	171	77	225	83	230	214	143	235	230	78	119	231	226	235	250	302	286	60	189	246	330	68	203	163	317	165	253	110	269	141	28	313	0	235	61	315	|
|452	402	210	153	233	406	94	453	174	305	190	41	216	62	308	406	163	189	172	366	297	377	357	86	160	120	174	451	41	274	288	154	268	54	252	175	177	403	78	176	345	197	230	106	123	243	508	235	0	207	264	|
|254	210	215	297	278	199	184	328	242	248	220	198	345	244	101	210	81	164	102	288	162	190	195	183	54	110	171	280	197	191	241	230	62	155	280	332	33	264	147	261	147	273	55	220	145	88	308	61	207	0	253	|
|465	300	54	417	69	372	170	581	106	487	75	295	479	325	307	431	298	95	324	536	160	426	219	178	263	288	99	520	223	92	47	120	292	234	482	439	258	516	284	120	282	444	214	167	323	340	406	315	264	253	0	|

--------------------------------------------------------------------------------
Building model...
	using lazy and cut (CVRPSEP package)
Solving IRP LP...
--------------------------------------------------------------------------------

Gurobi 9.1.0 (linux64) logging started Sun Feb 14 08:45:03 2021

Gurobi Optimizer version 9.1.0 build v9.1.0rc0 (linux64)
Thread count: 32 physical cores, 32 logical processors, using up to 2 threads
Optimize a model with 1587 rows, 12588 columns and 28890 nonzeros
Model fingerprint: 0x2c02f026
Variable types: 654 continuous, 11934 integer (459 binary)
Coefficient statistics:
  Matrix range     [1e+00, 3e+07]
  Objective range  [1e-02, 6e+02]
  Bounds range     [1e+00, 3e+02]
  RHS range        [1e+00, 7e+03]
Presolve removed 472 rows and 665 columns
Presolve time: 0.18s
Presolved: 1115 rows, 11923 columns, 25958 nonzeros
Variable types: 396 continuous, 11527 integer (11060 binary)

Root relaxation: objective 3.386470e+03, 1326 iterations, 0.04 seconds

    Nodes    |    Current Node    |     Objective Bounds      |     Work
 Expl Unexpl |  Obj  Depth IntInf | Incumbent    BestBd   Gap | It/Node Time

     0     0 3386.47047    0  157          - 3386.47047      -     -    1s
     0     0 3683.90242    0  144          - 3683.90242      -     -    1s
     0     0 3684.06073    0  138          - 3684.06073      -     -    1s
     0     0 4279.38646    0  260          - 4279.38646      -     -    2s
     0     0 4399.85798    0  248          - 4399.85798      -     -    2s
     0     0 4409.42251    0  244          - 4409.42251      -     -    2s
     0     0 4410.44619    0  258          - 4410.44619      -     -    2s
     0     0 4418.19814    0  297          - 4418.19814      -     -    2s
     0     0 4436.11536    0  313          - 4436.11536      -     -    2s
     0     0 4436.79803    0  304          - 4436.79803      -     -    2s
     0     0 4436.89677    0  300          - 4436.89677      -     -    2s
     0     0 4529.91125    0  316          - 4529.91125      -     -    2s
     0     0 4546.84436    0  312          - 4546.84436      -     -    3s
     0     0 4548.33163    0  261          - 4548.33163      -     -    3s
     0     0 4553.64951    0  320          - 4553.64951      -     -    3s
     0     0 4563.59987    0  262          - 4563.59987      -     -    3s
     0     0 4565.49414    0  299          - 4565.49414      -     -    3s
     0     0 4566.44250    0  290          - 4566.44250      -     -    3s
     0     0 4632.41188    0  421          - 4632.41188      -     -    4s
     0     0 4642.26785    0  382          - 4642.26785      -     -    4s
     0     0 4647.43511    0  420          - 4647.43511      -     -    4s
     0     0 4648.04264    0  427          - 4648.04264      -     -    4s
     0     0 4662.77674    0  299          - 4662.77674      -     -    4s
     0     0 4668.34649    0  429          - 4668.34649      -     -    5s
     0     0 4672.50513    0  323          - 4672.50513      -     -    5s
     0     0 4674.05121    0  435          - 4674.05121      -     -    5s
     0     0 4682.99988    0  357          - 4682.99988      -     -    5s
     0     0 4683.60075    0  360          - 4683.60075      -     -    5s
     0     0 4688.79032    0  409          - 4688.79032      -     -    6s
     0     0 4688.79032    0  393          - 4688.79032      -     -    6s
     0     2 4689.04002    0  374          - 4689.04002      -     -    9s
     9    12 4731.59831    3  323          - 4729.53838      -   300   10s
   196   186 4752.93215    5  462          - 4729.53838      -   143   15s
   397   388 4861.39362    9  255          - 4731.64561      -   118   20s
   496   497 4923.05456   23  233          - 4731.64561      -   135   25s
   775   728 4731.67694    4  267          - 4731.64561      -   104   50s
   788   737 4862.35398   13  603          - 4731.64561      -   102   55s
   799   744 7063.02265  184  621          - 4746.09804      -   101   60s
   805   751 4760.23695   10  486          - 4748.06286      -   114   65s
   839   774 4915.59264   19  410          - 4775.82992      -   129   70s
   908   790 4801.69979   15  558          - 4791.57118      -   141   75s
   941   815 4933.55914   18  403          - 4791.57118      -   155   80s
   999   866 4971.44656   23  448          - 4791.57118      -   161   85s
  1146   984 5049.35546   40  342          - 4791.57118      -   156   98s
  1229  1038 5086.61331   44  336          - 4791.57118      -   150  100s
  1373  1065 5231.94690   54  167          - 4791.57118      -   143  105s
  1440  1109 4996.09820   21  313          - 4791.57118      -   146  110s
  1535  1188 5615.52693   99  100          - 4791.57118      -   146  115s
  1559  1204 5645.76367  107  169          - 4791.57118      -   145  124s
  1583  1226 5760.86118  115   96          - 4791.57118      -   145  125s
  1710  1315 6223.39025  141  116          - 4791.57118      -   142  130s
  1890  1476 6877.44404  181   56          - 4791.57118      -   134  135s
  2100  1535 4955.63540   16  424          - 4795.45229      -   128  141s
  2248  1610 5057.92562   20  362          - 4795.45229      -   124  146s
  2257  1607 6059.44872  124   13          - 4795.45229      -   125  155s
  2367  1620 5069.92794   24  287          - 4795.45229      -   120  199s
  2378  1633 5193.67821   27  264          - 4795.45229      -   121  200s
  2454  1701 5252.90300   42  124          - 4795.45229      -   124  206s
  2558  1817 5426.91363   65   95          - 4795.45229      -   124  211s
  2672  1953 5819.38389   93   27          - 4795.45229      -   122  215s
  2978  2015 4949.21398   16  527          - 4799.87720      -   114  221s
  3092  2157 5049.94560   22  338          - 4799.87720      -   114  227s
  3201  2245 5154.69889   28  260          - 4799.87720      -   112  249s
  3213  2245 5719.95462   97   20          - 4799.87720      -   113  254s
  3294  2347 5300.23272   32  191          - 4799.87720      -   111  258s
  3392  2363 6501.73552  143   22          - 4799.87720      -   110  260s
  3735  2583 7086.88000  176    -          - 4799.87720      -   103  265s
  3960  2843 5511.30064   57   92          - 4799.87720      -  99.4  272s
* 4104  2810             206    7569.0900000 4799.87720  36.6%  97.4  272s
  4132  2875 5644.84726   71   60 7569.09000 4804.96405  36.5%  97.2  277s
* 4229  2884             211    7556.4500000 4819.56460  36.2%  95.8  277s
* 4230  2868             207    7534.4500000 4819.56460  36.0%  95.7  277s
  4232  2877     cutoff  146      7534.45000 4823.60541  36.0%  96.0  282s
  4250  2881 4991.37201   18  491 7534.45000 4823.60541  36.0%  97.1  285s
H 4257  2746                    7167.7900000 4823.60541  32.7%  97.5  285s
  4291  2777 5485.27056   43  147 7167.79000 4823.60541  32.7%  99.1  299s
  4299  2854 5543.08143   47  147 7167.79000 4823.60541  32.7%   100  303s
  4316  2854 5731.94615   64   95 7167.79000 4823.60541  32.7%   100  305s
  4404  2882     cutoff  131      7167.79000 4825.77967  32.7%   100  313s
  4414  2882 5388.46981   25  288 7167.79000 4825.77967  32.7%   100  329s
  4422  2915 5117.61135   19  408 7167.79000 4825.77967  32.7%   101  344s
  4455  2979 5544.44419   39  149 7167.79000 4825.77967  32.7%   102  348s
  4519  3024 6483.81648   88   28 7167.79000 4828.23464  32.6%   102  353s
  4588  3059     cutoff  112      7167.79000 4828.24359  32.6%   102  357s
  4624  3102 5148.75394   20  421 7167.79000 4828.24359  32.6%   103  373s
  4667  3145 5535.13257   34  221 7167.79000 4828.24359  32.6%   104  376s
  4720  3181 6476.88091   69  106 7167.79000 4831.53941  32.6%   104  381s
  4737  3181 7040.81059   86   93 7167.79000 4831.53941  32.6%   104  406s
  4772  3209 5000.80489   18  411 7167.79000 4831.53941  32.6%   105  426s
  4800  3284 5243.68450   22  348 7167.79000 4831.53941  32.6%   106  430s
  4875  3330 5154.52995   26  186 7167.79000 4831.53941  32.6%   107  435s
  4960  3388 5377.60961   41   94 7167.79000 4831.53941  32.6%   109  444s
  4977  3388 5335.18908   50  145 7167.79000 4831.53941  32.6%   109  448s
  4994  3456 5461.46778   54  167 7167.79000 4831.53941  32.6%   110  452s
  5062  3587 5518.18119   72  122 7167.79000 4831.53941  32.6%   110  458s
  5208  3658 6000.31535  109   37 7167.79000 4843.90769  32.4%   110  464s
  5304  3676     cutoff  136      7167.79000 4845.43171  32.4%   110  469s
  5323  3711 5181.20699   23  482 7167.79000 4845.43171  32.4%   112  473s
  5358  3840 5416.72834   41  204 7167.79000 4845.43171  32.4%   113  480s
  5503  3898 infeasible  145      7167.79000 4845.44886  32.4%   112  486s
  5563  4064 5222.32771   17  466 7167.79000 4845.44886  32.4%   113  494s
  5669  4065 6295.84645  106   52 7167.79000 4845.44886  32.4%   112  495s
  5751  4072 5525.90938   35  222 7167.79000 4845.44886  32.4%   111  527s
  5753  4144 5630.70025   36  239 7167.79000 4847.14126  32.4%   111  533s
  5868  4176 5024.89997   14  584 7167.79000 4848.81743  32.4%   111  540s
  5909  4204 5360.94210   22  360 7167.79000 4848.81743  32.4%   113  545s
* 5934  4164             144    7111.9000000 4848.81743  31.8%   113  545s
  5942  4220 5795.77001   44  227 7111.90000 4848.81743  31.8%   114  552s
  6003  4251 6983.24489   98   40 7111.90000 4854.20870  31.7%   115  558s
  6065  4296 4986.50317   20  500 7111.90000 4854.21332  31.7%   116  613s
  6111  4354 5224.02425   29  506 7111.90000 4854.21332  31.7%   117  623s
  6169  4421 5297.30080   33  467 7111.90000 4854.21332  31.7%   118  630s
  6236  4555 5290.32548   35  321 7111.90000 4854.21332  31.7%   119  639s
  6337  4561 6218.69721  100   26 7111.90000 4854.21332  31.7%   119  640s
  6450  4618 5420.64423   40  323 7111.90000 4854.21332  31.7%   117  646s
  6491  4664 5510.64852   51  155 7111.90000 4854.21332  31.7%   119  652s
  6540  4705 5816.29281   62  182 7111.90000 4854.21332  31.7%   120  660s
  6581  4774 5819.09156   72  193 7111.90000 4854.21332  31.7%   121  667s
  6650  4895 6137.46655   92  112 7111.90000 4854.21332  31.7%   122  674s
  6779  5020 6670.91556  140   33 7111.90000 4855.49782  31.7%   123  682s
  6934  5065 5013.45786   22  375 7111.90000 4855.53574  31.7%   123  688s
  7000  5087 5292.04955   26  454 7111.90000 4855.53574  31.7%   123  697s
  7025  5138 5588.38923   30  310 7111.90000 4855.53574  31.7%   124  704s
  7076  5226 5722.21393   36  458 7111.90000 4855.53574  31.7%   125  711s
  7194  5283 5760.51943   41  341 7111.90000 4855.53574  31.7%   125  719s
  7234  5283     cutoff  139      7111.90000 4855.53574  31.7%   126  720s
  7255  5366 6518.72021   56  244 7111.90000 4856.78713  31.7%   126  733s
  7367  5417 5008.25796   24  332 7111.90000 4856.80081  31.7%   128  744s
  7418  5506 5174.37317   37  333 7111.90000 4856.80081  31.7%   130  755s
  7507  5779 5591.23831   60   87 7111.90000 4856.80081  31.7%   131  767s
  7805  5867 5837.78516   69  143 7111.90000 4863.22236  31.6%   131  780s
  7932  6065     cutoff  134      7111.90000 4883.87399  31.3%   132  795s
  7952  6065 5233.23119   37  194 7111.90000 4883.87399  31.3%   132  816s
  8166  6116 6451.00392  105   62 7111.90000 4888.24338  31.3%   131  827s
  8236  6215 5297.13851   20  432 7111.90000 4892.48383  31.2%   133  839s
  8299  6215 6586.39802   71  189 7111.90000 4892.48383  31.2%   134  840s
  8350  6280 5393.61553   30  338 7111.90000 4892.48383  31.2%   134  876s
  8415  6475 5872.84102   45  176 7111.90000 4896.39980  31.2%   136  890s
  8652  6540 4949.65472   22  511 7111.90000 4896.81378  31.1%   136  902s
  8716  6631 5143.89090   37  219 7111.90000 4896.81378  31.1%   137  914s
  8807  6816 5367.55951   52  201 7111.90000 4897.65056  31.1%   139  929s
  9027  6945 6051.50714  109   37 7111.90000 4900.61995  31.1%   138  941s
  9190  7045 7012.57000  156    - 7111.90000 4900.68316  31.1%   139  959s
  9281  7171     cutoff  156      7111.90000 4901.77282  31.1%   140  972s
  9412  7339 5976.85446   51  209 7111.90000 4902.38384  31.1%   141  985s
  9615  7392 7064.90472  115   93 7111.90000 4902.64498  31.1%   141 1014s
  9684  7596 5595.02862   34  338 7111.90000 4904.52279  31.0%   142 1027s
  9928  7708 5145.52192   25  527 7111.90000 4905.29502  31.0%   141 1041s
 10035  7973 5308.14714   41  252 7111.90000 4905.29502  31.0%   142 1061s
 10346  8091 5753.58058   62  137 7111.90000 4905.29502  31.0%   141 1081s
 10456  8307 6228.93805   97   37 7111.90000 4907.13417  31.0%   142 1097s
 10748  8450     cutoff  157      7111.90000 4907.46806  31.0%   140 1111s
 10877  8507     cutoff  155      7111.90000 4907.58282  31.0%   141 1123s
 10945  8641 5802.89844   46  357 7111.90000 4909.48800  31.0%   142 1155s
 11117  8796 5240.78935   29  489 7111.90000 4910.58852  31.0%   142 1169s
 11156  8796 5887.31956   68  202 7111.90000 4910.58852  31.0%   142 1170s
 11283  8943 4959.94561   18  576 7111.90000 4910.58852  31.0%   142 1185s
 11499  9020 5285.88570   26  352 7111.90000 4910.58852  31.0%   142 1213s
 11563  9226 5787.47599   39  275 7111.90000 4913.09501  30.9%   143 1228s
 11803  9327 4957.88401   18  621 7111.90000 4913.10534  30.9%   143 1243s
 11937  9430 5712.69916   48   71 7111.90000 4914.50421  30.9%   143 1268s
 12060  9549     cutoff  110      7111.90000 4915.25679  30.9%   144 1281s
 12204  9723 5546.46787   48  301 7111.90000 4915.42013  30.9%   144 1296s
 12412  9803 5263.41619   23  512 7111.90000 4915.51278  30.9%   144 1310s
 12484 10009 5545.77954   42  219 7111.90000 4915.51278  30.9%   145 1324s
 12692 10323 5867.18717   82   99 7111.90000 4915.51278  30.9%   145 1340s
 12968 10332 6092.26432  120   19 7111.90000 4915.51278  30.9%   144 1345s
 13072 10439 6606.10591  127   57 7111.90000 4915.63802  30.9%   143 1356s
 13185 10571 6980.23641  157   20 7111.90000 4915.79044  30.9%   144 1369s
 13218 10575 5404.98815   30  284 7111.90000 4915.79044  30.9%   144 1370s
 13349 10618 7062.48000  166    - 7111.90000 4916.03166  30.9%   144 1382s
 13400 10757     cutoff  166      7111.90000 4916.66516  30.9%   145 1396s
 13543 10887 5751.65920   64  213 7111.90000 4917.39065  30.9%   146 1411s
 13663 10889 6352.72667  101    9 7111.90000 4917.45713  30.9%   146 1422s
 13760 10989 5572.99952   32  260 7111.90000 4918.58079  30.8%   145 1437s
 13876 11052 infeasible  114      7111.90000 4919.81423  30.8%   146 1450s
 13941 11113 5655.66450   45  230 7111.90000 4919.81423  30.8%   147 1471s
 14002 11242 6019.42001   70   65 7111.90000 4921.73815  30.8%   147 1486s
 14156 11387     cutoff  136      7111.90000 4922.16033  30.8%   147 1502s
 14302 11648 5313.50943   40  272 7111.90000 4922.16033  30.8%   148 1521s
 14654 11774 6637.11441   72   94 7111.90000 4923.63920  30.8%   147 1536s
 14789 11917 5501.91142   42  333 7111.90000 4923.67535  30.8%   147 1550s
 14953 12027 5146.03435   26  472 7111.90000 4923.71821  30.8%   147 1569s
 15011 12027 5950.30481   61  204 7111.90000 4923.71821  30.8%   148 1570s
 15077 12110 6024.49597   60  296 7111.90000 4925.09748  30.7%   147 1582s
 15182 12207 5367.72026   26  356 7111.90000 4925.09748  30.7%   148 1596s
 15297 12317     cutoff   98      7111.90000 4925.47317  30.7%   149 1611s
 15333 12317 5796.30257   55  190 7111.90000 4925.47317  30.7%   149 1619s
 15413 12552 5980.85776   66  159 7111.90000 4926.08048  30.7%   149 1635s
 15727 12608 infeasible  128      7111.90000 4928.10182  30.7%   148 1651s
 15767 12713 5749.26319   51  223 7111.90000 4928.32380  30.7%   149 1665s
 15882 12798 5384.45980   22  449 7111.90000 4928.32380  30.7%   149 1679s
 15954 12798 6980.07140  108   79 7111.90000 4928.32380  30.7%   150 1680s
 15981 12953 5750.91972   34  381 7111.90000 4928.32380  30.7%   150 1695s
 16153 13104 6357.84086   57  107 7111.90000 4930.86014  30.7%   150 1713s
 16335 13328 5257.52061   27  479 7111.90000 4932.17683  30.6%   150 1729s
 16369 13328 5546.76931   47  311 7111.90000 4932.17683  30.6%   150 1730s
 16641 13491 5577.40868   52  183 7111.90000 4932.17683  30.6%   149 1754s
 16659 13491 5667.70094   61   68 7111.90000 4932.17683  30.6%   149 1755s
 16812 13708 6030.08162   88  122 7111.90000 4932.67854  30.6%   149 1771s
 16988 13716 6779.39153  155   12 7111.90000 4932.67854  30.6%   148 1798s
 17084 13813 7072.19000  168   10 7111.90000 4933.07251  30.6%   148 1811s
 17195 13906 infeasible  169      7111.90000 4933.32318  30.6%   149 1826s
 17304 14025 5518.11811   50  277 7111.90000 4933.58337  30.6%   149 1841s
 17442 14077 5034.70224   30  462 7111.90000 4933.69243  30.6%   149 1856s
 17490 14164 5417.99557   39  257 7111.90000 4933.69243  30.6%   150 1871s
 17577 14324 5714.27930   54  189 7111.90000 4934.64581  30.6%   151 1887s
 17791 14367 5167.27974   20  491 7111.90000 4934.71124  30.6%   151 1901s
 17808 14367 5165.44564   17  314 7111.90000 4934.71124  30.6%   151 1914s
 17834 14431 5399.40246   30  337 7111.90000 4934.71124  30.6%   151 1927s
 17898 14585 5670.49578   41  253 7111.90000 4934.71124  30.6%   152 1943s
 18042 14590 5883.21708   90   17 7111.90000 4934.71124  30.6%   152 1945s
 18094 14771 5928.70494   61  211 7111.90000 4934.71124  30.6%   152 1959s
 18199 14774 5477.92028   43  215 7111.90000 4934.71124  30.6%   153 1960s
 18285 14913 6242.17763   86  146 7111.90000 4934.71124  30.6%   152 1974s
 18377 14913 6494.34803  124  146 7111.90000 4934.71124  30.6%   152 1975s
 18436 15009 6691.03595  129  133 7111.90000 4936.21580  30.6%   153 1990s
 18564 15051 5206.46570   17  391 7111.90000 4936.32046  30.6%   152 2009s
 18609 15182 6065.10038   38  101 7111.90000 4937.29255  30.6%   153 2030s
 18781 15212 7075.89000   66    - 7111.90000 4937.61115  30.6%   152 2044s
 18811 15274 5112.47963   30  434 7111.90000 4938.06471  30.6%   153 2058s
 18873 15444 5282.64291   42  286 7111.90000 4938.06471  30.6%   154 2099s
 19003 15446 5725.90930   81   17 7111.90000 4938.06471  30.6%   154 2100s
 19065 15623 5450.56245   59  228 7111.90000 4938.06471  30.6%   154 2113s
 19298 15926 5862.95014   88  141 7111.90000 4939.43190  30.5%   153 2130s
 19625 16064     cutoff  154      7111.90000 4942.21312  30.5%   152 2154s
 19649 16064 5644.44252   41  206 7111.90000 4942.21312  30.5%   152 2155s
 19780 16175 5076.61792   19  505 7111.90000 4943.31190  30.5%   152 2170s
 19911 16276 5767.25023   58  273 7111.90000 4944.70821  30.5%   153 2185s
 20031 16375     cutoff  116      7111.90000 4944.88476  30.5%   153 2199s
 20088 16377 5533.85907   59   53 7111.90000 4944.88476  30.5%   153 2200s
 20155 16496 infeasible  123      7111.90000 4944.91272  30.5%   153 2219s
 20180 16496 5416.52517   36  284 7111.90000 4944.91272  30.5%   153 2232s
 20302 16602 5480.17145   44  229 7111.90000 4945.54758  30.5%   153 2246s
 20430 16715 6740.11000   91   16 7111.90000 4945.58548  30.5%   153 2261s
 20564 16850     cutoff  113      7111.90000 4946.23837  30.5%   153 2279s
 20597 16850 5612.15586   46  168 7111.90000 4946.23837  30.5%   154 2289s
 20691 16850 6737.42500  105   68 7111.90000 4946.23837  30.5%   154 2290s
 20703 16943 5840.94721   63  103 7111.90000 4946.81150  30.4%   154 2304s
 20824 17035 infeasible  143      7111.90000 4947.51902  30.4%   154 2319s
 20870 17035 5681.31958   51   95 7111.90000 4947.51902  30.4%   154 2320s
 20922 17146 6040.96252   75   85 7111.90000 4948.68870  30.4%   154 2376s
 20939 17148 5879.49054   82   41 7111.90000 4948.68870  30.4%   154 2380s
 21065 17276 6944.52898  122   18 7111.90000 4948.75965  30.4%   154 2397s
 21199 17433     cutoff  125      7111.90000 4948.93938  30.4%   155 2415s
 21429 17491 5442.83606   29  395 7111.90000 4949.28547  30.4%   154 2430s
 21486 17520 5792.54526   42  178 7111.90000 4949.28547  30.4%   155 2447s
 21515 17672 5980.82391   46  253 7111.90000 4949.28547  30.4%   155 2466s
 21667 17822 6919.74382   88   39 7111.90000 4949.42016  30.4%   155 2486s
 21881 17845     cutoff   97      7111.90000 4949.44368  30.4%   155 2501s
 21901 17919 5298.71066   29  437 7111.90000 4950.28151  30.4%   155 2516s
 21979 18073 6572.99015   87   34 7111.90000 4950.51158  30.4%   155 2534s
 22115 18078 6689.46382   98   15 7111.90000 4950.65564  30.4%   155 2535s
 22173 18120 infeasible  142      7111.90000 4950.94085  30.4%   155 2548s
 22232 18213     cutoff  141      7111.90000 4951.45763  30.4%   156 2568s
 22336 18344 5612.08581   31  352 7111.90000 4951.67446  30.4%   156 2586s
 22491 18393     cutoff  107      7111.90000 4951.85054  30.4%   156 2600s
 22555 18473 5461.73857   38  304 7111.90000 4952.01345  30.4%   157 2616s
 22639 18582 6371.65432  106  119 7111.90000 4952.36300  30.4%   157 2632s
 22781 18667 5701.74130   44  310 7111.90000 4953.00326  30.4%   157 2647s
 22879 18787 5416.51755   29  401 7111.90000 4953.11689  30.4%   157 2663s
 23011 18864 6193.32456   71  197 7111.90000 4953.28123  30.4%   157 2678s
 23115 19022 5546.87687   31  349 7111.90000 4953.59923  30.3%   158 2696s
 23294 19057 5055.04469   18  558 7111.90000 4953.59923  30.3%   158 2712s
 23332 19134 5316.27352   24  363 7111.90000 4953.59923  30.3%   158 2727s
 23417 19198 5624.46865   33  491 7111.90000 4953.59923  30.3%   159 2742s
 23495 19312 5963.24781   42  227 7111.90000 4953.59923  30.3%   159 2758s
 23621 19421 6372.98324   54  229 7111.90000 4954.48546  30.3%   159 2775s
 23739 19554 5151.22748   27  582 7111.90000 4954.48546  30.3%   159 2794s
 23767 19554 5647.53223   52   90 7111.90000 4954.48546  30.3%   160 2795s
 23902 19716 5846.30681   55  321 7111.90000 4954.49458  30.3%   159 2815s
H24119 19305                    6999.9000000 4954.49694  29.2%   159 2832s
 24212 19466     cutoff  103      6999.90000 4955.48752  29.2%   159 2848s
 24390 19466 6835.13963  116   25 6999.90000 4955.87663  29.2%   159 2850s
 24403 19511 6789.28241  112   16 6999.90000 4955.87663  29.2%   159 2862s
 24462 19610     cutoff  118      6999.90000 4957.29957  29.2%   160 2878s
 24587 19676     cutoff  128      6999.90000 4957.43336  29.2%   160 2893s
 24652 19885 5419.25670   40  161 6999.90000 4957.43336  29.2%   160 2912s
 24881 20076 5980.89750  109   14 6999.90000 4957.97068  29.2%   160 2933s
 25133 20122 5962.51478   57   74 6999.90000 4958.11405  29.2%   159 2936s
 25195 20169 6959.69000  185   10 6999.90000 4958.14803  29.2%   159 2951s
 25272 20217     cutoff  186      6999.90000 4960.48084  29.1%   159 2965s
 25333 20319 5714.56467   39  212 6999.90000 4960.95934  29.1%   159 2981s
 25450 20388 5158.34305   22  474 6999.90000 4961.21797  29.1%   160 2997s
 25522 20436 6372.38009   66  205 6999.90000 4961.54493  29.1%   160 3016s
 25589 20500 5151.25736   26  524 6999.90000 4961.61692  29.1%   160 3032s
 25652 20605 5529.76582   35  241 6999.90000 4961.61692  29.1%   161 3049s
 25681 20605 5876.90891   55   58 6999.90000 4961.61692  29.1%   161 3050s
 25773 20708 5643.89551   47  221 6999.90000 4961.61692  29.1%   161 3069s
 25821 20708 5993.38109   79  110 6999.90000 4961.61692  29.1%   161 3070s
 25938 20878 5865.81862   67  251 6999.90000 4961.61692  29.1%   161 3085s
 26096 20984 6487.54987  114   38 6999.90000 4962.25562  29.1%   161 3117s
 26248 21080 5331.36466   21  375 6999.90000 4962.57496  29.1%   161 3133s
 26345 21210 6316.90453   82   11 6999.90000 4964.09601  29.1%   161 3150s
 26525 21345     cutoff  121      6999.90000 4964.23291  29.1%   161 3171s
 26671 21450 6987.94000  120    - 6999.90000 4965.36894  29.1%   161 3188s
 26790 21495     cutoff  120      6999.90000 4965.91093  29.1%   161 3204s
 26846 21636 5528.89626   40  235 6999.90000 4966.53124  29.0%   161 3229s
 26914 21636 6555.97907   71   52 6999.90000 4966.53124  29.0%   161 3230s
 26993 21731     cutoff   90      6999.90000 4967.16606  29.0%   161 3247s
 27118 21775     cutoff   97      6999.90000 4968.01438  29.0%   161 3263s
 27185 21917 5606.05986   34  346 6999.90000 4968.40096  29.0%   162 3279s
 27227 21917 6532.46611   76   83 6999.90000 4968.40096  29.0%   162 3280s
 27394 21975     cutoff   98      6999.90000 4968.71920  29.0%   161 3295s
 27450 22115 5482.47519   48  170 6999.90000 4970.68580  29.0%   162 3312s
 27640 22186 6678.82763  106   39 6999.90000 4971.20016  29.0%   161 3328s
 27721 22241 infeasible  145      6999.90000 4971.44855  29.0%   162 3345s
 27778 22327 5448.94754   28  523 6999.90000 4971.44855  29.0%   162 3362s
 27874 22436 5760.29138   34  521 6999.90000 4971.44855  29.0%   162 3378s
 28003 22493 6220.06994   42  504 6999.90000 4971.44855  29.0%   162 3396s
 28059 22620 6524.33814   58  158 6999.90000 4972.15016  29.0%   163 3414s
 28211 22671 5423.10482   29  448 6999.90000 4972.15016  29.0%   163 3451s
 28278 22786 5961.88155   63  145 6999.90000 4972.31628  29.0%   163 3467s
 28433 22830 5558.40249   29  475 6999.90000 4972.35354  29.0%   163 3483s
 28478 22902 5736.19047   41  352 6999.90000 4972.35354  29.0%   164 3500s
 28550 23063 6005.65222   57  210 6999.90000 4972.35354  29.0%   164 3519s
 28638 23063 5754.75145   69   97 6999.90000 4972.35354  29.0%   164 3520s
 28711 23268 6202.58313   91   32 6999.90000 4972.81633  29.0%   164 3540s
 29006 23301     cutoff  139      6999.90000 4973.49369  28.9%   163 3557s
 29036 23426 5487.72064   38  323 6999.90000 4973.56281  28.9%   164 3573s
 29161 23523 6752.71167  101   46 6999.90000 4973.64023  28.9%   164 3590s
 29286 23616 5823.95170   41  336 6999.90000 4973.64597  28.9%   164 3600s

Cutting planes:
  User: 1848
  Gomory: 15
  Cover: 421
  Implied bound: 188
  Projected implied bound: 2
  Clique: 58
  MIR: 92
  StrongCG: 2
  Flow cover: 306
  GUB cover: 1
  Zero half: 57
  Network: 7
  RLT: 322
  Relax-and-lift: 6
  Lazy constraints: 9021

Explored 29397 nodes (4814352 simplex iterations) in 3600.93 seconds
Thread count was 2 (of 32 available processors)

Solution count 6: 6999.9 7111.9 7167.79 ... 7569.09

Time limit reached
Best objective 6.999900000000e+03, best bound 4.973645973074e+03, gap 28.9469%

User-callback calls 310714, time in user-callback 671.02 sec
================================================================================
executing instance: ./input/Instances/Original/5/absH3low_4n25.dat
--------------------------------------------------------------------------------
Instance details
n	26
H	3
C	2029
Li:
[0, 0, 0, 0, 0, 0, 0, 0, 0, 0, 0, 0, 0, 0, 0, 0, 0, 0, 0, 0, 0, 0, 0, 0, 0, 0, ]
Ui:
[0, 34, 165, 76, 88, 188, 58, 279, 52, 132, 198, 142, 135, 165, 186, 58, 201, 196, 40, 183, 32, 90, 168, 126, 93, 146, ]
Distance matrix:
|0	299	188	235	91	202	152	147	162	277	268	132	71	162	220	69	220	289	241	124	265	80	162	132	66	302	|
|299	0	468	431	282	142	317	425	443	569	193	178	359	302	422	231	93	28	511	325	457	242	434	215	240	601	|
|188	468	0	153	265	342	308	43	192	106	455	290	117	206	142	246	379	464	252	274	360	267	211	319	231	184	|
|235	431	153	0	326	289	386	145	321	240	482	269	184	129	15	258	339	436	393	355	477	305	336	354	237	334	|
|91	282	265	326	0	228	66	228	166	339	196	157	154	242	311	99	225	264	229	50	201	47	153	71	115	340	|
