




arguments: ./build/bc_mirp -f ./input/orig_exec_119.cfg
Current dir: /scratch/gui/bc_mirp
File verbosity level: 9
date       time         ( uptime  ) [ thread name/id ]                   file:line     v| 
2021-02-07 19:02:04.463 (   0.252s) [main thread     ]             loguru.cpp:789   INFO| Logging to './output/vi_vc+lex_half/OU/V3/Original/execution_07_02_2021_19_02_04.log', mode: 'a', verbosity: 9
--------------------------------------------------------------------------------
Parameters
                           instance_path           ./input/Instances/Original/3/
                            model_policy                                       1
                             nb_vehicles                                       3
                              output_dir ./output/vi_vc+lex_half/OU/V3/Original/
                            sec_strategy                                       1
                       solver_nb_threads                                       2
                         solver_show_log                                    true
                       solver_time_limit                                    3600
                              use_vi_cos                                   false
                              use_vi_cus                                   false
                         use_vi_hc1_full                                   false
                         use_vi_hc1_half                                   false
                      use_vi_hc1_quarter                                   false
                              use_vi_hc2                                   false
                              use_vi_hc3                                   false
                         use_vi_lex_full                                   false
                         use_vi_lex_half                                    true
                      use_vi_lex_quarter                                   false
                              use_vi_qua                                   false
                               use_vi_vc                                    true
                               use_vi_vr                                   false
--------------------------------------------------------------------------------
executing instance: ./input/Instances/Original/3/absH3low_2n5.dat
--------------------------------------------------------------------------------
Instance details
n	6
H	3
C	237
Li:
[0, 0, 0, 0, 0, 0, ]
Ui:
[0, 93, 180, 51, 114, 24, ]
Distance matrix:
|0	170	318	35	112	235	|
|170	0	311	205	258	301	|
|318	311	0	326	278	137	|
|35	205	326	0	89	230	|
|112	258	278	89	0	160	|
|235	301	137	230	160	0	|

--------------------------------------------------------------------------------
Building model...
	using lazy and cut (CVRPSEP package)
Solving IRP LP...
--------------------------------------------------------------------------------

Gurobi 9.1.0 (linux64) logging started Sun Feb  7 19:02:04 2021

Gurobi Optimizer version 9.1.0 build v9.1.0rc0 (linux64)
Thread count: 32 physical cores, 32 logical processors, using up to 2 threads
Optimize a model with 192 rows, 258 columns and 906 nonzeros
Model fingerprint: 0x1f61e986
Variable types: 69 continuous, 189 integer (54 binary)
Coefficient statistics:
  Matrix range     [1e+00, 2e+02]
  Objective range  [1e-02, 3e+02]
  Bounds range     [1e+00, 2e+02]
  RHS range        [1e+00, 5e+02]
Presolve removed 73 rows and 94 columns
Presolve time: 0.01s
Presolved: 119 rows, 164 columns, 527 nonzeros
Variable types: 34 continuous, 130 integer (91 binary)
Found heuristic solution: objective 2612.5200000
Found heuristic solution: objective 2298.7300000
Found heuristic solution: objective 1828.9000000

Root relaxation: objective 9.441880e+02, 152 iterations, 0.00 seconds

    Nodes    |    Current Node    |     Objective Bounds      |     Work
 Expl Unexpl |  Obj  Depth IntInf | Incumbent    BestBd   Gap | It/Node Time

     0     0  944.18797    0   27 1828.90000  944.18797  48.4%     -    0s
     0     0 1177.24681    0   34 1828.90000 1177.24681  35.6%     -    0s
H    0     0                    1801.9000000 1177.24681  34.7%     -    0s
     0     0 1228.50386    0   34 1801.90000 1228.50386  31.8%     -    0s
     0     0 1408.37568    0   62 1801.90000 1408.37568  21.8%     -    0s
     0     0 1454.46050    0   54 1801.90000 1454.46050  19.3%     -    0s
     0     0 1477.52849    0   53 1801.90000 1477.52849  18.0%     -    0s
     0     0 1482.67892    0   57 1801.90000 1482.67892  17.7%     -    0s
     0     0 1482.79260    0   55 1801.90000 1482.79260  17.7%     -    0s
     0     0 1573.45070    0   54 1801.90000 1573.45070  12.7%     -    0s
     0     0 1580.91365    0   51 1801.90000 1580.91365  12.3%     -    0s
     0     0 1583.16955    0   53 1801.90000 1583.16955  12.1%     -    0s
     0     0 1583.22074    0   55 1801.90000 1583.22074  12.1%     -    0s
     0     0 1593.92999    0   55 1801.90000 1593.92999  11.5%     -    0s
     0     0 1594.66537    0   55 1801.90000 1594.66537  11.5%     -    0s
     0     0 1594.93732    0   56 1801.90000 1594.93732  11.5%     -    0s
     0     0 1618.45203    0   61 1801.90000 1618.45203  10.2%     -    0s
H    0     0                    1770.5200000 1618.45203  8.59%     -    0s
     0     0 1619.80686    0   65 1770.52000 1619.80686  8.51%     -    0s
     0     0 1675.68811    0   66 1770.52000 1675.68811  5.36%     -    0s
     0     0 1677.39955    0   72 1770.52000 1677.39955  5.26%     -    0s
     0     0 1679.39578    0   44 1770.52000 1679.39578  5.15%     -    0s
     0     0 1679.40811    0   54 1770.52000 1679.40811  5.15%     -    0s
     0     0 1685.64715    0   64 1770.52000 1685.64715  4.79%     -    0s
     0     0 1696.41506    0   67 1770.52000 1696.41506  4.19%     -    0s
     0     0 1696.68797    0   57 1770.52000 1696.68797  4.17%     -    0s
     0     0 1699.30909    0   56 1770.52000 1699.30909  4.02%     -    0s
     0     0 1699.42751    0   66 1770.52000 1699.42751  4.02%     -    0s
     0     0 1699.90652    0   70 1770.52000 1699.90652  3.99%     -    0s
     0     0 1699.90652    0   70 1770.52000 1699.90652  3.99%     -    0s
H    0     0                    1720.8300000 1699.90652  1.22%     -    0s
     0     0 1699.90652    0   16 1720.83000 1699.90652  1.22%     -    0s
     0     0 1699.90652    0   36 1720.83000 1699.90652  1.22%     -    0s
     0     0     cutoff    0      1720.83000 1720.83000  0.00%     -    0s

Cutting planes:
  Gomory: 2
  Cover: 7
  Implied bound: 5
  MIR: 4
  Flow cover: 10
  RLT: 3
  Relax-and-lift: 2

Explored 1 nodes (882 simplex iterations) in 0.19 seconds
Thread count was 2 (of 32 available processors)

Solution count 6: 1720.83 1770.52 1801.9 ... 2612.52

Optimal solution found (tolerance 1.00e-04)
Best objective 1.720830000000e+03, best bound 1.720830000000e+03, gap 0.0000%

User-callback calls 303, time in user-callback 0.01 sec
================================================================================
executing instance: ./input/Instances/Original/3/absH3high_5n30.dat
--------------------------------------------------------------------------------
Instance details
n	31
H	3
C	2296
Li:
[0, 0, 0, 0, 0, 0, 0, 0, 0, 0, 0, 0, 0, 0, 0, 0, 0, 0, 0, 0, 0, 0, 0, 0, 0, 0, 0, 0, 0, 0, 0, ]
Ui:
[0, 80, 90, 297, 28, 264, 123, 192, 112, 32, 72, 88, 294, 129, 126, 105, 110, 237, 246, 92, 72, 147, 54, 96, 128, 96, 84, 28, 74, 196, 192, ]
Distance matrix:
|0	87	302	65	389	171	219	120	412	339	129	63	169	401	383	158	393	161	246	275	64	287	345	235	13	274	106	201	85	358	135	|
|87	0	334	128	402	212	301	204	465	384	187	145	232	424	454	238	475	245	289	352	80	307	352	321	81	352	20	261	170	376	215	|
|302	334	0	239	113	132	237	334	157	70	404	263	162	105	227	229	339	251	65	217	259	53	107	352	293	220	339	134	270	75	235	|
|65	128	239	0	330	107	175	130	348	275	174	40	107	339	326	114	351	125	181	224	58	228	290	222	58	224	143	138	65	297	92	|
|389	402	113	330	0	226	349	438	210	151	502	360	269	48	316	339	441	362	175	328	335	102	55	465	377	330	401	245	371	37	342	|
|171	212	132	107	226	0	169	214	253	173	276	134	64	233	261	130	326	153	77	188	133	125	192	264	162	190	220	68	145	193	125	|
|219	301	237	175	349	169	0	157	257	223	244	157	105	334	180	62	175	61	177	63	233	264	334	118	221	61	317	112	136	312	85	|
|120	204	334	130	438	214	157	0	402	348	88	90	173	438	336	115	307	100	269	220	172	338	406	122	130	218	224	204	69	403	101	|
|412	465	157	348	210	253	257	402	0	88	486	359	245	166	129	287	266	303	178	204	386	208	239	370	406	207	473	212	354	187	304	|
|339	384	70	275	151	173	223	348	88	0	427	291	179	120	166	234	290	254	96	187	306	123	166	342	332	190	391	145	291	119	247	|
|129	187	404	174	502	276	244	88	486	427	0	142	248	508	424	200	390	187	342	308	193	400	464	192	142	306	207	281	136	469	182	|
|63	145	263	40	360	134	157	90	359	291	142	0	114	366	321	95	331	99	202	212	90	258	323	186	65	211	163	148	27	327	72	|
|169	232	162	107	269	64	105	173	245	179	248	114	0	266	222	71	268	94	97	131	155	173	244	203	164	132	245	34	113	233	73	|
|401	424	105	339	48	233	334	438	166	120	508	366	266	0	280	332	409	355	169	305	353	117	96	452	391	308	425	237	374	49	339	|
|383	454	227	326	316	261	180	336	129	166	424	321	222	280	0	231	137	238	208	116	376	277	331	272	381	118	467	197	307	285	253	|
|158	238	229	114	339	130	62	115	287	234	200	95	71	332	231	0	238	23	164	118	171	243	314	134	159	117	255	95	77	302	23	|
|393	475	339	351	441	326	175	307	266	290	390	331	268	409	137	238	0	232	300	138	408	383	445	204	395	136	492	258	308	406	260	|
|161	245	251	125	362	153	61	100	303	254	187	99	94	355	238	23	232	0	187	123	183	267	338	111	164	121	262	117	77	325	34	|
|246	289	65	181	175	77	177	269	178	96	342	202	97	169	208	164	300	187	0	168	210	87	157	290	238	171	296	70	206	138	170	|
|275	352	217	224	328	188	63	220	204	187	308	212	131	305	116	118	138	123	168	0	279	255	322	166	275	3	367	120	195	291	141	|
|64	80	259	58	335	133	233	172	386	306	193	90	155	353	376	171	408	183	210	279	0	236	289	276	51	279	90	182	117	307	150	|
|287	307	53	228	102	125	264	338	208	123	400	258	173	117	277	243	383	267	87	255	236	0	71	374	276	257	308	153	270	71	245	|
|345	352	107	290	55	192	334	406	239	166	464	323	244	96	331	314	445	338	157	322	289	71	0	445	334	325	350	224	337	54	315	|
|235	321	352	222	465	264	118	122	370	342	192	186	203	452	272	134	204	111	290	166	276	374	445	0	243	164	341	221	159	428	142	|
|13	81	293	58	377	162	221	130	406	332	142	65	164	391	381	159	395	164	238	275	51	276	334	243	0	274	100	196	89	347	136	|
|274	352	220	224	330	190	61	218	207	190	306	211	132	308	118	117	136	121	171	3	279	257	325	164	274	0	367	122	194	294	140	|
|106	20	339	143	401	220	317	224	473	391	207	163	245	425	467	255	492	262	296	367	90	308	350	341	100	367	0	272	188	377	232	|
|201	261	134	138	245	68	112	204	212	145	281	148	34	237	197	95	258	117	70	120	182	153	224	221	196	122	272	0	146	208	103	|
|85	170	270	65	371	145	136	69	354	291	136	27	113	374	307	77	308	77	206	195	117	270	337	159	89	194	188	146	0	337	54	|
|358	376	75	297	37	193	312	403	187	119	469	327	233	49	285	302	406	325	138	291	307	71	54	428	347	294	377	208	337	0	306	|
|135	215	235	92	342	125	85	101	304	247	182	72	73	339	253	23	260	34	170	141	150	245	315	142	136	140	232	103	54	306	0	|

--------------------------------------------------------------------------------
Building model...
	using lazy and cut (CVRPSEP package)
Solving IRP LP...
--------------------------------------------------------------------------------

Gurobi 9.1.0 (linux64) logging started Sun Feb  7 19:02:05 2021

Gurobi Optimizer version 9.1.0 build v9.1.0rc0 (linux64)
Thread count: 32 physical cores, 32 logical processors, using up to 2 threads
Optimize a model with 967 rows, 4858 columns and 11950 nonzeros
Model fingerprint: 0x29e50ba0
Variable types: 394 continuous, 4464 integer (279 binary)
Coefficient statistics:
  Matrix range     [1e+00, 3e+04]
  Objective range  [1e-01, 5e+02]
  Bounds range     [1e+00, 3e+02]
  RHS range        [1e+00, 4e+03]
Presolve removed 296 rows and 409 columns
Presolve time: 0.12s
Presolved: 671 rows, 4449 columns, 10259 nonzeros
Variable types: 232 continuous, 4217 integer (3940 binary)

Root relaxation: objective 8.930138e+03, 741 iterations, 0.02 seconds

    Nodes    |    Current Node    |     Objective Bounds      |     Work
 Expl Unexpl |  Obj  Depth IntInf | Incumbent    BestBd   Gap | It/Node Time

     0     0 8930.13761    0   99          - 8930.13761      -     -    0s
     0     0 9265.93885    0   96          - 9265.93885      -     -    0s
     0     0 9295.03785    0   92          - 9295.03785      -     -    0s
     0     0 9680.95874    0  132          - 9680.95874      -     -    0s
     0     0 9776.43593    0  164          - 9776.43593      -     -    0s
     0     0 9776.46922    0  162          - 9776.46922      -     -    0s
     0     0 9879.42600    0  204          - 9879.42600      -     -    0s
     0     0 9885.77090    0  223          - 9885.77090      -     -    0s
     0     0 9886.32993    0  219          - 9886.32993      -     -    0s
     0     0 9910.60350    0  282          - 9910.60350      -     -    1s
     0     0 9911.78418    0  248          - 9911.78418      -     -    1s
     0     0 9919.22004    0  268          - 9919.22004      -     -    1s
     0     0 9919.22004    0  266          - 9919.22004      -     -    1s
     0     2 9922.01708    0  266          - 9922.01708      -     -    1s
   105   122 10479.3868   28  146          - 9936.12860      -   193    5s
*  474   490             172    13057.380000 9936.12860  23.9%  80.8    7s
   581   495 10169.6665    4  315 13057.3800 9936.51731  23.9%  75.6   10s
   694   607 10442.4000   40   42 13057.3800 9936.51731  23.9%  93.9   15s
H  725   604                    12990.380000 9936.51731  23.5%  95.6   17s
   740   614 10353.6622   34  346 12990.3800 10041.3185  22.7%  93.6   20s
   762   628 10103.5897   12  403 12990.3800 10063.5391  22.5%  90.9   25s
H  765   600                    12984.380000 10063.5391  22.5%  97.9   25s
H  775   575                    12950.380000 10063.8556  22.3%  96.6   27s
H  781   550                    12470.940000 10064.4035  19.3%  95.8   28s
   784   552 11861.1110   95  404 12470.9400 10064.4049  19.3%  95.5   30s
   788   558 10088.4704   31  393 12470.9400 10083.1398  19.1%   101   35s
   827   586 10201.6489   40  300 12470.9400 10126.6948  18.8%   117   40s
   892   633 10450.3704   55  342 12470.9400 10126.6948  18.8%   134   45s
   990   699 10867.1733   85  162 12470.9400 10126.6948  18.8%   141   50s
  1139   843 10891.7647  107   99 12470.9400 10126.6948  18.8%   143   55s
  1453   949 10255.3431   33  346 12470.9400 10150.3882  18.6%   130   60s
  1475   972 10387.2874   41  109 12470.9400 10150.3882  18.6%   137   65s
  1511   996 10621.2780   47  161 12470.9400 10150.3882  18.6%   146   70s
  1584  1049 11062.6788   59  130 12470.9400 10150.3882  18.6%   153   75s
  1697  1192 11356.9199   82   92 12470.9400 10150.3882  18.6%   153   80s
* 1862  1164             151    12309.890000 10150.3882  17.5%   144   81s
* 1887  1077             158    12075.490000 10150.3882  15.9%   143   83s
  1904  1139 11653.9988  113   40 12075.4900 10150.3882  15.9%   144   86s
  2020  1127 10344.8637   35  311 12075.4900 10175.7110  15.7%   140   90s
  2091  1204 10545.2707   51  108 12075.4900 10175.7110  15.7%   143   95s
  2315  1433 11063.3100   67    6 12075.4900 10175.7110  15.7%   137  100s
  2531  1526 10393.0323   39  341 12075.4900 10200.4806  15.5%   132  111s
  2663  1676 10924.6999   69  164 12075.4900 10206.0106  15.5%   130  115s
  2841  1775 10357.8381   38  327 12075.4900 10209.1996  15.5%   129  121s
  2916  1905 10791.8818   51   98 12075.4900 10209.1996  15.5%   131  128s
  3002  1942 11411.0000   91   27 12075.4900 10210.3731  15.4%   128  130s
  3111  2044 10582.8126   48  226 12075.4900 10210.7669  15.4%   129  135s
  3286  2144     cutoff  143      12075.4900 10210.9558  15.4%   126  140s
  3420  2270 10417.6853   48  201 12075.4900 10210.9558  15.4%   127  149s
  3451  2364 10632.6889   59  131 12075.4900 10210.9558  15.4%   128  152s
  3560  2445 11002.5360   81   50 12075.4900 10210.9558  15.4%   127  155s
  3740  2588 infeasible  154      12075.4900 10222.3921  15.3%   127  163s
  3805  2772 10650.3575   45  235 12075.4900 10222.3921  15.3%   128  175s
  4080  2872 12031.5100  147    - 12075.4900 10226.6404  15.3%   125  183s
  4138  2896     cutoff  147      12075.4900 10228.9600  15.3%   126  187s
  4179  2983 10572.6260   44  244 12075.4900 10232.4564  15.3%   127  191s
  4335  3149     cutoff   97      12075.4900 10242.6002  15.2%   129  200s
  4479  3318 11238.6651   85   35 12075.4900 10242.8476  15.2%   128  205s
  4665  3408 infeasible  162      12075.4900 10243.0354  15.2%   126  210s
  4774  3505 10754.8302   73  108 12075.4900 10248.7401  15.1%   126  215s
  4955  3656 10934.6368   52  169 12075.4900 10251.2632  15.1%   128  227s
  5061  3733 11504.9978   70   38 12075.4900 10255.8195  15.1%   127  232s
  5158  3841 10463.9614   48  296 12075.4900 10257.9709  15.1%   128  238s
  5297  3963 10300.4518   39  291 12075.4900 10257.9892  15.1%   127  243s
  5440  4139 10664.5252   61   87 12075.4900 10259.0291  15.0%   128  250s
  5656  4242 11979.0200  156    - 12075.4900 10260.2567  15.0%   126  256s
  5754  4356     cutoff  156      12075.4900 10263.7482  15.0%   127  264s
  5881  4413 11633.8140   75  107 12075.4900 10263.9183  15.0%   128  275s
  5946  4540 10608.1561   53  261 12075.4900 10267.3772  15.0%   129  282s
  6167  4792 10498.2133   43  264 12075.4900 10268.2167  15.0%   128  289s
  6206  4792 10906.4299   67   35 12075.4900 10268.2167  15.0%   128  290s
  6482  4881 11156.3972   68   51 12075.4900 10268.2818  15.0%   126  297s
  6565  5021     cutoff  122      12075.4900 10268.9379  15.0%   127  304s
  6727  5158 infeasible  128      12075.4900 10273.9264  14.9%   127  311s
  6892  5296 10957.8254   45  106 12075.4900 10275.2550  14.9%   126  317s
  7045  5480 10558.7026   48  230 12075.4900 10276.0001  14.9%   127  324s
  7091  5484 10919.3259   75   22 12075.4900 10276.0001  14.9%   127  325s
  7259  5680 10855.3200   66   33 12075.4900 10277.7561  14.9%   125  332s
  7496  5812     cutoff  134      12075.4900 10278.2050  14.9%   125  340s
  7666  5947     cutoff   99      12075.4900 10280.0769  14.9%   125  348s
  7810  6072 11175.7886   79   76 12075.4900 10280.9762  14.9%   125  356s
  7993  6242 10697.3014   50  149 12075.4900 10281.2193  14.9%   124  364s
  8198  6342 11825.5314   85   56 12075.4900 10281.9260  14.9%   124  371s
  8326  6489     cutoff   97      12075.4900 10284.9767  14.8%   125  379s
  8371  6490 11270.3700   85    - 12075.4900 10287.0679  14.8%   126  380s
  8512  6608 11524.6871   78   42 12075.4900 10288.3661  14.8%   125  388s
  8667  6684     cutoff  104      12075.4900 10289.9028  14.8%   125  395s
  8736  6910 11416.3053   62  139 12075.4900 10291.0985  14.8%   126  403s
  9034  7003     cutoff  107      12075.4900 10293.4903  14.8%   125  411s
  9143  7136 12048.0500  105    - 12075.4900 10294.0481  14.8%   126  419s
* 9289  7238             105    12072.050000 10295.2586  14.7%   127  426s
  9416  7415 11907.2407  121   10 12072.0500 10297.3106  14.7%   127  433s
  9620  7457 10620.2743   43  188 12072.0500 10298.1968  14.7%   127  445s
  9657  7612 10940.7713   48  143 12072.0500 10298.1968  14.7%   128  452s
  9842  7727 11950.4599   76   50 12072.0500 10298.4477  14.7%   128  460s
 10002  7864 11740.7999   70  109 12072.0500 10301.2664  14.7%   128  468s
 10187  7975     cutoff   95      12072.0500 10302.0695  14.7%   128  477s
 10345  8033     cutoff  100      12072.0500 10304.4684  14.6%   128  485s
 10396  8158 11235.4936   68   69 12072.0500 10304.9122  14.6%   130  493s
 10559  8300 10643.4560   51  272 12072.0500 10305.2225  14.6%   130  502s
 10729  8431     cutoff  138      12072.0500 10305.5132  14.6%   130  511s
 10894  8578 11317.7468   56  213 12072.0500 10306.2993  14.6%   130  519s
*11045  8425             120    12013.710000 10307.0788  14.2%   130  519s
 11051  8523 10939.8849   52  287 12013.7100 10307.2321  14.2%   131  526s
 11174  8667 10625.4389   45   95 12013.7100 10307.5810  14.2%   131  536s
 11361  8850     cutoff  121      12013.7100 10309.3134  14.2%   131  546s
 11660  8969 11472.7500   83   17 12013.7100 10310.1239  14.2%   131  554s
 11711  8970 11398.4900   70    - 12013.7100 10310.1239  14.2%   131  555s
 11762  9038 11521.2285   77   21 12013.7100 10310.8265  14.2%   131  563s
 11878  9132     cutoff   88      12013.7100 10312.8338  14.2%   131  570s
 11974  9242 11201.3858  104   63 12013.7100 10313.4159  14.2%   132  578s
 12103  9358     cutoff  138      12013.7100 10313.5597  14.2%   133  586s
 12244  9458 11459.5160   71   70 12013.7100 10313.8756  14.1%   133  594s
 12355  9627 11029.3060   60  229 12013.7100 10314.1055  14.1%   133  602s
 12550  9719 10702.9788   67   84 12013.7100 10314.7403  14.1%   133  610s
 12666  9824     cutoff  119      12013.7100 10315.3100  14.1%   134  620s
 12832  9917 10776.4497   50  255 12013.7100 10315.6817  14.1%   134  628s
 12944  9982 11214.3279   67   53 12013.7100 10316.0912  14.1%   135  636s
 13026 10110     cutoff  102      12013.7100 10316.9703  14.1%   135  645s
 13169 10242 11367.1052   86   26 12013.7100 10318.8259  14.1%   136  655s
 13331 10306     cutoff  121      12013.7100 10320.9616  14.1%   136  663s
 13401 10436 10848.8450   61   92 12013.7100 10321.0328  14.1%   137  670s
 13564 10568     cutoff  104      12013.7100 10321.5175  14.1%   137  679s
 13615 10568 11533.5967   84   12 12013.7100 10321.5175  14.1%   137  680s
 13749 10627 11691.0497   87   48 12013.7100 10321.8059  14.1%   137  689s
 13846 10694     cutoff  100      12013.7100 10322.9326  14.1%   137  697s
 13918 10871 11268.9987   83   88 12013.7100 10323.5776  14.1%   138  706s
 14157 11051 10454.5629   44  273 12013.7100 10325.1957  14.1%   138  715s
 14370 11141 11577.2683   89   52 12013.7100 10327.0755  14.0%   137  727s
 14488 11252     cutoff  133      12013.7100 10327.6668  14.0%   138  737s
 14632 11321 11835.0183   67   50 12013.7100 10328.4170  14.0%   138  746s
 14704 11403 11322.3089   88  104 12013.7100 10328.4980  14.0%   139  755s
 14819 11517 10750.9315   44  246 12013.7100 10328.8336  14.0%   139  763s
 14966 11595 11350.5094   86   90 12013.7100 10329.5276  14.0%   139  771s
 15076 11696 infeasible  124      12013.7100 10331.4327  14.0%   140  780s
 15190 11739 10904.3840   55  268 12013.7100 10331.7304  14.0%   140  789s
 15236 11878 11631.1172   88  107 12013.7100 10333.2363  14.0%   140  797s
 15427 11993     cutoff  112      12013.7100 10333.5213  14.0%   140  806s
 15557 12208 11074.0035   73  119 12013.7100 10334.2291  14.0%   141  817s
 15852 12323 11979.0300  128    - 12013.7100 10334.3329  14.0%   140  826s
 15961 12421     cutoff  128      12013.7100 10334.4717  14.0%   141  835s
 16088 12507     cutoff   96      12013.7100 10334.9848  14.0%   141  844s
 16175 12663 11337.2987   61   61 12013.7100 10335.4289  14.0%   142  855s
 16404 12784     cutoff  101      12013.7100 10336.1293  14.0%   141  864s
 16538 12920 11327.3139   80   79 12013.7100 10337.1519  14.0%   141  873s
 16731 13064 10461.2737   42  343 12013.7100 10338.6126  13.9%   141  881s
 16931 13133     cutoff  112      12013.7100 10339.2939  13.9%   141  890s
 16992 13304 11136.8711   63  168 12013.7100 10342.1694  13.9%   142  899s
 17193 13396     cutoff   90      12013.7100 10342.5669  13.9%   142  908s
 17293 13555 11551.0324   60  141 12013.7100 10342.9310  13.9%   143  917s
 17491 13638 11024.1431   63  181 12013.7100 10343.6236  13.9%   142  926s
 17584 13744 11774.6900  103   13 12013.7100 10344.2907  13.9%   143  935s
 17711 13831     cutoff  119      12013.7100 10344.9282  13.9%   143  944s
 17814 13971 10785.1888   56  117 12013.7100 10345.0277  13.9%   144  954s
 17985 14086 11758.0919   84   21 12013.7100 10346.4976  13.9%   144  963s
 18133 14194     cutoff   97      12013.7100 10349.3726  13.9%   144  972s
 18273 14328 11891.9430  105   19 12013.7100 10350.9093  13.8%   144  982s
 18426 14470 10489.0719   42  341 12013.7100 10350.9093  13.8%   145  992s
 18609 14588 11003.2363   61  128 12013.7100 10351.5615  13.8%   145 1001s
 18765 14620 12013.1100   96    - 12013.7100 10351.9060  13.8%   145 1012s
 18796 14691     cutoff   96      12013.7100 10354.5530  13.8%   145 1021s
 18883 14841 10920.3153   66   87 12013.7100 10355.3911  13.8%   146 1031s
 19057 14942 11736.8482  126    9 12013.7100 10355.5540  13.8%   146 1040s
 19195 14982 infeasible  138      12013.7100 10357.1154  13.8%   146 1048s
 19227 15111 10873.7714   55  316 12013.7100 10358.0496  13.8%   147 1058s
 19384 15171 11844.9656  113   35 12013.7100 10358.1369  13.8%   147 1066s
 19444 15266 11144.4166   80  177 12013.7100 10358.2293  13.8%   148 1075s
 19583 15388 10416.7514   39  415 12013.7100 10358.2293  13.8%   148 1085s
 19687 15534 10853.7838   65  122 12013.7100 10358.5563  13.8%   149 1096s
 19895 15602     cutoff  108      12013.7100 10359.5010  13.8%   149 1106s
H19944 15429                    11974.970000 10360.4390  13.5%   149 1107s
 19989 15545 11816.8016   71   25 11974.9700 10360.5692  13.5%   149 1116s
 20153 15661     cutoff  103      11974.9700 10361.6345  13.5%   149 1126s
 20309 15792     cutoff  105      11974.9700 10362.7319  13.5%   149 1138s
 20471 15920 11559.9673   91    5 11974.9700 10364.1112  13.5%   149 1147s
 20619 16078     cutoff  103      11974.9700 10364.8388  13.4%   149 1158s
 20808 16184     cutoff  137      11974.9700 10365.4752  13.4%   149 1166s
 20925 16286 11343.2610   72  182 11974.9700 10366.8753  13.4%   150 1175s
 21035 16394 infeasible  114      11974.9700 10367.2128  13.4%   150 1184s
 21173 16469     cutoff   96      11974.9700 10367.3766  13.4%   150 1195s
 21269 16590     cutoff  101      11974.9700 10368.3852  13.4%   150 1204s
 21324 16590 11590.6773   94   18 11974.9700 10368.3852  13.4%   151 1205s
 21442 16715 infeasible  115      11974.9700 10368.5217  13.4%   150 1214s
 21499 16715 11538.3057   93   45 11974.9700 10368.5217  13.4%   151 1215s
 21587 16793     cutoff  110      11974.9700 10368.8611  13.4%   151 1224s
 21691 16972 11044.9859   53  108 11974.9700 10370.2885  13.4%   151 1234s
 21769 16976 11758.0041   91   26 11974.9700 10370.2885  13.4%   151 1235s
 21924 17035     cutoff  119      11974.9700 10370.6633  13.4%   151 1243s
 21986 17206 10962.5945   58   36 11974.9700 10371.3972  13.4%   151 1254s
 22115 17221 11259.2655   66   14 11974.9700 10371.3972  13.4%   151 1255s
 22239 17322     cutoff  106      11974.9700 10371.6070  13.4%   151 1266s
 22398 17503 10854.9482   46   63 11974.9700 10373.2203  13.4%   151 1277s
 22603 17631     cutoff   98      11974.9700 10374.7912  13.4%   151 1286s
 22737 17762 11642.0401  108   23 11974.9700 10375.3803  13.4%   151 1296s
 22923 17821     cutoff  122      11974.9700 10375.9452  13.4%   151 1304s
 22948 17821 11970.7100   97    - 11974.9700 10376.0726  13.4%   151 1305s
 22976 17931 10910.5993   54   85 11974.9700 10376.8117  13.3%   151 1315s
 23140 17985 infeasible  118      11974.9700 10378.0461  13.3%   151 1325s
 23181 18106 10875.9579   50  164 11974.9700 10378.0630  13.3%   152 1335s
 23338 18189 infeasible  107      11974.9700 10379.5262  13.3%   152 1344s
 23426 18288 11493.8751   85   38 11974.9700 10380.0037  13.3%   152 1354s
 23561 18372     cutoff   99      11974.9700 10381.5981  13.3%   153 1364s
 23669 18437 11903.3724   70   47 11974.9700 10382.4175  13.3%   153 1372s
 23740 18567 10779.1450   56  203 11974.9700 10382.4175  13.3%   153 1382s
 23899 18640 11200.7657   85   73 11974.9700 10382.9082  13.3%   153 1395s
 24027 18731     cutoff  119      11974.9700 10383.0148  13.3%   154 1405s
 24122 18876     cutoff   93      11974.9700 10383.6238  13.3%   154 1416s
 24331 18966 11756.4329   94    5 11974.9700 10384.4105  13.3%   154 1426s
 24427 19059 11820.3700   95    - 11974.9700 10385.1354  13.3%   154 1438s
 24551 19258 10902.4185   53  101 11974.9700 10385.2707  13.3%   154 1452s
 24831 19489 11035.8996   67   35 11974.9700 10385.2707  13.3%   154 1464s
 24870 19489 11376.4059   76   22 11974.9700 10385.2707  13.3%   154 1465s
 25090 19682 11399.0600   81    - 11974.9700 10386.2804  13.3%   153 1475s
 25394 19816     cutoff  109      11974.9700 10386.5177  13.3%   152 1487s
 25499 19893 11418.5871   82  120 11974.9700 10387.0528  13.3%   153 1498s
 25625 19972 infeasible  112      11974.9700 10387.1732  13.3%   153 1506s
 25698 20170 10950.9228   72   78 11974.9700 10387.2938  13.3%   153 1518s
 25951 20212     cutoff  133      11974.9700 10387.7021  13.3%   153 1527s
 25986 20298 10919.9107   43  198 11974.9700 10387.9136  13.3%   153 1536s
 26091 20399 11014.4298   55  116 11974.9700 10388.4919  13.2%   153 1546s
 26244 20473     cutoff   82      11974.9700 10389.8159  13.2%   153 1556s
 26325 20614 10790.2253   44  155 11974.9700 10390.3950  13.2%   154 1567s
 26524 20712     cutoff  102      11974.9700 10390.6095  13.2%   154 1577s
 26636 20751 11720.5836   72   58 11974.9700 10390.6473  13.2%   154 1586s
 26691 20824 11808.7381   73  119 11974.9700 10391.4311  13.2%   154 1596s
 26785 20885 11933.5700   85    - 11974.9700 10391.9332  13.2%   154 1606s
 26870 21002 10542.7418   49  241 11974.9700 10392.0337  13.2%   154 1616s
 27035 21091 11887.8313   91   34 11974.9700 10392.2927  13.2%   155 1626s
 27129 21196     cutoff  103      11974.9700 10392.7050  13.2%   155 1636s
 27241 21309 11434.3815   87   88 11974.9700 10393.9798  13.2%   155 1646s
*27329 21017             100    11935.450000 10394.3818  12.9%   155 1647s
 27417 21144 10520.0628   47  324 11935.4500 10394.3818  12.9%   155 1657s
*27575 20131              95    11841.450000 10394.3818  12.2%   155 1658s
 27585 20214 10873.7176   59   64 11841.4500 10395.1366  12.2%   155 1668s
 27743 20260     cutoff  121      11841.4500 10395.3327  12.2%   155 1678s
 27777 20352 10826.1725   49   86 11841.4500 10395.6749  12.2%   155 1687s
 27877 20434     cutoff   87      11841.4500 10395.7551  12.2%   156 1697s
 27990 20484 11746.2591   92    7 11841.4500 10396.4641  12.2%   156 1706s
 28050 20574 10997.8029   65   88 11841.4500 10396.7540  12.2%   156 1715s
 28181 20657     cutoff  104      11841.4500 10396.9815  12.2%   156 1725s
 28301 20707     cutoff   85      11841.4500 10397.0987  12.2%   156 1735s
 28354 20793 10839.2503   50  147 11841.4500 10397.6135  12.2%   157 1745s
 28475 20864 11832.4555   90    9 11841.4500 10398.4588  12.2%   157 1761s
 28572 20933 11006.5015   66  172 11841.4500 10398.8644  12.2%   157 1770s
 28653 21057     cutoff  108      11841.4500 10399.3384  12.2%   157 1779s
 28796 21139 11014.2925   65  112 11841.4500 10399.8518  12.2%   157 1788s
 28900 21199 infeasible  112      11841.4500 10399.9041  12.2%   158 1798s
 28985 21290 11192.3622   68  148 11841.4500 10400.1362  12.2%   158 1808s
 29101 21397 10821.4304   45  151 11841.4500 10400.5035  12.2%   158 1818s
 29243 21500     cutoff  107      11841.4500 10400.7765  12.2%   158 1827s
 29363 21589     cutoff   96      11841.4500 10401.5615  12.2%   158 1840s
 29501 21709 10757.3856   49  359 11841.4500 10402.0524  12.2%   158 1852s
 29647 21801 11765.9516   96   42 11841.4500 10402.3312  12.2%   158 1864s
 29755 21803 11461.3002   82   42 11841.4500 10402.5028  12.2%   158 1865s
 29767 21894 11412.3906   69   93 11841.4500 10402.6343  12.2%   158 1873s
 29886 21987 11003.3221   61   91 11841.4500 10402.9529  12.1%   158 1884s
 29992 22041 11765.8900  104    4 11841.4500 10403.2504  12.1%   159 1893s
 30073 22167 11811.9000  105    - 11841.4500 10403.4999  12.1%   159 1903s
 30246 22223     cutoff  106      11841.4500 10403.6375  12.1%   159 1912s
 30302 22313 10847.5876   52   62 11841.4500 10403.8060  12.1%   159 1923s
*30349 20953             100    11737.880000 10403.8060  11.4%   159 1923s
 30409 21048 11472.5351   74   91 11737.8800 10404.1556  11.4%   159 1935s
 30554 21132     cutoff   99      11737.8800 10404.6968  11.4%   159 1948s
 30662 21237 11646.9335   88   21 11737.8800 10405.1244  11.4%   160 1959s
 30791 21311     cutoff   92      11737.8800 10405.5933  11.4%   160 1969s
 30823 21311     cutoff  103      11737.8800 10405.7020  11.3%   160 1971s
 30889 21387 11278.5538   75   69 11737.8800 10405.8184  11.3%   160 1980s
 30990 21478     cutoff   96      11737.8800 10406.0061  11.3%   160 1993s
 31120 21520 10496.0561   45  369 11737.8800 10406.9453  11.3%   160 2004s
 31174 21623 10890.0098   68   84 11737.8800 10407.0435  11.3%   160 2016s
 31325 21720 infeasible  119      11737.8800 10407.1745  11.3%   160 2027s
 31434 21786 10580.3039   39  234 11737.8800 10407.7432  11.3%   161 2038s
 31514 21857     cutoff   94      11737.8800 10408.0754  11.3%   161 2047s
 31593 21981 11386.7364   73   52 11737.8800 10408.2023  11.3%   161 2058s
 31764 22083     cutoff   90      11737.8800 10408.5257  11.3%   161 2070s
 31881 22185     cutoff  103      11737.8800 10408.8750  11.3%   161 2081s
 32019 22266 10716.5555   41  361 11737.8800 10409.1013  11.3%   161 2093s
 32112 22332 11310.5351   52   93 11737.8800 10409.1013  11.3%   162 2104s
 32190 22347 11654.5983   65   14 11737.8800 10409.1013  11.3%   162 2116s
 32211 22423 11646.0053   73   24 11737.8800 10409.8524  11.3%   162 2125s
 32322 22470     cutoff   75      11737.8800 10409.9982  11.3%   162 2134s
 32371 22526 11057.1697   69  101 11737.8800 10410.6133  11.3%   162 2143s
 32459 22588     cutoff  102      11737.8800 10410.9822  11.3%   162 2153s
 32521 22680 10974.4582   49  118 11737.8800 10411.1774  11.3%   163 2164s
 32629 22746 11525.8852   69   42 11737.8800 10411.4924  11.3%   163 2175s
 32728 22865     cutoff   79      11737.8800 10411.5158  11.3%   163 2187s
 32867 22944 11681.0914   82  101 11737.8800 10411.7433  11.3%   163 2198s
 32971 23121     cutoff   85      11737.8800 10411.9155  11.3%   163 2212s
 33192 23172 11393.0239   84   61 11737.8800 10412.1915  11.3%   163 2223s
 33255 23201 10713.0635   50  232 11737.8800 10412.2400  11.3%   164 2234s
H33268 22937                    11721.880000 10412.2400  11.2%   164 2234s
 33284 23018 10915.1759   54  266 11721.8800 10412.2400  11.2%   164 2246s
 33387 23109 11452.7486   63  161 11721.8800 10412.4522  11.2%   164 2260s
 33516 23192 10919.6288   62  126 11721.8800 10412.6009  11.2%   164 2270s
 33633 23266 infeasible   95      11721.8800 10413.0320  11.2%   164 2280s
 33715 23397 11071.6766   67   70 11721.8800 10413.2913  11.2%   165 2295s
 33889 23433 11365.0633   87   16 11721.8800 10413.7355  11.2%   164 2305s
 33928 23516     cutoff   90      11721.8800 10414.2093  11.2%   165 2315s
 34028 23562 11126.6616   57  160 11721.8800 10414.4200  11.2%   165 2326s
 34089 23569 10670.0949   45  266 11721.8800 10414.5449  11.2%   165 2728s
H34090 22391                    11676.280000 10414.5449  10.8%   165 2732s
 34092 22392 11095.3032   45  370 11676.2800 10414.5449  10.8%   165 2742s
 34096 22395 11012.0567   64  406 11676.2800 10414.5449  10.8%   165 2745s
 34099 22397 10658.6311   40  396 11676.2800 10414.5449  10.8%   165 2750s
 34102 22399 11557.2400   99  380 11676.2800 10414.5449  10.8%   165 2756s
H34103 21279                    11673.400000 10414.5449  10.8%   165 2761s
 34105 21281 11655.6000  121  443 11673.4000 10414.5449  10.8%   165 2766s
 34106 21281 11358.9558   96  436 11673.4000 10414.5449  10.8%   165 2773s
 34109 21283 11313.0386   96  469 11673.4000 10414.5449  10.8%   165 2779s
 34110 21284 11404.2649   85  476 11673.4000 10414.5449  10.8%   165 2784s
 34111 21285 10791.1085   47  477 11673.4000 10414.5449  10.8%   165 2789s
 34112 21285 10735.8170   50  478 11673.4000 10414.5449  10.8%   165 2793s
 34113 21286 11239.3834   68  474 11673.4000 10414.5449  10.8%   165 2800s
 34116 21288 11396.8793   92  461 11673.4000 10414.5449  10.8%   165 2807s
 34117 21289 10879.2988   69  453 11673.4000 10414.5449  10.8%   165 2854s
 34118 21289 11044.4900   63  452 11673.4000 10414.5449  10.8%   165 2859s
 34120 21294 10414.5449   45  395 11673.4000 10414.5449  10.8%   165 2906s
 34122 21295 10414.5449   46  387 11673.4000 10414.5449  10.8%   165 2950s
 34124 21296 10414.5449   46  243 11673.4000 10414.5449  10.8%   165 2979s
 34126 21298 10414.5449   47  400 11673.4000 10414.5449  10.8%   165 3023s
 34128 21299 10414.5449   47  470 11673.4000 10414.5449  10.8%   166 3065s
 34130 21300 10414.5449   48  314 11673.4000 10414.5449  10.8%   166 3083s
 34132 21302 10414.5449   48  415 11673.4000 10414.5449  10.8%   166 3116s
 34134 21305 10483.0435   49  265 11673.4000 10414.5449  10.8%   166 3144s
 34138 21307 10414.5449   50  443 11673.4000 10414.5449  10.8%   166 3165s
 34141 21309 10414.5449   50  309 11673.4000 10414.5449  10.8%   166 3181s
 34144 21311 10485.4835   51  311 11673.4000 10414.5449  10.8%   166 3197s
 34147 21313 10430.8732   52  242 11673.4000 10414.5449  10.8%   166 3212s
 34150 21319 10436.5786   53  216 11673.4000 10414.5449  10.8%   166 3226s
 34157 21323 10530.9252   55  312 11673.4000 10414.5449  10.8%   166 3236s
 34164 21330 10497.2630   56  182 11673.4000 10414.5449  10.8%   166 3253s
 34173 21336 10604.2627   58  195 11673.4000 10414.5449  10.8%   166 3266s
 34182 21346 10586.3122   60  164 11673.4000 10414.5449  10.8%   166 3276s
 34195 21352 10768.0598   63  125 11673.4000 10414.5449  10.8%   166 3286s
 34205 21362 10751.7143   65  166 11673.4000 10414.5449  10.8%   166 3297s
 34219 21373 10924.3415   68   90 11673.4000 10414.5449  10.8%   166 3306s
 34234 21375 11036.9870   71  122 11673.4000 10414.5449  10.8%   166 3323s
 34241 21398 11123.7194   72  127 11673.4000 10414.5449  10.8%   167 3333s
 34267 21394 11180.7277   78   36 11673.4000 10414.5449  10.8%   166 3340s
 34271 21418 11292.6108   79   76 11673.4000 10414.5449  10.8%   166 3347s
 34303 21414 11473.8039   87   78 11673.4000 10414.5449  10.8%   166 3362s
 34327 21408     cutoff   97      11673.4000 10414.5449  10.8%   166 3376s
 34342 21408 10414.5449   48  461 11673.4000 10414.5449  10.8%   167 3385s
 34347 21413 10432.0403   49  312 11673.4000 10414.5449  10.8%   167 3395s
 34354 21418 10414.5449   50  389 11673.4000 10414.5449  10.8%   167 3403s
 34361 21426 10414.5449   51  438 11673.4000 10414.5449  10.8%   167 3414s
 34372 21435 10414.5449   52  366 11673.4000 10414.5449  10.8%   167 3424s
 34384 21453 10436.1874   53  229 11673.4000 10414.5449  10.8%   167 3434s
H34400 20382                    11657.400000 10414.5449  10.7%   167 3434s
 34406 20414 10685.2759   61   79 11657.4000 10414.5449  10.7%   167 3444s
 34435 20405 10797.6351   66  252 11657.4000 10414.5449  10.7%   167 3445s
 34440 20440 10936.2162   84   48 11657.4000 10414.5449  10.7%   167 3455s
 34477 20474 11145.7865  103   34 11657.4000 10414.5449  10.7%   167 3466s
 34523 20503 11296.3920  129   64 11657.4000 10414.5449  10.7%   167 3477s
 34583 20520     cutoff  149      11657.4000 10414.5449  10.7%   167 3487s
 34635 20516 10414.5449   50  424 11657.4000 10414.5449  10.7%   167 3499s
 34651 20520 10539.8182   55  370 11657.4000 10414.5449  10.7%   167 3508s
 34660 20538 10501.5484   56  263 11657.4000 10414.5449  10.7%   167 3519s
 34681 20552 10705.4171   62  165 11657.4000 10414.5449  10.7%   167 3530s
 34702 20592 10793.5114   64  168 11657.4000 10414.5449  10.7%   167 3541s
 34751 20661 10943.4602   73   66 11657.4000 10414.5449  10.7%   167 3554s
 34790 20649 11294.3813  100   15 11657.4000 10414.5449  10.7%   167 3555s
 34852 20689 11409.8611   97   21 11657.4000 10414.5449  10.7%   167 3584s
 34936 20774 10912.3211   71  119 11657.4000 10414.5449  10.7%   167 3600s

Cutting planes:
  User: 2581
  Gomory: 12
  Cover: 160
  Implied bound: 90
  Projected implied bound: 5
  Clique: 12
  MIR: 82
  Flow cover: 178
  GUB cover: 2
  Zero half: 11
  RLT: 121
  Relax-and-lift: 1
  Lazy constraints: 310

Explored 35073 nodes (5858235 simplex iterations) in 3604.00 seconds
