




arguments: ./build/bc_mirp -f ./input/orig_exec_263.cfg
Current dir: /scratch/gui/bc_mirp
File verbosity level: 9
date       time         ( uptime  ) [ thread name/id ]                   file:line     v| 
2021-02-17 01:59:46.630 (   0.191s) [main thread     ]             loguru.cpp:789   INFO| Logging to './output/vi_vc+lex_half/OU/V3/Original/execution_17_02_2021_01_59_46.log', mode: 'a', verbosity: 9
--------------------------------------------------------------------------------
Parameters
                           instance_path           ./input/Instances/Original/6/
                            model_policy                                       1
                             nb_vehicles                                       3
                              output_dir ./output/vi_vc+lex_half/OU/V3/Original/
                            sec_strategy                                       1
                       solver_nb_threads                                       2
                         solver_show_log                                    true
                       solver_time_limit                                    3600
                              use_vi_cos                                   false
                              use_vi_cus                                   false
                         use_vi_hc1_full                                   false
                         use_vi_hc1_half                                   false
                      use_vi_hc1_quarter                                   false
                              use_vi_hc2                                   false
                              use_vi_hc3                                   false
                         use_vi_lex_full                                   false
                         use_vi_lex_half                                    true
                      use_vi_lex_quarter                                   false
                              use_vi_qua                                   false
                               use_vi_vc                                    true
                               use_vi_vr                                   false
--------------------------------------------------------------------------------
executing instance: ./input/Instances/Original/6/absH6high_1n25.dat
--------------------------------------------------------------------------------
Instance details
n	26
H	6
C	1711
Li:
[0, 0, 0, 0, 0, 0, 0, 0, 0, 0, 0, 0, 0, 0, 0, 0, 0, 0, 0, 0, 0, 0, 0, 0, 0, 0, ]
Ui:
[0, 168, 176, 34, 66, 36, 177, 106, 118, 182, 64, 141, 189, 63, 46, 111, 182, 231, 36, 66, 68, 54, 132, 90, 246, 75, ]
Distance matrix:
|0	191	200	231	334	329	146	196	208	245	218	164	283	394	151	358	156	196	309	253	201	260	127	138	130	104	|
|191	0	226	229	278	146	328	216	390	417	327	293	195	334	106	296	171	122	472	151	12	411	280	53	190	130	|
|200	226	0	38	149	359	321	10	276	274	418	364	139	204	121	173	321	115	303	141	225	236	155	202	311	256	|
|231	229	38	0	110	352	358	37	314	310	448	395	108	167	129	135	342	109	336	120	226	268	194	213	335	277	|
|334	278	149	110	0	367	467	147	422	413	546	495	86	61	203	25	423	163	429	129	271	363	303	282	424	361	|
|329	146	359	352	367	0	453	349	533	562	411	393	282	411	245	378	250	244	617	245	141	556	426	195	284	243	|
|146	328	321	358	467	453	0	321	162	215	160	112	425	524	297	491	223	341	284	397	339	266	186	276	184	210	|
|196	216	10	37	147	349	321	0	281	281	414	360	132	203	112	171	315	105	311	132	216	244	159	193	305	249	|
|208	390	276	314	422	533	162	281	0	54	321	271	410	471	316	445	348	348	123	398	398	115	125	338	313	309	|
|245	417	274	310	413	562	215	281	54	0	375	323	413	457	334	435	393	361	70	406	424	69	139	367	359	349	|
|218	327	418	448	546	411	160	414	321	375	0	57	484	606	347	569	163	393	444	446	339	421	318	288	137	199	|
|164	293	364	395	495	393	112	360	271	323	57	0	437	556	300	519	144	346	393	401	305	367	261	249	109	163	|
|283	195	139	108	86	282	425	132	410	413	484	437	0	139	137	101	349	91	443	44	187	375	286	206	355	291	|
|394	334	204	167	61	411	524	203	471	457	606	556	139	0	264	38	483	222	467	183	326	403	356	341	484	421	|
|151	106	121	129	203	245	297	112	316	334	347	300	137	264	0	225	220	46	381	102	106	316	195	84	221	158	|
|358	296	173	135	25	378	491	171	445	435	569	519	101	38	225	0	444	184	450	145	288	384	328	303	446	383	|
|156	171	321	342	423	250	223	315	348	393	163	144	349	483	220	444	0	261	460	308	183	415	284	143	39	65	|
|196	122	115	109	163	244	341	105	348	361	393	346	91	222	46	184	261	0	402	56	118	336	224	119	264	200	|
|309	472	303	336	429	617	284	311	123	70	444	393	443	467	381	450	460	402	0	442	477	68	192	424	426	413	|
|253	151	141	120	129	245	397	132	398	406	446	401	44	183	102	145	308	56	442	0	143	375	273	164	315	251	|
|201	12	225	226	271	141	339	216	398	424	339	305	187	326	106	288	183	118	477	143	0	416	286	63	202	142	|
|260	411	236	268	363	556	266	244	115	69	421	367	375	403	316	384	415	336	68	375	416	0	135	365	384	363	|
|127	280	155	194	303	426	186	159	125	139	318	261	286	356	195	328	284	224	192	273	286	135	0	232	256	229	|
|138	53	202	213	282	195	276	193	338	367	288	249	206	341	84	303	143	119	424	164	63	365	232	0	153	89	|
|130	190	311	335	424	284	184	305	313	359	137	109	355	484	221	446	39	264	426	315	202	384	256	153	0	64	|
|104	130	256	277	361	243	210	249	309	349	199	163	291	421	158	383	65	200	413	251	142	363	229	89	64	0	|

--------------------------------------------------------------------------------
Building model...
	using lazy and cut (CVRPSEP package)
Solving IRP LP...
--------------------------------------------------------------------------------

Gurobi 9.1.0 (linux64) logging started Wed Feb 17 01:59:46 2021

Gurobi Optimizer version 9.1.0 build v9.1.0rc0 (linux64)
Thread count: 32 physical cores, 32 logical processors, using up to 2 threads
Optimize a model with 1598 rows, 6950 columns and 17666 nonzeros
Model fingerprint: 0x12893add
Variable types: 632 continuous, 6318 integer (468 binary)
Coefficient statistics:
  Matrix range     [1e+00, 8e+03]
  Objective range  [1e-01, 6e+02]
  Bounds range     [1e+00, 2e+02]
  RHS range        [1e+00, 3e+03]
Presolve removed 346 rows and 580 columns
Presolve time: 0.15s
Presolved: 1252 rows, 6370 columns, 15327 nonzeros
Variable types: 490 continuous, 5880 integer (5434 binary)

Root relaxation: objective 1.362516e+04, 1989 iterations, 0.05 seconds

    Nodes    |    Current Node    |     Objective Bounds      |     Work
 Expl Unexpl |  Obj  Depth IntInf | Incumbent    BestBd   Gap | It/Node Time

     0     0 13625.1570    0  202          - 13625.1570      -     -    0s
     0     0 13895.4988    0  226          - 13895.4988      -     -    0s
     0     0 13916.6737    0  211          - 13916.6737      -     -    0s
     0     0 13962.3866    0  234          - 13962.3866      -     -    0s
     0     0 14042.5534    0  255          - 14042.5534      -     -    0s
     0     0 14051.2925    0  227          - 14051.2925      -     -    0s
     0     0 14052.6044    0  274          - 14052.6044      -     -    0s
     0     0 14053.0791    0  271          - 14053.0791      -     -    0s
     0     0 14762.1466    0  333          - 14762.1466      -     -    1s
     0     0 14839.7165    0  384          - 14839.7165      -     -    1s
     0     0 14842.9904    0  359          - 14842.9904      -     -    1s
     0     0 14846.3998    0  364          - 14846.3998      -     -    1s
     0     0 14850.1348    0  367          - 14850.1348      -     -    1s
     0     0 14854.8262    0  365          - 14854.8262      -     -    1s
     0     0 14869.4842    0  406          - 14869.4842      -     -    1s
     0     0 14881.0423    0  407          - 14881.0423      -     -    1s
     0     0 14899.4631    0  413          - 14899.4631      -     -    1s
     0     0 14918.4323    0  399          - 14918.4323      -     -    1s
     0     0 14940.0638    0  393          - 14940.0638      -     -    1s
     0     0 14940.8867    0  407          - 14940.8867      -     -    1s
     0     0 15325.1044    0  409          - 15325.1044      -     -    1s
     0     0 15438.5505    0  441          - 15438.5505      -     -    2s
     0     0 15444.1827    0  440          - 15444.1827      -     -    2s
     0     0 15446.8071    0  454          - 15446.8071      -     -    2s
     0     0 15446.9113    0  476          - 15446.9113      -     -    2s
     0     0 15603.4506    0  395          - 15603.4506      -     -    2s
     0     0 15644.0010    0  383          - 15644.0010      -     -    3s
     0     0 15667.6250    0  461          - 15667.6250      -     -    3s
     0     0 15670.2187    0  419          - 15670.2187      -     -    3s
     0     0 15710.8567    0  511          - 15710.8567      -     -    3s
     0     0 15727.0094    0  481          - 15727.0094      -     -    3s
     0     0 15735.4815    0  494          - 15735.4815      -     -    4s
     0     0 15754.3768    0  470          - 15754.3768      -     -    4s
     0     0 15756.2077    0  476          - 15756.2077      -     -    4s
     0     0 15773.1817    0  485          - 15773.1817      -     -    4s
     0     0 15781.4864    0  513          - 15781.4864      -     -    4s
     0     0 15784.7925    0  506          - 15784.7925      -     -    4s
     0     0 15784.8921    0  519          - 15784.8921      -     -    4s
     0     0 15788.0956    0  497          - 15788.0956      -     -    4s
     0     0 15789.2018    0  487          - 15789.2018      -     -    5s
     0     2 15789.2018    0  480          - 15789.2018      -     -    5s
    31    35 15967.4231   11  456          - 15808.7831      -   802   10s
    67    73 16299.6675   22  469          - 15808.7831      -   743   15s
   121   130 16978.7061   39  341          - 15808.7831      -   622   20s
   247   285 18367.1559   98  149          - 15808.7831      -   415   25s
   609   624 19370.8375  153   66          - 15808.7831      -   209   30s
   818   862 16309.5726    3  553          - 15828.6697      -   168   42s
*  876   866             302    23843.950000 15828.6697  33.6%   158   42s
*  883   866             306    23717.930000 15828.6697  33.3%   157   42s
   894   869 20269.3698  193  487 23717.9300 15828.6697  33.3%   160   46s
H  896   826                    22965.400000 15828.6697  31.1%   159   47s
   906   833 16483.0224   22  551 22965.4000 16277.9751  29.1%   157   50s
H  918   798                    22779.850000 16343.2479  28.3%   155   54s
   922   801 19189.9605  124  569 22779.8500 16345.4797  28.2%   155   55s
H  935   768                    22595.070000 16372.0030  27.5%   153   60s
H  942   736                    21841.630000 16372.9091  25.0%   177   61s
   948   740 17307.7609   42  590 21841.6300 16372.9091  25.0%   176   65s
H  960   710                    21585.110000 16388.7611  24.1%   173   69s
   963   712 16389.0773    4  706 21585.1100 16389.0773  24.1%   173   70s
   973   721 16395.2168   25  658 21585.1100 16390.5813  24.1%   191   75s
   993   735 16494.1083   30  635 21585.1100 16431.8288  23.9%   212   82s
H  998   701                    21102.270000 16431.8288  22.1%   214   84s
  1003   705 16555.4011   32  556 21102.2700 16431.8288  22.1%   218   85s
  1031   726 16574.9257   39  563 21102.2700 16431.8288  22.1%   234   90s
  1060   745 16687.0124   47  532 21102.2700 16431.8288  22.1%   249   95s
  1101   779 16827.1671   59  543 21102.2700 16431.8288  22.1%   259  100s
  1120   785 16873.1782   65  333 21102.2700 16431.8288  22.1%   262  107s
  1148   809 16941.9903   73  329 21102.2700 16431.8288  22.1%   265  111s
  1199   851 17094.8806   90  281 21102.2700 16431.8288  22.1%   269  116s
  1256   890 17533.6768  106  222 21102.2700 16431.8288  22.1%   271  120s
  1316   939 17607.2029  126  237 21102.2700 16431.8288  22.1%   270  125s
  1419  1030 18103.6098  167   98 21102.2700 16431.8288  22.1%   265  131s
  1525  1118 18890.4764  210   79 21102.2700 16431.8288  22.1%   256  135s
* 1639  1116             261    20230.320000 16431.8288  18.8%   243  137s
  1688  1092 16523.4054   28  624 20230.3200 16432.4768  18.8%   242  140s
  1740  1136 16754.2672   35  519 20230.3200 16432.4768  18.8%   247  145s
H 1764  1095                    19951.030000 16432.4768  17.6%   248  147s
  1807  1124 16846.8768   42  555 19951.0300 16432.4768  17.6%   250  151s
  1868  1191 17114.2872   46  415 19951.0300 16432.4768  17.6%   251  155s
  1969  1191 17121.8474   50  523 19951.0300 16432.4768  17.6%   248  162s
  1983  1196 17184.5033   54  473 19951.0300 16432.4768  17.6%   250  165s
H 2009  1065                    19179.370000 16432.4768  14.3%   256  169s
  2012  1081 17317.7285   62  491 19179.3700 16432.4768  14.3%   257  172s
  2029  1091 17383.4693   67  445 19179.3700 16432.4768  14.3%   260  182s
  2045  1103 17444.3876   71  396 19179.3700 16432.4768  14.3%   262  186s
  2090  1150 17707.2161   85  361 19179.3700 16432.4768  14.3%   264  191s
  2176  1187 17052.3374   60  351 19179.3700 16432.4768  14.3%   262  195s
  2300  1275 16613.0104   28  636 19179.3700 16443.9870  14.3%   257  202s
  2337  1297 16632.3760   33  433 19179.3700 16443.9870  14.3%   257  206s
  2455  1473 16712.1058   38  456 19179.3700 16443.9870  14.3%   254  214s
  2589  1484 16830.6532   42  462 19179.3700 16443.9870  14.3%   248  219s
  2670  1477 16891.8605   46  411 19179.3700 16443.9870  14.3%   245  227s
H 2683  1451                    19153.380000 16443.9870  14.1%   246  227s
  2690  1475 17019.4950   50  299 19153.3800 16443.9870  14.1%   248  230s
  2752  1541 17354.8308   62  182 19153.3800 16443.9870  14.1%   254  238s
  2780  1590 17393.8737   69  183 19153.3800 16443.9870  14.1%   257  242s
  2829  1650 17556.9279   86  190 19153.3800 16443.9870  14.1%   258  247s
  2889  1738 17950.0736  101  152 19153.3800 16443.9870  14.1%   258  252s
  2981  1860 18574.1770  115  196 19153.3800 16451.5389  14.1%   257  258s
  3121  1995 16623.3100   31  566 19153.3800 16451.5389  14.1%   254  266s
  3282  2019 17025.7119   43  501 19153.3800 16451.5389  14.1%   249  272s
  3306  2078 17505.4130   58  247 19153.3800 16454.6332  14.1%   251  277s
  3387  2139 16699.9786   30  610 19153.3800 16454.6332  14.1%   250  283s
  3448  2182 17125.4187   38  347 19153.3800 16469.0674  14.0%   250  290s
  3512  2217 16847.3507   29  635 19153.3800 16472.8292  14.0%   251  295s
  3547  2273 17590.8478   45  220 19153.3800 16472.8292  14.0%   253  310s
  3603  2389 18350.8439   73  258 19153.3800 16494.1125  13.9%   252  316s
  3748  2424 19059.5002  128   39 19153.3800 16494.8072  13.9%   248  322s
  3793  2541 17103.1582   42  441 19153.3800 16494.9630  13.9%   250  330s
* 3899  2082             132    18553.450000 16494.9630  11.1%   247  331s
* 3903  2080             131    18549.450000 16494.9630  11.1%   247  331s
  3933  2096 17594.2551   67  360 18549.4500 16523.6140  10.9%   247  338s
H 3963  2008                    18442.050000 16523.6140  10.4%   246  338s
  3972  2042 16690.3290   33  501 18442.0500 16523.6140  10.4%   248  347s
  4007  2109 17330.6956   51  405 18442.0500 16523.7472  10.4%   250  354s
  4084  2173 16943.7467   38  484 18442.0500 16525.4786  10.4%   251  362s
  4166  2224 16757.8974   36  509 18442.0500 16525.5492  10.4%   252  368s
  4217  2272 17272.9628   51  380 18442.0500 16537.2753  10.3%   254  375s
  4273  2343 17153.5941   43  403 18442.0500 16538.2198  10.3%   256  388s
  4359  2453 16812.1674   35  501 18442.0500 16538.2198  10.3%   257  396s
  4501  2512 17297.2739   50  396 18442.0500 16538.2198  10.3%   256  404s
  4578  2655 17519.4000   60  323 18442.0500 16538.2198  10.3%   258  412s
  4734  2690     cutoff  105      18442.0500 16555.4806  10.2%   257  421s
  4783  2755 16801.9192   35  543 18442.0500 16555.4806  10.2%   259  430s
  4862  2813 17216.9175   41  484 18442.0500 16555.4806  10.2%   261  438s
  4932  2883 17738.5418   56  152 18442.0500 16557.8355  10.2%   263  448s
  5033  2945 16710.0210   35  510 18442.0500 16559.6143  10.2%   264  458s
  5105  3022 17837.2567   62  475 18442.0500 16560.3450  10.2%   267  469s
  5144  3022 17247.1078   38  445 18442.0500 16573.7519  10.1%   267  470s
  5206  3100 17167.9247   48  338 18442.0500 16575.5097  10.1%   268  480s
  5297  3174 16828.7825   34  516 18442.0500 16575.5097  10.1%   270  489s
  5379  3283 17627.6792   68  459 18442.0500 16578.7382  10.1%   271  500s
  5517  3392 17274.0389   57  205 18442.0500 16589.4814  10.0%   271  513s
  5647  3484 16842.3930   38  312 18442.0500 16590.2680  10.0%   271  524s
  5739  3569 17378.1899   51  393 18442.0500 16590.2680  10.0%   274  536s
  5844  3649 18025.9108   67  316 18442.0500 16593.9259  10.0%   276  549s
  5954  3727 17181.6698   46  361 18442.0500 16597.8060  10.0%   277  562s
H 6051  3814                    18433.770000 16598.3728  10.0%   278  576s
  6175  3897 17747.8132   63  394 18433.7700 16599.3472  10.0%   279  590s
  6280  4011 17371.0844   55  528 18433.7700 16604.7148  9.92%   280  603s
H 6368  3997                    18422.450000 16604.7148  9.87%   279  603s
  6429  4101 18079.1105   70  151 18422.4500 16606.2174  9.86%   280  619s
H 6514  4000                    18366.220000 16606.2174  9.58%   279  619s
H 6539  3694                    18216.720000 16606.2174  8.84%   280  619s
  6552  3712     cutoff   87      18216.7200 16608.5118  8.83%   280  632s
H 6555  3190                    18021.590000 16608.5118  7.84%   280  633s
H 6579  2446                    17704.440000 16608.5137  6.19%   282  633s
  6595  2500 17099.8209   40  573 17704.4400 16608.5137  6.19%   284  646s
  6661  2535 17617.3922   51  478 17704.4400 16609.3640  6.19%   287  660s
  6748  2621 17034.2913   38  577 17704.4400 16613.0161  6.16%   290  680s
  6841  2717 16896.8524   36  434 17704.4400 16613.0819  6.16%   291  696s
  6953  2801 16796.7498   31  383 17704.4400 16615.3284  6.15%   293  711s
  7065  2860 17317.7729   49  392 17704.4400 16616.2189  6.15%   294  726s
H 7162  2627                    17593.020000 16619.2417  5.54%   296  740s
  7259  2689 17105.1898   48  569 17593.0200 16622.6842  5.52%   297  758s
  7341  2758 16905.1418   36  559 17593.0200 16623.5716  5.51%   300  777s
  7465  2835 16810.4261   36  422 17593.0200 16626.2922  5.49%   303  794s
  7575  2910 17213.5293   39  605 17593.0200 16629.0493  5.48%   305  814s
  7682  2983     cutoff   64      17593.0200 16630.6430  5.47%   308  831s
  7798  3064 17197.6059   52  503 17593.0200 16632.8754  5.46%   310  849s
  7905  3143 17210.4040   44  473 17593.0200 16635.0947  5.44%   313  868s
  8021  3212 17134.4792   28  463 17593.0200 16638.4921  5.43%   316  887s
  8128  3322 17441.1500   53  366 17593.0200 16642.2792  5.40%   318  908s
  8284  3412 16909.7863   40  434 17593.0200 16648.2657  5.37%   319  930s
  8404  3522 17483.2125   57  389 17593.0200 16658.4799  5.31%   322  951s
  8569  3615 16769.4478   31  467 17593.0200 16664.2224  5.28%   322  971s
H 8611  3599                    17589.300000 16664.2224  5.26%   324  971s
  8692  3749 17000.1469   38  433 17589.3000 16665.3432  5.25%   325  992s
  8864  3872 17198.3232   56  397 17589.3000 16666.8142  5.24%   326 1015s
  9065  3953 17196.2527   46  458 17589.3000 16669.5465  5.23%   326 1035s
  9195  4080 17408.7801   58  313 17589.3000 16672.3999  5.21%   328 1056s
  9374  4154 17328.0349   44  342 17589.3000 16673.0798  5.21%   329 1077s
  9470  4274 17244.1520   48  254 17589.3000 16677.8970  5.18%   331 1100s
H 9644  4185                    17539.740000 16678.5467  4.91%   332 1123s
H 9757  4009                    17502.110000 16681.3451  4.69%   334 1145s
  9850  4116 17383.3320   49  373 17502.1100 16682.0894  4.69%   336 1166s
 10011  4207 16991.0274   48  548 17502.1100 16685.0945  4.67%   338 1187s
 10142  4289 17022.3944   35  500 17502.1100 16689.9781  4.64%   340 1209s
 10268  4388 17168.9398   37  499 17502.1100 16690.0248  4.64%   342 1229s
 10418  4500 16930.5623   42  494 17502.1100 16692.0238  4.63%   344 1251s
 10576  4645 17157.3578   38  551 17502.1100 16695.2487  4.61%   345 1272s
 10763  4733 17180.4302   55  363 17502.1100 16697.0944  4.60%   345 1295s
 10919  4843 17174.7329   43  453 17502.1100 16702.2005  4.57%   346 1317s
 11078  5017 16819.4793   37  431 17502.1100 16704.6737  4.56%   347 1340s
 11304  5143 16975.0629   39  477 17502.1100 16705.0920  4.55%   346 1363s
 11489  5258 16996.0582   45  469 17502.1100 16708.5277  4.53%   347 1385s
 11678  5338 17012.8494   33  603 17502.1100 16711.2513  4.52%   347 1407s
 11784  5464 17079.8601   38  372 17502.1100 16711.3871  4.52%   350 1432s
 11962  5587 17034.5716   47  570 17502.1100 16712.2818  4.51%   350 1456s
 12145  5704 17449.1580   50  223 17502.1100 16712.6751  4.51%   351 1479s
 12328  5819 16804.5275   34  611 17502.1100 16716.5455  4.49%   351 1500s
 12513  5906 16826.9806   37  483 17502.1100 16719.1657  4.47%   352 1522s
 12654  6002 17179.7897   55  365 17502.1100 16720.3938  4.47%   353 1546s
 12814  6123 17035.0988   40  516 17502.1100 16721.3504  4.46%   355 1569s
 13000  6264 17368.7146   52  448 17502.1100 16725.0441  4.44%   355 1590s
 13185  6395 17281.7466   66  185 17502.1100 16725.4413  4.44%   355 1613s
 13383  6524 17258.9954   62  486 17502.1100 16730.0797  4.41%   356 1638s
 13580  6684 16932.5536   32  538 17502.1100 16732.2622  4.40%   356 1661s
 13784  6814 16834.2085   37  466 17502.1100 16733.8108  4.39%   356 1685s
 13966  6924 16861.2146   41  419 17502.1100 16735.8639  4.38%   356 1708s
 14126  6994 17128.4060   42  422 17502.1100 16736.5211  4.37%   358 1730s
 14266  7094 17155.4485   57  613 17502.1100 16737.6351  4.37%   359 1754s
 14342  7094 17038.9344   36  304 17502.1100 16738.0501  4.37%   360 1755s
 14446  7225 17049.7539   37  554 17502.1100 16739.5112  4.36%   360 1777s
 14630  7399 17299.4667   43  435 17502.1100 16742.3668  4.34%   361 1801s
 14873  7512 17208.5820   51  297 17502.1100 16744.0364  4.33%   360 1827s
 15050  7676 16946.3026   35  556 17502.1100 16746.0823  4.32%   360 1851s
 15268  7843 17248.1139   48  474 17502.1100 16747.3592  4.31%   359 1875s
 15520  8012 16877.8954   35  586 17502.1100 16750.6697  4.29%   358 1899s
 15575  8012 17263.7930   55  303 17502.1100 16750.6697  4.29%   359 1900s
 15766  8148 17223.4541   44  391 17502.1100 16753.2702  4.28%   358 1923s
 15960  8300 17099.7187   39  585 17502.1100 16754.1280  4.27%   359 1948s
 16154  8422 17108.5614   50  464 17502.1100 16754.6814  4.27%   359 1970s
 16336  8538 17298.2610   41  370 17502.1100 16756.6418  4.26%   359 1993s
 16533  8681 17260.8235   46  298 17502.1100 16758.2721  4.25%   359 2016s
 16744  8829 17021.1056   41  549 17502.1100 16758.5266  4.25%   359 2041s
 16966  8925 17342.4146   46  444 17502.1100 16760.9378  4.23%   358 2065s
 17142  9075 17150.8502   44  434 17502.1100 16761.9215  4.23%   359 2088s
 17347  9164     cutoff   46      17502.1100 16762.6723  4.22%   359 2111s
 17491  9240 17235.6693   42  503 17502.1100 16764.3178  4.22%   360 2135s
 17626  9333 17430.5854   60  314 17502.1100 16765.3577  4.21%   361 2160s
 17770  9427     cutoff   45      17502.1100 16765.8209  4.21%   362 2182s
 17931  9572 17269.7785   60  445 17502.1100 16767.3029  4.20%   363 2207s
 18139  9728 17211.7393   42  447 17502.1100 16767.9194  4.19%   363 2229s
 18211  9728 17368.7015   60  184 17502.1100 16767.9194  4.19%   363 2230s
 18362  9876 17132.5403   37  448 17502.1100 16769.8029  4.18%   362 2252s
 18559 10020 17356.3966   42  302 17502.1100 16769.9186  4.18%   363 2276s
*18628  9273              98    17439.490000 16769.9186  3.84%   362 2276s
 18814  9447 17015.3333   36  292 17439.4900 16771.2756  3.83%   362 2300s
 19046  9552 16950.6669   35  645 17439.4900 16772.0498  3.83%   362 2323s
 19232  9722 16980.5351   39  555 17439.4900 16773.1337  3.82%   362 2347s
H19361  9697                    17436.490000 16773.1337  3.80%   362 2347s
 19476  9758 17322.7294   54  178 17436.4900 16773.6829  3.80%   362 2370s
 19640  9931 17130.3591   44  206 17436.4900 16775.2161  3.79%   363 2395s
 19877 10119 17020.2582   36  539 17436.4900 16775.9041  3.79%   362 2421s
 20108 10221 17361.1445   45  376 17436.4900 16776.8749  3.78%   362 2444s
 20326 10331 17179.4575   44  477 17436.4900 16777.4969  3.78%   361 2467s
 20468 10412 17317.2508   56  296 17436.4900 16778.4486  3.77%   362 2490s
 20624 10535 17101.2621   41  321 17436.4900 16780.7697  3.76%   363 2515s
 20801 10657     cutoff   65      17436.4900 16781.2001  3.76%   363 2538s
 21007 10711     cutoff   53      17436.4900 16782.5031  3.75%   363 2563s
H21009  8433                    17320.950000 16782.5031  3.11%   363 2563s
 21109  8535 17117.3666   47  473 17320.9500 16782.9936  3.11%   364 2587s
 21294  8613 17147.9211   39  487 17320.9500 16783.7396  3.10%   364 2610s
 21470  8718 17063.6779   39  419 17320.9500 16786.9280  3.08%   365 2634s
 21678  8850 16955.7485   39  516 17320.9500 16787.6263  3.08%   365 2658s
 21895  8975 17140.9424   45  511 17320.9500 16788.5519  3.07%   365 2682s
H22112  9052                    17319.950000 16789.0878  3.07%   365 2705s
 22281  9182 16881.1961   36  478 17319.9500 16790.9925  3.05%   366 2729s
 22395  9182 17156.3210   48  336 17319.9500 16792.1503  3.05%   366 2730s
 22514  9275 16927.0860   40  589 17319.9500 16792.2676  3.05%   366 2752s
 22666  9386 17034.9579   36  551 17319.9500 16793.8514  3.04%   367 2774s
 22830  9457 17247.6341   49  518 17319.9500 16795.4906  3.03%   367 2798s
 23025  9551 16974.0192   39  590 17319.9500 16796.7056  3.02%   367 2821s
 23201  9661     cutoff   47      17319.9500 16798.2987  3.01%   368 2846s
 23414  9728 17245.0250   43  553 17319.9500 16799.3488  3.01%   368 2870s
 23597  9768     cutoff   48      17319.9500 16799.9811  3.00%   369 2952s
 23677  9888 17160.3443   46  419 17319.9500 16800.1119  3.00%   369 2977s
 23888  9995     cutoff   55      17319.9500 16801.4982  2.99%   369 3002s
 24090 10125 17196.8643   50  278 17319.9500 16802.4410  2.99%   369 3028s
 24308 10275 17053.2865   39  334 17319.9500 16803.9776  2.98%   369 3055s
 24528 10389 17069.7129   39  341 17319.9500 16804.5775  2.98%   369 3082s
 24713 10494 17289.8745   49  502 17319.9500 16804.9033  2.97%   370 3106s
 24901 10584 17275.7354   50  384 17319.9500 16805.7458  2.97%   370 3132s
 25091 10704 17272.5965   53  211 17319.9500 16806.4277  2.96%   371 3156s
 25324 10813 17144.8491   57  161 17319.9500 16807.6124  2.96%   371 3180s
 25536 10917 17225.0610   41  492 17319.9500 16809.2018  2.95%   371 3204s
 25706 11003 17178.0920   46  319 17319.9500 16810.4222  2.94%   371 3228s
 25891 11114     cutoff   48      17319.9500 16811.1464  2.94%   372 3253s
 26098 11279 17092.0372   45  453 17319.9500 16812.4095  2.93%   372 3278s
 26379 11382 17009.1813   40  490 17319.9500 16814.4879  2.92%   371 3314s
 26571 11534 17099.0359   38  563 17319.9500 16815.9252  2.91%   371 3339s
 26653 11534 16898.8418   36  382 17319.9500 16815.9252  2.91%   371 3340s
 26835 11605 17121.6591   41  486 17319.9500 16816.6692  2.91%   371 3364s
 26909 11605 16996.1285   40  445 17319.9500 16817.6911  2.90%   371 3365s
 27009 11733 16967.5037   35  377 17319.9500 16818.2922  2.90%   371 3389s
 27209 11854 17213.3051   39  394 17319.9500 16818.6319  2.89%   371 3415s
 27464 11962 17046.1229   38  439 17319.9500 16819.2366  2.89%   371 3442s
 27671 12070 17057.8443   48  304 17319.9500 16819.8746  2.89%   371 3468s
 27896 12140 16948.2987   36  347 17319.9500 16820.8937  2.88%   371 3496s
 28040 12206 17213.5202   40  497 17319.9500 16821.6132  2.88%   372 3520s
 28218 12328 17104.2244   40  507 17319.9500 16823.2824  2.87%   372 3545s
 28434 12441 17293.0238   59  247 17319.9500 16824.2083  2.86%   372 3577s
 28683 12541 17088.9202   36  435 17319.9500 16825.6096  2.85%   372 3600s

Cutting planes:
  User: 4113
  Gomory: 45
  Cover: 483
  Implied bound: 285
  Projected implied bound: 26
  Clique: 35
  MIR: 284
  StrongCG: 3
  Flow cover: 567
  GUB cover: 7
  Zero half: 32
  RLT: 350
  Relax-and-lift: 12
  Lazy constraints: 670

Explored 28900 nodes (10764955 simplex iterations) in 3601.02 seconds
Thread count was 2 (of 32 available processors)

Solution count 10: 17319.9 17320.9 17436.5 ... 18021.6

Time limit reached
Best objective 1.731995000000e+04, best bound 1.682589736565e+04, gap 2.8525%

User-callback calls 384060, time in user-callback 186.25 sec
================================================================================
executing instance: ./input/Instances/Original/6/absH6high_1n20.dat
--------------------------------------------------------------------------------
Instance details
n	21
H	6
C	1651
Li:
[0, 0, 0, 0, 0, 0, 0, 0, 0, 0, 0, 0, 0, 0, 0, 0, 0, 0, 0, 0, 0, ]
Ui:
[0, 36, 182, 182, 90, 261, 117, 30, 110, 42, 276, 153, 40, 94, 144, 46, 129, 213, 264, 160, 174, ]
Distance matrix:
|0	371	401	343	361	341	370	115	392	400	79	266	292	245	355	431	265	194	95	92	348	|
|371	0	37	141	110	250	117	438	67	131	372	305	115	238	247	255	235	296	392	430	185	|
|401	37	0	175	100	284	146	472	90	156	406	342	152	275	280	282	242	333	415	455	178	|
|343	141	175	0	239	110	38	374	95	60	314	182	67	130	106	127	318	201	397	423	303	|
|361	110	100	239	0	341	222	451	177	240	385	374	190	304	341	361	151	345	354	398	78	|
|341	250	284	110	341	0	143	337	203	151	289	102	152	97	15	95	394	156	415	431	398	|
|370	117	146	38	222	143	0	407	61	30	346	220	81	167	137	139	317	237	417	447	292	|
|115	438	472	374	451	337	407	0	443	434	66	241	339	251	351	431	374	181	201	177	450	|
|392	67	90	95	177	203	61	443	0	66	379	275	104	216	197	193	294	283	427	461	252	|
|400	131	156	60	240	151	30	434	66	0	374	237	112	189	142	127	344	261	448	477	312	|
|79	372	406	314	385	289	346	66	379	374	0	202	275	197	304	383	316	134	175	166	388	|
|266	305	342	182	374	102	220	241	275	237	202	0	191	70	117	196	386	73	352	359	415	|
|292	115	152	67	190	152	81	339	104	112	275	191	0	123	154	193	252	183	336	366	246	|
|245	238	275	130	304	97	167	251	216	189	197	70	123	0	110	187	322	72	319	334	346	|
|355	247	280	106	341	15	137	351	197	142	304	117	154	110	0	80	399	171	427	444	400	|
|431	255	282	127	361	95	139	431	193	127	383	196	193	187	80	0	444	251	499	519	429	|
|265	235	242	318	151	394	317	374	294	344	316	386	252	322	399	444	0	332	226	273	97	|
|194	296	333	201	345	156	237	181	283	261	134	73	183	72	171	251	332	0	279	286	375	|
|95	392	415	397	354	415	417	201	427	448	175	352	336	319	427	499	226	279	0	47	321	|
|92	430	455	423	398	431	447	177	461	477	166	359	366	334	444	519	273	286	47	0	368	|
|348	185	178	303	78	398	292	450	252	312	388	415	246	346	400	429	97	375	321	368	0	|

--------------------------------------------------------------------------------
Building model...
	using lazy and cut (CVRPSEP package)
Solving IRP LP...
--------------------------------------------------------------------------------

Gurobi 9.1.0 (linux64) logging started Wed Feb 17 02:59:51 2021

Gurobi Optimizer version 9.1.0 build v9.1.0rc0 (linux64)
Thread count: 32 physical cores, 32 logical processors, using up to 2 threads
Optimize a model with 1293 rows, 4665 columns and 12339 nonzeros
Model fingerprint: 0xd8f57fb2
Variable types: 507 continuous, 4158 integer (378 binary)
Coefficient statistics:
  Matrix range     [1e+00, 1e+03]
  Objective range  [1e-01, 5e+02]
  Bounds range     [1e+00, 3e+02]
  RHS range        [1e+00, 3e+03]
Presolve removed 286 rows and 470 columns
Presolve time: 0.12s
Presolved: 1007 rows, 4195 columns, 10435 nonzeros
Variable types: 390 continuous, 3805 integer (3454 binary)

Root relaxation: objective 1.300429e+04, 1646 iterations, 0.04 seconds

    Nodes    |    Current Node    |     Objective Bounds      |     Work
 Expl Unexpl |  Obj  Depth IntInf | Incumbent    BestBd   Gap | It/Node Time

     0     0 13004.2881    0  211          - 13004.2881      -     -    0s
     0     0 13251.6460    0  211          - 13251.6460      -     -    0s
     0     0 13258.8540    0  197          - 13258.8540      -     -    0s
     0     0 13261.0706    0  200          - 13261.0706      -     -    0s
     0     0 13261.0706    0  204          - 13261.0706      -     -    0s
     0     0 13662.0545    0  256          - 13662.0545      -     -    0s
     0     0 13699.9880    0  264          - 13699.9880      -     -    0s
     0     0 13702.4337    0  276          - 13702.4337      -     -    0s
     0     0 13708.0860    0  254          - 13708.0860      -     -    0s
     0     0 13708.6544    0  279          - 13708.6544      -     -    0s
     0     0 13941.7803    0  261          - 13941.7803      -     -    0s
     0     0 13952.2703    0  375          - 13952.2703      -     -    1s
     0     0 13953.1757    0  380          - 13953.1757      -     -    1s
     0     0 14007.0063    0  440          - 14007.0063      -     -    1s
     0     0 14031.3216    0  396          - 14031.3216      -     -    1s
     0     0 14041.6698    0  398          - 14041.6698      -     -    1s
     0     0 14045.9463    0  392          - 14045.9463      -     -    1s
     0     0 14068.3036    0  386          - 14068.3036      -     -    1s
     0     0 14068.4113    0  406          - 14068.4113      -     -    1s
     0     0 14084.0662    0  397          - 14084.0662      -     -    1s
     0     0 14095.8692    0  368          - 14095.8692      -     -    1s
     0     0 14100.0429    0  401          - 14100.0429      -     -    1s
     0     0 14101.0877    0  390          - 14101.0877      -     -    2s
     0     0 14128.2062    0  393          - 14128.2062      -     -    2s
     0     0 14131.1324    0  370          - 14131.1324      -     -    2s
     0     0 14135.8588    0  373          - 14135.8588      -     -    2s
     0     0 14136.8555    0  400          - 14136.8555      -     -    2s
     0     0 14142.6978    0  384          - 14142.6978      -     -    2s
     0     0 14142.6978    0  373          - 14142.6978      -     -    2s
     0     2 14148.9687    0  445          - 14148.9687      -     -    3s
    13    16 14279.2654    4  412          - 14227.2634      -   692    5s
    88    91 14769.6347   24  354          - 14227.2634      -   573   10s
   242   265 16789.4246   83  209          - 14227.2634      -   368   15s
   603   674 21182.7926  226   63          - 14227.2701      -   208   20s
   826   767 23170.0200  254  233          - 14243.7535      -   186   25s
   844   779 17774.5305  120  489          - 14457.0453      -   182   30s
   849   786 14467.5688   13  521          - 14467.5688      -   198   35s
   867   799 14532.7407   17  489          - 14510.4203      -   214   40s
   913   832 14739.7869   27  386          - 14532.7490      -   230   45s
   966   871 14849.6203   40  393          - 14532.7490      -   239   50s
  1026   913 15126.3936   53  367          - 14532.7490      -   248   55s
  1110   972 15408.9641   72  320          - 14532.7490      -   254   60s
  1202  1043 16120.9750   91  296          - 14532.7490      -   253   66s
  1291  1118 16419.1291  113  285          - 14532.7490      -   248   70s
  1431  1210 16969.6515  141  285          - 14532.7490      -   240   75s
  1559  1311 17307.2269  164  245          - 14532.7490      -   233   80s
  1755  1468 18787.2510  215  161          - 14532.7490      -   221   86s
  1920  1535 19907.3115  273  100          - 14532.7490      -   212   92s
  2097  1610 22770.9585  359   14          - 14540.4347      -   200   96s
  2167  1626 14815.2657   21  430          - 14540.4347      -   202  101s
  2201  1657 14966.3279   25  431          - 14540.4347      -   207  105s
  2258  1700 15171.6656   34  342          - 14540.4347      -   211  111s
  2304  1739 15420.2103   48  379          - 14540.4347      -   212  115s
  2390  1803 15613.0482   57  384          - 14540.4347      -   214  121s
  2472  1893 15818.7615   64  378          - 14540.4347      -   213  126s
  2573  1892 15975.1139   77  359          - 14540.4347      -   212  131s
  2624  1944 16726.2992   91  160          - 14540.4347      -   215  137s
  2666  1969 17156.6811  105  162          - 14540.4347      -   216  140s
  2775  2102 17835.1230  151  183          - 14540.4347      -   215  147s
  2874  2160 18756.8334  196   83          - 14540.4347      -   212  152s
  2965  2328 19281.9654  216   86          - 14540.4347      -   209  156s
  3188  2335 21788.0693  273   39          - 14548.9170      -   199  160s
  3314  2381 14817.1609   22  469          - 14548.9170      -   198  167s
  3321  2402 15067.8717   23  462          - 14548.9170      -   199  170s
  3372  2473 15086.3850   33  324          - 14548.9170      -   202  177s
  3413  2514 15360.9030   38  298          - 14548.9170      -   203  180s
  3454  2584 15277.3206   43  384          - 14548.9170      -   203  185s
  3635  2978 15596.7091   56  348          - 14548.9170      -   199  196s
  3934  3116 16172.2023   66  287          - 14548.9170      -   188  203s
* 3949  3050             335    22773.750000 14548.9170  36.1%   188  203s
  4205  2967 16026.4905   67  323 22773.7500 14548.9170  36.1%   179  207s
  4246  3048 16349.9357   83  184 22773.7500 14548.9170  36.1%   179  212s
  4328  3308 16830.0782  119  176 22773.7500 14645.6348  35.7%   179  219s
  4518  3308 18533.7089  205   24 22773.7500 14645.6348  35.7%   173  220s
  4632  3377 21454.1900  228   12 22773.7500 14646.4330  35.7%   171  225s
  4740  3426 14837.4718   23  496 22773.7500 14654.4541  35.7%   170  230s
  4791  3500 15405.7837   39  276 22773.7500 14654.4541  35.7%   174  239s
  4834  3543 15531.4829   50  283 22773.7500 14654.4541  35.7%   175  244s
  4877  3616 15710.9709   62  305 22773.7500 14654.4541  35.7%   176  250s
  4950  3837 16150.3867   75  171 22773.7500 14654.4541  35.7%   177  257s
  5180  4031 17263.6057  114  196 22773.7500 14654.4541  35.7%   173  264s
  5218  4031 17333.7439  126   70 22773.7500 14654.4541  35.7%   173  265s
  5440  4235 17636.0155  159   62 22773.7500 14669.0829  35.6%   168  273s
  5555  4235 18684.3954  197   48 22773.7500 14669.0829  35.6%   166  279s
  5707  4276 infeasible  254      22773.7500 14672.9365  35.6%   164  285s
  5745  4320 15384.5511   33  417 22773.7500 14683.3765  35.5%   165  291s
  5793  4421 15870.2489   64  355 22773.7500 14683.3765  35.5%   166  298s
  5894  4531 17734.8250  139  110 22773.7500 14687.5725  35.5%   166  308s
  6016  4557 14893.3036   21  509 22773.7500 14687.5725  35.5%   164  316s
  6042  4687 14993.2569   25  459 22773.7500 14687.5725  35.5%   165  324s
  6187  4726 15157.0586   31  464 22773.7500 14687.5725  35.5%   163  331s
  6226  4743 15262.1335   38  398 22773.7500 14687.5725  35.5%   165  338s
  6243  4907 15435.6419   41  343 22773.7500 14687.5725  35.5%   165  347s
  6449  4960 15501.8197   51  407 22773.7500 14687.5725  35.5%   163  354s
  6504  5034 15797.8325   64  304 22773.7500 14687.5725  35.5%   164  360s
  6578  5182 16252.3847   85  179 22773.7500 14687.5725  35.5%   165  368s
  6726  5496 17216.6757  131  129 22773.7500 14687.5725  35.5%   165  403s
  7043  5496 18030.3673  169   30 22773.7500 14687.5725  35.5%   161  405s
  7056  5697 19946.0799  213  115 22773.7500 14690.5989  35.5%   160  414s
  7336  5745 15538.1966   34  463 22773.7500 14699.4453  35.5%   157  424s
  7368  5832 15632.6730   37  426 22773.7500 14699.4453  35.5%   157  435s
  7459  5994 17014.4334  101  244 22773.7500 14702.3716  35.4%   159  446s
  7667  6313 21923.1087  213   30 22773.7500 14706.4310  35.4%   158  460s
  8020  6382     cutoff  223      22773.7500 14723.5733  35.3%   154  471s
  8085  6662 16139.9336   48  285 22773.7500 14727.7603  35.3%   156  483s
  8399  6732 21864.2180  191   37 22773.7500 14729.5424  35.3%   153  494s
  8499  6943 16300.3759   43  326 22773.7500 14736.7092  35.3%   154  506s
  8753  7102 22603.1733  234   12 22773.7500 14739.8248  35.3%   153  534s
  8928  7203 infeasible  236      22773.7500 14743.4247  35.3%   153  546s
