




arguments: ./build/bc_mirp -f ./input/orig_exec_71.cfg
Current dir: /scratch/gui/bc_mirp
File verbosity level: 9
date       time         ( uptime  ) [ thread name/id ]                   file:line     v| 
2021-02-07 06:31:59.712 (   0.327s) [main thread     ]             loguru.cpp:789   INFO| Logging to './output/vi_vc+lex_half/OU/V3/Original/execution_07_02_2021_06_31_59.log', mode: 'a', verbosity: 9
--------------------------------------------------------------------------------
Parameters
                           instance_path           ./input/Instances/Original/2/
                            model_policy                                       1
                             nb_vehicles                                       3
                              output_dir ./output/vi_vc+lex_half/OU/V3/Original/
                            sec_strategy                                       1
                       solver_nb_threads                                       2
                         solver_show_log                                    true
                       solver_time_limit                                    3600
                              use_vi_cos                                   false
                              use_vi_cus                                   false
                         use_vi_hc1_full                                   false
                         use_vi_hc1_half                                   false
                      use_vi_hc1_quarter                                   false
                              use_vi_hc2                                   false
                              use_vi_hc3                                   false
                         use_vi_lex_full                                   false
                         use_vi_lex_half                                    true
                      use_vi_lex_quarter                                   false
                              use_vi_qua                                   false
                               use_vi_vc                                    true
                               use_vi_vr                                   false
--------------------------------------------------------------------------------
executing instance: ./input/Instances/Original/2/absH3high_3n40.dat
--------------------------------------------------------------------------------
Instance details
n	41
H	3
C	3283
Li:
[0, 0, 0, 0, 0, 0, 0, 0, 0, 0, 0, 0, 0, 0, 0, 0, 0, 0, 0, 0, 0, 0, 0, 0, 0, 0, 0, 0, 0, 0, 0, 0, 0, 0, 0, 0, 0, 0, 0, 0, 0, ]
Ui:
[0, 63, 111, 99, 96, 111, 282, 122, 156, 261, 42, 192, 126, 42, 162, 207, 159, 122, 102, 190, 118, 102, 132, 102, 165, 252, 66, 52, 22, 114, 210, 176, 116, 294, 78, 152, 210, 45, 130, 198, 174, ]
Distance matrix:
|0	208	225	252	227	143	258	127	267	150	28	83	163	286	57	149	201	137	214	255	70	73	107	186	328	266	249	343	222	177	293	144	262	215	167	120	169	218	143	173	255	|
|208	0	397	355	416	198	216	99	211	275	193	172	97	166	240	225	362	109	277	314	182	216	273	374	298	208	319	161	14	103	93	120	58	196	152	156	372	227	260	218	453	|
|225	397	0	427	53	364	482	343	492	129	253	225	382	386	171	188	39	291	187	195	295	182	282	55	326	491	180	551	408	315	457	366	455	275	392	244	221	439	341	214	101	|
|252	355	427	0	401	158	201	263	219	396	234	328	259	498	299	400	420	354	465	506	205	324	152	374	574	219	499	393	366	389	446	235	378	456	205	359	224	150	111	423	400	|
|227	416	53	401	0	357	477	352	489	165	253	245	389	424	179	223	85	315	234	245	293	200	264	42	375	488	231	565	428	344	484	370	474	314	392	270	184	430	325	252	50	|
|143	198	364	158	357	0	121	105	134	290	116	196	103	342	200	276	343	205	343	385	74	210	112	319	432	133	382	265	209	237	290	78	226	313	57	220	232	75	69	292	375	|
|258	216	482	201	477	121	0	168	18	397	230	293	135	381	314	372	459	275	437	480	188	317	228	439	501	18	479	197	222	296	290	132	212	386	95	306	347	58	173	381	496	|
|127	99	343	263	352	105	168	0	171	239	105	130	40	237	173	206	313	109	270	312	84	164	175	310	337	169	313	216	112	135	192	37	142	220	77	138	280	155	162	213	382	|
|267	211	492	219	489	134	18	171	0	404	240	298	136	376	323	376	468	276	441	483	198	324	243	450	500	2	483	181	215	294	281	136	202	386	102	309	363	75	189	384	509	|
|150	275	129	396	165	290	397	239	404	0	175	110	279	259	97	59	91	166	84	116	217	80	245	130	226	402	106	434	286	187	329	269	333	149	302	119	244	364	291	87	213	|
|28	193	253	234	253	116	230	105	240	175	0	94	139	286	84	167	229	136	234	275	43	96	98	212	341	238	271	320	206	175	281	118	244	225	140	128	180	191	124	189	280	|
|83	172	225	328	245	196	293	130	298	110	94	0	169	209	77	80	191	71	147	189	127	45	189	203	247	296	187	327	184	106	241	162	230	132	198	38	242	266	217	96	285	|
|163	97	382	259	389	103	135	40	136	279	139	169	0	253	212	244	353	141	307	349	110	203	194	347	366	133	350	183	107	161	187	27	124	251	56	175	306	133	169	249	418	|
|286	166	386	498	424	342	381	237	376	259	286	209	253	0	284	201	347	151	210	230	299	247	383	387	155	374	242	290	162	112	129	270	192	113	308	172	451	386	391	172	471	|
|57	240	171	299	179	200	314	173	323	97	84	77	212	284	0	112	145	147	170	208	127	38	148	137	299	321	201	386	253	183	315	195	297	195	222	112	171	275	195	142	214	|
|149	225	188	400	223	276	372	206	376	59	167	80	244	201	112	0	149	117	67	110	205	78	254	186	187	374	108	387	235	132	272	240	283	93	277	71	279	346	291	32	270	|
|201	362	39	420	85	343	459	313	468	91	229	191	353	347	145	149	0	254	149	160	272	150	271	66	290	466	146	518	373	278	419	339	420	235	367	207	227	418	327	175	135	|
|137	109	291	354	315	205	275	109	276	166	136	71	141	151	147	117	254	0	172	212	151	116	232	273	229	274	215	270	119	39	170	145	167	111	186	47	305	263	245	113	356	|
|214	277	187	465	234	343	437	270	441	84	234	147	307	210	170	67	149	172	0	42	272	141	317	205	144	439	43	437	284	175	307	305	331	99	343	132	327	413	357	60	283	|
|255	314	195	506	245	385	480	312	483	116	275	189	349	230	208	110	160	212	42	0	314	182	356	222	132	481	15	474	321	212	337	347	367	126	385	174	358	455	398	100	295	|
|70	182	295	205	293	74	188	84	198	217	43	127	110	299	127	205	272	151	272	314	0	137	91	253	370	196	310	292	195	188	274	85	226	252	99	155	197	148	94	223	316	|
|73	216	182	324	200	210	317	164	324	80	96	45	203	247	38	78	150	116	141	182	137	0	176	158	263	323	176	369	229	150	286	191	274	157	223	77	208	284	216	106	239	|
|107	273	282	152	264	112	228	175	243	245	98	189	194	383	148	254	271	232	317	356	91	176	0	231	435	242	349	371	286	271	365	167	315	321	164	224	120	174	61	280	274	|
|186	374	55	374	42	319	439	310	450	130	212	203	347	387	137	186	66	273	205	222	253	158	231	0	348	448	208	523	386	303	442	329	431	279	352	229	167	392	291	217	85	|
|328	298	326	574	375	432	501	337	500	226	341	247	366	155	299	187	290	229	144	132	370	263	435	348	0	498	147	441	299	206	283	374	338	119	414	215	465	492	463	157	425	|
|266	208	491	219	488	133	18	169	2	402	238	296	133	374	321	374	466	274	439	481	196	323	242	448	498	0	481	180	213	292	278	134	200	384	100	307	362	75	188	381	508	|
|249	319	180	499	231	382	479	313	483	106	271	187	350	242	201	108	146	215	43	15	310	176	349	208	147	481	0	480	326	217	346	347	373	135	385	175	347	454	392	103	280	|
|343	161	551	393	565	265	197	216	181	434	320	327	183	290	386	387	518	270	437	474	292	369	371	523	441	180	480	0	153	263	163	207	107	352	208	317	487	244	334	379	598	|
|222	14	408	366	428	209	222	112	215	286	206	184	107	162	253	235	373	119	284	321	195	229	286	386	299	213	326	153	0	109	81	132	48	201	162	167	386	236	272	226	466	|
|177	103	315	389	344	237	296	135	294	187	175	106	161	112	183	132	278	39	175	212	188	150	271	303	206	292	217	263	109	0	142	171	156	95	211	74	344	289	281	118	386	|
|293	93	457	446	484	290	290	192	281	329	281	241	187	129	315	272	419	170	307	337	274	286	365	442	283	278	346	163	81	142	0	212	79	211	241	214	461	311	353	254	525	|
|144	120	366	235	370	78	132	37	136	269	118	162	27	270	195	240	339	145	305	347	85	191	167	329	374	134	347	207	132	171	212	0	151	257	40	174	280	119	142	248	398	|
|262	58	455	378	474	226	212	142	202	333	244	230	124	192	297	283	420	167	331	367	226	274	315	431	338	200	373	107	48	156	79	151	0	245	173	214	421	237	293	273	510	|
|215	196	275	456	314	313	386	220	386	149	225	132	251	113	195	93	235	111	99	126	252	157	321	279	119	384	135	352	201	95	211	257	245	0	297	97	365	374	345	62	362	|
|167	152	392	205	392	57	95	77	102	302	140	198	56	308	222	277	367	186	343	385	99	223	164	352	414	100	385	208	162	211	241	40	173	297	0	213	283	79	126	287	415	|
|120	156	244	359	270	220	306	138	309	119	128	38	175	172	112	71	207	47	132	174	155	77	224	229	215	307	175	317	167	74	214	174	214	97	213	0	280	286	248	75	313	|
|169	372	221	224	184	232	347	280	363	244	180	242	306	451	171	279	227	305	327	358	197	208	120	167	465	362	347	487	386	344	461	280	421	365	283	280	0	291	175	310	176	|
|218	227	439	150	430	75	58	155	75	364	191	266	133	386	275	346	418	263	413	455	148	284	174	392	492	75	454	244	236	289	311	119	237	374	79	286	291	0	116	359	445	|
|143	260	341	111	325	69	173	162	189	291	124	217	169	391	195	291	327	245	357	398	94	216	61	291	463	188	392	334	272	281	353	142	293	345	126	248	175	116	0	313	335	|
|173	218	214	423	252	292	381	213	384	87	189	96	249	172	142	32	175	113	60	100	223	106	280	217	157	381	103	379	226	118	254	248	273	62	287	75	310	359	313	0	300	|
|255	453	101	400	50	375	496	382	509	213	280	285	418	471	214	270	135	356	283	295	316	239	274	85	425	508	280	598	466	386	525	398	510	362	415	313	176	445	335	300	0	|

--------------------------------------------------------------------------------
Building model...
	using lazy and cut (CVRPSEP package)
Solving IRP LP...
--------------------------------------------------------------------------------

Gurobi 9.1.0 (linux64) logging started Sun Feb  7 06:31:59 2021

Gurobi Optimizer version 9.1.0 build v9.1.0rc0 (linux64)
Thread count: 32 physical cores, 32 logical processors, using up to 2 threads
Optimize a model with 1277 rows, 8273 columns and 19520 nonzeros
Model fingerprint: 0x83e1ac3a
Variable types: 524 continuous, 7749 integer (369 binary)
Coefficient statistics:
  Matrix range     [1e+00, 1e+06]
  Objective range  [1e-01, 6e+02]
  Bounds range     [1e+00, 3e+02]
  RHS range        [1e+00, 6e+03]
Presolve removed 382 rows and 535 columns
Presolve time: 0.14s
Presolved: 895 rows, 7738 columns, 17158 nonzeros
Variable types: 316 continuous, 7422 integer (7049 binary)

Root relaxation: objective 1.227743e+04, 1049 iterations, 0.03 seconds

    Nodes    |    Current Node    |     Objective Bounds      |     Work
 Expl Unexpl |  Obj  Depth IntInf | Incumbent    BestBd   Gap | It/Node Time

     0     0 12277.4289    0  128          - 12277.4289      -     -    0s
     0     0 12781.5041    0   97          - 12781.5041      -     -    0s
     0     0 13382.1403    0  171          - 13382.1403      -     -    0s
     0     0 13477.9229    0  182          - 13477.9229      -     -    0s
     0     0 13480.0239    0  197          - 13480.0239      -     -    0s
     0     0 13618.5520    0  248          - 13618.5520      -     -    0s
     0     0 13633.7231    0  243          - 13633.7231      -     -    0s
     0     0 13633.8858    0  252          - 13633.8858      -     -    0s
     0     0 13694.9350    0  319          - 13694.9350      -     -    1s
     0     0 13703.0258    0  275          - 13703.0258      -     -    1s
     0     0 13710.4064    0  296          - 13710.4064      -     -    1s
     0     0 13721.8457    0  311          - 13721.8457      -     -    1s
     0     0 13728.5611    0  291          - 13728.5611      -     -    1s
     0     0 13741.5568    0  303          - 13741.5568      -     -    1s
     0     0 13741.6525    0  317          - 13741.6525      -     -    1s
     0     0 13758.3661    0  306          - 13758.3661      -     -    1s
     0     0 13768.6880    0  344          - 13768.6880      -     -    1s
     0     0 13771.4129    0  373          - 13771.4129      -     -    1s
     0     0 13771.6420    0  359          - 13771.6420      -     -    2s
     0     0 13788.7522    0  355          - 13788.7522      -     -    2s
     0     0 13790.8726    0  387          - 13790.8726      -     -    2s
     0     0 13798.4837    0  318          - 13798.4837      -     -    2s
     0     0 13802.5835    0  354          - 13802.5835      -     -    2s
     0     0 13803.3898    0  377          - 13803.3898      -     -    2s
     0     0 13807.9628    0  339          - 13807.9628      -     -    2s
     0     0 13807.9628    0  339          - 13807.9628      -     -    2s
     0     2 13814.2674    0  367          - 13814.2674      -     -    3s
    23    27 13870.7524    8  337          - 13834.0717      -   276    5s
   129   138 14288.6924   34  260          - 13834.0717      -   282   10s
   438   508 15723.2200  136   11          - 13834.0717      -   145   15s
   702   683 14076.6188   13  293          - 13849.5576      -   120   20s
   739   710 16656.0668  209  491          - 13898.0221      -   121   25s
   754   720 14173.3375   36  507          - 13937.0578      -   118   30s
   773   735 13965.4640   14  476          - 13959.7913      -   135   35s
   834   778 14248.4252   29  350          - 13978.5787      -   153   40s
   943   862 14502.5380   52  251          - 13978.5787      -   163   45s
  1067   958 14695.2509   69  264          - 13978.5787      -   161   50s
* 1196   973             159    15959.000000 13978.5787  12.4%   154   52s
  1205   966 14901.5293   80  271 15959.0000 13978.5787  12.4%   155   56s
  1253  1012 15234.7206  100  202 15959.0000 13978.5787  12.4%   160   60s
  1384  1072 14105.6165   17  463 15959.0000 13982.0997  12.4%   162   65s
  1455  1139 14200.3753   22  398 15959.0000 13982.0997  12.4%   168   70s
  1549  1195 14302.4739   27  333 15959.0000 13982.0997  12.4%   166   76s
  1608  1199 14301.3459   32  323 15959.0000 13982.0997  12.4%   169   80s
  1644  1230 14562.0125   38  224 15959.0000 13982.0997  12.4%   180   86s
  1696  1283 14564.0273   46  189 15959.0000 13982.0997  12.4%   184   90s
  1812  1413 14914.2436   74  100 15959.0000 13982.0997  12.4%   185   95s
  1990  1492 15337.7700  102    - 15959.0000 13983.3890  12.4%   177  101s
  2192  1497 15929.5500  130    - 15959.0000 14008.8725  12.2%   171  107s
  2210  1496     cutoff  130      15959.0000 14039.0262  12.0%   175  110s
  2243  1543 14906.9900   34  221 15959.0000 14039.0893  12.0%   182  115s
  2401  1617 15909.4600  107    - 15959.0000 14044.2870  12.0%   176  121s
  2468  1653 14411.3190   16  231 15959.0000 14052.6683  11.9%   178  126s
  2502  1703 14541.0470   19  179 15959.0000 14052.6683  11.9%   179  130s
  2639  1738 14739.6469   41  135 15959.0000 14052.6683  11.9%   180  137s
  2673  1799 14834.0636   51  125 15959.0000 14052.6683  11.9%   181  140s
  2938  1919 15280.6652   81   60 15959.0000 14064.8949  11.9%   173  145s
  3027  1955 14397.9523   19  335 15959.0000 14075.6228  11.8%   172  150s
  3101  2093 15113.4861   61  207 15959.0000 14081.8863  11.8%   173  157s
  3251  2110 15958.5885  111   12 15959.0000 14085.7543  11.7%   169  160s
  3295  2164 14560.9074   36   46 15959.0000 14085.8642  11.7%   173  170s
  3373  2324 14840.5918   49   63 15959.0000 14085.8642  11.7%   176  178s
  3520  2386 15041.7529   61   16 15959.0000 14086.0824  11.7%   173  184s
  3637  2438 15862.1900  103    - 15959.0000 14089.6335  11.7%   172  187s
  3674  2500     cutoff  102      15959.0000 14092.1057  11.7%   173  191s
  3766  2526 14475.9633   26  344 15959.0000 14092.1846  11.7%   173  195s
  3798  2550 14410.0176   19  331 15959.0000 14092.1846  11.7%   176  200s
  3839  2660 15368.9007   51  219 15959.0000 14092.1846  11.7%   179  208s
  3921  2691 15899.1339   73   79 15959.0000 14093.4031  11.7%   179  213s
  3964  2805 14690.9243   24  252 15959.0000 14093.8304  11.7%   179  219s
  4098  2839 14330.8795   21  315 15959.0000 14097.8228  11.7%   177  223s
  4133  2983 14830.0546   41  198 15959.0000 14099.4675  11.7%   178  229s
  4306  3051 14317.4381   19  295 15959.0000 14099.4675  11.7%   176  235s
  4404  3123 15329.5829   62   96 15959.0000 14110.6569  11.6%   176  240s
  4487  3159 14643.0580   35  194 15959.0000 14111.6477  11.6%   176  245s
  4535  3218     cutoff   68      15959.0000 14124.1803  11.5%   179  252s
  4598  3311 14848.7046   40  108 15959.0000 14124.7181  11.5%   180  259s
  4722  3349 15609.7160   71   59 15959.0000 14126.2682  11.5%   178  265s
  4772  3388     cutoff   77      15959.0000 14131.8902  11.4%   180  270s
  4824  3466 infeasible   80      15959.0000 14137.4171  11.4%   182  278s
  4939  3514 14424.9321   23  156 15959.0000 14137.5165  11.4%   182  285s
  4980  3581 14510.3368   35  225 15959.0000 14137.5165  11.4%   183  291s
  5048  3720 14848.0550   60   49 15959.0000 14138.9099  11.4%   185  299s
  5154  3733 15329.8800  111    6 15959.0000 14138.9099  11.4%   183  300s
  5253  3775 15833.7600  114    - 15959.0000 14139.7669  11.4%   183  306s
  5322  3819 infeasible  118      15959.0000 14143.4955  11.4%   184  313s
  5363  3897 14507.3232   19  217 15959.0000 14143.4955  11.4%   186  321s
  5457  4110 14736.2397   32  110 15959.0000 14143.4955  11.4%   186  330s
  5678  4288 15779.4261   75   36 15959.0000 14144.1910  11.4%   183  339s
  5775  4289 15234.9690   55  105 15959.0000 14144.1910  11.4%   182  340s
  5965  4405     cutoff   87      15959.0000 14146.5243  11.4%   179  348s
H 6057  4404                    15936.000000 14147.9911  11.2%   178  349s
  6087  4482     cutoff   97      15936.0000 14147.9995  11.2%   178  357s
  6189  4582 14700.2010   35  170 15936.0000 14150.9410  11.2%   178  364s
  6215  4583 15152.7578   60   69 15936.0000 14150.9410  11.2%   178  365s
  6299  4683     cutoff   83      15936.0000 14153.3748  11.2%   178  372s
  6420  4734     cutoff   81      15936.0000 14154.9257  11.2%   178  380s
H 6421  3874                    15520.370000 14154.9257  8.80%   178  380s
  6482  4021 14565.0665   34   98 15520.3700 14155.6795  8.79%   180  389s
  6540  4021 15441.6619   57    8 15520.3700 14155.6795  8.79%   180  390s
  6671  4100     cutoff   58      15520.3700 14159.9063  8.77%   180  398s
  6759  4179 14989.0520   48  167 15520.3700 14160.4616  8.76%   181  406s
  6847  4253 14941.3405   36  307 15520.3700 14161.9652  8.75%   182  415s
  6932  4380 14391.5436   20  246 15520.3700 14163.1883  8.74%   183  424s
  7073  4513 14351.1227   23  364 15520.3700 14163.2748  8.74%   183  433s
  7227  4673 14624.8076   38  227 15520.3700 14164.6565  8.74%   183  445s
  7455  4826 15441.0100  107    - 15520.3700 14166.6024  8.72%   181  456s
  7619  4983     cutoff  106      15520.3700 14168.9132  8.71%   181  467s
  7811  5092     cutoff   70      15520.3700 14170.3738  8.70%   180  479s
  7843  5092 14994.7749   48  157 15520.3700 14170.3738  8.70%   181  480s
  7937  5208 15125.5449   79   43 15520.3700 14171.8970  8.69%   181  492s
  8107  5270 14269.4602   18  445 15520.3700 14172.9256  8.68%   181  502s
  8167  5388 14548.8961   26  230 15520.3700 14172.9256  8.68%   184  513s
  8303  5520 15185.4048   42   86 15520.3700 14174.1114  8.67%   184  526s
  8470  5666 14957.0134   53  186 15520.3700 14175.2420  8.67%   185  537s
  8664  5788 15077.6300   68    - 15520.3700 14183.4045  8.61%   184  549s
  8799  5797 15346.9015   61  119 15520.3700 14184.1227  8.61%   184  550s
  8815  5841     cutoff   87      15520.3700 14184.9166  8.60%   185  594s
  8871  6060 15270.3990   59  113 15520.3700 14186.0886  8.60%   185  606s
  9171  6268 14433.5277   32  210 15520.3700 14188.0904  8.58%   183  619s
  9235  6268 14775.7525   61   88 15520.3700 14188.0904  8.58%   183  620s
  9402  6443 14433.9996   20  339 15520.3700 14189.0584  8.58%   183  633s
  9609  6565 15431.2904   76   94 15520.3700 14190.4329  8.57%   182  645s
  9784  6667     cutoff   88      15520.3700 14193.6532  8.55%   182  657s
  9900  6680 14498.5643   24  319 15520.3700 14198.3460  8.52%   183  668s
  9912  6826 14598.5364   30  170 15520.3700 14198.5348  8.52%   183  680s
 10084  6960 15378.2500   72    4 15520.3700 14199.0731  8.51%   184  692s
 10281  7123     cutoff   89      15520.3700 14201.1842  8.50%   184  704s
 10368  7125 15485.0803  105   11 15520.3700 14201.1842  8.50%   184  705s
 10482  7234     cutoff  108      15520.3700 14202.3951  8.49%   184  717s
 10652  7406     cutoff   80      15520.3700 14204.9638  8.48%   184  729s
 10698  7407 15192.1110   62   18 15520.3700 14204.9638  8.48%   184  730s
 10849  7512     cutoff   78      15520.3700 14207.7950  8.46%   183  741s
 10969  7581 15351.4021   69   64 15520.3700 14208.9061  8.45%   185  753s
 11049  7701 14657.4830   27  339 15520.3700 14208.9061  8.45%   186  765s
 11184  7873 15339.6736   42   80 15520.3700 14209.3168  8.45%   187  778s
 11418  8006     cutoff   64      15520.3700 14212.5581  8.43%   186  791s
 11564  8134 14435.6293   20  318 15520.3700 14215.1898  8.41%   186  804s
 11593  8134 14859.0432   49   37 15520.3700 14215.1898  8.41%   186  805s
 11731  8195     cutoff   84      15520.3700 14217.3133  8.40%   186  816s
 11799  8305 14787.4979   24  306 15520.3700 14218.2811  8.39%   188  829s
 11833  8305 15170.9751   36  138 15520.3700 14218.2811  8.39%   189  830s
 11931  8426 15240.0183   39  101 15520.3700 14219.1533  8.38%   189  843s
 12086  8605 14378.2449   17  465 15520.3700 14219.6901  8.38%   190  857s
 12318  8714     cutoff   76      15520.3700 14222.0677  8.37%   189  871s
 12429  8944 14484.2473   42   36 15520.3700 14223.4898  8.36%   190  884s
 12740  9142     cutoff  108      15520.3700 14224.0362  8.35%   188  897s
 12967  9317     cutoff  119      15520.3700 14225.7538  8.34%   188  910s
 13176  9439 14607.1608   31  242 15520.3700 14227.3760  8.33%   187  922s
 13331  9622     cutoff   98      15520.3700 14228.7604  8.32%   187  935s
 13536  9758 14571.0050   30  253 15520.3700 14230.5530  8.31%   187  948s
 13703  9970 14936.6738   31  138 15520.3700 14231.5887  8.30%   187  961s
 13995 10247 14625.0472   28  281 15520.3700 14232.5373  8.30%   186  975s
 14303 10412     cutoff   96      15520.3700 14232.6932  8.30%   184  989s
 14531 10527 14626.3529   23  334 15520.3700 14235.8674  8.28%   184 1003s
 14669 10641 15137.6299   64   62 15520.3700 14238.0214  8.26%   184 1015s
 14814 10828 14613.6156   31  311 15520.3700 14238.2783  8.26%   184 1029s
 14900 10828 15373.5378   61   91 15520.3700 14238.2783  8.26%   184 1030s
 15033 10947 14480.5271   23  244 15520.3700 14238.4669  8.26%   184 1041s
 15191 11118 15075.5262   43  197 15520.3700 14238.5672  8.26%   184 1055s
 15406 11236 infeasible   70      15520.3700 14240.1510  8.25%   183 1068s
 15546 11306 14362.3679   22  456 15520.3700 14240.5871  8.25%   183 1080s
 15609 11488 14683.4949   33  250 15520.3700 14240.5871  8.25%   184 1093s
 15824 11613 15246.4072   84   18 15520.3700 14240.8696  8.24%   184 1105s
 15996 11707     cutoff  100      15520.3700 14243.2250  8.23%   184 1118s
 16098 11841 14650.7668   35  269 15520.3700 14243.3322  8.23%   185 1132s
 16280 11955 14821.6374   66   66 15520.3700 14244.7634  8.22%   185 1146s
 16404 12167 14776.0041   36   21 15520.3700 14246.3067  8.21%   186 1160s
 16698 12241 15340.2140   71   29 15520.3700 14246.4955  8.21%   185 1172s
 16778 12381 infeasible   88      15520.3700 14247.4856  8.20%   186 1185s
 16974 12509     cutoff  101      15520.3700 14248.5645  8.19%   186 1197s
 17124 12606 15154.4279   69   51 15520.3700 14251.1443  8.18%   186 1210s
 17242 12837 14700.2699   53   62 15520.3700 14251.3655  8.18%   187 1224s
 17269 12837 14877.4257   64   25 15520.3700 14251.3655  8.18%   187 1225s
*17509  8590              89    15078.890000 14252.2372  5.48%   187 1226s
 17570  8572     cutoff  102      15078.8900 14252.2744  5.48%   186 1237s
 17643  8699 14737.6339   53   60 15078.8900 14253.2206  5.48%   187 1250s
 17831  8768     cutoff   83      15078.8900 14254.2312  5.47%   187 1262s
 17930  8867 14547.9955   25  123 15078.8900 14254.4393  5.47%   188 1274s
 18046  8945 14649.4325   61   62 15078.8900 14255.3345  5.46%   188 1286s
 18185  9090     cutoff   89      15078.8900 14257.1492  5.45%   189 1300s
 18360  9096     cutoff   67      15078.8900 14258.1540  5.44%   189 1323s
 18370  9136 14722.9374   30  345 15078.8900 14259.5753  5.43%   189 1334s
 18444  9253 14481.3591   31  247 15078.8900 14260.8170  5.43%   190 1346s
 18596  9376     cutoff   67      15078.8900 14262.0788  5.42%   190 1360s
 18750  9464 14486.6576   23  430 15078.8900 14262.5413  5.41%   190 1373s
 18838  9563 14762.6622   35  293 15078.8900 14262.5413  5.41%   191 1387s
 18971  9675 14950.8307   58  131 15078.8900 14262.5588  5.41%   192 1400s
 19117  9741 14764.3216   36  270 15078.8900 14265.2719  5.40%   192 1412s
*19191  9371              81    15050.260000 14265.3062  5.22%   192 1412s
 19253  9440 14927.8932   28  297 15050.2600 14265.7872  5.21%   193 1425s
 19352  9590 14688.1056   35  187 15050.2600 14265.9592  5.21%   193 1441s
 19553  9691 14614.8903   29  327 15050.2600 14266.7228  5.21%   193 1456s
 19679  9838 14473.7778   23  345 15050.2600 14267.8306  5.20%   194 1469s
 19714  9838 14937.0295   58   41 15050.2600 14267.8306  5.20%   194 1470s
 19854  9941 14336.9030   19  367 15050.2600 14268.4139  5.19%   194 1483s
 19996 10031 14747.9366   33  339 15050.2600 14270.7234  5.18%   194 1497s
 20119 10116 14506.5428   18  281 15050.2600 14271.5494  5.17%   195 1511s
*20203  9390              73    15003.260000 14272.0608  4.87%   195 1512s
 20233  9461 14525.0924   22  388 15003.2600 14272.0608  4.87%   195 1525s
 20318  9584 14634.5167   35  179 15003.2600 14272.4481  4.87%   196 1539s
 20494  9659     cutoff   55      15003.2600 14273.4135  4.86%   196 1552s
 20624  9765 14674.0630   34  106 15003.2600 14275.0263  4.85%   196 1567s
 20783  9850 14770.2200   41  138 15003.2600 14276.6111  4.84%   196 1581s
 20902  9924 14609.1070   26  338 15003.2600 14277.5270  4.84%   197 1594s
 20983  9924 14988.3223   49   64 15003.2600 14277.5270  4.84%   198 1595s
 20994  9984 14843.2761   45  139 15003.2600 14277.5848  4.84%   198 1607s
 21104 10051 14720.5595   29  364 15003.2600 14277.6040  4.84%   198 1620s
 21171 10119 14845.6058   49  130 15003.2600 14277.9369  4.83%   199 1633s
 21311 10197 14695.2362   30  268 15003.2600 14279.2751  4.83%   199 1646s
 21420 10336 14564.2772   28  220 15003.2600 14279.7222  4.82%   200 1660s
 21581 10497 14459.0564   31   97 15003.2600 14279.7336  4.82%   200 1676s
 21778 10604 14899.3181   76   50 15003.2600 14280.4370  4.82%   200 1690s
 21927 10696 14923.7710   37  254 15003.2600 14281.4849  4.81%   200 1704s
 22060 10748 14782.8757   42   37 15003.2600 14282.1682  4.81%   200 1717s
 22129 10878 14502.8589   40   44 15003.2600 14283.0221  4.80%   201 1731s
 22319 11005     cutoff   65      15003.2600 14283.8074  4.80%   201 1746s
 22469 11082 14526.7989   32  192 15003.2600 14284.5823  4.79%   201 1761s
 22572 11148 14557.9547   29  226 15003.2600 14284.6426  4.79%   202 1777s
 22670 11222 14968.9946   44  156 15003.2600 14284.9175  4.79%   202 1795s
 22762 11314 14492.2495   18  250 15003.2600 14285.6016  4.78%   202 1810s
 22879 11380     cutoff   53      15003.2600 14286.5421  4.78%   202 1823s
 22953 11474 14675.2791   41  302 15003.2600 14289.5756  4.76%   203 1838s
 23085 11616 14429.4417   25  380 15003.2600 14290.3704  4.75%   203 1854s
 23253 11714 14505.8034   21  407 15003.2600 14290.9507  4.75%   203 1869s
 23405 11772 14698.4923   26  325 15003.2600 14291.9966  4.74%   204 1884s
 23494 11822 14450.9849   17  231 15003.2600 14292.4138  4.74%   205 1898s
 23568 11935 14480.9660   24   94 15003.2600 14292.4459  4.74%   205 1915s
 23683 12030 14725.0135   45  234 15003.2600 14292.5709  4.74%   206 1930s
 23834 12089     cutoff   61      15003.2600 14293.0417  4.73%   206 1944s
*23839 10938              72    14940.530000 14293.0417  4.33%   206 1944s
*23840 10588              72    14921.530000 14293.0417  4.21%   206 1944s
 23907 10661 14520.6103   28  276 14921.5300 14293.4337  4.21%   207 1959s
 23993 10661 14846.5555   48  235 14921.5300 14293.4337  4.21%   207 1960s
 24010 10751 14769.3151   46  121 14921.5300 14293.6928  4.21%   207 1973s
 24144 10808 14777.5190   32  237 14921.5300 14294.6744  4.20%   208 1987s
 24219 10919 14718.3106   24  286 14921.5300 14294.8219  4.20%   209 2003s
 24377 10990 14503.7964   22  376 14921.5300 14295.2923  4.20%   209 2019s
 24479 11067 14532.5751   29  300 14921.5300 14295.6329  4.19%   209 2034s
 24583 11119 14610.2137   25  352 14921.5300 14296.7089  4.19%   210 2051s
 24672 11189 14534.4149   22  335 14921.5300 14297.1133  4.18%   210 2066s
 24777 11292 14874.9676   32   73 14921.5300 14297.3312  4.18%   211 2081s
 24939 11416 14552.0460   28  153 14921.5300 14298.8520  4.17%   211 2097s
 25096 11506 14642.3208   27  296 14921.5300 14299.2831  4.17%   211 2112s
 25251 11643 14868.3106   47  149 14921.5300 14300.0213  4.17%   211 2128s
H25435 10613                    14867.870000 14300.5452  3.82%   211 2146s
 25608 10701     cutoff   55      14867.8700 14300.6976  3.81%   211 2162s
 25760 10814 14757.1103   37  192 14867.8700 14300.8705  3.81%   211 2179s
 25934 10951 14396.0738   24   89 14867.8700 14301.6324  3.81%   211 2196s
 26113 11013     cutoff   72      14867.8700 14301.7532  3.81%   211 2211s
 26204 11051 14588.7841   23  365 14867.8700 14302.1317  3.81%   211 2225s
 26275 11126 14570.7951   18  364 14867.8700 14302.3590  3.80%   212 2241s
 26381 11185 14809.7443   35  240 14867.8700 14302.6002  3.80%   212 2255s
 26493 11251 14711.4675   30  207 14867.8700 14302.9983  3.80%   213 2273s
 26628 11352 14667.0289   37  234 14867.8700 14303.6808  3.79%   213 2289s
 26700 11352 14397.2846   26  345 14867.8700 14304.0686  3.79%   213 2290s
 26768 11398 14632.6651   35  151 14867.8700 14304.0750  3.79%   214 2304s
 26840 11512 14578.3236   28  259 14867.8700 14304.1367  3.79%   214 2321s
 26976 11594 14789.6770   50   77 14867.8700 14304.1555  3.79%   215 2337s
 27132 11696 14428.5162   24  315 14867.8700 14305.4120  3.78%   215 2352s
 27262 11785 14575.1077   28  288 14867.8700 14305.8649  3.78%   215 2369s
 27417 11845 14532.5659   20  235 14867.8700 14306.7419  3.77%   215 2386s
H27443  8310                    14732.290000 14306.7419  2.89%   216 2386s
 27511  8348     cutoff   29      14732.2900 14306.9683  2.89%   216 2402s
 27609  8392 14543.2231   28  352 14732.2900 14307.6521  2.88%   216 2417s
 27704  8467     cutoff   32      14732.2900 14309.3937  2.87%   217 2432s
 27817  8507 14722.4405   26  197 14732.2900 14310.7553  2.86%   217 2447s
 27909  8620 14433.0134   20  386 14732.2900 14311.2243  2.86%   218 2463s
H28058  8020                    14706.440000 14311.5546  2.69%   218 2480s
 28239  8066 14427.9136   23  444 14706.4400 14312.6106  2.68%   218 2500s
 28306  8124 14549.8652   30  472 14706.4400 14312.7293  2.68%   219 2516s
 28420  8149 14480.9302   17  447 14706.4400 14313.3748  2.67%   219 2531s
 28479  8203 14609.6076   19  388 14706.4400 14313.5967  2.67%   220 2549s
H28539  7518                    14682.590000 14313.5967  2.51%   220 2549s
 28587  7596     cutoff   30      14682.5900 14313.9187  2.51%   220 2565s
 28709  7651 14652.5278   40  305 14682.5900 14315.7238  2.50%   220 2581s
 28826  7712 14610.2963   24  347 14682.5900 14316.6251  2.49%   221 2597s
 28940  7777 14667.6660   27  295 14682.5900 14317.5997  2.49%   221 2613s
 29068  7806 14652.4818   22  404 14682.5900 14318.6769  2.48%   222 2628s
H29111  7455                    14670.260000 14318.6769  2.40%   222 2629s
H29144  7505                    14669.260000 14318.7616  2.39%   223 2645s
 29292  7562     cutoff   37      14669.2600 14319.7223  2.38%   223 2662s
 29396  7618 14594.5987   20  416 14669.2600 14320.6361  2.38%   223 2679s
 29526  7695 14393.1259   27  299 14669.2600 14321.0622  2.37%   224 2695s
 29637  7770 14400.6126   26  459 14669.2600 14321.6620  2.37%   224 2712s
 29777  7814 14653.2833   41  210 14669.2600 14322.1646  2.37%   224 2729s
 29861  7862 14550.2233   26  346 14669.2600 14322.7965  2.36%   225 2749s
 29927  7862 14608.9648   32  245 14669.2600 14322.9166  2.36%   225 2750s
 30000  7941 14442.7408   30  349 14669.2600 14323.1264  2.36%   225 2766s
 30133  8020 14556.9052   24  288 14669.2600 14324.6379  2.35%   225 2783s
 30248  8118 14481.7998   32  175 14669.2600 14325.4383  2.34%   226 2799s
 30394  8180 14634.1136   28  232 14669.2600 14325.9951  2.34%   226 2817s
 30531  8216 14548.4717   21  314 14669.2600 14327.3244  2.33%   226 2835s
 30641  8311 14406.3089   20  403 14669.2600 14327.4654  2.33%   227 2852s
 30818  8462 14430.1694   29  174 14669.2600 14328.6082  2.32%   227 2872s
 31043  8535     cutoff   67      14669.2600 14329.4547  2.32%   227 2889s
 31147  8617 14568.6429   41   39 14669.2600 14329.6645  2.32%   227 2906s
 31321  8663     cutoff   49      14669.2600 14330.5198  2.31%   227 2922s
 31421  8732 14500.8950   26  312 14669.2600 14331.6531  2.30%   228 2939s
 31473  8732 14458.9007   24  276 14669.2600 14331.6531  2.30%   228 2940s
H31486  8387                    14657.550000 14331.6531  2.22%   228 2940s
 31538  8478 14604.0573   30  186 14657.5500 14332.7604  2.22%   228 2958s
 31691  8538 14490.6750   21  264 14657.5500 14333.4527  2.21%   228 2975s
 31819  8599 14595.9117   20  416 14657.5500 14333.9847  2.21%   229 2993s
 31950  8678 14609.5145   20  454 14657.5500 14334.9220  2.20%   229 3012s
 32099  8739 14434.9519   18  447 14657.5500 14335.8101  2.20%   229 3030s
 32218  8810 14407.4812   22  296 14657.5500 14336.9085  2.19%   230 3047s
 32369  8852 14594.1188   30  485 14657.5500 14337.1742  2.19%   230 3066s
 32485  8976 14418.2234   33  253 14657.5500 14337.8021  2.18%   230 3084s
 32554  8976 14645.0572   29   47 14657.5500 14337.8021  2.18%   230 3085s
 32671  9022     cutoff   33      14657.5500 14338.2517  2.18%   230 3102s
H32723  8327                    14638.190000 14338.2517  2.05%   230 3102s
 32789  8368 14581.2240   32  189 14638.1900 14338.8699  2.04%   231 3119s
 32913  8459 infeasible   43      14638.1900 14339.4617  2.04%   231 3137s
H32985  7077                    14605.190000 14339.4617  1.82%   231 3137s
 33094  7108     cutoff   24      14605.1900 14340.4418  1.81%   231 3154s
 33205  7174 14415.1273   25  402 14605.1900 14341.0578  1.81%   231 3173s
 33336  7211 14422.2391   22  499 14605.1900 14341.6786  1.80%   232 3191s
 33463  7276 14445.4643   20  280 14605.1900 14341.9542  1.80%   232 3209s
 33602  7325 14394.7309   23  360 14605.1900 14342.3905  1.80%   233 3227s
 33718  7366 14432.9397   21  339 14605.1900 14342.9956  1.80%   233 3245s
 33831  7426 14447.4013   27  319 14605.1900 14343.3555  1.79%   234 3265s
 33960  7438 14567.2862   33  228 14605.1900 14343.9049  1.79%   234 3284s
H34000  7112                    14596.870000 14344.2001  1.73%   234 3284s
 34026  7142 14589.5333   33  226 14596.8700 14344.3201  1.73%   234 3301s
 34137  7164 14537.6248   23  392 14596.8700 14344.6858  1.73%   235 3319s
 34231  7197 14564.4463   23  316 14596.8700 14345.7220  1.72%   235 3337s
 34344  7228 14590.6317   30   87 14596.8700 14346.3108  1.72%   236 3353s
 34464  7296 14514.3499   44   99 14596.8700 14347.1035  1.71%   236 3371s
 34616  7368 14509.4625   23  347 14596.8700 14347.6334  1.71%   236 3389s
 34723  7368 14495.4286   40  217 14596.8700 14348.3182  1.70%   237 3390s
 34766  7412 14487.7290   23  358 14596.8700 14348.3473  1.70%   237 3408s
 34913  7468     cutoff   39      14596.8700 14348.8129  1.70%   237 3426s
 35034  7503 14533.5331   27  357 14596.8700 14349.5478  1.69%   237 3444s
 35172  7547     cutoff   43      14596.8700 14350.6180  1.69%   238 3462s
 35300  7590     cutoff   33      14596.8700 14350.9980  1.68%   238 3480s
 35411  7670 14481.7753   25  368 14596.8700 14351.7473  1.68%   239 3499s
 35589  7761 14425.4876   37  183 14596.8700 14352.2143  1.68%   239 3519s
 35742  7761 14585.8577   35  109 14596.8700 14353.2290  1.67%   238 3520s
 35772  7802 14558.1051   25  408 14596.8700 14353.2859  1.67%   239 3538s
 35910  7868 14461.0211   23  455 14596.8700 14354.2659  1.66%   239 3557s
 36070  7916 14492.0454   26  223 14596.8700 14355.4551  1.65%   239 3577s
 36196  7975 14478.3625   23  452 14596.8700 14355.8983  1.65%   239 3596s
 36330  7974 14551.4050   23  326 14596.8700 14356.3314  1.65%   240 3600s

Cutting planes:
  User: 3006
  Gomory: 31
  Cover: 387
  Implied bound: 188
  Projected implied bound: 3
  Clique: 70
  MIR: 129
  StrongCG: 1
  Flow cover: 294
  GUB cover: 4
  Zero half: 58
  Network: 4
  RLT: 290
  Relax-and-lift: 9
  Lazy constraints: 5428

Explored 36347 nodes (8724124 simplex iterations) in 3600.06 seconds
Thread count was 2 (of 32 available processors)

Solution count 10: 14596.9 14605.2 14638.2 ... 14867.9

Time limit reached
Best objective 1.459687000000e+04, best bound 1.435633142939e+04, gap 1.6479%

User-callback calls 285154, time in user-callback 154.45 sec
================================================================================
executing instance: ./input/Instances/Original/2/absH3high_4n10.dat
--------------------------------------------------------------------------------
Instance details
n	11
H	3
C	822
Li:
[0, 0, 0, 0, 0, 0, 0, 0, 0, 0, 0, ]
Ui:
[0, 102, 52, 88, 182, 153, 138, 38, 165, 297, 86, ]
Distance matrix:
|0	285	411	382	327	239	148	256	307	36	383	|
|285	0	352	98	249	103	227	235	120	268	209	|
|411	352	0	395	106	430	263	549	234	429	174	|
|382	98	395	0	302	173	320	288	168	364	227	|
|327	249	106	302	0	324	179	444	135	339	109	|
|239	103	430	173	324	0	241	132	212	212	305	|
|148	227	263	320	179	241	0	325	192	165	249	|
|256	235	549	288	444	132	325	0	342	220	436	|
|307	120	234	168	135	212	192	342	0	304	94	|
|36	268	429	364	339	212	165	220	304	0	386	|
|383	209	174	227	109	305	249	436	94	386	0	|

--------------------------------------------------------------------------------
Building model...
	using lazy and cut (CVRPSEP package)
Solving IRP LP...
--------------------------------------------------------------------------------

Gurobi 9.1.0 (linux64) logging started Sun Feb  7 07:32:00 2021

Gurobi Optimizer version 9.1.0 build v9.1.0rc0 (linux64)
Thread count: 32 physical cores, 32 logical processors, using up to 2 threads
Optimize a model with 347 rows, 728 columns and 2210 nonzeros
Model fingerprint: 0xd5ceb676
Variable types: 134 continuous, 594 integer (99 binary)
Coefficient statistics:
  Matrix range     [1e+00, 3e+02]
  Objective range  [2e-01, 5e+02]
  Bounds range     [1e+00, 3e+02]
  RHS range        [1e+00, 1e+03]
Presolve removed 116 rows and 149 columns
Presolve time: 0.03s
Presolved: 231 rows, 579 columns, 1603 nonzeros
Variable types: 72 continuous, 507 integer (422 binary)
Found heuristic solution: objective 9549.4500000

Root relaxation: objective 3.930717e+03, 393 iterations, 0.01 seconds

    Nodes    |    Current Node    |     Objective Bounds      |     Work
 Expl Unexpl |  Obj  Depth IntInf | Incumbent    BestBd   Gap | It/Node Time

     0     0 3930.71742    0   67 9549.45000 3930.71742  58.8%     -    0s
H    0     0                    8828.4500000 3930.71742  55.5%     -    0s
     0     0 4269.81014    0   62 8828.45000 4269.81014  51.6%     -    0s
H    0     0                    8129.1100000 4269.81014  47.5%     -    0s
     0     0 4398.50930    0   95 8129.11000 4398.50930  45.9%     -    0s
H    0     0                    8118.4600000 4398.50930  45.8%     -    0s
     0     0 4453.75843    0   90 8118.46000 4453.75843  45.1%     -    0s
     0     0 4458.19232    0   97 8118.46000 4458.19232  45.1%     -    0s
     0     0 4458.48339    0   97 8118.46000 4458.48339  45.1%     -    0s
     0     0 4495.25931    0   98 8118.46000 4495.25931  44.6%     -    0s
H    0     0                    7587.6700000 4495.25931  40.8%     -    0s
H    0     0                    6760.7200000 4495.25931  33.5%     -    0s
     0     0 4498.09559    0   97 6760.72000 4498.09559  33.5%     -    0s
