




arguments: ./build/bc_mirp -f ./input/orig_exec_23.cfg
Current dir: /scratch/gui/bc_mirp
File verbosity level: 9
date       time         ( uptime  ) [ thread name/id ]                   file:line     v| 
2021-02-06 16:08:35.490 (   0.207s) [main thread     ]             loguru.cpp:789   INFO| Logging to './output/vi_vc+lex_half/OU/V3/Original/execution_06_02_2021_16_08_35.log', mode: 'a', verbosity: 9
--------------------------------------------------------------------------------
Parameters
                           instance_path           ./input/Instances/Original/1/
                            model_policy                                       1
                             nb_vehicles                                       3
                              output_dir ./output/vi_vc+lex_half/OU/V3/Original/
                            sec_strategy                                       1
                       solver_nb_threads                                       2
                         solver_show_log                                    true
                       solver_time_limit                                    3600
                              use_vi_cos                                   false
                              use_vi_cus                                   false
                         use_vi_hc1_full                                   false
                         use_vi_hc1_half                                   false
                      use_vi_hc1_quarter                                   false
                              use_vi_hc2                                   false
                              use_vi_hc3                                   false
                         use_vi_lex_full                                   false
                         use_vi_lex_half                                    true
                      use_vi_lex_quarter                                   false
                              use_vi_qua                                   false
                               use_vi_vc                                    true
                               use_vi_vr                                   false
--------------------------------------------------------------------------------
executing instance: ./input/Instances/Original/1/absH3high_1n5.dat
--------------------------------------------------------------------------------
Instance details
n	6
H	3
C	289
Li:
[0, 0, 0, 0, 0, 0, ]
Ui:
[0, 195, 105, 116, 72, 22, ]
Distance matrix:
|0	85	349	17	203	289	|
|85	0	265	102	214	226	|
|349	265	0	366	368	238	|
|17	102	366	0	207	302	|
|203	214	368	207	0	431	|
|289	226	238	302	431	0	|

--------------------------------------------------------------------------------
Building model...
	using lazy and cut (CVRPSEP package)
Solving IRP LP...
--------------------------------------------------------------------------------

Gurobi 9.1.0 (linux64) logging started Sat Feb  6 16:08:36 2021

Gurobi Optimizer version 9.1.0 build v9.1.0rc0 (linux64)
Thread count: 32 physical cores, 32 logical processors, using up to 2 threads
Optimize a model with 192 rows, 258 columns and 906 nonzeros
Model fingerprint: 0x455a6971
Variable types: 69 continuous, 189 integer (54 binary)
Coefficient statistics:
  Matrix range     [1e+00, 2e+02]
  Objective range  [2e-01, 4e+02]
  Bounds range     [1e+00, 2e+02]
  RHS range        [1e+00, 5e+02]
Presolve removed 84 rows and 108 columns
Presolve time: 0.01s
Presolved: 108 rows, 150 columns, 483 nonzeros
Variable types: 32 continuous, 118 integer (85 binary)
Found heuristic solution: objective 2887.3300000

Root relaxation: objective 1.828755e+03, 161 iterations, 0.00 seconds

    Nodes    |    Current Node    |     Objective Bounds      |     Work
 Expl Unexpl |  Obj  Depth IntInf | Incumbent    BestBd   Gap | It/Node Time

     0     0 1828.75517    0   20 2887.33000 1828.75517  36.7%     -    0s
     0     0 2104.53517    0   18 2887.33000 2104.53517  27.1%     -    0s
     0     0 2227.88561    0   37 2887.33000 2227.88561  22.8%     -    0s
H    0     0                    2870.3300000 2227.88561  22.4%     -    0s
     0     0 2293.65209    0   20 2870.33000 2293.65209  20.1%     -    0s
     0     0 2324.60957    0   40 2870.33000 2324.60957  19.0%     -    0s
     0     0 2324.69542    0   40 2870.33000 2324.69542  19.0%     -    0s
     0     0 2359.07472    0   45 2870.33000 2359.07472  17.8%     -    0s
H    0     0                    2414.0300000 2359.07472  2.28%     -    0s
     0     0 2361.87202    0   37 2414.03000 2361.87202  2.16%     -    0s
     0     0 2383.02589    0   37 2414.03000 2383.02589  1.28%     -    0s
     0     0 2383.02589    0    1 2414.03000 2383.02589  1.28%     -    0s
     0     0     cutoff    0      2414.03000 2414.03000  0.00%     -    0s

Cutting planes:
  MIR: 1
  Flow cover: 4

Explored 1 nodes (443 simplex iterations) in 0.08 seconds
Thread count was 2 (of 32 available processors)

Solution count 3: 2414.03 2870.33 2887.33 

Optimal solution found (tolerance 1.00e-04)
Best objective 2.414030000000e+03, best bound 2.414030000000e+03, gap 0.0000%

User-callback calls 156, time in user-callback 0.00 sec
================================================================================
executing instance: ./input/Instances/Original/1/absH3high_1n45.dat
--------------------------------------------------------------------------------
Instance details
n	46
H	3
C	3462
Li:
[0, 0, 0, 0, 0, 0, 0, 0, 0, 0, 0, 0, 0, 0, 0, 0, 0, 0, 0, 0, 0, 0, 0, 0, 0, 0, 0, 0, 0, 0, 0, 0, 0, 0, 0, 0, 0, 0, 0, 0, 0, 0, 0, 0, 0, 0, ]
Ui:
[0, 273, 270, 36, 165, 192, 148, 45, 30, 75, 180, 198, 112, 117, 90, 64, 180, 22, 264, 174, 168, 270, 86, 66, 26, 66, 237, 156, 92, 108, 144, 72, 30, 45, 94, 54, 174, 96, 198, 136, 44, 180, 210, 249, 198, 48, ]
Distance matrix:
|0	281	201	160	249	201	93	431	236	139	252	136	116	166	390	110	349	374	303	180	327	464	236	70	44	461	346	439	363	254	312	426	305	206	71	137	169	200	247	260	20	219	256	253	460	278	|
|281	0	448	170	53	142	338	184	121	290	371	390	222	302	111	289	169	434	230	177	238	441	59	212	319	211	86	235	399	306	53	176	99	202	263	157	361	101	370	201	264	344	364	374	469	184	|
|201	448	0	285	430	325	114	556	361	171	191	64	228	174	546	294	453	306	364	289	388	435	393	254	157	585	491	536	318	254	490	554	436	407	266	292	108	388	186	337	207	181	205	190	408	364	|
|160	170	285	0	169	43	182	280	80	120	208	231	58	132	262	230	190	294	151	24	174	345	112	107	183	309	207	280	268	158	219	276	155	235	187	45	192	150	205	107	140	177	202	210	356	119	|
|249	53	430	169	0	152	317	238	145	282	377	369	212	299	157	242	215	452	261	183	273	474	76	181	290	264	140	287	421	320	63	229	145	148	221	142	352	53	374	226	234	346	370	378	498	215	|
|201	142	325	43	152	0	224	237	37	156	230	273	101	164	224	261	148	300	127	38	147	333	83	142	225	266	167	238	270	168	193	233	112	246	221	70	228	148	228	84	180	202	222	232	351	87	|
|93	338	114	182	317	224	0	460	262	92	180	52	124	112	440	199	364	307	292	191	317	415	284	140	57	490	387	452	304	208	377	457	336	297	163	181	84	274	175	256	95	152	188	180	402	280	|
|431	184	556	280	238	237	460	0	199	385	420	508	337	385	108	464	110	429	219	269	206	378	202	365	460	30	98	84	388	340	204	9	126	386	432	294	453	283	421	226	411	404	408	423	422	198	|
|236	121	361	80	145	37	262	199	0	191	255	310	138	197	191	290	114	312	118	72	133	330	69	175	262	229	132	204	279	186	174	195	75	258	251	102	262	153	254	81	216	230	246	257	353	72	|
|139	290	171	120	282	156	92	385	191	0	116	129	71	27	380	246	283	235	201	119	226	329	231	141	129	414	323	367	224	119	336	383	266	308	202	141	72	252	112	169	127	82	118	117	322	195	|
|252	371	191	208	377	230	180	420	255	116	0	187	178	90	443	361	311	127	204	195	224	246	313	257	232	446	382	380	129	81	423	421	320	422	318	242	100	355	5	195	241	34	15	2	225	224	|
|136	390	64	231	369	273	52	508	310	129	187	0	173	141	491	233	409	313	330	239	355	431	335	191	93	538	438	495	316	233	429	505	385	342	203	233	88	325	182	297	143	167	199	187	412	323	|
|116	222	228	58	212	101	124	337	138	71	178	173	0	91	319	206	244	284	187	69	212	357	165	85	130	367	265	333	264	151	267	333	213	244	161	70	140	181	175	145	97	145	177	180	359	165	|
|166	302	174	132	299	164	112	385	197	27	90	141	91	0	388	273	280	208	191	127	215	305	243	167	153	413	329	361	198	96	351	383	270	333	229	159	68	272	86	163	153	56	92	91	296	190	|
|390	111	546	262	157	224	440	108	191	380	443	491	319	388	0	399	164	480	264	261	261	456	156	320	426	125	62	186	442	369	107	99	125	300	374	260	452	210	443	252	372	420	433	446	494	227	|
|110	289	294	230	242	261	199	464	290	246	361	233	206	273	399	0	402	480	382	254	404	562	262	124	143	493	369	490	466	355	302	457	344	135	45	191	279	189	356	337	120	328	364	362	563	348	|
|349	169	453	190	215	148	364	110	114	283	311	409	244	280	164	402	0	324	110	174	101	292	151	289	372	135	109	90	284	230	212	111	70	354	364	216	348	245	312	118	329	295	298	313	330	90	|
|374	434	306	294	452	300	307	429	312	235	127	313	284	208	480	480	324	0	216	274	223	137	380	368	357	448	419	367	40	136	487	432	358	525	436	336	227	443	132	234	361	156	119	127	102	255	|
|303	230	364	151	261	127	292	219	118	201	204	330	187	191	264	382	110	216	0	128	25	213	185	258	314	243	203	176	178	123	282	221	144	372	338	193	256	270	206	45	283	193	191	206	239	46	|
|180	177	289	24	183	38	191	269	72	119	195	239	69	127	261	254	174	274	128	0	151	321	118	130	198	299	204	263	246	139	228	266	147	258	211	68	191	169	193	83	159	166	188	197	333	98	|
|327	238	388	174	273	147	317	206	133	226	224	355	212	215	261	404	101	223	25	151	0	203	198	281	339	228	202	156	184	143	288	209	146	390	362	215	280	286	226	68	308	215	210	226	235	61	|
|464	441	435	345	474	333	415	378	330	329	246	431	357	305	456	562	292	137	213	321	203	0	398	440	458	390	400	301	117	211	492	384	348	578	517	389	344	480	251	251	448	265	233	246	54	259	|
|236	59	393	112	76	83	284	202	69	231	313	335	165	243	156	262	151	380	185	118	198	398	0	167	270	231	110	233	347	250	110	195	85	203	230	103	303	95	311	150	217	284	305	315	422	139	|
|70	212	254	107	181	142	140	365	175	141	257	191	85	167	320	124	289	368	258	130	281	440	167	0	109	394	277	378	349	236	244	359	239	167	81	73	196	135	253	213	53	223	257	258	444	226	|
|44	319	157	183	290	225	57	460	262	129	232	93	130	153	426	143	372	357	314	198	339	458	270	109	0	490	379	462	351	247	353	456	334	250	110	168	140	243	226	274	56	201	238	232	449	294	|
|461	211	585	309	264	266	490	30	229	414	446	538	367	413	125	493	135	448	243	299	228	390	231	394	490	0	125	89	408	365	226	36	156	412	462	324	481	311	447	253	441	430	433	448	436	225	|
|346	86	491	207	140	167	387	98	132	323	382	438	265	329	62	369	109	419	203	204	202	400	110	277	379	125	0	155	381	307	113	90	63	288	339	211	394	186	382	190	327	359	371	384	436	165	|
|439	235	536	280	287	238	452	84	204	367	380	495	333	361	186	490	90	367	176	263	156	301	233	378	462	89	155	0	326	299	267	92	148	432	454	306	429	325	382	199	419	369	366	382	348	172	|
|363	399	318	268	421	270	304	388	279	224	129	316	264	198	442	466	284	40	178	246	184	117	347	349	351	408	381	326	0	113	452	391	321	502	422	311	229	415	134	199	348	152	118	130	98	219	|
|254	306	254	158	320	168	208	340	186	119	81	233	151	96	369	355	230	136	123	139	143	211	250	236	247	365	307	299	113	0	359	340	244	390	310	200	148	308	83	117	238	74	68	83	208	145	|
|312	53	490	219	63	193	377	204	174	336	423	429	267	351	107	302	212	487	282	228	288	492	110	244	353	226	113	267	452	359	0	195	145	194	283	199	407	115	421	254	296	394	415	425	521	237	|
|426	176	554	276	229	233	457	9	195	383	421	505	333	383	99	457	111	432	221	266	209	384	195	359	456	36	90	92	391	340	195	0	122	378	426	289	451	275	421	226	406	404	408	423	427	197	|
|305	99	436	155	145	112	336	126	75	266	320	385	213	270	125	344	70	358	144	147	146	348	85	239	334	156	63	148	321	244	145	122	0	286	310	168	336	177	320	128	285	298	309	322	381	103	|
|206	202	407	235	148	246	297	386	258	308	422	342	244	333	300	135	354	525	372	258	390	578	203	167	250	412	288	432	502	390	194	378	286	0	144	191	362	109	418	329	202	388	421	423	591	329	|
|71	263	266	187	221	221	163	432	251	202	318	203	161	229	374	45	364	436	338	211	362	517	230	81	110	462	339	454	422	310	283	426	310	144	0	150	239	168	313	294	77	285	321	319	518	306	|
|137	157	292	45	142	70	181	294	102	141	242	233	70	159	260	191	216	336	193	68	215	389	103	73	168	324	211	306	311	200	199	289	168	191	150	0	210	113	239	148	117	210	238	244	400	157	|
|169	361	108	192	352	228	84	453	262	72	100	88	140	68	452	279	348	227	256	191	280	344	303	196	140	481	394	429	229	148	407	451	336	362	239	210	0	318	95	231	164	79	111	100	325	258	|
|200	101	388	150	53	148	274	283	153	252	355	325	181	272	210	189	245	443	270	169	286	480	95	135	243	311	186	325	415	308	115	275	177	109	168	113	318	0	352	230	187	323	351	357	498	225	|
|247	370	186	205	374	228	175	421	254	112	5	182	175	86	443	356	312	132	206	193	226	251	311	253	226	447	382	382	134	83	421	421	320	418	313	239	95	352	0	196	237	30	19	6	230	224	|
|260	201	337	107	226	84	256	226	81	169	195	297	145	163	252	337	118	234	45	83	68	251	150	213	274	253	190	199	199	117	254	226	128	329	294	148	231	230	196	0	240	178	184	198	272	29	|
|20	264	207	140	234	180	95	411	216	127	241	143	97	153	372	120	329	361	283	159	308	448	217	53	56	441	327	419	348	238	296	406	285	202	77	117	164	187	237	240	0	208	245	242	446	257	|
|219	344	181	177	346	202	152	404	230	82	34	167	145	56	420	328	295	156	193	166	215	265	284	223	201	430	359	369	152	74	394	404	298	388	285	210	79	323	30	178	208	0	37	35	250	206	|
|256	364	205	202	370	222	188	408	246	118	15	199	177	92	433	364	298	119	191	188	210	233	305	257	238	433	371	366	118	68	415	408	309	421	321	238	111	351	19	184	245	37	0	17	214	212	|
|253	374	190	210	378	232	180	423	257	117	2	187	180	91	446	362	313	127	206	197	226	246	315	258	232	448	384	382	130	83	425	423	322	423	319	244	100	357	6	198	242	35	17	0	225	226	|
|460	469	408	356	498	351	402	422	353	322	225	412	359	296	494	563	330	102	239	333	235	54	422	444	449	436	436	348	98	208	521	427	381	591	518	400	325	498	230	272	446	250	214	225	0	285	|
|278	184	364	119	215	87	280	198	72	195	224	323	165	190	227	348	90	255	46	98	61	259	139	226	294	225	165	172	219	145	237	197	103	329	306	157	258	225	224	29	257	206	212	226	285	0	|

--------------------------------------------------------------------------------
Building model...
	using lazy and cut (CVRPSEP package)
Solving IRP LP...
--------------------------------------------------------------------------------

Gurobi 9.1.0 (linux64) logging started Sat Feb  6 16:08:36 2021

Gurobi Optimizer version 9.1.0 build v9.1.0rc0 (linux64)
Thread count: 32 physical cores, 32 logical processors, using up to 2 threads
Optimize a model with 1432 rows, 10318 columns and 23986 nonzeros
Model fingerprint: 0xfa1209fd
Variable types: 589 continuous, 9729 integer (414 binary)
Coefficient statistics:
  Matrix range     [1e+00, 8e+06]
  Objective range  [1e-01, 6e+02]
  Bounds range     [1e+00, 3e+02]
  RHS range        [1e+00, 6e+03]
Presolve removed 427 rows and 600 columns
Presolve time: 0.17s
Presolved: 1005 rows, 9718 columns, 21339 nonzeros
Variable types: 356 continuous, 9362 integer (8942 binary)

Root relaxation: objective 1.306867e+04, 976 iterations, 0.03 seconds

    Nodes    |    Current Node    |     Objective Bounds      |     Work
 Expl Unexpl |  Obj  Depth IntInf | Incumbent    BestBd   Gap | It/Node Time

     0     0 13068.6724    0  122          - 13068.6724      -     -    0s
     0     0 13348.6522    0  121          - 13348.6522      -     -    0s
     0     0 13348.6522    0  124          - 13348.6522      -     -    0s
     0     0 13836.3654    0  210          - 13836.3654      -     -    0s
     0     0 13954.2957    0  176          - 13954.2957      -     -    0s
     0     0 13962.4647    0  207          - 13962.4647      -     -    0s
     0     0 13963.1838    0  218          - 13963.1838      -     -    1s
     0     0 13963.1838    0  218          - 13963.1838      -     -    1s
     0     0 14093.9658    0  269          - 14093.9658      -     -    1s
     0     0 14102.7434    0  256          - 14102.7434      -     -    1s
     0     0 14103.0767    0  266          - 14103.0767      -     -    1s
     0     0 14173.3545    0  322          - 14173.3545      -     -    1s
     0     0 14215.5471    0  347          - 14215.5471      -     -    1s
     0     0 14255.3909    0  324          - 14255.3909      -     -    1s
     0     0 14267.1364    0  366          - 14267.1364      -     -    1s
     0     0 14268.7061    0  361          - 14268.7061      -     -    1s
     0     0 14268.7068    0  362          - 14268.7068      -     -    2s
     0     0 14316.0645    0  349          - 14316.0645      -     -    2s
     0     0 14322.4809    0  318          - 14322.4809      -     -    2s
     0     0 14325.1951    0  343          - 14325.1951      -     -    2s
     0     0 14325.4272    0  360          - 14325.4272      -     -    2s
     0     0 14350.7344    0  357          - 14350.7344      -     -    2s
     0     0 14354.1910    0  241          - 14354.1910      -     -    2s
     0     0 14360.1964    0  373          - 14360.1964      -     -    3s
     0     0 14368.4807    0  391          - 14368.4807      -     -    3s
     0     0 14371.1047    0  450          - 14371.1047      -     -    3s
     0     0 14371.7059    0  462          - 14371.7059      -     -    3s
     0     0 14378.5052    0  351          - 14378.5052      -     -    3s
     0     0 14380.4148    0  372          - 14380.4148      -     -    3s
     0     0 14383.2871    0  283          - 14383.2871      -     -    4s
     0     0 14385.1825    0  348          - 14385.1825      -     -    4s
     0     0 14385.4696    0  357          - 14385.4696      -     -    4s
     0     0 14385.4696    0  353          - 14385.4696      -     -    4s
     0     2 14394.7486    0  309          - 14394.7486      -     -    5s
    76    84 14792.9606   19  162          - 14415.0045      -   282   10s
   250   274 15870.1186   79   93          - 14415.0045      -   185   15s
H  468   488                    16759.370000 14415.0045  14.0%   124   17s
   495   444     cutoff  178      16759.3700 14416.1010  14.0%   120   22s
   556   526 14537.9892    7  389 16759.3700 14416.1010  14.0%   118   25s
   638   570 14674.0724   16  300 16759.3700 14416.1010  14.0%   123   30s
   685   623 14848.7088   36  224 16759.3700 14416.1010  14.0%   138   35s
H  724   619                    16645.370000 14416.1010  13.4%   141   39s
   726   620 15485.8152   44  247 16645.3700 14416.1010  13.4%   140   41s
   741   630 14571.3085   19  479 16645.3700 14462.4153  13.1%   138   45s
   753   638 16511.4113  205  466 16645.3700 14477.4123  13.0%   135   50s
   762   644 16137.6023  141  507 16645.3700 14483.4177  13.0%   134   55s
   768   648 15593.6113   96  487 16645.3700 14483.6340  13.0%   133   60s
   771   653 14505.2587   15  409 16645.3700 14490.9327  12.9%   146   65s
   786   663 14606.3958   18  343 16645.3700 14502.6998  12.9%   156   70s
   810   681 14731.6948   25  217 16645.3700 14502.6998  12.9%   167   75s
   841   702 14780.4665   34  257 16645.3700 14502.6998  12.9%   176   80s
   867   726 14906.5546   40  222 16645.3700 14502.6998  12.9%   182   85s
   903   749 14989.4836   49  256 16645.3700 14502.6998  12.9%   188   91s
   931   768 15040.9827   56  257 16645.3700 14502.6998  12.9%   191   96s
   959   792 15132.7470   63  248 16645.3700 14502.6998  12.9%   192  100s
  1013   843 15304.4652   75  224 16645.3700 14502.6998  12.9%   191  105s
  1079   871 15348.2644   91  168 16645.3700 14502.6998  12.9%   189  111s
  1132   928 15533.9538  100   87 16645.3700 14502.6998  12.9%   188  116s
  1211   972 15593.4884  116  130 16645.3700 14502.6998  12.9%   185  121s
  1269   974 15887.3320  134  151 16645.3700 14502.6998  12.9%   184  126s
  1271   975 15887.7889  135  154 16645.3700 14502.6998  12.9%   184  134s
  1273   999 16010.2886  135  160 16645.3700 14502.6998  12.9%   184  136s
  1331  1041 16080.1553  161  156 16645.3700 14502.6998  12.9%   184  140s
  1421  1079 14740.6936   25  490 16645.3700 14502.6998  12.9%   181  145s
  1494  1154 16472.6793  233  103 16645.3700 14502.6998  12.9%   180  152s
  1599  1158 16480.8970  277  145 16645.3700 14532.3956  12.7%   176  157s
  1684  1151 14594.8104   17  511 16645.3700 14532.3956  12.7%   171  160s
  1726  1189 14706.2396   21  349 16645.3700 14532.3956  12.7%   174  165s
  1791  1237 14767.6805   27  346 16645.3700 14532.3956  12.7%   174  171s
  1879  1311 14893.9001   32  370 16645.3700 14532.3956  12.7%   174  177s
  1930  1353 14896.1878   38  400 16645.3700 14532.3956  12.7%   174  182s
  1989  1408 15024.1945   44  124 16645.3700 14532.3956  12.7%   173  187s
  2117  1408 15043.3064   69   67 16645.3700 14532.3956  12.7%   167  191s
  2181  1438 15201.0552   95  182 16645.3700 14532.3956  12.7%   167  195s
  2295  1542 15430.6360  161   51 16645.3700 14532.3956  12.7%   164  200s
  2396  1693 16030.5269  177   56 16645.3700 14532.3956  12.7%   161  205s
  2554  1856 16156.2837  199   82 16645.3700 14557.1532  12.5%   155  210s
  2847  1819 14725.7636   20  348 16645.3700 14557.1532  12.5%   142  216s
  2898  1915 14947.8123   36  131 16645.3700 14557.1532  12.5%   145  222s
  2966  2082 15115.4530   71  102 16645.3700 14557.1532  12.5%   145  227s
  3133  2306 15314.1238  129   61 16645.3700 14557.1532  12.5%   140  234s
  3238  2306 15344.3711  231   43 16645.3700 14557.1532  12.5%   137  235s
  3380  2408 16196.9991  259   32 16645.3700 14558.0014  12.5%   133  240s
  3509  2429     cutoff  360      16645.3700 14570.4793  12.5%   131  245s
  3573  2620 15034.7184   41  271 16645.3700 14570.4793  12.5%   133  255s
  3748  2716 15335.4211   71  255 16645.3700 14570.4793  12.5%   130  261s
  3840  2788 15978.8028  154  141 16645.3700 14578.9071  12.4%   130  267s
  3925  2842 14906.4247   28  238 16645.3700 14578.9071  12.4%   130  274s
  3962  2842 14981.1764   36  234 16645.3700 14578.9071  12.4%   130  275s
  3979  2983 15288.6937   65  155 16645.3700 14594.8577  12.3%   130  281s
  4142  3035 14757.6631   19  522 16645.3700 14594.8577  12.3%   128  287s
  4194  3205 14950.3347   24  266 16645.3700 14594.8577  12.3%   130  294s
  4328  3205 15584.8789  156  106 16645.3700 14594.8577  12.3%   129  296s
  4364  3530 15252.7000   32  181 16645.3700 14598.1405  12.3%   129  303s
  4745  3562 14667.3319   19  513 16645.3700 14598.5878  12.3%   121  311s
  4778  3631 14976.7455   36  340 16645.3700 14598.5878  12.3%   123  315s
  4847  3787 15683.7801   70  160 16645.3700 14598.5878  12.3%   124  324s
  4910  3787 16117.9922  133   99 16645.3700 14598.5878  12.3%   123  325s
  5003  3843 16238.9522  148   82 16645.3700 14602.2506  12.3%   122  331s
  5083  3979 15093.2675   30  340 16645.3700 14605.9161  12.3%   123  338s
  5209  3979 16339.3687  130   18 16645.3700 14605.9161  12.3%   123  340s
  5219  4110 15566.5646   60  182 16645.3700 14605.9492  12.3%   123  347s
  5389  4140     cutoff  166      16645.3700 14606.4109  12.2%   122  354s
  5421  4184 14798.1841   32  433 16645.3700 14606.4524  12.2%   123  365s
  5466  4481 15242.0878   57  204 16645.3700 14608.8712  12.2%   125  382s
  5746  4482 16006.1371  124   17 16645.3700 14623.7236  12.1%   121  385s
* 5792  4402             239    16537.670000 14629.4616  11.5%   121  392s
  5836  4510 14963.1873   23  212 16537.6700 14629.5061  11.5%   123  420s
  5944  4606 15640.4419   39  158 16537.6700 14629.5270  11.5%   123  430s
  6085  4804 14860.5966   27  501 16537.6700 14629.7266  11.5%   124  439s
  6127  4804 15448.4787   69  119 16537.6700 14629.7266  11.5%   124  440s
  6301  4936 15592.6052   80  100 16537.6700 14630.6046  11.5%   123  449s
  6371  4936 16319.4361  150   77 16537.6700 14630.6046  11.5%   122  450s
  6458  5107 14857.7205   29  405 16537.6700 14630.6046  11.5%   122  458s
  6587  5107 16045.4089  151  122 16537.6700 14630.6046  11.5%   122  460s
  6640  5197 15395.4492   53  264 16537.6700 14631.6898  11.5%   122  467s
  6745  5415 14924.1102   26  271 16537.6700 14631.6898  11.5%   123  476s
  6963  5643 15175.0830  109   40 16537.6700 14631.7044  11.5%   122  486s
  7264  5789 16180.7700  177    - 16537.6700 14633.7942  11.5%   119  498s
  7396  5791 15843.2858  123  163 16537.6700 14633.7942  11.5%   121  500s
  7406  5944 infeasible  177      16537.6700 14634.6770  11.5%   120  509s
  7447  5944 15177.9466   59  230 16537.6700 14634.6770  11.5%   121  510s
  7575  6118 15334.2054   69  159 16537.6700 14636.9233  11.5%   121  522s
  7779  6251 15200.6941   32  252 16537.6700 14637.6075  11.5%   121  533s
  7912  6364 16154.3247   71   96 16537.6700 14638.0308  11.5%   122  543s
  8039  6551 15307.9291   41  338 16537.6700 14638.0308  11.5%   124  554s
  8088  6551 16412.0218   90  227 16537.6700 14638.0308  11.5%   124  555s
  8284  6658 16416.9550   92  166 16537.6700 14641.2251  11.5%   123  565s
  8404  6840 16078.6077   95  105 16537.6700 14643.1144  11.5%   124  576s
  8629  7027 16494.2153  126   79 16537.6700 14649.4816  11.4%   124  589s
  8681  7027 15446.9948   70   77 16537.6700 14649.4816  11.4%   124  590s
  8844  7155     cutoff  136      16537.6700 14653.7657  11.4%   123  601s
  8986  7275 15486.1669   68  205 16537.6700 14654.8673  11.4%   124  612s
  9121  7367 14901.4744   27  343 16537.6700 14656.4830  11.4%   125  623s
  9227  7575 15138.4201   35  199 16537.6700 14656.4830  11.4%   126  634s
  9269  7575 15756.5544   49  165 16537.6700 14656.4830  11.4%   127  635s
  9449  7761 16077.2884   60   85 16537.6700 14660.0832  11.4%   126  649s
  9546  7761 15031.6659   38  203 16537.6700 14660.0832  11.4%   126  650s
  9663  8055 15458.5014   73   90 16537.6700 14660.0913  11.4%   127  663s
 10041  8151     cutoff  135      16537.6700 14660.8932  11.3%   124  681s
 10129  8308 15359.4349   49  260 16537.6700 14663.2340  11.3%   125  692s
 10333  8500 15065.3149   35  300 16537.6700 14666.0390  11.3%   125  703s
 10464  8507 16520.1733  155    9 16537.6700 14666.0390  11.3%   124  705s
 10553  8650 infeasible  158      16537.6700 14666.2044  11.3%   125  716s
 10712  8727 15036.1919   31  295 16537.6700 14666.3447  11.3%   125  726s
 10789  8920 15382.0615   43  366 16537.6700 14666.7812  11.3%   126  740s
 11043  9013     cutoff   80      16537.6700 14667.0375  11.3%   125  752s
 11136  9160 15444.4189   60  168 16537.6700 14667.5768  11.3%   127  763s
 11254  9161 15794.1440   97  133 16537.6700 14668.1475  11.3%   127  765s
 11311  9240 16477.6075  137   14 16537.6700 14668.1508  11.3%   127  774s
 11399  9425 15113.5168   49  242 16537.6700 14669.9967  11.3%   127  786s
 11608  9496 14909.8259   29  380 16537.6700 14670.1310  11.3%   127  797s
 11679  9652 15550.4504   70  228 16537.6700 14670.5800  11.3%   128  807s
 11855  9741 14833.7287   25  342 16537.6700 14672.0852  11.3%   129  820s
 11944  9985 15104.2422   46  118 16537.6700 14672.0852  11.3%   130  833s
 12108  9985 15205.4194   84   38 16537.6700 14672.0852  11.3%   130  835s
 12192 10247 15350.3892   97   52 16537.6700 14672.3010  11.3%   130  849s
 12276 10247 15639.2619  139   50 16537.6700 14672.3010  11.3%   129  850s
 12633 10412 15137.1588   28   72 16537.6700 14674.9692  11.3%   128  862s
 12812 10605 14905.0758   27  347 16537.6700 14677.1544  11.3%   128  876s
 13030 10731 14759.0340   22  442 16537.6700 14677.9106  11.2%   128  888s
 13168 10917 15209.5546   44  333 16537.6700 14680.0638  11.2%   128  900s
 13368 11041 14796.1330   25  281 16537.6700 14680.2603  11.2%   128  913s
 13511 11118 15789.4479   98   74 16537.6700 14681.5010  11.2%   128  925s
 13611 11359 14867.7658   37  181 16537.6700 14682.8278  11.2%   129  938s
 13758 11360 15309.5930  155   14 16537.6700 14682.8278  11.2%   128  940s
 13877 11585     cutoff  176      16537.6700 14683.3658  11.2%   129  952s
 14179 11712 infeasible  181      16537.6700 14684.0416  11.2%   128  964s
 14215 11712     cutoff  156      16537.6700 14684.3109  11.2%   128  965s
 14324 11888 15278.8155   58  259 16537.6700 14686.6861  11.2%   128  976s
 14517 11988 14921.2847   19  494 16537.6700 14686.6861  11.2%   128  988s
 14623 12242 15494.6687   56  222 16537.6700 14687.0438  11.2%   129 1002s
 14866 12250 15966.8310  145   18 16537.6700 14688.2495  11.2%   128 1005s
 14967 12316     cutoff  126      16537.6700 14688.8751  11.2%   128 1015s
H14968 12308                    16534.670000 14688.8751  11.2%   128 1015s
 15036 12512 15310.4391   49  324 16534.6700 14689.4044  11.2%   129 1026s
 15250 12705 16370.0696  142  114 16534.6700 14689.9857  11.2%   129 1040s
 15472 12896 15198.5009   48  252 16534.6700 14690.7499  11.2%   128 1053s
 15601 12896 15999.3301  115  103 16534.6700 14690.8341  11.2%   128 1055s
 15698 13007 14923.7535   23  329 16534.6700 14690.8341  11.2%   128 1067s
 15826 13166 15710.7161   58  135 16534.6700 14693.7223  11.1%   128 1078s
 15967 13168 15735.8316   79   24 16534.6700 14694.0547  11.1%   128 1080s
 16023 13333 infeasible  114      16534.6700 14694.4903  11.1%   128 1090s
 16204 13492 15409.8992   55   42 16534.6700 14694.5861  11.1%   128 1103s
 16349 13495 16469.0524  131   84 16534.6700 14697.1722  11.1%   128 1105s
 16381 13600     cutoff  156      16534.6700 14697.2211  11.1%   128 1116s
H16384 13357                    16475.580000 14697.2211  10.8%   128 1116s
 16504 13446 15441.5388   43  250 16475.5800 14699.2529  10.8%   129 1128s
 16617 13579 15075.3708   41  254 16475.5800 14699.6581  10.8%   129 1140s
 16785 13662 infeasible  111      16475.5800 14701.2744  10.8%   129 1154s
 16870 13807 15842.4791   68  105 16475.5800 14702.1822  10.8%   130 1167s
 17057 14004     cutoff  108      16475.5800 14703.4829  10.8%   130 1181s
 17267 14230 15387.0222   59  229 16475.5800 14704.7727  10.7%   129 1196s
 17532 14359     cutoff  229      16475.5800 14705.9103  10.7%   129 1211s
 17680 14474 14838.0881   24  338 16475.5800 14706.3060  10.7%   129 1224s
 17724 14474 15822.9949   68   91 16475.5800 14706.3060  10.7%   129 1225s
 17829 14648 15968.0744   71  183 16475.5800 14707.0947  10.7%   129 1236s
 18037 14710 16153.5440  106   53 16475.5800 14707.7511  10.7%   129 1251s
 18132 14867 15549.2582   40  359 16475.5800 14708.4658  10.7%   129 1262s
 18315 15049 15138.2671   30  350 16475.5800 14709.3160  10.7%   129 1275s
 18550 15128 15069.8721   22  308 16475.5800 14709.3825  10.7%   129 1287s
 18632 15262 16321.9656   82   95 16475.5800 14710.2616  10.7%   130 1299s
 18654 15262 16427.2898  103   90 16475.5800 14710.2616  10.7%   130 1300s
 18818 15376 14770.8807   20  328 16475.5800 14713.4210  10.7%   130 1312s
H18921 15074                    16436.100000 14713.4210  10.5%   130 1313s
 18941 15111     cutoff  117      16436.1000 14713.7301  10.5%   130 1325s
H18948 14900                    16413.720000 14713.7301  10.4%   130 1325s
 18980 15052 15124.0937   44  330 16413.7200 14713.7635  10.4%   131 1337s
 19180 15188     cutoff  116      16413.7200 14714.3808  10.4%   130 1349s
 19317 15385 15155.6192   44  265 16413.7200 14714.5395  10.4%   131 1363s
 19465 15385 16350.9857  192   96 16413.7200 14714.5395  10.4%   130 1365s
 19550 15457 14850.5291   25  447 16413.7200 14715.5056  10.3%   130 1376s
 19623 15618 15386.9764   52  364 16413.7200 14716.7923  10.3%   131 1389s
 19805 15677 14879.2056   21  467 16413.7200 14716.9971  10.3%   131 1402s
 19864 15948 15043.9037   35  235 16413.7200 14716.9971  10.3%   132 1416s
 20135 16209 15278.1160   66  100 16413.7200 14716.9971  10.3%   131 1430s
 20437 16450 15941.7027  139   89 16413.7200 14717.3231  10.3%   131 1459s
 20545 16450 15160.7877   39  148 16413.7200 14717.3231  10.3%   131 1460s
 20699 16581 15221.5832   43  121 16413.7200 14717.5426  10.3%   130 1475s
 20874 16620 14984.1711   30  329 16413.7200 14718.1283  10.3%   130 1489s
H20896 16503                    16399.470000 14718.1283  10.3%   131 1489s
 20911 16594 15097.8312   36  218 16399.4700 14718.1283  10.3%   131 1501s
 21002 16710 15973.7713   69   64 16399.4700 14718.8759  10.2%   131 1513s
 21189 16899 16363.2600   98   24 16399.4700 14719.2318  10.2%   131 1529s
 21257 16899 15583.4053   77   69 16399.4700 14719.2318  10.2%   131 1530s
 21416 16948 14804.7863   25  455 16399.4700 14719.7975  10.2%   131 1542s
 21465 17038 16007.5244   52  180 16399.4700 14719.9147  10.2%   132 1554s
H21511 15001                    16173.250000 14720.2419  8.98%   132 1554s
 21532 15001 16093.7897   80   39 16173.2500 14720.2419  8.98%   132 1555s
 21578 15042 15138.6982   33  419 16173.2500 14720.2419  8.98%   132 1566s
 21663 15086 15907.5008   66  242 16173.2500 14721.4765  8.98%   132 1578s
 21716 15176 14931.6835   32  321 16173.2500 14721.4765  8.98%   133 1591s
 21806 15287 14986.2769   33  351 16173.2500 14721.4765  8.98%   133 1604s
 21892 15289 16164.5186  122    4 16173.2500 14721.4765  8.98%   133 1605s
 21944 15344 15721.1227   75  151 16173.2500 14721.4765  8.98%   133 1617s
 22021 15452 15258.0916   28  208 16173.2500 14722.0104  8.97%   134 1630s
 22152 15495 16142.3550   56   23 16173.2500 14722.7199  8.97%   134 1641s
 22210 15576 15370.7814   43  331 16173.2500 14722.7199  8.97%   135 1652s
 22302 15696     cutoff   92      16173.2500 14722.8009  8.97%   136 1668s
 22522 15830 15234.2372   50  263 16173.2500 14723.1917  8.97%   136 1681s
 22683 15946 15247.4171   38  250 16173.2500 14723.2852  8.97%   136 1694s
 22740 15946 15930.5016   95   25 16173.2500 14723.2852  8.97%   136 1695s
 22812 16057 16086.3700  104    - 16173.2500 14723.4145  8.96%   136 1707s
 22949 16185 16096.1712  104   16 16173.2500 14725.0366  8.95%   136 1721s
 23115 16277 16133.0565   72   14 16173.2500 14725.3209  8.95%   136 1735s
 23224 16356     cutoff   74      16173.2500 14725.8207  8.95%   137 1748s
 23318 16465 15398.5938   53  153 16173.2500 14726.0427  8.95%   137 1761s
 23461 16660 15257.8180   41  194 16173.2500 14726.2772  8.95%   137 1776s
 23648 16899 15393.6502   56   55 16173.2500 14726.4859  8.95%   138 1791s
 23941 17047     cutoff  151      16173.2500 14726.8025  8.94%   137 1808s
 24115 17160 15565.2151   63  142 16173.2500 14727.1146  8.94%   137 1822s
 24254 17350     cutoff  118      16173.2500 14728.0280  8.94%   137 1836s
 24468 17433 15798.9900   75   50 16173.2500 14729.4632  8.93%   137 1850s
 24572 17486     cutoff  100      16173.2500 14729.8776  8.92%   137 1864s
 24632 17557 15054.7317   32  269 16173.2500 14730.1200  8.92%   137 1877s
 24715 17651 14771.0129   30  484 16173.2500 14730.2513  8.92%   138 1890s
 24809 17782 15419.9541   56  276 16173.2500 14730.2592  8.92%   138 1905s
 24970 17988 15045.2200   32  235 16173.2500 14730.4481  8.92%   139 1920s
 25199 18108 14837.2974   23  426 16173.2500 14730.7528  8.92%   138 1935s
 25336 18186 15865.6895   82   37 16173.2500 14730.9232  8.92%   138 1950s
 25423 18335 14994.6855   31  362 16173.2500 14730.9232  8.92%   138 1964s
 25451 18335 15201.4934   47   28 16173.2500 14730.9232  8.92%   139 1965s
 25580 18452 15635.9196   97   21 16173.2500 14731.5220  8.91%   138 1981s
 25735 18584     cutoff  125      16173.2500 14732.0039  8.91%   138 1995s
 25883 18668 15826.0066   94   75 16173.2500 14732.3273  8.91%   139 2009s
 25977 18783 15076.5781   35  424 16173.2500 14732.3273  8.91%   139 2022s
 26102 18872 15820.8873  111   48 16173.2500 14733.5818  8.90%   139 2037s
 26233 19050 15303.2864   49  253 16173.2500 14734.1797  8.90%   139 2051s
 26429 19234 15170.7831   40  209 16173.2500 14734.3461  8.90%   139 2067s
 26636 19269 15076.7643   33  348 16173.2500 14734.6930  8.89%   139 2091s
H26657 17891                    16058.250000 14734.6930  8.24%   139 2091s
 26670 17948 15567.2723   55  200 16058.2500 14736.0524  8.23%   139 2104s
 26742 18053 15033.3016   34  442 16058.2500 14736.1751  8.23%   140 2118s
 26885 18139 14888.1449   27  411 16058.2500 14736.3855  8.23%   140 2132s
 26971 18224 15711.3008   62  240 16058.2500 14736.5075  8.23%   140 2145s
 27074 18344 15214.2902   51  113 16058.2500 14736.9690  8.23%   141 2158s
 27230 18440 16017.3701   43  203 16058.2500 14737.8651  8.22%   141 2172s
 27354 18602 15017.7956   33  221 16058.2500 14738.3206  8.22%   141 2186s
 27536 18657 14995.1338   33  210 16058.2500 14738.4777  8.22%   141 2200s
 27591 18766 15579.3532   60  127 16058.2500 14739.8963  8.21%   141 2215s
 27733 18801 15170.8861   32  489 16058.2500 14739.9288  8.21%   141 2229s
 27768 18877 15334.4904   39  272 16058.2500 14739.9288  8.21%   142 2243s
 27850 19022 15829.4669   56  198 16058.2500 14740.1713  8.21%   142 2259s
 27959 19022 15491.6030   75   75 16058.2500 14740.1713  8.21%   142 2260s
 28051 19106 14891.6819   23  458 16058.2500 14740.5723  8.21%   142 2273s
 28151 19209 15591.0093   49  206 16058.2500 14740.7024  8.20%   143 2286s
 28274 19263     cutoff   97      16058.2500 14740.7252  8.20%   143 2300s
 28338 19406 15310.0991   45  377 16058.2500 14741.4424  8.20%   144 2313s
 28523 19483     cutoff   87      16058.2500 14741.8490  8.20%   144 2327s
 28628 19615 14945.2758   27  290 16058.2500 14742.3153  8.19%   144 2342s
 28769 19722 15732.6359   79  179 16058.2500 14742.9925  8.19%   144 2355s
 28895 19869 15504.3024   59  257 16058.2500 14743.1891  8.19%   144 2370s
 29062 20041 15346.9762   49  161 16058.2500 14743.6097  8.19%   144 2385s
 29282 20179 16052.5700  113    - 16058.2500 14743.8584  8.19%   144 2400s
 29430 20271     cutoff  113      16058.2500 14744.7859  8.18%   144 2416s
 29543 20309 15017.5451   29  431 16058.2500 14744.7859  8.18%   145 2429s
 29595 20370 15575.3714   38  370 16058.2500 14744.7859  8.18%   145 2441s
 29664 20495 15780.0791   44  264 16058.2500 14744.7859  8.18%   146 2456s
 29808 20558 15963.3348   51  210 16058.2500 14745.5099  8.17%   146 2468s
 29899 20729 15092.3559   41  255 16058.2500 14745.5572  8.17%   146 2484s
 30006 20734 15794.8768  103    9 16058.2500 14745.5572  8.17%   146 2485s
 30108 20808     cutoff  125      16058.2500 14746.5056  8.17%   146 2499s
 30167 20808 15801.7387   75   77 16058.2500 14747.8623  8.16%   146 2500s
 30203 20889 14853.9373   22  396 16058.2500 14747.8623  8.16%   147 2513s
 30304 20994 15845.7489   79  150 16058.2500 14748.2778  8.16%   147 2526s
 30427 21084 15651.4797   54  183 16058.2500 14748.4496  8.16%   147 2545s
 30539 21172 15291.4023   40  330 16058.2500 14748.7294  8.15%   147 2558s
 30659 21275 14887.6980   31  539 16058.2500 14748.8351  8.15%   148 2572s
 30768 21455 16034.1302   95   69 16058.2500 14749.0032  8.15%   148 2586s
 30984 21596 15516.6186  102   32 16058.2500 14749.3766  8.15%   148 2601s
 31166 21761 14853.5713   27  508 16058.2500 14750.0551  8.15%   148 2619s
 31241 21763     cutoff   82      16058.2500 14750.0812  8.15%   148 2620s
 31363 21851     cutoff   95      16058.2500 14750.1055  8.15%   148 2632s
 31460 21905 15293.0178   37  297 16058.2500 14750.1055  8.15%   148 2648s
 31530 21999 15240.5344   46  300 16058.2500 14750.8810  8.14%   148 2662s
 31654 22123 15582.0191   72  169 16058.2500 14751.0484  8.14%   149 2677s
 31810 22205 15272.9605   46  264 16058.2500 14751.1332  8.14%   149 2692s
 31895 22350 15352.8025   38  336 16058.2500 14751.3484  8.14%   149 2706s
 32068 22425 14931.3317   28  474 16058.2500 14751.4256  8.14%   149 2721s
 32144 22589 15482.0191   65  258 16058.2500 14751.8425  8.14%   149 2736s
 32339 22670 15613.8030   41  156 16058.2500 14752.2751  8.13%   149 2751s
 32448 22813 15073.3020   36  318 16058.2500 14752.4538  8.13%   149 2767s
 32613 22928 14965.1370   25  433 16058.2500 14752.7988  8.13%   149 2783s
 32728 22928 15731.1697  115   16 16058.2500 14752.7988  8.13%   149 2785s
 32749 23045 15899.3246   65  125 16058.2500 14753.2028  8.13%   150 2798s
 32884 23117 15407.0443   57  232 16058.2500 14753.5960  8.12%   150 2814s
 32982 23220 15761.0392   50  208 16058.2500 14753.7863  8.12%   150 2832s
 33111 23311 15640.0127   63  206 16058.2500 14754.3174  8.12%   150 2847s
 33216 23387     cutoff   82      16058.2500 14754.3225  8.12%   151 2862s
