




arguments: ./build/irp_solver -f ./input/SF-15.cfg
Current dir: /scratch/mardar/irp_lp_solver-master
File verbosity level: 9
date       time         ( uptime  ) [ thread name/id ]                   file:line     v| 
2020-12-09 20:35:23.117 (   0.034s) [main thread     ]             loguru.cpp:789   INFO| Logging to './output/SF/OU/15/execution_09_12_2020_20_35_23.log', mode: 'a', verbosity: 9
--------------------------------------------------------------------------------
Parameters
                           instance_path                   ./input/Instances/15/
                            model_policy                                       1
                             nb_vehicles                                       1
                              output_dir                      ./output/SF/OU/15/
                            sec_strategy                                       1
                       solver_nb_threads                                       2
                         solver_show_log                                   false
                       solver_time_limit                                    3600
--------------------------------------------------------------------------------
executing instance: ./input/Instances/15/absH6high_2n20_15.dat
--------------------------------------------------------------------------------
Instance details
n	21
H	6
C	1668
Li:
[0, 0, 0, 0, 0, 0, 0, 0, 0, 0, 0, 0, 0, 0, 0, 0, 0, 0, 0, 0, 0, ]
Ui:
[0, 22, 249, 66, 138, 48, 42, 93, 42, 126, 111, 184, 132, 154, 180, 168, 152, 243, 252, 222, 249, ]
Distance matrix:
|0	163	29	95	47	204	261	142	229	150	261	109	235	135	184	160	191	235	227	311	326	|
|163	0	190	133	122	43	133	210	389	86	385	96	396	157	218	294	147	166	68	228	178	|
|29	190	0	120	76	232	282	135	207	168	254	138	213	140	181	153	202	262	255	338	349	|
|95	133	120	0	60	162	262	224	277	172	252	39	284	197	258	166	232	142	179	219	312	|
|47	122	76	60	0	161	233	164	268	129	277	64	274	139	198	180	182	192	183	268	293	|
|204	43	232	162	161	0	130	250	428	120	413	123	434	195	254	327	175	156	25	207	157	|
|261	133	282	262	233	130	0	230	488	114	509	227	494	174	208	413	114	286	139	333	75	|
|142	210	135	224	164	250	230	0	305	135	385	219	309	58	49	285	118	345	275	419	305	|
|229	389	207	277	268	428	488	305	0	375	156	312	7	335	353	132	402	403	449	470	555	|
|150	86	168	172	129	120	114	135	375	0	405	145	381	77	134	306	64	247	144	313	184	|
|261	385	254	252	277	413	509	385	156	405	0	291	160	394	433	102	452	333	428	384	563	|
|109	96	138	39	64	123	227	219	312	145	291	0	319	184	247	204	208	129	140	205	274	|
|235	396	213	284	274	434	494	309	7	381	160	319	0	340	357	139	407	410	455	477	561	|
|135	157	140	197	139	195	174	58	335	77	394	184	340	0	64	292	69	304	219	375	249	|
|184	218	181	258	198	254	208	49	353	134	433	247	357	64	0	333	95	368	278	439	283	|
|160	294	153	166	180	327	413	285	132	306	102	204	139	292	333	0	350	276	344	340	471	|
|191	147	202	232	182	175	114	118	402	64	452	208	407	69	95	350	0	311	196	375	189	|
|235	166	262	142	192	156	286	345	403	247	333	129	410	304	368	276	311	0	151	77	303	|
|227	68	255	179	183	25	139	275	449	144	428	140	455	219	278	344	196	151	0	194	153	|
|311	228	338	219	268	207	333	419	470	313	384	205	477	375	439	340	375	77	194	0	334	|
|326	178	349	312	293	157	75	305	555	184	563	274	561	249	283	471	189	303	153	334	0	|

--------------------------------------------------------------------------------
Building model...
	using lazy and cut (CVRPSEP package)
Solving IRP LP...


Gurobi 9.1.0 (linux64) logging started Wed Dec  9 20:35:25 2020

================================================================================
executing instance: ./input/Instances/15/._absH3high_1n10.dat.1.dat.bak
Stack trace:
4             0x40c36a ./build/irp_solver() [0x40c36a]
3       0x2b872d5d3e0b __libc_start_main + 235
2             0x40b9f0 ./build/irp_solver() [0x40b9f0]
1             0x4199e0 ./build/irp_solver() [0x4199e0]
0             0x418d83 ./build/irp_solver() [0x418d83]
2020-12-09 20:36:15.505 (  52.422s) [main thread     ]                       :0     FATL| Signal: SIGSEGV
