




arguments: ./build/mirp_solver -f ./input/orig_exec_225.cfg
Current dir: /scratch/gui/bnc_mirp
File verbosity level: 9
date       time         ( uptime  ) [ thread name/id ]                   file:line     v| 
2021-01-10 12:38:37.865 (   0.444s) [main thread     ]             loguru.cpp:789   INFO| Logging to './output/vi_hc1_half/OU/V5/Original/execution_10_01_2021_12_38_37.log', mode: 'a', verbosity: 9
--------------------------------------------------------------------------------
Parameters
                           instance_path           ./input/Instances/Original/6/
                            model_policy                                       1
                             nb_vehicles                                       5
                              output_dir    ./output/vi_hc1_half/OU/V5/Original/
                            sec_strategy                                       1
                       solver_nb_threads                                       2
                         solver_show_log                                    true
                       solver_time_limit                                    3600
                              use_vi_cos                                   false
                              use_vi_cus                                   false
                         use_vi_hc1_full                                   false
                         use_vi_hc1_half                                    true
                      use_vi_hc1_quarter                                   false
                              use_vi_hc2                                   false
                              use_vi_hc3                                   false
                         use_vi_lex_full                                   false
                         use_vi_lex_half                                   false
                      use_vi_lex_quarter                                   false
                              use_vi_qua                                   false
                               use_vi_vc                                   false
                               use_vi_vr                                   false
--------------------------------------------------------------------------------
executing instance: ./input/Instances/Original/6/absH6high_1n25.dat
--------------------------------------------------------------------------------
Instance details
n	26
H	6
C	1711
Li:
[0, 0, 0, 0, 0, 0, 0, 0, 0, 0, 0, 0, 0, 0, 0, 0, 0, 0, 0, 0, 0, 0, 0, 0, 0, 0, ]
Ui:
[0, 168, 176, 34, 66, 36, 177, 106, 118, 182, 64, 141, 189, 63, 46, 111, 182, 231, 36, 66, 68, 54, 132, 90, 246, 75, ]
Distance matrix:
|0	191	200	231	334	329	146	196	208	245	218	164	283	394	151	358	156	196	309	253	201	260	127	138	130	104	|
|191	0	226	229	278	146	328	216	390	417	327	293	195	334	106	296	171	122	472	151	12	411	280	53	190	130	|
|200	226	0	38	149	359	321	10	276	274	418	364	139	204	121	173	321	115	303	141	225	236	155	202	311	256	|
|231	229	38	0	110	352	358	37	314	310	448	395	108	167	129	135	342	109	336	120	226	268	194	213	335	277	|
|334	278	149	110	0	367	467	147	422	413	546	495	86	61	203	25	423	163	429	129	271	363	303	282	424	361	|
|329	146	359	352	367	0	453	349	533	562	411	393	282	411	245	378	250	244	617	245	141	556	426	195	284	243	|
|146	328	321	358	467	453	0	321	162	215	160	112	425	524	297	491	223	341	284	397	339	266	186	276	184	210	|
|196	216	10	37	147	349	321	0	281	281	414	360	132	203	112	171	315	105	311	132	216	244	159	193	305	249	|
|208	390	276	314	422	533	162	281	0	54	321	271	410	471	316	445	348	348	123	398	398	115	125	338	313	309	|
|245	417	274	310	413	562	215	281	54	0	375	323	413	457	334	435	393	361	70	406	424	69	139	367	359	349	|
|218	327	418	448	546	411	160	414	321	375	0	57	484	606	347	569	163	393	444	446	339	421	318	288	137	199	|
|164	293	364	395	495	393	112	360	271	323	57	0	437	556	300	519	144	346	393	401	305	367	261	249	109	163	|
|283	195	139	108	86	282	425	132	410	413	484	437	0	139	137	101	349	91	443	44	187	375	286	206	355	291	|
|394	334	204	167	61	411	524	203	471	457	606	556	139	0	264	38	483	222	467	183	326	403	356	341	484	421	|
|151	106	121	129	203	245	297	112	316	334	347	300	137	264	0	225	220	46	381	102	106	316	195	84	221	158	|
|358	296	173	135	25	378	491	171	445	435	569	519	101	38	225	0	444	184	450	145	288	384	328	303	446	383	|
|156	171	321	342	423	250	223	315	348	393	163	144	349	483	220	444	0	261	460	308	183	415	284	143	39	65	|
|196	122	115	109	163	244	341	105	348	361	393	346	91	222	46	184	261	0	402	56	118	336	224	119	264	200	|
|309	472	303	336	429	617	284	311	123	70	444	393	443	467	381	450	460	402	0	442	477	68	192	424	426	413	|
|253	151	141	120	129	245	397	132	398	406	446	401	44	183	102	145	308	56	442	0	143	375	273	164	315	251	|
|201	12	225	226	271	141	339	216	398	424	339	305	187	326	106	288	183	118	477	143	0	416	286	63	202	142	|
|260	411	236	268	363	556	266	244	115	69	421	367	375	403	316	384	415	336	68	375	416	0	135	365	384	363	|
|127	280	155	194	303	426	186	159	125	139	318	261	286	356	195	328	284	224	192	273	286	135	0	232	256	229	|
|138	53	202	213	282	195	276	193	338	367	288	249	206	341	84	303	143	119	424	164	63	365	232	0	153	89	|
|130	190	311	335	424	284	184	305	313	359	137	109	355	484	221	446	39	264	426	315	202	384	256	153	0	64	|
|104	130	256	277	361	243	210	249	309	349	199	163	291	421	158	383	65	200	413	251	142	363	229	89	64	0	|

--------------------------------------------------------------------------------
Building model...
	using lazy and cut (CVRPSEP package)
Solving IRP LP...
--------------------------------------------------------------------------------

Gurobi 9.1.0 (linux64) logging started Sun Jan 10 12:38:38 2021

Gurobi Optimizer version 9.1.0 build v9.1.0rc0 (linux64)
Thread count: 32 physical cores, 32 logical processors, using up to 2 threads
Optimize a model with 2336 rows, 11462 columns and 29576 nonzeros
Model fingerprint: 0x69e70179
Variable types: 932 continuous, 10530 integer (780 binary)
Coefficient statistics:
  Matrix range     [1e+00, 3e+02]
  Objective range  [1e-01, 6e+02]
  Bounds range     [1e+00, 2e+02]
  RHS range        [1e+01, 3e+03]
Presolve removed 368 rows and 1592 columns
Presolve time: 0.07s
Presolved: 1968 rows, 9870 columns, 24294 nonzeros
Variable types: 840 continuous, 9030 integer (8340 binary)

Root relaxation: objective 1.504760e+04, 2969 iterations, 0.08 seconds

    Nodes    |    Current Node    |     Objective Bounds      |     Work
 Expl Unexpl |  Obj  Depth IntInf | Incumbent    BestBd   Gap | It/Node Time

     0     0 15047.5993    0  260          - 15047.5993      -     -    0s
     0     0 15359.2253    0  303          - 15359.2253      -     -    0s
     0     0 15385.6121    0  306          - 15385.6121      -     -    0s
     0     0 15386.1201    0  303          - 15386.1201      -     -    0s
     0     0 15386.1201    0  299          - 15386.1201      -     -    0s
     0     0 15739.5541    0  291          - 15739.5541      -     -    1s
     0     0 15816.4355    0  350          - 15816.4355      -     -    1s
     0     0 15830.7490    0  321          - 15830.7490      -     -    1s
     0     0 15835.0161    0  365          - 15835.0161      -     -    1s
     0     0 15907.8569    0  362          - 15907.8569      -     -    2s
     0     0 15916.5915    0  351          - 15916.5915      -     -    2s
     0     0 15926.3858    0  350          - 15926.3858      -     -    2s
     0     0 15928.0084    0  357          - 15928.0084      -     -    2s
     0     0 15928.8212    0  370          - 15928.8212      -     -    2s
     0     0 15928.8884    0  354          - 15928.8884      -     -    2s
     0     0 16285.2147    0  436          - 16285.2147      -     -    3s
     0     0 16323.0611    0  464          - 16323.0611      -     -    3s
     0     0 16344.5584    0  484          - 16344.5584      -     -    3s
     0     0 16345.3321    0  435          - 16345.3321      -     -    3s
     0     0 16515.9007    0  441          - 16515.9007      -     -    4s
     0     0 16586.8992    0  472          - 16586.8992      -     -    5s
     0     0 16620.1922    0  483          - 16620.1922      -     -    5s
     0     0 16623.1028    0  468          - 16623.1028      -     -    5s
     0     0 16629.0966    0  481          - 16629.0966      -     -    5s
     0     0 16654.1622    0  424          - 16654.1622      -     -    6s
     0     0 16676.5018    0  509          - 16676.5018      -     -    6s
     0     0 16699.3230    0  525          - 16699.3230      -     -    7s
     0     0 16706.0978    0  467          - 16706.0978      -     -    7s
     0     0 16715.1901    0  473          - 16715.1901      -     -    7s
     0     0 16723.4840    0  505          - 16723.4840      -     -    7s
     0     0 16723.7658    0  504          - 16723.7658      -     -    7s
     0     0 16832.1647    0  538          - 16832.1647      -     -    8s
     0     0 16842.9264    0  520          - 16842.9264      -     -    8s
     0     0 16844.6458    0  524          - 16844.6458      -     -    8s
     0     0 16936.0535    0  470          - 16936.0535      -     -    9s
     0     0 16942.3867    0  458          - 16942.3867      -     -    9s
     0     0 16977.1308    0  507          - 16977.1308      -     -    9s
     0     0 16982.4870    0  515          - 16982.4870      -     -    9s
     0     0 16982.6710    0  533          - 16982.6710      -     -   10s
     0     0 16995.3165    0  456          - 16995.3165      -     -   10s
     0     0 16996.2208    0  497          - 16996.2208      -     -   10s
     0     0 17003.7522    0  497          - 17003.7522      -     -   11s
     0     0 17003.7522    0  484          - 17003.7522      -     -   12s
     0     2 17005.9338    0  477          - 17005.9338      -     -   13s
     3     6 17118.2897    2  467          - 17017.9120      -  1324   15s
    15    18 17145.4900    5  547          - 17052.1304      -  1722   20s
    28    34 17206.7445    9  454          - 17052.1304      -  1374   25s
    74    77 17373.2620   18  508          - 17052.1304      -   816   30s
   124   131 17590.9386   37  429          - 17052.1304      -   656   35s
   158   158 17259.2425    4  438          - 17100.9726      -   629   40s
   199   203 17443.6144   12  454          - 17100.9726      -   611   45s
   268   274 17586.3055   19  452          - 17100.9726      -   534   51s
   306   320 17658.6805   27  470          - 17100.9726      -   500   57s
   355   368 17789.6562   35  356          - 17100.9726      -   465   60s
   404   444 17903.7311   43  370          - 17100.9726      -   438   66s
   498   537 18101.7992   55  382          - 17100.9726      -   388   70s
   607   595 18176.9406   69  303          - 17100.9726      -   349   75s
   672   629 infeasible   98               - 17118.2897      -   348   81s
   715   674 17390.9241   13  378          - 17118.2897      -   358   86s
   734   678 17625.3219   19  465          - 17118.2897      -   360   90s
   743   684 17347.4134   12  680          - 17278.8653      -   356   95s
   754   692 17649.2704   14  692          - 17320.3337      -   351  100s
   758   694 19730.6860  138  653          - 17323.8651      -   349  106s
   761   699 17336.3087   11  584          - 17326.1842      -   383  116s
   763   701 17338.8746   12  585          - 17338.8746      -   384  123s
   765   702 17417.2827   12  543          - 17339.0387      -   387  127s
   767   703 17341.3483   13  677          - 17340.3152      -   389  130s
   773   708 17392.0984   14  631          - 17372.7908      -   397  135s
   784   716 17407.5548   17  558          - 17389.1160      -   405  140s
   802   732 17424.3650   21  614          - 17389.1160      -   415  145s
   823   746 17497.6093   27  569          - 17389.1160      -   425  151s
   843   757 17693.5733   30  393          - 17389.1160      -   434  156s
   855   767 17665.2916   33  483          - 17389.1160      -   441  160s
   884   792 17888.1369   38  436          - 17389.1160      -   452  166s
   932   822 17912.5929   44  491          - 17389.1160      -   454  172s
   951   838 17943.5085   47  401          - 17389.1160      -   459  176s
   979   856 17983.7584   51  440          - 17389.1160      -   461  180s
  1006   871 18837.8934   88  271          - 17389.1160      -   467  185s
  1051   913 18290.8610   61  453          - 17389.1160      -   467  191s
  1075   921 18425.2192   65  414          - 17389.1160      -   466  196s
  1111   956 18919.4658   71  429          - 17389.1160      -   466  201s
  1169   998 19145.0360   82  400          - 17389.1160      -   459  207s
  1204  1026 19377.6406   92  298          - 17389.1160      -   454  210s
  1285  1088 19517.6427  106  296          - 17389.1160      -   443  216s
  1338  1117 19688.9408  113  276          - 17389.1160      -   436  220s
  1436  1199 20272.5861  128  311          - 17389.1160      -   426  227s
  1500  1239 19960.8185  138  271          - 17389.1160      -   417  231s
  1563  1276 20285.9186  149  323          - 17389.1160      -   410  245s
  1706  1380 20485.7284  175  251          - 17389.1160      -   393  253s
  1783  1376 infeasible  190               - 17389.1160      -   385  258s
  1832  1393 20766.7215  207  256          - 17389.1160      -   382  262s
  1866  1429 20882.5710  222  243          - 17389.1160      -   382  266s
  1915  1443 21127.8305  244  238          - 17389.1160      -   380  270s
  1949  1469 22077.9002  260  267          - 17389.1160      -   378  275s
  2016  1465 17709.9628   18  434          - 17392.1376      -   380  284s
  2031  1474 17757.3920   23  430          - 17392.1376      -   384  288s
  2045  1482 17878.4691   27  490          - 17392.1376      -   390  292s
  2058  1491 17939.3119   28  486          - 17392.1376      -   395  297s
  2071  1518 17910.3025   29  475          - 17392.1376      -   397  301s
  2102  1532 18069.2796   49  373          - 17392.1376      -   398  306s
  2127  1548 18179.2645   54  360          - 17392.1376      -   400  311s
  2151  1570 18226.4773   66  330          - 17392.1376      -   402  316s
  2181  1580 18442.3267   79  328          - 17392.1376      -   403  321s
  2205  1616 18519.2609   83  244          - 17392.1376      -   406  326s
  2249  1661 18801.0400   97  356          - 17392.1376      -   406  332s
  2311  1698 18844.2276  126  235          - 17392.1376      -   403  339s
  2370  1740 19091.5883  151  197          - 17392.1376      -   402  347s
  2438  1804 19403.2644  186  240          - 17392.1376      -   400  354s
  2507  1781 18517.1115   91  476          - 17392.1376      -   393  355s
  2525  1890 19761.8761  236  253          - 17392.1376      -   394  362s
  2656  1975 21050.3520  329  227          - 17392.1376      -   382  371s
  2828  2059 21937.8908  365  123          - 17392.1376      -   369  398s
  2932  2053 22397.4107  429  111          - 17392.1376      -   359  400s
  2978  2277 23193.7165  438  118          - 17392.1376      -   357  407s
  3220  2368 25002.7075  536   71          - 17392.2569      -   339  418s
  3329  2398 17795.0269   18  694          - 17392.2569      -   336  426s
  3359  2432 17872.3751   20  596          - 17392.2569      -   339  433s
  3393  2470 17802.4448   22  652          - 17392.2569      -   342  441s
  3431  2512 17871.4606   28  694          - 17392.2569      -   346  449s
  3473  2563 18024.2214   31  665          - 17392.2569      -   350  458s
  3524  2621 18030.2687   35  571          - 17392.2569      -   353  467s
  3582  2685 18167.4950   42  571          - 17392.2569      -   355  476s
  3646  2751 18464.9307   56  576          - 17392.2569      -   357  485s
  3714  2815 18582.5848   64  431          - 17392.2569      -   358  498s
  3778  2885 18721.5930   72  407          - 17392.2569      -   360  508s
  3848  2980 18837.4250   86  405          - 17392.2569      -   362  518s
  3943  3077 19100.8523  108  295          - 17392.2569      -   363  530s
  4040  3206 19472.4002  129  251          - 17392.2569      -   363  544s
  4119  3206 19776.4880  376  368          - 17392.2569      -   360  545s
  4169  3328 19675.8715  183  346          - 17392.2569      -   361  557s
  4291  3536 19732.2116  233  400          - 17392.2569      -   359  570s
  4499  3731 20117.6142  349  324          - 17392.2569      -   351  585s
  4696  4011 20686.7291  434  210          - 17392.2569      -   346  602s
  4841  4011 21140.7755  528  189          - 17392.2569      -   339  605s
  4985  4472 21927.8524  589  228          - 17392.2569      -   335  623s
  5037  4472 23068.5809  610  158          - 17392.2569      -   333  628s
  5172  4472 25094.9464  710  190          - 17392.2569      -   327  630s
  5479  4545 25645.3395  850   85          - 17401.9731      -   315  646s
  5582  4639 17827.1188   18  420          - 17401.9731      -   317  660s
  5680  4730 18252.1461   35  362          - 17401.9731      -   320  677s
  5781  4793 18532.2532   48  500          - 17401.9731      -   321  691s
  5874  4860 19013.5446   67  363          - 17401.9731      -   324  706s
  5941  4983 19279.3786   95  332          - 17401.9731      -   326  722s
  6064  5192 19795.8909  140  296          - 17401.9731      -   328  742s
  6275  5536 20270.8058  293  225          - 17401.9731      -   323  762s
  6441  5536 20951.4948  377  143          - 17401.9731      -   319  765s
  6621  6007 21382.6788  486  163          - 17401.9731      -   315  785s
  7112  6197 23222.7783  743  108          - 17417.3084      -   300  817s
  7354  6551 17909.9842   21  598          - 17417.3084      -   296  839s
  7720  6901 18132.8947   32  506          - 17417.3084      -   288  864s
  7820  6901 21079.1136  565  100          - 17417.3084      -   287  865s
  8133  6969 18480.7574   47  510          - 17417.3084      -   279  883s
  8201  7055 18840.1626   84  421          - 17417.3084      -   281  900s
  8291  7145 19169.8081  135  405          - 17417.3084      -   283  919s
  8324  7145 19286.0496  161  460          - 17417.3084      -   283  920s
  8383  7301 19502.5866  174  453          - 17417.3084      -   284  937s
  8539  7539 19776.3840  266  444          - 17417.3084      -   284  959s
  8578  7539 19866.5161  302  450          - 17417.3084      -   284  960s
  8779  7764 20225.8471  422  351          - 17417.3084      -   282  980s
  9004  8054 20521.0726  564  368          - 17417.3084      -   279 1000s
  9298  8417 20940.7696  703  298          - 17417.3084      -   275 1022s
  9594  8417 20184.0665  361  236          - 17417.3084      -   270 1027s
  9691  8919 22074.7816  786  266          - 17417.3084      -   269 1048s
  9791  8919 22357.3570  874  220          - 17417.3084      -   267 1050s
 10222  8919 23162.8824  568  104          - 17417.3084      -   260 1055s
 10247  9074 22789.6451  954  235          - 17425.5149      -   259 1070s
 10420  9127 18019.4068   17  550          - 17425.5149      -   259 1086s
 10475  9210 18291.8851   36  382          - 17425.5149      -   261 1102s
 10558  9358 18622.2425   59  334          - 17425.5149      -   263 1121s
 10722  9465 19909.6982  121  290          - 17427.1957      -   264 1140s
 10845  9659 17986.3236   29  632          - 17427.1957      -   264 1158s
 11041  9785 18203.8455   40  533          - 17427.1957      -   263 1177s
 11183  9836 18559.2012   58  379          - 17427.1957      -   264 1194s
 11234  9908 18662.4885   80  430          - 17427.1957      -   266 1208s
 11306 10096 19530.6255  100  365          - 17427.1957      -   268 1225s
 11494 10347 19858.1617  223  227          - 17427.1957      -   268 1243s
 11648 10347 20065.0311  359  215          - 17427.1957      -   266 1245s
 11751 10620 21189.6314  393  213          - 17428.0571      -   266 1265s
 12057 10741 17912.9600   19  567          - 17428.0571      -   263 1283s
 12178 10953 18321.6485   32  495          - 17428.0571      -   264 1300s
 12396 11133 18551.8276   48  398          - 17428.0571      -   263 1324s
 12585 11570 18931.8582   82  207          - 17428.0571      -   262 1349s
 12624 11570 19183.8579  101  216          - 17428.0571      -   262 1350s
 13057 11902 20053.2904  232  178          - 17428.2532      -   257 1375s
*13399 11307             437    23372.510000 17428.2532  25.4%   252 1379s
H13473 10756                    22607.869864 17428.4454  22.9%   252 1394s
 13494 10756 18112.4952   25  480 22607.8699 17428.4454  22.9%   253 1395s
 13505 10928 19107.8704   48  449 22607.8699 17428.4589  22.9%   253 1414s
 13590 10928 20505.8902  133  147 22607.8699 17428.4589  22.9%   253 1415s
 13699 11055 17798.0517   18  544 22607.8699 17428.4589  22.9%   253 1435s
 13826 11235 18685.2968   40  412 22607.8699 17428.4589  22.9%   253 1454s
 13894 11235 20110.0707  107  230 22607.8699 17428.4589  22.9%   253 1455s
 14024 11272 22267.6738  158  168 22607.8699 17440.8286  22.9%   252 1471s
 14073 11309 18121.2725   25  640 22607.8699 17440.8286  22.9%   253 1490s
 14110 11401 18124.6555   31  640 22607.8699 17440.8286  22.9%   255 1507s
 14202 11554 18357.0068   38  571 22607.8699 17440.8286  22.9%   255 1526s
 14355 11635 18521.5155   49  558 22607.8699 17440.8286  22.9%   255 1544s
 14452 11690 18680.0759   61  588 22607.8699 17440.8286  22.9%   256 1559s
 14507 11819 18915.5635   74  350 22607.8699 17440.8286  22.9%   257 1576s
 14636 11978 19079.8648   95  330 22607.8699 17440.8286  22.9%   257 1597s
 14795 12196 19149.0154  115  318 22607.8699 17440.8286  22.9%   257 1615s
 15013 12322 19257.4574  141  305 22607.8699 17440.8286  22.9%   256 1634s
 15116 12322 22113.2502  474  282 22607.8699 17440.8286  22.9%   256 1635s
 15169 12406 19344.6805  164  281 22607.8699 17440.8286  22.9%   255 1652s
 15253 12511 19425.3003  196  282 22607.8699 17440.8286  22.9%   257 1671s
H15259 11679                    22111.640000 17440.8286  21.1%   257 1671s
 15358 11797 19512.0443  235  288 22111.6400 17440.8286  21.1%   257 1690s
 15476 12015 19573.8584  255  295 22111.6400 17440.8286  21.1%   257 1710s
 15725 12088 21081.0094  293  268 22111.6400 17440.8286  21.1%   256 1733s
 15798 12153 21186.8548  323  269 22111.6400 17440.8286  21.1%   257 1751s
H15812 10865                    21433.200000 17440.8286  18.6%   257 1751s
H15859 10268                    21136.239959 17440.8286  17.5%   258 1751s
 15863 10251     cutoff  347      21136.2400 17457.3765  17.4%   258 1774s
H15908  9599                    20821.600000 17457.3765  16.2%   259 1774s
 15916  9660 18350.1304   34  546 20821.6000 17457.3765  16.2%   259 1791s
 15979  9825 19112.1639   69  342 20821.6000 17466.2450  16.1%   260 1812s
 16173  9840 18171.3851   25  714 20821.6000 17466.2450  16.1%   259 1834s
 16188  9886 18487.2775   36  530 20821.6000 17466.2450  16.1%   260 1856s
H16210  8729                    20426.210000 17466.2450  14.5%   260 1856s
 16234  8952 18893.7725   59  386 20426.2100 17466.2450  14.5%   260 1873s
 16333  8952 19629.4672  158  396 20426.2100 17466.2450  14.5%   259 1875s
 16457  9156 19700.1249  170  373 20426.2100 17466.3633  14.5%   259 1900s
 16709  9180 17869.8496   14  733 20426.2100 17484.5695  14.4%   257 1923s
 16733  9234 18417.4922   26  707 20426.2100 17484.5695  14.4%   259 1941s
 16787  9345 19184.6002   51  468 20426.2100 17484.8748  14.4%   260 1961s
 16922  9378 17906.8978   21  706 20426.2100 17484.8748  14.4%   261 1981s
 16957  9480 18504.4263   39  490 20426.2100 17484.8748  14.4%   262 2002s
 17059  9666 19144.9233   88  503 20426.2100 17498.8826  14.3%   263 2022s
 17271  9749 18199.0451   24  655 20426.2100 17506.8670  14.3%   262 2041s
 17354  9877 18907.2387   49  425 20426.2100 17506.8670  14.3%   263 2062s
 17495  9994     cutoff  112      20426.2100 17566.2392  14.0%   263 2083s
 17620 10049 18591.8767   39  646 20426.2100 17566.2392  14.0%   264 2102s
 17684 10099 19255.9756   78  491 20426.2100 17566.2392  14.0%   265 2122s
 17735 10191 19929.3905  110  373 20426.2100 17575.5899  14.0%   266 2142s
 17843 10301 18471.0605   33  611 20426.2100 17575.5899  14.0%   267 2164s
 17953 10559 19060.4689   62  436 20426.2100 17575.5899  14.0%   268 2189s
 18012 10559 20125.3498  106  173 20426.2100 17575.5899  14.0%   268 2190s
 18227 10641 19749.7679  121  368 20426.2100 17576.1541  14.0%   266 2211s
 18321 10697 17989.3601   19  685 20426.2100 17576.1541  14.0%   267 2231s
 18377 10793 18486.4084   41  555 20426.2100 17576.1541  14.0%   268 2253s
 18491 10876 19079.5131   67  468 20426.2100 17576.1541  14.0%   268 2272s
 18574 10941 20165.7825  133  346 20426.2100 17618.8008  13.7%   269 2293s
 18649 11000 18130.0782   25  641 20426.2100 17618.8008  13.7%   270 2316s
 18724 11036 18285.6807   33  691 20426.2100 17618.8008  13.7%   271 2334s
 18760 11102 18560.9477   42  529 20426.2100 17618.8008  13.7%   273 2354s
 18826 11169 18738.3157   54  482 20426.2100 17618.8008  13.7%   274 2376s
 18913 11233 18801.0215   67  380 20426.2100 17618.8008  13.7%   275 2396s
 18977 11354 19126.2667   82  434 20426.2100 17618.8008  13.7%   276 2414s
 19024 11354 18832.7638   63  532 20426.2100 17618.8008  13.7%   277 2415s
 19100 11454 19076.1440  106  362 20426.2100 17618.8008  13.7%   277 2435s
 19214 11564 19273.4591  132  353 20426.2100 17618.8008  13.7%   277 2454s
 19267 11564 19819.6750  158  352 20426.2100 17618.8008  13.7%   278 2455s
 19332 11671 19605.8036  162  302 20426.2100 17618.8008  13.7%   278 2475s
 19464 11765 19730.5792  203  321 20426.2100 17618.8008  13.7%   279 2496s
 19580 11892 19845.4361  246  290 20426.2100 17618.8008  13.7%   280 2518s
 19805 11961 19936.2261  303  325 20426.2100 17618.8008  13.7%   280 2540s
 20006 12021 20240.4849  390  279 20426.2100 17657.7909  13.6%   279 2561s
 20144 12064 18355.6496   33  525 20426.2100 17664.4481  13.5%   280 2581s
 20187 12121 18685.2525   43  525 20426.2100 17664.4481  13.5%   281 2602s
 20244 12238 19003.2416   62  422 20426.2100 17664.4481  13.5%   282 2622s
 20361 12463 19558.3936  129  306 20426.2100 17664.4481  13.5%   283 2647s
 20586 12614 19924.6928  282  278 20426.2100 17664.5095  13.5%   282 2670s
 20755 12786 18407.5566   29  699 20426.2100 17664.5095  13.5%   282 2694s
 20827 12786 20015.7186  145  374 20426.2100 17664.5095  13.5%   283 2695s
 20929 12996 18994.2982   68  573 20426.2100 17664.5095  13.5%   282 2718s
 21048 12996 20245.2670  278  371 20426.2100 17664.5095  13.5%   281 2720s
 21153 13173 19839.0324  150  417 20426.2100 17672.7066  13.5%   281 2743s
 21312 13173 18473.4349   22  632 20426.2100 17672.7066  13.5%   280 2745s
 21342 13228 18266.9532   25  767 20426.2100 17672.7066  13.5%   280 2766s
 21405 13260 18831.6743   50  617 20426.2100 17672.7066  13.5%   281 2788s
 21437 13408 19220.8789   70  552 20426.2100 17672.7066  13.5%   282 2810s
 21597 13459 20339.5162  153  330 20426.2100 17684.2795  13.4%   282 2844s
 21624 13459 18449.1242   41  623 20426.2100 17684.2795  13.4%   283 2845s
 21663 13635 18796.0347   32  636 20426.2100 17684.2795  13.4%   283 2867s
 21839 13655 20097.2332   68  431 20426.2100 17684.3993  13.4%   283 2891s
 21885 13685 18707.9501   19  582 20426.2100 17690.4619  13.4%   284 2916s
 21919 13744 19478.7983   29  453 20426.2100 17690.4619  13.4%   285 2941s
 21978 13800 19925.9140   41  551 20426.2100 17690.5171  13.4%   286 2968s
 22063 13826 18072.3925   23  803 20426.2100 17690.5171  13.4%   287 2992s
 22116 13878 18553.5892   38  750 20426.2100 17690.5171  13.4%   288 3015s
 22168 13927 19054.1981   74  388 20426.2100 17690.5171  13.4%   289 3044s
 22217 14116 19500.9658  110  425 20426.2100 17690.5171  13.4%   289 3067s
 22406 14177 20254.5428  272  394 20426.2100 17692.0344  13.4%   289 3092s
 22479 14415 18681.6475   31  683 20426.2100 17692.0344  13.4%   290 3120s
 22717 14703 19304.7823   60  483 20426.2100 17693.6271  13.4%   288 3147s
 23018 14733 18263.0897   25  764 20426.2100 17693.6271  13.4%   287 3173s
 23076 14817 18251.8700   30  589 20426.2100 17693.6271  13.4%   288 3199s
 23090 14817 19300.2066   47  539 20426.2100 17693.6271  13.4%   288 3200s
 23170 14875 18553.6058   37  637 20426.2100 17693.6271  13.4%   289 3225s
 23228 14948 18896.9918   52  303 20426.2100 17693.6271  13.4%   290 3250s
 23308 15062 19068.1299   72  203 20426.2100 17693.6271  13.4%   291 3274s
 23341 15062 19223.4264   89  220 20426.2100 17693.6271  13.4%   291 3275s
 23424 15253 19675.2767   99  322 20426.2100 17693.6271  13.4%   291 3304s
 23631 15328 19692.0741  149  290 20426.2100 17699.4764  13.3%   291 3331s
 23752 15443 18670.2578   46  566 20426.2100 17699.4764  13.3%   291 3355s
 23881 15582 19602.3078  117  386 20426.2100 17701.5409  13.3%   292 3381s
 24032 15670 18171.1273   24  617 20426.2100 17701.5409  13.3%   292 3408s
 24135 15845 19251.7298   60  448 20426.2100 17701.5409  13.3%   293 3437s
 24310 15894 20299.6396  170  437 20426.2100 17702.0811  13.3%   293 3464s
 24405 15970 18644.5587   44  429 20426.2100 17702.7640  13.3%   294 3492s
 24481 16221 19022.5169   84  381 20426.2100 17702.7640  13.3%   294 3520s
 24736 16479 20000.0003  243  219 20426.2100 17704.7441  13.3%   293 3549s
 24769 16479 19956.0201  269  198 20426.2100 17704.7441  13.3%   293 3550s
 25035 16597 19053.7597   47  570 20426.2100 17705.3112  13.3%   292 3578s
 25153 16716 19923.3997  111  374 20426.2100 17710.6271  13.3%   292 3600s

Cutting planes:
  User: 7847
  Gomory: 38
  Cover: 685
  Implied bound: 102
  Clique: 13
  MIR: 639
  Flow cover: 1086
  Zero half: 40
  Network: 2
  RLT: 626
  Relax-and-lift: 14
  Lazy constraints: 185

Explored 25304 nodes (7429236 simplex iterations) in 3601.54 seconds
Thread count was 2 (of 32 available processors)

Solution count 7: 20426.2 20821.6 21136.2 ... 23372.5

Time limit reached
Best objective 2.042621000000e+04, best bound 1.771062705606e+04, gap 13.2946%

User-callback calls 360153, time in user-callback 318.84 sec
================================================================================
executing instance: ./input/Instances/Original/6/absH6high_1n20.dat
--------------------------------------------------------------------------------
Instance details
n	21
H	6
C	1651
Li:
[0, 0, 0, 0, 0, 0, 0, 0, 0, 0, 0, 0, 0, 0, 0, 0, 0, 0, 0, 0, 0, ]
Ui:
[0, 36, 182, 182, 90, 261, 117, 30, 110, 42, 276, 153, 40, 94, 144, 46, 129, 213, 264, 160, 174, ]
Distance matrix:
|0	371	401	343	361	341	370	115	392	400	79	266	292	245	355	431	265	194	95	92	348	|
|371	0	37	141	110	250	117	438	67	131	372	305	115	238	247	255	235	296	392	430	185	|
|401	37	0	175	100	284	146	472	90	156	406	342	152	275	280	282	242	333	415	455	178	|
|343	141	175	0	239	110	38	374	95	60	314	182	67	130	106	127	318	201	397	423	303	|
|361	110	100	239	0	341	222	451	177	240	385	374	190	304	341	361	151	345	354	398	78	|
|341	250	284	110	341	0	143	337	203	151	289	102	152	97	15	95	394	156	415	431	398	|
|370	117	146	38	222	143	0	407	61	30	346	220	81	167	137	139	317	237	417	447	292	|
|115	438	472	374	451	337	407	0	443	434	66	241	339	251	351	431	374	181	201	177	450	|
|392	67	90	95	177	203	61	443	0	66	379	275	104	216	197	193	294	283	427	461	252	|
|400	131	156	60	240	151	30	434	66	0	374	237	112	189	142	127	344	261	448	477	312	|
|79	372	406	314	385	289	346	66	379	374	0	202	275	197	304	383	316	134	175	166	388	|
|266	305	342	182	374	102	220	241	275	237	202	0	191	70	117	196	386	73	352	359	415	|
|292	115	152	67	190	152	81	339	104	112	275	191	0	123	154	193	252	183	336	366	246	|
|245	238	275	130	304	97	167	251	216	189	197	70	123	0	110	187	322	72	319	334	346	|
|355	247	280	106	341	15	137	351	197	142	304	117	154	110	0	80	399	171	427	444	400	|
|431	255	282	127	361	95	139	431	193	127	383	196	193	187	80	0	444	251	499	519	429	|
|265	235	242	318	151	394	317	374	294	344	316	386	252	322	399	444	0	332	226	273	97	|
|194	296	333	201	345	156	237	181	283	261	134	73	183	72	171	251	332	0	279	286	375	|
|95	392	415	397	354	415	417	201	427	448	175	352	336	319	427	499	226	279	0	47	321	|
|92	430	455	423	398	431	447	177	461	477	166	359	366	334	444	519	273	286	47	0	368	|
|348	185	178	303	78	398	292	450	252	312	388	415	246	346	400	429	97	375	321	368	0	|

--------------------------------------------------------------------------------
Building model...
	using lazy and cut (CVRPSEP package)
Solving IRP LP...
--------------------------------------------------------------------------------

Gurobi 9.1.0 (linux64) logging started Sun Jan 10 13:38:52 2021

Gurobi Optimizer version 9.1.0 build v9.1.0rc0 (linux64)
Thread count: 32 physical cores, 32 logical processors, using up to 2 threads
Optimize a model with 1869 rows, 7677 columns and 20259 nonzeros
Model fingerprint: 0xe4d33249
Variable types: 747 continuous, 6930 integer (630 binary)
Coefficient statistics:
  Matrix range     [1e+00, 3e+02]
  Objective range  [1e-01, 5e+02]
  Bounds range     [1e+00, 3e+02]
  RHS range        [1e+01, 3e+03]
Presolve removed 333 rows and 1287 columns
Presolve time: 0.06s
Presolved: 1536 rows, 6390 columns, 15943 nonzeros
Variable types: 660 continuous, 5730 integer (5190 binary)

Root relaxation: objective 1.424571e+04, 2799 iterations, 0.08 seconds

    Nodes    |    Current Node    |     Objective Bounds      |     Work
 Expl Unexpl |  Obj  Depth IntInf | Incumbent    BestBd   Gap | It/Node Time

     0     0 14245.7146    0  226          - 14245.7146      -     -    0s
     0     0 14464.4773    0  269          - 14464.4773      -     -    0s
     0     0 14496.1762    0  256          - 14496.1762      -     -    0s
     0     0 14500.6124    0  276          - 14500.6124      -     -    0s
     0     0 14500.6124    0  291          - 14500.6124      -     -    0s
     0     0 14731.9127    0  367          - 14731.9127      -     -    1s
     0     0 14784.0134    0  320          - 14784.0134      -     -    1s
     0     0 14787.7778    0  355          - 14787.7778      -     -    1s
     0     0 14790.8200    0  351          - 14790.8200      -     -    1s
     0     0 14791.6214    0  341          - 14791.6214      -     -    1s
     0     0 14791.6621    0  358          - 14791.6621      -     -    1s
     0     0 15075.2395    0  422          - 15075.2395      -     -    1s
     0     0 15112.0729    0  429          - 15112.0729      -     -    2s
     0     0 15117.0078    0  413          - 15117.0078      -     -    2s
     0     0 15119.8590    0  459          - 15119.8590      -     -    2s
     0     0 15125.3452    0  444          - 15125.3452      -     -    2s
     0     0 15128.6046    0  475          - 15128.6046      -     -    2s
     0     0 15132.1988    0  477          - 15132.1988      -     -    2s
     0     0 15132.3051    0  491          - 15132.3051      -     -    2s
     0     0 15209.1703    0  416          - 15209.1703      -     -    3s
     0     0 15218.8806    0  457          - 15218.8806      -     -    3s
     0     0 15225.2866    0  457          - 15225.2866      -     -    3s
     0     0 15226.3143    0  472          - 15226.3143      -     -    3s
     0     0 15226.9453    0  491          - 15226.9453      -     -    3s
     0     0 15264.3706    0  414          - 15264.3706      -     -    3s
     0     0 15279.1498    0  407          - 15279.1498      -     -    3s
     0     0 15285.5280    0  408          - 15285.5280      -     -    3s
     0     0 15286.0541    0  419          - 15286.0541      -     -    4s
     0     0 15305.5083    0  411          - 15305.5083      -     -    4s
     0     0 15306.9201    0  420          - 15306.9201      -     -    4s
     0     0 15307.1910    0  461          - 15307.1910      -     -    4s
     0     0 15320.5600    0  362          - 15320.5600      -     -    4s
     0     0 15321.8147    0  411          - 15321.8147      -     -    4s
     0     0 15330.9365    0  375          - 15330.9365      -     -    5s
     0     0 15333.1287    0  396          - 15333.1287      -     -    5s
     0     2 15333.4920    0  396          - 15333.4920      -     -    6s
    23    26 15364.6695    7  379          - 15349.3382      -   410   10s
    63    66 15548.1589   21  357          - 15349.3382      -   502   15s
   137   140 16213.5387   40  300          - 15349.3382      -   420   20s
   221   223 16949.7290   71  299          - 15349.3382      -   364   25s
   321   314 18399.9197  107  288          - 15349.3382      -   324   30s
   389   350 15483.6292    7  535          - 15356.6682      -   326   43s
   394   355 15828.1791    7  485          - 15356.6682      -   336   46s
   426   393 15892.9967   12  468          - 15356.6682      -   358   50s
   469   432 15909.9682   23  500          - 15356.6682      -   373   55s
   508   479 16084.4972   30  452          - 15356.6682      -   389   60s
   561   528 16340.8959   37  408          - 15356.6682      -   410   66s
   624   600 16515.2422   45  378          - 15356.6682      -   404   71s
   670   625 16693.0120   53  375          - 15356.6682      -   408   76s
   710   669 17125.1244   70  344          - 15356.6682      -   413   80s
   748   681 16317.7854   43  513          - 15482.9014      -   406   85s
   771   696 16890.1837   67  616          - 15556.5449      -   393   90s
   788   708 16117.6771   28  225          - 15563.1683      -   413   95s
   807   721 15733.2947   10  666          - 15566.7356      -   404  100s
   824   732 17661.0496   82  630          - 15572.7645      -   395  112s
   825   733 15717.8189   29  639          - 15572.8510      -   395  115s
   828   738 15601.0334   31  577          - 15580.9236      -   415  122s
   830   739 15607.2643   32  570          - 15607.2643      -   416  126s
   834   742 15637.2651   33  599          - 15607.4803      -   416  130s
   847   751 15713.7592   37  508          - 15637.2669      -   419  135s
   863   762 15834.3171   41  537          - 15637.2669      -   430  140s
   883   778 16097.7774   46  428          - 15637.2669      -   441  147s
   902   792 15982.1819   52  482          - 15637.2669      -   445  150s
   942   816 16186.6895   64  433          - 15637.2669      -   454  155s
   968   841 16532.5345   71  408          - 15637.2669      -   465  160s
  1002   863 16720.0560   80  424          - 15637.2669      -   467  165s
  1051   896 17007.1082   95  412          - 15637.2669      -   469  170s
  1106   924 17205.7774  111  395          - 15637.2669      -   469  176s
  1154   961 17303.1103  124  372          - 15637.2669      -   470  181s
  1190   983 17388.3330  133  405          - 15637.2669      -   471  197s
  1233  1008 17473.8723  146  396          - 15637.2669      -   471  201s
  1279  1026 infeasible  160               - 15637.2669      -   475  206s
  1342  1072 18530.6918  180  397          - 15637.2669      -   472  212s
  1378  1069 infeasible  186               - 15637.3569      -   468  215s
  1418  1099 15819.1101   38  572          - 15637.3569      -   472  220s
  1475  1135 15962.4902   45  510          - 15637.3569      -   472  226s
  1531  1181 16655.4915   53  473          - 15637.3569      -   473  232s
  1565  1206 16765.3542   60  447          - 15637.3569      -   472  236s
  1647  1259 17012.9249   74  479          - 15637.3569      -   468  243s
  1689  1300 17098.2861   82  444          - 15637.3569      -   466  247s
  1750  1304 17190.1172   92  456          - 15637.3569      -   460  251s
  1800  1313 17392.7940  101  432          - 15637.3569      -   457  258s
  1826  1334 17725.9910  110  390          - 15637.3569      -   459  262s
  1856  1353 17663.4612  121  386          - 15637.3569      -   460  266s
  1885  1377 17716.8710  131  389          - 15637.3569      -   462  271s
  1920  1414 17765.1640  142  433          - 15637.3569      -   463  275s
  1969  1453 17806.5219  154  352          - 15637.3569      -   460  280s
  2024  1460 18116.8966  168  327          - 15637.3569      -   457  285s
  2050  1502 17953.9784  177  346          - 15637.3569      -   458  290s
