




arguments: ./build/mirp_solver -f ./input/orig_exec_108.cfg
Current dir: /scratch/gui/bnc_mirp
File verbosity level: 9
date       time         ( uptime  ) [ thread name/id ]                   file:line     v| 
2021-01-09 22:20:40.974 (   0.093s) [main thread     ]             loguru.cpp:789   INFO| Logging to './output/vi_hc1_half/OU/V5/Original/execution_09_01_2021_22_20_40.log', mode: 'a', verbosity: 9
--------------------------------------------------------------------------------
Parameters
                           instance_path           ./input/Instances/Original/3/
                            model_policy                                       1
                             nb_vehicles                                       5
                              output_dir    ./output/vi_hc1_half/OU/V5/Original/
                            sec_strategy                                       1
                       solver_nb_threads                                       2
                         solver_show_log                                    true
                       solver_time_limit                                    3600
                              use_vi_cos                                   false
                              use_vi_cus                                   false
                         use_vi_hc1_full                                   false
                         use_vi_hc1_half                                    true
                      use_vi_hc1_quarter                                   false
                              use_vi_hc2                                   false
                              use_vi_hc3                                   false
                         use_vi_lex_full                                   false
                         use_vi_lex_half                                   false
                      use_vi_lex_quarter                                   false
                              use_vi_qua                                   false
                               use_vi_vc                                   false
                               use_vi_vr                                   false
--------------------------------------------------------------------------------
executing instance: ./input/Instances/Original/3/absH3low_2n5.dat
--------------------------------------------------------------------------------
Instance details
n	6
H	3
C	237
Li:
[0, 0, 0, 0, 0, 0, ]
Ui:
[0, 93, 180, 51, 114, 24, ]
Distance matrix:
|0	170	318	35	112	235	|
|170	0	311	205	258	301	|
|318	311	0	326	278	137	|
|35	205	326	0	89	230	|
|112	258	278	89	0	160	|
|235	301	137	230	160	0	|

--------------------------------------------------------------------------------
Building model...
	using lazy and cut (CVRPSEP package)
Solving IRP LP...
--------------------------------------------------------------------------------

Gurobi 9.1.0 (linux64) logging started Sat Jan  9 22:20:41 2021

Gurobi Optimizer version 9.1.0 build v9.1.0rc0 (linux64)
Thread count: 32 physical cores, 32 logical processors, using up to 2 threads
Optimize a model with 261 rows, 414 columns and 1341 nonzeros
Model fingerprint: 0xdc672e1d
Variable types: 99 continuous, 315 integer (90 binary)
Coefficient statistics:
  Matrix range     [1e+00, 2e+02]
  Objective range  [1e-02, 3e+02]
  Bounds range     [1e+00, 2e+02]
  RHS range        [1e+01, 5e+02]
Presolve removed 106 rows and 181 columns
Presolve time: 0.00s

Explored 0 nodes (0 simplex iterations) in 0.01 seconds
Thread count was 1 (of 32 available processors)

Solution count 0

Model is infeasible
Best objective -, best bound -, gap -

User-callback calls 51, time in user-callback 0.00 sec

Computing Irreducible Inconsistent Subsystem (IIS)...

           Constraints          |            Bounds           |  Runtime
      Min       Max     Guess   |   Min       Max     Guess   |
--------------------------------------------------------------------------
        0       261         -         0       569         -           0s
       40        40         -        45        45         -           0s

IIS computed: 40 constraints, 45 bounds
IIS runtime: 0.36 seconds
================================================================================
executing instance: ./input/Instances/Original/3/absH3high_5n30.dat
--------------------------------------------------------------------------------
Instance details
n	31
H	3
C	2296
Li:
[0, 0, 0, 0, 0, 0, 0, 0, 0, 0, 0, 0, 0, 0, 0, 0, 0, 0, 0, 0, 0, 0, 0, 0, 0, 0, 0, 0, 0, 0, 0, ]
Ui:
[0, 80, 90, 297, 28, 264, 123, 192, 112, 32, 72, 88, 294, 129, 126, 105, 110, 237, 246, 92, 72, 147, 54, 96, 128, 96, 84, 28, 74, 196, 192, ]
Distance matrix:
|0	87	302	65	389	171	219	120	412	339	129	63	169	401	383	158	393	161	246	275	64	287	345	235	13	274	106	201	85	358	135	|
|87	0	334	128	402	212	301	204	465	384	187	145	232	424	454	238	475	245	289	352	80	307	352	321	81	352	20	261	170	376	215	|
|302	334	0	239	113	132	237	334	157	70	404	263	162	105	227	229	339	251	65	217	259	53	107	352	293	220	339	134	270	75	235	|
|65	128	239	0	330	107	175	130	348	275	174	40	107	339	326	114	351	125	181	224	58	228	290	222	58	224	143	138	65	297	92	|
|389	402	113	330	0	226	349	438	210	151	502	360	269	48	316	339	441	362	175	328	335	102	55	465	377	330	401	245	371	37	342	|
|171	212	132	107	226	0	169	214	253	173	276	134	64	233	261	130	326	153	77	188	133	125	192	264	162	190	220	68	145	193	125	|
|219	301	237	175	349	169	0	157	257	223	244	157	105	334	180	62	175	61	177	63	233	264	334	118	221	61	317	112	136	312	85	|
|120	204	334	130	438	214	157	0	402	348	88	90	173	438	336	115	307	100	269	220	172	338	406	122	130	218	224	204	69	403	101	|
|412	465	157	348	210	253	257	402	0	88	486	359	245	166	129	287	266	303	178	204	386	208	239	370	406	207	473	212	354	187	304	|
|339	384	70	275	151	173	223	348	88	0	427	291	179	120	166	234	290	254	96	187	306	123	166	342	332	190	391	145	291	119	247	|
|129	187	404	174	502	276	244	88	486	427	0	142	248	508	424	200	390	187	342	308	193	400	464	192	142	306	207	281	136	469	182	|
|63	145	263	40	360	134	157	90	359	291	142	0	114	366	321	95	331	99	202	212	90	258	323	186	65	211	163	148	27	327	72	|
|169	232	162	107	269	64	105	173	245	179	248	114	0	266	222	71	268	94	97	131	155	173	244	203	164	132	245	34	113	233	73	|
|401	424	105	339	48	233	334	438	166	120	508	366	266	0	280	332	409	355	169	305	353	117	96	452	391	308	425	237	374	49	339	|
|383	454	227	326	316	261	180	336	129	166	424	321	222	280	0	231	137	238	208	116	376	277	331	272	381	118	467	197	307	285	253	|
|158	238	229	114	339	130	62	115	287	234	200	95	71	332	231	0	238	23	164	118	171	243	314	134	159	117	255	95	77	302	23	|
|393	475	339	351	441	326	175	307	266	290	390	331	268	409	137	238	0	232	300	138	408	383	445	204	395	136	492	258	308	406	260	|
|161	245	251	125	362	153	61	100	303	254	187	99	94	355	238	23	232	0	187	123	183	267	338	111	164	121	262	117	77	325	34	|
|246	289	65	181	175	77	177	269	178	96	342	202	97	169	208	164	300	187	0	168	210	87	157	290	238	171	296	70	206	138	170	|
|275	352	217	224	328	188	63	220	204	187	308	212	131	305	116	118	138	123	168	0	279	255	322	166	275	3	367	120	195	291	141	|
|64	80	259	58	335	133	233	172	386	306	193	90	155	353	376	171	408	183	210	279	0	236	289	276	51	279	90	182	117	307	150	|
|287	307	53	228	102	125	264	338	208	123	400	258	173	117	277	243	383	267	87	255	236	0	71	374	276	257	308	153	270	71	245	|
|345	352	107	290	55	192	334	406	239	166	464	323	244	96	331	314	445	338	157	322	289	71	0	445	334	325	350	224	337	54	315	|
|235	321	352	222	465	264	118	122	370	342	192	186	203	452	272	134	204	111	290	166	276	374	445	0	243	164	341	221	159	428	142	|
|13	81	293	58	377	162	221	130	406	332	142	65	164	391	381	159	395	164	238	275	51	276	334	243	0	274	100	196	89	347	136	|
|274	352	220	224	330	190	61	218	207	190	306	211	132	308	118	117	136	121	171	3	279	257	325	164	274	0	367	122	194	294	140	|
|106	20	339	143	401	220	317	224	473	391	207	163	245	425	467	255	492	262	296	367	90	308	350	341	100	367	0	272	188	377	232	|
|201	261	134	138	245	68	112	204	212	145	281	148	34	237	197	95	258	117	70	120	182	153	224	221	196	122	272	0	146	208	103	|
|85	170	270	65	371	145	136	69	354	291	136	27	113	374	307	77	308	77	206	195	117	270	337	159	89	194	188	146	0	337	54	|
|358	376	75	297	37	193	312	403	187	119	469	327	233	49	285	302	406	325	138	291	307	71	54	428	347	294	377	208	337	0	306	|
|135	215	235	92	342	125	85	101	304	247	182	72	73	339	253	23	260	34	170	141	150	245	315	142	136	140	232	103	54	306	0	|

--------------------------------------------------------------------------------
Building model...
	using lazy and cut (CVRPSEP package)
Solving IRP LP...
--------------------------------------------------------------------------------

Gurobi 9.1.0 (linux64) logging started Sat Jan  9 22:20:41 2021

Gurobi Optimizer version 9.1.0 build v9.1.0rc0 (linux64)
Thread count: 32 physical cores, 32 logical processors, using up to 2 threads
Optimize a model with 1405 rows, 8014 columns and 20140 nonzeros
Model fingerprint: 0x0d8d0b2f
Variable types: 574 continuous, 7440 integer (465 binary)
Coefficient statistics:
  Matrix range     [1e+00, 5e+02]
  Objective range  [1e-01, 5e+02]
  Bounds range     [1e+00, 3e+02]
  RHS range        [1e+01, 4e+03]
Presolve removed 227 rows and 973 columns
Presolve time: 0.04s
Presolved: 1178 rows, 7041 columns, 16945 nonzeros
Variable types: 500 continuous, 6541 integer (6120 binary)

Root relaxation: objective 9.105550e+03, 1369 iterations, 0.04 seconds

    Nodes    |    Current Node    |     Objective Bounds      |     Work
 Expl Unexpl |  Obj  Depth IntInf | Incumbent    BestBd   Gap | It/Node Time

     0     0 9105.55048    0  105          - 9105.55048      -     -    0s
     0     0 9368.90709    0  115          - 9368.90709      -     -    0s
     0     0 9385.15478    0  122          - 9385.15478      -     -    0s
     0     0 9709.18719    0  186          - 9709.18719      -     -    0s
     0     0 9734.56815    0  190          - 9734.56815      -     -    0s
     0     0 9734.56815    0  190          - 9734.56815      -     -    0s
     0     0 9894.94832    0  213          - 9894.94832      -     -    0s
     0     0 9897.52672    0  225          - 9897.52672      -     -    0s
     0     0 9897.87089    0  227          - 9897.87089      -     -    0s
     0     0 9990.88808    0  283          - 9990.88808      -     -    1s
     0     0 9995.21644    0  278          - 9995.21644      -     -    1s
     0     0 9997.10638    0  318          - 9997.10638      -     -    1s
     0     0 9997.44037    0  292          - 9997.44037      -     -    1s
     0     0 10024.3142    0  315          - 10024.3142      -     -    1s
     0     0 10051.2995    0  331          - 10051.2995      -     -    1s
     0     0 10055.7584    0  344          - 10055.7584      -     -    1s
     0     0 10056.2477    0  343          - 10056.2477      -     -    1s
     0     0 10073.7470    0  346          - 10073.7470      -     -    2s
     0     0 10079.3110    0  367          - 10079.3110      -     -    2s
     0     0 10081.0479    0  352          - 10081.0479      -     -    2s
     0     0 10082.3662    0  378          - 10082.3662      -     -    2s
     0     0 10083.0515    0  368          - 10083.0515      -     -    2s
     0     0 10095.0029    0  358          - 10095.0029      -     -    2s
     0     0 10100.7198    0  368          - 10100.7198      -     -    2s
     0     0 10101.9436    0  411          - 10101.9436      -     -    2s
     0     0 10106.8302    0  429          - 10106.8302      -     -    3s
     0     0 10106.8302    0  403          - 10106.8302      -     -    3s
     0     2 10108.3130    0  394          - 10108.3130      -     -    3s
    27    31 10159.3130   10  393          - 10121.3442      -   267    5s
    98   104 10501.6598   28  152          - 10121.3442      -   374   10s
   246   250 11067.5043   66  223          - 10121.3442      -   267   15s
   537   524 10218.9997    4  431          - 10122.3493      -   169   20s
   764   709 12135.7487  106  403          - 10122.3493      -   144   25s
   789   726 12929.6227  133  400          - 10183.2776      -   140   30s
   811   740 10221.3465   14  467          - 10192.3920      -   136   35s
   835   757 15496.8030  255  432          - 10194.1547      -   149   40s
   857   772 14274.3218  169  488          - 10197.2186      -   146   45s
   862   778 10198.7637   24  460          - 10198.7637      -   157   51s
   873   787 10210.3584   27  369          - 10210.3584      -   162   55s
   909   810 10294.9844   36  382          - 10225.9334      -   177   60s
   949   841 10333.8178   45  216          - 10225.9334      -   188   65s
  1001   880 10437.3032   55  290          - 10225.9334      -   201   70s
  1069   925 10496.7404   70  265          - 10225.9334      -   212   75s
  1141   975 10607.2876   86  300          - 10225.9334      -   222   80s
  1204  1020 10855.2775  100  285          - 10225.9334      -   230   85s
  1261  1058 10985.0713  113  224          - 10225.9334      -   236   90s
  1334  1114 11026.5109  132  303          - 10225.9334      -   243   96s
  1402  1154 11093.1379  146  259          - 10225.9334      -   248  101s
  1453  1187 11744.6747  156  193          - 10225.9334      -   251  105s
  1549  1260 11618.6622  177  243          - 10225.9334      -   254  111s
  1642  1314 11295.6951  196  229          - 10225.9334      -   252  116s
  1731  1376 11390.6649  211  259          - 10225.9334      -   253  122s
  1785  1419 11510.4012  219  218          - 10225.9334      -   252  125s
  1918  1527 11919.3533  237  254          - 10225.9334      -   249  132s
  2005  1609 12390.0975  251  201          - 10225.9334      -   245  136s
  2118  1686 12205.5752  265  235          - 10225.9334      -   239  141s
  2236  1713 12340.4573  281  210          - 10225.9334      -   234  145s
  2389  1714 10386.1368   29  283          - 10236.8631      -   230  151s
  2450  1767 10446.7826   35  354          - 10236.8631      -   234  158s
  2488  1793 10550.7022   42  198          - 10236.8631      -   236  161s
  2569  1869 10766.8535   52  334          - 10236.8631      -   240  168s
  2630  1898 10959.0883   77  310          - 10236.8631      -   240  172s
  2679  1937 11270.7655   87  235          - 10236.8631      -   242  176s
  2734  1980 11298.7775  100  281          - 10236.8631      -   243  181s
  2796  2069 11405.4585  118  269          - 10236.8631      -   243  186s
  2907  2130 11560.8060  150  267          - 10236.8631      -   240  192s
  3007  2220 11834.8753  173  198          - 10236.8631      -   237  198s
  3139  2405 infeasible  193               - 10236.8631      -   233  205s
  3384  2508 12408.4354  229  169          - 10236.8632      -   223  211s
  3578  2535 10353.5410   30  391          - 10241.8367      -   217  216s
  3595  2558 10433.4201   32  365          - 10241.8367      -   219  220s
  3635  2607 10770.4548   42  345          - 10241.8367      -   224  229s
  3667  2646 10728.8318   47  376          - 10241.8367      -   226  233s
  3706  2697 10937.2917   57  304          - 10241.8367      -   228  238s
  3759  2764 11150.3766   69  224          - 10241.8367      -   230  243s
  3826  2854 11340.1127   93  156          - 10241.8367      -   231  248s
  3916  3001 11629.6280  116  163          - 10241.8367      -   229  256s
  4063  3445 12295.8494  160   78          - 10241.8367      -   225  265s
  4571  3637 12946.7957  267   60          - 10268.8294      -   207  276s
  4786  3679 10453.7470   35  328          - 10268.8294      -   202  283s
  4813  3727 10576.0171   48  250          - 10268.8294      -   204  288s
  4861  3781 10769.8054   64  219          - 10268.8294      -   206  294s
  4915  3801 10871.6482   89  110          - 10268.8294      -   207  316s
  4935  3912 10907.5540   97  143          - 10268.8294      -   208  323s
  5058  4254 11230.1810  146   90          - 10268.8294      -   208  332s
  5412  4391 infeasible  294               - 10270.6187      -   200  342s
  5576  4499 10522.7893   39  377          - 10270.6187      -   198  350s
  5716  4550 10597.9766   52  371          - 10270.6187      -   197  358s
  5767  4652 10701.6926   64  352          - 10270.6187      -   199  366s
  5869  4927 10989.6590   92  153          - 10270.6187      -   200  375s
  6154  5525 12530.5615  221  113          - 10280.0606      -   196  387s
  6796  5525 12804.2649  354   37          - 10280.0606      -   183  392s
  6863  5711 10881.1359   37  340          - 10280.0606      -   182  399s
  6958  5711 13776.8003  367    8          - 10280.0606      -   181  400s
  7071  5912 11148.6036  114   90          - 10283.3734      -   180  408s
  7252  5912 12635.4514  214    4          - 10283.3734      -   177  410s
  7324  5978 10518.3787   35  438          - 10283.3734      -   177  418s
  7389  6333 10734.5415   47  334          - 10283.3734      -   179  429s
  7508  6333 11347.1202  123  100          - 10283.3734      -   179  430s
  7777  6524 11401.9157  135  115          - 10297.3807      -   176  441s
  8013  6615 10581.3510   37  264          - 10297.3917      -   174  451s
  8104  7127 10895.1320   61  133          - 10308.3937      -   176  462s
  8701  7216 10603.4215   43  317          - 10308.3937      -   169  475s
  8820  7418 10934.5656   52  179          - 10308.3937      -   171  485s
  9024  7774 11826.3358  158   77          - 10315.4195      -   170  496s
  9456  8096 10611.0685   48  315          - 10315.4195      -   167  509s
  9560  8096 11821.8047  178   75          - 10315.4195      -   167  510s
  9848  8303 11069.6797   64  141          - 10315.4195      -   163  520s
 10029  8798 11686.1528  117  189          - 10316.7454      -   164  531s
 10669  9077 10636.4494   43  461          - 10322.1725      -   158  545s
 10998  9164 10803.6871   57  275          - 10322.1725      -   156  555s
 11046  9292 10932.0169   74  172          - 10322.1725      -   157  563s
 11174  9858 11259.8625  100  110          - 10337.4387      -   158  576s
 11652  9860 15617.3900  351   12          - 10337.4387      -   154  580s
 11821  9908 10469.0311   31  355          - 10337.9956      -   153  587s
 11861  9998 10672.5507   45  322          - 10337.9956      -   154  595s
 11951 10251 10839.8935   73  173          - 10337.9956      -   155  604s
 11980 10251 10929.4091   98  203          - 10337.9956      -   155  605s
 12208 10833 11815.8979  169  105          - 10339.4756      -   155  616s
 12816 10867 14620.8140  272   15          - 10340.3889      -   150  621s
 12963 10921 10602.8233   39  414          - 10340.3889      -   149  628s
 12999 11073 10831.5933   45  292          - 10340.3889      -   150  636s
 13155 11314 12011.9326  130   73          - 10340.8740      -   150  645s
 13466 11427 10786.9930   42  348          - 10340.8740      -   149  655s
 13577 11490 10985.3051   54  361          - 10340.8740      -   149  662s
 13640 11773 11216.2068   74  174          - 10340.8740      -   150  671s
 14001 12011 12645.7667  175   69          - 10342.0776      -   149  682s
 14270 12098 10753.4141   47  328          - 10344.4059      -   149  691s
 14347 12539 11079.7302   63  229          - 10344.4059      -   150  700s
 14838 12825 11751.2969  117   95          - 10345.4179      -   147  714s
 14956 12825 12370.7350  201   17          - 10345.4179      -   146  715s
 15150 12945 10484.9662   34  326          - 10345.4179      -   146  723s
 15262 13162 10720.3518   46  339          - 10345.4179      -   146  734s
 15373 13166 12209.0073  150   36          - 10345.4179      -   147  735s
 15607 13256 11038.5204   55  215          - 10345.4179      -   145  743s
 15651 13325 11260.3495   70  194          - 10345.4179      -   146  750s
 15722 13536 11571.9369   91  111          - 10345.7108      -   147  758s
 15948 13909 10602.4050   50  395          - 10345.7108      -   147  770s
 16375 13954 10756.6687   57  340          - 10345.7108      -   145  780s
 16409 14012 10928.3622   69  261          - 10345.7108      -   146  787s
 16467 14089 11159.2677   77  326          - 10345.7108      -   147  794s
 16496 14089 11218.5956   94  228          - 10345.7108      -   147  795s
 16544 14182 11287.0907  100  163          - 10345.7108      -   148  803s
 16640 14601 12727.4841  134   89          - 10350.8379      -   148  812s
 16969 14614 15666.4171  276   14          - 10350.8379      -   146  815s
 17145 14843 10707.3048   51  366          - 10350.8379      -   146  824s
 17380 14897 10861.4142   57  295          - 10350.8379      -   145  833s
 17434 15128 11202.9255   72   70          - 10350.8379      -   146  843s
 17638 15128 12383.9894  215   74          - 10350.8379      -   145  845s
 17667 15266 12443.6250  217   76          - 10352.0943      -   146  852s
 17845 15446 10774.4887   46  344          - 10352.0943      -   146  861s
 18027 15531 11288.4391   60  185          - 10352.0943      -   146  870s
 18105 15743 11789.5268   79   52          - 10353.5964      -   146  880s
 18386 15917 10654.1513   52  361          - 10353.5964      -   146  890s
 18540 16180 10914.5155   59  252          - 10353.5964      -   146  900s
 18904 16351 11227.2179   81  172          - 10353.5964      -   145  910s
 19033 16548 11946.3195  130   52          - 10354.0698      -   145  919s
 19151 16553 13359.8100  183    6          - 10354.0698      -   145  920s
 19262 16611 10633.0772   37  336          - 10354.0698      -   145  927s
 19319 16729 10855.7292   52  237          - 10354.0698      -   146  935s
 19437 16986 10934.4062   62  179          - 10354.0698      -   147  946s
 19774 17193 11323.5464   97   94          - 10359.0464      -   146  956s
 19961 17389 10774.2546   47  409          - 10359.0464      -   146  966s
 20174 17594 11120.0596   63  224          - 10359.0464      -   146  975s
 20445 17813 11700.3580   87   64          - 10361.2289      -   145  986s
 20656 17891 10601.9464   32  306          - 10361.2289      -   145  994s
 20732 18110 10851.7760   47  163          - 10361.2289      -   146 1004s
 20850 18110 12284.6190  157   16          - 10361.2289      -   146 1005s
 21011 18252 11157.1008   61  189          - 10361.2289      -   146 1013s
 21129 18582 11456.9859  129    8          - 10366.1576      -   146 1023s
 21308 18590 13761.0138  221   11          - 10366.1576      -   145 1025s
 21519 18757 10779.8853   53  463          - 10366.1576      -   145 1035s
 21705 18806 10753.7879   59  346          - 10366.1576      -   145 1043s
 21741 18907 11038.8893   68  294          - 10366.1576      -   146 1050s
 21842 19353 11448.8995  103  165          - 10375.8165      -   146 1061s
 22367 19421 10676.6136   44  409          - 10377.0260      -   145 1071s
 22411 19500 11017.1311   53  244          - 10377.0260      -   145 1078s
 22490 20199 11394.9399   79   43          - 10379.4047      -   146 1089s
 22548 20199 11798.3964  108   39          - 10379.4047      -   146 1090s
 23182 20254 14714.6200  220   16          - 10379.4160      -   143 1095s
 23384 20331 10703.6308   47  366          - 10379.4160      -   142 1103s
 23426 20460 10744.1417   53  320          - 10379.4160      -   143 1111s
 23573 20516 10980.5605   62  301          - 10379.4160      -   143 1118s
 23623 20617 11462.0295   79  141          - 10379.4160      -   143 1126s
 23724 21102 12204.8527  105   88          - 10380.0982      -   144 1139s
 23811 21102 12320.1448  141   58          - 10380.0982      -   144 1140s
 24337 21349 10596.3585   32  415          - 10380.0982      -   142 1151s
 24561 21395 10849.9158   48  350          - 10380.0982      -   142 1159s
 24607 21474 11216.0585   65  304          - 10380.0982      -   142 1166s
 24686 21734 11628.0222   82   52          - 10381.0928      -   143 1175s
 24963 21997 10702.1422   37  349          - 10381.0928      -   143 1186s
 25273 22098 11008.8513   51  175          - 10381.0928      -   142 1195s
 25352 22201 11311.2854   97   47          - 10386.1569      -   142 1203s
 25493 22333 10822.9190   43  416          - 10386.1569      -   143 1211s
 25617 22493 10949.6725   55  268          - 10386.1569      -   143 1219s
 25646 22493 11136.7361   71  134          - 10386.1569      -   143 1220s
 25810 22685 11421.5355   82  137          - 10388.0617      -   143 1229s
 25839 22685 11404.7487  103   63          - 10388.0617      -   143 1230s
 26032 22741 10633.0379   33  440          - 10388.0617      -   143 1237s
 26071 22925 10832.9721   43  398          - 10388.0617      -   143 1247s
 26288 22991 11106.5350   52  302          - 10388.0617      -   143 1255s
 26341 23231 11395.6949   66  158          - 10393.9581      -   144 1264s
 26457 23231 12304.1916  130   78          - 10393.9581      -   144 1265s
 26605 23350 10568.5764   50  422          - 10393.9581      -   144 1273s
 26722 23594 10864.7459   60  321          - 10393.9581      -   144 1283s
 26978 23599 13740.1906  263   32          - 10393.9581      -   143 1285s
 26997 23789 11205.4688   66  260          - 10396.4262      -   144 1293s
 27242 23907 10499.5647   31  368          - 10396.4262      -   143 1301s
 27335 23994 10955.9996   42  141          - 10396.4262      -   144 1309s
 27432 24048 11061.9343   45  345          - 10396.4262      -   144 1316s
 27486 24126 11245.6278   55  252          - 10396.4262      -   145 1323s
 27564 24392 11327.5030   79  195          - 10397.4403      -   145 1333s
 27928 24460 10674.1187   33  439          - 10397.7581      -   145 1342s
 27957 24507 10771.5171   41  355          - 10397.7581      -   145 1348s
 28004 24607 11093.1926   59  250          - 10397.7581      -   146 1356s
 28104 24897 11610.4258   95   70          - 10400.8488      -   146 1365s
 28451 24940 10544.7784   36  421          - 10402.0055      -   146 1374s
 28484 25009 10787.7628   47  378          - 10402.0055      -   146 1382s
 28553 25321 11332.6753   68   77          - 10402.1546      -   147 1392s
 28923 25644 11842.4286   94  112          - 10402.5522      -   146 1404s
 29041 25653 13237.0500  149    -          - 10402.5522      -   146 1405s
 29405 25745 10558.8080   39  507          - 10403.4857      -   145 1414s
 29423 25783 10772.7539   44  460          - 10403.4857      -   145 1420s
 29461 25859 10960.9612   52  319          - 10403.4857      -   146 1428s
 29537 26072 11196.2067   62  251          - 10403.4857      -   146 1437s
 29834 26378 11701.4782   98   96          - 10406.5850      -   146 1448s
 30014 26391 13251.6102  157   48          - 10406.5850      -   145 1450s
 30254 26605 10760.7362   39  423          - 10406.5850      -   145 1460s
 30425 26818 10943.9125   48  353          - 10406.5850      -   145 1470s
 30758 26956 11230.4355   77  226          - 10406.5850      -   144 1480s
 30843 27160 11640.0810  118   62          - 10406.8623      -   144 1489s
 30872 27160 11881.8568  129   31          - 10406.8623      -   144 1490s
 31087 27263 10607.5422   38  441          - 10406.8623      -   144 1499s
 31172 27455 10945.5521   54  212          - 10406.8623      -   145 1508s
 31441 27680 11198.8560   69   75          - 10409.7937      -   145 1519s
 31558 27681 12334.8200  139    -          - 10409.7937      -   144 1520s
 31714 27753 10651.9368   28  316          - 10409.7937      -   144 1528s
 31751 27836 10938.2551   38  247          - 10409.7937      -   145 1536s
 31834 28115 11261.2870   77   31          - 10410.0629      -   145 1547s
 32147 28378 10691.5787   37  419          - 10410.0629      -   145 1558s
 32498 28535 10909.6491   42  358          - 10410.0629      -   144 1569s
 32607 28575 15420.4600  218    -          - 10410.0629      -   144 1570s
 32771 28673 11135.8559   56  276          - 10410.0629      -   143 1578s
 32838 28943 11601.8114   87   23          - 10410.2161      -   144 1589s
 32927 28943 12665.7332  161   80          - 10410.2161      -   143 1590s
 33206 29022 10647.0988   41  378          - 10410.2161      -   143 1598s
 33249 29135 10908.8983   49  394          - 10410.2161      -   143 1607s
 33371 29305 11305.1562   64  100          - 10410.2161      -   144 1616s
 33573 29609 11975.2140  116   84          - 10411.8083      -   144 1627s
 33925 29682 10816.4791   36  403          - 10411.8083      -   143 1636s
 33977 29830 11103.7061   46  204          - 10411.8083      -   143 1645s
 34125 30060 11295.5060   61  237          - 10411.8083      -   144 1655s
 34484 30310 11905.5109   96  202          - 10417.0212      -   143 1667s
 34705 30338 10569.5775   39  422          - 10417.0212      -   143 1675s
 34729 30385 10851.5963   47  358          - 10417.0212      -   143 1682s
 34776 30449 11058.7468   53  372          - 10417.0212      -   144 1690s
 34840 30712 11278.0243   60  260          - 10417.0212      -   144 1700s
 35138 30804 11535.3440   83  216          - 10417.0212      -   144 1710s
 35221 31056 11892.3307  119  128          - 10417.2134      -   144 1719s
 35250 31056 12059.3845  136  112          - 10417.2134      -   144 1720s
 35523 31357 10670.3363   42  402          - 10417.2134      -   144 1732s
 35803 31361 13761.2600  216    -          - 10417.2134      -   143 1735s
 35864 31412 11025.2863   52  409          - 10417.2134      -   143 1742s
 35897 31472 11232.0380   63  283          - 10417.2134      -   143 1749s
 35926 31472 11492.8620   80  263          - 10417.2134      -   144 1750s
 35957 31811 11588.4402   86  162          - 10418.1923      -   144 1760s
 36412 31980 10796.7869   48  384          - 10418.1923      -   143 1771s
 36573 32050 10974.2374   58  285          - 10418.1923      -   143 1779s
 36628 32152 11420.5842   77  257          - 10418.1923      -   143 1787s
 36730 32568 11936.1618  111  144          - 10418.4023      -   144 1798s
 36910 32572 14044.0841  196   26          - 10418.4023      -   143 1800s
 37260 32661 10773.0425   34  317          - 10418.4023      -   143 1809s
 37279 32661 12987.5720  160  105          - 10418.4023      -   143 1810s
 37401 32908 10963.1835   45   92          - 10420.1935      -   143 1819s
 37459 32909 11362.7002   77   31          - 10420.1935      -   143 1820s
 37630 33027 11751.7999   69   79          - 10422.8619      -   143 1829s
 37659 33034 12408.5700  115   10          - 10422.8619      -   143 1830s
 37811 33156 10981.2969   42  353          - 10422.8619      -   143 1838s
 37905 33443 11173.1860   50  308          - 10422.8619      -   143 1849s
 37962 33443 11805.4329  119   82          - 10422.8619      -   143 1850s
 38255 33558 11462.7716   63   97          - 10422.8619      -   142 1859s
 38284 33558 11580.6346   79   69          - 10422.8619      -   143 1860s
 38341 33592 11938.1429  108   72          - 10423.4674      -   143 1866s
 38387 33747 10890.5598   58  377          - 10423.4674      -   143 1875s
 38568 33795 11119.4612   69  343          - 10423.4674      -   143 1883s
 38604 33864 11520.4519   80  216          - 10423.4674      -   143 1891s
 38675 34079 11979.8165  115   93          - 10426.7086      -   144 1901s
 38991 34160 10699.6236   43  378          - 10426.7086      -   143 1910s
 39033 34390 11020.7326   52  239          - 10426.7086      -   144 1921s
 39289 34425 11231.3317   55  224          - 10426.7086      -   144 1930s
 39324 34478 11049.9066   55  255          - 10426.7086      -   144 1937s
 39377 34522 11215.1080   66  228          - 10426.7086      -   144 1945s
 39421 34579 11418.6141   70  162          - 10426.7086      -   145 1953s
 39478 34752 11563.6008   85  162          - 10426.7086      -   145 1962s
 39653 35127 12541.6239  144   39          - 10429.0010      -   145 1974s
 39769 35127 13030.7599  170   18          - 10429.0010      -   145 1975s
 40123 35190 10802.4901   43  290          - 10429.0616      -   145 1984s
 40166 35402 11154.4286   54  229          - 10429.0616      -   145 1994s
 40196 35402 11355.6047   72  123          - 10429.0616      -   145 1995s
 40426 35696 11456.9252   74  115          - 10429.0784      -   145 2005s
 40816 35761 10810.1167   26  326          - 10429.1597      -   144 2016s
 40843 35858 10916.1177   36  357          - 10429.1597      -   145 2024s
 40950 36457 11360.5624   66   88          - 10433.5025      -   145 2036s
 41370 36476 14631.3700  238    8          - 10433.5025      -   144 2040s
 41746 36561 10624.5463   35  365          - 10433.6236      -   143 2049s
 41770 36590 10712.8014   41  429          - 10433.6236      -   144 2056s
 41799 36665 11014.5238   49  377          - 10433.6236      -   144 2064s
 41874 36763 11381.6552   82   50          - 10433.6312      -   144 2072s
 42006 36843 10668.9475   42  390          - 10433.6312      -   144 2080s
 42073 37119 11064.0869   47  290          - 10433.6312      -   145 2091s
 42377 37170 11119.8627   57  221          - 10433.6312      -   144 2100s
 42424 37334 11468.3359   75  189          - 10433.6312      -   145 2110s
 42624 37579 12912.8212  137   83          - 10435.2883      -   145 2121s
 42894 37724 10791.9596   36  348          - 10435.2883      -   144 2132s
 43102 37809 10977.8682   45  207          - 10435.2883      -   144 2141s
 43149 38163 11179.9658   64   90          - 10440.4151      -   145 2153s
 43386 38168 13198.9800  178    6          - 10440.4151      -   144 2155s
 43644 38392 11969.5525   95   57          - 10440.9089      -   144 2166s
 43901 38559 10900.6565   45  280          - 10440.9089      -   144 2177s
 44033 38797 11102.1564   51  288          - 10440.9089      -   144 2187s
 44308 38808 14917.7300  243    -          - 10440.9089      -   143 2190s
 44317 39028 11676.1440   66  125          - 10441.1708      -   143 2200s
 44616 39082 10594.9639   32  295          - 10441.1708      -   143 2209s
 44650 39138 10823.8230   39  304          - 10441.1708      -   144 2216s
 44706 39237 11009.7980   43  233          - 10441.1708      -   144 2224s
 44753 39237 11561.7817  107   60          - 10441.1708      -   144 2225s
 44822 39308 11287.3806   56  274          - 10441.1708      -   144 2233s
 44891 39371 11692.4897   92   46          - 10441.5051      -   144 2241s
 44976 39535 10851.9687   41  470          - 10441.5051      -   145 2251s
 45176 39703 11013.4242   50  332          - 10441.5051      -   145 2261s
 45395 39782 11217.1599   62  190          - 10441.5051      -   144 2271s
 45446 39852 11459.2112   87  237          - 10441.5051      -   145 2279s
 45516 40152 12117.5126  103  165          - 10441.5051      -   145 2289s
 45545 40152 12107.3316  116   74          - 10441.5051      -   145 2290s
 45841 40323 14698.6239  250   46          - 10442.8141      -   145 2300s
 46041 40533 10805.8757   46  364          - 10442.8141      -   145 2312s
 46349 40731 11207.8392   55  158          - 10442.8141      -   144 2322s
 46513 40777 12661.6700  128    4          - 10443.7612      -   144 2332s
 46592 40824 10603.8996   43  441          - 10443.7612      -   145 2340s
 46629 40882 10855.6482   47  420          - 10443.7612      -   145 2348s
 46687 40994 11090.0869   57  318          - 10443.7612      -   145 2358s
 46837 41046 11363.9883   70  262          - 10443.7612      -   145 2366s
 46879 41126 11583.2289   90  258          - 10443.7612      -   145 2374s
 46908 41126 11770.0253  103  228          - 10443.7612      -   146 2375s
 46959 41283 11985.6394  118  158          - 10445.3630      -   146 2384s
 47046 41283 12270.3555  170   47          - 10445.3630      -   146 2385s
 47155 41419 10562.9954   37  383          - 10445.3630      -   146 2394s
 47301 41564 10757.3522   43  393          - 10445.3630      -   146 2405s
 47502 41619 10855.7079   50  209          - 10445.3630      -   146 2414s
 47539 41690 11262.2262   53  183          - 10445.3630      -   146 2422s
 47610 42183 11445.3193   59  247          - 10445.3630      -   146 2434s
 47640 42183 11567.4873   81    8          - 10445.3630      -   146 2435s
 48241 42436 12366.0055  107   45          - 10447.1524      -   145 2450s
 48575 42516 10759.9743   36  317          - 10449.8390      -   145 2460s
 48604 42555 11157.7479   42  336          - 10449.8390      -   145 2468s
 48643 42623 11184.2403   47  307          - 10449.8390      -   146 2476s
 48711 42854 11323.4850   55  228          - 10451.2562      -   146 2488s
 49013 42903 10712.6252   36  380          - 10454.2985      -   146 2498s
 49036 42948 10949.1200   45  311          - 10454.2985      -   146 2505s
 49081 43034 11206.8766   59  245          - 10454.2985      -   146 2514s
 49167 43276 11472.3353   89  182          - 10454.7924      -   146 2523s
 49312 43276 12331.5848  184   74          - 10454.7924      -   146 2525s
 49441 43338 10684.4828   40  388          - 10455.0466      -   146 2533s
 49503 43532 10959.5710   51  289          - 10455.0466      -   146 2543s
 49674 43532 12416.0205  170   46          - 10455.0466      -   146 2545s
 49741 43595 11224.0921   60  391          - 10455.0466      -   146 2553s
 49789 43729 11574.5487   78  280          - 10455.4903      -   147 2563s
 49956 43939 10972.6210   34  328          - 10455.4903      -   147 2575s
 50221 43983 11091.2868   41  448          - 10455.4903      -   146 2584s
 50244 43983 10609.5802   30  298          - 10455.4903      -   147 2585s
 50255 44078 11303.4309   51  191          - 10455.4903      -   147 2593s
 50350 44309 11886.9654   92   13          - 10459.2052      -   147 2604s
 50439 44314 13340.1900  133    6          - 10459.2052      -   147 2605s
 50750 44385 10889.6000   42  421          - 10459.6667      -   146 2616s
*50790 40617             162    14110.720000 10459.6667  25.9%   147 2616s
*50792 40516             164    14083.240000 10459.6667  25.7%   147 2616s
 50821 40554 10973.5585   57  330 14083.2400 10459.6667  25.7%   147 2624s
 50846 40554 14063.3300  160    - 14083.2400 10459.6667  25.7%   147 2625s
 50867 40603 11729.7560   82  259 14083.2400 10459.6667  25.7%   147 2633s
 50920 40685 12242.8407  120  244 14083.2400 10459.6667  25.7%   147 2644s
 51016 40685 13405.5291   75   61 14083.2400 10459.6667  25.7%   147 2645s
 51038 40711     cutoff  173      14083.2400 10460.8445  25.7%   147 2653s
 51068 40822 11034.8331   50  352 14083.2400 10460.8445  25.7%   147 2663s
 51179 40939 12330.3972   77  158 14083.2400 10460.9351  25.7%   147 2673s
 51320 40960 10892.1524   35  296 14083.2400 10461.4157  25.7%   147 2685s
 51341 41082 10941.4845   36  318 14083.2400 10461.4157  25.7%   147 2694s
 51358 41082 11890.9845   68  108 14083.2400 10461.4157  25.7%   148 2695s
 51478 41140 11334.3489   53  285 14083.2400 10461.4157  25.7%   147 2704s
 51536 41240 11950.5629   92  154 14083.2400 10463.0474  25.7%   148 2713s
 51653 41386 11103.1187   36  263 14083.2400 10463.0474  25.7%   148 2723s
 51795 41386 11966.9869  141    8 14083.2400 10463.0474  25.7%   148 2725s
 51803 41639 11665.3705   66  190 14083.2400 10463.0474  25.7%   148 2734s
 51861 41639 12215.0979  124  121 14083.2400 10463.0474  25.7%   148 2735s
 52122 41680 13692.5888  222   22 14083.2400 10465.7435  25.7%   148 2745s
 52162 41719 infeasible  225      14083.2400 10468.2605  25.7%   148 2753s
 52202 41879 10918.0062   43  360 14083.2400 10468.2605  25.7%   148 2764s
 52306 41879 13298.7656  155   32 14083.2400 10468.2605  25.7%   148 2765s
 52379 41936 11336.6033   60  404 14083.2400 10468.2605  25.7%   148 2773s
 52435 41970 12129.5397  105  245 14083.2400 10468.2605  25.7%   148 2786s
 52469 42160 12289.2544  122  221 14083.2400 10468.8668  25.7%   148 2797s
 52691 42209 10892.7592   27  364 14083.2400 10469.0509  25.7%   148 2807s
 52740 42323 11400.8419   46  239 14083.2400 10469.2152  25.7%   148 2819s
 52862 42329 14065.8200  149    - 14083.2400 10469.2152  25.7%   148 2820s
 52888 42407     cutoff  149      14083.2400 10470.1059  25.7%   148 2829s
