




arguments: ./build/mirp_solver -f ./input/orig_exec_186.cfg
Current dir: /scratch/gui/bnc_mirp
File verbosity level: 9
date       time         ( uptime  ) [ thread name/id ]                   file:line     v| 
2021-01-10 07:03:27.049 (   0.246s) [main thread     ]             loguru.cpp:789   INFO| Logging to './output/vi_hc1_half/OU/V5/Original/execution_10_01_2021_07_03_27.log', mode: 'a', verbosity: 9
--------------------------------------------------------------------------------
Parameters
                           instance_path           ./input/Instances/Original/5/
                            model_policy                                       1
                             nb_vehicles                                       5
                              output_dir    ./output/vi_hc1_half/OU/V5/Original/
                            sec_strategy                                       1
                       solver_nb_threads                                       2
                         solver_show_log                                    true
                       solver_time_limit                                    3600
                              use_vi_cos                                   false
                              use_vi_cus                                   false
                         use_vi_hc1_full                                   false
                         use_vi_hc1_half                                    true
                      use_vi_hc1_quarter                                   false
                              use_vi_hc2                                   false
                              use_vi_hc3                                   false
                         use_vi_lex_full                                   false
                         use_vi_lex_half                                   false
                      use_vi_lex_quarter                                   false
                              use_vi_qua                                   false
                               use_vi_vc                                   false
                               use_vi_vr                                   false
--------------------------------------------------------------------------------
executing instance: ./input/Instances/Original/5/absH3low_4n50.dat
--------------------------------------------------------------------------------
Instance details
n	51
H	3
C	4066
Li:
[0, 0, 0, 0, 0, 0, 0, 0, 0, 0, 0, 0, 0, 0, 0, 0, 0, 0, 0, 0, 0, 0, 0, 0, 0, 0, 0, 0, 0, 0, 0, 0, 0, 0, 0, 0, 0, 0, 0, 0, 0, 0, 0, 0, 0, 0, 0, 0, 0, 0, 0, ]
Ui:
[0, 108, 126, 122, 66, 120, 48, 30, 128, 54, 158, 198, 36, 66, 210, 234, 147, 297, 171, 128, 116, 120, 219, 70, 294, 207, 134, 128, 234, 122, 22, 183, 195, 255, 132, 124, 66, 189, 219, 66, 128, 102, 288, 66, 87, 136, 36, 39, 282, 36, 237, ]
Distance matrix:
|0	210	444	498	509	104	438	228	487	304	456	434	526	476	163	47	293	396	293	290	313	85	280	437	293	336	409	106	449	376	433	478	193	404	404	534	278	181	380	507	189	438	263	473	353	216	202	218	452	254	465	|
|210	0	299	507	359	106	345	409	358	411	320	402	555	448	136	200	289	264	306	427	141	222	83	348	264	320	283	303	380	208	258	357	170	348	475	542	243	347	355	379	65	479	172	373	355	251	112	229	402	210	300	|
|444	299	0	363	65	358	116	542	66	440	26	241	425	272	282	407	251	51	276	490	159	397	224	124	217	237	48	490	170	99	83	74	261	180	430	385	214	479	231	85	270	390	184	116	271	300	409	276	210	215	54	|
|498	507	363	0	385	482	246	424	326	254	343	123	63	93	388	452	221	337	211	314	428	414	480	239	243	187	324	463	194	418	438	307	346	188	156	36	264	392	156	326	444	87	340	258	154	286	603	294	153	297	417	|
|509	359	65	385	0	422	145	602	59	492	59	269	448	292	348	472	305	115	329	545	218	462	281	152	274	286	106	554	192	153	116	78	326	216	472	403	274	540	271	63	334	425	249	127	316	361	468	337	233	278	69	|
|104	106	358	482	422	0	372	309	408	337	374	396	521	441	98	96	262	314	271	342	215	124	177	373	249	302	329	198	394	281	337	402	139	353	419	518	230	250	343	428	90	437	188	405	328	200	134	188	406	199	372	|
|438	345	116	246	145	372	0	485	87	357	97	126	309	155	279	394	180	101	200	414	223	373	288	8	157	150	84	459	53	188	196	68	245	72	328	269	165	427	128	97	297	280	184	36	175	250	456	233	94	184	170	|
|228	409	542	424	602	309	485	0	561	170	544	419	424	446	298	214	305	491	286	115	462	187	457	480	331	339	496	124	470	510	565	545	295	424	279	454	329	66	376	576	363	340	370	520	330	242	429	266	453	328	581	|
|487	358	66	326	59	408	87	561	0	441	40	211	389	233	324	446	258	95	281	497	220	431	287	95	230	234	79	522	133	164	146	19	297	160	415	344	233	500	215	21	323	367	224	68	261	320	470	299	174	242	106	|
|304	411	440	254	492	337	357	170	441	0	434	266	255	286	275	266	189	392	164	63	408	225	428	351	224	207	392	234	330	438	484	424	250	287	112	284	232	149	233	453	349	170	302	389	185	168	471	195	305	248	487	|
|456	320	26	343	59	374	97	544	40	434	0	223	406	252	294	418	247	60	271	487	181	405	247	105	215	229	49	498	149	124	109	48	270	165	419	364	215	482	218	60	288	375	194	92	261	302	431	279	190	220	75	|
|434	402	241	123	269	396	126	419	211	266	223	0	185	46	298	387	140	213	145	328	310	355	366	118	147	97	201	425	78	295	315	191	256	65	211	151	166	371	53	215	343	157	231	145	90	220	505	217	41	198	295	|
|526	555	425	63	448	521	309	424	389	255	406	185	0	156	430	481	266	398	252	310	485	442	534	301	293	237	386	480	257	478	500	370	390	249	145	55	313	401	212	389	491	89	392	321	201	322	646	334	216	345	479	|
|476	448	272	93	292	441	155	446	233	286	252	46	156	0	343	429	183	250	184	348	353	396	411	148	192	140	236	461	102	334	350	214	302	106	214	113	212	402	98	233	389	151	277	165	125	261	551	260	62	244	325	|
|163	136	282	388	348	98	279	298	324	275	294	298	430	343	0	124	167	234	178	296	167	121	162	279	151	205	247	216	297	224	280	316	42	256	340	423	132	232	246	344	74	349	100	314	233	115	216	97	308	101	307	|
|47	200	407	452	472	96	394	214	446	266	418	387	481	429	124	0	246	358	245	259	284	41	261	392	247	289	370	103	403	345	402	436	150	358	361	488	232	158	333	466	165	393	223	430	306	168	217	171	406	210	431	|
|293	289	251	221	305	262	180	305	258	189	247	140	266	183	167	246	0	204	26	240	238	215	276	175	37	43	203	289	169	255	297	242	125	122	202	257	52	248	87	272	225	191	134	215	67	80	382	77	163	81	298	|
|396	264	51	337	115	314	101	491	95	392	60	213	398	250	234	358	204	0	229	442	130	347	196	108	169	194	19	440	152	87	102	93	211	149	390	363	165	428	194	116	228	355	134	117	230	250	376	225	189	164	95	|
|293	306	276	211	329	271	200	286	281	164	271	145	252	184	178	245	26	229	0	216	262	212	297	195	63	53	228	280	184	280	323	264	138	137	178	248	76	232	95	294	241	173	156	234	60	77	395	83	172	102	324	|
|290	427	490	314	545	342	414	115	497	63	487	328	310	348	296	259	240	442	216	0	443	220	456	408	273	264	443	204	390	479	529	480	278	346	165	343	278	115	293	509	369	229	340	447	244	202	473	230	366	288	536	|
|313	141	159	428	218	215	223	462	220	408	181	310	485	353	167	284	238	130	262	443	0	288	67	228	202	252	149	382	267	67	122	221	168	247	440	459	186	396	273	241	125	423	107	245	291	242	251	214	297	162	160	|
|85	222	397	414	462	124	373	187	431	225	405	355	442	396	121	41	215	347	212	220	288	0	273	371	221	258	357	95	378	344	401	420	136	331	321	450	208	126	302	450	177	353	213	409	272	136	253	143	377	190	426	|
|280	83	224	480	281	177	288	457	287	428	247	366	534	411	162	261	276	196	297	456	67	273	0	292	243	298	215	363	329	128	176	288	179	305	475	513	224	392	324	307	96	466	143	311	335	261	187	235	357	195	219	|
|437	348	124	239	152	373	8	480	95	351	105	118	301	148	279	392	175	108	195	408	228	371	292	0	154	144	91	456	46	194	203	76	244	65	320	261	163	423	121	103	299	273	185	40	168	247	459	230	86	183	178	|
|293	264	217	243	274	249	157	331	230	224	215	147	293	192	151	247	37	169	63	273	202	221	243	154	0	57	170	303	157	217	260	215	110	111	238	278	21	271	94	245	201	223	100	193	92	93	362	78	160	54	263	|
|336	320	237	187	286	302	150	339	234	207	229	97	237	140	205	289	43	194	53	264	252	258	298	144	57	0	190	331	131	257	294	216	163	84	197	221	77	285	44	246	258	172	155	183	39	123	418	119	120	110	288	|
|409	283	48	324	106	329	84	496	79	392	49	201	386	236	247	370	203	19	228	443	149	357	215	91	170	190	0	449	136	105	114	75	221	138	384	349	168	434	185	99	245	346	146	98	224	255	394	231	174	171	99	|
|106	303	490	463	554	198	459	124	522	234	498	425	480	461	216	103	289	440	280	204	382	95	363	456	303	331	449	0	458	439	496	510	229	410	344	498	293	89	374	540	267	391	307	495	336	211	308	226	451	280	520	|
|449	380	170	194	192	394	53	470	133	330	149	78	257	102	297	403	169	152	184	390	267	378	329	46	157	131	136	458	0	238	249	114	259	47	287	216	171	416	96	137	327	235	211	67	145	247	488	235	41	197	223	|
|376	208	99	418	153	281	188	510	164	438	124	295	478	334	224	345	255	87	280	479	67	344	128	194	217	257	105	439	238	0	57	169	216	230	453	445	206	445	268	184	191	427	141	202	296	278	315	250	274	191	92	|
|433	258	83	438	116	337	196	565	146	484	109	315	500	350	280	402	297	102	323	529	122	401	176	203	260	294	114	496	249	57	0	157	271	252	490	463	251	499	296	162	247	457	195	199	331	329	362	302	288	241	47	|
|478	357	74	307	78	402	68	545	19	424	48	191	370	214	316	436	242	93	264	480	221	420	288	76	215	216	75	510	114	169	157	0	287	141	396	325	219	485	196	31	319	347	216	49	243	306	469	286	154	230	120	|
|193	170	261	346	326	139	245	295	297	250	270	256	390	302	42	150	125	211	138	278	168	136	179	244	110	163	221	229	259	216	271	287	0	216	305	382	91	229	204	316	105	310	78	280	192	83	257	60	268	62	292	|
|404	348	180	188	216	353	72	424	160	287	165	65	249	106	256	358	122	149	137	346	247	331	305	65	111	84	138	410	47	230	252	141	216	0	255	215	126	369	56	168	292	210	177	102	103	200	454	189	54	155	234	|
|404	475	430	156	472	419	328	279	415	112	419	211	145	214	340	361	202	390	178	165	440	321	475	320	238	197	384	344	287	453	490	396	305	255	0	181	254	261	201	422	410	69	335	353	160	225	551	246	252	280	482	|
|534	542	385	36	403	518	269	454	344	284	364	151	55	113	423	488	257	363	248	343	459	450	513	261	278	221	349	498	216	445	463	325	382	215	181	0	298	425	189	342	479	115	373	276	190	323	638	330	175	332	439	|
|278	243	214	264	274	230	165	329	233	232	215	166	313	212	132	232	52	165	76	278	186	208	224	163	21	77	168	293	171	206	251	219	91	126	254	298	0	267	114	250	181	242	82	202	112	88	341	68	177	33	258	|
|181	347	479	392	540	250	427	66	500	149	482	371	401	402	232	158	248	428	232	115	396	126	392	423	271	285	434	89	416	445	499	485	229	369	261	425	267	0	325	516	298	313	305	463	281	180	375	203	403	264	516	|
|380	355	231	156	271	343	128	376	215	233	218	53	212	98	246	333	87	194	95	293	273	302	324	121	94	44	185	374	96	268	296	196	204	56	201	189	114	325	0	224	294	161	185	157	49	167	455	163	78	147	284	|
|507	379	85	326	63	428	97	576	21	453	60	215	389	233	344	466	272	116	294	509	241	450	307	103	245	246	99	540	137	184	162	31	316	168	422	342	250	516	224	0	344	371	244	70	271	337	490	317	176	261	120	|
|189	65	270	444	334	90	297	363	323	349	288	343	491	389	74	165	225	228	241	369	125	177	96	299	201	258	245	267	327	191	247	319	105	292	410	479	181	298	294	344	0	414	116	328	291	187	163	165	345	147	282	|
|438	479	390	87	425	437	280	340	367	170	375	157	89	151	349	393	191	355	173	229	423	353	466	273	223	172	346	391	235	427	457	347	310	210	69	115	242	313	161	371	414	0	323	301	133	238	565	253	197	273	444	|
|263	172	184	340	249	188	184	370	224	302	194	231	392	277	100	223	134	134	156	340	107	213	143	185	100	155	146	307	211	141	195	216	78	177	335	373	82	305	185	244	116	323	0	217	192	138	278	110	230	55	214	|
|473	373	116	258	127	405	36	520	68	389	92	145	321	165	314	430	215	117	234	447	245	409	311	40	193	183	98	495	67	202	199	49	280	102	353	276	202	463	157	70	328	301	217	0	205	286	485	269	106	220	167	|
|353	355	271	154	316	328	175	330	261	185	261	90	201	125	233	306	67	230	60	244	291	272	335	168	92	39	224	336	145	296	331	243	192	103	160	190	112	281	49	271	291	133	192	205	0	138	449	141	123	145	323	|
|216	251	300	286	361	200	250	242	320	168	302	220	322	261	115	168	80	250	77	202	242	136	261	247	93	123	255	211	247	278	329	306	83	200	225	323	88	180	167	337	187	238	138	286	138	0	328	28	243	88	340	|
|202	112	409	603	468	134	456	429	470	471	431	505	646	551	216	217	382	376	395	473	251	253	187	459	362	418	394	308	488	315	362	469	257	454	551	638	341	375	455	490	163	565	278	485	449	328	0	313	508	308	406	|
|218	229	276	294	337	188	233	266	299	195	279	217	334	260	97	171	77	225	83	230	214	143	235	230	78	119	231	226	235	250	302	286	60	189	246	330	68	203	163	317	165	253	110	269	141	28	313	0	235	61	315	|
|452	402	210	153	233	406	94	453	174	305	190	41	216	62	308	406	163	189	172	366	297	377	357	86	160	120	174	451	41	274	288	154	268	54	252	175	177	403	78	176	345	197	230	106	123	243	508	235	0	207	264	|
|254	210	215	297	278	199	184	328	242	248	220	198	345	244	101	210	81	164	102	288	162	190	195	183	54	110	171	280	197	191	241	230	62	155	280	332	33	264	147	261	147	273	55	220	145	88	308	61	207	0	253	|
|465	300	54	417	69	372	170	581	106	487	75	295	479	325	307	431	298	95	324	536	160	426	219	178	263	288	99	520	223	92	47	120	292	234	482	439	258	516	284	120	282	444	214	167	323	340	406	315	264	253	0	|

--------------------------------------------------------------------------------
Building model...
	using lazy and cut (CVRPSEP package)
Solving IRP LP...
--------------------------------------------------------------------------------

Gurobi 9.1.0 (linux64) logging started Sun Jan 10 07:03:27 2021

Gurobi Optimizer version 9.1.0 build v9.1.0rc0 (linux64)
Thread count: 32 physical cores, 32 logical processors, using up to 2 threads
Optimize a model with 2325 rows, 20844 columns and 50040 nonzeros
Model fingerprint: 0x3e0829ad
Variable types: 954 continuous, 19890 integer (765 binary)
Coefficient statistics:
  Matrix range     [1e+00, 8e+02]
  Objective range  [1e-02, 6e+02]
  Bounds range     [1e+00, 3e+02]
  RHS range        [1e+01, 7e+03]
Presolve removed 297 rows and 1585 columns
Presolve time: 0.08s
Presolved: 2028 rows, 19259 columns, 44617 nonzeros
Variable types: 869 continuous, 18390 integer (17670 binary)

Root relaxation: objective 3.621158e+03, 2285 iterations, 0.09 seconds

    Nodes    |    Current Node    |     Objective Bounds      |     Work
 Expl Unexpl |  Obj  Depth IntInf | Incumbent    BestBd   Gap | It/Node Time

     0     0 3621.15823    0  174          - 3621.15823      -     -    0s
     0     0 3889.41367    0  201          - 3889.41367      -     -    1s
     0     0 3918.65533    0  157          - 3918.65533      -     -    1s
     0     0 4380.81863    0  247          - 4380.81863      -     -    1s
     0     0 4466.36383    0  252          - 4466.36383      -     -    1s
     0     0 4468.59416    0  279          - 4468.59416      -     -    2s
     0     0 4469.36763    0  279          - 4469.36763      -     -    2s
     0     0 4673.93286    0  310          - 4673.93286      -     -    2s
     0     0 4711.50338    0  353          - 4711.50338      -     -    3s
     0     0 4715.45338    0  367          - 4715.45338      -     -    3s
     0     0 4716.13149    0  400          - 4716.13149      -     -    3s
     0     0 4802.98479    0  444          - 4802.98479      -     -    4s
     0     0 4828.11290    0  398          - 4828.11290      -     -    4s
     0     0 4831.17926    0  419          - 4831.17926      -     -    4s
     0     0 4831.87949    0  424          - 4831.87949      -     -    5s
     0     0 4906.81547    0  436          - 4906.81547      -     -    6s
     0     0 4921.06611    0  354          - 4921.06611      -     -    7s
     0     0 4922.54439    0  339          - 4922.54439      -     -    7s
     0     0 4949.95048    0  463          - 4949.95048      -     -    8s
     0     0 4958.92827    0  498          - 4958.92827      -     -    8s
     0     0 4966.59905    0  543          - 4966.59905      -     -    8s
     0     0 4970.40564    0  536          - 4970.40564      -     -    9s
     0     0 4972.12136    0  551          - 4972.12136      -     -    9s
     0     0 4979.99765    0  595          - 4979.99765      -     -    9s
     0     0 4980.98444    0  583          - 4980.98444      -     -    9s
     0     0 5004.48680    0  405          - 5004.48680      -     -   10s
     0     0 5008.20928    0  471          - 5008.20928      -     -   11s
     0     0 5009.51862    0  453          - 5009.51862      -     -   11s
     0     0 5014.15365    0  431          - 5014.15365      -     -   12s
     0     0 5021.03508    0  489          - 5021.03508      -     -   14s
     0     2 5021.03508    0  488          - 5021.03508      -     -   18s
     7    10 5053.73929    3  381          - 5040.56772      -   444   20s
    24    28 5106.61700    9  249          - 5050.17701      -   548   25s
    54    58 5226.96306   21  216          - 5050.17701      -   445   30s
    73    77 5429.82710   28  252          - 5050.17701      -   471   35s
   114   122 5592.18389   44  233          - 5050.17701      -   422   40s
   161   174 5787.65571   67  228          - 5050.17701      -   393   45s
   211   233 6127.54519   91  112          - 5050.17701      -   358   50s
   284   319 6635.15496  133  159          - 5050.17701      -   303   55s
   349   346 5131.46436    7  501          - 5050.18370      -   289   61s
   374   371 5264.85217   11  440          - 5050.18370      -   299   66s
   390   386 5322.57140   15  462          - 5050.18370      -   306   70s
   427   435 5412.47949   21  516          - 5050.18370      -   308   76s
   466   473 5459.50357   26  350          - 5050.18370      -   303   80s
   512   523 5520.35086   31  356          - 5050.18370      -   296   85s
   595   649 5689.05762   41  398          - 5050.18370      -   281   91s
   730   785 5769.96128   46  282          - 5050.18370      -   247   97s
   807   824 5789.00922   47  288          - 5050.18370      -   227  100s
   868   834 6343.69650  112  188          - 5050.18370      -   222  106s
   874   838 6647.15155  131  547          - 5053.06497      -   221  110s
   882   844 7330.80388  174  636          - 5094.22148      -   219  116s
   890   849 5298.93773   24  653          - 5130.64930      -   217  122s
   895   852 5549.97816   33  713          - 5149.65789      -   215  126s
   905   859 5982.75111   81  565          - 5165.05851      -   213  130s
   914   865 6316.44232  108  602          - 5168.66637      -   211  135s
   921   870 5802.71761   51  702          - 5173.32656      -   209  141s
   927   874 7849.61090  187  800          - 5174.78794      -   208  145s
   935   880 6343.69650  112  426          - 5174.78794      -   235  150s
   945   887 6271.90277   86  715          - 5174.78794      -   233  155s
   949   890 8855.74467  257  669          - 5175.92139      -   232  160s
   955   894 7093.04060  149  761          - 5179.41299      -   230  165s
   962   898 8573.14492  235  780          - 5182.19062      -   229  170s
   966   901 7009.66437  144  788          - 5182.19640      -   228  179s
   967   905 5184.16140   26  760          - 5182.60287      -   246  180s
   975   910 5197.19113   28  708          - 5197.19113      -   251  185s
   985   917 5209.91290   31  416          - 5201.03204      -   259  190s
   996   925 5229.39701   33  367          - 5209.38333      -   265  195s
  1011   934 5266.99080   37  480          - 5209.38333      -   272  200s
  1023   943 5277.25481   40  523          - 5209.38333      -   278  205s
  1037   952 5454.04662   43  436          - 5209.38333      -   286  210s
  1046   959 5355.72097   45  599          - 5209.38333      -   293  215s
  1065   973 5361.50557   50  472          - 5209.38333      -   302  221s
  1085   988 5394.37359   55  439          - 5209.38333      -   309  226s
  1098   997 5446.98555   58  372          - 5209.38333      -   313  230s
  1119  1011 5516.44168   63  446          - 5209.38333      -   322  236s
  1133  1020 5663.68049   66  499          - 5209.38333      -   329  241s
  1150  1035 5654.30872   69  307          - 5209.38333      -   336  246s
  1173  1053 5663.35202   75  486          - 5209.38333      -   341  252s
  1186  1059 5690.20064   78  518          - 5209.38333      -   343  255s
  1211  1075 5733.78232   83  358          - 5209.38333      -   348  261s
  1233  1097 5780.84307   89  301          - 5209.38333      -   355  267s
  1250  1108 5816.57260   94  405          - 5209.38333      -   357  271s
  1279  1135 5924.69256  101  254          - 5209.38333      -   362  278s
  1303  1151 5959.58840  107  255          - 5209.38333      -   363  282s
  1327  1164 6030.83576  111  276          - 5209.38333      -   363  286s
  1348  1183 6031.07050  117  320          - 5209.38333      -   365  290s
  1374  1201 6171.26607  124  317          - 5209.38333      -   367  295s
  1401  1220 6105.99568  131  328          - 5209.38333      -   368  300s
  1443  1234 6181.01659  145  307          - 5209.38333      -   369  305s
  1487  1296 6289.61507  153  262          - 5209.38333      -   372  315s
  1534  1330 6448.67104  163  203          - 5209.38333      -   370  321s
  1588  1355 6461.92148  170  325          - 5209.38333      -   367  328s
  1635  1390 6457.18740  179  286          - 5209.38333      -   365  334s
  1680  1375 7200.42727  222  197          - 5209.38333      -   363  335s
  1686  1423 6534.97487  187  273          - 5209.38333      -   363  340s
  1736  1470 6576.21950  197  248          - 5209.38333      -   362  347s
  1800  1517 6617.43113  208  213          - 5209.38333      -   359  353s
  1868  1561 6696.95237  221  199          - 5209.38333      -   356  360s
  1938  1605 6864.39420  235  161          - 5209.38333      -   352  368s
  2009  1639 7263.89452  254  157          - 5209.38333      -   349  376s
  2085  1685 7611.22071  275   93          - 5209.38333      -   346  384s
  2112  1676 7671.19524  288  123          - 5209.38333      -   344  385s
  2158  1731 8112.46225  309   99          - 5209.38333      -   343  392s
  2234  1751 8631.21920  344  180          - 5209.38333      -   339  399s
  2276  1737 8912.23860  365  144          - 5209.38333      -   336  400s
  2288  1814 8980.89432  368   72          - 5209.38333      -   337  407s
  2383  1784 infeasible  412               - 5213.41374      -   332  414s
  2406  1787 5314.91653   30  531          - 5213.41374      -   334  421s
  2417  1801 5388.53774   31  443          - 5213.41374      -   337  428s
  2435  1807 5376.32374   33  412          - 5213.41374      -   340  436s
  2447  1822 5377.09416   34  611          - 5213.41374      -   344  443s
  2466  1843 5411.53407   37  433          - 5213.41374      -   347  450s
  2493  1859 5444.04696   41  421          - 5213.41374      -   349  457s
  2518  1883 5497.22611   45  401          - 5213.41374      -   351  466s
  2550  1900 5562.24098   50  305          - 5213.41374      -   353  474s
  2578  1925 5626.85617   54  313          - 5213.41374      -   356  485s
  2612  1948 5674.84089   59  284          - 5213.41374      -   358  497s
  2647  1976 5839.67618   68  353          - 5213.41374      -   360  506s
  2686  2028 5874.06589   72  419          - 5213.41374      -   361  515s
  2751  2067 5975.58997   82  386          - 5213.41374      -   360  525s
  2812  2105 6048.57660   88  319          - 5213.41374      -   360  536s
  2870  2158 6341.31867   93  386          - 5213.41374      -   361  547s
  2945  2225 6310.97715  102  325          - 5213.41374      -   360  559s
  2960  2220 6310.26430  108  335          - 5213.41374      -   360  560s
  3037  2309 6416.73577  112  313          - 5213.41374      -   357  573s
  3127  2279 7669.95434  282  140          - 5213.41374      -   355  575s
  3151  2458 6374.90108  123  288          - 5213.41374      -   354  590s
  3372  2392 10654.6899  389   12          - 5213.41374      -   340  595s
  3393  2441 6494.38863  134  313          - 5213.41374      -   339  606s
  3446  2489 6692.91143  147  149          - 5213.41374      -   340  619s
  3485  2476 6796.29097  162  126          - 5213.41374      -   340  620s
  3512  2565 6993.80104  167  156          - 5213.41374      -   341  633s
  3592  2539 7226.88818  193  111          - 5213.41374      -   338  635s
  3610  2649 7426.62948  195  139          - 5213.41374      -   340  648s
  3675  2629 7493.39893  208  141          - 5213.41374      -   338  650s
  3726  2807 7709.24862  211  133          - 5213.41374      -   338  666s
  3906  3030 8566.88589  244   56          - 5214.61095      -   332  690s
  4189  3128 5375.37561   32  638          - 5214.61095      -   320  709s
  4210  3128 6069.38523   90  168          - 5214.61095      -   321  710s
  4279  3309 5547.91587   38  526          - 5214.61095      -   319  733s
  4371  3309 6750.75178  139   84          - 5214.61095      -   317  735s
  4499  3341 5618.99723   42  401          - 5214.61095      -   312  752s
  4524  3383 5681.70003   45  397          - 5214.61095      -   315  768s
  4566  3430 5749.65692   58  297          - 5214.61095      -   317  784s
  4593  3430 5836.13721   68  288          - 5214.61095      -   317  785s
  4613  3480 5917.13499   69  269          - 5214.61095      -   319  801s
  4663  3580 6171.53588   74  136          - 5214.61095      -   321  820s
  4763  3715 6375.66356  102  182          - 5214.61095      -   321  841s
  4898  4030 6699.13539  140  104          - 5214.61095      -   319  866s
  5081  4033 7484.35023  207   19          - 5214.61095      -   311  870s
  5313  4236 7904.48616  182   59          - 5224.65506      -   302  895s
  5543  4311 5509.84600   38  676          - 5224.65506      -   297  919s
  5589  4381 5537.67746   41  683          - 5224.65506      -   300  939s
  5663  4496 5703.33003   48  501          - 5224.65506      -   301  961s
  5778  4709 5808.41932   53  538          - 5224.65506      -   301  987s
  5993  4949 5954.43961   65  453          - 5224.65506      -   297 1017s
  6115  4949 7890.29847  192   72          - 5224.65506      -   295 1020s
  6343  5038 6118.93113   76  316          - 5224.65506      -   288 1043s
  6403  5143 6233.08953   99  211          - 5224.65506      -   290 1066s
  6508  5301 6510.24864  132  248          - 5224.65506      -   290 1090s
  6668  5637 7389.47536  184  122          - 5225.80871      -   290 1128s
  6720  5637 7494.97837  190  121          - 5225.80871      -   289 1130s
  7052  5775 5329.81190   30  540          - 5225.80871      -   282 1158s
  7172  5891 5850.40833   41  361          - 5225.80871      -   283 1188s
  7292  6233 5834.30361   45  355          - 5225.80871      -   284 1225s
  7529  6234 8634.26232  218   11          - 5225.80871      -   280 1230s
  7709  6358 5955.76805   64  327          - 5225.80871      -   276 1257s
  7761  6358 6117.85302   92  242          - 5225.80871      -   276 1260s
  7807  6464 6396.66533   98  133          - 5225.80871      -   277 1338s
  7913  6792 7131.98465  118  150          - 5225.80871      -   279 1370s
  8056  6792 7534.87469  162   70          - 5225.80871      -   277 1375s
  8187  6796 8147.22956  197   68          - 5225.80871      -   274 1380s
  8251  7104 8347.48509  187   86          - 5228.95372      -   275 1411s
  8363  7112 9349.71000  222    -          - 5228.95372      -   272 1416s
  8609  7331 5916.37989   38  587          - 5228.95372      -   270 1451s
  8730  7331 8281.58545  214    7          - 5228.95372      -   269 1457s
  8862  7392 6131.81561   49  433          - 5228.95372      -   267 1486s
  8914  7461 6315.93864   65  266          - 5228.95372      -   269 1514s
  8953  7461 6595.89987   84  129          - 5228.95372      -   270 1515s
  8983  7545 6600.38582   87  137          - 5228.95372      -   271 1548s
  9068  7736 6826.06014  108   55          - 5229.41230      -   274 1582s
  9107  7736 6979.17388  127   53          - 5229.41230      -   274 1585s
  9286  7841 5440.53095   30  753          - 5229.41230      -   273 1616s
  9381  8058 6078.34438   45  535          - 5229.41230      -   275 1649s
  9494  8058 7492.37986  131  142          - 5229.41230      -   275 1652s
  9598  8525 6587.73516   55  294          - 5229.41230      -   274 1693s
  9685  8525 7958.42904  166  106          - 5229.41230      -   274 1695s
  9973  8525 8998.80016  242   47          - 5229.41230      -   269 1700s
 10152  9023 7057.69984   76  187          - 5229.41230      -   265 1739s
 10191  9023 7350.19750   95   59          - 5229.41230      -   265 1740s
 10456  9034 8531.41750  177   24          - 5229.41230      -   261 1745s
 10673  9211 8059.36015  116   86          - 5232.93034      -   258 1777s
 10836  9241 5862.09251   43  428          - 5232.93034      -   256 1780s
 10909  9542 6272.58388   48  424          - 5232.93034      -   257 1813s
 11014  9542 6827.83590   99   49          - 5232.93034      -   257 1815s
 11217 10011 6599.98483   73  158          - 5232.93034      -   255 1852s
 11333 10011 7792.22080  140   63          - 5232.93034      -   255 1855s
 11595 10053 9883.27682  222   41          - 5232.93034      -   251 1860s
 11839 10304 7276.92005  113   63          - 5234.04138      -   247 1897s
 11973 10304 7988.64075  156   74          - 5234.04138      -   245 1900s
 12115 10363 5513.48590   39  449          - 5234.04138      -   245 1927s
 12157 10420 6592.61994   54  421          - 5234.04138      -   247 1951s
 12214 10537 6710.27103   68  334          - 5234.04138      -   248 1978s
 12268 10537 7067.37883   89  212          - 5234.04138      -   248 1980s
 12333 10862 7075.11774   92  210          - 5234.04138      -   249 2012s
 12424 10862 7456.91386  116   99          - 5234.04138      -   249 2015s
 12657 10865 7869.75960  161   20          - 5234.04138      -   247 2020s
 12665 11297 7531.64723  124   99          - 5234.06446      -   247 2056s
 12837 11297 8521.64563  186   18          - 5234.06446      -   245 2060s
 13254 11404 5468.48573   31  561          - 5234.24997      -   240 2093s
 13290 11479 6037.87935   41  321          - 5234.24997      -   242 2120s
 13365 11582 6254.77864   56  241          - 5234.24997      -   243 2149s
 13406 11582 6383.65063   77  182          - 5234.24997      -   243 2150s
 13468 11862 6507.01772   82  190          - 5234.28380      -   244 2186s
 13624 11864 7009.29500  132    2          - 5234.28380      -   243 2190s
 13793 12010 5568.76129   36  592          - 5234.28380      -   243 2223s
 13848 12010 7456.04490  122   12          - 5234.28380      -   243 2225s
 13975 12096 6190.21612   46  361          - 5234.28380      -   242 2250s
 14033 12185 6310.83813   57  299          - 5234.28380      -   243 2277s
 14122 12579 6560.04508   77  174          - 5234.28380      -   244 2316s
 14278 12579 7267.69848  125   67          - 5234.28380      -   243 2320s
 14516 12978 8380.92857  174   16          - 5252.17148      -   241 2359s
 14530 12978 8688.45797  181   17          - 5252.17148      -   241 2360s
 14796 13009 6742.02091   90  160          - 5252.17148      -   238 2365s
 14822 13009 6770.40126   98   81          - 5252.17148      -   238 2372s
 14978 13015 7589.20308  134   14          - 5252.17148      -   237 2375s
 15022 13319 6064.33192   45  257          - 5252.17148      -   237 2410s
 15210 13328 9332.28500  187   22          - 5252.17148      -   236 2415s
 15415 13427 6218.24431   57  224          - 5252.17148      -   234 2441s
 15481 13561 6410.40889   78  137          - 5252.17148      -   235 2469s
 15533 13561 6687.25085  100   97          - 5252.17148      -   235 2470s
 15615 13819 7041.52965  116   85          - 5254.47425      -   235 2505s
 15733 13819 7306.26894  150   47          - 5254.47425      -   234 2510s
 15919 13925 5439.01151   37  654          - 5254.47425      -   234 2539s
 15932 13925 6101.24461   49  421          - 5254.47425      -   234 2540s
 16003 14190 6172.38992   52  410          - 5254.47425      -   234 2574s
 16030 14190 6398.31575   63  217          - 5254.47425      -   235 2575s
 16312 14208 8064.28818  169    5          - 5254.47425      -   233 2580s
 16339 14298 6470.86048   69  189          - 5254.47425      -   233 2608s
 16417 14566 6739.43651   98  158          - 5254.47425      -   234 2782s
 16508 14566 7192.41418  129   30          - 5254.47425      -   233 2785s
 16735 14625 7683.31424  152   20          - 5257.15698      -   232 2814s
 16757 14631 5809.06479   35  427          - 5257.15698      -   233 2815s
 16795 14743 6312.75993   42  235          - 5257.15698      -   233 2840s
 16907 15086 6642.54440   59  285          - 5257.15698      -   234 2876s
 17228 15106 7736.42000  185    -          - 5257.15698      -   233 2882s
 17297 15361 6906.22149   78  163          - 5257.15698      -   232 2915s
 17520 15365 8295.99766  211   27          - 5257.15698      -   231 2920s
 17665 15497 7617.76297  135   11          - 5257.17073      -   230 2950s
 17764 15609 5924.36338   45  333          - 5257.17073      -   231 2980s
 17869 15814 6460.59429   71  147          - 5257.17073      -   232 3013s
 17947 15814 7080.69045   97  102          - 5257.17073      -   232 3015s
 18074 16019 6933.31154   99   58          - 5257.34971      -   232 3056s
 18350 16078 5458.88523   36  501          - 5260.49958      -   231 3092s
 18396 16209 6091.75604   53  204          - 5260.49958      -   232 3125s
 18527 16383 6251.15377   77  112          - 5260.49958      -   233 3159s
 18540 16383 6322.82949   79   15          - 5260.49958      -   233 3160s
 18705 16677 6596.21306  116   95          - 5260.49958      -   233 3196s
 18901 16679 7222.36077  173    6          - 5260.49958      -   233 3200s
 19045 16847 7295.41206  159   59          - 5266.99281      -   232 3230s
 19315 17033 5759.33741   43  393          - 5266.99281      -   231 3261s
 19448 17196 6251.51881   66  144          - 5266.99281      -   231 3289s
 19461 17196 6291.09531   71  135          - 5266.99281      -   231 3290s
 19611 17581 6613.97498  101   56          - 5266.99281      -   231 3325s
 19833 17588 7892.69790  182   14          - 5266.99281      -   230 3330s
 20057 18011 7598.88213  159   44          - 5267.28805      -   230 3377s
 20215 18042 9374.52000  225    -          - 5267.28805      -   228 3380s
 20506 18059 8394.21046  171   24          - 5271.53042      -   227 3385s
 20690 18177 5768.63754   45  363          - 5271.53042      -   225 3411s
 20755 18277 6381.82609   71  128          - 5271.53042      -   226 3438s
 20855 18598 6740.28408   95   77          - 5271.55491      -   227 3478s
 20907 18598 7268.15157  109   88          - 5271.55491      -   227 3480s
 21267 18815 5436.14998   40  698          - 5271.55491      -   225 3513s
 21441 19037 6431.41716   53  303          - 5271.55491      -   226 3544s
 21480 19037 6876.49106   72  196          - 5271.55491      -   226 3545s
 21719 19192 6886.11046   74  117          - 5271.55491      -   225 3576s
 21784 19192 7457.71748   95   73          - 5271.55491      -   225 3584s
 21810 19192 7504.27220  107   54          - 5271.55491      -   225 3585s
 21849 19342 7564.17143  110   26          - 5271.55491      -   225 3600s

Cutting planes:
  User: 5606
  Gomory: 43
  Cover: 579
  Implied bound: 107
  Clique: 3
  MIR: 167
  Flow cover: 701
  Zero half: 40
  Network: 1
  RLT: 457
  Relax-and-lift: 8
  Lazy constraints: 2846

Explored 22033 nodes (4960434 simplex iterations) in 3602.71 seconds
Thread count was 2 (of 32 available processors)

Solution count 0

Time limit reached
Best objective -, best bound 5.271554914471e+03, gap -

User-callback calls 312915, time in user-callback 331.58 sec
================================================================================
executing instance: ./input/Instances/Original/5/absH3low_4n25.dat
--------------------------------------------------------------------------------
Instance details
n	26
H	3
C	2029
Li:
[0, 0, 0, 0, 0, 0, 0, 0, 0, 0, 0, 0, 0, 0, 0, 0, 0, 0, 0, 0, 0, 0, 0, 0, 0, 0, ]
Ui:
[0, 34, 165, 76, 88, 188, 58, 279, 52, 132, 198, 142, 135, 165, 186, 58, 201, 196, 40, 183, 32, 90, 168, 126, 93, 146, ]
Distance matrix:
|0	299	188	235	91	202	152	147	162	277	268	132	71	162	220	69	220	289	241	124	265	80	162	132	66	302	|
|299	0	468	431	282	142	317	425	443	569	193	178	359	302	422	231	93	28	511	325	457	242	434	215	240	601	|
|188	468	0	153	265	342	308	43	192	106	455	290	117	206	142	246	379	464	252	274	360	267	211	319	231	184	|
|235	431	153	0	326	289	386	145	321	240	482	269	184	129	15	258	339	436	393	355	477	305	336	354	237	334	|
|91	282	265	326	0	228	66	228	166	339	196	157	154	242	311	99	225	264	229	50	201	47	153	71	115	340	|
|202	142	342	289	228	0	285	301	363	447	255	73	245	161	281	139	53	151	440	278	428	181	360	187	136	495	|
|152	317	308	386	66	285	0	275	167	368	188	217	207	308	371	163	274	295	210	34	145	108	148	104	181	350	|
|147	425	43	145	228	301	275	0	179	146	415	248	76	172	131	203	337	421	248	242	341	227	195	279	188	211	|
|162	443	192	321	166	363	167	179	0	216	352	291	152	302	307	225	375	428	81	138	170	201	22	237	227	183	|
|277	569	106	240	339	447	368	146	216	0	535	391	210	312	232	341	481	562	245	335	381	352	238	402	329	106	|
|268	193	455	482	196	255	188	415	352	535	0	225	339	367	469	224	212	165	398	214	302	188	335	136	245	533	|
|132	178	290	269	157	73	217	248	291	391	225	0	183	145	258	66	91	175	367	207	358	110	287	127	67	431	|
|71	359	117	184	154	245	207	76	152	210	339	183	0	152	169	131	274	352	232	174	294	151	161	203	119	251	|
|162	302	206	129	242	161	308	172	302	312	367	145	152	0	120	153	210	308	383	284	426	208	309	249	132	383	|
|220	422	142	15	311	281	371	131	307	232	469	258	169	120	0	245	330	427	379	340	461	291	321	340	224	324	|
|69	231	246	258	99	139	163	203	225	341	224	66	131	153	245	0	152	222	301	147	299	57	221	97	22	371	|
|220	93	379	339	225	53	274	337	375	481	212	91	274	210	330	152	0	99	448	273	419	180	369	171	157	521	|
|289	28	464	436	264	151	295	421	428	562	165	175	352	308	427	222	99	0	493	305	434	227	418	196	234	590	|
|241	511	252	393	229	440	210	248	81	245	398	367	232	383	379	301	448	493	0	190	147	270	80	298	305	175	|
|124	325	274	355	50	278	34	242	138	335	214	207	174	284	340	147	273	305	190	0	152	97	122	110	162	320	|
|265	457	360	477	201	428	145	341	170	381	302	358	294	426	461	299	419	434	147	152	0	248	150	249	312	322	|
|80	242	267	305	47	181	108	227	201	352	188	110	151	208	291	57	180	227	270	97	248	0	192	52	76	366	|
|162	434	211	336	153	360	148	195	22	238	335	287	161	309	321	221	369	418	80	122	150	192	0	224	225	203	|
|132	215	319	354	71	187	104	279	237	402	136	127	203	249	340	97	171	196	298	110	249	52	224	0	118	409	|
|66	240	231	237	115	136	181	188	227	329	245	67	119	132	224	22	157	234	305	162	312	76	225	118	0	364	|
|302	601	184	334	340	495	350	211	183	106	533	431	251	383	324	371	521	590	175	320	322	366	203	409	364	0	|

--------------------------------------------------------------------------------
Building model...
	using lazy and cut (CVRPSEP package)
Solving IRP LP...
--------------------------------------------------------------------------------

Gurobi 9.1.0 (linux64) logging started Sun Jan 10 08:03:30 2021

Gurobi Optimizer version 9.1.0 build v9.1.0rc0 (linux64)
Thread count: 32 physical cores, 32 logical processors, using up to 2 threads
Optimize a model with 1181 rows, 5744 columns and 14801 nonzeros
Model fingerprint: 0xa83b1913
Variable types: 479 continuous, 5265 integer (390 binary)
Coefficient statistics:
  Matrix range     [1e+00, 4e+02]
  Objective range  [1e-02, 6e+02]
  Bounds range     [1e+00, 3e+02]
  RHS range        [2e+01, 3e+03]
Presolve removed 204 rows and 815 columns
Presolve time: 0.05s
Presolved: 977 rows, 4929 columns, 12104 nonzeros
Variable types: 414 continuous, 4515 integer (4170 binary)

Root relaxation: objective 2.669835e+03, 1148 iterations, 0.03 seconds

    Nodes    |    Current Node    |     Objective Bounds      |     Work
 Expl Unexpl |  Obj  Depth IntInf | Incumbent    BestBd   Gap | It/Node Time

