




arguments: ./build/mirp_solver -f ./input/orig_exec_147.cfg
Current dir: /scratch/gui/bnc_mirp
File verbosity level: 9
date       time         ( uptime  ) [ thread name/id ]                   file:line     v| 
2021-01-10 01:32:09.926 (   0.072s) [main thread     ]             loguru.cpp:789   INFO| Logging to './output/vi_hc1_half/OU/V5/Original/execution_10_01_2021_01_32_09.log', mode: 'a', verbosity: 9
--------------------------------------------------------------------------------
Parameters
                           instance_path           ./input/Instances/Original/4/
                            model_policy                                       1
                             nb_vehicles                                       5
                              output_dir    ./output/vi_hc1_half/OU/V5/Original/
                            sec_strategy                                       1
                       solver_nb_threads                                       2
                         solver_show_log                                    true
                       solver_time_limit                                    3600
                              use_vi_cos                                   false
                              use_vi_cus                                   false
                         use_vi_hc1_full                                   false
                         use_vi_hc1_half                                    true
                      use_vi_hc1_quarter                                   false
                              use_vi_hc2                                   false
                              use_vi_hc3                                   false
                         use_vi_lex_full                                   false
                         use_vi_lex_half                                   false
                      use_vi_lex_quarter                                   false
                              use_vi_qua                                   false
                               use_vi_vc                                   false
                               use_vi_vr                                   false
--------------------------------------------------------------------------------
executing instance: ./input/Instances/Original/4/absH3low_3n30.dat
--------------------------------------------------------------------------------
Instance details
n	31
H	3
C	2841
Li:
[0, 0, 0, 0, 0, 0, 0, 0, 0, 0, 0, 0, 0, 0, 0, 0, 0, 0, 0, 0, 0, 0, 0, 0, 0, 0, 0, 0, 0, 0, 0, ]
Ui:
[0, 246, 98, 54, 144, 171, 192, 180, 165, 98, 122, 198, 297, 144, 130, 129, 219, 138, 142, 150, 108, 66, 64, 285, 180, 204, 276, 168, 240, 198, 122, ]
Distance matrix:
|0	172	56	166	260	198	42	197	296	110	91	112	238	275	323	183	330	232	175	181	162	191	232	280	201	139	356	185	266	216	26	|
|172	0	178	223	320	335	153	355	444	62	231	99	333	376	214	352	176	235	194	106	47	41	353	161	299	175	225	43	326	374	153	|
|56	178	0	110	204	162	93	233	336	125	144	148	187	226	358	180	313	284	123	152	182	185	282	252	256	88	329	177	210	251	42	|
|166	223	110	0	102	150	199	327	431	194	253	237	113	156	431	228	296	386	44	140	248	208	389	218	366	48	287	200	108	344	148	|
|260	320	204	102	0	156	296	391	493	296	340	339	66	90	531	263	362	486	127	226	349	300	469	278	454	148	334	292	6	406	245	|
|198	335	162	150	156	0	239	255	351	286	245	307	93	106	518	111	442	423	194	280	344	335	349	367	352	182	437	327	158	266	199	|
|42	153	93	199	296	239	0	203	296	91	82	76	278	316	284	217	322	191	201	186	133	180	217	281	177	165	356	175	302	222	52	|
|197	355	233	327	391	255	203	0	104	294	125	266	340	361	436	151	524	276	352	377	330	383	109	477	146	319	553	377	395	19	222	|
|296	444	336	431	493	351	296	104	0	384	214	348	440	456	488	241	617	315	456	476	412	475	113	575	176	422	651	470	497	88	322	|
|110	62	125	194	296	286	91	294	384	0	171	55	298	340	238	292	233	210	176	118	58	91	298	201	248	148	273	87	302	313	94	|
|91	231	144	253	340	245	82	125	214	171	0	141	307	339	324	184	403	187	266	266	204	261	140	363	114	230	438	256	346	144	116	|
|112	99	148	237	339	307	76	266	348	55	141	0	332	373	212	292	275	156	225	173	64	137	254	253	200	194	322	135	345	284	108	|
|238	333	187	113	66	93	278	340	440	298	307	332	0	43	536	203	404	469	153	253	354	321	427	322	420	160	385	313	67	353	229	|
|275	376	226	156	90	106	316	361	456	340	339	373	43	0	578	216	443	507	194	295	397	364	453	361	451	203	421	356	88	372	268	|
|323	214	358	431	531	518	284	436	488	238	324	212	536	578	0	498	309	176	407	320	183	245	376	344	312	383	379	251	537	451	319	|
|183	352	180	228	263	111	217	151	241	292	184	292	203	216	498	0	492	371	266	328	345	364	255	426	272	242	501	356	266	159	198	|
|330	176	313	296	362	442	322	524	617	233	403	275	404	443	309	492	0	397	253	164	218	142	529	84	475	260	72	147	367	543	306	|
|232	235	284	386	486	423	191	276	315	210	187	156	469	507	176	371	397	0	379	327	188	276	202	396	139	346	456	277	492	289	242	|
|175	194	123	44	127	194	201	352	456	176	266	225	153	194	407	266	253	379	0	101	225	174	405	174	375	36	244	166	133	370	152	|
|181	106	152	140	226	280	186	377	476	118	266	173	253	295	320	328	164	327	101	0	148	76	403	100	360	98	177	69	232	396	155	|
|162	47	182	248	349	344	133	330	412	58	204	64	354	397	183	345	218	188	225	148	0	89	316	208	259	201	270	90	355	348	149	|
|191	41	185	208	300	335	180	383	475	91	261	137	321	364	245	364	142	276	174	76	89	0	388	119	336	162	185	8	306	402	169	|
|232	353	282	389	469	349	217	109	113	298	140	254	427	453	376	255	529	202	405	403	316	388	0	497	64	369	570	384	474	112	256	|
|280	161	252	218	278	367	281	477	575	201	363	253	322	361	344	426	84	396	174	100	208	119	497	0	449	187	77	119	283	496	255	|
|201	299	256	366	454	352	177	146	176	248	114	200	420	451	312	272	475	139	375	360	259	336	64	449	0	339	521	333	460	156	223	|
|139	175	88	48	148	182	165	319	422	148	230	194	160	203	383	242	260	346	36	98	201	162	369	187	339	0	260	153	154	337	116	|
|356	225	329	287	334	437	356	553	651	273	438	322	385	421	379	501	72	456	244	177	270	185	570	77	521	260	0	187	338	572	331	|
|185	43	177	200	292	327	175	377	470	87	256	135	313	356	251	356	147	277	166	69	90	8	384	119	333	153	187	0	298	396	163	|
|266	326	210	108	6	158	302	395	497	302	346	345	67	88	537	266	367	492	133	232	355	306	474	283	460	154	338	298	0	410	251	|
|216	374	251	344	406	266	222	19	88	313	144	284	353	372	451	159	543	289	370	396	348	402	112	496	156	337	572	396	410	0	241	|
|26	153	42	148	245	199	52	222	322	94	116	108	229	268	319	198	306	242	152	155	149	169	256	255	223	116	331	163	251	241	0	|

--------------------------------------------------------------------------------
Building model...
	using lazy and cut (CVRPSEP package)
Solving IRP LP...
--------------------------------------------------------------------------------

Gurobi 9.1.0 (linux64) logging started Sun Jan 10 01:32:10 2021

Gurobi Optimizer version 9.1.0 build v9.1.0rc0 (linux64)
Thread count: 32 physical cores, 32 logical processors, using up to 2 threads
Optimize a model with 1405 rows, 8014 columns and 20140 nonzeros
Model fingerprint: 0x9e997747
Variable types: 574 continuous, 7440 integer (465 binary)
Coefficient statistics:
  Matrix range     [1e+00, 6e+02]
  Objective range  [1e-02, 7e+02]
  Bounds range     [1e+00, 3e+02]
  RHS range        [3e+01, 5e+03]
Presolve removed 220 rows and 967 columns
Presolve time: 0.05s
Presolved: 1185 rows, 7047 columns, 16962 nonzeros
Variable types: 507 continuous, 6540 integer (6120 binary)

Root relaxation: objective 2.473147e+03, 1427 iterations, 0.04 seconds

    Nodes    |    Current Node    |     Objective Bounds      |     Work
 Expl Unexpl |  Obj  Depth IntInf | Incumbent    BestBd   Gap | It/Node Time

     0     0 2473.14676    0   90          - 2473.14676      -     -    0s
     0     0 2697.57322    0  150          - 2697.57322      -     -    0s
     0     0 3216.05985    0  205          - 3216.05985      -     -    0s
     0     0 3226.29763    0  167          - 3226.29763      -     -    0s
     0     0 3226.69375    0  168          - 3226.69375      -     -    0s
     0     0 3324.11773    0  188          - 3324.11773      -     -    0s
     0     0 3326.17816    0  216          - 3326.17816      -     -    0s
     0     0 3327.96053    0  180          - 3327.96053      -     -    0s
     0     0 3335.80862    0  181          - 3335.80862      -     -    1s
     0     0 3357.31819    0  240          - 3357.31819      -     -    1s
     0     0 3366.70495    0  186          - 3366.70495      -     -    1s
     0     0 3367.08820    0  173          - 3367.08820      -     -    1s
     0     0 3465.33675    0  232          - 3465.33675      -     -    1s
     0     0 3477.22715    0  233          - 3477.22715      -     -    1s
     0     0 3480.46544    0  205          - 3480.46544      -     -    1s
     0     0 3481.19349    0  218          - 3481.19349      -     -    1s
     0     0 3573.93789    0  375          - 3573.93789      -     -    1s
     0     0 3579.52270    0  322          - 3579.52270      -     -    2s
     0     0 3580.96495    0  342          - 3580.96495      -     -    2s
     0     0 3581.68662    0  340          - 3581.68662      -     -    2s
     0     0 3619.50616    0  354          - 3619.50616      -     -    2s
     0     0 3624.95258    0  344          - 3624.95258      -     -    2s
     0     0 3626.32197    0  287          - 3626.32197      -     -    2s
     0     0 3626.58000    0  293          - 3626.58000      -     -    2s
     0     0 3644.99343    0  334          - 3644.99343      -     -    3s
     0     0 3647.10472    0  306          - 3647.10472      -     -    3s
     0     0 3647.13887    0  293          - 3647.13887      -     -    3s
     0     0 3650.79993    0  325          - 3650.79993      -     -    3s
     0     0 3650.79993    0  298          - 3650.79993      -     -    3s
     0     2 3651.80215    0  295          - 3651.80215      -     -    3s
    22    25 3695.47685    6  274          - 3654.95058      -   324    5s
   110   118 4112.99268   36  232          - 3654.95058      -   342   10s
   266   300 4768.36241   66  188          - 3654.95058      -   263   15s
   542   534 3772.08580    5  423          - 3654.95058      -   177   20s
   718   751 7774.19053  227   22          - 3662.97656      -   161   25s
*  761   752             256    8176.7700000 3662.97656  55.2%   153   25s
   777   759 7924.77300  221  338 8176.77000 3662.97656  55.2%   155   30s
   805   778 7710.60091  219  455 8176.77000 3842.92952  53.0%   150   35s
   821   789 6158.01022  146  593 8176.77000 3863.31529  52.8%   147   40s
   834   797 5518.61787  126  586 8176.77000 3867.53467  52.7%   145   45s
H  836   758                    8038.7700000 3867.71574  51.9%   144   46s
H  843   725                    8035.7700000 3867.98516  51.9%   162   47s
   852   731 5977.21477  142  562 8035.77000 3867.98516  51.9%   160   50s
H  856   696                    7766.6300000 3867.98516  50.2%   159   51s
H  861   665                    7758.6500000 3869.87772  50.1%   158   52s
   871   671 5774.64688  120  565 7758.65000 3871.69367  50.1%   156   56s
   885   681 7615.08542  212  544 7758.65000 3878.41641  50.0%   154   60s
   908   699 3924.30516   27  451 7758.65000 3906.23229  49.7%   175   65s
   945   726 3978.09350   36  492 7758.65000 3906.23229  49.7%   187   70s
   978   748 4052.89642   44  467 7758.65000 3906.23229  49.7%   195   76s
  1020   775 4134.20463   54  352 7758.65000 3906.23229  49.7%   203   81s
  1031   789 4217.39710   56  422 7758.65000 3906.23229  49.7%   207   85s
  1095   824 4687.25652   69  271 7758.65000 3906.23229  49.7%   217   90s
  1152   879 4826.53361   86  174 7758.65000 3906.23229  49.7%   218   95s
H 1181   852                    5244.6700000 3906.23229  25.5%   218   96s
  1282   895 4192.50122   25  162 5244.67000 3906.28595  25.5%   219  100s
  1347   945 4452.74631   35  295 5244.67000 3906.28595  25.5%   226  105s
  1419   966 4737.79056   45  259 5244.67000 3906.28595  25.5%   227  110s
  1488   986 4149.24986   25  446 5244.67000 3923.59923  25.2%   233  115s
  1555  1044 4357.34052   36  397 5244.67000 3923.59923  25.2%   243  121s
  1614  1106 4467.98304   44  308 5244.67000 3923.59923  25.2%   246  125s
  1719  1188 4709.26413   56  191 5244.67000 3923.59923  25.2%   244  130s
H 1835  1075                    5077.0400000 3923.59923  22.7%   243  135s
  1905  1093 4565.96674   37  268 5077.04000 3956.04587  22.1%   245  140s
  1988  1147 4426.51111   42  362 5077.04000 3956.04587  22.1%   247  146s
  2097  1166 4961.79282   66  127 5077.04000 3956.04587  22.1%   244  150s
  2177  1186 4336.65354   30  288 5077.04000 3973.62160  21.7%   245  155s
  2230  1232 4790.94997   45  183 5077.04000 3973.62160  21.7%   251  161s
  2324  1274     cutoff   76      5077.04000 3981.76574  21.6%   254  167s
  2355  1308 4560.82302   30  340 5077.04000 3981.76574  21.6%   256  171s
  2449  1367 4381.78173   35  373 5077.04000 3987.13292  21.5%   259  178s
  2535  1373 4228.90929   29  440 5077.04000 3987.55944  21.5%   258  181s
  2569  1410 4542.02285   47  181 5077.04000 3995.92145  21.3%   260  186s
  2637  1439 4335.71092   28  433 5077.04000 3995.95559  21.3%   260  190s
  2771  1492 4338.19513   34  459 5077.04000 3996.54001  21.3%   261  198s
  2799  1544 4586.98227   42  378 5077.04000 3996.54001  21.3%   264  202s
  2853  1591 4859.64955   58  295 5077.04000 4003.77563  21.1%   265  207s
H 2920  1630                    5062.0400000 4003.77563  20.9%   266  212s
  2987  1668 5000.27558   60   81 5062.04000 4008.36914  20.8%   266  217s
  3033  1725 4955.20648   52  204 5062.04000 4008.43688  20.8%   268  223s
  3099  1768 4447.61465   39  303 5062.04000 4008.43688  20.8%   269  228s
H 3125  1730                    5040.0400000 4008.43688  20.5%   268  228s
  3150  1772 4859.38427   65  305 5040.04000 4009.12368  20.5%   269  233s
  3208  1819 4691.12762   44  209 5040.04000 4009.13849  20.5%   271  239s
  3293  1875 5002.61475   58  201 5040.04000 4022.20867  20.2%   271  245s
  3369  1937 4920.92661   64  235 5040.04000 4031.63968  20.0%   272  251s
  3457  2017 4297.53596   37  469 5040.04000 4032.07270  20.0%   273  257s
H 3545  2049                    5028.0400000 4032.07270  19.8%   273  265s
  3621  2111 4325.98365   38  316 5028.04000 4038.07075  19.7%   272  272s
  3701  2199 4769.67144   43  256 5028.04000 4046.23196  19.5%   273  279s
  3806  2252 4601.33870   48  353 5028.04000 4046.51789  19.5%   273  286s
  3911  2313 4319.85534   35  324 5028.04000 4054.79177  19.4%   274  295s
  3988  2365 4270.67444   30  383 5028.04000 4054.80335  19.4%   275  302s
  4040  2457 4618.89087   41  222 5028.04000 4054.80335  19.4%   278  310s
  4134  2543 4945.90119   65  125 5028.04000 4055.58389  19.3%   280  318s
  4270  2643     cutoff   79      5028.04000 4056.11245  19.3%   279  327s
  4393  2713 4182.28485   31  369 5028.04000 4062.92838  19.2%   279  336s
  4488  2810 4610.40744   49  289 5028.04000 4067.47354  19.1%   281  346s
  4593  2874 4917.73338   72  224 5028.04000 4070.16426  19.1%   283  355s
  4690  2962 4615.84153   32  295 5028.04000 4070.55863  19.0%   285  366s
H 4755  2947                    5020.0400000 4070.55863  18.9%   284  366s
  4780  2984 4958.38296   68  115 5020.04000 4070.57218  18.9%   287  376s
  4830  3091 4550.26302   49  198 5020.04000 4070.57218  18.9%   288  386s
  4971  3161 4985.22700   82  232 5020.04000 4075.82548  18.8%   289  397s
  5085  3247 4262.68591   33  355 5020.04000 4080.36770  18.7%   291  408s
* 5136  3092              49    4971.0400000 4080.36770  17.9%   292  408s
  5218  3131 4533.71062   51  456 4971.04000 4085.81805  17.8%   292  420s
  5306  3232 4379.77455   30  426 4971.04000 4087.79104  17.8%   295  432s
  5440  3321     cutoff   70      4971.04000 4091.13130  17.7%   296  444s
  5567  3406 4444.14560   40  414 4971.04000 4094.29008  17.6%   298  457s
  5680  3512 4849.84520   64  316 4971.04000 4099.03685  17.5%   299  470s
  5848  3601 4907.69063   41  120 4971.04000 4108.07401  17.4%   300  485s
  5989  3678     cutoff   52      4971.04000 4128.53630  16.9%   301  499s
  6063  3678 4288.92576   31  252 4971.04000 4128.53630  16.9%   301  500s
  6098  3791 4283.74855   32  265 4971.04000 4129.15396  16.9%   303  514s
  6257  3904 4411.44765   34  365 4971.04000 4133.81346  16.8%   304  528s
  6408  4016 4812.35014   78  228 4971.04000 4134.79958  16.8%   306  543s
  6563  4128 4914.98234   38  292 4971.04000 4138.26503  16.8%   307  558s
  6753  4221     cutoff   36      4971.04000 4140.07293  16.7%   307  573s
  6899  4337 4646.67026   36  328 4971.04000 4147.17110  16.6%   309  588s
  7070  4437 4652.39616   38  326 4971.04000 4150.74020  16.5%   309  610s
  7204  4537     cutoff   40      4971.04000 4153.83309  16.4%   310  625s
  7370  4686 4502.99885   35  296 4971.04000 4160.03610  16.3%   310  641s
  7543  4780 4849.50613   50  171 4971.04000 4161.83778  16.3%   311  657s
  7707  4889 4618.96296   62  369 4971.04000 4169.41448  16.1%   312  673s
  7832  5023 4799.54322   52  244 4971.04000 4170.21750  16.1%   314  689s
  8040  5146 4523.29554   34  275 4971.04000 4176.64252  16.0%   314  706s
  8216  5240     cutoff   46      4971.04000 4178.31168  15.9%   315  722s
  8393  5337 4954.69305   51  251 4971.04000 4181.12508  15.9%   315  737s
  8556  5434     cutoff   77      4971.04000 4184.87072  15.8%   316  754s
  8689  5548 4694.96780   45  322 4971.04000 4190.65482  15.7%   318  770s
  8862  5650 4880.09968   55  313 4971.04000 4193.32759  15.6%   318  786s
  9004  5763 4415.71773   39  398 4971.04000 4195.13826  15.6%   320  802s
  9198  5818     cutoff   58      4971.04000 4196.60588  15.6%   319  819s
  9252  5818 4859.60037   64  353 4971.04000 4198.24433  15.5%   320  820s
  9325  5936 4957.53197   52  311 4971.04000 4198.31823  15.5%   321  835s
  9479  6049 4586.51250   40  391 4971.04000 4199.53792  15.5%   322  851s
  9617  6140 4828.40233   52  253 4971.04000 4201.28060  15.5%   324  868s
  9783  6260 4520.76644   42  310 4971.04000 4203.60687  15.4%   324  886s
  9934  6378 4542.42465   39  483 4971.04000 4204.39026  15.4%   324  903s
 10110  6456 4400.49727   34  301 4971.04000 4209.17450  15.3%   324  920s
 10226  6578 4438.45463   30  328 4971.04000 4211.32003  15.3%   325  938s
 10373  6698 4545.68032   33  234 4971.04000 4211.56116  15.3%   326  955s
 10564  6801 4780.99374   32  355 4971.04000 4213.08384  15.2%   326  973s
 10688  6883 4739.77422   57  216 4971.04000 4214.53554  15.2%   327  990s
 10819  6961 4559.01634   41  424 4971.04000 4215.40031  15.2%   329 1007s
 10952  7041 4575.96429   35  414 4971.04000 4216.91453  15.2%   329 1025s
 11051  7167 4638.32695   59  267 4971.04000 4217.43170  15.2%   332 1043s
 11231  7271 4901.14751   64  348 4971.04000 4218.09989  15.1%   332 1061s
 11394  7362 4691.55450   42  264 4971.04000 4221.97313  15.1%   332 1080s
 11509  7467 4658.43364   48  245 4971.04000 4222.93616  15.0%   334 1100s
 11681  7539 4533.24454   33  266 4971.04000 4224.98150  15.0%   335 1118s
 11835  7651 4307.62873   27  436 4971.04000 4225.92531  15.0%   336 1135s
 11983  7753 4496.24716   38  183 4971.04000 4226.92574  15.0%   336 1153s
 12142  7841 4359.80535   38  515 4971.04000 4228.56414  14.9%   337 1170s
 12272  7935 4541.00648   42  323 4971.04000 4229.80044  14.9%   338 1187s
 12411  8006 4652.57594   38  282 4971.04000 4231.61164  14.9%   339 1206s
 12643  8082 4475.89552   35  272 4971.04000 4235.17705  14.8%   337 1224s
 12773  8194 4434.16387   50  395 4971.04000 4235.98957  14.8%   338 1243s
 12929  8307 4459.05076   41  409 4971.04000 4237.38873  14.8%   339 1261s
 13092  8402 4808.92994   43  260 4971.04000 4238.05035  14.7%   339 1279s
 13258  8482 4551.24262   33  422 4971.04000 4239.00214  14.7%   339 1297s
 13375  8588 4711.40106   44  388 4971.04000 4239.56069  14.7%   341 1315s
 13531  8691 4602.25495   38  260 4971.04000 4239.87293  14.7%   341 1334s
 13692  8810 4443.04940   31  449 4971.04000 4242.61175  14.7%   341 1354s
 13860  8879 4791.17703   67  256 4971.04000 4242.86143  14.6%   341 1372s
 13988  8951     cutoff   42      4971.04000 4244.52649  14.6%   342 1390s
 14139  9038     cutoff   60      4971.04000 4245.90512  14.6%   343 1408s
 14265  9126 4499.12924   38  433 4971.04000 4247.10879  14.6%   344 1426s
 14418  9188 4905.78681   39  275 4971.04000 4248.85872  14.5%   345 1445s
 14516  9256 4895.54753   45  265 4971.04000 4249.32668  14.5%   346 1463s
 14624  9333 4800.09457   42  297 4971.04000 4249.99513  14.5%   347 1482s
 14772  9421 4643.01124   42  299 4971.04000 4251.70113  14.5%   348 1500s
 14890  9521 4770.97957   48  401 4971.04000 4252.32512  14.5%   349 1518s
 15034  9611 4618.24556   36  427 4971.04000 4252.93374  14.4%   350 1537s
 15208  9717 4382.21850   33  420 4971.04000 4254.29871  14.4%   350 1556s
 15374  9796 4850.80198   50  204 4971.04000 4255.76148  14.4%   350 1574s
 15442  9796 4718.03799   37  396 4971.04000 4256.13004  14.4%   351 1575s
 15521  9873 4417.29597   34  456 4971.04000 4256.13004  14.4%   351 1593s
 15642  9953 4940.49133   59  272 4971.04000 4256.61106  14.4%   352 1610s
 15789 10052 4443.21846   35  332 4971.04000 4258.34533  14.3%   353 1629s
 15853 10052 4339.13341   34  477 4971.04000 4259.32069  14.3%   353 1630s
 15912 10154 4827.30383   54  396 4971.04000 4259.64568  14.3%   354 1648s
 16058 10247 4402.47186   29  348 4971.04000 4260.36488  14.3%   354 1666s
 16203 10337 4728.77395   33  183 4971.04000 4263.57028  14.2%   355 1685s
 16373 10428 4415.30686   33  449 4971.04000 4265.27340  14.2%   355 1704s
 16491 10548 4698.54744   51  226 4971.04000 4265.58953  14.2%   356 1724s
 16601 10548 4773.41354   50  294 4971.04000 4267.59613  14.2%   357 1725s
 16678 10655 4708.10907   45  335 4971.04000 4267.63399  14.2%   357 1744s
 16750 10655 4795.94202   54  289 4971.04000 4269.26389  14.1%   357 1745s
 16833 10745 4404.19098   28  342 4971.04000 4269.29902  14.1%   358 1763s
 16973 10835 4909.44094   40  155 4971.04000 4272.14380  14.1%   358 1782s
 17094 10915     cutoff   53      4971.04000 4272.32541  14.1%   360 1801s
 17268 11014 4518.28786   37  395 4971.04000 4274.84712  14.0%   360 1820s
 17415 11150 4933.48778   39  316 4971.04000 4276.52356  14.0%   360 1840s
 17605 11225 4659.96656   43  352 4971.04000 4277.82875  13.9%   361 1859s
 17673 11225 4802.84202   41  232 4971.04000 4278.90201  13.9%   361 1860s
 17750 11242 4515.05328   35  213 4971.04000 4278.90201  13.9%   361 1882s
 17771 11332 4823.01881   38  277 4971.04000 4279.04396  13.9%   361 1899s
 17855 11332 4854.66849   47  270 4971.04000 4279.80528  13.9%   361 1900s
 17938 11449 4676.41313   39  365 4971.04000 4280.33515  13.9%   361 1917s
 18119 11553 4556.62061   49  506 4971.04000 4280.91433  13.9%   361 1936s
 18285 11647 4677.27725   34  260 4971.04000 4281.52455  13.9%   361 1956s
 18443 11749 4608.79193   57  411 4971.04000 4281.99258  13.9%   362 1975s
 18594 11821 4757.96665   42  382 4971.04000 4283.74855  13.8%   362 1993s
 18740 11881 4911.15603   50  285 4971.04000 4284.89633  13.8%   363 2012s
 18866 12001 4671.97419   35  414 4971.04000 4285.98433  13.8%   364 2031s
 19038 12101 4842.72788   61  399 4971.04000 4288.86437  13.7%   364 2051s
 19208 12196 4807.36540   42  280 4971.04000 4290.16907  13.7%   364 2070s
 19369 12274 4550.91013   52  359 4971.04000 4294.19025  13.6%   365 2090s
 19519 12356 4662.94213   32  303 4971.04000 4295.52350  13.6%   365 2110s
 19629 12462 4927.84658   45  177 4971.04000 4296.18187  13.6%   366 2131s
 19822 12553 4650.70539   41  405 4971.04000 4297.95183  13.5%   366 2151s
 19979 12650 4868.58284   48  260 4971.04000 4300.50918  13.5%   367 2171s
 20124 12746 4707.94051   42  345 4971.04000 4302.55786  13.4%   367 2190s
 20291 12851 4701.10542   32  276 4971.04000 4303.30524  13.4%   367 2211s
 20456 12936 4496.07954   43  399 4971.04000 4304.28194  13.4%   368 2231s
 20595 13062 4510.63818   39  425 4971.04000 4305.90326  13.4%   369 2250s
 20755 13198 4727.45076   36  204 4971.04000 4307.06527  13.4%   369 2271s
 20969 13278 4509.08210   39  318 4971.04000 4309.23056  13.3%   369 2292s
 21105 13375 4666.24868   38  250 4971.04000 4310.20813  13.3%   369 2312s
 21252 13494 4915.13088   71  269 4971.04000 4310.82053  13.3%   370 2334s
 21425 13578 4609.17470   39  408 4971.04000 4311.19857  13.3%   370 2355s
 21577 13652 4491.96043   46  364 4971.04000 4312.97746  13.2%   371 2376s
 21719 13759     cutoff   47      4971.04000 4314.59810  13.2%   371 2397s
 21889 13873 4731.65777   49  327 4971.04000 4315.75849  13.2%   371 2417s
 22063 13988 4458.04188   34  258 4971.04000 4317.09087  13.2%   371 2438s
 22215 14125 4736.95988   42  199 4971.04000 4317.49945  13.1%   372 2460s
 22445 14224 4503.58167   35  296 4971.04000 4318.64619  13.1%   371 2483s
 22608 14328 4958.96438   56  208 4971.04000 4319.61662  13.1%   372 2504s
 22754 14435 4770.77900   33  235 4971.04000 4319.85727  13.1%   372 2526s
 22938 14523 4752.54707   42  313 4971.04000 4321.08744  13.1%   372 2547s
 23086 14593     cutoff   41      4971.04000 4321.51465  13.1%   373 2568s
 23232 14683 4629.32529   33  348 4971.04000 4322.01780  13.1%   373 2589s
 23355 14823 4772.94473   45  401 4971.04000 4322.27252  13.1%   374 2611s
 23558 14945 4749.15637   52  378 4971.04000 4323.52326  13.0%   374 2633s
 23740 15042 4533.26350   38  420 4971.04000 4324.60050  13.0%   374 2654s
 23915 15199 4625.49425   34  340 4971.04000 4325.82653  13.0%   374 2675s
 24135 15302 4812.61370   66  272 4971.04000 4326.44997  13.0%   373 2697s
 24298 15415 4566.63362   37  352 4971.04000 4326.65685  13.0%   373 2719s
 24457 15507 4957.65205   40  262 4971.04000 4327.73152  12.9%   374 2740s
 24625 15588 4466.29244   37  452 4971.04000 4328.39061  12.9%   374 2760s
 24778 15682 4792.59401   39  385 4971.04000 4328.74068  12.9%   375 2782s
 24924 15793 4826.26932   53  227 4971.04000 4329.46497  12.9%   375 2803s
 25126 15885 4954.16387   35  432 4971.04000 4330.59501  12.9%   375 2825s
 25256 15992 4801.36055   43  252 4971.04000 4331.27403  12.9%   376 2847s
 25481 16093 4478.06716   30  214 4971.04000 4332.68773  12.8%   376 2870s
 25651 16191 4807.71574   41  405 4971.04000 4333.34262  12.8%   376 2893s
 25829 16323 4396.77742   38  197 4971.04000 4333.80279  12.8%   376 2915s
 26043 16411 4699.38599   48  192 4971.04000 4334.35076  12.8%   376 2938s
 26208 16503 4702.89016   40  216 4971.04000 4335.59052  12.8%   376 2962s
 26358 16608 4526.23216   30  473 4971.04000 4336.94579  12.8%   377 2984s
 26517 16697 4507.56912   44  285 4971.04000 4337.16190  12.8%   377 3006s
 26668 16762 4853.40831   40  251 4971.04000 4338.21724  12.7%   377 3029s
 26839 16904 4613.81640   35  155 4971.04000 4339.13377  12.7%   378 3051s
 27054 17001 4931.17388   41  298 4971.04000 4339.66325  12.7%   377 3073s
 27196 17101 4965.18471   51  164 4971.04000 4340.17415  12.7%   378 3096s
 27365 17204 4939.69312   56  334 4971.04000 4340.60675  12.7%   378 3118s
 27550 17324     cutoff   50      4971.04000 4341.28585  12.7%   378 3142s
 27719 17421 4723.04489   42  407 4971.04000 4341.81929  12.7%   378 3164s
 27900 17515 4841.51260   64  362 4971.04000 4342.88450  12.6%   378 3186s
 28057 17584 4814.85172   37  393 4971.04000 4343.10529  12.6%   379 3208s
 28208 17699 4655.62716   45  394 4971.04000 4344.49023  12.6%   379 3231s
 28409 17785 4439.21709   34  440 4971.04000 4345.44978  12.6%   379 3253s
 28577 17913 4731.82391   47  333 4971.04000 4346.10185  12.6%   379 3277s
 28779 18038 4760.16199   45  339 4971.04000 4346.79463  12.6%   379 3298s
 28926 18155     cutoff   46      4971.04000 4347.27062  12.5%   380 3322s
 29124 18275 4699.04424   51  315 4971.04000 4347.67886  12.5%   379 3347s
 29302 18394 4931.47296   45  244 4971.04000 4348.29880  12.5%   380 3371s
 29490 18474 4912.37500   49  235 4971.04000 4348.97143  12.5%   380 3415s
 29615 18538 4965.56634   53  256 4971.04000 4348.99171  12.5%   379 3436s
 29760 18637 4737.30261   45  362 4971.04000 4349.54615  12.5%   380 3458s
 29937 18793 4609.21636   35  194 4971.04000 4351.08822  12.5%   380 3480s
 30149 18903 4798.39755   50  347 4971.04000 4351.42930  12.5%   380 3502s
 30349 18977 4938.48008   59  181 4971.04000 4351.93741  12.5%   380 3524s
 30509 19114 4579.84241   36  417 4971.04000 4352.58577  12.4%   380 3545s
 30709 19228 4792.82444   44  233 4971.04000 4352.86706  12.4%   380 3567s
 30903 19327 4824.34849   36  184 4971.04000 4353.63530  12.4%   380 3591s
 31027 19370 4808.33754   49  309 4971.04000 4353.65256  12.4%   380 3600s

Cutting planes:
  User: 4616
  Gomory: 23
  Cover: 425
  Implied bound: 65
  Clique: 2
  MIR: 163
  Flow cover: 433
  Inf proof: 1
  Zero half: 15
  Network: 6
  RLT: 306
  Relax-and-lift: 9
  Lazy constraints: 338

Explored 31140 nodes (11847093 simplex iterations) in 3600.71 seconds
Thread count was 2 (of 32 available processors)

Solution count 10: 4971.04 5020.04 5028.04 ... 8035.77

Time limit reached
Best objective 4.971040000000e+03, best bound 4.353652561690e+03, gap 12.4197%

User-callback calls 246169, time in user-callback 211.73 sec
================================================================================
executing instance: ./input/Instances/Original/4/absH3low_3n10.dat
--------------------------------------------------------------------------------
Instance details
n	11
H	3
C	687
Li:
[0, 0, 0, 0, 0, 0, 0, 0, 0, 0, 0, ]
Ui:
[0, 189, 44, 174, 78, 36, 198, 117, 42, 96, 240, ]
Distance matrix:
|0	209	255	286	142	156	285	317	182	161	135	|
|209	0	464	451	315	356	490	469	361	299	260	|
|255	464	0	221	202	130	74	280	189	254	273	|
|286	451	221	0	145	156	164	479	354	153	192	|
|142	315	202	145	0	73	194	388	250	53	73	|
|156	356	130	156	73	0	134	332	200	127	144	|
|285	490	74	164	194	134	0	353	256	239	267	|
|317	469	280	479	388	332	353	0	141	436	430	|
|182	361	189	354	250	200	256	141	0	296	289	|
|161	299	254	153	53	127	239	436	296	0	39	|
|135	260	273	192	73	144	267	430	289	39	0	|

--------------------------------------------------------------------------------
Building model...
	using lazy and cut (CVRPSEP package)
Solving IRP LP...
--------------------------------------------------------------------------------

Gurobi 9.1.0 (linux64) logging started Sun Jan 10 02:32:12 2021

Gurobi Optimizer version 9.1.0 build v9.1.0rc0 (linux64)
Thread count: 32 physical cores, 32 logical processors, using up to 2 threads
Optimize a model with 485 rows, 1184 columns and 3440 nonzeros
Model fingerprint: 0xe9c0526d
Variable types: 194 continuous, 990 integer (165 binary)
Coefficient statistics:
  Matrix range     [1e+00, 2e+02]
  Objective range  [1e-02, 5e+02]
  Bounds range     [1e+00, 2e+02]
  RHS range        [2e+01, 1e+03]
Presolve removed 144 rows and 350 columns
Presolve time: 0.02s
Presolved: 341 rows, 834 columns, 2225 nonzeros
Variable types: 143 continuous, 691 integer (570 binary)
Found heuristic solution: objective 6656.9500000
Found heuristic solution: objective 5747.8500000

Root relaxation: objective 2.076284e+03, 572 iterations, 0.01 seconds

    Nodes    |    Current Node    |     Objective Bounds      |     Work
 Expl Unexpl |  Obj  Depth IntInf | Incumbent    BestBd   Gap | It/Node Time

     0     0 2076.28396    0   50 5747.85000 2076.28396  63.9%     -    0s
H    0     0                    5499.8500000 2076.28396  62.2%     -    0s
     0     0 2377.60962    0   59 5499.85000 2377.60962  56.8%     -    0s
H    0     0                    4516.8500000 2377.60962  47.4%     -    0s
     0     0 2412.11005    0   56 4516.85000 2412.11005  46.6%     -    0s
     0     0 2428.67037    0   76 4516.85000 2428.67037  46.2%     -    0s
     0     0 2771.66188    0   97 4516.85000 2771.66188  38.6%     -    0s
     0     0 2777.69263    0  104 4516.85000 2777.69263  38.5%     -    0s
     0     0 2778.15681    0  107 4516.85000 2778.15681  38.5%     -    0s
     0     0 2896.46006    0  109 4516.85000 2896.46006  35.9%     -    0s
     0     0 2901.78370    0  103 4516.85000 2901.78370  35.8%     -    0s
     0     0 2902.40558    0  111 4516.85000 2902.40558  35.7%     -    0s
     0     0 2971.89233    0  129 4516.85000 2971.89233  34.2%     -    0s
     0     0 2987.00421    0  142 4516.85000 2987.00421  33.9%     -    0s
     0     0 2988.66760    0  142 4516.85000 2988.66760  33.8%     -    0s
     0     0 2990.86269    0  139 4516.85000 2990.86269  33.8%     -    0s
     0     0 2991.68055    0  138 4516.85000 2991.68055  33.8%     -    0s
     0     0 3047.85145    0  127 4516.85000 3047.85145  32.5%     -    0s
     0     0 3056.84451    0  121 4516.85000 3056.84451  32.3%     -    0s
     0     0 3057.14600    0  133 4516.85000 3057.14600  32.3%     -    0s
     0     0 3084.50230    0  137 4516.85000 3084.50230  31.7%     -    0s
     0     0 3086.01274    0  126 4516.85000 3086.01274  31.7%     -    0s
     0     0 3086.48227    0  142 4516.85000 3086.48227  31.7%     -    0s
     0     0 3093.03267    0  136 4516.85000 3093.03267  31.5%     -    0s
     0     0 3095.03227    0  140 4516.85000 3095.03227  31.5%     -    0s
     0     2 3096.53700    0  138 4516.85000 3096.53700  31.4%     -    0s
H   28    28                    3938.7500000 3125.56152  20.6%   125    0s
H   54    54                    3916.7500000 3125.56152  20.2%   108    0s
H   58    54                    3828.3600000 3125.56152  18.4%   103    1s
H  528   334                    3763.8400000 3186.58043  15.3%  75.7    3s
H  600   352                    3749.3200000 3195.58382  14.8%  76.3    3s
H  770   347                    3712.3200000 3231.90119  12.9%  76.9    4s
  1013   448 3417.71717   12  108 3712.32000 3275.93894  11.8%  75.2    5s
  2368   597 3687.12214   11   72 3712.32000 3428.22989  7.65%  74.0   10s
H 3466   467                    3712.3199801 3535.92299  4.75%  68.8   13s
  4231   199 3625.61411   27   43 3712.31998 3604.47117  2.91%  63.6   15s

Cutting planes:
  User: 273
  Gomory: 5
  Cover: 178
  Implied bound: 57
  Clique: 7
  MIR: 80
  Flow cover: 145
  GUB cover: 1
  Inf proof: 3
  Zero half: 2
  Network: 4
  RLT: 93
  Relax-and-lift: 5
  Lazy constraints: 6

Explored 5079 nodes (285758 simplex iterations) in 15.75 seconds
Thread count was 2 (of 32 available processors)

Solution count 10: 3712.32 3712.32 3749.32 ... 5747.85

Optimal solution found (tolerance 1.00e-04)
Best objective 3.712319980126e+03, best bound 3.712319980126e+03, gap 0.0000%

User-callback calls 12232, time in user-callback 2.54 sec
================================================================================
executing instance: ./input/Instances/Original/4/absH3low_3n15.dat
--------------------------------------------------------------------------------
Instance details
n	16
H	3
C	1267
Li:
[0, 0, 0, 0, 0, 0, 0, 0, 0, 0, 0, 0, 0, 0, 0, 0, ]
Ui:
[0, 156, 267, 148, 144, 87, 33, 171, 76, 141, 270, 282, 60, 110, 172, 57, ]
Distance matrix:
|0	229	567	76	58	96	306	409	310	423	108	346	165	347	159	256	|
|229	0	482	243	279	155	375	525	251	419	158	373	65	123	329	246	|
|567	482	0	506	622	483	342	439	259	200	467	274	486	433	501	312	|
|76	243	506	0	119	88	230	337	255	352	88	272	179	347	94	194	|
|58	279	622	119	0	154	345	431	366	471	166	391	217	399	179	310	|
|96	155	483	88	154	0	266	397	224	358	17	289	92	262	176	179	|
|306	375	342	230	345	266	0	158	184	148	251	68	332	423	181	140	|
|409	525	439	337	431	397	158	0	340	244	386	201	476	581	253	298	|
|310	251	259	255	366	224	184	340	0	170	208	146	238	257	274	66	|
|423	419	200	352	471	358	148	244	170	0	341	84	396	424	323	182	|
|108	158	467	88	166	17	251	386	208	341	0	273	96	259	172	162	|
|346	373	274	272	391	289	68	201	146	84	273	0	340	400	239	127	|
|165	65	486	179	217	92	332	476	238	396	96	340	0	182	267	216	|
|347	123	433	347	399	262	423	581	257	424	259	400	182	0	423	283	|
|159	329	501	94	179	176	181	253	274	323	172	239	267	423	0	208	|
|256	246	312	194	310	179	140	298	66	182	162	127	216	283	208	0	|

--------------------------------------------------------------------------------
Building model...
	using lazy and cut (CVRPSEP package)
Solving IRP LP...
--------------------------------------------------------------------------------

Gurobi 9.1.0 (linux64) logging started Sun Jan 10 02:32:27 2021

Gurobi Optimizer version 9.1.0 build v9.1.0rc0 (linux64)
Thread count: 32 physical cores, 32 logical processors, using up to 2 threads
Optimize a model with 721 rows, 2329 columns and 6421 nonzeros
Model fingerprint: 0x5e6f3cee
Variable types: 289 continuous, 2040 integer (240 binary)
Coefficient statistics:
  Matrix range     [1e+00, 3e+02]
  Objective range  [1e-02, 6e+02]
  Bounds range     [1e+00, 3e+02]
  RHS range        [1e+01, 2e+03]
Presolve removed 164 rows and 505 columns
Presolve time: 0.03s
Presolved: 557 rows, 1824 columns, 4710 nonzeros
Variable types: 234 continuous, 1590 integer (1395 binary)
Found heuristic solution: objective 11169.710000

Root relaxation: objective 2.133424e+03, 793 iterations, 0.02 seconds

    Nodes    |    Current Node    |     Objective Bounds      |     Work
 Expl Unexpl |  Obj  Depth IntInf | Incumbent    BestBd   Gap | It/Node Time

     0     0 2133.42358    0   89 11169.7100 2133.42358  80.9%     -    0s
H    0     0                    10989.750000 2133.42358  80.6%     -    0s
     0     0 2452.60332    0   89 10989.7500 2452.60332  77.7%     -    0s
H    0     0                    7468.0400000 2452.60332  67.2%     -    0s
     0     0 2552.27377    0   76 7468.04000 2552.27377  65.8%     -    0s
     0     0 2637.24855    0  104 7468.04000 2637.24855  64.7%     -    0s
     0     0 2660.11486    0  102 7468.04000 2660.11486  64.4%     -    0s
     0     0 3005.39306    0  129 7468.04000 3005.39306  59.8%     -    0s
     0     0 3016.89888    0  131 7468.04000 3016.89888  59.6%     -    0s
     0     0 3029.97199    0  138 7468.04000 3029.97199  59.4%     -    0s
     0     0 3133.40545    0  176 7468.04000 3133.40545  58.0%     -    0s
     0     0 3155.29453    0  155 7468.04000 3155.29453  57.7%     -    0s
     0     0 3156.84506    0  146 7468.04000 3156.84506  57.7%     -    0s
     0     0 3156.99927    0  167 7468.04000 3156.99927  57.7%     -    0s
     0     0 3172.22824    0  223 7468.04000 3172.22824  57.5%     -    0s
     0     0 3175.05614    0  209 7468.04000 3175.05614  57.5%     -    0s
     0     0 3175.62216    0  219 7468.04000 3175.62216  57.5%     -    0s
     0     0 3201.64892    0  158 7468.04000 3201.64892  57.1%     -    0s
     0     0 3210.66705    0  205 7468.04000 3210.66705  57.0%     -    0s
     0     0 3211.72642    0  210 7468.04000 3211.72642  57.0%     -    0s
     0     0 3216.02815    0  199 7468.04000 3216.02815  56.9%     -    0s
     0     0 3216.50054    0  215 7468.04000 3216.50054  56.9%     -    0s
     0     0 3221.00131    0  122 7468.04000 3221.00131  56.9%     -    0s
     0     0 3223.04735    0  173 7468.04000 3223.04735  56.8%     -    0s
     0     0 3223.14176    0  214 7468.04000 3223.14176  56.8%     -    0s
     0     0 3224.70742    0  212 7468.04000 3224.70742  56.8%     -    0s
     0     0 3224.70742    0  212 7468.04000 3224.70742  56.8%     -    0s
     0     2 3226.77073    0  182 7468.04000 3226.77073  56.8%     -    1s
H   17    19                    4774.5600000 3385.79066  29.1%   288    1s
H   28    30                    4690.3000000 3385.79066  27.8%   261    1s
   286   255 3981.29165   13   94 4690.30000 3386.29164  27.8%   128    5s
H  488   397                    4593.5600000 3386.29164  26.3%   121    7s
   692   515 4085.07053   24   88 4593.56000 3503.56137  23.7%   128   10s
   779   570 3895.96915   17  156 4593.56000 3567.17529  22.3%   138   15s
H  954   598                    4590.3000000 3567.17529  22.3%   141   18s
  1000   612 3991.29574   15  249 4590.30000 3601.81743  21.5%   144   20s
  1267   674 infeasible   20      4590.30000 3804.57902  17.1%   145   25s
