




arguments: ./build/mirp_solver -f ./input/orig_exec_30.cfg
Current dir: /scratch/gui/bnc_mirp
File verbosity level: 9
date       time         ( uptime  ) [ thread name/id ]                   file:line     v| 
2021-01-09 02:46:55.096 (   0.766s) [main thread     ]             loguru.cpp:789   INFO| Logging to './output/vi_hc1_half/OU/V5/Original/execution_09_01_2021_02_46_55.log', mode: 'a', verbosity: 9
--------------------------------------------------------------------------------
Parameters
                           instance_path           ./input/Instances/Original/1/
                            model_policy                                       1
                             nb_vehicles                                       5
                              output_dir    ./output/vi_hc1_half/OU/V5/Original/
                            sec_strategy                                       1
                       solver_nb_threads                                       2
                         solver_show_log                                    true
                       solver_time_limit                                    3600
                              use_vi_cos                                   false
                              use_vi_cus                                   false
                         use_vi_hc1_full                                   false
                         use_vi_hc1_half                                    true
                      use_vi_hc1_quarter                                   false
                              use_vi_hc2                                   false
                              use_vi_hc3                                   false
                         use_vi_lex_full                                   false
                         use_vi_lex_half                                   false
                      use_vi_lex_quarter                                   false
                              use_vi_qua                                   false
                               use_vi_vc                                   false
                               use_vi_vr                                   false
--------------------------------------------------------------------------------
executing instance: ./input/Instances/Original/1/absH3high_1n5.dat
--------------------------------------------------------------------------------
Instance details
n	6
H	3
C	289
Li:
[0, 0, 0, 0, 0, 0, ]
Ui:
[0, 195, 105, 116, 72, 22, ]
Distance matrix:
|0	85	349	17	203	289	|
|85	0	265	102	214	226	|
|349	265	0	366	368	238	|
|17	102	366	0	207	302	|
|203	214	368	207	0	431	|
|289	226	238	302	431	0	|

--------------------------------------------------------------------------------
Building model...
	using lazy and cut (CVRPSEP package)
Solving IRP LP...
--------------------------------------------------------------------------------

Gurobi 9.1.0 (linux64) logging started Sat Jan  9 02:46:55 2021

Gurobi Optimizer version 9.1.0 build v9.1.0rc0 (linux64)
Thread count: 32 physical cores, 32 logical processors, using up to 2 threads
Optimize a model with 261 rows, 414 columns and 1341 nonzeros
Model fingerprint: 0xd99a1e15
Variable types: 99 continuous, 315 integer (90 binary)
Coefficient statistics:
  Matrix range     [1e+00, 2e+02]
  Objective range  [2e-01, 4e+02]
  Bounds range     [1e+00, 2e+02]
  RHS range        [1e+01, 5e+02]
Presolve removed 84 rows and 161 columns
Presolve time: 0.00s

Explored 0 nodes (0 simplex iterations) in 0.00 seconds
Thread count was 1 (of 32 available processors)

Solution count 0

Model is infeasible
Best objective -, best bound -, gap -

User-callback calls 28, time in user-callback 0.00 sec

Computing Irreducible Inconsistent Subsystem (IIS)...

           Constraints          |            Bounds           |  Runtime
      Min       Max     Guess   |   Min       Max     Guess   |
--------------------------------------------------------------------------
        0       261         -         0       569         -           0s
       36        36         -        45        45         -           0s

IIS computed: 36 constraints, 45 bounds
IIS runtime: 0.40 seconds
================================================================================
executing instance: ./input/Instances/Original/1/absH3high_1n45.dat
--------------------------------------------------------------------------------
Instance details
n	46
H	3
C	3462
Li:
[0, 0, 0, 0, 0, 0, 0, 0, 0, 0, 0, 0, 0, 0, 0, 0, 0, 0, 0, 0, 0, 0, 0, 0, 0, 0, 0, 0, 0, 0, 0, 0, 0, 0, 0, 0, 0, 0, 0, 0, 0, 0, 0, 0, 0, 0, ]
Ui:
[0, 273, 270, 36, 165, 192, 148, 45, 30, 75, 180, 198, 112, 117, 90, 64, 180, 22, 264, 174, 168, 270, 86, 66, 26, 66, 237, 156, 92, 108, 144, 72, 30, 45, 94, 54, 174, 96, 198, 136, 44, 180, 210, 249, 198, 48, ]
Distance matrix:
|0	281	201	160	249	201	93	431	236	139	252	136	116	166	390	110	349	374	303	180	327	464	236	70	44	461	346	439	363	254	312	426	305	206	71	137	169	200	247	260	20	219	256	253	460	278	|
|281	0	448	170	53	142	338	184	121	290	371	390	222	302	111	289	169	434	230	177	238	441	59	212	319	211	86	235	399	306	53	176	99	202	263	157	361	101	370	201	264	344	364	374	469	184	|
|201	448	0	285	430	325	114	556	361	171	191	64	228	174	546	294	453	306	364	289	388	435	393	254	157	585	491	536	318	254	490	554	436	407	266	292	108	388	186	337	207	181	205	190	408	364	|
|160	170	285	0	169	43	182	280	80	120	208	231	58	132	262	230	190	294	151	24	174	345	112	107	183	309	207	280	268	158	219	276	155	235	187	45	192	150	205	107	140	177	202	210	356	119	|
|249	53	430	169	0	152	317	238	145	282	377	369	212	299	157	242	215	452	261	183	273	474	76	181	290	264	140	287	421	320	63	229	145	148	221	142	352	53	374	226	234	346	370	378	498	215	|
|201	142	325	43	152	0	224	237	37	156	230	273	101	164	224	261	148	300	127	38	147	333	83	142	225	266	167	238	270	168	193	233	112	246	221	70	228	148	228	84	180	202	222	232	351	87	|
|93	338	114	182	317	224	0	460	262	92	180	52	124	112	440	199	364	307	292	191	317	415	284	140	57	490	387	452	304	208	377	457	336	297	163	181	84	274	175	256	95	152	188	180	402	280	|
|431	184	556	280	238	237	460	0	199	385	420	508	337	385	108	464	110	429	219	269	206	378	202	365	460	30	98	84	388	340	204	9	126	386	432	294	453	283	421	226	411	404	408	423	422	198	|
|236	121	361	80	145	37	262	199	0	191	255	310	138	197	191	290	114	312	118	72	133	330	69	175	262	229	132	204	279	186	174	195	75	258	251	102	262	153	254	81	216	230	246	257	353	72	|
|139	290	171	120	282	156	92	385	191	0	116	129	71	27	380	246	283	235	201	119	226	329	231	141	129	414	323	367	224	119	336	383	266	308	202	141	72	252	112	169	127	82	118	117	322	195	|
|252	371	191	208	377	230	180	420	255	116	0	187	178	90	443	361	311	127	204	195	224	246	313	257	232	446	382	380	129	81	423	421	320	422	318	242	100	355	5	195	241	34	15	2	225	224	|
|136	390	64	231	369	273	52	508	310	129	187	0	173	141	491	233	409	313	330	239	355	431	335	191	93	538	438	495	316	233	429	505	385	342	203	233	88	325	182	297	143	167	199	187	412	323	|
|116	222	228	58	212	101	124	337	138	71	178	173	0	91	319	206	244	284	187	69	212	357	165	85	130	367	265	333	264	151	267	333	213	244	161	70	140	181	175	145	97	145	177	180	359	165	|
|166	302	174	132	299	164	112	385	197	27	90	141	91	0	388	273	280	208	191	127	215	305	243	167	153	413	329	361	198	96	351	383	270	333	229	159	68	272	86	163	153	56	92	91	296	190	|
|390	111	546	262	157	224	440	108	191	380	443	491	319	388	0	399	164	480	264	261	261	456	156	320	426	125	62	186	442	369	107	99	125	300	374	260	452	210	443	252	372	420	433	446	494	227	|
|110	289	294	230	242	261	199	464	290	246	361	233	206	273	399	0	402	480	382	254	404	562	262	124	143	493	369	490	466	355	302	457	344	135	45	191	279	189	356	337	120	328	364	362	563	348	|
|349	169	453	190	215	148	364	110	114	283	311	409	244	280	164	402	0	324	110	174	101	292	151	289	372	135	109	90	284	230	212	111	70	354	364	216	348	245	312	118	329	295	298	313	330	90	|
|374	434	306	294	452	300	307	429	312	235	127	313	284	208	480	480	324	0	216	274	223	137	380	368	357	448	419	367	40	136	487	432	358	525	436	336	227	443	132	234	361	156	119	127	102	255	|
|303	230	364	151	261	127	292	219	118	201	204	330	187	191	264	382	110	216	0	128	25	213	185	258	314	243	203	176	178	123	282	221	144	372	338	193	256	270	206	45	283	193	191	206	239	46	|
|180	177	289	24	183	38	191	269	72	119	195	239	69	127	261	254	174	274	128	0	151	321	118	130	198	299	204	263	246	139	228	266	147	258	211	68	191	169	193	83	159	166	188	197	333	98	|
|327	238	388	174	273	147	317	206	133	226	224	355	212	215	261	404	101	223	25	151	0	203	198	281	339	228	202	156	184	143	288	209	146	390	362	215	280	286	226	68	308	215	210	226	235	61	|
|464	441	435	345	474	333	415	378	330	329	246	431	357	305	456	562	292	137	213	321	203	0	398	440	458	390	400	301	117	211	492	384	348	578	517	389	344	480	251	251	448	265	233	246	54	259	|
|236	59	393	112	76	83	284	202	69	231	313	335	165	243	156	262	151	380	185	118	198	398	0	167	270	231	110	233	347	250	110	195	85	203	230	103	303	95	311	150	217	284	305	315	422	139	|
|70	212	254	107	181	142	140	365	175	141	257	191	85	167	320	124	289	368	258	130	281	440	167	0	109	394	277	378	349	236	244	359	239	167	81	73	196	135	253	213	53	223	257	258	444	226	|
|44	319	157	183	290	225	57	460	262	129	232	93	130	153	426	143	372	357	314	198	339	458	270	109	0	490	379	462	351	247	353	456	334	250	110	168	140	243	226	274	56	201	238	232	449	294	|
|461	211	585	309	264	266	490	30	229	414	446	538	367	413	125	493	135	448	243	299	228	390	231	394	490	0	125	89	408	365	226	36	156	412	462	324	481	311	447	253	441	430	433	448	436	225	|
|346	86	491	207	140	167	387	98	132	323	382	438	265	329	62	369	109	419	203	204	202	400	110	277	379	125	0	155	381	307	113	90	63	288	339	211	394	186	382	190	327	359	371	384	436	165	|
|439	235	536	280	287	238	452	84	204	367	380	495	333	361	186	490	90	367	176	263	156	301	233	378	462	89	155	0	326	299	267	92	148	432	454	306	429	325	382	199	419	369	366	382	348	172	|
|363	399	318	268	421	270	304	388	279	224	129	316	264	198	442	466	284	40	178	246	184	117	347	349	351	408	381	326	0	113	452	391	321	502	422	311	229	415	134	199	348	152	118	130	98	219	|
|254	306	254	158	320	168	208	340	186	119	81	233	151	96	369	355	230	136	123	139	143	211	250	236	247	365	307	299	113	0	359	340	244	390	310	200	148	308	83	117	238	74	68	83	208	145	|
|312	53	490	219	63	193	377	204	174	336	423	429	267	351	107	302	212	487	282	228	288	492	110	244	353	226	113	267	452	359	0	195	145	194	283	199	407	115	421	254	296	394	415	425	521	237	|
|426	176	554	276	229	233	457	9	195	383	421	505	333	383	99	457	111	432	221	266	209	384	195	359	456	36	90	92	391	340	195	0	122	378	426	289	451	275	421	226	406	404	408	423	427	197	|
|305	99	436	155	145	112	336	126	75	266	320	385	213	270	125	344	70	358	144	147	146	348	85	239	334	156	63	148	321	244	145	122	0	286	310	168	336	177	320	128	285	298	309	322	381	103	|
|206	202	407	235	148	246	297	386	258	308	422	342	244	333	300	135	354	525	372	258	390	578	203	167	250	412	288	432	502	390	194	378	286	0	144	191	362	109	418	329	202	388	421	423	591	329	|
|71	263	266	187	221	221	163	432	251	202	318	203	161	229	374	45	364	436	338	211	362	517	230	81	110	462	339	454	422	310	283	426	310	144	0	150	239	168	313	294	77	285	321	319	518	306	|
|137	157	292	45	142	70	181	294	102	141	242	233	70	159	260	191	216	336	193	68	215	389	103	73	168	324	211	306	311	200	199	289	168	191	150	0	210	113	239	148	117	210	238	244	400	157	|
|169	361	108	192	352	228	84	453	262	72	100	88	140	68	452	279	348	227	256	191	280	344	303	196	140	481	394	429	229	148	407	451	336	362	239	210	0	318	95	231	164	79	111	100	325	258	|
|200	101	388	150	53	148	274	283	153	252	355	325	181	272	210	189	245	443	270	169	286	480	95	135	243	311	186	325	415	308	115	275	177	109	168	113	318	0	352	230	187	323	351	357	498	225	|
|247	370	186	205	374	228	175	421	254	112	5	182	175	86	443	356	312	132	206	193	226	251	311	253	226	447	382	382	134	83	421	421	320	418	313	239	95	352	0	196	237	30	19	6	230	224	|
|260	201	337	107	226	84	256	226	81	169	195	297	145	163	252	337	118	234	45	83	68	251	150	213	274	253	190	199	199	117	254	226	128	329	294	148	231	230	196	0	240	178	184	198	272	29	|
|20	264	207	140	234	180	95	411	216	127	241	143	97	153	372	120	329	361	283	159	308	448	217	53	56	441	327	419	348	238	296	406	285	202	77	117	164	187	237	240	0	208	245	242	446	257	|
|219	344	181	177	346	202	152	404	230	82	34	167	145	56	420	328	295	156	193	166	215	265	284	223	201	430	359	369	152	74	394	404	298	388	285	210	79	323	30	178	208	0	37	35	250	206	|
|256	364	205	202	370	222	188	408	246	118	15	199	177	92	433	364	298	119	191	188	210	233	305	257	238	433	371	366	118	68	415	408	309	421	321	238	111	351	19	184	245	37	0	17	214	212	|
|253	374	190	210	378	232	180	423	257	117	2	187	180	91	446	362	313	127	206	197	226	246	315	258	232	448	384	382	130	83	425	423	322	423	319	244	100	357	6	198	242	35	17	0	225	226	|
|460	469	408	356	498	351	402	422	353	322	225	412	359	296	494	563	330	102	239	333	235	54	422	444	449	436	436	348	98	208	521	427	381	591	518	400	325	498	230	272	446	250	214	225	0	285	|
|278	184	364	119	215	87	280	198	72	195	224	323	165	190	227	348	90	255	46	98	61	259	139	226	294	225	165	172	219	145	237	197	103	329	306	157	258	225	224	29	257	206	212	226	285	0	|

--------------------------------------------------------------------------------
Building model...
	using lazy and cut (CVRPSEP package)
Solving IRP LP...
--------------------------------------------------------------------------------

Gurobi 9.1.0 (linux64) logging started Sat Jan  9 02:46:56 2021

Gurobi Optimizer version 9.1.0 build v9.1.0rc0 (linux64)
Thread count: 32 physical cores, 32 logical processors, using up to 2 threads
Optimize a model with 2101 rows, 17074 columns and 41461 nonzeros
Model fingerprint: 0x2a612c4c
Variable types: 859 continuous, 16215 integer (690 binary)
Coefficient statistics:
  Matrix range     [1e+00, 7e+02]
  Objective range  [1e-01, 6e+02]
  Bounds range     [1e+00, 3e+02]
  RHS range        [1e+01, 6e+03]
Presolve removed 277 rows and 1430 columns
Presolve time: 0.07s
Presolved: 1824 rows, 15644 columns, 36554 nonzeros
Variable types: 779 continuous, 14865 integer (14220 binary)

Root relaxation: objective 1.323547e+04, 1888 iterations, 0.08 seconds

    Nodes    |    Current Node    |     Objective Bounds      |     Work
 Expl Unexpl |  Obj  Depth IntInf | Incumbent    BestBd   Gap | It/Node Time

     0     0 13235.4733    0  129          - 13235.4733      -     -    0s
     0     0 13581.8214    0  178          - 13581.8214      -     -    0s
     0     0 13581.8214    0  180          - 13581.8214      -     -    0s
     0     0 13935.0110    0  212          - 13935.0110      -     -    1s
     0     0 13988.0212    0  255          - 13988.0212      -     -    1s
     0     0 13988.0854    0  247          - 13988.0854      -     -    1s
     0     0 14160.0548    0  271          - 14160.0548      -     -    2s
     0     0 14174.1181    0  279          - 14174.1181      -     -    2s
     0     0 14177.8318    0  280          - 14177.8318      -     -    2s
     0     0 14177.9620    0  268          - 14177.9620      -     -    2s
     0     0 14236.0771    0  272          - 14236.0771      -     -    3s
     0     0 14239.6120    0  289          - 14239.6120      -     -    3s
     0     0 14244.8777    0  304          - 14244.8777      -     -    3s
     0     0 14246.3803    0  329          - 14246.3803      -     -    3s
     0     0 14247.4372    0  328          - 14247.4372      -     -    3s
     0     0 14247.5312    0  333          - 14247.5312      -     -    3s
     0     0 14297.7166    0  409          - 14297.7166      -     -    4s
     0     0 14302.6728    0  397          - 14302.6728      -     -    4s
     0     0 14304.6935    0  435          - 14304.6935      -     -    4s
     0     0 14307.2399    0  435          - 14307.2399      -     -    5s
     0     0 14310.6736    0  403          - 14310.6736      -     -    5s
     0     0 14310.7864    0  412          - 14310.7864      -     -    5s
     0     0 14404.3435    0  404          - 14404.3435      -     -    6s
     0     0 14409.7785    0  378          - 14409.7785      -     -    6s
     0     0 14414.7056    0  414          - 14414.7056      -     -    7s
     0     0 14417.0180    0  442          - 14417.0180      -     -    7s
     0     0 14417.1379    0  444          - 14417.1379      -     -    7s
     0     0 14462.2274    0  410          - 14462.2274      -     -    8s
     0     0 14475.5564    0  462          - 14475.5564      -     -    8s
     0     0 14524.3854    0  437          - 14524.3854      -     -    9s
     0     0 14536.6730    0  466          - 14536.6730      -     -    9s
     0     0 14549.2063    0  528          - 14549.2063      -     -    9s
     0     0 14558.1855    0  498          - 14558.1855      -     -    9s
     0     0 14560.1814    0  489          - 14560.1814      -     -   10s
     0     0 14560.1922    0  500          - 14560.1922      -     -   10s
     0     0 14578.4053    0  442          - 14578.4053      -     -   10s
     0     0 14582.1153    0  554          - 14582.1153      -     -   11s
     0     0 14583.4387    0  562          - 14583.4387      -     -   11s
     0     0 14591.9729    0  498          - 14591.9729      -     -   12s
     0     0 14591.9729    0  447          - 14591.9729      -     -   12s
     0     2 14595.6877    0  429          - 14595.6877      -     -   15s
    24    28 14796.1939    8  458          - 14605.8100      -   746   21s
    51    58 14804.3542   20  288          - 14605.8100      -   560   25s
    76    83 14900.1069   27  328          - 14605.8100      -   566   30s
   119   133 15000.4348   41  190          - 14605.8100      -   488   36s
   150   159 15146.1590   52  232          - 14605.8100      -   460   40s
   194   208 15234.7820   67  266          - 14605.8100      -   435   46s
   238   252 15460.8874   82  227          - 14605.8100      -   420   51s
   280   315 15775.3665   98  174          - 14605.8100      -   398   55s
   391   411 16850.0788  162   92          - 14605.8100      -   325   60s
   467   493 17429.1698  206   91          - 14605.8100      -   295   65s
   541   536 14874.3171    9  442          - 14605.9695      -   281   71s
   579   580 14990.2347   12  425          - 14605.9695      -   289   76s
   612   622 15040.9313   16  398          - 14605.9695      -   288   80s
   682   703 15154.6510   36  261          - 14605.9695      -   286   87s
   721   738 15250.0503   41  249          - 14605.9695      -   282   90s
   780   753 15666.4518   52  188          - 14605.9695      -   279  100s
   793   756 14830.4870   23  335          - 14605.9695      -   279  105s
   803   763 16379.5484  139  549          - 14646.1835      -   276  110s
   810   767 14993.2702   14  527          - 14668.6330      -   273  115s
   820   774 16120.8312  111  603          - 14676.1666      -   270  120s
   827   779 16344.7681  126  602          - 14681.7421      -   268  126s
   833   783 17739.5012  200  635          - 14683.2234      -   266  130s
   838   786 16745.0231  160  647          - 14683.8925      -   264  135s
   845   792 17245.2760  197  263          - 14683.9751      -   284  140s
   854   798 16615.2726  149  599          - 14683.9751      -   281  145s
   864   805 17096.7643  165  635          - 14684.2758      -   278  150s
   869   808 15462.1324   75  643          - 14686.0480      -   276  155s
   870   809 14900.1120   28  641          - 14686.1019      -   276  160s
   874   811 16176.4053  114  631          - 14686.1300      -   275  171s
   883   820 14717.8654   24  453          - 14717.3096      -   293  175s
   898   830 14738.8911   28  484          - 14718.2172      -   299  180s
   915   844 14754.7847   33  552          - 14718.2172      -   304  185s
   940   860 14814.3886   38  525          - 14718.2172      -   310  190s
   959   876 14818.5699   42  526          - 14718.2172      -   316  196s
   975   885 14844.2209   46  442          - 14718.2172      -   321  200s
   993   897 14892.6298   50  390          - 14718.2172      -   328  224s
   998   901 14907.0245   52  517          - 14718.2172      -   330  225s
  1019   914 14944.1694   57  510          - 14718.2172      -   335  230s
  1049   938 14967.4002   64  418          - 14718.2172      -   341  236s
  1068   949 15127.2375   68  478          - 14718.2172      -   344  240s
  1094   970 15031.8693   75  391          - 14718.2172      -   350  246s
  1117   987 15076.1168   81  299          - 14718.2172      -   353  251s
  1143  1008 15108.1140   90  358          - 14718.2172      -   358  260s
  1174  1032 15235.3384   98  311          - 14718.2172      -   360  265s
  1211  1053 15198.2778  109  448          - 14718.2172      -   360  272s
  1227  1066 15246.7170  114  444          - 14718.2172      -   363  275s
  1265  1100 15272.8461  125  415          - 14718.2172      -   365  282s
  1292  1112 15332.2843  132  450          - 14718.2172      -   364  285s
  1338  1151 15343.4501  143  393          - 14718.2172      -   365  292s
  1367  1167 15383.9027  149  374          - 14718.2172      -   364  299s
  1393  1194 15420.3943  155  225          - 14718.2172      -   365  303s
  1429  1207 15637.1842  162  339          - 14718.2172      -   363  307s
  1454  1237 15520.8089  168  359          - 14718.2172      -   364  311s
  1492  1281 15556.1054  174  411          - 14718.2172      -   363  317s
  1549  1307 15610.7676  181  422          - 14718.2172      -   357  322s
  1596  1358 15658.2322  187  444          - 14718.2172      -   356  328s
  1664  1397 15717.1591  195  370          - 14718.2172      -   349  334s
  1698  1386 18112.1670  254  157          - 14718.2172      -   347  335s
  1774  1383 14817.5224   26  428          - 14718.2172      -   338  340s
  1806  1427 15890.0827  218  363          - 14718.2172      -   341  350s
  1867  1471 15962.6019  233  389          - 14718.2172      -   342  359s
  1900  1501 16005.5619  241  359          - 14718.2172      -   343  364s
  1919  1495 15142.9065   59  237          - 14718.2172      -   342  365s
  1941  1530 16186.5116  250  312          - 14718.2172      -   342  370s
  1983  1552 16141.5513  261  316          - 14718.2172      -   342  375s
  2019  1608 16264.8916  268  286          - 14718.2172      -   342  381s
  2087  1644 16295.0924  283  348          - 14718.2172      -   338  408s
  2146  1692 16551.6625  297  300          - 14718.2172      -   337  415s
  2214  1728 16619.2491  313  295          - 14718.2172      -   335  422s
  2272  1776 16693.9383  327  287          - 14718.2172      -   334  429s
  2303  1766 16834.7528  342  232          - 14718.2172      -   333  430s
  2340  1832 16839.2152  344  285          - 14718.2172      -   332  436s
  2418  1883 17124.5333  362  217          - 14718.2172      -   330  444s
  2495  1948 17149.9490  382  274          - 14718.2172      -   328  459s
  2540  1933 18111.7155  404  206          - 14718.2172      -   326  460s
  2586  2026 17530.8672  407  220          - 14718.2172      -   325  468s
  2704  2189 17979.5102  441  176          - 14718.2172      -   320  478s
  2904  2123 18391.7006  313   51          - 14718.2172      -   308  481s
  2935  2343 18419.3422  488  179          - 14718.2172      -   305  492s
  3067  2299 18828.8149  338  127          - 14718.2172      -   297  495s
  3205  2358 19235.4297  544   92          - 14723.8013      -   288  505s
  3375  2368 14941.3950   29  394          - 14723.8013      -   279  514s
  3395  2397 15018.9717   35  328          - 14723.8013      -   282  522s
  3424  2437 15157.7449   42  305          - 14723.8013      -   284  530s
  3464  2480 15316.4219   52  234          - 14723.8013      -   285  546s
  3507  2563 15525.9382   60  132          - 14723.8013      -   287  555s
  3590  2658 16031.9314   80  148          - 14723.8013      -   287  565s
  3685  2803 16427.5209  101  103          - 14723.8013      -   286  584s
  3750  2803 16544.7697  122   93          - 14723.8013      -   283  585s
  3830  2975 16996.7719  146   54          - 14723.8013      -   282  598s
  3926  2975 17324.5084  177   77          - 14723.8013      -   278  600s
  4019  3204 17813.2546  194   88          - 14726.3702      -   275  614s
  4096  3204 18006.3575  208   24          - 14726.3702      -   272  615s
  4316  3266 15061.2676   26  406          - 14726.3702      -   264  630s
  4359  3311 15174.8376   31  481          - 14726.3702      -   266  641s
  4404  3388 15242.0145   39  401          - 14726.3702      -   268  653s
  4481  3562 15286.5492   50  145          - 14726.3702      -   268  668s
  4661  3696 15347.7463   66  152          - 14726.3702      -   263  690s
  4866  3800 15578.9274   88  189          - 14726.3702      -   257  708s
  4938  3897 15598.2671  112  127          - 14726.3702      -   258  723s
  5037  4056 15904.2794  143   73          - 14738.9075      -   258  755s
  5226  4095 14912.5634   29  513          - 14738.9075      -   255  769s
  5250  4130 15049.0360   34  351          - 14738.9075      -   258  781s
  5285  4188 15152.7876   45  372          - 14738.9075      -   261  794s
  5343  4275 15257.2958   55  242          - 14738.9075      -   263  811s
  5430  4431 15511.3708   75  192          - 14738.9075      -   264  827s
  5573  4431 15442.2191   65  140          - 14738.9075      -   262  830s
  5586  4706 15797.0060  103  139          - 14738.9075      -   262  848s
  5738  4706 16244.7471  146   25          - 14738.9075      -   259  850s
  5861  5117 16481.4549  147   70          - 14739.1539      -   257  876s
  6351  5529 14894.7217   30  463          - 14739.1539      -   243  903s
  6540  5529 16426.5476  146   42          - 14739.1539      -   240  905s
  6857  5607 15072.5040   37  355          - 14739.1539      -   231  925s
  6893  5666 15144.3704   50  302          - 14739.1539      -   233  938s
  6952  5738 15364.0967   66  245          - 14739.1539      -   235  952s
  7024  6015 15650.6793   91  142          - 14739.1539      -   236  971s
  7272  6023 16428.5978  169    7          - 14739.1539      -   231  975s
  7329  6195 16241.8428  130   80          - 14753.1799      -   231  996s
  7534  6528 15257.6525   36  413          - 14753.1799      -   231 1025s
  7859  6542 17173.6406  200   12          - 14753.1799      -   226 1030s
  7893  6702 15461.0168   44  423          - 14753.1799      -   225 1052s
  8043  6714 18796.6821  228   23          - 14753.1799      -   225 1055s
  8160  6856 15641.0528   60  219          - 14753.1799      -   223 1073s
  8260  6856 15256.9250   50  280          - 14753.1799      -   224 1075s
  8266  7118 15906.5309   88  152          - 14757.0607      -   224 1104s
  8342  7118 16014.4455  106  100          - 14757.0607      -   224 1105s
  8566  7255 15127.1646   33  655          - 14757.0607      -   222 1125s
  8687  7396 15522.7780   46  326          - 14757.0607      -   223 1192s
  8886  7588 15754.6905   52  394          - 14757.0607      -   221 1212s
  9094  7609 18967.6100  200    -          - 14757.0607      -   219 1215s
  9142  7714 15976.6410   64  250          - 14757.0607      -   220 1237s
  9235  7804 16326.0041   87  258          - 14761.9551      -   221 1255s
  9344  7928 15148.8837   34  288          - 14761.9551      -   222 1274s
  9468  8234 15362.4330   47  211          - 14761.9551      -   223 1297s
  9625  8234 16071.9959  108   82          - 14761.9551      -   223 1300s
  9798  8536 15881.1331   91   90          - 14765.0758      -   221 1324s
  9837  8536 16135.6724   98   49          - 14765.0758      -   221 1325s
 10181  8619 15283.0367   37  409          - 14765.0758      -   217 1344s
 10228  8685 15497.2503   47  324          - 14765.0758      -   219 1368s
 10294  8781 15721.3170   62  221          - 14765.0758      -   221 1386s
 10390  9024 15940.2455   82  167          - 14765.0758      -   222 1409s
 10409  9024 16005.3324   90  118          - 14765.0758      -   222 1410s
 10633  9642 16437.8791  120   89          - 14770.4474      -   221 1439s
 10652  9642 16643.2135  125   72          - 14770.4474      -   221 1440s
 10996  9665 16594.1039  131   43          - 14776.8088      -   218 1445s
 11415  9704 18874.8467  229    7          - 14776.8088      -   212 1450s
 11505  9772 15028.5255   28  427          - 14776.8088      -   211 1466s
 11547  9834 15261.3746   40  316          - 14776.8088      -   212 1486s
 11609  9982 15452.6142   59  196          - 14776.8088      -   214 1505s
 11761 10227 16239.3320  100   98          - 14778.4322      -   215 1527s
 12054 10570 14978.3836   31  344          - 14778.4322      -   214 1558s
 12181 10570 16674.0600  120  102          - 14778.4322      -   214 1560s
 12474 10701 15185.9960   39  257          - 14778.4322      -   210 1579s
 12526 10701 15409.7333   58  161          - 14778.4322      -   211 1580s
 12562 10853 15477.7416   70  148          - 14779.7819      -   211 1596s
 12657 10854 15842.4723  112    8          - 14779.7819      -   211 1608s
 12758 10923 15150.2820   30  555          - 14779.7819      -   211 1624s
 12813 10998 15822.1376   40  426          - 14779.7819      -   213 1641s
 12903 11082 16060.4079   45  286          - 14779.7819      -   214 1662s
 13007 11218 infeasible   58               - 14779.7819      -   215 1683s
 13102 11218 16913.7099  100  153          - 14779.7819      -   215 1685s
 13145 11660 16995.4370  104   63          - 14779.8163      -   215 1715s
 13506 11670 18440.9031  224    8          - 14779.8163      -   211 1720s
 13673 11783 15009.3518   36  430          - 14779.8163      -   211 1738s
 13763 12020 15262.0335   43  343          - 14779.8163      -   212 1768s
 14000 12412 15553.9520   67  138          - 14779.8163      -   212 1792s
 14177 12413 17204.7918  129   17          - 14779.8163      -   211 1795s
 14480 12578 17691.8819  129  115          - 14792.7552      -   208 1815s
 14640 12694 15842.0558   40  347          - 14792.7552      -   208 1847s
 14749 12789 16219.1621   61  217          - 14792.7552      -   209 1868s
 14844 13066 16501.7590   75  144          - 14792.7552      -   210 1896s
 15100 13068 16528.2562  125   18          - 14792.7552      -   209 1900s
 15175 13343 17400.5014  133   53          - 14793.8529      -   209 1921s
 15487 13380 15394.2379   42  291          - 14793.8529      -   206 1925s
 15513 13434 15411.1140   41  336          - 14793.8529      -   207 1948s
 15567 13569 15627.9103   54  281          - 14793.8529      -   208 1966s
 15708 13791 16120.3336   98   29          - 14793.8544      -   208 1991s
 15984 13879 15236.4539   38  298          - 14793.8544      -   207 2012s
 16065 13946 15395.1756   49  298          - 14793.8544      -   209 2045s
 16132 14120 15760.8619   68  198          - 14793.8544      -   210 2066s
 16310 14266 16671.4012  116   72          - 14794.0017      -   210 2087s
 16466 14361 15269.6312   41  265          - 14794.0017      -   210 2108s
 16557 14527 15433.1569   52  277          - 14794.0017      -   211 2133s
 16629 14527 16554.2397   78  219          - 14794.0017      -   211 2135s
 16723 14746 15715.8871   66  219          - 14794.0017      -   211 2156s
 16910 14746 17209.6340  119  129          - 14794.0017      -   211 2160s
 16942 15335 16335.5684   86   96          - 14794.2189      -   211 2192s
 17057 15335 16822.2785  126   14          - 14794.2189      -   210 2195s
 17654 15490 15038.8701   32  299          - 14794.2189      -   206 2220s
 17816 15582 15425.1567   42  249          - 14794.2189      -   206 2251s
 17886 15783 15646.9204   55  132          - 14794.2189      -   207 2271s
 18089 16232 16078.3554  100   48          - 14795.1914      -   207 2300s
 18583 16250 17566.0418  143    7          - 14795.3001      -   204 2307s
 18607 16301 15143.6320   29  419          - 14795.3001      -   204 2322s
 18650 16373 15747.9199   42  400          - 14795.3001      -   205 2347s
 18728 16667 15982.6433   57  252          - 14795.3001      -   206 2372s
 18870 16667 16981.5618   94   50          - 14795.3001      -   206 2375s
 19063 16952 16225.5718   85   56          - 14801.1398      -   204 2401s
 19341 16974 19205.2600  175    -          - 14801.1398      -   203 2405s
 19461 17040 15019.0012   37  455          - 14801.1398      -   203 2423s
 19503 17122 15315.2620   51  287          - 14801.1398      -   204 2439s
 19585 17289 15599.0489   66  210          - 14801.1398      -   204 2469s
 19623 17289 15731.5091   84  112          - 14801.1398      -   205 2470s
 19752 17711 16547.4906  100  110          - 14802.6662      -   205 2493s
 19809 17711 16625.0352  119   36          - 14802.6662      -   204 2495s
 20177 17734 17692.8693  173   16          - 14803.0813      -   202 2500s
 20300 17801 15240.8820   36  356          - 14803.0813      -   202 2516s
 20337 17836 15483.4424   49  344          - 14803.0813      -   203 2539s
 20372 17902 15678.4521   55  217          - 14803.0813      -   204 2556s
 20438 18054 15877.7832   76  164          - 14803.0813      -   204 2586s
 20592 18175 17112.3937  124   53          - 14803.0813      -   205 2749s
 20649 18175 17245.6752  138   58          - 14803.0813      -   204 2750s
 20714 18497 17302.5911  138   46          - 14803.8928      -   205 2774s
 20771 18498 17625.7779  153   10          - 14803.8928      -   204 2775s
 21122 18588 16031.3276   43  342          - 14803.8944      -   203 2796s
 21175 18648 16412.9563   61  352          - 14803.8944      -   204 2815s
 21235 18760 16545.8390   72  212          - 14803.8944      -   205 2835s
 21347 19054 16827.4358   96  145          - 14803.8944      -   206 2862s
 21657 19414 17949.7332  149   25          - 14805.8292      -   205 2889s
 21698 19414 18534.7420  172   44          - 14805.8292      -   205 2890s
 22089 19445 18388.2000  199    6          - 14805.8409      -   203 2895s
 22152 19533 15539.6269   50  326          - 14805.8409      -   203 2914s
 22188 19533 16285.8456   70  206          - 14805.8409      -   204 2915s
 22225 19769 16407.2516   77  228          - 14805.8409      -   204 2936s
 22396 19770 16934.3600  133    -          - 14805.8409      -   203 2940s
 22475 20035 17299.5906  132   63          - 14807.1924      -   204 2962s
 22730 20058 19111.1800  199    -          - 14807.1924      -   202 2965s
 22829 20187 15443.3344   37  473          - 14807.1924      -   203 2991s
 22944 20277 16250.6213   53  259          - 14807.1924      -   203 3010s
 23078 20368 16512.8971   68  179          - 14808.4972      -   204 3030s
 23167 20536 15112.6705   41  448          - 14808.4972      -   204 3058s
 23335 20638 15836.9367   57  254          - 14808.4972      -   205 3079s
 23395 20638 17172.5319  139   14          - 14808.4972      -   205 3080s
 23477 20900 16156.5038   72  156          - 14811.6826      -   205 3104s
 23534 20900 16344.2665   94   16          - 14811.6826      -   205 3105s
 23778 21004 15020.3460   37  494          - 14811.6826      -   204 3131s
 23858 21179 15611.7892   53  213          - 14811.6826      -   205 3152s
 24047 21191 16888.6800  148    4          - 14811.6826      -   205 3155s
 24070 21353 15849.9953   70  162          - 14814.4038      -   205 3177s
 24254 21401 15048.9921   28  486          - 14814.4038      -   205 3200s
 24291 21511 16443.5514   38  370          - 14814.4038      -   206 3219s
 24401 21774 17109.4842   71  224          - 14814.4038      -   206 3253s
 24533 21774 16566.3646  103  105          - 14814.4038      -   206 3255s
 24715 21918 17517.1842  101   53          - 14815.3943      -   206 3276s
 24864 21984 15267.9029   44  358          - 14815.3943      -   206 3302s
 24916 22093 15700.5835   59  214          - 14815.3943      -   207 3322s
 25025 22334 16153.7777   91   63          - 14816.2519      -   207 3355s
 25301 22531 15056.2538   28  657          - 14816.2519      -   207 3381s
 25499 22572 16013.9102   42  285          - 14816.2519      -   207 3404s
 25533 22631 infeasible   50               - 14816.2519      -   208 3421s
 25594 22699 16353.8730   58  240          - 14816.2519      -   208 3439s
 25620 22699 16369.4514   61  271          - 14816.2519      -   209 3440s
 25657 22699 16072.3606   74  241          - 14816.2519      -   209 3452s
 25662 22767 16422.9249   64  243          - 14816.2519      -   209 3469s
 25716 22767 16219.4995   84  210          - 14816.2519      -   210 3470s
 25730 22869 16469.6384   70  239          - 14816.2519      -   210 3488s
 25807 22869 16451.2270   95  182          - 14816.2519      -   210 3490s
 25832 22997 16562.1088   75  242          - 14816.2519      -   211 3519s
 25870 22997 16638.0081   89  340          - 14816.2519      -   211 3520s
 25960 23208 16727.6234   90  275          - 14816.2519      -   211 3541s
 26185 23325 16883.7546  104  230          - 14816.2519      -   211 3565s
 26297 23738 17187.0266  121  212          - 14817.9281      -   212 3600s
 26606 23748 18621.9947  183   54          - 14817.9281      -   210 3605s

Cutting planes:
  User: 4440
  Gomory: 29
  Cover: 536
  Implied bound: 77
  Clique: 3
  MIR: 140
  Flow cover: 495
  Zero half: 18
  RLT: 423
  Relax-and-lift: 10
  Lazy constraints: 2744

Explored 26839 nodes (5635202 simplex iterations) in 3608.69 seconds
Thread count was 2 (of 32 available processors)

Solution count 0

Time limit reached
Best objective -, best bound 1.481792811141e+04, gap -

User-callback calls 326449, time in user-callback 616.77 sec
================================================================================
executing instance: ./input/Instances/Original/1/absH3high_2n45.dat
--------------------------------------------------------------------------------
Instance details
n	46
H	3
C	3171
Li:
[0, 0, 0, 0, 0, 0, 0, 0, 0, 0, 0, 0, 0, 0, 0, 0, 0, 0, 0, 0, 0, 0, 0, 0, 0, 0, 0, 0, 0, 0, 0, 0, 0, 0, 0, 0, 0, 0, 0, 0, 0, 0, 0, 0, 0, 0, ]
Ui:
[0, 246, 160, 78, 20, 87, 144, 40, 20, 82, 60, 96, 24, 136, 160, 108, 160, 26, 228, 51, 24, 240, 231, 70, 32, 105, 174, 114, 246, 126, 132, 76, 22, 42, 255, 132, 148, 162, 66, 111, 102, 240, 123, 201, 297, 78, ]
Distance matrix:
|0	148	402	550	329	420	187	318	366	280	504	273	233	333	112	344	379	481	113	593	159	523	261	424	90	359	163	461	413	240	105	299	265	89	371	462	339	273	495	22	41	439	369	506	563	468	|
|148	0	284	517	394	284	136	369	244	311	496	166	329	355	223	202	338	388	204	565	254	506	118	346	71	423	173	471	336	118	105	352	198	105	248	428	302	305	487	153	179	441	230	497	517	370	|
|402	284	0	350	448	80	228	406	42	343	382	129	456	350	412	126	219	131	382	395	410	371	180	137	314	466	289	400	137	167	389	401	169	316	39	280	217	342	373	394	414	362	108	380	324	106	|
|550	517	350	0	339	429	385	308	374	295	93	375	431	249	481	461	180	239	458	48	445	57	474	214	496	333	387	160	216	424	601	321	320	471	376	90	217	301	93	530	534	146	452	88	52	262	|
|329	394	448	339	0	513	282	42	438	105	255	363	115	108	221	484	259	431	217	365	172	289	436	362	333	30	224	189	353	380	423	47	291	296	443	285	240	107	251	307	294	193	495	260	378	437	|
|420	284	80	429	513	0	267	473	76	408	462	163	509	421	449	86	298	201	421	474	455	451	167	217	330	533	333	478	217	181	386	466	225	341	70	360	291	406	453	416	438	440	59	460	400	176	|
|187	136	228	385	282	267	0	249	199	186	360	104	248	224	184	214	207	294	155	432	189	371	155	237	113	308	68	336	227	101	216	236	78	98	205	296	168	181	350	174	190	305	231	360	390	283	|
|318	369	406	308	42	473	249	0	397	66	229	325	128	67	216	447	218	389	206	337	168	260	402	320	311	61	196	167	311	345	406	19	252	275	403	248	198	70	223	296	286	164	457	233	344	395	|
|366	244	42	374	438	76	199	397	0	332	397	96	436	346	383	90	228	168	354	420	385	389	139	161	277	458	263	408	158	128	349	391	150	282	6	298	218	331	388	359	380	370	78	395	352	144	|
