




arguments: ./build/mirp_solver -f ./input/orig_exec_16.cfg
Current dir: /scratch/gui/bnc_mirp
File verbosity level: 9
date       time         ( uptime  ) [ thread name/id ]                   file:line     v| 
2021-01-09 00:39:32.043 (   1.334s) [main thread     ]             loguru.cpp:789   INFO| Logging to './output/vi_hc1_full/OU/V3/Original/execution_09_01_2021_00_39_32.log', mode: 'a', verbosity: 9
--------------------------------------------------------------------------------
Parameters
                           instance_path           ./input/Instances/Original/1/
                            model_policy                                       1
                             nb_vehicles                                       3
                              output_dir    ./output/vi_hc1_full/OU/V3/Original/
                            sec_strategy                                       1
                       solver_nb_threads                                       2
                         solver_show_log                                    true
                       solver_time_limit                                    3600
                              use_vi_cos                                   false
                              use_vi_cus                                   false
                         use_vi_hc1_full                                    true
                         use_vi_hc1_half                                   false
                      use_vi_hc1_quarter                                   false
                              use_vi_hc2                                   false
                              use_vi_hc3                                   false
                         use_vi_lex_full                                   false
                         use_vi_lex_half                                   false
                      use_vi_lex_quarter                                   false
                              use_vi_qua                                   false
                               use_vi_vc                                   false
                               use_vi_vr                                   false
--------------------------------------------------------------------------------
executing instance: ./input/Instances/Original/1/absH3high_1n5.dat
--------------------------------------------------------------------------------
Instance details
n	6
H	3
C	289
Li:
[0, 0, 0, 0, 0, 0, ]
Ui:
[0, 195, 105, 116, 72, 22, ]
Distance matrix:
|0	85	349	17	203	289	|
|85	0	265	102	214	226	|
|349	265	0	366	368	238	|
|17	102	366	0	207	302	|
|203	214	368	207	0	431	|
|289	226	238	302	431	0	|

--------------------------------------------------------------------------------
Building model...
	using lazy and cut (CVRPSEP package)
Solving IRP LP...
--------------------------------------------------------------------------------

Gurobi 9.1.0 (linux64) logging started Sat Jan  9 00:39:32 2021

Gurobi Optimizer version 9.1.0 build v9.1.0rc0 (linux64)
Thread count: 32 physical cores, 32 logical processors, using up to 2 threads
Optimize a model with 195 rows, 258 columns and 903 nonzeros
Model fingerprint: 0x263b0b48
Variable types: 69 continuous, 189 integer (54 binary)
Coefficient statistics:
  Matrix range     [1e+00, 2e+02]
  Objective range  [2e-01, 4e+02]
  Bounds range     [1e+00, 2e+02]
  RHS range        [1e+01, 5e+02]
Presolve removed 82 rows and 104 columns
Presolve time: 0.01s
Presolved: 113 rows, 154 columns, 509 nonzeros
Variable types: 36 continuous, 118 integer (86 binary)
Found heuristic solution: objective 5299.4200000

Root relaxation: objective 1.825294e+03, 149 iterations, 0.00 seconds

    Nodes    |    Current Node    |     Objective Bounds      |     Work
 Expl Unexpl |  Obj  Depth IntInf | Incumbent    BestBd   Gap | It/Node Time

     0     0 1825.29384    0   20 5299.42000 1825.29384  65.6%     -    0s
H    0     0                    5015.0100000 1825.29384  63.6%     -    0s
H    0     0                    2917.3900000 1825.29384  37.4%     -    0s
     0     0 2043.64472    0   43 2917.39000 2043.64472  29.9%     -    0s
H    0     0                    2648.9300000 2043.64472  22.9%     -    0s
     0     0 2044.62503    0   42 2648.93000 2044.62503  22.8%     -    0s
     0     0 2044.93231    0   43 2648.93000 2044.93231  22.8%     -    0s
     0     0 2315.13127    0   26 2648.93000 2315.13127  12.6%     -    0s
H    0     0                    2488.0300000 2315.13127  6.95%     -    0s
     0     0 2324.19913    0   27 2488.03000 2324.19913  6.58%     -    0s
     0     0 2378.28704    0   62 2488.03000 2378.28704  4.41%     -    0s
H    0     0                    2414.0300000 2378.28704  1.48%     -    0s
     0     0 2384.03433    0   43 2414.03000 2384.03433  1.24%     -    0s
     0     0 2393.66095    0   33 2414.03000 2393.66095  0.84%     -    0s

Explored 1 nodes (379 simplex iterations) in 0.10 seconds
Thread count was 2 (of 32 available processors)

Solution count 6: 2414.03 2488.03 2648.93 ... 5299.42

Optimal solution found (tolerance 1.00e-04)
Best objective 2.414030000000e+03, best bound 2.414030000000e+03, gap 0.0000%

User-callback calls 153, time in user-callback 0.01 sec
================================================================================
executing instance: ./input/Instances/Original/1/absH3high_1n45.dat
--------------------------------------------------------------------------------
Instance details
n	46
H	3
C	3462
Li:
[0, 0, 0, 0, 0, 0, 0, 0, 0, 0, 0, 0, 0, 0, 0, 0, 0, 0, 0, 0, 0, 0, 0, 0, 0, 0, 0, 0, 0, 0, 0, 0, 0, 0, 0, 0, 0, 0, 0, 0, 0, 0, 0, 0, 0, 0, ]
Ui:
[0, 273, 270, 36, 165, 192, 148, 45, 30, 75, 180, 198, 112, 117, 90, 64, 180, 22, 264, 174, 168, 270, 86, 66, 26, 66, 237, 156, 92, 108, 144, 72, 30, 45, 94, 54, 174, 96, 198, 136, 44, 180, 210, 249, 198, 48, ]
Distance matrix:
|0	281	201	160	249	201	93	431	236	139	252	136	116	166	390	110	349	374	303	180	327	464	236	70	44	461	346	439	363	254	312	426	305	206	71	137	169	200	247	260	20	219	256	253	460	278	|
|281	0	448	170	53	142	338	184	121	290	371	390	222	302	111	289	169	434	230	177	238	441	59	212	319	211	86	235	399	306	53	176	99	202	263	157	361	101	370	201	264	344	364	374	469	184	|
|201	448	0	285	430	325	114	556	361	171	191	64	228	174	546	294	453	306	364	289	388	435	393	254	157	585	491	536	318	254	490	554	436	407	266	292	108	388	186	337	207	181	205	190	408	364	|
|160	170	285	0	169	43	182	280	80	120	208	231	58	132	262	230	190	294	151	24	174	345	112	107	183	309	207	280	268	158	219	276	155	235	187	45	192	150	205	107	140	177	202	210	356	119	|
|249	53	430	169	0	152	317	238	145	282	377	369	212	299	157	242	215	452	261	183	273	474	76	181	290	264	140	287	421	320	63	229	145	148	221	142	352	53	374	226	234	346	370	378	498	215	|
|201	142	325	43	152	0	224	237	37	156	230	273	101	164	224	261	148	300	127	38	147	333	83	142	225	266	167	238	270	168	193	233	112	246	221	70	228	148	228	84	180	202	222	232	351	87	|
|93	338	114	182	317	224	0	460	262	92	180	52	124	112	440	199	364	307	292	191	317	415	284	140	57	490	387	452	304	208	377	457	336	297	163	181	84	274	175	256	95	152	188	180	402	280	|
|431	184	556	280	238	237	460	0	199	385	420	508	337	385	108	464	110	429	219	269	206	378	202	365	460	30	98	84	388	340	204	9	126	386	432	294	453	283	421	226	411	404	408	423	422	198	|
|236	121	361	80	145	37	262	199	0	191	255	310	138	197	191	290	114	312	118	72	133	330	69	175	262	229	132	204	279	186	174	195	75	258	251	102	262	153	254	81	216	230	246	257	353	72	|
|139	290	171	120	282	156	92	385	191	0	116	129	71	27	380	246	283	235	201	119	226	329	231	141	129	414	323	367	224	119	336	383	266	308	202	141	72	252	112	169	127	82	118	117	322	195	|
|252	371	191	208	377	230	180	420	255	116	0	187	178	90	443	361	311	127	204	195	224	246	313	257	232	446	382	380	129	81	423	421	320	422	318	242	100	355	5	195	241	34	15	2	225	224	|
|136	390	64	231	369	273	52	508	310	129	187	0	173	141	491	233	409	313	330	239	355	431	335	191	93	538	438	495	316	233	429	505	385	342	203	233	88	325	182	297	143	167	199	187	412	323	|
|116	222	228	58	212	101	124	337	138	71	178	173	0	91	319	206	244	284	187	69	212	357	165	85	130	367	265	333	264	151	267	333	213	244	161	70	140	181	175	145	97	145	177	180	359	165	|
|166	302	174	132	299	164	112	385	197	27	90	141	91	0	388	273	280	208	191	127	215	305	243	167	153	413	329	361	198	96	351	383	270	333	229	159	68	272	86	163	153	56	92	91	296	190	|
|390	111	546	262	157	224	440	108	191	380	443	491	319	388	0	399	164	480	264	261	261	456	156	320	426	125	62	186	442	369	107	99	125	300	374	260	452	210	443	252	372	420	433	446	494	227	|
|110	289	294	230	242	261	199	464	290	246	361	233	206	273	399	0	402	480	382	254	404	562	262	124	143	493	369	490	466	355	302	457	344	135	45	191	279	189	356	337	120	328	364	362	563	348	|
|349	169	453	190	215	148	364	110	114	283	311	409	244	280	164	402	0	324	110	174	101	292	151	289	372	135	109	90	284	230	212	111	70	354	364	216	348	245	312	118	329	295	298	313	330	90	|
|374	434	306	294	452	300	307	429	312	235	127	313	284	208	480	480	324	0	216	274	223	137	380	368	357	448	419	367	40	136	487	432	358	525	436	336	227	443	132	234	361	156	119	127	102	255	|
|303	230	364	151	261	127	292	219	118	201	204	330	187	191	264	382	110	216	0	128	25	213	185	258	314	243	203	176	178	123	282	221	144	372	338	193	256	270	206	45	283	193	191	206	239	46	|
|180	177	289	24	183	38	191	269	72	119	195	239	69	127	261	254	174	274	128	0	151	321	118	130	198	299	204	263	246	139	228	266	147	258	211	68	191	169	193	83	159	166	188	197	333	98	|
|327	238	388	174	273	147	317	206	133	226	224	355	212	215	261	404	101	223	25	151	0	203	198	281	339	228	202	156	184	143	288	209	146	390	362	215	280	286	226	68	308	215	210	226	235	61	|
|464	441	435	345	474	333	415	378	330	329	246	431	357	305	456	562	292	137	213	321	203	0	398	440	458	390	400	301	117	211	492	384	348	578	517	389	344	480	251	251	448	265	233	246	54	259	|
|236	59	393	112	76	83	284	202	69	231	313	335	165	243	156	262	151	380	185	118	198	398	0	167	270	231	110	233	347	250	110	195	85	203	230	103	303	95	311	150	217	284	305	315	422	139	|
|70	212	254	107	181	142	140	365	175	141	257	191	85	167	320	124	289	368	258	130	281	440	167	0	109	394	277	378	349	236	244	359	239	167	81	73	196	135	253	213	53	223	257	258	444	226	|
|44	319	157	183	290	225	57	460	262	129	232	93	130	153	426	143	372	357	314	198	339	458	270	109	0	490	379	462	351	247	353	456	334	250	110	168	140	243	226	274	56	201	238	232	449	294	|
|461	211	585	309	264	266	490	30	229	414	446	538	367	413	125	493	135	448	243	299	228	390	231	394	490	0	125	89	408	365	226	36	156	412	462	324	481	311	447	253	441	430	433	448	436	225	|
|346	86	491	207	140	167	387	98	132	323	382	438	265	329	62	369	109	419	203	204	202	400	110	277	379	125	0	155	381	307	113	90	63	288	339	211	394	186	382	190	327	359	371	384	436	165	|
|439	235	536	280	287	238	452	84	204	367	380	495	333	361	186	490	90	367	176	263	156	301	233	378	462	89	155	0	326	299	267	92	148	432	454	306	429	325	382	199	419	369	366	382	348	172	|
|363	399	318	268	421	270	304	388	279	224	129	316	264	198	442	466	284	40	178	246	184	117	347	349	351	408	381	326	0	113	452	391	321	502	422	311	229	415	134	199	348	152	118	130	98	219	|
|254	306	254	158	320	168	208	340	186	119	81	233	151	96	369	355	230	136	123	139	143	211	250	236	247	365	307	299	113	0	359	340	244	390	310	200	148	308	83	117	238	74	68	83	208	145	|
|312	53	490	219	63	193	377	204	174	336	423	429	267	351	107	302	212	487	282	228	288	492	110	244	353	226	113	267	452	359	0	195	145	194	283	199	407	115	421	254	296	394	415	425	521	237	|
|426	176	554	276	229	233	457	9	195	383	421	505	333	383	99	457	111	432	221	266	209	384	195	359	456	36	90	92	391	340	195	0	122	378	426	289	451	275	421	226	406	404	408	423	427	197	|
|305	99	436	155	145	112	336	126	75	266	320	385	213	270	125	344	70	358	144	147	146	348	85	239	334	156	63	148	321	244	145	122	0	286	310	168	336	177	320	128	285	298	309	322	381	103	|
|206	202	407	235	148	246	297	386	258	308	422	342	244	333	300	135	354	525	372	258	390	578	203	167	250	412	288	432	502	390	194	378	286	0	144	191	362	109	418	329	202	388	421	423	591	329	|
|71	263	266	187	221	221	163	432	251	202	318	203	161	229	374	45	364	436	338	211	362	517	230	81	110	462	339	454	422	310	283	426	310	144	0	150	239	168	313	294	77	285	321	319	518	306	|
|137	157	292	45	142	70	181	294	102	141	242	233	70	159	260	191	216	336	193	68	215	389	103	73	168	324	211	306	311	200	199	289	168	191	150	0	210	113	239	148	117	210	238	244	400	157	|
|169	361	108	192	352	228	84	453	262	72	100	88	140	68	452	279	348	227	256	191	280	344	303	196	140	481	394	429	229	148	407	451	336	362	239	210	0	318	95	231	164	79	111	100	325	258	|
|200	101	388	150	53	148	274	283	153	252	355	325	181	272	210	189	245	443	270	169	286	480	95	135	243	311	186	325	415	308	115	275	177	109	168	113	318	0	352	230	187	323	351	357	498	225	|
|247	370	186	205	374	228	175	421	254	112	5	182	175	86	443	356	312	132	206	193	226	251	311	253	226	447	382	382	134	83	421	421	320	418	313	239	95	352	0	196	237	30	19	6	230	224	|
|260	201	337	107	226	84	256	226	81	169	195	297	145	163	252	337	118	234	45	83	68	251	150	213	274	253	190	199	199	117	254	226	128	329	294	148	231	230	196	0	240	178	184	198	272	29	|
|20	264	207	140	234	180	95	411	216	127	241	143	97	153	372	120	329	361	283	159	308	448	217	53	56	441	327	419	348	238	296	406	285	202	77	117	164	187	237	240	0	208	245	242	446	257	|
|219	344	181	177	346	202	152	404	230	82	34	167	145	56	420	328	295	156	193	166	215	265	284	223	201	430	359	369	152	74	394	404	298	388	285	210	79	323	30	178	208	0	37	35	250	206	|
|256	364	205	202	370	222	188	408	246	118	15	199	177	92	433	364	298	119	191	188	210	233	305	257	238	433	371	366	118	68	415	408	309	421	321	238	111	351	19	184	245	37	0	17	214	212	|
|253	374	190	210	378	232	180	423	257	117	2	187	180	91	446	362	313	127	206	197	226	246	315	258	232	448	384	382	130	83	425	423	322	423	319	244	100	357	6	198	242	35	17	0	225	226	|
|460	469	408	356	498	351	402	422	353	322	225	412	359	296	494	563	330	102	239	333	235	54	422	444	449	436	436	348	98	208	521	427	381	591	518	400	325	498	230	272	446	250	214	225	0	285	|
|278	184	364	119	215	87	280	198	72	195	224	323	165	190	227	348	90	255	46	98	61	259	139	226	294	225	165	172	219	145	237	197	103	329	306	157	258	225	224	29	257	206	212	226	285	0	|

--------------------------------------------------------------------------------
Building model...
	using lazy and cut (CVRPSEP package)
Solving IRP LP...
--------------------------------------------------------------------------------

Gurobi 9.1.0 (linux64) logging started Sat Jan  9 00:39:32 2021

Gurobi Optimizer version 9.1.0 build v9.1.0rc0 (linux64)
Thread count: 32 physical cores, 32 logical processors, using up to 2 threads
Optimize a model with 1555 rows, 10318 columns and 29503 nonzeros
Model fingerprint: 0xc34f7bb4
Variable types: 589 continuous, 9729 integer (414 binary)
Coefficient statistics:
  Matrix range     [1e+00, 1e+03]
  Objective range  [1e-01, 6e+02]
  Bounds range     [1e+00, 3e+02]
  RHS range        [1e+01, 6e+03]
Presolve removed 280 rows and 535 columns
Presolve time: 0.12s
Presolved: 1275 rows, 9783 columns, 26890 nonzeros
Variable types: 436 continuous, 9347 integer (8922 binary)

Root relaxation: objective 1.306174e+04, 1016 iterations, 0.03 seconds

    Nodes    |    Current Node    |     Objective Bounds      |     Work
 Expl Unexpl |  Obj  Depth IntInf | Incumbent    BestBd   Gap | It/Node Time

     0     0 13061.7393    0  122          - 13061.7393      -     -    0s
     0     0 13342.3498    0  169          - 13342.3498      -     -    0s
     0     0 13374.0266    0  168          - 13374.0266      -     -    0s
     0     0 13374.0266    0  169          - 13374.0266      -     -    0s
     0     0 13923.6803    0  215          - 13923.6803      -     -    0s
     0     0 13971.8547    0  271          - 13971.8547      -     -    1s
     0     0 13972.3970    0  257          - 13972.3970      -     -    1s
     0     0 14063.7027    0  302          - 14063.7027      -     -    1s
     0     0 14066.7331    0  298          - 14066.7331      -     -    1s
     0     0 14082.5136    0  280          - 14082.5136      -     -    1s
     0     0 14096.9585    0  262          - 14096.9585      -     -    1s
     0     0 14100.0553    0  288          - 14100.0553      -     -    1s
     0     0 14102.0075    0  357          - 14102.0075      -     -    1s
     0     0 14124.6029    0  295          - 14124.6029      -     -    1s
     0     0 14144.6082    0  292          - 14144.6082      -     -    1s
     0     0 14145.0520    0  299          - 14145.0520      -     -    1s
     0     0 14223.1400    0  328          - 14223.1400      -     -    2s
     0     0 14227.1242    0  338          - 14227.1242      -     -    2s
     0     0 14242.4153    0  355          - 14242.4153      -     -    2s
     0     0 14242.9872    0  355          - 14242.9872      -     -    2s
     0     0 14309.1104    0  385          - 14309.1104      -     -    2s
     0     0 14317.0968    0  418          - 14317.0968      -     -    2s
     0     0 14318.6486    0  431          - 14318.6486      -     -    2s
     0     0 14319.7808    0  400          - 14319.7808      -     -    3s
     0     0 14342.0633    0  361          - 14342.0633      -     -    3s
     0     0 14346.9734    0  412          - 14346.9734      -     -    5s
     0     0 14347.9368    0  435          - 14347.9368      -     -    5s
     0     0 14363.5898    0  395          - 14363.5898      -     -    6s
     0     0 14365.0141    0  424          - 14365.0141      -     -    6s
     0     0 14378.6135    0  378          - 14378.6135      -     -    6s
     0     0 14379.8506    0  388          - 14379.8506      -     -    6s
     0     2 14389.4088    0  397          - 14389.4088      -     -    8s
    21    24 14451.4496    7  355          - 14393.1719      -   319   10s
    93    98 14778.6825   30  196          - 14393.1719      -   290   15s
   190   202 15314.9268   64  245          - 14393.1719      -   253   20s
   306   354 15717.1866  101  100          - 14393.1719      -   212   25s
   509   572 17133.8490  179   59          - 14393.1719      -   157   30s
   729   778 19314.9631  292   39          - 14419.9901      -   122   35s
  1032   968 18020.9333  280  388          - 14420.0439      -  95.4   40s
  1050   980 16298.6842  152  546          - 14436.0529      -  93.8   45s
  1066   991 17482.1500  209  497          - 14454.0230      -  92.4   50s
  1080  1000 16616.7343  171  505          - 14462.3020      -  91.2   56s
  1105  1020 14508.1765   16  446          - 14481.8499      -   108   60s
  1145  1048 14654.8519   26  334          - 14481.8499      -   120   65s
  1192  1082 14809.8631   38  304          - 14481.8499      -   130   70s
  1266  1132 14966.4812   59  201          - 14481.8499      -   139   75s
  1338  1197 15626.6166   81  121          - 14481.8499      -   143   80s
  1446  1251 15315.4126   81  193          - 14481.8499      -   141   85s
  1578  1325 17723.0987  176   10          - 14481.8499      -   137   90s
  1692  1377 14782.2962   13  408          - 14485.4070      -   133   95s
  1764  1438 15067.2456   16  319          - 14485.4070      -   134  100s
  1833  1510 15166.5328   21  301          - 14485.4070      -   133  105s
  2012  1552 15214.0456   24  248          - 14485.4070      -   127  112s
* 2025  1502             250    19019.810000 14485.4070  23.8%   127  112s
* 2039  1450             252    18963.810000 14485.4070  23.6%   126  112s
  2072  1430 15421.4282   25  210 18963.8100 14485.4070  23.6%   126  115s
  2100  1446 15456.1401   30  248 18963.8100 14485.4070  23.6%   131  121s
  2121  1474 15512.2596   35  242 18963.8100 14485.4070  23.6%   133  126s
  2149  1488 15703.4519   40  177 18963.8100 14485.4070  23.6%   135  130s
  2181  1517 15782.3515   46  248 18963.8100 14485.4070  23.6%   138  137s
  2216  1527 15903.7452   57  107 18963.8100 14485.4070  23.6%   140  141s
  2245  1551 15948.4944   59  261 18963.8100 14485.4070  23.6%   142  146s
  2277  1573 16021.7535   64  209 18963.8100 14485.4070  23.6%   143  157s
  2289  1613 16031.4217   67  129 18963.8100 14485.4070  23.6%   144  160s
  2363  1650 16198.4635   86   42 18963.8100 14485.4070  23.6%   143  166s
  2410  1661 15632.5805   67  102 18963.8100 14485.4070  23.6%   144  170s
  2460  1740 16317.4557   98   65 18963.8100 14485.4070  23.6%   144  176s
  2517  1723 16355.2350  103  143 18963.8100 14485.4070  23.6%   143  186s
  2537  1759 15870.9544   83   63 18963.8100 14485.4070  23.6%   143  190s
  2596  1819 16502.9721  109   50 18963.8100 14485.4070  23.6%   143  196s
  2641  1864 16558.9231  115   31 18963.8100 14485.4070  23.6%   143  200s
  2721  1890 16545.5781  136   16 18963.8100 14485.4070  23.6%   143  205s
  2836  1963 17188.0386  158   71 18963.8100 14508.1765  23.5%   142  213s
  2889  1965 14587.3092   16  506 18963.8100 14508.1765  23.5%   142  218s
  2940  1964 14672.3727   20  438 18963.8100 14508.1765  23.5%   142  222s
  2962  1976 14715.2740   28   61 18963.8100 14508.1765  23.5%   144  225s
  3000  2014 14898.2433   33  209 18963.8100 14508.1765  23.5%   147  233s
  3032  2053 14809.4564   45  161 18963.8100 14508.1765  23.5%   148  237s
  3082  2158 14868.6082   52  104 18963.8100 14508.1765  23.5%   148  242s
  3211  2148 15087.0722   67  115 18963.8100 14508.1765  23.5%   145  248s
  3264  2191 15149.1605   76   53 18963.8100 14508.1765  23.5%   146  253s
  3349  2268 15389.7206   83   79 18963.8100 14508.1765  23.5%   146  260s
  3495  2305 15673.0223  104   88 18963.8100 14508.1765  23.5%   143  267s
  3618  2327 16416.4600  125   34 18963.8100 14531.4533  23.4%   142  273s
  3675  2338 17316.9100  150    - 18963.8100 14531.5384  23.4%   143  279s
  3704  2372 14983.3833   17  374 18963.8100 14531.5384  23.4%   145  285s
  3744  2401 14764.7060   20  419 18963.8100 14531.5384  23.4%   146  291s
  3786  2478 14979.8776   26  224 18963.8100 14531.5384  23.4%   147  297s
  3877  2504 15102.5887   31  280 18963.8100 14531.5384  23.4%   147  304s
  3939  2623 15254.4108   39  303 18963.8100 14531.5384  23.4%   148  311s
  4091  2717 15864.5170   48  211 18963.8100 14531.5384  23.4%   145  321s
  4179  2854 16600.4691   81  122 18963.8100 14531.5384  23.4%   145  331s
  4342  2943 18329.4497  130   44 18963.8100 14543.3457  23.3%   143  339s
  4378  2947 18663.4300  136    5 18963.8100 14543.3457  23.3%   142  340s
  4458  3030 infeasible  153      18963.8100 14543.3584  23.3%   142  348s
  4556  3060 14747.3777   25  557 18963.8100 14544.7435  23.3%   142  355s
  4593  3089 14841.1050   30  404 18963.8100 14544.7435  23.3%   144  362s
  4630  3139 14815.0684   36  422 18963.8100 14544.7435  23.3%   145  369s
  4660  3139 15099.4555   43  196 18963.8100 14544.7435  23.3%   146  370s
  4672  3209 14862.0282   42  321 18963.8100 14544.7435  23.3%   147  377s
  4742  3331 15003.7202   52  300 18963.8100 14544.7435  23.3%   148  387s
  4897  3399 15199.9011   68  176 18963.8100 14544.7435  23.3%   148  415s
  4953  3562 15462.4730   82   56 18963.8100 14544.7435  23.3%   149  425s
  5156  3683 16926.2576  138   23 18963.8100 14549.7573  23.3%   147  436s
  5356  3736 17730.6867  185   10 18963.8100 14553.6311  23.3%   145  448s
  5408  3787 14840.5381   22  379 18963.8100 14553.7225  23.3%   146  456s
  5467  3827 15070.3398   33  253 18963.8100 14553.7225  23.3%   147  481s
  5510  3932 15452.2390   42  195 18963.8100 14553.7225  23.3%   148  491s
  5621  4207 16508.3099   74   70 18963.8100 14560.9224  23.2%   149  507s
  5856  4231 18935.7843  136   14 18963.8100 14560.9224  23.2%   144  510s
  5989  4275     cutoff  137      18963.8100 14564.1785  23.2%   143  522s
  6046  4335 14701.4847   34  292 18963.8100 14580.3872  23.1%   145  532s
  6100  4441 15094.2773   49  320 18963.8100 14580.3872  23.1%   147  543s
  6206  4671 15363.3246   82   71 18963.8100 14582.2068  23.1%   148  556s
  6500  4816 17721.0500  136    3 18963.8100 14584.1057  23.1%   147  572s
  6669  4847 18076.3300  143    - 18963.8100 14584.5210  23.1%   146  584s
  6706  4885 18271.1300  142   12 18963.8100 14588.7447  23.1%   149  595s
* 6714  4723             146    18314.330000 14588.7447  20.3%   148  595s
  6759  4768     cutoff  145      18314.3300 14589.7413  20.3%   150  606s
* 6784  3865             157    16819.430000 14591.8278  13.2%   151  607s
  6836  3964 15503.7214   36  315 16819.4300 14591.8581  13.2%   151  618s
  6955  4003 14829.7472   22  536 16819.4300 14591.8581  13.2%   152  630s
  7006  4120 15051.0396   37  388 16819.4300 14591.8581  13.2%   154  643s
  7140  4210 15247.7059   51  314 16819.4300 14591.8581  13.2%   154  656s
  7236  4454 15682.3846   76   35 16819.4300 14595.5542  13.2%   156  676s
  7569  4483 16652.9473  113   19 16819.4300 14595.6771  13.2%   152  680s
  7592  4617     cutoff  160      16819.4300 14596.3159  13.2%   153  694s
  7635  4617 15658.2174   54  173 16819.4300 14596.3159  13.2%   154  695s
  7773  4707 16209.5192   89  122 16819.4300 14596.8684  13.2%   154  711s
  7879  4773 15038.1343   27  424 16819.4300 14597.2521  13.2%   155  727s
  7942  4907 15239.1322   38  314 16819.4300 14597.2521  13.2%   158  746s
  8098  5078 16076.6172   65  117 16819.4300 14601.6792  13.2%   159  766s
  8324  5179 14633.8354   22  516 16819.4300 14602.8283  13.2%   159  784s
  8380  5179 14705.6311   24  525 16819.4300 14602.8283  13.2%   160  785s
  8420  5394 15008.3685   51  131 16819.4300 14604.3198  13.2%   161  805s
  8667  5577 15720.7918  102   64 16819.4300 14604.5769  13.2%   161  826s
  8912  5699 16610.8200  125    - 16819.4300 14608.0456  13.1%   160  845s
  9054  5773     cutoff  127      16819.4300 14608.2914  13.1%   161  863s
  9137  5837 16755.2063  125   15 16819.4300 14613.6496  13.1%   163  879s
  9195  5838 15187.2094   41  219 16819.4300 14614.5368  13.1%   164  880s
  9205  5991     cutoff  126      16819.4300 14615.7689  13.1%   164  897s
  9376  6140 15141.5046   42  356 16819.4300 14616.4756  13.1%   165  920s
  9552  6283 15563.3034   69   92 16819.4300 14617.7053  13.1%   166  945s
  9702  6485 16558.9151  135   51 16819.4300 14617.7797  13.1%   167  966s
  9964  6577     cutoff  167      16819.4300 14619.3707  13.1%   166  987s
 10056  6673 15768.2839   56   47 16819.4300 14620.7851  13.1%   167 1006s
 10173  6793 16682.1357   88   91 16819.4300 14622.5280  13.1%   168 1025s
 10319  6850     cutoff  101      16819.4300 14623.6825  13.1%   168 1043s
 10381  6988 15116.4643   37  238 16819.4300 14625.1678  13.0%   170 1061s
 10519  7200 15458.5842   71   71 16819.4300 14626.6447  13.0%   171 1083s
 10828  7372 16645.3042  107   15 16819.4300 14628.3203  13.0%   170 1105s
 11016  7489 infeasible  118      16819.4300 14632.2079  13.0%   170 1126s
 11136  7618 15405.9319   47  160 16819.4300 14633.5924  13.0%   171 1146s
 11290  7770 16190.7459  102   25 16819.4300 14634.9946  13.0%   171 1167s
 11469  7877 15229.6349   43  262 16819.4300 14636.3147  13.0%   171 1189s
 11505  7877 15325.5200   60   77 16819.4300 14636.3147  13.0%   171 1190s
 11568  8066 15454.3625   76   70 16819.4300 14636.6507  13.0%   172 1211s
 11791  8243     cutoff  138      16819.4300 14636.6897  13.0%   173 1236s
 12006  8373 15234.1147   42  265 16819.4300 14638.4589  13.0%   173 1255s
 12167  8464 16333.3100   99    7 16819.4300 14640.3946  13.0%   173 1274s
 12282  8470 16762.7279  118   14 16819.4300 14640.8712  13.0%   173 1275s
 12300  8609 16451.7500  102    2 16819.4300 14641.6413  12.9%   174 1294s
 12336  8610 16753.3833  120   28 16819.4300 14641.6413  12.9%   174 1295s
 12482  8678     cutoff  136      16819.4300 14642.7775  12.9%   174 1313s
 12567  8762 15073.0621   40  364 16819.4300 14642.8501  12.9%   176 1331s
 12646  8898 15450.8105   61  246 16819.4300 14642.8501  12.9%   177 1350s
 12782  8912 15764.9357   75  126 16819.4300 14642.8501  12.9%   178 1439s
 12789  8912 15263.1178   64  183 16819.4300 14642.8501  12.9%   178 1440s
 12796  9191 15722.4833   74   75 16819.4300 14643.0704  12.9%   178 1462s
 13155  9401 16594.9200  128    - 16819.4300 14644.2643  12.9%   176 1489s
 13374  9446 16742.4624  128   25 16819.4300 14645.2640  12.9%   176 1511s
 13427  9564 15257.0236   36  334 16819.4300 14645.5490  12.9%   178 1531s
 13543  9720 15770.1843   58  148 16819.4300 14646.0890  12.9%   179 1553s
 13746  9825 15282.4222   43  261 16819.4300 14646.5598  12.9%   179 1574s
 13783  9825 15683.7450   80  221 16819.4300 14646.5598  12.9%   179 1575s
 13890  9963 14970.4682   28  471 16819.4300 14648.1098  12.9%   180 1597s
H14049 10025                    16814.430000 14648.1126  12.9%   181 1620s
 14116 10232 15431.4025   45  184 16814.4300 14648.1126  12.9%   182 1646s
 14407 10257 16140.1000  105   11 16814.4300 14648.1126  12.9%   181 1650s
 14423 10373 15931.9900   87    - 16814.4300 14649.8582  12.9%   181 1670s
 14590 10530     cutoff  104      16814.4300 14650.7440  12.9%   181 1696s
H14706 10537                    16813.650000 14650.7440  12.9%   181 1697s
 14806 10663     cutoff  102      16813.6500 14652.6603  12.9%   181 1722s
H14910  9998                    16565.500000 14653.1781  11.5%   181 1724s
 14951 10155 14779.0578   18  614 16565.5000 14653.4898  11.5%   182 1747s
 15149 10284 14758.2283   23  625 16565.5000 14654.0711  11.5%   182 1769s
 15272 10583 14992.4266   43  307 16565.5000 14654.0711  11.5%   182 1794s
 15326 10583 15327.0083   76   74 16565.5000 14654.0711  11.5%   182 1795s
 15602 10738 15818.1900  119    - 16565.5000 14654.1352  11.5%   181 1819s
 15620 10743 16053.6500  135   13 16565.5000 14654.1352  11.5%   181 1820s
 15818 10912 16382.5500  142   28 16565.5000 14654.7712  11.5%   180 1843s
 16039 11033     cutoff  147      16565.5000 14656.4049  11.5%   180 1869s
 16171 11152     cutoff  146      16565.5000 14656.7209  11.5%   180 1897s
 16317 11320 15626.7993   62   88 16565.5000 14656.7655  11.5%   180 1920s
 16505 11451 16450.6400   95    - 16565.5000 14657.1470  11.5%   180 1943s
 16613 11455 15717.3672   72  188 16565.5000 14657.5439  11.5%   181 1945s
 16683 11549     cutoff  100      16565.5000 14658.3167  11.5%   180 1970s
 16827 11646 16218.8913   70   25 16565.5000 14661.8989  11.5%   181 1994s
 16847 11648 16475.8842   86   13 16565.5000 14661.8989  11.5%   181 1995s
 16938 11753     cutoff   92      16565.5000 14662.2349  11.5%   181 2018s
 17050 11910 15902.6881   74  131 16565.5000 14663.8854  11.5%   182 2041s
 17232 11945 15338.4165   41  251 16565.5000 14663.8856  11.5%   182 2064s
 17252 11945 15586.0012   61  169 16565.5000 14663.8856  11.5%   182 2065s
 17264 12110 15658.1493   62  171 16565.5000 14665.5290  11.5%   182 2088s
 17357 12110 15243.7912   37  294 16565.5000 14665.5676  11.5%   182 2090s
 17458 12239 15311.9861   49   72 16565.5000 14665.5758  11.5%   182 2114s
 17476 12239 15522.7794   67  113 16565.5000 14665.5758  11.5%   182 2115s
 17605 12367 15607.2140   52  269 16565.5000 14665.9835  11.5%   182 2137s
 17754 12529 15258.7630   44  250 16565.5000 14666.6822  11.5%   183 2160s
 17953 12674 15059.8508   31  399 16565.5000 14667.8104  11.5%   183 2186s
 18139 12777 16426.8844   89  224 16565.5000 14669.5008  11.4%   182 2213s
 18265 12958     cutoff  107      16565.5000 14670.5013  11.4%   183 2240s
 18481 13169 15646.7132   51  170 16565.5000 14671.5013  11.4%   183 2265s
 18736 13230 15004.5304   33  463 16565.5000 14671.8876  11.4%   182 2290s
 18801 13392 15084.9206   29  419 16565.5000 14671.9340  11.4%   183 2317s
 18977 13507 16253.5469   90    7 16565.5000 14672.4172  11.4%   184 2340s
 19153 13618 14916.4638   28  515 16565.5000 14672.5554  11.4%   183 2362s
 19255 13747 16236.5761   69   91 16565.5000 14673.1017  11.4%   184 2386s
 19394 13843 16445.2016   68  145 16565.5000 14673.4249  11.4%   184 2409s
 19492 13845 15242.6456   50  206 16565.5000 14675.3336  11.4%   184 2410s
 19525 13976     cutoff   79      16565.5000 14675.4981  11.4%   184 2435s
 19683 14108 15338.8762   54  274 16565.5000 14676.3331  11.4%   184 2458s
 19824 14353 14828.8218   25  405 16565.5000 14676.5244  11.4%   184 2485s
 20075 14554 15484.4509   67   36 16565.5000 14677.1836  11.4%   184 2511s
 20372 14719 16212.1400  131    - 16565.5000 14677.8820  11.4%   183 2535s
 20530 14836 16345.6800  131    - 16565.5000 14678.3486  11.4%   183 2561s
 20658 14885 16443.6600  131    - 16565.5000 14679.9804  11.4%   183 2581s
 20710 15033 16444.2000  131    - 16565.5000 14680.9892  11.4%   184 2603s
 20809 15034 16216.1164  105  118 16565.5000 14681.1350  11.4%   184 2605s
 20883 15099 16530.9400  131    - 16565.5000 14681.2162  11.4%   184 2628s
 20950 15214 16548.3800  131    - 16565.5000 14681.6204  11.4%   185 2650s
 21076 15331 16549.9200  131    - 16565.5000 14682.1282  11.4%   185 2674s
 21206 15481 16551.6400  131    - 16565.5000 14682.5518  11.4%   185 2698s
 21228 15482 15320.5893   54  257 16565.5000 14682.5518  11.4%   186 2712s
 21393 15612 16556.0600  131   13 16565.5000 14683.7822  11.4%   185 2737s
 21541 15693 16563.1600  132    - 16565.5000 14684.2990  11.4%   185 2762s
 21628 15909 15453.5937   44   82 16565.5000 14685.7499  11.3%   186 2786s
 21854 15924 15305.6063   49  139 16565.5000 14685.7499  11.3%   186 2790s
 21902 16048     cutoff  116      16565.5000 14686.1016  11.3%   185 2814s
 22028 16223 15026.8877   31  480 16565.5000 14686.1160  11.3%   185 2838s
 22175 16227 16256.8570  141    8 16565.5000 14686.1482  11.3%   185 2840s
 22281 16308 16469.2100   73   31 16565.5000 14686.5651  11.3%   185 2864s
 22362 16412     cutoff   77      16565.5000 14688.0419  11.3%   185 2887s
 22480 16531 16046.6672   53  267 16565.5000 14689.6756  11.3%   185 2911s
 22617 16575 15135.7344   32  449 16565.5000 14690.1044  11.3%   186 2934s
 22638 16575 15373.9527   38  344 16565.5000 14690.1044  11.3%   186 2935s
 22661 16640 15613.5891   40  406 16565.5000 14690.1044  11.3%   187 2956s
 22679 16640 15765.7982   46  299 16565.5000 14690.1044  11.3%   187 2961s
 22726 16753 16035.0685   51  256 16565.5000 14690.2188  11.3%   187 2983s
 22874 16923 14994.3966   36  413 16565.5000 14690.6514  11.3%   187 3010s
 23098 17038 14910.0405   19  509 16565.5000 14690.6586  11.3%   187 3035s
 23208 17149 15806.9610   82   55 16565.5000 14691.4022  11.3%   187 3061s
 23377 17240 15537.6289   32  249 16565.5000 14692.9056  11.3%   188 3088s
 23516 17304     cutoff  104      16565.5000 14693.1117  11.3%   187 3110s
 23581 17382 14948.0839   34  288 16565.5000 14693.3841  11.3%   188 3131s
 23659 17589 15238.7039   54  239 16565.5000 14693.3841  11.3%   188 3158s
 23748 17589 15419.5482   67   17 16565.5000 14693.3841  11.3%   189 3160s
 23906 17726 15699.8700   91  109 16565.5000 14694.5253  11.3%   188 3185s
 24097 17844     cutoff  127      16565.5000 14695.4822  11.3%   188 3209s
 24143 17844 15451.5462   49  315 16565.5000 14695.6320  11.3%   188 3210s
 24226 17938 15752.9027   71  120 16565.5000 14696.0191  11.3%   188 3231s
 24341 18058 infeasible  113      16565.5000 14696.1413  11.3%   188 3255s
 24486 18180 16554.2172   89   96 16565.5000 14696.3886  11.3%   188 3281s
 24620 18389 15107.1984   55   47 16565.5000 14697.0099  11.3%   189 3308s
 24773 18398 15399.0897   65   11 16565.5000 14697.0936  11.3%   189 3310s
 24919 18505 16311.7623  106   83 16565.5000 14697.1653  11.3%   188 3332s
 25019 18603     cutoff  116      16565.5000 14697.3274  11.3%   189 3352s
 25137 18707     cutoff  115      16565.5000 14697.4232  11.3%   189 3377s
 25293 18808 15789.3702   58  245 16565.5000 14698.2721  11.3%   189 3399s
 25374 18808 15147.2382   38  295 16565.5000 14698.2721  11.3%   189 3400s
 25414 18941 15184.7366   43  121 16565.5000 14698.5917  11.3%   189 3421s
 25546 19217 15446.6627   86   85 16565.5000 14698.6030  11.3%   189 3448s
 25700 19220 15444.1400   57    7 16565.5000 14698.6030  11.3%   189 3450s
 25890 19315 16167.2911  129   75 16565.5000 14698.6847  11.3%   189 3471s
 26004 19390 16349.9700  141    - 16565.5000 14699.0086  11.3%   189 3496s
 26089 19527 15565.0213   41  251 16565.5000 14699.3320  11.3%   190 3522s
 26268 19598     cutoff   82      16565.5000 14700.5808  11.3%   190 3546s
 26347 19690 15656.6708   58  312 16565.5000 14700.8633  11.3%   190 3568s
 26467 19775 14868.9997   32  376 16565.5000 14701.0147  11.3%   190 3591s
 26552 19824 15252.3588   54  281 16565.5000 14701.0147  11.3%   191 3600s

Cutting planes:
  User: 3933
  Gomory: 31
  Cover: 465
  Implied bound: 63
  Projected implied bound: 1
  Clique: 36
  MIR: 199
  StrongCG: 2
  Flow cover: 442
  Zero half: 37
  RLT: 379
  Relax-and-lift: 6
  Lazy constraints: 7396

Explored 26605 nodes (5087866 simplex iterations) in 3600.69 seconds
Thread count was 2 (of 32 available processors)

Solution count 7: 16565.5 16813.6 16814.4 ... 19019.8

Time limit reached
Best objective 1.656550000000e+04, best bound 1.470101471802e+04, gap 11.2552%

User-callback calls 332338, time in user-callback 232.46 sec
================================================================================
executing instance: ./input/Instances/Original/1/absH3high_2n45.dat
--------------------------------------------------------------------------------
Instance details
n	46
H	3
C	3171
Li:
[0, 0, 0, 0, 0, 0, 0, 0, 0, 0, 0, 0, 0, 0, 0, 0, 0, 0, 0, 0, 0, 0, 0, 0, 0, 0, 0, 0, 0, 0, 0, 0, 0, 0, 0, 0, 0, 0, 0, 0, 0, 0, 0, 0, 0, 0, ]
Ui:
[0, 246, 160, 78, 20, 87, 144, 40, 20, 82, 60, 96, 24, 136, 160, 108, 160, 26, 228, 51, 24, 240, 231, 70, 32, 105, 174, 114, 246, 126, 132, 76, 22, 42, 255, 132, 148, 162, 66, 111, 102, 240, 123, 201, 297, 78, ]
Distance matrix:
|0	148	402	550	329	420	187	318	366	280	504	273	233	333	112	344	379	481	113	593	159	523	261	424	90	359	163	461	413	240	105	299	265	89	371	462	339	273	495	22	41	439	369	506	563	468	|
|148	0	284	517	394	284	136	369	244	311	496	166	329	355	223	202	338	388	204	565	254	506	118	346	71	423	173	471	336	118	105	352	198	105	248	428	302	305	487	153	179	441	230	497	517	370	|
|402	284	0	350	448	80	228	406	42	343	382	129	456	350	412	126	219	131	382	395	410	371	180	137	314	466	289	400	137	167	389	401	169	316	39	280	217	342	373	394	414	362	108	380	324	106	|
|550	517	350	0	339	429	385	308	374	295	93	375	431	249	481	461	180	239	458	48	445	57	474	214	496	333	387	160	216	424	601	321	320	471	376	90	217	301	93	530	534	146	452	88	52	262	|
|329	394	448	339	0	513	282	42	438	105	255	363	115	108	221	484	259	431	217	365	172	289	436	362	333	30	224	189	353	380	423	47	291	296	443	285	240	107	251	307	294	193	495	260	378	437	|
|420	284	80	429	513	0	267	473	76	408	462	163	509	421	449	86	298	201	421	474	455	451	167	217	330	533	333	478	217	181	386	466	225	341	70	360	291	406	453	416	438	440	59	460	400	176	|
|187	136	228	385	282	267	0	249	199	186	360	104	248	224	184	214	207	294	155	432	189	371	155	237	113	308	68	336	227	101	216	236	78	98	205	296	168	181	350	174	190	305	231	360	390	283	|
|318	369	406	308	42	473	249	0	397	66	229	325	128	67	216	447	218	389	206	337	168	260	402	320	311	61	196	167	311	345	406	19	252	275	403	248	198	70	223	296	286	164	457	233	344	395	|
|366	244	42	374	438	76	199	397	0	332	397	96	436	346	383	90	228	168	354	420	385	389	139	161	277	458	263	408	158	128	349	391	150	282	6	298	218	331	388	359	380	370	78	395	352	144	|
|280	311	343	295	105	408	186	66	332	0	231	259	142	53	191	380	171	337	173	332	150	257	337	267	258	127	139	182	258	280	359	58	186	223	338	222	143	6	224	258	254	164	390	234	323	340	|
|504	496	382	93	255	462	360	229	397	231	0	375	356	180	422	478	173	293	403	110	381	36	474	248	463	245	345	68	246	419	568	244	308	433	400	104	200	237	9	482	482	67	474	5	142	312	|
|273	166	129	375	363	163	104	325	96	259	375	0	347	283	288	121	202	221	259	423	292	376	99	183	186	386	170	370	175	52	269	315	76	187	102	288	177	256	365	265	285	333	133	374	365	204	|
|233	329	456	431	115	509	248	128	436	142	356	347	0	181	121	462	311	472	128	463	76	386	398	403	260	141	180	294	392	349	334	111	287	224	442	362	280	139	350	212	194	289	479	360	463	472	|
