




arguments: ./build/mirp_solver -f ./input/orig_exec_172.cfg
Current dir: /scratch/gui/bnc_mirp
File verbosity level: 9
date       time         ( uptime  ) [ thread name/id ]                   file:line     v| 
2021-01-10 04:47:39.452 (   0.199s) [main thread     ]             loguru.cpp:789   INFO| Logging to './output/vi_hc1_full/OU/V3/Original/execution_10_01_2021_04_47_39.log', mode: 'a', verbosity: 9
--------------------------------------------------------------------------------
Parameters
                           instance_path           ./input/Instances/Original/5/
                            model_policy                                       1
                             nb_vehicles                                       3
                              output_dir    ./output/vi_hc1_full/OU/V3/Original/
                            sec_strategy                                       1
                       solver_nb_threads                                       2
                         solver_show_log                                    true
                       solver_time_limit                                    3600
                              use_vi_cos                                   false
                              use_vi_cus                                   false
                         use_vi_hc1_full                                    true
                         use_vi_hc1_half                                   false
                      use_vi_hc1_quarter                                   false
                              use_vi_hc2                                   false
                              use_vi_hc3                                   false
                         use_vi_lex_full                                   false
                         use_vi_lex_half                                   false
                      use_vi_lex_quarter                                   false
                              use_vi_qua                                   false
                               use_vi_vc                                   false
                               use_vi_vr                                   false
--------------------------------------------------------------------------------
executing instance: ./input/Instances/Original/5/absH3low_4n50.dat
--------------------------------------------------------------------------------
Instance details
n	51
H	3
C	4066
Li:
[0, 0, 0, 0, 0, 0, 0, 0, 0, 0, 0, 0, 0, 0, 0, 0, 0, 0, 0, 0, 0, 0, 0, 0, 0, 0, 0, 0, 0, 0, 0, 0, 0, 0, 0, 0, 0, 0, 0, 0, 0, 0, 0, 0, 0, 0, 0, 0, 0, 0, 0, ]
Ui:
[0, 108, 126, 122, 66, 120, 48, 30, 128, 54, 158, 198, 36, 66, 210, 234, 147, 297, 171, 128, 116, 120, 219, 70, 294, 207, 134, 128, 234, 122, 22, 183, 195, 255, 132, 124, 66, 189, 219, 66, 128, 102, 288, 66, 87, 136, 36, 39, 282, 36, 237, ]
Distance matrix:
|0	210	444	498	509	104	438	228	487	304	456	434	526	476	163	47	293	396	293	290	313	85	280	437	293	336	409	106	449	376	433	478	193	404	404	534	278	181	380	507	189	438	263	473	353	216	202	218	452	254	465	|
|210	0	299	507	359	106	345	409	358	411	320	402	555	448	136	200	289	264	306	427	141	222	83	348	264	320	283	303	380	208	258	357	170	348	475	542	243	347	355	379	65	479	172	373	355	251	112	229	402	210	300	|
|444	299	0	363	65	358	116	542	66	440	26	241	425	272	282	407	251	51	276	490	159	397	224	124	217	237	48	490	170	99	83	74	261	180	430	385	214	479	231	85	270	390	184	116	271	300	409	276	210	215	54	|
|498	507	363	0	385	482	246	424	326	254	343	123	63	93	388	452	221	337	211	314	428	414	480	239	243	187	324	463	194	418	438	307	346	188	156	36	264	392	156	326	444	87	340	258	154	286	603	294	153	297	417	|
|509	359	65	385	0	422	145	602	59	492	59	269	448	292	348	472	305	115	329	545	218	462	281	152	274	286	106	554	192	153	116	78	326	216	472	403	274	540	271	63	334	425	249	127	316	361	468	337	233	278	69	|
|104	106	358	482	422	0	372	309	408	337	374	396	521	441	98	96	262	314	271	342	215	124	177	373	249	302	329	198	394	281	337	402	139	353	419	518	230	250	343	428	90	437	188	405	328	200	134	188	406	199	372	|
|438	345	116	246	145	372	0	485	87	357	97	126	309	155	279	394	180	101	200	414	223	373	288	8	157	150	84	459	53	188	196	68	245	72	328	269	165	427	128	97	297	280	184	36	175	250	456	233	94	184	170	|
|228	409	542	424	602	309	485	0	561	170	544	419	424	446	298	214	305	491	286	115	462	187	457	480	331	339	496	124	470	510	565	545	295	424	279	454	329	66	376	576	363	340	370	520	330	242	429	266	453	328	581	|
|487	358	66	326	59	408	87	561	0	441	40	211	389	233	324	446	258	95	281	497	220	431	287	95	230	234	79	522	133	164	146	19	297	160	415	344	233	500	215	21	323	367	224	68	261	320	470	299	174	242	106	|
|304	411	440	254	492	337	357	170	441	0	434	266	255	286	275	266	189	392	164	63	408	225	428	351	224	207	392	234	330	438	484	424	250	287	112	284	232	149	233	453	349	170	302	389	185	168	471	195	305	248	487	|
|456	320	26	343	59	374	97	544	40	434	0	223	406	252	294	418	247	60	271	487	181	405	247	105	215	229	49	498	149	124	109	48	270	165	419	364	215	482	218	60	288	375	194	92	261	302	431	279	190	220	75	|
|434	402	241	123	269	396	126	419	211	266	223	0	185	46	298	387	140	213	145	328	310	355	366	118	147	97	201	425	78	295	315	191	256	65	211	151	166	371	53	215	343	157	231	145	90	220	505	217	41	198	295	|
|526	555	425	63	448	521	309	424	389	255	406	185	0	156	430	481	266	398	252	310	485	442	534	301	293	237	386	480	257	478	500	370	390	249	145	55	313	401	212	389	491	89	392	321	201	322	646	334	216	345	479	|
|476	448	272	93	292	441	155	446	233	286	252	46	156	0	343	429	183	250	184	348	353	396	411	148	192	140	236	461	102	334	350	214	302	106	214	113	212	402	98	233	389	151	277	165	125	261	551	260	62	244	325	|
|163	136	282	388	348	98	279	298	324	275	294	298	430	343	0	124	167	234	178	296	167	121	162	279	151	205	247	216	297	224	280	316	42	256	340	423	132	232	246	344	74	349	100	314	233	115	216	97	308	101	307	|
|47	200	407	452	472	96	394	214	446	266	418	387	481	429	124	0	246	358	245	259	284	41	261	392	247	289	370	103	403	345	402	436	150	358	361	488	232	158	333	466	165	393	223	430	306	168	217	171	406	210	431	|
|293	289	251	221	305	262	180	305	258	189	247	140	266	183	167	246	0	204	26	240	238	215	276	175	37	43	203	289	169	255	297	242	125	122	202	257	52	248	87	272	225	191	134	215	67	80	382	77	163	81	298	|
|396	264	51	337	115	314	101	491	95	392	60	213	398	250	234	358	204	0	229	442	130	347	196	108	169	194	19	440	152	87	102	93	211	149	390	363	165	428	194	116	228	355	134	117	230	250	376	225	189	164	95	|
|293	306	276	211	329	271	200	286	281	164	271	145	252	184	178	245	26	229	0	216	262	212	297	195	63	53	228	280	184	280	323	264	138	137	178	248	76	232	95	294	241	173	156	234	60	77	395	83	172	102	324	|
|290	427	490	314	545	342	414	115	497	63	487	328	310	348	296	259	240	442	216	0	443	220	456	408	273	264	443	204	390	479	529	480	278	346	165	343	278	115	293	509	369	229	340	447	244	202	473	230	366	288	536	|
|313	141	159	428	218	215	223	462	220	408	181	310	485	353	167	284	238	130	262	443	0	288	67	228	202	252	149	382	267	67	122	221	168	247	440	459	186	396	273	241	125	423	107	245	291	242	251	214	297	162	160	|
|85	222	397	414	462	124	373	187	431	225	405	355	442	396	121	41	215	347	212	220	288	0	273	371	221	258	357	95	378	344	401	420	136	331	321	450	208	126	302	450	177	353	213	409	272	136	253	143	377	190	426	|
|280	83	224	480	281	177	288	457	287	428	247	366	534	411	162	261	276	196	297	456	67	273	0	292	243	298	215	363	329	128	176	288	179	305	475	513	224	392	324	307	96	466	143	311	335	261	187	235	357	195	219	|
|437	348	124	239	152	373	8	480	95	351	105	118	301	148	279	392	175	108	195	408	228	371	292	0	154	144	91	456	46	194	203	76	244	65	320	261	163	423	121	103	299	273	185	40	168	247	459	230	86	183	178	|
|293	264	217	243	274	249	157	331	230	224	215	147	293	192	151	247	37	169	63	273	202	221	243	154	0	57	170	303	157	217	260	215	110	111	238	278	21	271	94	245	201	223	100	193	92	93	362	78	160	54	263	|
|336	320	237	187	286	302	150	339	234	207	229	97	237	140	205	289	43	194	53	264	252	258	298	144	57	0	190	331	131	257	294	216	163	84	197	221	77	285	44	246	258	172	155	183	39	123	418	119	120	110	288	|
|409	283	48	324	106	329	84	496	79	392	49	201	386	236	247	370	203	19	228	443	149	357	215	91	170	190	0	449	136	105	114	75	221	138	384	349	168	434	185	99	245	346	146	98	224	255	394	231	174	171	99	|
|106	303	490	463	554	198	459	124	522	234	498	425	480	461	216	103	289	440	280	204	382	95	363	456	303	331	449	0	458	439	496	510	229	410	344	498	293	89	374	540	267	391	307	495	336	211	308	226	451	280	520	|
|449	380	170	194	192	394	53	470	133	330	149	78	257	102	297	403	169	152	184	390	267	378	329	46	157	131	136	458	0	238	249	114	259	47	287	216	171	416	96	137	327	235	211	67	145	247	488	235	41	197	223	|
|376	208	99	418	153	281	188	510	164	438	124	295	478	334	224	345	255	87	280	479	67	344	128	194	217	257	105	439	238	0	57	169	216	230	453	445	206	445	268	184	191	427	141	202	296	278	315	250	274	191	92	|
|433	258	83	438	116	337	196	565	146	484	109	315	500	350	280	402	297	102	323	529	122	401	176	203	260	294	114	496	249	57	0	157	271	252	490	463	251	499	296	162	247	457	195	199	331	329	362	302	288	241	47	|
|478	357	74	307	78	402	68	545	19	424	48	191	370	214	316	436	242	93	264	480	221	420	288	76	215	216	75	510	114	169	157	0	287	141	396	325	219	485	196	31	319	347	216	49	243	306	469	286	154	230	120	|
|193	170	261	346	326	139	245	295	297	250	270	256	390	302	42	150	125	211	138	278	168	136	179	244	110	163	221	229	259	216	271	287	0	216	305	382	91	229	204	316	105	310	78	280	192	83	257	60	268	62	292	|
|404	348	180	188	216	353	72	424	160	287	165	65	249	106	256	358	122	149	137	346	247	331	305	65	111	84	138	410	47	230	252	141	216	0	255	215	126	369	56	168	292	210	177	102	103	200	454	189	54	155	234	|
|404	475	430	156	472	419	328	279	415	112	419	211	145	214	340	361	202	390	178	165	440	321	475	320	238	197	384	344	287	453	490	396	305	255	0	181	254	261	201	422	410	69	335	353	160	225	551	246	252	280	482	|
|534	542	385	36	403	518	269	454	344	284	364	151	55	113	423	488	257	363	248	343	459	450	513	261	278	221	349	498	216	445	463	325	382	215	181	0	298	425	189	342	479	115	373	276	190	323	638	330	175	332	439	|
|278	243	214	264	274	230	165	329	233	232	215	166	313	212	132	232	52	165	76	278	186	208	224	163	21	77	168	293	171	206	251	219	91	126	254	298	0	267	114	250	181	242	82	202	112	88	341	68	177	33	258	|
|181	347	479	392	540	250	427	66	500	149	482	371	401	402	232	158	248	428	232	115	396	126	392	423	271	285	434	89	416	445	499	485	229	369	261	425	267	0	325	516	298	313	305	463	281	180	375	203	403	264	516	|
|380	355	231	156	271	343	128	376	215	233	218	53	212	98	246	333	87	194	95	293	273	302	324	121	94	44	185	374	96	268	296	196	204	56	201	189	114	325	0	224	294	161	185	157	49	167	455	163	78	147	284	|
|507	379	85	326	63	428	97	576	21	453	60	215	389	233	344	466	272	116	294	509	241	450	307	103	245	246	99	540	137	184	162	31	316	168	422	342	250	516	224	0	344	371	244	70	271	337	490	317	176	261	120	|
|189	65	270	444	334	90	297	363	323	349	288	343	491	389	74	165	225	228	241	369	125	177	96	299	201	258	245	267	327	191	247	319	105	292	410	479	181	298	294	344	0	414	116	328	291	187	163	165	345	147	282	|
|438	479	390	87	425	437	280	340	367	170	375	157	89	151	349	393	191	355	173	229	423	353	466	273	223	172	346	391	235	427	457	347	310	210	69	115	242	313	161	371	414	0	323	301	133	238	565	253	197	273	444	|
|263	172	184	340	249	188	184	370	224	302	194	231	392	277	100	223	134	134	156	340	107	213	143	185	100	155	146	307	211	141	195	216	78	177	335	373	82	305	185	244	116	323	0	217	192	138	278	110	230	55	214	|
|473	373	116	258	127	405	36	520	68	389	92	145	321	165	314	430	215	117	234	447	245	409	311	40	193	183	98	495	67	202	199	49	280	102	353	276	202	463	157	70	328	301	217	0	205	286	485	269	106	220	167	|
|353	355	271	154	316	328	175	330	261	185	261	90	201	125	233	306	67	230	60	244	291	272	335	168	92	39	224	336	145	296	331	243	192	103	160	190	112	281	49	271	291	133	192	205	0	138	449	141	123	145	323	|
|216	251	300	286	361	200	250	242	320	168	302	220	322	261	115	168	80	250	77	202	242	136	261	247	93	123	255	211	247	278	329	306	83	200	225	323	88	180	167	337	187	238	138	286	138	0	328	28	243	88	340	|
|202	112	409	603	468	134	456	429	470	471	431	505	646	551	216	217	382	376	395	473	251	253	187	459	362	418	394	308	488	315	362	469	257	454	551	638	341	375	455	490	163	565	278	485	449	328	0	313	508	308	406	|
|218	229	276	294	337	188	233	266	299	195	279	217	334	260	97	171	77	225	83	230	214	143	235	230	78	119	231	226	235	250	302	286	60	189	246	330	68	203	163	317	165	253	110	269	141	28	313	0	235	61	315	|
|452	402	210	153	233	406	94	453	174	305	190	41	216	62	308	406	163	189	172	366	297	377	357	86	160	120	174	451	41	274	288	154	268	54	252	175	177	403	78	176	345	197	230	106	123	243	508	235	0	207	264	|
|254	210	215	297	278	199	184	328	242	248	220	198	345	244	101	210	81	164	102	288	162	190	195	183	54	110	171	280	197	191	241	230	62	155	280	332	33	264	147	261	147	273	55	220	145	88	308	61	207	0	253	|
|465	300	54	417	69	372	170	581	106	487	75	295	479	325	307	431	298	95	324	536	160	426	219	178	263	288	99	520	223	92	47	120	292	234	482	439	258	516	284	120	282	444	214	167	323	340	406	315	264	253	0	|

--------------------------------------------------------------------------------
Building model...
	using lazy and cut (CVRPSEP package)
Solving IRP LP...
--------------------------------------------------------------------------------

Gurobi 9.1.0 (linux64) logging started Sun Jan 10 04:47:39 2021

Gurobi Optimizer version 9.1.0 build v9.1.0rc0 (linux64)
Thread count: 32 physical cores, 32 logical processors, using up to 2 threads
Optimize a model with 1725 rows, 12588 columns and 35778 nonzeros
Model fingerprint: 0x90073262
Variable types: 654 continuous, 11934 integer (459 binary)
Coefficient statistics:
  Matrix range     [1e+00, 1e+03]
  Objective range  [1e-02, 6e+02]
  Bounds range     [1e+00, 3e+02]
  RHS range        [1e+01, 7e+03]
Presolve removed 235 rows and 521 columns
Presolve time: 0.06s
Presolved: 1490 rows, 12067 columns, 32761 nonzeros
Variable types: 583 continuous, 11484 integer (11037 binary)

Root relaxation: objective 3.383827e+03, 1324 iterations, 0.05 seconds

    Nodes    |    Current Node    |     Objective Bounds      |     Work
 Expl Unexpl |  Obj  Depth IntInf | Incumbent    BestBd   Gap | It/Node Time

     0     0 3383.82705    0  166          - 3383.82705      -     -    0s
     0     0 3523.23014    0  212          - 3523.23014      -     -    0s
     0     0 3548.20635    0  184          - 3548.20635      -     -    0s
     0     0 3548.94812    0  182          - 3548.94812      -     -    0s
     0     0 4284.34296    0  257          - 4284.34296      -     -    1s
     0     0 4302.12553    0  232          - 4302.12553      -     -    1s
     0     0 4303.38991    0  242          - 4303.38991      -     -    1s
     0     0 4303.38991    0  203          - 4303.38991      -     -    1s
     0     0 4500.92281    0  302          - 4500.92281      -     -    1s
     0     0 4516.72870    0  319          - 4516.72870      -     -    1s
     0     0 4522.40275    0  311          - 4522.40275      -     -    2s
     0     0 4522.54057    0  314          - 4522.54057      -     -    2s
     0     0 4592.48333    0  279          - 4592.48333      -     -    2s
     0     0 4605.35562    0  294          - 4605.35562      -     -    2s
     0     0 4609.56682    0  297          - 4609.56682      -     -    2s
     0     0 4613.15755    0  280          - 4613.15755      -     -    2s
     0     0 4617.07759    0  313          - 4617.07759      -     -    3s
     0     0 4617.84212    0  361          - 4617.84212      -     -    3s
     0     0 4632.08685    0  338          - 4632.08685      -     -    3s
     0     0 4637.04654    0  376          - 4637.04654      -     -    3s
     0     0 4641.68822    0  395          - 4641.68822      -     -    3s
     0     0 4643.39561    0  405          - 4643.39561      -     -    4s
     0     0 4644.08494    0  418          - 4644.08494      -     -    4s
     0     0 4658.95434    0  404          - 4658.95434      -     -    4s
     0     0 4665.50555    0  415          - 4665.50555      -     -    4s
     0     0 4667.02124    0  418          - 4667.02124      -     -    4s
     0     0 4676.39523    0  372          - 4676.39523      -     -    5s
     0     0 4676.39523    0  372          - 4676.39523      -     -    5s
     0     2 4676.39523    0  372          - 4676.39523      -     -    6s
    38    40 4997.55065   12  169          - 4709.96608      -   335   10s
   160   146 5302.13693   23  250          - 4729.81117      -   214   15s
   251   252 4815.25562    8  451          - 4729.81117      -   196   20s
   510   480 4915.64497   13  268          - 4729.81117      -   122   26s
   549   520 4998.37081   17  173          - 4729.81117      -   136   30s
   657   634 5242.86695   34  136          - 4729.81117      -   139   35s
   738   699 7922.99280  238  288          - 4729.81117      -   136   40s
   753   709 6332.14223  133  544          - 4744.32601      -   133   45s
   763   716 5372.54591   50  647          - 4757.29337      -   132   50s
   771   721 5128.80165   39  680          - 4766.68758      -   130   55s
   774   723 4908.54633   25  655          - 4772.90464      -   130   61s
   791   737 4875.51557   17  357          - 4813.09336      -   155   65s
   839   771 5079.00750   29  224          - 4813.09336      -   167   70s
   921   832 5291.44351   51  172          - 4813.09336      -   171   75s
  1013   874 5566.62933   82  139          - 4813.09336      -   170   80s
  1110   942 6098.02568  126   75          - 4813.09336      -   167   85s
  1188   948 4905.23499   18  285          - 4856.77676      -   167   90s
  1227   978 5103.12675   29  197          - 4856.77676      -   175   95s
  1289  1026 5244.59709   48  165          - 4856.77676      -   178  100s
  1396  1134 5722.40427   84   63          - 4856.77676      -   173  105s
  1524  1189 5938.02000  108   13          - 4856.77676      -   165  110s
  1627  1224 4937.67880   23  376          - 4857.16835      -   161  116s
  1666  1260 5034.43684   28  293          - 4857.16835      -   163  121s
  1714  1294 5984.66325  101   77          - 4857.16835      -   163  125s
  1810  1395 5083.75019   35  245          - 4857.16835      -   162  132s
  1877  1395 5090.63968   37  263          - 4857.16835      -   159  135s
  1962  1423 5260.84198   51  126          - 4857.16835      -   159  142s
  1994  1448 5274.22670   67  174          - 4857.16835      -   163  147s
  2060  1471 5342.67285   33  185          - 4857.16835      -   163  150s
  2118  1581 5682.04898   92  100          - 4857.16835      -   162  156s
  2247  1589 5113.27326   19  505          - 4860.27712      -   159  162s
  2271  1611 5213.85237   24  375          - 4860.27712      -   160  165s
  2342  1679 5278.38596   30  138          - 4860.27712      -   162  171s
  2393  1718 5397.11171   32  193          - 4860.27712      -   162  175s
  2543  1839 5340.74515   39  137          - 4860.27712      -   159  184s
  2554  1836 7013.61716  131   63          - 4860.27712      -   160  185s
  2660  1848 5413.94932   42  125          - 4860.27712      -   159  192s
  2686  1873 5547.64498   44  154          - 4860.27712      -   160  196s
  2719  1898 5489.30313   50  216          - 4860.27712      -   161  201s
  2755  1941 5508.67518   51  100          - 4860.27712      -   162  205s
  2810  1998 5547.18250   58   45          - 4860.27712      -   163  211s
  2886  2041 5618.49783   61   35          - 4860.27712      -   162  217s
  2954  2032 5659.00606   69   14          - 4860.27712      -   162  230s
  2964  2094 5710.63955   68   28          - 4860.27712      -   162  235s
  3026  2188 5753.01313   75   74          - 4860.27712      -   163  240s
  3120  2280 5912.51900   79   28          - 4860.27712      -   162  247s
  3212  2424 6068.67000   90    8          - 4860.27712      -   162  253s
  3327  2424 6254.96003  117    9          - 4860.27712      -   160  255s
  3356  2549 6097.21659  107   76          - 4862.36181      -   160  261s
  3559  2598 5080.76070   20  380          - 4864.60357      -   155  268s
  3580  2630 5512.52993   28  284          - 4864.60357      -   157  273s
  3614  2695 5998.86961   34  157          - 4864.60357      -   159  279s
  3651  2695 5818.77860   46  180          - 4864.60357      -   159  280s
  3681  2758 5822.15932   47  171          - 4864.60357      -   160  285s
  3751  2799 6097.99408   66  161          - 4864.60387      -   161  291s
  3808  2830 5073.89661   19  535          - 4864.60387      -   162  297s
  3839  2890 5349.73019   25  308          - 4864.60387      -   164  304s
  3886  2890 5823.93717   67  108          - 4864.60387      -   165  305s
  3899  2961 5455.73506   32  259          - 4864.60387      -   165  311s
  3970  3059 5493.01474   38  336          - 4864.60387      -   166  320s
  4068  3210 5584.38328   50  255          - 4864.60387      -   167  331s
  4264  3280 5706.64453   61  197          - 4864.60387      -   164  340s
  4320  3364 5971.27836   80   86          - 4864.60387      -   166  348s
  4404  3529 6468.66549  110   42          - 4872.81222      -   167  358s
  4494  3529 6515.36328  137   41          - 4872.81222      -   165  360s
  4600  3578 5023.28057   18  548          - 4872.81222      -   165  368s
  4640  3640 5302.11922   27  323          - 4872.81222      -   167  375s
  4702  3731 5421.53691   37  320          - 4872.81222      -   168  384s
  4793  3902 5486.25372   49  258          - 4872.81222      -   170  394s
  4808  3902 5551.63568   57  238          - 4872.81222      -   170  395s
  4978  3990 5713.19010   66  191          - 4872.81222      -   168  406s
  5061  4197 6016.99036   87  115          - 4875.60409      -   169  417s
  5379  4412 5183.77844   25  354          - 4875.60409      -   165  431s
  5603  4459 6850.62405  132   11          - 4875.60409      -   162  435s
  5662  4562 5570.56822   46   81          - 4875.60409      -   161  445s
  5770  4758 5715.63889   51  107          - 4875.60409      -   162  456s
  5999  5032 6075.96359   93   51          - 4875.81577      -   161  471s
  6310  5143 5406.46481   29  251          - 4875.81577      -   159  484s
  6337  5143 6624.33301  119   62          - 4875.81577      -   160  485s
  6442  5329 5466.85529   37  199          - 4875.81577      -   159  496s
  6624  5480 5658.81598   58  183          - 4875.81577      -   159  509s
  6670  5480 5845.42980   78   60          - 4875.81577      -   159  510s
  6818  5637 6158.68619   90  117          - 4881.16321      -   159  521s
  6997  5692 5372.93301   28  277          - 4881.16321      -   158  532s
  7056  5820 5705.91310   41  209          - 4881.16321      -   160  542s
  7188  6188 6053.98911   69  128          - 4881.19702      -   161  557s
  7385  6201 7211.67585  148   69          - 4881.19702      -   158  560s
  7662  6311 4968.28460   21  596          - 4881.19702      -   155  576s
  7772  6394 5666.07695   35  301          - 4881.19702      -   156  589s
  7845  6473 5815.36665   49  168          - 4881.19702      -   158  601s
  7924  6588 5959.07593   66  132          - 4881.19702      -   159  614s
  7957  6588 6070.48853   77  118          - 4881.19702      -   159  615s
  8039  6811 6161.00527   85  138          - 4881.19702      -   160  631s
  8314  6998 6533.41484  106  109          - 4883.21878      -   159  647s
  8476  7002 7421.64000  167    -          - 4883.21878      -   157  650s
  8560  7108 5078.18880   24  419          - 4883.21878      -   157  663s
  8654  7299 5459.38577   41  180          - 4883.21878      -   159  679s
  8669  7299 5515.64326   50  286          - 4883.21878      -   159  680s
  8863  7512 5632.72999   65   89          - 4883.21878      -   158  696s
  9056  7523 6501.12933  104   66          - 4883.21878      -   158  700s
  9098  7832 6028.50923   94   63          - 4883.35475      -   158  715s
  9427  7846 7268.60000  140   18          - 4883.55507      -   156  720s
  9469  7910 5253.24128   23  363          - 4883.55507      -   155  731s
  9520  7983 5492.46644   39   85          - 4883.55507      -   157  743s
  9591  7983 5771.92963   50  121          - 4883.55507      -   158  745s
  9593  8089 5734.62357   47  168          - 4883.55507      -   158  756s
  9699  8287 6005.12951   71   81          - 4883.55507      -   159  810s
  9961  8505 6198.50837   74   56          - 4883.62253      -   158  829s
 10006  8510 6291.43216   96   30          - 4883.62253      -   158  830s
 10220  8640 5033.56581   22  489          - 4883.93058      -   158  846s
 10333  8780 5584.32860   39  344          - 4883.93058      -   159  861s
 10569  8894 5710.41999   54  114          - 4883.93058      -   158  875s
 10656  9087 6120.97000   82   22          - 4883.93058      -   159  889s
 10716  9087 6249.76695  100   95          - 4883.93058      -   159  890s
 10902  9237 6751.84965  111   45          - 4885.13129      -   159  904s
 10992  9255 7783.97000  171    -          - 4885.13129      -   158  905s
 11081  9421 5538.72427   31  386          - 4885.13129      -   159  919s
 11254  9509 5755.94672   36  210          - 4885.13129      -   159  932s
 11351  9613 5945.71494   48  145          - 4885.13129      -   160  945s
 11448  9823 6079.96800   55   61          - 4885.13129      -   161  961s
 11668 10053 6138.57971   71   16          - 4888.48651      -   161  980s
 11986 10172 5061.34366   21  480          - 4889.04419      -   160  995s
 12079 10326 5145.02374   32  341          - 4889.04419      -   161 1010s
 12313 10438 5335.83265   41  293          - 4889.04419      -   160 1024s
 12402 10616 5563.65230   57  129          - 4889.04419      -   161 1038s
 12580 10826 6015.45678   74  135          - 4890.82999      -   162 1053s
 12777 10832 6864.97828  122    9          - 4893.11462      -   161 1055s
 12853 10962 5472.51407   25  341          - 4893.11462      -   161 1066s
 12982 11316 6262.99741   53  193          - 4893.89967      -   162 1082s
 13406 11342 6937.95000  154    2          - 4893.97667      -   159 1087s
 13450 11411 5091.99278   20  286          - 4893.97667      -   159 1100s
 13507 11573 6188.78054   43  226          - 4893.97667      -   160 1115s
 13679 11665 6723.34149   84   36          - 4905.42582      -   160 1129s
 13694 11665 6810.84735   90   24          - 4905.42582      -   160 1130s
 13825 11830 5962.44661   37  248          - 4905.42582      -   160 1143s
 13969 12098 6371.43933   77  121          - 4906.04794      -   161 1159s
 14014 12098 6503.37159   92  120          - 4906.04794      -   161 1160s
 14300 12223 5430.50276   28  285          - 4906.10702      -   159 1176s
 14411 12511 6125.05626   58   40          - 4913.55363      -   160 1193s
 14562 12518 6729.66000  118    6          - 4913.55363      -   159 1195s
 14748 12720 5147.81322   24  311          - 4913.55363      -   158 1210s
 15065 12961 5888.64205   60  138          - 4913.55363      -   157 1227s
 15237 12965 5755.91538   47  240          - 4913.55363      -   157 1230s
 15251 13131 6430.19043  103   57          - 4915.17169      -   157 1244s
 15343 13138 6855.20000  146    -          - 4915.17169      -   156 1245s
 15479 13259 5409.44701   32  348          - 4915.17169      -   156 1258s
 15589 13419 5822.37300   50  183          - 4915.17169      -   157 1273s
 15707 13426 6354.49244   79  191          - 4915.17169      -   157 1275s
 15821 13579 6095.77958   77   34          - 4915.93168      -   156 1290s
 15995 13703 5056.51220   25  459          - 4915.93168      -   156 1306s
 16130 13758 5699.54623   41  350          - 4915.93168      -   156 1319s
 16172 13820 5944.95909   59  255          - 4915.93168      -   157 1331s
 16234 13927 6069.62577   79  182          - 4915.93168      -   158 1344s
 16294 13927 6387.61542  104  114          - 4915.93168      -   158 1345s
 16341 14135 6551.17386  106  135          - 4915.93168      -   159 1359s
 16356 14135 6560.71380  108   28          - 4915.93168      -   159 1360s
 16618 14359 7002.50284  130    9          - 4921.58127      -   158 1376s
 16888 14399 6997.13839  123   12          - 4921.58127      -   157 1380s
 16923 14491 5363.99223   28  368          - 4921.58127      -   157 1393s
 17033 14499 7984.16686  161    6          - 4921.58127      -   157 1395s
 17054 14581 6175.20343   52  110          - 4921.58127      -   157 1408s
 17132 14724 6496.03192   67  161          - 4921.58127      -   158 1423s
 17277 14925 6955.12000  105    5          - 4926.05276      -   158 1441s
 17569 15094 5239.47421   26  376          - 4926.10030      -   157 1540s
 17732 15319 5971.65845   46  213          - 4926.10030      -   157 1560s
 17984 15446 6610.09500   95   27          - 4926.91757      -   157 1577s
 18116 15505 5064.07185   23  446          - 4926.91757      -   157 1593s
 18165 15569 5687.77888   35  481          - 4926.91757      -   157 1606s
 18229 15750 6199.93614   52  194          - 4926.91757      -   158 1624s
 18320 15750 6415.90367   88   11          - 4926.91757      -   158 1625s
 18412 16053 6452.02000   97    -          - 4927.12323      -   158 1646s
 18706 16112 8890.62333  186    7          - 4927.12323      -   156 1650s
 18891 16326 5124.27248   22  345          - 4927.12323      -   156 1669s
 18955 16326 6779.73140  100   29          - 4927.12323      -   156 1670s
 19091 16533 5614.75862   37  310          - 4927.12323      -   156 1685s
 19316 16629 5777.90261   48  235          - 4927.12323      -   155 1702s
 19467 16863 5944.42324   66  126          - 4927.12323      -   156 1720s
 19760 16997 6327.32000   94    -          - 4931.11380      -   155 1736s
 19944 17091 5394.68377   28  339          - 4932.57888      -   155 1750s
 20023 17190 5254.99356   41  286          - 4932.57888      -   155 1764s
 20070 17190 6218.57815   61  123          - 4932.57888      -   156 1765s
 20122 17333 5472.76880   54  109          - 4932.57888      -   156 1778s
 20265 17528 5787.47027   78   30          - 4932.57888      -   156 1795s
 20494 17580 5955.81341   92   50          - 4933.00897      -   156 1809s
 20525 17581 6422.08000  131    2          - 4933.00897      -   156 1810s
 20571 17619 5309.87070   27  451          - 4934.34882      -   157 1821s
 20601 17695 6053.54213   42  364          - 4934.34882      -   157 1834s
 20677 17876 6246.19566   55  126          - 4934.34882      -   158 1851s
 20894 18090 6424.14653   80   84          - 4934.39954      -   158 1869s
 20909 18090 6429.43586   85   58          - 4934.39954      -   158 1870s
 21180 18166 6975.82212  113   12          - 4934.61042      -   157 1885s
 21237 18266 5667.07463   34  246          - 4934.61042      -   158 1900s
 21327 18356 6088.28393   59   95          - 4934.61042      -   158 1915s
 21417 18643 6438.88857   86   10          - 4934.62288      -   159 1935s
 21769 18697 9229.45000  197    -          - 4934.62288      -   157 1940s
 21858 18825 5185.76539   27  519          - 4934.62288      -   157 1953s
 21944 18831 6958.80923  136   39          - 4934.62288      -   157 1955s
 22005 18945 6278.71801   44  267          - 4934.62288      -   157 1968s
 22143 19082 6648.86185   79  116          - 4934.62288      -   158 1984s
 22218 19085 6963.15286  101    5          - 4934.62288      -   157 1985s
 22285 19349 7054.37604  100   59          - 4934.62288      -   158 2002s
 22510 19374 8057.19000  177    6          - 4934.62288      -   157 2005s
 22631 19734 7262.41222  121    8          - 4935.58802      -   157 2024s
 22706 19745 7718.40184  157   12          - 4935.58802      -   156 2025s
 23140 20002 5187.50084   30  375          - 4935.58802      -   155 2046s
 23391 20034 8857.11000  192    5          - 4935.58802      -   154 2050s
 23430 20107 5922.66068   53   26          - 4935.58802      -   154 2063s
 23484 20181 5996.65000   68    -          - 4935.58802      -   154 2075s
 23570 20278 6101.77121   68    8          - 4935.58802      -   155 2090s
 23661 20493 6346.80113   89  120          - 4935.58802      -   155 2108s
 23751 20499 7170.45346  117   23          - 4935.58802      -   155 2110s
 23898 20736 6919.79200   90   96          - 4936.63114      -   155 2128s
 24019 20749 7911.23000  144    6          - 4936.63114      -   155 2130s
 24285 20841 5190.80842   21  353          - 4936.84982      -   154 2147s
 24316 20986 6050.50302   39  214          - 4936.84982      -   154 2164s
 24364 20986 6249.90932   57  110          - 4936.84982      -   154 2165s
 24461 21168 6222.86863   60  107          - 4936.84982      -   154 2183s
 24643 21359 6592.70000   82   21          - 4937.73188      -   154 2203s
 24748 21368 6904.41500  116   18          - 4937.73188      -   154 2205s
 24904 21437 5250.07698   27  456          - 4940.47434      -   154 2220s
 24948 21527 5660.04019   39  195          - 4940.47434      -   154 2235s
 25038 21662 6038.00500   54  104          - 4940.47434      -   154 2252s
 25195 21872 6662.54864   77   64          - 4940.47434      -   154 2271s
 25428 22013 7230.42247  129   49          - 4940.66410      -   154 2289s
 25461 22013 7595.42157  147   41          - 4940.66410      -   154 2290s
 25653 22112 5515.72076   27  339          - 4941.37831      -   154 2306s
 25710 22259 6174.43262   42  318          - 4941.37831      -   154 2327s
 25863 22411 6626.27090   57  106          - 4941.37831      -   154 2344s
 25908 22411 6683.06125   79  108          - 4941.37831      -   154 2345s
 26028 22687 6735.03351   86  114          - 4944.06252      -   154 2365s
 26481 22856 5036.63766   19  529          - 4945.23244      -   153 2388s
 26559 23000 5742.14586   28  254          - 4945.23244      -   153 2404s
 26597 23000 6269.86188   43  116          - 4945.23244      -   153 2405s
 26707 23107 6235.44227   45  267          - 4945.23244      -   153 2421s
 26820 23323 6319.90192   55   43          - 4945.23244      -   153 2442s
 26979 23326 6682.42000  118    7          - 4945.23244      -   153 2445s
 27169 23464 6426.80000   61   30          - 4945.23244      -   152 2460s
 27246 23588 6550.51833   73   36          - 4945.23244      -   152 2477s
 27370 23757 6672.41405   91  118          - 4945.23244      -   153 2497s
 27539 24118 7055.19000  117    -          - 4946.50400      -   153 2522s
 27770 24169 8364.59000  179    5          - 4946.50400      -   152 2525s
 28138 24338 5116.85612   27  489          - 4946.50400      -   151 2544s
 28295 24436 5829.34939   38  238          - 4946.50400      -   151 2558s
 28379 24618 6408.44532   60  163          - 4946.50400      -   151 2574s
 28439 24618 6631.38441   80   28          - 4946.50400      -   151 2575s
 28590 24747 6754.58688   85  123          - 4946.50400      -   151 2590s
 28703 24995 6984.68784  107  165          - 4946.50400      -   151 2609s
 28763 24996 7194.02000  129    -          - 4946.50400      -   151 2610s
 29049 25184 7444.22142  128   64          - 4947.42986      -   150 2627s
 29276 25230 7832.71000  138    -          - 4947.85088      -   150 2630s
 29319 25310 5393.11576   21  329          - 4947.85088      -   150 2643s
 29402 25401 5995.08180   47  142          - 4947.85088      -   150 2655s
 29495 25542 6423.57059   83   39          - 4949.09175      -   151 2672s
 29712 25591 7966.68000  156   13          - 4949.09175      -   150 2675s
 29763 25684 5393.68066   30  465          - 4949.09175      -   150 2690s
 29850 25893 6116.82962   42  351          - 4949.09175      -   150 2709s
 29868 25893 6170.00385   50  140          - 4949.09175      -   150 2710s
 30135 26053 6344.77217   60   99          - 4949.09175      -   150 2727s
 30364 26207 6410.34800   76  125          - 4949.09175      -   149 2743s
 30487 26511 6844.76000  100    -          - 4952.27814      -   149 2765s
 30960 26677 5192.36735   24  340          - 4952.27814      -   148 2784s
 31026 26680 7020.55000  112    -          - 4952.27814      -   148 2785s
 31100 26815 5988.70609   54  127          - 4952.27814      -   148 2801s
 31223 26935 6601.96405   92   27          - 4952.51288      -   148 2817s
 31378 27046 5212.94874   26  483          - 4952.51288      -   148 2834s
 31490 27160 5735.12213   44  154          - 4952.51288      -   148 2849s
 31505 27160 5843.58466   51   85          - 4952.51288      -   148 2850s
 31621 27273 5927.52321   66   72          - 4953.65867      -   148 2870s
 31754 27404 6134.31214   84   56          - 4953.65867      -   148 2886s
 31890 27553 6354.13500  101   45          - 4954.24052      -   148 2904s
 31935 27558 6567.40639  125   57          - 4954.24052      -   148 2905s
 32095 27626 6453.30000  101   42          - 4955.34414      -   148 2919s
 32110 27636 7811.29000  162    -          - 4955.34414      -   148 2920s
 32187 27795 5651.27225   35  208          - 4955.34414      -   148 2938s
 32265 27797 6126.08180   94    6          - 4955.34414      -   148 2940s
 32406 27951 5946.26109   54  117          - 4955.34414      -   148 2955s
 32527 28081 6162.54667   82   21          - 4956.70889      -   148 2970s
 32721 28294 5468.83241   32  207          - 4956.70889      -   148 2991s
 32952 28446 5771.88549   60   52          - 4956.70889      -   148 3011s
 33091 28619 6297.34833   81  109          - 4956.70889      -   148 3028s
 33282 28756 6735.40000  109   27          - 4959.96977      -   148 3045s
 33469 28791 5230.55087   26  523          - 4960.55028      -   148 3061s
 33484 28863 5714.41572   37  390          - 4960.55028      -   148 3075s
 33570 28982 6123.01376   48  187          - 4960.55028      -   148 3091s
 33740 29077 6389.88696   67   61          - 4960.55028      -   148 3108s
 33812 29184 6792.27519   92   15          - 4960.55028      -   148 3123s
 33939 29336 6893.81566   95   39          - 4961.52239      -   148 3142s
 34135 29463 5307.38329   26  528          - 4961.52239      -   148 3160s
 34305 29561 6182.42480   38  300          - 4961.52239      -   148 3176s
 34451 29718 6509.28724   60   69          - 4961.52239      -   148 3194s
 34481 29718 6636.29609   70   46          - 4961.52239      -   148 3195s
 34571 29861 6864.52250   89   35          - 4961.52239      -   148 3211s
 34726 30137 7173.05676  101   47          - 4961.52239      -   148 3234s
 34786 30144 7906.16057  140   20          - 4961.52239      -   148 3235s
 35110 30258 7374.62452  118   99          - 4962.86392      -   147 3254s
 35155 30261 7427.52049  141   60          - 4962.86392      -   147 3255s
 35219 30301 5397.02052   24  423          - 4962.86392      -   147 3269s
 35247 30407 5960.60198   34  268          - 4962.86392      -   147 3283s
 35346 30410 6404.67158   73   21          - 4962.86392      -   147 3285s
 35361 30520 6180.04389   55   51          - 4962.86392      -   147 3300s
 35472 30664 6283.91036   74   44          - 4962.86392      -   147 3323s
 35616 30677 6884.12039  151   18          - 4962.86392      -   147 3325s
 35657 30838 6684.65121   86   38          - 4962.86392      -   147 3341s
 35852 30875 6845.51000   95    -          - 4963.64425      -   147 3356s
 35923 30933 5872.96808   34  266          - 4963.86937      -   147 3368s
 35964 31034 6269.69178   49  192          - 4963.86937      -   148 3382s
 36069 31185 6382.17957   69   79          - 4963.86937      -   148 3397s
 36273 31292 6573.66557   86   10          - 4963.86937      -   148 3412s
 36398 31448 6591.10261   87   82          - 4964.67091      -   148 3430s
 36599 31548 5082.20821   23  379          - 4964.67091      -   148 3453s
 36722 31571 6824.00000   98    -          - 4964.67091      -   148 3455s
 36731 31602 5587.52283   30  393          - 4964.67091      -   148 3468s
 36755 31656 6052.78623   42  276          - 4964.67091      -   148 3481s
 36809 31739 6202.18084   57  154          - 4964.67091      -   148 3497s
