




arguments: ./build/mirp_solver -f ./input/orig_exec_211.cfg
Current dir: /scratch/gui/bnc_mirp
File verbosity level: 9
date       time         ( uptime  ) [ thread name/id ]                   file:line     v| 
2021-01-10 11:28:10.957 (   0.481s) [main thread     ]             loguru.cpp:789   INFO| Logging to './output/vi_hc1_full/OU/V3/Original/execution_10_01_2021_11_28_10.log', mode: 'a', verbosity: 9
--------------------------------------------------------------------------------
Parameters
                           instance_path           ./input/Instances/Original/6/
                            model_policy                                       1
                             nb_vehicles                                       3
                              output_dir    ./output/vi_hc1_full/OU/V3/Original/
                            sec_strategy                                       1
                       solver_nb_threads                                       2
                         solver_show_log                                    true
                       solver_time_limit                                    3600
                              use_vi_cos                                   false
                              use_vi_cus                                   false
                         use_vi_hc1_full                                    true
                         use_vi_hc1_half                                   false
                      use_vi_hc1_quarter                                   false
                              use_vi_hc2                                   false
                              use_vi_hc3                                   false
                         use_vi_lex_full                                   false
                         use_vi_lex_half                                   false
                      use_vi_lex_quarter                                   false
                              use_vi_qua                                   false
                               use_vi_vc                                   false
                               use_vi_vr                                   false
--------------------------------------------------------------------------------
executing instance: ./input/Instances/Original/6/absH6high_1n25.dat
--------------------------------------------------------------------------------
Instance details
n	26
H	6
C	1711
Li:
[0, 0, 0, 0, 0, 0, 0, 0, 0, 0, 0, 0, 0, 0, 0, 0, 0, 0, 0, 0, 0, 0, 0, 0, 0, 0, ]
Ui:
[0, 168, 176, 34, 66, 36, 177, 106, 118, 182, 64, 141, 189, 63, 46, 111, 182, 231, 36, 66, 68, 54, 132, 90, 246, 75, ]
Distance matrix:
|0	191	200	231	334	329	146	196	208	245	218	164	283	394	151	358	156	196	309	253	201	260	127	138	130	104	|
|191	0	226	229	278	146	328	216	390	417	327	293	195	334	106	296	171	122	472	151	12	411	280	53	190	130	|
|200	226	0	38	149	359	321	10	276	274	418	364	139	204	121	173	321	115	303	141	225	236	155	202	311	256	|
|231	229	38	0	110	352	358	37	314	310	448	395	108	167	129	135	342	109	336	120	226	268	194	213	335	277	|
|334	278	149	110	0	367	467	147	422	413	546	495	86	61	203	25	423	163	429	129	271	363	303	282	424	361	|
|329	146	359	352	367	0	453	349	533	562	411	393	282	411	245	378	250	244	617	245	141	556	426	195	284	243	|
|146	328	321	358	467	453	0	321	162	215	160	112	425	524	297	491	223	341	284	397	339	266	186	276	184	210	|
|196	216	10	37	147	349	321	0	281	281	414	360	132	203	112	171	315	105	311	132	216	244	159	193	305	249	|
|208	390	276	314	422	533	162	281	0	54	321	271	410	471	316	445	348	348	123	398	398	115	125	338	313	309	|
|245	417	274	310	413	562	215	281	54	0	375	323	413	457	334	435	393	361	70	406	424	69	139	367	359	349	|
|218	327	418	448	546	411	160	414	321	375	0	57	484	606	347	569	163	393	444	446	339	421	318	288	137	199	|
|164	293	364	395	495	393	112	360	271	323	57	0	437	556	300	519	144	346	393	401	305	367	261	249	109	163	|
|283	195	139	108	86	282	425	132	410	413	484	437	0	139	137	101	349	91	443	44	187	375	286	206	355	291	|
|394	334	204	167	61	411	524	203	471	457	606	556	139	0	264	38	483	222	467	183	326	403	356	341	484	421	|
|151	106	121	129	203	245	297	112	316	334	347	300	137	264	0	225	220	46	381	102	106	316	195	84	221	158	|
|358	296	173	135	25	378	491	171	445	435	569	519	101	38	225	0	444	184	450	145	288	384	328	303	446	383	|
|156	171	321	342	423	250	223	315	348	393	163	144	349	483	220	444	0	261	460	308	183	415	284	143	39	65	|
|196	122	115	109	163	244	341	105	348	361	393	346	91	222	46	184	261	0	402	56	118	336	224	119	264	200	|
|309	472	303	336	429	617	284	311	123	70	444	393	443	467	381	450	460	402	0	442	477	68	192	424	426	413	|
|253	151	141	120	129	245	397	132	398	406	446	401	44	183	102	145	308	56	442	0	143	375	273	164	315	251	|
|201	12	225	226	271	141	339	216	398	424	339	305	187	326	106	288	183	118	477	143	0	416	286	63	202	142	|
|260	411	236	268	363	556	266	244	115	69	421	367	375	403	316	384	415	336	68	375	416	0	135	365	384	363	|
|127	280	155	194	303	426	186	159	125	139	318	261	286	356	195	328	284	224	192	273	286	135	0	232	256	229	|
|138	53	202	213	282	195	276	193	338	367	288	249	206	341	84	303	143	119	424	164	63	365	232	0	153	89	|
|130	190	311	335	424	284	184	305	313	359	137	109	355	484	221	446	39	264	426	315	202	384	256	153	0	64	|
|104	130	256	277	361	243	210	249	309	349	199	163	291	421	158	383	65	200	413	251	142	363	229	89	64	0	|

--------------------------------------------------------------------------------
Building model...
	using lazy and cut (CVRPSEP package)
Solving IRP LP...
--------------------------------------------------------------------------------

Gurobi 9.1.0 (linux64) logging started Sun Jan 10 11:28:11 2021

Gurobi Optimizer version 9.1.0 build v9.1.0rc0 (linux64)
Thread count: 32 physical cores, 32 logical processors, using up to 2 threads
Optimize a model with 1724 rows, 6950 columns and 20780 nonzeros
Model fingerprint: 0x3631567c
Variable types: 632 continuous, 6318 integer (468 binary)
Coefficient statistics:
  Matrix range     [1e+00, 6e+02]
  Objective range  [1e-01, 6e+02]
  Bounds range     [1e+00, 2e+02]
  RHS range        [1e+01, 3e+03]
Presolve removed 281 rows and 551 columns
Presolve time: 0.07s
Presolved: 1443 rows, 6399 columns, 18684 nonzeros
Variable types: 530 continuous, 5869 integer (5424 binary)

Root relaxation: objective 1.362657e+04, 1732 iterations, 0.05 seconds

    Nodes    |    Current Node    |     Objective Bounds      |     Work
 Expl Unexpl |  Obj  Depth IntInf | Incumbent    BestBd   Gap | It/Node Time

     0     0 13626.5691    0  187          - 13626.5691      -     -    0s
     0     0 13908.2435    0  200          - 13908.2435      -     -    0s
     0     0 13912.4363    0  186          - 13912.4363      -     -    0s
     0     0 13915.3125    0  193          - 13915.3125      -     -    0s
     0     0 14765.5964    0  298          - 14765.5964      -     -    0s
     0     0 14857.4004    0  337          - 14857.4004      -     -    0s
     0     0 14883.4541    0  341          - 14883.4541      -     -    0s
     0     0 14889.5298    0  324          - 14889.5298      -     -    0s
     0     0 14890.9797    0  356          - 14890.9797      -     -    0s
     0     0 14891.2360    0  371          - 14891.2360      -     -    1s
     0     0 15137.0713    0  419          - 15137.0713      -     -    1s
     0     0 15197.5024    0  402          - 15197.5024      -     -    1s
     0     0 15235.1480    0  409          - 15235.1480      -     -    1s
     0     0 15243.9963    0  433          - 15243.9963      -     -    1s
     0     0 15247.0388    0  420          - 15247.0388      -     -    1s
     0     0 15247.6646    0  422          - 15247.6646      -     -    1s
     0     0 15428.0560    0  467          - 15428.0560      -     -    2s
     0     0 15434.4465    0  456          - 15434.4465      -     -    2s
     0     0 15435.4053    0  456          - 15435.4053      -     -    2s
     0     0 15502.3044    0  330          - 15502.3044      -     -    2s
     0     0 15512.6662    0  439          - 15512.6662      -     -    2s
     0     0 15514.2462    0  418          - 15514.2462      -     -    2s
     0     0 15538.2591    0  466          - 15538.2591      -     -    3s
     0     0 15544.9245    0  444          - 15544.9245      -     -    3s
     0     0 15560.0690    0  450          - 15560.0690      -     -    3s
     0     0 15568.5108    0  472          - 15568.5108      -     -    3s
     0     0 15569.5934    0  495          - 15569.5934      -     -    3s
     0     0 15578.1341    0  480          - 15578.1341      -     -    4s
     0     0 15586.1018    0  414          - 15586.1018      -     -    4s
     0     0 15587.3831    0  420          - 15587.3831      -     -    4s
     0     0 15600.1135    0  473          - 15600.1135      -     -    4s
     0     0 15636.8015    0  426          - 15636.8015      -     -    4s
     0     2 15689.5866    0  424          - 15689.5866      -     -    6s
    35    40 15945.6389   11  322          - 15757.7855      -   669   10s
   102   108 16620.4314   31  241          - 15757.7855      -   534   15s
   228   241 infeasible   91               - 15757.7855      -   366   20s
   409   410 16042.5434    4  570          - 15757.7881      -   284   25s
   592   564 16371.1514   11  373          - 15757.7881      -   247   31s
   642   607 16876.2515   27  218          - 15757.7881      -   266   35s
   727   674 19128.6490  125  214          - 15757.7881      -   264   40s
   743   685 16222.3790   11  561          - 16222.3790      -   259   45s
   758   696 17477.1934   99  426          - 16243.7102      -   277   50s
   775   707 19117.4209  140  625          - 16243.9757      -   271   55s
   788   719 16474.3493   27  483          - 16268.1389      -   296   60s
   826   747 16429.5228   36  529          - 16273.0195      -   309   65s
   876   782 16699.7257   48  390          - 16273.0195      -   321   70s
   941   828 16996.7074   62  381          - 16273.0195      -   326   75s
  1028   900 17173.3482   84  328          - 16273.0195      -   321   80s
  1173  1004 17771.4904  123  196          - 16273.0195      -   305   85s
  1323  1120 18401.1118  163  144          - 16273.0195      -   292   90s
  1566  1328 19392.0777  224   27          - 16275.0489      -   263   96s
* 1707  1246             253    20600.930000 16313.4104  20.8%   248   99s
* 1713  1208             251    20544.930000 16313.4104  20.6%   247   99s
* 1715  1171             250    20507.930000 16313.4104  20.5%   247   99s
  1759  1128 16466.9875   28  547 20507.9300 16313.4588  20.5%   246  105s
H 1760  1098                    20499.930000 16313.4588  20.4%   246  105s
H 1789   987                    19702.530000 16313.4588  17.2%   255  110s
H 1792   955                    19686.930000 16313.4588  17.1%   256  110s
  1834   990 16749.0598   45  485 19686.9300 16313.4588  17.1%   265  116s
  1874  1016 16909.2472   50  457 19686.9300 16313.4588  17.1%   272  121s
H 1878   965                    19447.440000 16313.4588  16.1%   272  121s
  1904   989 17069.4126   55  457 19447.4400 16313.4588  16.1%   278  125s
  1950  1021 17327.2112   63  334 19447.4400 16313.4588  16.1%   283  130s
  1984  1045 17522.8754   69  152 19447.4400 16313.4588  16.1%   284  136s
  2055  1111 17732.6382   86  205 19447.4400 16313.4588  16.1%   285  141s
  2141  1188 18066.3638  104  135 19447.4400 16313.4588  16.1%   282  146s
  2248  1297 18772.4140  127  114 19447.4400 16314.6677  16.1%   277  154s
  2357  1329 16651.5479   30  496 19447.4400 16314.6677  16.1%   272  156s
  2435  1412 16764.7789   33  511 19447.4400 16314.6677  16.1%   273  162s
  2475  1480 16867.7035   33  482 19447.4400 16314.6677  16.1%   274  166s
H 2549  1545                    19309.640000 16314.6677  15.5%   273  169s
  2586  1545 18907.3883  185  191 19309.6400 16314.6677  15.5%   271  170s
  2666  1559 17111.5736   38  511 19309.6400 16314.6677  15.5%   270  175s
H 2674  1331                    18862.590000 16314.6677  13.5%   271  175s
  2700  1412 17162.4843   42  341 18862.5900 16314.6677  13.5%   274  181s
  2803  1453 18585.5614  141   22 18862.5900 16314.6677  13.5%   271  185s
  2840  1479 17386.0466   49  378 18862.5900 16314.6677  13.5%   273  190s
  2854  1504 17528.6037   53  300 18862.5900 16314.6677  13.5%   276  195s
  2927  1552 18677.3663   87   32 18862.5900 16314.6677  13.5%   276  200s
H 2953  1555                    18836.410000 16314.6677  13.4%   278  203s
  2961  1595 17729.3536   64  271 18836.4100 16314.6677  13.4%   279  206s
  3001  1632 17774.0706   67  255 18836.4100 16314.6677  13.4%   280  210s
  3038  1675 17848.0241   70  221 18836.4100 16314.6677  13.4%   280  215s
  3123  1750 18085.9349   89  253 18836.4100 16314.6677  13.4%   283  222s
  3168  1810 18238.6660  101  193 18836.4100 16314.6677  13.4%   284  227s
  3228  1884 18413.7863  122  197 18836.4100 16368.4687  13.1%   283  233s
  3320  1911 16491.5253   31  445 18836.4100 16368.4687  13.1%   282  237s
  3347  1947 16968.5981   39  586 18836.4100 16368.4687  13.1%   285  242s
  3383  2024 17351.4237   54  397 18836.4100 16368.4687  13.1%   286  246s
  3460  2115 18030.6063   97  243 18836.4100 16381.2897  13.0%   284  252s
  3567  2202 16764.8441   35  489 18836.4100 16381.2897  13.0%   283  258s
  3658  2256 16620.3061   37  455 18836.4100 16381.2897  13.0%   282  263s
  3736  2302 16974.1310   42  373 18836.4100 16381.2897  13.0%   282  268s
  3782  2430 17577.7418   51  311 18836.4100 16383.7053  13.0%   284  276s
  3945  2454 16563.4804   36  451 18836.4100 16383.7732  13.0%   280  281s
* 3970  2445             141    18816.250000 16383.7732  12.9%   281  281s
* 3972  2443             139    18812.030000 16383.7732  12.9%   280  282s
  3977  2497 17583.3053   55  190 18812.0300 16388.7353  12.9%   283  289s
  4043  2538 16803.0058   29  527 18812.0300 16388.7353  12.9%   284  294s
  4084  2577 17098.7616   42  404 18812.0300 16388.7353  12.9%   286  299s
  4118  2577 18699.1251   76  271 18812.0300 16388.7353  12.9%   286  300s
  4131  2639 18237.8166   76  299 18812.0300 16416.4224  12.7%   288  306s
  4205  2670 16739.4734   33  531 18812.0300 16416.4224  12.7%   290  312s
  4236  2728 17144.1572   50  513 18812.0300 16416.4224  12.7%   293  317s
  4294  2785 18184.1106   93  195 18812.0300 16437.1836  12.6%   294  324s
  4361  2891 16958.9467   43  399 18812.0300 16437.1836  12.6%   295  330s
* 4429  2580             111    18550.280000 16437.1836  11.4%   293  331s
  4471  2597     cutoff  131      18550.2800 16437.3102  11.4%   294  337s
  4511  2692 16720.6269   30  535 18550.2800 16437.3102  11.4%   298  345s
  4622  2733 16848.2858   38  489 18550.2800 16437.3102  11.4%   299  352s
  4663  2802 16896.5875   40  418 18550.2800 16437.3102  11.4%   301  360s
  4742  2864 17046.9457   49  311 18550.2800 16437.3102  11.4%   302  368s
  4804  2945 17409.5079   66   74 18550.2800 16437.3102  11.4%   304  376s
  4897  3070 17612.7832   70  143 18550.2800 16437.3102  11.4%   305  387s
  5024  3206 18047.6720  112   29 18550.2800 16438.7377  11.4%   304  397s
  5191  3233 16915.9368   36  494 18550.2800 16475.2749  11.2%   304  406s
  5218  3302 17087.5804   39  441 18550.2800 16475.2749  11.2%   309  415s
  5287  3385 17731.0450   56  378 18550.2800 16476.2982  11.2%   310  427s
  5412  3463 16790.3540   35  442 18550.2800 16482.7059  11.1%   312  436s
  5490  3550 18203.1209   98  184 18550.2800 16491.5269  11.1%   313  448s
H 5619  3222                    18356.280000 16492.1552  10.2%   313  459s
H 5641  3105                    18295.780000 16492.1552  9.86%   314  459s
  5666  3220 17810.9842   53  324 18295.7800 16498.2795  9.82%   315  469s
  5758  3220 18139.1090   99   95 18295.7800 16498.9724  9.82%   315  470s
  5824  3356 17138.3885   45  277 18295.7800 16505.0557  9.79%   313  508s
  5972  3399 16851.5625   39  450 18295.7800 16505.0557  9.79%   311  518s
  6025  3439 17986.3305   75  312 18295.7800 16506.6448  9.78%   314  528s
H 6086  3425                    18289.940000 16509.5724  9.73%   316  529s
  6093  3502 17392.1028   40  362 18289.9400 16512.2180  9.72%   318  539s
H 6167  3453                    18263.940000 16512.2180  9.59%   319  539s
  6178  3483 16946.5743   29  521 18263.9400 16512.2180  9.59%   320  550s
  6216  3524 17208.1514   35  518 18263.9400 16512.2180  9.59%   323  560s
  6257  3585 17352.3910   46  440 18263.9400 16512.2180  9.59%   327  570s
  6318  3649 17571.2167   60  398 18263.9400 16512.2180  9.59%   330  582s
  6396  3758 18014.4452   77  251 18263.9400 16524.4675  9.52%   332  594s
  6539  3830 17152.6757   48  340 18263.9400 16528.7517  9.50%   330  606s
  6621  3874 17133.9901   41  459 18263.9400 16529.9008  9.49%   333  618s
  6683  3945 16791.2761   36  544 18263.9400 16532.2274  9.48%   336  629s
H 6754  3970                    18217.480000 16532.2274  9.25%   339  643s
  6887  4055 17160.9898   58  210 18217.4800 16532.2274  9.25%   339  655s
  7000  4193 17519.9952   73  150 18217.4800 16535.9755  9.23%   340  669s
  7170  4290 16775.2521   36  510 18217.4800 16538.1325  9.22%   339  681s
H 7279  4413                    18213.880000 16538.1325  9.20%   340  696s
  7427  4534 17476.7175   85  405 18213.8800 16546.6635  9.15%   340  714s
  7576  4620 17279.6060   42  338 18213.8800 16550.1762  9.13%   341  731s
  7678  4748 16987.2086   42  435 18213.8800 16550.5919  9.13%   345  747s
  7837  4975 17006.4876   39  347 18213.8800 16551.1235  9.13%   345  766s
  8064  5118 17704.5434   93  145 18213.8800 16551.1578  9.13%   344  785s
  8263  5206 17064.0316   47  479 18213.8800 16551.5858  9.13%   344  802s
  8351  5361 17209.6239   64  420 18213.8800 16551.5858  9.13%   348  819s
  8403  5361 17654.5267   71  282 18213.8800 16551.5858  9.13%   350  820s
  8530  5467 17574.9209   90  401 18213.8800 16553.7001  9.11%   349  837s
  8661  5622 17153.9004   39  468 18213.8800 16557.9592  9.09%   350  854s
  8730  5622 16892.1933   42  549 18213.8800 16561.1665  9.07%   351  855s
  8838  5738 17381.1683   61  407 18213.8800 16562.7778  9.07%   350  872s
  8978  5832 17957.4639   60  279 18213.8800 16563.6140  9.06%   351  889s
  9100  5982 16959.8836   40  466 18213.8800 16565.1603  9.05%   353  906s
  9250  6172 17554.4940   77  279 18213.8800 16565.6500  9.05%   355  925s
  9497  6287 17789.4076   84  140 18213.8800 16566.5781  9.04%   353  942s
  9631  6364 18160.9828   64  261 18213.8800 16569.5158  9.03%   354  959s
  9733  6498 17816.3497   55  307 18213.8800 16571.3718  9.02%   356  977s
H 9825  6457                    18199.340000 16571.3718  8.95%   356  977s
  9899  6591 16854.0002   36  499 18199.3400 16572.4597  8.94%   357  995s
 10053  6922 16878.7241   43  400 18199.3400 16573.7958  8.93%   357 1016s
 10440  7064 16810.3831   39  466 18199.3400 16575.4461  8.92%   352 1036s
*10523  7049             135    18194.080000 16575.7884  8.89%   352 1037s
*10544  6945             146    18160.080000 16575.7884  8.72%   352 1037s
 10619  7127 17257.6820   43  454 18160.0800 16579.1087  8.71%   352 1054s
 10726  7127 18117.1922   95   63 18160.0800 16579.1087  8.71%   351 1055s
H10736  7085                    18151.580000 16579.1087  8.66%   351 1055s
 10835  7176 17156.2076   43  525 18151.5800 16580.4863  8.66%   351 1072s
H10895  6642                    18049.580000 16580.4863  8.14%   352 1072s
 10961  6775 17130.6360   39  488 18049.5800 16581.3532  8.13%   352 1091s
 11125  6879 16682.7927   37  515 18049.5800 16582.9079  8.13%   352 1109s
H11187  5191                    17774.180000 16582.9079  6.70%   354 1110s
 11253  5288 16905.6536   36  488 17774.1800 16587.9292  6.67%   354 1127s
 11390  5415 17324.7363   70  320 17774.1800 16589.5810  6.66%   355 1144s
H11474  5187                    17739.100000 16589.5810  6.48%   355 1145s
 11569  5285 16980.4364   33  498 17739.1000 16592.5454  6.46%   355 1163s
 11695  5384 17101.5338   49  440 17739.1000 16592.8170  6.46%   357 1182s
 11823  5499 16940.0040   32  546 17739.1000 16594.3057  6.45%   359 1202s
 11978  5612 16977.6360   33  528 17739.1000 16596.2346  6.44%   361 1221s
 12125  5675 17238.3960   37  531 17739.1000 16599.7292  6.42%   362 1239s
 12202  5787 16702.7014   38  431 17739.1000 16602.7876  6.41%   364 1256s
 12324  5895 16843.1108   45  317 17739.1000 16602.8867  6.41%   366 1276s
 12476  6050 16884.4407   35  475 17739.1000 16603.8454  6.40%   368 1296s
 12665  6132 17548.7529   76  311 17739.1000 16605.1093  6.39%   368 1314s
 12768  6243 17421.9935   41  255 17739.1000 16607.3968  6.38%   371 1334s
 12803  6243 17608.0490   58  144 17739.1000 16607.3968  6.38%   371 1335s
 12899  6355 17043.6820   45  403 17739.1000 16608.3364  6.37%   371 1353s
 13049  6504 17099.2035   47  310 17739.1000 16610.2194  6.36%   373 1371s
 13235  6618 17473.6075   48  240 17739.1000 16611.7032  6.36%   373 1391s
 13393  6806 17196.4345   44  426 17739.1000 16613.0776  6.35%   374 1412s
 13606  6966 17036.0919   35  481 17739.1000 16613.1815  6.35%   374 1433s
 13831  7079 16826.3339   41  419 17739.1000 16615.4360  6.33%   374 1453s
 13992  7219 16854.5315   36  462 17739.1000 16615.6960  6.33%   375 1473s
 14171  7277     cutoff   69      17739.1000 16617.2801  6.32%   375 1492s
 14266  7397 17241.5102   58  368 17739.1000 16618.1810  6.32%   377 1511s
 14448  7544 16870.9052   42  421 17739.1000 16620.6942  6.30%   377 1530s
 14616  7724 17184.0642   63  134 17739.1000 16624.3628  6.28%   377 1552s
 14842  7871 17341.2975   50  372 17739.1000 16625.2274  6.28%   378 1571s
 15026  8025     cutoff  101      17739.1000 16626.5956  6.27%   378 1591s
 15222  8148 17427.0398   51  409 17739.1000 16628.5294  6.26%   378 1612s
 15391  8402 16848.9844   43  304 17739.1000 16629.6161  6.25%   378 1633s
 15684  8446 17597.7195  101  105 17739.1000 16630.2361  6.25%   376 1728s
H15737  7258                    17620.500000 16630.2361  5.62%   376 1729s
 15792  7333 16903.1019   39  574 17620.5000 16630.5378  5.62%   377 1748s
 15920  7460 16788.8894   41  526 17620.5000 16631.1168  5.61%   378 1769s
 15956  7460 17279.2731   59  268 17620.5000 16631.1168  5.61%   379 1770s
 16106  7574 16902.8602   38  421 17620.5000 16633.0820  5.60%   379 1791s
 16282  7722 16944.4374   46  519 17620.5000 16633.6620  5.60%   380 1813s
 16468  7856 17588.4166   71  305 17620.5000 16636.1792  5.59%   381 1836s
 16660  8016 17562.3903   58  281 17620.5000 16639.7761  5.57%   381 1859s
 16758  8016 17467.1473   54  274 17620.5000 16641.9102  5.55%   381 1860s
 16892  8093 17255.8597   64  281 17620.5000 16643.2809  5.55%   380 1880s
 17020  8218 17213.5875   47  480 17620.5000 16647.0053  5.52%   382 1902s
 17203  8337 17563.3180   85  218 17620.5000 16647.9269  5.52%   383 1922s
 17411  8476 17349.0991   55  311 17620.5000 16650.1978  5.51%   383 1945s
 17612  8600 16751.0241   37  397 17620.5000 16653.5171  5.49%   383 1966s
 17771  8699 17014.0839   46  459 17620.5000 16654.6511  5.48%   384 1990s
 17930  8842 16941.8711   42  492 17620.5000 16655.3553  5.48%   385 2011s
 18111  8945     cutoff   58      17620.5000 16656.5610  5.47%   386 2032s
 18258  9071 17583.9643   67  371 17620.5000 16658.7683  5.46%   387 2054s
 18335  9071 17094.8310   46  505 17620.5000 16660.7559  5.45%   388 2055s
 18423  9224 17072.9921   49  304 17620.5000 16661.0946  5.44%   388 2075s
 18601  9333 17402.0616   49  500 17620.5000 16661.5869  5.44%   389 2096s
 18772  9435 17438.6090   76  284 17620.5000 16662.2253  5.44%   390 2118s
 18921  9618 16821.8494   44  377 17620.5000 16663.2385  5.43%   391 2140s
 19138  9754     cutoff  101      17620.5000 16664.9780  5.42%   391 2161s
 19340  9862 17002.0378   44  413 17620.5000 16669.1945  5.40%   392 2183s
 19518 10032 17142.6452   51  406 17620.5000 16669.7676  5.40%   392 2206s
 19725 10185 17446.4910   57  299 17620.5000 16669.9226  5.39%   393 2230s
 19951 10363 17278.2694   56  349 17620.5000 16672.4366  5.38%   393 2252s
 20160 10508 17074.5319   49  489 17620.5000 16673.6742  5.37%   392 2273s
 20368 10612 16905.2774   35  399 17620.5000 16675.1853  5.36%   393 2297s
 20482 10726     cutoff   43      17620.5000 16675.1853  5.36%   395 2317s
 20642 10853 17539.7842   51  368 17620.5000 16675.7802  5.36%   396 2339s
 20838 10960     cutoff   54      17620.5000 16676.4209  5.36%   397 2361s
 21002 11162 17362.4554   43  382 17620.5000 16677.4908  5.35%   398 2383s
 21250 11281 17521.2814   87   57 17620.5000 16679.1743  5.34%   397 2405s
 21414 11390 16733.5271   39  527 17620.5000 16681.0405  5.33%   398 2427s
 21621 11523     cutoff   58      17620.5000 16681.4410  5.33%   398 2450s
 21840 11672 17027.0549   39  436 17620.5000 16682.8787  5.32%   398 2473s
 22020 11799 17083.9891   48  362 17620.5000 16683.8734  5.32%   398 2494s
 22178 12070 16953.9668   49  316 17620.5000 16685.0581  5.31%   399 2518s
 22525 12193 17013.1824   46  316 17620.5000 16689.5556  5.28%   397 2540s
 22710 12340 16744.7610   35  496 17620.5000 16690.8570  5.28%   398 2561s
 22875 12482 17373.8091   56  369 17620.5000 16690.9372  5.28%   399 2584s
 22928 12482 17347.5985   50  189 17620.5000 16690.9372  5.28%   399 2585s
 23099 12619 17541.8911   65  158 17620.5000 16693.2521  5.26%   398 2608s
 23286 12728 17200.6495   45  484 17620.5000 16693.8596  5.26%   399 2629s
 23432 12871 17176.9109   51  330 17620.5000 16694.9387  5.25%   400 2650s
 23625 12992 16984.6500   46  323 17620.5000 16698.2283  5.23%   400 2671s
 23825 13166 17221.5255   53  482 17620.5000 16700.1462  5.22%   401 2692s
 24049 13279 17200.7935   55  357 17620.5000 16700.4148  5.22%   400 2715s
 24220 13453 17536.1715   58  355 17620.5000 16701.4965  5.22%   401 2738s
 24455 13583 16888.9092   39  383 17620.5000 16701.7125  5.21%   401 2760s
 24618 13774     cutoff   58      17620.5000 16702.1666  5.21%   402 2782s
 24879 13919 16936.7409   52  235 17620.5000 16703.8822  5.20%   401 2807s
 25043 14092 16935.0514   52  278 17620.5000 16704.1395  5.20%   401 2830s
 25218 14306 17119.1663   65  297 17620.5000 16704.3327  5.20%   401 2854s
 25314 14306 17527.4246   87  165 17620.5000 16704.3327  5.20%   401 2855s
 25522 14441 17549.0168   76  310 17620.5000 16705.2774  5.19%   400 2878s
 25707 14621 16884.7867   46  475 17620.5000 16705.8991  5.19%   401 2900s
 25919 14781 17165.5499   49  372 17620.5000 16707.2183  5.18%   401 2923s
 26134 14933 17336.6983   57  309 17620.5000 16708.1032  5.18%   401 2947s
 26361 15121 16831.5907   39  451 17620.5000 16709.8084  5.17%   401 2970s
 26600 15239 17112.6083   41  513 17620.5000 16710.2971  5.17%   400 2993s
 26777 15398 17174.7828   60  314 17620.5000 16711.3781  5.16%   401 3016s
 27019 15516 17148.5424   50  460 17620.5000 16713.8934  5.15%   401 3038s
 27186 15679 17063.4360   49  299 17620.5000 16715.4568  5.14%   402 3063s
 27414 15809 16906.3814   41  399 17620.5000 16715.8417  5.13%   402 3088s
 27624 15945 16848.1385   32  484 17620.5000 16716.1276  5.13%   402 3114s
 27779 15945 17330.0153   59  287 17620.5000 16716.1276  5.13%   403 3115s
H27794 14226                    17527.500000 16716.1276  4.63%   403 3137s
 28012 14344 16921.6753   32  545 17527.5000 16716.9297  4.62%   403 3161s
 28205 14434 17415.0366   55  324 17527.5000 16717.1265  4.62%   404 3184s
 28357 14536 17109.9792   41  583 17527.5000 16718.4092  4.62%   405 3206s
 28527 14703 16919.2972   41  385 17527.5000 16720.0796  4.61%   406 3230s
 28741 14837 17241.6283   58  135 17527.5000 16720.7940  4.60%   406 3253s
 28983 14940 16866.1715   43  419 17527.5000 16721.6646  4.60%   406 3276s
 29160 15057 17388.3746   46  406 17527.5000 16722.4964  4.59%   406 3298s
 29345 15231 17030.0097   41  433 17527.5000 16723.7857  4.59%   407 3321s
 29581 15348 17196.1813   47  385 17527.5000 16724.9128  4.58%   407 3344s
 29656 15348 17197.2217   60  320 17527.5000 16724.9128  4.58%   407 3345s
 29756 15483 17136.8039   46  464 17527.5000 16725.8937  4.57%   407 3367s
 29983 15607 17249.3793   45  242 17527.5000 16726.7120  4.57%   407 3390s
 30155 15723 16953.9245   39  326 17527.5000 16727.4721  4.56%   408 3413s
 30318 15840 17136.1974   37  407 17527.5000 16727.7185  4.56%   408 3435s
 30482 15945 17278.1016   55  301 17527.5000 16728.7590  4.56%   409 3458s
 30662 16114 17007.6339   45  515 17527.5000 16729.4570  4.55%   409 3481s
 30882 16279 17291.1507   62  350 17527.5000 16730.4555  4.55%   409 3504s
 30989 16279 17365.8470   80  205 17527.5000 16730.4555  4.55%   409 3505s
 31114 16410 17002.2824   44  419 17527.5000 16731.6624  4.54%   409 3528s
 31289 16552 17332.4792   55  376 17527.5000 16732.3404  4.54%   410 3551s
 31497 16692 17088.7923   46  311 17527.5000 16733.3387  4.53%   410 3575s
 31679 16837 17014.6768   53  308 17527.5000 16733.5866  4.53%   410 3600s

Cutting planes:
  User: 4659
  Gomory: 63
  Cover: 412
  Implied bound: 63
  Clique: 7
  MIR: 264
  StrongCG: 5
  Flow cover: 609
  Inf proof: 2
  Zero half: 14
  Network: 8
  RLT: 344
  Relax-and-lift: 4
  Lazy constraints: 438

Explored 31879 nodes (13106584 simplex iterations) in 3601.17 seconds
Thread count was 2 (of 32 available processors)

Solution count 10: 17527.5 17620.5 17739.1 ... 18213.9

Time limit reached
Best objective 1.752750000000e+04, best bound 1.673397244810e+04, gap 4.5273%

User-callback calls 331295, time in user-callback 158.18 sec
================================================================================
executing instance: ./input/Instances/Original/6/absH6high_1n20.dat
--------------------------------------------------------------------------------
Instance details
n	21
H	6
C	1651
Li:
[0, 0, 0, 0, 0, 0, 0, 0, 0, 0, 0, 0, 0, 0, 0, 0, 0, 0, 0, 0, 0, ]
Ui:
[0, 36, 182, 182, 90, 261, 117, 30, 110, 42, 276, 153, 40, 94, 144, 46, 129, 213, 264, 160, 174, ]
Distance matrix:
|0	371	401	343	361	341	370	115	392	400	79	266	292	245	355	431	265	194	95	92	348	|
|371	0	37	141	110	250	117	438	67	131	372	305	115	238	247	255	235	296	392	430	185	|
|401	37	0	175	100	284	146	472	90	156	406	342	152	275	280	282	242	333	415	455	178	|
|343	141	175	0	239	110	38	374	95	60	314	182	67	130	106	127	318	201	397	423	303	|
|361	110	100	239	0	341	222	451	177	240	385	374	190	304	341	361	151	345	354	398	78	|
|341	250	284	110	341	0	143	337	203	151	289	102	152	97	15	95	394	156	415	431	398	|
|370	117	146	38	222	143	0	407	61	30	346	220	81	167	137	139	317	237	417	447	292	|
|115	438	472	374	451	337	407	0	443	434	66	241	339	251	351	431	374	181	201	177	450	|
|392	67	90	95	177	203	61	443	0	66	379	275	104	216	197	193	294	283	427	461	252	|
|400	131	156	60	240	151	30	434	66	0	374	237	112	189	142	127	344	261	448	477	312	|
|79	372	406	314	385	289	346	66	379	374	0	202	275	197	304	383	316	134	175	166	388	|
|266	305	342	182	374	102	220	241	275	237	202	0	191	70	117	196	386	73	352	359	415	|
|292	115	152	67	190	152	81	339	104	112	275	191	0	123	154	193	252	183	336	366	246	|
|245	238	275	130	304	97	167	251	216	189	197	70	123	0	110	187	322	72	319	334	346	|
|355	247	280	106	341	15	137	351	197	142	304	117	154	110	0	80	399	171	427	444	400	|
|431	255	282	127	361	95	139	431	193	127	383	196	193	187	80	0	444	251	499	519	429	|
|265	235	242	318	151	394	317	374	294	344	316	386	252	322	399	444	0	332	226	273	97	|
|194	296	333	201	345	156	237	181	283	261	134	73	183	72	171	251	332	0	279	286	375	|
|95	392	415	397	354	415	417	201	427	448	175	352	336	319	427	499	226	279	0	47	321	|
|92	430	455	423	398	431	447	177	461	477	166	359	366	334	444	519	273	286	47	0	368	|
|348	185	178	303	78	398	292	450	252	312	388	415	246	346	400	429	97	375	321	368	0	|

--------------------------------------------------------------------------------
Building model...
	using lazy and cut (CVRPSEP package)
Solving IRP LP...
--------------------------------------------------------------------------------

Gurobi 9.1.0 (linux64) logging started Sun Jan 10 12:28:13 2021

Gurobi Optimizer version 9.1.0 build v9.1.0rc0 (linux64)
Thread count: 32 physical cores, 32 logical processors, using up to 2 threads
Optimize a model with 1389 rows, 4665 columns and 14235 nonzeros
Model fingerprint: 0x01ec0532
Variable types: 507 continuous, 4158 integer (378 binary)
Coefficient statistics:
  Matrix range     [1e+00, 6e+02]
  Objective range  [1e-01, 5e+02]
  Bounds range     [1e+00, 3e+02]
  RHS range        [1e+01, 3e+03]
Presolve removed 231 rows and 441 columns
Presolve time: 0.06s
Presolved: 1158 rows, 4224 columns, 12544 nonzeros
Variable types: 430 continuous, 3794 integer (3444 binary)

Root relaxation: objective 1.300337e+04, 1319 iterations, 0.03 seconds

    Nodes    |    Current Node    |     Objective Bounds      |     Work
 Expl Unexpl |  Obj  Depth IntInf | Incumbent    BestBd   Gap | It/Node Time

     0     0 13003.3677    0  192          - 13003.3677      -     -    0s
     0     0 13243.5037    0  209          - 13243.5037      -     -    0s
     0     0 13269.9393    0  186          - 13269.9393      -     -    0s
     0     0 13270.0181    0  200          - 13270.0181      -     -    0s
     0     0 13663.0643    0  308          - 13663.0643      -     -    0s
     0     0 13746.1280    0  314          - 13746.1280      -     -    0s
     0     0 13756.9143    0  326          - 13756.9143      -     -    0s
     0     0 13762.2169    0  327          - 13762.2169      -     -    0s
     0     0 13767.2972    0  339          - 13767.2972      -     -    0s
     0     0 13772.3878    0  337          - 13772.3878      -     -    0s
     0     0 13773.0155    0  350          - 13773.0155      -     -    0s
     0     0 13773.2430    0  324          - 13773.2430      -     -    0s
     0     0 13886.7866    0  397          - 13886.7866      -     -    1s
     0     0 13913.6996    0  371          - 13913.6996      -     -    1s
     0     0 13918.9077    0  363          - 13918.9077      -     -    1s
     0     0 13919.2980    0  366          - 13919.2980      -     -    1s
     0     0 14008.5609    0  401          - 14008.5609      -     -    1s
     0     0 14021.4306    0  394          - 14021.4306      -     -    1s
     0     0 14024.7584    0  419          - 14024.7584      -     -    1s
     0     0 14025.2333    0  410          - 14025.2333      -     -    1s
     0     0 14059.1277    0  409          - 14059.1277      -     -    1s
     0     0 14063.7633    0  430          - 14063.7633      -     -    2s
     0     0 14064.9200    0  407          - 14064.9200      -     -    2s
     0     0 14097.3659    0  337          - 14097.3659      -     -    2s
     0     0 14107.0758    0  428          - 14107.0758      -     -    2s
     0     0 14113.9480    0  356          - 14113.9480      -     -    2s
     0     0 14124.9615    0  383          - 14124.9615      -     -    2s
     0     0 14129.6880    0  406          - 14129.6880      -     -    2s
     0     0 14140.3529    0  394          - 14140.3529      -     -    2s
     0     0 14150.5577    0  418          - 14150.5577      -     -    2s
     0     0 14158.1095    0  390          - 14158.1095      -     -    2s
     0     0 14163.4171    0  352          - 14163.4171      -     -    2s
     0     0 14173.0741    0  410          - 14173.0741      -     -    2s
     0     0 14181.8351    0  399          - 14181.8351      -     -    3s
     0     0 14188.3132    0  378          - 14188.3132      -     -    3s
     0     0 14188.8629    0  401          - 14188.8629      -     -    3s
     0     0 14216.9106    0  469          - 14216.9106      -     -    3s
     0     0 14219.4877    0  486          - 14219.4877      -     -    3s
     0     0 14219.8427    0  516          - 14219.8427      -     -    3s
     0     0 14223.0266    0  453          - 14223.0266      -     -    3s
     0     0 14223.0266    0  414          - 14223.0266      -     -    3s
     0     2 14223.4036    0  414          - 14223.4036      -     -    4s
     9    12 14292.9744    3  406          - 14242.4807      -   713    5s
    49    55 14416.8468   17  346          - 14275.4482      -   733   10s
   159   165 15584.3526   49  275          - 14275.4482      -   471   15s
   489   465 16996.5874   73  208          - 14275.4482      -   207   20s
   654   676 14816.6615   12  303          - 14283.4484      -   188   25s
*  812   750             274    25408.650000 14283.4484  43.8%   159   27s
H  818   744                    24666.330000 14283.4484  42.1%   163   27s
   821   745 14397.1666   16  414 24666.3300 14283.4484  42.1%   163   30s
H  822   708                    22967.330000 14283.4484  37.8%   163   30s
H  841   684                    22696.210000 14518.3052  36.0%   159   35s
   867   703 19683.8806  143  549 22696.2100 14529.9271  36.0%   171   40s
H  873   671                    22208.100000 14533.3906  34.6%   170   59s
   875   675 14549.1990   28  552 22208.1000 14542.8164  34.5%   181   60s
   910   700 14581.9369   37  527 22208.1000 14579.6186  34.3%   201   65s
   959   736 14685.3983   50  444 22208.1000 14579.6186  34.3%   217   70s
  1024   781 14811.7750   64  386 22208.1000 14579.6186  34.3%   230   75s
  1081   821 14916.8701   76  340 22208.1000 14579.6186  34.3%   241   80s
  1146   870 15213.5523   94  313 22208.1000 14579.6186  34.3%   247   85s
  1243   927 16404.1900  121  285 22208.1000 14579.6186  34.3%   248   90s
  1323  1006 16829.5626  139  180 22208.1000 14579.6186  34.3%   250   95s
  1465  1099 18329.2411  192  143 22208.1000 14579.6186  34.3%   243  100s
  1685  1156 14710.6932   36  447 22208.1000 14595.9644  34.3%   225  106s
  1720  1185 14885.2893   40  399 22208.1000 14595.9644  34.3%   231  111s
  1781  1247 14983.6518   48  477 22208.1000 14595.9644  34.3%   234  115s
  1908  1323 15138.5698   52  388 22208.1000 14595.9644  34.3%   230  121s
  1939  1361 15185.0583   55  416 22208.1000 14595.9644  34.3%   230  129s
  1988  1414 15245.7294   63  340 22208.1000 14595.9644  34.3%   227  131s
  2081  1404 15519.7335   67  368 22208.1000 14595.9644  34.3%   225  136s
  2140  1449 15812.7427   84  272 22208.1000 14595.9644  34.3%   229  141s
H 2151  1402                    21608.400000 14595.9644  32.5%   229  141s
  2159  1402 15786.6922   90  238 21608.4000 14595.9644  32.5%   230  145s
  2203  1467 15922.5911  102  223 21608.4000 14595.9644  32.5%   230  150s
  2285  1571 17416.7114  117  161 21608.4000 14595.9644  32.5%   231  155s
  2492  1646 18700.0522  170   39 21608.4000 14595.9644  32.5%   219  160s
  2632  1717 14761.2123   38  322 21608.4000 14610.6712  32.4%   213  166s
H 2685  1718                    21556.350000 14610.6712  32.2%   216  170s
  2736  1802 15033.4931   55  389 21556.3500 14610.6712  32.2%   218  176s
  2841  1916 15263.1276   61  294 21556.3500 14610.6712  32.2%   218  183s
  2908  1975 15385.5142   70  331 21556.3500 14610.6712  32.2%   216  187s
  2967  2089 15503.7785   76  310 21556.3500 14610.6712  32.2%   215  191s
  3087  2092 15982.0017   82  213 21556.3500 14610.6712  32.2%   211  195s
  3158  2157 16795.0892   97  217 21556.3500 14610.6712  32.2%   213  202s
  3191  2230 17219.0786  106  221 21556.3500 14610.6712  32.2%   214  206s
  3264  2354 17942.5153  122  178 21556.3500 14610.6712  32.2%   213  212s
  3425  2396 18585.9034  125  173 21556.3500 14610.6712  32.2%   207  217s
  3478  2575 18854.0792  142  137 21556.3500 14610.6712  32.2%   207  223s
  3687  2591 20973.0487  204   65 21556.3500 14610.6712  32.2%   198  225s
  3723  2631 infeasible  187      21556.3500 14623.6923  32.2%   198  231s
H 3746  2627                    21484.210000 14623.6923  31.9%   196  231s
  3822  2656 15213.2571   43  416 21484.2100 14636.9295  31.9%   196  235s
  3932  2809 17012.1887  107  172 21484.2100 14648.3513  31.8%   196  246s
  4071  2837     cutoff  209      21484.2100 14648.4393  31.8%   192  250s
  4124  2905 15320.6308   46  438 21484.2100 14648.6374  31.8%   196  258s
  4167  3011 16261.1769   62  319 21484.2100 14648.6374  31.8%   197  263s
  4273  3243 18442.4150  121  108 21484.2100 14654.7736  31.8%   196  271s
