




arguments: ./build/mirp_solver -f ./input/orig_exec_133.cfg
Current dir: /scratch/gui/bnc_mirp
File verbosity level: 9
date       time         ( uptime  ) [ thread name/id ]                   file:line     v| 
2021-01-09 23:48:04.676 (   0.152s) [main thread     ]             loguru.cpp:789   INFO| Logging to './output/vi_hc1_full/OU/V3/Original/execution_09_01_2021_23_48_04.log', mode: 'a', verbosity: 9
--------------------------------------------------------------------------------
Parameters
                           instance_path           ./input/Instances/Original/4/
                            model_policy                                       1
                             nb_vehicles                                       3
                              output_dir    ./output/vi_hc1_full/OU/V3/Original/
                            sec_strategy                                       1
                       solver_nb_threads                                       2
                         solver_show_log                                    true
                       solver_time_limit                                    3600
                              use_vi_cos                                   false
                              use_vi_cus                                   false
                         use_vi_hc1_full                                    true
                         use_vi_hc1_half                                   false
                      use_vi_hc1_quarter                                   false
                              use_vi_hc2                                   false
                              use_vi_hc3                                   false
                         use_vi_lex_full                                   false
                         use_vi_lex_half                                   false
                      use_vi_lex_quarter                                   false
                              use_vi_qua                                   false
                               use_vi_vc                                   false
                               use_vi_vr                                   false
--------------------------------------------------------------------------------
executing instance: ./input/Instances/Original/4/absH3low_3n30.dat
--------------------------------------------------------------------------------
Instance details
n	31
H	3
C	2841
Li:
[0, 0, 0, 0, 0, 0, 0, 0, 0, 0, 0, 0, 0, 0, 0, 0, 0, 0, 0, 0, 0, 0, 0, 0, 0, 0, 0, 0, 0, 0, 0, ]
Ui:
[0, 246, 98, 54, 144, 171, 192, 180, 165, 98, 122, 198, 297, 144, 130, 129, 219, 138, 142, 150, 108, 66, 64, 285, 180, 204, 276, 168, 240, 198, 122, ]
Distance matrix:
|0	172	56	166	260	198	42	197	296	110	91	112	238	275	323	183	330	232	175	181	162	191	232	280	201	139	356	185	266	216	26	|
|172	0	178	223	320	335	153	355	444	62	231	99	333	376	214	352	176	235	194	106	47	41	353	161	299	175	225	43	326	374	153	|
|56	178	0	110	204	162	93	233	336	125	144	148	187	226	358	180	313	284	123	152	182	185	282	252	256	88	329	177	210	251	42	|
|166	223	110	0	102	150	199	327	431	194	253	237	113	156	431	228	296	386	44	140	248	208	389	218	366	48	287	200	108	344	148	|
|260	320	204	102	0	156	296	391	493	296	340	339	66	90	531	263	362	486	127	226	349	300	469	278	454	148	334	292	6	406	245	|
|198	335	162	150	156	0	239	255	351	286	245	307	93	106	518	111	442	423	194	280	344	335	349	367	352	182	437	327	158	266	199	|
|42	153	93	199	296	239	0	203	296	91	82	76	278	316	284	217	322	191	201	186	133	180	217	281	177	165	356	175	302	222	52	|
|197	355	233	327	391	255	203	0	104	294	125	266	340	361	436	151	524	276	352	377	330	383	109	477	146	319	553	377	395	19	222	|
|296	444	336	431	493	351	296	104	0	384	214	348	440	456	488	241	617	315	456	476	412	475	113	575	176	422	651	470	497	88	322	|
|110	62	125	194	296	286	91	294	384	0	171	55	298	340	238	292	233	210	176	118	58	91	298	201	248	148	273	87	302	313	94	|
|91	231	144	253	340	245	82	125	214	171	0	141	307	339	324	184	403	187	266	266	204	261	140	363	114	230	438	256	346	144	116	|
|112	99	148	237	339	307	76	266	348	55	141	0	332	373	212	292	275	156	225	173	64	137	254	253	200	194	322	135	345	284	108	|
|238	333	187	113	66	93	278	340	440	298	307	332	0	43	536	203	404	469	153	253	354	321	427	322	420	160	385	313	67	353	229	|
|275	376	226	156	90	106	316	361	456	340	339	373	43	0	578	216	443	507	194	295	397	364	453	361	451	203	421	356	88	372	268	|
|323	214	358	431	531	518	284	436	488	238	324	212	536	578	0	498	309	176	407	320	183	245	376	344	312	383	379	251	537	451	319	|
|183	352	180	228	263	111	217	151	241	292	184	292	203	216	498	0	492	371	266	328	345	364	255	426	272	242	501	356	266	159	198	|
|330	176	313	296	362	442	322	524	617	233	403	275	404	443	309	492	0	397	253	164	218	142	529	84	475	260	72	147	367	543	306	|
|232	235	284	386	486	423	191	276	315	210	187	156	469	507	176	371	397	0	379	327	188	276	202	396	139	346	456	277	492	289	242	|
|175	194	123	44	127	194	201	352	456	176	266	225	153	194	407	266	253	379	0	101	225	174	405	174	375	36	244	166	133	370	152	|
|181	106	152	140	226	280	186	377	476	118	266	173	253	295	320	328	164	327	101	0	148	76	403	100	360	98	177	69	232	396	155	|
|162	47	182	248	349	344	133	330	412	58	204	64	354	397	183	345	218	188	225	148	0	89	316	208	259	201	270	90	355	348	149	|
|191	41	185	208	300	335	180	383	475	91	261	137	321	364	245	364	142	276	174	76	89	0	388	119	336	162	185	8	306	402	169	|
|232	353	282	389	469	349	217	109	113	298	140	254	427	453	376	255	529	202	405	403	316	388	0	497	64	369	570	384	474	112	256	|
|280	161	252	218	278	367	281	477	575	201	363	253	322	361	344	426	84	396	174	100	208	119	497	0	449	187	77	119	283	496	255	|
|201	299	256	366	454	352	177	146	176	248	114	200	420	451	312	272	475	139	375	360	259	336	64	449	0	339	521	333	460	156	223	|
|139	175	88	48	148	182	165	319	422	148	230	194	160	203	383	242	260	346	36	98	201	162	369	187	339	0	260	153	154	337	116	|
|356	225	329	287	334	437	356	553	651	273	438	322	385	421	379	501	72	456	244	177	270	185	570	77	521	260	0	187	338	572	331	|
|185	43	177	200	292	327	175	377	470	87	256	135	313	356	251	356	147	277	166	69	90	8	384	119	333	153	187	0	298	396	163	|
|266	326	210	108	6	158	302	395	497	302	346	345	67	88	537	266	367	492	133	232	355	306	474	283	460	154	338	298	0	410	251	|
|216	374	251	344	406	266	222	19	88	313	144	284	353	372	451	159	543	289	370	396	348	402	112	496	156	337	572	396	410	0	241	|
|26	153	42	148	245	199	52	222	322	94	116	108	229	268	319	198	306	242	152	155	149	169	256	255	223	116	331	163	251	241	0	|

--------------------------------------------------------------------------------
Building model...
	using lazy and cut (CVRPSEP package)
Solving IRP LP...
--------------------------------------------------------------------------------

Gurobi 9.1.0 (linux64) logging started Sat Jan  9 23:48:04 2021

Gurobi Optimizer version 9.1.0 build v9.1.0rc0 (linux64)
Thread count: 32 physical cores, 32 logical processors, using up to 2 threads
Optimize a model with 1045 rows, 4858 columns and 14278 nonzeros
Model fingerprint: 0xf86f5ef5
Variable types: 394 continuous, 4464 integer (279 binary)
Coefficient statistics:
  Matrix range     [1e+00, 9e+02]
  Objective range  [1e-02, 7e+02]
  Bounds range     [1e+00, 3e+02]
  RHS range        [3e+01, 5e+03]
Presolve removed 210 rows and 370 columns
Presolve time: 0.08s
Presolved: 835 rows, 4488 columns, 12875 nonzeros
Variable types: 284 continuous, 4204 integer (3927 binary)

Root relaxation: objective 2.358779e+03, 804 iterations, 0.02 seconds

    Nodes    |    Current Node    |     Objective Bounds      |     Work
 Expl Unexpl |  Obj  Depth IntInf | Incumbent    BestBd   Gap | It/Node Time

     0     0 2358.77920    0   85          - 2358.77920      -     -    0s
     0     0 2587.96353    0   67          - 2587.96353      -     -    0s
     0     0 3061.76275    0  138          - 3061.76275      -     -    0s
     0     0 3174.63003    0  201          - 3174.63003      -     -    0s
     0     0 3178.04185    0  194          - 3178.04185      -     -    0s
     0     0 3319.78438    0  182          - 3319.78438      -     -    0s
     0     0 3344.27549    0  185          - 3344.27549      -     -    0s
     0     0 3355.15736    0  202          - 3355.15736      -     -    0s
     0     0 3355.93513    0  198          - 3355.93513      -     -    0s
     0     0 3447.30955    0  266          - 3447.30955      -     -    1s
     0     0 3487.20912    0  296          - 3487.20912      -     -    1s
     0     0 3496.59052    0  311          - 3496.59052      -     -    1s
     0     0 3497.64917    0  324          - 3497.64917      -     -    1s
     0     0 3511.97954    0  307          - 3511.97954      -     -    1s
     0     0 3513.24867    0  365          - 3513.24867      -     -    1s
     0     0 3518.85909    0  331          - 3518.85909      -     -    1s
     0     0 3518.85909    0  331          - 3518.85909      -     -    1s
     0     2 3519.33008    0  274          - 3519.33008      -     -    2s
    77    83 3862.37913   19  316          - 3530.95756      -   296    5s
*  438   431             209    7384.3900000 3530.95756  52.2%   116    9s
   469   429 5069.68779   71  154 7384.39000 3530.95756  52.2%   111   10s
   669   626 3996.69813    8  161 7384.39000 3531.16608  52.2%   104   15s
H  726   634                    7180.3900000 3531.16608  50.8%   106   17s
   742   644 3669.92036    5  358 7180.39000 3669.92036  48.9%   104   20s
H  746   614                    6573.5300000 3679.12416  44.0%   103   21s
   770   631 4576.96876   41   86 6573.53000 3684.76124  43.9%   109   25s
   784   644 3699.96542   21  370 6573.53000 3688.57246  43.9%   113   30s
   824   673 3844.67130   31  257 6573.53000 3744.58359  43.0%   127   35s
H  840   650                    6436.5300000 3744.58359  41.8%   129   35s
   937   719 4207.70891   58  250 6436.53000 3744.58359  41.8%   138   40s
H  956   699                    6232.1700000 3744.58359  39.9%   140   40s
H  998   708                    6190.1700000 3744.58359  39.5%   143   42s
H 1070   745                    6068.1700000 3744.58359  38.3%   147   45s
H 1144   752                    5957.5600000 3744.58359  37.1%   147   46s
  1288   786 4974.64211  110  135 5957.56000 3744.58359  37.1%   138   50s
H 1435   796                    5901.2900000 3760.09975  36.3%   139   54s
  1446   807 3929.31689   30  394 5901.29000 3760.09975  36.3%   142   55s
  1522   875 4207.94421   50  158 5901.29000 3760.09975  36.3%   151   60s
  1725  1069 4878.26905  115   68 5901.29000 3760.09975  36.3%   150   66s
  1939  1155 5236.03885  161   72 5901.29000 3760.09975  36.3%   144   71s
  2134  1255 4067.23395   29  208 5901.29000 3777.83702  36.0%   142   76s
* 2289   863              84    4988.4200000 3777.83702  24.3%   139   79s
  2294   902 4324.35792   43   57 4988.42000 3777.83702  24.3%   140   80s
  2457  1015 4732.66488   94   74 4988.42000 3816.18318  23.5%   140   85s
  2550  1126 4378.77787   49  152 4988.42000 3816.96167  23.5%   141   90s
  2693  1234 4143.48885   29  173 4988.42000 3816.96167  23.5%   143   95s
  2896  1364 4013.25153   25  417 4988.42000 3818.54801  23.5%   141  101s
  2958  1466 4624.33581   47  204 4988.42000 3828.84979  23.2%   143  105s
H 3086   988                    4622.8100000 3829.35465  17.2%   142  107s
  3162  1007 4283.66505   47  266 4622.81000 3829.35465  17.2%   140  110s
  3322  1093 4034.82131   29  334 4622.81000 3832.34500  17.1%   142  116s
  3388  1146 4548.11000   43    4 4622.81000 3833.49695  17.1%   147  121s
  3436  1183 4433.07109   34  241 4622.81000 3840.91999  16.9%   150  125s
  3494  1219 3986.22507   28  309 4622.81000 3841.90510  16.9%   154  130s
  3578  1302 4303.14467   41  167 4622.81000 3851.21041  16.7%   157  135s
  3697  1399 4248.67651   27  261 4622.81000 3856.30388  16.6%   159  142s
  3775  1459 4584.81706   37  229 4622.81000 3864.20263  16.4%   160  145s
H 3791  1013                    4430.4500000 3864.20263  12.8%   160  145s
  3941  1005 4321.77221   46   32 4430.45000 3875.97985  12.5%   160  152s
  3980  1023 4338.62960   35  198 4430.45000 3878.31472  12.5%   161  155s
H 3998   929                    4391.4500000 3878.31472  11.7%   162  155s
  4057   954 4076.06582   34  334 4391.45000 3884.35107  11.5%   167  162s
  4101   995     cutoff   35      4391.45000 3888.45739  11.5%   169  165s
  4219  1035 4181.64482   40  228 4391.45000 3891.26201  11.4%   174  172s
  4268  1058 4122.94467   31  333 4391.45000 3894.38479  11.3%   177  177s
  4299  1101 4255.01384   35  173 4391.45000 3895.88017  11.3%   179  181s
  4392  1149 4158.82286   32  359 4391.45000 3896.52346  11.3%   180  185s
  4538  1223 4324.63417   42  194 4391.45000 3903.57562  11.1%   184  194s
  4616  1277 4193.28492   32  262 4391.45000 3907.63062  11.0%   186  198s
  4713  1341 4327.39449   40  181 4391.45000 3912.53689  10.9%   188  203s
* 4779  1330              61    4386.7600000 3915.72456  10.7%   188  203s
  4821  1369 4135.63260   43  192 4386.76000 3916.61293  10.7%   189  208s
  4914  1389     cutoff   49      4386.76000 3920.10435  10.6%   191  213s
H 4915  1366                    4381.3700000 3920.10435  10.5%   191  213s
  4937  1416 4267.74854   36  304 4381.37000 3921.15740  10.5%   193  218s
  5041  1438 4203.76363   33  165 4381.37000 3930.25498  10.3%   195  223s
  5113  1473 4169.53412   33  277 4381.37000 3932.60505  10.2%   197  229s
  5180  1514 4351.82001   46  304 4381.37000 3934.48901  10.2%   199  234s
  5292  1545 4338.77686   36  248 4381.37000 3940.09430  10.1%   201  240s
  5376  1578 4075.26526   29  363 4381.37000 3946.54784  9.92%   204  246s
  5457  1650 4207.25789   36  398 4381.37000 3949.04502  9.87%   207  252s
  5588  1698 4306.45853   35  332 4381.37000 3956.53720  9.70%   208  259s
  5695  1737 4095.40032   32  384 4381.37000 3959.76755  9.62%   210  265s
  5786  1836 4371.45388   55  191 4381.37000 3960.48153  9.61%   212  271s
  5949  1894     cutoff   44      4381.37000 3963.61738  9.53%   213  278s
  6106  1943 4374.71046   36  128 4381.37000 3971.32340  9.36%   214  285s
  6222  2015 4257.92197   37  279 4381.37000 3975.22625  9.27%   216  292s
  6344  2072 4338.83278   41  223 4381.37000 3977.25944  9.22%   217  299s
  6510  2131 infeasible   55      4381.37000 3980.07359  9.16%   218  306s
  6646  2220     cutoff   35      4381.37000 3989.44200  8.95%   220  313s
  6805  2282     cutoff   33      4381.37000 3993.55063  8.85%   221  320s
  6950  2333     cutoff   45      4381.37000 3997.82218  8.75%   223  328s
  7064  2407 4234.21401   42  259 4381.37000 4001.89829  8.66%   224  335s
  7195  2469 4206.94987   29  394 4381.37000 4005.65487  8.58%   226  342s
  7345  2573 4372.83427   37   88 4381.37000 4006.85500  8.55%   227  351s
H 7415  2503                    4366.4100000 4006.85500  8.23%   228  352s
H 7442  2388                    4348.0000000 4011.63605  7.74%   227  352s
  7531  2410 4208.38911   33  233 4348.00000 4012.53313  7.72%   226  361s
  7675  2448 4291.56161   44  238 4348.00000 4013.65407  7.69%   228  369s
  7838  2502 4342.42967   33   30 4348.00000 4020.80274  7.53%   230  378s
  7987  2574     cutoff   35      4348.00000 4026.65821  7.39%   232  387s
  8179  2653 4240.76754   40  278 4348.00000 4032.74774  7.25%   233  396s
  8366  2726 4223.11438   31  260 4348.00000 4036.64920  7.16%   234  405s
  8544  2771 4240.63675   31  377 4348.00000 4042.61937  7.02%   235  414s
  8718  2843     cutoff   41      4348.00000 4045.50447  6.96%   237  423s
  8916  2898 4271.27570   35  125 4348.00000 4050.61330  6.84%   238  433s
  9112  2964 4238.52158   37  410 4348.00000 4052.95673  6.79%   237  441s
  9275  3017 4270.23606   27  334 4348.00000 4055.51824  6.73%   239  450s
* 9347  2887              44    4333.4500000 4055.51824  6.41%   238  450s
  9462  2932     cutoff   39      4333.45000 4057.65417  6.36%   240  459s
H 9464  2881                    4328.0600000 4057.65417  6.25%   240  459s
  9647  2929 4211.86273   29  145 4328.06000 4064.19506  6.10%   241  468s
  9819  2972     cutoff   37      4328.06000 4067.28345  6.03%   243  477s
  9979  2997 4204.62704   44  298 4328.06000 4069.56627  5.97%   244  486s
 10134  3039 4192.89463   37  146 4328.06000 4072.74632  5.90%   246  494s
 10237  3039     cutoff   30      4328.06000 4074.70421  5.85%   246  495s
 10322  3054 4279.72571   39  125 4328.06000 4074.89285  5.85%   247  503s
 10457  3086 4286.62240   40  260 4328.06000 4077.13497  5.80%   249  512s
 10654  3114 4287.73198   34  340 4328.06000 4082.69074  5.67%   250  521s
 10845  3159     cutoff   36      4328.06000 4086.27054  5.59%   250  530s
 11026  3212 4319.69410   42  105 4328.06000 4088.59067  5.53%   251  540s
 11292  3275 4237.95021   36  215 4328.06000 4094.56494  5.39%   250  549s
 11503  3328 4303.20910   45  299 4328.06000 4097.20044  5.33%   251  558s
 11747  3376 4267.32997   46  220 4328.06000 4099.18994  5.29%   251  567s
 11962  3399 4315.69405   28  242 4328.06000 4101.67890  5.23%   251  577s
*12022  3219              35    4316.4300000 4101.67890  4.98%   252  577s
 12162  3255 4313.76962   37   67 4316.43000 4103.34847  4.94%   252  586s
 12368  3279 4305.54294   37  211 4316.43000 4106.54379  4.86%   252  595s
 12570  3294     cutoff   30      4316.43000 4107.86000  4.83%   253  604s
 12762  3353     cutoff   51      4316.43000 4111.54154  4.75%   254  613s
 13007  3378     cutoff   42      4316.43000 4113.79235  4.69%   253  622s
 13216  3449 4258.88146   40  302 4316.43000 4117.73165  4.60%   253  631s
 13493  3512     cutoff   40      4316.43000 4121.47927  4.52%   252  640s
 13732  3537 4224.33624   32  258 4316.43000 4124.27252  4.45%   252  650s
 13910  3555     cutoff   38      4316.43000 4127.88311  4.37%   253  659s
 14035  3602 4300.22187   37  300 4316.43000 4129.66720  4.33%   253  668s
 14255  3626     cutoff   56      4316.43000 4131.16102  4.29%   253  677s
 14440  3675 4287.04747   34  236 4316.43000 4134.77965  4.21%   254  686s
 14635  3685 4227.16818   39  154 4316.43000 4136.51948  4.17%   254  695s
 14837  3699     cutoff   42      4316.43000 4138.33579  4.13%   254  704s
 15054  3737 4284.58987   33  351 4316.43000 4139.71132  4.09%   255  713s
 15293  3789     cutoff   44      4316.43000 4142.24222  4.04%   254  722s
 15565  3813 4232.11276   38  238 4316.43000 4144.75707  3.98%   254  731s
 15767  3893     cutoff   33      4316.43000 4146.92284  3.93%   254  740s
 16086  3905 4297.92939   36  360 4316.43000 4149.30960  3.87%   253  750s
 16325  3922     cutoff   41      4316.43000 4151.60898  3.82%   252  759s
 16542  3931     cutoff   42      4316.43000 4153.84792  3.77%   253  768s
 16786  3945 4265.59287   35  296 4316.43000 4156.25889  3.71%   252  777s
 17045  3968 4284.78097   37   98 4316.43000 4157.77013  3.68%   252  786s
 17297  3960     cutoff   38      4316.43000 4159.32353  3.64%   252  795s
 17481  3989 4259.34606   31  154 4316.43000 4161.31692  3.59%   252  804s
 17733  3990 4239.74832   31  328 4316.43000 4162.90957  3.56%   252  814s
 17972  4006 4300.83599   30  248 4316.43000 4165.89550  3.49%   252  822s
 18205  4029     cutoff   40      4316.43000 4167.58793  3.45%   252  831s
 18479  4041     cutoff   41      4316.43000 4168.85107  3.42%   252  841s
 18751  4060 4299.02683   36  272 4316.43000 4170.64282  3.38%   251  850s
 18998  4070 4313.89739   46  364 4316.43000 4172.81110  3.33%   251  858s
 19263  4119 4308.02834   38  160 4316.43000 4174.48481  3.29%   250  867s
 19568  4157     cutoff   34      4316.43000 4177.17943  3.23%   249  876s
 19845  4182     cutoff   44      4316.43000 4178.90921  3.19%   249  885s
 20112  4245 4278.26214   38   90 4316.43000 4180.63418  3.15%   249  894s
 20444  4346 4208.20131   34  298 4316.43000 4183.53542  3.08%   247  903s
 20862  4388 4291.53418   44   53 4316.43000 4185.61128  3.03%   245  912s
*21071  4237              51    4307.6800000 4187.58621  2.79%   244  913s
 21205  4242     cutoff   58      4307.68000 4187.65404  2.79%   244  921s
 21484  4238     cutoff   39      4307.68000 4189.77798  2.74%   244  929s
 21582  4238     cutoff   36      4307.68000 4191.39015  2.70%   244  930s
 21724  4222 4265.27722   33  254 4307.68000 4191.41963  2.70%   243  938s
 22024  4212     cutoff   43      4307.68000 4193.12482  2.66%   242  947s
 22355  4220 4208.89319   47  101 4307.68000 4195.22262  2.61%   241  952s
 22520  4189 4295.88754   29  314 4307.68000 4196.32752  2.58%   241  958s
 22658  4228 4239.91495   37  101 4307.68000 4197.72303  2.55%   241  964s
 22828  4230 4277.47641   36  326 4307.68000 4199.73978  2.51%   241  965s
 22960  4245     cutoff   45      4307.68000 4199.76734  2.51%   240  973s
 23346  4260     cutoff   40      4307.68000 4202.09465  2.45%   239  982s
 23736  4227 4262.63386   33  256 4307.68000 4204.19755  2.40%   237  991s
 24007  4216     cutoff   36      4307.68000 4206.59722  2.35%   237  997s
 24237  4176     cutoff   37      4307.68000 4208.83365  2.29%   236 1003s
 24448  4150     cutoff   48      4307.68000 4209.92404  2.27%   236 1008s
 24626  4108     cutoff   42      4307.68000 4211.92554  2.22%   236 1015s
 24813  4055     cutoff   35      4307.68000 4213.67541  2.18%   236 1021s
 25006  4041     cutoff   43      4307.68000 4215.45688  2.14%   235 1028s
 25350  3983     cutoff   32      4307.68000 4217.31848  2.10%   234 1034s
 25560  3979     cutoff   34      4307.68000 4219.43869  2.05%   234 1073s
H25626  2767                    4272.4100000 4219.51797  1.24%   233 1073s
 25708  2651 4269.48108   43   38 4272.41000 4219.53368  1.24%   233 1079s
 25834  2651     cutoff   42      4272.41000 4222.40246  1.17%   233 1080s
 26199  2417     cutoff   38      4272.41000 4224.83922  1.11%   231 1088s
 26408  2282     cutoff   35      4272.41000 4227.41055  1.05%   230 1093s
 26620  2134     cutoff   37      4272.41000 4230.66007  0.98%   229 1097s
 26828  1971     cutoff   42      4272.41000 4233.61211  0.91%   229 1102s
 27100  1792     cutoff   44      4272.41000 4236.76024  0.83%   228 1106s
 27560  1380 4258.35477   40   53 4272.41000 4243.93784  0.67%   225 1112s
 27826  1143     cutoff   39      4272.41000 4247.83478  0.58%   224 1115s
 28444   595     cutoff   41      4272.41000 4256.75013  0.37%   220 1120s

Cutting planes:
  User: 2170
  Gomory: 21
  Cover: 218
  Implied bound: 25
  Clique: 10
  MIR: 91
  StrongCG: 1
  Flow cover: 228
  Zero half: 9
  Network: 6
  RLT: 147
  Relax-and-lift: 2
  Lazy constraints: 888

Explored 29348 nodes (6295373 simplex iterations) in 1123.75 seconds
Thread count was 2 (of 32 available processors)

Solution count 10: 4272.41 4307.68 4316.43 ... 4391.45

Optimal solution found (tolerance 1.00e-04)
Best objective 4.272410000000e+03, best bound 4.272410000000e+03, gap 0.0000%

User-callback calls 134322, time in user-callback 65.59 sec
================================================================================
executing instance: ./input/Instances/Original/4/absH3low_3n10.dat
--------------------------------------------------------------------------------
Instance details
n	11
H	3
C	687
Li:
[0, 0, 0, 0, 0, 0, 0, 0, 0, 0, 0, ]
Ui:
[0, 189, 44, 174, 78, 36, 198, 117, 42, 96, 240, ]
Distance matrix:
|0	209	255	286	142	156	285	317	182	161	135	|
|209	0	464	451	315	356	490	469	361	299	260	|
|255	464	0	221	202	130	74	280	189	254	273	|
|286	451	221	0	145	156	164	479	354	153	192	|
|142	315	202	145	0	73	194	388	250	53	73	|
|156	356	130	156	73	0	134	332	200	127	144	|
|285	490	74	164	194	134	0	353	256	239	267	|
|317	469	280	479	388	332	353	0	141	436	430	|
|182	361	189	354	250	200	256	141	0	296	289	|
|161	299	254	153	53	127	239	436	296	0	39	|
|135	260	273	192	73	144	267	430	289	39	0	|

--------------------------------------------------------------------------------
Building model...
	using lazy and cut (CVRPSEP package)
Solving IRP LP...
--------------------------------------------------------------------------------

Gurobi 9.1.0 (linux64) logging started Sun Jan 10 00:06:48 2021

Gurobi Optimizer version 9.1.0 build v9.1.0rc0 (linux64)
Thread count: 32 physical cores, 32 logical processors, using up to 2 threads
Optimize a model with 365 rows, 728 columns and 2378 nonzeros
Model fingerprint: 0x9f2978f7
Variable types: 134 continuous, 594 integer (99 binary)
Coefficient statistics:
  Matrix range     [1e+00, 2e+02]
  Objective range  [1e-02, 5e+02]
  Bounds range     [1e+00, 2e+02]
  RHS range        [2e+01, 1e+03]
Presolve removed 97 rows and 137 columns
Presolve time: 0.02s
Presolved: 268 rows, 591 columns, 1840 nonzeros
Variable types: 88 continuous, 503 integer (417 binary)
Found heuristic solution: objective 6512.0100000

Root relaxation: objective 1.501444e+03, 311 iterations, 0.01 seconds

    Nodes    |    Current Node    |     Objective Bounds      |     Work
 Expl Unexpl |  Obj  Depth IntInf | Incumbent    BestBd   Gap | It/Node Time

     0     0 1501.44377    0   38 6512.01000 1501.44377  76.9%     -    0s
H    0     0                    6251.4900000 1501.44377  76.0%     -    0s
     0     0 1803.75243    0   59 6251.49000 1803.75243  71.1%     -    0s
H    0     0                    5559.6500000 1803.75243  67.6%     -    0s
     0     0 1828.13722    0   62 5559.65000 1828.13722  67.1%     -    0s
     0     0 2003.71551    0   76 5559.65000 2003.71551  64.0%     -    0s
H    0     0                    3846.4900000 2003.71551  47.9%     -    0s
     0     0 2096.61135    0   65 3846.49000 2096.61135  45.5%     -    0s
     0     0 2096.61589    0   78 3846.49000 2096.61589  45.5%     -    0s
     0     0 2196.19415    0  107 3846.49000 2196.19415  42.9%     -    0s
H    0     0                    3018.3600000 2196.19415  27.2%     -    0s
     0     0 2198.56627    0  101 3018.36000 2198.56627  27.2%     -    0s
     0     0 2250.44482    0  110 3018.36000 2250.44482  25.4%     -    0s
     0     0 2254.40733    0  109 3018.36000 2254.40733  25.3%     -    0s
     0     0 2256.36671    0  110 3018.36000 2256.36671  25.2%     -    0s
     0     0 2257.27534    0  115 3018.36000 2257.27534  25.2%     -    0s
     0     0 2283.67946    0  124 3018.36000 2283.67946  24.3%     -    0s
     0     0 2304.27459    0  111 3018.36000 2304.27459  23.7%     -    0s
     0     0 2309.81950    0  104 3018.36000 2309.81950  23.5%     -    0s
     0     0 2312.91105    0  113 3018.36000 2312.91105  23.4%     -    0s
     0     0 2313.13002    0  117 3018.36000 2313.13002  23.4%     -    0s
     0     0 2318.02024    0  108 3018.36000 2318.02024  23.2%     -    0s
     0     0 2318.96610    0  127 3018.36000 2318.96610  23.2%     -    0s
     0     0 2319.08102    0  119 3018.36000 2319.08102  23.2%     -    0s
     0     0 2321.08158    0  128 3018.36000 2321.08158  23.1%     -    0s
     0     0 2321.08158    0  128 3018.36000 2321.08158  23.1%     -    0s
H    0     0                    2734.1000000 2322.11169  15.1%     -    0s
     0     2 2322.11169    0  147 2734.10000 2322.11169  15.1%     -    0s

Cutting planes:
  User: 62
  Gomory: 4
  Cover: 94
  Implied bound: 16
  Clique: 15
  MIR: 49
  StrongCG: 3
  Flow cover: 82
  GUB cover: 3
  Zero half: 2
  Mod-K: 1
  Network: 1
  RLT: 95
  Relax-and-lift: 2
  Lazy constraints: 12

Explored 680 nodes (26537 simplex iterations) in 1.53 seconds
Thread count was 2 (of 32 available processors)

Solution count 6: 2734.1 3018.36 3846.49 ... 6512.01

Optimal solution found (tolerance 1.00e-04)
Best objective 2.734100000000e+03, best bound 2.734100000000e+03, gap 0.0000%

User-callback calls 1919, time in user-callback 0.21 sec
================================================================================
executing instance: ./input/Instances/Original/4/absH3low_3n15.dat
--------------------------------------------------------------------------------
Instance details
n	16
H	3
C	1267
Li:
[0, 0, 0, 0, 0, 0, 0, 0, 0, 0, 0, 0, 0, 0, 0, 0, ]
Ui:
[0, 156, 267, 148, 144, 87, 33, 171, 76, 141, 270, 282, 60, 110, 172, 57, ]
Distance matrix:
|0	229	567	76	58	96	306	409	310	423	108	346	165	347	159	256	|
|229	0	482	243	279	155	375	525	251	419	158	373	65	123	329	246	|
|567	482	0	506	622	483	342	439	259	200	467	274	486	433	501	312	|
|76	243	506	0	119	88	230	337	255	352	88	272	179	347	94	194	|
|58	279	622	119	0	154	345	431	366	471	166	391	217	399	179	310	|
|96	155	483	88	154	0	266	397	224	358	17	289	92	262	176	179	|
|306	375	342	230	345	266	0	158	184	148	251	68	332	423	181	140	|
|409	525	439	337	431	397	158	0	340	244	386	201	476	581	253	298	|
|310	251	259	255	366	224	184	340	0	170	208	146	238	257	274	66	|
|423	419	200	352	471	358	148	244	170	0	341	84	396	424	323	182	|
|108	158	467	88	166	17	251	386	208	341	0	273	96	259	172	162	|
|346	373	274	272	391	289	68	201	146	84	273	0	340	400	239	127	|
|165	65	486	179	217	92	332	476	238	396	96	340	0	182	267	216	|
|347	123	433	347	399	262	423	581	257	424	259	400	182	0	423	283	|
|159	329	501	94	179	176	181	253	274	323	172	239	267	423	0	208	|
|256	246	312	194	310	179	140	298	66	182	162	127	216	283	208	0	|

--------------------------------------------------------------------------------
Building model...
	using lazy and cut (CVRPSEP package)
Solving IRP LP...
--------------------------------------------------------------------------------

Gurobi 9.1.0 (linux64) logging started Sun Jan 10 00:06:50 2021

Gurobi Optimizer version 9.1.0 build v9.1.0rc0 (linux64)
Thread count: 32 physical cores, 32 logical processors, using up to 2 threads
Optimize a model with 535 rows, 1423 columns and 4453 nonzeros
Model fingerprint: 0xcae56ece
Variable types: 199 continuous, 1224 integer (144 binary)
Coefficient statistics:
  Matrix range     [1e+00, 4e+02]
  Objective range  [1e-02, 6e+02]
  Bounds range     [1e+00, 3e+02]
  RHS range        [1e+01, 2e+03]
Presolve removed 133 rows and 199 columns
Presolve time: 0.04s
Presolved: 402 rows, 1224 columns, 3680 nonzeros
Variable types: 133 continuous, 1091 integer (957 binary)

Root relaxation: objective 1.782037e+03, 446 iterations, 0.01 seconds

    Nodes    |    Current Node    |     Objective Bounds      |     Work
 Expl Unexpl |  Obj  Depth IntInf | Incumbent    BestBd   Gap | It/Node Time

     0     0 1782.03673    0   56          - 1782.03673      -     -    0s
H    0     0                    5751.2600000 1782.03673  69.0%     -    0s
H    0     0                    5735.5200000 1782.03673  68.9%     -    0s
     0     0 1978.81480    0   52 5735.52000 1978.81480  65.5%     -    0s
     0     0 2497.98433    0  119 5735.52000 2497.98433  56.4%     -    0s
     0     0 2538.82468    0  117 5735.52000 2538.82468  55.7%     -    0s
     0     0 2551.25611    0  140 5735.52000 2551.25611  55.5%     -    0s
     0     0 2553.82999    0  146 5735.52000 2553.82999  55.5%     -    0s
     0     0 2554.10133    0  147 5735.52000 2554.10133  55.5%     -    0s
     0     0 2664.46062    0  158 5735.52000 2664.46062  53.5%     -    0s
     0     0 2682.80498    0  165 5735.52000 2682.80498  53.2%     -    0s
     0     0 2688.62780    0  185 5735.52000 2688.62780  53.1%     -    0s
     0     0 2689.46384    0  184 5735.52000 2689.46384  53.1%     -    0s
     0     0 2689.48868    0  185 5735.52000 2689.48868  53.1%     -    0s
     0     0 2784.19378    0  197 5735.52000 2784.19378  51.5%     -    0s
H    0     0                    4055.5200000 2784.19378  31.3%     -    0s
H    0     0                    4023.5600000 2784.19378  30.8%     -    0s
     0     0 2789.96296    0  199 4023.56000 2789.96296  30.7%     -    0s
     0     0 2790.26265    0  200 4023.56000 2790.26265  30.7%     -    0s
     0     0 2815.19977    0  179 4023.56000 2815.19977  30.0%     -    0s
     0     0 2819.79732    0  163 4023.56000 2819.79732  29.9%     -    0s
     0     0 2820.12282    0  164 4023.56000 2820.12282  29.9%     -    0s
     0     0 2829.25223    0  183 4023.56000 2829.25223  29.7%     -    0s
     0     0 2829.25223    0  183 4023.56000 2829.25223  29.7%     -    0s
     0     2 2829.25223    0  183 4023.56000 2829.25223  29.7%     -    0s
H  260   252                    3971.1800000 2927.76736  26.3%  94.6    2s
H  294   262                    3952.1800000 2941.88970  25.6%  92.0    2s
H  306   256                    3798.4800000 2941.88970  22.6%  92.4    2s
H  470   316                    3732.4800000 2956.90665  20.8%  94.2    4s
H  508   326                    3731.7200000 3011.55140  19.3%  91.5    4s
   584   361 3666.32918   17  135 3731.72000 3025.74677  18.9%   100    5s
H  780   453                    3730.1200000 3046.46861  18.3%   101    9s
   846   455 3140.06703   20  114 3730.12000 3086.33461  17.3%   103   10s
H  928   464                    3471.5200000 3127.15694  9.92%   106   11s
H  950   440                    3401.5600000 3127.15694  8.07%   106   11s
  1558   199     cutoff   21      3401.56000 3321.50472  2.35%  91.2   15s

Cutting planes:
  User: 466
  Gomory: 10
  Cover: 140
  Implied bound: 20
  Clique: 10
  MIR: 83
  StrongCG: 1
  Flow cover: 137
  Inf proof: 1
  Zero half: 15
  RLT: 111
  Relax-and-lift: 2
  Lazy constraints: 24

Explored 1795 nodes (153488 simplex iterations) in 15.69 seconds
Thread count was 2 (of 32 available processors)

Solution count 10: 3401.56 3471.52 3730.12 ... 4055.52

Optimal solution found (tolerance 1.00e-04)
Best objective 3.401560000000e+03, best bound 3.401560000000e+03, gap 0.0000%

User-callback calls 6610, time in user-callback 1.34 sec
================================================================================
executing instance: ./input/Instances/Original/4/absH3low_2n45.dat
--------------------------------------------------------------------------------
Instance details
n	46
H	3
C	3171
Li:
[0, 0, 0, 0, 0, 0, 0, 0, 0, 0, 0, 0, 0, 0, 0, 0, 0, 0, 0, 0, 0, 0, 0, 0, 0, 0, 0, 0, 0, 0, 0, 0, 0, 0, 0, 0, 0, 0, 0, 0, 0, 0, 0, 0, 0, 0, ]
Ui:
[0, 246, 160, 78, 20, 87, 144, 40, 20, 82, 60, 96, 24, 136, 160, 108, 160, 26, 228, 51, 24, 240, 231, 70, 32, 105, 174, 114, 246, 126, 132, 76, 22, 42, 255, 132, 148, 162, 66, 111, 102, 240, 123, 201, 297, 78, ]
Distance matrix:
|0	148	402	550	329	420	187	318	366	280	504	273	233	333	112	344	379	481	113	593	159	523	261	424	90	359	163	461	413	240	105	299	265	89	371	462	339	273	495	22	41	439	369	506	563	468	|
|148	0	284	517	394	284	136	369	244	311	496	166	329	355	223	202	338	388	204	565	254	506	118	346	71	423	173	471	336	118	105	352	198	105	248	428	302	305	487	153	179	441	230	497	517	370	|
|402	284	0	350	448	80	228	406	42	343	382	129	456	350	412	126	219	131	382	395	410	371	180	137	314	466	289	400	137	167	389	401	169	316	39	280	217	342	373	394	414	362	108	380	324	106	|
|550	517	350	0	339	429	385	308	374	295	93	375	431	249	481	461	180	239	458	48	445	57	474	214	496	333	387	160	216	424	601	321	320	471	376	90	217	301	93	530	534	146	452	88	52	262	|
|329	394	448	339	0	513	282	42	438	105	255	363	115	108	221	484	259	431	217	365	172	289	436	362	333	30	224	189	353	380	423	47	291	296	443	285	240	107	251	307	294	193	495	260	378	437	|
|420	284	80	429	513	0	267	473	76	408	462	163	509	421	449	86	298	201	421	474	455	451	167	217	330	533	333	478	217	181	386	466	225	341	70	360	291	406	453	416	438	440	59	460	400	176	|
|187	136	228	385	282	267	0	249	199	186	360	104	248	224	184	214	207	294	155	432	189	371	155	237	113	308	68	336	227	101	216	236	78	98	205	296	168	181	350	174	190	305	231	360	390	283	|
|318	369	406	308	42	473	249	0	397	66	229	325	128	67	216	447	218	389	206	337	168	260	402	320	311	61	196	167	311	345	406	19	252	275	403	248	198	70	223	296	286	164	457	233	344	395	|
|366	244	42	374	438	76	199	397	0	332	397	96	436	346	383	90	228	168	354	420	385	389	139	161	277	458	263	408	158	128	349	391	150	282	6	298	218	331	388	359	380	370	78	395	352	144	|
|280	311	343	295	105	408	186	66	332	0	231	259	142	53	191	380	171	337	173	332	150	257	337	267	258	127	139	182	258	280	359	58	186	223	338	222	143	6	224	258	254	164	390	234	323	340	|
|504	496	382	93	255	462	360	229	397	231	0	375	356	180	422	478	173	293	403	110	381	36	474	248	463	245	345	68	246	419	568	244	308	433	400	104	200	237	9	482	482	67	474	5	142	312	|
|273	166	129	375	363	163	104	325	96	259	375	0	347	283	288	121	202	221	259	423	292	376	99	183	186	386	170	370	175	52	269	315	76	187	102	288	177	256	365	265	285	333	133	374	365	204	|
|233	329	456	431	115	509	248	128	436	142	356	347	0	181	121	462	311	472	128	463	76	386	398	403	260	141	180	294	392	349	334	111	287	224	442	362	280	139	350	212	194	289	479	360	463	472	|
|333	355	350	249	108	421	224	67	346	53	180	283	181	0	244	403	152	324	226	283	201	207	369	256	307	118	186	129	247	311	409	74	208	273	351	183	136	59	173	311	307	113	410	183	282	331	|
|112	223	412	481	221	449	184	216	383	191	422	288	121	244	0	387	327	461	30	521	49	447	313	396	152	250	125	371	385	273	214	196	249	121	389	400	288	185	415	91	74	355	408	425	503	454	|
|344	202	126	461	484	86	214	447	90	380	478	121	462	403	387	0	305	256	360	508	400	473	84	250	255	507	282	482	246	115	302	437	196	271	90	382	288	377	469	343	367	444	28	476	441	232	|
|379	338	219	180	259	298	207	218	228	171	173	202	311	152	327	305	0	172	301	227	300	174	302	105	318	270	217	180	97	249	423	221	141	296	232	90	40	173	164	361	368	142	303	172	184	180	|
|481	388	131	239	431	201	294	389	168	337	293	221	472	324	461	256	172	0	432	280	446	273	300	70	400	442	337	330	80	271	490	391	217	391	167	191	194	339	286	468	483	294	239	289	203	26	|
|113	204	382	458	217	421	155	206	354	173	403	259	128	226	30	360	301	432	0	499	52	426	287	367	133	246	95	355	356	246	208	187	219	100	360	376	261	167	395	90	81	337	381	406	478	425	|
|593	565	395	48	365	474	432	337	420	332	110	423	463	283	521	508	227	280	499	0	482	77	521	260	542	356	431	178	262	472	647	352	368	516	422	137	264	338	114	573	576	174	499	106	78	304	|
|159	254	410	445	172	455	189	168	385	150	381	292	76	201	49	400	300	446	52	482	0	407	331	378	184	201	122	327	367	286	258	149	242	150	391	367	263	144	374	137	122	314	419	384	470	441	|
|523	506	371	57	289	451	371	260	389	257	36	376	386	207	447	473	174	273	426	77	407	0	475	234	477	280	363	104	234	422	583	275	313	449	392	91	205	263	38	503	504	97	468	31	108	294	|
|261	118	180	474	436	167	155	402	139	337	474	99	398	369	313	84	302	300	287	521	331	475	0	275	173	462	220	465	268	58	219	390	168	193	142	388	275	333	464	261	286	430	111	473	462	279	|
|424	346	137	214	362	217	237	320	161	267	248	183	403	256	396	250	105	70	367	260	378	234	275	0	348	374	274	274	11	234	444	321	159	335	163	145	124	269	239	409	422	237	239	245	191	76	|
|90	71	314	496	333	330	113	311	277	258	463	186	260	307	152	255	318	400	133	542	184	477	173	348	0	362	121	430	338	150	106	293	190	37	282	406	279	252	454	88	113	403	280	464	502	386	|
|359	423	466	333	30	533	308	61	458	127	245	386	141	118	250	507	270	442	246	356	201	280	462	374	362	0	252	178	365	406	453	73	313	325	463	286	254	130	242	336	324	187	517	250	374	449	|
|163	173	289	387	224	333	68	196	263	139	345	170	180	186	125	282	217	337	95	431	122	363	220	274	121	252	0	310	263	168	225	180	124	88	269	300	177	133	337	144	152	284	299	347	400	330	|
|461	471	400	160	189	478	336	167	408	182	68	370	294	129	371	482	180	330	355	178	327	104	465	274	430	178	310	0	269	408	534	184	297	398	412	142	194	188	66	439	436	38	482	73	206	345	|
|413	336	137	216	353	217	227	311	158	258	246	175	392	247	385	246	97	80	356	262	367	234	268	11	338	365	263	269	0	226	434	312	149	324	160	143	115	259	237	399	411	232	237	243	196	84	|
|240	118	167	424	380	181	101	345	128	280	419	52	349	311	273	115	249	271	246	472	286	422	58	234	150	406	168	408	226	0	223	333	111	160	133	336	219	276	409	235	258	373	136	418	416	252	|
|105	105	389	601	423	386	216	406	349	359	568	269	334	409	214	302	423	490	208	647	258	583	219	444	106	453	225	534	434	223	0	388	289	137	353	511	384	353	559	123	145	508	330	570	606	473	|
|299	352	401	321	47	466	236	19	391	58	244	315	111	74	196	437	221	391	187	352	149	275	390	321	293	73	180	184	312	333	388	0	243	257	396	258	197	60	238	276	267	178	448	248	355	395	|
