




arguments: ./build/mirp_solver -f ./input/orig_exec_55.cfg
Current dir: /scratch/gui/bnc_mirp
File verbosity level: 9
date       time         ( uptime  ) [ thread name/id ]                   file:line     v| 
2021-01-09 04:56:06.203 (   0.655s) [main thread     ]             loguru.cpp:789   INFO| Logging to './output/vi_hc1_full/OU/V3/Original/execution_09_01_2021_04_56_06.log', mode: 'a', verbosity: 9
--------------------------------------------------------------------------------
Parameters
                           instance_path           ./input/Instances/Original/2/
                            model_policy                                       1
                             nb_vehicles                                       3
                              output_dir    ./output/vi_hc1_full/OU/V3/Original/
                            sec_strategy                                       1
                       solver_nb_threads                                       2
                         solver_show_log                                    true
                       solver_time_limit                                    3600
                              use_vi_cos                                   false
                              use_vi_cus                                   false
                         use_vi_hc1_full                                    true
                         use_vi_hc1_half                                   false
                      use_vi_hc1_quarter                                   false
                              use_vi_hc2                                   false
                              use_vi_hc3                                   false
                         use_vi_lex_full                                   false
                         use_vi_lex_half                                   false
                      use_vi_lex_quarter                                   false
                              use_vi_qua                                   false
                               use_vi_vc                                   false
                               use_vi_vr                                   false
--------------------------------------------------------------------------------
executing instance: ./input/Instances/Original/2/absH3high_3n40.dat
--------------------------------------------------------------------------------
Instance details
n	41
H	3
C	3283
Li:
[0, 0, 0, 0, 0, 0, 0, 0, 0, 0, 0, 0, 0, 0, 0, 0, 0, 0, 0, 0, 0, 0, 0, 0, 0, 0, 0, 0, 0, 0, 0, 0, 0, 0, 0, 0, 0, 0, 0, 0, 0, ]
Ui:
[0, 63, 111, 99, 96, 111, 282, 122, 156, 261, 42, 192, 126, 42, 162, 207, 159, 122, 102, 190, 118, 102, 132, 102, 165, 252, 66, 52, 22, 114, 210, 176, 116, 294, 78, 152, 210, 45, 130, 198, 174, ]
Distance matrix:
|0	208	225	252	227	143	258	127	267	150	28	83	163	286	57	149	201	137	214	255	70	73	107	186	328	266	249	343	222	177	293	144	262	215	167	120	169	218	143	173	255	|
|208	0	397	355	416	198	216	99	211	275	193	172	97	166	240	225	362	109	277	314	182	216	273	374	298	208	319	161	14	103	93	120	58	196	152	156	372	227	260	218	453	|
|225	397	0	427	53	364	482	343	492	129	253	225	382	386	171	188	39	291	187	195	295	182	282	55	326	491	180	551	408	315	457	366	455	275	392	244	221	439	341	214	101	|
|252	355	427	0	401	158	201	263	219	396	234	328	259	498	299	400	420	354	465	506	205	324	152	374	574	219	499	393	366	389	446	235	378	456	205	359	224	150	111	423	400	|
|227	416	53	401	0	357	477	352	489	165	253	245	389	424	179	223	85	315	234	245	293	200	264	42	375	488	231	565	428	344	484	370	474	314	392	270	184	430	325	252	50	|
|143	198	364	158	357	0	121	105	134	290	116	196	103	342	200	276	343	205	343	385	74	210	112	319	432	133	382	265	209	237	290	78	226	313	57	220	232	75	69	292	375	|
|258	216	482	201	477	121	0	168	18	397	230	293	135	381	314	372	459	275	437	480	188	317	228	439	501	18	479	197	222	296	290	132	212	386	95	306	347	58	173	381	496	|
|127	99	343	263	352	105	168	0	171	239	105	130	40	237	173	206	313	109	270	312	84	164	175	310	337	169	313	216	112	135	192	37	142	220	77	138	280	155	162	213	382	|
|267	211	492	219	489	134	18	171	0	404	240	298	136	376	323	376	468	276	441	483	198	324	243	450	500	2	483	181	215	294	281	136	202	386	102	309	363	75	189	384	509	|
|150	275	129	396	165	290	397	239	404	0	175	110	279	259	97	59	91	166	84	116	217	80	245	130	226	402	106	434	286	187	329	269	333	149	302	119	244	364	291	87	213	|
|28	193	253	234	253	116	230	105	240	175	0	94	139	286	84	167	229	136	234	275	43	96	98	212	341	238	271	320	206	175	281	118	244	225	140	128	180	191	124	189	280	|
|83	172	225	328	245	196	293	130	298	110	94	0	169	209	77	80	191	71	147	189	127	45	189	203	247	296	187	327	184	106	241	162	230	132	198	38	242	266	217	96	285	|
|163	97	382	259	389	103	135	40	136	279	139	169	0	253	212	244	353	141	307	349	110	203	194	347	366	133	350	183	107	161	187	27	124	251	56	175	306	133	169	249	418	|
|286	166	386	498	424	342	381	237	376	259	286	209	253	0	284	201	347	151	210	230	299	247	383	387	155	374	242	290	162	112	129	270	192	113	308	172	451	386	391	172	471	|
|57	240	171	299	179	200	314	173	323	97	84	77	212	284	0	112	145	147	170	208	127	38	148	137	299	321	201	386	253	183	315	195	297	195	222	112	171	275	195	142	214	|
|149	225	188	400	223	276	372	206	376	59	167	80	244	201	112	0	149	117	67	110	205	78	254	186	187	374	108	387	235	132	272	240	283	93	277	71	279	346	291	32	270	|
|201	362	39	420	85	343	459	313	468	91	229	191	353	347	145	149	0	254	149	160	272	150	271	66	290	466	146	518	373	278	419	339	420	235	367	207	227	418	327	175	135	|
|137	109	291	354	315	205	275	109	276	166	136	71	141	151	147	117	254	0	172	212	151	116	232	273	229	274	215	270	119	39	170	145	167	111	186	47	305	263	245	113	356	|
|214	277	187	465	234	343	437	270	441	84	234	147	307	210	170	67	149	172	0	42	272	141	317	205	144	439	43	437	284	175	307	305	331	99	343	132	327	413	357	60	283	|
|255	314	195	506	245	385	480	312	483	116	275	189	349	230	208	110	160	212	42	0	314	182	356	222	132	481	15	474	321	212	337	347	367	126	385	174	358	455	398	100	295	|
|70	182	295	205	293	74	188	84	198	217	43	127	110	299	127	205	272	151	272	314	0	137	91	253	370	196	310	292	195	188	274	85	226	252	99	155	197	148	94	223	316	|
|73	216	182	324	200	210	317	164	324	80	96	45	203	247	38	78	150	116	141	182	137	0	176	158	263	323	176	369	229	150	286	191	274	157	223	77	208	284	216	106	239	|
|107	273	282	152	264	112	228	175	243	245	98	189	194	383	148	254	271	232	317	356	91	176	0	231	435	242	349	371	286	271	365	167	315	321	164	224	120	174	61	280	274	|
|186	374	55	374	42	319	439	310	450	130	212	203	347	387	137	186	66	273	205	222	253	158	231	0	348	448	208	523	386	303	442	329	431	279	352	229	167	392	291	217	85	|
|328	298	326	574	375	432	501	337	500	226	341	247	366	155	299	187	290	229	144	132	370	263	435	348	0	498	147	441	299	206	283	374	338	119	414	215	465	492	463	157	425	|
|266	208	491	219	488	133	18	169	2	402	238	296	133	374	321	374	466	274	439	481	196	323	242	448	498	0	481	180	213	292	278	134	200	384	100	307	362	75	188	381	508	|
|249	319	180	499	231	382	479	313	483	106	271	187	350	242	201	108	146	215	43	15	310	176	349	208	147	481	0	480	326	217	346	347	373	135	385	175	347	454	392	103	280	|
|343	161	551	393	565	265	197	216	181	434	320	327	183	290	386	387	518	270	437	474	292	369	371	523	441	180	480	0	153	263	163	207	107	352	208	317	487	244	334	379	598	|
|222	14	408	366	428	209	222	112	215	286	206	184	107	162	253	235	373	119	284	321	195	229	286	386	299	213	326	153	0	109	81	132	48	201	162	167	386	236	272	226	466	|
|177	103	315	389	344	237	296	135	294	187	175	106	161	112	183	132	278	39	175	212	188	150	271	303	206	292	217	263	109	0	142	171	156	95	211	74	344	289	281	118	386	|
|293	93	457	446	484	290	290	192	281	329	281	241	187	129	315	272	419	170	307	337	274	286	365	442	283	278	346	163	81	142	0	212	79	211	241	214	461	311	353	254	525	|
|144	120	366	235	370	78	132	37	136	269	118	162	27	270	195	240	339	145	305	347	85	191	167	329	374	134	347	207	132	171	212	0	151	257	40	174	280	119	142	248	398	|
|262	58	455	378	474	226	212	142	202	333	244	230	124	192	297	283	420	167	331	367	226	274	315	431	338	200	373	107	48	156	79	151	0	245	173	214	421	237	293	273	510	|
|215	196	275	456	314	313	386	220	386	149	225	132	251	113	195	93	235	111	99	126	252	157	321	279	119	384	135	352	201	95	211	257	245	0	297	97	365	374	345	62	362	|
|167	152	392	205	392	57	95	77	102	302	140	198	56	308	222	277	367	186	343	385	99	223	164	352	414	100	385	208	162	211	241	40	173	297	0	213	283	79	126	287	415	|
|120	156	244	359	270	220	306	138	309	119	128	38	175	172	112	71	207	47	132	174	155	77	224	229	215	307	175	317	167	74	214	174	214	97	213	0	280	286	248	75	313	|
|169	372	221	224	184	232	347	280	363	244	180	242	306	451	171	279	227	305	327	358	197	208	120	167	465	362	347	487	386	344	461	280	421	365	283	280	0	291	175	310	176	|
|218	227	439	150	430	75	58	155	75	364	191	266	133	386	275	346	418	263	413	455	148	284	174	392	492	75	454	244	236	289	311	119	237	374	79	286	291	0	116	359	445	|
|143	260	341	111	325	69	173	162	189	291	124	217	169	391	195	291	327	245	357	398	94	216	61	291	463	188	392	334	272	281	353	142	293	345	126	248	175	116	0	313	335	|
|173	218	214	423	252	292	381	213	384	87	189	96	249	172	142	32	175	113	60	100	223	106	280	217	157	381	103	379	226	118	254	248	273	62	287	75	310	359	313	0	300	|
|255	453	101	400	50	375	496	382	509	213	280	285	418	471	214	270	135	356	283	295	316	239	274	85	425	508	280	598	466	386	525	398	510	362	415	313	176	445	335	300	0	|

--------------------------------------------------------------------------------
Building model...
	using lazy and cut (CVRPSEP package)
Solving IRP LP...
--------------------------------------------------------------------------------

Gurobi 9.1.0 (linux64) logging started Sat Jan  9 04:56:06 2021

Gurobi Optimizer version 9.1.0 build v9.1.0rc0 (linux64)
Thread count: 32 physical cores, 32 logical processors, using up to 2 threads
Optimize a model with 1385 rows, 8273 columns and 23828 nonzeros
Model fingerprint: 0x80afb18b
Variable types: 524 continuous, 7749 integer (369 binary)
Coefficient statistics:
  Matrix range     [1e+00, 1e+03]
  Objective range  [1e-01, 6e+02]
  Bounds range     [1e+00, 3e+02]
  RHS range        [1e+01, 6e+03]
Presolve removed 252 rows and 477 columns
Presolve time: 0.10s
Presolved: 1133 rows, 7796 columns, 21370 nonzeros
Variable types: 384 continuous, 7412 integer (7032 binary)

Root relaxation: objective 1.227869e+04, 1052 iterations, 0.04 seconds

    Nodes    |    Current Node    |     Objective Bounds      |     Work
 Expl Unexpl |  Obj  Depth IntInf | Incumbent    BestBd   Gap | It/Node Time

     0     0 12278.6891    0  129          - 12278.6891      -     -    0s
     0     0 12752.4516    0  162          - 12752.4516      -     -    0s
     0     0 12758.5141    0  147          - 12758.5141      -     -    0s
     0     0 13406.8402    0  172          - 13406.8402      -     -    0s
     0     0 13535.5096    0  222          - 13535.5096      -     -    1s
     0     0 13537.6003    0  252          - 13537.6003      -     -    1s
     0     0 13538.3590    0  242          - 13538.3590      -     -    1s
     0     0 13640.2092    0  324          - 13640.2092      -     -    1s
     0     0 13648.8139    0  296          - 13648.8139      -     -    1s
     0     0 13650.9437    0  305          - 13650.9437      -     -    1s
     0     0 13651.6243    0  319          - 13651.6243      -     -    1s
     0     0 13701.9523    0  357          - 13701.9523      -     -    1s
     0     0 13704.9095    0  356          - 13704.9095      -     -    2s
     0     0 13705.4248    0  378          - 13705.4248      -     -    2s
     0     0 13747.9615    0  343          - 13747.9615      -     -    2s
     0     0 13754.2381    0  317          - 13754.2381      -     -    2s
     0     0 13759.9405    0  370          - 13759.9405      -     -    2s
     0     0 13771.0049    0  333          - 13771.0049      -     -    2s
     0     0 13775.8356    0  335          - 13775.8356      -     -    2s
     0     0 13782.3231    0  341          - 13782.3231      -     -    2s
     0     0 13783.4900    0  361          - 13783.4900      -     -    2s
     0     0 13796.3944    0  370          - 13796.3944      -     -    3s
     0     0 13798.0054    0  386          - 13798.0054      -     -    3s
     0     0 13802.4978    0  378          - 13802.4978      -     -    3s
     0     0 13802.4978    0  378          - 13802.4978      -     -    3s
     0     2 13802.4978    0  361          - 13802.4978      -     -    4s
    11    15 13814.7627    4  372          - 13814.2262      -   279    5s
   106   111 14196.8625   35  185          - 13814.2262      -   227   10s
   246   267 15164.2478   68  118          - 13814.2262      -   189   15s
   555   567 17364.8225  237   22          - 13814.2262      -   111   20s
*  605   613             254    17569.060000 13814.2262  21.4%   105   21s
   657   620 16049.8652  137   66 17569.0600 13814.2262  21.4%  99.4   25s
H  740   672                    17546.900000 13814.2262  21.3%  95.5   29s
   741   673 16468.5845  178  378 17546.9000 13814.2262  21.3%  95.4   30s
H  742   640                    17495.900000 13814.2262  21.0%  95.3   30s
   754   648 14165.0483   32  462 17495.9000 13892.7351  20.6%  93.8   36s
H  762   620                    17163.670000 13914.1771  18.9%  92.8   39s
   768   624 16153.7332  145  433 17163.6700 13918.6327  18.9%  92.1   40s
   780   632 16299.9838  165  409 17163.6700 13924.8676  18.9%  90.6   46s
H  788   607                    17129.670000 13924.9318  18.7%   100   49s
   790   608 13924.9318    4  300 17129.6700 13924.9318  18.7%   100   51s
   805   618 14519.3826   48  401 17129.6700 13925.8799  18.7%  97.8   55s
   810   624 13927.2902   26  394 17129.6700 13927.2902  18.7%   105   62s
   812   626 13931.3115   27  437 17129.6700 13930.2820  18.7%   105   65s
   836   642 13974.3153   33  282 17129.6700 13950.6861  18.6%   115   70s
   861   660 14114.1665   39  468 17129.6700 13950.6861  18.6%   123   75s
   896   682 14179.6404   46  289 17129.6700 13950.6861  18.6%   129   81s
   930   715 14258.4496   54  291 17129.6700 13950.6861  18.6%   135   85s
   977   744 14715.0542   71  170 17129.6700 13950.6861  18.6%   141   90s
  1030   783 14828.7950   87  129 17129.6700 13950.6861  18.6%   144   95s
  1083   834 14603.2186   84  203 17129.6700 13950.6861  18.6%   145  100s
  1117   852 14879.2701   90  196 17129.6700 13950.6861  18.6%   145  105s
  1188   907 14994.4121  100  136 17129.6700 13950.6861  18.6%   145  110s
  1267   953 15680.3006  165  135 17129.6700 13950.6861  18.6%   144  115s
  1416  1039 15545.0772  127  134 17129.6700 13950.6861  18.6%   138  120s
  1588  1111 15422.8337  141  169 17129.6700 13950.6861  18.6%   130  126s
* 1620  1085             307    17129.500000 13950.6861  18.6%   129  127s
  1641  1120 15524.2999  158  116 17129.5000 13950.6861  18.6%   130  130s
  1721  1189 15604.9795  190  136 17129.5000 13950.6861  18.6%   133  136s
  1775  1228 15664.4893  213   79 17129.5000 13950.6861  18.6%   133  141s
  1860  1296 15983.2642  249   96 17129.5000 13950.6861  18.6%   133  146s
  1952  1308 14500.4462   54  271 17129.5000 13950.6861  18.6%   132  150s
  1994  1432 16466.5205  304   67 17129.5000 13950.6861  18.6%   132  155s
  2144  1431 14219.0705   32  442 17129.5000 13968.4185  18.5%   128  160s
  2276  1547 14386.9205   48  349 17129.5000 13968.4185  18.5%   129  167s
  2337  1590 14490.9742   53  164 17129.5000 13968.4185  18.5%   129  170s
  2471  1717 14556.0264   64  201 17129.5000 13968.4185  18.5%   130  176s
  2682  1795 16181.0933  282   53 17129.5000 13968.4185  18.5%   126  180s
  2871  2065 14956.0600  131   23 17129.5000 13968.4185  18.5%   122  188s
  3039  2135 15362.8001  178   48 17129.5000 13968.4185  18.5%   118  192s
  3141  2245 15440.4130  217  109 17129.5000 13968.4185  18.5%   117  196s
  3251  2468 15814.4130  289   53 17129.5000 13968.4185  18.5%   116  201s
H 3305  2289                    16778.660000 13968.4185  16.7%   114  202s
  3510  2329 16203.2926  346   20 16778.6600 13978.2341  16.7%   110  207s
* 3526  1959             351    16250.950000 13978.2341  14.0%   110  207s
  3582  1964 14150.8309   39  415 16250.9500 13978.2341  14.0%   110  210s
  3683  2116 14410.2261   49  350 16250.9500 13978.2341  14.0%   112  218s
  3782  2209 14459.7911   52  343 16250.9500 13978.2341  14.0%   112  223s
* 3851  1748             202    15691.480000 13978.2341  10.9%   112  224s
  3909  1749     cutoff  244      15691.4800 13978.2341  10.9%   111  225s
* 3938  1668             198    15659.430000 13978.2341  10.7%   111  228s
* 3939  1660             198    15652.190000 13978.2341  10.7%   111  228s
  3941  1666 14587.5258   61  320 15652.1900 13978.2341  10.7%   112  232s
  3948  1691 14666.2166   62  270 15652.1900 13978.2341  10.7%   113  236s
  3989  1719 14567.2244   38  347 15652.1900 13978.2341  10.7%   114  240s
  4068  1923 15061.1915   89  180 15652.1900 13978.2341  10.7%   115  248s
  4217  1929 infeasible  137      15652.1900 13990.4306  10.6%   113  253s
  4233  1953 14289.2734   34  531 15652.1900 13990.4306  10.6%   115  258s
  4257  1971 14368.4831   37  428 15652.1900 13990.4306  10.6%   115  262s
  4282  2017 14556.9318   51  284 15652.1900 13990.4306  10.6%   116  267s
  4328  2071 14979.4763   77  170 15652.1900 14004.4539  10.5%   117  279s
  4390  2260 14206.3053   33  523 15652.1900 14004.4539  10.5%   118  284s
  4558  2260 14759.6985  198   26 15652.1900 14004.4539  10.5%   115  286s
  4579  2398 14471.1890   45  386 15652.1900 14004.4539  10.5%   115  291s
  4775  2565 14800.3197   95  158 15652.1900 14004.4539  10.5%   112  300s
  4934  2604 15506.6221  245  118 15652.1900 14021.3147  10.4%   110  307s
  4984  2643 14521.6385   37  391 15652.1900 14021.3147  10.4%   112  313s
  5023  2758 15032.7990   55  185 15652.1900 14021.4873  10.4%   113  321s
  5186  2788 14348.7799   35  473 15652.1900 14035.1072  10.3%   113  327s
  5216  2902 14763.6026   49  196 15652.1900 14035.1072  10.3%   114  334s
  5256  2902 14763.1237   50  245 15652.1900 14035.1072  10.3%   115  335s
  5340  2968 15404.2359   89   61 15652.1900 14043.0975  10.3%   115  341s
  5423  3049     cutoff  123      15652.1900 14048.8492  10.2%   115  347s
  5519  3072 14243.8191   33  351 15652.1900 14052.1910  10.2%   116  354s
  5543  3163 14314.4039   39  322 15652.1900 14052.1910  10.2%   118  360s
  5646  3218 14488.3694   51   32 15652.1900 14052.1910  10.2%   119  367s
  5701  3386 14555.5387   70   15 15652.1900 14052.1910  10.2%   121  374s
  5758  3389 14902.7540   98   11 15652.1900 14052.1910  10.2%   121  375s
  5891  3519 14882.9266  131   66 15652.1900 14059.9141  10.2%   121  384s
  5919  3520 14969.8607  145   12 15652.1900 14059.9141  10.2%   120  385s
  6073  3609 infeasible  186      15652.1900 14061.8477  10.2%   119  392s
  6173  3664 14755.2992   41  296 15652.1900 14061.9639  10.2%   119  399s
  6230  3769 15122.0729   87  206 15652.1900 14062.2840  10.2%   120  406s
  6346  3814 14376.8820   45  400 15652.1900 14062.2840  10.2%   121  414s
  6391  3936 14797.1814   60  332 15652.1900 14075.3199  10.1%   122  422s
  6555  4000 14219.6872   38  468 15652.1900 14092.8853  10.0%   122  430s
  6619  4145 14865.3329   62  113 15652.1900 14098.1013  9.93%   123  439s
  6789  4276 14283.5123   46  217 15652.1900 14098.4826  9.93%   122  449s
  6864  4276 15028.5843  121  102 15652.1900 14098.4826  9.93%   122  450s
  6933  4348 15221.8591  148   79 15652.1900 14105.6374  9.88%   122  458s
  7031  4430 14345.4916   44  386 15652.1900 14105.6374  9.88%   122  467s
  7123  4675 14557.6974   63  219 15652.1900 14105.6374  9.88%   122  480s
  7387  4911 14749.3982  156   77 15652.1900 14109.5278  9.86%   120  494s
  7499  4911 15148.1917  236   24 15652.1900 14109.5278  9.86%   119  495s
  7655  5185 14407.6451   43  461 15652.1900 14116.4240  9.81%   119  506s
  7956  5262 14461.4696   38  433 15652.1900 14116.4340  9.81%   118  520s
  8033  5455 14676.3578   51   89 15652.1900 14116.4340  9.81%   119  530s
  8254  5637 14866.2529   84   14 15652.1900 14119.6240  9.79%   120  543s
  8467  5661 15179.7280  156   19 15652.1900 14121.0503  9.78%   119  545s
  8546  5748     cutoff  161      15652.1900 14122.4235  9.77%   120  555s
* 8575  5412             144    15551.820000 14127.2859  9.16%   120  555s
* 8576  5087             143    15479.870000 14127.2859  8.74%   120  555s
* 8578  4878             141    15430.910000 14127.2859  8.45%   120  555s
  8659  4966 15140.9365   61  231 15430.9100 14129.0316  8.44%   121  565s
  8798  5147 15213.2993   68  199 15430.9100 14129.5500  8.43%   122  576s
  9004  5313 14921.2344  101   43 15430.9100 14131.3173  8.42%   121  587s
  9191  5444 14978.1439   91  100 15430.9100 14137.9388  8.38%   121  599s
  9339  5553 14604.0680   54   58 15430.9100 14140.9512  8.36%   122  610s
  9487  5710 15010.8993   74   86 15430.9100 14143.1709  8.35%   122  622s
  9659  5883 14559.2723   48  166 15430.9100 14145.8949  8.33%   123  635s
  9878  5993 15283.1700  132    - 15430.9100 14145.9886  8.33%   122  648s
  9979  6126 infeasible  133      15430.9100 14146.9432  8.32%   122  660s
 10172  6229 14915.7493   46  213 15430.9100 14150.9971  8.29%   122  671s
 10286  6365 14922.2477   61  150 15430.9100 14151.9443  8.29%   123  683s
 10466  6548 14404.5845   40  215 15430.9100 14155.8673  8.26%   123  694s
 10523  6548 15222.1363   96   86 15430.9100 14155.8673  8.26%   123  695s
 10693  6728 14374.4043   41  302 15430.9100 14157.7616  8.25%   122  707s
 10894  6878 14810.4556   61  179 15430.9100 14159.5421  8.24%   122  720s
 11063  7074 14697.3108   67  144 15430.9100 14161.0167  8.23%   123  731s
 11275  7235 15020.8928   87  131 15430.9100 14163.5757  8.21%   122  744s
 11303  7235 15188.8562  115   61 15430.9100 14163.5757  8.21%   122  745s
 11471  7322 15303.2495   85  167 15430.9100 14164.4617  8.21%   122  756s
 11566  7549 14596.2544   42  245 15430.9100 14164.5648  8.21%   124  767s
 11854  7738 14411.0809   33  322 15430.9100 14168.8406  8.18%   123  780s
 12082  7851 14650.1828   59  249 15430.9100 14169.2231  8.18%   123  793s
 12217  8009 14790.3385   58  179 15430.9100 14170.8511  8.17%   123  804s
 12245  8009 15238.7929   86  143 15430.9100 14170.8511  8.17%   123  805s
 12407  8262 14296.3002   46  307 15430.9100 14173.3066  8.15%   123  818s
 12710  8470 14395.7698   43  187 15430.9100 14173.6257  8.15%   122  833s
 12935  8641 15111.1608   92   86 15430.9100 14174.7707  8.14%   122  845s
 13156  8853     cutoff  136      15430.9100 14175.3724  8.14%   122  858s
 13405  8982     cutoff  124      15430.9100 14178.7570  8.11%   121  870s
 13553  9167 14394.6004   42  272 15430.9100 14178.7570  8.11%   122  882s
 13781  9458 14597.2192   62   99 15430.9100 14178.7570  8.11%   122  894s
 13837  9458 14693.0607   89   60 15430.9100 14178.7570  8.11%   122  895s
 14086  9645 14934.0690  160   51 15430.9100 14180.7327  8.10%   121  907s
 14313  9776 14743.1550   64  120 15430.9100 14181.3932  8.10%   121  924s
 14341  9776 14830.1208   92   39 15430.9100 14181.3932  8.10%   121  925s
 14464  9900 14921.9318   55  166 15430.9100 14181.5108  8.10%   121  936s
 14633  9987 14456.3612   37  265 15430.9100 14181.6034  8.10%   121  948s
 14731 10055 14322.8833   37  513 15430.9100 14181.7144  8.10%   122  960s
 14814 10228 14725.3197   61  182 15430.9100 14182.8216  8.09%   122  970s
 15003 10399 14659.8313   67  222 15430.9100 14182.9485  8.09%   122  982s
 15209 10489 15029.1157   91   79 15430.9100 14184.7793  8.08%   122  994s
 15331 10654     cutoff  106      15430.9100 14186.4785  8.06%   122 1006s
 15534 10727 14396.6581   36  323 15430.9100 14187.8650  8.06%   122 1017s
 15608 10870 14909.1227   49  233 15430.9100 14190.2747  8.04%   123 1028s
 15779 10932 14675.4103   46  375 15430.9100 14191.8743  8.03%   123 1040s
 15850 11151 14379.4267   34  418 15430.9100 14192.7493  8.02%   124 1052s
 16135 11322 14428.5907   35  417 15430.9100 14193.5969  8.02%   123 1066s
 16327 11460 15080.4192   64  332 15430.9100 14195.4462  8.01%   123 1077s
 16506 11606 14444.5885   39  268 15430.9100 14197.1695  8.00%   123 1089s
 16683 11723     cutoff  101      15430.9100 14198.3173  7.99%   124 1100s
 16830 11886 14477.0812   51  244 15430.9100 14200.6003  7.97%   124 1112s
 17024 12090 14671.4087   61   92 15430.9100 14202.0613  7.96%   124 1124s
 17053 12090 14882.0531   90   61 15430.9100 14202.0613  7.96%   124 1125s
 17285 12191 15244.3675   61   37 15430.9100 14203.1314  7.96%   124 1137s
 17403 12324 15190.7199   83   48 15430.9100 14203.7593  7.95%   124 1149s
 17532 12324 14659.6655   58   22 15430.9100 14203.9082  7.95%   124 1150s
 17548 12542 14701.2726   87   27 15430.9100 14204.4743  7.95%   124 1232s
 17788 12559 15267.4722  147   17 15430.9100 14204.4743  7.95%   124 1235s
 17831 12678 infeasible  165      15430.9100 14204.9149  7.95%   123 1247s
 17989 12779 14503.3627   38  332 15430.9100 14206.0254  7.94%   124 1259s
 18036 12779     cutoff  148      15430.9100 14206.1118  7.94%   124 1260s
 18108 12872 14570.7022   40  338 15430.9100 14206.4879  7.93%   124 1271s
 18224 12960 14290.3977   33  310 15430.9100 14207.5185  7.93%   125 1284s
 18263 12960 14815.4107   52   36 15430.9100 14207.5185  7.93%   125 1285s
 18314 13186 14745.6620   66   74 15430.9100 14207.8358  7.93%   125 1297s
 18598 13388 14641.4491   87   77 15430.9100 14208.0989  7.92%   125 1313s
 18871 13388 15290.9512  162   39 15430.9100 14208.2818  7.92%   124 1315s
 18930 13535 15339.2209  127  106 15430.9100 14208.8498  7.92%   124 1326s
 19104 13650 14446.6381   47  303 15430.9100 14209.9695  7.91%   124 1338s
 19255 13893 14405.8970   44  169 15430.9100 14210.3147  7.91%   124 1350s
 19522 14073 14577.0619   46  224 15430.9100 14211.0946  7.91%   124 1364s
 19556 14073 15023.1130   80   22 15430.9100 14211.0946  7.91%   124 1365s
 19745 14194 14293.9655   40  268 15430.9100 14211.4299  7.90%   124 1377s
 19871 14409 14594.9406   73   58 15430.9100 14211.6408  7.90%   124 1390s
 20155 14515 14420.5372   47  252 15430.9100 14212.0823  7.90%   124 1404s
 20282 14672 14354.0125   38  308 15430.9100 14212.5161  7.90%   124 1417s
 20445 14807 14692.7700   59   91 15430.9100 14212.6359  7.90%   124 1430s
 20623 14996 infeasible  107      15430.9100 14213.8512  7.89%   125 1443s
 20807 14996 15057.4798  116    7 15430.9100 14214.0496  7.89%   125 1445s
 20834 15132 14850.8775  100   31 15430.9100 14214.9550  7.88%   125 1456s
 20993 15259 14940.0114   50  189 15430.9100 14215.1960  7.88%   125 1469s
 21107 15261 14787.0329   50  142 15430.9100 14215.8788  7.87%   125 1470s
 21151 15287 15300.0483   68  156 15430.9100 14216.2335  7.87%   125 1487s
 21185 15481 14440.7490   41  268 15430.9100 14216.7620  7.87%   125 1499s
 21292 15481 14680.4557   51  207 15430.9100 14217.7964  7.86%   125 1500s
 21413 15597 14801.3581   46  178 15430.9100 14218.3864  7.86%   125 1512s
 21555 15757 14459.1944   51  314 15430.9100 14218.7138  7.86%   125 1525s
 21760 15944 15277.8945   96  105 15430.9100 14219.6565  7.85%   125 1538s
 21995 16005 14316.6718   41  293 15430.9100 14219.7114  7.85%   125 1551s
 22057 16179 14463.9500   46  290 15430.9100 14219.7114  7.85%   126 1564s
 22111 16179 15376.1474  103   33 15430.9100 14219.7114  7.85%   126 1565s
 22280 16302 14820.7096   52  220 15430.9100 14220.2779  7.85%   126 1577s
 22441 16501     cutoff   67      15430.9100 14220.8725  7.84%   126 1591s
 22671 16641     cutoff   85      15430.9100 14222.3050  7.83%   126 1603s
 22816 16643 15248.8400   98    8 15430.9100 14223.6991  7.82%   126 1605s
 22835 16748 14685.4929   42  190 15430.9100 14223.6991  7.82%   126 1616s
 22937 16914 15199.1019   62   92 15430.9100 14223.8910  7.82%   127 1629s
 23110 16914 15271.9951   98   58 15430.9100 14224.4254  7.82%   127 1630s
 23123 17067 15182.1513   76   69 15430.9100 14224.4495  7.82%   127 1641s
 23323 17240 14900.6967   76   45 15430.9100 14225.5233  7.81%   127 1655s
 23529 17405 15131.8562   83   51 15430.9100 14227.4013  7.80%   127 1668s
 23710 17407 14933.0997   76   48 15430.9100 14229.5668  7.79%   127 1670s
 23757 17660 14600.2063   52  140 15430.9100 14229.5731  7.79%   127 1682s
 24072 17670 15305.8995  108   28 15430.9100 14229.7532  7.78%   126 1685s
 24090 17797 14426.5106   43  208 15430.9100 14230.0835  7.78%   126 1696s
 24272 17871 14545.9734   41  376 15430.9100 14232.0612  7.77%   126 1708s
 24354 17986 14582.5395   54  218 15430.9100 14232.0828  7.77%   127 1720s
 24475 18160 14942.4966   74  135 15430.9100 14232.3919  7.77%   127 1734s
 24504 18160 15025.5202   89   67 15430.9100 14232.3919  7.77%   127 1735s
 24711 18373 14422.5613   43  372 15430.9100 14233.3522  7.76%   127 1748s
*24841 18244             132    15408.840000 14233.3958  7.63%   127 1749s
 24903 18244 14847.2685   98   49 15408.8400 14233.3958  7.63%   126 1750s
 24955 18398 14577.8904   66  133 15408.8400 14235.1759  7.62%   126 1763s
 25125 18444 15253.5685  103   23 15408.8400 14235.4350  7.62%   126 1777s
H25189 17957                    15370.910000 14235.5042  7.39%   126 1778s
 25199 18075 14845.1924   70  175 15370.9100 14235.6683  7.39%   126 1790s
 25347 18177 14773.0788   46  286 15370.9100 14235.8897  7.38%   127 1803s
 25459 18179 15228.4164  110   25 15370.9100 14235.9818  7.38%   127 1805s
 25478 18309 infeasible   44      15370.9100 14236.7345  7.38%   127 1816s
 25644 18501     cutoff  122      15370.9100 14237.2218  7.38%   127 1830s
H25747 18360                    15361.150000 14237.2218  7.32%   127 1831s
H25858  9737                    14890.790000 14237.7176  4.39%   127 1843s
 25935  9768     cutoff   56      14890.7900 14238.4080  4.38%   127 1854s
 25976  9768     cutoff   53      14890.7900 14238.4154  4.38%   127 1855s
 26020  9856 14746.7734   63  249 14890.7900 14238.5216  4.38%   127 1867s
 26135 10013 14561.2304   43   51 14890.7900 14239.2819  4.38%   128 1880s
 26338 10169     cutoff   81      14890.7900 14239.6380  4.37%   128 1894s
H26390  9723                    14867.750000 14239.6380  4.22%   128 1894s
 26418  9723 14678.6004   70   84 14867.7500 14240.6189  4.22%   128 1895s
 26520  9801 14492.5172   42  282 14867.7500 14241.0959  4.21%   128 1907s
 26634  9906 14363.6241   37  355 14867.7500 14242.8484  4.20%   128 1920s
 26775  9962 14715.6315   52  291 14867.7500 14242.8974  4.20%   128 1932s
 26870 10057 14605.1480   57  347 14867.7500 14243.1446  4.20%   129 1945s
 27002 10130 14853.4433   59  230 14867.7500 14243.6381  4.20%   129 1957s
 27095 10237 14651.4694   66  107 14867.7500 14244.1948  4.19%   130 1970s
 27238 10303 14429.1714   43  281 14867.7500 14244.9888  4.19%   130 1982s
 27340 10365 14699.4716   42  312 14867.7500 14245.2046  4.19%   130 1994s
 27384 10365 14830.1772   47  309 14867.7500 14245.3753  4.19%   130 1995s
 27479 10436     cutoff   55      14867.7500 14246.1417  4.18%   130 2007s
 27590 10507 14702.8991   65  120 14867.7500 14246.2750  4.18%   131 2020s
 27699 10639 14383.8010   40  344 14867.7500 14246.7839  4.18%   131 2034s
 27871 10749 14444.5932   47  215 14867.7500 14247.1399  4.17%   131 2047s
 28018 10815 14640.8271   50  299 14867.7500 14247.4471  4.17%   132 2060s
 28108 10873 14746.3051   50  365 14867.7500 14249.2728  4.16%   132 2080s
 28178 10914     cutoff   53      14867.7500 14250.0961  4.15%   133 2093s
 28255 10986 14358.4948   36  410 14867.7500 14251.1059  4.15%   133 2106s
 28353 11080 14559.6060   50  125 14867.7500 14252.8468  4.14%   133 2119s
 28481 11127 14498.2348   56  263 14867.7500 14253.2623  4.13%   133 2132s
 28574 11168 14512.6178   40  409 14867.7500 14253.8748  4.13%   134 2146s
 28637 11200 14690.7998   49  351 14867.7500 14254.1808  4.13%   134 2158s
 28700 11288 14575.1245   52  304 14867.7500 14254.7302  4.12%   135 2171s
 28820 11342 14386.6969   39  495 14867.7500 14255.6146  4.12%   135 2185s
 28894 11380 14683.2605   42  276 14867.7500 14255.9089  4.12%   135 2198s
 28965 11458 14361.4928   41  365 14867.7500 14257.9253  4.10%   136 2212s
 29057 11526 14724.0830   59   53 14867.7500 14257.9882  4.10%   136 2225s
 29211 11609 14520.4497   45  307 14867.7500 14258.5495  4.10%   136 2239s
 29377 11739 14421.6597   50  296 14867.7500 14259.0352  4.09%   137 2253s
 29514 11741 14817.3637   73   16 14867.7500 14259.7148  4.09%   137 2255s
 29542 11875 14432.3675   41  214 14867.7500 14259.7847  4.09%   137 2268s
 29712 11942 14496.0652   38  295 14867.7500 14260.2609  4.09%   137 2282s
 29807 12046 14559.4291   56  152 14867.7500 14260.3635  4.09%   137 2296s
 29964 12114 14629.4964   58  139 14867.7500 14260.4693  4.08%   138 2309s
 30033 12114 infeasible   63      14867.7500 14260.4693  4.08%   138 2310s
 30058 12184 infeasible   63      14867.7500 14261.4056  4.08%   138 2323s
 30170 12234 14418.1542   40  404 14867.7500 14262.2415  4.07%   138 2337s
 30239 12372 14585.9107   38  190 14867.7500 14263.0138  4.07%   139 2352s
 30411 12447 14300.0813   40  439 14867.7500 14263.2770  4.07%   139 2366s
 30521 12539 14522.0596   46  251 14867.7500 14263.6807  4.06%   139 2380s
 30643 12608 14477.5095   39  368 14867.7500 14264.1009  4.06%   140 2394s
 30746 12755 14664.3168   55  198 14867.7500 14264.9682  4.05%   140 2409s
 30855 12755 14770.3765   74    4 14867.7500 14265.5658  4.05%   140 2410s
 30964 12830 14445.2651   39  501 14867.7500 14265.7578  4.05%   140 2423s
 31067 12921 14593.4850   51  174 14867.7500 14266.4366  4.04%   140 2437s
 31193 13011 14484.0899   39  342 14867.7500 14267.4225  4.04%   141 2452s
 31300 13105 14607.3124   45  121 14867.7500 14267.6216  4.04%   141 2467s
 31428 13182 infeasible   45      14867.7500 14267.8710  4.03%   141 2483s
 31559 13330 14573.8738   35  430 14867.7500 14268.0636  4.03%   141 2500s
 31734 13379 14700.0284   52  233 14867.7500 14268.1472  4.03%   142 2514s
 31830 13451 14378.9266   41  346 14867.7500 14268.9451  4.03%   142 2528s
 31916 13567 14808.2855   61   94 14867.7500 14269.1424  4.03%   143 2543s
 32070 13662 14326.2521   40  282 14867.7500 14270.1569  4.02%   143 2558s
 32220 13772 14758.7013   48  292 14867.7500 14271.2462  4.01%   143 2572s
 32372 13865 14492.6196   44  341 14867.7500 14271.7568  4.01%   143 2587s
 32491 13917 14552.2429   42  463 14867.7500 14272.2637  4.01%   144 2602s
 32585 14007 14408.9904   40  234 14867.7500 14272.7214  4.00%   144 2617s
 32704 14083     cutoff   83      14867.7500 14274.0143  3.99%   144 2631s
 32811 14234 14670.8722   48  340 14867.7500 14274.2153  3.99%   144 2646s
 33014 14295     cutoff   89      14867.7500 14274.9938  3.99%   144 2661s
 33100 14360 14746.3222   51  179 14867.7500 14275.8746  3.98%   145 2676s
 33207 14398 14690.0290   47  194 14867.7500 14276.0709  3.98%   145 2691s
 33323 14495 14452.9065   40  280 14867.7500 14276.3693  3.98%   146 2706s
 33474 14625 14482.2926   37  237 14867.7500 14276.6938  3.98%   146 2721s
 33637 14782 14503.5944   43  389 14867.7500 14277.4734  3.97%   146 2735s
 33826 14910 14766.3588   56   67 14867.7500 14278.4312  3.96%   146 2751s
 34014 15046 14622.1191   38  283 14867.7500 14278.8995  3.96%   146 2768s
 34256 15134 14558.2153   47  304 14867.7500 14280.1182  3.95%   146 2784s
 34361 15229 14850.2364   61  130 14867.7500 14280.1812  3.95%   146 2799s
 34447 15229 14808.3759   77   21 14867.7500 14281.0006  3.95%   146 2800s
 34509 15333 infeasible   61      14867.7500 14281.2770  3.94%   146 2816s
 34648 15425 14670.3667   47  293 14867.7500 14281.6978  3.94%   147 2831s
H34714 14509                    14834.330000 14281.6978  3.73%   147 2831s
 34769 14597 14312.3341   45  315 14834.3300 14281.8460  3.72%   147 2846s
H34865 13789                    14810.650000 14281.8460  3.57%   147 2847s
 34915 13837 14677.7323   50  244 14810.6500 14282.1577  3.57%   147 2861s
 35007 13965 14501.2108   38  350 14810.6500 14282.3487  3.57%   148 2878s
H35091 13906                    14808.760000 14282.3487  3.55%   148 2878s
 35171 13965 14479.4812   40  390 14808.7600 14282.4891  3.55%   148 2894s
 35263 13965 14684.5561   55  248 14808.7600 14282.9321  3.55%   148 2895s
H35294 11319                    14736.760000 14282.9321  3.08%   148 2909s
H35323  7312                    14635.960000 14283.8126  2.41%   148 2909s
 35366  7351     cutoff   47      14635.9600 14284.1613  2.40%   149 2924s
 35483  7372     cutoff   55      14635.9600 14284.8630  2.40%   149 2943s
H35484  7118                    14628.100000 14284.8630  2.35%   149 2943s
 35533  7161 14569.2005   38  256 14628.1000 14286.4597  2.34%   149 2958s
 35620  7210 14606.4082   54  303 14628.1000 14286.8322  2.33%   150 2973s
 35727  7245 14529.6515   42  343 14628.1000 14287.5906  2.33%   150 2988s
 35827  7271     cutoff   44      14628.1000 14288.0623  2.32%   150 3003s
 35937  7351 14446.7544   47  214 14628.1000 14288.8672  2.32%   151 3017s
 36066  7400     cutoff   52      14628.1000 14289.6949  2.31%   151 3032s
 36161  7422     cutoff   48      14628.1000 14290.8517  2.31%   151 3046s
 36265  7492 14377.3678   40  219 14628.1000 14291.4636  2.30%   152 3063s
 36376  7541 14391.9294   39  416 14628.1000 14291.7601  2.30%   152 3078s
 36480  7610 14530.1314   46  285 14628.1000 14292.4294  2.29%   153 3093s
 36610  7644 14494.9308   37  340 14628.1000 14293.8763  2.28%   153 3107s
 36705  7685 14590.3245   50  344 14628.1000 14295.3748  2.27%   153 3123s
 36818  7741 14457.6586   38  411 14628.1000 14296.1452  2.27%   154 3138s
 36946  7782 14565.0815   49  244 14628.1000 14296.6662  2.27%   154 3153s
 37049  7866     cutoff   48      14628.1000 14297.2299  2.26%   154 3168s
 37211  7921 14519.0031   74   12 14628.1000 14298.5937  2.25%   154 3184s
 37327  7945 14365.2645   43  417 14628.1000 14299.0578  2.25%   155 3202s
 37401  8005 14600.9716   42  217 14628.1000 14299.3162  2.25%   155 3218s
 37545  8061     cutoff   39      14628.1000 14300.1538  2.24%   155 3233s
 37654  8061 14481.5150   48  241 14628.1000 14300.3207  2.24%   156 3235s
 37673  8109 14535.9303   50  343 14628.1000 14300.6376  2.24%   156 3249s
 37714  8109 14557.9682   40  372 14628.1000 14301.5729  2.23%   156 3250s
 37782  8166 14545.7402   44  433 14628.1000 14301.5898  2.23%   156 3266s
 37906  8211 14526.3773   39  423 14628.1000 14301.8037  2.23%   156 3282s
 37993  8281 14609.0544   45  366 14628.1000 14302.5617  2.23%   157 3298s
H38063  7884                    14616.390000 14302.5617  2.15%   157 3299s
 38156  7909 14573.7141   52  176 14616.3900 14302.8649  2.15%   157 3314s
 38275  7958 14365.5177   45  402 14616.3900 14303.3974  2.14%   157 3329s
 38354  7958 14602.6858   56  204 14616.3900 14303.9636  2.14%   158 3330s
 38389  8054 14565.4188   48  268 14616.3900 14304.3082  2.14%   158 3346s
 38563  8111 14573.3714   50  214 14616.3900 14304.9113  2.13%   158 3362s
 38678  8137 14531.1739   52  242 14616.3900 14305.5790  2.13%   158 3378s
 38769  8190 14466.3270   37  268 14616.3900 14306.0484  2.12%   158 3395s
 38903  8237 14490.2426   35  352 14616.3900 14306.9268  2.12%   159 3411s
 39017  8273 14592.8460   44  350 14616.3900 14307.6324  2.11%   159 3427s
 39137  8331 14574.4567   50  225 14616.3900 14308.2745  2.11%   159 3444s
 39213  8331 14531.7837   50  150 14616.3900 14308.2745  2.11%   159 3445s
 39303  8376 14409.0395   47  169 14616.3900 14308.7925  2.10%   160 3600s

Cutting planes:
  User: 3709
  Gomory: 22
  Cover: 349
  Implied bound: 26
  Clique: 14
  MIR: 144
  StrongCG: 1
  Flow cover: 301
  Zero half: 14
  RLT: 218
  Relax-and-lift: 2
  Lazy constraints: 3337

Explored 39390 nodes (6299089 simplex iterations) in 3601.04 seconds
Thread count was 2 (of 32 available processors)

Solution count 10: 14616.4 14628.1 14636 ... 15361.2

Time limit reached
Best objective 1.461639000000e+04, best bound 1.430883941732e+04, gap 2.1041%

User-callback calls 374771, time in user-callback 254.95 sec
================================================================================
