




arguments: ./build/bc_mirp -f ./input/orig_exec_22.cfg
Current dir: /scratch/gui/bc_mirp
File verbosity level: 9
date       time         ( uptime  ) [ thread name/id ]                   file:line     v| 
2021-02-06 15:56:33.665 (   0.201s) [main thread     ]             loguru.cpp:789   INFO| Logging to './output/vi_vc+lex_full/OU/V3/Original/execution_06_02_2021_15_56_33.log', mode: 'a', verbosity: 9
--------------------------------------------------------------------------------
Parameters
                           instance_path           ./input/Instances/Original/1/
                            model_policy                                       1
                             nb_vehicles                                       3
                              output_dir ./output/vi_vc+lex_full/OU/V3/Original/
                            sec_strategy                                       1
                       solver_nb_threads                                       2
                         solver_show_log                                    true
                       solver_time_limit                                    3600
                              use_vi_cos                                   false
                              use_vi_cus                                   false
                         use_vi_hc1_full                                   false
                         use_vi_hc1_half                                   false
                      use_vi_hc1_quarter                                   false
                              use_vi_hc2                                   false
                              use_vi_hc3                                   false
                         use_vi_lex_full                                    true
                         use_vi_lex_half                                   false
                      use_vi_lex_quarter                                   false
                              use_vi_qua                                   false
                               use_vi_vc                                    true
                               use_vi_vr                                   false
--------------------------------------------------------------------------------
executing instance: ./input/Instances/Original/1/absH3high_1n5.dat
--------------------------------------------------------------------------------
Instance details
n	6
H	3
C	289
Li:
[0, 0, 0, 0, 0, 0, ]
Ui:
[0, 195, 105, 116, 72, 22, ]
Distance matrix:
|0	85	349	17	203	289	|
|85	0	265	102	214	226	|
|349	265	0	366	368	238	|
|17	102	366	0	207	302	|
|203	214	368	207	0	431	|
|289	226	238	302	431	0	|

--------------------------------------------------------------------------------
Building model...
	using lazy and cut (CVRPSEP package)
Solving IRP LP...
--------------------------------------------------------------------------------

Gurobi 9.1.0 (linux64) logging started Sat Feb  6 15:56:34 2021

Gurobi Optimizer version 9.1.0 build v9.1.0rc0 (linux64)
Thread count: 32 physical cores, 32 logical processors, using up to 2 threads
Optimize a model with 192 rows, 258 columns and 942 nonzeros
Model fingerprint: 0xba649fb0
Variable types: 69 continuous, 189 integer (54 binary)
Coefficient statistics:
  Matrix range     [1e+00, 2e+02]
  Objective range  [2e-01, 4e+02]
  Bounds range     [1e+00, 2e+02]
  RHS range        [1e+00, 5e+02]
Presolve removed 81 rows and 108 columns
Presolve time: 0.01s
Presolved: 111 rows, 150 columns, 531 nonzeros
Variable types: 32 continuous, 118 integer (85 binary)
Found heuristic solution: objective 3476.9100000

Root relaxation: objective 1.828755e+03, 129 iterations, 0.00 seconds

    Nodes    |    Current Node    |     Objective Bounds      |     Work
 Expl Unexpl |  Obj  Depth IntInf | Incumbent    BestBd   Gap | It/Node Time

     0     0 1828.75517    0   20 3476.91000 1828.75517  47.4%     -    0s
H    0     0                    2887.3300000 1828.75517  36.7%     -    0s
     0     0 2010.72897    0   20 2887.33000 2010.72897  30.4%     -    0s
H    0     0                    2881.6500000 2010.72897  30.2%     -    0s
     0     0 2010.72897    0   22 2881.65000 2010.72897  30.2%     -    0s
     0     0 2157.76430    0   35 2881.65000 2157.76430  25.1%     -    0s
H    0     0                    2824.6500000 2157.76430  23.6%     -    0s
     0     0 2157.85949    0   34 2824.65000 2157.85949  23.6%     -    0s
     0     0 2316.14951    0   37 2824.65000 2316.14951  18.0%     -    0s
     0     0 2340.30691    0   49 2824.65000 2340.30691  17.1%     -    0s
     0     0 2340.62141    0   51 2824.65000 2340.62141  17.1%     -    0s
     0     0 2341.05005    0   49 2824.65000 2341.05005  17.1%     -    0s
     0     0 2341.05005    0   49 2824.65000 2341.05005  17.1%     -    0s
     0     0 2364.50459    0   26 2824.65000 2364.50459  16.3%     -    0s
H    0     0                    2414.0300000 2364.50459  2.05%     -    0s
     0     0 2367.29521    0   26 2414.03000 2367.29521  1.94%     -    0s
     0     0 2368.11804    0   38 2414.03000 2368.11804  1.90%     -    0s
     0     0 2390.93766    0   37 2414.03000 2390.93766  0.96%     -    0s

Explored 1 nodes (391 simplex iterations) in 0.07 seconds
Thread count was 2 (of 32 available processors)

Solution count 5: 2414.03 2824.65 2881.65 ... 3476.91

Optimal solution found (tolerance 1.00e-04)
Best objective 2.414030000000e+03, best bound 2.414030000000e+03, gap 0.0000%

User-callback calls 158, time in user-callback 0.00 sec
================================================================================
executing instance: ./input/Instances/Original/1/absH3high_1n45.dat
--------------------------------------------------------------------------------
Instance details
n	46
H	3
C	3462
Li:
[0, 0, 0, 0, 0, 0, 0, 0, 0, 0, 0, 0, 0, 0, 0, 0, 0, 0, 0, 0, 0, 0, 0, 0, 0, 0, 0, 0, 0, 0, 0, 0, 0, 0, 0, 0, 0, 0, 0, 0, 0, 0, 0, 0, 0, 0, ]
Ui:
[0, 273, 270, 36, 165, 192, 148, 45, 30, 75, 180, 198, 112, 117, 90, 64, 180, 22, 264, 174, 168, 270, 86, 66, 26, 66, 237, 156, 92, 108, 144, 72, 30, 45, 94, 54, 174, 96, 198, 136, 44, 180, 210, 249, 198, 48, ]
Distance matrix:
|0	281	201	160	249	201	93	431	236	139	252	136	116	166	390	110	349	374	303	180	327	464	236	70	44	461	346	439	363	254	312	426	305	206	71	137	169	200	247	260	20	219	256	253	460	278	|
|281	0	448	170	53	142	338	184	121	290	371	390	222	302	111	289	169	434	230	177	238	441	59	212	319	211	86	235	399	306	53	176	99	202	263	157	361	101	370	201	264	344	364	374	469	184	|
|201	448	0	285	430	325	114	556	361	171	191	64	228	174	546	294	453	306	364	289	388	435	393	254	157	585	491	536	318	254	490	554	436	407	266	292	108	388	186	337	207	181	205	190	408	364	|
|160	170	285	0	169	43	182	280	80	120	208	231	58	132	262	230	190	294	151	24	174	345	112	107	183	309	207	280	268	158	219	276	155	235	187	45	192	150	205	107	140	177	202	210	356	119	|
|249	53	430	169	0	152	317	238	145	282	377	369	212	299	157	242	215	452	261	183	273	474	76	181	290	264	140	287	421	320	63	229	145	148	221	142	352	53	374	226	234	346	370	378	498	215	|
|201	142	325	43	152	0	224	237	37	156	230	273	101	164	224	261	148	300	127	38	147	333	83	142	225	266	167	238	270	168	193	233	112	246	221	70	228	148	228	84	180	202	222	232	351	87	|
|93	338	114	182	317	224	0	460	262	92	180	52	124	112	440	199	364	307	292	191	317	415	284	140	57	490	387	452	304	208	377	457	336	297	163	181	84	274	175	256	95	152	188	180	402	280	|
|431	184	556	280	238	237	460	0	199	385	420	508	337	385	108	464	110	429	219	269	206	378	202	365	460	30	98	84	388	340	204	9	126	386	432	294	453	283	421	226	411	404	408	423	422	198	|
|236	121	361	80	145	37	262	199	0	191	255	310	138	197	191	290	114	312	118	72	133	330	69	175	262	229	132	204	279	186	174	195	75	258	251	102	262	153	254	81	216	230	246	257	353	72	|
|139	290	171	120	282	156	92	385	191	0	116	129	71	27	380	246	283	235	201	119	226	329	231	141	129	414	323	367	224	119	336	383	266	308	202	141	72	252	112	169	127	82	118	117	322	195	|
|252	371	191	208	377	230	180	420	255	116	0	187	178	90	443	361	311	127	204	195	224	246	313	257	232	446	382	380	129	81	423	421	320	422	318	242	100	355	5	195	241	34	15	2	225	224	|
|136	390	64	231	369	273	52	508	310	129	187	0	173	141	491	233	409	313	330	239	355	431	335	191	93	538	438	495	316	233	429	505	385	342	203	233	88	325	182	297	143	167	199	187	412	323	|
|116	222	228	58	212	101	124	337	138	71	178	173	0	91	319	206	244	284	187	69	212	357	165	85	130	367	265	333	264	151	267	333	213	244	161	70	140	181	175	145	97	145	177	180	359	165	|
|166	302	174	132	299	164	112	385	197	27	90	141	91	0	388	273	280	208	191	127	215	305	243	167	153	413	329	361	198	96	351	383	270	333	229	159	68	272	86	163	153	56	92	91	296	190	|
|390	111	546	262	157	224	440	108	191	380	443	491	319	388	0	399	164	480	264	261	261	456	156	320	426	125	62	186	442	369	107	99	125	300	374	260	452	210	443	252	372	420	433	446	494	227	|
|110	289	294	230	242	261	199	464	290	246	361	233	206	273	399	0	402	480	382	254	404	562	262	124	143	493	369	490	466	355	302	457	344	135	45	191	279	189	356	337	120	328	364	362	563	348	|
|349	169	453	190	215	148	364	110	114	283	311	409	244	280	164	402	0	324	110	174	101	292	151	289	372	135	109	90	284	230	212	111	70	354	364	216	348	245	312	118	329	295	298	313	330	90	|
|374	434	306	294	452	300	307	429	312	235	127	313	284	208	480	480	324	0	216	274	223	137	380	368	357	448	419	367	40	136	487	432	358	525	436	336	227	443	132	234	361	156	119	127	102	255	|
|303	230	364	151	261	127	292	219	118	201	204	330	187	191	264	382	110	216	0	128	25	213	185	258	314	243	203	176	178	123	282	221	144	372	338	193	256	270	206	45	283	193	191	206	239	46	|
|180	177	289	24	183	38	191	269	72	119	195	239	69	127	261	254	174	274	128	0	151	321	118	130	198	299	204	263	246	139	228	266	147	258	211	68	191	169	193	83	159	166	188	197	333	98	|
|327	238	388	174	273	147	317	206	133	226	224	355	212	215	261	404	101	223	25	151	0	203	198	281	339	228	202	156	184	143	288	209	146	390	362	215	280	286	226	68	308	215	210	226	235	61	|
|464	441	435	345	474	333	415	378	330	329	246	431	357	305	456	562	292	137	213	321	203	0	398	440	458	390	400	301	117	211	492	384	348	578	517	389	344	480	251	251	448	265	233	246	54	259	|
|236	59	393	112	76	83	284	202	69	231	313	335	165	243	156	262	151	380	185	118	198	398	0	167	270	231	110	233	347	250	110	195	85	203	230	103	303	95	311	150	217	284	305	315	422	139	|
|70	212	254	107	181	142	140	365	175	141	257	191	85	167	320	124	289	368	258	130	281	440	167	0	109	394	277	378	349	236	244	359	239	167	81	73	196	135	253	213	53	223	257	258	444	226	|
|44	319	157	183	290	225	57	460	262	129	232	93	130	153	426	143	372	357	314	198	339	458	270	109	0	490	379	462	351	247	353	456	334	250	110	168	140	243	226	274	56	201	238	232	449	294	|
|461	211	585	309	264	266	490	30	229	414	446	538	367	413	125	493	135	448	243	299	228	390	231	394	490	0	125	89	408	365	226	36	156	412	462	324	481	311	447	253	441	430	433	448	436	225	|
|346	86	491	207	140	167	387	98	132	323	382	438	265	329	62	369	109	419	203	204	202	400	110	277	379	125	0	155	381	307	113	90	63	288	339	211	394	186	382	190	327	359	371	384	436	165	|
|439	235	536	280	287	238	452	84	204	367	380	495	333	361	186	490	90	367	176	263	156	301	233	378	462	89	155	0	326	299	267	92	148	432	454	306	429	325	382	199	419	369	366	382	348	172	|
|363	399	318	268	421	270	304	388	279	224	129	316	264	198	442	466	284	40	178	246	184	117	347	349	351	408	381	326	0	113	452	391	321	502	422	311	229	415	134	199	348	152	118	130	98	219	|
|254	306	254	158	320	168	208	340	186	119	81	233	151	96	369	355	230	136	123	139	143	211	250	236	247	365	307	299	113	0	359	340	244	390	310	200	148	308	83	117	238	74	68	83	208	145	|
|312	53	490	219	63	193	377	204	174	336	423	429	267	351	107	302	212	487	282	228	288	492	110	244	353	226	113	267	452	359	0	195	145	194	283	199	407	115	421	254	296	394	415	425	521	237	|
|426	176	554	276	229	233	457	9	195	383	421	505	333	383	99	457	111	432	221	266	209	384	195	359	456	36	90	92	391	340	195	0	122	378	426	289	451	275	421	226	406	404	408	423	427	197	|
|305	99	436	155	145	112	336	126	75	266	320	385	213	270	125	344	70	358	144	147	146	348	85	239	334	156	63	148	321	244	145	122	0	286	310	168	336	177	320	128	285	298	309	322	381	103	|
|206	202	407	235	148	246	297	386	258	308	422	342	244	333	300	135	354	525	372	258	390	578	203	167	250	412	288	432	502	390	194	378	286	0	144	191	362	109	418	329	202	388	421	423	591	329	|
|71	263	266	187	221	221	163	432	251	202	318	203	161	229	374	45	364	436	338	211	362	517	230	81	110	462	339	454	422	310	283	426	310	144	0	150	239	168	313	294	77	285	321	319	518	306	|
|137	157	292	45	142	70	181	294	102	141	242	233	70	159	260	191	216	336	193	68	215	389	103	73	168	324	211	306	311	200	199	289	168	191	150	0	210	113	239	148	117	210	238	244	400	157	|
|169	361	108	192	352	228	84	453	262	72	100	88	140	68	452	279	348	227	256	191	280	344	303	196	140	481	394	429	229	148	407	451	336	362	239	210	0	318	95	231	164	79	111	100	325	258	|
|200	101	388	150	53	148	274	283	153	252	355	325	181	272	210	189	245	443	270	169	286	480	95	135	243	311	186	325	415	308	115	275	177	109	168	113	318	0	352	230	187	323	351	357	498	225	|
|247	370	186	205	374	228	175	421	254	112	5	182	175	86	443	356	312	132	206	193	226	251	311	253	226	447	382	382	134	83	421	421	320	418	313	239	95	352	0	196	237	30	19	6	230	224	|
|260	201	337	107	226	84	256	226	81	169	195	297	145	163	252	337	118	234	45	83	68	251	150	213	274	253	190	199	199	117	254	226	128	329	294	148	231	230	196	0	240	178	184	198	272	29	|
|20	264	207	140	234	180	95	411	216	127	241	143	97	153	372	120	329	361	283	159	308	448	217	53	56	441	327	419	348	238	296	406	285	202	77	117	164	187	237	240	0	208	245	242	446	257	|
|219	344	181	177	346	202	152	404	230	82	34	167	145	56	420	328	295	156	193	166	215	265	284	223	201	430	359	369	152	74	394	404	298	388	285	210	79	323	30	178	208	0	37	35	250	206	|
|256	364	205	202	370	222	188	408	246	118	15	199	177	92	433	364	298	119	191	188	210	233	305	257	238	433	371	366	118	68	415	408	309	421	321	238	111	351	19	184	245	37	0	17	214	212	|
|253	374	190	210	378	232	180	423	257	117	2	187	180	91	446	362	313	127	206	197	226	246	315	258	232	448	384	382	130	83	425	423	322	423	319	244	100	357	6	198	242	35	17	0	225	226	|
|460	469	408	356	498	351	402	422	353	322	225	412	359	296	494	563	330	102	239	333	235	54	422	444	449	436	436	348	98	208	521	427	381	591	518	400	325	498	230	272	446	250	214	225	0	285	|
|278	184	364	119	215	87	280	198	72	195	224	323	165	190	227	348	90	255	46	98	61	259	139	226	294	225	165	172	219	145	237	197	103	329	306	157	258	225	224	29	257	206	212	226	285	0	|

--------------------------------------------------------------------------------
Building model...
	using lazy and cut (CVRPSEP package)
Solving IRP LP...
--------------------------------------------------------------------------------

Gurobi 9.1.0 (linux64) logging started Sat Feb  6 15:56:34 2021

Gurobi Optimizer version 9.1.0 build v9.1.0rc0 (linux64)
Thread count: 32 physical cores, 32 logical processors, using up to 2 threads
Optimize a model with 1432 rows, 10318 columns and 24262 nonzeros
Model fingerprint: 0xe68888d5
Variable types: 589 continuous, 9729 integer (414 binary)
Coefficient statistics:
  Matrix range     [1e+00, 7e+13]
  Objective range  [1e-01, 6e+02]
  Bounds range     [1e+00, 3e+02]
  RHS range        [1e+00, 6e+03]
Warning: Model contains large matrix coefficient range
         Consider reformulating model or setting NumericFocus parameter
         to avoid numerical issues.
Presolve removed 427 rows and 600 columns
Presolve time: 0.16s
Presolved: 1005 rows, 9718 columns, 21615 nonzeros
Variable types: 356 continuous, 9362 integer (8942 binary)

Root relaxation: objective 1.306867e+04, 1031 iterations, 0.03 seconds

    Nodes    |    Current Node    |     Objective Bounds      |     Work
 Expl Unexpl |  Obj  Depth IntInf | Incumbent    BestBd   Gap | It/Node Time

     0     0 13068.6724    0  110          - 13068.6724      -     -    0s
     0     0 13387.1094    0  156          - 13387.1094      -     -    0s
     0     0 13424.4687    0  148          - 13424.4687      -     -    1s
     0     0 13433.0900    0  141          - 13433.0900      -     -    1s
     0     0 13436.0688    0  138          - 13436.0688      -     -    1s
     0     0 13436.0688    0  141          - 13436.0688      -     -    1s
     0     0 13844.9272    0  179          - 13844.9272      -     -    1s
     0     0 13990.7467    0  221          - 13990.7467      -     -    1s
     0     0 13993.9575    0  241          - 13993.9575      -     -    1s
     0     0 13993.9661    0  231          - 13993.9661      -     -    1s
     0     0 14088.1416    0  245          - 14088.1416      -     -    1s
     0     0 14108.2573    0  271          - 14108.2573      -     -    1s
     0     0 14109.9187    0  282          - 14109.9187      -     -    1s
     0     0 14110.9479    0  275          - 14110.9479      -     -    1s
     0     0 14168.4777    0  330          - 14168.4777      -     -    2s
     0     0 14187.1022    0  345          - 14187.1022      -     -    2s
     0     0 14238.3684    0  320          - 14238.3684      -     -    2s
     0     0 14259.7760    0  371          - 14259.7760      -     -    2s
     0     0 14265.7441    0  337          - 14265.7441      -     -    2s
     0     0 14268.4594    0  354          - 14268.4594      -     -    2s
     0     0 14268.4594    0  365          - 14268.4594      -     -    2s
     0     0 14328.4446    0  373          - 14328.4446      -     -    3s
     0     0 14334.7550    0  398          - 14334.7550      -     -    3s
     0     0 14343.1146    0  417          - 14343.1146      -     -    3s
     0     0 14343.8142    0  411          - 14343.8142      -     -    3s
     0     0 14365.1154    0  437          - 14365.1154      -     -    3s
     0     0 14374.8937    0  383          - 14374.8937      -     -    3s
     0     0 14380.0233    0  386          - 14380.0233      -     -    3s
     0     0 14383.2451    0  469          - 14383.2451      -     -    3s
     0     0 14383.6833    0  395          - 14383.6833      -     -    4s
     0     0 14392.9610    0  261          - 14392.9610      -     -    4s
     0     0 14397.5510    0  416          - 14397.5510      -     -    4s
     0     0 14398.8435    0  315          - 14398.8435      -     -    4s
     0     0 14399.5392    0  367          - 14399.5392      -     -    4s
     0     0 14399.5392    0  349          - 14399.5392      -     -    4s
     0     0 14399.5392    0  349          - 14399.5392      -     -    5s
     0     2 14403.6149    0  390          - 14403.6149      -     -    6s
    36    39 14493.7916   10  355          - 14413.7874      -   332   10s
   229   249 14821.8425   30  280          - 14413.7874      -   152   15s
   581   541 19220.5400  305    -          - 14413.7874      -  79.5   20s
*  585   542             306    19324.170000 14413.7874  25.4%  78.9   20s
   627   585 15270.7558   55  160 19324.1700 14413.7874  25.4%  83.0   25s
   709   680 15547.7681   90   35 19324.1700 14413.7874  25.4%  86.6   30s
H  731   647                    19029.110000 14413.7874  24.3%  86.5   33s
   733   648 15242.4820   56  286 19029.1100 14413.7874  24.3%  86.3   35s
   752   661 15569.2143   96  537 19029.1100 14477.7958  23.9%  84.1   41s
H  755   630                    18826.910000 14481.2690  23.1%  83.8   42s
   762   634 18135.7000  249  540 18826.9100 14488.8211  23.0%  83.0   45s
H  768   608                    18723.910000 14488.8566  22.6%  93.6   48s
   770   609 15176.3784   54  280 18723.9100 14488.8566  22.6%  93.4   50s
   788   621 15433.6788   78  551 18723.9100 14496.6291  22.6%  91.3   55s
   800   629 18163.5000  244  601 18723.9100 14499.2871  22.6%  89.9   60s
   810   636 14811.0301   31  601 18723.9100 14500.5808  22.6%  88.8   65s
   816   640 15242.4820   55  625 18723.9100 14500.6210  22.6%  88.1   70s
   829   651 14576.3776   30  416 18723.9100 14518.9510  22.5%   105   75s
   843   661 14569.0053   34  524 18723.9100 14535.6672  22.4%   112   82s
   865   675 14664.4929   39  506 18723.9100 14535.6672  22.4%   124   85s
H  901   668                    18723.690000 14535.6672  22.4%   136   90s
   939   695 14744.6616   56  319 18723.6900 14535.6672  22.4%   148   95s
  1002   742 14927.5601   69  357 18723.6900 14535.6672  22.4%   154  100s
  1075   805 15068.9320   85  299 18723.6900 14535.6672  22.4%   157  105s
  1177   873 15325.0260  108  210 18723.6900 14535.6672  22.4%   159  110s
  1257   906 15383.9749  114  274 18723.6900 14535.6672  22.4%   154  115s
  1350   977 15476.2551  126  204 18723.6900 14535.6672  22.4%   151  121s
  1426  1005 15618.1499  134  184 18723.6900 14535.6672  22.4%   149  125s
  1535  1107 16314.3900  181   16 18723.6900 14535.6672  22.4%   146  130s
* 1619  1023             219    17140.790000 14541.2266  15.2%   141  133s
* 1620   993             219    17105.790000 14541.2266  15.0%   141  133s
  1663   983 14645.5671   34  420 17105.7900 14541.2266  15.0%   140  135s
  1703  1016 14688.3681   41  422 17105.7900 14541.2266  15.0%   144  140s
  1756  1059 14748.8406   45  365 17105.7900 14541.2266  15.0%   149  145s
  1839  1160 14805.4374   50  418 17105.7900 14541.2266  15.0%   151  152s
  1909  1183 14936.6350   51  308 17105.7900 14541.2266  15.0%   149  155s
  1989  1293 14982.0820   55  198 17105.7900 14541.2266  15.0%   149  161s
  2092  1324 14967.0675   59  280 17105.7900 14541.2266  15.0%   145  165s
  2211  1313 15012.7108   67  202 17105.7900 14541.2266  15.0%   143  170s
  2241  1341 15208.7786   73  265 17105.7900 14541.2266  15.0%   146  175s
  2283  1375 15393.7165   82  183 17105.7900 14541.2266  15.0%   149  180s
  2344  1428 15653.6089  100  187 17105.7900 14541.2266  15.0%   151  185s
H 2372  1353                    16977.850000 14541.2266  14.4%   151  185s
  2454  1518 16041.9884  135   59 16977.8500 14541.2266  14.4%   151  192s
  2550  1624 16331.7177  161   50 16977.8500 14541.2266  14.4%   149  197s
  2705  1769 16467.6454  164   88 16977.8500 14541.2266  14.4%   143  206s
  2867  1835 16952.0900  198   12 16977.8500 14541.2266  14.4%   138  220s
  2927  1868 16971.3500  200    - 16977.8500 14562.7651  14.2%   143  230s
  2961  1918 16975.8700  200    - 16977.8500 14562.7884  14.2%   148  238s
  3032  1933     cutoff  200      16977.8500 14575.1604  14.2%   146  242s
  3051  1951 14724.9053   32  434 16977.8500 14576.3822  14.1%   148  246s
  3073  1953 14819.5381   42  345 16977.8500 14576.3822  14.1%   149  258s
  3075  1977 14853.9158   43  364 16977.8500 14576.3822  14.1%   149  261s
  3099  2017 14998.5558   57  308 16977.8500 14576.3822  14.1%   150  265s
  3139  2096 15305.5259   82  146 16977.8500 14576.3822  14.1%   150  270s
  3220  2188 16784.9882  140   12 16977.8500 14587.7143  14.1%   150  276s
  3351  2226     cutoff  159      16977.8500 14591.6541  14.1%   147  282s
  3402  2245     cutoff  159      16977.8500 14593.3546  14.0%   147  287s
  3422  2285 14721.6246   34  502 16977.8500 14593.3546  14.0%   149  292s
  3462  2353 14721.3111   37  403 16977.8500 14593.3546  14.0%   149  298s
  3548  2373 14790.5661   40  452 16977.8500 14593.3546  14.0%   149  304s
  3567  2389 15026.3600   44  329 16977.8500 14593.3546  14.0%   151  308s
  3583  2409 14957.3666   47  323 16977.8500 14593.3546  14.0%   153  321s
  3603  2458 15040.4162   51  347 16977.8500 14593.3546  14.0%   154  326s
  3652  2490 14981.4088   57  424 16977.8500 14593.3546  14.0%   155  332s
  3706  2511 15023.6508   62  361 16977.8500 14593.3546  14.0%   156  337s
  3727  2546 15062.5892   69  285 16977.8500 14593.3546  14.0%   158  342s
  3762  2611 15161.6313   80  188 16977.8500 14593.3546  14.0%   160  348s
  3827  2651 15506.3692  109   23 16977.8500 14593.3546  14.0%   162  358s
  3889  2690 16420.0598  131    2 16977.8500 14604.0517  14.0%   165  369s
  3931  2717 16719.5800  142    - 16977.8500 14607.3007  14.0%   169  376s
  3963  2791 16758.8300  142    - 16977.8500 14621.8650  13.9%   170  383s
  4043  2887 16764.0100  141    - 16977.8500 14621.9698  13.9%   170  392s
  4174  2913 16830.9600  143    - 16977.8500 14627.6724  13.8%   168  407s
  4207  2955 16834.6800  143   16 16977.8500 14629.5283  13.8%   170  417s
  4262  3026 16867.2600  145    - 16977.8500 14629.5353  13.8%   171  425s
  4351  3066 16888.5100  146    - 16977.8500 14629.8698  13.8%   171  435s
  4402  3171     cutoff  149      16977.8500 14629.8916  13.8%   173  444s
  4473  3171 15870.8172  103   32 16977.8500 14632.8966  13.8%   173  445s
  4526  3252 15014.7198   49  312 16977.8500 14632.8966  13.8%   172  456s
  4615  3291 16049.7437  100  133 16977.8500 14639.5057  13.8%   172  465s
  4674  3333 16880.9733  125   20 16977.8500 14644.5071  13.7%   174  474s
  4726  3381     cutoff  132      16977.8500 14645.4466  13.7%   175  486s
  4776  3542 15500.7320   54  308 16977.8500 14645.5688  13.7%   178  500s
  4951  3721     cutoff  156      16977.8500 14646.4712  13.7%   176  514s
  4983  3721 15488.9789   86  167 16977.8500 14646.5987  13.7%   177  515s
  5147  3845 15203.1558   66  271 16977.8500 14646.7963  13.7%   174  527s
  5293  3915 16773.6677  135   22 16977.8500 14648.0018  13.7%   173  538s
  5406  4048 15394.1165   61  279 16977.8500 14653.3115  13.7%   173  550s
  5566  4128     cutoff  151      16977.8500 14653.5972  13.7%   172  561s
  5645  4255 15230.4686   65  309 16977.8500 14654.3456  13.7%   174  573s
  5809  4383 14947.6605   38  316 16977.8500 14655.9906  13.7%   173  591s
  5939  4546 15505.8461   53  114 16977.8500 14656.8180  13.7%   174  609s
  6134  4565 16812.7100  115    4 16977.8500 14656.8847  13.7%   171  611s
  6193  4678 15281.3715   49  333 16977.8500 14659.3755  13.7%   171  628s
  6344  4819     cutoff  135      16977.8500 14661.4178  13.6%   170  640s
  6484  5006 15000.2669   61  286 16977.8500 14661.8393  13.6%   171  655s
  6722  5088     cutoff  170      16977.8500 14664.5005  13.6%   169  668s
  6802  5126     cutoff  168      16977.8500 14667.5031  13.6%   170  680s
  6847  5204 15384.6533   52  264 16977.8500 14667.6054  13.6%   172  694s
  6870  5204 15529.6497   60  173 16977.8500 14667.6054  13.6%   173  695s
  6920  5369 15745.0931   71  156 16977.8500 14669.6565  13.6%   174  710s
  7133  5560 16897.1000  119    - 16977.8500 14670.1471  13.6%   172  737s
  7349  5657     cutoff  141      16977.8500 14672.6834  13.6%   171  753s
  7440  5876 15522.7902   82  220 16977.8500 14675.6403  13.6%   173  769s
  7483  5876 16468.2225  125   39 16977.8500 14675.6403  13.6%   172  770s
  7724  6088 15450.8138   61  250 16977.8500 14682.8844  13.5%   171  813s
  7874  6093 15254.6232   77  122 16977.8500 14683.7915  13.5%   171  815s
  7949  6123     cutoff  148      16977.8500 14683.8465  13.5%   170  829s
  7996  6284 15184.9043   48  276 16977.8500 14683.8465  13.5%   174  847s
  8153  6524 15647.8253  100   20 16977.8500 14684.2355  13.5%   175  867s
  8483  6569 15638.0600   98   20 16977.8500 14684.2899  13.5%   172  870s
  8505  6706 16946.9100  179    - 16977.8500 14684.3799  13.5%   172  887s
  8682  6871     cutoff  179      16977.8500 14684.8607  13.5%   172  904s
  8782  6876 16642.9012  130   20 16977.8500 14684.8607  13.5%   172  905s
  8880  7081     cutoff  135      16977.8500 14686.4544  13.5%   172  924s
  8949  7081 15561.0284   95   60 16977.8500 14686.4544  13.5%   172  925s
* 9025  6998             133    16909.160000 14687.0125  13.1%   171  925s
  9127  7060     cutoff  151      16909.1600 14687.0125  13.1%   171  940s
  9196  7154 15393.2202   77  281 16909.1600 14689.4714  13.1%   173  956s
* 9281  7137             135    16894.160000 14690.5043  13.0%   173  957s
  9315  7308 16567.0114  136   31 16894.1600 14690.7727  13.0%   174  974s
  9382  7311 15373.0729   81   37 16894.1600 14690.7727  13.0%   174  975s
  9541  7407 infeasible  148      16894.1600 14691.4021  13.0%   174  993s
  9671  7494 15788.6458   84  127 16894.1600 14691.4021  13.0%   175 1011s
  9770  7573 15276.0970   52  344 16894.1600 14691.5695  13.0%   176 1028s
  9844  7690 15307.6091   61  302 16894.1600 14691.5695  13.0%   178 1044s
  9881  7690 15303.1281   66  311 16894.1600 14691.5695  13.0%   179 1045s
  9963  7790 15320.1731   66  299 16894.1600 14691.5695  13.0%   179 1063s
 10062  7994 15494.5796   84  106 16894.1600 14691.5695  13.0%   179 1081s
 10332  8347 15883.8254  126  102 16894.1600 14693.7210  13.0%   179 1105s
 10803  8498     cutoff  157      16894.1600 14696.6417  13.0%   174 1174s
 10850  8500 15482.5233   58  131 16894.1600 14696.6417  13.0%   174 1175s
 10950  8651     cutoff  165      16894.1600 14697.0503  13.0%   173 1193s
 11131  8719 16234.8600  100   24 16894.1600 14697.6034  13.0%   173 1211s
 11214  8807 15018.1852   48  240 16894.1600 14698.0054  13.0%   175 1228s
 11292  9051 15280.7432   64  193 16894.1600 14698.0054  13.0%   176 1247s
 11528  9057 15830.5764  135   16 16894.1600 14698.0054  13.0%   175 1250s
 11582  9238 15801.1038  115   55 16894.1600 14698.1814  13.0%   175 1269s
 11622  9238 15947.0768  130   15 16894.1600 14698.1814  13.0%   175 1270s
 11807  9354 16733.0566  141   11 16894.1600 14699.5498  13.0%   175 1287s
 11927  9490 infeasible  144      16894.1600 14700.0500  13.0%   175 1305s
 12096  9549     cutoff  144      16894.1600 14700.8611  13.0%   175 1324s
 12158  9589 15091.2203   51  276 16894.1600 14702.9647  13.0%   176 1341s
 12192  9730 15216.6182   64  312 16894.1600 14702.9647  13.0%   177 1357s
 12333  9912 15812.0937  103  108 16894.1600 14702.9647  13.0%   178 1377s
 12557 10097 16468.5227  124   90 16894.1600 14703.1755  13.0%   176 1397s
 12789 10254 15531.5262   89  186 16894.1600 14703.2743  13.0%   176 1416s
 12982 10346 15262.8229   54  120 16894.1600 14704.1010  13.0%   176 1441s
 13107 10386 16829.1323  114   27 16894.1600 14705.5235  13.0%   177 1457s
 13149 10492 15068.5060   53  408 16894.1600 14705.5235  13.0%   178 1474s
 13179 10492 15748.4627   68  294 16894.1600 14705.5235  13.0%   179 1475s
 13251 10702 15881.4126   76  212 16894.1600 14706.1918  13.0%   179 1495s
 13528 10747 15177.8048   56  293 16894.1600 14707.1614  12.9%   179 1513s
 13573 10836 15268.8708   62  377 16894.1600 14707.1614  12.9%   180 1531s
 13662 11078 15518.9128   85  254 16894.1600 14707.1614  12.9%   181 1563s
 13782 11080 15928.7800  140    - 16894.1600 14707.1614  12.9%   180 1565s
 13986 11164 16010.7272  113   16 16894.1600 14707.1614  12.9%   179 1598s
 14090 11180 16705.9700  183    - 16894.1600 14707.1614  12.9%   179 1600s
 14109 11245 16772.7786  183   14 16894.1600 14707.1689  12.9%   182 1617s
 14185 11313     cutoff  184      16894.1600 14707.2086  12.9%   183 1635s
 14268 11415 15023.2134   34  392 16894.1600 14707.9712  12.9%   185 1658s
 14389 11554 infeasible   81      16894.1600 14708.1491  12.9%   185 1678s
 14553 11727 16316.0090  118   56 16894.1600 14708.7861  12.9%   185 1701s
 14766 11891 16637.8489  125   43 16894.1600 14709.0109  12.9%   184 1730s
 14999 12116 16006.7214  103   21 16894.1600 14709.3989  12.9%   184 1756s
 15280 12186 16696.5500  138    - 16894.1600 14710.8655  12.9%   182 1778s
 15333 12251 16790.5400  138    9 16894.1600 14711.6067  12.9%   183 1799s
 15417 12407 14992.2264   46  197 16894.1600 14711.7587  12.9%   184 1825s
 15583 12464 15512.0216   78   36 16894.1600 14712.2423  12.9%   184 1856s
 15733 12586 16519.3600  103    - 16894.1600 14712.2423  12.9%   185 1967s
 15836 12695 16235.3300  117   17 16894.1600 14712.3965  12.9%   185 1990s
 15988 12714     cutoff  157      16894.1600 14712.4382  12.9%   185 2009s
 15999 12842 14871.9438   34  436 16894.1600 14713.4375  12.9%   188 2030s
 16157 12946 15346.2686   65  349 16894.1600 14713.5510  12.9%   188 2052s
 16287 13024 14994.7778   48  258 16894.1600 14713.8338  12.9%   188 2072s
 16365 13382 15231.1105   65  121 16894.1600 14714.3891  12.9%   189 2098s
 16485 13386 15834.9600  110    - 16894.1600 14714.3891  12.9%   189 2100s
 16809 13553 16337.8600  137    - 16894.1600 14714.3891  12.9%   186 2124s
 16857 13560 15452.0131   81  217 16894.1600 14714.8642  12.9%   187 2125s
 17001 13672 16504.6600  137    - 16894.1600 14715.3600  12.9%   186 2155s
*17110 13435             155    16827.180000 14715.3600  12.6%   186 2156s
 17160 13447 16606.0200  137    - 16827.1800 14715.4319  12.5%   186 2176s
 17199 13549 14933.8270   44  253 16827.1800 14715.4319  12.5%   187 2194s
 17235 13549 15095.2164   43  260 16827.1800 14715.4319  12.5%   188 2195s
 17289 13872 15270.3020   57  178 16827.1800 14715.4319  12.5%   188 2218s
 17504 13881 15582.0551   91  113 16827.1800 14715.4319  12.5%   188 2220s
 17681 14004 16255.7049  127   29 16827.1800 14717.0446  12.5%   186 2239s
 17772 14007 15681.2925   60   84 16827.1800 14717.0446  12.5%   186 2240s
 17815 14106 infeasible  154      16827.1800 14717.1396  12.5%   187 2276s
 17964 14123     cutoff   93      16827.1800 14717.1396  12.5%   187 2294s
 17976 14286 15243.9746   43  307 16827.1800 14717.3644  12.5%   189 2324s
 18027 14286 16046.5838   94   29 16827.1800 14717.3644  12.5%   189 2325s
 18211 14345 infeasible  129      16827.1800 14717.4920  12.5%   189 2344s
 18260 14414 15072.2776   48  316 16827.1800 14717.8384  12.5%   190 2365s
 18329 14616 15190.7953   64  292 16827.1800 14718.4573  12.5%   191 2389s
 18369 14616 15431.4421   89   89 16827.1800 14718.4573  12.5%   190 2390s
 18597 14797 16520.4677  135   44 16827.1800 14718.6808  12.5%   190 2414s
 18677 14801 15676.8458  119   70 16827.1800 14718.7070  12.5%   190 2415s
 18807 14925     cutoff  147      16827.1800 14718.7188  12.5%   189 2435s
 18929 14989 15546.2136   92  164 16827.1800 14719.1306  12.5%   190 2483s
 19025 15048 15907.9397  121   60 16827.1800 14719.3026  12.5%   190 2502s
 19110 15219 16534.6300  141    9 16827.1800 14719.9257  12.5%   191 2527s
 19331 15373     cutoff  156      16827.1800 14720.5323  12.5%   191 2581s
 19523 15411     cutoff  155      16827.1800 14720.6764  12.5%   191 2602s
 19558 15502     cutoff  154      16827.1800 14720.7088  12.5%   192 2623s
 19663 15551 15594.5229   60  260 16827.1800 14721.2520  12.5%   192 2646s
 19712 15644 15988.4337   80  246 16827.1800 14721.3013  12.5%   192 2666s
 19847 15779 15001.8411   54  120 16827.1800 14721.3090  12.5%   192 2689s
 19887 15781 15140.7141   67  114 16827.1800 14721.3090  12.5%   193 2690s
 19991 15945 15234.2016   66  127 16827.1800 14721.3090  12.5%   193 2881s
 20182 16076 16723.7100  138   16 16827.1800 14721.3090  12.5%   193 2917s
 20354 16100     cutoff  142      16827.1800 14721.6294  12.5%   193 2935s
*20355 15892             141    16777.260000 14721.6294  12.3%   193 2935s
 20371 15948 15320.5622   56  460 16777.2600 14721.6294  12.3%   195 2955s
 20428 16007 16417.5756  111   47 16777.2600 14721.6700  12.3%   196 2986s
 20507 16099 14931.1825   37  472 16777.2600 14721.6700  12.3%   197 3011s
 20629 16202 15263.3054   61  242 16777.2600 14722.7641  12.2%   197 3040s
 20758 16263 16772.9850  125   21 16777.2600 14723.8211  12.2%   198 3069s
 20821 16373 15281.8171   55   57 16777.2600 14723.8226  12.2%   198 3098s
 20934 16526 16488.3043   90  160 16777.2600 14723.8594  12.2%   199 3135s
 21162 16694 15322.9769   69  213 16777.2600 14724.2372  12.2%   199 3175s
 21384 16750 infeasible  139      16777.2600 14725.1115  12.2%   199 3204s
 21435 16880 15079.6772   54   97 16777.2600 14725.1404  12.2%   199 3231s
 21575 16989 15838.0914  110   41 16777.2600 14725.1690  12.2%   200 3270s
 21701 17065 infeasible  138      16777.2600 14725.1965  12.2%   200 3318s
 21811 17131 14986.8436   48  349 16777.2600 14725.1965  12.2%   200 3340s
 21862 17215 15258.4327   66  205 16777.2600 14725.3060  12.2%   201 3361s
 21946 17336 15578.1557   95  104 16777.2600 14725.3060  12.2%   202 3404s
 22112 17541 16438.6444  139   77 16777.2600 14725.4100  12.2%   202 3439s
 22132 17543 16585.6900  157   17 16777.2600 14725.4100  12.2%   202 3440s
 22380 17601     cutoff  155      16777.2600 14725.4409  12.2%   202 3545s
 22485 17747 15117.4149   39  435 16777.2600 14725.4409  12.2%   203 3575s
 22620 17836 16704.1900  157   10 16777.2600 14727.3524  12.2%   203 3600s

Cutting planes:
  User: 4155
  Gomory: 19
  Cover: 397
  Implied bound: 139
  Projected implied bound: 6
  Clique: 54
  MIR: 90
  StrongCG: 2
  Flow cover: 308
  GUB cover: 1
  Zero half: 18
  Network: 4
  RLT: 268
  Relax-and-lift: 8
  Lazy constraints: 8255

Explored 22726 nodes (4630800 simplex iterations) in 3601.05 seconds
Thread count was 2 (of 32 available processors)

Solution count 10: 16777.3 16827.2 16894.2 ... 18826.9

Time limit reached
Best objective 1.677726000000e+04, best bound 1.472735235612e+04, gap 12.2184%

User-callback calls 638642, time in user-callback 144.25 sec
================================================================================
executing instance: ./input/Instances/Original/1/absH3high_2n45.dat
--------------------------------------------------------------------------------
Instance details
n	46
H	3
C	3171
Li:
[0, 0, 0, 0, 0, 0, 0, 0, 0, 0, 0, 0, 0, 0, 0, 0, 0, 0, 0, 0, 0, 0, 0, 0, 0, 0, 0, 0, 0, 0, 0, 0, 0, 0, 0, 0, 0, 0, 0, 0, 0, 0, 0, 0, 0, 0, ]
Ui:
[0, 246, 160, 78, 20, 87, 144, 40, 20, 82, 60, 96, 24, 136, 160, 108, 160, 26, 228, 51, 24, 240, 231, 70, 32, 105, 174, 114, 246, 126, 132, 76, 22, 42, 255, 132, 148, 162, 66, 111, 102, 240, 123, 201, 297, 78, ]
Distance matrix:
|0	148	402	550	329	420	187	318	366	280	504	273	233	333	112	344	379	481	113	593	159	523	261	424	90	359	163	461	413	240	105	299	265	89	371	462	339	273	495	22	41	439	369	506	563	468	|
|148	0	284	517	394	284	136	369	244	311	496	166	329	355	223	202	338	388	204	565	254	506	118	346	71	423	173	471	336	118	105	352	198	105	248	428	302	305	487	153	179	441	230	497	517	370	|
|402	284	0	350	448	80	228	406	42	343	382	129	456	350	412	126	219	131	382	395	410	371	180	137	314	466	289	400	137	167	389	401	169	316	39	280	217	342	373	394	414	362	108	380	324	106	|
|550	517	350	0	339	429	385	308	374	295	93	375	431	249	481	461	180	239	458	48	445	57	474	214	496	333	387	160	216	424	601	321	320	471	376	90	217	301	93	530	534	146	452	88	52	262	|
|329	394	448	339	0	513	282	42	438	105	255	363	115	108	221	484	259	431	217	365	172	289	436	362	333	30	224	189	353	380	423	47	291	296	443	285	240	107	251	307	294	193	495	260	378	437	|
|420	284	80	429	513	0	267	473	76	408	462	163	509	421	449	86	298	201	421	474	455	451	167	217	330	533	333	478	217	181	386	466	225	341	70	360	291	406	453	416	438	440	59	460	400	176	|
|187	136	228	385	282	267	0	249	199	186	360	104	248	224	184	214	207	294	155	432	189	371	155	237	113	308	68	336	227	101	216	236	78	98	205	296	168	181	350	174	190	305	231	360	390	283	|
|318	369	406	308	42	473	249	0	397	66	229	325	128	67	216	447	218	389	206	337	168	260	402	320	311	61	196	167	311	345	406	19	252	275	403	248	198	70	223	296	286	164	457	233	344	395	|
|366	244	42	374	438	76	199	397	0	332	397	96	436	346	383	90	228	168	354	420	385	389	139	161	277	458	263	408	158	128	349	391	150	282	6	298	218	331	388	359	380	370	78	395	352	144	|
|280	311	343	295	105	408	186	66	332	0	231	259	142	53	191	380	171	337	173	332	150	257	337	267	258	127	139	182	258	280	359	58	186	223	338	222	143	6	224	258	254	164	390	234	323	340	|
|504	496	382	93	255	462	360	229	397	231	0	375	356	180	422	478	173	293	403	110	381	36	474	248	463	245	345	68	246	419	568	244	308	433	400	104	200	237	9	482	482	67	474	5	142	312	|
|273	166	129	375	363	163	104	325	96	259	375	0	347	283	288	121	202	221	259	423	292	376	99	183	186	386	170	370	175	52	269	315	76	187	102	288	177	256	365	265	285	333	133	374	365	204	|
|233	329	456	431	115	509	248	128	436	142	356	347	0	181	121	462	311	472	128	463	76	386	398	403	260	141	180	294	392	349	334	111	287	224	442	362	280	139	350	212	194	289	479	360	463	472	|
|333	355	350	249	108	421	224	67	346	53	180	283	181	0	244	403	152	324	226	283	201	207	369	256	307	118	186	129	247	311	409	74	208	273	351	183	136	59	173	311	307	113	410	183	282	331	|
