




arguments: ./build/bc_mirp -f ./input/orig_exec_214.cfg
Current dir: /scratch/gui/bc_mirp
File verbosity level: 9
date       time         ( uptime  ) [ thread name/id ]                   file:line     v| 
2021-02-14 08:35:50.245 (   0.332s) [main thread     ]             loguru.cpp:789   INFO| Logging to './output/vi_vc+lex_full/OU/V3/Original/execution_14_02_2021_08_35_50.log', mode: 'a', verbosity: 9
--------------------------------------------------------------------------------
Parameters
                           instance_path           ./input/Instances/Original/5/
                            model_policy                                       1
                             nb_vehicles                                       3
                              output_dir ./output/vi_vc+lex_full/OU/V3/Original/
                            sec_strategy                                       1
                       solver_nb_threads                                       2
                         solver_show_log                                    true
                       solver_time_limit                                    3600
                              use_vi_cos                                   false
                              use_vi_cus                                   false
                         use_vi_hc1_full                                   false
                         use_vi_hc1_half                                   false
                      use_vi_hc1_quarter                                   false
                              use_vi_hc2                                   false
                              use_vi_hc3                                   false
                         use_vi_lex_full                                    true
                         use_vi_lex_half                                   false
                      use_vi_lex_quarter                                   false
                              use_vi_qua                                   false
                               use_vi_vc                                    true
                               use_vi_vr                                   false
--------------------------------------------------------------------------------
executing instance: ./input/Instances/Original/5/absH3low_4n50.dat
--------------------------------------------------------------------------------
Instance details
n	51
H	3
C	4066
Li:
[0, 0, 0, 0, 0, 0, 0, 0, 0, 0, 0, 0, 0, 0, 0, 0, 0, 0, 0, 0, 0, 0, 0, 0, 0, 0, 0, 0, 0, 0, 0, 0, 0, 0, 0, 0, 0, 0, 0, 0, 0, 0, 0, 0, 0, 0, 0, 0, 0, 0, 0, ]
Ui:
[0, 108, 126, 122, 66, 120, 48, 30, 128, 54, 158, 198, 36, 66, 210, 234, 147, 297, 171, 128, 116, 120, 219, 70, 294, 207, 134, 128, 234, 122, 22, 183, 195, 255, 132, 124, 66, 189, 219, 66, 128, 102, 288, 66, 87, 136, 36, 39, 282, 36, 237, ]
Distance matrix:
|0	210	444	498	509	104	438	228	487	304	456	434	526	476	163	47	293	396	293	290	313	85	280	437	293	336	409	106	449	376	433	478	193	404	404	534	278	181	380	507	189	438	263	473	353	216	202	218	452	254	465	|
|210	0	299	507	359	106	345	409	358	411	320	402	555	448	136	200	289	264	306	427	141	222	83	348	264	320	283	303	380	208	258	357	170	348	475	542	243	347	355	379	65	479	172	373	355	251	112	229	402	210	300	|
|444	299	0	363	65	358	116	542	66	440	26	241	425	272	282	407	251	51	276	490	159	397	224	124	217	237	48	490	170	99	83	74	261	180	430	385	214	479	231	85	270	390	184	116	271	300	409	276	210	215	54	|
|498	507	363	0	385	482	246	424	326	254	343	123	63	93	388	452	221	337	211	314	428	414	480	239	243	187	324	463	194	418	438	307	346	188	156	36	264	392	156	326	444	87	340	258	154	286	603	294	153	297	417	|
|509	359	65	385	0	422	145	602	59	492	59	269	448	292	348	472	305	115	329	545	218	462	281	152	274	286	106	554	192	153	116	78	326	216	472	403	274	540	271	63	334	425	249	127	316	361	468	337	233	278	69	|
|104	106	358	482	422	0	372	309	408	337	374	396	521	441	98	96	262	314	271	342	215	124	177	373	249	302	329	198	394	281	337	402	139	353	419	518	230	250	343	428	90	437	188	405	328	200	134	188	406	199	372	|
|438	345	116	246	145	372	0	485	87	357	97	126	309	155	279	394	180	101	200	414	223	373	288	8	157	150	84	459	53	188	196	68	245	72	328	269	165	427	128	97	297	280	184	36	175	250	456	233	94	184	170	|
|228	409	542	424	602	309	485	0	561	170	544	419	424	446	298	214	305	491	286	115	462	187	457	480	331	339	496	124	470	510	565	545	295	424	279	454	329	66	376	576	363	340	370	520	330	242	429	266	453	328	581	|
|487	358	66	326	59	408	87	561	0	441	40	211	389	233	324	446	258	95	281	497	220	431	287	95	230	234	79	522	133	164	146	19	297	160	415	344	233	500	215	21	323	367	224	68	261	320	470	299	174	242	106	|
|304	411	440	254	492	337	357	170	441	0	434	266	255	286	275	266	189	392	164	63	408	225	428	351	224	207	392	234	330	438	484	424	250	287	112	284	232	149	233	453	349	170	302	389	185	168	471	195	305	248	487	|
|456	320	26	343	59	374	97	544	40	434	0	223	406	252	294	418	247	60	271	487	181	405	247	105	215	229	49	498	149	124	109	48	270	165	419	364	215	482	218	60	288	375	194	92	261	302	431	279	190	220	75	|
|434	402	241	123	269	396	126	419	211	266	223	0	185	46	298	387	140	213	145	328	310	355	366	118	147	97	201	425	78	295	315	191	256	65	211	151	166	371	53	215	343	157	231	145	90	220	505	217	41	198	295	|
|526	555	425	63	448	521	309	424	389	255	406	185	0	156	430	481	266	398	252	310	485	442	534	301	293	237	386	480	257	478	500	370	390	249	145	55	313	401	212	389	491	89	392	321	201	322	646	334	216	345	479	|
|476	448	272	93	292	441	155	446	233	286	252	46	156	0	343	429	183	250	184	348	353	396	411	148	192	140	236	461	102	334	350	214	302	106	214	113	212	402	98	233	389	151	277	165	125	261	551	260	62	244	325	|
|163	136	282	388	348	98	279	298	324	275	294	298	430	343	0	124	167	234	178	296	167	121	162	279	151	205	247	216	297	224	280	316	42	256	340	423	132	232	246	344	74	349	100	314	233	115	216	97	308	101	307	|
|47	200	407	452	472	96	394	214	446	266	418	387	481	429	124	0	246	358	245	259	284	41	261	392	247	289	370	103	403	345	402	436	150	358	361	488	232	158	333	466	165	393	223	430	306	168	217	171	406	210	431	|
|293	289	251	221	305	262	180	305	258	189	247	140	266	183	167	246	0	204	26	240	238	215	276	175	37	43	203	289	169	255	297	242	125	122	202	257	52	248	87	272	225	191	134	215	67	80	382	77	163	81	298	|
|396	264	51	337	115	314	101	491	95	392	60	213	398	250	234	358	204	0	229	442	130	347	196	108	169	194	19	440	152	87	102	93	211	149	390	363	165	428	194	116	228	355	134	117	230	250	376	225	189	164	95	|
|293	306	276	211	329	271	200	286	281	164	271	145	252	184	178	245	26	229	0	216	262	212	297	195	63	53	228	280	184	280	323	264	138	137	178	248	76	232	95	294	241	173	156	234	60	77	395	83	172	102	324	|
|290	427	490	314	545	342	414	115	497	63	487	328	310	348	296	259	240	442	216	0	443	220	456	408	273	264	443	204	390	479	529	480	278	346	165	343	278	115	293	509	369	229	340	447	244	202	473	230	366	288	536	|
|313	141	159	428	218	215	223	462	220	408	181	310	485	353	167	284	238	130	262	443	0	288	67	228	202	252	149	382	267	67	122	221	168	247	440	459	186	396	273	241	125	423	107	245	291	242	251	214	297	162	160	|
|85	222	397	414	462	124	373	187	431	225	405	355	442	396	121	41	215	347	212	220	288	0	273	371	221	258	357	95	378	344	401	420	136	331	321	450	208	126	302	450	177	353	213	409	272	136	253	143	377	190	426	|
|280	83	224	480	281	177	288	457	287	428	247	366	534	411	162	261	276	196	297	456	67	273	0	292	243	298	215	363	329	128	176	288	179	305	475	513	224	392	324	307	96	466	143	311	335	261	187	235	357	195	219	|
|437	348	124	239	152	373	8	480	95	351	105	118	301	148	279	392	175	108	195	408	228	371	292	0	154	144	91	456	46	194	203	76	244	65	320	261	163	423	121	103	299	273	185	40	168	247	459	230	86	183	178	|
|293	264	217	243	274	249	157	331	230	224	215	147	293	192	151	247	37	169	63	273	202	221	243	154	0	57	170	303	157	217	260	215	110	111	238	278	21	271	94	245	201	223	100	193	92	93	362	78	160	54	263	|
|336	320	237	187	286	302	150	339	234	207	229	97	237	140	205	289	43	194	53	264	252	258	298	144	57	0	190	331	131	257	294	216	163	84	197	221	77	285	44	246	258	172	155	183	39	123	418	119	120	110	288	|
|409	283	48	324	106	329	84	496	79	392	49	201	386	236	247	370	203	19	228	443	149	357	215	91	170	190	0	449	136	105	114	75	221	138	384	349	168	434	185	99	245	346	146	98	224	255	394	231	174	171	99	|
|106	303	490	463	554	198	459	124	522	234	498	425	480	461	216	103	289	440	280	204	382	95	363	456	303	331	449	0	458	439	496	510	229	410	344	498	293	89	374	540	267	391	307	495	336	211	308	226	451	280	520	|
|449	380	170	194	192	394	53	470	133	330	149	78	257	102	297	403	169	152	184	390	267	378	329	46	157	131	136	458	0	238	249	114	259	47	287	216	171	416	96	137	327	235	211	67	145	247	488	235	41	197	223	|
|376	208	99	418	153	281	188	510	164	438	124	295	478	334	224	345	255	87	280	479	67	344	128	194	217	257	105	439	238	0	57	169	216	230	453	445	206	445	268	184	191	427	141	202	296	278	315	250	274	191	92	|
|433	258	83	438	116	337	196	565	146	484	109	315	500	350	280	402	297	102	323	529	122	401	176	203	260	294	114	496	249	57	0	157	271	252	490	463	251	499	296	162	247	457	195	199	331	329	362	302	288	241	47	|
|478	357	74	307	78	402	68	545	19	424	48	191	370	214	316	436	242	93	264	480	221	420	288	76	215	216	75	510	114	169	157	0	287	141	396	325	219	485	196	31	319	347	216	49	243	306	469	286	154	230	120	|
|193	170	261	346	326	139	245	295	297	250	270	256	390	302	42	150	125	211	138	278	168	136	179	244	110	163	221	229	259	216	271	287	0	216	305	382	91	229	204	316	105	310	78	280	192	83	257	60	268	62	292	|
|404	348	180	188	216	353	72	424	160	287	165	65	249	106	256	358	122	149	137	346	247	331	305	65	111	84	138	410	47	230	252	141	216	0	255	215	126	369	56	168	292	210	177	102	103	200	454	189	54	155	234	|
|404	475	430	156	472	419	328	279	415	112	419	211	145	214	340	361	202	390	178	165	440	321	475	320	238	197	384	344	287	453	490	396	305	255	0	181	254	261	201	422	410	69	335	353	160	225	551	246	252	280	482	|
|534	542	385	36	403	518	269	454	344	284	364	151	55	113	423	488	257	363	248	343	459	450	513	261	278	221	349	498	216	445	463	325	382	215	181	0	298	425	189	342	479	115	373	276	190	323	638	330	175	332	439	|
|278	243	214	264	274	230	165	329	233	232	215	166	313	212	132	232	52	165	76	278	186	208	224	163	21	77	168	293	171	206	251	219	91	126	254	298	0	267	114	250	181	242	82	202	112	88	341	68	177	33	258	|
|181	347	479	392	540	250	427	66	500	149	482	371	401	402	232	158	248	428	232	115	396	126	392	423	271	285	434	89	416	445	499	485	229	369	261	425	267	0	325	516	298	313	305	463	281	180	375	203	403	264	516	|
|380	355	231	156	271	343	128	376	215	233	218	53	212	98	246	333	87	194	95	293	273	302	324	121	94	44	185	374	96	268	296	196	204	56	201	189	114	325	0	224	294	161	185	157	49	167	455	163	78	147	284	|
|507	379	85	326	63	428	97	576	21	453	60	215	389	233	344	466	272	116	294	509	241	450	307	103	245	246	99	540	137	184	162	31	316	168	422	342	250	516	224	0	344	371	244	70	271	337	490	317	176	261	120	|
|189	65	270	444	334	90	297	363	323	349	288	343	491	389	74	165	225	228	241	369	125	177	96	299	201	258	245	267	327	191	247	319	105	292	410	479	181	298	294	344	0	414	116	328	291	187	163	165	345	147	282	|
|438	479	390	87	425	437	280	340	367	170	375	157	89	151	349	393	191	355	173	229	423	353	466	273	223	172	346	391	235	427	457	347	310	210	69	115	242	313	161	371	414	0	323	301	133	238	565	253	197	273	444	|
|263	172	184	340	249	188	184	370	224	302	194	231	392	277	100	223	134	134	156	340	107	213	143	185	100	155	146	307	211	141	195	216	78	177	335	373	82	305	185	244	116	323	0	217	192	138	278	110	230	55	214	|
|473	373	116	258	127	405	36	520	68	389	92	145	321	165	314	430	215	117	234	447	245	409	311	40	193	183	98	495	67	202	199	49	280	102	353	276	202	463	157	70	328	301	217	0	205	286	485	269	106	220	167	|
|353	355	271	154	316	328	175	330	261	185	261	90	201	125	233	306	67	230	60	244	291	272	335	168	92	39	224	336	145	296	331	243	192	103	160	190	112	281	49	271	291	133	192	205	0	138	449	141	123	145	323	|
|216	251	300	286	361	200	250	242	320	168	302	220	322	261	115	168	80	250	77	202	242	136	261	247	93	123	255	211	247	278	329	306	83	200	225	323	88	180	167	337	187	238	138	286	138	0	328	28	243	88	340	|
|202	112	409	603	468	134	456	429	470	471	431	505	646	551	216	217	382	376	395	473	251	253	187	459	362	418	394	308	488	315	362	469	257	454	551	638	341	375	455	490	163	565	278	485	449	328	0	313	508	308	406	|
|218	229	276	294	337	188	233	266	299	195	279	217	334	260	97	171	77	225	83	230	214	143	235	230	78	119	231	226	235	250	302	286	60	189	246	330	68	203	163	317	165	253	110	269	141	28	313	0	235	61	315	|
|452	402	210	153	233	406	94	453	174	305	190	41	216	62	308	406	163	189	172	366	297	377	357	86	160	120	174	451	41	274	288	154	268	54	252	175	177	403	78	176	345	197	230	106	123	243	508	235	0	207	264	|
|254	210	215	297	278	199	184	328	242	248	220	198	345	244	101	210	81	164	102	288	162	190	195	183	54	110	171	280	197	191	241	230	62	155	280	332	33	264	147	261	147	273	55	220	145	88	308	61	207	0	253	|
|465	300	54	417	69	372	170	581	106	487	75	295	479	325	307	431	298	95	324	536	160	426	219	178	263	288	99	520	223	92	47	120	292	234	482	439	258	516	284	120	282	444	214	167	323	340	406	315	264	253	0	|

--------------------------------------------------------------------------------
Building model...
	using lazy and cut (CVRPSEP package)
Solving IRP LP...
--------------------------------------------------------------------------------

Gurobi 9.1.0 (linux64) logging started Sun Feb 14 08:35:50 2021

Gurobi Optimizer version 9.1.0 build v9.1.0rc0 (linux64)
Thread count: 32 physical cores, 32 logical processors, using up to 2 threads
Optimize a model with 1587 rows, 12588 columns and 29202 nonzeros
Model fingerprint: 0xc2c6c9d2
Variable types: 654 continuous, 11934 integer (459 binary)
Coefficient statistics:
  Matrix range     [1e+00, 2e+15]
  Objective range  [1e-02, 6e+02]
  Bounds range     [1e+00, 3e+02]
  RHS range        [1e+00, 7e+03]
Warning: Model contains large matrix coefficient range
         Consider reformulating model or setting NumericFocus parameter
         to avoid numerical issues.
Presolve removed 472 rows and 665 columns
Presolve time: 0.18s
Presolved: 1115 rows, 11923 columns, 26270 nonzeros
Variable types: 396 continuous, 11527 integer (11060 binary)

Root relaxation: objective 3.386470e+03, 1258 iterations, 0.04 seconds

    Nodes    |    Current Node    |     Objective Bounds      |     Work
 Expl Unexpl |  Obj  Depth IntInf | Incumbent    BestBd   Gap | It/Node Time

     0     0 3386.47047    0  159          - 3386.47047      -     -    0s
     0     0 3686.43077    0  125          - 3686.43077      -     -    1s
     0     0 3686.77514    0  125          - 3686.77514      -     -    1s
     0     0 4330.28063    0  248          - 4330.28063      -     -    1s
     0     0 4412.37855    0  228          - 4412.37855      -     -    1s
     0     0 4426.61318    0  208          - 4426.61318      -     -    1s
     0     0 4441.00049    0  264          - 4441.00049      -     -    1s
     0     0 4446.67447    0  250          - 4446.67447      -     -    1s
     0     0 4449.82355    0  257          - 4449.82355      -     -    2s
     0     0 4452.76487    0  276          - 4452.76487      -     -    2s
     0     0 4453.05866    0  279          - 4453.05866      -     -    2s
     0     0 4579.93447    0  364          - 4579.93447      -     -    2s
     0     0 4606.85530    0  381          - 4606.85530      -     -    2s
     0     0 4611.64024    0  367          - 4611.64024      -     -    3s
     0     0 4612.18515    0  357          - 4612.18515      -     -    3s
     0     0 4655.55426    0  385          - 4655.55426      -     -    3s
     0     0 4660.93772    0  458          - 4660.93772      -     -    3s
     0     0 4665.32627    0  440          - 4665.32627      -     -    3s
     0     0 4665.71141    0  468          - 4665.71141      -     -    3s
     0     0 4680.10663    0  350          - 4680.10663      -     -    4s
     0     0 4681.74631    0  440          - 4681.74631      -     -    4s
     0     0 4691.86900    0  387          - 4691.86900      -     -    4s
     0     0 4691.86900    0  387          - 4691.86900      -     -    4s
     0     0 4691.86900    0  387          - 4691.86900      -     -    6s
     0     2 4705.02582    0  358          - 4705.02582      -     -    6s
    42    47 4840.43798   10  336          - 4705.02582      -   327   10s
   251   277 infeasible   21               - 4705.02582      -   133   15s
   567   534 5435.05890   43  228          - 4705.02582      -  84.8   20s
   745   699 7626.85000  222  166          - 4705.02582      -  84.5   25s
   760   709 8577.96000  259  583          - 4736.43627      -  82.8   30s
   771   717 5481.37165   73  567          - 4753.49178      -  81.6   39s
   772   717 4914.29875   17  628          - 4757.27447      -  81.5   40s
   787   727 7320.04000  204  543          - 4768.50375      -  80.0   45s
   802   738 8063.73366  243  160          - 4770.41341      -  95.1   50s
   815   747 5519.33301   78  544          - 4770.73336      -  93.6   55s
   818   749 6375.67517  131  500          - 4771.02518      -  93.2   61s
   819   753 4777.12600   21  501          - 4772.21391      -   103   65s
   829   761 4819.77836   24  337          - 4808.09727      -   107   70s
   869   789 4905.27251   36  210          - 4814.92748      -   122   75s
   954   847 5396.17518   63  148          - 4814.92748      -   131   80s
  1146   993 6325.02377  146   43          - 4814.92748      -   126   85s
  1398  1104 4871.22187   26  330          - 4820.51267      -   115   90s
  1487  1175 4891.77185   29  343          - 4820.51267      -   117   98s
  1517  1191 4963.87630   34  243          - 4820.51267      -   117  100s
  1706  1343 8502.45730  194   21          - 4820.51267      -   111  105s
  1804  1366 5232.59931   61  144          - 4820.51267      -   108  110s
  1908  1442 5522.52936   97   82          - 4820.51267      -   109  115s
  1949  1481 5692.90481  104  103          - 4820.51267      -   110  123s
  2011  1501 5136.19806   39  217          - 4820.51267      -   109  125s
  2130  1653 6352.02951  177   99          - 4820.51267      -   109  131s
  2309  1760 6836.19000  207   19          - 4820.51267      -   104  140s
  2493  1804 4983.57970   25  371          - 4822.53297      -  99.3  145s
  2642  1950 5091.39824   32  335          - 4822.53297      -  97.6  152s
  2888  2063 5198.15592   49  132          - 4822.53297      -  92.2  157s
  3017  2061 5291.40518   53  193          - 4822.53297      -  90.1  160s
  3112  2308 5545.55700   88   12          - 4822.53297      -  91.5  167s
  3321  2363 6154.41000  139   22          - 4823.36396      -  87.1  170s
  3419  2414 4927.20039   28  302          - 4823.36396      -  87.6  183s
  3437  2440 5004.70462   33  323          - 4823.36396      -  88.7  185s
  3517  2547 5047.74475   40  119          - 4823.36396      -  89.7  190s
  3613  2674 5164.95575   53  165          - 4823.36396      -  90.8  196s
  3702  2898 5266.66412   67   60          - 4823.36396      -  90.4  200s
  4018  3139 5438.30410   76  152          - 4823.36396      -  84.8  206s
  4286  3223 5971.55206   89   65          - 4823.36396      -  81.7  210s
  4420  3309 5151.81276   29  364          - 4823.36396      -  82.0  215s
  4422  3433 6071.33451  169   25          - 4823.44146      -  82.2  221s
  4636  3497 4888.03272   26  433          - 4823.44146      -  80.3  225s
  4688  3555 5012.01950   35  254          - 4823.44146      -  82.3  232s
  4713  3595 5028.77500   37  324          - 4823.44146      -  82.9  235s
  4753  3735 5137.79858   44  244          - 4823.44146      -  84.0  242s
  4933  3847 5191.31179   49  267          - 4823.44146      -  82.5  247s
  5091  3891 5243.21399   49  254          - 4823.44146      -  81.3  251s
  5108  3905 5284.57976   53  247          - 4823.44146      -  82.6  255s
  5122  3923 5400.00936   59   88          - 4823.44146      -  83.7  262s
  5140  3944 5360.43536   63  104          - 4823.44146      -  84.5  265s
  5194  4014 5497.52287   79  260          - 4823.44146      -  86.6  273s
  5231  4111 5526.97114   90   16          - 4823.44146      -  87.8  277s
  5362  4168 5757.14747  101   75          - 4823.44146      -  87.9  289s
  5436  4234 4955.67100   24  576          - 4823.44146      -  89.1  294s
  5485  4367 5160.80717   24  565          - 4825.13564      -  90.2  300s
  5628  4450 5046.59011   25  454          - 4825.13564      -  89.7  308s
  5802  4510 5165.10904   30  234          - 4825.13564      -  89.2  314s
  5814  4546 5327.84167   38  214          - 4825.13564      -  91.0  323s
  5850  4617 5392.68324   59  156          - 4825.13564      -  92.1  329s
  5867  4617 5418.56095   73   69          - 4825.13564      -  92.2  330s
  5921  4732 5579.78983  101   46          - 4829.91316      -  92.5  336s
  6076  4788 5050.04944   25  400          - 4829.91316      -  92.0  341s
  6113  4820 5191.38484   40  299          - 4829.91316      -  92.9  346s
  6145  4866 5343.64794   50  190          - 4829.91316      -  94.2  351s
  6191  4976 5385.84452   57   46          - 4829.91316      -  95.4  361s
  6307  5089 5647.46273  102    9          - 4829.91316      -  95.8  370s
  6449  5311 5775.99046  110   55          - 4836.31750      -  96.0  379s
  6521  5318 6604.73703  140   15          - 4836.62933      -  96.4  380s
  6804  5412 5190.04171   28  370          - 4836.62933      -  93.2  385s
  6831  5454 5337.12748   32  340          - 4836.62933      -  94.4  390s
  6873  5494 5410.58747   39  193          - 4836.62933      -  95.4  407s
  6913  5659 5603.95911   47  142          - 4836.62933      -  95.9  413s
  7090  5749 5813.48699   70  123          - 4846.57300      -  95.2  419s
  7124  5749 5890.12097   92   91          - 4846.57300      -  95.0  420s
  7198  5778 5049.52847   29  298          - 4846.57300      -  95.4  425s
  7222  5864 5255.68192   38  274          - 4846.57300      -  96.7  433s
  7308  5953 5538.15412   63  205          - 4846.57300      -  97.9  453s
  7397  6346 5811.56356   93   92          - 4847.12761      -  98.7  466s
  7852  6583 4973.89475   28  357          - 4847.12761      -  95.9  479s
  8020  6598 7257.51806  243   13          - 4847.12761      -  95.5  480s
  8137  6676 5057.74148   36  246          - 4847.12761      -  94.5  489s
  8193  6801 5163.90976   46  200          - 4847.12761      -  95.7  497s
  8318  6997 5443.00580   64  137          - 4847.12761      -  96.6  505s
  8516  7484 5880.07087  107   79          - 4847.34845      -  96.5  517s
  8943  7493 8110.22000  209    6          - 4847.44401      -  93.8  520s
  9098  7595 5054.41495   30  269          - 4847.44401      -  92.8  531s
  9168  7685 5364.75402   56  135          - 4847.44401      -  93.7  538s
  9258  7957 5512.35116   79   65          - 4858.09865      -  94.6  547s
  9564  8242 5097.47579   28  379          - 4858.09865      -  94.0  583s
  9745  8245 6862.61000  202    2          - 4858.09865      -  93.4  585s
  9868  8489 5281.70512   46  199          - 4858.09865      -  92.5  594s
  9985  8489 6064.12473  106   54          - 4858.09865      -  92.8  595s
 10157  8814 5734.04226   88  105          - 4858.09865      -  92.1  604s
 10208  8814 5794.92522  117   20          - 4858.09865      -  92.0  605s
 10478  9004 6622.80635  137   58          - 4861.74575      -  91.1  615s
 10699  9012 infeasible  215               - 4861.74575      -  89.8  620s
 10729  9059 5047.11535   31  333          - 4861.74575      -  90.8  627s
 10776  9189 5230.10016   42  271          - 4861.74575      -  91.6  636s
 10964  9291 5455.29782   67  196          - 4861.74575      -  91.7  645s
 11049  9448 5829.27933   94   43          - 4866.49030      -  92.6  654s
 11222  9461 7860.23000  200    -          - 4866.49030      -  91.6  655s
 11250  9515 5141.55459   35  267          - 4866.49030      -  92.4  703s
 11295  9656 5675.29793   49  223          - 4866.49030      -  93.6  711s
 11436 10162 6009.94154   95   24          - 4866.49030      -  94.1  722s
 11998 10486 7187.77367  227   24          - 4866.49293      -  91.7  734s
 12032 10490 8332.58000  268    -          - 4866.49293      -  91.5  735s
 12412 10711 5360.40570   50  210          - 4866.49293      -  90.4  746s
 12640 10952 5873.76571   74   64          - 4867.78266      -  90.1  756s
 12904 11007 4984.02696   34  331          - 4867.78266      -  89.7  764s
 12944 11070 5429.47320   51  224          - 4867.78266      -  90.6  772s
 13007 11321 5672.19502   73  132          - 4867.78266      -  91.4  788s
 13258 11554 6664.13214  191    8          - 4869.45099      -  91.1  799s
 13394 11559 7455.33378  252   21          - 4869.45099      -  90.5  800s
 13577 11616 4889.81980   29  495          - 4869.45099      -  90.6  808s
 13619 11691 5099.38481   34  467          - 4869.45099      -  91.4  815s
 13694 11793 5238.54693   52  351          - 4869.45099      -  92.0  824s
 13798 11999 5492.28092   72  245          - 4869.45099      -  92.5  832s
 14018 12274 5839.67865  105   71          - 4869.45099      -  92.6  842s
 14340 12514 7004.63000  187   16          - 4869.86518      -  91.9  852s
 14689 12706 5189.30525   37  394          - 4869.86518      -  90.7  862s
 14819 12938 5532.17826   56  215          - 4869.86518      -  90.9  900s
 15064 13146 5700.74610   75  132          - 4869.86518      -  90.5  910s
 15322 13351 6103.51000  104   55          - 4871.28478      -  90.2  919s
 15390 13351 6338.09300  161   12          - 4871.28478      -  90.0  920s
 15552 13418 4935.08848   27  434          - 4871.28478      -  89.8  927s
 15592 13474 5101.85329   35  456          - 4871.28478      -  90.5  935s
 15648 13562 5189.76018   45  364          - 4871.28478      -  91.2  975s
 15738 13745 5274.56105   52  340          - 4871.28478      -  91.7  986s
 16054 13922 5347.17171   64  180          - 4871.28478      -  91.2  996s
 16071 13922 5476.48843   74   58          - 4871.28478      -  91.3 1001s
 16254 14043 5668.84473   88   78          - 4879.16488      -  91.2 1010s
 16372 14121 5909.71891  112  117          - 4881.27943      -  91.2 1017s
 16463 14169 5244.10460   33  319          - 4881.27943      -  91.7 1025s
 16494 14219 5438.07825   43  206          - 4881.27943      -  92.2 1033s
 16544 14298 5751.68948   55  207          - 4881.27943      -  92.7 1041s
 16623 14450 5962.09530   67   67          - 4881.27943      -  93.2 1050s
 16823 14678 6093.81162   92   50          - 4881.27943      -  93.1 1060s
 17057 14993 6408.73417  172   85          - 4883.38747      -  92.7 1072s
 17469 15158 5038.41158   37  267          - 4883.38747      -  91.5 1086s
 17578 15353 5322.46379   44  283          - 4883.38747      -  91.9 1098s
 17785 15381 7613.63000  169    8          - 4883.38747      -  91.7 1100s
 17879 15570 5584.32874   64  141          - 4883.38747      -  91.3 1108s
 18047 15721 6704.78830  135   57          - 4883.88482      -  91.4 1117s
 18238 15869 5072.80563   33  289          - 4883.88482      -  91.4 1138s
 18369 15965 5527.48366   50  193          - 4883.88482      -  91.7 1147s
 18517 16051 5772.39532   78  179          - 4883.88482      -  91.9 1155s
 18592 16190 6357.14018  104  133          - 4886.13287      -  92.3 1166s
 18761 16256 4924.17614   28  503          - 4886.13287      -  92.3 1175s
 18814 16328 5135.70106   34  488          - 4886.13287      -  92.8 1185s
 18920 16379 5303.68957   43  351          - 4886.13287      -  92.9 1194s
 18984 16400 5235.16699   34  301          - 4886.13287      -  93.1 1195s
 18996 16440 5394.96397   45  379          - 4886.13287      -  93.3 1202s
 19036 16518 5551.21013   54  228          - 4886.13287      -  93.7 1211s
 19114 16675 5755.43884   68  111          - 4886.13287      -  94.1 1225s
 19271 17122 6053.66190   94   64          - 4886.13287      -  94.2 1239s
 19305 17122 6094.71830  123   96          - 4886.13287      -  94.1 1240s
 19960 17576 6508.02186  140   43          - 4888.33055      -  91.9 1254s
 19977 17576 6593.95759  144   82          - 4888.33055      -  91.9 1255s
 20431 17678 5030.43541   27  276          - 4889.29188      -  90.7 1267s
 20465 17754 5197.78111   47   92          - 4889.29188      -  91.1 1275s
 20541 17855 5559.18577   68   30          - 4889.29188      -  91.6 1284s
 20642 17960 6121.67740   98   32          - 4889.52241      -  91.9 1296s
 20771 18147 4940.91918   30  464          - 4889.52241      -  91.9 1307s
 20966 18187 5166.74569   38  348          - 4889.52241      -  91.8 1317s
 21102 18275 5287.23570   48  297          - 4889.52241      -  91.8 1325s
 21137 18327 5406.24039   53  205          - 4889.52241      -  92.2 1333s
 21189 18385 5501.70091   65  317          - 4889.52241      -  92.7 1343s
 21249 18489 5689.39177   79  196          - 4889.52241      -  93.1 1351s
 21352 18751 5765.21111  100  131          - 4889.52241      -  93.4 1363s
 21671 18785 6641.40000  169    5          - 4889.52241      -  92.8 1365s
 21722 18969 6901.24737  163   14          - 4891.77185      -  92.7 1375s
 21947 19029 4969.54860   31  472          - 4891.77185      -  92.4 1383s
 21977 19054 5224.61834   37  413          - 4891.77185      -  92.9 1391s
 22002 19100 5265.43779   40  444          - 4891.77185      -  93.3 1399s
 22048 19192 5490.27534   55  279          - 4891.77185      -  93.8 1407s
 22140 19381 5670.72788   69   57          - 4891.77185      -  94.1 1423s
 22325 19381 6745.64362  155   90          - 4891.77185      -  94.3 1425s
 22341 19744 6147.86230   91   75          - 4891.77185      -  94.3 1440s
 22806 19895 7108.89040  135   57          - 4894.14221      -  93.2 1451s
 22931 19986 5104.60467   35  231          - 4894.14221      -  93.4 1460s
 23014 20129 5474.10741   46  194          - 4894.14221      -  93.7 1471s
 23226 20188 5676.00016   56   66          - 4894.14221      -  93.5 1480s
 23303 20331 5968.66381   68   46          - 4894.14221      -  93.7 1489s
 23417 20341 6989.76557  150   17          - 4894.14221      -  93.6 1490s
 23461 20428 6384.09319   87  126          - 4896.21416      -  93.7 1501s
 23571 20461 5048.91409   29  519          - 4896.21416      -  93.8 1509s
 23587 20487 5134.95014   35  434          - 4896.21416      -  94.0 1519s
 23598 20487 5328.33631   50  241          - 4896.21416      -  94.2 1520s
 23613 20539 5231.43650   44  288          - 4896.21416      -  94.4 1527s
 23665 20743 5718.35244   61   46          - 4896.21416      -  94.8 1540s
 23869 20951 6363.24000  133    4          - 4896.21416      -  94.5 1556s
 24121 21270 6601.84491  136   62          - 4896.90103      -  94.3 1569s
 24291 21298 8986.66000  261    -          - 4896.90103      -  93.9 1570s
 24608 21448 5254.04198   40  299          - 4896.90103      -  93.2 1583s
 24733 21527 5506.95207   53  238          - 4896.90103      -  93.4 1591s
 24791 21639 5912.05537   75   69          - 4896.90103      -  93.6 1600s
 24931 21905 7087.95323   97   33          - 4896.90103      -  93.8 1615s
 25170 21925 8825.64000  230    6          - 4896.90103      -  93.2 1621s
 25317 21990 5343.44808   35  265          - 4900.18685      -  93.4 1630s
 25351 22080 5479.01926   47  138          - 4900.18685      -  93.8 1639s
 25441 22200 5871.73530   84   88          - 4900.75692      -  94.1 1649s
 25577 22221 7539.55000  147    6          - 4900.75692      -  93.8 1650s
 25613 22279 5226.56147   39  217          - 4900.75692      -  94.1 1661s
 25666 22376 5544.04529   57  118          - 4900.75692      -  94.4 1670s
 25763 22711 5728.64524   77   44          - 4903.78262      -  94.7 1684s
 25882 22731 6713.26000  137    -          - 4903.78262      -  94.4 1685s
 26242 22906 5802.37489   82   47          - 4904.17779      -  93.6 1697s
 26461 22968 6364.33000  101   22          - 4904.77769      -  93.4 1706s
*26493 21562             153    8209.3800000 4904.77769  40.3%  93.3 1706s
 26564 21579     cutoff  162      8209.38000 4904.91086  40.3%  93.5 1717s
H26587 19194                    7385.4000000 4904.91086  33.6%  93.6 1717s
 26588 19253     cutoff  164      7385.40000 4905.13341  33.6%  93.6 1725s
 26658 19331 5278.11517   31  436 7385.40000 4905.13341  33.6%  93.9 1735s
 26766 19360 5597.93056   41  323 7385.40000 4905.13341  33.6%  94.1 1748s
 26797 19403 5955.09756   59  216 7385.40000 4905.13341  33.6%  94.4 1757s
 26843 19463 6490.11520   95   67 7385.40000 4906.74908  33.6%  94.6 1766s
 26920 19547     cutoff  135      7385.40000 4906.90356  33.6%  94.8 1778s
 27020 19563 5065.30981   28  392 7385.40000 4907.12589  33.6%  94.8 1789s
 27062 19588 5009.52882   31  487 7385.40000 4907.12589  33.6%  95.0 1799s
 27085 19614 5108.06707   35  183 7385.40000 4907.12589  33.6%  95.3 1809s
 27122 19645 5229.35921   44   53 7385.40000 4907.12589  33.6%  95.7 1818s
 27153 19716 5426.16310   51  129 7385.40000 4907.12589  33.6%  96.0 1836s
 27224 19718 5514.08752   59  129 7385.40000 4907.12589  33.6%  96.2 1870s
 27226 19792 5563.99520   59   88 7385.40000 4907.12589  33.6%  96.2 1880s
 27321 19873 5767.24538   77   18 7385.40000 4913.30741  33.5%  96.4 1892s
 27461 19938     cutoff  137      7385.40000 4913.33167  33.5%  96.4 1903s
 27505 20039     cutoff  135      7385.40000 4913.89782  33.5%  96.7 1913s
 27533 20039 6121.48541   73  162 7385.40000 4914.01112  33.5%  96.8 1919s
 27584 20040 6812.53735  123    9 7385.40000 4914.01112  33.5%  96.7 1920s
 27629 20044 5507.39434   59   68 7385.40000 4914.01112  33.5%  96.7 1990s
 27638 20113 5508.05434   60   63 7385.40000 4916.57873  33.4%  96.7 2002s
 27727 20128 5025.72139   28  289 7385.40000 4916.57873  33.4%  96.8 2013s
 27739 20160 5260.26836   35  209 7385.40000 4916.57873  33.4%  97.2 2023s
 27771 20190 5438.73045   46  260 7385.40000 4916.57873  33.4%  97.6 2033s
 27801 20245 5624.22434   55  118 7385.40000 4916.57873  33.4%  97.9 2045s
 27880 20306 5694.20036   61   71 7385.40000 4916.57873  33.4%  98.1 2057s
 27897 20306 5732.93976   74   31 7385.40000 4916.57873  33.4%  98.2 2060s
 27951 20402 5921.75667   93   11 7385.40000 4917.80017  33.4%  98.3 2072s
 28085 20484 6959.80000  152   10 7385.40000 4918.13907  33.4%  98.4 2082s
 28173 20534     cutoff  158      7385.40000 4918.45129  33.4%  98.5 2094s
 28252 20608 5384.64402   56  160 7385.40000 4918.52209  33.4%  98.7 2105s
 28340 20716 6370.03515  114   38 7385.40000 4920.14942  33.4%  98.8 2116s
 28477 20736     cutoff  141      7385.40000 4920.18462  33.4%  98.8 2126s
 28502 20758 5139.32129   40  410 7385.40000 4921.25733  33.4%  99.2 2136s
 28522 20793 5327.26592   48  344 7385.40000 4921.25733  33.4%   100 2147s
 28557 20831 5562.85892   64  216 7385.40000 4921.25733  33.4%   100 2157s
 28595 20866 5636.05513   71  244 7385.40000 4921.25733  33.4%   100 2167s
 28630 20914 5709.89022   72  167 7385.40000 4921.25733  33.4%   101 2177s
 28678 20958 5867.04846   79  150 7385.40000 4921.25733  33.4%   101 2186s
 28722 21040 5975.72005   81  253 7385.40000 4921.25733  33.4%   101 2196s
 28804 21273 6110.08612   96  136 7385.40000 4921.25733  33.4%   102 2210s
 29061 21380 6640.51562  129   18 7385.40000 4921.48523  33.4%   101 2223s
 29256 21406     cutoff  160      7385.40000 4921.91926  33.4%   101 2235s
 29279 21584 5478.57615   45  184 7385.40000 4922.15271  33.4%   102 2250s
 29467 21612     cutoff  131      7385.40000 4922.26775  33.4%   102 2263s
 29522 21629 5126.53761   42  485 7385.40000 4923.51601  33.3%   102 2272s
 29544 21631 5572.25912   49  458 7385.40000 4923.51601  33.3%   102 2286s
 29548 21671 5579.18562   50  390 7385.40000 4923.51601  33.3%   102 2295s
 29588 21742 6180.69319   82   89 7385.40000 4927.13519  33.3%   103 2306s
 29674 21819     cutoff  141      7385.40000 4927.14191  33.3%   103 2317s
 29751 21912 5285.39411   33  461 7385.40000 4927.14191  33.3%   103 2329s
 29855 22063 5690.61000   59    - 7385.40000 4927.30554  33.3%   103 2341s
 30045 22113 7049.84000  140    6 7385.40000 4927.41474  33.3%   103 2364s
 30094 22163     cutoff  145      7385.40000 4927.43877  33.3%   103 2376s
 30161 22183 5212.44230   33  281 7385.40000 4927.98614  33.3%   103 2386s
 30181 22220 5274.21615   39  250 7385.40000 4927.98614  33.3%   104 2397s
 30226 22307 5599.11997   58  143 7385.40000 4927.98614  33.3%   104 2409s
 30277 22307 6147.82118   83   30 7385.40000 4927.98614  33.3%   104 2410s
 30315 22410 5997.56376   96   66 7385.40000 4928.20154  33.3%   104 2423s
 30490 22459     cutoff  169      7385.40000 4928.71302  33.3%   104 2434s
 30511 22489 5203.07309   32  565 7385.40000 4928.71302  33.3%   104 2446s
 30541 22526 5365.14013   38  301 7385.40000 4928.71302  33.3%   105 2455s
 30578 22592 5692.31029   45  327 7385.40000 4928.71302  33.3%   105 2466s
 30644 22727 6241.73626   58  161 7385.40000 4928.71302  33.3%   105 2481s
 30783 22775 7141.22981   92   88 7385.40000 4928.73217  33.3%   105 2495s
 30869 22837 5357.33230   34  355 7385.40000 4930.92427  33.2%   106 2506s
 30945 22931 5918.68210   53  280 7385.40000 4931.73667  33.2%   106 2543s
 31055 22952 5127.44954   31  642 7385.40000 4931.76168  33.2%   106 2554s
 31068 23006 5127.76487   33  578 7385.40000 4931.76168  33.2%   106 2564s
 31103 23006 5370.21087   43  330 7385.40000 4931.76168  33.2%   106 2565s
 31122 23088 5409.27787   58  136 7385.40000 4931.76168  33.2%   107 2576s
 31204 23122 6013.12129   96   48 7385.40000 4931.94697  33.2%   107 2588s
 31252 23179 6329.05957  101   40 7385.40000 4932.23258  33.2%   107 2600s
 31336 23267 6599.58000  115    6 7385.40000 4932.83661  33.2%   107 2612s
 31441 23293 6709.40000  118    8 7385.40000 4935.08970  33.2%   108 2627s
 31489 23324 6813.56000  119   22 7385.40000 4935.60510  33.2%   108 2639s
 31547 23351 5263.62401   33  537 7385.40000 4936.90219  33.2%   108 2652s
 31562 23370 5403.23957   37  583 7385.40000 4936.90219  33.2%   108 2666s
 31581 23385 5462.03958   39  589 7385.40000 4936.90219  33.2%   109 2677s
 31596 23413 5564.85379   41  525 7385.40000 4936.90219  33.2%   109 2688s
 31624 23451 6262.24833   50  341 7385.40000 4936.90219  33.2%   110 2709s
 31646 23451 6995.99097   62  277 7385.40000 4936.90219  33.2%   110 2710s
 31662 23501 7010.93063   63  242 7385.40000 4938.93687  33.1%   110 2721s
 31733 23539 4970.74225   30  474 7385.40000 4938.93687  33.1%   110 2733s
 31771 23581 5095.89050   36  579 7385.40000 4938.93687  33.1%   111 2745s
 31813 23640 5363.67280   44  272 7385.40000 4938.93687  33.1%   111 2759s
 31872 23693 5631.30891   57   81 7385.40000 4938.93687  33.1%   111 2771s
 31943 23810 5708.15933   71  178 7385.40000 4938.93687  33.1%   111 2784s
 31961 23810 5808.30292   81  331 7385.40000 4938.93687  33.1%   111 2785s
 32088 23974 5991.97708   92   30 7385.40000 4940.86138  33.1%   111 2810s
 32316 24027 7076.04091  192   38 7385.40000 4940.97978  33.1%   111 2824s
 32379 24051 5169.22642   40  347 7385.40000 4942.12959  33.1%   111 2835s
 32411 24095 5773.43001   60  138 7385.40000 4942.12959  33.1%   112 2847s
 32463 24174 6253.96180   94  157 7385.40000 4945.76535  33.0%   112 2908s
 32562 24203 5011.54550   30  463 7385.40000 4945.82286  33.0%   112 2921s
 32596 24276 5362.71807   40  345 7385.40000 4945.82286  33.0%   113 2932s
 32664 24361 5768.20153   61  266 7385.40000 4945.82286  33.0%   113 2949s
 32755 24481 6317.52538   90  103 7385.40000 4947.00000  33.0%   113 2962s
 32907 24505 7281.04692  150   22 7385.40000 4947.62221  33.0%   113 2975s
 32945 24538 infeasible  157      7385.40000 4948.38923  33.0%   113 2985s
 32983 24566 5393.97601   36  424 7385.40000 4948.43271  33.0%   113 2997s
 33014 24634 5779.59452   49  341 7385.40000 4948.43271  33.0%   114 3008s
 33089 24692 6733.58076   98   89 7385.40000 4950.35323  33.0%   114 3026s
 33167 24724 infeasible  135      7385.40000 4951.68115  33.0%   114 3038s
 33204 24823 5556.79072   63  124 7385.40000 4952.45368  32.9%   114 3050s
 33300 24896 6561.07955  104   52 7385.40000 4952.61160  32.9%   115 3067s
