




arguments: ./build/bc_mirp -f ./input/orig_exec_262.cfg
Current dir: /scratch/gui/bc_mirp
File verbosity level: 9
date       time         ( uptime  ) [ thread name/id ]                   file:line     v| 
2021-02-17 01:59:46.641 (   0.202s) [main thread     ]             loguru.cpp:789   INFO| Logging to './output/vi_vc+lex_full/OU/V3/Original/execution_17_02_2021_01_59_46.log', mode: 'a', verbosity: 9
--------------------------------------------------------------------------------
Parameters
                           instance_path           ./input/Instances/Original/6/
                            model_policy                                       1
                             nb_vehicles                                       3
                              output_dir ./output/vi_vc+lex_full/OU/V3/Original/
                            sec_strategy                                       1
                       solver_nb_threads                                       2
                         solver_show_log                                    true
                       solver_time_limit                                    3600
                              use_vi_cos                                   false
                              use_vi_cus                                   false
                         use_vi_hc1_full                                   false
                         use_vi_hc1_half                                   false
                      use_vi_hc1_quarter                                   false
                              use_vi_hc2                                   false
                              use_vi_hc3                                   false
                         use_vi_lex_full                                    true
                         use_vi_lex_half                                   false
                      use_vi_lex_quarter                                   false
                              use_vi_qua                                   false
                               use_vi_vc                                    true
                               use_vi_vr                                   false
--------------------------------------------------------------------------------
executing instance: ./input/Instances/Original/6/absH6high_1n25.dat
--------------------------------------------------------------------------------
Instance details
n	26
H	6
C	1711
Li:
[0, 0, 0, 0, 0, 0, 0, 0, 0, 0, 0, 0, 0, 0, 0, 0, 0, 0, 0, 0, 0, 0, 0, 0, 0, 0, ]
Ui:
[0, 168, 176, 34, 66, 36, 177, 106, 118, 182, 64, 141, 189, 63, 46, 111, 182, 231, 36, 66, 68, 54, 132, 90, 246, 75, ]
Distance matrix:
|0	191	200	231	334	329	146	196	208	245	218	164	283	394	151	358	156	196	309	253	201	260	127	138	130	104	|
|191	0	226	229	278	146	328	216	390	417	327	293	195	334	106	296	171	122	472	151	12	411	280	53	190	130	|
|200	226	0	38	149	359	321	10	276	274	418	364	139	204	121	173	321	115	303	141	225	236	155	202	311	256	|
|231	229	38	0	110	352	358	37	314	310	448	395	108	167	129	135	342	109	336	120	226	268	194	213	335	277	|
|334	278	149	110	0	367	467	147	422	413	546	495	86	61	203	25	423	163	429	129	271	363	303	282	424	361	|
|329	146	359	352	367	0	453	349	533	562	411	393	282	411	245	378	250	244	617	245	141	556	426	195	284	243	|
|146	328	321	358	467	453	0	321	162	215	160	112	425	524	297	491	223	341	284	397	339	266	186	276	184	210	|
|196	216	10	37	147	349	321	0	281	281	414	360	132	203	112	171	315	105	311	132	216	244	159	193	305	249	|
|208	390	276	314	422	533	162	281	0	54	321	271	410	471	316	445	348	348	123	398	398	115	125	338	313	309	|
|245	417	274	310	413	562	215	281	54	0	375	323	413	457	334	435	393	361	70	406	424	69	139	367	359	349	|
|218	327	418	448	546	411	160	414	321	375	0	57	484	606	347	569	163	393	444	446	339	421	318	288	137	199	|
|164	293	364	395	495	393	112	360	271	323	57	0	437	556	300	519	144	346	393	401	305	367	261	249	109	163	|
|283	195	139	108	86	282	425	132	410	413	484	437	0	139	137	101	349	91	443	44	187	375	286	206	355	291	|
|394	334	204	167	61	411	524	203	471	457	606	556	139	0	264	38	483	222	467	183	326	403	356	341	484	421	|
|151	106	121	129	203	245	297	112	316	334	347	300	137	264	0	225	220	46	381	102	106	316	195	84	221	158	|
|358	296	173	135	25	378	491	171	445	435	569	519	101	38	225	0	444	184	450	145	288	384	328	303	446	383	|
|156	171	321	342	423	250	223	315	348	393	163	144	349	483	220	444	0	261	460	308	183	415	284	143	39	65	|
|196	122	115	109	163	244	341	105	348	361	393	346	91	222	46	184	261	0	402	56	118	336	224	119	264	200	|
|309	472	303	336	429	617	284	311	123	70	444	393	443	467	381	450	460	402	0	442	477	68	192	424	426	413	|
|253	151	141	120	129	245	397	132	398	406	446	401	44	183	102	145	308	56	442	0	143	375	273	164	315	251	|
|201	12	225	226	271	141	339	216	398	424	339	305	187	326	106	288	183	118	477	143	0	416	286	63	202	142	|
|260	411	236	268	363	556	266	244	115	69	421	367	375	403	316	384	415	336	68	375	416	0	135	365	384	363	|
|127	280	155	194	303	426	186	159	125	139	318	261	286	356	195	328	284	224	192	273	286	135	0	232	256	229	|
|138	53	202	213	282	195	276	193	338	367	288	249	206	341	84	303	143	119	424	164	63	365	232	0	153	89	|
|130	190	311	335	424	284	184	305	313	359	137	109	355	484	221	446	39	264	426	315	202	384	256	153	0	64	|
|104	130	256	277	361	243	210	249	309	349	199	163	291	421	158	383	65	200	413	251	142	363	229	89	64	0	|

--------------------------------------------------------------------------------
Building model...
	using lazy and cut (CVRPSEP package)
Solving IRP LP...
--------------------------------------------------------------------------------

Gurobi 9.1.0 (linux64) logging started Wed Feb 17 01:59:46 2021

Gurobi Optimizer version 9.1.0 build v9.1.0rc0 (linux64)
Thread count: 32 physical cores, 32 logical processors, using up to 2 threads
Optimize a model with 1598 rows, 6950 columns and 17978 nonzeros
Model fingerprint: 0xa05ee36d
Variable types: 632 continuous, 6318 integer (468 binary)
Coefficient statistics:
  Matrix range     [1e+00, 7e+07]
  Objective range  [1e-01, 6e+02]
  Bounds range     [1e+00, 2e+02]
  RHS range        [1e+00, 3e+03]
Presolve removed 346 rows and 580 columns
Presolve time: 0.14s
Presolved: 1252 rows, 6370 columns, 15639 nonzeros
Variable types: 490 continuous, 5880 integer (5434 binary)

Root relaxation: objective 1.362516e+04, 1937 iterations, 0.05 seconds

    Nodes    |    Current Node    |     Objective Bounds      |     Work
 Expl Unexpl |  Obj  Depth IntInf | Incumbent    BestBd   Gap | It/Node Time

     0     0 13625.1570    0  205          - 13625.1570      -     -    0s
     0     0 13884.8972    0  220          - 13884.8972      -     -    0s
     0     0 13897.8523    0  220          - 13897.8523      -     -    0s
     0     0 13899.2418    0  225          - 13899.2418      -     -    0s
     0     0 13899.3260    0  225          - 13899.3260      -     -    0s
     0     0 14762.9231    0  378          - 14762.9231      -     -    0s
     0     0 14844.8019    0  343          - 14844.8019      -     -    1s
     0     0 14854.8416    0  354          - 14854.8416      -     -    1s
     0     0 14897.8848    0  350          - 14897.8848      -     -    1s
     0     0 14907.7680    0  379          - 14907.7680      -     -    1s
     0     0 14912.5089    0  399          - 14912.5089      -     -    1s
     0     0 14922.0894    0  394          - 14922.0894      -     -    1s
     0     0 14931.9807    0  398          - 14931.9807      -     -    2s
     0     0 14945.9099    0  404          - 14945.9099      -     -    2s
     0     0 14946.5656    0  401          - 14946.5656      -     -    2s
     0     0 15335.3475    0  416          - 15335.3475      -     -    2s
     0     0 15435.0285    0  472          - 15435.0285      -     -    2s
     0     0 15478.0010    0  472          - 15478.0010      -     -    2s
     0     0 15533.9933    0  461          - 15533.9933      -     -    3s
     0     0 15549.8652    0  471          - 15549.8652      -     -    3s
     0     0 15551.7493    0  450          - 15551.7493      -     -    3s
     0     0 15617.5856    0  377          - 15617.5856      -     -    3s
     0     0 15630.2310    0  445          - 15630.2310      -     -    4s
     0     0 15650.3108    0  461          - 15650.3108      -     -    4s
     0     0 15656.9304    0  441          - 15656.9304      -     -    4s
     0     0 15657.6444    0  453          - 15657.6444      -     -    4s
     0     0 15692.8048    0  427          - 15692.8048      -     -    4s
     0     0 15704.2212    0  482          - 15704.2212      -     -    4s
     0     0 15714.7553    0  430          - 15714.7553      -     -    4s
     0     0 15732.5683    0  411          - 15732.5683      -     -    5s
     0     0 15760.5161    0  450          - 15760.5161      -     -    5s
     0     0 15776.2929    0  436          - 15776.2929      -     -    5s
     0     0 15792.8001    0  443          - 15792.8001      -     -    5s
     0     0 15801.4363    0  446          - 15801.4363      -     -    5s
     0     0 15803.9303    0  446          - 15803.9303      -     -    5s
     0     0 15811.5682    0  477          - 15811.5682      -     -    6s
     0     0 15827.5203    0  491          - 15827.5203      -     -    6s
     0     0 15831.5227    0  527          - 15831.5227      -     -    6s
     0     0 15834.1779    0  547          - 15834.1779      -     -    7s
     0     0 15848.5000    0  495          - 15848.5000      -     -    7s
     0     0 15850.2304    0  521          - 15850.2304      -     -    7s
     0     0 15855.5170    0  559          - 15855.5170      -     -    7s
     0     0 15855.5170    0  559          - 15855.5170      -     -    7s
     0     2 15856.0441    0  554          - 15856.0441      -     -    8s
    11    14 15870.7709    4  532          - 15859.4560      -   685   10s
    50    55 16223.7471   13  459          - 15907.4795      -   721   15s
   147   155 16934.9306   42  302          - 15907.4795      -   456   20s
   360   419 17978.9911   80  219          - 15907.4795      -   258   25s
   775   773 20259.4377  194   78          - 15907.4795      -   145   30s
   790   775 17481.5273   57  197          - 15907.4795      -   144   41s
   801   783 19330.2558  144  605          - 16237.0079      -   142   45s
   822   797 18205.2379   92  634          - 16324.6807      -   139   50s
   836   808 19961.0669  212  437          - 16327.4577      -   163   55s
   851   818 17096.2802   47  633          - 16335.1412      -   160   60s
H  851   776                    20155.190000 16338.5870  18.9%   160   61s
H  851   737                    20047.190000 16338.5870  18.5%   160   61s
   862   744 17738.2781   83  656 20047.1900 16344.8447  18.5%   158   65s
   870   752 16613.5188   24  539 20047.1900 16353.7193  18.4%   182   70s
   898   773 16403.1668   32  528 20047.1900 16373.1289  18.3%   203   75s
H  923   751                    19878.190000 16373.1289  17.6%   219   79s
H  925   714                    19662.580000 16373.1289  16.7%   220   79s
   932   722 16515.6340   40  413 19662.5800 16373.1289  16.7%   224   80s
   960   744 16440.1994   47  380 19662.5800 16373.1289  16.7%   238   85s
   998   770 16562.8638   57  351 19662.5800 16373.1289  16.7%   256   90s
H 1012   745                    19558.580000 16373.1289  16.3%   260   93s
  1040   768 16696.3331   66  350 19558.5800 16373.1289  16.3%   265   96s
  1100   801 16818.5675   84  285 19558.5800 16373.1289  16.3%   269  100s
  1127   835 16900.1622   91  278 19558.5800 16373.1289  16.3%   270  107s
  1166   848 17022.6533  102  169 19558.5800 16373.1289  16.3%   273  110s
  1218   900 17086.8921  116  198 19558.5800 16373.1289  16.3%   272  115s
  1297   961 17422.3554  142  202 19558.5800 16373.1289  16.3%   273  120s
  1403  1067 18135.5990  180  117 19558.5800 16373.1289  16.3%   268  126s
  1548  1160 19107.1213  237   51 19558.5800 16373.1289  16.3%   252  130s
  1647  1160 16532.4518   28  438 19558.5800 16373.2396  16.3%   248  136s
  1706  1218 16684.1184   37  474 19558.5800 16373.2396  16.3%   253  141s
  1789  1211 16692.2791   44  558 19558.5800 16373.2396  16.3%   250  146s
H 1804  1178                    19478.580000 16373.2396  15.9%   252  148s
  1827  1209 16961.5355   54  313 19478.5800 16373.2396  15.9%   255  151s
H 1871  1198                    19383.960000 16373.2396  15.5%   256  157s
H 1911  1181                    19380.040000 16373.2396  15.5%   256  159s
  1921  1180 17359.3008   83  318 19380.0400 16373.2396  15.5%   257  164s
  1923  1213 17385.7041   83  279 19380.0400 16373.2396  15.5%   258  166s
  1957  1234 17574.7905   96  205 19380.0400 16373.2396  15.5%   258  170s
  1989  1288 17605.2180  105  247 19380.0400 16373.2396  15.5%   257  182s
  2054  1359 18468.5914  130  217 19380.0400 16373.2396  15.5%   254  186s
  2199  1381 16450.4297   26  578 19380.0400 16377.1898  15.5%   247  192s
  2243  1416 16579.3459   30  491 19380.0400 16377.1898  15.5%   248  195s
H 2406  1459                    19377.040000 16377.1898  15.5%   240  203s
  2417  1521 16742.1715   38  422 19377.0400 16377.1898  15.5%   242  207s
  2516  1540 16866.4470   46  487 19377.0400 16377.1898  15.5%   237  210s
  2557  1581 16989.0975   54  430 19377.0400 16377.1898  15.5%   242  216s
  2577  1608 16954.3948   58  464 19377.0400 16377.1898  15.5%   244  220s
  2604  1639 17003.7055   63  434 19377.0400 16377.1898  15.5%   246  227s
  2635  1679 17366.6529   68  424 19377.0400 16377.1898  15.5%   248  231s
  2675  1720 17230.5732   69  395 19377.0400 16377.1898  15.5%   248  235s
  2718  1821 17288.8800   70  447 19377.0400 16377.1898  15.5%   249  240s
  2891  1861 17528.8192   83  344 19377.0400 16377.1898  15.5%   244  249s
  2901  1863 17608.5878   87  388 19377.0400 16377.1898  15.5%   245  259s
  2903  1898 17557.0536   87  381 19377.0400 16377.1898  15.5%   245  266s
  2938  1940 17823.6123   97  387 19377.0400 16377.1898  15.5%   247  273s
  2980  2048 17926.1180  105  317 19377.0400 16377.1898  15.5%   247  279s
  3102  2119 18072.6264  116  205 19377.0400 16377.1898  15.5%   243  284s
  3173  2212 18657.8432  140  240 19377.0400 16396.9682  15.4%   243  290s
  3306  2262 16614.3644   27  622 19377.0400 16396.9682  15.4%   240  295s
  3368  2329 17368.7480   36  235 19377.0400 16403.6834  15.3%   240  301s
  3447  2411 16612.5177   28  596 19377.0400 16403.6834  15.3%   240  307s
  3548  2453 16838.3536   32  475 19377.0400 16403.6834  15.3%   239  312s
  3590  2528 17067.5607   42  356 19377.0400 16403.6834  15.3%   241  318s
  3681  2570 17272.3958   50  297 19377.0400 16403.6834  15.3%   240  324s
  3723  2700 17530.6425   68  162 19377.0400 16403.6834  15.3%   243  330s
  3853  2894 18142.9545  119  117 19377.0400 16405.1532  15.3%   241  340s
  4071  2944 16625.4580   31  592 19377.0400 16405.1532  15.3%   234  347s
  4121  3040 17177.8486   46  438 19377.0400 16405.1532  15.3%   236  355s
  4246  3101 18555.9196   88  229 19377.0400 16409.0721  15.3%   235  362s
H 4298  3080                    19319.590000 16409.0721  15.1%   235  362s
  4321  3163 17129.5282   42  238 19319.5900 16409.4823  15.1%   235  369s
  4433  3221 16671.8199   42  503 19319.5900 16414.3806  15.0%   235  376s
  4491  3286 17437.4613   70  278 19319.5900 16414.4212  15.0%   237  388s
  4587  3305 16653.6284   30  558 19319.5900 16418.1410  15.0%   238  395s
  4606  3337 16770.9531   35  418 19319.5900 16418.1410  15.0%   241  402s
  4638  3391 17169.9733   44  245 19319.5900 16418.1410  15.0%   244  410s
  4692  3565 17567.0034   65  168 19319.5900 16418.4947  15.0%   247  421s
  4895  3614 16604.5222   34  500 19319.5900 16418.4947  15.0%   243  430s
  4944  3721 17653.4043   58  412 19319.5900 16425.5305  15.0%   245  438s
  5072  3779 16697.3310   34  485 19319.5900 16425.5305  15.0%   244  447s
  5127  3907 16816.1040   40  535 19319.5900 16425.5305  15.0%   246  457s
  5281  3989 16995.4196   45  349 19319.5900 16425.5305  15.0%   245  468s
H 5310  3984                    19317.950000 16425.5305  15.0%   246  468s
  5379  4101 17209.3492   58  255 19317.9500 16425.5305  15.0%   245  479s
  5496  4238 19083.1498   94  172 19317.9500 16428.3084  15.0%   247  491s
  5652  4320 16787.4994   35  518 19317.9500 16428.3084  15.0%   245  501s
  5748  4434 17627.9160   59  380 19317.9500 16429.2241  15.0%   246  513s
H 5880  4294                    19177.000000 16429.2241  14.3%   246  526s
  5968  4382 17536.1021   62  323 19177.0000 16429.3850  14.3%   247  537s
H 6070  4394                    19104.720000 16429.3850  14.0%   248  550s
  6223  4502 16936.5522   36  497 19104.7200 16434.5832  14.0%   248  563s
  6424  4640 16907.0216   32  482 19104.7200 16436.2502  14.0%   246  576s
* 6604  3499             111    18319.520000 16437.3679  10.3%   245  589s
  6777  3560 16900.1355   42  416 18319.5200 16439.3315  10.3%   245  601s
  6871  3600 17343.1579   43  362 18319.5200 16450.4297  10.2%   247  648s
H 6890  3191                    18099.990000 16450.4297  9.11%   247  649s
  6911  3262 17887.1868   50  215 18099.9900 16451.2057  9.11%   249  661s
  7033  3335 17163.7984   42  488 18099.9900 16451.3531  9.11%   250  672s
  7126  3399 17051.4920   34  517 18099.9900 16452.8457  9.10%   252  692s
  7214  3508 16593.5304   40  552 18099.9900 16452.9327  9.10%   254  707s
  7323  3684 17163.1968   64  240 18099.9900 16453.4010  9.10%   256  724s
  7537  3788 17482.5541   72  282 18099.9900 16455.3074  9.09%   256  741s
  7685  3891 16816.5950   40  474 18099.9900 16461.2243  9.05%   258  757s
  7838  4010 17043.2469   54  389 18099.9900 16463.4101  9.04%   259  774s
  7974  4095 16979.8452   46  501 18099.9900 16463.4101  9.04%   261  789s
  8006  4095 17180.7654   48  480 18099.9900 16463.4101  9.04%   263  790s
  8061  4203 17471.2015   59  373 18099.9900 16469.0876  9.01%   264  808s
  8221  4307 17508.5944   56  177 18099.9900 16475.7515  8.97%   265  825s
  8347  4475 16752.5776   49  408 18099.9900 16480.7752  8.95%   268  843s
  8547  4621 17416.4936   67  282 18099.9900 16485.9414  8.92%   269  861s
H 8554  4584                    18087.630000 16485.9414  8.86%   269  861s
  8741  4700 16830.2456   35  378 18087.6300 16488.4333  8.84%   269  878s
  8879  4823 17722.8536   66  242 18087.6300 16493.8523  8.81%   270  896s
  9040  4963 16948.6719   35  490 18087.6300 16494.4966  8.81%   271  914s
  9222  5085 16981.4738   49  474 18087.6300 16496.2776  8.80%   272  934s
  9296  5085 17711.0875   73  287 18087.6300 16496.2776  8.80%   272  935s
H 9371  5166                    18085.630000 16496.6628  8.79%   274  952s
  9475  5286 17202.8674   44  482 18085.6300 16496.6628  8.79%   276  970s
  9595  5398 17741.3081   78  250 18085.6300 16499.7270  8.77%   278  989s
  9775  5554 17640.6522   58  179 18085.6300 16503.0657  8.75%   279 1008s
H 9872  5548                    18083.350000 16503.0657  8.74%   279 1008s
  9964  5692 17031.1538   37  572 18083.3500 16505.5416  8.73%   279 1026s
 10138  5786 17811.6769   64  166 18083.3500 16508.8854  8.71%   279 1045s
 10250  5978 16968.5842   54  376 18083.3500 16515.9049  8.67%   281 1065s
 10483  6124 16808.5173   30  622 18083.3500 16516.4929  8.66%   281 1086s
 10673  6244 17782.0629   79  221 18083.3500 16519.2235  8.65%   281 1105s
 10813  6462 17180.5450   68  345 18083.3500 16520.5216  8.64%   282 1126s
 11080  6608     cutoff  122      18083.3500 16525.2668  8.62%   281 1145s
 11262  6724 16912.1834   38  565 18083.3500 16529.8420  8.59%   281 1165s
 11403  6829 16779.0524   33  434 18083.3500 16530.9666  8.58%   282 1184s
 11532  6973 16791.8574   33  547 18083.3500 16532.6399  8.58%   284 1203s
 11718  7089 17075.0951   43  389 18083.3500 16536.5525  8.55%   283 1222s
 11862  7234 17378.8014   48  272 18083.3500 16536.6530  8.55%   284 1242s
 12041  7298 17091.6588   48  449 18083.3500 16537.0854  8.55%   285 1262s
H12086  7032                    18007.710000 16537.1507  8.17%   286 1262s
 12127  7156 17374.8644   59  351 18007.7100 16542.1673  8.14%   287 1281s
 12286  7301 16926.0321   41  567 18007.7100 16544.8840  8.12%   288 1300s
 12463  7417 17139.1550   51  404 18007.7100 16546.1913  8.12%   288 1319s
 12601  7622 17144.8482   39  392 18007.7100 16552.7807  8.08%   289 1339s
H12760  6954                    17883.140000 16552.7807  7.44%   288 1339s
 12829  6954     cutoff  104      17883.1400 16553.2902  7.44%   289 1340s
 12859  7064 17077.5049   42  482 17883.1400 16553.5745  7.43%   288 1358s
 13051  7167 16852.5088   60  431 17883.1400 16556.2030  7.42%   288 1378s
 13188  7293 16749.8979   34  425 17883.1400 16562.9624  7.38%   290 1397s
 13337  7444 16973.1347   37  346 17883.1400 16563.2523  7.38%   291 1417s
 13510  7615 17425.4712   77  223 17883.1400 16563.5276  7.38%   291 1437s
 13728  7763 16625.9243   46  409 17883.1400 16567.4575  7.36%   291 1457s
 13935  7865 16818.8115   43  525 17883.1400 16570.1284  7.34%   291 1476s
 14059  7998 17026.8580   39  534 17883.1400 16570.5750  7.34%   293 1500s
 14272  8124 17454.2317   77  275 17883.1400 16571.9596  7.33%   292 1519s
 14390  8124 17750.1651   77  102 17883.1400 16575.8019  7.31%   293 1520s
 14447  8249 16819.9419   35  463 17883.1400 16575.8912  7.31%   293 1545s
 14602  8347     cutoff   73      17883.1400 16577.8385  7.30%   293 1565s
 14734  8511 16925.6815   49  425 17883.1400 16578.8958  7.29%   295 1589s
 14815  8511 17622.4032   87  200 17883.1400 16578.8958  7.29%   295 1590s
 14920  8631 17023.6185   38  378 17883.1400 16579.5078  7.29%   295 1609s
 15011  8631 16735.7591   67  433 17883.1400 16580.9763  7.28%   296 1610s
 15086  8770 16932.8333   50  452 17883.1400 16581.0786  7.28%   296 1633s
 15293  8955 17081.0902   70  371 17883.1400 16583.1878  7.27%   296 1654s
 15392  8955 17688.5403   70  218 17883.1400 16583.1878  7.27%   296 1655s
 15541  9036 17825.1799   85  171 17883.1400 16584.5122  7.26%   296 1683s
 15662  9170 17544.3148   88  197 17883.1400 16584.6017  7.26%   297 1704s
 15829  9170 17784.7572   64  113 17883.1400 16584.9551  7.26%   297 1705s
 15842  9312 17322.2371   49  301 17883.1400 16584.9877  7.26%   297 1724s
 16033  9413 16978.5706   55  389 17883.1400 16586.8791  7.25%   297 1745s
 16184  9522 17119.2160   54  298 17883.1400 16588.3434  7.24%   298 1764s
 16335  9657 17183.0663   51  522 17883.1400 16590.9832  7.23%   299 1784s
 16501  9767 16809.2536   56  485 17883.1400 16591.4019  7.22%   299 1805s
 16644  9950 17219.2694   76  301 17883.1400 16591.9384  7.22%   300 1826s
 16933 10074 17085.0488   60  378 17883.1400 16593.5836  7.21%   299 1847s
 17110 10237 16940.1330   45  547 17883.1400 16595.2727  7.20%   300 1874s
 17307 10354 16908.6407   36  433 17883.1400 16595.8871  7.20%   300 1895s
 17471 10501 16708.0824   43  411 17883.1400 16596.6449  7.19%   300 1915s
H17555  9995                    17811.660000 16596.6449  6.82%   301 1915s
 17667 10084 17386.8266   61  411 17811.6600 16597.8324  6.81%   301 1936s
 17805 10257 16899.7525   53  389 17811.6600 16599.0101  6.81%   302 1958s
H17915  7958                    17573.660000 16599.0101  5.55%   302 1958s
 18021  7995 17094.5009   59  376 17573.6600 16599.9822  5.54%   301 1978s
 18202  8089 16837.6881   61  449 17573.6600 16601.2818  5.53%   302 1997s
 18327  8210 17346.1880   56  499 17573.6600 16602.0792  5.53%   303 2017s
 18490  8328 16847.6785   37  390 17573.6600 16604.5855  5.51%   303 2041s
 18672  8417 17384.8614   42  461 17573.6600 16606.1557  5.51%   304 2061s
 18779  8563 17558.3270   44  373 17573.6600 16606.4418  5.50%   305 2083s
 18999  8662     cutoff   66      17573.6600 16607.6740  5.50%   305 2104s
 19198  8662 17563.0836   59  270 17573.6600 16608.4464  5.49%   304 2105s
 19213  8842 16993.9543   45  370 17573.6600 16608.8409  5.49%   305 2125s
 19464  8959 17092.0254   50  410 17573.6600 16609.5699  5.49%   304 2146s
 19627  9050 17208.2629   54  474 17573.6600 16610.5536  5.48%   305 2167s
 19758  9161 16694.0464   32  571 17573.6600 16611.3024  5.48%   306 2190s
 19911  9311 17019.3068   45  430 17573.6600 16612.7103  5.47%   307 2210s
 20119  9399 17234.0265   37  543 17573.6600 16614.4843  5.46%   306 2229s
 20246  9498     cutoff   40      17573.6600 16615.4063  5.45%   307 2250s
 20412  9596     cutoff   86      17573.6600 16617.7080  5.44%   308 2269s
 20555  9724 17127.9556   38  401 17573.6600 16618.5128  5.44%   309 2290s
 20729  9838 16853.5107   40  445 17573.6600 16619.2159  5.43%   309 2311s
 20893  9924     cutoff   60      17573.6600 16619.8552  5.43%   310 2331s
 21014 10071 16813.5019   35  429 17573.6600 16620.6987  5.42%   311 2352s
 21216 10220 16825.1047   39  468 17573.6600 16622.0764  5.41%   311 2373s
 21404 10305 17359.5793   56  342 17573.6600 16624.4501  5.40%   311 2395s
 21532 10389 17275.9864   42  276 17573.6600 16625.2687  5.40%   312 2415s
 21681 10527     cutoff   60      17573.6600 16625.8172  5.39%   312 2436s
 21875 10620 16803.6006   40  497 17573.6600 16626.2158  5.39%   313 2458s
 21988 10774 17207.4169   60  395 17573.6600 16627.3472  5.38%   314 2479s
 22196 10860 17477.4246   51  280 17573.6600 16628.0027  5.38%   314 2501s
 22346 10942 17298.7926   43  503 17573.6600 16629.1571  5.37%   314 2521s
 22469 11063 17058.8022   35  488 17573.6600 16630.2993  5.37%   315 2543s
 22632 11191     cutoff   48      17573.6600 16630.7045  5.37%   316 2564s
 22820 11307 16875.3968   37  571 17573.6600 16632.8167  5.35%   316 2586s
 22968 11460 17103.9493   44  301 17573.6600 16633.4979  5.35%   317 2609s
 23157 11584 16725.1763   36  442 17573.6600 16634.0279  5.35%   317 2631s
 23324 11711 16850.8859   35  483 17573.6600 16634.5878  5.34%   318 2653s
 23492 11836 16955.1310   38  393 17573.6600 16635.4392  5.34%   318 2675s
 23662 11996 16763.9725   33  508 17573.6600 16636.1314  5.33%   319 2698s
 23854 12089 17070.8015   34  509 17573.6600 16636.8022  5.33%   318 2721s
 23994 12187 17125.9402   44  520 17573.6600 16637.8179  5.33%   319 2742s
 24148 12299 16820.2436   37  494 17573.6600 16638.0474  5.32%   320 2764s
 24297 12483 16999.8974   36  434 17573.6600 16639.7981  5.31%   320 2786s
 24527 12625 16797.9961   33  361 17573.6600 16641.4531  5.30%   320 2809s
 24747 12788     cutoff   91      17573.6600 16641.9969  5.30%   320 2830s
 24975 12952 17507.0874   64  372 17573.6600 16643.3977  5.29%   320 2853s
 25199 13073 17541.0679   50  352 17573.6600 16644.9158  5.28%   320 2876s
 25348 13213 17550.8531   58  268 17573.6600 16645.4298  5.28%   321 2898s
 25546 13247 17519.7649   91  285 17573.6600 16645.8843  5.28%   321 3003s
H25567  8329                    17293.620000 16645.8843  3.75%   321 3003s
 25590  8411 17208.2908   67  414 17293.6200 16645.9192  3.75%   321 3026s
 25734  8498 17248.4537   74  301 17293.6200 16646.4314  3.74%   322 3048s
 25896  8581 17210.9786   61  212 17293.6200 16647.0558  3.74%   322 3071s
 26045  8634 17081.7681   58  427 17293.6200 16647.4818  3.74%   323 3093s
 26170  8723 16892.7389   35  429 17293.6200 16648.6067  3.73%   324 3114s
 26315  8779 17214.7189   47  436 17293.6200 16649.2071  3.73%   325 3136s
 26423  8863 17151.2824   43  392 17293.6200 16650.3086  3.72%   326 3159s
 26604  8985 16954.2395   38  477 17293.6200 16651.8153  3.71%   327 3181s
 26794  9083     cutoff   71      17293.6200 16653.9142  3.70%   327 3203s
 26974  9159 17091.3685   51  470 17293.6200 16657.2917  3.68%   327 3225s
 27097  9222     cutoff   44      17293.6200 16657.9787  3.68%   328 3247s
 27234  9323 17103.9583   43  419 17293.6200 16660.9700  3.66%   329 3270s
 27422  9438 16922.0215   36  385 17293.6200 16663.3842  3.64%   329 3292s
 27592  9510 16933.6544   51  447 17293.6200 16664.0521  3.64%   330 3315s
 27727  9615 17035.4856   56  448 17293.6200 16665.2824  3.63%   331 3337s
 27904  9749 16969.4639   57  429 17293.6200 16667.3461  3.62%   331 3360s
 28098  9827     cutoff   61      17293.6200 16667.7928  3.62%   331 3384s
 28184  9827 17080.1939   39  488 17293.6200 16669.0629  3.61%   332 3385s
 28267  9900 17135.8654   70  424 17293.6200 16669.2904  3.61%   332 3415s
 28431  9975 16992.0424   38  400 17293.6200 16669.6283  3.61%   333 3438s
 28618 10089 17153.4606   43  274 17293.6200 16670.0257  3.61%   333 3462s
 28807 10185     cutoff   41      17293.6200 16670.5063  3.60%   333 3484s
 28933 10185 17214.4038   58  223 17293.6200 16672.0386  3.59%   334 3485s
 28958 10264 17175.5336   51  497 17293.6200 16672.3834  3.59%   334 3506s
 29136 10338 17222.9361   44  355 17293.6200 16673.7445  3.58%   334 3530s
 29281 10449 16838.0556   34  530 17293.6200 16675.1245  3.58%   335 3554s
 29460 10535     cutoff   44      17293.6200 16675.6998  3.57%   335 3580s
 29656 10627 17027.0785   40  560 17293.6200 16676.5701  3.57%   336 3600s

Cutting planes:
  User: 4095
  Gomory: 55
  Cover: 445
  Implied bound: 262
  Projected implied bound: 22
  Clique: 36
  MIR: 269
  StrongCG: 1
  Flow cover: 465
  GUB cover: 5
  Zero half: 33
  Network: 11
  RLT: 348
  Relax-and-lift: 14
  Lazy constraints: 588

Explored 29799 nodes (10043718 simplex iterations) in 3600.67 seconds
Thread count was 2 (of 32 available processors)

Solution count 10: 17293.6 17573.7 17811.7 ... 18319.5

Time limit reached
Best objective 1.729362000000e+04, best bound 1.667705053795e+04, gap 3.5653%

User-callback calls 338116, time in user-callback 217.64 sec
================================================================================
executing instance: ./input/Instances/Original/6/absH6high_1n20.dat
--------------------------------------------------------------------------------
Instance details
n	21
H	6
C	1651
Li:
[0, 0, 0, 0, 0, 0, 0, 0, 0, 0, 0, 0, 0, 0, 0, 0, 0, 0, 0, 0, 0, ]
Ui:
[0, 36, 182, 182, 90, 261, 117, 30, 110, 42, 276, 153, 40, 94, 144, 46, 129, 213, 264, 160, 174, ]
Distance matrix:
|0	371	401	343	361	341	370	115	392	400	79	266	292	245	355	431	265	194	95	92	348	|
|371	0	37	141	110	250	117	438	67	131	372	305	115	238	247	255	235	296	392	430	185	|
|401	37	0	175	100	284	146	472	90	156	406	342	152	275	280	282	242	333	415	455	178	|
|343	141	175	0	239	110	38	374	95	60	314	182	67	130	106	127	318	201	397	423	303	|
|361	110	100	239	0	341	222	451	177	240	385	374	190	304	341	361	151	345	354	398	78	|
|341	250	284	110	341	0	143	337	203	151	289	102	152	97	15	95	394	156	415	431	398	|
|370	117	146	38	222	143	0	407	61	30	346	220	81	167	137	139	317	237	417	447	292	|
|115	438	472	374	451	337	407	0	443	434	66	241	339	251	351	431	374	181	201	177	450	|
|392	67	90	95	177	203	61	443	0	66	379	275	104	216	197	193	294	283	427	461	252	|
|400	131	156	60	240	151	30	434	66	0	374	237	112	189	142	127	344	261	448	477	312	|
|79	372	406	314	385	289	346	66	379	374	0	202	275	197	304	383	316	134	175	166	388	|
|266	305	342	182	374	102	220	241	275	237	202	0	191	70	117	196	386	73	352	359	415	|
|292	115	152	67	190	152	81	339	104	112	275	191	0	123	154	193	252	183	336	366	246	|
|245	238	275	130	304	97	167	251	216	189	197	70	123	0	110	187	322	72	319	334	346	|
|355	247	280	106	341	15	137	351	197	142	304	117	154	110	0	80	399	171	427	444	400	|
|431	255	282	127	361	95	139	431	193	127	383	196	193	187	80	0	444	251	499	519	429	|
|265	235	242	318	151	394	317	374	294	344	316	386	252	322	399	444	0	332	226	273	97	|
|194	296	333	201	345	156	237	181	283	261	134	73	183	72	171	251	332	0	279	286	375	|
|95	392	415	397	354	415	417	201	427	448	175	352	336	319	427	499	226	279	0	47	321	|
|92	430	455	423	398	431	447	177	461	477	166	359	366	334	444	519	273	286	47	0	368	|
|348	185	178	303	78	398	292	450	252	312	388	415	246	346	400	429	97	375	321	368	0	|

--------------------------------------------------------------------------------
Building model...
	using lazy and cut (CVRPSEP package)
Solving IRP LP...
--------------------------------------------------------------------------------

Gurobi 9.1.0 (linux64) logging started Wed Feb 17 02:59:51 2021

Gurobi Optimizer version 9.1.0 build v9.1.0rc0 (linux64)
Thread count: 32 physical cores, 32 logical processors, using up to 2 threads
Optimize a model with 1293 rows, 4665 columns and 12603 nonzeros
Model fingerprint: 0x9ecac103
Variable types: 507 continuous, 4158 integer (378 binary)
Coefficient statistics:
  Matrix range     [1e+00, 2e+06]
  Objective range  [1e-01, 5e+02]
  Bounds range     [1e+00, 3e+02]
  RHS range        [1e+00, 3e+03]
Presolve removed 286 rows and 470 columns
Presolve time: 0.12s
Presolved: 1007 rows, 4195 columns, 10699 nonzeros
Variable types: 390 continuous, 3805 integer (3454 binary)

Root relaxation: objective 1.300429e+04, 1594 iterations, 0.04 seconds

    Nodes    |    Current Node    |     Objective Bounds      |     Work
 Expl Unexpl |  Obj  Depth IntInf | Incumbent    BestBd   Gap | It/Node Time

     0     0 13004.2881    0  219          - 13004.2881      -     -    0s
     0     0 13267.7146    0  228          - 13267.7146      -     -    0s
     0     0 13274.1002    0  200          - 13274.1002      -     -    0s
     0     0 13275.6718    0  198          - 13275.6718      -     -    0s
     0     0 13614.2946    0  302          - 13614.2946      -     -    0s
     0     0 13640.7310    0  312          - 13640.7310      -     -    0s
     0     0 13646.2241    0  291          - 13646.2241      -     -    0s
     0     0 13646.6154    0  299          - 13646.6154      -     -    0s
     0     0 13813.7787    0  299          - 13813.7787      -     -    1s
     0     0 13855.1362    0  286          - 13855.1362      -     -    1s
     0     0 13872.0740    0  329          - 13872.0740      -     -    1s
     0     0 13916.0565    0  359          - 13916.0565      -     -    1s
     0     0 13925.1026    0  353          - 13925.1026      -     -    1s
     0     0 13926.7390    0  355          - 13926.7390      -     -    1s
     0     0 13941.2809    0  326          - 13941.2809      -     -    1s
     0     0 13949.5437    0  368          - 13949.5437      -     -    1s
     0     0 13961.3954    0  387          - 13961.3954      -     -    1s
     0     0 13963.7002    0  353          - 13963.7002      -     -    1s
     0     0 13964.0658    0  386          - 13964.0658      -     -    1s
     0     0 14061.1675    0  385          - 14061.1675      -     -    1s
     0     0 14072.5729    0  397          - 14072.5729      -     -    2s
     0     0 14076.5958    0  397          - 14076.5958      -     -    2s
     0     0 14079.3189    0  404          - 14079.3189      -     -    2s
     0     0 14088.7723    0  403          - 14088.7723      -     -    2s
     0     0 14105.2702    0  417          - 14105.2702      -     -    2s
     0     0 14112.7604    0  444          - 14112.7604      -     -    2s
     0     0 14120.0990    0  435          - 14120.0990      -     -    2s
     0     0 14121.8226    0  436          - 14121.8226      -     -    2s
     0     0 14124.2288    0  430          - 14124.2288      -     -    2s
     0     0 14124.8005    0  455          - 14124.8005      -     -    2s
     0     0 14157.2007    0  449          - 14157.2007      -     -    2s
     0     0 14165.6292    0  469          - 14165.6292      -     -    2s
     0     0 14166.2507    0  473          - 14166.2507      -     -    2s
     0     0 14181.7934    0  417          - 14181.7934      -     -    2s
     0     0 14184.0291    0  392          - 14184.0291      -     -    3s
     0     0 14184.3535    0  385          - 14184.3535      -     -    3s
     0     0 14189.8831    0  459          - 14189.8831      -     -    3s
     0     0 14189.8831    0  458          - 14189.8831      -     -    3s
     0     2 14190.3174    0  458          - 14190.3174      -     -    3s
    13    16 14298.2246    4  449          - 14217.0684      -   785    5s
    68    74 14663.4261   18  331          - 14217.0684      -   633   10s
   194   212 15691.8617   55  229          - 14217.0684      -   407   15s
   479   542 18709.8604  137  170          - 14217.0684      -   241   20s
   898   862 23726.6288  280  246          - 14217.0684      -   150   25s
   924   879 16859.5855   81  552          - 14555.4349      -   146   30s
   944   893 22711.2743  256  537          - 14568.5462      -   143   35s
   969   910 21260.7666  225  497          - 14573.8261      -   156   40s
   982   919 21505.6679  232  499          - 14578.2804      -   154   46s
   985   924 14581.0342   27  502          - 14581.0342      -   169   50s
   995   931 14642.1793   30  487          - 14604.8964      -   173   55s
  1026   953 14708.6332   37  510          - 14604.8964      -   191   60s
  1074   988 14820.3186   48  406          - 14604.8964      -   207   65s
  1128  1026 14953.7119   62  355          - 14604.8964      -   220   70s
  1185  1067 15033.8494   75  336          - 14604.8964      -   231   75s
  1252  1123 15236.5875   88  225          - 14604.8964      -   238   80s
  1355  1190 15437.3823  112  262          - 14604.8964      -   241   85s
  1444  1255 16018.2263  135  259          - 14604.8964      -   245   91s
  1523  1310 16832.1219  155  248          - 14604.8964      -   248   95s
  1617  1373 16593.8659  181  283          - 14604.8964      -   248  100s
  1713  1441 16472.4213  207  311          - 14604.8964      -   251  106s
  1778  1494 16507.4520  224  310          - 14604.8964      -   253  110s
  1901  1571 16699.3875  254  259          - 14604.8964      -   256  116s
  1980  1627 16857.9785  275  304          - 14604.8964      -   257  121s
  2073  1682 17155.4337  297  256          - 14604.8964      -   256  126s
  2172  1698 14652.4330   30  535          - 14604.8964      -   254  130s
  2226  1795 18008.0250  356  224          - 14604.8964      -   256  136s
  2352  1922 18948.1006  413  174          - 14604.8964      -   254  143s
  2478  2024 20523.3492  472  161          - 14604.8964      -   247  147s
  2634  2070 21688.1293  543  104          - 14634.4118      -   239  151s
  2795  2073 14791.3262   34  443          - 14634.4118      -   234  157s
  2821  2096 14890.1749   42  343          - 14634.4118      -   236  160s
  2904  2155 15354.4630   74  281          - 14634.4118      -   239  167s
  2940  2181 15494.9013   95  233          - 14634.4118      -   239  173s
  2978  2215 15658.7691  103  210          - 14634.4118      -   239  177s
  3024  2255 16041.7342  112  217          - 14634.4118      -   240  181s
  3080  2297 16170.3378  135  246          - 14634.4118      -   241  185s
  3228  2362 15993.8325  116  294          - 14634.4118      -   236  190s
  3342  2546 16784.4470  264  251          - 14634.4118      -   234  198s
  3477  2653 17411.9402  341  204          - 14634.4118      -   230  204s
  3581  2619 17987.4481  376  165          - 14634.4118      -   226  205s
  3629  2868 18184.6194  383  208          - 14634.4118      -   226  210s
  3918  2877 22414.7278  509   53          - 14634.4118      -   215  228s
  3966  3060 21720.8628  512   57          - 14634.4719      -   214  233s
  4213  3162 14928.0456   35  410          - 14634.4719      -   206  239s
  4292  3488 15060.6846   36  435          - 14634.4719      -   207  247s
  4628  3569 15111.3298   45  336          - 14634.4719      -   197  253s
  4733  3630 15217.1066   60  293          - 14634.4719      -   196  259s
  4789  3784 15543.4635   79  238          - 14634.4719      -   197  264s
  4828  3784 15633.1757  115  214          - 14634.4719      -   196  265s
  4945  4187 16312.8906  176  138          - 14634.4719      -   195  271s
  5368  4240 infeasible  413               - 14674.5439      -   184  279s
  5434  4408 14892.5381   39  445          - 14674.5439      -   185  286s
  5602  4569 14979.1051   46  341          - 14674.5439      -   183  293s
  5815  4628 15213.2853   52  305          - 14674.5439      -   180  299s
  5874  4685 15269.5586   73  341          - 14674.5439      -   182  305s
  5931  4812 15557.0596   76  280          - 14674.5439      -   183  311s
