




arguments: ./build/bc_mirp -f ./input/orig_exec_70.cfg
Current dir: /scratch/gui/bc_mirp
File verbosity level: 9
date       time         ( uptime  ) [ thread name/id ]                   file:line     v| 
2021-02-07 06:31:59.795 (   0.409s) [main thread     ]             loguru.cpp:789   INFO| Logging to './output/vi_vc+lex_full/OU/V3/Original/execution_07_02_2021_06_31_59.log', mode: 'a', verbosity: 9
--------------------------------------------------------------------------------
Parameters
                           instance_path           ./input/Instances/Original/2/
                            model_policy                                       1
                             nb_vehicles                                       3
                              output_dir ./output/vi_vc+lex_full/OU/V3/Original/
                            sec_strategy                                       1
                       solver_nb_threads                                       2
                         solver_show_log                                    true
                       solver_time_limit                                    3600
                              use_vi_cos                                   false
                              use_vi_cus                                   false
                         use_vi_hc1_full                                   false
                         use_vi_hc1_half                                   false
                      use_vi_hc1_quarter                                   false
                              use_vi_hc2                                   false
                              use_vi_hc3                                   false
                         use_vi_lex_full                                    true
                         use_vi_lex_half                                   false
                      use_vi_lex_quarter                                   false
                              use_vi_qua                                   false
                               use_vi_vc                                    true
                               use_vi_vr                                   false
--------------------------------------------------------------------------------
executing instance: ./input/Instances/Original/2/absH3high_3n40.dat
--------------------------------------------------------------------------------
Instance details
n	41
H	3
C	3283
Li:
[0, 0, 0, 0, 0, 0, 0, 0, 0, 0, 0, 0, 0, 0, 0, 0, 0, 0, 0, 0, 0, 0, 0, 0, 0, 0, 0, 0, 0, 0, 0, 0, 0, 0, 0, 0, 0, 0, 0, 0, 0, ]
Ui:
[0, 63, 111, 99, 96, 111, 282, 122, 156, 261, 42, 192, 126, 42, 162, 207, 159, 122, 102, 190, 118, 102, 132, 102, 165, 252, 66, 52, 22, 114, 210, 176, 116, 294, 78, 152, 210, 45, 130, 198, 174, ]
Distance matrix:
|0	208	225	252	227	143	258	127	267	150	28	83	163	286	57	149	201	137	214	255	70	73	107	186	328	266	249	343	222	177	293	144	262	215	167	120	169	218	143	173	255	|
|208	0	397	355	416	198	216	99	211	275	193	172	97	166	240	225	362	109	277	314	182	216	273	374	298	208	319	161	14	103	93	120	58	196	152	156	372	227	260	218	453	|
|225	397	0	427	53	364	482	343	492	129	253	225	382	386	171	188	39	291	187	195	295	182	282	55	326	491	180	551	408	315	457	366	455	275	392	244	221	439	341	214	101	|
|252	355	427	0	401	158	201	263	219	396	234	328	259	498	299	400	420	354	465	506	205	324	152	374	574	219	499	393	366	389	446	235	378	456	205	359	224	150	111	423	400	|
|227	416	53	401	0	357	477	352	489	165	253	245	389	424	179	223	85	315	234	245	293	200	264	42	375	488	231	565	428	344	484	370	474	314	392	270	184	430	325	252	50	|
|143	198	364	158	357	0	121	105	134	290	116	196	103	342	200	276	343	205	343	385	74	210	112	319	432	133	382	265	209	237	290	78	226	313	57	220	232	75	69	292	375	|
|258	216	482	201	477	121	0	168	18	397	230	293	135	381	314	372	459	275	437	480	188	317	228	439	501	18	479	197	222	296	290	132	212	386	95	306	347	58	173	381	496	|
|127	99	343	263	352	105	168	0	171	239	105	130	40	237	173	206	313	109	270	312	84	164	175	310	337	169	313	216	112	135	192	37	142	220	77	138	280	155	162	213	382	|
|267	211	492	219	489	134	18	171	0	404	240	298	136	376	323	376	468	276	441	483	198	324	243	450	500	2	483	181	215	294	281	136	202	386	102	309	363	75	189	384	509	|
|150	275	129	396	165	290	397	239	404	0	175	110	279	259	97	59	91	166	84	116	217	80	245	130	226	402	106	434	286	187	329	269	333	149	302	119	244	364	291	87	213	|
|28	193	253	234	253	116	230	105	240	175	0	94	139	286	84	167	229	136	234	275	43	96	98	212	341	238	271	320	206	175	281	118	244	225	140	128	180	191	124	189	280	|
|83	172	225	328	245	196	293	130	298	110	94	0	169	209	77	80	191	71	147	189	127	45	189	203	247	296	187	327	184	106	241	162	230	132	198	38	242	266	217	96	285	|
|163	97	382	259	389	103	135	40	136	279	139	169	0	253	212	244	353	141	307	349	110	203	194	347	366	133	350	183	107	161	187	27	124	251	56	175	306	133	169	249	418	|
|286	166	386	498	424	342	381	237	376	259	286	209	253	0	284	201	347	151	210	230	299	247	383	387	155	374	242	290	162	112	129	270	192	113	308	172	451	386	391	172	471	|
|57	240	171	299	179	200	314	173	323	97	84	77	212	284	0	112	145	147	170	208	127	38	148	137	299	321	201	386	253	183	315	195	297	195	222	112	171	275	195	142	214	|
|149	225	188	400	223	276	372	206	376	59	167	80	244	201	112	0	149	117	67	110	205	78	254	186	187	374	108	387	235	132	272	240	283	93	277	71	279	346	291	32	270	|
|201	362	39	420	85	343	459	313	468	91	229	191	353	347	145	149	0	254	149	160	272	150	271	66	290	466	146	518	373	278	419	339	420	235	367	207	227	418	327	175	135	|
|137	109	291	354	315	205	275	109	276	166	136	71	141	151	147	117	254	0	172	212	151	116	232	273	229	274	215	270	119	39	170	145	167	111	186	47	305	263	245	113	356	|
|214	277	187	465	234	343	437	270	441	84	234	147	307	210	170	67	149	172	0	42	272	141	317	205	144	439	43	437	284	175	307	305	331	99	343	132	327	413	357	60	283	|
|255	314	195	506	245	385	480	312	483	116	275	189	349	230	208	110	160	212	42	0	314	182	356	222	132	481	15	474	321	212	337	347	367	126	385	174	358	455	398	100	295	|
|70	182	295	205	293	74	188	84	198	217	43	127	110	299	127	205	272	151	272	314	0	137	91	253	370	196	310	292	195	188	274	85	226	252	99	155	197	148	94	223	316	|
|73	216	182	324	200	210	317	164	324	80	96	45	203	247	38	78	150	116	141	182	137	0	176	158	263	323	176	369	229	150	286	191	274	157	223	77	208	284	216	106	239	|
|107	273	282	152	264	112	228	175	243	245	98	189	194	383	148	254	271	232	317	356	91	176	0	231	435	242	349	371	286	271	365	167	315	321	164	224	120	174	61	280	274	|
|186	374	55	374	42	319	439	310	450	130	212	203	347	387	137	186	66	273	205	222	253	158	231	0	348	448	208	523	386	303	442	329	431	279	352	229	167	392	291	217	85	|
|328	298	326	574	375	432	501	337	500	226	341	247	366	155	299	187	290	229	144	132	370	263	435	348	0	498	147	441	299	206	283	374	338	119	414	215	465	492	463	157	425	|
|266	208	491	219	488	133	18	169	2	402	238	296	133	374	321	374	466	274	439	481	196	323	242	448	498	0	481	180	213	292	278	134	200	384	100	307	362	75	188	381	508	|
|249	319	180	499	231	382	479	313	483	106	271	187	350	242	201	108	146	215	43	15	310	176	349	208	147	481	0	480	326	217	346	347	373	135	385	175	347	454	392	103	280	|
|343	161	551	393	565	265	197	216	181	434	320	327	183	290	386	387	518	270	437	474	292	369	371	523	441	180	480	0	153	263	163	207	107	352	208	317	487	244	334	379	598	|
|222	14	408	366	428	209	222	112	215	286	206	184	107	162	253	235	373	119	284	321	195	229	286	386	299	213	326	153	0	109	81	132	48	201	162	167	386	236	272	226	466	|
|177	103	315	389	344	237	296	135	294	187	175	106	161	112	183	132	278	39	175	212	188	150	271	303	206	292	217	263	109	0	142	171	156	95	211	74	344	289	281	118	386	|
|293	93	457	446	484	290	290	192	281	329	281	241	187	129	315	272	419	170	307	337	274	286	365	442	283	278	346	163	81	142	0	212	79	211	241	214	461	311	353	254	525	|
|144	120	366	235	370	78	132	37	136	269	118	162	27	270	195	240	339	145	305	347	85	191	167	329	374	134	347	207	132	171	212	0	151	257	40	174	280	119	142	248	398	|
|262	58	455	378	474	226	212	142	202	333	244	230	124	192	297	283	420	167	331	367	226	274	315	431	338	200	373	107	48	156	79	151	0	245	173	214	421	237	293	273	510	|
|215	196	275	456	314	313	386	220	386	149	225	132	251	113	195	93	235	111	99	126	252	157	321	279	119	384	135	352	201	95	211	257	245	0	297	97	365	374	345	62	362	|
|167	152	392	205	392	57	95	77	102	302	140	198	56	308	222	277	367	186	343	385	99	223	164	352	414	100	385	208	162	211	241	40	173	297	0	213	283	79	126	287	415	|
|120	156	244	359	270	220	306	138	309	119	128	38	175	172	112	71	207	47	132	174	155	77	224	229	215	307	175	317	167	74	214	174	214	97	213	0	280	286	248	75	313	|
|169	372	221	224	184	232	347	280	363	244	180	242	306	451	171	279	227	305	327	358	197	208	120	167	465	362	347	487	386	344	461	280	421	365	283	280	0	291	175	310	176	|
|218	227	439	150	430	75	58	155	75	364	191	266	133	386	275	346	418	263	413	455	148	284	174	392	492	75	454	244	236	289	311	119	237	374	79	286	291	0	116	359	445	|
|143	260	341	111	325	69	173	162	189	291	124	217	169	391	195	291	327	245	357	398	94	216	61	291	463	188	392	334	272	281	353	142	293	345	126	248	175	116	0	313	335	|
|173	218	214	423	252	292	381	213	384	87	189	96	249	172	142	32	175	113	60	100	223	106	280	217	157	381	103	379	226	118	254	248	273	62	287	75	310	359	313	0	300	|
|255	453	101	400	50	375	496	382	509	213	280	285	418	471	214	270	135	356	283	295	316	239	274	85	425	508	280	598	466	386	525	398	510	362	415	313	176	445	335	300	0	|

--------------------------------------------------------------------------------
Building model...
	using lazy and cut (CVRPSEP package)
Solving IRP LP...
--------------------------------------------------------------------------------

Gurobi 9.1.0 (linux64) logging started Sun Feb  7 06:31:59 2021

Gurobi Optimizer version 9.1.0 build v9.1.0rc0 (linux64)
Thread count: 32 physical cores, 32 logical processors, using up to 2 threads
Optimize a model with 1277 rows, 8273 columns and 19772 nonzeros
Model fingerprint: 0x426dfa1a
Variable types: 524 continuous, 7749 integer (369 binary)
Coefficient statistics:
  Matrix range     [1e+00, 2e+12]
  Objective range  [1e-01, 6e+02]
  Bounds range     [1e+00, 3e+02]
  RHS range        [1e+00, 6e+03]
Warning: Model contains large matrix coefficient range
         Consider reformulating model or setting NumericFocus parameter
         to avoid numerical issues.
Presolve removed 382 rows and 535 columns
Presolve time: 0.14s
Presolved: 895 rows, 7738 columns, 17410 nonzeros
Variable types: 316 continuous, 7422 integer (7049 binary)

Root relaxation: objective 1.227743e+04, 1000 iterations, 0.03 seconds

    Nodes    |    Current Node    |     Objective Bounds      |     Work
 Expl Unexpl |  Obj  Depth IntInf | Incumbent    BestBd   Gap | It/Node Time

     0     0 12277.4289    0  112          - 12277.4289      -     -    0s
     0     0 12748.0899    0  104          - 12748.0899      -     -    0s
     0     0 12748.0899    0  108          - 12748.0899      -     -    0s
     0     0 13424.9841    0  190          - 13424.9841      -     -    0s
     0     0 13468.7889    0  175          - 13468.7889      -     -    0s
     0     0 13498.2110    0  224          - 13498.2110      -     -    1s
     0     0 13498.2351    0  226          - 13498.2351      -     -    1s
     0     0 13610.0369    0  260          - 13610.0369      -     -    1s
     0     0 13628.0112    0  292          - 13628.0112      -     -    1s
     0     0 13645.7320    0  285          - 13645.7320      -     -    1s
     0     0 13646.7990    0  303          - 13646.7990      -     -    1s
     0     0 13701.9346    0  344          - 13701.9346      -     -    1s
     0     0 13717.8290    0  346          - 13717.8290      -     -    3s
     0     0 13719.8296    0  361          - 13719.8296      -     -    3s
     0     0 13741.2261    0  372          - 13741.2261      -     -    4s
     0     0 13751.5924    0  390          - 13751.5924      -     -    4s
     0     0 13765.9809    0  357          - 13765.9809      -     -    4s
     0     0 13774.1278    0  399          - 13774.1278      -     -    4s
     0     0 13775.6700    0  409          - 13775.6700      -     -    4s
     0     0 13795.0020    0  371          - 13795.0020      -     -    4s
     0     0 13801.4940    0  362          - 13801.4940      -     -    4s
     0     0 13801.8751    0  358          - 13801.8751      -     -    4s
     0     0 13806.2691    0  341          - 13806.2691      -     -    4s
     0     0 13806.2691    0  341          - 13806.2691      -     -    5s
     0     2 13806.2691    0  341          - 13806.2691      -     -    5s
   105   113 14207.5664   30  200          - 13814.9323      -   229   10s
*  440   455             206    17056.980000 13814.9323  19.0%   104   14s
   472   425 15085.1613   63  154 17056.9800 13814.9323  19.0%  98.3   16s
H  555   456                    16555.270000 13814.9323  16.6%  94.5   18s
   611   516 16205.0700  142    - 16555.2700 13825.9270  16.5%  89.8   20s
   659   549 14047.4497    9  281 16555.2700 13825.9270  16.5%  94.7   25s
H  732   581                    16489.270000 13825.9270  16.2%   101   30s
   747   591 15876.2279  122  503 16489.2700 13926.3895  15.5%  99.4   35s
   764   602 14088.0496   11  456 16489.2700 13944.2670  15.4%  97.2   40s
   780   614 14707.9544   53  445 16489.2700 13944.5551  15.4%   107   45s
H  783   584                    16484.190000 13944.8839  15.4%   107   46s
   791   589 15001.0340   63  439 16484.1900 13945.5054  15.4%   106   50s
   795   595 13960.3065   25  424 16484.1900 13955.1177  15.3%   114   57s
   811   607 13996.7717   29  449 16484.1900 13979.2726  15.2%   122   60s
   848   633 14230.4295   36  303 16484.1900 13991.4701  15.1%   135   65s
H  878   620                    16474.890000 13991.4701  15.1%   142   68s
   879   628 14311.4123   44  277 16474.8900 13991.4701  15.1%   142   70s
   992   709 14901.3568   73  163 16474.8900 13991.4701  15.1%   144   75s
  1127   830 15212.0462  102  161 16474.8900 13991.4701  15.1%   139   80s
  1436   966 15645.6635  158   63 16474.8900 13991.4701  15.1%   122   85s
  1609  1039 14105.6475   31  425 16474.8900 13995.3464  15.1%   119   92s
  1631  1057 14162.6340   36  386 16474.8900 13995.3464  15.1%   123   95s
  1699  1110 14288.2566   56  303 16474.8900 13995.3464  15.1%   128  100s
  1795  1202 14539.9699   79  135 16474.8900 13995.3464  15.1%   132  105s
  1958  1341 15151.5935  112   69 16474.8900 13995.3464  15.1%   131  111s
  2161  1533 15556.7033  168   36 16474.8900 13995.3464  15.1%   125  116s
  2403  1571 14084.4790   29  451 16474.8900 13995.5068  15.0%   117  120s
  2500  1638 14196.0610   42  375 16474.8900 13995.5068  15.0%   117  125s
  2597  1747 14337.4686   49  245 16474.8900 13995.5068  15.0%   119  130s
  2722  1892 14519.1022   52  214 16474.8900 13995.5068  15.0%   119  135s
  2880  1960 14555.5613   65  266 16474.8900 13995.5068  15.0%   116  140s
  2959  2052 14696.8819   98  186 16474.8900 13995.5068  15.0%   119  146s
H 2987  1976                    16336.020000 13995.5068  14.3%   118  147s
  2997  2021 14814.5446  122  113 16336.0200 13995.5068  14.3%   119  150s
  3138  2218 15177.0412  209  116 16336.0200 13995.5068  14.3%   117  155s
  3401  2442 16109.9340  349   65 16336.0200 13996.8724  14.3%   113  161s
  3614  2559 14355.0191   37  391 16336.0200 13996.8724  14.3%   110  170s
  3738  2832 14598.0553   47  196 16336.0200 13996.8724  14.3%   108  177s
  3918  2872 15139.1199   75  152 16336.0200 13996.8724  14.3%   105  181s
  3971  2983 15321.3192   99  110 16336.0200 14003.3613  14.3%   104  186s
  4135  3043 14890.4157   43  138 16336.0200 14022.2859  14.2%   103  190s
  4196  3087 14911.5164   45   91 16336.0200 14028.6354  14.1%   103  209s
  4280  3113     cutoff   91      16336.0200 14030.0637  14.1%   105  213s
  4292  3130 14168.5939   31  405 16336.0200 14030.0637  14.1%   106  216s
  4336  3219 14456.8261   38  226 16336.0200 14030.0637  14.1%   109  222s
  4398  3267 14641.9048   45  246 16336.0200 14030.0637  14.1%   110  226s
  4446  3446 14645.9286   46  226 16336.0200 14030.0637  14.1%   110  230s
  4625  3530 14926.8908   54  140 16336.0200 14030.0637  14.1%   109  236s
  4723  3616 15437.2308   64   94 16336.0200 14030.0637  14.1%   108  241s
  4813  3693 16247.8814   93   84 16336.0200 14058.6399  13.9%   109  246s
  4920  3717 14220.1206   31  432 16336.0200 14058.6399  13.9%   108  253s
  4945  3799 14403.4711   36  425 16336.0200 14058.6399  13.9%   108  257s
  5063  3847 14635.1482   49  276 16336.0200 14058.6399  13.9%   107  262s
  5111  4010 15455.4022   89  108 16336.0200 14058.6399  13.9%   108  267s
  5284  4172 16042.2390  232   59 16336.0200 14073.4423  13.9%   107  273s
  5464  4276 14728.9353   45  234 16336.0200 14073.4423  13.9%   105  278s
  5580  4412 15083.1627  123   40 16336.0200 14084.7996  13.8%   105  284s
  5655  4412 15663.1106  198   55 16336.0200 14084.7996  13.8%   104  285s
  5778  4469 14327.8851   42  408 16336.0200 14084.7996  13.8%   105  290s
  5790  4701 14610.7998   84  122 16336.0200 14084.7996  13.8%   106  295s
  6022  4854 15356.4053  284   57 16336.0200 14086.5740  13.8%   104  302s
  6207  5152 14482.6419   40  218 16336.0200 14090.2275  13.7%   103  309s
  6513  5254 14471.8062   36  234 16336.0200 14090.2275  13.7%   101  315s
  6627  5448 14650.9046   50  112 16336.0200 14090.2275  13.7%   102  322s
* 6697  1661              86    14908.810000 14090.2275  5.49%   102  322s
  6823  1597     cutoff  156      14908.8100 14091.9869  5.48%   101  327s
  6860  1669 14563.8253   45  256 14908.8100 14092.0472  5.48%   102  331s
  6948  1696 14876.8860  109   26 14908.8100 14101.2556  5.42%   103  337s
  6989  1747 14392.5835   35  322 14908.8100 14101.5061  5.41%   104  341s
H 7055  1501                    14826.690000 14101.5061  4.89%   105  346s
  7107  1526 14792.1992   67   99 14826.6900 14106.8840  4.85%   106  353s
  7155  1544     cutoff   53      14826.6900 14108.5003  4.84%   107  358s
  7206  1572 14239.4395   31  384 14826.6900 14108.5003  4.84%   108  363s
  7272  1660 14475.8743   43  266 14826.6900 14110.1029  4.83%   109  371s
  7368  1728 14522.2739   49  270 14826.6900 14110.7921  4.83%   110  378s
  7457  1785 14474.5033   45  228 14826.6900 14114.3527  4.80%   111  386s
  7539  1829 14808.6138   75   31 14826.6900 14114.9153  4.80%   112  394s
H 7600  1317                    14692.050000 14114.9765  3.93%   113  403s
  7664  1348 14312.7810   33  441 14692.0500 14116.4108  3.92%   115  411s
  7719  1420     cutoff   67      14692.0500 14117.2917  3.91%   116  419s
  7804  1487 14596.7880   58   83 14692.0500 14122.9781  3.87%   117  427s
  7896  1523 14264.5604   32  436 14692.0500 14128.5492  3.84%   119  436s
  7957  1567 14680.5630   53  313 14692.0500 14130.6481  3.82%   120  444s
  8036  1613 14453.0897   38  287 14692.0500 14136.2389  3.78%   122  452s
  8130  1740 14427.7956   38  200 14692.0500 14142.5247  3.74%   123  461s
H 8274  1642                    14669.010000 14142.5247  3.59%   124  471s
  8308  1723 infeasible   38      14669.0100 14144.1555  3.58%   125  481s
  8471  1779     cutoff   75      14669.0100 14144.3017  3.58%   125  490s
  8568  1821 14319.3246   38  407 14669.0100 14152.0157  3.52%   127  498s
  8617  1883 14603.9839   70  208 14669.0100 14155.9709  3.50%   128  507s
  8705  1941 14370.9170   33  300 14669.0100 14160.3719  3.47%   130  517s
  8792  2020 14660.9287   34  206 14669.0100 14164.4161  3.44%   130  527s
  8907  2067 14354.7084   32  343 14669.0100 14174.9755  3.37%   131  536s
  8969  2103 14522.8513   41  322 14669.0100 14175.1349  3.37%   133  546s
  9027  2152 14537.8585   39  366 14669.0100 14175.4375  3.36%   135  556s
  9115  2252 14327.7521   33  324 14669.0100 14175.7796  3.36%   136  567s
  9284  2333 14265.5922   38  261 14669.0100 14181.9583  3.32%   137  577s
H 9328  1934                    14614.010000 14181.9583  2.96%   138  577s
  9381  1990 14574.8609   54  257 14614.0100 14183.0694  2.95%   138  593s
  9484  2087     cutoff   61      14614.0100 14188.7505  2.91%   140  607s
  9643  2129 14479.1962   44  283 14614.0100 14198.1136  2.85%   140  617s
  9738  2157 14601.1631   48  243 14614.0100 14201.9229  2.82%   142  627s
  9837  2202     cutoff   46      14614.0100 14203.9166  2.81%   143  638s
  9928  2242 14506.2533   43  297 14614.0100 14204.7688  2.80%   144  649s
  9998  2276 14426.7339   44  377 14614.0100 14206.9352  2.79%   146  660s
 10090  2300 14508.0591   33  362 14614.0100 14208.0980  2.78%   148  671s
 10134  2377 14519.7416   40  336 14614.0100 14208.4334  2.78%   149  682s
 10251  2427 14594.0354   42  241 14614.0100 14210.0578  2.76%   151  694s
 10346  2472 14537.5742   43  197 14614.0100 14212.2317  2.75%   152  706s
 10441  2539 14301.0660   34  297 14614.0100 14213.7922  2.74%   153  718s
 10570  2567 14424.1270   36  387 14614.0100 14215.9280  2.72%   155  730s
 10659  2625 14265.1799   36  448 14614.0100 14220.0576  2.70%   156  742s
 10753  2654 14400.8729   38  406 14614.0100 14221.2228  2.69%   157  754s
 10860  2747 14534.2468   37  262 14614.0100 14222.1902  2.68%   159  766s
 10998  2802 14595.6291   48  236 14614.0100 14223.3340  2.67%   160  778s
 11116  2894 14276.3703   37  372 14614.0100 14224.1771  2.67%   161  790s
 11270  2969 14325.6602   42  284 14614.0100 14226.8332  2.65%   162  803s
 11422  2989 14484.9781   40  327 14614.0100 14227.8207  2.64%   163  815s
 11506  3065 14387.0852   41  303 14614.0100 14228.5493  2.64%   164  827s
 11631  3133 14451.7667   39  428 14614.0100 14231.1534  2.62%   166  841s
 11746  3186 14404.2691   41  368 14614.0100 14233.7135  2.60%   166  857s
 11854  3241 14517.5539   40  207 14614.0100 14236.3467  2.58%   168  870s
 11967  3319 14392.7083   42  244 14614.0100 14237.6929  2.58%   168  882s
 12104  3404 14506.1133   41  269 14614.0100 14240.4893  2.56%   169  895s
 12250  3477 14373.4056   42  386 14614.0100 14243.4648  2.54%   170  908s
 12372  3581 14577.1275   46  262 14614.0100 14244.3365  2.53%   171  922s
 12552  3654 14524.8605   47  356 14614.0100 14245.9122  2.52%   172  935s
 12704  3749 14448.9670   37  364 14614.0100 14247.7112  2.51%   173  980s
 12868  3825     cutoff   65      14614.0100 14248.9745  2.50%   175  993s
 13012  3902 14502.1457   47  228 14614.0100 14253.8834  2.46%   176 1010s
 13195  3954 14607.1441   38  212 14614.0100 14254.4049  2.46%   177 1024s
 13317  3982 14576.8676   37  249 14614.0100 14255.8824  2.45%   178 1037s
 13416  4141 14370.5386   47  326 14614.0100 14257.4219  2.44%   179 1051s
 13669  4169 14521.0860   48  335 14614.0100 14259.4592  2.43%   178 1065s
 13770  4204 14516.7387   44  158 14614.0100 14260.1368  2.42%   180 1080s
 13897  4242 14303.9607   31  290 14614.0100 14262.4498  2.41%   180 1094s
 14005  4280 14496.5656   45  221 14614.0100 14263.1209  2.40%   182 1109s
 14111  4336 14488.3586   41  345 14614.0100 14264.1061  2.39%   183 1123s
 14246  4413 14417.8004   41  315 14614.0100 14265.2457  2.39%   184 1137s
 14400  4508 14408.8373   43  210 14614.0100 14265.6379  2.38%   185 1152s
 14592  4577 14415.4550   40  306 14614.0100 14267.0507  2.37%   185 1166s
 14757  4631 14599.3382   34  312 14614.0100 14269.4280  2.36%   186 1180s
 14909  4697 14608.2788   61  286 14614.0100 14270.7271  2.35%   187 1194s
 15046  4775 14410.0697   44  272 14614.0100 14271.6984  2.34%   188 1209s
 15244  4832 14582.5428   52  127 14614.0100 14273.2084  2.33%   188 1224s
 15395  4977 14574.7817   38  363 14614.0100 14274.7438  2.32%   190 1240s
 15602  5082 14411.4245   40  349 14614.0100 14275.6340  2.32%   190 1255s
 15787  5210 14423.3944   52  147 14614.0100 14276.3120  2.31%   191 1273s
 16023  5284     cutoff   64      14614.0100 14276.9613  2.31%   190 1287s
 16193  5466 14398.5826   38  276 14614.0100 14278.9154  2.29%   191 1303s
 16476  5540 14294.5247   37  337 14614.0100 14281.0137  2.28%   190 1318s
 16595  5603 14570.0743   42  385 14614.0100 14281.7548  2.27%   191 1333s
 16737  5694 14450.2908   58  295 14614.0100 14282.8411  2.27%   192 1348s
 16896  5745 14558.8584   48  402 14614.0100 14284.2730  2.26%   193 1362s
 17013  5823 14575.6057   46  346 14614.0100 14285.2120  2.25%   194 1377s
 17193  5882 14429.9244   38  159 14614.0100 14286.4725  2.24%   194 1391s
 17337  5941     cutoff   40      14614.0100 14286.9225  2.24%   195 1408s
 17461  6029     cutoff   54      14614.0100 14288.6479  2.23%   196 1423s
 17635  6093     cutoff   40      14614.0100 14291.8740  2.20%   196 1440s
 17786  6195 14469.2991   44  273 14614.0100 14293.0885  2.20%   197 1455s
 17994  6236 14582.7487   43  332 14614.0100 14294.5392  2.19%   197 1471s
 18117  6294 14569.2801   46  285 14614.0100 14294.9623  2.18%   198 1487s
 18300  6380 14609.4511   52  131 14614.0100 14295.4759  2.18%   198 1503s
 18483  6481     cutoff   71      14614.0100 14297.2008  2.17%   199 1519s
 18577  6481 14463.9069   44  191 14614.0100 14297.2008  2.17%   199 1520s
 18700  6537 14530.7751   39  356 14614.0100 14297.7809  2.16%   199 1535s
 18858  6596 14579.9391   36  317 14614.0100 14298.3189  2.16%   200 1551s
 19019  6677     cutoff   53      14614.0100 14298.9380  2.16%   201 1566s
 19217  6746 14467.5146   35  265 14614.0100 14300.2238  2.15%   201 1582s
 19367  6849     cutoff   37      14614.0100 14301.6833  2.14%   201 1598s
 19584  6957 14559.8726   40  331 14614.0100 14302.7013  2.13%   201 1716s
 19756  7149 14586.7603   62   47 14614.0100 14303.0532  2.13%   201 1733s
 20061  7269 14573.5773   43  363 14614.0100 14304.5777  2.12%   201 1751s
 20338  7340 14529.1818   50  304 14614.0100 14305.7599  2.11%   200 1767s
 20518  7423 14600.6586   36  341 14614.0100 14307.1074  2.10%   201 1784s
 20666  7423 14547.0774   46  113 14614.0100 14308.7257  2.09%   201 1785s
 20746  7504 14493.0918   42  217 14614.0100 14309.5445  2.08%   201 1801s
 20970  7630     cutoff   39      14614.0100 14310.8394  2.07%   201 1818s
 21220  7700 14605.2079   41  261 14614.0100 14312.3197  2.06%   201 1835s
 21388  7789 14581.1558   49  192 14614.0100 14313.7050  2.05%   202 1852s
 21598  7854 14451.6597   40  354 14614.0100 14314.4599  2.05%   202 1869s
 21673  7854 14432.0965   41  347 14614.0100 14315.7128  2.04%   203 1870s
 21767  8004 14600.8235   49  308 14614.0100 14315.7219  2.04%   203 1887s
 22027  8044 14569.9938   62  187 14614.0100 14317.2473  2.03%   203 1911s
 22135  8144 14502.2063   45  110 14614.0100 14318.1989  2.02%   203 1932s
 22327  8230 14604.0659   52   55 14614.0100 14319.6099  2.01%   203 1949s
 22529  8371     cutoff   47      14614.0100 14320.5653  2.01%   203 1966s
 22770  8459 14495.3717   40  281 14614.0100 14321.6344  2.00%   204 1983s
 22978  8562 14572.6683   39  191 14614.0100 14322.3081  2.00%   204 2000s
 23181  8651 14441.6745   44  259 14614.0100 14324.4384  1.98%   204 2017s
 23371  8739 14407.8532   41  311 14614.0100 14325.9952  1.97%   205 2033s
 23569  8923     cutoff   55      14614.0100 14327.1108  1.96%   205 2052s
 23889  9003 14530.1418   48   69 14614.0100 14327.9024  1.96%   204 2069s
 24080  9084 14468.3451   39  293 14614.0100 14328.8690  1.95%   205 2086s
 24277  9152     cutoff   42      14614.0100 14330.1093  1.94%   205 2102s
 24479  9306 14609.9438   49  202 14614.0100 14330.8256  1.94%   206 2120s
 24776  9409 14442.6525   45  205 14614.0100 14332.4453  1.93%   205 2137s
 24985  9522 14540.2532   47  382 14614.0100 14333.5315  1.92%   205 2155s
 25219  9576     cutoff   45      14614.0100 14334.8692  1.91%   205 2172s
 25376  9680 14608.4456   44  171 14614.0100 14336.0838  1.90%   206 2191s
 25603  9772 14529.6498   46  308 14614.0100 14336.9150  1.90%   206 2209s
 25739  9772 14581.0713   70   76 14614.0100 14337.4367  1.89%   206 2210s
 25809  9887 14556.6421   53  315 14614.0100 14337.4686  1.89%   207 2227s
 26082  9957 14538.1075   38  311 14614.0100 14338.6034  1.88%   207 2244s
 26262 10100     cutoff   45      14614.0100 14339.0880  1.88%   207 2261s
 26519 10185 14418.1462   39  361 14614.0100 14340.3329  1.87%   207 2279s
 26565 10185 14493.9426   45  147 14614.0100 14340.3329  1.87%   207 2280s
 26725 10304 14401.5169   40  273 14614.0100 14340.8075  1.87%   207 2296s
 26961 10390 14587.7754   45  228 14614.0100 14342.0280  1.86%   207 2314s
 27184 10518 14574.6188   40  310 14614.0100 14342.3963  1.86%   208 2331s
 27433 10585     cutoff   54      14614.0100 14343.4523  1.85%   208 2348s
 27612 10696 infeasible   60      14614.0100 14344.1416  1.85%   208 2366s
 27847 10791 14435.2678   38  284 14614.0100 14344.8352  1.84%   208 2384s
 28066 10920 14491.3413   44  267 14614.0100 14345.2635  1.84%   208 2401s
 28330 11041     cutoff   42      14614.0100 14346.5932  1.83%   208 2419s
 28383 11041 14557.4426   56  210 14614.0100 14346.5932  1.83%   208 2420s
 28572 11167 14540.2340   50  317 14614.0100 14347.6699  1.82%   208 2436s
 28820 11249 14500.5187   37  249 14614.0100 14348.9450  1.81%   208 2454s
 29026 11348 14379.1168   35  387 14614.0100 14349.5976  1.81%   208 2471s
 29262 11389 14570.7684   41  369 14614.0100 14350.2901  1.80%   209 2489s
 29323 11389     cutoff   52      14614.0100 14350.8648  1.80%   209 2490s
 29398 11472     cutoff   45      14614.0100 14350.9455  1.80%   209 2507s
 29674 11589 14562.8209   38  138 14614.0100 14351.7268  1.79%   209 2526s
 29911 11667 14605.0029   39  281 14614.0100 14352.3430  1.79%   209 2545s
 30125 11726     cutoff   44      14614.0100 14352.6872  1.79%   210 2562s
 30320 11838 14400.0797   33  270 14614.0100 14353.4244  1.78%   210 2580s
 30545 11944 14424.5723   41  296 14614.0100 14354.1409  1.78%   210 2599s
 30621 11944 14530.9293   52  220 14614.0100 14354.1409  1.78%   210 2600s
 30772 12042     cutoff   41      14614.0100 14354.7558  1.77%   210 2618s
 31000 12132     cutoff   42      14614.0100 14355.4041  1.77%   210 2637s
 31253 12218 14383.6466   36  431 14614.0100 14356.1920  1.76%   210 2656s
 31465 12392 14452.1655   45  299 14614.0100 14356.8709  1.76%   211 2674s
 31763 12533 14513.1616   46  179 14614.0100 14357.7503  1.75%   210 2693s
 32044 12658 14550.4152   50  299 14614.0100 14358.5435  1.75%   210 2712s
 32293 12713 14464.4466   40  238 14614.0100 14358.9812  1.75%   210 2730s
 32490 12790 14507.7546   47  300 14614.0100 14359.6749  1.74%   210 2749s
 32559 12790 14516.9501   42  250 14614.0100 14359.6749  1.74%   211 2750s
 32702 12969 14474.0667   42  245 14614.0100 14360.1643  1.74%   211 2768s
 32916 12969 14489.2557   38  364 14614.0100 14360.8037  1.73%   210 2770s
 33029 13061     cutoff   63      14614.0100 14360.8956  1.73%   210 2787s
 33292 13211     cutoff   56      14614.0100 14361.6158  1.73%   210 2807s
 33595 13313 14521.9663   57  270 14614.0100 14362.2336  1.72%   210 2826s
 33844 13430 14579.9016   43  198 14614.0100 14362.8676  1.72%   210 2844s
 33905 13430 14594.4812   60  238 14614.0100 14362.8676  1.72%   210 2845s
 34134 13520 14576.6593   41  306 14614.0100 14363.4013  1.71%   210 2863s
 34345 13600 14451.6938   43  240 14614.0100 14364.3480  1.71%   210 2881s
 34559 13714     cutoff   47      14614.0100 14364.7306  1.71%   210 2900s
 34810 13854 14426.8873   40  342 14614.0100 14365.1948  1.70%   210 2919s
 35083 13975 14562.5299   49  277 14614.0100 14365.7823  1.70%   210 2936s
 35335 14038 14435.5596   43  232 14614.0100 14366.4083  1.69%   210 2955s
 35512 14187 14540.9363   51  212 14614.0100 14366.8483  1.69%   210 2972s
 35805 14306     cutoff   61      14614.0100 14367.8706  1.68%   210 2991s
 36052 14464 14510.3867   41  259 14614.0100 14368.7618  1.68%   210 3011s
 36378 14581 14549.2675   48  215 14614.0100 14369.3849  1.67%   210 3029s
 36467 14581 14514.6821   48   74 14614.0100 14369.3849  1.67%   210 3030s
 36628 14717 14591.0277   53   92 14614.0100 14369.9611  1.67%   210 3049s
 36899 14881 14601.4373   38  344 14614.0100 14370.4234  1.67%   210 3068s
 37132 14881 14597.7523   65  106 14614.0100 14370.8124  1.66%   209 3070s
 37227 14991 14542.6947   46  374 14614.0100 14370.8335  1.66%   209 3087s
 37529 15107 14593.0193   57   33 14614.0100 14371.3729  1.66%   209 3105s
 37800 15198 14514.6026   47  301 14614.0100 14371.9151  1.66%   209 3124s
 38005 15198 14601.4282   56   80 14614.0100 14372.5998  1.65%   209 3125s
 38032 15319 14526.8826   43  272 14614.0100 14372.7075  1.65%   209 3143s
 38310 15487 14608.3042   54  131 14614.0100 14373.0090  1.65%   209 3162s
 38649 15634 14551.5692   42  195 14614.0100 14373.4447  1.65%   208 3181s
 38912 15795     cutoff   72      14614.0100 14373.9558  1.64%   208 3200s
 39203 15889 14532.9216   43  321 14614.0100 14374.3760  1.64%   208 3218s
 39471 15955     cutoff   44      14614.0100 14374.9007  1.64%   208 3238s
 39644 16092 14431.5694   41  303 14614.0100 14375.3833  1.63%   208 3257s
 39943 16209     cutoff   48      14614.0100 14375.9715  1.63%   208 3277s
 40228 16323 14565.3864   47  223 14614.0100 14376.6221  1.62%   208 3298s
 40507 16475 14466.4378   42  303 14614.0100 14376.9917  1.62%   208 3317s
 40847 16565     cutoff   66      14614.0100 14377.4398  1.62%   208 3337s
 41093 16646 14575.8403   55  171 14614.0100 14377.8786  1.62%   208 3355s
 41328 16744     cutoff   51      14614.0100 14378.1828  1.61%   208 3374s
 41578 16838     cutoff   46      14614.0100 14378.6029  1.61%   208 3392s
 41827 16904 14511.9309   48  180 14614.0100 14379.2737  1.61%   208 3411s
 42011 17003 14535.0270   50  357 14614.0100 14379.6520  1.60%   208 3429s
 42245 17079 14586.6731   47  171 14614.0100 14380.0749  1.60%   208 3447s
 42476 17171     cutoff   48      14614.0100 14380.4855  1.60%   209 3465s
 42744 17253 14426.8195   36  197 14614.0100 14381.3231  1.59%   208 3483s
 42965 17329 14576.9352   46  349 14614.0100 14381.5253  1.59%   209 3500s
 43185 17467 14603.0054   54  130 14614.0100 14382.1843  1.59%   209 3519s
 43320 17467 14583.5030   49  198 14614.0100 14382.1843  1.59%   208 3520s
 43511 17565 14491.1397   39  271 14614.0100 14383.1187  1.58%   208 3538s
 43753 17630     cutoff   48      14614.0100 14383.5052  1.58%   208 3557s
 43940 17699     cutoff   46      14614.0100 14383.7759  1.58%   209 3577s
 44139 17822 14489.3473   38  369 14614.0100 14384.2521  1.57%   209 3596s
 44406 17829 14532.2980   49  297 14614.0100 14384.6245  1.57%   209 3600s

Cutting planes:
  User: 4684
  Gomory: 24
  Cover: 347
  Implied bound: 126
  Projected implied bound: 9
  Clique: 26
  MIR: 105
  StrongCG: 2
  Flow cover: 241
  GUB cover: 1
  Zero half: 18
  Network: 2
  RLT: 221
  Relax-and-lift: 2
  Lazy constraints: 1423

Explored 44421 nodes (9277808 simplex iterations) in 3600.08 seconds
Thread count was 2 (of 32 available processors)

Solution count 10: 14614 14669 14692 ... 16555.3

Time limit reached
Best objective 1.461401000000e+04, best bound 1.438462447630e+04, gap 1.5696%

User-callback calls 285831, time in user-callback 186.52 sec
================================================================================
executing instance: ./input/Instances/Original/2/absH3high_4n10.dat
--------------------------------------------------------------------------------
Instance details
n	11
H	3
C	822
Li:
[0, 0, 0, 0, 0, 0, 0, 0, 0, 0, 0, ]
Ui:
[0, 102, 52, 88, 182, 153, 138, 38, 165, 297, 86, ]
Distance matrix:
|0	285	411	382	327	239	148	256	307	36	383	|
|285	0	352	98	249	103	227	235	120	268	209	|
|411	352	0	395	106	430	263	549	234	429	174	|
|382	98	395	0	302	173	320	288	168	364	227	|
|327	249	106	302	0	324	179	444	135	339	109	|
|239	103	430	173	324	0	241	132	212	212	305	|
|148	227	263	320	179	241	0	325	192	165	249	|
|256	235	549	288	444	132	325	0	342	220	436	|
|307	120	234	168	135	212	192	342	0	304	94	|
|36	268	429	364	339	212	165	220	304	0	386	|
|383	209	174	227	109	305	249	436	94	386	0	|

--------------------------------------------------------------------------------
Building model...
	using lazy and cut (CVRPSEP package)
Solving IRP LP...
--------------------------------------------------------------------------------

Gurobi 9.1.0 (linux64) logging started Sun Feb  7 07:32:00 2021

Gurobi Optimizer version 9.1.0 build v9.1.0rc0 (linux64)
Thread count: 32 physical cores, 32 logical processors, using up to 2 threads
Optimize a model with 347 rows, 728 columns and 2282 nonzeros
Model fingerprint: 0x538bdc5f
Variable types: 134 continuous, 594 integer (99 binary)
Coefficient statistics:
  Matrix range     [1e+00, 2e+03]
  Objective range  [2e-01, 5e+02]
  Bounds range     [1e+00, 3e+02]
  RHS range        [1e+00, 1e+03]
Presolve removed 116 rows and 149 columns
Presolve time: 0.05s
Presolved: 231 rows, 579 columns, 1675 nonzeros
Variable types: 72 continuous, 507 integer (422 binary)

Root relaxation: objective 3.930717e+03, 388 iterations, 0.01 seconds

    Nodes    |    Current Node    |     Objective Bounds      |     Work
 Expl Unexpl |  Obj  Depth IntInf | Incumbent    BestBd   Gap | It/Node Time

     0     0 3930.71742    0   61          - 3930.71742      -     -    0s
     0     0 4264.98842    0   61          - 4264.98842      -     -    0s
H    0     0                    7859.3400000 4264.98842  45.7%     -    0s
     0     0 4270.38195    0   66 7859.34000 4270.38195  45.7%     -    0s
     0     0 4413.12168    0   76 7859.34000 4413.12168  43.8%     -    0s
H    0     0                    7388.6400000 4413.12168  40.3%     -    0s
     0     0 4413.16913    0   77 7388.64000 4413.16913  40.3%     -    0s
     0     0 4431.05315    0   84 7388.64000 4431.05315  40.0%     -    0s
     0     0 4484.83853    0   92 7388.64000 4484.83853  39.3%     -    0s
     0     0 4489.70204    0  108 7388.64000 4489.70204  39.2%     -    0s
     0     0 4490.88952    0  109 7388.64000 4490.88952  39.2%     -    0s
     0     0 4491.19355    0  108 7388.64000 4491.19355  39.2%     -    0s
     0     0 4510.16238    0   76 7388.64000 4510.16238  39.0%     -    0s
H    0     0                    7380.9800000 4510.16238  38.9%     -    0s
     0     0 4515.28204    0  118 7380.98000 4515.28204  38.8%     -    0s
     0     0 4521.82349    0   97 7380.98000 4521.82349  38.7%     -    0s
     0     0 4534.36590    0  104 7380.98000 4534.36590  38.6%     -    0s
H    0     0                    6871.6400000 4534.36590  34.0%     -    0s
     0     0 4542.82820    0  119 6871.64000 4542.82820  33.9%     -    0s
     0     0 4545.24146    0  121 6871.64000 4545.24146  33.9%     -    0s
     0     0 4546.45117    0  120 6871.64000 4546.45117  33.8%     -    0s
     0     0 4546.65577    0  121 6871.64000 4546.65577  33.8%     -    0s
     0     0 4560.30218    0  114 6871.64000 4560.30218  33.6%     -    0s
     0     0 4562.46932    0  105 6871.64000 4562.46932  33.6%     -    0s
     0     0 4567.31402    0  102 6871.64000 4567.31402  33.5%     -    0s
     0     0 4572.03477    0  107 6871.64000 4572.03477  33.5%     -    0s
     0     0 4572.05792    0  109 6871.64000 4572.05792  33.5%     -    0s
     0     0 4572.42104    0  114 6871.64000 4572.42104  33.5%     -    0s
     0     0 4572.42104    0  114 6871.64000 4572.42104  33.5%     -    0s
     0     2 4574.67763    0  114 6871.64000 4574.67763  33.4%     -    0s
H   32    36                    6592.6000000 4742.76557  28.1%  63.5    0s
*  111   108              36    5689.7000000 4742.76557  16.6%  32.8    0s
H  174   141                    5656.7000000 4795.39744  15.2%  44.2    0s
H  516   279                    5650.7000000 4929.70928  12.8%  34.9    1s
*  798   351              13    5607.8400000 5031.21705  10.3%  35.8    1s
H 1151   414                    5606.3200000 5102.59845  8.98%  35.7    2s
* 1220   421              14    5588.8400000 5116.81984  8.45%  35.7    2s
* 1460   377              16    5482.8600000 5155.87108  5.96%  35.5    2s

Cutting planes:
  User: 230
  Gomory: 6
  Cover: 97
  Implied bound: 44
  Clique: 7
  MIR: 46
  StrongCG: 1
  Flow cover: 45
  GUB cover: 1
  Zero half: 2
  RLT: 45
  Relax-and-lift: 2
  Lazy constraints: 88

Explored 2754 nodes (98085 simplex iterations) in 4.32 seconds
