




arguments: ./build/mirp_solver -f ./input/orig_exec_149.cfg
Current dir: /scratch/gui/bnc_mirp
File verbosity level: 9
date       time         ( uptime  ) [ thread name/id ]                   file:line     v| 
2021-01-10 01:32:11.108 (   0.109s) [main thread     ]             loguru.cpp:789   INFO| Logging to './output/vi_hc2/OU/V5/Original/execution_10_01_2021_01_32_11.log', mode: 'a', verbosity: 9
--------------------------------------------------------------------------------
Parameters
                           instance_path           ./input/Instances/Original/4/
                            model_policy                                       1
                             nb_vehicles                                       5
                              output_dir         ./output/vi_hc2/OU/V5/Original/
                            sec_strategy                                       1
                       solver_nb_threads                                       2
                         solver_show_log                                    true
                       solver_time_limit                                    3600
                              use_vi_cos                                   false
                              use_vi_cus                                   false
                         use_vi_hc1_full                                   false
                         use_vi_hc1_half                                   false
                      use_vi_hc1_quarter                                   false
                              use_vi_hc2                                    true
                              use_vi_hc3                                   false
                         use_vi_lex_full                                   false
                         use_vi_lex_half                                   false
                      use_vi_lex_quarter                                   false
                              use_vi_qua                                   false
                               use_vi_vc                                   false
                               use_vi_vr                                   false
--------------------------------------------------------------------------------
executing instance: ./input/Instances/Original/4/absH3low_3n30.dat
--------------------------------------------------------------------------------
Instance details
n	31
H	3
C	2841
Li:
[0, 0, 0, 0, 0, 0, 0, 0, 0, 0, 0, 0, 0, 0, 0, 0, 0, 0, 0, 0, 0, 0, 0, 0, 0, 0, 0, 0, 0, 0, 0, ]
Ui:
[0, 246, 98, 54, 144, 171, 192, 180, 165, 98, 122, 198, 297, 144, 130, 129, 219, 138, 142, 150, 108, 66, 64, 285, 180, 204, 276, 168, 240, 198, 122, ]
Distance matrix:
|0	172	56	166	260	198	42	197	296	110	91	112	238	275	323	183	330	232	175	181	162	191	232	280	201	139	356	185	266	216	26	|
|172	0	178	223	320	335	153	355	444	62	231	99	333	376	214	352	176	235	194	106	47	41	353	161	299	175	225	43	326	374	153	|
|56	178	0	110	204	162	93	233	336	125	144	148	187	226	358	180	313	284	123	152	182	185	282	252	256	88	329	177	210	251	42	|
|166	223	110	0	102	150	199	327	431	194	253	237	113	156	431	228	296	386	44	140	248	208	389	218	366	48	287	200	108	344	148	|
|260	320	204	102	0	156	296	391	493	296	340	339	66	90	531	263	362	486	127	226	349	300	469	278	454	148	334	292	6	406	245	|
|198	335	162	150	156	0	239	255	351	286	245	307	93	106	518	111	442	423	194	280	344	335	349	367	352	182	437	327	158	266	199	|
|42	153	93	199	296	239	0	203	296	91	82	76	278	316	284	217	322	191	201	186	133	180	217	281	177	165	356	175	302	222	52	|
|197	355	233	327	391	255	203	0	104	294	125	266	340	361	436	151	524	276	352	377	330	383	109	477	146	319	553	377	395	19	222	|
|296	444	336	431	493	351	296	104	0	384	214	348	440	456	488	241	617	315	456	476	412	475	113	575	176	422	651	470	497	88	322	|
|110	62	125	194	296	286	91	294	384	0	171	55	298	340	238	292	233	210	176	118	58	91	298	201	248	148	273	87	302	313	94	|
|91	231	144	253	340	245	82	125	214	171	0	141	307	339	324	184	403	187	266	266	204	261	140	363	114	230	438	256	346	144	116	|
|112	99	148	237	339	307	76	266	348	55	141	0	332	373	212	292	275	156	225	173	64	137	254	253	200	194	322	135	345	284	108	|
|238	333	187	113	66	93	278	340	440	298	307	332	0	43	536	203	404	469	153	253	354	321	427	322	420	160	385	313	67	353	229	|
|275	376	226	156	90	106	316	361	456	340	339	373	43	0	578	216	443	507	194	295	397	364	453	361	451	203	421	356	88	372	268	|
|323	214	358	431	531	518	284	436	488	238	324	212	536	578	0	498	309	176	407	320	183	245	376	344	312	383	379	251	537	451	319	|
|183	352	180	228	263	111	217	151	241	292	184	292	203	216	498	0	492	371	266	328	345	364	255	426	272	242	501	356	266	159	198	|
|330	176	313	296	362	442	322	524	617	233	403	275	404	443	309	492	0	397	253	164	218	142	529	84	475	260	72	147	367	543	306	|
|232	235	284	386	486	423	191	276	315	210	187	156	469	507	176	371	397	0	379	327	188	276	202	396	139	346	456	277	492	289	242	|
|175	194	123	44	127	194	201	352	456	176	266	225	153	194	407	266	253	379	0	101	225	174	405	174	375	36	244	166	133	370	152	|
|181	106	152	140	226	280	186	377	476	118	266	173	253	295	320	328	164	327	101	0	148	76	403	100	360	98	177	69	232	396	155	|
|162	47	182	248	349	344	133	330	412	58	204	64	354	397	183	345	218	188	225	148	0	89	316	208	259	201	270	90	355	348	149	|
|191	41	185	208	300	335	180	383	475	91	261	137	321	364	245	364	142	276	174	76	89	0	388	119	336	162	185	8	306	402	169	|
|232	353	282	389	469	349	217	109	113	298	140	254	427	453	376	255	529	202	405	403	316	388	0	497	64	369	570	384	474	112	256	|
|280	161	252	218	278	367	281	477	575	201	363	253	322	361	344	426	84	396	174	100	208	119	497	0	449	187	77	119	283	496	255	|
|201	299	256	366	454	352	177	146	176	248	114	200	420	451	312	272	475	139	375	360	259	336	64	449	0	339	521	333	460	156	223	|
|139	175	88	48	148	182	165	319	422	148	230	194	160	203	383	242	260	346	36	98	201	162	369	187	339	0	260	153	154	337	116	|
|356	225	329	287	334	437	356	553	651	273	438	322	385	421	379	501	72	456	244	177	270	185	570	77	521	260	0	187	338	572	331	|
|185	43	177	200	292	327	175	377	470	87	256	135	313	356	251	356	147	277	166	69	90	8	384	119	333	153	187	0	298	396	163	|
|266	326	210	108	6	158	302	395	497	302	346	345	67	88	537	266	367	492	133	232	355	306	474	283	460	154	338	298	0	410	251	|
|216	374	251	344	406	266	222	19	88	313	144	284	353	372	451	159	543	289	370	396	348	402	112	496	156	337	572	396	410	0	241	|
|26	153	42	148	245	199	52	222	322	94	116	108	229	268	319	198	306	242	152	155	149	169	256	255	223	116	331	163	251	241	0	|

--------------------------------------------------------------------------------
Building model...
	using lazy and cut (CVRPSEP package)
Solving IRP LP...
--------------------------------------------------------------------------------

Gurobi 9.1.0 (linux64) logging started Sun Jan 10 01:32:11 2021

Gurobi Optimizer version 9.1.0 build v9.1.0rc0 (linux64)
Thread count: 32 physical cores, 32 logical processors, using up to 2 threads
Optimize a model with 2077 rows, 8014 columns and 31915 nonzeros
Model fingerprint: 0xf9e178c9
Variable types: 574 continuous, 7440 integer (465 binary)
Coefficient statistics:
  Matrix range     [1e+00, 6e+02]
  Objective range  [1e-02, 7e+02]
  Bounds range     [1e+00, 3e+02]
  RHS range        [3e+01, 5e+03]
Presolve removed 142 rows and 34 columns
Presolve time: 0.10s
Presolved: 1935 rows, 7980 columns, 31586 nonzeros
Variable types: 543 continuous, 7437 integer (6987 binary)

Root relaxation: objective 2.463279e+03, 1367 iterations, 0.10 seconds

    Nodes    |    Current Node    |     Objective Bounds      |     Work
 Expl Unexpl |  Obj  Depth IntInf | Incumbent    BestBd   Gap | It/Node Time

     0     0 2463.27864    0  112          - 2463.27864      -     -    0s
     0     0 2608.51461    0  122          - 2608.51461      -     -    0s
     0     0 2992.15883    0  202          - 2992.15883      -     -    1s
     0     0 2994.32361    0  190          - 2994.32361      -     -    1s
     0     0 2994.33700    0  187          - 2994.33700      -     -    1s
     0     0 3306.74979    0  208          - 3306.74979      -     -    1s
     0     0 3333.74718    0  234          - 3333.74718      -     -    1s
     0     0 3335.67829    0  223          - 3335.67829      -     -    1s
     0     0 3340.43597    0  223          - 3340.43597      -     -    2s
     0     0 3343.81414    0  239          - 3343.81414      -     -    2s
     0     0 3369.77928    0  221          - 3369.77928      -     -    2s
     0     0 3374.75581    0  220          - 3374.75581      -     -    2s
     0     0 3374.83268    0  222          - 3374.83268      -     -    2s
     0     0 3497.15971    0  276          - 3497.15971      -     -    3s
     0     0 3525.76455    0  251          - 3525.76455      -     -    3s
     0     0 3535.53147    0  264          - 3535.53147      -     -    3s
     0     0 3539.21687    0  268          - 3539.21687      -     -    3s
     0     0 3541.14741    0  321          - 3541.14741      -     -    3s
     0     0 3548.22719    0  312          - 3548.22719      -     -    4s
     0     0 3551.54730    0  271          - 3551.54730      -     -    4s
     0     0 3551.54730    0  280          - 3551.54730      -     -    4s
     0     0 3582.17989    0  320          - 3582.17989      -     -    4s
     0     0 3620.73576    0  353          - 3620.73576      -     -    5s
     0     0 3631.85473    0  310          - 3631.85473      -     -    5s
     0     0 3632.38352    0  312          - 3632.38352      -     -    5s
     0     0 3653.64550    0  328          - 3653.64550      -     -    5s
     0     0 3660.44127    0  232          - 3660.44127      -     -    5s
     0     0 3665.50629    0  340          - 3665.50629      -     -    6s
     0     0 3666.92115    0  315          - 3666.92115      -     -    6s
     0     0 3668.29389    0  351          - 3668.29389      -     -    6s
     0     0 3668.72174    0  311          - 3668.72174      -     -    6s
     0     0 3672.32641    0  371          - 3672.32641      -     -    6s
     0     0 3673.12740    0  327          - 3673.12740      -     -    6s
     0     0 3674.02945    0  390          - 3674.02945      -     -    7s
     0     0 3674.02945    0  335          - 3674.02945      -     -    7s
     0     2 3674.17665    0  328          - 3674.17665      -     -    8s
    13    16 3711.21510    4  417          - 3688.84051      -   578   10s
    60    65 3803.04715   22  357          - 3688.90580      -   484   15s
   104   109 3965.11128   33  334          - 3688.90580      -   482   20s
   162   177 4151.98018   51  292          - 3688.90580      -   440   25s
   231   245 4499.82918   69  160          - 3688.90580      -   400   30s
   321   348 4970.41986  102  182          - 3688.90580      -   346   35s
   412   442 5742.01363  141  114          - 3688.90580      -   308   42s
   499   570 6371.02426  166  145          - 3688.90580      -   278   45s
   571   612 6617.78123  201   96          - 3688.90580      -   255   50s
   811   802 7450.92000  219    8          - 3688.90580      -   195   55s
*  850   878             321    9680.1300000 3698.01528  61.8%   188   56s
   920   875 7341.64654  221  335 9680.13000 3698.01698  61.8%   181   61s
H  921   832                    8879.8400000 3698.01698  58.4%   181   62s
   926   835 4277.47015   60  358 8879.84000 3698.01698  58.4%   180   65s
   941   845 6511.91506  189  624 8879.84000 3755.90558  57.7%   177   70s
   954   854 7353.26246  219  544 8879.84000 3778.66316  57.4%   175   75s
   967   862 6351.40965  166  559 8879.84000 3788.48956  57.3%   172   80s
   975   868 7751.81654  230  604 8879.84000 3793.16781  57.3%   171   85s
H  978   825                    8242.4600000 3793.63676  54.0%   171   95s
   984   832 3796.13649   14  613 8242.46000 3793.76885  54.0%   190  100s
   996   840 3919.51096   17  466 8242.46000 3797.93009  53.9%   200  105s
  1006   847 3820.97773   20  614 8242.46000 3820.97773  53.6%   212  110s
  1023   859 3844.63394   25  457 8242.46000 3844.63394  53.4%   226  115s
  1038   870 3864.22839   29  513 8242.46000 3863.97573  53.1%   235  120s
  1065   887 4030.26143   34  475 8242.46000 3863.97573  53.1%   248  125s
  1088   902 3900.21276   39  502 8242.46000 3863.97573  53.1%   256  130s
  1109   901 3949.52900   41  545 8242.46000 3863.97573  53.1%   264  135s
H 1129   871                    7893.4000000 3863.97573  51.0%   272  140s
  1152   891 3994.13048   53  543 7893.40000 3863.97573  51.0%   282  145s
  1182   911 4074.00905   59  531 7893.40000 3863.97573  51.0%   290  151s
  1204   932 4088.52888   63  432 7893.40000 3863.97573  51.0%   293  156s
  1236   956 4117.24353   70  403 7893.40000 3863.97573  51.0%   296  161s
  1278   985 4227.48958   78  359 7893.40000 3863.97573  51.0%   296  166s
  1320  1017 4421.00651   87  263 7893.40000 3863.97573  51.0%   297  171s
  1344  1031 4570.60815   92  285 7893.40000 3863.97573  51.0%   298  175s
  1403  1090 4798.71970  104  243 7893.40000 3863.97573  51.0%   295  181s
  1447  1098 4750.34003  114  248 7893.40000 3863.97573  51.0%   293  186s
  1536  1172 4865.36193  125  246 7893.40000 3863.97573  51.0%   286  193s
* 1584  1115             166    6430.8000000 3863.97573  39.9%   282  194s
* 1593  1075             170    6397.1600000 3863.97573  39.6%   280  194s
  1614  1093 5137.42643  137  208 6397.16000 3863.97573  39.6%   278  196s
  1645  1119 5375.02720  150  208 6397.16000 3863.97573  39.6%   278  200s
  1682  1130 5712.94250  163  162 6397.16000 3863.97573  39.6%   278  206s
  1705  1156 6060.80538  174  137 6397.16000 3867.51369  39.5%   277  212s
  1773  1154 3896.38837   24  606 6397.16000 3867.51369  39.5%   273  216s
  1810  1179 4048.95953   35  408 6397.16000 3867.51369  39.5%   279  223s
  1831  1196 4094.95971   41  586 6397.16000 3867.51369  39.5%   280  226s
  1855  1210 4215.63064   44  423 6397.16000 3867.51369  39.5%   283  230s
H 1907  1190                    6355.8000000 3867.51369  39.1%   286  240s
  1963  1250 4414.03733   64  362 6355.80000 3867.51369  39.1%   288  248s
  1997  1312 4510.64279   71  176 6355.80000 3867.51369  39.1%   288  253s
  2070  1373 4690.66363   77  218 6355.80000 3867.51369  39.1%   286  259s
  2159  1409 4897.41699   84  280 6355.80000 3867.51369  39.1%   283  264s
H 2161  1373                    6339.8000000 3867.51369  39.0%   283  265s
H 2190  1315                    6243.3100000 3867.51369  38.1%   283  265s
  2251  1330 4999.89740   92  176 6243.31000 3867.51369  38.1%   279  270s
  2289  1368 5138.39269  101  242 6243.31000 3867.51369  38.1%   280  275s
  2341  1411 5340.91941  116  206 6243.31000 3867.51369  38.1%   281  282s
  2402  1461 5617.96143  139  176 6243.31000 3867.51369  38.1%   280  288s
  2472  1463 6024.94003  160  186 6243.31000 3875.37916  37.9%   279  294s
  2514  1489 4205.79735   29  465 6243.31000 3875.37916  37.9%   280  301s
  2554  1532 5164.74342   52  186 6243.31000 3884.85420  37.8%   282  308s
  2625  1563 4191.20964   33  383 6243.31000 3884.85420  37.8%   280  314s
  2679  1672 4625.85723   57  278 6243.31000 3884.98114  37.8%   281  322s
  2831  1740 5172.68506   77   90 6243.31000 3891.84828  37.7%   274  335s
* 2918  1167             108    5228.2500000 3893.50045  25.5%   270  336s
  3027  1120 4107.64592   37  500 5228.25000 3893.50045  25.5%   265  342s
  3071  1173 4505.56196   59  378 5228.25000 3893.50045  25.5%   265  348s
  3126  1215     cutoff   92      5228.25000 3894.13433  25.5%   266  355s
  3187  1238 4254.89098   30  478 5228.25000 3894.13433  25.5%   267  362s
  3226  1274 4650.07227   50  281 5228.25000 3894.81997  25.5%   269  374s
  3270  1308 4160.00208   20  562 5228.25000 3894.81997  25.5%   272  381s
  3314  1338 4374.92205   37  542 5228.25000 3894.81997  25.5%   274  389s
  3350  1379 4958.97930   56  472 5228.25000 3896.40970  25.5%   276  396s
  3413  1427 4137.67283   24  342 5228.25000 3897.82141  25.4%   278  405s
  3461  1525 4835.44613   47  237 5228.25000 3900.18683  25.4%   280  418s
  3594  1572 4231.12958   21  338 5228.25000 3900.47323  25.4%   276  427s
  3641  1612     cutoff   49      5228.25000 3901.15746  25.4%   278  436s
  3689  1673 4322.76363   45  472 5228.25000 3901.15746  25.4%   280  445s
  3760  1715 4969.68252   77  408 5228.25000 3905.66911  25.3%   281  459s
  3815  1738 4095.41009   30  513 5228.25000 3905.66911  25.3%   283  470s
  3857  1790 4266.32276   37  499 5228.25000 3905.66911  25.3%   287  479s
  3909  1831 4429.97251   43  511 5228.25000 3905.66911  25.3%   289  492s
  3960  1870 4667.09552   49  377 5228.25000 3905.66911  25.3%   290  508s
  3999  1940 4902.26997   57  243 5228.25000 3911.51869  25.2%   293  520s
  4099  1994 4090.65554   27  404 5228.25000 3912.97732  25.2%   294  531s
  4155  2055 5100.08969   41  292 5228.25000 3913.13961  25.2%   297  548s
  4252  2107 4694.67266   50  192 5228.25000 3919.51130  25.0%   298  560s
  4328  2181 4611.78106   50  503 5228.25000 3919.93482  25.0%   300  572s
  4414  2245 4373.06524   41  412 5228.25000 3927.69249  24.9%   300  585s
  4515  2324 4561.69964   21  314 5228.25000 3935.07809  24.7%   300  600s
  4594  2397 5073.67673   47  106 5228.25000 3937.90531  24.7%   303  618s
H 4681  2461                    5221.2500000 3937.90531  24.6%   303  633s
  4772  2542 4374.18791   33  487 5221.25000 3940.07012  24.5%   305  649s
  4820  2542 5112.35166   78  249 5221.25000 3941.82790  24.5%   305  650s
  4899  2594 4224.16847   35  437 5221.25000 3941.82790  24.5%   304  674s
  4951  2674 5148.32355   61  280 5221.25000 3942.75372  24.5%   306  690s
  5048  2768 4078.90595   29  553 5221.25000 3942.75372  24.5%   308  707s
  5149  2823 5017.44787   58  271 5221.25000 3943.88892  24.5%   309  724s
  5254  2936 4224.35504   41  478 5221.25000 3947.03898  24.4%   311  743s
  5395  3003 4825.61381   52  260 5221.25000 3953.49898  24.3%   311  762s
  5493  3090 4819.20681   49  316 5221.25000 3959.56974  24.2%   312  782s
  5596  3157 4888.57115   55  392 5221.25000 3960.38620  24.1%   313  801s
  5682  3224 4827.81088   49  297 5221.25000 3960.78903  24.1%   316  825s
H 5748  3222                    5218.8600000 3960.78903  24.1%   317  826s
  5791  3307 4485.32925   51  316 5218.86000 3964.50078  24.0%   318  846s
  5892  3361 4977.58293   46   98 5218.86000 3965.47707  24.0%   320  909s
  5965  3415     cutoff   59      5218.86000 3971.40007  23.9%   320  930s
  6064  3515 4289.43182   33  454 5218.86000 3980.92650  23.7%   323  957s
  6174  3607 4332.88601   25  379 5218.86000 3981.67832  23.7%   325  979s
  6217  3607 5113.03878   76  211 5218.86000 3991.05432  23.5%   326  980s
  6292  3696 4616.09629   48  349 5218.86000 3993.54651  23.5%   326 1004s
  6356  3696 4134.84260   32  403 5218.86000 3996.34091  23.4%   327 1005s
  6417  3791 4075.08162   28  540 5218.86000 3996.42072  23.4%   328 1026s
  6554  3876 4206.98487   34  415 5218.86000 3998.28123  23.4%   329 1052s
  6657  3983 4798.51465   61  327 5218.86000 4000.41761  23.3%   331 1076s
  6800  4070 4299.41223   25  445 5218.86000 4005.23379  23.3%   331 1100s
  6887  4152 4577.27845   41  384 5218.86000 4005.23379  23.3%   334 1126s
  7014  4230 5044.16613   58  347 5218.86000 4008.70260  23.2%   334 1149s
  7142  4296 4482.01148   54  355 5218.86000 4014.07838  23.1%   335 1183s
H 7160  4282                    5211.8600000 4014.07838  23.0%   335 1183s
  7229  4369 4381.36465   27  432 5211.86000 4018.72527  22.9%   335 1210s
  7344  4500 4395.08323   31  289 5211.86000 4024.23345  22.8%   338 1240s
  7500  4593 4577.99523   52  356 5211.86000 4029.28713  22.7%   339 1268s
  7625  4716 4259.17047   35  296 5211.86000 4029.63536  22.7%   341 1300s
  7770  4793 4932.50324   59  316 5211.86000 4030.32378  22.7%   342 1329s
  7837  4793 5059.28260   56  208 5211.86000 4032.07696  22.6%   343 1330s
  7898  4887 4302.67513   22  380 5211.86000 4032.07696  22.6%   344 1362s
  7992  5006 4578.67439   36  365 5211.86000 4032.07696  22.6%   348 1391s
  8113  5110 4828.50067   48  316 5211.86000 4032.19724  22.6%   351 1425s
  8280  5200 4284.62829   40  466 5211.86000 4033.52623  22.6%   352 1458s
  8410  5282 4488.19151   36  408 5211.86000 4036.99759  22.5%   354 1491s
  8550  5390 4535.50713   35  359 5211.86000 4039.79510  22.5%   356 1520s
  8693  5529 4630.66353   40  268 5211.86000 4041.10377  22.5%   357 1557s
  8878  5667 4270.92681   22  318 5211.86000 4041.64834  22.5%   358 1588s
  9060  5756 4867.51381   60  445 5211.86000 4041.65736  22.5%   358 1626s
  9200  5846 4576.22052   42  432 5211.86000 4042.43905  22.4%   359 1656s
  9316  5915 4906.94559   63  413 5211.86000 4043.44983  22.4%   361 1693s
  9405  6034 4211.00046   40  414 5211.86000 4045.31247  22.4%   363 1724s
  9550  6138     cutoff   85      5211.86000 4047.91867  22.3%   364 1755s
  9616  6138 4922.69820   53  346 5211.86000 4049.06371  22.3%   365 1761s
  9700  6243 4764.13762   46  313 5211.86000 4049.49690  22.3%   365 1798s
  9833  6344 4464.46419   45  425 5211.86000 4049.76372  22.3%   367 1830s
  9948  6425 4992.87056   63  224 5211.86000 4050.38888  22.3%   369 1868s
 10079  6501 4609.54737   47  284 5211.86000 4052.06280  22.3%   370 1900s
 10210  6600 4447.49218   56  382 5211.86000 4053.29099  22.2%   372 1935s
 10339  6672     cutoff   62      5211.86000 4054.92450  22.2%   374 1967s
 10475  6809 4717.71916   51  286 5211.86000 4056.02990  22.2%   375 2001s
 10651  6923 4414.33252   33  383 5211.86000 4059.10802  22.1%   375 2034s
 10793  7027 5092.77406   62  175 5211.86000 4060.33793  22.1%   377 2067s
 10970  7109 4899.61058   61  431 5211.86000 4064.60005  22.0%   377 2099s
 11094  7220 5206.01443   45  298 5211.86000 4065.49541  22.0%   379 2131s
 11256  7324 4908.48846   35  407 5211.86000 4068.24110  21.9%   380 2165s
 11405  7414 4702.66837   36  439 5211.86000 4069.29244  21.9%   381 2199s
 11547  7518 4808.87066   52  497 5211.86000 4072.41990  21.9%   382 2232s
 11665  7600 4400.16355   30  476 5211.86000 4073.21950  21.8%   384 2265s
 11789  7685     cutoff   40      5211.86000 4076.09887  21.8%   385 2299s
 11893  7824 4511.95768   39  280 5211.86000 4076.63519  21.8%   387 2336s
 12066  7941 4796.21807   42  212 5211.86000 4077.12164  21.8%   386 2370s
 12237  7966 5016.52035   48  417 5211.86000 4078.43824  21.7%   386 2410s
H12275  6452                    5026.0000000 4078.91654  18.8%   387 2410s
 12280  6532 4366.00287   38  501 5026.00000 4078.91654  18.8%   387 2444s
 12365  6602 4805.33370   56  317 5026.00000 4079.09942  18.8%   390 2480s
 12490  6739 4558.23298   46  359 5026.00000 4080.99128  18.8%   391 2515s
H12683  6724                    5019.0000000 4081.14536  18.7%   391 2550s
 12786  6812 4919.91740   43  271 5019.00000 4083.39561  18.6%   393 2586s
 12912  6897 4772.54269   52  310 5019.00000 4084.82711  18.6%   393 2620s
H13043  6680                    4983.6100000 4089.50705  17.9%   394 2655s
 13189  6775 4693.21625   47  191 4983.61000 4092.73825  17.9%   395 2692s
 13316  6864 4692.55618   70  415 4983.61000 4093.82008  17.9%   397 2729s
 13468  6936 4214.50014   43  594 4983.61000 4095.87530  17.8%   397 2765s
 13580  7021 4774.44800   49  223 4983.61000 4099.26166  17.7%   399 2800s
 13727  7086 4945.26992   46  391 4983.61000 4100.45574  17.7%   399 2938s
H13771  7033                    4978.1200000 4100.45574  17.6%   400 2939s
 13817  7121 4579.63238   49  577 4978.12000 4102.75825  17.6%   400 2977s
 13951  7195 4441.51373   43  499 4978.12000 4103.97214  17.6%   401 3017s
 14092  7251 4745.78616   42  148 4978.12000 4104.80880  17.5%   402 3057s
 14209  7329 4385.96802   46  533 4978.12000 4107.87336  17.5%   403 3096s
 14345  7425 4479.65588   46  316 4978.12000 4109.89050  17.4%   404 3134s
 14479  7527 4832.68572   52  439 4978.12000 4112.88537  17.4%   405 3172s
 14603  7618 4572.85330   61  278 4978.12000 4114.92863  17.3%   407 3212s
 14745  7698 4912.54813   39  297 4978.12000 4117.86407  17.3%   408 3252s
 14875  7755 4856.73250   68  353 4978.12000 4118.52941  17.3%   410 3290s
 15047  7830     cutoff   56      4978.12000 4119.47266  17.2%   410 3329s
 15116  7830     cutoff   43      4978.12000 4121.70224  17.2%   411 3330s
 15197  7916 4624.25897   38  349 4978.12000 4121.97547  17.2%   411 3369s
 15335  8035 4520.98435   35  502 4978.12000 4125.44916  17.1%   412 3408s
 15516  8161 4862.67425   57  301 4978.12000 4126.41431  17.1%   413 3453s
 15700  8254 4572.16568   57  368 4978.12000 4127.17962  17.1%   413 3494s
 15809  8348 4698.43029   37  328 4978.12000 4127.93686  17.1%   415 3533s
 15953  8440 4323.01208   37  501 4978.12000 4129.17346  17.1%   416 3573s
 16079  8500 4282.36724   33  404 4978.12000 4130.12521  17.0%   417 3600s

Cutting planes:
  User: 6598
  Gomory: 18
  Cover: 561
  Implied bound: 135
  Projected implied bound: 2
  Clique: 20
  MIR: 310
  StrongCG: 1
  Flow cover: 608
  Inf proof: 8
  Zero half: 31
  RLT: 462
  Relax-and-lift: 22
  Lazy constraints: 560

Explored 16141 nodes (6766496 simplex iterations) in 3600.64 seconds
Thread count was 2 (of 32 available processors)

Solution count 10: 4978.12 4983.61 5019 ... 6339.8

Time limit reached
Best objective 4.978120000000e+03, best bound 4.130125214456e+03, gap 17.0344%

User-callback calls 248588, time in user-callback 252.69 sec
================================================================================
executing instance: ./input/Instances/Original/4/absH3low_3n10.dat
--------------------------------------------------------------------------------
Instance details
n	11
H	3
C	687
Li:
[0, 0, 0, 0, 0, 0, 0, 0, 0, 0, 0, ]
Ui:
[0, 189, 44, 174, 78, 36, 198, 117, 42, 96, 240, ]
Distance matrix:
|0	209	255	286	142	156	285	317	182	161	135	|
|209	0	464	451	315	356	490	469	361	299	260	|
|255	464	0	221	202	130	74	280	189	254	273	|
|286	451	221	0	145	156	164	479	354	153	192	|
|142	315	202	145	0	73	194	388	250	53	73	|
|156	356	130	156	73	0	134	332	200	127	144	|
|285	490	74	164	194	134	0	353	256	239	267	|
|317	469	280	479	388	332	353	0	141	436	430	|
|182	361	189	354	250	200	256	141	0	296	289	|
|161	299	254	153	53	127	239	436	296	0	39	|
|135	260	273	192	73	144	267	430	289	39	0	|

--------------------------------------------------------------------------------
Building model...
	using lazy and cut (CVRPSEP package)
Solving IRP LP...
--------------------------------------------------------------------------------

Gurobi 9.1.0 (linux64) logging started Sun Jan 10 02:32:12 2021

Gurobi Optimizer version 9.1.0 build v9.1.0rc0 (linux64)
Thread count: 32 physical cores, 32 logical processors, using up to 2 threads
Optimize a model with 677 rows, 1184 columns and 4655 nonzeros
Model fingerprint: 0xa8910a5a
Variable types: 194 continuous, 990 integer (165 binary)
Coefficient statistics:
  Matrix range     [1e+00, 2e+02]
  Objective range  [1e-02, 5e+02]
  Bounds range     [1e+00, 2e+02]
  RHS range        [2e+01, 1e+03]
Presolve removed 62 rows and 15 columns
Presolve time: 0.02s
Presolved: 615 rows, 1169 columns, 4444 nonzeros
Variable types: 183 continuous, 986 integer (836 binary)

Root relaxation: objective 2.071064e+03, 688 iterations, 0.02 seconds

    Nodes    |    Current Node    |     Objective Bounds      |     Work
 Expl Unexpl |  Obj  Depth IntInf | Incumbent    BestBd   Gap | It/Node Time

     0     0 2071.06375    0   64          - 2071.06375      -     -    0s
H    0     0                    5114.9700000 2071.06375  59.5%     -    0s
H    0     0                    4723.9700000 2071.06375  56.2%     -    0s
     0     0 2389.16113    0   93 4723.97000 2389.16113  49.4%     -    0s
     0     0 2396.79662    0  104 4723.97000 2396.79662  49.3%     -    0s
     0     0 2416.65967    0  107 4723.97000 2416.65967  48.8%     -    0s
     0     0 2417.00388    0  111 4723.97000 2417.00388  48.8%     -    0s
     0     0 2640.60991    0  125 4723.97000 2640.60991  44.1%     -    0s
     0     0 2652.83316    0  117 4723.97000 2652.83316  43.8%     -    0s
     0     0 2653.19495    0  126 4723.97000 2653.19495  43.8%     -    0s
     0     0 2653.32066    0  130 4723.97000 2653.32066  43.8%     -    0s
     0     0 2824.90206    0  157 4723.97000 2824.90206  40.2%     -    0s
H    0     0                    4690.8500000 2824.90206  39.8%     -    0s
     0     0 2845.12247    0  189 4690.85000 2845.12247  39.3%     -    0s
     0     0 2850.38941    0  196 4690.85000 2850.38941  39.2%     -    0s
     0     0 2850.68914    0  196 4690.85000 2850.68914  39.2%     -    0s
     0     0 2964.57484    0  205 4690.85000 2964.57484  36.8%     -    0s
H    0     0                    4129.9000000 2964.57484  28.2%     -    0s
     0     0 2970.95273    0  201 4129.90000 2970.95273  28.1%     -    0s
     0     0 2973.87388    0  206 4129.90000 2973.87388  28.0%     -    0s
     0     0 2974.09495    0  210 4129.90000 2974.09495  28.0%     -    0s
     0     0 2994.91983    0  188 4129.90000 2994.91983  27.5%     -    0s
H    0     0                    4055.9000000 2994.91983  26.2%     -    0s
     0     0 2997.03683    0  233 4055.90000 2997.03683  26.1%     -    0s
     0     0 2997.15104    0  250 4055.90000 2997.15104  26.1%     -    0s
     0     0 3006.40700    0  209 4055.90000 3006.40700  25.9%     -    0s
H    0     0                    3969.4900000 3006.40700  24.3%     -    0s
     0     0 3007.63115    0  208 3969.49000 3007.63115  24.2%     -    0s
     0     0 3007.87884    0  216 3969.49000 3007.87884  24.2%     -    0s
     0     0 3009.25823    0  225 3969.49000 3009.25823  24.2%     -    0s
     0     0 3009.73926    0  214 3969.49000 3009.73926  24.2%     -    0s
     0     2 3010.87292    0  217 3969.49000 3010.87292  24.1%     -    1s
H   28    24                    3914.1000000 3053.28751  22.0%   171    1s
H   54    49                    3877.1000000 3053.28751  21.2%   170    1s
H   56    51                    3860.1000000 3053.28751  20.9%   167    1s
H   57    51                    3827.1000000 3053.28751  20.2%   166    1s
   452   372 3495.06897   27   70 3827.10000 3063.50427  20.0%   101    5s
   751   497 3100.48172   18  191 3827.10000 3100.48172  19.0%   106   10s
H  772   484                    3712.3200000 3100.48172  16.5%   108   11s
  1069   553 3547.44810   37   61 3712.32000 3100.48172  16.5%   113   15s
  1411   593 3591.73780   28   54 3712.32000 3135.35745  15.5%   118   20s
  1987   600     cutoff   37      3712.32000 3249.27661  12.5%   113   25s
  2617   707 3569.53961   33  188 3712.32000 3310.80487  10.8%   112   30s
  3298   863 infeasible   31      3712.32000 3351.25126  9.73%   108   35s
  3993   984 3610.16486   27  116 3712.32000 3379.94569  8.95%   106   40s
  4491  1105 infeasible   29      3712.32000 3396.65013  8.50%   105   45s
  5411  1213     cutoff   28      3712.32000 3425.38127  7.73%   101   50s
  6240  1299 3605.07489   23   60 3712.32000 3442.89731  7.26%  97.9   55s
  7321  1329 3650.61397   28   98 3712.32000 3464.56896  6.67%  95.1   61s
  8045  1339     cutoff   28      3712.32000 3476.35818  6.36%  93.7   65s
  8932  1294 infeasible   32      3712.32000 3496.68116  5.81%  92.2   70s
  9832  1219     cutoff   35      3712.32000 3520.17287  5.18%  90.6   75s
 10879  1117 3611.55104   34   32 3712.32000 3546.81598  4.46%  88.1   80s
 12202   945 infeasible   31      3712.32000 3576.76297  3.65%  84.4   85s
 13523   715 3647.94092   33   15 3712.32000 3604.35894  2.91%  80.0   90s

Cutting planes:
  User: 424
  Gomory: 4
  Cover: 124
  Implied bound: 87
  Projected implied bound: 2
  Clique: 7
  MIR: 138
  Flow cover: 248
  Inf proof: 22
  Zero half: 3
  RLT: 195
  Relax-and-lift: 6
  Lazy constraints: 9

Explored 15547 nodes (1143999 simplex iterations) in 94.37 seconds
Thread count was 2 (of 32 available processors)

Solution count 10: 3712.32 3827.1 3860.1 ... 4723.97

Optimal solution found (tolerance 1.00e-04)
Best objective 3.712320000000e+03, best bound 3.712320000000e+03, gap 0.0000%

User-callback calls 42466, time in user-callback 8.85 sec
================================================================================
executing instance: ./input/Instances/Original/4/absH3low_3n15.dat
--------------------------------------------------------------------------------
Instance details
n	16
H	3
C	1267
Li:
[0, 0, 0, 0, 0, 0, 0, 0, 0, 0, 0, 0, 0, 0, 0, 0, ]
Ui:
[0, 156, 267, 148, 144, 87, 33, 171, 76, 141, 270, 282, 60, 110, 172, 57, ]
Distance matrix:
|0	229	567	76	58	96	306	409	310	423	108	346	165	347	159	256	|
|229	0	482	243	279	155	375	525	251	419	158	373	65	123	329	246	|
|567	482	0	506	622	483	342	439	259	200	467	274	486	433	501	312	|
|76	243	506	0	119	88	230	337	255	352	88	272	179	347	94	194	|
|58	279	622	119	0	154	345	431	366	471	166	391	217	399	179	310	|
|96	155	483	88	154	0	266	397	224	358	17	289	92	262	176	179	|
|306	375	342	230	345	266	0	158	184	148	251	68	332	423	181	140	|
|409	525	439	337	431	397	158	0	340	244	386	201	476	581	253	298	|
|310	251	259	255	366	224	184	340	0	170	208	146	238	257	274	66	|
|423	419	200	352	471	358	148	244	170	0	341	84	396	424	323	182	|
|108	158	467	88	166	17	251	386	208	341	0	273	96	259	172	162	|
|346	373	274	272	391	289	68	201	146	84	273	0	340	400	239	127	|
|165	65	486	179	217	92	332	476	238	396	96	340	0	182	267	216	|
|347	123	433	347	399	262	423	581	257	424	259	400	182	0	423	283	|
|159	329	501	94	179	176	181	253	274	323	172	239	267	423	0	208	|
|256	246	312	194	310	179	140	298	66	182	162	127	216	283	208	0	|

--------------------------------------------------------------------------------
Building model...
	using lazy and cut (CVRPSEP package)
Solving IRP LP...
--------------------------------------------------------------------------------

Gurobi 9.1.0 (linux64) logging started Sun Jan 10 02:33:46 2021

Gurobi Optimizer version 9.1.0 build v9.1.0rc0 (linux64)
Thread count: 32 physical cores, 32 logical processors, using up to 2 threads
Optimize a model with 1027 rows, 2329 columns and 9220 nonzeros
Model fingerprint: 0xdac855ee
Variable types: 289 continuous, 2040 integer (240 binary)
Coefficient statistics:
  Matrix range     [1e+00, 3e+02]
  Objective range  [1e-02, 6e+02]
  Bounds range     [1e+00, 3e+02]
  RHS range        [1e+01, 2e+03]
Presolve removed 82 rows and 18 columns
Presolve time: 0.03s
Presolved: 945 rows, 2311 columns, 8983 nonzeros
Variable types: 273 continuous, 2038 integer (1813 binary)

Root relaxation: objective 2.103120e+03, 787 iterations, 0.03 seconds

    Nodes    |    Current Node    |     Objective Bounds      |     Work
 Expl Unexpl |  Obj  Depth IntInf | Incumbent    BestBd   Gap | It/Node Time

     0     0 2103.11961    0   84          - 2103.11961      -     -    0s
H    0     0                    7120.9400000 2103.11961  70.5%     -    0s
     0     0 2261.21102    0  120 7120.94000 2261.21102  68.2%     -    0s
     0     0 2489.93002    0  123 7120.94000 2489.93002  65.0%     -    0s
     0     0 2489.93002    0  112 7120.94000 2489.93002  65.0%     -    0s
     0     0 2671.12478    0  121 7120.94000 2671.12478  62.5%     -    0s
     0     0 2690.74919    0  103 7120.94000 2690.74919  62.2%     -    0s
     0     0 2690.74919    0  114 7120.94000 2690.74919  62.2%     -    0s
     0     0 2786.56047    0  180 7120.94000 2786.56047  60.9%     -    0s
     0     0 2829.71383    0  168 7120.94000 2829.71383  60.3%     -    0s
     0     0 2842.30521    0  173 7120.94000 2842.30521  60.1%     -    0s
     0     0 2842.81869    0  187 7120.94000 2842.81869  60.1%     -    0s
     0     0 2843.31239    0  184 7120.94000 2843.31239  60.1%     -    0s
     0     0 2843.31239    0  184 7120.94000 2843.31239  60.1%     -    0s
     0     0 2924.41175    0  120 7120.94000 2924.41175  58.9%     -    1s
H    0     0                    7099.9400000 2924.41175  58.8%     -    1s
     0     0 2926.24483    0  102 7099.94000 2926.24483  58.8%     -    1s
     0     0 2926.24483    0  105 7099.94000 2926.24483  58.8%     -    1s
     0     0 2931.40779    0  136 7099.94000 2931.40779  58.7%     -    1s
     0     0 2945.44720    0  178 7099.94000 2945.44720  58.5%     -    1s
     0     0 2952.07289    0  164 7099.94000 2952.07289  58.4%     -    1s
     0     0 2952.08323    0  195 7099.94000 2952.08323  58.4%     -    1s
     0     0 2971.34075    0  217 7099.94000 2971.34075  58.1%     -    1s
H    0     0                    6700.9400000 2971.34075  55.7%     -    1s
     0     0 2972.18978    0  209 6700.94000 2972.18978  55.6%     -    1s
     0     0 2972.99005    0  182 6700.94000 2972.99005  55.6%     -    1s
     0     0 2973.01623    0  206 6700.94000 2973.01623  55.6%     -    1s
     0     0 2976.04567    0  235 6700.94000 2976.04567  55.6%     -    1s
     0     0 2976.04567    0  234 6700.94000 2976.04567  55.6%     -    1s
     0     2 2978.15370    0  227 6700.94000 2978.15370  55.6%     -    2s
H   86    89                    5585.6800000 2996.82262  46.3%   175    4s
H  115   124                    5544.9400000 2996.82262  46.0%   156    4s
H  117   124                    5444.6800000 2996.82262  45.0%   155    4s
   144   150 3609.35934   45  170 5444.68000 2996.82262  45.0%   142    5s
   406   403 3714.46265   80  143 5444.68000 3000.05134  44.9%   118   10s
H  639   646                    5422.6800000 3000.05134  44.7%  94.6   12s
H  732   639                    5420.6800000 3011.36770  44.4%  94.2   13s
   743   646 3499.11298   30  243 5420.68000 3032.43242  44.1%  92.8   15s
H  760   623                    5130.3000000 3065.53586  40.2%  90.8   17s
H  768   597                    4943.3000000 3067.30106  38.0%  89.8   18s
H  770   568                    4625.3000000 3067.37213  33.7%  89.6   18s
   775   571 4240.29802  117  236 4625.30000 3070.15847  33.6%  89.0   20s
   798   592 3242.24489   21  211 4625.30000 3096.90073  33.0%   110   25s
   894   666 4075.61132   43  118 4625.30000 3096.90073  33.0%   133   30s
  1009   671 3130.96242   21  299 4625.30000 3102.96305  32.9%   138   35s
  1078   723 3622.24661   40  172 4625.30000 3179.57029  31.3%   155   40s
  1267   815 3669.32985   32  229 4625.30000 3200.73164  30.8%   155   45s
  1477   916 4548.60734   29  165 4625.30000 3302.10481  28.6%   155   50s
* 1520   872              79    4619.3000000 3310.12701  28.3%   154   50s
  1666   950 4490.56000   70  164 4619.30000 3343.53238  27.6%   151   55s
  1830  1025 4077.78842   32  191 4619.30000 3348.21087  27.5%   152   60s
H 1890   990                    4608.3000000 3348.21087  27.3%   152   61s
  1959  1038 3897.82756   32  141 4608.30000 3348.21087  27.3%   155   66s
H 1975   998                    4562.3000000 3348.21087  26.6%   154   66s
H 1997   965                    4526.3000000 3348.21087  26.0%   155   67s
  2088  1047 3981.77221   23   87 4526.30000 3360.17732  25.8%   154   70s
  2311  1148 3452.61489   32  207 4526.30000 3381.31220  25.3%   150   75s
  2414  1207 4155.40126   44  246 4526.30000 3399.69475  24.9%   153   80s
  2552  1298 4027.24421   32  183 4526.30000 3400.73861  24.9%   156   85s
  2709  1380 4211.62518   39  164 4526.30000 3407.28642  24.7%   156   91s
  2846  1500 3630.51475   32  222 4526.30000 3434.82700  24.1%   157   96s
  2934  1545 4189.02429   70  125 4526.30000 3434.82700  24.1%   157  103s
H 2958  1481                    4473.3000000 3434.82700  23.2%   156  103s
H 2984  1406                    4418.5600000 3434.82700  22.3%   156  106s
H 2984  1329                    4384.3000000 3434.82700  21.7%   156  106s
H 3014  1329                    4383.5600000 3438.14407  21.6%   156  106s
H 3014  1328                    4382.5600000 3438.14407  21.5%   156  106s
  3129  1431 4171.73022   49  151 4382.56000 3452.77276  21.2%   156  111s
  3285  1525     cutoff   33      4382.56000 3463.89669  21.0%   156  117s
  3459  1605 4196.81151   34  166 4382.56000 3475.15175  20.7%   157  122s
  3524  1644 4198.72724   39  212 4382.56000 3477.20552  20.7%   158  125s
