




arguments: ./build/mirp_solver -f ./input/orig_exec_110.cfg
Current dir: /scratch/gui/bnc_mirp
File verbosity level: 9
date       time         ( uptime  ) [ thread name/id ]                   file:line     v| 
2021-01-09 22:20:41.189 (   0.084s) [main thread     ]             loguru.cpp:789   INFO| Logging to './output/vi_hc2/OU/V5/Original/execution_09_01_2021_22_20_41.log', mode: 'a', verbosity: 9
--------------------------------------------------------------------------------
Parameters
                           instance_path           ./input/Instances/Original/3/
                            model_policy                                       1
                             nb_vehicles                                       5
                              output_dir         ./output/vi_hc2/OU/V5/Original/
                            sec_strategy                                       1
                       solver_nb_threads                                       2
                         solver_show_log                                    true
                       solver_time_limit                                    3600
                              use_vi_cos                                   false
                              use_vi_cus                                   false
                         use_vi_hc1_full                                   false
                         use_vi_hc1_half                                   false
                      use_vi_hc1_quarter                                   false
                              use_vi_hc2                                    true
                              use_vi_hc3                                   false
                         use_vi_lex_full                                   false
                         use_vi_lex_half                                   false
                      use_vi_lex_quarter                                   false
                              use_vi_qua                                   false
                               use_vi_vc                                   false
                               use_vi_vr                                   false
--------------------------------------------------------------------------------
executing instance: ./input/Instances/Original/3/absH3low_2n5.dat
--------------------------------------------------------------------------------
Instance details
n	6
H	3
C	237
Li:
[0, 0, 0, 0, 0, 0, ]
Ui:
[0, 93, 180, 51, 114, 24, ]
Distance matrix:
|0	170	318	35	112	235	|
|170	0	311	205	258	301	|
|318	311	0	326	278	137	|
|35	205	326	0	89	230	|
|112	258	278	89	0	160	|
|235	301	137	230	160	0	|

--------------------------------------------------------------------------------
Building model...
	using lazy and cut (CVRPSEP package)
Solving IRP LP...
--------------------------------------------------------------------------------

Gurobi 9.1.0 (linux64) logging started Sat Jan  9 22:20:41 2021

Gurobi Optimizer version 9.1.0 build v9.1.0rc0 (linux64)
Thread count: 32 physical cores, 32 logical processors, using up to 2 threads
Optimize a model with 327 rows, 414 columns and 1590 nonzeros
Model fingerprint: 0xa63dc408
Variable types: 99 continuous, 315 integer (90 binary)
Coefficient statistics:
  Matrix range     [1e+00, 2e+02]
  Objective range  [1e-02, 3e+02]
  Bounds range     [1e+00, 2e+02]
  RHS range        [1e+01, 5e+02]
Presolve removed 42 rows and 41 columns
Presolve time: 0.01s

Explored 0 nodes (0 simplex iterations) in 0.01 seconds
Thread count was 1 (of 32 available processors)

Solution count 0

Model is infeasible
Best objective -, best bound -, gap -

User-callback calls 34, time in user-callback 0.00 sec

Computing Irreducible Inconsistent Subsystem (IIS)...

           Constraints          |            Bounds           |  Runtime
      Min       Max     Guess   |   Min       Max     Guess   |
--------------------------------------------------------------------------
        0       327         -         0       569         -           0s
       36        36         -        61        61         -           1s

IIS computed: 36 constraints, 61 bounds
IIS runtime: 0.56 seconds
================================================================================
executing instance: ./input/Instances/Original/3/absH3high_5n30.dat
--------------------------------------------------------------------------------
Instance details
n	31
H	3
C	2296
Li:
[0, 0, 0, 0, 0, 0, 0, 0, 0, 0, 0, 0, 0, 0, 0, 0, 0, 0, 0, 0, 0, 0, 0, 0, 0, 0, 0, 0, 0, 0, 0, ]
Ui:
[0, 80, 90, 297, 28, 264, 123, 192, 112, 32, 72, 88, 294, 129, 126, 105, 110, 237, 246, 92, 72, 147, 54, 96, 128, 96, 84, 28, 74, 196, 192, ]
Distance matrix:
|0	87	302	65	389	171	219	120	412	339	129	63	169	401	383	158	393	161	246	275	64	287	345	235	13	274	106	201	85	358	135	|
|87	0	334	128	402	212	301	204	465	384	187	145	232	424	454	238	475	245	289	352	80	307	352	321	81	352	20	261	170	376	215	|
|302	334	0	239	113	132	237	334	157	70	404	263	162	105	227	229	339	251	65	217	259	53	107	352	293	220	339	134	270	75	235	|
|65	128	239	0	330	107	175	130	348	275	174	40	107	339	326	114	351	125	181	224	58	228	290	222	58	224	143	138	65	297	92	|
|389	402	113	330	0	226	349	438	210	151	502	360	269	48	316	339	441	362	175	328	335	102	55	465	377	330	401	245	371	37	342	|
|171	212	132	107	226	0	169	214	253	173	276	134	64	233	261	130	326	153	77	188	133	125	192	264	162	190	220	68	145	193	125	|
|219	301	237	175	349	169	0	157	257	223	244	157	105	334	180	62	175	61	177	63	233	264	334	118	221	61	317	112	136	312	85	|
|120	204	334	130	438	214	157	0	402	348	88	90	173	438	336	115	307	100	269	220	172	338	406	122	130	218	224	204	69	403	101	|
|412	465	157	348	210	253	257	402	0	88	486	359	245	166	129	287	266	303	178	204	386	208	239	370	406	207	473	212	354	187	304	|
|339	384	70	275	151	173	223	348	88	0	427	291	179	120	166	234	290	254	96	187	306	123	166	342	332	190	391	145	291	119	247	|
|129	187	404	174	502	276	244	88	486	427	0	142	248	508	424	200	390	187	342	308	193	400	464	192	142	306	207	281	136	469	182	|
|63	145	263	40	360	134	157	90	359	291	142	0	114	366	321	95	331	99	202	212	90	258	323	186	65	211	163	148	27	327	72	|
|169	232	162	107	269	64	105	173	245	179	248	114	0	266	222	71	268	94	97	131	155	173	244	203	164	132	245	34	113	233	73	|
|401	424	105	339	48	233	334	438	166	120	508	366	266	0	280	332	409	355	169	305	353	117	96	452	391	308	425	237	374	49	339	|
|383	454	227	326	316	261	180	336	129	166	424	321	222	280	0	231	137	238	208	116	376	277	331	272	381	118	467	197	307	285	253	|
|158	238	229	114	339	130	62	115	287	234	200	95	71	332	231	0	238	23	164	118	171	243	314	134	159	117	255	95	77	302	23	|
|393	475	339	351	441	326	175	307	266	290	390	331	268	409	137	238	0	232	300	138	408	383	445	204	395	136	492	258	308	406	260	|
|161	245	251	125	362	153	61	100	303	254	187	99	94	355	238	23	232	0	187	123	183	267	338	111	164	121	262	117	77	325	34	|
|246	289	65	181	175	77	177	269	178	96	342	202	97	169	208	164	300	187	0	168	210	87	157	290	238	171	296	70	206	138	170	|
|275	352	217	224	328	188	63	220	204	187	308	212	131	305	116	118	138	123	168	0	279	255	322	166	275	3	367	120	195	291	141	|
|64	80	259	58	335	133	233	172	386	306	193	90	155	353	376	171	408	183	210	279	0	236	289	276	51	279	90	182	117	307	150	|
|287	307	53	228	102	125	264	338	208	123	400	258	173	117	277	243	383	267	87	255	236	0	71	374	276	257	308	153	270	71	245	|
|345	352	107	290	55	192	334	406	239	166	464	323	244	96	331	314	445	338	157	322	289	71	0	445	334	325	350	224	337	54	315	|
|235	321	352	222	465	264	118	122	370	342	192	186	203	452	272	134	204	111	290	166	276	374	445	0	243	164	341	221	159	428	142	|
|13	81	293	58	377	162	221	130	406	332	142	65	164	391	381	159	395	164	238	275	51	276	334	243	0	274	100	196	89	347	136	|
|274	352	220	224	330	190	61	218	207	190	306	211	132	308	118	117	136	121	171	3	279	257	325	164	274	0	367	122	194	294	140	|
|106	20	339	143	401	220	317	224	473	391	207	163	245	425	467	255	492	262	296	367	90	308	350	341	100	367	0	272	188	377	232	|
|201	261	134	138	245	68	112	204	212	145	281	148	34	237	197	95	258	117	70	120	182	153	224	221	196	122	272	0	146	208	103	|
|85	170	270	65	371	145	136	69	354	291	136	27	113	374	307	77	308	77	206	195	117	270	337	159	89	194	188	146	0	337	54	|
|358	376	75	297	37	193	312	403	187	119	469	327	233	49	285	302	406	325	138	291	307	71	54	428	347	294	377	208	337	0	306	|
|135	215	235	92	342	125	85	101	304	247	182	72	73	339	253	23	260	34	170	141	150	245	315	142	136	140	232	103	54	306	0	|

--------------------------------------------------------------------------------
Building model...
	using lazy and cut (CVRPSEP package)
Solving IRP LP...
--------------------------------------------------------------------------------

Gurobi 9.1.0 (linux64) logging started Sat Jan  9 22:20:42 2021

Gurobi Optimizer version 9.1.0 build v9.1.0rc0 (linux64)
Thread count: 32 physical cores, 32 logical processors, using up to 2 threads
Optimize a model with 2077 rows, 8014 columns and 31915 nonzeros
Model fingerprint: 0x82d5d91d
Variable types: 574 continuous, 7440 integer (465 binary)
Coefficient statistics:
  Matrix range     [1e+00, 5e+02]
  Objective range  [1e-01, 5e+02]
  Bounds range     [1e+00, 3e+02]
  RHS range        [1e+01, 4e+03]
Presolve removed 142 rows and 32 columns
Presolve time: 0.07s
Presolved: 1935 rows, 7982 columns, 31590 nonzeros
Variable types: 543 continuous, 7439 integer (6989 binary)

Root relaxation: objective 9.094003e+03, 1485 iterations, 0.07 seconds

    Nodes    |    Current Node    |     Objective Bounds      |     Work
 Expl Unexpl |  Obj  Depth IntInf | Incumbent    BestBd   Gap | It/Node Time

     0     0 9094.00257    0  137          - 9094.00257      -     -    0s
     0     0 9344.95422    0  195          - 9344.95422      -     -    0s
     0     0 9386.31922    0  184          - 9386.31922      -     -    0s
     0     0 9388.93111    0  177          - 9388.93111      -     -    0s
     0     0 9388.93111    0  176          - 9388.93111      -     -    0s
     0     0 9636.01712    0  191          - 9636.01712      -     -    0s
     0     0 9707.14593    0  186          - 9707.14593      -     -    1s
     0     0 9707.17248    0  167          - 9707.17248      -     -    1s
     0     0 9840.46724    0  210          - 9840.46724      -     -    1s
     0     0 9881.50052    0  190          - 9881.50052      -     -    1s
     0     0 9890.82592    0  178          - 9890.82592      -     -    1s
     0     0 9891.89818    0  201          - 9891.89818      -     -    1s
     0     0 9892.22802    0  208          - 9892.22802      -     -    1s
     0     0 9938.14699    0  244          - 9938.14699      -     -    2s
     0     0 10001.4782    0  222          - 10001.4782      -     -    2s
     0     0 10008.4161    0  258          - 10008.4161      -     -    2s
     0     0 10010.9617    0  239          - 10010.9617      -     -    2s
     0     0 10011.2996    0  269          - 10011.2996      -     -    2s
     0     0 10045.8556    0  399          - 10045.8556      -     -    3s
     0     0 10053.0352    0  360          - 10053.0352      -     -    3s
     0     0 10053.7856    0  334          - 10053.7856      -     -    3s
     0     0 10054.0774    0  374          - 10054.0774      -     -    3s
     0     0 10062.9178    0  340          - 10062.9178      -     -    3s
     0     0 10066.4831    0  331          - 10066.4831      -     -    4s
     0     0 10068.6519    0  441          - 10068.6519      -     -    4s
     0     0 10069.3323    0  421          - 10069.3323      -     -    4s
     0     0 10074.8466    0  355          - 10074.8466      -     -    4s
     0     0 10078.5709    0  322          - 10078.5709      -     -    4s
     0     0 10079.2278    0  340          - 10079.2278      -     -    5s
     0     0 10089.0946    0  310          - 10089.0946      -     -    5s
     0     0 10090.9299    0  284          - 10090.9299      -     -    5s
     0     0 10091.5256    0  466          - 10091.5256      -     -    5s
     0     0 10092.8837    0  287          - 10092.8837      -     -    5s
     0     0 10092.8837    0  234          - 10092.8837      -     -    6s
     0     2 10093.1273    0  211          - 10093.1273      -     -    7s
    19    22 10177.0551    6  364          - 10093.1273      -   604   10s
    53    57 10271.3806   15  392          - 10093.1273      -   603   15s
   100   108 10322.1323   29  423          - 10093.1273      -   557   20s
   154   167 10522.8837   41  431          - 10093.1273      -   523   25s
   246   256 10618.8100   52  417          - 10093.1273      -   397   30s
   373   395 10725.4917   62  175          - 10093.1273      -   316   35s
   497   491 11027.0802   85  130          - 10093.1273      -   279   40s
   566   562 11748.8872  111  202          - 10093.1273      -   288   45s
   580   581 11955.4308  115  215          - 10093.1273      -   290   50s
   703   733 13144.8085  168  155          - 10093.1273      -   274   56s
   852   952 13567.6422  204  120          - 10093.1273      -   246   60s
  1185  1145 infeasible  293               - 10094.8804      -   188   66s
  1260  1172 13332.1984  197  201          - 10094.8804      -   184   70s
  1284  1188 13709.4874  207  467          - 10119.8043      -   180   75s
  1308  1204 10188.0967    7  504          - 10144.3325      -   177   80s
  1325  1215 10508.4826   19  445          - 10147.8928      -   175   85s
  1346  1229 11554.7227   61  511          - 10152.8117      -   172   90s
  1365  1242 10374.0375   34  487          - 10156.1020      -   170   95s
  1385  1255 10294.2613   20  513          - 10156.9304      -   167  100s
  1402  1268 11953.6325  102  418          - 10156.9509      -   187  105s
  1430  1287 11072.7951   87  455          - 10158.7000      -   183  110s
  1445  1297 10949.8050   56  528          - 10162.8515      -   181  115s
  1456  1307 10164.8552   27  518          - 10164.8552      -   190  120s
  1484  1326 10193.7532   34  488          - 10174.2968      -   199  125s
  1516  1349 10225.3397   42  397          - 10187.5019      -   210  130s
  1550  1376 10267.8378   51  479          - 10187.5019      -   220  135s
  1587  1400 10326.5505   59  365          - 10187.5019      -   229  140s
  1628  1429 10557.0503   69  334          - 10187.5019      -   237  145s
  1672  1461 10852.2980   80  339          - 10187.5019      -   243  150s
  1714  1497 11048.5604   91  318          - 10187.5019      -   248  155s
  1790  1552 11202.3522  111  248          - 10187.5019      -   251  161s
  1862  1604 11286.9378  129  274          - 10187.5019      -   253  166s
  1918  1643 11347.2460  145  278          - 10187.5019      -   254  170s
  2007  1705 11462.5459  169  241          - 10187.5019      -   255  176s
  2072  1754 11611.7448  183  277          - 10187.5019      -   257  180s
  2154  1832 11745.7480  199  212          - 10187.5019      -   258  185s
  2280  1890 12298.4800  220  189          - 10187.5019      -   254  191s
  2323  1932 12438.6679  228  181          - 10187.5019      -   254  195s
  2468  2095 12963.9806  251  178          - 10187.5019      -   250  202s
  2601  2131 13146.5554  267  139          - 10187.5019      -   243  206s
  2720  2148 13554.8951  288  189          - 10187.5019      -   236  210s
  2864  2183 14159.2813  330  164          - 10187.5019      -   231  215s
  2881  2237 14321.6436  334  127          - 10187.5019      -   231  221s
  2986  2223 10325.9176   37  417          - 10193.8383      -   230  228s
  3000  2233 10365.3874   39  341          - 10193.8383      -   231  230s
  3034  2260 10408.9279   48  393          - 10193.8383      -   235  236s
  3059  2264 10615.2030   64  358          - 10193.8383      -   239  240s
  3081  2297 10577.0020   59  387          - 10193.8383      -   243  246s
  3105  2315 10614.5297   61  409          - 10193.8383      -   244  250s
  3160  2369 10768.3937   71  279          - 10193.8383      -   247  257s
  3204  2399 10969.7769   80  157          - 10193.8383      -   248  261s
  3248  2442 11117.9954   90  215          - 10193.8383      -   248  266s
  3306  2489 11363.2062  112  180          - 10193.8383      -   248  270s
  3372  2575 11557.9760  132  137          - 10193.8383      -   248  276s
  3488  2709 11938.7858  171  103          - 10193.8383      -   244  283s
  3667  2752 12519.8553  218   21          - 10196.9578      -   237  290s
* 3734  2184             232    12881.210000 10196.9578  20.8%   234  290s
* 3737  2105             230    12825.210000 10196.9578  20.5%   234  291s
  3832  2057 10499.6399   37  422 12825.2100 10196.9578  20.5%   231  296s
  3853  2069 10477.6094   41  448 12825.2100 10196.9578  20.5%   233  305s
  3909  2117 10519.8763   47  426 12825.2100 10196.9578  20.5%   235  314s
  3938  2115 10620.6834   49  352 12825.2100 10196.9578  20.5%   237  337s
  3946  2152 10573.2501   49  451 12825.2100 10196.9578  20.5%   237  342s
  3986  2172 10601.5065   51  443 12825.2100 10196.9578  20.5%   238  347s
  4019  2182 10633.7844   52  385 12825.2100 10196.9578  20.5%   240  353s
  4072  2182 10699.8410   57  408 12825.2100 10196.9578  20.5%   240  359s
  4096  2214 10742.1438   63  380 12825.2100 10196.9578  20.5%   242  364s
  4136  2300 10800.1745   71  335 12825.2100 10196.9578  20.5%   243  371s
  4235  2302 10895.9111   78  310 12825.2100 10196.9578  20.5%   242  379s
  4296  2318 11063.9332   83  231 12825.2100 10196.9578  20.5%   242  385s
  4332  2386 11294.1156   90  182 12825.2100 10196.9578  20.5%   244  393s
  4412  2500 11836.0224  111  119 12825.2100 10196.9578  20.5%   243  402s
  4553  2480 12685.9187  141   93 12825.2100 10196.9578  20.5%   241  411s
  4584  2498 12757.2559  141  102 12825.2100 10199.3920  20.5%   240  419s
  4634  2481 12796.8366  187   80 12825.2100 10199.8233  20.5%   240  420s
H 4648  2215                    12505.970000 10199.8233  18.4%   241  428s
  4650  2281 10895.0140   33  371 12505.9700 10202.3391  18.4%   241  436s
  4765  2268 10273.8125   29  509 12505.9700 10213.8321  18.3%   241  443s
  4791  2287 10398.1145   33  435 12505.9700 10213.8321  18.3%   243  450s
  4818  2312 10437.9319   41  423 12505.9700 10213.8321  18.3%   245  463s
  4844  2351 10507.9278   44  360 12505.9700 10213.8321  18.3%   247  470s
  4883  2400 10604.5573   49  345 12505.9700 10213.8321  18.3%   248  479s
  4932  2459 10724.1162   58  317 12505.9700 10213.8321  18.3%   250  487s
  4991  2535 10927.4597   68  307 12505.9700 10213.8321  18.3%   251  496s
  5067  2628 11087.2629   79  355 12505.9700 10213.8321  18.3%   252  505s
  5166  2780 11329.7014   92  213 12505.9700 10214.6853  18.3%   252  518s
  5287  2783 11840.9385  139   27 12505.9700 10214.6853  18.3%   249  520s
  5387  2866 12421.0064  125   63 12505.9700 10216.3743  18.3%   248  530s
  5463  2949 10888.4766   58  313 12505.9700 10216.3743  18.3%   248  544s
  5549  2949 12336.6278   82  103 12505.9700 10216.3743  18.3%   248  545s
  5569  3001 11689.1864   93  230 12505.9700 10219.1550  18.3%   249  553s
  5630  3117 10572.3008   49  392 12505.9700 10219.1550  18.3%   250  566s
  5764  3169 11497.4080   74  192 12505.9700 10220.4538  18.3%   249  578s
  5826  3201 10299.5817   41  486 12505.9700 10220.5928  18.3%   250  588s
  5858  3217 10395.7470   49  430 12505.9700 10220.5928  18.3%   252  600s
  5874  3261 10461.4918   52  363 12505.9700 10220.5928  18.3%   253  611s
  5918  3299 10784.9066   61  280 12505.9700 10220.5928  18.3%   256  624s
  5956  3365 10922.2456   70  259 12505.9700 10220.5928  18.3%   258  635s
  6022  3524 11019.2838   85  294 12505.9700 10220.5928  18.3%   260  649s
  6081  3524 11491.5359  103  231 12505.9700 10220.5928  18.3%   260  650s
  6204  3668 11308.9684  104  217 12505.9700 10220.5928  18.3%   257  663s
  6350  3690 12171.8440  142  167 12505.9700 10223.6868  18.2%   257  676s
  6394  3725 10428.7314   42  355 12505.9700 10226.0820  18.2%   259  689s
  6429  3773 10603.2375   51  249 12505.9700 10226.0820  18.2%   261  700s
  6477  3839 10909.3791   60  344 12505.9700 10226.0820  18.2%   263  713s
  6543  3891 11183.7257   76  183 12505.9700 10226.0820  18.2%   266  727s
  6597  4068 11375.5971   93  235 12505.9700 10226.0820  18.2%   266  743s
  6752  4068 11638.9545  105   65 12505.9700 10226.0820  18.2%   265  745s
  6774  4238 11855.5244  115  111 12505.9700 10226.0820  18.2%   265  759s
  6834  4238 12345.0625  135   32 12505.9700 10226.0820  18.2%   264  760s
  6991  4326 10553.4537   53  431 12505.9700 10231.5787  18.2%   261  774s
  7079  4455 11734.8534   90  330 12505.9700 10231.5971  18.2%   262  788s
  7195  4455 12104.5906  144  109 12505.9700 10235.3010  18.2%   261  790s
  7234  4558 10932.8437   46  287 12505.9700 10235.3010  18.2%   261  809s
  7314  4558 10995.8724   57  283 12505.9700 10235.3010  18.2%   263  810s
  7339  4733 11670.4502   67  204 12505.9700 10238.6686  18.1%   263  830s
  7559  4855     cutoff  107      12505.9700 10242.5782  18.1%   261  852s
  7692  5055 11239.0392   73  182 12505.9700 10243.4538  18.1%   262  872s
  7933  5161 11016.3979   56  186 12505.9700 10243.5348  18.1%   260  895s
  8039  5323 11688.8498  119   49 12505.9700 10243.9610  18.1%   259  915s
  8230  5496 11277.6253   81  291 12505.9700 10245.5049  18.1%   258  936s
  8435  5602 12438.4565  128   48 12505.9700 10245.9938  18.1%   257  957s
  8583  5687 10819.1887   56  219 12505.9700 10247.1144  18.1%   258  977s
  8665  5892 10956.8871   82  179 12505.9700 10249.9604  18.0%   259  998s
  8786  5892 12184.9370  142   57 12505.9700 10249.9604  18.0%   258 1000s
  8900  6040 10965.1313   51  318 12505.9700 10250.2150  18.0%   258 1021s
  9093  6162     cutoff  113      12505.9700 10252.7982  18.0%   257 1043s
  9223  6229 11619.2769   74  134 12505.9700 10263.3475  17.9%   258 1066s
  9305  6374 11155.0478   67  238 12505.9700 10264.0870  17.9%   259 1086s
  9473  6490 11502.4302   69  140 12505.9700 10266.6344  17.9%   259 1108s
  9606  6602 10976.2226   61  338 12505.9700 10272.4831  17.9%   259 1129s
  9640  6602 12207.9266   95  241 12505.9700 10272.4831  17.9%   260 1130s
  9738  6735 10544.5027   36  412 12505.9700 10273.1653  17.9%   260 1153s
  9906  6835 12127.9102   94  176 12505.9700 10273.6065  17.9%   260 1176s
H10022  6800                    12457.320000 10273.6065  17.5%   260 1177s
 10044  6973 10554.0606   43  416 12457.3200 10273.6065  17.5%   262 1201s
 10221  7192 10827.4836   59  357 12457.3200 10273.6065  17.5%   262 1226s
 10479  7337 11377.2806  127   62 12457.3200 10275.7178  17.5%   261 1249s
 10499  7337 11446.9270  137   85 12457.3200 10275.7178  17.5%   260 1250s
 10643  7367     cutoff  158      12457.3200 10277.1774  17.5%   261 1275s
 10693  7502 10868.4841   50  398 12457.3200 10280.2914  17.5%   261 1296s
 10849  7623     cutoff  102      12457.3200 10283.1930  17.5%   262 1319s
 10909  7623 11266.3770   62  166 12457.3200 10284.6795  17.4%   263 1320s
 10995  7698 11530.6849   45  144 12457.3200 10284.6795  17.4%   263 1340s
 11107  7849 11255.7142   49  228 12457.3200 10284.9383  17.4%   265 1363s
 11224  7849 11380.9866   55  264 12457.3200 10284.9383  17.4%   265 1365s
 11289  8028 11257.0816   67  215 12457.3200 10286.6094  17.4%   265 1388s
 11486  8031 12094.8140   94  137 12457.3200 10286.9640  17.4%   264 1390s
 11518  8154     cutoff  133      12457.3200 10287.2296  17.4%   264 1410s
 11665  8296 12071.1598   91  147 12457.3200 10288.9376  17.4%   265 1433s
 11833  8366 10600.8300   32  512 12457.3200 10290.1113  17.4%   266 1456s
 11912  8452 10636.1005   43  459 12457.3200 10290.1113  17.4%   267 1477s
 11998  8657 11124.7780   60  188 12457.3200 10290.1113  17.4%   269 1505s
 12243  8798 11787.6015  110  115 12457.3200 10296.3599  17.3%   269 1529s
 12339  8798 12352.4905  149   43 12457.3200 10296.3599  17.3%   268 1530s
 12431  8976 11393.3461   63  156 12457.3200 10300.6397  17.3%   269 1554s
 12512  8976 11206.6692   68  169 12457.3200 10300.6397  17.3%   269 1555s
 12650  9197 10967.4131   38  322 12457.3200 10301.0087  17.3%   269 1584s
 12741  9199 12379.1438  124   21 12457.3200 10301.0087  17.3%   268 1585s
 12900  9366     cutoff  122      12457.3200 10302.1167  17.3%   268 1608s
 13103  9487 10643.0283   52  323 12457.3200 10303.2505  17.3%   267 1630s
 13253  9625 11280.0508   71  189 12457.3200 10303.7296  17.3%   268 1652s
 13424  9713 10805.6284   49  317 12457.3200 10305.4402  17.3%   268 1675s
 13512 10015 11066.9084   75  257 12457.3200 10305.5279  17.3%   270 1702s
 13785 10020 12079.4860  103   19 12457.3200 10306.0064  17.3%   268 1705s
 13876 10127     cutoff  145      12457.3200 10307.6282  17.3%   267 1729s
 14004 10182 10684.1105   41  335 12457.3200 10308.3219  17.3%   268 1750s
 14059 10274 10814.9249   48  235 12457.3200 10308.3219  17.3%   270 1773s
 14151 10438 10941.4414   52  261 12457.3200 10308.3219  17.3%   272 1796s
 14317 10847 11463.7920   84  165 12457.3200 10308.5147  17.2%   273 1825s
 14751 11097 11343.0509   52  105 12457.3200 10308.5437  17.2%   270 1854s
 14842 11099 11464.6303   71  105 12457.3200 10308.5437  17.2%   270 1855s
 15062 11309     cutoff  110      12457.3200 10311.3304  17.2%   268 1879s
 15109 11309 11985.7653   93  104 12457.3200 10311.3304  17.2%   268 1880s
 15298 11518 10978.1758   50  345 12457.3200 10314.4355  17.2%   267 1905s
 15556 11638 10611.3986   45  400 12457.3200 10318.1444  17.2%   266 1928s
 15698 11718 10630.5480   47  399 12457.3200 10318.3293  17.2%   267 2077s
 15778 11812 12075.2598   87   71 12457.3200 10318.4755  17.2%   267 2101s
 15904 12064 10816.5341   61  177 12457.3200 10318.5805  17.2%   268 2127s
 16193 12312 11096.0648   53  272 12457.3200 10320.0115  17.2%   267 2154s
 16277 12312 12102.3490  135   72 12457.3200 10320.0115  17.2%   266 2155s
 16493 12484 11024.5284   46  283 12457.3200 10320.8903  17.1%   266 2179s
 16619 12484 11516.9727   66  141 12457.3200 10322.0975  17.1%   266 2180s
 16703 12694 11552.4609   77  239 12457.3200 10322.3694  17.1%   265 2210s
 16998 12873     cutoff  154      12457.3200 10325.5805  17.1%   264 2237s
 17197 12973 11121.1547   42  274 12457.3200 10328.8766  17.1%   264 2264s
 17237 12973 11993.9708   82   72 12457.3200 10328.8766  17.1%   264 2265s
 17320 13060 10457.9472   36  402 12457.3200 10329.0945  17.1%   265 2287s
 17407 13385 10810.2785   48  153 12457.3200 10329.3773  17.1%   267 2313s
 17605 13391 11066.2846   75  254 12457.3200 10329.6160  17.1%   266 2315s
 17795 13571 infeasible  127      12457.3200 10329.6333  17.1%   265 2341s
 18005 13746 10873.6577   38  295 12457.3200 10329.7747  17.1%   265 2367s
 18231 13904 11390.5721   60  232 12457.3200 10331.3858  17.1%   264 2393s
 18446 14055 12123.0403   86  107 12457.3200 10332.1579  17.1%   264 2417s
 18622 14256 11814.5849  109  227 12457.3200 10332.9792  17.1%   264 2443s
 18864 14451     cutoff  141      12457.3200 10335.5796  17.0%   263 2469s
 18912 14451 11464.0549   76  133 12457.3200 10335.5796  17.0%   264 2470s
 19097 14603 10689.4435   45  252 12457.3200 10337.6874  17.0%   263 2496s
 19275 14746 11176.9567   53  228 12457.3200 10339.0425  17.0%   263 2520s
 19434 14927 10895.4658   63  401 12457.3200 10339.0425  17.0%   264 2546s
 19634 15125 11493.1688   87  169 12457.3200 10339.4615  17.0%   264 2572s
 19858 15302 10717.7872   53  400 12457.3200 10339.6014  17.0%   264 2598s
 19991 15302 12184.7747   79   95 12457.3200 10339.6014  17.0%   264 2600s
 20047 15516 12285.7175   90  134 12457.3200 10343.5490  17.0%   264 2624s
 20115 15516 11455.9785   66  175 12457.3200 10343.5490  17.0%   264 2625s
 20332 15701 10522.5859   37  408 12457.3200 10348.6420  16.9%   263 2653s
 20508 15701 11829.2442   91  128 12457.3200 10349.1887  16.9%   263 2655s
 20547 15907 10644.8560   44  286 12457.3200 10349.4368  16.9%   263 2679s
 20594 15907 12043.7054   91   59 12457.3200 10349.4368  16.9%   263 2680s
 20784 16067 11661.9677  108   10 12457.3200 10349.7078  16.9%   262 2705s
 21011 16185 12200.7907  106   80 12457.3200 10352.7705  16.9%   262 2730s
 21151 16316 10839.6588   55  379 12457.3200 10353.6090  16.9%   263 2755s
 21290 16548 11535.9609   93   92 12457.3200 10353.8631  16.9%   263 2781s
 21580 16864 10829.7814   47  337 12457.3200 10356.3146  16.9%   262 2809s
 21601 16864 11049.6292   59  145 12457.3200 10356.3146  16.9%   262 2810s
 21962 17014     cutoff  136      12457.3200 10358.4377  16.8%   260 2837s
 22152 17197 11753.5615   82  124 12457.3200 10359.6674  16.8%   260 2861s
 22385 17283 11105.4242   52  228 12457.3200 10360.1770  16.8%   260 2885s
 22490 17322 10595.3078   42  424 12457.3200 10360.9196  16.8%   261 2918s
 22529 17515 10716.9635   53  296 12457.3200 10360.9196  16.8%   262 2941s
 22750 17738 11191.4286   64  209 12457.3200 10361.2309  16.8%   262 2968s
 22969 17742 11978.9026  110   72 12457.3200 10361.8467  16.8%   261 2970s
 23022 17884     cutoff  130      12457.3200 10362.1591  16.8%   261 2992s
 23180 18105 infeasible  137      12457.3200 10363.5553  16.8%   261 3018s
 23386 18110 12354.0333  113   31 12457.3200 10365.4624  16.8%   261 3020s
 23447 18237 11029.9297   40  399 12457.3200 10365.4624  16.8%   261 3044s
 23496 18237 12023.7318   60  232 12457.3200 10365.4624  16.8%   261 3045s
 23592 18334 11942.9402   61  103 12457.3200 10366.3452  16.8%   262 3066s
 23714 18594 11392.5684   71  217 12457.3200 10366.6793  16.8%   263 3093s
 23827 18594 11000.2072   65  158 12457.3200 10367.1046  16.8%   263 3095s
 24028 18748 11605.0150   97  151 12457.3200 10367.1052  16.8%   262 3123s
 24218 18884 10572.4264   57  496 12457.3200 10368.4405  16.8%   261 3147s
 24381 19077 10823.2982   66  407 12457.3200 10368.7926  16.8%   261 3172s
 24615 19162 11314.2544   79  139 12457.3200 10370.0560  16.8%   261 3195s
 24740 19272 10756.9155   65  413 12457.3200 10370.5958  16.8%   262 3219s
 24836 19539 11085.3149   77  326 12457.3200 10370.5958  16.8%   263 3247s
 25130 19539 11466.1362   59  311 12457.3200 10370.5958  16.8%   262 3250s
 25164 19766 11622.3577  115   41 12457.3200 10372.0440  16.7%   262 3274s
 25204 19766 11734.6567  129   62 12457.3200 10372.0440  16.7%   262 3275s
 25437 19942     cutoff  175      12457.3200 10373.3985  16.7%   262 3300s
 25655 20124 10733.9188   41  332 12457.3200 10374.8350  16.7%   261 3324s
 25893 20207 11361.7231   61  297 12457.3200 10377.3149  16.7%   261 3349s
 25913 20207 11829.3047   81  131 12457.3200 10377.3149  16.7%   261 3350s
 25988 20394 11085.8156   63  390 12457.3200 10377.4484  16.7%   261 3374s
H26091 20363                    12444.320000 10377.4484  16.6%   262 3375s
 26187 20571 11931.9720   94  119 12444.3200 10377.6696  16.6%   262 3398s
 26446 20717 11764.3440   77  137 12444.3200 10378.4118  16.6%   261 3422s
 26653 20847 10757.1494   43  369 12444.3200 10379.3461  16.6%   261 3448s
 26817 21007 11075.3454   68  152 12444.3200 10380.3033  16.6%   261 3474s
 26877 21007 11462.3112   98  122 12444.3200 10380.3033  16.6%   262 3475s
 26998 21186 10786.7919   38  444 12444.3200 10380.7050  16.6%   262 3499s
 27123 21186 11563.5739   70  173 12444.3200 10380.7050  16.6%   262 3500s
 27204 21400 11693.9180   75  128 12444.3200 10380.9588  16.6%   262 3523s
 27474 21593 11905.6595   63   96 12444.3200 10381.1260  16.6%   261 3550s
 27724 21802 10514.3147   43  379 12444.3200 10382.4810  16.6%   261 3577s
 28006 21942 10938.7290   37  353 12444.3200 10385.0129  16.5%   261 3600s

Cutting planes:
  User: 7106
  Gomory: 22
  Cover: 484
  Implied bound: 61
  Clique: 14
  MIR: 234
  StrongCG: 1
  Flow cover: 369
  GUB cover: 1
  Zero half: 17
  RLT: 356
  Relax-and-lift: 7
  Lazy constraints: 2246

Explored 28177 nodes (7364941 simplex iterations) in 3601.52 seconds
Thread count was 2 (of 32 available processors)

Solution count 5: 12444.3 12457.3 12506 ... 12881.2

Time limit reached
Best objective 1.244432000000e+04, best bound 1.038515069594e+04, gap 16.5471%

User-callback calls 396378, time in user-callback 152.52 sec
================================================================================
executing instance: ./input/Instances/Original/3/absH3high_5n20.dat
--------------------------------------------------------------------------------
Instance details
n	21
H	3
C	1734
Li:
[0, 0, 0, 0, 0, 0, 0, 0, 0, 0, 0, 0, 0, 0, 0, 0, 0, 0, 0, 0, 0, ]
Ui:
[0, 40, 237, 68, 194, 144, 207, 114, 118, 207, 120, 72, 128, 48, 102, 237, 261, 135, 84, 184, 142, ]
Distance matrix:
|0	408	254	408	305	286	284	573	384	380	400	384	552	461	243	577	274	285	345	92	431	|
|408	0	189	21	111	218	178	168	182	283	211	86	158	222	191	168	136	320	219	318	87	|
|254	189	0	198	81	230	31	354	276	174	157	136	307	348	158	348	110	313	275	180	183	|
|408	21	198	0	118	204	190	165	163	302	230	105	169	202	184	170	134	306	202	317	107	|
|305	111	81	118	0	188	80	278	209	221	172	86	247	276	129	276	61	285	220	218	130	|
|286	218	230	204	188	0	249	342	102	401	360	260	373	176	73	360	128	103	60	202	290	|
|284	178	31	190	80	249	0	339	286	151	127	114	284	355	180	330	124	337	290	211	160	|
|573	168	354	165	278	342	339	0	262	411	330	229	118	248	342	37	298	434	316	482	194	|
|384	182	276	163	209	102	286	262	0	429	372	252	319	79	149	287	167	174	55	297	268	|
|380	283	174	302	221	401	151	411	429	0	82	197	318	491	331	390	274	488	439	331	219	|
|400	211	157	230	172	360	127	330	372	82	0	125	237	427	297	308	232	455	390	335	139	|
|384	86	136	105	86	260	114	229	252	197	125	0	171	303	210	217	143	361	278	301	47	|
|552	158	307	169	247	373	284	118	319	318	237	171	0	331	349	84	289	474	366	465	124	|
|461	222	348	202	276	176	355	248	79	491	427	303	331	0	228	279	241	226	119	375	308	|
|243	191	158	184	129	73	180	342	149	331	297	210	349	228	0	352	68	159	127	152	248	|
|577	168	348	170	276	360	330	37	287	390	308	217	84	279	352	0	303	455	339	486	177	|
|274	136	110	134	61	128	124	298	167	274	232	143	289	241	68	303	0	224	166	183	182	|
|285	320	313	306	285	103	337	434	174	488	455	361	474	226	159	455	224	0	119	224	393	|
|345	219	275	202	220	60	290	316	55	439	390	278	366	119	127	339	166	119	0	262	301	|
|92	318	180	317	218	202	211	482	297	331	335	301	465	375	152	486	183	224	262	0	347	|
|431	87	183	107	130	290	160	194	268	219	139	47	124	308	248	177	182	393	301	347	0	|

--------------------------------------------------------------------------------
Building model...
	using lazy and cut (CVRPSEP package)
Solving IRP LP...
--------------------------------------------------------------------------------

Gurobi 9.1.0 (linux64) logging started Sat Jan  9 23:20:43 2021

Gurobi Optimizer version 9.1.0 build v9.1.0rc0 (linux64)
Thread count: 32 physical cores, 32 logical processors, using up to 2 threads
Optimize a model with 1377 rows, 3849 columns and 15285 nonzeros
Model fingerprint: 0x286df0c8
Variable types: 384 continuous, 3465 integer (315 binary)
Coefficient statistics:
  Matrix range     [1e+00, 3e+02]
  Objective range  [2e-01, 6e+02]
  Bounds range     [1e+00, 3e+02]
  RHS range        [2e+01, 3e+03]
Presolve removed 102 rows and 23 columns
Presolve time: 0.05s
Presolved: 1275 rows, 3826 columns, 15018 nonzeros
Variable types: 363 continuous, 3463 integer (3163 binary)

Root relaxation: objective 8.168215e+03, 955 iterations, 0.03 seconds

    Nodes    |    Current Node    |     Objective Bounds      |     Work
 Expl Unexpl |  Obj  Depth IntInf | Incumbent    BestBd   Gap | It/Node Time

     0     0 8168.21538    0   80          - 8168.21538      -     -    0s
     0     0 8363.19109    0  122          - 8363.19109      -     -    0s
     0     0 8369.54881    0  125          - 8369.54881      -     -    0s
     0     0 8598.65362    0  174          - 8598.65362      -     -    0s
     0     0 8690.43697    0  184          - 8690.43697      -     -    0s
     0     0 8694.29356    0  167          - 8694.29356      -     -    0s
     0     0 8694.29356    0  169          - 8694.29356      -     -    0s
     0     0 8888.27080    0  207          - 8888.27080      -     -    0s
     0     0 9020.41351    0  221          - 9020.41351      -     -    0s
     0     0 9035.34157    0  216          - 9035.34157      -     -    1s
     0     0 9037.08632    0  227          - 9037.08632      -     -    1s
     0     0 9037.10956    0  217          - 9037.10956      -     -    1s
     0     0 9155.58494    0  249          - 9155.58494      -     -    1s
     0     0 9218.38977    0  213          - 9218.38977      -     -    1s
     0     0 9227.69252    0  229          - 9227.69252      -     -    1s
     0     0 9234.49029    0  273          - 9234.49029      -     -    1s
     0     0 9239.16283    0  265          - 9239.16283      -     -    1s
     0     0 9240.35261    0  274          - 9240.35261      -     -    1s
     0     0 9240.37560    0  278          - 9240.37560      -     -    1s
     0     0 9282.78976    0  292          - 9282.78976      -     -    2s
     0     0 9285.34656    0  340          - 9285.34656      -     -    2s
     0     0 9286.60290    0  338          - 9286.60290      -     -    2s
     0     0 9287.12163    0  326          - 9287.12163      -     -    2s
     0     0 9301.54688    0  241          - 9301.54688      -     -    2s
     0     0 9302.83317    0  279          - 9302.83317      -     -    2s
     0     0 9303.73964    0  279          - 9303.73964      -     -    2s
     0     0 9306.94158    0  289          - 9306.94158      -     -    2s
     0     0 9306.94158    0  262          - 9306.94158      -     -    2s
     0     2 9308.29762    0  258          - 9308.29762      -     -    3s
    33    37 9488.64255   10  266          - 9353.01812      -   490    5s
   175   154 10018.9065   29  153          - 9353.06187      -   338   10s
   307   251 9584.07347   16  246          - 9366.29763      -   318   15s
   473   392 9570.33435   10  324          - 9367.99229      -   303   20s
   594   498 9853.82631   15  100          - 9367.99229      -   316   25s
   719   619 10091.9280   21   81          - 9367.99229      -   327   30s
   778   639 9664.61359   12  366          - 9523.88237      -   315   35s
   785   647 9652.33741   15  338          - 9558.30100      -   335   40s
   818   670 9768.14794   24  195          - 9597.67076      -   341   45s
   934   754 10446.9198   57  118          - 9597.67076      -   333   50s
  1097   867 11741.4230  100  120          - 9597.67076      -   312   55s
H 1171   878                    13713.610000 9597.67076  30.0%   299   56s
H 1299   858                    12743.130000 9597.67234  24.7%   277   59s
  1327   887 9718.44446   22  287 12743.1300 9597.67234  24.7%   276   60s
  1422   932 9912.74649   31  172 12743.1300 9597.67234  24.7%   268   65s
  1498   967 10044.8546   46  159 12743.1300 9597.67234  24.7%   266   70s
  1630  1092 10757.7359   62  123 12743.1300 9597.67234  24.7%   257   75s
  1858  1166 11953.7319  119   64 12743.1300 9597.67234  24.7%   239   81s
  1979  1233 9739.90368   20  330 12743.1300 9646.26404  24.3%   232   85s
* 2098  1264             105    12362.950000 9646.44724  22.0%   226   88s
  2272  1280 10068.7724   27  183 12362.9500 9646.52717  22.0%   216   91s
H 2285  1122                    12050.710000 9646.52717  20.0%   216   91s
  2357  1161 10166.2092   34  188 12050.7100 9647.90725  19.9%   218   95s
  2404  1223 10434.5131   43  204 12050.7100 9647.90725  19.9%   220  101s
  2560  1374 11165.4598   65  145 12050.7100 9647.90725  19.9%   216  106s
  2711  1504 10317.7920   28  292 12050.7100 9655.76607  19.9%   213  111s
  2833  1595 10515.9701   20  282 12050.7100 9665.66318  19.8%   211  115s
  2967  1749 9872.63542   23  261 12050.7100 9670.57445  19.8%   209  120s
  3281  1973 9842.52773   20  236 12050.7100 9678.23203  19.7%   197  126s
  3434  2214 10568.5606   52  160 12050.7100 9678.23203  19.7%   195  131s
  3644  2354 10642.0614   33  170 12050.7100 9695.00982  19.5%   190  137s
  3784  2393 infeasible   18      12050.7100 9695.06721  19.5%   187  140s
