




arguments: ./build/mirp_solver -f ./input/orig_exec_188.cfg
Current dir: /scratch/gui/bnc_mirp
File verbosity level: 9
date       time         ( uptime  ) [ thread name/id ]                   file:line     v| 
2021-01-10 07:12:02.844 (   0.393s) [main thread     ]             loguru.cpp:789   INFO| Logging to './output/vi_hc2/OU/V5/Original/execution_10_01_2021_07_12_02.log', mode: 'a', verbosity: 9
--------------------------------------------------------------------------------
Parameters
                           instance_path           ./input/Instances/Original/5/
                            model_policy                                       1
                             nb_vehicles                                       5
                              output_dir         ./output/vi_hc2/OU/V5/Original/
                            sec_strategy                                       1
                       solver_nb_threads                                       2
                         solver_show_log                                    true
                       solver_time_limit                                    3600
                              use_vi_cos                                   false
                              use_vi_cus                                   false
                         use_vi_hc1_full                                   false
                         use_vi_hc1_half                                   false
                      use_vi_hc1_quarter                                   false
                              use_vi_hc2                                    true
                              use_vi_hc3                                   false
                         use_vi_lex_full                                   false
                         use_vi_lex_half                                   false
                      use_vi_lex_quarter                                   false
                              use_vi_qua                                   false
                               use_vi_vc                                   false
                               use_vi_vr                                   false
--------------------------------------------------------------------------------
executing instance: ./input/Instances/Original/5/absH3low_4n50.dat
--------------------------------------------------------------------------------
Instance details
n	51
H	3
C	4066
Li:
[0, 0, 0, 0, 0, 0, 0, 0, 0, 0, 0, 0, 0, 0, 0, 0, 0, 0, 0, 0, 0, 0, 0, 0, 0, 0, 0, 0, 0, 0, 0, 0, 0, 0, 0, 0, 0, 0, 0, 0, 0, 0, 0, 0, 0, 0, 0, 0, 0, 0, 0, ]
Ui:
[0, 108, 126, 122, 66, 120, 48, 30, 128, 54, 158, 198, 36, 66, 210, 234, 147, 297, 171, 128, 116, 120, 219, 70, 294, 207, 134, 128, 234, 122, 22, 183, 195, 255, 132, 124, 66, 189, 219, 66, 128, 102, 288, 66, 87, 136, 36, 39, 282, 36, 237, ]
Distance matrix:
|0	210	444	498	509	104	438	228	487	304	456	434	526	476	163	47	293	396	293	290	313	85	280	437	293	336	409	106	449	376	433	478	193	404	404	534	278	181	380	507	189	438	263	473	353	216	202	218	452	254	465	|
|210	0	299	507	359	106	345	409	358	411	320	402	555	448	136	200	289	264	306	427	141	222	83	348	264	320	283	303	380	208	258	357	170	348	475	542	243	347	355	379	65	479	172	373	355	251	112	229	402	210	300	|
|444	299	0	363	65	358	116	542	66	440	26	241	425	272	282	407	251	51	276	490	159	397	224	124	217	237	48	490	170	99	83	74	261	180	430	385	214	479	231	85	270	390	184	116	271	300	409	276	210	215	54	|
|498	507	363	0	385	482	246	424	326	254	343	123	63	93	388	452	221	337	211	314	428	414	480	239	243	187	324	463	194	418	438	307	346	188	156	36	264	392	156	326	444	87	340	258	154	286	603	294	153	297	417	|
|509	359	65	385	0	422	145	602	59	492	59	269	448	292	348	472	305	115	329	545	218	462	281	152	274	286	106	554	192	153	116	78	326	216	472	403	274	540	271	63	334	425	249	127	316	361	468	337	233	278	69	|
|104	106	358	482	422	0	372	309	408	337	374	396	521	441	98	96	262	314	271	342	215	124	177	373	249	302	329	198	394	281	337	402	139	353	419	518	230	250	343	428	90	437	188	405	328	200	134	188	406	199	372	|
|438	345	116	246	145	372	0	485	87	357	97	126	309	155	279	394	180	101	200	414	223	373	288	8	157	150	84	459	53	188	196	68	245	72	328	269	165	427	128	97	297	280	184	36	175	250	456	233	94	184	170	|
|228	409	542	424	602	309	485	0	561	170	544	419	424	446	298	214	305	491	286	115	462	187	457	480	331	339	496	124	470	510	565	545	295	424	279	454	329	66	376	576	363	340	370	520	330	242	429	266	453	328	581	|
|487	358	66	326	59	408	87	561	0	441	40	211	389	233	324	446	258	95	281	497	220	431	287	95	230	234	79	522	133	164	146	19	297	160	415	344	233	500	215	21	323	367	224	68	261	320	470	299	174	242	106	|
|304	411	440	254	492	337	357	170	441	0	434	266	255	286	275	266	189	392	164	63	408	225	428	351	224	207	392	234	330	438	484	424	250	287	112	284	232	149	233	453	349	170	302	389	185	168	471	195	305	248	487	|
|456	320	26	343	59	374	97	544	40	434	0	223	406	252	294	418	247	60	271	487	181	405	247	105	215	229	49	498	149	124	109	48	270	165	419	364	215	482	218	60	288	375	194	92	261	302	431	279	190	220	75	|
|434	402	241	123	269	396	126	419	211	266	223	0	185	46	298	387	140	213	145	328	310	355	366	118	147	97	201	425	78	295	315	191	256	65	211	151	166	371	53	215	343	157	231	145	90	220	505	217	41	198	295	|
|526	555	425	63	448	521	309	424	389	255	406	185	0	156	430	481	266	398	252	310	485	442	534	301	293	237	386	480	257	478	500	370	390	249	145	55	313	401	212	389	491	89	392	321	201	322	646	334	216	345	479	|
|476	448	272	93	292	441	155	446	233	286	252	46	156	0	343	429	183	250	184	348	353	396	411	148	192	140	236	461	102	334	350	214	302	106	214	113	212	402	98	233	389	151	277	165	125	261	551	260	62	244	325	|
|163	136	282	388	348	98	279	298	324	275	294	298	430	343	0	124	167	234	178	296	167	121	162	279	151	205	247	216	297	224	280	316	42	256	340	423	132	232	246	344	74	349	100	314	233	115	216	97	308	101	307	|
|47	200	407	452	472	96	394	214	446	266	418	387	481	429	124	0	246	358	245	259	284	41	261	392	247	289	370	103	403	345	402	436	150	358	361	488	232	158	333	466	165	393	223	430	306	168	217	171	406	210	431	|
|293	289	251	221	305	262	180	305	258	189	247	140	266	183	167	246	0	204	26	240	238	215	276	175	37	43	203	289	169	255	297	242	125	122	202	257	52	248	87	272	225	191	134	215	67	80	382	77	163	81	298	|
|396	264	51	337	115	314	101	491	95	392	60	213	398	250	234	358	204	0	229	442	130	347	196	108	169	194	19	440	152	87	102	93	211	149	390	363	165	428	194	116	228	355	134	117	230	250	376	225	189	164	95	|
|293	306	276	211	329	271	200	286	281	164	271	145	252	184	178	245	26	229	0	216	262	212	297	195	63	53	228	280	184	280	323	264	138	137	178	248	76	232	95	294	241	173	156	234	60	77	395	83	172	102	324	|
|290	427	490	314	545	342	414	115	497	63	487	328	310	348	296	259	240	442	216	0	443	220	456	408	273	264	443	204	390	479	529	480	278	346	165	343	278	115	293	509	369	229	340	447	244	202	473	230	366	288	536	|
|313	141	159	428	218	215	223	462	220	408	181	310	485	353	167	284	238	130	262	443	0	288	67	228	202	252	149	382	267	67	122	221	168	247	440	459	186	396	273	241	125	423	107	245	291	242	251	214	297	162	160	|
|85	222	397	414	462	124	373	187	431	225	405	355	442	396	121	41	215	347	212	220	288	0	273	371	221	258	357	95	378	344	401	420	136	331	321	450	208	126	302	450	177	353	213	409	272	136	253	143	377	190	426	|
|280	83	224	480	281	177	288	457	287	428	247	366	534	411	162	261	276	196	297	456	67	273	0	292	243	298	215	363	329	128	176	288	179	305	475	513	224	392	324	307	96	466	143	311	335	261	187	235	357	195	219	|
|437	348	124	239	152	373	8	480	95	351	105	118	301	148	279	392	175	108	195	408	228	371	292	0	154	144	91	456	46	194	203	76	244	65	320	261	163	423	121	103	299	273	185	40	168	247	459	230	86	183	178	|
|293	264	217	243	274	249	157	331	230	224	215	147	293	192	151	247	37	169	63	273	202	221	243	154	0	57	170	303	157	217	260	215	110	111	238	278	21	271	94	245	201	223	100	193	92	93	362	78	160	54	263	|
|336	320	237	187	286	302	150	339	234	207	229	97	237	140	205	289	43	194	53	264	252	258	298	144	57	0	190	331	131	257	294	216	163	84	197	221	77	285	44	246	258	172	155	183	39	123	418	119	120	110	288	|
|409	283	48	324	106	329	84	496	79	392	49	201	386	236	247	370	203	19	228	443	149	357	215	91	170	190	0	449	136	105	114	75	221	138	384	349	168	434	185	99	245	346	146	98	224	255	394	231	174	171	99	|
|106	303	490	463	554	198	459	124	522	234	498	425	480	461	216	103	289	440	280	204	382	95	363	456	303	331	449	0	458	439	496	510	229	410	344	498	293	89	374	540	267	391	307	495	336	211	308	226	451	280	520	|
|449	380	170	194	192	394	53	470	133	330	149	78	257	102	297	403	169	152	184	390	267	378	329	46	157	131	136	458	0	238	249	114	259	47	287	216	171	416	96	137	327	235	211	67	145	247	488	235	41	197	223	|
|376	208	99	418	153	281	188	510	164	438	124	295	478	334	224	345	255	87	280	479	67	344	128	194	217	257	105	439	238	0	57	169	216	230	453	445	206	445	268	184	191	427	141	202	296	278	315	250	274	191	92	|
|433	258	83	438	116	337	196	565	146	484	109	315	500	350	280	402	297	102	323	529	122	401	176	203	260	294	114	496	249	57	0	157	271	252	490	463	251	499	296	162	247	457	195	199	331	329	362	302	288	241	47	|
|478	357	74	307	78	402	68	545	19	424	48	191	370	214	316	436	242	93	264	480	221	420	288	76	215	216	75	510	114	169	157	0	287	141	396	325	219	485	196	31	319	347	216	49	243	306	469	286	154	230	120	|
|193	170	261	346	326	139	245	295	297	250	270	256	390	302	42	150	125	211	138	278	168	136	179	244	110	163	221	229	259	216	271	287	0	216	305	382	91	229	204	316	105	310	78	280	192	83	257	60	268	62	292	|
|404	348	180	188	216	353	72	424	160	287	165	65	249	106	256	358	122	149	137	346	247	331	305	65	111	84	138	410	47	230	252	141	216	0	255	215	126	369	56	168	292	210	177	102	103	200	454	189	54	155	234	|
|404	475	430	156	472	419	328	279	415	112	419	211	145	214	340	361	202	390	178	165	440	321	475	320	238	197	384	344	287	453	490	396	305	255	0	181	254	261	201	422	410	69	335	353	160	225	551	246	252	280	482	|
|534	542	385	36	403	518	269	454	344	284	364	151	55	113	423	488	257	363	248	343	459	450	513	261	278	221	349	498	216	445	463	325	382	215	181	0	298	425	189	342	479	115	373	276	190	323	638	330	175	332	439	|
|278	243	214	264	274	230	165	329	233	232	215	166	313	212	132	232	52	165	76	278	186	208	224	163	21	77	168	293	171	206	251	219	91	126	254	298	0	267	114	250	181	242	82	202	112	88	341	68	177	33	258	|
|181	347	479	392	540	250	427	66	500	149	482	371	401	402	232	158	248	428	232	115	396	126	392	423	271	285	434	89	416	445	499	485	229	369	261	425	267	0	325	516	298	313	305	463	281	180	375	203	403	264	516	|
|380	355	231	156	271	343	128	376	215	233	218	53	212	98	246	333	87	194	95	293	273	302	324	121	94	44	185	374	96	268	296	196	204	56	201	189	114	325	0	224	294	161	185	157	49	167	455	163	78	147	284	|
|507	379	85	326	63	428	97	576	21	453	60	215	389	233	344	466	272	116	294	509	241	450	307	103	245	246	99	540	137	184	162	31	316	168	422	342	250	516	224	0	344	371	244	70	271	337	490	317	176	261	120	|
|189	65	270	444	334	90	297	363	323	349	288	343	491	389	74	165	225	228	241	369	125	177	96	299	201	258	245	267	327	191	247	319	105	292	410	479	181	298	294	344	0	414	116	328	291	187	163	165	345	147	282	|
|438	479	390	87	425	437	280	340	367	170	375	157	89	151	349	393	191	355	173	229	423	353	466	273	223	172	346	391	235	427	457	347	310	210	69	115	242	313	161	371	414	0	323	301	133	238	565	253	197	273	444	|
|263	172	184	340	249	188	184	370	224	302	194	231	392	277	100	223	134	134	156	340	107	213	143	185	100	155	146	307	211	141	195	216	78	177	335	373	82	305	185	244	116	323	0	217	192	138	278	110	230	55	214	|
|473	373	116	258	127	405	36	520	68	389	92	145	321	165	314	430	215	117	234	447	245	409	311	40	193	183	98	495	67	202	199	49	280	102	353	276	202	463	157	70	328	301	217	0	205	286	485	269	106	220	167	|
|353	355	271	154	316	328	175	330	261	185	261	90	201	125	233	306	67	230	60	244	291	272	335	168	92	39	224	336	145	296	331	243	192	103	160	190	112	281	49	271	291	133	192	205	0	138	449	141	123	145	323	|
|216	251	300	286	361	200	250	242	320	168	302	220	322	261	115	168	80	250	77	202	242	136	261	247	93	123	255	211	247	278	329	306	83	200	225	323	88	180	167	337	187	238	138	286	138	0	328	28	243	88	340	|
|202	112	409	603	468	134	456	429	470	471	431	505	646	551	216	217	382	376	395	473	251	253	187	459	362	418	394	308	488	315	362	469	257	454	551	638	341	375	455	490	163	565	278	485	449	328	0	313	508	308	406	|
|218	229	276	294	337	188	233	266	299	195	279	217	334	260	97	171	77	225	83	230	214	143	235	230	78	119	231	226	235	250	302	286	60	189	246	330	68	203	163	317	165	253	110	269	141	28	313	0	235	61	315	|
|452	402	210	153	233	406	94	453	174	305	190	41	216	62	308	406	163	189	172	366	297	377	357	86	160	120	174	451	41	274	288	154	268	54	252	175	177	403	78	176	345	197	230	106	123	243	508	235	0	207	264	|
|254	210	215	297	278	199	184	328	242	248	220	198	345	244	101	210	81	164	102	288	162	190	195	183	54	110	171	280	197	191	241	230	62	155	280	332	33	264	147	261	147	273	55	220	145	88	308	61	207	0	253	|
|465	300	54	417	69	372	170	581	106	487	75	295	479	325	307	431	298	95	324	536	160	426	219	178	263	288	99	520	223	92	47	120	292	234	482	439	258	516	284	120	282	444	214	167	323	340	406	315	264	253	0	|

--------------------------------------------------------------------------------
Building model...
	using lazy and cut (CVRPSEP package)
Solving IRP LP...
--------------------------------------------------------------------------------

Gurobi 9.1.0 (linux64) logging started Sun Jan 10 07:12:03 2021

Gurobi Optimizer version 9.1.0 build v9.1.0rc0 (linux64)
Thread count: 32 physical cores, 32 logical processors, using up to 2 threads
Optimize a model with 3477 rows, 20844 columns and 83175 nonzeros
Model fingerprint: 0x5936f182
Variable types: 954 continuous, 19890 integer (765 binary)
Coefficient statistics:
  Matrix range     [1e+00, 8e+02]
  Objective range  [1e-02, 6e+02]
  Bounds range     [1e+00, 3e+02]
  RHS range        [1e+01, 7e+03]
Presolve removed 216 rows and 45 columns
Presolve time: 0.12s
Presolved: 3261 rows, 20799 columns, 80359 nonzeros
Variable types: 903 continuous, 19896 integer (19140 binary)

Root relaxation: objective 3.620553e+03, 2200 iterations, 0.15 seconds

    Nodes    |    Current Node    |     Objective Bounds      |     Work
 Expl Unexpl |  Obj  Depth IntInf | Incumbent    BestBd   Gap | It/Node Time

     0     0 3620.55296    0  191          - 3620.55296      -     -    0s
     0     0 3833.93452    0  212          - 3833.93452      -     -    1s
     0     0 3847.97541    0  214          - 3847.97541      -     -    1s
     0     0 3848.11742    0  212          - 3848.11742      -     -    1s
     0     0 3848.21559    0  209          - 3848.21559      -     -    1s
     0     0 4197.26909    0  296          - 4197.26909      -     -    2s
     0     0 4336.68573    0  348          - 4336.68573      -     -    3s
     0     0 4339.31080    0  373          - 4339.31080      -     -    3s
     0     0 4339.46174    0  344          - 4339.46174      -     -    3s
     0     0 4623.84766    0  339          - 4623.84766      -     -    4s
     0     0 4657.40813    0  291          - 4657.40813      -     -    5s
     0     0 4657.75174    0  326          - 4657.75174      -     -    5s
     0     0 4749.31699    0  376          - 4749.31699      -     -    7s
     0     0 4797.51963    0  367          - 4797.51963      -     -    7s
     0     0 4828.18422    0  368          - 4828.18422      -     -    8s
     0     0 4831.65320    0  456          - 4831.65320      -     -    8s
     0     0 4832.56807    0  438          - 4832.56807      -     -    9s
     0     0 4832.66043    0  429          - 4832.66043      -     -    9s
     0     0 4895.78590    0  501          - 4895.78590      -     -   10s
     0     0 4898.46134    0  580          - 4898.46134      -     -   11s
     0     0 4901.30006    0  492          - 4901.30006      -     -   11s
     0     0 4902.04209    0  579          - 4902.04209      -     -   12s
     0     0 4931.01577    0  302          - 4931.01577      -     -   13s
     0     0 4933.96703    0  462          - 4933.96703      -     -   14s
     0     0 4935.01416    0  425          - 4935.01416      -     -   14s
     0     0 4942.03352    0  474          - 4942.03352      -     -   15s
     0     0 4943.89744    0  450          - 4943.89744      -     -   17s
     0     2 4956.39143    0  455          - 4956.39143      -     -   24s
     1     4 4980.73853    1  575          - 4956.39143      -  2543   26s
     7    10 5006.41522    3  574          - 4956.54128      -  1334   30s
    18    21 5027.85568    6  601          - 4962.30847      -  1222   35s
    30    33 5051.70760    9  565          - 4962.30847      -  1114   40s
    47    48 5101.40940   14  566          - 4962.30847      -   973   46s
    58    66 5111.21826   16  540          - 4962.30847      -   963   50s
    79    83 5216.10250   22  384          - 4962.30847      -   868   56s
    97    91 4989.57694    6  649          - 4962.30847      -   829   60s
   111   107 5031.41568    9  591          - 4962.30847      -   854   65s
   133   129 5053.03709   14  519          - 4962.30847      -   788   71s
   144   140 5106.05494   17  355          - 4962.30847      -   792   75s
   158   160 5115.49474   20  446          - 4962.30847      -   777   81s
   182   180 5201.75582   26  404          - 4962.30847      -   740   86s
   199   195 5267.05280   30  421          - 4962.30847      -   743   91s
   215   216 5398.63994   36  319          - 4962.30847      -   745   97s
   226   229 5345.16648   39  323          - 4962.30847      -   745  100s
   253   254 5479.55215   48  292          - 4962.30847      -   736  107s
   264   266 5528.14386   50  277          - 4962.30847      -   738  110s
   290   288 5642.23199   58  300          - 4962.30847      -   732  117s
   300   290 5599.20107   60  254          - 4962.30847      -   737  129s
   302   332 5646.85137   61  230          - 4962.30847      -   734  132s
   344   373 5930.23062   81  167          - 4962.30847      -   676  136s
   387   386 6303.17215  102   90          - 4962.95413      -   625  140s
   426   411 4995.71904   10  595          - 4962.95413      -   613  148s
   439   432 5026.96049   10  610          - 4962.95413      -   620  152s
   460   454 5085.53772   15  536          - 4962.95413      -   615  156s
   484   475 5098.32008   15  442          - 4962.95413      -   606  161s
   526   488 5112.04140   19  439          - 4962.95413      -   579  165s
   554   518 5123.55684   22  480          - 4962.95413      -   584  174s
   569   531 5165.99000   24  467          - 4962.95413      -   590  179s
   582   551 5232.18701   25  373          - 4962.95413      -   597  184s
   602   565 5193.51747   27  409          - 4962.95413      -   597  190s
   616   583 5373.76555   29  331          - 4962.95413      -   604  195s
   634   609 5372.88435   34  381          - 4962.95413      -   608  201s
   660   627 5400.89428   42  382          - 4962.95413      -   603  207s
   678   647 5454.90324   45  334          - 4962.95413      -   608  216s
   698   674 5534.08763   48  335          - 4962.95413      -   612  223s
   726   675 5512.15036   52  450          - 4962.95413      -   611  226s
   730   678 5216.32769   14  340          - 4962.95413      -   608  230s
   735   681 5899.30864  115  596          - 4974.67262      -   604  235s
   741   685 5663.25507  100  563          - 4993.89368      -   599  241s
   748   690 5551.98409   47  673          - 5004.25384      -   593  245s
   752   692 5249.39894   29  723          - 5032.90359      -   590  250s
   757   696 6042.20060   91  781          - 5045.62447      -   586  255s
   762   699 5479.74801   44  773          - 5053.11533      -   582  260s
   766   702 5256.64266   48  752          - 5058.18376      -   579  265s
   774   707 5356.65057   34  699          - 5068.36877      -   573  271s
   779   710 5201.47286   21  778          - 5071.42943      -   569  278s
   784   714 5073.78701   14  823          - 5073.78701      -   566  281s
   788   716 5075.21188   13  746          - 5075.21188      -   563  286s
   791   718 5235.33106   43  810          - 5075.92979      -   561  290s
   796   722 5076.76983   11  910          - 5076.76983      -   557  295s
   803   727 5356.54056   34  184          - 5076.96581      -   628  301s
   807   730 5419.37760   42  493          - 5076.96581      -   625  305s
   812   733 6964.54919  155  675          - 5076.96581      -   621  310s
   818   737 5416.97733   33  758          - 5078.33906      -   617  315s
   822   740 5664.88611  101  763          - 5079.94149      -   614  320s
   827   743 5235.73426   56  734          - 5082.64693      -   610  325s
   831   746 5245.73801   63  817          - 5083.40583      -   607  331s
   835   749 5899.30864  115  787          - 5084.34681      -   604  335s
   839   751 5154.49849   31  803          - 5084.74767      -   601  341s
   840   752 5535.06691   48  843          - 5084.94963      -   600  350s
   845   755 5297.95356   38  789          - 5085.59042      -   597  356s
   846   756 5501.53363   47  789          - 5085.59042      -   596  364s
   847   760 5088.45679   19  703          - 5086.01761      -   646  366s
   851   762 5123.01915   20  635          - 5088.97623      -   653  371s
   855   763 5140.43366   21  631          - 5089.50898      -   664  377s
   857   765 5089.57681   22  748          - 5089.57681      -   672  380s
   860   763 5090.85871   23  833          - 5089.57681      -   676  385s
   866   763 5100.47373   24  834          - 5090.86410      -   694  392s
   869   764 5129.20616   24  721          - 5094.03436      -   703  397s
   871   767 5281.93642   25  565          - 5094.03436      -   714  403s
   874   768 5110.49716   25  572          - 5094.03436      -   717  405s
   882   774 5123.83155   27  512          - 5094.03436      -   726  411s
   885   779 5115.00243   28  573          - 5094.03436      -   727  415s
   897   784 5164.80585   31  552          - 5094.03436      -   742  423s
   900   785 5134.78971   31  471          - 5094.03436      -   746  425s
   909   795 5177.67731   33  524          - 5094.03436      -   750  430s
   919   800 5193.26664   35  543          - 5094.03436      -   757  436s
   934   810 5172.60723   38  450          - 5094.03436      -   758  442s
   938   814 5177.99219   39  393          - 5094.03436      -   758  445s
   955   829 5194.66004   44  440          - 5094.03436      -   760  451s
   975   845 5210.29007   48  440          - 5094.03436      -   759  456s
   987   854 5229.23530   50  443          - 5094.03436      -   758  460s
  1020   868 5306.32674   56  357          - 5094.03436      -   747  466s
  1038   884 5303.42589   61  401          - 5094.03436      -   747  472s
  1053   890 5312.41304   64  397          - 5094.03436      -   744  475s
  1074   905 5338.82016   70  405          - 5094.03436      -   747  482s
  1086   913 5340.14029   72  392          - 5094.03436      -   747  486s
  1098   931 5392.72485   75  434          - 5094.03436      -   748  490s
  1136   954 5429.36326   84  338          - 5094.03436      -   741  498s
  1156   970 5464.69399   88  357          - 5094.03436      -   738  503s
  1178   984 5517.22694   91  306          - 5094.03436      -   735  507s
  1200   999 5538.87535   96  329          - 5094.03436      -   731  512s
  1222  1013 5564.50444  101  289          - 5094.03436      -   728  517s
  1243  1030 5714.24784  105  332          - 5094.03436      -   726  522s
  1267  1048 5631.52155  111  310          - 5094.03436      -   723  528s
  1293  1069 5649.94981  117  297          - 5094.03436      -   720  533s
  1323  1083 5688.58491  125  346          - 5094.03436      -   715  539s
  1347  1108 5864.32917  131  281          - 5094.03436      -   713  545s
  1380  1128 5742.69673  140  272          - 5094.03436      -   708  552s
  1411  1156 5893.15245  149  223          - 5094.03436      -   705  559s
  1451  1179 6085.10545  159  296          - 5094.03436      -   699  566s
  1488  1210 5986.65058  171  304          - 5094.03436      -   693  573s
  1531  1242 6118.13658  183  274          - 5094.03436      -   686  581s
  1579  1284 6507.44285  197  234          - 5094.03436      -   678  589s
  1609  1274 6397.03535  212  195          - 5094.03436      -   670  590s
  1637  1331 6436.09091  216  264          - 5094.03436      -   666  598s
  1708  1320 infeasible  243               - 5094.05072      -   651  609s
  1738  1333 5127.15546   25  671          - 5094.05072      -   654  617s
  1761  1353 5148.68645   30  534          - 5094.05072      -   653  626s
  1789  1370 5182.13567   33  595          - 5094.05072      -   653  636s
  1815  1388 5306.33697   35  466          - 5094.05072      -   655  644s
  1842  1407 5253.73745   38  440          - 5094.05072      -   656  654s
  1870  1436 5280.74459   40  398          - 5094.05072      -   656  664s
  1908  1473 5304.89737   45  461          - 5094.05072      -   655  674s
  1958  1491 5452.06797   51  487          - 5094.05072      -   651  685s
  1993  1530 5461.53258   60  367          - 5094.05072      -   649  696s
  2043  1602 5551.32550   65  475          - 5094.05072      -   644  709s
  2132  1680 5591.98036   68  415          - 5094.05072      -   631  723s
  2240  1804 5702.91225   76  347          - 5094.05072      -   614  738s
  2402  1898 5750.65064   84  400          - 5094.05072      -   584  753s
  2582  1916 5801.33163   96  313          - 5094.05072      -   551  769s
  2600  1910 5844.11905  101  262          - 5094.05072      -   551  770s
  2741  1942 5998.74262  105  248          - 5094.05072      -   528  785s
  2779  1978 6116.23460  119  249          - 5094.05072      -   530  797s
  2827  2007 6298.08935  133  269          - 5094.05072      -   530  809s
  2846  2000 6266.96180  139  264          - 5094.05072      -   529  810s
  2872  2045 6320.36181  143  323          - 5094.05072      -   530  822s
  2925  2071 6452.72064  155  222          - 5094.05072      -   530  836s
  2969  2129 6739.83649  162  210          - 5094.05072      -   532  852s
  3044  2185 7025.53199  173  178          - 5094.05072      -   529  867s
  3125  2221 7320.60459  190  200          - 5094.05072      -   526  883s
  3184  2322 7801.57345  194  206          - 5094.05072      -   528  899s
  3224  2322 7594.45501  205  168          - 5094.05072      -   526  900s
  3287  2449 7816.44815  211  178          - 5094.05072      -   523  916s
  3416  2605 8683.21241  230  142          - 5094.05072      -   516  936s
  3573  2605 6275.44990  120  223          - 5094.05072      -   507  940s
  3584  2770 8884.19391  253   90          - 5094.05072      -   506  958s
  3668  2770 9303.53462  272  101          - 5094.05072      -   500  960s
  3761  2767 infeasible  275               - 5116.54540      -   496  984s
  3808  2787 5292.64852   26  675          - 5121.35653      -   499 1003s
  3828  2814 5332.06026   32  648          - 5121.35653      -   502 1024s
  3855  2841 5361.02416   37  619          - 5121.35653      -   505 1043s
  3882  2873 5573.21982   41  485          - 5121.35653      -   509 1063s
  3914  2927 5578.13324   47  420          - 5121.35653      -   511 1086s
  3968  2972 5658.16606   63  369          - 5121.35653      -   511 1108s
  4013  3031 5753.68322   69  369          - 5121.35653      -   512 1128s
  4072  3109 5852.58345   79  219          - 5121.35653      -   513 1151s
  4150  3199 6242.96111   96  248          - 5121.35653      -   512 1174s
  4190  3199 6608.81121  111  263          - 5121.35653      -   511 1175s
  4240  3277 6381.91901  114  226          - 5121.35653      -   510 1199s
  4280  3277 6537.76585  133  238          - 5121.35653      -   509 1200s
  4318  3385 6683.06922  132  228          - 5121.35653      -   509 1224s
  4332  3385 6661.57107  137  272          - 5121.35653      -   509 1225s
  4426  3515 6952.44818  152  254          - 5121.35653      -   506 1251s
  4556  3707 7157.80716  180  217          - 5121.35653      -   501 1278s
  4608  3707 7274.32991  194  227          - 5121.35653      -   499 1280s
  4748  3956 7560.39946  209  204          - 5121.35653      -   492 1310s
  5005  4264 7818.63148  236  225          - 5121.35653      -   478 1349s
  5031  4264 7938.33751  242   98          - 5121.35653      -   477 1350s
  5223  4264 8280.21228  228    9          - 5121.35653      -   465 1355s
  5343  4479 8253.86474  274  205          - 5121.35653      -   458 1386s
  5463  4479 8668.15925  312   58          - 5121.35653      -   452 1390s
  5547  4623 9606.70305  331   91          - 5123.16122      -   449 1424s
  5561  4623 9534.09836  333   48          - 5123.16122      -   449 1425s
  5714  4639 5192.42366   32  637          - 5123.16122      -   443 1455s
  5728  4665 5234.10016   36  651          - 5123.16122      -   447 1484s
  5754  4711 5320.62398   42  523          - 5123.16122      -   450 1511s
  5800  4754 5359.71122   47  371          - 5123.16122      -   452 1543s
  5843  4819 5464.69565   51  386          - 5123.16122      -   454 1573s
  5899  4819 5949.86224   90  210          - 5123.16122      -   455 1575s
  5908  4902 5489.66873   58  392          - 5123.16122      -   455 1604s
  5934  4902 5591.19622   67  292          - 5123.16122      -   455 1605s
  5991  5039 5601.43213   68  308          - 5123.16122      -   455 1638s
  6128  5319 5792.23847   85  279          - 5123.16122      -   452 1675s
  6416  5562 6043.88111  113  156          - 5123.16122      -   441 1718s
  6533  5562 6381.20757  141  136          - 5123.16122      -   436 1720s
  6714  5579 infeasible  168               - 5124.27038      -   430 1755s
  6733  5596 5298.42493   26  718          - 5124.27038      -   434 1785s
  6754  5625 5501.86860   30  587          - 5124.27038      -   436 1818s
  6783  5664 5559.18372   41  484          - 5124.27038      -   439 1851s
  6822  5711 5651.29219   49  440          - 5124.27038      -   441 1884s
  6869  5756 5703.44065   55  424          - 5124.27038      -   442 1918s
  6916  5814 5794.15981   64  370          - 5124.27038      -   444 1951s
  6974  5882 5873.82573   72  343          - 5124.27038      -   445 1984s
  7042  6016 6019.85553   88  333          - 5124.27038      -   445 2017s
  7178  6272 6278.17275  114  209          - 5124.27038      -   442 2056s
  7426  6272 6417.65291  164  107          - 5124.27038      -   434 2062s
  7434  6773 6785.38560  166   43          - 5126.55651      -   434 2113s
  7526  6773 7215.21847  193   40          - 5126.55651      -   430 2115s
  7841  6773 7069.26011  206   59          - 5126.63144      -   419 2120s
  8105  6851 5417.37868   32  607          - 5126.63144      -   409 2165s
  8137  6896 5451.65168   37  631          - 5126.63144      -   412 2208s
  8182  6948 5623.95606   45  623          - 5126.63144      -   415 2249s
  8195  6948 5583.97973   54  519          - 5126.63144      -   415 2250s
  8234  7038 5670.65745   56  422          - 5126.63144      -   417 2293s
  8324  7179 5760.48764   78  335          - 5126.63144      -   418 2342s
  8464  7179 6109.48084  125  164          - 5126.63144      -   418 2345s
  8465  7486 6058.79010  104  182          - 5126.63144      -   418 2395s
  8749  7486 6848.26104  168   23          - 5126.63144      -   411 2400s
  8809  7797 6785.84878  152  106          - 5128.38711      -   409 2457s
  8966  7797 7406.37538  188   66          - 5128.38711      -   405 2460s
  9156  7849 5231.87719   32  705          - 5128.38711      -   402 2507s
  9205  7902 5438.57646   45  542          - 5128.38711      -   405 2556s
  9260  8006 5499.84382   51  459          - 5128.38711      -   407 2606s
  9364  8250 5742.08677   70  342          - 5128.38711      -   408 2663s
  9432  8250 6297.79335   93  139          - 5128.38711      -   408 2665s
  9648  8281 6352.44105  107   97          - 5129.27490      -   403 2718s
  9699  8345 5388.25578   38  357          - 5129.27490      -   406 2770s
  9763  8455 5576.52960   50  312          - 5129.27490      -   408 2823s
  9830  8455 5942.67681   77  168          - 5129.27490      -   408 2825s
  9873  8711 5997.54053   81  157          - 5133.94779      -   409 2886s
 10086  8714 7924.60984  153   15          - 5133.94779      -   403 2890s
 10158  9062 5430.37671   30  635          - 5133.94779      -   404 2952s
 10509  9115 5538.72763   39  628          - 5133.94779      -   397 3008s
 10584  9173 5650.61627   50  562          - 5133.94779      -   399 3061s
 10644  9284 5869.11405   62  304          - 5133.94779      -   401 3115s
 10755  9416 6248.16269   78  176          - 5133.94779      -   402 3315s
 10891  9918 6664.87310  104   50          - 5143.51547      -   401 3390s
 11113  9925 7520.86000  196   13          - 5143.51547      -   396 3395s
 11423  9947 7280.43000  150    -          - 5148.80955      -   388 3400s
 11503 10011 5260.52740   34  584          - 5148.80955      -   387 3457s
 11546 10011 5500.31251   45  344          - 5148.80955      -   389 3460s
 11553 10076 5415.53597   42  660          - 5148.80955      -   390 3521s
 11618 10221 5542.84712   47  456          - 5148.80955      -   392 3581s
 11763 10269 5691.71946   62  309          - 5148.80955      -   392 3600s

Cutting planes:
  User: 8475
  Gomory: 32
  Cover: 772
  Implied bound: 90
  Projected implied bound: 1
  Clique: 6
  MIR: 365
  Flow cover: 884
  Zero half: 89
  RLT: 612
  Relax-and-lift: 11
  Lazy constraints: 1249

Explored 11811 nodes (4659401 simplex iterations) in 3600.92 seconds
Thread count was 2 (of 32 available processors)

Solution count 0

Time limit reached
Best objective -, best bound 5.148809550280e+03, gap -

User-callback calls 305280, time in user-callback 191.45 sec
================================================================================
executing instance: ./input/Instances/Original/5/absH3low_4n25.dat
--------------------------------------------------------------------------------
Instance details
n	26
H	3
C	2029
Li:
[0, 0, 0, 0, 0, 0, 0, 0, 0, 0, 0, 0, 0, 0, 0, 0, 0, 0, 0, 0, 0, 0, 0, 0, 0, 0, ]
Ui:
[0, 34, 165, 76, 88, 188, 58, 279, 52, 132, 198, 142, 135, 165, 186, 58, 201, 196, 40, 183, 32, 90, 168, 126, 93, 146, ]
Distance matrix:
|0	299	188	235	91	202	152	147	162	277	268	132	71	162	220	69	220	289	241	124	265	80	162	132	66	302	|
|299	0	468	431	282	142	317	425	443	569	193	178	359	302	422	231	93	28	511	325	457	242	434	215	240	601	|
|188	468	0	153	265	342	308	43	192	106	455	290	117	206	142	246	379	464	252	274	360	267	211	319	231	184	|
|235	431	153	0	326	289	386	145	321	240	482	269	184	129	15	258	339	436	393	355	477	305	336	354	237	334	|
|91	282	265	326	0	228	66	228	166	339	196	157	154	242	311	99	225	264	229	50	201	47	153	71	115	340	|
|202	142	342	289	228	0	285	301	363	447	255	73	245	161	281	139	53	151	440	278	428	181	360	187	136	495	|
|152	317	308	386	66	285	0	275	167	368	188	217	207	308	371	163	274	295	210	34	145	108	148	104	181	350	|
|147	425	43	145	228	301	275	0	179	146	415	248	76	172	131	203	337	421	248	242	341	227	195	279	188	211	|
|162	443	192	321	166	363	167	179	0	216	352	291	152	302	307	225	375	428	81	138	170	201	22	237	227	183	|
|277	569	106	240	339	447	368	146	216	0	535	391	210	312	232	341	481	562	245	335	381	352	238	402	329	106	|
|268	193	455	482	196	255	188	415	352	535	0	225	339	367	469	224	212	165	398	214	302	188	335	136	245	533	|
|132	178	290	269	157	73	217	248	291	391	225	0	183	145	258	66	91	175	367	207	358	110	287	127	67	431	|
|71	359	117	184	154	245	207	76	152	210	339	183	0	152	169	131	274	352	232	174	294	151	161	203	119	251	|
|162	302	206	129	242	161	308	172	302	312	367	145	152	0	120	153	210	308	383	284	426	208	309	249	132	383	|
|220	422	142	15	311	281	371	131	307	232	469	258	169	120	0	245	330	427	379	340	461	291	321	340	224	324	|
|69	231	246	258	99	139	163	203	225	341	224	66	131	153	245	0	152	222	301	147	299	57	221	97	22	371	|
|220	93	379	339	225	53	274	337	375	481	212	91	274	210	330	152	0	99	448	273	419	180	369	171	157	521	|
|289	28	464	436	264	151	295	421	428	562	165	175	352	308	427	222	99	0	493	305	434	227	418	196	234	590	|
|241	511	252	393	229	440	210	248	81	245	398	367	232	383	379	301	448	493	0	190	147	270	80	298	305	175	|
|124	325	274	355	50	278	34	242	138	335	214	207	174	284	340	147	273	305	190	0	152	97	122	110	162	320	|
|265	457	360	477	201	428	145	341	170	381	302	358	294	426	461	299	419	434	147	152	0	248	150	249	312	322	|
|80	242	267	305	47	181	108	227	201	352	188	110	151	208	291	57	180	227	270	97	248	0	192	52	76	366	|
|162	434	211	336	153	360	148	195	22	238	335	287	161	309	321	221	369	418	80	122	150	192	0	224	225	203	|
|132	215	319	354	71	187	104	279	237	402	136	127	203	249	340	97	171	196	298	110	249	52	224	0	118	409	|
|66	240	231	237	115	136	181	188	227	329	245	67	119	132	224	22	157	234	305	162	312	76	225	118	0	364	|
|302	601	184	334	340	495	350	211	183	106	533	431	251	383	324	371	521	590	175	320	322	366	203	409	364	0	|

--------------------------------------------------------------------------------
Building model...
	using lazy and cut (CVRPSEP package)
Solving IRP LP...
--------------------------------------------------------------------------------

Gurobi 9.1.0 (linux64) logging started Sun Jan 10 08:12:06 2021

Gurobi Optimizer version 9.1.0 build v9.1.0rc0 (linux64)
Thread count: 32 physical cores, 32 logical processors, using up to 2 threads
Optimize a model with 1727 rows, 5744 columns and 22850 nonzeros
Model fingerprint: 0xe471a256
Variable types: 479 continuous, 5265 integer (390 binary)
Coefficient statistics:
  Matrix range     [1e+00, 4e+02]
  Objective range  [1e-02, 6e+02]
  Bounds range     [1e+00, 3e+02]
  RHS range        [2e+01, 3e+03]
Presolve removed 122 rows and 28 columns
Presolve time: 0.07s
Presolved: 1605 rows, 5716 columns, 22553 nonzeros
Variable types: 453 continuous, 5263 integer (4888 binary)

Root relaxation: objective 2.640433e+03, 1353 iterations, 0.06 seconds

    Nodes    |    Current Node    |     Objective Bounds      |     Work
 Expl Unexpl |  Obj  Depth IntInf | Incumbent    BestBd   Gap | It/Node Time

     0     0 2640.43281    0  111          - 2640.43281      -     -    0s
     0     0 2754.40879    0  152          - 2754.40879      -     -    0s
     0     0 2762.93553    0  157          - 2762.93553      -     -    0s
     0     0 2763.67687    0  171          - 2763.67687      -     -    0s
     0     0 2763.67687    0  173          - 2763.67687      -     -    0s
     0     0 3063.61008    0  188          - 3063.61008      -     -    0s
     0     0 3081.44957    0  198          - 3081.44957      -     -    0s
     0     0 3081.61889    0  187          - 3081.61889      -     -    0s
     0     0 3291.02908    0  238          - 3291.02908      -     -    1s
     0     0 3360.49522    0  272          - 3360.49522      -     -    1s
     0     0 3367.07652    0  273          - 3367.07652      -     -    1s
     0     0 3367.09678    0  291          - 3367.09678      -     -    1s
     0     0 3516.77574    0  342          - 3516.77574      -     -    2s
     0     0 3554.41609    0  307          - 3554.41609      -     -    2s
     0     0 3561.23741    0  245          - 3561.23741      -     -    2s
     0     0 3562.56512    0  260          - 3562.56512      -     -    2s
     0     0 3563.57536    0  246          - 3563.57536      -     -    2s
     0     0 3563.59960    0  267          - 3563.59960      -     -    2s
     0     0 3584.02093    0  280          - 3584.02093      -     -    2s
     0     0 3588.85668    0  402          - 3588.85668      -     -    3s
     0     0 3589.83370    0  404          - 3589.83370      -     -    3s
     0     0 3590.37802    0  409          - 3590.37802      -     -    3s
     0     0 3603.95772    0  320          - 3603.95772      -     -    3s
     0     0 3604.71946    0  317          - 3604.71946      -     -    3s
