




arguments: ./build/mirp_solver -f ./input/orig_exec_32.cfg
Current dir: /scratch/gui/bnc_mirp
File verbosity level: 9
date       time         ( uptime  ) [ thread name/id ]                   file:line     v| 
2021-01-09 02:46:53.602 (   0.173s) [main thread     ]             loguru.cpp:789   INFO| Logging to './output/vi_hc2/OU/V5/Original/execution_09_01_2021_02_46_53.log', mode: 'a', verbosity: 9
--------------------------------------------------------------------------------
Parameters
                           instance_path           ./input/Instances/Original/1/
                            model_policy                                       1
                             nb_vehicles                                       5
                              output_dir         ./output/vi_hc2/OU/V5/Original/
                            sec_strategy                                       1
                       solver_nb_threads                                       2
                         solver_show_log                                    true
                       solver_time_limit                                    3600
                              use_vi_cos                                   false
                              use_vi_cus                                   false
                         use_vi_hc1_full                                   false
                         use_vi_hc1_half                                   false
                      use_vi_hc1_quarter                                   false
                              use_vi_hc2                                    true
                              use_vi_hc3                                   false
                         use_vi_lex_full                                   false
                         use_vi_lex_half                                   false
                      use_vi_lex_quarter                                   false
                              use_vi_qua                                   false
                               use_vi_vc                                   false
                               use_vi_vr                                   false
--------------------------------------------------------------------------------
executing instance: ./input/Instances/Original/1/absH3high_1n5.dat
--------------------------------------------------------------------------------
Instance details
n	6
H	3
C	289
Li:
[0, 0, 0, 0, 0, 0, ]
Ui:
[0, 195, 105, 116, 72, 22, ]
Distance matrix:
|0	85	349	17	203	289	|
|85	0	265	102	214	226	|
|349	265	0	366	368	238	|
|17	102	366	0	207	302	|
|203	214	368	207	0	431	|
|289	226	238	302	431	0	|

--------------------------------------------------------------------------------
Building model...
	using lazy and cut (CVRPSEP package)
Solving IRP LP...
--------------------------------------------------------------------------------

Gurobi 9.1.0 (linux64) logging started Sat Jan  9 02:46:54 2021

Gurobi Optimizer version 9.1.0 build v9.1.0rc0 (linux64)
Thread count: 32 physical cores, 32 logical processors, using up to 2 threads
Optimize a model with 327 rows, 414 columns and 1590 nonzeros
Model fingerprint: 0xd08fc44f
Variable types: 99 continuous, 315 integer (90 binary)
Coefficient statistics:
  Matrix range     [1e+00, 2e+02]
  Objective range  [2e-01, 4e+02]
  Bounds range     [1e+00, 2e+02]
  RHS range        [1e+01, 5e+02]
Presolve removed 42 rows and 17 columns
Presolve time: 0.01s
Presolved: 285 rows, 397 columns, 1395 nonzeros
Variable types: 93 continuous, 304 integer (229 binary)

Root relaxation: objective 1.950909e+03, 385 iterations, 0.01 seconds

    Nodes    |    Current Node    |     Objective Bounds      |     Work
 Expl Unexpl |  Obj  Depth IntInf | Incumbent    BestBd   Gap | It/Node Time

     0     0 1950.90949    0   29          - 1950.90949      -     -    0s
     0     0 infeasible    0               - infeasible      -     -    0s

Cutting planes:
  Gomory: 16
  Cover: 6
  MIR: 28
  Flow cover: 26
  RLT: 14

Explored 1 nodes (598 simplex iterations) in 0.06 seconds
Thread count was 2 (of 32 available processors)

Solution count 0

Model is infeasible
Best objective -, best bound -, gap -

User-callback calls 87, time in user-callback 0.00 sec

Computing Irreducible Inconsistent Subsystem (IIS)...

           Constraints          |            Bounds           |  Runtime
      Min       Max     Guess   |   Min       Max     Guess   |
--------------------------------------------------------------------------
        0       327         -         0       569         -           0s
       31       128        31         0       321         -           5s
       36        36         -        61        69        69          10s
       36        36         -        61        61         -          11s

IIS computed: 36 constraints, 61 bounds
IIS runtime: 10.94 seconds
================================================================================
executing instance: ./input/Instances/Original/1/absH3high_1n45.dat
--------------------------------------------------------------------------------
Instance details
n	46
H	3
C	3462
Li:
[0, 0, 0, 0, 0, 0, 0, 0, 0, 0, 0, 0, 0, 0, 0, 0, 0, 0, 0, 0, 0, 0, 0, 0, 0, 0, 0, 0, 0, 0, 0, 0, 0, 0, 0, 0, 0, 0, 0, 0, 0, 0, 0, 0, 0, 0, ]
Ui:
[0, 273, 270, 36, 165, 192, 148, 45, 30, 75, 180, 198, 112, 117, 90, 64, 180, 22, 264, 174, 168, 270, 86, 66, 26, 66, 237, 156, 92, 108, 144, 72, 30, 45, 94, 54, 174, 96, 198, 136, 44, 180, 210, 249, 198, 48, ]
Distance matrix:
|0	281	201	160	249	201	93	431	236	139	252	136	116	166	390	110	349	374	303	180	327	464	236	70	44	461	346	439	363	254	312	426	305	206	71	137	169	200	247	260	20	219	256	253	460	278	|
|281	0	448	170	53	142	338	184	121	290	371	390	222	302	111	289	169	434	230	177	238	441	59	212	319	211	86	235	399	306	53	176	99	202	263	157	361	101	370	201	264	344	364	374	469	184	|
|201	448	0	285	430	325	114	556	361	171	191	64	228	174	546	294	453	306	364	289	388	435	393	254	157	585	491	536	318	254	490	554	436	407	266	292	108	388	186	337	207	181	205	190	408	364	|
|160	170	285	0	169	43	182	280	80	120	208	231	58	132	262	230	190	294	151	24	174	345	112	107	183	309	207	280	268	158	219	276	155	235	187	45	192	150	205	107	140	177	202	210	356	119	|
|249	53	430	169	0	152	317	238	145	282	377	369	212	299	157	242	215	452	261	183	273	474	76	181	290	264	140	287	421	320	63	229	145	148	221	142	352	53	374	226	234	346	370	378	498	215	|
|201	142	325	43	152	0	224	237	37	156	230	273	101	164	224	261	148	300	127	38	147	333	83	142	225	266	167	238	270	168	193	233	112	246	221	70	228	148	228	84	180	202	222	232	351	87	|
|93	338	114	182	317	224	0	460	262	92	180	52	124	112	440	199	364	307	292	191	317	415	284	140	57	490	387	452	304	208	377	457	336	297	163	181	84	274	175	256	95	152	188	180	402	280	|
|431	184	556	280	238	237	460	0	199	385	420	508	337	385	108	464	110	429	219	269	206	378	202	365	460	30	98	84	388	340	204	9	126	386	432	294	453	283	421	226	411	404	408	423	422	198	|
|236	121	361	80	145	37	262	199	0	191	255	310	138	197	191	290	114	312	118	72	133	330	69	175	262	229	132	204	279	186	174	195	75	258	251	102	262	153	254	81	216	230	246	257	353	72	|
|139	290	171	120	282	156	92	385	191	0	116	129	71	27	380	246	283	235	201	119	226	329	231	141	129	414	323	367	224	119	336	383	266	308	202	141	72	252	112	169	127	82	118	117	322	195	|
|252	371	191	208	377	230	180	420	255	116	0	187	178	90	443	361	311	127	204	195	224	246	313	257	232	446	382	380	129	81	423	421	320	422	318	242	100	355	5	195	241	34	15	2	225	224	|
|136	390	64	231	369	273	52	508	310	129	187	0	173	141	491	233	409	313	330	239	355	431	335	191	93	538	438	495	316	233	429	505	385	342	203	233	88	325	182	297	143	167	199	187	412	323	|
|116	222	228	58	212	101	124	337	138	71	178	173	0	91	319	206	244	284	187	69	212	357	165	85	130	367	265	333	264	151	267	333	213	244	161	70	140	181	175	145	97	145	177	180	359	165	|
|166	302	174	132	299	164	112	385	197	27	90	141	91	0	388	273	280	208	191	127	215	305	243	167	153	413	329	361	198	96	351	383	270	333	229	159	68	272	86	163	153	56	92	91	296	190	|
|390	111	546	262	157	224	440	108	191	380	443	491	319	388	0	399	164	480	264	261	261	456	156	320	426	125	62	186	442	369	107	99	125	300	374	260	452	210	443	252	372	420	433	446	494	227	|
|110	289	294	230	242	261	199	464	290	246	361	233	206	273	399	0	402	480	382	254	404	562	262	124	143	493	369	490	466	355	302	457	344	135	45	191	279	189	356	337	120	328	364	362	563	348	|
|349	169	453	190	215	148	364	110	114	283	311	409	244	280	164	402	0	324	110	174	101	292	151	289	372	135	109	90	284	230	212	111	70	354	364	216	348	245	312	118	329	295	298	313	330	90	|
|374	434	306	294	452	300	307	429	312	235	127	313	284	208	480	480	324	0	216	274	223	137	380	368	357	448	419	367	40	136	487	432	358	525	436	336	227	443	132	234	361	156	119	127	102	255	|
|303	230	364	151	261	127	292	219	118	201	204	330	187	191	264	382	110	216	0	128	25	213	185	258	314	243	203	176	178	123	282	221	144	372	338	193	256	270	206	45	283	193	191	206	239	46	|
|180	177	289	24	183	38	191	269	72	119	195	239	69	127	261	254	174	274	128	0	151	321	118	130	198	299	204	263	246	139	228	266	147	258	211	68	191	169	193	83	159	166	188	197	333	98	|
|327	238	388	174	273	147	317	206	133	226	224	355	212	215	261	404	101	223	25	151	0	203	198	281	339	228	202	156	184	143	288	209	146	390	362	215	280	286	226	68	308	215	210	226	235	61	|
|464	441	435	345	474	333	415	378	330	329	246	431	357	305	456	562	292	137	213	321	203	0	398	440	458	390	400	301	117	211	492	384	348	578	517	389	344	480	251	251	448	265	233	246	54	259	|
|236	59	393	112	76	83	284	202	69	231	313	335	165	243	156	262	151	380	185	118	198	398	0	167	270	231	110	233	347	250	110	195	85	203	230	103	303	95	311	150	217	284	305	315	422	139	|
|70	212	254	107	181	142	140	365	175	141	257	191	85	167	320	124	289	368	258	130	281	440	167	0	109	394	277	378	349	236	244	359	239	167	81	73	196	135	253	213	53	223	257	258	444	226	|
|44	319	157	183	290	225	57	460	262	129	232	93	130	153	426	143	372	357	314	198	339	458	270	109	0	490	379	462	351	247	353	456	334	250	110	168	140	243	226	274	56	201	238	232	449	294	|
|461	211	585	309	264	266	490	30	229	414	446	538	367	413	125	493	135	448	243	299	228	390	231	394	490	0	125	89	408	365	226	36	156	412	462	324	481	311	447	253	441	430	433	448	436	225	|
|346	86	491	207	140	167	387	98	132	323	382	438	265	329	62	369	109	419	203	204	202	400	110	277	379	125	0	155	381	307	113	90	63	288	339	211	394	186	382	190	327	359	371	384	436	165	|
|439	235	536	280	287	238	452	84	204	367	380	495	333	361	186	490	90	367	176	263	156	301	233	378	462	89	155	0	326	299	267	92	148	432	454	306	429	325	382	199	419	369	366	382	348	172	|
|363	399	318	268	421	270	304	388	279	224	129	316	264	198	442	466	284	40	178	246	184	117	347	349	351	408	381	326	0	113	452	391	321	502	422	311	229	415	134	199	348	152	118	130	98	219	|
|254	306	254	158	320	168	208	340	186	119	81	233	151	96	369	355	230	136	123	139	143	211	250	236	247	365	307	299	113	0	359	340	244	390	310	200	148	308	83	117	238	74	68	83	208	145	|
|312	53	490	219	63	193	377	204	174	336	423	429	267	351	107	302	212	487	282	228	288	492	110	244	353	226	113	267	452	359	0	195	145	194	283	199	407	115	421	254	296	394	415	425	521	237	|
|426	176	554	276	229	233	457	9	195	383	421	505	333	383	99	457	111	432	221	266	209	384	195	359	456	36	90	92	391	340	195	0	122	378	426	289	451	275	421	226	406	404	408	423	427	197	|
|305	99	436	155	145	112	336	126	75	266	320	385	213	270	125	344	70	358	144	147	146	348	85	239	334	156	63	148	321	244	145	122	0	286	310	168	336	177	320	128	285	298	309	322	381	103	|
|206	202	407	235	148	246	297	386	258	308	422	342	244	333	300	135	354	525	372	258	390	578	203	167	250	412	288	432	502	390	194	378	286	0	144	191	362	109	418	329	202	388	421	423	591	329	|
|71	263	266	187	221	221	163	432	251	202	318	203	161	229	374	45	364	436	338	211	362	517	230	81	110	462	339	454	422	310	283	426	310	144	0	150	239	168	313	294	77	285	321	319	518	306	|
|137	157	292	45	142	70	181	294	102	141	242	233	70	159	260	191	216	336	193	68	215	389	103	73	168	324	211	306	311	200	199	289	168	191	150	0	210	113	239	148	117	210	238	244	400	157	|
|169	361	108	192	352	228	84	453	262	72	100	88	140	68	452	279	348	227	256	191	280	344	303	196	140	481	394	429	229	148	407	451	336	362	239	210	0	318	95	231	164	79	111	100	325	258	|
|200	101	388	150	53	148	274	283	153	252	355	325	181	272	210	189	245	443	270	169	286	480	95	135	243	311	186	325	415	308	115	275	177	109	168	113	318	0	352	230	187	323	351	357	498	225	|
|247	370	186	205	374	228	175	421	254	112	5	182	175	86	443	356	312	132	206	193	226	251	311	253	226	447	382	382	134	83	421	421	320	418	313	239	95	352	0	196	237	30	19	6	230	224	|
|260	201	337	107	226	84	256	226	81	169	195	297	145	163	252	337	118	234	45	83	68	251	150	213	274	253	190	199	199	117	254	226	128	329	294	148	231	230	196	0	240	178	184	198	272	29	|
|20	264	207	140	234	180	95	411	216	127	241	143	97	153	372	120	329	361	283	159	308	448	217	53	56	441	327	419	348	238	296	406	285	202	77	117	164	187	237	240	0	208	245	242	446	257	|
|219	344	181	177	346	202	152	404	230	82	34	167	145	56	420	328	295	156	193	166	215	265	284	223	201	430	359	369	152	74	394	404	298	388	285	210	79	323	30	178	208	0	37	35	250	206	|
|256	364	205	202	370	222	188	408	246	118	15	199	177	92	433	364	298	119	191	188	210	233	305	257	238	433	371	366	118	68	415	408	309	421	321	238	111	351	19	184	245	37	0	17	214	212	|
|253	374	190	210	378	232	180	423	257	117	2	187	180	91	446	362	313	127	206	197	226	246	315	258	232	448	384	382	130	83	425	423	322	423	319	244	100	357	6	198	242	35	17	0	225	226	|
|460	469	408	356	498	351	402	422	353	322	225	412	359	296	494	563	330	102	239	333	235	54	422	444	449	436	436	348	98	208	521	427	381	591	518	400	325	498	230	272	446	250	214	225	0	285	|
|278	184	364	119	215	87	280	198	72	195	224	323	165	190	227	348	90	255	46	98	61	259	139	226	294	225	165	172	219	145	237	197	103	329	306	157	258	225	224	29	257	206	212	226	285	0	|

--------------------------------------------------------------------------------
Building model...
	using lazy and cut (CVRPSEP package)
Solving IRP LP...
--------------------------------------------------------------------------------

Gurobi 9.1.0 (linux64) logging started Sat Jan  9 02:47:05 2021

Gurobi Optimizer version 9.1.0 build v9.1.0rc0 (linux64)
Thread count: 32 physical cores, 32 logical processors, using up to 2 threads
Optimize a model with 3127 rows, 17074 columns and 68110 nonzeros
Model fingerprint: 0x5c0f453a
Variable types: 859 continuous, 16215 integer (690 binary)
Coefficient statistics:
  Matrix range     [1e+00, 7e+02]
  Objective range  [1e-01, 6e+02]
  Bounds range     [1e+00, 3e+02]
  RHS range        [1e+01, 6e+03]
Presolve removed 196 rows and 40 columns
Presolve time: 0.11s
Presolved: 2931 rows, 17034 columns, 65579 nonzeros
Variable types: 813 continuous, 16221 integer (15540 binary)

Root relaxation: objective 1.323538e+04, 2051 iterations, 0.14 seconds

    Nodes    |    Current Node    |     Objective Bounds      |     Work
 Expl Unexpl |  Obj  Depth IntInf | Incumbent    BestBd   Gap | It/Node Time

     0     0 13235.3799    0  166          - 13235.3799      -     -    0s
     0     0 13536.3916    0  272          - 13536.3916      -     -    1s
     0     0 13537.5528    0  264          - 13537.5528      -     -    1s
     0     0 13537.5528    0  259          - 13537.5528      -     -    1s
     0     0 13883.1849    0  200          - 13883.1849      -     -    2s
     0     0 13911.9687    0  297          - 13911.9687      -     -    2s
     0     0 13912.6956    0  291          - 13912.6956      -     -    2s
     0     0 13914.1611    0  287          - 13914.1611      -     -    2s
     0     0 13914.3181    0  277          - 13914.3181      -     -    2s
     0     0 14116.0854    0  260          - 14116.0854      -     -    3s
     0     0 14128.9560    0  222          - 14128.9560      -     -    3s
     0     0 14129.0726    0  237          - 14129.0726      -     -    4s
     0     0 14183.5609    0  340          - 14183.5609      -     -    5s
     0     0 14191.6657    0  301          - 14191.6657      -     -    5s
     0     0 14194.5492    0  344          - 14194.5492      -     -    6s
     0     0 14194.8749    0  307          - 14194.8749      -     -    6s
     0     0 14247.3607    0  412          - 14247.3607      -     -    6s
     0     0 14258.8965    0  380          - 14258.8965      -     -    7s
     0     0 14259.3343    0  445          - 14259.3343      -     -    7s
     0     0 14358.5077    0  394          - 14358.5077      -     -    8s
     0     0 14378.9632    0  437          - 14378.9632      -     -    9s
     0     0 14379.9132    0  448          - 14379.9132      -     -    9s
     0     0 14380.0349    0  441          - 14380.0349      -     -    9s
     0     0 14415.9023    0  405          - 14415.9023      -     -   10s
     0     0 14416.9749    0  405          - 14416.9749      -     -   10s
     0     0 14417.2455    0  456          - 14417.2455      -     -   11s
     0     0 14439.8183    0  517          - 14439.8183      -     -   12s
     0     0 14448.9008    0  474          - 14448.9008      -     -   13s
     0     0 14506.9526    0  520          - 14506.9526      -     -   13s
     0     0 14529.8647    0  528          - 14529.8647      -     -   14s
     0     0 14530.4853    0  572          - 14530.4853      -     -   14s
     0     0 14537.3695    0  497          - 14537.3695      -     -   15s
     0     0 14541.2924    0  528          - 14541.2924      -     -   15s
     0     0 14541.7968    0  571          - 14541.7968      -     -   16s
     0     0 14550.3251    0  530          - 14550.3251      -     -   16s
     0     0 14555.7532    0  466          - 14555.7532      -     -   17s
     0     0 14556.1163    0  512          - 14556.1163      -     -   17s
     0     0 14565.6021    0  464          - 14565.6021      -     -   18s
     0     0 14566.7086    0  446          - 14566.7086      -     -   18s
     0     0 14567.1622    0  372          - 14567.1622      -     -   19s
     0     0 14567.8926    0  428          - 14567.8926      -     -   19s
     0     0 14571.6725    0  489          - 14571.6725      -     -   20s
     0     0 14571.6725    0  456          - 14571.6725      -     -   20s
     0     2 14571.6725    0  446          - 14571.6725      -     -   23s
     7    10 14598.0877    3  558          - 14575.5812      -   378   25s
    11    14 14580.8991    4  583          - 14575.5812      -   618   30s
    29    33 14645.1322   12  652          - 14575.5812      -   710   35s
    49    53 14698.4385   20  543          - 14575.5812      -   722   40s
    70    74 14953.1371   23  377          - 14575.5812      -   697   45s
   102   109 15123.6017   27  397          - 14575.5812      -   622   50s
   128   133 15414.8947   32  365          - 14575.5812      -   614   55s
   171   182 15491.5100   40  313          - 14575.5812      -   559   61s
   197   208 15566.8286   49  270          - 14575.5812      -   537   65s
   234   252 15699.0567   59  254          - 14575.5812      -   518   70s
   290   319 16013.3973   79  220          - 14575.5812      -   472   76s
   347   368 16286.9922   98  211          - 14575.5812      -   429   80s
   391   427 16285.0852  111  271          - 14575.5812      -   410   85s
   465   483 16624.3048  143  144          - 14575.5812      -   373   90s
   532   606 17232.2163  165  213          - 14575.5812      -   351   95s
   611   701 17801.6648  198  117          - 14575.5812      -   321  103s
   702   701 17462.3852  212   69          - 14575.5812      -   292  105s
   841   889 19281.0242  276   42          - 14575.5812      -   253  117s
   925   967 19620.0437  302   62          - 14575.5812      -   234  121s
  1024  1030 21024.8867  362   43          - 14598.0942      -   218  125s
  1105  1040 18660.3800  265  456          - 14598.0942      -   215  132s
  1109  1043 15596.5820   70  302          - 14598.0942      -   214  135s
  1114  1046 15793.1025   92  507          - 14598.0942      -   213  140s
  1122  1051 15398.3821   57  589          - 14618.9736      -   211  145s
  1126  1054 16816.7809  165  475          - 14643.0483      -   211  150s
  1131  1057 19302.5078  281  557          - 14650.3323      -   210  155s
  1135  1060 16287.4891  107  617          - 14651.2563      -   209  160s
  1141  1064 16481.5426  156  695          - 14652.5764      -   208  165s
  1144  1066 16296.7447  127  649          - 14653.2063      -   207  172s
  1146  1067 17118.7544  183  649          - 14658.5670      -   207  187s
  1147  1071 14658.5670   12  595          - 14658.5670      -   235  195s
  1149  1072 14658.5670   13  589          - 14658.5670      -   236  202s
  1151  1074 14795.8755   13  435          - 14658.5670      -   240  213s
  1153  1075 14660.7345   14  667          - 14658.5670      -   242  217s
  1155  1076 14689.0816   14  353          - 14660.7628      -   244  220s
  1159  1080 14780.5927   15  637          - 14673.6874      -   258  230s
  1169  1087 14674.0640   18  593          - 14674.0640      -   262  235s
  1175  1093 14674.8931   19  603          - 14674.8931      -   266  240s
  1187  1100 14681.1190   23  522          - 14677.7317      -   275  249s
  1191  1102 14691.9299   24  580          - 14677.7317      -   282  251s
  1201  1111 14723.1722   26  499          - 14677.7317      -   286  256s
  1211  1117 14696.7435   29  524          - 14677.7317      -   292  261s
  1222  1127 14699.4180   31  536          - 14677.7317      -   298  266s
  1236  1135 14710.0876   34  511          - 14677.7317      -   303  272s
  1249  1144 14748.0929   37  568          - 14677.7317      -   310  277s
  1256  1149 14748.5274   39  538          - 14677.7317      -   312  281s
  1271  1159 14854.7712   43  572          - 14677.7317      -   322  288s
  1278  1163 14867.7579   44  488          - 14677.7317      -   326  292s
  1285  1169 14764.3615   46  510          - 14677.7317      -   330  296s
  1302  1176 14851.1961   50  537          - 14677.7317      -   343  303s
  1306  1183 14806.7731   50  392          - 14677.7317      -   346  307s
  1314  1194 14820.2052   53  427          - 14677.7317      -   348  311s
  1328  1207 14852.0117   55  361          - 14677.7317      -   351  316s
  1352  1211 14997.4568   65  482          - 14677.7317      -   355  320s
  1374  1233 14996.0586   67  389          - 14677.7317      -   361  329s
  1387  1248 14980.3374   70  328          - 14677.7317      -   362  333s
  1406  1263 15094.8721   74  346          - 14677.7317      -   366  339s
  1427  1279 15036.4655   80  362          - 14677.7317      -   368  344s
  1450  1283 15178.3992   85  293          - 14677.7317      -   371  351s
  1462  1307 15134.0126   87  290          - 14677.7317      -   375  356s
  1490  1319 15142.7932   94  354          - 14677.7317      -   375  362s
  1513  1337 15148.5855   99  335          - 14677.7317      -   377  368s
  1540  1355 15180.9268  105  313          - 14677.7317      -   380  374s
  1569  1373 15192.7356  110  418          - 14677.7317      -   382  381s
  1599  1397 15201.4628  115  446          - 14677.7317      -   385  397s
  1633  1417 15213.2988  121  440          - 14677.7317      -   387  404s
  1664  1432 15221.0353  126  322          - 14677.7317      -   389  412s
  1689  1455 15267.4173  132  383          - 14677.7317      -   394  419s
  1723  1485 15264.9167  140  355          - 14677.7317      -   397  427s
  1764  1502 15300.5653  149  425          - 14677.7317      -   399  435s
  1800  1542 15315.5341  157  389          - 14677.7317      -   402  443s
  1854  1585 15385.9655  166  391          - 14677.7317      -   402  452s
  1919  1617 15475.9333  174  288          - 14677.7317      -   399  463s
  1972  1629 15445.5983  183  391          - 14677.7317      -   398  472s
  2002  1677 15464.9159  188  382          - 14677.7317      -   398  481s
  2060  1726 15511.1575  199  358          - 14677.7317      -   398  490s
  2128  1769 15527.6459  211  346          - 14677.7317      -   396  501s
  2208  1817 15543.8951  225  409          - 14677.7317      -   393  512s
  2291  1869 15613.4933  237  374          - 14677.7317      -   390  524s
  2378  1924 15703.6750  252  357          - 14677.7317      -   387  536s
  2468  1986 15747.6185  265  358          - 14677.7317      -   385  550s
  2568  2050 15825.8802  285  283          - 14677.7317      -   381  563s
  2655  2021 19527.0399  473  126          - 14677.7317      -   379  565s
  2680  2086 15984.5384  306  254          - 14677.7317      -   378  576s
  2781  2108 16184.7932  328  263          - 14677.7317      -   374  588s
  2837  2152 16258.8055  351  242          - 14677.7317      -   375  600s
  2899  2213 16591.5415  377  165          - 14677.7317      -   377  614s
  2938  2200 16569.6891  397  208          - 14677.7317      -   374  615s
  2981  2265 17131.4735  412  230          - 14677.7317      -   374  629s
  3016  2253 17337.9917  429  193          - 14677.7317      -   373  631s
  3060  2316 17535.6700  446  223          - 14677.7317      -   372  645s
  3150  2365 infeasible  486               - 14677.7317      -   371  660s
  3259  2370 18767.8980  534  160          - 14689.0816      -   369  675s
  3336  2365 14819.2400   26  523          - 14689.0816      -   369  690s
  3357  2399 14847.5673   31  494          - 14689.0816      -   371  703s
  3400  2423 infeasible   34               - 14689.0816      -   375  718s
  3454  2446 15030.3184   41  366          - 14689.0816      -   378  733s
  3495  2469 15244.5437   50  332          - 14689.0816      -   382  749s
  3532  2526 15394.1977   60  208          - 14689.0816      -   385  765s
  3601  2571 15614.4423   83  254          - 14689.0816      -   386  784s
  3645  2556 15222.2577   44  309          - 14689.0816      -   386  785s
  3671  2659 15752.0600  105  182          - 14689.0816      -   387  803s
  3734  2638 15528.6297   67  116          - 14689.0816      -   386  805s
  3785  2773 15960.2720  122  362          - 14689.0816      -   385  825s
  3937  2875 16196.6758  144  320          - 14689.0816      -   378  849s
  4090  3035 16387.8032  177  346          - 14689.0816      -   370  873s
  4240  2985 16359.7020  325  237          - 14689.0816      -   363  876s
  4330  3059 16893.2218  231  265          - 14689.0816      -   358  897s
  4422  3053 infeasible  377               - 14689.0816      -   356  900s
  4448  3088 17710.2810  286  240          - 14691.9503      -   358  921s
  4521  3136 14857.3992   18  759          - 14691.9503      -   361  945s
  4569  3215 14931.4799   22  782          - 14691.9503      -   364  973s
  4648  3318 15135.0470   31  669          - 14691.9503      -   367  996s
  4751  3500 15125.8539   29  693          - 14691.9503      -   369 1046s
  4880  3500 16136.4410  250  217          - 14691.9503      -   365 1050s
  4933  3772 15233.6741   32  552          - 14691.9503      -   363 1080s
  5240  3802 15224.2112   30  471          - 14691.9503      -   351 1111s
  5270  3855 15350.3497   39  420          - 14691.9503      -   355 1135s
  5323  3922 15432.1196   45  391          - 14691.9503      -   359 1161s
  5390  4043 15577.6501   51  363          - 14691.9503      -   363 1189s
  5431  4043 15594.3312   63  192          - 14691.9503      -   363 1190s
  5511  4247 15733.2756   68  189          - 14691.9503      -   363 1220s
  5715  4621 16055.0749  101  190          - 14691.9503      -   359 1256s
  5845  4621 16479.6845  159  163          - 14691.9503      -   356 1260s
  6047  4621 16947.6230  250  173          - 14691.9503      -   349 1265s
  6099  4919 16961.1569  172   98          - 14694.5063      -   347 1309s
  6126  4919 16832.1224  185  120          - 14694.5063      -   347 1310s
  6339  4919 17925.1759  311  116          - 14694.5063      -   338 1315s
  6536  4941 14827.7163   26  756          - 14694.7741      -   333 1347s
  6558  4989 14939.4602   32  703          - 14694.7741      -   337 1374s
  6606  5057 15310.0561   39  545          - 14694.7741      -   340 1415s
  6676  5169 15467.1825   48  371          - 14694.7741      -   342 1446s
  6780  5169 15940.6715  101  223          - 14694.7741      -   342 1452s
  6789  5368 15858.9351   79  331          - 14694.7741      -   342 1484s
  6829  5368 16014.9114  105  162          - 14694.7741      -   342 1485s
  6986  5368 16492.7300  168   94          - 14694.7741      -   338 1490s
  6995  5849 16349.5851  154  179          - 14694.8466      -   338 1538s
  7081  5849 16674.1790  195   49          - 14694.8466      -   336 1540s
  7308  5849 17541.0087  344   37          - 14694.8466      -   328 1545s
  7504  6068 14794.6455   21  762          - 14694.8466      -   324 1593s
  7581  6068 17907.5897  308   68          - 14694.8466      -   324 1595s
  7768  6099 14858.4009   27  631          - 14694.8466      -   319 1628s
  7799  6149 15033.8659   35  609          - 14694.8466      -   322 1660s
  7849  6204 15135.4757   48  579          - 14694.8466      -   324 1693s
  7904  6295 15341.4380   58  368          - 14694.8466      -   327 1725s
  7995  6471 15463.5279   68  561          - 14694.8466      -   329 1760s
  8171  6653 15619.8346   75  588          - 14694.8466      -   327 1800s
  8361  6653 16854.3767  297  193          - 14694.8466      -   325 1805s
  8391  6716 15807.6806  101  441          - 14705.5361      -   326 1839s
  8417  6716 15912.5161  114  270          - 14705.5361      -   326 1840s
  8470  6801 15050.9419   24  639          - 14705.5361      -   328 1874s
  8549  6801 15701.1131   75  120          - 14705.5361      -   330 1876s
  8555  6971 15231.1322   29  507          - 14705.5361      -   330 1914s
  8716  6971 16369.4692  172  130          - 14705.5361      -   329 1918s
  8727  7166 15364.3141   38  522          - 14705.5361      -   329 1957s
  8922  7484 15501.8037   60  507          - 14705.5361      -   327 2007s
  8949  7484 15639.9495   80  388          - 14705.5361      -   328 2025s
  9156  7484 18197.2454  414   63          - 14705.5361      -   324 2030s
  9246  7704 15656.3001   91  415          - 14705.5361      -   321 2073s
  9325  7704 19210.1773  444   50          - 14705.5361      -   322 2075s
  9493  7764 15918.8723  107  376          - 14705.5361      -   318 2113s
  9553  7831 15997.6229  134  383          - 14705.5361      -   320 2150s
  9620  7910 16418.2730  165  212          - 14705.5361      -   322 2190s
  9699  8034 16511.1076  201  277          - 14705.5361      -   322 2231s
  9823  8243 16758.5471  251  240          - 14705.5361      -   323 2278s
  9904  8243 16958.3432  317  165          - 14705.5361      -   321 2280s
 10034  8986 17251.0929  401  177          - 14705.5361      -   320 2344s
 10086  8986 17424.2481  436   77          - 14705.5361      -   319 2345s
 10349  8986 18911.3600  511   11          - 14705.5361      -   312 2350s
 10639  8995 20287.9540  628   65          - 14705.5361      -   305 2355s
 10849  9032 20046.5428  528   29          - 14705.8601      -   302 2396s
 10912  9120 14897.7707   22  598          - 14705.8601      -   304 2434s
 10969  9120 15855.4145   93  305          - 14705.8601      -   306 2435s
 11000  9220 15367.6253   40  341          - 14705.8601      -   306 2471s
 11102  9580 15543.8195   64  259          - 14705.8601      -   307 2513s
 11184  9580 15835.8551  113  118          - 14705.8601      -   306 2515s
 11492 10103 16426.1613  222  104          - 14706.6957      -   302 2565s
 11787 10103 17253.9419  432   56          - 14706.6957      -   296 2570s
 12068 10579 14927.7094   23  799          - 14706.6957      -   293 2625s
 12568 10834 15138.3164   26  651          - 14706.6957      -   285 2671s
 12754 10834 20774.6522  662    6          - 14706.6957      -   283 2675s
 12879 10865 15155.6347   30  518          - 14706.6957      -   281 2712s
 12910 10905 15396.9886   49  403          - 14706.6957      -   283 2743s
 12950 10985 15536.5674   67  382          - 14706.6957      -   285 2777s
 13030 11303 15797.1028  106   84          - 14706.6957      -   285 2820s
 13265 11303 16934.9854  242   61          - 14706.6957      -   282 2825s
 13350 11469 17010.3260  288   44          - 14707.2966      -   282 2861s
 13539 11673 15009.5098   24  647          - 14707.2966      -   281 2903s
 13749 12069 infeasible   31               - 14707.2966      -   280 2956s
 13911 12069 16575.5992  293   19          - 14707.2966      -   280 2960s
 14134 12094 17383.9518  408   17          - 14707.2966      -   276 2965s
 14285 12148 15788.3067   42  329          - 14707.2966      -   274 2998s
 14320 12251 15722.0273   51  293          - 14707.2966      -   276 3032s
 14441 12483 16277.1511   98  204          - 14709.6933      -   276 3074s
 14454 12483 16419.9718  100  206          - 14709.6933      -   276 3075s
 14721 12528 14822.3866   33  865          - 14709.6933      -   275 3287s
 14766 12598 14980.8385   41  571          - 14709.6933      -   276 3325s
 14838 12797 infeasible   47               - 14709.6933      -   278 3362s
 14989 12797 15988.0242  171  215          - 14709.6933      -   278 3365s
 15039 12975 15503.0343   71  292          - 14709.6933      -   277 3404s
 15052 12975 15553.3594   79  262          - 14709.6933      -   277 3405s
 15250 13184 15763.2184   99  236          - 14709.6933      -   277 3448s
 15341 13184 16012.6611  150   78          - 14709.6933      -   276 3450s
 15459 13624 16309.4107  215   96          - 14710.0917      -   276 3500s
 15578 13624 16783.5959  298  105          - 14710.0917      -   275 3505s
 15856 13624 18829.9131  490   86          - 14710.0917      -   271 3510s
 15997 13717 14846.4896   29  772          - 14710.0917      -   270 3549s
 16090 13965 15197.4481   36  381          - 14710.0917      -   271 3593s
 16164 13965 15948.2153  122  105          - 14710.0917      -   272 3595s
 16364 13967 15283.7251   45  368          - 14710.0917      -   270 3600s

Cutting planes:
  User: 10276
  Gomory: 22
  Cover: 975
  Implied bound: 217
  Clique: 12
  MIR: 521
  Flow cover: 991
  Zero half: 91
  RLT: 828
  Relax-and-lift: 30
  Lazy constraints: 680

Explored 16366 nodes (4443418 simplex iterations) in 3600.04 seconds
Thread count was 2 (of 32 available processors)

Solution count 0

Time limit reached
Best objective -, best bound 1.471009166716e+04, gap -

User-callback calls 490648, time in user-callback 270.64 sec
================================================================================
executing instance: ./input/Instances/Original/1/absH3high_2n45.dat
--------------------------------------------------------------------------------
Instance details
n	46
H	3
C	3171
Li:
[0, 0, 0, 0, 0, 0, 0, 0, 0, 0, 0, 0, 0, 0, 0, 0, 0, 0, 0, 0, 0, 0, 0, 0, 0, 0, 0, 0, 0, 0, 0, 0, 0, 0, 0, 0, 0, 0, 0, 0, 0, 0, 0, 0, 0, 0, ]
Ui:
[0, 246, 160, 78, 20, 87, 144, 40, 20, 82, 60, 96, 24, 136, 160, 108, 160, 26, 228, 51, 24, 240, 231, 70, 32, 105, 174, 114, 246, 126, 132, 76, 22, 42, 255, 132, 148, 162, 66, 111, 102, 240, 123, 201, 297, 78, ]
Distance matrix:
|0	148	402	550	329	420	187	318	366	280	504	273	233	333	112	344	379	481	113	593	159	523	261	424	90	359	163	461	413	240	105	299	265	89	371	462	339	273	495	22	41	439	369	506	563	468	|
|148	0	284	517	394	284	136	369	244	311	496	166	329	355	223	202	338	388	204	565	254	506	118	346	71	423	173	471	336	118	105	352	198	105	248	428	302	305	487	153	179	441	230	497	517	370	|
|402	284	0	350	448	80	228	406	42	343	382	129	456	350	412	126	219	131	382	395	410	371	180	137	314	466	289	400	137	167	389	401	169	316	39	280	217	342	373	394	414	362	108	380	324	106	|
|550	517	350	0	339	429	385	308	374	295	93	375	431	249	481	461	180	239	458	48	445	57	474	214	496	333	387	160	216	424	601	321	320	471	376	90	217	301	93	530	534	146	452	88	52	262	|
|329	394	448	339	0	513	282	42	438	105	255	363	115	108	221	484	259	431	217	365	172	289	436	362	333	30	224	189	353	380	423	47	291	296	443	285	240	107	251	307	294	193	495	260	378	437	|
|420	284	80	429	513	0	267	473	76	408	462	163	509	421	449	86	298	201	421	474	455	451	167	217	330	533	333	478	217	181	386	466	225	341	70	360	291	406	453	416	438	440	59	460	400	176	|
|187	136	228	385	282	267	0	249	199	186	360	104	248	224	184	214	207	294	155	432	189	371	155	237	113	308	68	336	227	101	216	236	78	98	205	296	168	181	350	174	190	305	231	360	390	283	|
|318	369	406	308	42	473	249	0	397	66	229	325	128	67	216	447	218	389	206	337	168	260	402	320	311	61	196	167	311	345	406	19	252	275	403	248	198	70	223	296	286	164	457	233	344	395	|
|366	244	42	374	438	76	199	397	0	332	397	96	436	346	383	90	228	168	354	420	385	389	139	161	277	458	263	408	158	128	349	391	150	282	6	298	218	331	388	359	380	370	78	395	352	144	|
|280	311	343	295	105	408	186	66	332	0	231	259	142	53	191	380	171	337	173	332	150	257	337	267	258	127	139	182	258	280	359	58	186	223	338	222	143	6	224	258	254	164	390	234	323	340	|
|504	496	382	93	255	462	360	229	397	231	0	375	356	180	422	478	173	293	403	110	381	36	474	248	463	245	345	68	246	419	568	244	308	433	400	104	200	237	9	482	482	67	474	5	142	312	|
|273	166	129	375	363	163	104	325	96	259	375	0	347	283	288	121	202	221	259	423	292	376	99	183	186	386	170	370	175	52	269	315	76	187	102	288	177	256	365	265	285	333	133	374	365	204	|
|233	329	456	431	115	509	248	128	436	142	356	347	0	181	121	462	311	472	128	463	76	386	398	403	260	141	180	294	392	349	334	111	287	224	442	362	280	139	350	212	194	289	479	360	463	472	|
|333	355	350	249	108	421	224	67	346	53	180	283	181	0	244	403	152	324	226	283	201	207	369	256	307	118	186	129	247	311	409	74	208	273	351	183	136	59	173	311	307	113	410	183	282	331	|
|112	223	412	481	221	449	184	216	383	191	422	288	121	244	0	387	327	461	30	521	49	447	313	396	152	250	125	371	385	273	214	196	249	121	389	400	288	185	415	91	74	355	408	425	503	454	|
|344	202	126	461	484	86	214	447	90	380	478	121	462	403	387	0	305	256	360	508	400	473	84	250	255	507	282	482	246	115	302	437	196	271	90	382	288	377	469	343	367	444	28	476	441	232	|
|379	338	219	180	259	298	207	218	228	171	173	202	311	152	327	305	0	172	301	227	300	174	302	105	318	270	217	180	97	249	423	221	141	296	232	90	40	173	164	361	368	142	303	172	184	180	|
|481	388	131	239	431	201	294	389	168	337	293	221	472	324	461	256	172	0	432	280	446	273	300	70	400	442	337	330	80	271	490	391	217	391	167	191	194	339	286	468	483	294	239	289	203	26	|
|113	204	382	458	217	421	155	206	354	173	403	259	128	226	30	360	301	432	0	499	52	426	287	367	133	246	95	355	356	246	208	187	219	100	360	376	261	167	395	90	81	337	381	406	478	425	|
|593	565	395	48	365	474	432	337	420	332	110	423	463	283	521	508	227	280	499	0	482	77	521	260	542	356	431	178	262	472	647	352	368	516	422	137	264	338	114	573	576	174	499	106	78	304	|
|159	254	410	445	172	455	189	168	385	150	381	292	76	201	49	400	300	446	52	482	0	407	331	378	184	201	122	327	367	286	258	149	242	150	391	367	263	144	374	137	122	314	419	384	470	441	|
|523	506	371	57	289	451	371	260	389	257	36	376	386	207	447	473	174	273	426	77	407	0	475	234	477	280	363	104	234	422	583	275	313	449	392	91	205	263	38	503	504	97	468	31	108	294	|
|261	118	180	474	436	167	155	402	139	337	474	99	398	369	313	84	302	300	287	521	331	475	0	275	173	462	220	465	268	58	219	390	168	193	142	388	275	333	464	261	286	430	111	473	462	279	|
|424	346	137	214	362	217	237	320	161	267	248	183	403	256	396	250	105	70	367	260	378	234	275	0	348	374	274	274	11	234	444	321	159	335	163	145	124	269	239	409	422	237	239	245	191	76	|
|90	71	314	496	333	330	113	311	277	258	463	186	260	307	152	255	318	400	133	542	184	477	173	348	0	362	121	430	338	150	106	293	190	37	282	406	279	252	454	88	113	403	280	464	502	386	|
|359	423	466	333	30	533	308	61	458	127	245	386	141	118	250	507	270	442	246	356	201	280	462	374	362	0	252	178	365	406	453	73	313	325	463	286	254	130	242	336	324	187	517	250	374	449	|
