




arguments: ./build/mirp_solver -f ./input/orig_exec_227.cfg
Current dir: /scratch/gui/bnc_mirp
File verbosity level: 9
date       time         ( uptime  ) [ thread name/id ]                   file:line     v| 
2021-01-10 13:08:02.817 (   0.188s) [main thread     ]             loguru.cpp:789   INFO| Logging to './output/vi_hc2/OU/V5/Original/execution_10_01_2021_13_08_02.log', mode: 'a', verbosity: 9
--------------------------------------------------------------------------------
Parameters
                           instance_path           ./input/Instances/Original/6/
                            model_policy                                       1
                             nb_vehicles                                       5
                              output_dir         ./output/vi_hc2/OU/V5/Original/
                            sec_strategy                                       1
                       solver_nb_threads                                       2
                         solver_show_log                                    true
                       solver_time_limit                                    3600
                              use_vi_cos                                   false
                              use_vi_cus                                   false
                         use_vi_hc1_full                                   false
                         use_vi_hc1_half                                   false
                      use_vi_hc1_quarter                                   false
                              use_vi_hc2                                    true
                              use_vi_hc3                                   false
                         use_vi_lex_full                                   false
                         use_vi_lex_half                                   false
                      use_vi_lex_quarter                                   false
                              use_vi_qua                                   false
                               use_vi_vc                                   false
                               use_vi_vr                                   false
--------------------------------------------------------------------------------
executing instance: ./input/Instances/Original/6/absH6high_1n25.dat
--------------------------------------------------------------------------------
Instance details
n	26
H	6
C	1711
Li:
[0, 0, 0, 0, 0, 0, 0, 0, 0, 0, 0, 0, 0, 0, 0, 0, 0, 0, 0, 0, 0, 0, 0, 0, 0, 0, ]
Ui:
[0, 168, 176, 34, 66, 36, 177, 106, 118, 182, 64, 141, 189, 63, 46, 111, 182, 231, 36, 66, 68, 54, 132, 90, 246, 75, ]
Distance matrix:
|0	191	200	231	334	329	146	196	208	245	218	164	283	394	151	358	156	196	309	253	201	260	127	138	130	104	|
|191	0	226	229	278	146	328	216	390	417	327	293	195	334	106	296	171	122	472	151	12	411	280	53	190	130	|
|200	226	0	38	149	359	321	10	276	274	418	364	139	204	121	173	321	115	303	141	225	236	155	202	311	256	|
|231	229	38	0	110	352	358	37	314	310	448	395	108	167	129	135	342	109	336	120	226	268	194	213	335	277	|
|334	278	149	110	0	367	467	147	422	413	546	495	86	61	203	25	423	163	429	129	271	363	303	282	424	361	|
|329	146	359	352	367	0	453	349	533	562	411	393	282	411	245	378	250	244	617	245	141	556	426	195	284	243	|
|146	328	321	358	467	453	0	321	162	215	160	112	425	524	297	491	223	341	284	397	339	266	186	276	184	210	|
|196	216	10	37	147	349	321	0	281	281	414	360	132	203	112	171	315	105	311	132	216	244	159	193	305	249	|
|208	390	276	314	422	533	162	281	0	54	321	271	410	471	316	445	348	348	123	398	398	115	125	338	313	309	|
|245	417	274	310	413	562	215	281	54	0	375	323	413	457	334	435	393	361	70	406	424	69	139	367	359	349	|
|218	327	418	448	546	411	160	414	321	375	0	57	484	606	347	569	163	393	444	446	339	421	318	288	137	199	|
|164	293	364	395	495	393	112	360	271	323	57	0	437	556	300	519	144	346	393	401	305	367	261	249	109	163	|
|283	195	139	108	86	282	425	132	410	413	484	437	0	139	137	101	349	91	443	44	187	375	286	206	355	291	|
|394	334	204	167	61	411	524	203	471	457	606	556	139	0	264	38	483	222	467	183	326	403	356	341	484	421	|
|151	106	121	129	203	245	297	112	316	334	347	300	137	264	0	225	220	46	381	102	106	316	195	84	221	158	|
|358	296	173	135	25	378	491	171	445	435	569	519	101	38	225	0	444	184	450	145	288	384	328	303	446	383	|
|156	171	321	342	423	250	223	315	348	393	163	144	349	483	220	444	0	261	460	308	183	415	284	143	39	65	|
|196	122	115	109	163	244	341	105	348	361	393	346	91	222	46	184	261	0	402	56	118	336	224	119	264	200	|
|309	472	303	336	429	617	284	311	123	70	444	393	443	467	381	450	460	402	0	442	477	68	192	424	426	413	|
|253	151	141	120	129	245	397	132	398	406	446	401	44	183	102	145	308	56	442	0	143	375	273	164	315	251	|
|201	12	225	226	271	141	339	216	398	424	339	305	187	326	106	288	183	118	477	143	0	416	286	63	202	142	|
|260	411	236	268	363	556	266	244	115	69	421	367	375	403	316	384	415	336	68	375	416	0	135	365	384	363	|
|127	280	155	194	303	426	186	159	125	139	318	261	286	356	195	328	284	224	192	273	286	135	0	232	256	229	|
|138	53	202	213	282	195	276	193	338	367	288	249	206	341	84	303	143	119	424	164	63	365	232	0	153	89	|
|130	190	311	335	424	284	184	305	313	359	137	109	355	484	221	446	39	264	426	315	202	384	256	153	0	64	|
|104	130	256	277	361	243	210	249	309	349	199	163	291	421	158	383	65	200	413	251	142	363	229	89	64	0	|

--------------------------------------------------------------------------------
Building model...
	using lazy and cut (CVRPSEP package)
Solving IRP LP...
--------------------------------------------------------------------------------

Gurobi 9.1.0 (linux64) logging started Sun Jan 10 13:08:03 2021

Gurobi Optimizer version 9.1.0 build v9.1.0rc0 (linux64)
Thread count: 32 physical cores, 32 logical processors, using up to 2 threads
Optimize a model with 3428 rows, 11462 columns and 45674 nonzeros
Model fingerprint: 0x361f2044
Variable types: 932 continuous, 10530 integer (780 binary)
Coefficient statistics:
  Matrix range     [1e+00, 3e+02]
  Objective range  [1e-01, 6e+02]
  Bounds range     [1e+00, 2e+02]
  RHS range        [1e+01, 3e+03]
Presolve removed 218 rows and 29 columns
Presolve time: 0.12s
Presolved: 3210 rows, 11433 columns, 45159 nonzeros
Variable types: 906 continuous, 10527 integer (9777 binary)

Root relaxation: objective 1.503678e+04, 3077 iterations, 0.14 seconds

    Nodes    |    Current Node    |     Objective Bounds      |     Work
 Expl Unexpl |  Obj  Depth IntInf | Incumbent    BestBd   Gap | It/Node Time

     0     0 15036.7842    0  258          - 15036.7842      -     -    0s
     0     0 15268.7720    0  354          - 15268.7720      -     -    1s
     0     0 15306.2868    0  307          - 15306.2868      -     -    1s
     0     0 15306.8155    0  338          - 15306.8155      -     -    1s
     0     0 15564.1966    0  385          - 15564.1966      -     -    1s
     0     0 15616.1740    0  437          - 15616.1740      -     -    2s
     0     0 15624.0691    0  441          - 15624.0691      -     -    2s
     0     0 15624.6227    0  439          - 15624.6227      -     -    2s
     0     0 15624.6227    0  448          - 15624.6227      -     -    2s
     0     0 15981.1128    0  429          - 15981.1128      -     -    3s
     0     0 16204.0966    0  460          - 16204.0966      -     -    3s
     0     0 16230.7628    0  480          - 16230.7628      -     -    4s
     0     0 16235.5047    0  496          - 16235.5047      -     -    4s
     0     0 16240.5557    0  497          - 16240.5557      -     -    4s
     0     0 16241.0033    0  525          - 16241.0033      -     -    4s
     0     0 16487.5282    0  559          - 16487.5282      -     -    6s
     0     0 16558.0695    0  492          - 16558.0695      -     -    6s
     0     0 16592.9494    0  520          - 16592.9494      -     -    7s
     0     0 16599.7776    0  534          - 16599.7776      -     -    7s
     0     0 16607.1727    0  559          - 16607.1727      -     -    8s
     0     0 16619.7864    0  489          - 16619.7864      -     -    8s
     0     0 16620.5875    0  477          - 16620.5875      -     -    8s
     0     0 16680.5853    0  539          - 16680.5853      -     -    9s
     0     0 16689.2136    0  553          - 16689.2136      -     -    9s
     0     0 16690.8646    0  523          - 16690.8646      -     -    9s
     0     0 16692.4959    0  521          - 16692.4959      -     -   10s
     0     0 16692.5482    0  506          - 16692.5482      -     -   10s
     0     0 16706.1198    0  592          - 16706.1198      -     -   10s
     0     0 16711.3445    0  539          - 16711.3445      -     -   11s
     0     0 16713.3247    0  484          - 16713.3247      -     -   11s
     0     0 16713.6873    0  592          - 16713.6873      -     -   11s
     0     0 16721.2204    0  577          - 16721.2204      -     -   12s
     0     0 16723.8909    0  361          - 16723.8909      -     -   12s
     0     2 16723.9245    0  409          - 16723.9245      -     -   15s
    27    30 16775.0054   11  624          - 16726.5351      -   760   20s
    40    43 16828.9477   14  636          - 16726.5351      -   993   25s
    51    55 16855.8379   17  708          - 16726.5351      -  1244   30s
    62    65 17043.9881   19  729          - 16726.5351      -  1310   35s
    73    73 17238.6956   22  691          - 16726.5351      -  1369   40s
    86    85 17283.7014   26  680          - 16726.5351      -  1417   45s
    90    89 17377.7862   27  704          - 16726.5351      -  1472   50s
   102   104 17597.6578   32  689          - 16726.5351      -  1460   55s
   137   138 17746.4003   44  697          - 16726.5351      -  1253   61s
   168   165 17880.0538   51  667          - 16726.5351      -  1125   66s
   180   175 17929.1252   55  650          - 16726.5351      -  1129   70s
   203   187 18139.8392   62  549          - 16726.5351      -  1141   76s
   218   207 18238.4427   68  599          - 16726.7006      -  1160   82s
   244   233 16945.5164    6  611          - 16726.7006      -  1109   87s
   274   264 16961.4973   16  609          - 16726.7006      -  1058   94s
   290   272 17008.8693   20  625          - 16726.7006      -  1036   97s
   298   283 16970.0910   21  620          - 16726.7006      -  1044  100s
   323   308 17032.0313   26  645          - 16726.7006      -  1031  107s
   334   321 17044.3659   27  600          - 16726.7006      -  1034  111s
   362   344 17166.8773   31  656          - 16726.7006      -  1017  118s
   370   358 17195.0480   32  690          - 16726.7006      -  1031  121s
   384   377 17187.3035   33  727          - 16726.7006      -  1016  125s
   424   421 17293.3849   35  746          - 16726.7006      -   997  133s
   449   453 infeasible   36               - 16726.7006      -   962  137s
   483   476 17278.7464   38  690          - 16726.7006      -   921  142s
   510   524 17308.0262   42  695          - 16726.7006      -   895  146s
   558   563 17383.3660   43  619          - 16726.7006      -   846  152s
   599   634 17327.6950   47  672          - 16726.7006      -   809  157s
   672   666 17375.2275   52  703          - 16726.7006      -   748  162s
   720   675 17446.2722   56  658          - 16726.7006      -   725  167s
   732   677 17303.0494   37  278          - 16726.7006      -   734  170s
   735   679 17723.4586   74  458          - 16726.7006      -   731  175s
   745   686 18972.1252  140  707          - 16915.7119      -   721  180s
   758   695 18431.0276  112  722          - 16997.7545      -   709  185s
   773   705 18364.7514  110  773          - 17036.6022      -   695  190s
   784   712 17073.1846   27  796          - 17073.1846      -   685  195s
   797   721 17724.1751   71  876          - 17082.2256      -   674  200s
   810   729 17138.1864   54  868          - 17088.5673      -   663  205s
   821   737 17710.6459   43  872          - 17092.5125      -   654  210s
   829   742 17352.1656   39  889          - 17094.2519      -   648  215s
   835   746 17723.4586   74  887          - 17101.3537      -   643  220s
   845   753 18972.1252  140  852          - 17110.3784      -   636  225s
   861   763 17791.3133   46  963          - 17111.4458      -   624  230s
   874   772 18806.1886  130  895          - 17112.4537      -   614  235s
   885   779 17113.1000   11  915          - 17113.1000      -   607  240s
   894   785 17113.2154   22  903          - 17113.2154      -   601  245s
   903   793 21044.2299  209  601          - 17113.2154      -   684  250s
   914   800 20973.1604  204  854          - 17113.2154      -   675  255s
   921   805 17710.6459   43  887          - 17113.2775      -   670  260s
   927   809 17807.2356   36  895          - 17113.3423      -   666  265s
   931   811 19997.7302  171  871          - 17113.4366      -   663  273s
   933   813 17114.0815   17  871          - 17114.0815      -   662  276s
   934   816 17188.8120   29  721          - 17118.0239      -   698  286s
   936   818 17192.1486   30  718          - 17142.6969      -   699  292s
   938   819 17294.8312   30  657          - 17144.2849      -   701  300s
   940   820 17212.3188   31  788          - 17155.5909      -   703  310s
   942   822 17407.2191   31  620          - 17156.5909      -   708  316s
   946   824 17312.6782   32  481          - 17175.9124      -   718  321s
   948   827 17233.0116   33  748          - 17180.5043      -   720  325s
   953   830 17266.0909   34  710          - 17196.8562      -   730  331s
   960   836 17269.8270   36  691          - 17197.7378      -   737  337s
   964   839 17276.6284   37  657          - 17197.7378      -   748  340s
   972   846 17282.7486   39  695          - 17197.7378      -   757  345s
   978   848 17370.0890   40  564          - 17197.7378      -   761  351s
   982   851 17301.8638   42  694          - 17197.7378      -   767  355s
   993   859 17308.7638   45  709          - 17197.7378      -   779  360s
  1005   867 17326.4188   47  697          - 17197.7378      -   788  367s
  1010   873 17326.2034   49  728          - 17197.7378      -   797  370s
  1023   882 17334.9318   52  697          - 17197.7378      -   801  377s
  1031   884 17343.7875   54  521          - 17197.7378      -   804  381s
  1045   896 17369.8413   59  489          - 17197.7378      -   815  388s
  1053   903 17420.1767   62  500          - 17197.7378      -   825  391s
  1062   908 17440.4450   64  501          - 17197.7378      -   828  395s
  1076   918 17696.4703   68  434          - 17197.7378      -   840  402s
  1087   933 17538.3207   71  467          - 17197.7378      -   842  406s
  1121   954 17567.3661   81  411          - 17197.7378      -   840  415s
  1153   975 17637.0456   90  511          - 17197.7378      -   839  422s
  1170   985 17666.5484   95  522          - 17197.7378      -   839  426s
  1185  1005 17673.4271   99  415          - 17197.7378      -   840  431s
  1210  1020 17802.2131  107  392          - 17197.7378      -   838  436s
  1234  1038 17823.7924  115  372          - 17197.7378      -   836  440s
  1260  1054 18111.4557  121  301          - 17197.7378      -   834  445s
  1316  1091 18036.6490  137  325          - 17197.7378      -   828  454s
  1342  1106 17998.5910  145  288          - 17197.7378      -   827  460s
  1366  1128 18035.9398  152  338          - 17197.7378      -   828  466s
  1396  1142 18109.8679  161  358          - 17197.7378      -   828  472s
  1420  1162 18153.0835  168  406          - 17197.7378      -   830  478s
  1448  1181 18225.1221  175  406          - 17197.7378      -   830  484s
  1476  1202 18268.1772  183  399          - 17197.7378      -   831  490s
  1506  1218 18296.8261  191  386          - 17197.7378      -   831  497s
  1538  1241 18331.5766  199  388          - 17197.7378      -   831  503s
  1572  1253 18709.4422  209  400          - 17197.7378      -   830  511s
  1599  1286 18570.4194  216  402          - 17197.7378      -   834  517s
  1641  1303 18733.1122  226  358          - 17197.7378      -   830  525s
  1674  1336 18760.9754  236  347          - 17197.7378      -   831  533s
  1724  1361 19162.0116  250  354          - 17197.7378      -   827  541s
  1768  1393 19062.6186  262  408          - 17197.7378      -   823  549s
  1825  1425 19162.3740  278  348          - 17197.7378      -   818  559s
  1878  1457 19310.0990  293  370          - 17197.7378      -   814  568s
  1929  1491 19357.7628  310  345          - 17197.7378      -   812  577s
  1986  1522 19463.7594  326  357          - 17197.7378      -   807  586s
  2048  1568 19786.6531  343  342          - 17197.7378      -   801  596s
  2123  1613 20054.5580  363  357          - 17197.7378      -   793  607s
  2196  1683 20208.8378  384  371          - 17197.7378      -   786  618s
  2296  1705 20815.4965  411  370          - 17197.9841      -   770  630s
  2376  1731 17330.5019   34  722          - 17197.9841      -   760  641s
  2428  1761 17378.7344   39  749          - 17197.9841      -   759  653s
  2476  1807 17446.5266   44  650          - 17197.9841      -   760  665s
  2540  1847 17487.1653   51  705          - 17197.9841      -   757  678s
  2601  1907 17635.0347   58  582          - 17197.9841      -   755  691s
  2681  1963 17692.1203   69  656          - 17197.9841      -   750  705s
  2764  2018 17766.5721   77  609          - 17197.9841      -   745  720s
  2847  2109 17827.3945   88  545          - 17197.9841      -   740  735s
  2965  2184 18114.9787  101  472          - 17197.9841      -   726  751s
  3080  2280 18198.9826  119  455          - 17197.9841      -   713  770s
  3214  2370 18332.7818  140  473          - 17197.9841      -   699  787s
  3349  2497 18516.1951  165  396          - 17197.9841      -   685  805s
  3523  2707 18639.3232  194  435          - 17197.9841      -   667  825s
  3750  2934 18776.5421  219  431          - 17197.9841      -   643  849s
  3875  2934 22374.5967  883  264          - 17197.9841      -   632  850s
  4034  2991 18889.9281  247  386          - 17197.9841      -   614  869s
  4061  2991 19316.1198  260  351          - 17197.9841      -   614  870s
  4095  3056 19235.3995  272  448          - 17197.9841      -   617  888s
  4164  3129 19778.7860  302  511          - 17197.9841      -   620  907s
  4255  3238 19917.3365  335  427          - 17197.9841      -   619  926s
  4364  3393 20024.9420  370  468          - 17197.9841      -   618  947s
  4519  3547 20717.1099  408  424          - 17197.9841      -   610  969s
  4542  3547 20814.8258  419  443          - 17197.9841      -   608  970s
  4679  3694 infeasible  443               - 17226.1708      -   602  994s
  4857  3754 17868.3242   48  706          - 17226.1708      -   592 1019s
  4951  3834 18064.1502   60  601          - 17226.1708      -   593 1042s
  5031  3951 18249.4356   90  489          - 17226.1708      -   595 1066s
  5148  4165 18403.2686  132  439          - 17226.1708      -   594 1096s
  5362  4451 18701.6029  214  439          - 17226.1708      -   583 1125s
  5650  4739 19080.0761  323  424          - 17226.1708      -   565 1156s
  5942  5280 19354.8778  482  386          - 17226.1708      -   548 1191s
  6487  5844 19881.9029  682  367          - 17226.1708      -   512 1229s
  6536  5844 20366.2208  709  337          - 17226.1708      -   511 1230s
  6968  5844 20927.7503  697  230          - 17226.1708      -   487 1235s
  7057  6684 20785.0572  820  330          - 17226.1708      -   482 1267s
  7315  6684 21456.8796 1016  196          - 17226.1708      -   469 1270s
  7870  6684 22108.1796 1100  161          - 17226.1708      -   442 1276s
  7936  6968 infeasible 1062               - 17245.3397      -   439 1305s
  8392  7007 17710.8853   37  777          - 17245.5738      -   426 1332s
  8431  7066 17865.3691   48  681          - 17245.5738      -   431 1355s
  8490  7138 18011.3875   59  749          - 17245.5738      -   436 1380s
  8562  7288 18245.0941   78  497          - 17245.5738      -   440 1407s
  8712  7578 18506.2268  157  476          - 17245.5738      -   441 1497s
  9002  7921 18741.7624  293  390          - 17245.5738      -   433 1529s
  9068  7921 18832.2641  346  541          - 17245.5738      -   431 1530s
  9347  8154 19076.1935  436  398          - 17261.3440      -   424 1560s
  9624  8329 17735.4536   37  795          - 17261.3440      -   420 1588s
  9801  8596 17922.5543   50  565          - 17261.3440      -   420 1617s
 10037  8596 20348.9909  827  241          - 17261.3440      -   416 1620s
 10070  8992 18067.8969   63  424          - 17261.3440      -   415 1650s
 10468  9268 18374.8172   95  488          - 17261.3440      -   406 1684s
 10495  9268 18444.8125  114  490          - 17261.3440      -   407 1685s
 10779  9418 18650.5933  140  548          - 17261.3440      -   401 1713s
 10889  9418 18925.7402  231  462          - 17261.3440      -   400 1715s
 10929  9681 18939.7761  247  476          - 17261.3440      -   402 1740s
 11192  9845 19344.2061  448  403          - 17261.3440      -   398 1770s
 11356 10107 19660.0336  534  431          - 17261.3440      -   397 1796s
 11618 10362 20157.6776  588  295          - 17261.3440      -   394 1824s
 11791 10362 18870.8027  222  390          - 17261.3440      -   391 1826s
 11873 10893 20402.6781  714  234          - 17261.3440      -   391 1856s
 12275 10893 21408.7277 1038  129          - 17261.3440      -   381 1860s
 12412 11229 21489.6837 1050  192          - 17266.4465      -   380 1889s
 12491 11229 21649.1486 1109  180          - 17266.4465      -   378 1890s
 12796 11432 17948.5052   37  775          - 17266.4465      -   374 1923s
 13001 11579 18029.2624   47  762          - 17266.4465      -   372 1950s
 13169 11804 18165.3981   60  552          - 17266.4465      -   372 1977s
 13406 11994 18355.2437   80  470          - 17266.4465      -   371 2003s
 13497 11994 22708.4044  781  229          - 17266.4465      -   370 2007s
 13658 12382 18650.6544  141  370          - 17266.4465      -   369 2032s
 13791 12382 18894.5305  256  424          - 17266.4465      -   367 2035s
 14046 12759 19022.1998  338  348          - 17266.4465      -   363 2062s
 14309 12759 18613.2583  249  374          - 17266.4465      -   359 2065s
 14425 13316 19730.9459  503  360          - 17269.0482      -   358 2097s
 14645 13316 20044.9494  688  235          - 17269.0482      -   353 2100s
 15004 13398 17713.7789   36  866          - 17269.0482      -   348 2126s
 15095 13604 17871.1856   46  720          - 17269.0482      -   350 2149s
 15313 14031 17965.1583   60  634          - 17269.0482      -   349 2179s
 15800 14081 18065.3244   69  503          - 17269.0482      -   343 2209s
 15874 14147 18201.9124   83  483          - 17269.0482      -   344 2230s
 15940 14253 18543.0000  105  397          - 17269.0482      -   346 2251s
 16048 14555 infeasible  152               - 17269.0482      -   346 2275s
 16352 14805 19291.3874  375  381          - 17269.0482      -   343 2301s
 16596 14805 18799.3940  252  485          - 17269.0482      -   341 2305s
 16610 15081 20057.3038  452  355          - 17269.0482      -   341 2328s
 16887 15081 19277.5375  362  289          - 17269.0482      -   339 2331s
 16890 15448 20797.8573  563  322          - 17269.0482      -   339 2356s
 17270 15448 19753.7858  414  410          - 17269.0482      -   334 2360s
 17282 15940 21736.5857  783  214          - 17270.3463      -   334 2391s
 17623 15940 24524.6248  989  206          - 17270.3463      -   330 2395s
 17882 16009 17791.3439   41  922          - 17270.3463      -   327 2419s
 17983 16038 18065.6521   48  620          - 17270.3463      -   328 2442s
 18012 16076 17979.5519   53  803          - 17270.3463      -   330 2464s
 18050 16128 18116.4509   62  719          - 17270.3463      -   332 2485s
 18102 16200 18268.1689   73  599          - 17270.3463      -   333 2506s
 18174 16337 18348.5805   90  579          - 17270.3463      -   334 2528s
 18311 16562 18550.3486  104  528          - 17270.3463      -   334 2552s
 18536 16820 18754.0655  117  435          - 17270.3463      -   332 2576s
 18794 17181 18847.1964  170  374          - 17270.3463      -   330 2601s
 19116 17181 19742.0337  640  464          - 17270.3463      -   327 2605s
 19159 17453 19215.1664  379  383          - 17270.3463      -   326 2629s
 19407 17453 19778.4467  683  506          - 17270.3463      -   324 2632s
 19451 17616 19692.5458  614  372          - 17270.3463      -   324 2653s
 19620 17698 20659.3106  745  407          - 17270.3463      -   323 2675s
 19702 17838 20870.1380  766  349          - 17270.3463      -   324 2698s
 19827 17838 18196.0974   63  742          - 17270.3463      -   323 2700s
 19842 18001 21146.7671  828  427          - 17270.3463      -   324 2724s
 19960 18001 21539.2041  901  265          - 17270.3463      -   323 2725s
 20005 18207 21662.8679  922  424          - 17270.3463      -   324 2748s
 20174 18207 22583.8016 1011  336          - 17270.3463      -   322 2750s
H20183 18114                    24538.710000 17270.3463  29.6%   322 2750s
 20229 18256 22770.5144 1022  164 24538.7100 17295.4918  29.5%   323 2776s
 20389 18309 17799.5774   40  900 24538.7100 17295.4918  29.5%   322 2800s
 20446 18399 18239.6863   55  724 24538.7100 17295.4918  29.5%   324 2822s
 20536 18503 18995.9045  101  535 24538.7100 17299.5323  29.5%   324 2851s
 20648 18544 17767.0990   32  684 24538.7100 17299.5323  29.5%   325 2877s
 20659 18544 19017.5493  172  406 24538.7100 17299.5323  29.5%   326 2906s
 20689 18646 18036.4011   43  643 24538.7100 17299.5323  29.5%   326 2929s
 20791 18849 18665.2398   97  445 24538.7100 17299.5323  29.5%   327 2953s
 20933 18849 19243.7487  239  423 24538.7100 17299.5323  29.5%   325 2955s
 20994 19204 19297.1916  258  424 24538.7100 17299.5323  29.5%   325 2981s
 21349 19460 19693.8556  575  441 24538.7100 17299.5323  29.5%   322 3008s
 21453 19460 21188.8289  678  363 24538.7100 17299.5323  29.5%   321 3010s
H21607 18724                    22662.850000 17299.5323  23.7%   320 3163s
 21651 18814 22391.3316  825  382 22662.8500 17300.7251  23.7%   320 3189s
 21759 18871 18100.0847   45  702 22662.8500 17300.7251  23.7%   321 3213s
 21816 18940 18299.8957   53  502 22662.8500 17300.7251  23.7%   322 3236s
 21885 19005 18312.2023   72  515 22662.8500 17300.7251  23.7%   324 3259s
 21950 19080 18461.8816   85  395 22662.8500 17300.7251  23.7%   325 3282s
 22025 19167 18662.8561  103  589 22662.8500 17300.7251  23.7%   326 3306s
 22112 19219 18744.5742  115  612 22662.8500 17300.7251  23.7%   327 3334s
 22164 19332 18854.4349  132  567 22662.8500 17300.7251  23.7%   328 3358s
 22277 19347 19077.9584  177  446 22662.8500 17300.7251  23.7%   329 3386s
 22292 19385 19080.2919  178  452 22662.8500 17300.7251  23.7%   329 3417s
 22330 19581 19125.5883  202  479 22662.8500 17300.7251  23.7%   329 3443s
 22528 19792 19377.3188  323  388 22662.8500 17300.7251  23.7%   328 3470s
 22747 19919 19668.5819  422  339 22662.8500 17300.7251  23.7%   327 3502s
 22874 20185 19803.4192  544  334 22662.8500 17300.7251  23.7%   325 3530s
 23152 20179 infeasible  709      22662.8500 17301.5637  23.7%   324 3562s
H23160 20167                    22654.200000 17301.5637  23.6%   324 3562s
 23162 20274 17957.2009   38  735 22654.2000 17301.5637  23.6%   324 3585s
 23285 20404 18807.0915   75  466 22654.2000 17301.5637  23.6%   325 3602s

Cutting planes:
  User: 6364
  Learned: 1
  Gomory: 49
  Cover: 701
  Implied bound: 47
  Projected implied bound: 2
  Clique: 6
  MIR: 563
  Flow cover: 1006
  Inf proof: 1
  Zero half: 32
  RLT: 530
  Relax-and-lift: 13
  Lazy constraints: 255

Explored 23415 nodes (7620753 simplex iterations) in 3604.06 seconds
Thread count was 2 (of 32 available processors)

Solution count 3: 22654.2 22662.8 24538.7 

Time limit reached
Best objective 2.265420000000e+04, best bound 1.730156374066e+04, gap 23.6276%

User-callback calls 351645, time in user-callback 272.88 sec
================================================================================
executing instance: ./input/Instances/Original/6/absH6high_1n20.dat
--------------------------------------------------------------------------------
Instance details
n	21
H	6
C	1651
Li:
[0, 0, 0, 0, 0, 0, 0, 0, 0, 0, 0, 0, 0, 0, 0, 0, 0, 0, 0, 0, 0, ]
Ui:
[0, 36, 182, 182, 90, 261, 117, 30, 110, 42, 276, 153, 40, 94, 144, 46, 129, 213, 264, 160, 174, ]
Distance matrix:
|0	371	401	343	361	341	370	115	392	400	79	266	292	245	355	431	265	194	95	92	348	|
|371	0	37	141	110	250	117	438	67	131	372	305	115	238	247	255	235	296	392	430	185	|
|401	37	0	175	100	284	146	472	90	156	406	342	152	275	280	282	242	333	415	455	178	|
|343	141	175	0	239	110	38	374	95	60	314	182	67	130	106	127	318	201	397	423	303	|
|361	110	100	239	0	341	222	451	177	240	385	374	190	304	341	361	151	345	354	398	78	|
|341	250	284	110	341	0	143	337	203	151	289	102	152	97	15	95	394	156	415	431	398	|
|370	117	146	38	222	143	0	407	61	30	346	220	81	167	137	139	317	237	417	447	292	|
|115	438	472	374	451	337	407	0	443	434	66	241	339	251	351	431	374	181	201	177	450	|
|392	67	90	95	177	203	61	443	0	66	379	275	104	216	197	193	294	283	427	461	252	|
|400	131	156	60	240	151	30	434	66	0	374	237	112	189	142	127	344	261	448	477	312	|
|79	372	406	314	385	289	346	66	379	374	0	202	275	197	304	383	316	134	175	166	388	|
|266	305	342	182	374	102	220	241	275	237	202	0	191	70	117	196	386	73	352	359	415	|
|292	115	152	67	190	152	81	339	104	112	275	191	0	123	154	193	252	183	336	366	246	|
|245	238	275	130	304	97	167	251	216	189	197	70	123	0	110	187	322	72	319	334	346	|
|355	247	280	106	341	15	137	351	197	142	304	117	154	110	0	80	399	171	427	444	400	|
|431	255	282	127	361	95	139	431	193	127	383	196	193	187	80	0	444	251	499	519	429	|
|265	235	242	318	151	394	317	374	294	344	316	386	252	322	399	444	0	332	226	273	97	|
|194	296	333	201	345	156	237	181	283	261	134	73	183	72	171	251	332	0	279	286	375	|
|95	392	415	397	354	415	417	201	427	448	175	352	336	319	427	499	226	279	0	47	321	|
|92	430	455	423	398	431	447	177	461	477	166	359	366	334	444	519	273	286	47	0	368	|
|348	185	178	303	78	398	292	450	252	312	388	415	246	346	400	429	97	375	321	368	0	|

--------------------------------------------------------------------------------
Building model...
	using lazy and cut (CVRPSEP package)
Solving IRP LP...
--------------------------------------------------------------------------------

Gurobi 9.1.0 (linux64) logging started Sun Jan 10 14:08:14 2021

Gurobi Optimizer version 9.1.0 build v9.1.0rc0 (linux64)
Thread count: 32 physical cores, 32 logical processors, using up to 2 threads
Optimize a model with 2733 rows, 7677 columns and 30549 nonzeros
Model fingerprint: 0x40637496
Variable types: 747 continuous, 6930 integer (630 binary)
Coefficient statistics:
  Matrix range     [1e+00, 3e+02]
  Objective range  [1e-01, 5e+02]
  Bounds range     [1e+00, 3e+02]
  RHS range        [1e+01, 3e+03]
Presolve removed 183 rows and 24 columns
Presolve time: 0.07s
Presolved: 2550 rows, 7653 columns, 30079 nonzeros
Variable types: 726 continuous, 6927 integer (6327 binary)

Root relaxation: objective 1.421555e+04, 2629 iterations, 0.11 seconds

    Nodes    |    Current Node    |     Objective Bounds      |     Work
 Expl Unexpl |  Obj  Depth IntInf | Incumbent    BestBd   Gap | It/Node Time

     0     0 14215.5520    0  214          - 14215.5520      -     -    0s
     0     0 14446.2340    0  317          - 14446.2340      -     -    0s
     0     0 14468.2256    0  297          - 14468.2256      -     -    0s
     0     0 14472.5430    0  300          - 14472.5430      -     -    0s
     0     0 14472.5430    0  303          - 14472.5430      -     -    0s
     0     0 14693.4767    0  340          - 14693.4767      -     -    1s
     0     0 14737.9394    0  307          - 14737.9394      -     -    1s
     0     0 14742.8661    0  350          - 14742.8661      -     -    1s
     0     0 14746.6291    0  388          - 14746.6291      -     -    1s
     0     0 14747.4611    0  345          - 14747.4611      -     -    1s
     0     0 14748.1302    0  340          - 14748.1302      -     -    1s
     0     0 14748.1302    0  345          - 14748.1302      -     -    1s
     0     0 14884.7709    0  424          - 14884.7709      -     -    2s
     0     0 15049.9220    0  493          - 15049.9220      -     -    3s
     0     0 15067.2844    0  489          - 15067.2844      -     -    3s
     0     0 15068.2338    0  498          - 15068.2338      -     -    3s
     0     0 15069.2519    0  489          - 15069.2519      -     -    3s
     0     0 15069.3031    0  500          - 15069.3031      -     -    3s
     0     0 15169.3722    0  497          - 15169.3722      -     -    4s
     0     0 15200.0293    0  566          - 15200.0293      -     -    5s
     0     0 15208.3322    0  578          - 15208.3322      -     -    5s
     0     0 15210.7959    0  557          - 15210.7959      -     -    5s
     0     0 15210.9122    0  546          - 15210.9122      -     -    5s
     0     0 15250.7691    0  560          - 15250.7691      -     -    6s
     0     0 15266.0568    0  571          - 15266.0568      -     -    6s
     0     0 15270.1068    0  555          - 15270.1068      -     -    6s
     0     0 15270.3421    0  595          - 15270.3421      -     -    7s
     0     0 15284.0099    0  548          - 15284.0099      -     -    7s
     0     0 15301.4473    0  504          - 15301.4473      -     -    7s
     0     0 15316.7520    0  572          - 15316.7520      -     -    8s
     0     0 15331.5759    0  520          - 15331.5759      -     -    8s
     0     0 15336.7034    0  530          - 15336.7034      -     -    8s
     0     0 15339.3536    0  615          - 15339.3536      -     -    9s
     0     0 15341.1266    0  594          - 15341.1266      -     -    9s
     0     0 15341.6655    0  549          - 15341.6655      -     -    9s
     0     0 15346.5302    0  596          - 15346.5302      -     -    9s
     0     0 15347.5049    0  594          - 15347.5049      -     -    9s
     0     0 15352.8414    0  622          - 15352.8414      -     -   10s
     0     0 15352.8414    0  491          - 15352.8414      -     -   10s
     0     2 15354.6364    0  448          - 15354.6364      -     -   11s
    24    27 15378.8956    7  503          - 15354.6364      -   682   15s
    32    35 15655.1435    9  509          - 15354.6364      -  1098   20s
    54    58 16161.1219   13  503          - 15354.6364      -  1140   25s
    77    76 16118.9580   21  586          - 15354.6364      -  1108   30s
   101   104 16202.7197   31  557          - 15354.6364      -  1047   35s
   120   116 16560.5672   38  582          - 15354.6364      -  1043   40s
   132   127 15477.0798    4  593          - 15354.6364      -  1074   46s
   155   153 15484.7742    8  618          - 15354.6364      -  1078   51s
   182   180 15579.2106   14  564          - 15354.6364      -  1024   55s
   245   251 15737.0211   22  597          - 15354.6364      -   861   61s
   307   302 17711.3031  104  297          - 15354.6364      -   748   65s
   387   404 16072.4596   40  496          - 15354.6364      -   646   70s
   529   502 16168.1662   46  558          - 15354.6364      -   517   76s
   540   511 16287.9528   50  465          - 15354.6364      -   523   80s
   567   534 16527.5954   57  417          - 15354.6364      -   540   85s
   592   565 17041.7564   67  389          - 15354.6364      -   552   91s
   615   589 17253.9816   77  377          - 15354.6364      -   556   95s
   645   626 17714.4452   89  386          - 15354.6364      -   557  100s
   691   674 18291.4923  114  374          - 15354.6364      -   546  105s
   733   693 17657.2484   93  491          - 15354.6364      -   544  110s
   742   699 15579.2220   15  633          - 15386.7266      -   538  115s
   762   712 18338.0057  121  713          - 15458.5684      -   523  120s
   780   724 16484.6686   57  643          - 15493.6407      -   511  125s
   799   737 18826.3713  131  711          - 15498.2038      -   499  130s
   817   749 17323.8148   78  743          - 15503.7953      -   488  135s
   829   757 15510.1318    8  690          - 15510.1318      -   481  140s
   847   769 19592.2507  163  694          - 15517.7358      -   471  145s
   868   783 20923.7299  209  692          - 15520.4555      -   460  150s
   889   798 17152.2987   94  244          - 15520.8538      -   516  155s
   898   804 20943.4224  211  695          - 15520.8538      -   511  160s
   920   819 17546.0167  100  697          - 15523.8581      -   499  165s
   932   827 17992.5945  102  713          - 15524.1949      -   492  170s
   938   831 20700.0233  200  743          - 15524.2983      -   489  176s
   941   836 15533.1977   26  704          - 15526.0518      -   518  185s
   943   837 15538.2870   27  662          - 15536.2346      -   519  190s
   945   839 15664.8661   27  596          - 15538.9470      -   521  196s
   949   841 15561.7392   28  573          - 15539.9119      -   523  200s
   956   847 15558.5391   30  554          - 15554.1132      -   533  205s
   965   854 15575.8311   33  592          - 15561.7498      -   544  211s
   976   861 15609.0123   36  639          - 15561.7498      -   554  217s
   985   867 15646.7292   38  594          - 15561.7498      -   563  220s
   999   880 15831.1123   41  528          - 15561.7498      -   578  226s
  1019   895 15731.0483   46  590          - 15561.7498      -   587  231s
  1033   900 15883.6672   50  540          - 15561.7498      -   598  236s
  1043   909 15936.1398   53  536          - 15561.7498      -   607  240s
  1071   935 16003.1983   61  562          - 15561.7498      -   616  246s
  1100   951 16049.1469   68  460          - 15561.7498      -   617  251s
  1126   967 16083.1021   75  485          - 15561.7498      -   619  256s
  1147   979 16115.4913   81  497          - 15561.7498      -   630  261s
  1167  1003 16165.2605   86  475          - 15561.7498      -   637  267s
  1185  1011 16197.2103   91  495          - 15561.7498      -   639  270s
  1216  1030 16246.3127   98  510          - 15561.7498      -   640  276s
  1249  1060 16263.9881  106  553          - 15561.7498      -   643  282s
  1272  1076 16286.8592  111  527          - 15561.7498      -   641  285s
  1325  1098 16439.9258  120  507          - 15561.7498      -   635  293s
  1345  1115 16321.5756  126  509          - 15561.7498      -   635  296s
  1370  1130 16358.5706  133  544          - 15561.7498      -   634  300s
  1417  1162 16432.2018  145  537          - 15561.7498      -   634  308s
  1441  1180 16461.4280  151  494          - 15561.7498      -   635  313s
  1469  1195 16481.6688  157  508          - 15561.7498      -   635  317s
  1505  1217 16502.4740  163  479          - 15561.7498      -   632  321s
  1539  1240 17024.7450  170  497          - 15561.7498      -   632  326s
  1575  1259 17092.0222  178  519          - 15561.7498      -   630  331s
  1610  1282 17130.9613  186  506          - 15561.7498      -   628  336s
  1647  1310 17161.3783  196  507          - 15561.7498      -   627  342s
  1687  1332 17259.2810  205  500          - 15561.7498      -   625  347s
  1725  1356 17399.0905  214  494          - 15561.7498      -   624  352s
  1761  1385 17460.6074  223  492          - 15561.7498      -   624  358s
  1802  1404 17536.0789  233  445          - 15561.7498      -   623  364s
  1835  1433 17599.1955  241  477          - 15561.7498      -   625  370s
  1877  1459 17649.1624  252  418          - 15561.7498      -   624  376s
  1919  1489 17855.5469  264  434          - 15561.7498      -   623  383s
  1965  1507 17992.4245  275  424          - 15561.7498      -   621  389s
  2000  1544 18204.6660  284  399          - 15561.7498      -   624  397s
