




arguments: ./build/bc_mirp -f ./input/orig_exec_116.cfg
Current dir: /scratch/gui/bc_mirp
File verbosity level: 9
date       time         ( uptime  ) [ thread name/id ]                   file:line     v| 
2021-02-07 17:04:11.876 (   0.043s) [main thread     ]             loguru.cpp:789   INFO| Logging to './output/vi_vc+qua/OU/V3/Original/execution_07_02_2021_17_04_11.log', mode: 'a', verbosity: 9
--------------------------------------------------------------------------------
Parameters
                           instance_path           ./input/Instances/Original/3/
                            model_policy                                       1
                             nb_vehicles                                       3
                              output_dir      ./output/vi_vc+qua/OU/V3/Original/
                            sec_strategy                                       1
                       solver_nb_threads                                       2
                         solver_show_log                                    true
                       solver_time_limit                                    3600
                              use_vi_cos                                   false
                              use_vi_cus                                   false
                         use_vi_hc1_full                                   false
                         use_vi_hc1_half                                   false
                      use_vi_hc1_quarter                                   false
                              use_vi_hc2                                   false
                              use_vi_hc3                                   false
                         use_vi_lex_full                                   false
                         use_vi_lex_half                                   false
                      use_vi_lex_quarter                                   false
                              use_vi_qua                                    true
                               use_vi_vc                                    true
                               use_vi_vr                                   false
--------------------------------------------------------------------------------
executing instance: ./input/Instances/Original/3/absH3low_2n5.dat
--------------------------------------------------------------------------------
Instance details
n	6
H	3
C	237
Li:
[0, 0, 0, 0, 0, 0, ]
Ui:
[0, 93, 180, 51, 114, 24, ]
Distance matrix:
|0	170	318	35	112	235	|
|170	0	311	205	258	301	|
|318	311	0	326	278	137	|
|35	205	326	0	89	230	|
|112	258	278	89	0	160	|
|235	301	137	230	160	0	|

--------------------------------------------------------------------------------
Building model...
	using lazy and cut (CVRPSEP package)
Solving IRP LP...
--------------------------------------------------------------------------------

Gurobi 9.1.0 (linux64) logging started Sun Feb  7 17:04:12 2021

Gurobi Optimizer version 9.1.0 build v9.1.0rc0 (linux64)
Thread count: 32 physical cores, 32 logical processors, using up to 2 threads
Optimize a model with 192 rows, 258 columns and 930 nonzeros
Model fingerprint: 0x5c493f2f
Variable types: 69 continuous, 189 integer (54 binary)
Coefficient statistics:
  Matrix range     [1e+00, 2e+02]
  Objective range  [1e-02, 3e+02]
  Bounds range     [1e+00, 2e+02]
  RHS range        [1e+00, 5e+02]
Presolve removed 55 rows and 53 columns
Presolve time: 0.01s
Presolved: 137 rows, 205 columns, 706 nonzeros
Variable types: 38 continuous, 167 integer (119 binary)

Root relaxation: objective 9.396674e+02, 296 iterations, 0.01 seconds

    Nodes    |    Current Node    |     Objective Bounds      |     Work
 Expl Unexpl |  Obj  Depth IntInf | Incumbent    BestBd   Gap | It/Node Time

     0     0  939.66743    0   37          -  939.66743      -     -    0s
H    0     0                    2425.5900000  939.66743  61.3%     -    0s
H    0     0                    1882.5200000  939.66743  50.1%     -    0s
H    0     0                    1858.5200000  939.66743  49.4%     -    0s
     0     0 1362.62744    0   46 1858.52000 1362.62744  26.7%     -    0s
H    0     0                    1778.8300000 1362.62744  23.4%     -    0s
     0     0 1487.56208    0   53 1778.83000 1487.56208  16.4%     -    0s
     0     0 1500.44334    0   69 1778.83000 1500.44334  15.6%     -    0s
     0     0 1501.81332    0   65 1778.83000 1501.81332  15.6%     -    0s
     0     0 1552.06109    0   38 1778.83000 1552.06109  12.7%     -    0s
     0     0 1599.54345    0   66 1778.83000 1599.54345  10.1%     -    0s
     0     0 1603.87605    0   59 1778.83000 1603.87605  9.84%     -    0s
     0     0 1605.55540    0   68 1778.83000 1605.55540  9.74%     -    0s
     0     0 1605.55840    0   68 1778.83000 1605.55840  9.74%     -    0s
     0     0 1617.00171    0   81 1778.83000 1617.00171  9.10%     -    0s
     0     0 1620.85550    0   90 1778.83000 1620.85550  8.88%     -    0s
     0     0 1621.10540    0   86 1778.83000 1621.10540  8.87%     -    0s
     0     0 1650.43292    0   74 1778.83000 1650.43292  7.22%     -    0s
H    0     0                    1720.8300000 1650.43292  4.09%     -    0s
     0     0 1653.83111    0   74 1720.83000 1653.83111  3.89%     -    0s
     0     0 1654.25889    0   74 1720.83000 1654.25889  3.87%     -    0s
     0     0 1663.49946    0   72 1720.83000 1663.49946  3.33%     -    0s
     0     0 1663.49946    0   16 1720.83000 1663.49946  3.33%     -    0s
     0     0 1663.49946    0   52 1720.83000 1663.49946  3.33%     -    0s
     0     0 1665.14692    0   48 1720.83000 1665.14692  3.24%     -    0s
     0     0 1668.37366    0   55 1720.83000 1668.37366  3.05%     -    0s
     0     0 1668.95025    0   59 1720.83000 1668.95025  3.01%     -    0s
     0     0 1669.01506    0   58 1720.83000 1669.01506  3.01%     -    0s
     0     0 1690.23346    0   39 1720.83000 1690.23346  1.78%     -    0s
     0     0 1692.94349    0   41 1720.83000 1692.94349  1.62%     -    0s
     0     0 1693.28110    0   44 1720.83000 1693.28110  1.60%     -    0s
     0     0 1693.31761    0   43 1720.83000 1693.31761  1.60%     -    0s
     0     0 1698.33000    0    2 1720.83000 1698.33000  1.31%     -    0s
     0     0 1705.30608    0   45 1720.83000 1705.30608  0.90%     -    0s
     0     0 1716.44503    0   23 1720.83000 1716.44503  0.25%     -    0s
     0     0 1717.71079    0   23 1720.83000 1717.71079  0.18%     -    0s
     0     0     cutoff    0      1720.83000 1720.83000  0.00%     -    0s

Cutting planes:
  Cover: 13
  Implied bound: 7
  MIR: 5
  Flow cover: 21
  Network: 3
  RLT: 9
  Relax-and-lift: 5

Explored 1 nodes (1397 simplex iterations) in 0.19 seconds
Thread count was 2 (of 32 available processors)

Solution count 5: 1720.83 1778.83 1858.52 ... 2425.59

Optimal solution found (tolerance 1.00e-04)
Best objective 1.720830000000e+03, best bound 1.720830000000e+03, gap 0.0000%

User-callback calls 303, time in user-callback 0.01 sec
================================================================================
executing instance: ./input/Instances/Original/3/absH3high_5n30.dat
--------------------------------------------------------------------------------
Instance details
n	31
H	3
C	2296
Li:
[0, 0, 0, 0, 0, 0, 0, 0, 0, 0, 0, 0, 0, 0, 0, 0, 0, 0, 0, 0, 0, 0, 0, 0, 0, 0, 0, 0, 0, 0, 0, ]
Ui:
[0, 80, 90, 297, 28, 264, 123, 192, 112, 32, 72, 88, 294, 129, 126, 105, 110, 237, 246, 92, 72, 147, 54, 96, 128, 96, 84, 28, 74, 196, 192, ]
Distance matrix:
|0	87	302	65	389	171	219	120	412	339	129	63	169	401	383	158	393	161	246	275	64	287	345	235	13	274	106	201	85	358	135	|
|87	0	334	128	402	212	301	204	465	384	187	145	232	424	454	238	475	245	289	352	80	307	352	321	81	352	20	261	170	376	215	|
|302	334	0	239	113	132	237	334	157	70	404	263	162	105	227	229	339	251	65	217	259	53	107	352	293	220	339	134	270	75	235	|
|65	128	239	0	330	107	175	130	348	275	174	40	107	339	326	114	351	125	181	224	58	228	290	222	58	224	143	138	65	297	92	|
|389	402	113	330	0	226	349	438	210	151	502	360	269	48	316	339	441	362	175	328	335	102	55	465	377	330	401	245	371	37	342	|
|171	212	132	107	226	0	169	214	253	173	276	134	64	233	261	130	326	153	77	188	133	125	192	264	162	190	220	68	145	193	125	|
|219	301	237	175	349	169	0	157	257	223	244	157	105	334	180	62	175	61	177	63	233	264	334	118	221	61	317	112	136	312	85	|
|120	204	334	130	438	214	157	0	402	348	88	90	173	438	336	115	307	100	269	220	172	338	406	122	130	218	224	204	69	403	101	|
|412	465	157	348	210	253	257	402	0	88	486	359	245	166	129	287	266	303	178	204	386	208	239	370	406	207	473	212	354	187	304	|
|339	384	70	275	151	173	223	348	88	0	427	291	179	120	166	234	290	254	96	187	306	123	166	342	332	190	391	145	291	119	247	|
|129	187	404	174	502	276	244	88	486	427	0	142	248	508	424	200	390	187	342	308	193	400	464	192	142	306	207	281	136	469	182	|
|63	145	263	40	360	134	157	90	359	291	142	0	114	366	321	95	331	99	202	212	90	258	323	186	65	211	163	148	27	327	72	|
|169	232	162	107	269	64	105	173	245	179	248	114	0	266	222	71	268	94	97	131	155	173	244	203	164	132	245	34	113	233	73	|
|401	424	105	339	48	233	334	438	166	120	508	366	266	0	280	332	409	355	169	305	353	117	96	452	391	308	425	237	374	49	339	|
|383	454	227	326	316	261	180	336	129	166	424	321	222	280	0	231	137	238	208	116	376	277	331	272	381	118	467	197	307	285	253	|
|158	238	229	114	339	130	62	115	287	234	200	95	71	332	231	0	238	23	164	118	171	243	314	134	159	117	255	95	77	302	23	|
|393	475	339	351	441	326	175	307	266	290	390	331	268	409	137	238	0	232	300	138	408	383	445	204	395	136	492	258	308	406	260	|
|161	245	251	125	362	153	61	100	303	254	187	99	94	355	238	23	232	0	187	123	183	267	338	111	164	121	262	117	77	325	34	|
|246	289	65	181	175	77	177	269	178	96	342	202	97	169	208	164	300	187	0	168	210	87	157	290	238	171	296	70	206	138	170	|
|275	352	217	224	328	188	63	220	204	187	308	212	131	305	116	118	138	123	168	0	279	255	322	166	275	3	367	120	195	291	141	|
|64	80	259	58	335	133	233	172	386	306	193	90	155	353	376	171	408	183	210	279	0	236	289	276	51	279	90	182	117	307	150	|
|287	307	53	228	102	125	264	338	208	123	400	258	173	117	277	243	383	267	87	255	236	0	71	374	276	257	308	153	270	71	245	|
|345	352	107	290	55	192	334	406	239	166	464	323	244	96	331	314	445	338	157	322	289	71	0	445	334	325	350	224	337	54	315	|
|235	321	352	222	465	264	118	122	370	342	192	186	203	452	272	134	204	111	290	166	276	374	445	0	243	164	341	221	159	428	142	|
|13	81	293	58	377	162	221	130	406	332	142	65	164	391	381	159	395	164	238	275	51	276	334	243	0	274	100	196	89	347	136	|
|274	352	220	224	330	190	61	218	207	190	306	211	132	308	118	117	136	121	171	3	279	257	325	164	274	0	367	122	194	294	140	|
|106	20	339	143	401	220	317	224	473	391	207	163	245	425	467	255	492	262	296	367	90	308	350	341	100	367	0	272	188	377	232	|
|201	261	134	138	245	68	112	204	212	145	281	148	34	237	197	95	258	117	70	120	182	153	224	221	196	122	272	0	146	208	103	|
|85	170	270	65	371	145	136	69	354	291	136	27	113	374	307	77	308	77	206	195	117	270	337	159	89	194	188	146	0	337	54	|
|358	376	75	297	37	193	312	403	187	119	469	327	233	49	285	302	406	325	138	291	307	71	54	428	347	294	377	208	337	0	306	|
|135	215	235	92	342	125	85	101	304	247	182	72	73	339	253	23	260	34	170	141	150	245	315	142	136	140	232	103	54	306	0	|

--------------------------------------------------------------------------------
Building model...
	using lazy and cut (CVRPSEP package)
Solving IRP LP...
--------------------------------------------------------------------------------

Gurobi 9.1.0 (linux64) logging started Sun Feb  7 17:04:12 2021

Gurobi Optimizer version 9.1.0 build v9.1.0rc0 (linux64)
Thread count: 32 physical cores, 32 logical processors, using up to 2 threads
Optimize a model with 967 rows, 4858 columns and 12130 nonzeros
Model fingerprint: 0x8c1f61a2
Variable types: 394 continuous, 4464 integer (279 binary)
Coefficient statistics:
  Matrix range     [1e+00, 8e+02]
  Objective range  [1e-01, 5e+02]
  Bounds range     [1e+00, 3e+02]
  RHS range        [1e+00, 4e+03]
Presolve removed 274 rows and 121 columns
Presolve time: 0.08s
Presolved: 693 rows, 4737 columns, 11060 nonzeros
Variable types: 242 continuous, 4495 integer (4209 binary)

Root relaxation: objective 8.907571e+03, 878 iterations, 0.02 seconds

    Nodes    |    Current Node    |     Objective Bounds      |     Work
 Expl Unexpl |  Obj  Depth IntInf | Incumbent    BestBd   Gap | It/Node Time

     0     0 8907.57081    0  101          - 8907.57081      -     -    0s
     0     0 9197.60720    0   60          - 9197.60720      -     -    0s
     0     0 9690.01778    0  130          - 9690.01778      -     -    0s
     0     0 9696.65130    0  128          - 9696.65130      -     -    0s
     0     0 9696.69340    0  125          - 9696.69340      -     -    0s
     0     0 9805.16936    0  202          - 9805.16936      -     -    0s
     0     0 9807.40137    0  223          - 9807.40137      -     -    0s
     0     0 9807.61431    0  229          - 9807.61431      -     -    0s
     0     0 9879.25076    0  208          - 9879.25076      -     -    0s
     0     0 9883.21467    0  242          - 9883.21467      -     -    0s
     0     0 9885.70367    0  222          - 9885.70367      -     -    0s
     0     0 9885.78940    0  231          - 9885.78940      -     -    0s
     0     0 9908.61959    0  256          - 9908.61959      -     -    0s
     0     0 9909.07184    0  251          - 9909.07184      -     -    0s
     0     0 9913.25100    0  268          - 9913.25100      -     -    0s
     0     0 9914.93298    0  238          - 9914.93298      -     -    1s
     0     2 9922.90910    0  282          - 9922.90910      -     -    1s
   316   356 12960.7075  146   36          - 9932.70828      -  88.7    5s
   637   618 10369.9062   16  164          - 9933.98648      -  87.4   10s
   745   714 10367.9614   24  396          - 10028.3382      -  96.5   15s
   773   733 10775.4802   30  355          - 10043.9572      -  93.0   20s
   799   751 13045.2714  159  362          - 10045.8171      -   103   25s
   815   762 12051.5303  131  399          - 10047.6961      -   101   30s
   837   783 10059.6888   27  343          - 10059.6888      -   114   35s
   980   885 10165.9602   52  311          - 10067.2594      -   131   40s
  1175  1034 10461.1140   85   86          - 10067.2594      -   137   45s
  1410  1206 10675.2011  148  108          - 10067.2594      -   133   50s
  1625  1307 10939.6434  223  111          - 10067.2594      -   134   55s
  1811  1441 11310.8489  296  105          - 10067.2594      -   136   60s
  1942  1538 12180.9580  344   81          - 10067.2594      -   135   65s
* 2173  1658             443    13943.200000 10086.8592  27.7%   129   69s
* 2289  1573             501    13757.680000 10086.8592  26.7%   124   69s
  2313  1521 10276.1886   29  370 13757.6800 10086.8592  26.7%   124   71s
  2386  1554 10290.7536   40  304 13757.6800 10086.8592  26.7%   125   76s
  2508  1686 10529.3171   71  134 13757.6800 10086.8592  26.7%   123   81s
  2732  1904 10981.9489  245  102 13757.6800 10086.8592  26.7%   117   85s
  2986  2061 12098.8992  355   74 13757.6800 10086.8592  26.7%   111   90s
  3242  2249 10103.3696   31  227 13757.6800 10087.1386  26.7%   105   96s
  3337  2433 10247.6753   38  291 13757.6800 10087.1386  26.7%   105  100s
  3646  2877 10694.3240  161   86 13757.6800 10087.1386  26.7%   100  105s
  4142  3060 infeasible  197      13757.6800 10089.9843  26.7%  91.1  110s
  4246  3220 10689.7925   90  129 13757.6800 10089.9843  26.7%  92.8  117s
  4522  3670 12272.3332  256   73 13757.6800 10090.0615  26.7%  90.0  122s
  4810  3725 10382.4379   32  154 13757.6800 10096.7824  26.6%  86.3  125s
  4921  3777 10200.9083   37  341 13757.6800 10099.5036  26.6%  87.6  136s
  4997  3917 10370.7637   44  282 13757.6800 10099.5036  26.6%  88.1  141s
  5170  4167 10667.3089   75  100 13757.6800 10099.5036  26.6%  88.3  146s
  5351  4375 10957.8098  157   83 13757.6800 10099.5036  26.6%  87.4  151s
  5625  4537 12075.9152  240   71 13757.6800 10111.4964  26.5%  84.3  155s
  5893  4846 11421.4450   98   58 13757.6800 10111.8154  26.5%  83.8  161s
  6179  4964 11230.9457   89   62 13757.6800 10113.0793  26.5%  82.2  165s
  6430  5157     cutoff  170      13757.6800 10119.7648  26.4%  81.7  171s
  6616  5337 12425.3067  199    7 13757.6800 10121.0807  26.4%  81.3  175s
  6810  5962 10577.0925   71  130 13757.6800 10121.0807  26.4%  82.7  183s
  7349  6009 11726.1183  283   22 13757.6800 10128.3403  26.4%  79.0  188s
  7435  6159 10495.4100   40  386 13757.6800 10129.3813  26.4%  79.6  192s
  7595  6321 11262.5847   83  119 13757.6800 10131.3081  26.4%  79.5  196s
  7771  6325 10490.4034   43  175 13757.6800 10131.3081  26.4%  79.5  202s
  7775  6596 10540.0198   45  232 13757.6800 10134.0541  26.3%  79.5  206s
  8095  6709 infeasible  142      13757.6800 10134.2115  26.3%  78.4  210s
  8391  6910 12305.1696  242   11 13757.6800 10134.2411  26.3%  77.9  215s
  8762  7400 10381.4781   30  335 13757.6800 10137.7701  26.3%  76.5  223s
  8976  7476 10705.1166   52  108 13757.6800 10137.7701  26.3%  76.2  227s
  9053  7917 10779.3037   76   13 13757.6800 10139.1041  26.3%  76.4  232s
  9529  8220 11055.8384   80   58 13757.6800 10139.6012  26.3%  74.1  236s
  9846  8370 10395.8083   36  146 13757.6800 10139.6012  26.3%  73.1  241s
 10010  8606 10469.3734   50  152 13757.6800 10139.6012  26.3%  73.1  245s
 10327  8760 10805.0037  108   24 13757.6800 10139.6012  26.3%  73.1  250s
 10478  9100 10765.3390  170   31 13757.6800 10142.1055  26.3%  73.4  255s
 10986  9452 10364.5485   35  189 13757.6800 10143.2425  26.3%  72.4  264s
 11218  9461 11950.0710  203   31 13757.6800 10143.2425  26.3%  71.7  265s
 11506  9781 12387.9592  211   38 13757.6800 10147.2717  26.2%  71.3  272s
 11602  9814 infeasible  213      13757.6800 10150.0922  26.2%  71.6  275s
 11711 10076 11115.2107  104  183 13757.6800 10150.1334  26.2%  72.8  282s
 11928 10146 10392.6704   29  208 13757.6800 10150.1334  26.2%  72.5  286s
 11998 10372 11215.1513   62   72 13757.6800 10150.3563  26.2%  73.1  291s
 12293 10453 infeasible  158      13757.6800 10151.3760  26.2%  72.4  295s
 12582 10661 12748.3546  160   15 13757.6800 10152.4818  26.2%  72.5  300s
 12970 11026 infeasible  273      13757.6800 10160.7203  26.1%  71.5  308s
 13035 11103 10668.5606   52  159 13757.6800 10160.8358  26.1%  72.0  311s
 13116 11238 11149.4918  101   83 13757.6800 10163.5965  26.1%  72.4  315s
 13265 11440 10492.5065   47  229 13757.6800 10163.5965  26.1%  72.3  320s
 13494 11631 11012.5389   59  154 13757.6800 10168.0429  26.1%  71.7  325s
 13816 11990     cutoff  131      13757.6800 10168.6957  26.1%  72.2  333s
 14106 12160 10480.2274   42  164 13757.6800 10170.3392  26.1%  71.5  338s
 14300 12273 13711.6800  149    - 13757.6800 10173.9245  26.0%  71.3  342s
 14424 12291     cutoff  149      13757.6800 10181.7202  26.0%  71.6  345s
 14573 12537 11132.2030  158   76 13757.6800 10182.2170  26.0%  71.7  350s
 14829 12741 11611.4038  183   24 13757.6800 10183.2009  26.0%  70.9  355s
 14951 12748 13724.6000  260    - 13757.6800 10183.3134  26.0%  70.9  362s
 14960 12791     cutoff  261      13757.6800 10184.7373  26.0%  70.9  366s
 15006 12793 10910.1808   50  162 13757.6800 10184.7373  26.0%  71.5  371s
 15008 12988 10940.0415   51  171 13757.6800 10184.9797  26.0%  71.5  375s
 15214 13259 10504.9117   44  207 13757.6800 10184.9797  26.0%  71.5  380s
 15536 13436 10824.2371   84  134 13757.6800 10185.8281  26.0%  70.9  385s
 15916 13694 10623.6870   46  133 13757.6800 10188.0891  25.9%  70.7  393s
 16016 13832 12127.0963  128   73 13757.6800 10189.8123  25.9%  71.0  397s
*16168 13935             184    13735.920000 10193.0969  25.8%  71.0  401s
*16169 13864             182    13630.320000 10193.0969  25.2%  71.0  401s
 16291 14010 10586.7950   46  179 13630.3200 10193.7983  25.2%  71.2  406s
 16448 14138 10485.0055   26  302 13630.3200 10193.7983  25.2%  71.3  410s
 16592 14379 10958.4729   49  251 13630.3200 10194.6277  25.2%  71.4  415s
 16931 14707 11056.0999   67  199 13630.3200 10195.5133  25.2%  71.5  423s
 17215 14823 10363.6397   33  300 13630.3200 10195.7596  25.2%  71.1  428s
 17333 15070 11000.7016   61  196 13630.3200 10196.2038  25.2%  71.3  432s
*17551 11036             136    11861.050000 10199.3264  14.0%  70.8  433s
 17623 11015     cutoff  253      11861.0500 10199.3482  14.0%  70.8  437s
 17726 11149 10665.6340   56  208 11861.0500 10199.8030  14.0%  71.1  441s
 17880 11290 10446.2508   32  224 11861.0500 10200.1895  14.0%  71.3  445s
 18041 11406 10307.0903   48  302 11861.0500 10200.1985  14.0%  71.5  450s
 18242 11679 10816.1807   47  116 11861.0500 10200.4351  14.0%  72.0  458s
 18479 11864 10454.4387   35  328 11861.0500 10201.0056  14.0%  71.9  463s
 18692 11971 10518.8265   40  278 11861.0500 10201.1583  14.0%  71.9  467s
 18801 12054 infeasible  128      11861.0500 10201.4496  14.0%  72.1  471s
 18918 12132 10619.5828   48  299 11861.0500 10201.7569  14.0%  72.4  475s
 18996 12253 11295.5734   94   90 11861.0500 10201.7680  14.0%  72.7  480s
 19176 12337 10597.8586   49  155 11861.0500 10201.9443  14.0%  73.3  487s
 19230 12456 10676.6798   67   57 11861.0500 10201.9443  14.0%  73.8  491s
 19355 12581 10775.5202  114   72 11861.0500 10202.3490  14.0%  74.2  495s
 19500 12694 10834.8056   59  268 11861.0500 10202.3490  14.0%  74.6  500s
 19702 12777 11107.6343   63  165 11861.0500 10203.2089  14.0%  74.7  505s
 19828 12911 10578.9041   40  247 11861.0500 10203.8910  14.0%  75.0  512s
 19907 13089 11153.8542   71  139 11861.0500 10203.8984  14.0%  75.3  516s
 20106 13208 10560.2798   49  152 11861.0500 10204.6319  14.0%  75.3  521s
 20225 13462 10881.1403   80   36 11861.0500 10204.6330  14.0%  75.5  526s
 20538 13604 11099.9737   63   40 11861.0500 10207.3051  13.9%  75.3  531s
 20709 13751     cutoff  122      11861.0500 10207.7012  13.9%  75.5  535s
 20868 13835 11471.7948  104   78 11861.0500 10207.9387  13.9%  75.6  540s
 21071 14065 11014.5017   55   75 11861.0500 10208.2636  13.9%  76.1  548s
 21256 14278 10307.2282   36  307 11861.0500 10208.2636  13.9%  76.2  553s
 21468 14446 10834.1709   63   94 11861.0500 10208.9124  13.9%  76.2  558s
 21697 14663 10671.5096   49   96 11861.0500 10210.4198  13.9%  76.0  563s
 21932 14800 10521.1649   42  255 11861.0500 10210.4511  13.9%  75.8  569s
 22091 14921 10925.6958   89   33 11861.0500 10210.9056  13.9%  75.8  573s
 22289 15067 10777.2385   79  140 11861.0500 10211.1499  13.9%  75.8  578s
 22456 15176     cutoff  165      11861.0500 10211.2357  13.9%  75.9  582s
 22577 15348 10632.4163   59   44 11861.0500 10211.9086  13.9%  76.1  587s
 22783 15483     cutoff  153      11861.0500 10212.6447  13.9%  76.0  591s
 22929 15650 10858.9152   46  296 11861.0500 10213.1261  13.9%  76.1  596s
 23123 15756 11393.6285   92  177 11861.0500 10213.4065  13.9%  76.0  601s
 23250 15911 10992.3411   89  103 11861.0500 10214.9617  13.9%  76.1  605s
 23513 15994 10836.3802   89   77 11861.0500 10214.9618  13.9%  76.4  610s
 23579 16122 11322.2134   95   59 11861.0500 10214.9618  13.9%  76.6  615s
 23803 16355 11067.8453   94   77 11861.0500 10216.9391  13.9%  76.4  620s
 24120 16547 10911.7140   69  182 11861.0500 10217.7960  13.9%  76.4  628s
 24290 16643 10726.1927   46  121 11861.0500 10218.1082  13.9%  76.5  633s
 24397 16728 infeasible  118      11861.0500 10218.1379  13.9%  76.7  637s
 24493 16864 11310.4962   86   66 11861.0500 10218.2273  13.9%  77.0  642s
 24638 17037 10771.8714   46  238 11861.0500 10218.4405  13.8%  77.1  647s
 24834 17194 10597.6604   33  211 11861.0500 10218.9691  13.8%  77.0  652s
 24991 17429 10725.1015   85   64 11861.0500 10220.2265  13.8%  77.0  656s
 25262 17515 10742.2242   58  113 11861.0500 10220.7577  13.8%  76.8  661s
 25367 17565 10864.7595   64  194 11861.0500 10220.8315  13.8%  77.0  665s
 25545 17793 10868.4459   59  136 11861.0500 10220.8982  13.8%  77.4  674s
 25671 17793 11619.6019   83   27 11861.0500 10220.8982  13.8%  77.5  675s
 25698 17990 11389.7924  101   55 11861.0500 10221.1821  13.8%  77.5  680s
 25957 18058     cutoff  153      11861.0500 10221.5917  13.8%  77.4  685s
 26173 18491 10485.6431   47  194 11861.0500 10223.0355  13.8%  77.7  694s
 26459 18491 11205.5347  155   57 11861.0500 10223.0355  13.8%  77.5  695s
 26619 18700 infeasible  161      11861.0500 10224.7893  13.8%  77.4  704s
*26683 18002             172    11765.590000 10225.2195  13.1%  77.5  704s
 26770 18094 10933.5175   97  112 11765.5900 10226.0382  13.1%  77.5  708s
 26874 18176 11631.3555  109   70 11765.5900 10226.9698  13.1%  77.6  713s
 26981 18301 10740.4928   42  293 11765.5900 10228.3830  13.1%  77.8  718s
 27139 18464 10358.0016   35  224 11765.5900 10228.4621  13.1%  77.8  724s
 27251 18465 10795.1556  126   26 11765.5900 10228.4621  13.1%  78.0  725s
 27487 18687 11691.5513  116    9 11765.5900 10229.1756  13.1%  78.0  733s
 27580 18742 infeasible  117      11765.5900 10229.1848  13.1%  78.2  738s
 27636 18860 11019.8202   44  182 11765.5900 10229.5442  13.1%  78.5  742s
 27788 19006 10466.5646   49  279 11765.5900 10229.5957  13.1%  78.7  747s
 27945 19142 11403.6002   99  145 11765.5900 10230.0796  13.1%  78.8  752s
 28099 19236 10690.6330   50  314 11765.5900 10230.0796  13.1%  78.8  757s
 28216 19389 11577.5112  110  138 11765.5900 10230.3332  13.0%  79.0  762s
 28407 19515 10990.3050   46   42 11765.5900 10230.6842  13.0%  79.0  767s
 28562 19627     cutoff   96      11765.5900 10230.7068  13.0%  79.0  772s
 28703 19748     cutoff  100      11765.5900 10231.0160  13.0%  79.2  777s
 28842 19859 11466.9410   98   81 11765.5900 10231.8053  13.0%  79.3  782s
 28988 20093 10623.7517   54  194 11765.5900 10232.0188  13.0%  79.3  787s
 29250 20143 10446.3713   49  282 11765.5900 10232.7279  13.0%  79.1  792s
 29300 20227 10567.6102   55  224 11765.5900 10232.7279  13.0%  79.5  797s
 29400 20376 11117.6004   67  144 11765.5900 10233.2522  13.0%  79.7  802s
 29583 20464 infeasible   92      11765.5900 10234.2821  13.0%  79.7  807s
 29673 20608 10945.3253   53  162 11765.5900 10234.9528  13.0%  79.9  812s
 29857 20704 10675.7324   52  164 11765.5900 10235.2060  13.0%  79.9  817s
 29981 20854 10457.1369   36  192 11765.5900 10235.5155  13.0%  80.0  822s
 30151 20952 11064.8188   73  127 11765.5900 10236.8078  13.0%  80.0  827s
 30259 21066 10463.5162   34  270 11765.5900 10236.8078  13.0%  80.2  832s
 30395 21106 10355.7846   37  281 11765.5900 10236.8078  13.0%  80.2  837s
 30452 21187 10561.6186   40  201 11765.5900 10236.8078  13.0%  80.4  842s
 30555 21250 10912.8662   48  244 11765.5900 10236.8078  13.0%  80.6  846s
 30618 21359 11368.1613   64  129 11765.5900 10239.0016  13.0%  80.8  851s
 30749 21458 10537.5049   59  214 11765.5900 10239.4945  13.0%  80.9  855s
 30860 21511 10411.6519   43  362 11765.5900 10239.4945  13.0%  81.0  860s
 30928 21589 10971.6263   68  150 11765.5900 10239.6033  13.0%  81.2  865s
 31089 21739 11391.5447   86  160 11765.5900 10239.9441  13.0%  81.7  874s
 31185 21882 10577.4279   46  307 11765.5900 10239.9441  13.0%  81.9  879s
 31333 21882 11431.4018  143   15 11765.5900 10239.9441  13.0%  81.9  880s
 31472 22168 10709.5154   38  247 11765.5900 10240.2532  13.0%  82.1  889s
 31518 22168 11220.1694   84   97 11765.5900 10240.2532  13.0%  82.1  890s
 31689 22226 11339.3099  111   31 11765.5900 10241.2156  13.0%  82.0  895s
 31751 22363 10851.9772   47  297 11765.5900 10241.9300  13.0%  82.2  900s
 31926 22521 10557.2032   38  181 11765.5900 10241.9853  12.9%  82.3  905s
 32116 22591 10534.4450   43  341 11765.5900 10242.2529  12.9%  82.3  910s
 32187 22708 11445.3695   85   66 11765.5900 10242.3378  12.9%  82.5  915s
 32337 22822 10661.8738   52  125 11765.5900 10242.9787  12.9%  82.5  920s
 32462 22985 10574.0285   40  203 11765.5900 10244.1256  12.9%  82.7  925s
 32657 23171 10877.2232   66   76 11765.5900 10244.9022  12.9%  82.6  931s
 32866 23202     cutoff  196      11765.5900 10245.7110  12.9%  82.6  939s
 32919 23295 10642.6577   51  264 11765.5900 10245.8142  12.9%  82.7  944s
 33012 23382 11249.2197   79   54 11765.5900 10246.0850  12.9%  82.9  949s
 33141 23496     cutoff   91      11765.5900 10246.1604  12.9%  83.0  954s
 33267 23632 11709.4464  103   43 11765.5900 10246.7942  12.9%  83.2  959s
 33421 23739 11314.2208  106   16 11765.5900 10247.6476  12.9%  83.3  964s
 33546 23899 11190.3265   71  154 11765.5900 10247.6565  12.9%  83.4  969s
 33594 23899 11765.0897  105   54 11765.5900 10247.6565  12.9%  83.3  970s
 33756 24067 10883.4320   51  177 11765.5900 10247.7639  12.9%  83.3  975s
 33936 24192 10616.0505   62   54 11765.5900 10248.0504  12.9%  83.3  980s
 34084 24226 10529.2379   44  157 11765.5900 10248.3396  12.9%  83.3  985s
 34118 24264 10526.3319   44  207 11765.5900 10248.3396  12.9%  83.6  990s
 34210 24438 11112.5071   56   68 11765.5900 10248.3396  12.9%  84.2 1000s
 34336 24504 11723.4223   75   86 11765.5900 10248.4620  12.9%  84.4 1005s
 34442 24692 10825.5768   60  140 11765.5900 10248.7552  12.9%  84.5 1010s
 34652 24811 infeasible  126      11765.5900 10248.7861  12.9%  84.5 1016s
 34774 24968 10767.1056   78   37 11765.5900 10249.0084  12.9%  84.7 1022s
 34987 25047 10544.4423   36  323 11765.5900 10249.1828  12.9%  84.6 1027s
 35084 25183 11054.6916   75   69 11765.5900 10249.4477  12.9%  84.8 1032s
 35255 25307 11502.0425   75   95 11765.5900 10249.7516  12.9%  84.8 1038s
 35406 25387 11036.1231   65  206 11765.5900 10250.2453  12.9%  84.9 1042s
 35500 25503 10758.9503   46  149 11765.5900 10250.2812  12.9%  85.0 1047s
 35642 25631 10480.5010   49  243 11765.5900 10250.3244  12.9%  85.2 1053s
 35770 25831 10869.9937   83   80 11765.5900 10250.4712  12.9%  85.2 1058s
 36014 25961 10742.4194   65   56 11765.5900 10251.7286  12.9%  85.1 1063s
 36176 26025 11715.3451  109   67 11765.5900 10251.9077  12.9%  85.1 1068s
 36265 26170 10910.0779   36  185 11765.5900 10252.2633  12.9%  85.2 1074s
 36420 26170 11698.1721  109   31 11765.5900 10252.3374  12.9%  85.3 1075s
 36511 26312 11442.4508   93   92 11765.5900 10252.4954  12.9%  85.4 1083s
 36628 26387 10648.5425   47  112 11765.5900 10252.9257  12.9%  85.6 1089s
 36703 26574 11026.0637   73  136 11765.5900 10253.2115  12.9%  85.8 1094s
 36908 26692 10333.1313   51  286 11765.5900 10253.2115  12.9%  85.9 1100s
 37083 26814 11122.2876   97  139 11765.5900 10253.8610  12.8%  85.9 1106s
 37217 26924     cutoff  153      11765.5900 10254.3133  12.8%  86.0 1111s
 37364 27004 10286.0462   35  383 11765.5900 10255.0665  12.8%  86.1 1116s
 37454 27065 10831.3168   58  141 11765.5900 10255.3634  12.8%  86.2 1121s
 37525 27213 10506.7950   53  217 11765.5900 10255.7735  12.8%  86.4 1126s
 37700 27297 10497.6069   33  291 11765.5900 10255.9224  12.8%  86.4 1131s
 37792 27489 10881.2839   56  146 11765.5900 10256.7424  12.8%  86.6 1137s
 38026 27619 10426.8610   40  164 11765.5900 10257.2544  12.8%  86.5 1142s
 38181 27735 10398.0165   42  278 11765.5900 10257.3129  12.8%  86.6 1148s
 38322 27801 10443.6655   40  236 11765.5900 10257.7353  12.8%  86.7 1153s
 38388 27962 10662.6504   52  106 11765.5900 10257.7353  12.8%  86.9 1159s
 38553 28155 11182.7706   80   82 11765.5900 10257.8004  12.8%  87.1 1165s
 38829 28236     cutoff  133      11765.5900 10258.0936  12.8%  87.0 1170s
 38931 28347 10978.9405   63   19 11765.5900 10258.6353  12.8%  87.1 1176s
 39064 28504     cutoff  125      11765.5900 10258.7276  12.8%  87.2 1181s
 39232 28531 10356.5082   36  221 11765.5900 10258.7276  12.8%  87.3 1192s
 39259 28666 10518.7152   42   61 11765.5900 10258.7276  12.8%  87.3 1197s
 39423 28758 11157.2675   64   66 11765.5900 10259.1038  12.8%  87.4 1203s
 39527 28859 infeasible   84      11765.5900 10259.9064  12.8%  87.5 1208s
 39638 29020 11028.7315   71  154 11765.5900 10260.1597  12.8%  87.6 1214s
 39829 29163 10688.5321   36  180 11765.5900 10261.5852  12.8%  87.6 1220s
 40001 29306 10544.8239   36  300 11765.5900 10262.7002  12.8%  87.6 1225s
 40153 29429 10462.2099   36  295 11765.5900 10263.4971  12.8%  87.6 1231s
 40300 29543 10404.1407   45  267 11765.5900 10264.2377  12.8%  87.7 1238s
 40460 29661 10642.2414   56  134 11765.5900 10264.2377  12.8%  87.8 1244s
 40562 29817 10811.6329   93   27 11765.5900 10264.4366  12.8%  88.0 1250s
 40769 29916 11759.6600  126    - 11765.5900 10264.5710  12.8%  88.1 1255s
 40869 30002 infeasible  126      11765.5900 10264.9537  12.8%  88.2 1261s
 40970 30178 11149.5912   75   52 11765.5900 10265.7812  12.7%  88.3 1266s
 41179 30300     cutoff  118      11765.5900 10266.0982  12.7%  88.3 1272s
*41181 29971             115    11737.810000 10266.0982  12.5%  88.3 1272s
 41353 30050     cutoff  108      11737.8100 10266.6916  12.5%  88.3 1278s
 41453 30170 10695.8989   56   95 11737.8100 10266.9982  12.5%  88.4 1284s
 41541 30171 11007.4051   75   70 11737.8100 10266.9982  12.5%  88.4 1285s
 41597 30228 11699.2845  103   20 11737.8100 10268.1375  12.5%  88.5 1290s
*41599 29900             105    11712.310000 10268.1375  12.3%  88.5 1290s
 41662 30015 10764.6290   61  143 11712.3100 10268.1635  12.3%  88.7 1296s
 41810 30089 10499.2797   45  152 11712.3100 10268.3425  12.3%  88.8 1301s
 41884 30355 10584.0852   63  113 11712.3100 10268.3425  12.3%  89.0 1308s
 42240 30473     cutoff  152      11712.3100 10268.9495  12.3%  88.8 1314s
 42271 30473     cutoff  145      11712.3100 10268.9950  12.3%  88.9 1315s
 42360 30636 10872.1678   55  202 11712.3100 10270.1706  12.3%  88.9 1320s
 42541 30676 10557.8085   48  160 11712.3100 10270.2730  12.3%  88.8 1326s
 42582 30795 10846.0586   57  245 11712.3100 10270.7994  12.3%  89.0 1331s
 42731 30844 10472.6473   39  282 11712.3100 10270.8924  12.3%  89.0 1337s
 42780 30954 10761.8213   53  100 11712.3100 10270.9143  12.3%  89.1 1343s
 42930 31021 10563.9665   47  169 11712.3100 10270.9937  12.3%  89.2 1349s
 43069 31066     cutoff   81      11712.3100 10271.3561  12.3%  89.3 1355s
 43113 31188 10978.8513   62   83 11712.3100 10271.5128  12.3%  89.5 1360s
 43245 31286 11065.3386   44  116 11712.3100 10272.0205  12.3%  89.6 1366s
 43378 31420 10779.7454   53  160 11712.3100 10272.5219  12.3%  89.7 1372s
 43533 31540 10967.6818   56  134 11712.3100 10272.5988  12.3%  89.8 1378s
 43726 31696 10638.2592   49  125 11712.3100 10272.6989  12.3%  89.8 1385s
 43885 31822     cutoff  129      11712.3100 10272.9954  12.3%  89.8 1391s
 44014 31973 11284.3662   52  181 11712.3100 10273.0226  12.3%  90.0 1398s
 44252 32084 10559.3912   45  286 11712.3100 10273.2463  12.3%  89.9 1404s
 44385 32177 10615.1606   43  238 11712.3100 10273.8828  12.3%  90.0 1409s
 44504 32295 10501.6302   29  127 11712.3100 10274.0377  12.3%  90.0 1415s
 44662 32443 10315.5952   35  362 11712.3100 10275.4096  12.3%  90.1 1420s
 44834 32616 10493.9082   46  132 11712.3100 10276.0287  12.3%  90.1 1427s
 45014 32746     cutoff  134      11712.3100 10276.0884  12.3%  90.1 1433s
 45168 32850 10741.5991   32  288 11712.3100 10276.0884  12.3%  90.1 1439s
 45272 32990 11493.1039   59   41 11712.3100 10276.1085  12.3%  90.3 1445s
 45452 33087 10512.4579   35  318 11712.3100 10276.2565  12.3%  90.4 1451s
 45571 33171 10690.2847   41  170 11712.3100 10276.2565  12.3%  90.4 1456s
 45657 33383 10998.0030   63   83 11712.3100 10276.5652  12.3%  90.6 1462s
 45935 33618 10474.5978   34  295 11712.3100 10277.1995  12.3%  90.5 1468s
 46206 33686     cutoff   94      11712.3100 10277.8576  12.2%  90.3 1474s
 46294 33835 10916.7405   81  112 11712.3100 10278.4381  12.2%  90.5 1480s
 46467 33882 10616.0621   34  190 11712.3100 10278.4969  12.2%  90.4 1485s
 46514 33987 10838.9164   40  183 11712.3100 10278.4969  12.2%  90.6 1491s
 46637 34121 11477.4909   65   16 11712.3100 10278.7517  12.2%  90.7 1496s
 46792 34222 11657.2227  108   18 11712.3100 10279.7866  12.2%  90.8 1502s
 46922 34406 10552.0295   40  179 11712.3100 10280.3243  12.2%  90.8 1509s
 47159 34626     cutoff  132      11712.3100 10280.4300  12.2%  90.7 1515s
 47407 34800 10477.3446   37  150 11712.3100 10280.5374  12.2%  90.6 1522s
 47601 34833 10318.2002   30  275 11712.3100 10280.6992  12.2%  90.6 1528s
 47634 34908 10726.4956   36  180 11712.3100 10280.6992  12.2%  90.8 1533s
 47709 34977 11190.3682   51   58 11712.3100 10280.7113  12.2%  91.0 1539s
 47835 35031 10737.7859   49  187 11712.3100 10281.1104  12.2%  91.1 1544s
 47902 35193 10673.9746   48  226 11712.3100 10281.2927  12.2%  91.2 1550s
 48073 35336 11226.6892   78  152 11712.3100 10281.4446  12.2%  91.3 1555s
 48233 35467 10834.0183   71  140 11712.3100 10281.5012  12.2%  91.3 1561s
 48397 35564 10684.4076   42  238 11712.3100 10282.1864  12.2%  91.4 1567s
 48514 35667 10312.8016   34  351 11712.3100 10282.1864  12.2%  91.5 1572s
 48641 35765 10952.4973   66  187 11712.3100 10282.7077  12.2%  91.5 1577s
 48763 35866 10890.8294   47   71 11712.3100 10283.8296  12.2%  91.6 1584s
 48802 35868 11396.4765   66   38 11712.3100 10283.8296  12.2%  91.6 1585s
 48886 35964 10561.2068   46   44 11712.3100 10283.8296  12.2%  91.7 1590s
 48985 36143 10970.0036   78   46 11712.3100 10284.5158  12.2%  91.8 1596s
 49200 36236     cutoff  140      11712.3100 10285.1339  12.2%  91.7 1602s
 49312 36360 infeasible  138      11712.3100 10285.2190  12.2%  91.8 1608s
 49455 36466 11130.1442   72  147 11712.3100 10286.7199  12.2%  91.9 1614s
 49601 36512 11369.5476   70  129 11712.3100 10286.9733  12.2%  91.9 1621s
 49659 36662 10689.9394   47  223 11712.3100 10287.3395  12.2%  92.0 1626s
 49831 36763 10385.9376   32  319 11712.3100 10287.4792  12.2%  92.0 1633s
 49942 36902 11049.0990   60   84 11712.3100 10287.6117  12.2%  92.1 1638s
 50105 36986 11199.0601   62  132 11712.3100 10288.0634  12.2%  92.1 1643s
 50201 37168 10577.2052   54  210 11712.3100 10288.3542  12.2%  92.2 1649s
 50407 37316 10575.6151   40  253 11712.3100 10288.4678  12.2%  92.2 1655s
 50574 37500 10618.5392   30  358 11712.3100 10288.5190  12.2%  92.2 1662s
 50759 37598 10809.4691   43  205 11712.3100 10288.5190  12.2%  92.2 1667s
 50869 37717 11134.9834   91   53 11712.3100 10288.7878  12.2%  92.3 1673s
 51000 37835 11003.1846   62   37 11712.3100 10288.8705  12.2%  92.4 1679s
 51172 37945     cutoff   97      11712.3100 10288.9698  12.2%  92.4 1685s
 51298 38128 10735.8232   56  196 11712.3100 10289.1744  12.2%  92.4 1691s
 51501 38220 10580.1278   41  285 11712.3100 10289.3563  12.1%  92.4 1697s
 51614 38399 10568.6530   40  247 11712.3100 10289.9533  12.1%  92.5 1703s
 51820 38490 10697.1938   35  257 11712.3100 10290.0765  12.1%  92.4 1709s
 51923 38624 11467.7107   97  150 11712.3100 10290.2255  12.1%  92.5 1715s
 52084 38722 10441.7429   37  273 11712.3100 10290.3505  12.1%  92.5 1721s
 52192 38927 10975.8846   50  114 11712.3100 10290.8912  12.1%  92.6 1728s
 52467 39039 10497.2658   47  301 11712.3100 10291.0580  12.1%  92.5 1734s
 52509 39039 10566.2104   40  202 11712.3100 10291.0580  12.1%  92.6 1735s
 52589 39161 11532.3959   89   64 11712.3100 10291.1255  12.1%  92.6 1740s
 52745 39348 10897.1562   55   59 11712.3100 10291.4472  12.1%  92.7 1748s
 52995 39434 11695.3700  111    - 11712.3100 10291.6440  12.1%  92.6 1754s
 53101 39508 infeasible  111      11712.3100 10291.7584  12.1%  92.6 1759s
 53126 39508 10740.1783   55  227 11712.3100 10291.8181  12.1%  92.7 1760s
 53188 39705 10883.8066   50  188 11712.3100 10291.8355  12.1%  92.7 1766s
 53402 39820 10830.6990   48  227 11712.3100 10292.1501  12.1%  92.7 1772s
 53535 39972 10572.4345   38  152 11712.3100 10292.1501  12.1%  92.7 1778s
 53699 40111 11063.9836  134   46 11712.3100 10292.5912  12.1%  92.7 1784s
 53868 40254 10629.6419   42  139 11712.3100 10292.7664  12.1%  92.7 1791s
 54051 40399 11004.6189   73   36 11712.3100 10292.8302  12.1%  92.8 1797s
 54229 40429 11463.5300  112   13 11712.3100 10292.8792  12.1%  92.8 1808s
 54263 40500 infeasible  113      11712.3100 10293.4302  12.1%  92.9 1813s
 54353 40577 10973.7235   78  177 11712.3100 10293.6021  12.1%  93.0 1819s
