




arguments: ./build/bc_mirp -f ./input/orig_exec_212.cfg
Current dir: /scratch/gui/bc_mirp
File verbosity level: 9
date       time         ( uptime  ) [ thread name/id ]                   file:line     v| 
2021-02-14 08:19:22.422 (   0.179s) [main thread     ]             loguru.cpp:789   INFO| Logging to './output/vi_vc+qua/OU/V3/Original/execution_14_02_2021_08_19_22.log', mode: 'a', verbosity: 9
--------------------------------------------------------------------------------
Parameters
                           instance_path           ./input/Instances/Original/5/
                            model_policy                                       1
                             nb_vehicles                                       3
                              output_dir      ./output/vi_vc+qua/OU/V3/Original/
                            sec_strategy                                       1
                       solver_nb_threads                                       2
                         solver_show_log                                    true
                       solver_time_limit                                    3600
                              use_vi_cos                                   false
                              use_vi_cus                                   false
                         use_vi_hc1_full                                   false
                         use_vi_hc1_half                                   false
                      use_vi_hc1_quarter                                   false
                              use_vi_hc2                                   false
                              use_vi_hc3                                   false
                         use_vi_lex_full                                   false
                         use_vi_lex_half                                   false
                      use_vi_lex_quarter                                   false
                              use_vi_qua                                    true
                               use_vi_vc                                    true
                               use_vi_vr                                   false
--------------------------------------------------------------------------------
executing instance: ./input/Instances/Original/5/absH3low_4n50.dat
--------------------------------------------------------------------------------
Instance details
n	51
H	3
C	4066
Li:
[0, 0, 0, 0, 0, 0, 0, 0, 0, 0, 0, 0, 0, 0, 0, 0, 0, 0, 0, 0, 0, 0, 0, 0, 0, 0, 0, 0, 0, 0, 0, 0, 0, 0, 0, 0, 0, 0, 0, 0, 0, 0, 0, 0, 0, 0, 0, 0, 0, 0, 0, ]
Ui:
[0, 108, 126, 122, 66, 120, 48, 30, 128, 54, 158, 198, 36, 66, 210, 234, 147, 297, 171, 128, 116, 120, 219, 70, 294, 207, 134, 128, 234, 122, 22, 183, 195, 255, 132, 124, 66, 189, 219, 66, 128, 102, 288, 66, 87, 136, 36, 39, 282, 36, 237, ]
Distance matrix:
|0	210	444	498	509	104	438	228	487	304	456	434	526	476	163	47	293	396	293	290	313	85	280	437	293	336	409	106	449	376	433	478	193	404	404	534	278	181	380	507	189	438	263	473	353	216	202	218	452	254	465	|
|210	0	299	507	359	106	345	409	358	411	320	402	555	448	136	200	289	264	306	427	141	222	83	348	264	320	283	303	380	208	258	357	170	348	475	542	243	347	355	379	65	479	172	373	355	251	112	229	402	210	300	|
|444	299	0	363	65	358	116	542	66	440	26	241	425	272	282	407	251	51	276	490	159	397	224	124	217	237	48	490	170	99	83	74	261	180	430	385	214	479	231	85	270	390	184	116	271	300	409	276	210	215	54	|
|498	507	363	0	385	482	246	424	326	254	343	123	63	93	388	452	221	337	211	314	428	414	480	239	243	187	324	463	194	418	438	307	346	188	156	36	264	392	156	326	444	87	340	258	154	286	603	294	153	297	417	|
|509	359	65	385	0	422	145	602	59	492	59	269	448	292	348	472	305	115	329	545	218	462	281	152	274	286	106	554	192	153	116	78	326	216	472	403	274	540	271	63	334	425	249	127	316	361	468	337	233	278	69	|
|104	106	358	482	422	0	372	309	408	337	374	396	521	441	98	96	262	314	271	342	215	124	177	373	249	302	329	198	394	281	337	402	139	353	419	518	230	250	343	428	90	437	188	405	328	200	134	188	406	199	372	|
|438	345	116	246	145	372	0	485	87	357	97	126	309	155	279	394	180	101	200	414	223	373	288	8	157	150	84	459	53	188	196	68	245	72	328	269	165	427	128	97	297	280	184	36	175	250	456	233	94	184	170	|
|228	409	542	424	602	309	485	0	561	170	544	419	424	446	298	214	305	491	286	115	462	187	457	480	331	339	496	124	470	510	565	545	295	424	279	454	329	66	376	576	363	340	370	520	330	242	429	266	453	328	581	|
|487	358	66	326	59	408	87	561	0	441	40	211	389	233	324	446	258	95	281	497	220	431	287	95	230	234	79	522	133	164	146	19	297	160	415	344	233	500	215	21	323	367	224	68	261	320	470	299	174	242	106	|
|304	411	440	254	492	337	357	170	441	0	434	266	255	286	275	266	189	392	164	63	408	225	428	351	224	207	392	234	330	438	484	424	250	287	112	284	232	149	233	453	349	170	302	389	185	168	471	195	305	248	487	|
|456	320	26	343	59	374	97	544	40	434	0	223	406	252	294	418	247	60	271	487	181	405	247	105	215	229	49	498	149	124	109	48	270	165	419	364	215	482	218	60	288	375	194	92	261	302	431	279	190	220	75	|
|434	402	241	123	269	396	126	419	211	266	223	0	185	46	298	387	140	213	145	328	310	355	366	118	147	97	201	425	78	295	315	191	256	65	211	151	166	371	53	215	343	157	231	145	90	220	505	217	41	198	295	|
|526	555	425	63	448	521	309	424	389	255	406	185	0	156	430	481	266	398	252	310	485	442	534	301	293	237	386	480	257	478	500	370	390	249	145	55	313	401	212	389	491	89	392	321	201	322	646	334	216	345	479	|
|476	448	272	93	292	441	155	446	233	286	252	46	156	0	343	429	183	250	184	348	353	396	411	148	192	140	236	461	102	334	350	214	302	106	214	113	212	402	98	233	389	151	277	165	125	261	551	260	62	244	325	|
|163	136	282	388	348	98	279	298	324	275	294	298	430	343	0	124	167	234	178	296	167	121	162	279	151	205	247	216	297	224	280	316	42	256	340	423	132	232	246	344	74	349	100	314	233	115	216	97	308	101	307	|
|47	200	407	452	472	96	394	214	446	266	418	387	481	429	124	0	246	358	245	259	284	41	261	392	247	289	370	103	403	345	402	436	150	358	361	488	232	158	333	466	165	393	223	430	306	168	217	171	406	210	431	|
|293	289	251	221	305	262	180	305	258	189	247	140	266	183	167	246	0	204	26	240	238	215	276	175	37	43	203	289	169	255	297	242	125	122	202	257	52	248	87	272	225	191	134	215	67	80	382	77	163	81	298	|
|396	264	51	337	115	314	101	491	95	392	60	213	398	250	234	358	204	0	229	442	130	347	196	108	169	194	19	440	152	87	102	93	211	149	390	363	165	428	194	116	228	355	134	117	230	250	376	225	189	164	95	|
|293	306	276	211	329	271	200	286	281	164	271	145	252	184	178	245	26	229	0	216	262	212	297	195	63	53	228	280	184	280	323	264	138	137	178	248	76	232	95	294	241	173	156	234	60	77	395	83	172	102	324	|
|290	427	490	314	545	342	414	115	497	63	487	328	310	348	296	259	240	442	216	0	443	220	456	408	273	264	443	204	390	479	529	480	278	346	165	343	278	115	293	509	369	229	340	447	244	202	473	230	366	288	536	|
|313	141	159	428	218	215	223	462	220	408	181	310	485	353	167	284	238	130	262	443	0	288	67	228	202	252	149	382	267	67	122	221	168	247	440	459	186	396	273	241	125	423	107	245	291	242	251	214	297	162	160	|
|85	222	397	414	462	124	373	187	431	225	405	355	442	396	121	41	215	347	212	220	288	0	273	371	221	258	357	95	378	344	401	420	136	331	321	450	208	126	302	450	177	353	213	409	272	136	253	143	377	190	426	|
|280	83	224	480	281	177	288	457	287	428	247	366	534	411	162	261	276	196	297	456	67	273	0	292	243	298	215	363	329	128	176	288	179	305	475	513	224	392	324	307	96	466	143	311	335	261	187	235	357	195	219	|
|437	348	124	239	152	373	8	480	95	351	105	118	301	148	279	392	175	108	195	408	228	371	292	0	154	144	91	456	46	194	203	76	244	65	320	261	163	423	121	103	299	273	185	40	168	247	459	230	86	183	178	|
|293	264	217	243	274	249	157	331	230	224	215	147	293	192	151	247	37	169	63	273	202	221	243	154	0	57	170	303	157	217	260	215	110	111	238	278	21	271	94	245	201	223	100	193	92	93	362	78	160	54	263	|
|336	320	237	187	286	302	150	339	234	207	229	97	237	140	205	289	43	194	53	264	252	258	298	144	57	0	190	331	131	257	294	216	163	84	197	221	77	285	44	246	258	172	155	183	39	123	418	119	120	110	288	|
|409	283	48	324	106	329	84	496	79	392	49	201	386	236	247	370	203	19	228	443	149	357	215	91	170	190	0	449	136	105	114	75	221	138	384	349	168	434	185	99	245	346	146	98	224	255	394	231	174	171	99	|
|106	303	490	463	554	198	459	124	522	234	498	425	480	461	216	103	289	440	280	204	382	95	363	456	303	331	449	0	458	439	496	510	229	410	344	498	293	89	374	540	267	391	307	495	336	211	308	226	451	280	520	|
|449	380	170	194	192	394	53	470	133	330	149	78	257	102	297	403	169	152	184	390	267	378	329	46	157	131	136	458	0	238	249	114	259	47	287	216	171	416	96	137	327	235	211	67	145	247	488	235	41	197	223	|
|376	208	99	418	153	281	188	510	164	438	124	295	478	334	224	345	255	87	280	479	67	344	128	194	217	257	105	439	238	0	57	169	216	230	453	445	206	445	268	184	191	427	141	202	296	278	315	250	274	191	92	|
|433	258	83	438	116	337	196	565	146	484	109	315	500	350	280	402	297	102	323	529	122	401	176	203	260	294	114	496	249	57	0	157	271	252	490	463	251	499	296	162	247	457	195	199	331	329	362	302	288	241	47	|
|478	357	74	307	78	402	68	545	19	424	48	191	370	214	316	436	242	93	264	480	221	420	288	76	215	216	75	510	114	169	157	0	287	141	396	325	219	485	196	31	319	347	216	49	243	306	469	286	154	230	120	|
|193	170	261	346	326	139	245	295	297	250	270	256	390	302	42	150	125	211	138	278	168	136	179	244	110	163	221	229	259	216	271	287	0	216	305	382	91	229	204	316	105	310	78	280	192	83	257	60	268	62	292	|
|404	348	180	188	216	353	72	424	160	287	165	65	249	106	256	358	122	149	137	346	247	331	305	65	111	84	138	410	47	230	252	141	216	0	255	215	126	369	56	168	292	210	177	102	103	200	454	189	54	155	234	|
|404	475	430	156	472	419	328	279	415	112	419	211	145	214	340	361	202	390	178	165	440	321	475	320	238	197	384	344	287	453	490	396	305	255	0	181	254	261	201	422	410	69	335	353	160	225	551	246	252	280	482	|
|534	542	385	36	403	518	269	454	344	284	364	151	55	113	423	488	257	363	248	343	459	450	513	261	278	221	349	498	216	445	463	325	382	215	181	0	298	425	189	342	479	115	373	276	190	323	638	330	175	332	439	|
|278	243	214	264	274	230	165	329	233	232	215	166	313	212	132	232	52	165	76	278	186	208	224	163	21	77	168	293	171	206	251	219	91	126	254	298	0	267	114	250	181	242	82	202	112	88	341	68	177	33	258	|
|181	347	479	392	540	250	427	66	500	149	482	371	401	402	232	158	248	428	232	115	396	126	392	423	271	285	434	89	416	445	499	485	229	369	261	425	267	0	325	516	298	313	305	463	281	180	375	203	403	264	516	|
|380	355	231	156	271	343	128	376	215	233	218	53	212	98	246	333	87	194	95	293	273	302	324	121	94	44	185	374	96	268	296	196	204	56	201	189	114	325	0	224	294	161	185	157	49	167	455	163	78	147	284	|
|507	379	85	326	63	428	97	576	21	453	60	215	389	233	344	466	272	116	294	509	241	450	307	103	245	246	99	540	137	184	162	31	316	168	422	342	250	516	224	0	344	371	244	70	271	337	490	317	176	261	120	|
|189	65	270	444	334	90	297	363	323	349	288	343	491	389	74	165	225	228	241	369	125	177	96	299	201	258	245	267	327	191	247	319	105	292	410	479	181	298	294	344	0	414	116	328	291	187	163	165	345	147	282	|
|438	479	390	87	425	437	280	340	367	170	375	157	89	151	349	393	191	355	173	229	423	353	466	273	223	172	346	391	235	427	457	347	310	210	69	115	242	313	161	371	414	0	323	301	133	238	565	253	197	273	444	|
|263	172	184	340	249	188	184	370	224	302	194	231	392	277	100	223	134	134	156	340	107	213	143	185	100	155	146	307	211	141	195	216	78	177	335	373	82	305	185	244	116	323	0	217	192	138	278	110	230	55	214	|
|473	373	116	258	127	405	36	520	68	389	92	145	321	165	314	430	215	117	234	447	245	409	311	40	193	183	98	495	67	202	199	49	280	102	353	276	202	463	157	70	328	301	217	0	205	286	485	269	106	220	167	|
|353	355	271	154	316	328	175	330	261	185	261	90	201	125	233	306	67	230	60	244	291	272	335	168	92	39	224	336	145	296	331	243	192	103	160	190	112	281	49	271	291	133	192	205	0	138	449	141	123	145	323	|
|216	251	300	286	361	200	250	242	320	168	302	220	322	261	115	168	80	250	77	202	242	136	261	247	93	123	255	211	247	278	329	306	83	200	225	323	88	180	167	337	187	238	138	286	138	0	328	28	243	88	340	|
|202	112	409	603	468	134	456	429	470	471	431	505	646	551	216	217	382	376	395	473	251	253	187	459	362	418	394	308	488	315	362	469	257	454	551	638	341	375	455	490	163	565	278	485	449	328	0	313	508	308	406	|
|218	229	276	294	337	188	233	266	299	195	279	217	334	260	97	171	77	225	83	230	214	143	235	230	78	119	231	226	235	250	302	286	60	189	246	330	68	203	163	317	165	253	110	269	141	28	313	0	235	61	315	|
|452	402	210	153	233	406	94	453	174	305	190	41	216	62	308	406	163	189	172	366	297	377	357	86	160	120	174	451	41	274	288	154	268	54	252	175	177	403	78	176	345	197	230	106	123	243	508	235	0	207	264	|
|254	210	215	297	278	199	184	328	242	248	220	198	345	244	101	210	81	164	102	288	162	190	195	183	54	110	171	280	197	191	241	230	62	155	280	332	33	264	147	261	147	273	55	220	145	88	308	61	207	0	253	|
|465	300	54	417	69	372	170	581	106	487	75	295	479	325	307	431	298	95	324	536	160	426	219	178	263	288	99	520	223	92	47	120	292	234	482	439	258	516	284	120	282	444	214	167	323	340	406	315	264	253	0	|

--------------------------------------------------------------------------------
Building model...
	using lazy and cut (CVRPSEP package)
Solving IRP LP...
--------------------------------------------------------------------------------

Gurobi 9.1.0 (linux64) logging started Sun Feb 14 08:19:22 2021

Gurobi Optimizer version 9.1.0 build v9.1.0rc0 (linux64)
Thread count: 32 physical cores, 32 logical processors, using up to 2 threads
Optimize a model with 1587 rows, 12588 columns and 29190 nonzeros
Model fingerprint: 0x6f9a4a18
Variable types: 654 continuous, 11934 integer (459 binary)
Coefficient statistics:
  Matrix range     [1e+00, 1e+03]
  Objective range  [1e-02, 6e+02]
  Bounds range     [1e+00, 3e+02]
  RHS range        [1e+00, 7e+03]
Presolve removed 501 rows and 248 columns
Presolve time: 0.12s
Presolved: 1086 rows, 12340 columns, 26700 nonzeros
Variable types: 404 continuous, 11936 integer (11457 binary)

Root relaxation: objective 3.376119e+03, 1260 iterations, 0.04 seconds

    Nodes    |    Current Node    |     Objective Bounds      |     Work
 Expl Unexpl |  Obj  Depth IntInf | Incumbent    BestBd   Gap | It/Node Time

     0     0 3376.11867    0  151          - 3376.11867      -     -    0s
     0     0 3680.65082    0  166          - 3680.65082      -     -    0s
     0     0 3680.93071    0  171          - 3680.93071      -     -    0s
     0     0 4254.73372    0  207          - 4254.73372      -     -    1s
     0     0 4410.89160    0  248          - 4410.89160      -     -    1s
     0     0 4415.11352    0  254          - 4415.11352      -     -    1s
     0     0 4415.16988    0  254          - 4415.16988      -     -    1s
     0     0 4518.03251    0  325          - 4518.03251      -     -    1s
     0     0 4535.93692    0  331          - 4535.93692      -     -    1s
     0     0 4539.66972    0  307          - 4539.66972      -     -    1s
     0     0 4548.76121    0  272          - 4548.76121      -     -    1s
     0     0 4563.19340    0  308          - 4563.19340      -     -    1s
     0     0 4574.16879    0  248          - 4574.16879      -     -    2s
     0     0 4578.48818    0  311          - 4578.48818      -     -    2s
     0     0 4585.80025    0  301          - 4585.80025      -     -    2s
     0     0 4585.93989    0  300          - 4585.93989      -     -    2s
     0     0 4633.71752    0  348          - 4633.71752      -     -    2s
     0     0 4635.80256    0  330          - 4635.80256      -     -    2s
     0     0 4637.96220    0  344          - 4637.96220      -     -    2s
     0     0 4638.65974    0  321          - 4638.65974      -     -    2s
     0     0 4656.89649    0  308          - 4656.89649      -     -    3s
     0     0 4659.87800    0  338          - 4659.87800      -     -    3s
     0     0 4661.04472    0  359          - 4661.04472      -     -    4s
     0     0 4669.86740    0  335          - 4669.86740      -     -    4s
     0     0 4669.86740    0  281          - 4669.86740      -     -    4s
     0     2 4669.86740    0  277          - 4669.86740      -     -    5s
   125   139 5312.87924   50   84          - 4701.51325      -   158   10s
*  491   477             248    8916.2100000 4701.51786  47.3%  69.7   14s
   502   480 4730.11087    4  229 8916.21000 4701.51786  47.3%  70.6   16s
   571   562 4774.70163    8  198 8916.21000 4701.51786  47.3%  70.1   20s
   712   673 4874.38937   15  107 8916.21000 4701.51786  47.3%  63.8   26s
   759   714 7480.67000  212  281 8916.21000 4701.51786  47.3%  63.2   30s
   762   716 6168.25024  125  306 8916.21000 4701.51786  47.3%  62.9   35s
   774   724 5928.68042   95  479 8916.21000 4703.37855  47.2%  61.9   40s
   785   731 8623.93500  188  411 8916.21000 4726.07006  47.0%  61.1   45s
   792   736 8630.32266  187  447 8916.21000 4732.21363  46.9%  60.5   51s
   799   741 5260.12370   43  554 8916.21000 4735.50351  46.9%  60.0   55s
   804   744 6158.68256  119  464 8916.21000 4736.08542  46.9%  59.6   61s
   807   749 4760.21180   14  383 8916.21000 4736.08753  46.9%  85.5   66s
   823   760 4895.11579   19  332 8916.21000 4758.66441  46.6%  93.9   70s
   834   767 4975.50211   22  263 8916.21000 4758.66441  46.6%  98.9   82s
   846   775 5168.15389   25  230 8916.21000 4758.66441  46.6%   105   85s
   875   802 5124.62215   36  170 8916.21000 4758.66441  46.6%   109   90s
   933   844 5281.03747   57  153 8916.21000 4758.66441  46.6%   115   95s
  1005   883 5500.79317   80  132 8916.21000 4758.66441  46.6%   116  100s
  1077   957 5732.58841  100  121 8916.21000 4758.66441  46.6%   117  105s
  1206  1049 6177.53265  126  116 8916.21000 4758.66441  46.6%   114  110s
  1350  1147 7095.96320  165   52 8916.21000 4758.66441  46.6%   110  116s
  1451  1197 8092.59000  197   24 8916.21000 4758.66441  46.6%   106  121s
  1529  1226 4831.43537   18  434 8916.21000 4758.66441  46.6%   105  125s
  1602  1309 4858.17941   21  368 8916.21000 4758.66441  46.6%   104  131s
  1709  1348 4894.30236   25  274 8916.21000 4758.66441  46.6%   100  136s
  1779  1360 4988.39028   34  275 8916.21000 4758.66441  46.6%   102  140s
  1810  1370 5027.53613   42  228 8916.21000 4758.66441  46.6%   104  146s
H 1822  1323                    8504.6100000 4758.66441  44.0%   105  148s
  1833  1333 5057.03644   49  168 8504.61000 4758.66441  44.0%   106  150s
  1853  1343 5223.73799   55  112 8504.61000 4758.66441  44.0%   108  155s
  1909  1372 5181.42514   68  115 8504.61000 4758.66441  44.0%   109  178s
  1911  1379 5200.11202   68   94 8504.61000 4758.66441  44.0%   109  181s
  1939  1400 5283.09653   76   76 8504.61000 4758.66441  44.0%   110  199s
  1949  1415 5322.45585   79  107 8504.61000 4758.66441  44.0%   111  201s
  1984  1448 5390.44187   89   65 8504.61000 4758.66441  44.0%   113  207s
  2059  1474 5511.95665   87  133 8504.61000 4758.66441  44.0%   113  210s
  2129  1594 5648.41104  117   53 8504.61000 4758.66441  44.0%   111  215s
  2303  1755 5711.20419  155   50 8504.61000 4758.66441  44.0%   107  222s
  2428  1852 5768.66852  176   49 8504.61000 4758.66441  44.0%   104  226s
  2565  2003 5867.82778  206   23 8504.61000 4758.66441  44.0%   101  230s
  2790  1957 6383.43167  250   19 8504.61000 4770.58954  43.9%  95.4  235s
  2956  1961 4789.26401   17  574 8504.61000 4770.59900  43.9%  91.8  241s
  2974  1982 4932.48282   24  526 8504.61000 4770.59900  43.9%  94.2  246s
  2983  2000 4921.22458   25  460 8504.61000 4770.59900  43.9%  94.8  251s
  3030  2066 5077.53015   36  239 8504.61000 4770.59900  43.9%  96.4  257s
  3067  2111 5236.15324   39  200 8504.61000 4770.59900  43.9%  97.2  260s
  3159  2162 5393.52504   84   61 8504.61000 4770.59900  43.9%  98.5  265s
  3266  2441 5495.35902   89  103 8504.61000 4770.59900  43.9%  97.8  273s
  3446  2672 5783.75801  117   42 8504.61000 4770.59900  43.9%  95.2  279s
  3516  2672 6071.83940  145   43 8504.61000 4770.59900  43.9%  94.3  280s
  3701  2877 6083.73444  149   56 8504.61000 4770.59900  43.9%  90.4  286s
  3910  2967 6867.41493  268   46 8504.61000 4770.59900  43.9%  87.4  292s
  4012  3072 7178.71937  297   33 8504.61000 4781.38995  43.8%  86.4  297s
  4181  3131 infeasible  368      8504.61000 4781.38995  43.8%  84.5  303s
  4253  3152 4991.95119   26  208 8504.61000 4781.38995  43.8%  85.2  308s
  4287  3186 5142.20767   37  321 8504.61000 4781.38995  43.8%  86.4  312s
  4321  3253 5247.98347   50  181 8504.61000 4781.38995  43.8%  87.7  329s
  4335  3253 5382.50220   58  161 8504.61000 4781.38995  43.8%  88.0  330s
  4388  3517 5449.24819   67  149 8504.61000 4781.38995  43.8%  88.5  335s
  4652  3900 5704.34125  180   22 8504.61000 4781.38995  43.8%  85.4  344s
  4666  3900 5730.88500  191   23 8504.61000 4781.38995  43.8%  85.2  345s
  5129  3909 infeasible  309      8504.61000 4788.92986  43.7%  79.1  353s
  5173  3947 4960.09784   26  398 8504.61000 4788.92986  43.7%  80.1  358s
  5211  4011 5320.81734   56  122 8504.61000 4788.92986  43.7%  81.3  363s
  5277  4120 6108.00411  109   43 8504.61000 4789.26401  43.7%  82.2  380s
  5417  4167 7730.35000  204   12 8504.61000 4791.02808  43.7%  82.1  386s
  5461  4235 7841.23838  209   20 8504.61000 4795.12727  43.6%  83.4  392s
  5540  4363     cutoff  215      8504.61000 4806.93827  43.5%  84.3  400s
* 5541  4353             213    8433.4300000 4806.93827  43.0%  84.3  400s
* 5543  4245             213    8027.6300000 4806.93827  40.1%  84.3  400s
  5676  4291 5005.30975   29  367 8027.63000 4806.93827  40.1%  84.6  407s
  5770  4365 5258.92234   56  135 8027.63000 4806.93827  40.1%  85.3  414s
  5844  4455 5929.06473  110   72 8027.63000 4806.93827  40.1%  86.4  437s
  5934  4604 6293.19319  174   37 8027.63000 4813.67782  40.0%  86.5  445s
  6111  4673 7917.98000  290    - 8027.63000 4814.42330  40.0%  86.0  453s
  6181  4808     cutoff  290      8027.63000 4814.42956  40.0%  87.2  463s
  6322  4963 5133.82764   33  306 8027.63000 4814.42956  40.0%  87.9  508s
  6476  5036 5153.45756   35  230 8027.63000 4814.42956  40.0%  87.6  517s
  6574  5059 5299.85500   47  203 8027.63000 4814.42956  40.0%  88.3  524s
  6601  5111 5378.23160   56  185 8027.63000 4814.42956  40.0%  89.2  530s
  6653  5194 5498.21141   75   83 8027.63000 4814.42956  40.0%  90.6  597s
  6695  5194 5884.28718   95   60 8027.63000 4814.42956  40.0%  91.1  600s
  6736  5397 5792.19279  113   41 8027.63000 4821.70209  39.9%  91.3  607s
  6979  5519 7671.29826  239   16 8027.63000 4824.36701  39.9%  90.1  618s
  7136  5547 infeasible  253      8027.63000 4824.93694  39.9%  89.7  625s
  7168  5577 4981.38293   36  439 8027.63000 4824.93694  39.9%  90.8  631s
  7198  5718 5373.37559   55  197 8027.63000 4824.93694  39.9%  92.1  643s
  7339  5849 7115.41673  176    4 8027.63000 4825.81422  39.9%  92.3  655s
* 7379  5789             214    7864.7300000 4825.81422  38.6%  91.9  655s
  7488  5904 7339.38000  186    - 7864.73000 4832.21052  38.6%  93.3  668s
  7627  5997 7394.54714  186   14 7864.73000 4834.49608  38.5%  94.2  684s
* 7750  6060             206    7723.0100000 4834.68243  37.4%  95.1  697s
  7969  6140 5100.62070   44  176 7723.01000 4834.73119  37.4%  95.1  709s
  8011  6140 5280.55372   73  103 7723.01000 4834.73119  37.4%  96.0  710s
  8049  6498 5297.73157   77  125 7723.01000 4834.73119  37.4%  97.0  724s
  8063  6498 5320.24731   88  103 7723.01000 4834.73119  37.4%  97.1  725s
  8423  6757 6984.89515  277   18 7723.01000 4844.16263  37.3%  95.4  741s
  8720  7104 5454.94292   48  211 7723.01000 4844.19597  37.3%  94.8  757s
  8989  7106 6728.98031  170   15 7723.01000 4845.72160  37.3%  93.2  760s
  9120  7146     cutoff  215      7723.01000 4846.07957  37.3%  92.9  770s
  9162  7223 5109.26220   35  286 7723.01000 4846.18491  37.3%  94.7  782s
  9239  7414 5240.71269   50  120 7723.01000 4846.18491  37.3%  96.0  794s
  9281  7414 5648.33399   71   60 7723.01000 4846.18491  37.3%  96.5  795s
  9436  7697 5779.42413   84   45 7723.01000 4846.18491  37.3%  97.1  813s
  9679  7703 6762.98000  169    - 7723.01000 4846.18491  37.3%  97.0  815s
  9760  7849 6956.90679  155   50 7723.01000 4848.86862  37.2%  96.7  826s
  9926  7902 5250.35431   29  430 7723.01000 4848.96142  37.2%  97.2  837s
  9986  8022 5885.53628   61  151 7723.01000 4852.32373  37.2%  98.4  871s
 10131  8037 4925.43650   27  517 7723.01000 4852.38383  37.2%  98.8  885s
 10144  8076 4997.82812   31  468 7723.01000 4852.38383  37.2%  99.3  919s
 10183  8138 5297.29068   41  369 7723.01000 4852.38383  37.2%   101  932s
 10245  8391 5387.58618   52   82 7723.01000 4852.38383  37.2%   102  946s
 10498  8840 5756.07513  185   16 7723.01000 4854.81192  37.1%   102  967s
 11039  8900 infeasible  280      7723.01000 4855.69198  37.1%  98.5  982s
 11097  9055 5302.27637   48  421 7723.01000 4861.38345  37.1%   100  995s
 11277  9198     cutoff  184      7723.01000 4863.57642  37.0%   100 1010s
 11420  9357 5302.12799   30  236 7723.01000 4863.61279  37.0%   100 1024s
 11602  9526 5347.91995   39  290 7723.01000 4863.73694  37.0%   100 1039s
 11711  9526 6096.47726  101  129 7723.01000 4863.73694  37.0%   101 1040s
 11771  9620 6083.66308   90  107 7723.01000 4864.20586  37.0%   100 1054s
 11897  9706 5161.08308   33  484 7723.01000 4864.22122  37.0%   101 1067s
 11983  9910 5265.06037   43  365 7723.01000 4864.22122  37.0%   102 1082s
 12211 10118 5650.27901   66  105 7723.01000 4864.22122  37.0%   102 1097s
 12410 10122 7476.78030  200    8 7723.01000 4864.22122  37.0%   102 1100s
 12439 10124 5964.61010  122   69 7723.01000 4864.22122  37.0%   102 1124s
 12442 10357 5964.96432  123   36 7723.01000 4865.70382  37.0%   102 1136s
 12631 10357 7452.63433  258    8 7723.01000 4865.70382  37.0%   101 1155s
 12713 10563 infeasible  300      7723.01000 4866.25947  37.0%   102 1168s
 12922 10640 6006.06362  128   66 7723.01000 4868.52963  37.0%   101 1181s
 13022 10847 6816.97732  159   33 7723.01000 4869.35791  36.9%   102 1194s
 13050 10849 6937.19241  185   36 7723.01000 4869.35791  36.9%   102 1195s
 13255 10937 7636.27000  224    6 7723.01000 4869.47085  36.9%   102 1209s
 13317 10940 5671.85056   73  160 7723.01000 4869.47085  36.9%   102 1210s
 13373 10973     cutoff  227      7723.01000 4870.11939  36.9%   102 1222s
 13413 11063 5529.39695   33  345 7723.01000 4870.69605  36.9%   103 1236s
 13503 11308 5799.35500   64  112 7723.01000 4870.69605  36.9%   104 1251s
 13754 11398 6498.37381  136   82 7723.01000 4870.82212  36.9%   104 1325s
 13884 11547     cutoff  199      7723.01000 4871.06109  36.9%   104 1339s
 14090 11615 5118.74698   26  472 7723.01000 4871.82957  36.9%   104 1354s
 14117 11615 7071.60000  207    - 7723.01000 4871.82957  36.9%   105 1355s
 14156 11768 5662.11139   53  366 7723.01000 4873.04113  36.9%   105 1368s
 14311 11780 7376.62000  204    - 7723.01000 4873.06200  36.9%   105 1370s
 14339 11856     cutoff  181      7723.01000 4873.06572  36.9%   106 1382s
*14380 11673             216    7612.6200000 4873.33307  36.0%   106 1382s
 14439 11791 5651.25022   53  213 7612.62000 4875.43606  36.0%   106 1396s
 14572 11913 4950.99368   30  367 7612.62000 4875.79816  36.0%   107 1411s
 14693 12222 5368.67250   77   39 7612.62000 4875.98380  35.9%   108 1425s
 15048 12324 7042.65836  192   32 7612.62000 4877.41133  35.9%   107 1442s
 15163 12402     cutoff  219      7612.62000 4878.82193  35.9%   108 1455s
 15258 12435 7608.48000  219    - 7612.62000 4879.45960  35.9%   109 1469s
 15297 12502     cutoff  219      7612.62000 4879.96455  35.9%   109 1483s
 15370 12621 5380.87220   48  416 7612.62000 4880.90684  35.9%   110 1498s
 15515 12817 4903.59012   25  555 7612.62000 4881.13770  35.9%   110 1514s
 15592 12817 5945.98395   71  201 7612.62000 4881.13770  35.9%   111 1515s
 15734 12928 5673.23241   78   77 7612.62000 4885.34509  35.8%   110 1529s
 15781 12928 6587.61077  125   60 7612.62000 4885.34509  35.8%   110 1530s
 15886 13011 5021.70992   24  500 7612.62000 4885.51922  35.8%   110 1543s
 15969 13256 5529.14571   52  309 7612.62000 4885.51922  35.8%   111 1559s
 15997 13256 6070.47604   80  132 7612.62000 4885.51922  35.8%   111 1560s
 16224 13330 7008.07685  108  156 7612.62000 4885.96456  35.8%   111 1575s
 16315 13509 5451.38561   44  344 7612.62000 4885.96545  35.8%   112 1591s
 16511 13603 5021.11262   24  489 7612.62000 4885.96545  35.8%   112 1607s
 16605 13805 5837.14474   58  283 7612.62000 4886.30217  35.8%   113 1623s
 16712 13805 5611.31534   88   84 7612.62000 4886.71584  35.8%   113 1625s
 16866 13959 5231.79723   30  349 7612.62000 4886.71584  35.8%   112 1639s
 16899 13959 5872.92321   63  115 7612.62000 4886.71584  35.8%   113 1640s
 17022 14082 6559.42500  137   32 7612.62000 4887.35436  35.8%   113 1708s
 17036 14082 6638.30568  151   48 7612.62000 4887.35436  35.8%   113 1710s
 17161 14204     cutoff  213      7612.62000 4888.44531  35.8%   113 1725s
 17305 14366 5506.94996   57  303 7612.62000 4889.43571  35.8%   113 1742s
 17501 14486     cutoff  171      7612.62000 4889.95098  35.8%   114 1758s
 17643 14727 5523.15995   51  128 7612.62000 4891.38134  35.7%   114 1773s
 17783 14727 6654.77636  191   28 7612.62000 4891.38134  35.7%   113 1775s
 17902 14845 infeasible  216      7612.62000 4891.51767  35.7%   113 1790s
 18043 15080 5560.48880   52  408 7612.62000 4891.74976  35.7%   114 1806s
 18315 15199     cutoff  185      7612.62000 4892.04577  35.7%   113 1822s
 18434 15399 5882.27414   55  215 7612.62000 4892.58267  35.7%   114 1856s
 18448 15399 6322.40926   69  174 7612.62000 4892.58267  35.7%   114 1881s
 18661 15451 5026.13887   26  386 7612.62000 4892.63206  35.7%   114 1901s
 18713 15550 5236.00289   38  277 7612.62000 4892.63206  35.7%   115 1915s
 18732 15550 5401.40200   47   86 7612.62000 4892.63206  35.7%   115 1946s
 18812 15695 5614.11631   61  138 7612.62000 4892.63206  35.7%   116 1960s
 18971 15870 6095.12778   97   21 7612.62000 4892.73430  35.7%   116 1975s
 19157 16134 6768.49829  114   58 7612.62000 4893.20505  35.7%   117 2000s
 19514 16178 infeasible  188      7612.62000 4893.60761  35.7%   116 2015s
 19564 16317 5613.48737   50  345 7612.62000 4894.34352  35.7%   117 2030s
 19729 16434     cutoff  167      7612.62000 4894.41286  35.7%   117 2045s
 19852 16627 5698.74708   64   80 7612.62000 4894.70296  35.7%   118 2076s
 20073 16835 5684.55444   53  261 7612.62000 4894.71548  35.7%   117 2093s
 20320 17051     cutoff  188      7612.62000 4894.97866  35.7%   117 2113s
 20339 17051 5371.10157   42  202 7612.62000 4894.97866  35.7%   117 2122s
 20550 17194 5333.40856   34  241 7612.62000 4895.00472  35.7%   117 2139s
 20738 17405 5441.13295   42  431 7612.62000 4895.29122  35.7%   117 2155s
 20982 17460 7376.54425  148   74 7612.62000 4895.79297  35.7%   117 2172s
 21055 17526 5033.44180   29  401 7612.62000 4895.85236  35.7%   118 2186s
 21121 17607 5722.65717   48  298 7612.62000 4895.85236  35.7%   118 2201s
 21202 17824 6532.56953   65  142 7612.62000 4896.01639  35.7%   119 2217s
 21465 18037 4959.58388   26  513 7612.62000 4896.16156  35.7%   119 2236s
 21688 18085 5450.81654   45  228 7612.62000 4896.16156  35.7%   118 2256s
 21754 18391 5837.40846   62  138 7612.62000 4896.16156  35.7%   119 2273s
 21936 18391 6494.41490  206   13 7612.62000 4896.16156  35.7%   118 2275s
 22075 18544 6707.18654  216   13 7612.62000 4898.06157  35.7%   118 2291s
 22290 18708 infeasible  288      7612.62000 4898.41382  35.7%   118 2308s
 22456 18715 7365.73000  195    4 7612.62000 4898.50302  35.7%   118 2310s
 22472 18797 6057.12997   43  137 7612.62000 4898.88937  35.6%   118 2324s
 22530 18799 7605.63000   96    6 7612.62000 4898.88937  35.6%   118 2325s
 22576 18854     cutoff   91      7612.62000 4899.24300  35.6%   118 2340s
 22634 19107 5296.18452   55  109 7612.62000 4899.42136  35.6%   119 2358s
 22678 19107 5783.77594   99   79 7612.62000 4899.42136  35.6%   119 2360s
 22927 19140 5006.02038   23  463 7612.62000 4899.64129  35.6%   118 2378s
 22943 19140 6977.55000  159    - 7612.62000 4899.64129  35.6%   118 2380s
 22965 19365 5453.88890   39  297 7612.62000 4900.16224  35.6%   119 2396s
 23210 19420 infeasible  244      7612.62000 4900.78490  35.6%   118 2413s
 23278 19555 5627.89300   49  257 7612.62000 4900.83566  35.6%   119 2428s
 23371 19555 infeasible  160      7612.62000 4900.83566  35.6%   119 2430s
 23421 19586 7486.66750  142   33 7612.62000 4900.84878  35.6%   119 2444s
 23443 19586 infeasible  160      7612.62000 4901.66773  35.6%   119 2445s
 23467 19637 5382.10694   31  197 7612.62000 4901.66773  35.6%   120 2459s
 23518 19725 5618.73302   47  155 7612.62000 4901.66773  35.6%   120 2473s
 23606 20015 5690.87561   74   15 7612.62000 4901.66773  35.6%   121 2493s
 23788 20015 6220.01626  165   23 7612.62000 4901.66773  35.6%   121 2495s
 23924 20344 6840.01448  202   27 7612.62000 4901.86190  35.6%   121 2516s
 24312 20489 5172.42145   38  300 7612.62000 4902.01560  35.6%   120 2534s
 24363 20491 6805.23641  197   66 7612.62000 4902.01560  35.6%   120 2535s
 24505 20607 5306.94597   55   67 7612.62000 4902.01560  35.6%   120 2550s
 24602 20795 5767.39492   84  140 7612.62000 4902.61270  35.6%   120 2568s
 24715 20802 6193.87141  153   33 7612.62000 4902.61270  35.6%   120 2570s
 24833 20965 infeasible  211      7612.62000 4903.16194  35.6%   120 2586s
 25019 21077 5785.05441   39  298 7612.62000 4903.21180  35.6%   120 2606s
 25158 21266 5224.73226   37  348 7612.62000 4903.43538  35.6%   120 2622s
 25347 21466 6497.96286  152   78 7612.62000 4903.44237  35.6%   120 2637s
 25598 21520 7514.50212  240   21 7612.62000 4903.60487  35.6%   119 2653s
 25698 21701     cutoff  247      7612.62000 4904.06439  35.6%   120 2668s
 25891 21765 5287.87748   33  272 7612.62000 4904.06439  35.6%   120 2684s
 25933 21765 5495.85797   54   36 7612.62000 4904.06439  35.6%   120 2685s
 25975 21862 5629.16743   56   84 7612.62000 4904.06439  35.6%   120 2699s
 26017 21862 5874.77435   77  108 7612.62000 4904.06439  35.6%   120 2700s
 26073 22153 5969.20511   91   64 7612.62000 4904.53666  35.6%   121 2717s
 26421 22228 6546.46369  145   73 7612.62000 4904.66198  35.6%   120 2734s
 26517 22338 5396.66576   39  169 7612.62000 4904.66198  35.6%   120 2748s
 26624 22340 5697.08643   59  110 7612.62000 4904.66198  35.6%   121 2785s
 26626 22513 5731.30572   59  223 7612.62000 4904.66198  35.6%   121 2801s
 26833 22669 6062.10412   76   19 7612.62000 4904.66198  35.6%   121 2817s
 26989 22670 6732.75000  141   17 7612.62000 4904.66198  35.6%   121 2837s
 26997 22861 6818.49625  143    8 7612.62000 4905.48855  35.6%   121 2853s
 27258 22980     cutoff  221      7612.62000 4906.09910  35.6%   120 2870s
 27397 23145 6733.07377   72   89 7612.62000 4906.61630  35.5%   121 2913s
 27611 23200 6852.69635  139   46 7612.62000 4907.77440  35.5%   120 2928s
*27661 22617             154    7472.5000000 4907.78913  34.3%   121 2929s
*27662 22287             154    7395.5000000 4907.78913  33.6%   121 2929s
 27681 22368 5197.46089   43  342 7395.50000 4907.78913  33.6%   121 2942s
 27762 22525 5458.44537   72  161 7395.50000 4907.78913  33.6%   121 2957s
 27919 22835 5970.45927  113   57 7395.50000 4907.87067  33.6%   121 2975s
 28245 23084 5292.95430   37  395 7395.50000 4907.87067  33.6%   121 2994s
 28349 23084 6814.21574  173   38 7395.50000 4907.87067  33.6%   121 2995s
 28534 23169 6315.62827   85  161 7395.50000 4908.87471  33.6%   121 3008s
 28634 23303     cutoff  139      7395.50000 4909.23550  33.6%   121 3023s
 28724 23304 6444.41966   99   37 7395.50000 4909.31634  33.6%   121 3025s
 28796 23472 5494.53606   62  302 7395.50000 4909.37973  33.6%   121 3039s
 28883 23472 6964.65607  149   19 7395.50000 4909.37973  33.6%   121 3040s
 29009 23525 5117.30858   21  330 7395.50000 4909.99445  33.6%   121 3053s
 29059 23663 5705.42602   41  140 7395.50000 4909.99445  33.6%   121 3068s
 29246 23721 7384.27238  102    6 7395.50000 4910.63778  33.6%   121 3083s
 29328 23823 5817.44093   62  286 7395.50000 4910.79499  33.6%   121 3098s
 29400 23823 7360.93598  132   17 7395.50000 4910.79499  33.6%   121 3100s
 29440 23903 5317.43640   27  358 7395.50000 4910.79499  33.6%   122 3116s
 29520 24019 5410.30262   38  317 7395.50000 4910.79499  33.6%   122 3134s
 29652 24246 5601.58223   52   71 7395.50000 4910.79499  33.6%   122 3151s
 29893 24455 6055.73582  133   90 7395.50000 4911.19143  33.6%   122 3171s
 30142 24575 infeasible  207      7395.50000 4911.59618  33.6%   122 3190s
 30271 24708 5471.70745   44  234 7395.50000 4911.61596  33.6%   122 3207s
 30428 24764 7058.65214  166   43 7395.50000 4911.78576  33.6%   122 3224s
 30515 24929 5244.44899   46  238 7395.50000 4911.84770  33.6%   122 3238s
 30680 25077 6248.35524  144   22 7395.50000 4911.88864  33.6%   122 3257s
 30868 25109 5123.64294   32  339 7395.50000 4912.04742  33.6%   122 3272s
 30929 25158 5625.64411   44  363 7395.50000 4912.04742  33.6%   122 3286s
 30980 25292 6333.89878   58  332 7395.50000 4912.04742  33.6%   123 3303s
 31119 25292 7350.88941  136   11 7395.50000 4912.04742  33.6%   123 3305s
 31126 25362 6799.91657   76  206 7395.50000 4912.46197  33.6%   123 3322s
 31217 25539 5109.79842   21  339 7395.50000 4912.46197  33.6%   123 3339s
 31261 25539 5993.00827   65   86 7395.50000 4912.46197  33.6%   123 3340s
 31408 25656 5496.34740   51  266 7395.50000 4913.75115  33.6%   123 3355s
 31542 25769     cutoff  147      7395.50000 4915.17953  33.5%   123 3371s
 31670 25945 5453.85407   50  213 7395.50000 4915.63268  33.5%   123 3388s
 31881 25978     cutoff  181      7395.50000 4916.09048  33.5%   123 3405s
 31919 26009 5208.71760   29  407 7395.50000 4916.50394  33.5%   124 3420s
 31950 26071 5504.37515   34  402 7395.50000 4916.50394  33.5%   124 3437s
H31988 25013                    7233.3900000 4916.50394  32.0%   124 3438s
 32012 25149 5637.76739   51  144 7233.39000 4916.50394  32.0%   124 3453s
 32148 25326 6352.66190   86  108 7233.39000 4916.50394  32.0%   125 3471s
 32345 25475 7151.67000  126   25 7233.39000 4916.62352  32.0%   124 3487s
 32538 25597 5440.10182   39  418 7233.39000 4916.96086  32.0%   124 3502s
 32677 25688     cutoff  146      7233.39000 4917.28040  32.0%   124 3520s
 32803 25749 5066.88360   27  413 7233.39000 4917.64157  32.0%   125 3535s
 32866 25877 5182.60934   34  397 7233.39000 4917.64157  32.0%   125 3551s
 33006 25921 5342.47792   45  122 7233.39000 4917.64157  32.0%   125 3566s
 33050 26014 5738.53946   53  288 7233.39000 4917.64157  32.0%   126 3584s
 33143 26177 5895.21127   75   62 7233.39000 4917.64157  32.0%   126 3600s

Cutting planes:
  User: 3268
  Gomory: 13
  Cover: 371
  Implied bound: 173
  Projected implied bound: 5
  Clique: 32
  MIR: 98
  Flow cover: 324
  Zero half: 122
  Network: 10
  RLT: 267
  Relax-and-lift: 4
  Lazy constraints: 6501

Explored 33310 nodes (4206420 simplex iterations) in 3602.20 seconds
Thread count was 2 (of 32 available processors)

Solution count 10: 7233.39 7395.5 7472.5 ... 8916.21

Time limit reached
Best objective 7.233390000000e+03, best bound 4.917641571092e+03, gap 32.0147%

User-callback calls 371144, time in user-callback 489.66 sec
================================================================================
executing instance: ./input/Instances/Original/5/absH3low_4n25.dat
--------------------------------------------------------------------------------
Instance details
n	26
H	3
C	2029
Li:
[0, 0, 0, 0, 0, 0, 0, 0, 0, 0, 0, 0, 0, 0, 0, 0, 0, 0, 0, 0, 0, 0, 0, 0, 0, 0, ]
Ui:
[0, 34, 165, 76, 88, 188, 58, 279, 52, 132, 198, 142, 135, 165, 186, 58, 201, 196, 40, 183, 32, 90, 168, 126, 93, 146, ]
Distance matrix:
|0	299	188	235	91	202	152	147	162	277	268	132	71	162	220	69	220	289	241	124	265	80	162	132	66	302	|
|299	0	468	431	282	142	317	425	443	569	193	178	359	302	422	231	93	28	511	325	457	242	434	215	240	601	|
|188	468	0	153	265	342	308	43	192	106	455	290	117	206	142	246	379	464	252	274	360	267	211	319	231	184	|
