




arguments: ./build/bc_mirp -f ./input/orig_exec_260.cfg
Current dir: /scratch/gui/bc_mirp
File verbosity level: 9
date       time         ( uptime  ) [ thread name/id ]                   file:line     v| 
2021-02-17 01:36:01.461 (   0.640s) [main thread     ]             loguru.cpp:789   INFO| Logging to './output/vi_vc+qua/OU/V3/Original/execution_17_02_2021_01_36_01.log', mode: 'a', verbosity: 9
--------------------------------------------------------------------------------
Parameters
                           instance_path           ./input/Instances/Original/6/
                            model_policy                                       1
                             nb_vehicles                                       3
                              output_dir      ./output/vi_vc+qua/OU/V3/Original/
                            sec_strategy                                       1
                       solver_nb_threads                                       2
                         solver_show_log                                    true
                       solver_time_limit                                    3600
                              use_vi_cos                                   false
                              use_vi_cus                                   false
                         use_vi_hc1_full                                   false
                         use_vi_hc1_half                                   false
                      use_vi_hc1_quarter                                   false
                              use_vi_hc2                                   false
                              use_vi_hc3                                   false
                         use_vi_lex_full                                   false
                         use_vi_lex_half                                   false
                      use_vi_lex_quarter                                   false
                              use_vi_qua                                    true
                               use_vi_vc                                    true
                               use_vi_vr                                   false
--------------------------------------------------------------------------------
executing instance: ./input/Instances/Original/6/absH6high_1n25.dat
--------------------------------------------------------------------------------
Instance details
n	26
H	6
C	1711
Li:
[0, 0, 0, 0, 0, 0, 0, 0, 0, 0, 0, 0, 0, 0, 0, 0, 0, 0, 0, 0, 0, 0, 0, 0, 0, 0, ]
Ui:
[0, 168, 176, 34, 66, 36, 177, 106, 118, 182, 64, 141, 189, 63, 46, 111, 182, 231, 36, 66, 68, 54, 132, 90, 246, 75, ]
Distance matrix:
|0	191	200	231	334	329	146	196	208	245	218	164	283	394	151	358	156	196	309	253	201	260	127	138	130	104	|
|191	0	226	229	278	146	328	216	390	417	327	293	195	334	106	296	171	122	472	151	12	411	280	53	190	130	|
|200	226	0	38	149	359	321	10	276	274	418	364	139	204	121	173	321	115	303	141	225	236	155	202	311	256	|
|231	229	38	0	110	352	358	37	314	310	448	395	108	167	129	135	342	109	336	120	226	268	194	213	335	277	|
|334	278	149	110	0	367	467	147	422	413	546	495	86	61	203	25	423	163	429	129	271	363	303	282	424	361	|
|329	146	359	352	367	0	453	349	533	562	411	393	282	411	245	378	250	244	617	245	141	556	426	195	284	243	|
|146	328	321	358	467	453	0	321	162	215	160	112	425	524	297	491	223	341	284	397	339	266	186	276	184	210	|
|196	216	10	37	147	349	321	0	281	281	414	360	132	203	112	171	315	105	311	132	216	244	159	193	305	249	|
|208	390	276	314	422	533	162	281	0	54	321	271	410	471	316	445	348	348	123	398	398	115	125	338	313	309	|
|245	417	274	310	413	562	215	281	54	0	375	323	413	457	334	435	393	361	70	406	424	69	139	367	359	349	|
|218	327	418	448	546	411	160	414	321	375	0	57	484	606	347	569	163	393	444	446	339	421	318	288	137	199	|
|164	293	364	395	495	393	112	360	271	323	57	0	437	556	300	519	144	346	393	401	305	367	261	249	109	163	|
|283	195	139	108	86	282	425	132	410	413	484	437	0	139	137	101	349	91	443	44	187	375	286	206	355	291	|
|394	334	204	167	61	411	524	203	471	457	606	556	139	0	264	38	483	222	467	183	326	403	356	341	484	421	|
|151	106	121	129	203	245	297	112	316	334	347	300	137	264	0	225	220	46	381	102	106	316	195	84	221	158	|
|358	296	173	135	25	378	491	171	445	435	569	519	101	38	225	0	444	184	450	145	288	384	328	303	446	383	|
|156	171	321	342	423	250	223	315	348	393	163	144	349	483	220	444	0	261	460	308	183	415	284	143	39	65	|
|196	122	115	109	163	244	341	105	348	361	393	346	91	222	46	184	261	0	402	56	118	336	224	119	264	200	|
|309	472	303	336	429	617	284	311	123	70	444	393	443	467	381	450	460	402	0	442	477	68	192	424	426	413	|
|253	151	141	120	129	245	397	132	398	406	446	401	44	183	102	145	308	56	442	0	143	375	273	164	315	251	|
|201	12	225	226	271	141	339	216	398	424	339	305	187	326	106	288	183	118	477	143	0	416	286	63	202	142	|
|260	411	236	268	363	556	266	244	115	69	421	367	375	403	316	384	415	336	68	375	416	0	135	365	384	363	|
|127	280	155	194	303	426	186	159	125	139	318	261	286	356	195	328	284	224	192	273	286	135	0	232	256	229	|
|138	53	202	213	282	195	276	193	338	367	288	249	206	341	84	303	143	119	424	164	63	365	232	0	153	89	|
|130	190	311	335	424	284	184	305	313	359	137	109	355	484	221	446	39	264	426	315	202	384	256	153	0	64	|
|104	130	256	277	361	243	210	249	309	349	199	163	291	421	158	383	65	200	413	251	142	363	229	89	64	0	|

--------------------------------------------------------------------------------
Building model...
	using lazy and cut (CVRPSEP package)
Solving IRP LP...
--------------------------------------------------------------------------------

Gurobi 9.1.0 (linux64) logging started Wed Feb 17 01:36:01 2021

Gurobi Optimizer version 9.1.0 build v9.1.0rc0 (linux64)
Thread count: 32 physical cores, 32 logical processors, using up to 2 threads
Optimize a model with 1598 rows, 6950 columns and 17954 nonzeros
Model fingerprint: 0x7a29d1db
Variable types: 632 continuous, 6318 integer (468 binary)
Coefficient statistics:
  Matrix range     [1e+00, 6e+02]
  Objective range  [1e-01, 6e+02]
  Bounds range     [1e+00, 2e+02]
  RHS range        [1e+00, 3e+03]
Presolve removed 307 rows and 101 columns
Presolve time: 0.09s
Presolved: 1291 rows, 6849 columns, 16682 nonzeros
Variable types: 505 continuous, 6344 integer (5879 binary)

Root relaxation: objective 1.362352e+04, 2015 iterations, 0.05 seconds

    Nodes    |    Current Node    |     Objective Bounds      |     Work
 Expl Unexpl |  Obj  Depth IntInf | Incumbent    BestBd   Gap | It/Node Time

     0     0 13623.5244    0  221          - 13623.5244      -     -    0s
     0     0 13859.8133    0  199          - 13859.8133      -     -    0s
     0     0 13874.9163    0  197          - 13874.9163      -     -    0s
     0     0 13907.6758    0  215          - 13907.6758      -     -    0s
     0     0 13924.0066    0  226          - 13924.0066      -     -    0s
     0     0 13924.2223    0  236          - 13924.2223      -     -    0s
     0     0 14663.6306    0  322          - 14663.6306      -     -    0s
     0     0 14709.4989    0  338          - 14709.4989      -     -    1s
     0     0 14734.3099    0  380          - 14734.3099      -     -    1s
     0     0 14775.3524    0  354          - 14775.3524      -     -    1s
     0     0 14792.4886    0  397          - 14792.4886      -     -    1s
     0     0 14821.3708    0  344          - 14821.3708      -     -    1s
     0     0 14830.5570    0  375          - 14830.5570      -     -    1s
     0     0 14845.8176    0  336          - 14845.8176      -     -    1s
     0     0 14854.1819    0  349          - 14854.1819      -     -    1s
     0     0 14855.4163    0  357          - 14855.4163      -     -    1s
     0     0 14855.5410    0  341          - 14855.5410      -     -    1s
     0     0 15186.4579    0  446          - 15186.4579      -     -    1s
     0     0 15331.6004    0  460          - 15331.6004      -     -    2s
     0     0 15352.2953    0  493          - 15352.2953      -     -    2s
     0     0 15358.2689    0  484          - 15358.2689      -     -    2s
     0     0 15359.9474    0  464          - 15359.9474      -     -    2s
     0     0 15361.2049    0  460          - 15361.2049      -     -    2s
     0     0 15536.4501    0  474          - 15536.4501      -     -    3s
     0     0 15560.2179    0  492          - 15560.2179      -     -    3s
     0     0 15564.3433    0  500          - 15564.3433      -     -    3s
     0     0 15564.9227    0  498          - 15564.9227      -     -    3s
     0     0 15595.2331    0  424          - 15595.2331      -     -    3s
     0     0 15599.2232    0  503          - 15599.2232      -     -    3s
     0     0 15599.7447    0  518          - 15599.7447      -     -    3s
     0     0 15615.3021    0  492          - 15615.3021      -     -    4s
     0     0 15616.0453    0  510          - 15616.0453      -     -    4s
     0     2 15644.3475    0  466          - 15644.3475      -     -    5s
    23    26 15856.8958    7  618          - 15715.5581      -  1161   10s
    51    55 16252.2031   13  507          - 15715.5581      -  1088   15s
    99   104 16586.9327   24  463          - 15715.5581      -   836   20s
   186   199 16869.0608   43  312          - 15715.5581      -   606   25s
   415   488 17965.8971   97  133          - 15715.5581      -   342   30s
   722   768 20299.3839  244   41          - 15715.5581      -   233   35s
   870   828 15967.3318    7  510          - 15762.1383      -   215   40s
   882   836 17196.0350   62  638          - 16214.4213      -   213   45s
   898   848 17824.0121  121  227          - 16255.1464      -   229   50s
   912   858 19317.5730  195  673          - 16258.3977      -   226   55s
   931   873 16313.6382   23  541          - 16289.8585      -   250   60s
   963   898 16360.4155   31  544          - 16312.6522      -   272   65s
  1000   926 16427.4683   40  407          - 16312.6522      -   290   70s
  1074   980 16753.6819   58  284          - 16312.6522      -   305   75s
  1215  1083 17103.7982   97  227          - 16312.6522      -   298   80s
  1449  1256 17844.9320  161  108          - 16312.6522      -   273   85s
  1602  1331 16407.0641   22  578          - 16321.1302      -   263   90s
  1745  1343 16552.3878   31  583          - 16321.1302      -   257   95s
  1788  1375 16574.9195   41  256          - 16321.1302      -   263  100s
  1852  1421 16655.5503   54  228          - 16321.1302      -   266  105s
  1942  1484 16799.3154   67  353          - 16321.1302      -   267  110s
  2011  1546 16953.8041   82  228          - 16321.1302      -   268  117s
  2087  1605 17065.4210   97  315          - 16321.1302      -   266  121s
  2238  1738 17845.9588  126  238          - 16321.1302      -   261  127s
  2442  1772 19240.4504  186   86          - 16321.1302      -   249  130s
  2551  1993 17907.3429  168  226          - 16321.1302      -   245  135s
H 2663  1912                    20806.930000 16321.1302  21.6%   238  135s
H 2740  1766                    20492.310000 16321.1302  20.4%   234  138s
H 2740  1717                    20405.490000 16321.1302  20.0%   234  138s
  2744  1778 18263.7106  190  174 20405.4900 16321.1302  20.0%   234  140s
  2851  1768 16485.4265   22  579 20405.4900 16331.1323  20.0%   232  145s
  2890  1795 16611.1791   30  485 20405.4900 16331.1323  20.0%   235  150s
  2927  1828 16725.0299   33  396 20405.4900 16331.1323  20.0%   237  155s
  2965  1856 16797.5218   41  251 20405.4900 16331.1323  20.0%   238  161s
  3029  1912 16798.6145   50  292 20405.4900 16331.1323  20.0%   238  167s
  3071  1934 16841.6054   58  269 20405.4900 16331.1323  20.0%   238  171s
  3167  2022 16980.4718   76  250 20405.4900 16331.1323  20.0%   237  178s
  3225  2080 17402.1060   88  241 20405.4900 16331.1323  20.0%   237  181s
  3328  2155 17858.4313  114   94 20405.4900 16331.1323  20.0%   236  185s
  3410  2233 16557.2927   34  438 20405.4900 16339.6288  19.9%   236  192s
H 3413  2221                    20311.210000 16339.6288  19.6%   236  192s
  3464  2335 16901.1693   47  286 20311.2100 16339.6288  19.6%   236  196s
  3612  2398 17221.8542   73  300 20311.2100 16339.6288  19.6%   230  201s
  3677  2479 19503.6288  131  108 20311.2100 16346.7721  19.5%   230  205s
  3781  2519     cutoff  192      20311.2100 16347.3082  19.5%   227  210s
H 3782  2510                    20248.210000 16347.3082  19.3%   227  210s
  3850  2556 16764.7387   29  451 20248.2100 16358.2164  19.2%   231  218s
  3875  2574 16890.5340   34  362 20248.2100 16358.2164  19.2%   233  222s
  3893  2607 16974.0923   40  409 20248.2100 16358.2164  19.2%   236  225s
  3926  2639 17208.8488   45  453 20248.2100 16358.2164  19.2%   237  243s
H 3941  2441                    19535.030000 16358.2164  16.3%   237  243s
  3958  2477 17172.1404   52  333 19535.0300 16358.2164  16.3%   238  247s
  3994  2517 17362.2559   61  224 19535.0300 16358.2164  16.3%   239  252s
  4034  2641 17427.2019   67  354 19535.0300 16358.2164  16.3%   239  257s
  4158  2896 17510.4748   74  369 19535.0300 16358.2164  16.3%   237  264s
  4189  2896 18230.6374  115   56 19535.0300 16358.2164  16.3%   237  265s
  4450  2957 17751.2730   87  239 19535.0300 16358.2164  16.3%   226  270s
  4512  3042 18319.4361  106  204 19535.0300 16358.2164  16.3%   227  276s
  4597  3152 18901.0615  124  158 19535.0300 16361.2398  16.2%   226  283s
  4737  3238 16667.0619   29  492 19535.0300 16361.2398  16.2%   223  289s
  4836  3296 17199.3000   40  507 19535.0300 16361.2398  16.2%   223  294s
  4894  3450 17989.1862   73  297 19535.0300 16367.3165  16.2%   223  301s
  5069  3482 16876.7184   28  576 19535.0300 16367.8845  16.2%   220  308s
  5101  3554 17203.7912   42  344 19535.0300 16367.8845  16.2%   222  313s
  5173  3693 17501.8104   66  299 19535.0300 16369.4511  16.2%   222  321s
  5334  3722 16581.9845   28  485 19535.0300 16371.8761  16.2%   220  328s
  5363  3752 16652.7381   36  435 19535.0300 16371.8761  16.2%   222  334s
  5393  3804 16845.1354   43  452 19535.0300 16371.8761  16.2%   224  340s
  5445  3885 16900.6384   55  303 19535.0300 16371.8761  16.2%   225  347s
  5526  3946 17679.8074   75  177 19535.0300 16371.8761  16.2%   226  354s
  5589  4103 17431.0392   79  169 19535.0300 16376.6025  16.2%   225  362s
  5778  4146 16683.7688   28  605 19535.0300 16376.8141  16.2%   223  369s
  5821  4256 16904.7824   39  484 19535.0300 16376.8141  16.2%   224  378s
H 5858  4222                    19465.030000 16376.8141  15.9%   224  378s
  5942  4307 17813.3513   76  239 19465.0300 16378.0485  15.9%   223  386s
  6043  4396 16717.3403   37  492 19465.0300 16378.0485  15.9%   223  394s
  6069  4396 17303.1262   52  350 19465.0300 16378.0485  15.9%   224  395s
  6144  4520 17576.1850   63  359 19465.0300 16382.6024  15.8%   224  403s
  6280  4600 16753.2083   28  351 19465.0300 16382.6024  15.8%   223  412s
  6372  4655 16973.2714   33  347 19465.0300 16382.6024  15.8%   224  420s
  6427  4785 17865.9422   46  311 19465.0300 16382.6024  15.8%   226  429s
  6534  4785 18442.3207  105   99 19465.0300 16382.6024  15.8%   225  430s
  6579  4874 19144.4256   71  217 19465.0300 16401.2997  15.7%   225  437s
  6692  4956 16835.6024   34  482 19465.0300 16401.2997  15.7%   225  446s
  6792  5065 17421.2667   63  430 19465.0300 16401.2997  15.7%   225  454s
  6901  5085 18915.7303  117  275 19465.0300 16412.9047  15.7%   225  464s
H 6925  4683                    19080.960000 16412.9047  14.0%   225  464s
  6935  4750 16830.4976   26  572 19080.9600 16412.9047  14.0%   225  474s
  7043  4904 17318.5822   44  539 19080.9600 16412.9047  14.0%   225  483s
  7217  4990 18991.8769  108  126 19080.9600 16413.5988  14.0%   223  493s
  7321  5086 16607.5948   27  582 19080.9600 16413.5988  14.0%   224  505s
  7417  5302 17594.6843   69  311 19080.9600 16416.3546  14.0%   226  518s
  7647  5446 16951.3540   45  556 19080.9600 16417.7950  14.0%   225  529s
  7752  5446 18393.1161  146   57 19080.9600 16417.8234  14.0%   224  530s
  7827  5503 16514.7867   34  514 19080.9600 16417.8234  14.0%   224  540s
  7886  5636 17304.1711   65  353 19080.9600 16418.5438  14.0%   227  555s
  8036  5726 16888.5659   32  384 19080.9600 16418.5438  14.0%   228  567s
  8168  5866 17609.1461   68  304 19080.9600 16426.2962  13.9%   229  579s
  8317  5965 17439.4221   64  360 19080.9600 16427.3637  13.9%   229  596s
  8438  6118 16652.6487   33  348 19080.9600 16432.7631  13.9%   230  608s
  8617  6240 17016.3840   45  388 19080.9600 16440.6416  13.8%   230  621s
  8773  6359 16709.2490   37  610 19080.9600 16441.0153  13.8%   231  635s
  8873  6359 18444.7391  110  180 19080.9600 16441.0153  13.8%   231  640s
  8908  6501 18221.9359   88  275 19080.9600 16441.0972  13.8%   231  653s
  9083  6726 17037.4417   50  435 19080.9600 16441.6696  13.8%   231  667s
  9356  6772 16777.2001   32  542 19080.9600 16441.6696  13.8%   229  685s
H 9367  6732                    19047.460000 16441.6696  13.7%   229  685s
  9402  6814 16927.5891   37  580 19047.4600 16441.6696  13.7%   231  696s
  9484  6922 17416.8268   49  470 19047.4600 16441.6696  13.7%   233  709s
  9612  7047 17756.3378   61  441 19047.4600 16445.4238  13.7%   234  732s
  9777  7154 16699.7260   29  507 19047.4600 16449.3566  13.6%   234  747s
  9884  7522 17189.6618   49  238 19047.4600 16449.3566  13.6%   235  762s
 10291  7694 17986.9172  114   73 19047.4600 16449.8032  13.6%   232  783s
 10532  7809     cutoff  174      19047.4600 16449.8032  13.6%   230  795s
 10636  7940 18039.0989   63  210 19047.4600 16450.1884  13.6%   232  808s
 10801  7984 17107.3008   45  479 19047.4600 16450.2059  13.6%   232  875s
 10845  8191 17393.6502   67  211 19047.4600 16451.1412  13.6%   232  889s
 11009  8191 18623.0994  142   87 19047.4600 16451.1412  13.6%   230  890s
 11086  8325 18956.7658  147   65 19047.4600 16452.1996  13.6%   231  903s
 11242  8415 17853.4626   86  294 19047.4600 16454.2927  13.6%   232  922s
 11352  8451 16787.5198   32  632 19047.4600 16455.1923  13.6%   233  935s
 11388  8521 16898.3014   39  654 19047.4600 16455.1923  13.6%   236  948s
 11458  8627 17403.2978   56  430 19047.4600 16455.1923  13.6%   237  967s
 11586  8860 17629.4095   65  318 19047.4600 16458.6225  13.6%   239  984s
H11774  8184                    18732.260000 16458.6225  12.1%   238  984s
 11829  8184 17810.6735   97  256 18732.2600 16459.0050  12.1%   238  985s
 11859  8259 16688.1039   27  469 18732.2600 16459.0050  12.1%   238  999s
 11994  8370 16694.4028   37  489 18732.2600 16460.5967  12.1%   239 1019s
 12060  8370 18603.2812   96  150 18732.2600 16460.5967  12.1%   240 1020s
 12138  8528 16920.3984   33  443 18732.2600 16462.4683  12.1%   240 1035s
 12318  8645 16598.4424   29  479 18732.2600 16463.6225  12.1%   241 1049s
 12396  8645 18718.7713  102   70 18732.2600 16463.6225  12.1%   240 1050s
 12458  8694 16764.0555   31  483 18732.2600 16464.5863  12.1%   242 1063s
 12507  8796 16921.9177   43  476 18732.2600 16464.5863  12.1%   244 1076s
H12611  8457                    18537.260000 16464.5863  11.2%   246 1092s
 12799  8563 16838.1001   35  363 18537.2600 16465.3806  11.2%   247 1108s
 12950  8735 16924.6578   39  265 18537.2600 16466.0696  11.2%   248 1124s
 13053  8735 17314.2514   71  262 18537.2600 16466.0696  11.2%   248 1125s
 13152  8870 17321.9906   72  313 18537.2600 16466.5420  11.2%   248 1139s
 13312  8870 17087.2387   56  308 18537.2600 16467.7089  11.2%   248 1140s
 13315  9025 18184.8569   72  169 18537.2600 16467.7884  11.2%   248 1156s
 13506  9107 16769.9449   32  499 18537.2600 16468.4373  11.2%   249 1170s
 13588  9307 17017.3711   52  282 18537.2600 16469.9013  11.2%   250 1189s
 13689  9307 17878.2311   89  168 18537.2600 16469.9013  11.2%   250 1190s
 13818  9517 16749.2744   39  564 18537.2600 16470.5267  11.1%   250 1207s
 14068  9642 16854.6814   39  590 18537.2600 16470.8176  11.1%   250 1222s
 14211  9767 16691.3425   32  523 18537.2600 16471.1522  11.1%   251 1245s
 14374  9896 16695.8701   43  368 18537.2600 16472.8471  11.1%   250 1262s
 14540 10006 17490.6003   71  314 18537.2600 16473.5191  11.1%   251 1279s
 14682 10146 17609.3316   78  208 18537.2600 16474.0906  11.1%   252 1295s
 14871 10303 16850.8894   40  497 18537.2600 16475.6613  11.1%   252 1315s
 15048 10517 17180.8479   42  341 18537.2600 16478.1408  11.1%   252 1332s
 15294 10630 17969.3284  103   85 18537.2600 16480.0459  11.1%   251 1355s
 15428 10721 16901.8271   37  499 18537.2600 16481.2376  11.1%   252 1370s
 15519 10856 17357.8791   67  198 18537.2600 16481.2442  11.1%   253 1385s
 15670 10997 18216.8896   61  227 18537.2600 16481.7123  11.1%   254 1408s
 15854 11098 16730.5009   44  386 18537.2600 16482.8703  11.1%   255 1424s
 15928 11098 17108.6197   51  401 18537.2600 16482.8703  11.1%   255 1425s
 15987 11240 18337.2878   81  248 18537.2600 16484.2754  11.1%   256 1441s
 16159 11353 17633.5582   61  363 18537.2600 16489.6112  11.0%   256 1466s
 16307 11482 18105.4881   60  378 18537.2600 16490.6159  11.0%   257 1482s
 16458 11646 17038.5854   43  455 18537.2600 16492.8248  11.0%   258 1498s
 16668 11781 17068.4185   51  272 18537.2600 16494.0409  11.0%   258 1514s
 16700 11781 18369.7554   83  142 18537.2600 16494.0409  11.0%   258 1515s
 16818 11988 17834.3691   69  258 18537.2600 16495.6204  11.0%   259 1532s
 17045 12139 18034.3537   89  181 18537.2600 16495.7527  11.0%   258 1550s
 17245 12230 18250.1070   97  261 18537.2600 16496.7442  11.0%   258 1566s
 17377 12420 16799.2682   35  573 18537.2600 16497.2174  11.0%   259 1582s
 17583 12646 17197.6918   62  273 18537.2600 16497.5834  11.0%   259 1607s
 17875 12772 17056.1105   31  468 18537.2600 16501.3840  11.0%   258 1624s
 17949 12772 18446.3112   97   89 18537.2600 16501.3840  11.0%   258 1625s
 18043 12969 16899.0619   39  458 18537.2600 16503.9913  11.0%   259 1641s
 18260 13118 17106.5883   41  475 18537.2600 16504.5797  11.0%   258 1659s
 18465 13300 17316.2241   60  338 18537.2600 16507.9962  10.9%   258 1676s
 18720 13454 17347.4779   64  268 18537.2600 16509.0197  10.9%   258 1693s
 18909 13605 17069.5035   67  202 18537.2600 16509.1714  10.9%   258 1712s
 19086 13751 16813.3791   50  410 18537.2600 16509.1714  10.9%   258 1728s
 19252 13870 17776.0870   74  146 18537.2600 16509.6184  10.9%   259 1745s
 19389 13991 17008.7706   49  523 18537.2600 16510.6787  10.9%   260 1761s
 19538 14162 18292.3907   77  198 18537.2600 16512.4311  10.9%   261 1778s
 19740 14308 18290.6505   81  177 18537.2600 16513.1995  10.9%   261 1795s
 19940 14444 17128.9116   57  320 18537.2600 16514.8010  10.9%   261 1813s
 20098 14647 16854.4037   48  429 18537.2600 16515.3758  10.9%   261 1831s
 20303 14854 18127.6128  116   70 18537.2600 16515.4264  10.9%   261 1853s
 20575 15016 17320.2657   47  439 18537.2600 16515.9736  10.9%   260 1871s
 20784 15193     cutoff   73      18537.2600 16517.2663  10.9%   260 1888s
 20824 15193 17325.7219   56  341 18537.2600 16517.2663  10.9%   261 1891s
 21001 15335 17140.0593   40  400 18537.2600 16518.8020  10.9%   260 1908s
 21165 15473 16986.2029   34  448 18537.2600 16519.2425  10.9%   260 1925s
 21323 15759 17290.7370   54  302 18537.2600 16519.3488  10.9%   261 1944s
 21525 15759 17025.9337   50  455 18537.2600 16519.3488  10.9%   260 1945s
 21664 15912 16986.5123   30  560 18537.2600 16519.4053  10.9%   259 1962s
 21836 16090 17208.4031   49  291 18537.2600 16519.5192  10.9%   259 1980s
 22064 16189 16837.3699   46  479 18537.2600 16520.1798  10.9%   259 1996s
 22180 16318 16826.1066   36  504 18537.2600 16521.1214  10.9%   260 2014s
 22309 16553 17277.4999   55  314 18537.2600 16521.5431  10.9%   261 2033s
 22592 16715 16803.8627   31  553 18537.2600 16521.8132  10.9%   260 2058s
 22797 16862 16797.9727   26  509 18537.2600 16522.1595  10.9%   260 2075s
 22985 16974 16618.3445   24  674 18537.2600 16522.4915  10.9%   261 2091s
 23097 17146 17498.4471   87  277 18537.2600 16522.4915  10.9%   261 2110s
 23315 17279 16629.8519   43  417 18537.2600 16522.7800  10.9%   261 2128s
 23476 17485 17125.3952   65  277 18537.2600 16523.5208  10.9%   262 2149s
 23719 17624 17070.0731   53  359 18537.2600 16524.3540  10.9%   261 2165s
 23890 17773 18069.8796   78  285 18537.2600 16524.5192  10.9%   262 2182s
 24069 17919 17101.9429   51  379 18537.2600 16527.3389  10.8%   262 2200s
 24237 18109 17382.4589   54  186 18537.2600 16527.6570  10.8%   262 2217s
 24486 18286 17533.7851   78  196 18537.2600 16532.4726  10.8%   262 2236s
 24720 18442 16879.0063   52  333 18537.2600 16533.1762  10.8%   262 2254s
 24759 18442 18339.5801   91  164 18537.2600 16533.1762  10.8%   262 2255s
 24944 18594 16950.3424   33  530 18537.2600 16533.6906  10.8%   262 2271s
 25127 18861 16682.5751   44  364 18537.2600 16534.2077  10.8%   262 2290s
 25418 18950 17197.2273   69  224 18537.2600 16534.2077  10.8%   262 2320s
 25507 19153 17693.9409   86  177 18537.2600 16535.2654  10.8%   262 2338s
 25773 19293 16916.7206   37  482 18537.2600 16536.0305  10.8%   261 2356s
 25961 19437 17160.7797   44  537 18537.2600 16536.6552  10.8%   261 2372s
 26139 19625 18063.3694   75  202 18537.2600 16538.9014  10.8%   262 2395s
 26365 19741 18396.7158  121  134 18537.2600 16538.9583  10.8%   261 2412s
 26513 19891 17254.6755   46  438 18537.2600 16539.3152  10.8%   262 2433s
 26722 20100 16932.9670   39  428 18537.2600 16539.8193  10.8%   263 2450s
 26983 20205 16752.7595   45  492 18537.2600 16540.4308  10.8%   262 2467s
 27111 20474 17457.2397   67  297 18537.2600 16541.3204  10.8%   263 2487s
 27442 20692     cutoff  115      18537.2600 16542.1337  10.8%   262 2505s
 27690 20835 17032.1415   51  404 18537.2600 16542.3515  10.8%   262 2523s
 27870 20957 18099.9602   70  217 18537.2600 16543.1674  10.8%   262 2541s
 28024 21135 16874.6100   32  482 18537.2600 16543.4863  10.8%   263 2559s
 28114 21135 17321.3483   46  423 18537.2600 16543.6995  10.8%   263 2560s
 28235 21351 16993.0149   50  445 18537.2600 16543.9295  10.8%   263 2577s
 28473 21455 16663.5142   44  346 18537.2600 16544.0827  10.8%   263 2593s
 28577 21601 17101.6363   55  483 18537.2600 16544.0827  10.8%   263 2611s
 28759 21737 17324.3261   58  390 18537.2600 16544.0827  10.8%   264 2628s
 28915 21917 18394.5693   75  302 18537.2600 16544.7356  10.7%   264 2646s
 29200 22069 16636.3999   35  505 18537.2600 16545.0350  10.7%   264 2664s
 29292 22069 17977.5291   78  146 18537.2600 16545.0741  10.7%   264 2665s
 29394 22188 17355.6048   54  340 18537.2600 16546.2090  10.7%   264 2681s
 29552 22366 16785.1997   42  529 18537.2600 16547.3580  10.7%   264 2698s
 29760 22495 17720.2697   72  180 18537.2600 16547.6023  10.7%   264 2715s
 29924 22661 16754.5122   32  518 18537.2600 16548.1105  10.7%   265 2733s
 30122 22838 16909.9334   36  393 18537.2600 16548.5443  10.7%   265 2751s
 30363 22981 16779.4681   32  534 18537.2600 16549.2647  10.7%   265 2769s
 30529 23159 16754.7113   40  307 18537.2600 16549.3316  10.7%   265 2788s
 30733 23382 17583.7248   91  137 18537.2600 16549.6746  10.7%   265 2807s
 31013 23546 17106.3070   66  357 18537.2600 16550.0213  10.7%   265 2826s
 31227 23725 16835.1598   34  432 18537.2600 16550.3417  10.7%   265 2843s
 31432 23725 infeasible  114      18537.2600 16550.7010  10.7%   265 2845s
 31442 23876 17391.2902   79  144 18537.2600 16551.2217  10.7%   265 2861s
 31611 24092 17647.3941   63  239 18537.2600 16551.2790  10.7%   265 2881s
 31893 24185 17142.2519   55  446 18537.2600 16552.4143  10.7%   265 2898s
 32016 24263 16953.8144   37  550 18537.2600 16552.5457  10.7%   265 2914s
 32094 24424 17554.4474   57  368 18537.2600 16552.7456  10.7%   266 2931s
 32277 24637 16802.3530   51  482 18537.2600 16552.9769  10.7%   266 2950s
 32556 24708 16624.8519   32  481 18537.2600 16553.7614  10.7%   266 2970s
 32627 25011 16939.1130   48  288 18537.2600 16553.7614  10.7%   267 2990s
 32954 25205 17595.4411  103  162 18537.2600 16554.2938  10.7%   266 3007s
 33181 25407 17253.6787   57  349 18537.2600 16554.4147  10.7%   266 3026s
 33424 25583 17955.8622   95   81 18537.2600 16554.4641  10.7%   266 3044s
 33610 25583 18392.6692  111  137 18537.2600 16554.7678  10.7%   266 3045s
 33634 25755 16840.5721   44  612 18537.2600 16555.3072  10.7%   266 3062s
 33844 25899 16722.6151   35  455 18537.2600 16555.9428  10.7%   266 3080s
 33996 26193 17322.6675   61  214 18537.2600 16556.0710  10.7%   266 3108s
 34355 26353 17115.6970   45  440 18537.2600 16556.6688  10.7%   265 3126s
 34547 26582 18203.9472  112  174 18537.2600 16556.8919  10.7%   266 3145s
 34819 26747 17484.6711   53  349 18537.2600 16557.2117  10.7%   265 3163s
 35006 27113 17369.0441   59  245 18537.2600 16557.3376  10.7%   265 3182s
 35430 27371 17766.1232   92  167 18537.2600 16557.6591  10.7%   264 3202s
 35741 27504 16852.6689   37  442 18537.2600 16558.4087  10.7%   263 3219s
 35773 27504 17825.5488   69  260 18537.2600 16558.4087  10.7%   263 3220s
 35895 27616 17039.4170   35  492 18537.2600 16558.4206  10.7%   264 3236s
 36007 27819 18402.1230   67  172 18537.2600 16558.6520  10.7%   264 3255s
 36253 27954 16838.7677   34  308 18537.2600 16559.1722  10.7%   264 3272s
 36388 28251 17654.5462   78  111 18537.2600 16559.2180  10.7%   264 3299s
 36452 28251 18061.1118  104   66 18537.2600 16559.2180  10.7%   264 3300s
 36733 28393 16968.9193   34  484 18537.2600 16559.5295  10.7%   264 3316s
 36899 28552 17587.0918   70  250 18537.2600 16559.6466  10.7%   264 3337s
 37098 28657 16963.9304   36  449 18537.2600 16560.3306  10.7%   264 3354s
 37213 28841 17874.5607   55  289 18537.2600 16561.8950  10.7%   264 3372s
 37459 29054 16769.8172   34  459 18537.2600 16562.6079  10.7%   264 3392s
 37720 29222 16620.0016   34  508 18537.2600 16562.8915  10.7%   264 3409s
 37779 29222 18081.2694   93  142 18537.2600 16562.8915  10.7%   264 3410s
 37919 29355 16923.2114   37  422 18537.2600 16562.9949  10.7%   264 3428s
 38062 29530 17334.9638   43  227 18537.2600 16562.9949  10.7%   265 3445s
 38259 29729 17495.5526   86  140 18537.2600 16563.3301  10.6%   264 3466s
 38534 29867 16866.3177   50  516 18537.2600 16564.4973  10.6%   264 3484s
 38592 29867 17169.3603   46  323 18537.2600 16564.4973  10.6%   264 3485s
 38694 30157 17864.9953   70  209 18537.2600 16564.7892  10.6%   265 3504s
 38860 30157 16887.9272   43  310 18537.2600 16564.7892  10.6%   264 3505s
 39043 30280 16897.6251   44  286 18537.2600 16565.6450  10.6%   264 3524s
 39150 30280 18453.9783   98  234 18537.2600 16565.7132  10.6%   264 3525s
 39198 30440 17773.8180   80  270 18537.2600 16565.7781  10.6%   264 3542s
 39400 30623 17071.7240   45  468 18537.2600 16566.3259  10.6%   264 3559s
 39442 30623 18109.6950   87  164 18537.2600 16566.3259  10.6%   264 3560s
 39633 30824 18136.1022   91  191 18537.2600 16566.8950  10.6%   264 3578s
 39837 30824 17787.8253   83  255 18537.2600 16566.9172  10.6%   264 3580s
 39874 30965 18024.1605   88  220 18537.2600 16566.9721  10.6%   264 3598s
 40055 30972 16965.1893   48  576 18537.2600 16566.9721  10.6%   264 3600s

Cutting planes:
  User: 5026
  Gomory: 51
  Cover: 432
  Implied bound: 289
  Projected implied bound: 20
  Clique: 38
  MIR: 203
  StrongCG: 2
  Flow cover: 507
  Zero half: 12
  Network: 1
  RLT: 330
  Relax-and-lift: 9
  Lazy constraints: 391

Explored 40062 nodes (10585832 simplex iterations) in 3600.04 seconds
Thread count was 2 (of 32 available processors)

Solution count 10: 18537.3 18732.3 19047.5 ... 20492.3

Time limit reached
Best objective 1.853726000000e+04, best bound 1.656697206996e+04, gap 10.6288%

User-callback calls 392623, time in user-callback 306.41 sec
================================================================================
executing instance: ./input/Instances/Original/6/absH6high_1n20.dat
--------------------------------------------------------------------------------
Instance details
n	21
H	6
C	1651
Li:
[0, 0, 0, 0, 0, 0, 0, 0, 0, 0, 0, 0, 0, 0, 0, 0, 0, 0, 0, 0, 0, ]
Ui:
[0, 36, 182, 182, 90, 261, 117, 30, 110, 42, 276, 153, 40, 94, 144, 46, 129, 213, 264, 160, 174, ]
Distance matrix:
|0	371	401	343	361	341	370	115	392	400	79	266	292	245	355	431	265	194	95	92	348	|
|371	0	37	141	110	250	117	438	67	131	372	305	115	238	247	255	235	296	392	430	185	|
|401	37	0	175	100	284	146	472	90	156	406	342	152	275	280	282	242	333	415	455	178	|
|343	141	175	0	239	110	38	374	95	60	314	182	67	130	106	127	318	201	397	423	303	|
|361	110	100	239	0	341	222	451	177	240	385	374	190	304	341	361	151	345	354	398	78	|
|341	250	284	110	341	0	143	337	203	151	289	102	152	97	15	95	394	156	415	431	398	|
|370	117	146	38	222	143	0	407	61	30	346	220	81	167	137	139	317	237	417	447	292	|
|115	438	472	374	451	337	407	0	443	434	66	241	339	251	351	431	374	181	201	177	450	|
|392	67	90	95	177	203	61	443	0	66	379	275	104	216	197	193	294	283	427	461	252	|
|400	131	156	60	240	151	30	434	66	0	374	237	112	189	142	127	344	261	448	477	312	|
|79	372	406	314	385	289	346	66	379	374	0	202	275	197	304	383	316	134	175	166	388	|
|266	305	342	182	374	102	220	241	275	237	202	0	191	70	117	196	386	73	352	359	415	|
|292	115	152	67	190	152	81	339	104	112	275	191	0	123	154	193	252	183	336	366	246	|
|245	238	275	130	304	97	167	251	216	189	197	70	123	0	110	187	322	72	319	334	346	|
|355	247	280	106	341	15	137	351	197	142	304	117	154	110	0	80	399	171	427	444	400	|
|431	255	282	127	361	95	139	431	193	127	383	196	193	187	80	0	444	251	499	519	429	|
|265	235	242	318	151	394	317	374	294	344	316	386	252	322	399	444	0	332	226	273	97	|
|194	296	333	201	345	156	237	181	283	261	134	73	183	72	171	251	332	0	279	286	375	|
|95	392	415	397	354	415	417	201	427	448	175	352	336	319	427	499	226	279	0	47	321	|
|92	430	455	423	398	431	447	177	461	477	166	359	366	334	444	519	273	286	47	0	368	|
|348	185	178	303	78	398	292	450	252	312	388	415	246	346	400	429	97	375	321	368	0	|

--------------------------------------------------------------------------------
Building model...
	using lazy and cut (CVRPSEP package)
Solving IRP LP...
--------------------------------------------------------------------------------

Gurobi 9.1.0 (linux64) logging started Wed Feb 17 02:36:02 2021

Gurobi Optimizer version 9.1.0 build v9.1.0rc0 (linux64)
Thread count: 32 physical cores, 32 logical processors, using up to 2 threads
Optimize a model with 1293 rows, 4665 columns and 12579 nonzeros
Model fingerprint: 0x4f238aef
Variable types: 507 continuous, 4158 integer (378 binary)
Coefficient statistics:
  Matrix range     [1e+00, 6e+02]
  Objective range  [1e-01, 5e+02]
  Bounds range     [1e+00, 3e+02]
  RHS range        [1e+00, 3e+03]
Presolve removed 247 rows and 81 columns
Presolve time: 0.06s
Presolved: 1046 rows, 4584 columns, 11562 nonzeros
Variable types: 405 continuous, 4179 integer (3809 binary)

Root relaxation: objective 1.300220e+04, 1808 iterations, 0.04 seconds

    Nodes    |    Current Node    |     Objective Bounds      |     Work
 Expl Unexpl |  Obj  Depth IntInf | Incumbent    BestBd   Gap | It/Node Time

     0     0 13002.2046    0  200          - 13002.2046      -     -    0s
     0     0 13232.2088    0  188          - 13232.2088      -     -    0s
     0     0 13236.5934    0  193          - 13236.5934      -     -    0s
     0     0 13637.4038    0  308          - 13637.4038      -     -    0s
     0     0 13651.3508    0  323          - 13651.3508      -     -    0s
     0     0 13653.0740    0  317          - 13653.0740      -     -    0s
     0     0 13653.0773    0  315          - 13653.0773      -     -    0s
     0     0 13884.3865    0  331          - 13884.3865      -     -    0s
     0     0 13902.7080    0  377          - 13902.7080      -     -    1s
     0     0 13906.4731    0  375          - 13906.4731      -     -    1s
     0     0 13908.3815    0  365          - 13908.3815      -     -    1s
     0     0 13909.9696    0  368          - 13909.9696      -     -    1s
     0     0 13910.4749    0  367          - 13910.4749      -     -    1s
     0     0 13985.8218    0  337          - 13985.8218      -     -    1s
     0     0 14027.2348    0  373          - 14027.2348      -     -    1s
     0     0 14037.0580    0  378          - 14037.0580      -     -    1s
     0     0 14041.3010    0  421          - 14041.3010      -     -    1s
     0     0 14041.6824    0  419          - 14041.6824      -     -    1s
     0     0 14076.5152    0  297          - 14076.5152      -     -    1s
     0     0 14082.1460    0  379          - 14082.1460      -     -    2s
     0     0 14095.6740    0  303          - 14095.6740      -     -    2s
     0     0 14110.4345    0  320          - 14110.4345      -     -    2s
     0     0 14116.3408    0  356          - 14116.3408      -     -    2s
     0     0 14116.5064    0  376          - 14116.5064      -     -    2s
     0     0 14125.3785    0  313          - 14125.3785      -     -    2s
     0     0 14137.6908    0  347          - 14137.6908      -     -    2s
     0     0 14139.8330    0  390          - 14139.8330      -     -    2s
     0     0 14142.3492    0  313          - 14142.3492      -     -    2s
     0     0 14143.9150    0  370          - 14143.9150      -     -    2s
     0     0 14157.5430    0  338          - 14157.5430      -     -    2s
     0     0 14158.9913    0  410          - 14158.9913      -     -    2s
     0     0 14161.5854    0  412          - 14161.5854      -     -    3s
     0     0 14161.5854    0  375          - 14161.5854      -     -    3s
     0     2 14161.8241    0  373          - 14161.8241      -     -    3s
    15    18 14361.1369    5  342          - 14171.1990      -   748    5s
    83    91 14660.8073   22  282          - 14171.1990      -   581   10s
   236   260 16131.6081   61  271          - 14171.1990      -   353   15s
   524   557 17703.9350  123  142          - 14171.1990      -   225   20s
   799   781 20243.1165  227  375          - 14172.0961      -   183   25s
   825   798 17559.8829  116  518          - 14413.4999      -   177   30s
H  841   767                    24573.010000 14422.1755  41.3%   174   34s
   850   773 14852.7359   38  578 24573.0100 14441.4033  41.2%   172   35s
H  863   742                    23421.470000 14449.9540  38.3%   170   39s
   868   745 15083.7877   45  610 23421.4700 14457.5834  38.3%   169   40s
H  878   713                    22182.270000 14460.1641  34.8%   167   42s
H  898   691                    21543.960000 14462.0073  32.9%   187   45s
   911   699 14830.5699   44  629 21543.9600 14462.0073  32.9%   184   50s
   934   715 16754.6278   97  643 21543.9600 14469.7083  32.8%   180   55s
   945   722 14865.0987   43  641 21543.9600 14470.8715  32.8%   178   60s
   972   743 14519.8971   26  580 21543.9600 14509.8101  32.7%   209   65s
  1002   763 14582.5779   33  590 21543.9600 14509.8101  32.7%   229   70s
  1029   782 14649.4362   39  491 21543.9600 14509.8101  32.7%   249   75s
  1070   815 14733.9817   49  492 21543.9600 14509.8101  32.7%   262   80s
  1093   828 15073.0388   54  449 21543.9600 14509.8101  32.7%   270   85s
  1124   851 14964.3659   61  416 21543.9600 14509.8101  32.7%   281   90s
  1169   893 15262.7366   75  392 21543.9600 14509.8101  32.7%   295   95s
  1214   920 15399.4410   82  415 21543.9600 14509.8101  32.7%   297  101s
  1277   962 15738.1309   95  427 21543.9600 14509.8101  32.7%   298  105s
  1336  1014 16200.5600  111  325 21543.9600 14509.8101  32.7%   303  113s
  1400  1049 16583.9348  123  426 21543.9600 14509.8101  32.7%   305  116s
  1426  1059 16742.7809  127  376 21543.9600 14509.8101  32.7%   305  120s
  1559  1188 18149.7632  152  291 21543.9600 14509.8101  32.7%   296  126s
  1662  1220 18767.0784  170  295 21543.9600 14509.8101  32.7%   290  131s
  1783  1315 20612.6579  224  157 21543.9600 14509.8101  32.7%   281  136s
  1893  1298 14757.8484   26  464 21543.9600 14521.1825  32.6%   276  140s
  1920  1329 14972.2041   31  486 21543.9600 14521.1825  32.6%   281  145s
  1970  1347 15049.5053   39  407 21543.9600 14521.1825  32.6%   283  151s
