




arguments: ./build/bc_mirp -f ./input/orig_exec_68.cfg
Current dir: /scratch/gui/bc_mirp
File verbosity level: 9
date       time         ( uptime  ) [ thread name/id ]                   file:line     v| 
2021-02-07 06:15:14.253 (   0.136s) [main thread     ]             loguru.cpp:789   INFO| Logging to './output/vi_vc+qua/OU/V3/Original/execution_07_02_2021_06_15_14.log', mode: 'a', verbosity: 9
--------------------------------------------------------------------------------
Parameters
                           instance_path           ./input/Instances/Original/2/
                            model_policy                                       1
                             nb_vehicles                                       3
                              output_dir      ./output/vi_vc+qua/OU/V3/Original/
                            sec_strategy                                       1
                       solver_nb_threads                                       2
                         solver_show_log                                    true
                       solver_time_limit                                    3600
                              use_vi_cos                                   false
                              use_vi_cus                                   false
                         use_vi_hc1_full                                   false
                         use_vi_hc1_half                                   false
                      use_vi_hc1_quarter                                   false
                              use_vi_hc2                                   false
                              use_vi_hc3                                   false
                         use_vi_lex_full                                   false
                         use_vi_lex_half                                   false
                      use_vi_lex_quarter                                   false
                              use_vi_qua                                    true
                               use_vi_vc                                    true
                               use_vi_vr                                   false
--------------------------------------------------------------------------------
executing instance: ./input/Instances/Original/2/absH3high_3n40.dat
--------------------------------------------------------------------------------
Instance details
n	41
H	3
C	3283
Li:
[0, 0, 0, 0, 0, 0, 0, 0, 0, 0, 0, 0, 0, 0, 0, 0, 0, 0, 0, 0, 0, 0, 0, 0, 0, 0, 0, 0, 0, 0, 0, 0, 0, 0, 0, 0, 0, 0, 0, 0, 0, ]
Ui:
[0, 63, 111, 99, 96, 111, 282, 122, 156, 261, 42, 192, 126, 42, 162, 207, 159, 122, 102, 190, 118, 102, 132, 102, 165, 252, 66, 52, 22, 114, 210, 176, 116, 294, 78, 152, 210, 45, 130, 198, 174, ]
Distance matrix:
|0	208	225	252	227	143	258	127	267	150	28	83	163	286	57	149	201	137	214	255	70	73	107	186	328	266	249	343	222	177	293	144	262	215	167	120	169	218	143	173	255	|
|208	0	397	355	416	198	216	99	211	275	193	172	97	166	240	225	362	109	277	314	182	216	273	374	298	208	319	161	14	103	93	120	58	196	152	156	372	227	260	218	453	|
|225	397	0	427	53	364	482	343	492	129	253	225	382	386	171	188	39	291	187	195	295	182	282	55	326	491	180	551	408	315	457	366	455	275	392	244	221	439	341	214	101	|
|252	355	427	0	401	158	201	263	219	396	234	328	259	498	299	400	420	354	465	506	205	324	152	374	574	219	499	393	366	389	446	235	378	456	205	359	224	150	111	423	400	|
|227	416	53	401	0	357	477	352	489	165	253	245	389	424	179	223	85	315	234	245	293	200	264	42	375	488	231	565	428	344	484	370	474	314	392	270	184	430	325	252	50	|
|143	198	364	158	357	0	121	105	134	290	116	196	103	342	200	276	343	205	343	385	74	210	112	319	432	133	382	265	209	237	290	78	226	313	57	220	232	75	69	292	375	|
|258	216	482	201	477	121	0	168	18	397	230	293	135	381	314	372	459	275	437	480	188	317	228	439	501	18	479	197	222	296	290	132	212	386	95	306	347	58	173	381	496	|
|127	99	343	263	352	105	168	0	171	239	105	130	40	237	173	206	313	109	270	312	84	164	175	310	337	169	313	216	112	135	192	37	142	220	77	138	280	155	162	213	382	|
|267	211	492	219	489	134	18	171	0	404	240	298	136	376	323	376	468	276	441	483	198	324	243	450	500	2	483	181	215	294	281	136	202	386	102	309	363	75	189	384	509	|
|150	275	129	396	165	290	397	239	404	0	175	110	279	259	97	59	91	166	84	116	217	80	245	130	226	402	106	434	286	187	329	269	333	149	302	119	244	364	291	87	213	|
|28	193	253	234	253	116	230	105	240	175	0	94	139	286	84	167	229	136	234	275	43	96	98	212	341	238	271	320	206	175	281	118	244	225	140	128	180	191	124	189	280	|
|83	172	225	328	245	196	293	130	298	110	94	0	169	209	77	80	191	71	147	189	127	45	189	203	247	296	187	327	184	106	241	162	230	132	198	38	242	266	217	96	285	|
|163	97	382	259	389	103	135	40	136	279	139	169	0	253	212	244	353	141	307	349	110	203	194	347	366	133	350	183	107	161	187	27	124	251	56	175	306	133	169	249	418	|
|286	166	386	498	424	342	381	237	376	259	286	209	253	0	284	201	347	151	210	230	299	247	383	387	155	374	242	290	162	112	129	270	192	113	308	172	451	386	391	172	471	|
|57	240	171	299	179	200	314	173	323	97	84	77	212	284	0	112	145	147	170	208	127	38	148	137	299	321	201	386	253	183	315	195	297	195	222	112	171	275	195	142	214	|
|149	225	188	400	223	276	372	206	376	59	167	80	244	201	112	0	149	117	67	110	205	78	254	186	187	374	108	387	235	132	272	240	283	93	277	71	279	346	291	32	270	|
|201	362	39	420	85	343	459	313	468	91	229	191	353	347	145	149	0	254	149	160	272	150	271	66	290	466	146	518	373	278	419	339	420	235	367	207	227	418	327	175	135	|
|137	109	291	354	315	205	275	109	276	166	136	71	141	151	147	117	254	0	172	212	151	116	232	273	229	274	215	270	119	39	170	145	167	111	186	47	305	263	245	113	356	|
|214	277	187	465	234	343	437	270	441	84	234	147	307	210	170	67	149	172	0	42	272	141	317	205	144	439	43	437	284	175	307	305	331	99	343	132	327	413	357	60	283	|
|255	314	195	506	245	385	480	312	483	116	275	189	349	230	208	110	160	212	42	0	314	182	356	222	132	481	15	474	321	212	337	347	367	126	385	174	358	455	398	100	295	|
|70	182	295	205	293	74	188	84	198	217	43	127	110	299	127	205	272	151	272	314	0	137	91	253	370	196	310	292	195	188	274	85	226	252	99	155	197	148	94	223	316	|
|73	216	182	324	200	210	317	164	324	80	96	45	203	247	38	78	150	116	141	182	137	0	176	158	263	323	176	369	229	150	286	191	274	157	223	77	208	284	216	106	239	|
|107	273	282	152	264	112	228	175	243	245	98	189	194	383	148	254	271	232	317	356	91	176	0	231	435	242	349	371	286	271	365	167	315	321	164	224	120	174	61	280	274	|
|186	374	55	374	42	319	439	310	450	130	212	203	347	387	137	186	66	273	205	222	253	158	231	0	348	448	208	523	386	303	442	329	431	279	352	229	167	392	291	217	85	|
|328	298	326	574	375	432	501	337	500	226	341	247	366	155	299	187	290	229	144	132	370	263	435	348	0	498	147	441	299	206	283	374	338	119	414	215	465	492	463	157	425	|
|266	208	491	219	488	133	18	169	2	402	238	296	133	374	321	374	466	274	439	481	196	323	242	448	498	0	481	180	213	292	278	134	200	384	100	307	362	75	188	381	508	|
|249	319	180	499	231	382	479	313	483	106	271	187	350	242	201	108	146	215	43	15	310	176	349	208	147	481	0	480	326	217	346	347	373	135	385	175	347	454	392	103	280	|
|343	161	551	393	565	265	197	216	181	434	320	327	183	290	386	387	518	270	437	474	292	369	371	523	441	180	480	0	153	263	163	207	107	352	208	317	487	244	334	379	598	|
|222	14	408	366	428	209	222	112	215	286	206	184	107	162	253	235	373	119	284	321	195	229	286	386	299	213	326	153	0	109	81	132	48	201	162	167	386	236	272	226	466	|
|177	103	315	389	344	237	296	135	294	187	175	106	161	112	183	132	278	39	175	212	188	150	271	303	206	292	217	263	109	0	142	171	156	95	211	74	344	289	281	118	386	|
|293	93	457	446	484	290	290	192	281	329	281	241	187	129	315	272	419	170	307	337	274	286	365	442	283	278	346	163	81	142	0	212	79	211	241	214	461	311	353	254	525	|
|144	120	366	235	370	78	132	37	136	269	118	162	27	270	195	240	339	145	305	347	85	191	167	329	374	134	347	207	132	171	212	0	151	257	40	174	280	119	142	248	398	|
|262	58	455	378	474	226	212	142	202	333	244	230	124	192	297	283	420	167	331	367	226	274	315	431	338	200	373	107	48	156	79	151	0	245	173	214	421	237	293	273	510	|
|215	196	275	456	314	313	386	220	386	149	225	132	251	113	195	93	235	111	99	126	252	157	321	279	119	384	135	352	201	95	211	257	245	0	297	97	365	374	345	62	362	|
|167	152	392	205	392	57	95	77	102	302	140	198	56	308	222	277	367	186	343	385	99	223	164	352	414	100	385	208	162	211	241	40	173	297	0	213	283	79	126	287	415	|
|120	156	244	359	270	220	306	138	309	119	128	38	175	172	112	71	207	47	132	174	155	77	224	229	215	307	175	317	167	74	214	174	214	97	213	0	280	286	248	75	313	|
|169	372	221	224	184	232	347	280	363	244	180	242	306	451	171	279	227	305	327	358	197	208	120	167	465	362	347	487	386	344	461	280	421	365	283	280	0	291	175	310	176	|
|218	227	439	150	430	75	58	155	75	364	191	266	133	386	275	346	418	263	413	455	148	284	174	392	492	75	454	244	236	289	311	119	237	374	79	286	291	0	116	359	445	|
|143	260	341	111	325	69	173	162	189	291	124	217	169	391	195	291	327	245	357	398	94	216	61	291	463	188	392	334	272	281	353	142	293	345	126	248	175	116	0	313	335	|
|173	218	214	423	252	292	381	213	384	87	189	96	249	172	142	32	175	113	60	100	223	106	280	217	157	381	103	379	226	118	254	248	273	62	287	75	310	359	313	0	300	|
|255	453	101	400	50	375	496	382	509	213	280	285	418	471	214	270	135	356	283	295	316	239	274	85	425	508	280	598	466	386	525	398	510	362	415	313	176	445	335	300	0	|

--------------------------------------------------------------------------------
Building model...
	using lazy and cut (CVRPSEP package)
Solving IRP LP...
--------------------------------------------------------------------------------

Gurobi 9.1.0 (linux64) logging started Sun Feb  7 06:15:14 2021

Gurobi Optimizer version 9.1.0 build v9.1.0rc0 (linux64)
Thread count: 32 physical cores, 32 logical processors, using up to 2 threads
Optimize a model with 1277 rows, 8273 columns and 19760 nonzeros
Model fingerprint: 0xed747929
Variable types: 524 continuous, 7749 integer (369 binary)
Coefficient statistics:
  Matrix range     [1e+00, 1e+03]
  Objective range  [1e-01, 6e+02]
  Bounds range     [1e+00, 3e+02]
  RHS range        [1e+00, 6e+03]
Presolve removed 401 rows and 198 columns
Presolve time: 0.10s
Presolved: 876 rows, 8075 columns, 17770 nonzeros
Variable types: 324 continuous, 7751 integer (7366 binary)

Root relaxation: objective 1.227419e+04, 924 iterations, 0.02 seconds

    Nodes    |    Current Node    |     Objective Bounds      |     Work
 Expl Unexpl |  Obj  Depth IntInf | Incumbent    BestBd   Gap | It/Node Time

     0     0 12274.1946    0  121          - 12274.1946      -     -    0s
     0     0 12750.3997    0  118          - 12750.3997      -     -    0s
     0     0 12750.7541    0  114          - 12750.7541      -     -    0s
     0     0 13289.0098    0  171          - 13289.0098      -     -    0s
     0     0 13483.1406    0  196          - 13483.1406      -     -    0s
     0     0 13485.3810    0  214          - 13485.3810      -     -    0s
     0     0 13494.9886    0  192          - 13494.9886      -     -    0s
     0     0 13510.2835    0  201          - 13510.2835      -     -    0s
     0     0 13510.8255    0  206          - 13510.8255      -     -    0s
     0     0 13606.2793    0  213          - 13606.2793      -     -    1s
     0     0 13609.6797    0  229          - 13609.6797      -     -    1s
     0     0 13635.3882    0  195          - 13635.3882      -     -    1s
     0     0 13644.4984    0  254          - 13644.4984      -     -    1s
     0     0 13648.4433    0  265          - 13648.4433      -     -    1s
     0     0 13653.1265    0  264          - 13653.1265      -     -    1s
     0     0 13653.1492    0  261          - 13653.1492      -     -    1s
     0     0 13695.2648    0  321          - 13695.2648      -     -    1s
     0     0 13708.1009    0  337          - 13708.1009      -     -    1s
     0     0 13708.2113    0  351          - 13708.2113      -     -    1s
     0     0 13735.0122    0  295          - 13735.0122      -     -    1s
     0     0 13739.5592    0  322          - 13739.5592      -     -    2s
     0     0 13741.7589    0  328          - 13741.7589      -     -    2s
     0     0 13741.9324    0  304          - 13741.9324      -     -    2s
     0     0 13759.9850    0  396          - 13759.9850      -     -    2s
     0     0 13761.3357    0  324          - 13761.3357      -     -    2s
     0     0 13767.5700    0  366          - 13767.5700      -     -    2s
     0     0 13767.5700    0  336          - 13767.5700      -     -    2s
     0     2 13767.5700    0  305          - 13767.5700      -     -    3s
    23    26 13844.9599    7  348          - 13790.9536      -   332    5s
   124   141 14214.0344   39  145          - 13790.9536      -   270   10s
   480   486 17422.3200  219    8          - 13792.7683      -   128   15s
*  482   486             220    17430.640000 13792.7683  20.9%   128   15s
   627   605 13959.9648   10  308 17430.6400 13792.7683  20.9%   114   21s
   757   701 15025.5502   70  336 17430.6400 13792.7683  20.9%   102   26s
H  758   666                    17150.880000 13792.7683  19.6%   102   27s
   770   674 16789.0291  211  516 17150.8800 13855.5392  19.2%   101   30s
H  781   647                    17095.720000 13895.9546  18.7%  99.2   34s
   787   651 15265.7722   85  493 17095.7200 13905.0600  18.7%  98.5   35s
   802   661 13912.6104    4  539 17095.7200 13912.6104  18.6%  96.6   40s
H  812   635                    16932.840000 13914.1146  17.8%   111   43s
   814   636 16744.8621  209  247 16932.8400 13914.1146  17.8%   111   45s
   832   648 16119.9967  140  518 16932.8400 13924.2785  17.8%   109   50s
   845   660 13931.0290   29  505 16932.8400 13929.5069  17.7%   123   55s
   865   673 13953.8970   33  481 16932.8400 13953.8970  17.6%   141   61s
   896   699 13975.0188   39  448 16932.8400 13975.0188  17.5%   156   65s
H  952   697                    16689.590000 13990.5556  16.2%   172   69s
   953   703 14035.7924   52  397 16689.5900 13990.5556  16.2%   172   70s
   975   719 14050.1996   56  362 16689.5900 13990.5556  16.2%   179   75s
  1040   773 14280.6815   66  356 16689.5900 13990.5556  16.2%   195   80s
H 1071   745                    16351.490000 13990.5556  14.4%   197   82s
  1119   817 14377.2042   82  217 16351.4900 13990.5556  14.4%   199   85s
  1334   996 14928.4183  129  154 16351.4900 13990.5556  14.4%   185   90s
  1600  1108 15611.1986  216   52 16351.4900 13990.5556  14.4%   165   95s
  1705  1121 14035.4698   40  432 16351.4900 13995.5387  14.4%   166  100s
  1769  1173 14275.9127   49  352 16351.4900 13995.5387  14.4%   172  105s
  1861  1240 14340.0826   64  327 16351.4900 13995.5387  14.4%   173  111s
  1942  1315 14374.4881   71  237 16351.4900 13995.5387  14.4%   172  116s
  2064  1360 14564.2800   77  262 16351.4900 13995.5387  14.4%   168  121s
  2132  1419 14747.5430   97  193 16351.4900 13995.5387  14.4%   172  126s
  2225  1483 15264.4003  125   90 16351.4900 13995.5387  14.4%   171  134s
  2265  1559 15514.5174  134   95 16351.4900 13995.5387  14.4%   171  136s
  2393  1589 15884.3091  181   41 16351.4900 14012.5934  14.3%   166  140s
  2512  1616 14194.4026   38  357 16351.4900 14012.5934  14.3%   167  146s
  2572  1693 14249.4104   48  313 16351.4900 14012.5934  14.3%   168  151s
  2697  1830 14580.2974   63  120 16351.4900 14012.5934  14.3%   167  156s
  2778  1943 14565.0431   71  102 16351.4900 14012.5934  14.3%   167  160s
  2959  2063 15030.0324   98  133 16351.4900 14012.5934  14.3%   164  167s
  3032  2137 15266.6235  118  100 16351.4900 14012.5934  14.3%   163  170s
  3305  2288     cutoff  165      16351.4900 14022.5823  14.2%   155  178s
  3324  2320 14178.2445   38  431 16351.4900 14040.6279  14.1%   157  180s
  3459  2402 14092.9812   32  426 16351.4900 14041.1139  14.1%   157  187s
  3474  2414 14141.4675   34  177 16351.4900 14041.1139  14.1%   158  190s
  3506  2454 14323.4874   41  356 16351.4900 14041.1139  14.1%   161  195s
  3544  2496 14469.5622   45  314 16351.4900 14041.1139  14.1%   164  202s
  3568  2555 14507.7054   50  214 16351.4900 14041.1139  14.1%   165  206s
  3651  2596 14609.0933   78  156 16351.4900 14041.1139  14.1%   165  210s
  3739  2789 14958.8497   87  106 16351.4900 14041.1139  14.1%   166  218s
  3872  2887 15150.1300   98   81 16351.4900 14041.1139  14.1%   164  224s
  3924  2891 15296.6493  123   14 16351.4900 14041.1139  14.1%   163  225s
  4012  3070 15292.8311  106   37 16351.4900 14042.7910  14.1%   160  230s
  4228  3178 15836.6900  146    6 16351.4900 14042.8108  14.1%   156  237s
  4380  3206 15883.5350  148    5 16351.4900 14044.8396  14.1%   154  242s
  4411  3228     cutoff  155      16351.4900 14046.8799  14.1%   155  245s
* 4412  3226             154    16339.540000 14046.8799  14.0%   155  246s
  4434  3302 14532.9569   47  175 16339.5400 14046.8799  14.0%   156  250s
  4510  3408 14844.4748   86   51 16339.5400 14047.2829  14.0%   156  256s
  4646  3430 14104.5495   39  521 16339.5400 14049.0238  14.0%   154  260s
  4670  3454 14295.2339   45  356 16339.5400 14049.0238  14.0%   156  265s
  4734  3564 14663.9971   61  227 16339.5400 14049.0238  14.0%   159  274s
  4761  3564 14825.6350   74   68 16339.5400 14049.0238  14.0%   160  275s
  4804  3694 14830.3091   77  110 16339.5400 14049.0238  14.0%   160  280s
  4942  3854 15370.2043  109   30 16339.5400 14049.0501  14.0%   159  287s
  5156  3886     cutoff  153      16339.5400 14053.2568  14.0%   156  293s
  5184  3912     cutoff  152      16339.5400 14053.9420  14.0%   158  298s
  5211  3989 14423.3345   43  384 16339.5400 14053.9420  14.0%   159  304s
  5262  3989 15711.8062   86   77 16339.5400 14053.9420  14.0%   160  305s
  5308  4084 14968.1664   68  160 16339.5400 14060.2146  13.9%   159  311s
  5409  4147 14324.5039   48  325 16339.5400 14060.2146  13.9%   159  318s
  5472  4230 14950.5836   80   70 16339.5400 14060.5002  13.9%   160  324s
  5575  4341 15728.1012  119   41 16339.5400 14063.5920  13.9%   160  331s
  5720  4377     cutoff  140      16339.5400 14064.5198  13.9%   159  337s
  5756  4460 14464.5731   53  220 16339.5400 14065.6692  13.9%   161  343s
  5857  4540 14900.6358   76  285 16339.5400 14065.6692  13.9%   161  351s
  5933  4616 15843.0209  127   56 16339.5400 14067.8350  13.9%   162  358s
  6031  4788 14371.5530   44  213 16339.5400 14067.8350  13.9%   162  367s
  6243  4889 14931.4286   77  179 16339.5400 14069.7182  13.9%   161  377s
  6367  4938     cutoff  151      16339.5400 14069.7857  13.9%   160  384s
  6423  5076 14614.1417   69  114 16339.5400 14073.4287  13.9%   161  393s
  6589  5127 16302.3500  134    - 16339.5400 14074.4340  13.9%   160  402s
  6636  5220 infeasible  134      16339.5400 14081.6159  13.8%   162  409s
  6743  5321 14429.0701   49  321 16339.5400 14084.7091  13.8%   162  417s
  6865  5361 16016.4925  135    9 16339.5400 14085.9047  13.8%   162  447s
  6917  5436     cutoff  147      16339.5400 14087.6231  13.8%   162  455s
  7010  5453     cutoff  147      16339.5400 14087.8020  13.8%   162  465s
  7031  5564 14580.8594   50  351 16339.5400 14088.8126  13.8%   164  473s
  7157  5655 14177.5773   44  476 16339.5400 14088.8126  13.8%   163  481s
  7278  5768 14521.8622   51  272 16339.5400 14088.8126  13.8%   163  492s
  7392  5939 15573.4233   71  140 16339.5400 14089.2268  13.8%   165  504s
  7502  5939 14330.8697   50  334 16339.5400 14089.2268  13.8%   164  505s
* 7503  5396             122    15901.620000 14089.3737  11.4%   164  505s
H 7588  4080                    15334.850000 14089.3737  8.12%   164  516s
  7817  4213 14876.4293  105   19 15334.8500 14091.3745  8.11%   164  530s
H 7928  4156                    15315.850000 14092.1693  7.99%   163  530s
  8027  4246     cutoff  129      15315.8500 14099.1802  7.94%   163  542s
  8144  4379 14387.8963   49  304 15315.8500 14103.0618  7.92%   164  553s
  8305  4482 14589.7550   53  347 15315.8500 14104.4446  7.91%   165  565s
  8420  4582 14432.8840   63  238 15315.8500 14104.4446  7.91%   165  577s
  8529  4697 14828.6858   96   70 15315.8500 14104.7784  7.91%   166  589s
  8683  4788 15150.8793  108  122 15315.8500 14108.8573  7.88%   166  602s
H 8791  4215                    15129.170000 14110.0425  6.74%   166  614s
  8849  4215     cutoff   87      15129.1700 14110.7355  6.73%   166  615s
H 8958  4204                    15113.350000 14112.0600  6.63%   167  626s
H 9071  4069                    15061.670000 14112.2749  6.30%   168  638s
  9100  4069 14885.8781   80  217 15061.6700 14113.4325  6.30%   168  650s
  9242  4132 14475.7275   64  381 15061.6700 14114.3265  6.29%   168  664s
H 9331  3350                    14888.390000 14114.3265  5.20%   170  676s
  9477  3417     cutoff  102      14888.3900 14116.2066  5.19%   170  688s
  9597  3451 14414.8658   47  323 14888.3900 14120.3280  5.16%   171  700s
  9672  3527 14313.8576   41  435 14888.3900 14121.5355  5.15%   173  714s
  9778  3628 14741.4171   58  242 14888.3900 14124.6147  5.13%   174  727s
  9925  3704 14251.4880   54  360 14888.3900 14127.5199  5.11%   175  741s
 10019  3821 14702.3584   73  216 14888.3900 14128.5827  5.10%   175  755s
H10165  3737                    14863.190000 14129.7580  4.93%   176  768s
 10267  3834 14390.1328   51  120 14863.1900 14129.7580  4.93%   177  781s
 10374  3953 14550.5451   74   91 14863.1900 14135.0075  4.90%   178  794s
 10432  3953 infeasible  103      14863.1900 14135.0075  4.90%   178  795s
 10567  4061 14809.9626   55  287 14863.1900 14139.4923  4.87%   178  808s
 10715  4139 14290.5349   48  452 14863.1900 14141.9176  4.85%   179  821s
H10827  4106                    14840.890000 14142.0294  4.71%   180  834s
 10856  4106 14755.2362   75   80 14840.8900 14144.9480  4.69%   180  835s
 10980  4176 14324.3974   44  454 14840.8900 14147.0630  4.68%   180  848s
 11079  4274 14462.3410   53  203 14840.8900 14150.2722  4.65%   181  861s
 11199  4358 14797.9822   57  307 14840.8900 14150.5063  4.65%   182  875s
 11306  4430 14481.9390   44  279 14840.8900 14150.7144  4.65%   183  889s
 11396  4598 14455.0399   57  341 14840.8900 14151.6077  4.64%   185  903s
 11611  4693 14473.2382   50  239 14840.8900 14151.9212  4.64%   185  917s
 11732  4755 14730.0140   56  252 14840.8900 14153.1572  4.63%   186  930s
 11838  4831 14578.0770   34  292 14840.8900 14153.7972  4.63%   187  944s
 11967  4958 14451.1523   58  277 14840.8900 14154.0044  4.63%   188  957s
*11999  4815              90    14821.290000 14154.0044  4.50%   187  958s
 12123  4979 14336.3844   44  382 14821.2900 14155.0327  4.50%   188  974s
 12277  4979 14624.7018   78  154 14821.2900 14155.3288  4.49%   188  975s
 12335  5068 14419.3292   46  435 14821.2900 14155.7127  4.49%   188  988s
 12452  5181 14781.1569   89   70 14821.2900 14156.5543  4.49%   189 1003s
 12599  5299 14390.0130   45  313 14821.2900 14158.3722  4.47%   190 1020s
 12762  5390 14533.9477   31  476 14821.2900 14159.0314  4.47%   190 1036s
 12876  5534 14449.5411   65  353 14821.2900 14159.2847  4.47%   191 1050s
 13061  5612 14271.7247   58  469 14821.2900 14159.5510  4.46%   191 1065s
 13177  5723 14311.5429   45  282 14821.2900 14159.9562  4.46%   193 1080s
 13315  5844 14743.4188   48  243 14821.2900 14160.8321  4.46%   193 1094s
 13464  5974 14340.0540   41  221 14821.2900 14161.7163  4.45%   194 1110s
 13634  6041     cutoff   92      14821.2900 14163.3179  4.44%   194 1125s
 13764  6184 14313.5101   43  317 14821.2900 14163.6557  4.44%   195 1140s
 13941  6281     cutoff   90      14821.2900 14165.4360  4.43%   195 1155s
 14135  6368 infeasible  105      14821.2900 14165.9344  4.42%   195 1171s
H14243  6282                    14810.940000 14166.5651  4.35%   195 1172s
 14246  6318     cutoff  106      14810.9400 14167.3884  4.35%   195 1185s
H14346  6421                    14809.180000 14168.4408  4.33%   196 1201s
 14489  6534 14504.0813   53  219 14809.1800 14169.1320  4.32%   197 1217s
 14656  6660 14800.8741   61   30 14809.1800 14169.5011  4.32%   197 1234s
 14796  6660 14762.5400  104   21 14809.1800 14170.2517  4.31%   197 1235s
 14823  6763 14332.0395   43  389 14809.1800 14170.4171  4.31%   198 1248s
 14954  6924 14507.7569   59  289 14809.1800 14171.0685  4.31%   198 1264s
 15033  6924 14565.4848   65  304 14809.1800 14171.4199  4.31%   199 1265s
 15176  7034 14468.4773   51  286 14809.1800 14171.8173  4.30%   198 1280s
H15263  7019                    14806.340000 14171.8173  4.29%   198 1281s
 15317  7144 14569.2952   76   67 14806.3400 14172.8097  4.28%   199 1296s
H15415  6878                    14784.040000 14172.8097  4.13%   199 1297s
H15484  6751                    14769.460000 14173.3520  4.04%   199 1312s
 15616  6820 14766.9642   75  248 14769.4600 14173.8824  4.03%   200 1327s
 15785  6947 14548.3543   50  189 14769.4600 14174.5802  4.03%   200 1342s
 15963  7045 infeasible   80      14769.4600 14174.8659  4.03%   201 1358s
 16104  7123 14257.7712   48  457 14769.4600 14176.4032  4.02%   201 1373s
 16236  7231 14382.9384   38  258 14769.4600 14177.3349  4.01%   202 1389s
 16292  7231 14699.4948   64  105 14769.4600 14177.3349  4.01%   202 1390s
 16377  7367 14420.2366   55  268 14769.4600 14178.2768  4.00%   203 1406s
 16559  7501 14637.0562   65  132 14769.4600 14178.6682  4.00%   203 1421s
 16742  7550 infeasible   73      14769.4600 14179.3869  4.00%   203 1437s
 16882  7639 14648.1180   58  281 14769.4600 14180.4798  3.99%   204 1452s
 17007  7748 14481.2097   45  345 14769.4600 14181.4874  3.98%   205 1468s
 17174  7833 14586.2401   54  325 14769.4600 14182.6163  3.97%   205 1483s
 17313  7944 14401.8754   42  219 14769.4600 14183.0377  3.97%   206 1499s
 17476  8056 14719.1623   65  111 14769.4600 14183.6383  3.97%   206 1514s
 17554  8056 14467.6257   67  286 14769.4600 14184.9626  3.96%   206 1515s
 17625  8155     cutoff   60      14769.4600 14185.2131  3.96%   207 1530s
 17791  8239 14411.1746   37  223 14769.4600 14185.5458  3.95%   207 1545s
 17912  8286 14569.5522   58  266 14769.4600 14186.8931  3.94%   208 1561s
 18042  8398 14335.2969   46  467 14769.4600 14188.2658  3.94%   208 1577s
 18196  8513 14482.4353   47  230 14769.4600 14188.6648  3.93%   209 1594s
 18348  8584 14581.0359   55  318 14769.4600 14189.3367  3.93%   209 1611s
 18469  8699 14640.2478   70   55 14769.4600 14189.9225  3.92%   210 1628s
 18614  8817 14663.8600   88  135 14769.4600 14190.3050  3.92%   210 1646s
 18802  8956 14309.0071   37  389 14769.4600 14191.4467  3.91%   211 1662s
 18979  9057     cutoff   99      14769.4600 14191.7812  3.91%   211 1679s
 19106  9206 14379.9063   55  345 14769.4600 14193.0222  3.90%   212 1696s
 19318  9324 14441.3317   42  279 14769.4600 14193.6184  3.90%   212 1713s
 19474  9428 14684.4193   52  228 14769.4600 14193.8668  3.90%   212 1730s
 19604  9549 14725.3924   61  255 14769.4600 14194.5450  3.89%   213 1748s
 19800  9595 14653.6276   62  278 14769.4600 14194.9488  3.89%   213 1768s
H19856  8410                    14708.150000 14195.1351  3.49%   213 1768s
 19894  8486 14293.7287   43  352 14708.1500 14195.1936  3.49%   213 1784s
 20013  8585 14215.4954   47  485 14708.1500 14196.3345  3.48%   213 1801s
 20162  8684 14504.4869   44  277 14708.1500 14196.8418  3.48%   214 1819s
 20309  8737 14565.7040   60  236 14708.1500 14197.4093  3.47%   215 1836s
 20448  8877 14359.8057   54  319 14708.1500 14198.0013  3.47%   215 1852s
 20637  8952 14596.7656   41  403 14708.1500 14198.3591  3.47%   215 1871s
 20767  9087 14689.5553   70  333 14708.1500 14199.2255  3.46%   216 1888s
 20937  9175     cutoff   84      14708.1500 14199.5892  3.46%   216 1904s
 21000  9179 14402.1443   46  382 14708.1500 14199.5892  3.46%   216 1905s
 21100  9256     cutoff   99      14708.1500 14201.1230  3.45%   216 1921s
 21218  9332 14620.1586   51  363 14708.1500 14201.5861  3.44%   217 1938s
 21361  9418 14589.9302   55  216 14708.1500 14202.1565  3.44%   218 1955s
 21488  9530 14596.8400   60   56 14708.1500 14202.9127  3.44%   219 1972s
 21684  9653 14415.4198   49  334 14708.1500 14203.4161  3.43%   219 1989s
 21859  9785 14462.9883   54  369 14708.1500 14203.7627  3.43%   219 2007s
 22054  9891 14602.2615   79  222 14708.1500 14205.3348  3.42%   219 2026s
 22225 10057 14297.5591   42  334 14708.1500 14205.8933  3.41%   219 2045s
 22444 10186 14265.9483   66  393 14708.1500 14206.7064  3.41%   219 2065s
 22623 10321 14364.7144   34  390 14708.1500 14207.0838  3.41%   220 2084s
 22754 10321 14682.3691   63  130 14708.1500 14207.1639  3.41%   220 2085s
 22807 10407 14680.0821   74  220 14708.1500 14207.2397  3.41%   220 2102s
 22963 10529 14455.5015   52  328 14708.1500 14208.2256  3.40%   220 2120s
 23142 10664 14417.7232   71  363 14708.1500 14208.8366  3.39%   220 2137s
 23347 10748 14383.5475   47  337 14708.1500 14209.8210  3.39%   220 2155s
 23485 10818     cutoff   58      14708.1500 14210.3496  3.38%   221 2172s
 23628 10927 14688.5082   77  253 14708.1500 14210.9265  3.38%   221 2190s
 23816 11087 14458.8438   52  364 14708.1500 14211.7529  3.37%   221 2209s
 23920 11087 14645.9716   74  130 14708.1500 14211.7529  3.37%   221 2210s
 24030 11205 14292.1679   43  398 14708.1500 14212.5882  3.37%   221 2227s
 24195 11346 14388.3263   54  193 14708.1500 14213.4032  3.36%   222 2245s
 24416 11454 14581.3253   67   63 14708.1500 14213.7657  3.36%   221 2263s
 24616 11555     cutoff   97      14708.1500 14214.4814  3.36%   221 2281s
 24764 11657     cutoff   66      14708.1500 14215.7837  3.35%   222 2298s
 24919 11781 14389.5346   44  403 14708.1500 14216.2162  3.34%   222 2317s
 25088 11913 14474.0200   53  342 14708.1500 14217.1621  3.34%   222 2335s
 25277 11991 14406.6984   46  288 14708.1500 14217.8506  3.33%   222 2354s
 25440 12096 14414.5988   49  413 14708.1500 14218.0473  3.33%   223 2371s
 25600 12232 14336.6929   41  361 14708.1500 14218.4872  3.33%   223 2390s
 25801 12327 14318.0353   41  338 14708.1500 14218.9105  3.33%   223 2409s
 25954 12427 14326.8221   40  425 14708.1500 14219.4291  3.32%   224 2427s
 26097 12508 14592.9731   64  193 14708.1500 14219.8163  3.32%   224 2445s
 26279 12652 14426.8169   54  268 14708.1500 14220.5581  3.32%   224 2464s
 26370 12652 14565.1528   62  286 14708.1500 14220.5581  3.32%   224 2465s
 26467 12769 14607.5415   67  304 14708.1500 14221.1658  3.31%   224 2485s
 26634 12867 14581.8056   75  182 14708.1500 14221.6100  3.31%   225 2504s
 26797 13010 14377.8719   56  340 14708.1500 14222.3504  3.30%   225 2523s
 26998 13132     cutoff   82      14708.1500 14222.8541  3.30%   225 2542s
 27158 13272 14486.7882   46  422 14708.1500 14223.1776  3.30%   225 2561s
 27389 13414 14367.5592   48  421 14708.1500 14223.3719  3.30%   225 2581s
 27589 13552 14367.0879   50  431 14708.1500 14224.1611  3.29%   225 2600s
 27779 13625 14571.8016   56  332 14708.1500 14224.7929  3.29%   225 2618s
 27916 13708     cutoff   63      14708.1500 14225.2224  3.28%   226 2637s
 28048 13874 14299.7350   48  359 14708.1500 14225.6207  3.28%   226 2656s
 28266 13985 14241.8174   40  454 14708.1500 14225.8676  3.28%   226 2675s
 28412 14103 14539.0839   51  451 14708.1500 14226.2615  3.28%   227 2694s
 28546 14103 14395.3848   62   53 14708.1500 14226.4448  3.28%   227 2695s
 28558 14198 14620.1204   62   87 14708.1500 14226.4831  3.27%   227 2714s
 28751 14305 14418.8627   67  387 14708.1500 14227.3225  3.27%   227 2732s
 28904 14408 14384.8722   42  298 14708.1500 14227.6209  3.27%   228 2751s
 29063 14503 14531.9883   46  209 14708.1500 14227.8860  3.27%   228 2769s
 29186 14503 14637.5055   64  311 14708.1500 14228.1210  3.26%   228 2770s
 29254 14622 14394.5400   54  420 14708.1500 14228.6231  3.26%   228 2788s
 29433 14758 14421.9912   50  166 14708.1500 14229.1147  3.26%   228 2808s
 29629 14845 14702.6392   52  158 14708.1500 14229.4499  3.25%   228 2827s
 29793 14968     cutoff   71      14708.1500 14230.0117  3.25%   228 2846s
 29970 15056     cutoff   72      14708.1500 14230.1724  3.25%   229 2864s
 30136 15141 14345.4523   44  299 14708.1500 14230.5096  3.25%   229 2882s
 30272 15232 14514.7818   52  285 14708.1500 14230.9963  3.24%   229 2901s
 30416 15319 14527.4916   50  376 14708.1500 14231.6778  3.24%   230 2921s
 30582 15420 14556.6172   63  281 14708.1500 14232.2398  3.24%   230 2940s
 30752 15515 14474.8840   47  220 14708.1500 14232.7307  3.23%   230 2958s
 30915 15629 14626.1516   53  426 14708.1500 14233.3286  3.23%   231 2977s
 31097 15798 14698.9278   59  143 14708.1500 14233.5471  3.23%   231 2997s
 31337 15924 14586.3762   67  176 14708.1500 14234.1652  3.22%   231 3017s
 31547 16004 14509.4701   45  229 14708.1500 14234.5714  3.22%   231 3035s
 31678 16164 14503.8177   59  261 14708.1500 14235.0634  3.22%   231 3054s
 31734 16164 14316.3674   43  305 14708.1500 14235.0634  3.22%   231 3055s
 31904 16297 14437.1549   55  381 14708.1500 14235.5495  3.21%   231 3074s
 32083 16433 14299.7079   43  244 14708.1500 14236.2272  3.21%   231 3094s
 32261 16433 14690.6387   53   36 14708.1500 14236.5839  3.21%   231 3095s
 32293 16564 14433.6627   54  319 14708.1500 14236.7330  3.21%   231 3112s
 32487 16604 14675.6072   60  168 14708.1500 14237.2083  3.20%   231 3139s
 32568 16703 14449.3420   45  205 14708.1500 14237.4273  3.20%   231 3160s
 32729 16813 14426.0607   53  268 14708.1500 14238.1369  3.20%   232 3184s
 32908 16909 14406.6211   48  368 14708.1500 14238.5140  3.19%   232 3207s
 33056 17028     cutoff   62      14708.1500 14238.6029  3.19%   232 3227s
 33259 17123 14461.9450   45  416 14708.1500 14238.9283  3.19%   232 3246s
 33412 17283 14553.0586   54  148 14708.1500 14239.4103  3.19%   232 3267s
 33617 17392 14594.9482   78   76 14708.1500 14240.1928  3.18%   232 3288s
 33852 17485 14450.2902   62  360 14708.1500 14240.4097  3.18%   232 3308s
 33995 17631 14635.2137   72  122 14708.1500 14240.5889  3.18%   232 3328s
 34200 17738 14607.5068   57  154 14708.1500 14241.0436  3.18%   233 3348s
 34367 17850 14483.9316   51  484 14708.1500 14241.3618  3.17%   233 3369s
 34550 17948 14355.2974   40  371 14708.1500 14241.6619  3.17%   233 3389s
 34716 18092 14361.9119   43  319 14708.1500 14242.2869  3.17%   233 3408s
 34934 18206 14604.1006   69  286 14708.1500 14242.9605  3.16%   233 3428s
 35113 18343 14318.2266   45  314 14708.1500 14243.3981  3.16%   233 3448s
 35297 18343 14648.6279   76  206 14708.1500 14243.7678  3.16%   233 3450s
 35322 18439 14636.3236   59  284 14708.1500 14243.7709  3.16%   233 3471s
 35483 18531 14579.0201   56  389 14708.1500 14244.1211  3.15%   234 3491s
 35629 18678 14473.3460   55  325 14708.1500 14244.4708  3.15%   234 3511s
 35864 18795 14336.7716   42  467 14708.1500 14244.6666  3.15%   234 3531s
 36034 18941 14581.4077   49  294 14708.1500 14244.8879  3.15%   234 3551s
 36253 19046     cutoff   87      14708.1500 14244.9618  3.15%   234 3572s
 36456 19251 14298.0939   54  338 14708.1500 14245.9761  3.14%   234 3593s
 36726 19296 14484.0272   47  294 14708.1500 14246.1619  3.14%   234 3600s

Cutting planes:
  User: 4413
  Gomory: 19
  Cover: 362
  Implied bound: 122
  Projected implied bound: 15
  Clique: 27
  MIR: 83
  Flow cover: 286
  GUB cover: 1
  Zero half: 13
  Network: 2
  RLT: 207
  Relax-and-lift: 10
  Lazy constraints: 2334

Explored 36788 nodes (8602916 simplex iterations) in 3600.46 seconds
Thread count was 2 (of 32 available processors)

Solution count 10: 14708.1 14769.5 14784 ... 14888.4

Time limit reached
Best objective 1.470815000000e+04, best bound 1.424616192040e+04, gap 3.1410%

User-callback calls 287927, time in user-callback 193.78 sec
================================================================================
executing instance: ./input/Instances/Original/2/absH3high_4n10.dat
--------------------------------------------------------------------------------
Instance details
n	11
H	3
C	822
Li:
[0, 0, 0, 0, 0, 0, 0, 0, 0, 0, 0, ]
Ui:
[0, 102, 52, 88, 182, 153, 138, 38, 165, 297, 86, ]
Distance matrix:
|0	285	411	382	327	239	148	256	307	36	383	|
|285	0	352	98	249	103	227	235	120	268	209	|
|411	352	0	395	106	430	263	549	234	429	174	|
|382	98	395	0	302	173	320	288	168	364	227	|
|327	249	106	302	0	324	179	444	135	339	109	|
|239	103	430	173	324	0	241	132	212	212	305	|
|148	227	263	320	179	241	0	325	192	165	249	|
|256	235	549	288	444	132	325	0	342	220	436	|
|307	120	234	168	135	212	192	342	0	304	94	|
|36	268	429	364	339	212	165	220	304	0	386	|
|383	209	174	227	109	305	249	436	94	386	0	|

--------------------------------------------------------------------------------
Building model...
	using lazy and cut (CVRPSEP package)
Solving IRP LP...
--------------------------------------------------------------------------------

Gurobi 9.1.0 (linux64) logging started Sun Feb  7 07:15:15 2021

Gurobi Optimizer version 9.1.0 build v9.1.0rc0 (linux64)
Thread count: 32 physical cores, 32 logical processors, using up to 2 threads
Optimize a model with 347 rows, 728 columns and 2270 nonzeros
Model fingerprint: 0xe727fde7
Variable types: 134 continuous, 594 integer (99 binary)
Coefficient statistics:
  Matrix range     [1e+00, 3e+02]
  Objective range  [2e-01, 5e+02]
  Bounds range     [1e+00, 3e+02]
  RHS range        [1e+00, 1e+03]
Presolve removed 94 rows and 41 columns
Presolve time: 0.03s
Presolved: 253 rows, 687 columns, 1924 nonzeros
Variable types: 82 continuous, 605 integer (511 binary)

Root relaxation: objective 3.885185e+03, 490 iterations, 0.01 seconds

    Nodes    |    Current Node    |     Objective Bounds      |     Work
 Expl Unexpl |  Obj  Depth IntInf | Incumbent    BestBd   Gap | It/Node Time

     0     0 3885.18490    0   67          - 3885.18490      -     -    0s
     0     0 4100.86180    0   52          - 4100.86180      -     -    0s
     0     0 4316.48906    0  122          - 4316.48906      -     -    0s
     0     0 4327.36938    0   79          - 4327.36938      -     -    0s
     0     0 4327.54229    0   88          - 4327.54229      -     -    0s
     0     0 4357.90483    0   69          - 4357.90483      -     -    0s
H    0     0                    7152.3200000 4357.90483  39.1%     -    0s
     0     0 4357.90483    0   72 7152.32000 4357.90483  39.1%     -    0s
     0     0 4358.49732    0   94 7152.32000 4358.49732  39.1%     -    0s
     0     0 4358.49732    0   82 7152.32000 4358.49732  39.1%     -    0s
H    0     0                    6340.0100000 4358.49732  31.3%     -    0s
     0     2 4382.94379    0   82 6340.01000 4382.94379  30.9%     -    0s
H  102   109                    6113.0500000 4438.22610  27.4%  37.9    0s
H  179   177                    6045.0100000 4438.22610  26.6%  27.6    0s
H  677   532                    5999.9300000 4647.75383  22.5%  25.3    1s
H 1148   674                    5887.9300000 4674.27310  20.6%  33.8    3s
  1583   811 5438.94928   36   69 5887.93000 4807.37947  18.4%  34.9    5s
* 1999   875              33    5871.5300000 4883.28035  16.8%  35.5    6s
* 2352   965              28    5825.1600000 4928.27553  15.4%  36.6    7s
  3639  1593 5563.99550   31   48 5825.16000 5028.98541  13.7%  37.5   10s
H 4195  1408                    5606.3199898 5063.40511  9.68%  37.5   11s
  5968  1944 5501.78497   24   70 5606.31999 5164.19112  7.89%  38.3   15s
* 6270  1900              29    5588.8400000 5178.60377  7.34%  38.3   15s
  8086  2280     cutoff   24      5588.84000 5259.81853  5.89%  38.7   20s
* 8803  1732              26    5487.9200000 5284.05830  3.71%  38.3   21s
* 9051  1616              24    5482.8600000 5301.52436  3.31%  38.4   21s
 11361   648 5457.30072   21   58 5482.86000 5408.34125  1.36%  36.3   25s

Cutting planes:
  User: 561
  Gomory: 15
  Cover: 103
  Implied bound: 57
  Projected implied bound: 2
  Clique: 13
  MIR: 74
  StrongCG: 1
  Flow cover: 87
  Inf proof: 1
  Zero half: 2
  RLT: 82
  Relax-and-lift: 4
  Lazy constraints: 56

Explored 12256 nodes (425057 simplex iterations) in 25.56 seconds
Thread count was 2 (of 32 available processors)

