




arguments: ./build/bc_mirp -f ./input/orig_exec_164.cfg
Current dir: /scratch/gui/bc_mirp
File verbosity level: 9
date       time         ( uptime  ) [ thread name/id ]                   file:line     v| 
2021-02-10 12:39:18.017 (   0.087s) [main thread     ]             loguru.cpp:789   INFO| Logging to './output/vi_vc+qua/OU/V3/Original/execution_10_02_2021_12_39_18.log', mode: 'a', verbosity: 9
--------------------------------------------------------------------------------
Parameters
                           instance_path           ./input/Instances/Original/4/
                            model_policy                                       1
                             nb_vehicles                                       3
                              output_dir      ./output/vi_vc+qua/OU/V3/Original/
                            sec_strategy                                       1
                       solver_nb_threads                                       2
                         solver_show_log                                    true
                       solver_time_limit                                    3600
                              use_vi_cos                                   false
                              use_vi_cus                                   false
                         use_vi_hc1_full                                   false
                         use_vi_hc1_half                                   false
                      use_vi_hc1_quarter                                   false
                              use_vi_hc2                                   false
                              use_vi_hc3                                   false
                         use_vi_lex_full                                   false
                         use_vi_lex_half                                   false
                      use_vi_lex_quarter                                   false
                              use_vi_qua                                    true
                               use_vi_vc                                    true
                               use_vi_vr                                   false
--------------------------------------------------------------------------------
executing instance: ./input/Instances/Original/4/absH3low_3n30.dat
--------------------------------------------------------------------------------
Instance details
n	31
H	3
C	2841
Li:
[0, 0, 0, 0, 0, 0, 0, 0, 0, 0, 0, 0, 0, 0, 0, 0, 0, 0, 0, 0, 0, 0, 0, 0, 0, 0, 0, 0, 0, 0, 0, ]
Ui:
[0, 246, 98, 54, 144, 171, 192, 180, 165, 98, 122, 198, 297, 144, 130, 129, 219, 138, 142, 150, 108, 66, 64, 285, 180, 204, 276, 168, 240, 198, 122, ]
Distance matrix:
|0	172	56	166	260	198	42	197	296	110	91	112	238	275	323	183	330	232	175	181	162	191	232	280	201	139	356	185	266	216	26	|
|172	0	178	223	320	335	153	355	444	62	231	99	333	376	214	352	176	235	194	106	47	41	353	161	299	175	225	43	326	374	153	|
|56	178	0	110	204	162	93	233	336	125	144	148	187	226	358	180	313	284	123	152	182	185	282	252	256	88	329	177	210	251	42	|
|166	223	110	0	102	150	199	327	431	194	253	237	113	156	431	228	296	386	44	140	248	208	389	218	366	48	287	200	108	344	148	|
|260	320	204	102	0	156	296	391	493	296	340	339	66	90	531	263	362	486	127	226	349	300	469	278	454	148	334	292	6	406	245	|
|198	335	162	150	156	0	239	255	351	286	245	307	93	106	518	111	442	423	194	280	344	335	349	367	352	182	437	327	158	266	199	|
|42	153	93	199	296	239	0	203	296	91	82	76	278	316	284	217	322	191	201	186	133	180	217	281	177	165	356	175	302	222	52	|
|197	355	233	327	391	255	203	0	104	294	125	266	340	361	436	151	524	276	352	377	330	383	109	477	146	319	553	377	395	19	222	|
|296	444	336	431	493	351	296	104	0	384	214	348	440	456	488	241	617	315	456	476	412	475	113	575	176	422	651	470	497	88	322	|
|110	62	125	194	296	286	91	294	384	0	171	55	298	340	238	292	233	210	176	118	58	91	298	201	248	148	273	87	302	313	94	|
|91	231	144	253	340	245	82	125	214	171	0	141	307	339	324	184	403	187	266	266	204	261	140	363	114	230	438	256	346	144	116	|
|112	99	148	237	339	307	76	266	348	55	141	0	332	373	212	292	275	156	225	173	64	137	254	253	200	194	322	135	345	284	108	|
|238	333	187	113	66	93	278	340	440	298	307	332	0	43	536	203	404	469	153	253	354	321	427	322	420	160	385	313	67	353	229	|
|275	376	226	156	90	106	316	361	456	340	339	373	43	0	578	216	443	507	194	295	397	364	453	361	451	203	421	356	88	372	268	|
|323	214	358	431	531	518	284	436	488	238	324	212	536	578	0	498	309	176	407	320	183	245	376	344	312	383	379	251	537	451	319	|
|183	352	180	228	263	111	217	151	241	292	184	292	203	216	498	0	492	371	266	328	345	364	255	426	272	242	501	356	266	159	198	|
|330	176	313	296	362	442	322	524	617	233	403	275	404	443	309	492	0	397	253	164	218	142	529	84	475	260	72	147	367	543	306	|
|232	235	284	386	486	423	191	276	315	210	187	156	469	507	176	371	397	0	379	327	188	276	202	396	139	346	456	277	492	289	242	|
|175	194	123	44	127	194	201	352	456	176	266	225	153	194	407	266	253	379	0	101	225	174	405	174	375	36	244	166	133	370	152	|
|181	106	152	140	226	280	186	377	476	118	266	173	253	295	320	328	164	327	101	0	148	76	403	100	360	98	177	69	232	396	155	|
|162	47	182	248	349	344	133	330	412	58	204	64	354	397	183	345	218	188	225	148	0	89	316	208	259	201	270	90	355	348	149	|
|191	41	185	208	300	335	180	383	475	91	261	137	321	364	245	364	142	276	174	76	89	0	388	119	336	162	185	8	306	402	169	|
|232	353	282	389	469	349	217	109	113	298	140	254	427	453	376	255	529	202	405	403	316	388	0	497	64	369	570	384	474	112	256	|
|280	161	252	218	278	367	281	477	575	201	363	253	322	361	344	426	84	396	174	100	208	119	497	0	449	187	77	119	283	496	255	|
|201	299	256	366	454	352	177	146	176	248	114	200	420	451	312	272	475	139	375	360	259	336	64	449	0	339	521	333	460	156	223	|
|139	175	88	48	148	182	165	319	422	148	230	194	160	203	383	242	260	346	36	98	201	162	369	187	339	0	260	153	154	337	116	|
|356	225	329	287	334	437	356	553	651	273	438	322	385	421	379	501	72	456	244	177	270	185	570	77	521	260	0	187	338	572	331	|
|185	43	177	200	292	327	175	377	470	87	256	135	313	356	251	356	147	277	166	69	90	8	384	119	333	153	187	0	298	396	163	|
|266	326	210	108	6	158	302	395	497	302	346	345	67	88	537	266	367	492	133	232	355	306	474	283	460	154	338	298	0	410	251	|
|216	374	251	344	406	266	222	19	88	313	144	284	353	372	451	159	543	289	370	396	348	402	112	496	156	337	572	396	410	0	241	|
|26	153	42	148	245	199	52	222	322	94	116	108	229	268	319	198	306	242	152	155	149	169	256	255	223	116	331	163	251	241	0	|

--------------------------------------------------------------------------------
Building model...
	using lazy and cut (CVRPSEP package)
Solving IRP LP...
--------------------------------------------------------------------------------

Gurobi 9.1.0 (linux64) logging started Wed Feb 10 12:39:18 2021

Gurobi Optimizer version 9.1.0 build v9.1.0rc0 (linux64)
Thread count: 32 physical cores, 32 logical processors, using up to 2 threads
Optimize a model with 967 rows, 4858 columns and 12130 nonzeros
Model fingerprint: 0x9d2be0d7
Variable types: 394 continuous, 4464 integer (279 binary)
Coefficient statistics:
  Matrix range     [1e+00, 9e+02]
  Objective range  [1e-02, 7e+02]
  Bounds range     [1e+00, 3e+02]
  RHS range        [1e+00, 5e+03]
Presolve removed 274 rows and 121 columns
Presolve time: 0.06s
Presolved: 693 rows, 4737 columns, 11058 nonzeros
Variable types: 242 continuous, 4495 integer (4207 binary)

Root relaxation: objective 2.351709e+03, 914 iterations, 0.02 seconds

    Nodes    |    Current Node    |     Objective Bounds      |     Work
 Expl Unexpl |  Obj  Depth IntInf | Incumbent    BestBd   Gap | It/Node Time

     0     0 2351.70930    0   87          - 2351.70930      -     -    0s
     0     0 2573.47122    0   85          - 2573.47122      -     -    0s
     0     0 3117.02673    0  115          - 3117.02673      -     -    0s
     0     0 3270.32201    0  177          - 3270.32201      -     -    0s
     0     0 3274.20454    0  144          - 3274.20454      -     -    0s
     0     0 3280.14411    0  158          - 3280.14411      -     -    0s
     0     0 3281.50644    0  153          - 3281.50644      -     -    0s
     0     0 3399.00796    0  204          - 3399.00796      -     -    0s
     0     0 3439.63101    0  179          - 3439.63101      -     -    0s
     0     0 3442.35506    0  175          - 3442.35506      -     -    0s
     0     0 3442.35506    0  224          - 3442.35506      -     -    0s
     0     0 3476.10409    0  212          - 3476.10409      -     -    0s
     0     0 3481.42265    0  170          - 3481.42265      -     -    0s
     0     0 3481.72094    0  228          - 3481.72094      -     -    0s
     0     0 3488.52481    0  220          - 3488.52481      -     -    1s
     0     0 3488.52481    0  190          - 3488.52481      -     -    1s
     0     2 3489.73652    0  189          - 3489.73652      -     -    1s
   238   278 4974.78650   57   41          - 3505.84503      -   131    5s
H  502   495                    8411.9800000 3505.84503  58.3%  75.5    6s
*  519   495             168    8155.9800000 3505.84503  57.0%  75.9    7s
H  557   544                    8081.8700000 3505.84503  56.6%  76.6    8s
H  565   539                    7774.4600000 3505.84503  54.9%  75.7    8s
H  599   519                    6919.7600000 3509.78750  49.3%  80.3    9s
   604   525 3815.27858    6  281 6919.76000 3509.78750  49.3%  85.6   10s
   680   602 4187.83612   23  195 6919.76000 3509.78750  49.3%   115   15s
H  732   618                    6660.4800000 3509.78750  47.3%   121   18s
   736   620 6103.08000  135  324 6660.48000 3545.01555  46.8%   120   20s
H  748   596                    6553.7000000 3656.24926  44.2%   118   23s
   757   602 6553.70000  158  487 6553.70000 3659.33545  44.2%   117   25s
   778   618 5161.76311   74  449 6553.70000 3661.18430  44.1%   125   30s
H  782   588                    6422.6700000 3661.73212  43.0%   125   31s
   789   593 5803.87568  109  424 6422.67000 3662.37355  43.0%   124   35s
   800   604 3673.82966   27  400 6422.67000 3673.82966  42.8%   138   40s
   860   652 3968.61741   45  194 6422.67000 3687.03909  42.6%   161   45s
   938   702 4034.92999   70  161 6422.67000 3687.03909  42.6%   166   50s
  1026   760 4098.58135   95  165 6422.67000 3687.03909  42.6%   172   55s
H 1067   750                    6304.6700000 3687.03909  41.5%   173   56s
  1124   792 4171.28873  125  173 6304.67000 3687.03909  41.5%   173   60s
  1262   899 4334.64866  170  163 6304.67000 3687.03909  41.5%   171   66s
  1406  1013 4468.52609  216  143 6304.67000 3687.03909  41.5%   169   70s
  1571  1130 4826.04960  268   97 6304.67000 3687.03909  41.5%   165   76s
H 1615  1088                    5908.1100000 3687.03909  37.6%   164   76s
  1799  1234 4696.27548  209  145 5908.11000 3687.03909  37.6%   158   80s
  2024  1348 3782.79355   33  396 5908.11000 3687.24989  37.6%   152   85s
  2157  1447 3950.39394   49  326 5908.11000 3687.24989  37.6%   154   90s
  2297  1504 4340.98547   77  243 5908.11000 3687.24989  37.6%   157   96s
  2496  1755 4732.94622  118  202 5908.11000 3687.24989  37.6%   154  101s
  2784  2022 5112.86098  166  102 5908.11000 3687.24989  37.6%   145  107s
  2944  2100 5298.19233  210  173 5908.11000 3687.24989  37.6%   143  112s
  2974  2182 5514.47493  217  124 5908.11000 3687.24989  37.6%   144  115s
  3197  2279 5684.66275  283  148 5908.11000 3687.24989  37.6%   140  120s
  3368  2544 3968.53219   34  306 5908.11000 3746.85119  36.6%   137  125s
  3731  2849 4425.67638   67  158 5908.11000 3746.85119  36.6%   129  131s
  3872  2987 4816.19909  150  127 5908.11000 3746.85119  36.6%   127  141s
H 4020  2990                    5836.1100000 3746.85119  35.8%   124  144s
  4047  3080 5149.36621  212  115 5836.11000 3778.29142  35.3%   124  147s
  4162  3186 4343.28425   38  140 5836.11000 3782.80688  35.2%   123  150s
  4360  3329 infeasible   77      5836.11000 3787.66033  35.1%   122  156s
  4453  3497 4439.42019   38  160 5836.11000 3787.66033  35.1%   122  160s
  4825  3758     cutoff   59      5836.11000 3798.31511  34.9%   118  168s
* 4929  3747             211    5817.0100000 3798.62332  34.7%   117  168s
  4951  4102 4499.08045   59  112 5817.01000 3806.21040  34.6%   118  172s
  5333  4183 4247.40677   41  265 5817.01000 3806.59471  34.6%   112  177s
  5414  4436 4920.08110   74  206 5817.01000 3809.76920  34.5%   112  181s
  5690  4736 4109.09428   31  216 5817.01000 3810.36105  34.5%   109  187s
  6002  4872 5023.50026  163   80 5817.01000 3811.49222  34.5%   106  192s
  6149  5096 4171.46425   47  161 5817.01000 3812.71600  34.5%   106  197s
  6396  5299     cutoff  137      5817.01000 3813.06116  34.4%   104  202s
  6612  5428 4408.72307   57  110 5817.01000 3815.27000  34.4%   103  206s
  6764  5564 4236.37509   44  199 5817.01000 3816.71891  34.4%   103  211s
  6915  5719 4135.74490   40  236 5817.01000 3817.85531  34.4%   103  215s
  7100  5882 3940.29097   38  363 5817.01000 3818.03728  34.4%   102  220s
  7284  6201 4666.49020   64  134 5817.01000 3821.04920  34.3%   101  225s
  7629  6656 4110.56952   49  206 5817.01000 3829.94942  34.2%  99.1  232s
  8155  6831 4038.23324   39  340 5817.01000 3831.94181  34.1%  95.4  239s
  8210  6831 5424.40383   94   53 5817.01000 3831.94181  34.1%  95.6  240s
  8360  6946 3965.15517   31  132 5817.01000 3832.05612  34.1%  95.3  245s
  8499  7059 4094.42587   31  379 5817.01000 3832.05612  34.1%  95.8  250s
  8614  7274 4875.39354   50   82 5817.01000 3837.80116  34.0%  96.4  255s
  8881  7499     cutoff   84      5817.01000 3839.42912  34.0%  95.6  261s
  9141  7656 3930.04704   35  370 5817.01000 3840.68668  34.0%  94.6  267s
  9303  7867 4579.17290   64   25 5817.01000 3843.83666  33.9%  94.9  272s
  9530  8044     cutoff  142      5817.01000 3845.28655  33.9%  94.7  278s
  9719  8313 4830.57059   74  140 5817.01000 3850.15494  33.8%  94.5  283s
 10020  8483 4848.22697   56  119 5817.01000 3853.94450  33.7%  93.4  289s
 10065  8483 5303.79212  101   57 5817.01000 3853.94450  33.7%  93.2  290s
 10202  8621 4089.50240   29  363 5817.01000 3853.94450  33.7%  92.7  295s
 10472  8817 infeasible   60      5817.01000 3855.31852  33.7%  93.4  304s
 10583  8977 4140.59340   44  357 5817.01000 3855.31852  33.7%  93.7  310s
 10753  9224 4750.94345   66   87 5817.01000 3858.28571  33.7%  93.6  315s
 11024  9298 4233.90094   31  149 5817.01000 3860.14761  33.6%  92.8  321s
 11098  9575 4676.40608   48   16 5817.01000 3860.32423  33.6%  93.6  327s
 11423  9710 5248.49500   79   28 5817.01000 3861.25566  33.6%  92.8  333s
 11625  9872 5733.75000  101    - 5817.01000 3871.25220  33.4%  92.3  338s
 11810  9980 5747.97943  101   19 5817.01000 3872.26540  33.4%  92.1  343s
 11920 10217 5754.62463  102    8 5817.01000 3872.26540  33.4%  92.5  348s
*11927 10189             108    5784.7300000 3872.26540  33.1%  92.5  348s
 12180 10287 4915.25580   41  199 5784.73000 3875.64170  33.0%  91.8  354s
 12302 10342 4116.54901   42  322 5784.73000 3875.64170  33.0%  92.4  365s
 12501 10581 4880.43694   64  204 5784.73000 3879.45425  32.9%  92.9  374s
 12676 10581 5623.63657  122  108 5784.73000 3879.58309  32.9%  92.8  375s
 12750 10698 5445.33817   97   78 5784.73000 3881.93727  32.9%  92.8  380s
 12880 10904 5558.62803   96   50 5784.73000 3882.38378  32.9%  93.2  385s
 13065 11114 4209.02479   45  283 5784.73000 3884.35787  32.9%  92.9  390s
 13323 11391 4031.51763   40  205 5784.73000 3885.28854  32.8%  92.3  396s
 13681 11669     cutoff  168      5784.73000 3885.44820  32.8%  91.4  402s
 13956 11847 4706.65586   47  118 5784.73000 3886.43525  32.8%  91.3  408s
 14190 12026 5689.11667   87   11 5784.73000 3888.39110  32.8%  91.2  413s
 14410 12200 5536.30919  103   17 5784.73000 3891.25812  32.7%  91.1  418s
H14617 12067                    5712.7300000 3892.63066  31.9%  91.1  424s
H14626  2440                    4458.4100000 3892.69156  12.7%  91.1  424s
 14671  2463     cutoff   64      4458.41000 3894.95625  12.6%  91.5  428s
 14748  2522 4197.04928   47  157 4458.41000 3898.03741  12.6%  92.2  432s
 14835  2542 4236.79909   37  176 4458.41000 3898.70319  12.6%  92.6  437s
 14906  2574 4100.53703   31  196 4458.41000 3902.37393  12.5%  93.4  441s
 14956  2616 4078.17270   42  340 4458.41000 3903.48462  12.4%  93.9  445s
 15014  2655 4313.94657   47  141 4458.41000 3905.64125  12.4%  94.7  450s
 15205  2759 4273.25140   35  305 4458.41000 3912.03028  12.3%  95.3  455s
 15393  2882 4315.36057   47  167 4458.41000 3916.12575  12.2%  96.0  464s
 15479  2958 4432.38302   50   17 4458.41000 3921.20763  12.0%  96.6  469s
 15594  3014 4109.65168   35  308 4458.41000 3922.21124  12.0%  97.3  473s
 15668  3062 4442.78233   46  194 4458.41000 3924.30365  12.0%  97.8  478s
 15792  3094 4445.86784   61  317 4458.41000 3926.77189  11.9%  98.2  483s
 15872  3147 4065.16380   39  260 4458.41000 3928.23593  11.9%  98.8  487s
 15972  3207 4157.98752   27  142 4458.41000 3932.17348  11.8%  99.3  492s
H16013  3182                    4454.4100000 3932.17348  11.7%   100  493s
 16074  3216     cutoff   46      4454.41000 3933.80189  11.7%   100  497s
 16173  3249 4021.11643   38  223 4454.41000 3937.37318  11.6%   100  502s
 16297  3320 4403.23245   48  253 4454.41000 3938.36800  11.6%   101  507s
 16413  3350 4295.54031   52  241 4454.41000 3940.15132  11.5%   101  512s
 16463  3420     cutoff   46      4454.41000 3940.65147  11.5%   102  517s
 16567  3454 4280.97906   49  238 4454.41000 3943.52814  11.5%   103  522s
 16637  3493 4328.46697   47  250 4454.41000 3943.70064  11.5%   103  527s
 16712  3533     cutoff   47      4454.41000 3944.97837  11.4%   104  532s
H16740  3241                    4422.0200000 3944.97837  10.8%   104  532s
 16793  3281 4232.93547   44   57 4422.02000 3946.09279  10.8%   104  537s
 16875  3341 4086.49902   42  336 4422.02000 3947.32261  10.7%   105  543s
 17003  3382 4089.55717   36  176 4422.02000 3947.38307  10.7%   105  548s
 17089  3420 4353.78192   53  188 4422.02000 3949.50096  10.7%   106  553s
 17179  3515 4154.75062   36  226 4422.02000 3953.68866  10.6%   106  558s
 17332  3619 4154.11086   40   84 4422.02000 3958.75604  10.5%   107  564s
 17477  3642 4301.03655   62  100 4422.02000 3959.89851  10.5%   107  569s
 17578  3701 4202.73318   41  291 4422.02000 3962.38838  10.4%   107  574s
 17682  3731 4380.42508   44  158 4422.02000 3963.61263  10.4%   108  616s
 17744  3760     cutoff   61      4422.02000 3963.99548  10.4%   108  621s
H17818  3171                    4363.7300000 3965.43903  9.13%   109  627s
 17953  3213 4207.91099   45  254 4363.73000 3968.30620  9.06%   109  632s
 18070  3234 4265.04951   50  136 4363.73000 3971.91155  8.98%   110  638s
 18156  3272     cutoff   48      4363.73000 3973.63573  8.94%   110  643s
 18250  3304 4039.15798   32  308 4363.73000 3974.89567  8.91%   111  649s
 18319  3329 4144.49288   43  236 4363.73000 3975.46532  8.90%   112  655s
 18420  3352 4344.79489   53  301 4363.73000 3981.21383  8.77%   112  660s
 18488  3404 4142.23371   37  385 4363.73000 3982.15076  8.74%   113  666s
 18619  3442 4261.29286   39  144 4363.73000 3984.73661  8.69%   113  672s
 18720  3477 4251.85425   43  229 4363.73000 3985.06345  8.68%   114  678s
 18811  3501 4108.70948   37  133 4363.73000 3987.42037  8.62%   114  683s
 18902  3546 4290.85473   41  250 4363.73000 3988.09228  8.61%   115  689s
 19016  3582     cutoff   44      4363.73000 3989.07513  8.59%   116  695s
 19124  3650 4260.91455   55   53 4363.73000 3993.26453  8.49%   116  701s
 19270  3737 4214.27154   38  242 4363.73000 3996.85032  8.41%   116  708s
 19419  3779 4175.85795   49  249 4363.73000 3998.22883  8.38%   117  714s
 19523  3831 4267.36390   48  238 4363.73000 4000.02312  8.33%   117  720s
 19649  3876 4249.71411   37  184 4363.73000 4002.61923  8.28%   118  726s
*19661  3649              45    4345.4300000 4002.61923  7.89%   118  726s
 19786  3695 4166.07773   31  263 4345.43000 4004.53337  7.84%   118  732s
 19924  3719 4297.92382   47  137 4345.43000 4005.56020  7.82%   119  739s
 20035  3773 4239.78191   38  279 4345.43000 4007.68945  7.77%   119  745s
 20151  3817 4259.53185   43  139 4345.43000 4010.52474  7.71%   120  751s
 20235  3839 4336.45445   51  233 4345.43000 4012.03109  7.67%   120  757s
 20327  3870 4307.86978   44  184 4345.43000 4014.82313  7.61%   121  763s
 20393  3919 4306.11033   47  208 4345.43000 4015.28325  7.60%   121  770s
 20541  3962 4212.78844   43  213 4345.43000 4017.29461  7.55%   122  776s
 20659  3977     cutoff   47      4345.43000 4018.58681  7.52%   122  782s
 20724  4002 4208.28955   32  237 4345.43000 4020.80884  7.47%   123  788s
 20851  4025 4164.86669   44  262 4345.43000 4022.93240  7.42%   123  795s
 20946  4034 4215.95799   34  306 4345.43000 4025.47890  7.36%   124  801s
 21032  4058 4163.18596   31  231 4345.43000 4025.90811  7.35%   124  807s
 21133  4089 4291.38315   45  122 4345.43000 4027.54453  7.32%   125  813s
 21254  4101     cutoff   56      4345.43000 4028.49286  7.29%   125  819s
 21351  4121     cutoff   40      4345.43000 4029.79234  7.26%   126  826s
 21458  4139 4263.31882   58  285 4345.43000 4030.84445  7.24%   126  832s
 21564  4230 4166.09898   41  332 4345.43000 4032.32201  7.21%   127  838s
 21740  4248 4294.59198   43  277 4345.43000 4034.20145  7.16%   127  845s
 21870  4277 4275.40705   43  287 4345.43000 4034.83521  7.15%   128  851s
 21994  4314     cutoff   43      4345.43000 4036.54681  7.11%   128  858s
 22110  4392 4266.17859   38  223 4345.43000 4037.49983  7.09%   129  864s
 22191  4392 4134.70438   49  161 4345.43000 4038.24426  7.07%   129  865s
 22325  4454 4275.69265   43  237 4345.43000 4038.48152  7.06%   129  871s
 22493  4487 4295.13511   46  169 4345.43000 4040.70201  7.01%   129  880s
 22648  4513 4234.60769   42  158 4345.43000 4043.02709  6.96%   129  887s
 22790  4531 4291.31927   33  254 4345.43000 4044.52305  6.92%   130  894s
 22908  4580 4305.96641   41  336 4345.43000 4045.64758  6.90%   130  900s
 23066  4632 4341.42130   51  187 4345.43000 4046.39263  6.88%   131  907s
 23221  4685 4173.37595   36  322 4345.43000 4048.31518  6.84%   131  914s
 23370  4744     cutoff   46      4345.43000 4049.62685  6.81%   131  921s
 23549  4794     cutoff   38      4345.43000 4051.08691  6.77%   131  927s
 23696  4887 4227.52767   48  167 4345.43000 4052.75247  6.74%   132  935s
*23722  4879              62    4344.8100000 4052.75247  6.72%   132  935s
 23888  4914 4290.27439   52  264 4344.81000 4053.21796  6.71%   132  942s
 24062  4928 4279.37729   49  237 4344.81000 4053.70933  6.70%   132  949s
 24173  4959 4118.27852   38  216 4344.81000 4055.38504  6.66%   133  955s
 24278  5027     cutoff   48      4344.81000 4056.79479  6.63%   133  963s
 24463  5042 4278.53686   48  313 4344.81000 4058.80807  6.58%   133  970s
 24570  5086 4258.36544   44  115 4344.81000 4060.53013  6.54%   134  978s
 24700  5139 4196.70074   47  157 4344.81000 4062.10773  6.51%   134  985s
 24862  5162 4214.81396   43  386 4344.81000 4063.05780  6.48%   134  992s
 24985  5170 4224.52136   36  301 4344.81000 4064.60345  6.45%   135  999s
 25084  5213 4319.87552   48   85 4344.81000 4065.67793  6.42%   135 1006s
 25235  5237     cutoff   51      4344.81000 4066.55637  6.40%   136 1012s
 25365  5295 4310.42234   45  181 4344.81000 4067.53245  6.38%   136 1019s
 25531  5351 4310.38550   40  199 4344.81000 4068.14321  6.37%   136 1026s
 25704  5378 4199.21118   36  300 4344.81000 4069.46798  6.34%   137 1033s
 25845  5452 4126.58156   37  232 4344.81000 4071.04565  6.30%   137 1041s
 26036  5472     cutoff   40      4344.81000 4072.17393  6.27%   137 1048s
 26169  5507     cutoff   47      4344.81000 4073.87199  6.24%   137 1055s
 26322  5534     cutoff   40      4344.81000 4075.34873  6.20%   138 1062s
H26400  3928                    4272.4100000 4076.28137  4.59%   138 1062s
 26426  3907     cutoff   57      4272.41000 4076.51427  4.59%   138 1069s
 26540  3908     cutoff   41      4272.41000 4077.61985  4.56%   138 1076s
 26661  3911 4201.53268   49  299 4272.41000 4079.54510  4.51%   139 1083s
 26783  3926 4189.43825   30  342 4272.41000 4080.88500  4.48%   139 1090s
 26961  3926     cutoff   54      4272.41000 4081.95003  4.46%   139 1097s
 27086  3939 4253.94998   45  277 4272.41000 4084.43832  4.40%   140 1104s
 27213  3952 4208.27658   51  192 4272.41000 4086.38796  4.35%   140 1111s
 27381  3942 4212.29493   30  249 4272.41000 4087.80158  4.32%   140 1118s
 27493  3982     cutoff   41      4272.41000 4089.35263  4.28%   141 1125s
 27660  3981     cutoff   50      4272.41000 4091.20170  4.24%   141 1132s
 27831  4003     cutoff   59      4272.41000 4093.02295  4.20%   141 1139s
 27985  3997 4200.85474   45  271 4272.41000 4094.33450  4.17%   142 1146s
 28120  3984 4263.79470   56  143 4272.41000 4095.25520  4.15%   142 1153s
 28239  3977 4226.69668   44  241 4272.41000 4097.12337  4.10%   143 1160s
 28363  3982     cutoff   41      4272.41000 4099.07254  4.06%   143 1167s
 28479  3987     cutoff   48      4272.41000 4100.92083  4.01%   143 1174s
 28614  3990     cutoff   31      4272.41000 4102.38465  3.98%   144 1180s
 28782  3996 4158.51909   56  315 4272.41000 4103.91230  3.94%   144 1188s
 28930  3995 4249.24039   38  321 4272.41000 4105.33668  3.91%   144 1195s
 29072  3977     cutoff   46      4272.41000 4107.45200  3.86%   145 1202s
 29202  3963 4224.61657   43  228 4272.41000 4108.61525  3.83%   145 1213s
 29454  3965     cutoff   45      4272.41000 4111.13561  3.77%   145 1224s
 29665  3953 4266.85792   47   33 4272.41000 4113.91444  3.71%   146 1235s
 29851  3932 4252.38029   48  217 4272.41000 4116.52906  3.65%   146 1245s
 30038  3954 4234.92109   41  273 4272.41000 4118.76581  3.60%   147 1256s
 30320  3937     cutoff   48      4272.41000 4120.53561  3.55%   147 1266s
 30525  3912 4220.00184   48   51 4272.41000 4122.83294  3.50%   147 1275s
 30732  3898     cutoff   54      4272.41000 4125.94972  3.43%   147 1285s
 30947  3887 4188.85001   87  171 4272.41000 4127.48975  3.39%   148 1297s
 31096  3861 4236.98704   48  303 4272.41000 4129.38170  3.35%   148 1307s
 31283  3825     cutoff   42      4272.41000 4131.86497  3.29%   148 1317s
 31539  3823 4225.43816   40  215 4272.41000 4134.84131  3.22%   149 1327s
 31743  3796     cutoff   47      4272.41000 4136.45369  3.18%   149 1337s
 31982  3766     cutoff   41      4272.41000 4138.41815  3.14%   149 1347s
 32219  3744     cutoff   46      4272.41000 4141.61101  3.06%   149 1357s
 32443  3733     cutoff   45      4272.41000 4143.47702  3.02%   150 1366s
 32687  3727 4212.57282   43  270 4272.41000 4146.06390  2.96%   150 1376s
 32917  3704 4226.28281   39   66 4272.41000 4147.65815  2.92%   150 1386s
 33111  3689     cutoff   33      4272.41000 4149.87709  2.87%   150 1395s
 33353  3643     cutoff   52      4272.41000 4152.38151  2.81%   150 1405s
 33560  3629     cutoff   38      4272.41000 4154.62680  2.76%   151 1414s
 33833  3629 4237.57871   51   42 4272.41000 4156.13876  2.72%   151 1415s
 33848  3618 4268.64114   42   79 4272.41000 4156.16496  2.72%   151 1424s
 34136  3575 4185.99943   39  379 4272.41000 4158.74379  2.66%   151 1433s
 34345  3549     cutoff   39      4272.41000 4161.77200  2.59%   151 1443s
 34592  3521     cutoff   41      4272.41000 4163.63489  2.55%   151 1452s
 34841  3501 4255.51578   46  258 4272.41000 4166.38652  2.48%   151 1460s
 35105  3446 4213.43271   44  261 4272.41000 4168.66602  2.43%   151 1470s
 35372  3396     cutoff   43      4272.41000 4170.88562  2.38%   151 1479s
 35672  3361     cutoff   42      4272.41000 4173.29544  2.32%   151 1488s
 35958  3365 4245.74799   44  111 4272.41000 4176.77301  2.24%   151 1498s
 36316  3346     cutoff   43      4272.41000 4178.96428  2.19%   150 1506s
 36584  3307     cutoff   44      4272.41000 4180.90937  2.14%   150 1515s
 36846  3285 4209.17152   49  112 4272.41000 4183.85512  2.07%   150 1523s
 37128  3228     cutoff   42      4272.41000 4186.21843  2.02%   150 1532s
 37401  3197     cutoff   45      4272.41000 4189.24131  1.95%   150 1540s
 37782  3127     cutoff   52      4272.41000 4191.42549  1.90%   149 1548s
 38059  3077 4238.60609   50  235 4272.41000 4194.34968  1.83%   149 1556s
 38330  3032     cutoff   48      4272.41000 4196.22533  1.78%   149 1564s
 38639  2951     cutoff   42      4272.41000 4199.13494  1.72%   149 1572s
 39064  2909     cutoff   44      4272.41000 4201.54184  1.66%   148 1580s
 39385  2908 4238.37425   41   67 4272.41000 4203.80013  1.61%   148 1594s
 39475  2859     cutoff   47      4272.41000 4204.47804  1.59%   148 1602s
 39758  2785     cutoff   50      4272.41000 4206.73776  1.54%   147 1610s
 40084  2695 4225.32675   44  107 4272.41000 4209.10277  1.48%   147 1618s
 40504  2590     cutoff   39      4272.41000 4211.65414  1.42%   146 1625s
 40759  2475     cutoff   45      4272.41000 4213.80709  1.37%   146 1633s
 41102  2372 4257.25630   44   54 4272.41000 4216.32000  1.31%   146 1640s
 41480  2285     cutoff   40      4272.41000 4219.09982  1.25%   145 1647s
 41915  2168     cutoff   59      4272.41000 4221.59022  1.19%   144 1655s
 42359  2047     cutoff   57      4272.41000 4224.87222  1.11%   144 1662s
 42835  1934 4241.56576   46   99 4272.41000 4227.77226  1.04%   143 1670s
 43298  1814     cutoff   57      4272.41000 4230.42507  0.98%   142 1678s
 43776  1687     cutoff   53      4272.41000 4233.16296  0.92%   141 1685s
 44321  1510 4270.92667   51   10 4272.41000 4235.86226  0.86%   140 1691s
 44762  1316     cutoff   49      4272.41000 4238.40125  0.80%   139 1698s
 45451  1103     cutoff   54      4272.41000 4241.39878  0.73%   138 1703s
 45937   870     cutoff   55      4272.41000 4245.17904  0.64%   137 1708s
 46300   613     cutoff   47      4272.41000 4249.78827  0.53%   136 1712s
 46683   330 4260.53201   44   76 4272.41000 4254.70709  0.41%   135 1716s

Cutting planes:
  User: 3230
  Gomory: 17
  Cover: 245
  Implied bound: 95
  Projected implied bound: 4
  Clique: 14
  MIR: 73
  Flow cover: 200
  Zero half: 9
  RLT: 143
  Relax-and-lift: 3
  Lazy constraints: 1126

Explored 47395 nodes (6350765 simplex iterations) in 1719.17 seconds
Thread count was 2 (of 32 available processors)

Solution count 10: 4272.41 4344.81 4345.43 ... 5817.01

Optimal solution found (tolerance 1.00e-04)
Best objective 4.272410000000e+03, best bound 4.272410000000e+03, gap 0.0000%

User-callback calls 203380, time in user-callback 89.23 sec
================================================================================
executing instance: ./input/Instances/Original/4/absH3low_3n10.dat
--------------------------------------------------------------------------------
Instance details
n	11
H	3
C	687
Li:
[0, 0, 0, 0, 0, 0, 0, 0, 0, 0, 0, ]
Ui:
[0, 189, 44, 174, 78, 36, 198, 117, 42, 96, 240, ]
Distance matrix:
|0	209	255	286	142	156	285	317	182	161	135	|
|209	0	464	451	315	356	490	469	361	299	260	|
|255	464	0	221	202	130	74	280	189	254	273	|
|286	451	221	0	145	156	164	479	354	153	192	|
|142	315	202	145	0	73	194	388	250	53	73	|
|156	356	130	156	73	0	134	332	200	127	144	|
|285	490	74	164	194	134	0	353	256	239	267	|
|317	469	280	479	388	332	353	0	141	436	430	|
|182	361	189	354	250	200	256	141	0	296	289	|
|161	299	254	153	53	127	239	436	296	0	39	|
|135	260	273	192	73	144	267	430	289	39	0	|

--------------------------------------------------------------------------------
Building model...
	using lazy and cut (CVRPSEP package)
Solving IRP LP...
--------------------------------------------------------------------------------

Gurobi 9.1.0 (linux64) logging started Wed Feb 10 13:07:57 2021

Gurobi Optimizer version 9.1.0 build v9.1.0rc0 (linux64)
Thread count: 32 physical cores, 32 logical processors, using up to 2 threads
Optimize a model with 347 rows, 728 columns and 2270 nonzeros
Model fingerprint: 0x80275599
Variable types: 134 continuous, 594 integer (99 binary)
Coefficient statistics:
  Matrix range     [1e+00, 2e+02]
  Objective range  [1e-02, 5e+02]
  Bounds range     [1e+00, 2e+02]
  RHS range        [1e+00, 1e+03]
Presolve removed 94 rows and 41 columns
Presolve time: 0.02s
Presolved: 253 rows, 687 columns, 1927 nonzeros
Variable types: 82 continuous, 605 integer (508 binary)
Found heuristic solution: objective 4698.1300000

Root relaxation: objective 1.476189e+03, 429 iterations, 0.01 seconds

    Nodes    |    Current Node    |     Objective Bounds      |     Work
 Expl Unexpl |  Obj  Depth IntInf | Incumbent    BestBd   Gap | It/Node Time

     0     0 1476.18878    0   38 4698.13000 1476.18878  68.6%     -    0s
H    0     0                    4491.1300000 1476.18878  67.1%     -    0s
     0     0 1656.25918    0   49 4491.13000 1656.25918  63.1%     -    0s
     0     0 2077.99226    0   72 4491.13000 2077.99226  53.7%     -    0s
H    0     0                    4490.7400000 2077.99226  53.7%     -    0s
     0     0 2082.37690    0   93 4490.74000 2082.37690  53.6%     -    0s
     0     0 2186.35097    0   80 4490.74000 2186.35097  51.3%     -    0s
H    0     0                    3566.5200000 2186.35097  38.7%     -    0s
     0     0 2192.22393    0  103 3566.52000 2192.22393  38.5%     -    0s
     0     0 2192.37837    0  112 3566.52000 2192.37837  38.5%     -    0s
     0     0 2293.23688    0  118 3566.52000 2293.23688  35.7%     -    0s
     0     0 2301.11787    0  118 3566.52000 2301.11787  35.5%     -    0s
     0     0 2303.70188    0  114 3566.52000 2303.70188  35.4%     -    0s
     0     0 2319.29687    0  114 3566.52000 2319.29687  35.0%     -    0s
     0     0 2319.29687    0  115 3566.52000 2319.29687  35.0%     -    0s
     0     0 2321.98633    0  123 3566.52000 2321.98633  34.9%     -    0s
     0     0 2321.98633    0  121 3566.52000 2321.98633  34.9%     -    0s
H    0     0                    2981.4000000 2321.98633  22.1%     -    0s
     0     2 2322.46459    0  121 2981.40000 2322.46459  22.1%     -    0s
H   72    74                    2795.4000000 2337.00145  16.4%  39.7    0s
H  108    88                    2734.1000000 2365.98633  13.5%  38.1    0s

Cutting planes:
  User: 58
  Gomory: 4
  Cover: 95
  Implied bound: 53
  Clique: 8
  MIR: 45
  StrongCG: 3
  Flow cover: 61
  Zero half: 1
  Network: 3
  RLT: 56
  Relax-and-lift: 12
  Lazy constraints: 10

Explored 1398 nodes (64117 simplex iterations) in 2.71 seconds
Thread count was 2 (of 32 available processors)

Solution count 7: 2734.1 2795.4 2981.4 ... 4698.13

Optimal solution found (tolerance 1.00e-04)
Best objective 2.734100000000e+03, best bound 2.734100000000e+03, gap 0.0000%

User-callback calls 3411, time in user-callback 0.32 sec
================================================================================
executing instance: ./input/Instances/Original/4/absH3low_3n15.dat
--------------------------------------------------------------------------------
Instance details
n	16
H	3
C	1267
Li:
[0, 0, 0, 0, 0, 0, 0, 0, 0, 0, 0, 0, 0, 0, 0, 0, ]
Ui:
[0, 156, 267, 148, 144, 87, 33, 171, 76, 141, 270, 282, 60, 110, 172, 57, ]
Distance matrix:
|0	229	567	76	58	96	306	409	310	423	108	346	165	347	159	256	|
|229	0	482	243	279	155	375	525	251	419	158	373	65	123	329	246	|
|567	482	0	506	622	483	342	439	259	200	467	274	486	433	501	312	|
|76	243	506	0	119	88	230	337	255	352	88	272	179	347	94	194	|
|58	279	622	119	0	154	345	431	366	471	166	391	217	399	179	310	|
|96	155	483	88	154	0	266	397	224	358	17	289	92	262	176	179	|
|306	375	342	230	345	266	0	158	184	148	251	68	332	423	181	140	|
|409	525	439	337	431	397	158	0	340	244	386	201	476	581	253	298	|
|310	251	259	255	366	224	184	340	0	170	208	146	238	257	274	66	|
|423	419	200	352	471	358	148	244	170	0	341	84	396	424	323	182	|
|108	158	467	88	166	17	251	386	208	341	0	273	96	259	172	162	|
|346	373	274	272	391	289	68	201	146	84	273	0	340	400	239	127	|
|165	65	486	179	217	92	332	476	238	396	96	340	0	182	267	216	|
|347	123	433	347	399	262	423	581	257	424	259	400	182	0	423	283	|
|159	329	501	94	179	176	181	253	274	323	172	239	267	423	0	208	|
|256	246	312	194	310	179	140	298	66	182	162	127	216	283	208	0	|

--------------------------------------------------------------------------------
Building model...
	using lazy and cut (CVRPSEP package)
Solving IRP LP...
--------------------------------------------------------------------------------

Gurobi 9.1.0 (linux64) logging started Wed Feb 10 13:08:00 2021

Gurobi Optimizer version 9.1.0 build v9.1.0rc0 (linux64)
Thread count: 32 physical cores, 32 logical processors, using up to 2 threads
Optimize a model with 502 rows, 1423 columns and 4060 nonzeros
Model fingerprint: 0x29e5ac0c
Variable types: 199 continuous, 1224 integer (144 binary)
Coefficient statistics:
  Matrix range     [1e+00, 4e+02]
  Objective range  [1e-02, 6e+02]
  Bounds range     [1e+00, 3e+02]
  RHS range        [1e+00, 2e+03]
Presolve removed 139 rows and 61 columns
Presolve time: 0.03s
Presolved: 363 rows, 1362 columns, 3521 nonzeros
Variable types: 122 continuous, 1240 integer (1095 binary)

Root relaxation: objective 1.782467e+03, 586 iterations, 0.01 seconds

    Nodes    |    Current Node    |     Objective Bounds      |     Work
 Expl Unexpl |  Obj  Depth IntInf | Incumbent    BestBd   Gap | It/Node Time

     0     0 1782.46686    0   55          - 1782.46686      -     -    0s
     0     0 1983.88001    0   65          - 1983.88001      -     -    0s
     0     0 1983.88001    0   66          - 1983.88001      -     -    0s
     0     0 2457.71216    0   46          - 2457.71216      -     -    0s
     0     0 2502.71999    0   77          - 2502.71999      -     -    0s
     0     0 2513.08109    0   72          - 2513.08109      -     -    0s
     0     0 2513.08109    0   67          - 2513.08109      -     -    0s
     0     0 2586.16407    0  161          - 2586.16407      -     -    0s
     0     0 2617.84103    0  118          - 2617.84103      -     -    0s
     0     0 2637.91249    0  144          - 2637.91249      -     -    0s
     0     0 2640.37634    0  140          - 2640.37634      -     -    0s
     0     0 2640.64335    0  134          - 2640.64335      -     -    0s
     0     0 2697.17108    0  165          - 2697.17108      -     -    0s
H    0     0                    5095.6900000 2697.17108  47.1%     -    0s
H    0     0                    4634.6900000 2697.17108  41.8%     -    0s
     0     0 2716.88387    0  203 4634.69000 2716.88387  41.4%     -    0s
     0     0 2719.80872    0  207 4634.69000 2719.80872  41.3%     -    0s
     0     0 2719.93128    0  210 4634.69000 2719.93128  41.3%     -    0s
     0     0 2741.86591    0  141 4634.69000 2741.86591  40.8%     -    0s
     0     0 2744.55637    0  183 4634.69000 2744.55637  40.8%     -    0s
     0     0 2744.56427    0  185 4634.69000 2744.56427  40.8%     -    0s
     0     0 2744.98344    0  178 4634.69000 2744.98344  40.8%     -    0s
     0     0 2744.98344    0  170 4634.69000 2744.98344  40.8%     -    0s
     0     2 2746.36641    0  163 4634.69000 2746.36641  40.7%     -    0s
H  100   102                    3558.2800000 2759.71470  22.4%  80.2    1s
H  623   441                    3539.2800000 2873.80462  18.8%  74.0    4s
H  644   404                    3461.2800000 2873.80462  17.0%  72.5    4s
   739   442 3411.53359   28  193 3461.28000 2890.41188  16.5%  70.0    5s
H  840   460                    3414.3200000 2890.41188  15.3%  81.7    8s
  1028   521 3255.06862   30  147 3414.32000 2931.67259  14.1%  86.7   10s
H 1438   496                    3401.5600000 3037.31754  10.7%  88.6   13s
  1641   465 3205.29016   19   91 3401.56000 3079.96286  9.45%  92.5   15s
  2446   267 3327.72261   25   54 3401.56000 3271.74020  3.82%  89.8   20s

Cutting planes:
  User: 698
  Gomory: 9
  Cover: 177
  Implied bound: 83
  Projected implied bound: 5
  Clique: 24
  MIR: 74
  StrongCG: 1
  Flow cover: 139
  GUB cover: 1
  Inf proof: 1
  Zero half: 16
  Network: 4
  RLT: 119
  Relax-and-lift: 13
