




arguments: ./build/bc_mirp -f ./input/orig_exec_72.cfg
Current dir: /scratch/gui/bc_mirp
File verbosity level: 9
date       time         ( uptime  ) [ thread name/id ]                   file:line     v| 
2021-02-07 06:31:59.567 (   0.182s) [main thread     ]             loguru.cpp:789   INFO| Logging to './output/vi_vc+lex_quarter/OU/V3/Original/execution_07_02_2021_06_31_59.log', mode: 'a', verbosity: 9
--------------------------------------------------------------------------------
Parameters
                           instance_path           ./input/Instances/Original/2/
                            model_policy                                       1
                             nb_vehicles                                       3
                              output_dir./output/vi_vc+lex_quarter/OU/V3/Original/
                            sec_strategy                                       1
                       solver_nb_threads                                       2
                         solver_show_log                                    true
                       solver_time_limit                                    3600
                              use_vi_cos                                   false
                              use_vi_cus                                   false
                         use_vi_hc1_full                                   false
                         use_vi_hc1_half                                   false
                      use_vi_hc1_quarter                                   false
                              use_vi_hc2                                   false
                              use_vi_hc3                                   false
                         use_vi_lex_full                                   false
                         use_vi_lex_half                                   false
                      use_vi_lex_quarter                                    true
                              use_vi_qua                                   false
                               use_vi_vc                                    true
                               use_vi_vr                                   false
--------------------------------------------------------------------------------
executing instance: ./input/Instances/Original/2/absH3high_3n40.dat
--------------------------------------------------------------------------------
Instance details
n	41
H	3
C	3283
Li:
[0, 0, 0, 0, 0, 0, 0, 0, 0, 0, 0, 0, 0, 0, 0, 0, 0, 0, 0, 0, 0, 0, 0, 0, 0, 0, 0, 0, 0, 0, 0, 0, 0, 0, 0, 0, 0, 0, 0, 0, 0, ]
Ui:
[0, 63, 111, 99, 96, 111, 282, 122, 156, 261, 42, 192, 126, 42, 162, 207, 159, 122, 102, 190, 118, 102, 132, 102, 165, 252, 66, 52, 22, 114, 210, 176, 116, 294, 78, 152, 210, 45, 130, 198, 174, ]
Distance matrix:
|0	208	225	252	227	143	258	127	267	150	28	83	163	286	57	149	201	137	214	255	70	73	107	186	328	266	249	343	222	177	293	144	262	215	167	120	169	218	143	173	255	|
|208	0	397	355	416	198	216	99	211	275	193	172	97	166	240	225	362	109	277	314	182	216	273	374	298	208	319	161	14	103	93	120	58	196	152	156	372	227	260	218	453	|
|225	397	0	427	53	364	482	343	492	129	253	225	382	386	171	188	39	291	187	195	295	182	282	55	326	491	180	551	408	315	457	366	455	275	392	244	221	439	341	214	101	|
|252	355	427	0	401	158	201	263	219	396	234	328	259	498	299	400	420	354	465	506	205	324	152	374	574	219	499	393	366	389	446	235	378	456	205	359	224	150	111	423	400	|
|227	416	53	401	0	357	477	352	489	165	253	245	389	424	179	223	85	315	234	245	293	200	264	42	375	488	231	565	428	344	484	370	474	314	392	270	184	430	325	252	50	|
|143	198	364	158	357	0	121	105	134	290	116	196	103	342	200	276	343	205	343	385	74	210	112	319	432	133	382	265	209	237	290	78	226	313	57	220	232	75	69	292	375	|
|258	216	482	201	477	121	0	168	18	397	230	293	135	381	314	372	459	275	437	480	188	317	228	439	501	18	479	197	222	296	290	132	212	386	95	306	347	58	173	381	496	|
|127	99	343	263	352	105	168	0	171	239	105	130	40	237	173	206	313	109	270	312	84	164	175	310	337	169	313	216	112	135	192	37	142	220	77	138	280	155	162	213	382	|
|267	211	492	219	489	134	18	171	0	404	240	298	136	376	323	376	468	276	441	483	198	324	243	450	500	2	483	181	215	294	281	136	202	386	102	309	363	75	189	384	509	|
|150	275	129	396	165	290	397	239	404	0	175	110	279	259	97	59	91	166	84	116	217	80	245	130	226	402	106	434	286	187	329	269	333	149	302	119	244	364	291	87	213	|
|28	193	253	234	253	116	230	105	240	175	0	94	139	286	84	167	229	136	234	275	43	96	98	212	341	238	271	320	206	175	281	118	244	225	140	128	180	191	124	189	280	|
|83	172	225	328	245	196	293	130	298	110	94	0	169	209	77	80	191	71	147	189	127	45	189	203	247	296	187	327	184	106	241	162	230	132	198	38	242	266	217	96	285	|
|163	97	382	259	389	103	135	40	136	279	139	169	0	253	212	244	353	141	307	349	110	203	194	347	366	133	350	183	107	161	187	27	124	251	56	175	306	133	169	249	418	|
|286	166	386	498	424	342	381	237	376	259	286	209	253	0	284	201	347	151	210	230	299	247	383	387	155	374	242	290	162	112	129	270	192	113	308	172	451	386	391	172	471	|
|57	240	171	299	179	200	314	173	323	97	84	77	212	284	0	112	145	147	170	208	127	38	148	137	299	321	201	386	253	183	315	195	297	195	222	112	171	275	195	142	214	|
|149	225	188	400	223	276	372	206	376	59	167	80	244	201	112	0	149	117	67	110	205	78	254	186	187	374	108	387	235	132	272	240	283	93	277	71	279	346	291	32	270	|
|201	362	39	420	85	343	459	313	468	91	229	191	353	347	145	149	0	254	149	160	272	150	271	66	290	466	146	518	373	278	419	339	420	235	367	207	227	418	327	175	135	|
|137	109	291	354	315	205	275	109	276	166	136	71	141	151	147	117	254	0	172	212	151	116	232	273	229	274	215	270	119	39	170	145	167	111	186	47	305	263	245	113	356	|
|214	277	187	465	234	343	437	270	441	84	234	147	307	210	170	67	149	172	0	42	272	141	317	205	144	439	43	437	284	175	307	305	331	99	343	132	327	413	357	60	283	|
|255	314	195	506	245	385	480	312	483	116	275	189	349	230	208	110	160	212	42	0	314	182	356	222	132	481	15	474	321	212	337	347	367	126	385	174	358	455	398	100	295	|
|70	182	295	205	293	74	188	84	198	217	43	127	110	299	127	205	272	151	272	314	0	137	91	253	370	196	310	292	195	188	274	85	226	252	99	155	197	148	94	223	316	|
|73	216	182	324	200	210	317	164	324	80	96	45	203	247	38	78	150	116	141	182	137	0	176	158	263	323	176	369	229	150	286	191	274	157	223	77	208	284	216	106	239	|
|107	273	282	152	264	112	228	175	243	245	98	189	194	383	148	254	271	232	317	356	91	176	0	231	435	242	349	371	286	271	365	167	315	321	164	224	120	174	61	280	274	|
|186	374	55	374	42	319	439	310	450	130	212	203	347	387	137	186	66	273	205	222	253	158	231	0	348	448	208	523	386	303	442	329	431	279	352	229	167	392	291	217	85	|
|328	298	326	574	375	432	501	337	500	226	341	247	366	155	299	187	290	229	144	132	370	263	435	348	0	498	147	441	299	206	283	374	338	119	414	215	465	492	463	157	425	|
|266	208	491	219	488	133	18	169	2	402	238	296	133	374	321	374	466	274	439	481	196	323	242	448	498	0	481	180	213	292	278	134	200	384	100	307	362	75	188	381	508	|
|249	319	180	499	231	382	479	313	483	106	271	187	350	242	201	108	146	215	43	15	310	176	349	208	147	481	0	480	326	217	346	347	373	135	385	175	347	454	392	103	280	|
|343	161	551	393	565	265	197	216	181	434	320	327	183	290	386	387	518	270	437	474	292	369	371	523	441	180	480	0	153	263	163	207	107	352	208	317	487	244	334	379	598	|
|222	14	408	366	428	209	222	112	215	286	206	184	107	162	253	235	373	119	284	321	195	229	286	386	299	213	326	153	0	109	81	132	48	201	162	167	386	236	272	226	466	|
|177	103	315	389	344	237	296	135	294	187	175	106	161	112	183	132	278	39	175	212	188	150	271	303	206	292	217	263	109	0	142	171	156	95	211	74	344	289	281	118	386	|
|293	93	457	446	484	290	290	192	281	329	281	241	187	129	315	272	419	170	307	337	274	286	365	442	283	278	346	163	81	142	0	212	79	211	241	214	461	311	353	254	525	|
|144	120	366	235	370	78	132	37	136	269	118	162	27	270	195	240	339	145	305	347	85	191	167	329	374	134	347	207	132	171	212	0	151	257	40	174	280	119	142	248	398	|
|262	58	455	378	474	226	212	142	202	333	244	230	124	192	297	283	420	167	331	367	226	274	315	431	338	200	373	107	48	156	79	151	0	245	173	214	421	237	293	273	510	|
|215	196	275	456	314	313	386	220	386	149	225	132	251	113	195	93	235	111	99	126	252	157	321	279	119	384	135	352	201	95	211	257	245	0	297	97	365	374	345	62	362	|
|167	152	392	205	392	57	95	77	102	302	140	198	56	308	222	277	367	186	343	385	99	223	164	352	414	100	385	208	162	211	241	40	173	297	0	213	283	79	126	287	415	|
|120	156	244	359	270	220	306	138	309	119	128	38	175	172	112	71	207	47	132	174	155	77	224	229	215	307	175	317	167	74	214	174	214	97	213	0	280	286	248	75	313	|
|169	372	221	224	184	232	347	280	363	244	180	242	306	451	171	279	227	305	327	358	197	208	120	167	465	362	347	487	386	344	461	280	421	365	283	280	0	291	175	310	176	|
|218	227	439	150	430	75	58	155	75	364	191	266	133	386	275	346	418	263	413	455	148	284	174	392	492	75	454	244	236	289	311	119	237	374	79	286	291	0	116	359	445	|
|143	260	341	111	325	69	173	162	189	291	124	217	169	391	195	291	327	245	357	398	94	216	61	291	463	188	392	334	272	281	353	142	293	345	126	248	175	116	0	313	335	|
|173	218	214	423	252	292	381	213	384	87	189	96	249	172	142	32	175	113	60	100	223	106	280	217	157	381	103	379	226	118	254	248	273	62	287	75	310	359	313	0	300	|
|255	453	101	400	50	375	496	382	509	213	280	285	418	471	214	270	135	356	283	295	316	239	274	85	425	508	280	598	466	386	525	398	510	362	415	313	176	445	335	300	0	|

--------------------------------------------------------------------------------
Building model...
	using lazy and cut (CVRPSEP package)
Solving IRP LP...
--------------------------------------------------------------------------------

Gurobi 9.1.0 (linux64) logging started Sun Feb  7 06:31:59 2021

Gurobi Optimizer version 9.1.0 build v9.1.0rc0 (linux64)
Thread count: 32 physical cores, 32 logical processors, using up to 2 threads
Optimize a model with 1277 rows, 8273 columns and 19400 nonzeros
Model fingerprint: 0x594f97ca
Variable types: 524 continuous, 7749 integer (369 binary)
Coefficient statistics:
  Matrix range     [1e+00, 1e+03]
  Objective range  [1e-01, 6e+02]
  Bounds range     [1e+00, 3e+02]
  RHS range        [1e+00, 6e+03]
Presolve removed 382 rows and 535 columns
Presolve time: 0.13s
Presolved: 895 rows, 7738 columns, 17038 nonzeros
Variable types: 316 continuous, 7422 integer (7049 binary)

Root relaxation: objective 1.227743e+04, 899 iterations, 0.02 seconds

    Nodes    |    Current Node    |     Objective Bounds      |     Work
 Expl Unexpl |  Obj  Depth IntInf | Incumbent    BestBd   Gap | It/Node Time

     0     0 12277.4289    0  130          - 12277.4289      -     -    0s
     0     0 12693.7129    0   91          - 12693.7129      -     -    0s
     0     0 13226.3883    0  144          - 13226.3883      -     -    0s
     0     0 13392.0651    0  200          - 13392.0651      -     -    0s
     0     0 13392.1554    0  169          - 13392.1554      -     -    0s
     0     0 13575.6481    0  222          - 13575.6481      -     -    0s
     0     0 13602.2619    0  251          - 13602.2619      -     -    1s
     0     0 13607.0498    0  241          - 13607.0498      -     -    1s
     0     0 13607.2398    0  248          - 13607.2398      -     -    1s
     0     0 13681.4789    0  299          - 13681.4789      -     -    1s
     0     0 13691.4193    0  364          - 13691.4193      -     -    1s
     0     0 13696.0479    0  314          - 13696.0479      -     -    1s
     0     0 13698.9524    0  323          - 13698.9524      -     -    1s
     0     0 13701.7247    0  258          - 13701.7247      -     -    1s
     0     0 13710.7715    0  314          - 13710.7715      -     -    1s
     0     0 13713.7952    0  328          - 13713.7952      -     -    1s
     0     0 13715.6629    0  294          - 13715.6629      -     -    1s
     0     0 13753.1713    0  314          - 13753.1713      -     -    2s
     0     0 13765.7639    0  353          - 13765.7639      -     -    2s
     0     0 13767.0283    0  330          - 13767.0283      -     -    2s
     0     0 13793.4738    0  344          - 13793.4738      -     -    2s
     0     0 13800.0269    0  357          - 13800.0269      -     -    2s
     0     0 13803.4214    0  438          - 13803.4214      -     -    2s
     0     0 13804.5036    0  390          - 13804.5036      -     -    2s
     0     0 13812.3247    0  413          - 13812.3247      -     -    2s
     0     0 13812.3247    0  411          - 13812.3247      -     -    2s
     0     2 13816.1688    0  395          - 13816.1688      -     -    3s
    21    24 13904.1854    6  372          - 13851.0600      -   365    5s
   159   179 14477.3165   34  184          - 13851.0600      -   252   10s
   579   648 16183.4175  163   11          - 13851.0600      -   114   15s
*  768   734             293    19412.560000 13854.6240  28.6%  95.9   17s
H  778   701                    18967.620000 13854.6240  27.0%   100   20s
   792   710 16673.5790  207  482 18967.6200 13945.7946  26.5%  98.2   25s
   807   720 15008.8263   55  491 18967.6200 13958.7001  26.4%  96.4   30s
   814   728 13968.2185   10  462 18967.6200 13960.5186  26.4%   106   36s
   822   733 14040.3976   12  436 18967.6200 13983.3024  26.3%   110   40s
   848   752 14047.8353   19  480 18967.6200 14013.2309  26.1%   124   45s
   886   779 14088.1841   28  478 18967.6200 14013.2309  26.1%   139   50s
   927   806 14125.9329   37  434 18967.6200 14013.2309  26.1%   151   56s
   962   831 14167.9248   44  383 18967.6200 14013.2309  26.1%   158   60s
  1028   893 14330.0979   57  262 18967.6200 14013.2309  26.1%   163   65s
  1117   931 14550.3106   75  178 18967.6200 14013.2309  26.1%   163   71s
  1256  1053 14895.0833  121  114 18967.6200 14013.2309  26.1%   155   75s
  1599  1349 15540.9833  220   44 18967.6200 14013.2309  26.1%   135   80s
H 1624  1304                    16012.110000 14013.2309  12.5%   133   80s
  1892  1322 14256.1635   20  321 16012.1100 14014.4024  12.5%   125   85s
  2030  1376 14297.3867   27  279 16012.1100 14014.4024  12.5%   123   90s
  2140  1367 14430.2357   31  309 16012.1100 14014.4024  12.5%   121   95s
  2270  1386 14310.2037   25  294 16012.1100 14014.4024  12.5%   122  100s
  2434  1548 15565.9700  126   18 16012.1100 14014.4024  12.5%   121  106s
* 2595  1468             203    15836.720000 14014.4024  11.5%   117  109s
  2611  1484 15528.3751  205   64 15836.7200 14028.0477  11.4%   117  111s
  2772  1499 14363.1616   18  233 15836.7200 14028.0477  11.4%   114  115s
  2909  1638 14392.8500   25  339 15836.7200 14028.0477  11.4%   113  121s
  3006  1807 14486.7897   37   85 15836.7200 14028.0477  11.4%   113  126s
* 3138  1407             208    15488.520000 14028.0477  9.43%   110  127s
* 3139  1400             208    15481.160000 14028.0477  9.39%   110  127s
  3189  1488 14584.5862   77   48 15481.1600 14028.0477  9.39%   110  131s
  3352  1567 infeasible  161      15481.1600 14040.5175  9.31%   108  136s
  3388  1661 14467.3164   28  146 15481.1600 14040.5175  9.31%   111  140s
  3604  2018 15330.8059  109   62 15481.1600 14048.1557  9.26%   108  146s
  3849  2091 14282.2573   22  438 15481.1600 14048.1557  9.26%   103  150s
  3986  2147 15261.2764   56   45 15481.1600 14051.5410  9.23%   103  155s
  4069  2210 14568.0361   27  327 15481.1600 14051.5410  9.23%   104  160s
  4211  2332 14733.4018   31  160 15481.1600 14051.5410  9.23%   104  166s
  4248  2446 14884.1293   43   54 15481.1600 14051.5410  9.23%   105  170s
  4496  2625 14463.1311   22  221 15481.1600 14053.8250  9.22%   104  177s
  4578  2658 14586.5353   32  167 15481.1600 14053.8250  9.22%   104  180s
  4696  2848 15402.6595   59   25 15481.1600 14058.6128  9.19%   106  188s
  4829  2895 14546.0364   26  207 15481.1600 14061.5749  9.17%   105  192s
  4876  2957 15014.2945   52  216 15481.1600 14061.6128  9.17%   107  196s
  4958  2987 14218.1200   23  407 15481.1600 14061.6128  9.17%   107  200s
  5077  3156 15350.5854   93   88 15481.1600 14076.2744  9.07%   108  209s
H 5133  3092                    15444.120000 14096.1230  8.73%   108  209s
  5190  3143 14275.8579   21  444 15444.1200 14096.1230  8.73%   108  213s
  5243  3230 14744.4944   38  129 15444.1200 14096.1230  8.73%   109  217s
  5330  3374 15025.9361   70   69 15444.1200 14097.8018  8.72%   110  223s
  5504  3502 14355.6253   19  437 15444.1200 14097.8018  8.72%   109  230s
* 5574  2301              85    15096.440000 14097.8018  6.62%   109  231s
  5655  2279 14592.4286   30  111 15096.4400 14107.0104  6.55%   109  236s
H 5694  1955                    14977.440000 14107.0104  5.81%   109  236s
  5706  1998 infeasible   26      14977.4400 14110.4627  5.79%   110  241s
  5772  2044 14272.8679   15  477 14977.4400 14110.4627  5.79%   111  246s
  5822  2092 14474.9351   26  262 14977.4400 14110.4627  5.79%   111  252s
H 5853  2013                    14936.440000 14110.4627  5.53%   112  252s
  5884  2045     cutoff   56      14936.4400 14118.6763  5.47%   112  256s
  5926  2082 14425.9304   19  271 14936.4400 14118.6763  5.47%   114  261s
  5979  2115 14823.8148   31  157 14936.4400 14125.7577  5.43%   115  266s
  6042  2153 14529.0049   31  300 14936.4400 14135.2608  5.36%   117  271s
  6100  2288 14333.1014   24  347 14936.4400 14137.1243  5.35%   118  277s
  6274  2395 14390.7914   20  393 14936.4400 14139.3140  5.34%   117  284s
  6407  2475 14353.8602   33  287 14936.4400 14140.5794  5.33%   118  289s
  6503  2531 14845.7995   71  130 14936.4400 14140.6388  5.33%   118  295s
  6593  2563 14879.0238   72  203 14936.4400 14143.3963  5.31%   119  300s
  6640  2646 14529.9965   49  202 14936.4400 14146.9408  5.29%   121  306s
  6733  2688 14862.8976   70   56 14936.4400 14147.4778  5.28%   122  312s
  6814  2742 14327.8457   16  347 14936.4400 14149.8940  5.27%   123  317s
  6876  2761     cutoff   49      14936.4400 14150.0800  5.26%   123  324s
  6915  2855 14465.2539   25  358 14936.4400 14150.8067  5.26%   124  330s
  7023  2968 14794.4594   55   44 14936.4400 14154.6928  5.23%   125  337s
  7167  3174     cutoff   66      14936.4400 14160.4865  5.20%   125  344s
  7244  3175 14347.4246   25  283 14936.4400 14161.8147  5.19%   124  345s
  7408  3273     cutoff   63      14936.4400 14161.8777  5.19%   123  353s
  7556  3400 14234.8581   15  345 14936.4400 14167.4110  5.15%   123  361s
  7739  3479 14557.5602   24  193 14936.4400 14168.5058  5.14%   124  370s
  7868  3585     cutoff   64      14936.4400 14171.1288  5.12%   125  377s
  8027  3678 14817.4668   70   33 14936.4400 14172.6776  5.11%   126  386s
  8162  3731 14848.4966   33  183 14936.4400 14173.7609  5.11%   127  399s
  8231  3822 14761.7209   49  202 14936.4400 14175.0856  5.10%   128  407s
  8370  3890 14272.6756   18  394 14936.4400 14177.7832  5.08%   129  415s
  8460  4020 14385.5584   30  388 14936.4400 14179.1859  5.07%   130  423s
  8631  4144 14468.5100   48  278 14936.4400 14182.8929  5.05%   131  432s
  8830  4201     cutoff   82      14936.4400 14183.4139  5.04%   131  442s
  8915  4330 14312.1678   22  436 14936.4400 14185.8988  5.02%   132  451s
  9064  4485     cutoff   38      14936.4400 14186.6670  5.02%   133  461s
  9270  4626 14558.9099   25  283 14936.4400 14186.8627  5.02%   132  470s
  9455  4782 14475.1254   33  209 14936.4400 14189.1798  5.00%   133  479s
  9502  4782 14393.5918   24  186 14936.4400 14189.1798  5.00%   133  480s
  9652  4910 14312.9617   23  437 14936.4400 14190.9942  4.99%   133  489s
  9729  4910 14585.1574   44  247 14936.4400 14191.4744  4.99%   133  490s
  9818  5149 14595.0661   29  245 14936.4400 14192.4280  4.98%   133  500s
 10116  5243     cutoff   65      14936.4400 14195.0382  4.96%   132  509s
 10222  5243 14851.0592   38  154 14936.4400 14197.2795  4.95%   133  510s
 10246  5335 14372.8522   17  274 14936.4400 14197.8586  4.94%   133  518s
 10376  5433 14638.2415   34  316 14936.4400 14200.3661  4.93%   134  526s
 10534  5537 14401.3565   25  365 14936.4400 14204.1342  4.90%   134  535s
 10666  5640 14474.5551   37  323 14936.4400 14205.1184  4.90%   135  544s
 10795  5640 14638.0017   52  128 14936.4400 14205.7775  4.89%   136  545s
 10835  5766 14338.8462   23  356 14936.4400 14206.7284  4.89%   136  553s
 10990  5899 14847.2832   66   73 14936.4400 14208.9529  4.87%   137  562s
 11155  5994     cutoff   75      14936.4400 14210.0153  4.86%   137  571s
 11293  6121 14853.1736   39  254 14936.4400 14212.6677  4.85%   137  581s
 11465  6185     cutoff   54      14936.4400 14213.3364  4.84%   137  589s
 11569  6290     cutoff   43      14936.4400 14216.7418  4.82%   138  599s
 11713  6445 14424.4612   46  265 14936.4400 14218.4944  4.81%   139  609s
 11824  6446 14868.1293  122   11 14936.4400 14218.4944  4.81%   138  610s
 11894  6651 14808.2248   73   39 14936.4400 14218.8308  4.80%   139  620s
 12161  6789 14407.6625   22  241 14936.4400 14222.4965  4.78%   138  630s
 12327  6961 14526.8327   33  132 14936.4400 14224.3480  4.77%   139  641s
 12608  7054 14823.4186   74   21 14936.4400 14225.0782  4.76%   138  651s
 12801  7165 14436.8854   16  252 14936.4400 14229.5169  4.73%   138  660s
 12973  7328 14837.3826   78   33 14936.4400 14230.7227  4.72%   138  670s
 13175  7504 14526.7081   23  387 14936.4400 14233.7791  4.70%   138  680s
 13408  7602 14914.5814   50  130 14936.4400 14234.7808  4.70%   138  690s
 13536  7730 14471.8189   28  291 14936.4400 14236.2930  4.69%   138  699s
 13741  7871 14418.8166   21  393 14936.4400 14237.9788  4.68%   139  709s
 13834  7871 14882.1617   97   34 14936.4400 14237.9788  4.68%   138  710s
 13920  7983 14286.0655   17  467 14936.4400 14238.9222  4.67%   139  719s
 14098  8047 14380.6721   24  362 14936.4400 14240.2988  4.66%   139  728s
 14197  8122 14536.2533   44  299 14936.4400 14240.9833  4.66%   140  736s
 14302  8211     cutoff   56      14936.4400 14244.0610  4.64%   140  745s
 14411  8387 14649.8945   38  287 14936.4400 14244.7231  4.63%   141  757s
 14693  8472 14690.2018   22  174 14936.4400 14246.4193  4.62%   140  768s
 14817  8606 14494.4649   36  164 14936.4400 14246.8070  4.62%   141  777s
 14985  8824     cutoff  100      14936.4400 14248.6960  4.60%   141  788s
 15269  8915 14407.6493   22  402 14936.4400 14250.4902  4.59%   140  797s
 15393  9051 14857.3648   35  216 14936.4400 14253.4356  4.57%   141  806s
 15582  9209 14867.6372   57   41 14936.4400 14255.0138  4.56%   141  816s
 15809  9315     cutoff   71      14936.4400 14256.2990  4.55%   141  826s
 15940  9408 14895.7668   39  189 14936.4400 14256.7102  4.55%   141  836s
 16078  9552 14390.2415   20  404 14936.4400 14257.1635  4.55%   142  846s
 16250  9638 14752.0812   43   89 14936.4400 14257.8747  4.54%   142  855s
 16394  9713 14419.8481   49  376 14936.4400 14258.7030  4.54%   143  864s
 16503  9817 14468.0635   26  207 14936.4400 14259.4107  4.53%   143  873s
 16649  9926 14383.7257   17  401 14936.4400 14261.2432  4.52%   144  884s
 16804 10033 14895.3541   37   67 14936.4400 14261.9369  4.52%   144  893s
 16968 10187 14749.2823   83   44 14936.4400 14263.3213  4.51%   144  903s
 17148 10334 14539.2007   45  195 14936.4400 14264.8431  4.50%   145  912s
 17335 10420 14681.3607   38  280 14936.4400 14266.8200  4.48%   145  922s
 17437 10513 14630.7025   31  245 14936.4400 14267.2467  4.48%   145  931s
 17616 10651 14525.3059   25  214 14936.4400 14267.8379  4.48%   145  943s
 17792 10733 14666.3890   52   32 14936.4400 14268.7680  4.47%   145  953s
 17949 10799     cutoff   82      14936.4400 14269.8241  4.46%   146  963s
 18044 10921 14786.5632   30  278 14936.4400 14270.7270  4.46%   146  972s
 18186 11149     cutoff   82      14936.4400 14271.1191  4.45%   147  982s
 18475 11275     cutoff   36      14936.4400 14272.6905  4.44%   146  993s
 18652 11294 14661.7327   36  338 14936.4400 14272.8926  4.44%   147 1006s
H18657 11055                    14906.440000 14272.8926  4.25%   147 1006s
 18697 11172     cutoff   50      14906.4400 14272.9090  4.25%   147 1016s
 18840 11283 14482.2383   31  358 14906.4400 14273.5243  4.25%   147 1027s
 19010 11381 14363.2738   19  299 14906.4400 14274.5945  4.24%   147 1037s
 19154 11483 14492.8784   20  391 14906.4400 14275.5694  4.23%   147 1048s
 19302 11539 14319.9953   21  301 14906.4400 14275.6988  4.23%   148 1059s
 19386 11649     cutoff   26      14906.4400 14275.8676  4.23%   148 1068s
 19539 11771 14725.1167   31  170 14906.4400 14276.5218  4.23%   148 1079s
 19626 11771     cutoff   59      14906.4400 14277.1294  4.22%   148 1080s
 19736 11891 14522.6660   34  345 14906.4400 14277.4405  4.22%   149 1090s
 19900 11985 14701.9892   36  227 14906.4400 14278.0182  4.22%   149 1100s
 20046 12084     cutoff   38      14906.4400 14278.3787  4.21%   149 1110s
 20179 12166 14669.2061   30  310 14906.4400 14280.0774  4.20%   150 1120s
H20297 12033                    14892.440000 14281.0997  4.11%   150 1131s
 20552 12186 14522.5273   20  324 14892.4400 14281.4132  4.10%   150 1219s
 20713 12187 14756.0843   86   17 14892.4400 14282.3012  4.10%   150 1220s
 20751 12293 infeasible   56      14892.4400 14282.3318  4.10%   150 1229s
 20829 12293 14378.3186   21  414 14892.4400 14282.3318  4.10%   150 1230s
 20895 12407 14453.5038   25  336 14892.4400 14283.0073  4.09%   150 1240s
 21048 12467 14756.2222   24  220 14892.4400 14283.8629  4.09%   151 1250s
 21154 12569 14754.7681   32  141 14892.4400 14284.3665  4.08%   151 1261s
 21313 12720 14474.2873   26  142 14892.4400 14285.5416  4.08%   152 1272s
 21503 12814 14743.8195   35  354 14892.4400 14285.9781  4.07%   152 1283s
 21641 12980 14647.0903   28  187 14892.4400 14286.1015  4.07%   152 1294s
 21874 13084 14622.2163   27  214 14892.4400 14286.6807  4.07%   152 1305s
 22010 13269 14806.8696   58  149 14892.4400 14287.3727  4.06%   153 1317s
 22273 13449 14489.0622   28  388 14892.4400 14289.1016  4.05%   152 1328s
 22510 13549 14655.4378   24  260 14892.4400 14290.6796  4.04%   152 1340s
 22680 13671 14361.7355   23  399 14892.4400 14291.0745  4.04%   153 1351s
 22905 13732     cutoff   56      14892.4400 14291.4829  4.04%   152 1362s
 23011 13845 14746.3433   53  288 14892.4400 14292.0534  4.03%   153 1372s
 23164 13920 14665.4571   46  188 14892.4400 14293.0319  4.02%   153 1383s
 23266 13982 14890.9452   28  142 14892.4400 14293.0762  4.02%   154 1393s
 23384 14131 14884.5538   34  154 14892.4400 14294.3418  4.02%   155 1405s
 23605 14225 14861.7713   29  221 14892.4400 14295.8358  4.01%   154 1416s
 23724 14396 14592.1965   31  168 14892.4400 14295.9798  4.01%   155 1427s
 23959 14535 14387.7817   24  336 14892.4400 14296.8245  4.00%   155 1439s
 24129 14535 14721.9431   53   99 14892.4400 14297.3339  4.00%   155 1440s
 24151 14648 14561.4531   50  108 14892.4400 14297.4262  4.00%   155 1450s
 24333 14753 14676.1498   28  271 14892.4400 14298.5730  3.99%   155 1462s
 24504 14946 14513.1142   44  221 14892.4400 14298.9838  3.98%   156 1473s
 24762 15031 14407.5600   23  397 14892.4400 14299.7317  3.98%   155 1484s
 24880 15099 14639.0174   29  293 14892.4400 14300.9315  3.97%   155 1495s
 25018 15185 14399.2556   17  304 14892.4400 14302.1854  3.96%   156 1505s
 25158 15371 14620.2909   42  133 14892.4400 14303.9898  3.95%   156 1517s
 25411 15464 14670.0384   48  190 14892.4400 14304.4335  3.95%   156 1528s
 25608 15554 14744.1504   37  229 14892.4400 14305.3985  3.94%   156 1539s
 25664 15554     cutoff   77      14892.4400 14305.8906  3.94%   156 1540s
 25741 15664 14511.3613   20  326 14892.4400 14306.4796  3.93%   157 1551s
 25891 15809 14810.5221   54   86 14892.4400 14306.6740  3.93%   157 1562s
 26091 15932 14740.7714   43  236 14892.4400 14307.3170  3.93%   157 1575s
 26285 16030 14489.1673   28  297 14892.4400 14307.6615  3.93%   157 1586s
 26431 16179 14743.1833   28  236 14892.4400 14307.9339  3.92%   157 1598s
 26643 16288 14440.6270   18  245 14892.4400 14308.4961  3.92%   157 1610s
 26784 16423 14643.1550   25  267 14892.4400 14308.9492  3.92%   158 1622s
 26979 16567 14746.0637   61   67 14892.4400 14309.4393  3.91%   158 1634s
 27193 16641 infeasible   87      14892.4400 14310.1562  3.91%   158 1645s
 27331 16679 14843.1875   38  201 14892.4400 14310.5818  3.91%   158 1656s
 27421 16832     cutoff   37      14892.4400 14311.3322  3.90%   159 1667s
 27616 16927 14718.1273   30  187 14892.4400 14311.5862  3.90%   159 1678s
H27772 14812                    14826.940000 14312.1467  3.47%   159 1690s
 27869 14870     cutoff   42      14826.9400 14312.3553  3.47%   159 1701s
 27986 15006 14710.5136   34  151 14826.9400 14313.4203  3.46%   160 1712s
 28166 15068 14781.4080   46   62 14826.9400 14314.1025  3.46%   160 1723s
 28301 15156 14584.1023   58  208 14826.9400 14314.7255  3.45%   160 1734s
 28400 15156 14785.8745   26  296 14826.9400 14315.4744  3.45%   160 1735s
 28449 15232 14811.0684   39  118 14826.9400 14315.6995  3.45%   160 1745s
 28581 15335 14679.2167   40  281 14826.9400 14316.0763  3.45%   161 1757s
 28719 15432 14672.8508   29  240 14826.9400 14316.2085  3.44%   161 1768s
 28879 15509 14784.6263   39  183 14826.9400 14317.2357  3.44%   161 1779s
 29022 15624 14483.7431   25  327 14826.9400 14318.5581  3.43%   162 1791s
 29184 15695 14815.4957   36  177 14826.9400 14318.8881  3.43%   162 1802s
 29305 15764 14799.4000   49    6 14826.9400 14319.3053  3.42%   162 1814s
 29396 15854     cutoff   50      14826.9400 14319.8712  3.42%   163 1825s
 29545 15976 14552.3948   26  179 14826.9400 14320.2674  3.42%   163 1836s
 29711 16060 14772.8900   55   16 14826.9400 14320.8102  3.41%   163 1847s
*29718 15090              59    14802.790000 14320.8102  3.26%   163 1847s
 29885 15256     cutoff   27      14802.7900 14321.9150  3.25%   164 1859s
H29887 13626                    14767.890000 14321.9150  3.02%   164 1859s
 30011 13626 14743.6837   44  129 14767.8900 14321.9150  3.02%   163 1860s
 30135 13690     cutoff   45      14767.8900 14323.0515  3.01%   163 1871s
 30275 13774 14417.6122   29  386 14767.8900 14323.9684  3.01%   164 1883s
 30419 13845 14398.0433   23  408 14767.8900 14324.3914  3.00%   164 1895s
 30516 13912 14526.8601   22  316 14767.8900 14324.6742  3.00%   164 1906s
 30630 14028 14569.0837   28  215 14767.8900 14325.0881  3.00%   165 1917s
 30832 14130 14541.9675   55  125 14767.8900 14326.0019  2.99%   165 1929s
 30999 14203 14474.2680   17  364 14767.8900 14326.9295  2.99%   165 1940s
 31120 14310 14467.2767   33  282 14767.8900 14327.6096  2.98%   166 1952s
 31312 14396     cutoff   49      14767.8900 14328.2710  2.98%   166 1964s
 31430 14396 14632.0993   37  232 14767.8900 14328.6859  2.97%   166 1965s
 31459 14496 14641.6328   47   74 14767.8900 14328.7609  2.97%   166 1976s
 31617 14554 14601.7788   33  338 14767.8900 14329.5550  2.97%   166 1988s
 31727 14647 14510.8237   41  292 14767.8900 14329.7075  2.97%   166 2000s
 31872 14733 14662.9013   29  342 14767.8900 14330.4678  2.96%   167 2013s
 31994 14778 14543.9899   28  177 14767.8900 14331.5359  2.95%   167 2024s
 32091 14778 14730.3394   27  232 14767.8900 14331.7024  2.95%   167 2025s
 32100 14810     cutoff   31      14767.8900 14331.8954  2.95%   167 2036s
 32216 14909 14486.5523   25  214 14767.8900 14332.3038  2.95%   168 2048s
 32398 14996     cutoff   37      14767.8900 14332.9651  2.95%   168 2060s
 32555 15126 14480.8306   29  341 14767.8900 14333.1142  2.94%   168 2073s
 32739 15217 14583.1981   25  306 14767.8900 14333.6741  2.94%   168 2085s
 32910 15324 14398.4638   25  230 14767.8900 14334.6958  2.93%   168 2098s
 33081 15411 14532.4098   34  220 14767.8900 14335.4341  2.93%   169 2110s
 33226 15533 14746.4600   48  267 14767.8900 14335.7006  2.93%   169 2122s
 33394 15649 14492.0199   59  288 14767.8900 14336.2572  2.92%   169 2136s
 33609 15723 14739.2236   61   36 14767.8900 14336.6640  2.92%   169 2148s
 33751 15818 14518.7908   56  155 14767.8900 14336.9535  2.92%   169 2161s
 33917 15896 14559.2829   31  150 14767.8900 14337.5610  2.91%   170 2174s
 34037 15998 14503.1743   41  266 14767.8900 14338.0530  2.91%   170 2186s
 34203 16095 14599.2123   33  287 14767.8900 14338.4383  2.91%   170 2199s
 34323 16099 14758.2891   39   69 14767.8900 14338.4383  2.91%   170 2200s
 34375 16175     cutoff   55      14767.8900 14338.7987  2.91%   170 2212s
 34505 16265 14486.6964   30  258 14767.8900 14339.4743  2.90%   171 2225s
 34651 16359 14694.5486   35  429 14767.8900 14339.8996  2.90%   171 2238s
 34880 16516     cutoff   71      14767.8900 14341.2211  2.89%   171 2251s
 35116 16580 14737.0341   59   12 14767.8900 14341.6497  2.89%   171 2264s
 35179 16580     cutoff   72      14767.8900 14341.7832  2.89%   171 2265s
 35268 16648 14706.0246   32  347 14767.8900 14341.9476  2.88%   171 2277s
 35408 16735     cutoff   46      14767.8900 14342.4804  2.88%   171 2289s
 35562 16845 14660.4296   45  111 14767.8900 14342.9660  2.88%   171 2301s
 35746 16901     cutoff   70      14767.8900 14343.4172  2.87%   171 2315s
H35747 15850                    14747.970000 14343.4172  2.74%   171 2315s
 35862 15919 14411.7657   27  404 14747.9700 14343.6879  2.74%   172 2327s
 35997 16014     cutoff   39      14747.9700 14343.8934  2.74%   172 2340s
 36169 16103 14652.2510   30  141 14747.9700 14344.7589  2.73%   172 2352s
 36325 16192 14574.7731   20  372 14747.9700 14345.3313  2.73%   172 2365s
 36491 16268 14535.6863   25  265 14747.9700 14345.6704  2.73%   172 2379s
 36648 16268 14654.8872   46   70 14747.9700 14345.8802  2.73%   173 2380s
H36667 14779                    14721.570000 14345.8802  2.55%   173 2392s
 36869 14837     cutoff   24      14721.5700 14346.2293  2.55%   173 2406s
 37012 14950 14490.2199   17  280 14721.5700 14346.6745  2.55%   173 2419s
 37120 14950 14536.5191   51   18 14721.5700 14346.9302  2.54%   173 2420s
 37187 14983     cutoff   48      14721.5700 14347.0487  2.54%   173 2432s
 37277 15037     cutoff   27      14721.5700 14347.2639  2.54%   173 2444s
 37328 15037     cutoff   27      14721.5700 14347.3341  2.54%   174 2445s
 37379 15115     cutoff   35      14721.5700 14347.3782  2.54%   174 2456s
 37521 15268 14699.7306   43  105 14721.5700 14347.9591  2.54%   174 2469s
 37682 15268 14610.2008   70   84 14721.5700 14348.5408  2.53%   174 2470s
 37748 15333 14528.3638   51  200 14721.5700 14348.8719  2.53%   174 2482s
 37901 15437     cutoff   46      14721.5700 14349.7771  2.53%   174 2497s
 37963 15438 14513.8441   37  222 14721.5700 14349.7771  2.53%   174 2501s
 38070 15507     cutoff   54      14721.5700 14350.4738  2.52%   174 2512s
 38235 15588 14431.5898   32  262 14721.5700 14351.9258  2.51%   174 2525s
 38366 15649     cutoff   51      14721.5700 14352.4017  2.51%   175 2537s
 38514 15745 14531.2241   24  445 14721.5700 14353.3015  2.50%   175 2550s
 38648 15849 14527.6078   44  394 14721.5700 14353.6335  2.50%   175 2564s
 38833 15855 14647.6577   67  153 14721.5700 14354.0708  2.50%   175 2565s
 38843 15927 14468.2562   35  404 14721.5700 14354.1173  2.50%   175 2577s
 38988 16070 14623.1091   26  288 14721.5700 14354.6998  2.49%   175 2590s
 39221 16249 14692.7311   56   30 14721.5700 14355.0746  2.49%   175 2604s
 39503 16337     cutoff   82      14721.5700 14355.6497  2.49%   175 2618s
 39661 16391     cutoff   50      14721.5700 14355.8724  2.48%   175 2630s
 39764 16527 14502.0092   33  246 14721.5700 14356.6140  2.48%   175 2643s
 39969 16577 14624.3985   25  175 14721.5700 14357.0568  2.48%   175 2656s
 40079 16640 14568.0634   32  366 14721.5700 14357.6568  2.47%   176 2669s
 40194 16701 14715.2976   27  179 14721.5700 14358.1511  2.47%   176 2683s
 40301 16771 14704.0797   45  163 14721.5700 14358.3797  2.47%   176 2696s
 40481 16851 14471.4364   38  356 14721.5700 14358.8935  2.46%   176 2710s
 40625 16919     cutoff   23      14721.5700 14359.3357  2.46%   177 2724s
 40767 17015 14509.1073   28  334 14721.5700 14359.6154  2.46%   177 2737s
 40959 17126 14527.0372   28  218 14721.5700 14359.8658  2.46%   177 2750s
 41168 17205 14658.9616   34  162 14721.5700 14360.3482  2.45%   177 2763s
 41323 17299     cutoff   54      14721.5700 14360.9274  2.45%   177 2777s
 41455 17380 14614.9171   55  118 14721.5700 14361.3823  2.45%   177 2792s
 41602 17444 14471.9896   20  399 14721.5700 14361.7637  2.44%   177 2806s
 41734 17538 14438.6854   31  309 14721.5700 14361.9697  2.44%   178 2820s
 41902 17607 14668.6684   23  158 14721.5700 14362.3477  2.44%   178 2835s
H41978 16838                    14709.170000 14362.3477  2.36%   178 2835s
 42044 16885 14615.6967   27  187 14709.1700 14362.6541  2.36%   178 2849s
 42211 16970 14686.8767   32  298 14709.1700 14362.9117  2.35%   178 2864s
 42353 17028 14580.0722   35   20 14709.1700 14362.9570  2.35%   179 2878s
 42522 17093     cutoff   25      14709.1700 14363.1940  2.35%   179 2892s
 42645 17165 14559.8270   25  207 14709.1700 14363.3760  2.35%   179 2905s
 42810 17252 14653.7280   22  244 14709.1700 14363.9386  2.35%   179 2919s
 42954 17252 14665.0694   60   23 14709.1700 14364.4335  2.34%   179 2920s
 42988 17330 14439.1961   27  288 14709.1700 14364.4470  2.34%   179 2932s
 43148 17398 14452.1902   29  242 14709.1700 14364.8673  2.34%   179 2945s
 43275 17441 14615.7940   34  186 14709.1700 14365.4809  2.34%   179 2958s
 43386 17501 14692.1230   37  261 14709.1700 14366.1526  2.33%   180 2971s
 43524 17576     cutoff   23      14709.1700 14366.7416  2.33%   180 2985s
 43673 17637 14685.3882   36  185 14709.1700 14367.1159  2.33%   180 2998s
 43825 17696 14439.0641   30  197 14709.1700 14367.6596  2.32%   180 3011s
 43984 17790 14428.3897   33  259 14709.1700 14368.2440  2.32%   181 3025s
 44170 17843     cutoff   44      14709.1700 14368.8204  2.31%   181 3040s
 44317 17894 14536.3934   40  164 14709.1700 14369.5176  2.31%   181 3053s
 44428 17919 14483.5228   26  297 14709.1700 14369.7526  2.31%   181 3066s
 44523 17944 14528.3013   25  434 14709.1700 14370.0779  2.31%   181 3080s
 44599 18035     cutoff   28      14709.1700 14370.1565  2.30%   182 3092s
 44782 18141 14438.4531   31  335 14709.1700 14370.9517  2.30%   182 3106s
 44964 18221 14642.2868   24  209 14709.1700 14371.5248  2.30%   182 3120s
 45139 18316 14455.6171   27  353 14709.1700 14372.0807  2.29%   182 3134s
 45302 18447 14491.8906   30  241 14709.1700 14372.5638  2.29%   182 3149s
 45369 18447 14674.5864   35  115 14709.1700 14372.5638  2.29%   182 3150s
 45547 18506 14490.4775   33  312 14709.1700 14372.7928  2.29%   182 3163s
 45689 18531 14548.2893   24  388 14709.1700 14373.0493  2.29%   182 3178s
 45798 18597     cutoff   33      14709.1700 14373.5708  2.28%   183 3192s
 45944 18668 14571.0293   20  376 14709.1700 14373.8675  2.28%   183 3206s
 46136 18719     cutoff   56      14709.1700 14374.2429  2.28%   183 3220s
 46248 18753     cutoff   36      14709.1700 14374.5401  2.27%   183 3233s
 46411 18836 14497.2534   32  270 14709.1700 14375.1036  2.27%   183 3247s
 46578 18892 14587.2188   52  371 14709.1700 14375.3546  2.27%   183 3261s
 46713 18957 14461.7226   25  493 14709.1700 14376.0053  2.27%   184 3274s
 46860 19059 14507.4835   32  349 14709.1700 14376.1810  2.26%   184 3289s
 47049 19148 14442.1893   25  317 14709.1700 14376.6256  2.26%   184 3304s
 47212 19244     cutoff   29      14709.1700 14376.7669  2.26%   184 3318s
 47378 19328 14680.3898   32  209 14709.1700 14377.2467  2.26%   184 3333s
 47554 19471 14673.0678   48  122 14709.1700 14377.6747  2.25%   184 3347s
 47786 19588     cutoff   39      14709.1700 14378.0257  2.25%   184 3362s
 47989 19681 14467.9888   35  256 14709.1700 14378.4151  2.25%   184 3376s
 48180 19774 14607.1244   28  176 14709.1700 14378.6836  2.25%   184 3391s
 48360 19872 14534.7885   22  370 14709.1700 14379.4977  2.24%   184 3405s
 48537 19956 14568.6719   25  245 14709.1700 14379.8210  2.24%   185 3420s
 48663 20072     cutoff   43      14709.1700 14380.0140  2.24%   185 3435s
 48870 20197 14679.3300   37  164 14709.1700 14380.7039  2.23%   185 3451s
 49083 20250     cutoff   72      14709.1700 14380.9418  2.23%   185 3466s
