




arguments: ./build/bc_mirp -f ./input/orig_exec_264.cfg
Current dir: /scratch/gui/bc_mirp
File verbosity level: 9
date       time         ( uptime  ) [ thread name/id ]                   file:line     v| 
2021-02-17 04:41:04.330 (   0.113s) [main thread     ]             loguru.cpp:789   INFO| Logging to './output/vi_vc+lex_quarter/OU/V3/Original/execution_17_02_2021_04_41_04.log', mode: 'a', verbosity: 9
--------------------------------------------------------------------------------
Parameters
                           instance_path           ./input/Instances/Original/6/
                            model_policy                                       1
                             nb_vehicles                                       3
                              output_dir./output/vi_vc+lex_quarter/OU/V3/Original/
                            sec_strategy                                       1
                       solver_nb_threads                                       2
                         solver_show_log                                    true
                       solver_time_limit                                    3600
                              use_vi_cos                                   false
                              use_vi_cus                                   false
                         use_vi_hc1_full                                   false
                         use_vi_hc1_half                                   false
                      use_vi_hc1_quarter                                   false
                              use_vi_hc2                                   false
                              use_vi_hc3                                   false
                         use_vi_lex_full                                   false
                         use_vi_lex_half                                   false
                      use_vi_lex_quarter                                    true
                              use_vi_qua                                   false
                               use_vi_vc                                    true
                               use_vi_vr                                   false
--------------------------------------------------------------------------------
executing instance: ./input/Instances/Original/6/absH6high_1n25.dat
--------------------------------------------------------------------------------
Instance details
n	26
H	6
C	1711
Li:
[0, 0, 0, 0, 0, 0, 0, 0, 0, 0, 0, 0, 0, 0, 0, 0, 0, 0, 0, 0, 0, 0, 0, 0, 0, 0, ]
Ui:
[0, 168, 176, 34, 66, 36, 177, 106, 118, 182, 64, 141, 189, 63, 46, 111, 182, 231, 36, 66, 68, 54, 132, 90, 246, 75, ]
Distance matrix:
|0	191	200	231	334	329	146	196	208	245	218	164	283	394	151	358	156	196	309	253	201	260	127	138	130	104	|
|191	0	226	229	278	146	328	216	390	417	327	293	195	334	106	296	171	122	472	151	12	411	280	53	190	130	|
|200	226	0	38	149	359	321	10	276	274	418	364	139	204	121	173	321	115	303	141	225	236	155	202	311	256	|
|231	229	38	0	110	352	358	37	314	310	448	395	108	167	129	135	342	109	336	120	226	268	194	213	335	277	|
|334	278	149	110	0	367	467	147	422	413	546	495	86	61	203	25	423	163	429	129	271	363	303	282	424	361	|
|329	146	359	352	367	0	453	349	533	562	411	393	282	411	245	378	250	244	617	245	141	556	426	195	284	243	|
|146	328	321	358	467	453	0	321	162	215	160	112	425	524	297	491	223	341	284	397	339	266	186	276	184	210	|
|196	216	10	37	147	349	321	0	281	281	414	360	132	203	112	171	315	105	311	132	216	244	159	193	305	249	|
|208	390	276	314	422	533	162	281	0	54	321	271	410	471	316	445	348	348	123	398	398	115	125	338	313	309	|
|245	417	274	310	413	562	215	281	54	0	375	323	413	457	334	435	393	361	70	406	424	69	139	367	359	349	|
|218	327	418	448	546	411	160	414	321	375	0	57	484	606	347	569	163	393	444	446	339	421	318	288	137	199	|
|164	293	364	395	495	393	112	360	271	323	57	0	437	556	300	519	144	346	393	401	305	367	261	249	109	163	|
|283	195	139	108	86	282	425	132	410	413	484	437	0	139	137	101	349	91	443	44	187	375	286	206	355	291	|
|394	334	204	167	61	411	524	203	471	457	606	556	139	0	264	38	483	222	467	183	326	403	356	341	484	421	|
|151	106	121	129	203	245	297	112	316	334	347	300	137	264	0	225	220	46	381	102	106	316	195	84	221	158	|
|358	296	173	135	25	378	491	171	445	435	569	519	101	38	225	0	444	184	450	145	288	384	328	303	446	383	|
|156	171	321	342	423	250	223	315	348	393	163	144	349	483	220	444	0	261	460	308	183	415	284	143	39	65	|
|196	122	115	109	163	244	341	105	348	361	393	346	91	222	46	184	261	0	402	56	118	336	224	119	264	200	|
|309	472	303	336	429	617	284	311	123	70	444	393	443	467	381	450	460	402	0	442	477	68	192	424	426	413	|
|253	151	141	120	129	245	397	132	398	406	446	401	44	183	102	145	308	56	442	0	143	375	273	164	315	251	|
|201	12	225	226	271	141	339	216	398	424	339	305	187	326	106	288	183	118	477	143	0	416	286	63	202	142	|
|260	411	236	268	363	556	266	244	115	69	421	367	375	403	316	384	415	336	68	375	416	0	135	365	384	363	|
|127	280	155	194	303	426	186	159	125	139	318	261	286	356	195	328	284	224	192	273	286	135	0	232	256	229	|
|138	53	202	213	282	195	276	193	338	367	288	249	206	341	84	303	143	119	424	164	63	365	232	0	153	89	|
|130	190	311	335	424	284	184	305	313	359	137	109	355	484	221	446	39	264	426	315	202	384	256	153	0	64	|
|104	130	256	277	361	243	210	249	309	349	199	163	291	421	158	383	65	200	413	251	142	363	229	89	64	0	|

--------------------------------------------------------------------------------
Building model...
	using lazy and cut (CVRPSEP package)
Solving IRP LP...
--------------------------------------------------------------------------------

Gurobi 9.1.0 (linux64) logging started Wed Feb 17 04:41:05 2021

Gurobi Optimizer version 9.1.0 build v9.1.0rc0 (linux64)
Thread count: 32 physical cores, 32 logical processors, using up to 2 threads
Optimize a model with 1598 rows, 6950 columns and 17498 nonzeros
Model fingerprint: 0x83fa33bd
Variable types: 632 continuous, 6318 integer (468 binary)
Coefficient statistics:
  Matrix range     [1e+00, 6e+02]
  Objective range  [1e-01, 6e+02]
  Bounds range     [1e+00, 2e+02]
  RHS range        [1e+00, 3e+03]
Presolve removed 346 rows and 580 columns
Presolve time: 0.14s
Presolved: 1252 rows, 6370 columns, 15159 nonzeros
Variable types: 490 continuous, 5880 integer (5434 binary)

Root relaxation: objective 1.362516e+04, 1714 iterations, 0.04 seconds

    Nodes    |    Current Node    |     Objective Bounds      |     Work
 Expl Unexpl |  Obj  Depth IntInf | Incumbent    BestBd   Gap | It/Node Time

     0     0 13625.1570    0  203          - 13625.1570      -     -    0s
     0     0 13849.3258    0  194          - 13849.3258      -     -    0s
     0     0 13883.1714    0  200          - 13883.1714      -     -    0s
     0     0 13887.4424    0  207          - 13887.4424      -     -    0s
     0     0 14628.5351    0  296          - 14628.5351      -     -    0s
     0     0 14729.9982    0  368          - 14729.9982      -     -    1s
     0     0 14791.5855    0  392          - 14791.5855      -     -    1s
     0     0 14806.7918    0  426          - 14806.7918      -     -    1s
     0     0 14813.0242    0  396          - 14813.0242      -     -    1s
     0     0 14816.6113    0  404          - 14816.6113      -     -    1s
     0     0 14817.1410    0  402          - 14817.1410      -     -    1s
     0     0 15199.8100    0  372          - 15199.8100      -     -    1s
     0     0 15383.3360    0  458          - 15383.3360      -     -    2s
     0     0 15443.9817    0  462          - 15443.9817      -     -    2s
     0     0 15463.4680    0  451          - 15463.4680      -     -    2s
     0     0 15475.6501    0  446          - 15475.6501      -     -    2s
     0     0 15496.3633    0  446          - 15496.3633      -     -    2s
     0     0 15512.4034    0  455          - 15512.4034      -     -    3s
     0     0 15526.4333    0  436          - 15526.4333      -     -    3s
     0     0 15527.4407    0  435          - 15527.4407      -     -    3s
     0     0 15651.1447    0  452          - 15651.1447      -     -    3s
     0     0 15677.9540    0  478          - 15677.9540      -     -    3s
     0     0 15712.7358    0  462          - 15712.7358      -     -    3s
     0     0 15744.4799    0  537          - 15744.4799      -     -    4s
     0     0 15747.5220    0  535          - 15747.5220      -     -    4s
     0     0 15747.9323    0  553          - 15747.9323      -     -    4s
     0     0 15772.4356    0  553          - 15772.4356      -     -    4s
     0     0 15773.6186    0  493          - 15773.6186      -     -    4s
     0     0 15776.8393    0  472          - 15776.8393      -     -    4s
     0     0 15780.3229    0  496          - 15780.3229      -     -    4s
     0     0 15780.5555    0  485          - 15780.5555      -     -    4s
     0     0 15783.0157    0  546          - 15783.0157      -     -    5s
     0     0 15783.0157    0  478          - 15783.0157      -     -    5s
     0     2 15787.1381    0  477          - 15787.1381      -     -    5s
    42    47 15997.7947   13  367          - 15787.1381      -   603   10s
   101   107 16593.1760   28  252          - 15787.1381      -   516   15s
   238   243 17495.1961   45  300          - 15787.1381      -   341   20s
   542   619 21290.3742  257   53          - 15787.1381      -   195   25s
*  669   690             320    22984.480000 15831.4445  31.1%   169   27s
*  685   691             328    22596.870000 15831.4445  29.9%   165   27s
   728   699 16763.5446   35  478 22596.8700 15831.4445  29.9%   164   31s
H  729   665                    21798.330000 15831.4445  27.4%   164   32s
   733   667 18980.8578  160  543 21798.3300 15831.4445  27.4%   163   35s
   749   678 19137.9516  165  636 21798.3300 16244.8446  25.5%   159   40s
H  757   648                    21685.210000 16258.2518  25.0%   158   44s
   759   650 16258.5901    5  657 21685.2100 16258.5901  25.0%   157   45s
H  766   620                    21453.210000 16295.1266  24.0%   156   48s
   772   624 20382.6241  241  660 21453.2100 16297.5360  24.0%   155   50s
   787   636 21369.1400  283  592 21453.2100 16299.9320  24.0%   179   56s
   796   642 17505.9917   77  692 21453.2100 16306.7877  24.0%   177   60s
H  797   610                    20663.350000 16307.2325  21.1%   177   64s
   799   614 16324.3818   28  640 20663.3500 16311.1358  21.1%   192   65s
   820   628 16379.4927   34  498 20663.3500 16368.3879  20.8%   210   70s
   852   649 16518.2076   42  508 20663.3500 16373.4314  20.8%   229   75s
   897   679 16584.5030   54  370 20663.3500 16373.4314  20.8%   244   80s
   937   709 16669.4065   64  453 20663.3500 16373.4314  20.8%   253   85s
   977   733 16749.0031   74  358 20663.3500 16373.4314  20.8%   265   91s
  1021   767 16810.1906   87  338 20663.3500 16373.4314  20.8%   267   95s
  1079   815 17078.9938  102  332 20663.3500 16373.4314  20.8%   270  100s
  1163   869 17552.8271  127  213 20663.3500 16373.4314  20.8%   267  105s
  1353  1013 18241.5084  182  165 20663.3500 16373.4314  20.8%   251  111s
  1512  1086 19296.3345  245   96 20663.3500 16373.4314  20.8%   237  115s
H 1613  1096                    20042.700000 16373.4314  18.3%   227  117s
  1685  1095 16563.7080   34  584 20042.7000 16374.2096  18.3%   224  120s
  1716  1115 16757.5407   41  450 20042.7000 16374.2096  18.3%   230  126s
  1741  1143 16898.4314   47  191 20042.7000 16374.2096  18.3%   232  132s
  1792  1179 17071.5623   60  272 20042.7000 16374.2096  18.3%   233  136s
  1884  1255 17478.9914   83  232 20042.7000 16374.5127  18.3%   235  142s
  1930  1295 16500.5796   35  434 20042.7000 16374.5127  18.3%   236  147s
  1985  1326 16616.9788   44  492 20042.7000 16374.5127  18.3%   234  150s
  2070  1421 16677.4657   47  509 20042.7000 16374.5127  18.3%   235  155s
  2305  1501 16762.8446   53  499 20042.7000 16374.5127  18.3%   222  161s
* 2310  1415             208    19730.330000 16374.5127  17.0%   223  161s
* 2348  1374             213    19725.770000 16374.5127  17.0%   220  161s
  2389  1390 16821.8639   58  449 19725.7700 16374.5127  17.0%   221  166s
H 2426  1417                    19710.770000 16374.5127  16.9%   224  170s
  2462  1464 17306.3909   79  303 19710.7700 16374.5127  16.9%   228  176s
  2515  1529 17485.3630   99  168 19710.7700 16374.5127  16.9%   232  181s
  2553  1572 17795.6006  106  231 19710.7700 16374.5127  16.9%   233  185s
  2596  1577 17784.4983  124  135 19710.7700 16374.5127  16.9%   233  190s
  2735  1892 18352.6027  161   62 19710.7700 16374.5127  16.9%   228  198s
  2951  1905     cutoff  207      19710.7700 16391.9379  16.8%   217  212s
* 2956  1845             209    19472.890000 16391.9379  15.8%   217  212s
  2984  1879 16633.3580   42  507 19472.8900 16391.9379  15.8%   217  216s
  3086  2019 17271.3221   69  364 19472.8900 16391.9379  15.8%   217  223s
  3159  2253 17598.9132   84  299 19472.8900 16394.3411  15.8%   216  228s
  3431  2264 16519.0482   32  507 19472.8900 16394.3411  15.8%   205  233s
  3464  2308 16814.9306   43  461 19472.8900 16394.3411  15.8%   207  236s
H 3508  2330                    19462.890000 16394.3411  15.8%   208  240s
H 3557  2267                    19273.890000 16394.3411  14.9%   210  244s
  3583  2306 18601.4617  100  277 19273.8900 16399.8290  14.9%   211  248s
  3634  2346 16656.9747   33  414 19273.8900 16399.8290  14.9%   212  252s
H 3650  2222                    19173.300000 16399.8290  14.5%   213  252s
  3674  2308 16972.0616   41  461 19173.3000 16399.8290  14.5%   213  257s
  3779  2340 16842.0433   44  388 19173.3000 16399.8290  14.5%   211  262s
  3811  2359 17104.9573   51  307 19173.3000 16399.8290  14.5%   214  268s
  3830  2470 17184.1197   54  303 19173.3000 16399.8290  14.5%   214  273s
  3977  2484 infeasible   75      19173.3000 16413.4167  14.4%   212  279s
  4000  2515 16944.2398   38  418 19173.3000 16413.4167  14.4%   215  284s
  4031  2539 17412.9085   54  400 19173.3000 16413.4167  14.4%   216  291s
  4055  2616 17975.0552   66  233 19173.3000 16413.5740  14.4%   217  297s
  4155  2711 16749.7590   32  471 19173.3000 16413.5740  14.4%   217  304s
  4225  2711 18842.2587   83  137 19173.3000 16413.5740  14.4%   217  305s
  4264  2778 17570.3761   58  196 19173.3000 16432.0171  14.3%   217  310s
  4343  2905 16728.8935   37  308 19173.3000 16432.0171  14.3%   217  317s
  4486  2941 18540.9696   81  125 19173.3000 16446.8859  14.2%   215  323s
  4539  2998 16875.6939   40  369 19173.3000 16446.8859  14.2%   217  329s
  4605  3052 17249.7165   52  178 19173.3000 16446.8859  14.2%   219  335s
  4659  3207 17648.7014   71  330 19173.3000 16446.8859  14.2%   221  342s
  4814  3315 18177.6582  115   96 19173.3000 16457.3482  14.2%   219  349s
  4920  3315 18953.2658  119  110 19173.3000 16459.1767  14.2%   216  350s
  4950  3371 16965.4233   45  453 19173.3000 16459.1767  14.2%   217  356s
  5006  3455 17558.5974   65  431 19173.3000 16459.1767  14.2%   218  362s
  5104  3501 18826.0754  101  119 19173.3000 16465.3531  14.1%   218  369s
  5171  3631 17366.8418   50  309 19173.3000 16465.5780  14.1%   219  376s
  5324  3801 16838.2121   45  440 19173.3000 16467.9184  14.1%   218  385s
  5517  3874 19109.3975  137   20 19173.3000 16469.2341  14.1%   215  393s
  5600  3953 17305.2748   53  371 19173.3000 16471.4917  14.1%   216  401s
  5706  4052 16852.5487   49  413 19173.3000 16472.8008  14.1%   216  409s
  5821  4149 17995.4049   78  280 19173.3000 16477.5910  14.1%   216  418s
  5940  4347 17673.1552   47  345 19173.3000 16483.5433  14.0%   217  428s
  6153  4347 18759.0478  121   92 19173.3000 16492.3827  14.0%   213  430s
  6180  4467 17005.1915   44  468 19173.3000 16493.9127  14.0%   213  439s
  6327  4539     cutoff  146      19173.3000 16500.6087  13.9%   213  447s
  6421  4629 17225.5874   46  487 19173.3000 16507.5813  13.9%   213  457s
  6527  4693 16776.9643   35  335 19173.3000 16507.5813  13.9%   214  465s
  6603  4766 16991.6696   41  371 19173.3000 16507.5813  13.9%   215  474s
  6687  4895 17233.7329   48  288 19173.3000 16507.5813  13.9%   216  483s
  6828  4965 18101.8527   69  145 19173.3000 16513.3947  13.9%   216  492s
  6911  5054 17306.0239   56  332 19173.3000 16516.3634  13.9%   217  501s
  7031  5083 16699.2597   36  394 19173.3000 16516.8876  13.9%   217  510s
  7060  5129 17043.4854   38  413 19173.3000 16516.8876  13.9%   220  518s
  7106  5217 16953.0728   49  448 19173.3000 16516.8876  13.9%   222  527s
  7194  5426 17065.3145   57  476 19173.3000 16516.8876  13.9%   223  539s
  7446  5558 17440.4603   68  309 19173.3000 16516.8876  13.9%   219  550s
  7582  5778 18041.8804  102  195 19173.3000 16518.2291  13.8%   220  563s
  7859  5883 19070.8639  189   48 19173.3000 16518.8146  13.8%   217  577s
  7983  5945 16626.1267   34  456 19173.3000 16518.8146  13.8%   218  588s
  8058  6064 17016.0283   42  413 19173.3000 16518.8146  13.8%   220  600s
  8212  6213 18207.4317   65  306 19173.3000 16533.6662  13.8%   220  613s
  8413  6274 16999.9341   52  343 19173.3000 16534.6743  13.8%   219  626s
  8474  6602 17346.4021   68  315 19173.3000 16537.4923  13.7%   221  642s
  8828  6715     cutoff  158      19173.3000 16541.0369  13.7%   218  658s
  8976  6782 17363.3182   60  447 19173.3000 16543.4679  13.7%   217  671s
H 9051  4129                    18111.500000 16549.0825  8.63%   217  672s
  9055  4224 17121.8570   41  361 18111.5000 16549.0825  8.63%   217  684s
  9133  4224 18076.6060  119  138 18111.5000 16549.0825  8.63%   217  685s
  9198  4357 16837.9951   45  364 18111.5000 16549.6973  8.62%   218  698s
  9349  4467 16777.7611   40  522 18111.5000 16553.6255  8.60%   218  712s
  9474  4515 16623.1712   37  438 18111.5000 16556.5095  8.59%   218  724s
  9498  4515 16885.2010   39  349 18111.5000 16556.5095  8.59%   220  725s
  9522  4586 16835.4773   47  479 18111.5000 16556.5095  8.59%   221  737s
  9593  4735 17110.0810   66  339 18111.5000 16556.5809  8.59%   223  750s
  9760  4829 17538.2321   67  252 18111.5000 16557.2506  8.58%   223  763s
  9880  4910 17780.5282   68  377 18111.5000 16558.4255  8.58%   224  777s
  9985  4995 17286.7493   53  301 18111.5000 16558.8966  8.57%   225  789s
 10060  4995     cutoff   83      18111.5000 16559.5377  8.57%   226  790s
 10088  5074 17757.9044   72  231 18111.5000 16559.5679  8.57%   227  802s
 10199  5152 17864.7648   70  155 18111.5000 16560.8034  8.56%   228  815s
 10304  5348 17009.9623   44  410 18111.5000 16561.1971  8.56%   229  831s
 10542  5495 17428.3314   70  123 18111.5000 16561.7866  8.56%   229  845s
 10713  5650 16758.3568   45  410 18111.5000 16563.7167  8.55%   229  860s
 10914  5797 17117.9958   41  344 18111.5000 16565.2431  8.54%   229  874s
 11000  5798 16878.5997   41  300 18111.5000 16566.0189  8.53%   229  875s
 11088  5892 18011.0935   95    4 18111.5000 16566.3410  8.53%   229  888s
 11204  5985 17683.5675   62  443 18111.5000 16568.5030  8.52%   230  900s
 11322  6063 17782.0410   58  205 18111.5000 16569.3345  8.51%   231  914s
 11419  6138 17515.3049   62  339 18111.5000 16570.7719  8.51%   232  927s
 11510  6253 17438.5447   53  312 18111.5000 16571.5027  8.50%   233  941s
 11644  6359 16925.9187   46  287 18111.5000 16571.6916  8.50%   234  956s
 11750  6473 17764.2507   80  144 18111.5000 16571.7676  8.50%   236  972s
 11889  6559 17297.1087   52  419 18111.5000 16572.9712  8.49%   236  986s
 11999  6684 17068.8034   41  386 18111.5000 16573.1372  8.49%   238 1001s
 12124  6912 17306.2900   79  130 18111.5000 16573.5324  8.49%   239 1017s
*12402  5357             109    17806.160000 16574.9290  6.91%   238 1033s
*12644  4869             108    17728.640000 16576.8493  6.50%   237 1047s
 12723  4924     cutoff   62      17728.6400 16577.5288  6.49%   239 1061s
 12813  4995 17513.6535   53  324 17728.6400 16581.8267  6.47%   240 1074s
 12913  5086 16958.7662   43  431 17728.6400 16587.6845  6.44%   242 1089s
H12989  4797                    17686.640000 16587.6845  6.21%   242 1089s
 13041  4846 17448.4320   60  391 17686.6400 16588.1241  6.21%   243 1104s
H13071  4414                    17616.160000 16588.1241  5.84%   243 1105s
 13123  4501 16716.6924   37  380 17616.1600 16588.2333  5.84%   243 1119s
 13167  4501 17037.2910   41  285 17616.1600 16588.2333  5.84%   244 1120s
 13241  4573 17209.0492   51  424 17616.1600 16588.9074  5.83%   244 1134s
 13359  4644 16627.7019   37  417 17616.1600 16590.6048  5.82%   246 1149s
H13451  4742                    17611.930000 16590.6048  5.80%   247 1164s
 13594  4863 16702.1494   41  391 17611.9300 16595.3285  5.77%   248 1179s
 13665  4863     cutoff   42      17611.9300 16597.2638  5.76%   248 1180s
 13743  4919 17558.5244   68  254 17611.9300 16598.1633  5.76%   249 1196s
 13820  4972 17486.5482   44  455 17611.9300 16598.5511  5.75%   250 1211s
 13892  5037 17084.7895   45  489 17611.9300 16598.5511  5.75%   251 1226s
 13975  5123 17458.4356   69  259 17611.9300 16599.0301  5.75%   253 1241s
 14085  5204 16880.2457   49  390 17611.9300 16603.3855  5.73%   254 1257s
 14221  5295 16679.6895   38  542 17611.9300 16606.4355  5.71%   255 1273s
H14334  4838                    17530.160000 16607.0163  5.27%   256 1288s
 14481  4882     cutoff   74      17530.1600 16610.0146  5.25%   256 1304s
H14485  4820                    17522.070000 16610.0146  5.21%   256 1304s
 14557  4910 17425.3778   53  385 17522.0700 16610.5329  5.20%   257 1322s
 14687  5000 16871.7093   44  404 17522.0700 16613.5587  5.18%   258 1338s
 14802  5098 16685.9782   36  437 17522.0700 16614.7251  5.18%   259 1356s
 14942  5177 16819.9588   37  410 17522.0700 16620.4320  5.15%   260 1372s
 15062  5273 16853.9137   39  439 17522.0700 16623.0378  5.13%   261 1388s
 15192  5351 16782.2862   43  505 17522.0700 16624.9324  5.12%   262 1405s
 15298  5438 17198.8573   43  450 17522.0700 16626.1817  5.11%   263 1421s
H15407  5246                    17489.080000 16627.3908  4.93%   264 1438s
 15512  5342 16812.7518   43  426 17489.0800 16628.8163  4.92%   266 1455s
 15649  5439 16719.4068   38  457 17489.0800 16629.9544  4.91%   267 1472s
 15771  5548 17049.9524   50  236 17489.0800 16631.4527  4.90%   268 1488s
 15930  5665 17095.1094   40  482 17489.0800 16633.3884  4.89%   268 1505s
 16084  5750     cutoff   50      17489.0800 16635.3172  4.88%   269 1522s
 16194  5834 17332.9006   57  327 17489.0800 16636.3858  4.88%   270 1538s
H16315  5240                    17405.720000 16636.9914  4.42%   271 1556s
 16486  5309 16968.1790   47  477 17405.7200 16638.2180  4.41%   271 1573s
 16615  5421 17060.0996   64  387 17405.7200 16641.2382  4.39%   272 1590s
 16773  5513 16856.7404   51  315 17405.7200 16642.3252  4.39%   272 1606s
 16898  5585 17334.0319   65  299 17405.7200 16643.6285  4.38%   273 1623s
 16994  5678 17129.9987   50  434 17405.7200 16644.3461  4.37%   275 1640s
H17137  5109                    17334.240000 16647.8690  3.96%   275 1659s
 17257  5201 17256.6827   44  482 17334.2400 16650.1210  3.95%   276 1677s
 17393  5285 17022.0575   52  355 17334.2400 16650.7683  3.94%   277 1696s
 17522  5375 17130.9246   50  361 17334.2400 16651.4408  3.94%   278 1714s
 17664  5443     cutoff   52      17334.2400 16653.1745  3.93%   279 1735s
 17748  5561 17150.0659   56  349 17334.2400 16653.6872  3.93%   280 1754s
 17834  5561 16868.0963   38  382 17334.2400 16654.1348  3.92%   280 1755s
 17908  5647 17305.8945   47  212 17334.2400 16654.4158  3.92%   281 1773s
 18078  5712 17180.6911   62  190 17334.2400 16655.2294  3.92%   281 1791s
 18226  5814 16959.4135   49  350 17334.2400 16656.5399  3.91%   282 1808s
 18390  5897 17260.4999   48  473 17334.2400 16657.1695  3.91%   282 1827s
 18531  5983 16950.9371   41  457 17334.2400 16658.5415  3.90%   283 1845s
 18661  6025 16882.1899   38  595 17334.2400 16660.2465  3.89%   284 1865s
 18735  6102 16840.3088   38  403 17334.2400 16661.3582  3.88%   285 1882s
 18868  6192 16842.7717   40  287 17334.2400 16662.7477  3.87%   286 1901s
 19020  6256     cutoff   59      17334.2400 16663.3073  3.87%   287 1919s
 19138  6309 17257.2798   57  460 17334.2400 16665.6540  3.86%   288 1937s
 19235  6374 16978.1291   47  411 17334.2400 16667.1931  3.85%   289 1956s
 19360  6455 17321.1365   54  321 17334.2400 16668.0392  3.84%   290 1975s
 19518  6555 16827.1809   42  420 17334.2400 16669.0188  3.84%   290 1993s
 19673  6590     cutoff   75      17334.2400 16669.4601  3.84%   291 2012s
 19779  6660 17295.2391   42  541 17334.2400 16670.7718  3.83%   292 2032s
 19885  6756 17303.4414   50  412 17334.2400 16670.9055  3.83%   293 2051s
 20048  6858 17218.8423   46  374 17334.2400 16672.3875  3.82%   294 2071s
 20220  6945     cutoff   84      17334.2400 16672.6469  3.82%   294 2090s
 20399  7034 17168.2341   53  432 17334.2400 16674.0452  3.81%   295 2109s
 20475  7034 16831.5870   41  545 17334.2400 16675.5719  3.80%   295 2110s
 20550  7156 16908.0614   43  375 17334.2400 16675.5986  3.80%   295 2130s
 20745  7262 17028.6269   48  432 17334.2400 16676.4189  3.79%   296 2150s
 20899  7345 17138.1823   47  563 17334.2400 16677.4886  3.79%   296 2168s
 21050  7421 16902.3922   49  439 17334.2400 16678.8769  3.78%   297 2187s
 21191  7506 17292.7073   51  318 17334.2400 16680.2945  3.77%   297 2207s
 21345  7587 17035.5800   43  472 17334.2400 16680.7334  3.77%   298 2227s
 21485  7684 16790.0455   45  571 17334.2400 16681.1500  3.77%   299 2248s
 21631  7692 17174.0431   52  196 17334.2400 16682.0893  3.76%   300 2356s
 21641  7776 17170.5770   54  234 17334.2400 16682.3514  3.76%   300 2379s
 21803  7884 17301.6777   60  382 17334.2400 16683.0729  3.76%   301 2399s
 21870  7884 17246.7924   59  425 17334.2400 16683.8874  3.75%   301 2400s
 21954  8007 17286.5479   57  238 17334.2400 16684.1240  3.75%   302 2422s
 22167  8121 16773.6781   36  419 17334.2400 16685.2244  3.74%   302 2445s
 22319  8228 16963.6623   45  425 17334.2400 16685.8295  3.74%   302 2466s
 22490  8334 17046.4967   48  444 17334.2400 16686.1429  3.74%   303 2488s
 22647  8494 17152.8598   47  334 17334.2400 16687.0207  3.73%   304 2511s
 22865  8547 infeasible   63      17334.2400 16687.7601  3.73%   304 2532s
 23020  8635 17316.3205   42  351 17334.2400 16688.5583  3.72%   305 2553s
 23211  8745 17008.4675   45  540 17334.2400 16689.5063  3.72%   305 2574s
 23314  8745 17000.2137   43  609 17334.2400 16691.5971  3.71%   305 2575s
H23386  8843                    17334.239993 16691.6245  3.71%   305 2596s
 23540  8913 16950.4454   47  420 17334.2400 16692.9494  3.70%   306 2621s
 23677  9003 16744.4984   41  450 17334.2400 16693.1041  3.70%   307 2642s
 23854  9089 16799.0918   42  428 17334.2400 16695.3777  3.69%   308 2663s
 24043  9165 16744.4404   42  582 17334.2400 16696.2061  3.68%   308 2684s
 24192  9284 16893.2702   39  415 17334.2400 16697.3525  3.67%   309 2706s
 24387  9363 17301.4369   63  357 17334.2400 16698.1817  3.67%   309 2727s
 24565  9498 17294.2411   55  393 17334.2400 16699.0927  3.66%   310 2751s
 24764  9604 16766.4741   43  281 17334.2400 16699.9244  3.66%   310 2773s
 24931  9733 16981.4726   44  394 17334.2400 16700.4702  3.66%   311 2800s
 25129  9824 16897.2004   37  469 17334.2400 16701.5147  3.65%   311 2821s
 25315 10001     cutoff   55      17334.2400 16702.9287  3.64%   311 2843s
 25563 10087     cutoff   62      17334.2400 16703.6408  3.64%   311 2865s
 25713 10237 17049.5514   42  404 17334.2400 16704.6817  3.63%   312 2888s
 25931 10360 17158.3198   60  231 17334.2400 16705.0740  3.63%   312 2912s
 26150 10502 17196.8728   60  266 17334.2400 16705.6124  3.63%   312 2934s
 26359 10648 16973.1001   44  362 17334.2400 16706.3339  3.62%   312 2956s
 26583 10761 17182.0231   49  366 17334.2400 16708.0413  3.61%   312 2978s
 26769 10912 17043.4920   61  361 17334.2400 16708.7124  3.61%   312 3000s
 27007 11091 17035.5488   42  286 17334.2400 16710.3002  3.60%   312 3023s
 27265 11207 16834.0820   40  388 17334.2400 16711.4743  3.59%   312 3045s
 27475 11299 16912.2670   40  418 17334.2400 16712.3773  3.59%   312 3067s
 27633 11399 16945.6131   40  376 17334.2400 16713.3254  3.58%   313 3090s
 27796 11499 16812.9286   38  569 17334.2400 16713.9203  3.58%   313 3111s
 27961 11654 17014.7603   45  466 17334.2400 16714.7924  3.57%   314 3135s
 28193 11770 17318.6254   67  258 17334.2400 16715.2565  3.57%   314 3158s
 28358 11884 16931.2494   48  509 17334.2400 16715.8169  3.57%   314 3181s
 28548 12040 17123.2398   42  396 17334.2400 16716.2500  3.57%   315 3205s
 28785 12185 17032.4844   41  289 17334.2400 16716.7059  3.56%   315 3230s
 29021 12275 16914.2483   41  320 17334.2400 16717.1538  3.56%   315 3251s
 29177 12443 16869.3355   43  310 17334.2400 16718.5962  3.55%   315 3274s
 29240 12443 17303.0975   45  261 17334.2400 16718.5962  3.55%   316 3275s
 29421 12532 17313.8495   43  383 17334.2400 16719.5778  3.55%   315 3298s
 29566 12651 17318.2242   66  266 17334.2400 16719.9526  3.54%   316 3322s
 29769 12732 17020.8588   49  300 17334.2400 16721.0085  3.54%   316 3344s
 29869 12732 16824.9344   41  401 17334.2400 16721.5520  3.53%   316 3345s
 29945 12867 17209.9394   69  465 17334.2400 16721.7158  3.53%   316 3368s
 30147 12997 17084.2715   55  437 17334.2400 16722.5481  3.53%   316 3390s
 30359 13092 17254.6746   54  188 17334.2400 16723.7855  3.52%   317 3414s
 30544 13222 16800.9616   45  448 17334.2400 16724.3335  3.52%   317 3436s
 30755 13293 16925.8736   42  451 17334.2400 16724.5225  3.52%   317 3459s
 30898 13368 16935.6410   45  429 17334.2400 16725.2437  3.51%   318 3480s
 31090 13509 16970.8214   44  583 17334.2400 16725.8929  3.51%   318 3504s
 31285 13509 17248.7159   63  139 17334.2400 16726.8214  3.50%   318 3505s
 31319 13599     cutoff   46      17334.2400 16726.9960  3.50%   318 3527s
 31504 13720     cutoff   43      17334.2400 16727.7944  3.50%   318 3549s
 31685 13826 17038.2014   46  442 17334.2400 16728.8064  3.49%   319 3572s
 31905 13939 16884.8348   44  441 17334.2400 16729.5562  3.49%   319 3596s
 32105 13956 17098.1449   47  339 17334.2400 16730.4547  3.48%   319 3600s

Cutting planes:
  User: 4623
  Gomory: 59
  Cover: 435
  Implied bound: 265
  Projected implied bound: 5
  Clique: 27
  MIR: 237
  StrongCG: 4
  Flow cover: 498
  GUB cover: 2
  Zero half: 26
  Network: 5
  RLT: 326
  Relax-and-lift: 9
  Lazy constraints: 726

Explored 32132 nodes (10271751 simplex iterations) in 3600.11 seconds
Thread count was 2 (of 32 available processors)

Solution count 10: 17334.2 17334.2 17405.7 ... 17728.6

Time limit reached
Best objective 1.733423999314e+04, best bound 1.673045472146e+04, gap 3.4832%

User-callback calls 332310, time in user-callback 117.59 sec
================================================================================
executing instance: ./input/Instances/Original/6/absH6high_1n20.dat
--------------------------------------------------------------------------------
Instance details
n	21
H	6
C	1651
Li:
[0, 0, 0, 0, 0, 0, 0, 0, 0, 0, 0, 0, 0, 0, 0, 0, 0, 0, 0, 0, 0, ]
Ui:
[0, 36, 182, 182, 90, 261, 117, 30, 110, 42, 276, 153, 40, 94, 144, 46, 129, 213, 264, 160, 174, ]
Distance matrix:
|0	371	401	343	361	341	370	115	392	400	79	266	292	245	355	431	265	194	95	92	348	|
|371	0	37	141	110	250	117	438	67	131	372	305	115	238	247	255	235	296	392	430	185	|
|401	37	0	175	100	284	146	472	90	156	406	342	152	275	280	282	242	333	415	455	178	|
|343	141	175	0	239	110	38	374	95	60	314	182	67	130	106	127	318	201	397	423	303	|
|361	110	100	239	0	341	222	451	177	240	385	374	190	304	341	361	151	345	354	398	78	|
|341	250	284	110	341	0	143	337	203	151	289	102	152	97	15	95	394	156	415	431	398	|
|370	117	146	38	222	143	0	407	61	30	346	220	81	167	137	139	317	237	417	447	292	|
|115	438	472	374	451	337	407	0	443	434	66	241	339	251	351	431	374	181	201	177	450	|
|392	67	90	95	177	203	61	443	0	66	379	275	104	216	197	193	294	283	427	461	252	|
|400	131	156	60	240	151	30	434	66	0	374	237	112	189	142	127	344	261	448	477	312	|
|79	372	406	314	385	289	346	66	379	374	0	202	275	197	304	383	316	134	175	166	388	|
|266	305	342	182	374	102	220	241	275	237	202	0	191	70	117	196	386	73	352	359	415	|
|292	115	152	67	190	152	81	339	104	112	275	191	0	123	154	193	252	183	336	366	246	|
|245	238	275	130	304	97	167	251	216	189	197	70	123	0	110	187	322	72	319	334	346	|
|355	247	280	106	341	15	137	351	197	142	304	117	154	110	0	80	399	171	427	444	400	|
|431	255	282	127	361	95	139	431	193	127	383	196	193	187	80	0	444	251	499	519	429	|
|265	235	242	318	151	394	317	374	294	344	316	386	252	322	399	444	0	332	226	273	97	|
|194	296	333	201	345	156	237	181	283	261	134	73	183	72	171	251	332	0	279	286	375	|
|95	392	415	397	354	415	417	201	427	448	175	352	336	319	427	499	226	279	0	47	321	|
|92	430	455	423	398	431	447	177	461	477	166	359	366	334	444	519	273	286	47	0	368	|
|348	185	178	303	78	398	292	450	252	312	388	415	246	346	400	429	97	375	321	368	0	|

--------------------------------------------------------------------------------
Building model...
	using lazy and cut (CVRPSEP package)
Solving IRP LP...
--------------------------------------------------------------------------------

Gurobi 9.1.0 (linux64) logging started Wed Feb 17 05:41:06 2021

Gurobi Optimizer version 9.1.0 build v9.1.0rc0 (linux64)
Thread count: 32 physical cores, 32 logical processors, using up to 2 threads
Optimize a model with 1293 rows, 4665 columns and 12219 nonzeros
Model fingerprint: 0xa522429c
Variable types: 507 continuous, 4158 integer (378 binary)
Coefficient statistics:
  Matrix range     [1e+00, 6e+02]
  Objective range  [1e-01, 5e+02]
  Bounds range     [1e+00, 3e+02]
  RHS range        [1e+00, 3e+03]
Presolve removed 286 rows and 470 columns
Presolve time: 0.09s
Presolved: 1007 rows, 4195 columns, 10315 nonzeros
Variable types: 390 continuous, 3805 integer (3454 binary)

Root relaxation: objective 1.300429e+04, 1484 iterations, 0.04 seconds

    Nodes    |    Current Node    |     Objective Bounds      |     Work
 Expl Unexpl |  Obj  Depth IntInf | Incumbent    BestBd   Gap | It/Node Time

     0     0 13004.2881    0  216          - 13004.2881      -     -    0s
     0     0 13253.7218    0  197          - 13253.7218      -     -    0s
     0     0 13263.5826    0  221          - 13263.5826      -     -    0s
     0     0 13264.5412    0  216          - 13264.5412      -     -    0s
     0     0 13264.5633    0  216          - 13264.5633      -     -    0s
     0     0 13746.0542    0  294          - 13746.0542      -     -    0s
     0     0 13828.4731    0  327          - 13828.4731      -     -    0s
     0     0 13837.2796    0  315          - 13837.2796      -     -    0s
     0     0 13837.5144    0  295          - 13837.5144      -     -    0s
     0     0 13970.1210    0  366          - 13970.1210      -     -    1s
     0     0 13980.4984    0  405          - 13980.4984      -     -    1s
     0     0 14006.9160    0  413          - 14006.9160      -     -    1s
     0     0 14014.0634    0  337          - 14014.0634      -     -    1s
     0     0 14016.0963    0  409          - 14016.0963      -     -    1s
     0     0 14016.8504    0  409          - 14016.8504      -     -    1s
     0     0 14064.4655    0  332          - 14064.4655      -     -    1s
     0     0 14076.7362    0  391          - 14076.7362      -     -    1s
     0     0 14080.6178    0  398          - 14080.6178      -     -    1s
     0     0 14081.2116    0  419          - 14081.2116      -     -    1s
     0     0 14100.4876    0  254          - 14100.4876      -     -    2s
     0     0 14120.1354    0  384          - 14120.1354      -     -    2s
     0     0 14150.0993    0  436          - 14150.0993      -     -    2s
     0     0 14168.8840    0  460          - 14168.8840      -     -    2s
     0     0 14169.8300    0  465          - 14169.8300      -     -    2s
     0     0 14183.5187    0  451          - 14183.5187      -     -    2s
     0     0 14185.7615    0  420          - 14185.7615      -     -    2s
     0     0 14186.8907    0  467          - 14186.8907      -     -    2s
     0     0 14191.7161    0  487          - 14191.7161      -     -    2s
     0     0 14191.7161    0  459          - 14191.7161      -     -    3s
     0     2 14192.1825    0  455          - 14192.1825      -     -    3s
    19    22 14308.7402    6  455          - 14203.2848      -   548    5s
    66    72 14922.4177   17  331          - 14203.2848      -   660   10s
   189   213 15519.1940   62  155          - 14203.2848      -   431   15s
   562   621 21074.4010  219   20          - 14203.2848      -   216   20s
   799   778 14684.0417    4  392          - 14208.3872      -   180   25s
   822   790 20385.0779  193  567          - 14547.8181      -   183   30s
   845   806 15965.1425   91  599          - 14570.4856      -   178   35s
   866   821 20534.0863  203  573          - 14570.5636      -   194   40s
   883   833 19876.4405  186  585          - 14573.6368      -   190   45s
   916   859 14609.6949   34  509          - 14594.4168      -   219   50s
   974   899 14882.1418   47  505          - 14594.4168      -   236   55s
  1040   948 15053.0287   59  425          - 14594.4168      -   246   60s
  1142  1020 15394.8369   77  379          - 14594.4168      -   254   65s
  1225  1077 16604.2903   92  309          - 14594.4168      -   261   70s
  1320  1139 16922.8368  156  236          - 14594.4168      -   261   75s
  1470  1262 17422.3433  141  340          - 14594.4168      -   256   81s
  1653  1449 19062.4115  174  116          - 14594.4168      -   245   85s
  1999  1537 14799.3252   31  417          - 14602.7955      -   216   91s
  2035  1565 14962.5838   39  326          - 14602.7955      -   221   96s
  2076  1596 15258.2067   51  336          - 14602.7955      -   227  101s
  2120  1623 15582.4627   59  291          - 14602.7955      -   231  105s
  2202  1705 15817.3115   81  195          - 14602.7955      -   233  111s
  2310  1775 16672.6060   99  218          - 14602.7955      -   233  116s
  2404  1857 17437.2317  119  193          - 14602.7955      -   231  120s
  2521  1966 18049.7478  149  161          - 14602.7955      -   228  125s
  2796  2124 20149.2173  189   32          - 14606.6109      -   214  131s
* 2815  1938             216    20764.250000 14606.6109  29.7%   212  131s
* 2826  1895             217    20740.250000 14606.6109  29.6%   212  131s
H 2929  1786                    20414.590000 14606.6109  28.5%   208  141s
H 3033  1916                    20263.150000 14606.6109  27.9%   206  148s
  3139  1954 15218.9811   38  495 20263.1500 14606.6109  27.9%   203  152s
  3253  1991 15396.5131   45  473 20263.1500 14606.6109  27.9%   201  157s
  3286  2031 15444.2035   49  483 20263.1500 14606.6109  27.9%   203  162s
  3312  2090 15443.4392   50  485 20263.1500 14606.6109  27.9%   203  166s
  3419  2126 15715.4337   53  439 20263.1500 14606.6109  27.9%   202  173s
  3423  2137 15649.4138   53  445 20263.1500 14606.6109  27.9%   203  176s
  3457  2191 15855.2201   57  418 20263.1500 14606.6109  27.9%   206  182s
  3488  2265 15767.3169   60  405 20263.1500 14606.6109  27.9%   206  186s
  3562  2304 16381.1815   61  428 20263.1500 14606.6109  27.9%   204  190s
H 3624  2308                    20201.270000 14606.6109  27.7%   203  196s
H 3635  2299                    20149.710000 14606.6109  27.5%   204  196s
  3658  2341 16168.8573   75  320 20149.7100 14606.6109  27.5%   205  203s
  3683  2365 16453.8152   85  290 20149.7100 14606.6109  27.5%   206  206s
  3707  2398 16560.3542   91  272 20149.7100 14606.6109  27.5%   208  210s
  3789  2450 17020.7930  109  186 20149.7100 14606.6109  27.5%   209  220s
  3792  2593 17033.7801  110   89 20149.7100 14606.6109  27.5%   209  225s
  3941  2636 19272.4236  152   23 20149.7100 14653.8019  27.3%   205  232s
  4012  2675 infeasible  165      20149.7100 14653.8236  27.3%   203  236s
  4047  2708 15304.0119   38  463 20149.7100 14653.8236  27.3%   205  240s
