




arguments: ./build/bc_mirp -f ./input/orig_exec_216.cfg
Current dir: /scratch/gui/bc_mirp
File verbosity level: 9
date       time         ( uptime  ) [ thread name/id ]                   file:line     v| 
2021-02-14 09:13:50.176 (   0.838s) [main thread     ]             loguru.cpp:789   INFO| Logging to './output/vi_vc+lex_quarter/OU/V3/Original/execution_14_02_2021_09_13_50.log', mode: 'a', verbosity: 9
--------------------------------------------------------------------------------
Parameters
                           instance_path           ./input/Instances/Original/5/
                            model_policy                                       1
                             nb_vehicles                                       3
                              output_dir./output/vi_vc+lex_quarter/OU/V3/Original/
                            sec_strategy                                       1
                       solver_nb_threads                                       2
                         solver_show_log                                    true
                       solver_time_limit                                    3600
                              use_vi_cos                                   false
                              use_vi_cus                                   false
                         use_vi_hc1_full                                   false
                         use_vi_hc1_half                                   false
                      use_vi_hc1_quarter                                   false
                              use_vi_hc2                                   false
                              use_vi_hc3                                   false
                         use_vi_lex_full                                   false
                         use_vi_lex_half                                   false
                      use_vi_lex_quarter                                    true
                              use_vi_qua                                   false
                               use_vi_vc                                    true
                               use_vi_vr                                   false
--------------------------------------------------------------------------------
executing instance: ./input/Instances/Original/5/absH3low_4n50.dat
--------------------------------------------------------------------------------
Instance details
n	51
H	3
C	4066
Li:
[0, 0, 0, 0, 0, 0, 0, 0, 0, 0, 0, 0, 0, 0, 0, 0, 0, 0, 0, 0, 0, 0, 0, 0, 0, 0, 0, 0, 0, 0, 0, 0, 0, 0, 0, 0, 0, 0, 0, 0, 0, 0, 0, 0, 0, 0, 0, 0, 0, 0, 0, ]
Ui:
[0, 108, 126, 122, 66, 120, 48, 30, 128, 54, 158, 198, 36, 66, 210, 234, 147, 297, 171, 128, 116, 120, 219, 70, 294, 207, 134, 128, 234, 122, 22, 183, 195, 255, 132, 124, 66, 189, 219, 66, 128, 102, 288, 66, 87, 136, 36, 39, 282, 36, 237, ]
Distance matrix:
|0	210	444	498	509	104	438	228	487	304	456	434	526	476	163	47	293	396	293	290	313	85	280	437	293	336	409	106	449	376	433	478	193	404	404	534	278	181	380	507	189	438	263	473	353	216	202	218	452	254	465	|
|210	0	299	507	359	106	345	409	358	411	320	402	555	448	136	200	289	264	306	427	141	222	83	348	264	320	283	303	380	208	258	357	170	348	475	542	243	347	355	379	65	479	172	373	355	251	112	229	402	210	300	|
|444	299	0	363	65	358	116	542	66	440	26	241	425	272	282	407	251	51	276	490	159	397	224	124	217	237	48	490	170	99	83	74	261	180	430	385	214	479	231	85	270	390	184	116	271	300	409	276	210	215	54	|
|498	507	363	0	385	482	246	424	326	254	343	123	63	93	388	452	221	337	211	314	428	414	480	239	243	187	324	463	194	418	438	307	346	188	156	36	264	392	156	326	444	87	340	258	154	286	603	294	153	297	417	|
|509	359	65	385	0	422	145	602	59	492	59	269	448	292	348	472	305	115	329	545	218	462	281	152	274	286	106	554	192	153	116	78	326	216	472	403	274	540	271	63	334	425	249	127	316	361	468	337	233	278	69	|
|104	106	358	482	422	0	372	309	408	337	374	396	521	441	98	96	262	314	271	342	215	124	177	373	249	302	329	198	394	281	337	402	139	353	419	518	230	250	343	428	90	437	188	405	328	200	134	188	406	199	372	|
|438	345	116	246	145	372	0	485	87	357	97	126	309	155	279	394	180	101	200	414	223	373	288	8	157	150	84	459	53	188	196	68	245	72	328	269	165	427	128	97	297	280	184	36	175	250	456	233	94	184	170	|
|228	409	542	424	602	309	485	0	561	170	544	419	424	446	298	214	305	491	286	115	462	187	457	480	331	339	496	124	470	510	565	545	295	424	279	454	329	66	376	576	363	340	370	520	330	242	429	266	453	328	581	|
|487	358	66	326	59	408	87	561	0	441	40	211	389	233	324	446	258	95	281	497	220	431	287	95	230	234	79	522	133	164	146	19	297	160	415	344	233	500	215	21	323	367	224	68	261	320	470	299	174	242	106	|
|304	411	440	254	492	337	357	170	441	0	434	266	255	286	275	266	189	392	164	63	408	225	428	351	224	207	392	234	330	438	484	424	250	287	112	284	232	149	233	453	349	170	302	389	185	168	471	195	305	248	487	|
|456	320	26	343	59	374	97	544	40	434	0	223	406	252	294	418	247	60	271	487	181	405	247	105	215	229	49	498	149	124	109	48	270	165	419	364	215	482	218	60	288	375	194	92	261	302	431	279	190	220	75	|
|434	402	241	123	269	396	126	419	211	266	223	0	185	46	298	387	140	213	145	328	310	355	366	118	147	97	201	425	78	295	315	191	256	65	211	151	166	371	53	215	343	157	231	145	90	220	505	217	41	198	295	|
|526	555	425	63	448	521	309	424	389	255	406	185	0	156	430	481	266	398	252	310	485	442	534	301	293	237	386	480	257	478	500	370	390	249	145	55	313	401	212	389	491	89	392	321	201	322	646	334	216	345	479	|
|476	448	272	93	292	441	155	446	233	286	252	46	156	0	343	429	183	250	184	348	353	396	411	148	192	140	236	461	102	334	350	214	302	106	214	113	212	402	98	233	389	151	277	165	125	261	551	260	62	244	325	|
|163	136	282	388	348	98	279	298	324	275	294	298	430	343	0	124	167	234	178	296	167	121	162	279	151	205	247	216	297	224	280	316	42	256	340	423	132	232	246	344	74	349	100	314	233	115	216	97	308	101	307	|
|47	200	407	452	472	96	394	214	446	266	418	387	481	429	124	0	246	358	245	259	284	41	261	392	247	289	370	103	403	345	402	436	150	358	361	488	232	158	333	466	165	393	223	430	306	168	217	171	406	210	431	|
|293	289	251	221	305	262	180	305	258	189	247	140	266	183	167	246	0	204	26	240	238	215	276	175	37	43	203	289	169	255	297	242	125	122	202	257	52	248	87	272	225	191	134	215	67	80	382	77	163	81	298	|
|396	264	51	337	115	314	101	491	95	392	60	213	398	250	234	358	204	0	229	442	130	347	196	108	169	194	19	440	152	87	102	93	211	149	390	363	165	428	194	116	228	355	134	117	230	250	376	225	189	164	95	|
|293	306	276	211	329	271	200	286	281	164	271	145	252	184	178	245	26	229	0	216	262	212	297	195	63	53	228	280	184	280	323	264	138	137	178	248	76	232	95	294	241	173	156	234	60	77	395	83	172	102	324	|
|290	427	490	314	545	342	414	115	497	63	487	328	310	348	296	259	240	442	216	0	443	220	456	408	273	264	443	204	390	479	529	480	278	346	165	343	278	115	293	509	369	229	340	447	244	202	473	230	366	288	536	|
|313	141	159	428	218	215	223	462	220	408	181	310	485	353	167	284	238	130	262	443	0	288	67	228	202	252	149	382	267	67	122	221	168	247	440	459	186	396	273	241	125	423	107	245	291	242	251	214	297	162	160	|
|85	222	397	414	462	124	373	187	431	225	405	355	442	396	121	41	215	347	212	220	288	0	273	371	221	258	357	95	378	344	401	420	136	331	321	450	208	126	302	450	177	353	213	409	272	136	253	143	377	190	426	|
|280	83	224	480	281	177	288	457	287	428	247	366	534	411	162	261	276	196	297	456	67	273	0	292	243	298	215	363	329	128	176	288	179	305	475	513	224	392	324	307	96	466	143	311	335	261	187	235	357	195	219	|
|437	348	124	239	152	373	8	480	95	351	105	118	301	148	279	392	175	108	195	408	228	371	292	0	154	144	91	456	46	194	203	76	244	65	320	261	163	423	121	103	299	273	185	40	168	247	459	230	86	183	178	|
|293	264	217	243	274	249	157	331	230	224	215	147	293	192	151	247	37	169	63	273	202	221	243	154	0	57	170	303	157	217	260	215	110	111	238	278	21	271	94	245	201	223	100	193	92	93	362	78	160	54	263	|
|336	320	237	187	286	302	150	339	234	207	229	97	237	140	205	289	43	194	53	264	252	258	298	144	57	0	190	331	131	257	294	216	163	84	197	221	77	285	44	246	258	172	155	183	39	123	418	119	120	110	288	|
|409	283	48	324	106	329	84	496	79	392	49	201	386	236	247	370	203	19	228	443	149	357	215	91	170	190	0	449	136	105	114	75	221	138	384	349	168	434	185	99	245	346	146	98	224	255	394	231	174	171	99	|
|106	303	490	463	554	198	459	124	522	234	498	425	480	461	216	103	289	440	280	204	382	95	363	456	303	331	449	0	458	439	496	510	229	410	344	498	293	89	374	540	267	391	307	495	336	211	308	226	451	280	520	|
|449	380	170	194	192	394	53	470	133	330	149	78	257	102	297	403	169	152	184	390	267	378	329	46	157	131	136	458	0	238	249	114	259	47	287	216	171	416	96	137	327	235	211	67	145	247	488	235	41	197	223	|
|376	208	99	418	153	281	188	510	164	438	124	295	478	334	224	345	255	87	280	479	67	344	128	194	217	257	105	439	238	0	57	169	216	230	453	445	206	445	268	184	191	427	141	202	296	278	315	250	274	191	92	|
|433	258	83	438	116	337	196	565	146	484	109	315	500	350	280	402	297	102	323	529	122	401	176	203	260	294	114	496	249	57	0	157	271	252	490	463	251	499	296	162	247	457	195	199	331	329	362	302	288	241	47	|
|478	357	74	307	78	402	68	545	19	424	48	191	370	214	316	436	242	93	264	480	221	420	288	76	215	216	75	510	114	169	157	0	287	141	396	325	219	485	196	31	319	347	216	49	243	306	469	286	154	230	120	|
|193	170	261	346	326	139	245	295	297	250	270	256	390	302	42	150	125	211	138	278	168	136	179	244	110	163	221	229	259	216	271	287	0	216	305	382	91	229	204	316	105	310	78	280	192	83	257	60	268	62	292	|
|404	348	180	188	216	353	72	424	160	287	165	65	249	106	256	358	122	149	137	346	247	331	305	65	111	84	138	410	47	230	252	141	216	0	255	215	126	369	56	168	292	210	177	102	103	200	454	189	54	155	234	|
|404	475	430	156	472	419	328	279	415	112	419	211	145	214	340	361	202	390	178	165	440	321	475	320	238	197	384	344	287	453	490	396	305	255	0	181	254	261	201	422	410	69	335	353	160	225	551	246	252	280	482	|
|534	542	385	36	403	518	269	454	344	284	364	151	55	113	423	488	257	363	248	343	459	450	513	261	278	221	349	498	216	445	463	325	382	215	181	0	298	425	189	342	479	115	373	276	190	323	638	330	175	332	439	|
|278	243	214	264	274	230	165	329	233	232	215	166	313	212	132	232	52	165	76	278	186	208	224	163	21	77	168	293	171	206	251	219	91	126	254	298	0	267	114	250	181	242	82	202	112	88	341	68	177	33	258	|
|181	347	479	392	540	250	427	66	500	149	482	371	401	402	232	158	248	428	232	115	396	126	392	423	271	285	434	89	416	445	499	485	229	369	261	425	267	0	325	516	298	313	305	463	281	180	375	203	403	264	516	|
|380	355	231	156	271	343	128	376	215	233	218	53	212	98	246	333	87	194	95	293	273	302	324	121	94	44	185	374	96	268	296	196	204	56	201	189	114	325	0	224	294	161	185	157	49	167	455	163	78	147	284	|
|507	379	85	326	63	428	97	576	21	453	60	215	389	233	344	466	272	116	294	509	241	450	307	103	245	246	99	540	137	184	162	31	316	168	422	342	250	516	224	0	344	371	244	70	271	337	490	317	176	261	120	|
|189	65	270	444	334	90	297	363	323	349	288	343	491	389	74	165	225	228	241	369	125	177	96	299	201	258	245	267	327	191	247	319	105	292	410	479	181	298	294	344	0	414	116	328	291	187	163	165	345	147	282	|
|438	479	390	87	425	437	280	340	367	170	375	157	89	151	349	393	191	355	173	229	423	353	466	273	223	172	346	391	235	427	457	347	310	210	69	115	242	313	161	371	414	0	323	301	133	238	565	253	197	273	444	|
|263	172	184	340	249	188	184	370	224	302	194	231	392	277	100	223	134	134	156	340	107	213	143	185	100	155	146	307	211	141	195	216	78	177	335	373	82	305	185	244	116	323	0	217	192	138	278	110	230	55	214	|
|473	373	116	258	127	405	36	520	68	389	92	145	321	165	314	430	215	117	234	447	245	409	311	40	193	183	98	495	67	202	199	49	280	102	353	276	202	463	157	70	328	301	217	0	205	286	485	269	106	220	167	|
|353	355	271	154	316	328	175	330	261	185	261	90	201	125	233	306	67	230	60	244	291	272	335	168	92	39	224	336	145	296	331	243	192	103	160	190	112	281	49	271	291	133	192	205	0	138	449	141	123	145	323	|
|216	251	300	286	361	200	250	242	320	168	302	220	322	261	115	168	80	250	77	202	242	136	261	247	93	123	255	211	247	278	329	306	83	200	225	323	88	180	167	337	187	238	138	286	138	0	328	28	243	88	340	|
|202	112	409	603	468	134	456	429	470	471	431	505	646	551	216	217	382	376	395	473	251	253	187	459	362	418	394	308	488	315	362	469	257	454	551	638	341	375	455	490	163	565	278	485	449	328	0	313	508	308	406	|
|218	229	276	294	337	188	233	266	299	195	279	217	334	260	97	171	77	225	83	230	214	143	235	230	78	119	231	226	235	250	302	286	60	189	246	330	68	203	163	317	165	253	110	269	141	28	313	0	235	61	315	|
|452	402	210	153	233	406	94	453	174	305	190	41	216	62	308	406	163	189	172	366	297	377	357	86	160	120	174	451	41	274	288	154	268	54	252	175	177	403	78	176	345	197	230	106	123	243	508	235	0	207	264	|
|254	210	215	297	278	199	184	328	242	248	220	198	345	244	101	210	81	164	102	288	162	190	195	183	54	110	171	280	197	191	241	230	62	155	280	332	33	264	147	261	147	273	55	220	145	88	308	61	207	0	253	|
|465	300	54	417	69	372	170	581	106	487	75	295	479	325	307	431	298	95	324	536	160	426	219	178	263	288	99	520	223	92	47	120	292	234	482	439	258	516	284	120	282	444	214	167	323	340	406	315	264	253	0	|

--------------------------------------------------------------------------------
Building model...
	using lazy and cut (CVRPSEP package)
Solving IRP LP...
--------------------------------------------------------------------------------

Gurobi 9.1.0 (linux64) logging started Sun Feb 14 09:13:50 2021

Gurobi Optimizer version 9.1.0 build v9.1.0rc0 (linux64)
Thread count: 32 physical cores, 32 logical processors, using up to 2 threads
Optimize a model with 1587 rows, 12588 columns and 28734 nonzeros
Model fingerprint: 0xee212852
Variable types: 654 continuous, 11934 integer (459 binary)
Coefficient statistics:
  Matrix range     [1e+00, 4e+03]
  Objective range  [1e-02, 6e+02]
  Bounds range     [1e+00, 3e+02]
  RHS range        [1e+00, 7e+03]
Presolve removed 472 rows and 665 columns
Presolve time: 0.18s
Presolved: 1115 rows, 11923 columns, 25802 nonzeros
Variable types: 396 continuous, 11527 integer (11060 binary)

Root relaxation: objective 3.386470e+03, 1212 iterations, 0.03 seconds

    Nodes    |    Current Node    |     Objective Bounds      |     Work
 Expl Unexpl |  Obj  Depth IntInf | Incumbent    BestBd   Gap | It/Node Time

     0     0 3386.47047    0  155          - 3386.47047      -     -    0s
     0     0 3671.64939    0  147          - 3671.64939      -     -    0s
     0     0 3671.71437    0  147          - 3671.71437      -     -    0s
     0     0 4284.27008    0  223          - 4284.27008      -     -    0s
     0     0 4383.12761    0  223          - 4383.12761      -     -    1s
     0     0 4385.39611    0  265          - 4385.39611      -     -    1s
     0     0 4385.71259    0  258          - 4385.71259      -     -    1s
     0     0 4508.73372    0  264          - 4508.73372      -     -    1s
     0     0 4522.96939    0  299          - 4522.96939      -     -    1s
     0     0 4529.30006    0  238          - 4529.30006      -     -    1s
     0     0 4530.06575    0  212          - 4530.06575      -     -    1s
     0     0 4595.04930    0  359          - 4595.04930      -     -    2s
     0     0 4604.55117    0  392          - 4604.55117      -     -    2s
     0     0 4612.56028    0  389          - 4612.56028      -     -    2s
     0     0 4613.39594    0  399          - 4613.39594      -     -    2s
     0     0 4650.06421    0  431          - 4650.06421      -     -    2s
     0     0 4654.18143    0  399          - 4654.18143      -     -    3s
     0     0 4656.47010    0  419          - 4656.47010      -     -    3s
     0     0 4657.00567    0  448          - 4657.00567      -     -    3s
     0     0 4668.14689    0  392          - 4668.14689      -     -    3s
     0     0 4670.70500    0  385          - 4670.70500      -     -    4s
     0     2 4679.46488    0  420          - 4679.46488      -     -    5s
    86    93 5140.61857   24  177          - 4705.70419      -   259   10s
   381   384 6624.66954  115   76          - 4705.70419      -   121   15s
   606   582 5707.97000  109    7          - 4709.01837      -   107   20s
   751   711 6390.44000  157  513          - 4709.01837      -  90.4   25s
   767   722 5131.58087   30  553          - 4744.39347      -  88.5   33s
   772   725 4871.59363   15  478          - 4748.93536      -  88.0   35s
   780   733 4755.61505   13  427          - 4752.73764      -   101   40s
   837   770 4903.15819   27  194          - 4779.36598      -   116   45s
   960   870 5224.88460   47  181          - 4779.36598      -   122   50s
  1179  1015 5410.62798   69  148          - 4779.36598      -   110   55s
  1271  1036 5569.45278   88  137          - 4779.36598      -   108   60s
  1404  1121 6941.95697  148   28          - 4786.22791      -   105   65s
  1461  1127 5050.36247   21  501          - 4786.22791      -   110   70s
  1492  1146 5180.74636   24  372          - 4786.22791      -   116   75s
  1524  1172 5199.88050   29  390          - 4786.22791      -   121   80s
  1579  1210 5458.85450   38  371          - 4786.22791      -   125   85s
  1650  1263 5740.69596   51  236          - 4786.22791      -   128   91s
  1734  1331 5909.27787   70   95          - 4786.22791      -   130   96s
  1850  1443 6278.25983   89   65          - 4786.22791      -   130  101s
  1924  1502 6510.41576  105   47          - 4786.22791      -   128  105s
  2147  1741 7186.23667  145   33          - 4786.22791      -   120  110s
  2687  1939 8243.93000  183   10          - 4799.64017      -   101  117s
  2901  1935 4968.47595   16  406          - 4799.78449      -  95.9  120s
  2939  1960 5114.93262   26  365          - 4799.78449      -   100  125s
  2954  1973 5203.10490   28  310          - 4799.78449      -   102  130s
  3024  2055 5291.80141   42  256          - 4799.78449      -   105  136s
  3081  2110 5507.08343   52  139          - 4799.78449      -   106  140s
  3169  2211 5626.46647   68  150          - 4799.78449      -   108  145s
  3272  2278 5538.84801   66   77          - 4799.78449      -   110  150s
  3353  2414 6290.38138   94  124          - 4799.78449      -   110  155s
  3494  2635 6675.80884  115   64          - 4799.78449      -   110  160s
  3666  2793 6914.18414  160   11          - 4813.45175      -   108  165s
  3944  2994 5049.53955   22  396          - 4813.45175      -   105  171s
  4079  3151 5059.03563   26  346          - 4813.45175      -   103  175s
  4262  3215 5205.40608   44  168          - 4813.45175      -   102  182s
  4290  3257 5340.19322   51  178          - 4813.45175      -   103  185s
  4374  3404 5707.74000   75   42          - 4813.45175      -   105  192s
  4479  3424 6250.48034  111   50          - 4822.44399      -   104  196s
  4555  3496 5109.49194   30  257          - 4822.44399      -   106  202s
  4585  3537 5346.35454   34  235          - 4822.44399      -   107  205s
  4661  3608 5385.46221   64   99          - 4822.44399      -   108  210s
  4828  3905 5726.57252   84   64          - 4822.44399      -   108  221s
  5010  4128 5836.43000   94   14          - 4822.47042      -   107  227s
  5399  4244 4916.00980   20  324          - 4823.55893      -   102  232s
  5433  4292 5058.47441   26  232          - 4823.55893      -   103  237s
  5481  4348 5160.96768   32  227          - 4823.55893      -   103  254s
  5537  4376 5354.11220   39  233          - 4823.55893      -   105  258s
  5581  4393 infeasible   46               - 4830.85712      -   106  262s
  5608  4426 5200.77025   22  475          - 4830.85712      -   107  266s
  5641  4473 5123.00958   21  545          - 4830.85712      -   108  271s
  5690  4581 5428.82617   25  436          - 4830.85712      -   109  277s
  5842  4639 5418.46976   37  358          - 4830.85712      -   108  281s
  5880  4690 5439.13563   49  216          - 4830.85712      -   109  287s
  5931  4749 5645.23381   56  199          - 4830.85712      -   110  292s
  5990  4830 5797.32145   66  130          - 4830.85712      -   111  297s
  6071  5067 5808.23241   80  157          - 4830.85712      -   112  303s
  6272  5070 6204.08031  115   14          - 4830.85712      -   110  305s
  6362  5251 6378.42076  104   82          - 4830.85712      -   109  310s
  6537  5451 6900.70286  136   68          - 4838.74166      -   108  329s
  6724  5497 8298.67000  186    6          - 4838.74166      -   106  330s
  6951  5621 5059.29180   22  290          - 4838.74166      -   104  336s
  7010  5737 5149.99863   28  330          - 4838.74166      -   104  342s
  7192  5806 5183.19626   35  162          - 4838.74166      -   103  347s
  7229  5891 5262.72422   48  147          - 4838.74166      -   104  354s
  7303  5891 5379.29662   39  151          - 4838.74166      -   105  355s
  7314  6137 5431.81765   65  106          - 4838.74166      -   106  379s
  7416  6137 5895.34000   97   14          - 4838.74166      -   105  380s
  7604  6478 6210.97000  112    6          - 4841.26680      -   104  390s
  8059  6650 4953.69430   20  497          - 4841.26680      -   101  399s
  8069  6650 6357.79778  106   57          - 4841.26680      -   102  400s
  8207  6702 5028.82808   24  385          - 4841.26680      -   102  406s
  8240  6753 5251.20827   33  284          - 4841.26680      -   103  413s
  8291  6843 5342.38756   41  278          - 4841.26680      -   104  420s
  8381  7000 5574.71222   51  238          - 4841.26680      -   105  427s
  8570  7267 5714.29433   76  154          - 4841.26680      -   105  435s
  8825  7585 6640.02000  140   16          - 4848.06298      -   105  445s
  9280  7677 5269.70905   24  329          - 4848.84512      -   101  453s
  9305  7730 5528.76019   31  310          - 4848.84512      -   103  460s
  9358  7805 5743.36019   45  224          - 4848.84512      -   104  467s
  9433  7947 5948.29278   64  132          - 4848.84512      -   105  476s
  9609  8026 5136.29795   23  428          - 4849.06998      -   105  484s
  9653  8026 5697.20289   60  191          - 4849.06998      -   106  485s
  9672  8125 5194.41038   35  279          - 4849.06998      -   106  491s
  9771  8275 5392.52686   51  240          - 4849.06998      -   107  499s
  9837  8275 6276.84523   98  174          - 4849.06998      -   107  500s
  9921  8394 5666.19407   77  162          - 4849.06998      -   107  507s
 10074  8513 5988.81805  111  112          - 4854.33430      -   107  516s
 10235  8584 4948.11272   31  348          - 4854.43443      -   107  523s
 10285  8644 5098.93974   40  267          - 4854.43443      -   108  530s
 10345  8711 5255.42456   55  228          - 4854.43443      -   109  538s
 10412  8794 5684.02141   69  267          - 4854.43443      -   110  545s
 10495  8981 5858.05855   86   88          - 4854.43443      -   111  552s
 10682  9279 6325.89137  128   32          - 4854.76311      -   111  562s
 11052  9516 5034.84135   26  284          - 4854.76311      -   110  572s
 11274  9558 5143.47220   40  295          - 4854.76311      -   110  580s
 11340  9612 5385.19510   51  217          - 4854.76311      -   111  587s
 11388  9696 5336.96689   67  235          - 4854.76311      -   112  595s
 11472  9885 5684.86255   90  110          - 4854.76311      -   113  603s
 11665 10095 6522.65359  136   92          - 4855.40942      -   113  615s
 11951 10170 5039.60159   20  524          - 4855.40942      -   112  624s
 11987 10232 5145.16358   29  327          - 4855.40942      -   113  631s
 12049 10330 5315.51332   37  176          - 4855.40942      -   114  638s
 12147 10535 5679.51501   60   82          - 4855.40942      -   115  647s
 12352 10864 6146.52204  107   79          - 4856.47417      -   115  659s
 12488 10864 6716.65997  139   40          - 4856.47417      -   114  660s
 12761 11078 5014.69171   20  464          - 4856.47417      -   113  670s
 12959 11219 5446.69649   28  326          - 4856.47417      -   113  680s
 13209 11339 5615.72356   44  149          - 4856.47417      -   112  689s
 13269 11485 5744.59300   63   78          - 4856.47417      -   113  698s
 13419 11632 6319.17921   94   27          - 4859.49828      -   113  707s
 13648 11718 4949.27140   26  436          - 4859.49828      -   112  716s
 13693 11793 5051.47987   35  365          - 4859.49828      -   113  751s
 13768 11854 5243.24593   46  268          - 4859.49828      -   114  760s
 13829 12000 5390.41000   58   10          - 4859.49828      -   115  769s
 13975 12481 5896.10771   79   24          - 4859.57213      -   115  783s
 14196 12512 7194.49000  152    6          - 4859.57213      -   114  785s
 14698 12659 5063.06181   24  354          - 4860.29627      -   112  794s
 14728 12659 5295.89170   25  381          - 4860.29627      -   112  795s
 14755 12764 5229.32020   41  229          - 4860.29627      -   112  803s
 14860 13033 5528.09530   62  119          - 4860.30739      -   113  812s
 15235 13151 5163.25106   23  369          - 4860.75705      -   112  825s
 15301 13280 5236.70016   35  279          - 4860.75705      -   112  833s
 15430 13528 5528.62602   54  103          - 4860.75705      -   113  843s
 15725 13553 6920.13000  139    -          - 4860.75705      -   112  845s
 15736 13602 6098.18610   97   47          - 4860.92316      -   112  853s
 15814 13679 5278.29304   22  333          - 4860.92316      -   112  862s
 15875 13815 5450.02965   33  295          - 4860.92316      -   113  871s
 16015 14032 5919.54460   56  162          - 4860.94621      -   113  881s
 16302 14135 5149.33150   22  340          - 4861.02578      -   113  891s
 16369 14261 5496.28548   38  234          - 4861.02578      -   113  900s
 16495 14719 5780.66588   63   71          - 4861.02578      -   114  914s
 16614 14720 6183.59000  105   15          - 4861.02578      -   113  915s
 17035 14849 6356.92471  101   55          - 4861.25271      -   112  925s
 17203 14916 5017.79955   23  497          - 4861.25271      -   111  935s
 17231 14954 5159.30690   30  388          - 4861.25271      -   112  942s
 17269 15005 5255.11319   39  301          - 4861.25271      -   113  950s
 17320 15088 5531.86212   53  202          - 4861.25271      -   114  958s
 17403 15287 5799.23993   73   38          - 4861.25271      -   114  969s
 17556 15299 6591.23462  127   16          - 4861.25271      -   114  970s
 17656 15537 6403.02067  114   79          - 4861.36286      -   114  981s
 18011 15632 5172.38075   23  438          - 4871.55452      -   113  991s
 18044 15692 5459.19208   34  156          - 4871.55452      -   113  999s
 18082 15692 5041.82508   30  424          - 4871.55452      -   114 1000s
 18104 15755 5601.01825   52  180          - 4871.55452      -   114 1007s
 18167 15911 5836.77079   67   76          - 4871.55452      -   115 1018s
 18327 16077 6058.02000   98    -          - 4874.33222      -   115 1027s
 18545 16166 5092.50776   24  458          - 4874.33222      -   115 1037s
 18623 16219 5193.49021   27  285          - 4874.33222      -   115 1049s
 18670 16269 5350.11684   36  262          - 4874.33222      -   116 1058s
 18720 16383 5436.79927   42  244          - 4874.33222      -   116 1068s
 18846 16527 5674.48797   53  194          - 4874.33222      -   117 1078s
 19074 16662 6181.03735   96   15          - 4877.37690      -   116 1088s
 19204 16714 5297.29667   27  283          - 4877.37690      -   117 1097s
 19244 16789 5387.51097   35  215          - 4877.37690      -   117 1106s
 19319 16910 5617.77747   55  175          - 4877.37690      -   118 1115s
 19440 17196 5986.21999   84   35          - 4877.87423      -   118 1137s
 19797 17232 7066.82000  121    -          - 4878.69228      -   117 1140s
 19806 17308 5216.32625   26  302          - 4878.69228      -   117 1147s
 19878 17417 5568.15022   40  215          - 4879.17420      -   118 1157s
 20013 17522 4949.09239   21  425          - 4879.17420      -   118 1167s
 20172 17583 5132.12140   30  324          - 4879.17420      -   118 1176s
 20206 17652 5389.03534   35  179          - 4879.17420      -   119 1185s
 20275 17885 5491.49687   51  136          - 4879.17420      -   119 1196s
 20552 18119 6466.61263   95   26          - 4879.17420      -   119 1269s
 20569 18119 7658.33814  140   34          - 4879.17420      -   119 1271s
 20778 18248 8256.25000  156    -          - 4881.95884      -   119 1281s
 20938 18281 6572.67972  126   32          - 4882.72371      -   119 1286s
 21018 18356 5426.78638   29  413          - 4882.72371      -   118 1295s
 21068 18414 5552.63367   42  199          - 4882.72371      -   119 1304s
 21128 18493 5609.70291   51  202          - 4882.72371      -   120 1314s
 21227 18726 5736.76000   70   53          - 4882.72371      -   120 1328s
 21499 18778 6828.56000  165    3          - 4882.72371      -   119 1330s
 21620 18854 5876.45875   73   71          - 4887.28872      -   119 1341s
 21876 19054 5087.24634   22  412          - 4887.28872      -   118 1351s
 21974 19248 5201.27193   27  301          - 4887.28872      -   119 1362s
 21999 19248 5901.66156   82   66          - 4887.28872      -   119 1368s
 22238 19316 5417.49562   37  273          - 4887.28872      -   119 1377s
 22275 19369 5475.69851   40  223          - 4887.28872      -   119 1386s
 22328 19470 5603.14711   51  115          - 4887.28872      -   120 1396s
 22429 19660 5884.09720   71   40          - 4887.87700      -   120 1411s
 22709 19820 4990.45829   26  514          - 4887.87700      -   120 1422s
 22824 19986 5157.40189   32  410          - 4887.87700      -   120 1433s
 23032 20088 5186.38608   37  359          - 4887.87700      -   120 1445s
 23113 20279 5345.84833   42  171          - 4887.87700      -   120 1457s
 23394 20398 5621.03020   57  149          - 4887.87700      -   120 1467s
 23468 20573 5829.80930   84  110          - 4891.08174      -   120 1477s
 23675 20668 5261.88521   28  313          - 4891.08174      -   120 1492s
 23754 20766 5497.82642   59   54          - 4891.10843      -   121 1502s
 23880 20856 5106.00460   21  356          - 4891.10843      -   121 1511s
 23956 21135 5186.68246   25  425          - 4891.10843      -   122 1530s
 24257 21252 5303.36762   35  149          - 4891.10843      -   121 1541s
 24421 21332 5441.73951   45  244          - 4891.10843      -   121 1551s
 24472 21490 5558.76442   69   34          - 4891.10843      -   122 1560s
 24652 21637 6108.12396   91  124          - 4894.78238      -   122 1571s
 24872 21712 5177.63521   25  372          - 4894.78238      -   122 1582s
 24922 21809 5206.01597   29  322          - 4894.78238      -   122 1591s
 25025 21933 5428.08887   37  235          - 4894.78238      -   123 1603s
 25220 22040 5570.73473   45  166          - 4894.78238      -   123 1612s
 25290 22161 5885.28887   73   99          - 4897.32534      -   123 1622s
 25461 22214 5031.25942   26  431          - 4897.32534      -   123 1632s
 25494 22248 5107.93466   32  455          - 4897.32534      -   124 1641s
 25528 22364 5165.25748   35  312          - 4897.32534      -   124 1651s
 25666 22613 5436.17458   52  159          - 4897.32534      -   124 1664s
 25683 22613 5512.01534   59  120          - 4897.32534      -   125 1665s
 25982 22776 6143.63000   91   26          - 4899.41519      -   124 1676s
 26195 22847 5151.56934   32  247          - 4899.41519      -   124 1686s
 26223 22880 5337.48199   38  203          - 4899.41519      -   125 1703s
 26256 22919 5363.69824   49  322          - 4899.41519      -   125 1712s
 26295 22975 5475.41622   57   80          - 4899.41519      -   125 1721s
 26351 23125 5665.16500   80   11          - 4899.48650      -   126 1731s
 26547 23213 5139.56426   27  304          - 4899.48650      -   126 1740s
 26612 23301 5409.23675   40  204          - 4901.67128      -   127 1750s
 26710 23442 5192.87146   30  254          - 4901.67128      -   127 1759s
 26855 23603 5652.18718   49  183          - 4905.40795      -   127 1770s
 27065 23656 5037.58533   27  328          - 4905.41762      -   127 1779s
 27090 23656 5194.61659   32  473          - 4905.41762      -   127 1780s
 27102 23710 5290.40779   37  226          - 4905.41762      -   127 1788s
 27156 23780 5648.49793   53  130          - 4905.41762      -   128 1800s
 27226 23890 5989.48381   76  128          - 4905.53074      -   128 1810s
 27372 24032 5115.32129   29  387          - 4905.53074      -   128 1821s
 27581 24104 5319.52176   39  349          - 4905.53074      -   128 1831s
 27613 24147 5398.79506   44  311          - 4905.53074      -   129 1840s
 27656 24203 5502.59648   48  199          - 4905.53074      -   129 1850s
 27712 24268 5621.67654   56  213          - 4905.53074      -   130 1859s
 27729 24268 5640.11136   56  169          - 4905.53074      -   130 1860s
 27777 24390 5645.62106   63  145          - 4905.53074      -   130 1870s
 27899 24728 6056.05916   88  106          - 4905.53074      -   130 1884s
 28035 24729 6404.66250  122   10          - 4905.53074      -   130 1885s
 28335 24921 6602.20061  120   43          - 4906.18675      -   129 1895s
 28515 25025 5113.92147   29  498          - 4906.18675      -   129 1908s
 28631 25155 5248.50897   38  372          - 4906.18675      -   129 1919s
 28841 25309 5398.67564   42  319          - 4906.18675      -   129 1932s
 28968 25409 5502.68796   47  242          - 4906.18675      -   129 1943s
 29112 25487 5685.81585   59  280          - 4906.18675      -   129 1954s
 29164 25567 5971.11267   76  133          - 4906.18675      -   130 1963s
 29244 25747 6243.31228  102   91          - 4908.73188      -   130 1975s
 29460 25877 5077.00184   23  359          - 4908.73188      -   130 1986s
 29586 26135 5298.65453   39  235          - 4908.73188      -   130 1999s
 29625 26135 6572.04528   90  114          - 4908.73188      -   130 2000s
 29995 26331 5390.12223   59  138          - 4908.73188      -   129 2012s
 30119 26385 5902.47692   89   40          - 4910.47084      -   129 2022s
 30195 26450 5343.37856   30  245          - 4910.47084      -   130 2032s
 30249 26533 5614.35144   42   86          - 4910.47084      -   130 2043s
 30334 26655 5852.43630   69   69          - 4912.24065      -   130 2057s
 30529 26769 5315.02753   31  529          - 4912.24065      -   130 2068s
 30606 26986 5515.28889   39  339          - 4912.24065      -   131 2082s
 30873 27040 5564.65051   43  336          - 4912.24065      -   130 2093s
 30902 27070 5721.97220   47  361          - 4912.24065      -   131 2103s
 30932 27108 5689.87493   55  316          - 4912.24065      -   131 2113s
 30970 27179 5834.36154   63  181          - 4912.24065      -   131 2124s
 31041 27298 5982.02931   87   56          - 4912.24065      -   132 2135s
 31164 27472 6308.64808  107   38          - 4912.39358      -   132 2146s
 31400 27584 5273.89093   25  498          - 4912.39358      -   132 2159s
 31480 27833 5351.91087   29  494          - 4912.39358      -   132 2175s
 31837 27954 5529.45914   38  334          - 4912.39358      -   131 2187s
 31904 28131 5823.00051   55   85          - 4912.39358      -   131 2199s
 32043 28134 5423.51582   59  107          - 4912.39358      -   131 2200s
 32087 28309 6188.12228   96    9          - 4915.52482      -   131 2212s
 32406 28444 5052.47317   23  499          - 4915.73544      -   130 2224s
 32514 28612 5052.03815   26  512          - 4915.73544      -   131 2240s
 32780 28710 5136.94375   34  405          - 4915.73544      -   130 2251s
 32818 28776 5278.02552   43  236          - 4915.73544      -   130 2261s
 32884 28910 5476.66581   57   76          - 4915.73544      -   131 2273s
 33018 29064 5831.00670  104   98          - 4916.07573      -   131 2285s
 33272 29225 5332.79827   35  227          - 4917.51110      -   131 2298s
 33384 29337 5689.17589   64  105          - 4917.58586      -   131 2311s
 33544 29378 5106.53757   26  514          - 4917.78158      -   131 2320s
 33572 29410 5235.88265   31  392          - 4917.78158      -   131 2330s
 33604 29455 5447.16223   37  415          - 4917.78158      -   131 2341s
 33649 29539 5545.55105   44  193          - 4917.78158      -   132 2351s
 33733 29715 5784.73570   65  149          - 4919.15550      -   132 2362s
 33943 29854 5105.10604   22  501          - 4919.15550      -   132 2373s
 34089 29922 5217.34223   26  373          - 4919.15550      -   132 2384s
 34146 30017 5433.28309   39  154          - 4919.15550      -   132 2395s
 34251 30140 5664.79676   63   80          - 4921.15123      -   133 2407s
 34416 30197 5232.17962   25  295          - 4922.28382      -   133 2417s
 34466 30259 5407.86931   37  249          - 4922.28382      -   133 2428s
 34528 30318 5627.43578   42  210          - 4922.28382      -   133 2438s
 34597 30356 5933.01107   44  201          - 4924.36437      -   134 2449s
 34677 30396 5119.96245   23  501          - 4924.36437      -   134 2461s
 34717 30458 5251.63490   30  354          - 4924.36437      -   134 2472s
 34779 30559 5388.36003   37  292          - 4924.36437      -   134 2483s
 34880 30783 5566.87735   54  157          - 4924.44293      -   135 2497s
 35142 31148 5225.04651   19  492          - 4924.44293      -   134 2514s
 35762 31412 5433.67748   26  505          - 4924.44293      -   133 2529s
 35930 31523 5632.97967   39  381          - 4924.44293      -   133 2541s
 36021 31686 5789.95496   55  189          - 4924.44293      -   133 2554s
 36152 31705 6335.30880  115   20          - 4924.44293      -   133 2557s
 36292 31831 5952.74897   66   55          - 4924.44293      -   132 2569s
 36383 32014 6025.18328   86  102          - 4924.44293      -   133 2583s
 36628 32117 6370.61217   94  225          - 4924.44293      -   132 2595s
 36700 32281 6673.75309  137   57          - 4927.26665      -   133 2609s
 36751 32281 6869.91601  160   27          - 4927.26665      -   133 2610s
 36947 32347 5209.91229   21  478          - 4927.26665      -   132 2622s
 36978 32404 5362.46745   26  477          - 4927.26665      -   133 2633s
 37035 32481 5353.42295   38  236          - 4927.26665      -   133 2645s
 37112 32631 5405.84296   45  278          - 4927.26665      -   133 2658s
 37262 32744 5501.64690   52  182          - 4927.26665      -   133 2821s
 37387 32926 5640.55394   63  184          - 4927.26665      -   133 2835s
 37653 33037 6222.96000   93    -          - 4927.81308      -   133 2848s
 37775 33099 5076.99592   27  418          - 4927.81308      -   133 2859s
 37810 33148 5201.48076   34  308          - 4927.81308      -   133 2872s
 37859 33220 5419.05541   42  249          - 4927.81308      -   134 2883s
 37931 33390 5555.09038   51  134          - 4927.81308      -   134 2895s
 38101 33641 5908.48724   81   78          - 4929.23148      -   134 2914s
 38273 33668 7016.91000  138    6          - 4929.23148      -   133 2915s
 38550 33757 5169.49670   34  522          - 4929.42814      -   133 2926s
 38571 33785 5156.12319   38  364          - 4929.42814      -   133 2936s
 38599 33810 5294.77156   43  332          - 4929.42814      -   134 2946s
 38624 33857 5400.34664   49  333          - 4929.42814      -   134 2957s
 38671 33929 5422.84416   59  149          - 4929.42814      -   134 2969s
 38692 33929 5550.15009   69  221          - 4929.42814      -   134 2970s
 38743 34069 5597.52364   75  197          - 4929.42814      -   134 2981s
 38895 34265 6017.68732  102   55          - 4930.21626      -   135 2995s
 39159 34352 5191.77723   25  580          - 4931.01166      -   134 3008s
 39209 34468 5248.21062   32  536          - 4931.01166      -   135 3022s
 39337 34588 5510.88770   42  261          - 4931.01166      -   135 3036s
 39537 34843 5895.44854   57  162          - 4931.01166      -   135 3050s
 39799 35036 6814.19523   98   93          - 4933.38227      -   134 3065s
 40079 35162 5159.53312   37  400          - 4934.48336      -   134 3079s
 40149 35325 5319.08348   42  366          - 4934.48336      -   134 3093s
