




arguments: ./build/bc_mirp -f ./input/orig_exec_24.cfg
Current dir: /scratch/gui/bc_mirp
File verbosity level: 9
date       time         ( uptime  ) [ thread name/id ]                   file:line     v| 
2021-02-06 16:23:23.906 (   0.449s) [main thread     ]             loguru.cpp:789   INFO| Logging to './output/vi_vc+lex_quarter/OU/V3/Original/execution_06_02_2021_16_23_23.log', mode: 'a', verbosity: 9
--------------------------------------------------------------------------------
Parameters
                           instance_path           ./input/Instances/Original/1/
                            model_policy                                       1
                             nb_vehicles                                       3
                              output_dir./output/vi_vc+lex_quarter/OU/V3/Original/
                            sec_strategy                                       1
                       solver_nb_threads                                       2
                         solver_show_log                                    true
                       solver_time_limit                                    3600
                              use_vi_cos                                   false
                              use_vi_cus                                   false
                         use_vi_hc1_full                                   false
                         use_vi_hc1_half                                   false
                      use_vi_hc1_quarter                                   false
                              use_vi_hc2                                   false
                              use_vi_hc3                                   false
                         use_vi_lex_full                                   false
                         use_vi_lex_half                                   false
                      use_vi_lex_quarter                                    true
                              use_vi_qua                                   false
                               use_vi_vc                                    true
                               use_vi_vr                                   false
--------------------------------------------------------------------------------
executing instance: ./input/Instances/Original/1/absH3high_1n5.dat
--------------------------------------------------------------------------------
Instance details
n	6
H	3
C	289
Li:
[0, 0, 0, 0, 0, 0, ]
Ui:
[0, 195, 105, 116, 72, 22, ]
Distance matrix:
|0	85	349	17	203	289	|
|85	0	265	102	214	226	|
|349	265	0	366	368	238	|
|17	102	366	0	207	302	|
|203	214	368	207	0	431	|
|289	226	238	302	431	0	|

--------------------------------------------------------------------------------
Building model...
	using lazy and cut (CVRPSEP package)
Solving IRP LP...
--------------------------------------------------------------------------------

Gurobi 9.1.0 (linux64) logging started Sat Feb  6 16:23:24 2021

Gurobi Optimizer version 9.1.0 build v9.1.0rc0 (linux64)
Thread count: 32 physical cores, 32 logical processors, using up to 2 threads
Optimize a model with 192 rows, 258 columns and 882 nonzeros
Model fingerprint: 0x2070db8d
Variable types: 69 continuous, 189 integer (54 binary)
Coefficient statistics:
  Matrix range     [1e+00, 2e+02]
  Objective range  [2e-01, 4e+02]
  Bounds range     [1e+00, 2e+02]
  RHS range        [1e+00, 5e+02]
Presolve removed 77 rows and 58 columns
Presolve time: 0.02s
Presolved: 115 rows, 200 columns, 578 nonzeros
Variable types: 26 continuous, 174 integer (123 binary)
Found heuristic solution: objective 4041.3900000
Found heuristic solution: objective 3063.0300000

Root relaxation: objective 1.846478e+03, 143 iterations, 0.00 seconds

    Nodes    |    Current Node    |     Objective Bounds      |     Work
 Expl Unexpl |  Obj  Depth IntInf | Incumbent    BestBd   Gap | It/Node Time

     0     0 1846.47848    0   22 3063.03000 1846.47848  39.7%     -    0s
H    0     0                    2523.7700000 1846.47848  26.8%     -    0s
     0     0 2032.10466    0   28 2523.77000 2032.10466  19.5%     -    0s
     0     0 2276.23669    0   58 2523.77000 2276.23669  9.81%     -    0s
     0     0 2276.74409    0   54 2523.77000 2276.74409  9.79%     -    0s
     0     0 2303.87567    0   58 2523.77000 2303.87567  8.71%     -    0s
     0     0 2311.76636    0   65 2523.77000 2311.76636  8.40%     -    0s
     0     0 2313.92578    0   65 2523.77000 2313.92578  8.31%     -    0s
     0     0 2314.02563    0   63 2523.77000 2314.02563  8.31%     -    0s
     0     0 2336.42152    0   38 2523.77000 2336.42152  7.42%     -    0s
H    0     0                    2488.0300000 2336.42152  6.09%     -    0s
     0     0 2346.69706    0   28 2488.03000 2346.69706  5.68%     -    0s
H    0     0                    2486.3500000 2346.69706  5.62%     -    0s
     0     0 2346.69706    0   28 2486.35000 2346.69706  5.62%     -    0s
     0     0 2346.69706    0   28 2486.35000 2346.69706  5.62%     -    0s
     0     0 2403.08027    0   24 2486.35000 2403.08027  3.35%     -    0s
     0     0 2403.08027    0   24 2486.35000 2403.08027  3.35%     -    0s
H    0     0                    2414.0300000 2403.08027  0.45%     -    0s

Cutting planes:
  Cover: 30
  Implied bound: 12
  Clique: 2
  MIR: 8
  Flow cover: 14
  RLT: 21
  Relax-and-lift: 5

Explored 1 nodes (480 simplex iterations) in 0.13 seconds
Thread count was 2 (of 32 available processors)

Solution count 6: 2414.03 2486.35 2488.03 ... 4041.39

Optimal solution found (tolerance 1.00e-04)
Best objective 2.414030000000e+03, best bound 2.414030000000e+03, gap 0.0000%

User-callback calls 220, time in user-callback 0.00 sec
================================================================================
executing instance: ./input/Instances/Original/1/absH3high_1n45.dat
--------------------------------------------------------------------------------
Instance details
n	46
H	3
C	3462
Li:
[0, 0, 0, 0, 0, 0, 0, 0, 0, 0, 0, 0, 0, 0, 0, 0, 0, 0, 0, 0, 0, 0, 0, 0, 0, 0, 0, 0, 0, 0, 0, 0, 0, 0, 0, 0, 0, 0, 0, 0, 0, 0, 0, 0, 0, 0, ]
Ui:
[0, 273, 270, 36, 165, 192, 148, 45, 30, 75, 180, 198, 112, 117, 90, 64, 180, 22, 264, 174, 168, 270, 86, 66, 26, 66, 237, 156, 92, 108, 144, 72, 30, 45, 94, 54, 174, 96, 198, 136, 44, 180, 210, 249, 198, 48, ]
Distance matrix:
|0	281	201	160	249	201	93	431	236	139	252	136	116	166	390	110	349	374	303	180	327	464	236	70	44	461	346	439	363	254	312	426	305	206	71	137	169	200	247	260	20	219	256	253	460	278	|
|281	0	448	170	53	142	338	184	121	290	371	390	222	302	111	289	169	434	230	177	238	441	59	212	319	211	86	235	399	306	53	176	99	202	263	157	361	101	370	201	264	344	364	374	469	184	|
|201	448	0	285	430	325	114	556	361	171	191	64	228	174	546	294	453	306	364	289	388	435	393	254	157	585	491	536	318	254	490	554	436	407	266	292	108	388	186	337	207	181	205	190	408	364	|
|160	170	285	0	169	43	182	280	80	120	208	231	58	132	262	230	190	294	151	24	174	345	112	107	183	309	207	280	268	158	219	276	155	235	187	45	192	150	205	107	140	177	202	210	356	119	|
|249	53	430	169	0	152	317	238	145	282	377	369	212	299	157	242	215	452	261	183	273	474	76	181	290	264	140	287	421	320	63	229	145	148	221	142	352	53	374	226	234	346	370	378	498	215	|
|201	142	325	43	152	0	224	237	37	156	230	273	101	164	224	261	148	300	127	38	147	333	83	142	225	266	167	238	270	168	193	233	112	246	221	70	228	148	228	84	180	202	222	232	351	87	|
|93	338	114	182	317	224	0	460	262	92	180	52	124	112	440	199	364	307	292	191	317	415	284	140	57	490	387	452	304	208	377	457	336	297	163	181	84	274	175	256	95	152	188	180	402	280	|
|431	184	556	280	238	237	460	0	199	385	420	508	337	385	108	464	110	429	219	269	206	378	202	365	460	30	98	84	388	340	204	9	126	386	432	294	453	283	421	226	411	404	408	423	422	198	|
|236	121	361	80	145	37	262	199	0	191	255	310	138	197	191	290	114	312	118	72	133	330	69	175	262	229	132	204	279	186	174	195	75	258	251	102	262	153	254	81	216	230	246	257	353	72	|
|139	290	171	120	282	156	92	385	191	0	116	129	71	27	380	246	283	235	201	119	226	329	231	141	129	414	323	367	224	119	336	383	266	308	202	141	72	252	112	169	127	82	118	117	322	195	|
|252	371	191	208	377	230	180	420	255	116	0	187	178	90	443	361	311	127	204	195	224	246	313	257	232	446	382	380	129	81	423	421	320	422	318	242	100	355	5	195	241	34	15	2	225	224	|
|136	390	64	231	369	273	52	508	310	129	187	0	173	141	491	233	409	313	330	239	355	431	335	191	93	538	438	495	316	233	429	505	385	342	203	233	88	325	182	297	143	167	199	187	412	323	|
|116	222	228	58	212	101	124	337	138	71	178	173	0	91	319	206	244	284	187	69	212	357	165	85	130	367	265	333	264	151	267	333	213	244	161	70	140	181	175	145	97	145	177	180	359	165	|
|166	302	174	132	299	164	112	385	197	27	90	141	91	0	388	273	280	208	191	127	215	305	243	167	153	413	329	361	198	96	351	383	270	333	229	159	68	272	86	163	153	56	92	91	296	190	|
|390	111	546	262	157	224	440	108	191	380	443	491	319	388	0	399	164	480	264	261	261	456	156	320	426	125	62	186	442	369	107	99	125	300	374	260	452	210	443	252	372	420	433	446	494	227	|
|110	289	294	230	242	261	199	464	290	246	361	233	206	273	399	0	402	480	382	254	404	562	262	124	143	493	369	490	466	355	302	457	344	135	45	191	279	189	356	337	120	328	364	362	563	348	|
|349	169	453	190	215	148	364	110	114	283	311	409	244	280	164	402	0	324	110	174	101	292	151	289	372	135	109	90	284	230	212	111	70	354	364	216	348	245	312	118	329	295	298	313	330	90	|
|374	434	306	294	452	300	307	429	312	235	127	313	284	208	480	480	324	0	216	274	223	137	380	368	357	448	419	367	40	136	487	432	358	525	436	336	227	443	132	234	361	156	119	127	102	255	|
|303	230	364	151	261	127	292	219	118	201	204	330	187	191	264	382	110	216	0	128	25	213	185	258	314	243	203	176	178	123	282	221	144	372	338	193	256	270	206	45	283	193	191	206	239	46	|
|180	177	289	24	183	38	191	269	72	119	195	239	69	127	261	254	174	274	128	0	151	321	118	130	198	299	204	263	246	139	228	266	147	258	211	68	191	169	193	83	159	166	188	197	333	98	|
|327	238	388	174	273	147	317	206	133	226	224	355	212	215	261	404	101	223	25	151	0	203	198	281	339	228	202	156	184	143	288	209	146	390	362	215	280	286	226	68	308	215	210	226	235	61	|
|464	441	435	345	474	333	415	378	330	329	246	431	357	305	456	562	292	137	213	321	203	0	398	440	458	390	400	301	117	211	492	384	348	578	517	389	344	480	251	251	448	265	233	246	54	259	|
|236	59	393	112	76	83	284	202	69	231	313	335	165	243	156	262	151	380	185	118	198	398	0	167	270	231	110	233	347	250	110	195	85	203	230	103	303	95	311	150	217	284	305	315	422	139	|
|70	212	254	107	181	142	140	365	175	141	257	191	85	167	320	124	289	368	258	130	281	440	167	0	109	394	277	378	349	236	244	359	239	167	81	73	196	135	253	213	53	223	257	258	444	226	|
|44	319	157	183	290	225	57	460	262	129	232	93	130	153	426	143	372	357	314	198	339	458	270	109	0	490	379	462	351	247	353	456	334	250	110	168	140	243	226	274	56	201	238	232	449	294	|
|461	211	585	309	264	266	490	30	229	414	446	538	367	413	125	493	135	448	243	299	228	390	231	394	490	0	125	89	408	365	226	36	156	412	462	324	481	311	447	253	441	430	433	448	436	225	|
|346	86	491	207	140	167	387	98	132	323	382	438	265	329	62	369	109	419	203	204	202	400	110	277	379	125	0	155	381	307	113	90	63	288	339	211	394	186	382	190	327	359	371	384	436	165	|
|439	235	536	280	287	238	452	84	204	367	380	495	333	361	186	490	90	367	176	263	156	301	233	378	462	89	155	0	326	299	267	92	148	432	454	306	429	325	382	199	419	369	366	382	348	172	|
|363	399	318	268	421	270	304	388	279	224	129	316	264	198	442	466	284	40	178	246	184	117	347	349	351	408	381	326	0	113	452	391	321	502	422	311	229	415	134	199	348	152	118	130	98	219	|
|254	306	254	158	320	168	208	340	186	119	81	233	151	96	369	355	230	136	123	139	143	211	250	236	247	365	307	299	113	0	359	340	244	390	310	200	148	308	83	117	238	74	68	83	208	145	|
|312	53	490	219	63	193	377	204	174	336	423	429	267	351	107	302	212	487	282	228	288	492	110	244	353	226	113	267	452	359	0	195	145	194	283	199	407	115	421	254	296	394	415	425	521	237	|
|426	176	554	276	229	233	457	9	195	383	421	505	333	383	99	457	111	432	221	266	209	384	195	359	456	36	90	92	391	340	195	0	122	378	426	289	451	275	421	226	406	404	408	423	427	197	|
|305	99	436	155	145	112	336	126	75	266	320	385	213	270	125	344	70	358	144	147	146	348	85	239	334	156	63	148	321	244	145	122	0	286	310	168	336	177	320	128	285	298	309	322	381	103	|
|206	202	407	235	148	246	297	386	258	308	422	342	244	333	300	135	354	525	372	258	390	578	203	167	250	412	288	432	502	390	194	378	286	0	144	191	362	109	418	329	202	388	421	423	591	329	|
|71	263	266	187	221	221	163	432	251	202	318	203	161	229	374	45	364	436	338	211	362	517	230	81	110	462	339	454	422	310	283	426	310	144	0	150	239	168	313	294	77	285	321	319	518	306	|
|137	157	292	45	142	70	181	294	102	141	242	233	70	159	260	191	216	336	193	68	215	389	103	73	168	324	211	306	311	200	199	289	168	191	150	0	210	113	239	148	117	210	238	244	400	157	|
|169	361	108	192	352	228	84	453	262	72	100	88	140	68	452	279	348	227	256	191	280	344	303	196	140	481	394	429	229	148	407	451	336	362	239	210	0	318	95	231	164	79	111	100	325	258	|
|200	101	388	150	53	148	274	283	153	252	355	325	181	272	210	189	245	443	270	169	286	480	95	135	243	311	186	325	415	308	115	275	177	109	168	113	318	0	352	230	187	323	351	357	498	225	|
|247	370	186	205	374	228	175	421	254	112	5	182	175	86	443	356	312	132	206	193	226	251	311	253	226	447	382	382	134	83	421	421	320	418	313	239	95	352	0	196	237	30	19	6	230	224	|
|260	201	337	107	226	84	256	226	81	169	195	297	145	163	252	337	118	234	45	83	68	251	150	213	274	253	190	199	199	117	254	226	128	329	294	148	231	230	196	0	240	178	184	198	272	29	|
|20	264	207	140	234	180	95	411	216	127	241	143	97	153	372	120	329	361	283	159	308	448	217	53	56	441	327	419	348	238	296	406	285	202	77	117	164	187	237	240	0	208	245	242	446	257	|
|219	344	181	177	346	202	152	404	230	82	34	167	145	56	420	328	295	156	193	166	215	265	284	223	201	430	359	369	152	74	394	404	298	388	285	210	79	323	30	178	208	0	37	35	250	206	|
|256	364	205	202	370	222	188	408	246	118	15	199	177	92	433	364	298	119	191	188	210	233	305	257	238	433	371	366	118	68	415	408	309	421	321	238	111	351	19	184	245	37	0	17	214	212	|
|253	374	190	210	378	232	180	423	257	117	2	187	180	91	446	362	313	127	206	197	226	246	315	258	232	448	384	382	130	83	425	423	322	423	319	244	100	357	6	198	242	35	17	0	225	226	|
|460	469	408	356	498	351	402	422	353	322	225	412	359	296	494	563	330	102	239	333	235	54	422	444	449	436	436	348	98	208	521	427	381	591	518	400	325	498	230	272	446	250	214	225	0	285	|
|278	184	364	119	215	87	280	198	72	195	224	323	165	190	227	348	90	255	46	98	61	259	139	226	294	225	165	172	219	145	237	197	103	329	306	157	258	225	224	29	257	206	212	226	285	0	|

--------------------------------------------------------------------------------
Building model...
	using lazy and cut (CVRPSEP package)
Solving IRP LP...
--------------------------------------------------------------------------------

Gurobi 9.1.0 (linux64) logging started Sat Feb  6 16:23:24 2021

Gurobi Optimizer version 9.1.0 build v9.1.0rc0 (linux64)
Thread count: 32 physical cores, 32 logical processors, using up to 2 threads
Optimize a model with 1432 rows, 10318 columns and 23842 nonzeros
Model fingerprint: 0x0fa79366
Variable types: 589 continuous, 9729 integer (414 binary)
Coefficient statistics:
  Matrix range     [1e+00, 2e+03]
  Objective range  [1e-01, 6e+02]
  Bounds range     [1e+00, 3e+02]
  RHS range        [1e+00, 6e+03]
Presolve removed 427 rows and 600 columns
Presolve time: 0.17s
Presolved: 1005 rows, 9718 columns, 21195 nonzeros
Variable types: 356 continuous, 9362 integer (8942 binary)

Root relaxation: objective 1.306867e+04, 952 iterations, 0.02 seconds

    Nodes    |    Current Node    |     Objective Bounds      |     Work
 Expl Unexpl |  Obj  Depth IntInf | Incumbent    BestBd   Gap | It/Node Time

     0     0 13068.6724    0  117          - 13068.6724      -     -    0s
     0     0 13381.9806    0  127          - 13381.9806      -     -    0s
     0     0 13382.1093    0  127          - 13382.1093      -     -    0s
     0     0 13896.3932    0  219          - 13896.3932      -     -    0s
     0     0 13961.7083    0  199          - 13961.7083      -     -    0s
     0     0 13964.5687    0  238          - 13964.5687      -     -    0s
     0     0 13966.0422    0  245          - 13966.0422      -     -    0s
     0     0 13970.3580    0  219          - 13970.3580      -     -    0s
     0     0 13970.3580    0  224          - 13970.3580      -     -    0s
     0     0 14072.7679    0  290          - 14072.7679      -     -    1s
     0     0 14105.5609    0  263          - 14105.5609      -     -    1s
     0     0 14105.6331    0  287          - 14105.6331      -     -    1s
     0     0 14132.3783    0  240          - 14132.3783      -     -    1s
     0     0 14134.7611    0  284          - 14134.7611      -     -    1s
     0     0 14138.1165    0  274          - 14138.1165      -     -    1s
     0     0 14143.1235    0  307          - 14143.1235      -     -    1s
     0     0 14222.3410    0  313          - 14222.3410      -     -    1s
     0     0 14236.9574    0  324          - 14236.9574      -     -    1s
     0     0 14239.2365    0  317          - 14239.2365      -     -    1s
     0     0 14239.4244    0  306          - 14239.4244      -     -    1s
     0     0 14302.5058    0  307          - 14302.5058      -     -    2s
     0     0 14308.3285    0  298          - 14308.3285      -     -    2s
     0     0 14324.1995    0  334          - 14324.1995      -     -    3s
     0     0 14327.5883    0  352          - 14327.5883      -     -    3s
     0     0 14328.8263    0  366          - 14328.8263      -     -    3s
     0     0 14338.8221    0  314          - 14338.8221      -     -    3s
     0     0 14343.1655    0  326          - 14343.1655      -     -    3s
     0     0 14345.3891    0  344          - 14345.3891      -     -    3s
     0     0 14345.8072    0  330          - 14345.8072      -     -    3s
     0     0 14358.0287    0  377          - 14358.0287      -     -    3s
     0     0 14364.0807    0  391          - 14364.0807      -     -    4s
     0     2 14364.0807    0  379          - 14364.0807      -     -    4s
     3     6 14390.0698    2  312          - 14370.4064      -   277    5s
   109   116 14641.0744   25  235          - 14387.2455      -   198   10s
   388   437 15141.7203   66   80          - 14387.2455      -   111   15s
*  721   703             329    19771.480000 14387.2455  27.2%  74.1   19s
   743   706 15859.4169  120   41 19771.4800 14387.2455  27.2%  72.8   20s
   749   709 14649.8062   26  226 19771.4800 14387.2455  27.2%  72.5   25s
   766   720 15004.7100   71  541 19771.4800 14465.2255  26.8%  70.9   30s
   773   725 14898.0903   50  535 19771.4800 14467.8832  26.8%  70.2   42s
   779   729 15730.8295  100  582 19771.4800 14467.9199  26.8%  69.7   45s
   806   750 14568.1021   21  344 19771.4800 14488.9146  26.7%  90.0   54s
   812   754 14613.1962   22  275 19771.4800 14488.9146  26.7%  92.7   55s
   858   787 14751.7386   32  341 19771.4800 14488.9146  26.7%   110   60s
   927   839 14968.8273   55  155 19771.4800 14488.9146  26.7%   123   65s
   992   887 15126.4657   77  140 19771.4800 14488.9146  26.7%   126   70s
  1047   930 15550.3871   94  164 19771.4800 14488.9146  26.7%   129   75s
  1164  1025 16193.9078  137   84 19771.4800 14488.9146  26.7%   128   80s
  1324  1113 17733.5800  209   14 19771.4800 14488.9146  26.7%   118   85s
  1452  1151 14552.5633   17  502 19771.4800 14496.2232  26.7%   113   90s
  1509  1188 14708.8767   25  396 19771.4800 14496.2232  26.7%   116   95s
  1575  1243 14771.3357   29  360 19771.4800 14496.2232  26.7%   116  100s
  1728  1296 14778.8057   32  416 19771.4800 14496.2232  26.7%   110  105s
  1760  1314 14865.0162   41  292 19771.4800 14496.2232  26.7%   114  111s
  1803  1356 14973.1603   49  104 19771.4800 14496.2232  26.7%   116  115s
  1846  1397 15020.3671   55   56 19771.4800 14496.2232  26.7%   118  120s
  1947  1455 15498.8333   73   49 19771.4800 14496.2232  26.7%   120  126s
  1967  1462 15541.0268   79   35 19771.4800 14496.2232  26.7%   120  131s
  2044  1515 15796.0400  107    - 19771.4800 14508.3133  26.6%   118  135s
  2141  1600 14587.2829   18  508 19771.4800 14508.3133  26.6%   119  141s
  2196  1584 14641.4237   20  462 19771.4800 14508.3133  26.6%   119  150s
  2240  1660 14772.4133   22  427 19771.4800 14508.3133  26.6%   120  156s
  2465  1721 14872.2801   26  378 19771.4800 14508.3133  26.6%   114  162s
* 2474  1616             190    18077.070000 14508.3133  19.7%   114  162s
* 2475  1519             189    17828.920000 14508.3133  18.6%   114  162s
  2526  1496 14860.6466   27  393 17828.9200 14508.3133  18.6%   113  165s
* 2534  1457             188    17812.170000 14508.3133  18.5%   113  165s
* 2535  1425             188    17810.410000 14508.3133  18.5%   113  165s
  2571  1460 14993.7829   41  228 17810.4100 14508.3133  18.5%   117  171s
  2606  1533 14954.9844   50  213 17810.4100 14508.3133  18.5%   119  176s
  2661  1646 15104.4405   62   51 17810.4100 14508.3133  18.5%   119  180s
  2821  1690 15269.2424   81   91 17810.4100 14508.3133  18.5%   117  185s
  2951  1816 16375.0722  113   50 17810.4100 14508.3133  18.5%   116  201s
  2994  1887 16748.5050  119   14 17810.4100 14522.6373  18.5%   117  205s
* 3069  1692             141    16996.900000 14522.8139  14.6%   116  208s
  3099  1717 14852.9496   21  309 16996.9000 14522.8139  14.6%   117  211s
  3168  1837 15394.6058   38  165 16996.9000 14522.8139  14.6%   120  218s
  3247  1956 16074.5507   61   60 16996.9000 14528.1711  14.5%   120  223s
  3396  2023 14693.1168   18  408 16996.9000 14528.1711  14.5%   118  228s
  3519  2065 14912.3392   24  405 16996.9000 14528.1711  14.5%   116  232s
  3548  2145 15103.3694   38  310 16996.9000 14528.1711  14.5%   118  236s
  3631  2187 16357.6632  109   16 16996.9000 14533.9302  14.5%   118  241s
  3689  2239 16941.1182  142   19 16996.9000 14534.0441  14.5%   118  245s
  3744  2301     cutoff  151      16996.9000 14545.3994  14.4%   119  250s
  3833  2392 15171.3148   39   43 16996.9000 14552.7123  14.4%   119  256s
  3936  2405 14699.5162   19  346 16996.9000 14559.6200  14.3%   119  264s
  3940  2433 14726.0590   20  359 16996.9000 14559.6200  14.3%   120  268s
  3968  2472 14802.1216   28  311 16996.9000 14559.6200  14.3%   121  273s
  4007  2543 15027.3151   38  120 16996.9000 14559.6200  14.3%   123  278s
  4078  2715 15042.8660   57    7 16996.9000 14559.6200  14.3%   124  284s
  4195  2718 15332.6226   77  121 16996.9000 14559.6200  14.3%   124  285s
  4262  2950 15293.8848   62   89 16996.9000 14560.6491  14.3%   123  292s
  4621  3036 16733.1333  145   13 16996.9000 14567.5153  14.3%   117  299s
  4676  3068 16868.7784  146   24 16996.9000 14568.5628  14.3%   119  304s
  4715  3122 15020.8360   32  322 16996.9000 14568.5628  14.3%   120  310s
  4769  3194 15823.1000   67  184 16996.9000 14569.6987  14.3%   121  315s
  4853  3354 14797.3663   36  280 16996.9000 14569.7128  14.3%   122  323s
  5076  3391 16041.8200   91    - 16996.9000 14578.4979  14.2%   120  341s
  5138  3469 16182.8578   92   25 16996.9000 14578.8109  14.2%   121  347s
  5232  3593 15031.9698   29   70 16996.9000 14578.8109  14.2%   122  369s
  5349  3598 16940.4400  134    - 16996.9000 14578.8109  14.2%   122  370s
  5369  3692 15212.7178   40   93 16996.9000 14578.8109  14.2%   122  376s
  5479  3908 15739.8993   76   54 16996.9000 14591.6245  14.2%   123  386s
  5820  3978     cutoff  161      16996.9000 14593.8847  14.1%   119  394s
  5847  4018 14720.6300   25  404 16996.9000 14594.4639  14.1%   121  400s
  5887  4099 14898.8419   34  303 16996.9000 14594.4639  14.1%   123  408s
  5970  4210 15264.9865   51  122 16996.9000 14594.4639  14.1%   124  417s
  6091  4367 15643.0882   90  113 16996.9000 14596.2942  14.1%   125  426s
  6306  4425 16562.2151  150   30 16996.9000 14605.9671  14.1%   123  434s
  6359  4582 15314.9747   36  279 16996.9000 14609.3178  14.0%   125  444s
  6555  4663     cutoff  112      16996.9000 14611.6323  14.0%   124  453s
  6658  4728 16121.8158   82   14 16996.9000 14614.0600  14.0%   125  460s
  6740  4824 16834.0518  117   15 16996.9000 14616.5626  14.0%   126  468s
  6851  4887 16995.8500  122    - 16996.9000 14616.8268  14.0%   126  501s
  6921  4994     cutoff  122      16996.9000 14619.0267  14.0%   127  511s
  7077  5101 15412.9623   50  193 16996.9000 14619.4727  14.0%   127  519s
  7098  5101 15853.2604   71  102 16996.9000 14619.4727  14.0%   127  520s
  7218  5282 16886.4583  124   27 16996.9000 14621.2528  14.0%   127  531s
  7415  5439     cutoff  110      16996.9000 14622.9959  14.0%   127  544s
  7552  5447 15350.4921   64  101 16996.9000 14624.9071  14.0%   127  545s
  7619  5634 16620.5319  114   77 16996.9000 14626.3107  13.9%   127  558s
  7818  5650 15753.8340   76   29 16996.9000 14632.3639  13.9%   127  560s
  7886  5722     cutoff  142      16996.9000 14634.1480  13.9%   126  571s
  7954  5852 15419.8913   44  280 16996.9000 14634.3875  13.9%   128  582s
  8084  6067 15976.5426   68  228 16996.9000 14634.7125  13.9%   129  597s
  8407  6211 15217.2009   36  172 16996.9000 14638.1858  13.9%   127  610s
  8543  6337 16244.8600  105    - 16996.9000 14640.5727  13.9%   128  623s
  8684  6557 16347.7675  105   18 16996.9000 14641.8648  13.9%   128  636s
  8942  6618 16739.0557  128    4 16996.9000 14644.8610  13.8%   128  649s
  9004  6691     cutoff  136      16996.9000 14645.8676  13.8%   129  661s
  9096  6862     cutoff  133      16996.9000 14645.8727  13.8%   131  675s
  9323  6972 16223.4566   86   41 16996.9000 14646.1381  13.8%   130  687s
  9432  7165 15253.4392   40  319 16996.9000 14649.8554  13.8%   130  701s
  9680  7337     cutoff  131      16996.9000 14650.2092  13.8%   130  715s
  9842  7414 16013.2439   93    8 16996.9000 14651.1988  13.8%   130  727s
  9946  7479 16807.2104  107   19 16996.9000 14653.1881  13.8%   131  741s
 10030  7612 16992.9000  116    - 16996.9000 14655.3538  13.8%   132  754s
 10110  7616 16957.8003  107   14 16996.9000 14655.9135  13.8%   132  755s
 10178  7722 infeasible  116      16996.9000 14656.1253  13.8%   132  768s
 10313  7916     cutoff  115      16996.9000 14656.9463  13.8%   133  783s
 10571  7997 14928.2995   27  353 16996.9000 14657.2314  13.8%   132  802s
 10642  8126 16128.9754   74   37 16996.9000 14658.8357  13.8%   134  815s
 10804  8341     cutoff  126      16996.9000 14658.9387  13.8%   134  830s
 11073  8405 16291.7100   92   18 16996.9000 14659.0716  13.8%   133  842s
 11150  8525 16790.7200   98   10 16996.9000 14663.8750  13.7%   134  856s
 11291  8653 infeasible  120      16996.9000 14664.4030  13.7%   135  870s
 11438  8773 16677.0600  117    - 16996.9000 14668.1323  13.7%   135  883s
 11573  8930 15169.5490   36  180 16996.9000 14668.3682  13.7%   136  897s
 11726  9152 15969.1133   74   28 16996.9000 14670.5869  13.7%   137  913s
 11975  9168 16300.9900  142   14 16996.9000 14670.9307  13.7%   136  915s
 12023  9245 16564.3963  100   64 16996.9000 14672.9915  13.7%   136  929s
 12127  9263 16936.0802  158    8 16996.9000 14673.0436  13.7%   135  930s
 12153  9371 16989.1400  135    - 16996.9000 14673.2420  13.7%   136  949s
 12204  9373 15437.9637   74   86 16996.9000 14673.2420  13.7%   136  950s
 12273  9510     cutoff  135      16996.9000 14675.4694  13.7%   136  967s
 12421  9668 15705.9810   79   48 16996.9000 14676.8119  13.7%   137  985s
 12604  9764     cutoff  110      16996.9000 14678.3662  13.6%   136  999s
 12629  9764 15501.0146   40  161 16996.9000 14678.3662  13.6%   137 1000s
 12741  9951 15505.0783   41  208 16996.9000 14680.0292  13.6%   137 1014s
 12762  9951 15740.9188   62   34 16996.9000 14680.0292  13.6%   137 1015s
 12965 10037 16722.0100   91    - 16996.9000 14680.0783  13.6%   136 1029s
 13035 10041 15605.9535   56  118 16996.9000 14680.1595  13.6%   137 1030s
 13048 10153 16777.3700   91    - 16996.9000 14680.3563  13.6%   137 1043s
 13180 10206 16808.0950   91   62 16996.9000 14680.5925  13.6%   138 1059s
 13248 10268 16919.7700   98    8 16996.9000 14683.4984  13.6%   139 1072s
 13315 10449 14978.9079   37  306 16996.9000 14683.4984  13.6%   140 1090s
 13523 10659 15485.8694   76  114 16996.9000 14683.7407  13.6%   140 1106s
 13810 10813 16556.1929  147   12 16996.9000 14683.9944  13.6%   139 1122s
 13954 10895 16879.9900  159    - 16996.9000 14685.2111  13.6%   139 1137s
 14059 10954 16958.7800  159    - 16996.9000 14685.8184  13.6%   140 1150s
 14119 11126     cutoff  159      16996.9000 14686.8354  13.6%   140 1167s
 14352 11224     cutoff  140      16996.9000 14689.2419  13.6%   140 1182s
 14457 11333 14978.9680   26  329 16996.9000 14689.2847  13.6%   141 1197s
 14555 11544 15327.5976   47   55 16996.9000 14689.2847  13.6%   141 1214s
 14623 11544 15365.3298   79   24 16996.9000 14689.2847  13.6%   142 1215s
 14838 11702 15790.5306   87   39 16996.9000 14689.5908  13.6%   141 1230s
 15045 11849 16532.1900  132    - 16996.9000 14689.9797  13.6%   140 1246s
 15223 11970 16619.5706  132   48 16996.9000 14690.6259  13.6%   140 1259s
 15330 11979 15088.2398   54  192 16996.9000 14691.0353  13.6%   141 1260s
 15350 12015     cutoff  143      16996.9000 14691.1745  13.6%   141 1275s
 15400 12128 15305.0778   36  343 16996.9000 14692.6342  13.6%   142 1291s
 15532 12221 14798.9473   23  503 16996.9000 14692.6342  13.6%   142 1306s
 15625 12290 15070.2834   28  407 16996.9000 14692.6342  13.6%   143 1331s
 15722 12405 15575.6100   37  237 16996.9000 14692.6342  13.6%   143 1346s
 15836 12535 16328.6560   64   67 16996.9000 14693.1359  13.6%   143 1360s
H15900 12366                    16909.960000 14693.1359  13.1%   143 1361s
 16007 12459 15126.0785   34  350 16909.9600 14693.4193  13.1%   143 1377s
 16133 12551     cutoff  110      16909.9600 14694.1022  13.1%   143 1391s
 16249 12668 15125.6757   48  246 16909.9600 14695.3640  13.1%   143 1405s
 16409 12781 14884.2373   31  417 16909.9600 14696.3211  13.1%   143 1419s
 16458 12781 15056.0098   65   86 16909.9600 14696.3211  13.1%   143 1420s
 16516 12889 15064.0411   67  124 16909.9600 14696.3288  13.1%   144 1434s
 16656 12907 15610.6436   76  171 16909.9600 14696.4876  13.1%   144 1435s
 16689 12977 16079.2847  107   66 16909.9600 14696.7442  13.1%   144 1449s
 16772 13159 15247.4163   32  200 16909.9600 14697.6174  13.1%   144 1465s
 16966 13278 16379.4720   88    9 16909.9600 14698.0415  13.1%   144 1481s
 17135 13372     cutoff  107      16909.9600 14698.8318  13.1%   144 1495s
 17232 13470 15321.8359   51  294 16909.9600 14698.9321  13.1%   145 1508s
 17363 13515     cutoff  103      16909.9600 14698.9639  13.1%   145 1520s
H17364 13504                    16901.960000 14698.9639  13.0%   145 1520s
 17410 13670 15300.6813   51  217 16901.9600 14699.6729  13.0%   146 1535s
 17633 13786     cutoff  122      16901.9600 14701.1886  13.0%   145 1551s
 17795 13903 16049.8700   69    - 16901.9600 14702.8408  13.0%   145 1567s
H17826 13814                    16872.420000 14703.5000  12.9%   145 1567s
 17928 13901 16154.8350   69   32 16872.4200 14704.0985  12.9%   145 1581s
 18034 14001 15140.6876   47  218 16872.4200 14704.6013  12.8%   146 1594s
 18121 14150 15372.9887   63   95 16872.4200 14704.7575  12.8%   146 1608s
 18320 14279 16599.5064  128    8 16872.4200 14704.9810  12.8%   146 1623s
 18466 14294     cutoff  131      16872.4200 14706.6415  12.8%   146 1640s
 18484 14343 15136.6232   26  548 16872.4200 14706.7508  12.8%   146 1653s
 18535 14477 15759.6700   59  217 16872.4200 14707.6539  12.8%   147 1667s
 18703 14536 15006.1545   30  286 16872.4200 14707.6844  12.8%   147 1682s
 18754 14661 15582.7522   44  108 16872.4200 14708.3245  12.8%   148 1697s
 18897 14782 14841.4664   25  574 16872.4200 14708.3245  12.8%   148 1713s
 19055 14878 15464.3438   61  124 16872.4200 14708.8863  12.8%   148 1729s
 19183 15007     cutoff  121      16872.4200 14708.9139  12.8%   148 1746s
 19353 15173     cutoff  120      16872.4200 14709.4410  12.8%   148 1763s
 19485 15186 16108.8268  105   40 16872.4200 14710.6752  12.8%   148 1765s
 19567 15301 15475.2208   51  314 16872.4200 14712.0775  12.8%   148 1779s
 19588 15301 15741.5561   72   95 16872.4200 14712.0775  12.8%   148 1780s
 19687 15407     cutoff  131      16872.4200 14712.1240  12.8%   148 1795s
 19810 15513 15374.7173   36  252 16872.4200 14712.3912  12.8%   148 1810s
 19930 15550     cutoff  113      16872.4200 14712.9852  12.8%   149 1826s
 19971 15642 15013.9288   39  280 16872.4200 14713.2619  12.8%   149 1841s
 20061 15806 15210.6994   67   81 16872.4200 14713.2619  12.8%   149 1859s
 20124 15809 15341.3967   92    5 16872.4200 14713.2619  12.8%   149 1860s
 20269 16085 15305.4293   75  106 16872.4200 14713.5016  12.8%   149 1879s
 20376 16091 16088.9700  133    - 16872.4200 14713.5016  12.8%   148 1880s
 20632 16170 16563.1305  141   25 16872.4200 14714.1284  12.8%   148 1897s
 20700 16313     cutoff  154      16872.4200 14716.1245  12.8%   148 1914s
 20800 16316 15923.6227   74   52 16872.4200 14716.1553  12.8%   148 1915s
 20883 16380 16165.4534   95   32 16872.4200 14716.4032  12.8%   148 1930s
 21003 16469     cutoff  127      16872.4200 14717.1242  12.8%   148 1944s
 21086 16590 15511.8890   48  224 16872.4200 14717.2479  12.8%   148 1960s
 21242 16637 15032.4710   27  374 16872.4200 14717.4208  12.8%   148 1976s
 21289 16772 15321.5754   42  141 16872.4200 14717.4208  12.8%   149 1994s
 21394 16773 15875.3289   91   82 16872.4200 14717.4208  12.8%   149 1995s
 21430 16868 16013.3847   90   11 16872.4200 14717.6060  12.8%   149 2012s
 21571 16993 16820.9800  128    - 16872.4200 14718.6035  12.8%   149 2156s
 21682 17115 16868.9800  128    - 16872.4200 14718.9672  12.8%   150 2174s
*21687 14451             125    16339.780000 14718.9672  9.92%   150 2174s
 21852 14494     cutoff  128      16339.7800 14719.3203  9.92%   150 2190s
 21939 14621 15506.7843   77  128 16339.7800 14719.8678  9.91%   150 2207s
 22122 14793     cutoff  128      16339.7800 14720.4146  9.91%   150 2225s
 22302 14850     cutoff  100      16339.7800 14720.9682  9.91%   150 2242s
 22372 14979 15412.4503   39  286 16339.7800 14722.2828  9.90%   150 2259s
 22458 14980 15042.4573   67   72 16339.7800 14722.4705  9.90%   150 2260s
 22535 15037 14906.9092   25  332 16339.7800 14722.4705  9.90%   150 2277s
 22592 15147 15166.1594   34  198 16339.7800 14722.4705  9.90%   151 2293s
 22717 15277 15567.5233   53  160 16339.7800 14723.3901  9.89%   151 2312s
 22884 15347     cutoff   80      16339.7800 14723.4643  9.89%   151 2330s
 22958 15460 15668.5410   68   97 16339.7800 14723.9421  9.89%   152 2349s
 23109 15580 15074.3630   34  245 16339.7800 14724.5361  9.89%   152 2368s
 23219 15716 15232.1312   51  104 16339.7800 14724.5361  9.89%   152 2387s
 23417 15851 15566.6804   87   73 16339.7800 14724.9334  9.88%   152 2406s
 23588 15943 infeasible  113      16339.7800 14726.1134  9.88%   152 2426s
 23674 16059 15577.2613   70  194 16339.7800 14726.3086  9.87%   152 2444s
 23822 16120     cutoff  107      16339.7800 14727.0405  9.87%   152 2462s
 23910 16235 15643.1451   48  159 16339.7800 14727.0960  9.87%   152 2481s
 24051 16293 14943.1019   29  353 16339.7800 14727.6304  9.87%   152 2498s
 24107 16491 15128.0687   40  116 16339.7800 14727.6304  9.87%   153 2519s
 24290 16493 15877.5067   92   14 16339.7800 14727.6304  9.87%   153 2520s
 24315 16646 15465.1007   92   32 16339.7800 14727.6522  9.87%   153 2539s
 24445 16669 16137.3976  139    6 16339.7800 14727.6522  9.87%   152 2540s
 24587 16753 16289.8000  142    - 16339.7800 14729.2871  9.86%   152 2558s
 24670 16821     cutoff  142      16339.7800 14730.4151  9.85%   152 2573s
 24750 16958 15368.7399   38  293 16339.7800 14731.9135  9.84%   153 2592s
 24917 17024 15122.5723   32  188 16339.7800 14732.1474  9.84%   153 2613s
 24987 17094 15959.6087   75  134 16339.7800 14733.2634  9.83%   153 2629s
 25069 17221 15351.1162   35  313 16339.7800 14733.2706  9.83%   154 2682s
 25279 17282 15063.5805   25  485 16339.7800 14733.3072  9.83%   153 2703s
 25318 17423 15654.8640   43  360 16339.7800 14734.7948  9.82%   154 2722s
 25481 17489 15187.1462   42  263 16339.7800 14735.0132  9.82%   154 2740s
 25548 17631 15849.6358   77  106 16339.7800 14736.2734  9.81%   154 2757s
 25718 17700 16332.0416   90   32 16339.7800 14737.3111  9.81%   154 2777s
 25817 17783 15231.6832   44  260 16339.7800 14737.8704  9.80%   154 2797s
 25944 17861     cutoff  106      16339.7800 14738.3471  9.80%   154 2815s
 26021 17926 15571.0940   80  210 16339.7800 14738.8430  9.80%   155 2833s
 26096 18052 15010.4237   31  406 16339.7800 14738.8430  9.80%   155 2852s
 26242 18139 16224.2066   89   52 16339.7800 14739.1607  9.80%   155 2873s
 26350 18231 15664.6700   91    - 16339.7800 14739.3792  9.79%   155 2892s
 26467 18381     cutoff  116      16339.7800 14740.1242  9.79%   155 2914s
 26564 18384 15623.1850   48   54 16339.7800 14740.4774  9.79%   155 2915s
 26648 18503 15359.7561   57   32 16339.7800 14740.7134  9.79%   155 2936s
 26791 18629 16077.6200   95    - 16339.7800 14740.8644  9.79%   155 2960s
 26961 18741     cutoff   98      16339.7800 14741.7399  9.78%   155 2980s
 27091 18793 15941.2744   77   16 16339.7800 14742.0690  9.78%   155 3000s
 27184 18887     cutoff  104      16339.7800 14742.1546  9.78%   156 3020s
 27307 19009 15109.9959   42  339 16339.7800 14742.3942  9.78%   156 3040s
 27443 19156     cutoff  105      16339.7800 14742.5256  9.78%   156 3059s
 27537 19156 15681.6990  112   25 16339.7800 14742.5821  9.77%   156 3060s
 27605 19229 15308.9568   82   48 16339.7800 14743.0036  9.77%   156 3079s
 27654 19236 15574.0124   46  321 16339.7800 14743.0036  9.77%   156 3080s
 27694 19299 infeasible  108      16339.7800 14743.1559  9.77%   156 3099s
 27782 19348 15166.6470   37  265 16339.7800 14743.1707  9.77%   156 3117s
 27831 19386 15385.2810   53  128 16339.7800 14743.1707  9.77%   157 3140s
 27881 19463 15715.8666   68   32 16339.7800 14743.2124  9.77%   157 3159s
 27958 19478 15399.3085   53  299 16339.7800 14743.2124  9.77%   157 3160s
 27982 19578 16140.7031  100   75 16339.7800 14743.2577  9.77%   157 3179s
 28048 19580 15460.5831   65  149 16339.7800 14743.2577  9.77%   157 3180s
 28098 19679     cutoff  124      16339.7800 14743.7198  9.77%   157 3199s
 28161 19685 15969.2522  107    6 16339.7800 14744.0115  9.77%   158 3200s
 28244 19804 15235.5105   40  177 16339.7800 14744.0115  9.77%   158 3219s
 28290 19804 15415.3318   62   57 16339.7800 14744.0115  9.77%   158 3220s
 28357 20012 15652.8900   63    - 16339.7800 14744.0333  9.77%   158 3241s
 28632 20124 16204.4698  113   13 16339.7800 14744.3091  9.76%   157 3261s
 28751 20214     cutoff  117      16339.7800 14745.2831  9.76%   157 3281s
 28869 20322 15753.5707   63  250 16339.7800 14745.9048  9.75%   158 3303s
 28995 20398 15379.4715   42  296 16339.7800 14746.0633  9.75%   158 3323s
 29105 20538 15202.8903   27  292 16339.7800 14746.3532  9.75%   158 3344s
 29147 20538 15619.3189   69  128 16339.7800 14746.3532  9.75%   158 3345s
 29267 20634     cutoff  109      16339.7800 14746.7013  9.75%   158 3364s
 29334 20634 15635.3543   67  190 16339.7800 14746.7202  9.75%   158 3365s
 29391 20707 15603.3753   44   79 16339.7800 14746.8577  9.75%   158 3383s
 29488 20783     cutoff   78      16339.7800 14747.2280  9.75%   158 3403s
 29592 20880 15140.2096   40  376 16339.7800 14747.9525  9.74%   158 3424s
 29699 20885 15233.0000   44  223 16339.7800 14748.2245  9.74%   158 3425s
 29709 20959     cutoff  106      16339.7800 14748.2994  9.74%   159 3445s
 29808 21057 15358.1099   44  280 16339.7800 14748.3346  9.74%   159 3467s
 29910 21187 15757.2493   66   31 16339.7800 14748.3664  9.74%   159 3489s
 29931 21189 15872.2377   77   52 16339.7800 14748.3664  9.74%   159 3490s
 30103 21321     cutoff  118      16339.7800 14748.5828  9.74%   159 3514s
