




arguments: ./build/bc_mirp -f ./input/orig_exec_168.cfg
Current dir: /scratch/gui/bc_mirp
File verbosity level: 9
date       time         ( uptime  ) [ thread name/id ]                   file:line     v| 
2021-02-11 01:18:55.590 (   0.184s) [main thread     ]             loguru.cpp:789   INFO| Logging to './output/vi_vc+lex_quarter/OU/V3/Original/execution_11_02_2021_01_18_55.log', mode: 'a', verbosity: 9
--------------------------------------------------------------------------------
Parameters
                           instance_path           ./input/Instances/Original/4/
                            model_policy                                       1
                             nb_vehicles                                       3
                              output_dir./output/vi_vc+lex_quarter/OU/V3/Original/
                            sec_strategy                                       1
                       solver_nb_threads                                       2
                         solver_show_log                                    true
                       solver_time_limit                                    3600
                              use_vi_cos                                   false
                              use_vi_cus                                   false
                         use_vi_hc1_full                                   false
                         use_vi_hc1_half                                   false
                      use_vi_hc1_quarter                                   false
                              use_vi_hc2                                   false
                              use_vi_hc3                                   false
                         use_vi_lex_full                                   false
                         use_vi_lex_half                                   false
                      use_vi_lex_quarter                                    true
                              use_vi_qua                                   false
                               use_vi_vc                                    true
                               use_vi_vr                                   false
--------------------------------------------------------------------------------
executing instance: ./input/Instances/Original/4/absH3low_3n30.dat
--------------------------------------------------------------------------------
Instance details
n	31
H	3
C	2841
Li:
[0, 0, 0, 0, 0, 0, 0, 0, 0, 0, 0, 0, 0, 0, 0, 0, 0, 0, 0, 0, 0, 0, 0, 0, 0, 0, 0, 0, 0, 0, 0, ]
Ui:
[0, 246, 98, 54, 144, 171, 192, 180, 165, 98, 122, 198, 297, 144, 130, 129, 219, 138, 142, 150, 108, 66, 64, 285, 180, 204, 276, 168, 240, 198, 122, ]
Distance matrix:
|0	172	56	166	260	198	42	197	296	110	91	112	238	275	323	183	330	232	175	181	162	191	232	280	201	139	356	185	266	216	26	|
|172	0	178	223	320	335	153	355	444	62	231	99	333	376	214	352	176	235	194	106	47	41	353	161	299	175	225	43	326	374	153	|
|56	178	0	110	204	162	93	233	336	125	144	148	187	226	358	180	313	284	123	152	182	185	282	252	256	88	329	177	210	251	42	|
|166	223	110	0	102	150	199	327	431	194	253	237	113	156	431	228	296	386	44	140	248	208	389	218	366	48	287	200	108	344	148	|
|260	320	204	102	0	156	296	391	493	296	340	339	66	90	531	263	362	486	127	226	349	300	469	278	454	148	334	292	6	406	245	|
|198	335	162	150	156	0	239	255	351	286	245	307	93	106	518	111	442	423	194	280	344	335	349	367	352	182	437	327	158	266	199	|
|42	153	93	199	296	239	0	203	296	91	82	76	278	316	284	217	322	191	201	186	133	180	217	281	177	165	356	175	302	222	52	|
|197	355	233	327	391	255	203	0	104	294	125	266	340	361	436	151	524	276	352	377	330	383	109	477	146	319	553	377	395	19	222	|
|296	444	336	431	493	351	296	104	0	384	214	348	440	456	488	241	617	315	456	476	412	475	113	575	176	422	651	470	497	88	322	|
|110	62	125	194	296	286	91	294	384	0	171	55	298	340	238	292	233	210	176	118	58	91	298	201	248	148	273	87	302	313	94	|
|91	231	144	253	340	245	82	125	214	171	0	141	307	339	324	184	403	187	266	266	204	261	140	363	114	230	438	256	346	144	116	|
|112	99	148	237	339	307	76	266	348	55	141	0	332	373	212	292	275	156	225	173	64	137	254	253	200	194	322	135	345	284	108	|
|238	333	187	113	66	93	278	340	440	298	307	332	0	43	536	203	404	469	153	253	354	321	427	322	420	160	385	313	67	353	229	|
|275	376	226	156	90	106	316	361	456	340	339	373	43	0	578	216	443	507	194	295	397	364	453	361	451	203	421	356	88	372	268	|
|323	214	358	431	531	518	284	436	488	238	324	212	536	578	0	498	309	176	407	320	183	245	376	344	312	383	379	251	537	451	319	|
|183	352	180	228	263	111	217	151	241	292	184	292	203	216	498	0	492	371	266	328	345	364	255	426	272	242	501	356	266	159	198	|
|330	176	313	296	362	442	322	524	617	233	403	275	404	443	309	492	0	397	253	164	218	142	529	84	475	260	72	147	367	543	306	|
|232	235	284	386	486	423	191	276	315	210	187	156	469	507	176	371	397	0	379	327	188	276	202	396	139	346	456	277	492	289	242	|
|175	194	123	44	127	194	201	352	456	176	266	225	153	194	407	266	253	379	0	101	225	174	405	174	375	36	244	166	133	370	152	|
|181	106	152	140	226	280	186	377	476	118	266	173	253	295	320	328	164	327	101	0	148	76	403	100	360	98	177	69	232	396	155	|
|162	47	182	248	349	344	133	330	412	58	204	64	354	397	183	345	218	188	225	148	0	89	316	208	259	201	270	90	355	348	149	|
|191	41	185	208	300	335	180	383	475	91	261	137	321	364	245	364	142	276	174	76	89	0	388	119	336	162	185	8	306	402	169	|
|232	353	282	389	469	349	217	109	113	298	140	254	427	453	376	255	529	202	405	403	316	388	0	497	64	369	570	384	474	112	256	|
|280	161	252	218	278	367	281	477	575	201	363	253	322	361	344	426	84	396	174	100	208	119	497	0	449	187	77	119	283	496	255	|
|201	299	256	366	454	352	177	146	176	248	114	200	420	451	312	272	475	139	375	360	259	336	64	449	0	339	521	333	460	156	223	|
|139	175	88	48	148	182	165	319	422	148	230	194	160	203	383	242	260	346	36	98	201	162	369	187	339	0	260	153	154	337	116	|
|356	225	329	287	334	437	356	553	651	273	438	322	385	421	379	501	72	456	244	177	270	185	570	77	521	260	0	187	338	572	331	|
|185	43	177	200	292	327	175	377	470	87	256	135	313	356	251	356	147	277	166	69	90	8	384	119	333	153	187	0	298	396	163	|
|266	326	210	108	6	158	302	395	497	302	346	345	67	88	537	266	367	492	133	232	355	306	474	283	460	154	338	298	0	410	251	|
|216	374	251	344	406	266	222	19	88	313	144	284	353	372	451	159	543	289	370	396	348	402	112	496	156	337	572	396	410	0	241	|
|26	153	42	148	245	199	52	222	322	94	116	108	229	268	319	198	306	242	152	155	149	169	256	255	223	116	331	163	251	241	0	|

--------------------------------------------------------------------------------
Building model...
	using lazy and cut (CVRPSEP package)
Solving IRP LP...
--------------------------------------------------------------------------------

Gurobi 9.1.0 (linux64) logging started Thu Feb 11 01:18:55 2021

Gurobi Optimizer version 9.1.0 build v9.1.0rc0 (linux64)
Thread count: 32 physical cores, 32 logical processors, using up to 2 threads
Optimize a model with 967 rows, 4858 columns and 11854 nonzeros
Model fingerprint: 0xec32572b
Variable types: 394 continuous, 4464 integer (279 binary)
Coefficient statistics:
  Matrix range     [1e+00, 9e+02]
  Objective range  [1e-02, 7e+02]
  Bounds range     [1e+00, 3e+02]
  RHS range        [1e+00, 5e+03]
Presolve removed 292 rows and 405 columns
Presolve time: 0.09s
Presolved: 675 rows, 4453 columns, 10168 nonzeros
Variable types: 236 continuous, 4217 integer (3939 binary)

Root relaxation: objective 2.359034e+03, 774 iterations, 0.02 seconds

    Nodes    |    Current Node    |     Objective Bounds      |     Work
 Expl Unexpl |  Obj  Depth IntInf | Incumbent    BestBd   Gap | It/Node Time

     0     0 2359.03397    0   85          - 2359.03397      -     -    0s
     0     0 2642.89160    0  103          - 2642.89160      -     -    0s
     0     0 3187.91203    0  165          - 3187.91203      -     -    0s
     0     0 3198.85783    0  162          - 3198.85783      -     -    0s
     0     0 3203.50367    0  129          - 3203.50367      -     -    0s
     0     0 3205.48053    0  166          - 3205.48053      -     -    0s
     0     0 3246.71817    0  178          - 3246.71817      -     -    0s
     0     0 3264.18169    0  194          - 3264.18169      -     -    0s
     0     0 3267.27959    0  178          - 3267.27959      -     -    0s
     0     0 3267.28321    0  182          - 3267.28321      -     -    0s
     0     0 3344.35952    0  201          - 3344.35952      -     -    0s
     0     0 3360.77861    0  210          - 3360.77861      -     -    0s
     0     0 3363.14106    0  243          - 3363.14106      -     -    0s
     0     0 3363.35294    0  249          - 3363.35294      -     -    0s
     0     0 3465.49803    0  281          - 3465.49803      -     -    0s
     0     0 3467.18823    0  279          - 3467.18823      -     -    0s
     0     0 3467.32210    0  283          - 3467.32210      -     -    0s
     0     0 3490.90311    0  266          - 3490.90311      -     -    1s
     0     0 3505.76536    0  244          - 3505.76536      -     -    1s
     0     0 3506.07970    0  253          - 3506.07970      -     -    1s
     0     0 3510.32435    0  289          - 3510.32435      -     -    1s
     0     0 3511.91187    0  269          - 3511.91187      -     -    1s
     0     0 3513.86922    0  288          - 3513.86922      -     -    1s
     0     0 3513.86922    0  255          - 3513.86922      -     -    1s
     0     2 3517.92675    0  241          - 3517.92675      -     -    1s
   168   190 4657.55489   61   90          - 3526.06093      -   171    5s
*  341   343             151    6156.8300000 3526.67315  42.7%   102    5s
*  343   342             151    6112.8300000 3526.67315  42.3%   101    5s
H  522   494                    6030.7500000 3529.98601  41.5%  86.5    9s
   527   501 3914.54736   12  224 6030.75000 3529.98601  41.5%  89.1   10s
H  725   657                    5879.8900000 3529.98601  40.0%  90.5   14s
   726   657 5243.16557   81  146 5879.89000 3529.98601  40.0%  90.4   15s
   753   675 4585.95851   44  450 5879.89000 3690.83433  37.2%  87.2   20s
H  765   650                    5862.8900000 3692.79337  37.0%  93.7   23s
   770   653 4061.11246   15  367 5862.89000 3692.79337  37.0%  93.1   25s
H  785   630                    5819.8900000 3697.00865  36.5%  91.3   27s
H  794   603                    5777.8900000 3697.57765  36.0%  90.3   29s
   796   604 5555.15712  116  386 5777.89000 3697.59047  36.0%  90.1   30s
H  798   576                    5111.7900000 3697.60983  27.7%  89.8   36s
   807   584 3771.62171   29  317 5111.79000 3709.02472  27.4%  97.5   40s
H  825   568                    5105.7900000 3743.89444  26.7%   104   41s
H  827   539                    5100.3000000 3743.89444  26.6%   105   41s
H  855   530                    4955.3000000 3743.89444  24.4%   109   43s
   903   575 3992.84381   47  267 4955.30000 3743.89444  24.4%   114   45s
  1118   671 4381.27002   78  145 4955.30000 3743.89444  24.4%   113   50s
  1298   771 4763.95759  137  115 4955.30000 3743.89444  24.4%   119   55s
H 1442   676                    4705.3000000 3754.52763  20.2%   115   57s
  1486   723 4209.92029   38  234 4705.30000 3754.52763  20.2%   120   60s
* 1611   683             114    4642.5000000 3754.52763  19.1%   115   61s
  1750   763     cutoff  102      4642.50000 3755.11318  19.1%   116   65s
  1974   828 4511.61840   57  245 4642.50000 3784.65488  18.5%   115   73s
  2026   856 3999.28340   35  274 4642.50000 3817.97437  17.8%   116   75s
  2168   946 4320.35416   47  178 4642.50000 3835.85798  17.4%   119   80s
  2310  1073 4180.81616   39  289 4642.50000 3844.92771  17.2%   122   85s
  2475  1183 4095.03800   37  415 4642.50000 3848.54316  17.1%   123   90s
H 2508  1097                    4584.1100000 3848.54316  16.0%   123   91s
  2616  1177 4109.08229   38  340 4584.11000 3860.67696  15.8%   126   96s
  2669  1204 4463.32389   59  194 4584.11000 3861.08559  15.8%   126  100s
H 2713   701                    4378.1100000 3861.46244  11.8%   125  101s
  2764   695 4133.50184   45  253 4378.11000 3865.52155  11.7%   128  106s
  2817   738 4014.36422   36  242 4378.11000 3869.05354  11.6%   132  110s
  2963   804 4189.84005   39  394 4378.11000 3881.85034  11.3%   134  116s
  3028   823     cutoff   61      4378.11000 3888.17075  11.2%   137  121s
  3120   876 4305.21028   37  169 4378.11000 3901.94996  10.9%   140  126s
  3229   913 4221.08274   39  350 4378.11000 3910.52927  10.7%   142  131s
H 3243   913                    4377.1100000 3910.52927  10.7%   143  131s
  3306   957 4285.95845   45  199 4377.11000 3915.38781  10.5%   146  136s
  3428  1012 4200.11566   42  313 4377.11000 3930.83890  10.2%   147  142s
H 3454   987                    4365.7200000 3930.98502  10.0%   148  142s
  3473  1005 4139.08814   44  309 4365.72000 3935.18586  9.86%   149  145s
  3577  1087 4337.07190   51  271 4365.72000 3941.52960  9.72%   151  151s
  3695  1128 4305.71975   36  283 4365.72000 3948.66640  9.55%   153  157s
  3757  1180 4221.17445   34  143 4365.72000 3951.28536  9.49%   154  160s
  3924  1197 4307.44352   47  320 4365.72000 3963.43917  9.21%   156  176s
H 3941  1162                    4355.3400000 3963.43917  9.00%   156  176s
  4043  1212 4303.41830   37  290 4355.34000 3968.91526  8.87%   159  183s
  4109  1208     cutoff   48      4355.34000 3971.71532  8.81%   160  188s
  4117  1228 4299.90478   35  197 4355.34000 3972.59935  8.79%   160  191s
  4174  1239 4145.93883   39  301 4355.34000 3978.74277  8.65%   162  196s
  4223  1269 4241.36727   33  289 4355.34000 3980.27502  8.61%   164  200s
  4388  1303 4174.29795   39  242 4355.34000 3989.66340  8.40%   166  208s
  4459  1314 4193.03482   35  162 4355.34000 3992.65186  8.33%   168  213s
  4538  1345 4077.03102   37  248 4355.34000 3994.02151  8.30%   170  218s
  4623  1369 4271.73705   39  125 4355.34000 4001.62967  8.12%   171  222s
  4729  1386 4350.03081   55  232 4355.34000 4004.99635  8.04%   172  227s
  4874  1430 4171.96961   37  119 4355.34000 4007.83931  7.98%   172  232s
  4983  1461     cutoff   48      4355.34000 4013.23020  7.85%   173  237s
  5112  1493 4312.82471   51  272 4355.34000 4017.56226  7.76%   174  243s
  5208  1506     cutoff   45      4355.34000 4025.39061  7.58%   175  249s
  5277  1546     cutoff   46      4355.34000 4029.06776  7.49%   177  254s
  5406  1570 4223.66079   38  256 4355.34000 4035.07320  7.35%   178  260s
  5504  1591 4283.62513   41  266 4355.34000 4039.84922  7.24%   179  266s
  5630  1625 4338.78235   42  279 4355.34000 4047.44725  7.07%   180  273s
  5809  1686     cutoff   34      4355.34000 4051.71366  6.97%   179  280s
  5965  1718 4175.26984   37  310 4355.34000 4059.88265  6.78%   180  287s
  6088  1783 4197.03538   37  247 4355.34000 4066.45493  6.63%   181  294s
  6268  1785 4312.23772   46  202 4355.34000 4069.70190  6.56%   181  301s
  6390  1807 4292.32400   59  211 4355.34000 4075.26458  6.43%   182  308s
  6507  1832 4326.28048   44  306 4355.34000 4082.85400  6.26%   184  315s
  6663  1886 4226.68893   43  314 4355.34000 4087.30729  6.15%   183  323s
  6792  1901     cutoff   47      4355.34000 4089.81534  6.10%   183  331s
  6934  1919 4148.52246   43  317 4355.34000 4093.99835  6.00%   184  338s
  7065  1927 4346.44508   42  110 4355.34000 4098.69190  5.89%   185  345s
  7189  1958 4209.66786   35  347 4355.34000 4103.28042  5.79%   186  352s
  7317  1997 4200.63903   43  297 4355.34000 4107.26963  5.70%   187  360s
  7517  2015 4286.83465   38  247 4355.34000 4110.07372  5.63%   187  368s
  7655  2021     cutoff   45      4355.34000 4113.58709  5.55%   189  377s
  7837  2015     cutoff   39      4355.34000 4119.82917  5.41%   190  385s
  7976  2059 4283.88196   42  271 4355.34000 4123.61877  5.32%   191  394s
  8144  2073 4238.93458   46  342 4355.34000 4126.82329  5.25%   191  402s
H 8213  1999                    4339.7300000 4126.82329  4.91%   191  402s
  8300  2014 4283.46476   46  290 4339.73000 4129.62841  4.84%   192  411s
  8467  2030 4293.74829   39  291 4339.73000 4137.17213  4.67%   192  419s
  8637  2035     cutoff   43      4339.73000 4141.63878  4.56%   193  428s
H 8720  2027                    4338.7300000 4141.63878  4.54%   193  428s
  8814  2029     cutoff   37      4338.73000 4145.42011  4.46%   193  436s
  8992  2019     cutoff   43      4338.73000 4151.41342  4.32%   193  445s
H 9081  1924                    4327.3400000 4151.41342  4.07%   194  445s
  9166  1941 4265.88543   43  213 4327.34000 4156.79711  3.94%   194  454s
  9329  1943     cutoff   36      4327.34000 4162.50634  3.81%   194  462s
* 9499  1867              40    4320.4100000 4167.49590  3.54%   195  463s
  9525  1856 4287.98367   48  331 4320.41000 4167.67824  3.54%   195  471s
  9705  1830     cutoff   42      4320.41000 4173.54970  3.40%   195  481s
  9850  1812     cutoff   42      4320.41000 4178.74329  3.28%   196  493s
 10136  1771     cutoff   44      4320.41000 4185.77978  3.12%   196  502s
 10327  1749 4229.87953   44  101 4320.41000 4192.42107  2.96%   196  512s
*10340  1528              57    4304.3700000 4192.42107  2.60%   196  512s
 10548  1470     cutoff   35      4304.37000 4197.22082  2.49%   196  522s
*10632   970              51    4272.4100000 4197.22082  1.76%   196  522s
 10788   858     cutoff   38      4272.41000 4204.92985  1.58%   196  528s
 10951   746     cutoff   38      4272.41000 4214.08527  1.37%   196  533s
 11127   623     cutoff   40      4272.41000 4223.77332  1.14%   194  538s
 11293   488     cutoff   41      4272.41000 4233.25096  0.92%   193  542s
 11483   340     cutoff   53      4272.41000 4242.08325  0.71%   191  545s

Cutting planes:
  User: 3398
  Gomory: 23
  Cover: 265
  Implied bound: 97
  Projected implied bound: 2
  Clique: 14
  MIR: 67
  StrongCG: 2
  Flow cover: 198
  Inf proof: 2
  Zero half: 12
  Mod-K: 1
  RLT: 164
  Relax-and-lift: 2
  Lazy constraints: 410

Explored 12006 nodes (2229024 simplex iterations) in 549.54 seconds
Thread count was 2 (of 32 available processors)

Solution count 10: 4272.41 4304.37 4320.41 ... 4378.11

Optimal solution found (tolerance 1.00e-04)
Best objective 4.272410000000e+03, best bound 4.272410000000e+03, gap 0.0000%

User-callback calls 70397, time in user-callback 23.76 sec
================================================================================
executing instance: ./input/Instances/Original/4/absH3low_3n10.dat
--------------------------------------------------------------------------------
Instance details
n	11
H	3
C	687
Li:
[0, 0, 0, 0, 0, 0, 0, 0, 0, 0, 0, ]
Ui:
[0, 189, 44, 174, 78, 36, 198, 117, 42, 96, 240, ]
Distance matrix:
|0	209	255	286	142	156	285	317	182	161	135	|
|209	0	464	451	315	356	490	469	361	299	260	|
|255	464	0	221	202	130	74	280	189	254	273	|
|286	451	221	0	145	156	164	479	354	153	192	|
|142	315	202	145	0	73	194	388	250	53	73	|
|156	356	130	156	73	0	134	332	200	127	144	|
|285	490	74	164	194	134	0	353	256	239	267	|
|317	469	280	479	388	332	353	0	141	436	430	|
|182	361	189	354	250	200	256	141	0	296	289	|
|161	299	254	153	53	127	239	436	296	0	39	|
|135	260	273	192	73	144	267	430	289	39	0	|

--------------------------------------------------------------------------------
Building model...
	using lazy and cut (CVRPSEP package)
Solving IRP LP...
--------------------------------------------------------------------------------

Gurobi 9.1.0 (linux64) logging started Thu Feb 11 01:28:06 2021

Gurobi Optimizer version 9.1.0 build v9.1.0rc0 (linux64)
Thread count: 32 physical cores, 32 logical processors, using up to 2 threads
Optimize a model with 347 rows, 728 columns and 2174 nonzeros
Model fingerprint: 0xa1826ff6
Variable types: 134 continuous, 594 integer (99 binary)
Coefficient statistics:
  Matrix range     [1e+00, 2e+02]
  Objective range  [1e-02, 5e+02]
  Bounds range     [1e+00, 2e+02]
  RHS range        [1e+00, 1e+03]
Presolve removed 113 rows and 112 columns
Presolve time: 0.02s
Presolved: 234 rows, 616 columns, 1633 nonzeros
Variable types: 78 continuous, 538 integer (448 binary)

Root relaxation: objective 1.502979e+03, 436 iterations, 0.01 seconds

    Nodes    |    Current Node    |     Objective Bounds      |     Work
 Expl Unexpl |  Obj  Depth IntInf | Incumbent    BestBd   Gap | It/Node Time

     0     0 1502.97921    0   36          - 1502.97921      -     -    0s
H    0     0                    3673.6200000 1502.97921  59.1%     -    0s
     0     0 1762.07402    0   51 3673.62000 1762.07402  52.0%     -    0s
H    0     0                    3568.1000000 1762.07402  50.6%     -    0s
     0     0 2049.64991    0   57 3568.10000 2049.64991  42.6%     -    0s
     0     0 2213.05282    0   59 3568.10000 2213.05282  38.0%     -    0s
     0     0 2235.53019    0  106 3568.10000 2235.53019  37.3%     -    0s
     0     0 2235.75131    0  114 3568.10000 2235.75131  37.3%     -    0s
     0     0 2318.88154    0   79 3568.10000 2318.88154  35.0%     -    0s
     0     0 2323.22530    0   44 3568.10000 2323.22530  34.9%     -    0s
     0     0 2328.15170    0  143 3568.10000 2328.15170  34.8%     -    0s
H    0     0                    2735.3600000 2328.15170  14.9%     -    0s
     0     0 2332.05527    0  142 2735.36000 2332.05527  14.7%     -    0s
     0     0 2332.36025    0  140 2735.36000 2332.36025  14.7%     -    0s
     0     0 2339.16234    0  122 2735.36000 2339.16234  14.5%     -    0s
     0     0 2340.64016    0  124 2735.36000 2340.64016  14.4%     -    0s
     0     0 2341.47154    0  123 2735.36000 2341.47154  14.4%     -    0s
     0     0 2343.39493    0  137 2735.36000 2343.39493  14.3%     -    0s
     0     0 2343.39493    0  133 2735.36000 2343.39493  14.3%     -    0s
     0     2 2345.14765    0  131 2735.36000 2345.14765  14.3%     -    0s
H  251   136                    2734.1000000 2459.39257  10.0%  42.7    0s

Cutting planes:
  User: 81
  Gomory: 4
  Cover: 100
  Implied bound: 40
  Clique: 15
  MIR: 38
  StrongCG: 3
  Flow cover: 66
  Zero half: 2
  Mod-K: 2
  Network: 2
  RLT: 61
  Relax-and-lift: 10
  Lazy constraints: 13

Explored 1462 nodes (59004 simplex iterations) in 2.56 seconds
Thread count was 2 (of 32 available processors)

Solution count 4: 2734.1 2735.36 3568.1 3673.62 

Optimal solution found (tolerance 1.00e-04)
Best objective 2.734100000000e+03, best bound 2.734100000000e+03, gap 0.0000%

User-callback calls 3536, time in user-callback 0.34 sec
================================================================================
executing instance: ./input/Instances/Original/4/absH3low_3n15.dat
--------------------------------------------------------------------------------
Instance details
n	16
H	3
C	1267
Li:
[0, 0, 0, 0, 0, 0, 0, 0, 0, 0, 0, 0, 0, 0, 0, 0, ]
Ui:
[0, 156, 267, 148, 144, 87, 33, 171, 76, 141, 270, 282, 60, 110, 172, 57, ]
Distance matrix:
|0	229	567	76	58	96	306	409	310	423	108	346	165	347	159	256	|
|229	0	482	243	279	155	375	525	251	419	158	373	65	123	329	246	|
|567	482	0	506	622	483	342	439	259	200	467	274	486	433	501	312	|
|76	243	506	0	119	88	230	337	255	352	88	272	179	347	94	194	|
|58	279	622	119	0	154	345	431	366	471	166	391	217	399	179	310	|
|96	155	483	88	154	0	266	397	224	358	17	289	92	262	176	179	|
|306	375	342	230	345	266	0	158	184	148	251	68	332	423	181	140	|
|409	525	439	337	431	397	158	0	340	244	386	201	476	581	253	298	|
|310	251	259	255	366	224	184	340	0	170	208	146	238	257	274	66	|
|423	419	200	352	471	358	148	244	170	0	341	84	396	424	323	182	|
|108	158	467	88	166	17	251	386	208	341	0	273	96	259	172	162	|
|346	373	274	272	391	289	68	201	146	84	273	0	340	400	239	127	|
|165	65	486	179	217	92	332	476	238	396	96	340	0	182	267	216	|
|347	123	433	347	399	262	423	581	257	424	259	400	182	0	423	283	|
|159	329	501	94	179	176	181	253	274	323	172	239	267	423	0	208	|
|256	246	312	194	310	179	140	298	66	182	162	127	216	283	208	0	|

--------------------------------------------------------------------------------
Building model...
	using lazy and cut (CVRPSEP package)
Solving IRP LP...
--------------------------------------------------------------------------------

Gurobi 9.1.0 (linux64) logging started Thu Feb 11 01:28:08 2021

Gurobi Optimizer version 9.1.0 build v9.1.0rc0 (linux64)
Thread count: 32 physical cores, 32 logical processors, using up to 2 threads
Optimize a model with 502 rows, 1423 columns and 3928 nonzeros
Model fingerprint: 0xa97afe9a
Variable types: 199 continuous, 1224 integer (144 binary)
Coefficient statistics:
  Matrix range     [1e+00, 4e+02]
  Objective range  [1e-02, 6e+02]
  Bounds range     [1e+00, 3e+02]
  RHS range        [1e+00, 2e+03]
Presolve removed 161 rows and 214 columns
Presolve time: 0.03s
Presolved: 341 rows, 1209 columns, 3036 nonzeros
Variable types: 112 continuous, 1097 integer (962 binary)

Root relaxation: objective 1.784386e+03, 548 iterations, 0.01 seconds

    Nodes    |    Current Node    |     Objective Bounds      |     Work
 Expl Unexpl |  Obj  Depth IntInf | Incumbent    BestBd   Gap | It/Node Time

     0     0 1784.38552    0   54          - 1784.38552      -     -    0s
     0     0 2049.78660    0   58          - 2049.78660      -     -    0s
     0     0 2052.21368    0   63          - 2052.21368      -     -    0s
     0     0 2426.14259    0   79          - 2426.14259      -     -    0s
     0     0 2512.77922    0   76          - 2512.77922      -     -    0s
     0     0 2534.17957    0   81          - 2534.17957      -     -    0s
     0     0 2543.06419    0   97          - 2543.06419      -     -    0s
     0     0 2543.11777    0  102          - 2543.11777      -     -    0s
     0     0 2695.12264    0  132          - 2695.12264      -     -    0s
     0     0 2698.65717    0  133          - 2698.65717      -     -    0s
     0     0 2699.87510    0  139          - 2699.87510      -     -    0s
     0     0 2700.06706    0  134          - 2700.06706      -     -    0s
     0     0 2771.80888    0  138          - 2771.80888      -     -    0s
     0     0 2780.07868    0  168          - 2780.07868      -     -    0s
     0     0 2780.33064    0  149          - 2780.33064      -     -    0s
     0     0 2798.51579    0  125          - 2798.51579      -     -    0s
     0     0 2799.49311    0  120          - 2799.49311      -     -    0s
     0     0 2809.62434    0  148          - 2809.62434      -     -    0s
     0     0 2809.62434    0  148          - 2809.62434      -     -    0s
     0     2 2815.91513    0  171          - 2815.91513      -     -    0s
H   91    97                    3807.1600000 2869.38051  24.6%  85.5    0s
H  109    93                    3769.1600000 2869.38051  23.9%  75.1    0s
*  228   165              35    3533.3200000 2877.52641  18.6%  79.0    1s
H  232   160                    3493.5599974 2877.52641  17.6%  77.9    1s
H  276   124                    3401.5600000 2973.94711  12.6%  77.5    2s
   833   113 infeasible   11      3401.56000 3257.27237  4.24%  78.8    5s

Cutting planes:
  User: 461
  Gomory: 4
  Cover: 144
  Implied bound: 71
  Clique: 38
  MIR: 62
  StrongCG: 1
  Flow cover: 81
  GUB cover: 1
  Inf proof: 1
  Zero half: 5
  Mod-K: 1
  RLT: 104
  Relax-and-lift: 4
  Lazy constraints: 93

Explored 1044 nodes (79372 simplex iterations) in 5.85 seconds
Thread count was 2 (of 32 available processors)

Solution count 5: 3401.56 3493.56 3533.32 ... 3807.16

Optimal solution found (tolerance 1.00e-04)
Best objective 3.401560000000e+03, best bound 3.401560000000e+03, gap 0.0000%

User-callback calls 3351, time in user-callback 0.45 sec
================================================================================
executing instance: ./input/Instances/Original/4/absH3low_2n45.dat
--------------------------------------------------------------------------------
Instance details
n	46
H	3
C	3171
Li:
[0, 0, 0, 0, 0, 0, 0, 0, 0, 0, 0, 0, 0, 0, 0, 0, 0, 0, 0, 0, 0, 0, 0, 0, 0, 0, 0, 0, 0, 0, 0, 0, 0, 0, 0, 0, 0, 0, 0, 0, 0, 0, 0, 0, 0, 0, ]
Ui:
[0, 246, 160, 78, 20, 87, 144, 40, 20, 82, 60, 96, 24, 136, 160, 108, 160, 26, 228, 51, 24, 240, 231, 70, 32, 105, 174, 114, 246, 126, 132, 76, 22, 42, 255, 132, 148, 162, 66, 111, 102, 240, 123, 201, 297, 78, ]
Distance matrix:
|0	148	402	550	329	420	187	318	366	280	504	273	233	333	112	344	379	481	113	593	159	523	261	424	90	359	163	461	413	240	105	299	265	89	371	462	339	273	495	22	41	439	369	506	563	468	|
|148	0	284	517	394	284	136	369	244	311	496	166	329	355	223	202	338	388	204	565	254	506	118	346	71	423	173	471	336	118	105	352	198	105	248	428	302	305	487	153	179	441	230	497	517	370	|
|402	284	0	350	448	80	228	406	42	343	382	129	456	350	412	126	219	131	382	395	410	371	180	137	314	466	289	400	137	167	389	401	169	316	39	280	217	342	373	394	414	362	108	380	324	106	|
|550	517	350	0	339	429	385	308	374	295	93	375	431	249	481	461	180	239	458	48	445	57	474	214	496	333	387	160	216	424	601	321	320	471	376	90	217	301	93	530	534	146	452	88	52	262	|
|329	394	448	339	0	513	282	42	438	105	255	363	115	108	221	484	259	431	217	365	172	289	436	362	333	30	224	189	353	380	423	47	291	296	443	285	240	107	251	307	294	193	495	260	378	437	|
|420	284	80	429	513	0	267	473	76	408	462	163	509	421	449	86	298	201	421	474	455	451	167	217	330	533	333	478	217	181	386	466	225	341	70	360	291	406	453	416	438	440	59	460	400	176	|
|187	136	228	385	282	267	0	249	199	186	360	104	248	224	184	214	207	294	155	432	189	371	155	237	113	308	68	336	227	101	216	236	78	98	205	296	168	181	350	174	190	305	231	360	390	283	|
|318	369	406	308	42	473	249	0	397	66	229	325	128	67	216	447	218	389	206	337	168	260	402	320	311	61	196	167	311	345	406	19	252	275	403	248	198	70	223	296	286	164	457	233	344	395	|
|366	244	42	374	438	76	199	397	0	332	397	96	436	346	383	90	228	168	354	420	385	389	139	161	277	458	263	408	158	128	349	391	150	282	6	298	218	331	388	359	380	370	78	395	352	144	|
|280	311	343	295	105	408	186	66	332	0	231	259	142	53	191	380	171	337	173	332	150	257	337	267	258	127	139	182	258	280	359	58	186	223	338	222	143	6	224	258	254	164	390	234	323	340	|
|504	496	382	93	255	462	360	229	397	231	0	375	356	180	422	478	173	293	403	110	381	36	474	248	463	245	345	68	246	419	568	244	308	433	400	104	200	237	9	482	482	67	474	5	142	312	|
|273	166	129	375	363	163	104	325	96	259	375	0	347	283	288	121	202	221	259	423	292	376	99	183	186	386	170	370	175	52	269	315	76	187	102	288	177	256	365	265	285	333	133	374	365	204	|
|233	329	456	431	115	509	248	128	436	142	356	347	0	181	121	462	311	472	128	463	76	386	398	403	260	141	180	294	392	349	334	111	287	224	442	362	280	139	350	212	194	289	479	360	463	472	|
|333	355	350	249	108	421	224	67	346	53	180	283	181	0	244	403	152	324	226	283	201	207	369	256	307	118	186	129	247	311	409	74	208	273	351	183	136	59	173	311	307	113	410	183	282	331	|
|112	223	412	481	221	449	184	216	383	191	422	288	121	244	0	387	327	461	30	521	49	447	313	396	152	250	125	371	385	273	214	196	249	121	389	400	288	185	415	91	74	355	408	425	503	454	|
|344	202	126	461	484	86	214	447	90	380	478	121	462	403	387	0	305	256	360	508	400	473	84	250	255	507	282	482	246	115	302	437	196	271	90	382	288	377	469	343	367	444	28	476	441	232	|
|379	338	219	180	259	298	207	218	228	171	173	202	311	152	327	305	0	172	301	227	300	174	302	105	318	270	217	180	97	249	423	221	141	296	232	90	40	173	164	361	368	142	303	172	184	180	|
|481	388	131	239	431	201	294	389	168	337	293	221	472	324	461	256	172	0	432	280	446	273	300	70	400	442	337	330	80	271	490	391	217	391	167	191	194	339	286	468	483	294	239	289	203	26	|
|113	204	382	458	217	421	155	206	354	173	403	259	128	226	30	360	301	432	0	499	52	426	287	367	133	246	95	355	356	246	208	187	219	100	360	376	261	167	395	90	81	337	381	406	478	425	|
|593	565	395	48	365	474	432	337	420	332	110	423	463	283	521	508	227	280	499	0	482	77	521	260	542	356	431	178	262	472	647	352	368	516	422	137	264	338	114	573	576	174	499	106	78	304	|
|159	254	410	445	172	455	189	168	385	150	381	292	76	201	49	400	300	446	52	482	0	407	331	378	184	201	122	327	367	286	258	149	242	150	391	367	263	144	374	137	122	314	419	384	470	441	|
|523	506	371	57	289	451	371	260	389	257	36	376	386	207	447	473	174	273	426	77	407	0	475	234	477	280	363	104	234	422	583	275	313	449	392	91	205	263	38	503	504	97	468	31	108	294	|
|261	118	180	474	436	167	155	402	139	337	474	99	398	369	313	84	302	300	287	521	331	475	0	275	173	462	220	465	268	58	219	390	168	193	142	388	275	333	464	261	286	430	111	473	462	279	|
|424	346	137	214	362	217	237	320	161	267	248	183	403	256	396	250	105	70	367	260	378	234	275	0	348	374	274	274	11	234	444	321	159	335	163	145	124	269	239	409	422	237	239	245	191	76	|
|90	71	314	496	333	330	113	311	277	258	463	186	260	307	152	255	318	400	133	542	184	477	173	348	0	362	121	430	338	150	106	293	190	37	282	406	279	252	454	88	113	403	280	464	502	386	|
|359	423	466	333	30	533	308	61	458	127	245	386	141	118	250	507	270	442	246	356	201	280	462	374	362	0	252	178	365	406	453	73	313	325	463	286	254	130	242	336	324	187	517	250	374	449	|
|163	173	289	387	224	333	68	196	263	139	345	170	180	186	125	282	217	337	95	431	122	363	220	274	121	252	0	310	263	168	225	180	124	88	269	300	177	133	337	144	152	284	299	347	400	330	|
|461	471	400	160	189	478	336	167	408	182	68	370	294	129	371	482	180	330	355	178	327	104	465	274	430	178	310	0	269	408	534	184	297	398	412	142	194	188	66	439	436	38	482	73	206	345	|
|413	336	137	216	353	217	227	311	158	258	246	175	392	247	385	246	97	80	356	262	367	234	268	11	338	365	263	269	0	226	434	312	149	324	160	143	115	259	237	399	411	232	237	243	196	84	|
|240	118	167	424	380	181	101	345	128	280	419	52	349	311	273	115	249	271	246	472	286	422	58	234	150	406	168	408	226	0	223	333	111	160	133	336	219	276	409	235	258	373	136	418	416	252	|
|105	105	389	601	423	386	216	406	349	359	568	269	334	409	214	302	423	490	208	647	258	583	219	444	106	453	225	534	434	223	0	388	289	137	353	511	384	353	559	123	145	508	330	570	606	473	|
|299	352	401	321	47	466	236	19	391	58	244	315	111	74	196	437	221	391	187	352	149	275	390	321	293	73	180	184	312	333	388	0	243	257	396	258	197	60	238	276	267	178	448	248	355	395	|
|265	198	169	320	291	225	78	252	150	186	308	76	287	208	249	196	141	217	219	368	242	313	168	159	190	313	124	297	149	111	289	243	0	176	156	231	109	183	299	251	266	262	205	308	319	207	|
|89	105	316	471	296	341	98	275	282	223	433	187	224	273	121	271	296	391	100	516	150	449	193	335	37	325	88	398	324	160	137	257	176	0	287	382	256	217	424	78	98	372	295	434	480	379	|
|371	248	39	376	443	70	205	403	6	338	400	102	442	351	389	90	232	167	360	422	391	392	142	163	282	463	269	412	160	133	353	396	156	287	0	301	222	336	391	365	386	374	77	398	353	143	|
|462	428	280	90	285	360	296	248	298	222	104	288	362	183	400	382	90	191	376	137	367	91	388	145	406	286	300	142	143	336	511	258	231	382	301	0	127	226	96	443	448	110	376	100	103	209	|
|339	302	217	217	240	291	168	198	218	143	200	177	280	136	288	288	40	194	261	264	263	205	275	124	279	254	177	194	115	219	384	197	109	256	222	127	0	145	190	321	328	157	289	199	224	198	|
|273	305	342	301	107	406	181	70	331	6	237	256	139	59	185	377	173	339	167	338	144	263	333	269	252	130	133	188	259	276	353	60	183	217	336	226	145	0	230	251	248	170	388	240	328	341	|
|495	487	373	93	251	453	350	223	388	224	9	365	350	173	415	469	164	286	395	114	374	38	464	239	454	242	337	66	237	409	559	238	299	424	391	96	190	230	0	474	474	61	465	11	141	305	|
|22	153	394	530	307	416	174	296	359	258	482	265	212	311	91	343	361	468	90	573	137	503	261	409	88	336	144	439	399	235	123	276	251	78	365	443	321	251	474	0	26	418	367	485	544	456	|
|41	179	414	534	294	438	190	286	380	254	482	285	194	307	74	367	368	483	81	576	122	504	286	422	113	324	152	436	411	258	145	267	266	98	386	448	328	248	474	26	0	416	391	484	550	472	|
|439	441	362	146	193	440	305	164	370	164	67	333	289	113	355	444	142	294	337	174	314	97	430	237	403	187	284	38	232	373	508	178	262	372	374	110	157	170	61	418	416	0	444	71	187	309	|
|369	230	108	452	495	59	231	457	78	390	474	133	479	410	408	28	303	239	381	499	419	468	111	239	280	517	299	482	237	136	330	448	205	295	77	376	289	388	465	367	391	444	0	472	429	214	|
|506	497	380	88	260	460	360	233	395	234	5	374	360	183	425	476	172	289	406	106	384	31	473	245	464	250	347	73	243	418	570	248	308	434	398	100	199	240	11	485	484	71	472	0	137	309	|
|563	517	324	52	378	400	390	344	352	323	142	365	463	282	503	441	184	203	478	78	470	108	462	191	502	374	400	206	196	416	606	355	319	480	353	103	224	328	141	544	550	187	429	137	0	228	|
|468	370	106	262	437	176	283	395	144	340	312	204	472	331	454	232	180	26	425	304	441	294	279	76	386	449	330	345	84	252	473	395	207	379	143	209	198	341	305	456	472	309	214	309	228	0	|

--------------------------------------------------------------------------------
Building model...
	using lazy and cut (CVRPSEP package)
Solving IRP LP...
--------------------------------------------------------------------------------

Gurobi 9.1.0 (linux64) logging started Thu Feb 11 01:28:15 2021

Gurobi Optimizer version 9.1.0 build v9.1.0rc0 (linux64)
Thread count: 32 physical cores, 32 logical processors, using up to 2 threads
Optimize a model with 1432 rows, 10318 columns and 23842 nonzeros
Model fingerprint: 0x316c8e45
Variable types: 589 continuous, 9729 integer (414 binary)
Coefficient statistics:
  Matrix range     [1e+00, 2e+03]
  Objective range  [1e-02, 6e+02]
  Bounds range     [1e+00, 3e+02]
  RHS range        [1e+00, 5e+03]
Presolve removed 427 rows and 600 columns
Presolve time: 0.14s
Presolved: 1005 rows, 9718 columns, 21195 nonzeros
Variable types: 356 continuous, 9362 integer (8943 binary)

Root relaxation: objective 2.645983e+03, 1301 iterations, 0.04 seconds

    Nodes    |    Current Node    |     Objective Bounds      |     Work
 Expl Unexpl |  Obj  Depth IntInf | Incumbent    BestBd   Gap | It/Node Time

     0     0 2645.98336    0  140          - 2645.98336      -     -    0s
     0     0 3000.44338    0  147          - 3000.44338      -     -    0s
     0     0 3000.44338    0  136          - 3000.44338      -     -    0s
     0     0 3531.65283    0  227          - 3531.65283      -     -    0s
     0     0 3609.25570    0  201          - 3609.25570      -     -    0s
     0     0 3613.55146    0  198          - 3613.55146      -     -    0s
     0     0 3628.72092    0  189          - 3628.72092      -     -    0s
     0     0 3629.40929    0  190          - 3629.40929      -     -    0s
     0     0 3711.27234    0  192          - 3711.27234      -     -    1s
     0     0 3735.93023    0  201          - 3735.93023      -     -    1s
     0     0 3739.95931    0  234          - 3739.95931      -     -    1s
     0     0 3740.99400    0  240          - 3740.99400      -     -    1s
     0     0 3780.71549    0  251          - 3780.71549      -     -    1s
     0     0 3801.11929    0  322          - 3801.11929      -     -    2s
     0     0 3837.05624    0  328          - 3837.05624      -     -    2s
     0     0 3842.42885    0  357          - 3842.42885      -     -    2s
     0     0 3842.87941    0  360          - 3842.87941      -     -    2s
     0     0 3879.79340    0  282          - 3879.79340      -     -    2s
     0     0 3896.75686    0  329          - 3896.75686      -     -    2s
     0     0 3919.77743    0  275          - 3919.77743      -     -    2s
     0     0 3921.18268    0  269          - 3921.18268      -     -    3s
     0     0 3934.07857    0  248          - 3934.07857      -     -    3s
     0     0 3938.61207    0  289          - 3938.61207      -     -    3s
     0     0 3939.63828    0  322          - 3939.63828      -     -    3s
     0     0 3945.34235    0  308          - 3945.34235      -     -    3s
     0     0 3945.34235    0  308          - 3945.34235      -     -    3s
     0     2 3945.34235    0  308          - 3945.34235      -     -    4s
     3     6 4009.91966    2  325          - 3955.63134      -   418    5s
   108   115 4292.39025   37  201          - 3975.52556      -   236   10s
   252   273 5442.01591   97  147          - 3975.52556      -   203   15s
