




arguments: ./build/bc_mirp -f ./input/orig_exec_120.cfg
Current dir: /scratch/gui/bc_mirp
File verbosity level: 9
date       time         ( uptime  ) [ thread name/id ]                   file:line     v| 
2021-02-07 19:02:04.336 (   0.091s) [main thread     ]             loguru.cpp:789   INFO| Logging to './output/vi_vc+lex_quarter/OU/V3/Original/execution_07_02_2021_19_02_04.log', mode: 'a', verbosity: 9
--------------------------------------------------------------------------------
Parameters
                           instance_path           ./input/Instances/Original/3/
                            model_policy                                       1
                             nb_vehicles                                       3
                              output_dir./output/vi_vc+lex_quarter/OU/V3/Original/
                            sec_strategy                                       1
                       solver_nb_threads                                       2
                         solver_show_log                                    true
                       solver_time_limit                                    3600
                              use_vi_cos                                   false
                              use_vi_cus                                   false
                         use_vi_hc1_full                                   false
                         use_vi_hc1_half                                   false
                      use_vi_hc1_quarter                                   false
                              use_vi_hc2                                   false
                              use_vi_hc3                                   false
                         use_vi_lex_full                                   false
                         use_vi_lex_half                                   false
                      use_vi_lex_quarter                                    true
                              use_vi_qua                                   false
                               use_vi_vc                                    true
                               use_vi_vr                                   false
--------------------------------------------------------------------------------
executing instance: ./input/Instances/Original/3/absH3low_2n5.dat
--------------------------------------------------------------------------------
Instance details
n	6
H	3
C	237
Li:
[0, 0, 0, 0, 0, 0, ]
Ui:
[0, 93, 180, 51, 114, 24, ]
Distance matrix:
|0	170	318	35	112	235	|
|170	0	311	205	258	301	|
|318	311	0	326	278	137	|
|35	205	326	0	89	230	|
|112	258	278	89	0	160	|
|235	301	137	230	160	0	|

--------------------------------------------------------------------------------
Building model...
	using lazy and cut (CVRPSEP package)
Solving IRP LP...
--------------------------------------------------------------------------------

Gurobi 9.1.0 (linux64) logging started Sun Feb  7 19:02:04 2021

Gurobi Optimizer version 9.1.0 build v9.1.0rc0 (linux64)
Thread count: 32 physical cores, 32 logical processors, using up to 2 threads
Optimize a model with 192 rows, 258 columns and 882 nonzeros
Model fingerprint: 0xa1fa7fd8
Variable types: 69 continuous, 189 integer (54 binary)
Coefficient statistics:
  Matrix range     [1e+00, 2e+02]
  Objective range  [1e-02, 3e+02]
  Bounds range     [1e+00, 2e+02]
  RHS range        [1e+00, 5e+02]
Presolve removed 58 rows and 42 columns
Presolve time: 0.01s
Presolved: 134 rows, 216 columns, 669 nonzeros
Variable types: 38 continuous, 178 integer (127 binary)
Found heuristic solution: objective 2523.1100000
Found heuristic solution: objective 2299.2100000
Found heuristic solution: objective 1828.8300000

Root relaxation: objective 8.459267e+02, 262 iterations, 0.01 seconds

    Nodes    |    Current Node    |     Objective Bounds      |     Work
 Expl Unexpl |  Obj  Depth IntInf | Incumbent    BestBd   Gap | It/Node Time

     0     0  845.92672    0   46 1828.83000  845.92672  53.7%     -    0s
     0     0 1578.02296    0   52 1828.83000 1578.02296  13.7%     -    0s
H    0     0                    1779.2100000 1578.02296  11.3%     -    0s
H    0     0                    1779.0400000 1578.02296  11.3%     -    0s
     0     0 1582.56348    0   60 1779.04000 1582.56348  11.0%     -    0s
     0     0 1583.04163    0   59 1779.04000 1583.04163  11.0%     -    0s
     0     0 1626.10689    0   89 1779.04000 1626.10689  8.60%     -    0s
     0     0 1630.98628    0   84 1779.04000 1630.98628  8.32%     -    0s
     0     0 1631.04296    0   90 1779.04000 1631.04296  8.32%     -    0s
     0     0 1672.73163    0   75 1779.04000 1672.73163  5.98%     -    0s
     0     0 1675.42577    0   68 1779.04000 1675.42577  5.82%     -    0s
     0     0 1675.75510    0   71 1779.04000 1675.75510  5.81%     -    0s
     0     0 1678.61893    0   67 1779.04000 1678.61893  5.64%     -    0s
H    0     0                    1770.8300000 1678.61893  5.21%     -    0s
H    0     0                    1770.5200000 1678.61893  5.19%     -    0s
     0     0 1681.71461    0   70 1770.52000 1681.71461  5.02%     -    0s
     0     0 1681.86208    0   71 1770.52000 1681.86208  5.01%     -    0s
     0     0 1682.87933    0   77 1770.52000 1682.87933  4.95%     -    0s
     0     0 1682.87933    0   71 1770.52000 1682.87933  4.95%     -    0s
H    0     0                    1720.8300000 1682.87933  2.21%     -    0s
     0     0 1683.11020    0   31 1720.83000 1683.11020  2.19%     -    0s
     0     0 1683.11020    0   61 1720.83000 1683.11020  2.19%     -    0s
     0     0 1683.11020    0   57 1720.83000 1683.11020  2.19%     -    0s
     0     0 1683.11020    0   27 1720.83000 1683.11020  2.19%     -    0s
     0     0 1683.11020    0   27 1720.83000 1683.11020  2.19%     -    0s
     0     0 1683.11020    0   69 1720.83000 1683.11020  2.19%     -    0s
     0     0 1683.32646    0   66 1720.83000 1683.32646  2.18%     -    0s
     0     0 1683.45832    0   75 1720.83000 1683.45832  2.17%     -    0s
     0     0 1691.98610    0   75 1720.83000 1691.98610  1.68%     -    0s
     0     0 1692.26415    0   77 1720.83000 1692.26415  1.66%     -    0s
     0     0 1698.33000    0    5 1720.83000 1698.33000  1.31%     -    0s
     0     0 1699.66168    0   63 1720.83000 1699.66168  1.23%     -    0s
     0     0 1714.87035    0   30 1720.83000 1714.87035  0.35%     -    0s

Cutting planes:
  Cover: 16
  Implied bound: 13
  Clique: 3
  MIR: 5
  Flow cover: 14
  Network: 3
  RLT: 17
  Relax-and-lift: 7

Explored 1 nodes (1361 simplex iterations) in 0.25 seconds
Thread count was 2 (of 32 available processors)

Solution count 8: 1720.83 1770.52 1770.83 ... 2523.11

Optimal solution found (tolerance 1.00e-04)
Best objective 1.720830000000e+03, best bound 1.720830000000e+03, gap 0.0000%

User-callback calls 327, time in user-callback 0.01 sec
================================================================================
executing instance: ./input/Instances/Original/3/absH3high_5n30.dat
--------------------------------------------------------------------------------
Instance details
n	31
H	3
C	2296
Li:
[0, 0, 0, 0, 0, 0, 0, 0, 0, 0, 0, 0, 0, 0, 0, 0, 0, 0, 0, 0, 0, 0, 0, 0, 0, 0, 0, 0, 0, 0, 0, ]
Ui:
[0, 80, 90, 297, 28, 264, 123, 192, 112, 32, 72, 88, 294, 129, 126, 105, 110, 237, 246, 92, 72, 147, 54, 96, 128, 96, 84, 28, 74, 196, 192, ]
Distance matrix:
|0	87	302	65	389	171	219	120	412	339	129	63	169	401	383	158	393	161	246	275	64	287	345	235	13	274	106	201	85	358	135	|
|87	0	334	128	402	212	301	204	465	384	187	145	232	424	454	238	475	245	289	352	80	307	352	321	81	352	20	261	170	376	215	|
|302	334	0	239	113	132	237	334	157	70	404	263	162	105	227	229	339	251	65	217	259	53	107	352	293	220	339	134	270	75	235	|
|65	128	239	0	330	107	175	130	348	275	174	40	107	339	326	114	351	125	181	224	58	228	290	222	58	224	143	138	65	297	92	|
|389	402	113	330	0	226	349	438	210	151	502	360	269	48	316	339	441	362	175	328	335	102	55	465	377	330	401	245	371	37	342	|
|171	212	132	107	226	0	169	214	253	173	276	134	64	233	261	130	326	153	77	188	133	125	192	264	162	190	220	68	145	193	125	|
|219	301	237	175	349	169	0	157	257	223	244	157	105	334	180	62	175	61	177	63	233	264	334	118	221	61	317	112	136	312	85	|
|120	204	334	130	438	214	157	0	402	348	88	90	173	438	336	115	307	100	269	220	172	338	406	122	130	218	224	204	69	403	101	|
|412	465	157	348	210	253	257	402	0	88	486	359	245	166	129	287	266	303	178	204	386	208	239	370	406	207	473	212	354	187	304	|
|339	384	70	275	151	173	223	348	88	0	427	291	179	120	166	234	290	254	96	187	306	123	166	342	332	190	391	145	291	119	247	|
|129	187	404	174	502	276	244	88	486	427	0	142	248	508	424	200	390	187	342	308	193	400	464	192	142	306	207	281	136	469	182	|
|63	145	263	40	360	134	157	90	359	291	142	0	114	366	321	95	331	99	202	212	90	258	323	186	65	211	163	148	27	327	72	|
|169	232	162	107	269	64	105	173	245	179	248	114	0	266	222	71	268	94	97	131	155	173	244	203	164	132	245	34	113	233	73	|
|401	424	105	339	48	233	334	438	166	120	508	366	266	0	280	332	409	355	169	305	353	117	96	452	391	308	425	237	374	49	339	|
|383	454	227	326	316	261	180	336	129	166	424	321	222	280	0	231	137	238	208	116	376	277	331	272	381	118	467	197	307	285	253	|
|158	238	229	114	339	130	62	115	287	234	200	95	71	332	231	0	238	23	164	118	171	243	314	134	159	117	255	95	77	302	23	|
|393	475	339	351	441	326	175	307	266	290	390	331	268	409	137	238	0	232	300	138	408	383	445	204	395	136	492	258	308	406	260	|
|161	245	251	125	362	153	61	100	303	254	187	99	94	355	238	23	232	0	187	123	183	267	338	111	164	121	262	117	77	325	34	|
|246	289	65	181	175	77	177	269	178	96	342	202	97	169	208	164	300	187	0	168	210	87	157	290	238	171	296	70	206	138	170	|
|275	352	217	224	328	188	63	220	204	187	308	212	131	305	116	118	138	123	168	0	279	255	322	166	275	3	367	120	195	291	141	|
|64	80	259	58	335	133	233	172	386	306	193	90	155	353	376	171	408	183	210	279	0	236	289	276	51	279	90	182	117	307	150	|
|287	307	53	228	102	125	264	338	208	123	400	258	173	117	277	243	383	267	87	255	236	0	71	374	276	257	308	153	270	71	245	|
|345	352	107	290	55	192	334	406	239	166	464	323	244	96	331	314	445	338	157	322	289	71	0	445	334	325	350	224	337	54	315	|
|235	321	352	222	465	264	118	122	370	342	192	186	203	452	272	134	204	111	290	166	276	374	445	0	243	164	341	221	159	428	142	|
|13	81	293	58	377	162	221	130	406	332	142	65	164	391	381	159	395	164	238	275	51	276	334	243	0	274	100	196	89	347	136	|
|274	352	220	224	330	190	61	218	207	190	306	211	132	308	118	117	136	121	171	3	279	257	325	164	274	0	367	122	194	294	140	|
|106	20	339	143	401	220	317	224	473	391	207	163	245	425	467	255	492	262	296	367	90	308	350	341	100	367	0	272	188	377	232	|
|201	261	134	138	245	68	112	204	212	145	281	148	34	237	197	95	258	117	70	120	182	153	224	221	196	122	272	0	146	208	103	|
|85	170	270	65	371	145	136	69	354	291	136	27	113	374	307	77	308	77	206	195	117	270	337	159	89	194	188	146	0	337	54	|
|358	376	75	297	37	193	312	403	187	119	469	327	233	49	285	302	406	325	138	291	307	71	54	428	347	294	377	208	337	0	306	|
|135	215	235	92	342	125	85	101	304	247	182	72	73	339	253	23	260	34	170	141	150	245	315	142	136	140	232	103	54	306	0	|

--------------------------------------------------------------------------------
Building model...
	using lazy and cut (CVRPSEP package)
Solving IRP LP...
--------------------------------------------------------------------------------

Gurobi 9.1.0 (linux64) logging started Sun Feb  7 19:02:05 2021

Gurobi Optimizer version 9.1.0 build v9.1.0rc0 (linux64)
Thread count: 32 physical cores, 32 logical processors, using up to 2 threads
Optimize a model with 967 rows, 4858 columns and 11854 nonzeros
Model fingerprint: 0x42b15ad3
Variable types: 394 continuous, 4464 integer (279 binary)
Coefficient statistics:
  Matrix range     [1e+00, 8e+02]
  Objective range  [1e-01, 5e+02]
  Bounds range     [1e+00, 3e+02]
  RHS range        [1e+00, 4e+03]
Presolve removed 296 rows and 409 columns
Presolve time: 0.12s
Presolved: 671 rows, 4449 columns, 10163 nonzeros
Variable types: 232 continuous, 4217 integer (3940 binary)

Root relaxation: objective 8.930138e+03, 877 iterations, 0.02 seconds

    Nodes    |    Current Node    |     Objective Bounds      |     Work
 Expl Unexpl |  Obj  Depth IntInf | Incumbent    BestBd   Gap | It/Node Time

     0     0 8930.13761    0  107          - 8930.13761      -     -    0s
     0     0 9263.71986    0   74          - 9263.71986      -     -    0s
     0     0 9688.49242    0  135          - 9688.49242      -     -    0s
     0     0 9725.71440    0  139          - 9725.71440      -     -    0s
     0     0 9726.63678    0  139          - 9726.63678      -     -    0s
     0     0 9846.85792    0  191          - 9846.85792      -     -    0s
     0     0 9855.12691    0  179          - 9855.12691      -     -    0s
     0     0 9856.88103    0  196          - 9856.88103      -     -    0s
     0     0 9857.40277    0  182          - 9857.40277      -     -    0s
     0     0 9911.53989    0  191          - 9911.53989      -     -    0s
     0     0 9921.26959    0  224          - 9921.26959      -     -    0s
     0     0 9924.31986    0  259          - 9924.31986      -     -    0s
     0     0 9925.22510    0  252          - 9925.22510      -     -    1s
     0     0 9933.29576    0  283          - 9933.29576      -     -    1s
     0     0 9935.46378    0  299          - 9935.46378      -     -    1s
     0     0 9935.51502    0  307          - 9935.51502      -     -    1s
     0     0 9945.66218    0  280          - 9945.66218      -     -    1s
     0     0 9949.04871    0  331          - 9949.04871      -     -    1s
     0     2 9949.41099    0  331          - 9949.41099      -     -    1s
   236   267 11054.0283   60   90          - 9963.83063      -   105    5s
*  374   363             153    13163.490000 9963.83063  24.3%  75.3    5s
   482   446 10134.1247    7  330 13163.4900 9964.25606  24.3%  77.5   10s
H  493   439                    12984.749992 9964.25606  23.3%  79.3   10s
H  580   514                    12545.700000 9964.25606  20.6%  89.1   14s
   616   548 10334.3621   39   48 12545.7000 9964.25606  20.6%  88.4   15s
H  778   651                    12226.700000 9964.25606  18.5%  77.8   17s
   788   657 11637.4704   91  342 12226.7000 10031.6086  18.0%  76.8   20s
   807   670 10514.4819   42  409 12226.7000 10046.9583  17.8%  75.0   25s
H  818   644                    12118.920000 10047.1168  17.1%  80.1   28s
   830   652 10622.2726   29  388 12118.9200 10047.1593  17.1%  78.9   30s
   842   660 10557.8310   34  365 12118.9200 10052.7372  17.0%  77.8   35s
   850   669 10057.6047   23  388 12118.9200 10057.6047  17.0%  82.1   40s
   883   692 10223.4588   31  306 12118.9200 10099.1348  16.7%  95.3   45s
   955   744 10499.5366   47  229 12118.9200 10099.1348  16.7%   108   50s
  1047   813 10868.5086   73  155 12118.9200 10099.1348  16.7%   117   55s
  1179   901 11157.1875  114  140 12118.9200 10099.1348  16.7%   121   60s
  1336  1035 11623.9761  163  129 12118.9200 10099.1348  16.7%   120   65s
  1517  1066 10259.1626   29  277 12118.9200 10100.7325  16.7%   115   72s
  1572  1079 10415.0573   32  157 12118.9200 10100.7325  16.7%   116   75s
  1676  1115 10847.5813   54  192 12118.9200 10100.7325  16.7%   119   80s
  1855  1255 11893.0191  133   76 12118.9200 10100.7325  16.7%   117   86s
  1995  1252 10267.7076   28  362 12118.9200 10106.9948  16.6%   115   90s
  2049  1328 10450.2216   37   68 12118.9200 10106.9948  16.6%   117   95s
  2234  1464 10640.3748   91   94 12118.9200 10106.9948  16.6%   112  100s
  2466  1718 11529.5347  137   17 12118.9200 10130.8743  16.4%   105  105s
  2700  1672 10322.6158   31  324 12118.9200 10130.8769  16.4%   100  110s
  2762  1709 10456.4925   52   97 12118.9200 10130.8769  16.4%   103  119s
  2773  1740 10536.5893   54  102 12118.9200 10130.8769  16.4%   103  121s
  2906  1887 11367.3657  132   55 12118.9200 10130.8769  16.4%   102  127s
  2976  1981 11485.9016  156   22 12118.9200 10166.5385  16.1%   101  130s
  3161  2208 10436.9854   31  291 12118.9200 10167.3164  16.1%  98.7  136s
  3478  2266 infeasible   71      12118.9200 10183.4505  16.0%  93.4  142s
  3508  2413 10617.4379   40   78 12118.9200 10183.6562  16.0%  94.3  145s
  3726  2460 10395.4634   36  342 12118.9200 10191.1432  15.9%  92.5  150s
  3844  2593 11164.9847   70  157 12118.9200 10203.6425  15.8%  93.3  157s
  3920  2619 10542.1653   27  284 12118.9200 10208.4547  15.8%  93.4  160s
  3985  2741 10537.7785   44  159 12118.9200 10208.4547  15.8%  96.5  165s
  4188  2943 10824.0516   77  105 12118.9200 10208.4547  15.8%  96.9  172s
  4294  2988 11407.9738  122    6 12118.9200 10218.1929  15.7%  97.0  176s
  4363  3064 11910.3281  136   33 12118.9200 10218.2312  15.7%  97.7  180s
  4557  3309 11070.1574  159   17 12118.9200 10220.3669  15.7%  96.3  185s
  4740  3379 infeasible  203      12118.9200 10220.4030  15.7%  94.4  190s
  4957  3530 10485.6619   27  231 12118.9200 10234.0941  15.6%  94.4  198s
  5004  3639 11329.2015   55  155 12118.9200 10240.6255  15.5%  95.7  202s
  5159  3750 10705.1514   39  174 12118.9200 10245.8775  15.5%  95.2  207s
  5283  3870 10426.1497   34  268 12118.9200 10246.3245  15.5%  95.5  212s
  5434  3972 10542.7582   40  254 12118.9200 10246.3245  15.5%  94.7  218s
  5548  4012 11052.3160   66   22 12118.9200 10250.4241  15.4%  95.1  223s
  5600  4086 11292.0400   77    - 12118.9200 10257.8502  15.4%  96.0  228s
  5689  4153 11557.7682   77   36 12118.9200 10260.0783  15.3%  96.8  234s
  5766  4271 10657.7614   43  147 12118.9200 10261.5886  15.3%  97.7  239s
  5844  4279 11857.0044  111    8 12118.9200 10261.5886  15.3%  96.9  240s
  5910  4384     cutoff  116      12118.9200 10262.8864  15.3%  97.7  246s
  6052  4443 10670.6132   49  247 12118.9200 10263.6918  15.3%  97.3  251s
  6113  4579     cutoff  100      12118.9200 10267.6651  15.3%  97.4  258s
  6296  4707 11717.3877  101   14 12118.9200 10269.9057  15.3%  97.2  265s
  6451  4741     cutoff  115      12118.9200 10274.9593  15.2%  97.2  271s
  6486  4820 10656.4130   32  218 12118.9200 10280.7827  15.2%  98.8  277s
  6565  4902 10690.8693   36  327 12118.9200 10280.7827  15.2%   100  283s
  6679  4968 11718.4013   54   70 12118.9200 10283.1917  15.1%   100  289s
  6741  4968 10714.2756   39  150 12118.9200 10283.1917  15.1%   100  290s
  6780  5220 10819.1759   45  101 12118.9200 10283.6184  15.1%   101  297s
  7102  5301 11917.3600   96    - 12118.9200 10288.2549  15.1%  98.8  305s
  7185  5450     cutoff  116      12118.9200 10289.2012  15.1%  98.7  310s
  7364  5554 12083.5600   88    - 12118.9200 10290.5025  15.1%  98.4  318s
  7487  5665 11991.4020  102   34 12118.9200 10290.9272  15.1%  99.2  327s
  7624  5797 10841.8330   59   97 12118.9200 10292.0892  15.1%  99.3  334s
  7743  5810 11125.7497   66   77 12118.9200 10293.6108  15.1%   100  335s
  7808  5915 11854.2256   98   40 12118.9200 10294.0170  15.1%  99.1  343s
  7933  5991     cutoff  107      12118.9200 10295.1177  15.0%   100  350s
  8029  6148 10660.8050   50  225 12118.9200 10297.3173  15.0%   100  358s
  8207  6211 11868.8006   99   26 12118.9200 10300.3317  15.0%   100  365s
  8349  6319 11977.8318  103   16 12118.9200 10302.7090  15.0%   101  372s
  8465  6459 infeasible  111      12118.9200 10305.1975  15.0%   102  379s
  8519  6459 11482.6691   80  118 12118.9200 10305.1975  15.0%   102  380s
  8609  6589 12088.7639  123   34 12118.9200 10307.5600  14.9%   102  387s
  8759  6690 11663.3945   70   41 12118.9200 10309.2948  14.9%   102  395s
  8885  6872     cutoff   92      12118.9200 10310.9609  14.9%   102  403s
  9079  7064 11522.5650   73   37 12118.9200 10311.2975  14.9%   103  412s
  9343  7296     cutoff  105      12118.9200 10314.8318  14.9%   102  422s
  9593  7430     cutoff  111      12118.9200 10316.2488  14.9%   101  431s
  9764  7637 10575.3374   32  325 12118.9200 10319.6203  14.8%   101  442s
 10089  7857 11240.0484   63   83 12118.9200 10319.7445  14.8%   100  451s
 10317  8036 infeasible  122      12118.9200 10322.7053  14.8%   100  459s
 10357  8036 11426.1577   71   72 12118.9200 10322.7053  14.8%   100  460s
 10514  8171 11747.7713  107   77 12118.9200 10324.0505  14.8%   100  469s
 10681  8359 10409.5016   39  261 12118.9200 10326.2424  14.8%   100  480s
 10914  8418 11925.5500  109   12 12118.9200 10327.1620  14.8%  99.4  487s
*10915  8197             111    12007.050000 10327.1620  14.0%  99.4  487s
 10981  8296     cutoff  111      12007.0500 10327.5140  14.0%   100  496s
 11155  8427 11899.5200   97    - 12007.0500 10331.2082  14.0%   100  504s
 11278  8509 11635.8435  112   40 12007.0500 10331.6050  14.0%   101  512s
 11372  8592 10633.4877   42  166 12007.0500 10331.6050  14.0%   101  521s
 11483  8718 10808.0465   55  107 12007.0500 10331.6050  14.0%   101  529s
 11585  8723 infeasible   98      12007.0500 10331.6050  14.0%   101  530s
 11620  8906 11343.7357   81   60 12007.0500 10333.4705  13.9%   102  537s
 11839  9015 11056.7237   64  151 12007.0500 10334.2064  13.9%   102  545s
 11963  9118 10859.5573   50  285 12007.0500 10334.9552  13.9%   102  552s
 12101  9242 10541.0592   33  252 12007.0500 10338.6631  13.9%   102  560s
 12236  9388 10654.6319   34  197 12007.0500 10339.3342  13.9%   102  568s
 12418  9513 10549.8692   34  120 12007.0500 10339.9571  13.9%   103  577s
 12570  9713 11794.0562   86   22 12007.0500 10340.5572  13.9%   103  585s
 12798  9807     cutoff   96      12007.0500 10341.3543  13.9%   102  593s
 12902  9970 10974.0410   60  183 12007.0500 10342.6732  13.9%   103  601s
 13125 10167     cutoff  105      12007.0500 10345.4957  13.8%   103  610s
 13375 10330 10579.4428   35  347 12007.0500 10346.0932  13.8%   102  618s
 13573 10456 infeasible  109      12007.0500 10346.3296  13.8%   102  627s
 13708 10581 11837.9071  101   99 12007.0500 10347.7953  13.8%   102  635s
 13885 10694 11281.7127   63   36 12007.0500 10348.8838  13.8%   102  643s
 14020 10857 11891.7967  110   12 12007.0500 10349.8087  13.8%   103  652s
 14229 11011 infeasible  106      12007.0500 10349.8857  13.8%   102  661s
 14403 11184 10586.3303   38  292 12007.0500 10351.7604  13.8%   102  669s
 14447 11184 11164.4339   82   65 12007.0500 10351.7604  13.8%   103  670s
 14594 11292 11557.5398  128   43 12007.0500 10354.7489  13.8%   102  678s
 14727 11401     cutoff  137      12007.0500 10355.1070  13.8%   103  686s
 14891 11487     cutoff   89      12007.0500 10356.4902  13.7%   103  695s
 14986 11645 11300.1656   67   29 12007.0500 10358.3812  13.7%   103  703s
 15193 11687 11579.9625   92   26 12007.0500 10359.3898  13.7%   103  710s
 15243 11840 10861.5367   40  172 12007.0500 10359.4013  13.7%   103  719s
 15402 11842 11471.8300   91    - 12007.0500 10359.4013  13.7%   104  720s
 15414 11925 11474.9023   77   25 12007.0500 10360.2608  13.7%   104  727s
 15561 12045     cutoff  111      12007.0500 10360.6093  13.7%   104  736s
 15711 12151     cutoff   60      12007.0500 10361.3693  13.7%   104  745s
 15841 12243 11060.1627   60   76 12007.0500 10361.5804  13.7%   104  755s
 15963 12343 11705.4125   96   43 12007.0500 10361.6286  13.7%   104  763s
 16069 12476     cutoff  122      12007.0500 10363.0891  13.7%   104  772s
 16223 12626 11013.5025   64    5 12007.0500 10364.1453  13.7%   105  781s
 16436 12742     cutoff  102      12007.0500 10365.1251  13.7%   104  790s
 16565 12833 10765.0989   35  289 12007.0500 10367.5165  13.7%   105  798s
 16668 12963 11889.9884   75   36 12007.0500 10367.5313  13.7%   105  807s
 16843 13082     cutoff   78      12007.0500 10368.1436  13.6%   105  816s
 17007 13274     cutoff   94      12007.0500 10369.1245  13.6%   105  826s
 17273 13502 11519.4712   65    8 12007.0500 10369.5055  13.6%   104  837s
 17536 13619 infeasible   89      12007.0500 10369.9802  13.6%   104  846s
 17687 13780 infeasible  110      12007.0500 10370.8654  13.6%   104  854s
 17728 13783 11080.0204   64   63 12007.0500 10370.8654  13.6%   104  855s
 17892 13839     cutoff  108      12007.0500 10371.3332  13.6%   104  862s
 17956 13939 infeasible  108      12007.0500 10371.4183  13.6%   104  871s
 18075 14069 11914.5695   83   77 12007.0500 10371.7992  13.6%   105  879s
 18122 14071 11229.9576   68    6 12007.0500 10371.7992  13.6%   105  880s
 18275 14198 11870.7673   95   36 12007.0500 10373.0905  13.6%   104  888s
 18448 14299     cutoff  105      12007.0500 10373.4551  13.6%   104  896s
 18553 14448 infeasible   93      12007.0500 10375.3246  13.6%   105  904s
 18724 14537 10697.6191   35  166 12007.0500 10375.9782  13.6%   105  913s
 18834 14632 10763.2466   40  255 12007.0500 10376.3223  13.6%   105  921s
 18955 14743 10684.6267   39  272 12007.0500 10376.4556  13.6%   105  929s
 19081 14840 11247.8976   67   44 12007.0500 10376.6974  13.6%   105  937s
 19208 14912 11413.9612   60   29 12007.0500 10376.7931  13.6%   106  945s
 19301 15099 10831.8875   42  135 12007.0500 10378.6213  13.6%   106  954s
 19514 15117 11944.8171   86   45 12007.0500 10378.6335  13.6%   105  955s
 19555 15199     cutoff   86      12007.0500 10378.8916  13.6%   105  963s
 19646 15307 11032.2445   67  173 12007.0500 10379.4034  13.6%   106  972s
 19775 15405 10753.9245   43  290 12007.0500 10379.7298  13.6%   106  980s
 19897 15501 10823.2694   39  229 12007.0500 10379.7798  13.6%   106  990s
 20029 15539     cutoff  100      12007.0500 10380.5219  13.5%   106  998s
 20075 15594 11070.9616   42  185 12007.0500 10380.7341  13.5%   106 1006s
 20129 15706 11236.9670   45  224 12007.0500 10380.7341  13.5%   107 1015s
 20244 15833 11702.2568   50  202 12007.0500 10380.7341  13.5%   107 1025s
 20414 15952     cutoff   63      12007.0500 10381.5514  13.5%   107 1035s
 20578 16092 10796.3219   54   83 12007.0500 10381.6730  13.5%   107 1045s
 20777 16198     cutoff  124      12007.0500 10382.5029  13.5%   107 1054s
 20821 16199 11492.6802   82   55 12007.0500 10382.5029  13.5%   107 1055s
 20905 16324 11938.9290   93   27 12007.0500 10382.9486  13.5%   107 1065s
 21096 16459     cutoff   95      12007.0500 10383.8568  13.5%   107 1074s
 21167 16467     cutoff  105      12007.0500 10384.8913  13.5%   107 1075s
 21248 16522     cutoff   88      12007.0500 10385.4321  13.5%   107 1084s
 21324 16727 11063.5077   43   82 12007.0500 10385.5121  13.5%   108 1094s
 21477 16729 11124.7030   76   10 12007.0500 10385.5121  13.5%   108 1095s
 21550 16852 11320.8233   53  136 12007.0500 10386.0917  13.5%   107 1106s
 21723 16921     cutoff  101      12007.0500 10386.5583  13.5%   108 1116s
 21806 17001 11647.1700   77    - 12007.0500 10386.8488  13.5%   108 1125s
 21905 17085     cutoff   95      12007.0500 10387.3757  13.5%   108 1135s
 22020 17205 11208.3874   58   95 12007.0500 10387.4682  13.5%   108 1145s
 22180 17348     cutoff   97      12007.0500 10387.8662  13.5%   108 1156s
 22366 17450     cutoff   97      12007.0500 10388.6798  13.5%   108 1166s
 22488 17580 10668.5924   34  307 12007.0500 10389.0982  13.5%   109 1175s
 22628 17641 11559.7412   64   57 12007.0500 10389.1655  13.5%   109 1185s
 22733 17717 10886.8922   42  226 12007.0500 10389.2190  13.5%   109 1193s
 22803 17859 11696.9234   76   60 12007.0500 10389.8238  13.5%   109 1203s
 22993 17897     cutoff  108      12007.0500 10390.2161  13.5%   109 1212s
 23033 18031 10933.9410   49  127 12007.0500 10390.4514  13.5%   110 1222s
 23193 18163     cutoff  101      12007.0500 10390.6820  13.5%   110 1232s
 23389 18266 11342.1421   61   49 12007.0500 10391.1743  13.5%   110 1243s
 23525 18315     cutoff   85      12007.0500 10392.0373  13.5%   110 1256s
 23567 18372 10755.3831   50  173 12007.0500 10392.3907  13.4%   110 1267s
 23624 18502 11493.1333   76   79 12007.0500 10393.3217  13.4%   110 1276s
 23775 18590 11305.2260   57  194 12007.0500 10393.8646  13.4%   110 1285s
 23910 18684 11228.8707   57  150 12007.0500 10394.4345  13.4%   110 1294s
 24011 18763 11314.0220   55  127 12007.0500 10395.5354  13.4%   111 1302s
 24116 18869     cutoff   91      12007.0500 10395.6423  13.4%   111 1312s
 24270 18930 10778.4025   41  244 12007.0500 10396.1130  13.4%   111 1321s
 24321 19094 11019.7331   48   71 12007.0500 10396.1229  13.4%   111 1331s
 24579 19218     cutoff  105      12007.0500 10396.1629  13.4%   111 1341s
 24688 19373 10779.9907   70   42 12007.0500 10396.2451  13.4%   111 1352s
 24904 19477     cutoff  118      12007.0500 10396.6635  13.4%   111 1361s
 25018 19596     cutoff   83      12007.0500 10397.2589  13.4%   111 1371s
 25178 19707 11667.1800   77    5 12007.0500 10398.4306  13.4%   111 1381s
 25315 19895 10949.6853   49   85 12007.0500 10398.9629  13.4%   111 1391s
 25525 19981     cutoff  104      12007.0500 10399.1824  13.4%   111 1401s
 25648 20114 infeasible  103      12007.0500 10400.3550  13.4%   111 1410s
 25802 20223     cutoff   89      12007.0500 10401.2397  13.4%   111 1419s
 25936 20318     cutoff   82      12007.0500 10402.1828  13.4%   111 1429s
 26121 20469 infeasible   71      12007.0500 10402.7138  13.4%   111 1439s
 26160 20470 11876.2961   75   20 12007.0500 10402.7138  13.4%   111 1440s
 26301 20557 11585.0583   66   39 12007.0500 10403.2946  13.4%   111 1449s
 26391 20557 11428.7523   79   33 12007.0500 10403.3123  13.4%   111 1450s
 26415 20677 10855.0344   39   39 12007.0500 10403.3563  13.4%   111 1459s
 26454 20684 11091.6456   58    5 12007.0500 10403.3563  13.4%   111 1460s
 26586 20829 10994.5255   42   63 12007.0500 10403.4390  13.4%   111 1469s
 26700 20838 11922.9510  103    6 12007.0500 10403.4755  13.4%   111 1470s
 26767 20909     cutoff   94      12007.0500 10403.5036  13.4%   111 1478s
 26848 21011     cutoff   96      12007.0500 10403.6427  13.4%   111 1487s
*26851 20513              96    11943.540000 10403.6427  12.9%   111 1487s
 26993 20547 11918.3000   86    8 11943.5400 10403.9947  12.9%   111 1498s
 27049 20604 infeasible   88      11943.5400 10405.2839  12.9%   111 1507s
 27112 20647 10751.1621   59   26 11943.5400 10405.2849  12.9%   111 1518s
 27155 20725 11344.3722   75   89 11943.5400 10405.2873  12.9%   112 1527s
 27276 20807 infeasible   94      11943.5400 10405.3553  12.9%   112 1538s
 27373 20908 infeasible   94      11943.5400 10405.9941  12.9%   112 1547s
 27522 20967     cutoff   84      11943.5400 10406.5990  12.9%   112 1557s
 27576 21103 11146.7267   55  123 11943.5400 10407.1480  12.9%   112 1567s
 27736 21265 11631.3090   88   25 11943.5400 10407.3899  12.9%   112 1579s
 27927 21281 11797.5563   80   29 11943.5400 10407.4983  12.9%   112 1580s
 27986 21393 11781.1979   92   32 11943.5400 10407.5894  12.9%   112 1590s
*28155 21350             117    11934.880000 10408.4297  12.8%   112 1600s
*28159 21207             117    11919.240000 10408.4297  12.7%   112 1600s
*28160 20989             117    11895.880000 10408.4297  12.5%   112 1600s
 28223 21210 10973.0389   59   43 11895.8800 10408.7353  12.5%   112 1612s
*28304 17111             115    11538.030000 10408.7353  9.79%   112 1613s
*28310 15952             116    11451.030000 10408.7353  9.10%   112 1613s
*28314 15894             114    11447.030000 10408.7353  9.07%   112 1613s
 28508 15965 11385.6032   82   12 11447.0300 10408.9485  9.07%   112 1623s
 28687 16020 10671.4095   38  207 11447.0300 10409.2877  9.07%   112 1634s
 28737 16020     cutoff  100      11447.0300 10409.5083  9.06%   112 1635s
 28757 16070 10654.2208   39  291 11447.0300 10409.5083  9.06%   112 1645s
 28831 16137 11362.5197   48  102 11447.0300 10409.7177  9.06%   112 1655s
 28916 16237 11177.1369   61  152 11447.0300 10410.0389  9.06%   112 1665s
 29037 16266     cutoff   80      11447.0300 10410.9364  9.05%   112 1676s
 29086 16318 11175.3513   55  147 11447.0300 10411.1472  9.05%   113 1686s
H29093 16077                    11430.030000 10411.1472  8.91%   113 1686s
 29177 16158 11033.5326   57  159 11430.0300 10411.4729  8.91%   113 1697s
 29288 16215 11019.3758   42   93 11430.0300 10412.3136  8.90%   113 1706s
 29366 16297 10913.1818   53   92 11430.0300 10413.2249  8.90%   113 1717s
 29485 16349     cutoff   74      11430.0300 10413.7055  8.89%   113 1727s
 29548 16437 infeasible   65      11430.0300 10415.2995  8.88%   114 1738s
 29685 16505 10726.3017   44  176 11430.0300 10415.7700  8.87%   114 1748s
 29761 16622 10690.7329   38  248 11430.0300 10415.7788  8.87%   114 1759s
 29874 16624 10778.7078   48   20 11430.0300 10415.7788  8.87%   114 1760s
 29920 16728 10987.8564   68   10 11430.0300 10416.3494  8.87%   114 1770s
 30057 16777     cutoff  105      11430.0300 10417.0706  8.86%   114 1781s
 30105 16856 10669.3207   32  174 11430.0300 10417.0706  8.86%   114 1791s
 30209 16926 10874.4368   46  116 11430.0300 10417.6891  8.86%   114 1802s
 30327 17004 11208.1496   54   79 11430.0300 10418.4528  8.85%   114 1812s
 30416 17065 11082.8290   35  115 11430.0300 10419.0018  8.85%   115 1823s
 30503 17156 10605.0085   40  131 11430.0300 10419.1506  8.84%   115 1832s
 30657 17212 infeasible   88      11430.0300 10419.5495  8.84%   115 1842s
 30709 17268 10933.8283   54  174 11430.0300 10420.0061  8.84%   115 1852s
 30782 17354 11413.5988   46  193 11430.0300 10420.4117  8.83%   115 1862s
 30896 17408 10485.9010   36  273 11430.0300 10420.7265  8.83%   116 1872s
 30969 17480     cutoff   53      11430.0300 10421.1023  8.83%   116 1881s
 31068 17545     cutoff   76      11430.0300 10421.7470  8.82%   116 1891s
 31165 17638 10613.8960   37  174 11430.0300 10422.0052  8.82%   116 1901s
 31293 17730 10812.7751   40  190 11430.0300 10422.3427  8.82%   116 1912s
 31401 17808 10798.7288   42  202 11430.0300 10423.0110  8.81%   116 1923s
 31526 17848 11356.8932   59  118 11430.0300 10423.4265  8.81%   116 1933s
 31593 17929 11114.2904   47   84 11430.0300 10423.7010  8.80%   117 1943s
 31689 18021 10992.3988   54  137 11430.0300 10423.7226  8.80%   117 1954s
 31796 18105 11326.6380   62  152 11430.0300 10425.9066  8.78%   117 1965s
 31913 18158     cutoff  102      11430.0300 10426.2062  8.78%   117 1975s
 31979 18229 10927.6591   44   62 11430.0300 10426.2505  8.78%   117 1985s
 32069 18285 11374.3107   64   95 11430.0300 10427.1520  8.77%   117 1996s
 32143 18388 10968.7189   58   38 11430.0300 10428.1479  8.77%   118 2007s
 32307 18461 infeasible   76      11430.0300 10428.4916  8.76%   118 2018s
 32379 18557 10958.0996   52   49 11430.0300 10429.2951  8.76%   118 2028s
 32496 18627 11238.5968   50  115 11430.0300 10429.5853  8.75%   118 2038s
 32584 18723 10869.1232   57   97 11430.0300 10429.7622  8.75%   118 2048s
 32702 18844 10982.1153   63   92 11430.0300 10429.8878  8.75%   118 2060s
 32878 18931     cutoff   90      11430.0300 10430.1748  8.75%   118 2072s
 32985 19010 11008.5619   38  180 11430.0300 10430.6883  8.74%   118 2082s
 33096 19097     cutoff   65      11430.0300 10430.9111  8.74%   119 2093s
 33183 19189 11089.6864   59  109 11430.0300 10431.9666  8.73%   119 2106s
 33301 19294 10785.0583   52  222 11430.0300 10432.1486  8.73%   119 2116s
 33421 19365 10789.1449   50  223 11430.0300 10432.6924  8.73%   119 2126s
 33525 19446 10866.7888   37  208 11430.0300 10433.6619  8.72%   119 2137s
 33624 19532 10854.3078   43   46 11430.0300 10433.8295  8.72%   119 2148s
 33754 19616 11273.4316   77  121 11430.0300 10434.4311  8.71%   119 2158s
 33850 19659 11356.2532   65   86 11430.0300 10434.5740  8.71%   120 2169s
 33873 19659 11261.6713   51  228 11430.0300 10434.6289  8.71%   120 2170s
 33913 19706 10766.9483   35  229 11430.0300 10434.6289  8.71%   120 2181s
 33984 19777 11078.2454   47   92 11430.0300 10434.9141  8.71%   120 2192s
 34085 19838 10644.7381   45   97 11430.0300 10435.6112  8.70%   120 2203s
 34166 19899 11379.4643   64   58 11430.0300 10435.8653  8.70%   120 2214s
 34253 20021 10723.6157   41  188 11430.0300 10436.1450  8.70%   121 2225s
 34404 20091 infeasible   93      11430.0300 10436.2853  8.69%   121 2235s
 34486 20194     cutoff   66      11430.0300 10436.3920  8.69%   121 2247s
 34617 20273 infeasible   84      11430.0300 10436.6193  8.69%   121 2259s
 34754 20338 10626.3571   37  182 11430.0300 10437.1638  8.69%   121 2270s
 34828 20388 10583.9525   36  240 11430.0300 10437.3067  8.69%   121 2281s
 34894 20457 10556.7220   32  261 11430.0300 10437.4070  8.68%   121 2291s
 34971 20598 11011.0823   58  213 11430.0300 10437.5287  8.68%   122 2302s
 35147 20654 infeasible   84      11430.0300 10437.7481  8.68%   121 2314s
 35211 20705 11166.8141   47   86 11430.0300 10437.9199  8.68%   122 2325s
 35281 20763 10795.1241   39  204 11430.0300 10438.4377  8.68%   122 2336s
 35339 20850 10916.0179   53  245 11430.0300 10438.5260  8.67%   122 2346s
 35459 20915 10657.9184   45  163 11430.0300 10438.9280  8.67%   122 2357s
 35533 20988 10908.3514   46  123 11430.0300 10439.4285  8.67%   123 2368s
 35622 21052     cutoff   76      11430.0300 10440.0795  8.66%   123 2379s
 35697 21169 10630.2018   35  157 11430.0300 10440.3117  8.66%   123 2392s
 35826 21231 11286.7467   56   22 11430.0300 10440.3243  8.66%   123 2404s
 35941 21303 10649.0778   34  150 11430.0300 10440.3663  8.66%   123 2417s
 36113 21417 11265.3773   64   10 11430.0300 10440.3870  8.66%   123 2430s
 36247 21452     cutoff   75      11430.0300 10440.6658  8.66%   123 2443s
 36293 21517 10925.6702   38  198 11430.0300 10441.0317  8.65%   123 2453s
 36396 21566 10714.1402   37  245 11430.0300 10441.4474  8.65%   124 2463s
 36456 21683 11164.4860   53   66 11430.0300 10442.1328  8.64%   124 2475s
 36622 21750     cutoff   73      11430.0300 10442.4845  8.64%   124 2486s
 36734 21824 11132.9047   62  183 11430.0300 10443.0543  8.63%   124 2497s
 36836 21894     cutoff   54      11430.0300 10443.2852  8.63%   124 2508s
 36924 21969 11240.0899   60   31 11430.0300 10444.0444  8.63%   124 2520s
 37020 22052 10779.5281   49  291 11430.0300 10444.4823  8.62%   124 2531s
 37128 22102     cutoff   79      11430.0300 10444.6005  8.62%   125 2543s
 37213 22148 10575.8488   35  235 11430.0300 10445.0090  8.62%   125 2554s
 37277 22224 10748.5441   46  150 11430.0300 10445.0798  8.62%   125 2566s
 37367 22360 10618.8317   40  204 11430.0300 10445.2147  8.62%   125 2580s
 37549 22399 10643.9236   37  317 11430.0300 10445.6101  8.61%   125 2592s
 37610 22481 11007.0536   50  186 11430.0300 10445.6101  8.61%   125 2603s
 37703 22547 11372.2533   76   69 11430.0300 10446.5709  8.60%   126 2615s
 37793 22595 11410.6014   65   85 11430.0300 10446.6806  8.60%   126 2627s
 37851 22705 10887.2265   49  124 11430.0300 10447.1796  8.60%   126 2639s
 37892 22705 11292.2297   88  105 11430.0300 10447.1796  8.60%   126 2640s
 37991 22785 10690.9190   43  244 11430.0300 10447.4958  8.60%   126 2651s
 38093 22830 10892.5620   45  263 11430.0300 10447.8923  8.59%   126 2663s
 38153 22905 10647.6932   40  250 11430.0300 10448.1892  8.59%   126 2674s
 38228 23051 11112.3496   60   38 11430.0300 10448.3073  8.59%   127 2688s
 38408 23144     cutoff   77      11430.0300 10448.7995  8.58%   127 2700s
 38513 23231 11372.8587   78   62 11430.0300 10448.8508  8.58%   127 2713s
 38643 23323 11120.8788   82   47 11430.0300 10449.5224  8.58%   127 2726s
 38782 23381 10675.1890   38  288 11430.0300 10450.1494  8.57%   127 2739s
 38850 23433     cutoff   66      11430.0300 10450.3835  8.57%   127 2751s
 38923 23484 10636.7136   38  194 11430.0300 10450.6830  8.57%   127 2762s
 38984 23578 10759.2137   47  154 11430.0300 10450.8324  8.57%   128 2774s
 39110 23707 10690.1834   49  118 11430.0300 10451.3532  8.56%   128 2786s
 39300 23796     cutoff   88      11430.0300 10451.8249  8.56%   128 2798s
 39390 23904 10816.6800   52   65 11430.0300 10452.1700  8.56%   128 2809s
 39439 23904 11286.5403   47   75 11430.0300 10452.1700  8.56%   128 2810s
 39544 24034 10728.7722   49  174 11430.0300 10452.5147  8.55%   128 2825s
 39719 24157     cutoff  109      11430.0300 10452.7282  8.55%   128 2838s
 39854 24243     cutoff   77      11430.0300 10453.5008  8.54%   128 2851s
