




arguments: ./build/bc_mirp -f ./input/orig_exec_95.cfg
Current dir: /scratch/gui/bc_mirp
File verbosity level: 9
date       time         ( uptime  ) [ thread name/id ]                   file:line     v| 
2021-02-07 09:44:25.500 (   0.109s) [main thread     ]             loguru.cpp:789   INFO| Logging to './output/vi_vc+lex_half/OU/V5/Original/execution_07_02_2021_09_44_25.log', mode: 'a', verbosity: 9
--------------------------------------------------------------------------------
Parameters
                           instance_path           ./input/Instances/Original/2/
                            model_policy                                       1
                             nb_vehicles                                       5
                              output_dir ./output/vi_vc+lex_half/OU/V5/Original/
                            sec_strategy                                       1
                       solver_nb_threads                                       2
                         solver_show_log                                    true
                       solver_time_limit                                    3600
                              use_vi_cos                                   false
                              use_vi_cus                                   false
                         use_vi_hc1_full                                   false
                         use_vi_hc1_half                                   false
                      use_vi_hc1_quarter                                   false
                              use_vi_hc2                                   false
                              use_vi_hc3                                   false
                         use_vi_lex_full                                   false
                         use_vi_lex_half                                    true
                      use_vi_lex_quarter                                   false
                              use_vi_qua                                   false
                               use_vi_vc                                    true
                               use_vi_vr                                   false
--------------------------------------------------------------------------------
executing instance: ./input/Instances/Original/2/absH3high_3n40.dat
--------------------------------------------------------------------------------
Instance details
n	41
H	3
C	3283
Li:
[0, 0, 0, 0, 0, 0, 0, 0, 0, 0, 0, 0, 0, 0, 0, 0, 0, 0, 0, 0, 0, 0, 0, 0, 0, 0, 0, 0, 0, 0, 0, 0, 0, 0, 0, 0, 0, 0, 0, 0, 0, ]
Ui:
[0, 63, 111, 99, 96, 111, 282, 122, 156, 261, 42, 192, 126, 42, 162, 207, 159, 122, 102, 190, 118, 102, 132, 102, 165, 252, 66, 52, 22, 114, 210, 176, 116, 294, 78, 152, 210, 45, 130, 198, 174, ]
Distance matrix:
|0	208	225	252	227	143	258	127	267	150	28	83	163	286	57	149	201	137	214	255	70	73	107	186	328	266	249	343	222	177	293	144	262	215	167	120	169	218	143	173	255	|
|208	0	397	355	416	198	216	99	211	275	193	172	97	166	240	225	362	109	277	314	182	216	273	374	298	208	319	161	14	103	93	120	58	196	152	156	372	227	260	218	453	|
|225	397	0	427	53	364	482	343	492	129	253	225	382	386	171	188	39	291	187	195	295	182	282	55	326	491	180	551	408	315	457	366	455	275	392	244	221	439	341	214	101	|
|252	355	427	0	401	158	201	263	219	396	234	328	259	498	299	400	420	354	465	506	205	324	152	374	574	219	499	393	366	389	446	235	378	456	205	359	224	150	111	423	400	|
|227	416	53	401	0	357	477	352	489	165	253	245	389	424	179	223	85	315	234	245	293	200	264	42	375	488	231	565	428	344	484	370	474	314	392	270	184	430	325	252	50	|
|143	198	364	158	357	0	121	105	134	290	116	196	103	342	200	276	343	205	343	385	74	210	112	319	432	133	382	265	209	237	290	78	226	313	57	220	232	75	69	292	375	|
|258	216	482	201	477	121	0	168	18	397	230	293	135	381	314	372	459	275	437	480	188	317	228	439	501	18	479	197	222	296	290	132	212	386	95	306	347	58	173	381	496	|
|127	99	343	263	352	105	168	0	171	239	105	130	40	237	173	206	313	109	270	312	84	164	175	310	337	169	313	216	112	135	192	37	142	220	77	138	280	155	162	213	382	|
|267	211	492	219	489	134	18	171	0	404	240	298	136	376	323	376	468	276	441	483	198	324	243	450	500	2	483	181	215	294	281	136	202	386	102	309	363	75	189	384	509	|
|150	275	129	396	165	290	397	239	404	0	175	110	279	259	97	59	91	166	84	116	217	80	245	130	226	402	106	434	286	187	329	269	333	149	302	119	244	364	291	87	213	|
|28	193	253	234	253	116	230	105	240	175	0	94	139	286	84	167	229	136	234	275	43	96	98	212	341	238	271	320	206	175	281	118	244	225	140	128	180	191	124	189	280	|
|83	172	225	328	245	196	293	130	298	110	94	0	169	209	77	80	191	71	147	189	127	45	189	203	247	296	187	327	184	106	241	162	230	132	198	38	242	266	217	96	285	|
|163	97	382	259	389	103	135	40	136	279	139	169	0	253	212	244	353	141	307	349	110	203	194	347	366	133	350	183	107	161	187	27	124	251	56	175	306	133	169	249	418	|
|286	166	386	498	424	342	381	237	376	259	286	209	253	0	284	201	347	151	210	230	299	247	383	387	155	374	242	290	162	112	129	270	192	113	308	172	451	386	391	172	471	|
|57	240	171	299	179	200	314	173	323	97	84	77	212	284	0	112	145	147	170	208	127	38	148	137	299	321	201	386	253	183	315	195	297	195	222	112	171	275	195	142	214	|
|149	225	188	400	223	276	372	206	376	59	167	80	244	201	112	0	149	117	67	110	205	78	254	186	187	374	108	387	235	132	272	240	283	93	277	71	279	346	291	32	270	|
|201	362	39	420	85	343	459	313	468	91	229	191	353	347	145	149	0	254	149	160	272	150	271	66	290	466	146	518	373	278	419	339	420	235	367	207	227	418	327	175	135	|
|137	109	291	354	315	205	275	109	276	166	136	71	141	151	147	117	254	0	172	212	151	116	232	273	229	274	215	270	119	39	170	145	167	111	186	47	305	263	245	113	356	|
|214	277	187	465	234	343	437	270	441	84	234	147	307	210	170	67	149	172	0	42	272	141	317	205	144	439	43	437	284	175	307	305	331	99	343	132	327	413	357	60	283	|
|255	314	195	506	245	385	480	312	483	116	275	189	349	230	208	110	160	212	42	0	314	182	356	222	132	481	15	474	321	212	337	347	367	126	385	174	358	455	398	100	295	|
|70	182	295	205	293	74	188	84	198	217	43	127	110	299	127	205	272	151	272	314	0	137	91	253	370	196	310	292	195	188	274	85	226	252	99	155	197	148	94	223	316	|
|73	216	182	324	200	210	317	164	324	80	96	45	203	247	38	78	150	116	141	182	137	0	176	158	263	323	176	369	229	150	286	191	274	157	223	77	208	284	216	106	239	|
|107	273	282	152	264	112	228	175	243	245	98	189	194	383	148	254	271	232	317	356	91	176	0	231	435	242	349	371	286	271	365	167	315	321	164	224	120	174	61	280	274	|
|186	374	55	374	42	319	439	310	450	130	212	203	347	387	137	186	66	273	205	222	253	158	231	0	348	448	208	523	386	303	442	329	431	279	352	229	167	392	291	217	85	|
|328	298	326	574	375	432	501	337	500	226	341	247	366	155	299	187	290	229	144	132	370	263	435	348	0	498	147	441	299	206	283	374	338	119	414	215	465	492	463	157	425	|
|266	208	491	219	488	133	18	169	2	402	238	296	133	374	321	374	466	274	439	481	196	323	242	448	498	0	481	180	213	292	278	134	200	384	100	307	362	75	188	381	508	|
|249	319	180	499	231	382	479	313	483	106	271	187	350	242	201	108	146	215	43	15	310	176	349	208	147	481	0	480	326	217	346	347	373	135	385	175	347	454	392	103	280	|
|343	161	551	393	565	265	197	216	181	434	320	327	183	290	386	387	518	270	437	474	292	369	371	523	441	180	480	0	153	263	163	207	107	352	208	317	487	244	334	379	598	|
|222	14	408	366	428	209	222	112	215	286	206	184	107	162	253	235	373	119	284	321	195	229	286	386	299	213	326	153	0	109	81	132	48	201	162	167	386	236	272	226	466	|
|177	103	315	389	344	237	296	135	294	187	175	106	161	112	183	132	278	39	175	212	188	150	271	303	206	292	217	263	109	0	142	171	156	95	211	74	344	289	281	118	386	|
|293	93	457	446	484	290	290	192	281	329	281	241	187	129	315	272	419	170	307	337	274	286	365	442	283	278	346	163	81	142	0	212	79	211	241	214	461	311	353	254	525	|
|144	120	366	235	370	78	132	37	136	269	118	162	27	270	195	240	339	145	305	347	85	191	167	329	374	134	347	207	132	171	212	0	151	257	40	174	280	119	142	248	398	|
|262	58	455	378	474	226	212	142	202	333	244	230	124	192	297	283	420	167	331	367	226	274	315	431	338	200	373	107	48	156	79	151	0	245	173	214	421	237	293	273	510	|
|215	196	275	456	314	313	386	220	386	149	225	132	251	113	195	93	235	111	99	126	252	157	321	279	119	384	135	352	201	95	211	257	245	0	297	97	365	374	345	62	362	|
|167	152	392	205	392	57	95	77	102	302	140	198	56	308	222	277	367	186	343	385	99	223	164	352	414	100	385	208	162	211	241	40	173	297	0	213	283	79	126	287	415	|
|120	156	244	359	270	220	306	138	309	119	128	38	175	172	112	71	207	47	132	174	155	77	224	229	215	307	175	317	167	74	214	174	214	97	213	0	280	286	248	75	313	|
|169	372	221	224	184	232	347	280	363	244	180	242	306	451	171	279	227	305	327	358	197	208	120	167	465	362	347	487	386	344	461	280	421	365	283	280	0	291	175	310	176	|
|218	227	439	150	430	75	58	155	75	364	191	266	133	386	275	346	418	263	413	455	148	284	174	392	492	75	454	244	236	289	311	119	237	374	79	286	291	0	116	359	445	|
|143	260	341	111	325	69	173	162	189	291	124	217	169	391	195	291	327	245	357	398	94	216	61	291	463	188	392	334	272	281	353	142	293	345	126	248	175	116	0	313	335	|
|173	218	214	423	252	292	381	213	384	87	189	96	249	172	142	32	175	113	60	100	223	106	280	217	157	381	103	379	226	118	254	248	273	62	287	75	310	359	313	0	300	|
|255	453	101	400	50	375	496	382	509	213	280	285	418	471	214	270	135	356	283	295	316	239	274	85	425	508	280	598	466	386	525	398	510	362	415	313	176	445	335	300	0	|

--------------------------------------------------------------------------------
Building model...
	using lazy and cut (CVRPSEP package)
Solving IRP LP...
--------------------------------------------------------------------------------

Gurobi 9.1.0 (linux64) logging started Sun Feb  7 09:44:25 2021

Gurobi Optimizer version 9.1.0 build v9.1.0rc0 (linux64)
Thread count: 32 physical cores, 32 logical processors, using up to 2 threads
Optimize a model with 1781 rows, 13679 columns and 32264 nonzeros
Model fingerprint: 0xaa21901a
Variable types: 764 continuous, 12915 integer (615 binary)
Coefficient statistics:
  Matrix range     [1e+00, 1e+06]
  Objective range  [1e-01, 6e+02]
  Bounds range     [1e+00, 3e+02]
  RHS range        [1e+00, 6e+03]
Presolve removed 493 rows and 1428 columns
Presolve time: 0.27s
Presolved: 1288 rows, 12251 columns, 27288 nonzeros
Variable types: 464 continuous, 11787 integer (11193 binary)

Root relaxation: objective 1.245077e+04, 1686 iterations, 0.06 seconds

    Nodes    |    Current Node    |     Objective Bounds      |     Work
 Expl Unexpl |  Obj  Depth IntInf | Incumbent    BestBd   Gap | It/Node Time

     0     0 12450.7730    0  149          - 12450.7730      -     -    0s
     0     0 12916.8785    0  152          - 12916.8785      -     -    0s
     0     0 12922.1037    0  149          - 12922.1037      -     -    1s
     0     0 12922.6906    0  136          - 12922.6906      -     -    1s
     0     0 12922.6906    0  139          - 12922.6906      -     -    1s
     0     0 13399.5376    0  257          - 13399.5376      -     -    1s
     0     0 13516.9104    0  243          - 13516.9104      -     -    1s
     0     0 13532.0606    0  251          - 13532.0606      -     -    1s
     0     0 13533.4647    0  269          - 13533.4647      -     -    1s
     0     0 13533.7359    0  271          - 13533.7359      -     -    1s
     0     0 13721.3501    0  287          - 13721.3501      -     -    2s
     0     0 13809.2741    0  338          - 13809.2741      -     -    3s
     0     0 13818.8204    0  298          - 13818.8204      -     -    3s
     0     0 13820.1073    0  326          - 13820.1073      -     -    3s
     0     0 13820.1498    0  325          - 13820.1498      -     -    3s
     0     0 13887.9509    0  352          - 13887.9509      -     -    4s
     0     0 13897.7425    0  343          - 13897.7425      -     -    4s
     0     0 13904.2235    0  338          - 13904.2235      -     -    4s
     0     0 13904.3770    0  346          - 13904.3770      -     -    4s
     0     0 13950.7444    0  442          - 13950.7444      -     -    5s
     0     0 13956.2542    0  450          - 13956.2542      -     -    5s
     0     0 13956.6482    0  467          - 13956.6482      -     -    5s
     0     0 13982.1125    0  477          - 13982.1125      -     -    5s
     0     0 13984.3089    0  497          - 13984.3089      -     -    5s
     0     0 13993.6090    0  438          - 13993.6090      -     -    6s
     0     0 13998.5303    0  418          - 13998.5303      -     -    6s
     0     2 13998.5303    0  418          - 13998.5303      -     -    8s
     9    12 14056.2508    3  451          - 14033.0867      -   698   10s
    51    56 14198.0132   15  461          - 14041.7474      -   581   15s
   116   125 14351.7189   33  408          - 14041.7474      -   448   20s
   222   243 14727.3994   52  265          - 14041.7474      -   332   25s
   467   516 15320.0306   83  158          - 14041.7474      -   209   30s
*  643   636             268    19047.300000 14041.7474  26.3%   164   32s
   665   654 16873.4928  131   87 19047.3000 14041.7474  26.3%   163   35s
   692   656 17424.4126  149  142 19047.3000 14041.7474  26.3%   161   42s
   718   706 17760.1769  165   87 19047.3000 14041.7474  26.3%   160   45s
   797   761 14411.4931    9  400 19047.3000 14041.7474  26.3%   153   50s
   874   828 16502.7023  101  418 19047.3000 14056.2508  26.2%   152   58s
H  875   787                    18004.450000 14056.2508  21.9%   152   60s
   880   790 14917.0907   58  457 18004.4500 14072.1496  21.8%   151   65s
   892   798 15186.1943   86  587 18004.4500 14169.9329  21.3%   149   71s
   900   803 14890.5883   64  674 18004.4500 14183.5203  21.2%   148   75s
   910   810 17990.4221  158  616 18004.4500 14197.9028  21.1%   146   80s
   920   817 15223.7566   82  664 18004.4500 14203.7126  21.1%   144   85s
   931   827 14277.1114   15  642 18004.4500 14214.5494  21.0%   166   90s
   949   839 14234.5431   19  620 18004.4500 14219.5527  21.0%   178  102s
   961   848 14310.3672   22  568 18004.4500 14219.5527  21.0%   185  105s
   978   858 14482.8343   26  359 18004.4500 14219.5527  21.0%   198  112s
   992   869 14520.2895   29  258 18004.4500 14219.5527  21.0%   202  115s
  1019   889 14524.7723   35  442 18004.4500 14219.5527  21.0%   210  120s
  1049   908 14572.5791   42  437 18004.4500 14219.5527  21.0%   220  126s
  1069   924 14644.3944   47  375 18004.4500 14219.5527  21.0%   226  130s
  1099   951 14640.5628   55  433 18004.4500 14219.5527  21.0%   233  136s
  1139   974 14686.3089   65  419 18004.4500 14219.5527  21.0%   242  143s
  1151   974 14695.1434   68  458 18004.4500 14219.5527  21.0%   244  146s
  1173  1000 14727.2497   73  441 18004.4500 14219.5527  21.0%   248  150s
  1221  1033 14778.2495   83  415 18004.4500 14219.5527  21.0%   257  157s
  1238  1050 14819.4137   87  344 18004.4500 14219.5527  21.0%   259  160s
  1321  1112 14988.5859  104  282 18004.4500 14219.5527  21.0%   265  167s
  1350  1117 15066.3121  109  251 18004.4500 14219.5527  21.0%   267  170s
  1413  1204 15325.8798  120  230 18004.4500 14219.5527  21.0%   267  176s
  1475  1272 15447.2892  134  211 18004.4500 14219.5527  21.0%   264  180s
  1563  1330 15814.8577  162  114 18004.4500 14219.5527  21.0%   256  185s
  1716  1459 16188.8873  211  155 18004.4500 14219.5527  21.0%   245  193s
  1833  1575 16995.2105  251   72 18004.4500 14219.5527  21.0%   237  197s
  1988  1566 17603.6200  297   27 18004.4500 14219.7351  21.0%   224  201s
  2080  1549 14331.2465   17  481 18004.4500 14243.9356  20.9%   221  206s
  2098  1563 14420.0165   23  501 18004.4500 14243.9356  20.9%   225  211s
  2115  1574 14492.2465   27  394 18004.4500 14243.9356  20.9%   230  217s
  2131  1586 14640.7515   29  423 18004.4500 14243.9356  20.9%   236  222s
  2150  1597 14615.9414   30  385 18004.4500 14243.9356  20.9%   241  227s
  2159  1605 14691.0644   30  379 18004.4500 14243.9356  20.9%   244  230s
  2187  1627 14820.3443   33  352 18004.4500 14243.9356  20.9%   249  235s
  2231  1673 14930.1596   48  257 18004.4500 14243.9356  20.9%   252  241s
  2262  1696 15015.6939   51  307 18004.4500 14243.9356  20.9%   254  245s
  2342  1780 15262.1760   67  202 18004.4500 14243.9356  20.9%   256  252s
  2434  1782 infeasible   89      18004.4500 14246.7019  20.9%   252  257s
  2475  1820 14511.8897   24  572 18004.4500 14246.7019  20.9%   253  261s
  2527  1846 14637.9310   28  411 18004.4500 14246.7019  20.9%   254  266s
  2570  1929 14672.5954   29  357 18004.4500 14246.7019  20.9%   254  271s
  2667  2046 14736.5112   31  391 18004.4500 14246.7019  20.9%   251  277s
  2847  2009 14840.9080   30  306 18004.4500 14246.7019  20.9%   241  283s
  2877  2011 14879.1015   34  432 18004.4500 14246.7019  20.9%   241  287s
  2902  2013 14863.3599   35  528 18004.4500 14246.7019  20.9%   243  291s
  2921  2022 14893.0533   39  555 18004.4500 14246.7019  20.9%   245  296s
  2942  2028 14988.5062   42  462 18004.4500 14246.7019  20.9%   247  300s
* 2949  1979             218    17947.270000 14246.7019  20.6%   248  300s
  2975  2008 15102.4891   48  447 17947.2700 14246.7019  20.6%   251  308s
  2996  2016 15274.9348   50  381 17947.2700 14246.7019  20.6%   253  313s
  3011  2039 15170.2252   53  250 17947.2700 14246.7019  20.6%   255  318s
  3039  2075 15321.9556   60  274 17947.2700 14246.7019  20.6%   256  323s
  3085  2134 15515.4370   71  184 17947.2700 14246.7019  20.6%   258  329s
  3159  2111 15793.6466   85  147 17947.2700 14246.7019  20.6%   258  340s
  3161  2206 15883.2414   85  139 17947.2700 14246.7019  20.6%   258  346s
  3256  2455 16235.6864  109  147 17947.2700 14246.7019  20.6%   257  355s
  3551  2583 17198.3743  167   89 17947.2700 14267.1575  20.5%   244  366s
* 3717  1711             110    16226.180000 14277.1406  12.0%   238  367s
  3738  1596 14578.0860   22  659 16226.1800 14277.1406  12.0%   238  373s
  3753  1632 14789.5272   28  333 16226.1800 14277.1406  12.0%   240  378s
  3789  1693 15103.3818   42  430 16226.1800 14277.1406  12.0%   241  385s
  3858  1707 16085.1321   83  176 16226.1800 14279.9798  12.0%   241  392s
  3882  1734 14654.1224   19  528 16226.1800 14279.9798  12.0%   243  397s
  3909  1790 14910.3856   34  380 16226.1800 14279.9798  12.0%   244  426s
  3965  1843 15482.7995   57  191 16226.1800 14280.2748  12.0%   245  434s
  3992  1843 16192.9223   79   82 16226.1800 14280.2748  12.0%   244  435s
  4056  1868 14552.9070   17  533 16226.1800 14286.7246  12.0%   243  441s
  4081  1941 14798.8906   28  336 16226.1800 14286.7246  12.0%   245  449s
  4124  1941 14925.4909   32  374 16226.1800 14286.7246  12.0%   245  450s
  4154  1986 15541.7932   71   92 16226.1800 14287.3858  11.9%   245  457s
  4221  2009     cutoff  115      16226.1800 14290.1139  11.9%   246  465s
  4248  2046 14725.4913   26  416 16226.1800 14290.1139  11.9%   249  473s
  4285  2146 14967.5315   40  274 16226.1800 14294.0220  11.9%   249  483s
  4414  2176 14457.3916   20  670 16226.1800 14294.8147  11.9%   247  492s
  4444  2269 14923.7978   35  351 16226.1800 14294.8147  11.9%   249  511s
  4556  2319 15693.1843   76  108 16226.1800 14305.3715  11.8%   248  521s
  4641  2379 14897.9949   33  304 16226.1800 14305.3730  11.8%   247  531s
  4701  2451 15392.6990   62  238 16226.1800 14311.9813  11.8%   248  540s
  4796  2480 14721.7860   21  532 16226.1800 14312.1093  11.8%   248  550s
  4825  2519 14864.9047   26  386 16226.1800 14312.1093  11.8%   251  559s
  4864  2601 15452.9060   34  245 16226.1800 14314.6506  11.8%   253  569s
  4889  2601 16027.7005   48  121 16226.1800 14314.6506  11.8%   253  570s
  4976  2657 14671.6536   29  483 16226.1800 14314.6592  11.8%   253  580s
  5032  2697 16004.5996   62  134 16226.1800 14331.5923  11.7%   254  590s
  5098  2824 14919.0808   28  458 16226.1800 14333.0602  11.7%   255  603s
  5241  2853 15560.3059   78  180 16226.1800 14336.4802  11.6%   254  614s
  5273  2853 infeasible  109      16226.1800 14336.5926  11.6%   254  615s
  5285  2893 14600.5295   30  591 16226.1800 14336.5926  11.6%   256  625s
  5325  3073 14884.1467   42  198 16226.1800 14336.5926  11.6%   259  639s
  5446  3073 16195.0336  102  121 16226.1800 14336.5926  11.6%   257  640s
  5505  3219 15907.4679  110   82 16226.1800 14336.8656  11.6%   257  653s
  5689  3289 14815.0315   35  286 16226.1800 14336.8701  11.6%   255  666s
  5800  3381 14838.0576   27  300 16226.1800 14348.4584  11.6%   255  680s
  5934  3398     cutoff  109      16226.1800 14349.1085  11.6%   254  692s
  5956  3428 14443.4944   23  639 16226.1800 14349.5624  11.6%   257  704s
  5986  3489 14836.9880   32  435 16226.1800 14349.5624  11.6%   260  718s
  6089  3609 15320.3751   40  200 16226.1800 14356.1974  11.5%   261  733s
  6245  3609 16079.7583   81   78 16226.1800 14356.5026  11.5%   260  735s
  6252  3693 14634.7042   22  440 16226.1800 14356.7308  11.5%   260  749s
  6354  3761 14619.9921   26  513 16226.1800 14356.7308  11.5%   260  762s
  6436  3824 14636.1952   31  545 16226.1800 14356.7308  11.5%   261  777s
  6499  3872 14764.9927   35  417 16226.1800 14356.7308  11.5%   263  791s
  6578  3983 14982.7114   48  317 16226.1800 14356.7308  11.5%   264  806s
  6697  4101 15238.2819   70  216 16226.1800 14356.7308  11.5%   264  822s
  6815  4189 15837.0291  115  168 16226.1800 14370.6228  11.4%   265  839s
  6916  4189 16068.8094   68  218 16226.1800 14372.1420  11.4%   266  840s
  6933  4279 14895.1064   32  484 16226.1800 14372.7666  11.4%   267  855s
  7033  4397 14521.5959   24  647 16226.1800 14372.7666  11.4%   267  872s
  7167  4482 15136.6282   55  214 16226.1800 14376.7693  11.4%   266  887s
  7265  4540 14747.3341   25  536 16226.1800 14378.8472  11.4%   267  912s
  7335  4677 15641.1340   37  313 16226.1800 14381.7430  11.4%   270  935s
  7500  4743 14659.1380   22  527 16226.1800 14383.6164  11.4%   270  958s
  7566  4911 14896.7925   37  298 16226.1800 14383.6164  11.4%   273  982s
  7734  5076 15287.5822   83   80 16226.1800 14383.6164  11.4%   274 1015s
  7916  5185 15529.7820   99   19 16226.1800 14386.9574  11.3%   272 1037s
  8053  5321 infeasible  116      16226.1800 14394.2315  11.3%   273 1059s
  8097  5324 14906.5390   46  369 16226.1800 14394.2315  11.3%   273 1060s
  8204  5467     cutoff  125      16226.1800 14396.3252  11.3%   273 1082s
  8365  5664 15692.2596   73  178 16226.1800 14401.0398  11.2%   273 1107s
  8583  5808 15452.7410   68  165 16226.1800 14408.5029  11.2%   272 1132s
  8749  5813 14891.1068   26  589 16226.1800 14408.5648  11.2%   272 1160s
  8754  5863 14797.5436   27  575 16226.1800 14408.5648  11.2%   273 1200s
  8804  5969 15106.4965   39  154 16226.1800 14408.5648  11.2%   275 1294s
  8850  5969 15338.1304   63   63 16226.1800 14408.5648  11.2%   275 1295s
  8910  6304 15345.2038   68   66 16226.1800 14412.3816  11.2%   275 1323s
  9088  6304 15238.7979   53  242 16226.1800 14412.3816  11.2%   273 1325s
  9318  6478 15383.8456   72  160 16226.1800 14419.0704  11.1%   270 1350s
  9519  6608 15394.9961   69  278 16226.1800 14421.2055  11.1%   270 1378s
H 9602  6551                    16184.150000 14421.2055  10.9%   270 1379s
  9662  6673 15302.3630   43  266 16184.1500 14424.1420  10.9%   271 1403s
  9808  6954 14666.0712   31  472 16184.1500 14424.1675  10.9%   272 1434s
  9906  6954 15227.4643   80   15 16184.1500 14424.1675  10.9%   273 1435s
 10111  7103 15357.2158   90   65 16184.1500 14424.3262  10.9%   271 1462s
 10313  7283 16067.6989  137    6 16184.1500 14425.1433  10.9%   271 1488s
 10478  7285 16156.9502   69  103 16184.1500 14425.4462  10.9%   271 1490s
 10508  7472     cutoff  139      16184.1500 14425.7483  10.9%   271 1516s
 10735  7662 15795.4536   77   83 16184.1500 14429.1844  10.8%   271 1543s
H10974  7670                    16172.370000 14434.0460  10.7%   270 1567s
 11008  7889 14724.4889   25  358 16172.3700 14434.0460  10.7%   272 1595s
 11259  8130 15302.8038   51  247 16172.3700 14437.7650  10.7%   272 1625s
 11533  8291 14884.4320   43  340 16172.3700 14438.4234  10.7%   270 1652s
 11718  8461 15134.8244   42  203 16172.3700 14440.8574  10.7%   270 1680s
 11908  8629 15305.2614   49  266 16172.3700 14444.0398  10.7%   271 1706s
 12104  8837 14862.3256   38  326 16172.3700 14444.2022  10.7%   271 1733s
 12312  9339 15372.5992   65  116 16172.3700 14445.9808  10.7%   271 1764s
 12404  9344 15415.5182   77    8 16172.3700 14445.9808  10.7%   270 1765s
 12929  9495     cutoff  132      16172.3700 14446.7169  10.7%   265 1792s
 13081  9640 14566.6530   25  600 16172.3700 14447.9029  10.7%   265 1818s
 13266  9770 15150.0517   35  390 16172.3700 14447.9029  10.7%   266 1842s
 13403  9847 16026.2750   61  125 16172.3700 14448.1773  10.7%   267 1868s
 13522 10052 15027.6499   45  221 16172.3700 14450.5074  10.6%   268 1897s
 13763 10277 15004.5857   35  314 16172.3700 14450.7274  10.6%   268 1924s
 13824 10277 15097.9483   45  234 16172.3700 14450.7274  10.6%   268 1925s
 14047 10360 14655.9767   22  489 16172.3700 14452.9541  10.6%   266 1951s
 14140 10594 14895.6466   35  277 16172.3700 14453.2545  10.6%   268 1977s
 14402 10716 14853.6335   25  480 16172.3700 14453.6146  10.6%   267 2005s
 14524 10893 15330.0645   52  193 16172.3700 14454.3026  10.6%   269 2033s
 14755 11038 14899.1163   27  297 16172.3700 14454.6602  10.6%   269 2059s
 14841 11038 14928.4642   37  439 16172.3700 14455.8218  10.6%   269 2060s
 14922 11204 15022.2625   34  483 16172.3700 14456.1819  10.6%   269 2086s
 15131 11432 14913.4153   29  396 16172.3700 14457.5746  10.6%   269 2114s
 15204 11432 15860.7297  102   63 16172.3700 14457.5746  10.6%   269 2115s
 15394 11597 14645.6399   23  437 16172.3700 14458.7609  10.6%   269 2140s
 15590 11709 14994.2369   41  487 16172.3700 14460.1020  10.6%   269 2166s
 15736 11787 14718.5858   27  468 16172.3700 14462.2284  10.6%   269 2189s
 15810 11787 15127.2150   49  328 16172.3700 14462.2284  10.6%   271 2190s
 15814 12098 15283.9873   49  319 16172.3700 14462.2284  10.6%   271 2217s
 16074 12098 15608.6685  100  127 16172.3700 14462.2284  10.6%   271 2220s
 16151 12206 16004.3535  108  159 16172.3700 14464.5351  10.6%   270 2243s
 16309 12206 15130.2737   39  301 16172.3700 14465.1395  10.6%   271 2245s
 16310 12364 15784.1386   60  222 16172.3700 14466.7196  10.5%   271 2270s
 16514 12470 14678.1030   20  290 16172.3700 14468.0130  10.5%   271 2296s
 16660 12633     cutoff   58      16172.3700 14469.7249  10.5%   272 2322s
 16861 12841 14695.2033   28  443 16172.3700 14473.4659  10.5%   272 2350s
 17069 13134 15316.3901   61  144 16172.3700 14473.6588  10.5%   272 2379s
 17170 13135 16136.0974   97   24 16172.3700 14473.6588  10.5%   272 2380s
 17471 13324     cutoff   95      16172.3700 14476.6480  10.5%   270 2408s
 17680 13396 14904.5215   37  485 16172.3700 14479.1404  10.5%   270 2434s
 17717 13396 15826.9400   74  174 16172.3700 14479.1404  10.5%   270 2435s
 17772 13682 14865.1656   37  487 16172.3700 14479.2251  10.5%   271 2466s
 18055 13682 15833.2454  120   49 16172.3700 14479.2251  10.5%   270 2470s
 18071 13868 15535.6036   92  115 16172.3700 14480.1259  10.5%   270 2496s
 18308 14069     cutoff  124      16172.3700 14481.2062  10.5%   270 2524s
 18349 14069 15315.4707   59  119 16172.3700 14481.2062  10.5%   270 2525s
 18525 14284 15284.6051   48  119 16172.3700 14481.7195  10.5%   269 2551s
 18800 14417     cutoff  111      16172.3700 14482.8970  10.4%   269 2577s
 18959 14504 15041.9855   45  335 16172.3700 14484.8046  10.4%   269 2603s
 19075 14668 14737.1331   32  441 16172.3700 14484.8957  10.4%   270 2629s
 19275 14858 15170.8447   52  268 16172.3700 14486.7123  10.4%   270 2657s
 19490 15037 14783.4588   31  507 16172.3700 14488.5527  10.4%   270 2683s
 19689 15158 14977.1749   33  280 16172.3700 14489.2624  10.4%   270 2712s
 19830 15351 15987.5607   80   14 16172.3700 14492.3739  10.4%   270 2737s
 20055 15474     cutoff  102      16172.3700 14492.9695  10.4%   270 2764s
 20221 15623 15148.5556   40  255 16172.3700 14495.0826  10.4%   271 2790s
 20408 15803 15592.4925   64  245 16172.3700 14497.4676  10.4%   271 2817s
 20659 15906 14718.6017   22  433 16172.3700 14498.4709  10.4%   270 2854s
 20722 15906 15980.8468  105  189 16172.3700 14498.4709  10.4%   270 2855s
 20756 16010 14893.7489   25  345 16172.3700 14498.4709  10.4%   270 2880s
 20874 16257 15171.4264   40  143 16172.3700 14498.4709  10.4%   271 2910s
 21165 16339 16106.5400  108    - 16172.3700 14499.4548  10.3%   270 2938s
 21292 16422     cutoff  114      16172.3700 14500.9214  10.3%   271 2963s
 21399 16586 15395.7654   34  346 16172.3700 14502.4984  10.3%   272 2989s
 21423 16586 15755.4138   58  119 16172.3700 14502.4984  10.3%   271 2990s
 21614 16716 14564.7390   20  476 16172.3700 14506.1941  10.3%   271 3017s
 21767 16893 14717.0859   24  356 16172.3700 14507.0202  10.3%   272 3043s
 21950 16899 15672.3102   92   81 16172.3700 14510.9591  10.3%   271 3045s
 21994 16961 14937.8005   32  422 16172.3700 14511.9271  10.3%   271 3068s
 22071 17045 14817.6136   27  549 16172.3700 14512.0977  10.3%   272 3092s
 22152 17326 15128.2150   42  249 16172.3700 14512.3743  10.3%   274 3120s
 22491 17482 14923.9090   24  399 16172.3700 14513.2235  10.3%   272 3148s
 22668 17613 15120.6260   46  499 16172.3700 14515.4736  10.2%   272 3172s
 22830 17832 16114.4717   92  150 16172.3700 14515.8809  10.2%   273 3200s
 23102 17991 14838.7829   31  400 16172.3700 14518.4370  10.2%   272 3227s
 23301 18132 15165.5404   31  375 16172.3700 14520.3772  10.2%   272 3252s
 23472 18325 15502.5383   54  225 16172.3700 14520.4329  10.2%   272 3279s
 23541 18325 15151.4600   45  113 16172.3700 14520.4329  10.2%   272 3280s
 23731 18375     cutoff  106      16172.3700 14521.6256  10.2%   272 3317s
 23776 18541 15189.1367   34  284 16172.3700 14521.6256  10.2%   273 3366s
 23964 18752 15466.5659   67   67 16172.3700 14521.9209  10.2%   272 3396s
 24257 18835     cutoff  108      16172.3700 14522.8723  10.2%   271 3423s
 24356 18961 14869.9225   47  535 16172.3700 14523.5859  10.2%   272 3448s
 24495 19134 15190.6646   54  336 16172.3700 14523.7467  10.2%   273 3476s
 24705 19275     cutoff  107      16172.3700 14523.8918  10.2%   273 3506s
 24878 19402 16051.3678   75  191 16172.3700 14524.8362  10.2%   273 3532s
 25045 19542 14934.2574   30  435 16172.3700 14527.5641  10.2%   273 3559s
 25214 19671 14639.0712   20  553 16172.3700 14527.8728  10.2%   273 3585s
 25360 19725 16042.6962   71  155 16172.3700 14528.8276  10.2%   274 3600s

Cutting planes:
  User: 6263
  Gomory: 33
  Cover: 572
  Implied bound: 268
  Projected implied bound: 10
  Clique: 103
  MIR: 200
  Flow cover: 467
  GUB cover: 6
  Inf proof: 1
  Zero half: 63
  RLT: 455
  Relax-and-lift: 19
  Lazy constraints: 2190

Explored 25443 nodes (6984217 simplex iterations) in 3600.66 seconds
Thread count was 2 (of 32 available processors)

Solution count 6: 16172.4 16184.2 16226.2 ... 19047.3

Time limit reached
Best objective 1.617237000000e+04, best bound 1.452948104016e+04, gap 10.1586%

User-callback calls 477531, time in user-callback 168.59 sec
================================================================================
executing instance: ./input/Instances/Original/2/absH3high_4n10.dat
--------------------------------------------------------------------------------
Instance details
n	11
H	3
C	822
Li:
[0, 0, 0, 0, 0, 0, 0, 0, 0, 0, 0, ]
Ui:
[0, 102, 52, 88, 182, 153, 138, 38, 165, 297, 86, ]
Distance matrix:
|0	285	411	382	327	239	148	256	307	36	383	|
|285	0	352	98	249	103	227	235	120	268	209	|
|411	352	0	395	106	430	263	549	234	429	174	|
|382	98	395	0	302	173	320	288	168	364	227	|
|327	249	106	302	0	324	179	444	135	339	109	|
|239	103	430	173	324	0	241	132	212	212	305	|
|148	227	263	320	179	241	0	325	192	165	249	|
|256	235	549	288	444	132	325	0	342	220	436	|
|307	120	234	168	135	212	192	342	0	304	94	|
|36	268	429	364	339	212	165	220	304	0	386	|
|383	209	174	227	109	305	249	436	94	386	0	|

--------------------------------------------------------------------------------
Building model...
	using lazy and cut (CVRPSEP package)
Solving IRP LP...
--------------------------------------------------------------------------------

Gurobi 9.1.0 (linux64) logging started Sun Feb  7 10:44:26 2021

Gurobi Optimizer version 9.1.0 build v9.1.0rc0 (linux64)
Thread count: 32 physical cores, 32 logical processors, using up to 2 threads
Optimize a model with 491 rows, 1184 columns and 3614 nonzeros
Model fingerprint: 0x65005a0b
Variable types: 194 continuous, 990 integer (165 binary)
Coefficient statistics:
  Matrix range     [1e+00, 3e+02]
  Objective range  [2e-01, 5e+02]
  Bounds range     [1e+00, 3e+02]
  RHS range        [1e+00, 1e+03]
Presolve removed 185 rows and 425 columns
Presolve time: 0.06s
Presolved: 306 rows, 759 columns, 2166 nonzeros
Variable types: 87 continuous, 672 integer (547 binary)

Root relaxation: objective 4.649096e+03, 579 iterations, 0.01 seconds

    Nodes    |    Current Node    |     Objective Bounds      |     Work
 Expl Unexpl |  Obj  Depth IntInf | Incumbent    BestBd   Gap | It/Node Time

     0     0 4649.09569    0   78          - 4649.09569      -     -    0s
     0     0 5178.06018    0  115          - 5178.06018      -     -    0s
     0     0 5219.24878    0   96          - 5219.24878      -     -    0s
     0     0 5232.67170    0   70          - 5232.67170      -     -    0s
     0     0 5232.90548    0   76          - 5232.90548      -     -    0s
     0     0 5442.60937    0  111          - 5442.60937      -     -    0s
     0     0 5466.52110    0  112          - 5466.52110      -     -    0s
     0     0 5479.46290    0  113          - 5479.46290      -     -    0s
     0     0 5488.78080    0  120          - 5488.78080      -     -    0s
     0     0 5492.49340    0  121          - 5492.49340      -     -    0s
     0     0 5493.15509    0  118          - 5493.15509      -     -    0s
     0     0 5493.19272    0  121          - 5493.19272      -     -    0s
     0     0 5637.21219    0  117          - 5637.21219      -     -    0s
     0     0 5675.35477    0  134          - 5675.35477      -     -    0s
     0     0 5681.72037    0  141          - 5681.72037      -     -    0s
     0     0 5682.30044    0  143          - 5682.30044      -     -    0s
     0     0 5755.58560    0  147          - 5755.58560      -     -    0s
     0     0 5768.98646    0  144          - 5768.98646      -     -    0s
     0     0 5771.27391    0  146          - 5771.27391      -     -    0s
     0     0 5771.65451    0  149          - 5771.65451      -     -    0s
     0     0 5820.11833    0  189          - 5820.11833      -     -    0s
     0     0 5832.46790    0  179          - 5832.46790      -     -    0s
     0     0 5833.99959    0  192          - 5833.99959      -     -    0s
     0     0 5834.41501    0  193          - 5834.41501      -     -    0s
     0     0 5859.18977    0  181          - 5859.18977      -     -    0s
     0     0 5866.94559    0  187          - 5866.94559      -     -    0s
     0     0 5870.69384    0  189          - 5870.69384      -     -    0s
     0     0 5872.51204    0  197          - 5872.51204      -     -    0s
     0     0 5874.04919    0  189          - 5874.04919      -     -    0s
     0     0 5874.05164    0  190          - 5874.05164      -     -    0s
     0     0 5881.30136    0  187          - 5881.30136      -     -    0s
     0     0 5883.54981    0  182          - 5883.54981      -     -    0s
     0     0 5883.72240    0  188          - 5883.72240      -     -    0s
     0     0 5892.05794    0  183          - 5892.05794      -     -    0s
     0     0 5892.05794    0  183          - 5892.05794      -     -    0s
H    0     0                    8005.0400000 5892.05794  26.4%     -    0s
H    0     0                    7556.5900000 5894.39896  22.0%     -    0s
     0     2 5894.39896    0  183 7556.59000 5894.39896  22.0%     -    0s
H   29    33                    7257.3900000 6006.38337  17.2%  82.6    0s
H   59    66                    7249.4700000 6006.38337  17.1%  72.5    0s
H   65    66                    7072.1800000 6006.38337  15.1%  69.4    0s
H   94    81                    7064.2600000 6010.92844  14.9%  59.3    0s
H   98    81                    6958.5400000 6010.92844  13.6%  59.8    0s
H  125   109                    6914.5400000 6010.92844  13.1%  58.3    0s
H  128   109                    6912.5400000 6010.92844  13.0%  58.1    0s
H  154   122                    6885.5400000 6076.68843  11.7%  59.4    1s
H  157   120                    6866.5200000 6076.68843  11.5%  60.2    1s
H  190   138                    6856.1700000 6076.68843  11.4%  56.4    1s
H  436   260                    6844.1700000 6163.75267  9.94%  53.6    1s
H  581   312                    6803.1800000 6213.44627  8.67%  55.9    2s
H  765   349                    6801.1800000 6246.64916  8.15%  57.5    2s
*  818   370              21    6795.2600000 6253.78514  7.97%  57.5    2s
H 1042   418                    6793.2600000 6295.81693  7.32%  59.3    3s
H 1053   414                    6777.4700000 6295.81693  7.11%  59.4    3s
  1671   451     cutoff    9      6777.47000 6424.63169  5.21%  60.7    5s

Cutting planes:
  User: 54
  Gomory: 3
  Cover: 131
  Implied bound: 76
  Clique: 10
  MIR: 78
  StrongCG: 2
  Flow cover: 72
  GUB cover: 3
  Network: 1
  RLT: 91
  Relax-and-lift: 26

Explored 3173 nodes (177254 simplex iterations) in 7.99 seconds
Thread count was 2 (of 32 available processors)

Solution count 10: 6777.47 6793.26 6795.26 ... 6912.54

Optimal solution found (tolerance 1.00e-04)
Best objective 6.777470000000e+03, best bound 6.777470000000e+03, gap 0.0000%

User-callback calls 7757, time in user-callback 1.00 sec
================================================================================
executing instance: ./input/Instances/Original/2/absH3high_3n20.dat
--------------------------------------------------------------------------------
Instance details
n	21
H	3
C	1536
Li:
[0, 0, 0, 0, 0, 0, 0, 0, 0, 0, 0, 0, 0, 0, 0, 0, 0, 0, 0, 0, 0, ]
Ui:
[0, 48, 207, 156, 294, 207, 297, 54, 114, 90, 228, 132, 84, 64, 51, 153, 60, 39, 195, 82, 130, ]
Distance matrix:
|0	41	141	324	154	98	307	402	160	217	284	269	188	233	54	185	307	149	286	276	103	|
|41	0	114	285	184	88	285	385	200	197	251	230	189	270	48	205	295	160	245	241	62	|
|141	114	0	200	208	193	353	459	269	275	289	154	129	371	160	192	380	136	205	267	88	|
|324	285	200	0	406	330	386	484	467	344	286	57	299	555	318	380	442	327	114	255	226	|
|154	184	208	406	0	250	460	553	101	370	436	361	136	247	208	63	455	87	405	425	232	|
|98	88	193	330	250	0	211	304	232	121	204	273	276	249	44	283	210	244	259	204	113	|
|307	285	353	386	460	211	0	106	436	90	104	342	467	407	253	490	72	445	275	134	269	|
|402	385	459	484	553	304	106	0	517	188	198	443	570	463	348	587	102	545	371	229	373	|
|160	200	269	467	101	232	436	517	0	349	434	417	231	148	200	163	415	179	444	431	261	|
|217	197	275	344	370	121	90	188	349	0	111	293	382	335	163	400	106	357	244	128	187	|
|284	251	289	286	436	204	104	198	434	111	0	246	413	441	235	452	170	401	173	31	214	|
|269	230	154	57	361	273	342	443	417	293	246	0	266	500	261	342	393	286	85	215	170	|
|188	189	129	299	136	276	467	570	231	382	413	266	0	368	233	88	483	53	330	394	201	|
|233	270	371	555	247	249	407	463	148	335	441	500	368	0	242	310	364	316	504	448	330	|
|54	48	160	318	208	44	253	348	200	163	235	261	233	242	0	239	254	200	262	230	92	|
|185	205	192	380	63	283	490	587	163	400	452	342	88	310	239	0	492	56	397	438	240	|
|307	295	380	442	455	210	72	102	415	106	170	393	483	364	254	492	0	453	334	198	293	|
|149	160	136	327	87	244	445	545	179	357	401	286	53	316	200	56	453	0	341	385	188	|
|286	245	205	114	405	259	275	371	444	244	173	85	330	504	262	397	334	341	0	142	183	|
|276	241	267	255	425	204	134	229	431	128	31	215	394	448	230	438	198	385	142	0	198	|
|103	62	88	226	232	113	269	373	261	187	214	170	201	330	92	240	293	188	183	198	0	|

