




arguments: ./build/bc_mirp -f ./input/orig_exec_239.cfg
Current dir: /scratch/gui/bc_mirp
File verbosity level: 9
date       time         ( uptime  ) [ thread name/id ]                   file:line     v| 
2021-02-16 01:15:07.855 (   0.204s) [main thread     ]             loguru.cpp:789   INFO| Logging to './output/vi_vc+lex_half/OU/V5/Original/execution_16_02_2021_01_15_07.log', mode: 'a', verbosity: 9
--------------------------------------------------------------------------------
Parameters
                           instance_path           ./input/Instances/Original/5/
                            model_policy                                       1
                             nb_vehicles                                       5
                              output_dir ./output/vi_vc+lex_half/OU/V5/Original/
                            sec_strategy                                       1
                       solver_nb_threads                                       2
                         solver_show_log                                    true
                       solver_time_limit                                    3600
                              use_vi_cos                                   false
                              use_vi_cus                                   false
                         use_vi_hc1_full                                   false
                         use_vi_hc1_half                                   false
                      use_vi_hc1_quarter                                   false
                              use_vi_hc2                                   false
                              use_vi_hc3                                   false
                         use_vi_lex_full                                   false
                         use_vi_lex_half                                    true
                      use_vi_lex_quarter                                   false
                              use_vi_qua                                   false
                               use_vi_vc                                    true
                               use_vi_vr                                   false
--------------------------------------------------------------------------------
executing instance: ./input/Instances/Original/5/absH3low_4n50.dat
--------------------------------------------------------------------------------
Instance details
n	51
H	3
C	4066
Li:
[0, 0, 0, 0, 0, 0, 0, 0, 0, 0, 0, 0, 0, 0, 0, 0, 0, 0, 0, 0, 0, 0, 0, 0, 0, 0, 0, 0, 0, 0, 0, 0, 0, 0, 0, 0, 0, 0, 0, 0, 0, 0, 0, 0, 0, 0, 0, 0, 0, 0, 0, ]
Ui:
[0, 108, 126, 122, 66, 120, 48, 30, 128, 54, 158, 198, 36, 66, 210, 234, 147, 297, 171, 128, 116, 120, 219, 70, 294, 207, 134, 128, 234, 122, 22, 183, 195, 255, 132, 124, 66, 189, 219, 66, 128, 102, 288, 66, 87, 136, 36, 39, 282, 36, 237, ]
Distance matrix:
|0	210	444	498	509	104	438	228	487	304	456	434	526	476	163	47	293	396	293	290	313	85	280	437	293	336	409	106	449	376	433	478	193	404	404	534	278	181	380	507	189	438	263	473	353	216	202	218	452	254	465	|
|210	0	299	507	359	106	345	409	358	411	320	402	555	448	136	200	289	264	306	427	141	222	83	348	264	320	283	303	380	208	258	357	170	348	475	542	243	347	355	379	65	479	172	373	355	251	112	229	402	210	300	|
|444	299	0	363	65	358	116	542	66	440	26	241	425	272	282	407	251	51	276	490	159	397	224	124	217	237	48	490	170	99	83	74	261	180	430	385	214	479	231	85	270	390	184	116	271	300	409	276	210	215	54	|
|498	507	363	0	385	482	246	424	326	254	343	123	63	93	388	452	221	337	211	314	428	414	480	239	243	187	324	463	194	418	438	307	346	188	156	36	264	392	156	326	444	87	340	258	154	286	603	294	153	297	417	|
|509	359	65	385	0	422	145	602	59	492	59	269	448	292	348	472	305	115	329	545	218	462	281	152	274	286	106	554	192	153	116	78	326	216	472	403	274	540	271	63	334	425	249	127	316	361	468	337	233	278	69	|
|104	106	358	482	422	0	372	309	408	337	374	396	521	441	98	96	262	314	271	342	215	124	177	373	249	302	329	198	394	281	337	402	139	353	419	518	230	250	343	428	90	437	188	405	328	200	134	188	406	199	372	|
|438	345	116	246	145	372	0	485	87	357	97	126	309	155	279	394	180	101	200	414	223	373	288	8	157	150	84	459	53	188	196	68	245	72	328	269	165	427	128	97	297	280	184	36	175	250	456	233	94	184	170	|
|228	409	542	424	602	309	485	0	561	170	544	419	424	446	298	214	305	491	286	115	462	187	457	480	331	339	496	124	470	510	565	545	295	424	279	454	329	66	376	576	363	340	370	520	330	242	429	266	453	328	581	|
|487	358	66	326	59	408	87	561	0	441	40	211	389	233	324	446	258	95	281	497	220	431	287	95	230	234	79	522	133	164	146	19	297	160	415	344	233	500	215	21	323	367	224	68	261	320	470	299	174	242	106	|
|304	411	440	254	492	337	357	170	441	0	434	266	255	286	275	266	189	392	164	63	408	225	428	351	224	207	392	234	330	438	484	424	250	287	112	284	232	149	233	453	349	170	302	389	185	168	471	195	305	248	487	|
|456	320	26	343	59	374	97	544	40	434	0	223	406	252	294	418	247	60	271	487	181	405	247	105	215	229	49	498	149	124	109	48	270	165	419	364	215	482	218	60	288	375	194	92	261	302	431	279	190	220	75	|
|434	402	241	123	269	396	126	419	211	266	223	0	185	46	298	387	140	213	145	328	310	355	366	118	147	97	201	425	78	295	315	191	256	65	211	151	166	371	53	215	343	157	231	145	90	220	505	217	41	198	295	|
|526	555	425	63	448	521	309	424	389	255	406	185	0	156	430	481	266	398	252	310	485	442	534	301	293	237	386	480	257	478	500	370	390	249	145	55	313	401	212	389	491	89	392	321	201	322	646	334	216	345	479	|
|476	448	272	93	292	441	155	446	233	286	252	46	156	0	343	429	183	250	184	348	353	396	411	148	192	140	236	461	102	334	350	214	302	106	214	113	212	402	98	233	389	151	277	165	125	261	551	260	62	244	325	|
|163	136	282	388	348	98	279	298	324	275	294	298	430	343	0	124	167	234	178	296	167	121	162	279	151	205	247	216	297	224	280	316	42	256	340	423	132	232	246	344	74	349	100	314	233	115	216	97	308	101	307	|
|47	200	407	452	472	96	394	214	446	266	418	387	481	429	124	0	246	358	245	259	284	41	261	392	247	289	370	103	403	345	402	436	150	358	361	488	232	158	333	466	165	393	223	430	306	168	217	171	406	210	431	|
|293	289	251	221	305	262	180	305	258	189	247	140	266	183	167	246	0	204	26	240	238	215	276	175	37	43	203	289	169	255	297	242	125	122	202	257	52	248	87	272	225	191	134	215	67	80	382	77	163	81	298	|
|396	264	51	337	115	314	101	491	95	392	60	213	398	250	234	358	204	0	229	442	130	347	196	108	169	194	19	440	152	87	102	93	211	149	390	363	165	428	194	116	228	355	134	117	230	250	376	225	189	164	95	|
|293	306	276	211	329	271	200	286	281	164	271	145	252	184	178	245	26	229	0	216	262	212	297	195	63	53	228	280	184	280	323	264	138	137	178	248	76	232	95	294	241	173	156	234	60	77	395	83	172	102	324	|
|290	427	490	314	545	342	414	115	497	63	487	328	310	348	296	259	240	442	216	0	443	220	456	408	273	264	443	204	390	479	529	480	278	346	165	343	278	115	293	509	369	229	340	447	244	202	473	230	366	288	536	|
|313	141	159	428	218	215	223	462	220	408	181	310	485	353	167	284	238	130	262	443	0	288	67	228	202	252	149	382	267	67	122	221	168	247	440	459	186	396	273	241	125	423	107	245	291	242	251	214	297	162	160	|
|85	222	397	414	462	124	373	187	431	225	405	355	442	396	121	41	215	347	212	220	288	0	273	371	221	258	357	95	378	344	401	420	136	331	321	450	208	126	302	450	177	353	213	409	272	136	253	143	377	190	426	|
|280	83	224	480	281	177	288	457	287	428	247	366	534	411	162	261	276	196	297	456	67	273	0	292	243	298	215	363	329	128	176	288	179	305	475	513	224	392	324	307	96	466	143	311	335	261	187	235	357	195	219	|
|437	348	124	239	152	373	8	480	95	351	105	118	301	148	279	392	175	108	195	408	228	371	292	0	154	144	91	456	46	194	203	76	244	65	320	261	163	423	121	103	299	273	185	40	168	247	459	230	86	183	178	|
|293	264	217	243	274	249	157	331	230	224	215	147	293	192	151	247	37	169	63	273	202	221	243	154	0	57	170	303	157	217	260	215	110	111	238	278	21	271	94	245	201	223	100	193	92	93	362	78	160	54	263	|
|336	320	237	187	286	302	150	339	234	207	229	97	237	140	205	289	43	194	53	264	252	258	298	144	57	0	190	331	131	257	294	216	163	84	197	221	77	285	44	246	258	172	155	183	39	123	418	119	120	110	288	|
|409	283	48	324	106	329	84	496	79	392	49	201	386	236	247	370	203	19	228	443	149	357	215	91	170	190	0	449	136	105	114	75	221	138	384	349	168	434	185	99	245	346	146	98	224	255	394	231	174	171	99	|
|106	303	490	463	554	198	459	124	522	234	498	425	480	461	216	103	289	440	280	204	382	95	363	456	303	331	449	0	458	439	496	510	229	410	344	498	293	89	374	540	267	391	307	495	336	211	308	226	451	280	520	|
|449	380	170	194	192	394	53	470	133	330	149	78	257	102	297	403	169	152	184	390	267	378	329	46	157	131	136	458	0	238	249	114	259	47	287	216	171	416	96	137	327	235	211	67	145	247	488	235	41	197	223	|
|376	208	99	418	153	281	188	510	164	438	124	295	478	334	224	345	255	87	280	479	67	344	128	194	217	257	105	439	238	0	57	169	216	230	453	445	206	445	268	184	191	427	141	202	296	278	315	250	274	191	92	|
|433	258	83	438	116	337	196	565	146	484	109	315	500	350	280	402	297	102	323	529	122	401	176	203	260	294	114	496	249	57	0	157	271	252	490	463	251	499	296	162	247	457	195	199	331	329	362	302	288	241	47	|
|478	357	74	307	78	402	68	545	19	424	48	191	370	214	316	436	242	93	264	480	221	420	288	76	215	216	75	510	114	169	157	0	287	141	396	325	219	485	196	31	319	347	216	49	243	306	469	286	154	230	120	|
|193	170	261	346	326	139	245	295	297	250	270	256	390	302	42	150	125	211	138	278	168	136	179	244	110	163	221	229	259	216	271	287	0	216	305	382	91	229	204	316	105	310	78	280	192	83	257	60	268	62	292	|
|404	348	180	188	216	353	72	424	160	287	165	65	249	106	256	358	122	149	137	346	247	331	305	65	111	84	138	410	47	230	252	141	216	0	255	215	126	369	56	168	292	210	177	102	103	200	454	189	54	155	234	|
|404	475	430	156	472	419	328	279	415	112	419	211	145	214	340	361	202	390	178	165	440	321	475	320	238	197	384	344	287	453	490	396	305	255	0	181	254	261	201	422	410	69	335	353	160	225	551	246	252	280	482	|
|534	542	385	36	403	518	269	454	344	284	364	151	55	113	423	488	257	363	248	343	459	450	513	261	278	221	349	498	216	445	463	325	382	215	181	0	298	425	189	342	479	115	373	276	190	323	638	330	175	332	439	|
|278	243	214	264	274	230	165	329	233	232	215	166	313	212	132	232	52	165	76	278	186	208	224	163	21	77	168	293	171	206	251	219	91	126	254	298	0	267	114	250	181	242	82	202	112	88	341	68	177	33	258	|
|181	347	479	392	540	250	427	66	500	149	482	371	401	402	232	158	248	428	232	115	396	126	392	423	271	285	434	89	416	445	499	485	229	369	261	425	267	0	325	516	298	313	305	463	281	180	375	203	403	264	516	|
|380	355	231	156	271	343	128	376	215	233	218	53	212	98	246	333	87	194	95	293	273	302	324	121	94	44	185	374	96	268	296	196	204	56	201	189	114	325	0	224	294	161	185	157	49	167	455	163	78	147	284	|
|507	379	85	326	63	428	97	576	21	453	60	215	389	233	344	466	272	116	294	509	241	450	307	103	245	246	99	540	137	184	162	31	316	168	422	342	250	516	224	0	344	371	244	70	271	337	490	317	176	261	120	|
|189	65	270	444	334	90	297	363	323	349	288	343	491	389	74	165	225	228	241	369	125	177	96	299	201	258	245	267	327	191	247	319	105	292	410	479	181	298	294	344	0	414	116	328	291	187	163	165	345	147	282	|
|438	479	390	87	425	437	280	340	367	170	375	157	89	151	349	393	191	355	173	229	423	353	466	273	223	172	346	391	235	427	457	347	310	210	69	115	242	313	161	371	414	0	323	301	133	238	565	253	197	273	444	|
|263	172	184	340	249	188	184	370	224	302	194	231	392	277	100	223	134	134	156	340	107	213	143	185	100	155	146	307	211	141	195	216	78	177	335	373	82	305	185	244	116	323	0	217	192	138	278	110	230	55	214	|
|473	373	116	258	127	405	36	520	68	389	92	145	321	165	314	430	215	117	234	447	245	409	311	40	193	183	98	495	67	202	199	49	280	102	353	276	202	463	157	70	328	301	217	0	205	286	485	269	106	220	167	|
|353	355	271	154	316	328	175	330	261	185	261	90	201	125	233	306	67	230	60	244	291	272	335	168	92	39	224	336	145	296	331	243	192	103	160	190	112	281	49	271	291	133	192	205	0	138	449	141	123	145	323	|
|216	251	300	286	361	200	250	242	320	168	302	220	322	261	115	168	80	250	77	202	242	136	261	247	93	123	255	211	247	278	329	306	83	200	225	323	88	180	167	337	187	238	138	286	138	0	328	28	243	88	340	|
|202	112	409	603	468	134	456	429	470	471	431	505	646	551	216	217	382	376	395	473	251	253	187	459	362	418	394	308	488	315	362	469	257	454	551	638	341	375	455	490	163	565	278	485	449	328	0	313	508	308	406	|
|218	229	276	294	337	188	233	266	299	195	279	217	334	260	97	171	77	225	83	230	214	143	235	230	78	119	231	226	235	250	302	286	60	189	246	330	68	203	163	317	165	253	110	269	141	28	313	0	235	61	315	|
|452	402	210	153	233	406	94	453	174	305	190	41	216	62	308	406	163	189	172	366	297	377	357	86	160	120	174	451	41	274	288	154	268	54	252	175	177	403	78	176	345	197	230	106	123	243	508	235	0	207	264	|
|254	210	215	297	278	199	184	328	242	248	220	198	345	244	101	210	81	164	102	288	162	190	195	183	54	110	171	280	197	191	241	230	62	155	280	332	33	264	147	261	147	273	55	220	145	88	308	61	207	0	253	|
|465	300	54	417	69	372	170	581	106	487	75	295	479	325	307	431	298	95	324	536	160	426	219	178	263	288	99	520	223	92	47	120	292	234	482	439	258	516	284	120	282	444	214	167	323	340	406	315	264	253	0	|

--------------------------------------------------------------------------------
Building model...
	using lazy and cut (CVRPSEP package)
Solving IRP LP...
--------------------------------------------------------------------------------

Gurobi 9.1.0 (linux64) logging started Tue Feb 16 01:15:08 2021

Gurobi Optimizer version 9.1.0 build v9.1.0rc0 (linux64)
Thread count: 32 physical cores, 32 logical processors, using up to 2 threads
Optimize a model with 2211 rows, 20844 columns and 47814 nonzeros
Model fingerprint: 0x1185c695
Variable types: 954 continuous, 19890 integer (765 binary)
Coefficient statistics:
  Matrix range     [1e+00, 3e+07]
  Objective range  [1e-02, 6e+02]
  Bounds range     [1e+00, 3e+02]
  RHS range        [1e+00, 7e+03]
Presolve removed 603 rows and 1771 columns
Presolve time: 0.37s
Presolved: 1608 rows, 19073 columns, 41663 nonzeros
Variable types: 584 continuous, 18489 integer (17741 binary)

Root relaxation: objective 3.625792e+03, 2283 iterations, 0.09 seconds

    Nodes    |    Current Node    |     Objective Bounds      |     Work
 Expl Unexpl |  Obj  Depth IntInf | Incumbent    BestBd   Gap | It/Node Time

     0     0 3625.79189    0  162          - 3625.79189      -     -    0s
     0     0 3919.26761    0  191          - 3919.26761      -     -    1s
     0     0 3920.78778    0  188          - 3920.78778      -     -    1s
     0     0 4454.30239    0  296          - 4454.30239      -     -    1s
     0     0 4500.13810    0  256          - 4500.13810      -     -    1s
     0     0 4502.71061    0  257          - 4502.71061      -     -    1s
     0     0 4532.70489    0  269          - 4532.70489      -     -    1s
     0     0 4554.78580    0  262          - 4554.78580      -     -    2s
     0     0 4555.22591    0  265          - 4555.22591      -     -    2s
     0     0 4759.18365    0  296          - 4759.18365      -     -    3s
     0     0 4776.68368    0  295          - 4776.68368      -     -    3s
     0     0 4779.31001    0  308          - 4779.31001      -     -    3s
     0     0 4779.34657    0  300          - 4779.34657      -     -    3s
     0     0 4868.03149    0  374          - 4868.03149      -     -    4s
     0     0 4875.83959    0  347          - 4875.83959      -     -    4s
     0     0 4876.89160    0  353          - 4876.89160      -     -    4s
     0     0 4938.04859    0  333          - 4938.04859      -     -    5s
     0     0 4966.62560    0  406          - 4966.62560      -     -    6s
     0     0 4969.94812    0  414          - 4969.94812      -     -    6s
     0     0 4972.30031    0  446          - 4972.30031      -     -    6s
     0     0 4974.53900    0  405          - 4974.53900      -     -    7s
     0     0 4975.12758    0  443          - 4975.12758      -     -    7s
     0     0 5001.52700    0  474          - 5001.52700      -     -    7s
     0     0 5003.83265    0  554          - 5003.83265      -     -    8s
     0     0 5008.04393    0  520          - 5008.04393      -     -    8s
     0     0 5009.93129    0  512          - 5009.93129      -     -    8s
     0     0 5033.81764    0  538          - 5033.81764      -     -    9s
     0     0 5044.76096    0  512          - 5044.76096      -     -   10s
     0     0 5045.80867    0  531          - 5045.80867      -     -   10s
     0     0 5049.73565    0  437          - 5049.73565      -     -   10s
     0     0 5049.90899    0  438          - 5049.90899      -     -   10s
     0     0 5050.06796    0  442          - 5050.06796      -     -   11s
     0     0 5050.06796    0  442          - 5050.06796      -     -   12s
     0     2 5070.00398    0  442          - 5070.00398      -     -   19s
     1     4 5070.00398    1  576          - 5070.00398      -   911   21s
    13    16 5085.85168    5  428          - 5072.17465      -   812   25s
    31    35 5229.71849   11  319          - 5072.17465      -   720   30s
    40    44 5337.83214   14  282          - 5072.17465      -   718   35s
    54    61 infeasible   18               - 5072.17465      -   709   40s
    84    89 5527.35146   30  318          - 5072.17465      -   557   45s
   115   127 5628.61051   40  263          - 5072.17465      -   498   50s
   167   190 5934.25388   56  256          - 5072.17465      -   395   55s
   254   287 6266.54107   87  116          - 5072.17465      -   299   60s
   404   457 7324.33963  131  124          - 5072.17465      -   214   66s
   619   721 8547.32099  178  120          - 5072.17465      -   153   71s
   862   933 10292.6186  252   56          - 5072.17465      -   116   75s
  1030   989 5140.21133    5  550          - 5084.41139      -   104   81s
  1033   990 6685.96574  107  442          - 5084.41139      -   104   85s
  1039   994 8092.68911  162  558          - 5084.41139      -   104   90s
  1047   999 9243.22196  227  572          - 5123.18345      -   103   96s
  1053  1003 5456.66728   30  616          - 5141.96042      -   102  100s
  1062  1009 9849.67000  312  847          - 5148.85287      -   102  105s
  1066  1012 6098.72353   88  816          - 5155.47134      -   101  110s
  1074  1017 5358.84818   22  815          - 5161.91448      -   100  115s
  1078  1020 9541.30292  229  809          - 5169.81993      -   100  131s
  1084  1024 5802.66855   46  819          - 5172.92696      -  99.5  135s
  1088  1027 6031.24257   64  826          - 5172.93022      -  99.1  146s
  1093  1033 5204.38596   12  514          - 5175.78228      -   122  150s
  1103  1040 5211.38831   15  495          - 5179.10908      -   125  155s
  1114  1047 5249.68108   18  480          - 5184.14285      -   129  160s
  1121  1054 5250.59299   20  511          - 5186.66897      -   133  165s
  1132  1060 5276.64307   23  354          - 5186.66897      -   138  172s
  1139  1066 5281.91492   25  470          - 5186.66897      -   143  175s
  1154  1076 5343.66583   29  452          - 5186.66897      -   147  181s
  1162  1081 5348.93178   31  450          - 5186.66897      -   151  185s
  1175  1092 5373.48018   35  402          - 5186.66897      -   156  191s
  1191  1103 5467.85751   41  316          - 5186.66897      -   160  196s
  1204  1112 5534.34043   46  233          - 5186.66897      -   164  200s
  1229  1124 5334.39617   36  596          - 5186.66897      -   167  205s
  1242  1141 5655.57528   61  269          - 5186.66897      -   170  210s
  1285  1178 5827.44589   79  198          - 5186.66897      -   174  216s
  1329  1208 5947.79979   98  230          - 5186.66897      -   177  220s
  1393  1255 6153.13579  125  270          - 5186.66897      -   181  228s
  1417  1273 6189.06073  136  245          - 5186.66897      -   182  231s
  1463  1285 5534.38716   53  224          - 5186.66897      -   182  235s
  1470  1310 6432.25843  156  180          - 5186.66897      -   183  245s
  1527  1349 6380.33334  178  265          - 5186.66897      -   184  252s
  1556  1371 6447.37509  189  254          - 5186.66897      -   185  256s
  1587  1394 6491.11431  201  275          - 5186.66897      -   186  260s
  1637  1411 6722.36331  222  247          - 5186.66897      -   186  265s
  1683  1457 6996.22384  237  244          - 5186.66897      -   187  273s
  1720  1512 7922.28283  249  217          - 5186.66897      -   187  280s
  1791  1561 8650.26216  279  137          - 5186.66897      -   185  285s
  1874  1598 10111.5882  314   80          - 5186.70522      -   180  292s
  1966  1583 5215.62362   14  628          - 5186.70522      -   176  298s
  1982  1603 5216.83704   15  608          - 5186.70522      -   177  303s
  2007  1612 5344.44267   16  588          - 5186.70522      -   178  308s
  2025  1627 5260.72173   17  762          - 5186.70522      -   179  313s
  2046  1648 5262.28175   17  798          - 5186.70522      -   180  318s
  2074  1676 5273.04758   18  646          - 5186.70522      -   180  323s
  2111  1716 5396.04534   19  613          - 5186.70522      -   181  329s
  2165  1768 5314.45438   20  539          - 5186.70522      -   180  336s
  2242  1743 5363.14340   22  434          - 5186.70522      -   177  343s
  2255  1746 5419.14066   24  407          - 5186.70522      -   179  349s
  2262  1752 5456.83429   27  433          - 5186.70522      -   181  355s
  2271  1758 5492.94426   30  434          - 5186.70522      -   183  361s
  2280  1765 5553.20220   33  389          - 5186.70522      -   185  367s
  2290  1769 5578.82574   36  444          - 5186.70522      -   187  373s
  2297  1776 5582.23766   38  453          - 5186.70522      -   189  380s
  2306  1781 5594.58257   41  418          - 5186.70522      -   191  386s
  2314  1788 5758.57937   43  246          - 5186.70522      -   194  392s
  2324  1799 5730.96376   46  400          - 5186.70522      -   196  399s
  2338  1817 5808.49299   52  306          - 5186.70522      -   198  405s
  2361  1836 5934.05004   62  268          - 5186.70522      -   199  413s
  2390  1858 6127.86720   74  222          - 5186.70522      -   201  420s
  2421  1912 6471.04987   88  193          - 5186.70522      -   202  427s
  2486  2036 7144.26712  118  114          - 5186.70522      -   201  436s
  2631  2147 9014.78943  188   90          - 5186.70522      -   196  445s
  2791  2134 10614.0218  266   46          - 5189.29411      -   188  456s
  2871  2134 5422.09987   14  732          - 5189.29411      -   187  464s
  2879  2142 5427.56484   15  801          - 5189.29411      -   188  472s
  2889  2149 5477.50689   20  703          - 5189.29411      -   191  483s
  2900  2155 5541.01553   24  552          - 5189.29411      -   193  490s
  2909  2163 5620.26334   22  605          - 5189.29411      -   195  498s
  2920  2172 5571.89440   25  462          - 5189.29411      -   197  506s
  2933  2184 5565.31976   28  505          - 5189.29411      -   199  514s
  2949  2194 5620.16852   29  480          - 5189.29411      -   201  524s
  2955  2192 5859.07359   57  345          - 5189.29411      -   202  525s
  2965  2206 5714.02391   30  405          - 5189.29411      -   203  533s
  2982  2224 5625.55689   32  438          - 5189.29411      -   204  543s
  3006  2245 5691.83245   37  347          - 5189.29411      -   206  552s
  3035  2266 5793.86596   43  336          - 5189.29411      -   208  562s
  3065  2294 5857.90530   48  276          - 5189.29411      -   209  572s
  3103  2315 5910.47426   54  311          - 5189.29411      -   211  582s
  3137  2351 6008.63101   59  312          - 5189.29411      -   212  593s
  3184  2399 6056.22764   68  247          - 5189.29411      -   212  604s
  3196  2395 6081.31371   75  220          - 5189.29411      -   212  605s
  3248  2509 6186.93944   83  289          - 5189.29411      -   213  617s
  3379  2595 6579.69295   92  239          - 5189.29411      -   209  631s
  3511  2690 6512.28264  106  277          - 5189.29411      -   206  645s
  3650  2866 6621.87588  114  257          - 5189.29411      -   203  661s
  3876  2906 6703.98069  121  261          - 5189.29411      -   196  695s
  3991  2984 6986.76324  137  146          - 5189.29411      -   194  710s
  4173  3057 7957.53219  163   25          - 5189.61104      -   191  728s
  4347  3092 5395.62203   17  774          - 5189.61104      -   187  745s
  4356  3103 5528.86079   20  390          - 5189.61104      -   190  758s
  4367  3121 5551.37391   22  592          - 5189.61104      -   192  773s
  4385  3136 5588.00868   25  503          - 5189.61104      -   194  784s
  4400  3156 5588.69591   24  520          - 5189.61104      -   196  791s
  4420  3175 5609.53436   26  554          - 5189.61104      -   198  798s
  4439  3203 5618.78347   30  489          - 5189.61104      -   200  805s
  4467  3236 5654.88608   38  403          - 5189.61104      -   202  815s
  4500  3275 5725.12716   40  396          - 5189.61104      -   204  823s
  4539  3352 5797.44366   42  363          - 5189.61104      -   205  832s
  4616  3449 5883.74844   47  266          - 5189.61104      -   206  842s
  4713  3539 6079.91748   55  226          - 5189.61104      -   206  852s
  4803  3767 6096.13409   64  204          - 5189.61104      -   207  865s
  5031  3990 6258.12167   71  188          - 5189.61104      -   204  879s
  5087  3990 7119.72364  167   73          - 5189.61104      -   204  880s
  5284  4068 7032.10999   81  198          - 5189.61104      -   200  892s
  5362  4158 6758.43341   98  119          - 5199.13093      -   202  906s
  5490  4179 5438.04982   15  422          - 5199.13093      -   202  917s
  5511  4221 5446.98957   17  574          - 5199.13093      -   204  926s
  5553  4285 5557.14303   24  358          - 5199.13093      -   206  937s
  5617  4397 5617.03628   35  207          - 5199.13093      -   207  949s
  5629  4397 5695.05158   40  207          - 5199.13093      -   208  950s
  5729  4667 5773.33997   50  138          - 5199.13093      -   208  963s
  5870  4667 6850.05058  126   59          - 5199.13093      -   208  965s
  6001  4909 5999.12485   79  143          - 5199.13093      -   206  980s
  6301  5224 7023.34755  131   89          - 5211.45066      -   202  999s
  6385  5224 7477.71475  175   54          - 5211.45066      -   201 1000s
  6687  5399 5368.07152   18  641          - 5211.45066      -   196 1015s
  6816  5432 5460.23436   21  661          - 5211.45066      -   196 1028s
  6873  5455 5530.10240   20  474          - 5211.45066      -   197 1039s
  6896  5486 5688.10326   25  375          - 5211.45066      -   200 1050s
  6927  5555 5751.31802   27  301          - 5211.45066      -   202 1062s
  6996  5688 5801.34915   34  271          - 5211.45066      -   203 1075s
  7129  5984 5893.25914   44  250          - 5211.45066      -   203 1094s
  7212  5984 6380.18426  138   22          - 5211.45066      -   203 1095s
  7565  6111 6045.84747   56  332          - 5211.45066      -   195 1114s
  7622  6287 6200.04975   77  210          - 5211.45066      -   198 1133s
  7742  6287 6828.89037  114   79          - 5211.45066      -   198 1135s
  7798  6413 7141.43423  120  111          - 5217.01923      -   199 1154s
  7917  6413 5448.31048   24  299          - 5217.01923      -   198 1155s
  7956  6488 5461.98718   26  297          - 5217.01923      -   199 1172s
  8031  6713 5720.37792   40  112          - 5218.18974      -   201 1194s
  8067  6713 5787.06811   54  168          - 5218.18974      -   200 1195s
  8282  6890 5424.79932   15  355          - 5218.18974      -   200 1217s
  8449  7184 5615.29892   26  304          - 5218.18974      -   200 1239s
  8461  7184 5678.24089   35  261          - 5218.18974      -   200 1240s
  8815  7325 5746.80656   44  278          - 5218.18974      -   196 1261s
  8950  7675 6166.22607   77   96          - 5220.50970      -   197 1284s
  9022  7675 6479.43950  107   77          - 5220.50970      -   196 1285s
  9363  7748 5434.11874   18  324          - 5220.75778      -   193 1304s
  9377  7748 5521.09172   23  394          - 5220.75778      -   194 1305s
  9435  8001 5652.15063   32  250          - 5220.75778      -   195 1323s
  9692  8181 6191.08339   70  142          - 5221.05430      -   195 1350s
  9943  8239 5409.44917   25  632          - 5221.62354      -   193 1367s
  9993  8315 5597.84067   41  360          - 5221.62354      -   195 1383s
 10069  8454 5819.26464   54  316          - 5221.62354      -   197 1400s
 10208  8895 6083.84140   84  215          - 5221.62354      -   197 1422s
 10441  8895 6554.71787  128  141          - 5221.62354      -   197 1425s
 10693  9132 6891.15735  136  126          - 5221.76371      -   193 1446s
 11117  9223 5433.64142   22  632          - 5225.53644      -   189 1465s
 11140  9259 5530.24856   27  770          - 5225.53644      -   191 1480s
 11176  9303 5676.99776   31  461          - 5225.53644      -   193 1497s
 11220  9357 5768.62648   37  437          - 5225.53644      -   194 1513s
 11274  9579 5958.38318   42  428          - 5225.53644      -   196 1531s
 11496  9868 6446.33731   81  104          - 5230.81055      -   196 1556s
 11773  9890 7321.99669  167   26          - 5230.85577      -   194 1560s
 11851  9931 5335.59173   21  604          - 5230.85577      -   194 1575s
 11892 10019 5462.85237   27  460          - 5230.85577      -   196 1591s
 11980 10183 5660.65756   37  345          - 5230.85577      -   197 1611s
 12190 10305 6039.28545   58  203          - 5231.68699      -   197 1633s
 12287 10305 7292.91297   91  116          - 5231.68699      -   197 1635s
 12334 10359 5355.91005   22  648          - 5231.68699      -   198 1650s
 12388 10495 5582.58705   30  404          - 5231.68699      -   200 1670s
 12560 10552 5738.65968   40  278          - 5231.68699      -   200 1689s
 12596 10552 5986.81345   50  328          - 5231.68699      -   200 1690s
 12635 10708 6155.06769   56  208          - 5231.68699      -   201 1711s
 12819 10809 infeasible  101               - 5237.10327      -   202 1730s
 12926 11032 5420.82329   22  514          - 5237.10327      -   203 1754s
 13001 11032 6555.62578  110   71          - 5237.10327      -   203 1755s
 13201 11124 5678.48171   32  330          - 5237.10327      -   202 1774s
 13267 11297 6103.74997   52  281          - 5237.10327      -   203 1795s
 13444 11401 7319.07375  103   77          - 5238.12415      -   203 1814s
 13458 11401 7350.35183  111   73          - 5238.12415      -   203 1815s
 13572 11497 5584.91336   32  422          - 5238.12415      -   204 1833s
 13647 11497 6806.02627   89  141          - 5238.12415      -   204 1835s
 13710 11564 5716.97004   44  350          - 5238.12415      -   204 1852s
 13777 11676 5899.44904   63  279          - 5238.12415      -   206 1872s
 13889 11907 6222.39889   90  163          - 5238.12415      -   207 1895s
 14120 12295 6946.61524  132   91          - 5238.93040      -   207 1925s
 14516 12355 9440.58000  232    4          - 5238.93040      -   203 1930s
 14677 12400 5433.66102   25  594          - 5238.93176      -   203 1948s
 14709 12445 5571.30980   34  503          - 5238.93176      -   204 1964s
 14726 12445 5705.59779   37  489          - 5238.93176      -   205 1965s
 14754 12529 5811.58820   39  408          - 5238.93176      -   206 1984s
 14779 12529 5927.54921   52  257          - 5238.93176      -   206 1985s
 14838 12782 5979.29781   59  250          - 5240.43748      -   206 2011s
 15094 12806 8804.03000  146    8          - 5240.43748      -   205 2015s
 15169 13079 5242.43261   21  765          - 5240.44451      -   205 2037s
 15519 13174 5503.49063   29  368          - 5240.44451      -   204 2058s
 15580 13294 5613.68836   34  383          - 5240.44451      -   205 2077s
 15700 13491 5825.06597   46  249          - 5240.44451      -   206 2102s
 15947 13818 5989.99921   60  237          - 5240.44451      -   205 2134s
 16007 13818 6280.57307   87   81          - 5240.44451      -   205 2135s
 16345 13960 7629.42712  130   31          - 5242.50481      -   202 2158s
 16492 14063 5366.28253   25  767          - 5242.50481      -   203 2177s
 16573 14293 5574.38383   31  575          - 5242.50481      -   204 2201s
 16811 14473 5941.34321   44  304          - 5242.50481      -   203 2223s
 16923 14474 8701.55000  151    4          - 5242.50481      -   203 2225s
 17051 14623 6132.93160   63  272          - 5242.50481      -   202 2244s
 17063 14623 6263.35480   67  130          - 5242.50481      -   203 2245s
 17172 15065 6358.11124   81  136          - 5242.96981      -   203 2269s
 17208 15065 6580.34534   95   51          - 5242.96981      -   203 2270s
 17716 15182 5347.38721   24  764          - 5242.96981      -   200 2293s
 17814 15258 5368.37862   26  776          - 5242.96981      -   200 2310s
 17877 15409 5534.94594   29  693          - 5242.96981      -   201 2330s
 18078 15493 5745.96620   36  459          - 5242.96981      -   201 2348s
 18162 15660 5880.82490   46  366          - 5242.96981      -   202 2367s
 18350 15660 7702.33671  111   25          - 5242.96981      -   202 2370s
 18367 15840 6008.73430   57  396          - 5242.96981      -   202 2392s
 18525 15840 6020.78047   52  163          - 5242.96981      -   202 2395s
 18547 16178 6405.66097  108   93          - 5245.71196      -   202 2417s
 18787 16200 7411.17000  186    6          - 5245.71196      -   201 2420s
 19047 16302 5736.62277   26  347          - 5245.81109      -   200 2441s
 19129 16434 6157.51715   52  200          - 5246.49997      -   200 2462s
 19297 16483 5522.30403   26  627          - 5246.49997      -   201 2480s
 19341 16604 5791.60125   34  544          - 5246.49997      -   202 2498s
 19462 16973 6028.25848   46  290          - 5246.49997      -   202 2525s
 19849 17179 6292.39730   64  176          - 5246.49997      -   201 2549s
 19885 17179 6394.99387   78  131          - 5246.49997      -   201 2550s
 20128 17372 6736.85531  118   28          - 5251.44969      -   200 2571s
 20326 17475 5470.78085   25  381          - 5251.44969      -   200 2590s
 20413 17829 5850.73566   45  140          - 5251.44969      -   200 2615s
 20777 17845 7385.31056  154   36          - 5251.44969      -   199 2620s
 20801 18021 6646.32356  106  108          - 5252.96304      -   199 2641s
 21088 18087 5899.36226   31  525          - 5253.33260      -   198 2660s
 21120 18133 6028.31526   39  518          - 5253.33260      -   199 2678s
 21166 18215 6125.95730   46  516          - 5253.33260      -   200 2699s
 21178 18215 6262.17104   50  361          - 5253.33260      -   200 2700s
 21248 18480 6212.73712   53  378          - 5253.33260      -   201 2723s
 21347 18480 6535.73400  103   92          - 5253.33260      -   201 2725s
 21543 18547 6341.84179   62  336          - 5253.33260      -   200 2753s
 21617 18782 6557.34967   85  251          - 5253.33260      -   201 2780s
 21713 18782 6835.27728  126  119          - 5253.33260      -   200 2814s
 21773 18782 7083.84249  153   62          - 5253.33260      -   200 2815s
 21846 19132 7261.21695  178   50          - 5253.99882      -   200 2840s
 22230 19170 9771.52086  273   18          - 5253.99882      -   197 2845s
 22298 19258 5458.67125   26  770          - 5253.99882      -   198 2877s
 22373 19491 5678.69758   38  490          - 5253.99882      -   198 2904s
 22428 19491 6810.99679   91  129          - 5253.99882      -   199 2905s
 22638 19642 5876.47450   47  424          - 5253.99882      -   198 2926s
 22819 19725 6122.82409   55  290          - 5253.99882      -   198 2945s
 22881 19847 6389.14007   75  242          - 5253.99882      -   199 2984s
 22941 19847 6622.89389  105  130          - 5253.99882      -   199 2985s
 23003 19992 6970.41068  119  108          - 5257.37198      -   200 3005s
 23172 20045 5561.16958   20  697          - 5257.37198      -   200 3023s
 23222 20154 5739.80020   28  505          - 5257.37198      -   201 3042s
 23331 20356 5792.94011   34  415          - 5257.37198      -   201 3065s
 23579 20443 5935.03799   37  384          - 5257.37198      -   201 3088s
 23643 20663 6035.16413   47   91          - 5257.37198      -   202 3108s
 23754 20663 6116.16924   66   95          - 5257.37198      -   202 3110s
 23865 20777 6494.02632   73  151          - 5257.37198      -   202 3136s
 23995 21040 7905.87000   92    -          - 5258.83956      -   202 3165s
 24379 21112 9637.10000  157    -          - 5258.83956      -   200 3170s
 24409 21167 5518.80571   21  681          - 5258.83956      -   201 3186s
 24459 21276 5800.02608   28  477          - 5258.83956      -   202 3205s
 24568 21342 5910.06902   36  359          - 5258.83956      -   202 3226s
 24678 21431 6259.73230   50  326          - 5258.83956      -   202 3245s
 24746 21629 6528.83293   65  281          - 5258.83956      -   203 3266s
 24944 21903 7222.09347  114   63          - 5259.20351      -   203 3288s
 25103 21905 9454.20000  170    -          - 5259.20351      -   203 3290s
 25261 22145 5426.84877   21  621          - 5259.20351      -   203 3312s
 25447 22145 7870.59236  157   50          - 5259.20351      -   202 3315s
 25566 22179 5665.01598   33  347          - 5259.20351      -   202 3509s
 25570 22276 5700.17783   32  335          - 5259.20351      -   202 3528s
 25667 22527 5878.65609   47  228          - 5259.20351      -   202 3552s
 25803 22527 6285.91371   83   91          - 5259.20351      -   203 3555s
 25978 22836 6283.06225   82  104          - 5262.12435      -   202 3585s
 26290 22880 9253.94338  191   25          - 5262.12435      -   201 3590s
 26440 22951 5505.61794   31  767          - 5262.12435      -   201 3600s

Cutting planes:
  User: 6313
  Gomory: 17
  Cover: 638
  Implied bound: 250
  Projected implied bound: 14
  Clique: 90
  MIR: 167
  Flow cover: 528
  GUB cover: 5
  Zero half: 89
  Network: 4
  RLT: 481
  Relax-and-lift: 12
  Lazy constraints: 3722

Explored 26471 nodes (5332230 simplex iterations) in 3600.51 seconds
Thread count was 2 (of 32 available processors)

Solution count 0

Time limit reached
Best objective -, best bound 5.262124345788e+03, gap -

User-callback calls 410621, time in user-callback 298.99 sec
writeSolution() exp: Unable to retrieve attribute 'X'
================================================================================
executing instance: ./input/Instances/Original/5/absH3low_4n25.dat
--------------------------------------------------------------------------------
Instance details
n	26
H	3
C	2029
Li:
[0, 0, 0, 0, 0, 0, 0, 0, 0, 0, 0, 0, 0, 0, 0, 0, 0, 0, 0, 0, 0, 0, 0, 0, 0, 0, ]
Ui:
[0, 34, 165, 76, 88, 188, 58, 279, 52, 132, 198, 142, 135, 165, 186, 58, 201, 196, 40, 183, 32, 90, 168, 126, 93, 146, ]
Distance matrix:
|0	299	188	235	91	202	152	147	162	277	268	132	71	162	220	69	220	289	241	124	265	80	162	132	66	302	|
|299	0	468	431	282	142	317	425	443	569	193	178	359	302	422	231	93	28	511	325	457	242	434	215	240	601	|
|188	468	0	153	265	342	308	43	192	106	455	290	117	206	142	246	379	464	252	274	360	267	211	319	231	184	|
|235	431	153	0	326	289	386	145	321	240	482	269	184	129	15	258	339	436	393	355	477	305	336	354	237	334	|
|91	282	265	326	0	228	66	228	166	339	196	157	154	242	311	99	225	264	229	50	201	47	153	71	115	340	|
|202	142	342	289	228	0	285	301	363	447	255	73	245	161	281	139	53	151	440	278	428	181	360	187	136	495	|
|152	317	308	386	66	285	0	275	167	368	188	217	207	308	371	163	274	295	210	34	145	108	148	104	181	350	|
|147	425	43	145	228	301	275	0	179	146	415	248	76	172	131	203	337	421	248	242	341	227	195	279	188	211	|
|162	443	192	321	166	363	167	179	0	216	352	291	152	302	307	225	375	428	81	138	170	201	22	237	227	183	|
|277	569	106	240	339	447	368	146	216	0	535	391	210	312	232	341	481	562	245	335	381	352	238	402	329	106	|
|268	193	455	482	196	255	188	415	352	535	0	225	339	367	469	224	212	165	398	214	302	188	335	136	245	533	|
|132	178	290	269	157	73	217	248	291	391	225	0	183	145	258	66	91	175	367	207	358	110	287	127	67	431	|
