




arguments: ./build/bc_mirp -f ./input/orig_exec_47.cfg
Current dir: /scratch/gui/bc_mirp
File verbosity level: 9
date       time         ( uptime  ) [ thread name/id ]                   file:line     v| 
2021-02-06 19:13:20.474 (   0.441s) [main thread     ]             loguru.cpp:789   INFO| Logging to './output/vi_vc+lex_half/OU/V5/Original/execution_06_02_2021_19_13_20.log', mode: 'a', verbosity: 9
--------------------------------------------------------------------------------
Parameters
                           instance_path           ./input/Instances/Original/1/
                            model_policy                                       1
                             nb_vehicles                                       5
                              output_dir ./output/vi_vc+lex_half/OU/V5/Original/
                            sec_strategy                                       1
                       solver_nb_threads                                       2
                         solver_show_log                                    true
                       solver_time_limit                                    3600
                              use_vi_cos                                   false
                              use_vi_cus                                   false
                         use_vi_hc1_full                                   false
                         use_vi_hc1_half                                   false
                      use_vi_hc1_quarter                                   false
                              use_vi_hc2                                   false
                              use_vi_hc3                                   false
                         use_vi_lex_full                                   false
                         use_vi_lex_half                                    true
                      use_vi_lex_quarter                                   false
                              use_vi_qua                                   false
                               use_vi_vc                                    true
                               use_vi_vr                                   false
--------------------------------------------------------------------------------
executing instance: ./input/Instances/Original/1/absH3high_1n5.dat
--------------------------------------------------------------------------------
Instance details
n	6
H	3
C	289
Li:
[0, 0, 0, 0, 0, 0, ]
Ui:
[0, 195, 105, 116, 72, 22, ]
Distance matrix:
|0	85	349	17	203	289	|
|85	0	265	102	214	226	|
|349	265	0	366	368	238	|
|17	102	366	0	207	302	|
|203	214	368	207	0	431	|
|289	226	238	302	431	0	|

--------------------------------------------------------------------------------
Building model...
	using lazy and cut (CVRPSEP package)
Solving IRP LP...
--------------------------------------------------------------------------------

Gurobi 9.1.0 (linux64) logging started Sat Feb  6 19:13:20 2021

Gurobi Optimizer version 9.1.0 build v9.1.0rc0 (linux64)
Thread count: 32 physical cores, 32 logical processors, using up to 2 threads
Optimize a model with 276 rows, 414 columns and 1476 nonzeros
Model fingerprint: 0xd88fe041
Variable types: 99 continuous, 315 integer (90 binary)
Coefficient statistics:
  Matrix range     [1e+00, 2e+02]
  Objective range  [2e-01, 4e+02]
  Bounds range     [1e+00, 2e+02]
  RHS range        [1e+00, 5e+02]
Presolve removed 24 rows and 43 columns
Presolve time: 0.01s

Explored 0 nodes (0 simplex iterations) in 0.01 seconds
Thread count was 1 (of 32 available processors)

Solution count 0

Model is infeasible
Best objective -, best bound -, gap -

User-callback calls 34, time in user-callback 0.00 sec

Computing Irreducible Inconsistent Subsystem (IIS)...

           Constraints          |            Bounds           |  Runtime
      Min       Max     Guess   |   Min       Max     Guess   |
--------------------------------------------------------------------------
        0       276         -         0       569         -           0s
       31        61        31         0       203         -           5s
       36        36         -         0        82         -          10s
       36        36         -        61        61         -          13s

IIS computed: 36 constraints, 61 bounds
IIS runtime: 13.16 seconds
================================================================================
executing instance: ./input/Instances/Original/1/absH3high_1n45.dat
--------------------------------------------------------------------------------
Instance details
n	46
H	3
C	3462
Li:
[0, 0, 0, 0, 0, 0, 0, 0, 0, 0, 0, 0, 0, 0, 0, 0, 0, 0, 0, 0, 0, 0, 0, 0, 0, 0, 0, 0, 0, 0, 0, 0, 0, 0, 0, 0, 0, 0, 0, 0, 0, 0, 0, 0, 0, 0, ]
Ui:
[0, 273, 270, 36, 165, 192, 148, 45, 30, 75, 180, 198, 112, 117, 90, 64, 180, 22, 264, 174, 168, 270, 86, 66, 26, 66, 237, 156, 92, 108, 144, 72, 30, 45, 94, 54, 174, 96, 198, 136, 44, 180, 210, 249, 198, 48, ]
Distance matrix:
|0	281	201	160	249	201	93	431	236	139	252	136	116	166	390	110	349	374	303	180	327	464	236	70	44	461	346	439	363	254	312	426	305	206	71	137	169	200	247	260	20	219	256	253	460	278	|
|281	0	448	170	53	142	338	184	121	290	371	390	222	302	111	289	169	434	230	177	238	441	59	212	319	211	86	235	399	306	53	176	99	202	263	157	361	101	370	201	264	344	364	374	469	184	|
|201	448	0	285	430	325	114	556	361	171	191	64	228	174	546	294	453	306	364	289	388	435	393	254	157	585	491	536	318	254	490	554	436	407	266	292	108	388	186	337	207	181	205	190	408	364	|
|160	170	285	0	169	43	182	280	80	120	208	231	58	132	262	230	190	294	151	24	174	345	112	107	183	309	207	280	268	158	219	276	155	235	187	45	192	150	205	107	140	177	202	210	356	119	|
|249	53	430	169	0	152	317	238	145	282	377	369	212	299	157	242	215	452	261	183	273	474	76	181	290	264	140	287	421	320	63	229	145	148	221	142	352	53	374	226	234	346	370	378	498	215	|
|201	142	325	43	152	0	224	237	37	156	230	273	101	164	224	261	148	300	127	38	147	333	83	142	225	266	167	238	270	168	193	233	112	246	221	70	228	148	228	84	180	202	222	232	351	87	|
|93	338	114	182	317	224	0	460	262	92	180	52	124	112	440	199	364	307	292	191	317	415	284	140	57	490	387	452	304	208	377	457	336	297	163	181	84	274	175	256	95	152	188	180	402	280	|
|431	184	556	280	238	237	460	0	199	385	420	508	337	385	108	464	110	429	219	269	206	378	202	365	460	30	98	84	388	340	204	9	126	386	432	294	453	283	421	226	411	404	408	423	422	198	|
|236	121	361	80	145	37	262	199	0	191	255	310	138	197	191	290	114	312	118	72	133	330	69	175	262	229	132	204	279	186	174	195	75	258	251	102	262	153	254	81	216	230	246	257	353	72	|
|139	290	171	120	282	156	92	385	191	0	116	129	71	27	380	246	283	235	201	119	226	329	231	141	129	414	323	367	224	119	336	383	266	308	202	141	72	252	112	169	127	82	118	117	322	195	|
|252	371	191	208	377	230	180	420	255	116	0	187	178	90	443	361	311	127	204	195	224	246	313	257	232	446	382	380	129	81	423	421	320	422	318	242	100	355	5	195	241	34	15	2	225	224	|
|136	390	64	231	369	273	52	508	310	129	187	0	173	141	491	233	409	313	330	239	355	431	335	191	93	538	438	495	316	233	429	505	385	342	203	233	88	325	182	297	143	167	199	187	412	323	|
|116	222	228	58	212	101	124	337	138	71	178	173	0	91	319	206	244	284	187	69	212	357	165	85	130	367	265	333	264	151	267	333	213	244	161	70	140	181	175	145	97	145	177	180	359	165	|
|166	302	174	132	299	164	112	385	197	27	90	141	91	0	388	273	280	208	191	127	215	305	243	167	153	413	329	361	198	96	351	383	270	333	229	159	68	272	86	163	153	56	92	91	296	190	|
|390	111	546	262	157	224	440	108	191	380	443	491	319	388	0	399	164	480	264	261	261	456	156	320	426	125	62	186	442	369	107	99	125	300	374	260	452	210	443	252	372	420	433	446	494	227	|
|110	289	294	230	242	261	199	464	290	246	361	233	206	273	399	0	402	480	382	254	404	562	262	124	143	493	369	490	466	355	302	457	344	135	45	191	279	189	356	337	120	328	364	362	563	348	|
|349	169	453	190	215	148	364	110	114	283	311	409	244	280	164	402	0	324	110	174	101	292	151	289	372	135	109	90	284	230	212	111	70	354	364	216	348	245	312	118	329	295	298	313	330	90	|
|374	434	306	294	452	300	307	429	312	235	127	313	284	208	480	480	324	0	216	274	223	137	380	368	357	448	419	367	40	136	487	432	358	525	436	336	227	443	132	234	361	156	119	127	102	255	|
|303	230	364	151	261	127	292	219	118	201	204	330	187	191	264	382	110	216	0	128	25	213	185	258	314	243	203	176	178	123	282	221	144	372	338	193	256	270	206	45	283	193	191	206	239	46	|
|180	177	289	24	183	38	191	269	72	119	195	239	69	127	261	254	174	274	128	0	151	321	118	130	198	299	204	263	246	139	228	266	147	258	211	68	191	169	193	83	159	166	188	197	333	98	|
|327	238	388	174	273	147	317	206	133	226	224	355	212	215	261	404	101	223	25	151	0	203	198	281	339	228	202	156	184	143	288	209	146	390	362	215	280	286	226	68	308	215	210	226	235	61	|
|464	441	435	345	474	333	415	378	330	329	246	431	357	305	456	562	292	137	213	321	203	0	398	440	458	390	400	301	117	211	492	384	348	578	517	389	344	480	251	251	448	265	233	246	54	259	|
|236	59	393	112	76	83	284	202	69	231	313	335	165	243	156	262	151	380	185	118	198	398	0	167	270	231	110	233	347	250	110	195	85	203	230	103	303	95	311	150	217	284	305	315	422	139	|
|70	212	254	107	181	142	140	365	175	141	257	191	85	167	320	124	289	368	258	130	281	440	167	0	109	394	277	378	349	236	244	359	239	167	81	73	196	135	253	213	53	223	257	258	444	226	|
|44	319	157	183	290	225	57	460	262	129	232	93	130	153	426	143	372	357	314	198	339	458	270	109	0	490	379	462	351	247	353	456	334	250	110	168	140	243	226	274	56	201	238	232	449	294	|
|461	211	585	309	264	266	490	30	229	414	446	538	367	413	125	493	135	448	243	299	228	390	231	394	490	0	125	89	408	365	226	36	156	412	462	324	481	311	447	253	441	430	433	448	436	225	|
|346	86	491	207	140	167	387	98	132	323	382	438	265	329	62	369	109	419	203	204	202	400	110	277	379	125	0	155	381	307	113	90	63	288	339	211	394	186	382	190	327	359	371	384	436	165	|
|439	235	536	280	287	238	452	84	204	367	380	495	333	361	186	490	90	367	176	263	156	301	233	378	462	89	155	0	326	299	267	92	148	432	454	306	429	325	382	199	419	369	366	382	348	172	|
|363	399	318	268	421	270	304	388	279	224	129	316	264	198	442	466	284	40	178	246	184	117	347	349	351	408	381	326	0	113	452	391	321	502	422	311	229	415	134	199	348	152	118	130	98	219	|
|254	306	254	158	320	168	208	340	186	119	81	233	151	96	369	355	230	136	123	139	143	211	250	236	247	365	307	299	113	0	359	340	244	390	310	200	148	308	83	117	238	74	68	83	208	145	|
|312	53	490	219	63	193	377	204	174	336	423	429	267	351	107	302	212	487	282	228	288	492	110	244	353	226	113	267	452	359	0	195	145	194	283	199	407	115	421	254	296	394	415	425	521	237	|
|426	176	554	276	229	233	457	9	195	383	421	505	333	383	99	457	111	432	221	266	209	384	195	359	456	36	90	92	391	340	195	0	122	378	426	289	451	275	421	226	406	404	408	423	427	197	|
|305	99	436	155	145	112	336	126	75	266	320	385	213	270	125	344	70	358	144	147	146	348	85	239	334	156	63	148	321	244	145	122	0	286	310	168	336	177	320	128	285	298	309	322	381	103	|
|206	202	407	235	148	246	297	386	258	308	422	342	244	333	300	135	354	525	372	258	390	578	203	167	250	412	288	432	502	390	194	378	286	0	144	191	362	109	418	329	202	388	421	423	591	329	|
|71	263	266	187	221	221	163	432	251	202	318	203	161	229	374	45	364	436	338	211	362	517	230	81	110	462	339	454	422	310	283	426	310	144	0	150	239	168	313	294	77	285	321	319	518	306	|
|137	157	292	45	142	70	181	294	102	141	242	233	70	159	260	191	216	336	193	68	215	389	103	73	168	324	211	306	311	200	199	289	168	191	150	0	210	113	239	148	117	210	238	244	400	157	|
|169	361	108	192	352	228	84	453	262	72	100	88	140	68	452	279	348	227	256	191	280	344	303	196	140	481	394	429	229	148	407	451	336	362	239	210	0	318	95	231	164	79	111	100	325	258	|
|200	101	388	150	53	148	274	283	153	252	355	325	181	272	210	189	245	443	270	169	286	480	95	135	243	311	186	325	415	308	115	275	177	109	168	113	318	0	352	230	187	323	351	357	498	225	|
|247	370	186	205	374	228	175	421	254	112	5	182	175	86	443	356	312	132	206	193	226	251	311	253	226	447	382	382	134	83	421	421	320	418	313	239	95	352	0	196	237	30	19	6	230	224	|
|260	201	337	107	226	84	256	226	81	169	195	297	145	163	252	337	118	234	45	83	68	251	150	213	274	253	190	199	199	117	254	226	128	329	294	148	231	230	196	0	240	178	184	198	272	29	|
|20	264	207	140	234	180	95	411	216	127	241	143	97	153	372	120	329	361	283	159	308	448	217	53	56	441	327	419	348	238	296	406	285	202	77	117	164	187	237	240	0	208	245	242	446	257	|
|219	344	181	177	346	202	152	404	230	82	34	167	145	56	420	328	295	156	193	166	215	265	284	223	201	430	359	369	152	74	394	404	298	388	285	210	79	323	30	178	208	0	37	35	250	206	|
|256	364	205	202	370	222	188	408	246	118	15	199	177	92	433	364	298	119	191	188	210	233	305	257	238	433	371	366	118	68	415	408	309	421	321	238	111	351	19	184	245	37	0	17	214	212	|
|253	374	190	210	378	232	180	423	257	117	2	187	180	91	446	362	313	127	206	197	226	246	315	258	232	448	384	382	130	83	425	423	322	423	319	244	100	357	6	198	242	35	17	0	225	226	|
|460	469	408	356	498	351	402	422	353	322	225	412	359	296	494	563	330	102	239	333	235	54	422	444	449	436	436	348	98	208	521	427	381	591	518	400	325	498	230	272	446	250	214	225	0	285	|
|278	184	364	119	215	87	280	198	72	195	224	323	165	190	227	348	90	255	46	98	61	259	139	226	294	225	165	172	219	145	237	197	103	329	306	157	258	225	224	29	257	206	212	226	285	0	|

--------------------------------------------------------------------------------
Building model...
	using lazy and cut (CVRPSEP package)
Solving IRP LP...
--------------------------------------------------------------------------------

Gurobi 9.1.0 (linux64) logging started Sat Feb  6 19:13:33 2021

Gurobi Optimizer version 9.1.0 build v9.1.0rc0 (linux64)
Thread count: 32 physical cores, 32 logical processors, using up to 2 threads
Optimize a model with 1996 rows, 17074 columns and 39676 nonzeros
Model fingerprint: 0x6087c25f
Variable types: 859 continuous, 16215 integer (690 binary)
Coefficient statistics:
  Matrix range     [1e+00, 8e+06]
  Objective range  [1e-01, 6e+02]
  Bounds range     [1e+00, 3e+02]
  RHS range        [1e+00, 6e+03]
Presolve removed 548 rows and 1600 columns
Presolve time: 0.34s
Presolved: 1448 rows, 15474 columns, 34112 nonzeros
Variable types: 524 continuous, 14950 integer (14279 binary)

Root relaxation: objective 1.324580e+04, 1868 iterations, 0.07 seconds

    Nodes    |    Current Node    |     Objective Bounds      |     Work
 Expl Unexpl |  Obj  Depth IntInf | Incumbent    BestBd   Gap | It/Node Time

     0     0 13245.7990    0  155          - 13245.7990      -     -    0s
     0     0 13592.0212    0  161          - 13592.0212      -     -    1s
     0     0 13944.2926    0  219          - 13944.2926      -     -    1s
     0     0 14010.1932    0  248          - 14010.1932      -     -    1s
     0     0 14019.7327    0  241          - 14019.7327      -     -    1s
     0     0 14022.8974    0  229          - 14022.8974      -     -    1s
     0     0 14023.7958    0  249          - 14023.7958      -     -    1s
     0     0 14196.1418    0  311          - 14196.1418      -     -    2s
     0     0 14233.3514    0  344          - 14233.3514      -     -    2s
     0     0 14233.4576    0  331          - 14233.4576      -     -    2s
     0     0 14334.3529    0  378          - 14334.3529      -     -    3s
     0     0 14334.3529    0  378          - 14334.3529      -     -    5s
     0     0 14334.3529    0  378          - 14334.3529      -     -   10s
     0     0 14355.7775    0  376          - 14355.7775      -     -   10s
     0     0 14367.4626    0  404          - 14367.4626      -     -   10s
     0     0 14369.7045    0  418          - 14369.7045      -     -   11s
     0     0 14370.1880    0  399          - 14370.1880      -     -   11s
     0     0 14420.4466    0  415          - 14420.4466      -     -   11s
     0     0 14427.1294    0  418          - 14427.1294      -     -   11s
     0     0 14428.8852    0  429          - 14428.8852      -     -   12s
     0     0 14472.6319    0  415          - 14472.6319      -     -   12s
     0     0 14474.7663    0  376          - 14474.7663      -     -   12s
     0     0 14494.5161    0  468          - 14494.5161      -     -   13s
     0     0 14501.4130    0  357          - 14501.4130      -     -   13s
     0     0 14510.2494    0  449          - 14510.2494      -     -   14s
     0     0 14546.4349    0  385          - 14546.4349      -     -   14s
     0     0 14574.7507    0  440          - 14574.7507      -     -   14s
     0     0 14586.3594    0  485          - 14586.3594      -     -   14s
     0     0 14592.4702    0  427          - 14592.4702      -     -   14s
     0     0 14592.5076    0  452          - 14592.5076      -     -   14s
     0     0 14605.1868    0  560          - 14605.1868      -     -   15s
     0     0 14607.3006    0  493          - 14607.3006      -     -   15s
     0     0 14613.1750    0  511          - 14613.1750      -     -   16s
     0     0 14613.1750    0  500          - 14613.1750      -     -   16s
     0     2 14625.2848    0  500          - 14625.2848      -     -   21s
    32    35 14681.2302   13  467          - 14625.2848      -   348   25s
    72    76 14817.4240   24  394          - 14625.2848      -   402   30s
   106   113 14940.1309   32  359          - 14625.2848      -   446   35s
   168   180 15184.7378   45  339          - 14625.2848      -   404   40s
   272   301 15434.1675   53  309          - 14625.2848      -   324   45s
   478   536 15892.9378   70  207          - 14625.2848      -   227   50s
   711   767 16609.9432  112  134          - 14625.2848      -   167   55s
   895   896 14696.8262    3  570          - 14644.9182      -   146   60s
   989   918 20283.7400  288  175          - 14644.9182      -   133   66s
   995   922 16222.3051  104  560          - 14644.9182      -   132   70s
  1007   930 14696.8381    8  702          - 14681.4411      -   130   75s
  1015   936 15538.1912   57  626          - 14694.0196      -   129   80s
  1022   940 22591.9700  376  677          - 14699.8601      -   128   91s
  1028   944 20283.7400  288  668          - 14701.3196      -   128   95s
  1030   946 18221.7364  203  668          - 14707.7559      -   127  114s
  1031   949 14707.7559   12  650          - 14707.7559      -   146  116s
  1043   957 14742.9864   15  656          - 14718.7716      -   153  120s
  1061   971 14752.9793   20  518          - 14718.7716      -   163  125s
  1083   986 14782.9403   27  427          - 14718.7716      -   170  130s
  1109  1001 14798.7583   29  545          - 14718.7716      -   180  135s
  1133  1023 14921.6619   42  364          - 14718.7716      -   188  140s
  1177  1055 15055.6175   58  344          - 14718.7716      -   197  146s
  1206  1077 15163.2467   68  275          - 14718.7716      -   202  150s
  1268  1124 15598.0641   92  176          - 14718.7716      -   206  155s
  1328  1168 15886.2568  116  213          - 14718.7716      -   209  160s
  1417  1242 16168.5988  150  244          - 14718.7716      -   210  166s
  1491  1305 16407.3214  175  193          - 14718.7716      -   209  171s
  1596  1386 16950.5827  209  182          - 14718.7716      -   204  175s
  1743  1503 18162.6803  263  119          - 14718.7716      -   196  180s
  1876  1518 19108.8600  319    5          - 14719.2204      -   186  185s
* 1932  1487             331    20278.600000 14729.9501  27.4%   183  187s
* 1954  1438             330    20164.400000 14729.9501  27.0%   181  188s
* 1962  1394             328    20073.400000 14729.9501  26.6%   181  188s
  1988  1387 14929.1156   16  499 20073.4000 14729.9501  26.6%   182  191s
  1990  1415 14890.4377   16  645 20073.4000 14729.9501  26.6%   182  206s
  2018  1436 14897.7985   17  703 20073.4000 14729.9501  26.6%   181  210s
  2078  1471 14962.8376   21  449 20073.4000 14729.9501  26.6%   181  218s
  2107  1493 14955.8435   22  490 20073.4000 14729.9501  26.6%   180  223s
  2138  1512 14958.8634   24  579 20073.4000 14729.9501  26.6%   179  228s
  2168  1544 15089.8624   23  577 20073.4000 14729.9501  26.6%   179  231s
  2210  1532 15087.8521   26  545 20073.4000 14729.9501  26.6%   178  259s
  2212  1585 15147.3431   27  398 20073.4000 14729.9501  26.6%   178  262s
  2265  1669 15092.4796   29  481 20073.4000 14729.9501  26.6%   177  266s
  2369  1654 15070.5373   31  427 20073.4000 14729.9501  26.6%   172  271s
  2408  1655 15075.7390   32  440 20073.4000 14729.9501  26.6%   171  275s
  2418  1665 15133.3273   33  434 20073.4000 14729.9501  26.6%   174  281s
  2433  1676 15191.9214   37  398 20073.4000 14729.9501  26.6%   178  289s
  2441  1684 15157.6914   40  413 20073.4000 14729.9501  26.6%   179  293s
  2452  1691 15211.4045   41  422 20073.4000 14729.9501  26.6%   181  296s
  2468  1703 15252.3319   45  342 20073.4000 14729.9501  26.6%   184  302s
  2480  1710 15391.0606   49  367 20073.4000 14729.9501  26.6%   186  305s
  2495  1720 15251.1059   54  385 20073.4000 14729.9501  26.6%   188  312s
  2506  1736 15281.1872   57  372 20073.4000 14729.9501  26.6%   190  315s
  2525  1731 15543.5029   59  270 20073.4000 14729.9501  26.6%   191  327s
  2527  1748 15299.9389   61  367 20073.4000 14729.9501  26.6%   192  330s
  2565  1771 15483.6024   69  294 20073.4000 14729.9501  26.6%   195  336s
  2580  1791 15568.5776   76  308 20073.4000 14729.9501  26.6%   197  340s
  2630  1825 15686.8171   89  317 20073.4000 14729.9501  26.6%   200  347s
  2656  1848 15800.4874   92  307 20073.4000 14729.9501  26.6%   201  351s
  2687  1868 16012.8984   93  354 20073.4000 14729.9501  26.6%   203  355s
  2756  1932 16145.7096  109  216 20073.4000 14729.9501  26.6%   205  364s
  2805  1958 16242.1704  116  288 20073.4000 14729.9501  26.6%   206  369s
  2847  1977 16354.1058  122  218 20073.4000 14729.9501  26.6%   207  375s
  2880  2035 16444.3064  129  213 20073.4000 14729.9501  26.6%   207  380s
  2949  2054 16806.7506  138  253 20073.4000 14729.9501  26.6%   207  386s
  2991  2118 16891.7932  142  213 20073.4000 14729.9501  26.6%   207  392s
  3069  2210 17160.4219  159  153 20073.4000 14729.9501  26.6%   206  399s
  3126  2191 17241.2390  171  135 20073.4000 14729.9501  26.6%   204  400s
  3187  2240 17487.5392  177  150 20073.4000 14729.9501  26.6%   203  406s
  3256  2347 17612.8261  187  180 20073.4000 14729.9501  26.6%   202  413s
  3388  2443 17870.0485  200  233 20073.4000 14729.9501  26.6%   200  422s
  3528  2659 18063.0641  210  180 20073.4000 14729.9501  26.6%   197  431s
  3767  2871 18528.2186  225  214 20073.4000 14729.9501  26.6%   190  441s
  4019  2878 19377.0500  266    8 20073.4000 14729.9501  26.6%   182  445s
  4029  3028 18824.2922  254  105 20073.4000 14729.9501  26.6%   182  454s
  4068  3028 18958.9719  258   99 20073.4000 14729.9501  26.6%   181  455s
  4220  3129 19348.7734  278   44 20073.4000 14742.9932  26.6%   177  464s
  4277  3133 19669.2299  293   10 20073.4000 14742.9932  26.6%   175  465s
  4342  3144     cutoff  310      20073.4000 14751.7543  26.5%   174  472s
  4362  3154 14903.9543   18  725 20073.4000 14751.7543  26.5%   175  482s
  4372  3166 15052.0084   23  547 20073.4000 14751.7543  26.5%   176  488s
  4384  3176 15181.3574   32  446 20073.4000 14751.7543  26.5%   178  497s
  4394  3199 15235.9599   39  503 20073.4000 14751.7543  26.5%   179  504s
  4417  3220 15470.0848   57  380 20073.4000 14751.7543  26.5%   180  511s
  4438  3239 15794.6224   74  304 20073.4000 14751.7543  26.5%   181  519s
  4457  3280 16136.4616   90  242 20073.4000 14751.7543  26.5%   182  528s
  4498  3353 16655.6007  124  164 20073.4000 14751.7543  26.5%   182  538s
  4571  3409 18415.0998  190  143 20073.4000 14751.8658  26.5%   182  548s
  4646  3417 14926.5212   17  680 20073.4000 14751.8658  26.5%   182  557s
  4654  3431 15105.9034   20  422 20073.4000 14751.8658  26.5%   183  565s
  4668  3451 15536.8514   26  344 20073.4000 14751.8658  26.5%   185  572s
  4688  3519 15944.8137   37  158 20073.4000 14753.3029  26.5%   186  586s
  4830  3554     cutoff  119      20073.4000 14753.5258  26.5%   184  642s
  4857  3581 14881.0603   18  543 20073.4000 14753.5258  26.5%   183  653s
  4874  3608 14988.2473   24  515 20073.4000 14753.5258  26.5%   184  660s
  4901  3632 15060.6558   29  353 20073.4000 14753.5258  26.5%   186  670s
  4925  3672 15100.7724   36  401 20073.4000 14753.5258  26.5%   187  679s
  4944  3672 15214.6033   45  234 20073.4000 14753.5258  26.5%   188  680s
  4965  3730 15269.9269   44  192 20073.4000 14753.5258  26.5%   189  690s
  5023  3758 15377.5805   62  165 20073.4000 14753.5258  26.5%   190  703s
  5051  3922 15487.0889   68  106 20073.4000 14753.5258  26.5%   190  714s
  5070  3922 15462.6613   79   60 20073.4000 14753.5258  26.5%   190  715s
  5215  4148 16250.5793  132   68 20073.4000 14753.9178  26.5%   189  730s
  5465  4239 17974.5800  190    - 20073.4000 14753.9322  26.5%   185  743s
  5558  4457 infeasible  190      20073.4000 14767.8942  26.4%   186  761s
  5857  4528 15105.2659   22  504 20073.4000 14768.7132  26.4%   181  777s
  5913  4605 15577.9080   35  351 20073.4000 14768.7132  26.4%   182  791s
  5991  4711 17095.1083  105   38 20073.4000 14773.0053  26.4%   182  805s
  6173  4772 19551.5400  206    - 20073.4000 14773.2300  26.4%   180  820s
  6220  4824     cutoff  220      20073.4000 14781.3323  26.4%   181  833s
  6276  5025 15371.7358   41  264 20073.4000 14781.3642  26.4%   183  850s
  6587  5090     cutoff  178      20073.4000 14782.0197  26.4%   177  867s
  6637  5131     cutoff  177      20073.4000 14783.8513  26.4%   178  882s
  6727  5230 15326.5745   34  396 20073.4000 14785.4520  26.3%   179  898s
  6828  5273 17569.8186  120    8 20073.4000 14786.4337  26.3%   179  912s
  6895  5328 18864.0400  149   13 20073.4000 14786.6596  26.3%   180  927s
  6949  5468 19899.9600  162    - 20073.4000 14795.2695  26.3%   181  945s
  7131  5520 19975.1150  162   11 20073.4000 14798.8370  26.3%   180  962s
  7206  5556 20018.5000  163    - 20073.4000 14803.2933  26.3%   180  976s
  7250  5737 20030.9870  163   12 20073.4000 14809.1192  26.2%   182 1000s
  7474  5796 15258.0719   35  416 20073.4000 14810.0632  26.2%   181 1023s
  7534  5911 15772.7587   53  176 20073.4000 14810.0632  26.2%   183 1044s
  7591  5911 15822.6582   82  193 20073.4000 14810.0632  26.2%   184 1045s
  7665  6269 15861.9641   94  205 20073.4000 14810.0632  26.2%   185 1128s
  7760  6269 16341.7448  141   39 20073.4000 14810.0632  26.2%   186 1130s
  8055  6361 18360.8307  198   38 20073.4000 14815.8175  26.2%   183 1164s
  8093  6371 19023.2400  217    - 20073.4000 14815.8175  26.2%   182 1165s
  8199  6661 15371.5134   48  280 20073.4000 14817.1656  26.2%   184 1195s
  8452  6677 16682.7500  142    - 20073.4000 14817.1656  26.2%   183 1200s
  8587  6963 16099.6196   84  116 20073.4000 14824.7056  26.1%   181 1230s
  8871  7085 18747.5315  168   30 20073.4000 14828.5011  26.1%   180 1258s
  9002  7307 19700.7847  181   20 20073.4000 14830.2395  26.1%   181 1290s
  9282  7397 19951.0200  191    - 20073.4000 14832.4423  26.1%   179 1323s
  9372  7451 19989.8900  191    - 20073.4000 14835.3099  26.1%   181 1352s
  9460  7651 15451.4476   54  105 20073.4000 14836.9832  26.1%   182 1383s
  9574  7651 16129.7066  100  114 20073.4000 14836.9832  26.1%   182 1385s
  9635  7810 16307.1557  110  142 20073.4000 14839.8542  26.1%   183 1415s
  9818  8031 17868.0186  155   16 20073.4000 14842.2340  26.1%   183 1447s
 10031  8054 17580.7556  175   29 20073.4000 14842.2340  26.1%   181 1450s
 10101  8178 19265.2500  198    - 20073.4000 14843.3728  26.1%   181 1477s
 10233  8482 19504.1500  198   14 20073.4000 14843.5315  26.1%   182 1505s
 10594  8735 19729.7500  199    8 20073.4000 14843.9303  26.1%   181 1539s
 10632  8747 15868.0017   57  211 20073.4000 14843.9303  26.1%   181 1540s
*10981  8742             200    19770.250000 14847.5278  24.9%   178 1569s
*10985  8718             199    19737.250000 14847.5278  24.8%   178 1569s
*10989  8644             198    19653.250000 14847.5278  24.5%   178 1569s
 11026  8668 15019.7197   18  312 19653.2500 14850.2631  24.4%   179 1592s
 11060  8690 15153.4575   24  407 19653.2500 14850.2631  24.4%   181 1629s
 11082  8756 15412.8369   30  257 19653.2500 14850.2631  24.4%   182 1652s
 11148  8876 15675.1443   42  229 19653.2500 14850.2631  24.4%   184 1676s
 11268  9186 16904.8948   70  117 19653.2500 14850.2777  24.4%   186 1704s
 11306  9186 17384.5945   85   79 19653.2500 14850.2777  24.4%   186 1705s
 11634  9229     cutoff  117      19653.2500 14853.4307  24.4%   185 1731s
 11671  9306 15117.9761   29  697 19653.2500 14853.6362  24.4%   186 1753s
 11748  9459 15349.8285   61  433 19653.2500 14853.6362  24.4%   187 1783s
 11844  9459 16888.3997  119  111 19653.2500 14853.6362  24.4%   188 1785s
 11913  9510 17254.9919  119   53 19653.2500 14863.6902  24.4%   187 1813s
 11995  9538 18757.2800  154    - 19653.2500 14863.8426  24.4%   188 1859s
 12010  9546 15120.5331   30  570 19653.2500 14863.8426  24.4%   188 1860s
 12025  9689 19234.3056  158   46 19653.2500 14864.2226  24.4%   188 1889s
 12044  9692 19588.3272  173   58 19653.2500 14864.2226  24.4%   188 1890s
 12194  9784 19641.5800  169   22 19653.2500 14865.2314  24.4%   188 1919s
 12237  9784 15982.5828   64  206 19653.2500 14865.2314  24.4%   189 1920s
 12309  9905 16175.5067   69  168 19653.2500 14868.0608  24.3%   189 1949s
 12366  9905 17709.7566  126   62 19653.2500 14868.0608  24.3%   189 1950s
 12497  9987 15102.8495   34  463 19653.2500 14868.6282  24.3%   189 1977s
 12553 10069 15245.8474   47  243 19653.2500 14868.6282  24.3%   191 2004s
 12635 10276 15613.2669   65  133 19653.2500 14868.6282  24.3%   192 2033s
 12844 10730 16034.6197  105   59 19653.2500 14868.6411  24.3%   193 2069s
 12901 10731 16633.6000  141    - 19653.2500 14868.6411  24.3%   194 2070s
 13439 10834 18960.2150  179   47 19653.2500 14869.8347  24.3%   190 2102s
 13522 10877     cutoff  187      19653.2500 14871.6269  24.3%   191 2126s
 13571 11118 15486.7189   45  295 19653.2500 14871.8837  24.3%   192 2158s
 13647 11118 17525.4708  121   14 19653.2500 14871.8837  24.3%   192 2160s
 13866 11177 18825.9154  135   62 19653.2500 14877.0604  24.3%   191 2193s
 13930 11255 infeasible  151      19653.2500 14877.7924  24.3%   192 2220s
 14009 11504 15764.5947   54  343 19653.2500 14877.8143  24.3%   193 2250s
 14300 11569 19353.5950  174   38 19653.2500 14880.0898  24.3%   192 2279s
 14325 11576 15263.4459   22  525 19653.2500 14880.0898  24.3%   192 2280s
 14383 11680     cutoff  183      19653.2500 14881.1006  24.3%   193 2304s
 14416 11680 15344.7946   45  379 19653.2500 14881.1006  24.3%   193 2305s
 14503 11929 15861.0910   70  315 19653.2500 14884.3764  24.3%   194 2337s
 14840 12028 18533.3900  190    - 19653.2500 14885.3894  24.3%   192 2371s
 14928 12098 18663.2700  190    4 19653.2500 14885.5578  24.3%   193 2395s
 15062 12167 19126.4900  201    - 19653.2500 14885.6096  24.3%   193 2424s
 15133 12227 19185.8100  201   20 19653.2500 14887.3560  24.2%   194 2450s
 15196 12268     cutoff  212      19653.2500 14887.5935  24.2%   195 2476s
 15238 12320     cutoff  212      19653.2500 14888.5424  24.2%   196 2500s
 15293 12566 15712.3501   49  359 19653.2500 14888.9343  24.2%   197 2531s
 15559 12639 19074.8100  168    - 19653.2500 14889.2162  24.2%   197 2563s
 15676 12686 19404.6900  168   18 19653.2500 14890.1102  24.2%   197 2597s
 15738 12745     cutoff  179      19653.2500 14890.4726  24.2%   198 2624s
 15798 12851     cutoff  179      19653.2500 14890.5889  24.2%   199 2657s
 15934 12921 15199.9534   23  430 19653.2500 14890.6435  24.2%   200 2690s
 16014 12970 15337.3028   32  309 19653.2500 14890.6435  24.2%   200 2721s
 16066 13080 15554.9883   45  190 19653.2500 14890.6435  24.2%   202 2749s
 16085 13080 15705.9668   54  238 19653.2500 14890.6435  24.2%   202 2750s
 16175 13082 15914.1651   71  138 19653.2500 14890.6435  24.2%   203 2822s
 16177 13427 15942.9960   71  184 19653.2500 14893.1432  24.2%   203 2861s
 16564 13611 15457.5073   42  342 19653.2500 14893.7567  24.2%   201 2898s
 16659 13611 16736.8405  137  211 19653.2500 14893.7567  24.2%   201 2900s
 16816 13779 infeasible  212      19653.2500 14894.2347  24.2%   200 2931s
 17013 13830     cutoff  233      19653.2500 14895.0660  24.2%   200 2959s
 17095 13928     cutoff  233      19653.2500 14897.5813  24.2%   201 2991s
 17199 14061 16853.9830  102   41 19653.2500 14897.9044  24.2%   201 3023s
 17313 14083 18918.8938  185   14 19653.2500 14897.9044  24.2%   200 3025s
 17422 14121 19322.2600  197    - 19653.2500 14898.4191  24.2%   201 3055s
 17493 14210 15415.2213   21  530 19653.2500 14898.5906  24.2%   202 3084s
 17509 14210 15581.6206   30  413 19653.2500 14898.5906  24.2%   203 3085s
 17561 14367 15427.5352   27  499 19653.2500 14898.5906  24.2%   203 3120s
 17750 14502 15744.2972   39  258 19653.2500 14898.5906  24.2%   203 3153s
 17868 14502 15616.7947   59  108 19653.2500 14898.5906  24.2%   204 3155s
 17885 14979 16582.8291   65  167 19653.2500 14899.2908  24.2%   204 3196s
 18151 14986 18681.2757  141   20 19653.2500 14899.2908  24.2%   203 3200s
 18470 15072 infeasible  174      19653.2500 14900.6998  24.2%   201 3234s
 18494 15072 17446.5826  136   15 19653.2500 14901.0932  24.2%   202 3235s
 18541 15231 15607.3199   44  370 19653.2500 14901.1208  24.2%   202 3267s
 18726 15289 19269.2838  148   52 19653.2500 14902.6304  24.2%   202 3302s
 18791 15341 19631.9000  158    8 19653.2500 14902.7092  24.2%   203 3333s
 18854 15437 15430.0411   38  474 19653.2500 14903.5257  24.2%   204 3364s
 18913 15437 16749.7895   97  121 19653.2500 14903.5257  24.2%   204 3365s
 18964 15543 17760.0368  117   60 19653.2500 14904.6524  24.2%   204 3395s
 19070 15550 19141.9848  165   43 19653.2500 14904.6524  24.2%   205 3428s
 19072 15630 19271.0400  166   16 19653.2500 14905.4996  24.2%   205 3456s
 19197 15814     cutoff  178      19653.2500 14905.5035  24.2%   205 3491s
 19408 15999 15373.8818   35  520 19653.2500 14906.7586  24.2%   205 3530s
 19627 16104 19286.3050  179    8 19653.2500 14907.1304  24.1%   205 3562s
 19749 16152     cutoff  188      19653.2500 14907.8211  24.1%   205 3594s
 19814 16166 15260.1471   35  276 19653.2500 14907.9471  24.1%   206 3600s

Cutting planes:
  User: 6652
  Gomory: 18
  Cover: 626
  Implied bound: 250
  Projected implied bound: 18
  Clique: 100
  MIR: 196
  StrongCG: 2
  Flow cover: 519
  GUB cover: 11
  Zero half: 30
  RLT: 484
  Relax-and-lift: 31
  Lazy constraints: 5482

Explored 19828 nodes (4109796 simplex iterations) in 3600.23 seconds
Thread count was 2 (of 32 available processors)

Solution count 6: 19653.2 19737.2 19770.2 ... 20278.6

Time limit reached
Best objective 1.965325000000e+04, best bound 1.490794713274e+04, gap 24.1451%

User-callback calls 501166, time in user-callback 197.56 sec
================================================================================
executing instance: ./input/Instances/Original/1/absH3high_2n45.dat
--------------------------------------------------------------------------------
Instance details
n	46
H	3
C	3171
Li:
[0, 0, 0, 0, 0, 0, 0, 0, 0, 0, 0, 0, 0, 0, 0, 0, 0, 0, 0, 0, 0, 0, 0, 0, 0, 0, 0, 0, 0, 0, 0, 0, 0, 0, 0, 0, 0, 0, 0, 0, 0, 0, 0, 0, 0, 0, ]
Ui:
[0, 246, 160, 78, 20, 87, 144, 40, 20, 82, 60, 96, 24, 136, 160, 108, 160, 26, 228, 51, 24, 240, 231, 70, 32, 105, 174, 114, 246, 126, 132, 76, 22, 42, 255, 132, 148, 162, 66, 111, 102, 240, 123, 201, 297, 78, ]
Distance matrix:
|0	148	402	550	329	420	187	318	366	280	504	273	233	333	112	344	379	481	113	593	159	523	261	424	90	359	163	461	413	240	105	299	265	89	371	462	339	273	495	22	41	439	369	506	563	468	|
|148	0	284	517	394	284	136	369	244	311	496	166	329	355	223	202	338	388	204	565	254	506	118	346	71	423	173	471	336	118	105	352	198	105	248	428	302	305	487	153	179	441	230	497	517	370	|
|402	284	0	350	448	80	228	406	42	343	382	129	456	350	412	126	219	131	382	395	410	371	180	137	314	466	289	400	137	167	389	401	169	316	39	280	217	342	373	394	414	362	108	380	324	106	|
|550	517	350	0	339	429	385	308	374	295	93	375	431	249	481	461	180	239	458	48	445	57	474	214	496	333	387	160	216	424	601	321	320	471	376	90	217	301	93	530	534	146	452	88	52	262	|
|329	394	448	339	0	513	282	42	438	105	255	363	115	108	221	484	259	431	217	365	172	289	436	362	333	30	224	189	353	380	423	47	291	296	443	285	240	107	251	307	294	193	495	260	378	437	|
|420	284	80	429	513	0	267	473	76	408	462	163	509	421	449	86	298	201	421	474	455	451	167	217	330	533	333	478	217	181	386	466	225	341	70	360	291	406	453	416	438	440	59	460	400	176	|
|187	136	228	385	282	267	0	249	199	186	360	104	248	224	184	214	207	294	155	432	189	371	155	237	113	308	68	336	227	101	216	236	78	98	205	296	168	181	350	174	190	305	231	360	390	283	|
|318	369	406	308	42	473	249	0	397	66	229	325	128	67	216	447	218	389	206	337	168	260	402	320	311	61	196	167	311	345	406	19	252	275	403	248	198	70	223	296	286	164	457	233	344	395	|
|366	244	42	374	438	76	199	397	0	332	397	96	436	346	383	90	228	168	354	420	385	389	139	161	277	458	263	408	158	128	349	391	150	282	6	298	218	331	388	359	380	370	78	395	352	144	|
|280	311	343	295	105	408	186	66	332	0	231	259	142	53	191	380	171	337	173	332	150	257	337	267	258	127	139	182	258	280	359	58	186	223	338	222	143	6	224	258	254	164	390	234	323	340	|
|504	496	382	93	255	462	360	229	397	231	0	375	356	180	422	478	173	293	403	110	381	36	474	248	463	245	345	68	246	419	568	244	308	433	400	104	200	237	9	482	482	67	474	5	142	312	|
|273	166	129	375	363	163	104	325	96	259	375	0	347	283	288	121	202	221	259	423	292	376	99	183	186	386	170	370	175	52	269	315	76	187	102	288	177	256	365	265	285	333	133	374	365	204	|
|233	329	456	431	115	509	248	128	436	142	356	347	0	181	121	462	311	472	128	463	76	386	398	403	260	141	180	294	392	349	334	111	287	224	442	362	280	139	350	212	194	289	479	360	463	472	|
|333	355	350	249	108	421	224	67	346	53	180	283	181	0	244	403	152	324	226	283	201	207	369	256	307	118	186	129	247	311	409	74	208	273	351	183	136	59	173	311	307	113	410	183	282	331	|
|112	223	412	481	221	449	184	216	383	191	422	288	121	244	0	387	327	461	30	521	49	447	313	396	152	250	125	371	385	273	214	196	249	121	389	400	288	185	415	91	74	355	408	425	503	454	|
|344	202	126	461	484	86	214	447	90	380	478	121	462	403	387	0	305	256	360	508	400	473	84	250	255	507	282	482	246	115	302	437	196	271	90	382	288	377	469	343	367	444	28	476	441	232	|
|379	338	219	180	259	298	207	218	228	171	173	202	311	152	327	305	0	172	301	227	300	174	302	105	318	270	217	180	97	249	423	221	141	296	232	90	40	173	164	361	368	142	303	172	184	180	|
|481	388	131	239	431	201	294	389	168	337	293	221	472	324	461	256	172	0	432	280	446	273	300	70	400	442	337	330	80	271	490	391	217	391	167	191	194	339	286	468	483	294	239	289	203	26	|
|113	204	382	458	217	421	155	206	354	173	403	259	128	226	30	360	301	432	0	499	52	426	287	367	133	246	95	355	356	246	208	187	219	100	360	376	261	167	395	90	81	337	381	406	478	425	|
|593	565	395	48	365	474	432	337	420	332	110	423	463	283	521	508	227	280	499	0	482	77	521	260	542	356	431	178	262	472	647	352	368	516	422	137	264	338	114	573	576	174	499	106	78	304	|
|159	254	410	445	172	455	189	168	385	150	381	292	76	201	49	400	300	446	52	482	0	407	331	378	184	201	122	327	367	286	258	149	242	150	391	367	263	144	374	137	122	314	419	384	470	441	|
|523	506	371	57	289	451	371	260	389	257	36	376	386	207	447	473	174	273	426	77	407	0	475	234	477	280	363	104	234	422	583	275	313	449	392	91	205	263	38	503	504	97	468	31	108	294	|
|261	118	180	474	436	167	155	402	139	337	474	99	398	369	313	84	302	300	287	521	331	475	0	275	173	462	220	465	268	58	219	390	168	193	142	388	275	333	464	261	286	430	111	473	462	279	|
|424	346	137	214	362	217	237	320	161	267	248	183	403	256	396	250	105	70	367	260	378	234	275	0	348	374	274	274	11	234	444	321	159	335	163	145	124	269	239	409	422	237	239	245	191	76	|
