




arguments: ./build/bc_mirp -f ./input/orig_exec_143.cfg
Current dir: /scratch/gui/bc_mirp
File verbosity level: 9
date       time         ( uptime  ) [ thread name/id ]                   file:line     v| 
2021-02-08 04:50:34.583 (   0.365s) [main thread     ]             loguru.cpp:789   INFO| Logging to './output/vi_vc+lex_half/OU/V5/Original/execution_08_02_2021_04_50_34.log', mode: 'a', verbosity: 9
--------------------------------------------------------------------------------
Parameters
                           instance_path           ./input/Instances/Original/3/
                            model_policy                                       1
                             nb_vehicles                                       5
                              output_dir ./output/vi_vc+lex_half/OU/V5/Original/
                            sec_strategy                                       1
                       solver_nb_threads                                       2
                         solver_show_log                                    true
                       solver_time_limit                                    3600
                              use_vi_cos                                   false
                              use_vi_cus                                   false
                         use_vi_hc1_full                                   false
                         use_vi_hc1_half                                   false
                      use_vi_hc1_quarter                                   false
                              use_vi_hc2                                   false
                              use_vi_hc3                                   false
                         use_vi_lex_full                                   false
                         use_vi_lex_half                                    true
                      use_vi_lex_quarter                                   false
                              use_vi_qua                                   false
                               use_vi_vc                                    true
                               use_vi_vr                                   false
--------------------------------------------------------------------------------
executing instance: ./input/Instances/Original/3/absH3low_2n5.dat
--------------------------------------------------------------------------------
Instance details
n	6
H	3
C	237
Li:
[0, 0, 0, 0, 0, 0, ]
Ui:
[0, 93, 180, 51, 114, 24, ]
Distance matrix:
|0	170	318	35	112	235	|
|170	0	311	205	258	301	|
|318	311	0	326	278	137	|
|35	205	326	0	89	230	|
|112	258	278	89	0	160	|
|235	301	137	230	160	0	|

--------------------------------------------------------------------------------
Building model...
	using lazy and cut (CVRPSEP package)
Solving IRP LP...
--------------------------------------------------------------------------------

Gurobi 9.1.0 (linux64) logging started Mon Feb  8 04:50:34 2021

Gurobi Optimizer version 9.1.0 build v9.1.0rc0 (linux64)
Thread count: 32 physical cores, 32 logical processors, using up to 2 threads
Optimize a model with 276 rows, 414 columns and 1476 nonzeros
Model fingerprint: 0x8cb309d9
Variable types: 99 continuous, 315 integer (90 binary)
Coefficient statistics:
  Matrix range     [1e+00, 2e+02]
  Objective range  [1e-02, 3e+02]
  Bounds range     [1e+00, 2e+02]
  RHS range        [1e+00, 5e+02]
Presolve removed 24 rows and 65 columns
Presolve time: 0.01s

Explored 0 nodes (0 simplex iterations) in 0.01 seconds
Thread count was 1 (of 32 available processors)

Solution count 0

Model is infeasible
Best objective -, best bound -, gap -

User-callback calls 34, time in user-callback 0.00 sec

Computing Irreducible Inconsistent Subsystem (IIS)...

           Constraints          |            Bounds           |  Runtime
      Min       Max     Guess   |   Min       Max     Guess   |
--------------------------------------------------------------------------
        0       276         -         0       569         -           0s
       36        36         -        61        61         -           1s

IIS computed: 36 constraints, 61 bounds
IIS runtime: 0.75 seconds
================================================================================
executing instance: ./input/Instances/Original/3/absH3high_5n30.dat
--------------------------------------------------------------------------------
Instance details
n	31
H	3
C	2296
Li:
[0, 0, 0, 0, 0, 0, 0, 0, 0, 0, 0, 0, 0, 0, 0, 0, 0, 0, 0, 0, 0, 0, 0, 0, 0, 0, 0, 0, 0, 0, 0, ]
Ui:
[0, 80, 90, 297, 28, 264, 123, 192, 112, 32, 72, 88, 294, 129, 126, 105, 110, 237, 246, 92, 72, 147, 54, 96, 128, 96, 84, 28, 74, 196, 192, ]
Distance matrix:
|0	87	302	65	389	171	219	120	412	339	129	63	169	401	383	158	393	161	246	275	64	287	345	235	13	274	106	201	85	358	135	|
|87	0	334	128	402	212	301	204	465	384	187	145	232	424	454	238	475	245	289	352	80	307	352	321	81	352	20	261	170	376	215	|
|302	334	0	239	113	132	237	334	157	70	404	263	162	105	227	229	339	251	65	217	259	53	107	352	293	220	339	134	270	75	235	|
|65	128	239	0	330	107	175	130	348	275	174	40	107	339	326	114	351	125	181	224	58	228	290	222	58	224	143	138	65	297	92	|
|389	402	113	330	0	226	349	438	210	151	502	360	269	48	316	339	441	362	175	328	335	102	55	465	377	330	401	245	371	37	342	|
|171	212	132	107	226	0	169	214	253	173	276	134	64	233	261	130	326	153	77	188	133	125	192	264	162	190	220	68	145	193	125	|
|219	301	237	175	349	169	0	157	257	223	244	157	105	334	180	62	175	61	177	63	233	264	334	118	221	61	317	112	136	312	85	|
|120	204	334	130	438	214	157	0	402	348	88	90	173	438	336	115	307	100	269	220	172	338	406	122	130	218	224	204	69	403	101	|
|412	465	157	348	210	253	257	402	0	88	486	359	245	166	129	287	266	303	178	204	386	208	239	370	406	207	473	212	354	187	304	|
|339	384	70	275	151	173	223	348	88	0	427	291	179	120	166	234	290	254	96	187	306	123	166	342	332	190	391	145	291	119	247	|
|129	187	404	174	502	276	244	88	486	427	0	142	248	508	424	200	390	187	342	308	193	400	464	192	142	306	207	281	136	469	182	|
|63	145	263	40	360	134	157	90	359	291	142	0	114	366	321	95	331	99	202	212	90	258	323	186	65	211	163	148	27	327	72	|
|169	232	162	107	269	64	105	173	245	179	248	114	0	266	222	71	268	94	97	131	155	173	244	203	164	132	245	34	113	233	73	|
|401	424	105	339	48	233	334	438	166	120	508	366	266	0	280	332	409	355	169	305	353	117	96	452	391	308	425	237	374	49	339	|
|383	454	227	326	316	261	180	336	129	166	424	321	222	280	0	231	137	238	208	116	376	277	331	272	381	118	467	197	307	285	253	|
|158	238	229	114	339	130	62	115	287	234	200	95	71	332	231	0	238	23	164	118	171	243	314	134	159	117	255	95	77	302	23	|
|393	475	339	351	441	326	175	307	266	290	390	331	268	409	137	238	0	232	300	138	408	383	445	204	395	136	492	258	308	406	260	|
|161	245	251	125	362	153	61	100	303	254	187	99	94	355	238	23	232	0	187	123	183	267	338	111	164	121	262	117	77	325	34	|
|246	289	65	181	175	77	177	269	178	96	342	202	97	169	208	164	300	187	0	168	210	87	157	290	238	171	296	70	206	138	170	|
|275	352	217	224	328	188	63	220	204	187	308	212	131	305	116	118	138	123	168	0	279	255	322	166	275	3	367	120	195	291	141	|
|64	80	259	58	335	133	233	172	386	306	193	90	155	353	376	171	408	183	210	279	0	236	289	276	51	279	90	182	117	307	150	|
|287	307	53	228	102	125	264	338	208	123	400	258	173	117	277	243	383	267	87	255	236	0	71	374	276	257	308	153	270	71	245	|
|345	352	107	290	55	192	334	406	239	166	464	323	244	96	331	314	445	338	157	322	289	71	0	445	334	325	350	224	337	54	315	|
|235	321	352	222	465	264	118	122	370	342	192	186	203	452	272	134	204	111	290	166	276	374	445	0	243	164	341	221	159	428	142	|
|13	81	293	58	377	162	221	130	406	332	142	65	164	391	381	159	395	164	238	275	51	276	334	243	0	274	100	196	89	347	136	|
|274	352	220	224	330	190	61	218	207	190	306	211	132	308	118	117	136	121	171	3	279	257	325	164	274	0	367	122	194	294	140	|
|106	20	339	143	401	220	317	224	473	391	207	163	245	425	467	255	492	262	296	367	90	308	350	341	100	367	0	272	188	377	232	|
|201	261	134	138	245	68	112	204	212	145	281	148	34	237	197	95	258	117	70	120	182	153	224	221	196	122	272	0	146	208	103	|
|85	170	270	65	371	145	136	69	354	291	136	27	113	374	307	77	308	77	206	195	117	270	337	159	89	194	188	146	0	337	54	|
|358	376	75	297	37	193	312	403	187	119	469	327	233	49	285	302	406	325	138	291	307	71	54	428	347	294	377	208	337	0	306	|
|135	215	235	92	342	125	85	101	304	247	182	72	73	339	253	23	260	34	170	141	150	245	315	142	136	140	232	103	54	306	0	|

--------------------------------------------------------------------------------
Building model...
	using lazy and cut (CVRPSEP package)
Solving IRP LP...
--------------------------------------------------------------------------------

Gurobi 9.1.0 (linux64) logging started Mon Feb  8 04:50:35 2021

Gurobi Optimizer version 9.1.0 build v9.1.0rc0 (linux64)
Thread count: 32 physical cores, 32 logical processors, using up to 2 threads
Optimize a model with 1351 rows, 8014 columns and 19714 nonzeros
Model fingerprint: 0xd3627b5f
Variable types: 574 continuous, 7440 integer (465 binary)
Coefficient statistics:
  Matrix range     [1e+00, 3e+04]
  Objective range  [1e-01, 5e+02]
  Bounds range     [1e+00, 3e+02]
  RHS range        [1e+00, 4e+03]
Presolve removed 388 rows and 1093 columns
Presolve time: 0.20s
Presolved: 963 rows, 6921 columns, 15896 nonzeros
Variable types: 339 continuous, 6582 integer (6145 binary)

Root relaxation: objective 9.102435e+03, 1286 iterations, 0.04 seconds

    Nodes    |    Current Node    |     Objective Bounds      |     Work
 Expl Unexpl |  Obj  Depth IntInf | Incumbent    BestBd   Gap | It/Node Time

     0     0 9102.43477    0  121          - 9102.43477      -     -    0s
     0     0 9430.82069    0  170          - 9430.82069      -     -    0s
     0     0 9437.05427    0  160          - 9437.05427      -     -    0s
     0     0 9437.46363    0  162          - 9437.46363      -     -    0s
     0     0 9721.23445    0  187          - 9721.23445      -     -    0s
     0     0 9792.44202    0  191          - 9792.44202      -     -    0s
     0     0 9798.36424    0  196          - 9798.36424      -     -    0s
     0     0 9798.36424    0  198          - 9798.36424      -     -    0s
     0     0 9959.81837    0  232          - 9959.81837      -     -    1s
     0     0 9972.75546    0  200          - 9972.75546      -     -    1s
     0     0 9973.25297    0  199          - 9973.25297      -     -    1s
     0     0 10059.5649    0  267          - 10059.5649      -     -    1s
     0     0 10061.9326    0  293          - 10061.9326      -     -    1s
     0     0 10063.7435    0  270          - 10063.7435      -     -    1s
     0     0 10063.8554    0  268          - 10063.8554      -     -    1s
     0     0 10077.2089    0  335          - 10077.2089      -     -    2s
     0     0 10080.1135    0  309          - 10080.1135      -     -    2s
     0     0 10080.8254    0  309          - 10080.8254      -     -    2s
     0     0 10092.0702    0  316          - 10092.0702      -     -    2s
     0     0 10094.3342    0  331          - 10094.3342      -     -    2s
     0     0 10094.5792    0  350          - 10094.5792      -     -    2s
     0     0 10101.4476    0  244          - 10101.4476      -     -    2s
     0     0 10103.4989    0  301          - 10103.4989      -     -    2s
     0     0 10104.1419    0  318          - 10104.1419      -     -    2s
     0     0 10116.6959    0  390          - 10116.6959      -     -    3s
     0     0 10118.5865    0  376          - 10118.5865      -     -    3s
     0     0 10119.0673    0  440          - 10119.0673      -     -    3s
     0     0 10125.5631    0  412          - 10125.5631      -     -    3s
     0     0 10125.5631    0  411          - 10125.5631      -     -    4s
     0     2 10129.1401    0  411          - 10129.1401      -     -    4s
    11    14 10145.1433    4  348          - 10135.3577      -   205    5s
    80    87 10372.0375   19  323          - 10143.6040      -   353   10s
   194   216 11068.4956   49  155          - 10143.6040      -   306   15s
   494   513 12528.0867  120  125          - 10143.6040      -   172   20s
*  562   567             216    14963.320000 10145.7040  32.2%   158   21s
*  567   567             215    14961.320000 10145.7040  32.2%   157   21s
   618   599 10444.6053    6  318 14961.3200 10145.7040  32.2%   155   25s
   678   688 10478.5218    8  362 14961.3200 10145.7040  32.2%   147   30s
H  743   674                    14749.040000 10145.7040  31.2%   140   35s
   748   678 13825.4679  207  362 14749.0400 10145.7040  31.2%   139   40s
   760   686 13840.2836  210  453 14749.0400 10185.2671  30.9%   136   45s
H  764   653                    14743.920000 10197.3107  30.8%   136   46s
   779   663 12291.0666  120  520 14743.9200 10208.0826  30.8%   133   50s
   787   669 12475.6139  127  433 14743.9200 10208.7156  30.8%   132   55s
   791   674 10209.5962   11  440 14743.9200 10209.5962  30.8%   148   61s
   799   682 10214.9128   13  514 14743.9200 10214.9128  30.7%   153   65s
   817   692 10313.0671   17  236 14743.9200 10218.8962  30.7%   162   70s
   844   711 10511.0898   23  194 14743.9200 10218.8962  30.7%   176   75s
   875   735 10637.3577   30  183 14743.9200 10218.8962  30.7%   187   80s
   882   735 10678.6189   32  145 14743.9200 10218.8962  30.7%   188   85s
   922   770 10842.3643   41  176 14743.9200 10218.8962  30.7%   195   90s
   948   791 10906.1202   47  215 14743.9200 10218.8962  30.7%   198   95s
  1011   832 11210.3620   60  187 14743.9200 10218.8962  30.7%   201  100s
  1048   862 11284.7514   69  240 14743.9200 10218.8962  30.7%   203  105s
  1098   900 11352.4950   81  184 14743.9200 10218.8962  30.7%   207  110s
  1145   924 11430.5348   88  174 14743.9200 10218.8962  30.7%   208  118s
  1161   949 11439.6324   92  241 14743.9200 10218.8962  30.7%   209  120s
  1235   979 11530.0117  106  170 14743.9200 10218.8962  30.7%   210  126s
  1265  1022 11555.5868  113  186 14743.9200 10218.8962  30.7%   211  130s
  1349  1062 11776.2814  131  138 14743.9200 10218.8962  30.7%   215  137s
  1399  1101 11749.1572  145  260 14743.9200 10218.8962  30.7%   217  143s
  1422  1125 11757.7760  149  264 14743.9200 10218.8962  30.7%   217  147s
  1454  1173 11800.7302  158  146 14743.9200 10218.8962  30.7%   217  150s
  1566  1234 11968.1628  192  160 14743.9200 10218.8962  30.7%   215  156s
  1684  1332 12021.9876  215  201 14743.9200 10218.8962  30.7%   214  163s
  1749  1425 12031.5881  223  204 14743.9200 10218.8962  30.7%   211  166s
  1864  1448 12113.3385  232  223 14743.9200 10218.8962  30.7%   204  170s
  1986  1468 12282.9397  260  186 14743.9200 10218.8962  30.7%   202  178s
  2016  1481 12533.2971  271  150 14743.9200 10218.8962  30.7%   204  181s
  2043  1510 13744.9044  281  101 14743.9200 10218.8962  30.7%   207  186s
  2081  1540 14222.0822  299  151 14743.9200 10240.4483  30.5%   206  190s
  2164  1538 10406.4741   19  328 14743.9200 10240.4483  30.5%   207  198s
  2174  1554 10392.2871   24  456 14743.9200 10240.4483  30.5%   209  201s
H 2181  1409                    14068.160000 10240.4483  27.2%   210  201s
  2201  1419 10750.7380   46  307 14068.1600 10240.4483  27.2%   211  205s
  2237  1457 10617.6363   42  277 14068.1600 10240.4483  27.2%   215  212s
  2261  1463 10560.7435   48  354 14068.1600 10240.4483  27.2%   217  216s
  2275  1496 10595.5077   52  403 14068.1600 10240.4483  27.2%   218  220s
  2312  1512 10778.4097   66  179 14068.1600 10240.4483  27.2%   220  225s
  2380  1572 11006.0036   88  268 14068.1600 10240.4483  27.2%   222  233s
  2423  1625 11118.4352   93  276 14068.1600 10240.4483  27.2%   224  238s
  2491  1653 11309.4437  118  254 14068.1600 10240.4483  27.2%   224  244s
  2541  1732 11352.7802  135  263 14068.1600 10240.4483  27.2%   224  249s
  2637  1728 11652.7409  165  238 14068.1600 10240.4483  27.2%   222  265s
  2665  1872 11668.8493  186  255 14068.1600 10240.4483  27.2%   222  270s
  2818  2036 11845.0309  232  208 14068.1600 10240.4483  27.2%   216  277s
  3002  2083 12026.1196  310  235 14068.1600 10240.4483  27.2%   208  284s
  3069  2124 12289.6644  326  189 14068.1600 10240.4483  27.2%   208  289s
  3110  2231 12435.1576  334  208 14068.1600 10240.4483  27.2%   209  295s
  3217  2263 13024.5467  415  149 14068.1600 10250.1683  27.1%   206  302s
  3285  2289 10444.4717   13  462 14068.1600 10250.1683  27.1%   207  307s
  3311  2361 10596.4180   19  353 14068.1600 10250.1683  27.1%   209  313s
  3383  2568 10697.8527   29  339 14068.1600 10250.1683  27.1%   210  321s
  3590  2773 11112.9909   48  268 14068.1600 10250.1683  27.1%   204  331s
  3841  2885 12793.9716  164  103 14068.1600 10252.1187  27.1%   196  342s
  3970  2929 10397.5363   14  411 14068.1600 10252.1187  27.1%   194  350s
  4014  3107 10587.9188   29  346 14068.1600 10252.1187  27.1%   195  358s
  4202  3436 11054.4972   54  224 14068.1600 10252.1187  27.1%   191  368s
  4358  3436 11705.3776  210  145 14068.1600 10252.1187  27.1%   186  370s
  4563  3455     cutoff  330      14068.1600 10267.5130  27.0%   181  378s
  4581  3484 10524.8140   20  423 14068.1600 10278.6068  26.9%   183  384s
  4610  3510 10723.4094   33  375 14068.1600 10278.6068  26.9%   185  392s
  4636  3541 10748.9533   39  397 14068.1600 10278.6068  26.9%   187  399s
  4667  3579 10934.6451   50  222 14068.1600 10278.6068  26.9%   190  406s
  4705  3657 11033.4987   59  219 14068.1600 10278.6068  26.9%   192  414s
  4738  3657 11179.6421   84  124 14068.1600 10278.6068  26.9%   192  415s
  4783  3840 11500.7026   92  171 14068.1600 10278.6068  26.9%   193  428s
  4966  4222 12943.2281  194  111 14068.1600 10278.6115  26.9%   191  443s
  5082  4222 12850.9223  254   84 14068.1600 10278.6115  26.9%   188  445s
  5378  4296 10680.5287   18  437 14068.1600 10278.6115  26.9%   182  457s
H 5389  4245                    13934.080000 10278.6115  26.2%   183  457s
  5490  4289 10862.1086   24  367 13934.0800 10278.6115  26.2%   182  466s
  5538  4389 11246.7363   32  309 13934.0800 10278.6115  26.2%   184  477s
  5638  4535 11570.4997   42  170 13934.0800 10318.1588  26.0%   184  489s
  5732  4539 13842.3986   85    5 13934.0800 10318.1588  26.0%   182  490s
  5820  4570 infeasible   86      13934.0800 10335.3031  25.8%   182  501s
  5857  4649 10585.7151   26  453 13934.0800 10335.3031  25.8%   183  539s
  5885  4649 11579.0597   52  251 13934.0800 10335.3031  25.8%   184  540s
  5936  4846 11121.6670   54  221 13934.0800 10335.5201  25.8%   183  552s
  6171  4888 10466.0800   17  577 13934.0800 10351.6475  25.7%   180  563s
  6213  5061 10802.4598   30  351 13934.0800 10351.6475  25.7%   182  575s
  6406  5248 11434.5689   51  309 13934.0800 10355.7800  25.7%   180  590s
  6627  5330     cutoff  221      13934.0800 10356.8048  25.7%   177  602s
  6710  5550 10814.1722   28  325 13934.0800 10356.8401  25.7%   179  615s
  6956  5569 infeasible  150      13934.0800 10357.4311  25.7%   176  630s
  6977  5607 10741.6346   24  417 13934.0800 10368.4678  25.6%   178  643s
  7015  5769 11460.8392   34  229 13934.0800 10368.4678  25.6%   179  658s
  7187  5773 13776.0515   81   12 13934.0800 10368.4678  25.6%   179  660s
  7204  5901 12399.6003   60  105 13934.0800 10374.2730  25.5%   179  671s
  7352  6027     cutoff  100      13934.0800 10375.7483  25.5%   178  689s
  7437  6027 13025.8179   70  186 13934.0800 10377.9533  25.5%   180  690s
  7496  6094 11444.0735   61  267 13934.0800 10378.9959  25.5%   179  706s
  7576  6178 10816.5924   18  392 13934.0800 10383.6917  25.5%   181  724s
  7654  6528 11201.5793   33  143 13934.0800 10385.4945  25.5%   183  744s
  7747  6528 11624.8997   78   45 13934.0800 10385.4945  25.5%   183  745s
  8056  6599 10764.6950   28  453 13934.0800 10385.7350  25.5%   179  764s
  8131  6780 11664.8536   73  247 13934.0800 10392.5861  25.4%   181  783s
  8287  6780 13796.8948  229   42 13934.0800 10392.5861  25.4%   179  785s
  8332  6964 10769.1646   21  427 13934.0800 10397.5936  25.4%   181  803s
  8522  7142 11009.7276   32  252 13934.0800 10397.5936  25.4%   182  847s
  8786  7269 11166.1394   55  214 13934.0800 10397.5936  25.4%   180  866s
  8890  7636 11383.9732   90  121 13934.0800 10400.3390  25.4%   182  885s
  9295  7670 10780.1525   18  428 13934.0800 10400.6834  25.4%   179  906s
  9335  7845 11906.9246   38  327 13934.0800 10405.1363  25.3%   180  921s
  9521  8158 10729.2497   25  383 13934.0800 10405.1419  25.3%   180  939s
  9556  8158 11382.6470   60  141 13934.0800 10405.1419  25.3%   181  940s
  9890  8230 10726.7051   18  374 13934.0800 10406.4850  25.3%   178  954s
  9953  8508 11461.3136   53  280 13934.0800 10409.2305  25.3%   179  971s
 10285  8694     cutoff  179      13934.0800 10412.1152  25.3%   177  991s
 10492  8866 12131.4914   64  114 13934.0800 10415.4283  25.3%   177 1008s
 10690  9028 13834.7400   95    9 13934.0800 10420.0004  25.2%   177 1028s
 10821  9031 13468.0343  126   26 13934.0800 10423.4027  25.2%   177 1030s
 10900  9442 11155.9827   58   94 13934.0800 10424.6110  25.2%   176 1053s
 11148  9442 11889.1197  244   86 13934.0800 10424.6110  25.2%   174 1055s
 11361  9766 10651.6374   18  520 13934.0800 10424.6110  25.2%   173 1077s
 11640  9770 13186.0987  203    8 13934.0800 10424.6110  25.2%   172 1080s
 11731  9906 10916.5283   30  216 13934.0800 10424.6110  25.2%   171 1096s
 11869 10066 11962.2649   87   60 13934.0800 10426.4721  25.2%   172 1112s
 12081 10144 13911.5869  129   13 13934.0800 10432.3129  25.1%   172 1127s
 12167 10304 infeasible  133      13934.0800 10433.5054  25.1%   173 1143s
 12361 10508 11057.9239   45  166 13934.0800 10434.9169  25.1%   172 1158s
 12516 10508 13151.4994  200   29 13934.0800 10434.9169  25.1%   171 1160s
 12588 10586 10856.6462   27  301 13934.0800 10437.1100  25.1%   172 1173s
 12662 10807 11119.4330   42  286 13934.0800 10437.1100  25.1%   173 1255s
 12891 10969 11862.9090  108   63 13934.0800 10437.7732  25.1%   173 1272s
 13114 11147 infeasible  167      13934.0800 10438.1938  25.1%   172 1293s
 13316 11468 11473.4168   39  213 13934.0800 10439.5248  25.1%   172 1311s
 13682 11554 13502.1189  167   50 13934.0800 10448.2619  25.0%   170 1328s
 13791 11753 11160.9837   39  222 13934.0800 10449.8759  25.0%   170 1344s
 13887 11759 13701.6500  120    4 13934.0800 10449.8759  25.0%   170 1345s
 14049 11929 10933.6975   31  221 13934.0800 10451.1450  25.0%   170 1362s
 14205 12216 11849.4604  127   35 13934.0800 10452.5085  25.0%   170 1379s
 14268 12216 12315.0496  171   24 13934.0800 10452.5085  25.0%   169 1380s
 14543 12339     cutoff  212      13934.0800 10452.9936  25.0%   168 1396s
 14684 12536 11172.0445   39  364 13934.0800 10453.3217  25.0%   169 1425s
 14908 12577 infeasible  172      13934.0800 10454.3293  25.0%   168 1441s
 14961 12725 11267.0881   40  311 13934.0800 10457.4352  25.0%   169 1455s
 15126 12759     cutoff  153      13934.0800 10461.9318  24.9%   169 1470s
 15163 12920 10907.9599   26  458 13934.0800 10461.9996  24.9%   171 1487s
 15328 13238 11235.7437   46  209 13934.0800 10462.0003  24.9%   171 1504s
 15390 13238 11494.9683   92   87 13934.0800 10462.0003  24.9%   171 1505s
 15772 13334     cutoff  187      13934.0800 10463.4010  24.9%   169 1519s
H15773 12115                    13403.810000 10463.4010  21.9%   169 1520s
 15837 12320 11268.7442   43  325 13403.8100 10467.1153  21.9%   170 1534s
 15940 12323 13394.4014  143   32 13403.8100 10467.1153  21.9%   169 1535s
 16096 12488 infeasible  141      13403.8100 10467.3506  21.9%   169 1549s
 16265 12716 11130.5746   49  297 13403.8100 10467.3844  21.9%   169 1564s
 16296 12716 11345.3239   80  235 13403.8100 10467.3844  21.9%   169 1565s
 16522 12873 10705.5297   22  381 13403.8100 10469.3592  21.9%   169 1582s
 16717 12950 10800.2224   21  397 13403.8100 10469.4425  21.9%   169 1596s
 16783 13257 11161.1051   34  330 13403.8100 10469.4425  21.9%   170 1614s
 16845 13257 11497.1921   65   89 13403.8100 10469.4425  21.9%   170 1615s
 17150 13511 12102.2381   72   52 13403.8100 10470.9813  21.9%   169 1633s
 17339 13512 12866.6500  151   18 13403.8100 10470.9813  21.9%   168 1635s
 17445 13690 infeasible  162      13403.8100 10471.7455  21.9%   168 1650s
 17639 13913 11185.1601   32  274 13403.8100 10472.3693  21.9%   168 1668s
 17908 14065 10788.4244   21  278 13403.8100 10473.5538  21.9%   168 1683s
 18073 14193 infeasible  141      13403.8100 10473.7373  21.9%   168 1698s
 18216 14392 11091.4650   33  249 13403.8100 10475.7669  21.8%   169 1715s
 18461 14612 13016.6898  118   35 13403.8100 10477.0020  21.8%   169 1733s
 18659 14617 12734.3144  110   18 13403.8100 10477.0086  21.8%   168 1735s
 18705 14648     cutoff  132      13403.8100 10477.0232  21.8%   168 1747s
 18746 14831 11196.3722   26  282 13403.8100 10477.9731  21.8%   169 1761s
 18960 14896 10651.4881   26  361 13403.8100 10478.2358  21.8%   169 1776s
 19025 15115 11374.3017   37  173 13403.8100 10479.1080  21.8%   170 1793s
 19288 15232 11046.4294   29  216 13403.8100 10480.8045  21.8%   170 1809s
 19407 15241 10960.3276   27  311 13403.8100 10480.8045  21.8%   169 1810s
 19425 15405 10922.2302   28  313 13403.8100 10480.8045  21.8%   170 1825s
 19615 15526 11329.2077   73   64 13403.8100 10482.7846  21.8%   170 1844s
 19708 15534 12044.7877  110   15 13403.8100 10482.7846  21.8%   170 1845s
 19771 15617 13298.3223  119   39 13403.8100 10482.8623  21.8%   170 1859s
 19860 15745 11226.2820   41  299 13403.8100 10482.8774  21.8%   171 1875s
 20022 15875     cutoff  148      13403.8100 10486.0916  21.8%   171 1892s
 20163 15987 11522.4881   58  112 13403.8100 10486.4940  21.8%   171 1908s
 20308 16064     cutoff  152      13403.8100 10487.2290  21.8%   171 1925s
 20383 16289 11282.5505   27  193 13403.8100 10487.3902  21.8%   172 1944s
 20414 16289 11396.6262   51  137 13403.8100 10487.3902  21.8%   172 1945s
 20656 16441 12779.1187  127   40 13403.8100 10489.7170  21.7%   171 1963s
 20831 16544 11827.2936   56   51 13403.8100 10490.0263  21.7%   172 1979s
 20969 16681     cutoff  110      13403.8100 10492.3353  21.7%   172 1994s
 21010 16681 11701.8006   69  165 13403.8100 10492.3353  21.7%   172 1995s
 21122 16773 11914.3273   80   57 13403.8100 10492.8053  21.7%   172 2010s
 21235 16845     cutoff  124      13403.8100 10493.5548  21.7%   172 2026s
 21322 17014 11029.4013   28  238 13403.8100 10495.0649  21.7%   173 2041s
 21528 17269 11325.2745   38  180 13403.8100 10495.2427  21.7%   173 2060s
 21827 17391     cutoff  137      13403.8100 10496.6864  21.7%   172 2079s
H21831 17328                    13379.330000 10496.6864  21.5%   172 2079s
 21962 17478 11171.6201   31  334 13379.3300 10496.6990  21.5%   173 2093s
 22118 17586 12256.3384  135  145 13379.3300 10499.5996  21.5%   173 2109s
 22268 17665 11113.6851   49  272 13379.3300 10499.7288  21.5%   173 2123s
 22345 18126 11610.4618   71  100 13379.3300 10502.1111  21.5%   174 2144s
 22408 18126 11893.3294  103   51 13379.3300 10502.1111  21.5%   174 2145s
 22879 18252     cutoff  159      13379.3300 10505.2364  21.5%   172 2163s
 23022 18341 12209.6511   93   73 13379.3300 10509.1937  21.5%   172 2180s
 23132 18355 11017.8931   41  344 13379.3300 10509.2515  21.5%   173 2198s
 23147 18532 11226.5640   52  177 13379.3300 10511.1466  21.4%   173 2215s
 23335 18645 10772.6216   30  482 13379.3300 10511.1466  21.4%   173 2233s
 23458 18840 11544.1482   51  351 13379.3300 10511.3398  21.4%   173 2248s
 23672 18881 11028.0237   29  241 13379.3300 10511.3398  21.4%   173 2263s
 23735 19148 11324.2044   42  210 13379.3300 10513.1511  21.4%   174 2279s
 23861 19152 12680.6100   99    - 13379.3300 10513.1511  21.4%   173 2280s
 24055 19188     cutoff  115      13379.3300 10515.9249  21.4%   173 2293s
 24088 19352 11185.2150   26  336 13379.3300 10515.9249  21.4%   174 2307s
 24278 19505 12752.2825   58   91 13379.3300 10518.9237  21.4%   174 2322s
 24463 19555 11090.3076   20  363 13379.3300 10519.3231  21.4%   174 2338s
 24516 19810 11572.7540   39  184 13379.3300 10520.0580  21.4%   174 2357s
 24826 19849     cutoff  123      13379.3300 10520.9067  21.4%   174 2374s
 24854 20069 10978.9689   35  412 13379.3300 10521.9472  21.4%   175 2393s
 25070 20069 12262.7529  166    7 13379.3300 10521.9472  21.4%   175 2395s
 25104 20141 11145.3057   45  358 13379.3300 10521.9472  21.4%   174 2410s
 25181 20393 11768.4681   69   71 13379.3300 10522.7649  21.4%   175 2426s
 25494 20451     cutoff  136      13379.3300 10523.4067  21.3%   174 2444s
 25543 20611 11575.0955   53  192 13379.3300 10525.3993  21.3%   175 2460s
 25735 20695     cutoff  120      13379.3300 10527.2281  21.3%   175 2477s
 25820 20850 11036.3046   50  116 13379.3300 10527.8519  21.3%   175 2494s
 25944 20851 13007.5876  173   20 13379.3300 10527.8519  21.3%   175 2495s
 25994 20887 13097.9476  145   22 13379.3300 10528.6890  21.3%   175 2510s
 26049 20923 11081.1744   31  407 13379.3300 10529.6650  21.3%   176 2526s
*26065 20115             111    13187.610000 10529.6650  20.2%   176 2526s
 26086 20260 11486.9013   39  295 13187.6100 10529.6650  20.2%   177 2545s
 26249 20427 11872.7307   57  215 13187.6100 10529.6650  20.2%   177 2563s
 26417 20577 12342.6477  105  176 13187.6100 10533.4375  20.1%   177 2581s
 26622 20650 10858.2372   28  396 13187.6100 10533.6441  20.1%   177 2597s
 26695 20787 11419.4111   38  245 13187.6100 10533.6441  20.1%   178 2613s
 26842 20930 12345.1355   66   54 13187.6100 10533.8637  20.1%   178 2630s
 27017 21000 10952.5223   36  415 13187.6100 10533.9264  20.1%   179 2645s
 27083 21302 11428.8135   48  263 13187.6100 10533.9264  20.1%   179 2665s
 27412 21515 11776.1133   62  130 13187.6100 10535.4058  20.1%   179 2682s
 27657 21630 10842.7539   20  391 13187.6100 10535.8030  20.1%   179 2700s
 27807 21776 13124.6502   85  119 13187.6100 10536.1384  20.1%   179 2716s
 27978 21901 12157.6411   51  106 13187.6100 10537.3790  20.1%   179 2732s
 28126 22038 11523.1621   49  235 13187.6100 10538.3246  20.1%   179 2749s
 28188 22038 12707.4260  111  110 13187.6100 10538.3246  20.1%   179 2750s
*28240 20985             122    13005.780000 10538.8210  19.0%   179 2750s
 28278 21140 11144.0383   20  399 13005.7800 10538.8210  19.0%   179 2767s
 28476 21278 11692.2379   37  124 13005.7800 10538.8575  19.0%   179 2784s
 28631 21381     cutoff   86      13005.7800 10540.3354  19.0%   179 2799s
 28737 21536 11837.4948   68   71 13005.7800 10542.0617  18.9%   180 2815s
 28919 21643 11666.0210   41  115 13005.7800 10542.3962  18.9%   180 2830s
 29048 21794 11471.7627   46  288 13005.7800 10542.6518  18.9%   180 2846s
 29230 22072 11015.2786   29  275 13005.7800 10542.7180  18.9%   180 2863s
 29523 22238 11981.8831  107  102 13005.7800 10545.4486  18.9%   180 2879s
 29557 22241 12767.5386  206   12 13005.7800 10545.4486  18.9%   180 2880s
 29748 22268     cutoff  212      13005.7800 10546.5534  18.9%   180 2895s
 29779 22458 11254.4091   34  277 13005.7800 10547.1075  18.9%   180 2908s
 29936 22464 12214.4920   69   89 13005.7800 10547.4973  18.9%   180 2910s
 29993 22586 infeasible  136      13005.7800 10547.7635  18.9%   180 2924s
 30129 22635 10938.9718   33  219 13005.7800 10547.9640  18.9%   180 2939s
 30178 22833 11300.6244   49  288 13005.7800 10548.7394  18.9%   181 2955s
 30416 22934     cutoff  119      13005.7800 10549.0731  18.9%   181 2970s
 30519 23113 11401.2937   43  189 13005.7800 10549.4315  18.9%   181 2986s
 30728 23224 11326.0169   23  274 13005.7800 10550.2491  18.9%   181 3002s
 30849 23417 11532.6093   31  266 13005.7800 10550.7733  18.9%   181 3020s
 31083 23472     cutoff   77      13005.7800 10552.0500  18.9%   181 3038s
H31104 19399                    12503.420000 10552.9373  15.6%   181 3038s
 31135 19477 11059.7923   36  420 12503.4200 10552.9642  15.6%   181 3053s
 31239 19547 10937.8457   37  396 12503.4200 10553.0128  15.6%   182 3068s
 31311 19606 12087.3379   75  126 12503.4200 10553.0286  15.6%   182 3083s
 31391 19697 12234.4256   44  208 12503.4200 10553.2189  15.6%   183 3100s
 31521 19798 11360.6406   32  240 12503.4200 10555.1287  15.6%   183 3116s
 31633 19865 10833.7028   31  276 12503.4200 10555.1287  15.6%   183 3132s
 31724 20027 11644.5911   46   69 12503.4200 10557.3290  15.6%   184 3148s
 31918 20105     cutoff   66      12503.4200 10557.9543  15.6%   184 3164s
H31919 19778                    12473.370000 10557.9543  15.4%   184 3164s
 31993 19880 11768.5673   48  216 12473.3700 10558.0810  15.4%   184 3178s
 32138 19950 10694.6429   29  458 12473.3700 10559.2380  15.3%   185 3194s
 32192 19950 12197.3825   68  113 12473.3700 10559.2380  15.3%   185 3195s
 32216 20092 11081.8800   43  325 12473.3700 10560.7762  15.3%   185 3211s
 32390 20194     cutoff  104      12473.3700 10560.9839  15.3%   185 3227s
 32514 20344 11581.3926   47  130 12473.3700 10561.4615  15.3%   185 3243s
 32678 20432 11279.5208   46  240 12473.3700 10561.4709  15.3%   185 3260s
 32806 20491 10860.1020   17  331 12473.3700 10562.0156  15.3%   186 3276s
 32858 20589 11095.1680   19  353 12473.3700 10562.0156  15.3%   186 3294s
 32903 20589 11155.1407   37   82 12473.3700 10562.0156  15.3%   187 3295s
 32958 20761 10847.7794   19  275 12473.3700 10562.0156  15.3%   187 3315s
 33244 20848 11149.4117   26  227 12473.3700 10562.0156  15.3%   186 3333s
H33317 18902                    12253.730000 10562.0156  13.8%   187 3351s
 33447 18995 11655.3907   44  162 12253.7300 10562.2386  13.8%   187 3370s
 33630 19122 10890.6552   23  366 12253.7300 10562.2386  13.8%   187 3388s
 33790 19198 11892.2502   65  191 12253.7300 10563.4473  13.8%   188 3404s
 33898 19300 11346.8802   39  207 12253.7300 10564.0580  13.8%   188 3423s
 34056 19371     cutoff   74      12253.7300 10565.1514  13.8%   188 3438s
 34131 19418     cutoff   74      12253.7300 10565.7807  13.8%   188 3455s
 34195 19572 11377.0034   39  318 12253.7300 10566.8565  13.8%   189 3471s
 34378 19707 11057.2573   24  328 12253.7300 10567.2557  13.8%   189 3500s
 34563 19780 10751.9665   24  422 12253.7300 10567.3050  13.8%   189 3516s
 34641 19866 12184.5014   76   33 12253.7300 10568.2038  13.8%   189 3533s
 34761 19950 11443.9400   37  204 12253.7300 10568.9202  13.7%   189 3549s
 34873 20046 11093.3155   31  276 12253.7300 10569.3772  13.7%   190 3566s
 35016 20099 10780.0280   29  460 12253.7300 10569.7038  13.7%   190 3582s
 35069 20223 11281.0627   40  187 12253.7300 10569.7038  13.7%   191 3600s

Cutting planes:
  User: 5397
  Gomory: 30
  Cover: 469
  Implied bound: 202
  Projected implied bound: 10
  Clique: 107
  MIR: 219
  StrongCG: 7
  Flow cover: 397
  GUB cover: 5
  Inf proof: 1
  Zero half: 35
  Network: 5
  RLT: 375
  Relax-and-lift: 29
  Lazy constraints: 4693

Explored 35209 nodes (6735703 simplex iterations) in 3601.11 seconds
Thread count was 2 (of 32 available processors)

Solution count 10: 12253.7 12473.4 12503.4 ... 14743.9

Time limit reached
Best objective 1.225373000000e+04, best bound 1.056970378274e+04, gap 13.7430%

User-callback calls 553946, time in user-callback 228.89 sec
================================================================================
executing instance: ./input/Instances/Original/3/absH3high_5n20.dat
--------------------------------------------------------------------------------
Instance details
n	21
H	3
C	1734
Li:
[0, 0, 0, 0, 0, 0, 0, 0, 0, 0, 0, 0, 0, 0, 0, 0, 0, 0, 0, 0, 0, ]
Ui:
[0, 40, 237, 68, 194, 144, 207, 114, 118, 207, 120, 72, 128, 48, 102, 237, 261, 135, 84, 184, 142, ]
Distance matrix:
|0	408	254	408	305	286	284	573	384	380	400	384	552	461	243	577	274	285	345	92	431	|
|408	0	189	21	111	218	178	168	182	283	211	86	158	222	191	168	136	320	219	318	87	|
|254	189	0	198	81	230	31	354	276	174	157	136	307	348	158	348	110	313	275	180	183	|
|408	21	198	0	118	204	190	165	163	302	230	105	169	202	184	170	134	306	202	317	107	|
|305	111	81	118	0	188	80	278	209	221	172	86	247	276	129	276	61	285	220	218	130	|
|286	218	230	204	188	0	249	342	102	401	360	260	373	176	73	360	128	103	60	202	290	|
|284	178	31	190	80	249	0	339	286	151	127	114	284	355	180	330	124	337	290	211	160	|
|573	168	354	165	278	342	339	0	262	411	330	229	118	248	342	37	298	434	316	482	194	|
|384	182	276	163	209	102	286	262	0	429	372	252	319	79	149	287	167	174	55	297	268	|
|380	283	174	302	221	401	151	411	429	0	82	197	318	491	331	390	274	488	439	331	219	|
|400	211	157	230	172	360	127	330	372	82	0	125	237	427	297	308	232	455	390	335	139	|
|384	86	136	105	86	260	114	229	252	197	125	0	171	303	210	217	143	361	278	301	47	|
|552	158	307	169	247	373	284	118	319	318	237	171	0	331	349	84	289	474	366	465	124	|
|461	222	348	202	276	176	355	248	79	491	427	303	331	0	228	279	241	226	119	375	308	|
|243	191	158	184	129	73	180	342	149	331	297	210	349	228	0	352	68	159	127	152	248	|
|577	168	348	170	276	360	330	37	287	390	308	217	84	279	352	0	303	455	339	486	177	|
|274	136	110	134	61	128	124	298	167	274	232	143	289	241	68	303	0	224	166	183	182	|
|285	320	313	306	285	103	337	434	174	488	455	361	474	226	159	455	224	0	119	224	393	|
|345	219	275	202	220	60	290	316	55	439	390	278	366	119	127	339	166	119	0	262	301	|
|92	318	180	317	218	202	211	482	297	331	335	301	465	375	152	486	183	224	262	0	347	|
|431	87	183	107	130	290	160	194	268	219	139	47	124	308	248	177	182	393	301	347	0	|

--------------------------------------------------------------------------------
Building model...
	using lazy and cut (CVRPSEP package)
Solving IRP LP...
--------------------------------------------------------------------------------

Gurobi 9.1.0 (linux64) logging started Mon Feb  8 05:50:37 2021

Gurobi Optimizer version 9.1.0 build v9.1.0rc0 (linux64)
Thread count: 32 physical cores, 32 logical processors, using up to 2 threads
Optimize a model with 921 rows, 3849 columns and 10164 nonzeros
Model fingerprint: 0xfb0b37b3
Variable types: 384 continuous, 3465 integer (315 binary)
Coefficient statistics:
  Matrix range     [1e+00, 1e+03]
  Objective range  [2e-01, 6e+02]
  Bounds range     [1e+00, 3e+02]
  RHS range        [1e+00, 3e+03]
Presolve removed 281 rows and 747 columns
Presolve time: 0.12s
Presolved: 640 rows, 3102 columns, 7600 nonzeros
Variable types: 218 continuous, 2884 integer (2605 binary)

Root relaxation: objective 8.206790e+03, 1096 iterations, 0.02 seconds

    Nodes    |    Current Node    |     Objective Bounds      |     Work
 Expl Unexpl |  Obj  Depth IntInf | Incumbent    BestBd   Gap | It/Node Time

     0     0 8206.78996    0   99          - 8206.78996      -     -    0s
     0     0 8715.13260    0  104          - 8715.13260      -     -    0s
     0     0 8768.58232    0   91          - 8768.58232      -     -    0s
     0     0 8782.35664    0  115          - 8782.35664      -     -    0s
     0     0 8795.77177    0  117          - 8795.77177      -     -    0s
     0     0 8795.89473    0  118          - 8795.89473      -     -    0s
     0     0 9015.06910    0  167          - 9015.06910      -     -    0s
     0     0 9022.80085    0  148          - 9022.80085      -     -    1s
     0     0 9023.29265    0  153          - 9023.29265      -     -    1s
     0     0 9148.78023    0  209          - 9148.78023      -     -    1s
     0     0 9172.27050    0  198          - 9172.27050      -     -    1s
     0     0 9179.55176    0  230          - 9179.55176      -     -    1s
     0     0 9180.61098    0  248          - 9180.61098      -     -    1s
     0     0 9180.76459    0  252          - 9180.76459      -     -    1s
     0     0 9293.74614    0  258          - 9293.74614      -     -    1s
     0     0 9324.86713    0  255          - 9324.86713      -     -    1s
     0     0 9325.83231    0  270          - 9325.83231      -     -    1s
     0     0 9365.62885    0  258          - 9365.62885      -     -    1s
     0     0 9374.88510    0  278          - 9374.88510      -     -    2s
     0     0 9375.22760    0  298          - 9375.22760      -     -    2s
