




arguments: ./build/mirp_solver -f ./input/orig_exec_157.cfg
Current dir: /scratch/gui/bnc_mirp
File verbosity level: 9
date       time         ( uptime  ) [ thread name/id ]                   file:line     v| 
2021-01-10 02:18:37.270 (   0.266s) [main thread     ]             loguru.cpp:789   INFO| Logging to './output/vi_vc/OU/V2/Original/execution_10_01_2021_02_18_37.log', mode: 'a', verbosity: 9
--------------------------------------------------------------------------------
Parameters
                           instance_path           ./input/Instances/Original/5/
                            model_policy                                       1
                             nb_vehicles                                       2
                              output_dir          ./output/vi_vc/OU/V2/Original/
                            sec_strategy                                       1
                       solver_nb_threads                                       2
                         solver_show_log                                    true
                       solver_time_limit                                    3600
                              use_vi_cos                                   false
                              use_vi_cus                                   false
                         use_vi_hc1_full                                   false
                         use_vi_hc1_half                                   false
                      use_vi_hc1_quarter                                   false
                              use_vi_hc2                                   false
                              use_vi_hc3                                   false
                         use_vi_lex_full                                   false
                         use_vi_lex_half                                   false
                      use_vi_lex_quarter                                   false
                              use_vi_qua                                   false
                               use_vi_vc                                    true
                               use_vi_vr                                   false
--------------------------------------------------------------------------------
executing instance: ./input/Instances/Original/5/absH3low_4n50.dat
--------------------------------------------------------------------------------
Instance details
n	51
H	3
C	4066
Li:
[0, 0, 0, 0, 0, 0, 0, 0, 0, 0, 0, 0, 0, 0, 0, 0, 0, 0, 0, 0, 0, 0, 0, 0, 0, 0, 0, 0, 0, 0, 0, 0, 0, 0, 0, 0, 0, 0, 0, 0, 0, 0, 0, 0, 0, 0, 0, 0, 0, 0, 0, ]
Ui:
[0, 108, 126, 122, 66, 120, 48, 30, 128, 54, 158, 198, 36, 66, 210, 234, 147, 297, 171, 128, 116, 120, 219, 70, 294, 207, 134, 128, 234, 122, 22, 183, 195, 255, 132, 124, 66, 189, 219, 66, 128, 102, 288, 66, 87, 136, 36, 39, 282, 36, 237, ]
Distance matrix:
|0	210	444	498	509	104	438	228	487	304	456	434	526	476	163	47	293	396	293	290	313	85	280	437	293	336	409	106	449	376	433	478	193	404	404	534	278	181	380	507	189	438	263	473	353	216	202	218	452	254	465	|
|210	0	299	507	359	106	345	409	358	411	320	402	555	448	136	200	289	264	306	427	141	222	83	348	264	320	283	303	380	208	258	357	170	348	475	542	243	347	355	379	65	479	172	373	355	251	112	229	402	210	300	|
|444	299	0	363	65	358	116	542	66	440	26	241	425	272	282	407	251	51	276	490	159	397	224	124	217	237	48	490	170	99	83	74	261	180	430	385	214	479	231	85	270	390	184	116	271	300	409	276	210	215	54	|
|498	507	363	0	385	482	246	424	326	254	343	123	63	93	388	452	221	337	211	314	428	414	480	239	243	187	324	463	194	418	438	307	346	188	156	36	264	392	156	326	444	87	340	258	154	286	603	294	153	297	417	|
|509	359	65	385	0	422	145	602	59	492	59	269	448	292	348	472	305	115	329	545	218	462	281	152	274	286	106	554	192	153	116	78	326	216	472	403	274	540	271	63	334	425	249	127	316	361	468	337	233	278	69	|
|104	106	358	482	422	0	372	309	408	337	374	396	521	441	98	96	262	314	271	342	215	124	177	373	249	302	329	198	394	281	337	402	139	353	419	518	230	250	343	428	90	437	188	405	328	200	134	188	406	199	372	|
|438	345	116	246	145	372	0	485	87	357	97	126	309	155	279	394	180	101	200	414	223	373	288	8	157	150	84	459	53	188	196	68	245	72	328	269	165	427	128	97	297	280	184	36	175	250	456	233	94	184	170	|
|228	409	542	424	602	309	485	0	561	170	544	419	424	446	298	214	305	491	286	115	462	187	457	480	331	339	496	124	470	510	565	545	295	424	279	454	329	66	376	576	363	340	370	520	330	242	429	266	453	328	581	|
|487	358	66	326	59	408	87	561	0	441	40	211	389	233	324	446	258	95	281	497	220	431	287	95	230	234	79	522	133	164	146	19	297	160	415	344	233	500	215	21	323	367	224	68	261	320	470	299	174	242	106	|
|304	411	440	254	492	337	357	170	441	0	434	266	255	286	275	266	189	392	164	63	408	225	428	351	224	207	392	234	330	438	484	424	250	287	112	284	232	149	233	453	349	170	302	389	185	168	471	195	305	248	487	|
|456	320	26	343	59	374	97	544	40	434	0	223	406	252	294	418	247	60	271	487	181	405	247	105	215	229	49	498	149	124	109	48	270	165	419	364	215	482	218	60	288	375	194	92	261	302	431	279	190	220	75	|
|434	402	241	123	269	396	126	419	211	266	223	0	185	46	298	387	140	213	145	328	310	355	366	118	147	97	201	425	78	295	315	191	256	65	211	151	166	371	53	215	343	157	231	145	90	220	505	217	41	198	295	|
|526	555	425	63	448	521	309	424	389	255	406	185	0	156	430	481	266	398	252	310	485	442	534	301	293	237	386	480	257	478	500	370	390	249	145	55	313	401	212	389	491	89	392	321	201	322	646	334	216	345	479	|
|476	448	272	93	292	441	155	446	233	286	252	46	156	0	343	429	183	250	184	348	353	396	411	148	192	140	236	461	102	334	350	214	302	106	214	113	212	402	98	233	389	151	277	165	125	261	551	260	62	244	325	|
|163	136	282	388	348	98	279	298	324	275	294	298	430	343	0	124	167	234	178	296	167	121	162	279	151	205	247	216	297	224	280	316	42	256	340	423	132	232	246	344	74	349	100	314	233	115	216	97	308	101	307	|
|47	200	407	452	472	96	394	214	446	266	418	387	481	429	124	0	246	358	245	259	284	41	261	392	247	289	370	103	403	345	402	436	150	358	361	488	232	158	333	466	165	393	223	430	306	168	217	171	406	210	431	|
|293	289	251	221	305	262	180	305	258	189	247	140	266	183	167	246	0	204	26	240	238	215	276	175	37	43	203	289	169	255	297	242	125	122	202	257	52	248	87	272	225	191	134	215	67	80	382	77	163	81	298	|
|396	264	51	337	115	314	101	491	95	392	60	213	398	250	234	358	204	0	229	442	130	347	196	108	169	194	19	440	152	87	102	93	211	149	390	363	165	428	194	116	228	355	134	117	230	250	376	225	189	164	95	|
|293	306	276	211	329	271	200	286	281	164	271	145	252	184	178	245	26	229	0	216	262	212	297	195	63	53	228	280	184	280	323	264	138	137	178	248	76	232	95	294	241	173	156	234	60	77	395	83	172	102	324	|
|290	427	490	314	545	342	414	115	497	63	487	328	310	348	296	259	240	442	216	0	443	220	456	408	273	264	443	204	390	479	529	480	278	346	165	343	278	115	293	509	369	229	340	447	244	202	473	230	366	288	536	|
|313	141	159	428	218	215	223	462	220	408	181	310	485	353	167	284	238	130	262	443	0	288	67	228	202	252	149	382	267	67	122	221	168	247	440	459	186	396	273	241	125	423	107	245	291	242	251	214	297	162	160	|
|85	222	397	414	462	124	373	187	431	225	405	355	442	396	121	41	215	347	212	220	288	0	273	371	221	258	357	95	378	344	401	420	136	331	321	450	208	126	302	450	177	353	213	409	272	136	253	143	377	190	426	|
|280	83	224	480	281	177	288	457	287	428	247	366	534	411	162	261	276	196	297	456	67	273	0	292	243	298	215	363	329	128	176	288	179	305	475	513	224	392	324	307	96	466	143	311	335	261	187	235	357	195	219	|
|437	348	124	239	152	373	8	480	95	351	105	118	301	148	279	392	175	108	195	408	228	371	292	0	154	144	91	456	46	194	203	76	244	65	320	261	163	423	121	103	299	273	185	40	168	247	459	230	86	183	178	|
|293	264	217	243	274	249	157	331	230	224	215	147	293	192	151	247	37	169	63	273	202	221	243	154	0	57	170	303	157	217	260	215	110	111	238	278	21	271	94	245	201	223	100	193	92	93	362	78	160	54	263	|
|336	320	237	187	286	302	150	339	234	207	229	97	237	140	205	289	43	194	53	264	252	258	298	144	57	0	190	331	131	257	294	216	163	84	197	221	77	285	44	246	258	172	155	183	39	123	418	119	120	110	288	|
|409	283	48	324	106	329	84	496	79	392	49	201	386	236	247	370	203	19	228	443	149	357	215	91	170	190	0	449	136	105	114	75	221	138	384	349	168	434	185	99	245	346	146	98	224	255	394	231	174	171	99	|
|106	303	490	463	554	198	459	124	522	234	498	425	480	461	216	103	289	440	280	204	382	95	363	456	303	331	449	0	458	439	496	510	229	410	344	498	293	89	374	540	267	391	307	495	336	211	308	226	451	280	520	|
|449	380	170	194	192	394	53	470	133	330	149	78	257	102	297	403	169	152	184	390	267	378	329	46	157	131	136	458	0	238	249	114	259	47	287	216	171	416	96	137	327	235	211	67	145	247	488	235	41	197	223	|
|376	208	99	418	153	281	188	510	164	438	124	295	478	334	224	345	255	87	280	479	67	344	128	194	217	257	105	439	238	0	57	169	216	230	453	445	206	445	268	184	191	427	141	202	296	278	315	250	274	191	92	|
|433	258	83	438	116	337	196	565	146	484	109	315	500	350	280	402	297	102	323	529	122	401	176	203	260	294	114	496	249	57	0	157	271	252	490	463	251	499	296	162	247	457	195	199	331	329	362	302	288	241	47	|
|478	357	74	307	78	402	68	545	19	424	48	191	370	214	316	436	242	93	264	480	221	420	288	76	215	216	75	510	114	169	157	0	287	141	396	325	219	485	196	31	319	347	216	49	243	306	469	286	154	230	120	|
|193	170	261	346	326	139	245	295	297	250	270	256	390	302	42	150	125	211	138	278	168	136	179	244	110	163	221	229	259	216	271	287	0	216	305	382	91	229	204	316	105	310	78	280	192	83	257	60	268	62	292	|
|404	348	180	188	216	353	72	424	160	287	165	65	249	106	256	358	122	149	137	346	247	331	305	65	111	84	138	410	47	230	252	141	216	0	255	215	126	369	56	168	292	210	177	102	103	200	454	189	54	155	234	|
|404	475	430	156	472	419	328	279	415	112	419	211	145	214	340	361	202	390	178	165	440	321	475	320	238	197	384	344	287	453	490	396	305	255	0	181	254	261	201	422	410	69	335	353	160	225	551	246	252	280	482	|
|534	542	385	36	403	518	269	454	344	284	364	151	55	113	423	488	257	363	248	343	459	450	513	261	278	221	349	498	216	445	463	325	382	215	181	0	298	425	189	342	479	115	373	276	190	323	638	330	175	332	439	|
|278	243	214	264	274	230	165	329	233	232	215	166	313	212	132	232	52	165	76	278	186	208	224	163	21	77	168	293	171	206	251	219	91	126	254	298	0	267	114	250	181	242	82	202	112	88	341	68	177	33	258	|
|181	347	479	392	540	250	427	66	500	149	482	371	401	402	232	158	248	428	232	115	396	126	392	423	271	285	434	89	416	445	499	485	229	369	261	425	267	0	325	516	298	313	305	463	281	180	375	203	403	264	516	|
|380	355	231	156	271	343	128	376	215	233	218	53	212	98	246	333	87	194	95	293	273	302	324	121	94	44	185	374	96	268	296	196	204	56	201	189	114	325	0	224	294	161	185	157	49	167	455	163	78	147	284	|
|507	379	85	326	63	428	97	576	21	453	60	215	389	233	344	466	272	116	294	509	241	450	307	103	245	246	99	540	137	184	162	31	316	168	422	342	250	516	224	0	344	371	244	70	271	337	490	317	176	261	120	|
|189	65	270	444	334	90	297	363	323	349	288	343	491	389	74	165	225	228	241	369	125	177	96	299	201	258	245	267	327	191	247	319	105	292	410	479	181	298	294	344	0	414	116	328	291	187	163	165	345	147	282	|
|438	479	390	87	425	437	280	340	367	170	375	157	89	151	349	393	191	355	173	229	423	353	466	273	223	172	346	391	235	427	457	347	310	210	69	115	242	313	161	371	414	0	323	301	133	238	565	253	197	273	444	|
|263	172	184	340	249	188	184	370	224	302	194	231	392	277	100	223	134	134	156	340	107	213	143	185	100	155	146	307	211	141	195	216	78	177	335	373	82	305	185	244	116	323	0	217	192	138	278	110	230	55	214	|
|473	373	116	258	127	405	36	520	68	389	92	145	321	165	314	430	215	117	234	447	245	409	311	40	193	183	98	495	67	202	199	49	280	102	353	276	202	463	157	70	328	301	217	0	205	286	485	269	106	220	167	|
|353	355	271	154	316	328	175	330	261	185	261	90	201	125	233	306	67	230	60	244	291	272	335	168	92	39	224	336	145	296	331	243	192	103	160	190	112	281	49	271	291	133	192	205	0	138	449	141	123	145	323	|
|216	251	300	286	361	200	250	242	320	168	302	220	322	261	115	168	80	250	77	202	242	136	261	247	93	123	255	211	247	278	329	306	83	200	225	323	88	180	167	337	187	238	138	286	138	0	328	28	243	88	340	|
|202	112	409	603	468	134	456	429	470	471	431	505	646	551	216	217	382	376	395	473	251	253	187	459	362	418	394	308	488	315	362	469	257	454	551	638	341	375	455	490	163	565	278	485	449	328	0	313	508	308	406	|
|218	229	276	294	337	188	233	266	299	195	279	217	334	260	97	171	77	225	83	230	214	143	235	230	78	119	231	226	235	250	302	286	60	189	246	330	68	203	163	317	165	253	110	269	141	28	313	0	235	61	315	|
|452	402	210	153	233	406	94	453	174	305	190	41	216	62	308	406	163	189	172	366	297	377	357	86	160	120	174	451	41	274	288	154	268	54	252	175	177	403	78	176	345	197	230	106	123	243	508	235	0	207	264	|
|254	210	215	297	278	199	184	328	242	248	220	198	345	244	101	210	81	164	102	288	162	190	195	183	54	110	171	280	197	191	241	230	62	155	280	332	33	264	147	261	147	273	55	220	145	88	308	61	207	0	253	|
|465	300	54	417	69	372	170	581	106	487	75	295	479	325	307	431	298	95	324	536	160	426	219	178	263	288	99	520	223	92	47	120	292	234	482	439	258	516	284	120	282	444	214	167	323	340	406	315	264	253	0	|

--------------------------------------------------------------------------------
Building model...
	using lazy and cut (CVRPSEP package)
Solving IRP LP...
--------------------------------------------------------------------------------

Gurobi 9.1.0 (linux64) logging started Sun Jan 10 02:18:37 2021

Gurobi Optimizer version 9.1.0 build v9.1.0rc0 (linux64)
Thread count: 32 physical cores, 32 logical processors, using up to 2 threads
Optimize a model with 1122 rows, 8460 columns and 18978 nonzeros
Model fingerprint: 0xce57267d
Variable types: 504 continuous, 7956 integer (306 binary)
Coefficient statistics:
  Matrix range     [1e+00, 2e+03]
  Objective range  [1e-02, 6e+02]
  Bounds range     [1e+00, 3e+02]
  RHS range        [1e+01, 7e+03]
Presolve removed 262 rows and 140 columns
Presolve time: 0.07s
Presolved: 860 rows, 8320 columns, 17969 nonzeros
Variable types: 364 continuous, 7956 integer (7656 binary)

Root relaxation: objective 3.280950e+03, 845 iterations, 0.02 seconds

    Nodes    |    Current Node    |     Objective Bounds      |     Work
 Expl Unexpl |  Obj  Depth IntInf | Incumbent    BestBd   Gap | It/Node Time

     0     0 3280.94990    0  134          - 3280.94990      -     -    0s
     0     0 3631.28328    0  141          - 3631.28328      -     -    0s
     0     0 3631.56705    0  142          - 3631.56705      -     -    0s
     0     0 4312.43452    0  206          - 4312.43452      -     -    0s
     0     0 4335.17486    0  194          - 4335.17486      -     -    0s
     0     0 4345.23118    0  231          - 4345.23118      -     -    0s
     0     0 4368.14791    0  197          - 4368.14791      -     -    0s
     0     0 4373.41377    0  201          - 4373.41377      -     -    0s
     0     0 4374.12910    0  197          - 4374.12910      -     -    0s
     0     0 4461.46440    0  284          - 4461.46440      -     -    1s
     0     0 4478.58346    0  229          - 4478.58346      -     -    1s
     0     0 4483.91828    0  294          - 4483.91828      -     -    1s
     0     0 4502.26758    0  281          - 4502.26758      -     -    1s
     0     0 4503.32373    0  276          - 4503.32373      -     -    1s
     0     0 4542.48720    0  264          - 4542.48720      -     -    1s
     0     0 4544.19098    0  257          - 4544.19098      -     -    1s
     0     0 4552.75719    0  293          - 4552.75719      -     -    1s
     0     0 4552.75719    0  281          - 4552.75719      -     -    1s
     0     2 4552.88623    0  264          - 4552.88623      -     -    2s
    47    52 4707.64920   13  197          - 4557.89039      -   226    5s
   188   210 4924.58967   60  164          - 4557.89039      -   150   10s
   508   531 5174.41901  117  101          - 4557.89039      -  82.6   15s
   749   716 7117.41000  216  134          - 4557.89039      -  73.3   20s
   765   727 4910.02437   20  447          - 4595.16867      -  71.7   25s
   781   738 7001.40846  210  385          - 4606.45352      -  70.2   30s
   796   748 5444.66000   86  470          - 4610.07408      -  68.9   35s
   803   752 7495.88500  234  368          - 4611.40386      -  68.3   40s
   813   760 4854.87651   31  259          - 4611.61236      -  82.0   45s
   832   773 7493.48364  215  352          - 4615.84427      -  80.1   50s
   842   779 6061.39000  177  448          - 4622.27654      -  79.1   55s
   854   787 6271.92000  183  440          - 4628.22422      -  78.0   60s
   869   797 7075.76353  221  505          - 4631.54193      -  76.7   65s
   878   803 5742.77055  180  363          - 4632.88554      -  75.9   70s
   888   810 7600.90000  237  558          - 4633.52890      -  75.0   75s
   892   816 4642.14764   27  497          - 4636.36298      -  86.3   80s
   946   855 4764.17254   40  226          - 4651.55105      -  98.4   85s
  1042   923 4835.92601   64  147          - 4651.55105      -   106   90s
  1161  1039 5118.88751   95   31          - 4651.55105      -   109   95s
  1328  1109 6102.40111  151   15          - 4651.73228      -   102  100s
  1420  1153 4752.32498   34  349          - 4656.69640      -   102  105s
  1534  1190 4790.61468   38  224          - 4656.69640      -  97.6  110s
  1587  1220 4843.23072   47  116          - 4656.69640      -   102  115s
  1618  1238 4884.42233   52  159          - 4656.69640      -   106  120s
  1664  1279 4977.53897   64   93          - 4656.69640      -   109  125s
  1722  1325 5138.34050   79   22          - 4656.69640      -   109  130s
  1801  1373 5383.77000   99    -          - 4657.92781      -   110  136s
  1822  1372 5424.40216  109   22          - 4657.92781      -   109  148s
  1861  1389 4722.58139   32  368          - 4657.92781      -   111  151s
  1894  1414 4776.91410   34  288          - 4657.92781      -   114  155s
  1943  1451 4793.67419   39  290          - 4657.92781      -   116  161s
  1978  1494 4824.73333   42  237          - 4657.92781      -   117  166s
  2055  1560 4850.93616   45  243          - 4657.92781      -   116  172s
  2112  1548 6126.21000  132    2          - 4657.92781      -   114  181s
  2198  1698 4894.76390   47  215          - 4657.92781      -   112  187s
  2336  1677 4914.77081   51   94          - 4657.92781      -   107  191s
  2408  1703 4970.33246   59   58          - 4657.92781      -   107  196s
  2443  1732 5016.17250   67   53          - 4657.92781      -   109  200s
  2479  1759 5070.28023   74  134          - 4657.92781      -   111  205s
  2520  1792 5137.08386   82   77          - 4657.92781      -   114  211s
  2584  1851 5191.11836  100  110          - 4657.92781      -   115  218s
  2628  1889 5265.27933  108   73          - 4657.92781      -   116  221s
  2685  2011 5604.40027  120   22          - 4657.92781      -   117  226s
  2850  2082 5790.60000  132   12          - 4659.06522      -   113  232s
  3006  2104 4684.72578   30  402          - 4659.06522      -   111  237s
  3059  2140 4725.83922   34  344          - 4659.06522      -   111  242s
  3123  2242 4728.73397   37  269          - 4659.06522      -   111  248s
  3349  2272 4766.64948   39  327          - 4659.06522      -   107  255s
  3474  2341 4924.39084   43  244          - 4659.06522      -   107  263s
  3495  2360 4979.76288   46  199          - 4659.06522      -   109  266s
  3514  2391 4972.64107   49  201          - 4659.06522      -   110  270s
  3595  2522 5190.67295   65  157          - 4659.06522      -   113  279s
  3678  2612 5356.25709   79   47          - 4659.06522      -   113  284s
  3699  2618 5373.47446   93   89          - 4659.06522      -   113  285s
  3783  2733 5429.79750   86   35          - 4674.72962      -   113  293s
  4018  2808 4876.91973   31  361          - 4676.25866      -   111  298s
  4032  2829 4957.38998   35  239          - 4676.25866      -   112  303s
  4053  2857 4964.43952   36  219          - 4676.25866      -   114  307s
  4081  2894 5044.35334   39  159          - 4676.25866      -   116  311s
  4118  2943 5120.97980   46  259          - 4676.25866      -   117  317s
  4169  2986 5165.54000   57    -          - 4676.25866      -   118  322s
  4215  3079 5226.36052   57   47          - 4676.25866      -   120  330s
  4350  3168 5318.99156   69   21          - 4676.25866      -   120  337s
  4441  3245 5368.91000   72   10          - 4684.78611      -   120  344s
  4508  3249 6235.49157  128   27          - 4684.78611      -   119  345s
  4546  3294 4954.55543   34  277          - 4684.78611      -   120  350s
  4591  3336 5074.83731   46  232          - 4684.78611      -   121  355s
  4633  3403 5196.77197   49  216          - 4684.78611      -   123  362s
  4706  3570 5295.96305   62   72          - 4684.78611      -   124  369s
  4727  3570 5333.77030   70   67          - 4684.78611      -   124  370s
  4916  3756 5482.34031   91   79          - 4685.34109      -   121  378s
  5167  3858 4879.86961   33  224          - 4685.35998      -   118  385s
  5231  3962 5180.42942   44  199          - 4685.35998      -   118  393s
  5339  4092 5406.79944   59   82          - 4685.35998      -   118  402s
  5541  4245 5509.87782   73   51          - 4687.82182      -   116  411s
  5690  4388 5020.04658   36  248          - 4687.82182      -   115  423s
  5853  4403 5543.73000  105    -          - 4687.82182      -   113  425s
  5861  4465 5296.37061   61  102          - 4693.22259      -   114  432s
  5944  4542 4923.58226   37  193          - 4693.22259      -   114  441s
  6010  4683 5129.58973   54  101          - 4693.22259      -   115  453s
  6159  4806 5520.89855   92   78          - 4699.99334      -   114  465s
  6385  4984 4780.53107   31  429          - 4699.99334      -   112  478s
  6524  5038 5263.63339   41  311          - 4699.99334      -   112  487s
  6584  5085 5339.71284   45  266          - 4699.99334      -   112  499s
  6625  5199 5453.35491   53  173          - 4699.99334      -   113  510s
  6741  5361 5749.78960   67  130          - 4699.99334      -   113  523s
  6862  5363 5447.88912   96   28          - 4699.99334      -   112  525s
  6989  5589 5885.33453   84   76          - 4699.99334      -   111  537s
  7211  5685 6330.50000  112    8          - 4700.52536      -   109  551s
  7322  5903 5027.69995   44  188          - 4700.52536      -   109  566s
  7588  6095 5417.35273   78    4          - 4701.64897      -   107  581s
  7827  6211 5037.29501   36  224          - 4701.64897      -   106  593s
  7943  6409 5303.37830   55  126          - 4701.64897      -   106  609s
  8021  6413 5697.97769   85   10          - 4701.64897      -   106  610s
  8150  6567 5541.09000   80    2          - 4701.78247      -   105  621s
  8365  6756 4943.39242   41  158          - 4701.78247      -   105  635s
  8529  6910 5111.13869   67   20          - 4701.78247      -   104  647s
  8736  7017 5176.91219   70   20          - 4704.07264      -   104  657s
  8855  7166 5299.41667   76   11          - 4704.36715      -   104  670s
  9066  7232 4884.31744   32  352          - 4704.36715      -   103  681s
  9122  7285 5136.72461   38  320          - 4704.36715      -   103  690s
  9163  7337 5180.10836   43  337          - 4704.36715      -   104  700s
  9215  7389 5288.60582   50  212          - 4704.36715      -   105  709s
  9267  7471 5350.09370   54  223          - 4704.36715      -   106  719s
  9349  7593 5429.86023   61  144          - 4704.36715      -   107  731s
  9501  7766 5443.72039   72   90          - 4704.36715      -   107  747s
  9659  7920 5533.81493   74   44          - 4704.36715      -   107  763s
  9852  8053 5685.64645   85   79          - 4704.36715      -   106  776s
  9983  8235 5714.81981   93   20          - 4706.28410      -   106  792s
*10108  7636             133    6379.6600000 4706.28410  26.2%   106  794s
 10234  7641     cutoff  170      6379.66000 4706.28410  26.2%   105  795s
 10309  7609     cutoff  162      6379.66000 4706.36081  26.2%   105  828s
 10314  7713 4830.94405   33  377 6379.66000 4706.36081  26.2%   105  844s
 10469  7799 5425.38733   60   95 6379.66000 4707.88656  26.2%   105  857s
 10565  7830     cutoff  125      6379.66000 4710.86205  26.2%   105  866s
 10605  7860 4790.75513   36  378 6379.66000 4711.70906  26.1%   106  878s
 10634  7919 4860.68375   39  352 6379.66000 4711.70906  26.1%   107  939s
H10668  7785                    6311.2200000 4711.70906  25.3%   108  940s
 10693  7868 4970.13203   42  308 6311.22000 4711.70906  25.3%   108  953s
H10794  7882                    6289.9300000 4711.70906  25.1%   108 1016s
 10852  8002 5780.39577   61  100 6289.93000 4712.51705  25.1%   109 1030s
H10995  8097                    6285.9300000 4714.09062  25.0%   109 1049s
 11037  8098 5800.09295   77    4 6285.93000 4714.12586  25.0%   109 1050s
 11120  8155 6267.18186   96   20 6285.93000 4716.19413  25.0%   109 1063s
 11188  8285     cutoff   98      6285.93000 4719.05017  24.9%   110 1080s
 11355  8354     cutoff  107      6285.93000 4725.91282  24.8%   110 1094s
 11388  8356 5459.35077   63   44 6285.93000 4725.91282  24.8%   110 1095s
 11435  8471 5757.84539   73   25 6285.93000 4727.54535  24.8%   110 1111s
 11642  8618 5054.73534   41  197 6285.93000 4727.74420  24.8%   110 1129s
 11695  8618 5289.57715   62  146 6285.93000 4727.74420  24.8%   110 1130s
 11758  8887 5258.39412   63   91 6285.93000 4729.47273  24.8%   110 1157s
 12057  8914 5597.09283  114   17 6285.93000 4729.47273  24.8%   109 1160s
 12083  9019 5837.53000  102    - 6285.93000 4730.76308  24.7%   109 1177s
 12263  9072 6168.54000  126    - 6285.93000 4737.93592  24.6%   109 1191s
 12303  9125 6225.67091  126    4 6285.93000 4738.75975  24.6%   110 1206s
 12363  9237 6252.54146  127   24 6285.93000 4738.98404  24.6%   110 1223s
 12491  9365 6031.77115   85   36 6285.93000 4739.56542  24.6%   111 1241s
 12665  9440     cutoff  106      6285.93000 4741.79044  24.6%   110 1256s
 12733  9499 5299.81649   61  154 6285.93000 4742.01877  24.6%   111 1271s
 12815  9642 5153.16948   39  231 6285.93000 4742.51909  24.6%   111 1289s
 12907  9650 6036.37000  142   12 6285.93000 4742.74612  24.5%   111 1290s
 12997  9687 6215.99917  112   18 6285.93000 4743.47172  24.5%   111 1305s
 13049  9711 5184.29013   44   57 6285.93000 4743.71817  24.5%   112 1322s
 13066  9849 5180.49830   52  104 6285.93000 4743.71817  24.5%   112 1343s
 13204  9874 5432.14876   79   30 6285.93000 4743.71817  24.5%   112 1364s
 13233 10040 5479.49586   84    4 6285.93000 4743.72442  24.5%   112 1383s
 13361 10062 6187.88500  129   23 6285.93000 4743.72442  24.5%   112 1385s
 13485 10134     cutoff  135      6285.93000 4743.74160  24.5%   111 1402s
 13591 10209 5760.02119   64   77 6285.93000 4745.54236  24.5%   112 1419s
 13682 10280 6203.62487   80   51 6285.93000 4746.78612  24.5%   112 1435s
 13776 10317     cutoff   90      6285.93000 4746.98852  24.5%   112 1450s
 13826 10376 5357.86530   62  153 6285.93000 4748.20263  24.5%   113 1466s
 13921 10450 5121.07592   37  246 6285.93000 4748.57916  24.5%   113 1483s
 13983 10596 5281.83285   52  146 6285.93000 4748.57916  24.5%   114 1504s
 14165 10718 5400.85000   60   53 6285.93000 4748.67934  24.5%   114 1524s
 14186 10723 5452.77000   70    - 6285.93000 4748.67934  24.5%   114 1525s
 14318 10890 5599.52667   71   19 6285.93000 4750.54998  24.4%   114 1543s
 14515 11032 6134.85061  115   26 6285.93000 4751.22246  24.4%   113 1563s
 14704 11072     cutoff  125      6285.93000 4752.21268  24.4%   113 1579s
 14752 11119 5053.70522   44  262 6285.93000 4753.04814  24.4%   114 1595s
 14795 11195 5231.60905   52  111 6285.93000 4753.04814  24.4%   114 1613s
 14875 11357 5244.53785   67   53 6285.93000 4753.04814  24.4%   115 1635s
 15057 11602 5298.76421   75    8 6285.93000 4753.04814  24.4%   115 1656s
 15340 11738 6126.95526  132   58 6285.93000 4753.05557  24.4%   114 1677s
 15604 11818 5706.47065   51  176 6285.93000 4754.17284  24.4%   113 1695s
 15677 11901 4978.86310   51  238 6285.93000 4755.47511  24.3%   114 1713s
 15786 11988 6071.04375   96   63 6285.93000 4755.97164  24.3%   114 1730s
 15884 12080 6242.57000  103    - 6285.93000 4756.28666  24.3%   114 1749s
 16000 12165     cutoff  103      6285.93000 4756.70047  24.3%   114 1768s
 16103 12239     cutoff  108      6285.93000 4756.99964  24.3%   114 1787s
 16216 12325 6243.59000  105    - 6285.93000 4758.10871  24.3%   114 1806s
 16295 12462 6256.11273  105   14 6285.93000 4758.55981  24.3%   115 1826s
 16487 12517 6227.85000   95    8 6285.93000 4759.11938  24.3%   114 1844s
 16573 12565     cutoff  100      6285.93000 4760.87087  24.3%   115 1862s
 16695 12625     cutoff  103      6285.93000 4761.43690  24.3%   115 1879s
 16754 12718 5397.14834   48  327 6285.93000 4762.17014  24.2%   115 1898s
 16871 12798 6237.26000  112    4 6285.93000 4762.28403  24.2%   115 1918s
 16967 12920 5420.56260   59  113 6285.93000 4763.64784  24.2%   115 1948s
 17127 12969 5093.29777   29  355 6285.93000 4763.64784  24.2%   116 1966s
 17172 13047 5324.57686   36  318 6285.93000 4763.64784  24.2%   116 1986s
 17259 13189 5392.42205   48  240 6285.93000 4763.64784  24.2%   117 2010s
 17432 13369 5566.32143   83    4 6285.93000 4764.19407  24.2%   117 2035s
 17656 13455 6279.92000  128   12 6285.93000 4766.15295  24.2%   116 2060s
 17765 13514 6267.20000  128    6 6285.93000 4766.58747  24.2%   116 2079s
 17828 13605 infeasible  129      6285.93000 4767.56345  24.2%   117 2099s
 17901 13605 5649.18110   88   12 6285.93000 4767.60052  24.2%   117 2100s
 17933 13685 5542.29239   67   99 6285.93000 4767.71501  24.2%   117 2119s
 17975 13687 5861.54297  107    6 6285.93000 4767.71501  24.2%   117 2120s
 18029 13724 infeasible  115      6285.93000 4767.76524  24.2%   117 2139s
 18073 13855 5750.56043   50  206 6285.93000 4767.82905  24.2%   117 2159s
 18224 14005 6036.31967   89   91 6285.93000 4768.13555  24.1%   117 2183s
 18456 14106 5690.53500   88   26 6285.93000 4769.06012  24.1%   117 2205s
 18581 14170 6229.12892  116   22 6285.93000 4769.96609  24.1%   117 2224s
 18664 14199 6268.87000  121    - 6285.93000 4770.75321  24.1%   117 2240s
 18693 14236 5141.45475   48  227 6285.93000 4770.75321  24.1%   118 2257s
 18728 14289 5269.08000   59    8 6285.93000 4770.75321  24.1%   118 2276s
 18789 14390 5325.42905   60   50 6285.93000 4770.75321  24.1%   119 2297s
 18914 14462 5619.33507  100   27 6285.93000 4770.92463  24.1%   119 2316s
 19028 14533     cutoff  115      6285.93000 4770.96589  24.1%   119 2335s
 19125 14585 5004.44839   38  284 6285.93000 4771.01171  24.1%   120 2356s
 19177 14683 5137.80963   44  302 6285.93000 4771.01171  24.1%   120 2383s
 19309 14749 5571.12506   58  156 6285.93000 4771.01171  24.1%   120 2410s
 19377 14864 6037.16183   75   68 6285.93000 4772.81511  24.1%   120 2434s
 19432 14865 5534.58262   71   47 6285.93000 4772.81511  24.1%   120 2435s
 19538 14961 5622.21581   87   25 6285.93000 4773.22952  24.1%   120 2457s
 19660 15043 6122.97968  120    8 6285.93000 4773.55832  24.1%   120 2483s
 19784 15135 5401.30563   63    4 6285.93000 4773.71311  24.1%   120 2508s
 19873 15237 5505.14416   69  104 6285.93000 4773.71311  24.1%   121 2533s
 19972 15399 5824.15888  102   24 6285.93000 4774.25369  24.0%   121 2559s
 20037 15401 6158.39340  126    8 6285.93000 4774.25369  24.0%   121 2560s
 20179 15507 6212.56667  122   10 6285.93000 4774.52921  24.0%   121 2584s
 20229 15509 5742.26655  117   35 6285.93000 4775.62780  24.0%   121 2585s
 20337 15624     cutoff  127      6285.93000 4776.03233  24.0%   120 2609s
 20392 15625 5869.84000   91   29 6285.93000 4776.03233  24.0%   120 2610s
 20461 15718     cutoff  114      6285.93000 4776.95557  24.0%   120 2633s
 20568 15834 5441.26725   73   99 6285.93000 4777.07625  24.0%   120 2658s
 20718 15874 6219.84228  116   19 6285.93000 4778.51576  24.0%   120 2682s
 20772 15921 5265.28373   47  272 6285.93000 4779.12182  24.0%   121 2704s
 20793 15921 5364.09426   41  315 6285.93000 4779.12182  24.0%   121 2705s
 20815 15985 5377.82033   55  249 6285.93000 4779.12182  24.0%   121 2729s
 20870 15985 5456.70362   63  184 6285.93000 4779.12182  24.0%   122 2730s
 20879 16105 5600.87655   69   52 6285.93000 4779.12182  24.0%   122 2759s
 20999 16250 6164.35697  102   10 6285.93000 4780.10878  24.0%   122 2789s
 21105 16264 5742.91669   84   17 6285.93000 4780.14858  24.0%   122 2790s
H21222 15540                    6161.9300000 4780.14858  22.4%   122 2812s
 21299 15602 5649.48345   82   43 6161.93000 4780.82341  22.4%   122 2835s
 21402 15737     cutoff  115      6161.93000 4782.94845  22.4%   122 2862s
 21559 15821 5730.49716  113   48 6161.93000 4783.03614  22.4%   122 2889s
 21692 15949 5303.04368   47  315 6161.93000 4783.38065  22.4%   122 2918s
 21859 15975 5811.67000  116    6 6161.93000 4783.52566  22.4%   122 2920s
 21895 16012 5797.89000   83    - 6161.93000 4783.78795  22.4%   121 2942s
 21935 16056 5853.24955   83   49 6161.93000 4784.88903  22.3%   122 2964s
 21984 16067 6107.94000  104    - 6161.93000 4784.88903  22.3%   122 2965s
 22034 16094     cutoff  109      6161.93000 4785.21461  22.3%   122 2986s
 22064 16103 4907.15839   37  471 6161.93000 4785.41459  22.3%   122 3017s
 22072 16142 4920.18633   37  456 6161.93000 4785.41459  22.3%   123 3039s
 22111 16182 5327.89578   42  406 6161.93000 4785.41459  22.3%   123 3061s
 22173 16235 5071.31606   44  340 6161.93000 4785.41459  22.3%   123 3088s
 22219 16288 5512.97074   57  192 6161.93000 4785.41459  22.3%   124 3130s
 22272 16374 5933.60377   72  172 6161.93000 4785.72968  22.3%   124 3159s
 22324 16376 6140.00769   90   55 6161.93000 4785.72968  22.3%   124 3160s
 22408 16473     cutoff   80      6161.93000 4785.99310  22.3%   124 3193s
 22516 16590 5449.37571   49  159 6161.93000 4786.04784  22.3%   124 3222s
 22684 16668 5076.64648   36  279 6161.93000 4786.15424  22.3%   125 3249s
 22720 16668 5485.00149   72   86 6161.93000 4786.15424  22.3%   125 3250s
 22759 16823 5534.02753   82   51 6161.93000 4787.55786  22.3%   125 3278s
 22865 16826 5905.94535  110    8 6161.93000 4787.55786  22.3%   124 3280s
 22939 16929 6110.59107  129   27 6161.93000 4788.31176  22.3%   124 3308s
 23088 17084 5485.39587   59   52 6161.93000 4788.99779  22.3%   124 3337s
 23288 17141 5959.14000   98    - 6161.93000 4790.12285  22.3%   124 3362s
 23363 17199     cutoff  106      6161.93000 4790.18793  22.3%   124 3388s
 23426 17305 5681.60020   83    8 6161.93000 4790.73165  22.3%   125 3417s
 23579 17382     cutoff  118      6161.93000 4790.87334  22.3%   124 3448s
 23652 17499 5196.29841   66   12 6161.93000 4790.94903  22.2%   125 3477s
 23802 17613     cutoff  121      6161.93000 4790.95433  22.2%   125 3509s
 23896 17630 6037.86479  105   37 6161.93000 4790.95433  22.2%   125 3510s
 23961 17721 6091.27000  127    - 6161.93000 4791.01160  22.2%   125 3542s
 24099 17869     cutoff  127      6161.93000 4791.33249  22.2%   125 3569s
 24275 17905 4922.68326   40  303 6161.93000 4791.50269  22.2%   125 3591s
 24307 17927 4993.60427   45  100 6161.93000 4791.50269  22.2%   125 3600s

Cutting planes:
  User: 2462
  Gomory: 30
  Cover: 236
  Implied bound: 31
  Clique: 29
  MIR: 62
  StrongCG: 4
  Flow cover: 350
  Zero half: 47
  RLT: 161
  Relax-and-lift: 1
  Lazy constraints: 12084

Explored 24329 nodes (3050936 simplex iterations) in 3600.36 seconds
Thread count was 2 (of 32 available processors)

Solution count 5: 6161.93 6285.93 6289.93 ... 6379.66

Time limit reached
Best objective 6.161930000000e+03, best bound 4.791502693292e+03, gap 22.2402%

User-callback calls 345634, time in user-callback 162.06 sec
================================================================================
executing instance: ./input/Instances/Original/5/absH3low_4n25.dat
--------------------------------------------------------------------------------
Instance details
n	26
H	3
C	2029
Li:
[0, 0, 0, 0, 0, 0, 0, 0, 0, 0, 0, 0, 0, 0, 0, 0, 0, 0, 0, 0, 0, 0, 0, 0, 0, 0, ]
Ui:
[0, 34, 165, 76, 88, 188, 58, 279, 52, 132, 198, 142, 135, 165, 186, 58, 201, 196, 40, 183, 32, 90, 168, 126, 93, 146, ]
Distance matrix:
|0	299	188	235	91	202	152	147	162	277	268	132	71	162	220	69	220	289	241	124	265	80	162	132	66	302	|
|299	0	468	431	282	142	317	425	443	569	193	178	359	302	422	231	93	28	511	325	457	242	434	215	240	601	|
|188	468	0	153	265	342	308	43	192	106	455	290	117	206	142	246	379	464	252	274	360	267	211	319	231	184	|
|235	431	153	0	326	289	386	145	321	240	482	269	184	129	15	258	339	436	393	355	477	305	336	354	237	334	|
|91	282	265	326	0	228	66	228	166	339	196	157	154	242	311	99	225	264	229	50	201	47	153	71	115	340	|
|202	142	342	289	228	0	285	301	363	447	255	73	245	161	281	139	53	151	440	278	428	181	360	187	136	495	|
|152	317	308	386	66	285	0	275	167	368	188	217	207	308	371	163	274	295	210	34	145	108	148	104	181	350	|
|147	425	43	145	228	301	275	0	179	146	415	248	76	172	131	203	337	421	248	242	341	227	195	279	188	211	|
|162	443	192	321	166	363	167	179	0	216	352	291	152	302	307	225	375	428	81	138	170	201	22	237	227	183	|
|277	569	106	240	339	447	368	146	216	0	535	391	210	312	232	341	481	562	245	335	381	352	238	402	329	106	|
|268	193	455	482	196	255	188	415	352	535	0	225	339	367	469	224	212	165	398	214	302	188	335	136	245	533	|
|132	178	290	269	157	73	217	248	291	391	225	0	183	145	258	66	91	175	367	207	358	110	287	127	67	431	|
|71	359	117	184	154	245	207	76	152	210	339	183	0	152	169	131	274	352	232	174	294	151	161	203	119	251	|
|162	302	206	129	242	161	308	172	302	312	367	145	152	0	120	153	210	308	383	284	426	208	309	249	132	383	|
|220	422	142	15	311	281	371	131	307	232	469	258	169	120	0	245	330	427	379	340	461	291	321	340	224	324	|
|69	231	246	258	99	139	163	203	225	341	224	66	131	153	245	0	152	222	301	147	299	57	221	97	22	371	|
|220	93	379	339	225	53	274	337	375	481	212	91	274	210	330	152	0	99	448	273	419	180	369	171	157	521	|
|289	28	464	436	264	151	295	421	428	562	165	175	352	308	427	222	99	0	493	305	434	227	418	196	234	590	|
|241	511	252	393	229	440	210	248	81	245	398	367	232	383	379	301	448	493	0	190	147	270	80	298	305	175	|
|124	325	274	355	50	278	34	242	138	335	214	207	174	284	340	147	273	305	190	0	152	97	122	110	162	320	|
|265	457	360	477	201	428	145	341	170	381	302	358	294	426	461	299	419	434	147	152	0	248	150	249	312	322	|
|80	242	267	305	47	181	108	227	201	352	188	110	151	208	291	57	180	227	270	97	248	0	192	52	76	366	|
|162	434	211	336	153	360	148	195	22	238	335	287	161	309	321	221	369	418	80	122	150	192	0	224	225	203	|
|132	215	319	354	71	187	104	279	237	402	136	127	203	249	340	97	171	196	298	110	249	52	224	0	118	409	|
|66	240	231	237	115	136	181	188	227	329	245	67	119	132	224	22	157	234	305	162	312	76	225	118	0	364	|
|302	601	184	334	340	495	350	211	183	106	533	431	251	383	324	371	521	590	175	320	322	366	203	409	364	0	|

--------------------------------------------------------------------------------
Building model...
	using lazy and cut (CVRPSEP package)
Solving IRP LP...
--------------------------------------------------------------------------------

Gurobi 9.1.0 (linux64) logging started Sun Jan 10 03:18:38 2021

Gurobi Optimizer version 9.1.0 build v9.1.0rc0 (linux64)
Thread count: 32 physical cores, 32 logical processors, using up to 2 threads
Optimize a model with 572 rows, 2360 columns and 5753 nonzeros
Model fingerprint: 0x7fb53be4
Variable types: 254 continuous, 2106 integer (156 binary)
Coefficient statistics:
  Matrix range     [1e+00, 1e+03]
  Objective range  [1e-02, 6e+02]
  Bounds range     [1e+00, 3e+02]
  RHS range        [2e+01, 3e+03]
Presolve removed 180 rows and 102 columns
Presolve time: 0.04s
Presolved: 392 rows, 2258 columns, 5171 nonzeros
Variable types: 152 continuous, 2106 integer (1956 binary)

Root relaxation: objective 2.222534e+03, 486 iterations, 0.01 seconds

    Nodes    |    Current Node    |     Objective Bounds      |     Work
 Expl Unexpl |  Obj  Depth IntInf | Incumbent    BestBd   Gap | It/Node Time

