




arguments: ./build/mirp_solver -f ./input/orig_exec_40.cfg
Current dir: /scratch/gui/bnc_mirp
File verbosity level: 9
date       time         ( uptime  ) [ thread name/id ]                   file:line     v| 
2021-01-09 03:28:35.006 (   5.072s) [main thread     ]             loguru.cpp:789   INFO| Logging to './output/vi_vc/OU/V2/Original/execution_09_01_2021_03_28_33.log', mode: 'a', verbosity: 9
--------------------------------------------------------------------------------
Parameters
                           instance_path           ./input/Instances/Original/2/
                            model_policy                                       1
                             nb_vehicles                                       2
                              output_dir          ./output/vi_vc/OU/V2/Original/
                            sec_strategy                                       1
                       solver_nb_threads                                       2
                         solver_show_log                                    true
                       solver_time_limit                                    3600
                              use_vi_cos                                   false
                              use_vi_cus                                   false
                         use_vi_hc1_full                                   false
                         use_vi_hc1_half                                   false
                      use_vi_hc1_quarter                                   false
                              use_vi_hc2                                   false
                              use_vi_hc3                                   false
                         use_vi_lex_full                                   false
                         use_vi_lex_half                                   false
                      use_vi_lex_quarter                                   false
                              use_vi_qua                                   false
                               use_vi_vc                                    true
                               use_vi_vr                                   false
--------------------------------------------------------------------------------
executing instance: ./input/Instances/Original/2/absH3high_3n40.dat
--------------------------------------------------------------------------------
Instance details
n	41
H	3
C	3283
Li:
[0, 0, 0, 0, 0, 0, 0, 0, 0, 0, 0, 0, 0, 0, 0, 0, 0, 0, 0, 0, 0, 0, 0, 0, 0, 0, 0, 0, 0, 0, 0, 0, 0, 0, 0, 0, 0, 0, 0, 0, 0, ]
Ui:
[0, 63, 111, 99, 96, 111, 282, 122, 156, 261, 42, 192, 126, 42, 162, 207, 159, 122, 102, 190, 118, 102, 132, 102, 165, 252, 66, 52, 22, 114, 210, 176, 116, 294, 78, 152, 210, 45, 130, 198, 174, ]
Distance matrix:
|0	208	225	252	227	143	258	127	267	150	28	83	163	286	57	149	201	137	214	255	70	73	107	186	328	266	249	343	222	177	293	144	262	215	167	120	169	218	143	173	255	|
|208	0	397	355	416	198	216	99	211	275	193	172	97	166	240	225	362	109	277	314	182	216	273	374	298	208	319	161	14	103	93	120	58	196	152	156	372	227	260	218	453	|
|225	397	0	427	53	364	482	343	492	129	253	225	382	386	171	188	39	291	187	195	295	182	282	55	326	491	180	551	408	315	457	366	455	275	392	244	221	439	341	214	101	|
|252	355	427	0	401	158	201	263	219	396	234	328	259	498	299	400	420	354	465	506	205	324	152	374	574	219	499	393	366	389	446	235	378	456	205	359	224	150	111	423	400	|
|227	416	53	401	0	357	477	352	489	165	253	245	389	424	179	223	85	315	234	245	293	200	264	42	375	488	231	565	428	344	484	370	474	314	392	270	184	430	325	252	50	|
|143	198	364	158	357	0	121	105	134	290	116	196	103	342	200	276	343	205	343	385	74	210	112	319	432	133	382	265	209	237	290	78	226	313	57	220	232	75	69	292	375	|
|258	216	482	201	477	121	0	168	18	397	230	293	135	381	314	372	459	275	437	480	188	317	228	439	501	18	479	197	222	296	290	132	212	386	95	306	347	58	173	381	496	|
|127	99	343	263	352	105	168	0	171	239	105	130	40	237	173	206	313	109	270	312	84	164	175	310	337	169	313	216	112	135	192	37	142	220	77	138	280	155	162	213	382	|
|267	211	492	219	489	134	18	171	0	404	240	298	136	376	323	376	468	276	441	483	198	324	243	450	500	2	483	181	215	294	281	136	202	386	102	309	363	75	189	384	509	|
|150	275	129	396	165	290	397	239	404	0	175	110	279	259	97	59	91	166	84	116	217	80	245	130	226	402	106	434	286	187	329	269	333	149	302	119	244	364	291	87	213	|
|28	193	253	234	253	116	230	105	240	175	0	94	139	286	84	167	229	136	234	275	43	96	98	212	341	238	271	320	206	175	281	118	244	225	140	128	180	191	124	189	280	|
|83	172	225	328	245	196	293	130	298	110	94	0	169	209	77	80	191	71	147	189	127	45	189	203	247	296	187	327	184	106	241	162	230	132	198	38	242	266	217	96	285	|
|163	97	382	259	389	103	135	40	136	279	139	169	0	253	212	244	353	141	307	349	110	203	194	347	366	133	350	183	107	161	187	27	124	251	56	175	306	133	169	249	418	|
|286	166	386	498	424	342	381	237	376	259	286	209	253	0	284	201	347	151	210	230	299	247	383	387	155	374	242	290	162	112	129	270	192	113	308	172	451	386	391	172	471	|
|57	240	171	299	179	200	314	173	323	97	84	77	212	284	0	112	145	147	170	208	127	38	148	137	299	321	201	386	253	183	315	195	297	195	222	112	171	275	195	142	214	|
|149	225	188	400	223	276	372	206	376	59	167	80	244	201	112	0	149	117	67	110	205	78	254	186	187	374	108	387	235	132	272	240	283	93	277	71	279	346	291	32	270	|
|201	362	39	420	85	343	459	313	468	91	229	191	353	347	145	149	0	254	149	160	272	150	271	66	290	466	146	518	373	278	419	339	420	235	367	207	227	418	327	175	135	|
|137	109	291	354	315	205	275	109	276	166	136	71	141	151	147	117	254	0	172	212	151	116	232	273	229	274	215	270	119	39	170	145	167	111	186	47	305	263	245	113	356	|
|214	277	187	465	234	343	437	270	441	84	234	147	307	210	170	67	149	172	0	42	272	141	317	205	144	439	43	437	284	175	307	305	331	99	343	132	327	413	357	60	283	|
|255	314	195	506	245	385	480	312	483	116	275	189	349	230	208	110	160	212	42	0	314	182	356	222	132	481	15	474	321	212	337	347	367	126	385	174	358	455	398	100	295	|
|70	182	295	205	293	74	188	84	198	217	43	127	110	299	127	205	272	151	272	314	0	137	91	253	370	196	310	292	195	188	274	85	226	252	99	155	197	148	94	223	316	|
|73	216	182	324	200	210	317	164	324	80	96	45	203	247	38	78	150	116	141	182	137	0	176	158	263	323	176	369	229	150	286	191	274	157	223	77	208	284	216	106	239	|
|107	273	282	152	264	112	228	175	243	245	98	189	194	383	148	254	271	232	317	356	91	176	0	231	435	242	349	371	286	271	365	167	315	321	164	224	120	174	61	280	274	|
|186	374	55	374	42	319	439	310	450	130	212	203	347	387	137	186	66	273	205	222	253	158	231	0	348	448	208	523	386	303	442	329	431	279	352	229	167	392	291	217	85	|
|328	298	326	574	375	432	501	337	500	226	341	247	366	155	299	187	290	229	144	132	370	263	435	348	0	498	147	441	299	206	283	374	338	119	414	215	465	492	463	157	425	|
|266	208	491	219	488	133	18	169	2	402	238	296	133	374	321	374	466	274	439	481	196	323	242	448	498	0	481	180	213	292	278	134	200	384	100	307	362	75	188	381	508	|
|249	319	180	499	231	382	479	313	483	106	271	187	350	242	201	108	146	215	43	15	310	176	349	208	147	481	0	480	326	217	346	347	373	135	385	175	347	454	392	103	280	|
|343	161	551	393	565	265	197	216	181	434	320	327	183	290	386	387	518	270	437	474	292	369	371	523	441	180	480	0	153	263	163	207	107	352	208	317	487	244	334	379	598	|
|222	14	408	366	428	209	222	112	215	286	206	184	107	162	253	235	373	119	284	321	195	229	286	386	299	213	326	153	0	109	81	132	48	201	162	167	386	236	272	226	466	|
|177	103	315	389	344	237	296	135	294	187	175	106	161	112	183	132	278	39	175	212	188	150	271	303	206	292	217	263	109	0	142	171	156	95	211	74	344	289	281	118	386	|
|293	93	457	446	484	290	290	192	281	329	281	241	187	129	315	272	419	170	307	337	274	286	365	442	283	278	346	163	81	142	0	212	79	211	241	214	461	311	353	254	525	|
|144	120	366	235	370	78	132	37	136	269	118	162	27	270	195	240	339	145	305	347	85	191	167	329	374	134	347	207	132	171	212	0	151	257	40	174	280	119	142	248	398	|
|262	58	455	378	474	226	212	142	202	333	244	230	124	192	297	283	420	167	331	367	226	274	315	431	338	200	373	107	48	156	79	151	0	245	173	214	421	237	293	273	510	|
|215	196	275	456	314	313	386	220	386	149	225	132	251	113	195	93	235	111	99	126	252	157	321	279	119	384	135	352	201	95	211	257	245	0	297	97	365	374	345	62	362	|
|167	152	392	205	392	57	95	77	102	302	140	198	56	308	222	277	367	186	343	385	99	223	164	352	414	100	385	208	162	211	241	40	173	297	0	213	283	79	126	287	415	|
|120	156	244	359	270	220	306	138	309	119	128	38	175	172	112	71	207	47	132	174	155	77	224	229	215	307	175	317	167	74	214	174	214	97	213	0	280	286	248	75	313	|
|169	372	221	224	184	232	347	280	363	244	180	242	306	451	171	279	227	305	327	358	197	208	120	167	465	362	347	487	386	344	461	280	421	365	283	280	0	291	175	310	176	|
|218	227	439	150	430	75	58	155	75	364	191	266	133	386	275	346	418	263	413	455	148	284	174	392	492	75	454	244	236	289	311	119	237	374	79	286	291	0	116	359	445	|
|143	260	341	111	325	69	173	162	189	291	124	217	169	391	195	291	327	245	357	398	94	216	61	291	463	188	392	334	272	281	353	142	293	345	126	248	175	116	0	313	335	|
|173	218	214	423	252	292	381	213	384	87	189	96	249	172	142	32	175	113	60	100	223	106	280	217	157	381	103	379	226	118	254	248	273	62	287	75	310	359	313	0	300	|
|255	453	101	400	50	375	496	382	509	213	280	285	418	471	214	270	135	356	283	295	316	239	274	85	425	508	280	598	466	386	525	398	510	362	415	313	176	445	335	300	0	|

--------------------------------------------------------------------------------
Building model...
	using lazy and cut (CVRPSEP package)
Solving IRP LP...
--------------------------------------------------------------------------------

Gurobi 9.1.0 (linux64) logging started Sat Jan  9 03:28:42 2021

Gurobi Optimizer version 9.1.0 build v9.1.0rc0 (linux64)
Thread count: 32 physical cores, 32 logical processors, using up to 2 threads
Optimize a model with 902 rows, 5570 columns and 12788 nonzeros
Model fingerprint: 0x0a4eb6b9
Variable types: 404 continuous, 5166 integer (246 binary)
Coefficient statistics:
  Matrix range     [1e+00, 2e+03]
  Objective range  [1e-01, 6e+02]
  Bounds range     [1e+00, 3e+02]
  RHS range        [1e+01, 6e+03]
Presolve removed 285 rows and 162 columns
Presolve time: 0.10s
Presolved: 617 rows, 5408 columns, 11861 nonzeros
Variable types: 242 continuous, 5166 integer (4926 binary)

Root relaxation: objective 1.221287e+04, 557 iterations, 0.01 seconds

    Nodes    |    Current Node    |     Objective Bounds      |     Work
 Expl Unexpl |  Obj  Depth IntInf | Incumbent    BestBd   Gap | It/Node Time

     0     0 12212.8670    0  107          - 12212.8670      -     -    0s
     0     0 12680.1320    0  154          - 12680.1320      -     -    0s
     0     0 12682.9376    0  153          - 12682.9376      -     -    0s
     0     0 13263.0868    0  193          - 13263.0868      -     -    0s
     0     0 13443.4823    0  192          - 13443.4823      -     -    0s
     0     0 13445.5633    0  203          - 13445.5633      -     -    0s
     0     0 13496.6630    0  231          - 13496.6630      -     -    0s
     0     0 13507.0512    0  224          - 13507.0512      -     -    0s
     0     0 13517.1215    0  239          - 13517.1215      -     -    0s
     0     0 13519.4162    0  213          - 13519.4162      -     -    0s
     0     0 13519.8648    0  231          - 13519.8648      -     -    0s
     0     0 13622.2644    0  272          - 13622.2644      -     -    0s
     0     0 13634.0556    0  265          - 13634.0556      -     -    0s
     0     0 13642.4538    0  247          - 13642.4538      -     -    0s
     0     0 13644.3144    0  265          - 13644.3144      -     -    0s
     0     0 13680.8203    0  259          - 13680.8203      -     -    0s
     0     0 13688.9752    0  258          - 13688.9752      -     -    1s
     0     0 13693.2660    0  260          - 13693.2660      -     -    1s
     0     0 13693.8697    0  270          - 13693.8697      -     -    1s
     0     0 13701.9480    0  306          - 13701.9480      -     -    1s
     0     0 13701.9480    0  306          - 13701.9480      -     -    1s
     0     2 13721.7970    0  288          - 13721.7970      -     -    1s
   229   232 14129.7456   35  173          - 13733.4686      -  85.3    5s
*  250   239             116    15136.110000 13733.4686  9.27%  80.1    5s
   412   425 14941.8550  121    4 15136.1100 13777.1264  8.98%  88.0   10s
   727   701 14478.8382   75  306 15136.1100 13777.1264  8.98%  80.9   15s
H  745   677                    15085.190000 13847.6155  8.20%  78.9   19s
   750   680 14613.1542   70  399 15085.1900 13849.3921  8.19%  78.4   20s
   751   681 13850.2646    4  392 15085.1900 13850.2646  8.19%  78.3   27s
   758   686 14880.0900   93  401 15085.1900 13853.3101  8.17%  77.6   30s
   785   707 13900.4137   21  249 15085.1900 13869.9050  8.06%  93.6   35s
   815   727 13999.3632   29  305 15085.1900 13869.9050  8.06%   104   56s
   898   800 14239.1872   51  151 15085.1900 13869.9050  8.06%   114   60s
  1125   933 14868.7101  114   78 15085.1900 13869.9050  8.06%   107   66s
H 1267   968                    15075.690000 13869.9050  8.00%   102   69s
  1268   977 13956.0607   20  333 15075.6900 13869.9050  8.00%   103   70s
  1487   985 14345.3191   31  167 15075.6900 13869.9050  8.00%  97.8   75s
  1583  1057 15014.0221   64  112 15075.6900 13869.9050  8.00%   101   80s
  1745  1134 14084.6771   27  297 15075.6900 13872.3488  7.98%   101   86s
  1841  1190 14455.9386   48   76 15075.6900 13872.3488  7.98%   104   90s
  1965  1262 14668.0461   91   79 15075.6900 13872.3488  7.98%   104   99s
  1987  1310 14734.5100   94   18 15075.6900 13872.3488  7.98%   104  100s
  2211  1404 14918.4335  128   45 15075.6900 13894.8457  7.83%  96.6  105s
  2272  1417 14191.9978   31  179 15075.6900 13894.8457  7.83%  97.6  110s
  2428  1529 14778.8803  120   95 15075.6900 13909.4601  7.74%  95.6  115s
  2578  1711 14535.9087   79  113 15075.6900 13910.2228  7.73%  95.7  120s
  2784  1739 14156.1279   32  300 15075.6900 13910.6465  7.73%  93.1  126s
  2998  1907 13994.3960   21  307 15075.6900 13912.7954  7.71%  90.2  131s
  3084  2088 14814.3400   82    4 15075.6900 13916.9223  7.69%  91.1  135s
  3301  2211     cutoff  115      15075.6900 13917.5777  7.68%  90.2  142s
  3397  2270 14383.6518   30  250 15075.6900 13919.3518  7.67%  89.9  145s
  3548  2407 14120.4154   35  238 15075.6900 13920.1640  7.66%  90.4  150s
  3707  2486 15065.4100  101    - 15075.6900 13931.6595  7.59%  90.8  155s
  3778  2607 14292.5298   26  263 15075.6900 13933.6659  7.58%  93.4  161s
  3869  2731 14805.8001   60  132 15075.6900 13938.6585  7.54%  93.7  165s
  4084  2914 14326.9916   41  156 15075.6900 13942.7376  7.52%  93.4  171s
  4265  2957     cutoff  120      15075.6900 13943.2726  7.51%  92.9  175s
  4470  3192 14310.2049   35  106 15075.6900 13951.0781  7.46%  92.2  182s
  4574  3256 14931.5450   68   23 15075.6900 13953.4683  7.44%  92.6  185s
  4725  3343     cutoff   90      15075.6900 13956.1960  7.43%  94.7  192s
  4743  3411 14160.8470   26  162 15075.6900 13956.2101  7.43%  95.6  196s
  4811  3612 14438.9509   57   16 15075.6900 13956.4963  7.42%  96.9  202s
  5090  3764 infeasible  165      15075.6900 13956.6476  7.42%  93.9  208s
  5139  3765 14600.8000   70    - 15075.6900 13956.6476  7.42%  94.4  212s
  5243  3862 14627.3073   56   37 15075.6900 13956.6632  7.42%  93.7  216s
  5377  3930     cutoff  119      15075.6900 13958.9963  7.41%  93.4  221s
  5451  3997 14550.4334   48  222 15075.6900 13965.0770  7.37%  94.4  225s
  5542  4107 14392.9159   26  141 15075.6900 13972.3215  7.32%  95.2  231s
  5650  4225 14943.6246   54   96 15075.6900 13973.7614  7.31%  96.0  238s
  5806  4300 14743.1600   70    - 15075.6900 13974.3039  7.31%  96.1  243s
  5900  4369 14865.3800   71   22 15075.6900 13974.5663  7.30%  97.1  257s
  5972  4463     cutoff   89      15075.6900 13975.9136  7.30%  97.2  262s
  6102  4649 14821.3905   53  106 15075.6900 13981.1967  7.26%  97.7  268s
  6315  4785 14463.3527   50  238 15075.6900 13981.6347  7.26%  96.5  274s
  6361  4785 14774.3706   96  106 15075.6900 13981.6347  7.26%  96.4  275s
  6470  4864 14284.2471   28  203 15075.6900 13982.4635  7.25%  96.6  280s
  6584  4977 14605.1855   38   60 15075.6900 13983.5801  7.24%  96.9  286s
  6759  5135 15049.0300   79    - 15075.6900 13983.6140  7.24%  96.6  293s
  6925  5181 15064.4300   79    - 15075.6900 13983.9305  7.24%  96.6  299s
H 6928  5106                    15038.690000 13983.9305  7.01%  96.5  299s
  6973  5255     cutoff   79      15038.6900 13984.5070  7.01%  97.3  304s
  7101  5256 14744.7726   60   49 15038.6900 13984.7855  7.01%  97.4  305s
  7156  5325 14684.8839   76  123 15038.6900 13986.3986  7.00%  97.1  310s
  7237  5557 14637.2328   37   84 15038.6900 13987.6668  6.99%  97.8  319s
  7524  5709 14712.2400   47    - 15038.6900 13990.2626  6.97%  96.6  326s
  7708  5801 14752.1867   47   13 15038.6900 13993.2883  6.95%  96.6  333s
  7840  5884 14823.9900   58    - 15038.6900 13995.2324  6.94%  97.0  340s
  7935  5959     cutoff   75      15038.6900 13997.1304  6.93%  97.5  347s
  8026  6242 14540.9028   47   27 15038.6900 13997.1966  6.93%  98.6  355s
  8360  6408 14929.1200  140   10 15038.6900 13998.1301  6.92%  97.0  364s
  8492  6410 14768.7086  149    6 15038.6900 13998.1301  6.92%  96.2  365s
  8530  6503     cutoff  142      15038.6900 13998.1327  6.92%  96.5  371s
  8653  6588 14133.7206   33  268 15038.6900 14000.5330  6.90%  97.0  378s
  8771  6710 14104.4395   29  326 15038.6900 14000.8030  6.90%  97.6  385s
  8911  6800 14341.1207   30  238 15038.6900 14001.6987  6.90%  98.1  392s
  9008  6931 14429.7371   39  172 15038.6900 14001.7394  6.90%  99.1  400s
  9150  7077 14539.0356   49  187 15038.6900 14003.4092  6.88%   100  408s
  9332  7233 14424.3765   37  204 15038.6900 14006.1193  6.87%  99.2  415s
  9527  7300 infeasible   80      15038.6900 14007.1900  6.86%  99.2  423s
  9609  7395 14820.9527   55   35 15038.6900 14008.0564  6.85%   100  430s
  9720  7580 14465.0506   45   63 15038.6900 14008.5713  6.85%   101  438s
  9931  7700 14690.6986   62   36 15038.6900 14009.4778  6.84%   100  446s
 10086  7771 14138.2493   28  276 15038.6900 14010.9016  6.83%   100  454s
 10161  7922 14558.7100   44    4 15038.6900 14010.9016  6.83%   101  463s
 10364  8045 14667.2014  101   24 15038.6900 14012.1260  6.83%   101  471s
 10544  8183 15020.3300  159    - 15038.6900 14012.6678  6.82%   101  479s
 10580  8185 14763.4800   58    6 15038.6900 14012.6678  6.82%   101  480s
 10707  8351     cutoff  159      15038.6900 14013.4644  6.82%   101  488s
 10891  8435 14243.9769   29  359 15038.6900 14013.6758  6.82%   101  495s
 11002  8553 14198.1113   25  331 15038.6900 14014.0600  6.81%   102  502s
 11138  8651     cutoff   79      15038.6900 14015.2601  6.81%   102  510s
 11256  8750 14330.7376   42  255 15038.6900 14015.6929  6.80%   103  518s
 11352  8831 14871.7281   58  170 15038.6900 14017.1732  6.79%   103  527s
 11479  8923     cutoff   65      15038.6900 14018.1166  6.79%   104  535s
 11589  9004     cutoff   72      15038.6900 14018.5303  6.78%   104  543s
 11699  9161     cutoff   53      15038.6900 14020.1423  6.77%   105  551s
 11881  9260 14166.9034   28  241 15038.6900 14021.1293  6.77%   105  560s
 11986  9444 14462.6788   46  140 15038.6900 14021.2461  6.77%   105  568s
 12212  9520     cutoff  107      15038.6900 14021.5100  6.76%   105  576s
*12239  6077              83    14682.500000 14023.3375  4.49%   105  576s
 12304  6119     cutoff   48      14682.5000 14023.3635  4.49%   105  584s
 12387  6175     cutoff   60      14682.5000 14023.7560  4.49%   106  591s
 12463  6295 14380.2609   38   79 14682.5000 14024.8916  4.48%   107  600s
 12639  6336     cutoff   80      14682.5000 14025.1915  4.48%   107  609s
 12705  6458 14198.3771   30  293 14682.5000 14026.3108  4.47%   107  617s
*12791  5713              60    14622.080000 14026.5675  4.07%   108  618s
*12797  5357              64    14599.130000 14026.5675  3.92%   108  618s
 12859  5401     cutoff   49      14599.1300 14027.7254  3.91%   108  625s
 12953  5460 14389.2953   51   98 14599.1300 14028.7345  3.91%   108  633s
 13050  5526 infeasible   66      14599.1300 14030.0891  3.90%   109  641s
 13137  5592 14246.3334   29  214 14599.1300 14032.3705  3.88%   110  649s
 13235  5623 14432.3458   31  190 14599.1300 14033.2930  3.88%   110  657s
 13283  5712 14394.4428   43  175 14599.1300 14033.5200  3.87%   110  665s
 13412  5792 14450.7567   34   96 14599.1300 14035.0989  3.86%   111  673s
 13520  5826 14542.4387   48   73 14599.1300 14037.3936  3.85%   111  682s
 13598  5894     cutoff   57      14599.1300 14037.8245  3.84%   112  691s
 13705  5941 14347.3373   32  286 14599.1300 14038.9302  3.84%   113  700s
 13767  6010 14228.7490   37  181 14599.1300 14039.0668  3.84%   113  713s
 13857  6092 14286.0074   36  316 14599.1300 14040.2341  3.83%   113  722s
 14025  6176 14195.4078   26  346 14599.1300 14044.5589  3.80%   114  733s
H14141  6239                    14598.130000 14044.6622  3.79%   114  742s
 14245  6328 14408.7735   50   16 14598.1300 14046.5208  3.78%   115  755s
 14374  6391 14568.2300   57    - 14598.1300 14046.7079  3.78%   115  763s
 14474  6471     cutoff   57      14598.1300 14048.5460  3.76%   115  773s
 14599  6547     cutoff   37      14598.1300 14049.2426  3.76%   116  783s
 14713  6612 14375.0520   39  221 14598.1300 14051.3408  3.75%   116  798s
 14769  6612     cutoff   57      14598.1300 14051.7588  3.74%   116  805s
 14811  6674 14491.9296   44  219 14598.1300 14053.3299  3.73%   117  814s
 14901  6737 14277.3571   25  285 14598.1300 14054.2203  3.73%   117  823s
 15004  6810 14550.1356   34  248 14598.1300 14055.9241  3.71%   118  832s
 15126  6858     cutoff   32      14598.1300 14057.4665  3.70%   118  843s
 15225  6973 14333.9290   40  146 14598.1300 14059.2476  3.69%   119  854s
 15369  7022 14573.9002   69    4 14598.1300 14059.6652  3.69%   119  863s
 15470  7091     cutoff   70      14598.1300 14060.5495  3.68%   120  873s
 15554  7170 14336.2057   32   80 14598.1300 14060.9854  3.68%   120  882s
 15655  7269 14277.9492   44  167 14598.1300 14061.7321  3.67%   121  892s
 15774  7380 14403.7322   37  124 14598.1300 14063.6390  3.66%   121  902s
 15916  7440 14307.5906   33  156 14598.1300 14064.1234  3.66%   122  912s
 16014  7518 14529.4438   46  220 14598.1300 14064.3555  3.66%   122  922s
 16126  7607 14521.1795   82   17 14598.1300 14064.6252  3.65%   123  932s
 16264  7676     cutoff   82      14598.1300 14066.3411  3.64%   123  943s
 16374  7781     cutoff   85      14598.1300 14067.0130  3.64%   123  954s
H16550  6169                    14515.830000 14067.4046  3.09%   124  965s
 16682  6250 14194.4263   33  265 14515.8300 14068.1909  3.08%   124  978s
 16815  6351 14515.4700   83    - 14515.8300 14069.8128  3.07%   124  990s
 16935  6454 14411.0775   67  105 14515.8300 14070.2052  3.07%   124 1001s
 17088  6522 14301.2044   40  117 14515.8300 14071.2991  3.06%   124 1012s
*17148  6071              65    14494.640000 14071.9368  2.92%   125 1012s
 17203  6169 14383.4206   37  238 14494.6400 14071.9789  2.92%   125 1023s
 17338  6213 14365.1336   53  186 14494.6400 14074.4024  2.90%   125 1034s
 17434  6267 14277.3177   38  154 14494.6400 14075.0192  2.90%   126 1044s
 17547  6322 14315.6361   36  264 14494.6400 14075.9803  2.89%   126 1054s
 17656  6362 14441.2528   45  126 14494.6400 14076.8462  2.88%   127 1065s
 17755  6429 14214.2366   26  371 14494.6400 14077.6278  2.88%   127 1076s
 17889  6478 14443.3160   39  130 14494.6400 14077.9208  2.87%   127 1086s
 18002  6524 14276.2384   22  283 14494.6400 14078.9224  2.87%   128 1097s
H18105  6003                    14464.110000 14079.1003  2.66%   128 1108s
 18228  6045 14309.0977   38  179 14464.1100 14080.4075  2.65%   129 1119s
 18331  6117 14429.9373   40   23 14464.1100 14082.6697  2.64%   129 1131s
H18406  5988                    14459.110000 14084.1949  2.59%   130 1132s
 18455  6012 14243.0409   27  354 14459.1100 14084.2546  2.59%   130 1142s
 18543  6049 14276.9294   26  289 14459.1100 14084.5926  2.59%   130 1151s
 18649  6097 14269.7632   27  293 14459.1100 14086.7794  2.58%   131 1164s
 18717  6141 14286.4607   37  311 14459.1100 14087.0812  2.57%   131 1177s
 18831  6194 14235.2125   30  300 14459.1100 14087.7857  2.57%   132 1188s
 18920  6239 14329.6982   34  254 14459.1100 14088.9367  2.56%   133 1197s
 19016  6273 14416.5394   41  137 14459.1100 14090.3820  2.55%   133 1208s
 19119  6348 14301.5360   35  148 14459.1100 14091.3030  2.54%   133 1220s
 19255  6373 14386.2316   46  181 14459.1100 14092.9420  2.53%   134 1236s
 19324  6441 14402.6474   31   92 14459.1100 14093.5388  2.53%   134 1249s
 19425  6442 14406.2100   59    6 14459.1100 14093.7313  2.53%   135 1250s
 19454  6498 14292.3807   37  240 14459.1100 14094.0392  2.52%   135 1261s
 19575  6557 14308.4066   41  110 14459.1100 14095.4403  2.52%   135 1273s
 19692  6602 14179.0812   33  345 14459.1100 14096.9312  2.50%   135 1283s
 19789  6662     cutoff   26      14459.1100 14097.6450  2.50%   136 1294s
 19859  6662 14418.0272   61   10 14459.1100 14097.6450  2.50%   136 1295s
H19901  6403                    14447.490000 14098.3228  2.42%   136 1305s
 20026  6456     cutoff   37      14447.4900 14100.2254  2.40%   137 1318s
 20145  6505 14401.7404   35  296 14447.4900 14100.7466  2.40%   137 1330s
 20246  6567 14369.2735   38  242 14447.4900 14101.3128  2.40%   138 1341s
 20363  6608 14424.9524   45  183 14447.4900 14102.4728  2.39%   138 1352s
 20481  6660 14301.2396   34  250 14447.4900 14104.0802  2.38%   138 1363s
 20621  6689 14383.9809   34  278 14447.4900 14104.9050  2.37%   139 1375s
 20708  6762 14344.6952   42   62 14447.4900 14105.4143  2.37%   139 1387s
H20873  6168                    14422.490000 14106.8375  2.19%   139 1398s
 21006  6246     cutoff   42      14422.4900 14108.0449  2.18%   140 1409s
 21078  6246 14320.4569   31  228 14422.4900 14108.5230  2.18%   140 1410s
 21138  6323 14360.9493   34  284 14422.4900 14108.8843  2.17%   140 1421s
 21277  6384 14292.6915   33  264 14422.4900 14109.5197  2.17%   140 1437s
 21390  6430     cutoff   45      14422.4900 14110.0309  2.17%   141 1450s
 21515  6480     cutoff   54      14422.4900 14110.9962  2.16%   141 1462s
 21638  6578 14329.2070   32  348 14422.4900 14111.8983  2.15%   142 1475s
 21798  6640     cutoff   45      14422.4900 14112.9429  2.15%   142 1487s
 21950  6742 14213.9592   25  368 14422.4900 14113.9760  2.14%   142 1499s
 22109  6763 14301.2208   33  352 14422.4900 14114.7161  2.13%   142 1512s
 22194  6826 14318.3094   32  173 14422.4900 14116.2449  2.12%   143 1524s
 22341  6905 14173.3233   33  297 14422.4900 14118.1095  2.11%   143 1538s
 22498  6969 14387.8679   29  172 14422.4900 14118.6891  2.11%   143 1551s
 22638  7004     cutoff   30      14422.4900 14119.9479  2.10%   144 1564s
 22745  7063 14406.8252   33  228 14422.4900 14120.9781  2.09%   144 1577s
 22861  7103 14301.8087   35  202 14422.4900 14121.7260  2.09%   145 1590s
 22999  7180 14324.7844   32  205 14422.4900 14123.2692  2.07%   145 1603s
 23137  7212 14378.4204   29  288 14422.4900 14124.4197  2.07%   145 1616s
 23270  7266 14269.8862   25  261 14422.4900 14125.5693  2.06%   146 1630s
H23274  7066                    14416.889995 14125.5693  2.02%   146 1631s
 23363  7107 14243.3699   32  153 14416.8900 14126.1999  2.02%   146 1643s
 23496  7176 14207.4793   36   49 14416.8900 14127.0280  2.01%   146 1658s
 23633  7208     cutoff   52      14416.8900 14127.7166  2.01%   146 1672s
 23730  7237 14208.2765   37  268 14416.8900 14129.0148  2.00%   147 1685s
H23851  7321                    14416.889860 14129.5708  1.99%   147 1699s
H23928  7321                    14416.889621 14130.3695  1.99%   147 1699s
 23985  7376 14362.3794   36  157 14416.8896 14132.0103  1.98%   148 1712s
 24116  7456 14277.6756   30  347 14416.8896 14132.9969  1.97%   148 1725s
 24270  7506     cutoff   46      14416.8896 14134.6168  1.96%   148 1739s
 24382  7550 14343.4702   39  259 14416.8896 14134.9176  1.96%   148 1752s
 24520  7595     cutoff   51      14416.8896 14136.7541  1.94%   149 1885s
 24638  7645 14194.9496   33  254 14416.8896 14137.6453  1.94%   149 1905s
 24788  7715 14185.3980   31  268 14416.8896 14138.1860  1.93%   149 1918s
 24957  7784 14374.4242   36  166 14416.8896 14139.1090  1.93%   149 1932s
 25127  7818 14396.5057   35  314 14416.8896 14140.0567  1.92%   150 1947s
 25261  7914 14381.7214   36  195 14416.8896 14140.5438  1.92%   150 1963s
 25434  7979 14338.6184   27   86 14416.8896 14141.1253  1.91%   150 1979s
 25616  8012     cutoff   35      14416.8896 14141.9029  1.91%   150 1995s
 25776  8103 14282.2016   27  228 14416.8896 14142.5775  1.90%   151 2010s
 25994  8136 14314.5293   23  290 14416.8896 14145.0055  1.89%   151 2024s
 26101  8271 14388.9748   27  151 14416.8896 14145.7689  1.88%   151 2040s
 26364  8336     cutoff   59      14416.8896 14146.9290  1.87%   151 2055s
 26509  8401     cutoff   43      14416.8896 14147.9221  1.87%   151 2070s
 26672  8435 14374.9528   42   28 14416.8896 14149.0032  1.86%   152 2083s
 26824  8481 14369.7005   30  273 14416.8896 14150.4988  1.85%   152 2098s
 26979  8553 14339.7212   27  197 14416.8896 14150.9547  1.84%   152 2114s
 27164  8638 14363.8141   31  260 14416.8896 14151.9394  1.84%   152 2128s
 27330  8683 14415.9601   38  181 14416.8896 14152.5911  1.83%   152 2144s
 27388  8683     cutoff   42      14416.8896 14153.5090  1.83%   153 2145s
 27479  8768     cutoff   30      14416.8896 14153.5899  1.83%   153 2162s
 27655  8820 14279.0281   31  124 14416.8896 14154.4338  1.82%   153 2177s
H27747  8631                    14410.890000 14154.4338  1.78%   153 2178s
 27835  8664     cutoff   34      14410.8900 14155.4144  1.77%   153 2196s
 27940  8717 14370.3056   25  317 14410.8900 14155.7616  1.77%   153 2211s
 28074  8792 14240.4935   33   72 14410.8900 14156.7134  1.76%   154 2226s
 28231  8868     cutoff   37      14410.8900 14157.0404  1.76%   154 2242s
 28398  8926 14386.2951   33  140 14410.8900 14158.3889  1.75%   154 2257s
 28553  9013     cutoff   33      14410.8900 14159.1693  1.75%   154 2271s
 28742  9089 14287.8102   26  270 14410.8900 14160.1363  1.74%   155 2287s
 28934  9135 14356.8989   20  213 14410.8900 14161.1649  1.73%   155 2302s
 29076  9212 14375.3192   32  128 14410.8900 14162.2726  1.73%   155 2318s
 29265  9261 14256.5953   36  187 14410.8900 14163.3901  1.72%   155 2332s
 29418  9336 14320.8905   41  167 14410.8900 14163.9048  1.71%   155 2348s
 29613  9365 14336.7431   32  278 14410.8900 14164.7890  1.71%   155 2364s
 29735  9437 14353.7202   23  281 14410.8900 14165.1905  1.70%   156 2379s
 29899  9539 14359.2713   31  144 14410.8900 14165.8396  1.70%   156 2396s
 30117  9639 14374.6456   54  114 14410.8900 14166.3832  1.70%   156 2429s
 30332  9694     cutoff   41      14410.8900 14167.1901  1.69%   156 2444s
 30484  9778 14381.0412   40   66 14410.8900 14168.2081  1.68%   156 2456s
 30670  9830 14369.6637   32  321 14410.8900 14168.6014  1.68%   156 2472s
 30836  9882 14371.6941   34  137 14410.8900 14169.0572  1.68%   157 2487s
 30981  9941 14350.5821   35  276 14410.8900 14169.7120  1.67%   157 2505s
 31184  9985 14332.7079   31  155 14410.8900 14170.1679  1.67%   157 2522s
 31314 10026 14373.0469   31  309 14410.8900 14171.0037  1.66%   157 2543s
 31451 10104 14310.7915   36  208 14410.8900 14171.8113  1.66%   158 2559s
 31627 10134 14401.2887   36  187 14410.8900 14172.3827  1.66%   158 2575s
 31803 10184 14355.7154   32   99 14410.8900 14173.2256  1.65%   158 2592s
 31971 10252 14409.0371   28  134 14410.8900 14173.8656  1.64%   158 2608s
 32148 10313     cutoff   33      14410.8900 14174.5854  1.64%   158 2625s
 32321 10377     cutoff   47      14410.8900 14175.3638  1.63%   159 2641s
 32376 10378 14373.9156   42   97 14410.8900 14175.3638  1.63%   159 2647s
 32540 10444     cutoff   53      14410.8900 14176.1085  1.63%   159 2665s
 32735 10483 14315.2654   45   50 14410.8900 14177.6475  1.62%   159 2683s
 32859 10535     cutoff   58      14410.8900 14178.5222  1.61%   159 2700s
 33041 10613 14410.3038   33  177 14410.8900 14178.8988  1.61%   159 2716s
 33224 10681 14312.4357   24  288 14410.8900 14179.6744  1.60%   159 2739s
 33389 10738 14205.5154   36  215 14410.8900 14180.8238  1.60%   159 2755s
 33558 10779 14383.2974   28  275 14410.8900 14181.3457  1.59%   159 2770s
 33710 10854 14302.5616   30  283 14410.8900 14182.3723  1.59%   160 2788s
 33883 10913 14394.8969   34  111 14410.8900 14182.8594  1.58%   160 2805s
 34054 10979 14291.2000   35  258 14410.8900 14183.6770  1.58%   160 2822s
 34220 11011 14383.1088   41  171 14410.8900 14184.0859  1.57%   160 2856s
 34346 11066 14315.5375   32  146 14410.8900 14184.7618  1.57%   160 2873s
 34545 11136 14344.2414   36  172 14410.8900 14185.3074  1.57%   160 2889s
 34608 11136 14379.2685   34  132 14410.8900 14185.8222  1.56%   160 2890s
 34707 11164 14387.9591   24  202 14410.8900 14185.8556  1.56%   160 2907s
 34864 11244 14338.2600   30  306 14410.8900 14186.2550  1.56%   161 2939s
 34953 11244 14361.2292   36  212 14410.8900 14186.5446  1.56%   161 2940s
 35042 11366 14397.0208   38  270 14410.8900 14186.5661  1.56%   161 2957s
 35296 11445 14358.9793   31   93 14410.8900 14186.9429  1.55%   161 2986s
 35361 11445 14286.5532   53    8 14410.8900 14186.9429  1.55%   161 2991s
 35509 11536 14267.0451   31  322 14410.8900 14187.2974  1.55%   161 3009s
 35585 11536     cutoff   51      14410.8900 14187.7108  1.55%   161 3010s
 35719 11642 14234.4317   38  318 14410.8900 14187.7341  1.55%   161 3025s
 35939 11715     cutoff   62      14410.8900 14188.3957  1.54%   161 3042s
 36139 11751     cutoff   46      14410.8900 14188.9125  1.54%   161 3064s
 36305 11830 14385.0544   37  106 14410.8900 14189.5881  1.54%   161 3081s
 36515 11896     cutoff   41      14410.8900 14190.1514  1.53%   161 3097s
 36724 11933 14318.2375   26  205 14410.8900 14190.5998  1.53%   161 3114s
 36801 11933 14407.1787   39  133 14410.8900 14190.8799  1.53%   161 3115s
 36863 12007     cutoff   38      14410.8900 14190.8985  1.53%   161 3132s
 37050 12089 14308.7753   44   42 14410.8900 14191.2779  1.52%   161 3151s
 37251 12153 14310.5825   30  211 14410.8900 14191.9397  1.52%   161 3164s
 37433 12257 14339.6516   29  198 14410.8900 14192.7491  1.51%   162 3181s
 37657 12342 14280.7005   34  122 14410.8900 14193.1795  1.51%   162 3198s
 37863 12410 14386.6943   41  188 14410.8900 14193.3757  1.51%   162 3213s
 37966 12410 14338.3293   36  136 14410.8900 14193.8380  1.51%   162 3237s
 38086 12483     cutoff   47      14410.8900 14193.8997  1.51%   162 3253s
 38290 12555 14281.5719   28  308 14410.8900 14194.5446  1.50%   162 3270s
 38477 12648 14307.2259   30  245 14410.8900 14195.1143  1.50%   162 3288s
 38696 12757 14367.8824   34  220 14410.8900 14195.4988  1.49%   162 3304s
 38755 12757 14361.3776   34  332 14410.8900 14195.4988  1.49%   162 3305s
 38945 12881 14368.8680   43  115 14410.8900 14196.0903  1.49%   162 3321s
 39180 12978     cutoff   72      14410.8900 14196.7287  1.49%   162 3399s
 39265 12978 14261.3028   30  251 14410.8900 14196.7287  1.49%   162 3408s
 39408 13092 14369.7388   40  234 14410.8900 14197.3481  1.48%   161 3424s
 39551 13092 14268.2384   56   28 14410.8900 14197.8205  1.48%   161 3425s
 39655 13155 14404.2184   49   32 14410.8900 14197.8721  1.48%   161 3441s
 39869 13262     cutoff   39      14410.8900 14198.5466  1.47%   161 3457s
 40151 13342     cutoff   54      14410.8900 14199.1531  1.47%   161 3474s
 40351 13386     cutoff   26      14410.8900 14199.6495  1.47%   161 3511s
 40438 13442     cutoff   47      14410.8900 14199.9638  1.46%   161 3531s
 40579 13481 14359.7655   34  141 14410.8900 14200.1945  1.46%   161 3548s
 40704 13547     cutoff   34      14410.8900 14200.6504  1.46%   161 3564s
 40785 13547 14263.7534   37  213 14410.8900 14201.1730  1.46%   162 3565s
 40890 13636 14409.0345   40  267 14410.8900 14201.1941  1.46%   162 3582s
 41105 13698     cutoff   45      14410.8900 14201.7749  1.45%   162 3597s
 41306 13696     cutoff   32      14410.8900 14202.3769  1.45%   162 3600s

Cutting planes:
  User: 1829
  Gomory: 27
  Cover: 279
  Implied bound: 14
  Projected implied bound: 2
  Clique: 23
  MIR: 94
  StrongCG: 5
  Flow cover: 300
  GUB cover: 1
  Zero half: 55
  RLT: 199
  Relax-and-lift: 2
  Lazy constraints: 4625

Explored 41320 nodes (6686437 simplex iterations) in 3600.04 seconds
Thread count was 2 (of 32 available processors)

Solution count 10: 14410.9 14416.9 14422.5 ... 14599.1

Time limit reached
Best objective 1.441089000000e+04, best bound 1.420237721356e+04, gap 1.4469%

User-callback calls 259405, time in user-callback 349.71 sec
================================================================================
executing instance: ./input/Instances/Original/2/absH3high_4n10.dat
--------------------------------------------------------------------------------
Instance details
n	11
H	3
C	822
Li:
[0, 0, 0, 0, 0, 0, 0, 0, 0, 0, 0, ]
Ui:
[0, 102, 52, 88, 182, 153, 138, 38, 165, 297, 86, ]
Distance matrix:
|0	285	411	382	327	239	148	256	307	36	383	|
|285	0	352	98	249	103	227	235	120	268	209	|
|411	352	0	395	106	430	263	549	234	429	174	|
|382	98	395	0	302	173	320	288	168	364	227	|
|327	249	106	302	0	324	179	444	135	339	109	|
|239	103	430	173	324	0	241	132	212	212	305	|
|148	227	263	320	179	241	0	325	192	165	249	|
|256	235	549	288	444	132	325	0	342	220	436	|
|307	120	234	168	135	212	192	342	0	304	94	|
|36	268	429	364	339	212	165	220	304	0	386	|
|383	209	174	227	109	305	249	436	94	386	0	|

--------------------------------------------------------------------------------
Building model...
	using lazy and cut (CVRPSEP package)
Solving IRP LP...
--------------------------------------------------------------------------------

Gurobi 9.1.0 (linux64) logging started Sat Jan  9 04:29:02 2021

Gurobi Optimizer version 9.1.0 build v9.1.0rc0 (linux64)
Thread count: 32 physical cores, 32 logical processors, using up to 2 threads
Optimize a model with 242 rows, 500 columns and 1418 nonzeros
Model fingerprint: 0x2066c722
Variable types: 104 continuous, 396 integer (66 binary)
Coefficient statistics:
  Matrix range     [1e+00, 4e+02]
  Objective range  [2e-01, 5e+02]
  Bounds range     [1e+00, 3e+02]
  RHS range        [2e+01, 1e+03]
Presolve removed 75 rows and 42 columns
Presolve time: 0.01s
Presolved: 167 rows, 458 columns, 1182 nonzeros
Variable types: 62 continuous, 396 integer (336 binary)

Root relaxation: objective 3.672950e+03, 261 iterations, 0.01 seconds

    Nodes    |    Current Node    |     Objective Bounds      |     Work
 Expl Unexpl |  Obj  Depth IntInf | Incumbent    BestBd   Gap | It/Node Time

     0     0 3672.94953    0   45          - 3672.94953      -     -    0s
     0     0 3917.71516    0   49          - 3917.71516      -     -    0s
     0     0 4038.38501    0   56          - 4038.38501      -     -    0s
H    0     0                    7649.5100000 4038.38501  47.2%     -    0s
H    0     0                    7090.6100000 4038.38501  43.0%     -    0s
     0     0 4052.25358    0   77 7090.61000 4052.25358  42.9%     -    0s
     0     0 4093.19902    0   71 7090.61000 4093.19902  42.3%     -    0s
     0     0 4097.54867    0   76 7090.61000 4097.54867  42.2%     -    0s
     0     0 4098.35204    0   86 7090.61000 4098.35204  42.2%     -    0s
     0     0 4108.79914    0   59 7090.61000 4108.79914  42.1%     -    0s
H    0     0                    6101.2700000 4108.79914  32.7%     -    0s
     0     0 4108.88018    0   65 6101.27000 4108.88018  32.7%     -    0s
     0     0 4126.74697    0   89 6101.27000 4126.74697  32.4%     -    0s
H    0     0                    5933.4500000 4126.74697  30.4%     -    0s
     0     0 4128.17493    0   65 5933.45000 4128.17493  30.4%     -    0s
