




arguments: ./build/mirp_solver -f ./input/orig_exec_196.cfg
Current dir: /scratch/gui/bnc_mirp
File verbosity level: 9
date       time         ( uptime  ) [ thread name/id ]                   file:line     v| 
2021-01-10 08:25:24.519 (   0.273s) [main thread     ]             loguru.cpp:789   INFO| Logging to './output/vi_vc/OU/V2/Original/execution_10_01_2021_08_25_24.log', mode: 'a', verbosity: 9
--------------------------------------------------------------------------------
Parameters
                           instance_path           ./input/Instances/Original/6/
                            model_policy                                       1
                             nb_vehicles                                       2
                              output_dir          ./output/vi_vc/OU/V2/Original/
                            sec_strategy                                       1
                       solver_nb_threads                                       2
                         solver_show_log                                    true
                       solver_time_limit                                    3600
                              use_vi_cos                                   false
                              use_vi_cus                                   false
                         use_vi_hc1_full                                   false
                         use_vi_hc1_half                                   false
                      use_vi_hc1_quarter                                   false
                              use_vi_hc2                                   false
                              use_vi_hc3                                   false
                         use_vi_lex_full                                   false
                         use_vi_lex_half                                   false
                      use_vi_lex_quarter                                   false
                              use_vi_qua                                   false
                               use_vi_vc                                    true
                               use_vi_vr                                   false
--------------------------------------------------------------------------------
executing instance: ./input/Instances/Original/6/absH6high_1n25.dat
--------------------------------------------------------------------------------
Instance details
n	26
H	6
C	1711
Li:
[0, 0, 0, 0, 0, 0, 0, 0, 0, 0, 0, 0, 0, 0, 0, 0, 0, 0, 0, 0, 0, 0, 0, 0, 0, 0, ]
Ui:
[0, 168, 176, 34, 66, 36, 177, 106, 118, 182, 64, 141, 189, 63, 46, 111, 182, 231, 36, 66, 68, 54, 132, 90, 246, 75, ]
Distance matrix:
|0	191	200	231	334	329	146	196	208	245	218	164	283	394	151	358	156	196	309	253	201	260	127	138	130	104	|
|191	0	226	229	278	146	328	216	390	417	327	293	195	334	106	296	171	122	472	151	12	411	280	53	190	130	|
|200	226	0	38	149	359	321	10	276	274	418	364	139	204	121	173	321	115	303	141	225	236	155	202	311	256	|
|231	229	38	0	110	352	358	37	314	310	448	395	108	167	129	135	342	109	336	120	226	268	194	213	335	277	|
|334	278	149	110	0	367	467	147	422	413	546	495	86	61	203	25	423	163	429	129	271	363	303	282	424	361	|
|329	146	359	352	367	0	453	349	533	562	411	393	282	411	245	378	250	244	617	245	141	556	426	195	284	243	|
|146	328	321	358	467	453	0	321	162	215	160	112	425	524	297	491	223	341	284	397	339	266	186	276	184	210	|
|196	216	10	37	147	349	321	0	281	281	414	360	132	203	112	171	315	105	311	132	216	244	159	193	305	249	|
|208	390	276	314	422	533	162	281	0	54	321	271	410	471	316	445	348	348	123	398	398	115	125	338	313	309	|
|245	417	274	310	413	562	215	281	54	0	375	323	413	457	334	435	393	361	70	406	424	69	139	367	359	349	|
|218	327	418	448	546	411	160	414	321	375	0	57	484	606	347	569	163	393	444	446	339	421	318	288	137	199	|
|164	293	364	395	495	393	112	360	271	323	57	0	437	556	300	519	144	346	393	401	305	367	261	249	109	163	|
|283	195	139	108	86	282	425	132	410	413	484	437	0	139	137	101	349	91	443	44	187	375	286	206	355	291	|
|394	334	204	167	61	411	524	203	471	457	606	556	139	0	264	38	483	222	467	183	326	403	356	341	484	421	|
|151	106	121	129	203	245	297	112	316	334	347	300	137	264	0	225	220	46	381	102	106	316	195	84	221	158	|
|358	296	173	135	25	378	491	171	445	435	569	519	101	38	225	0	444	184	450	145	288	384	328	303	446	383	|
|156	171	321	342	423	250	223	315	348	393	163	144	349	483	220	444	0	261	460	308	183	415	284	143	39	65	|
|196	122	115	109	163	244	341	105	348	361	393	346	91	222	46	184	261	0	402	56	118	336	224	119	264	200	|
|309	472	303	336	429	617	284	311	123	70	444	393	443	467	381	450	460	402	0	442	477	68	192	424	426	413	|
|253	151	141	120	129	245	397	132	398	406	446	401	44	183	102	145	308	56	442	0	143	375	273	164	315	251	|
|201	12	225	226	271	141	339	216	398	424	339	305	187	326	106	288	183	118	477	143	0	416	286	63	202	142	|
|260	411	236	268	363	556	266	244	115	69	421	367	375	403	316	384	415	336	68	375	416	0	135	365	384	363	|
|127	280	155	194	303	426	186	159	125	139	318	261	286	356	195	328	284	224	192	273	286	135	0	232	256	229	|
|138	53	202	213	282	195	276	193	338	367	288	249	206	341	84	303	143	119	424	164	63	365	232	0	153	89	|
|130	190	311	335	424	284	184	305	313	359	137	109	355	484	221	446	39	264	426	315	202	384	256	153	0	64	|
|104	130	256	277	361	243	210	249	309	349	199	163	291	421	158	383	65	200	413	251	142	363	229	89	64	0	|

--------------------------------------------------------------------------------
Building model...
	using lazy and cut (CVRPSEP package)
Solving IRP LP...
--------------------------------------------------------------------------------

Gurobi 9.1.0 (linux64) logging started Sun Jan 10 08:25:24 2021

Gurobi Optimizer version 9.1.0 build v9.1.0rc0 (linux64)
Thread count: 32 physical cores, 32 logical processors, using up to 2 threads
Optimize a model with 1118 rows, 4694 columns and 11480 nonzeros
Model fingerprint: 0x742146ed
Variable types: 482 continuous, 4212 integer (312 binary)
Coefficient statistics:
  Matrix range     [1e+00, 9e+02]
  Objective range  [1e-01, 6e+02]
  Bounds range     [1e+00, 2e+02]
  RHS range        [1e+01, 3e+03]
Presolve removed 258 rows and 102 columns
Presolve time: 0.07s
Presolved: 860 rows, 4592 columns, 10595 nonzeros
Variable types: 380 continuous, 4212 integer (3912 binary)

Root relaxation: objective 1.301997e+04, 1224 iterations, 0.03 seconds

    Nodes    |    Current Node    |     Objective Bounds      |     Work
 Expl Unexpl |  Obj  Depth IntInf | Incumbent    BestBd   Gap | It/Node Time

     0     0 13019.9705    0  210          - 13019.9705      -     -    0s
     0     0 13638.2133    0  237          - 13638.2133      -     -    0s
     0     0 13670.6940    0  215          - 13670.6940      -     -    0s
     0     0 13674.9243    0  210          - 13674.9243      -     -    0s
     0     0 13676.6861    0  207          - 13676.6861      -     -    0s
     0     0 13682.7059    0  207          - 13682.7059      -     -    0s
     0     0 13725.1877    0  181          - 13725.1877      -     -    0s
     0     0 13738.1747    0  209          - 13738.1747      -     -    0s
     0     0 13768.1251    0  220          - 13768.1251      -     -    0s
     0     0 13768.3921    0  227          - 13768.3921      -     -    0s
     0     0 14321.2151    0  334          - 14321.2151      -     -    0s
     0     0 14418.1249    0  343          - 14418.1249      -     -    0s
     0     0 14428.4537    0  370          - 14428.4537      -     -    1s
     0     0 14447.4183    0  335          - 14447.4183      -     -    1s
     0     0 14449.8831    0  351          - 14449.8831      -     -    1s
     0     0 14480.5290    0  381          - 14480.5290      -     -    1s
     0     0 14505.9701    0  387          - 14505.9701      -     -    1s
     0     0 14506.0297    0  389          - 14506.0297      -     -    1s
     0     0 14899.6198    0  390          - 14899.6198      -     -    1s
     0     0 14937.5803    0  407          - 14937.5803      -     -    1s
     0     0 14944.4616    0  399          - 14944.4616      -     -    1s
     0     0 14961.3720    0  390          - 14961.3720      -     -    1s
     0     0 14965.9321    0  436          - 14965.9321      -     -    1s
     0     0 15034.3566    0  416          - 15034.3566      -     -    1s
     0     0 15134.7338    0  430          - 15134.7338      -     -    2s
     0     0 15140.6757    0  417          - 15140.6757      -     -    2s
     0     0 15142.8985    0  429          - 15142.8985      -     -    2s
     0     0 15218.4289    0  433          - 15218.4289      -     -    2s
     0     0 15226.3490    0  456          - 15226.3490      -     -    2s
     0     0 15232.0877    0  443          - 15232.0877      -     -    2s
     0     0 15232.6761    0  462          - 15232.6761      -     -    2s
     0     0 15243.7406    0  491          - 15243.7406      -     -    2s
     0     0 15243.7406    0  460          - 15243.7406      -     -    2s
     0     2 15244.7130    0  457          - 15244.7130      -     -    3s
    17    20 15482.3746    5  453          - 15355.5451      -   848    5s
    76    83 15888.4419   22  350          - 15355.5451      -   550   10s
   232   262 16675.7796   91   71          - 15355.5451      -   294   15s
*  421   449             194    18710.270000 15355.5451  17.9%   190   17s
H  505   463                    18615.640000 15355.5451  17.5%   168   19s
H  513   443                    18165.850000 15355.5451  15.5%   166   19s
   523   487 16461.1984   44   99 18165.8500 15355.5451  15.5%   164   20s
H  635   457                    17848.850000 15355.5451  14.0%   144   22s
   751   572 16802.9380  126  460 17848.8500 15355.5451  14.0%   131   26s
H  752   544                    17701.530000 15355.5451  13.3%   131   27s
   761   550 16728.0898   91  421 17701.5300 15743.9655  11.1%   129   30s
H  772   529                    17093.710000 15776.0070  7.71%   127   35s
   791   545 15907.2441   14  383 17093.7100 15812.5554  7.49%   151   40s
H  836   546                    17043.210000 15813.9384  7.21%   165   44s
   849   556 15963.7371   30  367 17043.2100 15813.9384  7.21%   168   45s
H  868   542                    16987.790000 15813.9384  6.91%   170   46s
H  886   530                    16983.790000 15813.9384  6.89%   172   47s
H  889   506                    16983.510000 15813.9384  6.89%   172   47s
   959   562 16450.3357   57  115 16983.5100 15813.9384  6.89%   170   50s
H  970   536                    16847.270000 15813.9384  6.13%   170   50s
  1065   574 16144.0636   25  285 16847.2700 15825.3170  6.07%   176   55s
H 1067   553                    16843.269970 15825.3170  6.04%   175   55s
H 1070   530                    16831.420000 15825.3170  5.98%   176   55s
  1154   610 16451.9049   43  211 16831.4200 15825.3170  5.98%   182   61s
  1220   612 15978.3497   20  401 16831.4200 15834.9441  5.92%   190   65s
  1260   639 16158.9778   25  357 16831.4200 15834.9441  5.92%   205   70s
  1345   677 16352.9687   37  173 16831.4200 15840.1021  5.89%   212   75s
  1474   739 16111.5971   25  373 16831.4200 15860.1283  5.77%   209   80s
  1593   780 16418.7398   17  288 16831.4200 15871.0989  5.71%   205   85s
  1675   816 16812.6295   32  216 16831.4200 15879.1026  5.66%   208   91s
  1763   840 16186.7012   25  284 16831.4200 15880.8991  5.65%   208   95s
  1856   925 16384.3784   32  128 16831.4200 15880.8991  5.65%   207  100s
  1915   990 16394.2976   48  141 16831.4200 15884.0420  5.63%   205  108s
H 2020   941                    16734.440000 15884.0420  5.08%   200  111s
  2113   983 16274.3740   22  308 16734.4400 15885.8330  5.07%   197  115s
  2236  1082 16116.2108   25  199 16734.4400 15894.8317  5.02%   196  121s
  2323  1116 16465.2772   24  342 16734.4400 15897.9338  5.00%   197  126s
  2417  1174     cutoff   46      16734.4400 15903.4077  4.97%   199  131s
  2467  1219 16647.2385   36  157 16734.4400 15907.2626  4.94%   202  137s
H 2531  1197                    16701.440000 15909.9424  4.74%   204  140s
  2615  1307 16210.8017   20  448 16701.4400 15914.9332  4.71%   205  147s
  2694  1323 infeasible   40      16701.4400 15915.1437  4.71%   204  151s
  2751  1376 16656.3611   39  291 16701.4400 15918.1032  4.69%   209  158s
  2817  1417 16174.8676   21  360 16701.4400 15935.3180  4.59%   209  162s
  2883  1461 16435.0364   35  267 16701.4400 15938.4417  4.57%   209  170s
  3009  1528 16691.7087   41  268 16701.4400 15945.2080  4.53%   211  179s
  3060  1588     cutoff   39      16701.4400 15945.8617  4.52%   212  183s
  3150  1640 16693.0110   48   73 16701.4400 15946.1350  4.52%   211  188s
  3263  1668     cutoff   46      16701.4400 15948.8625  4.51%   208  193s
  3329  1689 16630.1893   24  331 16701.4400 15949.1878  4.50%   209  198s
  3372  1723 16281.8601   25  326 16701.4400 15952.2040  4.49%   210  203s
  3431  1761 16255.9371   31  294 16701.4400 15954.8901  4.47%   212  208s
  3484  1868 16253.3437   33  253 16701.4400 15955.6089  4.47%   214  214s
  3621  1899 16180.2306   23  325 16701.4400 15961.5196  4.43%   212  220s
  3686  1954 16211.6963   22  366 16701.4400 15964.2801  4.41%   213  225s
  3785  2015 16283.8852   24  234 16701.4400 15968.1218  4.39%   212  231s
  3866  2057 16279.1814   29  330 16701.4400 15971.1756  4.37%   212  237s
  3944  2125 16476.9282   47  283 16701.4400 15980.1867  4.32%   214  244s
  4044  2160 16501.8712   29  308 16701.4400 15982.8088  4.30%   214  250s
  4129  2198 16406.9330   33  333 16701.4400 15986.3263  4.28%   217  256s
  4201  2259 infeasible   34      16701.4400 15987.6185  4.27%   219  263s
H 4204  2247                    16688.500000 15987.6185  4.20%   219  263s
  4316  2312     cutoff   41      16688.5000 15990.3559  4.18%   218  270s
  4417  2393 16625.8946   34  320 16688.5000 15992.4364  4.17%   219  279s
H 4540  2531                    16679.500000 15999.4338  4.08%   220  287s
  4764  2573 16287.9531   35  246 16679.5000 16002.6621  4.06%   217  297s
  4887  2633 16246.1743   25  395 16679.5000 16004.3110  4.05%   218  306s
  4994  2704 16384.9827   14  484 16679.5000 16007.1906  4.03%   220  314s
  5117  2794 16293.1633   25  319 16679.5000 16013.1859  3.99%   219  323s
  5236  2868 16241.8769   27  261 16679.5000 16013.8203  3.99%   220  332s
H 5395  2923                    16679.100000 16017.4733  3.97%   220  341s
  5507  2993 16229.3342   32  340 16679.1000 16020.2296  3.95%   220  350s
  5651  3066 16383.3943   25  360 16679.1000 16027.9333  3.90%   222  360s
  5779  3161 16192.9924   24  268 16679.1000 16030.7304  3.89%   223  370s
  5920  3275     cutoff   42      16679.1000 16035.0873  3.86%   224  380s
  6124  3410 16153.1508   23  297 16679.1000 16042.5008  3.82%   223  390s
H 6215  2762                    16557.740000 16042.5008  3.11%   222  391s
  6321  2843 16373.2491   45   49 16557.7400 16043.3603  3.11%   222  401s
  6500  2894     cutoff   47      16557.7400 16047.9346  3.08%   221  411s
H 6502  1905                    16424.780000 16047.9346  2.29%   221  411s
  6603  1941     cutoff   31      16424.7800 16053.7678  2.26%   221  420s
  6816  1996 16321.0234   26  367 16424.7800 16061.4115  2.21%   219  430s
  6969  2038     cutoff   29      16424.7800 16066.2107  2.18%   219  440s
  7105  2123 16250.5300   25  257 16424.7800 16068.2405  2.17%   220  450s
  7302  2198 16343.4390   34  180 16424.7800 16070.5899  2.16%   220  460s
  7491  2281     cutoff   33      16424.7800 16076.5531  2.12%   220  471s
  7716  2386 16237.1019   32  177 16424.7800 16080.2235  2.10%   219  483s
  7962  2470 16154.4981   23  205 16424.7800 16082.5900  2.08%   218  493s
  8149  2578 16398.4577   51   61 16424.7800 16088.3427  2.05%   217  505s
  8386  2660 16137.8973   21  424 16424.7800 16089.7644  2.04%   216  516s
  8561  2743 16390.8698   29  300 16424.7800 16090.4248  2.04%   216  527s
  8783  2800 16384.9017   35  114 16424.7800 16093.8409  2.01%   215  540s
  8937  2881 16333.6133   27  340 16424.7800 16096.5732  2.00%   215  551s
  9128  2925 16218.6771   20  389 16424.7800 16099.6195  1.98%   215  562s
  9283  3011     cutoff   26      16424.7800 16101.0726  1.97%   215  575s
  9519  3111     cutoff   27      16424.7800 16103.5433  1.96%   215  586s
* 9628  2721              57    16387.380000 16103.5433  1.73%   214  587s
  9733  2743     cutoff   29      16387.3800 16107.2031  1.71%   214  597s
  9922  2788 16235.0628   23  314 16387.3800 16111.3777  1.68%   214  608s
 10101  2848 16359.6403   23  334 16387.3800 16116.2108  1.65%   214  618s
 10275  2899 16256.1226   27  324 16387.3800 16119.6737  1.63%   215  631s
 10449  2974 16289.8838   27  315 16387.3800 16123.2298  1.61%   214  642s
 10643  3039 16307.0005   33  280 16387.3800 16125.7213  1.60%   214  654s
 10854  3102 16277.1870   25  362 16387.3800 16129.7692  1.57%   214  666s
 11039  3162 16234.7508   24  243 16387.3800 16131.7157  1.56%   214  677s
 11241  3226 16230.9086   27  291 16387.3800 16135.5075  1.54%   214  688s
 11423  3270 16160.2969   23  332 16387.3800 16137.7302  1.52%   214  699s
 11580  3325     cutoff   34      16387.3800 16140.7461  1.51%   215  712s
 11770  3344 16346.7076   30  273 16387.3800 16143.5494  1.49%   216  753s
 11892  3356 16330.1173   37   70 16387.3800 16144.2710  1.48%   216  764s
 11975  3356 16312.4696   29  348 16387.3800 16146.6637  1.47%   216  765s
 12044  3419 16345.1026   31  263 16387.3800 16146.7777  1.47%   217  777s
 12270  3475 16329.7867   30  303 16387.3800 16149.1480  1.45%   216  789s
 12447  3549 16282.2893   29  307 16387.3800 16150.5132  1.45%   217  803s
 12681  3672 16364.7351   23  265 16387.3800 16151.9221  1.44%   217  816s
 12959  3732 16264.9635   34  221 16387.3800 16154.4849  1.42%   216  828s
 13179  3817     cutoff   24      16387.3800 16157.5539  1.40%   216  840s
 13439  3936 16183.9343   24  228 16387.3800 16159.4741  1.39%   215  853s
 13708  4055 infeasible   41      16387.3800 16161.2124  1.38%   214  866s
 14023  4156 16291.5248   24  281 16387.3800 16163.0101  1.37%   212  879s
 14262  4224 16363.2016   22  336 16387.3800 16164.2449  1.36%   212  891s
 14487  4337 16184.2161   24  211 16387.3800 16165.7316  1.35%   211  905s
 14804  4409     cutoff   39      16387.3800 16166.7895  1.35%   210  918s
 15056  4477 16348.1262   24  346 16387.3800 16168.4264  1.34%   210  930s
 15315  4577     cutoff   27      16387.3800 16169.6176  1.33%   209  942s
 15628  4680 16269.0351   23  271 16387.3800 16171.3716  1.32%   208  955s
 15872  4745 16364.8122   32  281 16387.3800 16172.9731  1.31%   207  966s
 16132  4818 16345.2597   29  354 16387.3800 16174.8542  1.30%   206  978s
 16373  4891     cutoff   22      16387.3800 16176.3153  1.29%   206  991s
 16621  4976     cutoff   22      16387.3800 16176.9920  1.28%   206 1003s
 16916  5088 16292.8419   33  315 16387.3800 16178.8524  1.27%   205 1016s
 17220  5154 16364.7210   27  389 16387.3800 16180.0357  1.27%   204 1029s
 17476  5244 16308.0900   28  296 16387.3800 16181.3305  1.26%   204 1041s
 17766  5337 16242.0167   28  235 16387.3800 16183.1301  1.25%   203 1054s
 17928  5337 16223.1230   27  198 16387.3800 16183.9218  1.24%   202 1055s
 18074  5466 infeasible   36      16387.3800 16183.9931  1.24%   202 1068s
 18432  5548 16197.2026   29  252 16387.3800 16184.8522  1.24%   201 1081s
 18686  5646 16340.5567   42  169 16387.3800 16186.2336  1.23%   200 1093s
 18987  5697 16288.4210   23  369 16387.3800 16187.1965  1.22%   200 1105s
 19206  5786 16339.2632   26  248 16387.3800 16188.0089  1.22%   200 1117s
 19501  5890 16218.5539   32  132 16387.3800 16189.2542  1.21%   199 1131s
 19767  5976     cutoff   30      16387.3800 16190.1573  1.20%   199 1143s
 20075  6065 16320.8598   29  205 16387.3800 16190.9248  1.20%   198 1155s
 20373  6175 16323.7892   37   88 16387.3800 16191.9134  1.19%   197 1168s
 20696  6241 16360.5121   29  324 16387.3800 16192.8709  1.19%   197 1181s
 21002  6344 16334.3216   30  229 16387.3800 16193.5759  1.18%   196 1195s
 21331  6430 16363.8659   34  182 16387.3800 16194.1793  1.18%   196 1215s
 21628  6519 16310.0482   29  305 16387.3800 16194.9242  1.17%   195 1228s
 21935  6583     cutoff   29      16387.3800 16195.7243  1.17%   195 1240s
 22204  6666     cutoff   35      16387.3800 16196.7223  1.16%   194 1252s
 22536  6672 infeasible   34      16387.3800 16197.6760  1.16%   194 1270s
 22621  6739     cutoff   29      16387.3800 16197.9531  1.16%   194 1282s
 22923  6832 16296.2309   37  237 16387.3800 16198.5788  1.15%   193 1295s
 23258  6917     cutoff   26      16387.3800 16199.4932  1.15%   192 1308s
 23569  7011 16371.7970   23  335 16387.3800 16200.3672  1.14%   192 1321s
 23905  7117     cutoff   31      16387.3800 16201.3544  1.14%   191 1334s
 24221  7202 16286.2429   31  203 16387.3800 16202.0445  1.13%   191 1347s
 24546  7292 16323.0953   36  161 16387.3800 16202.9034  1.13%   190 1359s
 24717  7292 16363.9584   42  113 16387.3800 16203.5752  1.12%   190 1360s
 24891  7367     cutoff   30      16387.3800 16203.5843  1.12%   190 1371s
 25217  7449 16325.7578   24  290 16387.3800 16205.0036  1.11%   189 1384s
 25395  7449 16329.0599   28  268 16387.3800 16206.0173  1.11%   189 1385s
 25535  7565     cutoff   34      16387.3800 16206.1244  1.11%   189 1398s
 25864  7645 16378.0667   29  249 16387.3800 16206.8530  1.10%   188 1410s
 26187  7724 16332.4834   31  203 16387.3800 16207.6149  1.10%   188 1422s
 26547  7810     cutoff   32      16387.3800 16208.5086  1.09%   187 1436s
 26859  7844 16366.9228   37  157 16387.3800 16209.2563  1.09%   186 1448s
 27072  7901 16330.3708   38  192 16387.3800 16210.1228  1.08%   187 1459s
 27354  7959     cutoff   21      16387.3800 16210.7316  1.08%   186 1470s
 27627  8012 16370.7969   36  204 16387.3800 16211.4263  1.07%   186 1482s
 27867  8082     cutoff   32      16387.3800 16212.2658  1.07%   186 1494s
 28148  8170 16350.4655   31  249 16387.3800 16213.0758  1.06%   186 1508s
 28455  8248 16364.0794   27  311 16387.3800 16213.9764  1.06%   186 1520s
 28767  8356     cutoff   25      16387.3800 16214.9127  1.05%   185 1533s
 29107  8466     cutoff   26      16387.3800 16215.7207  1.05%   185 1548s
 29434  8553 16287.5843   32  348 16387.3800 16216.3377  1.04%   184 1560s
 29712  8654 16360.7006   33  285 16387.3800 16216.6518  1.04%   184 1572s
 30023  8697     cutoff   33      16387.3800 16217.1586  1.04%   184 1583s
 30288  8794     cutoff   26      16387.3800 16218.0123  1.03%   184 1595s
 30618  8841     cutoff   32      16387.3800 16219.0281  1.03%   183 1608s
 30931  8937 16289.5145   27  295 16387.3800 16219.6421  1.02%   183 1620s
 31293  9016 16309.6478   29  171 16387.3800 16220.3823  1.02%   182 1632s
 31635  9108 16341.5566   31  266 16387.3800 16221.0588  1.01%   182 1645s
 31982  9171 16268.0231   32  129 16387.3800 16221.8503  1.01%   182 1660s
 32317  9230     cutoff   31      16387.3800 16222.5029  1.01%   181 1673s
 32640  9296 16272.5960   31  204 16387.3800 16223.0864  1.00%   181 1685s
 32996  9385 16288.0509   39  277 16387.3800 16223.9960  1.00%   180 1697s
 33341  9463 16327.9415   30  263 16387.3800 16224.6018  0.99%   180 1710s
 33682  9569 16344.8884   39  147 16387.3800 16225.4740  0.99%   180 1722s
 34037  9643 16320.3754   43   98 16387.3800 16226.2895  0.98%   179 1734s
 34400  9670     cutoff   29      16387.3800 16227.1178  0.98%   179 1774s
 34558  9670 16359.0882   27  283 16387.3800 16227.1297  0.98%   179 1775s
 34573  9753 16344.3122   33  187 16387.3800 16227.2443  0.98%   178 1786s
 34949  9840 16327.1728   28   44 16387.3800 16228.0393  0.97%   178 1798s
 35269  9899 16308.9720   32  216 16387.3800 16228.5767  0.97%   178 1810s
 35638  9956     cutoff   33      16387.3800 16229.5185  0.96%   177 1823s
 35978  9999 16351.6083   33  279 16387.3800 16229.9904  0.96%   177 1840s
 36298 10043 16321.6480   38  134 16387.3800 16230.5379  0.96%   177 1852s
 36626 10109     cutoff   37      16387.3800 16231.2927  0.95%   177 1864s
 36784 10109     cutoff   32      16387.3800 16231.8044  0.95%   177 1865s
 36971 10231 16347.4834   40  167 16387.3800 16231.9115  0.95%   176 1878s
 37419 10300 infeasible   42      16387.3800 16232.8445  0.94%   176 1891s
 37792 10373     cutoff   33      16387.3800 16233.2953  0.94%   175 1904s
 38131 10404 16342.4835   39   86 16387.3800 16233.9395  0.94%   175 1916s
 38464 10477 16352.5200   17  487 16387.3800 16234.6634  0.93%   175 1929s
 38879 10520 16321.1006   25  447 16387.3800 16235.4725  0.93%   174 1942s
 39195 10568 16278.4993   26  393 16387.3800 16235.8978  0.92%   174 1954s
 39487 10621 16313.8809   29  244 16387.3800 16236.5069  0.92%   174 1965s
 39771 10672 16366.8433   34  246 16387.3800 16237.0825  0.92%   174 1977s
 40091 10759 16292.1458   24  342 16387.3800 16237.9937  0.91%   174 1994s
 40300 10759 16327.1001   24  317 16387.3800 16238.5052  0.91%   174 1995s
 40489 10790 16346.5410   29  179 16387.3800 16238.5218  0.91%   173 2006s
 40779 10890     cutoff   30      16387.3800 16239.2635  0.90%   173 2019s
 41219 10940 16370.5623   25  326 16387.3800 16239.8939  0.90%   173 2031s
 41529 10991 16346.9102   32  273 16387.3800 16240.5237  0.90%   173 2043s
 41850 11043 16380.3906   29  105 16387.3800 16241.4614  0.89%   172 2057s
 42262 11090 16274.7232   31  157 16387.3800 16242.0535  0.89%   172 2070s
 42615 11140     cutoff   33      16387.3800 16242.7852  0.88%   172 2083s
 42952 11226     cutoff   30      16387.3800 16243.1062  0.88%   172 2096s
 43306 11299     cutoff   41      16387.3800 16243.8526  0.88%   171 2109s
 43689 11362 16360.1012   23  357 16387.3800 16244.4332  0.87%   171 2122s
 44053 11443 16342.4216   23  318 16387.3800 16244.9288  0.87%   171 2134s
 44244 11443 16332.7141   32  266 16387.3800 16245.3659  0.87%   171 2135s
 44441 11449 16373.1268   33  217 16387.3800 16245.4628  0.87%   171 2147s
 44824 11504 16283.9930   27  274 16387.3800 16246.2460  0.86%   170 2160s
 45168 11546     cutoff   30      16387.3800 16246.6883  0.86%   170 2173s
 45505 11627     cutoff   30      16387.3800 16247.1151  0.86%   170 2186s
 45910 11666     cutoff   38      16387.3800 16247.7929  0.85%   170 2199s
 46109 11666 16353.1392   24  215 16387.3800 16248.5229  0.85%   170 2200s
 46288 11734 16311.0708   30  336 16387.3800 16248.5325  0.85%   169 2212s
 46654 11812 16351.3373   31  299 16387.3800 16249.0334  0.84%   169 2225s
 47013 11866 16366.0205   32  225 16387.3800 16249.6985  0.84%   169 2237s
 47341 11915     cutoff   33      16387.3800 16250.2242  0.84%   169 2250s
 47685 11949 16350.8227   25  293 16387.3800 16250.9733  0.83%   169 2262s
 48049 12019 16315.3972   36  178 16387.3800 16251.6253  0.83%   168 2275s
 48457 12077 16270.3315   29  142 16387.3800 16252.2297  0.82%   168 2289s
 48803 12144 16298.2749   34  204 16387.3800 16252.9865  0.82%   168 2302s
 49238 12173 16305.1657   34  229 16387.3800 16253.5141  0.82%   168 2314s
 49373 12173     cutoff   39      16387.3800 16253.9609  0.81%   168 2315s
 49524 12215     cutoff   43      16387.3800 16254.0012  0.81%   167 2326s
 49816 12253     cutoff   30      16387.3800 16254.6576  0.81%   167 2338s
 50136 12313 16353.6617   35  156 16387.3800 16255.2589  0.81%   167 2351s
 50492 12379 16321.4553   35  278 16387.3800 16255.7090  0.80%   167 2363s
 50938 12401     cutoff   33      16387.3800 16256.2314  0.80%   167 2376s
 51249 12454     cutoff   29      16387.3800 16256.6909  0.80%   167 2388s
 51591 12502     cutoff   34      16387.3800 16257.1004  0.79%   167 2401s
 51966 12561     cutoff   39      16387.3800 16257.8685  0.79%   166 2414s
 52328 12615     cutoff   24      16387.3800 16258.5220  0.79%   166 2427s
*52703 12570              58    16385.620000 16258.9462  0.77%   166 2429s
 52707 12618     cutoff   38      16385.6200 16258.9672  0.77%   166 2441s
 53114 12687     cutoff   34      16385.6200 16259.6017  0.77%   166 2454s
 53328 12687 16343.4617   38   55 16385.6200 16260.1871  0.77%   165 2455s
 53524 12759     cutoff   34      16385.6200 16260.1949  0.77%   165 2468s
 53743 12759 16296.9648   30  262 16385.6200 16260.7352  0.76%   165 2473s
 53926 12809 16353.0776   41  162 16385.6200 16260.7424  0.76%   165 2485s
 54339 12841     cutoff   31      16385.6200 16261.2682  0.76%   165 2499s
 54679 12895 16360.0895   37  171 16385.6200 16261.8359  0.76%   164 2517s
 54997 12954     cutoff   24      16385.6200 16262.2837  0.75%   164 2530s
 55389 13029 16374.3448   38  111 16385.6200 16262.8561  0.75%   164 2543s
 55739 13095 16321.6808   38  130 16385.6200 16263.2323  0.75%   164 2556s
 56154 13122     cutoff   30      16385.6200 16263.7278  0.74%   164 2570s
 56343 13122     cutoff   30      16385.6200 16264.1679  0.74%   163 2576s
 56558 13160     cutoff   43      16385.6200 16264.2085  0.74%   163 2589s
 56942 13209 16340.6961   33  260 16385.6200 16264.8806  0.74%   163 2602s
 57264 13237 16381.8234   34  209 16385.6200 16265.1317  0.74%   163 2615s
 57657 13273 16335.5289   26  226 16385.6200 16265.8774  0.73%   163 2627s
 58021 13317 16319.2016   32   98 16385.6200 16266.4346  0.73%   162 2647s
 58415 13376 16357.5097   26  217 16385.6200 16267.0452  0.72%   162 2660s
 58817 13441 16273.0879   36  249 16385.6200 16267.6164  0.72%   162 2674s
 59010 13441     cutoff   24      16385.6200 16268.0903  0.72%   162 2675s
 59203 13486 16319.3358   34  166 16385.6200 16268.1030  0.72%   162 2687s
 59550 13488 16377.1199   29  393 16385.6200 16268.7652  0.71%   162 2699s
 59718 13488     cutoff   40      16385.6200 16269.3378  0.71%   161 2700s
 59915 13505 16350.2029   37  241 16385.6200 16269.3400  0.71%   161 2716s
 60238 13549 16344.6457   39  153 16385.6200 16269.7762  0.71%   161 2728s
 60580 13592 16321.4751   27  221 16385.6200 16270.1499  0.70%   161 2741s
 60914 13657     cutoff   40      16385.6200 16270.4339  0.70%   161 2754s
 61285 13681 16338.0745   28  215 16385.6200 16270.9029  0.70%   161 2767s
 61620 13715     cutoff   26      16385.6200 16271.2649  0.70%   161 2779s
 61956 13754     cutoff   39      16385.6200 16271.8661  0.69%   160 2792s
 62296 13799 16357.9035   45  258 16385.6200 16272.1767  0.69%   160 2805s
 62718 13823 16334.0855   30  187 16385.6200 16272.6775  0.69%   160 2817s
 63131 13826 16353.9577   28  177 16385.6200 16273.2007  0.69%   160 2829s
 63292 13826 16353.5502   25  175 16385.6200 16273.6229  0.68%   160 2830s
 63516 13845 16305.6874   37  233 16385.6200 16273.6288  0.68%   160 2841s
 63961 13872 16352.9387   31  162 16385.6200 16274.3050  0.68%   159 2854s
 64159 13872     cutoff   34      16385.6200 16274.7476  0.68%   159 2855s
 64364 13949 16298.0674   34  148 16385.6200 16274.7797  0.68%   159 2867s
 64812 13955 16368.2248   29  332 16385.6200 16275.3225  0.67%   159 2880s
 65178 13995 16380.1492   28  257 16385.6200 16275.7618  0.67%   159 2892s
 65574 14032     cutoff   33      16385.6200 16276.1927  0.67%   158 2909s
 65847 14061     cutoff   43      16385.6200 16276.5360  0.67%   158 2922s
 66209 14077     cutoff   35      16385.6200 16276.9668  0.66%   158 2935s
 66576 14116 16366.7749   38  196 16385.6200 16277.5744  0.66%   158 2951s
 66991 14145     cutoff   33      16385.6200 16278.0177  0.66%   158 2963s
 67392 14180     cutoff   39      16385.6200 16278.5350  0.65%   157 2976s
 67750 14208 16365.5550   31  141 16385.6200 16278.8991  0.65%   157 2988s
 68104 14236     cutoff   40      16385.6200 16279.2769  0.65%   157 3000s
 68551 14293 16366.9401   35  141 16385.6200 16279.6174  0.65%   157 3013s
 68979 14320 16290.5040   23  322 16385.6200 16280.0751  0.64%   157 3026s
 69343 14389 16343.2666   35  210 16385.6200 16280.4875  0.64%   157 3038s
 69746 14407     cutoff   34      16385.6200 16280.7489  0.64%   156 3051s
 70157 14460     cutoff   34      16385.6200 16281.0728  0.64%   156 3063s
 70535 14460 16304.6871   37  151 16385.6200 16281.4825  0.64%   156 3065s
 70571 14505 16367.7526   34  167 16385.6200 16281.4958  0.64%   156 3076s
 70965 14530 16325.0522   26  426 16385.6200 16281.9024  0.63%   156 3088s
 71356 14541     cutoff   28      16385.6200 16282.2896  0.63%   156 3101s
 71735 14527 16328.3032   37  114 16385.6200 16282.8342  0.63%   155 3115s
 72117 14505     cutoff   36      16385.6200 16283.4989  0.62%   155 3127s
 72538 14524     cutoff   31      16385.6200 16283.9538  0.62%   155 3135s
 72850 14546 16363.3285   28  248 16385.6200 16284.3967  0.62%   155 3147s
 73282 14574     cutoff   27      16385.6200 16284.9530  0.61%   155 3159s
 73704 14575     cutoff   36      16385.6200 16285.5223  0.61%   154 3172s
 74042 14554     cutoff   27      16385.6200 16285.8913  0.61%   154 3183s
 74400 14562     cutoff   29      16385.6200 16286.2949  0.61%   154 3193s
 74752 14555 16363.3558   30  137 16385.6200 16286.6619  0.60%   154 3205s
 75154 14577     cutoff   27      16385.6200 16287.2127  0.60%   154 3215s
 75448 14602 16353.8297   31  198 16385.6200 16287.5422  0.60%   154 3228s
 75913 14582 16364.2335   29  349 16385.6200 16287.9932  0.60%   154 3240s
 76267 14599 16355.4479   28  258 16385.6200 16288.4468  0.59%   153 3249s
 76384 14599 16330.6842   33  121 16385.6200 16288.7321  0.59%   153 3250s
 76560 14622     cutoff   26      16385.6200 16288.7478  0.59%   153 3294s
 76763 14622 16336.3853   25  395 16385.6200 16288.9982  0.59%   153 3306s
 76887 14644 16372.1927   34  169 16385.6200 16289.0219  0.59%   153 3318s
 77321 14665     cutoff   27      16385.6200 16289.5665  0.59%   153 3330s
 77723 14692 16367.0564   25  399 16385.6200 16290.0132  0.58%   153 3345s
 78121 14654     cutoff   30      16385.6200 16290.3840  0.58%   153 3357s
 78501 14693     cutoff   35      16385.6200 16290.8244  0.58%   153 3366s
*78801 14615              59    16383.060000 16291.2747  0.56%   152 3367s
 78855 14603 16349.3342   37  225 16383.0600 16291.3033  0.56%   152 3378s
 79220 14590     cutoff   35      16383.0600 16291.7105  0.56%   152 3391s
 79601 14582 16315.3990   34  276 16383.0600 16292.1878  0.55%   152 3401s
 79876 14557 16345.8442   40  142 16383.0600 16292.4442  0.55%   152 3410s
 80195 14564     cutoff   29      16383.0600 16292.7763  0.55%   152 3421s
 80540 14561     cutoff   31      16383.0600 16293.0660  0.55%   152 3430s
 80788 14554 16310.2610   34  113 16383.0600 16293.3252  0.55%   152 3440s
 81074 14561     cutoff   29      16383.0600 16293.7449  0.55%   151 3451s
 81397 14554 16381.8784   35  178 16383.0600 16294.0388  0.54%   151 3460s
 81718 14539 16326.9325   32  195 16383.0600 16294.4534  0.54%   151 3470s
 82023 14546 16367.2965   26  358 16383.0600 16294.7705  0.54%   151 3479s
 82367 14538 16374.3049   25  227 16383.0600 16295.1212  0.54%   151 3488s
 82716 14556     cutoff   35      16383.0600 16295.5160  0.53%   151 3498s
 82892 14556 16323.3843   27  243 16383.0600 16295.5160  0.53%   151 3501s
 83044 14564     cutoff   30      16383.0600 16295.7193  0.53%   151 3513s
 83444 14540 16363.9601   35  186 16383.0600 16296.1282  0.53%   150 3525s
 83829 14499 16325.2329   32  235 16383.0600 16296.5939  0.53%   150 3534s
 84116 14510 16344.8689   35  176 16383.0600 16297.1264  0.52%   150 3544s
 84478 14515 16355.7880   46  125 16383.0600 16297.4894  0.52%   150 3552s
 84771 14505 16328.8798   28  227 16383.0600 16297.7466  0.52%   150 3561s
 85091 14549 16376.5417   42   79 16383.0600 16298.1429  0.52%   150 3570s
 85435 14533     cutoff   36      16383.0600 16298.4132  0.52%   150 3581s
 85860 14507     cutoff   33      16383.0600 16298.7312  0.51%   149 3593s
 86229 14525 infeasible   43      16383.0600 16299.1482  0.51%   149 3600s

Cutting planes:
  User: 2697
  Gomory: 51
  Cover: 360
  Implied bound: 39
  Projected implied bound: 1
  Clique: 24
  MIR: 281
  StrongCG: 5
  Flow cover: 695
  GUB cover: 1
  Zero half: 16
  Network: 9
  RLT: 312
  Relax-and-lift: 7
  Lazy constraints: 259

Explored 86428 nodes (12905672 simplex iterations) in 3600.51 seconds
Thread count was 2 (of 32 available processors)

Solution count 10: 16383.1 16385.6 16387.4 ... 16734.4

Time limit reached
Best objective 1.638306000000e+04, best bound 1.629922793600e+04, gap 0.5117%

User-callback calls 405580, time in user-callback 309.72 sec
================================================================================
executing instance: ./input/Instances/Original/6/absH6high_1n20.dat
--------------------------------------------------------------------------------
Instance details
n	21
H	6
C	1651
Li:
[0, 0, 0, 0, 0, 0, 0, 0, 0, 0, 0, 0, 0, 0, 0, 0, 0, 0, 0, 0, 0, ]
Ui:
[0, 36, 182, 182, 90, 261, 117, 30, 110, 42, 276, 153, 40, 94, 144, 46, 129, 213, 264, 160, 174, ]
Distance matrix:
|0	371	401	343	361	341	370	115	392	400	79	266	292	245	355	431	265	194	95	92	348	|
|371	0	37	141	110	250	117	438	67	131	372	305	115	238	247	255	235	296	392	430	185	|
|401	37	0	175	100	284	146	472	90	156	406	342	152	275	280	282	242	333	415	455	178	|
|343	141	175	0	239	110	38	374	95	60	314	182	67	130	106	127	318	201	397	423	303	|
|361	110	100	239	0	341	222	451	177	240	385	374	190	304	341	361	151	345	354	398	78	|
|341	250	284	110	341	0	143	337	203	151	289	102	152	97	15	95	394	156	415	431	398	|
|370	117	146	38	222	143	0	407	61	30	346	220	81	167	137	139	317	237	417	447	292	|
|115	438	472	374	451	337	407	0	443	434	66	241	339	251	351	431	374	181	201	177	450	|
|392	67	90	95	177	203	61	443	0	66	379	275	104	216	197	193	294	283	427	461	252	|
|400	131	156	60	240	151	30	434	66	0	374	237	112	189	142	127	344	261	448	477	312	|
|79	372	406	314	385	289	346	66	379	374	0	202	275	197	304	383	316	134	175	166	388	|
|266	305	342	182	374	102	220	241	275	237	202	0	191	70	117	196	386	73	352	359	415	|
|292	115	152	67	190	152	81	339	104	112	275	191	0	123	154	193	252	183	336	366	246	|
|245	238	275	130	304	97	167	251	216	189	197	70	123	0	110	187	322	72	319	334	346	|
|355	247	280	106	341	15	137	351	197	142	304	117	154	110	0	80	399	171	427	444	400	|
|431	255	282	127	361	95	139	431	193	127	383	196	193	187	80	0	444	251	499	519	429	|
|265	235	242	318	151	394	317	374	294	344	316	386	252	322	399	444	0	332	226	273	97	|
|194	296	333	201	345	156	237	181	283	261	134	73	183	72	171	251	332	0	279	286	375	|
|95	392	415	397	354	415	417	201	427	448	175	352	336	319	427	499	226	279	0	47	321	|
|92	430	455	423	398	431	447	177	461	477	166	359	366	334	444	519	273	286	47	0	368	|
|348	185	178	303	78	398	292	450	252	312	388	415	246	346	400	429	97	375	321	368	0	|

--------------------------------------------------------------------------------
Building model...
	using lazy and cut (CVRPSEP package)
Solving IRP LP...
--------------------------------------------------------------------------------

Gurobi 9.1.0 (linux64) logging started Sun Jan 10 09:25:27 2021

Gurobi Optimizer version 9.1.0 build v9.1.0rc0 (linux64)
Thread count: 32 physical cores, 32 logical processors, using up to 2 threads
Optimize a model with 903 rows, 3159 columns and 7995 nonzeros
Model fingerprint: 0xe305a61f
Variable types: 387 continuous, 2772 integer (252 binary)
Coefficient statistics:
  Matrix range     [1e+00, 8e+02]
  Objective range  [1e-01, 5e+02]
  Bounds range     [1e+00, 3e+02]
  RHS range        [1e+01, 3e+03]
Presolve removed 208 rows and 82 columns
Presolve time: 0.03s
Presolved: 695 rows, 3077 columns, 7285 nonzeros
Variable types: 305 continuous, 2772 integer (2532 binary)

Root relaxation: objective 1.252368e+04, 961 iterations, 0.02 seconds

    Nodes    |    Current Node    |     Objective Bounds      |     Work
 Expl Unexpl |  Obj  Depth IntInf | Incumbent    BestBd   Gap | It/Node Time

     0     0 12523.6776    0  163          - 12523.6776      -     -    0s
     0     0 12739.2269    0  214          - 12739.2269      -     -    0s
     0     0 12755.3188    0  192          - 12755.3188      -     -    1s
     0     0 12785.1414    0  187          - 12785.1414      -     -    1s
     0     0 12810.4809    0  153          - 12810.4809      -     -    1s
     0     0 12812.4746    0  190          - 12812.4746      -     -    1s
     0     0 12840.0183    0  175          - 12840.0183      -     -    1s
