




arguments: ./build/mirp_solver -f ./input/orig_exec_1.cfg
Current dir: /scratch/gui/bnc_mirp
File verbosity level: 9
date       time         ( uptime  ) [ thread name/id ]                   file:line     v| 
2021-01-08 21:13:21.332 (   0.062s) [main thread     ]             loguru.cpp:789   INFO| Logging to './output/vi_vc/OU/V2/Original/execution_08_01_2021_21_13_21.log', mode: 'a', verbosity: 9
--------------------------------------------------------------------------------
Parameters
                           instance_path           ./input/Instances/Original/1/
                            model_policy                                       1
                             nb_vehicles                                       2
                              output_dir          ./output/vi_vc/OU/V2/Original/
                            sec_strategy                                       1
                       solver_nb_threads                                       2
                         solver_show_log                                    true
                       solver_time_limit                                    3600
                              use_vi_cos                                   false
                              use_vi_cus                                   false
                         use_vi_hc1_full                                   false
                         use_vi_hc1_half                                   false
                      use_vi_hc1_quarter                                   false
                              use_vi_hc2                                   false
                              use_vi_hc3                                   false
                         use_vi_lex_full                                   false
                         use_vi_lex_half                                   false
                      use_vi_lex_quarter                                   false
                              use_vi_qua                                   false
                               use_vi_vc                                    true
                               use_vi_vr                                   false
--------------------------------------------------------------------------------
executing instance: ./input/Instances/Original/1/absH3high_1n5.dat
--------------------------------------------------------------------------------
Instance details
n	6
H	3
C	289
Li:
[0, 0, 0, 0, 0, 0, ]
Ui:
[0, 195, 105, 116, 72, 22, ]
Distance matrix:
|0	85	349	17	203	289	|
|85	0	265	102	214	226	|
|349	265	0	366	368	238	|
|17	102	366	0	207	302	|
|203	214	368	207	0	431	|
|289	226	238	302	431	0	|

--------------------------------------------------------------------------------
Building model...
	using lazy and cut (CVRPSEP package)
Solving IRP LP...
--------------------------------------------------------------------------------

Gurobi 9.1.0 (linux64) logging started Fri Jan  8 21:13:21 2021

Gurobi Optimizer version 9.1.0 build v9.1.0rc0 (linux64)
Thread count: 32 physical cores, 32 logical processors, using up to 2 threads
Optimize a model with 132 rows, 180 columns and 573 nonzeros
Model fingerprint: 0xe7a11460
Variable types: 54 continuous, 126 integer (36 binary)
Coefficient statistics:
  Matrix range     [1e+00, 2e+02]
  Objective range  [2e-01, 4e+02]
  Bounds range     [1e+00, 2e+02]
  RHS range        [1e+01, 5e+02]
Presolve removed 40 rows and 22 columns
Presolve time: 0.01s
Presolved: 92 rows, 158 columns, 453 nonzeros
Variable types: 32 continuous, 126 integer (96 binary)
Found heuristic solution: objective 3206.2700000
Found heuristic solution: objective 2882.7800000

Root relaxation: objective 1.636437e+03, 125 iterations, 0.00 seconds

    Nodes    |    Current Node    |     Objective Bounds      |     Work
 Expl Unexpl |  Obj  Depth IntInf | Incumbent    BestBd   Gap | It/Node Time

     0     0 1636.43659    0   17 2882.78000 1636.43659  43.2%     -    0s
     0     0 1762.23948    0   22 2882.78000 1762.23948  38.9%     -    0s
H    0     0                    2864.4900000 1762.23948  38.5%     -    0s
     0     0 2141.93196    0   31 2864.49000 2141.93196  25.2%     -    0s
     0     0 2141.93196    0   34 2864.49000 2141.93196  25.2%     -    0s
     0     0 2176.03547    0   44 2864.49000 2176.03547  24.0%     -    0s
H    0     0                    2851.5900000 2176.03547  23.7%     -    0s
     0     0 2177.21345    0   49 2851.59000 2177.21345  23.6%     -    0s
     0     0 2177.34316    0   50 2851.59000 2177.34316  23.6%     -    0s
     0     0 2187.72558    0   31 2851.59000 2187.72558  23.3%     -    0s
H    0     0                    2302.3500000 2187.72558  4.98%     -    0s
     0     0 2188.05250    0   41 2302.35000 2188.05250  4.96%     -    0s
     0     0 2196.53785    0   45 2302.35000 2196.53785  4.60%     -    0s
     0     0 2201.19352    0   49 2302.35000 2201.19352  4.39%     -    0s
     0     0 2201.19352    0   49 2302.35000 2201.19352  4.39%     -    0s
     0     0 2201.26432    0   32 2302.35000 2201.26432  4.39%     -    0s
     0     0 2201.57462    0   30 2302.35000 2201.57462  4.38%     -    0s
     0     0 2201.57462    0   32 2302.35000 2201.57462  4.38%     -    0s
     0     0 2201.57462    0   14 2302.35000 2201.57462  4.38%     -    0s
H    0     0                    2266.6100000 2201.57462  2.87%     -    0s
     0     0 2222.29697    0   12 2266.61000 2222.29697  1.96%     -    0s
     0     0 2222.29697    0   40 2266.61000 2222.29697  1.96%     -    0s
     0     0 2222.29697    0   27 2266.61000 2222.29697  1.96%     -    0s
     0     0 2222.29697    0   35 2266.61000 2222.29697  1.96%     -    0s
     0     0 2222.29697    0   26 2266.61000 2222.29697  1.96%     -    0s
     0     0 2222.29697    0   21 2266.61000 2222.29697  1.96%     -    0s
     0     0 2222.29697    0   21 2266.61000 2222.29697  1.96%     -    0s
     0     0 2222.29697    0   24 2266.61000 2222.29697  1.96%     -    0s
     0     0 2222.29697    0   21 2266.61000 2222.29697  1.96%     -    0s
     0     0 2222.29697    0   28 2266.61000 2222.29697  1.96%     -    0s
     0     0 2222.29697    0   15 2266.61000 2222.29697  1.96%     -    0s
     0     0 2222.29697    0   27 2266.61000 2222.29697  1.96%     -    0s
     0     0 2222.29697    0   23 2266.61000 2222.29697  1.96%     -    0s
     0     0 2222.29697    0   23 2266.61000 2222.29697  1.96%     -    0s
     0     2 2238.09828    0   23 2266.61000 2238.09828  1.26%     -    0s

Cutting planes:
  Cover: 8
  MIR: 12
  Flow cover: 7
  Zero half: 1
  RLT: 6
  Relax-and-lift: 2

Explored 8 nodes (955 simplex iterations) in 0.19 seconds
Thread count was 2 (of 32 available processors)

Solution count 6: 2266.61 2302.35 2851.59 ... 3206.27

Optimal solution found (tolerance 1.00e-04)
Best objective 2.266610000000e+03, best bound 2.266610000000e+03, gap 0.0000%

User-callback calls 305, time in user-callback 0.01 sec
================================================================================
executing instance: ./input/Instances/Original/1/absH3high_1n45.dat
--------------------------------------------------------------------------------
Instance details
n	46
H	3
C	3462
Li:
[0, 0, 0, 0, 0, 0, 0, 0, 0, 0, 0, 0, 0, 0, 0, 0, 0, 0, 0, 0, 0, 0, 0, 0, 0, 0, 0, 0, 0, 0, 0, 0, 0, 0, 0, 0, 0, 0, 0, 0, 0, 0, 0, 0, 0, 0, ]
Ui:
[0, 273, 270, 36, 165, 192, 148, 45, 30, 75, 180, 198, 112, 117, 90, 64, 180, 22, 264, 174, 168, 270, 86, 66, 26, 66, 237, 156, 92, 108, 144, 72, 30, 45, 94, 54, 174, 96, 198, 136, 44, 180, 210, 249, 198, 48, ]
Distance matrix:
|0	281	201	160	249	201	93	431	236	139	252	136	116	166	390	110	349	374	303	180	327	464	236	70	44	461	346	439	363	254	312	426	305	206	71	137	169	200	247	260	20	219	256	253	460	278	|
|281	0	448	170	53	142	338	184	121	290	371	390	222	302	111	289	169	434	230	177	238	441	59	212	319	211	86	235	399	306	53	176	99	202	263	157	361	101	370	201	264	344	364	374	469	184	|
|201	448	0	285	430	325	114	556	361	171	191	64	228	174	546	294	453	306	364	289	388	435	393	254	157	585	491	536	318	254	490	554	436	407	266	292	108	388	186	337	207	181	205	190	408	364	|
|160	170	285	0	169	43	182	280	80	120	208	231	58	132	262	230	190	294	151	24	174	345	112	107	183	309	207	280	268	158	219	276	155	235	187	45	192	150	205	107	140	177	202	210	356	119	|
|249	53	430	169	0	152	317	238	145	282	377	369	212	299	157	242	215	452	261	183	273	474	76	181	290	264	140	287	421	320	63	229	145	148	221	142	352	53	374	226	234	346	370	378	498	215	|
|201	142	325	43	152	0	224	237	37	156	230	273	101	164	224	261	148	300	127	38	147	333	83	142	225	266	167	238	270	168	193	233	112	246	221	70	228	148	228	84	180	202	222	232	351	87	|
|93	338	114	182	317	224	0	460	262	92	180	52	124	112	440	199	364	307	292	191	317	415	284	140	57	490	387	452	304	208	377	457	336	297	163	181	84	274	175	256	95	152	188	180	402	280	|
|431	184	556	280	238	237	460	0	199	385	420	508	337	385	108	464	110	429	219	269	206	378	202	365	460	30	98	84	388	340	204	9	126	386	432	294	453	283	421	226	411	404	408	423	422	198	|
|236	121	361	80	145	37	262	199	0	191	255	310	138	197	191	290	114	312	118	72	133	330	69	175	262	229	132	204	279	186	174	195	75	258	251	102	262	153	254	81	216	230	246	257	353	72	|
|139	290	171	120	282	156	92	385	191	0	116	129	71	27	380	246	283	235	201	119	226	329	231	141	129	414	323	367	224	119	336	383	266	308	202	141	72	252	112	169	127	82	118	117	322	195	|
|252	371	191	208	377	230	180	420	255	116	0	187	178	90	443	361	311	127	204	195	224	246	313	257	232	446	382	380	129	81	423	421	320	422	318	242	100	355	5	195	241	34	15	2	225	224	|
|136	390	64	231	369	273	52	508	310	129	187	0	173	141	491	233	409	313	330	239	355	431	335	191	93	538	438	495	316	233	429	505	385	342	203	233	88	325	182	297	143	167	199	187	412	323	|
|116	222	228	58	212	101	124	337	138	71	178	173	0	91	319	206	244	284	187	69	212	357	165	85	130	367	265	333	264	151	267	333	213	244	161	70	140	181	175	145	97	145	177	180	359	165	|
|166	302	174	132	299	164	112	385	197	27	90	141	91	0	388	273	280	208	191	127	215	305	243	167	153	413	329	361	198	96	351	383	270	333	229	159	68	272	86	163	153	56	92	91	296	190	|
|390	111	546	262	157	224	440	108	191	380	443	491	319	388	0	399	164	480	264	261	261	456	156	320	426	125	62	186	442	369	107	99	125	300	374	260	452	210	443	252	372	420	433	446	494	227	|
|110	289	294	230	242	261	199	464	290	246	361	233	206	273	399	0	402	480	382	254	404	562	262	124	143	493	369	490	466	355	302	457	344	135	45	191	279	189	356	337	120	328	364	362	563	348	|
|349	169	453	190	215	148	364	110	114	283	311	409	244	280	164	402	0	324	110	174	101	292	151	289	372	135	109	90	284	230	212	111	70	354	364	216	348	245	312	118	329	295	298	313	330	90	|
|374	434	306	294	452	300	307	429	312	235	127	313	284	208	480	480	324	0	216	274	223	137	380	368	357	448	419	367	40	136	487	432	358	525	436	336	227	443	132	234	361	156	119	127	102	255	|
|303	230	364	151	261	127	292	219	118	201	204	330	187	191	264	382	110	216	0	128	25	213	185	258	314	243	203	176	178	123	282	221	144	372	338	193	256	270	206	45	283	193	191	206	239	46	|
|180	177	289	24	183	38	191	269	72	119	195	239	69	127	261	254	174	274	128	0	151	321	118	130	198	299	204	263	246	139	228	266	147	258	211	68	191	169	193	83	159	166	188	197	333	98	|
|327	238	388	174	273	147	317	206	133	226	224	355	212	215	261	404	101	223	25	151	0	203	198	281	339	228	202	156	184	143	288	209	146	390	362	215	280	286	226	68	308	215	210	226	235	61	|
|464	441	435	345	474	333	415	378	330	329	246	431	357	305	456	562	292	137	213	321	203	0	398	440	458	390	400	301	117	211	492	384	348	578	517	389	344	480	251	251	448	265	233	246	54	259	|
|236	59	393	112	76	83	284	202	69	231	313	335	165	243	156	262	151	380	185	118	198	398	0	167	270	231	110	233	347	250	110	195	85	203	230	103	303	95	311	150	217	284	305	315	422	139	|
|70	212	254	107	181	142	140	365	175	141	257	191	85	167	320	124	289	368	258	130	281	440	167	0	109	394	277	378	349	236	244	359	239	167	81	73	196	135	253	213	53	223	257	258	444	226	|
|44	319	157	183	290	225	57	460	262	129	232	93	130	153	426	143	372	357	314	198	339	458	270	109	0	490	379	462	351	247	353	456	334	250	110	168	140	243	226	274	56	201	238	232	449	294	|
|461	211	585	309	264	266	490	30	229	414	446	538	367	413	125	493	135	448	243	299	228	390	231	394	490	0	125	89	408	365	226	36	156	412	462	324	481	311	447	253	441	430	433	448	436	225	|
|346	86	491	207	140	167	387	98	132	323	382	438	265	329	62	369	109	419	203	204	202	400	110	277	379	125	0	155	381	307	113	90	63	288	339	211	394	186	382	190	327	359	371	384	436	165	|
|439	235	536	280	287	238	452	84	204	367	380	495	333	361	186	490	90	367	176	263	156	301	233	378	462	89	155	0	326	299	267	92	148	432	454	306	429	325	382	199	419	369	366	382	348	172	|
|363	399	318	268	421	270	304	388	279	224	129	316	264	198	442	466	284	40	178	246	184	117	347	349	351	408	381	326	0	113	452	391	321	502	422	311	229	415	134	199	348	152	118	130	98	219	|
|254	306	254	158	320	168	208	340	186	119	81	233	151	96	369	355	230	136	123	139	143	211	250	236	247	365	307	299	113	0	359	340	244	390	310	200	148	308	83	117	238	74	68	83	208	145	|
|312	53	490	219	63	193	377	204	174	336	423	429	267	351	107	302	212	487	282	228	288	492	110	244	353	226	113	267	452	359	0	195	145	194	283	199	407	115	421	254	296	394	415	425	521	237	|
|426	176	554	276	229	233	457	9	195	383	421	505	333	383	99	457	111	432	221	266	209	384	195	359	456	36	90	92	391	340	195	0	122	378	426	289	451	275	421	226	406	404	408	423	427	197	|
|305	99	436	155	145	112	336	126	75	266	320	385	213	270	125	344	70	358	144	147	146	348	85	239	334	156	63	148	321	244	145	122	0	286	310	168	336	177	320	128	285	298	309	322	381	103	|
|206	202	407	235	148	246	297	386	258	308	422	342	244	333	300	135	354	525	372	258	390	578	203	167	250	412	288	432	502	390	194	378	286	0	144	191	362	109	418	329	202	388	421	423	591	329	|
|71	263	266	187	221	221	163	432	251	202	318	203	161	229	374	45	364	436	338	211	362	517	230	81	110	462	339	454	422	310	283	426	310	144	0	150	239	168	313	294	77	285	321	319	518	306	|
|137	157	292	45	142	70	181	294	102	141	242	233	70	159	260	191	216	336	193	68	215	389	103	73	168	324	211	306	311	200	199	289	168	191	150	0	210	113	239	148	117	210	238	244	400	157	|
|169	361	108	192	352	228	84	453	262	72	100	88	140	68	452	279	348	227	256	191	280	344	303	196	140	481	394	429	229	148	407	451	336	362	239	210	0	318	95	231	164	79	111	100	325	258	|
|200	101	388	150	53	148	274	283	153	252	355	325	181	272	210	189	245	443	270	169	286	480	95	135	243	311	186	325	415	308	115	275	177	109	168	113	318	0	352	230	187	323	351	357	498	225	|
|247	370	186	205	374	228	175	421	254	112	5	182	175	86	443	356	312	132	206	193	226	251	311	253	226	447	382	382	134	83	421	421	320	418	313	239	95	352	0	196	237	30	19	6	230	224	|
|260	201	337	107	226	84	256	226	81	169	195	297	145	163	252	337	118	234	45	83	68	251	150	213	274	253	190	199	199	117	254	226	128	329	294	148	231	230	196	0	240	178	184	198	272	29	|
|20	264	207	140	234	180	95	411	216	127	241	143	97	153	372	120	329	361	283	159	308	448	217	53	56	441	327	419	348	238	296	406	285	202	77	117	164	187	237	240	0	208	245	242	446	257	|
|219	344	181	177	346	202	152	404	230	82	34	167	145	56	420	328	295	156	193	166	215	265	284	223	201	430	359	369	152	74	394	404	298	388	285	210	79	323	30	178	208	0	37	35	250	206	|
|256	364	205	202	370	222	188	408	246	118	15	199	177	92	433	364	298	119	191	188	210	233	305	257	238	433	371	366	118	68	415	408	309	421	321	238	111	351	19	184	245	37	0	17	214	212	|
|253	374	190	210	378	232	180	423	257	117	2	187	180	91	446	362	313	127	206	197	226	246	315	258	232	448	384	382	130	83	425	423	322	423	319	244	100	357	6	198	242	35	17	0	225	226	|
|460	469	408	356	498	351	402	422	353	322	225	412	359	296	494	563	330	102	239	333	235	54	422	444	449	436	436	348	98	208	521	427	381	591	518	400	325	498	230	272	446	250	214	225	0	285	|
|278	184	364	119	215	87	280	198	72	195	224	323	165	190	227	348	90	255	46	98	61	259	139	226	294	225	165	172	219	145	237	197	103	329	306	157	258	225	224	29	257	206	212	226	285	0	|

--------------------------------------------------------------------------------
Building model...
	using lazy and cut (CVRPSEP package)
Solving IRP LP...
--------------------------------------------------------------------------------

Gurobi 9.1.0 (linux64) logging started Fri Jan  8 21:13:21 2021

Gurobi Optimizer version 9.1.0 build v9.1.0rc0 (linux64)
Thread count: 32 physical cores, 32 logical processors, using up to 2 threads
Optimize a model with 1012 rows, 6940 columns and 15733 nonzeros
Model fingerprint: 0x5f2721cd
Variable types: 454 continuous, 6486 integer (276 binary)
Coefficient statistics:
  Matrix range     [1e+00, 2e+03]
  Objective range  [1e-01, 6e+02]
  Bounds range     [1e+00, 3e+02]
  RHS range        [1e+01, 6e+03]
Presolve removed 239 rows and 128 columns
Presolve time: 0.06s
Presolved: 773 rows, 6812 columns, 14817 nonzeros
Variable types: 326 continuous, 6486 integer (6216 binary)

Root relaxation: objective 1.302212e+04, 624 iterations, 0.01 seconds

    Nodes    |    Current Node    |     Objective Bounds      |     Work
 Expl Unexpl |  Obj  Depth IntInf | Incumbent    BestBd   Gap | It/Node Time

     0     0 13022.1222    0  115          - 13022.1222      -     -    0s
     0     0 13395.1357    0  126          - 13395.1357      -     -    0s
     0     0 13411.4631    0  133          - 13411.4631      -     -    0s
     0     0 13411.7939    0  135          - 13411.7939      -     -    0s
     0     0 13932.9011    0  205          - 13932.9011      -     -    0s
     0     0 13951.4755    0  191          - 13951.4755      -     -    0s
     0     0 13967.2347    0  225          - 13967.2347      -     -    0s
     0     0 13971.8525    0  226          - 13971.8525      -     -    0s
     0     0 13971.8525    0  226          - 13971.8525      -     -    0s
     0     0 14070.2457    0  212          - 14070.2457      -     -    0s
     0     0 14092.0280    0  224          - 14092.0280      -     -    0s
     0     0 14176.3623    0  257          - 14176.3623      -     -    0s
     0     0 14189.5340    0  239          - 14189.5340      -     -    0s
     0     0 14190.8719    0  208          - 14190.8719      -     -    0s
     0     0 14250.0715    0  209          - 14250.0715      -     -    1s
     0     0 14261.7219    0  224          - 14261.7219      -     -    1s
     0     0 14265.4318    0  214          - 14265.4318      -     -    1s
     0     0 14266.4512    0  224          - 14266.4512      -     -    1s
     0     0 14304.2268    0  284          - 14304.2268      -     -    1s
     0     0 14306.5471    0  272          - 14306.5471      -     -    1s
     0     0 14308.2440    0  314          - 14308.2440      -     -    1s
     0     0 14310.5818    0  211          - 14310.5818      -     -    1s
     0     0 14311.3312    0  165          - 14311.3312      -     -    1s
     0     0 14316.9823    0  226          - 14316.9823      -     -    1s
     0     0 14316.9823    0  223          - 14316.9823      -     -    1s
     0     2 14316.9823    0  223          - 14316.9823      -     -    2s
   130   140 14515.1796   33  165          - 14321.2760      -  97.7    5s
   574   567 15100.9591  130   10          - 14321.2760      -  48.8   10s
   736   690 15075.0514  109  356          - 14366.2538      -  52.5   15s
   756   703 16835.4000  174  338          - 14400.1441      -  51.1   20s
   769   715 14465.2676   13  298          - 14432.9562      -  65.8   25s
   847   771 14740.3516   31  141          - 14432.9562      -  80.3   30s
   971   870 14875.3380   63  102          - 14432.9562      -  91.3   35s
  1176  1032 15208.1923   91   54          - 14432.9562      -  89.2   40s
* 1317  1037             183    17024.390000 14432.9562  15.2%  83.2   42s
  1370  1003 15617.4141  116   51 17024.3900 14432.9562  15.2%  80.2   46s
  1489  1091 16481.7800  167    6 17024.3900 14432.9562  15.2%  77.3   50s
  1608  1126 14697.7197   28  106 17024.3900 14459.9393  15.1%  78.5   55s
  1684  1194 14854.0517   43  115 17024.3900 14459.9393  15.1%  82.1   60s
* 1777   849              78    15163.330000 14459.9393  4.64%  81.5   64s
* 1779   807              80    15144.330000 14459.9393  4.52%  81.5   64s
  1800   780     cutoff   80      15144.3300 14460.1697  4.52%  81.3   65s
  1889   846 14884.5292   43  127 15144.3300 14465.6097  4.48%  84.0   70s
  2017   949 15039.9770  102   46 15144.3300 14465.6097  4.48%  83.2   75s
  2181   994 14651.6421   21  299 15144.3300 14465.8343  4.48%  80.9   80s
  2334  1035 14895.5909   22  169 15144.3300 14467.1865  4.47%  80.4   86s
  2417  1069 14742.6191   23  103 15144.3300 14471.3542  4.44%  82.2   90s
  2499  1143 14858.7070   58   20 15144.3300 14471.3542  4.44%  82.5   95s
  2602  1154 15068.0771   60    4 15144.3300 14471.4109  4.44%  81.6  100s
  2673  1260 14870.2938   22   72 15144.3300 14471.4109  4.44%  82.9  105s
  2804  1315 14992.8209   48   97 15144.3300 14474.1970  4.42%  83.4  110s
  2855  1347 14784.0324   16  248 15144.3300 14486.9564  4.34%  84.2  116s
H 2856   833                    14932.460000 14486.9564  2.98%  84.2  116s
  2884   876 14670.7801   21  231 14932.4600 14486.9564  2.98%  85.3  120s
  2956   934 14810.1261   38   24 14932.4600 14486.9564  2.98%  86.6  125s
  3073  1006 14553.2330   21  346 14932.4600 14492.2606  2.95%  86.2  130s
  3169  1135 14922.3654   47   89 14932.4600 14492.5856  2.95%  87.7  136s
  3313  1194 14653.0246   16  317 14932.4600 14495.6295  2.93%  87.1  140s
  3420  1284 14606.7443   17  239 14932.4600 14510.2754  2.83%  87.8  146s
  3542  1360 14531.2733   18  326 14932.4600 14510.8729  2.82%  89.3  152s
  3599  1452 14648.3662   21  277 14932.4600 14510.8729  2.82%  90.3  156s
  3720  1517 14892.7334   38  104 14932.4600 14513.8947  2.80%  89.7  160s
H 3751  1505                    14930.460000 14513.8947  2.79%  89.5  160s
H 3778  1209                    14881.200000 14514.0489  2.47%  90.0  161s
  3849  1249     cutoff   23      14881.2000 14518.1407  2.44%  91.1  167s
  3923  1258     cutoff   31      14881.2000 14521.0943  2.42%  91.8  170s
  4010  1345 14811.8447   28  153 14881.2000 14525.3954  2.39%  93.4  178s
  4094  1375     cutoff   44      14881.2000 14527.2477  2.38%  93.9  182s
  4170  1379 14724.4085   18  219 14881.2000 14528.7535  2.37%  94.6  192s
H 4171  1064                    14831.900000 14528.7535  2.04%  94.6  193s
  4174  1108 14769.7612   21  237 14831.9000 14529.7766  2.04%  94.7  196s
  4240  1153 14809.8237   32  198 14831.9000 14531.4273  2.03%  95.8  200s
H 4255  1005                    14808.899999 14531.4273  1.87%  96.1  200s
  4301  1039     cutoff   42      14808.9000 14532.5964  1.87%  96.8  205s
  4467  1066 14782.3319   27  261 14808.9000 14537.8082  1.83%  98.4  210s
  4557  1153 14673.0031   20  137 14808.9000 14540.0592  1.82%  99.4  219s
  4660  1186 14631.3785   14  246 14808.9000 14542.9194  1.80%   100  224s
  4728  1231 14636.9713   20  269 14808.9000 14544.7434  1.78%   102  229s
  4812  1268 14780.7531   33  206 14808.9000 14546.0707  1.77%   103  234s
  4943  1310 14618.0874   19  175 14808.9000 14548.4213  1.76%   103  240s
  5053  1354 14675.7021   20  305 14808.9000 14551.6499  1.74%   104  246s
  5125  1403 14682.2703   22  193 14808.9000 14552.0527  1.73%   105  251s
  5244  1450 14621.6267   19  282 14808.9000 14554.8182  1.72%   106  257s
  5333  1504 14705.1249   31  248 14808.9000 14556.3465  1.71%   107  263s
  5460  1560 14720.5610   18  152 14808.9000 14557.1008  1.70%   108  270s
  5577  1614     cutoff   39      14808.9000 14557.8927  1.69%   109  276s
  5701  1677 14736.3464   28  204 14808.9000 14562.9104  1.66%   110  284s
  5836  1677 14702.3819   28  123 14808.9000 14567.2606  1.63%   111  285s
  5838  1722 14642.5489   22  231 14808.9000 14569.6058  1.62%   111  292s
  5992  1761 14655.5918   20  246 14808.9000 14571.7857  1.60%   112  298s
  6103  1847 14719.2393   27  235 14808.9000 14573.3201  1.59%   113  306s
  6266  1887     cutoff   36      14808.9000 14574.8961  1.58%   114  313s
  6413  1940 14609.7318   22  313 14808.9000 14578.2546  1.56%   114  320s
  6539  2001 14636.3040   24  231 14808.9000 14580.0346  1.55%   115  328s
  6694  2045 14754.9313   27  160 14808.9000 14583.7866  1.52%   116  336s
  6803  2103 14676.6124   21  296 14808.9000 14584.4167  1.52%   117  344s
  6951  2144 14715.4018   21  247 14808.9000 14585.8572  1.51%   117  351s
  7093  2187 14738.8466   31  249 14808.9000 14590.9606  1.47%   118  359s
  7275  2266 14771.5477   25  230 14808.9000 14592.6239  1.46%   118  369s
  7410  2266 14758.2043   32   32 14808.9000 14595.2612  1.44%   119  370s
  7463  2359 14638.4896   23  360 14808.9000 14595.6660  1.44%   119  379s
  7617  2359 14794.8903   36  154 14808.9000 14597.9534  1.42%   120  380s
  7647  2460 14750.8914   25  251 14808.9000 14598.2794  1.42%   120  388s
  7862  2523 14653.4178   26  293 14808.9000 14600.5552  1.41%   120  397s
  8044  2576 14708.0148   23  238 14808.9000 14602.6076  1.39%   121  406s
  8192  2658 14733.0865   20  219 14808.9000 14603.8815  1.38%   121  415s
  8393  2732 14773.7743   30  232 14808.9000 14605.1024  1.38%   122  425s
  8558  2791     cutoff   44      14808.9000 14606.3107  1.37%   122  435s
  8750  2855 14779.2011   40  142 14808.9000 14607.7112  1.36%   123  445s
  8953  2904 14801.1120   36  177 14808.9000 14608.9794  1.35%   123  455s
  9124  2997 14705.2725   24  283 14808.9000 14609.9391  1.34%   124  465s
  9351  3067     cutoff   32      14808.9000 14611.1257  1.34%   124  475s
  9537  3129 14786.1162   32   69 14808.9000 14612.9238  1.32%   126  485s
  9757  3173     cutoff   28      14808.9000 14614.0936  1.32%   126  494s
  9908  3256 14740.1950   24  109 14808.9000 14615.4273  1.31%   127  504s
 10141  3302 14749.4571   21  249 14808.9000 14616.4874  1.30%   126  513s
 10349  3402 14775.6814   31  203 14808.9000 14618.5741  1.29%   127  524s
 10423  3402 14764.3212   29   73 14808.9000 14618.5741  1.29%   127  525s
 10577  3458     cutoff   30      14808.9000 14619.7323  1.28%   127  536s
 10777  3513 14772.9560   23  186 14808.9000 14620.5488  1.27%   127  545s
 10986  3580 14804.4533   39  164 14808.9000 14621.8772  1.26%   127  555s
 11211  3681     cutoff   31      14808.9000 14622.8782  1.26%   128  565s
 11472  3770 14783.3626   26   95 14808.9000 14624.4268  1.25%   127  576s
 11727  3848 14704.8147   28  279 14808.9000 14625.7389  1.24%   128  587s
 11931  3892 14664.9857   22  327 14808.9000 14626.4986  1.23%   128  597s
 12115  3940 14779.0864   25  200 14808.9000 14627.1288  1.23%   128  607s
 12254  4007 14749.1632   27  194 14808.9000 14628.4201  1.22%   128  616s
 12492  4075 14705.8736   21  159 14808.9000 14629.5833  1.21%   128  627s
 12705  4144 infeasible   30      14808.9000 14630.8749  1.20%   128  672s
 12956  4242 14659.8653   28  203 14808.9000 14631.7570  1.20%   128  683s
 13164  4279 14754.3736   23  242 14808.9000 14632.1395  1.19%   128  693s
 13375  4279 14772.8181   22  188 14808.9000 14633.0710  1.19%   129  695s
 13380  4331 14738.3156   20  201 14808.9000 14633.1000  1.19%   129  704s
 13579  4331 14729.1954   31   87 14808.9000 14633.7715  1.18%   129  705s
 13606  4399 14806.6960   32  259 14808.9000 14633.9443  1.18%   129  714s
 13670  4399 14800.7276   34  254 14808.9000 14633.9443  1.18%   129  715s
 13841  4482     cutoff   30      14808.9000 14635.1302  1.17%   129  725s
 14106  4530     cutoff   23      14808.9000 14636.4246  1.16%   130  736s
 14354  4627 14764.0861   25  161 14808.9000 14637.6744  1.16%   130  747s
 14629  4727 14735.6758   22  242 14808.9000 14638.7008  1.15%   130  758s
 14901  4803     cutoff   36      14808.9000 14639.6564  1.14%   130  769s
 15089  4803 14700.0520   25  129 14808.9000 14640.8473  1.13%   130  770s
 15164  4848     cutoff   33      14808.9000 14641.0198  1.13%   130  779s
 15446  4890 14757.5166   24  256 14808.9000 14641.9337  1.13%   130  790s
 15687  4964     cutoff   29      14808.9000 14642.7277  1.12%   130  801s
 15953  5074 14794.9216   24  154 14808.9000 14643.3762  1.12%   130  811s
 16213  5145 14784.7909   45   97 14808.9000 14644.5580  1.11%   130  822s
 16490  5188 14677.6285   18  282 14808.9000 14645.3094  1.10%   130  832s
 16711  5245 14717.3155   23  233 14808.9000 14645.7876  1.10%   130  842s
 16976  5272     cutoff   28      14808.9000 14646.6612  1.10%   130  856s
 17032  5321 14806.9426   27  145 14808.9000 14646.9792  1.09%   130  865s
 17302  5403 14770.7480   34  175 14808.9000 14648.0842  1.09%   130  876s
 17586  5488 14796.6387   33  151 14808.9000 14648.9055  1.08%   130  888s
 17879  5568     cutoff   31      14808.9000 14649.6995  1.08%   130  899s
 18177  5664 14788.8411   40  157 14808.9000 14650.4258  1.07%   130  910s
 18449  5739     cutoff   27      14808.9000 14651.1878  1.06%   130  922s
 18730  5798 14757.1356   32  156 14808.9000 14651.7369  1.06%   130  932s
 18968  5864 14734.2691   26  281 14808.9000 14652.6796  1.05%   130  943s
 19192  5918     cutoff   26      14808.9000 14653.2667  1.05%   131  953s
 19436  6027 14737.6903   27  203 14808.9000 14654.1480  1.04%   131  964s
 19600  6027 14763.3948   23  202 14808.9000 14655.1218  1.04%   131  965s
 19769  6099 14749.6384   34  235 14808.9000 14655.1856  1.04%   130  974s
 19828  6099 14734.8712   35  235 14808.9000 14655.1856  1.04%   131  975s
 20012  6162 14708.7044   28  223 14808.9000 14656.1376  1.03%   131  985s
 20245  6228 14785.8896   32  220 14808.9000 14656.6858  1.03%   131  995s
 20554  6273 14705.1428   28  209 14808.9000 14657.6542  1.02%   131 1005s
 20803  6314     cutoff   37      14808.9000 14658.3431  1.02%   131 1015s
 21021  6356 14776.3297   25  304 14808.9000 14659.1834  1.01%   131 1025s
 21287  6402     cutoff   31      14808.9000 14659.8583  1.01%   131 1036s
 21571  6507 14778.5680   31  253 14808.9000 14660.5445  1.00%   131 1047s
 21875  6549 14735.7673   30  289 14808.9000 14661.3572  1.00%   131 1058s
 22148  6614     cutoff   33      14808.9000 14662.6823  0.99%   131 1069s
 22229  6614 14755.6017   24   43 14808.9000 14662.6823  0.99%   131 1070s
 22458  6686 14736.2933   29  154 14808.9000 14663.2609  0.98%   131 1080s
 22771  6764     cutoff   29      14808.9000 14664.0136  0.98%   130 1091s
 23061  6852 14750.4869   34  136 14808.9000 14664.7327  0.97%   130 1102s
 23353  6912 14790.5476   27  173 14808.9000 14665.7943  0.97%   130 1112s
 23633  6956 14769.1710   24  190 14808.9000 14666.7925  0.96%   130 1123s
 23899  7038 14746.0836   27  131 14808.9000 14667.5655  0.95%   130 1134s
 24187  7095 14793.9701   24  158 14808.9000 14668.1645  0.95%   130 1145s
 24493  7139 14777.0543   23  112 14808.9000 14668.7970  0.95%   130 1155s
 24750  7203 14777.4103   26  178 14808.9000 14669.5258  0.94%   130 1166s
 25056  7268 14745.4154   28  143 14808.9000 14670.1342  0.94%   130 1177s
 25367  7337 14777.4105   32  252 14808.9000 14670.5579  0.93%   130 1188s
 25603  7337 14800.4827   33  248 14808.9000 14671.1490  0.93%   130 1190s
 25686  7385 14675.9399   21  184 14808.9000 14671.1657  0.93%   130 1199s
 25761  7385 14762.6658   23   91 14808.9000 14671.1657  0.93%   130 1200s
 25983  7475 14758.7732   27  307 14808.9000 14671.8416  0.93%   130 1210s
 26303  7527 14730.5459   19  234 14808.9000 14672.6242  0.92%   130 1221s
 26581  7622     cutoff   34      14808.9000 14673.1452  0.92%   130 1232s
 26906  7661 14780.4524   30  218 14808.9000 14673.5241  0.91%   130 1243s
 27177  7732 14725.4265   24  219 14808.9000 14674.3639  0.91%   130 1254s
 27472  7781 14797.0514   29  165 14808.9000 14675.3774  0.90%   129 1265s
 27756  7861 14731.4520   23  241 14808.9000 14676.1768  0.90%   129 1277s
 28085  7933 14715.9309   23  256 14808.9000 14676.6381  0.89%   129 1289s
 28230  7933 14723.4940   24  179 14808.9000 14677.0823  0.89%   129 1290s
 28366  7967 14751.3895   35  211 14808.9000 14677.1090  0.89%   129 1299s
 28476  7967 14771.8415   29  212 14808.9000 14677.1090  0.89%   129 1300s
 28630  8031 14736.7203   29  213 14808.9000 14677.7435  0.89%   129 1310s
 28918  8107 14715.8858   28  188 14808.9000 14678.4396  0.88%   129 1321s
 29229  8166     cutoff   28      14808.9000 14679.1901  0.88%   129 1332s
 29543  8221     cutoff   33      14808.9000 14679.8012  0.87%   129 1343s
 29834  8254 14785.8400   21  126 14808.9000 14680.2721  0.87%   129 1354s
 30132  8299 14762.2308   28   24 14808.9000 14681.0366  0.86%   129 1364s
 30181  8299 14792.8803   35  267 14808.9000 14681.0366  0.86%   129 1365s
 30417  8370 14729.7769   20  260 14808.9000 14681.8407  0.86%   129 1376s
 30689  8436 14783.5386   32  172 14808.9000 14682.4284  0.85%   129 1387s
 31037  8474 14786.2381   27  277 14808.9000 14683.0252  0.85%   129 1400s
 31322  8521 14730.8061   23  315 14808.9000 14683.4117  0.85%   129 1412s
 31630  8582 14771.0214   33  193 14808.9000 14684.1137  0.84%   129 1424s
 31686  8582 14787.5769   36   76 14808.9000 14684.1137  0.84%   129 1425s
 31973  8620 14762.8305   22  280 14808.9000 14684.4973  0.84%   129 1437s
 32257  8659     cutoff   24      14808.9000 14685.0009  0.84%   129 1448s
 32478  8659 14770.9776   29  249 14808.9000 14685.4659  0.83%   129 1450s
 32554  8722 14803.3883   29  111 14808.9000 14685.4959  0.83%   129 1460s
 32899  8767 14775.0227   28  212 14808.9000 14686.1653  0.83%   129 1472s
 33219  8824 14783.6068   23  155 14808.9000 14686.5773  0.83%   129 1483s
 33533  8868 14759.9734   27  217 14808.9000 14687.3102  0.82%   129 1495s
 33861  8909 14793.9539   26  145 14808.9000 14687.6214  0.82%   129 1507s
 34145  8925 14776.3804   20  248 14808.9000 14688.1870  0.82%   129 1518s
 34461  8967 14713.7261   22  172 14808.9000 14688.7040  0.81%   129 1529s
 34563  8967 14758.6775   37  128 14808.9000 14688.7040  0.81%   129 1530s
 34791  9005     cutoff   28      14808.9000 14689.2602  0.81%   129 1541s
 35117  9065 14758.5100   23  204 14808.9000 14689.7739  0.80%   129 1553s
 35473  9112     cutoff   39      14808.9000 14690.3415  0.80%   128 1566s
 35808  9149 14805.3664   29  170 14808.9000 14690.9134  0.80%   128 1578s
 36133  9180 14767.1502   26  274 14808.9000 14691.3934  0.79%   128 1590s
 36456  9256     cutoff   24      14808.9000 14691.8063  0.79%   128 1603s
 36778  9256 14726.9237   35  196 14808.9000 14692.1299  0.79%   128 1605s
 36804  9311     cutoff   23      14808.9000 14692.1326  0.79%   128 1615s
 37127  9355 14786.6251   33  189 14808.9000 14692.7536  0.78%   128 1627s
 37448  9430 14763.2388   29  165 14808.9000 14693.2455  0.78%   128 1639s
 37507  9430 14699.2031   23  199 14808.9000 14693.2455  0.78%   128 1640s
 37779  9453     cutoff   32      14808.9000 14693.6294  0.78%   128 1652s
 38091  9503 14801.4555   39  165 14808.9000 14694.1284  0.78%   128 1664s
 38208  9503 14718.0470   26  227 14808.9000 14694.1284  0.78%   128 1665s
 38434  9521 14748.0318   33  153 14808.9000 14694.5103  0.77%   128 1676s
 38744  9552 14797.4331   22   90 14808.9000 14695.0901  0.77%   128 1687s
 39099  9588 14728.9227   21  144 14808.9000 14695.6523  0.76%   128 1700s
 39423  9618 14753.5985   34   39 14808.9000 14696.1818  0.76%   128 1712s
 39780  9645 14747.6828   27  188 14808.9000 14696.6174  0.76%   128 1725s
 40054  9708 14751.1927   29  193 14808.9000 14696.7901  0.76%   128 1737s
 40455  9783 14798.1485   26  134 14808.9000 14697.2450  0.75%   128 1751s
 40783  9832 14790.7059   31  108 14808.9000 14697.6954  0.75%   128 1763s
 41115  9876 14774.0102   32  159 14808.9000 14698.0188  0.75%   128 1822s
 41464  9901 14791.6486   39  134 14808.9000 14698.5711  0.75%   127 1834s
 41713  9901 14777.1314   22  147 14808.9000 14699.1242  0.74%   127 1835s
 41791  9960     cutoff   30      14808.9000 14699.1302  0.74%   127 1846s
 42168 10002     cutoff   29      14808.9000 14699.5235  0.74%   127 1858s
 42418 10002 14746.1840   25  267 14808.9000 14699.9450  0.74%   127 1860s
 42516 10040     cutoff   29      14808.9000 14699.9595  0.74%   127 1870s
 42874 10081 14750.8358   25  176 14808.9000 14700.3937  0.73%   127 1883s
 43209 10141 14750.0483   25  165 14808.9000 14700.9018  0.73%   127 1895s
 43609 10181 14784.7432   27   97 14808.9000 14701.2631  0.73%   127 1907s
 43971 10230     cutoff   24      14808.9000 14701.6342  0.72%   127 1919s
 44031 10230 14766.4386   33  126 14808.9000 14701.6342  0.72%   127 1920s
 44335 10286 14743.2927   31  141 14808.9000 14702.1324  0.72%   127 1931s
 44674 10313 14758.7681   27  115 14808.9000 14702.6574  0.72%   127 1943s
 44921 10313 14769.7447   33  157 14808.9000 14703.0868  0.71%   127 1945s
 45011 10352     cutoff   32      14808.9000 14703.1057  0.71%   127 1956s
 45372 10400     cutoff   39      14808.9000 14703.5923  0.71%   127 1968s
 45695 10417 14730.0343   27  263 14808.9000 14704.0527  0.71%   127 1980s
 45989 10449 14726.0532   29  198 14808.9000 14704.6149  0.70%   127 1992s
 46330 10480 14777.9289   27  164 14808.9000 14704.9762  0.70%   127 2004s
 46555 10480 14781.1612   35   50 14808.9000 14705.2087  0.70%   127 2005s
 46672 10509     cutoff   33      14808.9000 14705.2856  0.70%   127 2015s
 46999 10538     cutoff   34      14808.9000 14705.9121  0.70%   127 2027s
 47367 10561 14782.0361   30  110 14808.9000 14706.3250  0.69%   126 2039s
 47454 10561 infeasible   34      14808.9000 14706.3250  0.69%   126 2040s
 47663 10586     cutoff   34      14808.9000 14706.7132  0.69%   126 2051s
 47987 10625     cutoff   37      14808.9000 14707.0340  0.69%   126 2063s
 48355 10648     cutoff   28      14808.9000 14707.5685  0.68%   126 2075s
 48654 10651 14784.4440   36  218 14808.9000 14708.0623  0.68%   126 2086s
 48949 10726 14751.0751   27  241 14808.9000 14708.4502  0.68%   126 2098s
 49332 10728 14782.8972   37   67 14808.9000 14708.8043  0.68%   126 2110s
 49643 10759 14749.6019   24  283 14808.9000 14709.0717  0.67%   126 2122s
 49929 10761     cutoff   37      14808.9000 14709.5811  0.67%   126 2134s
 50194 10742 14736.2830   29  220 14808.9000 14709.9266  0.67%   126 2145s
 50489 10767 14766.0664   26  211 14808.9000 14710.2964  0.67%   126 2157s
 50833 10783     cutoff   25      14808.9000 14710.6482  0.66%   126 2169s
 51148 10826 14758.2677   31  153 14808.9000 14711.0694  0.66%   126 2180s
 51483 10854 14789.9061   29  241 14808.9000 14711.4461  0.66%   126 2192s
 51817 10855     cutoff   35      14808.9000 14711.9036  0.65%   126 2204s
 51909 10855 14776.2062   33  199 14808.9000 14711.9036  0.65%   126 2205s
 52147 10870     cutoff   34      14808.9000 14712.3613  0.65%   126 2216s
 52467 10907 14756.8028   23   83 14808.9000 14712.7402  0.65%   126 2228s
 52805 10915     cutoff   35      14808.9000 14713.2012  0.65%   126 2240s
 53062 10934 14780.7674   31  189 14808.9000 14713.4222  0.64%   126 2252s
 53419 10937     cutoff   30      14808.9000 14713.7981  0.64%   126 2264s
 53591 10937     cutoff   30      14808.9000 14714.1890  0.64%   126 2265s
 53780 10939     cutoff   32      14808.9000 14714.2078  0.64%   126 2276s
 54072 10973     cutoff   28      14808.9000 14714.7619  0.64%   126 2287s
 54430 10965 14764.1698   22  182 14808.9000 14715.2665  0.63%   126 2300s
 54679 10975 14752.0860   32  198 14808.9000 14715.6670  0.63%   126 2311s
 54960 10987 14779.4616   25  290 14808.9000 14716.0399  0.63%   126 2322s
 55245 11010 14732.6924   31   68 14808.9000 14716.3427  0.63%   126 2333s
 55500 11010 14799.1802   32   83 14808.9000 14716.7063  0.62%   126 2335s
 55561 10991     cutoff   30      14808.9000 14716.7063  0.62%   126 2345s
 55865 11026     cutoff   36      14808.9000 14717.1728  0.62%   126 2356s
 56213 11040     cutoff   32      14808.9000 14717.5018  0.62%   126 2368s
 56459 11040 14773.7135   19  191 14808.9000 14717.8466  0.61%   126 2370s
 56580 11063     cutoff   30      14808.9000 14717.8750  0.61%   126 2380s
 56943 11088     cutoff   38      14808.9000 14718.3158  0.61%   126 2391s
 57296 11081 14772.4220   23  225 14808.9000 14718.7462  0.61%   126 2403s
 57626 11109     cutoff   30      14808.9000 14719.0578  0.61%   126 2415s
