




arguments: ./build/mirp_solver -f ./input/orig_exec_118.cfg
Current dir: /scratch/gui/bnc_mirp
File verbosity level: 9
date       time         ( uptime  ) [ thread name/id ]                   file:line     v| 
2021-01-09 22:51:35.500 (   0.101s) [main thread     ]             loguru.cpp:789   INFO| Logging to './output/vi_vc/OU/V2/Original/execution_09_01_2021_22_51_35.log', mode: 'a', verbosity: 9
--------------------------------------------------------------------------------
Parameters
                           instance_path           ./input/Instances/Original/4/
                            model_policy                                       1
                             nb_vehicles                                       2
                              output_dir          ./output/vi_vc/OU/V2/Original/
                            sec_strategy                                       1
                       solver_nb_threads                                       2
                         solver_show_log                                    true
                       solver_time_limit                                    3600
                              use_vi_cos                                   false
                              use_vi_cus                                   false
                         use_vi_hc1_full                                   false
                         use_vi_hc1_half                                   false
                      use_vi_hc1_quarter                                   false
                              use_vi_hc2                                   false
                              use_vi_hc3                                   false
                         use_vi_lex_full                                   false
                         use_vi_lex_half                                   false
                      use_vi_lex_quarter                                   false
                              use_vi_qua                                   false
                               use_vi_vc                                    true
                               use_vi_vr                                   false
--------------------------------------------------------------------------------
executing instance: ./input/Instances/Original/4/absH3low_3n30.dat
--------------------------------------------------------------------------------
Instance details
n	31
H	3
C	2841
Li:
[0, 0, 0, 0, 0, 0, 0, 0, 0, 0, 0, 0, 0, 0, 0, 0, 0, 0, 0, 0, 0, 0, 0, 0, 0, 0, 0, 0, 0, 0, 0, ]
Ui:
[0, 246, 98, 54, 144, 171, 192, 180, 165, 98, 122, 198, 297, 144, 130, 129, 219, 138, 142, 150, 108, 66, 64, 285, 180, 204, 276, 168, 240, 198, 122, ]
Distance matrix:
|0	172	56	166	260	198	42	197	296	110	91	112	238	275	323	183	330	232	175	181	162	191	232	280	201	139	356	185	266	216	26	|
|172	0	178	223	320	335	153	355	444	62	231	99	333	376	214	352	176	235	194	106	47	41	353	161	299	175	225	43	326	374	153	|
|56	178	0	110	204	162	93	233	336	125	144	148	187	226	358	180	313	284	123	152	182	185	282	252	256	88	329	177	210	251	42	|
|166	223	110	0	102	150	199	327	431	194	253	237	113	156	431	228	296	386	44	140	248	208	389	218	366	48	287	200	108	344	148	|
|260	320	204	102	0	156	296	391	493	296	340	339	66	90	531	263	362	486	127	226	349	300	469	278	454	148	334	292	6	406	245	|
|198	335	162	150	156	0	239	255	351	286	245	307	93	106	518	111	442	423	194	280	344	335	349	367	352	182	437	327	158	266	199	|
|42	153	93	199	296	239	0	203	296	91	82	76	278	316	284	217	322	191	201	186	133	180	217	281	177	165	356	175	302	222	52	|
|197	355	233	327	391	255	203	0	104	294	125	266	340	361	436	151	524	276	352	377	330	383	109	477	146	319	553	377	395	19	222	|
|296	444	336	431	493	351	296	104	0	384	214	348	440	456	488	241	617	315	456	476	412	475	113	575	176	422	651	470	497	88	322	|
|110	62	125	194	296	286	91	294	384	0	171	55	298	340	238	292	233	210	176	118	58	91	298	201	248	148	273	87	302	313	94	|
|91	231	144	253	340	245	82	125	214	171	0	141	307	339	324	184	403	187	266	266	204	261	140	363	114	230	438	256	346	144	116	|
|112	99	148	237	339	307	76	266	348	55	141	0	332	373	212	292	275	156	225	173	64	137	254	253	200	194	322	135	345	284	108	|
|238	333	187	113	66	93	278	340	440	298	307	332	0	43	536	203	404	469	153	253	354	321	427	322	420	160	385	313	67	353	229	|
|275	376	226	156	90	106	316	361	456	340	339	373	43	0	578	216	443	507	194	295	397	364	453	361	451	203	421	356	88	372	268	|
|323	214	358	431	531	518	284	436	488	238	324	212	536	578	0	498	309	176	407	320	183	245	376	344	312	383	379	251	537	451	319	|
|183	352	180	228	263	111	217	151	241	292	184	292	203	216	498	0	492	371	266	328	345	364	255	426	272	242	501	356	266	159	198	|
|330	176	313	296	362	442	322	524	617	233	403	275	404	443	309	492	0	397	253	164	218	142	529	84	475	260	72	147	367	543	306	|
|232	235	284	386	486	423	191	276	315	210	187	156	469	507	176	371	397	0	379	327	188	276	202	396	139	346	456	277	492	289	242	|
|175	194	123	44	127	194	201	352	456	176	266	225	153	194	407	266	253	379	0	101	225	174	405	174	375	36	244	166	133	370	152	|
|181	106	152	140	226	280	186	377	476	118	266	173	253	295	320	328	164	327	101	0	148	76	403	100	360	98	177	69	232	396	155	|
|162	47	182	248	349	344	133	330	412	58	204	64	354	397	183	345	218	188	225	148	0	89	316	208	259	201	270	90	355	348	149	|
|191	41	185	208	300	335	180	383	475	91	261	137	321	364	245	364	142	276	174	76	89	0	388	119	336	162	185	8	306	402	169	|
|232	353	282	389	469	349	217	109	113	298	140	254	427	453	376	255	529	202	405	403	316	388	0	497	64	369	570	384	474	112	256	|
|280	161	252	218	278	367	281	477	575	201	363	253	322	361	344	426	84	396	174	100	208	119	497	0	449	187	77	119	283	496	255	|
|201	299	256	366	454	352	177	146	176	248	114	200	420	451	312	272	475	139	375	360	259	336	64	449	0	339	521	333	460	156	223	|
|139	175	88	48	148	182	165	319	422	148	230	194	160	203	383	242	260	346	36	98	201	162	369	187	339	0	260	153	154	337	116	|
|356	225	329	287	334	437	356	553	651	273	438	322	385	421	379	501	72	456	244	177	270	185	570	77	521	260	0	187	338	572	331	|
|185	43	177	200	292	327	175	377	470	87	256	135	313	356	251	356	147	277	166	69	90	8	384	119	333	153	187	0	298	396	163	|
|266	326	210	108	6	158	302	395	497	302	346	345	67	88	537	266	367	492	133	232	355	306	474	283	460	154	338	298	0	410	251	|
|216	374	251	344	406	266	222	19	88	313	144	284	353	372	451	159	543	289	370	396	348	402	112	496	156	337	572	396	410	0	241	|
|26	153	42	148	245	199	52	222	322	94	116	108	229	268	319	198	306	242	152	155	149	169	256	255	223	116	331	163	251	241	0	|

--------------------------------------------------------------------------------
Building model...
	using lazy and cut (CVRPSEP package)
Solving IRP LP...
--------------------------------------------------------------------------------

Gurobi 9.1.0 (linux64) logging started Sat Jan  9 22:51:35 2021

Gurobi Optimizer version 9.1.0 build v9.1.0rc0 (linux64)
Thread count: 32 physical cores, 32 logical processors, using up to 2 threads
Optimize a model with 682 rows, 3280 columns and 7798 nonzeros
Model fingerprint: 0x7f39eafb
Variable types: 304 continuous, 2976 integer (186 binary)
Coefficient statistics:
  Matrix range     [1e+00, 1e+03]
  Objective range  [1e-02, 7e+02]
  Bounds range     [1e+00, 3e+02]
  RHS range        [3e+01, 5e+03]
Presolve removed 215 rows and 122 columns
Presolve time: 0.05s
Presolved: 467 rows, 3158 columns, 7101 nonzeros
Variable types: 182 continuous, 2976 integer (2796 binary)

Root relaxation: objective 2.308438e+03, 491 iterations, 0.01 seconds

    Nodes    |    Current Node    |     Objective Bounds      |     Work
 Expl Unexpl |  Obj  Depth IntInf | Incumbent    BestBd   Gap | It/Node Time

     0     0 2308.43801    0   75          - 2308.43801      -     -    0s
     0     0 2608.82336    0   88          - 2608.82336      -     -    0s
     0     0 3094.30932    0   93          - 3094.30932      -     -    0s
     0     0 3166.54010    0   78          - 3166.54010      -     -    0s
     0     0 3229.05674    0  104          - 3229.05674      -     -    0s
     0     0 3370.02394    0  168          - 3370.02394      -     -    0s
     0     0 3379.51047    0  165          - 3379.51047      -     -    0s
     0     0 3380.16812    0  208          - 3380.16812      -     -    0s
     0     0 3433.57996    0  103          - 3433.57996      -     -    0s
     0     0 3435.83107    0  181          - 3435.83107      -     -    0s
     0     0 3436.17169    0  158          - 3436.17169      -     -    0s
     0     0 3439.90382    0  131          - 3439.90382      -     -    0s
     0     0 3439.90382    0  131          - 3439.90382      -     -    0s
     0     2 3442.37799    0  127          - 3442.37799      -     -    0s
*  179   180              74    4370.0900000 3461.45336  20.8%  74.2    2s
H  279   251                    4368.0900000 3461.52883  20.8%  79.9    3s
H  283   240                    4337.0900000 3461.52883  20.2%  79.4    3s
   348   285 3711.36300    9   63 4337.09000 3462.87966  20.2%  84.6    5s
H  469   385                    4230.0900000 3462.87966  18.1%  75.3    6s
H  729   491                    4228.0900000 3478.04921  17.7%  70.4    9s
   738   497 3872.26861   34  283 4228.09000 3573.10938  15.5%  69.5   10s
   811   556 3893.55950   30   87 4228.09000 3628.50109  14.2%  79.3   15s
H  867   557                    4087.8500000 3628.50109  11.2%  80.3   15s
*  882   524              41    4000.8500000 3628.66088  9.30%  80.6   15s
H  934   498                    3914.8500000 3628.66088  7.31%  81.6   16s
  1072   444 3830.91035   22  259 3914.85000 3701.21069  5.46%  91.1   20s
  1291   388 3899.21958   19  136 3914.85000 3770.34127  3.69%   101   25s
  1593   244     cutoff   22      3914.85000 3845.71921  1.77%   104   30s

Cutting planes:
  User: 938
  Gomory: 22
  Cover: 171
  Implied bound: 10
  Clique: 19
  MIR: 69
  StrongCG: 4
  Flow cover: 224
  GUB cover: 3
  Zero half: 13
  RLT: 112
  Relax-and-lift: 1
  Lazy constraints: 131

Explored 1796 nodes (180608 simplex iterations) in 31.81 seconds
Thread count was 2 (of 32 available processors)

Solution count 8: 3914.85 4000.85 4087.85 ... 4370.09

Optimal solution found (tolerance 1.00e-04)
Best objective 3.914850000000e+03, best bound 3.914850000000e+03, gap 0.0000%

User-callback calls 8417, time in user-callback 3.06 sec
================================================================================
executing instance: ./input/Instances/Original/4/absH3low_3n10.dat
--------------------------------------------------------------------------------
Instance details
n	11
H	3
C	687
Li:
[0, 0, 0, 0, 0, 0, 0, 0, 0, 0, 0, ]
Ui:
[0, 189, 44, 174, 78, 36, 198, 117, 42, 96, 240, ]
Distance matrix:
|0	209	255	286	142	156	285	317	182	161	135	|
|209	0	464	451	315	356	490	469	361	299	260	|
|255	464	0	221	202	130	74	280	189	254	273	|
|286	451	221	0	145	156	164	479	354	153	192	|
|142	315	202	145	0	73	194	388	250	53	73	|
|156	356	130	156	73	0	134	332	200	127	144	|
|285	490	74	164	194	134	0	353	256	239	267	|
|317	469	280	479	388	332	353	0	141	436	430	|
|182	361	189	354	250	200	256	141	0	296	289	|
|161	299	254	153	53	127	239	436	296	0	39	|
|135	260	273	192	73	144	267	430	289	39	0	|

--------------------------------------------------------------------------------
Building model...
	using lazy and cut (CVRPSEP package)
Solving IRP LP...
--------------------------------------------------------------------------------

Gurobi 9.1.0 (linux64) logging started Sat Jan  9 22:52:07 2021

Gurobi Optimizer version 9.1.0 build v9.1.0rc0 (linux64)
Thread count: 32 physical cores, 32 logical processors, using up to 2 threads
Optimize a model with 242 rows, 500 columns and 1418 nonzeros
Model fingerprint: 0x83c2183d
Variable types: 104 continuous, 396 integer (66 binary)
Coefficient statistics:
  Matrix range     [1e+00, 3e+02]
  Objective range  [1e-02, 5e+02]
  Bounds range     [1e+00, 2e+02]
  RHS range        [2e+01, 1e+03]
Presolve removed 75 rows and 42 columns
Presolve time: 0.01s
Presolved: 167 rows, 458 columns, 1182 nonzeros
Variable types: 62 continuous, 396 integer (336 binary)
Found heuristic solution: objective 4119.7100000

Root relaxation: objective 1.258552e+03, 247 iterations, 0.00 seconds

    Nodes    |    Current Node    |     Objective Bounds      |     Work
 Expl Unexpl |  Obj  Depth IntInf | Incumbent    BestBd   Gap | It/Node Time

     0     0 1258.55224    0   35 4119.71000 1258.55224  69.5%     -    0s
H    0     0                    3991.7100000 1258.55224  68.5%     -    0s
     0     0 1617.65599    0   39 3991.71000 1617.65599  59.5%     -    0s
     0     0 1934.50390    0   67 3991.71000 1934.50390  51.5%     -    0s
H    0     0                    3741.7100000 1934.50390  48.3%     -    0s
     0     0 1934.50390    0   66 3741.71000 1934.50390  48.3%     -    0s
     0     0 2021.58193    0   66 3741.71000 2021.58193  46.0%     -    0s
H    0     0                    3316.9300000 2021.58193  39.1%     -    0s
     0     0 2032.19597    0   77 3316.93000 2032.19597  38.7%     -    0s
     0     0 2035.84722    0   71 3316.93000 2035.84722  38.6%     -    0s
     0     0 2035.91555    0   72 3316.93000 2035.91555  38.6%     -    0s
     0     0 2061.47531    0   71 3316.93000 2061.47531  37.8%     -    0s
     0     0 2061.47531    0   63 3316.93000 2061.47531  37.8%     -    0s
     0     0 2075.24447    0   59 3316.93000 2075.24447  37.4%     -    0s
     0     0 2082.28645    0   64 3316.93000 2082.28645  37.2%     -    0s
     0     0 2085.78744    0   61 3316.93000 2085.78744  37.1%     -    0s
     0     0 2085.78744    0   68 3316.93000 2085.78744  37.1%     -    0s
     0     0 2098.89228    0   60 3316.93000 2098.89228  36.7%     -    0s
     0     0 2099.17373    0   70 3316.93000 2099.17373  36.7%     -    0s
     0     0 2100.04032    0   97 3316.93000 2100.04032  36.7%     -    0s
     0     0 2100.04032    0   88 3316.93000 2100.04032  36.7%     -    0s
H    0     0                    2761.6800000 2100.04032  24.0%     -    0s
     0     2 2122.00131    0   97 2761.68000 2122.00131  23.2%     -    0s
H    4     6                    2493.3200000 2124.73612  14.8%  26.8    0s
H   29    30                    2449.1000000 2124.73612  13.2%  29.7    0s

Cutting planes:
  User: 72
  Gomory: 6
  Cover: 66
  Implied bound: 9
  Clique: 5
  MIR: 49
  StrongCG: 1
  Flow cover: 62
  GUB cover: 2
  Zero half: 5
  RLT: 48
  Relax-and-lift: 6
  Lazy constraints: 55

Explored 505 nodes (13378 simplex iterations) in 1.04 seconds
Thread count was 2 (of 32 available processors)

Solution count 7: 2449.1 2493.32 2761.68 ... 4119.71

Optimal solution found (tolerance 1.00e-04)
Best objective 2.449100000000e+03, best bound 2.449100000000e+03, gap 0.0000%

User-callback calls 1460, time in user-callback 0.12 sec
================================================================================
executing instance: ./input/Instances/Original/4/absH3low_3n15.dat
--------------------------------------------------------------------------------
Instance details
n	16
H	3
C	1267
Li:
[0, 0, 0, 0, 0, 0, 0, 0, 0, 0, 0, 0, 0, 0, 0, 0, ]
Ui:
[0, 156, 267, 148, 144, 87, 33, 171, 76, 141, 270, 282, 60, 110, 172, 57, ]
Distance matrix:
|0	229	567	76	58	96	306	409	310	423	108	346	165	347	159	256	|
|229	0	482	243	279	155	375	525	251	419	158	373	65	123	329	246	|
|567	482	0	506	622	483	342	439	259	200	467	274	486	433	501	312	|
|76	243	506	0	119	88	230	337	255	352	88	272	179	347	94	194	|
|58	279	622	119	0	154	345	431	366	471	166	391	217	399	179	310	|
|96	155	483	88	154	0	266	397	224	358	17	289	92	262	176	179	|
|306	375	342	230	345	266	0	158	184	148	251	68	332	423	181	140	|
|409	525	439	337	431	397	158	0	340	244	386	201	476	581	253	298	|
|310	251	259	255	366	224	184	340	0	170	208	146	238	257	274	66	|
|423	419	200	352	471	358	148	244	170	0	341	84	396	424	323	182	|
|108	158	467	88	166	17	251	386	208	341	0	273	96	259	172	162	|
|346	373	274	272	391	289	68	201	146	84	273	0	340	400	239	127	|
|165	65	486	179	217	92	332	476	238	396	96	340	0	182	267	216	|
|347	123	433	347	399	262	423	581	257	424	259	400	182	0	423	283	|
|159	329	501	94	179	176	181	253	274	323	172	239	267	423	0	208	|
|256	246	312	194	310	179	140	298	66	182	162	127	216	283	208	0	|

--------------------------------------------------------------------------------
Building model...
	using lazy and cut (CVRPSEP package)
Solving IRP LP...
--------------------------------------------------------------------------------

Gurobi 9.1.0 (linux64) logging started Sat Jan  9 22:52:09 2021

Gurobi Optimizer version 9.1.0 build v9.1.0rc0 (linux64)
Thread count: 32 physical cores, 32 logical processors, using up to 2 threads
Optimize a model with 352 rows, 970 columns and 2563 nonzeros
Model fingerprint: 0x3b0da538
Variable types: 154 continuous, 816 integer (96 binary)
Coefficient statistics:
  Matrix range     [1e+00, 6e+02]
  Objective range  [1e-02, 6e+02]
  Bounds range     [1e+00, 3e+02]
  RHS range        [1e+01, 2e+03]
Presolve removed 110 rows and 62 columns
Presolve time: 0.01s
Presolved: 242 rows, 908 columns, 2211 nonzeros
Variable types: 92 continuous, 816 integer (726 binary)
Found heuristic solution: objective 5998.7600000

Root relaxation: objective 1.641402e+03, 341 iterations, 0.01 seconds

    Nodes    |    Current Node    |     Objective Bounds      |     Work
 Expl Unexpl |  Obj  Depth IntInf | Incumbent    BestBd   Gap | It/Node Time

     0     0 1641.40180    0   42 5998.76000 1641.40180  72.6%     -    0s
H    0     0                    5826.7600000 1641.40180  71.8%     -    0s
     0     0 1893.88469    0   33 5826.76000 1893.88469  67.5%     -    0s
     0     0 2329.00829    0   45 5826.76000 2329.00829  60.0%     -    0s
     0     0 2360.61562    0   58 5826.76000 2360.61562  59.5%     -    0s
     0     0 2397.27464    0   64 5826.76000 2397.27464  58.9%     -    0s
     0     0 2397.27464    0   64 5826.76000 2397.27464  58.9%     -    0s
     0     0 2446.58718    0  102 5826.76000 2446.58718  58.0%     -    0s
     0     0 2464.86240    0  111 5826.76000 2464.86240  57.7%     -    0s
     0     0 2470.26956    0  114 5826.76000 2470.26956  57.6%     -    0s
     0     0 2471.37940    0  115 5826.76000 2471.37940  57.6%     -    0s
     0     0 2471.80424    0  117 5826.76000 2471.80424  57.6%     -    0s
     0     0 2542.29890    0  111 5826.76000 2542.29890  56.4%     -    0s
H    0     0                    5448.7600000 2542.29890  53.3%     -    0s
     0     0 2550.06020    0  108 5448.76000 2550.06020  53.2%     -    0s
     0     0 2550.06020    0  109 5448.76000 2550.06020  53.2%     -    0s
     0     0 2583.37492    0  113 5448.76000 2583.37492  52.6%     -    0s
     0     0 2586.71705    0  114 5448.76000 2586.71705  52.5%     -    0s
     0     0 2587.47864    0  120 5448.76000 2587.47864  52.5%     -    0s
     0     0 2592.85868    0  118 5448.76000 2592.85868  52.4%     -    0s
     0     0 2592.85868    0  117 5448.76000 2592.85868  52.4%     -    0s
H    0     2                    5429.7600000 2593.43369  52.2%     -    0s
     0     2 2594.59369    0   90 5429.76000 2594.59369  52.2%     -    0s
H    4     6                    3222.2800000 2597.53236  19.4%   135    0s
H   28    35                    3221.5200000 2635.10930  18.2%  85.5    0s
H  273   191                    3220.5600000 2710.64968  15.8%  56.7    1s
H  298   174                    3119.5600000 2710.64968  13.1%  56.9    1s
H  300   174                    3118.3000000 2710.64968  13.1%  56.9    1s
H  340   176                    3111.6800000 2767.82041  11.1%  56.4    1s
H  677   165                    3111.6799957 2919.09838  6.19%  61.6    2s
*  936    89              19    3096.6800000 2992.79665  3.35%  58.0    3s
H 1069    22                    3081.5600000 3033.68000  1.55%  54.2    3s

Cutting planes:
  User: 392
  Gomory: 9
  Cover: 92
  Implied bound: 6
  Clique: 9
  MIR: 44
  StrongCG: 2
  Flow cover: 97
  Zero half: 7
  RLT: 62
  Relax-and-lift: 3
  Lazy constraints: 163

Explored 1134 nodes (60246 simplex iterations) in 3.82 seconds
Thread count was 2 (of 32 available processors)

Solution count 10: 3081.56 3096.68 3111.68 ... 5429.76

Optimal solution found (tolerance 1.00e-04)
Best objective 3.081560000000e+03, best bound 3.081560000000e+03, gap 0.0000%

User-callback calls 3179, time in user-callback 0.48 sec
================================================================================
executing instance: ./input/Instances/Original/4/absH3low_2n45.dat
--------------------------------------------------------------------------------
Instance details
n	46
H	3
C	3171
Li:
[0, 0, 0, 0, 0, 0, 0, 0, 0, 0, 0, 0, 0, 0, 0, 0, 0, 0, 0, 0, 0, 0, 0, 0, 0, 0, 0, 0, 0, 0, 0, 0, 0, 0, 0, 0, 0, 0, 0, 0, 0, 0, 0, 0, 0, 0, ]
Ui:
[0, 246, 160, 78, 20, 87, 144, 40, 20, 82, 60, 96, 24, 136, 160, 108, 160, 26, 228, 51, 24, 240, 231, 70, 32, 105, 174, 114, 246, 126, 132, 76, 22, 42, 255, 132, 148, 162, 66, 111, 102, 240, 123, 201, 297, 78, ]
Distance matrix:
|0	148	402	550	329	420	187	318	366	280	504	273	233	333	112	344	379	481	113	593	159	523	261	424	90	359	163	461	413	240	105	299	265	89	371	462	339	273	495	22	41	439	369	506	563	468	|
|148	0	284	517	394	284	136	369	244	311	496	166	329	355	223	202	338	388	204	565	254	506	118	346	71	423	173	471	336	118	105	352	198	105	248	428	302	305	487	153	179	441	230	497	517	370	|
|402	284	0	350	448	80	228	406	42	343	382	129	456	350	412	126	219	131	382	395	410	371	180	137	314	466	289	400	137	167	389	401	169	316	39	280	217	342	373	394	414	362	108	380	324	106	|
|550	517	350	0	339	429	385	308	374	295	93	375	431	249	481	461	180	239	458	48	445	57	474	214	496	333	387	160	216	424	601	321	320	471	376	90	217	301	93	530	534	146	452	88	52	262	|
|329	394	448	339	0	513	282	42	438	105	255	363	115	108	221	484	259	431	217	365	172	289	436	362	333	30	224	189	353	380	423	47	291	296	443	285	240	107	251	307	294	193	495	260	378	437	|
|420	284	80	429	513	0	267	473	76	408	462	163	509	421	449	86	298	201	421	474	455	451	167	217	330	533	333	478	217	181	386	466	225	341	70	360	291	406	453	416	438	440	59	460	400	176	|
|187	136	228	385	282	267	0	249	199	186	360	104	248	224	184	214	207	294	155	432	189	371	155	237	113	308	68	336	227	101	216	236	78	98	205	296	168	181	350	174	190	305	231	360	390	283	|
|318	369	406	308	42	473	249	0	397	66	229	325	128	67	216	447	218	389	206	337	168	260	402	320	311	61	196	167	311	345	406	19	252	275	403	248	198	70	223	296	286	164	457	233	344	395	|
|366	244	42	374	438	76	199	397	0	332	397	96	436	346	383	90	228	168	354	420	385	389	139	161	277	458	263	408	158	128	349	391	150	282	6	298	218	331	388	359	380	370	78	395	352	144	|
|280	311	343	295	105	408	186	66	332	0	231	259	142	53	191	380	171	337	173	332	150	257	337	267	258	127	139	182	258	280	359	58	186	223	338	222	143	6	224	258	254	164	390	234	323	340	|
|504	496	382	93	255	462	360	229	397	231	0	375	356	180	422	478	173	293	403	110	381	36	474	248	463	245	345	68	246	419	568	244	308	433	400	104	200	237	9	482	482	67	474	5	142	312	|
|273	166	129	375	363	163	104	325	96	259	375	0	347	283	288	121	202	221	259	423	292	376	99	183	186	386	170	370	175	52	269	315	76	187	102	288	177	256	365	265	285	333	133	374	365	204	|
|233	329	456	431	115	509	248	128	436	142	356	347	0	181	121	462	311	472	128	463	76	386	398	403	260	141	180	294	392	349	334	111	287	224	442	362	280	139	350	212	194	289	479	360	463	472	|
|333	355	350	249	108	421	224	67	346	53	180	283	181	0	244	403	152	324	226	283	201	207	369	256	307	118	186	129	247	311	409	74	208	273	351	183	136	59	173	311	307	113	410	183	282	331	|
|112	223	412	481	221	449	184	216	383	191	422	288	121	244	0	387	327	461	30	521	49	447	313	396	152	250	125	371	385	273	214	196	249	121	389	400	288	185	415	91	74	355	408	425	503	454	|
|344	202	126	461	484	86	214	447	90	380	478	121	462	403	387	0	305	256	360	508	400	473	84	250	255	507	282	482	246	115	302	437	196	271	90	382	288	377	469	343	367	444	28	476	441	232	|
|379	338	219	180	259	298	207	218	228	171	173	202	311	152	327	305	0	172	301	227	300	174	302	105	318	270	217	180	97	249	423	221	141	296	232	90	40	173	164	361	368	142	303	172	184	180	|
|481	388	131	239	431	201	294	389	168	337	293	221	472	324	461	256	172	0	432	280	446	273	300	70	400	442	337	330	80	271	490	391	217	391	167	191	194	339	286	468	483	294	239	289	203	26	|
|113	204	382	458	217	421	155	206	354	173	403	259	128	226	30	360	301	432	0	499	52	426	287	367	133	246	95	355	356	246	208	187	219	100	360	376	261	167	395	90	81	337	381	406	478	425	|
|593	565	395	48	365	474	432	337	420	332	110	423	463	283	521	508	227	280	499	0	482	77	521	260	542	356	431	178	262	472	647	352	368	516	422	137	264	338	114	573	576	174	499	106	78	304	|
|159	254	410	445	172	455	189	168	385	150	381	292	76	201	49	400	300	446	52	482	0	407	331	378	184	201	122	327	367	286	258	149	242	150	391	367	263	144	374	137	122	314	419	384	470	441	|
|523	506	371	57	289	451	371	260	389	257	36	376	386	207	447	473	174	273	426	77	407	0	475	234	477	280	363	104	234	422	583	275	313	449	392	91	205	263	38	503	504	97	468	31	108	294	|
|261	118	180	474	436	167	155	402	139	337	474	99	398	369	313	84	302	300	287	521	331	475	0	275	173	462	220	465	268	58	219	390	168	193	142	388	275	333	464	261	286	430	111	473	462	279	|
|424	346	137	214	362	217	237	320	161	267	248	183	403	256	396	250	105	70	367	260	378	234	275	0	348	374	274	274	11	234	444	321	159	335	163	145	124	269	239	409	422	237	239	245	191	76	|
|90	71	314	496	333	330	113	311	277	258	463	186	260	307	152	255	318	400	133	542	184	477	173	348	0	362	121	430	338	150	106	293	190	37	282	406	279	252	454	88	113	403	280	464	502	386	|
|359	423	466	333	30	533	308	61	458	127	245	386	141	118	250	507	270	442	246	356	201	280	462	374	362	0	252	178	365	406	453	73	313	325	463	286	254	130	242	336	324	187	517	250	374	449	|
|163	173	289	387	224	333	68	196	263	139	345	170	180	186	125	282	217	337	95	431	122	363	220	274	121	252	0	310	263	168	225	180	124	88	269	300	177	133	337	144	152	284	299	347	400	330	|
|461	471	400	160	189	478	336	167	408	182	68	370	294	129	371	482	180	330	355	178	327	104	465	274	430	178	310	0	269	408	534	184	297	398	412	142	194	188	66	439	436	38	482	73	206	345	|
|413	336	137	216	353	217	227	311	158	258	246	175	392	247	385	246	97	80	356	262	367	234	268	11	338	365	263	269	0	226	434	312	149	324	160	143	115	259	237	399	411	232	237	243	196	84	|
|240	118	167	424	380	181	101	345	128	280	419	52	349	311	273	115	249	271	246	472	286	422	58	234	150	406	168	408	226	0	223	333	111	160	133	336	219	276	409	235	258	373	136	418	416	252	|
|105	105	389	601	423	386	216	406	349	359	568	269	334	409	214	302	423	490	208	647	258	583	219	444	106	453	225	534	434	223	0	388	289	137	353	511	384	353	559	123	145	508	330	570	606	473	|
|299	352	401	321	47	466	236	19	391	58	244	315	111	74	196	437	221	391	187	352	149	275	390	321	293	73	180	184	312	333	388	0	243	257	396	258	197	60	238	276	267	178	448	248	355	395	|
|265	198	169	320	291	225	78	252	150	186	308	76	287	208	249	196	141	217	219	368	242	313	168	159	190	313	124	297	149	111	289	243	0	176	156	231	109	183	299	251	266	262	205	308	319	207	|
|89	105	316	471	296	341	98	275	282	223	433	187	224	273	121	271	296	391	100	516	150	449	193	335	37	325	88	398	324	160	137	257	176	0	287	382	256	217	424	78	98	372	295	434	480	379	|
|371	248	39	376	443	70	205	403	6	338	400	102	442	351	389	90	232	167	360	422	391	392	142	163	282	463	269	412	160	133	353	396	156	287	0	301	222	336	391	365	386	374	77	398	353	143	|
|462	428	280	90	285	360	296	248	298	222	104	288	362	183	400	382	90	191	376	137	367	91	388	145	406	286	300	142	143	336	511	258	231	382	301	0	127	226	96	443	448	110	376	100	103	209	|
|339	302	217	217	240	291	168	198	218	143	200	177	280	136	288	288	40	194	261	264	263	205	275	124	279	254	177	194	115	219	384	197	109	256	222	127	0	145	190	321	328	157	289	199	224	198	|
|273	305	342	301	107	406	181	70	331	6	237	256	139	59	185	377	173	339	167	338	144	263	333	269	252	130	133	188	259	276	353	60	183	217	336	226	145	0	230	251	248	170	388	240	328	341	|
|495	487	373	93	251	453	350	223	388	224	9	365	350	173	415	469	164	286	395	114	374	38	464	239	454	242	337	66	237	409	559	238	299	424	391	96	190	230	0	474	474	61	465	11	141	305	|
|22	153	394	530	307	416	174	296	359	258	482	265	212	311	91	343	361	468	90	573	137	503	261	409	88	336	144	439	399	235	123	276	251	78	365	443	321	251	474	0	26	418	367	485	544	456	|
|41	179	414	534	294	438	190	286	380	254	482	285	194	307	74	367	368	483	81	576	122	504	286	422	113	324	152	436	411	258	145	267	266	98	386	448	328	248	474	26	0	416	391	484	550	472	|
|439	441	362	146	193	440	305	164	370	164	67	333	289	113	355	444	142	294	337	174	314	97	430	237	403	187	284	38	232	373	508	178	262	372	374	110	157	170	61	418	416	0	444	71	187	309	|
|369	230	108	452	495	59	231	457	78	390	474	133	479	410	408	28	303	239	381	499	419	468	111	239	280	517	299	482	237	136	330	448	205	295	77	376	289	388	465	367	391	444	0	472	429	214	|
|506	497	380	88	260	460	360	233	395	234	5	374	360	183	425	476	172	289	406	106	384	31	473	245	464	250	347	73	243	418	570	248	308	434	398	100	199	240	11	485	484	71	472	0	137	309	|
|563	517	324	52	378	400	390	344	352	323	142	365	463	282	503	441	184	203	478	78	470	108	462	191	502	374	400	206	196	416	606	355	319	480	353	103	224	328	141	544	550	187	429	137	0	228	|
|468	370	106	262	437	176	283	395	144	340	312	204	472	331	454	232	180	26	425	304	441	294	279	76	386	449	330	345	84	252	473	395	207	379	143	209	198	341	305	456	472	309	214	309	228	0	|

--------------------------------------------------------------------------------
Building model...
	using lazy and cut (CVRPSEP package)
Solving IRP LP...
--------------------------------------------------------------------------------

Gurobi 9.1.0 (linux64) logging started Sat Jan  9 22:52:13 2021

Gurobi Optimizer version 9.1.0 build v9.1.0rc0 (linux64)
Thread count: 32 physical cores, 32 logical processors, using up to 2 threads
Optimize a model with 1012 rows, 6940 columns and 15733 nonzeros
Model fingerprint: 0x2e640209
Variable types: 454 continuous, 6486 integer (276 binary)
Coefficient statistics:
  Matrix range     [1e+00, 2e+03]
  Objective range  [1e-02, 6e+02]
  Bounds range     [1e+00, 3e+02]
  RHS range        [1e+01, 5e+03]
Presolve removed 239 rows and 128 columns
Presolve time: 0.06s
Presolved: 773 rows, 6812 columns, 14817 nonzeros
Variable types: 326 continuous, 6486 integer (6216 binary)

Root relaxation: objective 2.539073e+03, 735 iterations, 0.01 seconds

    Nodes    |    Current Node    |     Objective Bounds      |     Work
 Expl Unexpl |  Obj  Depth IntInf | Incumbent    BestBd   Gap | It/Node Time

     0     0 2539.07262    0  134          - 2539.07262      -     -    0s
     0     0 2983.25821    0  134          - 2983.25821      -     -    0s
     0     0 2994.38997    0  124          - 2994.38997      -     -    0s
     0     0 3007.46692    0  140          - 3007.46692      -     -    0s
     0     0 3037.32027    0  144          - 3037.32027      -     -    0s
     0     0 3037.59429    0  140          - 3037.59429      -     -    0s
     0     0 3516.25469    0  206          - 3516.25469      -     -    0s
     0     0 3545.10208    0  189          - 3545.10208      -     -    0s
     0     0 3555.49227    0  188          - 3555.49227      -     -    0s
     0     0 3558.90487    0  187          - 3558.90487      -     -    0s
     0     0 3563.97596    0  197          - 3563.97596      -     -    0s
     0     0 3589.15533    0  189          - 3589.15533      -     -    0s
     0     0 3590.09748    0  198          - 3590.09748      -     -    0s
     0     0 3711.74179    0  180          - 3711.74179      -     -    0s
     0     0 3736.85983    0  154          - 3736.85983      -     -    0s
     0     0 3745.80863    0  184          - 3745.80863      -     -    1s
     0     0 3747.89011    0  210          - 3747.89011      -     -    1s
     0     0 3749.57288    0  224          - 3749.57288      -     -    1s
     0     0 3807.81831    0  212          - 3807.81831      -     -    1s
     0     0 3824.71476    0  243          - 3824.71476      -     -    1s
     0     0 3826.11406    0  239          - 3826.11406      -     -    1s
     0     0 3838.57966    0  245          - 3838.57966      -     -    1s
     0     0 3843.83700    0  187          - 3843.83700      -     -    1s
     0     0 3847.23314    0  243          - 3847.23314      -     -    1s
     0     0 3850.22676    0  299          - 3850.22676      -     -    1s
     0     0 3854.86775    0  270          - 3854.86775      -     -    2s
     0     0 3857.00920    0  262          - 3857.00920      -     -    2s
     0     0 3872.02659    0  305          - 3872.02659      -     -    2s
     0     0 3875.83921    0  262          - 3875.83921      -     -    2s
     0     0 3876.00518    0  262          - 3876.00518      -     -    2s
     0     0 3880.44816    0  312          - 3880.44816      -     -    2s
     0     0 3880.44816    0  306          - 3880.44816      -     -    2s
     0     2 3880.44816    0  306          - 3880.44816      -     -    3s
    50    56 3964.21089   16  259          - 3899.07456      -   204    5s
   417   423 4639.66974   85  107          - 3899.07456      -  75.8   10s
   725   650 4011.81854   19  238          - 3906.90334      -  58.7   15s
   750   667 3997.06551   16  389          - 3931.79010      -  56.8   20s
   764   676 4916.17500  102  383          - 3939.71970      -  55.7   25s
   771   684 3952.90977   12  366          - 3952.90977      -  69.4   30s
   840   739 4356.79319   28  154          - 3972.22441      -  88.1   35s
  1000   862 4699.96749   64  138          - 3972.22441      -  93.5   40s
  1206   964 5062.83603   93  104          - 3972.22441      -  88.7   45s
  1364  1089 6213.18915  164   52          - 3972.22441      -  87.8   50s
  1535  1197 8181.87000  243   18          - 3990.18602      -  83.0   55s
  1643  1233 4266.37070   25  137          - 3990.18602      -  86.6   60s
  1760  1343 4484.32301   39   35          - 3990.18602      -  88.0   66s
  1959  1435 4485.63856   54  166          - 3990.18602      -  83.6   70s
H 2037  1449                    12567.320000 3990.18602  68.2%  84.9   74s
  2060  1481 4649.87650   83   30 12567.3200 3990.18602  68.2%  85.2   75s
  2175  1563 5167.75029  129   63 12567.3200 3990.18602  68.2%  85.5   81s
  2297  1684 5251.69121  183   79 12567.3200 3990.18602  68.2%  83.2   85s
  2532  1739 6905.34455  274   30 12567.3200 3991.24342  68.2%  78.0   91s
  2628  1744 7231.90000  284    - 12567.3200 3999.36016  68.2%  76.3   95s
  2674  1779 6830.03000  182    2 12567.3200 3999.36016  68.2%  77.4  100s
  2708  1781 4383.15386   24  103 12567.3200 3999.36016  68.2%  77.1  106s
* 2711  1732             207    7538.4000000 3999.36016  46.9%  77.0  106s
  2751  1745 4506.20157   23  264 7538.40000 3999.36016  46.9%  77.9  110s
  2816  1844 4594.59581   44   30 7538.40000 3999.36016  46.9%  80.6  116s
  2922  1958 5026.92978   65  100 7538.40000 3999.36016  46.9%  81.3  122s
  2976  2041 4782.68348   77   84 7538.40000 4027.91931  46.6%  81.0  125s
  3112  2161 5044.50000  109    - 7538.40000 4060.49287  46.1%  80.9  132s
  3292  2239 6493.75000  187   11 7538.40000 4063.63810  46.1%  78.5  136s
  3404  2413 4582.12274   30  113 7538.40000 4063.63810  46.1%  79.0  142s
  3537  2503 4736.11012   53   33 7538.40000 4063.63810  46.1%  77.4  147s
  3641  2561 5135.48000  111   39 7538.40000 4063.63810  46.1%  77.0  151s
  3705  2691 5281.99358  142   35 7538.40000 4063.63810  46.1%  77.2  155s
  3869  2778 6741.68232  214   34 7538.40000 4063.63810  46.1%  75.8  160s
  4029  2923 6878.51000  248    - 7538.40000 4077.51467  45.9%  75.3  167s
  4187  2972 6891.24000  246    6 7538.40000 4079.04337  45.9%  74.2  171s
  4299  3021 7485.24500  264   11 7538.40000 4082.16623  45.8%  74.2  175s
  4383  3116 4584.91419   23  230 7538.40000 4083.03103  45.8%  75.5  182s
  4451  3293 5113.93220   54   51 7538.40000 4083.03103  45.8%  75.9  187s
  4672  3415 5756.32500  120    8 7538.40000 4095.09318  45.7%  73.9  193s
  4799  3476     cutoff  216      7538.40000 4095.28267  45.7%  73.6  198s
  4864  3677 4764.02931   34  134 7538.40000 4102.41894  45.6%  74.5  203s
  5111  3878 6943.74000  139    - 7538.40000 4102.43368  45.6%  73.0  211s
  5315  3941 7312.62000  139   24 7538.40000 4108.86879  45.5%  72.2  216s
  5415  3992 infeasible  158      7538.40000 4110.82618  45.5%  72.6  221s
  5470  4053 4842.73158   27  204 7538.40000 4113.57728  45.4%  73.5  226s
  5541  4234 5469.32136   74  118 7538.40000 4125.02902  45.3%  74.1  233s
  5743  4276 4147.43114   19  320 7538.40000 4126.85925  45.3%  73.1  239s
  5788  4370 4901.20696   49   36 7538.40000 4126.85925  45.3%  74.2  256s
  5937  4513 6662.99250  129    8 7538.40000 4130.75951  45.2%  73.8  262s
  6075  4572 6925.46000  131   40 7538.40000 4131.64976  45.2%  74.0  267s
  6152  4745 4832.28934   32  222 7538.40000 4132.33844  45.2%  74.8  274s
  6205  4745 5491.93539   85   65 7538.40000 4132.33844  45.2%  74.6  275s
  6343  4930 4312.14313   17  270 7538.40000 4132.44347  45.2%  74.3  281s
  6541  5022 6355.94500  126   12 7538.40000 4133.10789  45.2%  73.9  288s
  6657  5104     cutoff  181      7538.40000 4135.59910  45.1%  74.2  293s
  6749  5146     cutoff  177      7538.40000 4136.40579  45.1%  74.9  299s
  6798  5317 4547.46867   47  136 7538.40000 4136.78820  45.1%  76.0  305s
  6987  5403 5597.05828  199   46 7538.40000 4138.37989  45.1%  75.5  311s
  7103  5530 4925.25771   36  190 7538.40000 4139.70218  45.1%  75.6  318s
  7244  5680 6413.38954  149   29 7538.40000 4140.29564  45.1%  75.7  326s
  7441  5740 infeasible  174      7538.40000 4140.45059  45.1%  75.3  334s
  7529  5907 4650.52326   48   80 7538.40000 4140.48527  45.1%  76.0  342s
  7681  6120 5029.52912  106   17 7538.40000 4140.51045  45.1%  76.5  352s
  7965  6370 6512.55000  215    - 7538.40000 4140.77021  45.1%  75.4  364s
  8024  6383 5247.60577   94   24 7538.40000 4140.77865  45.1%  75.8  365s
  8253  6445 6632.87000  215    8 7538.40000 4140.87307  45.1%  74.5  372s
  8331  6512 6786.71333  221   14 7538.40000 4141.73291  45.1%  75.2  379s
  8409  6771 4942.88685   39  193 7538.40000 4141.73321  45.1%  76.0  387s
  8694  6845 6257.62848  126   13 7538.40000 4141.76910  45.1%  74.9  395s
  8777  6900 6871.53491  151   24 7538.40000 4143.03132  45.0%  75.6  404s
  8803  6905 7413.04507  164    8 7538.40000 4143.03132  45.0%  75.5  405s
  8911  6963 7484.80071  176   51 7538.40000 4143.15200  45.0%  75.5  412s
  8967  7148 4674.59738   48  106 7538.40000 4143.15200  45.0%  76.3  422s
  9154  7297 6490.09487  209   39 7538.40000 4145.00169  45.0%  76.0  433s
  9356  7412 infeasible  231      7538.40000 4147.61647  45.0%  75.7  442s
  9493  7562 4907.41123   51   23 7538.40000 4148.63827  45.0%  76.0  452s
  9658  7697 6616.22725  182   17 7538.40000 4149.34762  45.0%  75.6  462s
  9827  7749 infeasible  217      7538.40000 4149.96275  44.9%  75.5  472s
  9913  7853 4440.22153   32  327 7538.40000 4150.42083  44.9%  75.6  480s
 10006  8003 5702.04298   96   41 7538.40000 4151.02054  44.9%  76.1  489s
 10138  8021 7408.19000  200    6 7538.40000 4151.02054  44.9%  75.4  490s
 10218  8070 7537.13000  204    - 7538.40000 4156.16835  44.9%  75.8  496s
 10286  8128     cutoff  204      7538.40000 4161.89836  44.8%  76.5  504s
 10349  8400 4619.54859   49  207 7538.40000 4162.14363  44.8%  77.2  513s
 10682  8452 infeasible  213      7538.40000 4162.91264  44.8%  76.2  522s
 10739  8586 4848.57944   43  128 7538.40000 4168.17511  44.7%  76.9  530s
 10913  8637 6532.82318  116   12 7538.40000 4169.88121  44.7%  77.0  539s
 10969  8648 6122.54000  102    - 7538.40000 4170.34975  44.7%  77.1  540s
 10982  8735 7224.23200  136   28 7538.40000 4170.50892  44.7%  77.2  547s
 11099  8952 4980.04103   31  165 7538.40000 4170.98374  44.7%  77.5  558s
 11314  9103 6882.16192   84   35 7538.40000 4171.56633  44.7%  77.2  569s
 11366  9114 7104.49000  100   33 7538.40000 4171.56633  44.7%  77.0  570s
 11526  9150 7197.50000  110    - 7538.40000 4172.40772  44.7%  77.0  577s
