




arguments: ./build/mirp_solver -f ./input/orig_exec_176.cfg
Current dir: /scratch/gui/bnc_mirp
File verbosity level: 9
date       time         ( uptime  ) [ thread name/id ]                   file:line     v| 
2021-01-10 04:55:45.297 (   0.256s) [main thread     ]             loguru.cpp:789   INFO| Logging to './output/vi_hc3/OU/V3/Original/execution_10_01_2021_04_55_45.log', mode: 'a', verbosity: 9
--------------------------------------------------------------------------------
Parameters
                           instance_path           ./input/Instances/Original/5/
                            model_policy                                       1
                             nb_vehicles                                       3
                              output_dir         ./output/vi_hc3/OU/V3/Original/
                            sec_strategy                                       1
                       solver_nb_threads                                       2
                         solver_show_log                                    true
                       solver_time_limit                                    3600
                              use_vi_cos                                   false
                              use_vi_cus                                   false
                         use_vi_hc1_full                                   false
                         use_vi_hc1_half                                   false
                      use_vi_hc1_quarter                                   false
                              use_vi_hc2                                   false
                              use_vi_hc3                                    true
                         use_vi_lex_full                                   false
                         use_vi_lex_half                                   false
                      use_vi_lex_quarter                                   false
                              use_vi_qua                                   false
                               use_vi_vc                                   false
                               use_vi_vr                                   false
--------------------------------------------------------------------------------
executing instance: ./input/Instances/Original/5/absH3low_4n50.dat
--------------------------------------------------------------------------------
Instance details
n	51
H	3
C	4066
Li:
[0, 0, 0, 0, 0, 0, 0, 0, 0, 0, 0, 0, 0, 0, 0, 0, 0, 0, 0, 0, 0, 0, 0, 0, 0, 0, 0, 0, 0, 0, 0, 0, 0, 0, 0, 0, 0, 0, 0, 0, 0, 0, 0, 0, 0, 0, 0, 0, 0, 0, 0, ]
Ui:
[0, 108, 126, 122, 66, 120, 48, 30, 128, 54, 158, 198, 36, 66, 210, 234, 147, 297, 171, 128, 116, 120, 219, 70, 294, 207, 134, 128, 234, 122, 22, 183, 195, 255, 132, 124, 66, 189, 219, 66, 128, 102, 288, 66, 87, 136, 36, 39, 282, 36, 237, ]
Distance matrix:
|0	210	444	498	509	104	438	228	487	304	456	434	526	476	163	47	293	396	293	290	313	85	280	437	293	336	409	106	449	376	433	478	193	404	404	534	278	181	380	507	189	438	263	473	353	216	202	218	452	254	465	|
|210	0	299	507	359	106	345	409	358	411	320	402	555	448	136	200	289	264	306	427	141	222	83	348	264	320	283	303	380	208	258	357	170	348	475	542	243	347	355	379	65	479	172	373	355	251	112	229	402	210	300	|
|444	299	0	363	65	358	116	542	66	440	26	241	425	272	282	407	251	51	276	490	159	397	224	124	217	237	48	490	170	99	83	74	261	180	430	385	214	479	231	85	270	390	184	116	271	300	409	276	210	215	54	|
|498	507	363	0	385	482	246	424	326	254	343	123	63	93	388	452	221	337	211	314	428	414	480	239	243	187	324	463	194	418	438	307	346	188	156	36	264	392	156	326	444	87	340	258	154	286	603	294	153	297	417	|
|509	359	65	385	0	422	145	602	59	492	59	269	448	292	348	472	305	115	329	545	218	462	281	152	274	286	106	554	192	153	116	78	326	216	472	403	274	540	271	63	334	425	249	127	316	361	468	337	233	278	69	|
|104	106	358	482	422	0	372	309	408	337	374	396	521	441	98	96	262	314	271	342	215	124	177	373	249	302	329	198	394	281	337	402	139	353	419	518	230	250	343	428	90	437	188	405	328	200	134	188	406	199	372	|
|438	345	116	246	145	372	0	485	87	357	97	126	309	155	279	394	180	101	200	414	223	373	288	8	157	150	84	459	53	188	196	68	245	72	328	269	165	427	128	97	297	280	184	36	175	250	456	233	94	184	170	|
|228	409	542	424	602	309	485	0	561	170	544	419	424	446	298	214	305	491	286	115	462	187	457	480	331	339	496	124	470	510	565	545	295	424	279	454	329	66	376	576	363	340	370	520	330	242	429	266	453	328	581	|
|487	358	66	326	59	408	87	561	0	441	40	211	389	233	324	446	258	95	281	497	220	431	287	95	230	234	79	522	133	164	146	19	297	160	415	344	233	500	215	21	323	367	224	68	261	320	470	299	174	242	106	|
|304	411	440	254	492	337	357	170	441	0	434	266	255	286	275	266	189	392	164	63	408	225	428	351	224	207	392	234	330	438	484	424	250	287	112	284	232	149	233	453	349	170	302	389	185	168	471	195	305	248	487	|
|456	320	26	343	59	374	97	544	40	434	0	223	406	252	294	418	247	60	271	487	181	405	247	105	215	229	49	498	149	124	109	48	270	165	419	364	215	482	218	60	288	375	194	92	261	302	431	279	190	220	75	|
|434	402	241	123	269	396	126	419	211	266	223	0	185	46	298	387	140	213	145	328	310	355	366	118	147	97	201	425	78	295	315	191	256	65	211	151	166	371	53	215	343	157	231	145	90	220	505	217	41	198	295	|
|526	555	425	63	448	521	309	424	389	255	406	185	0	156	430	481	266	398	252	310	485	442	534	301	293	237	386	480	257	478	500	370	390	249	145	55	313	401	212	389	491	89	392	321	201	322	646	334	216	345	479	|
|476	448	272	93	292	441	155	446	233	286	252	46	156	0	343	429	183	250	184	348	353	396	411	148	192	140	236	461	102	334	350	214	302	106	214	113	212	402	98	233	389	151	277	165	125	261	551	260	62	244	325	|
|163	136	282	388	348	98	279	298	324	275	294	298	430	343	0	124	167	234	178	296	167	121	162	279	151	205	247	216	297	224	280	316	42	256	340	423	132	232	246	344	74	349	100	314	233	115	216	97	308	101	307	|
|47	200	407	452	472	96	394	214	446	266	418	387	481	429	124	0	246	358	245	259	284	41	261	392	247	289	370	103	403	345	402	436	150	358	361	488	232	158	333	466	165	393	223	430	306	168	217	171	406	210	431	|
|293	289	251	221	305	262	180	305	258	189	247	140	266	183	167	246	0	204	26	240	238	215	276	175	37	43	203	289	169	255	297	242	125	122	202	257	52	248	87	272	225	191	134	215	67	80	382	77	163	81	298	|
|396	264	51	337	115	314	101	491	95	392	60	213	398	250	234	358	204	0	229	442	130	347	196	108	169	194	19	440	152	87	102	93	211	149	390	363	165	428	194	116	228	355	134	117	230	250	376	225	189	164	95	|
|293	306	276	211	329	271	200	286	281	164	271	145	252	184	178	245	26	229	0	216	262	212	297	195	63	53	228	280	184	280	323	264	138	137	178	248	76	232	95	294	241	173	156	234	60	77	395	83	172	102	324	|
|290	427	490	314	545	342	414	115	497	63	487	328	310	348	296	259	240	442	216	0	443	220	456	408	273	264	443	204	390	479	529	480	278	346	165	343	278	115	293	509	369	229	340	447	244	202	473	230	366	288	536	|
|313	141	159	428	218	215	223	462	220	408	181	310	485	353	167	284	238	130	262	443	0	288	67	228	202	252	149	382	267	67	122	221	168	247	440	459	186	396	273	241	125	423	107	245	291	242	251	214	297	162	160	|
|85	222	397	414	462	124	373	187	431	225	405	355	442	396	121	41	215	347	212	220	288	0	273	371	221	258	357	95	378	344	401	420	136	331	321	450	208	126	302	450	177	353	213	409	272	136	253	143	377	190	426	|
|280	83	224	480	281	177	288	457	287	428	247	366	534	411	162	261	276	196	297	456	67	273	0	292	243	298	215	363	329	128	176	288	179	305	475	513	224	392	324	307	96	466	143	311	335	261	187	235	357	195	219	|
|437	348	124	239	152	373	8	480	95	351	105	118	301	148	279	392	175	108	195	408	228	371	292	0	154	144	91	456	46	194	203	76	244	65	320	261	163	423	121	103	299	273	185	40	168	247	459	230	86	183	178	|
|293	264	217	243	274	249	157	331	230	224	215	147	293	192	151	247	37	169	63	273	202	221	243	154	0	57	170	303	157	217	260	215	110	111	238	278	21	271	94	245	201	223	100	193	92	93	362	78	160	54	263	|
|336	320	237	187	286	302	150	339	234	207	229	97	237	140	205	289	43	194	53	264	252	258	298	144	57	0	190	331	131	257	294	216	163	84	197	221	77	285	44	246	258	172	155	183	39	123	418	119	120	110	288	|
|409	283	48	324	106	329	84	496	79	392	49	201	386	236	247	370	203	19	228	443	149	357	215	91	170	190	0	449	136	105	114	75	221	138	384	349	168	434	185	99	245	346	146	98	224	255	394	231	174	171	99	|
|106	303	490	463	554	198	459	124	522	234	498	425	480	461	216	103	289	440	280	204	382	95	363	456	303	331	449	0	458	439	496	510	229	410	344	498	293	89	374	540	267	391	307	495	336	211	308	226	451	280	520	|
|449	380	170	194	192	394	53	470	133	330	149	78	257	102	297	403	169	152	184	390	267	378	329	46	157	131	136	458	0	238	249	114	259	47	287	216	171	416	96	137	327	235	211	67	145	247	488	235	41	197	223	|
|376	208	99	418	153	281	188	510	164	438	124	295	478	334	224	345	255	87	280	479	67	344	128	194	217	257	105	439	238	0	57	169	216	230	453	445	206	445	268	184	191	427	141	202	296	278	315	250	274	191	92	|
|433	258	83	438	116	337	196	565	146	484	109	315	500	350	280	402	297	102	323	529	122	401	176	203	260	294	114	496	249	57	0	157	271	252	490	463	251	499	296	162	247	457	195	199	331	329	362	302	288	241	47	|
|478	357	74	307	78	402	68	545	19	424	48	191	370	214	316	436	242	93	264	480	221	420	288	76	215	216	75	510	114	169	157	0	287	141	396	325	219	485	196	31	319	347	216	49	243	306	469	286	154	230	120	|
|193	170	261	346	326	139	245	295	297	250	270	256	390	302	42	150	125	211	138	278	168	136	179	244	110	163	221	229	259	216	271	287	0	216	305	382	91	229	204	316	105	310	78	280	192	83	257	60	268	62	292	|
|404	348	180	188	216	353	72	424	160	287	165	65	249	106	256	358	122	149	137	346	247	331	305	65	111	84	138	410	47	230	252	141	216	0	255	215	126	369	56	168	292	210	177	102	103	200	454	189	54	155	234	|
|404	475	430	156	472	419	328	279	415	112	419	211	145	214	340	361	202	390	178	165	440	321	475	320	238	197	384	344	287	453	490	396	305	255	0	181	254	261	201	422	410	69	335	353	160	225	551	246	252	280	482	|
|534	542	385	36	403	518	269	454	344	284	364	151	55	113	423	488	257	363	248	343	459	450	513	261	278	221	349	498	216	445	463	325	382	215	181	0	298	425	189	342	479	115	373	276	190	323	638	330	175	332	439	|
|278	243	214	264	274	230	165	329	233	232	215	166	313	212	132	232	52	165	76	278	186	208	224	163	21	77	168	293	171	206	251	219	91	126	254	298	0	267	114	250	181	242	82	202	112	88	341	68	177	33	258	|
|181	347	479	392	540	250	427	66	500	149	482	371	401	402	232	158	248	428	232	115	396	126	392	423	271	285	434	89	416	445	499	485	229	369	261	425	267	0	325	516	298	313	305	463	281	180	375	203	403	264	516	|
|380	355	231	156	271	343	128	376	215	233	218	53	212	98	246	333	87	194	95	293	273	302	324	121	94	44	185	374	96	268	296	196	204	56	201	189	114	325	0	224	294	161	185	157	49	167	455	163	78	147	284	|
|507	379	85	326	63	428	97	576	21	453	60	215	389	233	344	466	272	116	294	509	241	450	307	103	245	246	99	540	137	184	162	31	316	168	422	342	250	516	224	0	344	371	244	70	271	337	490	317	176	261	120	|
|189	65	270	444	334	90	297	363	323	349	288	343	491	389	74	165	225	228	241	369	125	177	96	299	201	258	245	267	327	191	247	319	105	292	410	479	181	298	294	344	0	414	116	328	291	187	163	165	345	147	282	|
|438	479	390	87	425	437	280	340	367	170	375	157	89	151	349	393	191	355	173	229	423	353	466	273	223	172	346	391	235	427	457	347	310	210	69	115	242	313	161	371	414	0	323	301	133	238	565	253	197	273	444	|
|263	172	184	340	249	188	184	370	224	302	194	231	392	277	100	223	134	134	156	340	107	213	143	185	100	155	146	307	211	141	195	216	78	177	335	373	82	305	185	244	116	323	0	217	192	138	278	110	230	55	214	|
|473	373	116	258	127	405	36	520	68	389	92	145	321	165	314	430	215	117	234	447	245	409	311	40	193	183	98	495	67	202	199	49	280	102	353	276	202	463	157	70	328	301	217	0	205	286	485	269	106	220	167	|
|353	355	271	154	316	328	175	330	261	185	261	90	201	125	233	306	67	230	60	244	291	272	335	168	92	39	224	336	145	296	331	243	192	103	160	190	112	281	49	271	291	133	192	205	0	138	449	141	123	145	323	|
|216	251	300	286	361	200	250	242	320	168	302	220	322	261	115	168	80	250	77	202	242	136	261	247	93	123	255	211	247	278	329	306	83	200	225	323	88	180	167	337	187	238	138	286	138	0	328	28	243	88	340	|
|202	112	409	603	468	134	456	429	470	471	431	505	646	551	216	217	382	376	395	473	251	253	187	459	362	418	394	308	488	315	362	469	257	454	551	638	341	375	455	490	163	565	278	485	449	328	0	313	508	308	406	|
|218	229	276	294	337	188	233	266	299	195	279	217	334	260	97	171	77	225	83	230	214	143	235	230	78	119	231	226	235	250	302	286	60	189	246	330	68	203	163	317	165	253	110	269	141	28	313	0	235	61	315	|
|452	402	210	153	233	406	94	453	174	305	190	41	216	62	308	406	163	189	172	366	297	377	357	86	160	120	174	451	41	274	288	154	268	54	252	175	177	403	78	176	345	197	230	106	123	243	508	235	0	207	264	|
|254	210	215	297	278	199	184	328	242	248	220	198	345	244	101	210	81	164	102	288	162	190	195	183	54	110	171	280	197	191	241	230	62	155	280	332	33	264	147	261	147	273	55	220	145	88	308	61	207	0	253	|
|465	300	54	417	69	372	170	581	106	487	75	295	479	325	307	431	298	95	324	536	160	426	219	178	263	288	99	520	223	92	47	120	292	234	482	439	258	516	284	120	282	444	214	167	323	340	406	315	264	253	0	|

--------------------------------------------------------------------------------
Building model...
	using lazy and cut (CVRPSEP package)
Solving IRP LP...
--------------------------------------------------------------------------------

Gurobi 9.1.0 (linux64) logging started Sun Jan 10 04:55:45 2021

Gurobi Optimizer version 9.1.0 build v9.1.0rc0 (linux64)
Thread count: 32 physical cores, 32 logical processors, using up to 2 threads
Optimize a model with 1875 rows, 12588 columns and 39903 nonzeros
Model fingerprint: 0xcb27d976
Variable types: 654 continuous, 11934 integer (459 binary)
Coefficient statistics:
  Matrix range     [1e+00, 1e+03]
  Objective range  [1e-02, 6e+02]
  Bounds range     [1e+00, 3e+02]
  RHS range        [1e+01, 7e+03]
Presolve removed 514 rows and 61 columns
Presolve time: 0.08s
Presolved: 1361 rows, 12527 columns, 33853 nonzeros
Variable types: 590 continuous, 11937 integer (11484 binary)

Root relaxation: objective 3.373564e+03, 1388 iterations, 0.06 seconds

    Nodes    |    Current Node    |     Objective Bounds      |     Work
 Expl Unexpl |  Obj  Depth IntInf | Incumbent    BestBd   Gap | It/Node Time

     0     0 3373.56424    0  157          - 3373.56424      -     -    0s
     0     0 3586.22297    0  143          - 3586.22297      -     -    0s
     0     0 3594.17675    0  139          - 3594.17675      -     -    0s
     0     0 3602.78918    0  140          - 3602.78918      -     -    0s
     0     0 3602.97412    0  129          - 3602.97412      -     -    0s
     0     0 4268.99537    0  224          - 4268.99537      -     -    1s
     0     0 4381.78292    0  201          - 4381.78292      -     -    1s
     0     0 4381.78292    0  191          - 4381.78292      -     -    1s
     0     0 4474.70021    0  210          - 4474.70021      -     -    1s
     0     0 4495.21861    0  227          - 4495.21861      -     -    1s
     0     0 4495.25006    0  231          - 4495.25006      -     -    1s
     0     0 4554.83901    0  289          - 4554.83901      -     -    2s
     0     0 4566.22171    0  308          - 4566.22171      -     -    2s
     0     0 4573.90984    0  321          - 4573.90984      -     -    2s
     0     0 4585.31018    0  328          - 4585.31018      -     -    2s
     0     0 4586.77290    0  341          - 4586.77290      -     -    2s
     0     0 4588.35511    0  351          - 4588.35511      -     -    2s
     0     0 4589.35661    0  329          - 4589.35661      -     -    2s
     0     0 4611.77740    0  336          - 4611.77740      -     -    3s
     0     0 4621.63606    0  391          - 4621.63606      -     -    3s
     0     0 4630.00030    0  352          - 4630.00030      -     -    3s
     0     0 4631.28192    0  345          - 4631.28192      -     -    3s
     0     0 4644.46198    0  362          - 4644.46198      -     -    4s
     0     0 4648.45098    0  471          - 4648.45098      -     -    4s
     0     0 4649.84410    0  426          - 4649.84410      -     -    4s
     0     0 4658.04177    0  371          - 4658.04177      -     -    5s
     0     0 4661.55613    0  375          - 4661.55613      -     -    5s
     0     2 4661.55613    0  332          - 4661.55613      -     -    6s
    32    35 4711.46346    9  438          - 4663.65992      -   352   10s
    71    75 4828.26001   18  385          - 4663.65992      -   397   15s
   141   159 4934.94749   40  137          - 4663.65992      -   318   20s
   314   351 5072.18863   63  187          - 4663.65992      -   194   25s
   540   564 5338.98117   77  121          - 4663.65992      -   134   30s
   653   655 5815.66746  114   78          - 4663.65992      -   131   35s
   747   731 8367.63000  283  375          - 4663.65992      -   127   40s
   757   738 5066.64560   48  559          - 4682.09545      -   125   45s
   769   746 5941.72681  132  578          - 4701.01139      -   123   50s
   780   753 4714.01410    6  532          - 4714.01410      -   121   55s
   790   760 6613.27500  188  598          - 4717.48620      -   120   60s
   800   766 5743.12331  111  639          - 4718.71066      -   118   65s
   813   775 6840.61986  203  573          - 4720.70088      -   116   71s
   827   784 5921.61117  130  670          - 4727.18409      -   114   75s
   835   790 5715.03024  106  604          - 4728.05018      -   113   80s
   850   800 6148.73061  148  631          - 4729.60959      -   111   85s
   864   809 5100.23844   55  637          - 4730.14766      -   110   90s
   876   818 4942.55256   43  275          - 4730.19268      -   148   95s
   893   829 5938.28504  131  560          - 4731.16487      -   145  100s
   899   833 5608.20274  108  594          - 4731.33559      -   144  106s
   911   841 4817.39836   17  634          - 4732.69374      -   143  110s
   918   846 5035.54871   57  618          - 4732.85339      -   141  115s
   924   850 5743.12331  111  611          - 4732.85895      -   141  120s
   927   855 4738.56855   22  616          - 4738.56855      -   163  125s
   939   863 4762.14322   25  557          - 4738.56855      -   177  130s
   961   879 4827.67261   30  448          - 4751.89637      -   191  135s
   979   891 4764.59221   34  586          - 4751.89637      -   202  140s
  1005   909 4891.95882   40  386          - 4751.89637      -   217  145s
  1052   930 4771.38414   32  476          - 4752.30688      -   225  150s
  1089   967 4939.39169   38  338          - 4752.30688      -   232  155s
  1168  1022 5000.63561   59  286          - 4752.30688      -   236  161s
  1218  1068 5083.12255   67  314          - 4752.30688      -   233  165s
  1314  1138 5143.21125   84  198          - 4752.30688      -   227  171s
  1392  1189 5313.85201  102  191          - 4752.30688      -   221  175s
  1514  1212 5480.12071  117  197          - 4752.30688      -   211  180s
  1604  1273 5776.70165  153  176          - 4752.30688      -   208  186s
  1669  1326 6061.73858  181  136          - 4752.30688      -   206  191s
  1748  1383 6388.72487  216   91          - 4752.30688      -   204  196s
  1815  1419 6983.91708  247   94          - 4752.30688      -   200  200s
  1905  1496 7396.11840  285   90          - 4752.30688      -   197  206s
  1962  1500 7908.07729  309   66          - 4752.30688      -   195  217s
  1985  1506 infeasible  316               - 4759.80795      -   195  220s
  2041  1527 4967.63451   34  287          - 4759.80795      -   195  225s
  2086  1569 5022.55995   39  323          - 4759.80795      -   197  230s
  2152  1617 5078.05987   43  297          - 4759.80795      -   196  236s
  2187  1646 5292.77020   49  171          - 4759.80795      -   196  240s
  2271  1684 5741.39953  101   88          - 4759.80795      -   195  245s
  2361  1811 5566.07302   78  108          - 4759.80795      -   193  254s
  2388  1802 5658.02492   90  107          - 4759.80795      -   192  255s
  2453  1922 5645.50355   90  177          - 4759.80795      -   189  262s
  2627  1882 6808.83135  181   18          - 4759.80795      -   181  265s
  2642  1929 5753.90747  110  122          - 4759.80795      -   180  270s
  2734  1935 5905.07768  123   89          - 4759.80795      -   177  276s
  2754  1964 6094.35548  127  127          - 4759.80795      -   178  280s
  2790  1980 6323.95888  132  117          - 4759.80795      -   178  286s
  2818  2014 6386.14581  138  106          - 4759.80795      -   179  291s
  2861  2073 6429.41461  146   90          - 4759.80795      -   179  296s
  2935  2152 6529.77291  170   71          - 4759.80795      -   177  304s
  3007  2128 6646.60679  191   68          - 4759.80795      -   174  305s
  3038  2253 6687.07667  201   64          - 4759.80795      -   173  312s
  3176  2274 7166.51153  236   37          - 4762.41927      -   169  321s
  3299  2270 4933.73764   28  382          - 4762.41927      -   166  327s
  3323  2293 4985.26482   30  436          - 4762.41927      -   167  333s
  3354  2312 5007.19280   31  375          - 4762.41927      -   167  339s
  3383  2332 5043.18438   35  351          - 4762.41927      -   168  344s
  3413  2359 5056.09490   36  314          - 4762.41927      -   169  349s
  3450  2383 5094.61479   37  162          - 4762.41927      -   169  355s
  3486  2428 5067.87688   41  333          - 4762.41927      -   170  361s
  3541  2497 5115.61804   47  236          - 4762.41927      -   171  368s
  3610  2581 5121.36938   48  251          - 4762.41927      -   171  376s
  3710  2634 5172.99120   56  203          - 4762.41927      -   170  385s
  3798  2688 5249.29741   62  137          - 4762.41927      -   169  394s
  3842  2749 5298.98046   71   46          - 4762.41927      -   170  402s
  3903  2783 5601.76759   82  114          - 4762.41927      -   171  410s
  3937  2856 5785.87535   81   94          - 4762.41927      -   173  419s
  3976  2856 5713.00225   90  114          - 4762.41927      -   172  420s
  4010  2944 5721.63664  103   97          - 4762.41927      -   173  429s
  4049  2944 5818.02325  113   73          - 4762.41927      -   172  430s
  4098  3066 5982.08699  121   94          - 4762.41927      -   173  441s
  4242  3112 infeasible  153               - 4765.11989      -   171  452s
  4352  3173 4883.76565   27  550          - 4765.11989      -   170  462s
  4405  3244 5140.48352   33  343          - 4765.11989      -   171  472s
  4478  3337 5251.73551   42  224          - 4765.11989      -   172  484s
  4497  3337 5259.50545   51  302          - 4765.11989      -   173  485s
  4634  3397 5280.72869   52  245          - 4765.11989      -   170  497s
  4681  3459 5335.14940   64  210          - 4765.11989      -   171  508s
  4743  3590 5540.54912   81   75          - 4765.11989      -   172  519s
  4795  3590 5713.07581  108   99          - 4765.11989      -   172  520s
  4874  3731 5767.86952  115   63          - 4765.11989      -   172  531s
  5015  3999 6064.34733  143   64          - 4766.81085      -   170  545s
  5318  4142 5019.26450   27  368          - 4766.81085      -   165  561s
  5506  4201 5155.82563   34  365          - 4766.81085      -   162  572s
  5539  4270 5216.29910   39  351          - 4766.81085      -   164  583s
  5608  4419 5385.75112   62   90          - 4766.81085      -   165  595s
  5757  4655 5600.31250   81   61          - 4766.81085      -   164  636s
  6001  4758 6001.00459  105  130          - 4767.12518      -   161  652s
  6145  4833 4996.65003   33  261          - 4769.02457      -   161  665s
  6198  4916 5066.36248   40  340          - 4769.02457      -   163  677s
  6285  5089 5189.91349   50  231          - 4769.02457      -   164  692s
  6508  5183 5549.67000   71   20          - 4769.02457      -   162  705s
  6602  5314 5799.38080   94   49          - 4775.98780      -   164  719s
  6628  5315 5987.93915  108   21          - 4775.98780      -   163  720s
  6792  5401 5090.13633   38  350          - 4775.98780      -   163  733s
  6862  5563 5198.19840   47  224          - 4775.98780      -   164  748s
  7024  5721 5403.15939   64  110          - 4775.98780      -   164  764s
  7037  5721 5437.32457   70  112          - 4775.98780      -   164  765s
  7208  5844 5770.87934   92  152          - 4775.98780      -   164  782s
  7320  6015 5884.47680  113   95          - 4777.96361      -   164  802s
  7512  6037 7148.27922  180   25          - 4777.96361      -   161  805s
  7636  6161 5061.41853   32  201          - 4777.96361      -   161  820s
  7720  6555 5227.50822   51  118          - 4781.53295      -   163  843s
  7817  6555 5564.96817   89   42          - 4781.53295      -   162  845s
  8156  6750 4877.74992   28  490          - 4781.53295      -   158  865s
  8341  6953 5136.78921   39  353          - 4781.53295      -   158  883s
  8432  6956 6906.81016  175   54          - 4781.53295      -   159  885s
  8608  7068 5283.23096   46  309          - 4781.53295      -   157  900s
  8706  7323 5630.10896   73  135          - 4782.98958      -   158  917s
  8877  7326 6980.21529  135   28          - 4782.98958      -   157  920s
  8988  7546 4857.66187   40  396          - 4784.44861      -   157  939s
  9162  7549 5965.78000  125    3          - 4784.44861      -   157  941s
  9283  7755 4993.43152   27  526          - 4784.44861      -   155  957s
  9456  7777 7583.90128  194   18          - 4784.44861      -   154  960s
  9558  7867 5160.34469   35  218          - 4784.44861      -   154  974s
  9606  7867 5176.83238   48  205          - 4784.44861      -   155  975s
  9634  8023 5373.81593   47  145          - 4784.44861      -   155  991s
  9716  8023 5707.76253   74   56          - 4784.44861      -   155  995s
  9796  8289 5999.16535   78  125          - 4784.44861      -   155 1014s
  9838  8289 6105.72000   92   56          - 4784.44861      -   155 1015s
 10096  8513 6580.65500  113   38          - 4785.82582      -   154 1034s
 10109  8513 6632.27000  127   20          - 4785.82582      -   154 1035s
 10429  8629 5205.70741   42  427          - 4786.31924      -   152 1053s
 10490  8732 5477.84317   58  292          - 4786.31924      -   153 1067s
 10593  9046 5800.98346   79  130          - 4786.31924      -   154 1086s
 10915  9405 6394.94814  122  124          - 4789.80379      -   153 1110s
 11463  9540 4853.12188   33  368          - 4792.29895      -   148 1131s
 11514  9699 5208.61086   49  115          - 4792.29895      -   149 1146s
 11677  9878 5749.28652   72   88          - 4792.29895      -   149 1214s
 11716  9884 6044.70098  127   26          - 4792.29895      -   149 1215s
 11906 10044 6058.13988  118   58          - 4792.64924      -   148 1243s
 12095 10052 6343.50000  146    -          - 4796.05620      -   148 1245s
 12114 10145 5153.71964   43  194          - 4796.05620      -   148 1260s
 12204 10274 5350.77466   64  137          - 4796.05620      -   149 1276s
 12335 10457 5864.06117   93   89          - 4796.05620      -   150 1294s
 12362 10457 5962.28704  103  100          - 4796.05620      -   150 1295s
 12533 10606 infeasible  127               - 4798.68193      -   150 1314s
 12726 10648 5239.02161   43  312          - 4798.68193      -   150 1330s
 12802 10700 5396.72579   48  170          - 4798.68193      -   150 1344s
 12854 10784 5432.02822   52  249          - 4798.68193      -   152 1360s
 12938 10889 5545.26175   70  178          - 4798.68193      -   152 1380s
 13045 11080 5646.57089   86   85          - 4798.68193      -   153 1397s
 13220 11080 6697.55457  112   56          - 4798.68193      -   153 1400s
 13236 11478 5841.01418  103  108          - 4798.68193      -   153 1423s
 13379 11479 6246.66500  159   17          - 4798.68193      -   153 1425s
 13690 11673 6503.96896  156   52          - 4804.45101      -   151 1447s
 13886 11712 6676.44000  189    6          - 4804.45101      -   149 1450s
 14103 11843 5233.67610   41  315          - 4804.45101      -   149 1468s
 14161 11942 5385.74347   59  107          - 4804.45101      -   150 1484s
 14200 11942 5530.28660   75  103          - 4804.45101      -   150 1485s
 14260 12110 5692.35643   86  143          - 4804.45101      -   150 1505s
 14428 12279 6862.63094  125   85          - 4805.09507      -   151 1524s
 14482 12281 6659.53511  140   39          - 4805.09507      -   150 1525s
 14661 12484 5126.60756   37  306          - 4805.09507      -   150 1546s
 14838 12878 5500.91163   61   89          - 4805.09507      -   150 1570s
 15229 12883 7598.72225  213   28          - 4805.09507      -   148 1576s
 15248 13227 5994.72812  108   37          - 4807.23364      -   148 1596s
 15500 13264 7562.61250  198   57          - 4807.26653      -   147 1600s
 15814 13401 5361.77979   41  369          - 4807.26653      -   145 1619s
 15850 13401 5577.12995   57  200          - 4807.26653      -   145 1620s
 15898 13578 5629.85330   64  166          - 4807.26653      -   145 1639s
 15926 13578 5846.56341   77  137          - 4807.26653      -   145 1640s
 16075 13765 6151.45086  110   56          - 4808.67771      -   145 1659s
 16141 13766 6773.07039  129   32          - 4808.67771      -   145 1660s
 16303 14031 5104.98395   39  282          - 4808.67771      -   145 1683s
 16419 14031 6597.52936  133   57          - 4808.67771      -   145 1685s
 16600 14147 5324.24460   56  136          - 4808.67771      -   144 1703s
 16714 14396 5870.99021   89   46          - 4811.72364      -   145 1725s
 16997 14569 4904.34075   28  629          - 4811.72364      -   144 1744s
 17033 14569 5758.81281   92   29          - 4811.72364      -   144 1745s
 17175 14639 5622.87631   38  387          - 4811.72364      -   144 1760s
 17242 14774 5772.00245   46  278          - 4811.72364      -   145 1775s
 17377 15021 5859.71858   58  132          - 4811.72364      -   145 1793s
 17455 15021 6271.24733   93   27          - 4811.72364      -   145 1795s
 17679 15170 6269.09345  109   94          - 4815.62586      -   144 1814s
 17692 15171 6165.39130  113   53          - 4815.62586      -   144 1815s
 17855 15244 5132.94740   38  295          - 4815.62586      -   144 1829s
 17916 15244 5835.44960   70  108          - 4815.62586      -   145 1830s
 17918 15366 5525.21884   53  176          - 4815.62586      -   145 1844s
 17931 15366 5576.12585   56  128          - 4815.62586      -   145 1845s
 18042 15557 5678.18470   69  123          - 4815.62586      -   145 1863s
 18184 15558 6492.48110  114   24          - 4815.62586      -   146 1865s
 18272 15826 6083.45133   95  110          - 4815.62586      -   145 1889s
 18324 15826 6450.04000  107    4          - 4815.62586      -   145 1890s
 18553 15879 infeasible  143               - 4819.34818      -   145 1909s
 18628 15879 5712.11623   64  144          - 4819.34818      -   145 1910s
 18636 16017 5337.87408   41  360          - 4819.34818      -   145 1930s
 18774 16140 5351.88632   51  268          - 4819.34818      -   145 1950s
 18918 16211 5488.00008   62  291          - 4819.34818      -   146 1966s
 18979 16379 5661.75599   77   84          - 4819.34818      -   146 1985s
 19161 16652 5989.49870  101   51          - 4820.58491      -   146 2007s
 19361 16666 7161.81667  189    6          - 4820.58491      -   146 2010s
 19483 16784 4976.30271   37  399          - 4820.58491      -   145 2027s
 19634 16859 5232.71871   51  245          - 4820.58491      -   146 2044s
 19648 16859 5342.88553   57  135          - 4820.58491      -   146 2045s
 19693 16998 5412.34879   70  123          - 4820.58491      -   146 2062s
 19832 17126 5795.15499  102   26          - 4821.66102      -   147 2084s
 19845 17126 5860.34401  105   18          - 4821.66102      -   147 2085s
 20002 17262 5186.15385   29  277          - 4821.66102      -   147 2105s
 20166 17333 5673.48288   40  259          - 4821.66102      -   147 2123s
 20220 17440 5871.07928   53  167          - 4821.66102      -   147 2141s
 20347 17601 6258.10537   79   55          - 4823.84417      -   148 2162s
 20551 17707 4959.48470   41  504          - 4823.84417      -   148 2180s
 20636 17881 5831.33686   54  265          - 4823.84417      -   148 2202s
 20808 17899 7196.77089  134   28          - 4823.84417      -   148 2205s
 20886 18091 5987.04258   86   47          - 4824.15774      -   148 2228s
 21032 18109 7335.45631  137   27          - 4824.15774      -   147 2230s
 21165 18221 4968.33515   34  336          - 4824.15774      -   147 2246s
 21249 18377 5251.60294   53  206          - 4824.15774      -   148 2263s
 21334 18378 5918.61250   94   11          - 4824.15774      -   148 2265s
 21434 18520 5519.51144   80   74          - 4824.15774      -   148 2284s
 21473 18520 5987.35294   94   59          - 4824.15774      -   148 2286s
 21574 18688 6382.81000  113   12          - 4825.92316      -   148 2306s
 21813 18842 5366.95658   50  201          - 4825.92316      -   147 2325s
 21935 19023 5626.43623   67  135          - 4825.92316      -   148 2348s
 22054 19033 6088.53823  115   22          - 4825.92316      -   148 2350s
 22159 19189 5997.45512   92   96          - 4826.02444      -   148 2369s
 22224 19198 6763.46500  141   11          - 4826.02444      -   147 2370s
 22363 19405 5360.26341   51  332          - 4826.02444      -   147 2391s
 22568 19633 5767.20309   63  249          - 4826.02444      -   147 2412s
 22786 19648 6486.35861  137   27          - 4826.02444      -   147 2416s
 22819 19855 6157.68968   98   19          - 4827.72005      -   147 2435s
 23108 20039 4906.00148   34  428          - 4827.72005      -   146 2461s
 23358 20124 5394.48644   50  180          - 4827.72005      -   146 2480s
 23401 20196 5556.62317   60   81          - 4827.72005      -   147 2496s
 23473 20351 5938.57889   73   98          - 4827.72005      -   147 2514s
 23640 20709 6254.65651   97   79          - 4828.46445      -   147 2540s
 24060 20802 4989.46313   32  346          - 4828.46445      -   146 2562s
 24184 20897 5387.02022   51  195          - 4828.46445      -   146 2579s
 24197 20897 5578.46750   59  167          - 4828.46445      -   146 2580s
 24277 21025 5830.09989   90   64          - 4831.26758      -   146 2598s
 24383 21027 6403.55409  128   43          - 4831.26758      -   146 2600s
 24451 21098 4934.50755   42  529          - 4831.26758      -   146 2615s
 24509 21209 5723.31338   58  304          - 4831.26758      -   147 2636s
 24620 21489 5730.92291   74   54          - 4831.26758      -   147 2660s
 24891 21493 7384.20000  140    4          - 4831.26758      -   146 2665s
 24933 21668 5960.22302   85  155          - 4831.26758      -   146 2683s
 25025 21680 6439.26752  127   26          - 4831.26758      -   146 2685s
 25187 21796 6041.59000   91    -          - 4832.13105      -   146 2703s
 25306 21902 5389.31623   39  258          - 4832.13105      -   146 2723s
 25399 22066 5727.21504   59   76          - 4832.13105      -   146 2745s
 25412 22066 5803.89722   63   41          - 4832.13105      -   146 2752s
 25572 22074 5974.67057  122   26          - 4832.13105      -   146 2755s
 25589 22360 6119.62533   77  100          - 4832.13105      -   146 2778s
 25706 22360 6363.86071  110   34          - 4832.13105      -   146 2780s
 25913 22451 6621.19610  126   32          - 4832.20729      -   146 2801s
 26014 22542 5372.83003   38  340          - 4832.20729      -   146 2820s
 26094 22679 5851.95954   55  106          - 4832.20729      -   146 2838s
 26198 22688 5932.49396   89   18          - 4832.20729      -   146 2840s
 26255 22874 5929.85313   69   30          - 4832.20729      -   146 2861s
 26477 23034 6294.80357  105   24          - 4832.20729      -   146 3035s
 26687 23163 6402.07545  122   10          - 4832.32923      -   146 3062s
 26833 23191 7361.84545  180   26          - 4832.32923      -   146 3065s
 26894 23275 7766.72000  138   45          - 4832.47317      -   146 3082s
 26993 23413 5367.75217   50  299          - 4832.47317      -   146 3101s
 27137 23659 5780.49743   75   93          - 4832.47317      -   146 3124s
 27163 23659 6002.38387   85   58          - 4832.47317      -   146 3125s
 27436 23754 6195.99000  107    -          - 4832.68383      -   146 3147s
 27587 23858 5321.24837   55  115          - 4832.68383      -   145 3168s
 27659 23951 5549.12822   72  174          - 4832.68383      -   146 3185s
 27752 24131 5965.96166   92   93          - 4832.68383      -   146 3206s
 27956 24288 6221.02000  105    -          - 4832.92050      -   146 3233s
 28090 24321 6596.02353  121   48          - 4836.01799      -   146 3235s
 28221 24383 4938.05584   31  529          - 4836.01799      -   146 3254s
 28237 24383 4966.46751   37  423          - 4836.01799      -   146 3255s
 28259 24436 5185.47131   46  185          - 4836.01799      -   146 3273s
 28312 24524 5382.34576   59  198          - 4836.01799      -   146 3290s
 28400 24664 5493.71739   82  109          - 4836.01799      -   147 3309s
 28478 24670 6115.31127  111   62          - 4836.01799      -   147 3310s
 28560 24857 5827.56667  104    7          - 4836.01862      -   147 3330s
 28812 24940 4983.62269   35  436          - 4836.01862      -   146 3350s
 28896 25029 6147.74086   50  239          - 4836.01862      -   147 3369s
 28922 25029 6576.55481   64  200          - 4836.01862      -   147 3370s
 28969 25105 6700.08164   75  168          - 4836.01862      -   147 3386s
 29049 25271 6993.95125   89   87          - 4836.01862      -   147 3409s
 29101 25271 7241.93521  104  136          - 4836.01862      -   147 3410s
 29225 25549 7592.60000  118   15          - 4837.08182      -   147 3438s
 29342 25558 8033.69815  172    8          - 4837.08182      -   147 3440s
 29599 25675 4965.68693   35  439          - 4837.08182      -   146 3461s
 29756 25761 5612.62656   46  267          - 4837.08182      -   146 3481s
 29806 25843 6092.57500   63  176          - 4837.08182      -   147 3505s
 29888 25977 6300.68657   81   98          - 4837.08182      -   147 3527s
 30030 26206 6681.96338  111   70          - 4837.08182      -   147 3547s
 30233 26212 6997.98097  111  111          - 4837.08182      -   147 3550s
 30277 26365 8156.84000  150   31          - 4837.27243      -   147 3567s
 30484 26554 5211.77858   46  171          - 4837.27243      -   146 3595s
 30744 26600 5300.75050   58  153          - 4837.27243      -   146 3600s

Cutting planes:
  User: 5169
  Gomory: 43
  Cover: 408
  Implied bound: 77
  Clique: 22
  MIR: 159
  StrongCG: 1
  Flow cover: 530
  Inf proof: 1
  Zero half: 82
  RLT: 300
  Relax-and-lift: 6
  Lazy constraints: 6373

Explored 30747 nodes (4497504 simplex iterations) in 3600.38 seconds
Thread count was 2 (of 32 available processors)

Solution count 0

Time limit reached
Best objective -, best bound 4.837272426391e+03, gap -

User-callback calls 312760, time in user-callback 289.94 sec
================================================================================
executing instance: ./input/Instances/Original/5/absH3low_4n25.dat
--------------------------------------------------------------------------------
Instance details
n	26
H	3
C	2029
Li:
[0, 0, 0, 0, 0, 0, 0, 0, 0, 0, 0, 0, 0, 0, 0, 0, 0, 0, 0, 0, 0, 0, 0, 0, 0, 0, ]
Ui:
[0, 34, 165, 76, 88, 188, 58, 279, 52, 132, 198, 142, 135, 165, 186, 58, 201, 196, 40, 183, 32, 90, 168, 126, 93, 146, ]
Distance matrix:
|0	299	188	235	91	202	152	147	162	277	268	132	71	162	220	69	220	289	241	124	265	80	162	132	66	302	|
|299	0	468	431	282	142	317	425	443	569	193	178	359	302	422	231	93	28	511	325	457	242	434	215	240	601	|
|188	468	0	153	265	342	308	43	192	106	455	290	117	206	142	246	379	464	252	274	360	267	211	319	231	184	|
|235	431	153	0	326	289	386	145	321	240	482	269	184	129	15	258	339	436	393	355	477	305	336	354	237	334	|
|91	282	265	326	0	228	66	228	166	339	196	157	154	242	311	99	225	264	229	50	201	47	153	71	115	340	|
