




arguments: ./build/mirp_solver -f ./input/orig_exec_59.cfg
Current dir: /scratch/gui/bnc_mirp
File verbosity level: 9
date       time         ( uptime  ) [ thread name/id ]                   file:line     v| 
2021-01-09 05:38:09.300 (   0.076s) [main thread     ]             loguru.cpp:789   INFO| Logging to './output/vi_hc3/OU/V3/Original/execution_09_01_2021_05_38_09.log', mode: 'a', verbosity: 9
--------------------------------------------------------------------------------
Parameters
                           instance_path           ./input/Instances/Original/2/
                            model_policy                                       1
                             nb_vehicles                                       3
                              output_dir         ./output/vi_hc3/OU/V3/Original/
                            sec_strategy                                       1
                       solver_nb_threads                                       2
                         solver_show_log                                    true
                       solver_time_limit                                    3600
                              use_vi_cos                                   false
                              use_vi_cus                                   false
                         use_vi_hc1_full                                   false
                         use_vi_hc1_half                                   false
                      use_vi_hc1_quarter                                   false
                              use_vi_hc2                                   false
                              use_vi_hc3                                    true
                         use_vi_lex_full                                   false
                         use_vi_lex_half                                   false
                      use_vi_lex_quarter                                   false
                              use_vi_qua                                   false
                               use_vi_vc                                   false
                               use_vi_vr                                   false
--------------------------------------------------------------------------------
executing instance: ./input/Instances/Original/2/absH3high_3n40.dat
--------------------------------------------------------------------------------
Instance details
n	41
H	3
C	3283
Li:
[0, 0, 0, 0, 0, 0, 0, 0, 0, 0, 0, 0, 0, 0, 0, 0, 0, 0, 0, 0, 0, 0, 0, 0, 0, 0, 0, 0, 0, 0, 0, 0, 0, 0, 0, 0, 0, 0, 0, 0, 0, ]
Ui:
[0, 63, 111, 99, 96, 111, 282, 122, 156, 261, 42, 192, 126, 42, 162, 207, 159, 122, 102, 190, 118, 102, 132, 102, 165, 252, 66, 52, 22, 114, 210, 176, 116, 294, 78, 152, 210, 45, 130, 198, 174, ]
Distance matrix:
|0	208	225	252	227	143	258	127	267	150	28	83	163	286	57	149	201	137	214	255	70	73	107	186	328	266	249	343	222	177	293	144	262	215	167	120	169	218	143	173	255	|
|208	0	397	355	416	198	216	99	211	275	193	172	97	166	240	225	362	109	277	314	182	216	273	374	298	208	319	161	14	103	93	120	58	196	152	156	372	227	260	218	453	|
|225	397	0	427	53	364	482	343	492	129	253	225	382	386	171	188	39	291	187	195	295	182	282	55	326	491	180	551	408	315	457	366	455	275	392	244	221	439	341	214	101	|
|252	355	427	0	401	158	201	263	219	396	234	328	259	498	299	400	420	354	465	506	205	324	152	374	574	219	499	393	366	389	446	235	378	456	205	359	224	150	111	423	400	|
|227	416	53	401	0	357	477	352	489	165	253	245	389	424	179	223	85	315	234	245	293	200	264	42	375	488	231	565	428	344	484	370	474	314	392	270	184	430	325	252	50	|
|143	198	364	158	357	0	121	105	134	290	116	196	103	342	200	276	343	205	343	385	74	210	112	319	432	133	382	265	209	237	290	78	226	313	57	220	232	75	69	292	375	|
|258	216	482	201	477	121	0	168	18	397	230	293	135	381	314	372	459	275	437	480	188	317	228	439	501	18	479	197	222	296	290	132	212	386	95	306	347	58	173	381	496	|
|127	99	343	263	352	105	168	0	171	239	105	130	40	237	173	206	313	109	270	312	84	164	175	310	337	169	313	216	112	135	192	37	142	220	77	138	280	155	162	213	382	|
|267	211	492	219	489	134	18	171	0	404	240	298	136	376	323	376	468	276	441	483	198	324	243	450	500	2	483	181	215	294	281	136	202	386	102	309	363	75	189	384	509	|
|150	275	129	396	165	290	397	239	404	0	175	110	279	259	97	59	91	166	84	116	217	80	245	130	226	402	106	434	286	187	329	269	333	149	302	119	244	364	291	87	213	|
|28	193	253	234	253	116	230	105	240	175	0	94	139	286	84	167	229	136	234	275	43	96	98	212	341	238	271	320	206	175	281	118	244	225	140	128	180	191	124	189	280	|
|83	172	225	328	245	196	293	130	298	110	94	0	169	209	77	80	191	71	147	189	127	45	189	203	247	296	187	327	184	106	241	162	230	132	198	38	242	266	217	96	285	|
|163	97	382	259	389	103	135	40	136	279	139	169	0	253	212	244	353	141	307	349	110	203	194	347	366	133	350	183	107	161	187	27	124	251	56	175	306	133	169	249	418	|
|286	166	386	498	424	342	381	237	376	259	286	209	253	0	284	201	347	151	210	230	299	247	383	387	155	374	242	290	162	112	129	270	192	113	308	172	451	386	391	172	471	|
|57	240	171	299	179	200	314	173	323	97	84	77	212	284	0	112	145	147	170	208	127	38	148	137	299	321	201	386	253	183	315	195	297	195	222	112	171	275	195	142	214	|
|149	225	188	400	223	276	372	206	376	59	167	80	244	201	112	0	149	117	67	110	205	78	254	186	187	374	108	387	235	132	272	240	283	93	277	71	279	346	291	32	270	|
|201	362	39	420	85	343	459	313	468	91	229	191	353	347	145	149	0	254	149	160	272	150	271	66	290	466	146	518	373	278	419	339	420	235	367	207	227	418	327	175	135	|
|137	109	291	354	315	205	275	109	276	166	136	71	141	151	147	117	254	0	172	212	151	116	232	273	229	274	215	270	119	39	170	145	167	111	186	47	305	263	245	113	356	|
|214	277	187	465	234	343	437	270	441	84	234	147	307	210	170	67	149	172	0	42	272	141	317	205	144	439	43	437	284	175	307	305	331	99	343	132	327	413	357	60	283	|
|255	314	195	506	245	385	480	312	483	116	275	189	349	230	208	110	160	212	42	0	314	182	356	222	132	481	15	474	321	212	337	347	367	126	385	174	358	455	398	100	295	|
|70	182	295	205	293	74	188	84	198	217	43	127	110	299	127	205	272	151	272	314	0	137	91	253	370	196	310	292	195	188	274	85	226	252	99	155	197	148	94	223	316	|
|73	216	182	324	200	210	317	164	324	80	96	45	203	247	38	78	150	116	141	182	137	0	176	158	263	323	176	369	229	150	286	191	274	157	223	77	208	284	216	106	239	|
|107	273	282	152	264	112	228	175	243	245	98	189	194	383	148	254	271	232	317	356	91	176	0	231	435	242	349	371	286	271	365	167	315	321	164	224	120	174	61	280	274	|
|186	374	55	374	42	319	439	310	450	130	212	203	347	387	137	186	66	273	205	222	253	158	231	0	348	448	208	523	386	303	442	329	431	279	352	229	167	392	291	217	85	|
|328	298	326	574	375	432	501	337	500	226	341	247	366	155	299	187	290	229	144	132	370	263	435	348	0	498	147	441	299	206	283	374	338	119	414	215	465	492	463	157	425	|
|266	208	491	219	488	133	18	169	2	402	238	296	133	374	321	374	466	274	439	481	196	323	242	448	498	0	481	180	213	292	278	134	200	384	100	307	362	75	188	381	508	|
|249	319	180	499	231	382	479	313	483	106	271	187	350	242	201	108	146	215	43	15	310	176	349	208	147	481	0	480	326	217	346	347	373	135	385	175	347	454	392	103	280	|
|343	161	551	393	565	265	197	216	181	434	320	327	183	290	386	387	518	270	437	474	292	369	371	523	441	180	480	0	153	263	163	207	107	352	208	317	487	244	334	379	598	|
|222	14	408	366	428	209	222	112	215	286	206	184	107	162	253	235	373	119	284	321	195	229	286	386	299	213	326	153	0	109	81	132	48	201	162	167	386	236	272	226	466	|
|177	103	315	389	344	237	296	135	294	187	175	106	161	112	183	132	278	39	175	212	188	150	271	303	206	292	217	263	109	0	142	171	156	95	211	74	344	289	281	118	386	|
|293	93	457	446	484	290	290	192	281	329	281	241	187	129	315	272	419	170	307	337	274	286	365	442	283	278	346	163	81	142	0	212	79	211	241	214	461	311	353	254	525	|
|144	120	366	235	370	78	132	37	136	269	118	162	27	270	195	240	339	145	305	347	85	191	167	329	374	134	347	207	132	171	212	0	151	257	40	174	280	119	142	248	398	|
|262	58	455	378	474	226	212	142	202	333	244	230	124	192	297	283	420	167	331	367	226	274	315	431	338	200	373	107	48	156	79	151	0	245	173	214	421	237	293	273	510	|
|215	196	275	456	314	313	386	220	386	149	225	132	251	113	195	93	235	111	99	126	252	157	321	279	119	384	135	352	201	95	211	257	245	0	297	97	365	374	345	62	362	|
|167	152	392	205	392	57	95	77	102	302	140	198	56	308	222	277	367	186	343	385	99	223	164	352	414	100	385	208	162	211	241	40	173	297	0	213	283	79	126	287	415	|
|120	156	244	359	270	220	306	138	309	119	128	38	175	172	112	71	207	47	132	174	155	77	224	229	215	307	175	317	167	74	214	174	214	97	213	0	280	286	248	75	313	|
|169	372	221	224	184	232	347	280	363	244	180	242	306	451	171	279	227	305	327	358	197	208	120	167	465	362	347	487	386	344	461	280	421	365	283	280	0	291	175	310	176	|
|218	227	439	150	430	75	58	155	75	364	191	266	133	386	275	346	418	263	413	455	148	284	174	392	492	75	454	244	236	289	311	119	237	374	79	286	291	0	116	359	445	|
|143	260	341	111	325	69	173	162	189	291	124	217	169	391	195	291	327	245	357	398	94	216	61	291	463	188	392	334	272	281	353	142	293	345	126	248	175	116	0	313	335	|
|173	218	214	423	252	292	381	213	384	87	189	96	249	172	142	32	175	113	60	100	223	106	280	217	157	381	103	379	226	118	254	248	273	62	287	75	310	359	313	0	300	|
|255	453	101	400	50	375	496	382	509	213	280	285	418	471	214	270	135	356	283	295	316	239	274	85	425	508	280	598	466	386	525	398	510	362	415	313	176	445	335	300	0	|

--------------------------------------------------------------------------------
Building model...
	using lazy and cut (CVRPSEP package)
Solving IRP LP...
--------------------------------------------------------------------------------

Gurobi 9.1.0 (linux64) logging started Sat Jan  9 05:38:09 2021

Gurobi Optimizer version 9.1.0 build v9.1.0rc0 (linux64)
Thread count: 32 physical cores, 32 logical processors, using up to 2 threads
Optimize a model with 1505 rows, 8273 columns and 26528 nonzeros
Model fingerprint: 0x925fc665
Variable types: 524 continuous, 7749 integer (369 binary)
Coefficient statistics:
  Matrix range     [1e+00, 1e+03]
  Objective range  [1e-01, 6e+02]
  Bounds range     [1e+00, 3e+02]
  RHS range        [1e+01, 6e+03]
Presolve removed 490 rows and 104 columns
Presolve time: 0.11s
Presolved: 1015 rows, 8169 columns, 21769 nonzeros
Variable types: 391 continuous, 7778 integer (7389 binary)

Root relaxation: objective 1.226486e+04, 1011 iterations, 0.03 seconds

    Nodes    |    Current Node    |     Objective Bounds      |     Work
 Expl Unexpl |  Obj  Depth IntInf | Incumbent    BestBd   Gap | It/Node Time

     0     0 12264.8621    0  131          - 12264.8621      -     -    0s
     0     0 12672.0393    0  146          - 12672.0393      -     -    0s
     0     0 12695.9184    0  118          - 12695.9184      -     -    0s
     0     0 13213.3037    0  221          - 13213.3037      -     -    0s
     0     0 13422.0671    0  217          - 13422.0671      -     -    0s
     0     0 13422.4083    0  225          - 13422.4083      -     -    0s
     0     0 13524.3442    0  205          - 13524.3442      -     -    0s
     0     0 13532.1245    0  225          - 13532.1245      -     -    1s
     0     0 13533.4546    0  243          - 13533.4546      -     -    1s
     0     0 13541.8669    0  236          - 13541.8669      -     -    1s
     0     0 13542.2455    0  277          - 13542.2455      -     -    1s
     0     0 13620.8118    0  320          - 13620.8118      -     -    1s
     0     0 13634.7590    0  256          - 13634.7590      -     -    1s
     0     0 13638.7161    0  258          - 13638.7161      -     -    1s
     0     0 13640.7580    0  300          - 13640.7580      -     -    1s
     0     0 13658.9810    0  330          - 13658.9810      -     -    3s
     0     0 13670.2917    0  338          - 13670.2917      -     -    4s
     0     0 13680.1511    0  378          - 13680.1511      -     -    4s
     0     0 13685.4606    0  385          - 13685.4606      -     -    4s
     0     0 13686.1352    0  322          - 13686.1352      -     -    4s
     0     0 13727.3355    0  323          - 13727.3355      -     -    4s
     0     0 13738.9734    0  371          - 13738.9734      -     -    4s
     0     0 13741.7116    0  375          - 13741.7116      -     -    4s
     0     0 13742.2432    0  394          - 13742.2432      -     -    4s
     0     0 13757.1250    0  287          - 13757.1250      -     -    4s
     0     0 13759.3568    0  337          - 13759.3568      -     -    5s
     0     0 13760.6396    0  358          - 13760.6396      -     -    5s
     0     0 13768.8198    0  235          - 13768.8198      -     -    5s
     0     0 13773.3792    0  330          - 13773.3792      -     -    5s
     0     0 13774.7998    0  428          - 13774.7998      -     -    5s
     0     0 13780.8337    0  291          - 13780.8337      -     -    5s
     0     0 13780.8337    0  260          - 13780.8337      -     -    5s
     0     2 13784.9746    0  245          - 13784.9746      -     -    6s
    94    98 13866.0269   29  264          - 13795.0346      -   214   10s
   391   376 17478.5250  197   12          - 13795.0346      -  98.7   15s
   613   576 14450.5497   28  197          - 13795.0346      -  99.2   20s
*  793   746             254    18494.990000 13797.0993  25.4%  84.9   23s
   820   744 16231.3191  144  260 18494.9900 13797.0993  25.4%  87.8   25s
H  821   707                    17725.990000 13797.0993  22.2%  87.7   26s
   837   717 15919.8800  134  456 17725.9900 13868.7385  21.8%  86.0   30s
   855   729 15025.2643   77  476 17725.9900 13895.9381  21.6%  84.2   35s
   872   741 14710.6497   80  520 17725.9900 13902.3545  21.6%  82.6   40s
H  875   706                    17452.990000 13902.3545  20.3%  95.8   41s
   891   716 14577.3949   53  443 17452.9900 13908.5247  20.3%  94.1   45s
   902   724 16017.0919  122  471 17452.9900 13909.0206  20.3%  93.0   50s
   909   731 13937.6519   26  376 17452.9900 13916.2547  20.3%   104   55s
   936   750 14001.9088   33  256 17452.9900 13937.8242  20.1%   115   60s
   981   787 13977.2027   40  404 17452.9900 13937.8242  20.1%   125   65s
  1036   824 14029.2103   49  394 17452.9900 13937.8242  20.1%   132   70s
  1101   868 14006.4015   63  320 17452.9900 13937.8242  20.1%   137   75s
  1169   916 14016.2882   74  313 17452.9900 13937.8242  20.1%   140   80s
  1229   957 14029.3352   83  251 17452.9900 13937.8242  20.1%   142   85s
  1270   988 14262.9000   88  174 17452.9900 13937.8242  20.1%   143   91s
  1336  1041 14065.6337   98  232 17452.9900 13937.8242  20.1%   144   95s
  1400  1068 14080.3742  109  242 17452.9900 13937.8242  20.1%   147  100s
  1493  1136 14957.4662  212   89 17452.9900 13937.8242  20.1%   149  105s
  1571  1195 14140.9339  142  252 17452.9900 13937.8242  20.1%   151  110s
  1662  1257 14391.6298  158  204 17452.9900 13937.8242  20.1%   152  116s
  1737  1333 14230.0085  172  225 17452.9900 13937.8242  20.1%   153  120s
  1822  1387 14194.7136  187  211 17452.9900 13937.8242  20.1%   152  125s
  1919  1444 14235.5296  206  197 17452.9900 13937.8242  20.1%   152  130s
  2023  1543 14436.1383  229  138 17452.9900 13937.8242  20.1%   150  136s
H 2047  1499                    17446.470000 13937.8242  20.1%   150  137s
  2097  1560 14459.7684  241  117 17446.4700 13937.8242  20.1%   148  140s
  2309  1774 14597.9778  280  151 17446.4700 13937.8242  20.1%   142  147s
  2459  1793 14626.1245  294  145 17446.4700 13937.8242  20.1%   137  152s
  2552  1801 14733.9915  307  147 17446.4700 13937.8242  20.1%   135  155s
  2654  1884 14771.0114  351  163 17446.4700 13937.8242  20.1%   135  162s
  2710  1881 14855.9902  372  176 17446.4700 13937.8242  20.1%   135  165s
  2772  1950 14936.2972  392  201 17446.4700 13937.8242  20.1%   136  172s
  2816  2010 14961.2062  406  175 17446.4700 13937.8242  20.1%   136  178s
  2890  2072 15290.7816  433  143 17446.4700 13937.8242  20.1%   136  191s
  2977  2115 15575.4712  467  123 17446.4700 13937.8242  20.1%   136  196s
  3051  2210 15908.3465  497  112 17446.4700 13937.8242  20.1%   136  201s
  3148  2260 15820.2247  537  107 17446.4700 13938.5852  20.1%   135  206s
  3221  2283 14041.9686   29  424 17446.4700 13938.5852  20.1%   135  211s
  3244  2325 14113.9554   36  396 17446.4700 13938.5852  20.1%   136  215s
  3286  2373 14222.0558   49  282 17446.4700 13938.5852  20.1%   138  220s
  3354  2415 14517.7020  133  212 17446.4700 13938.5852  20.1%   140  225s
  3376  2469 14450.9270   80  216 17446.4700 13938.5852  20.1%   140  230s
  3430  2476 14583.1101   99  202 17446.4700 13938.5852  20.1%   141  236s
  3437  2581 14590.6196   98  140 17446.4700 13938.5852  20.1%   141  241s
  3542  2719 14857.1460  143  125 17446.4700 13938.5852  20.1%   141  247s
  3680  2813 15120.9006  229  151 17446.4700 13938.5852  20.1%   140  254s
  3774  2920 15228.1251  279  161 17446.4700 13938.5852  20.1%   140  260s
  3881  3011 15377.5607  359  100 17446.4700 13938.5852  20.1%   139  269s
  3972  3216 15515.9819  400   87 17446.4700 13938.5852  20.1%   139  276s
  4177  3396 16067.0635  498  102 17446.4700 13938.5852  20.1%   136  285s
  4357  3592 16620.7342  598  105 17446.4700 13939.7817  20.1%   134  294s
  4408  3592 16656.2007  620   84 17446.4700 13939.7817  20.1%   133  295s
  4583  3672 14130.9907   30  255 17446.4700 13939.7817  20.1%   131  303s
  4663  3811 14285.6509   36  281 17446.4700 13939.7817  20.1%   132  312s
  4802  3951 14441.5407   48  224 17446.4700 13939.7817  20.1%   132  321s
  4942  4091 14626.1767   58  203 17446.4700 13939.7817  20.1%   132  330s
  5108  4348 14950.2988   95  111 17446.4700 13939.7817  20.1%   132  342s
  5334  4348 14105.4569   35  307 17446.4700 13939.7817  20.1%   128  345s
  5365  4618 15338.2521  290   97 17446.4700 13939.7817  20.1%   128  357s
  5605  4618 15498.2718  519   58 17446.4700 13939.7817  20.1%   124  360s
  5635  4912 15654.4836  527   50 17446.4700 13939.7817  20.1%   124  389s
  5709  4912 16044.0672  575   57 17446.4700 13939.7817  20.1%   123  390s
  5935  5108 16578.9138  724   17 17446.4700 13940.3878  20.1%   120  401s
  6174  5387     cutoff  754      17446.4700 13943.7928  20.1%   117  413s
  6451  5779     cutoff  753      17446.4700 13943.7928  20.1%   115  427s
  6886  5998 16159.7050   85   65 17446.4700 13954.2326  20.0%   111  441s
  7146  6152 14215.9772   45  306 17446.4700 13960.2290  20.0%   109  451s
  7297  6740 14718.3512   83  130 17446.4700 13960.2290  20.0%   110  464s
  7347  6740 14845.6140  119   75 17446.4700 13960.2290  20.0%   110  465s
  7874  6751 15444.9762  268   15 17446.4700 13960.2290  20.0%   105  470s
  7944  6841 16304.8181  284   64 17446.4700 13961.8408  20.0%   105  479s
  8024  6841 16395.8200  301    - 17446.4700 13961.8575  20.0%   105  480s
  8074  6985 14570.3113   66  278 17446.4700 13961.8575  20.0%   105  488s
  8221  7271 15758.1176  182   83 17446.4700 13975.7878  19.9%   106  500s
  8543  7457 14127.7020   31  330 17446.4700 13976.6445  19.9%   104  511s
* 8731  7270             316    16981.500000 13976.6445  17.7%   103  513s
  8755  7365 16938.6149  207   58 16981.5000 13977.5049  17.7%   104  521s
* 8792  7353             315    16973.500000 13982.9541  17.6%   104  522s
* 8794  7286             314    16930.500000 13982.9541  17.4%   104  522s
  8872  7711 14808.2526   58  258 16930.5000 13982.9541  17.4%   105  532s
  9058  7711 15087.7666  102   44 16930.5000 13982.9541  17.4%   103  535s
  9313  7962 16075.9372  244  190 16930.5000 13984.0210  17.4%   102  545s
  9588  8349 14434.6833   36  236 16930.5000 13987.0265  17.4%   101  557s
  9993  8718 14091.2428   28  325 16930.5000 13987.0265  17.4%  99.3  571s
 10311  8718 16041.6509  364   44 16930.5000 13987.0265  17.4%  97.8  575s
 10413  9126 14513.6603  102  181 16930.5000 13996.0736  17.3%  97.5  584s
 10509  9126 15110.9988  198   57 16930.5000 13996.0736  17.3%  97.0  585s
 10893  9263 16072.1922  251   49 16930.5000 13996.1462  17.3%  95.2  596s
 11131  9459     cutoff  283      16930.5000 13997.2805  17.3%  94.8  606s
 11361  9651 14566.3223   61  220 16930.5000 13997.7542  17.3%  94.7  616s
 11601  9880     cutoff  226      16930.5000 13997.8109  17.3%  94.4  626s
 11830 10050 14350.6164   59  161 16930.5000 13998.1056  17.3%  94.3  636s
 12002 10472 14743.8897  166   72 16930.5000 13998.3239  17.3%  94.6  648s
 12147 10474 15904.9100  248    5 16930.5000 13998.3239  17.3%  93.9  650s
 12536 10668 16486.6535  260   50 16930.5000 14000.3788  17.3%  92.5  661s
 12710 10705     cutoff  285      16930.5000 14002.0176  17.3%  92.7  669s
 12752 10768 14334.1678   39  331 16930.5000 14002.2618  17.3%  93.7  678s
 12817 10860 14412.9926   51  199 16930.5000 14002.2618  17.3%  94.5  686s
 12919 11227 15061.9374   71  109 16930.5000 14002.2618  17.3%  95.2  696s
 13284 11230 16848.0200  243   78 16930.5000 14002.2618  17.3%  94.2  700s
 13306 11308 16592.6614  126   51 16930.5000 14004.6723  17.3%  94.1  707s
 13420 11585 14741.1264   48  226 16930.5000 14009.3388  17.3%  94.6  715s
 13752 11633     cutoff  205      16930.5000 14013.0358  17.2%  93.9  727s
 13815 11863 14494.5021   66  222 16930.5000 14014.2454  17.2%  94.4  736s
 14096 12126 15708.0078  203   51 16930.5000 14018.9404  17.2%  93.9  746s
 14360 12271     cutoff  419      16930.5000 14020.2554  17.2%  93.4  756s
 14558 12464 14660.3794   59  140 16930.5000 14022.6949  17.2%  93.3  766s
 14820 12493 14245.9503   38  332 16930.5000 14023.6262  17.2%  92.9  781s
 14822 12630 14281.1420   39  312 16930.5000 14023.6262  17.2%  93.0  789s
 14965 13023 14552.0731   59  148 16930.5000 14023.6262  17.2%  93.3  800s
 15389 13188 15761.2280  246   56 16930.5000 14023.6262  17.2%  92.2  813s
 15569 13406 16170.3045  258   21 16930.5000 14024.6657  17.2%  91.9  823s
 15744 13408 16547.4259  401   11 16930.5000 14024.6657  17.2%  91.0  825s
 15833 13466 16910.3700  414    - 16930.5000 14026.9770  17.1%  91.1  833s
 15914 13520     cutoff  414      16930.5000 14029.1436  17.1%  91.6  840s
 15978 13679 16830.1000  412    - 16930.5000 14029.3704  17.1%  92.1  849s
 16141 13807 16855.3000  412    - 16930.5000 14029.3852  17.1%  92.2  859s
 16160 13809 15688.1116  208   50 16930.5000 14029.7841  17.1%  92.6  860s
 16291 13856     cutoff  409      16930.5000 14029.8494  17.1%  92.4  868s
 16336 13955 16897.5700  412    - 16930.5000 14029.8494  17.1%  93.1  875s
 16436 14170 16923.1500  412    - 16930.5000 14030.4048  17.1%  93.6  886s
 16674 14246     cutoff  412      16930.5000 14031.0342  17.1%  93.6  898s
 16751 14436 14590.5519   59  237 16930.5000 14031.6169  17.1%  94.0  908s
 16960 14457 16479.2700  165    6 16930.5000 14031.9594  17.1%  93.5  910s
 17005 14501     cutoff  169      16930.5000 14034.0170  17.1%  93.7  918s
 17093 14648 14377.9135   54  385 16930.5000 14034.4986  17.1%  94.1  927s
 17242 14876 15088.2266  187  114 16930.5000 14036.4386  17.1%  94.3  938s
 17386 14876 15385.8911  331  111 16930.5000 14036.4386  17.1%  93.8  940s
 17486 15051 14150.2589   34  307 16930.5000 14036.4386  17.1%  94.0  952s
 17663 15105 14376.7774   50  324 16930.5000 14036.4386  17.1%  94.3  962s
 17746 15293 14558.8014   81  118 16930.5000 14036.4386  17.1%  94.5  972s
 17973 15515 14896.1695  185   89 16930.5000 14037.0636  17.1%  94.2  984s
 18070 15515 15443.8798  267   42 16930.5000 14037.0636  17.1%  93.9  985s
 18237 15565 infeasible  315      16930.5000 14037.6847  17.1%  93.9  995s
 18292 15622 14452.5825   59  199 16930.5000 14038.5887  17.1%  94.5 1007s
 18351 15968 15026.8300  102  199 16930.5000 14038.6423  17.1%  95.1 1017s
 18610 15968 15526.2800  106   46 16930.5000 14038.7192  17.1%  94.5 1020s
*18720 15943             213    16916.740000 14038.7192  17.0%  94.1 1021s
*18724 15883             209    16887.030000 14038.7192  16.9%  94.1 1021s
 18726 15945 14234.3547   68  429 16887.0300 14038.7192  16.9%  94.2 1029s
 18772 15947 16563.0900  180    - 16887.0300 14038.7192  16.9%  94.4 1030s
 18817 16065 14871.3258   89  276 16887.0300 14038.7192  16.9%  94.6 1042s
*18918 15103             182    16621.220000 14038.7192  15.5%  94.5 1043s
*18923 14964             181    16581.930000 14038.7192  15.3%  94.5 1043s
*18928 14933             180    16574.930000 14038.7192  15.3%  94.5 1043s
 18950 14972 16281.8408  190   81 16574.9300 14042.0490  15.3%  94.8 1052s
 19011 15050 14657.6765   81  221 16574.9300 14042.0490  15.3%  95.0 1060s
 19089 15220 15326.5822  126   66 16574.9300 14042.2408  15.3%  95.4 1069s
 19137 15220 16055.0127  174   60 16574.9300 14042.2408  15.3%  95.2 1070s
 19292 15423 14989.6396   95  268 16574.9300 14042.2408  15.3%  95.4 1084s
 19462 15423 15305.3944  231  139 16574.9300 14042.2408  15.3%  95.5 1086s
 19495 15704 15763.6892  168  158 16574.9300 14042.8171  15.3%  95.4 1151s
 19794 15891 14430.4489   46  246 16574.9300 14045.7664  15.3%  94.8 1165s
*20054 13525             180    16014.520000 14046.1089  12.3%  94.6 1176s
 20167 13820 14768.9421   98  221 16014.5200 14046.1089  12.3%  94.8 1185s
 20476 13905     cutoff  311      16014.5200 14047.6900  12.3%  94.4 1196s
 20582 14083 14956.4810  108  272 16014.5200 14047.6900  12.3%  94.8 1208s
 20758 14092 15158.9200  142    6 16014.5200 14047.6900  12.3%  94.8 1210s
 20804 14209 15618.5200  160  105 16014.5200 14048.1741  12.3%  94.7 1217s
 20938 14385 14731.2796   56  121 16014.5200 14049.3853  12.3%  95.0 1228s
 21144 14456 14265.8524   75  413 16014.5200 14049.4614  12.3%  95.0 1241s
*21195 14262             139    15981.210000 14049.4614  12.1%  95.1 1241s
 21222 14384 15077.2638  122  172 15981.2100 14049.7869  12.1%  95.4 1250s
 21358 14464 14602.9935   91  183 15981.2100 14050.2192  12.1%  95.6 1260s
 21453 14534 14475.8307   43  417 15981.2100 14050.8695  12.1%  96.1 1268s
 21523 14633 15201.7867   65  291 15981.2100 14050.8852  12.1%  96.6 1278s
 21650 14772 14293.8542   40  360 15981.2100 14051.0362  12.1%  97.0 1288s
 21800 14859 15195.0816   95   86 15981.2100 14051.6892  12.1%  97.2 1298s
 21916 15104 14396.4363   49   87 15981.2100 14051.6892  12.1%  97.5 1309s
 21940 15104 14576.1499   65  136 15981.2100 14051.6892  12.1%  97.6 1310s
 22185 15181 14933.3651  137   38 15981.2100 14054.2136  12.1%  97.4 1319s
 22277 15278 15934.3200  181    - 15981.2100 14054.4224  12.1%  97.8 1329s
 22330 15279 15686.1019  120   91 15981.2100 14055.2013  12.1%  98.1 1330s
 22388 15431 15958.5200  181    - 15981.2100 14055.3313  12.1%  98.1 1340s
 22572 15482 15977.5600  181    - 15981.2100 14056.4396  12.0%  98.2 1350s
 22639 15556     cutoff  181      15981.2100 14056.5679  12.0%  98.7 1359s
 22713 15750 15102.3789   61  192 15981.2100 14058.4860  12.0%  99.2 1369s
 22792 15750 15754.0900  140   67 15981.2100 14058.4860  12.0%  99.1 1370s
 22931 15835 14248.5160   47  318 15981.2100 14058.7011  12.0%  99.2 1379s
 23016 16112 14659.5244   72  111 15981.2100 14058.7011  12.0%   100 1390s
 23303 16361 14954.0660  109   43 15981.2100 14060.5334  12.0%   100 1404s
 23375 16365 15155.7698  152   45 15981.2100 14060.5334  12.0%   100 1405s
 23613 16481 15339.8372  127   62 15981.2100 14062.6793  12.0%  99.2 1416s
 23755 16606 14835.5009   77  189 15981.2100 14063.2902  12.0%  99.5 1425s
 23908 16789 15572.7015  117   91 15981.2100 14064.7939  12.0%   100 1437s
 24147 16879     cutoff  135      15981.2100 14065.0952  12.0%  99.5 1447s
 24231 17167 15168.0261   82   84 15981.2100 14065.9047  12.0%   100 1458s
 24383 17169 15689.3262  217    5 15981.2100 14065.9047  12.0%   100 1460s
 24579 17244     cutoff  152      15981.2100 14067.2372  12.0%  99.4 1469s
 24609 17244 14889.9212   68  113 15981.2100 14067.2372  12.0%   100 1470s
 24658 17392 15132.4981   86  155 15981.2100 14067.7428  12.0%   100 1479s
 24832 17554 14811.9324   55  193 15981.2100 14067.8479  12.0%   100 1489s
 24904 17554 15869.1092  127   89 15981.2100 14067.8479  12.0%   100 1490s
 25010 17690 14445.1181   43  288 15981.2100 14067.8479  12.0%   100 1499s
 25041 17690 15040.2765   74   69 15981.2100 14067.8479  12.0%   100 1500s
 25162 17859 15094.9102   88   62 15981.2100 14068.1425  12.0%   100 1509s
 25186 17859 15292.2099  112   37 15981.2100 14068.1425  12.0%   100 1510s
 25365 17904     cutoff  159      15981.2100 14068.7902  12.0%   100 1520s
 25413 18174 14386.3298   49  139 15981.2100 14070.1623  12.0%   101 1531s
 25699 18542 14670.7148   82   46 15981.2100 14070.6268  12.0%   100 1544s
 25748 18549 15682.0200  241   11 15981.2100 14070.6268  12.0%   100 1545s
 26120 18641 15926.8200  254    - 15981.2100 14071.7194  11.9%   100 1557s
 26235 18696     cutoff  254      15981.2100 14071.7389  11.9%   100 1566s
 26294 18921 14576.1368   65  245 15981.2100 14072.4556  11.9%   100 1576s
 26553 18950 infeasible  162      15981.2100 14073.4920  11.9%   100 1588s
 26585 19030 14390.2560   40  215 15981.2100 14073.5699  11.9%   101 1597s
 26667 19191 14524.9613   58   57 15981.2100 14073.5699  11.9%   101 1606s
 26842 19639 14624.9481  101   21 15981.2100 14073.5699  11.9%   101 1631s
 27059 19642 15620.1635  209   37 15981.2100 14073.5699  11.9%   101 1635s
 27362 19748 15844.7805  226   31 15981.2100 14073.8861  11.9%   101 1646s
 27556 19852 14450.7459   63  224 15981.2100 14073.8861  11.9%   100 1656s
 27658 20264 14775.7848  110  113 15981.2100 14073.8861  11.9%   101 1673s
 27826 20267 15164.3800  233   12 15981.2100 14073.8861  11.9%   100 1675s
 28099 20552 15452.9600  226   27 15981.2100 14073.8895  11.9%   100 1689s
 28190 20558 14944.3326  159   62 15981.2100 14075.0904  11.9%   100 1690s
 28424 20654 14446.8973   45  118 15981.2100 14075.0904  11.9%   100 1701s
 28520 20753 15177.4533   75   28 15981.2100 14076.2562  11.9%   100 1716s
 28634 20881 14766.8045   78  180 15981.2100 14076.8189  11.9%   100 1725s
 28800 20962 14331.1113   48  333 15981.2100 14077.0732  11.9%   100 1735s
 28881 21151 14928.9744   80  258 15981.2100 14077.0732  11.9%   101 1746s
 29122 21230 15892.7151  164  154 15981.2100 14077.9068  11.9%   101 1774s
 29178 21230 14735.4842   68   96 15981.2100 14077.9068  11.9%   101 1775s
 29210 21635 14750.5562   75   62 15981.2100 14078.3212  11.9%   101 1786s
 29504 21635 14745.1346  106  138 15981.2100 14078.8905  11.9%   100 1790s
 29661 21773 14534.1120   48  212 15981.2100 14078.8905  11.9%   100 1815s
 29799 21940 15131.3540  136  138 15981.2100 14079.0626  11.9%   100 1825s
 30020 22120 14707.9268   52  310 15981.2100 14079.3446  11.9%   100 1837s
 30235 22160 14292.6847   44  349 15981.2100 14080.1784  11.9%   100 1846s
 30272 22224 14612.3361   51  259 15981.2100 14080.1784  11.9%   101 1861s
 30336 22339 15227.8489   65  221 15981.2100 14080.3858  11.9%   101 1872s
 30501 22416 14238.1869   39  272 15981.2100 14080.4709  11.9%   101 1882s
 30578 22585 14460.0328   53  137 15981.2100 14080.4709  11.9%   102 1894s
 30619 22585 14611.2268   74   73 15981.2100 14080.4709  11.9%   102 1895s
 30789 22750 14689.6820   73  118 15981.2100 14080.4709  11.9%   102 1908s
 30958 22785 15518.6342  144   32 15981.2100 14080.4709  11.9%   101 1910s
 31046 22900 15546.7293  166   41 15981.2100 14081.6797  11.9%   102 1921s
 31287 23014     cutoff  213      15981.2100 14083.1222  11.9%   101 1932s
 31404 23146 14747.5498   67  230 15981.2100 14083.2919  11.9%   102 1958s
 31488 23150 14339.2048   38  369 15981.2100 14083.2919  11.9%   102 1961s
 31576 23230     cutoff  126      15981.2100 14083.6414  11.9%   102 1971s
 31692 23295 15307.5255   54   92 15981.2100 14086.0465  11.9%   102 1980s
 31799 23476 14991.9923   89  224 15981.2100 14086.2565  11.9%   102 1992s
 31990 23548 14268.7372   37  367 15981.2100 14086.4622  11.9%   102 2004s
 32030 23548 14795.0424   77  157 15981.2100 14086.4622  11.9%   102 2005s
 32063 23683 14852.7436   81  131 15981.2100 14086.7035  11.9%   102 2015s
 32219 23820 14603.2166   43  260 15981.2100 14087.9730  11.8%   102 2028s
 32380 23997     cutoff  159      15981.2100 14088.0360  11.8%   103 2040s
 32572 24183 14957.6715   61  174 15981.2100 14088.7970  11.8%   103 2053s
 32705 24188 15154.3024  115   13 15981.2100 14088.7970  11.8%   103 2055s
 32816 24258 14339.1322   39  303 15981.2100 14089.0553  11.8%   102 2065s
 32897 24353 14564.4353   48  189 15981.2100 14089.0553  11.8%   103 2074s
 32921 24353 14788.5030   54   69 15981.2100 14089.0553  11.8%   103 2075s
 32990 24589 15317.0788   68   46 15981.2100 14089.9843  11.8%   103 2086s
 33252 24738 14559.8884   86  301 15981.2100 14090.4749  11.8%   103 2100s
 33445 24889     cutoff  154      15981.2100 14090.6536  11.8%   103 2111s
 33591 25043 14911.7550   95  129 15981.2100 14091.1094  11.8%   103 2123s
 33778 25070 14713.8602   92  320 15981.2100 14091.2438  11.8%   103 2136s
 33805 25111 15225.2118  103  253 15981.2100 14091.2438  11.8%   103 2146s
 33846 25207 15921.2399  130  114 15981.2100 14091.2440  11.8%   103 2156s
 33964 25332 14545.8273   43  210 15981.2100 14092.2203  11.8%   103 2169s
 34060 25335 15920.2477  135   36 15981.2100 14092.2203  11.8%   103 2170s
 34108 25409     cutoff  145      15981.2100 14092.4372  11.8%   103 2180s
 34183 25462 14530.4159   42  173 15981.2100 14092.4372  11.8%   103 2190s
 34246 25663 14950.6927   54  118 15981.2100 14093.1153  11.8%   104 2203s
 34456 25667 14762.5927  134   33 15981.2100 14093.1153  11.8%   104 2205s
 34490 25715 14388.7878   59  377 15981.2100 14093.1153  11.8%   104 2213s
 34545 25952 14978.1086   80  341 15981.2100 14094.8045  11.8%   104 2223s
 34803 26021     cutoff  165      15981.2100 14094.9327  11.8%   104 2235s
 34885 26174 14875.5048   82  147 15981.2100 14095.6073  11.8%   104 2246s
 35055 26329 14420.0848   56  266 15981.2100 14095.6073  11.8%   104 2259s
 35132 26329 15365.5249  126  115 15981.2100 14095.6073  11.8%   104 2260s
 35230 26543 14898.7152  109  138 15981.2100 14095.7885  11.8%   104 2270s
 35457 26601 14397.3633   78  362 15981.2100 14095.7885  11.8%   104 2281s
 35547 26794 15133.9217  110  198 15981.2100 14096.3257  11.8%   104 2292s
 35761 26826 14235.6348   42  335 15981.2100 14096.6678  11.8%   104 2304s
 35792 27002 14388.6825   50  320 15981.2100 14096.6678  11.8%   104 2314s
 35817 27002 14643.1970   66   71 15981.2100 14096.6678  11.8%   104 2315s
 35968 27122 14668.0494   73  150 15981.2100 14097.0712  11.8%   104 2326s
 36157 27259 15144.3964  112   12 15981.2100 14097.7786  11.8%   104 2339s
*36169 16847             124    15234.290000 14097.7786  7.46%   104 2339s
 36298 16847 14670.9156   64  177 15234.2900 14098.6433  7.45%   104 2340s
 36300 16830 14765.7068   40  211 15234.2900 14098.8932  7.45%   104 2350s
 36390 16875     cutoff   71      15234.2900 14100.2961  7.44%   105 2359s
 36435 16965 14422.4495   49  173 15234.2900 14100.2961  7.44%   105 2369s
 36511 16965 15076.2870   84  131 15234.2900 14100.2961  7.44%   105 2370s
 36535 17076 14768.7441   75  108 15234.2900 14100.2961  7.44%   105 2380s
 36679 17276 14283.0300   35  263 15234.2900 14102.3403  7.43%   106 2392s
 36889 17394 14623.6088  138   13 15234.2900 14102.4083  7.43%   105 2403s
 37033 17510 14494.1949   58  239 15234.2900 14102.4083  7.43%   106 2415s
 37165 17580     cutoff   81      15234.2900 14102.5128  7.43%   106 2426s
 37273 17698 14737.2088   87  313 15234.2900 14102.7359  7.43%   106 2436s
 37417 17749 14307.5046   52  368 15234.2900 14102.8275  7.43%   106 2446s
 37481 17824 14673.3311   69  336 15234.2900 14102.9728  7.43%   106 2456s
 37590 17900 14484.8907   69  284 15234.2900 14103.1035  7.43%   107 2465s
 37678 17971     cutoff  115      15234.2900 14103.4458  7.42%   107 2475s
 37764 18089 14984.5445  105   68 15234.2900 14103.5037  7.42%   107 2485s
 37902 18160 14401.3183   57  411 15234.2900 14103.5037  7.42%   107 2494s
 37926 18160 15066.4804  205   80 15234.2900 14103.5037  7.42%   107 2495s
 37984 18297 14640.9321   65  214 15234.2900 14103.5037  7.42%   107 2506s
 38144 18353 infeasible   82      15234.2900 14104.7079  7.41%   108 2517s
 38223 18457 14494.7443   53  175 15234.2900 14104.8628  7.41%   108 2528s
 38359 18548 14669.2822  118  154 15234.2900 14105.7326  7.41%   108 2539s
 38467 18613 14280.3231   39  261 15234.2900 14105.7326  7.41%   108 2550s
 38542 18760 14520.3736   60  214 15234.2900 14105.7326  7.41%   108 2561s
 38698 18885 14989.9693  135   69 15234.2900 14106.2856  7.40%   108 2573s
 38805 18885 15088.3969  100   92 15234.2900 14106.6135  7.40%   108 2575s
 38871 18975 14628.2401   71  127 15234.2900 14106.8883  7.40%   108 2585s
 38977 19078     cutoff  125      15234.2900 14106.9655  7.40%   109 2597s
 39090 19219 14599.0148   64  243 15234.2900 14107.8978  7.39%   109 2609s
 39120 19219 14899.5450   94  113 15234.2900 14107.8978  7.39%   109 2610s
 39265 19288 14311.4115   40  342 15234.2900 14108.1913  7.39%   109 2621s
 39337 19347 15052.5765   69  194 15234.2900 14109.1964  7.39%   109 2630s
 39437 19510 14665.4684   54   80 15234.2900 14109.8390  7.38%   109 2643s
 39602 19684 14474.3422   42  219 15234.2900 14109.9277  7.38%   109 2658s
 39804 19759 14287.1710   38  228 15234.2900 14110.5306  7.38%   109 2670s
 39967 19835     cutoff   72      15234.2900 14110.7075  7.38%   109 2681s
 40053 19905 14627.0932   51  294 15234.2900 14110.7526  7.38%   110 2693s
 40130 20001 15172.2390   93  169 15234.2900 14110.8609  7.37%   110 2704s
 40259 20195 14639.5277   63  259 15234.2900 14111.1295  7.37%   110 2717s
 40477 20246 14306.7332   38  342 15234.2900 14111.6908  7.37%   110 2729s
 40529 20355 14868.3102   65  198 15234.2900 14111.9711  7.37%   110 2741s
 40668 20450 14401.5875   44  356 15234.2900 14112.1348  7.37%   110 2754s
 40704 20450 15121.8749   94   63 15234.2900 14112.1348  7.37%   110 2755s
 40778 20485 15167.3891   80  188 15234.2900 14113.2335  7.36%   110 2766s
 40831 20628 14578.7616   66  223 15234.2900 14113.2768  7.36%   111 2778s
 41010 20689 14198.6527   37  435 15234.2900 14114.0377  7.35%   111 2791s
 41086 20844 14801.6151   65  111 15234.2900 14114.2693  7.35%   111 2802s
 41248 20983 14509.8420   48  202 15234.2900 14114.3055  7.35%   111 2817s
 41421 21042 14669.2433   49  265 15234.2900 14114.4877  7.35%   111 2828s
 41487 21145 14340.1648   41  226 15234.2900 14114.8233  7.35%   112 2839s
 41514 21145 14616.5646   68  172 15234.2900 14114.8233  7.35%   112 2840s
 41600 21276 14986.3201  109   40 15234.2900 14114.9169  7.35%   112 2852s
 41761 21375 14713.3288   59  168 15234.2900 14115.4381  7.34%   112 2865s
 41869 21427 14954.1488   85  159 15234.2900 14115.5556  7.34%   112 2876s
 41939 21513 14539.1151   46  387 15234.2900 14116.1552  7.34%   112 2889s
 42033 21581 15049.4518   80  197 15234.2900 14116.6983  7.34%   112 2899s
 42115 21732 14671.5851  110  163 15234.2900 14116.7642  7.34%   113 2910s
 42328 21808 14541.6308  106  205 15234.2900 14116.8702  7.33%   113 2924s
 42352 21808 15081.6956  130   76 15234.2900 14116.8702  7.33%   113 2925s
 42424 21908 14955.5352  132  195 15234.2900 14116.9230  7.33%   113 2935s
 42541 21953 14566.0442   59  177 15234.2900 14117.1765  7.33%   113 2945s
 42586 22072 14550.8625   73  217 15234.2900 14117.1765  7.33%   113 2957s
 42737 22207 15130.3765  131   33 15234.2900 14117.4076  7.33%   114 2972s
 42922 22295 14452.2184   55   83 15234.2900 14117.8669  7.33%   114 2986s
 43136 22354 14460.0669   48  321 15234.2900 14117.9157  7.33%   114 2999s
 43209 22418 14969.3931   77  240 15234.2900 14118.6500  7.32%   114 3010s
 43283 22519 14664.2327   41  259 15234.2900 14119.1946  7.32%   114 3023s
 43414 22594 14490.7254   50  282 15234.2900 14119.3355  7.32%   114 3036s
 43497 22708 15041.9679   93   11 15234.2900 14119.6310  7.32%   114 3048s
 43641 22852 14587.1874   72  144 15234.2900 14119.7184  7.32%   115 3061s
 43793 22965 14608.2767   44  214 15234.2900 14120.1457  7.31%   115 3073s
 43926 23069 14743.2021   46  217 15234.2900 14120.3864  7.31%   115 3086s
 44060 23222 14298.1614   47  195 15234.2900 14120.5740  7.31%   115 3099s
 44087 23222 14467.5539   66  101 15234.2900 14120.5740  7.31%   115 3100s
