




arguments: ./build/mirp_solver -f ./input/orig_exec_137.cfg
Current dir: /scratch/gui/bnc_mirp
File verbosity level: 9
date       time         ( uptime  ) [ thread name/id ]                   file:line     v| 
2021-01-10 00:18:36.157 (   0.171s) [main thread     ]             loguru.cpp:789   INFO| Logging to './output/vi_hc3/OU/V3/Original/execution_10_01_2021_00_18_36.log', mode: 'a', verbosity: 9
--------------------------------------------------------------------------------
Parameters
                           instance_path           ./input/Instances/Original/4/
                            model_policy                                       1
                             nb_vehicles                                       3
                              output_dir         ./output/vi_hc3/OU/V3/Original/
                            sec_strategy                                       1
                       solver_nb_threads                                       2
                         solver_show_log                                    true
                       solver_time_limit                                    3600
                              use_vi_cos                                   false
                              use_vi_cus                                   false
                         use_vi_hc1_full                                   false
                         use_vi_hc1_half                                   false
                      use_vi_hc1_quarter                                   false
                              use_vi_hc2                                   false
                              use_vi_hc3                                    true
                         use_vi_lex_full                                   false
                         use_vi_lex_half                                   false
                      use_vi_lex_quarter                                   false
                              use_vi_qua                                   false
                               use_vi_vc                                   false
                               use_vi_vr                                   false
--------------------------------------------------------------------------------
executing instance: ./input/Instances/Original/4/absH3low_3n30.dat
--------------------------------------------------------------------------------
Instance details
n	31
H	3
C	2841
Li:
[0, 0, 0, 0, 0, 0, 0, 0, 0, 0, 0, 0, 0, 0, 0, 0, 0, 0, 0, 0, 0, 0, 0, 0, 0, 0, 0, 0, 0, 0, 0, ]
Ui:
[0, 246, 98, 54, 144, 171, 192, 180, 165, 98, 122, 198, 297, 144, 130, 129, 219, 138, 142, 150, 108, 66, 64, 285, 180, 204, 276, 168, 240, 198, 122, ]
Distance matrix:
|0	172	56	166	260	198	42	197	296	110	91	112	238	275	323	183	330	232	175	181	162	191	232	280	201	139	356	185	266	216	26	|
|172	0	178	223	320	335	153	355	444	62	231	99	333	376	214	352	176	235	194	106	47	41	353	161	299	175	225	43	326	374	153	|
|56	178	0	110	204	162	93	233	336	125	144	148	187	226	358	180	313	284	123	152	182	185	282	252	256	88	329	177	210	251	42	|
|166	223	110	0	102	150	199	327	431	194	253	237	113	156	431	228	296	386	44	140	248	208	389	218	366	48	287	200	108	344	148	|
|260	320	204	102	0	156	296	391	493	296	340	339	66	90	531	263	362	486	127	226	349	300	469	278	454	148	334	292	6	406	245	|
|198	335	162	150	156	0	239	255	351	286	245	307	93	106	518	111	442	423	194	280	344	335	349	367	352	182	437	327	158	266	199	|
|42	153	93	199	296	239	0	203	296	91	82	76	278	316	284	217	322	191	201	186	133	180	217	281	177	165	356	175	302	222	52	|
|197	355	233	327	391	255	203	0	104	294	125	266	340	361	436	151	524	276	352	377	330	383	109	477	146	319	553	377	395	19	222	|
|296	444	336	431	493	351	296	104	0	384	214	348	440	456	488	241	617	315	456	476	412	475	113	575	176	422	651	470	497	88	322	|
|110	62	125	194	296	286	91	294	384	0	171	55	298	340	238	292	233	210	176	118	58	91	298	201	248	148	273	87	302	313	94	|
|91	231	144	253	340	245	82	125	214	171	0	141	307	339	324	184	403	187	266	266	204	261	140	363	114	230	438	256	346	144	116	|
|112	99	148	237	339	307	76	266	348	55	141	0	332	373	212	292	275	156	225	173	64	137	254	253	200	194	322	135	345	284	108	|
|238	333	187	113	66	93	278	340	440	298	307	332	0	43	536	203	404	469	153	253	354	321	427	322	420	160	385	313	67	353	229	|
|275	376	226	156	90	106	316	361	456	340	339	373	43	0	578	216	443	507	194	295	397	364	453	361	451	203	421	356	88	372	268	|
|323	214	358	431	531	518	284	436	488	238	324	212	536	578	0	498	309	176	407	320	183	245	376	344	312	383	379	251	537	451	319	|
|183	352	180	228	263	111	217	151	241	292	184	292	203	216	498	0	492	371	266	328	345	364	255	426	272	242	501	356	266	159	198	|
|330	176	313	296	362	442	322	524	617	233	403	275	404	443	309	492	0	397	253	164	218	142	529	84	475	260	72	147	367	543	306	|
|232	235	284	386	486	423	191	276	315	210	187	156	469	507	176	371	397	0	379	327	188	276	202	396	139	346	456	277	492	289	242	|
|175	194	123	44	127	194	201	352	456	176	266	225	153	194	407	266	253	379	0	101	225	174	405	174	375	36	244	166	133	370	152	|
|181	106	152	140	226	280	186	377	476	118	266	173	253	295	320	328	164	327	101	0	148	76	403	100	360	98	177	69	232	396	155	|
|162	47	182	248	349	344	133	330	412	58	204	64	354	397	183	345	218	188	225	148	0	89	316	208	259	201	270	90	355	348	149	|
|191	41	185	208	300	335	180	383	475	91	261	137	321	364	245	364	142	276	174	76	89	0	388	119	336	162	185	8	306	402	169	|
|232	353	282	389	469	349	217	109	113	298	140	254	427	453	376	255	529	202	405	403	316	388	0	497	64	369	570	384	474	112	256	|
|280	161	252	218	278	367	281	477	575	201	363	253	322	361	344	426	84	396	174	100	208	119	497	0	449	187	77	119	283	496	255	|
|201	299	256	366	454	352	177	146	176	248	114	200	420	451	312	272	475	139	375	360	259	336	64	449	0	339	521	333	460	156	223	|
|139	175	88	48	148	182	165	319	422	148	230	194	160	203	383	242	260	346	36	98	201	162	369	187	339	0	260	153	154	337	116	|
|356	225	329	287	334	437	356	553	651	273	438	322	385	421	379	501	72	456	244	177	270	185	570	77	521	260	0	187	338	572	331	|
|185	43	177	200	292	327	175	377	470	87	256	135	313	356	251	356	147	277	166	69	90	8	384	119	333	153	187	0	298	396	163	|
|266	326	210	108	6	158	302	395	497	302	346	345	67	88	537	266	367	492	133	232	355	306	474	283	460	154	338	298	0	410	251	|
|216	374	251	344	406	266	222	19	88	313	144	284	353	372	451	159	543	289	370	396	348	402	112	496	156	337	572	396	410	0	241	|
|26	153	42	148	245	199	52	222	322	94	116	108	229	268	319	198	306	242	152	155	149	169	256	255	223	116	331	163	251	241	0	|

--------------------------------------------------------------------------------
Building model...
	using lazy and cut (CVRPSEP package)
Solving IRP LP...
--------------------------------------------------------------------------------

Gurobi 9.1.0 (linux64) logging started Sun Jan 10 00:18:36 2021

Gurobi Optimizer version 9.1.0 build v9.1.0rc0 (linux64)
Thread count: 32 physical cores, 32 logical processors, using up to 2 threads
Optimize a model with 1135 rows, 4858 columns and 15853 nonzeros
Model fingerprint: 0x8c2d9b00
Variable types: 394 continuous, 4464 integer (279 binary)
Coefficient statistics:
  Matrix range     [1e+00, 9e+02]
  Objective range  [1e-02, 7e+02]
  Bounds range     [1e+00, 3e+02]
  RHS range        [3e+01, 5e+03]
Presolve removed 366 rows and 76 columns
Presolve time: 0.09s
Presolved: 769 rows, 4782 columns, 12613 nonzeros
Variable types: 295 continuous, 4487 integer (4194 binary)

Root relaxation: objective 2.349472e+03, 781 iterations, 0.02 seconds

    Nodes    |    Current Node    |     Objective Bounds      |     Work
 Expl Unexpl |  Obj  Depth IntInf | Incumbent    BestBd   Gap | It/Node Time

     0     0 2349.47180    0   90          - 2349.47180      -     -    0s
     0     0 2527.25468    0   75          - 2527.25468      -     -    0s
     0     0 3035.52269    0  179          - 3035.52269      -     -    0s
     0     0 3155.84257    0  183          - 3155.84257      -     -    0s
     0     0 3155.84257    0  183          - 3155.84257      -     -    0s
     0     0 3239.82547    0  163          - 3239.82547      -     -    0s
     0     0 3244.71524    0  170          - 3244.71524      -     -    0s
     0     0 3256.65476    0  167          - 3256.65476      -     -    0s
     0     0 3421.76723    0  241          - 3421.76723      -     -    0s
     0     0 3460.80849    0  217          - 3460.80849      -     -    0s
     0     0 3462.01216    0  237          - 3462.01216      -     -    0s
     0     0 3473.22064    0  273          - 3473.22064      -     -    1s
     0     0 3474.58376    0  224          - 3474.58376      -     -    1s
     0     0 3481.43861    0  247          - 3481.43861      -     -    1s
     0     0 3481.43861    0  169          - 3481.43861      -     -    1s
     0     2 3482.41654    0  215          - 3482.41654      -     -    1s
   117   124 4186.84763   37   90          - 3486.49293      -   231    5s
H  376   367                    5975.3700000 3500.67623  41.4%   122    8s
   455   437 3845.76857    6  157 5975.37000 3500.67623  41.4%   123   10s
H  482   460                    5872.3700000 3500.67623  40.4%   122   10s
H  568   532                    5771.3700000 3500.67623  39.3%   122   14s
   600   579 4348.03128   53   26 5771.37000 3500.67623  39.3%   123   15s
*  621   343              60    4482.5200000 3500.67623  21.9%   125   15s
H  708   387                    4465.5200000 3504.56088  21.5%   148   19s
   719   404 3962.60798   19  164 4465.52000 3504.56088  21.5%   150   20s
   762   422 3991.68930   23  427 4465.52000 3644.03535  18.4%   147   25s
   794   444 3977.35034   15  410 4465.52000 3650.23257  18.3%   152   30s
   811   460 3670.89899   25  304 4465.52000 3665.74761  17.9%   161   35s
   889   506 3906.31317   44   85 4465.52000 3670.89899  17.8%   169   40s
  1068   603 3921.30568   30  253 4465.52000 3670.89899  17.8%   164   45s
H 1071   565                    4334.4400000 3670.89899  15.3%   164   45s
  1154   605 4081.29164   47  177 4334.44000 3670.89899  15.3%   168   50s
H 1168   580                    4328.0500000 3670.89899  15.2%   169   51s
  1326   644 4316.86418   91  183 4328.05000 3694.86380  14.6%   162   55s
  1454   725 4231.95965   52   81 4328.05000 3694.86380  14.6%   164   60s
  1624   786 4238.74252   46  235 4328.05000 3724.67570  13.9%   164   65s
  1788   875 4284.40455   49   61 4328.05000 3734.18598  13.7%   161   70s
  1964   929 3852.25416   28  242 4328.05000 3736.77752  13.7%   159   75s
  2117  1072 4164.73967   63   79 4328.05000 3741.02384  13.6%   158   80s
  2370  1151 4212.28243   31  180 4328.05000 3752.83338  13.3%   150   85s
  2560  1268 3979.28670   32  361 4328.05000 3772.77706  12.8%   151   91s
  2626  1297 3989.89690   30  243 4328.05000 3779.83083  12.7%   153   95s
  2785  1423 4092.67523   36  187 4328.05000 3787.37309  12.5%   153  101s
  2878  1479 4061.10549   29  221 4328.05000 3792.00177  12.4%   156  105s
  3092  1612 4107.01269   42  210 4328.05000 3803.98693  12.1%   156  112s
  3231  1785 3917.73304   29  267 4328.05000 3806.55106  12.0%   156  117s
  3345  1835 4201.99644   73  152 4328.05000 3806.87452  12.0%   154  120s
  3490  1877     cutoff   37      4328.05000 3814.77541  11.9%   155  125s
  3599  2051 4144.75398   38  229 4328.05000 3820.73601  11.7%   156  132s
  3752  2073 4290.73743   51  198 4328.05000 3821.23021  11.7%   154  135s
  3873  2175 4021.22033   28  145 4328.05000 3827.98637  11.6%   158  143s
  3966  2200     cutoff   81      4328.05000 3831.93835  11.5%   157  147s
  4026  2226 4131.96530   31  312 4328.05000 3838.16647  11.3%   159  150s
  4198  2335 4303.56771   83   46 4328.05000 3842.50350  11.2%   160  158s
  4274  2365 4082.62869   39  246 4328.05000 3845.78266  11.1%   161  162s
  4337  2422 4043.61996   31  307 4328.05000 3854.64383  10.9%   163  165s
  4416  2472 4282.28263   47  193 4328.05000 3857.31534  10.9%   164  170s
  4575  2543 4150.17573   36  236 4328.05000 3864.32009  10.7%   165  178s
  4660  2599 4135.91777   34  179 4328.05000 3870.81695  10.6%   166  183s
  4768  2638     cutoff   55      4328.05000 3876.13680  10.4%   167  187s
  4891  2666     cutoff   42      4328.05000 3878.60309  10.4%   167  204s
  4959  2746 4204.58876   38  164 4328.05000 3880.91477  10.3%   168  209s
  5094  2778 4288.16917   36  208 4328.05000 3882.61312  10.3%   168  214s
  5172  2844 4067.61478   29  293 4328.05000 3884.62533  10.2%   170  219s
  5290  2916 4107.32446   27  256 4328.05000 3886.32733  10.2%   171  224s
  5341  2916 4118.84224   28  114 4328.05000 3886.86831  10.2%   172  225s
  5406  2964 4196.71323   46  178 4328.05000 3889.98672  10.1%   172  230s
  5501  3023 4149.46007   30  204 4328.05000 3894.99415  10.0%   174  236s
  5597  3065     cutoff   33      4328.05000 3895.89969  10.0%   174  242s
  5728  3174 4214.25108   33  388 4328.05000 3898.36995  9.93%   174  248s
  5897  3236 4224.93744   35  327 4328.05000 3899.20970  9.91%   174  255s
  6016  3287 4283.27127   48  145 4328.05000 3902.78413  9.83%   175  262s
H 6017  3275                    4323.0500000 3902.78413  9.72%   175  262s
H 6057  3252                    4315.4100000 3902.95978  9.56%   175  262s
  6093  3282     cutoff   43      4315.41000 3903.18727  9.55%   175  268s
  6198  3310 4196.76566   31  272 4315.41000 3903.85439  9.54%   177  275s
  6323  3354 4161.49336   30  127 4315.41000 3907.06098  9.46%   178  281s
  6499  3451     cutoff   46      4315.41000 3908.21701  9.44%   178  288s
  6665  3523 4201.48859   53  124 4315.41000 3911.55057  9.36%   178  295s
  6839  3587 4091.42246   34  260 4315.41000 3916.46365  9.24%   178  301s
  6965  3604 4218.12102   39  248 4315.41000 3920.19058  9.16%   179  308s
  7054  3650     cutoff   34      4315.41000 3920.41197  9.15%   180  314s
  7178  3734 4293.25560   36  223 4315.41000 3921.43670  9.13%   181  321s
  7321  3788 4216.21587   37  216 4315.41000 3925.20475  9.04%   181  329s
  7463  3845 4214.31095   33  311 4315.41000 3929.34543  8.95%   182  337s
  7588  3899 4286.40923   37  176 4315.41000 3933.27544  8.86%   184  345s
  7745  3937 4102.26952   35  245 4315.41000 3937.23871  8.76%   185  353s
  7870  3994 4260.86171   48  234 4315.41000 3939.78199  8.70%   186  361s
  8018  4045 4174.56455   36  244 4315.41000 3942.50701  8.64%   187  370s
  8149  4123 4222.71082   32  205 4315.41000 3944.47017  8.60%   188  378s
  8320  4166 4091.97361   34  281 4315.41000 3948.69244  8.50%   189  387s
  8486  4188 4289.55336   52  172 4315.41000 3950.00547  8.47%   189  395s
  8605  4269 4214.02103   36  203 4315.41000 3951.31797  8.44%   190  404s
  8782  4297 4066.04872   31  219 4315.41000 3956.43816  8.32%   191  412s
  8898  4357 4173.10278   31  182 4315.41000 3959.86652  8.24%   192  421s
  9037  4384     cutoff   29      4315.41000 3962.97010  8.17%   193  429s
  9204  4414 4283.86316   40  123 4315.41000 3965.18654  8.12%   194  437s
  9352  4460     cutoff   45      4315.41000 3968.69166  8.03%   195  446s
  9522  4498     cutoff   49      4315.41000 3972.60091  7.94%   196  454s
  9605  4498     cutoff   35      4315.41000 3975.03435  7.89%   196  455s
  9675  4581 4138.78623   32  277 4315.41000 3975.15738  7.88%   197  463s
  9886  4680 4117.58005   32  299 4315.41000 3979.31454  7.79%   197  472s
 10097  4716 4177.33478   41  194 4315.41000 3981.49711  7.74%   196  481s
 10244  4773 4194.09516   29  303 4315.41000 3984.19752  7.68%   197  490s
 10393  4814 4101.19039   33  258 4315.41000 3986.23550  7.63%   198  499s
 10539  4894 4116.12250   33  234 4315.41000 3988.27718  7.58%   200  508s
 10700  4927 4226.97631   40  262 4315.41000 3989.57084  7.55%   200  517s
 10857  4952     cutoff   36      4315.41000 3993.23834  7.47%   201  525s
 10989  5059 4267.28567   36  261 4315.41000 3997.30586  7.37%   202  534s
 11111  5059 4194.44972   34  114 4315.41000 3998.99399  7.33%   202  535s
 11215  5141 4249.51289   43  177 4315.41000 3999.00769  7.33%   202  543s
 11424  5235 4205.73298   42  154 4315.41000 4001.28189  7.28%   202  553s
 11642  5308 4158.86018   32  157 4315.41000 4003.09769  7.24%   202  562s
 11830  5375 4276.24461   47  187 4315.41000 4004.76827  7.20%   202  571s
 12012  5451 4307.28366   43  160 4315.41000 4006.46044  7.16%   202  580s
 12246  5496     cutoff   40      4315.41000 4010.09283  7.08%   202  589s
 12419  5545 4305.17681   35  232 4315.41000 4012.90668  7.01%   202  598s
 12607  5610     cutoff   38      4315.41000 4016.22217  6.93%   203  607s
 12829  5661 4208.91093   34  186 4315.41000 4018.30045  6.88%   203  615s
 12989  5684 4281.42867   38  232 4315.41000 4020.39906  6.84%   203  624s
 13145  5732 4268.58414   36  281 4315.41000 4023.91585  6.75%   204  632s
 13351  5793 4200.75484   40  136 4315.41000 4026.04041  6.71%   204  641s
 13556  5861 4166.44767   37  231 4315.41000 4027.70075  6.67%   204  650s
 13750  5935 4245.46883   33  199 4315.41000 4031.31017  6.58%   204  659s
 13946  5998 4157.82144   36  239 4315.41000 4033.90348  6.52%   204  668s
 14133  6059     cutoff   36      4315.41000 4036.46238  6.46%   204  677s
 14339  6111     cutoff   36      4315.41000 4037.73646  6.43%   204  685s
 14513  6179 4068.85896   39  194 4315.41000 4039.29231  6.40%   205  694s
 14603  6179 4207.39608   37  236 4315.41000 4041.35357  6.35%   205  695s
 14712  6207 4287.26291   37  143 4315.41000 4041.85697  6.34%   205  704s
 14824  6296 4162.57925   38  195 4315.41000 4043.22313  6.31%   205  712s
 15062  6373 4193.21199   36  237 4315.41000 4044.84409  6.27%   205  721s
 15302  6408     cutoff   44      4315.41000 4046.75511  6.23%   205  731s
 15464  6462 4197.69117   31  211 4315.41000 4049.52710  6.16%   205  740s
 15664  6506 4208.52237   33  200 4315.41000 4053.74367  6.06%   205  748s
 15870  6568 infeasible   36      4315.41000 4054.41777  6.05%   205  757s
 16072  6612 4292.65889   40  128 4315.41000 4055.88374  6.01%   205  766s
 16280  6636 4221.17958   37  184 4315.41000 4057.13563  5.98%   205  774s
 16473  6733     cutoff   33      4315.41000 4058.43434  5.95%   205  783s
 16716  6771     cutoff   36      4315.41000 4059.70854  5.93%   205  791s
 16917  6806     cutoff   43      4315.41000 4061.13846  5.89%   205  800s
 17100  6858 4220.88887   44  178 4315.41000 4062.24538  5.87%   205  809s
 17316  6946 4308.01768   41  226 4315.41000 4063.00472  5.85%   205  817s
 17545  6974 4212.81491   42  246 4315.41000 4064.42922  5.82%   205  826s
 17712  7057     cutoff   39      4315.41000 4065.62659  5.79%   206  835s
 17943  7125 4269.74902   45   63 4315.41000 4067.22317  5.75%   205  844s
 18159  7163     cutoff   34      4315.41000 4068.73936  5.72%   206  853s
 18332  7216 4303.99672   32  366 4315.41000 4069.57544  5.70%   206  862s
 18542  7278     cutoff   38      4315.41000 4071.44884  5.65%   206  871s
 18751  7310     cutoff   39      4315.41000 4073.78118  5.60%   206  882s
 18872  7350     cutoff   33      4315.41000 4074.29075  5.59%   206  892s
 19000  7447 4220.52491   32  247 4315.41000 4075.58683  5.56%   206  901s
 19248  7531     cutoff   38      4315.41000 4077.31883  5.52%   206  910s
 19496  7632 4236.96008   40  194 4315.41000 4079.46081  5.47%   206  920s
 19770  7706 4200.00816   36  269 4315.41000 4081.01593  5.43%   205  929s
 20012  7829 4236.14801   37  241 4315.41000 4081.78852  5.41%   205  938s
 20284  7893 4256.18636   37  197 4315.41000 4083.89861  5.36%   204  948s
 20499  7951 4281.23463   37  230 4315.41000 4085.43003  5.33%   204  956s
H20659  7761                    4303.0000000 4086.50831  5.03%   205  957s
 20705  7788     cutoff   34      4303.00000 4086.62264  5.03%   204  966s
 20929  7853     cutoff   31      4303.00000 4087.64382  5.00%   204  975s
 21125  7901 4284.40460   38  183 4303.00000 4088.35750  4.99%   204  984s
H21247  6954                    4278.0000000 4088.35750  4.43%   204  984s
 21352  6991     cutoff   41      4278.00000 4090.01021  4.39%   204  993s
 21577  7048 4182.17945   37  222 4278.00000 4091.50613  4.36%   204 1003s
 21788  7067     cutoff   38      4278.00000 4092.46722  4.34%   204 1011s
 21973  7127     cutoff   37      4278.00000 4093.64902  4.31%   204 1020s
 22225  7189 4217.79215   33  208 4278.00000 4094.75460  4.28%   204 1029s
 22487  7207 4256.68643   37  235 4278.00000 4096.18181  4.25%   203 1038s
 22678  7221 4202.08381   37  164 4278.00000 4097.55205  4.22%   203 1047s
 22905  7261 4122.92056   35  233 4278.00000 4098.75495  4.19%   203 1056s
 23146  7291 4236.50174   38  171 4278.00000 4100.24345  4.16%   203 1065s
 23366  7317     cutoff   34      4278.00000 4101.47336  4.13%   203 1074s
 23540  7386     cutoff   42      4278.00000 4102.35715  4.11%   203 1083s
 23791  7408 4236.20596   38  209 4278.00000 4103.51719  4.08%   203 1092s
 23994  7454 4225.58508   38  266 4278.00000 4104.62084  4.05%   203 1101s
 24207  7486     cutoff   45      4278.00000 4106.57268  4.01%   203 1110s
 24418  7495 4187.64920   30  145 4278.00000 4107.63172  3.98%   203 1119s
 24567  7538 4259.49375   39   85 4278.00000 4109.65146  3.94%   203 1128s
 24775  7603     cutoff   32      4278.00000 4110.46410  3.92%   203 1138s
 25031  7615     cutoff   34      4278.00000 4111.60977  3.89%   203 1147s
 25209  7645     cutoff   30      4278.00000 4113.35905  3.85%   203 1156s
 25455  7664 4227.49137   39  179 4278.00000 4114.93819  3.81%   203 1168s
 25673  7680 4257.47165   36  144 4278.00000 4116.11196  3.78%   203 1177s
 25923  7704     cutoff   35      4278.00000 4117.76742  3.75%   203 1186s
 26124  7702 4273.08533   48  162 4278.00000 4118.69414  3.72%   203 1195s
 26312  7764 4171.94697   34  184 4278.00000 4120.44959  3.68%   203 1204s
 26555  7758     cutoff   36      4278.00000 4121.35266  3.66%   203 1213s
 26736  7780 4195.80628   31  217 4278.00000 4122.58983  3.63%   203 1222s
 26980  7801 4159.21909   36  151 4278.00000 4123.61147  3.61%   203 1231s
 27190  7828 4263.73013   31  127 4278.00000 4124.56251  3.59%   203 1240s
 27402  7850     cutoff   32      4278.00000 4125.66210  3.56%   203 1249s
 27636  7852 4203.73505   46  129 4278.00000 4126.90070  3.53%   203 1258s
 27837  7855 4232.31068   31  270 4278.00000 4128.12623  3.50%   203 1267s
 28027  7868     cutoff   36      4278.00000 4128.90026  3.49%   203 1276s
 28249  7928     cutoff   50      4278.00000 4130.37935  3.45%   203 1285s
 28553  7948 4230.11399   40  232 4278.00000 4131.66588  3.42%   203 1294s
 28709  7948 4246.68184   40  145 4278.00000 4133.19437  3.38%   202 1295s
 28805  7956 4247.82989   38  169 4278.00000 4133.28624  3.38%   202 1303s
 29018  7985 4264.88535   39  213 4278.00000 4134.41492  3.36%   202 1312s
 29262  8029     cutoff   46      4278.00000 4135.43242  3.33%   202 1321s
 29516  8060 4273.71499   43  158 4278.00000 4136.36797  3.31%   202 1330s
 29764  8073 4256.86885   51  169 4278.00000 4137.86596  3.28%   202 1339s
 30016  8118 4217.02324   40  118 4278.00000 4139.06149  3.25%   201 1348s
 30261  8124     cutoff   44      4278.00000 4140.19254  3.22%   201 1357s
 30490  8153 4263.22780   38  160 4278.00000 4141.55507  3.19%   201 1366s
 30741  8156     cutoff   43      4278.00000 4142.36839  3.17%   201 1376s
 30978  8170     cutoff   34      4278.00000 4143.46931  3.14%   201 1385s
 31212  8182     cutoff   34      4278.00000 4144.74252  3.11%   201 1393s
 31437  8193 4238.09279   36  207 4278.00000 4145.78174  3.09%   201 1403s
 31629  8220 4211.16690   37  218 4278.00000 4146.68477  3.07%   201 1411s
*31834  8134              62    4276.4100000 4147.94802  3.00%   201 1412s
*31837  7935              61    4272.4100000 4147.94802  2.91%   201 1412s
 31917  7926 4248.37214   56   40 4272.41000 4147.99029  2.91%   200 1421s
 32133  7905 4183.58133   29  246 4272.41000 4149.16463  2.88%   200 1429s
 32356  7916     cutoff   36      4272.41000 4150.10478  2.86%   200 1459s
 32564  7909     cutoff   34      4272.41000 4150.91125  2.84%   200 1468s
 32760  7924     cutoff   37      4272.41000 4152.30425  2.81%   200 1478s
 33066  7925     cutoff   36      4272.41000 4153.24283  2.79%   200 1487s
 33291  7913 4255.67195   35  176 4272.41000 4154.03435  2.77%   200 1496s
 33524  7895     cutoff   47      4272.41000 4155.00424  2.75%   200 1505s
 33718  7900 4192.41674   38   86 4272.41000 4155.86040  2.73%   200 1514s
 33886  7900     cutoff   48      4272.41000 4157.07247  2.70%   200 1515s
 33971  7939 4188.25255   40  173 4272.41000 4157.09980  2.70%   200 1523s
 34226  7945 4242.22503   33  263 4272.41000 4157.83888  2.68%   200 1533s
 34448  7930 4253.90054   35  186 4272.41000 4158.45894  2.67%   200 1542s
 34631  7909 4262.30026   38  246 4272.41000 4159.56009  2.64%   200 1551s
 34865  7916 4233.11086   35  184 4272.41000 4160.57229  2.62%   200 1560s
 35077  7911     cutoff   43      4272.41000 4161.35667  2.60%   200 1568s
 35309  7908     cutoff   51      4272.41000 4161.79451  2.59%   199 1576s
 35533  7892     cutoff   33      4272.41000 4162.94305  2.56%   199 1585s
 35693  7911     cutoff   31      4272.41000 4163.47803  2.55%   199 1594s
 35950  7911 4269.20848   51   22 4272.41000 4164.74453  2.52%   199 1595s
 35959  7884     cutoff   37      4272.41000 4164.75153  2.52%   199 1603s
 36233  7876     cutoff   31      4272.41000 4166.21579  2.49%   199 1611s
 36439  7882 4214.42476   39  154 4272.41000 4166.85177  2.47%   198 1619s
 36657  7891 4217.81396   40  251 4272.41000 4167.63794  2.45%   198 1626s
 36891  7898     cutoff   37      4272.41000 4168.53415  2.43%   198 1635s
 37165  7889 4246.68726   43  119 4272.41000 4169.47472  2.41%   198 1645s
 37429  7869 4206.87002   38  224 4272.41000 4170.72360  2.38%   198 1652s
 37634  7856 4245.43201   46  207 4272.41000 4171.96307  2.35%   197 1660s
 37868  7852 4230.19260   53  121 4272.41000 4172.87293  2.33%   197 1667s
 38103  7844     cutoff   35      4272.41000 4173.47504  2.32%   197 1675s
 38335  7823     cutoff   28      4272.41000 4174.55923  2.29%   197 1683s
 38516  7808 4259.82078   42  146 4272.41000 4175.06497  2.28%   197 1690s
 38726  7812 4219.11528   39  133 4272.41000 4176.08276  2.25%   197 1697s
 39017  7799 4242.97372   41  145 4272.41000 4177.06941  2.23%   196 1705s
 39286  7796     cutoff   39      4272.41000 4177.78457  2.21%   196 1712s
 39493  7769     cutoff   40      4272.41000 4178.56691  2.20%   196 1720s
 39686  7786     cutoff   58      4272.41000 4179.49887  2.17%   196 1727s
 39948  7760 4248.20189   44  112 4272.41000 4180.22277  2.16%   195 1735s
 40176  7773     cutoff   42      4272.41000 4180.95039  2.14%   195 1765s
 40432  7763     cutoff   40      4272.41000 4181.87534  2.12%   194 1774s
 40686  7722     cutoff   40      4272.41000 4182.71401  2.10%   194 1781s
 40908  7721 4234.12692   40   77 4272.41000 4183.90115  2.07%   194 1789s
 41179  7712 4268.64559   50  128 4272.41000 4184.95137  2.05%   194 1797s
 41440  7685 4226.55298   36  155 4272.41000 4185.80454  2.03%   193 1805s
 41744  7643     cutoff   39      4272.41000 4186.85529  2.00%   193 1813s
 41939  7658 infeasible   43      4272.41000 4187.81685  1.98%   193 1821s
 42269  7675     cutoff   34      4272.41000 4188.63028  1.96%   192 1829s
 42568  7649     cutoff   46      4272.41000 4189.16512  1.95%   192 1838s
 42889  7608     cutoff   39      4272.41000 4190.23856  1.92%   192 1845s
 43092  7583 4268.78053   35  210 4272.41000 4191.37703  1.90%   192 1852s
 43373  7545 4245.68240   37  194 4272.41000 4192.19517  1.88%   191 1858s
 43599  7498 4231.33611   35  116 4272.41000 4192.82731  1.86%   191 1864s
 43784  7466     cutoff   37      4272.41000 4193.70419  1.84%   191 1870s
 44009  7477     cutoff   36      4272.41000 4194.53227  1.82%   191 1877s
 44307  7438 4229.73094   39  292 4272.41000 4195.17898  1.81%   190 1884s
 44517  7425 4221.84089   41  136 4272.41000 4195.74756  1.79%   190 1894s
 44625  7416 4245.51137   41   63 4272.41000 4196.08460  1.79%   190 1901s
 44861  7399 4239.26565   40  187 4272.41000 4196.77975  1.77%   189 1908s
 45138  7371 4237.43140   43   88 4272.41000 4197.45713  1.75%   189 1915s
 45402  7353 4264.03053   41  215 4272.41000 4198.14536  1.74%   189 1922s
 45670  7337 infeasible   38      4272.41000 4199.07869  1.72%   188 1929s
 45946  7312 4234.33852   49   85 4272.41000 4199.74883  1.70%   188 1935s
 46221  7274 4252.10762   52   25 4272.41000 4200.35118  1.69%   188 1941s
 46413  7262     cutoff   52      4272.41000 4201.09990  1.67%   187 1948s
 46703  7217     cutoff   39      4272.41000 4201.78238  1.65%   187 1954s
 46952  7237 4238.45819   49   49 4272.41000 4202.47124  1.64%   187 1961s
 47279  7210 infeasible   62      4272.41000 4202.99519  1.62%   186 1968s
 47555  7170 4270.59273   50   23 4272.41000 4203.67163  1.61%   186 1974s
 47837  7126 4232.90261   37  163 4272.41000 4204.51353  1.59%   185 1981s
 48060  7075     cutoff   40      4272.41000 4205.03794  1.58%   185 1988s
 48312  7017 4257.57814   45   93 4272.41000 4205.67514  1.56%   185 1994s
 48601  6987 4228.74605   40  119 4272.41000 4206.42115  1.54%   185 2001s
 48873  6944 4263.78650   45  129 4272.41000 4206.89273  1.53%   184 2007s
 49134  6937     cutoff   41      4272.41000 4207.59470  1.52%   184 2014s
 49410  6912 4230.91122   39  163 4272.41000 4208.14339  1.50%   183 2020s
 49720  6838     cutoff   43      4272.41000 4208.82267  1.49%   183 2027s
 49973  6834 4261.46221   38  217 4272.41000 4209.53743  1.47%   183 2033s
 50266  6792     cutoff   43      4272.41000 4210.20846  1.46%   182 2040s
 50544  6749 4261.57447   53   50 4272.41000 4210.77804  1.44%   182 2046s
 50790  6701     cutoff   42      4272.41000 4211.55798  1.42%   182 2052s
 51122  6658     cutoff   32      4272.41000 4212.24551  1.41%   181 2059s
 51416  6613 4247.63833   37  129 4272.41000 4213.14180  1.39%   181 2064s
 51577  6613 4256.18121   43  155 4272.41000 4213.82850  1.37%   180 2065s
 51691  6539     cutoff   43      4272.41000 4213.83241  1.37%   180 2070s
 51944  6470     cutoff   46      4272.41000 4214.73137  1.35%   180 2076s
 52228  6385     cutoff   43      4272.41000 4215.65855  1.33%   180 2082s
 52503  6340 4267.42630   31  207 4272.41000 4216.44768  1.31%   179 2089s
 52843  6272     cutoff   50      4272.41000 4216.90426  1.30%   179 2095s
 53115  6229 4228.05429   34  211 4272.41000 4217.48409  1.29%   178 2101s
 53415  6155 4272.40619   45  128 4272.41000 4218.04216  1.27%   178 2107s
 53670  6072 infeasible   51      4272.41000 4218.92202  1.25%   178 2113s
 53983  6011 4259.04522   38  174 4272.41000 4219.74792  1.23%   177 2119s
 54121  6011 4220.54064   55   72 4272.41000 4220.52147  1.21%   177 2120s
 54289  5935 4252.20471   47   89 4272.41000 4220.52895  1.21%   177 2126s
 54637  5901 4240.03822   43  132 4272.41000 4221.33999  1.20%   176 2132s
 55017  5831 4260.70417   36   27 4272.41000 4221.96840  1.18%   176 2139s
 55315  5757     cutoff   39      4272.41000 4222.68334  1.16%   175 2145s
 55630  5694     cutoff   40      4272.41000 4223.38185  1.15%   175 2151s
 55942  5583     cutoff   49      4272.41000 4223.95955  1.13%   174 2156s
 56248  5496     cutoff   36      4272.41000 4224.86361  1.11%   174 2162s
 56558  5435     cutoff   49      4272.41000 4225.53545  1.10%   174 2168s
 56811  5344     cutoff   38      4272.41000 4226.20299  1.08%   173 2174s
 57150  5245     cutoff   50      4272.41000 4226.91840  1.06%   173 2179s
 57409  5142 4258.21170   42  109 4272.41000 4227.77108  1.04%   172 2185s
 57808  5057     cutoff   54      4272.41000 4228.58503  1.03%   172 2191s
 58090  4987 4243.10327   31  133 4272.41000 4229.28304  1.01%   171 2196s
 58403  4887 infeasible   56      4272.41000 4229.98321  0.99%   171 2202s
 58716  4750     cutoff   42      4272.41000 4230.81759  0.97%   171 2208s
 59072  4620     cutoff   40      4272.41000 4231.75783  0.95%   170 2213s
 59359  4483 4260.94768   50   96 4272.41000 4232.73176  0.93%   170 2219s
 59707  4309     cutoff   56      4272.41000 4233.65907  0.91%   169 2224s
 60015  4167     cutoff   42      4272.41000 4234.75129  0.88%   169 2229s
 60335  4010     cutoff   53      4272.41000 4235.82481  0.86%   168 2235s
 60656  3852     cutoff   50      4272.41000 4236.70216  0.84%   168 2240s
 60989  3679     cutoff   86      4272.41000 4237.83575  0.81%   167 2245s
 61322  3504     cutoff   51      4272.41000 4238.80687  0.79%   167 2250s
 61651  3328     cutoff   35      4272.41000 4240.00785  0.76%   167 2255s
 62003  3129 4253.95964   43  101 4272.41000 4241.34351  0.73%   166 2261s
 62403  2946     cutoff   33      4272.41000 4242.51635  0.70%   165 2266s
 62779  2741     cutoff   47      4272.41000 4243.62679  0.67%   165 2271s
 63105  2526     cutoff   36      4272.41000 4244.95239  0.64%   164 2276s
 63542  2305     cutoff   43      4272.41000 4246.55135  0.61%   164 2281s
 63961  2051     cutoff   41      4272.41000 4247.91711  0.57%   163 2286s
 64359  1775 4250.98507   45   58 4272.41000 4249.64810  0.53%   162 2291s
 64813  1475     cutoff   45      4272.41000 4251.74686  0.48%   162 2296s
 65222  1159     cutoff   42      4272.41000 4254.35659  0.42%   161 2300s
 66098   392     cutoff   43      4272.41000 4261.16004  0.26%   159 2307s

Cutting planes:
  User: 3034
  Gomory: 24
  Cover: 192
  Implied bound: 29
  MIR: 100
  Flow cover: 215
  Inf proof: 3
  Zero half: 10
  Network: 4
  RLT: 142
  Relax-and-lift: 5
  Lazy constraints: 324

Explored 66949 nodes (10557892 simplex iterations) in 2309.94 seconds
Thread count was 2 (of 32 available processors)

Solution count 10: 4272.41 4276.41 4278 ... 4482.52

Optimal solution found (tolerance 1.00e-04)
Best objective 4.272410000000e+03, best bound 4.272410000000e+03, gap 0.0000%

User-callback calls 242566, time in user-callback 157.00 sec
================================================================================
executing instance: ./input/Instances/Original/4/absH3low_3n10.dat
--------------------------------------------------------------------------------
Instance details
n	11
H	3
C	687
Li:
[0, 0, 0, 0, 0, 0, 0, 0, 0, 0, 0, ]
Ui:
[0, 189, 44, 174, 78, 36, 198, 117, 42, 96, 240, ]
Distance matrix:
|0	209	255	286	142	156	285	317	182	161	135	|
|209	0	464	451	315	356	490	469	361	299	260	|
|255	464	0	221	202	130	74	280	189	254	273	|
|286	451	221	0	145	156	164	479	354	153	192	|
|142	315	202	145	0	73	194	388	250	53	73	|
|156	356	130	156	73	0	134	332	200	127	144	|
|285	490	74	164	194	134	0	353	256	239	267	|
|317	469	280	479	388	332	353	0	141	436	430	|
|182	361	189	354	250	200	256	141	0	296	289	|
|161	299	254	153	53	127	239	436	296	0	39	|
|135	260	273	192	73	144	267	430	289	39	0	|

--------------------------------------------------------------------------------
Building model...
	using lazy and cut (CVRPSEP package)
Solving IRP LP...
--------------------------------------------------------------------------------

Gurobi 9.1.0 (linux64) logging started Sun Jan 10 00:57:06 2021

Gurobi Optimizer version 9.1.0 build v9.1.0rc0 (linux64)
Thread count: 32 physical cores, 32 logical processors, using up to 2 threads
Optimize a model with 395 rows, 728 columns and 2603 nonzeros
Model fingerprint: 0xcf0deae6
Variable types: 134 continuous, 594 integer (99 binary)
Coefficient statistics:
  Matrix range     [1e+00, 2e+02]
  Objective range  [1e-02, 5e+02]
  Bounds range     [1e+00, 2e+02]
  RHS range        [2e+01, 1e+03]
Presolve removed 128 rows and 29 columns
Presolve time: 0.02s
Presolved: 267 rows, 699 columns, 2109 nonzeros
Variable types: 99 continuous, 600 integer (504 binary)

Root relaxation: objective 1.472052e+03, 323 iterations, 0.01 seconds

    Nodes    |    Current Node    |     Objective Bounds      |     Work
 Expl Unexpl |  Obj  Depth IntInf | Incumbent    BestBd   Gap | It/Node Time

     0     0 1472.05243    0   34          - 1472.05243      -     -    0s
     0     0 1621.72332    0   35          - 1621.72332      -     -    0s
     0     0 2014.93868    0   68          - 2014.93868      -     -    0s
     0     0 2031.25026    0   81          - 2031.25026      -     -    0s
     0     0 2031.25026    0   82          - 2031.25026      -     -    0s
     0     0 2084.27936    0   63          - 2084.27936      -     -    0s
     0     0 2084.28787    0   64          - 2084.28787      -     -    0s
     0     0 2183.38785    0   89          - 2183.38785      -     -    0s
     0     0 2231.29782    0   78          - 2231.29782      -     -    0s
     0     0 2233.75350    0   92          - 2233.75350      -     -    0s
     0     0 2241.23702    0   93          - 2241.23702      -     -    0s
     0     0 2241.33633    0   95          - 2241.33633      -     -    0s
     0     0 2253.42714    0  123          - 2253.42714      -     -    0s
     0     0 2263.21215    0  143          - 2263.21215      -     -    0s
     0     0 2272.12712    0  140          - 2272.12712      -     -    0s
     0     0 2272.59495    0  156          - 2272.59495      -     -    0s
     0     0 2282.76439    0  101          - 2282.76439      -     -    0s
     0     0 2283.52087    0  109          - 2283.52087      -     -    0s
     0     0 2295.51235    0  112          - 2295.51235      -     -    0s
     0     0 2295.56080    0  106          - 2295.56080      -     -    0s
     0     0 2296.93669    0  125          - 2296.93669      -     -    0s
     0     0 2296.93669    0  113          - 2296.93669      -     -    0s
     0     2 2296.94776    0  113          - 2296.94776      -     -    0s
*  112   106              36    3400.3600000 2313.20629  32.0%  49.6    0s
H  120   106                    3356.3600000 2318.91250  30.9%  51.1    0s
H  120   106                    3235.3600000 2318.91250  28.3%  51.1    0s
H  150   127                    3226.3600000 2318.91250  28.1%  58.0    0s
H  176   144                    3221.3600000 2318.91250  28.0%  55.6    0s
H  196   138                    3061.1000000 2318.91250  24.2%  51.6    0s
*  218   152              55    2987.1000000 2320.12733  22.3%  47.8    1s
H  259   123                    2734.1000000 2320.12733  15.1%  49.7    1s
  1401   167     cutoff   11      2734.10000 2586.95838  5.38%  57.3    5s

Cutting planes:
  User: 156
  Gomory: 1
  Cover: 125
  Implied bound: 16
  Clique: 15
  MIR: 91
  StrongCG: 2
  Flow cover: 110
  Zero half: 2
  Network: 2
  RLT: 101
  Relax-and-lift: 6
  Lazy constraints: 37

Explored 1882 nodes (103186 simplex iterations) in 5.85 seconds
Thread count was 2 (of 32 available processors)

Solution count 8: 2734.1 2987.1 3061.1 ... 3400.36

Optimal solution found (tolerance 1.00e-04)
Best objective 2.734100000000e+03, best bound 2.734100000000e+03, gap 0.0000%

User-callback calls 4938, time in user-callback 0.72 sec
================================================================================
executing instance: ./input/Instances/Original/4/absH3low_3n15.dat
--------------------------------------------------------------------------------
Instance details
n	16
H	3
C	1267
Li:
[0, 0, 0, 0, 0, 0, 0, 0, 0, 0, 0, 0, 0, 0, 0, 0, ]
Ui:
[0, 156, 267, 148, 144, 87, 33, 171, 76, 141, 270, 282, 60, 110, 172, 57, ]
Distance matrix:
|0	229	567	76	58	96	306	409	310	423	108	346	165	347	159	256	|
|229	0	482	243	279	155	375	525	251	419	158	373	65	123	329	246	|
|567	482	0	506	622	483	342	439	259	200	467	274	486	433	501	312	|
|76	243	506	0	119	88	230	337	255	352	88	272	179	347	94	194	|
|58	279	622	119	0	154	345	431	366	471	166	391	217	399	179	310	|
|96	155	483	88	154	0	266	397	224	358	17	289	92	262	176	179	|
|306	375	342	230	345	266	0	158	184	148	251	68	332	423	181	140	|
|409	525	439	337	431	397	158	0	340	244	386	201	476	581	253	298	|
|310	251	259	255	366	224	184	340	0	170	208	146	238	257	274	66	|
|423	419	200	352	471	358	148	244	170	0	341	84	396	424	323	182	|
|108	158	467	88	166	17	251	386	208	341	0	273	96	259	172	162	|
|346	373	274	272	391	289	68	201	146	84	273	0	340	400	239	127	|
|165	65	486	179	217	92	332	476	238	396	96	340	0	182	267	216	|
|347	123	433	347	399	262	423	581	257	424	259	400	182	0	423	283	|
