




arguments: ./build/mirp_solver -f ./input/orig_exec_20.cfg
Current dir: /scratch/gui/bnc_mirp
File verbosity level: 9
date       time         ( uptime  ) [ thread name/id ]                   file:line     v| 
2021-01-09 02:29:33.786 (   0.202s) [main thread     ]             loguru.cpp:789   INFO| Logging to './output/vi_hc3/OU/V3/Original/execution_09_01_2021_02_29_33.log', mode: 'a', verbosity: 9
--------------------------------------------------------------------------------
Parameters
                           instance_path           ./input/Instances/Original/1/
                            model_policy                                       1
                             nb_vehicles                                       3
                              output_dir         ./output/vi_hc3/OU/V3/Original/
                            sec_strategy                                       1
                       solver_nb_threads                                       2
                         solver_show_log                                    true
                       solver_time_limit                                    3600
                              use_vi_cos                                   false
                              use_vi_cus                                   false
                         use_vi_hc1_full                                   false
                         use_vi_hc1_half                                   false
                      use_vi_hc1_quarter                                   false
                              use_vi_hc2                                   false
                              use_vi_hc3                                    true
                         use_vi_lex_full                                   false
                         use_vi_lex_half                                   false
                      use_vi_lex_quarter                                   false
                              use_vi_qua                                   false
                               use_vi_vc                                   false
                               use_vi_vr                                   false
--------------------------------------------------------------------------------
executing instance: ./input/Instances/Original/1/absH3high_1n5.dat
--------------------------------------------------------------------------------
Instance details
n	6
H	3
C	289
Li:
[0, 0, 0, 0, 0, 0, ]
Ui:
[0, 195, 105, 116, 72, 22, ]
Distance matrix:
|0	85	349	17	203	289	|
|85	0	265	102	214	226	|
|349	265	0	366	368	238	|
|17	102	366	0	207	302	|
|203	214	368	207	0	431	|
|289	226	238	302	431	0	|

--------------------------------------------------------------------------------
Building model...
	using lazy and cut (CVRPSEP package)
Solving IRP LP...
--------------------------------------------------------------------------------

Gurobi 9.1.0 (linux64) logging started Sat Jan  9 02:29:33 2021

Gurobi Optimizer version 9.1.0 build v9.1.0rc0 (linux64)
Thread count: 32 physical cores, 32 logical processors, using up to 2 threads
Optimize a model with 210 rows, 258 columns and 978 nonzeros
Model fingerprint: 0xb18f9a84
Variable types: 69 continuous, 189 integer (54 binary)
Coefficient statistics:
  Matrix range     [1e+00, 2e+02]
  Objective range  [2e-01, 4e+02]
  Bounds range     [1e+00, 2e+02]
  RHS range        [1e+01, 5e+02]
Presolve removed 66 rows and 21 columns
Presolve time: 0.01s
Presolved: 144 rows, 237 columns, 741 nonzeros
Variable types: 51 continuous, 186 integer (138 binary)
Found heuristic solution: objective 4077.1300000

Root relaxation: objective 1.701803e+03, 223 iterations, 0.00 seconds

    Nodes    |    Current Node    |     Objective Bounds      |     Work
 Expl Unexpl |  Obj  Depth IntInf | Incumbent    BestBd   Gap | It/Node Time

     0     0 1701.80263    0   30 4077.13000 1701.80263  58.3%     -    0s
H    0     0                    2919.7700000 1701.80263  41.7%     -    0s
     0     0 1804.83900    0   38 2919.77000 1804.83900  38.2%     -    0s
H    0     0                    2918.0900000 1804.83900  38.1%     -    0s
H    0     0                    2882.3500000 1804.83900  37.4%     -    0s
     0     0 1813.31420    0   25 2882.35000 1813.31420  37.1%     -    0s
     0     0 1977.15461    0   41 2882.35000 1977.15461  31.4%     -    0s
     0     0 2108.18329    0   46 2882.35000 2108.18329  26.9%     -    0s
     0     0 2108.18329    0   40 2882.35000 2108.18329  26.9%     -    0s
     0     0 2235.66465    0   44 2882.35000 2235.66465  22.4%     -    0s
     0     0 2235.66465    0   36 2882.35000 2235.66465  22.4%     -    0s
     0     0 2262.84704    0   48 2882.35000 2262.84704  21.5%     -    0s
H    0     0                    2825.3500000 2262.84704  19.9%     -    0s
     0     0 2287.02907    0   64 2825.35000 2287.02907  19.1%     -    0s
     0     0 2287.80007    0   67 2825.35000 2287.80007  19.0%     -    0s
     0     0 2287.80007    0   65 2825.35000 2287.80007  19.0%     -    0s
     0     0 2313.38288    0   23 2825.35000 2313.38288  18.1%     -    0s
H    0     0                    2486.3500000 2313.38288  6.96%     -    0s
     0     0 2338.62630    0   39 2486.35000 2338.62630  5.94%     -    0s
     0     0 2349.38310    0   47 2486.35000 2349.38310  5.51%     -    0s
     0     0 2354.26737    0   42 2486.35000 2354.26737  5.31%     -    0s
     0     0 2356.18633    0   59 2486.35000 2356.18633  5.24%     -    0s
     0     0 2370.30728    0   50 2486.35000 2370.30728  4.67%     -    0s
H    0     0                    2414.0300000 2370.30728  1.81%     -    0s
     0     0 2377.44730    0   61 2414.03000 2377.44730  1.52%     -    0s
     0     0 2378.93677    0   58 2414.03000 2378.93677  1.45%     -    0s
     0     0 2382.38362    0   60 2414.03000 2382.38362  1.31%     -    0s
     0     0 2382.68701    0   59 2414.03000 2382.68701  1.30%     -    0s
     0     0 2388.36863    0   38 2414.03000 2388.36863  1.06%     -    0s
     0     0 2388.36863    0   16 2414.03000 2388.36863  1.06%     -    0s
     0     0 2388.36863    0   40 2414.03000 2388.36863  1.06%     -    0s
     0     0 2388.36863    0   34 2414.03000 2388.36863  1.06%     -    0s
     0     0 2390.61414    0    8 2414.03000 2390.61414  0.97%     -    0s
     0     0 2399.33427    0   17 2414.03000 2399.33427  0.61%     -    0s
     0     0 2402.69429    0   28 2414.03000 2402.69429  0.47%     -    0s
     0     0     cutoff    0      2414.03000 2414.03000  0.00%     -    0s

Cutting planes:
  User: 3
  Gomory: 1
  Cover: 4
  Implied bound: 1
  Clique: 4
  MIR: 21
  Flow cover: 14
  RLT: 5
  Relax-and-lift: 1

Explored 1 nodes (1296 simplex iterations) in 0.21 seconds
Thread count was 2 (of 32 available processors)

Solution count 7: 2414.03 2486.35 2825.35 ... 4077.13

Optimal solution found (tolerance 1.00e-04)
Best objective 2.414030000000e+03, best bound 2.414030000000e+03, gap 0.0000%

User-callback calls 295, time in user-callback 0.01 sec
================================================================================
executing instance: ./input/Instances/Original/1/absH3high_1n45.dat
--------------------------------------------------------------------------------
Instance details
n	46
H	3
C	3462
Li:
[0, 0, 0, 0, 0, 0, 0, 0, 0, 0, 0, 0, 0, 0, 0, 0, 0, 0, 0, 0, 0, 0, 0, 0, 0, 0, 0, 0, 0, 0, 0, 0, 0, 0, 0, 0, 0, 0, 0, 0, 0, 0, 0, 0, 0, 0, ]
Ui:
[0, 273, 270, 36, 165, 192, 148, 45, 30, 75, 180, 198, 112, 117, 90, 64, 180, 22, 264, 174, 168, 270, 86, 66, 26, 66, 237, 156, 92, 108, 144, 72, 30, 45, 94, 54, 174, 96, 198, 136, 44, 180, 210, 249, 198, 48, ]
Distance matrix:
|0	281	201	160	249	201	93	431	236	139	252	136	116	166	390	110	349	374	303	180	327	464	236	70	44	461	346	439	363	254	312	426	305	206	71	137	169	200	247	260	20	219	256	253	460	278	|
|281	0	448	170	53	142	338	184	121	290	371	390	222	302	111	289	169	434	230	177	238	441	59	212	319	211	86	235	399	306	53	176	99	202	263	157	361	101	370	201	264	344	364	374	469	184	|
|201	448	0	285	430	325	114	556	361	171	191	64	228	174	546	294	453	306	364	289	388	435	393	254	157	585	491	536	318	254	490	554	436	407	266	292	108	388	186	337	207	181	205	190	408	364	|
|160	170	285	0	169	43	182	280	80	120	208	231	58	132	262	230	190	294	151	24	174	345	112	107	183	309	207	280	268	158	219	276	155	235	187	45	192	150	205	107	140	177	202	210	356	119	|
|249	53	430	169	0	152	317	238	145	282	377	369	212	299	157	242	215	452	261	183	273	474	76	181	290	264	140	287	421	320	63	229	145	148	221	142	352	53	374	226	234	346	370	378	498	215	|
|201	142	325	43	152	0	224	237	37	156	230	273	101	164	224	261	148	300	127	38	147	333	83	142	225	266	167	238	270	168	193	233	112	246	221	70	228	148	228	84	180	202	222	232	351	87	|
|93	338	114	182	317	224	0	460	262	92	180	52	124	112	440	199	364	307	292	191	317	415	284	140	57	490	387	452	304	208	377	457	336	297	163	181	84	274	175	256	95	152	188	180	402	280	|
|431	184	556	280	238	237	460	0	199	385	420	508	337	385	108	464	110	429	219	269	206	378	202	365	460	30	98	84	388	340	204	9	126	386	432	294	453	283	421	226	411	404	408	423	422	198	|
|236	121	361	80	145	37	262	199	0	191	255	310	138	197	191	290	114	312	118	72	133	330	69	175	262	229	132	204	279	186	174	195	75	258	251	102	262	153	254	81	216	230	246	257	353	72	|
|139	290	171	120	282	156	92	385	191	0	116	129	71	27	380	246	283	235	201	119	226	329	231	141	129	414	323	367	224	119	336	383	266	308	202	141	72	252	112	169	127	82	118	117	322	195	|
|252	371	191	208	377	230	180	420	255	116	0	187	178	90	443	361	311	127	204	195	224	246	313	257	232	446	382	380	129	81	423	421	320	422	318	242	100	355	5	195	241	34	15	2	225	224	|
|136	390	64	231	369	273	52	508	310	129	187	0	173	141	491	233	409	313	330	239	355	431	335	191	93	538	438	495	316	233	429	505	385	342	203	233	88	325	182	297	143	167	199	187	412	323	|
|116	222	228	58	212	101	124	337	138	71	178	173	0	91	319	206	244	284	187	69	212	357	165	85	130	367	265	333	264	151	267	333	213	244	161	70	140	181	175	145	97	145	177	180	359	165	|
|166	302	174	132	299	164	112	385	197	27	90	141	91	0	388	273	280	208	191	127	215	305	243	167	153	413	329	361	198	96	351	383	270	333	229	159	68	272	86	163	153	56	92	91	296	190	|
|390	111	546	262	157	224	440	108	191	380	443	491	319	388	0	399	164	480	264	261	261	456	156	320	426	125	62	186	442	369	107	99	125	300	374	260	452	210	443	252	372	420	433	446	494	227	|
|110	289	294	230	242	261	199	464	290	246	361	233	206	273	399	0	402	480	382	254	404	562	262	124	143	493	369	490	466	355	302	457	344	135	45	191	279	189	356	337	120	328	364	362	563	348	|
|349	169	453	190	215	148	364	110	114	283	311	409	244	280	164	402	0	324	110	174	101	292	151	289	372	135	109	90	284	230	212	111	70	354	364	216	348	245	312	118	329	295	298	313	330	90	|
|374	434	306	294	452	300	307	429	312	235	127	313	284	208	480	480	324	0	216	274	223	137	380	368	357	448	419	367	40	136	487	432	358	525	436	336	227	443	132	234	361	156	119	127	102	255	|
|303	230	364	151	261	127	292	219	118	201	204	330	187	191	264	382	110	216	0	128	25	213	185	258	314	243	203	176	178	123	282	221	144	372	338	193	256	270	206	45	283	193	191	206	239	46	|
|180	177	289	24	183	38	191	269	72	119	195	239	69	127	261	254	174	274	128	0	151	321	118	130	198	299	204	263	246	139	228	266	147	258	211	68	191	169	193	83	159	166	188	197	333	98	|
|327	238	388	174	273	147	317	206	133	226	224	355	212	215	261	404	101	223	25	151	0	203	198	281	339	228	202	156	184	143	288	209	146	390	362	215	280	286	226	68	308	215	210	226	235	61	|
|464	441	435	345	474	333	415	378	330	329	246	431	357	305	456	562	292	137	213	321	203	0	398	440	458	390	400	301	117	211	492	384	348	578	517	389	344	480	251	251	448	265	233	246	54	259	|
|236	59	393	112	76	83	284	202	69	231	313	335	165	243	156	262	151	380	185	118	198	398	0	167	270	231	110	233	347	250	110	195	85	203	230	103	303	95	311	150	217	284	305	315	422	139	|
|70	212	254	107	181	142	140	365	175	141	257	191	85	167	320	124	289	368	258	130	281	440	167	0	109	394	277	378	349	236	244	359	239	167	81	73	196	135	253	213	53	223	257	258	444	226	|
|44	319	157	183	290	225	57	460	262	129	232	93	130	153	426	143	372	357	314	198	339	458	270	109	0	490	379	462	351	247	353	456	334	250	110	168	140	243	226	274	56	201	238	232	449	294	|
|461	211	585	309	264	266	490	30	229	414	446	538	367	413	125	493	135	448	243	299	228	390	231	394	490	0	125	89	408	365	226	36	156	412	462	324	481	311	447	253	441	430	433	448	436	225	|
|346	86	491	207	140	167	387	98	132	323	382	438	265	329	62	369	109	419	203	204	202	400	110	277	379	125	0	155	381	307	113	90	63	288	339	211	394	186	382	190	327	359	371	384	436	165	|
|439	235	536	280	287	238	452	84	204	367	380	495	333	361	186	490	90	367	176	263	156	301	233	378	462	89	155	0	326	299	267	92	148	432	454	306	429	325	382	199	419	369	366	382	348	172	|
|363	399	318	268	421	270	304	388	279	224	129	316	264	198	442	466	284	40	178	246	184	117	347	349	351	408	381	326	0	113	452	391	321	502	422	311	229	415	134	199	348	152	118	130	98	219	|
|254	306	254	158	320	168	208	340	186	119	81	233	151	96	369	355	230	136	123	139	143	211	250	236	247	365	307	299	113	0	359	340	244	390	310	200	148	308	83	117	238	74	68	83	208	145	|
|312	53	490	219	63	193	377	204	174	336	423	429	267	351	107	302	212	487	282	228	288	492	110	244	353	226	113	267	452	359	0	195	145	194	283	199	407	115	421	254	296	394	415	425	521	237	|
|426	176	554	276	229	233	457	9	195	383	421	505	333	383	99	457	111	432	221	266	209	384	195	359	456	36	90	92	391	340	195	0	122	378	426	289	451	275	421	226	406	404	408	423	427	197	|
|305	99	436	155	145	112	336	126	75	266	320	385	213	270	125	344	70	358	144	147	146	348	85	239	334	156	63	148	321	244	145	122	0	286	310	168	336	177	320	128	285	298	309	322	381	103	|
|206	202	407	235	148	246	297	386	258	308	422	342	244	333	300	135	354	525	372	258	390	578	203	167	250	412	288	432	502	390	194	378	286	0	144	191	362	109	418	329	202	388	421	423	591	329	|
|71	263	266	187	221	221	163	432	251	202	318	203	161	229	374	45	364	436	338	211	362	517	230	81	110	462	339	454	422	310	283	426	310	144	0	150	239	168	313	294	77	285	321	319	518	306	|
|137	157	292	45	142	70	181	294	102	141	242	233	70	159	260	191	216	336	193	68	215	389	103	73	168	324	211	306	311	200	199	289	168	191	150	0	210	113	239	148	117	210	238	244	400	157	|
|169	361	108	192	352	228	84	453	262	72	100	88	140	68	452	279	348	227	256	191	280	344	303	196	140	481	394	429	229	148	407	451	336	362	239	210	0	318	95	231	164	79	111	100	325	258	|
|200	101	388	150	53	148	274	283	153	252	355	325	181	272	210	189	245	443	270	169	286	480	95	135	243	311	186	325	415	308	115	275	177	109	168	113	318	0	352	230	187	323	351	357	498	225	|
|247	370	186	205	374	228	175	421	254	112	5	182	175	86	443	356	312	132	206	193	226	251	311	253	226	447	382	382	134	83	421	421	320	418	313	239	95	352	0	196	237	30	19	6	230	224	|
|260	201	337	107	226	84	256	226	81	169	195	297	145	163	252	337	118	234	45	83	68	251	150	213	274	253	190	199	199	117	254	226	128	329	294	148	231	230	196	0	240	178	184	198	272	29	|
|20	264	207	140	234	180	95	411	216	127	241	143	97	153	372	120	329	361	283	159	308	448	217	53	56	441	327	419	348	238	296	406	285	202	77	117	164	187	237	240	0	208	245	242	446	257	|
|219	344	181	177	346	202	152	404	230	82	34	167	145	56	420	328	295	156	193	166	215	265	284	223	201	430	359	369	152	74	394	404	298	388	285	210	79	323	30	178	208	0	37	35	250	206	|
|256	364	205	202	370	222	188	408	246	118	15	199	177	92	433	364	298	119	191	188	210	233	305	257	238	433	371	366	118	68	415	408	309	421	321	238	111	351	19	184	245	37	0	17	214	212	|
|253	374	190	210	378	232	180	423	257	117	2	187	180	91	446	362	313	127	206	197	226	246	315	258	232	448	384	382	130	83	425	423	322	423	319	244	100	357	6	198	242	35	17	0	225	226	|
|460	469	408	356	498	351	402	422	353	322	225	412	359	296	494	563	330	102	239	333	235	54	422	444	449	436	436	348	98	208	521	427	381	591	518	400	325	498	230	272	446	250	214	225	0	285	|
|278	184	364	119	215	87	280	198	72	195	224	323	165	190	227	348	90	255	46	98	61	259	139	226	294	225	165	172	219	145	237	197	103	329	306	157	258	225	224	29	257	206	212	226	285	0	|

--------------------------------------------------------------------------------
Building model...
	using lazy and cut (CVRPSEP package)
Solving IRP LP...
--------------------------------------------------------------------------------

Gurobi 9.1.0 (linux64) logging started Sat Jan  9 02:29:34 2021

Gurobi Optimizer version 9.1.0 build v9.1.0rc0 (linux64)
Thread count: 32 physical cores, 32 logical processors, using up to 2 threads
Optimize a model with 1690 rows, 10318 columns and 32878 nonzeros
Model fingerprint: 0x6cd601b5
Variable types: 589 continuous, 9729 integer (414 binary)
Coefficient statistics:
  Matrix range     [1e+00, 1e+03]
  Objective range  [1e-01, 6e+02]
  Bounds range     [1e+00, 3e+02]
  RHS range        [1e+01, 6e+03]
Presolve removed 548 rows and 115 columns
Presolve time: 0.12s
Presolved: 1142 rows, 10203 columns, 27107 nonzeros
Variable types: 443 continuous, 9760 integer (9324 binary)

Root relaxation: objective 1.306174e+04, 974 iterations, 0.03 seconds

    Nodes    |    Current Node    |     Objective Bounds      |     Work
 Expl Unexpl |  Obj  Depth IntInf | Incumbent    BestBd   Gap | It/Node Time

     0     0 13061.7393    0  123          - 13061.7393      -     -    0s
     0     0 13329.5354    0  129          - 13329.5354      -     -    0s
     0     0 13356.6081    0  138          - 13356.6081      -     -    0s
     0     0 13356.6081    0  138          - 13356.6081      -     -    0s
     0     0 13813.4887    0  201          - 13813.4887      -     -    0s
     0     0 13844.1390    0  218          - 13844.1390      -     -    0s
     0     0 13846.1119    0  239          - 13846.1119      -     -    0s
     0     0 13850.2817    0  236          - 13850.2817      -     -    1s
     0     0 13851.4358    0  239          - 13851.4358      -     -    1s
     0     0 13851.4524    0  240          - 13851.4524      -     -    1s
     0     0 13926.9854    0  222          - 13926.9854      -     -    1s
     0     0 13933.0657    0  267          - 13933.0657      -     -    1s
     0     0 13933.0672    0  273          - 13933.0672      -     -    1s
     0     0 14105.7255    0  239          - 14105.7255      -     -    1s
     0     0 14112.2683    0  186          - 14112.2683      -     -    1s
     0     0 14112.7952    0  214          - 14112.7952      -     -    1s
     0     0 14233.2504    0  257          - 14233.2504      -     -    1s
     0     0 14244.0802    0  269          - 14244.0802      -     -    1s
     0     0 14244.5043    0  265          - 14244.5043      -     -    2s
     0     0 14296.7574    0  333          - 14296.7574      -     -    2s
     0     0 14299.1192    0  374          - 14299.1192      -     -    2s
     0     0 14300.4708    0  432          - 14300.4708      -     -    2s
     0     0 14320.0791    0  365          - 14320.0791      -     -    2s
     0     0 14322.9329    0  373          - 14322.9329      -     -    2s
     0     0 14323.8401    0  349          - 14323.8401      -     -    3s
     0     0 14340.8808    0  223          - 14340.8808      -     -    3s
     0     0 14346.8971    0  331          - 14346.8971      -     -    3s
     0     0 14347.2664    0  359          - 14347.2664      -     -    3s
     0     0 14350.0484    0  229          - 14350.0484      -     -    3s
     0     0 14350.0484    0  212          - 14350.0484      -     -    3s
     0     2 14366.6151    0  373          - 14366.6151      -     -    5s
    28    32 14422.7028    8  304          - 14370.0138      -   371   10s
   104   116 14685.9223   30  175          - 14370.0138      -   317   15s
   284   317 15496.7774   90   87          - 14370.0138      -   183   20s
   555   597 17717.9716  223   30          - 14370.0138      -   114   25s
   804   778 16324.7401  164  212          - 14388.1218      -  89.7   30s
   827   793 18534.6400  250  396          - 14409.0538      -  87.2   35s
   837   800 14829.2145   56  426          - 14425.7111      -  86.2   40s
   847   807 16237.7271  146  429          - 14428.8452      -  85.2   45s
   852   810 15059.6891   55  391          - 14428.8452      -  84.7   50s
   859   818 14433.1147   18  427          - 14429.8036      -   106   55s
   884   835 14481.6145   23  329          - 14444.0068      -   118   60s
   921   862 14540.0908   32  380          - 14444.0068      -   129   65s
   960   887 14703.6614   40  265          - 14444.0068      -   135   70s
   975   901 14680.0055   44  287          - 14444.0068      -   138   75s
  1033   943 14820.0361   58  296          - 14444.0068      -   144   80s
  1104   986 14894.6895   80  256          - 14444.0068      -   149   85s
  1174  1050 15074.3518   95  225          - 14444.0068      -   152   90s
  1254  1114 15370.4388  113  157          - 14444.0068      -   153   95s
  1369  1200 15816.7138  138  167          - 14444.0068      -   152  101s
  1479  1314 15968.8463  167  163          - 14444.0068      -   148  105s
  1631  1397 16730.2996  214   35          - 14444.0068      -   141  111s
  1734  1456 17079.1584  255    9          - 14444.0068      -   137  115s
  1823  1472 14497.6415   25  403          - 14444.0068      -   135  120s
  1901  1544 14566.2948   29  384          - 14444.0068      -   135  125s
  2016  1645 14597.5198   36  399          - 14444.0068      -   133  131s
  2098  1744 14633.5893   38  414          - 14444.0068      -   131  135s
  2373  1817 14641.2798   44  390          - 14444.0068      -   121  143s
* 2385  1766             494    20234.690000 14444.0068  28.6%   121  143s
  2457  1726 14647.1186   48  411 20234.6900 14444.0068  28.6%   119  146s
  2482  1749 14848.5509   58   72 20234.6900 14444.0068  28.6%   121  151s
  2516  1765 14968.1881   72   39 20234.6900 14444.0068  28.6%   122  155s
  2550  1804 15235.9524   82   97 20234.6900 14444.0068  28.6%   123  169s
  2576  1826 15353.4367   93  138 20234.6900 14444.0068  28.6%   124  173s
  2607  1857 15274.9595  105  128 20234.6900 14444.0068  28.6%   124  176s
  2648  1888 15308.5396  120   97 20234.6900 14444.0068  28.6%   124  180s
  2711  1918 15371.1336  145   86 20234.6900 14444.0068  28.6%   123  185s
  2762  1974 15406.7778  164   52 20234.6900 14444.0068  28.6%   123  190s
  2853  2014 15630.2519  202   69 20234.6900 14444.0068  28.6%   123  195s
  2887  2056 16172.3870  203   67 20234.6900 14444.0068  28.6%   122  200s
  2940  2056 16228.1869  220   64 20234.6900 14444.0068  28.6%   122  209s
  2958  2111 15800.7209  225  170 20234.6900 14444.0068  28.6%   122  213s
  3019  2285 15806.7443  237  150 20234.6900 14444.0068  28.6%   121  219s
  3055  2273 15944.3863  255   33 20234.6900 14444.0068  28.6%   121  220s
  3213  2454 15871.6355  273   25 20234.6900 14444.0068  28.6%   118  228s
  3409  2454 15656.9277  267   37 20234.6900 14444.0068  28.6%   114  231s
  3428  2757 16407.3046  320   23 20234.6900 14444.0068  28.6%   113  242s
  3795  2986 16347.1467  375   61 20234.6900 14444.0068  28.6%   105  272s
  4040  3151 17355.2300  448   21 20234.6900 14455.5661  28.6%   101  282s
  4240  3170 19257.6200  542    4 20234.6900 14455.5661  28.6%  97.4  285s
  4294  3227 14551.8332   28  536 20234.6900 14455.5661  28.6%  98.2  292s
  4316  3242 14676.6316   36  375 20234.6900 14455.5661  28.6%   100  296s
  4331  3269 14747.0171   39  317 20234.6900 14455.5661  28.6%   100  300s
  4360  3293 14698.5238   50  317 20234.6900 14455.5661  28.6%   101  315s
  4384  3329 14763.1634   62  251 20234.6900 14455.5661  28.6%   102  321s
  4420  3335 14809.2021   68  284 20234.6900 14455.5661  28.6%   103  331s
  4426  3380 14815.3836   69  280 20234.6900 14455.5661  28.6%   103  336s
  4471  3430 14873.3732   82  245 20234.6900 14455.5661  28.6%   104  342s
  4521  3517 14930.6532  100  247 20234.6900 14455.5661  28.6%   105  353s
  4608  3619 15027.6836  122  140 20234.6900 14455.5661  28.6%   105  362s
  4710  3693 15220.8109  152  135 20234.6900 14455.5661  28.6%   104  369s
  4728  3693 15260.6377  170  137 20234.6900 14455.5661  28.6%   104  370s
  4784  3951 15294.8340  194  175 20234.6900 14455.5661  28.6%   103  377s
  5014  3951 15869.2062  285   95 20234.6900 14455.5661  28.6%   101  381s
  5042  4273 15643.7262  274  123 20234.6900 14455.5661  28.6%   100  393s
  5150  4273 16266.4535  341  109 20234.6900 14455.5661  28.6%  99.5  395s
  5364  4685 16416.3557  353  121 20234.6900 14455.5661  28.6%  97.6  406s
  5640  4685 17779.9509  432   44 20234.6900 14455.5661  28.6%  95.2  410s
  5834  4787 17989.1998  440   74 20234.6900 14458.2927  28.5%  93.2  418s
  5981  4821 14633.2162   24  450 20234.6900 14458.3438  28.5%  92.9  425s
  6015  4856 14739.0602   35  416 20234.6900 14458.3438  28.5%  93.8  432s
  6050  4867 14862.1486   46  439 20234.6900 14458.3438  28.5%  94.7  448s
  6061  5025 14875.6319   51  412 20234.6900 14458.3438  28.5%  94.9  455s
  6219  5221 15018.7529   77  244 20234.6900 14458.3438  28.5%  94.2  465s
  6314  5221 17086.8889  254   39 20234.6900 14458.3438  28.5%  93.7  470s
  6456  5393 15367.9033  136  169 20234.6900 14458.3438  28.5%  92.3  480s
  6619  5678 16135.1746  283  108 20234.6900 14458.3438  28.5%  91.6  492s
  6800  5678 17244.8317  463   60 20234.6900 14458.3438  28.5%  89.6  495s
  6906  5727 19567.1259  554   23 20234.6900 14466.3885  28.5%  89.3  501s
  6973  5772 14774.8751   34  459 20234.6900 14466.3885  28.5%  90.3  519s
  7022  5942 14974.9631   46  351 20234.6900 14466.3885  28.5%  91.2  529s
  7041  5942 15215.4464   65  349 20234.6900 14466.3885  28.5%  91.4  530s
  7229  6631 15314.3473   73  226 20234.6900 14466.3885  28.5%  90.4  547s
  7409  6631 16347.8242  253   68 20234.6900 14466.3885  28.5%  89.1  550s
  7702  6656 16918.1300  204    8 20234.6900 14466.3885  28.5%  86.3  555s
  7864  6694 17589.7400  245   10 20234.6900 14466.3885  28.5%  84.8  562s
  8044  6735 18894.4467  302   11 20234.6900 14466.3885  28.5%  83.2  565s
  8132  6761     cutoff  475      20234.6900 14472.6850  28.5%  83.0  574s
  8184  6834 14825.5767   41  383 20234.6900 14473.1743  28.5%  84.5  582s
  8257  7065 15283.2458   84  185 20234.6900 14473.1743  28.5%  85.5  593s
  8329  7065 15883.7919  156   48 20234.6900 14473.1743  28.5%  85.4  595s
  8522  7245 17432.2933  272   41 20234.6900 14478.3100  28.4%  85.1  608s
* 8594  6314             342    18203.710000 14478.3100  20.5%  84.5  609s
  8672  6314     cutoff  415      18203.7100 14478.3100  20.5%  83.8  610s
  8745  6385 17785.4200  328    - 18203.7100 14478.7965  20.5%  84.8  643s
  8842  6387 15127.6785  143   75 18203.7100 14478.7965  20.5%  85.3  645s
  8882  6782 17857.6500  328    - 18203.7100 14478.8158  20.5%  85.0  658s
  9020  6784 15226.4419  291   30 18203.7100 14479.9413  20.5%  84.8  660s
  9303  6830 17899.7800  328    - 18203.7100 14481.0620  20.4%  83.0  671s
  9358  7037 17930.4800  328    - 18203.7100 14481.6574  20.4%  84.3  682s
  9567  7091 17932.6100  328    - 18203.7100 14484.9900  20.4%  84.7  692s
  9635  7172 17946.0800  328    - 18203.7100 14488.0018  20.4%  86.0  701s
  9720  7416 17948.2100  328    - 18203.7100 14488.0018  20.4%  87.2  715s
  9858  7418 16497.6127   97   16 18203.7100 14490.0754  20.4%  88.1  721s
 10050  7494 17951.6000  328    - 18203.7100 14490.0754  20.4%  87.0  732s
 10098  7546 17953.7300  328    - 18203.7100 14490.6498  20.4%  88.3  741s
 10154  7676 14975.1016   44  258 18203.7100 14500.8782  20.3%  89.7  750s
 10282  8098 15387.6312   87   83 18203.7100 14500.8782  20.3%  90.8  765s
 10691  8098 15539.3503  189   31 18203.7100 14500.8782  20.3%  89.5  772s
 10704  8793 16299.9380  257   69 18203.7100 14500.9351  20.3%  89.4  785s
 11041  8793 15656.0057  252   39 18203.7100 14504.8288  20.3%  87.9  790s
 11388  8793 16708.4640  471   14 18203.7100 14504.8288  20.3%  85.8  795s
 11448  8995 14855.0785   45  316 18203.7100 14504.8288  20.3%  85.7  809s
 11513  8995 15679.1948  110  113 18203.7100 14504.8288  20.3%  85.9  810s
 11650  9247 16344.7674  157  128 18203.7100 14504.8424  20.3%  86.0  820s
 11943  9426 14851.8807   48  261 18203.7100 14506.8921  20.3%  85.5  832s
 12122  9665 16893.3309  153   14 18203.7100 14507.2138  20.3%  85.8  843s
 12231  9676 18153.0600  245    6 18203.7100 14507.2138  20.3%  85.2  845s
 12427  9710 infeasible  247      18203.7100 14508.0040  20.3%  85.2  858s
 12472  9988 14859.9109   44  352 18203.7100 14510.1439  20.3%  86.0  867s
 12604  9988 15584.6829  100   49 18203.7100 14510.1439  20.3%  86.3  870s
 12784 10151 15688.4328  122   55 18203.7100 14514.2829  20.3%  85.6  881s
 13000 10302 14801.4617   31  332 18203.7100 14514.9012  20.3%  85.6  894s
 13025 10302 15004.2289   47  270 18203.7100 14514.9012  20.3%  85.9  895s
 13128 11153 15094.2876   54   76 18203.7100 14514.9363  20.3%  86.2  911s
 13398 11153 15428.2900  276    7 18203.7100 14514.9363  20.3%  85.1  915s
 14099 11257 infeasible  443      18203.7100 14515.4305  20.3%  82.2  933s
 14123 11257 16550.4100  287    - 18203.7100 14516.6525  20.3%  82.6  937s
 14281 11365 14982.5558   48  414 18203.7100 14516.6525  20.3%  82.4  945s
 14380 11523 15897.8466   92  147 18203.7100 14519.6717  20.2%  82.9  956s
 14452 11523 16991.5174  164   40 18203.7100 14519.6717  20.2%  82.7  960s
 14561 11741 14863.7642   35  364 18203.7100 14519.7482  20.2%  83.1  972s
 14686 11741 15897.8813  126   67 18203.7100 14519.7482  20.2%  83.4  975s
 14785 11978 15397.8645   90  119 18203.7100 14520.6035  20.2%  83.0  986s
 15081 12034 17668.7100  263   17 18203.7100 14528.5922  20.2%  82.6  997s
 15130 12134 14935.5899   43  290 18203.7100 14528.5922  20.2%  83.3 1005s
 15230 12496 15332.8283   99  216 18203.7100 14528.5922  20.2%  83.9 1020s
 15536 12497 17116.7900  105    8 18203.7100 14528.5922  20.2%  83.4 1025s
 15661 12627 16408.2558  279   36 18203.7100 14531.2057  20.2%  83.0 1035s
 15787 12755 18050.1956  324   54 18203.7100 14531.2358  20.2%  83.4 1045s
 15934 12989 14645.4099   30  401 18203.7100 14531.2358  20.2%  83.9 1057s
 16200 13001 14673.4212   37  219 18203.7100 14531.2358  20.2%  83.7 1071s
 16216 13078 14676.3671   38  208 18203.7100 14531.2358  20.2%  83.8 1081s
 16296 13327 14985.0383   57  269 18203.7100 14531.2358  20.2%  84.4 1091s
 16530 13327 17344.3882  237   23 18203.7100 14531.2358  20.2%  84.5 1095s
 16547 13618 15314.9574   90   67 18203.7100 14531.2358  20.2%  84.4 1104s
 16565 13618 15338.9848   99   80 18203.7100 14531.2358  20.2%  84.4 1105s
 16873 13828 16417.9135  198   37 18203.7100 14531.2358  20.2%  84.1 1120s
 17095 13986 16582.2947  297   76 18203.7100 14536.9061  20.1%  84.2 1134s
 17167 13986 16818.0705  333   25 18203.7100 14536.9061  20.1%  84.0 1135s
 17305 14064     cutoff  383      18203.7100 14539.1815  20.1%  84.2 1144s
 17375 14306 15122.7258   42  354 18203.7100 14539.1815  20.1%  84.8 1155s
 17655 14407 15934.6927  125  103 18203.7100 14539.1815  20.1%  84.5 1215s
 17753 14583 16203.4600  174   12 18203.7100 14540.1648  20.1%  84.3 1227s
 17990 14597 14720.2285   33  424 18203.7100 14540.2203  20.1%  84.2 1247s
 17992 14649 14697.7946   34  416 18203.7100 14540.2203  20.1%  84.2 1254s
 18044 14733 14936.4069   45  285 18203.7100 14540.2203  20.1%  84.9 1264s
 18062 14733 15010.0302   56   46 18203.7100 14540.2203  20.1%  85.2 1265s
 18128 15401 15091.7401   72   29 18203.7100 14540.2203  20.1%  85.6 1282s
 18344 15423 16861.0875  186   18 18203.7100 14540.2203  20.1%  85.3 1285s
 18653 15428 15336.6954  353   50 18203.7100 14540.2203  20.1%  84.1 1290s
 18915 15511 15608.1387   96  112 18203.7100 14540.9266  20.1%  83.2 1303s
 19060 15549 18126.1000  489    8 18203.7100 14541.1050  20.1%  83.4 1305s
 19083 15628 17792.6500  209    - 18203.7100 14541.1969  20.1%  83.7 1313s
 19180 15846     cutoff  209      18203.7100 14543.6964  20.1%  84.2 1323s
 19413 15962 infeasible  223      18203.7100 14543.7820  20.1%  83.9 1335s
 19547 16030 14997.9077   43  401 18203.7100 14544.8965  20.1%  84.2 1345s
 19615 16170 15418.5143   72  163 18203.7100 14544.8965  20.1%  84.8 1354s
 19651 16170 15584.3832  108   86 18203.7100 14544.8965  20.1%  84.9 1355s
 19755 16488 15614.6869  151  139 18203.7100 14545.1645  20.1%  85.1 1367s
 19938 16494 14644.6356   27  480 18203.7100 14545.1645  20.1%  84.7 1370s
 20106 16528 infeasible  315      18203.7100 14547.4209  20.1%  84.6 1380s
 20152 16705 14754.2698   33  407 18203.7100 14547.4209  20.1%  85.1 1391s
 20361 16762 14952.9320   43  280 18203.7100 14547.4209  20.1%  85.1 1402s
 20412 16910 15162.0717   56  134 18203.7100 14547.4209  20.1%  85.8 1412s
 20560 16968 15370.9696   74  209 18203.7100 14547.4209  20.1%  86.2 1428s
 20618 17288 15822.6900  102   23 18203.7100 14547.4209  20.1%  86.5 1448s
 20690 17288 15837.3337  138   51 18203.7100 14547.4209  20.1%  86.7 1450s
 20991 17576 15730.2410  144   91 18203.7100 14548.3137  20.1%  86.1 1467s
 21194 17580 16816.5756  246   22 18203.7100 14548.3137  20.1%  85.9 1470s
 21378 17602     cutoff  276      18203.7100 14551.4156  20.1%  85.7 1483s
 21399 17664 14890.2762   33  368 18203.7100 14551.8350  20.1%  86.0 1491s
 21461 17875 15493.4623   56  174 18203.7100 14551.8350  20.1%  86.6 1502s
 21595 17876 16646.1150  134   90 18203.7100 14551.8350  20.1%  86.7 1505s
 21698 17964 16752.7247  135   30 18203.7100 14553.4980  20.1%  86.6 1517s
 21807 18019 18149.3671  203   42 18203.7100 14554.0174  20.0%  86.9 1529s
 21887 18205 infeasible  213      18203.7100 14554.0342  20.0%  87.3 1541s
 22098 18342 15305.8747   53  117 18203.7100 14555.3665  20.0%  87.4 1555s
 22261 18414 17941.4520  167   47 18203.7100 14555.5202  20.0%  87.6 1566s
 22356 18537     cutoff  186      18203.7100 14556.2220  20.0%  88.0 1578s
 22492 18538 18159.7500  184   26 18203.7100 14559.9918  20.0%  88.2 1580s
 22502 18602 14970.7201   48  312 18203.7100 14559.9918  20.0%  88.3 1591s
 22587 18743 16049.7756   91   62 18203.7100 14564.2524  20.0%  88.7 1603s
 22678 18743 17584.5108  181   73 18203.7100 14564.2524  20.0%  88.6 1605s
 22758 18817 14729.8723   30  450 18203.7100 14564.3765  20.0%  88.9 1614s
 22832 19036 15123.0353   55  268 18203.7100 14564.3765  20.0%  89.3 1626s
 23051 19371 15784.5995  153   52 18203.7100 14564.4102  20.0%  89.3 1640s
 23432 19407 17568.1300  355   19 18203.7100 14564.6741  20.0%  88.7 1654s
 23450 19413 17723.8300  363    - 18203.7100 14564.6741  20.0%  88.6 1655s
 23523 19511 17998.2400  363   18 18203.7100 14564.7449  20.0%  89.0 1665s
 23612 19698 14978.3334   42  101 18203.7100 14564.7449  20.0%  89.4 1677s
 23805 19704 17769.1200  208    4 18203.7100 14564.7449  20.0%  89.3 1682s
 23827 19873 15317.9559   67   37 18203.7100 14564.7449  20.0%  89.4 1694s
 23863 19873 15276.8404   92   26 18203.7100 14564.7449  20.0%  89.4 1695s
 24017 20078 15445.4590  163   63 18203.7100 14564.9110  20.0%  89.5 1709s
 24072 20088 16352.5400  184    - 18203.7100 14564.9110  20.0%  89.4 1710s
 24444 20234     cutoff  255      18203.7100 14565.5761  20.0%  88.7 1722s
 24509 20427 14947.5799   36  335 18203.7100 14565.5761  20.0%  89.2 1734s
 24687 20445 17170.8267  204   30 18203.7100 14565.5761  20.0%  89.2 1737s
 24773 20557 15125.7452   44  133 18203.7100 14565.5761  20.0%  89.1 1748s
 24856 20557     cutoff  265      18203.7100 14565.5761  20.0%  89.2 1750s
 24881 20687 16221.6246   83   49 18203.7100 14566.0238  20.0%  89.4 1761s
 25032 20845 17979.2233  121   14 18203.7100 14566.5594  20.0%  89.6 1773s
 25216 20946 18174.3112  123   24 18203.7100 14566.5677  20.0%  89.7 1784s
 25350 20975 14818.1066   44  340 18203.7100 14566.5837  20.0%  89.9 1799s
 25378 21134 14978.8357   60  154 18203.7100 14566.5837  20.0%  90.1 1809s
 25414 21134 15182.1739   81   34 18203.7100 14566.5837  20.0%  90.2 1810s
 25557 21311 15607.5184  112   60 18203.7100 14566.6913  20.0%  90.3 1821s
 25798 21394 17881.3200  288    - 18203.7100 14566.7883  20.0%  90.1 1833s
 25869 21593 17953.1300  288    - 18203.7100 14569.3882  20.0%  90.6 1849s
 25941 21597 15594.7718  132   31 18203.7100 14571.7751  20.0%  90.7 1850s
 26141 21672 17961.3300  288    - 18203.7100 14571.8268  20.0%  90.3 1862s
 26220 21686 18010.2700  288    2 18203.7100 14572.5987  19.9%  90.7 1876s
 26243 21729 infeasible  290      18203.7100 14573.2170  19.9%  90.9 1885s
 26291 21796 15101.5365   50  184 18203.7100 14573.2170  19.9%  91.3 1894s
 26358 22004 15322.3566   87  317 18203.7100 14573.2170  19.9%  91.6 1905s
 26566 22158 16194.0523  152  144 18203.7100 14573.9322  19.9%  91.6 1919s
 26584 22158 16438.3370  170  107 18203.7100 14573.9322  19.9%  91.6 1920s
 26775 22208 14715.3823   33  393 18203.7100 14573.9548  19.9%  91.5 1931s
 26809 22268 14811.7890   42  334 18203.7100 14573.9548  19.9%  91.9 1942s
 26869 22565 15020.7576   50  232 18203.7100 14573.9548  19.9%  92.3 1959s
 26984 22565 15827.5559  152   22 18203.7100 14573.9548  19.9%  92.4 1961s
 27186 22613 15113.8704   54  324 18203.7100 14573.9548  19.9%  92.0 1972s
 27234 22770 15260.0280   69  207 18203.7100 14573.9548  19.9%  92.4 1982s
 27399 23112 15616.5265   79   52 18203.7100 14573.9548  19.9%  92.6 1998s
 27564 23116 17080.5147  212   10 18203.7100 14573.9548  19.9%  92.5 2000s
 27770 23274 17334.5646  204   75 18203.7100 14574.8040  19.9%  92.2 2014s
 27869 23274 17656.2226  211   12 18203.7100 14574.8373  19.9%  92.2 2015s
 27967 23344 14991.5809   56  301 18203.7100 14574.8373  19.9%  92.0 2024s
 28012 23344 15889.8476  101   56 18203.7100 14574.8373  19.9%  92.1 2025s
 28037 23411 16137.0690  116   68 18203.7100 14574.8546  19.9%  92.4 2034s
 28055 23411 16316.0818  134   43 18203.7100 14574.8546  19.9%  92.3 2035s
 28124 23574 17456.2850  164   40 18203.7100 14575.3284  19.9%  92.6 2046s
 28320 23639 18072.5900  182    - 18203.7100 14575.4500  19.9%  92.6 2058s
 28411 23703 infeasible  198      18203.7100 14576.2665  19.9%  92.6 2069s
 28503 23808 15023.2179   42  220 18203.7100 14576.3990  19.9%  92.8 2081s
 28608 23992 15568.6492   82  169 18203.7100 14577.4905  19.9%  93.1 2094s
 28626 23992 15823.8382  100   87 18203.7100 14577.4905  19.9%  93.1 2095s
 28872 24097 infeasible  224      18203.7100 14577.7111  19.9%  92.9 2108s
 28977 24144 15073.2241   33  336 18203.7100 14577.8076  19.9%  93.1 2122s
 29021 24318 15513.4473   58  206 18203.7100 14577.8076  19.9%  93.4 2132s
 29201 24532 17621.5983  177   44 18203.7100 14580.1388  19.9%  93.5 2146s
 29472 24577     cutoff  251      18203.7100 14580.7943  19.9%  93.1 2159s
 29505 24638 15353.5684   58  179 18203.7100 14580.9661  19.9%  93.5 2173s
 29566 24789 16261.2125  101  112 18203.7100 14580.9777  19.9%  93.8 2185s
 29738 24924 14690.5018   27  513 18203.7100 14580.9777  19.9%  93.8 2199s
 29751 24924 16378.2986   88  221 18203.7100 14580.9777  19.9%  94.0 2200s
 29890 24941 15015.3639   40  294 18203.7100 14580.9777  19.9%  93.9 2211s
 29907 24983 15052.4631   48  286 18203.7100 14580.9777  19.9%  94.1 2221s
 29949 25201 15385.9556   75   12 18203.7100 14581.5307  19.9%  94.4 2233s
 30058 25207 16662.9754  174   24 18203.7100 14581.5307  19.9%  94.3 2235s
 30199 25346 17922.5350  235    9 18203.7100 14582.1930  19.9%  94.2 2247s
 30351 25606     cutoff  238      18203.7100 14582.2335  19.9%  94.3 2264s
 30697 25683 15205.9239   63  318 18203.7100 14582.4259  19.9%  93.9 2277s
 30752 25900 15530.0020   99  221 18203.7100 14582.4259  19.9%  94.2 2289s
 30770 25900 15667.0832  117  145 18203.7100 14582.4259  19.9%  94.3 2290s
 30975 25934 17866.7600  309   17 18203.7100 14583.3181  19.9%  94.0 2302s
 31021 26048 14901.9146   38  299 18203.7100 14583.3181  19.9%  94.4 2312s
 31135 26282 15613.2327  107   25 18203.7100 14583.3434  19.9%  94.6 2326s
 31442 26333     cutoff  244      18203.7100 14584.1524  19.9%  94.2 2339s
 31484 26361 14813.9069   40  400 18203.7100 14584.5510  19.9%  94.5 2350s
 31513 26439 15133.5898   55  333 18203.7100 14584.5510  19.9%  94.9 2359s
 31557 26439 15718.0712   99  163 18203.7100 14584.5510  19.9%  95.0 2360s
 31591 26618 15856.6854  115  135 18203.7100 14585.8174  19.9%  95.2 2371s
