




arguments: ./build/mirp_solver -f ./input/orig_exec_322.cfg
Current dir: /scratch/gui/bnc_mirp
File verbosity level: 9
date       time         ( uptime  ) [ thread name/id ]                   file:line     v| 
2021-01-18 02:21:13.106 (   0.230s) [main thread     ]             loguru.cpp:789   INFO| Logging to './output/vi_cus/OU/V4/Original/execution_18_01_2021_02_21_12.log', mode: 'a', verbosity: 9
--------------------------------------------------------------------------------
Parameters
                           instance_path           ./input/Instances/Original/1/
                            model_policy                                       1
                             nb_vehicles                                       4
                              output_dir         ./output/vi_cus/OU/V4/Original/
                            sec_strategy                                       1
                       solver_nb_threads                                       2
                         solver_show_log                                    true
                       solver_time_limit                                    3600
                              use_vi_cos                                   false
                              use_vi_cus                                    true
                         use_vi_hc1_full                                   false
                         use_vi_hc1_half                                   false
                      use_vi_hc1_quarter                                   false
                              use_vi_hc2                                   false
                              use_vi_hc3                                   false
                         use_vi_lex_full                                   false
                         use_vi_lex_half                                   false
                      use_vi_lex_quarter                                   false
                              use_vi_qua                                   false
                               use_vi_vc                                   false
                               use_vi_vr                                   false
--------------------------------------------------------------------------------
executing instance: ./input/Instances/Original/1/absH3high_1n5.dat
--------------------------------------------------------------------------------
Instance details
n	6
H	3
C	289
Li:
[0, 0, 0, 0, 0, 0, ]
Ui:
[0, 195, 105, 116, 72, 22, ]
Distance matrix:
|0	85	349	17	203	289	|
|85	0	265	102	214	226	|
|349	265	0	366	368	238	|
|17	102	366	0	207	302	|
|203	214	368	207	0	431	|
|289	226	238	302	431	0	|

--------------------------------------------------------------------------------
Building model...
	using lazy and cut (CVRPSEP package)
Solving IRP LP...
--------------------------------------------------------------------------------

Gurobi 9.1.0 (linux64) logging started Mon Jan 18 02:21:13 2021

Gurobi Optimizer version 9.1.0 build v9.1.0rc0 (linux64)
Thread count: 32 physical cores, 32 logical processors, using up to 2 threads
Optimize a model with 210 rows, 336 columns and 1167 nonzeros
Model fingerprint: 0xdb6dd5d1
Variable types: 84 continuous, 252 integer (72 binary)
Coefficient statistics:
  Matrix range     [1e+00, 2e+02]
  Objective range  [2e-01, 4e+02]
  Bounds range     [1e+00, 2e+02]
  RHS range        [1e+01, 5e+02]
Presolve removed 24 rows and 6 columns
Presolve time: 0.00s
Presolved: 186 rows, 330 columns, 1012 nonzeros
Variable types: 78 continuous, 252 integer (192 binary)
Found heuristic solution: objective 4041.3900000

Root relaxation: objective 1.817850e+03, 391 iterations, 0.01 seconds

    Nodes    |    Current Node    |     Objective Bounds      |     Work
 Expl Unexpl |  Obj  Depth IntInf | Incumbent    BestBd   Gap | It/Node Time

     0     0 1817.85045    0   35 4041.39000 1817.85045  55.0%     -    0s
H    0     0                    3464.7100000 1817.85045  47.5%     -    0s
     0     0 1961.35357    0   53 3464.71000 1961.35357  43.4%     -    0s
H    0     0                    2886.3500000 1961.35357  32.0%     -    0s
     0     0 2325.88075    0   58 2886.35000 2325.88075  19.4%     -    0s
     0     0 2327.41729    0   63 2886.35000 2327.41729  19.4%     -    0s
     0     0 2350.58916    0   82 2886.35000 2350.58916  18.6%     -    0s
H    0     0                    2824.6500000 2350.58916  16.8%     -    0s
     0     0 2350.60065    0   78 2824.65000 2350.60065  16.8%     -    0s
     0     0 2376.74895    0   66 2824.65000 2376.74895  15.9%     -    0s
     0     0 2377.21338    0   67 2824.65000 2377.21338  15.8%     -    0s
     0     0 2377.83342    0   67 2824.65000 2377.83342  15.8%     -    0s
     0     0 2378.47952    0   79 2824.65000 2378.47952  15.8%     -    0s
     0     0 2378.76283    0   81 2824.65000 2378.76283  15.8%     -    0s
     0     0 2404.58646    0   63 2824.65000 2404.58646  14.9%     -    0s
     0     0 2406.28879    0   73 2824.65000 2406.28879  14.8%     -    0s
     0     0 2406.77200    0   73 2824.65000 2406.77200  14.8%     -    0s
     0     0 2424.55695    0   62 2824.65000 2424.55695  14.2%     -    0s
     0     0 2433.63937    0   62 2824.65000 2433.63937  13.8%     -    0s
     0     0 2433.81743    0   67 2824.65000 2433.81743  13.8%     -    0s
     0     0 2452.39590    0   73 2824.65000 2452.39590  13.2%     -    0s
H    0     0                    2703.3300000 2452.39590  9.28%     -    0s
     0     0 2456.11285    0   81 2703.33000 2456.11285  9.14%     -    0s
     0     0 2457.74934    0   85 2703.33000 2457.74934  9.08%     -    0s
     0     0 2457.93269    0   92 2703.33000 2457.93269  9.08%     -    0s
     0     0 2482.56305    0   59 2703.33000 2482.56305  8.17%     -    0s
     0     0 2489.82167    0   82 2703.33000 2489.82167  7.90%     -    0s
     0     0 2490.91861    0   85 2703.33000 2490.91861  7.86%     -    0s
     0     0 2491.10168    0   92 2703.33000 2491.10168  7.85%     -    0s
     0     0 2498.49334    0  103 2703.33000 2498.49334  7.58%     -    0s
     0     0 2501.59048    0   97 2703.33000 2501.59048  7.46%     -    0s
     0     0 2501.64874    0   83 2703.33000 2501.64874  7.46%     -    0s
     0     0 2505.69505    0   78 2703.33000 2505.69505  7.31%     -    0s
     0     0 2519.54412    0  108 2703.33000 2519.54412  6.80%     -    0s
     0     0 2525.17844    0   74 2703.33000 2525.17844  6.59%     -    0s
     0     0 2525.17844    0   91 2703.33000 2525.17844  6.59%     -    0s
     0     0 2551.86791    0   81 2703.33000 2551.86791  5.60%     -    0s
     0     0 2554.71666    0   80 2703.33000 2554.71666  5.50%     -    0s
     0     0 2554.71666    0   75 2703.33000 2554.71666  5.50%     -    0s
     0     0 2618.52729    0   91 2703.33000 2618.52729  3.14%     -    0s
     0     0 2618.59364    0   74 2703.33000 2618.59364  3.13%     -    0s
     0     0 2618.85159    0   96 2703.33000 2618.85159  3.12%     -    0s
     0     0 2692.64125    0   25 2703.33000 2692.64125  0.40%     -    0s
     0     0 2693.51967    0   15 2703.33000 2693.51967  0.36%     -    0s
     0     0 2694.70310    0    7 2703.33000 2694.70310  0.32%     -    0s
     0     0 2694.70310    0    7 2703.33000 2694.70310  0.32%     -    0s

Explored 1 nodes (2522 simplex iterations) in 0.41 seconds
Thread count was 2 (of 32 available processors)

Solution count 5: 2703.33 2824.65 2886.35 ... 4041.39

Optimal solution found (tolerance 1.00e-04)
Best objective 2.703330000000e+03, best bound 2.703330000000e+03, gap 0.0000%

User-callback calls 387, time in user-callback 0.02 sec
================================================================================
executing instance: ./input/Instances/Original/1/absH3high_1n45.dat
--------------------------------------------------------------------------------
Instance details
n	46
H	3
C	3462
Li:
[0, 0, 0, 0, 0, 0, 0, 0, 0, 0, 0, 0, 0, 0, 0, 0, 0, 0, 0, 0, 0, 0, 0, 0, 0, 0, 0, 0, 0, 0, 0, 0, 0, 0, 0, 0, 0, 0, 0, 0, 0, 0, 0, 0, 0, 0, ]
Ui:
[0, 273, 270, 36, 165, 192, 148, 45, 30, 75, 180, 198, 112, 117, 90, 64, 180, 22, 264, 174, 168, 270, 86, 66, 26, 66, 237, 156, 92, 108, 144, 72, 30, 45, 94, 54, 174, 96, 198, 136, 44, 180, 210, 249, 198, 48, ]
Distance matrix:
|0	281	201	160	249	201	93	431	236	139	252	136	116	166	390	110	349	374	303	180	327	464	236	70	44	461	346	439	363	254	312	426	305	206	71	137	169	200	247	260	20	219	256	253	460	278	|
|281	0	448	170	53	142	338	184	121	290	371	390	222	302	111	289	169	434	230	177	238	441	59	212	319	211	86	235	399	306	53	176	99	202	263	157	361	101	370	201	264	344	364	374	469	184	|
|201	448	0	285	430	325	114	556	361	171	191	64	228	174	546	294	453	306	364	289	388	435	393	254	157	585	491	536	318	254	490	554	436	407	266	292	108	388	186	337	207	181	205	190	408	364	|
|160	170	285	0	169	43	182	280	80	120	208	231	58	132	262	230	190	294	151	24	174	345	112	107	183	309	207	280	268	158	219	276	155	235	187	45	192	150	205	107	140	177	202	210	356	119	|
|249	53	430	169	0	152	317	238	145	282	377	369	212	299	157	242	215	452	261	183	273	474	76	181	290	264	140	287	421	320	63	229	145	148	221	142	352	53	374	226	234	346	370	378	498	215	|
|201	142	325	43	152	0	224	237	37	156	230	273	101	164	224	261	148	300	127	38	147	333	83	142	225	266	167	238	270	168	193	233	112	246	221	70	228	148	228	84	180	202	222	232	351	87	|
|93	338	114	182	317	224	0	460	262	92	180	52	124	112	440	199	364	307	292	191	317	415	284	140	57	490	387	452	304	208	377	457	336	297	163	181	84	274	175	256	95	152	188	180	402	280	|
|431	184	556	280	238	237	460	0	199	385	420	508	337	385	108	464	110	429	219	269	206	378	202	365	460	30	98	84	388	340	204	9	126	386	432	294	453	283	421	226	411	404	408	423	422	198	|
|236	121	361	80	145	37	262	199	0	191	255	310	138	197	191	290	114	312	118	72	133	330	69	175	262	229	132	204	279	186	174	195	75	258	251	102	262	153	254	81	216	230	246	257	353	72	|
|139	290	171	120	282	156	92	385	191	0	116	129	71	27	380	246	283	235	201	119	226	329	231	141	129	414	323	367	224	119	336	383	266	308	202	141	72	252	112	169	127	82	118	117	322	195	|
|252	371	191	208	377	230	180	420	255	116	0	187	178	90	443	361	311	127	204	195	224	246	313	257	232	446	382	380	129	81	423	421	320	422	318	242	100	355	5	195	241	34	15	2	225	224	|
|136	390	64	231	369	273	52	508	310	129	187	0	173	141	491	233	409	313	330	239	355	431	335	191	93	538	438	495	316	233	429	505	385	342	203	233	88	325	182	297	143	167	199	187	412	323	|
|116	222	228	58	212	101	124	337	138	71	178	173	0	91	319	206	244	284	187	69	212	357	165	85	130	367	265	333	264	151	267	333	213	244	161	70	140	181	175	145	97	145	177	180	359	165	|
|166	302	174	132	299	164	112	385	197	27	90	141	91	0	388	273	280	208	191	127	215	305	243	167	153	413	329	361	198	96	351	383	270	333	229	159	68	272	86	163	153	56	92	91	296	190	|
|390	111	546	262	157	224	440	108	191	380	443	491	319	388	0	399	164	480	264	261	261	456	156	320	426	125	62	186	442	369	107	99	125	300	374	260	452	210	443	252	372	420	433	446	494	227	|
|110	289	294	230	242	261	199	464	290	246	361	233	206	273	399	0	402	480	382	254	404	562	262	124	143	493	369	490	466	355	302	457	344	135	45	191	279	189	356	337	120	328	364	362	563	348	|
|349	169	453	190	215	148	364	110	114	283	311	409	244	280	164	402	0	324	110	174	101	292	151	289	372	135	109	90	284	230	212	111	70	354	364	216	348	245	312	118	329	295	298	313	330	90	|
|374	434	306	294	452	300	307	429	312	235	127	313	284	208	480	480	324	0	216	274	223	137	380	368	357	448	419	367	40	136	487	432	358	525	436	336	227	443	132	234	361	156	119	127	102	255	|
|303	230	364	151	261	127	292	219	118	201	204	330	187	191	264	382	110	216	0	128	25	213	185	258	314	243	203	176	178	123	282	221	144	372	338	193	256	270	206	45	283	193	191	206	239	46	|
|180	177	289	24	183	38	191	269	72	119	195	239	69	127	261	254	174	274	128	0	151	321	118	130	198	299	204	263	246	139	228	266	147	258	211	68	191	169	193	83	159	166	188	197	333	98	|
|327	238	388	174	273	147	317	206	133	226	224	355	212	215	261	404	101	223	25	151	0	203	198	281	339	228	202	156	184	143	288	209	146	390	362	215	280	286	226	68	308	215	210	226	235	61	|
|464	441	435	345	474	333	415	378	330	329	246	431	357	305	456	562	292	137	213	321	203	0	398	440	458	390	400	301	117	211	492	384	348	578	517	389	344	480	251	251	448	265	233	246	54	259	|
|236	59	393	112	76	83	284	202	69	231	313	335	165	243	156	262	151	380	185	118	198	398	0	167	270	231	110	233	347	250	110	195	85	203	230	103	303	95	311	150	217	284	305	315	422	139	|
|70	212	254	107	181	142	140	365	175	141	257	191	85	167	320	124	289	368	258	130	281	440	167	0	109	394	277	378	349	236	244	359	239	167	81	73	196	135	253	213	53	223	257	258	444	226	|
|44	319	157	183	290	225	57	460	262	129	232	93	130	153	426	143	372	357	314	198	339	458	270	109	0	490	379	462	351	247	353	456	334	250	110	168	140	243	226	274	56	201	238	232	449	294	|
|461	211	585	309	264	266	490	30	229	414	446	538	367	413	125	493	135	448	243	299	228	390	231	394	490	0	125	89	408	365	226	36	156	412	462	324	481	311	447	253	441	430	433	448	436	225	|
|346	86	491	207	140	167	387	98	132	323	382	438	265	329	62	369	109	419	203	204	202	400	110	277	379	125	0	155	381	307	113	90	63	288	339	211	394	186	382	190	327	359	371	384	436	165	|
|439	235	536	280	287	238	452	84	204	367	380	495	333	361	186	490	90	367	176	263	156	301	233	378	462	89	155	0	326	299	267	92	148	432	454	306	429	325	382	199	419	369	366	382	348	172	|
|363	399	318	268	421	270	304	388	279	224	129	316	264	198	442	466	284	40	178	246	184	117	347	349	351	408	381	326	0	113	452	391	321	502	422	311	229	415	134	199	348	152	118	130	98	219	|
|254	306	254	158	320	168	208	340	186	119	81	233	151	96	369	355	230	136	123	139	143	211	250	236	247	365	307	299	113	0	359	340	244	390	310	200	148	308	83	117	238	74	68	83	208	145	|
|312	53	490	219	63	193	377	204	174	336	423	429	267	351	107	302	212	487	282	228	288	492	110	244	353	226	113	267	452	359	0	195	145	194	283	199	407	115	421	254	296	394	415	425	521	237	|
|426	176	554	276	229	233	457	9	195	383	421	505	333	383	99	457	111	432	221	266	209	384	195	359	456	36	90	92	391	340	195	0	122	378	426	289	451	275	421	226	406	404	408	423	427	197	|
|305	99	436	155	145	112	336	126	75	266	320	385	213	270	125	344	70	358	144	147	146	348	85	239	334	156	63	148	321	244	145	122	0	286	310	168	336	177	320	128	285	298	309	322	381	103	|
|206	202	407	235	148	246	297	386	258	308	422	342	244	333	300	135	354	525	372	258	390	578	203	167	250	412	288	432	502	390	194	378	286	0	144	191	362	109	418	329	202	388	421	423	591	329	|
|71	263	266	187	221	221	163	432	251	202	318	203	161	229	374	45	364	436	338	211	362	517	230	81	110	462	339	454	422	310	283	426	310	144	0	150	239	168	313	294	77	285	321	319	518	306	|
|137	157	292	45	142	70	181	294	102	141	242	233	70	159	260	191	216	336	193	68	215	389	103	73	168	324	211	306	311	200	199	289	168	191	150	0	210	113	239	148	117	210	238	244	400	157	|
|169	361	108	192	352	228	84	453	262	72	100	88	140	68	452	279	348	227	256	191	280	344	303	196	140	481	394	429	229	148	407	451	336	362	239	210	0	318	95	231	164	79	111	100	325	258	|
|200	101	388	150	53	148	274	283	153	252	355	325	181	272	210	189	245	443	270	169	286	480	95	135	243	311	186	325	415	308	115	275	177	109	168	113	318	0	352	230	187	323	351	357	498	225	|
|247	370	186	205	374	228	175	421	254	112	5	182	175	86	443	356	312	132	206	193	226	251	311	253	226	447	382	382	134	83	421	421	320	418	313	239	95	352	0	196	237	30	19	6	230	224	|
|260	201	337	107	226	84	256	226	81	169	195	297	145	163	252	337	118	234	45	83	68	251	150	213	274	253	190	199	199	117	254	226	128	329	294	148	231	230	196	0	240	178	184	198	272	29	|
|20	264	207	140	234	180	95	411	216	127	241	143	97	153	372	120	329	361	283	159	308	448	217	53	56	441	327	419	348	238	296	406	285	202	77	117	164	187	237	240	0	208	245	242	446	257	|
|219	344	181	177	346	202	152	404	230	82	34	167	145	56	420	328	295	156	193	166	215	265	284	223	201	430	359	369	152	74	394	404	298	388	285	210	79	323	30	178	208	0	37	35	250	206	|
|256	364	205	202	370	222	188	408	246	118	15	199	177	92	433	364	298	119	191	188	210	233	305	257	238	433	371	366	118	68	415	408	309	421	321	238	111	351	19	184	245	37	0	17	214	212	|
|253	374	190	210	378	232	180	423	257	117	2	187	180	91	446	362	313	127	206	197	226	246	315	258	232	448	384	382	130	83	425	423	322	423	319	244	100	357	6	198	242	35	17	0	225	226	|
|460	469	408	356	498	351	402	422	353	322	225	412	359	296	494	563	330	102	239	333	235	54	422	444	449	436	436	348	98	208	521	427	381	591	518	400	325	498	230	272	446	250	214	225	0	285	|
|278	184	364	119	215	87	280	198	72	195	224	323	165	190	227	348	90	255	46	98	61	259	139	226	294	225	165	172	219	145	237	197	103	329	306	157	258	225	224	29	257	206	212	226	285	0	|

--------------------------------------------------------------------------------
Building model...
	using lazy and cut (CVRPSEP package)
Solving IRP LP...
--------------------------------------------------------------------------------

Gurobi 9.1.0 (linux64) logging started Mon Jan 18 02:21:14 2021

Gurobi Optimizer version 9.1.0 build v9.1.0rc0 (linux64)
Thread count: 32 physical cores, 32 logical processors, using up to 2 threads
Optimize a model with 1570 rows, 13696 columns and 31687 nonzeros
Model fingerprint: 0xcb93330c
Variable types: 724 continuous, 12972 integer (552 binary)
Coefficient statistics:
  Matrix range     [1e+00, 9e+02]
  Objective range  [1e-01, 6e+02]
  Bounds range     [1e+00, 3e+02]
  RHS range        [1e+01, 6e+03]
Presolve removed 184 rows and 46 columns
Presolve time: 0.05s
Presolved: 1386 rows, 13650 columns, 30332 nonzeros
Variable types: 678 continuous, 12972 integer (12432 binary)

Root relaxation: objective 1.313329e+04, 1559 iterations, 0.04 seconds

    Nodes    |    Current Node    |     Objective Bounds      |     Work
 Expl Unexpl |  Obj  Depth IntInf | Incumbent    BestBd   Gap | It/Node Time

     0     0 13133.2868    0  139          - 13133.2868      -     -    0s
     0     0 13434.9823    0  180          - 13434.9823      -     -    0s
     0     0 13443.2717    0  173          - 13443.2717      -     -    0s
     0     0 13753.2816    0  255          - 13753.2816      -     -    1s
     0     0 13914.8020    0  240          - 13914.8020      -     -    1s
     0     0 13916.9455    0  239          - 13916.9455      -     -    1s
     0     0 14068.3002    0  226          - 14068.3002      -     -    1s
     0     0 14073.2617    0  231          - 14073.2617      -     -    1s
     0     0 14073.6834    0  238          - 14073.6834      -     -    1s
     0     0 14105.2826    0  261          - 14105.2826      -     -    1s
     0     0 14109.6114    0  290          - 14109.6114      -     -    2s
     0     0 14111.2469    0  267          - 14111.2469      -     -    2s
     0     0 14111.4980    0  295          - 14111.4980      -     -    2s
     0     0 14178.9864    0  273          - 14178.9864      -     -    2s
     0     0 14191.6337    0  316          - 14191.6337      -     -    3s
     0     0 14196.0444    0  286          - 14196.0444      -     -    3s
     0     0 14197.5865    0  317          - 14197.5865      -     -    3s
     0     0 14198.6065    0  371          - 14198.6065      -     -    3s
     0     0 14261.5207    0  348          - 14261.5207      -     -    4s
     0     0 14265.2492    0  321          - 14265.2492      -     -    4s
     0     0 14273.7357    0  332          - 14273.7357      -     -    4s
     0     0 14275.1192    0  324          - 14275.1192      -     -    5s
     0     0 14296.3691    0  318          - 14296.3691      -     -    5s
     0     0 14301.6728    0  402          - 14301.6728      -     -    5s
     0     0 14318.1709    0  442          - 14318.1709      -     -    6s
     0     0 14356.3721    0  415          - 14356.3721      -     -    6s
     0     0 14370.2320    0  385          - 14370.2320      -     -    7s
     0     0 14373.4882    0  444          - 14373.4882      -     -    7s
     0     0 14373.7328    0  469          - 14373.7328      -     -    7s
     0     0 14400.0003    0  461          - 14400.0003      -     -    7s
     0     0 14401.6414    0  473          - 14401.6414      -     -    8s
     0     0 14426.3748    0  421          - 14426.3748      -     -    8s
     0     0 14427.8887    0  449          - 14427.8887      -     -    8s
     0     0 14431.3564    0  366          - 14431.3564      -     -    9s
     0     0 14431.4646    0  366          - 14431.4646      -     -    9s
     0     0 14435.6902    0  418          - 14435.6902      -     -    9s
     0     0 14438.2208    0  393          - 14438.2208      -     -   10s
     0     2 14438.2208    0  325          - 14438.2208      -     -   12s
    19    22 14537.3088    8  470          - 14452.3477      -   641   15s
    46    50 14713.3320   14  337          - 14452.3477      -   661   20s
    77    81 14888.7818   22  226          - 14452.3477      -   636   25s
   121   131 15067.5789   34  311          - 14452.3477      -   562   30s
   181   196 15209.8071   51  153          - 14452.3477      -   461   35s
   267   293 15560.7954   70  179          - 14452.3477      -   387   40s
   383   434 16568.1385  109  125          - 14452.3477      -   319   45s
   585   633 18738.7955  196   33          - 14452.3477      -   235   50s
   789   861 20938.0668  317   18          - 14455.3157      -   187   55s
  1059  1064 23320.7500  431    4          - 14455.3157      -   149   60s
  1283  1155 18994.5350  226  128          - 14455.3157      -   131   65s
  1298  1165 14858.5162   43  517          - 14459.9402      -   129   70s
  1305  1170 19026.0000  222  591          - 14499.2698      -   129   75s
  1316  1177 22348.6600  404  473          - 14504.4559      -   128   80s
  1323  1182 15276.0870   60  476          - 14504.7250      -   127   87s
  1326  1187 14512.2966   11  490          - 14512.2966      -   142   93s
  1328  1188 14512.2966   12  505          - 14512.2966      -   144   97s
  1330  1190 14568.2683   12  511          - 14512.2966      -   145  101s
  1336  1194 14513.5956   14  515          - 14512.4890      -   149  105s
  1348  1203 14585.2181   17  416          - 14515.1675      -   156  111s
  1361  1212 14637.5653   19  416          - 14515.1675      -   162  116s
  1372  1222 14672.7660   22  385          - 14515.1675      -   167  120s
  1396  1239 14709.6994   28  373          - 14515.1675      -   172  125s
  1424  1256 14735.4776   35  335          - 14515.1675      -   179  130s
  1464  1288 14854.6139   44  313          - 14515.1675      -   185  136s
  1501  1316 15035.3448   53  268          - 14515.1675      -   190  140s
  1549  1355 15003.4322   65  252          - 14515.1675      -   194  146s
  1629  1408 15101.4573   84  240          - 14515.1675      -   194  151s
  1673  1431 15236.2238   94  234          - 14515.1675      -   195  156s
  1725  1480 15311.9294  107  236          - 14515.1675      -   196  160s
  1789  1523 15359.6643  120  214          - 14515.1675      -   196  165s
  1862  1566 15472.6589  134  243          - 14515.1675      -   196  170s
  1915  1606 15488.3959  146  222          - 14515.1675      -   197  175s
  1981  1661 15879.4402  160  172          - 14515.1675      -   197  181s
  2071  1720 15578.7306  175  243          - 14515.1675      -   195  188s
  2127  1747 15585.3462  183  228          - 14515.1675      -   194  191s
  2217  1806 15652.4463  196  245          - 14515.1675      -   192  198s
  2266  1842 15777.3076  203  209          - 14515.1675      -   191  202s
  2322  1875 15673.9798  210  236          - 14515.1675      -   190  206s
  2378  1919 15689.1874  218  206          - 14515.1675      -   190  210s
  2528  2058 15726.0964  237  210          - 14515.1675      -   189  219s
  2604  2033 18492.4592  414   90          - 14515.1675      -   187  220s
  2640  2114 15771.2809  248  199          - 14515.1675      -   186  226s
  2753  2121 15823.7649  259  178          - 14515.1675      -   184  230s
  2798  2140 15874.9519  279  169          - 14515.1675      -   184  235s
  2871  2207 16178.9182  310  177          - 14515.1675      -   185  243s
  2927  2222 16276.4924  334  140          - 14515.1675      -   186  247s
  2965  2263 infeasible  350               - 14515.1675      -   185  252s
  3020  2336 16379.5092  375  195          - 14515.1675      -   186  257s
  3112  2427 16661.6674  417  126          - 14515.1675      -   185  262s
  3235  2487 17976.8897  474  130          - 14527.4301      -   182  270s
  3374  2461 14535.2039   17  521          - 14527.6001      -   180  276s
  3395  2468 14606.7470   19  548          - 14527.6001      -   182  288s
  3409  2487 14601.1407   23  471          - 14527.6001      -   184  293s
  3432  2511 14610.4598   25  488          - 14527.6001      -   185  298s
  3468  2537 14678.0236   33  430          - 14527.6001      -   187  303s
  3506  2568 14803.4154   37  327          - 14527.6001      -   189  309s
  3550  2611 14885.4145   42  292          - 14527.6001      -   190  315s
  3607  2680 14947.4702   62  183          - 14527.6001      -   191  321s
  3695  2796 15092.1784   82  106          - 14527.6001      -   191  329s
  3843  2925 15323.6684  121  104          - 14527.6001      -   189  339s
  3919  2900 16062.9455  167   83          - 14527.6001      -   188  340s
  4023  3077 16127.8978  180   85          - 14527.6001      -   187  348s
  4237  3312 16580.6971  253   69          - 14527.6001      -   184  359s
  4297  3292 16890.8304  278   48          - 14527.6001      -   183  360s
  4543  3629 17253.8912  344   60          - 14529.7214      -   178  372s
  5021  3758 14569.6759   21  490          - 14529.7214      -   167  386s
  5301  3904 14629.9119   26  410          - 14529.7214      -   163  397s
  5469  3968 14784.3806   37  258          - 14529.7214      -   161  405s
  5525  4117 14926.5800   60  172          - 14529.7214      -   163  414s
  5555  4117 14971.7192   81   91          - 14529.7214      -   163  415s
  5674  4395 15141.7384  156   68          - 14529.7214      -   162  429s
  5734  4395 15223.2617  206   76          - 14529.7214      -   161  430s
  5953  4500 16240.9681  341   43          - 14540.6977      -   158  440s
  6089  4786 14680.5083   21  352          - 14540.6977      -   158  452s
  6395  5232 14765.6804   31  292          - 14540.6977      -   155  466s
  6683  5232 18136.2216  392   28          - 14540.6977      -   152  470s
  6873  5315 14819.6173   33  298          - 14540.6977      -   148  480s
  7043  5403 14882.2519   43  298          - 14540.6977      -   147  489s
  7091  5491 15005.1270   51  136          - 14540.6977      -   149  496s
  7179  5601 15135.8867   75  154          - 14540.6977      -   150  505s
  7289  5848 15167.1477   93  176          - 14540.6977      -   151  517s
  7516  5848 15901.7612  173   75          - 14540.6977      -   151  520s
  7536  6253 15336.3014  127  119          - 14540.6977      -   151  532s
  7749  6253 16048.0851  226   21          - 14540.6977      -   150  535s
  7981  6518 15690.1772  201  130          - 14552.4730      -   147  548s
  8110  6518 16309.8756  274   76          - 14552.4730      -   146  550s
  8296  6585 14587.5724   22  510          - 14552.4730      -   146  561s
  8365  6730 14821.1378   34  299          - 14552.4730      -   147  571s
  8510  7155 15142.3490   59  163          - 14552.4730      -   148  617s
  8754  7155 16564.0570  202   41          - 14552.4730      -   147  620s
  8966  7401 15426.8028  133   98          - 14552.4730      -   145  632s
  9177  7401 15922.9575  270  153          - 14552.4730      -   143  635s
  9238  7671 16050.8223  280  142          - 14553.7692      -   144  646s
  9527  7671 18337.0028  466   60          - 14553.7692      -   140  650s
  9595  7802 14728.2285   25  388          - 14553.7692      -   141  660s
  9726  8049 14938.8506   48  221          - 14553.7692      -   143  673s
  9870  8049 15614.8372  215   51          - 14553.7692      -   142  675s
  9977  8294 15252.3925   64  142          - 14553.7692      -   142  687s
 10174  8296 15940.6658  207   63          - 14553.7692      -   141  690s
 10265  8358 17229.6425  209   84          - 14557.9888      -   141  699s
 10299  8358 14782.1792   32  421          - 14557.9888      -   141  700s
 10342  8425 14880.7011   39  243          - 14557.9888      -   142  709s
 10409  8596 15108.7116   53  197          - 14557.9888      -   143  720s
 10588  8853 15298.8697   84  152          - 14557.9888      -   144  733s
 10723  8853 15709.7844  173  112          - 14557.9888      -   143  735s
 10865  9117 15868.1370  229   92          - 14561.6685      -   143  747s
 11153  9250 14683.4573   24  399          - 14561.6685      -   142  760s
 11288  9581 15010.8216   39  223          - 14561.6685      -   143  773s
 11456  9581 15582.5142  224   70          - 14561.6685      -   143  775s
 11639  9790 15261.2938   54  200          - 14561.6685      -   142  786s
 11883 10031 15660.2869   99   35          - 14565.3952      -   141  801s
 12147 10158 14651.0851   22  454          - 14565.3952      -   141  812s
 12262 10433 14940.3958   43  255          - 14565.3952      -   142  826s
 12542 10738 15293.2169   67  142          - 14565.3952      -   141  840s
 12892 10993 16304.2074  140   54          - 14565.9200      -   140  854s
 12940 10993 17275.3124  237   26          - 14565.9200      -   140  855s
 13287 11192 14755.7223   28  436          - 14565.9200      -   138  867s
 13445 11435 15124.1685   51  171          - 14565.9200      -   139  879s
 13490 11435 15320.2203   77  101          - 14565.9200      -   139  880s
 13722 11722 15431.8018   94   70          - 14565.9200      -   138  892s
 13982 11722 14980.1523   44  367          - 14565.9200      -   138  895s
 14011 11834 16101.5005  248   28          - 14566.2936      -   138  904s
 14101 11834 15300.6886  102  134          - 14566.2936      -   138  905s
 14139 12153 14743.2548   37  496          - 14566.2936      -   138  916s
 14516 12230 15041.6346   64  203          - 14566.2936      -   137  927s
 14620 12383 15323.0653   86  145          - 14566.2936      -   138  937s
 14773 12690 15719.4116  133  128          - 14566.2936      -   138  950s
 15082 13185 16610.3783  242   89          - 14566.4801      -   137  964s
 15142 13185 16759.8292  286   68          - 14566.4801      -   137  965s
 15674 13259 14800.8506   34  395          - 14567.4570      -   134  977s
 15732 13306 15094.0571   49  220          - 14567.4570      -   135  986s
 15779 13469 15241.7094   60  222          - 14567.4570      -   136  996s
 15944 13803 15574.7806   85  136          - 14567.4570      -   137 1008s
 16094 13803 16081.5015  182   78          - 14567.4570      -   136 1010s
 16297 14074 16064.6331  178   62          - 14568.2683      -   136 1022s
 16564 14074 18891.6051  309   40          - 14568.2683      -   134 1025s
 16608 14122 14700.4353   25  438          - 14568.2683      -   135 1033s
 16656 14217 14966.4846   45  270          - 14568.2683      -   136 1044s
 16701 14217 15179.1403   69   71          - 14568.2683      -   136 1045s
 16751 14569 15246.6053   79   59          - 14568.4561      -   136 1055s
 17137 14705 14667.7065   16  557          - 14568.4561      -   135 1069s
 17275 14941 14995.9040   22  413          - 14568.4561      -   135 1080s
 17519 15314 14891.6982   22  376          - 14568.4561      -   135 1094s
 17572 15314 17417.1386  273   53          - 14568.4561      -   135 1095s
 17975 15421 15038.2352   35  285          - 14568.4561      -   133 1106s
 18049 15703 15412.7095   66  152          - 14568.4561      -   134 1119s
 18124 15703 15671.2800  113   11          - 14568.4561      -   134 1120s
 18335 16019 17456.9919  198   93          - 14568.4561      -   133 1194s
 18352 16019 17460.6165  208   57          - 14568.4561      -   133 1195s
 18702 16342 19698.7600  231   22          - 14573.6805      -   131 1208s
 18858 16349 21542.7000  349    4          - 14573.6805      -   130 1210s
 19107 16494 14764.5547   38  442          - 14573.6805      -   130 1221s
 19237 16946 15023.7743   43  323          - 14573.6805      -   130 1235s
 19709 16946 19386.7145  392   12          - 14573.6805      -   129 1240s
 19739 17008 15066.8047   52  225          - 14573.6805      -   129 1248s
 19801 17092 15222.2520   65  170          - 14573.6805      -   129 1257s
 19885 17279 15541.4814   87  155          - 14573.6805      -   130 1267s
 20104 17525 16276.1980  175   58          - 14579.7882      -   130 1280s
 20575 17923 14859.8469   38  289          - 14579.7882      -   129 1296s
 21068 18030 15104.6324   57  231          - 14579.7882      -   127 1308s
 21150 18241 15359.7654   84   65          - 14584.1558      -   128 1318s
 21356 18241 16540.6838  210   15          - 14584.1558      -   127 1320s
 21398 18353 14786.0964   29  395          - 14584.1558      -   128 1329s
 21510 18567 14945.7691   40  296          - 14584.1558      -   128 1340s
 21726 18818 15243.2497   66  181          - 14584.1558      -   128 1351s
 22030 19220 16293.4915  144   48          - 14584.8713      -   128 1366s
 22448 19244 19265.3608  331   10          - 14584.8713      -   126 1370s
 22564 19353 14671.2488   29  412          - 14584.8713      -   126 1380s
 22649 19665 14855.6309   46  281          - 14584.8713      -   127 1391s
 23045 19770 15105.0802   64  211          - 14584.8713      -   126 1402s
 23111 19995 15496.3029   84  188          - 14586.9481      -   126 1413s
 23278 19995 15821.9509  212   12          - 14586.9481      -   126 1415s
 23359 20053 14722.8543   25  427          - 14586.9481      -   126 1423s
 23417 20161 14991.3836   42  229          - 14586.9481      -   127 1431s
 23525 20423 15228.3679   63   20          - 14586.9481      -   127 1441s
 23817 20635 15576.3274  100   47          - 14586.9481      -   127 1453s
 24039 20739 16906.5347  214   50          - 14587.4675      -   127 1465s
 24175 20904 14876.7899   22  433          - 14587.4675      -   127 1475s
 24335 21048 15037.8419   32  328          - 14587.4675      -   128 1485s
 24538 21130 15234.9174   52  265          - 14587.4675      -   128 1494s
 24559 21130 15307.1538   66  226          - 14587.4675      -   128 1495s
 24606 21469 15529.4315   78  163          - 14588.4207      -   128 1507s
 24877 21471 16130.6436  276   40          - 14588.4207      -   127 1510s
 24999 21570 14731.5469   19  404          - 14588.4207      -   127 1519s
 25075 21851 15017.4939   35  214          - 14588.4207      -   128 1530s
 25368 21925 15251.7188   51  143          - 14588.4207      -   128 1541s
 25447 22122 15460.9515   79   97          - 14588.4207      -   128 1551s
 25675 22220 infeasible  169               - 14590.1264      -   128 1561s
 25793 22577 14904.2575   35  428          - 14590.1264      -   129 1573s
 25913 22577 15721.2053  169   54          - 14590.1264      -   129 1575s
 26273 22692 15163.2762   53  177          - 14590.1264      -   127 1586s
 26334 22824 15478.9174   82  175          - 14590.1264      -   128 1595s
 26466 22884 16040.3270  170   29          - 14590.8023      -   128 1605s
 26554 22954 14859.7366   21  481          - 14590.8023      -   128 1613s
 26610 23033 15002.6391   35  357          - 14590.8023      -   129 1621s
 26689 23242 15293.4096   60  157          - 14590.8023      -   129 1632s
 26900 23603 15698.1139  117   29          - 14592.2546      -   129 1645s
 27287 23716 14800.3772   29  385          - 14592.2546      -   129 1656s
 27410 23762 15026.5753   43  364          - 14592.2546      -   129 1666s
 27458 23879 15187.3719   55  204          - 14592.2546      -   129 1675s
 27575 24233 15591.5276  104  107          - 14594.9635      -   130 1689s
 27695 24233 15764.3004  200   17          - 14594.9635      -   129 1690s
 27977 24338 14746.9111   22  498          - 14594.9635      -   129 1701s
 28127 24386 14905.0739   26  448          - 14594.9635      -   129 1710s
 28166 24469 15136.0538   34  307          - 14594.9635      -   130 1720s
 28249 24641 15448.4294   68   57          - 14595.1201      -   130 1732s
 28475 24750 14780.2008   32  421          - 14595.1201      -   130 1742s
 28560 25074 15105.3535   54  202          - 14595.1201      -   130 1755s
 28927 25314 15331.6942   90  149          - 14595.1201      -   130 1768s
 29108 25314 16163.9800  190    9          - 14595.1201      -   129 1770s
 29191 25434 17241.7600  197   18          - 14596.6572      -   130 1781s
 29340 25558 14949.5948   31  318          - 14596.6572      -   130 1791s
 29450 25858 15288.5043   49  123          - 14596.6572      -   130 1804s
 29546 25858 15902.9333  107   80          - 14596.6572      -   130 1805s
 29795 25954 15448.7518   76  133          - 14596.6572      -   130 1815s
 29891 26149 15664.3809  123   76          - 14597.0810      -   130 1825s
 30118 26244 14780.4080   22  578          - 14597.0810      -   130 1836s
 30215 26484 14880.7393   26  538          - 14597.0810      -   130 1848s
 30549 26704 15179.1495   33  274          - 14597.0810      -   130 1861s
 30773 26838 15499.5031   57   32          - 14597.0810      -   130 1873s
 30899 27097 15724.5697  129   23          - 14597.7491      -   130 1886s
 31203 27164 15094.3148   26  621          - 14597.7491      -   130 1897s
 31259 27259 15110.0099   41  354          - 14597.7491      -   130 1906s
 31354 27577 15413.8523   56  246          - 14597.7491      -   130 1920s
 31718 27765 15586.2574   75  112          - 14597.7491      -   130 1933s
 31868 27765 15780.0510  189    3          - 14597.7491      -   130 1935s
 31891 27923 15783.0752  195    3          - 14597.9169      -   130 1945s
 32112 28013 14895.2090   26  318          - 14597.9169      -   130 1956s
 32178 28101 15100.1128   42  192          - 14597.9169      -   130 1966s
 32266 28522 15353.9389   61  172          - 14597.9169      -   131 1977s
 32519 28522 16152.5474  127   33          - 14597.9169      -   131 1980s
 32731 28557 infeasible  182               - 14598.1760      -   130 1991s
 32792 28594 14763.9666   28  482          - 14598.1760      -   130 2000s
 32829 28650 14941.3595   40  431          - 14598.1760      -   131 2008s
 32885 28750 15193.1911   57  335          - 14598.1760      -   131 2018s
 32985 28935 15425.1715   79  183          - 14598.1760      -   132 2030s
 33212 28994 15693.5220  123   57          - 14598.9447      -   132 2040s
 33266 29057 14881.4285   33  379          - 14598.9447      -   132 2049s
 33319 29057 15329.0825   58  144          - 14598.9447      -   132 2050s
 33329 29283 15126.7055   46  235          - 14598.9447      -   133 2060s
 33565 29615 15384.6067   65   83          - 14598.9447      -   133 2074s
 33595 29617 15503.0800   80    -          - 14598.9447      -   133 2075s
 34018 29862 15759.2818   78   53          - 14601.1414      -   132 2089s
 34033 29862 16226.9960   95   56          - 14601.1414      -   132 2090s
 34265 29924 14801.7953   23  558          - 14601.1414      -   132 2100s
 34319 29982 15076.5806   41  330          - 14601.1414      -   132 2108s
 34377 30105 15295.3290   55  327          - 14601.1414      -   133 2117s
 34500 30503 15618.3168   75  238          - 14601.1414      -   133 2131s
 34857 30512 18066.6200  254    -          - 14601.1414      -   132 2135s
 35008 30796 15927.8821  145   65          - 14601.3145      -   132 2147s
 35316 30848 14678.1688   26  511          - 14601.3145      -   132 2157s
 35352 30880 14956.5837   39  353          - 14601.3145      -   132 2166s
 35384 30917 15124.5972   48  258          - 14601.3145      -   132 2176s
 35421 31018 15245.5086   61  254          - 14601.3145      -   133 2185s
 35526 31221 15823.4418   84  110          - 14601.3145      -   133 2195s
 35743 31397 16081.6962  138  120          - 14601.6128      -   133 2206s
 35971 31441 14830.0788   31  400          - 14601.6128      -   133 2217s
