




arguments: ./build/mirp_solver -f ./input/orig_exec_374.cfg
Current dir: /scratch/gui/bnc_mirp
File verbosity level: 9
date       time         ( uptime  ) [ thread name/id ]                   file:line     v| 
2021-01-29 00:26:56.015 (   0.118s) [main thread     ]             loguru.cpp:789   INFO| Logging to './output/vi_cus/OU/V4/Original/execution_29_01_2021_00_26_55.log', mode: 'a', verbosity: 9
--------------------------------------------------------------------------------
Parameters
                           instance_path           ./input/Instances/Original/5/
                            model_policy                                       1
                             nb_vehicles                                       4
                              output_dir         ./output/vi_cus/OU/V4/Original/
                            sec_strategy                                       1
                       solver_nb_threads                                       2
                         solver_show_log                                    true
                       solver_time_limit                                    3600
                              use_vi_cos                                   false
                              use_vi_cus                                    true
                         use_vi_hc1_full                                   false
                         use_vi_hc1_half                                   false
                      use_vi_hc1_quarter                                   false
                              use_vi_hc2                                   false
                              use_vi_hc3                                   false
                         use_vi_lex_full                                   false
                         use_vi_lex_half                                   false
                      use_vi_lex_quarter                                   false
                              use_vi_qua                                   false
                               use_vi_vc                                   false
                               use_vi_vr                                   false
--------------------------------------------------------------------------------
executing instance: ./input/Instances/Original/5/absH3low_4n50.dat
--------------------------------------------------------------------------------
Instance details
n	51
H	3
C	4066
Li:
[0, 0, 0, 0, 0, 0, 0, 0, 0, 0, 0, 0, 0, 0, 0, 0, 0, 0, 0, 0, 0, 0, 0, 0, 0, 0, 0, 0, 0, 0, 0, 0, 0, 0, 0, 0, 0, 0, 0, 0, 0, 0, 0, 0, 0, 0, 0, 0, 0, 0, 0, ]
Ui:
[0, 108, 126, 122, 66, 120, 48, 30, 128, 54, 158, 198, 36, 66, 210, 234, 147, 297, 171, 128, 116, 120, 219, 70, 294, 207, 134, 128, 234, 122, 22, 183, 195, 255, 132, 124, 66, 189, 219, 66, 128, 102, 288, 66, 87, 136, 36, 39, 282, 36, 237, ]
Distance matrix:
|0	210	444	498	509	104	438	228	487	304	456	434	526	476	163	47	293	396	293	290	313	85	280	437	293	336	409	106	449	376	433	478	193	404	404	534	278	181	380	507	189	438	263	473	353	216	202	218	452	254	465	|
|210	0	299	507	359	106	345	409	358	411	320	402	555	448	136	200	289	264	306	427	141	222	83	348	264	320	283	303	380	208	258	357	170	348	475	542	243	347	355	379	65	479	172	373	355	251	112	229	402	210	300	|
|444	299	0	363	65	358	116	542	66	440	26	241	425	272	282	407	251	51	276	490	159	397	224	124	217	237	48	490	170	99	83	74	261	180	430	385	214	479	231	85	270	390	184	116	271	300	409	276	210	215	54	|
|498	507	363	0	385	482	246	424	326	254	343	123	63	93	388	452	221	337	211	314	428	414	480	239	243	187	324	463	194	418	438	307	346	188	156	36	264	392	156	326	444	87	340	258	154	286	603	294	153	297	417	|
|509	359	65	385	0	422	145	602	59	492	59	269	448	292	348	472	305	115	329	545	218	462	281	152	274	286	106	554	192	153	116	78	326	216	472	403	274	540	271	63	334	425	249	127	316	361	468	337	233	278	69	|
|104	106	358	482	422	0	372	309	408	337	374	396	521	441	98	96	262	314	271	342	215	124	177	373	249	302	329	198	394	281	337	402	139	353	419	518	230	250	343	428	90	437	188	405	328	200	134	188	406	199	372	|
|438	345	116	246	145	372	0	485	87	357	97	126	309	155	279	394	180	101	200	414	223	373	288	8	157	150	84	459	53	188	196	68	245	72	328	269	165	427	128	97	297	280	184	36	175	250	456	233	94	184	170	|
|228	409	542	424	602	309	485	0	561	170	544	419	424	446	298	214	305	491	286	115	462	187	457	480	331	339	496	124	470	510	565	545	295	424	279	454	329	66	376	576	363	340	370	520	330	242	429	266	453	328	581	|
|487	358	66	326	59	408	87	561	0	441	40	211	389	233	324	446	258	95	281	497	220	431	287	95	230	234	79	522	133	164	146	19	297	160	415	344	233	500	215	21	323	367	224	68	261	320	470	299	174	242	106	|
|304	411	440	254	492	337	357	170	441	0	434	266	255	286	275	266	189	392	164	63	408	225	428	351	224	207	392	234	330	438	484	424	250	287	112	284	232	149	233	453	349	170	302	389	185	168	471	195	305	248	487	|
|456	320	26	343	59	374	97	544	40	434	0	223	406	252	294	418	247	60	271	487	181	405	247	105	215	229	49	498	149	124	109	48	270	165	419	364	215	482	218	60	288	375	194	92	261	302	431	279	190	220	75	|
|434	402	241	123	269	396	126	419	211	266	223	0	185	46	298	387	140	213	145	328	310	355	366	118	147	97	201	425	78	295	315	191	256	65	211	151	166	371	53	215	343	157	231	145	90	220	505	217	41	198	295	|
|526	555	425	63	448	521	309	424	389	255	406	185	0	156	430	481	266	398	252	310	485	442	534	301	293	237	386	480	257	478	500	370	390	249	145	55	313	401	212	389	491	89	392	321	201	322	646	334	216	345	479	|
|476	448	272	93	292	441	155	446	233	286	252	46	156	0	343	429	183	250	184	348	353	396	411	148	192	140	236	461	102	334	350	214	302	106	214	113	212	402	98	233	389	151	277	165	125	261	551	260	62	244	325	|
|163	136	282	388	348	98	279	298	324	275	294	298	430	343	0	124	167	234	178	296	167	121	162	279	151	205	247	216	297	224	280	316	42	256	340	423	132	232	246	344	74	349	100	314	233	115	216	97	308	101	307	|
|47	200	407	452	472	96	394	214	446	266	418	387	481	429	124	0	246	358	245	259	284	41	261	392	247	289	370	103	403	345	402	436	150	358	361	488	232	158	333	466	165	393	223	430	306	168	217	171	406	210	431	|
|293	289	251	221	305	262	180	305	258	189	247	140	266	183	167	246	0	204	26	240	238	215	276	175	37	43	203	289	169	255	297	242	125	122	202	257	52	248	87	272	225	191	134	215	67	80	382	77	163	81	298	|
|396	264	51	337	115	314	101	491	95	392	60	213	398	250	234	358	204	0	229	442	130	347	196	108	169	194	19	440	152	87	102	93	211	149	390	363	165	428	194	116	228	355	134	117	230	250	376	225	189	164	95	|
|293	306	276	211	329	271	200	286	281	164	271	145	252	184	178	245	26	229	0	216	262	212	297	195	63	53	228	280	184	280	323	264	138	137	178	248	76	232	95	294	241	173	156	234	60	77	395	83	172	102	324	|
|290	427	490	314	545	342	414	115	497	63	487	328	310	348	296	259	240	442	216	0	443	220	456	408	273	264	443	204	390	479	529	480	278	346	165	343	278	115	293	509	369	229	340	447	244	202	473	230	366	288	536	|
|313	141	159	428	218	215	223	462	220	408	181	310	485	353	167	284	238	130	262	443	0	288	67	228	202	252	149	382	267	67	122	221	168	247	440	459	186	396	273	241	125	423	107	245	291	242	251	214	297	162	160	|
|85	222	397	414	462	124	373	187	431	225	405	355	442	396	121	41	215	347	212	220	288	0	273	371	221	258	357	95	378	344	401	420	136	331	321	450	208	126	302	450	177	353	213	409	272	136	253	143	377	190	426	|
|280	83	224	480	281	177	288	457	287	428	247	366	534	411	162	261	276	196	297	456	67	273	0	292	243	298	215	363	329	128	176	288	179	305	475	513	224	392	324	307	96	466	143	311	335	261	187	235	357	195	219	|
|437	348	124	239	152	373	8	480	95	351	105	118	301	148	279	392	175	108	195	408	228	371	292	0	154	144	91	456	46	194	203	76	244	65	320	261	163	423	121	103	299	273	185	40	168	247	459	230	86	183	178	|
|293	264	217	243	274	249	157	331	230	224	215	147	293	192	151	247	37	169	63	273	202	221	243	154	0	57	170	303	157	217	260	215	110	111	238	278	21	271	94	245	201	223	100	193	92	93	362	78	160	54	263	|
|336	320	237	187	286	302	150	339	234	207	229	97	237	140	205	289	43	194	53	264	252	258	298	144	57	0	190	331	131	257	294	216	163	84	197	221	77	285	44	246	258	172	155	183	39	123	418	119	120	110	288	|
|409	283	48	324	106	329	84	496	79	392	49	201	386	236	247	370	203	19	228	443	149	357	215	91	170	190	0	449	136	105	114	75	221	138	384	349	168	434	185	99	245	346	146	98	224	255	394	231	174	171	99	|
|106	303	490	463	554	198	459	124	522	234	498	425	480	461	216	103	289	440	280	204	382	95	363	456	303	331	449	0	458	439	496	510	229	410	344	498	293	89	374	540	267	391	307	495	336	211	308	226	451	280	520	|
|449	380	170	194	192	394	53	470	133	330	149	78	257	102	297	403	169	152	184	390	267	378	329	46	157	131	136	458	0	238	249	114	259	47	287	216	171	416	96	137	327	235	211	67	145	247	488	235	41	197	223	|
|376	208	99	418	153	281	188	510	164	438	124	295	478	334	224	345	255	87	280	479	67	344	128	194	217	257	105	439	238	0	57	169	216	230	453	445	206	445	268	184	191	427	141	202	296	278	315	250	274	191	92	|
|433	258	83	438	116	337	196	565	146	484	109	315	500	350	280	402	297	102	323	529	122	401	176	203	260	294	114	496	249	57	0	157	271	252	490	463	251	499	296	162	247	457	195	199	331	329	362	302	288	241	47	|
|478	357	74	307	78	402	68	545	19	424	48	191	370	214	316	436	242	93	264	480	221	420	288	76	215	216	75	510	114	169	157	0	287	141	396	325	219	485	196	31	319	347	216	49	243	306	469	286	154	230	120	|
|193	170	261	346	326	139	245	295	297	250	270	256	390	302	42	150	125	211	138	278	168	136	179	244	110	163	221	229	259	216	271	287	0	216	305	382	91	229	204	316	105	310	78	280	192	83	257	60	268	62	292	|
|404	348	180	188	216	353	72	424	160	287	165	65	249	106	256	358	122	149	137	346	247	331	305	65	111	84	138	410	47	230	252	141	216	0	255	215	126	369	56	168	292	210	177	102	103	200	454	189	54	155	234	|
|404	475	430	156	472	419	328	279	415	112	419	211	145	214	340	361	202	390	178	165	440	321	475	320	238	197	384	344	287	453	490	396	305	255	0	181	254	261	201	422	410	69	335	353	160	225	551	246	252	280	482	|
|534	542	385	36	403	518	269	454	344	284	364	151	55	113	423	488	257	363	248	343	459	450	513	261	278	221	349	498	216	445	463	325	382	215	181	0	298	425	189	342	479	115	373	276	190	323	638	330	175	332	439	|
|278	243	214	264	274	230	165	329	233	232	215	166	313	212	132	232	52	165	76	278	186	208	224	163	21	77	168	293	171	206	251	219	91	126	254	298	0	267	114	250	181	242	82	202	112	88	341	68	177	33	258	|
|181	347	479	392	540	250	427	66	500	149	482	371	401	402	232	158	248	428	232	115	396	126	392	423	271	285	434	89	416	445	499	485	229	369	261	425	267	0	325	516	298	313	305	463	281	180	375	203	403	264	516	|
|380	355	231	156	271	343	128	376	215	233	218	53	212	98	246	333	87	194	95	293	273	302	324	121	94	44	185	374	96	268	296	196	204	56	201	189	114	325	0	224	294	161	185	157	49	167	455	163	78	147	284	|
|507	379	85	326	63	428	97	576	21	453	60	215	389	233	344	466	272	116	294	509	241	450	307	103	245	246	99	540	137	184	162	31	316	168	422	342	250	516	224	0	344	371	244	70	271	337	490	317	176	261	120	|
|189	65	270	444	334	90	297	363	323	349	288	343	491	389	74	165	225	228	241	369	125	177	96	299	201	258	245	267	327	191	247	319	105	292	410	479	181	298	294	344	0	414	116	328	291	187	163	165	345	147	282	|
|438	479	390	87	425	437	280	340	367	170	375	157	89	151	349	393	191	355	173	229	423	353	466	273	223	172	346	391	235	427	457	347	310	210	69	115	242	313	161	371	414	0	323	301	133	238	565	253	197	273	444	|
|263	172	184	340	249	188	184	370	224	302	194	231	392	277	100	223	134	134	156	340	107	213	143	185	100	155	146	307	211	141	195	216	78	177	335	373	82	305	185	244	116	323	0	217	192	138	278	110	230	55	214	|
|473	373	116	258	127	405	36	520	68	389	92	145	321	165	314	430	215	117	234	447	245	409	311	40	193	183	98	495	67	202	199	49	280	102	353	276	202	463	157	70	328	301	217	0	205	286	485	269	106	220	167	|
|353	355	271	154	316	328	175	330	261	185	261	90	201	125	233	306	67	230	60	244	291	272	335	168	92	39	224	336	145	296	331	243	192	103	160	190	112	281	49	271	291	133	192	205	0	138	449	141	123	145	323	|
|216	251	300	286	361	200	250	242	320	168	302	220	322	261	115	168	80	250	77	202	242	136	261	247	93	123	255	211	247	278	329	306	83	200	225	323	88	180	167	337	187	238	138	286	138	0	328	28	243	88	340	|
|202	112	409	603	468	134	456	429	470	471	431	505	646	551	216	217	382	376	395	473	251	253	187	459	362	418	394	308	488	315	362	469	257	454	551	638	341	375	455	490	163	565	278	485	449	328	0	313	508	308	406	|
|218	229	276	294	337	188	233	266	299	195	279	217	334	260	97	171	77	225	83	230	214	143	235	230	78	119	231	226	235	250	302	286	60	189	246	330	68	203	163	317	165	253	110	269	141	28	313	0	235	61	315	|
|452	402	210	153	233	406	94	453	174	305	190	41	216	62	308	406	163	189	172	366	297	377	357	86	160	120	174	451	41	274	288	154	268	54	252	175	177	403	78	176	345	197	230	106	123	243	508	235	0	207	264	|
|254	210	215	297	278	199	184	328	242	248	220	198	345	244	101	210	81	164	102	288	162	190	195	183	54	110	171	280	197	191	241	230	62	155	280	332	33	264	147	261	147	273	55	220	145	88	308	61	207	0	253	|
|465	300	54	417	69	372	170	581	106	487	75	295	479	325	307	431	298	95	324	536	160	426	219	178	263	288	99	520	223	92	47	120	292	234	482	439	258	516	284	120	282	444	214	167	323	340	406	315	264	253	0	|

--------------------------------------------------------------------------------
Building model...
	using lazy and cut (CVRPSEP package)
Solving IRP LP...
--------------------------------------------------------------------------------

Gurobi 9.1.0 (linux64) logging started Fri Jan 29 00:26:57 2021

Gurobi Optimizer version 9.1.0 build v9.1.0rc0 (linux64)
Thread count: 32 physical cores, 32 logical processors, using up to 2 threads
Optimize a model with 1740 rows, 16716 columns and 38202 nonzeros
Model fingerprint: 0xd9f65ffb
Variable types: 804 continuous, 15912 integer (612 binary)
Coefficient statistics:
  Matrix range     [1e+00, 1e+03]
  Objective range  [1e-02, 6e+02]
  Bounds range     [1e+00, 3e+02]
  RHS range        [1e+01, 7e+03]
Presolve removed 204 rows and 51 columns
Presolve time: 0.06s
Presolved: 1536 rows, 16665 columns, 36697 nonzeros
Variable types: 753 continuous, 15912 integer (15312 binary)

Root relaxation: objective 3.473436e+03, 1766 iterations, 0.06 seconds

    Nodes    |    Current Node    |     Objective Bounds      |     Work
 Expl Unexpl |  Obj  Depth IntInf | Incumbent    BestBd   Gap | It/Node Time

     0     0 3473.43557    0  155          - 3473.43557      -     -    0s
     0     0 3703.24847    0  166          - 3703.24847      -     -    0s
     0     0 3723.30096    0  158          - 3723.30096      -     -    0s
     0     0 3723.30096    0  145          - 3723.30096      -     -    0s
     0     0 4362.35390    0  256          - 4362.35390      -     -    1s
     0     0 4429.55117    0  237          - 4429.55117      -     -    1s
     0     0 4437.94595    0  255          - 4437.94595      -     -    1s
     0     0 4438.04358    0  255          - 4438.04358      -     -    1s
     0     0 4519.04089    0  263          - 4519.04089      -     -    1s
     0     0 4530.83555    0  273          - 4530.83555      -     -    1s
     0     0 4531.27765    0  304          - 4531.27765      -     -    1s
     0     0 4624.63905    0  305          - 4624.63905      -     -    2s
     0     0 4629.93416    0  336          - 4629.93416      -     -    2s
     0     0 4634.89769    0  286          - 4634.89769      -     -    3s
     0     0 4635.67193    0  277          - 4635.67193      -     -    3s
     0     0 4695.41058    0  345          - 4695.41058      -     -    3s
     0     0 4697.28019    0  327          - 4697.28019      -     -    4s
     0     0 4698.19692    0  361          - 4698.19692      -     -    4s
     0     0 4728.90781    0  436          - 4728.90781      -     -    5s
     0     0 4734.90742    0  431          - 4734.90742      -     -    5s
     0     0 4741.30222    0  424          - 4741.30222      -     -    5s
     0     0 4742.99691    0  399          - 4742.99691      -     -    6s
     0     0 4766.29452    0  421          - 4766.29452      -     -    6s
     0     0 4774.55611    0  439          - 4774.55611      -     -    8s
     0     0 4783.27696    0  522          - 4783.27696      -     -    8s
     0     0 4787.75198    0  497          - 4787.75198      -     -    9s
     0     0 4788.42256    0  519          - 4788.42256      -     -    9s
     0     0 4803.01691    0  473          - 4803.01691      -     -   10s
     0     0 4806.49924    0  506          - 4806.49924      -     -   10s
     0     0 4808.10567    0  494          - 4808.10567      -     -   10s
     0     0 4818.78914    0  534          - 4818.78914      -     -   11s
     0     0 4819.76193    0  555          - 4819.76193      -     -   12s
     0     2 4830.63025    0  502          - 4830.63025      -     -   22s
    13    16 4836.03952    4  585          - 4834.80461      -   558   25s
    28    31 4875.92554    8  568          - 4836.12742      -   750   30s
    56    61 4889.42784   15  532          - 4836.12742      -   593   35s
    71    75 4938.99437   19  494          - 4836.12742      -   588   42s
    83    91 4962.06281   22  468          - 4836.12742      -   605   45s
   116   122 5371.77674   31  299          - 4836.12742      -   587   50s
   146   159 5465.69359   41  149          - 4836.12742      -   563   55s
   194   200 5438.86522   58  321          - 4836.12742      -   501   60s
   266   283 6228.01311   78  191          - 4836.12742      -   422   65s
   354   388 6616.93591  113  122          - 4836.12742      -   360   70s
   446   504 7061.06500  152   79          - 4836.12742      -   313   75s
   588   643 7732.54918  228   24          - 4836.12742      -   259   80s
   771   821 9883.87000  324   22          - 4836.12742      -   214   85s
   924  1044 11823.1264  394   37          - 4836.12742      -   190   90s
  1081  1110 13627.9900  480    2          - 4836.18118      -   168   95s
  1232  1261 4870.17735    5  606          - 4836.23161      -   156  102s
  1354  1265 13342.7404  473  555          - 4836.23161      -   146  105s
  1361  1270 6920.02314  152  552          - 4836.23161      -   145  110s
  1369  1275 7101.80227  184  595          - 4858.06280      -   144  116s
  1377  1280 7820.65856  234  597          - 4874.07488      -   144  121s
  1384  1285 7436.13500  197  621          - 4879.58805      -   143  125s
  1389  1288 13307.4648  465  505          - 4882.38076      -   142  130s
  1395  1292 5343.09925   49  587          - 4883.55577      -   142  137s
  1399  1295 7395.42905  189  616          - 4884.68358      -   141  140s
  1404  1298 14045.3478  497  644          - 4884.82657      -   141  145s
  1409  1302 9729.72439  308  577          - 4884.82657      -   140  155s
  1420  1312 4902.52685   19  495          - 4888.24198      -   170  160s
  1430  1319 4927.96410   21  382          - 4917.90167      -   179  165s
  1442  1327 4958.42829   24  396          - 4917.90167      -   185  170s
  1461  1342 5026.44217   27  424          - 4917.90167      -   190  175s
  1490  1362 5055.25676   32  377          - 4917.90167      -   196  180s
  1512  1378 5086.54610   36  271          - 4917.90167      -   199  185s
  1541  1398 5161.82009   43  240          - 4917.90167      -   205  190s
  1570  1421 5201.73532   49  265          - 4917.90167      -   209  195s
  1606  1446 5258.96565   57  302          - 4917.90167      -   213  201s
  1648  1479 5453.46426   68  200          - 4917.90167      -   216  206s
  1680  1508 5505.34723   75  166          - 4917.90167      -   218  211s
  1744  1551 5633.36648   87  157          - 4917.90167      -   217  216s
  1799  1586 5791.33380   99  181          - 4917.90167      -   216  221s
  1852  1628 5942.47558  110  151          - 4917.90167      -   217  227s
  1884  1646 6037.65067  114  156          - 4917.90167      -   217  230s
  1982  1652 6106.21762  123  152          - 4917.90167      -   214  237s
  1995  1657 6160.26694  128  153          - 4917.90167      -   216  240s
  2022  1679 6228.02874  139  129          - 4917.90167      -   217  245s
  2049  1702 6340.10092  149  158          - 4917.90167      -   220  252s
  2068  1713 6387.21099  157  111          - 4917.90167      -   221  255s
  2114  1752 6527.10968  177   63          - 4917.90167      -   222  261s
  2143  1760 6659.52842  189  149          - 4917.90167      -   222  265s
  2197  1806 infeasible  210               - 4917.90167      -   223  273s
  2244  1815 7221.17583  230  134          - 4917.90167      -   222  278s
  2277  1828 7260.37840  243  142          - 4917.90167      -   223  283s
  2316  1828 9016.95004  257  150          - 4923.34999      -   223  288s
  2347  1833 5011.61852   20  585          - 4923.34999      -   224  293s
  2362  1842 5047.20912   25  568          - 4923.34999      -   225  298s
  2376  1851 5080.83744   27  541          - 4923.34999      -   227  303s
  2390  1867 5184.99900   31  393          - 4923.34999      -   229  307s
  2414  1878 5193.01780   35  416          - 4923.34999      -   230  312s
  2433  1898 5222.72117   38  343          - 4923.34999      -   231  316s
  2464  1914 5253.95168   42  380          - 4923.34999      -   232  321s
  2496  1930 5360.82778   44  319          - 4923.34999      -   233  326s
  2523  1952 5435.33410   51  278          - 4923.34999      -   233  332s
  2554  1977 5385.82726   56  310          - 4923.34999      -   234  338s
  2593  2009 5533.13709   59  264          - 4923.34999      -   235  344s
  2640  2043 5488.04308   63  345          - 4923.34999      -   234  351s
  2692  2102 infeasible   68               - 4923.34999      -   234  358s
  2770  2165 5605.16354   76  310          - 4923.34999      -   232  368s
  2861  2230 5664.10842   84  271          - 4923.34999      -   229  377s
  2934  2205 7278.05352  265  152          - 4923.34999      -   227  384s
  2964  2285 5762.80500   92  165          - 4923.34999      -   226  392s
  3060  2342 5808.11657  100  250          - 4923.34999      -   224  405s
  3211  2331 5987.32488  107  277          - 4923.34999      -   220  415s
  3241  2357 5938.65146  118  270          - 4923.34999      -   222  422s
  3279  2384 6085.35201  130  272          - 4923.34999      -   223  430s
  3319  2423 6229.60336  142  233          - 4923.34999      -   223  439s
  3346  2414 6388.41590  150  136          - 4923.34999      -   223  440s
  3373  2458 6410.10903  154  124          - 4923.34999      -   224  449s
  3399  2449 6672.65167  161   91          - 4923.34999      -   224  450s
  3432  2509 6838.87637  161   81          - 4923.34999      -   225  459s
  3446  2505 7271.44090  169   76          - 4923.34999      -   225  460s
  3509  2659 7182.46845  184   37          - 4923.34999      -   225  473s
  3590  2632 7506.45091  198   24          - 4923.34999      -   222  475s
  3705  2623 8826.73491  225   44          - 4927.96848      -   219  489s
  3734  2624 9172.61000  231    4          - 4927.96848      -   218  490s
  3780  2646 5029.77901   23  571          - 4927.96848      -   219  499s
  3811  2679 5075.22111   25  525          - 4927.96848      -   221  510s
  3856  2735 5157.47831   32  456          - 4927.96848      -   223  522s
  3927  2796 5182.96554   39  413          - 4927.96848      -   224  537s
  4012  2969 5251.90250   46  397          - 4927.96848      -   224  557s
  4251  2975 5298.79116   51  332          - 4927.96848      -   218  577s
  4362  2943 7891.21000  195    -          - 4927.96848      -   217  580s
  4374  2979 5346.92895   58  325          - 4927.96848      -   217  590s
  4409  3027 5514.70319   69  219          - 4927.96848      -   219  600s
  4468  3080 5537.51970   85  224          - 4927.96848      -   220  614s
  4505  3068 5177.42464   36  438          - 4927.96848      -   221  615s
  4541  3131 5751.50765   95  158          - 4927.96848      -   221  627s
  4616  3207 6044.64001  111  180          - 4927.96848      -   222  643s
  4669  3189 6221.35519  130  176          - 4927.96848      -   221  645s
  4719  3333 6508.87069  134  176          - 4927.96848      -   222  661s
  4880  3490 6847.30675  175  119          - 4927.96848      -   220  681s
  5024  3442 7775.10096  212   91          - 4927.96848      -   216  685s
  5096  3533 8055.95343  218   84          - 4934.69869      -   216  702s
  5263  3566 5080.37248   26  447          - 4934.69869      -   215  722s
  5356  3675 5196.71164   32  285          - 4934.69869      -   217  740s
  5484  3849 5324.71574   47  247          - 4934.69869      -   218  760s
  5726  3971 5455.38586   65  231          - 4934.69869      -   217  785s
  5935  4084 5866.72572   81  198          - 4934.69869      -   216  806s
  6018  4238 5956.03722  107  117          - 4934.69869      -   217  827s
  6122  4238 6422.86818  143   98          - 4934.69869      -   216  830s
  6172  4454 6543.81592  146   81          - 4937.56071      -   217  855s
  6447  4587 5264.41407   33  597          - 4937.56071      -   215  888s
  6569  4696 5297.03231   38  567          - 4937.56071      -   216  911s
  6708  4756 5514.03764   50  414          - 4937.56071      -   216  933s
  6761  4848 5642.55808   61  302          - 4937.56071      -   219  954s
  6794  4848 5787.66570   74  212          - 4937.56071      -   219  955s
  6859  4957 5878.66703   81  244          - 4937.56071      -   220  975s
  6974  5090 6030.41284  101  207          - 4937.56071      -   221  998s
  7113  5285 6217.34155  120  146          - 4937.56071      -   222 1022s
  7312  5427 6573.98199  150  123          - 4952.59898      -   222 1052s
  7423  5427 6876.01575  178  143          - 4953.42302      -   222 1055s
  7510  5508 5456.40082   37  456          - 4953.42302      -   222 1079s
  7592  5612 infeasible   53               - 4953.42302      -   224 1105s
  7700  5756 6008.10223   85  261          - 4953.42534      -   226 1132s
  7784  5756 6785.37348  116  165          - 4953.42534      -   226 1135s
  7878  5899 5203.44077   24  469          - 4953.42534      -   227 1162s
  7972  5899 6488.60907  136  193          - 4953.42534      -   228 1165s
  8038  6008 5551.62459   41  441          - 4953.42534      -   227 1190s
  8171  6088 5799.47876   57  276          - 4957.43442      -   229 1216s
  8261  6174 5315.07822   35  527          - 4957.43442      -   231 1243s
  8368  6239 5769.74915   52  461          - 4969.04872      -   233 1272s
  8446  6338 5725.78252   40  337          - 4969.05051      -   235 1298s
  8562  6378 5490.78661   40  445          - 4969.05051      -   237 1341s
  8618  6466 infeasible   54               - 4971.63329      -   240 1374s
  8721  6570 5226.31968   38  442          - 4971.63329      -   241 1412s
  8827  6704 5726.80309   50  445          - 4971.63329      -   242 1444s
  8961  7038 5808.97646   62  420          - 4971.63329      -   244 1481s
  9095  7038 6610.63019  185   81          - 4971.63329      -   243 1485s
  9314  7053 8490.71000  235   12          - 4971.63329      -   239 1490s
  9468  7243 6118.88193   88  234          - 4971.63329      -   236 1520s
  9609  7546 6431.37633  132  144          - 4971.63329      -   237 1557s
  9687  7546 6902.10295  158   55          - 4971.63329      -   237 1560s
  9922  7794 7407.62991  202   31          - 4980.69185      -   235 1597s
 10053  7801 8124.59000  246   34          - 4980.69185      -   233 1600s
 10302  7852 6430.09562  102  213          - 4980.70706      -   230 1605s
 10326  7940 5538.13000   45  358          - 4980.70706      -   230 1631s
 10416  8065 6050.08860   68  208          - 4980.70706      -   232 1671s
 10547  8217 6542.66237  112  210          - 4980.70706      -   233 1701s
 10707  8556 7455.22191  151  113          - 4986.33428      -   234 1741s
 10866  8556 8033.09863  196   50          - 4986.33428      -   232 1745s
 11115  8755 5237.99653   24  509          - 4986.33428      -   230 1777s
 11304  8904 6202.06027   53  485          - 4986.63937      -   231 1810s
 11521  8990 5416.18810   34  513          - 4987.38344      -   230 1839s
 11544  8990 5536.45867   44  229          - 4987.38344      -   231 1840s
 11604  9122 5599.75555   48  139          - 4987.38344      -   231 1869s
 11630  9122 5667.87752   56  175          - 4987.38344      -   231 1870s
 11742  9372 5892.34939   84   86          - 4987.38344      -   232 1903s
 11794  9372 6127.00052  100   52          - 4987.38344      -   232 1905s
 12008  9548 6442.84914  116   93          - 4987.53722      -   232 1940s
 12218  9560 7061.54563  123  216          - 4987.69271      -   231 1945s
 12249  9620 5094.83359   30  514          - 4987.69271      -   232 1971s
 12319  9744 5554.07112   54  290          - 4987.69271      -   234 1999s
 12333  9744 5626.75484   58  269          - 4987.69271      -   234 2000s
 12457  9905 5847.97368   85  205          - 4987.69271      -   234 2030s
 12640 10076 6673.64279  140   55          - 4988.32598      -   235 2066s
 12814 10103 7963.36000  198    -          - 4988.32598      -   233 2070s
 12912 10189 5172.79438   36  467          - 4988.32598      -   233 2104s
 12940 10189 5417.20975   52  184          - 4988.32598      -   234 2105s
 12993 10296 5496.14420   58  222          - 4988.32598      -   235 2133s
 13100 10454 5807.69044   84  137          - 4988.32598      -   236 2164s
 13126 10454 5831.47305   90  131          - 4988.32598      -   236 2165s
 13258 10781 6064.11907  108   90          - 4991.03297      -   237 2203s
 13323 10781 6184.47126  142   58          - 4991.03297      -   237 2205s
 13598 10785 6683.49409  170   10          - 4992.09071      -   235 2210s
 13713 10906 5169.55879   28  531          - 4992.09071      -   234 2239s
 13736 10906 5611.07396   45  242          - 4992.09071      -   234 2240s
 13813 11049 5700.13918   51  204          - 4992.09071      -   235 2269s
 13839 11049 5846.61762   61  219          - 4992.09071      -   235 2270s
 13956 11380 6064.85737   82  172          - 4992.09071      -   235 2307s
 14074 11380 6560.91278  127   55          - 4992.09071      -   235 2310s
 14312 11388 7038.39000  164    -          - 4992.09071      -   234 2315s
 14315 11730 6575.44179  128  161          - 4992.68692      -   234 2359s
 14328 11730 6627.04183  132   94          - 4992.68692      -   234 2360s
 14504 11730 7459.49447  183   33          - 4992.68692      -   232 2365s
 14758 11772 9030.18000  242    -          - 4992.68692      -   229 2370s
 14807 11877 5099.09239   32  523          - 4992.68692      -   230 2398s
 14906 12003 5623.22785   61  270          - 4992.68692      -   231 2428s
 15032 12325 5880.29291   80  194          - 4992.68692      -   231 2459s
 15059 12325 5932.34708   96  172          - 4992.68692      -   231 2460s
 15312 12325 6791.81739  149   39          - 4992.68692      -   230 2466s
 15354 12509 6380.00614  125   60          - 4992.85848      -   230 2497s
 15576 12528 7797.33000  186    -          - 4992.95336      -   228 2502s
 15606 12593 6035.89583   51  336          - 4992.95336      -   229 2528s
 15668 12684 5930.52145   63  383          - 4992.95336      -   230 2554s
 15693 12684 6076.64566   73  274          - 4992.95336      -   230 2555s
 15759 12811 6180.68994   81  228          - 4992.95336      -   231 2582s
 15876 12811 5970.69362   94  337          - 4992.95336      -   231 2585s
 15886 13174 6516.56619  101  137          - 4992.95336      -   231 2620s
 16068 13174 7349.57333  147   32          - 4992.95336      -   230 2625s
 16249 13490 8000.37725  180   33          - 4993.02923      -   229 2666s
 16355 13490 8687.63060  206   22          - 4993.02923      -   228 2670s
 16578 13537 5639.61771   50  414          - 4993.02923      -   226 2675s
 16678 13861 5639.61771   51  410          - 4993.02923      -   226 2710s
 16848 13861 7551.84001  172   50          - 4993.02923      -   226 2715s
 17010 14023 5919.65116   70  204          - 4993.02923      -   225 2754s
 17023 14023 5912.79723   74  196          - 4993.02923      -   225 2756s
 17225 14058 8876.28000  244    8          - 4993.02923      -   223 2760s
 17259 14208 6142.11995   92  237          - 4993.02923      -   224 2784s
 17285 14208 6296.51229  104  160          - 4993.02923      -   224 2785s
 17402 14653 6696.68630  123  120          - 4994.92868      -   224 2825s
 17573 14662 7576.17333  174   27          - 4994.92868      -   223 2830s
 17821 14692 8630.50000  268   10          - 4994.92868      -   221 2835s
 17983 14827 5178.39665   34  499          - 4994.92868      -   220 2863s
 18096 15018 5821.07090   57  337          - 4994.92868      -   221 2893s
 18303 15246 6083.22117   80  285          - 4994.92868      -   221 2927s
 18380 15246 7363.61606  154   31          - 4994.92868      -   221 2930s
 18598 15277 8863.36750  220   16          - 4994.92868      -   219 2935s
 18658 15382 6328.07914   94  262          - 4994.92868      -   219 2963s
 18710 15382 6670.66926  113  190          - 4994.92868      -   219 2965s
 18744 15703 6852.80100  115  114          - 4995.99996      -   220 3002s
 18861 15703 7363.69641  155   43          - 4995.99996      -   219 3005s
 19119 15738 9203.99000  229   10          - 4995.99996      -   217 3010s
 19191 15831 5466.43556   19  567          - 4995.99996      -   218 3034s
 19211 15831 5569.08749   35  391          - 4995.99996      -   218 3035s
 19286 15926 infeasible   56               - 4996.50475      -   218 3060s
 19391 16047 5602.53904   56  292          - 4996.50475      -   219 3093s
 19404 16047 5700.33796   61  308          - 4996.50475      -   219 3096s
 19516 16212 5905.88329   70  291          - 4996.50475      -   219 3292s
 19634 16213 6270.80692  122   12          - 4996.50475      -   219 3295s
 19711 16357 6369.46868  113   22          - 4999.32775      -   219 3327s
 19849 16378 5397.89749   33  404          - 4999.32775      -   219 3330s
 19908 16452 5653.86304   38  333          - 4999.32775      -   220 3359s
 19934 16452 5819.99418   54  274          - 4999.32775      -   220 3360s
 19999 16571 5930.13194   62  286          - 4999.32775      -   220 3388s
 20051 16571 6308.77315   80  221          - 4999.32775      -   221 3390s
 20118 16783 6363.64023   81  217          - 4999.32775      -   221 3419s
 20144 16783 6359.13361   91  219          - 4999.32775      -   221 3420s
 20344 17011 6555.65230  113  107          - 4999.83999      -   221 3462s
 20463 17016 7060.00000  159    -          - 4999.83999      -   220 3465s
 20691 17151 5702.30479   35  352          - 4999.90856      -   220 3499s
 20717 17151 6103.96594   56  288          - 4999.90856      -   220 3500s
 20798 17236 6349.63022   77  271          - 4999.90856      -   220 3530s
 20908 17298 7655.28305  104  220          - 4999.98839      -   221 3564s
 20932 17298 5761.60175   42  366          - 4999.98839      -   221 3565s
 20998 17413 6096.18571   58  278          - 5000.22761      -   222 3597s
 21083 17413 5607.37491   51   90          - 5000.22761      -   222 3600s

Cutting planes:
  User: 3887
  Gomory: 23
  Cover: 602
  Implied bound: 99
  Clique: 11
  MIR: 289
  Flow cover: 729
  Zero half: 103
  RLT: 469
  Relax-and-lift: 14
  Lazy constraints: 2223

Explored 21117 nodes (4715725 simplex iterations) in 3600.99 seconds
Thread count was 2 (of 32 available processors)

Solution count 0

Time limit reached
Best objective -, best bound 5.000227611109e+03, gap -

User-callback calls 294682, time in user-callback 395.50 sec
================================================================================
executing instance: ./input/Instances/Original/5/absH3low_4n25.dat
--------------------------------------------------------------------------------
Instance details
n	26
H	3
C	2029
Li:
[0, 0, 0, 0, 0, 0, 0, 0, 0, 0, 0, 0, 0, 0, 0, 0, 0, 0, 0, 0, 0, 0, 0, 0, 0, 0, ]
Ui:
[0, 34, 165, 76, 88, 188, 58, 279, 52, 132, 198, 142, 135, 165, 186, 58, 201, 196, 40, 183, 32, 90, 168, 126, 93, 146, ]
Distance matrix:
|0	299	188	235	91	202	152	147	162	277	268	132	71	162	220	69	220	289	241	124	265	80	162	132	66	302	|
|299	0	468	431	282	142	317	425	443	569	193	178	359	302	422	231	93	28	511	325	457	242	434	215	240	601	|
|188	468	0	153	265	342	308	43	192	106	455	290	117	206	142	246	379	464	252	274	360	267	211	319	231	184	|
|235	431	153	0	326	289	386	145	321	240	482	269	184	129	15	258	339	436	393	355	477	305	336	354	237	334	|
|91	282	265	326	0	228	66	228	166	339	196	157	154	242	311	99	225	264	229	50	201	47	153	71	115	340	|
|202	142	342	289	228	0	285	301	363	447	255	73	245	161	281	139	53	151	440	278	428	181	360	187	136	495	|
|152	317	308	386	66	285	0	275	167	368	188	217	207	308	371	163	274	295	210	34	145	108	148	104	181	350	|
|147	425	43	145	228	301	275	0	179	146	415	248	76	172	131	203	337	421	248	242	341	227	195	279	188	211	|
|162	443	192	321	166	363	167	179	0	216	352	291	152	302	307	225	375	428	81	138	170	201	22	237	227	183	|
|277	569	106	240	339	447	368	146	216	0	535	391	210	312	232	341	481	562	245	335	381	352	238	402	329	106	|
|268	193	455	482	196	255	188	415	352	535	0	225	339	367	469	224	212	165	398	214	302	188	335	136	245	533	|
|132	178	290	269	157	73	217	248	291	391	225	0	183	145	258	66	91	175	367	207	358	110	287	127	67	431	|
|71	359	117	184	154	245	207	76	152	210	339	183	0	152	169	131	274	352	232	174	294	151	161	203	119	251	|
|162	302	206	129	242	161	308	172	302	312	367	145	152	0	120	153	210	308	383	284	426	208	309	249	132	383	|
|220	422	142	15	311	281	371	131	307	232	469	258	169	120	0	245	330	427	379	340	461	291	321	340	224	324	|
|69	231	246	258	99	139	163	203	225	341	224	66	131	153	245	0	152	222	301	147	299	57	221	97	22	371	|
|220	93	379	339	225	53	274	337	375	481	212	91	274	210	330	152	0	99	448	273	419	180	369	171	157	521	|
|289	28	464	436	264	151	295	421	428	562	165	175	352	308	427	222	99	0	493	305	434	227	418	196	234	590	|
|241	511	252	393	229	440	210	248	81	245	398	367	232	383	379	301	448	493	0	190	147	270	80	298	305	175	|
|124	325	274	355	50	278	34	242	138	335	214	207	174	284	340	147	273	305	190	0	152	97	122	110	162	320	|
|265	457	360	477	201	428	145	341	170	381	302	358	294	426	461	299	419	434	147	152	0	248	150	249	312	322	|
|80	242	267	305	47	181	108	227	201	352	188	110	151	208	291	57	180	227	270	97	248	0	192	52	76	366	|
|162	434	211	336	153	360	148	195	22	238	335	287	161	309	321	221	369	418	80	122	150	192	0	224	225	203	|
|132	215	319	354	71	187	104	279	237	402	136	127	203	249	340	97	171	196	298	110	249	52	224	0	118	409	|
|66	240	231	237	115	136	181	188	227	329	245	67	119	132	224	22	157	234	305	162	312	76	225	118	0	364	|
|302	601	184	334	340	495	350	211	183	106	533	431	251	383	324	371	521	590	175	320	322	366	203	409	364	0	|

--------------------------------------------------------------------------------
Building model...
	using lazy and cut (CVRPSEP package)
Solving IRP LP...
--------------------------------------------------------------------------------

Gurobi 9.1.0 (linux64) logging started Fri Jan 29 01:26:59 2021

Gurobi Optimizer version 9.1.0 build v9.1.0rc0 (linux64)
Thread count: 32 physical cores, 32 logical processors, using up to 2 threads
Optimize a model with 890 rows, 4616 columns and 11627 nonzeros
Model fingerprint: 0xb554f7b1
Variable types: 404 continuous, 4212 integer (312 binary)
Coefficient statistics:
  Matrix range     [1e+00, 5e+02]
  Objective range  [1e-02, 6e+02]
  Bounds range     [1e+00, 3e+02]
  RHS range        [2e+01, 3e+03]
Presolve removed 104 rows and 26 columns
Presolve time: 0.03s
Presolved: 786 rows, 4590 columns, 10872 nonzeros
Variable types: 378 continuous, 4212 integer (3912 binary)

Root relaxation: objective 2.491208e+03, 1047 iterations, 0.02 seconds

    Nodes    |    Current Node    |     Objective Bounds      |     Work
 Expl Unexpl |  Obj  Depth IntInf | Incumbent    BestBd   Gap | It/Node Time

     0     0 2491.20830    0   96          - 2491.20830      -     -    0s
     0     0 2582.57009    0  121          - 2582.57009      -     -    0s
     0     0 2593.89902    0  118          - 2593.89902      -     -    0s
