




arguments: ./build/mirp_solver -f ./input/orig_exec_348.cfg
Current dir: /scratch/gui/bnc_mirp
File verbosity level: 9
date       time         ( uptime  ) [ thread name/id ]                   file:line     v| 
2021-01-23 14:38:45.415 (   0.058s) [main thread     ]             loguru.cpp:789   INFO| Logging to './output/vi_cus/OU/V4/Original/execution_23_01_2021_14_38_45.log', mode: 'a', verbosity: 9
--------------------------------------------------------------------------------
Parameters
                           instance_path           ./input/Instances/Original/3/
                            model_policy                                       1
                             nb_vehicles                                       4
                              output_dir         ./output/vi_cus/OU/V4/Original/
                            sec_strategy                                       1
                       solver_nb_threads                                       2
                         solver_show_log                                    true
                       solver_time_limit                                    3600
                              use_vi_cos                                   false
                              use_vi_cus                                    true
                         use_vi_hc1_full                                   false
                         use_vi_hc1_half                                   false
                      use_vi_hc1_quarter                                   false
                              use_vi_hc2                                   false
                              use_vi_hc3                                   false
                         use_vi_lex_full                                   false
                         use_vi_lex_half                                   false
                      use_vi_lex_quarter                                   false
                              use_vi_qua                                   false
                               use_vi_vc                                   false
                               use_vi_vr                                   false
--------------------------------------------------------------------------------
executing instance: ./input/Instances/Original/3/absH3low_2n5.dat
--------------------------------------------------------------------------------
Instance details
n	6
H	3
C	237
Li:
[0, 0, 0, 0, 0, 0, ]
Ui:
[0, 93, 180, 51, 114, 24, ]
Distance matrix:
|0	170	318	35	112	235	|
|170	0	311	205	258	301	|
|318	311	0	326	278	137	|
|35	205	326	0	89	230	|
|112	258	278	89	0	160	|
|235	301	137	230	160	0	|

--------------------------------------------------------------------------------
Building model...
	using lazy and cut (CVRPSEP package)
Solving IRP LP...
--------------------------------------------------------------------------------

Gurobi 9.1.0 (linux64) logging started Sat Jan 23 14:38:45 2021

Gurobi Optimizer version 9.1.0 build v9.1.0rc0 (linux64)
Thread count: 32 physical cores, 32 logical processors, using up to 2 threads
Optimize a model with 210 rows, 336 columns and 1167 nonzeros
Model fingerprint: 0xa0298aff
Variable types: 84 continuous, 252 integer (72 binary)
Coefficient statistics:
  Matrix range     [1e+00, 2e+02]
  Objective range  [1e-02, 3e+02]
  Bounds range     [1e+00, 2e+02]
  RHS range        [1e+01, 5e+02]
Presolve removed 24 rows and 23 columns
Presolve time: 0.00s

Explored 0 nodes (0 simplex iterations) in 0.01 seconds
Thread count was 1 (of 32 available processors)

Solution count 0

Model is infeasible
Best objective -, best bound -, gap -

User-callback calls 33, time in user-callback 0.00 sec

Computing Irreducible Inconsistent Subsystem (IIS)...

           Constraints          |            Bounds           |  Runtime
      Min       Max     Guess   |   Min       Max     Guess   |
--------------------------------------------------------------------------
        0       210         -         0       464         -           0s
       30        30         -        49        49         -           0s

IIS computed: 30 constraints, 49 bounds
IIS runtime: 0.35 seconds
================================================================================
executing instance: ./input/Instances/Original/3/absH3high_5n30.dat
--------------------------------------------------------------------------------
Instance details
n	31
H	3
C	2296
Li:
[0, 0, 0, 0, 0, 0, 0, 0, 0, 0, 0, 0, 0, 0, 0, 0, 0, 0, 0, 0, 0, 0, 0, 0, 0, 0, 0, 0, 0, 0, 0, ]
Ui:
[0, 80, 90, 297, 28, 264, 123, 192, 112, 32, 72, 88, 294, 129, 126, 105, 110, 237, 246, 92, 72, 147, 54, 96, 128, 96, 84, 28, 74, 196, 192, ]
Distance matrix:
|0	87	302	65	389	171	219	120	412	339	129	63	169	401	383	158	393	161	246	275	64	287	345	235	13	274	106	201	85	358	135	|
|87	0	334	128	402	212	301	204	465	384	187	145	232	424	454	238	475	245	289	352	80	307	352	321	81	352	20	261	170	376	215	|
|302	334	0	239	113	132	237	334	157	70	404	263	162	105	227	229	339	251	65	217	259	53	107	352	293	220	339	134	270	75	235	|
|65	128	239	0	330	107	175	130	348	275	174	40	107	339	326	114	351	125	181	224	58	228	290	222	58	224	143	138	65	297	92	|
|389	402	113	330	0	226	349	438	210	151	502	360	269	48	316	339	441	362	175	328	335	102	55	465	377	330	401	245	371	37	342	|
|171	212	132	107	226	0	169	214	253	173	276	134	64	233	261	130	326	153	77	188	133	125	192	264	162	190	220	68	145	193	125	|
|219	301	237	175	349	169	0	157	257	223	244	157	105	334	180	62	175	61	177	63	233	264	334	118	221	61	317	112	136	312	85	|
|120	204	334	130	438	214	157	0	402	348	88	90	173	438	336	115	307	100	269	220	172	338	406	122	130	218	224	204	69	403	101	|
|412	465	157	348	210	253	257	402	0	88	486	359	245	166	129	287	266	303	178	204	386	208	239	370	406	207	473	212	354	187	304	|
|339	384	70	275	151	173	223	348	88	0	427	291	179	120	166	234	290	254	96	187	306	123	166	342	332	190	391	145	291	119	247	|
|129	187	404	174	502	276	244	88	486	427	0	142	248	508	424	200	390	187	342	308	193	400	464	192	142	306	207	281	136	469	182	|
|63	145	263	40	360	134	157	90	359	291	142	0	114	366	321	95	331	99	202	212	90	258	323	186	65	211	163	148	27	327	72	|
|169	232	162	107	269	64	105	173	245	179	248	114	0	266	222	71	268	94	97	131	155	173	244	203	164	132	245	34	113	233	73	|
|401	424	105	339	48	233	334	438	166	120	508	366	266	0	280	332	409	355	169	305	353	117	96	452	391	308	425	237	374	49	339	|
|383	454	227	326	316	261	180	336	129	166	424	321	222	280	0	231	137	238	208	116	376	277	331	272	381	118	467	197	307	285	253	|
|158	238	229	114	339	130	62	115	287	234	200	95	71	332	231	0	238	23	164	118	171	243	314	134	159	117	255	95	77	302	23	|
|393	475	339	351	441	326	175	307	266	290	390	331	268	409	137	238	0	232	300	138	408	383	445	204	395	136	492	258	308	406	260	|
|161	245	251	125	362	153	61	100	303	254	187	99	94	355	238	23	232	0	187	123	183	267	338	111	164	121	262	117	77	325	34	|
|246	289	65	181	175	77	177	269	178	96	342	202	97	169	208	164	300	187	0	168	210	87	157	290	238	171	296	70	206	138	170	|
|275	352	217	224	328	188	63	220	204	187	308	212	131	305	116	118	138	123	168	0	279	255	322	166	275	3	367	120	195	291	141	|
|64	80	259	58	335	133	233	172	386	306	193	90	155	353	376	171	408	183	210	279	0	236	289	276	51	279	90	182	117	307	150	|
|287	307	53	228	102	125	264	338	208	123	400	258	173	117	277	243	383	267	87	255	236	0	71	374	276	257	308	153	270	71	245	|
|345	352	107	290	55	192	334	406	239	166	464	323	244	96	331	314	445	338	157	322	289	71	0	445	334	325	350	224	337	54	315	|
|235	321	352	222	465	264	118	122	370	342	192	186	203	452	272	134	204	111	290	166	276	374	445	0	243	164	341	221	159	428	142	|
|13	81	293	58	377	162	221	130	406	332	142	65	164	391	381	159	395	164	238	275	51	276	334	243	0	274	100	196	89	347	136	|
|274	352	220	224	330	190	61	218	207	190	306	211	132	308	118	117	136	121	171	3	279	257	325	164	274	0	367	122	194	294	140	|
|106	20	339	143	401	220	317	224	473	391	207	163	245	425	467	255	492	262	296	367	90	308	350	341	100	367	0	272	188	377	232	|
|201	261	134	138	245	68	112	204	212	145	281	148	34	237	197	95	258	117	70	120	182	153	224	221	196	122	272	0	146	208	103	|
|85	170	270	65	371	145	136	69	354	291	136	27	113	374	307	77	308	77	206	195	117	270	337	159	89	194	188	146	0	337	54	|
|358	376	75	297	37	193	312	403	187	119	469	327	233	49	285	302	406	325	138	291	307	71	54	428	347	294	377	208	337	0	306	|
|135	215	235	92	342	125	85	101	304	247	182	72	73	339	253	23	260	34	170	141	150	245	315	142	136	140	232	103	54	306	0	|

--------------------------------------------------------------------------------
Building model...
	using lazy and cut (CVRPSEP package)
Solving IRP LP...
--------------------------------------------------------------------------------

Gurobi 9.1.0 (linux64) logging started Sat Jan 23 14:38:46 2021

Gurobi Optimizer version 9.1.0 build v9.1.0rc0 (linux64)
Thread count: 32 physical cores, 32 logical processors, using up to 2 threads
Optimize a model with 1060 rows, 6436 columns and 15742 nonzeros
Model fingerprint: 0xdb263a09
Variable types: 484 continuous, 5952 integer (372 binary)
Coefficient statistics:
  Matrix range     [1e+00, 6e+02]
  Objective range  [1e-01, 5e+02]
  Bounds range     [1e+00, 3e+02]
  RHS range        [1e+01, 4e+03]
Presolve removed 124 rows and 31 columns
Presolve time: 0.03s
Presolved: 936 rows, 6405 columns, 14837 nonzeros
Variable types: 453 continuous, 5952 integer (5592 binary)

Root relaxation: objective 8.994719e+03, 1221 iterations, 0.03 seconds

    Nodes    |    Current Node    |     Objective Bounds      |     Work
 Expl Unexpl |  Obj  Depth IntInf | Incumbent    BestBd   Gap | It/Node Time

     0     0 8994.71908    0  107          - 8994.71908      -     -    0s
     0     0 9282.93888    0  130          - 9282.93888      -     -    0s
     0     0 9312.28326    0  139          - 9312.28326      -     -    0s
     0     0 9586.67285    0  184          - 9586.67285      -     -    0s
     0     0 9650.68552    0  197          - 9650.68552      -     -    0s
     0     0 9650.71789    0  190          - 9650.71789      -     -    0s
     0     0 9795.94247    0  182          - 9795.94247      -     -    0s
     0     0 9803.19401    0  198          - 9803.19401      -     -    0s
     0     0 9807.11867    0  205          - 9807.11867      -     -    0s
     0     0 9807.14352    0  195          - 9807.14352      -     -    0s
     0     0 9896.05610    0  224          - 9896.05610      -     -    1s
     0     0 9914.88229    0  230          - 9914.88229      -     -    1s
     0     0 9920.00199    0  249          - 9920.00199      -     -    1s
     0     0 9922.65623    0  233          - 9922.65623      -     -    1s
     0     0 9922.90744    0  250          - 9922.90744      -     -    1s
     0     0 9948.54429    0  269          - 9948.54429      -     -    1s
     0     0 9957.17788    0  240          - 9957.17788      -     -    1s
     0     0 9958.85683    0  232          - 9958.85683      -     -    1s
     0     0 9959.01854    0  297          - 9959.01854      -     -    1s
     0     0 9974.83244    0  300          - 9974.83244      -     -    1s
     0     0 9979.68341    0  246          - 9979.68341      -     -    1s
     0     0 9980.44094    0  282          - 9980.44094      -     -    1s
     0     0 9995.89717    0  323          - 9995.89717      -     -    2s
     0     0 10005.7198    0  291          - 10005.7198      -     -    2s
     0     0 10007.8386    0  344          - 10007.8386      -     -    2s
     0     0 10008.1176    0  349          - 10008.1176      -     -    2s
     0     0 10013.7638    0  348          - 10013.7638      -     -    2s
     0     0 10013.7700    0  345          - 10013.7700      -     -    2s
     0     0 10015.6217    0  296          - 10015.6217      -     -    2s
     0     0 10016.9259    0  399          - 10016.9259      -     -    2s
     0     0 10017.9527    0  294          - 10017.9527      -     -    3s
     0     0 10017.9527    0  233          - 10017.9527      -     -    3s
     0     2 10018.0971    0  226          - 10018.0971      -     -    3s
    28    31 10057.8841   10  344          - 10018.1592      -   359    5s
   114   127 10570.7540   33  166          - 10018.1592      -   371   10s
   337   380 11967.3352  123   92          - 10018.1592      -   223   15s
   604   570 10234.5910   13  293          - 10018.1592      -   168   20s
   662   636 10884.7804   33  278          - 10018.1592      -   191   25s
   733   693 12297.0035  133  109          - 10018.1592      -   199   30s
   768   717 10227.7588   13  479          - 10058.1383      -   190   35s
   790   731 12214.7254  131  477          - 10064.7521      -   184   40s
   832   760 11078.0503   63  325          - 10069.9627      -   190   45s
   865   782 11858.4733  121  388          - 10071.7778      -   183   50s
   890   804 10090.8149   34  395          - 10076.1129      -   194   56s
   898   809 10132.3366   36  296          - 10085.8850      -   194   60s
   975   858 10193.8988   55  200          - 10101.1569      -   200   65s
  1072   929 10435.9660   81  172          - 10101.1569      -   205   70s
  1201  1024 10830.4927  114  161          - 10101.1569      -   212   75s
  1376  1138 11361.8551  152  167          - 10101.1569      -   210   80s
  1570  1275 12669.9683  206  101          - 10101.1569      -   204   85s
  1780  1364 11862.8778  239  135          - 10101.1569      -   196   90s
  1917  1443 12535.6425  287  123          - 10101.1569      -   197   95s
  2069  1537 10178.0364   44  263          - 10112.9774      -   196  101s
  2231  1657 10318.6790   62  249          - 10112.9774      -   193  106s
  2360  1709 10445.9600   89  147          - 10112.9774      -   192  110s
  2501  1833 11076.3423  146  135          - 10112.9774      -   191  116s
  2631  1966 11672.4975  209  167          - 10112.9774      -   188  120s
  2950  2066 12731.1723  347  108          - 10112.9774      -   174  131s
  3115  2160 10250.6765   38  335          - 10118.6624      -   169  136s
  3188  2184 10336.9187   50  260          - 10118.6624      -   171  140s
  3276  2256 10722.8012   69  138          - 10118.6624      -   176  146s
  3378  2378 11154.1006  100  125          - 10118.6624      -   178  151s
  3518  2583 11815.8320  157  120          - 10118.6624      -   179  156s
  3642  2906 12148.3377  221   85          - 10118.6624      -   177  160s
  3980  2954 infeasible  339               - 10126.6158      -   167  165s
  4239  3205 10380.5344   46  277          - 10126.6158      -   164  172s
  4336  3244 10437.8744   50  254          - 10126.6158      -   163  175s
  4420  3355 10867.4940   79  185          - 10126.6158      -   166  180s
  4556  3531 11396.7393  124  140          - 10126.6158      -   167  187s
  4665  3812 11835.9023  170  111          - 10126.6158      -   166  192s
  4946  4095 13109.3421  253   82          - 10127.4185      -   161  198s
  5293  4138 10350.8558   38  324          - 10128.7175      -   155  202s
  5327  4167 10494.0804   47  229          - 10128.7175      -   156  205s
  5399  4377 10796.8123   66   28          - 10128.7175      -   159  212s
  5582  4546 infeasible  154               - 10128.9871      -   158  217s
  5807  4668 10215.2342   43  340          - 10128.9871      -   156  221s
  5945  4697 10372.6481   54  317          - 10128.9871      -   155  225s
  6017  4781 10694.9155   68  147          - 10128.9871      -   158  232s
  6058  4939 10778.0232   82  145          - 10128.9871      -   159  236s
  6234  5061 11191.7971  138   45          - 10130.5604      -   158  241s
  6374  5105 10285.3737   41  330          - 10130.5604      -   158  245s
  6559  5244 10599.9860   51  277          - 10130.5604      -   158  253s
  6587  5272 infeasible   59               - 10130.5604      -   160  257s
  6621  5306 infeasible   66               - 10131.8980      -   162  261s
  6673  5340 10282.9820   42  333          - 10131.8980      -   163  265s
  6780  5572 10620.6842   60  194          - 10131.8980      -   166  289s
  6937  5574 11185.8545  156   73          - 10131.8980      -   165  290s
  6943  5950 10934.7315   92   94          - 10132.0607      -   165  295s
  7373  6010 10596.3761   43  296          - 10132.4354      -   159  302s
  7433  6220 10792.5683   59  205          - 10132.4354      -   160  308s
  7681  6666 11247.4579  101  112          - 10135.0212      -   160  317s
  8201  6799 10339.6101   40  307          - 10135.6181      -   154  325s
  8336  6900 10595.6917   50  169          - 10135.6181      -   155  331s
  8437  7154 11118.4797   92  149          - 10135.9755      -   156  339s
  8657  7174 10252.9367   50  312          - 10135.9755      -   154  340s
  8755  7268 10277.4083   49  228          - 10135.9755      -   154  346s
  8869  7423 10678.3594   61  100          - 10135.9755      -   155  353s
  9029  7623 11577.6081  143   23          - 10136.7559      -   156  359s
  9266  7675 10615.6066   54  184          - 10136.7559      -   155  365s
  9329  7793 10769.6137   81   74          - 10144.1422      -   156  372s
  9483  7921 10311.3707   42  344          - 10144.1422      -   157  378s
  9645  7993 10383.1271   47  255          - 10144.1422      -   157  384s
  9703  8129 10638.0579   52  213          - 10144.1422      -   159  391s
  9863  8235 10918.4304   72  103          - 10144.1422      -   159  397s
  9969  8353 11283.9006  127   65          - 10149.7193      -   160  403s
 10113  8447 10421.5440   51  244          - 10149.7193      -   160  410s
 10207  8654 10826.4451   75  112          - 10149.7579      -   162  417s
 10463  8716 10532.9776   51  233          - 10149.8277      -   161  423s
 10524  8917 10877.0081   64  123          - 10152.1549      -   163  430s
 10747  9082 10289.2509   51  256          - 10152.1549      -   163  438s
 10974  9262 10759.6899   72   79          - 10152.7253      -   162  445s
 11168  9423 10521.3420   58  192          - 10152.7253      -   162  452s
 11331  9772 10962.2389   79   60          - 10154.2824      -   163  460s
 11759  9869 10332.1919   50  297          - 10154.3121      -   160  468s
 11864 10033 10620.5077   65  210          - 10155.4071      -   161  475s
 12090 10231 10830.9788   76   59          - 10155.5130      -   161  482s
 12353 10458 10566.6741   60  299          - 10155.5130      -   160  490s
 12571 10604 11712.1980  160   41          - 10159.2990      -   160  497s
 12749 10711 10600.3554   57  217          - 10159.2990      -   161  503s
 12864 10976 10967.3146   77  129          - 10159.6240      -   161  511s
 13173 11054 10542.7262   42  334          - 10159.6240      -   160  518s
 13250 11182 10809.7410   52  157          - 10159.6240      -   161  525s
 13388 11765 11081.0471   67  132          - 10161.3300      -   162  534s
 13498 11782 12262.7135  155   28          - 10161.3300      -   161  535s
 14078 11920 10417.5149   55  266          - 10162.2049      -   157  544s
 14210 12035 10704.6963   70  170          - 10163.8542      -   158  550s
 14349 12225 10236.2376   50  347          - 10163.8542      -   158  558s
 14565 12349 10675.8926   66  211          - 10163.8829      -   158  564s
 14635 12349 10995.8724  114    8          - 10163.8829      -   158  565s
 14714 12399 10233.9874   43  340          - 10164.9583      -   158  570s
 14754 12428 10469.8554   52  266          - 10164.9583      -   159  576s
 14783 12630 10694.5502   60  185          - 10165.0691      -   160  583s
 15042 12669 10412.6234   54  299          - 10165.3170      -   160  589s
 15079 12751 10508.6234   57  252          - 10165.3170      -   161  595s
 15161 12891 10627.3317   62  265          - 10165.3170      -   162  602s
 15321 13212 10887.7685   76   83          - 10168.5331      -   162  610s
 15689 13387 10234.0576   43  317          - 10168.5331      -   161  620s
 15902 13593 10576.1751   58  175          - 10170.2144      -   161  628s
 16126 13658 10494.5161   44  262          - 10170.2144      -   161  635s
 16191 13935 10780.0705   61  128          - 10170.5366      -   162  643s
 16522 14118 10387.9874   49  287          - 10170.5366      -   161  650s
 16722 14415 11028.8721   87   56          - 10172.3388      -   161  658s
 17091 14612 10675.9623   55  222          - 10173.2073      -   160  667s
 17346 14788 11068.1579   84   14          - 10174.6750      -   159  675s
 17591 14828 10445.0710   54  270          - 10174.6750      -   159  681s
 17635 14923 10890.0369   69  222          - 10174.6750      -   160  730s
 17736 15118 10989.5355   84  199          - 10175.0009      -   160  738s
 17993 15222 10271.8107   50  295          - 10175.1654      -   160  745s
 18097 15384 10972.9258   94   40          - 10176.2540      -   161  753s
 18319 15512 10714.9796   63  155          - 10178.2525      -   161  760s
 18459 15618 infeasible  117               - 10180.2617      -   161  766s
 18579 15723 11208.8986   57  200          - 10180.2617      -   161  773s
 18704 15852 11793.6903   85  122          - 10186.7920      -   162  782s
 18847 15971 10446.9103   41  263          - 10186.7920      -   162  789s
 18972 16183 10770.0997   57  214          - 10187.2100      -   163  798s
 19234 16321 10223.6287   48  348          - 10187.3106      -   162  806s
 19383 16569 10637.2068   61  222          - 10187.4743      -   163  813s
 19747 16645 10695.8620   53  334          - 10189.9144      -   162  820s
 19790 16695 10687.7134   58  355          - 10189.9144      -   163  826s
 19840 16760 10947.7318   62  301          - 10189.9144      -   164  833s
 19911 16848 10897.3801   66  297          - 10189.9144      -   164  840s
 20078 16935 11150.6076   77  243          - 10189.9144      -   165  847s
 20165 17248 11473.6059   93   95          - 10191.3659      -   165  856s
 20621 17364 10786.0539   68  259          - 10192.3151      -   164  864s
 20656 17364 11165.5808   85   92          - 10192.3151      -   164  865s
 20710 17517 11312.1796  102   72          - 10193.7525      -   164  872s
 20902 17582 10483.9570   50  246          - 10193.7525      -   165  882s
 20961 17772 10783.3105   61  153          - 10193.7525      -   165  890s
 21155 17940 11721.6765  116   49          - 10194.3459      -   166  898s
 21390 18020 10911.6547   66  179          - 10194.4019      -   166  905s
 21472 18318 11196.1250   89  133          - 10194.4019      -   166  913s
 21813 18491 11948.1119  127   25          - 10196.1627      -   166  920s
 22009 18750 10823.4422   73  137          - 10196.2159      -   166  929s
 22190 18764 12111.0167  176    9          - 10196.2159      -   165  930s
 22331 18841 11326.0548  104  116          - 10196.8743      -   165  937s
 22417 19072 10580.7802   54  306          - 10196.8743      -   166  945s
 22719 19121 10611.1436   56  261          - 10196.8743      -   165  952s
 22765 19350 11046.2284   72  113          - 10198.2185      -   166  960s
 23124 19436 10392.6498   49  335          - 10198.2185      -   165  968s
 23180 19528 10668.7413   59  270          - 10198.2185      -   165  975s
 23274 19804 11075.9572   96  122          - 10198.9461      -   166  982s
 23601 20038 10765.8191   72  133          - 10199.2236      -   165  990s
 23887 20136 10556.5197   50  234          - 10199.8523      -   164  998s
 23985 20241 11121.6556  103    4          - 10200.0986      -   164 1005s
 24120 20426 10837.0475   57  109          - 10200.0986      -   165 1013s
 24333 20680 11151.0644   98  120          - 10206.5668      -   165 1022s
 24646 20953 10593.2635   59  254          - 10206.5668      -   164 1033s
 24901 21182 10855.2835   72  140          - 10207.3135      -   163 1041s
 25177 21364 10557.4356   53  221          - 10207.5781      -   163 1049s
 25375 21693 11160.7444   77  141          - 10207.7685      -   163 1057s
 25796 21864 10659.0638   66  214          - 10207.9046      -   162 1066s
 25951 22001 11313.2612  106   34          - 10208.1479      -   162 1074s
 26152 22143 10690.6160   60  181          - 10208.7152      -   163 1081s
 26328 22331 11512.6007   90   68          - 10208.7388      -   163 1089s
 26513 22332 12806.2700  141    8          - 10209.8140      -   163 1090s
 26587 22592 10749.6027   61  198          - 10209.8332      -   163 1097s
 26846 22701 10657.7407   55  255          - 10209.8332      -   162 1104s
 26884 22701 11082.9062   76   61          - 10209.8332      -   163 1105s
 26979 22891 11127.8200   84  106          - 10210.3947      -   163 1112s
 27191 23180 10490.3239   49  332          - 10210.6094      -   163 1120s
 27563 23326 10753.4790   58  292          - 10210.8000      -   162 1128s
 27716 23419 11468.0851   81  202          - 10211.1471      -   162 1135s
 27827 23530 10538.6677   51  134          - 10211.1471      -   162 1143s
 27954 23731 10812.3995   65  146          - 10211.1471      -   163 1150s
 28210 23787 infeasible  134               - 10212.2756      -   163 1157s
 28267 24025 10894.1361   75  130          - 10214.4763      -   163 1165s
 28548 24066 10324.6150   43  225          - 10215.1675      -   163 1171s
 28586 24232 10493.6402   49  286          - 10215.1675      -   163 1178s
 28754 24418 11038.9862   61  141          - 10215.1675      -   164 1186s
 29052 24535 11899.4401   89  125          - 10216.0633      -   163 1194s
 29147 24715 10805.3940   54  200          - 10216.0633      -   163 1201s
 29327 24905 11288.1957   99  120          - 10217.0356      -   164 1209s
 29362 24906 11237.1664  133  109          - 10217.0356      -   164 1210s
 29573 25218 11571.9523  100  137          - 10217.4085      -   163 1219s
 29714 25218 12135.7815  153    9          - 10217.4085      -   163 1220s
 29929 25272 10526.2797   58  239          - 10217.4085      -   163 1226s
 29976 25370 10929.9816   71   98          - 10217.4595      -   163 1233s
 30094 25477 10583.3273   53  249          - 10217.4595      -   164 1240s
 30211 25606 11237.7406  100   96          - 10217.5421      -   164 1248s
 30368 25620 10816.4938   54  344          - 10217.5421      -   164 1254s
 30425 25662 11254.4561   64  198          - 10217.5421      -   165 1261s
 30471 25845 11547.7139   81  186          - 10217.5421      -   165 1268s
 30700 25981 12037.9650  102  131          - 10219.7053      -   165 1276s
 30863 26047 10582.1419   54  311          - 10220.6504      -   165 1282s
 30925 26297 11004.0513   72  140          - 10222.5884      -   166 1291s
 31252 26420 10390.8303   46  333          - 10222.5884      -   165 1298s
 31379 26466 10690.2623   54  277          - 10222.5884      -   165 1305s
 31415 26532 10839.2347   61  226          - 10222.5884      -   165 1311s
 31481 26931 11282.1549   75  161          - 10223.1931      -   166 1321s
 32096 27091 10751.5411   53  211          - 10223.8717      -   164 1330s
 32165 27246 11215.3549   80  118          - 10224.1368      -   164 1338s
 32340 27417 10305.7112   51  276          - 10224.1368      -   164 1347s
 32598 27501 10621.4271   58  218          - 10224.1368      -   164 1354s
 32644 27616 10946.5700   72  158          - 10224.1368      -   165 1361s
 32759 27867 11852.6801  118  124          - 10224.7588      -   165 1368s
 33099 27934 10404.5177   54  263          - 10225.0386      -   164 1375s
 33135 28084 10862.7401   65  210          - 10225.0386      -   165 1383s
 33309 28221 11237.3665   77  125          - 10225.0386      -   165 1390s
 33483 28361 11650.9435  108   98          - 10225.8030      -   165 1399s
 33668 28481 11126.6033   65  163          - 10226.9966      -   165 1406s
 33797 28625 10460.6427   53  264          - 10226.9966      -   166 1414s
 34002 28847 10891.7178   65   86          - 10227.0911      -   165 1421s
 34261 28987 10595.9764   58  305          - 10227.2534      -   165 1431s
 34392 29083 10803.3026   67  221          - 10227.2534      -   166 1437s
 34513 29249 11080.3550   86   97          - 10227.2534      -   166 1446s
 34695 29362 11336.4178  100  108          - 10229.0881      -   166 1455s
 34853 29417 10435.7306   49  306          - 10229.0881      -   166 1461s
 34907 29578 10702.8750   53  234          - 10229.0881      -   167 1470s
 35132 29654 11033.3637   63  159          - 10229.0881      -   167 1478s
 35188 29763 11404.5963   81  150          - 10231.6019      -   167 1485s
 35318 29863 10690.4310   49  246          - 10231.6019      -   167 1492s
 35411 30020 11144.1224   57  132          - 10231.6019      -   168 1499s
 35494 30020 12117.0776  119   12          - 10231.6019      -   168 1500s
 35619 30195 11466.9422   79   96          - 10232.4747      -   168 1507s
 35800 30362 10570.0929   52  285          - 10232.4747      -   168 1516s
 35971 30467 11003.0006   68   96          - 10232.9361      -   168 1523s
 36126 30636 11828.8519   99   54          - 10233.9216      -   168 1531s
 36356 30715 10537.2955   55  343          - 10233.9216      -   168 1538s
 36395 30910 10884.5710   69  199          - 10234.0378      -   168 1545s
 36626 31039 10370.6599   44  333          - 10234.0378      -   168 1554s
 36808 31105 10551.0820   52  197          - 10234.0378      -   168 1560s
 36849 31257 10702.5423   57  229          - 10234.0378      -   168 1568s
 37037 31390 10967.1781   67  173          - 10234.0378      -   168 1576s
 37165 31603 11863.5715   94  101          - 10234.4862      -   169 1585s
 37468 31698 10515.6377   56  188          - 10234.8737      -   168 1593s
 37533 31815 10958.4729   86  123          - 10235.2798      -   169 1601s
 37666 31965 12696.3396  149   44          - 10235.8421      -   169 1609s
 37901 32072 10709.7974   54  412          - 10235.8421      -   169 1617s
 37990 32124 10972.3074   63  359          - 10235.8421      -   169 1623s
 38035 32261 11464.4271   73  290          - 10237.1735      -   169 1631s
 38209 32353 10404.4632   51  274          - 10237.1735      -   169 1638s
 38315 32438 10741.2462   63  200          - 10237.9337      -   170 1646s
 38424 32608 10649.3039   52  154          - 10237.9337      -   170 1654s
 38583 32609 11693.5529  170   24          - 10237.9337      -   170 1655s
 38614 32756 10865.2277   59  242          - 10238.0051      -   170 1663s
 38797 32819 10343.7613   54  277          - 10238.0051      -   170 1670s
 38860 32982 10830.2442   61  201          - 10238.0431      -   171 1679s
 39014 32982 11518.0794   96  108          - 10238.3664      -   171 1680s
 39067 33054 10515.1276   55  273          - 10238.3664      -   171 1686s
 39139 33312 11106.6921   73  165          - 10238.4312      -   171 1696s
 39479 33424 10282.4848   41  326          - 10238.4619      -   171 1705s
 39624 33482 10428.5649   47  335          - 10238.4619      -   171 1712s
 39658 33629 10530.4486   53  186          - 10238.4619      -   172 1720s
 39806 33803 10856.2402   61  159          - 10238.4619      -   172 1729s
 40030 33867 infeasible  151               - 10240.6336      -   172 1736s
 40134 33952 10641.8683   58  248          - 10240.6336      -   172 1743s
 40202 34252 11007.5765   71  184          - 10240.7188      -   172 1752s
 40619 34327 12291.3360  115   76          - 10241.6411      -   171 1759s
 40664 34343 11890.0881  124   95          - 10242.0260      -   171 1760s
 40698 34379 10697.8057   54  254          - 10242.0260      -   172 1765s
 40734 34477 10980.2393   62  202          - 10242.0260      -   172 1773s
 40860 34595 11797.2819   94  138          - 10242.1057      -   172 1780s
 41026 34761 10836.8573   64  168          - 10242.1597      -   172 1788s
 41188 34851 11384.1794   96   66          - 10242.5120      -   172 1796s
 41343 34895 10501.0449   57  310          - 10242.5936      -   172 1802s
 41374 34980 10715.4474   64  256          - 10242.5936      -   173 1810s
 41492 35085 10826.6889   68  220          - 10244.0614      -   173 1818s
 41652 35200 11513.3645   87   88          - 10244.6707      -   173 1826s
 41771 35360 10635.9466   55  232          - 10244.6707      -   173 1834s
 41924 35652 11344.2061   82  118          - 10244.8792      -   173 1844s
 42067 35652 13044.5246  182   10          - 10245.6661      -   173 1845s
 42256 35705 10652.5369   48  250          - 10245.9481      -   173 1852s
 42322 35939 11252.5234   61   71          - 10245.9481      -   173 1861s
 42614 36097 11928.9534   99   34          - 10246.1463      -   173 1871s
 42840 36159 10569.3321   52  324          - 10246.2626      -   173 1877s
 42871 36230 10912.5189   62  231          - 10246.2626      -   173 1884s
 42950 36322 11439.4723   83  153          - 10246.2939      -   174 1892s
 43092 36374 10459.0526   55  381          - 10246.6914      -   174 1899s
 43144 36499 10699.0612   60  241          - 10246.6914      -   174 1906s
 43281 36659 10903.6302   72  184          - 10246.6914      -   174 1914s
 43388 36659 11920.2082  119   20          - 10246.6914      -   174 1915s
 43441 36786 12086.5150  132   14          - 10247.2476      -   174 1922s
 43610 36828 10697.6368   57  292          - 10247.4810      -   175 1929s
 43649 36910 10706.6911   60  308          - 10247.4810      -   175 1937s
 43749 36947 10931.5936   66  262          - 10247.4810      -   175 1943s
 43786 37077 11098.4152   80  206          - 10248.6885      -   176 1951s
 43954 37177 10459.4853   53  286          - 10248.6885      -   176 1958s
 44037 37279 10920.1986   66  170          - 10248.6885      -   176 1965s
 44154 37316 11569.3128   87   96          - 10249.1475      -   176 1971s
 44205 37398 10785.0451   64  311          - 10249.1475      -   177 1979s
 44303 37445 10835.5024   69  297          - 10249.1475      -   177 1986s
 44350 37726 11390.6826   86  164          - 10249.6552      -   177 1995s
 44670 37899 10533.9031   53  215          - 10249.6552      -   177 2005s
 44867 38026 10874.8363   63  185          - 10249.6552      -   177 2013s
 44980 38163 11804.4483  110   87          - 10249.9212      -   177 2021s
 45155 38241 10850.1645   65  281          - 10250.3925      -   177 2028s
 45232 38489 11484.2021   91  124          - 10250.4024      -   177 2038s
 45562 38574 10509.1113   55  336          - 10250.4024      -   177 2045s
 45639 38649 10852.5030   66  215          - 10250.4024      -   177 2052s
 45714 38781 11355.5881   89   55          - 10251.0913      -   178 2060s
 45895 38993 10440.8130   52  294          - 10251.0913      -   178 2070s
 46117 39114 10665.5809   63  235          - 10251.0913      -   178 2078s
 46256 39274 11734.4540  106   75          - 10251.7086      -   178 2087s
 46484 39360 10882.7804   46  307          - 10251.7086      -   177 2095s
 46539 39428 11332.5919   62  264          - 10251.7086      -   178 2102s
 46624 39495 11860.9613   82  202          - 10251.9330      -   178 2109s
 46725 39578 10666.8039   66  203          - 10251.9330      -   178 2117s
 46834 39692 10968.4239   75  180          - 10251.9330      -   179 2125s
 46951 39781 11674.1005  111   75          - 10252.5083      -   179 2133s
 47072 39899 10621.8863   57  232          - 10252.5083      -   179 2141s
 47254 40070 11008.5694   67  180          - 10252.9656      -   179 2149s
 47409 40238 10411.8829   42  225          - 10252.9656      -   179 2159s
 47563 40238 12104.8138  155   15          - 10252.9656      -   179 2160s
 47599 40286 10625.8466   50  211          - 10252.9656      -   179 2166s
 47638 40401 11009.4673   60  120          - 10253.5419      -   180 2175s
 47784 40558 10442.7453   52  333          - 10253.5419      -   180 2186s
 47972 40700 10923.5380   62  147          - 10253.5419      -   180 2194s
 48068 40700 11584.8800  130    9          - 10253.5419      -   180 2195s
 48151 40852 11281.6559  107   88          - 10254.7249      -   180 2203s
 48335 41088 12114.9398  123   68          - 10254.9349      -   180 2212s
 48613 41151 10666.4150   65  271          - 10254.9666      -   180 2219s
 48659 41317 11172.5462   81  152          - 10255.6210      -   180 2229s
 48845 41432 10449.2325   54  265          - 10255.6210      -   180 2238s
 48970 41481 10690.6647   62  225          - 10255.6210      -   180 2245s
 49019 41578 11124.9636   75  246          - 10255.6210      -   180 2252s
 49134 41642 11695.0367  100   14          - 10256.3330      -   181 2260s
 49208 41792 10594.5270   58  275          - 10256.3330      -   181 2268s
 49365 42059 11590.3692   95  106          - 10257.0781      -   181 2278s
 49699 42083 14785.7844  187   22          - 10257.2219      -   181 2280s
 49720 42204 10731.3585   69  237          - 10257.2219      -   181 2289s
 49802 42205 11154.9440   68   27          - 10257.2219      -   181 2290s
 49853 42357 11240.0426   96  131          - 10257.6325      -   181 2297s
 50035 42445 10704.3002   56  349          - 10258.4792      -   181 2305s
 50123 42731 11241.3171  101   60          - 10258.5976      -   181 2314s
 50302 42736 13101.4100  198    -          - 10258.5976      -   181 2315s
 50445 42766 10324.2560   60  357          - 10259.7117      -   181 2321s
 50470 42826 10708.8628   67  268          - 10259.7117      -   181 2328s
 50530 43026 11112.6905   81  163          - 10260.0128      -   181 2337s
 50784 43205 11560.5403   92   81          - 10260.1922      -   181 2346s
 51030 43368 10821.8426   60  209          - 10260.2448      -   181 2355s
 51169 43451 11954.2962  105   71          - 10260.3938      -   181 2364s
 51277 43564 10743.9364   61  199          - 10260.4152      -   181 2372s
 51447 43774 11061.1948   75  149          - 10260.4489      -   181 2381s
 51721 43850 12582.9493  120   66          - 10261.0351      -   181 2389s
 51791 44071 11027.7953   70  102          - 10261.1366      -   181 2398s
 52058 44123 10407.2093   51  244          - 10261.2537      -   181 2405s
 52115 44243 11009.7352   62  216          - 10261.5016      -   182 2414s
 52250 44410 10451.5790   54  330          - 10261.5016      -   182 2423s
 52460 44530 10640.8486   61  272          - 10261.5016      -   182 2431s
 52570 44593 10700.1891   68  351          - 10261.5016      -   182 2438s
 52683 44686 10990.2016   81  233          - 10261.5016      -   182 2445s
 52753 44959 11306.3160  101  146          - 10262.8395      -   182 2454s
 52788 44959 11613.6816  117   44          - 10262.8395      -   182 2455s
 53093 45044 10536.8391   52  243          - 10262.8794      -   182 2462s
 53161 45145 11027.8296   66  167          - 10263.1322      -   182 2470s
 53297 45233 10846.3943   64  227          - 10263.2169      -   182 2478s
 53391 45304 infeasible  107               - 10263.3043      -   182 2485s
 53480 45525 10761.3230   58  267          - 10263.5030      -   182 2494s
 53550 45525 11210.7710  108   31          - 10263.5030      -   182 2495s
 53764 45578 10317.3233   51  315          - 10263.6211      -   182 2502s
 53812 45641 10545.1967   60  227          - 10263.6211      -   182 2510s
 53904 45709 10762.3575   65  194          - 10263.6211      -   183 2518s
 53972 45770 11441.8647  101  116          - 10264.3682      -   183 2525s
 54056 45813 10738.5826   49  220          - 10264.3682      -   183 2532s
 54088 45870 10592.0918   51  231          - 10264.3682      -   183 2539s
 54159 45986 10692.0134   56  197          - 10264.3682      -   183 2547s
 54280 46216 11172.4971   84   32          - 10265.0480      -   184 2558s
 54636 46436 11652.2341   97   81          - 10265.3122      -   183 2568s
 54839 46468 10615.9172   57  267          - 10265.4562      -   183 2574s
 54849 46468 10424.7575   55  292          - 10265.4562      -   183 2575s
 54864 46562 10750.3673   60  272          - 10265.4562      -   183 2582s
 54960 46848 11424.1817  112   44          - 10266.9084      -   184 2590s
 55315 46920 10804.0207   63  280          - 10266.9143      -   183 2599s
 55368 47031 11010.3100   69  275          - 10266.9143      -   183 2607s
