




arguments: ./build/mirp_solver -f ./input/orig_exec_361.cfg
Current dir: /scratch/gui/bnc_mirp
File verbosity level: 9
date       time         ( uptime  ) [ thread name/id ]                   file:line     v| 
2021-01-25 21:53:11.179 (   0.357s) [main thread     ]             loguru.cpp:789   INFO| Logging to './output/vi_cus/OU/V4/Original/execution_25_01_2021_21_53_11.log', mode: 'a', verbosity: 9
--------------------------------------------------------------------------------
Parameters
                           instance_path           ./input/Instances/Original/4/
                            model_policy                                       1
                             nb_vehicles                                       4
                              output_dir         ./output/vi_cus/OU/V4/Original/
                            sec_strategy                                       1
                       solver_nb_threads                                       2
                         solver_show_log                                    true
                       solver_time_limit                                    3600
                              use_vi_cos                                   false
                              use_vi_cus                                    true
                         use_vi_hc1_full                                   false
                         use_vi_hc1_half                                   false
                      use_vi_hc1_quarter                                   false
                              use_vi_hc2                                   false
                              use_vi_hc3                                   false
                         use_vi_lex_full                                   false
                         use_vi_lex_half                                   false
                      use_vi_lex_quarter                                   false
                              use_vi_qua                                   false
                               use_vi_vc                                   false
                               use_vi_vr                                   false
--------------------------------------------------------------------------------
executing instance: ./input/Instances/Original/4/absH3low_3n30.dat
--------------------------------------------------------------------------------
Instance details
n	31
H	3
C	2841
Li:
[0, 0, 0, 0, 0, 0, 0, 0, 0, 0, 0, 0, 0, 0, 0, 0, 0, 0, 0, 0, 0, 0, 0, 0, 0, 0, 0, 0, 0, 0, 0, ]
Ui:
[0, 246, 98, 54, 144, 171, 192, 180, 165, 98, 122, 198, 297, 144, 130, 129, 219, 138, 142, 150, 108, 66, 64, 285, 180, 204, 276, 168, 240, 198, 122, ]
Distance matrix:
|0	172	56	166	260	198	42	197	296	110	91	112	238	275	323	183	330	232	175	181	162	191	232	280	201	139	356	185	266	216	26	|
|172	0	178	223	320	335	153	355	444	62	231	99	333	376	214	352	176	235	194	106	47	41	353	161	299	175	225	43	326	374	153	|
|56	178	0	110	204	162	93	233	336	125	144	148	187	226	358	180	313	284	123	152	182	185	282	252	256	88	329	177	210	251	42	|
|166	223	110	0	102	150	199	327	431	194	253	237	113	156	431	228	296	386	44	140	248	208	389	218	366	48	287	200	108	344	148	|
|260	320	204	102	0	156	296	391	493	296	340	339	66	90	531	263	362	486	127	226	349	300	469	278	454	148	334	292	6	406	245	|
|198	335	162	150	156	0	239	255	351	286	245	307	93	106	518	111	442	423	194	280	344	335	349	367	352	182	437	327	158	266	199	|
|42	153	93	199	296	239	0	203	296	91	82	76	278	316	284	217	322	191	201	186	133	180	217	281	177	165	356	175	302	222	52	|
|197	355	233	327	391	255	203	0	104	294	125	266	340	361	436	151	524	276	352	377	330	383	109	477	146	319	553	377	395	19	222	|
|296	444	336	431	493	351	296	104	0	384	214	348	440	456	488	241	617	315	456	476	412	475	113	575	176	422	651	470	497	88	322	|
|110	62	125	194	296	286	91	294	384	0	171	55	298	340	238	292	233	210	176	118	58	91	298	201	248	148	273	87	302	313	94	|
|91	231	144	253	340	245	82	125	214	171	0	141	307	339	324	184	403	187	266	266	204	261	140	363	114	230	438	256	346	144	116	|
|112	99	148	237	339	307	76	266	348	55	141	0	332	373	212	292	275	156	225	173	64	137	254	253	200	194	322	135	345	284	108	|
|238	333	187	113	66	93	278	340	440	298	307	332	0	43	536	203	404	469	153	253	354	321	427	322	420	160	385	313	67	353	229	|
|275	376	226	156	90	106	316	361	456	340	339	373	43	0	578	216	443	507	194	295	397	364	453	361	451	203	421	356	88	372	268	|
|323	214	358	431	531	518	284	436	488	238	324	212	536	578	0	498	309	176	407	320	183	245	376	344	312	383	379	251	537	451	319	|
|183	352	180	228	263	111	217	151	241	292	184	292	203	216	498	0	492	371	266	328	345	364	255	426	272	242	501	356	266	159	198	|
|330	176	313	296	362	442	322	524	617	233	403	275	404	443	309	492	0	397	253	164	218	142	529	84	475	260	72	147	367	543	306	|
|232	235	284	386	486	423	191	276	315	210	187	156	469	507	176	371	397	0	379	327	188	276	202	396	139	346	456	277	492	289	242	|
|175	194	123	44	127	194	201	352	456	176	266	225	153	194	407	266	253	379	0	101	225	174	405	174	375	36	244	166	133	370	152	|
|181	106	152	140	226	280	186	377	476	118	266	173	253	295	320	328	164	327	101	0	148	76	403	100	360	98	177	69	232	396	155	|
|162	47	182	248	349	344	133	330	412	58	204	64	354	397	183	345	218	188	225	148	0	89	316	208	259	201	270	90	355	348	149	|
|191	41	185	208	300	335	180	383	475	91	261	137	321	364	245	364	142	276	174	76	89	0	388	119	336	162	185	8	306	402	169	|
|232	353	282	389	469	349	217	109	113	298	140	254	427	453	376	255	529	202	405	403	316	388	0	497	64	369	570	384	474	112	256	|
|280	161	252	218	278	367	281	477	575	201	363	253	322	361	344	426	84	396	174	100	208	119	497	0	449	187	77	119	283	496	255	|
|201	299	256	366	454	352	177	146	176	248	114	200	420	451	312	272	475	139	375	360	259	336	64	449	0	339	521	333	460	156	223	|
|139	175	88	48	148	182	165	319	422	148	230	194	160	203	383	242	260	346	36	98	201	162	369	187	339	0	260	153	154	337	116	|
|356	225	329	287	334	437	356	553	651	273	438	322	385	421	379	501	72	456	244	177	270	185	570	77	521	260	0	187	338	572	331	|
|185	43	177	200	292	327	175	377	470	87	256	135	313	356	251	356	147	277	166	69	90	8	384	119	333	153	187	0	298	396	163	|
|266	326	210	108	6	158	302	395	497	302	346	345	67	88	537	266	367	492	133	232	355	306	474	283	460	154	338	298	0	410	251	|
|216	374	251	344	406	266	222	19	88	313	144	284	353	372	451	159	543	289	370	396	348	402	112	496	156	337	572	396	410	0	241	|
|26	153	42	148	245	199	52	222	322	94	116	108	229	268	319	198	306	242	152	155	149	169	256	255	223	116	331	163	251	241	0	|

--------------------------------------------------------------------------------
Building model...
	using lazy and cut (CVRPSEP package)
Solving IRP LP...
--------------------------------------------------------------------------------

Gurobi 9.1.0 (linux64) logging started Mon Jan 25 21:53:11 2021

Gurobi Optimizer version 9.1.0 build v9.1.0rc0 (linux64)
Thread count: 32 physical cores, 32 logical processors, using up to 2 threads
Optimize a model with 1060 rows, 6436 columns and 15742 nonzeros
Model fingerprint: 0x37aa074e
Variable types: 484 continuous, 5952 integer (372 binary)
Coefficient statistics:
  Matrix range     [1e+00, 7e+02]
  Objective range  [1e-02, 7e+02]
  Bounds range     [1e+00, 3e+02]
  RHS range        [3e+01, 5e+03]
Presolve removed 124 rows and 31 columns
Presolve time: 0.03s
Presolved: 936 rows, 6405 columns, 14837 nonzeros
Variable types: 453 continuous, 5952 integer (5592 binary)

Root relaxation: objective 2.396539e+03, 1099 iterations, 0.03 seconds

    Nodes    |    Current Node    |     Objective Bounds      |     Work
 Expl Unexpl |  Obj  Depth IntInf | Incumbent    BestBd   Gap | It/Node Time

     0     0 2396.53937    0   99          - 2396.53937      -     -    0s
     0     0 2585.22668    0  150          - 2585.22668      -     -    0s
     0     0 2588.55916    0  144          - 2588.55916      -     -    0s
     0     0 3114.20682    0  165          - 3114.20682      -     -    0s
     0     0 3151.26545    0  172          - 3151.26545      -     -    0s
     0     0 3156.12829    0  181          - 3156.12829      -     -    0s
     0     0 3157.06669    0  180          - 3157.06669      -     -    0s
     0     0 3157.06669    0  181          - 3157.06669      -     -    0s
     0     0 3266.86789    0  201          - 3266.86789      -     -    0s
     0     0 3270.67780    0  192          - 3270.67780      -     -    0s
     0     0 3299.93925    0  205          - 3299.93925      -     -    0s
     0     0 3322.62277    0  210          - 3322.62277      -     -    1s
     0     0 3324.79164    0  199          - 3324.79164      -     -    1s
     0     0 3324.79256    0  199          - 3324.79256      -     -    1s
     0     0 3376.29599    0  239          - 3376.29599      -     -    1s
     0     0 3380.90090    0  166          - 3380.90090      -     -    1s
     0     0 3381.15378    0  190          - 3381.15378      -     -    1s
     0     0 3478.74267    0  280          - 3478.74267      -     -    1s
     0     0 3480.09990    0  293          - 3480.09990      -     -    1s
     0     0 3480.41843    0  300          - 3480.41843      -     -    1s
     0     0 3516.06601    0  271          - 3516.06601      -     -    2s
     0     0 3523.68075    0  294          - 3523.68075      -     -    2s
     0     0 3526.68145    0  256          - 3526.68145      -     -    2s
     0     0 3526.68565    0  271          - 3526.68565      -     -    2s
     0     0 3530.29408    0  222          - 3530.29408      -     -    2s
     0     0 3530.80678    0  207          - 3530.80678      -     -    2s
     0     0 3535.86232    0  317          - 3535.86232      -     -    2s
     0     0 3535.86232    0  271          - 3535.86232      -     -    3s
     0     2 3536.97449    0  243          - 3536.97449      -     -    3s
    31    34 3606.51996   11  299          - 3542.59094      -   371    5s
   136   143 3930.17789   42  193          - 3542.59094      -   328   10s
   331   358 5983.84174  120  128          - 3542.59094      -   231   15s
*  705   667             243    9715.8300000 3545.17355  63.5%   137   20s
H  728   637                    9633.8300000 3545.23838  63.2%   138   23s
   733   640 4884.75327   70  345 9633.83000 3545.23838  63.2%   137   25s
H  751   619                    9578.8300000 3669.40247  61.7%   134   29s
   756   622 5048.57907   68  530 9578.83000 3671.47108  61.7%   133   30s
H  769   599                    9572.8300000 3674.08745  61.6%   130   34s
   771   600 3930.33325   43  491 9572.83000 3675.12204  61.6%   130   35s
   790   613 4127.98497   45  510 9572.83000 3678.51085  61.6%   127   40s
H  800   589                    9512.8300000 3678.65328  61.3%   146   41s
   814   598 7288.92508  170  507 9512.83000 3678.65328  61.3%   143   45s
H  814   568                    9503.8300000 3678.65328  61.3%   143   45s
H  816   540                    9081.3400000 3678.65385  59.5%   143   46s
H  819   515                    8486.6600000 3678.78300  56.7%   142   47s
H  822   491                    8410.6600000 3678.78578  56.3%   142   48s
   828   498 3842.82544   29  359 8410.66000 3688.42628  56.1%   156   50s
   860   520 3774.63839   37  376 8410.66000 3740.04283  55.5%   175   55s
H  880   507                    8074.2700000 3740.04283  53.7%   182   57s
H  882   482                    7203.0300000 3740.04283  48.1%   183   57s
   910   504 3859.66395   48  382 7203.03000 3740.04283  48.1%   192   60s
   968   550 4076.72256   58  282 7203.03000 3740.04283  48.1%   200   65s
  1052   600 4204.20174   79  240 7203.03000 3740.04283  48.1%   205   70s
  1165   698 4685.89805  113  106 7203.03000 3740.04283  48.1%   204   75s
* 1341   775             182    6518.0100000 3740.04283  42.6%   192   79s
  1361   772     cutoff  183      6518.01000 3740.17952  42.6%   192   81s
  1428   769 3797.98624   38  274 6518.01000 3740.28132  42.6%   194   85s
  1476   792 3932.66799   50  281 6518.01000 3740.28132  42.6%   200   90s
  1555   872 4282.91764   74  183 6518.01000 3740.28132  42.6%   204   95s
  1673   994 5059.69913  112  119 6518.01000 3740.28132  42.6%   203  100s
* 1860  1011             186    6385.1700000 3746.00720  41.3%   194  104s
  1886  1041 3892.12984   36  277 6385.17000 3746.00720  41.3%   195  106s
  1971  1069 4096.70394   47  299 6385.17000 3746.00720  41.3%   195  115s
H 1982  1040                    6246.8600000 3746.00720  40.0%   196  118s
H 1982  1005                    6031.4700000 3746.00720  37.9%   196  118s
  2015  1035 4250.39097   58  213 6031.47000 3746.00720  37.9%   196  121s
  2089  1096 4048.47476   46  196 6031.47000 3746.00720  37.9%   200  125s
  2276  1250 3866.53244   36  357 6031.47000 3765.02553  37.6%   195  131s
  2336  1352 4767.71215   63  185 6031.47000 3792.00624  37.1%   198  136s
  2504  1445 4161.32690   38  484 6031.47000 3792.10181  37.1%   194  141s
  2608  1483 5484.60453   56  152 6031.47000 3799.95529  37.0%   194  146s
  2676  1582 4278.54843   42  314 6031.47000 3799.95529  37.0%   197  151s
  2799  1692 4561.45461   49  264 6031.47000 3799.95529  37.0%   196  156s
  2919  1783 4718.59720   61  227 6031.47000 3799.95529  37.0%   196  162s
  2979  1860 4988.93709   72  226 6031.47000 3799.95529  37.0%   196  166s
  3112  1981 5282.12862   95  226 6031.47000 3799.95529  37.0%   196  172s
  3205  2078 5796.10828  109  139 6031.47000 3799.95529  37.0%   195  176s
  3308  2149 5962.90300  138   34 6031.47000 3815.00720  36.7%   193  180s
  3492  2277 5050.06907   64  173 6031.47000 3818.36310  36.7%   191  188s
  3554  2302 4034.94943   38  436 6031.47000 3818.62257  36.7%   192  191s
  3579  2345 4071.08383   43  296 6031.47000 3818.62257  36.7%   194  195s
  3698  2504 4468.87482   60  188 6031.47000 3818.62257  36.7%   196  203s
  3800  2603 4795.76937   76  131 6031.47000 3818.62257  36.7%   195  208s
  3902  2641 5883.31167  120   51 6031.47000 3820.35453  36.7%   194  213s
  3951  2680     cutoff  127      6031.47000 3820.41855  36.7%   196  216s
  3991  2763 4450.76353   55  217 6031.47000 3820.41855  36.7%   197  220s
  4074  2800 5738.65894  114   51 6031.47000 3821.29882  36.6%   197  226s
  4121  2910 4318.72491   53  271 6031.47000 3821.29882  36.6%   198  231s
  4241  3016     cutoff  105      6031.47000 3821.39185  36.6%   196  237s
H 4293  2572                    5625.7400000 3822.94010  32.0%   196  237s
* 4323  2441             117    5502.7400000 3822.94010  30.5%   196  238s
  4401  2435 4241.31645   47  234 5502.74000 3822.94010  30.5%   194  242s
  4438  2507 4645.25156   54  204 5502.74000 3822.94010  30.5%   196  247s
  4532  2581 5427.81577   73  120 5502.74000 3832.41991  30.4%   196  253s
  4635  2634 4430.13588   51  254 5502.74000 3842.37764  30.2%   195  258s
  4705  2680 4007.77576   43  164 5502.74000 3845.69816  30.1%   196  265s
  4776  2712 4027.73762   37  360 5502.74000 3845.73291  30.1%   196  270s
  4803  2750 4303.17266   41  318 5502.74000 3845.73291  30.1%   198  275s
  4841  2767 4331.44262   49  233 5502.74000 3845.73291  30.1%   200  281s
  4858  2844 4413.10449   52  252 5502.74000 3845.73291  30.1%   200  287s
  4935  2934 4636.35413   67  202 5502.74000 3845.73291  30.1%   201  294s
  5027  3057 4906.31388   85  196 5502.74000 3846.78003  30.1%   201  300s
* 5202  3080             121    5500.9900000 3848.31199  30.0%   199  307s
* 5203  3075             119    5493.9900000 3848.31199  30.0%   199  307s
* 5204  3050             119    5474.9900000 3848.31199  29.7%   199  307s
  5243  3112 4895.83813   50  201 5474.99000 3849.36904  29.7%   201  314s
  5313  3201 4768.03856   48  197 5474.99000 3849.36904  29.7%   202  322s
  5413  3260     cutoff   63      5474.99000 3849.86446  29.7%   201  329s
  5510  3344 4500.54670   55  203 5474.99000 3852.77204  29.6%   202  336s
  5614  3426 4403.21374   52  255 5474.99000 3855.08310  29.6%   202  343s
  5721  3503 4397.09298   51  184 5474.99000 3859.68289  29.5%   202  351s
H 5796  2955                    5230.3300000 3859.68289  26.2%   202  352s
  5813  3014 4308.19623   41  280 5230.33000 3859.91790  26.2%   202  359s
H 5903  3115                    5225.3100000 3865.70426  26.0%   203  368s
  6022  3196 5113.13277   99  118 5225.31000 3866.53244  26.0%   202  377s
  6128  3247 3973.94564   52  351 5225.31000 3867.14929  26.0%   203  384s
  6190  3334 4325.27955   59  301 5225.31000 3867.14929  26.0%   205  392s
  6291  3411 5120.86156   71  116 5225.31000 3875.97080  25.8%   205  401s
  6382  3513 4406.69299   59  303 5225.31000 3876.27153  25.8%   206  410s
  6525  3562 4381.42857   39  240 5225.31000 3880.18336  25.7%   206  419s
  6593  3632 4346.70593   47  303 5225.31000 3890.18241  25.6%   208  427s
  6677  3732 4273.86873   51  334 5225.31000 3894.01742  25.5%   208  436s
H 6811  3793                    5204.6900000 3894.59436  25.2%   208  446s
* 6869  3635              98    5150.8400000 3897.47197  24.3%   208  446s
  6957  3713 4273.48830   44  201 5150.84000 3897.56155  24.3%   208  456s
  7040  3838 4619.58576   74   43 5150.84000 3897.96283  24.3%   208  466s
  7193  3928 5103.99429   99   13 5150.84000 3899.97882  24.3%   208  475s
* 7197  3870             103    5135.0900000 3899.97882  24.1%   208  475s
  7310  3988 5052.50384   83  212 5135.09000 3902.26873  24.0%   208  486s
  7475  4071 4390.15399   48  284 5135.09000 3903.64442  24.0%   208  497s
  7577  4165 4094.95783   44  315 5135.09000 3904.68050  24.0%   209  508s
H 7626  4084                    5112.0900000 3904.68050  23.6%   210  508s
  7693  4188 4159.34185   55  293 5112.09000 3905.02478  23.6%   210  521s
  7821  4284 4572.88427   64  118 5112.09000 3905.02478  23.6%   211  566s
  7927  4381 5029.83910   90  139 5112.09000 3909.00813  23.5%   211  579s
H 8061  4314                    5067.7000000 3911.35127  22.8%   212  592s
  8165  4422 4552.08243   49  163 5067.70000 3913.43273  22.8%   213  605s
  8307  4508 4343.46706   44  315 5067.70000 3913.47607  22.8%   214  618s
  8415  4612 4623.61126   65  204 5067.70000 3915.26696  22.7%   216  632s
  8569  4726 4468.15909   37  363 5067.70000 3917.21895  22.7%   216  646s
  8721  4837 4183.67884   43  176 5067.70000 3921.94538  22.6%   217  660s
  8870  4963 4487.40634   49  164 5067.70000 3922.89854  22.6%   218  674s
  8951  4965 4955.09091   91   14 5067.70000 3922.89854  22.6%   217  675s
H 8988  4957                    5064.7000000 3922.89854  22.5%   218  675s
  9035  5063     cutoff   94      5064.70000 3925.53318  22.5%   219  688s
  9215  5198 4438.87742   50  274 5064.70000 3930.66158  22.4%   220  702s
  9397  5298 4397.60076   62  218 5064.70000 3932.70912  22.4%   220  716s
  9519  5407 4179.25526   36  304 5064.70000 3934.45694  22.3%   221  730s
  9650  5492 4452.27574   44  271 5064.70000 3935.61116  22.3%   223  743s
  9793  5623 4471.31981   55  287 5064.70000 3943.58997  22.1%   224  756s
  9964  5720 4322.40455   47  271 5064.70000 3946.10288  22.1%   224  771s
 10107  5832 4393.94013   55  208 5064.70000 3947.43085  22.1%   225  784s
 10256  5914 4455.30356   58  254 5064.70000 3951.03274  22.0%   225  798s
 10372  6026 4423.32221   45  188 5064.70000 3954.06960  21.9%   227  812s
 10531  6146 4380.60488   48  221 5064.70000 3957.68313  21.9%   227  825s
 10701  6205     cutoff   57      5064.70000 3962.00581  21.8%   228  839s
 10738  6205 4473.61651   42  282 5064.70000 3962.12297  21.8%   228  840s
 10783  6351 4275.02111   53  157 5064.70000 3962.43640  21.8%   228  855s
 11000  6542     cutoff   97      5064.70000 3964.96303  21.7%   228  870s
 11227  6671 4466.31641   58  187 5064.70000 3967.44539  21.7%   227  886s
 11404  6815 5027.49396   73  263 5064.70000 3968.08280  21.7%   227  902s
 11592  6972 4314.10732   52  307 5064.70000 3971.28342  21.6%   227  917s
 11798  7094 4234.22109   40  218 5064.70000 3972.70683  21.6%   227  932s
 11955  7232 4317.19599   57  223 5064.70000 3975.15873  21.5%   228  948s
*12058  6779             107    4988.0200000 3975.15873  20.3%   227  948s
 12134  6901     cutoff   68      4988.02000 3975.90955  20.3%   228  962s
 12316  7050 4401.68643   49  169 4988.02000 3977.05277  20.3%   229  976s
 12532  7119 4633.17163   63  211 4988.02000 3980.19628  20.2%   229  991s
 12628  7187 4424.33767   43  292 4988.02000 3980.73368  20.2%   230 1005s
 12704  7308 4867.94473   65  282 4988.02000 3980.74954  20.2%   232 1020s
 12904  7441 4136.44429   39  369 4988.02000 3981.86336  20.2%   232 1034s
 13072  7624 4801.33954   66  178 4988.02000 3983.60081  20.1%   233 1050s
 13303  7727 4721.51459   59  240 4988.02000 3987.72901  20.1%   232 1065s
 13446  7884 4524.03865   64  208 4988.02000 3991.51380  20.0%   233 1081s
*13518  7861              76    4985.0500000 3991.51380  19.9%   232 1081s
*13522  7783              79    4977.0500000 3991.51380  19.8%   232 1081s
 13660  7852 4279.97664   42  354 4977.05000 3994.90988  19.7%   233 1095s
 13753  7992 4293.27841   60  229 4977.05000 3995.15479  19.7%   234 1110s
 13968  8148 4137.00082   47  352 4977.05000 3998.51439  19.7%   234 1125s
 14158  8307 4756.90156   74  131 4977.05000 3999.96064  19.6%   234 1141s
 14391  8427 4864.22802   77  174 4977.05000 4003.25802  19.6%   233 1157s
 14584  8610 4296.35344   45  143 4977.05000 4004.05643  19.5%   233 1173s
 14804  8610 4684.22306   56  206 4977.05000 4004.32552  19.5%   233 1175s
 14829  8737 4814.20705   55  113 4977.05000 4004.82310  19.5%   233 1189s
 15001  8889 4138.91219   46  196 4977.05000 4008.78548  19.5%   233 1204s
 15188  8999 4091.99581   41  290 4977.05000 4009.22510  19.4%   233 1219s
 15261  8999 4885.93705   74  188 4977.05000 4010.84319  19.4%   234 1220s
 15363  9147 4344.07129   60  302 4977.05000 4011.31270  19.4%   234 1236s
 15548  9284 4500.44440   52  236 4977.05000 4011.88316  19.4%   234 1251s
 15765  9448 4451.79254   49  244 4977.05000 4014.69307  19.3%   234 1267s
 15982  9609 4851.11035   72  116 4977.05000 4016.32238  19.3%   234 1282s
 16217  9705 4261.48876   47  369 4977.05000 4022.81388  19.2%   233 1296s
 16355  9779 4733.79607   61  328 4977.05000 4025.36067  19.1%   234 1311s
 16477  9905 4262.09439   38  329 4977.05000 4027.85281  19.1%   235 1326s
 16649 10059 4218.78721   49  217 4977.05000 4029.99972  19.0%   235 1342s
 16849 10146 4691.75803   57  256 4977.05000 4030.75242  19.0%   235 1356s
 16962 10208 4832.51399   58  303 4977.05000 4031.36331  19.0%   235 1370s
 17084 10357 4174.92615   48  206 4977.05000 4032.46146  19.0%   236 1386s
 17306 10455     cutoff   73      4977.05000 4033.97859  18.9%   237 1401s
 17471 10602 4243.00118   42  358 4977.05000 4035.14718  18.9%   237 1415s
 17639 10750 4803.68819   85  217 4977.05000 4035.51307  18.9%   237 1431s
 17845 10893 4362.03505   61  236 4977.05000 4036.36828  18.9%   237 1446s
 18026 11006 4444.00440   45  214 4977.05000 4036.41300  18.9%   237 1462s
 18163 11088 4690.17800   65  186 4977.05000 4036.80499  18.9%   237 1477s
 18305 11193 4238.41653   46  379 4977.05000 4038.61875  18.9%   237 1492s
 18455 11356 4574.97618   58  102 4977.05000 4039.61088  18.8%   238 1507s
 18681 11527 4463.75769   42  222 4977.05000 4041.57333  18.8%   238 1523s
 18919 11736 4409.47610   58  186 4977.05000 4043.95943  18.7%   237 1539s
 19180 11859 4501.99171   52  213 4977.05000 4046.02657  18.7%   237 1554s
 19277 11859 4194.91989   50  237 4977.05000 4046.25975  18.7%   237 1555s
 19369 11994     cutoff   56      4977.05000 4047.16168  18.7%   237 1569s
 19425 11994 4798.90348   71  143 4977.05000 4047.16168  18.7%   237 1570s
 19549 12158     cutoff   57      4977.05000 4048.15261  18.7%   237 1584s
 19640 12158 4596.89219   56   98 4977.05000 4048.15261  18.7%   237 1585s
 19811 12259 4595.79394   58  196 4977.05000 4049.74838  18.6%   237 1599s
 19878 12259 4694.99487   69  222 4977.05000 4050.46846  18.6%   237 1600s
 19943 12385 4482.45481   54  208 4977.05000 4050.46846  18.6%   237 1614s
 20008 12385 4692.66060   67  171 4977.05000 4050.46846  18.6%   238 1615s
 20069 12473 4744.47610   71  111 4977.05000 4051.63050  18.6%   238 1631s
 20250 12620 4391.56189   50  324 4977.05000 4052.40769  18.6%   238 1647s
 20466 12761 4520.49752   52  223 4977.05000 4053.40253  18.6%   238 1662s
 20669 12904 4207.45154   46  277 4977.05000 4054.39436  18.5%   238 1679s
 20744 12904 4544.23615   66  213 4977.05000 4054.53390  18.5%   238 1680s
 20871 13010 4082.43511   45  263 4977.05000 4054.63575  18.5%   238 1695s
 21021 13100 4795.30766   55  303 4977.05000 4055.35265  18.5%   238 1710s
 21181 13226 4771.86746   62  201 4977.05000 4056.61589  18.5%   239 1725s
 21359 13346 4307.94244   43  344 4977.05000 4057.95191  18.5%   239 1740s
 21510 13465 4658.08969   61  143 4977.05000 4058.78120  18.5%   239 1755s
 21694 13605 4583.85645   49  144 4977.05000 4060.41268  18.4%   240 1771s
 21888 13800 4433.61247   41  300 4977.05000 4061.38609  18.4%   240 1787s
*21951 12850              80    4903.1900000 4061.38609  17.2%   240 1787s
 22155 13009 4221.05101   44  203 4903.19000 4063.25803  17.1%   239 1804s
H22366 12079                    4848.9100000 4064.10687  16.2%   240 1820s
 22606 12189     cutoff   80      4848.91000 4065.13608  16.2%   239 1835s
 22788 12332 4303.98103   42  192 4848.91000 4067.32191  16.1%   239 1850s
 23021 12433 4328.46048   47  254 4848.91000 4068.61056  16.1%   239 1867s
H23148 12230                    4839.5200000 4070.08003  15.9%   239 1867s
 23165 12343 4790.15683   60  151 4839.52000 4070.17066  15.9%   239 1882s
 23331 12484 4386.20870   53  272 4839.52000 4071.46770  15.9%   239 1898s
 23526 12546 4720.93021   49  276 4839.52000 4073.06386  15.8%   239 1913s
 23646 12640 4487.09769   46  273 4839.52000 4073.77828  15.8%   240 1928s
 23819 12786 4719.65552   67  159 4839.52000 4075.08662  15.8%   240 1943s
 24026 12873 4555.15628   57  287 4839.52000 4077.66456  15.7%   240 1958s
 24170 12985 4823.20031   70  155 4839.52000 4079.31002  15.7%   241 1973s
 24352 13068 4383.90219   53  263 4839.52000 4080.07773  15.7%   241 1988s
 24475 13202 4265.86524   43  219 4839.52000 4081.55137  15.7%   241 2003s
 24665 13288 4380.94301   53  238 4839.52000 4082.25011  15.6%   241 2019s
 24818 13393 4815.87998   49  356 4839.52000 4083.37532  15.6%   242 2034s
 24984 13511 4307.98640   54  413 4839.52000 4084.53067  15.6%   242 2050s
 25164 13664 4295.39303   42  443 4839.52000 4085.95588  15.6%   242 2066s
 25336 13772 4536.44816   69  377 4839.52000 4086.15066  15.6%   242 2082s
 25513 13936 4439.91833   59  202 4839.52000 4088.24766  15.5%   243 2099s
 25619 13936 4752.65659   56   74 4839.52000 4088.24766  15.5%   242 2100s
 25747 14036 4795.68652   67   60 4839.52000 4088.79603  15.5%   242 2115s
 25929 14128 4450.76888   42  315 4839.52000 4089.63075  15.5%   243 2130s
 26084 14245 4178.58009   41  193 4839.52000 4090.13412  15.5%   243 2146s
 26253 14410 4245.02396   47  292 4839.52000 4090.50195  15.5%   243 2162s
 26496 14536 4350.14191   46  260 4839.52000 4092.15568  15.4%   243 2179s
 26717 14681 4646.51579   64  208 4839.52000 4092.70853  15.4%   243 2195s
 26897 14839 4565.12564   72   93 4839.52000 4093.40334  15.4%   243 2211s
 27124 14946 4481.75752   54  209 4839.52000 4093.97655  15.4%   243 2227s
 27292 15078 4450.23734   57  125 4839.52000 4094.60094  15.4%   243 2242s
 27508 15164 4535.03249   59  301 4839.52000 4095.40939  15.4%   243 2257s
 27618 15270 4463.62709   56  221 4839.52000 4095.78755  15.4%   243 2272s
 27776 15302 4616.64006   57  348 4839.52000 4096.05927  15.4%   244 2287s
 27848 15377 4697.04555   58  257 4839.52000 4096.47876  15.4%   244 2302s
 27993 15498 4503.02448   53  336 4839.52000 4097.32123  15.3%   245 2318s
 28190 15637 4785.22604   72   55 4839.52000 4098.81206  15.3%   245 2335s
 28417 15861 4747.38592   63   82 4839.52000 4099.36419  15.3%   245 2352s
 28711 16078 4499.21370   77   25 4839.52000 4100.38195  15.3%   244 2369s
 28851 16078 4798.50648   84   82 4839.52000 4100.38195  15.3%   244 2370s
 29023 16211 4475.89763   53  269 4839.52000 4101.14707  15.3%   243 2386s
 29211 16402 4706.23368   67  331 4839.52000 4101.78805  15.2%   243 2402s
 29503 16580     cutoff   84      4839.52000 4102.48288  15.2%   243 2419s
 29562 16580 4665.31652   71  170 4839.52000 4102.48288  15.2%   243 2420s
 29736 16727 4421.83486   47  218 4839.52000 4102.90291  15.2%   243 2435s
 29964 16805 4388.58156   41  383 4839.52000 4103.97810  15.2%   243 2449s
 30102 16913 4550.98839   69  345 4839.52000 4104.86088  15.2%   243 2465s
 30292 17003     cutoff   72      4839.52000 4105.73353  15.2%   243 2480s
 30454 17085 4657.88079   51  383 4839.52000 4107.22483  15.1%   243 2497s
 30581 17242 4348.46352   51  223 4839.52000 4108.34766  15.1%   243 2512s
 30793 17346 4418.08400   50  173 4839.52000 4108.85434  15.1%   243 2528s
 30958 17436 4782.89867   61  188 4839.52000 4109.37104  15.1%   244 2543s
 31105 17534 4374.78396   46  369 4839.52000 4110.16386  15.1%   244 2559s
 31289 17667 4326.36117   49  166 4839.52000 4110.85055  15.1%   244 2576s
 31499 17829 4803.74152   82  217 4839.52000 4111.49888  15.0%   244 2593s
 31723 17906 4777.84184   52  159 4839.52000 4111.99510  15.0%   244 2608s
 31876 17977 4263.35010   45  336 4839.52000 4112.69719  15.0%   244 2622s
 31999 18117 4293.23126   48  244 4839.52000 4113.59981  15.0%   245 2638s
 32203 18205 4749.90237   56   87 4839.52000 4114.26439  15.0%   245 2653s
 32355 18330 4764.70769   51  353 4839.52000 4114.55601  15.0%   245 2673s
 32538 18424 4577.63621   52  348 4839.52000 4115.95611  15.0%   245 2689s
 32703 18524 4613.74277   50  164 4839.52000 4116.75180  14.9%   245 2704s
 32866 18619 4515.12639   59  221 4839.52000 4117.20530  14.9%   245 2720s
 33031 18684 4317.70141   40  378 4839.52000 4117.47061  14.9%   246 2735s
 33161 18800     cutoff   72      4839.52000 4117.93011  14.9%   246 2750s
 33367 18896 4653.79269   62  111 4839.52000 4119.29835  14.9%   246 2768s
 33515 19058 4331.28827   47  139 4839.52000 4119.88512  14.9%   246 2784s
 33759 19179 4339.82935   44  281 4839.52000 4121.09861  14.8%   246 2799s
 33859 19179 4441.65860   41  277 4839.52000 4121.36911  14.8%   246 2800s
 33946 19329 4279.36481   48  284 4839.52000 4121.81482  14.8%   246 2816s
 34231 19439 4358.83186   51  209 4839.52000 4122.68749  14.8%   245 2832s
 34386 19557 4331.68909   47  242 4839.52000 4122.68749  14.8%   245 2912s
H34414 15850                    4723.5200000 4122.68749  12.7%   245 2912s
 34550 15913     cutoff   58      4723.52000 4122.91056  12.7%   245 2929s
 34717 15982 4465.37716   53  357 4723.52000 4123.88683  12.7%   245 2944s
 34877 16087 4465.09741   49  226 4723.52000 4124.18506  12.7%   246 2960s
 35073 16194 4227.24126   47  335 4723.52000 4125.29791  12.7%   246 2976s
 35210 16294 4617.24024   47  323 4723.52000 4125.63563  12.7%   246 2992s
 35431 16389 4363.84908   45  151 4723.52000 4126.64276  12.6%   246 3008s
 35579 16469 4261.45318   52  288 4723.52000 4126.72710  12.6%   246 3025s
 35731 16580 4546.25526   43  455 4723.52000 4127.01222  12.6%   246 3042s
 35906 16711 4468.20614   50  188 4723.52000 4127.42964  12.6%   246 3058s
 36103 16816 4609.41554   58  209 4723.52000 4128.40014  12.6%   246 3073s
 36278 16904 4302.76357   46  225 4723.52000 4128.80767  12.6%   247 3088s
 36433 17051 4662.34972   54  281 4723.52000 4129.39642  12.6%   247 3105s
 36673 17145 4195.75767   49  186 4723.52000 4130.51535  12.6%   247 3122s
 36842 17243 4440.76022   59  180 4723.52000 4130.94539  12.5%   247 3138s
 37024 17354 4216.93138   43  424 4723.52000 4131.96345  12.5%   247 3154s
 37071 17354 4510.38186   52  115 4723.52000 4131.96345  12.5%   247 3155s
 37190 17491 4663.13412   69  276 4723.52000 4132.00173  12.5%   247 3171s
 37394 17669 4565.69559   54  208 4723.52000 4132.74953  12.5%   247 3187s
 37698 17748 4328.40570   51  260 4723.52000 4134.50280  12.5%   247 3204s
 37867 17905 4710.96156   47  250 4723.52000 4134.99100  12.5%   247 3221s
 38098 17983     cutoff   72      4723.52000 4135.44082  12.5%   247 3239s
 38264 18117 4383.58123   52  212 4723.52000 4135.81788  12.4%   247 3255s
 38432 18236 4640.90972   56  128 4723.52000 4136.05590  12.4%   248 3271s
 38633 18334 4358.64945   47  351 4723.52000 4136.64766  12.4%   248 3287s
 38803 18454     cutoff   49      4723.52000 4136.89777  12.4%   248 3304s
 38896 18454 4309.67715   51  253 4723.52000 4137.82816  12.4%   248 3305s
 39010 18547 4671.94109   62  150 4723.52000 4138.10423  12.4%   248 3321s
 39197 18678 4489.76731   53  194 4723.52000 4138.71053  12.4%   248 3337s
 39394 18822 4471.48290   52  316 4723.52000 4139.48677  12.4%   248 3354s
 39629 18933 4319.84966   50  255 4723.52000 4140.42288  12.3%   248 3372s
 39814 19087 4570.17410   69  335 4723.52000 4141.26035  12.3%   248 3389s
 40000 19087 infeasible   73      4723.52000 4141.80595  12.3%   248 3390s
 40055 19224 4542.98872   51  355 4723.52000 4141.97032  12.3%   248 3406s
 40282 19321 4273.10573   44  247 4723.52000 4142.35328  12.3%   247 3423s
 40462 19420 4490.84022   43  174 4723.52000 4142.61355  12.3%   248 3439s
 40659 19544 4663.67677   49  192 4723.52000 4143.53186  12.3%   248 3457s
 40885 19656 4501.09468   45  297 4723.52000 4143.80416  12.3%   248 3473s
 41110 19714 4440.94085   50  165 4723.52000 4144.53284  12.3%   248 3489s
 41177 19714 4689.79257   55  178 4723.52000 4145.18160  12.2%   248 3490s
 41276 19827     cutoff   62      4723.52000 4145.21940  12.2%   248 3505s
 41452 19984 4481.16461   59  118 4723.52000 4146.42096  12.2%   248 3523s
 41711 20055 4636.23834   59  227 4723.52000 4146.90496  12.2%   248 3538s
 41866 20167     cutoff   54      4723.52000 4147.62667  12.2%   248 3554s
 42034 20285 4358.58028   52  316 4723.52000 4148.01393  12.2%   248 3569s
 42225 20394 4527.87058   54  291 4723.52000 4148.71447  12.2%   248 3586s
 42424 20493 4719.13559   62   84 4723.52000 4149.30325  12.2%   248 3600s

Cutting planes:
  User: 4731
  Gomory: 20
  Cover: 340
  Implied bound: 63
  Clique: 1
  MIR: 122
  Flow cover: 287
  Zero half: 5
  RLT: 252
  Relax-and-lift: 8
  Lazy constraints: 1032

Explored 42579 nodes (10579946 simplex iterations) in 3600.86 seconds
Thread count was 2 (of 32 available processors)

Solution count 10: 4723.52 4839.52 4848.91 ... 5112.09

Time limit reached
Best objective 4.723520000000e+03, best bound 4.149406000893e+03, gap 12.1544%

User-callback calls 331670, time in user-callback 194.25 sec
================================================================================
executing instance: ./input/Instances/Original/4/absH3low_3n10.dat
--------------------------------------------------------------------------------
Instance details
n	11
H	3
C	687
Li:
[0, 0, 0, 0, 0, 0, 0, 0, 0, 0, 0, ]
Ui:
[0, 189, 44, 174, 78, 36, 198, 117, 42, 96, 240, ]
Distance matrix:
|0	209	255	286	142	156	285	317	182	161	135	|
|209	0	464	451	315	356	490	469	361	299	260	|
|255	464	0	221	202	130	74	280	189	254	273	|
|286	451	221	0	145	156	164	479	354	153	192	|
|142	315	202	145	0	73	194	388	250	53	73	|
|156	356	130	156	73	0	134	332	200	127	144	|
|285	490	74	164	194	134	0	353	256	239	267	|
|317	469	280	479	388	332	353	0	141	436	430	|
|182	361	189	354	250	200	256	141	0	296	289	|
|161	299	254	153	53	127	239	436	296	0	39	|
|135	260	273	192	73	144	267	430	289	39	0	|

--------------------------------------------------------------------------------
Building model...
	using lazy and cut (CVRPSEP package)
Solving IRP LP...
--------------------------------------------------------------------------------

Gurobi 9.1.0 (linux64) logging started Mon Jan 25 22:53:14 2021

Gurobi Optimizer version 9.1.0 build v9.1.0rc0 (linux64)
Thread count: 32 physical cores, 32 logical processors, using up to 2 threads
Optimize a model with 380 rows, 956 columns and 2882 nonzeros
Model fingerprint: 0x6be7df03
Variable types: 164 continuous, 792 integer (132 binary)
Coefficient statistics:
  Matrix range     [1e+00, 2e+02]
  Objective range  [1e-02, 5e+02]
  Bounds range     [1e+00, 2e+02]
  RHS range        [2e+01, 1e+03]
Presolve removed 44 rows and 11 columns
Presolve time: 0.00s
Presolved: 336 rows, 945 columns, 2577 nonzeros
Variable types: 153 continuous, 792 integer (672 binary)

Root relaxation: objective 1.746329e+03, 599 iterations, 0.01 seconds

    Nodes    |    Current Node    |     Objective Bounds      |     Work
 Expl Unexpl |  Obj  Depth IntInf | Incumbent    BestBd   Gap | It/Node Time

     0     0 1746.32912    0   65          - 1746.32912      -     -    0s
H    0     0                    4874.7500000 1746.32912  64.2%     -    0s
H    0     0                    4645.7500000 1746.32912  62.4%     -    0s
     0     0 2176.27930    0   66 4645.75000 2176.27930  53.2%     -    0s
H    0     0                    4374.4900000 2176.27930  50.3%     -    0s
     0     0 2389.40802    0   73 4374.49000 2389.40802  45.4%     -    0s
H    0     0                    4373.2100000 2389.40802  45.4%     -    0s
     0     0 2492.59339    0   82 4373.21000 2492.59339  43.0%     -    0s
     0     0 2492.59339    0   83 4373.21000 2492.59339  43.0%     -    0s
     0     0 2538.44932    0   94 4373.21000 2538.44932  42.0%     -    0s
     0     0 2543.38656    0   99 4373.21000 2543.38656  41.8%     -    0s
     0     0 2544.00002    0  101 4373.21000 2544.00002  41.8%     -    0s
     0     0 2601.69011    0   99 4373.21000 2601.69011  40.5%     -    0s
H    0     0                    3497.7100000 2601.69011  25.6%     -    0s
     0     0 2606.91125    0  105 3497.71000 2606.91125  25.5%     -    0s
     0     0 2617.85848    0   97 3497.71000 2617.85848  25.2%     -    0s
     0     0 2617.85848    0  102 3497.71000 2617.85848  25.2%     -    0s
     0     0 2644.40073    0  137 3497.71000 2644.40073  24.4%     -    0s
     0     0 2653.73298    0  151 3497.71000 2653.73298  24.1%     -    0s
     0     0 2659.10136    0  145 3497.71000 2659.10136  24.0%     -    0s
     0     0 2662.15006    0  134 3497.71000 2662.15006  23.9%     -    0s
     0     0 2662.16833    0  151 3497.71000 2662.16833  23.9%     -    0s
     0     0 2680.42630    0  164 3497.71000 2680.42630  23.4%     -    0s
     0     0 2680.99019    0   96 3497.71000 2680.99019  23.4%     -    0s
     0     0 2681.80664    0   98 3497.71000 2681.80664  23.3%     -    0s
     0     0 2682.18998    0  100 3497.71000 2682.18998  23.3%     -    0s
     0     0 2682.69901    0   93 3497.71000 2682.69901  23.3%     -    0s
     0     0 2682.69901    0   73 3497.71000 2682.69901  23.3%     -    0s
H    0     2                    3462.3200000 2688.04197  22.4%     -    0s
     0     2 2688.04197    0   73 3462.32000 2688.04197  22.4%     -    0s
H   19    21                    3199.3600000 2731.44776  14.6%   145    1s
H   27    31                    3198.1000000 2731.44776  14.6%   153    1s
H  169   116                    3111.1000000 2772.75210  10.9%   108    2s
   658   211 3060.04311   16   93 3111.10000 2877.15551  7.52%  96.0    5s

Cutting planes:
  User: 168
  Gomory: 7
  Cover: 157
  Implied bound: 34
  Clique: 3
  MIR: 108
  Flow cover: 141
  Inf proof: 3
  Zero half: 2
  RLT: 135
  Relax-and-lift: 4

Explored 1507 nodes (134857 simplex iterations) in 8.44 seconds
Thread count was 2 (of 32 available processors)

Solution count 9: 3111.1 3198.1 3199.36 ... 4874.75

Optimal solution found (tolerance 1.00e-04)
Best objective 3.111100000000e+03, best bound 3.111100000000e+03, gap 0.0000%

User-callback calls 4472, time in user-callback 0.74 sec
================================================================================
executing instance: ./input/Instances/Original/4/absH3low_3n15.dat
--------------------------------------------------------------------------------
Instance details
n	16
H	3
C	1267
Li:
[0, 0, 0, 0, 0, 0, 0, 0, 0, 0, 0, 0, 0, 0, 0, 0, ]
Ui:
[0, 156, 267, 148, 144, 87, 33, 171, 76, 141, 270, 282, 60, 110, 172, 57, ]
Distance matrix:
|0	229	567	76	58	96	306	409	310	423	108	346	165	347	159	256	|
