




arguments: ./build/mirp_solver -f ./input/orig_exec_335.cfg
Current dir: /scratch/gui/bnc_mirp
File verbosity level: 9
date       time         ( uptime  ) [ thread name/id ]                   file:line     v| 
2021-01-23 10:39:08.327 (   0.198s) [main thread     ]             loguru.cpp:789   INFO| Logging to './output/vi_cus/OU/V4/Original/execution_23_01_2021_10_39_08.log', mode: 'a', verbosity: 9
--------------------------------------------------------------------------------
Parameters
                           instance_path           ./input/Instances/Original/2/
                            model_policy                                       1
                             nb_vehicles                                       4
                              output_dir         ./output/vi_cus/OU/V4/Original/
                            sec_strategy                                       1
                       solver_nb_threads                                       2
                         solver_show_log                                    true
                       solver_time_limit                                    3600
                              use_vi_cos                                   false
                              use_vi_cus                                    true
                         use_vi_hc1_full                                   false
                         use_vi_hc1_half                                   false
                      use_vi_hc1_quarter                                   false
                              use_vi_hc2                                   false
                              use_vi_hc3                                   false
                         use_vi_lex_full                                   false
                         use_vi_lex_half                                   false
                      use_vi_lex_quarter                                   false
                              use_vi_qua                                   false
                               use_vi_vc                                   false
                               use_vi_vr                                   false
--------------------------------------------------------------------------------
executing instance: ./input/Instances/Original/2/absH3high_3n40.dat
--------------------------------------------------------------------------------
Instance details
n	41
H	3
C	3283
Li:
[0, 0, 0, 0, 0, 0, 0, 0, 0, 0, 0, 0, 0, 0, 0, 0, 0, 0, 0, 0, 0, 0, 0, 0, 0, 0, 0, 0, 0, 0, 0, 0, 0, 0, 0, 0, 0, 0, 0, 0, 0, ]
Ui:
[0, 63, 111, 99, 96, 111, 282, 122, 156, 261, 42, 192, 126, 42, 162, 207, 159, 122, 102, 190, 118, 102, 132, 102, 165, 252, 66, 52, 22, 114, 210, 176, 116, 294, 78, 152, 210, 45, 130, 198, 174, ]
Distance matrix:
|0	208	225	252	227	143	258	127	267	150	28	83	163	286	57	149	201	137	214	255	70	73	107	186	328	266	249	343	222	177	293	144	262	215	167	120	169	218	143	173	255	|
|208	0	397	355	416	198	216	99	211	275	193	172	97	166	240	225	362	109	277	314	182	216	273	374	298	208	319	161	14	103	93	120	58	196	152	156	372	227	260	218	453	|
|225	397	0	427	53	364	482	343	492	129	253	225	382	386	171	188	39	291	187	195	295	182	282	55	326	491	180	551	408	315	457	366	455	275	392	244	221	439	341	214	101	|
|252	355	427	0	401	158	201	263	219	396	234	328	259	498	299	400	420	354	465	506	205	324	152	374	574	219	499	393	366	389	446	235	378	456	205	359	224	150	111	423	400	|
|227	416	53	401	0	357	477	352	489	165	253	245	389	424	179	223	85	315	234	245	293	200	264	42	375	488	231	565	428	344	484	370	474	314	392	270	184	430	325	252	50	|
|143	198	364	158	357	0	121	105	134	290	116	196	103	342	200	276	343	205	343	385	74	210	112	319	432	133	382	265	209	237	290	78	226	313	57	220	232	75	69	292	375	|
|258	216	482	201	477	121	0	168	18	397	230	293	135	381	314	372	459	275	437	480	188	317	228	439	501	18	479	197	222	296	290	132	212	386	95	306	347	58	173	381	496	|
|127	99	343	263	352	105	168	0	171	239	105	130	40	237	173	206	313	109	270	312	84	164	175	310	337	169	313	216	112	135	192	37	142	220	77	138	280	155	162	213	382	|
|267	211	492	219	489	134	18	171	0	404	240	298	136	376	323	376	468	276	441	483	198	324	243	450	500	2	483	181	215	294	281	136	202	386	102	309	363	75	189	384	509	|
|150	275	129	396	165	290	397	239	404	0	175	110	279	259	97	59	91	166	84	116	217	80	245	130	226	402	106	434	286	187	329	269	333	149	302	119	244	364	291	87	213	|
|28	193	253	234	253	116	230	105	240	175	0	94	139	286	84	167	229	136	234	275	43	96	98	212	341	238	271	320	206	175	281	118	244	225	140	128	180	191	124	189	280	|
|83	172	225	328	245	196	293	130	298	110	94	0	169	209	77	80	191	71	147	189	127	45	189	203	247	296	187	327	184	106	241	162	230	132	198	38	242	266	217	96	285	|
|163	97	382	259	389	103	135	40	136	279	139	169	0	253	212	244	353	141	307	349	110	203	194	347	366	133	350	183	107	161	187	27	124	251	56	175	306	133	169	249	418	|
|286	166	386	498	424	342	381	237	376	259	286	209	253	0	284	201	347	151	210	230	299	247	383	387	155	374	242	290	162	112	129	270	192	113	308	172	451	386	391	172	471	|
|57	240	171	299	179	200	314	173	323	97	84	77	212	284	0	112	145	147	170	208	127	38	148	137	299	321	201	386	253	183	315	195	297	195	222	112	171	275	195	142	214	|
|149	225	188	400	223	276	372	206	376	59	167	80	244	201	112	0	149	117	67	110	205	78	254	186	187	374	108	387	235	132	272	240	283	93	277	71	279	346	291	32	270	|
|201	362	39	420	85	343	459	313	468	91	229	191	353	347	145	149	0	254	149	160	272	150	271	66	290	466	146	518	373	278	419	339	420	235	367	207	227	418	327	175	135	|
|137	109	291	354	315	205	275	109	276	166	136	71	141	151	147	117	254	0	172	212	151	116	232	273	229	274	215	270	119	39	170	145	167	111	186	47	305	263	245	113	356	|
|214	277	187	465	234	343	437	270	441	84	234	147	307	210	170	67	149	172	0	42	272	141	317	205	144	439	43	437	284	175	307	305	331	99	343	132	327	413	357	60	283	|
|255	314	195	506	245	385	480	312	483	116	275	189	349	230	208	110	160	212	42	0	314	182	356	222	132	481	15	474	321	212	337	347	367	126	385	174	358	455	398	100	295	|
|70	182	295	205	293	74	188	84	198	217	43	127	110	299	127	205	272	151	272	314	0	137	91	253	370	196	310	292	195	188	274	85	226	252	99	155	197	148	94	223	316	|
|73	216	182	324	200	210	317	164	324	80	96	45	203	247	38	78	150	116	141	182	137	0	176	158	263	323	176	369	229	150	286	191	274	157	223	77	208	284	216	106	239	|
|107	273	282	152	264	112	228	175	243	245	98	189	194	383	148	254	271	232	317	356	91	176	0	231	435	242	349	371	286	271	365	167	315	321	164	224	120	174	61	280	274	|
|186	374	55	374	42	319	439	310	450	130	212	203	347	387	137	186	66	273	205	222	253	158	231	0	348	448	208	523	386	303	442	329	431	279	352	229	167	392	291	217	85	|
|328	298	326	574	375	432	501	337	500	226	341	247	366	155	299	187	290	229	144	132	370	263	435	348	0	498	147	441	299	206	283	374	338	119	414	215	465	492	463	157	425	|
|266	208	491	219	488	133	18	169	2	402	238	296	133	374	321	374	466	274	439	481	196	323	242	448	498	0	481	180	213	292	278	134	200	384	100	307	362	75	188	381	508	|
|249	319	180	499	231	382	479	313	483	106	271	187	350	242	201	108	146	215	43	15	310	176	349	208	147	481	0	480	326	217	346	347	373	135	385	175	347	454	392	103	280	|
|343	161	551	393	565	265	197	216	181	434	320	327	183	290	386	387	518	270	437	474	292	369	371	523	441	180	480	0	153	263	163	207	107	352	208	317	487	244	334	379	598	|
|222	14	408	366	428	209	222	112	215	286	206	184	107	162	253	235	373	119	284	321	195	229	286	386	299	213	326	153	0	109	81	132	48	201	162	167	386	236	272	226	466	|
|177	103	315	389	344	237	296	135	294	187	175	106	161	112	183	132	278	39	175	212	188	150	271	303	206	292	217	263	109	0	142	171	156	95	211	74	344	289	281	118	386	|
|293	93	457	446	484	290	290	192	281	329	281	241	187	129	315	272	419	170	307	337	274	286	365	442	283	278	346	163	81	142	0	212	79	211	241	214	461	311	353	254	525	|
|144	120	366	235	370	78	132	37	136	269	118	162	27	270	195	240	339	145	305	347	85	191	167	329	374	134	347	207	132	171	212	0	151	257	40	174	280	119	142	248	398	|
|262	58	455	378	474	226	212	142	202	333	244	230	124	192	297	283	420	167	331	367	226	274	315	431	338	200	373	107	48	156	79	151	0	245	173	214	421	237	293	273	510	|
|215	196	275	456	314	313	386	220	386	149	225	132	251	113	195	93	235	111	99	126	252	157	321	279	119	384	135	352	201	95	211	257	245	0	297	97	365	374	345	62	362	|
|167	152	392	205	392	57	95	77	102	302	140	198	56	308	222	277	367	186	343	385	99	223	164	352	414	100	385	208	162	211	241	40	173	297	0	213	283	79	126	287	415	|
|120	156	244	359	270	220	306	138	309	119	128	38	175	172	112	71	207	47	132	174	155	77	224	229	215	307	175	317	167	74	214	174	214	97	213	0	280	286	248	75	313	|
|169	372	221	224	184	232	347	280	363	244	180	242	306	451	171	279	227	305	327	358	197	208	120	167	465	362	347	487	386	344	461	280	421	365	283	280	0	291	175	310	176	|
|218	227	439	150	430	75	58	155	75	364	191	266	133	386	275	346	418	263	413	455	148	284	174	392	492	75	454	244	236	289	311	119	237	374	79	286	291	0	116	359	445	|
|143	260	341	111	325	69	173	162	189	291	124	217	169	391	195	291	327	245	357	398	94	216	61	291	463	188	392	334	272	281	353	142	293	345	126	248	175	116	0	313	335	|
|173	218	214	423	252	292	381	213	384	87	189	96	249	172	142	32	175	113	60	100	223	106	280	217	157	381	103	379	226	118	254	248	273	62	287	75	310	359	313	0	300	|
|255	453	101	400	50	375	496	382	509	213	280	285	418	471	214	270	135	356	283	295	316	239	274	85	425	508	280	598	466	386	525	398	510	362	415	313	176	445	335	300	0	|

--------------------------------------------------------------------------------
Building model...
	using lazy and cut (CVRPSEP package)
Solving IRP LP...
--------------------------------------------------------------------------------

Gurobi 9.1.0 (linux64) logging started Sat Jan 23 10:39:08 2021

Gurobi Optimizer version 9.1.0 build v9.1.0rc0 (linux64)
Thread count: 32 physical cores, 32 logical processors, using up to 2 threads
Optimize a model with 1400 rows, 10976 columns and 25772 nonzeros
Model fingerprint: 0xdc7bb0e0
Variable types: 644 continuous, 10332 integer (492 binary)
Coefficient statistics:
  Matrix range     [1e+00, 8e+02]
  Objective range  [1e-01, 6e+02]
  Bounds range     [1e+00, 3e+02]
  RHS range        [1e+01, 6e+03]
Presolve removed 164 rows and 41 columns
Presolve time: 0.05s
Presolved: 1236 rows, 10935 columns, 24567 nonzeros
Variable types: 603 continuous, 10332 integer (9852 binary)

Root relaxation: objective 1.234247e+04, 1594 iterations, 0.06 seconds

    Nodes    |    Current Node    |     Objective Bounds      |     Work
 Expl Unexpl |  Obj  Depth IntInf | Incumbent    BestBd   Gap | It/Node Time

     0     0 12342.4721    0  147          - 12342.4721      -     -    0s
     0     0 12788.7008    0  190          - 12788.7008      -     -    0s
     0     0 12812.0706    0  151          - 12812.0706      -     -    0s
     0     0 13501.7418    0  231          - 13501.7418      -     -    1s
     0     0 13507.6324    0  248          - 13507.6324      -     -    1s
     0     0 13510.5110    0  235          - 13510.5110      -     -    1s
     0     0 13573.5553    0  206          - 13573.5553      -     -    1s
     0     0 13574.3457    0  203          - 13574.3457      -     -    1s
     0     0 13669.9749    0  274          - 13669.9749      -     -    1s
     0     0 13675.5434    0  295          - 13675.5434      -     -    2s
     0     0 13676.1283    0  273          - 13676.1283      -     -    2s
     0     0 13759.9039    0  268          - 13759.9039      -     -    2s
     0     0 13764.7429    0  294          - 13764.7429      -     -    4s
     0     0 13765.0261    0  280          - 13765.0261      -     -    4s
     0     0 13796.6214    0  276          - 13796.6214      -     -    4s
     0     0 13846.4302    0  418          - 13846.4302      -     -    4s
     0     0 13852.1303    0  430          - 13852.1303      -     -    5s
     0     0 13853.2423    0  412          - 13853.2423      -     -    5s
     0     0 13867.0599    0  402          - 13867.0599      -     -    5s
     0     0 13871.3372    0  472          - 13871.3372      -     -    6s
     0     0 13872.7192    0  505          - 13872.7192      -     -    6s
     0     0 13876.7438    0  461          - 13876.7438      -     -    6s
     0     0 13876.7438    0  393          - 13876.7438      -     -    6s
     0     2 13880.7454    0  355          - 13880.7454      -     -    7s
    22    25 13904.7851    7  403          - 13884.2102      -   390   10s
    58    62 13982.0026   16  345          - 13884.2102      -   474   15s
    98   105 14091.7315   26  296          - 13884.2102      -   457   20s
   163   173 14451.0261   41  107          - 13884.2102      -   395   25s
   228   253 15041.0713   62  123          - 13884.2102      -   359   30s
   356   398 15842.8546  114   32          - 13884.2102      -   271   35s
   502   542 13932.0482    8  481          - 13884.2488      -   221   40s
   610   574 13976.1525   13  499          - 13884.2488      -   203   45s
   628   592 14024.3676   19  475          - 13884.2488      -   218   50s
   665   635 14119.8353   29  383          - 13884.2488      -   225   55s
   718   687 14428.9864   45  346          - 13884.2488      -   229   60s
   739   693 14822.2411   47  456          - 13884.2488      -   228   65s
   753   702 15431.4840   89  571          - 13944.2195      -   224   70s
   765   710 16248.3618  137  557          - 13968.6083      -   220   75s
   775   717 17813.9470  200  559          - 13972.3242      -   217   80s
   787   725 14151.1307   28  560          - 13975.8293      -   214   85s
   799   733 15864.1855  112  548          - 13977.0837      -   211   90s
   814   744 15209.8103   71  434          - 13977.3530      -   226   95s
   828   753 17073.8851  189  563          - 13978.2156      -   223  100s
   838   760 14862.5238   51  546          - 13979.4687      -   220  105s
   844   764 15648.2098  119  531          - 13979.4689      -   218  112s
   851   772 14002.8756   23  480          - 13999.0471      -   234  115s
   875   790 14022.0288   29  493          - 14014.0097      -   245  120s
   910   813 14035.0014   37  475          - 14014.0097      -   251  125s
   941   836 14049.4135   44  452          - 14014.0097      -   261  130s
   979   862 14147.0197   51  382          - 14014.0097      -   270  135s
  1025   898 14236.1581   63  278          - 14014.0097      -   274  140s
  1081   936 14319.3137   79  330          - 14014.0097      -   274  145s
  1142   978 14385.4005   97  310          - 14014.0097      -   277  150s
  1201  1015 14558.7076  115  245          - 14014.0097      -   276  155s
  1278  1074 15190.1083  141  193          - 14014.0097      -   273  161s
  1346  1135 15661.3829  166  197          - 14014.0097      -   269  165s
  1439  1200 16517.0311  202  127          - 14014.0097      -   262  171s
  1558  1199 14121.3895   26  400          - 14014.0323      -   252  176s
  1592  1229 14176.3191   32  277          - 14014.0323      -   254  180s
  1641  1268 14231.6265   44  232          - 14014.0323      -   255  185s
  1707  1321 14409.8358   60  200          - 14014.0323      -   255  190s
  1789  1395 14550.3789   81  152          - 14014.0323      -   253  196s
  1845  1434 14783.3440   97  125          - 14014.0323      -   251  200s
  1957  1469 15962.0621  231  229          - 14014.0323      -   245  205s
  2078  1556 15805.1556  192   28          - 14014.0323      -   236  210s
  2207  1597 17048.1989  244    8          - 14021.8251      -   227  215s
  2268  1646 14127.3045   32  505          - 14021.8251      -   229  221s
  2311  1647 14164.3502   38  411          - 14021.8251      -   229  225s
  2386  1670 14401.4778   52  289          - 14021.8251      -   230  231s
  2424  1679 14408.6007   32  379          - 14021.8251      -   232  235s
  2469  1738 14615.5357   77  245          - 14021.8251      -   234  242s
  2505  1763 14654.6771   86  220          - 14021.8251      -   235  246s
  2542  1820 14748.7411   97  178          - 14021.8251      -   236  250s
  2611  1871 14964.1421  105  192          - 14021.8251      -   235  255s
  2685  1970 15094.5525  117  143          - 14021.8251      -   234  260s
  2809  2084 15541.2134  143   87          - 14021.8251      -   229  267s
  2978  2169 16004.4100  172    -          - 14023.8372      -   224  273s
  3093  2148 17441.9300  204    8          - 14023.8372      -   217  275s
  3202  2196 14154.2585   30  360          - 14023.8372      -   213  280s
  3250  2265 14177.7147   32  451          - 14023.8372      -   214  286s
  3327  2359 14218.6691   35  389          - 14023.8372      -   214  292s
  3429  2462 14311.1373   43  372          - 14023.8372      -   213  299s
  3520  2462 16741.4378  197   34          - 14023.8372      -   212  300s
  3551  2581 14447.9459   48  297          - 14023.8372      -   211  306s
* 3650  2495             213    17163.030000 14023.8372  18.3%   208  307s
* 3660  2494             223    17031.110000 14023.8372  17.7%   208  307s
  3718  2456 14517.0113   57  273 17031.1100 14023.8372  17.7%   206  313s
  3737  2497 14593.1705   62  215 17031.1100 14023.8372  17.7%   207  329s
  3779  2539 14714.2789   71  179 17031.1100 14023.8372  17.7%   208  335s
  3823  2599 14852.6754   83  160 17031.1100 14023.8372  17.7%   208  342s
  3884  2714 15118.1843   92  113 17031.1100 14023.8372  17.7%   208  352s
  4000  2840 15322.5573  104  100 17031.1100 14023.8372  17.7%   205  361s
  4142  2952 15929.5555  132   79 17031.1100 14031.1336  17.6%   202  374s
  4191  2952 16094.4936  148   31 17031.1100 14031.1336  17.6%   201  375s
  4323  2988     cutoff  183      17031.1100 14031.1336  17.6%   197  383s
  4354  3008 14147.4998   34  541 17031.1100 14035.8382  17.6%   198  389s
  4374  3037 14209.2895   37  425 17031.1100 14035.8382  17.6%   200  396s
  4403  3067 14298.2880   42  418 17031.1100 14035.8382  17.6%   201  402s
  4433  3115 14413.8439   49  305 17031.1100 14035.8382  17.6%   203  412s
  4481  3165 14552.5167   58  258 17031.1100 14035.8382  17.6%   204  420s
  4531  3227 14854.1068   67  215 17031.1100 14035.8382  17.6%   205  429s
  4593  3302 15089.9645   72  170 17031.1100 14035.8382  17.6%   206  438s
  4668  3428 15286.6148   83   86 17031.1100 14035.8382  17.6%   206  449s
  4723  3428 15541.5096  100  100 17031.1100 14035.8382  17.6%   205  450s
  4796  3679 15847.5055  110  154 17031.1100 14035.8382  17.6%   204  464s
  4854  3679 16019.5531  123   33 17031.1100 14035.8382  17.6%   203  465s
  5047  3887 16380.3163  145   80 17031.1100 14036.6579  17.6%   200  477s
  5346  3931 14173.8601   33  484 17031.1100 14036.8485  17.6%   193  489s
  5390  3948 14316.0098   39  450 17031.1100 14036.8485  17.6%   194  498s
* 5402  3936             205    17012.280000 14036.8485  17.5%   195  498s
* 5405  3916             203    16988.280000 14036.8485  17.4%   195  498s
  5413  3942 14469.2897   43  380 16988.2800 14036.8485  17.4%   196  505s
  5443  3985 14897.4315   52  314 16988.2800 14036.8485  17.4%   198  513s
  5490  4022 15285.4256   59  184 16988.2800 14058.5680  17.2%   199  525s
  5544  4055 14191.3960   37  499 16988.2800 14058.5680  17.2%   200  535s
  5592  4087 14463.2343   52  414 16988.2800 14058.5680  17.2%   201  548s
  5627  4111 15152.5998   74  162 16988.2800 14062.4872  17.2%   202  557s
  5660  4153 14512.3677   39  361 16988.2800 14062.4872  17.2%   204  566s
  5702  4177 15190.4909   61  260 16988.2800 14062.4872  17.2%   205  578s
  5729  4316 15483.6921   73  229 16988.2800 14062.5010  17.2%   206  590s
  5902  4326 infeasible  175      16988.2800 14069.5530  17.2%   204  629s
  5909  4465 14339.0639   41  433 16988.2800 14069.5530  17.2%   204  642s
  6075  4500 14513.1736   50  334 16988.2800 14069.5530  17.2%   204  654s
  6110  4575 14704.2793   59  239 16988.2800 14069.5530  17.2%   205  665s
  6192  4622 14936.6189   69  222 16988.2800 14069.5530  17.2%   206  676s
  6239  4772 15275.4271   85  142 16988.2800 14069.5530  17.2%   208  689s
  6293  4772 15424.8719  107   97 16988.2800 14069.5530  17.2%   207  690s
  6395  4826 15782.2816  151   80 16988.2800 14077.0430  17.1%   207  701s
  6474  4867 14652.3100   54  282 16988.2800 14077.0430  17.1%   208  713s
  6510  4979 14887.1269   64  251 16988.2800 14077.0430  17.1%   209  726s
  6633  5066 16391.9170   99   85 16988.2800 14078.3971  17.1%   209  740s
  6771  5117 14681.2107   35  410 16988.2800 14081.3332  17.1%   208  753s
  6829  5231 14426.2393   37  457 16988.2800 14081.3332  17.1%   209  767s
  6955  5286 14968.1153   77  171 16988.2800 14086.6376  17.1%   208  782s
  7030  5458 14720.4333   31  480 16988.2800 14086.6376  17.1%   209  796s
  7222  5464 15586.8852   61  179 16988.2800 14086.6376  17.1%   207  823s
H 7230  5414                    16932.720000 14086.6376  16.8%   207  823s
H 7230  5411                    16928.830000 14086.6376  16.8%   207  823s
  7231  5526 15676.2661   63  259 16928.8300 14086.8686  16.8%   207  841s
  7365  5633     cutoff  151      16928.8300 14086.9454  16.8%   207  860s
  7473  5763 16266.4239  123   60 16928.8300 14087.5996  16.8%   209  879s
  7625  5972     cutoff  156      16928.8300 14088.0332  16.8%   209  901s
  7907  6116 15272.8408   75  209 16928.8300 14088.0865  16.8%   207  922s
H 8009  6080                    16901.830000 14091.0362  16.6%   206  923s
  8041  6201 14374.4575   35  379 16901.8300 14091.0362  16.6%   207  942s
  8162  6366 14727.3791   47  183 16901.8300 14091.0362  16.6%   208  962s
  8376  6480 15878.3136   81   91 16901.8300 14093.9148  16.6%   207  984s
  8451  6480 15627.7800   71  149 16901.8300 14093.9594  16.6%   208  985s
  8537  6580 15256.6349   67  190 16901.8300 14094.3338  16.6%   207 1004s
  8568  6580 16198.5176   98  117 16901.8300 14094.3338  16.6%   207 1005s
  8666  6679 14115.6294   35  558 16901.8300 14094.6511  16.6%   207 1025s
  8765  6927 14476.8128   48  151 16901.8300 14094.6511  16.6%   209 1047s
  9055  7127 14875.4842  107   16 16901.8300 14101.2593  16.6%   208 1068s
  9163  7134 15466.9400  145    - 16901.8300 14101.2593  16.6%   206 1070s
  9285  7251 16000.6928  151   45 16901.8300 14107.6120  16.5%   207 1090s
  9426  7277 16856.4000  179    - 16901.8300 14108.2081  16.5%   207 1110s
  9465  7428 14751.7686   49  264 16901.8300 14108.9966  16.5%   210 1130s
  9609  7638 15870.5889   89   60 16901.8300 14110.2496  16.5%   210 1151s
  9886  7777 15101.0890   47  356 16901.8300 14112.4269  16.5%   209 1174s
  9948  7777 15478.1038   66  217 16901.8300 14113.6296  16.5%   210 1175s
 10066  7922 15191.9749   62  284 16901.8300 14114.4448  16.5%   208 1194s
 10178  7922     cutoff  160      16901.8300 14115.2283  16.5%   208 1195s
 10215  8138 14871.3782   43  337 16901.8300 14115.2283  16.5%   208 1214s
 10268  8138 15721.7208   96  255 16901.8300 14115.2283  16.5%   208 1215s
 10454  8269 15921.2619  108  241 16901.8300 14121.4728  16.5%   206 1236s
 10608  8407 14908.2247   56  258 16901.8300 14123.5900  16.4%   206 1256s
 10773  8559 14723.9956   40  270 16901.8300 14127.4096  16.4%   206 1280s
 10941  8618 16368.8191   90  140 16901.8300 14129.8862  16.4%   206 1299s
 11005  8618     cutoff  164      16901.8300 14130.2287  16.4%   206 1300s
 11022  8690 14857.9115   49  271 16901.8300 14130.2287  16.4%   207 1318s
 11100  8746 15719.8902   76  247 16901.8300 14130.2788  16.4%   208 1337s
 11194  8939 15149.3746   51  313 16901.8300 14131.0354  16.4%   210 1358s
 11279  8939 16331.2325  136   37 16901.8300 14131.0354  16.4%   209 1360s
 11413  9055     cutoff  182      16901.8300 14131.1224  16.4%   209 1382s
 11567  9267 15359.4197   54  409 16901.8300 14133.0574  16.4%   209 1403s
 11823  9378 15235.4354   44  291 16901.8300 14135.9402  16.4%   208 1425s
 11957  9564 15437.8784   58  183 16901.8300 14136.3874  16.4%   208 1445s
 12161  9659     cutoff  132      16901.8300 14136.4500  16.4%   208 1467s
 12267  9786 14521.1128   48  337 16901.8300 14136.4941  16.4%   208 1488s
 12392  9960 14705.1305   64  311 16901.8300 14136.4941  16.4%   210 1511s
 12607 10245 14957.3389   80  190 16901.8300 14136.4941  16.4%   209 1533s
 12742 10245 15554.3740  132   38 16901.8300 14136.4941  16.4%   209 1535s
 12893 10436 15801.1677  137   34 16901.8300 14137.1539  16.4%   208 1557s
 13143 10554     cutoff  192      16901.8300 14137.4917  16.4%   207 1576s
 13265 10715 15487.7863   65  203 16901.8300 14141.2330  16.3%   208 1598s
 13471 10792     cutoff  161      16901.8300 14142.0515  16.3%   207 1618s
 13547 10983 15120.4286   48  395 16901.8300 14142.7728  16.3%   208 1640s
 13768 11101 16529.0600  123   31 16901.8300 14143.0025  16.3%   208 1664s
 13877 11110 15729.0428   98  212 16901.8300 14143.4902  16.3%   208 1665s
 13934 11179     cutoff  138      16901.8300 14144.0761  16.3%   208 1684s
 14009 11276 16140.1076   61  293 16901.8300 14144.3135  16.3%   209 1705s
 14130 11450 15067.3871   36  263 16901.8300 14144.5822  16.3%   209 1728s
 14238 11450 16498.9559  144   43 16901.8300 14144.5822  16.3%   209 1730s
 14320 11526 14415.8130   30  490 16901.8300 14144.6449  16.3%   209 1750s
 14411 11625 15329.7630   79  192 16901.8300 14144.9626  16.3%   210 1769s
 14466 11625 16203.1137  134   32 16901.8300 14144.9626  16.3%   209 1770s
 14539 11680 14600.9773   45  425 16901.8300 14145.3661  16.3%   210 1789s
 14591 11749 14728.7746   50  208 16901.8300 14145.3661  16.3%   212 1808s
 14660 11921 14891.8475   59  256 16901.8300 14145.3661  16.3%   213 1829s
 14715 11921 15033.2895   80   93 16901.8300 14145.3661  16.3%   213 1830s
 14832 12196 15261.6608  102   63 16901.8300 14145.4089  16.3%   213 1856s
 15184 12345     cutoff  191      16901.8300 14146.3517  16.3%   211 1879s
 15244 12345 16250.0321   96  159 16901.8300 14146.3517  16.3%   212 1880s
 15325 12647 16316.0044  102  124 16901.8300 14146.3674  16.3%   212 1905s
 15644 12776     cutoff  132      16901.8300 14146.9228  16.3%   211 1930s
 15828 12875 14530.2772   51  287 16901.8300 14146.9564  16.3%   211 1950s
 15931 13032 15112.1813   73  114 16901.8300 14147.4486  16.3%   212 1974s
 16019 13032 15609.0919   68  135 16901.8300 14148.9325  16.3%   212 1975s
 16104 13204 15329.6515   61  136 16901.8300 14148.9628  16.3%   212 1997s
 16303 13441     cutoff  174      16901.8300 14149.4331  16.3%   212 2023s
 16454 13442 15793.5598   85  158 16901.8300 14149.6151  16.3%   211 2025s
 16579 13526 14393.6431   39  537 16901.8300 14149.6151  16.3%   211 2046s
 16678 13722 14594.6835   54  252 16901.8300 14149.6151  16.3%   212 2068s
 16873 13722 15170.8646   61  190 16901.8300 14149.6151  16.3%   211 2070s
 16886 13834 15114.2285  117   92 16901.8300 14149.8081  16.3%   211 2090s
 17050 13948 14346.6554   42  475 16901.8300 14152.4704  16.3%   211 2111s
 17202 14184 14692.9849   61  247 16901.8300 14152.5871  16.3%   212 2139s
 17302 14184 15427.2035  111   91 16901.8300 14152.5871  16.3%   211 2140s
 17474 14254     cutoff  175      16901.8300 14153.1129  16.3%   210 2160s
*17554 14375             178    16874.710000 14153.3857  16.1%   211 2187s
*17555 14254             178    16829.710000 14153.3857  15.9%   211 2187s
*17557 14154             177    16799.710000 14153.3857  15.8%   211 2187s
 17723 14225 15041.0619   39  348 16799.7100 14153.3857  15.8%   211 2209s
 17771 14225 16054.6289   87  213 16799.7100 14153.3857  15.8%   212 2210s
 17818 14321 16133.0131   95  185 16799.7100 14154.2908  15.7%   212 2231s
 17939 14471 14896.5958   70  219 16799.7100 14155.2246  15.7%   212 2256s
 18111 14702 infeasible  179      16799.7100 14155.2932  15.7%   213 2282s
H18197 14549                    16744.490000 14155.2932  15.5%   212 2283s
 18387 14649 15950.5250  118   75 16744.4900 14155.5454  15.5%   212 2305s
 18510 14762 16198.6451  127  133 16744.4900 14156.4094  15.5%   212 2326s
 18641 14845     cutoff  146      16744.4900 14156.6122  15.5%   212 2350s
H18738 14733                    16686.370000 14157.3359  15.2%   212 2370s
H18854 14824                    16666.730000 14157.3359  15.1%   213 2396s
 19080 14922 14576.2333   41  351 16666.7300 14160.6366  15.0%   213 2419s
 19170 15102 14857.9036   54  242 16666.7300 14160.6366  15.0%   214 2445s
 19421 15328 15062.5929   77  231 16666.7300 14160.6366  15.0%   213 2470s
 19642 15484 15656.7613  132   90 16666.7300 14162.2541  15.0%   213 2645s
H19791 15033                    16563.930000 14162.4790  14.5%   212 2646s
 19818 15190     cutoff  189      16563.9300 14162.5828  14.5%   213 2669s
 19854 15190 15617.6747   63   84 16563.9300 14162.5828  14.5%   213 2670s
 20032 15274 14349.1898   35  367 16563.9300 14162.6675  14.5%   212 2693s
H20078 14062                    16309.930000 14162.6675  13.2%   213 2694s
 20122 14212 15688.7342   79  114 16309.9300 14163.5803  13.2%   213 2716s
H20180 13869                    16232.150000 14163.5803  12.7%   213 2717s
 20302 13905 14377.3880   38  349 16232.1500 14164.1239  12.7%   213 2739s
 20345 14012 14850.6351   52  250 16232.1500 14164.1239  12.7%   214 2760s
 20454 14249 15428.1546   78  145 16232.1500 14166.5568  12.7%   215 2786s
 20741 14350 15205.0961   59  329 16232.1500 14166.7903  12.7%   214 2811s
 20880 14538 15026.5278   53  293 16232.1500 14167.1858  12.7%   214 2835s
 21095 14659 15009.4775   45  322 16232.1500 14169.5388  12.7%   214 2859s
 21163 14659 16161.7851  110   21 16232.1500 14169.5388  12.7%   214 2860s
 21232 14715     cutoff  111      16232.1500 14171.2048  12.7%   214 2882s
H21234 14536                    16198.510000 14171.2048  12.5%   214 2882s
 21306 14626 14501.0933   43  306 16198.5100 14171.3583  12.5%   215 2906s
 21396 14867 14873.5245   70  149 16198.5100 14171.4685  12.5%   215 2931s
 21705 14945 14619.5310   28  389 16198.5100 14171.7562  12.5%   215 2954s
 21758 15027 14746.1425   39  263 16198.5100 14171.7562  12.5%   216 2976s
 21840 15161 15017.7855   53  185 16198.5100 14171.7562  12.5%   217 2999s
 21867 15161 15350.5678   64  238 16198.5100 14171.7562  12.5%   217 3000s
 22014 15271 15527.1312   73  145 16198.5100 14172.7033  12.5%   217 3026s
 22171 15402 14361.1986   53  527 16198.5100 14172.7033  12.5%   217 3051s
 22318 15525 16033.9850  102  220 16198.5100 14173.7396  12.5%   218 3079s
 22386 15525 15338.9854   83  158 16198.5100 14173.7396  12.5%   218 3080s
 22465 15683 14387.2569   35  368 16198.5100 14174.3537  12.5%   218 3103s
 22649 15814 infeasible  136      16198.5100 14175.5254  12.5%   218 3129s
 22803 15890 15941.1084   77  127 16198.5100 14175.7212  12.5%   218 3153s
 22897 16032 14955.9446   76  307 16198.5100 14176.2280  12.5%   219 3178s
 23021 16032 15176.9289   98   73 16198.5100 14176.2280  12.5%   219 3180s
 23041 16325 15230.3997   98  140 16198.5100 14176.3565  12.5%   219 3206s
 23371 16335 14719.8464   45  321 16198.5100 14176.5469  12.5%   218 3210s
 23388 16417 15906.4944  170   23 16198.5100 14176.7475  12.5%   218 3232s
*23467 15428             174    16062.510000 14177.0533  11.7%   218 3233s
 23510 15506     cutoff  172      16062.5100 14177.1922  11.7%   218 3257s
 23625 15645 14609.8743   54  248 16062.5100 14177.2020  11.7%   219 3281s
H23709  9932                    15415.950000 14177.2020  8.04%   219 3282s
 23778 10041     cutoff   96      15415.9500 14177.3581  8.03%   219 3306s
 23951 10152 14356.7815   33  489 15415.9500 14178.0872  8.03%   219 3330s
 24102 10232 14404.1289   41  430 15415.9500 14178.3056  8.03%   220 3353s
 24198 10294 14543.6855   36  436 15415.9500 14178.5655  8.03%   220 3377s
 24305 10362 15125.2614   38  334 15415.9500 14179.6672  8.02%   221 3401s
 24419 10471 14602.7996   35  386 15415.9500 14181.4442  8.01%   222 3426s
 24559 10534 14793.3934   48  376 15415.9500 14181.9891  8.00%   222 3449s
 24622 10753 14966.4745   59  333 15415.9500 14181.9891  8.00%   223 3476s
 24876 10867 15186.3162   98  183 15415.9500 14183.2356  8.00%   223 3502s
 25017 11005 14373.1861   40  406 15415.9500 14184.4997  7.99%   224 3530s
 25191 11156 14756.1494   60  173 15415.9500 14185.3439  7.98%   225 3558s
 25404 11264     cutoff  113      15415.9500 14185.9384  7.98%   225 3581s
 25524 11350 14802.3457   40  388 15415.9500 14187.0669  7.97%   226 3600s

Cutting planes:
  User: 5698
  Gomory: 27
  Cover: 472
  Implied bound: 71
  Clique: 4
  MIR: 174
  Flow cover: 455
  Zero half: 6
  RLT: 329
  Relax-and-lift: 11
  Lazy constraints: 3003

Explored 25635 nodes (5799491 simplex iterations) in 3601.22 seconds
Thread count was 2 (of 32 available processors)

Solution count 10: 15416 16062.5 16198.5 ... 16799.7

Time limit reached
Best objective 1.541595000000e+04, best bound 1.418709396866e+04, gap 7.9713%

User-callback calls 523198, time in user-callback 230.33 sec
================================================================================
executing instance: ./input/Instances/Original/2/absH3high_4n10.dat
--------------------------------------------------------------------------------
Instance details
n	11
H	3
C	822
Li:
[0, 0, 0, 0, 0, 0, 0, 0, 0, 0, 0, ]
Ui:
[0, 102, 52, 88, 182, 153, 138, 38, 165, 297, 86, ]
Distance matrix:
|0	285	411	382	327	239	148	256	307	36	383	|
|285	0	352	98	249	103	227	235	120	268	209	|
|411	352	0	395	106	430	263	549	234	429	174	|
|382	98	395	0	302	173	320	288	168	364	227	|
|327	249	106	302	0	324	179	444	135	339	109	|
|239	103	430	173	324	0	241	132	212	212	305	|
|148	227	263	320	179	241	0	325	192	165	249	|
|256	235	549	288	444	132	325	0	342	220	436	|
|307	120	234	168	135	212	192	342	0	304	94	|
|36	268	429	364	339	212	165	220	304	0	386	|
|383	209	174	227	109	305	249	436	94	386	0	|

--------------------------------------------------------------------------------
Building model...
	using lazy and cut (CVRPSEP package)
Solving IRP LP...
--------------------------------------------------------------------------------

Gurobi 9.1.0 (linux64) logging started Sat Jan 23 11:39:09 2021

Gurobi Optimizer version 9.1.0 build v9.1.0rc0 (linux64)
Thread count: 32 physical cores, 32 logical processors, using up to 2 threads
Optimize a model with 380 rows, 956 columns and 2882 nonzeros
Model fingerprint: 0x545ea800
Variable types: 164 continuous, 792 integer (132 binary)
Coefficient statistics:
  Matrix range     [1e+00, 3e+02]
  Objective range  [2e-01, 5e+02]
  Bounds range     [1e+00, 3e+02]
  RHS range        [2e+01, 1e+03]
Presolve removed 44 rows and 11 columns
Presolve time: 0.01s
Presolved: 336 rows, 945 columns, 2577 nonzeros
Variable types: 153 continuous, 792 integer (672 binary)

Root relaxation: objective 4.141947e+03, 599 iterations, 0.02 seconds

    Nodes    |    Current Node    |     Objective Bounds      |     Work
 Expl Unexpl |  Obj  Depth IntInf | Incumbent    BestBd   Gap | It/Node Time

     0     0 4141.94665    0   60          - 4141.94665      -     -    0s
     0     0 4266.90462    0   90          - 4266.90462      -     -    0s
H    0     0                    7427.4600000 4266.90462  42.6%     -    0s
     0     0 4284.83674    0   94 7427.46000 4284.83674  42.3%     -    0s
     0     0 4518.82336    0   92 7427.46000 4518.82336  39.2%     -    0s
     0     0 4522.41007    0   98 7427.46000 4522.41007  39.1%     -    0s
     0     0 4522.73878    0  108 7427.46000 4522.73878  39.1%     -    0s
     0     0 4522.73878    0  105 7427.46000 4522.73878  39.1%     -    0s
     0     0 4611.10839    0  109 7427.46000 4611.10839  37.9%     -    0s
     0     0 4613.10076    0  128 7427.46000 4613.10076  37.9%     -    0s
     0     0 4613.11017    0  131 7427.46000 4613.11017  37.9%     -    0s
     0     0 4686.69161    0  142 7427.46000 4686.69161  36.9%     -    0s
     0     0 4693.79587    0  137 7427.46000 4693.79587  36.8%     -    0s
     0     0 4694.78360    0  138 7427.46000 4694.78360  36.8%     -    0s
     0     0 4694.84923    0  148 7427.46000 4694.84923  36.8%     -    0s
     0     0 4712.81212    0  156 7427.46000 4712.81212  36.5%     -    0s
     0     0 4715.78886    0  162 7427.46000 4715.78886  36.5%     -    0s
     0     0 4717.24197    0  148 7427.46000 4717.24197  36.5%     -    0s
     0     0 4717.28040    0  150 7427.46000 4717.28040  36.5%     -    0s
     0     0 4726.12417    0  134 7427.46000 4726.12417  36.4%     -    0s
     0     0 4726.92371    0  132 7427.46000 4726.92371  36.4%     -    0s
     0     0 4726.92371    0  138 7427.46000 4726.92371  36.4%     -    0s
     0     0 4729.23170    0  127 7427.46000 4729.23170  36.3%     -    0s
     0     0 4729.23170    0  100 7427.46000 4729.23170  36.3%     -    0s
     0     2 4729.52128    0   99 7427.46000 4729.52128  36.3%     -    0s
H   29    36                    7121.1100000 4732.45199  33.5%   105    0s
H  154   156                    6856.0300000 4732.45199  31.0%  63.7    1s
H  223   223                    6658.7800000 4732.45199  28.9%  55.6    2s
H  291   272                    6597.7800000 4743.40472  28.1%  57.5    2s
   787   704 5327.16638   35  152 6597.78000 4763.34278  27.8%  53.7    5s
H  987   765                    6418.7800000 4880.09442  24.0%  68.7    8s
H 1017   730                    6294.9300000 4880.09442  22.5%  69.9    8s
  1165   799 5473.44197   26   80 6294.93000 4938.56186  21.5%  70.8   10s
H 1798   974                    6287.1100000 5107.35607  18.8%  74.4   14s
  1863   990 5256.20388   22  120 6287.11000 5108.90961  18.7%  74.8   15s
H 1975   948                    6200.1100000 5128.56667  17.3%  76.6   16s
H 1999   892                    6090.1100000 5128.56667  15.8%  76.7   16s
  2552   983 5741.55744   23  123 6090.11000 5222.32833  14.2%  80.5   20s
  3153  1264 6000.82882   28  114 6090.11000 5273.22472  13.4%  82.7   25s
  3885  1526 5636.91588   25   58 6090.11000 5322.73328  12.6%  85.5   30s
  4678  1792 5577.96080   24  117 6090.11000 5369.53490  11.8%  88.5   36s
  5471  2038 5942.28857   25  100 6090.11000 5418.21044  11.0%  88.5   41s
  6111  2191 5965.12115   28   85 6090.11000 5440.20335  10.7%  88.5   45s
* 6913  2382              39    6080.2500000 5466.09252  10.1%  87.6   49s
  7026  2402 6026.75404   29   57 6080.25000 5473.75460  10.0%  87.5   50s
  7857  2617 5893.02721   29   42 6080.25000 5501.88382  9.51%  87.8   55s
  8882  2790 5904.35036   28   97 6080.25000 5533.71624  8.99%  87.8   61s
  9639  2918     cutoff   32      6080.25000 5553.27554  8.67%  88.0   65s
 10494  3059 5856.00222   29  133 6080.25000 5569.93325  8.39%  87.7   70s
 11534  3178     cutoff   27      6080.25000 5593.62024  8.00%  87.4   76s
 12362  3325 6064.32763   27   84 6080.25000 5608.82897  7.75%  87.3   80s
 13584  3526 5951.38833   29   80 6080.25000 5628.23752  7.43%  86.4   86s
H14386  3330                    5991.4500000 5642.34967  5.83%  86.0   89s
 14446  3318     cutoff   26      5991.45000 5642.69457  5.82%  86.0   90s
 15551  3225     cutoff   26      5991.45000 5665.82816  5.43%  85.8   95s
 16550  3146     cutoff   29      5991.45000 5687.27932  5.08%  85.4  100s
 17759  2955     cutoff   35      5991.45000 5714.35469  4.62%  85.2  105s
 18727  2755 5832.63482   26   72 5991.45000 5739.07725  4.21%  84.8  110s
 19929  2380 5925.98526   26   91 5991.45000 5770.88298  3.68%  84.7  115s
 21020  1985 5819.46211   33   48 5991.45000 5802.87598  3.15%  84.0  120s
 22555  1120 infeasible   31      5991.45000 5863.29440  2.14%  82.9  125s

Cutting planes:
  User: 479
  Gomory: 3
  Cover: 143
  Implied bound: 49
  Projected implied bound: 4
  MIR: 121
  Flow cover: 124
  Inf proof: 23
  Zero half: 4
  RLT: 175
  Relax-and-lift: 18
  Lazy constraints: 3

Explored 24077 nodes (1930933 simplex iterations) in 128.69 seconds
Thread count was 2 (of 32 available processors)

Solution count 10: 5991.45 6080.25 6090.11 ... 6856.03

Optimal solution found (tolerance 1.00e-04)
Best objective 5.991450000000e+03, best bound 5.991450000000e+03, gap 0.0000%

User-callback calls 59643, time in user-callback 13.70 sec
================================================================================
executing instance: ./input/Instances/Original/2/absH3high_3n20.dat
