




arguments: ./build/mirp_solver -f ./input/orig_exec_151.cfg
Current dir: /scratch/gui/bnc_mirp
File verbosity level: 9
date       time         ( uptime  ) [ thread name/id ]                   file:line     v| 
2021-01-10 01:47:40.327 (   0.048s) [main thread     ]             loguru.cpp:789   INFO| Logging to './output/vi_cos/OU/V5/Original/execution_10_01_2021_01_47_40.log', mode: 'a', verbosity: 9
--------------------------------------------------------------------------------
Parameters
                           instance_path           ./input/Instances/Original/4/
                            model_policy                                       1
                             nb_vehicles                                       5
                              output_dir         ./output/vi_cos/OU/V5/Original/
                            sec_strategy                                       1
                       solver_nb_threads                                       2
                         solver_show_log                                    true
                       solver_time_limit                                    3600
                              use_vi_cos                                    true
                              use_vi_cus                                   false
                         use_vi_hc1_full                                   false
                         use_vi_hc1_half                                   false
                      use_vi_hc1_quarter                                   false
                              use_vi_hc2                                   false
                              use_vi_hc3                                   false
                         use_vi_lex_full                                   false
                         use_vi_lex_half                                   false
                      use_vi_lex_quarter                                   false
                              use_vi_qua                                   false
                               use_vi_vc                                   false
                               use_vi_vr                                   false
--------------------------------------------------------------------------------
executing instance: ./input/Instances/Original/4/absH3low_3n30.dat
--------------------------------------------------------------------------------
Instance details
n	31
H	3
C	2841
Li:
[0, 0, 0, 0, 0, 0, 0, 0, 0, 0, 0, 0, 0, 0, 0, 0, 0, 0, 0, 0, 0, 0, 0, 0, 0, 0, 0, 0, 0, 0, 0, ]
Ui:
[0, 246, 98, 54, 144, 171, 192, 180, 165, 98, 122, 198, 297, 144, 130, 129, 219, 138, 142, 150, 108, 66, 64, 285, 180, 204, 276, 168, 240, 198, 122, ]
Distance matrix:
|0	172	56	166	260	198	42	197	296	110	91	112	238	275	323	183	330	232	175	181	162	191	232	280	201	139	356	185	266	216	26	|
|172	0	178	223	320	335	153	355	444	62	231	99	333	376	214	352	176	235	194	106	47	41	353	161	299	175	225	43	326	374	153	|
|56	178	0	110	204	162	93	233	336	125	144	148	187	226	358	180	313	284	123	152	182	185	282	252	256	88	329	177	210	251	42	|
|166	223	110	0	102	150	199	327	431	194	253	237	113	156	431	228	296	386	44	140	248	208	389	218	366	48	287	200	108	344	148	|
|260	320	204	102	0	156	296	391	493	296	340	339	66	90	531	263	362	486	127	226	349	300	469	278	454	148	334	292	6	406	245	|
|198	335	162	150	156	0	239	255	351	286	245	307	93	106	518	111	442	423	194	280	344	335	349	367	352	182	437	327	158	266	199	|
|42	153	93	199	296	239	0	203	296	91	82	76	278	316	284	217	322	191	201	186	133	180	217	281	177	165	356	175	302	222	52	|
|197	355	233	327	391	255	203	0	104	294	125	266	340	361	436	151	524	276	352	377	330	383	109	477	146	319	553	377	395	19	222	|
|296	444	336	431	493	351	296	104	0	384	214	348	440	456	488	241	617	315	456	476	412	475	113	575	176	422	651	470	497	88	322	|
|110	62	125	194	296	286	91	294	384	0	171	55	298	340	238	292	233	210	176	118	58	91	298	201	248	148	273	87	302	313	94	|
|91	231	144	253	340	245	82	125	214	171	0	141	307	339	324	184	403	187	266	266	204	261	140	363	114	230	438	256	346	144	116	|
|112	99	148	237	339	307	76	266	348	55	141	0	332	373	212	292	275	156	225	173	64	137	254	253	200	194	322	135	345	284	108	|
|238	333	187	113	66	93	278	340	440	298	307	332	0	43	536	203	404	469	153	253	354	321	427	322	420	160	385	313	67	353	229	|
|275	376	226	156	90	106	316	361	456	340	339	373	43	0	578	216	443	507	194	295	397	364	453	361	451	203	421	356	88	372	268	|
|323	214	358	431	531	518	284	436	488	238	324	212	536	578	0	498	309	176	407	320	183	245	376	344	312	383	379	251	537	451	319	|
|183	352	180	228	263	111	217	151	241	292	184	292	203	216	498	0	492	371	266	328	345	364	255	426	272	242	501	356	266	159	198	|
|330	176	313	296	362	442	322	524	617	233	403	275	404	443	309	492	0	397	253	164	218	142	529	84	475	260	72	147	367	543	306	|
|232	235	284	386	486	423	191	276	315	210	187	156	469	507	176	371	397	0	379	327	188	276	202	396	139	346	456	277	492	289	242	|
|175	194	123	44	127	194	201	352	456	176	266	225	153	194	407	266	253	379	0	101	225	174	405	174	375	36	244	166	133	370	152	|
|181	106	152	140	226	280	186	377	476	118	266	173	253	295	320	328	164	327	101	0	148	76	403	100	360	98	177	69	232	396	155	|
|162	47	182	248	349	344	133	330	412	58	204	64	354	397	183	345	218	188	225	148	0	89	316	208	259	201	270	90	355	348	149	|
|191	41	185	208	300	335	180	383	475	91	261	137	321	364	245	364	142	276	174	76	89	0	388	119	336	162	185	8	306	402	169	|
|232	353	282	389	469	349	217	109	113	298	140	254	427	453	376	255	529	202	405	403	316	388	0	497	64	369	570	384	474	112	256	|
|280	161	252	218	278	367	281	477	575	201	363	253	322	361	344	426	84	396	174	100	208	119	497	0	449	187	77	119	283	496	255	|
|201	299	256	366	454	352	177	146	176	248	114	200	420	451	312	272	475	139	375	360	259	336	64	449	0	339	521	333	460	156	223	|
|139	175	88	48	148	182	165	319	422	148	230	194	160	203	383	242	260	346	36	98	201	162	369	187	339	0	260	153	154	337	116	|
|356	225	329	287	334	437	356	553	651	273	438	322	385	421	379	501	72	456	244	177	270	185	570	77	521	260	0	187	338	572	331	|
|185	43	177	200	292	327	175	377	470	87	256	135	313	356	251	356	147	277	166	69	90	8	384	119	333	153	187	0	298	396	163	|
|266	326	210	108	6	158	302	395	497	302	346	345	67	88	537	266	367	492	133	232	355	306	474	283	460	154	338	298	0	410	251	|
|216	374	251	344	406	266	222	19	88	313	144	284	353	372	451	159	543	289	370	396	348	402	112	496	156	337	572	396	410	0	241	|
|26	153	42	148	245	199	52	222	322	94	116	108	229	268	319	198	306	242	152	155	149	169	256	255	223	116	331	163	251	241	0	|

--------------------------------------------------------------------------------
Building model...
	using lazy and cut (CVRPSEP package)
Solving IRP LP...
--------------------------------------------------------------------------------

Gurobi 9.1.0 (linux64) logging started Sun Jan 10 01:47:40 2021

Gurobi Optimizer version 9.1.0 build v9.1.0rc0 (linux64)
Thread count: 32 physical cores, 32 logical processors, using up to 2 threads
Optimize a model with 1249 rows, 8014 columns and 30040 nonzeros
Model fingerprint: 0x044b08fa
Variable types: 574 continuous, 7440 integer (465 binary)
Coefficient statistics:
  Matrix range     [1e+00, 7e+02]
  Objective range  [1e-02, 7e+02]
  Bounds range     [1e+00, 3e+02]
  RHS range        [3e+01, 5e+03]
Presolve removed 124 rows and 31 columns
Presolve time: 0.06s
Presolved: 1125 rows, 7983 columns, 28955 nonzeros
Variable types: 543 continuous, 7440 integer (6990 binary)

Root relaxation: objective 2.463279e+03, 1323 iterations, 0.04 seconds

    Nodes    |    Current Node    |     Objective Bounds      |     Work
 Expl Unexpl |  Obj  Depth IntInf | Incumbent    BestBd   Gap | It/Node Time

     0     0 2463.27864    0  102          - 2463.27864      -     -    0s
     0     0 2665.27407    0  150          - 2665.27407      -     -    0s
     0     0 3150.65250    0  189          - 3150.65250      -     -    0s
     0     0 3154.89032    0  193          - 3154.89032      -     -    0s
     0     0 3159.05176    0  199          - 3159.05176      -     -    0s
     0     0 3160.78674    0  198          - 3160.78674      -     -    0s
     0     0 3160.78674    0  191          - 3160.78674      -     -    0s
     0     0 3279.37525    0  219          - 3279.37525      -     -    1s
     0     0 3281.44199    0  187          - 3281.44199      -     -    1s
     0     0 3282.46868    0  225          - 3282.46868      -     -    1s
     0     0 3282.55747    0  207          - 3282.55747      -     -    1s
     0     0 3364.22046    0  250          - 3364.22046      -     -    1s
     0     0 3364.40965    0  250          - 3364.40965      -     -    1s
     0     0 3494.43117    0  312          - 3494.43117      -     -    2s
     0     0 3503.12089    0  334          - 3503.12089      -     -    2s
     0     0 3511.28714    0  341          - 3511.28714      -     -    2s
     0     0 3522.61649    0  365          - 3522.61649      -     -    2s
     0     0 3527.85339    0  337          - 3527.85339      -     -    2s
     0     0 3527.91484    0  348          - 3527.91484      -     -    2s
     0     0 3605.42509    0  380          - 3605.42509      -     -    3s
     0     0 3612.00220    0  360          - 3612.00220      -     -    3s
     0     0 3612.46681    0  340          - 3612.46681      -     -    3s
     0     0 3619.12450    0  311          - 3619.12450      -     -    3s
     0     0 3621.17325    0  291          - 3621.17325      -     -    3s
     0     0 3621.39677    0  344          - 3621.39677      -     -    3s
     0     0 3623.91386    0  354          - 3623.91386      -     -    4s
     0     0 3623.91386    0  311          - 3623.91386      -     -    4s
     0     2 3626.75275    0  296          - 3626.75275      -     -    4s
     1     4 3627.47680    1  362          - 3626.75275      -   713    5s
    49    52 4063.35208   17  296          - 3629.03262      -   490   10s
   106   110 4591.26681   28  222          - 3629.03262      -   415   15s
   228   254 5093.76125   58  216          - 3629.03262      -   300   20s
   372   382 5104.69461  146  232          - 3629.03262      -   245   25s
   480   522 5124.32193  196  261          - 3629.03262      -   237   34s
   523   551 5125.33400  224  273          - 3629.03262      -   227   35s
   656   692 5262.57994  279  244          - 3629.03262      -   212   40s
   848   941 5524.41662  334  226          - 3629.03262      -   199   46s
  1016  1155 5605.15459  354  235          - 3629.03262      -   181   50s
  1292  1288 5901.16836  423  271          - 3637.60064      -   161   56s
  1332  1307 5962.18643  220  264          - 3637.60064      -   166   60s
  1352  1320 5616.51030  387  457          - 3710.19662      -   164   65s
  1363  1328 6755.32382  318  419          - 3731.48216      -   162   70s
  1375  1336 4311.27597  131  486          - 3736.07975      -   161   75s
  1388  1346 5139.18894  105  185          - 3737.05339      -   177   80s
  1408  1359 4544.19346   28  507          - 3751.86327      -   174   85s
  1423  1369 5105.35308  159  505          - 3756.45732      -   172   90s
  1443  1383 6769.80477  347  528          - 3759.08935      -   170   95s
  1453  1392 3839.28475   22  340          - 3761.88501      -   181  100s
  1471  1404 3779.90079   27  432          - 3776.14103      -   194  105s
  1507  1430 3806.38181   35  296          - 3778.83972      -   203  111s
  1542  1454 3996.28065   41  293          - 3778.83972      -   209  115s
  1587  1487 4063.47146   50  275          - 3778.83972      -   215  120s
  1649  1529 4268.88926   65  208          - 3778.83972      -   222  125s
  1707  1575 4314.13540   79  110          - 3778.83972      -   228  130s
  1777  1626 4439.56012   96  118          - 3778.83972      -   236  135s
  1879  1719 5128.69789  131   69          - 3778.83972      -   237  140s
  1962  1750 5884.05502  161   82          - 3778.83972      -   236  145s
  2096  1792 4018.68968   27  333          - 3778.83972      -   233  150s
  2146  1822 3936.07364   33  269          - 3807.92476      -   238  156s
  2185  1844 4052.95202   40  328          - 3807.92476      -   240  160s
  2258  1904 4098.82334   48  235          - 3807.92476      -   243  166s
  2335  1992 4243.06021   53  252          - 3807.92476      -   242  172s
  2400  2069 4194.52105   58  281          - 3807.92476      -   240  175s
* 2471  1678             171    6088.5600000 3807.92476  37.5%   238  175s
  2527  1639 4299.40899   66  224 6088.56000 3807.92476  37.5%   237  181s
  2543  1654 infeasible   69      6088.56000 3807.92476  37.5%   239  186s
H 2552  1563                    5955.5600000 3807.92476  36.1%   240  186s
H 2553  1438                    5546.5600000 3807.92476  31.3%   240  186s
  2592  1475 4537.67888   80  197 5546.56000 3807.92476  31.3%   241  191s
  2650  1511 4883.23207   96  132 5546.56000 3807.92476  31.3%   243  197s
  2671  1539 4996.78659  102  161 5546.56000 3807.92476  31.3%   244  203s
  2710  1555 5255.10356  113  183 5546.56000 3807.92476  31.3%   245  207s
  2749  1594 5293.67942  119  119 5546.56000 3811.70620  31.3%   245  210s
  2854  1612 4158.23864   36  333 5546.56000 3811.70620  31.3%   246  217s
  2876  1644 4211.48790   39  317 5546.56000 3811.70620  31.3%   246  221s
  2937  1647 4254.46543   44  296 5546.56000 3811.70620  31.3%   246  225s
  2990  1686 4462.92757   59  210 5546.56000 3811.70620  31.3%   248  232s
  3017  1719 4519.67069   61  195 5546.56000 3811.70620  31.3%   249  237s
  3094  1725 4662.47424   64  235 5546.56000 3811.70620  31.3%   248  243s
  3126  1745 4901.34732   71  193 5546.56000 3811.70620  31.3%   249  247s
  3160  1741 4777.69085   78  193 5546.56000 3811.70620  31.3%   251  252s
  3172  1772 4981.85707   82  161 5546.56000 3811.70620  31.3%   252  256s
  3220  1799 5126.97850   89  191 5546.56000 3811.70620  31.3%   254  261s
  3263  1846 5271.17436  105  160 5546.56000 3811.70620  31.3%   255  266s
H 3323  1640                    5343.5600000 3811.70620  28.7%   254  266s
  3338  1617     cutoff  120      5343.56000 3813.79202  28.6%   255  274s
H 3364  1550                    5337.5600000 3813.79202  28.5%   257  275s
  3403  1587 4510.29037   38  357 5337.56000 3813.79202  28.5%   260  285s
H 3404  1530                    5328.5600000 3813.79202  28.4%   260  286s
  3427  1570 4772.59146   45  314 5328.56000 3813.79202  28.4%   262  290s
  3476  1605 4869.04327   53  312 5328.56000 3813.79202  28.4%   263  296s
  3544  1620 4992.90766   65  190 5328.56000 3813.79202  28.4%   264  301s
  3582  1647 5276.97633   78  284 5328.56000 3827.65727  28.2%   267  307s
  3643  1640 4413.29269   35  394 5328.56000 3827.65727  28.2%   269  320s
H 3655  1510                    5251.5600000 3827.65727  27.1%   269  320s
  3663  1552 4813.71644   48  158 5251.56000 3828.31670  27.1%   271  326s
  3715  1584 4014.92707   26  502 5251.56000 3828.31670  27.1%   273  333s
  3781  1595 4437.54232   38  408 5251.56000 3835.45393  27.0%   273  340s
  3824  1605 3974.50491   37  554 5251.56000 3835.45393  27.0%   277  346s
  3860  1635 4264.25933   58  433 5251.56000 3835.45393  27.0%   279  352s
  3902  1670 4956.60626   91  284 5251.56000 3840.01207  26.9%   282  359s
  3963  1764 4250.09370   37  406 5251.56000 3841.29956  26.9%   286  368s
  4095  1769 4211.10382   24  409 5251.56000 3841.29956  26.9%   286  376s
  4163  1785 4999.07033   57  134 5251.56000 3843.41800  26.8%   287  384s
  4216  1821 4407.88547   34  347 5251.56000 3851.30845  26.7%   289  391s
  4278  1873 4235.81554   40  346 5251.56000 3852.36219  26.6%   292  402s
  4358  1978 4102.50557   38  364 5251.56000 3852.36219  26.6%   295  411s
  4506  2044     cutoff   94      5251.56000 3870.59268  26.3%   293  421s
  4582  2101 4908.45402   61  232 5251.56000 3870.74795  26.3%   295  431s
  4688  2177 4628.94445   50  226 5251.56000 3879.74756  26.1%   295  442s
  4782  2219 4532.47645   43  311 5251.56000 3881.70299  26.1%   296  451s
  4842  2299 4606.02486   39  441 5251.56000 3883.05587  26.1%   299  461s
  4939  2364 4060.51692   26  368 5251.56000 3885.10922  26.0%   300  471s
  5004  2475 5042.31281   65  162 5251.56000 3886.67733  26.0%   302  481s
  5131  2512 5164.94903   91  212 5251.56000 3887.21988  26.0%   302  492s
  5184  2546 4218.41187   37  359 5251.56000 3887.49774  26.0%   306  503s
  5218  2588 4335.88968   47  326 5251.56000 3887.49774  26.0%   311  514s
  5260  2654 4645.55367   56  401 5251.56000 3887.49774  26.0%   315  525s
  5330  2724 5002.91575   74  272 5251.56000 3888.84376  25.9%   318  537s
  5444  2818 4437.91584   46  361 5251.56000 3907.54848  25.6%   319  551s
  5553  2878 4332.67959   38  470 5251.56000 3908.06621  25.6%   321  568s
  5623  2967 4691.95883   53  295 5251.56000 3920.28249  25.4%   321  581s
  5734  3086 4404.66347   37  330 5251.56000 3925.00728  25.3%   323  596s
  5897  3127     cutoff   72      5251.56000 3931.39032  25.1%   323  614s
  5980  3209 4197.19504   40  463 5251.56000 3936.12102  25.0%   325  628s
  6082  3286 4246.95065   37  431 5251.56000 3937.80781  25.0%   326  645s
  6184  3333 4367.50134   38  328 5251.56000 3938.67520  25.0%   329  661s
  6261  3450 4615.04045   40  397 5251.56000 3938.76589  25.0%   333  680s
  6404  3528 4837.39930   49  433 5251.56000 3945.31005  24.9%   335  699s
  6498  3603 4483.91581   41  283 5251.56000 3945.97340  24.9%   339  717s
  6614  3681 4109.59848   40  395 5251.56000 3950.65488  24.8%   340  734s
  6720  3758 4252.79835   38  400 5251.56000 3953.29436  24.7%   342  751s
  6829  3828 4756.44304   47  228 5251.56000 3959.98219  24.6%   345  768s
  6916  3936 4459.94460   35  414 5251.56000 3963.43689  24.5%   348  787s
  7026  4075 5023.75649   53  150 5251.56000 3965.40771  24.5%   350  807s
  7217  4192 4277.72095   32  352 5251.56000 3974.53495  24.3%   350  830s
  7376  4285 4694.80058   56  351 5251.56000 3978.68059  24.2%   352  851s
  7517  4414 4225.87954   37  436 5251.56000 3981.14338  24.2%   354  873s
  7676  4524 4954.81205   61  223 5251.56000 3985.39834  24.1%   355  895s
  7846  4628 4518.81791   50  333 5251.56000 3986.86884  24.1%   356  918s
  7987  4720 4956.23506   51  130 5251.56000 3989.98706  24.0%   358  940s
  8117  4834 4934.33247   64  265 5251.56000 3992.57704  24.0%   361  962s
  8256  4939 4489.29165   43  189 5251.56000 3996.31760  23.9%   364  984s
  8392  5041 4785.44558   35  409 5251.56000 4000.38836  23.8%   366 1007s
  8517  5097 5100.06246   47  405 5251.56000 4001.52627  23.8%   368 1028s
  8605  5211 4198.43667   41  496 5251.56000 4006.11715  23.7%   371 1050s
  8735  5341 4567.67130   54  337 5251.56000 4006.11715  23.7%   373 1073s
  8886  5508 4929.64005   66  173 5251.56000 4015.52828  23.5%   375 1096s
  9139  5587 4935.74378   51  201 5251.56000 4027.00437  23.3%   373 1121s
  9260  5747 4361.63355   46  294 5251.56000 4029.15822  23.3%   375 1144s
  9377  5747 4516.80074   36  294 5251.56000 4033.90402  23.2%   374 1145s
  9478  5829 infeasible   72      5251.56000 4036.19332  23.1%   374 1170s
  9614  5909 4554.86264   33  343 5251.56000 4042.80324  23.0%   377 1193s
  9716  5988 4522.75372   37  372 5251.56000 4043.20069  23.0%   381 1213s
  9795  6117 5077.38884   53  189 5251.56000 4044.52929  23.0%   384 1238s
  9957  6243 5072.38758   52  235 5251.56000 4045.14567  23.0%   384 1263s
*10074  6220             111    5243.2900000 4045.14567  22.9%   383 1264s
 10125  6323 4191.99561   30  430 5243.29000 4046.36638  22.8%   385 1287s
 10272  6404 5212.03661   64  251 5243.29000 4047.76657  22.8%   386 1311s
 10401  6508 5118.76181   43  245 5243.29000 4050.31793  22.8%   388 1334s
 10564  6596 4648.00754   52  263 5243.29000 4054.86882  22.7%   389 1357s
 10696  6690 4382.46437   39  386 5243.29000 4056.53992  22.6%   390 1380s
 10810  6819 4537.59826   51  313 5243.29000 4058.24250  22.6%   393 1405s
 10957  6947 5101.82289   91  211 5243.29000 4060.05179  22.6%   394 1429s
 11153  7072 4445.22106   36  376 5243.29000 4064.62037  22.5%   393 1453s
H11246  7020                    5227.9000000 4064.62037  22.3%   393 1454s
H11320  7141                    5221.5800000 4066.33776  22.1%   393 1478s
 11500  7221 4455.16300   37  322 5221.58000 4067.47487  22.1%   394 1501s
 11606  7357 4811.83403   53  227 5221.58000 4069.25795  22.1%   397 1526s
 11795  7457 5068.90435   49  279 5221.58000 4073.99698  22.0%   397 1551s
 11953  7593 4847.26504   33  136 5221.58000 4077.69727  21.9%   398 1576s
 12144  7686 4202.43747   34  470 5221.58000 4081.40594  21.8%   397 1600s
 12285  7798 5045.85581   44  264 5221.58000 4082.32849  21.8%   399 1625s
 12489  7996 4620.62554   53  225 5221.58000 4085.46496  21.8%   398 1651s
 12736  8074 4517.33908   53  336 5221.58000 4087.54317  21.7%   396 1675s
 12849  8164     cutoff   55      5221.58000 4091.40474  21.6%   398 1698s
 12969  8224 4570.86101   40  456 5221.58000 4093.39302  21.6%   399 1720s
 13031  8338 4721.07911   51  407 5221.58000 4093.39302  21.6%   402 1743s
 13159  8415     cutoff   77      5221.58000 4093.61632  21.6%   403 1767s
 13265  8540 4951.81330   56  281 5221.58000 4094.86078  21.6%   405 1791s
 13455  8631 4762.67996   39  297 5221.58000 4097.19210  21.5%   405 1815s
 13595  8731 4483.61982   45  475 5221.58000 4097.96952  21.5%   406 1839s
 13643  8731 5083.43473   67  286 5221.58000 4098.05194  21.5%   407 1840s
 13728  8819 4775.19854   64  402 5221.58000 4098.97757  21.5%   407 1958s
H13771  8749                    5210.9700000 4098.97757  21.3%   407 1960s
 13851  8843 4954.17743   42  277 5210.97000 4099.27883  21.3%   407 1984s
 13985  8968 4518.08545   45  331 5210.97000 4101.42412  21.3%   408 2009s
 14049  8968 4900.56559   84  224 5210.97000 4101.42412  21.3%   408 2010s
 14159  9083     cutoff   90      5210.97000 4101.77824  21.3%   408 2034s
 14224  9083 4980.14540   63  124 5210.97000 4101.77824  21.3%   408 2035s
 14326  9155 5028.00423   62  214 5210.97000 4105.27366  21.2%   408 2061s
 14459  9270 4461.10124   39  370 5210.97000 4108.70017  21.2%   411 2088s
H14544  9242                    5206.2400000 4108.81095  21.1%   411 2089s
 14604  9356 4326.20451   40  389 5206.24000 4110.10271  21.1%   411 2114s
 14796  9458 4477.55093   47  361 5206.24000 4111.22180  21.0%   411 2140s
 14908  9601 4934.34264   58  198 5206.24000 4111.72110  21.0%   413 2167s
 15107  9673 4788.39018   33  262 5206.24000 4112.17928  21.0%   412 2195s
 15238  9822     cutoff   43      5206.24000 4112.57327  21.0%   414 2222s
 15433  9903 4427.13156   41  415 5206.24000 4114.58864  21.0%   413 2248s
 15550  9990 4902.04461   57  327 5206.24000 4115.33847  21.0%   415 2275s
 15674 10057 4664.12721   40  315 5206.24000 4118.70457  20.9%   416 2300s
 15788 10123 4579.65446   31  346 5206.24000 4122.59995  20.8%   417 2327s
 15900 10236 4313.75306   36  554 5206.24000 4125.20293  20.8%   417 2355s
 16073 10329 4701.21255   34  321 5206.24000 4128.15140  20.7%   418 2383s
 16216 10366 5121.30521   43  280 5206.24000 4128.95265  20.7%   420 2409s
 16295 10366     cutoff   62      5206.24000 4129.09436  20.7%   421 2410s
 16350 10494 5046.67088   58  219 5206.24000 4130.55112  20.7%   421 2435s
 16510 10604     cutoff  104      5206.24000 4132.17854  20.6%   422 2462s
 16673 10716 4508.22166   46  456 5206.24000 4135.34153  20.6%   422 2492s
H16714 10704                    5204.2900000 4135.34153  20.5%   423 2492s
 16811 10860 4821.72354   46  240 5204.29000 4135.55856  20.5%   422 2519s
 17018 10973 4975.89209   86  283 5204.29000 4138.13824  20.5%   422 2545s
 17171 11036 5098.90168   66  218 5204.29000 4141.77233  20.4%   423 2570s
 17271 11173 4791.64295   33  241 5204.29000 4142.76011  20.4%   424 2597s
 17451 11320 4899.52957   62  300 5204.29000 4143.24817  20.4%   425 2625s
H17643 11009                    5172.2900000 4143.57067  19.9%   425 2651s
 17810 11201 4399.62610   38  246 5172.29000 4145.41697  19.9%   425 2680s
 18046 11338 4312.78309   36  463 5172.29000 4145.99609  19.8%   424 2706s
 18202 11461 4839.99427   69  246 5172.29000 4147.40114  19.8%   424 2734s
 18423 11590 5015.31233   36  297 5172.29000 4147.85759  19.8%   424 2761s
 18595 11698 4831.20687   46  349 5172.29000 4149.17355  19.8%   424 2788s
 18761 11877 4556.04284   38  417 5172.29000 4151.01546  19.7%   424 2821s
 18992 12002 4895.81148   41  215 5172.29000 4152.08437  19.7%   424 2852s
 19163 12107 4659.22790   35  293 5172.29000 4154.47997  19.7%   426 2881s
 19286 12220 4805.23526   49  274 5172.29000 4156.85213  19.6%   427 2909s
 19475 12318 5053.48507   64  268 5172.29000 4157.72962  19.6%   426 2938s
 19663 12411 4527.10176   36  409 5172.29000 4159.49957  19.6%   427 2967s
 19804 12545 4519.37402   38  330 5172.29000 4160.78673  19.6%   427 2995s
 19987 12644 4465.07345   37  429 5172.29000 4161.31816  19.5%   427 3021s
 20109 12691 4757.11587   65  365 5172.29000 4161.97315  19.5%   427 3050s
 20192 12776 4515.85121   43  448 5172.29000 4162.25688  19.5%   429 3076s
 20305 12866 4849.76243   61  307 5172.29000 4163.13652  19.5%   431 3104s
 20396 12866     cutoff   72      5172.29000 4164.56773  19.5%   431 3105s
 20458 12950 4343.49001   42  402 5172.29000 4164.68336  19.5%   432 3132s
H20573 12121                    5121.2900000 4165.83461  18.7%   433 3165s
 20704 12201 4342.58623   37  411 5121.29000 4167.73217  18.6%   433 3193s
 20828 12309 5016.52561   53  237 5121.29000 4168.51950  18.6%   434 3222s
 20994 12402 4603.26435   35  202 5121.29000 4171.07691  18.6%   434 3252s
 21131 12438 4477.17124   37  443 5121.29000 4172.04982  18.5%   436 3281s
 21231 12567 4514.36890   47  390 5121.29000 4172.33683  18.5%   438 3312s
 21412 12709 4978.09840   75  284 5121.29000 4173.62414  18.5%   438 3341s
 21617 12774 5045.53030   37  343 5121.29000 4175.09622  18.5%   438 3371s
 21757 12874 4824.86447   49  297 5121.29000 4176.78749  18.4%   440 3400s
 21915 12962 4366.06159   41  369 5121.29000 4178.38544  18.4%   440 3429s
 22078 13079 4825.16682   42  240 5121.29000 4180.49014  18.4%   441 3458s
 22256 13174 4677.98824   51  272 5121.29000 4183.87804  18.3%   440 3487s
 22413 13311 4560.80754   40  244 5121.29000 4185.68765  18.3%   441 3518s
 22619 13425 4751.11767   43  328 5121.29000 4189.52299  18.2%   441 3547s
 22811 13570 5029.90211   42  326 5121.29000 4190.99954  18.2%   441 3576s
H23018 11196                    5014.2900000 4192.37242  16.4%   440 3600s

Cutting planes:
  User: 6681
  Gomory: 22
  Cover: 542
  Implied bound: 76
  Clique: 9
  MIR: 269
  Flow cover: 605
  Inf proof: 1
  Zero half: 17
  RLT: 394
  Relax-and-lift: 12
  Lazy constraints: 155

Explored 23099 nodes (10197167 simplex iterations) in 3600.59 seconds
Thread count was 2 (of 32 available processors)

Solution count 10: 5014.29 5121.29 5172.29 ... 5251.56

Time limit reached
Best objective 5.014290000000e+03, best bound 4.192578433052e+03, gap 16.3874%

User-callback calls 306463, time in user-callback 177.16 sec
================================================================================
executing instance: ./input/Instances/Original/4/absH3low_3n10.dat
--------------------------------------------------------------------------------
Instance details
n	11
H	3
C	687
Li:
[0, 0, 0, 0, 0, 0, 0, 0, 0, 0, 0, ]
Ui:
[0, 189, 44, 174, 78, 36, 198, 117, 42, 96, 240, ]
Distance matrix:
|0	209	255	286	142	156	285	317	182	161	135	|
|209	0	464	451	315	356	490	469	361	299	260	|
|255	464	0	221	202	130	74	280	189	254	273	|
|286	451	221	0	145	156	164	479	354	153	192	|
|142	315	202	145	0	73	194	388	250	53	73	|
|156	356	130	156	73	0	134	332	200	127	144	|
|285	490	74	164	194	134	0	353	256	239	267	|
|317	469	280	479	388	332	353	0	141	436	430	|
|182	361	189	354	250	200	256	141	0	296	289	|
|161	299	254	153	53	127	239	436	296	0	39	|
|135	260	273	192	73	144	267	430	289	39	0	|

--------------------------------------------------------------------------------
Building model...
	using lazy and cut (CVRPSEP package)
Solving IRP LP...
--------------------------------------------------------------------------------

Gurobi 9.1.0 (linux64) logging started Sun Jan 10 02:47:41 2021

Gurobi Optimizer version 9.1.0 build v9.1.0rc0 (linux64)
Thread count: 32 physical cores, 32 logical processors, using up to 2 threads
Optimize a model with 449 rows, 1184 columns and 4640 nonzeros
Model fingerprint: 0xc026d47a
Variable types: 194 continuous, 990 integer (165 binary)
Coefficient statistics:
  Matrix range     [1e+00, 5e+02]
  Objective range  [1e-02, 5e+02]
  Bounds range     [1e+00, 2e+02]
  RHS range        [2e+01, 1e+03]
Presolve removed 44 rows and 11 columns
Presolve time: 0.01s
Presolved: 405 rows, 1173 columns, 4275 nonzeros
Variable types: 183 continuous, 990 integer (840 binary)

Root relaxation: objective 2.071064e+03, 591 iterations, 0.01 seconds

    Nodes    |    Current Node    |     Objective Bounds      |     Work
 Expl Unexpl |  Obj  Depth IntInf | Incumbent    BestBd   Gap | It/Node Time

     0     0 2071.06375    0   72          - 2071.06375      -     -    0s
     0     0 2321.89206    0   73          - 2321.89206      -     -    0s
     0     0 2348.27208    0   89          - 2348.27208      -     -    0s
     0     0 2669.99152    0   75          - 2669.99152      -     -    0s
     0     0 2702.67170    0   94          - 2702.67170      -     -    0s
     0     0 2739.92230    0  115          - 2739.92230      -     -    0s
     0     0 2740.03405    0  112          - 2740.03405      -     -    0s
     0     0 2793.42511    0  118          - 2793.42511      -     -    0s
     0     0 2795.73992    0   82          - 2795.73992      -     -    0s
     0     0 2797.80200    0  106          - 2797.80200      -     -    0s
     0     0 2798.45313    0   84          - 2798.45313      -     -    0s
     0     0 2810.68135    0   91          - 2810.68135      -     -    0s
     0     0 2812.04618    0   82          - 2812.04618      -     -    0s
     0     0 2814.50544    0   98          - 2814.50544      -     -    0s
     0     0 2814.74065    0  105          - 2814.74065      -     -    0s
     0     0 2865.79950    0  152          - 2865.79950      -     -    0s
     0     0 2867.50567    0  164          - 2867.50567      -     -    0s
     0     0 2869.50636    0  163          - 2869.50636      -     -    0s
     0     0 2869.98752    0  165          - 2869.98752      -     -    0s
     0     0 2979.19841    0  114          - 2979.19841      -     -    0s
     0     0 2990.21536    0  110          - 2990.21536      -     -    0s
     0     0 2990.21536    0  124          - 2990.21536      -     -    0s
     0     0 3002.10887    0  134          - 3002.10887      -     -    0s
     0     0 3032.92818    0  170          - 3032.92818      -     -    0s
     0     0 3033.22186    0  176          - 3033.22186      -     -    0s
     0     0 3044.28705    0  121          - 3044.28705      -     -    0s
     0     0 3044.97529    0  101          - 3044.97529      -     -    0s
     0     0 3044.97529    0  123          - 3044.97529      -     -    0s
     0     0 3044.97529    0  122          - 3044.97529      -     -    0s
     0     2 3045.09388    0   88          - 3045.09388      -     -    0s
H  284   155                    3713.5800000 3090.31531  16.8%   106    3s
H  288   161                    3712.3200000 3090.31531  16.8%   107    3s
   460   240     cutoff    7      3712.32000 3162.87064  14.8%   108    5s
  1044   399 3610.20731   21   64 3712.32000 3256.13567  12.3%   106   10s
  1790   545 3518.99193   18   68 3712.32000 3322.08179  10.5%   103   15s
  2474   643     cutoff   18      3712.32000 3371.43990  9.18%   106   20s
  3132   656 3487.03316   11   33 3712.32000 3417.49412  7.94%   105   25s
  4075   569 3649.56799   21   41 3712.32000 3474.53730  6.41%   101   30s
  5024   348 3585.01914   24  101 3712.32000 3539.44001  4.66%  97.3   35s

Cutting planes:
  User: 327
  Gomory: 3
  Cover: 309
  Implied bound: 85
  Clique: 1
  MIR: 138
  StrongCG: 2
  Flow cover: 209
  Inf proof: 13
  Zero half: 4
  RLT: 137
  Relax-and-lift: 9

Explored 5890 nodes (547406 simplex iterations) in 38.78 seconds
Thread count was 2 (of 32 available processors)

Solution count 2: 3712.32 3713.58 

Optimal solution found (tolerance 1.00e-04)
Best objective 3.712320000000e+03, best bound 3.712320000000e+03, gap 0.0000%

User-callback calls 15452, time in user-callback 3.79 sec
================================================================================
executing instance: ./input/Instances/Original/4/absH3low_3n15.dat
--------------------------------------------------------------------------------
Instance details
n	16
H	3
C	1267
Li:
[0, 0, 0, 0, 0, 0, 0, 0, 0, 0, 0, 0, 0, 0, 0, 0, ]
Ui:
[0, 156, 267, 148, 144, 87, 33, 171, 76, 141, 270, 282, 60, 110, 172, 57, ]
Distance matrix:
|0	229	567	76	58	96	306	409	310	423	108	346	165	347	159	256	|
|229	0	482	243	279	155	375	525	251	419	158	373	65	123	329	246	|
|567	482	0	506	622	483	342	439	259	200	467	274	486	433	501	312	|
|76	243	506	0	119	88	230	337	255	352	88	272	179	347	94	194	|
|58	279	622	119	0	154	345	431	366	471	166	391	217	399	179	310	|
|96	155	483	88	154	0	266	397	224	358	17	289	92	262	176	179	|
|306	375	342	230	345	266	0	158	184	148	251	68	332	423	181	140	|
|409	525	439	337	431	397	158	0	340	244	386	201	476	581	253	298	|
|310	251	259	255	366	224	184	340	0	170	208	146	238	257	274	66	|
|423	419	200	352	471	358	148	244	170	0	341	84	396	424	323	182	|
|108	158	467	88	166	17	251	386	208	341	0	273	96	259	172	162	|
|346	373	274	272	391	289	68	201	146	84	273	0	340	400	239	127	|
|165	65	486	179	217	92	332	476	238	396	96	340	0	182	267	216	|
|347	123	433	347	399	262	423	581	257	424	259	400	182	0	423	283	|
|159	329	501	94	179	176	181	253	274	323	172	239	267	423	0	208	|
|256	246	312	194	310	179	140	298	66	182	162	127	216	283	208	0	|

--------------------------------------------------------------------------------
Building model...
	using lazy and cut (CVRPSEP package)
Solving IRP LP...
--------------------------------------------------------------------------------

Gurobi 9.1.0 (linux64) logging started Sun Jan 10 02:48:21 2021

Gurobi Optimizer version 9.1.0 build v9.1.0rc0 (linux64)
Thread count: 32 physical cores, 32 logical processors, using up to 2 threads
Optimize a model with 649 rows, 2329 columns and 8965 nonzeros
Model fingerprint: 0x53723427
Variable types: 289 continuous, 2040 integer (240 binary)
Coefficient statistics:
  Matrix range     [1e+00, 6e+02]
  Objective range  [1e-02, 6e+02]
  Bounds range     [1e+00, 3e+02]
  RHS range        [1e+01, 2e+03]
Presolve removed 64 rows and 16 columns
Presolve time: 0.02s
Presolved: 585 rows, 2313 columns, 8420 nonzeros
Variable types: 273 continuous, 2040 integer (1815 binary)

Root relaxation: objective 2.103120e+03, 689 iterations, 0.02 seconds

    Nodes    |    Current Node    |     Objective Bounds      |     Work
 Expl Unexpl |  Obj  Depth IntInf | Incumbent    BestBd   Gap | It/Node Time

     0     0 2103.11961    0   59          - 2103.11961      -     -    0s
     0     0 2314.95844    0  105          - 2314.95844      -     -    0s
     0     0 2498.34492    0  101          - 2498.34492      -     -    0s
     0     0 2668.16614    0   89          - 2668.16614      -     -    0s
     0     0 2668.38730    0  122          - 2668.38730      -     -    0s
     0     0 2765.73034    0  112          - 2765.73034      -     -    0s
     0     0 2765.73034    0  112          - 2765.73034      -     -    0s
     0     0 2794.03471    0  144          - 2794.03471      -     -    0s
     0     0 2808.34818    0  157          - 2808.34818      -     -    0s
     0     0 2808.34818    0  158          - 2808.34818      -     -    0s
     0     0 2877.65344    0  133          - 2877.65344      -     -    0s
     0     0 2895.46111    0  184          - 2895.46111      -     -    0s
     0     0 2910.50940    0  176          - 2910.50940      -     -    0s
     0     0 2910.71403    0  172          - 2910.71403      -     -    0s
     0     0 2929.12370    0  181          - 2929.12370      -     -    0s
     0     0 2939.11280    0  190          - 2939.11280      -     -    0s
     0     0 2943.40204    0  164          - 2943.40204      -     -    0s
     0     0 2944.01524    0  173          - 2944.01524      -     -    0s
     0     0 2963.09068    0  158          - 2963.09068      -     -    0s
     0     0 2967.43493    0  200          - 2967.43493      -     -    0s
     0     0 2971.42455    0  209          - 2971.42455      -     -    0s
     0     0 2971.49225    0  220          - 2971.49225      -     -    0s
     0     0 2980.13550    0  196          - 2980.13550      -     -    0s
     0     0 2981.98150    0  178          - 2981.98150      -     -    1s
     0     0 2982.18457    0  190          - 2982.18457      -     -    1s
     0     0 2984.90180    0  235          - 2984.90180      -     -    1s
     0     0 2984.90180    0  201          - 2984.90180      -     -    1s
     0     2 2984.90180    0  200          - 2984.90180      -     -    1s
   314   297 6820.96466  121  107          - 2986.66332      -   115    5s
H  429   175                    5950.6200000 2986.81094  49.8%   120    6s
H  431   177                    5910.6200000 2986.81094  49.5%   122    6s
H  537   282                    5835.6200000 2986.81094  48.8%   147    9s
H  563   303                    5620.7200000 2986.81094  46.9%   149    9s
   574   333 4744.37144   68  120 5620.72000 2986.81094  46.9%   151   10s
H  589   333                    5617.7200000 2986.81094  46.8%   149   10s
H  655   374                    5615.1200000 2986.81094  46.8%   151   11s
H  737   390                    4985.1200000 2991.25823  40.0%   144   13s
   758   404 3022.92491    8  250 4985.12000 3005.47357  39.7%   140   15s
   823   448 4099.55527    9  227 4985.12000 3055.05148  38.7%   138   20s
   852   472 3154.48064   30  283 4985.12000 3154.48064  36.7%   145   25s
H  890   468                    4968.1200000 3191.19487  35.8%   151   26s
H  891   445                    4909.1200000 3191.19487  35.0%   152   26s
H  982   473                    4737.1200000 3191.19487  32.6%   157   29s
H  992   458                    4720.1200000 3191.19487  32.4%   157   29s
   993   465 4396.13933   63  146 4720.12000 3191.19487  32.4%   158   30s
H 1320   424                    4545.5600000 3191.19487  29.8%   144   34s
  1321   432 4262.42292  139  188 4545.56000 3191.19487  29.8%   144   35s
  1565   528     cutoff   78      4545.56000 3226.08439  29.0%   135   40s
  1808   638 4390.64403  113  173 4545.56000 3307.48247  27.2%   130   45s
  2051   805 4024.48096   76  214 4545.56000 3346.21534  26.4%   129   50s
  2320   991 4189.00775   58  165 4545.56000 3359.54032  26.1%   131   56s
  2546  1142 4055.23703   37  168 4545.56000 3370.18599  25.9%   128   60s
  2767  1265 infeasible   50      4545.56000 3398.85405  25.2%   129   65s
  2969  1438 4085.55802   56  217 4545.56000 3405.31617  25.1%   130   71s
  3201  1626 4082.82218   51  101 4545.56000 3419.79709  24.8%   129   78s
  3338  1712 3681.07294   40  201 4545.56000 3430.39086  24.5%   127   80s
  3629  1914     cutoff   76      4545.56000 3437.24633  24.4%   126   86s
  3868  2033 4237.71047   66  182 4545.56000 3451.23925  24.1%   125   90s
  4088  2115 3910.10272   44  196 4545.56000 3458.02017  23.9%   127   97s
  4316  2243 3631.51028   35  280 4545.56000 3464.50234  23.8%   126  101s
  4536  2420 4331.98910   57  159 4545.56000 3473.45334  23.6%   126  106s
  4787  2533 4203.48953   55  180 4545.56000 3484.13108  23.4%   125  112s
  4922  2570 4005.22280   49  197 4545.56000 3486.12705  23.3%   125  115s
  5062  2669 4341.06479   42  168 4545.56000 3493.87363  23.1%   126  121s
  5352  2836     cutoff   67      4545.56000 3523.01834  22.5%   126  127s
  5510  2963 3745.86364   44  246 4545.56000 3535.11183  22.2%   126  131s
