




arguments: ./build/mirp_solver -f ./input/orig_exec_190.cfg
Current dir: /scratch/gui/bnc_mirp
File verbosity level: 9
date       time         ( uptime  ) [ thread name/id ]                   file:line     v| 
2021-01-10 07:39:34.928 (   0.082s) [main thread     ]             loguru.cpp:789   INFO| Logging to './output/vi_cos/OU/V5/Original/execution_10_01_2021_07_39_34.log', mode: 'a', verbosity: 9
--------------------------------------------------------------------------------
Parameters
                           instance_path           ./input/Instances/Original/5/
                            model_policy                                       1
                             nb_vehicles                                       5
                              output_dir         ./output/vi_cos/OU/V5/Original/
                            sec_strategy                                       1
                       solver_nb_threads                                       2
                         solver_show_log                                    true
                       solver_time_limit                                    3600
                              use_vi_cos                                    true
                              use_vi_cus                                   false
                         use_vi_hc1_full                                   false
                         use_vi_hc1_half                                   false
                      use_vi_hc1_quarter                                   false
                              use_vi_hc2                                   false
                              use_vi_hc3                                   false
                         use_vi_lex_full                                   false
                         use_vi_lex_half                                   false
                      use_vi_lex_quarter                                   false
                              use_vi_qua                                   false
                               use_vi_vc                                   false
                               use_vi_vr                                   false
--------------------------------------------------------------------------------
executing instance: ./input/Instances/Original/5/absH3low_4n50.dat
--------------------------------------------------------------------------------
Instance details
n	51
H	3
C	4066
Li:
[0, 0, 0, 0, 0, 0, 0, 0, 0, 0, 0, 0, 0, 0, 0, 0, 0, 0, 0, 0, 0, 0, 0, 0, 0, 0, 0, 0, 0, 0, 0, 0, 0, 0, 0, 0, 0, 0, 0, 0, 0, 0, 0, 0, 0, 0, 0, 0, 0, 0, 0, ]
Ui:
[0, 108, 126, 122, 66, 120, 48, 30, 128, 54, 158, 198, 36, 66, 210, 234, 147, 297, 171, 128, 116, 120, 219, 70, 294, 207, 134, 128, 234, 122, 22, 183, 195, 255, 132, 124, 66, 189, 219, 66, 128, 102, 288, 66, 87, 136, 36, 39, 282, 36, 237, ]
Distance matrix:
|0	210	444	498	509	104	438	228	487	304	456	434	526	476	163	47	293	396	293	290	313	85	280	437	293	336	409	106	449	376	433	478	193	404	404	534	278	181	380	507	189	438	263	473	353	216	202	218	452	254	465	|
|210	0	299	507	359	106	345	409	358	411	320	402	555	448	136	200	289	264	306	427	141	222	83	348	264	320	283	303	380	208	258	357	170	348	475	542	243	347	355	379	65	479	172	373	355	251	112	229	402	210	300	|
|444	299	0	363	65	358	116	542	66	440	26	241	425	272	282	407	251	51	276	490	159	397	224	124	217	237	48	490	170	99	83	74	261	180	430	385	214	479	231	85	270	390	184	116	271	300	409	276	210	215	54	|
|498	507	363	0	385	482	246	424	326	254	343	123	63	93	388	452	221	337	211	314	428	414	480	239	243	187	324	463	194	418	438	307	346	188	156	36	264	392	156	326	444	87	340	258	154	286	603	294	153	297	417	|
|509	359	65	385	0	422	145	602	59	492	59	269	448	292	348	472	305	115	329	545	218	462	281	152	274	286	106	554	192	153	116	78	326	216	472	403	274	540	271	63	334	425	249	127	316	361	468	337	233	278	69	|
|104	106	358	482	422	0	372	309	408	337	374	396	521	441	98	96	262	314	271	342	215	124	177	373	249	302	329	198	394	281	337	402	139	353	419	518	230	250	343	428	90	437	188	405	328	200	134	188	406	199	372	|
|438	345	116	246	145	372	0	485	87	357	97	126	309	155	279	394	180	101	200	414	223	373	288	8	157	150	84	459	53	188	196	68	245	72	328	269	165	427	128	97	297	280	184	36	175	250	456	233	94	184	170	|
|228	409	542	424	602	309	485	0	561	170	544	419	424	446	298	214	305	491	286	115	462	187	457	480	331	339	496	124	470	510	565	545	295	424	279	454	329	66	376	576	363	340	370	520	330	242	429	266	453	328	581	|
|487	358	66	326	59	408	87	561	0	441	40	211	389	233	324	446	258	95	281	497	220	431	287	95	230	234	79	522	133	164	146	19	297	160	415	344	233	500	215	21	323	367	224	68	261	320	470	299	174	242	106	|
|304	411	440	254	492	337	357	170	441	0	434	266	255	286	275	266	189	392	164	63	408	225	428	351	224	207	392	234	330	438	484	424	250	287	112	284	232	149	233	453	349	170	302	389	185	168	471	195	305	248	487	|
|456	320	26	343	59	374	97	544	40	434	0	223	406	252	294	418	247	60	271	487	181	405	247	105	215	229	49	498	149	124	109	48	270	165	419	364	215	482	218	60	288	375	194	92	261	302	431	279	190	220	75	|
|434	402	241	123	269	396	126	419	211	266	223	0	185	46	298	387	140	213	145	328	310	355	366	118	147	97	201	425	78	295	315	191	256	65	211	151	166	371	53	215	343	157	231	145	90	220	505	217	41	198	295	|
|526	555	425	63	448	521	309	424	389	255	406	185	0	156	430	481	266	398	252	310	485	442	534	301	293	237	386	480	257	478	500	370	390	249	145	55	313	401	212	389	491	89	392	321	201	322	646	334	216	345	479	|
|476	448	272	93	292	441	155	446	233	286	252	46	156	0	343	429	183	250	184	348	353	396	411	148	192	140	236	461	102	334	350	214	302	106	214	113	212	402	98	233	389	151	277	165	125	261	551	260	62	244	325	|
|163	136	282	388	348	98	279	298	324	275	294	298	430	343	0	124	167	234	178	296	167	121	162	279	151	205	247	216	297	224	280	316	42	256	340	423	132	232	246	344	74	349	100	314	233	115	216	97	308	101	307	|
|47	200	407	452	472	96	394	214	446	266	418	387	481	429	124	0	246	358	245	259	284	41	261	392	247	289	370	103	403	345	402	436	150	358	361	488	232	158	333	466	165	393	223	430	306	168	217	171	406	210	431	|
|293	289	251	221	305	262	180	305	258	189	247	140	266	183	167	246	0	204	26	240	238	215	276	175	37	43	203	289	169	255	297	242	125	122	202	257	52	248	87	272	225	191	134	215	67	80	382	77	163	81	298	|
|396	264	51	337	115	314	101	491	95	392	60	213	398	250	234	358	204	0	229	442	130	347	196	108	169	194	19	440	152	87	102	93	211	149	390	363	165	428	194	116	228	355	134	117	230	250	376	225	189	164	95	|
|293	306	276	211	329	271	200	286	281	164	271	145	252	184	178	245	26	229	0	216	262	212	297	195	63	53	228	280	184	280	323	264	138	137	178	248	76	232	95	294	241	173	156	234	60	77	395	83	172	102	324	|
|290	427	490	314	545	342	414	115	497	63	487	328	310	348	296	259	240	442	216	0	443	220	456	408	273	264	443	204	390	479	529	480	278	346	165	343	278	115	293	509	369	229	340	447	244	202	473	230	366	288	536	|
|313	141	159	428	218	215	223	462	220	408	181	310	485	353	167	284	238	130	262	443	0	288	67	228	202	252	149	382	267	67	122	221	168	247	440	459	186	396	273	241	125	423	107	245	291	242	251	214	297	162	160	|
|85	222	397	414	462	124	373	187	431	225	405	355	442	396	121	41	215	347	212	220	288	0	273	371	221	258	357	95	378	344	401	420	136	331	321	450	208	126	302	450	177	353	213	409	272	136	253	143	377	190	426	|
|280	83	224	480	281	177	288	457	287	428	247	366	534	411	162	261	276	196	297	456	67	273	0	292	243	298	215	363	329	128	176	288	179	305	475	513	224	392	324	307	96	466	143	311	335	261	187	235	357	195	219	|
|437	348	124	239	152	373	8	480	95	351	105	118	301	148	279	392	175	108	195	408	228	371	292	0	154	144	91	456	46	194	203	76	244	65	320	261	163	423	121	103	299	273	185	40	168	247	459	230	86	183	178	|
|293	264	217	243	274	249	157	331	230	224	215	147	293	192	151	247	37	169	63	273	202	221	243	154	0	57	170	303	157	217	260	215	110	111	238	278	21	271	94	245	201	223	100	193	92	93	362	78	160	54	263	|
|336	320	237	187	286	302	150	339	234	207	229	97	237	140	205	289	43	194	53	264	252	258	298	144	57	0	190	331	131	257	294	216	163	84	197	221	77	285	44	246	258	172	155	183	39	123	418	119	120	110	288	|
|409	283	48	324	106	329	84	496	79	392	49	201	386	236	247	370	203	19	228	443	149	357	215	91	170	190	0	449	136	105	114	75	221	138	384	349	168	434	185	99	245	346	146	98	224	255	394	231	174	171	99	|
|106	303	490	463	554	198	459	124	522	234	498	425	480	461	216	103	289	440	280	204	382	95	363	456	303	331	449	0	458	439	496	510	229	410	344	498	293	89	374	540	267	391	307	495	336	211	308	226	451	280	520	|
|449	380	170	194	192	394	53	470	133	330	149	78	257	102	297	403	169	152	184	390	267	378	329	46	157	131	136	458	0	238	249	114	259	47	287	216	171	416	96	137	327	235	211	67	145	247	488	235	41	197	223	|
|376	208	99	418	153	281	188	510	164	438	124	295	478	334	224	345	255	87	280	479	67	344	128	194	217	257	105	439	238	0	57	169	216	230	453	445	206	445	268	184	191	427	141	202	296	278	315	250	274	191	92	|
|433	258	83	438	116	337	196	565	146	484	109	315	500	350	280	402	297	102	323	529	122	401	176	203	260	294	114	496	249	57	0	157	271	252	490	463	251	499	296	162	247	457	195	199	331	329	362	302	288	241	47	|
|478	357	74	307	78	402	68	545	19	424	48	191	370	214	316	436	242	93	264	480	221	420	288	76	215	216	75	510	114	169	157	0	287	141	396	325	219	485	196	31	319	347	216	49	243	306	469	286	154	230	120	|
|193	170	261	346	326	139	245	295	297	250	270	256	390	302	42	150	125	211	138	278	168	136	179	244	110	163	221	229	259	216	271	287	0	216	305	382	91	229	204	316	105	310	78	280	192	83	257	60	268	62	292	|
|404	348	180	188	216	353	72	424	160	287	165	65	249	106	256	358	122	149	137	346	247	331	305	65	111	84	138	410	47	230	252	141	216	0	255	215	126	369	56	168	292	210	177	102	103	200	454	189	54	155	234	|
|404	475	430	156	472	419	328	279	415	112	419	211	145	214	340	361	202	390	178	165	440	321	475	320	238	197	384	344	287	453	490	396	305	255	0	181	254	261	201	422	410	69	335	353	160	225	551	246	252	280	482	|
|534	542	385	36	403	518	269	454	344	284	364	151	55	113	423	488	257	363	248	343	459	450	513	261	278	221	349	498	216	445	463	325	382	215	181	0	298	425	189	342	479	115	373	276	190	323	638	330	175	332	439	|
|278	243	214	264	274	230	165	329	233	232	215	166	313	212	132	232	52	165	76	278	186	208	224	163	21	77	168	293	171	206	251	219	91	126	254	298	0	267	114	250	181	242	82	202	112	88	341	68	177	33	258	|
|181	347	479	392	540	250	427	66	500	149	482	371	401	402	232	158	248	428	232	115	396	126	392	423	271	285	434	89	416	445	499	485	229	369	261	425	267	0	325	516	298	313	305	463	281	180	375	203	403	264	516	|
|380	355	231	156	271	343	128	376	215	233	218	53	212	98	246	333	87	194	95	293	273	302	324	121	94	44	185	374	96	268	296	196	204	56	201	189	114	325	0	224	294	161	185	157	49	167	455	163	78	147	284	|
|507	379	85	326	63	428	97	576	21	453	60	215	389	233	344	466	272	116	294	509	241	450	307	103	245	246	99	540	137	184	162	31	316	168	422	342	250	516	224	0	344	371	244	70	271	337	490	317	176	261	120	|
|189	65	270	444	334	90	297	363	323	349	288	343	491	389	74	165	225	228	241	369	125	177	96	299	201	258	245	267	327	191	247	319	105	292	410	479	181	298	294	344	0	414	116	328	291	187	163	165	345	147	282	|
|438	479	390	87	425	437	280	340	367	170	375	157	89	151	349	393	191	355	173	229	423	353	466	273	223	172	346	391	235	427	457	347	310	210	69	115	242	313	161	371	414	0	323	301	133	238	565	253	197	273	444	|
|263	172	184	340	249	188	184	370	224	302	194	231	392	277	100	223	134	134	156	340	107	213	143	185	100	155	146	307	211	141	195	216	78	177	335	373	82	305	185	244	116	323	0	217	192	138	278	110	230	55	214	|
|473	373	116	258	127	405	36	520	68	389	92	145	321	165	314	430	215	117	234	447	245	409	311	40	193	183	98	495	67	202	199	49	280	102	353	276	202	463	157	70	328	301	217	0	205	286	485	269	106	220	167	|
|353	355	271	154	316	328	175	330	261	185	261	90	201	125	233	306	67	230	60	244	291	272	335	168	92	39	224	336	145	296	331	243	192	103	160	190	112	281	49	271	291	133	192	205	0	138	449	141	123	145	323	|
|216	251	300	286	361	200	250	242	320	168	302	220	322	261	115	168	80	250	77	202	242	136	261	247	93	123	255	211	247	278	329	306	83	200	225	323	88	180	167	337	187	238	138	286	138	0	328	28	243	88	340	|
|202	112	409	603	468	134	456	429	470	471	431	505	646	551	216	217	382	376	395	473	251	253	187	459	362	418	394	308	488	315	362	469	257	454	551	638	341	375	455	490	163	565	278	485	449	328	0	313	508	308	406	|
|218	229	276	294	337	188	233	266	299	195	279	217	334	260	97	171	77	225	83	230	214	143	235	230	78	119	231	226	235	250	302	286	60	189	246	330	68	203	163	317	165	253	110	269	141	28	313	0	235	61	315	|
|452	402	210	153	233	406	94	453	174	305	190	41	216	62	308	406	163	189	172	366	297	377	357	86	160	120	174	451	41	274	288	154	268	54	252	175	177	403	78	176	345	197	230	106	123	243	508	235	0	207	264	|
|254	210	215	297	278	199	184	328	242	248	220	198	345	244	101	210	81	164	102	288	162	190	195	183	54	110	171	280	197	191	241	230	62	155	280	332	33	264	147	261	147	273	55	220	145	88	308	61	207	0	253	|
|465	300	54	417	69	372	170	581	106	487	75	295	479	325	307	431	298	95	324	536	160	426	219	178	263	288	99	520	223	92	47	120	292	234	482	439	258	516	284	120	282	444	214	167	323	340	406	315	264	253	0	|

--------------------------------------------------------------------------------
Building model...
	using lazy and cut (CVRPSEP package)
Solving IRP LP...
--------------------------------------------------------------------------------

Gurobi 9.1.0 (linux64) logging started Sun Jan 10 07:39:35 2021

Gurobi Optimizer version 9.1.0 build v9.1.0rc0 (linux64)
Thread count: 32 physical cores, 32 logical processors, using up to 2 threads
Optimize a model with 2049 rows, 20844 columns and 77040 nonzeros
Model fingerprint: 0x5cae334a
Variable types: 954 continuous, 19890 integer (765 binary)
Coefficient statistics:
  Matrix range     [1e+00, 8e+02]
  Objective range  [1e-02, 6e+02]
  Bounds range     [1e+00, 3e+02]
  RHS range        [1e+01, 7e+03]
Presolve removed 204 rows and 51 columns
Presolve time: 0.10s
Presolved: 1845 rows, 20793 columns, 75235 nonzeros
Variable types: 903 continuous, 19890 integer (19140 binary)

Root relaxation: objective 3.620553e+03, 2188 iterations, 0.08 seconds

    Nodes    |    Current Node    |     Objective Bounds      |     Work
 Expl Unexpl |  Obj  Depth IntInf | Incumbent    BestBd   Gap | It/Node Time

     0     0 3620.55296    0  170          - 3620.55296      -     -    0s
     0     0 3870.79420    0  219          - 3870.79420      -     -    1s
     0     0 3889.25190    0  243          - 3889.25190      -     -    1s
     0     0 3891.27233    0  246          - 3891.27233      -     -    1s
     0     0 4332.72867    0  298          - 4332.72867      -     -    1s
     0     0 4370.08076    0  304          - 4370.08076      -     -    1s
     0     0 4370.11226    0  311          - 4370.11226      -     -    1s
     0     0 4647.39660    0  295          - 4647.39660      -     -    2s
     0     0 4668.97104    0  256          - 4668.97104      -     -    2s
     0     0 4675.29209    0  263          - 4675.29209      -     -    2s
     0     0 4675.78718    0  294          - 4675.78718      -     -    2s
     0     0 4726.01285    0  320          - 4726.01285      -     -    3s
     0     0 4728.00634    0  327          - 4728.00634      -     -    3s
     0     0 4735.11629    0  352          - 4735.11629      -     -    3s
     0     0 4735.62585    0  331          - 4735.62585      -     -    3s
     0     0 4836.68502    0  365          - 4836.68502      -     -    4s
     0     0 4856.66336    0  337          - 4856.66336      -     -    5s
     0     0 4873.39487    0  343          - 4873.39487      -     -    5s
     0     0 4874.96508    0  375          - 4874.96508      -     -    5s
     0     0 4875.03375    0  378          - 4875.03375      -     -    5s
     0     0 4913.74358    0  420          - 4913.74358      -     -    6s
     0     0 4924.63564    0  479          - 4924.63564      -     -    7s
     0     0 4926.15849    0  483          - 4926.15849      -     -    7s
     0     0 4926.68620    0  452          - 4926.68620      -     -    7s
     0     0 4950.12512    0  403          - 4950.12512      -     -    8s
     0     0 4953.99641    0  493          - 4953.99641      -     -    8s
     0     0 4955.89941    0  484          - 4955.89941      -     -    9s
     0     0 4961.19619    0  478          - 4961.19619      -     -    9s
     0     0 4962.53474    0  572          - 4962.53474      -     -    9s
     0     0 4973.80190    0  564          - 4973.80190      -     -   10s
     0     0 4978.59345    0  535          - 4978.59345      -     -   12s
     0     0 4980.28227    0  500          - 4980.28227      -     -   12s
     0     0 4988.70116    0  524          - 4988.70116      -     -   13s
     0     0 4988.70116    0  465          - 4988.70116      -     -   13s
     0     2 5002.95151    0  429          - 5002.95151      -     -   19s
     1     4 5002.95151    1  500          - 5002.95151      -  1174   20s
    11    14 5004.86701    4  590          - 5002.95151      -  1141   25s
    21    25 5016.55604    7  634          - 5002.95151      -  1071   31s
    30    33 5032.69675    9  658          - 5002.95151      -  1206   35s
    37    41 5090.68474   11  558          - 5002.95151      -  1175   40s
    53    60 5124.25716   13  421          - 5002.95151      -  1146   45s
    68    73 5172.99352   17  470          - 5002.95151      -  1054   50s
    86    93 5230.95638   22  381          - 5002.95151      -  1031   55s
   102   109 5294.05903   26  380          - 5002.95151      -   982   60s
   139   148 5363.57122   37  371          - 5002.95151      -   855   66s
   163   174 5412.05136   44  392          - 5002.95151      -   820   72s
   186   203 5542.93079   52  367          - 5002.95151      -   794   76s
   225   246 5562.54651   73  298          - 5002.95151      -   713   81s
   265   285 5607.15522   89  302          - 5002.95151      -   663   87s
   284   304 5634.57735   99  321          - 5002.95151      -   646   90s
   323   343 5678.84920  120  303          - 5002.95151      -   621   95s
   359   392 5775.54579  134  335          - 5002.95151      -   615  101s
   391   406 5832.16069  141  354          - 5002.95151      -   589  107s
   405   436 6385.93714  146  272          - 5002.95151      -   587  110s
   474   496 5936.28369  178  353          - 5002.95151      -   548  117s
   495   543 6178.93259  182  341          - 5002.95151      -   548  120s
   566   584 6248.34768  217  299          - 5002.95151      -   495  125s
   662   675 6266.77975  254  328          - 5002.95151      -   459  133s
   702   733 6367.57576  270  295          - 5002.95151      -   453  137s
   760   826 6286.13023  289  354          - 5002.95151      -   436  142s
   853   861 6286.44134  316  361          - 5002.95151      -   405  147s
   888   914 6354.24625  322  321          - 5002.95151      -   408  151s
   941   992 6392.17489  336  333          - 5002.95151      -   402  156s
  1053  1076 6482.72809  379  263          - 5002.95151      -   375  162s
  1139  1164 6765.24905  390  202          - 5002.95151      -   363  169s
  1260  1173 5029.81166    4  671          - 5002.95151      -   347  178s
  1270  1174 5556.61976   42  465          - 5002.95151      -   356  180s
  1277  1179 5725.95072   47  486          - 5002.95151      -   354  185s
  1286  1185 6185.40832  205  657          - 5009.88968      -   352  191s
  1292  1189 8252.17350  271  688          - 5030.01336      -   350  195s
  1295  1191 5837.46236  145  685          - 5037.76563      -   349  200s
  1301  1195 10036.0391  435  699          - 5042.27040      -   348  205s
  1309  1200 5593.79859   74  707          - 5048.17247      -   346  210s
  1314  1203 5342.62259   29  721          - 5050.30076      -   344  216s
  1319  1207 5063.23476    5  733          - 5063.23476      -   343  220s
  1329  1213 5342.57215   31  872          - 5067.50763      -   340  225s
  1332  1215 6801.07565  117  639          - 5068.32957      -   340  230s
  1337  1219 7268.17056  160  625          - 5069.21944      -   338  235s
  1343  1223 8953.90575  393  689          - 5069.77716      -   337  240s
  1349  1227 8283.52262  224  642          - 5072.36193      -   335  245s
  1356  1231 6621.16661  251  633          - 5076.02558      -   334  250s
  1363  1237 6708.51300  387  465          - 5076.30204      -   378  255s
  1371  1242 6900.23909   91  449          - 5076.30204      -   376  260s
  1380  1248 5923.29233   54  576          - 5076.30204      -   373  265s
  1388  1254 6392.44094  366  605          - 5078.57289      -   371  270s
  1392  1256 8252.17350  271  603          - 5078.95405      -   370  276s
  1399  1261 5825.54460  139  664          - 5081.09398      -   368  280s
  1402  1263 5081.10109    7  606          - 5081.10109      -   368  285s
  1404  1264 8210.89737  229  539          - 5081.10109      -   367  292s
  1406  1266 7459.01045  176  597          - 5081.10109      -   367  298s
  1407  1266 9292.87078  297  568          - 5081.10109      -   366  300s
  1408  1267 7079.38308  132  568          - 5081.10109      -   366  307s
  1409  1271 5163.62140   21  606          - 5085.58792      -   391  317s
  1411  1272 5212.07737   22  485          - 5105.87769      -   393  324s
  1413  1272 5291.32364   22  509          - 5106.60507      -   394  331s
  1415  1273 5224.21262   23  570          - 5107.90858      -   395  337s
  1417  1273 5333.44986   23  470          - 5108.12727      -   395  342s
  1419  1274 5236.18386   24  600          - 5108.12727      -   397  346s
  1421  1276 5250.25904   25  575          - 5109.62418      -   397  350s
  1425  1277 5275.16393   26  432          - 5109.67800      -   402  356s
  1430  1282 5283.79312   27  505          - 5109.67800      -   406  362s
  1434  1284 5286.35271   28  521          - 5109.67800      -   408  365s
  1438  1287 5293.45459   29  582          - 5109.67800      -   411  376s
  1448  1295 5364.57369   31  480          - 5109.67800      -   417  381s
  1459  1302 5303.02468   35  490          - 5109.67800      -   422  386s
  1464  1308 5314.00405   36  500          - 5109.67800      -   426  390s
  1477  1317 5329.54588   39  546          - 5109.67800      -   433  395s
  1493  1322 5530.23669   42  434          - 5109.67800      -   441  402s
  1496  1328 5388.56346   43  406          - 5109.67800      -   443  405s
  1512  1341 5539.55838   48  428          - 5109.67800      -   450  411s
  1532  1354 5628.44017   54  409          - 5109.67800      -   456  420s
  1555  1368 5774.79570   60  424          - 5109.67800      -   464  428s
  1565  1379 5742.23555   62  430          - 5109.67800      -   466  431s
  1584  1384 5246.31502   62  372          - 5109.67800      -   471  435s
  1608  1409 5864.16640   73  415          - 5109.67800      -   475  442s
  1624  1419 5927.02615   77  390          - 5109.67800      -   477  445s
  1649  1432 5418.53571   78  376          - 5109.67800      -   481  450s
  1686  1470 6012.81022   90  378          - 5109.67800      -   483  458s
  1712  1490 6037.55723   95  332          - 5109.67800      -   484  463s
  1741  1507 6059.60762  101  355          - 5109.67800      -   484  469s
  1768  1531 6138.14517  108  354          - 5109.67800      -   484  473s
  1803  1546 6178.40835  115  299          - 5109.67800      -   483  478s
  1830  1563 6260.27698  121  386          - 5109.67800      -   485  482s
  1856  1580 6245.62507  127  368          - 5109.67800      -   487  487s
  1881  1596 6296.04151  134  327          - 5109.67800      -   489  493s
  1906  1619 6284.68893  141  352          - 5109.67800      -   493  497s
  1937  1635 6341.69614  148  326          - 5109.67800      -   496  503s
  1963  1652 6318.10881  156  335          - 5109.67800      -   498  511s
  1989  1681 6351.19935  162  373          - 5109.67800      -   500  516s
  2027  1715 6377.02981  169  318          - 5109.67800      -   500  522s
  2073  1743 6415.34143  177  360          - 5109.67800      -   501  528s
  2117  1787 6496.21141  186  281          - 5109.67800      -   503  534s
  2140  1779 6552.16026  197  276          - 5109.67800      -   502  535s
  2175  1816 6565.08882  199  382          - 5109.67800      -   501  541s
  2224  1857 6767.44890  211  343          - 5109.67800      -   501  548s
  2281  1889 6736.97835  226  301          - 5109.67800      -   498  555s
  2332  1933 7054.12735  242  294          - 5109.67800      -   498  563s
  2394  1978 7053.67540  264  333          - 5109.67800      -   495  572s
  2460  2018 7232.66585  283  275          - 5109.67800      -   494  579s
  2490  2008 7422.40940  298  339          - 5109.67800      -   492  580s
  2522  2070 7416.93368  300  335          - 5109.67800      -   493  588s
  2594  2104 7799.10237  317  292          - 5109.67800      -   492  597s
  2652  2156 7950.63900  332  321          - 5109.67800      -   492  605s
  2728  2205 8157.94303  349  329          - 5109.67800      -   491  615s
  2804  2245 8213.41379  371  307          - 5109.67800      -   489  624s
  2851  2229 8897.17792  373   77          - 5109.67800      -   488  625s
  2871  2282 8341.22321  391  309          - 5109.67800      -   490  633s
  2951  2311 8531.37083  413  340          - 5109.67800      -   489  644s
  3003  2293 9510.32476  409  100          - 5109.67800      -   486  645s
  3020  2359 8765.59376  431  259          - 5109.67800      -   486  654s
  3101  2332 8558.61770  418  163          - 5109.67800      -   478  655s
  3136  2342 infeasible  471               - 5117.56124      -   480  677s
  3226  2322 5118.72923   25  593          - 5118.72923      -   481  689s
  3236  2327 5151.05813   28  631          - 5118.76027      -   486  699s
  3244  2334 5146.94268   30  591          - 5118.76027      -   490  710s
  3256  2339 5189.35860   33  629          - 5118.76027      -   496  723s
  3265  2354 5223.37087   35  510          - 5118.76027      -   501  733s
  3285  2366 5246.65364   40  426          - 5118.76027      -   505  745s
  3320  2379 5264.46540   47  400          - 5118.76027      -   506  755s
  3344  2394 5327.97756   53  352          - 5118.76027      -   509  767s
  3367  2410 5376.65032   57  479          - 5118.76027      -   514  779s
  3381  2405 5794.60133   62  558          - 5118.76027      -   515  780s
  3395  2422 5384.64130   64  391          - 5118.76027      -   516  791s
  3428  2430 5474.64234   70  488          - 5118.76027      -   518  803s
  3451  2443 5424.43714   77  353          - 5118.76027      -   522  815s
  3483  2454 5446.75985   82  525          - 5118.76027      -   525  829s
  3519  2442 6246.00419  108  414          - 5118.76027      -   527  830s
  3523  2459 5512.86983   88  379          - 5118.76027      -   527  845s
  3559  2482 5569.22865   96  339          - 5118.76027      -   530  858s
  3594  2513 5612.83656  109  318          - 5118.76027      -   533  872s
  3637  2543 5661.59229  125  353          - 5118.76027      -   535  886s
  3681  2573 5850.44453  141  361          - 5118.76027      -   538  901s
  3726  2620 5908.20645  156  366          - 5118.76027      -   540  916s
  3796  2698 6091.71365  173  341          - 5118.76027      -   539  933s
  3905  2733 6433.13408  196  346          - 5118.76027      -   534  952s
  3984  2766 6471.21021  210  338          - 5118.76027      -   531  974s
  4038  2748 5804.43277  176  312          - 5118.76027      -   531  975s
  4046  2854 6490.06304  218  310          - 5118.76027      -   532  995s
  4154  2870 6496.95315  226  285          - 5118.76027      -   527 1015s
  4206  2948 6501.15314  236  314          - 5118.76027      -   531 1036s
  4302  3010 6910.57964  247  338          - 5118.76027      -   528 1060s
  4396  3084 6579.23467  259  358          - 5118.76027      -   524 1082s
  4501  3177 7239.03182  271  370          - 5118.76027      -   522 1107s
  4629  3285 6618.55559  283  375          - 5118.76027      -   516 1135s
  4780  3374 6643.16298  295  345          - 5118.76027      -   510 1162s
  4921  3430 6682.28722  310  378          - 5118.76027      -   506 1190s
  5024  3514 6688.75180  322  438          - 5118.76027      -   506 1217s
  5142  3595 6704.48742  336  430          - 5118.76027      -   505 1246s
  5263  3833 6732.50239  344  370          - 5118.76027      -   500 1278s
  5397  3833 7623.95943 1110  214          - 5118.76027      -   495 1280s
  5523  3971 6999.31300  361  351          - 5118.76027      -   487 1313s
  5663  4158 6901.19482  390  226          - 5118.76027      -   490 1345s
  5852  4260 7074.98619  438  222          - 5118.76027      -   490 1429s
  5964  4465 infeasible  466               - 5118.76027      -   486 1466s
  6201  4718 7256.10899  504  225          - 5118.76027      -   485 1507s
  6500  4880 7409.63546  567  216          - 5118.76027      -   482 1543s
  6599  4880 7644.80816  616  193          - 5118.76027      -   480 1545s
  6676  5029 7583.06934  650  220          - 5118.76027      -   483 1577s
  6825  5219 7720.30488  716  226          - 5118.76027      -   484 1612s
  7015  5394 8102.28134  800  155          - 5118.76027      -   482 1648s
  7148  5394 5280.89804   50  370          - 5118.76027      -   480 1650s
  7195  5623 7846.65587  867  196          - 5118.76027      -   480 1682s
  7425  5918 7928.01925  932  218          - 5118.76027      -   476 1722s
  7724  6288 7978.49221 1006  190          - 5118.76027      -   468 1764s
  7780  6288 8034.99804 1034  216          - 5118.76027      -   467 1765s
  8103  6564 8105.36113 1087  221          - 5118.76027      -   456 1813s
  8229  6564 8286.29054 1150  157          - 5118.76027      -   453 1815s
  8480  6685 8338.96734 1174  163          - 5118.76027      -   448 1854s
  8649  6685 8555.03960 1258  160          - 5118.76027      -   443 1855s
  8719  6862 8545.95423 1290  199          - 5118.76027      -   445 1895s
  9048  6924 8990.87873 1441  171          - 5136.91243      -   439 1932s
  9186  6961 5172.80173   29  520          - 5136.91243      -   441 1968s
  9223  7001 5267.52633   39  457          - 5136.91243      -   446 2002s
  9265  7072 5318.84637   47  415          - 5136.91243      -   451 2031s
  9336  7155 5436.77540   65  401          - 5136.91243      -   454 2062s
  9420  7272 5534.23742   83  463          - 5136.91243      -   456 2094s
  9469  7272 5525.57353   94  320          - 5136.91243      -   455 2095s
  9538  7436 5700.49072  114  322          - 5136.91243      -   455 2128s
  9587  7436 5905.91928  147  254          - 5136.91243      -   454 2130s
  9705  7669 6072.63015  171  285          - 5136.91243      -   453 2168s
  9938  8149 6245.66579  244  265          - 5136.91243      -   449 2212s
 10115  8149 6566.09213  408  261          - 5136.91243      -   443 2215s
 10418  8686 6687.94788  453  296          - 5136.91243      -   434 2261s
 10900  8686 7789.09538  683  122          - 5136.91243      -   422 2267s
 10965  9113 7252.65073  632  215          - 5136.91243      -   421 2308s
 11084  9113 7486.37952  721  112          - 5136.91243      -   421 2310s
 11353  9113 8432.76012  888  108          - 5136.91243      -   416 2315s
 11466  9483 7653.67291  774  119          - 5136.91243      -   413 2356s
 11688  9483 7809.64026  960  133          - 5136.91243      -   410 2360s
 11843  9572 8413.13608 1092   97          - 5136.91243      -   409 2416s
 11952  9697 9185.18452 1116   78          - 5141.51159      -   410 2454s
 11973  9697 9243.66019 1120  109          - 5141.51159      -   410 2455s
 12180  9730 5302.95300   30  650          - 5141.51159      -   410 2487s
 12213  9769 5374.82253   32  588          - 5141.51159      -   414 2519s
 12253  9849 5392.39095   36  590          - 5141.51159      -   416 2548s
 12335  9912 5714.69435   51  648          - 5141.51159      -   417 2579s
 12398 10111 5629.78778   53  565          - 5141.51159      -   419 2614s
 12446 10111 6246.56912  185  323          - 5141.51159      -   420 2615s
 12597 10222 5755.41584   55  524          - 5141.51159      -   416 2648s
 12712 10422 5842.57312   68  465          - 5141.51159      -   417 2685s
 12932 10578 5907.03614   85  552          - 5141.51159      -   414 2727s
 12958 10578 6058.83277   96  518          - 5141.51159      -   415 2730s
 13120 10722 6045.04449  106  518          - 5141.51159      -   413 2765s
 13159 10722 6145.17861  135  388          - 5141.51159      -   412 2770s
 13266 10930 6294.84697  220  434          - 5141.51159      -   413 2804s
 13292 10930 6319.81384  246  419          - 5141.51159      -   412 2805s
 13474 11148 6553.33197  407  352          - 5141.51159      -   410 2840s
 13696 11325 6781.89130  578  371          - 5141.51159      -   407 2876s
 13873 11419 6978.54146  695  333          - 5141.51159      -   406 2909s
 13900 11419 7933.03444  706  279          - 5141.51159      -   406 2910s
 13974 11753 8534.85156  708  179          - 5141.51159      -   408 2959s
 14002 11753 9287.22260  726   89          - 5141.51159      -   408 2960s
 14313 11978 9348.78116  902   91          - 5142.09534      -   405 3002s
 14326 11978 9353.38098  915  118          - 5142.09534      -   404 3008s
 14339 11978 9353.38098  927  121          - 5142.09534      -   404 3010s
 14582 12239 5215.96561   26  679          - 5142.09534      -   404 3049s
 14843 12365 5379.78872   35  550          - 5142.09534      -   401 3086s
 14971 12572 5300.26664   43  554          - 5142.09534      -   402 3124s
 15188 13122 5515.69127   80  388          - 5142.09534      -   401 3170s
 15269 13122 5667.66068  140  375          - 5142.09534      -   400 3178s
 15355 13122 8211.50625  842  162          - 5142.09534      -   398 3180s
 15498 13122 8291.59495  978  158          - 5142.09534      -   395 3185s
 15738 13586 5676.68181  148  297          - 5142.09534      -   391 3229s
 15841 13586 5870.13664  236  295          - 5142.09534      -   389 3236s
 15963 13586 9039.23288 1213  133          - 5142.09534      -   388 3240s
 16230 14073 5870.70374  270  355          - 5142.09534      -   384 3286s
 16360 14073 6018.71086  387  322          - 5142.09534      -   382 3290s
 16796 14073 11470.7645 1679  133          - 5142.09534      -   374 3295s
 16891 14163 6141.76388  422  222          - 5142.09534      -   373 3325s
 16981 14339 6515.45216  451  203          - 5142.09534      -   375 3360s
 17157 14713 9122.18788  533   73          - 5142.09534      -   375 3402s
 17170 14713 7172.67998  532  134          - 5142.09534      -   375 3407s
 17339 14713 7701.27211  679  168          - 5142.09534      -   372 3410s
 17531 15312 7928.22076  816  131          - 5142.09534      -   370 3460s
 17849 15312 9189.23198  998   79          - 5142.09534      -   366 3465s
 18160 15586 10238.0702 1142   76          - 5145.64213      -   362 3504s
 18174 15586 10520.9447 1140   46          - 5145.64213      -   362 3505s
 18600 15820 5426.64377   37  469          - 5145.64213      -   358 3543s
 18725 15820 6371.25743  358  372          - 5145.64213      -   357 3548s
 18790 15820 6471.92540  423  334          - 5145.64213      -   356 3550s
 18834 16001 5385.58311   53  548          - 5145.64213      -   356 3580s
 19017 16087 5495.27632   72  461          - 5145.64213      -   355 3600s

Cutting planes:
  User: 9413
  Gomory: 25
  Cover: 735
  Implied bound: 79
  Clique: 10
  MIR: 288
  StrongCG: 3
  Flow cover: 835
  Zero half: 29
  RLT: 542
  Relax-and-lift: 6
  Lazy constraints: 72

Explored 19103 nodes (6795361 simplex iterations) in 3601.43 seconds
Thread count was 2 (of 32 available processors)

Solution count 0

Time limit reached
Best objective -, best bound 5.145642128248e+03, gap -

User-callback calls 442208, time in user-callback 252.61 sec
================================================================================
executing instance: ./input/Instances/Original/5/absH3low_4n25.dat
--------------------------------------------------------------------------------
Instance details
n	26
H	3
C	2029
Li:
[0, 0, 0, 0, 0, 0, 0, 0, 0, 0, 0, 0, 0, 0, 0, 0, 0, 0, 0, 0, 0, 0, 0, 0, 0, 0, ]
Ui:
[0, 34, 165, 76, 88, 188, 58, 279, 52, 132, 198, 142, 135, 165, 186, 58, 201, 196, 40, 183, 32, 90, 168, 126, 93, 146, ]
Distance matrix:
|0	299	188	235	91	202	152	147	162	277	268	132	71	162	220	69	220	289	241	124	265	80	162	132	66	302	|
|299	0	468	431	282	142	317	425	443	569	193	178	359	302	422	231	93	28	511	325	457	242	434	215	240	601	|
|188	468	0	153	265	342	308	43	192	106	455	290	117	206	142	246	379	464	252	274	360	267	211	319	231	184	|
|235	431	153	0	326	289	386	145	321	240	482	269	184	129	15	258	339	436	393	355	477	305	336	354	237	334	|
|91	282	265	326	0	228	66	228	166	339	196	157	154	242	311	99	225	264	229	50	201	47	153	71	115	340	|
|202	142	342	289	228	0	285	301	363	447	255	73	245	161	281	139	53	151	440	278	428	181	360	187	136	495	|
|152	317	308	386	66	285	0	275	167	368	188	217	207	308	371	163	274	295	210	34	145	108	148	104	181	350	|
|147	425	43	145	228	301	275	0	179	146	415	248	76	172	131	203	337	421	248	242	341	227	195	279	188	211	|
|162	443	192	321	166	363	167	179	0	216	352	291	152	302	307	225	375	428	81	138	170	201	22	237	227	183	|
|277	569	106	240	339	447	368	146	216	0	535	391	210	312	232	341	481	562	245	335	381	352	238	402	329	106	|
|268	193	455	482	196	255	188	415	352	535	0	225	339	367	469	224	212	165	398	214	302	188	335	136	245	533	|
|132	178	290	269	157	73	217	248	291	391	225	0	183	145	258	66	91	175	367	207	358	110	287	127	67	431	|
|71	359	117	184	154	245	207	76	152	210	339	183	0	152	169	131	274	352	232	174	294	151	161	203	119	251	|
|162	302	206	129	242	161	308	172	302	312	367	145	152	0	120	153	210	308	383	284	426	208	309	249	132	383	|
|220	422	142	15	311	281	371	131	307	232	469	258	169	120	0	245	330	427	379	340	461	291	321	340	224	324	|
|69	231	246	258	99	139	163	203	225	341	224	66	131	153	245	0	152	222	301	147	299	57	221	97	22	371	|
|220	93	379	339	225	53	274	337	375	481	212	91	274	210	330	152	0	99	448	273	419	180	369	171	157	521	|
|289	28	464	436	264	151	295	421	428	562	165	175	352	308	427	222	99	0	493	305	434	227	418	196	234	590	|
|241	511	252	393	229	440	210	248	81	245	398	367	232	383	379	301	448	493	0	190	147	270	80	298	305	175	|
|124	325	274	355	50	278	34	242	138	335	214	207	174	284	340	147	273	305	190	0	152	97	122	110	162	320	|
|265	457	360	477	201	428	145	341	170	381	302	358	294	426	461	299	419	434	147	152	0	248	150	249	312	322	|
|80	242	267	305	47	181	108	227	201	352	188	110	151	208	291	57	180	227	270	97	248	0	192	52	76	366	|
|162	434	211	336	153	360	148	195	22	238	335	287	161	309	321	221	369	418	80	122	150	192	0	224	225	203	|
|132	215	319	354	71	187	104	279	237	402	136	127	203	249	340	97	171	196	298	110	249	52	224	0	118	409	|
|66	240	231	237	115	136	181	188	227	329	245	67	119	132	224	22	157	234	305	162	312	76	225	118	0	364	|
|302	601	184	334	340	495	350	211	183	106	533	431	251	383	324	371	521	590	175	320	322	366	203	409	364	0	|

--------------------------------------------------------------------------------
Building model...
	using lazy and cut (CVRPSEP package)
Solving IRP LP...
--------------------------------------------------------------------------------

Gurobi 9.1.0 (linux64) logging started Sun Jan 10 08:39:39 2021

Gurobi Optimizer version 9.1.0 build v9.1.0rc0 (linux64)
Thread count: 32 physical cores, 32 logical processors, using up to 2 threads
Optimize a model with 1049 rows, 5744 columns and 21665 nonzeros
Model fingerprint: 0x51e90ea2
Variable types: 479 continuous, 5265 integer (390 binary)
Coefficient statistics:
  Matrix range     [1e+00, 6e+02]
  Objective range  [1e-02, 6e+02]
  Bounds range     [1e+00, 3e+02]
  RHS range        [2e+01, 3e+03]
Presolve removed 104 rows and 26 columns
Presolve time: 0.04s
Presolved: 945 rows, 5718 columns, 20760 nonzeros
Variable types: 453 continuous, 5265 integer (4890 binary)

Root relaxation: objective 2.640433e+03, 1170 iterations, 0.03 seconds

