




arguments: ./build/mirp_solver -f ./input/orig_exec_229.cfg
Current dir: /scratch/gui/bnc_mirp
File verbosity level: 9
date       time         ( uptime  ) [ thread name/id ]                   file:line     v| 
2021-01-10 13:48:35.028 (   0.480s) [main thread     ]             loguru.cpp:789   INFO| Logging to './output/vi_cos/OU/V5/Original/execution_10_01_2021_13_48_35.log', mode: 'a', verbosity: 9
--------------------------------------------------------------------------------
Parameters
                           instance_path           ./input/Instances/Original/6/
                            model_policy                                       1
                             nb_vehicles                                       5
                              output_dir         ./output/vi_cos/OU/V5/Original/
                            sec_strategy                                       1
                       solver_nb_threads                                       2
                         solver_show_log                                    true
                       solver_time_limit                                    3600
                              use_vi_cos                                    true
                              use_vi_cus                                   false
                         use_vi_hc1_full                                   false
                         use_vi_hc1_half                                   false
                      use_vi_hc1_quarter                                   false
                              use_vi_hc2                                   false
                              use_vi_hc3                                   false
                         use_vi_lex_full                                   false
                         use_vi_lex_half                                   false
                      use_vi_lex_quarter                                   false
                              use_vi_qua                                   false
                               use_vi_vc                                   false
                               use_vi_vr                                   false
--------------------------------------------------------------------------------
executing instance: ./input/Instances/Original/6/absH6high_1n25.dat
--------------------------------------------------------------------------------
Instance details
n	26
H	6
C	1711
Li:
[0, 0, 0, 0, 0, 0, 0, 0, 0, 0, 0, 0, 0, 0, 0, 0, 0, 0, 0, 0, 0, 0, 0, 0, 0, 0, ]
Ui:
[0, 168, 176, 34, 66, 36, 177, 106, 118, 182, 64, 141, 189, 63, 46, 111, 182, 231, 36, 66, 68, 54, 132, 90, 246, 75, ]
Distance matrix:
|0	191	200	231	334	329	146	196	208	245	218	164	283	394	151	358	156	196	309	253	201	260	127	138	130	104	|
|191	0	226	229	278	146	328	216	390	417	327	293	195	334	106	296	171	122	472	151	12	411	280	53	190	130	|
|200	226	0	38	149	359	321	10	276	274	418	364	139	204	121	173	321	115	303	141	225	236	155	202	311	256	|
|231	229	38	0	110	352	358	37	314	310	448	395	108	167	129	135	342	109	336	120	226	268	194	213	335	277	|
|334	278	149	110	0	367	467	147	422	413	546	495	86	61	203	25	423	163	429	129	271	363	303	282	424	361	|
|329	146	359	352	367	0	453	349	533	562	411	393	282	411	245	378	250	244	617	245	141	556	426	195	284	243	|
|146	328	321	358	467	453	0	321	162	215	160	112	425	524	297	491	223	341	284	397	339	266	186	276	184	210	|
|196	216	10	37	147	349	321	0	281	281	414	360	132	203	112	171	315	105	311	132	216	244	159	193	305	249	|
|208	390	276	314	422	533	162	281	0	54	321	271	410	471	316	445	348	348	123	398	398	115	125	338	313	309	|
|245	417	274	310	413	562	215	281	54	0	375	323	413	457	334	435	393	361	70	406	424	69	139	367	359	349	|
|218	327	418	448	546	411	160	414	321	375	0	57	484	606	347	569	163	393	444	446	339	421	318	288	137	199	|
|164	293	364	395	495	393	112	360	271	323	57	0	437	556	300	519	144	346	393	401	305	367	261	249	109	163	|
|283	195	139	108	86	282	425	132	410	413	484	437	0	139	137	101	349	91	443	44	187	375	286	206	355	291	|
|394	334	204	167	61	411	524	203	471	457	606	556	139	0	264	38	483	222	467	183	326	403	356	341	484	421	|
|151	106	121	129	203	245	297	112	316	334	347	300	137	264	0	225	220	46	381	102	106	316	195	84	221	158	|
|358	296	173	135	25	378	491	171	445	435	569	519	101	38	225	0	444	184	450	145	288	384	328	303	446	383	|
|156	171	321	342	423	250	223	315	348	393	163	144	349	483	220	444	0	261	460	308	183	415	284	143	39	65	|
|196	122	115	109	163	244	341	105	348	361	393	346	91	222	46	184	261	0	402	56	118	336	224	119	264	200	|
|309	472	303	336	429	617	284	311	123	70	444	393	443	467	381	450	460	402	0	442	477	68	192	424	426	413	|
|253	151	141	120	129	245	397	132	398	406	446	401	44	183	102	145	308	56	442	0	143	375	273	164	315	251	|
|201	12	225	226	271	141	339	216	398	424	339	305	187	326	106	288	183	118	477	143	0	416	286	63	202	142	|
|260	411	236	268	363	556	266	244	115	69	421	367	375	403	316	384	415	336	68	375	416	0	135	365	384	363	|
|127	280	155	194	303	426	186	159	125	139	318	261	286	356	195	328	284	224	192	273	286	135	0	232	256	229	|
|138	53	202	213	282	195	276	193	338	367	288	249	206	341	84	303	143	119	424	164	63	365	232	0	153	89	|
|130	190	311	335	424	284	184	305	313	359	137	109	355	484	221	446	39	264	426	315	202	384	256	153	0	64	|
|104	130	256	277	361	243	210	249	309	349	199	163	291	421	158	383	65	200	413	251	142	363	229	89	64	0	|

--------------------------------------------------------------------------------
Building model...
	using lazy and cut (CVRPSEP package)
Solving IRP LP...
--------------------------------------------------------------------------------

Gurobi 9.1.0 (linux64) logging started Sun Jan 10 13:48:35 2021

Gurobi Optimizer version 9.1.0 build v9.1.0rc0 (linux64)
Thread count: 32 physical cores, 32 logical processors, using up to 2 threads
Optimize a model with 2072 rows, 11462 columns and 43304 nonzeros
Model fingerprint: 0x19ffe18c
Variable types: 932 continuous, 10530 integer (780 binary)
Coefficient statistics:
  Matrix range     [1e+00, 6e+02]
  Objective range  [1e-01, 6e+02]
  Bounds range     [1e+00, 2e+02]
  RHS range        [1e+01, 3e+03]
Presolve removed 182 rows and 26 columns
Presolve time: 0.08s
Presolved: 1890 rows, 11436 columns, 41571 nonzeros
Variable types: 906 continuous, 10530 integer (9780 binary)

Root relaxation: objective 1.503678e+04, 2320 iterations, 0.08 seconds

    Nodes    |    Current Node    |     Objective Bounds      |     Work
 Expl Unexpl |  Obj  Depth IntInf | Incumbent    BestBd   Gap | It/Node Time

     0     0 15036.7842    0  277          - 15036.7842      -     -    0s
     0     0 15273.2427    0  278          - 15273.2427      -     -    0s
     0     0 15291.3425    0  278          - 15291.3425      -     -    0s
     0     0 15292.4320    0  276          - 15292.4320      -     -    1s
     0     0 15292.5060    0  281          - 15292.5060      -     -    1s
     0     0 15496.0359    0  331          - 15496.0359      -     -    1s
     0     0 15538.4186    0  309          - 15538.4186      -     -    1s
     0     0 15541.3359    0  313          - 15541.3359      -     -    1s
     0     0 15541.3359    0  317          - 15541.3359      -     -    1s
     0     0 16004.3310    0  379          - 16004.3310      -     -    1s
     0     0 16085.9821    0  359          - 16085.9821      -     -    2s
     0     0 16106.9129    0  341          - 16106.9129      -     -    2s
     0     0 16108.1478    0  346          - 16108.1478      -     -    2s
     0     0 16108.1499    0  346          - 16108.1499      -     -    2s
     0     0 16317.5236    0  456          - 16317.5236      -     -    2s
     0     0 16322.1649    0  424          - 16322.1649      -     -    3s
     0     0 16322.4412    0  392          - 16322.4412      -     -    3s
     0     0 16502.4318    0  401          - 16502.4318      -     -    3s
     0     0 16503.9809    0  494          - 16503.9809      -     -    3s
     0     0 16608.6423    0  497          - 16608.6423      -     -    4s
     0     0 16619.7291    0  475          - 16619.7291      -     -    4s
     0     0 16621.4937    0  500          - 16621.4937      -     -    5s
     0     0 16684.4136    0  459          - 16684.4136      -     -    5s
     0     0 16694.2652    0  609          - 16694.2652      -     -    5s
     0     0 16698.8375    0  589          - 16698.8375      -     -    5s
     0     0 16715.5909    0  520          - 16715.5909      -     -    6s
     0     0 16717.9088    0  541          - 16717.9088      -     -    6s
     0     0 16744.1140    0  481          - 16744.1140      -     -    6s
     0     0 16749.6055    0  419          - 16749.6055      -     -    7s
     0     0 16749.9665    0  484          - 16749.9665      -     -    7s
     0     0 16754.7364    0  526          - 16754.7364      -     -    7s
     0     0 16754.7364    0  378          - 16754.7364      -     -    8s
     0     2 16762.5735    0  378          - 16762.5735      -     -    9s
     3     6 16762.5735    2  582          - 16762.5735      -   857   10s
    21    24 16861.4515    7  565          - 16772.0778      -  1070   16s
    27    30 16907.9621    9  608          - 16772.0778      -  1528   20s
    35    38 16950.4267   11  558          - 16772.0778      -  1697   25s
    41    44 17132.3222   12  546          - 16772.0778      -  1850   30s
    57    63 17884.6751   15  484          - 16772.0778      -  1644   35s
    77    84 17888.1972   30  445          - 16772.0778      -  1373   40s
   102   123 17891.6046   44  424          - 16772.0778      -  1239   45s
   142   149 17891.6046   62  408          - 16772.0778      -  1046   50s
   196   205 17891.6046   83  428          - 16772.0778      -   873   56s
   221   237 17900.0277   97  466          - 16772.0778      -   853   60s
   254   266 17902.7885  119  470          - 16772.0778      -   818   65s
   280   291 17916.9421  137  488          - 16772.0778      -   822   70s
   345   365 17924.2028  161  475          - 16772.0778      -   740   77s
   382   403 17927.6876  177  455          - 16772.0778      -   730   82s
   404   449 17927.6876  190  416          - 16772.0778      -   718   85s
   480   535 17937.8916  207  493          - 16772.0778      -   653   90s
   575   600 17937.8916  257  481          - 16772.0778      -   583   96s
   625   654 17948.9907  273  456          - 16772.0778      -   582  102s
   655   668 17948.9907  287  452          - 16772.0778      -   577  105s
   696   724 17948.9907  303  470          - 16772.0778      -   573  111s
   725   767 17957.9087  318  476          - 16772.0778      -   572  115s
   804   837 17961.7303  360  467          - 16772.0778      -   559  123s
   838   879 17965.6644  375  471          - 16772.0778      -   556  127s
   880   899 17972.5457  406  466          - 16772.0778      -   543  131s
   900   954 18004.8167  413  515          - 16772.0778      -   551  135s
   961   993 18300.5503  428  479          - 16772.0778      -   536  140s
  1002  1016 infeasible  441               - 16772.4878      -   532  145s
  1091  1144 17149.8023    7  688          - 16772.4878      -   526  154s
  1163  1183 17165.6143   10  703          - 16772.4878      -   509  159s
  1212  1189 17983.5414   13  593          - 16772.4878      -   509  164s
  1226  1196 18234.1072   17  492          - 16772.4878      -   523  169s
  1234  1197 17132.7686    5  378          - 16772.4878      -   532  171s
  1241  1202 19433.1707  110  543          - 16772.4878      -   529  175s
  1248  1206 18408.9809  440  640          - 17080.7752      -   526  180s
  1261  1215 19795.6437  201  641          - 17168.7022      -   521  185s
  1270  1221 17924.2028  165  647          - 17216.1264      -   517  190s
  1278  1226 19625.8910  383  725          - 17229.4201      -   514  195s
  1291  1235 19758.9539   88  739          - 17233.5144      -   508  200s
  1298  1240 20819.8880  284  712          - 17235.3467      -   506  205s
  1305  1244 19635.5571  484  810          - 17238.6834      -   503  210s
  1316  1253 19625.9908  378  299          - 17238.9208      -   546  215s
  1319  1255 19550.8591  137  396          - 17238.9208      -   545  225s
  1326  1260 18243.3897  207  603          - 17238.9208      -   542  230s
  1337  1267 17923.5064   31  739          - 17238.9208      -   537  235s
  1345  1273 17961.7303  354  755          - 17241.3420      -   534  240s
  1352  1277 17948.9907  279  750          - 17243.1198      -   531  245s
  1358  1281 19633.3124  451  726          - 17245.8709      -   529  250s
  1367  1287 19634.5436  463  812          - 17247.1074      -   526  255s
  1374  1295 17248.9284   24  651          - 17248.9284      -   556  260s
  1382  1300 17263.4817   26  694          - 17259.4795      -   563  265s
  1389  1305 17347.2845   27  690          - 17276.7296      -   569  270s
  1399  1312 17294.9770   30  679          - 17284.1191      -   579  276s
  1406  1316 17314.4373   32  694          - 17284.1191      -   588  281s
  1414  1323 17322.4407   34  674          - 17284.1191      -   595  285s
  1423  1328 17329.7475   36  722          - 17284.1191      -   599  290s
  1430  1332 17336.2683   38  677          - 17284.1191      -   610  295s
  1438  1338 17337.7581   40  663          - 17284.1191      -   623  301s
  1447  1344 17378.0244   42  733          - 17284.1191      -   631  305s
  1455  1348 17542.6651   44  639          - 17284.1191      -   644  311s
  1462  1354 17362.0335   46  728          - 17284.1191      -   652  316s
  1472  1360 17364.3249   49  697          - 17284.1191      -   660  321s
  1481  1365 17515.3995   51  693          - 17284.1191      -   674  327s
  1490  1374 17411.1375   53  677          - 17284.1191      -   682  332s
  1496  1378 17375.5162   55  701          - 17284.1191      -   686  335s
  1509  1386 17381.7429   58  614          - 17284.1191      -   695  341s
  1514  1391 17386.9622   59  680          - 17284.1191      -   702  345s
  1528  1402 17407.6409   63  707          - 17284.1191      -   715  352s
  1536  1409 17428.4213   65  664          - 17284.1191      -   722  356s
  1546  1412 17446.2204   68  704          - 17284.1191      -   726  361s
  1560  1426 17480.7950   71  745          - 17284.1191      -   740  368s
  1571  1432 17482.4827   74  746          - 17284.1191      -   745  373s
  1581  1440 17488.9653   77  742          - 17284.1191      -   752  378s
  1592  1449 17491.6599   80  700          - 17284.1191      -   760  383s
  1605  1460 17497.5064   84  669          - 17284.1191      -   765  388s
  1620  1467 17505.9349   88  688          - 17284.1191      -   772  394s
  1632  1478 17515.5585   92  646          - 17284.1191      -   778  399s
  1647  1490 17517.3367   95  631          - 17284.1191      -   783  404s
  1664  1500 17542.7073  100  735          - 17284.1191      -   787  410s
  1680  1511 17546.8111  104  731          - 17284.1191      -   792  417s
  1696  1524 17552.2142  109  654          - 17284.1191      -   800  423s
  1714  1532 17559.8630  114  647          - 17284.1191      -   807  430s
  1728  1545 17570.9319  118  649          - 17284.1191      -   815  437s
  1746  1554 17585.5885  122  663          - 17284.1191      -   823  443s
  1761  1564 17630.4805  126  560          - 17284.1191      -   832  451s
  1776  1576 17683.1043  130  564          - 17284.1191      -   840  468s
  1793  1590 17693.0609  135  576          - 17284.1191      -   847  476s
  1813  1606 17708.6031  141  542          - 17284.1191      -   855  484s
  1835  1617 17722.5763  146  565          - 17284.1191      -   862  492s
  1854  1642 17769.6901  151  521          - 17284.1191      -   873  501s
  1885  1660 17817.1156  157  523          - 17284.1191      -   881  511s
  1913  1684 17862.7069  163  556          - 17284.1191      -   891  521s
  1947  1702 17939.2427  171  548          - 17284.1191      -   900  531s
  1976  1727 17995.5034  178  567          - 17284.1191      -   912  542s
  2011  1744 18244.9296  186  450          - 17284.1191      -   922  553s
  2041  1770 18397.0931  191  569          - 17284.1191      -   936  565s
  2077  1790 18512.2941  200  470          - 17284.1191      -   946  577s
  2111  1814 18483.2603  209  442          - 17284.1191      -   958  590s
  2149  1843 19009.6596  219  459          - 17284.1191      -   971  603s
  2190  1877 19144.2291  226  399          - 17284.1191      -   980  618s
  2242  1912 19299.8912  241  502          - 17284.1191      -   990  632s
  2296  1961 19528.2048  255  399          - 17284.1191      -   996  647s
  2363  1984 19767.6274  274  426          - 17300.1680      -  1000  663s
  2424  2009 17503.9804   26  842          - 17300.1680      -  1005  679s
  2469  2044 17646.1805   30  781          - 17300.1680      -  1013  696s
  2519  2072 17694.9251   37  753          - 17300.1680      -  1022  713s
  2564  2113 17664.8899   42  753          - 17300.1680      -  1034  732s
  2626  2153 17740.8411   49  758          - 17300.1680      -  1043  751s
  2696  2156 17774.1058   57  684          - 17300.1680      -  1048  771s
  2745  2165 17876.4028   65  702          - 17300.1680      -  1060  789s
  2770  2181 17910.0743   72  677          - 17300.1680      -  1077  809s
  2792  2173 17685.3894   33  832          - 17300.1680      -  1085  810s
  2798  2203 18025.7602   83  715          - 17300.1680      -  1095  832s
  2832  2230 18095.0025   92  676          - 17300.1680      -  1109  853s
  2874  2253 18177.7364  103  621          - 17300.1680      -  1123  876s
  2911  2285 18265.1283  113  623          - 17300.1680      -  1139  899s
  2955  2315 18389.7383  121  643          - 17300.1680      -  1152  921s
  3000  2354 18604.7123  132  596          - 17300.1680      -  1166  946s
  3054  2390 19890.3745  146  478          - 17300.1680      -  1180  972s
  3108  2436 18931.1727  164  451          - 17300.1680      -  1193 1001s
  3172  2484 19203.4961  184  526          - 17300.1680      -  1207 1029s
  3198  2475 19462.6931  197  490          - 17300.1680      -  1210 1030s
  3241  2522 19674.3725  207  436          - 17300.1680      -  1219 1059s
  3306  2569 20169.9226  230  396          - 17300.1680      -  1233 1089s
  3375  2619 20166.8969  252  469          - 17300.1680      -  1248 1121s
  3450  2684 20354.1240  278  477          - 17300.1680      -  1261 1155s
  3540  2775 20423.9908  304  489          - 17300.1680      -  1271 1190s
  3663  2832 20599.2831  331  369          - 17300.1680      -  1272 1226s
  3763  2912 20782.6522  362  411          - 17300.1680      -  1285 1264s
  3836  2887 19817.7223  241  521          - 17300.1680      -  1285 1265s
  3888  3045 22282.4148  394  431          - 17300.1680      -  1289 1305s
  4084  3312 infeasible  465               - 17300.1680      -  1274 1346s
  4317  3234 25943.9461  572  182          - 17300.1680      -  1224 1350s
  4448  3296 infeasible  592               - 17301.3224      -  1209 1389s
  4578  3444 17667.5430   34  721          - 17301.3224      -  1207 1430s
  4790  3514 17704.7851   51  628          - 17301.3224      -  1188 1476s
  4961  3500 17960.7043   67  615          - 17301.3224      -  1176 1517s
  5004  3567 18015.2417   80  582          - 17301.3224      -  1194 1558s
  5085  3648 18308.2026  104  550          - 17301.3224      -  1202 1602s
  5193  3740 18805.1367  130  513          - 17301.3224      -  1207 1648s
  5321  3868 19400.8835  174  399          - 17310.6042      -  1208 1699s
  5404  3868 19307.5582  210  402          - 17310.6042      -  1200 1700s
  5489  3966 17782.7394   28  766          - 17310.6042      -  1206 1753s
  5587  4118 17910.8201   38  643          - 17310.6042      -  1214 1805s
  5753  4389 18054.1573   52  635          - 17310.6042      -  1211 1876s
  5954  4389 22410.6847  211  314          - 17310.6042      -  1193 1880s
  6046  4483 18463.7298   65  578          - 17310.6042      -  1182 1931s
  6158  4618 18589.0088   80  560          - 17310.6042      -  1187 1984s
  6204  4618 18788.5964   87  548          - 17310.6042      -  1188 1985s
  6293  4796 18832.9878   99  421          - 17310.6042      -  1187 2042s
  6459  4796 19042.0571  100  467          - 17310.6042      -  1182 2045s
  6471  4986 19145.0491  125  449          - 17310.6042      -  1182 2101s
  6661  5261 19470.5479  142  403          - 17310.6042      -  1178 2161s
  6873  5261 20084.0213  168  438          - 17310.6042      -  1165 2165s
  6936  5803 19944.4537  200  361          - 17310.6042      -  1161 2229s
  7024  5803 20715.4704  221  276          - 17310.6042      -  1154 2230s
  7537  7222 22155.7577  306  214          - 17315.3632      -  1103 2314s
  7570  7222 21774.4615  317  243          - 17315.3632      -  1100 2315s
  7842  7222 22955.6111  410  156          - 17315.3632      -  1074 2320s
  8146  7222 26473.4537  506   53          - 17315.3632      -  1042 2325s
  8368  7222 27503.8753  560   28          - 17315.3632      -  1017 2338s
  8513  7231 29584.5900  613    5          - 17315.3632      -  1000 2340s
  8907  7239 22630.9022  414  106          - 17315.3762      -   972 2345s
  9239  7245 17666.2068   32  747          - 17315.3762      -   947 2358s
  9245  7262 17955.9967   35  694          - 17315.3762      -   950 2365s
  9262  7274 17909.0836   40  729          - 17315.3762      -   950 2374s
  9274  7285 17862.5697   42  633          - 17315.3762      -   951 2382s
  9285  7301 17993.4532   44  614          - 17315.3762      -   953 2389s
  9301  7314 17947.6656   48  647          - 17315.3762      -   953 2397s
  9314  7329 18010.7031   51  619          - 17315.3762      -   954 2405s
  9329  7348 18090.0975   53  651          - 17315.3762      -   955 2414s
  9348  7366 18115.9766   57  584          - 17315.3762      -   955 2423s
  9366  7397 18193.4673   60  594          - 17315.3762      -   956 2431s
  9397  7426 18394.8882   69  544          - 17315.3762      -   955 2440s
  9426  7454 18410.7653   76  452          - 17315.3762      -   954 2449s
  9454  7491 18455.7594   80  412          - 17315.3762      -   954 2458s
  9491  7549 18464.2547   83  423          - 17315.3762      -   953 2469s
  9549  7606 18569.3119   96  421          - 17315.3762      -   950 2480s
  9608  7660 18625.5110  105  423          - 17315.3762      -   947 2492s
  9662  7722 18737.5815  114  437          - 17315.3762      -   945 2504s
  9724  7792 18844.6591  125  438          - 17315.3762      -   943 2518s
  9794  7874 18871.1158  132  369          - 17315.3762      -   940 2625s
  9878  7981 18947.3615  146  371          - 17315.3762      -   936 2641s
  9985  8093 19086.3215  166  338          - 17315.3762      -   931 2657s
 10099  8201 19689.7952  186  299          - 17315.3762      -   925 2673s
 10207  8357 19391.6575  213  372          - 17315.3762      -   920 2691s
 10369  8540 20234.5288  239  295          - 17315.3762      -   912 2711s
 10580  8722 22356.7135  270  257          - 17318.4473      -   900 2737s
 10860  8887 17872.5556   31  736          - 17318.4473      -   886 2759s
 11057  8888 17916.5457   35  729          - 17318.4473      -   876 2776s
 11118  8907 18057.7856   38  656          - 17318.4473      -   877 2790s
 11137  8921 18392.9513   44  686          - 17318.4473      -   878 2807s
 11151  8940 18188.2991   47  612          - 17318.4473      -   881 2822s
 11170  8959 18327.3766   51  605          - 17318.4473      -   884 2836s
 11189  8994 18445.0980   55  596          - 17318.4473      -   885 2851s
 11224  9040 18445.8767   66  511          - 17318.4473      -   886 2865s
 11270  9094 18547.2687   78  591          - 17318.4473      -   885 2880s
 11324  9137 18704.7923   85  548          - 17318.4473      -   884 2896s
 11367  9194 18720.9526   91  570          - 17318.4473      -   884 2911s
 11424  9253 18868.9892   97  533          - 17318.4473      -   884 2928s
 11483  9330 19000.5070  104  453          - 17318.4473      -   883 2944s
 11507  9330 19112.8518  127  345          - 17318.4473      -   883 2945s
 11562  9408 19161.1599  116  506          - 17318.4473      -   881 2963s
 11644  9504 19311.4132  121  442          - 17318.4473      -   879 2983s
 11742  9595 19409.4002  125  436          - 17318.4473      -   876 3005s
 11845  9893 19679.0982  128  456          - 17318.4473      -   874 3031s
 12069  9893 23689.6576  289  149          - 17318.4473      -   864 3035s
 12160  9929 20010.6470  138  341          - 17318.4473      -   859 3053s
 12222  9966 20131.4423  147  382          - 17318.4473      -   859 3071s
 12259 10031 20660.1946  157  356          - 17318.4473      -   861 3091s
 12324 10107 21153.6957  176  363          - 17318.4473      -   861 3110s
 12400 10207 21883.6384  189  318          - 17318.4473      -   860 3131s
 12502 10339 22550.8368  211  243          - 17318.4473      -   857 3154s
 12559 10339 22834.5388  218  234          - 17318.4473      -   856 3155s
 12640 10496 22930.7875  232  196          - 17318.4473      -   854 3181s
 12805 10594 23816.7037  291  178          - 17347.6836      -   847 3215s
 12923 10621 17690.2256   30  777          - 17347.6836      -   846 3234s
 12950 10661 18008.7435   34  649          - 17347.6836      -   847 3251s
 12992 10720 18059.8177   44  564          - 17347.6836      -   848 3270s
 13051 10765 18108.9214   52  539          - 17347.6836      -   847 3289s
 13096 10822 18324.2504   57  419          - 17347.6836      -   848 3308s
 13153 10868 18467.5816   67  389          - 17347.6836      -   849 3328s
 13201 10979 18807.1299   75  479          - 17347.6836      -   850 3350s
 13320 11105 18925.5011   96  376          - 17347.6836      -   847 3374s
 13449 11105 20816.0163  201  201          - 17347.6836      -   843 3375s
 13462 11254 19094.3174  107  392          - 17347.6836      -   842 3398s
 13625 11374 19452.4814  135  366          - 17347.6836      -   837 3429s
 13679 11374 21706.1631  237  177          - 17347.6836      -   836 3430s
 13777 11459 20003.9385  147  311          - 17347.6836      -   834 3451s
 13862 11537 20497.5363  168  379          - 17347.6836      -   833 3473s
 13940 11724 20763.9805  185  287          - 17347.6836      -   833 3499s
 13968 11724 20810.3315  198  258          - 17347.6836      -   831 3500s
 14127 12049 21403.1273  247  156          - 17347.6836      -   826 3533s
 14262 12049 22762.4456  288  116          - 17347.6836      -   822 3535s
 14512 12078 infeasible  361               - 17347.7195      -   812 3558s
 14583 12112 17881.7672   37  822          - 17347.7195      -   812 3577s
 14617 12173 17996.4372   40  684          - 17347.7195      -   812 3596s
 14678 12178 18144.6175   50  562          - 17347.7195      -   812 3600s

Cutting planes:
  User: 6690
  Gomory: 60
  Cover: 775
  Implied bound: 106
  Projected implied bound: 1
  Clique: 10
  MIR: 1000
  StrongCG: 7
  Flow cover: 1424
  Zero half: 30
  RLT: 645
  Relax-and-lift: 21
  Lazy constraints: 24

Explored 14683 nodes (11946041 simplex iterations) in 3600.08 seconds
Thread count was 2 (of 32 available processors)

Solution count 0

Time limit reached
Best objective -, best bound 1.734771948937e+04, gap -

User-callback calls 349881, time in user-callback 154.37 sec
================================================================================
executing instance: ./input/Instances/Original/6/absH6high_1n20.dat
--------------------------------------------------------------------------------
Instance details
n	21
H	6
C	1651
Li:
[0, 0, 0, 0, 0, 0, 0, 0, 0, 0, 0, 0, 0, 0, 0, 0, 0, 0, 0, 0, 0, ]
Ui:
[0, 36, 182, 182, 90, 261, 117, 30, 110, 42, 276, 153, 40, 94, 144, 46, 129, 213, 264, 160, 174, ]
Distance matrix:
|0	371	401	343	361	341	370	115	392	400	79	266	292	245	355	431	265	194	95	92	348	|
|371	0	37	141	110	250	117	438	67	131	372	305	115	238	247	255	235	296	392	430	185	|
|401	37	0	175	100	284	146	472	90	156	406	342	152	275	280	282	242	333	415	455	178	|
|343	141	175	0	239	110	38	374	95	60	314	182	67	130	106	127	318	201	397	423	303	|
|361	110	100	239	0	341	222	451	177	240	385	374	190	304	341	361	151	345	354	398	78	|
|341	250	284	110	341	0	143	337	203	151	289	102	152	97	15	95	394	156	415	431	398	|
|370	117	146	38	222	143	0	407	61	30	346	220	81	167	137	139	317	237	417	447	292	|
|115	438	472	374	451	337	407	0	443	434	66	241	339	251	351	431	374	181	201	177	450	|
|392	67	90	95	177	203	61	443	0	66	379	275	104	216	197	193	294	283	427	461	252	|
|400	131	156	60	240	151	30	434	66	0	374	237	112	189	142	127	344	261	448	477	312	|
|79	372	406	314	385	289	346	66	379	374	0	202	275	197	304	383	316	134	175	166	388	|
|266	305	342	182	374	102	220	241	275	237	202	0	191	70	117	196	386	73	352	359	415	|
|292	115	152	67	190	152	81	339	104	112	275	191	0	123	154	193	252	183	336	366	246	|
|245	238	275	130	304	97	167	251	216	189	197	70	123	0	110	187	322	72	319	334	346	|
|355	247	280	106	341	15	137	351	197	142	304	117	154	110	0	80	399	171	427	444	400	|
|431	255	282	127	361	95	139	431	193	127	383	196	193	187	80	0	444	251	499	519	429	|
|265	235	242	318	151	394	317	374	294	344	316	386	252	322	399	444	0	332	226	273	97	|
|194	296	333	201	345	156	237	181	283	261	134	73	183	72	171	251	332	0	279	286	375	|
|95	392	415	397	354	415	417	201	427	448	175	352	336	319	427	499	226	279	0	47	321	|
|92	430	455	423	398	431	447	177	461	477	166	359	366	334	444	519	273	286	47	0	368	|
|348	185	178	303	78	398	292	450	252	312	388	415	246	346	400	429	97	375	321	368	0	|

--------------------------------------------------------------------------------
Building model...
	using lazy and cut (CVRPSEP package)
Solving IRP LP...
--------------------------------------------------------------------------------

Gurobi 9.1.0 (linux64) logging started Sun Jan 10 14:48:36 2021

Gurobi Optimizer version 9.1.0 build v9.1.0rc0 (linux64)
Thread count: 32 physical cores, 32 logical processors, using up to 2 threads
Optimize a model with 1677 rows, 7677 columns and 29259 nonzeros
Model fingerprint: 0x62108c1b
Variable types: 747 continuous, 6930 integer (630 binary)
Coefficient statistics:
  Matrix range     [1e+00, 5e+02]
  Objective range  [1e-01, 5e+02]
  Bounds range     [1e+00, 3e+02]
  RHS range        [1e+01, 3e+03]
Presolve removed 147 rows and 21 columns
Presolve time: 0.05s
Presolved: 1530 rows, 7656 columns, 27871 nonzeros
Variable types: 726 continuous, 6930 integer (6330 binary)

Root relaxation: objective 1.421493e+04, 1993 iterations, 0.05 seconds

    Nodes    |    Current Node    |     Objective Bounds      |     Work
 Expl Unexpl |  Obj  Depth IntInf | Incumbent    BestBd   Gap | It/Node Time

     0     0 14214.9310    0  249          - 14214.9310      -     -    0s
     0     0 14424.5450    0  310          - 14424.5450      -     -    0s
     0     0 14448.5915    0  285          - 14448.5915      -     -    0s
     0     0 14448.7727    0  293          - 14448.7727      -     -    0s
     0     0 14635.6528    0  345          - 14635.6528      -     -    1s
     0     0 14722.4781    0  343          - 14722.4781      -     -    1s
     0     0 14738.9593    0  366          - 14738.9593      -     -    1s
     0     0 14739.2817    0  369          - 14739.2817      -     -    1s
     0     0 14739.2817    0  361          - 14739.2817      -     -    1s
     0     0 14907.6999    0  385          - 14907.6999      -     -    1s
     0     0 14997.0229    0  420          - 14997.0229      -     -    1s
     0     0 15001.1228    0  396          - 15001.1228      -     -    2s
     0     0 15001.8268    0  396          - 15001.8268      -     -    2s
     0     0 15002.1111    0  401          - 15002.1111      -     -    2s
     0     0 15107.5139    0  385          - 15107.5139      -     -    2s
     0     0 15125.0203    0  435          - 15125.0203      -     -    2s
     0     0 15132.1394    0  382          - 15132.1394      -     -    3s
     0     0 15132.6945    0  469          - 15132.6945      -     -    3s
     0     0 15208.1245    0  508          - 15208.1245      -     -    3s
     0     0 15219.3411    0  471          - 15219.3411      -     -    3s
     0     0 15219.7886    0  500          - 15219.7886      -     -    4s
     0     0 15278.1275    0  446          - 15278.1275      -     -    4s
     0     0 15284.4437    0  524          - 15284.4437      -     -    4s
     0     0 15286.4352    0  463          - 15286.4352      -     -    4s
     0     0 15286.4975    0  495          - 15286.4975      -     -    4s
     0     0 15292.3618    0  582          - 15292.3618      -     -    5s
     0     0 15297.8482    0  584          - 15297.8482      -     -    5s
     0     0 15298.1220    0  581          - 15298.1220      -     -    5s
     0     0 15300.2575    0  597          - 15300.2575      -     -    5s
     0     0 15300.2575    0  473          - 15300.2575      -     -    6s
     0     2 15301.8087    0  494          - 15301.8087      -     -    7s
     9    12 15762.8599    3  544          - 15304.8505      -  1337   10s
    23    26 15512.7983    7  488          - 15304.8505      -  1595   15s
    38    43 15563.4286   11  506          - 15304.8505      -  1607   20s
    54    58 15669.7313   14  506          - 15304.8505      -  1519   25s
    75    84 15698.9261   23  517          - 15304.8505      -  1383   30s
    99   105 15977.7667   31  545          - 15304.8505      -  1379   36s
   119   126 16136.4590   35  525          - 15304.8505      -  1320   40s
   147   152 16564.3848   42  493          - 15304.8505      -  1248   45s
   174   177 15606.2224    6  370          - 15317.7980      -  1223   51s
   192   196 15713.6909   12  463          - 15317.7980      -  1204   55s
   234   245 15912.7790   29  476          - 15317.7980      -  1107   60s
   287   283 16243.2509   42  414          - 15317.7980      -  1002   66s
   315   315 16226.8437   51  440          - 15317.7980      -   970   70s
   352   352 16367.6510   66  440          - 15317.7980      -   927   75s
   378   383 16573.7883   79  468          - 15317.7980      -   935   81s
   406   409 16846.0882   93  423          - 15317.7980      -   927   86s
   423   431 16987.1496   96  371          - 15317.7980      -   919   90s
   478   499 17109.3232  130  408          - 15317.7980      -   869   96s
   514   523 17380.2126  150  440          - 15317.7980      -   841  100s
   567   572 18193.0772  161  407          - 15317.7980      -   822  107s
   589   632 18892.6572  170  330          - 15317.7980      -   816  111s
   655   710 21233.8973  212  279          - 15317.7980      -   766  115s
   740   715 15985.6038   42  499          - 15317.7980      -   693  120s
   760   728 18157.9204  158  592          - 15492.0153      -   675  125s
   775   738 16041.7914   26  628          - 15500.9782      -   662  130s
   784   744 16050.2860   36  680          - 15502.1747      -   654  135s
   801   757 21088.8964  237  642          - 15502.1747      -   679  140s
   814   766 15708.1058   19  656          - 15505.1507      -   668  145s
   824   773 17438.2734   93  681          - 15507.2878      -   660  150s
   834   779 16668.6492   68  662          - 15515.7234      -   652  156s
   843   785 17049.2991  117  606          - 15518.2648      -   645  160s
   855   796 15570.0090   26  627          - 15530.0880      -   679  165s
   866   802 15673.9707   29  525          - 15530.9840      -   691  170s
   883   814 15573.4645   33  649          - 15530.9840      -   697  175s
   896   823 15624.0430   36  638          - 15530.9840      -   716  180s
   907   832 15584.1634   39  687          - 15530.9840      -   727  185s
   929   848 15591.8066   45  657          - 15530.9840      -   742  190s
   949   861 15629.6753   48  675          - 15530.9840      -   744  195s
   971   877 15608.3686   53  656          - 15530.9840      -   756  200s
   994   891 15618.8026   57  653          - 15530.9840      -   763  205s
  1016   911 15660.1645   61  551          - 15530.9840      -   774  211s
  1041   926 15648.1018   66  556          - 15530.9840      -   775  215s
  1061   946 15661.4372   70  555          - 15530.9840      -   781  220s
  1108   975 15808.1026   76  508          - 15530.9840      -   775  226s
  1141   995 15794.7904   81  525          - 15530.9840      -   774  232s
  1174  1022 16053.9306   85  439          - 15530.9840      -   771  238s
  1193  1040 16000.2643   88  494          - 15530.9840      -   771  240s
  1240  1071 16103.1017   97  476          - 15530.9840      -   763  247s
  1265  1089 16144.7200  102  545          - 15530.9840      -   761  250s
  1307  1116 16223.9899  107  467          - 15530.9840      -   761  258s
  1332  1135 16236.5438  111  453          - 15530.9840      -   762  262s
  1360  1160 16288.7576  115  503          - 15530.9840      -   761  265s
  1396  1186 16300.0746  119  506          - 15530.9840      -   756  270s
  1472  1229 16422.9982  129  511          - 15530.9840      -   746  278s
  1502  1256 16371.6196  134  532          - 15530.9840      -   747  282s
  1541  1278 16448.5920  138  549          - 15530.9840      -   744  287s
  1592  1271 16730.2748  142  492          - 15530.9840      -   736  292s
  1602  1285 16507.4258  146  521          - 15530.9840      -   742  298s
  1620  1294 16798.1137  152  483          - 15530.9840      -   748  303s
  1635  1305 16604.7490  157  535          - 15530.9840      -   753  308s
  1651  1318 16635.6782  161  510          - 15530.9840      -   760  313s
  1669  1338 16684.1770  167  537          - 15530.9840      -   764  318s
  1695  1349 16753.4470  177  469          - 15530.9840      -   765  324s
  1715  1361 16768.5921  184  504          - 15530.9840      -   768  329s
  1727  1357 15651.8699   49  631          - 15530.9840      -   771  330s
  1733  1377 16961.2031  190  431          - 15530.9840      -   775  335s
  1755  1394 16919.8618  197  497          - 15530.9840      -   779  341s
  1782  1408 16972.7710  206  493          - 15530.9840      -   782  347s
  1809  1417 17184.4556  215  476          - 15530.9840      -   787  353s
  1827  1432 18090.4868  219  314          - 15530.9840      -   792  360s
  1848  1455 17387.8832  226  453          - 15530.9840      -   797  366s
  1878  1478 17463.4965  235  435          - 15530.9840      -   800  373s
  1911  1495 17533.5282  245  427          - 15530.9840      -   802  380s
  1939  1514 17624.1485  254  396          - 15530.9840      -   809  388s
  1967  1533 17717.6890  264  428          - 15530.9840      -   815  397s
  1995  1553 17771.9818  273  433          - 15530.9840      -   825  406s
  2025  1573 17815.4870  284  438          - 15530.9840      -   833  415s
  2055  1599 17920.6329  293  459          - 15530.9840      -   842  424s
  2093  1637 18208.9832  308  441          - 15530.9840      -   850  434s
  2145  1671 18433.1480  327  437          - 15530.9840      -   857  444s
  2188  1657 16219.2880  121  591          - 15530.9840      -   856  445s
  2200  1713 18703.3547  348  467          - 15530.9840      -   864  456s
  2266  1767 19665.8135  372  356          - 15530.9840      -   867  467s
  2348  1818 infeasible  406               - 15568.6248      -   866  481s
  2476  1811 15757.3938   29  663          - 15568.6248      -   853  495s
  2512  1827 15838.3095   47  569          - 15568.6248      -   864  507s
  2540  1855 15895.1156   53  599          - 15568.6248      -   878  519s
  2577  1875 16044.5856   61  536          - 15568.6248      -   888  532s
  2610  1897 16233.7978   67  471          - 15568.6248      -   901  545s
  2643  1920 16699.0831   71  439          - 15568.6248      -   914  559s
  2677  1949 17093.0109   74  506          - 15568.6248      -   929  572s
  2717  1985 17533.1840   85  484          - 15568.6248      -   937  587s
  2768  2017 18550.0140   96  430          - 15568.6248      -   949  601s
