




arguments: ./build/mirp_solver -f ./input/orig_exec_112.cfg
Current dir: /scratch/gui/bnc_mirp
File verbosity level: 9
date       time         ( uptime  ) [ thread name/id ]                   file:line     v| 
2021-01-09 22:20:41.405 (   0.134s) [main thread     ]             loguru.cpp:789   INFO| Logging to './output/vi_cos/OU/V5/Original/execution_09_01_2021_22_20_41.log', mode: 'a', verbosity: 9
--------------------------------------------------------------------------------
Parameters
                           instance_path           ./input/Instances/Original/3/
                            model_policy                                       1
                             nb_vehicles                                       5
                              output_dir         ./output/vi_cos/OU/V5/Original/
                            sec_strategy                                       1
                       solver_nb_threads                                       2
                         solver_show_log                                    true
                       solver_time_limit                                    3600
                              use_vi_cos                                    true
                              use_vi_cus                                   false
                         use_vi_hc1_full                                   false
                         use_vi_hc1_half                                   false
                      use_vi_hc1_quarter                                   false
                              use_vi_hc2                                   false
                              use_vi_hc3                                   false
                         use_vi_lex_full                                   false
                         use_vi_lex_half                                   false
                      use_vi_lex_quarter                                   false
                              use_vi_qua                                   false
                               use_vi_vc                                   false
                               use_vi_vr                                   false
--------------------------------------------------------------------------------
executing instance: ./input/Instances/Original/3/absH3low_2n5.dat
--------------------------------------------------------------------------------
Instance details
n	6
H	3
C	237
Li:
[0, 0, 0, 0, 0, 0, ]
Ui:
[0, 93, 180, 51, 114, 24, ]
Distance matrix:
|0	170	318	35	112	235	|
|170	0	311	205	258	301	|
|318	311	0	326	278	137	|
|35	205	326	0	89	230	|
|112	258	278	89	0	160	|
|235	301	137	230	160	0	|

--------------------------------------------------------------------------------
Building model...
	using lazy and cut (CVRPSEP package)
Solving IRP LP...
--------------------------------------------------------------------------------

Gurobi 9.1.0 (linux64) logging started Sat Jan  9 22:20:42 2021

Gurobi Optimizer version 9.1.0 build v9.1.0rc0 (linux64)
Thread count: 32 physical cores, 32 logical processors, using up to 2 threads
Optimize a model with 249 rows, 414 columns and 1665 nonzeros
Model fingerprint: 0xe020e98c
Variable types: 99 continuous, 315 integer (90 binary)
Coefficient statistics:
  Matrix range     [1e+00, 3e+02]
  Objective range  [1e-02, 3e+02]
  Bounds range     [1e+00, 2e+02]
  RHS range        [1e+01, 5e+02]
Presolve removed 24 rows and 33 columns
Presolve time: 0.00s

Explored 0 nodes (0 simplex iterations) in 0.01 seconds
Thread count was 1 (of 32 available processors)

Solution count 0

Model is infeasible
Best objective -, best bound -, gap -

User-callback calls 34, time in user-callback 0.00 sec

Computing Irreducible Inconsistent Subsystem (IIS)...

           Constraints          |            Bounds           |  Runtime
      Min       Max     Guess   |   Min       Max     Guess   |
--------------------------------------------------------------------------
        0       249         -         0       569         -           0s
        7       235         -         0       564         -           5s
       14       224         -         0       560         -          10s
       22       210         -         0       557         -          15s
       24       205         -         0       552         -          20s
       27       189        30         0       539         -          26s
       35       176        35         0       521         -          30s
       43       158        43         0       494         -          36s
       48       144        48         0       479         -          41s
       56       110        56         0       431         -          45s
       59        99        59         0       422         -          50s
       59        91        59         0       363         -          55s
       62        85        62         0       341         -          61s
       63        77        63         0       313         -          65s
       64        68        64         0       269         -          70s
       64        64         -         0       229         -          75s
       64        64         -         5       223       223          80s
       64        64         -        99       207       207          85s
       64        64         -       114       200       200          90s
       64        64         -       114       191       191          95s
       64        64         -       115       183       180         100s
       64        64         -       115       176       150         105s
       64        64         -       117       168       120         110s
       64        64         -       118       164       120         115s
       64        64         -       118       158       120         120s
       64        64         -       118       153       120         125s
       64        64         -       119       148       120         131s
       64        64         -       121       143       121         136s
       64        64         -       122       138       122         140s
       64        64         -       123       132       123         145s
       64        64         -       123       123       123         150s
       64        64         -       123       123         -         150s

IIS computed: 64 constraints, 123 bounds
IIS runtime: 150.18 seconds
================================================================================
executing instance: ./input/Instances/Original/3/absH3high_5n30.dat
--------------------------------------------------------------------------------
Instance details
n	31
H	3
C	2296
Li:
[0, 0, 0, 0, 0, 0, 0, 0, 0, 0, 0, 0, 0, 0, 0, 0, 0, 0, 0, 0, 0, 0, 0, 0, 0, 0, 0, 0, 0, 0, 0, ]
Ui:
[0, 80, 90, 297, 28, 264, 123, 192, 112, 32, 72, 88, 294, 129, 126, 105, 110, 237, 246, 92, 72, 147, 54, 96, 128, 96, 84, 28, 74, 196, 192, ]
Distance matrix:
|0	87	302	65	389	171	219	120	412	339	129	63	169	401	383	158	393	161	246	275	64	287	345	235	13	274	106	201	85	358	135	|
|87	0	334	128	402	212	301	204	465	384	187	145	232	424	454	238	475	245	289	352	80	307	352	321	81	352	20	261	170	376	215	|
|302	334	0	239	113	132	237	334	157	70	404	263	162	105	227	229	339	251	65	217	259	53	107	352	293	220	339	134	270	75	235	|
|65	128	239	0	330	107	175	130	348	275	174	40	107	339	326	114	351	125	181	224	58	228	290	222	58	224	143	138	65	297	92	|
|389	402	113	330	0	226	349	438	210	151	502	360	269	48	316	339	441	362	175	328	335	102	55	465	377	330	401	245	371	37	342	|
|171	212	132	107	226	0	169	214	253	173	276	134	64	233	261	130	326	153	77	188	133	125	192	264	162	190	220	68	145	193	125	|
|219	301	237	175	349	169	0	157	257	223	244	157	105	334	180	62	175	61	177	63	233	264	334	118	221	61	317	112	136	312	85	|
|120	204	334	130	438	214	157	0	402	348	88	90	173	438	336	115	307	100	269	220	172	338	406	122	130	218	224	204	69	403	101	|
|412	465	157	348	210	253	257	402	0	88	486	359	245	166	129	287	266	303	178	204	386	208	239	370	406	207	473	212	354	187	304	|
|339	384	70	275	151	173	223	348	88	0	427	291	179	120	166	234	290	254	96	187	306	123	166	342	332	190	391	145	291	119	247	|
|129	187	404	174	502	276	244	88	486	427	0	142	248	508	424	200	390	187	342	308	193	400	464	192	142	306	207	281	136	469	182	|
|63	145	263	40	360	134	157	90	359	291	142	0	114	366	321	95	331	99	202	212	90	258	323	186	65	211	163	148	27	327	72	|
|169	232	162	107	269	64	105	173	245	179	248	114	0	266	222	71	268	94	97	131	155	173	244	203	164	132	245	34	113	233	73	|
|401	424	105	339	48	233	334	438	166	120	508	366	266	0	280	332	409	355	169	305	353	117	96	452	391	308	425	237	374	49	339	|
|383	454	227	326	316	261	180	336	129	166	424	321	222	280	0	231	137	238	208	116	376	277	331	272	381	118	467	197	307	285	253	|
|158	238	229	114	339	130	62	115	287	234	200	95	71	332	231	0	238	23	164	118	171	243	314	134	159	117	255	95	77	302	23	|
|393	475	339	351	441	326	175	307	266	290	390	331	268	409	137	238	0	232	300	138	408	383	445	204	395	136	492	258	308	406	260	|
|161	245	251	125	362	153	61	100	303	254	187	99	94	355	238	23	232	0	187	123	183	267	338	111	164	121	262	117	77	325	34	|
|246	289	65	181	175	77	177	269	178	96	342	202	97	169	208	164	300	187	0	168	210	87	157	290	238	171	296	70	206	138	170	|
|275	352	217	224	328	188	63	220	204	187	308	212	131	305	116	118	138	123	168	0	279	255	322	166	275	3	367	120	195	291	141	|
|64	80	259	58	335	133	233	172	386	306	193	90	155	353	376	171	408	183	210	279	0	236	289	276	51	279	90	182	117	307	150	|
|287	307	53	228	102	125	264	338	208	123	400	258	173	117	277	243	383	267	87	255	236	0	71	374	276	257	308	153	270	71	245	|
|345	352	107	290	55	192	334	406	239	166	464	323	244	96	331	314	445	338	157	322	289	71	0	445	334	325	350	224	337	54	315	|
|235	321	352	222	465	264	118	122	370	342	192	186	203	452	272	134	204	111	290	166	276	374	445	0	243	164	341	221	159	428	142	|
|13	81	293	58	377	162	221	130	406	332	142	65	164	391	381	159	395	164	238	275	51	276	334	243	0	274	100	196	89	347	136	|
|274	352	220	224	330	190	61	218	207	190	306	211	132	308	118	117	136	121	171	3	279	257	325	164	274	0	367	122	194	294	140	|
|106	20	339	143	401	220	317	224	473	391	207	163	245	425	467	255	492	262	296	367	90	308	350	341	100	367	0	272	188	377	232	|
|201	261	134	138	245	68	112	204	212	145	281	148	34	237	197	95	258	117	70	120	182	153	224	221	196	122	272	0	146	208	103	|
|85	170	270	65	371	145	136	69	354	291	136	27	113	374	307	77	308	77	206	195	117	270	337	159	89	194	188	146	0	337	54	|
|358	376	75	297	37	193	312	403	187	119	469	327	233	49	285	302	406	325	138	291	307	71	54	428	347	294	377	208	337	0	306	|
|135	215	235	92	342	125	85	101	304	247	182	72	73	339	253	23	260	34	170	141	150	245	315	142	136	140	232	103	54	306	0	|

--------------------------------------------------------------------------------
Building model...
	using lazy and cut (CVRPSEP package)
Solving IRP LP...
--------------------------------------------------------------------------------

Gurobi 9.1.0 (linux64) logging started Sat Jan  9 22:23:13 2021

Gurobi Optimizer version 9.1.0 build v9.1.0rc0 (linux64)
Thread count: 32 physical cores, 32 logical processors, using up to 2 threads
Optimize a model with 1249 rows, 8014 columns and 30040 nonzeros
Model fingerprint: 0x3ed87b32
Variable types: 574 continuous, 7440 integer (465 binary)
Coefficient statistics:
  Matrix range     [1e+00, 5e+02]
  Objective range  [1e-01, 5e+02]
  Bounds range     [1e+00, 3e+02]
  RHS range        [1e+01, 4e+03]
Presolve removed 124 rows and 31 columns
Presolve time: 0.06s
Presolved: 1125 rows, 7983 columns, 28955 nonzeros
Variable types: 543 continuous, 7440 integer (6990 binary)

Root relaxation: objective 9.093951e+03, 1348 iterations, 0.04 seconds

    Nodes    |    Current Node    |     Objective Bounds      |     Work
 Expl Unexpl |  Obj  Depth IntInf | Incumbent    BestBd   Gap | It/Node Time

     0     0 9093.95111    0  131          - 9093.95111      -     -    0s
     0     0 9361.07018    0  119          - 9361.07018      -     -    0s
     0     0 9380.61264    0  155          - 9380.61264      -     -    0s
     0     0 9380.61264    0  159          - 9380.61264      -     -    0s
     0     0 9500.93390    0  205          - 9500.93390      -     -    0s
     0     0 9634.37085    0  204          - 9634.37085      -     -    0s
     0     0 9634.54991    0  207          - 9634.54991      -     -    0s
     0     0 9793.76996    0  188          - 9793.76996      -     -    1s
     0     0 9835.99467    0  203          - 9835.99467      -     -    1s
     0     0 9835.99519    0  208          - 9835.99519      -     -    1s
     0     0 9891.71819    0  210          - 9891.71819      -     -    1s
     0     0 9893.20410    0  237          - 9893.20410      -     -    1s
     0     0 9893.20410    0  216          - 9893.20410      -     -    1s
     0     0 9980.93033    0  306          - 9980.93033      -     -    1s
     0     0 9998.64320    0  319          - 9998.64320      -     -    1s
     0     0 10000.9402    0  294          - 10000.9402      -     -    1s
     0     0 10001.1707    0  301          - 10001.1707      -     -    1s
     0     0 10021.4036    0  350          - 10021.4036      -     -    2s
     0     0 10043.4666    0  328          - 10043.4666      -     -    2s
     0     0 10044.9449    0  358          - 10044.9449      -     -    2s
     0     0 10045.3426    0  362          - 10045.3426      -     -    2s
     0     0 10052.4664    0  339          - 10052.4664      -     -    2s
     0     0 10056.2944    0  309          - 10056.2944      -     -    2s
     0     0 10057.6331    0  331          - 10057.6331      -     -    3s
     0     0 10058.0529    0  355          - 10058.0529      -     -    3s
     0     0 10067.2587    0  388          - 10067.2587      -     -    3s
     0     0 10069.6870    0  399          - 10069.6870      -     -    3s
     0     0 10070.8814    0  415          - 10070.8814      -     -    3s
     0     0 10071.0759    0  391          - 10071.0759      -     -    3s
     0     0 10076.2892    0  353          - 10076.2892      -     -    3s
     0     0 10078.0139    0  356          - 10078.0139      -     -    4s
     0     2 10078.0139    0  296          - 10078.0139      -     -    5s
    39    43 10400.5385   10  240          - 10078.0801      -   638   10s
   126   134 10784.0148   45  217          - 10078.0801      -   413   15s
   238   258 10999.7193   99  235          - 10078.0801      -   325   20s
   371   391 11137.2502  162  242          - 10078.0801      -   269   25s
   572   606 11432.1619  227  238          - 10078.0801      -   216   30s
   779   843 infeasible  253               - 10078.0801      -   180   35s
  1030   975 11195.9197  183  147          - 10078.0801      -   156   40s
  1056   993 10435.3310   15  399          - 10097.6202      -   152   45s
  1086  1013 11098.1800  152  488          - 10123.1823      -   148   50s
  1108  1027 11535.6538  145  385          - 10144.9653      -   145   55s
  1127  1040 14744.6971  429  478          - 10146.5585      -   142   60s
  1148  1054 11526.6298  104  460          - 10147.1359      -   140   65s
  1173  1071 10147.8191    3  513          - 10147.8191      -   137   70s
  1195  1087 11040.3586   84  356          - 10148.3287      -   165   75s
  1227  1108 14744.6971  429  462          - 10149.1489      -   160   80s
  1245  1120 10836.1586   67  492          - 10149.4913      -   158   85s
  1266  1136 10916.5002   66  383          - 10149.5147      -   165   90s
  1296  1156 14276.7077  412  474          - 10150.1898      -   162   95s
  1312  1168 13680.2077  382  191          - 10150.1930      -   169  100s
  1339  1186 13660.2608  322  456          - 10150.2972      -   165  105s
  1361  1200 11138.9830  177  478          - 10151.2763      -   163  110s
  1381  1215 14276.7077  412  334          - 10151.3024      -   171  115s
  1398  1229 10153.2002   76  424          - 10152.9120      -   176  121s
  1402  1232 10168.6315   77  342          - 10153.5934      -   177  125s
  1415  1242 10159.9727   81  390          - 10159.9727      -   181  130s
  1456  1271 10192.8541   93  310          - 10164.5301      -   191  135s
  1502  1303 10378.3258  103  309          - 10164.5301      -   201  140s
  1556  1342 11137.0440  114  105          - 10164.5301      -   213  145s
  1632  1395 11606.7995  128  133          - 10164.5301      -   219  150s
  1716  1439 12997.8418  138  144          - 10164.5301      -   222  155s
  1819  1492 13586.1011  153  117          - 10164.5301      -   225  160s
  1948  1576 13733.4286  179  119          - 10164.5301      -   229  166s
  2056  1653 14107.5448  201   98          - 10164.5301      -   233  171s
  2136  1723 14147.1272  219   97          - 10164.5301      -   236  175s
  2313  1860 14183.4974  256  106          - 10164.5301      -   236  181s
  2455  1891 14206.8842  278  151          - 10164.5301      -   234  186s
  2522  1922 14238.3471  297  180          - 10164.5301      -   236  190s
  2576  1963 14283.5308  317  160          - 10164.5301      -   240  195s
  2646  2011 15184.2053  341   65          - 10164.5301      -   244  200s
  2739  2090 15384.7500  374   53          - 10164.5301      -   247  205s
  2885  2163 15766.1897  440   53          - 10164.5301      -   245  210s
  2965  2181 10247.8928   86  320          - 10166.0344      -   244  216s
  3046  2263 10429.6054  117  174          - 10166.0344      -   245  222s
  3102  2317 10507.1148  145  284          - 10166.0344      -   244  225s
  3221  2362 10776.5668  204  127          - 10166.0344      -   243  232s
  3263  2420 10976.9128  220  143          - 10166.0344      -   244  236s
  3337  2450 11025.3346  265  167          - 10166.0344      -   242  240s
  3470  2500 10838.3382  206  246          - 10166.0344      -   240  245s
  3596  2655 11565.1686  398  158          - 10166.0344      -   239  253s
  3687  2730 11731.3662  443  157          - 10166.0344      -   238  258s
  3805  2856 12105.1734  497   55          - 10166.0344      -   235  265s
  3974  3010 12915.3020  600  126          - 10166.0344      -   229  271s
  4208  2978 14588.0603  708   58          - 10166.1209      -   222  276s
  4270  3002 10314.6411   87  281          - 10166.1209      -   223  281s
  4315  3043 10400.0483   93  311          - 10166.1209      -   225  285s
  4371  3062 10469.3464  109  334          - 10166.1209      -   226  290s
  4409  3146 10510.3556  113  198          - 10166.1209      -   227  295s
  4505  3181 10778.3748  160  218          - 10166.1209      -   227  300s
  4572  3217 11276.5463  179  199          - 10166.1209      -   227  306s
  4651  3269 11646.0939  190  182          - 10166.1209      -   228  312s
  4739  3299 11983.6842  217  152          - 10166.1209      -   229  319s
  4818  3316 12348.2237  256  113          - 10170.5648      -   229  325s
  4884  3345 10212.6617   83  395          - 10170.5648      -   231  331s
  4935  3402 10360.1909   87  269          - 10170.5648      -   233  337s
  5009  3550 10351.3639   90  280          - 10170.5648      -   233  344s
  5181  3802 10350.3255  100  247          - 10170.5648      -   230  354s
  5445  3802 11798.8979  471  125          - 10170.5648      -   223  357s
  5457  4078 10540.8589  111  186          - 10170.5648      -   223  365s
  5787  4139 10674.1848  119  170          - 10170.5648      -   215  375s
  5850  4215 10911.3015  134  180          - 10170.5648      -   217  382s
  5926  4334 11090.6609  146  235          - 10170.5648      -   218  390s
  6045  4560 11251.7009  217  218          - 10170.5648      -   217  399s
  6273  4935 11668.6064  354  185          - 10170.5648      -   213  409s
  6308  4935 11725.8402  387  193          - 10170.5648      -   212  410s
  6664  5174 14478.3764  535   86          - 10174.2380      -   205  422s
  6953  5551 10308.0876   85  372          - 10174.2380      -   202  433s
  7334  5670 10883.7054   89  247          - 10174.2380      -   195  444s
  7511  5715 10564.8776  103  252          - 10174.2380      -   194  453s
  7558  5785 10774.8047  114  260          - 10174.2380      -   196  461s
  7632  5843 10921.7718  144  315          - 10183.0008      -   197  469s
  7702  5949 10462.0344   84  368          - 10183.0008      -   198  477s
  7808  6063 10505.9384  106  299          - 10183.0008      -   198  488s
  7922  6321 10782.5768  130  176          - 10183.0008      -   198  498s
  8184  6670 11261.7471  243  183          - 10183.2754      -   195  511s
  8567  6820 10372.5268   84  345          - 10183.2754      -   191  523s
  8723  6844 11084.4460   94  234          - 10183.2754      -   190  532s
  8773  6915 10984.0932  100  176          - 10183.2754      -   192  540s
  8846  6983 11249.8261  121  123          - 10183.2754      -   194  551s
  8918  7060 12090.9540  146  128          - 10183.2754      -   195  560s
  9007  7192 12909.9809  188  104          - 10185.3877      -   197  571s
  9154  7241 10413.1692   84  313          - 10185.3877      -   199  581s
  9203  7298 10650.2038  106  304          - 10185.3877      -   200  589s
  9260  7409 11069.2942  111  230          - 10185.3877      -   201  599s
  9371  7468 11256.0280  117  126          - 10185.3877      -   202  609s
  9406  7468 11318.3827  139  159          - 10185.3877      -   203  610s
  9448  7532 11510.0058  149  193          - 10185.3877      -   204  619s
  9512  7613 12071.4286  173  151          - 10185.3877      -   206  629s
  9540  7613 12016.0401  193  160          - 10185.3877      -   206  630s
  9600  7653 12951.5365  208  151          - 10191.0585      -   207  638s
  9656  7713 10422.8351   91  225          - 10191.0585      -   209  648s
  9738  7827 10767.1930  119  268          - 10191.0585      -   210  658s
  9852  8096 10938.9217  192  171          - 10191.5964      -   210  671s
 10143  8156 10370.8395   83  393          - 10191.5964      -   206  683s
 10203  8208 10487.4033   94  396          - 10191.5964      -   207  693s
 10259  8346 10798.5206  108  292          - 10191.5964      -   209  702s
 10397  8438 11024.6137  128  205          - 10191.5964      -   208  713s
 10493  8581 11335.2706  160  213          - 10191.5964      -   209  724s
 10552  8581 11602.1129  193  176          - 10191.5964      -   209  725s
 10654  8764 11915.2114  209  159          - 10191.5964      -   210  776s
 10849  8792 infeasible  362               - 10192.7985      -   208  788s
 10891  8845 10632.9427   99  335          - 10192.7985      -   209  798s
 10944  8913 10755.0186  107  307          - 10192.7985      -   210  808s
 11012  9026 11078.9381  128  250          - 10192.7985      -   211  819s
 11125  9156 11602.2675  143  213          - 10192.7985      -   212  830s
 11255  9460 infeasible  151               - 10192.7985      -   212  843s
 11400  9460 12079.9779  396  115          - 10192.7985      -   212  845s
 11563  9771 12344.1495  165  163          - 10192.7985      -   211  858s
 11727  9771 13000.0052  582  146          - 10192.7985      -   211  860s
 11898  9828 13147.2645  194  188          - 10192.7985      -   208  872s
 11967  9906 13466.6298  212  127          - 10192.7985      -   210  883s
 12047 10086 13851.1539  255  115          - 10192.7985      -   212  894s
 12125 10086 14331.0120  281  106          - 10192.7985      -   212  895s
 12227 10519 14457.8567  322   68          - 10197.6492      -   212  909s
 12312 10519 14625.1689  380   92          - 10197.6492      -   211  910s
 12700 10718 10286.2359   90  462          - 10197.6492      -   207  923s
 12899 10998 10607.2968  106  350          - 10197.6492      -   206  936s
 13185 11068 10579.2039  108  405          - 10197.6492      -   203  948s
 13273 11118 10650.0465  128  366          - 10197.6492      -   204  958s
 13323 11174 10905.2707  150  314          - 10197.6492      -   204  968s
 13383 11362 10998.7318  176  212          - 10197.6492      -   205  980s
 13571 11575 11305.4138  331  264          - 10197.6492      -   204  993s
 13721 11575 12123.0936  455  116          - 10197.6492      -   203  995s
 13788 11899 12160.7438  481  103          - 10200.7785      -   203 1008s
 13958 11899 13140.7840  576   66          - 10200.7785      -   201 1010s
 14142 11976 10269.8811   91  468          - 10200.7785      -   200 1021s
 14221 12098 10383.2129  101  411          - 10200.7785      -   201 1032s
 14343 12283 10567.1502  118  307          - 10200.7785      -   200 1044s
 14530 12345 10771.8592  147  271          - 10200.7785      -   200 1055s
 14608 12459 10962.4401  165  257          - 10200.7785      -   200 1065s
 14722 12573 11198.9384  245  274          - 10200.7785      -   200 1079s
 14778 12573 11407.7027  291  191          - 10200.7785      -   200 1080s
 14838 12630 11572.7821  316  224          - 10201.6713      -   200 1090s
 14937 12677 10480.6587   93  318          - 10202.5631      -   201 1101s
 14984 12735 10718.1143  114  274          - 10202.5631      -   202 1111s
 15042 12823 11103.8866  129  308          - 10202.5631      -   203 1122s
 15132 13026 11399.6837  157  208          - 10202.5631      -   203 1134s
 15165 13026 11509.8721  168  189          - 10202.5631      -   203 1135s
 15349 13164 12018.0424  275  140          - 10203.4290      -   202 1149s
 15416 13164 13577.2354  305  127          - 10203.4290      -   202 1150s
 15550 13223 10467.7267   82  407          - 10204.0000      -   202 1161s
 15609 13378 10566.0361   96  334          - 10204.0000      -   203 1248s
 15747 13378 11521.8560  226   83          - 10204.0000      -   203 1250s
 15764 13659 10833.2703  110  309          - 10204.0000      -   203 1264s
 15800 13659 11269.6884  128  168          - 10204.0000      -   203 1265s
 16111 13919 11293.1234  135  147          - 10204.0000      -   201 1281s
 16375 14392 12005.2092  293   75          - 10204.0000      -   200 1301s
 16768 14392 12633.3325  606   92          - 10204.0000      -   197 1305s
 16854 14948 12649.7663  621   69          - 10204.5912      -   197 1320s
 17545 14948 14261.2804  463   62          - 10204.6126      -   191 1325s
 17590 15012 10877.5703   89  266          - 10204.6126      -   191 1336s
 17654 15140 10911.5145  122  171          - 10204.6126      -   192 1348s
 17784 15286 11376.1370  200   72          - 10209.4931      -   192 1361s
 17950 15385 10495.1339  105  409          - 10209.4931      -   192 1373s
 18059 15454 10732.2501  130  283          - 10209.4931      -   193 1384s
 18087 15454 10827.1881  145  260          - 10209.4931      -   193 1385s
 18128 15581 10928.6394  148  186          - 10209.4931      -   193 1396s
 18255 15755 11161.9005  208  154          - 10209.4931      -   194 1408s
 18435 16169 11754.2116  287   98          - 10209.8603      -   194 1423s
 18631 16169 12397.2792  434  102          - 10209.8603      -   192 1425s
 18910 16297 10333.5776   91  407          - 10209.8603      -   191 1439s
 18960 16297 12009.6806  287  230          - 10209.8603      -   191 1440s
 19066 16335 10563.5380  108  422          - 10209.8603      -   191 1452s
 19104 16407 10749.5924  127  325          - 10209.8603      -   192 1462s
 19176 16504 10865.6540  151  303          - 10209.8603      -   192 1473s
 19275 16652 11134.8394  190  267          - 10209.8603      -   192 1485s
 19423 16823 11514.3191  276  237          - 10209.8603      -   192 1498s
 19602 17069 11837.2913  330  190          - 10209.8603      -   192 1512s
 19856 17439 12638.3670  463  138          - 10211.4586      -   191 1526s
 20291 17510 10321.0817  100  433          - 10211.4586      -   189 1541s
 20380 17561 10472.1208  110  331          - 10211.4586      -   189 1552s
 20431 17635 10571.1219  128  308          - 10211.4586      -   190 1563s
 20505 17703 10878.4369  164  320          - 10211.4586      -   190 1574s
 20539 17703 10815.4522  155  283          - 10211.4586      -   190 1575s
 20573 17844 10955.8436  186  314          - 10211.4586      -   191 1585s
 20714 18016 11177.9141  237  283          - 10211.4586      -   191 1597s
 20886 18184 11538.5220  286  233          - 10211.4586      -   190 1610s
 21070 18318 12575.2126  351  139          - 10211.8473      -   190 1622s
 21220 18587 10449.9383  110  399          - 10211.8473      -   190 1636s
 21491 18921 10623.6338  122  337          - 10211.8473      -   189 1653s
 21924 18991 10870.2699  139  207          - 10211.8473      -   187 1666s
 21994 19104 11164.6642  166  190          - 10211.8473      -   188 1678s
 22107 19240 12064.4251  232  115          - 10211.8473      -   189 1692s
 22251 19542 12610.0247  259  116          - 10217.8843      -   189 1706s
 22597 19598 10405.1004   93  358          - 10217.8900      -   188 1720s
 22653 19681 10677.0525  103  374          - 10217.8900      -   189 1731s
 22736 19836 10878.7114  127  321          - 10217.8900      -   189 1744s
 22893 20189 11155.3322  165  256          - 10217.8900      -   189 1761s
 23282 20466 11609.4303  229  235          - 10217.8900      -   188 1777s
 23549 20466 10339.5260   90  393          - 10217.8900      -   186 1780s
 23561 20908 12506.8952  455  157          - 10225.1873      -   187 1796s
 23960 20908 15201.1067  688   57          - 10225.1873      -   184 1800s
 24040 20997 10559.7886   93  363          - 10225.1873      -   185 1812s
 24129 21187 10771.0286  116  324          - 10225.1873      -   185 1825s
 24321 21459 11035.6022  146  264          - 10225.1873      -   185 1839s
 24621 21632 11555.6088  201  223          - 10225.1873      -   184 1853s
 24762 21632 12291.4425  309   72          - 10225.1873      -   184 1855s
 24796 21991 12315.7592  315   45          - 10230.4568      -   184 1868s
 25023 21991 13381.4909  466   29          - 10230.4568      -   183 1870s
 25187 22072 10425.1317   90  346          - 10230.4568      -   182 1882s
 25268 22324 10482.0248  103  330          - 10230.4568      -   183 1895s
 25532 22435 10876.4875  128  220          - 10230.4568      -   182 1909s
 25642 22435 10809.1881   96  297          - 10230.4568      -   182 1910s
 25661 22621 11161.3839  183  163          - 10230.4568      -   182 1921s
 25859 22754 11962.1502  298  144          - 10234.4317      -   182 1936s
 26034 22899 10492.6659  100  314          - 10234.4317      -   182 1950s
 26195 23008 10690.0026  117  321          - 10234.4317      -   183 1963s
 26304 23213 10967.0363  156  281          - 10234.4317      -   183 1976s
 26509 23784 11444.2058  230  186          - 10234.4317      -   183 1991s
 26922 23784 12573.3269  313   72          - 10234.4317      -   181 1995s
 27155 23974 infeasible  438               - 10236.1688      -   180 2007s
 27403 24204 10705.1543   95  236          - 10236.1688      -   180 2023s
 27635 24415 10838.3290  105  273          - 10236.1688      -   180 2038s
 27892 24519 11316.2095  136  209          - 10236.1688      -   180 2052s
 28016 24580 12180.3878  195  154          - 10237.0377      -   180 2065s
 28095 24633 10808.8521  105  270          - 10237.0377      -   181 2078s
 28148 24706 10917.0183  119  239          - 10237.0377      -   181 2090s
 28221 24872 11318.1796  153  214          - 10237.0377      -   182 2103s
 28388 25096 12104.9170  241  135          - 10237.1702      -   182 2118s
 28528 25096 12763.2597  347  129          - 10237.1702      -   181 2120s
 28676 25158 10817.4899   86  295          - 10237.7871      -   181 2132s
 28738 25224 11124.6911  110  264          - 10237.7871      -   182 2144s
 28804 25352 11345.3527  120  288          - 10237.7871      -   182 2157s
 28938 25545 11923.5151  166  202          - 10237.7871      -   182 2170s
 29135 25702 12627.4507  227  158          - 10237.8168      -   182 2184s
 29164 25702 12925.4208  243  167          - 10237.8168      -   182 2185s
 29320 25875 10534.0900   95  279          - 10237.8168      -   182 2197s
 29493 26221 10704.5904  116  328          - 10237.8168      -   182 2212s
 29831 26221 14550.7726  670   66          - 10237.8168      -   181 2215s
 29895 26306 11020.6815  134  235          - 10237.8168      -   181 2226s
 29980 26488 11282.3158  179  207          - 10237.8168      -   181 2238s
 30162 26793 12025.5499  295  152          - 10237.8168      -   181 2255s
 30525 27042 13985.5951  449   57          - 10237.8168      -   180 2271s
 30846 27229 10629.5347  101  260          - 10238.0834      -   179 2284s
 30876 27229 10702.3742  121  235          - 10238.0834      -   179 2285s
 31034 27562 10837.5325  149  188          - 10238.0834      -   179 2300s
 31426 27671 infeasible  209               - 10240.0685      -   178 2314s
 31546 27732 10481.9972  100  368          - 10240.0685      -   178 2326s
 31607 27876 10823.7633  120  216          - 10240.0685      -   179 2338s
 31751 28074 11220.5038  164  216          - 10240.0685      -   179 2351s
 31973 28447 12119.8738  227  139          - 10240.0685      -   179 2368s
 32225 28447 12315.6700  412   76          - 10240.0685      -   178 2370s
 32347 28564 13152.3306  490   26          - 10240.9904      -   178 2381s
 32508 28690 10551.3381  108  323          - 10240.9904      -   178 2394s
 32579 28690 11293.7627  180  145          - 10240.9904      -   178 2395s
 32634 28965 10729.6850  128  357          - 10240.9904      -   178 2408s
 32842 28965 12403.2416  369   59          - 10240.9904      -   178 2410s
 32941 29044 10943.4813  156  269          - 10240.9904      -   177 2421s
 33022 29147 11233.4449  196  225          - 10240.9904      -   178 2434s
 33129 29461 11871.5646  233  155          - 10240.9904      -   178 2447s
 33445 29698 13247.5051  346  181          - 10241.9684      -   178 2463s
 33648 29698 12396.0326  318  133          - 10243.4850      -   177 2465s
 33750 29779 10705.7902   91  316          - 10243.4850      -   177 2477s
 33831 29904 11061.6716  142  281          - 10243.4850      -   178 2490s
 33968 30069 11654.7832  218  169          - 10244.0385      -   178 2503s
 34152 30167 10541.1384   91  294          - 10244.0385      -   178 2514s
 34254 30278 10855.3370  111  288          - 10244.0385      -   178 2526s
 34365 30500 11278.2091  147  249          - 10244.0385      -   178 2538s
 34587 30823 11542.4529  249  169          - 10244.0385      -   178 2553s
 34840 30823 12635.9339  445   98          - 10244.0385      -   177 2555s
 34924 30969 12787.3517  461   75          - 10245.8789      -   177 2567s
 35146 31114 10605.9137   99  334          - 10245.8789      -   177 2579s
 35291 31310 10944.9847  117  190          - 10245.8789      -   177 2592s
 35487 31769 11591.4151  169  168          - 10245.8789      -   177 2607s
 35965 32100 12562.9524  419   95          - 10246.2401      -   176 2624s
 36077 32100 12967.0873  517   83          - 10246.2401      -   175 2625s
 36354 32150 10490.3193   88  387          - 10246.2401      -   175 2636s
 36404 32219 10533.1742  103  397          - 10246.2401      -   176 2647s
 36475 32339 10718.6909  122  358          - 10246.2401      -   176 2658s
 36595 32494 11030.0561  155  276          - 10246.2401      -   176 2670s
 36758 32771 11331.8497  246  250          - 10246.2401      -   176 2683s
 36901 32771 12558.0047  274  174          - 10246.2401      -   176 2685s
 37043 33090 11716.2726  333  257          - 10246.2401      -   176 2698s
 37290 33090 13811.0324  439  175          - 10246.2401      -   175 2700s
 37398 33219 12264.3217  453  210          - 10247.5676      -   175 2712s
 37557 33280 10742.4809   86  335          - 10247.5676      -   175 2725s
 37618 33393 10927.4495  107  319          - 10247.5676      -   175 2736s
 37737 33518 11196.7857  160  254          - 10247.5676      -   176 2749s
 37866 33813 11728.0221  235  175          - 10247.5676      -   176 2762s
 38175 34017 13120.4029  413   74          - 10248.1874      -   175 2776s
 38415 34301 11063.5057  109  227          - 10248.1874      -   175 2790s
 38699 34534 11172.0800  125  211          - 10248.1874      -   175 2804s
 38783 34534 12695.5714  400   88          - 10248.1874      -   175 2805s
 38958 34660 11304.8838  148  208          - 10248.1874      -   175 2818s
 39084 34840 11758.9276  196   88          - 10248.5104      -   175 2831s
 39308 34923 10587.6940   97  314          - 10248.5104      -   175 2843s
 39393 35157 10950.4734  121  304          - 10248.5104      -   175 2855s
 39627 35964 11577.0758  164  149          - 10248.5104      -   175 2870s
 40229 35964 14052.6892  525   92          - 10248.5104      -   174 2875s
 40524 36147 12497.2162  393  163          - 10249.0963      -   173 2888s
 40729 36147 15974.2700  578   49          - 10249.4066      -   172 2890s
 40765 36214 10441.5426   89  336          - 10249.4066      -   172 2901s
 40832 36290 10708.8351  114  302          - 10249.4066      -   173 2913s
 40910 36464 10893.4373  139  265          - 10249.4066      -   173 2924s
 41094 36657 infeasible  195               - 10250.1103      -   173 2937s
 41289 37067 10629.7154  108  324          - 10250.1103      -   173 2951s
 41741 37167 11017.0116  128  146          - 10250.1103      -   172 2965s
 41841 37398 11358.7784  174  113          - 10250.1103      -   172 2978s
 42063 37398 10936.4946  129  259          - 10250.1103      -   172 2980s
 42074 37711 12175.3717  329  110          - 10250.8378      -   172 2992s
 42424 37863 10528.2511   93  311          - 10250.8378      -   172 3006s
 42576 38151 10845.2623  133  283          - 10252.0733      -   172 3019s
 42632 38151 11078.3924  177  210          - 10252.0733      -   172 3020s
 42880 38520 10365.7157   89  339          - 10252.0733      -   171 3035s
 43319 38582 10592.7528  107  385          - 10252.0733      -   171 3049s
 43383 38689 10867.0613  142  278          - 10252.0733      -   171 3060s
 43490 38872 11183.6877  200  308          - 10252.0733      -   171 3072s
 43675 39217 11571.8987  290  279          - 10252.0733      -   171 3086s
 44020 39579 12796.9177  432  123          - 10252.0733      -   171 3101s
 44388 39898 13757.7058  593  139          - 10253.8795      -   170 3115s
 44794 39954 10468.8134   88  396          - 10254.2099      -   170 3128s
 44850 40071 10451.6943   96  324          - 10254.2099      -   170 3140s
 44967 40428 10680.8130  113  270          - 10254.2099      -   170 3155s
 45374 40687 11050.5201  145  165          - 10254.8103      -   170 3168s
 45630 40687 10420.5290   98  387          - 10254.8103      -   169 3170s
 45653 40742 10493.7210   92  340          - 10254.8103      -   169 3180s
 45708 40808 10839.2297  113  266          - 10254.8103      -   170 3191s
 45776 40902 11281.7633  140  239          - 10254.8103      -   170 3202s
 45876 41065 11635.0080  197  209          - 10254.8103      -   170 3214s
 45961 41065 11946.5367  260  233          - 10254.8103      -   170 3215s
 46041 41243 12233.1608  312  156          - 10256.2671      -   170 3226s
 46247 41325 10439.8440  100  384          - 10256.2671      -   170 3238s
 46331 41418 10508.9588  109  349          - 10256.2671      -   170 3248s
 46442 41497 10753.6072  135  328          - 10256.2671      -   171 3259s
 46490 41497 10438.8123   89  311          - 10256.2671      -   171 3260s
 46521 41635 10999.5756  173  288          - 10256.2671      -   171 3271s
 46661 41788 11385.2480  247  214          - 10256.2671      -   171 3282s
 46816 42287 12007.8785  307  140          - 10257.1664      -   171 3297s
 47359 42396 10385.6724   89  418          - 10257.1664      -   170 3310s
 47468 42524 10567.9693  108  401          - 10257.1664      -   170 3323s
 47612 42602 10867.8528  133  398          - 10257.1664      -   170 3335s
 47690 42711 11073.0350  174  337          - 10257.1664      -   171 3346s
 47799 42853 11451.0705  229  236          - 10257.1664      -   171 3357s
 47943 43063 12042.9050  317  256          - 10257.1664      -   171 3368s
