




arguments: ./build/mirp_solver -f ./input/orig_exec_34.cfg
Current dir: /scratch/gui/bnc_mirp
File verbosity level: 9
date       time         ( uptime  ) [ thread name/id ]                   file:line     v| 
2021-01-09 02:46:52.332 (   0.603s) [main thread     ]             loguru.cpp:789   INFO| Logging to './output/vi_cos/OU/V5/Original/execution_09_01_2021_02_46_52.log', mode: 'a', verbosity: 9
--------------------------------------------------------------------------------
Parameters
                           instance_path           ./input/Instances/Original/1/
                            model_policy                                       1
                             nb_vehicles                                       5
                              output_dir         ./output/vi_cos/OU/V5/Original/
                            sec_strategy                                       1
                       solver_nb_threads                                       2
                         solver_show_log                                    true
                       solver_time_limit                                    3600
                              use_vi_cos                                    true
                              use_vi_cus                                   false
                         use_vi_hc1_full                                   false
                         use_vi_hc1_half                                   false
                      use_vi_hc1_quarter                                   false
                              use_vi_hc2                                   false
                              use_vi_hc3                                   false
                         use_vi_lex_full                                   false
                         use_vi_lex_half                                   false
                      use_vi_lex_quarter                                   false
                              use_vi_qua                                   false
                               use_vi_vc                                   false
                               use_vi_vr                                   false
--------------------------------------------------------------------------------
executing instance: ./input/Instances/Original/1/absH3high_1n5.dat
--------------------------------------------------------------------------------
Instance details
n	6
H	3
C	289
Li:
[0, 0, 0, 0, 0, 0, ]
Ui:
[0, 195, 105, 116, 72, 22, ]
Distance matrix:
|0	85	349	17	203	289	|
|85	0	265	102	214	226	|
|349	265	0	366	368	238	|
|17	102	366	0	207	302	|
|203	214	368	207	0	431	|
|289	226	238	302	431	0	|

--------------------------------------------------------------------------------
Building model...
	using lazy and cut (CVRPSEP package)
Solving IRP LP...
--------------------------------------------------------------------------------

Gurobi 9.1.0 (linux64) logging started Sat Jan  9 02:46:52 2021

Gurobi Optimizer version 9.1.0 build v9.1.0rc0 (linux64)
Thread count: 32 physical cores, 32 logical processors, using up to 2 threads
Optimize a model with 249 rows, 414 columns and 1665 nonzeros
Model fingerprint: 0xe507a7fc
Variable types: 99 continuous, 315 integer (90 binary)
Coefficient statistics:
  Matrix range     [1e+00, 4e+02]
  Objective range  [2e-01, 4e+02]
  Bounds range     [1e+00, 2e+02]
  RHS range        [1e+01, 5e+02]
Presolve removed 24 rows and 6 columns
Presolve time: 0.01s
Presolved: 225 rows, 408 columns, 1480 nonzeros
Variable types: 93 continuous, 315 integer (240 binary)

Root relaxation: objective 1.950909e+03, 391 iterations, 0.01 seconds

    Nodes    |    Current Node    |     Objective Bounds      |     Work
 Expl Unexpl |  Obj  Depth IntInf | Incumbent    BestBd   Gap | It/Node Time

     0     0 1950.90949    0   30          - 1950.90949      -     -    0s
     0     0 infeasible    0               - infeasible      -     -    0s

Cutting planes:
  Gomory: 23
  Cover: 7
  MIR: 25
  StrongCG: 1
  Flow cover: 29
  Mod-K: 1
  RLT: 11

Explored 1 nodes (648 simplex iterations) in 0.06 seconds
Thread count was 2 (of 32 available processors)

Solution count 0

Model is infeasible
Best objective -, best bound -, gap -

User-callback calls 84, time in user-callback 0.00 sec

Computing Irreducible Inconsistent Subsystem (IIS)...

           Constraints          |            Bounds           |  Runtime
      Min       Max     Guess   |   Min       Max     Guess   |
--------------------------------------------------------------------------
        0       249         -         0       569         -           0s
        4       233         -         0       565         -           7s
        4       232         -         0       565         -          11s
        6       231         -         0       565         -          16s
        8       230         -         0       565         -          21s
       12       229         -         0       565         -          25s
       13       227         -         0       565         -          31s
       16       225         -         0       563         -          35s
       19       214         -         0       563         -          40s
       21       214         -         0       563         -          45s
       24       212         -         0       561         -          51s
       26       211         -         0       561         -          56s
       27       210         -         0       561         -          61s
       31       210         -         0       561         -          65s
       36       205        50         0       561         -          71s
       39       205        50         0       561         -          75s
       40       200        40         0       558         -          80s
       41       197        41         0       557         -          86s
       41       192        41         0       553         -          91s
       42       189        42         0       553         -          95s
       42       185        42         0       553         -         100s
       43       183        43         0       551         -         105s
       44       178        50         0       550         -         111s
       46       174        60         0       544         -         115s
       49       167        60         0       538         -         121s
       51       162        70         0       529         -         126s
       53       159        70         0       526         -         131s
       55       153        70         0       518         -         136s
       55       153        70         0       518         -         140s
       58       150        70         0       514         -         145s
       59       146        70         0       509         -         151s
       61       142        70         0       504         -         156s
       61       139        70         0       502         -         161s
       63       134        70         0       492         -         166s
       65       130        70         0       490         -         170s
       65       127        70         0       483         -         175s
       65       123        70         0       477         -         180s
       66       119        70         0       459         -         185s
       66       116        70         0       451         -         190s
       68       116        70         0       451         -         195s
       70       112        70         0       448         -         200s
       70       107        70         0       432         -         205s
       70       101        70         0       393         -         211s
       70        96        70         0       373         -         215s
       70        90        70         0       323         -         220s
       71        83        71         0       297         -         225s
       71        78        71         0       291         -         231s
       71        73        71         0       240         -         235s
       71        71         -         0       236       236         240s
       71        71         -         8       235       235         247s
       71        71         -        46       229       229         250s
       71        71         -       102       220       220         255s
       71        71         -       123       214       214         260s
       71        71         -       123       209       209         266s
       71        71         -       123       204       204         270s
       71        71         -       123       196       196         275s
       71        71         -       123       190       190         280s
       71        71         -       123       183       183         285s
       71        71         -       124       178       178         290s
       71        71         -       124       176       176         295s
       71        71         -       125       173       173         300s
       71        71         -       126       166       166         305s
       71        71         -       127       159       130         311s
       71        71         -       127       156       130         315s
       71        71         -       127       151       130         320s
       71        71         -       127       146       130         326s
       71        71         -       127       141       130         331s
       71        71         -       127       136       130         335s
       71        71         -       127       129       129         341s
       71        71         -       127       127         -         343s

IIS computed: 71 constraints, 127 bounds
IIS runtime: 342.62 seconds
================================================================================
executing instance: ./input/Instances/Original/1/absH3high_1n45.dat
--------------------------------------------------------------------------------
Instance details
n	46
H	3
C	3462
Li:
[0, 0, 0, 0, 0, 0, 0, 0, 0, 0, 0, 0, 0, 0, 0, 0, 0, 0, 0, 0, 0, 0, 0, 0, 0, 0, 0, 0, 0, 0, 0, 0, 0, 0, 0, 0, 0, 0, 0, 0, 0, 0, 0, 0, 0, 0, ]
Ui:
[0, 273, 270, 36, 165, 192, 148, 45, 30, 75, 180, 198, 112, 117, 90, 64, 180, 22, 264, 174, 168, 270, 86, 66, 26, 66, 237, 156, 92, 108, 144, 72, 30, 45, 94, 54, 174, 96, 198, 136, 44, 180, 210, 249, 198, 48, ]
Distance matrix:
|0	281	201	160	249	201	93	431	236	139	252	136	116	166	390	110	349	374	303	180	327	464	236	70	44	461	346	439	363	254	312	426	305	206	71	137	169	200	247	260	20	219	256	253	460	278	|
|281	0	448	170	53	142	338	184	121	290	371	390	222	302	111	289	169	434	230	177	238	441	59	212	319	211	86	235	399	306	53	176	99	202	263	157	361	101	370	201	264	344	364	374	469	184	|
|201	448	0	285	430	325	114	556	361	171	191	64	228	174	546	294	453	306	364	289	388	435	393	254	157	585	491	536	318	254	490	554	436	407	266	292	108	388	186	337	207	181	205	190	408	364	|
|160	170	285	0	169	43	182	280	80	120	208	231	58	132	262	230	190	294	151	24	174	345	112	107	183	309	207	280	268	158	219	276	155	235	187	45	192	150	205	107	140	177	202	210	356	119	|
|249	53	430	169	0	152	317	238	145	282	377	369	212	299	157	242	215	452	261	183	273	474	76	181	290	264	140	287	421	320	63	229	145	148	221	142	352	53	374	226	234	346	370	378	498	215	|
|201	142	325	43	152	0	224	237	37	156	230	273	101	164	224	261	148	300	127	38	147	333	83	142	225	266	167	238	270	168	193	233	112	246	221	70	228	148	228	84	180	202	222	232	351	87	|
|93	338	114	182	317	224	0	460	262	92	180	52	124	112	440	199	364	307	292	191	317	415	284	140	57	490	387	452	304	208	377	457	336	297	163	181	84	274	175	256	95	152	188	180	402	280	|
|431	184	556	280	238	237	460	0	199	385	420	508	337	385	108	464	110	429	219	269	206	378	202	365	460	30	98	84	388	340	204	9	126	386	432	294	453	283	421	226	411	404	408	423	422	198	|
|236	121	361	80	145	37	262	199	0	191	255	310	138	197	191	290	114	312	118	72	133	330	69	175	262	229	132	204	279	186	174	195	75	258	251	102	262	153	254	81	216	230	246	257	353	72	|
|139	290	171	120	282	156	92	385	191	0	116	129	71	27	380	246	283	235	201	119	226	329	231	141	129	414	323	367	224	119	336	383	266	308	202	141	72	252	112	169	127	82	118	117	322	195	|
|252	371	191	208	377	230	180	420	255	116	0	187	178	90	443	361	311	127	204	195	224	246	313	257	232	446	382	380	129	81	423	421	320	422	318	242	100	355	5	195	241	34	15	2	225	224	|
|136	390	64	231	369	273	52	508	310	129	187	0	173	141	491	233	409	313	330	239	355	431	335	191	93	538	438	495	316	233	429	505	385	342	203	233	88	325	182	297	143	167	199	187	412	323	|
|116	222	228	58	212	101	124	337	138	71	178	173	0	91	319	206	244	284	187	69	212	357	165	85	130	367	265	333	264	151	267	333	213	244	161	70	140	181	175	145	97	145	177	180	359	165	|
|166	302	174	132	299	164	112	385	197	27	90	141	91	0	388	273	280	208	191	127	215	305	243	167	153	413	329	361	198	96	351	383	270	333	229	159	68	272	86	163	153	56	92	91	296	190	|
|390	111	546	262	157	224	440	108	191	380	443	491	319	388	0	399	164	480	264	261	261	456	156	320	426	125	62	186	442	369	107	99	125	300	374	260	452	210	443	252	372	420	433	446	494	227	|
|110	289	294	230	242	261	199	464	290	246	361	233	206	273	399	0	402	480	382	254	404	562	262	124	143	493	369	490	466	355	302	457	344	135	45	191	279	189	356	337	120	328	364	362	563	348	|
|349	169	453	190	215	148	364	110	114	283	311	409	244	280	164	402	0	324	110	174	101	292	151	289	372	135	109	90	284	230	212	111	70	354	364	216	348	245	312	118	329	295	298	313	330	90	|
|374	434	306	294	452	300	307	429	312	235	127	313	284	208	480	480	324	0	216	274	223	137	380	368	357	448	419	367	40	136	487	432	358	525	436	336	227	443	132	234	361	156	119	127	102	255	|
|303	230	364	151	261	127	292	219	118	201	204	330	187	191	264	382	110	216	0	128	25	213	185	258	314	243	203	176	178	123	282	221	144	372	338	193	256	270	206	45	283	193	191	206	239	46	|
|180	177	289	24	183	38	191	269	72	119	195	239	69	127	261	254	174	274	128	0	151	321	118	130	198	299	204	263	246	139	228	266	147	258	211	68	191	169	193	83	159	166	188	197	333	98	|
|327	238	388	174	273	147	317	206	133	226	224	355	212	215	261	404	101	223	25	151	0	203	198	281	339	228	202	156	184	143	288	209	146	390	362	215	280	286	226	68	308	215	210	226	235	61	|
|464	441	435	345	474	333	415	378	330	329	246	431	357	305	456	562	292	137	213	321	203	0	398	440	458	390	400	301	117	211	492	384	348	578	517	389	344	480	251	251	448	265	233	246	54	259	|
|236	59	393	112	76	83	284	202	69	231	313	335	165	243	156	262	151	380	185	118	198	398	0	167	270	231	110	233	347	250	110	195	85	203	230	103	303	95	311	150	217	284	305	315	422	139	|
|70	212	254	107	181	142	140	365	175	141	257	191	85	167	320	124	289	368	258	130	281	440	167	0	109	394	277	378	349	236	244	359	239	167	81	73	196	135	253	213	53	223	257	258	444	226	|
|44	319	157	183	290	225	57	460	262	129	232	93	130	153	426	143	372	357	314	198	339	458	270	109	0	490	379	462	351	247	353	456	334	250	110	168	140	243	226	274	56	201	238	232	449	294	|
|461	211	585	309	264	266	490	30	229	414	446	538	367	413	125	493	135	448	243	299	228	390	231	394	490	0	125	89	408	365	226	36	156	412	462	324	481	311	447	253	441	430	433	448	436	225	|
|346	86	491	207	140	167	387	98	132	323	382	438	265	329	62	369	109	419	203	204	202	400	110	277	379	125	0	155	381	307	113	90	63	288	339	211	394	186	382	190	327	359	371	384	436	165	|
|439	235	536	280	287	238	452	84	204	367	380	495	333	361	186	490	90	367	176	263	156	301	233	378	462	89	155	0	326	299	267	92	148	432	454	306	429	325	382	199	419	369	366	382	348	172	|
|363	399	318	268	421	270	304	388	279	224	129	316	264	198	442	466	284	40	178	246	184	117	347	349	351	408	381	326	0	113	452	391	321	502	422	311	229	415	134	199	348	152	118	130	98	219	|
|254	306	254	158	320	168	208	340	186	119	81	233	151	96	369	355	230	136	123	139	143	211	250	236	247	365	307	299	113	0	359	340	244	390	310	200	148	308	83	117	238	74	68	83	208	145	|
|312	53	490	219	63	193	377	204	174	336	423	429	267	351	107	302	212	487	282	228	288	492	110	244	353	226	113	267	452	359	0	195	145	194	283	199	407	115	421	254	296	394	415	425	521	237	|
|426	176	554	276	229	233	457	9	195	383	421	505	333	383	99	457	111	432	221	266	209	384	195	359	456	36	90	92	391	340	195	0	122	378	426	289	451	275	421	226	406	404	408	423	427	197	|
|305	99	436	155	145	112	336	126	75	266	320	385	213	270	125	344	70	358	144	147	146	348	85	239	334	156	63	148	321	244	145	122	0	286	310	168	336	177	320	128	285	298	309	322	381	103	|
|206	202	407	235	148	246	297	386	258	308	422	342	244	333	300	135	354	525	372	258	390	578	203	167	250	412	288	432	502	390	194	378	286	0	144	191	362	109	418	329	202	388	421	423	591	329	|
|71	263	266	187	221	221	163	432	251	202	318	203	161	229	374	45	364	436	338	211	362	517	230	81	110	462	339	454	422	310	283	426	310	144	0	150	239	168	313	294	77	285	321	319	518	306	|
|137	157	292	45	142	70	181	294	102	141	242	233	70	159	260	191	216	336	193	68	215	389	103	73	168	324	211	306	311	200	199	289	168	191	150	0	210	113	239	148	117	210	238	244	400	157	|
|169	361	108	192	352	228	84	453	262	72	100	88	140	68	452	279	348	227	256	191	280	344	303	196	140	481	394	429	229	148	407	451	336	362	239	210	0	318	95	231	164	79	111	100	325	258	|
|200	101	388	150	53	148	274	283	153	252	355	325	181	272	210	189	245	443	270	169	286	480	95	135	243	311	186	325	415	308	115	275	177	109	168	113	318	0	352	230	187	323	351	357	498	225	|
|247	370	186	205	374	228	175	421	254	112	5	182	175	86	443	356	312	132	206	193	226	251	311	253	226	447	382	382	134	83	421	421	320	418	313	239	95	352	0	196	237	30	19	6	230	224	|
|260	201	337	107	226	84	256	226	81	169	195	297	145	163	252	337	118	234	45	83	68	251	150	213	274	253	190	199	199	117	254	226	128	329	294	148	231	230	196	0	240	178	184	198	272	29	|
|20	264	207	140	234	180	95	411	216	127	241	143	97	153	372	120	329	361	283	159	308	448	217	53	56	441	327	419	348	238	296	406	285	202	77	117	164	187	237	240	0	208	245	242	446	257	|
|219	344	181	177	346	202	152	404	230	82	34	167	145	56	420	328	295	156	193	166	215	265	284	223	201	430	359	369	152	74	394	404	298	388	285	210	79	323	30	178	208	0	37	35	250	206	|
|256	364	205	202	370	222	188	408	246	118	15	199	177	92	433	364	298	119	191	188	210	233	305	257	238	433	371	366	118	68	415	408	309	421	321	238	111	351	19	184	245	37	0	17	214	212	|
|253	374	190	210	378	232	180	423	257	117	2	187	180	91	446	362	313	127	206	197	226	246	315	258	232	448	384	382	130	83	425	423	322	423	319	244	100	357	6	198	242	35	17	0	225	226	|
|460	469	408	356	498	351	402	422	353	322	225	412	359	296	494	563	330	102	239	333	235	54	422	444	449	436	436	348	98	208	521	427	381	591	518	400	325	498	230	272	446	250	214	225	0	285	|
|278	184	364	119	215	87	280	198	72	195	224	323	165	190	227	348	90	255	46	98	61	259	139	226	294	225	165	172	219	145	237	197	103	329	306	157	258	225	224	29	257	206	212	226	285	0	|

--------------------------------------------------------------------------------
Building model...
	using lazy and cut (CVRPSEP package)
Solving IRP LP...
--------------------------------------------------------------------------------

Gurobi 9.1.0 (linux64) logging started Sat Jan  9 02:52:35 2021

Gurobi Optimizer version 9.1.0 build v9.1.0rc0 (linux64)
Thread count: 32 physical cores, 32 logical processors, using up to 2 threads
Optimize a model with 1849 rows, 17074 columns and 63265 nonzeros
Model fingerprint: 0x00987f66
Variable types: 859 continuous, 16215 integer (690 binary)
Coefficient statistics:
  Matrix range     [1e+00, 7e+02]
  Objective range  [1e-01, 6e+02]
  Bounds range     [1e+00, 3e+02]
  RHS range        [1e+01, 6e+03]
Presolve removed 184 rows and 46 columns
Presolve time: 0.09s
Presolved: 1665 rows, 17028 columns, 61640 nonzeros
Variable types: 813 continuous, 16215 integer (15540 binary)

Root relaxation: objective 1.323538e+04, 1788 iterations, 0.08 seconds

    Nodes    |    Current Node    |     Objective Bounds      |     Work
 Expl Unexpl |  Obj  Depth IntInf | Incumbent    BestBd   Gap | It/Node Time

     0     0 13235.3799    0  144          - 13235.3799      -     -    0s
     0     0 13566.3825    0  187          - 13566.3825      -     -    0s
     0     0 13567.2764    0  180          - 13567.2764      -     -    0s
     0     0 13567.2881    0  200          - 13567.2881      -     -    0s
     0     0 13791.5516    0  230          - 13791.5516      -     -    1s
     0     0 13898.5768    0  240          - 13898.5768      -     -    1s
     0     0 13899.8209    0  219          - 13899.8209      -     -    1s
     0     0 13899.8209    0  222          - 13899.8209      -     -    1s
     0     0 14048.4103    0  238          - 14048.4103      -     -    1s
     0     0 14085.6875    0  230          - 14085.6875      -     -    1s
     0     0 14086.2821    0  237          - 14086.2821      -     -    2s
     0     0 14086.3027    0  238          - 14086.3027      -     -    2s
     0     0 14144.1111    0  231          - 14144.1111      -     -    2s
     0     0 14155.8712    0  235          - 14155.8712      -     -    3s
     0     0 14155.8712    0  229          - 14155.8712      -     -    3s
     0     0 14211.4053    0  236          - 14211.4053      -     -    3s
     0     0 14217.9882    0  254          - 14217.9882      -     -    3s
     0     0 14218.0149    0  259          - 14218.0149      -     -    3s
     0     0 14286.2833    0  273          - 14286.2833      -     -    4s
     0     0 14314.3206    0  296          - 14314.3206      -     -    4s
     0     0 14317.9817    0  332          - 14317.9817      -     -    4s
     0     0 14319.5276    0  339          - 14319.5276      -     -    4s
     0     0 14319.6917    0  339          - 14319.6917      -     -    4s
     0     0 14361.4650    0  342          - 14361.4650      -     -    5s
     0     0 14371.8244    0  351          - 14371.8244      -     -    5s
     0     0 14374.8258    0  372          - 14374.8258      -     -    6s
     0     0 14378.3204    0  360          - 14378.3204      -     -    6s
     0     0 14381.3217    0  366          - 14381.3217      -     -    6s
     0     0 14466.3884    0  324          - 14466.3884      -     -    7s
     0     0 14477.0054    0  342          - 14477.0054      -     -    7s
     0     0 14477.0169    0  374          - 14477.0169      -     -    7s
     0     0 14520.8768    0  440          - 14520.8768      -     -    8s
     0     0 14526.9092    0  396          - 14526.9092      -     -    8s
     0     0 14527.1203    0  400          - 14527.1203      -     -    8s
     0     0 14535.7509    0  424          - 14535.7509      -     -    9s
     0     0 14535.7509    0  357          - 14535.7509      -     -    9s
     0     2 14543.5352    0  337          - 14543.5352      -     -   11s
    17    20 14574.3234    6  439          - 14543.5352      -   597   15s
    56    59 14616.3858   18  440          - 14543.5352      -   446   20s
    89    92 14689.9368   28  373          - 14543.5352      -   448   25s
   108   110 14837.1631   32  325          - 14543.5352      -   483   30s
   142   148 15517.4049   40  321          - 14543.5352      -   492   36s
   210   220 15813.2711   67  327          - 14543.5352      -   398   40s
   307   327 15904.7936  117  315          - 14543.5352      -   317   45s
   424   428 15473.3998  121  145          - 14543.5352      -   260   50s
   539   575 15915.8369  245  294          - 14543.5352      -   231   56s
   638   697 15935.9344  293  284          - 14543.5352      -   209   60s
   783   866 15984.3764  323  300          - 14543.5352      -   186   65s
   879   961 15987.0667  337  314          - 14543.5352      -   172   70s
  1028  1004 14557.7164    6  583          - 14543.5352      -   161   75s
  1081  1084 16023.6123  421  275          - 14543.5352      -   164   80s
  1167  1171 16073.3568  495  168          - 14543.5352      -   163   85s
  1226  1230 16191.6173  535  188          - 14543.5352      -   165   90s
  1324  1362 16552.8568  602  183          - 14543.5352      -   162   95s
  1433  1477 16702.5217  684  185          - 14543.5352      -   159  101s
  1505  1551 16648.6092  731  196          - 14543.5352      -   157  105s
  1668  1714 16650.2761  847  198          - 14543.5352      -   151  112s
  1742  1814 16650.7938  898  184          - 14543.5352      -   150  116s
  1842  1892 17721.8954  971  167          - 14543.5352      -   147  120s
  1971  1965 16399.5585   71  228          - 14543.5352      -   146  125s
  2077  2161 16665.8430 1114  176          - 14543.5352      -   145  133s
  2200  2268 16666.4151 1185  183          - 14543.5352      -   142  138s
  2307  2390 16667.0788 1251  186          - 14543.5352      -   140  143s
  2430  2514 16667.3723 1317  177          - 14543.5352      -   138  149s
  2554  2514 17545.1997  191  172          - 14543.5352      -   137  152s
  2555  2660 16667.7966 1382  175          - 14543.5352      -   137  155s
  2701  2795 16702.1286 1457  189          - 14543.5352      -   134  161s
  2836  2920 17091.2295 1500  165          - 14543.5352      -   133  167s
  2961  2920 18035.0668  341  113          - 14543.5352      -   132  170s
  2963  3152 17448.2423 1552  137          - 14543.5352      -   132  175s
  3201  3617 18207.7208 1672  121          - 14543.5352      -   128  188s
  3253  3617 18223.9670 1714  134          - 14543.5352      -   127  190s
  3449  3617 18676.8747 1878   97          - 14543.5352      -   121  195s
  3700  3618 16667.8611 1375  357          - 14543.5352      -   118  202s
  3703  3620 16329.8152  544  209          - 14543.5352      -   117  205s
  3715  3628 15331.8298   43  573          - 14566.9910      -   117  210s
  3728  3637 18222.8107 1701  579          - 14591.0351      -   117  215s
  3736  3642 15667.7508   70  560          - 14615.0300      -   116  222s
  3742  3646 16618.4801  339  568          - 14620.6343      -   116  225s
  3750  3651 15037.6564   47  650          - 14621.7174      -   116  231s
  3753  3653 16646.4757  717  662          - 14622.8100      -   116  235s
  3761  3659 17023.6791  132  669          - 14624.7584      -   116  240s
  3764  3661 16651.5195 1016  668          - 14624.7829      -   116  245s
  3769  3664 15813.6359   69  632          - 14625.7223      -   115  251s
  3773  3667 16667.1650 1230  584          - 14626.6415      -   115  255s
  3784  3674 17021.8571  265  556          - 14627.3673      -   115  260s
  3796  3684 16942.1912  131  380          - 14627.3673      -   122  265s
  3810  3693 17582.4442 1573  574          - 14627.6345      -   122  270s
  3814  3696 15383.5628   48  621          - 14627.6560      -   122  278s
  3816  3697 15937.1484  303  615          - 14627.6575      -   122  280s
  3820  3700 16667.1890 1280  611          - 14627.6942      -   122  285s
  3825  3703 16488.5669   89  626          - 14627.7083      -   121  290s
  3826  3704 15241.3920   83  626          - 14635.0205      -   121  308s
  3831  3710 14760.2173   28  473          - 14635.0205      -   126  310s
  3841  3717 14635.0205   31  610          - 14635.0205      -   127  315s
  3851  3723 14713.9288   33  514          - 14640.0306      -   131  320s
  3863  3732 14679.9640   36  604          - 14647.8221      -   133  325s
  3873  3739 14710.9078   39  396          - 14647.8221      -   136  330s
  3903  3762 14722.5355   45  362          - 14647.8221      -   139  335s
  3934  3782 14761.3067   54  378          - 14647.8221      -   141  340s
  3964  3801 14773.0981   61  462          - 14647.8221      -   143  345s
  3991  3819 14797.0277   66  408          - 14647.8221      -   146  350s
  4013  3837 14848.1913   70  435          - 14647.8221      -   149  355s
  4053  3868 14924.3658   78  323          - 14647.8221      -   152  361s
  4074  3885 14984.9969   81  298          - 14647.8221      -   154  365s
  4110  3907 15100.3160   88  311          - 14647.8221      -   156  370s
  4151  3931 15681.3936  120  261          - 14647.8221      -   159  375s
  4205  3973 15277.6446  107  266          - 14647.8221      -   161  382s
  4245  3997 15559.8684  118  255          - 14647.8221      -   164  387s
  4264  4010 15675.0736  123  248          - 14647.8221      -   166  390s
  4319  4044 16487.8676  139  189          - 14647.8221      -   168  396s
  4356  4049 17106.8133  151  164          - 14647.8221      -   169  400s
  4430  4059 17745.0582  177  191          - 14647.8221      -   171  407s
  4468  4060 infeasible  185               - 14657.4294      -   172  411s
  4487  4072 14753.6466   34  452          - 14657.4294      -   174  415s
  4519  4093 14786.3540   39  402          - 14657.4294      -   177  422s
  4537  4104 14851.2751   43  347          - 14657.4294      -   179  425s
  4556  4120 14879.2453   46  416          - 14657.4294      -   181  430s
  4607  4166 14860.9071   55  396          - 14657.4294      -   183  438s
  4642  4213 14878.8415   60  400          - 14657.4294      -   185  443s
  4673  4202 16728.0410  255  165          - 14657.4294      -   185  445s
  4702  4260 14983.9846   65  381          - 14657.4294      -   185  450s
  4769  4298 14972.6095   72  403          - 14657.4294      -   186  457s
  4830  4345 14989.8581   77  455          - 14657.4294      -   186  463s
  4897  4389 15062.1659   86  399          - 14657.4294      -   187  470s
  4963  4426 15116.1153   92  387          - 14657.4294      -   188  477s
  5022  4497 15181.2307   98  385          - 14657.4294      -   189  484s
  5047  4489 18772.1261  403  188          - 14657.4294      -   189  485s
  5113  4562 15230.0071  105  338          - 14657.4294      -   189  492s
  5208  4619 15380.7049  113  322          - 14657.4294      -   189  500s
  5301  4719 15534.9776  120  329          - 14657.4294      -   189  509s
  5341  4706 20314.0273  526  184          - 14657.4294      -   190  510s
  5434  4738 15986.8016  128  204          - 14657.4294      -   189  518s
  5513  4738 16128.0629  136  257          - 14657.4294      -   189  525s
  5537  4756 16096.7404  145  179          - 14657.4294      -   191  531s
  5563  4784 16224.0797  156  229          - 14657.4294      -   193  537s
  5599  4816 16472.9121  168  167          - 14657.4294      -   195  544s
  5643  4850 17101.0609  182  156          - 14657.4294      -   197  551s
  5704  4919 17952.8488  205  132          - 14657.4294      -   199  560s
  5802  4980 18309.6440  247   57          - 14657.4294      -   200  572s
  5922  5152 19288.3254  300   77          - 14657.4294      -   200  581s
  6070  5103 21170.1425  372   11          - 14657.4294      -   197  585s
  6148  5225 20971.9213  403   13          - 14676.8103      -   196  595s
  6322  5199 14952.5088   35  485          - 14676.8103      -   194  606s
  6347  5215 15111.9066   37  421          - 14676.8103      -   196  613s
  6372  5249 15035.2920   38  401          - 14676.8103      -   198  621s
  6414  5285 15124.6536   44  445          - 14676.8103      -   199  630s
  6464  5312 15182.4462   53  378          - 14676.8103      -   200  639s
  6508  5351 15288.8959   59  398          - 14676.8103      -   202  648s
  6561  5415 15433.0421   64  319          - 14676.8103      -   204  658s
  6643  5475 15421.4115   77  345          - 14676.8103      -   205  671s
  6730  5511 15922.0523   83  292          - 14676.8103      -   205  683s
  6795  5562 16236.8900   88  151          - 14676.8103      -   207  695s
  6872  5569 16236.3182   99  204          - 14676.8103      -   210  708s
  6906  5599 16595.5892  104  234          - 14676.8103      -   214  719s
  6947  5585 17694.6615  248  171          - 14676.8103      -   217  720s
  6961  5634 17002.6142  110  148          - 14676.8103      -   217  730s
  7014  5692 16906.1289  119  207          - 14676.8103      -   220  742s
  7100  5782 17159.0769  136  145          - 14676.8103      -   223  756s
  7219  5918 17680.3061  151  102          - 14676.8103      -   225  775s
  7394  5972 18128.7372  196  114          - 14676.8103      -   226  793s
  7509  6058 19537.5347  218   82          - 14676.8103      -   230  810s
  7635  6185 18936.4973  241  114          - 14676.8103      -   233  829s
  7687  6168 19025.0558  252   87          - 14676.8103      -   234  830s
  7814  6221 infeasible  276               - 14677.5129      -   236  849s
  7948  6186 14883.8608   42  483          - 14677.5129      -   237  866s
  7981  6204 14923.1955   46  368          - 14677.5129      -   239  882s
  8010  6235 14961.8109   54  488          - 14677.5129      -   241  899s
  8039  6225 14990.8276   39  574          - 14677.5129      -   241  900s
  8051  6274 15060.8842   77  321          - 14677.5129      -   243  916s
  8104  6313 15157.3270   87  349          - 14677.5129      -   244  935s
  8160  6359 15216.4486  105  380          - 14677.5129      -   246  955s
  8225  6417 15335.2722  120  297          - 14677.5129      -   248  976s
  8305  6475 15491.7496  145  267          - 14677.5129      -   249  997s
  8389  6540 15677.0993  174  189          - 14677.5129      -   251 1019s
  8411  6532 15727.9022  183  263          - 14677.5129      -   251 1020s
  8482  6653 16056.8552  200  170          - 14677.5129      -   252 1044s
  8495  6648 15939.6625  204  201          - 14677.5129      -   252 1057s
  8585  6618 16211.3350  237  170          - 14677.5129      -   252 1060s
  8628  6772 16322.4842  245  219          - 14677.5129      -   254 1084s
  8644  6767 16389.7053  249  207          - 14677.5129      -   254 1085s
  8798  6956 17151.6634  281  148          - 14677.5129      -   254 1125s
  8998  6890 18852.0618  331  105          - 14677.5129      -   253 1130s
  9041  7320 19180.8219  334  107          - 14704.1095      -   254 1164s
  9055  7316 19238.5743  337  101          - 14704.1095      -   254 1165s
  9291  7237 21284.3530  370   41          - 14704.1095      -   251 1170s
  9512  7163 22175.0600  445    7          - 14704.1095      -   246 1175s
  9612  7198 14863.0236   32  545          - 14704.1095      -   246 1196s
  9655  7249 14978.3729   38  442          - 14704.1095      -   248 1218s
  9720  7298 15187.5392   46  368          - 14704.1095      -   250 1241s
  9791  7334 15168.9696   59  459          - 14704.1095      -   252 1263s
  9853  7385 15299.4936   65  419          - 14704.1095      -   254 1286s
  9926  7508 15302.4754   76  495          - 14704.1095      -   257 1312s
 10074  7640 15405.5118   91  421          - 14704.1095      -   257 1340s
 10257  7830 15513.1888  109  375          - 14704.1095      -   257 1375s
 10518  7743 18707.4496  313   67          - 14704.1095      -   256 1380s
 10572  7785 15943.5935  117  201          - 14704.1095      -   256 1407s
 10632  7854 15731.6529  140  305          - 14704.1095      -   257 1432s
 10721  7955 16029.8629  169  229          - 14704.1095      -   259 1459s
 10761  7942 16149.4181  174  178          - 14704.1095      -   259 1460s
 10852  8084 16393.6251  196  130          - 14704.1095      -   260 1488s
 10944  8053 16711.3349  226  127          - 14704.1095      -   261 1490s
 11030  8385 16839.3133  242   98          - 14713.8275      -   262 1520s
 11269  8306 19027.8400  323   24          - 14713.8275      -   259 1525s
 11468  8272 14814.3871   37  645          - 14713.8275      -   257 1553s
 11514  8320 14950.3687   58  527          - 14713.8275      -   259 1578s
 11577  8371 15040.6125   74  342          - 14713.8275      -   260 1603s
 11649  8424 15186.7849   84  386          - 14713.8275      -   262 1629s
 11659  8421 15329.1985   88  383          - 14713.8275      -   262 1630s
 11726  8493 15565.7975  101  380          - 14713.8275      -   264 1657s
 11821  8599 15368.5049  111  352          - 14713.8275      -   265 1702s
 11964  8759 15531.0308  129  273          - 14713.8275      -   266 1734s
 11974  8756 15563.1271  132  238          - 14713.8275      -   267 1735s
 12182  8813 15746.2241  143  211          - 14713.8275      -   267 1770s
 12361  8934 16379.7294  192  155          - 14713.8275      -   268 1804s
 12403  8920 16247.6918  214  147          - 14713.8275      -   267 1805s
 12569  8910 infeasible  272               - 14718.3548      -   267 1835s
 12619  8966 14974.1404   41  488          - 14718.3548      -   269 1864s
 12629  8962 14982.8037   47  452          - 14718.3548      -   269 1865s
 12691  9074 15038.5072   53  483          - 14718.3548      -   270 1986s
 12815  9032 16492.2483  129  117          - 14718.3548      -   271 1990s
 12823  9459 15316.2993   69  316          - 14718.3548      -   271 2037s
 13048  9384 16768.1086  210   32          - 14718.3548      -   270 2042s
 13190  9336 17083.0770  263   26          - 14718.3548      -   268 2045s
 13263  9519 15337.6279   91  142          - 14718.3548      -   267 2084s
 13273  9516 15410.3305   96  130          - 14718.3548      -   267 2085s
 13550  9613 15595.0931  120  121          - 14718.3548      -   265 2122s
 13660  9577 16041.7352  170  107          - 14718.3548      -   264 2125s
 13711  9737 16101.4107  178   48          - 14719.9814      -   265 2160s
 13931  9758 15453.3157   48  371          - 14719.9814      -   265 2193s
 14022  9888 15355.9356   80  340          - 14719.9814      -   266 2228s
 14085  9867 15549.9350  109  210          - 14719.9814      -   267 2230s
 14182 10070 15598.1656  114  193          - 14719.9814      -   267 2265s
 14419 10367 16321.7331  156  199          - 14719.9814      -   267 2305s
 14776 10248 17166.4648  277   91          - 14719.9814      -   265 2313s
 14797 10625 17484.0319  192  146          - 14720.1714      -   265 2347s
 14923 10583 19209.2096  226  134          - 14720.1714      -   264 2350s
 15231 10578 18720.4000  362    6          - 14722.3331      -   262 2355s
 15310 10630 14979.3120   31  506          - 14722.3331      -   261 2385s
 15358 10731 15275.0776   46  450          - 14722.3331      -   263 2414s
 15459 10892 15494.5167   60  257          - 14722.3331      -   264 2446s
 15620 11089 15523.8957   73  373          - 14722.3331      -   265 2484s
 15658 11089 15752.9306  160  197          - 14722.3331      -   265 2485s
 15821 11391 15698.8372   92  309          - 14722.3331      -   265 2523s
 15851 11391 15830.0848  105  310          - 14722.3331      -   265 2525s
 16137 11391 18623.1118  312   52          - 14722.3331      -   263 2530s
 16201 11561 16110.3985  112  241          - 14722.3331      -   263 2563s
 16261 11561 16148.1617  139  188          - 14722.3331      -   263 2565s
 16375 11975 16923.7610  163  132          - 14722.3331      -   263 2611s
 16505 11975 17247.8296  206  105          - 14722.3331      -   262 2615s
 16793 12623 19209.8090  276   76          - 14723.0111      -   260 2659s
 16803 12623 18238.8660  277   67          - 14723.0111      -   260 2660s
 17044 12623 19336.1800  378   14          - 14723.0111      -   257 2665s
 17289 12633 20470.5300  485    2          - 14723.0111      -   254 2670s
 17535 12815 15485.1961   51  401          - 14723.0111      -   253 2701s
 17720 13120 15875.6750   74  274          - 14723.0111      -   253 2735s
 18048 13120 19714.7001  230   94          - 14723.0111      -   253 2741s
 18057 13352 16187.1315  100  156          - 14723.0111      -   253 2771s
 18236 13352 20782.7693  247   85          - 14723.0111      -   252 2775s
 18376 13707 16691.9638  139   77          - 14723.0111      -   251 2890s
 18666 13712 17215.6500  296    5          - 14723.0111      -   249 2895s
 18741 14143 17644.2552  182   36          - 14723.0898      -   249 2931s
 18951 14147 18379.6947  406   22          - 14723.0898      -   247 2935s
 19286 14266 15266.7409   49  452          - 14723.0898      -   245 2965s
 19369 14379 infeasible   65               - 14724.6807      -   247 2992s
 19492 14557 15520.3112   52  354          - 14724.6807      -   248 3022s
 19720 14697 15734.7278   76  249          - 14724.6807      -   249 3052s
 19922 14919 16051.2371  101  149          - 14724.6807      -   249 3083s
