




arguments: ./build/mirp_solver -f ./input/orig_exec_73.cfg
Current dir: /scratch/gui/bnc_mirp
File verbosity level: 9
date       time         ( uptime  ) [ thread name/id ]                   file:line     v| 
2021-01-09 08:09:30.203 (   0.150s) [main thread     ]             loguru.cpp:789   INFO| Logging to './output/vi_cos/OU/V5/Original/execution_09_01_2021_08_09_30.log', mode: 'a', verbosity: 9
--------------------------------------------------------------------------------
Parameters
                           instance_path           ./input/Instances/Original/2/
                            model_policy                                       1
                             nb_vehicles                                       5
                              output_dir         ./output/vi_cos/OU/V5/Original/
                            sec_strategy                                       1
                       solver_nb_threads                                       2
                         solver_show_log                                    true
                       solver_time_limit                                    3600
                              use_vi_cos                                    true
                              use_vi_cus                                   false
                         use_vi_hc1_full                                   false
                         use_vi_hc1_half                                   false
                      use_vi_hc1_quarter                                   false
                              use_vi_hc2                                   false
                              use_vi_hc3                                   false
                         use_vi_lex_full                                   false
                         use_vi_lex_half                                   false
                      use_vi_lex_quarter                                   false
                              use_vi_qua                                   false
                               use_vi_vc                                   false
                               use_vi_vr                                   false
--------------------------------------------------------------------------------
executing instance: ./input/Instances/Original/2/absH3high_3n40.dat
--------------------------------------------------------------------------------
Instance details
n	41
H	3
C	3283
Li:
[0, 0, 0, 0, 0, 0, 0, 0, 0, 0, 0, 0, 0, 0, 0, 0, 0, 0, 0, 0, 0, 0, 0, 0, 0, 0, 0, 0, 0, 0, 0, 0, 0, 0, 0, 0, 0, 0, 0, 0, 0, ]
Ui:
[0, 63, 111, 99, 96, 111, 282, 122, 156, 261, 42, 192, 126, 42, 162, 207, 159, 122, 102, 190, 118, 102, 132, 102, 165, 252, 66, 52, 22, 114, 210, 176, 116, 294, 78, 152, 210, 45, 130, 198, 174, ]
Distance matrix:
|0	208	225	252	227	143	258	127	267	150	28	83	163	286	57	149	201	137	214	255	70	73	107	186	328	266	249	343	222	177	293	144	262	215	167	120	169	218	143	173	255	|
|208	0	397	355	416	198	216	99	211	275	193	172	97	166	240	225	362	109	277	314	182	216	273	374	298	208	319	161	14	103	93	120	58	196	152	156	372	227	260	218	453	|
|225	397	0	427	53	364	482	343	492	129	253	225	382	386	171	188	39	291	187	195	295	182	282	55	326	491	180	551	408	315	457	366	455	275	392	244	221	439	341	214	101	|
|252	355	427	0	401	158	201	263	219	396	234	328	259	498	299	400	420	354	465	506	205	324	152	374	574	219	499	393	366	389	446	235	378	456	205	359	224	150	111	423	400	|
|227	416	53	401	0	357	477	352	489	165	253	245	389	424	179	223	85	315	234	245	293	200	264	42	375	488	231	565	428	344	484	370	474	314	392	270	184	430	325	252	50	|
|143	198	364	158	357	0	121	105	134	290	116	196	103	342	200	276	343	205	343	385	74	210	112	319	432	133	382	265	209	237	290	78	226	313	57	220	232	75	69	292	375	|
|258	216	482	201	477	121	0	168	18	397	230	293	135	381	314	372	459	275	437	480	188	317	228	439	501	18	479	197	222	296	290	132	212	386	95	306	347	58	173	381	496	|
|127	99	343	263	352	105	168	0	171	239	105	130	40	237	173	206	313	109	270	312	84	164	175	310	337	169	313	216	112	135	192	37	142	220	77	138	280	155	162	213	382	|
|267	211	492	219	489	134	18	171	0	404	240	298	136	376	323	376	468	276	441	483	198	324	243	450	500	2	483	181	215	294	281	136	202	386	102	309	363	75	189	384	509	|
|150	275	129	396	165	290	397	239	404	0	175	110	279	259	97	59	91	166	84	116	217	80	245	130	226	402	106	434	286	187	329	269	333	149	302	119	244	364	291	87	213	|
|28	193	253	234	253	116	230	105	240	175	0	94	139	286	84	167	229	136	234	275	43	96	98	212	341	238	271	320	206	175	281	118	244	225	140	128	180	191	124	189	280	|
|83	172	225	328	245	196	293	130	298	110	94	0	169	209	77	80	191	71	147	189	127	45	189	203	247	296	187	327	184	106	241	162	230	132	198	38	242	266	217	96	285	|
|163	97	382	259	389	103	135	40	136	279	139	169	0	253	212	244	353	141	307	349	110	203	194	347	366	133	350	183	107	161	187	27	124	251	56	175	306	133	169	249	418	|
|286	166	386	498	424	342	381	237	376	259	286	209	253	0	284	201	347	151	210	230	299	247	383	387	155	374	242	290	162	112	129	270	192	113	308	172	451	386	391	172	471	|
|57	240	171	299	179	200	314	173	323	97	84	77	212	284	0	112	145	147	170	208	127	38	148	137	299	321	201	386	253	183	315	195	297	195	222	112	171	275	195	142	214	|
|149	225	188	400	223	276	372	206	376	59	167	80	244	201	112	0	149	117	67	110	205	78	254	186	187	374	108	387	235	132	272	240	283	93	277	71	279	346	291	32	270	|
|201	362	39	420	85	343	459	313	468	91	229	191	353	347	145	149	0	254	149	160	272	150	271	66	290	466	146	518	373	278	419	339	420	235	367	207	227	418	327	175	135	|
|137	109	291	354	315	205	275	109	276	166	136	71	141	151	147	117	254	0	172	212	151	116	232	273	229	274	215	270	119	39	170	145	167	111	186	47	305	263	245	113	356	|
|214	277	187	465	234	343	437	270	441	84	234	147	307	210	170	67	149	172	0	42	272	141	317	205	144	439	43	437	284	175	307	305	331	99	343	132	327	413	357	60	283	|
|255	314	195	506	245	385	480	312	483	116	275	189	349	230	208	110	160	212	42	0	314	182	356	222	132	481	15	474	321	212	337	347	367	126	385	174	358	455	398	100	295	|
|70	182	295	205	293	74	188	84	198	217	43	127	110	299	127	205	272	151	272	314	0	137	91	253	370	196	310	292	195	188	274	85	226	252	99	155	197	148	94	223	316	|
|73	216	182	324	200	210	317	164	324	80	96	45	203	247	38	78	150	116	141	182	137	0	176	158	263	323	176	369	229	150	286	191	274	157	223	77	208	284	216	106	239	|
|107	273	282	152	264	112	228	175	243	245	98	189	194	383	148	254	271	232	317	356	91	176	0	231	435	242	349	371	286	271	365	167	315	321	164	224	120	174	61	280	274	|
|186	374	55	374	42	319	439	310	450	130	212	203	347	387	137	186	66	273	205	222	253	158	231	0	348	448	208	523	386	303	442	329	431	279	352	229	167	392	291	217	85	|
|328	298	326	574	375	432	501	337	500	226	341	247	366	155	299	187	290	229	144	132	370	263	435	348	0	498	147	441	299	206	283	374	338	119	414	215	465	492	463	157	425	|
|266	208	491	219	488	133	18	169	2	402	238	296	133	374	321	374	466	274	439	481	196	323	242	448	498	0	481	180	213	292	278	134	200	384	100	307	362	75	188	381	508	|
|249	319	180	499	231	382	479	313	483	106	271	187	350	242	201	108	146	215	43	15	310	176	349	208	147	481	0	480	326	217	346	347	373	135	385	175	347	454	392	103	280	|
|343	161	551	393	565	265	197	216	181	434	320	327	183	290	386	387	518	270	437	474	292	369	371	523	441	180	480	0	153	263	163	207	107	352	208	317	487	244	334	379	598	|
|222	14	408	366	428	209	222	112	215	286	206	184	107	162	253	235	373	119	284	321	195	229	286	386	299	213	326	153	0	109	81	132	48	201	162	167	386	236	272	226	466	|
|177	103	315	389	344	237	296	135	294	187	175	106	161	112	183	132	278	39	175	212	188	150	271	303	206	292	217	263	109	0	142	171	156	95	211	74	344	289	281	118	386	|
|293	93	457	446	484	290	290	192	281	329	281	241	187	129	315	272	419	170	307	337	274	286	365	442	283	278	346	163	81	142	0	212	79	211	241	214	461	311	353	254	525	|
|144	120	366	235	370	78	132	37	136	269	118	162	27	270	195	240	339	145	305	347	85	191	167	329	374	134	347	207	132	171	212	0	151	257	40	174	280	119	142	248	398	|
|262	58	455	378	474	226	212	142	202	333	244	230	124	192	297	283	420	167	331	367	226	274	315	431	338	200	373	107	48	156	79	151	0	245	173	214	421	237	293	273	510	|
|215	196	275	456	314	313	386	220	386	149	225	132	251	113	195	93	235	111	99	126	252	157	321	279	119	384	135	352	201	95	211	257	245	0	297	97	365	374	345	62	362	|
|167	152	392	205	392	57	95	77	102	302	140	198	56	308	222	277	367	186	343	385	99	223	164	352	414	100	385	208	162	211	241	40	173	297	0	213	283	79	126	287	415	|
|120	156	244	359	270	220	306	138	309	119	128	38	175	172	112	71	207	47	132	174	155	77	224	229	215	307	175	317	167	74	214	174	214	97	213	0	280	286	248	75	313	|
|169	372	221	224	184	232	347	280	363	244	180	242	306	451	171	279	227	305	327	358	197	208	120	167	465	362	347	487	386	344	461	280	421	365	283	280	0	291	175	310	176	|
|218	227	439	150	430	75	58	155	75	364	191	266	133	386	275	346	418	263	413	455	148	284	174	392	492	75	454	244	236	289	311	119	237	374	79	286	291	0	116	359	445	|
|143	260	341	111	325	69	173	162	189	291	124	217	169	391	195	291	327	245	357	398	94	216	61	291	463	188	392	334	272	281	353	142	293	345	126	248	175	116	0	313	335	|
|173	218	214	423	252	292	381	213	384	87	189	96	249	172	142	32	175	113	60	100	223	106	280	217	157	381	103	379	226	118	254	248	273	62	287	75	310	359	313	0	300	|
|255	453	101	400	50	375	496	382	509	213	280	285	418	471	214	270	135	356	283	295	316	239	274	85	425	508	280	598	466	386	525	398	510	362	415	313	176	445	335	300	0	|

--------------------------------------------------------------------------------
Building model...
	using lazy and cut (CVRPSEP package)
Solving IRP LP...
--------------------------------------------------------------------------------

Gurobi 9.1.0 (linux64) logging started Sat Jan  9 08:09:30 2021

Gurobi Optimizer version 9.1.0 build v9.1.0rc0 (linux64)
Thread count: 32 physical cores, 32 logical processors, using up to 2 threads
Optimize a model with 1649 rows, 13679 columns and 50840 nonzeros
Model fingerprint: 0x3b79c9c5
Variable types: 764 continuous, 12915 integer (615 binary)
Coefficient statistics:
  Matrix range     [1e+00, 7e+02]
  Objective range  [1e-01, 6e+02]
  Bounds range     [1e+00, 3e+02]
  RHS range        [1e+01, 6e+03]
Presolve removed 164 rows and 41 columns
Presolve time: 0.09s
Presolved: 1485 rows, 13638 columns, 49395 nonzeros
Variable types: 723 continuous, 12915 integer (12315 binary)

Root relaxation: objective 1.243440e+04, 1576 iterations, 0.05 seconds

    Nodes    |    Current Node    |     Objective Bounds      |     Work
 Expl Unexpl |  Obj  Depth IntInf | Incumbent    BestBd   Gap | It/Node Time

     0     0 12434.4040    0  158          - 12434.4040      -     -    0s
     0     0 12795.6235    0  207          - 12795.6235      -     -    0s
     0     0 12850.0613    0  206          - 12850.0613      -     -    0s
     0     0 12851.2833    0  207          - 12851.2833      -     -    0s
     0     0 12851.3131    0  205          - 12851.3131      -     -    0s
     0     0 13304.2223    0  234          - 13304.2223      -     -    1s
     0     0 13455.4104    0  264          - 13455.4104      -     -    1s
     0     0 13455.7471    0  274          - 13455.7471      -     -    1s
     0     0 13642.8586    0  252          - 13642.8586      -     -    2s
     0     0 13653.0950    0  265          - 13653.0950      -     -    2s
     0     0 13653.3574    0  269          - 13653.3574      -     -    2s
     0     0 13716.2452    0  254          - 13716.2452      -     -    2s
     0     0 13725.7402    0  258          - 13725.7402      -     -    3s
     0     0 13728.4438    0  321          - 13728.4438      -     -    3s
     0     0 13729.4731    0  315          - 13729.4731      -     -    3s
     0     0 13803.7484    0  302          - 13803.7484      -     -    3s
     0     0 13811.5423    0  300          - 13811.5423      -     -    4s
     0     0 13825.1263    0  274          - 13825.1263      -     -    4s
     0     0 13825.6425    0  297          - 13825.6425      -     -    4s
     0     0 13879.9163    0  355          - 13879.9163      -     -    5s
     0     0 13894.4443    0  323          - 13894.4443      -     -    6s
     0     0 13896.2445    0  346          - 13896.2445      -     -    6s
     0     0 13901.4444    0  365          - 13901.4444      -     -    6s
     0     0 13917.2550    0  351          - 13917.2550      -     -    6s
     0     0 13921.2494    0  355          - 13921.2494      -     -    6s
     0     0 13928.2926    0  410          - 13928.2926      -     -    6s
     0     0 13928.3310    0  396          - 13928.3310      -     -    7s
     0     0 13943.0936    0  480          - 13943.0936      -     -    7s
     0     0 13949.6875    0  434          - 13949.6875      -     -    8s
     0     0 13950.9348    0  478          - 13950.9348      -     -    8s
     0     0 13956.1716    0  465          - 13956.1716      -     -    9s
     0     0 13964.3293    0  423          - 13964.3293      -     -    9s
     0     2 13964.3293    0  384          - 13964.3293      -     -   12s
    15    18 14003.3737    6  483          - 13969.6075      -   810   15s
    36    40 14135.7709   15  358          - 13969.6075      -   799   20s
    68    78 14216.0788   24  297          - 13969.6075      -   702   25s
   139   149 14295.2641   37  341          - 13969.6075      -   454   30s
   187   192 infeasible   47               - 13969.6075      -   433   35s
   242   252 14762.8670   62  219          - 13969.6075      -   409   40s
   294   311 14995.3059   80  113          - 13969.6075      -   390   45s
   360   384 16164.9762  106  125          - 13969.6075      -   367   50s
   441   467 16984.6012  145   86          - 13969.6075      -   351   55s
   542   604 17712.8578  202  106          - 13969.6075      -   341   61s
   643   638 14034.7492    4  487          - 13971.6862      -   318   65s
   692   703 14129.3919    7  484          - 13971.6862      -   316   70s
   754   772 14281.1050   12  372          - 13971.6862      -   314   76s
   848   916 14403.4479   21  291          - 13971.6862      -   298   81s
   996   986 14528.9931   38  254          - 13971.6862      -   273   88s
  1023  1009 14627.8451   43  286          - 13971.6862      -   277   90s
  1052  1013 16878.0300  223  303          - 13971.6862      -   277   95s
  1062  1020 16984.6012  148  553          - 14002.3585      -   274  100s
  1073  1027 17504.1822  375  594          - 14027.2492      -   272  106s
  1086  1036 17940.0921  395  575          - 14030.9311      -   268  110s
  1095  1042 15925.8104  177  613          - 14041.2053      -   266  115s
  1109  1051 17860.8382  426  680          - 14056.0131      -   263  120s
  1121  1059 16984.6012  156  633          - 14064.2504      -   260  125s
  1131  1066 14546.5390   59  712          - 14067.1410      -   258  131s
  1139  1071 18104.5703  424  706          - 14068.1152      -   256  135s
  1148  1077 16715.5979  266  699          - 14068.3682      -   254  140s
  1161  1087 14540.3690   44  530          - 14068.3682      -   282  145s
  1172  1095 17805.8968  377  721          - 14068.8360      -   279  150s
  1179  1099 17984.1052  209  758          - 14069.3779      -   277  155s
  1186  1104 17940.0921  395  744          - 14069.7816      -   276  160s
  1189  1106 16624.4184  143  753          - 14071.3659      -   275  167s
  1194  1112 14135.6788   20  435          - 14071.4384      -   288  170s
  1210  1123 14092.4825   24  416          - 14075.4166      -   299  175s
  1228  1137 14102.8501   28  415          - 14080.8413      -   306  180s
  1252  1153 14130.1464   34  415          - 14080.8413      -   314  185s
  1272  1167 14155.9212   39  344          - 14080.8413      -   322  190s
  1300  1188 14200.5480   47  355          - 14080.8413      -   330  195s
  1332  1212 14220.5729   57  366          - 14080.8413      -   334  201s
  1358  1228 14318.5453   65  381          - 14080.8413      -   338  205s
  1386  1254 14346.3600   75  410          - 14080.8413      -   344  210s
  1434  1289 14398.5447   91  360          - 14080.8413      -   344  216s
  1468  1309 14461.0736  102  312          - 14080.8413      -   344  220s
  1507  1344 14748.3895  114  313          - 14080.8413      -   345  225s
  1554  1368 14658.1761  130  282          - 14080.8413      -   345  230s
  1595  1401 14870.1408  142  283          - 14080.8413      -   345  235s
  1644  1440 14997.9588  159  281          - 14080.8413      -   345  241s
  1707  1485 15129.1037  179  276          - 14080.8413      -   344  247s
  1740  1508 15188.9754  190  286          - 14080.8413      -   343  251s
  1802  1557 15335.2635  210  256          - 14080.8413      -   343  258s
  1843  1577 15464.6843  225  261          - 14080.8413      -   342  262s
  1877  1619 15623.5615  238  198          - 14080.8413      -   341  266s
  1932  1644 15930.5022  256  146          - 14080.8413      -   339  270s
  1976  1690 16063.6222  271  200          - 14080.8413      -   338  275s
  2058  1719 16422.7008  302  137          - 14080.8413      -   332  280s
  2095  1808 infeasible  314               - 14080.8413      -   332  285s
  2200  1873 infeasible  356               - 14080.8413      -   323  291s
  2318  1954 16990.5519  395   99          - 14080.8413      -   314  297s
  2456  1947 18117.0352  451   57          - 14081.0391      -   304  303s
  2503  1970 14217.8606   23  472          - 14081.0391      -   304  307s
  2542  2002 14254.9452   25  352          - 14081.0391      -   304  312s
  2587  2032 14258.4012   28  453          - 14081.0391      -   303  317s
  2632  2069 14262.2653   32  443          - 14081.0391      -   303  321s
  2690  2114 14345.0205   41  342          - 14081.0391      -   303  327s
  2764  2147 14414.4530   49  342          - 14081.0391      -   301  332s
  2846  2166 14480.4567   57  324          - 14081.0391      -   299  339s
  2958  2152 14519.7902   68  317          - 14081.0391      -   296  345s
  2982  2172 14551.6796   75  378          - 14081.0391      -   296  351s
  3010  2215 14746.2482   84  299          - 14081.0391      -   297  356s
  3062  2243 14879.7535  102  292          - 14081.0391      -   297  363s
  3107  2288 15121.9510  118  287          - 14081.0391      -   298  369s
  3167  2351 15255.1841  133  235          - 14081.0391      -   297  376s
  3250  2432 15416.2488  156  140          - 14081.0391      -   296  384s
  3311  2412 16023.7764  186   70          - 14081.0391      -   293  385s
  3363  2498 16552.1611  199   65          - 14081.0391      -   294  392s
  3467  2566 17218.2445  231   66          - 14089.6188      -   293  402s
  3644  2565 14333.1089   23  455          - 14089.6188      -   288  411s
  3704  2598 14426.3992   27  448          - 14089.6188      -   288  418s
  3757  2635 14445.8562   31  263          - 14089.6188      -   290  426s
  3818  2681 14476.2186   34  342          - 14089.6188      -   292  435s
  3942  2665 14543.7583   39  319          - 14089.6188      -   290  445s
  3968  2688 14614.4333   44  248          - 14089.6188      -   291  454s
  3999  2712 14715.7259   51  371          - 14089.6188      -   293  462s
  4034  2753 14859.5408   56  289          - 14089.6188      -   295  470s
  4086  2806 15024.1836   67  250          - 14089.6188      -   295  480s
  4157  2862 15263.3055   81  185          - 14089.6188      -   295  491s
  4236  2967 15390.8453   91  123          - 14089.6188      -   294  502s
  4368  3127 15616.8408  104  191          - 14089.6188      -   291  515s
  4594  3240 infeasible  126               - 14089.8341      -   284  530s
  4823  3258 14512.2313   38  431          - 14089.8341      -   277  544s
  4855  3280 14545.3552   39  406          - 14089.8341      -   279  555s
  4877  3311 14559.7342   38  346          - 14089.8341      -   281  566s
  4908  3345 14589.5470   41  372          - 14089.8341      -   283  582s
  4942  3388 14595.4425   42  340          - 14089.8341      -   285  595s
  4985  3420 14661.7995   47  428          - 14089.8341      -   286  606s
  5017  3463 14670.5920   49  369          - 14089.8341      -   288  618s
  5060  3599 14690.2695   50  366          - 14089.8341      -   289  633s
  5175  3599 15293.6464  103   87          - 14089.8341      -   287  635s
  5196  3826 14766.0537   51  281          - 14089.8341      -   287  651s
  5442  3998 14822.3764   56  394          - 14089.8341      -   280  671s
  5617  3998 17826.5500  272   12          - 14089.8341      -   275  675s
  5667  4057 14849.7832   60  219          - 14089.8341      -   275  691s
  5720  4137 14952.4402   70  199          - 14089.8341      -   276  708s
  5800  4212 15218.7964   83  176          - 14089.8341      -   277  725s
  5875  4297 15154.7992   92   98          - 14089.8341      -   278  743s
  5962  4494 15395.9259  111   70          - 14089.8341      -   278  765s
  6161  4752 16589.5325  156   38          - 14089.8341      -   274  788s
  6237  4752 16517.9619  177   18          - 14089.8341      -   272  790s
  6438  4949 17816.4700  211   17          - 14097.3557      -   270  814s
  6485  4949 18111.6133  232   16          - 14097.3557      -   268  815s
  6684  5021 14518.0652   34  528          - 14097.3557      -   265  833s
  6750  5142 14794.0269   36  487          - 14097.3557      -   266  851s
  6871  5295 14768.5763   42  282          - 14097.3557      -   266  872s
  7010  5295 17042.3480  190  114          - 14097.3557      -   264  875s
  7024  5618 14946.4815   50  317          - 14097.3557      -   264  895s
  7287  5618 18756.7300  313   10          - 14097.3557      -   258  900s
  7398  5683 15105.6913   57  259          - 14097.3557      -   255  917s
  7447  5773 15546.6193   74  212          - 14097.3557      -   257  936s
  7537  6016 16052.8417  104   89          - 14097.3557      -   258  959s
  7556  6016 16034.8657  108   72          - 14097.3557      -   258  960s
  7782  6304 18252.7925  168   44          - 14113.9501      -   256  986s
  8036  6307 17896.8028  301    4          - 14113.9501      -   250  990s
  8118  6360 14246.7429   32  587          - 14113.9501      -   250 1007s
  8165  6432 14700.9684   40  419          - 14113.9501      -   252 1024s
  8237  6537 14816.8518   51  423          - 14113.9501      -   253 1043s
  8344  6751 14954.0316   65  280          - 14113.9501      -   253 1065s
  8589  6865 15376.3259   80  178          - 14113.9501      -   251 1087s
  8741  6954 15788.5214  110  116          - 14113.9501      -   250 1109s
  8815  6954 16491.4955  124  118          - 14113.9501      -   249 1110s
  8898  6985 17092.4782  144   64          - 14114.4796      -   249 1128s
  8969  7012 14612.0856   28  455          - 14114.4796      -   250 1148s
  8996  7065 14825.7750   34  413          - 14114.4796      -   251 1167s
  9049  7150 14923.1481   40  343          - 14114.4796      -   252 1189s
  9118  7150 15524.6051   91  133          - 14114.4796      -   253 1190s
  9134  7282 15097.9035   54  247          - 14114.4796      -   253 1211s
  9276  7809 15320.9246   73  152          - 14114.4796      -   253 1242s
  9491  7809 16289.5500  182    8          - 14114.4796      -   251 1245s
  9876  8097 15881.8240  112   49          - 14114.4796      -   242 1275s
 10147  8169 18668.0200  219   24          - 14115.0456      -   240 1297s
 10259  8210 14806.4241   40  364          - 14115.0456      -   240 1316s
 10297  8282 14994.3680   48  343          - 14115.0456      -   241 1336s
 10369  8459 15236.1288   62  168          - 14115.0456      -   242 1359s
 10426  8459 15445.7210   86   31          - 14115.0456      -   242 1360s
 10552  8908 15517.7095   95   43          - 14116.3660      -   242 1394s
 10590  8908 15823.8925  118   38          - 14116.3660      -   242 1395s
 11039  8932 18936.3300  184   30          - 14116.6493      -   236 1400s
 11164  8957 14450.0542   28  511          - 14116.6493      -   235 1420s
 11189  9046 15192.4549   41  351          - 14116.6493      -   236 1440s
 11278  9564 15406.2422   60  186          - 14116.6493      -   237 1476s
 11538  9564 15786.3537  135   13          - 14116.6493      -   234 1480s
 11878  9776 15664.2393  104  113          - 14118.2259      -   229 1510s
 12099  9848 14574.5594   23  515          - 14118.2259      -   228 1533s
 12171 10211 15380.1391   35  392          - 14118.2259      -   228 1563s
 12330 10214 15792.5108   96   76          - 14118.2259      -   227 1565s
 12619 10425 16114.7687   75   45          - 14118.2259      -   224 1662s
 12804 10579 16578.9900  128   10          - 14118.7855      -   222 1685s
 12999 10699 15008.0237   36  370          - 14118.7855      -   221 1708s
 13098 10699 16092.5531   92   88          - 14118.7855      -   222 1710s
 13107 11276 15327.9608   64  124          - 14118.7855      -   222 1741s
 13397 11276 16541.1400  202   18          - 14118.7855      -   219 1745s
 13718 11424 16672.0437  329   14          - 14119.6555      -   216 1771s
 13981 11486 14862.2987   45  325          - 14119.8507      -   214 1793s
 14018 11539 15052.1345   51  279          - 14119.8507      -   215 1813s
 14071 11681 15216.0711   61  260          - 14119.8507      -   216 1836s
 14213 12226 15478.0948   78  143          - 14119.8507      -   217 1866s
 14510 12226 16175.4100  212   16          - 14119.8507      -   214 1870s
 14827 12529 16183.4369  126   68          - 14123.1725      -   211 1902s
 15045 12531 17545.6600  220    9          - 14123.1725      -   210 1905s
 15166 12595 14574.4287   30  510          - 14123.1725      -   209 1925s
 15222 12739 15420.8001   50  302          - 14123.1725      -   210 1946s
 15368 13275 15559.9418   75  157          - 14124.2664      -   210 1976s
 15740 13279 15576.2853  100   42          - 14125.6302      -   207 1980s
 16048 13334 14440.3368   29  477          - 14125.6302      -   205 2000s
 16080 13379 15144.2910   48  279          - 14125.6302      -   206 2017s
 16125 13460 15514.0331   60  256          - 14125.6302      -   207 2036s
 16212 13679 15820.0351   84  107          - 14125.6488      -   208 2060s
 16517 14071 14300.1945   32  506          - 14125.6488      -   207 2091s
 16822 14071 17413.9100  237   16          - 14125.6488      -   205 2095s
 16951 14106 15003.5793   45  323          - 14125.6488      -   204 2113s
 16986 14181 15691.5671   55  318          - 14125.6488      -   205 2131s
 17065 14298 16239.0604   74  201          - 14125.6488      -   205 2151s
 17190 14538 16705.6458   96  142          - 14131.5556      -   206 2179s
 17209 14538 16581.9107  103  118          - 14131.5556      -   205 2180s
 17461 14697 14409.9140   32  501          - 14131.5556      -   205 2207s
 17620 15148 15297.4159   54  274          - 14131.5556      -   205 2240s
 17955 15153 16525.6198  270   10          - 14131.5556      -   203 2245s
 18169 15242 15708.0124   73  185          - 14131.5556      -   201 2265s
 18227 15374 15862.3443   91   78          - 14131.9472      -   202 2292s
 18409 15433 14550.4678   28  523          - 14131.9472      -   202 2312s
 18448 15562 15388.2588   43  318          - 14131.9472      -   203 2332s
 18579 16099 15845.0887   75   41          - 14134.8933      -   203 2365s
 19216 16432 14415.9685   22  591          - 14134.8933      -   199 2393s
 19324 16441 18271.1953  214   13          - 14134.8933      -   199 2395s
 19597 16507 14933.4995   35  383          - 14134.8933      -   197 2415s
 19637 16583 15221.5361   49  281          - 14134.8933      -   198 2433s
 19713 16896 15581.8827   67  175          - 14134.8933      -   198 2458s
 19810 16899 15977.6905  110   73          - 14134.8933      -   198 2460s
 20078 17088 16205.5159   98   40          - 14135.5232      -   197 2484s
 20155 17102 16854.3674  234   10          - 14135.5232      -   197 2485s
 20308 17241 14741.9548   37  419          - 14135.5232      -   197 2511s
 20470 17294 15526.8762   57  325          - 14135.5232      -   197 2530s
 20518 17401 15818.7681   68  165          - 14135.5232      -   197 2551s
 20627 17925 15996.2653   95   66          - 14135.5232      -   198 2579s
 20646 17925 16065.2526   99  106          - 14135.5232      -   198 2580s
 21209 18184 17677.9717  278    4          - 14137.8636      -   195 2611s
 21628 18255 14492.6245   31  625          - 14138.4146      -   193 2635s
 21647 18303 15051.1804   42  369          - 14138.4146      -   193 2653s
 21699 18379 15524.5150   53  230          - 14138.4146      -   194 2672s
 21775 18513 15558.0750   70   96          - 14138.4146      -   195 2694s
 21851 18513 16023.0247  103   92          - 14138.4146      -   195 2695s
 21909 18845 16014.0591  103  114          - 14138.4146      -   195 2721s
 22197 18850 17128.5300  244    4          - 14138.4146      -   194 2725s
 22263 18994 19286.4913  202   47          - 14141.6968      -   194 2749s
 22433 19104 14693.9494   29  479          - 14141.6968      -   194 2773s
 22565 19169 15546.0380   50  267          - 14141.6968      -   194 2799s
 22585 19169 15874.6272   58  144          - 14141.6968      -   194 2800s
 22632 19476 15845.3251   73   51          - 14143.3642      -   195 2827s
 22882 19486 17138.7469  213   11          - 14143.3642      -   193 2830s
 23021 19617 14506.4694   34  453          - 14143.3642      -   193 2853s
 23127 19793 15198.9667   53  370          - 14143.3642      -   194 2876s
 23307 20074 15595.8979   67  276          - 14143.3642      -   194 2902s
 23520 20082 18578.5000  258    6          - 14143.3642      -   193 2905s
 23650 20381 15977.5805   82  180          - 14143.3642      -   193 2931s
 23922 20398 17538.2482  222   69          - 14143.3642      -   191 2935s
 24006 20624 16305.0800  117   13          - 14149.3509      -   191 2958s
 24103 20637 17446.1370  159    4          - 14149.3509      -   191 2960s
 24306 20695 14395.4604   42  544          - 14149.3509      -   190 2980s
 24345 20815 15536.6699   51  348          - 14149.3509      -   191 3001s
 24467 20998 16238.5044   72  255          - 14149.3509      -   192 3028s
 24652 21828 16701.6800  101  174          - 14149.3509      -   192 3077s
 24808 21828 17902.6624  172   72          - 14149.3509      -   192 3080s
 25219 21828 19877.3157  355   28          - 14149.3509      -   190 3085s
 25611 22319 17480.7793  140   83          - 14149.3509      -   187 3123s
 25744 22319 18040.5153  195   24          - 14149.3509      -   187 3125s
 26140 22550 21032.8304  350   28          - 14154.9518      -   186 3152s
 26376 22570 22785.0500  432    5          - 14154.9518      -   184 3155s
 26493 22660 14577.7221   30  543          - 14154.9518      -   184 3176s
 26557 22810 15160.4960   38  409          - 14154.9518      -   185 3201s
 26709 23384 16298.8106   65  282          - 14154.9518      -   185 3238s
 26881 23384 17112.0948  211   11          - 14154.9518      -   185 3240s
 27327 23427 18581.1700  460    4          - 14154.9518      -   182 3245s
 27449 23454 17005.5891   78  184          - 14154.9518      -   182 3267s
 27590 23567 17340.3030  101  165          - 14154.9518      -   182 3288s
 27705 24062 17747.5814  137  107          - 14154.9518      -   182 3319s
 27724 24062 17854.2376  144   85          - 14154.9518      -   182 3320s
 28133 24080 19901.8700  299   10          - 14154.9518      -   180 3325s
 28267 24537 19024.0738  193   72          - 14156.8088      -   180 3359s
 28324 24537 19547.8284  228   43          - 14156.8088      -   180 3360s
 28738 24567 22328.8600  409    4          - 14156.8088      -   178 3365s
 28855 24855 14370.2548   36  516          - 14156.8088      -   178 3407s
 29074 24855 17463.9100  202   17          - 14156.8088      -   177 3410s
 29160 24896 14953.0560   45  386          - 14156.8088      -   177 3428s
 29201 24964 15917.4857   67  284          - 14156.8088      -   178 3446s
 29269 25075 16090.8053   81  193          - 14156.8088      -   178 3465s
 29390 25336 16544.4767  103  162          - 14156.8088      -   178 3490s
 29665 25748 17285.7023  148   34          - 14163.0091      -   178 3526s
 30135 25798 14436.6726   27  519          - 14163.0091      -   177 3550s
 30203 25859 15005.5902   38  354          - 14163.0091      -   177 3568s
 30264 26050 16230.5303   63  255          - 14163.0091      -   177 3591s
 30459 26094 16978.0622  103   53          - 14163.0091      -   177 3600s

Cutting planes:
  User: 8869
  Gomory: 28
  Cover: 554
  Implied bound: 88
  Clique: 6
  MIR: 268
  Flow cover: 606
  Zero half: 13
  RLT: 453
  Relax-and-lift: 16
  Lazy constraints: 1780

Explored 30503 nodes (5422205 simplex iterations) in 3600.65 seconds
Thread count was 2 (of 32 available processors)

Solution count 0

Time limit reached
Best objective -, best bound 1.416300914017e+04, gap -

User-callback calls 505768, time in user-callback 263.65 sec
================================================================================
executing instance: ./input/Instances/Original/2/absH3high_4n10.dat
--------------------------------------------------------------------------------
Instance details
n	11
H	3
C	822
Li:
[0, 0, 0, 0, 0, 0, 0, 0, 0, 0, 0, ]
Ui:
[0, 102, 52, 88, 182, 153, 138, 38, 165, 297, 86, ]
Distance matrix:
|0	285	411	382	327	239	148	256	307	36	383	|
|285	0	352	98	249	103	227	235	120	268	209	|
|411	352	0	395	106	430	263	549	234	429	174	|
|382	98	395	0	302	173	320	288	168	364	227	|
|327	249	106	302	0	324	179	444	135	339	109	|
|239	103	430	173	324	0	241	132	212	212	305	|
|148	227	263	320	179	241	0	325	192	165	249	|
|256	235	549	288	444	132	325	0	342	220	436	|
|307	120	234	168	135	212	192	342	0	304	94	|
|36	268	429	364	339	212	165	220	304	0	386	|
|383	209	174	227	109	305	249	436	94	386	0	|

--------------------------------------------------------------------------------
Building model...
	using lazy and cut (CVRPSEP package)
Solving IRP LP...
--------------------------------------------------------------------------------

Gurobi 9.1.0 (linux64) logging started Sat Jan  9 09:09:31 2021

Gurobi Optimizer version 9.1.0 build v9.1.0rc0 (linux64)
Thread count: 32 physical cores, 32 logical processors, using up to 2 threads
Optimize a model with 449 rows, 1184 columns and 4640 nonzeros
Model fingerprint: 0x0c4dca56
Variable types: 194 continuous, 990 integer (165 binary)
Coefficient statistics:
  Matrix range     [1e+00, 5e+02]
  Objective range  [2e-01, 5e+02]
  Bounds range     [1e+00, 3e+02]
  RHS range        [2e+01, 1e+03]
Presolve removed 44 rows and 11 columns
Presolve time: 0.01s
Presolved: 405 rows, 1173 columns, 4275 nonzeros
Variable types: 183 continuous, 990 integer (840 binary)

Root relaxation: objective 4.545917e+03, 635 iterations, 0.02 seconds

    Nodes    |    Current Node    |     Objective Bounds      |     Work
 Expl Unexpl |  Obj  Depth IntInf | Incumbent    BestBd   Gap | It/Node Time

     0     0 4545.91693    0   86          - 4545.91693      -     -    0s
     0     0 4660.07467    0  110          - 4660.07467      -     -    0s
     0     0 4752.58603    0  104          - 4752.58603      -     -    0s
     0     0 4752.58603    0  106          - 4752.58603      -     -    0s
     0     0 4928.98499    0  113          - 4928.98499      -     -    0s
     0     0 5002.27814    0  108          - 5002.27814      -     -    0s
     0     0 5006.60082    0  109          - 5006.60082      -     -    0s
     0     0 5006.95888    0  117          - 5006.95888      -     -    0s
     0     0 5006.95888    0  118          - 5006.95888      -     -    0s
     0     0 5122.87173    0  113          - 5122.87173      -     -    0s
     0     0 5122.87173    0  113          - 5122.87173      -     -    0s
     0     0 5150.27939    0  147          - 5150.27939      -     -    0s
     0     0 5163.88397    0  137          - 5163.88397      -     -    0s
     0     0 5170.60374    0  135          - 5170.60374      -     -    0s
     0     0 5171.52857    0  143          - 5171.52857      -     -    0s
     0     0 5173.38497    0  144          - 5173.38497      -     -    0s
     0     0 5173.38497    0  150          - 5173.38497      -     -    0s
     0     0 5221.70048    0  153          - 5221.70048      -     -    0s
     0     0 5229.64871    0  144          - 5229.64871      -     -    0s
     0     0 5237.60591    0  145          - 5237.60591      -     -    0s
     0     0 5238.42766    0  162          - 5238.42766      -     -    0s
     0     0 5238.54673    0  160          - 5238.54673      -     -    0s
     0     0 5270.27631    0  127          - 5270.27631      -     -    0s
     0     0 5270.28119    0  126          - 5270.28119      -     -    0s
     0     0 5283.04967    0  159          - 5283.04967      -     -    0s
     0     0 5284.29984    0  173          - 5284.29984      -     -    0s
     0     0 5286.73221    0  174          - 5286.73221      -     -    0s
     0     0 5300.33780    0  155          - 5300.33780      -     -    0s
     0     0 5311.96624    0  172          - 5311.96624      -     -    0s
     0     0 5330.36332    0  163          - 5330.36332      -     -    0s
     0     0 5330.49305    0  164          - 5330.49305      -     -    0s
     0     0 5352.89605    0  161          - 5352.89605      -     -    0s
     0     0 5361.03648    0  174          - 5361.03648      -     -    0s
     0     0 5361.90672    0  187          - 5361.90672      -     -    0s
     0     0 5362.87769    0  194          - 5362.87769      -     -    0s
     0     0 5363.09258    0  193          - 5363.09258      -     -    0s
     0     0 5368.87200    0  206          - 5368.87200      -     -    0s
     0     0 5372.17775    0  171          - 5372.17775      -     -    0s
     0     0 5373.78759    0  217          - 5373.78759      -     -    0s
     0     0 5373.91155    0  217          - 5373.91155      -     -    0s
     0     0 5382.23111    0  174          - 5382.23111      -     -    0s
     0     0 5382.61921    0  155          - 5382.61921      -     -    0s
     0     0 5382.67206    0  118          - 5382.67206      -     -    0s
     0     0 5382.67206    0  115          - 5382.67206      -     -    0s
     0     0 5382.83323    0  121          - 5382.83323      -     -    0s
     0     0 5382.83323    0  119          - 5382.83323      -     -    0s
     0     2 5382.84370    0  102          - 5382.84370      -     -    1s
   421   368 5768.42171   13   95          - 5468.29343      -   138    5s
   767   629 5510.62095   16  175          - 5481.15591      -   123   10s
  1056   774 5940.58217   31  135          - 5547.91728      -   139   15s
  1498  1080 6302.02341   34  107          - 5593.02399      -   139   20s
* 1618   861              70    7456.7400000 5593.02399  25.0%   133   20s
H 1657   804                    7452.7400000 5624.97799  24.5%   132   20s
H 1683   791                    7444.8200000 5624.97799  24.4%   131   21s
H 1884   797                    7245.4700000 5666.33402  21.8%   128   23s
H 2017   766                    7166.9300000 5677.75146  20.8%   125   24s
  2038   792 6015.00335   22  113 7166.93000 5677.75146  20.8%   124   25s
H 2145   766                    7047.8300000 5683.82001  19.4%   124   26s
H 2199   777                    7018.7500000 5683.82001  19.0%   122   26s
H 2253   776                    6999.7500000 5701.74228  18.5%   122   27s
H 2269   706                    6936.7500000 5701.74228  17.8%   122   27s
H 2394   686                    6785.3900000 5735.04441  15.5%   124   29s
  2511   722 infeasible   27      6785.39000 5761.90976  15.1%   123   30s
H 2585   730                    6777.4700000 5768.80154  14.9%   124   31s
  2921   906 6387.33460   38   77 6777.47000 5834.48090  13.9%   123   37s
  3151   954     cutoff   32      6777.47000 5849.63161  13.7%   123   40s
  3539  1176     cutoff   40      6777.47000 5900.38809  12.9%   123   45s
