




arguments: ./build/bc_mirp -f ./input/orig_exec_213.cfg
Current dir: /scratch/gui/bc_mirp
File verbosity level: 9
date       time         ( uptime  ) [ thread name/id ]                   file:line     v| 
2021-02-14 08:26:44.887 (   0.949s) [main thread     ]             loguru.cpp:789   INFO| Logging to './output/vi_vc+cus/OU/V3/Original/execution_14_02_2021_08_26_44.log', mode: 'a', verbosity: 9
--------------------------------------------------------------------------------
Parameters
                           instance_path           ./input/Instances/Original/5/
                            model_policy                                       1
                             nb_vehicles                                       3
                              output_dir      ./output/vi_vc+cus/OU/V3/Original/
                            sec_strategy                                       1
                       solver_nb_threads                                       2
                         solver_show_log                                    true
                       solver_time_limit                                    3600
                              use_vi_cos                                   false
                              use_vi_cus                                    true
                         use_vi_hc1_full                                   false
                         use_vi_hc1_half                                   false
                      use_vi_hc1_quarter                                   false
                              use_vi_hc2                                   false
                              use_vi_hc3                                   false
                         use_vi_lex_full                                   false
                         use_vi_lex_half                                   false
                      use_vi_lex_quarter                                   false
                              use_vi_qua                                   false
                               use_vi_vc                                    true
                               use_vi_vr                                   false
--------------------------------------------------------------------------------
executing instance: ./input/Instances/Original/5/absH3low_4n50.dat
--------------------------------------------------------------------------------
Instance details
n	51
H	3
C	4066
Li:
[0, 0, 0, 0, 0, 0, 0, 0, 0, 0, 0, 0, 0, 0, 0, 0, 0, 0, 0, 0, 0, 0, 0, 0, 0, 0, 0, 0, 0, 0, 0, 0, 0, 0, 0, 0, 0, 0, 0, 0, 0, 0, 0, 0, 0, 0, 0, 0, 0, 0, 0, ]
Ui:
[0, 108, 126, 122, 66, 120, 48, 30, 128, 54, 158, 198, 36, 66, 210, 234, 147, 297, 171, 128, 116, 120, 219, 70, 294, 207, 134, 128, 234, 122, 22, 183, 195, 255, 132, 124, 66, 189, 219, 66, 128, 102, 288, 66, 87, 136, 36, 39, 282, 36, 237, ]
Distance matrix:
|0	210	444	498	509	104	438	228	487	304	456	434	526	476	163	47	293	396	293	290	313	85	280	437	293	336	409	106	449	376	433	478	193	404	404	534	278	181	380	507	189	438	263	473	353	216	202	218	452	254	465	|
|210	0	299	507	359	106	345	409	358	411	320	402	555	448	136	200	289	264	306	427	141	222	83	348	264	320	283	303	380	208	258	357	170	348	475	542	243	347	355	379	65	479	172	373	355	251	112	229	402	210	300	|
|444	299	0	363	65	358	116	542	66	440	26	241	425	272	282	407	251	51	276	490	159	397	224	124	217	237	48	490	170	99	83	74	261	180	430	385	214	479	231	85	270	390	184	116	271	300	409	276	210	215	54	|
|498	507	363	0	385	482	246	424	326	254	343	123	63	93	388	452	221	337	211	314	428	414	480	239	243	187	324	463	194	418	438	307	346	188	156	36	264	392	156	326	444	87	340	258	154	286	603	294	153	297	417	|
|509	359	65	385	0	422	145	602	59	492	59	269	448	292	348	472	305	115	329	545	218	462	281	152	274	286	106	554	192	153	116	78	326	216	472	403	274	540	271	63	334	425	249	127	316	361	468	337	233	278	69	|
|104	106	358	482	422	0	372	309	408	337	374	396	521	441	98	96	262	314	271	342	215	124	177	373	249	302	329	198	394	281	337	402	139	353	419	518	230	250	343	428	90	437	188	405	328	200	134	188	406	199	372	|
|438	345	116	246	145	372	0	485	87	357	97	126	309	155	279	394	180	101	200	414	223	373	288	8	157	150	84	459	53	188	196	68	245	72	328	269	165	427	128	97	297	280	184	36	175	250	456	233	94	184	170	|
|228	409	542	424	602	309	485	0	561	170	544	419	424	446	298	214	305	491	286	115	462	187	457	480	331	339	496	124	470	510	565	545	295	424	279	454	329	66	376	576	363	340	370	520	330	242	429	266	453	328	581	|
|487	358	66	326	59	408	87	561	0	441	40	211	389	233	324	446	258	95	281	497	220	431	287	95	230	234	79	522	133	164	146	19	297	160	415	344	233	500	215	21	323	367	224	68	261	320	470	299	174	242	106	|
|304	411	440	254	492	337	357	170	441	0	434	266	255	286	275	266	189	392	164	63	408	225	428	351	224	207	392	234	330	438	484	424	250	287	112	284	232	149	233	453	349	170	302	389	185	168	471	195	305	248	487	|
|456	320	26	343	59	374	97	544	40	434	0	223	406	252	294	418	247	60	271	487	181	405	247	105	215	229	49	498	149	124	109	48	270	165	419	364	215	482	218	60	288	375	194	92	261	302	431	279	190	220	75	|
|434	402	241	123	269	396	126	419	211	266	223	0	185	46	298	387	140	213	145	328	310	355	366	118	147	97	201	425	78	295	315	191	256	65	211	151	166	371	53	215	343	157	231	145	90	220	505	217	41	198	295	|
|526	555	425	63	448	521	309	424	389	255	406	185	0	156	430	481	266	398	252	310	485	442	534	301	293	237	386	480	257	478	500	370	390	249	145	55	313	401	212	389	491	89	392	321	201	322	646	334	216	345	479	|
|476	448	272	93	292	441	155	446	233	286	252	46	156	0	343	429	183	250	184	348	353	396	411	148	192	140	236	461	102	334	350	214	302	106	214	113	212	402	98	233	389	151	277	165	125	261	551	260	62	244	325	|
|163	136	282	388	348	98	279	298	324	275	294	298	430	343	0	124	167	234	178	296	167	121	162	279	151	205	247	216	297	224	280	316	42	256	340	423	132	232	246	344	74	349	100	314	233	115	216	97	308	101	307	|
|47	200	407	452	472	96	394	214	446	266	418	387	481	429	124	0	246	358	245	259	284	41	261	392	247	289	370	103	403	345	402	436	150	358	361	488	232	158	333	466	165	393	223	430	306	168	217	171	406	210	431	|
|293	289	251	221	305	262	180	305	258	189	247	140	266	183	167	246	0	204	26	240	238	215	276	175	37	43	203	289	169	255	297	242	125	122	202	257	52	248	87	272	225	191	134	215	67	80	382	77	163	81	298	|
|396	264	51	337	115	314	101	491	95	392	60	213	398	250	234	358	204	0	229	442	130	347	196	108	169	194	19	440	152	87	102	93	211	149	390	363	165	428	194	116	228	355	134	117	230	250	376	225	189	164	95	|
|293	306	276	211	329	271	200	286	281	164	271	145	252	184	178	245	26	229	0	216	262	212	297	195	63	53	228	280	184	280	323	264	138	137	178	248	76	232	95	294	241	173	156	234	60	77	395	83	172	102	324	|
|290	427	490	314	545	342	414	115	497	63	487	328	310	348	296	259	240	442	216	0	443	220	456	408	273	264	443	204	390	479	529	480	278	346	165	343	278	115	293	509	369	229	340	447	244	202	473	230	366	288	536	|
|313	141	159	428	218	215	223	462	220	408	181	310	485	353	167	284	238	130	262	443	0	288	67	228	202	252	149	382	267	67	122	221	168	247	440	459	186	396	273	241	125	423	107	245	291	242	251	214	297	162	160	|
|85	222	397	414	462	124	373	187	431	225	405	355	442	396	121	41	215	347	212	220	288	0	273	371	221	258	357	95	378	344	401	420	136	331	321	450	208	126	302	450	177	353	213	409	272	136	253	143	377	190	426	|
|280	83	224	480	281	177	288	457	287	428	247	366	534	411	162	261	276	196	297	456	67	273	0	292	243	298	215	363	329	128	176	288	179	305	475	513	224	392	324	307	96	466	143	311	335	261	187	235	357	195	219	|
|437	348	124	239	152	373	8	480	95	351	105	118	301	148	279	392	175	108	195	408	228	371	292	0	154	144	91	456	46	194	203	76	244	65	320	261	163	423	121	103	299	273	185	40	168	247	459	230	86	183	178	|
|293	264	217	243	274	249	157	331	230	224	215	147	293	192	151	247	37	169	63	273	202	221	243	154	0	57	170	303	157	217	260	215	110	111	238	278	21	271	94	245	201	223	100	193	92	93	362	78	160	54	263	|
|336	320	237	187	286	302	150	339	234	207	229	97	237	140	205	289	43	194	53	264	252	258	298	144	57	0	190	331	131	257	294	216	163	84	197	221	77	285	44	246	258	172	155	183	39	123	418	119	120	110	288	|
|409	283	48	324	106	329	84	496	79	392	49	201	386	236	247	370	203	19	228	443	149	357	215	91	170	190	0	449	136	105	114	75	221	138	384	349	168	434	185	99	245	346	146	98	224	255	394	231	174	171	99	|
|106	303	490	463	554	198	459	124	522	234	498	425	480	461	216	103	289	440	280	204	382	95	363	456	303	331	449	0	458	439	496	510	229	410	344	498	293	89	374	540	267	391	307	495	336	211	308	226	451	280	520	|
|449	380	170	194	192	394	53	470	133	330	149	78	257	102	297	403	169	152	184	390	267	378	329	46	157	131	136	458	0	238	249	114	259	47	287	216	171	416	96	137	327	235	211	67	145	247	488	235	41	197	223	|
|376	208	99	418	153	281	188	510	164	438	124	295	478	334	224	345	255	87	280	479	67	344	128	194	217	257	105	439	238	0	57	169	216	230	453	445	206	445	268	184	191	427	141	202	296	278	315	250	274	191	92	|
|433	258	83	438	116	337	196	565	146	484	109	315	500	350	280	402	297	102	323	529	122	401	176	203	260	294	114	496	249	57	0	157	271	252	490	463	251	499	296	162	247	457	195	199	331	329	362	302	288	241	47	|
|478	357	74	307	78	402	68	545	19	424	48	191	370	214	316	436	242	93	264	480	221	420	288	76	215	216	75	510	114	169	157	0	287	141	396	325	219	485	196	31	319	347	216	49	243	306	469	286	154	230	120	|
|193	170	261	346	326	139	245	295	297	250	270	256	390	302	42	150	125	211	138	278	168	136	179	244	110	163	221	229	259	216	271	287	0	216	305	382	91	229	204	316	105	310	78	280	192	83	257	60	268	62	292	|
|404	348	180	188	216	353	72	424	160	287	165	65	249	106	256	358	122	149	137	346	247	331	305	65	111	84	138	410	47	230	252	141	216	0	255	215	126	369	56	168	292	210	177	102	103	200	454	189	54	155	234	|
|404	475	430	156	472	419	328	279	415	112	419	211	145	214	340	361	202	390	178	165	440	321	475	320	238	197	384	344	287	453	490	396	305	255	0	181	254	261	201	422	410	69	335	353	160	225	551	246	252	280	482	|
|534	542	385	36	403	518	269	454	344	284	364	151	55	113	423	488	257	363	248	343	459	450	513	261	278	221	349	498	216	445	463	325	382	215	181	0	298	425	189	342	479	115	373	276	190	323	638	330	175	332	439	|
|278	243	214	264	274	230	165	329	233	232	215	166	313	212	132	232	52	165	76	278	186	208	224	163	21	77	168	293	171	206	251	219	91	126	254	298	0	267	114	250	181	242	82	202	112	88	341	68	177	33	258	|
|181	347	479	392	540	250	427	66	500	149	482	371	401	402	232	158	248	428	232	115	396	126	392	423	271	285	434	89	416	445	499	485	229	369	261	425	267	0	325	516	298	313	305	463	281	180	375	203	403	264	516	|
|380	355	231	156	271	343	128	376	215	233	218	53	212	98	246	333	87	194	95	293	273	302	324	121	94	44	185	374	96	268	296	196	204	56	201	189	114	325	0	224	294	161	185	157	49	167	455	163	78	147	284	|
|507	379	85	326	63	428	97	576	21	453	60	215	389	233	344	466	272	116	294	509	241	450	307	103	245	246	99	540	137	184	162	31	316	168	422	342	250	516	224	0	344	371	244	70	271	337	490	317	176	261	120	|
|189	65	270	444	334	90	297	363	323	349	288	343	491	389	74	165	225	228	241	369	125	177	96	299	201	258	245	267	327	191	247	319	105	292	410	479	181	298	294	344	0	414	116	328	291	187	163	165	345	147	282	|
|438	479	390	87	425	437	280	340	367	170	375	157	89	151	349	393	191	355	173	229	423	353	466	273	223	172	346	391	235	427	457	347	310	210	69	115	242	313	161	371	414	0	323	301	133	238	565	253	197	273	444	|
|263	172	184	340	249	188	184	370	224	302	194	231	392	277	100	223	134	134	156	340	107	213	143	185	100	155	146	307	211	141	195	216	78	177	335	373	82	305	185	244	116	323	0	217	192	138	278	110	230	55	214	|
|473	373	116	258	127	405	36	520	68	389	92	145	321	165	314	430	215	117	234	447	245	409	311	40	193	183	98	495	67	202	199	49	280	102	353	276	202	463	157	70	328	301	217	0	205	286	485	269	106	220	167	|
|353	355	271	154	316	328	175	330	261	185	261	90	201	125	233	306	67	230	60	244	291	272	335	168	92	39	224	336	145	296	331	243	192	103	160	190	112	281	49	271	291	133	192	205	0	138	449	141	123	145	323	|
|216	251	300	286	361	200	250	242	320	168	302	220	322	261	115	168	80	250	77	202	242	136	261	247	93	123	255	211	247	278	329	306	83	200	225	323	88	180	167	337	187	238	138	286	138	0	328	28	243	88	340	|
|202	112	409	603	468	134	456	429	470	471	431	505	646	551	216	217	382	376	395	473	251	253	187	459	362	418	394	308	488	315	362	469	257	454	551	638	341	375	455	490	163	565	278	485	449	328	0	313	508	308	406	|
|218	229	276	294	337	188	233	266	299	195	279	217	334	260	97	171	77	225	83	230	214	143	235	230	78	119	231	226	235	250	302	286	60	189	246	330	68	203	163	317	165	253	110	269	141	28	313	0	235	61	315	|
|452	402	210	153	233	406	94	453	174	305	190	41	216	62	308	406	163	189	172	366	297	377	357	86	160	120	174	451	41	274	288	154	268	54	252	175	177	403	78	176	345	197	230	106	123	243	508	235	0	207	264	|
|254	210	215	297	278	199	184	328	242	248	220	198	345	244	101	210	81	164	102	288	162	190	195	183	54	110	171	280	197	191	241	230	62	155	280	332	33	264	147	261	147	273	55	220	145	88	308	61	207	0	253	|
|465	300	54	417	69	372	170	581	106	487	75	295	479	325	307	431	298	95	324	536	160	426	219	178	263	288	99	520	223	92	47	120	292	234	482	439	258	516	284	120	282	444	214	167	323	340	406	315	264	253	0	|

--------------------------------------------------------------------------------
Building model...
	using lazy and cut (CVRPSEP package)
Solving IRP LP...
--------------------------------------------------------------------------------

Gurobi 9.1.0 (linux64) logging started Sun Feb 14 08:26:45 2021

Gurobi Optimizer version 9.1.0 build v9.1.0rc0 (linux64)
Thread count: 32 physical cores, 32 logical processors, using up to 2 threads
Optimize a model with 1587 rows, 12588 columns and 29202 nonzeros
Model fingerprint: 0x56dd43ee
Variable types: 654 continuous, 11934 integer (459 binary)
Coefficient statistics:
  Matrix range     [1e+00, 1e+03]
  Objective range  [1e-02, 6e+02]
  Bounds range     [1e+00, 3e+02]
  RHS range        [1e+00, 7e+03]
Presolve removed 454 rows and 201 columns
Presolve time: 0.12s
Presolved: 1133 rows, 12387 columns, 27247 nonzeros
Variable types: 402 continuous, 11985 integer (11507 binary)

Root relaxation: objective 3.376119e+03, 1368 iterations, 0.04 seconds

    Nodes    |    Current Node    |     Objective Bounds      |     Work
 Expl Unexpl |  Obj  Depth IntInf | Incumbent    BestBd   Gap | It/Node Time

     0     0 3376.11867    0  152          - 3376.11867      -     -    0s
     0     0 3651.25104    0  144          - 3651.25104      -     -    1s
     0     0 3651.56723    0  158          - 3651.56723      -     -    1s
     0     0 4305.55763    0  228          - 4305.55763      -     -    1s
     0     0 4423.24196    0  233          - 4423.24196      -     -    1s
     0     0 4429.08396    0  279          - 4429.08396      -     -    1s
     0     0 4436.75627    0  235          - 4436.75627      -     -    1s
     0     0 4443.16051    0  279          - 4443.16051      -     -    1s
     0     0 4443.21869    0  285          - 4443.21869      -     -    1s
     0     0 4535.83473    0  317          - 4535.83473      -     -    2s
     0     0 4544.30691    0  322          - 4544.30691      -     -    2s
     0     0 4546.59397    0  257          - 4546.59397      -     -    2s
     0     0 4547.07907    0  310          - 4547.07907      -     -    2s
     0     0 4612.28454    0  383          - 4612.28454      -     -    2s
     0     0 4619.44720    0  364          - 4619.44720      -     -    2s
     0     0 4620.63525    0  383          - 4620.63525      -     -    2s
     0     0 4644.37796    0  401          - 4644.37796      -     -    3s
     0     0 4657.97730    0  373          - 4657.97730      -     -    3s
     0     0 4661.35266    0  376          - 4661.35266      -     -    3s
     0     0 4662.42297    0  441          - 4662.42297      -     -    3s
     0     0 4679.63706    0  411          - 4679.63706      -     -    4s
     0     0 4681.94010    0  430          - 4681.94010      -     -    4s
     0     0 4682.35577    0  415          - 4682.35577      -     -    4s
     0     0 4687.29105    0  386          - 4687.29105      -     -    4s
     0     0 4687.29105    0  332          - 4687.29105      -     -    5s
     0     2 4702.29105    0  332          - 4702.29105      -     -    7s
    13    16 4737.27159    4  248          - 4723.43331      -   470   10s
   119   131 5518.85285   48  128          - 4723.43331      -   212   15s
   417   393 4878.48440    9  223          - 4727.70363      -  96.0   20s
   532   517 5083.74359   40   98          - 4727.70363      -   112   25s
   733   742 5700.17000  101    6          - 4727.70363      -  98.0   30s
   780   745 5857.91818   57  312          - 4727.70363      -  94.6   51s
   789   751 5023.65878   32  493          - 4727.70363      -  93.5   55s
   798   757 4990.37146   23  518          - 4729.33598      -  92.4   60s
   805   762 5659.50000   98  559          - 4733.75411      -  91.6   65s
   809   767 4743.37190   13  632          - 4743.37190      -   115   70s
   836   785 4858.91637   20  444          - 4743.37190      -   131   75s
   864   806 4849.13892   27  569          - 4743.37190      -   146   80s
   892   826 4898.21961   33  511          - 4743.37190      -   155   85s
   946   870 5065.76277   47  240          - 4743.37190      -   169   90s
  1044   941 5353.55695   76  171          - 4743.37190      -   173   95s
  1175  1047 5877.71037  115  110          - 4743.37190      -   169  101s
  1354  1174 7356.53000  167   12          - 4743.37190      -   155  106s
  1477  1202 4933.08248   17  440          - 4750.61737      -   148  110s
  1585  1231 4874.41739   20  350          - 4750.61737      -   144  115s
  1602  1241 5017.08370   26  262          - 4750.61737      -   149  120s
  1617  1251 5002.23695   30  350          - 4750.61737      -   152  139s
  1620  1257 5045.72379   31  286          - 4750.61737      -   154  140s
  1648  1277 5062.76885   40  249          - 4750.61737      -   158  145s
  1678  1304 5179.89400   45  148          - 4750.61737      -   162  150s
  1721  1326 5304.35960   56  143          - 4750.61737      -   163  155s
  1764  1364 5532.75804   64  130          - 4750.61737      -   168  161s
  1809  1411 5573.90727   79   34          - 4750.61737      -   168  165s
  1892  1469 5816.01560   90  159          - 4750.61737      -   168  171s
  1932  1512 5856.33000   98    6          - 4750.61737      -   167  186s
  1994  1556 5929.41582   99   13          - 4750.61737      -   164  190s
  2072  1607 6045.83439  111   52          - 4750.82445      -   160  195s
  2241  1687 4897.36370   19  456          - 4750.82445      -   154  203s
  2366  1687 4860.91572   19  512          - 4750.82445      -   148  206s
  2386  1696 4920.81868   26  313          - 4750.82445      -   151  211s
  2404  1723 4981.08538   32  239          - 4750.82445      -   154  215s
  2437  1741 5122.72725   40  185          - 4750.82445      -   157  220s
  2473  1772 5232.80901   50  202          - 4750.82445      -   159  227s
  2496  1790 5437.56208   55  189          - 4750.82445      -   161  230s
  2560  1864 5475.08219   78   54          - 4750.82445      -   162  236s
  2666  1914 5794.43714  122   64          - 4750.82445      -   160  240s
  2830  1989 6638.08000  145    6          - 4755.10070      -   156  248s
  2873  2013 4959.36446   21  336          - 4755.10070      -   157  252s
  2900  2030 4915.01244   24  458          - 4755.10070      -   158  255s
  2956  2052 4991.04772   30  406          - 4755.10070      -   161  263s
  2966  2096 4995.40756   32  371          - 4755.10070      -   161  267s
  3014  2126 5031.38630   40  256          - 4755.10070      -   161  271s
  3060  2163 5121.38485   48  193          - 4755.10070      -   162  284s
  3077  2157 5184.20259   55  220          - 4755.10070      -   162  285s
  3144  2268 5547.36855  106   98          - 4755.10070      -   163  290s
  3272  2348 5354.26015   61  109          - 4755.10070      -   158  295s
  3444  2461 5390.54525   72   58          - 4755.10070      -   153  301s
  3501  2568 5581.24758   95   65          - 4757.35967      -   154  307s
  3672  2615 4839.57842   17  578          - 4757.35967      -   150  311s
  3688  2634 4963.06915   20  491          - 4757.35967      -   152  316s
  3707  2663 5102.65300   24  477          - 4757.35967      -   153  320s
  3736  2699 5144.48224   31  438          - 4757.35967      -   155  343s
  3772  2761 5251.02206   40  308          - 4757.35967      -   156  350s
  3834  2825 5303.37003   48  374          - 4757.35967      -   157  355s
  3898  2897 5462.32439   53  352          - 4757.35967      -   158  362s
  3970  3025 5477.03039   56  178          - 4757.35967      -   157  368s
  4130  3057 5572.34607   64  139          - 4757.35967      -   155  384s
  4190  3128 5636.72850   79  244          - 4757.35967      -   156  390s
  4261  3319 5846.13986  104  105          - 4757.72226      -   156  399s
  4366  3319 6145.98450  147   29          - 4757.72226      -   154  400s
  4512  3378 4848.56898   16  565          - 4757.72226      -   151  406s
  4541  3409 4908.52846   18  573          - 4757.72226      -   153  412s
  4572  3472 4937.08472   20  555          - 4757.72226      -   155  418s
  4635  3558 5158.04152   26  351          - 4757.72226      -   156  432s
  4721  3727 5163.68779   33  357          - 4757.72226      -   156  441s
  4912  3777 5295.53873   44  182          - 4757.72226      -   154  450s
  4951  3859 5375.76129   55  156          - 4757.72226      -   156  459s
  5033  4051 5711.19580   86   72          - 4763.77907      -   156  482s
  5293  4151 4904.62866   21  416          - 4763.77907      -   152  492s
  5359  4242 5038.46460   28  374          - 4763.77907      -   154  500s
  5450  4331 5207.43765   45  207          - 4763.77907      -   155  509s
  5492  4331 5568.34861   84   12          - 4763.77907      -   156  510s
  5609  4462 5440.24493   57  102          - 4763.77907      -   155  521s
  5705  4686 5746.12791   79  126          - 4766.63697      -   156  534s
  5765  4691 5913.27000   99    6          - 4766.63697      -   155  535s
  6037  4845 5001.26974   21  509          - 4766.63697      -   152  548s
  6142  4993 5116.86953   28  398          - 4766.63697      -   153  573s
  6338  5067 5381.35567   41  298          - 4766.63697      -   152  583s
  6388  5139 5528.66231   51  228          - 4766.63697      -   154  592s
  6460  5242 5748.84172   71  152          - 4766.63697      -   155  602s
  6563  5466 5977.13115  104   35          - 4779.88090      -   156  626s
  6840  5564 4860.05243   20  583          - 4779.88090      -   154  638s
  6912  5751 5094.01889   33  359          - 4779.88090      -   155  649s
  6942  5751 5183.14716   47  109          - 4779.88090      -   155  650s
  7111  5953 5356.28839   53  159          - 4779.88090      -   154  660s
  7359  6135 5448.07468   77  106          - 4779.88090      -   152  680s
  7520  6324 6168.07107  130   81          - 4787.76406      -   153  693s
  7670  6343 7207.56000  182    8          - 4787.76406      -   151  695s
  7780  6535 5113.59659   27  460          - 4787.76406      -   151  709s
  7834  6535 5632.06642   71  121          - 4787.76406      -   152  710s
  7999  6635 5281.86221   38  362          - 4787.76406      -   151  724s
  8048  6635 5524.09308   57   41          - 4787.76406      -   151  725s
  8078  6761 5574.08146   63  120          - 4787.76406      -   152  737s
  8214  6902 6048.23333   92   27          - 4793.31534      -   153  750s
  8368  6995 5387.30846   29  254          - 4793.31534      -   153  768s
  8500  7176 5538.00576   42  303          - 4793.31534      -   154  783s
  8590  7176 5865.75000   80   18          - 4793.31534      -   154  785s
  8668  7420 6080.64106   86   63          - 4798.70763      -   154  800s
  8971  7598 4994.47163   18  419          - 4798.70763      -   153  816s
  9174  7674 5301.92695   24  403          - 4798.70763      -   151  828s
  9226  7782 5477.04733   36  157          - 4798.70763      -   153  841s
  9334  8007 5773.19518   68   78          - 4800.68232      -   154  860s
  9611  8070 5082.83247   25  429          - 4807.78782      -   153  873s
  9648  8182 5240.88507   35  213          - 4807.78782      -   155  885s
  9760  8353 5533.38677   63  105          - 4808.04462      -   156  901s
  9957  8536 5168.29807   22  370          - 4808.04462      -   155  917s
 10169  8603 5189.26886   30  252          - 4808.04462      -   154  930s
 10216  8697 5328.08060   37  104          - 4808.04462      -   156  951s
 10310  8946 5416.16743   49  255          - 4808.04462      -   157  967s
 10534  8951 6447.71167  127    5          - 4808.04462      -   157  970s
 10578  9228 5887.54780   78   74          - 4810.08840      -   156  996s
 10997  9338 5069.74690   23  565          - 4811.29846      -   153 1009s
 11015  9338 5216.32436   22  498          - 4811.29846      -   153 1010s
 11034  9397 5550.01854   30  396          - 4811.29846      -   154 1021s
 11093  9485 5668.39645   37  347          - 4811.29846      -   155 1055s
 11181  9618 5808.58237   51  169          - 4811.29846      -   156 1070s
 11314  9791 5941.75929   65   41          - 4811.29846      -   157 1085s
 11487 10017 6201.21525   81   34          - 4815.46722      -   158 1115s
 11867 10325 4857.26436   19  691          - 4815.86295      -   156 1133s
 12033 10332 7066.71922  141   21          - 4815.86295      -   155 1135s
 12188 10416 5289.54544   31  357          - 4815.86295      -   154 1148s
 12245 10565 5390.31641   50  203          - 4815.86295      -   155 1174s
 12341 10565 5982.79731   89   32          - 4815.86295      -   155 1175s
 12394 10727 6084.91122   96  114          - 4817.62085      -   155 1188s
 12544 10750 6873.26000  151    6          - 4817.62085      -   154 1190s
 12634 10896 5189.24596   22  582          - 4817.62085      -   154 1204s
 12766 11021 5427.13832   31  267          - 4817.62085      -   155 1281s
 12948 11103 5551.78005   37  370          - 4817.62085      -   154 1295s
 13003 11223 5819.49824   56   41          - 4817.62085      -   155 1315s
 13142 11812 6332.52525   81   41          - 4817.62085      -   156 1338s
 13367 11855 7663.65292  152   56          - 4817.62085      -   155 1340s
 13989 11896 6515.17628   95   36          - 4820.08137      -   149 1366s
 14243 12106 5338.25340   28  333          - 4824.83325      -   148 1380s
 14302 12187 5533.30627   41  175          - 4824.83325      -   149 1392s
 14383 12297 5651.52908   63   87          - 4824.83325      -   150 1403s
 14493 12464 6155.76578   86   82          - 4831.87029      -   151 1419s
 14568 12464 6390.03563  107   12          - 4831.87029      -   151 1420s
 14692 12623 5141.80116   25  446          - 4831.87029      -   151 1434s
 14787 12628 6747.04317  111   79          - 4831.87029      -   151 1435s
 14869 12679 5692.25274   34  304          - 4831.87029      -   150 1446s
 14911 12736 5879.78408   39  360          - 4831.87029      -   151 1471s
 14968 12836 6076.10898   51  215          - 4831.87029      -   152 1485s
 14983 12836 6168.17070   59  147          - 4831.87029      -   152 1503s
 15068 13001 6592.27551   77  121          - 4831.87029      -   153 1532s
 15251 13204 6772.68844  122  116          - 4832.04158      -   153 1546s
 15577 13303 5233.05802   32  382          - 4832.11695      -   152 1560s
 15611 13363 5404.93634   42  247          - 4832.11695      -   153 1590s
 15671 13533 5729.87103   58  111          - 4832.11695      -   154 1607s
 15845 13964 6477.42576   97   82          - 4834.63210      -   154 1638s
 15995 13973 6816.23786  161   62          - 4834.63210      -   153 1640s
 16482 14211 4993.79626   23  581          - 4834.63210      -   150 1658s
 16647 14227 6573.83651  133   39          - 4834.63210      -   149 1660s
 16668 14267 5469.09554   31  376          - 4834.63210      -   149 1671s
 16705 14311 5676.74807   35  365          - 4834.63210      -   150 1695s
 16749 14402 6111.29602   40  332          - 4834.63210      -   151 1709s
 16840 14790 6281.34227   65   91          - 4837.75764      -   152 1768s
 17020 14816 7068.54333  140   22          - 4837.75764      -   150 1770s
 17372 14936 5368.94513   27  319          - 4837.75764      -   149 1785s
 17519 15038 5305.36236   35  281          - 4837.75764      -   149 1799s
 17553 15038 5450.56176   52   63          - 4837.75764      -   149 1800s
 17592 15131 5558.47577   56   97          - 4837.75764      -   149 1819s
 17622 15131 5655.32625   70   32          - 4837.75764      -   150 1820s
 17685 15295 5846.84446   76   40          - 4837.75764      -   150 1835s
 17889 15341 5989.13122   94   20          - 4838.81318      -   149 1848s
 17975 15403 5355.59438   30  355          - 4840.07761      -   150 1860s
 18022 15461 5607.79106   42  140          - 4842.67673      -   151 1874s
 18096 15604 5127.75277   23  402          - 4842.67673      -   151 1888s
 18231 15726 5473.31833   48   55          - 4842.67673      -   152 1902s
 18419 15918 5941.21000   75    8          - 4843.78518      -   152 1921s
 18663 16010 4907.48213   24  550          - 4843.78518      -   151 1935s
 18713 16111 5337.54062   35  383          - 4843.78518      -   152 1947s
 18814 16346 5453.44435   43  318          - 4843.78518      -   152 1962s
 19042 16346 6904.94018  151   33          - 4843.78518      -   152 1965s
 19094 16484 5684.55675   60  159          - 4843.78518      -   152 1980s
 19232 16673 6949.22563  100   52          - 4850.20876      -   152 2010s
 19545 16778 5176.51622   32  475          - 4850.20876      -   150 2024s
 19582 16778 5835.31379   44  468          - 4850.20876      -   151 2025s
 19588 16879 5474.89888   47  213          - 4850.20876      -   151 2038s
 19693 16942 5977.64000   87    -          - 4850.23145      -   151 2052s
 19774 17210 6079.20000   87   45          - 4850.47266      -   152 2073s
 19939 17233 6395.92500  137   28          - 4850.47266      -   151 2075s
 20152 17348 5364.58764   27  385          - 4850.47266      -   150 2090s
 20234 17430 5606.98921   32  296          - 4850.47266      -   151 2103s
 20314 17617 5813.40521   47   68          - 4850.47266      -   151 2118s
 20482 17619 7516.91568  142   61          - 4850.47266      -   151 2120s
 20505 17857 6121.09392   58  163          - 4850.51670      -   151 2138s
 20610 17866 6578.36700  109    8          - 4850.51670      -   151 2140s
 20948 17983 4910.31978   24  534          - 4851.64208      -   149 2154s
 20974 18046 5507.34933   35  343          - 4851.64208      -   150 2168s
 21037 18214 5714.11402   63   54          - 4851.64208      -   150 2186s
 21251 18304 6292.54000  100   45          - 4851.65609      -   150 2212s
 21362 18388 5470.73403   32  276          - 4851.65609      -   150 2225s
 21425 18607 5751.70894   42   25          - 4851.65609      -   151 2245s
 21532 18611 6882.86588  113   19          - 4851.65609      -   151 2251s
 21738 18686 6108.02963   61  139          - 4851.65609      -   150 2263s
 21773 18751 6045.34637   65   66          - 4851.65609      -   151 2275s
 21837 18858 6210.71040   89    8          - 4854.60951      -   151 2307s
 21976 18945 5415.01339   29  428          - 4854.60951      -   151 2321s
 22051 19138 5695.91840   41  169          - 4854.60951      -   152 2338s
 22313 19317 5832.91897   54  197          - 4854.60951      -   151 2355s
 22516 19435 6143.83846   73   38          - 4857.30539      -   151 2372s
 22635 19476 5373.10263   24  465          - 4857.30539      -   151 2386s
 22661 19522 5790.45252   29  410          - 4857.30539      -   152 2398s
 22707 19653 6131.01910   40  336          - 4857.30539      -   152 2414s
 22755 19658 6197.35405   67   32          - 4857.30539      -   152 2415s
 22858 19858 6159.30795   57  149          - 4858.53344      -   152 2436s
 22963 19883 6959.13250  134   22          - 4858.53344      -   152 2440s
 23225 19966 5197.06325   23  627          - 4858.68051      -   151 2453s
 23247 20010 5773.60874   30  369          - 4858.68051      -   152 2465s
 23291 20085 5817.58845   37  423          - 4858.68051      -   152 2491s
 23366 20281 5982.47532   44  272          - 4858.68051      -   153 2507s
 23566 20386 6114.41373   57  204          - 4858.68051      -   152 2524s
 23611 20386 6385.98694   80   49          - 4858.68051      -   152 2525s
 23687 20546 6457.97500   88   12          - 4858.99759      -   152 2545s
 23876 20618 5272.82993   29  545          - 4858.99759      -   152 2560s
 23929 20698 5560.38431   41  167          - 4858.99759      -   153 2574s
 23944 20698 5646.80934   47  132          - 4858.99759      -   153 2585s
 24023 20875 5836.65643   51  187          - 4858.99759      -   153 2602s
 24250 20907 7390.41083  159   26          - 4858.99759      -   153 2605s
 24283 21065 5983.87507   75   71          - 4858.99759      -   153 2621s
 24488 21264 6565.12589  106   67          - 4861.02149      -   153 2640s
 24737 21378 5334.66573   24  298          - 4861.02149      -   152 2655s
 24811 21594 5670.36052   40  169          - 4861.02149      -   152 2672s
 25045 21767 5888.44209   62  163          - 4861.02149      -   152 2693s
 25231 22052 6244.13000  102   31          - 4861.02149      -   151 2718s
 25428 22089 7513.83000  160   18          - 4861.02149      -   151 2720s
 25586 22138 6299.10000  105   12          - 4861.57234      -   150 2736s
 25698 22225 5347.79649   34  528          - 4861.57234      -   150 2753s
 25753 22371 5816.62461   47  112          - 4861.57234      -   151 2769s
 25927 22549 5966.28016   57   89          - 4861.57234      -   151 2789s
 26042 22551 7176.22694  114   16          - 4861.57234      -   151 2790s
 26161 22700 6238.80377   79   85          - 4863.31102      -   150 2808s
 26335 22810 5169.35379   25  481          - 4863.31102      -   150 2825s
 26416 22881 5778.60504   35  279          - 4863.31102      -   151 2846s
 26493 22989 5932.57446   41  201          - 4863.31102      -   151 2863s
 26628 23150 6164.72016   56   94          - 4863.31102      -   151 2888s
 26770 23165 7500.04495  147   17          - 4863.31102      -   151 2890s
 26854 23319 6400.69572   74   88          - 4863.31102      -   151 2906s
 26983 23503 6882.27027  106   60          - 4864.12471      -   151 2924s
 27013 23503 6835.06739  117   30          - 4864.12471      -   151 2925s
 27257 23595 5186.20251   19  597          - 4864.12471      -   150 2939s
 27304 23748 5746.91267   26  364          - 4864.12471      -   150 2956s
 27471 23928 5978.88822   36  159          - 4864.12471      -   150 2987s
 27696 24032 6035.43801   46  120          - 4865.38333      -   150 3006s
 27786 24114 5101.05313   24  469          - 4865.38333      -   150 3022s
 27862 24198 5726.69273   37  214          - 4865.38333      -   150 3036s
 27964 24295 5953.57173   62  118          - 4865.38333      -   150 3051s
 28056 24468 6185.87622   73   77          - 4865.38333      -   151 3068s
 28166 24473 6772.61316  125   22          - 4865.38333      -   151 3070s
 28345 24685 6257.55344   92  115          - 4865.38333      -   150 3087s
 28518 24828 7175.56500  107   22          - 4869.41447      -   150 3106s
 28728 24899 5316.52682   23  563          - 4869.41447      -   150 3121s
 28762 24935 6279.25748   32  345          - 4869.41447      -   150 3133s
 28798 24987 5963.19106   36  396          - 4869.41447      -   150 3147s
 28850 25067 6131.29613   49  269          - 4869.41447      -   151 3161s
 28930 25153 6308.87191   65   99          - 4869.41447      -   151 3175s
 29016 25305 6540.07210   80   41          - 4869.41447      -   151 3191s
 29168 25483 6859.87235  124    7          - 4870.26862      -   151 3210s
 29455 25615 5119.42975   24  563          - 4870.26862      -   151 3232s
 29539 25753 5935.63284   35  276          - 4870.26862      -   151 3247s
 29710 25851 6059.00999   43  270          - 4870.26862      -   151 3263s
 29831 25913 6172.54118   55  149          - 4870.26862      -   151 3305s
 29873 25987 6356.19859   65  146          - 4870.26862      -   151 3319s
 29947 26146 6530.52316   89   64          - 4871.16085      -   151 3338s
 29977 26151 6757.11500  106    5          - 4871.16085      -   151 3347s
 30240 26279 5201.46348   24  274          - 4871.16085      -   151 3362s
 30306 26388 5651.33754   44  203          - 4871.16085      -   151 3376s
 30415 26572 5804.25819   67  112          - 4871.16085      -   151 3415s
 30635 26686 6387.14585  102   17          - 4873.66744      -   151 3432s
 30851 26773 5325.07516   25  494          - 4873.66744      -   151 3446s
 30879 26819 5817.74125   34  351          - 4873.66744      -   151 3459s
 30925 26891 5812.89564   42  240          - 4873.66744      -   151 3472s
 30997 27030 5920.49386   61   23          - 4873.66744      -   152 3486s
 31170 27228 6247.64522   79   63          - 4873.99487      -   152 3508s
 31409 27326 5298.03096   26  604          - 4873.99487      -   151 3526s
 31524 27384 5768.20428   32  341          - 4873.99487      -   151 3541s
 31561 27457 5975.26147   40  205          - 4873.99487      -   152 3555s
 31634 27560 6124.68403   59   86          - 4873.99487      -   152 3570s
 31739 27839 6308.75287   82   47          - 4878.92105      -   152 3602s

Cutting planes:
  User: 3370
  Gomory: 8
  Cover: 394
  Implied bound: 214
  Projected implied bound: 5
  Clique: 55
  MIR: 123
  StrongCG: 2
  Flow cover: 341
  Zero half: 114
  Network: 6
  RLT: 286
  Relax-and-lift: 6
  Lazy constraints: 8828

Explored 32139 nodes (4861610 simplex iterations) in 3605.85 seconds
Thread count was 2 (of 32 available processors)

Solution count 0

Time limit reached
Best objective -, best bound 4.878921051183e+03, gap -

User-callback calls 270798, time in user-callback 707.36 sec
writeSolution() exp: Unable to retrieve attribute 'X'
================================================================================
executing instance: ./input/Instances/Original/5/absH3low_4n25.dat
--------------------------------------------------------------------------------
Instance details
n	26
H	3
C	2029
Li:
[0, 0, 0, 0, 0, 0, 0, 0, 0, 0, 0, 0, 0, 0, 0, 0, 0, 0, 0, 0, 0, 0, 0, 0, 0, 0, ]
Ui:
[0, 34, 165, 76, 88, 188, 58, 279, 52, 132, 198, 142, 135, 165, 186, 58, 201, 196, 40, 183, 32, 90, 168, 126, 93, 146, ]
Distance matrix:
|0	299	188	235	91	202	152	147	162	277	268	132	71	162	220	69	220	289	241	124	265	80	162	132	66	302	|
|299	0	468	431	282	142	317	425	443	569	193	178	359	302	422	231	93	28	511	325	457	242	434	215	240	601	|
|188	468	0	153	265	342	308	43	192	106	455	290	117	206	142	246	379	464	252	274	360	267	211	319	231	184	|
|235	431	153	0	326	289	386	145	321	240	482	269	184	129	15	258	339	436	393	355	477	305	336	354	237	334	|
|91	282	265	326	0	228	66	228	166	339	196	157	154	242	311	99	225	264	229	50	201	47	153	71	115	340	|
|202	142	342	289	228	0	285	301	363	447	255	73	245	161	281	139	53	151	440	278	428	181	360	187	136	495	|
|152	317	308	386	66	285	0	275	167	368	188	217	207	308	371	163	274	295	210	34	145	108	148	104	181	350	|
|147	425	43	145	228	301	275	0	179	146	415	248	76	172	131	203	337	421	248	242	341	227	195	279	188	211	|
|162	443	192	321	166	363	167	179	0	216	352	291	152	302	307	225	375	428	81	138	170	201	22	237	227	183	|
|277	569	106	240	339	447	368	146	216	0	535	391	210	312	232	341	481	562	245	335	381	352	238	402	329	106	|
|268	193	455	482	196	255	188	415	352	535	0	225	339	367	469	224	212	165	398	214	302	188	335	136	245	533	|
|132	178	290	269	157	73	217	248	291	391	225	0	183	145	258	66	91	175	367	207	358	110	287	127	67	431	|
|71	359	117	184	154	245	207	76	152	210	339	183	0	152	169	131	274	352	232	174	294	151	161	203	119	251	|
|162	302	206	129	242	161	308	172	302	312	367	145	152	0	120	153	210	308	383	284	426	208	309	249	132	383	|
|220	422	142	15	311	281	371	131	307	232	469	258	169	120	0	245	330	427	379	340	461	291	321	340	224	324	|
