




arguments: ./build/bc_mirp -f ./input/orig_exec_69.cfg
Current dir: /scratch/gui/bc_mirp
File verbosity level: 9
date       time         ( uptime  ) [ thread name/id ]                   file:line     v| 
2021-02-07 06:23:02.886 (   0.144s) [main thread     ]             loguru.cpp:789   INFO| Logging to './output/vi_vc+cus/OU/V3/Original/execution_07_02_2021_06_23_02.log', mode: 'a', verbosity: 9
--------------------------------------------------------------------------------
Parameters
                           instance_path           ./input/Instances/Original/2/
                            model_policy                                       1
                             nb_vehicles                                       3
                              output_dir      ./output/vi_vc+cus/OU/V3/Original/
                            sec_strategy                                       1
                       solver_nb_threads                                       2
                         solver_show_log                                    true
                       solver_time_limit                                    3600
                              use_vi_cos                                   false
                              use_vi_cus                                    true
                         use_vi_hc1_full                                   false
                         use_vi_hc1_half                                   false
                      use_vi_hc1_quarter                                   false
                              use_vi_hc2                                   false
                              use_vi_hc3                                   false
                         use_vi_lex_full                                   false
                         use_vi_lex_half                                   false
                      use_vi_lex_quarter                                   false
                              use_vi_qua                                   false
                               use_vi_vc                                    true
                               use_vi_vr                                   false
--------------------------------------------------------------------------------
executing instance: ./input/Instances/Original/2/absH3high_3n40.dat
--------------------------------------------------------------------------------
Instance details
n	41
H	3
C	3283
Li:
[0, 0, 0, 0, 0, 0, 0, 0, 0, 0, 0, 0, 0, 0, 0, 0, 0, 0, 0, 0, 0, 0, 0, 0, 0, 0, 0, 0, 0, 0, 0, 0, 0, 0, 0, 0, 0, 0, 0, 0, 0, ]
Ui:
[0, 63, 111, 99, 96, 111, 282, 122, 156, 261, 42, 192, 126, 42, 162, 207, 159, 122, 102, 190, 118, 102, 132, 102, 165, 252, 66, 52, 22, 114, 210, 176, 116, 294, 78, 152, 210, 45, 130, 198, 174, ]
Distance matrix:
|0	208	225	252	227	143	258	127	267	150	28	83	163	286	57	149	201	137	214	255	70	73	107	186	328	266	249	343	222	177	293	144	262	215	167	120	169	218	143	173	255	|
|208	0	397	355	416	198	216	99	211	275	193	172	97	166	240	225	362	109	277	314	182	216	273	374	298	208	319	161	14	103	93	120	58	196	152	156	372	227	260	218	453	|
|225	397	0	427	53	364	482	343	492	129	253	225	382	386	171	188	39	291	187	195	295	182	282	55	326	491	180	551	408	315	457	366	455	275	392	244	221	439	341	214	101	|
|252	355	427	0	401	158	201	263	219	396	234	328	259	498	299	400	420	354	465	506	205	324	152	374	574	219	499	393	366	389	446	235	378	456	205	359	224	150	111	423	400	|
|227	416	53	401	0	357	477	352	489	165	253	245	389	424	179	223	85	315	234	245	293	200	264	42	375	488	231	565	428	344	484	370	474	314	392	270	184	430	325	252	50	|
|143	198	364	158	357	0	121	105	134	290	116	196	103	342	200	276	343	205	343	385	74	210	112	319	432	133	382	265	209	237	290	78	226	313	57	220	232	75	69	292	375	|
|258	216	482	201	477	121	0	168	18	397	230	293	135	381	314	372	459	275	437	480	188	317	228	439	501	18	479	197	222	296	290	132	212	386	95	306	347	58	173	381	496	|
|127	99	343	263	352	105	168	0	171	239	105	130	40	237	173	206	313	109	270	312	84	164	175	310	337	169	313	216	112	135	192	37	142	220	77	138	280	155	162	213	382	|
|267	211	492	219	489	134	18	171	0	404	240	298	136	376	323	376	468	276	441	483	198	324	243	450	500	2	483	181	215	294	281	136	202	386	102	309	363	75	189	384	509	|
|150	275	129	396	165	290	397	239	404	0	175	110	279	259	97	59	91	166	84	116	217	80	245	130	226	402	106	434	286	187	329	269	333	149	302	119	244	364	291	87	213	|
|28	193	253	234	253	116	230	105	240	175	0	94	139	286	84	167	229	136	234	275	43	96	98	212	341	238	271	320	206	175	281	118	244	225	140	128	180	191	124	189	280	|
|83	172	225	328	245	196	293	130	298	110	94	0	169	209	77	80	191	71	147	189	127	45	189	203	247	296	187	327	184	106	241	162	230	132	198	38	242	266	217	96	285	|
|163	97	382	259	389	103	135	40	136	279	139	169	0	253	212	244	353	141	307	349	110	203	194	347	366	133	350	183	107	161	187	27	124	251	56	175	306	133	169	249	418	|
|286	166	386	498	424	342	381	237	376	259	286	209	253	0	284	201	347	151	210	230	299	247	383	387	155	374	242	290	162	112	129	270	192	113	308	172	451	386	391	172	471	|
|57	240	171	299	179	200	314	173	323	97	84	77	212	284	0	112	145	147	170	208	127	38	148	137	299	321	201	386	253	183	315	195	297	195	222	112	171	275	195	142	214	|
|149	225	188	400	223	276	372	206	376	59	167	80	244	201	112	0	149	117	67	110	205	78	254	186	187	374	108	387	235	132	272	240	283	93	277	71	279	346	291	32	270	|
|201	362	39	420	85	343	459	313	468	91	229	191	353	347	145	149	0	254	149	160	272	150	271	66	290	466	146	518	373	278	419	339	420	235	367	207	227	418	327	175	135	|
|137	109	291	354	315	205	275	109	276	166	136	71	141	151	147	117	254	0	172	212	151	116	232	273	229	274	215	270	119	39	170	145	167	111	186	47	305	263	245	113	356	|
|214	277	187	465	234	343	437	270	441	84	234	147	307	210	170	67	149	172	0	42	272	141	317	205	144	439	43	437	284	175	307	305	331	99	343	132	327	413	357	60	283	|
|255	314	195	506	245	385	480	312	483	116	275	189	349	230	208	110	160	212	42	0	314	182	356	222	132	481	15	474	321	212	337	347	367	126	385	174	358	455	398	100	295	|
|70	182	295	205	293	74	188	84	198	217	43	127	110	299	127	205	272	151	272	314	0	137	91	253	370	196	310	292	195	188	274	85	226	252	99	155	197	148	94	223	316	|
|73	216	182	324	200	210	317	164	324	80	96	45	203	247	38	78	150	116	141	182	137	0	176	158	263	323	176	369	229	150	286	191	274	157	223	77	208	284	216	106	239	|
|107	273	282	152	264	112	228	175	243	245	98	189	194	383	148	254	271	232	317	356	91	176	0	231	435	242	349	371	286	271	365	167	315	321	164	224	120	174	61	280	274	|
|186	374	55	374	42	319	439	310	450	130	212	203	347	387	137	186	66	273	205	222	253	158	231	0	348	448	208	523	386	303	442	329	431	279	352	229	167	392	291	217	85	|
|328	298	326	574	375	432	501	337	500	226	341	247	366	155	299	187	290	229	144	132	370	263	435	348	0	498	147	441	299	206	283	374	338	119	414	215	465	492	463	157	425	|
|266	208	491	219	488	133	18	169	2	402	238	296	133	374	321	374	466	274	439	481	196	323	242	448	498	0	481	180	213	292	278	134	200	384	100	307	362	75	188	381	508	|
|249	319	180	499	231	382	479	313	483	106	271	187	350	242	201	108	146	215	43	15	310	176	349	208	147	481	0	480	326	217	346	347	373	135	385	175	347	454	392	103	280	|
|343	161	551	393	565	265	197	216	181	434	320	327	183	290	386	387	518	270	437	474	292	369	371	523	441	180	480	0	153	263	163	207	107	352	208	317	487	244	334	379	598	|
|222	14	408	366	428	209	222	112	215	286	206	184	107	162	253	235	373	119	284	321	195	229	286	386	299	213	326	153	0	109	81	132	48	201	162	167	386	236	272	226	466	|
|177	103	315	389	344	237	296	135	294	187	175	106	161	112	183	132	278	39	175	212	188	150	271	303	206	292	217	263	109	0	142	171	156	95	211	74	344	289	281	118	386	|
|293	93	457	446	484	290	290	192	281	329	281	241	187	129	315	272	419	170	307	337	274	286	365	442	283	278	346	163	81	142	0	212	79	211	241	214	461	311	353	254	525	|
|144	120	366	235	370	78	132	37	136	269	118	162	27	270	195	240	339	145	305	347	85	191	167	329	374	134	347	207	132	171	212	0	151	257	40	174	280	119	142	248	398	|
|262	58	455	378	474	226	212	142	202	333	244	230	124	192	297	283	420	167	331	367	226	274	315	431	338	200	373	107	48	156	79	151	0	245	173	214	421	237	293	273	510	|
|215	196	275	456	314	313	386	220	386	149	225	132	251	113	195	93	235	111	99	126	252	157	321	279	119	384	135	352	201	95	211	257	245	0	297	97	365	374	345	62	362	|
|167	152	392	205	392	57	95	77	102	302	140	198	56	308	222	277	367	186	343	385	99	223	164	352	414	100	385	208	162	211	241	40	173	297	0	213	283	79	126	287	415	|
|120	156	244	359	270	220	306	138	309	119	128	38	175	172	112	71	207	47	132	174	155	77	224	229	215	307	175	317	167	74	214	174	214	97	213	0	280	286	248	75	313	|
|169	372	221	224	184	232	347	280	363	244	180	242	306	451	171	279	227	305	327	358	197	208	120	167	465	362	347	487	386	344	461	280	421	365	283	280	0	291	175	310	176	|
|218	227	439	150	430	75	58	155	75	364	191	266	133	386	275	346	418	263	413	455	148	284	174	392	492	75	454	244	236	289	311	119	237	374	79	286	291	0	116	359	445	|
|143	260	341	111	325	69	173	162	189	291	124	217	169	391	195	291	327	245	357	398	94	216	61	291	463	188	392	334	272	281	353	142	293	345	126	248	175	116	0	313	335	|
|173	218	214	423	252	292	381	213	384	87	189	96	249	172	142	32	175	113	60	100	223	106	280	217	157	381	103	379	226	118	254	248	273	62	287	75	310	359	313	0	300	|
|255	453	101	400	50	375	496	382	509	213	280	285	418	471	214	270	135	356	283	295	316	239	274	85	425	508	280	598	466	386	525	398	510	362	415	313	176	445	335	300	0	|

--------------------------------------------------------------------------------
Building model...
	using lazy and cut (CVRPSEP package)
Solving IRP LP...
--------------------------------------------------------------------------------

Gurobi 9.1.0 (linux64) logging started Sun Feb  7 06:23:03 2021

Gurobi Optimizer version 9.1.0 build v9.1.0rc0 (linux64)
Thread count: 32 physical cores, 32 logical processors, using up to 2 threads
Optimize a model with 1277 rows, 8273 columns and 19772 nonzeros
Model fingerprint: 0x52ecc5a1
Variable types: 524 continuous, 7749 integer (369 binary)
Coefficient statistics:
  Matrix range     [1e+00, 1e+03]
  Objective range  [1e-01, 6e+02]
  Bounds range     [1e+00, 3e+02]
  RHS range        [1e+00, 6e+03]
Presolve removed 364 rows and 161 columns
Presolve time: 0.09s
Presolved: 913 rows, 8112 columns, 18207 nonzeros
Variable types: 322 continuous, 7790 integer (7406 binary)

Root relaxation: objective 1.227419e+04, 968 iterations, 0.02 seconds

    Nodes    |    Current Node    |     Objective Bounds      |     Work
 Expl Unexpl |  Obj  Depth IntInf | Incumbent    BestBd   Gap | It/Node Time

     0     0 12274.1946    0  120          - 12274.1946      -     -    0s
     0     0 12722.2758    0  137          - 12722.2758      -     -    0s
     0     0 12722.9295    0  132          - 12722.9295      -     -    0s
     0     0 13307.1666    0  207          - 13307.1666      -     -    0s
     0     0 13457.5451    0  175          - 13457.5451      -     -    0s
     0     0 13460.3323    0  209          - 13460.3323      -     -    0s
     0     0 13466.9300    0  224          - 13466.9300      -     -    0s
     0     0 13482.1425    0  241          - 13482.1425      -     -    0s
     0     0 13482.7177    0  228          - 13482.7177      -     -    1s
     0     0 13607.2567    0  260          - 13607.2567      -     -    1s
     0     0 13620.1361    0  273          - 13620.1361      -     -    1s
     0     0 13622.6498    0  281          - 13622.6498      -     -    1s
     0     0 13623.7318    0  303          - 13623.7318      -     -    1s
     0     0 13661.2488    0  315          - 13661.2488      -     -    1s
     0     0 13668.9778    0  333          - 13668.9778      -     -    1s
     0     0 13676.8338    0  282          - 13676.8338      -     -    1s
     0     0 13684.6090    0  281          - 13684.6090      -     -    1s
     0     0 13715.4255    0  297          - 13715.4255      -     -    1s
     0     0 13724.6126    0  286          - 13724.6126      -     -    2s
     0     0 13731.4980    0  311          - 13731.4980      -     -    2s
     0     0 13734.2749    0  303          - 13734.2749      -     -    2s
     0     0 13734.4149    0  304          - 13734.4149      -     -    2s
     0     0 13778.6930    0  300          - 13778.6930      -     -    2s
     0     0 13788.1679    0  342          - 13788.1679      -     -    2s
     0     0 13790.4172    0  378          - 13790.4172      -     -    3s
     0     0 13803.0236    0  358          - 13803.0236      -     -    3s
     0     0 13803.0236    0  326          - 13803.0236      -     -    3s
     0     2 13803.0236    0  326          - 13803.0236      -     -    3s
    19    22 13843.7094    6  365          - 13815.1881      -   287    5s
   155   161 14463.1736   43  206          - 13815.1881      -   220   10s
   472   472 13883.9434    4  463          - 13821.3227      -   128   15s
   681   660 13999.4583   12  356          - 13821.3227      -   117   20s
   730   703 14002.9787    9  433          - 13821.3227      -   126   25s
   749   716 15399.3041   89  519          - 13905.3853      -   123   30s
   764   726 14096.5157   17  424          - 13933.1482      -   121   35s
   782   739 15293.9157  101  145          - 13937.1799      -   136   40s
   796   749 14034.4100    8  478          - 13938.1984      -   134   46s
   810   758 15680.5890  124  481          - 13939.9863      -   132   50s
   812   759 15892.8245  123  477          - 13943.6907      -   131   57s
   815   764 13944.9577   29  370          - 13943.6907      -   141   61s
   831   775 13984.3319   33  416          - 13948.7560      -   151   65s
   882   812 14044.0403   44  386          - 13948.7560      -   164   70s
   941   856 14082.8213   58  356          - 13948.7560      -   174   75s
  1053   945 14204.7315   77  330          - 13948.7560      -   177   80s
  1198  1045 14266.2270   96  264          - 13948.7560      -   174   85s
  1336  1143 14447.8849  127  272          - 13948.7560      -   172   90s
  1507  1259 14761.7262  161  243          - 13948.7560      -   168   96s
  1630  1367 14747.8406  185  253          - 13948.7560      -   165  100s
  1846  1525 14927.2133  224  209          - 13948.7560      -   158  105s
  2122  1789 15199.2656  262  182          - 13948.7560      -   148  111s
* 2176  1732             462    17189.560000 13948.7560  18.9%   146  111s
  2282  1610 15286.7261  276  165 17189.5600 13948.7560  18.9%   141  117s
H 2284  1505                    16684.760000 13948.7560  16.4%   141  117s
  2292  1516 15631.1221  276  159 16684.7600 13948.7560  16.4%   141  123s
  2316  1504 infeasible  286      16684.7600 13969.7505  16.3%   141  125s
  2360  1531 14172.5456   39  424 16684.7600 13999.5084  16.1%   146  131s
  2390  1550 14267.0081   49  367 16684.7600 13999.5084  16.1%   149  136s
  2412  1571 14277.2694   55  344 16684.7600 13999.5084  16.1%   152  140s
  2461  1607 14370.3671   71  298 16684.7600 13999.5084  16.1%   155  146s
  2512  1672 14494.3396   88  247 16684.7600 13999.5084  16.1%   157  150s
  2551  1659 14153.2850   72  346 16684.7600 13999.5084  16.1%   156  181s
  2574  1725 14623.9412  123  224 16684.7600 13999.5084  16.1%   157  186s
  2637  1789 15015.8642  149  173 16684.7600 13999.5084  16.1%   156  191s
  2733  1881 15207.7875  202  154 16684.7600 13999.5084  16.1%   154  196s
  2846  1936 15310.9058  291  155 16684.7600 13999.5268  16.1%   151  201s
  2957  1935 14080.1829   35  393 16684.7600 13999.5268  16.1%   147  211s
  2984  1997 14127.8544   41  398 16684.7600 13999.5268  16.1%   148  218s
  3023  2042 14205.0028   46  387 16684.7600 13999.5268  16.1%   150  221s
  3109  2137 14323.8836   58  290 16684.7600 13999.5268  16.1%   152  227s
  3163  2227 14402.1872   75  155 16684.7600 13999.5268  16.1%   152  230s
H 3277  2277                    16651.760000 13999.5268  15.9%   151  234s
  3311  2391 14861.0609  134  176 16651.7600 13999.5268  15.9%   153  237s
  3425  2468 14973.0026  210  195 16651.7600 13999.5268  15.9%   151  241s
  3502  2629 15336.1926  238  137 16651.7600 13999.5268  15.9%   151  245s
  3669  2666     cutoff  349      16651.7600 14003.2293  15.9%   147  250s
  3749  2756 14128.8989   42  447 16651.7600 14003.2293  15.9%   149  257s
  3810  2811 14159.7158   46  362 16651.7600 14003.2293  15.9%   149  261s
  3865  2871 14165.9950   48  416 16651.7600 14003.2293  15.9%   150  266s
  3993  2917 14267.3357   54  383 16651.7600 14003.2293  15.9%   148  270s
  4039  3068 14294.0547   60  351 16651.7600 14003.2293  15.9%   149  275s
  4227  3093 14421.1300   68  264 16651.7600 14003.2293  15.9%   145  291s
  4252  3127 14603.0589   75  238 16651.7600 14003.2293  15.9%   146  296s
  4286  3301 14692.2410   87  208 16651.7600 14003.2293  15.9%   147  300s
  4460  3792 15096.9686  153   23 16651.7600 14003.2293  15.9%   145  306s
  4960  3806 15906.6365  254  113 16651.7600 14003.2293  15.9%   133  326s
  5009  3885 16254.2852  271   55 16651.7600 14004.0274  15.9%   132  331s
  5131  3986 14729.0565   47  131 16651.7600 14013.2238  15.8%   131  336s
  5272  4047 14198.2838   40  367 16651.7600 14019.4799  15.8%   131  341s
  5313  4266 14346.9730   58  307 16651.7600 14019.4799  15.8%   132  345s
  5532  4744 14739.9011  156   42 16651.7600 14019.5108  15.8%   130  353s
  6077  4902 14277.1779   41  259 16651.7600 14019.5108  15.8%   121  361s
  6255  5046 15157.8692   61  106 16651.7600 14019.5108  15.8%   120  367s
  6419  5225 16534.2931  122   50 16651.7600 14023.6984  15.8%   120  375s
  6663  5348 14344.7799   49  391 16651.7600 14024.6406  15.8%   117  381s
  6813  5449 15662.3497  134  118 16651.7600 14027.6680  15.8%   117  386s
  6936  5607 14302.2465   60  325 16651.7600 14027.8363  15.8%   117  392s
  7094  5893 15501.4713  166   55 16651.7600 14028.9399  15.8%   117  398s
  7422  6166 14481.2181   50  286 16651.7600 14031.0050  15.7%   114  407s
  7695  6429 15884.2084  231   91 16651.7600 14041.3416  15.7%   113  417s
  7989  6498 14356.9559   47  184 16651.7600 14041.5172  15.7%   111  425s
  8058  6753 14645.2923   74   78 16651.7600 14042.6937  15.7%   112  432s
  8391  6954     cutoff  233      16651.7600 14042.7134  15.7%   110  441s
  8575  7210 15060.7168   69  217 16651.7600 14043.3835  15.7%   111  449s
  8688  7214 14340.6326   42  328 16651.7600 14043.3835  15.7%   111  450s
  8870  7256     cutoff  156      16651.7600 14044.2958  15.7%   110  457s
  8920  7468 14853.3114   49  306 16651.7600 14045.1167  15.7%   112  464s
  8952  7468 15415.5649   81   86 16651.7600 14045.1167  15.7%   112  465s
  9163  7554 infeasible  174      16651.7600 14047.4150  15.6%   111  472s
  9294  7712 14554.8786   71   53 16651.7600 14049.3163  15.6%   111  480s
  9453  7779 14336.7421   49  131 16651.7600 14049.4156  15.6%   112  487s
  9517  7781 14478.6312   64   45 16651.7600 14049.4156  15.6%   113  500s
  9519  8180 14496.9827   62   54 16651.7600 14049.4156  15.6%   113  507s
  9886  8181 15447.7539  228   53 16651.7600 14049.4156  15.6%   111  510s
  9920  8546 14859.5882  147   37 16651.7600 14049.4326  15.6%   111  517s
 10343  8671 14430.9340   52  300 16651.7600 14049.9461  15.6%   109  527s
 10517  8733     cutoff  147      16651.7600 14051.1060  15.6%   109  534s
*10555  8544             208    16500.870000 14051.2508  14.8%   109  534s
*10556  8544             208    16500.720000 14051.2508  14.8%   109  534s
*10557  8191             208    16301.980000 14051.2508  13.8%   109  534s
 10579  8422 14841.3895   49  200 16301.9800 14051.2681  13.8%   110  543s
 10871  8629 14203.3942   41  343 16301.9800 14051.5455  13.8%   109  552s
 11109  8805 16241.2600  181    - 16301.9800 14051.6401  13.8%   109  560s
 11313  8947     cutoff  181      16301.9800 14052.6246  13.8%   109  569s
 11476  8947 14465.9219   51  431 16301.9800 14052.6610  13.8%   109  570s
 11478  9083 14804.8240   67  216 16301.9800 14055.5085  13.8%   109  576s
 11626  9337 14408.1235   51  277 16301.9800 14055.8933  13.8%   110  585s
 11930  9724 14440.7728   40  284 16301.9800 14064.4737  13.7%   109  594s
 12105  9724 15787.1627  215   82 16301.9800 14064.4737  13.7%   108  595s
 12351  9770 14394.4857   55  445 16301.9800 14064.7643  13.7%   107  602s
 12394  9905 14828.5720   66  215 16301.9800 14064.7643  13.7%   108  609s
 12545 10072 15110.7464   74  143 16301.9800 14067.8717  13.7%   108  617s
 12754 10154 14222.5822   45  455 16301.9800 14067.9600  13.7%   108  627s
 12824 10594 14551.4095   70  103 16301.9800 14070.3253  13.7%   109  635s
 13300 10870 15907.8200  210    - 16301.9800 14071.0046  13.7%   107  645s
 13626 11094 16059.5978  211   14 16301.9800 14071.7218  13.7%   106  656s
 13867 11196 16175.8200  213    - 16301.9800 14074.1948  13.7%   106  664s
*13868 11006             213    16222.820000 14074.1948  13.2%   106  664s
*13992 11134             213    16193.820000 14077.2241  13.1%   106  671s
 14209 11277 15206.6870   87  104 16193.8200 14077.3543  13.1%   106  679s
 14309 11277 15982.5399  186   46 16193.8200 14077.3543  13.1%   105  680s
 14365 11528 14491.7519   54  258 16193.8200 14077.3543  13.1%   106  688s
 14597 11528 15894.0877  283   58 16193.8200 14077.3543  13.1%   105  690s
 14630 11728 14710.1709   70  252 16193.8200 14077.3543  13.1%   105  696s
 14844 11878 15285.8973  126  115 16193.8200 14077.4683  13.1%   105  705s
 15026 12087 14846.2206   60  253 16193.8200 14079.3970  13.1%   105  714s
 15151 12087 15694.7976  185   34 16193.8200 14079.3970  13.1%   105  715s
 15253 12251     cutoff  190      16193.8200 14079.9013  13.1%   105  722s
*15406 12111             185    16153.630000 14080.4851  12.8%   105  723s
*15407 12093             185    16149.630000 14080.4851  12.8%   105  723s
*15413 12044             183    16135.590000 14080.4851  12.7%   105  723s
*15416 11865             182    16087.630000 14080.4851  12.5%   105  723s
 15441 12026 15038.8764   78  174 16087.6300 14081.1903  12.5%   105  730s
 15618 12289 14395.5766   58  361 16087.6300 14081.5304  12.5%   105  740s
 15892 12366 15246.2008  120  150 16087.6300 14083.1030  12.5%   104  749s
 15978 12481 14523.4241   58  242 16087.6300 14083.3783  12.5%   105  756s
*16103  6279             111    15026.330000 14085.9689  6.26%   105  763s
 16200  6355     cutoff   71      15026.3300 14087.3218  6.25%   106  771s
 16333  6444 14540.9309   65  253 15026.3300 14087.4320  6.25%   106  778s
 16443  6526 14599.3684   47  295 15026.3300 14089.6047  6.23%   107  784s
 16471  6526 14985.7194   70  159 15026.3300 14089.6047  6.23%   107  785s
 16537  6623 14624.1852   48  276 15026.3300 14089.6541  6.23%   107  791s
 16656  6709 14353.3504   62  384 15026.3300 14091.2727  6.22%   108  799s
 16761  6816 14482.6261   43  284 15026.3300 14091.9499  6.22%   108  806s
 16894  6910 14517.1527   49  336 15026.3300 14095.2673  6.20%   108  813s
 17001  7019 14195.2980   35  431 15026.3300 14095.6573  6.19%   109  820s
 17119  7093 14804.8316   96  126 15026.3300 14097.1561  6.18%   109  827s
 17215  7194 14580.7315   55   48 15026.3300 14097.2135  6.18%   110  835s
 17316  7319 14614.3831   93   18 15026.3300 14097.8423  6.18%   111  843s
 17493  7378     cutoff  126      15026.3300 14097.8846  6.18%   111  850s
 17557  7482 14625.7009   65  206 15026.3300 14099.8244  6.17%   112  857s
 17700  7606 14508.1665   53  244 15026.3300 14100.2246  6.16%   112  865s
 17856  7699 14406.8077   52  272 15026.3300 14100.5667  6.16%   112  873s
 17981  7779 14356.7362   47  359 15026.3300 14101.6000  6.15%   113  881s
 18078  7881 14258.9008   44  423 15026.3300 14101.6298  6.15%   113  889s
 18188  8011 14390.8761   38  348 15026.3300 14101.6298  6.15%   113  897s
 18332  8124 14918.7022   72   70 15026.3300 14102.3146  6.15%   114  905s
 18485  8184 14903.4368   70  106 15026.3300 14104.7621  6.13%   114  912s
 18557  8236 14977.1463   69  187 15026.3300 14104.8477  6.13%   115  919s
 18632  8301 14699.6354   77  305 15026.3300 14106.8629  6.12%   115  926s
 18717  8398 14732.6055   63  168 15026.3300 14107.1086  6.12%   116  934s
 18823  8398 14888.8777   69  237 15026.3300 14110.7940  6.09%   116  935s
 18840  8485 14529.2359   61  345 15026.3300 14110.9408  6.09%   116  941s
 18934  8614 14404.0869   60  325 15026.3300 14111.2182  6.09%   117  949s
 18974  8614 14395.7368   54  357 15026.3300 14111.2182  6.09%   117  950s
 19090  8811 14404.4309   56  318 15026.3300 14112.8417  6.08%   117  958s
 19307  8929 14540.5526   55  375 15026.3300 14113.5709  6.07%   117  967s
 19445  9028 14361.4697   52  276 15026.3300 14114.1778  6.07%   117  975s
 19572  9075 14210.0067   51  457 15026.3300 14115.2823  6.06%   117  983s
 19621  9114 14818.3705   59  322 15026.3300 14115.4704  6.06%   118  990s
 19686  9364 14358.0978   51  321 15026.3300 14116.2326  6.06%   119  998s
 19899  9364 14733.5244  101   52 15026.3300 14116.8557  6.05%   119 1000s
 19995  9452 14242.0358   58  486 15026.3300 14116.8557  6.05%   118 1007s
 20094  9523     cutoff  109      15026.3300 14118.2533  6.04%   119 1015s
 20191  9577 14484.0528   42  385 15026.3300 14120.3536  6.03%   119 1025s
 20271  9648 14572.1514   47  289 15026.3300 14121.6837  6.02%   120 1032s
 20368  9838 14733.2950   65  187 15026.3300 14122.2557  6.02%   120 1041s
 20594  9882 14154.8956   39  521 15026.3300 14123.2448  6.01%   120 1049s
 20638  9964 14605.0762   53  132 15026.3300 14123.5685  6.01%   120 1056s
 20748 10029 14665.3693   63  373 15026.3300 14124.5246  6.00%   121 1064s
 20829 10126 14998.7825   55  146 15026.3300 14125.1051  6.00%   122 1072s
 20966 10208 14916.3532   75  196 15026.3300 14127.2700  5.98%   122 1081s
 21098 10324 14206.8103   38  414 15026.3300 14128.2970  5.98%   122 1090s
 21214 10528 14568.1633   79   95 15026.3300 14128.6819  5.97%   122 1099s
 21239 10528 14661.4466   93  124 15026.3300 14128.6819  5.97%   123 1100s
 21473 10633 14273.3286   41  364 15026.3300 14128.9210  5.97%   122 1108s
 21590 10731     cutoff  101      15026.3300 14129.3159  5.97%   123 1118s
 21711 10790 14964.4268   83  134 15026.3300 14130.2772  5.96%   123 1127s
 21799 10891 14429.8960   43  366 15026.3300 14130.7700  5.96%   123 1135s
 21922 11000 14398.3881   45  289 15026.3300 14130.9676  5.96%   124 1144s
 22005 11000 14975.6683  131   81 15026.3300 14131.6787  5.95%   124 1145s
 22067 11097 14364.8744   63  344 15026.3300 14132.1484  5.95%   124 1153s
 22187 11099 14243.6925   58  411 15026.3300 14133.7394  5.94%   124 1164s
 22189 11270 14245.4757   59  439 15026.3300 14134.0283  5.94%   124 1173s
 22397 11336 14365.3312   35  401 15026.3300 14135.2796  5.93%   124 1182s
 22475 11441 14768.2188   61  267 15026.3300 14136.0117  5.93%   125 1191s
 22603 11503 14471.2780   62  228 15026.3300 14136.6732  5.92%   125 1202s
 22662 11793 14641.1501   82   76 15026.3300 14137.0155  5.92%   125 1212s
 23002 11925 infeasible  145      15026.3300 14138.1107  5.91%   125 1222s
 23153 12039 14426.4062   40  312 15026.3300 14138.5309  5.91%   125 1231s
 23306 12148 14544.8770   50  175 15026.3300 14139.1843  5.90%   125 1240s
 23436 12236     cutoff   87      15026.3300 14139.3466  5.90%   126 1249s
 23467 12236 14942.4737   85  229 15026.3300 14139.3466  5.90%   126 1250s
 23547 12322 14378.8402   47  431 15026.3300 14139.4725  5.90%   126 1337s
 23651 12379 14577.3898   48  323 15026.3300 14139.5991  5.90%   127 1346s
 23754 12444 14652.7588   69  307 15026.3300 14140.1501  5.90%   127 1355s
 23837 12506 14604.9548   48  387 15026.3300 14140.4786  5.90%   128 1363s
 23937 12590 14243.6626   57  486 15026.3300 14140.5651  5.89%   128 1372s
 24027 12635 15001.2163   84  165 15026.3300 14140.6109  5.89%   129 1391s
H24038  8562                    14791.780000 14140.6109  4.40%   129 1391s
 24104  8645 14524.5455   39  307 14791.7800 14142.4430  4.39%   129 1400s
 24245  8728 14289.7748   67  315 14791.7800 14143.8049  4.38%   129 1409s
 24354  8791 14677.5804   49  270 14791.7800 14144.1852  4.38%   130 1418s
 24439  8888 14539.4809   69  259 14791.7800 14144.5216  4.38%   130 1427s
 24570  8982 14590.3347   73  118 14791.7800 14144.8644  4.37%   131 1437s
 24713  9057 14441.0432   54  337 14791.7800 14145.9695  4.37%   131 1446s
 24818  9116 14719.4366   81  243 14791.7800 14147.3993  4.36%   131 1455s
 24910  9174 14457.0408   64  344 14791.7800 14147.8325  4.35%   132 1464s
 24997  9244 14408.2035   52  333 14791.7800 14148.6421  4.35%   132 1474s
 25103  9319 14239.3209   43  467 14791.7800 14148.9635  4.35%   133 1484s
 25198  9389 14226.5855   59  463 14791.7800 14148.9719  4.35%   134 1493s
 25268  9510 14601.7882   75  137 14791.7800 14149.2190  4.34%   134 1503s
 25477  9575 14686.3033   70  209 14791.7800 14149.8003  4.34%   134 1513s
 25566  9665 14661.8510   44  300 14791.7800 14150.0139  4.34%   135 1522s
 25690  9747 14431.3385   57  277 14791.7800 14150.9216  4.33%   135 1532s
 25799  9822 14422.2212   45  303 14791.7800 14151.8492  4.33%   136 1541s
 25904  9981 14414.0926   52  188 14791.7800 14151.9494  4.33%   136 1552s
 26085 10073 14345.2168   49  474 14791.7800 14153.1459  4.32%   137 1562s
 26197 10116 14357.9765   42  278 14791.7800 14153.4099  4.32%   137 1571s
 26290 10196 14343.7263   46  373 14791.7800 14153.8032  4.31%   138 1581s
 26394 10314 14626.2288   53  279 14791.7800 14154.0777  4.31%   138 1590s
 26554 10387 14717.1022   63  108 14791.7800 14154.1880  4.31%   139 1600s
 26679 10439 14253.1248   41  453 14791.7800 14155.8067  4.30%   139 1610s
 26747 10476 14770.2874   55  278 14791.7800 14156.1556  4.30%   140 1619s
 26826 10557 14599.1006   41  320 14791.7800 14156.1591  4.30%   140 1630s
 26933 10653 14431.9459   40  366 14791.7800 14156.5921  4.29%   141 1640s
 27127 10736     cutoff   81      14791.7800 14157.4104  4.29%   141 1651s
 27228 10800 14280.3283   51  477 14791.7800 14158.4022  4.28%   141 1661s
 27326 10920 14737.0413   63  285 14791.7800 14159.1264  4.28%   142 1671s
 27494 11040 14292.6825   41  358 14791.7800 14159.6352  4.27%   142 1683s
 27633 11116 14297.2001   60  356 14791.7800 14159.6648  4.27%   143 1693s
 27747 11187 14440.5125   55  266 14791.7800 14160.7226  4.27%   143 1703s
 27875 11322 14381.4103   51  419 14791.7800 14161.9142  4.26%   143 1714s
 27968 11322 14632.4877   80  149 14791.7800 14161.9596  4.26%   144 1715s
 28043 11444 infeasible   80      14791.7800 14162.2393  4.26%   144 1725s
 28205 11538 14317.9471   54  325 14791.7800 14162.5043  4.25%   144 1735s
 28320 11597 14765.1468   93  133 14791.7800 14162.6991  4.25%   144 1746s
 28400 11754 14424.1733   58  212 14791.7800 14163.0730  4.25%   145 1756s
 28613 11857 14278.4591   46  346 14791.7800 14164.9107  4.24%   145 1767s
 28755 11926 14384.1659   70  334 14791.7800 14165.8917  4.23%   145 1777s
 28886 11982 14343.2171   38  457 14791.7800 14167.9651  4.22%   146 1787s
 28994 12110 14771.8709   68  225 14791.7800 14168.7140  4.21%   146 1798s
 29185 12234 14503.8607   43  268 14791.7800 14170.6441  4.20%   146 1809s
 29349 12365 14532.1566   50  139 14791.7800 14172.5902  4.19%   147 1821s
 29568 12472 14759.3395   61   64 14791.7800 14172.8166  4.18%   147 1832s
 29802 12631 14349.9836   52  289 14791.7800 14173.5403  4.18%   147 1843s
 29968 12631 14723.7438   71  143 14791.7800 14173.8421  4.18%   147 1845s
 29997 12712 14326.0154   52  398 14791.7800 14173.8650  4.18%   147 1854s
 30126 12810 14299.0457   61  332 14791.7800 14174.3145  4.17%   147 1865s
 30268 12872 14632.8879   97  108 14791.7800 14174.3839  4.17%   147 1876s
 30364 12996 14501.2931   63  255 14791.7800 14175.4368  4.17%   148 1886s
 30556 13108 14571.6715   49  267 14791.7800 14175.8290  4.16%   148 1897s
 30708 13211 14520.1327   43  311 14791.7800 14176.8658  4.16%   148 1908s
 30841 13420 14540.2322   51  210 14791.7800 14177.5879  4.15%   149 1919s
 30897 13420 14486.3890   65  195 14791.7800 14177.5879  4.15%   149 1920s
 31126 13507 14531.9550   51  293 14791.7800 14177.7927  4.15%   148 1931s
 31270 13665 14368.5908   47  312 14791.7800 14178.9565  4.14%   149 1942s
 31483 13763     cutoff   84      14791.7800 14179.6166  4.14%   149 1953s
 31631 13877 14592.4477   74  251 14791.7800 14180.2867  4.13%   149 1965s
 31787 13960     cutoff   78      14791.7800 14180.6320  4.13%   149 1976s
 31962 14090 14763.1933   88  134 14791.7800 14181.2813  4.13%   150 1987s
 32137 14255 14288.3818   38  284 14791.7800 14181.7893  4.12%   150 1998s
 32351 14364     cutoff   79      14791.7800 14183.4131  4.11%   150 2009s
 32435 14364 14649.5997   64  128 14791.7800 14183.4131  4.11%   150 2010s
 32515 14516 14657.8112   65  163 14791.7800 14184.8915  4.10%   150 2021s
 32736 14668 14645.1810   71  225 14791.7800 14185.8780  4.10%   150 2033s
 32946 14832 14612.6981  113   65 14791.7800 14186.0667  4.09%   150 2045s
 33150 14935     cutoff   85      14791.7800 14187.0994  4.09%   150 2056s
 33301 15051 14418.5477   49  304 14791.7800 14187.9753  4.08%   150 2068s
 33459 15147 14370.3920   44  362 14791.7800 14188.0803  4.08%   151 2079s
 33502 15147 14371.4928   47  272 14791.7800 14188.0902  4.08%   151 2080s
 33615 15232 14417.1082   58  412 14791.7800 14188.5372  4.08%   151 2090s
 33759 15354 14322.4135   45  338 14791.7800 14189.5813  4.07%   151 2101s
 33934 15481 14554.0626   46  256 14791.7800 14190.4193  4.07%   151 2113s
 34103 15552 14758.4726   82  141 14791.7800 14191.3101  4.06%   151 2124s
 34206 15676 14444.4287   51  425 14791.7800 14192.2894  4.05%   152 2135s
 34423 15773 14436.2878   39  440 14791.7800 14193.2421  4.05%   152 2146s
 34556 15881 14433.7942   45  334 14791.7800 14193.4038  4.05%   152 2157s
 34730 16034     cutoff   60      14791.7800 14193.7766  4.04%   152 2169s
 34805 16034 14477.5426   63  152 14791.7800 14193.7766  4.04%   152 2170s
 34924 16210 14366.0800   46  247 14791.7800 14194.2506  4.04%   153 2181s
 35173 16313 14432.4627   50  244 14791.7800 14194.8064  4.04%   152 2193s
 35330 16426 14554.6839   59  312 14791.7800 14195.3391  4.03%   153 2203s
 35468 16494 14753.3214   52  199 14791.7800 14195.8843  4.03%   153 2214s
 35601 16570 14603.8298   47  266 14791.7800 14196.6307  4.02%   153 2226s
 35736 16679 14360.6143   51  385 14791.7800 14196.8766  4.02%   154 2237s
 35890 16837 14430.5565   54  370 14791.7800 14196.9975  4.02%   154 2248s
 36075 16837 14645.2815   72  101 14791.7800 14197.6341  4.02%   154 2250s
 36098 16966 14786.6044   68  194 14791.7800 14197.8805  4.02%   154 2260s
 36284 17083 14329.6383   43  421 14791.7800 14198.4341  4.01%   154 2271s
 36437 17181 14731.0346   53  201 14791.7800 14198.4984  4.01%   154 2283s
 36591 17198 14703.1940   57  139 14791.7800 14199.4678  4.00%   155 2301s
 36620 17303 14350.1033   45  345 14791.7800 14199.5017  4.00%   155 2312s
 36765 17413 14627.7646   56  151 14791.7800 14199.9867  4.00%   155 2323s
 36927 17580 14389.8262   78  368 14791.7800 14200.6563  4.00%   155 2336s
 37124 17664 14553.8317   75  280 14791.7800 14200.7725  4.00%   155 2347s
 37256 17745 14529.8877   55  224 14791.7800 14201.3863  3.99%   155 2358s
 37380 17903 14553.6995   50  238 14791.7800 14201.8166  3.99%   156 2370s
 37625 17996 14275.6778   42  316 14791.7800 14202.2234  3.99%   156 2382s
 37753 18140 14586.5174   45  265 14791.7800 14202.9285  3.98%   156 2393s
 37975 18250 14733.3490   56  113 14791.7800 14203.6585  3.98%   156 2406s
 38153 18361 14498.4348   53  324 14791.7800 14204.7121  3.97%   156 2417s
 38319 18520 14534.8705   49  339 14791.7800 14205.1398  3.97%   156 2428s
 38528 18661 14710.1050   80   23 14791.7800 14205.7494  3.96%   157 2440s
 38723 18708     cutoff   88      14791.7800 14206.5461  3.96%   157 2451s
 38816 18837     cutoff   88      14791.7800 14207.5602  3.95%   157 2463s
 38992 18954     cutoff   63      14791.7800 14207.9961  3.95%   157 2475s
 39158 19038 14402.1048   40  384 14791.7800 14208.4507  3.94%   157 2486s
 39340 19146 14594.3139   60  292 14791.7800 14208.5308  3.94%   158 2498s
 39526 19224 14729.3653   67  210 14791.7800 14209.0314  3.94%   158 2511s
 39662 19306 14584.4998   56  325 14791.7800 14209.3513  3.94%   158 2522s
 39801 19444 14748.8404   66  295 14791.7800 14209.8341  3.93%   158 2534s
 39869 19444 14709.0382   71   80 14791.7800 14209.8341  3.93%   158 2535s
 39982 19538     cutoff   77      14791.7800 14210.0137  3.93%   158 2546s
 40102 19611 14651.2801   78  231 14791.7800 14210.0751  3.93%   159 2558s
 40225 19682     cutoff   51      14791.7800 14210.3793  3.93%   159 2569s
 40306 19682 14749.6236   50  294 14791.7800 14210.6187  3.93%   159 2570s
 40358 19840 14348.3275   41  309 14791.7800 14210.6439  3.93%   159 2581s
 40610 19960 14350.1069   42  347 14791.7800 14211.2099  3.92%   159 2594s
 40789 20049 14325.2343   75  343 14791.7800 14212.2302  3.92%   159 2605s
 40932 20188 14648.1145   60  277 14791.7800 14212.8012  3.91%   160 2617s
 41125 20254 14747.6872   70   31 14791.7800 14213.2577  3.91%   160 2629s
 41218 20254 14770.1130   88   60 14791.7800 14213.6495  3.91%   160 2630s
 41247 20343 14321.7522   54  348 14791.7800 14213.8864  3.91%   160 2640s
 41388 20479 14352.2026   53  437 14791.7800 14215.0695  3.90%   160 2651s
 41573 20593 14464.8898   46  307 14791.7800 14215.5283  3.90%   160 2664s
 41746 20720 14771.3648   48  154 14791.7800 14216.0740  3.89%   161 2676s
 41949 20835 14611.9648   72  174 14791.7800 14216.3157  3.89%   161 2688s
 42119 20932 14392.2272   41  259 14791.7800 14216.5881  3.89%   161 2700s
 42254 21062     cutoff   72      14791.7800 14216.9123  3.89%   161 2712s
 42424 21150 14369.7291   41  263 14791.7800 14217.2909  3.88%   161 2724s
 42469 21150 14725.8511   51  155 14791.7800 14217.2909  3.88%   161 2725s
 42554 21219 14540.5279   60  385 14791.7800 14217.6624  3.88%   162 2736s
 42653 21401 14614.9703   73  256 14791.7800 14217.7767  3.88%   162 2749s
 42803 21401 14675.8639   73   96 14791.7800 14218.3685  3.88%   162 2750s
 42942 21511 14355.6006   58  454 14791.7800 14218.4283  3.88%   162 2761s
 43106 21592 14447.4361   54  305 14791.7800 14218.9349  3.87%   162 2773s
 43248 21686 14629.6915   73  291 14791.7800 14219.2327  3.87%   162 2785s
 43386 21815 14660.0358   65  183 14791.7800 14219.6577  3.87%   162 2798s
 43566 21921 14393.7280   58  314 14791.7800 14220.1299  3.86%   163 2810s
 43727 22030 14685.2331   51  185 14791.7800 14220.4577  3.86%   163 2823s
 43933 22088 14433.5227   43  335 14791.7800 14220.7875  3.86%   163 2835s
 44017 22205 14477.3839   44  359 14791.7800 14221.3710  3.86%   163 2847s
 44241 22341 14767.7070   93  154 14791.7800 14221.5113  3.86%   163 2859s
 44309 22341 14522.7254   61  269 14791.7800 14221.5113  3.86%   163 2860s
 44430 22456 14657.4169   74  221 14791.7800 14221.8383  3.85%   163 2872s
 44596 22525     cutoff   95      14791.7800 14222.2967  3.85%   164 2884s
 44753 22608 14598.9959   47  345 14791.7800 14222.7622  3.85%   164 2895s
 44884 22679 14711.2176   45  257 14791.7800 14223.4683  3.84%   164 2908s
 45009 22805 14633.1726   71  284 14791.7800 14223.5925  3.84%   164 2919s
 45069 22805 14635.3449   84  101 14791.7800 14223.5925  3.84%   165 2920s
 45170 22971 14732.4657  101   31 14791.7800 14224.1076  3.84%   165 2932s
 45414 23087     cutoff   82      14791.7800 14224.5922  3.83%   165 2945s
 45576 23201 14603.0120   55  237 14791.7800 14225.2008  3.83%   165 2957s
 45739 23327 14607.6269   58  312 14791.7800 14225.4583  3.83%   165 2970s
 45924 23440 14368.5221   55  464 14791.7800 14225.8765  3.83%   165 2982s
 46095 23511 14384.8558   51  322 14791.7800 14226.6211  3.82%   165 2995s
 46210 23611 14606.6601   56  252 14791.7800 14226.8560  3.82%   165 3006s
 46351 23685 14609.3441   46  324 14791.7800 14227.6967  3.81%   166 3018s
 46465 23751 14343.7051   46  401 14791.7800 14228.1377  3.81%   166 3030s
 46587 23849 14575.8418   46  262 14791.7800 14228.3583  3.81%   166 3042s
 46724 23967 14590.4503   55  132 14791.7800 14228.6980  3.81%   167 3055s
 46938 24088     cutoff   78      14791.7800 14229.3212  3.80%   167 3068s
