




arguments: ./build/bc_mirp -f ./input/orig_exec_261.cfg
Current dir: /scratch/gui/bc_mirp
File verbosity level: 9
date       time         ( uptime  ) [ thread name/id ]                   file:line     v| 
2021-02-17 01:59:46.487 (   0.048s) [main thread     ]             loguru.cpp:789   INFO| Logging to './output/vi_vc+cus/OU/V3/Original/execution_17_02_2021_01_59_46.log', mode: 'a', verbosity: 9
--------------------------------------------------------------------------------
Parameters
                           instance_path           ./input/Instances/Original/6/
                            model_policy                                       1
                             nb_vehicles                                       3
                              output_dir      ./output/vi_vc+cus/OU/V3/Original/
                            sec_strategy                                       1
                       solver_nb_threads                                       2
                         solver_show_log                                    true
                       solver_time_limit                                    3600
                              use_vi_cos                                   false
                              use_vi_cus                                    true
                         use_vi_hc1_full                                   false
                         use_vi_hc1_half                                   false
                      use_vi_hc1_quarter                                   false
                              use_vi_hc2                                   false
                              use_vi_hc3                                   false
                         use_vi_lex_full                                   false
                         use_vi_lex_half                                   false
                      use_vi_lex_quarter                                   false
                              use_vi_qua                                   false
                               use_vi_vc                                    true
                               use_vi_vr                                   false
--------------------------------------------------------------------------------
executing instance: ./input/Instances/Original/6/absH6high_1n25.dat
--------------------------------------------------------------------------------
Instance details
n	26
H	6
C	1711
Li:
[0, 0, 0, 0, 0, 0, 0, 0, 0, 0, 0, 0, 0, 0, 0, 0, 0, 0, 0, 0, 0, 0, 0, 0, 0, 0, ]
Ui:
[0, 168, 176, 34, 66, 36, 177, 106, 118, 182, 64, 141, 189, 63, 46, 111, 182, 231, 36, 66, 68, 54, 132, 90, 246, 75, ]
Distance matrix:
|0	191	200	231	334	329	146	196	208	245	218	164	283	394	151	358	156	196	309	253	201	260	127	138	130	104	|
|191	0	226	229	278	146	328	216	390	417	327	293	195	334	106	296	171	122	472	151	12	411	280	53	190	130	|
|200	226	0	38	149	359	321	10	276	274	418	364	139	204	121	173	321	115	303	141	225	236	155	202	311	256	|
|231	229	38	0	110	352	358	37	314	310	448	395	108	167	129	135	342	109	336	120	226	268	194	213	335	277	|
|334	278	149	110	0	367	467	147	422	413	546	495	86	61	203	25	423	163	429	129	271	363	303	282	424	361	|
|329	146	359	352	367	0	453	349	533	562	411	393	282	411	245	378	250	244	617	245	141	556	426	195	284	243	|
|146	328	321	358	467	453	0	321	162	215	160	112	425	524	297	491	223	341	284	397	339	266	186	276	184	210	|
|196	216	10	37	147	349	321	0	281	281	414	360	132	203	112	171	315	105	311	132	216	244	159	193	305	249	|
|208	390	276	314	422	533	162	281	0	54	321	271	410	471	316	445	348	348	123	398	398	115	125	338	313	309	|
|245	417	274	310	413	562	215	281	54	0	375	323	413	457	334	435	393	361	70	406	424	69	139	367	359	349	|
|218	327	418	448	546	411	160	414	321	375	0	57	484	606	347	569	163	393	444	446	339	421	318	288	137	199	|
|164	293	364	395	495	393	112	360	271	323	57	0	437	556	300	519	144	346	393	401	305	367	261	249	109	163	|
|283	195	139	108	86	282	425	132	410	413	484	437	0	139	137	101	349	91	443	44	187	375	286	206	355	291	|
|394	334	204	167	61	411	524	203	471	457	606	556	139	0	264	38	483	222	467	183	326	403	356	341	484	421	|
|151	106	121	129	203	245	297	112	316	334	347	300	137	264	0	225	220	46	381	102	106	316	195	84	221	158	|
|358	296	173	135	25	378	491	171	445	435	569	519	101	38	225	0	444	184	450	145	288	384	328	303	446	383	|
|156	171	321	342	423	250	223	315	348	393	163	144	349	483	220	444	0	261	460	308	183	415	284	143	39	65	|
|196	122	115	109	163	244	341	105	348	361	393	346	91	222	46	184	261	0	402	56	118	336	224	119	264	200	|
|309	472	303	336	429	617	284	311	123	70	444	393	443	467	381	450	460	402	0	442	477	68	192	424	426	413	|
|253	151	141	120	129	245	397	132	398	406	446	401	44	183	102	145	308	56	442	0	143	375	273	164	315	251	|
|201	12	225	226	271	141	339	216	398	424	339	305	187	326	106	288	183	118	477	143	0	416	286	63	202	142	|
|260	411	236	268	363	556	266	244	115	69	421	367	375	403	316	384	415	336	68	375	416	0	135	365	384	363	|
|127	280	155	194	303	426	186	159	125	139	318	261	286	356	195	328	284	224	192	273	286	135	0	232	256	229	|
|138	53	202	213	282	195	276	193	338	367	288	249	206	341	84	303	143	119	424	164	63	365	232	0	153	89	|
|130	190	311	335	424	284	184	305	313	359	137	109	355	484	221	446	39	264	426	315	202	384	256	153	0	64	|
|104	130	256	277	361	243	210	249	309	349	199	163	291	421	158	383	65	200	413	251	142	363	229	89	64	0	|

--------------------------------------------------------------------------------
Building model...
	using lazy and cut (CVRPSEP package)
Solving IRP LP...
--------------------------------------------------------------------------------

Gurobi 9.1.0 (linux64) logging started Wed Feb 17 01:59:46 2021

Gurobi Optimizer version 9.1.0 build v9.1.0rc0 (linux64)
Thread count: 32 physical cores, 32 logical processors, using up to 2 threads
Optimize a model with 1598 rows, 6950 columns and 17978 nonzeros
Model fingerprint: 0xacf8ba87
Variable types: 632 continuous, 6318 integer (468 binary)
Coefficient statistics:
  Matrix range     [1e+00, 6e+02]
  Objective range  [1e-01, 6e+02]
  Bounds range     [1e+00, 2e+02]
  RHS range        [1e+00, 3e+03]
Presolve removed 307 rows and 101 columns
Presolve time: 0.09s
Presolved: 1291 rows, 6849 columns, 16706 nonzeros
Variable types: 505 continuous, 6344 integer (5879 binary)

Root relaxation: objective 1.362352e+04, 1828 iterations, 0.05 seconds

    Nodes    |    Current Node    |     Objective Bounds      |     Work
 Expl Unexpl |  Obj  Depth IntInf | Incumbent    BestBd   Gap | It/Node Time

     0     0 13623.5244    0  226          - 13623.5244      -     -    0s
     0     0 13855.2267    0  201          - 13855.2267      -     -    0s
     0     0 13882.5564    0  203          - 13882.5564      -     -    0s
     0     0 13902.0637    0  201          - 13902.0637      -     -    0s
     0     0 13904.8461    0  210          - 13904.8461      -     -    0s
     0     0 13918.0340    0  225          - 13918.0340      -     -    0s
     0     0 13918.1059    0  222          - 13918.1059      -     -    0s
     0     0 14715.4627    0  367          - 14715.4627      -     -    1s
     0     0 14768.1168    0  382          - 14768.1168      -     -    1s
     0     0 14790.0703    0  346          - 14790.0703      -     -    1s
     0     0 14795.4331    0  364          - 14795.4331      -     -    1s
     0     0 14795.9462    0  393          - 14795.9462      -     -    1s
     0     0 15126.2077    0  450          - 15126.2077      -     -    2s
     0     0 15175.1010    0  458          - 15175.1010      -     -    3s
     0     0 15223.1683    0  492          - 15223.1683      -     -    3s
     0     0 15248.9571    0  496          - 15248.9571      -     -    3s
     0     0 15275.6556    0  503          - 15275.6556      -     -    3s
     0     0 15279.7461    0  494          - 15279.7461      -     -    3s
     0     0 15283.8319    0  487          - 15283.8319      -     -    3s
     0     0 15284.8147    0  491          - 15284.8147      -     -    3s
     0     0 15501.5445    0  489          - 15501.5445      -     -    4s
     0     0 15541.3514    0  491          - 15541.3514      -     -    4s
     0     0 15572.5408    0  507          - 15572.5408      -     -    5s
     0     0 15593.8157    0  502          - 15593.8157      -     -    5s
     0     0 15602.1371    0  503          - 15602.1371      -     -    5s
     0     0 15615.9161    0  476          - 15615.9161      -     -    5s
     0     0 15617.7572    0  459          - 15617.7572      -     -    5s
     0     0 15725.4369    0  473          - 15725.4369      -     -    6s
     0     0 15758.3303    0  549          - 15758.3303      -     -    6s
     0     0 15760.8586    0  524          - 15760.8586      -     -    6s
     0     0 15778.2010    0  524          - 15778.2010      -     -    7s
     0     0 15789.7396    0  577          - 15789.7396      -     -    7s
     0     0 15793.8040    0  594          - 15793.8040      -     -    7s
     0     0 15794.0298    0  608          - 15794.0298      -     -    7s
     0     0 15799.4605    0  535          - 15799.4605      -     -    7s
     0     0 15802.7455    0  546          - 15802.7455      -     -    8s
     0     2 15802.7455    0  538          - 15802.7455      -     -    9s
     5     8 15824.0626    2  541          - 15808.5509      -   799   10s
    30    33 16034.1801    9  578          - 15808.5545      -  1121   15s
    64    67 16162.5663   17  420          - 15808.5545      -   897   20s
   100   111 16543.0155   27  359          - 15808.5545      -   834   25s
   174   185 17042.3796   49  301          - 15808.5545      -   659   30s
   224   260 17346.9614   65  190          - 15808.5545      -   573   41s
   392   447 17867.1926   98  154          - 15808.5545      -   372   45s
*  690   692             253    21922.340000 15808.5545  27.9%   243   48s
   706   714 19148.6969  171  131 21922.3400 15808.5545  27.9%   242   50s
   763   730 19313.4898  171  546 21922.3400 15824.0626  27.8%   240   60s
H  764   694                    21296.710000 15824.0626  25.7%   240   60s
   772   699 21129.8709  227  663 21296.7100 16243.0023  23.7%   238   65s
   787   709 18152.6225   97  771 21296.7100 16290.5784  23.5%   233   70s
H  787   673                    20676.790000 16291.7233  21.2%   233   71s
   798   680 17684.8877   72  746 20676.7900 16301.5619  21.2%   230   75s
H  807   653                    20445.790000 16302.6039  20.3%   258   79s
   809   654 17942.9936   84  395 20445.7900 16302.6039  20.3%   257   80s
H  821   629                    20266.760000 16302.9271  19.6%   253   85s
H  823   598                    20234.250000 16303.0605  19.4%   253   86s
   832   604 18172.2398  100  799 20234.2500 16304.6506  19.4%   250   90s
   842   614 16375.7078   27  734 20234.2500 16335.1748  19.3%   278   95s
   852   622 16360.1646   30  667 20234.2500 16360.1646  19.1%   296  100s
   859   625 16380.0671   32  695 20234.2500 16372.0502  19.1%   304  107s
   868   635 16384.3969   34  698 20234.2500 16375.7583  19.1%   314  110s
   895   652 16394.3140   40  529 20234.2500 16375.7583  19.1%   331  115s
H  924   639                    20219.250000 16375.7583  19.0%   339  118s
   934   652 16438.5803   51  414 20219.2500 16375.7583  19.0%   343  120s
   983   682 16618.0243   63  376 20219.2500 16375.7583  19.0%   349  125s
  1016   705 16706.1121   72  345 20219.2500 16375.7583  19.0%   355  130s
  1078   775 16803.0705   87  309 20219.2500 16375.7583  19.0%   353  135s
  1187   841 17045.4440  103  229 20219.2500 16375.7583  19.0%   338  140s
  1328   956 17338.4759  134  205 20219.2500 16375.7583  19.0%   320  145s
  1536  1061 17554.4470  163  222 20219.2500 16375.7583  19.0%   289  150s
H 1550  1027                    20131.300000 16375.7583  18.7%   289  150s
H 1635  1018                    20044.480000 16375.7583  18.3%   280  154s
  1637  1088 18483.6910  196   99 20044.4800 16375.7583  18.3%   281  155s
* 1732  1043             242    19801.490000 16389.4678  17.2%   270  158s
  1752  1050 16524.3080   30  577 19801.4900 16389.4678  17.2%   275  161s
  1774  1062 16606.4492   33  534 19801.4900 16389.4678  17.2%   283  165s
  1798  1079 16666.5416   40  477 19801.4900 16389.4678  17.2%   290  170s
  1817  1089 16901.8230   41  475 19801.4900 16389.4678  17.2%   295  182s
  1833  1107 16824.3106   42  391 19801.4900 16389.4678  17.2%   298  186s
  1879  1148 17019.9718   54  303 19801.4900 16389.4678  17.2%   303  191s
  1936  1206 17346.5608   66  182 19801.4900 16389.4678  17.2%   303  195s
  2014  1268 17422.4074   88  202 19801.4900 16389.4678  17.2%   301  200s
  2127  1368 17777.9138  118  180 19801.4900 16389.4678  17.2%   295  206s
  2203  1424 17910.4223  139  130 19801.4900 16389.4678  17.2%   290  210s
  2463  1635 19083.9404  211   48 19801.4900 16394.6616  17.2%   268  218s
* 2481  1561             219    19119.480000 16394.6616  14.3%   267  218s
  2604  1524 16749.5502   28  601 19119.4800 16397.1007  14.2%   260  220s
  2617  1535 16736.7937   34  524 19119.4800 16397.1007  14.2%   261  227s
  2628  1552 16789.6985   37  654 19119.4800 16397.1007  14.2%   264  230s
  2662  1588 16871.3168   43  324 19119.4800 16397.1007  14.2%   268  235s
  2695  1623 17057.2514   50  318 19119.4800 16397.1007  14.2%   271  241s
  2733  1672 17136.4070   60  501 19119.4800 16397.1007  14.2%   274  248s
  2765  1677 17215.4649   64  461 19119.4800 16397.1007  14.2%   275  252s
H 2769  1622                    18934.690000 16397.1007  13.4%   275  252s
  2770  1648 17329.1080   65  427 18934.6900 16397.1007  13.4%   275  255s
  2831  1726 17556.3786   76  355 18934.6900 16397.1007  13.4%   278  266s
  2874  1788 17448.8557   80  320 18934.6900 16397.1007  13.4%   279  270s
  2936  1826 17825.4754   89  319 18934.6900 16397.1007  13.4%   279  275s
  2974  1895 17902.7820   91  344 18934.6900 16397.1007  13.4%   279  281s
  3043  2002 18194.8411   98  167 18934.6900 16397.1007  13.4%   277  286s
  3165  2022 18763.1351  112  173 18934.6900 16400.5003  13.4%   274  291s
  3205  2047 16767.7299   33  682 18934.6900 16400.5003  13.4%   275  295s
  3230  2074 16946.7606   46  470 18934.6900 16400.5003  13.4%   277  300s
  3306  2199 17495.4711   73  367 18934.6900 16400.5003  13.4%   279  310s
* 3382  2109             144    18778.970000 16400.5003  12.7%   276  310s
  3419  2164 18095.4598  105  253 18778.9700 16407.0214  12.6%   274  315s
  3493  2200 16559.2679   31  701 18778.9700 16407.0214  12.6%   274  321s
  3539  2224 16858.1504   37  629 18778.9700 16407.0214  12.6%   276  326s
  3567  2255 17138.1845   48  637 18778.9700 16407.0214  12.6%   278  331s
  3598  2295 17406.7267   67  473 18778.9700 16407.0214  12.6%   280  336s
  3638  2337 18156.4062   91  463 18778.9700 16407.4333  12.6%   282  347s
  3690  2365 16614.7019   35  534 18778.9700 16407.4333  12.6%   283  355s
H 3703  2360                    18760.970000 16407.4333  12.5%   283  355s
  3718  2441 16804.0376   49  455 18760.9700 16407.4333  12.5%   284  360s
  3799  2514 17434.7157   96  311 18760.9700 16407.9333  12.5%   283  367s
  3897  2575 16743.1745   47  499 18760.9700 16407.9333  12.5%   282  377s
  3958  2735 17190.9354   54  391 18760.9700 16407.9333  12.5%   283  388s
* 4081  2191             164    18112.080000 16407.9333  9.41%   281  388s
  4138  2146 17942.8881   67  280 18112.0800 16408.1089  9.41%   278  395s
  4171  2216 16701.5286   48  589 18112.0800 16412.0842  9.39%   281  402s
  4242  2276 17266.3152   68  364 18112.0800 16412.1179  9.39%   282  408s
  4334  2369 16569.9406   46  428 18112.0800 16416.4290  9.36%   282  415s
  4427  2429 17331.8563   89  215 18112.0800 16416.4290  9.36%   281  428s
  4520  2507 16855.0042   37  568 18112.0800 16423.0643  9.33%   282  436s
  4615  2587 17335.1600   56  508 18112.0800 16425.0408  9.31%   281  444s
  4704  2662 16570.4090   51  518 18112.0800 16425.0408  9.31%   282  452s
  4795  2755 17824.4936   91  200 18112.0800 16439.2094  9.24%   283  460s
  4900  2818 17229.9816   82  251 18112.0800 16440.9520  9.23%   283  492s
H 4978  2776                    18073.080000 16440.9520  9.03%   284  492s
  4979  2910 16922.4223   51  418 18073.0800 16440.9520  9.03%   284  502s
  5162  2985 16847.4433   57  357 18073.0800 16444.9159  9.01%   281  515s
  5269  3051 16719.4277   42  436 18073.0800 16445.4925  9.01%   281  524s
  5335  3131 17851.0376   76  222 18073.0800 16446.0820  9.00%   283  534s
  5436  3226 17576.0892   78  265 18073.0800 16447.8271  8.99%   284  549s
  5478  3226 18048.3279  113  169 18073.0800 16447.8271  8.99%   282  550s
  5543  3324 16947.3388   60  406 18073.0800 16448.1286  8.99%   284  560s
  5675  3461 16733.0192   44  544 18073.0800 16448.8412  8.99%   283  571s
  5853  3596 16731.2470   54  402 18073.0800 16452.4288  8.97%   281  587s
  6029  3678 16755.0684   55  483 18073.0800 16457.0200  8.94%   280  599s
  6132  3738 16628.8717   31  537 18073.0800 16457.0200  8.94%   281  610s
  6212  3796 16768.8408   35  462 18073.0800 16457.0200  8.94%   284  621s
  6270  3857 17323.0217   46  350 18073.0800 16457.0200  8.94%   287  633s
H 6287  3808                    18024.080000 16457.0200  8.69%   287  633s
  6351  3883     cutoff   61      18024.0800 16464.5691  8.65%   288  645s
  6442  3965 17634.3913   59  304 18024.0800 16465.6074  8.65%   290  657s
  6557  4034 16748.8261   47  572 18024.0800 16467.1762  8.64%   291  669s
  6634  4118 17635.3334   83  386 18024.0800 16469.3705  8.63%   294  682s
  6728  4212 17449.3675   48  416 18024.0800 16470.6459  8.62%   295  694s
  6840  4318 17092.5808   40  534 18024.0800 16471.6698  8.61%   295  706s
  6956  4377 16714.1477   33  427 18024.0800 16471.6698  8.61%   295  724s
  7031  4481 17262.4448   41  443 18024.0800 16476.3014  8.59%   296  737s
  7179  4587 16683.8233   38  502 18024.0800 16476.3719  8.59%   296  749s
  7311  4689 17683.9660   68  395 18024.0800 16484.2335  8.54%   296  772s
  7444  4765 16603.0225   49  468 18024.0800 16492.0654  8.50%   297  787s
  7544  4851 16774.4676   38  563 18024.0800 16492.7487  8.50%   300  808s
H 7645  4149                    17792.520000 16492.8393  7.30%   302  826s
  7709  4209 16812.1734   37  436 17792.5200 16493.0200  7.30%   305  842s
  7782  4342 17503.9453   52  364 17792.5200 16494.3062  7.30%   308  861s
  7940  4438 16830.6654   29  674 17792.5200 16494.3062  7.30%   310  879s
  8055  4438 17655.1785   85  305 17792.5200 16494.3062  7.30%   311  880s
  8056  4510 17518.2000   82  373 17792.5200 16501.4462  7.26%   311  898s
  8190  4593 17332.1743   59  394 17792.5200 16506.9905  7.23%   313  916s
  8293  4719 17223.7692   74  444 17792.5200 16508.3284  7.22%   316  935s
  8438  4806 17407.2474   50  298 17792.5200 16509.0715  7.21%   317  953s
H 8547  4755                    17750.180000 16509.0715  6.99%   320  973s
  8714  4862 17156.9509   62  402 17750.1800 16512.6135  6.97%   321  992s
  8861  4930 16881.9574   59  381 17750.1800 16513.7082  6.97%   322 1012s
  8957  5014 17575.9308   60  312 17750.1800 16514.9036  6.96%   324 1030s
  9059  5143 17494.0872   74  403 17750.1800 16516.3244  6.95%   326 1049s
H 9222  5174                    17720.180000 16521.3871  6.77%   326 1069s
  9382  5294 17557.5954   97  233 17720.1800 16522.6965  6.76%   326 1088s
  9537  5398 16818.4119   31  584 17720.1800 16523.7302  6.75%   327 1107s
  9653  5525     cutoff   68      17720.1800 16525.0097  6.74%   328 1127s
  9831  5595 16787.7407   33  709 17720.1800 16526.7916  6.73%   329 1147s
  9913  5715 16833.7945   44  610 17720.1800 16526.7916  6.73%   331 1166s
 10046  5896 17170.4223   64  385 17720.1800 16526.7916  6.73%   331 1186s
 10261  5973 17630.1544  107  144 17720.1800 16531.7211  6.71%   330 1208s
H10405  6078                    17718.360000 16533.4727  6.69%   332 1230s
H10473  5512                    17615.520000 16535.9978  6.13%   332 1230s
 10535  5632 16737.8337   49  519 17615.5200 16537.0534  6.12%   332 1250s
 10687  5685 16945.3851   39  433 17615.5200 16539.2076  6.11%   332 1269s
 10758  5791 16879.2084   58  362 17615.5200 16540.6806  6.10%   335 1291s
 10880  5866     cutoff   86      17615.5200 16540.8602  6.10%   336 1312s
 10969  5946 17241.7320   47  286 17615.5200 16540.9541  6.10%   338 1332s
 11091  6028     cutoff   64      17615.5200 16541.9063  6.09%   340 1353s
 11195  6092 17596.5364  100  237 17615.5200 16544.4249  6.08%   342 1372s
 11277  6257 16796.6198   41  394 17615.5200 16544.6601  6.08%   343 1393s
 11474  6371     cutoff   80      17615.5200 16545.5971  6.07%   343 1414s
 11626  6491 17299.9026   56  325 17615.5200 16548.9371  6.05%   344 1436s
 11786  6544 16789.1577   45  555 17615.5200 16550.0832  6.05%   344 1459s
 11839  6655 17102.5527   57  373 17615.5200 16550.1094  6.05%   347 1480s
 11994  6741 17098.3293   44  497 17615.5200 16553.1679  6.03%   348 1501s
 12107  6810 17398.2240   62  443 17615.5200 16554.3970  6.02%   349 1522s
 12221  6903 16746.0874   36  471 17615.5200 16557.4750  6.01%   351 1545s
 12346  7048 17195.4045   65  321 17615.5200 16558.7743  6.00%   352 1568s
 12553  7193 17088.7667   59  345 17615.5200 16559.9398  5.99%   352 1590s
 12739  7276 17389.3805   87  371 17615.5200 16563.0065  5.97%   351 1614s
 12842  7366 17362.7023   57  362 17615.5200 16567.2162  5.95%   352 1636s
 12944  7519 16981.4953   57  474 17615.5200 16568.3305  5.94%   354 1660s
 13143  7617 17355.6662   35  448 17615.5200 16568.9340  5.94%   355 1683s
 13279  7734 16930.8402   38  472 17615.5200 16570.0640  5.93%   355 1706s
 13440  7810 16984.9670   58  459 17615.5200 16571.5607  5.93%   356 1727s
 13541  7937 17235.6251   48  403 17615.5200 16573.9395  5.91%   358 1750s
 13722  8045 17107.2055   59  344 17615.5200 16576.5231  5.90%   358 1776s
 13901  8181 16906.1512   57  361 17615.5200 16577.2381  5.89%   357 1800s
 14097  8302 17139.7345   59  410 17615.5200 16578.0614  5.89%   358 1826s
 14240  8425 17041.5520   59  385 17615.5200 16578.2581  5.89%   359 1851s
 14426  8509 16995.4915   32  618 17615.5200 16579.1542  5.88%   360 1875s
 14544  8607 17237.1859   55  427 17615.5200 16579.7961  5.88%   361 1897s
 14683  8729 16856.4054   58  510 17615.5200 16580.7674  5.87%   362 1922s
 14829  8843 17406.0357   91  178 17615.5200 16581.7949  5.87%   362 1944s
 15015  8943 17335.7088   51  539 17615.5200 16584.6479  5.85%   362 1969s
 15068  8943 16980.5005   74  351 17615.5200 16584.7623  5.85%   363 1970s
 15134  9062 17439.6343   62  329 17615.5200 16585.0940  5.85%   363 1995s
 15310  9206 16804.9561   48  403 17615.5200 16585.9903  5.84%   364 2018s
 15454  9330 17421.9566   78  202 17615.5200 16586.0954  5.84%   364 2041s
 15656  9433 17080.6118   41  494 17615.5200 16588.0646  5.83%   364 2066s
 15799  9484 17148.1569   55  307 17615.5200 16589.5416  5.82%   365 2089s
 15903  9592 17142.3588   36  571 17615.5200 16590.3070  5.82%   366 2114s
 16053  9732 17072.7392   49  481 17615.5200 16592.5042  5.81%   366 2138s
 16252  9796 16981.0578   56  472 17615.5200 16592.8754  5.81%   366 2161s
 16342  9874 17560.7446   46  488 17615.5200 16593.0937  5.80%   368 2184s
 16481  9975 17129.0341   60  473 17615.5200 16594.3724  5.80%   369 2208s
 16620 10051 16890.7271   43  512 17615.5200 16595.9933  5.79%   370 2233s
 16704 10175 17039.0564   62  315 17615.5200 16597.9806  5.78%   371 2259s
 16859 10291 16769.7659   39  426 17615.5200 16598.2828  5.77%   371 2283s
 16993 10438 17290.3979   59  425 17615.5200 16599.4038  5.77%   372 2308s
 17213 10560 17195.7058   33  660 17615.5200 16601.7862  5.75%   372 2332s
 17383 10784 17388.7585   81  376 17615.5200 16601.9961  5.75%   372 2357s
 17671 10898 16816.5509   53  411 17615.5200 16603.9734  5.74%   370 2383s
 17829 11001 16727.9911   42  391 17615.5200 16605.5659  5.73%   370 2410s
 17974 11211 17280.6542   70  315 17615.5200 16606.7276  5.73%   371 2436s
 18230 11317 17366.0280   66  342 17615.5200 16607.9547  5.72%   371 2461s
 18372 11437 16873.7952   39  508 17615.5200 16610.0522  5.71%   371 2490s
 18522 11515 17372.8638   45  428 17615.5200 16610.9914  5.70%   372 2514s
 18619 11515 17486.1558   63  423 17615.5200 16611.3730  5.70%   372 2515s
 18718 11667 16865.2910   58  394 17615.5200 16611.4102  5.70%   372 2539s
 18920 11750 17409.6124   62  450 17615.5200 16613.0699  5.69%   371 2564s
 19063 11890 17043.5303   58  377 17615.5200 16614.4561  5.68%   372 2590s
 19269 12056 16714.5633   49  372 17615.5200 16614.8663  5.68%   372 2615s
 19459 12150 17443.6401   95  221 17615.5200 16615.0032  5.68%   372 2640s
 19614 12275 17086.0396   64  373 17615.5200 16616.1935  5.67%   373 2667s
 19759 12373 17378.0950   72  359 17615.5200 16616.5326  5.67%   373 2692s
 19910 12534 16923.2454   62  400 17615.5200 16617.1602  5.67%   374 2718s
 20110 12627 17058.9301   62  347 17615.5200 16618.7936  5.66%   373 2744s
 20240 12772 17030.8808   63  286 17615.5200 16619.8642  5.65%   373 2768s
 20436 12904 17546.5452   40  518 17615.5200 16621.2022  5.64%   373 2794s
 20658 13063 16866.2166   54  457 17615.5200 16622.3198  5.64%   373 2820s
 20867 13154 16910.5523   47  549 17615.5200 16622.5185  5.64%   373 2844s
 20958 13302 17393.4756   77  344 17615.5200 16622.9927  5.63%   375 2868s
 21141 13302 17471.2430   97  237 17615.5200 16623.3022  5.63%   375 2870s
 21167 13444 17378.8872   35  261 17615.5200 16623.9917  5.63%   374 2895s
 21371 13592 16925.8633   38  639 17615.5200 16624.9719  5.62%   374 2921s
 21554 13719 17571.9263  100  436 17615.5200 16625.9114  5.62%   374 2950s
 21745 13821 16773.8017   41  588 17615.5200 16626.1709  5.62%   375 2977s
 21878 13948 17164.9098   54  460 17615.5200 16626.8172  5.61%   376 3003s
 22080 14052 17014.5406   41  465 17615.5200 16627.3705  5.61%   376 3028s
 22238 14152 17592.3878   66  347 17615.5200 16628.1513  5.61%   376 3053s
 22385 14303 17115.7403   48  345 17615.5200 16628.8731  5.60%   377 3080s
 22575 14391 17040.8734   42  352 17615.5200 16630.3694  5.59%   377 3188s
H22618 11740                    17446.400000 16630.3694  4.68%   377 3196s
 22663 11856 17360.0588   60  296 17446.4000 16630.6986  4.68%   377 3224s
 22844 11980 17054.6558   63  461 17446.4000 16632.1321  4.67%   377 3252s
H23019 12010                    17443.400000 16633.1378  4.65%   378 3279s
 23127 12132 16836.9941   39  552 17443.4000 16634.1272  4.64%   379 3314s
 23265 12278 17039.7504   50  542 17443.4000 16634.2046  4.64%   380 3341s
 23494 12360 17389.7320   78  272 17443.4000 16634.8500  4.64%   379 3374s
 23633 12525 16897.7615   37  658 17443.4000 16637.4687  4.62%   380 3400s
 23840 12701 16920.9323   38  570 17443.4000 16639.4785  4.61%   380 3428s
 24082 12847 16781.6385   34  566 17443.4000 16640.0669  4.61%   379 3458s
 24290 12956 16837.1607   35  435 17443.4000 16640.5104  4.60%   379 3484s
 24445 13069 17169.6499   41  584 17443.4000 16642.0808  4.59%   380 3511s
 24607 13141 17412.5189   55  282 17443.4000 16643.7542  4.58%   380 3539s
 24712 13261 17207.5273   71  360 17443.4000 16644.1392  4.58%   381 3566s
 24891 13393 16725.9048   53  391 17443.4000 16645.0708  4.58%   382 3595s
 25064 13401 16974.2755   56  398 17443.4000 16646.3994  4.57%   382 3600s

Cutting planes:
  User: 5764
  Gomory: 39
  Cover: 468
  Implied bound: 341
  Projected implied bound: 12
  Clique: 33
  MIR: 235
  StrongCG: 2
  Flow cover: 514
  GUB cover: 2
  Zero half: 14
  Network: 6
  RLT: 329
  Relax-and-lift: 15
  Lazy constraints: 411

Explored 25072 nodes (9615443 simplex iterations) in 3600.05 seconds
Thread count was 2 (of 32 available processors)

Solution count 10: 17443.4 17446.4 17615.5 ... 18112.1

Time limit reached
Best objective 1.744340000000e+04, best bound 1.664639940987e+04, gap 4.5691%

User-callback calls 353815, time in user-callback 201.10 sec
================================================================================
executing instance: ./input/Instances/Original/6/absH6high_1n20.dat
--------------------------------------------------------------------------------
Instance details
n	21
H	6
C	1651
Li:
[0, 0, 0, 0, 0, 0, 0, 0, 0, 0, 0, 0, 0, 0, 0, 0, 0, 0, 0, 0, 0, ]
Ui:
[0, 36, 182, 182, 90, 261, 117, 30, 110, 42, 276, 153, 40, 94, 144, 46, 129, 213, 264, 160, 174, ]
Distance matrix:
|0	371	401	343	361	341	370	115	392	400	79	266	292	245	355	431	265	194	95	92	348	|
|371	0	37	141	110	250	117	438	67	131	372	305	115	238	247	255	235	296	392	430	185	|
|401	37	0	175	100	284	146	472	90	156	406	342	152	275	280	282	242	333	415	455	178	|
|343	141	175	0	239	110	38	374	95	60	314	182	67	130	106	127	318	201	397	423	303	|
|361	110	100	239	0	341	222	451	177	240	385	374	190	304	341	361	151	345	354	398	78	|
|341	250	284	110	341	0	143	337	203	151	289	102	152	97	15	95	394	156	415	431	398	|
|370	117	146	38	222	143	0	407	61	30	346	220	81	167	137	139	317	237	417	447	292	|
|115	438	472	374	451	337	407	0	443	434	66	241	339	251	351	431	374	181	201	177	450	|
|392	67	90	95	177	203	61	443	0	66	379	275	104	216	197	193	294	283	427	461	252	|
|400	131	156	60	240	151	30	434	66	0	374	237	112	189	142	127	344	261	448	477	312	|
|79	372	406	314	385	289	346	66	379	374	0	202	275	197	304	383	316	134	175	166	388	|
|266	305	342	182	374	102	220	241	275	237	202	0	191	70	117	196	386	73	352	359	415	|
|292	115	152	67	190	152	81	339	104	112	275	191	0	123	154	193	252	183	336	366	246	|
|245	238	275	130	304	97	167	251	216	189	197	70	123	0	110	187	322	72	319	334	346	|
|355	247	280	106	341	15	137	351	197	142	304	117	154	110	0	80	399	171	427	444	400	|
|431	255	282	127	361	95	139	431	193	127	383	196	193	187	80	0	444	251	499	519	429	|
|265	235	242	318	151	394	317	374	294	344	316	386	252	322	399	444	0	332	226	273	97	|
|194	296	333	201	345	156	237	181	283	261	134	73	183	72	171	251	332	0	279	286	375	|
|95	392	415	397	354	415	417	201	427	448	175	352	336	319	427	499	226	279	0	47	321	|
|92	430	455	423	398	431	447	177	461	477	166	359	366	334	444	519	273	286	47	0	368	|
|348	185	178	303	78	398	292	450	252	312	388	415	246	346	400	429	97	375	321	368	0	|

--------------------------------------------------------------------------------
Building model...
	using lazy and cut (CVRPSEP package)
Solving IRP LP...
--------------------------------------------------------------------------------

Gurobi 9.1.0 (linux64) logging started Wed Feb 17 02:59:51 2021

Gurobi Optimizer version 9.1.0 build v9.1.0rc0 (linux64)
Thread count: 32 physical cores, 32 logical processors, using up to 2 threads
Optimize a model with 1293 rows, 4665 columns and 12603 nonzeros
Model fingerprint: 0x126d5b39
Variable types: 507 continuous, 4158 integer (378 binary)
Coefficient statistics:
  Matrix range     [1e+00, 6e+02]
  Objective range  [1e-01, 5e+02]
  Bounds range     [1e+00, 3e+02]
  RHS range        [1e+00, 3e+03]
Presolve removed 247 rows and 81 columns
Presolve time: 0.07s
Presolved: 1046 rows, 4584 columns, 11586 nonzeros
Variable types: 405 continuous, 4179 integer (3809 binary)

Root relaxation: objective 1.300220e+04, 1647 iterations, 0.04 seconds

    Nodes    |    Current Node    |     Objective Bounds      |     Work
 Expl Unexpl |  Obj  Depth IntInf | Incumbent    BestBd   Gap | It/Node Time

     0     0 13002.2046    0  204          - 13002.2046      -     -    0s
     0     0 13234.7316    0  179          - 13234.7316      -     -    0s
     0     0 13241.6291    0  165          - 13241.6291      -     -    0s
     0     0 13489.1529    0  298          - 13489.1529      -     -    0s
     0     0 13582.0182    0  324          - 13582.0182      -     -    0s
     0     0 13585.7671    0  316          - 13585.7671      -     -    0s
     0     0 13587.3480    0  313          - 13587.3480      -     -    0s
     0     0 13587.8577    0  326          - 13587.8577      -     -    0s
     0     0 13606.2882    0  320          - 13606.2882      -     -    0s
     0     0 13612.9294    0  333          - 13612.9294      -     -    0s
     0     0 13616.2333    0  337          - 13616.2333      -     -    0s
     0     0 13618.8968    0  320          - 13618.8968      -     -    0s
     0     0 13633.6761    0  334          - 13633.6761      -     -    1s
     0     0 13653.1387    0  334          - 13653.1387      -     -    1s
     0     0 13653.4762    0  347          - 13653.4762      -     -    1s
     0     0 13916.9890    0  331          - 13916.9890      -     -    1s
     0     0 13972.0806    0  335          - 13972.0806      -     -    1s
     0     0 13975.8684    0  333          - 13975.8684      -     -    1s
     0     0 13977.0661    0  321          - 13977.0661      -     -    1s
     0     0 13977.0677    0  334          - 13977.0677      -     -    1s
     0     0 14054.2287    0  391          - 14054.2287      -     -    1s
     0     0 14071.1637    0  387          - 14071.1637      -     -    1s
     0     0 14078.4523    0  353          - 14078.4523      -     -    2s
     0     0 14078.7214    0  376          - 14078.7214      -     -    2s
     0     0 14125.0599    0  397          - 14125.0599      -     -    2s
     0     0 14129.2582    0  330          - 14129.2582      -     -    2s
     0     0 14130.3420    0  333          - 14130.3420      -     -    2s
     0     0 14138.0024    0  410          - 14138.0024      -     -    2s
     0     0 14145.0171    0  418          - 14145.0171      -     -    2s
     0     2 14146.9092    0  418          - 14146.9092      -     -    3s
    13    16 14250.6373    4  472          - 14168.0768      -   843    5s
    87    92 14754.8298   24  277          - 14168.0768      -   546   10s
   241   273 16908.5329   77  148          - 14168.0768      -   366   15s
   496   537 14439.7049    5  432          - 14168.6231      -   246   20s
   652   640 14843.2613   16  395          - 14168.6231      -   233   25s
   704   699 15339.6236   35  247          - 14168.6231      -   259   30s
   760   739 20539.9511  195  533          - 14466.1099      -   251   35s
   784   755 16987.7843   78  651          - 14492.6871      -   243   40s
H  786   717                    23043.230000 14493.4280  37.1%   243   41s
H  786   680                    21935.230000 14493.4280  33.9%   243   41s
   798   688 14814.5024   16  594 21935.2300 14498.3205  33.9%   239   45s
   818   703 18895.6660  123  620 21935.2300 14501.7339  33.9%   258   50s
   826   711 14507.1078   25  614 21935.2300 14503.2087  33.9%   270   55s
H  855   694                    21885.230000 14552.1684  33.5%   291   59s
   856   697 14556.9805   33  556 21885.2300 14552.1684  33.5%   292   60s
   885   718 14579.1634   40  494 21885.2300 14552.1684  33.5%   314   65s
   925   745 14635.4249   49  443 21885.2300 14552.1684  33.5%   333   70s
   972   778 14895.4999   59  461 21885.2300 14552.1684  33.5%   346   75s
  1015   808 14830.3708   68  458 21885.2300 14552.1684  33.5%   358   80s
  1054   835 14921.8830   79  426 21885.2300 14552.1684  33.5%   371   85s
  1105   875 15444.7593   90  373 21885.2300 14552.1684  33.5%   381   91s
  1153   897 15732.3650  101  365 21885.2300 14552.1684  33.5%   389   96s
  1185   933 15913.0637  109  354 21885.2300 14552.1684  33.5%   388  100s
  1254   977 16520.7815  126  345 21885.2300 14552.1684  33.5%   390  105s
  1304  1043 16761.5990  137  270 21885.2300 14552.1684  33.5%   389  110s
  1382  1114 17308.1128  158  214 21885.2300 14552.1684  33.5%   381  115s
  1571  1142 19723.9300  238    - 21885.2300 14552.2986  33.5%   352  120s
  1618  1173 14854.8364   41  315 21885.2300 14552.2986  33.5%   353  127s
  1644  1200 14989.1018   47  402 21885.2300 14552.2986  33.5%   355  131s
  1687  1234 15539.4495   59  312 21885.2300 14552.2986  33.5%   358  136s
  1740  1275 15930.2923   74  262 21885.2300 14552.2986  33.5%   358  141s
  1768  1293 16132.7449   83  237 21885.2300 14552.2986  33.5%   357  146s
  1833  1350 17509.3353  110   79 21885.2300 14552.2986  33.5%   353  150s
  1876  1433 18059.0808  126   90 21885.2300 14552.2986  33.5%   349  155s
  2021  1441 14786.7198   32  459 21885.2300 14555.8881  33.5%   335  161s
  2075  1487 14978.4698   44  431 21885.2300 14555.8881  33.5%   336  168s
  2105  1523 15050.4104   53  340 21885.2300 14555.8881  33.5%   337  171s
  2151  1557 15191.9459   56  363 21885.2300 14555.8881  33.5%   335  175s
  2228  1602 15721.0003   62  309 21885.2300 14555.8881  33.5%   334  184s
  2271  1701 15874.1406   70  317 21885.2300 14555.8881  33.5%   331  188s
  2384  1757 16151.2543   82  253 21885.2300 14555.8881  33.5%   322  193s
  2486  1761 16506.9716   88  234 21885.2300 14555.8881  33.5%   317  197s
  2548  1742 16909.0314  104  201 21885.2300 14555.8881  33.5%   315  203s
  2550  1802 16999.2233  104  228 21885.2300 14555.8881  33.5%   315  207s
  2618  1807 infeasible  117      21885.2300 14577.0528  33.4%   314  212s
  2666  1839 14919.6594   40  461 21885.2300 14577.0528  33.4%   315  216s
  2714  1891 15658.3557   58  353 21885.2300 14577.0528  33.4%   316  220s
  2782  2012 17126.2278   95  348 21885.2300 14578.4260  33.4%   314  225s
  2956  2027     cutoff  201      21885.2300 14578.9386  33.4%   303  232s
  2992  2123 15006.0975   30  388 21885.2300 14578.9386  33.4%   303  236s
  3088  2386 15694.5856   45  221 21885.2300 14595.5534  33.3%   300  243s
  3381  2498     cutoff  119      21885.2300 14597.3596  33.3%   283  250s
  3561  2552 15005.4152   51  418 21885.2300 14603.0325  33.3%   276  255s
  3610  2625 15025.5222   68  417 21885.2300 14603.0325  33.3%   279  263s
  3647  2667 15381.5550   77  370 21885.2300 14603.0325  33.3%   280  268s
  3689  2732 15829.6871   87  291 21885.2300 14603.0325  33.3%   282  273s
  3754  2838 16208.7675   98  301 21885.2300 14603.0325  33.3%   281  284s
  3860  2998 16771.8980  115  171 21885.2300 14603.0325  33.3%   279  293s
  4024  3333 18261.1022  138  120 21885.2300 14603.0767  33.3%   273  301s
  4435  3389 14746.5574   39  464 21885.2300 14614.9337  33.2%   255  308s
  4488  3440 14897.7499   45  392 21885.2300 14614.9337  33.2%   256  315s
  4547  3484 14987.7370   47  337 21885.2300 14614.9337  33.2%   256  321s
* 4569  3444             208    21290.610000 14614.9337  31.4%   257  321s
* 4571  3417             208    21075.450000 14614.9337  30.7%   257  321s
  4601  3498 15191.7033   58  313 21075.4500 14614.9337  30.7%   257  327s
  4682  3756 16649.1893   73  207 21075.4500 14614.9337  30.7%   257  339s
  4719  3756 17574.1781   86  174 21075.4500 14614.9337  30.7%   256  340s
  5024  3830 21007.6200  139   15 21075.4500 14624.3533  30.6%   245  348s
H 5104  3854                    21054.450000 14624.3804  30.5%   245  354s
  5133  3889 15022.0984   46  507 21054.4500 14624.3804  30.5%   247  362s
  5168  3941 15255.3515   54  430 21054.4500 14624.3804  30.5%   249  370s
  5220  4083 15427.6218   67  241 21054.4500 14624.3804  30.5%   250  378s
  5391  4224 16488.5173   83  304 21054.4500 14624.3804  30.5%   247  387s
  5532  4328 17459.8379  143   44 21054.4500 14633.5693  30.5%   246  395s
  5678  4381     cutoff  190      21054.4500 14637.1636  30.5%   244  404s
  5722  4544 15485.6681   55  452 21054.4500 14637.1696  30.5%   245  413s
  5895  4653     cutoff  161      21054.4500 14643.8269  30.4%   243  424s
  6009  4918 14784.4783   34  560 21054.4500 14643.8269  30.4%   242  436s
  6385  4993 15248.2438   41  420 21054.4500 14643.8269  30.4%   233  445s
  6434  5160 16079.6538   55  279 21054.4500 14643.8269  30.4%   234  456s
  6603  5254 18525.1434  106   80 21054.4500 14647.9985  30.4%   232  468s
  6721  5380 14802.4672   32  600 21054.4500 14647.9985  30.4%   229  477s
  6861  5483 15997.3261   66  252 21054.4500 14648.8383  30.4%   229  487s
  7027  5538 20513.3346  136   72 21054.4500 14653.2430  30.4%   226  496s
  7085  5605 15499.0239   50  273 21054.4500 14653.5818  30.4%   228  504s
  7152  5767 15967.0749   63  285 21054.4500 14653.5818  30.4%   229  534s
  7190  5767 16305.4229   81  185 21054.4500 14653.5818  30.4%   229  535s
