




arguments: ./build/bc_mirp -f ./input/orig_exec_165.cfg
Current dir: /scratch/gui/bc_mirp
File verbosity level: 9
date       time         ( uptime  ) [ thread name/id ]                   file:line     v| 
2021-02-10 16:09:52.183 (   0.071s) [main thread     ]             loguru.cpp:789   INFO| Logging to './output/vi_vc+cus/OU/V3/Original/execution_10_02_2021_16_09_52.log', mode: 'a', verbosity: 9
--------------------------------------------------------------------------------
Parameters
                           instance_path           ./input/Instances/Original/4/
                            model_policy                                       1
                             nb_vehicles                                       3
                              output_dir      ./output/vi_vc+cus/OU/V3/Original/
                            sec_strategy                                       1
                       solver_nb_threads                                       2
                         solver_show_log                                    true
                       solver_time_limit                                    3600
                              use_vi_cos                                   false
                              use_vi_cus                                    true
                         use_vi_hc1_full                                   false
                         use_vi_hc1_half                                   false
                      use_vi_hc1_quarter                                   false
                              use_vi_hc2                                   false
                              use_vi_hc3                                   false
                         use_vi_lex_full                                   false
                         use_vi_lex_half                                   false
                      use_vi_lex_quarter                                   false
                              use_vi_qua                                   false
                               use_vi_vc                                    true
                               use_vi_vr                                   false
--------------------------------------------------------------------------------
executing instance: ./input/Instances/Original/4/absH3low_3n30.dat
--------------------------------------------------------------------------------
Instance details
n	31
H	3
C	2841
Li:
[0, 0, 0, 0, 0, 0, 0, 0, 0, 0, 0, 0, 0, 0, 0, 0, 0, 0, 0, 0, 0, 0, 0, 0, 0, 0, 0, 0, 0, 0, 0, ]
Ui:
[0, 246, 98, 54, 144, 171, 192, 180, 165, 98, 122, 198, 297, 144, 130, 129, 219, 138, 142, 150, 108, 66, 64, 285, 180, 204, 276, 168, 240, 198, 122, ]
Distance matrix:
|0	172	56	166	260	198	42	197	296	110	91	112	238	275	323	183	330	232	175	181	162	191	232	280	201	139	356	185	266	216	26	|
|172	0	178	223	320	335	153	355	444	62	231	99	333	376	214	352	176	235	194	106	47	41	353	161	299	175	225	43	326	374	153	|
|56	178	0	110	204	162	93	233	336	125	144	148	187	226	358	180	313	284	123	152	182	185	282	252	256	88	329	177	210	251	42	|
|166	223	110	0	102	150	199	327	431	194	253	237	113	156	431	228	296	386	44	140	248	208	389	218	366	48	287	200	108	344	148	|
|260	320	204	102	0	156	296	391	493	296	340	339	66	90	531	263	362	486	127	226	349	300	469	278	454	148	334	292	6	406	245	|
|198	335	162	150	156	0	239	255	351	286	245	307	93	106	518	111	442	423	194	280	344	335	349	367	352	182	437	327	158	266	199	|
|42	153	93	199	296	239	0	203	296	91	82	76	278	316	284	217	322	191	201	186	133	180	217	281	177	165	356	175	302	222	52	|
|197	355	233	327	391	255	203	0	104	294	125	266	340	361	436	151	524	276	352	377	330	383	109	477	146	319	553	377	395	19	222	|
|296	444	336	431	493	351	296	104	0	384	214	348	440	456	488	241	617	315	456	476	412	475	113	575	176	422	651	470	497	88	322	|
|110	62	125	194	296	286	91	294	384	0	171	55	298	340	238	292	233	210	176	118	58	91	298	201	248	148	273	87	302	313	94	|
|91	231	144	253	340	245	82	125	214	171	0	141	307	339	324	184	403	187	266	266	204	261	140	363	114	230	438	256	346	144	116	|
|112	99	148	237	339	307	76	266	348	55	141	0	332	373	212	292	275	156	225	173	64	137	254	253	200	194	322	135	345	284	108	|
|238	333	187	113	66	93	278	340	440	298	307	332	0	43	536	203	404	469	153	253	354	321	427	322	420	160	385	313	67	353	229	|
|275	376	226	156	90	106	316	361	456	340	339	373	43	0	578	216	443	507	194	295	397	364	453	361	451	203	421	356	88	372	268	|
|323	214	358	431	531	518	284	436	488	238	324	212	536	578	0	498	309	176	407	320	183	245	376	344	312	383	379	251	537	451	319	|
|183	352	180	228	263	111	217	151	241	292	184	292	203	216	498	0	492	371	266	328	345	364	255	426	272	242	501	356	266	159	198	|
|330	176	313	296	362	442	322	524	617	233	403	275	404	443	309	492	0	397	253	164	218	142	529	84	475	260	72	147	367	543	306	|
|232	235	284	386	486	423	191	276	315	210	187	156	469	507	176	371	397	0	379	327	188	276	202	396	139	346	456	277	492	289	242	|
|175	194	123	44	127	194	201	352	456	176	266	225	153	194	407	266	253	379	0	101	225	174	405	174	375	36	244	166	133	370	152	|
|181	106	152	140	226	280	186	377	476	118	266	173	253	295	320	328	164	327	101	0	148	76	403	100	360	98	177	69	232	396	155	|
|162	47	182	248	349	344	133	330	412	58	204	64	354	397	183	345	218	188	225	148	0	89	316	208	259	201	270	90	355	348	149	|
|191	41	185	208	300	335	180	383	475	91	261	137	321	364	245	364	142	276	174	76	89	0	388	119	336	162	185	8	306	402	169	|
|232	353	282	389	469	349	217	109	113	298	140	254	427	453	376	255	529	202	405	403	316	388	0	497	64	369	570	384	474	112	256	|
|280	161	252	218	278	367	281	477	575	201	363	253	322	361	344	426	84	396	174	100	208	119	497	0	449	187	77	119	283	496	255	|
|201	299	256	366	454	352	177	146	176	248	114	200	420	451	312	272	475	139	375	360	259	336	64	449	0	339	521	333	460	156	223	|
|139	175	88	48	148	182	165	319	422	148	230	194	160	203	383	242	260	346	36	98	201	162	369	187	339	0	260	153	154	337	116	|
|356	225	329	287	334	437	356	553	651	273	438	322	385	421	379	501	72	456	244	177	270	185	570	77	521	260	0	187	338	572	331	|
|185	43	177	200	292	327	175	377	470	87	256	135	313	356	251	356	147	277	166	69	90	8	384	119	333	153	187	0	298	396	163	|
|266	326	210	108	6	158	302	395	497	302	346	345	67	88	537	266	367	492	133	232	355	306	474	283	460	154	338	298	0	410	251	|
|216	374	251	344	406	266	222	19	88	313	144	284	353	372	451	159	543	289	370	396	348	402	112	496	156	337	572	396	410	0	241	|
|26	153	42	148	245	199	52	222	322	94	116	108	229	268	319	198	306	242	152	155	149	169	256	255	223	116	331	163	251	241	0	|

--------------------------------------------------------------------------------
Building model...
	using lazy and cut (CVRPSEP package)
Solving IRP LP...
--------------------------------------------------------------------------------

Gurobi 9.1.0 (linux64) logging started Wed Feb 10 16:09:52 2021

Gurobi Optimizer version 9.1.0 build v9.1.0rc0 (linux64)
Thread count: 32 physical cores, 32 logical processors, using up to 2 threads
Optimize a model with 967 rows, 4858 columns and 12142 nonzeros
Model fingerprint: 0xd3fdb629
Variable types: 394 continuous, 4464 integer (279 binary)
Coefficient statistics:
  Matrix range     [1e+00, 9e+02]
  Objective range  [1e-02, 7e+02]
  Bounds range     [1e+00, 3e+02]
  RHS range        [1e+00, 5e+03]
Presolve removed 274 rows and 121 columns
Presolve time: 0.06s
Presolved: 693 rows, 4737 columns, 11070 nonzeros
Variable types: 242 continuous, 4495 integer (4207 binary)

Root relaxation: objective 2.351709e+03, 795 iterations, 0.02 seconds

    Nodes    |    Current Node    |     Objective Bounds      |     Work
 Expl Unexpl |  Obj  Depth IntInf | Incumbent    BestBd   Gap | It/Node Time

     0     0 2351.70930    0   83          - 2351.70930      -     -    0s
     0     0 2569.39830    0   84          - 2569.39830      -     -    0s
     0     0 3212.42835    0  117          - 3212.42835      -     -    0s
     0     0 3310.46779    0  143          - 3310.46779      -     -    0s
     0     0 3323.60805    0  164          - 3323.60805      -     -    0s
     0     0 3350.74834    0  206          - 3350.74834      -     -    0s
     0     0 3373.59749    0  190          - 3373.59749      -     -    0s
     0     0 3373.61481    0  192          - 3373.61481      -     -    0s
     0     0 3435.22834    0  221          - 3435.22834      -     -    0s
     0     0 3439.28068    0  189          - 3439.28068      -     -    0s
     0     0 3440.47227    0  231          - 3440.47227      -     -    0s
     0     0 3479.72240    0  231          - 3479.72240      -     -    0s
     0     0 3479.87558    0  221          - 3479.87558      -     -    0s
     0     0 3482.09612    0  227          - 3482.09612      -     -    1s
     0     0 3482.09612    0  223          - 3482.09612      -     -    1s
     0     2 3485.68481    0  199          - 3485.68481      -     -    1s
*  213   220              85    5211.5900000 3487.97211  33.1%  97.2    3s
*  221   220              90    5196.5900000 3487.97211  32.9%  93.9    3s
   248   238 4870.76509   50  114 5196.59000 3487.97211  32.9%  96.9    5s
H  367   343                    5164.5900000 3492.07172  32.4%   127    9s
   388   371 3818.37436   11  207 5164.59000 3492.07172  32.4%   126   10s
   501   466 4240.96422   26  237 5164.59000 3492.07172  32.4%   141   15s
   612   574 4682.44435   72  110 5164.59000 3492.07172  32.4%   146   20s
H  726   648                    5130.5900000 3492.07172  31.9%   142   24s
   727   648 3940.38571   13  134 5130.59000 3492.07172  31.9%   142   25s
H  748   629                    5028.5700000 3650.81975  27.4%   138   29s
   754   633 4289.71482   23  475 5028.57000 3654.70137  27.3%   136   30s
H  768   610                    5023.5700000 3660.06655  27.1%   134   33s
   774   614 4282.67455   58  461 5023.57000 3660.35454  27.1%   133   35s
   796   629 4395.83057   29  448 5023.57000 3660.40497  27.1%   143   40s
   805   638 3677.28910   24  408 5023.57000 3668.45954  27.0%   151   45s
   864   685 3817.34356   34  284 5023.57000 3708.79603  26.2%   163   50s
   955   752 4005.95019   49  244 5023.57000 3708.79603  26.2%   166   55s
H 1143   820                    4997.3000000 3708.79603  25.8%   156   58s
  1189   854 4483.07048   97  174 4997.30000 3708.79603  25.8%   156   60s
  1389   930 3856.88141   31  313 4997.30000 3719.67272  25.6%   150   65s
  1496  1040 4315.33457   57  152 4997.30000 3719.67272  25.6%   155   70s
  1810  1188 4887.39798  125  100 4997.30000 3741.86448  25.1%   140   75s
  1971  1234 3980.32743   36  345 4997.30000 3742.25272  25.1%   143   81s
  2089  1305 4012.83969   30  167 4997.30000 3760.08971  24.8%   142   85s
  2268  1388 4123.91747   32  261 4997.30000 3761.11701  24.7%   143   90s
  2409  1456 3895.50665   33  237 4997.30000 3776.10147  24.4%   146   95s
  2572  1555 4179.63953   38  263 4997.30000 3784.17814  24.3%   145  100s
  2761  1759 4445.60728   55  208 4997.30000 3792.33199  24.1%   143  106s
  2903  1811 4238.70589   39  157 4997.30000 3792.33199  24.1%   141  110s
  3048  1911 4898.28199  108   52 4997.30000 3795.94054  24.0%   140  115s
H 3104  1180                    4593.9300000 3796.16268  17.4%   141  117s
  3184  1213 4063.79591   27  331 4593.93000 3799.02231  17.3%   141  121s
H 3216  1091                    4534.9100000 3799.02231  16.2%   142  121s
H 3219   808                    4425.0700000 3799.02231  14.1%   142  121s
  3264   843 4001.91915   35  396 4425.07000 3800.96526  14.1%   143  125s
H 3280   790                    4405.0700000 3800.96526  13.7%   144  126s
H 3304   750                    4377.0500000 3804.57720  13.1%   145  128s
  3324   766 4168.18301   38  354 4377.05000 3806.64871  13.0%   145  130s
H 3331   750                    4367.4600000 3806.64871  12.8%   146  130s
  3392   773 4262.83416   35  171 4367.46000 3817.37005  12.6%   148  135s
  3465   807     cutoff   51      4367.46000 3818.15385  12.6%   150  140s
  3559   854 4214.53788   41  374 4367.46000 3821.53769  12.5%   154  147s
  3654   898 4338.66978   41  304 4367.46000 3826.65865  12.4%   156  152s
  3694   960     cutoff   38      4367.46000 3833.75203  12.2%   157  155s
  3833   986 4012.28739   26  313 4367.46000 3843.99148  12.0%   158  162s
  3890  1013 4229.51671   44  292 4367.46000 3847.86374  11.9%   159  166s
  4031  1077 4359.12317   44  221 4367.46000 3853.12525  11.8%   160  172s
  4093  1098     cutoff   39      4367.46000 3859.86172  11.6%   162  175s
  4226  1163 4301.41457   36  290 4367.46000 3865.78139  11.5%   164  182s
  4282  1189 4211.63812   34  226 4367.46000 3871.48521  11.4%   166  186s
  4343  1211 4088.20936   31  351 4367.46000 3872.93393  11.3%   167  190s
  4454  1235     cutoff   49      4367.46000 3879.50297  11.2%   170  198s
  4489  1263 4023.49141   35  355 4367.46000 3881.99340  11.1%   171  203s
  4551  1289 3934.20952   32  321 4367.46000 3885.00601  11.0%   172  208s
  4618  1309 4165.10830   44  365 4367.46000 3886.47534  11.0%   174  212s
  4650  1331 4264.37132   34  325 4367.46000 3888.62808  11.0%   176  216s
H 4690  1317                    4361.8200000 3888.62808  10.8%   176  216s
  4716  1350 4018.93450   29  366 4361.82000 3894.89642  10.7%   177  221s
  4773  1381 4294.17006   42  407 4361.82000 3895.87347  10.7%   179  225s
  4856  1399 4093.99057   29  391 4361.82000 3897.19650  10.7%   180  230s
  4910  1420     cutoff   45      4361.82000 3901.48632  10.6%   182  235s
  4984  1428 4249.08406   45  392 4361.82000 3902.45137  10.5%   183  241s
H 5011  1376                    4345.4300000 3902.45137  10.2%   184  241s
  5012  1414 3999.69972   25  461 4345.43000 3907.35716  10.1%   184  246s
  5074  1434 4303.59211   47  364 4345.43000 3910.80745  10.0%   185  251s
  5134  1481 4167.81342   29  349 4345.43000 3913.24983  9.95%   187  257s
  5233  1505     cutoff   53      4345.43000 3925.22276  9.67%   188  262s
  5339  1537 4257.28410   33  257 4345.43000 3929.76098  9.57%   190  268s
  5410  1550     cutoff   50      4345.43000 3931.17352  9.53%   190  274s
  5501  1572     cutoff   47      4345.43000 3938.56880  9.36%   192  280s
  5578  1594 4220.53080   33  340 4345.43000 3943.92546  9.24%   194  286s
* 5631  1511              39    4327.4100000 3943.92546  8.86%   194  286s
* 5632  1444              39    4316.4300000 3943.92546  8.63%   194  286s
* 5633  1440              38    4315.4100000 3943.92546  8.61%   194  286s
  5704  1451 4177.04211   31  363 4315.41000 3948.32063  8.51%   194  292s
  5779  1473 4232.88161   35  310 4315.41000 3951.82385  8.43%   196  299s
  5861  1481     cutoff   43      4315.41000 3955.73344  8.33%   198  306s
  5982  1511 4252.57376   33  209 4315.41000 3959.67255  8.24%   199  313s
  6113  1548 4093.92626   34  441 4315.41000 3965.31152  8.11%   200  319s
  6201  1555     cutoff   56      4315.41000 3967.60723  8.06%   201  326s
  6310  1575 4208.16948   51  335 4315.41000 3973.09835  7.93%   203  333s
  6392  1608 4272.82971   40  305 4315.41000 3978.01882  7.82%   204  340s
  6508  1629 4287.63481   38  371 4315.41000 3981.00401  7.75%   205  347s
  6601  1651     cutoff   40      4315.41000 3984.50479  7.67%   206  354s
  6689  1692 4225.89417   37  321 4315.41000 3986.51780  7.62%   208  362s
  6813  1723 4314.29526   45  256 4315.41000 3990.54521  7.53%   208  370s
  6926  1735 4296.90991   42   44 4315.41000 3994.96037  7.43%   209  377s
  7019  1755 4099.96910   29  336 4315.41000 3999.91980  7.31%   211  384s
  7102  1765     cutoff   33      4315.41000 4000.30898  7.30%   212  392s
  7196  1784 4133.08264   36  339 4315.41000 4006.50189  7.16%   214  399s
  7290  1807 4091.43110   36  378 4315.41000 4013.14840  7.00%   215  410s
  7413  1835 infeasible   36      4315.41000 4016.03412  6.94%   217  420s
  7567  1856     cutoff   42      4315.41000 4023.77847  6.76%   217  429s
  7710  1875 4225.60383   42  300 4315.41000 4030.77695  6.60%   219  439s
  7838  1893 4247.25026   34  345 4315.41000 4036.18004  6.47%   220  449s
  7966  1898 4205.00079   44  346 4315.41000 4038.93412  6.41%   220  460s
  8104  1924 4308.10954   51  260 4315.41000 4042.86035  6.32%   221  470s
  8269  1940 4210.73359   34  335 4315.41000 4047.00764  6.22%   222  480s
  8455  1976     cutoff   41      4315.41000 4051.85835  6.11%   222  490s
  8688  1997     cutoff   33      4315.41000 4056.71242  5.99%   221  500s
  8855  2002     cutoff   40      4315.41000 4061.79717  5.88%   222  511s
  8946  2040     cutoff   39      4315.41000 4065.26814  5.80%   223  521s
  9108  2057 4313.85000   49    - 4315.41000 4069.10463  5.71%   224  531s
  9266  2066     cutoff   49      4315.41000 4073.19531  5.61%   225  541s
  9415  2092 4279.36904   42  242 4315.41000 4078.00050  5.50%   226  552s
  9578  2121 4146.30651   33  232 4315.41000 4080.94597  5.43%   226  562s
  9757  2137 4269.74269   44  136 4315.41000 4084.58276  5.35%   226  574s
  9846  2137 4276.91304   49  384 4315.41000 4090.18835  5.22%   226  575s
  9929  2134     cutoff   46      4315.41000 4090.47646  5.21%   227  585s
 10104  2143 4238.20538   32  135 4315.41000 4093.83211  5.13%   227  596s
 10276  2131     cutoff   41      4315.41000 4097.87841  5.04%   228  607s
 10421  2132     cutoff   32      4315.41000 4102.72954  4.93%   229  617s
 10587  2140 4255.24220   40  247 4315.41000 4104.90379  4.88%   229  627s
 10747  2146     cutoff   37      4315.41000 4109.44359  4.77%   230  637s
 10932  2144 4304.69765   42  212 4315.41000 4114.19130  4.66%   230  647s
 11114  2136 4267.18472   45  261 4315.41000 4117.75530  4.58%   230  658s
 11324  2132 4172.65435   36  340 4315.41000 4122.49768  4.47%   230  668s
 11446  2135     cutoff   45      4315.41000 4125.73798  4.40%   230  680s
 11632  2122 4207.59014   40  367 4315.41000 4130.39955  4.29%   231  692s
 11826  2116     cutoff   37      4315.41000 4133.46984  4.22%   231  704s
 11942  2116     cutoff   42      4315.41000 4138.56170  4.10%   231  705s
 12043  2108 4305.75343   46  301 4315.41000 4138.80239  4.09%   232  716s
 12234  2112 4294.26678   36  366 4315.41000 4141.74233  4.02%   232  728s
 12427  2059 4303.09232   36  276 4315.41000 4145.84621  3.93%   233  741s
 12628  2043 4257.33891   35  144 4315.41000 4151.92162  3.79%   233  754s
 12864  2025 4233.46499   42  221 4315.41000 4158.83925  3.63%   233  766s
 13074  2009 4278.60807   37  250 4315.41000 4163.52312  3.52%   232  778s
 13264  2005 4278.67094   32  225 4315.41000 4166.10371  3.46%   232  790s
 13520  1984     cutoff   40      4315.41000 4169.77891  3.37%   232  802s
 13741  1992 4295.76687   39  308 4315.41000 4173.47322  3.29%   232  814s
 14004  1964     cutoff   36      4315.41000 4176.20459  3.23%   231  825s
 14204  1911 4304.56218   35  320 4315.41000 4180.82013  3.12%   231  836s
 14384  1885 4266.18659   36  104 4315.41000 4184.92077  3.02%   231  847s
 14650  1852     cutoff   38      4315.41000 4190.18114  2.90%   230  860s
 14899  1806 4285.46815   30  410 4315.41000 4195.25684  2.78%   230  871s
 15118  1780     cutoff   36      4315.41000 4198.77687  2.70%   229  883s
 15385  1725     cutoff   40      4315.41000 4203.30376  2.60%   228  894s
*15439  1709              51    4313.4100000 4203.30376  2.55%   228  894s
 15654  1696     cutoff   33      4313.41000 4208.06038  2.44%   228  941s
 15822  1639 4276.78800   39   69 4313.41000 4209.78247  2.40%   227  953s
 16086  1569 4293.30926   47  117 4313.41000 4215.19536  2.28%   226  965s
 16431  1539 4289.88296   31  142 4313.41000 4220.95038  2.14%   224  976s
*16548   976              47    4272.4100000 4220.95038  1.20%   224  976s
 16813   826     cutoff   50      4272.41000 4225.60659  1.10%   222  981s
 16959   714     cutoff   34      4272.41000 4231.08537  0.97%   221  985s
 17144   591     cutoff   45      4272.41000 4236.95605  0.83%   220  990s
 17558   308     cutoff   46      4272.41000 4249.43044  0.54%   217  996s

Cutting planes:
  User: 3943
  Gomory: 34
  Cover: 292
  Implied bound: 128
  Projected implied bound: 4
  Clique: 22
  MIR: 83
  StrongCG: 2
  Flow cover: 183
  Zero half: 6
  RLT: 140
  Relax-and-lift: 3
  Lazy constraints: 304

Explored 18052 nodes (3829703 simplex iterations) in 999.38 seconds
Thread count was 2 (of 32 available processors)

Solution count 10: 4272.41 4313.41 4315.41 ... 4405.07

Optimal solution found (tolerance 1.00e-04)
Best objective 4.272410000000e+03, best bound 4.272410000000e+03, gap 0.0000%

User-callback calls 114338, time in user-callback 44.49 sec
================================================================================
executing instance: ./input/Instances/Original/4/absH3low_3n10.dat
--------------------------------------------------------------------------------
Instance details
n	11
H	3
C	687
Li:
[0, 0, 0, 0, 0, 0, 0, 0, 0, 0, 0, ]
Ui:
[0, 189, 44, 174, 78, 36, 198, 117, 42, 96, 240, ]
Distance matrix:
|0	209	255	286	142	156	285	317	182	161	135	|
|209	0	464	451	315	356	490	469	361	299	260	|
|255	464	0	221	202	130	74	280	189	254	273	|
|286	451	221	0	145	156	164	479	354	153	192	|
|142	315	202	145	0	73	194	388	250	53	73	|
|156	356	130	156	73	0	134	332	200	127	144	|
|285	490	74	164	194	134	0	353	256	239	267	|
|317	469	280	479	388	332	353	0	141	436	430	|
|182	361	189	354	250	200	256	141	0	296	289	|
|161	299	254	153	53	127	239	436	296	0	39	|
|135	260	273	192	73	144	267	430	289	39	0	|

--------------------------------------------------------------------------------
Building model...
	using lazy and cut (CVRPSEP package)
Solving IRP LP...
--------------------------------------------------------------------------------

Gurobi 9.1.0 (linux64) logging started Wed Feb 10 16:26:32 2021

Gurobi Optimizer version 9.1.0 build v9.1.0rc0 (linux64)
Thread count: 32 physical cores, 32 logical processors, using up to 2 threads
Optimize a model with 347 rows, 728 columns and 2282 nonzeros
Model fingerprint: 0x361768c0
Variable types: 134 continuous, 594 integer (99 binary)
Coefficient statistics:
  Matrix range     [1e+00, 2e+02]
  Objective range  [1e-02, 5e+02]
  Bounds range     [1e+00, 2e+02]
  RHS range        [1e+00, 1e+03]
Presolve removed 94 rows and 41 columns
Presolve time: 0.02s
Presolved: 253 rows, 687 columns, 1939 nonzeros
Variable types: 82 continuous, 605 integer (508 binary)
Found heuristic solution: objective 4682.8100000
Found heuristic solution: objective 4429.2700000

Root relaxation: objective 1.476189e+03, 482 iterations, 0.01 seconds

    Nodes    |    Current Node    |     Objective Bounds      |     Work
 Expl Unexpl |  Obj  Depth IntInf | Incumbent    BestBd   Gap | It/Node Time

     0     0 1476.18878    0   38 4429.27000 1476.18878  66.7%     -    0s
     0     0 1659.47533    0   57 4429.27000 1659.47533  62.5%     -    0s
     0     0 2081.48623    0   65 4429.27000 2081.48623  53.0%     -    0s
H    0     0                    3179.4900000 2081.48623  34.5%     -    0s
H    0     0                    3171.7500000 2081.48623  34.4%     -    0s
     0     0 2081.48623    0   63 3171.75000 2081.48623  34.4%     -    0s
     0     0 2182.44085    0   66 3171.75000 2182.44085  31.2%     -    0s
H    0     0                    2734.1000000 2182.44085  20.2%     -    0s
     0     0 2189.12769    0   84 2734.10000 2189.12769  19.9%     -    0s
     0     0 2191.40274    0   82 2734.10000 2191.40274  19.8%     -    0s
     0     0 2256.05780    0  117 2734.10000 2256.05780  17.5%     -    0s
     0     0 2258.35189    0  108 2734.10000 2258.35189  17.4%     -    0s
     0     0 2258.61433    0  124 2734.10000 2258.61433  17.4%     -    0s
     0     0 2293.61047    0   99 2734.10000 2293.61047  16.1%     -    0s
     0     0 2293.74236    0  101 2734.10000 2293.74236  16.1%     -    0s
     0     0 2297.71814    0  121 2734.10000 2297.71814  16.0%     -    0s
     0     0 2297.71814    0  121 2734.10000 2297.71814  16.0%     -    0s
     0     2 2299.43749    0  108 2734.10000 2299.43749  15.9%     -    0s

Cutting planes:
  User: 89
  Gomory: 4
  Cover: 79
  Implied bound: 58
  Clique: 19
  MIR: 46
  StrongCG: 2
  Flow cover: 68
  Zero half: 1
  Network: 2
  RLT: 61
  Relax-and-lift: 13
  Lazy constraints: 12

Explored 1777 nodes (75268 simplex iterations) in 3.19 seconds
Thread count was 2 (of 32 available processors)

Solution count 5: 2734.1 3171.75 3179.49 ... 4682.81

Optimal solution found (tolerance 1.00e-04)
Best objective 2.734100000000e+03, best bound 2.734100000000e+03, gap 0.0000%

User-callback calls 4302, time in user-callback 0.37 sec
================================================================================
executing instance: ./input/Instances/Original/4/absH3low_3n15.dat
--------------------------------------------------------------------------------
Instance details
n	16
H	3
C	1267
Li:
[0, 0, 0, 0, 0, 0, 0, 0, 0, 0, 0, 0, 0, 0, 0, 0, ]
Ui:
[0, 156, 267, 148, 144, 87, 33, 171, 76, 141, 270, 282, 60, 110, 172, 57, ]
Distance matrix:
|0	229	567	76	58	96	306	409	310	423	108	346	165	347	159	256	|
|229	0	482	243	279	155	375	525	251	419	158	373	65	123	329	246	|
|567	482	0	506	622	483	342	439	259	200	467	274	486	433	501	312	|
|76	243	506	0	119	88	230	337	255	352	88	272	179	347	94	194	|
|58	279	622	119	0	154	345	431	366	471	166	391	217	399	179	310	|
|96	155	483	88	154	0	266	397	224	358	17	289	92	262	176	179	|
|306	375	342	230	345	266	0	158	184	148	251	68	332	423	181	140	|
|409	525	439	337	431	397	158	0	340	244	386	201	476	581	253	298	|
|310	251	259	255	366	224	184	340	0	170	208	146	238	257	274	66	|
|423	419	200	352	471	358	148	244	170	0	341	84	396	424	323	182	|
|108	158	467	88	166	17	251	386	208	341	0	273	96	259	172	162	|
|346	373	274	272	391	289	68	201	146	84	273	0	340	400	239	127	|
|165	65	486	179	217	92	332	476	238	396	96	340	0	182	267	216	|
|347	123	433	347	399	262	423	581	257	424	259	400	182	0	423	283	|
|159	329	501	94	179	176	181	253	274	323	172	239	267	423	0	208	|
|256	246	312	194	310	179	140	298	66	182	162	127	216	283	208	0	|

--------------------------------------------------------------------------------
Building model...
	using lazy and cut (CVRPSEP package)
Solving IRP LP...
--------------------------------------------------------------------------------

Gurobi 9.1.0 (linux64) logging started Wed Feb 10 16:26:35 2021

Gurobi Optimizer version 9.1.0 build v9.1.0rc0 (linux64)
Thread count: 32 physical cores, 32 logical processors, using up to 2 threads
Optimize a model with 502 rows, 1423 columns and 4072 nonzeros
Model fingerprint: 0x88a70a6d
Variable types: 199 continuous, 1224 integer (144 binary)
Coefficient statistics:
  Matrix range     [1e+00, 4e+02]
  Objective range  [1e-02, 6e+02]
  Bounds range     [1e+00, 3e+02]
  RHS range        [1e+00, 2e+03]
Presolve removed 139 rows and 61 columns
Presolve time: 0.04s
Presolved: 363 rows, 1362 columns, 3533 nonzeros
Variable types: 122 continuous, 1240 integer (1095 binary)

Root relaxation: objective 1.782467e+03, 557 iterations, 0.01 seconds

    Nodes    |    Current Node    |     Objective Bounds      |     Work
 Expl Unexpl |  Obj  Depth IntInf | Incumbent    BestBd   Gap | It/Node Time

     0     0 1782.46686    0   52          - 1782.46686      -     -    0s
     0     0 1983.88001    0   67          - 1983.88001      -     -    0s
     0     0 1983.88001    0   66          - 1983.88001      -     -    0s
     0     0 2334.08609    0   73          - 2334.08609      -     -    0s
     0     0 2452.70843    0   51          - 2452.70843      -     -    0s
     0     0 2452.70843    0   58          - 2452.70843      -     -    0s
     0     0 2520.27394    0  117          - 2520.27394      -     -    0s
     0     0 2530.89032    0  125          - 2530.89032      -     -    0s
     0     0 2531.97050    0  123          - 2531.97050      -     -    0s
     0     0 2538.50043    0  146          - 2538.50043      -     -    0s
     0     0 2560.86226    0  139          - 2560.86226      -     -    0s
     0     0 2578.70942    0  147          - 2578.70942      -     -    0s
     0     0 2581.70003    0  137          - 2581.70003      -     -    0s
     0     0 2584.05223    0  161          - 2584.05223      -     -    0s
     0     0 2584.06084    0  161          - 2584.06084      -     -    0s
     0     0 2675.40683    0  139          - 2675.40683      -     -    0s
     0     0 2681.34211    0  157          - 2681.34211      -     -    0s
     0     0 2683.58361    0  141          - 2683.58361      -     -    0s
     0     0 2683.58361    0  150          - 2683.58361      -     -    0s
     0     0 2715.14477    0  142          - 2715.14477      -     -    0s
     0     0 2718.63466    0  138          - 2718.63466      -     -    0s
     0     0 2718.99375    0  132          - 2718.99375      -     -    0s
     0     0 2724.82524    0   95          - 2724.82524      -     -    0s
     0     0 2739.74335    0  185          - 2739.74335      -     -    0s
     0     0 2742.14980    0  185          - 2742.14980      -     -    0s
     0     0 2742.47070    0  193          - 2742.47070      -     -    0s
     0     0 2754.54915    0  165          - 2754.54915      -     -    0s
     0     0 2755.37777    0  129          - 2755.37777      -     -    0s
     0     0 2755.37777    0  150          - 2755.37777      -     -    0s
     0     0 2755.37777    0  136          - 2755.37777      -     -    0s
     0     2 2755.37777    0  136          - 2755.37777      -     -    0s
*   85    86              38    3818.0600000 2773.82440  27.3%  84.2    1s
H   87    85                    3596.0600000 2773.82440  22.9%  82.6    1s
H   91    85                    3527.3200000 2773.82440  21.4%  82.4    1s
H  119   106                    3514.5600000 2846.07066  19.0%  95.3    1s
   653   349     cutoff   10      3514.56000 2961.72528  15.7%   107    5s
H  877   430                    3500.5600000 3032.89220  13.4%   108    7s
H  890   422                    3464.5600000 3032.89220  12.5%   109    7s
  1301   522 3395.28854    8  122 3464.56000 3119.70338  10.0%   111   10s
H 1467   543                    3463.5200000 3135.02757  9.48%   107   11s
  1633   602 3306.74712   21  152 3463.52000 3135.02757  9.48%   112   15s
H 1643   578                    3448.5200000 3135.02757  9.09%   113   15s
H 1703   536                    3401.5600000 3135.02757  7.84%   113   15s
  2160   459     cutoff   25      3401.56000 3135.02757  7.84%   114   20s

Cutting planes:
  User: 449
  Gomory: 6
  Cover: 147
  Implied bound: 75
  Projected implied bound: 1
  Clique: 20
  MIR: 60
  StrongCG: 2
  Flow cover: 102
  Zero half: 4
  Network: 4
  RLT: 112
  Relax-and-lift: 4
  Lazy constraints: 15

Explored 3088 nodes (326456 simplex iterations) in 24.24 seconds
Thread count was 2 (of 32 available processors)

Solution count 9: 3401.56 3448.52 3463.52 ... 3818.06

Optimal solution found (tolerance 1.00e-04)
Best objective 3.401560000000e+03, best bound 3.401560000000e+03, gap 0.0000%

User-callback calls 9805, time in user-callback 1.76 sec
================================================================================
executing instance: ./input/Instances/Original/4/absH3low_2n45.dat
--------------------------------------------------------------------------------
Instance details
n	46
H	3
C	3171
Li:
[0, 0, 0, 0, 0, 0, 0, 0, 0, 0, 0, 0, 0, 0, 0, 0, 0, 0, 0, 0, 0, 0, 0, 0, 0, 0, 0, 0, 0, 0, 0, 0, 0, 0, 0, 0, 0, 0, 0, 0, 0, 0, 0, 0, 0, 0, ]
Ui:
[0, 246, 160, 78, 20, 87, 144, 40, 20, 82, 60, 96, 24, 136, 160, 108, 160, 26, 228, 51, 24, 240, 231, 70, 32, 105, 174, 114, 246, 126, 132, 76, 22, 42, 255, 132, 148, 162, 66, 111, 102, 240, 123, 201, 297, 78, ]
Distance matrix:
|0	148	402	550	329	420	187	318	366	280	504	273	233	333	112	344	379	481	113	593	159	523	261	424	90	359	163	461	413	240	105	299	265	89	371	462	339	273	495	22	41	439	369	506	563	468	|
|148	0	284	517	394	284	136	369	244	311	496	166	329	355	223	202	338	388	204	565	254	506	118	346	71	423	173	471	336	118	105	352	198	105	248	428	302	305	487	153	179	441	230	497	517	370	|
|402	284	0	350	448	80	228	406	42	343	382	129	456	350	412	126	219	131	382	395	410	371	180	137	314	466	289	400	137	167	389	401	169	316	39	280	217	342	373	394	414	362	108	380	324	106	|
|550	517	350	0	339	429	385	308	374	295	93	375	431	249	481	461	180	239	458	48	445	57	474	214	496	333	387	160	216	424	601	321	320	471	376	90	217	301	93	530	534	146	452	88	52	262	|
|329	394	448	339	0	513	282	42	438	105	255	363	115	108	221	484	259	431	217	365	172	289	436	362	333	30	224	189	353	380	423	47	291	296	443	285	240	107	251	307	294	193	495	260	378	437	|
|420	284	80	429	513	0	267	473	76	408	462	163	509	421	449	86	298	201	421	474	455	451	167	217	330	533	333	478	217	181	386	466	225	341	70	360	291	406	453	416	438	440	59	460	400	176	|
|187	136	228	385	282	267	0	249	199	186	360	104	248	224	184	214	207	294	155	432	189	371	155	237	113	308	68	336	227	101	216	236	78	98	205	296	168	181	350	174	190	305	231	360	390	283	|
|318	369	406	308	42	473	249	0	397	66	229	325	128	67	216	447	218	389	206	337	168	260	402	320	311	61	196	167	311	345	406	19	252	275	403	248	198	70	223	296	286	164	457	233	344	395	|
|366	244	42	374	438	76	199	397	0	332	397	96	436	346	383	90	228	168	354	420	385	389	139	161	277	458	263	408	158	128	349	391	150	282	6	298	218	331	388	359	380	370	78	395	352	144	|
|280	311	343	295	105	408	186	66	332	0	231	259	142	53	191	380	171	337	173	332	150	257	337	267	258	127	139	182	258	280	359	58	186	223	338	222	143	6	224	258	254	164	390	234	323	340	|
|504	496	382	93	255	462	360	229	397	231	0	375	356	180	422	478	173	293	403	110	381	36	474	248	463	245	345	68	246	419	568	244	308	433	400	104	200	237	9	482	482	67	474	5	142	312	|
|273	166	129	375	363	163	104	325	96	259	375	0	347	283	288	121	202	221	259	423	292	376	99	183	186	386	170	370	175	52	269	315	76	187	102	288	177	256	365	265	285	333	133	374	365	204	|
|233	329	456	431	115	509	248	128	436	142	356	347	0	181	121	462	311	472	128	463	76	386	398	403	260	141	180	294	392	349	334	111	287	224	442	362	280	139	350	212	194	289	479	360	463	472	|
|333	355	350	249	108	421	224	67	346	53	180	283	181	0	244	403	152	324	226	283	201	207	369	256	307	118	186	129	247	311	409	74	208	273	351	183	136	59	173	311	307	113	410	183	282	331	|
|112	223	412	481	221	449	184	216	383	191	422	288	121	244	0	387	327	461	30	521	49	447	313	396	152	250	125	371	385	273	214	196	249	121	389	400	288	185	415	91	74	355	408	425	503	454	|
|344	202	126	461	484	86	214	447	90	380	478	121	462	403	387	0	305	256	360	508	400	473	84	250	255	507	282	482	246	115	302	437	196	271	90	382	288	377	469	343	367	444	28	476	441	232	|
|379	338	219	180	259	298	207	218	228	171	173	202	311	152	327	305	0	172	301	227	300	174	302	105	318	270	217	180	97	249	423	221	141	296	232	90	40	173	164	361	368	142	303	172	184	180	|
|481	388	131	239	431	201	294	389	168	337	293	221	472	324	461	256	172	0	432	280	446	273	300	70	400	442	337	330	80	271	490	391	217	391	167	191	194	339	286	468	483	294	239	289	203	26	|
|113	204	382	458	217	421	155	206	354	173	403	259	128	226	30	360	301	432	0	499	52	426	287	367	133	246	95	355	356	246	208	187	219	100	360	376	261	167	395	90	81	337	381	406	478	425	|
|593	565	395	48	365	474	432	337	420	332	110	423	463	283	521	508	227	280	499	0	482	77	521	260	542	356	431	178	262	472	647	352	368	516	422	137	264	338	114	573	576	174	499	106	78	304	|
|159	254	410	445	172	455	189	168	385	150	381	292	76	201	49	400	300	446	52	482	0	407	331	378	184	201	122	327	367	286	258	149	242	150	391	367	263	144	374	137	122	314	419	384	470	441	|
|523	506	371	57	289	451	371	260	389	257	36	376	386	207	447	473	174	273	426	77	407	0	475	234	477	280	363	104	234	422	583	275	313	449	392	91	205	263	38	503	504	97	468	31	108	294	|
|261	118	180	474	436	167	155	402	139	337	474	99	398	369	313	84	302	300	287	521	331	475	0	275	173	462	220	465	268	58	219	390	168	193	142	388	275	333	464	261	286	430	111	473	462	279	|
|424	346	137	214	362	217	237	320	161	267	248	183	403	256	396	250	105	70	367	260	378	234	275	0	348	374	274	274	11	234	444	321	159	335	163	145	124	269	239	409	422	237	239	245	191	76	|
|90	71	314	496	333	330	113	311	277	258	463	186	260	307	152	255	318	400	133	542	184	477	173	348	0	362	121	430	338	150	106	293	190	37	282	406	279	252	454	88	113	403	280	464	502	386	|
|359	423	466	333	30	533	308	61	458	127	245	386	141	118	250	507	270	442	246	356	201	280	462	374	362	0	252	178	365	406	453	73	313	325	463	286	254	130	242	336	324	187	517	250	374	449	|
|163	173	289	387	224	333	68	196	263	139	345	170	180	186	125	282	217	337	95	431	122	363	220	274	121	252	0	310	263	168	225	180	124	88	269	300	177	133	337	144	152	284	299	347	400	330	|
|461	471	400	160	189	478	336	167	408	182	68	370	294	129	371	482	180	330	355	178	327	104	465	274	430	178	310	0	269	408	534	184	297	398	412	142	194	188	66	439	436	38	482	73	206	345	|
|413	336	137	216	353	217	227	311	158	258	246	175	392	247	385	246	97	80	356	262	367	234	268	11	338	365	263	269	0	226	434	312	149	324	160	143	115	259	237	399	411	232	237	243	196	84	|
|240	118	167	424	380	181	101	345	128	280	419	52	349	311	273	115	249	271	246	472	286	422	58	234	150	406	168	408	226	0	223	333	111	160	133	336	219	276	409	235	258	373	136	418	416	252	|
|105	105	389	601	423	386	216	406	349	359	568	269	334	409	214	302	423	490	208	647	258	583	219	444	106	453	225	534	434	223	0	388	289	137	353	511	384	353	559	123	145	508	330	570	606	473	|
|299	352	401	321	47	466	236	19	391	58	244	315	111	74	196	437	221	391	187	352	149	275	390	321	293	73	180	184	312	333	388	0	243	257	396	258	197	60	238	276	267	178	448	248	355	395	|
|265	198	169	320	291	225	78	252	150	186	308	76	287	208	249	196	141	217	219	368	242	313	168	159	190	313	124	297	149	111	289	243	0	176	156	231	109	183	299	251	266	262	205	308	319	207	|
|89	105	316	471	296	341	98	275	282	223	433	187	224	273	121	271	296	391	100	516	150	449	193	335	37	325	88	398	324	160	137	257	176	0	287	382	256	217	424	78	98	372	295	434	480	379	|
|371	248	39	376	443	70	205	403	6	338	400	102	442	351	389	90	232	167	360	422	391	392	142	163	282	463	269	412	160	133	353	396	156	287	0	301	222	336	391	365	386	374	77	398	353	143	|
|462	428	280	90	285	360	296	248	298	222	104	288	362	183	400	382	90	191	376	137	367	91	388	145	406	286	300	142	143	336	511	258	231	382	301	0	127	226	96	443	448	110	376	100	103	209	|
|339	302	217	217	240	291	168	198	218	143	200	177	280	136	288	288	40	194	261	264	263	205	275	124	279	254	177	194	115	219	384	197	109	256	222	127	0	145	190	321	328	157	289	199	224	198	|
|273	305	342	301	107	406	181	70	331	6	237	256	139	59	185	377	173	339	167	338	144	263	333	269	252	130	133	188	259	276	353	60	183	217	336	226	145	0	230	251	248	170	388	240	328	341	|
|495	487	373	93	251	453	350	223	388	224	9	365	350	173	415	469	164	286	395	114	374	38	464	239	454	242	337	66	237	409	559	238	299	424	391	96	190	230	0	474	474	61	465	11	141	305	|
|22	153	394	530	307	416	174	296	359	258	482	265	212	311	91	343	361	468	90	573	137	503	261	409	88	336	144	439	399	235	123	276	251	78	365	443	321	251	474	0	26	418	367	485	544	456	|
|41	179	414	534	294	438	190	286	380	254	482	285	194	307	74	367	368	483	81	576	122	504	286	422	113	324	152	436	411	258	145	267	266	98	386	448	328	248	474	26	0	416	391	484	550	472	|
|439	441	362	146	193	440	305	164	370	164	67	333	289	113	355	444	142	294	337	174	314	97	430	237	403	187	284	38	232	373	508	178	262	372	374	110	157	170	61	418	416	0	444	71	187	309	|
|369	230	108	452	495	59	231	457	78	390	474	133	479	410	408	28	303	239	381	499	419	468	111	239	280	517	299	482	237	136	330	448	205	295	77	376	289	388	465	367	391	444	0	472	429	214	|
|506	497	380	88	260	460	360	233	395	234	5	374	360	183	425	476	172	289	406	106	384	31	473	245	464	250	347	73	243	418	570	248	308	434	398	100	199	240	11	485	484	71	472	0	137	309	|
|563	517	324	52	378	400	390	344	352	323	142	365	463	282	503	441	184	203	478	78	470	108	462	191	502	374	400	206	196	416	606	355	319	480	353	103	224	328	141	544	550	187	429	137	0	228	|
|468	370	106	262	437	176	283	395	144	340	312	204	472	331	454	232	180	26	425	304	441	294	279	76	386	449	330	345	84	252	473	395	207	379	143	209	198	341	305	456	472	309	214	309	228	0	|

--------------------------------------------------------------------------------
