




arguments: ./build/mirp_solver -f ./input/orig_exec_75.cfg
Current dir: /scratch/gui/bnc_mirp
File verbosity level: 9
date       time         ( uptime  ) [ thread name/id ]                   file:line     v| 
2021-01-09 08:30:52.278 (   0.061s) [main thread     ]             loguru.cpp:789   INFO| Logging to './output/vi_cus/OU/V5/Original/execution_09_01_2021_08_30_52.log', mode: 'a', verbosity: 9
--------------------------------------------------------------------------------
Parameters
                           instance_path           ./input/Instances/Original/2/
                            model_policy                                       1
                             nb_vehicles                                       5
                              output_dir         ./output/vi_cus/OU/V5/Original/
                            sec_strategy                                       1
                       solver_nb_threads                                       2
                         solver_show_log                                    true
                       solver_time_limit                                    3600
                              use_vi_cos                                   false
                              use_vi_cus                                    true
                         use_vi_hc1_full                                   false
                         use_vi_hc1_half                                   false
                      use_vi_hc1_quarter                                   false
                              use_vi_hc2                                   false
                              use_vi_hc3                                   false
                         use_vi_lex_full                                   false
                         use_vi_lex_half                                   false
                      use_vi_lex_quarter                                   false
                              use_vi_qua                                   false
                               use_vi_vc                                   false
                               use_vi_vr                                   false
--------------------------------------------------------------------------------
executing instance: ./input/Instances/Original/2/absH3high_3n40.dat
--------------------------------------------------------------------------------
Instance details
n	41
H	3
C	3283
Li:
[0, 0, 0, 0, 0, 0, 0, 0, 0, 0, 0, 0, 0, 0, 0, 0, 0, 0, 0, 0, 0, 0, 0, 0, 0, 0, 0, 0, 0, 0, 0, 0, 0, 0, 0, 0, 0, 0, 0, 0, 0, ]
Ui:
[0, 63, 111, 99, 96, 111, 282, 122, 156, 261, 42, 192, 126, 42, 162, 207, 159, 122, 102, 190, 118, 102, 132, 102, 165, 252, 66, 52, 22, 114, 210, 176, 116, 294, 78, 152, 210, 45, 130, 198, 174, ]
Distance matrix:
|0	208	225	252	227	143	258	127	267	150	28	83	163	286	57	149	201	137	214	255	70	73	107	186	328	266	249	343	222	177	293	144	262	215	167	120	169	218	143	173	255	|
|208	0	397	355	416	198	216	99	211	275	193	172	97	166	240	225	362	109	277	314	182	216	273	374	298	208	319	161	14	103	93	120	58	196	152	156	372	227	260	218	453	|
|225	397	0	427	53	364	482	343	492	129	253	225	382	386	171	188	39	291	187	195	295	182	282	55	326	491	180	551	408	315	457	366	455	275	392	244	221	439	341	214	101	|
|252	355	427	0	401	158	201	263	219	396	234	328	259	498	299	400	420	354	465	506	205	324	152	374	574	219	499	393	366	389	446	235	378	456	205	359	224	150	111	423	400	|
|227	416	53	401	0	357	477	352	489	165	253	245	389	424	179	223	85	315	234	245	293	200	264	42	375	488	231	565	428	344	484	370	474	314	392	270	184	430	325	252	50	|
|143	198	364	158	357	0	121	105	134	290	116	196	103	342	200	276	343	205	343	385	74	210	112	319	432	133	382	265	209	237	290	78	226	313	57	220	232	75	69	292	375	|
|258	216	482	201	477	121	0	168	18	397	230	293	135	381	314	372	459	275	437	480	188	317	228	439	501	18	479	197	222	296	290	132	212	386	95	306	347	58	173	381	496	|
|127	99	343	263	352	105	168	0	171	239	105	130	40	237	173	206	313	109	270	312	84	164	175	310	337	169	313	216	112	135	192	37	142	220	77	138	280	155	162	213	382	|
|267	211	492	219	489	134	18	171	0	404	240	298	136	376	323	376	468	276	441	483	198	324	243	450	500	2	483	181	215	294	281	136	202	386	102	309	363	75	189	384	509	|
|150	275	129	396	165	290	397	239	404	0	175	110	279	259	97	59	91	166	84	116	217	80	245	130	226	402	106	434	286	187	329	269	333	149	302	119	244	364	291	87	213	|
|28	193	253	234	253	116	230	105	240	175	0	94	139	286	84	167	229	136	234	275	43	96	98	212	341	238	271	320	206	175	281	118	244	225	140	128	180	191	124	189	280	|
|83	172	225	328	245	196	293	130	298	110	94	0	169	209	77	80	191	71	147	189	127	45	189	203	247	296	187	327	184	106	241	162	230	132	198	38	242	266	217	96	285	|
|163	97	382	259	389	103	135	40	136	279	139	169	0	253	212	244	353	141	307	349	110	203	194	347	366	133	350	183	107	161	187	27	124	251	56	175	306	133	169	249	418	|
|286	166	386	498	424	342	381	237	376	259	286	209	253	0	284	201	347	151	210	230	299	247	383	387	155	374	242	290	162	112	129	270	192	113	308	172	451	386	391	172	471	|
|57	240	171	299	179	200	314	173	323	97	84	77	212	284	0	112	145	147	170	208	127	38	148	137	299	321	201	386	253	183	315	195	297	195	222	112	171	275	195	142	214	|
|149	225	188	400	223	276	372	206	376	59	167	80	244	201	112	0	149	117	67	110	205	78	254	186	187	374	108	387	235	132	272	240	283	93	277	71	279	346	291	32	270	|
|201	362	39	420	85	343	459	313	468	91	229	191	353	347	145	149	0	254	149	160	272	150	271	66	290	466	146	518	373	278	419	339	420	235	367	207	227	418	327	175	135	|
|137	109	291	354	315	205	275	109	276	166	136	71	141	151	147	117	254	0	172	212	151	116	232	273	229	274	215	270	119	39	170	145	167	111	186	47	305	263	245	113	356	|
|214	277	187	465	234	343	437	270	441	84	234	147	307	210	170	67	149	172	0	42	272	141	317	205	144	439	43	437	284	175	307	305	331	99	343	132	327	413	357	60	283	|
|255	314	195	506	245	385	480	312	483	116	275	189	349	230	208	110	160	212	42	0	314	182	356	222	132	481	15	474	321	212	337	347	367	126	385	174	358	455	398	100	295	|
|70	182	295	205	293	74	188	84	198	217	43	127	110	299	127	205	272	151	272	314	0	137	91	253	370	196	310	292	195	188	274	85	226	252	99	155	197	148	94	223	316	|
|73	216	182	324	200	210	317	164	324	80	96	45	203	247	38	78	150	116	141	182	137	0	176	158	263	323	176	369	229	150	286	191	274	157	223	77	208	284	216	106	239	|
|107	273	282	152	264	112	228	175	243	245	98	189	194	383	148	254	271	232	317	356	91	176	0	231	435	242	349	371	286	271	365	167	315	321	164	224	120	174	61	280	274	|
|186	374	55	374	42	319	439	310	450	130	212	203	347	387	137	186	66	273	205	222	253	158	231	0	348	448	208	523	386	303	442	329	431	279	352	229	167	392	291	217	85	|
|328	298	326	574	375	432	501	337	500	226	341	247	366	155	299	187	290	229	144	132	370	263	435	348	0	498	147	441	299	206	283	374	338	119	414	215	465	492	463	157	425	|
|266	208	491	219	488	133	18	169	2	402	238	296	133	374	321	374	466	274	439	481	196	323	242	448	498	0	481	180	213	292	278	134	200	384	100	307	362	75	188	381	508	|
|249	319	180	499	231	382	479	313	483	106	271	187	350	242	201	108	146	215	43	15	310	176	349	208	147	481	0	480	326	217	346	347	373	135	385	175	347	454	392	103	280	|
|343	161	551	393	565	265	197	216	181	434	320	327	183	290	386	387	518	270	437	474	292	369	371	523	441	180	480	0	153	263	163	207	107	352	208	317	487	244	334	379	598	|
|222	14	408	366	428	209	222	112	215	286	206	184	107	162	253	235	373	119	284	321	195	229	286	386	299	213	326	153	0	109	81	132	48	201	162	167	386	236	272	226	466	|
|177	103	315	389	344	237	296	135	294	187	175	106	161	112	183	132	278	39	175	212	188	150	271	303	206	292	217	263	109	0	142	171	156	95	211	74	344	289	281	118	386	|
|293	93	457	446	484	290	290	192	281	329	281	241	187	129	315	272	419	170	307	337	274	286	365	442	283	278	346	163	81	142	0	212	79	211	241	214	461	311	353	254	525	|
|144	120	366	235	370	78	132	37	136	269	118	162	27	270	195	240	339	145	305	347	85	191	167	329	374	134	347	207	132	171	212	0	151	257	40	174	280	119	142	248	398	|
|262	58	455	378	474	226	212	142	202	333	244	230	124	192	297	283	420	167	331	367	226	274	315	431	338	200	373	107	48	156	79	151	0	245	173	214	421	237	293	273	510	|
|215	196	275	456	314	313	386	220	386	149	225	132	251	113	195	93	235	111	99	126	252	157	321	279	119	384	135	352	201	95	211	257	245	0	297	97	365	374	345	62	362	|
|167	152	392	205	392	57	95	77	102	302	140	198	56	308	222	277	367	186	343	385	99	223	164	352	414	100	385	208	162	211	241	40	173	297	0	213	283	79	126	287	415	|
|120	156	244	359	270	220	306	138	309	119	128	38	175	172	112	71	207	47	132	174	155	77	224	229	215	307	175	317	167	74	214	174	214	97	213	0	280	286	248	75	313	|
|169	372	221	224	184	232	347	280	363	244	180	242	306	451	171	279	227	305	327	358	197	208	120	167	465	362	347	487	386	344	461	280	421	365	283	280	0	291	175	310	176	|
|218	227	439	150	430	75	58	155	75	364	191	266	133	386	275	346	418	263	413	455	148	284	174	392	492	75	454	244	236	289	311	119	237	374	79	286	291	0	116	359	445	|
|143	260	341	111	325	69	173	162	189	291	124	217	169	391	195	291	327	245	357	398	94	216	61	291	463	188	392	334	272	281	353	142	293	345	126	248	175	116	0	313	335	|
|173	218	214	423	252	292	381	213	384	87	189	96	249	172	142	32	175	113	60	100	223	106	280	217	157	381	103	379	226	118	254	248	273	62	287	75	310	359	313	0	300	|
|255	453	101	400	50	375	496	382	509	213	280	285	418	471	214	270	135	356	283	295	316	239	274	85	425	508	280	598	466	386	525	398	510	362	415	313	176	445	335	300	0	|

--------------------------------------------------------------------------------
Building model...
	using lazy and cut (CVRPSEP package)
Solving IRP LP...
--------------------------------------------------------------------------------

Gurobi 9.1.0 (linux64) logging started Sat Jan  9 08:30:52 2021

Gurobi Optimizer version 9.1.0 build v9.1.0rc0 (linux64)
Thread count: 32 physical cores, 32 logical processors, using up to 2 threads
Optimize a model with 1649 rows, 13679 columns and 32144 nonzeros
Model fingerprint: 0xd26b7015
Variable types: 764 continuous, 12915 integer (615 binary)
Coefficient statistics:
  Matrix range     [1e+00, 7e+02]
  Objective range  [1e-01, 6e+02]
  Bounds range     [1e+00, 3e+02]
  RHS range        [1e+01, 6e+03]
Presolve removed 164 rows and 41 columns
Presolve time: 0.07s
Presolved: 1485 rows, 13638 columns, 30699 nonzeros
Variable types: 723 continuous, 12915 integer (12315 binary)

Root relaxation: objective 1.243440e+04, 1694 iterations, 0.06 seconds

    Nodes    |    Current Node    |     Objective Bounds      |     Work
 Expl Unexpl |  Obj  Depth IntInf | Incumbent    BestBd   Gap | It/Node Time

     0     0 12434.4040    0  157          - 12434.4040      -     -    0s
     0     0 12902.0679    0  202          - 12902.0679      -     -    0s
     0     0 12907.1077    0  212          - 12907.1077      -     -    0s
     0     0 12908.4403    0  221          - 12908.4403      -     -    0s
     0     0 12908.4403    0  224          - 12908.4403      -     -    0s
     0     0 13464.3271    0  212          - 13464.3271      -     -    1s
     0     0 13557.5989    0  256          - 13557.5989      -     -    1s
     0     0 13559.1164    0  253          - 13559.1164      -     -    1s
     0     0 13559.4238    0  245          - 13559.4238      -     -    1s
     0     0 13653.5414    0  258          - 13653.5414      -     -    2s
     0     0 13662.5261    0  246          - 13662.5261      -     -    2s
     0     0 13663.3226    0  246          - 13663.3226      -     -    2s
     0     0 13758.8274    0  289          - 13758.8274      -     -    2s
     0     0 13764.3572    0  285          - 13764.3572      -     -    3s
     0     0 13764.9991    0  286          - 13764.9991      -     -    3s
     0     0 13813.3054    0  300          - 13813.3054      -     -    3s
     0     0 13833.4068    0  259          - 13833.4068      -     -    4s
     0     0 13835.1397    0  304          - 13835.1397      -     -    4s
     0     0 13874.8469    0  301          - 13874.8469      -     -    5s
     0     0 13885.6893    0  291          - 13885.6893      -     -    5s
     0     0 13887.4531    0  349          - 13887.4531      -     -    5s
     0     0 13924.0631    0  299          - 13924.0631      -     -    6s
     0     0 13929.7216    0  366          - 13929.7216      -     -    6s
     0     0 13937.6302    0  351          - 13937.6302      -     -    6s
     0     0 13960.7437    0  357          - 13960.7437      -     -    7s
     0     0 13972.0541    0  405          - 13972.0541      -     -    7s
     0     0 13980.6224    0  458          - 13980.6224      -     -    7s
     0     0 13982.1527    0  418          - 13982.1527      -     -    7s
     0     0 13994.3572    0  464          - 13994.3572      -     -    8s
     0     0 13995.3837    0  430          - 13995.3837      -     -    8s
     0     0 14000.8645    0  433          - 14000.8645      -     -    8s
     0     0 14000.8645    0  392          - 14000.8645      -     -    9s
     0     2 14007.4394    0  383          - 14007.4394      -     -   11s
    15    19 14036.3099    5  439          - 14036.3099      -   857   15s
    50    55 14062.8793   19  405          - 14036.3099      -   615   20s
    87    93 14106.2862   32  373          - 14036.3099      -   551   25s
   117   125 14185.5338   40  400          - 14036.3099      -   551   30s
   142   150 14300.6901   48  385          - 14036.3099      -   592   35s
   163   173 14358.9476   52  361          - 14036.3099      -   557   41s
   192   199 14456.1451   61  310          - 14036.3099      -   529   45s
   238   248 14600.1833   76  250          - 14036.3099      -   503   50s
   330   353 15485.7062  105  236          - 14036.3099      -   433   56s
   394   433 15779.1004  122  157          - 14036.3099      -   394   60s
   549   604 16609.5617  148  219          - 14036.3099      -   324   66s
   695   760 16991.1955  166  208          - 14036.3099      -   274   71s
   781   770 17186.7562  174  220          - 14036.3099      -   249   75s
   856   828 18016.9959  191  174          - 14038.5644      -   236   84s
   879   836 14113.8456    6  483          - 14038.5644      -   238   85s
   894   841 15497.0689  108  336          - 14038.5644      -   237   90s
   906   849 15313.1530  103  553          - 14038.5644      -   234   95s
   916   856 15196.8636  105  618          - 14052.7143      -   232  100s
   927   863 14132.0043   26  527          - 14081.8675      -   229  105s
   935   868 14085.4361   15  555          - 14085.4361      -   227  110s
   940   872 17369.5861  205  610          - 14086.2344      -   226  120s
   941   875 14087.5807   14  530          - 14086.2344      -   255  132s
   947   879 14119.7009   16  513          - 14097.4675      -   263  135s
   957   885 14153.1665   18  486          - 14126.6595      -   282  141s
   963   890 14162.2948   20  505          - 14146.8559      -   291  145s
   975   899 14188.7220   24  587          - 14146.8559      -   306  150s
   997   915 14203.8434   29  397          - 14146.8559      -   318  156s
  1022   929 14235.2730   35  498          - 14146.8559      -   324  160s
  1053   952 14248.3065   41  386          - 14146.8559      -   328  165s
  1097   977 14287.9599   50  341          - 14146.8559      -   330  171s
  1126  1001 14320.6420   55  415          - 14146.8559      -   334  176s
  1165  1028 14367.8784   64  348          - 14146.8559      -   338  181s
  1196  1054 14443.9356   70  283          - 14146.8559      -   340  185s
  1217  1073 14474.3095   74  353          - 14146.8559      -   339  203s
  1243  1089 14519.5904   79  237          - 14146.8559      -   338  206s
  1289  1126 14575.1890   88  207          - 14146.8559      -   336  212s
  1354  1158 14714.0608   99  250          - 14146.8559      -   332  218s
  1378  1192 14778.6498  105  250          - 14146.8559      -   331  221s
  1466  1270 14904.9176  122  193          - 14146.8559      -   324  226s
  1529  1324 15050.9371  135  212          - 14146.8559      -   317  230s
  1701  1410 15402.3300  164  144          - 14146.8559      -   298  238s
* 1754  1349             249    18008.030000 14146.8559  21.4%   293  238s
  1789  1324 15616.3363  182  109 18008.0300 14146.8559  21.4%   290  248s
* 1792  1281             249    18007.070000 14146.8559  21.4%   289  248s
  1795  1309 15665.7339  182  113 18007.0700 14146.8559  21.4%   290  251s
  1824  1326 15862.2962  194   81 18007.0700 14146.8559  21.4%   289  262s
H 1843  1269                    17774.130000 14146.8559  20.4%   288  262s
  1854  1289 16316.6043  206   95 17774.1300 14153.2813  20.4%   289  266s
  1925  1286 14394.5462   25  510 17774.1300 14153.2813  20.4%   286  271s
  1941  1299 14632.3109   27  327 17774.1300 14153.2813  20.4%   292  277s
  1961  1314 14606.2310   30  446 17774.1300 14153.2813  20.4%   296  282s
  1972  1319 14663.8090   30  392 17774.1300 14153.2813  20.4%   298  287s
  1998  1340 14654.2086   33  462 17774.1300 14153.2813  20.4%   300  294s
  2010  1352 14833.2387   34  246 17774.1300 14153.2813  20.4%   301  297s
  2016  1350 14695.6741   54  292 17774.1300 14153.2813  20.4%   302  302s
  2026  1361 14827.7207   36  334 17774.1300 14153.2813  20.4%   302  306s
  2059  1389 14981.5639   43  209 17774.1300 14153.2813  20.4%   306  313s
  2079  1409 15040.3902   48  311 17774.1300 14153.2813  20.4%   306  317s
  2108  1420 15189.6531   53  300 17774.1300 14153.2813  20.4%   307  321s
  2129  1415 15342.9654   60  295 17774.1300 14153.2813  20.4%   308  345s
  2162  1465 15468.6954   66  239 17774.1300 14153.2813  20.4%   309  354s
  2196  1518 15552.8942   75  211 17774.1300 14153.2813  20.4%   308  359s
  2260  1542 15799.8041   93  145 17774.1300 14153.2813  20.4%   304  364s
  2292  1531 15782.8811  103  117 17774.1300 14153.2813  20.4%   302  365s
  2305  1622 15855.7818  104  146 17774.1300 14153.2813  20.4%   303  370s
  2400  1685 16035.8934  115   98 17774.1300 14153.2813  20.4%   298  377s
  2436  1673 16123.2779  128  121 17774.1300 14153.2813  20.4%   296  381s
  2495  1742 16325.5244  135  121 17774.1300 14153.2813  20.4%   293  387s
  2586  1862 16584.4236  153   99 17774.1300 14153.2813  20.4%   290  395s
  2736  2059 17045.3926  184   74 17774.1300 14153.2813  20.4%   281  404s
  2759  2051 17042.1518  189   56 17774.1300 14153.2813  20.4%   280  405s
  3003  2032 17454.1150  203   23 17774.1300 14154.8559  20.4%   265  418s
  3120  2003     cutoff  234      17774.1300 14177.0216  20.2%   262  425s
  3130  2008 14398.2710   21  402 17774.1300 14177.0216  20.2%   264  430s
  3138  2017 14686.9437   26  369 17774.1300 14177.0216  20.2%   268  435s
  3150  2060 15252.8756   34  244 17774.1300 14177.0216  20.2%   271  442s
  3213  2075 infeasible   68      17774.1300 14186.4059  20.2%   272  449s
  3241  2075 17469.5030   90   39 17774.1300 14186.4059  20.2%   271  450s
  3267  2090 14499.0620   20  615 17774.1300 14186.4059  20.2%   272  455s
  3282  2116 14864.5554   23  427 17774.1300 14186.4059  20.2%   275  461s
  3308  2161 14963.9646   30  425 17774.1300 14186.4059  20.2%   276  466s
  3353  2243 15074.5784   37  361 17774.1300 14186.4059  20.2%   276  474s
  3426  2243 16552.7293  152   52 17774.1300 14186.4059  20.2%   274  475s
  3435  2257 15186.2484   41  288 17774.1300 14186.4059  20.2%   274  483s
  3473  2286 15211.7086   45  229 17774.1300 14186.4059  20.2%   274  489s
  3502  2334 15303.8222   54  247 17774.1300 14186.4059  20.2%   275  496s
  3550  2419 15472.9025   73  162 17774.1300 14186.4059  20.2%   276  505s
  3637  2540 15691.6297   97  121 17774.1300 14186.4059  20.2%   274  514s
  3734  2540 15919.9342  138  133 17774.1300 14186.4059  20.2%   272  515s
  3758  2692 15795.9217  121  162 17774.1300 14186.4059  20.2%   271  525s
  3934  2706 16889.4585  160   43 17774.1300 14186.4059  20.2%   265  565s
  3950  2717 16727.3437  163   82 17774.1300 14207.1510  20.1%   266  575s
  3983  2757 14472.6853   26  443 17774.1300 14207.1510  20.1%   267  584s
  4023  2842 14776.0894   44  367 17774.1300 14207.1510  20.1%   268  594s
H 4108  3044                    17695.130000 14207.1510  19.7%   268  607s
  4327  3086 17021.5624  138   54 17695.1300 14207.2297  19.7%   260  620s
  4417  3118     cutoff  176      17695.1300 14213.5045  19.7%   259  629s
  4454  3216 14850.8504   27  333 17695.1300 14213.5045  19.7%   262  639s
  4479  3216 15293.1232   52  159 17695.1300 14213.5045  19.7%   262  640s
  4566  3294 15559.1073   62   65 17695.1300 14213.8252  19.7%   261  654s
  4664  3299 17609.2600  142    - 17695.1300 14213.8252  19.7%   257  655s
  4674  3335 infeasible  143      17695.1300 14221.6322  19.6%   258  665s
  4719  3337 14694.3472   44  217 17695.1300 14221.6322  19.6%   260  690s
  4721  3546 14751.8164   45  278 17695.1300 14222.1448  19.6%   260  709s
  4754  3546 15205.6449   78   63 17695.1300 14222.1448  19.6%   260  710s
  4978  3570 infeasible  164      17695.1300 14222.5091  19.6%   255  724s
  4997  3610 14815.6384   27  562 17695.1300 14222.5091  19.6%   258  735s
  5037  3743 infeasible   46      17695.1300 14222.5091  19.6%   260  752s
  5195  3747 17436.9698  194   19 17695.1300 14223.2684  19.6%   257  755s
  5218  3792 14948.5572   30  383 17695.1300 14223.2684  19.6%   257  769s
  5249  3792 17642.3900  199    - 17695.1300 14223.2684  19.6%   258  770s
  5264  3801 15811.2958   61  145 17695.1300 14223.2684  19.6%   260  788s
  5278  3917 15817.8217   62  142 17695.1300 14223.2684  19.6%   261  805s
  5429  3961     cutoff  168      17695.1300 14245.2795  19.5%   258  821s
  5468  4146 14896.2647   40  285 17695.1300 14245.5188  19.5%   261  837s
  5561  4146 17044.6632  133   71 17695.1300 14245.5188  19.5%   259  840s
  5687  4208 14459.0101   22  528 17695.1300 14245.5188  19.5%   257  855s
  5764  4382 14907.6873   52  243 17695.1300 14246.4568  19.5%   258  874s
  5834  4382 16253.1340  121  121 17695.1300 14246.4568  19.5%   258  875s
  5979  4450     cutoff  204      17695.1300 14248.6350  19.5%   255  890s
  6046  4588 14911.0444   47  335 17695.1300 14248.6378  19.5%   258  906s
  6196  4801 14569.2311   38  300 17695.1300 14248.6378  19.5%   259  923s
  6320  4801 15316.9313   96  167 17695.1300 14248.6378  19.5%   257  925s
  6415  4908 15761.6459  138  101 17695.1300 14249.0916  19.5%   257  941s
  6587  5071 15260.6842   57  219 17695.1300 14249.8697  19.5%   256  960s
  6780  5118 14855.2098   18  626 17695.1300 14249.8697  19.5%   255  977s
  6839  5203 15236.8010   24  456 17695.1300 14249.8697  19.5%   257  993s
  6942  5358 15820.6651   44  293 17695.1300 14249.8697  19.5%   259 1012s
  7107  5519 17103.7767   91  170 17695.1300 14254.9110  19.4%   259 1034s
  7130  5519 17419.7296   97  132 17695.1300 14254.9110  19.4%   258 1035s
H 7314  5823                    17690.130000 14260.0051  19.4%   257 1064s
  7377  5823 15959.6183  102  213 17690.1300 14260.4822  19.4%   257 1065s
  7665  5915 14370.5732   37  455 17690.1300 14260.6004  19.4%   252 1090s
  7749  6080 14834.6930   64  179 17690.1300 14260.7315  19.4%   255 1117s
  7956  6217 14376.0042   29  485 17690.1300 14260.7315  19.4%   256 1143s
  8095  6329 15451.1406  104  144 17690.1300 14262.3282  19.4%   257 1169s
  8183  6329 16015.3367  104  218 17690.1300 14265.6810  19.4%   258 1170s
  8249  6331 14985.0739   44  293 17690.1300 14265.6810  19.4%   258 1195s
  8251  6480 14995.1132   45  287 17690.1300 14269.9198  19.3%   258 1223s
  8371  6480 17476.0256  158   40 17690.1300 14269.9198  19.3%   257 1225s
  8437  6577     cutoff  159      17690.1300 14270.0971  19.3%   258 1250s
  8544  6765 15423.6250   70  200 17690.1300 14270.8972  19.3%   260 1276s
  8768  6897 16023.3033  111  103 17690.1300 14272.3055  19.3%   259 1311s
  8952  6981 14928.2892   33  318 17690.1300 14272.9191  19.3%   260 1346s
  9030  7152 15242.3214   65  223 17690.1300 14272.9191  19.3%   262 1372s
  9202  7482 15742.1208  124  144 17690.1300 14273.2622  19.3%   263 1403s
  9340  7482 16721.1601  185  112 17690.1300 14273.2622  19.3%   261 1405s
  9609  7635 17468.0905  221   30 17690.1300 14276.1859  19.3%   259 1431s
  9800  7732 infeasible  227      17690.1300 14276.7726  19.3%   258 1457s
  9910  8011 15373.4824   56  244 17690.1300 14277.8718  19.3%   259 1482s
 10230  8165 14859.5045   55  317 17690.1300 14279.3870  19.3%   256 1509s
 10258  8165 15225.8029   83  198 17690.1300 14279.3870  19.3%   256 1510s
 10405  8329 14415.6687   23  459 17690.1300 14279.3970  19.3%   257 1534s
 10435  8329 14708.9198   41  253 17690.1300 14279.3970  19.3%   258 1535s
 10581  8535 14734.0667   44  239 17690.1300 14279.3970  19.3%   258 1560s
 10831  8703 15410.1533  119   64 17690.1300 14281.5432  19.3%   259 1586s
 11073  8834 16917.2818  169   14 17690.1300 14282.1646  19.3%   258 1607s
*11167  8739             190    17537.740000 14282.6807  18.6%   258 1608s
*11225  8661             180    17276.760000 14284.9575  17.3%   259 1634s
*11226  8658             177    17274.760000 14284.9575  17.3%   259 1634s
*11227  8655             176    17270.760000 14284.9575  17.3%   259 1634s
 11278  8655 15442.5655   91   80 17270.7600 14284.9575  17.3%   259 1635s
 11506  8734 16169.0691  137   60 17270.7600 14288.3028  17.3%   257 1661s
 11631  8823 infeasible  179      17270.7600 14290.9383  17.3%   258 1684s
 11723  9003 14781.9448   43  342 17270.7600 14290.9807  17.3%   260 1711s
 11907  9155 15791.6570   76  151 17270.7600 14291.1375  17.3%   260 1738s
 12102  9158 15083.8298   51  251 17270.7600 14293.7847  17.2%   260 1740s
 12110  9335     cutoff  108      17270.7600 14294.8758  17.2%   260 1764s
 12168  9335 15388.0502   59  316 17270.7600 14295.1200  17.2%   260 1765s
 12319  9483 15413.9917   83  320 17270.7600 14296.6572  17.2%   259 1794s
 12342  9483 16128.5303  106  124 17270.7600 14296.6572  17.2%   259 1796s
 12495  9718 17242.5400  154    - 17270.7600 14300.3188  17.2%   260 1822s
 12742  9721 16539.3797  150   58 17270.7600 14300.9386  17.2%   258 1826s
 12753  9793 infeasible  156      17270.7600 14300.9536  17.2%   258 1852s
 12827  9991 14763.5699   49  242 17270.7600 14300.9536  17.2%   260 1876s
 13056 10139 15331.4620   93   81 17270.7600 14302.7336  17.2%   259 1904s
 13241 10442 15236.7665   48  228 17270.7600 14303.6480  17.2%   260 1930s
 13596 10493 infeasible  225      17270.7600 14305.1322  17.2%   257 1958s
 13653 10575 14577.8789   42  385 17270.7600 14305.3090  17.2%   259 1981s
 13737 10700 14653.7392   64  398 17270.7600 14305.3090  17.2%   260 2008s
 13885 10946 15086.1488   99  194 17270.7600 14305.8800  17.2%   261 2035s
 14185 11051     cutoff  184      17270.7600 14307.1354  17.2%   260 2061s
 14292 11201 15529.5298   94  197 17270.7600 14307.3642  17.2%   261 2088s
 14420 11201 16170.7641   68  218 17270.7600 14307.4163  17.2%   260 2090s
 14468 11389 15172.7532   55  237 17270.7600 14308.6235  17.2%   261 2116s
 14718 11526     cutoff  141      17270.7600 14310.4254  17.1%   260 2143s
 14848 11773 15456.4087   90  255 17270.7600 14311.2848  17.1%   260 2181s
 15114 11774 16743.3240  140   35 17270.7600 14311.3516  17.1%   259 2185s
 15149 11928 15370.2442   59  181 17270.7600 14311.8281  17.1%   258 2209s
 15232 11928 17115.6666  142  134 17270.7600 14311.8281  17.1%   258 2210s
 15317 12098 14472.3235   34  218 17270.7600 14311.9589  17.1%   259 2233s
 15467 12098 15107.1456   95  222 17270.7600 14311.9589  17.1%   260 2235s
 15487 12393 14769.8131   70  172 17270.7600 14312.5482  17.1%   260 2262s
 15860 12519 14930.1560   32  399 17270.7600 14316.8642  17.1%   258 2289s
 15967 12519 15713.1060   71  236 17270.7600 14316.8836  17.1%   258 2290s
 16002 12734 14583.3488   39  426 17270.7600 14316.8836  17.1%   259 2318s
 16165 12734 15341.9182   91   98 17270.7600 14316.8836  17.1%   259 2320s
 16225 13031 15037.1808   68   94 17270.7600 14317.4775  17.1%   259 2345s
 16585 13194 17044.0682  139   38 17270.7600 14318.0924  17.1%   257 2376s
 16767 13348     cutoff  152      17270.7600 14319.1859  17.1%   257 2403s
 16879 13348 15490.1880  105   92 17270.7600 14319.5061  17.1%   258 2405s
 16941 13473 14672.3390   49  320 17270.7600 14319.5061  17.1%   257 2428s
 17066 13724 15098.8412   93  114 17270.7600 14319.5721  17.1%   258 2454s
 17089 13724 15213.8261  105   86 17270.7600 14319.5721  17.1%   258 2455s
 17345 13972 15480.3772   77  139 17270.7600 14319.7449  17.1%   258 2492s
 17607 13980 14695.6908   48  340 17270.7600 14319.8568  17.1%   257 2495s
 17628 14085 16671.5150  127  109 17270.7600 14320.4268  17.1%   257 2522s
 17789 14315     cutoff  160      17270.7600 14322.5764  17.1%   257 2549s
 17865 14315 16268.6466  107  102 17270.7600 14322.5764  17.1%   257 2550s
 18052 14445 17019.4142  137   50 17270.7600 14322.8817  17.1%   256 2576s
 18196 14580 14699.0687   57  304 17270.7600 14323.2435  17.1%   256 2601s
 18331 14943 15346.0554   90  205 17270.7600 14323.6661  17.1%   257 2629s
 18377 14943 15293.1453  119  160 17270.7600 14323.6661  17.1%   257 2630s
 18747 15176 14703.4822   46  260 17270.7600 14323.8712  17.1%   255 2659s
 18793 15176 15589.7892   92  143 17270.7600 14323.8712  17.1%   256 2660s
 19023 15373     cutoff  156      17270.7600 14324.2355  17.1%   255 2689s
 19069 15373 15192.2184   74  238 17270.7600 14324.2355  17.1%   255 2690s
 19266 15582 16237.9196  123   62 17270.7600 14324.5207  17.1%   254 2718s
 19395 15587 15551.0461   69  226 17270.7600 14324.6067  17.1%   254 2720s
 19502 15735     cutoff  154      17270.7600 14324.9433  17.1%   253 2744s
 19580 15737 17177.6564  145   61 17270.7600 14325.0159  17.1%   254 2745s
 19676 15891 15174.0454   78  321 17270.7600 14325.0561  17.1%   254 2769s
 19747 15891 16223.4555  149   68 17270.7600 14325.0561  17.1%   253 2770s
 19867 16099     cutoff  181      17270.7600 14326.6636  17.0%   253 2801s
 20082 16287 15894.4717  112  181 17270.7600 14327.8186  17.0%   253 2827s
 20297 16492 15292.8548   63  231 17270.7600 14328.6656  17.0%   253 2853s
 20534 16587 16418.0936  131  132 17270.7600 14329.8756  17.0%   252 2882s
 20644 16605 14559.4338   39  495 17270.7600 14330.6335  17.0%   253 3035s
 20662 16760 14665.2555   43  359 17270.7600 14330.6335  17.0%   253 3060s
 20836 16884 14878.4623   63  276 17270.7600 14330.6335  17.0%   253 3088s
 20916 16884 15352.9998  103  116 17270.7600 14330.6335  17.0%   253 3090s
 20979 16995 15434.6313  115  140 17270.7600 14333.8848  17.0%   253 3118s
 21114 17181 16470.7100  178    - 17270.7600 14334.4868  17.0%   253 3148s
 21299 17447 15164.5932   54  225 17270.7600 14334.5757  17.0%   253 3176s
 21583 17450 16087.3400  148    - 17270.7600 14334.5904  17.0%   252 3180s
 21636 17566 14513.5225   37  480 17270.7600 14334.6253  17.0%   253 3204s
 21691 17566 16544.3302   92  139 17270.7600 14334.6253  17.0%   253 3205s
 21787 17806 14492.8851   37  483 17270.7600 14335.1942  17.0%   253 3237s
 22032 17810 16703.1155  148   62 17270.7600 14336.1109  17.0%   252 3240s
 22060 17967     cutoff  151      17270.7600 14336.7895  17.0%   253 3266s
 22239 18083 14592.8326   47  199 17270.7600 14337.5270  17.0%   253 3291s
 22353 18385 15037.7890   73  157 17270.7600 14337.5441  17.0%   254 3327s
 22606 18385 15260.9956   97   69 17270.7600 14337.6618  17.0%   254 3330s
 22720 18506 14683.5997   52  346 17270.7600 14339.1316  17.0%   253 3355s
 22881 18573 14689.5959   35  303 17270.7600 14339.2073  17.0%   254 3384s
 22958 18764 15625.8045   51  265 17270.7600 14339.4299  17.0%   255 3414s
 22988 18764 infeasible   69      17270.7600 14339.4299  17.0%   255 3415s
 23203 18835 14423.9703   40  612 17270.7600 14340.2830  17.0%   255 3442s
 23278 18988 14835.6228   54  297 17270.7600 14340.2830  17.0%   256 3468s
 23413 18988 15398.5579   94  113 17270.7600 14340.2830  17.0%   256 3470s
 23457 19160 15200.9466   87  180 17270.7600 14340.4201  17.0%   257 3496s
 23670 19302 16398.3400  161    - 17270.7600 14340.7733  17.0%   257 3524s
 23705 19303 14977.2355   77  145 17270.7600 14340.7733  17.0%   257 3525s
 23815 19340 15077.7819   78  150 17270.7600 14340.7733  17.0%   257 3570s
 23869 19520 15054.9645   90  125 17270.7600 14342.9288  17.0%   257 3597s

Cutting planes:
  User: 4053
  Gomory: 37
  Cover: 708
  Implied bound: 129
  Clique: 9
  MIR: 332
  Flow cover: 781
  Zero half: 24
  RLT: 596
  Relax-and-lift: 22
  Lazy constraints: 2191

Explored 24113 nodes (6215873 simplex iterations) in 3600.15 seconds
Thread count was 2 (of 32 available processors)

Solution count 9: 17270.8 17274.8 17276.8 ... 18008

Time limit reached
Best objective 1.727076000000e+04, best bound 1.434365312089e+04, gap 16.9483%

User-callback calls 384313, time in user-callback 322.23 sec
================================================================================
executing instance: ./input/Instances/Original/2/absH3high_4n10.dat
--------------------------------------------------------------------------------
Instance details
n	11
H	3
C	822
Li:
[0, 0, 0, 0, 0, 0, 0, 0, 0, 0, 0, ]
Ui:
[0, 102, 52, 88, 182, 153, 138, 38, 165, 297, 86, ]
Distance matrix:
|0	285	411	382	327	239	148	256	307	36	383	|
|285	0	352	98	249	103	227	235	120	268	209	|
|411	352	0	395	106	430	263	549	234	429	174	|
|382	98	395	0	302	173	320	288	168	364	227	|
|327	249	106	302	0	324	179	444	135	339	109	|
|239	103	430	173	324	0	241	132	212	212	305	|
|148	227	263	320	179	241	0	325	192	165	249	|
|256	235	549	288	444	132	325	0	342	220	436	|
|307	120	234	168	135	212	192	342	0	304	94	|
|36	268	429	364	339	212	165	220	304	0	386	|
|383	209	174	227	109	305	249	436	94	386	0	|

--------------------------------------------------------------------------------
Building model...
	using lazy and cut (CVRPSEP package)
Solving IRP LP...
--------------------------------------------------------------------------------

Gurobi 9.1.0 (linux64) logging started Sat Jan  9 09:31:08 2021

Gurobi Optimizer version 9.1.0 build v9.1.0rc0 (linux64)
Thread count: 32 physical cores, 32 logical processors, using up to 2 threads
Optimize a model with 449 rows, 1184 columns and 3584 nonzeros
Model fingerprint: 0x5d5ea16d
Variable types: 194 continuous, 990 integer (165 binary)
Coefficient statistics:
  Matrix range     [1e+00, 3e+02]
  Objective range  [2e-01, 5e+02]
  Bounds range     [1e+00, 3e+02]
  RHS range        [2e+01, 1e+03]
Presolve removed 44 rows and 11 columns
Presolve time: 0.01s
Presolved: 405 rows, 1173 columns, 3219 nonzeros
Variable types: 183 continuous, 990 integer (840 binary)

Root relaxation: objective 4.545917e+03, 806 iterations, 0.03 seconds

    Nodes    |    Current Node    |     Objective Bounds      |     Work
 Expl Unexpl |  Obj  Depth IntInf | Incumbent    BestBd   Gap | It/Node Time

     0     0 4545.91693    0   80          - 4545.91693      -     -    0s
     0     0 4646.62877    0  115          - 4646.62877      -     -    0s
     0     0 4775.22403    0   96          - 4775.22403      -     -    0s
     0     0 4775.22403    0   99          - 4775.22403      -     -    0s
     0     0 4928.49519    0  129          - 4928.49519      -     -    0s
     0     0 4976.78999    0  111          - 4976.78999      -     -    0s
     0     0 4976.78999    0  125          - 4976.78999      -     -    0s
     0     0 5124.68155    0  115          - 5124.68155      -     -    0s
     0     0 5124.84429    0   99          - 5124.84429      -     -    0s
     0     0 5154.55804    0  125          - 5154.55804      -     -    0s
     0     0 5154.99539    0  127          - 5154.99539      -     -    0s
     0     0 5203.12881    0  137          - 5203.12881      -     -    0s
     0     0 5203.12881    0  132          - 5203.12881      -     -    0s
     0     0 5259.33925    0  152          - 5259.33925      -     -    0s
     0     0 5263.19569    0  160          - 5263.19569      -     -    0s
     0     0 5263.85366    0  163          - 5263.85366      -     -    0s
     0     0 5299.60741    0  167          - 5299.60741      -     -    0s
     0     0 5305.85781    0  146          - 5305.85781      -     -    0s
     0     0 5306.29285    0  165          - 5306.29285      -     -    0s
     0     0 5310.01500    0  172          - 5310.01500      -     -    0s
     0     0 5310.07712    0  161          - 5310.07712      -     -    0s
     0     0 5316.59351    0  117          - 5316.59351      -     -    0s
     0     0 5317.85446    0  175          - 5317.85446      -     -    0s
     0     0 5318.11585    0  184          - 5318.11585      -     -    0s
     0     0 5327.59671    0  116          - 5327.59671      -     -    0s
     0     0 5328.12038    0  136          - 5328.12038      -     -    0s
     0     0 5329.48982    0  204          - 5329.48982      -     -    0s
     0     0 5329.48982    0  195          - 5329.48982      -     -    0s
     0     2 5330.02894    0  188          - 5330.02894      -     -    0s
H  263   221                    8559.4800000 5414.26129  36.7%   172    3s
H  277   228                    7753.9800000 5414.26129  30.2%   169    3s
H  300   227                    7110.9300000 5414.26129  23.9%   172    3s
H  315   228                    7057.9300000 5414.26129  23.3%   172    3s
   407   288 6612.27195   43   83 7057.93000 5460.85925  22.6%   161    5s
H  573   368                    7047.8300000 5505.49122  21.9%   154    6s
H  608   356                    6844.8300000 5526.46343  19.3%   151    7s
H  640   383                    6807.8300000 5526.46343  18.8%   150    7s
   760   436 5536.21687   12  154 6807.83000 5536.21687  18.7%   146   10s
  1013   567 6163.55785   33  135 6807.83000 5615.70409  17.5%   154   15s
  1412   689 5871.04204   22  156 6807.83000 5647.60066  17.0%   153   20s
  1906   788 5978.32269   26   78 6807.83000 5731.28571  15.8%   152   25s
  2390  1001 6802.58023   35  103 6807.83000 5773.74565  15.2%   152   30s
  2908  1211 6057.34333   25  149 6807.83000 5800.93165  14.8%   147   36s
H 3005  1208                    6785.3900000 5801.98602  14.5%   147   36s
  3304  1376 6473.16334   26  100 6785.39000 5822.19133  14.2%   147   40s
H 3362  1375                    6777.4700000 5822.19133  14.1%   146   40s
  3923  1607 6211.27443   24  121 6777.47000 5850.71045  13.7%   144   46s
  4180  1709 6141.61945   23  145 6777.47000 5864.26944  13.5%   143   50s
  4654  1877     cutoff   30      6777.47000 5891.85283  13.1%   142   55s
  5149  2061 6570.90277   31   71 6777.47000 5914.02179  12.7%   142   60s
  5772  2244 6620.35210   28   66 6777.47000 5940.74465  12.3%   140   65s
  6467  2457     cutoff   34      6777.47000 5965.93911  12.0%   139   71s
  6943  2576 6753.00159   32   67 6777.47000 5985.83511  11.7%   137   75s
  7491  2770 6349.49072   27   75 6777.47000 6004.31623  11.4%   137   80s
  8129  2982     cutoff   31      6777.47000 6018.27550  11.2%   137   86s
  8345  3057 6337.14796   21  106 6777.47000 6022.34759  11.1%   137   93s
  8521  3145 6400.85018   33   64 6777.47000 6025.23796  11.1%   136   95s
  9139  3327 6453.02847   26  122 6777.47000 6043.30474  10.8%   136  100s
  9806  3494 6407.88527   28   84 6777.47000 6054.29965  10.7%   135  106s
 10411  3700 6466.06015   32  120 6777.47000 6064.58661  10.5%   134  111s
 10878  3817     cutoff   37      6777.47000 6074.75793  10.4%   134  115s
 11589  3999 6311.78344   21   89 6777.47000 6093.72114  10.1%   133  120s
 12259  4155 6649.31709   30   69 6777.47000 6104.55496  9.93%   132  125s
 12713  4286 6356.16766   31  123 6777.47000 6113.33258  9.80%   132  132s
 13121  4385 6754.81746   32   84 6777.47000 6122.35362  9.67%   132  135s
 13817  4552     cutoff   31      6777.47000 6134.30172  9.49%   131  140s
 14583  4754 6696.18597   34   95 6777.47000 6146.58785  9.31%   130  154s
 14834  4769     cutoff   34      6777.47000 6149.74364  9.26%   130  156s
 15381  4908 6513.06088   35   93 6777.47000 6157.08014  9.15%   130  161s
 15914  4981 6690.16761   26  156 6777.47000 6163.32000  9.06%   130  166s
