




arguments: ./build/mirp_solver -f ./input/orig_exec_153.cfg
Current dir: /scratch/gui/bnc_mirp
File verbosity level: 9
date       time         ( uptime  ) [ thread name/id ]                   file:line     v| 
2021-01-10 01:47:39.759 (   0.097s) [main thread     ]             loguru.cpp:789   INFO| Logging to './output/vi_cus/OU/V5/Original/execution_10_01_2021_01_47_39.log', mode: 'a', verbosity: 9
--------------------------------------------------------------------------------
Parameters
                           instance_path           ./input/Instances/Original/4/
                            model_policy                                       1
                             nb_vehicles                                       5
                              output_dir         ./output/vi_cus/OU/V5/Original/
                            sec_strategy                                       1
                       solver_nb_threads                                       2
                         solver_show_log                                    true
                       solver_time_limit                                    3600
                              use_vi_cos                                   false
                              use_vi_cus                                    true
                         use_vi_hc1_full                                   false
                         use_vi_hc1_half                                   false
                      use_vi_hc1_quarter                                   false
                              use_vi_hc2                                   false
                              use_vi_hc3                                   false
                         use_vi_lex_full                                   false
                         use_vi_lex_half                                   false
                      use_vi_lex_quarter                                   false
                              use_vi_qua                                   false
                               use_vi_vc                                   false
                               use_vi_vr                                   false
--------------------------------------------------------------------------------
executing instance: ./input/Instances/Original/4/absH3low_3n30.dat
--------------------------------------------------------------------------------
Instance details
n	31
H	3
C	2841
Li:
[0, 0, 0, 0, 0, 0, 0, 0, 0, 0, 0, 0, 0, 0, 0, 0, 0, 0, 0, 0, 0, 0, 0, 0, 0, 0, 0, 0, 0, 0, 0, ]
Ui:
[0, 246, 98, 54, 144, 171, 192, 180, 165, 98, 122, 198, 297, 144, 130, 129, 219, 138, 142, 150, 108, 66, 64, 285, 180, 204, 276, 168, 240, 198, 122, ]
Distance matrix:
|0	172	56	166	260	198	42	197	296	110	91	112	238	275	323	183	330	232	175	181	162	191	232	280	201	139	356	185	266	216	26	|
|172	0	178	223	320	335	153	355	444	62	231	99	333	376	214	352	176	235	194	106	47	41	353	161	299	175	225	43	326	374	153	|
|56	178	0	110	204	162	93	233	336	125	144	148	187	226	358	180	313	284	123	152	182	185	282	252	256	88	329	177	210	251	42	|
|166	223	110	0	102	150	199	327	431	194	253	237	113	156	431	228	296	386	44	140	248	208	389	218	366	48	287	200	108	344	148	|
|260	320	204	102	0	156	296	391	493	296	340	339	66	90	531	263	362	486	127	226	349	300	469	278	454	148	334	292	6	406	245	|
|198	335	162	150	156	0	239	255	351	286	245	307	93	106	518	111	442	423	194	280	344	335	349	367	352	182	437	327	158	266	199	|
|42	153	93	199	296	239	0	203	296	91	82	76	278	316	284	217	322	191	201	186	133	180	217	281	177	165	356	175	302	222	52	|
|197	355	233	327	391	255	203	0	104	294	125	266	340	361	436	151	524	276	352	377	330	383	109	477	146	319	553	377	395	19	222	|
|296	444	336	431	493	351	296	104	0	384	214	348	440	456	488	241	617	315	456	476	412	475	113	575	176	422	651	470	497	88	322	|
|110	62	125	194	296	286	91	294	384	0	171	55	298	340	238	292	233	210	176	118	58	91	298	201	248	148	273	87	302	313	94	|
|91	231	144	253	340	245	82	125	214	171	0	141	307	339	324	184	403	187	266	266	204	261	140	363	114	230	438	256	346	144	116	|
|112	99	148	237	339	307	76	266	348	55	141	0	332	373	212	292	275	156	225	173	64	137	254	253	200	194	322	135	345	284	108	|
|238	333	187	113	66	93	278	340	440	298	307	332	0	43	536	203	404	469	153	253	354	321	427	322	420	160	385	313	67	353	229	|
|275	376	226	156	90	106	316	361	456	340	339	373	43	0	578	216	443	507	194	295	397	364	453	361	451	203	421	356	88	372	268	|
|323	214	358	431	531	518	284	436	488	238	324	212	536	578	0	498	309	176	407	320	183	245	376	344	312	383	379	251	537	451	319	|
|183	352	180	228	263	111	217	151	241	292	184	292	203	216	498	0	492	371	266	328	345	364	255	426	272	242	501	356	266	159	198	|
|330	176	313	296	362	442	322	524	617	233	403	275	404	443	309	492	0	397	253	164	218	142	529	84	475	260	72	147	367	543	306	|
|232	235	284	386	486	423	191	276	315	210	187	156	469	507	176	371	397	0	379	327	188	276	202	396	139	346	456	277	492	289	242	|
|175	194	123	44	127	194	201	352	456	176	266	225	153	194	407	266	253	379	0	101	225	174	405	174	375	36	244	166	133	370	152	|
|181	106	152	140	226	280	186	377	476	118	266	173	253	295	320	328	164	327	101	0	148	76	403	100	360	98	177	69	232	396	155	|
|162	47	182	248	349	344	133	330	412	58	204	64	354	397	183	345	218	188	225	148	0	89	316	208	259	201	270	90	355	348	149	|
|191	41	185	208	300	335	180	383	475	91	261	137	321	364	245	364	142	276	174	76	89	0	388	119	336	162	185	8	306	402	169	|
|232	353	282	389	469	349	217	109	113	298	140	254	427	453	376	255	529	202	405	403	316	388	0	497	64	369	570	384	474	112	256	|
|280	161	252	218	278	367	281	477	575	201	363	253	322	361	344	426	84	396	174	100	208	119	497	0	449	187	77	119	283	496	255	|
|201	299	256	366	454	352	177	146	176	248	114	200	420	451	312	272	475	139	375	360	259	336	64	449	0	339	521	333	460	156	223	|
|139	175	88	48	148	182	165	319	422	148	230	194	160	203	383	242	260	346	36	98	201	162	369	187	339	0	260	153	154	337	116	|
|356	225	329	287	334	437	356	553	651	273	438	322	385	421	379	501	72	456	244	177	270	185	570	77	521	260	0	187	338	572	331	|
|185	43	177	200	292	327	175	377	470	87	256	135	313	356	251	356	147	277	166	69	90	8	384	119	333	153	187	0	298	396	163	|
|266	326	210	108	6	158	302	395	497	302	346	345	67	88	537	266	367	492	133	232	355	306	474	283	460	154	338	298	0	410	251	|
|216	374	251	344	406	266	222	19	88	313	144	284	353	372	451	159	543	289	370	396	348	402	112	496	156	337	572	396	410	0	241	|
|26	153	42	148	245	199	52	222	322	94	116	108	229	268	319	198	306	242	152	155	149	169	256	255	223	116	331	163	251	241	0	|

--------------------------------------------------------------------------------
Building model...
	using lazy and cut (CVRPSEP package)
Solving IRP LP...
--------------------------------------------------------------------------------

Gurobi 9.1.0 (linux64) logging started Sun Jan 10 01:47:40 2021

Gurobi Optimizer version 9.1.0 build v9.1.0rc0 (linux64)
Thread count: 32 physical cores, 32 logical processors, using up to 2 threads
Optimize a model with 1249 rows, 8014 columns and 19624 nonzeros
Model fingerprint: 0xd13a1fe4
Variable types: 574 continuous, 7440 integer (465 binary)
Coefficient statistics:
  Matrix range     [1e+00, 6e+02]
  Objective range  [1e-02, 7e+02]
  Bounds range     [1e+00, 3e+02]
  RHS range        [3e+01, 5e+03]
Presolve removed 124 rows and 31 columns
Presolve time: 0.04s
Presolved: 1125 rows, 7983 columns, 18539 nonzeros
Variable types: 543 continuous, 7440 integer (6990 binary)

Root relaxation: objective 2.463279e+03, 1462 iterations, 0.04 seconds

    Nodes    |    Current Node    |     Objective Bounds      |     Work
 Expl Unexpl |  Obj  Depth IntInf | Incumbent    BestBd   Gap | It/Node Time

     0     0 2463.27864    0  103          - 2463.27864      -     -    0s
     0     0 2665.60946    0  118          - 2665.60946      -     -    0s
     0     0 2665.92877    0  118          - 2665.92877      -     -    0s
     0     0 3117.51262    0  193          - 3117.51262      -     -    0s
     0     0 3153.60811    0  189          - 3153.60811      -     -    0s
     0     0 3153.62652    0  195          - 3153.62652      -     -    0s
     0     0 3270.75509    0  189          - 3270.75509      -     -    0s
     0     0 3280.08466    0  175          - 3280.08466      -     -    1s
     0     0 3280.36716    0  208          - 3280.36716      -     -    1s
     0     0 3350.62689    0  227          - 3350.62689      -     -    1s
     0     0 3364.88221    0  203          - 3364.88221      -     -    1s
     0     0 3373.84128    0  216          - 3373.84128      -     -    1s
     0     0 3380.14245    0  219          - 3380.14245      -     -    1s
     0     0 3383.07431    0  213          - 3383.07431      -     -    1s
     0     0 3389.03326    0  221          - 3389.03326      -     -    1s
     0     0 3390.76175    0  221          - 3390.76175      -     -    1s
     0     0 3390.82803    0  219          - 3390.82803      -     -    1s
     0     0 3491.26792    0  306          - 3491.26792      -     -    1s
     0     0 3501.51803    0  273          - 3501.51803      -     -    2s
     0     0 3506.82098    0  237          - 3506.82098      -     -    2s
     0     0 3508.29667    0  306          - 3508.29667      -     -    2s
     0     0 3510.27429    0  309          - 3510.27429      -     -    2s
     0     0 3510.42032    0  315          - 3510.42032      -     -    2s
     0     0 3606.00161    0  308          - 3606.00161      -     -    2s
     0     0 3609.81606    0  304          - 3609.81606      -     -    2s
     0     0 3610.06613    0  301          - 3610.06613      -     -    2s
     0     0 3617.69818    0  315          - 3617.69818      -     -    3s
     0     0 3617.69818    0  277          - 3617.69818      -     -    3s
     0     2 3621.09497    0  244          - 3621.09497      -     -    4s
     5     8 3651.29592    2  275          - 3625.60617      -   643    5s
    75    86 3844.18093   19  328          - 3630.46778      -   348   10s
   156   163 4118.86678   41  263          - 3630.46778      -   343   15s
   220   234 4326.81574   53  259          - 3630.46778      -   337   20s
   380   427 4811.19770   69  243          - 3630.46778      -   267   25s
   506   511 5505.74752   98  180          - 3630.46778      -   254   30s
   627   640 6731.25563  154  132          - 3630.46778      -   244   35s
   835   884 9721.26000  250    8          - 3646.67796      -   206   40s
  1026   986 5954.65241  120  309          - 3646.67796      -   180   45s
  1046   999 4320.66776   51  544          - 3736.90115      -   176   50s
  1059  1008 6793.58583  170  465          - 3746.58145      -   174   55s
  1064  1014 3753.63425   12  453          - 3753.63425      -   194   61s
  1068  1017 4017.46722   13  383          - 3755.60240      -   196   66s
  1080  1026 3818.72382   16  300          - 3818.72382      -   204   70s
  1107  1047 3948.99120   23  359          - 3822.77850      -   215   75s
  1140  1066 4020.45874   30  305          - 3822.77850      -   227   80s
  1187  1097 4081.52562   41  261          - 3822.77850      -   236   85s
  1254  1139 4770.99054   52  258          - 3822.77850      -   244   90s
  1318  1180 4549.18335   62  232          - 3822.77850      -   249   95s
  1401  1242 4666.85362   77  282          - 3822.77850      -   254  101s
  1500  1308 4761.82559   87  238          - 3822.77850      -   253  106s
  1635  1387 4839.46280  106  244          - 3822.77850      -   247  111s
  1735  1444 5098.31591  119  216          - 3822.77850      -   243  115s
  1907  1502 5376.20431  136  187          - 3822.77850      -   237  121s
  1944  1515 infeasible  146               - 3822.77850      -   240  125s
  1994  1531 4095.43113   20  413          - 3835.04558      -   247  131s
  2021  1556 4183.83163   23  373          - 3835.04558      -   251  135s
  2086  1613 4429.33319   40  177          - 3835.04558      -   257  142s
  2157  1675 4714.54986   62  117          - 3835.04558      -   260  147s
  2204  1711 5013.52361   82  118          - 3835.04558      -   260  150s
  2341  1835 5545.35132  135   91          - 3835.04558      -   256  156s
  2446  1911 5679.25406  162  124          - 3835.04558      -   252  160s
  2745  1965 4353.97141   24  407          - 3835.04558      -   239  168s
  2797  1961 4642.08226   26  323          - 3835.04558      -   239  172s
  2812  1968 4734.53225   34  338          - 3835.04558      -   243  177s
  2824  1984 4839.40951   39  292          - 3835.04558      -   249  180s
  2873  2037 4958.77725   44  243          - 3835.04558      -   256  186s
  2915  2066 5105.25153   61  232          - 3835.04558      -   257  190s
  3020  2143 5635.62312  105  177          - 3835.04558      -   259  197s
  3082  2201 5892.12737  124  145          - 3835.04558      -   259  202s
  3161  2244 6163.10328  164  162          - 3835.04558      -   258  206s
  3230  2348 6581.64408  186  191          - 3835.04558      -   259  211s
  3390  2311 8265.04277  253  134          - 3846.11347      -   253  217s
  3428  2326 3932.72107   22  359          - 3846.11347      -   256  220s
  3482  2372 4023.74557   33  346          - 3846.11347      -   261  229s
  3520  2399 4166.38480   38  370          - 3846.11347      -   264  233s
  3560  2465 4459.83986   45  229          - 3846.11347      -   266  238s
  3639  2599 4591.31467   54  245          - 3846.11347      -   266  244s
  3671  2588 5549.45191   91   97          - 3846.11347      -   266  245s
  3799  2726 4843.20035   67  161          - 3846.11347      -   261  251s
  3996  2762 5580.52663  112   89          - 3846.11347      -   256  258s
  4104  2818 6120.32323  173   90          - 3856.77697      -   256  265s
  4226  2857 4070.95027   18  271          - 3856.77697      -   256  271s
  4265  2914 4424.10688   24  272          - 3856.77697      -   259  276s
  4322  3019 4642.98788   45  217          - 3856.77697      -   262  283s
  4431  3284 5093.39151   59  166          - 3856.77697      -   263  291s
  4714  3417 5844.66468   98  151          - 3856.77697      -   254  301s
  4910  3447 4025.22076   20  417          - 3866.44004      -   250  310s
  4940  3490 4262.57369   28  322          - 3866.44004      -   254  316s
  4984  3593 4464.69315   40  213          - 3866.44004      -   256  323s
  5089  3796 4832.09851   52  162          - 3866.44004      -   257  333s
  5272  3796 5880.33221  155   69          - 3866.44004      -   254  335s
  5343  3910 5224.23886   77  204          - 3898.51626      -   253  343s
  5475  3957 4004.06752   19  360          - 3898.51626      -   253  351s
  5522  4069 4228.44455   30  397          - 3898.51626      -   256  359s
  5634  4220 4377.53752   37  385          - 3898.51626      -   256  369s
  5782  4220 6087.53479  157   69          - 3898.51626      -   255  370s
  5805  4284 4593.35036   47  264          - 3898.51626      -   255  377s
  5869  4379 5006.93812   62  207          - 3898.51626      -   258  386s
  5966  4771 5530.16367   88  103          - 3913.83406      -   259  398s
  6378  5106 4073.59093   21  434          - 3913.83406      -   252  413s
  6803  5162 4456.13297   27  432          - 3913.83406      -   243  422s
  6832  5200 4504.06911   36  332          - 3913.83406      -   246  429s
  6870  5256 4676.59132   37  269          - 3913.83406      -   248  438s
  6926  5420 4845.86041   41  306          - 3913.83406      -   249  447s
  7090  5442 4828.41553   46  278          - 3913.83406      -   248  456s
  7126  5480 5144.19567   58  251          - 3913.83406      -   251  463s
  7164  5540 5493.13029   69  213          - 3913.83406      -   253  471s
  7224  5730 5947.05820   94  150          - 3921.78866      -   254  483s
  7373  5730 8251.06792  167  156          - 3921.78866      -   253  485s
  7446  5791 4035.06545   24  371          - 3921.78866      -   253  495s
  7507  5901 4467.81686   37  195          - 3921.78866      -   256  506s
  7617  6171 4773.38029   55  147          - 3921.78866      -   257  521s
  7889  6477 5019.46134   77  163          - 3921.78866      -   254  536s
  8277  6544 infeasible  162               - 3943.32325      -   248  549s
  8365  6572 4185.61762   25  476          - 3943.32325      -   251  559s
  8393  6651 4377.24863   31  474          - 3943.32325      -   254  570s
  8472  6846 4521.05378   46  297          - 3943.32325      -   255  583s
  8701  6911 4983.25696   59  178          - 3943.32325      -   254  596s
  8773  6984 5534.65812   81  195          - 3949.24060      -   256  607s
  8866  7229 4409.01302   23  439          - 3949.24060      -   258  621s
  9153  7474 4591.20440   42  265          - 3965.71132      -   255  637s
  9432  7504 4048.72760   26  326          - 3965.71132      -   252  649s
  9463  7581 4228.94691   29  211          - 3965.71132      -   255  660s
  9540  7897 4770.54749   52  154          - 3965.90226      -   257  674s
  9680  7897 5759.55839  146   75          - 3965.90226      -   255  675s
  9906  8105 4274.38045   24  294          - 3965.90226      -   253  689s
 10162  8164 4398.79006   35  285          - 3965.90226      -   251  702s
 10221  8419 4869.91772   49  192          - 3965.90226      -   253  715s
 10478  8711 6714.60019   71  160          - 3967.06362      -   251  731s
 10874  8799 4346.46135   23  323          - 3969.20642      -   247  743s
 10962  9046 4506.38165   30  274          - 3969.20642      -   249  758s
 11143  9046 5633.81628  170   66          - 3969.20642      -   247  760s
 11241  9132 4727.23888   38  215          - 3969.20642      -   245  771s
 11327  9328 5210.10690   78  131          - 3974.01888      -   247  784s
 11423  9328 5603.75340  142   97          - 3974.01888      -   246  785s
 11557  9390 4423.80171   22  307          - 3974.01888      -   246  796s
 11622  9500 4628.86299   33  250          - 3974.01888      -   248  808s
 11736  9756 5108.56552   56  206          - 3974.01888      -   249  822s
 11993 10006 5761.32487  158  104          - 3975.43112      -   247  837s
 12295 10079 4543.16666   25  313          - 3975.71116      -   244  849s
 12327 10079 4983.27569   45  215          - 3975.71116      -   245  850s
 12368 10224 5041.77436   47  275          - 3975.71116      -   246  862s
 12514 10621 5588.65352   81  116          - 3975.71116      -   246  879s
 12647 10621 6556.87157  162   58          - 3975.71116      -   245  880s
 12966 10654 infeasible  260               - 3978.44509      -   241  891s
 13007 10692 4339.56964   33  374          - 3978.44509      -   242  901s
 13045 10737 4381.19817   40  429          - 3978.44509      -   244  912s
 13090 10804 4486.44996   52  461          - 3978.44509      -   246  923s
 13157 10892 4719.10663   66  452          - 3978.44509      -   248  934s
 13169 10892 infeasible   87               - 3978.44509      -   249  935s
 13249 11031 4923.57881   69  395          - 3978.44509      -   249  947s
 13436 11387 5331.29964   84  187          - 3978.44509      -   249  964s
 13500 11387 5595.25959  124  143          - 3978.44509      -   249  965s
 13804 11469 7585.99222  262   18          - 3979.86876      -   246  978s
 13908 11563 4474.72582   38  294          - 3979.86876      -   247  991s
 14046 11743 5212.49674   82  150          - 3982.11454      -   248 1004s
 14078 11743 5339.54766  110   81          - 3982.11454      -   248 1005s
 14240 11840 4512.31080   26  328          - 3982.11454      -   248 1017s
 14339 11923 4907.11503   46  254          - 3982.11454      -   250 1030s
 14440 12045 5266.12314   68  156          - 3984.80737      -   251 1044s
 14596 12140 4360.64973   34  302          - 3984.80737      -   253 1057s
 14695 12262 4875.90737   53  285          - 3984.80737      -   254 1072s
 14849 12403 5491.67741   67  200          - 3984.80737      -   254 1087s
 14992 12725 6072.72984  130  157          - 3988.11425      -   255 1103s
 15189 12725 7082.22133  251   95          - 3988.11425      -   253 1105s
 15370 12778 4172.64309   30  390          - 3988.19494      -   252 1117s
 15423 12876 4601.12253   44  152          - 3988.19494      -   254 1129s
 15518 12876 5287.12201   56  205          - 3988.19494      -   255 1130s
 15523 13004 infeasible   72               - 3990.45394      -   255 1142s
 15709 13063 4385.31237   31  274          - 3990.86462      -   255 1156s
 15768 13189 4740.12627   53  244          - 3991.03770      -   257 1170s
 15932 13273 4423.57602   33  220          - 3991.03770      -   257 1183s
 16032 13486 5137.86702   59  128          - 3992.73066      -   259 1199s
 16160 13486 6135.08813  133   75          - 3992.73066      -   258 1200s
 16256 13587 4173.78988   26  378          - 3992.73066      -   259 1213s
 16357 13807 4233.65846   34  365          - 3992.73066      -   260 1228s
 16543 13807 6632.72959  200   50          - 3992.73066      -   260 1230s
 16601 13886 4305.96475   45  467          - 3992.73066      -   259 1243s
 16682 13956 4538.07041   51  423          - 3992.73066      -   261 1329s
 16713 13956 5152.80764   65  101          - 3992.73066      -   262 1330s
 16752 14343 5066.18709   66  208          - 3994.79336      -   262 1344s
 16796 14343 5469.95035   87  144          - 3994.79336      -   262 1345s
 17252 14568 4069.97157   17  421          - 3994.87293      -   257 1363s
 17408 14568 5191.88524  121   33          - 3994.87293      -   257 1365s
 17522 14640 4572.83950   38  399          - 3994.87293      -   256 1377s
 17593 14681 4841.60967   65  339          - 3994.87293      -   257 1390s
 17634 15044 5155.16101   82  243          - 3999.29407      -   259 1406s
 18037 15124 4308.83807   37  373          - 3999.29407      -   256 1420s
 18115 15332 5008.27743   57  185          - 4000.92208      -   257 1435s
 18380 15540 4345.65995   16  556          - 4000.92208      -   257 1451s
 18600 15659 5536.05403   45  189          - 4001.90322      -   257 1465s
 18767 15693 4223.93553   35  493          - 4001.90991      -   258 1479s
 18801 15781 4361.70229   40  482          - 4001.90991      -   259 1491s
 18889 15945 4585.91480   59  358          - 4001.90991      -   261 1505s
 19073 16363 5212.20674   89  190          - 4005.06558      -   261 1523s
 19201 16363 5735.81000  140    4          - 4005.06558      -   260 1525s
 19555 16560 4314.79956   22  387          - 4005.06558      -   257 1540s
 19757 16737 4904.58436   42  143          - 4005.06558      -   257 1556s
 19940 16932 5795.85597  104   36          - 4005.30261      -   258 1572s
*20008 14500             133    6611.1600000 4005.30261  39.4%   257 1573s
 20162 14504 4651.66401   31  221 6611.16000 4005.34826  39.4%   258 1587s
H20175 12874                    6176.5600000 4005.34826  35.2%   258 1587s
 20187 12922 5050.96261   44  310 6176.56000 4005.34826  35.2%   258 1604s
H20201 12311                    6007.2500000 4005.34826  33.3%   258 1604s
H20221 10696                    5738.5600000 4005.34826  30.2%   258 1604s
 20253 10742     cutoff   58      5738.56000 4007.22872  30.2%   258 1617s
 20338 10852 4545.83307   39  300 5738.56000 4009.59075  30.1%   259 1631s
 20474 10994 4267.22935   29  372 5738.56000 4015.92159  30.0%   260 1645s
H20637  9314                    5519.8800000 4015.92159  27.2%   260 1661s
 20698  9360 4144.78767   15  598 5519.88000 4018.09525  27.2%   261 1674s
 20755  9413 4804.27437   39  417 5519.88000 4018.14148  27.2%   262 1687s
H20830  9432                    5514.8800000 4018.19307  27.1%   264 1701s
 20899  9470 4138.20485   22  330 5514.88000 4021.06887  27.1%   265 1714s
 20937  9511 4555.47470   35  262 5514.88000 4021.06887  27.1%   267 1727s
 20978  9611 4763.80228   49  183 5514.88000 4021.97639  27.1%   268 1742s
 21092  9688 4292.36547   30  389 5514.88000 4021.97639  27.1%   269 1758s
H21114  9522                    5491.8800000 4021.97639  26.8%   269 1758s
H21137  8672                    5388.5699659 4021.97639  25.4%   269 1759s
 21193  8755 4771.71919   53  302 5388.56997 4024.21492  25.3%   269 1773s
H21250  8755                    5388.5698494 4024.21492  25.3%   270 1773s
 21294  8830 5017.32661   56  171 5388.56985 4024.90065  25.3%   270 1787s
 21405  8918 5363.22938   67  395 5388.56985 4025.23806  25.3%   270 1802s
 21536  8995 4964.14058   37  312 5388.56985 4027.06947  25.3%   271 1817s
H21647  7384                    5203.5700000 4027.49822  22.6%   272 1832s
 21719  7400 4444.30956   42  396 5203.57000 4028.42962  22.6%   273 1848s
 21760  7461 4243.77728   17  465 5203.57000 4029.14148  22.6%   274 1862s
 21848  7489 5039.37314   40  258 5203.57000 4029.85801  22.6%   275 1878s
 21886  7531 4465.68847   31  334 5203.57000 4031.32284  22.5%   277 1893s
 21930  7587 4796.45025   44  298 5203.57000 4031.44352  22.5%   278 1907s
 22013  7656 4833.77887   43  281 5203.57000 4031.85610  22.5%   279 1923s
 22115  7712 4769.41496   47  235 5203.57000 4035.53337  22.4%   280 1939s
 22186  7783 4328.02276   29  402 5203.57000 4035.53337  22.4%   281 1955s
H22257  7854                    5201.5700000 4035.53337  22.4%   282 1972s
 22366  7975 4264.75306   31  342 5201.57000 4037.32529  22.4%   282 1989s
 22528  8055 4943.39527   49  220 5201.57000 4042.39829  22.3%   282 2003s
 22630  8120 4942.67919   48  264 5201.57000 4043.57499  22.3%   283 2018s
 22715  8184 4635.59965   63  350 5201.57000 4043.94556  22.3%   284 2034s
 22799  8319 4262.16696   34  392 5201.57000 4045.73713  22.2%   286 2051s
 22960  8383 4896.30010   53  234 5201.57000 4049.09160  22.2%   286 2066s
 23052  8429 5034.57714   63  184 5201.57000 4049.28552  22.2%   287 2081s
 23130  8486 4941.96753   45  327 5201.57000 4050.16978  22.1%   288 2096s
 23197  8541 4867.19314   41  325 5201.57000 4050.17000  22.1%   289 2111s
 23290  8625 4789.69425   57  309 5201.57000 4052.77459  22.1%   290 2126s
 23402  8722 4962.79474   44  408 5201.57000 4055.29393  22.0%   291 2143s
 23526  8797 4332.45912   45  376 5201.57000 4056.35074  22.0%   292 2158s
 23635  8878 5153.14869   46  162 5201.57000 4056.40941  22.0%   293 2176s
 23764  8953 4308.27330   25  295 5201.57000 4059.65855  22.0%   294 2193s
 23878  9060 4585.42236   36  143 5201.57000 4060.79575  21.9%   294 2209s
 23964  9060 4352.65631   39  273 5201.57000 4060.85770  21.9%   295 2210s
 24018  9140 4268.21746   26  386 5201.57000 4060.85770  21.9%   295 2225s
 24114  9204     cutoff   62      5201.57000 4061.45301  21.9%   296 2241s
 24210  9278 4958.85882   45  471 5201.57000 4063.67659  21.9%   297 2256s
 24302  9345 4783.70409   52  290 5201.57000 4066.27665  21.8%   298 2271s
 24391  9428 4735.07797   36  434 5201.57000 4067.40315  21.8%   299 2288s
 24498  9518 4807.66974   53  271 5201.57000 4067.78956  21.8%   300 2304s
 24575  9518 5113.15075   57  229 5201.57000 4068.29827  21.8%   300 2305s
 24625  9604 4307.20199   38  349 5201.57000 4068.43641  21.8%   301 2321s
 24730  9672 4524.13186   34  331 5201.57000 4068.83603  21.8%   302 2338s
 24840  9719 4465.65464   31  384 5201.57000 4068.93310  21.8%   303 2354s
 24919  9794 5047.08132   44  236 5201.57000 4070.30976  21.7%   304 2370s
 25018  9878     cutoff   61      5201.57000 4070.81826  21.7%   305 2386s
 25140  9965 4267.29166   36  410 5201.57000 4071.94375  21.7%   306 2402s
 25247 10045 4375.98378   26  417 5201.57000 4072.38417  21.7%   306 2420s
 25327 10073 5043.35804   43  163 5201.57000 4073.11742  21.7%   308 2437s
 25367 10117 5035.05834   33  322 5201.57000 4073.22769  21.7%   308 2455s
 25455 10188 4288.45905   24  465 5201.57000 4074.19094  21.7%   309 2474s
 25574 10298 4325.47733   27  280 5201.57000 4074.76897  21.7%   311 2492s
 25751 10400     cutoff   57      5201.57000 4076.74572  21.6%   311 2508s
 25884 10527 4405.03316   33  285 5201.57000 4078.84576  21.6%   312 2526s
 26033 10598     cutoff   37      5201.57000 4080.30403  21.6%   313 2542s
 26146 10711 5115.60933   55  289 5201.57000 4080.89900  21.5%   314 2559s
 26311 10806 4800.29346   45  309 5201.57000 4083.05006  21.5%   315 2575s
 26450 10894 4490.05548   37  268 5201.57000 4085.25702  21.5%   315 2592s
 26556 10979     cutoff   55      5201.57000 4085.95782  21.4%   316 2609s
 26627 10979 5031.83396   56  236 5201.57000 4086.61464  21.4%   317 2610s
 26689 11046 4771.28359   38  126 5201.57000 4086.77746  21.4%   317 2625s
 26786 11129 5082.52988   57  295 5201.57000 4087.83582  21.4%   318 2643s
 26904 11228 4582.79152   38  332 5201.57000 4088.68586  21.4%   319 2660s
 27041 11350 4997.00620   47  345 5201.57000 4090.97196  21.4%   320 2679s
 27133 11350 5057.31256   66  162 5201.57000 4092.51974  21.3%   320 2680s
 27207 11463 4898.61299   55  202 5201.57000 4092.53888  21.3%   320 2697s
 27362 11495 4332.46357   32  297 5201.57000 4093.58827  21.3%   321 2716s
 27422 11597 4768.15429   54  282 5201.57000 4094.71397  21.3%   321 2732s
 27552 11678 4644.45435   41  295 5201.57000 4095.04828  21.3%   322 2752s
 27677 11794 4458.48144   38  349 5201.57000 4097.28937  21.2%   322 2770s
 27833 11933 4862.67884   35  269 5201.57000 4098.78419  21.2%   323 2789s
 27884 11933 5048.61133   58   59 5201.57000 4098.78419  21.2%   323 2790s
 28021 12026 4599.31545   53  374 5201.57000 4099.82680  21.2%   324 2807s
 28154 12144 4476.34155   31  220 5201.57000 4100.58037  21.2%   324 2825s
 28300 12239 4351.08399   32  354 5201.57000 4101.55956  21.1%   325 2843s
 28447 12351 4406.06859   44  406 5201.57000 4102.49577  21.1%   326 2860s
 28614 12441 5058.08282   69  301 5201.57000 4103.24943  21.1%   326 2877s
 28736 12594 4916.80980   45  128 5201.57000 4103.66356  21.1%   327 2896s
 28943 12695 4216.69479   35  402 5201.57000 4104.32869  21.1%   327 2913s
 29068 12806 4631.14897   49  275 5201.57000 4104.81637  21.1%   327 2931s
 29224 12926 4363.43521   37  282 5201.57000 4105.52884  21.1%   328 2948s
 29399 13072 5161.67971   66  302 5201.57000 4105.89953  21.1%   328 2966s
 29584 13200 infeasible   24      5201.57000 4108.43294  21.0%   328 2984s
 29631 13200 5130.67791   64   26 5201.57000 4108.43294  21.0%   328 2985s
 29737 13292 4979.78398   51  341 5201.57000 4109.11291  21.0%   329 3002s
 29876 13399 5010.57928   68  138 5201.57000 4109.76454  21.0%   330 3020s
 30023 13499 4873.98036   53  313 5201.57000 4111.08481  21.0%   330 3037s
 30141 13644 4959.76459   51  209 5201.57000 4111.61722  21.0%   331 3056s
 30333 13770 4390.10810   41  268 5201.57000 4112.23570  20.9%   331 3075s
 30500 13860 4843.44894   26  480 5201.57000 4112.84224  20.9%   332 3094s
 30606 13982 4779.13193   50  135 5201.57000 4112.94495  20.9%   333 3113s
 30781 14087     cutoff   56      5201.57000 4113.26733  20.9%   334 3132s
 30962 14173 5040.79276   46  389 5201.57000 4114.21045  20.9%   334 3150s
 31089 14239 4950.64364   63  245 5201.57000 4114.80995  20.9%   335 3168s
 31189 14339 4669.79456   31  272 5201.57000 4115.58146  20.9%   336 3185s
 31335 14415 4979.36199   38  265 5201.57000 4116.86531  20.9%   337 3205s
 31463 14501 4307.84153   26  466 5201.57000 4117.71808  20.8%   338 3222s
 31569 14579 4657.49422   47  414 5201.57000 4118.05083  20.8%   338 3241s
 31681 14695 4773.13208   52  308 5201.57000 4118.30456  20.8%   339 3260s
 31832 14775 4614.94730   38  365 5201.57000 4119.53153  20.8%   340 3280s
 31966 14865 4470.47263   30  299 5201.57000 4120.65539  20.8%   341 3298s
 32100 14956 4237.48252   24  294 5201.57000 4121.69563  20.8%   341 3316s
 32209 15019 5174.41773   50  163 5201.57000 4121.81526  20.8%   342 3336s
 32290 15088 4267.95768   32  414 5201.57000 4121.86450  20.8%   343 3354s
 32359 15173 4789.88433   46  257 5201.57000 4121.98999  20.8%   345 3373s
 32500 15302 4290.14220   25  360 5201.57000 4122.78523  20.7%   346 3392s
 32647 15448 4554.31982   33  382 5201.57000 4125.42472  20.7%   346 3412s
 32838 15545 4423.70929   48  313 5201.57000 4126.35197  20.7%   347 3431s
 32953 15624 5123.39328   41  106 5201.57000 4127.10994  20.7%   347 3449s
 33063 15722 infeasible   48      5201.57000 4127.11949  20.7%   348 3468s
 33203 15950 4301.52331   25  347 5201.57000 4127.52254  20.6%   349 3488s
 33365 15950 4377.95813   33  233 5201.57000 4127.54218  20.6%   348 3490s
 33461 16077 4391.61192   33  281 5201.57000 4127.64091  20.6%   349 3507s
 33631 16171 5017.73515   38  276 5201.57000 4128.21093  20.6%   349 3526s
 33787 16311     cutoff   39      5201.57000 4128.73926  20.6%   349 3545s
 33964 16467 4815.30923   56  306 5201.57000 4129.46396  20.6%   349 3565s
 34185 16590 4924.56080   50  306 5201.57000 4130.06492  20.6%   348 3584s
 34346 16697 4539.98151   43  228 5201.57000 4131.07579  20.6%   348 3600s

Cutting planes:
  User: 5387
  Gomory: 21
  Cover: 504
  Implied bound: 86
  Clique: 6
  MIR: 255
  Flow cover: 525
  Zero half: 18
  RLT: 479
  Relax-and-lift: 14
  Lazy constraints: 422

Explored 34462 nodes (12014263 simplex iterations) in 3601.04 seconds
Thread count was 2 (of 32 available processors)

Solution count 10: 5201.57 5203.57 5388.57 ... 6611.16

Time limit reached
Best objective 5.201570000000e+03, best bound 4.131075785071e+03, gap 20.5802%

User-callback calls 411187, time in user-callback 205.46 sec
================================================================================
executing instance: ./input/Instances/Original/4/absH3low_3n10.dat
--------------------------------------------------------------------------------
Instance details
n	11
H	3
C	687
Li:
[0, 0, 0, 0, 0, 0, 0, 0, 0, 0, 0, ]
Ui:
[0, 189, 44, 174, 78, 36, 198, 117, 42, 96, 240, ]
Distance matrix:
|0	209	255	286	142	156	285	317	182	161	135	|
|209	0	464	451	315	356	490	469	361	299	260	|
|255	464	0	221	202	130	74	280	189	254	273	|
|286	451	221	0	145	156	164	479	354	153	192	|
|142	315	202	145	0	73	194	388	250	53	73	|
|156	356	130	156	73	0	134	332	200	127	144	|
|285	490	74	164	194	134	0	353	256	239	267	|
|317	469	280	479	388	332	353	0	141	436	430	|
|182	361	189	354	250	200	256	141	0	296	289	|
|161	299	254	153	53	127	239	436	296	0	39	|
|135	260	273	192	73	144	267	430	289	39	0	|

--------------------------------------------------------------------------------
Building model...
	using lazy and cut (CVRPSEP package)
Solving IRP LP...
--------------------------------------------------------------------------------

Gurobi 9.1.0 (linux64) logging started Sun Jan 10 02:47:41 2021

Gurobi Optimizer version 9.1.0 build v9.1.0rc0 (linux64)
Thread count: 32 physical cores, 32 logical processors, using up to 2 threads
Optimize a model with 449 rows, 1184 columns and 3584 nonzeros
Model fingerprint: 0x468f5e17
Variable types: 194 continuous, 990 integer (165 binary)
Coefficient statistics:
  Matrix range     [1e+00, 2e+02]
  Objective range  [1e-02, 5e+02]
  Bounds range     [1e+00, 2e+02]
  RHS range        [2e+01, 1e+03]
Presolve removed 44 rows and 11 columns
Presolve time: 0.01s
Presolved: 405 rows, 1173 columns, 3219 nonzeros
Variable types: 183 continuous, 990 integer (840 binary)

Root relaxation: objective 2.071064e+03, 740 iterations, 0.02 seconds

    Nodes    |    Current Node    |     Objective Bounds      |     Work
 Expl Unexpl |  Obj  Depth IntInf | Incumbent    BestBd   Gap | It/Node Time

     0     0 2071.06375    0   67          - 2071.06375      -     -    0s
H    0     0                    6256.5200000 2071.06375  66.9%     -    0s
     0     0 2352.26615    0   85 6256.52000 2352.26615  62.4%     -    0s
     0     0 2356.75820    0   89 6256.52000 2356.75820  62.3%     -    0s
     0     0 2368.00592    0   88 6256.52000 2368.00592  62.2%     -    0s
     0     0 2399.63955    0   92 6256.52000 2399.63955  61.6%     -    0s
     0     0 2399.65816    0   89 6256.52000 2399.65816  61.6%     -    0s
     0     0 2545.75523    0   85 6256.52000 2545.75523  59.3%     -    0s
H    0     0                    6255.2600000 2545.75523  59.3%     -    0s
     0     0 2661.85779    0  132 6255.26000 2661.85779  57.4%     -    0s
     0     0 2661.85779    0  130 6255.26000 2661.85779  57.4%     -    0s
     0     0 2788.00950    0  103 6255.26000 2788.00950  55.4%     -    0s
H    0     0                    5176.6800000 2788.00950  46.1%     -    0s
     0     0 2799.79909    0  108 5176.68000 2799.79909  45.9%     -    0s
     0     0 2828.60824    0  105 5176.68000 2828.60824  45.4%     -    0s
     0     0 2829.30671    0  117 5176.68000 2829.30671  45.3%     -    0s
     0     0 2877.37902    0  107 5176.68000 2877.37902  44.4%     -    0s
     0     0 2878.29805    0  120 5176.68000 2878.29805  44.4%     -    0s
     0     0 2879.33304    0  120 5176.68000 2879.33304  44.4%     -    0s
     0     0 2879.70231    0  133 5176.68000 2879.70231  44.4%     -    0s
     0     0 2938.75890    0  177 5176.68000 2938.75890  43.2%     -    0s
     0     0 2951.65137    0  174 5176.68000 2951.65137  43.0%     -    0s
     0     0 2951.85916    0  203 5176.68000 2951.85916  43.0%     -    0s
     0     0 3012.32624    0  191 5176.68000 3012.32624  41.8%     -    0s
     0     0 3014.69919    0  179 5176.68000 3014.69919  41.8%     -    0s
     0     0 3014.70584    0  192 5176.68000 3014.70584  41.8%     -    0s
     0     0 3043.24279    0  165 5176.68000 3043.24279  41.2%     -    0s
H    0     0                    4454.6800000 3043.24279  31.7%     -    0s
     0     0 3045.69781    0  154 4454.68000 3045.69781  31.6%     -    0s
     0     0 3045.72830    0  141 4454.68000 3045.72830  31.6%     -    0s
     0     0 3049.00248    0  152 4454.68000 3049.00248  31.6%     -    0s
     0     0 3049.00248    0  143 4454.68000 3049.00248  31.6%     -    0s
     0     2 3049.07214    0  143 4454.68000 3049.07214  31.6%     -    0s
H   30    32                    4173.6800000 3057.82893  26.7%   130    1s
H  113   108                    4032.9000000 3057.82893  24.2%  83.6    1s
H  128   114                    3712.3200000 3057.82893  17.6%  84.3    1s
   591   456 3227.19555   18  103 3712.32000 3062.46949  17.5%  82.6    5s
   812   571 3233.65677   29  113 3712.32000 3069.37866  17.3%   104   10s
H  868   539                    3712.3199467 3069.37866  17.3%   104   10s
  1230   619 3354.48576   21  167 3712.31995 3127.24469  15.8%   105   15s
H 1263   613                    3712.3197535 3153.90660  15.0%   104   15s
  1831   681 3664.67256   24  112 3712.31975 3232.57105  12.9%   100   20s
  2390   792 infeasible   25      3712.31975 3271.27015  11.9%   101   25s
  2883   886 3445.61380   39  129 3712.31975 3320.03056  10.6%   103   30s
  3323  1040 3633.52871   40  133 3712.31975 3345.25496  9.89%   103   35s
  3984  1223 3523.33258   25   96 3712.31975 3373.40333  9.13%   102   40s
  4669  1374 3646.55929   25  125 3712.31975 3391.28259  8.65%   101   45s
  5420  1498 3638.63906   28   97 3712.31975 3413.35799  8.05%  99.2   51s
  6072  1612 3618.29088   29   64 3712.31975 3421.05910  7.85%  97.6   55s
  6746  1695     cutoff   32      3712.31975 3436.68850  7.42%  96.9   60s
  7605  1800 3589.06503   31  120 3712.31975 3450.55008  7.05%  96.7   66s
  8284  1825 3613.99352   24  121 3712.31975 3464.18310  6.68%  96.0   70s
  8927  1875 3636.38354   33   39 3712.31975 3473.06893  6.44%  95.0   75s
  9613  1903 3648.84863   40  122 3712.31975 3484.34885  6.14%  94.1   80s
 10542  1913     cutoff   34      3712.31975 3504.26549  5.60%  93.0   85s
 11323  1845 3660.18083   36  137 3712.31975 3517.32480  5.25%  92.7   90s
 12226  1772 3580.63123   33  157 3712.31975 3532.05949  4.86%  92.1   95s
 13122  1666 infeasible   28      3712.31975 3547.34278  4.44%  91.2  100s
 13887  1464 3698.79458   29  117 3712.31975 3559.75931  4.11%  90.2  105s
 14881  1209 3670.04091   30   80 3712.31975 3580.95544  3.54%  88.8  110s
 15870   844 infeasible   41      3712.31975 3599.97593  3.03%  87.2  115s
 17637     0     cutoff   41      3712.31975 3687.67430  0.66%  83.0  120s

Cutting planes:
  User: 364
  Gomory: 10
  Cover: 321
  Implied bound: 60
  Projected implied bound: 2
  Clique: 6
  MIR: 196
  StrongCG: 2
  Flow cover: 290
  Inf proof: 18
