




arguments: ./build/mirp_solver -f ./input/orig_exec_231.cfg
Current dir: /scratch/gui/bnc_mirp
File verbosity level: 9
date       time         ( uptime  ) [ thread name/id ]                   file:line     v| 
2021-01-10 14:04:05.612 (   0.137s) [main thread     ]             loguru.cpp:789   INFO| Logging to './output/vi_cus/OU/V5/Original/execution_10_01_2021_14_04_05.log', mode: 'a', verbosity: 9
--------------------------------------------------------------------------------
Parameters
                           instance_path           ./input/Instances/Original/6/
                            model_policy                                       1
                             nb_vehicles                                       5
                              output_dir         ./output/vi_cus/OU/V5/Original/
                            sec_strategy                                       1
                       solver_nb_threads                                       2
                         solver_show_log                                    true
                       solver_time_limit                                    3600
                              use_vi_cos                                   false
                              use_vi_cus                                    true
                         use_vi_hc1_full                                   false
                         use_vi_hc1_half                                   false
                      use_vi_hc1_quarter                                   false
                              use_vi_hc2                                   false
                              use_vi_hc3                                   false
                         use_vi_lex_full                                   false
                         use_vi_lex_half                                   false
                      use_vi_lex_quarter                                   false
                              use_vi_qua                                   false
                               use_vi_vc                                   false
                               use_vi_vr                                   false
--------------------------------------------------------------------------------
executing instance: ./input/Instances/Original/6/absH6high_1n25.dat
--------------------------------------------------------------------------------
Instance details
n	26
H	6
C	1711
Li:
[0, 0, 0, 0, 0, 0, 0, 0, 0, 0, 0, 0, 0, 0, 0, 0, 0, 0, 0, 0, 0, 0, 0, 0, 0, 0, ]
Ui:
[0, 168, 176, 34, 66, 36, 177, 106, 118, 182, 64, 141, 189, 63, 46, 111, 182, 231, 36, 66, 68, 54, 132, 90, 246, 75, ]
Distance matrix:
|0	191	200	231	334	329	146	196	208	245	218	164	283	394	151	358	156	196	309	253	201	260	127	138	130	104	|
|191	0	226	229	278	146	328	216	390	417	327	293	195	334	106	296	171	122	472	151	12	411	280	53	190	130	|
|200	226	0	38	149	359	321	10	276	274	418	364	139	204	121	173	321	115	303	141	225	236	155	202	311	256	|
|231	229	38	0	110	352	358	37	314	310	448	395	108	167	129	135	342	109	336	120	226	268	194	213	335	277	|
|334	278	149	110	0	367	467	147	422	413	546	495	86	61	203	25	423	163	429	129	271	363	303	282	424	361	|
|329	146	359	352	367	0	453	349	533	562	411	393	282	411	245	378	250	244	617	245	141	556	426	195	284	243	|
|146	328	321	358	467	453	0	321	162	215	160	112	425	524	297	491	223	341	284	397	339	266	186	276	184	210	|
|196	216	10	37	147	349	321	0	281	281	414	360	132	203	112	171	315	105	311	132	216	244	159	193	305	249	|
|208	390	276	314	422	533	162	281	0	54	321	271	410	471	316	445	348	348	123	398	398	115	125	338	313	309	|
|245	417	274	310	413	562	215	281	54	0	375	323	413	457	334	435	393	361	70	406	424	69	139	367	359	349	|
|218	327	418	448	546	411	160	414	321	375	0	57	484	606	347	569	163	393	444	446	339	421	318	288	137	199	|
|164	293	364	395	495	393	112	360	271	323	57	0	437	556	300	519	144	346	393	401	305	367	261	249	109	163	|
|283	195	139	108	86	282	425	132	410	413	484	437	0	139	137	101	349	91	443	44	187	375	286	206	355	291	|
|394	334	204	167	61	411	524	203	471	457	606	556	139	0	264	38	483	222	467	183	326	403	356	341	484	421	|
|151	106	121	129	203	245	297	112	316	334	347	300	137	264	0	225	220	46	381	102	106	316	195	84	221	158	|
|358	296	173	135	25	378	491	171	445	435	569	519	101	38	225	0	444	184	450	145	288	384	328	303	446	383	|
|156	171	321	342	423	250	223	315	348	393	163	144	349	483	220	444	0	261	460	308	183	415	284	143	39	65	|
|196	122	115	109	163	244	341	105	348	361	393	346	91	222	46	184	261	0	402	56	118	336	224	119	264	200	|
|309	472	303	336	429	617	284	311	123	70	444	393	443	467	381	450	460	402	0	442	477	68	192	424	426	413	|
|253	151	141	120	129	245	397	132	398	406	446	401	44	183	102	145	308	56	442	0	143	375	273	164	315	251	|
|201	12	225	226	271	141	339	216	398	424	339	305	187	326	106	288	183	118	477	143	0	416	286	63	202	142	|
|260	411	236	268	363	556	266	244	115	69	421	367	375	403	316	384	415	336	68	375	416	0	135	365	384	363	|
|127	280	155	194	303	426	186	159	125	139	318	261	286	356	195	328	284	224	192	273	286	135	0	232	256	229	|
|138	53	202	213	282	195	276	193	338	367	288	249	206	341	84	303	143	119	424	164	63	365	232	0	153	89	|
|130	190	311	335	424	284	184	305	313	359	137	109	355	484	221	446	39	264	426	315	202	384	256	153	0	64	|
|104	130	256	277	361	243	210	249	309	349	199	163	291	421	158	383	65	200	413	251	142	363	229	89	64	0	|

--------------------------------------------------------------------------------
Building model...
	using lazy and cut (CVRPSEP package)
Solving IRP LP...
--------------------------------------------------------------------------------

Gurobi 9.1.0 (linux64) logging started Sun Jan 10 14:04:06 2021

Gurobi Optimizer version 9.1.0 build v9.1.0rc0 (linux64)
Thread count: 32 physical cores, 32 logical processors, using up to 2 threads
Optimize a model with 2072 rows, 11462 columns and 28952 nonzeros
Model fingerprint: 0x5f49f313
Variable types: 932 continuous, 10530 integer (780 binary)
Coefficient statistics:
  Matrix range     [1e+00, 3e+02]
  Objective range  [1e-01, 6e+02]
  Bounds range     [1e+00, 2e+02]
  RHS range        [1e+01, 3e+03]
Presolve removed 182 rows and 26 columns
Presolve time: 0.05s
Presolved: 1890 rows, 11436 columns, 27219 nonzeros
Variable types: 906 continuous, 10530 integer (9780 binary)

Root relaxation: objective 1.503678e+04, 3181 iterations, 0.09 seconds

    Nodes    |    Current Node    |     Objective Bounds      |     Work
 Expl Unexpl |  Obj  Depth IntInf | Incumbent    BestBd   Gap | It/Node Time

     0     0 15036.7842    0  266          - 15036.7842      -     -    0s
     0     0 15273.9711    0  313          - 15273.9711      -     -    0s
     0     0 15292.8637    0  309          - 15292.8637      -     -    0s
     0     0 15293.2647    0  313          - 15293.2647      -     -    0s
     0     0 15459.3551    0  301          - 15459.3551      -     -    1s
     0     0 15546.5953    0  325          - 15546.5953      -     -    1s
     0     0 15553.8458    0  314          - 15553.8458      -     -    1s
     0     0 15554.9760    0  316          - 15554.9760      -     -    1s
     0     0 15554.9760    0  323          - 15554.9760      -     -    1s
     0     0 16092.8544    0  444          - 16092.8544      -     -    2s
     0     0 16127.7332    0  364          - 16127.7332      -     -    2s
     0     0 16130.9896    0  364          - 16130.9896      -     -    2s
     0     0 16130.9896    0  356          - 16130.9896      -     -    2s
     0     0 16273.0836    0  449          - 16273.0836      -     -    3s
     0     0 16297.8543    0  398          - 16297.8543      -     -    3s
     0     0 16298.3772    0  431          - 16298.3772      -     -    3s
     0     0 16534.9903    0  475          - 16534.9903      -     -    4s
     0     0 16545.9963    0  426          - 16545.9963      -     -    4s
     0     0 16555.2278    0  473          - 16555.2278      -     -    4s
     0     0 16556.2090    0  510          - 16556.2090      -     -    5s
     0     0 16626.4120    0  462          - 16626.4120      -     -    5s
     0     0 16631.9300    0  494          - 16631.9300      -     -    6s
     0     0 16632.8245    0  513          - 16632.8245      -     -    6s
     0     0 16645.5197    0  491          - 16645.5197      -     -    6s
     0     0 16657.4846    0  471          - 16657.4846      -     -    8s
     0     2 16681.1112    0  491          - 16681.1112      -     -   12s
     3     6 16728.0820    2  600          - 16706.1192      -  2248   15s
    14    17 16774.2737    6  566          - 16749.6253      -  1858   20s
    25    31 16786.9731    9  561          - 16749.6253      -  1883   25s
    50    53 16893.5485   19  560          - 16749.6253      -  1395   31s
    65    68 17030.0039   22  516          - 16749.6253      -  1390   36s
    76    78 17099.3972   25  552          - 16749.6253      -  1419   40s
    93   102 17178.6049   28  544          - 16749.6253      -  1358   45s
   117   123 17213.9215   38  535          - 16749.6253      -  1280   51s
   137   144 17287.4449   44  494          - 16749.6253      -  1236   56s
   163   172 17380.6512   56  489          - 16749.6253      -  1172   61s
   184   192 17416.2005   63  483          - 16749.6253      -  1110   65s
   202   211 17545.5577   67  506          - 16749.6253      -  1096   70s
   231   251 17783.8745   73  395          - 16749.6253      -  1083   76s
   262   280 17988.8454   81  381          - 16749.6253      -  1024   81s
   298   313 18551.3257   88  400          - 16749.6253      -   962   85s
   343   369 18643.9706  101  370          - 16749.6253      -   893   91s
   399   412 19862.4824  123  316          - 16749.6253      -   817   97s
   417   444 19864.1074  130  366          - 16749.6253      -   808  100s
   491   540 20406.3272  151  200          - 16749.6253      -   738  106s
   551   612 21148.6186  176  181          - 16749.6253      -   686  110s
   705   729 24234.9293  244  131          - 16760.3832      -   580  118s
   778   737 16972.8914    5  637          - 16760.3832      -   549  121s
   790   740 23488.5713  234  320          - 16760.3832      -   554  125s
   797   745 17851.1964   60  561          - 16929.3179      -   549  130s
   806   751 17011.4531   14  678          - 17011.4531      -   543  135s
   815   757 21407.6725  194  714          - 17049.8288      -   537  141s
   819   759 20558.2432  164  744          - 17063.3542      -   535  149s
   820   760 19483.7471  120  721          - 17071.3712      -   534  150s
   827   765 20457.5376  158  721          - 17075.8743      -   529  158s
   830   770 17077.8743   16  696          - 17077.8743      -   589  167s
   832   771 17126.5952   17  680          - 17082.3374      -   594  174s
   834   772 17125.9859   17  716          - 17120.8686      -   596  181s
   836   774 17170.8117   18  507          - 17120.8686      -   599  185s
   840   776 17199.3657   19  663          - 17128.3347      -   611  192s
   844   779 17241.8563   20  632          - 17128.3347      -   626  197s
   846   780 17238.7463   20  550          - 17128.3347      -   631  200s
   854   786 17274.2439   23  567          - 17128.3347      -   644  206s
   858   790 17282.8969   24  564          - 17128.3347      -   652  210s
   870   797 17371.8549   25  581          - 17128.3347      -   660  215s
   887   810 17443.2401   30  515          - 17128.3347      -   670  221s
   891   814 17431.0803   31  568          - 17128.3347      -   675  225s
   903   823 17450.7554   34  557          - 17128.3347      -   680  230s
   918   830 17477.4450   38  591          - 17128.3347      -   690  235s
   931   843 17491.9604   42  604          - 17128.3347      -   692  240s
   944   853 17507.7219   45  514          - 17128.3347      -   694  246s
   965   863 17605.9906   50  515          - 17128.3347      -   696  251s
   984   879 17594.7112   55  592          - 17128.3347      -   701  256s
  1005   896 17702.6758   60  487          - 17128.3347      -   703  262s
  1021   899 18072.4765   63  474          - 17128.3347      -   703  269s
  1029   909 17852.7050   65  504          - 17128.3347      -   708  272s
  1042   923 17854.1516   68  521          - 17128.3347      -   707  275s
  1081   933 18059.2571   78  493          - 17128.3347      -   699  282s
  1098   949 18103.8325   82  452          - 17128.3347      -   699  286s
  1120   953 18346.9229   87  437          - 17128.3347      -   695  290s
  1164   960 18370.8297   96  486          - 17128.3347      -   690  297s
  1181   971 18418.5701  103  476          - 17128.3347      -   691  303s
  1199   988 18502.5537  110  540          - 17128.3347      -   694  307s
  1224   999 18578.3786  120  495          - 17128.3347      -   691  319s
  1244  1014 infeasible  126               - 17128.3347      -   696  323s
  1267  1040 18860.6731  136  431          - 17128.3347      -   697  329s
  1295  1031 17297.7526   31  594          - 17128.3347      -   689  330s
  1301  1058 18894.9543  150  375          - 17128.3347      -   693  335s
  1330  1081 18953.9322  162  368          - 17128.3347      -   691  340s
  1367  1115 19427.0082  178  378          - 17128.3347      -   686  346s
  1413  1154 19661.3301  198  252          - 17128.3347      -   676  351s
  1468  1206 20680.4588  220  246          - 17128.3347      -   665  357s
  1540  1254 22146.1159  252  247          - 17128.3347      -   647  363s
  1618  1303 23456.5225  288  119          - 17128.3347      -   625  370s
  1703  1371 23746.6105  328  152          - 17128.3347      -   605  376s
  1799  1444 24121.9262  372  131          - 17128.3347      -   584  382s
  1858  1424 24323.2488  401  136          - 17128.3347      -   570  387s
  1904  1506 24928.6880  421  135          - 17128.3347      -   564  394s
  1999  1474 25760.2151  468   91          - 17128.3347      -   543  395s
  2005  1590 25651.7220  470  100          - 17128.3347      -   546  400s
  2129  1597 26029.7847  529  117          - 17132.4762      -   525  408s
  2243  1573 17282.6929   19  683          - 17132.4762      -   511  413s
  2257  1589 17309.2030   25  710          - 17132.4762      -   514  419s
  2278  1599 17440.4309   28  630          - 17132.4762      -   518  425s
  2295  1606 17415.1945   32  751          - 17132.4762      -   521  432s
  2308  1625 17444.0264   33  684          - 17132.4762      -   526  440s
  2331  1629 17588.7285   42  698          - 17132.4762      -   529  447s
  2343  1657 17511.0337   46  766          - 17132.4762      -   534  453s
  2375  1677 17577.2761   59  673          - 17132.4762      -   533  459s
  2405  1694 17649.3448   67  680          - 17132.4762      -   534  465s
  2432  1711 17734.1878   76  654          - 17132.4762      -   536  472s
  2458  1731 17888.1620   78  604          - 17132.4762      -   539  480s
  2487  1754 17836.8837   82  628          - 17132.4762      -   542  488s
  2520  1776 17908.3635   92  623          - 17132.4762      -   544  496s
  2553  1801 17972.3253   94  636          - 17132.4762      -   547  504s
  2589  1824 18090.2846   99  466          - 17132.4762      -   550  512s
  2624  1842 18399.1062  100  463          - 17132.4762      -   554  520s
  2653  1891 18262.6773  105  484          - 17132.4762      -   555  529s
  2712  1916 18370.2446  117  444          - 17132.4762      -   554  538s
  2759  1955 18434.9914  120  486          - 17132.4762      -   554  548s
  2813  2006 18560.6498  132  490          - 17132.4762      -   554  557s
  2884  2045 18685.2153  150  417          - 17132.4762      -   551  568s
  2947  2074 18866.0623  166  416          - 17132.4762      -   550  579s
  2999  2148 18966.0115  180  403          - 17132.4762      -   550  589s
  3041  2134 19162.1126  194  369          - 17132.4762      -   547  590s
  3090  2210 19404.6997  198  370          - 17132.4762      -   546  601s
  3185  2336 19543.0805  216  357          - 17132.4762      -   541  618s
  3323  2496 19871.0872  271  357          - 17132.4762      -   530  632s
  3485  2737 20508.1766  331  244          - 17132.4762      -   518  648s
  3628  2737 20896.9957  382  198          - 17132.4762      -   504  650s
  3726  2944 21332.5501  401  219          - 17132.4762      -   498  665s
  3947  3170 22436.6954  461  158          - 17133.0130      -   483  684s
  4200  3228 17554.1161   21  771          - 17133.0130      -   466  699s
  4258  3302 17764.4311   25  549          - 17133.0130      -   469  712s
  4332  3403 17733.9924   27  628          - 17133.0130      -   472  728s
  4433  3537 17891.8385   46  512          - 17133.0130      -   472  743s
  4569  3713 18203.4963   65  352          - 17133.0130      -   469  759s
  4611  3713 18455.0140   86  352          - 17133.0130      -   470  760s
  4755  3958 18710.7042   93  336          - 17133.0130      -   463  778s
  5016  4205 19470.0489  155  259          - 17139.8858      -   452  803s
  5058  4205 19445.4227  173  274          - 17139.8858      -   450  817s
  5335  4284 17571.7163   19  785          - 17139.8858      -   437  837s
  5475  4329 18024.5106   29  751          - 17139.8858      -   437  854s
  5505  4329 17666.9196   21  744          - 17139.8858      -   439  855s
  5520  4386 18192.4657   46  510          - 17139.8858      -   443  871s
  5581  4496 18532.3491   62  355          - 17139.8858      -   448  903s
  5691  4629 18966.9174  103  369          - 17139.8858      -   449  922s
  5789  4629 19320.2532  157  322          - 17139.8858      -   447  928s
  5826  4737 19922.4769  163  356          - 17139.8858      -   449  975s
  5940  4820 20036.4109  228  291          - 17196.6584      -   448  995s
  6039  4907 17799.3261   23  713          - 17196.6584      -   450 1021s
  6134  4979 17928.9515   32  680          - 17196.6584      -   453 1042s
  6208  5165 18217.3188   43  603          - 17196.6584      -   455 1064s
  6396  5411 18358.3774   59  573          - 17196.6584      -   452 1088s
  6610  5411 19773.2620  285  299          - 17196.6584      -   446 1090s
  6646  5598 18566.1399   71  539          - 17196.6584      -   444 1111s
  6877  5669 18869.2997   91  492          - 17196.6584      -   438 1133s
  6948  5736 19024.9429  115  495          - 17196.6584      -   439 1153s
  6987  5736 17805.4377   43  663          - 17196.6584      -   441 1169s
  7015  5814 19478.1472  125  461          - 17196.6584      -   443 1191s
  7093  6029 19545.6056  162  477          - 17196.6584      -   444 1213s
  7278  6029 18044.9686   69  627          - 17196.6584      -   437 1215s
  7308  6559 20315.7606  308  324          - 17196.6584      -   439 1247s
  7576  6559 20851.6331  501  250          - 17196.6584      -   427 1250s
  7840  6705 22086.2797  609  231          - 17196.6584      -   420 1268s
  7988  6988 22716.5907  675  209          - 17239.2406      -   416 1286s
  8319  7124 17631.0403   21  763          - 17239.2406      -   405 1299s
  8455  7287 17737.4706   26  654          - 17239.2406      -   401 1311s
  8618  7432 17807.2140   40  717          - 17239.2406      -   397 1324s
  8778  7460 17958.7107   45  646          - 17239.2406      -   394 1336s
  8840  7493 17930.7031   55  673          - 17239.2406      -   395 1349s
  8873  7533 18088.6111   66  527          - 17239.2406      -   397 1361s
  8913  7564 18303.4765   73  531          - 17239.2406      -   399 1373s
  8946  7609 18386.8107   80  440          - 17239.2406      -   400 1386s
  8991  7672 18529.8865   91  388          - 17239.2406      -   403 1400s
  9056  7740 18803.7190  114  497          - 17239.2406      -   404 1416s
  9124  7835 18973.3355  141  403          - 17239.2406      -   406 1431s
  9221  8005 19368.0408  197  338          - 17239.2406      -   407 1448s
  9391  8237 19840.1657  297  315          - 17239.2406      -   404 1465s
  9625  8478 20480.1844  469  339          - 17239.2406      -   399 1484s
  9677  8478 20566.6184  517  324          - 17239.2406      -   398 1485s
  9868  8791 21230.9882  606  240          - 17241.9703      -   394 1510s
 10248  8972 17674.6988   23  736          - 17241.9703      -   385 1527s
 10429  9146 17764.9869   30  718          - 17241.9703      -   383 1545s
 10655  9183 17863.0175   40  628          - 17241.9703      -   379 1565s
 10692  9210 18017.9430   54  574          - 17241.9703      -   382 1578s
 10719  9254 18100.5710   60  574          - 17241.9703      -   385 1591s
 10763  9312 18302.2609   72  534          - 17241.9703      -   387 1608s
 10821  9316 18520.9789   92  468          - 17241.9703      -   388 1666s
 10825  9383 18537.2021   91  457          - 17241.9703      -   389 1682s
 10892  9468 18941.8537  113  411          - 17241.9703      -   390 1697s
 10981  9619 19168.6130  160  332          - 17241.9703      -   391 1714s
 11017  9619 19253.6722  186  330          - 17241.9703      -   391 1715s
 11136  9830 19768.8947  278  408          - 17241.9703      -   390 1732s
 11355  9909 20358.7333  439  340          - 17245.8559      -   386 1750s
 11464 10011 17792.9996   25  691          - 17245.8559      -   387 1766s
 11566 10112 18038.8153   31  656          - 17245.8559      -   388 1782s
 11667 10300 18152.0488   38  621          - 17245.8559      -   388 1800s
 11855 10653 18221.0221   47  481          - 17245.8559      -   385 1821s
 12217 10689 18284.9173   55  624          - 17245.8559      -   378 1840s
 12307 10722 18478.6018   69  510          - 17245.8559      -   379 1855s
 12340 10779 19012.2934   74  485          - 17245.8559      -   381 1871s
 12397 10840 19065.3763   95  474          - 17245.8559      -   383 1886s
 12460 10924 19362.4202  108  471          - 17245.8559      -   384 1902s
 12544 11057 19653.9823  126  412          - 17245.8559      -   385 1920s
 12679 11296 19885.5188  167  384          - 17245.8559      -   385 1940s
 12926 11675 20264.6544  208  321          - 17245.8559      -   382 1966s
 13380 11737 21011.3681  322  286          - 17262.3321      -   373 1985s
 13472 11769 17862.7634   24  718          - 17262.3321      -   374 2001s
 13504 11817 17987.7422   32  590          - 17262.3321      -   376 2020s
 13552 11875 18197.6063   47  510          - 17262.3321      -   377 2036s
 13610 11954 18360.0247   60  422          - 17262.3321      -   378 2052s
 13693 12058 18779.6259   85  349          - 17262.3321      -   379 2072s
 13797 12282 19233.8689  117  334          - 17262.3321      -   380 2090s
 14021 12708 19823.1822  223  306          - 17262.3321      -   377 2112s
 14283 12708 21508.2431  374  162          - 17262.3321      -   372 2115s
 14493 12879 22102.2358  406  163          - 17263.8723      -   369 2135s
 14729 13110 17697.8636   25  767          - 17263.8723      -   366 2162s
 14962 13593 17744.1475   44  699          - 17263.8723      -   364 2195s
 15259 13593 22429.0188  592  126          - 17263.8723      -   360 2200s
 15541 13623 18097.8316   59  657          - 17263.8723      -   356 2224s
 15571 13673 18139.3474   69  609          - 17263.8723      -   358 2246s
 15621 13717 18412.6546   87  566          - 17263.8723      -   361 2268s
 15667 13773 18659.5584   95  562          - 17263.8723      -   363 2290s
 15723 13835 18710.0872  106  543          - 17263.8723      -   365 2312s
 15786 13931 18988.7224  123  526          - 17263.8723      -   367 2335s
 15884 14052 19295.3241  141  500          - 17263.8723      -   368 2357s
 16005 14311 19904.4163  165  389          - 17263.8723      -   369 2382s
 16264 14592 21053.9620  271  279          - 17270.0344      -   367 2420s
 16567 14909 17976.4803   34  699          - 17270.0344      -   365 2457s
 16809 14909 21901.8651  491  259          - 17270.0344      -   363 2460s
 16984 14947 18172.3825   42  652          - 17270.0344      -   361 2481s
 17022 14982 18359.8314   53  675          - 17270.0344      -   363 2503s
 17057 15025 18728.4576   62  594          - 17270.0344      -   365 2526s
 17102 15081 18986.6382   71  561          - 17270.0344      -   367 2548s
 17160 15149 19408.0488   84  549          - 17270.0344      -   369 2571s
 17230 15247 19720.9338  101  509          - 17270.0344      -   370 2594s
 17295 15247 18819.7669   79  488          - 17270.0344      -   371 2595s
 17336 15395 20372.7362  119  330          - 17271.5418      -   371 2630s
 17516 15603 17843.4164   28  694          - 17271.5418      -   371 2741s
 17725 15732 18037.5133   44  676          - 17271.5418      -   370 2769s
 17869 15779 18330.0412   60  521          - 17271.5418      -   371 2794s
 17916 15838 18431.5196   69  648          - 17271.5418      -   373 2817s
 17975 15941 18799.7807   85  491          - 17271.5418      -   375 2841s
 18080 16103 19246.4340  103  417          - 17271.5418      -   376 2868s
 18242 16419 19692.2477  127  288          - 17271.5418      -   376 2899s
 18371 16419 19699.9386  141  327          - 17271.5418      -   376 2900s
 18588 16795 20211.6838  188  298          - 17271.5418      -   374 2933s
 18818 16795 20970.2103  350  193          - 17271.5418      -   371 2935s
 18982 16833 infeasible  455               - 17274.0411      -   370 2960s
 19032 16881 17941.3648   38  639          - 17274.0411      -   372 2984s
 19082 16964 18127.1651   47  694          - 17274.0411      -   374 3008s
 19165 17054 18318.3032   58  464          - 17274.0411      -   376 3033s
 19259 17178 18617.4270   64  471          - 17274.0411      -   377 3062s
 19395 17292 19231.2886   81  374          - 17281.3231      -   378 3089s
 19457 17292 19799.1761  111  199          - 17281.3231      -   377 3090s
 19539 17331 17789.4915   25  721          - 17281.3231      -   378 3114s
 19578 17380 17934.4642   37  636          - 17281.3231      -   381 3139s
 19627 17442 18121.6828   49  494          - 17281.3231      -   383 3164s
 19689 17519 18235.9596   64  475          - 17281.3231      -   385 3189s
 19766 17752 18437.3301   79  403          - 17281.3231      -   386 3217s
 19999 18417 19051.5428   96  295          - 17281.3231      -   386 3257s
 20345 18417 21947.0005  341   83          - 17281.3231      -   382 3260s
 20705 18417 24009.3336  563   57          - 17281.3231      -   376 3265s
 20762 18577 19236.9498  130  319          - 17281.3231      -   376 3295s
 20922 18877 19748.4201  207  237          - 17281.3231      -   376 3325s
 21228 18877 18058.2137   39  528          - 17281.3231      -   373 3330s
 21246 18969 21967.1440  421  261          - 17282.6929      -   373 3354s
 21286 18969 22274.5597  435  186          - 17282.6929      -   373 3355s
 21370 19057 18505.6585   35  689          - 17282.6929      -   374 3385s
 21458 19234 18618.3804   46  666          - 17282.6929      -   375 3410s
 21637 19326 18875.2783   52  618          - 17282.6929      -   375 3440s
 21745 19380 19076.1290   69  526          - 17282.6929      -   376 3466s
 21801 19502 19429.8978   85  501          - 17282.6929      -   377 3492s
 21923 19930 20118.6717  142  301          - 17282.6929      -   378 3525s
 22215 19930 21072.1398  356  221          - 17282.6929      -   375 3530s
 22365 20170 22318.1446  457  247          - 17284.3104      -   375 3562s
 22573 20170 23300.6806  599  214          - 17284.3104      -   372 3565s
 22637 20211 17718.4740   28  631          - 17284.3104      -   373 3590s
 22678 20232 17739.4920   33  720          - 17284.3104      -   375 3606s

Cutting planes:
  User: 6742
  Gomory: 56
  Cover: 846
  Implied bound: 109
  Clique: 22
  MIR: 831
  Flow cover: 1375
  Zero half: 24
  RLT: 791
  Relax-and-lift: 29
  Lazy constraints: 13

Explored 22699 nodes (8552684 simplex iterations) in 3606.82 seconds
Thread count was 2 (of 32 available processors)

Solution count 0

Time limit reached
Best objective -, best bound 1.728431040642e+04, gap -

User-callback calls 333215, time in user-callback 287.61 sec
================================================================================
executing instance: ./input/Instances/Original/6/absH6high_1n20.dat
--------------------------------------------------------------------------------
Instance details
n	21
H	6
C	1651
Li:
[0, 0, 0, 0, 0, 0, 0, 0, 0, 0, 0, 0, 0, 0, 0, 0, 0, 0, 0, 0, 0, ]
Ui:
[0, 36, 182, 182, 90, 261, 117, 30, 110, 42, 276, 153, 40, 94, 144, 46, 129, 213, 264, 160, 174, ]
Distance matrix:
|0	371	401	343	361	341	370	115	392	400	79	266	292	245	355	431	265	194	95	92	348	|
|371	0	37	141	110	250	117	438	67	131	372	305	115	238	247	255	235	296	392	430	185	|
|401	37	0	175	100	284	146	472	90	156	406	342	152	275	280	282	242	333	415	455	178	|
|343	141	175	0	239	110	38	374	95	60	314	182	67	130	106	127	318	201	397	423	303	|
|361	110	100	239	0	341	222	451	177	240	385	374	190	304	341	361	151	345	354	398	78	|
|341	250	284	110	341	0	143	337	203	151	289	102	152	97	15	95	394	156	415	431	398	|
|370	117	146	38	222	143	0	407	61	30	346	220	81	167	137	139	317	237	417	447	292	|
|115	438	472	374	451	337	407	0	443	434	66	241	339	251	351	431	374	181	201	177	450	|
|392	67	90	95	177	203	61	443	0	66	379	275	104	216	197	193	294	283	427	461	252	|
|400	131	156	60	240	151	30	434	66	0	374	237	112	189	142	127	344	261	448	477	312	|
|79	372	406	314	385	289	346	66	379	374	0	202	275	197	304	383	316	134	175	166	388	|
|266	305	342	182	374	102	220	241	275	237	202	0	191	70	117	196	386	73	352	359	415	|
|292	115	152	67	190	152	81	339	104	112	275	191	0	123	154	193	252	183	336	366	246	|
|245	238	275	130	304	97	167	251	216	189	197	70	123	0	110	187	322	72	319	334	346	|
|355	247	280	106	341	15	137	351	197	142	304	117	154	110	0	80	399	171	427	444	400	|
|431	255	282	127	361	95	139	431	193	127	383	196	193	187	80	0	444	251	499	519	429	|
|265	235	242	318	151	394	317	374	294	344	316	386	252	322	399	444	0	332	226	273	97	|
|194	296	333	201	345	156	237	181	283	261	134	73	183	72	171	251	332	0	279	286	375	|
|95	392	415	397	354	415	417	201	427	448	175	352	336	319	427	499	226	279	0	47	321	|
|92	430	455	423	398	431	447	177	461	477	166	359	366	334	444	519	273	286	47	0	368	|
|348	185	178	303	78	398	292	450	252	312	388	415	246	346	400	429	97	375	321	368	0	|

--------------------------------------------------------------------------------
Building model...
	using lazy and cut (CVRPSEP package)
Solving IRP LP...
--------------------------------------------------------------------------------

Gurobi 9.1.0 (linux64) logging started Sun Jan 10 15:04:57 2021

Gurobi Optimizer version 9.1.0 build v9.1.0rc0 (linux64)
Thread count: 32 physical cores, 32 logical processors, using up to 2 threads
Optimize a model with 1677 rows, 7677 columns and 20187 nonzeros
Model fingerprint: 0x01a7e8af
Variable types: 747 continuous, 6930 integer (630 binary)
Coefficient statistics:
  Matrix range     [1e+00, 3e+02]
  Objective range  [1e-01, 5e+02]
  Bounds range     [1e+00, 3e+02]
  RHS range        [1e+01, 3e+03]
Presolve removed 147 rows and 21 columns
Presolve time: 0.05s
Presolved: 1530 rows, 7656 columns, 18799 nonzeros
Variable types: 726 continuous, 6930 integer (6330 binary)

Root relaxation: objective 1.421493e+04, 2585 iterations, 0.07 seconds

    Nodes    |    Current Node    |     Objective Bounds      |     Work
 Expl Unexpl |  Obj  Depth IntInf | Incumbent    BestBd   Gap | It/Node Time

     0     0 14214.9310    0  252          - 14214.9310      -     -    0s
     0     0 14385.3515    0  354          - 14385.3515      -     -    0s
     0     0 14411.9966    0  305          - 14411.9966      -     -    0s
     0     0 14412.0438    0  317          - 14412.0438      -     -    0s
     0     0 14632.1521    0  305          - 14632.1521      -     -    1s
     0     0 14668.2722    0  307          - 14668.2722      -     -    1s
     0     0 14674.9326    0  317          - 14674.9326      -     -    1s
     0     0 14676.0163    0  328          - 14676.0163      -     -    1s
     0     0 14676.6236    0  315          - 14676.6236      -     -    1s
     0     0 14677.1292    0  328          - 14677.1292      -     -    1s
     0     0 14677.1302    0  322          - 14677.1302      -     -    1s
     0     0 14858.0218    0  350          - 14858.0218      -     -    1s
     0     0 14966.2834    0  386          - 14966.2834      -     -    2s
     0     0 14974.0941    0  397          - 14974.0941      -     -    2s
     0     0 14975.3120    0  388          - 14975.3120      -     -    2s
     0     0 14976.0032    0  388          - 14976.0032      -     -    2s
     0     0 14976.1143    0  403          - 14976.1143      -     -    2s
     0     0 15074.9593    0  450          - 15074.9593      -     -    3s
     0     0 15101.6481    0  455          - 15101.6481      -     -    3s
     0     0 15113.9682    0  473          - 15113.9682      -     -    3s
     0     0 15115.2675    0  454          - 15115.2675      -     -    3s
     0     0 15115.5506    0  451          - 15115.5506      -     -    3s
     0     0 15201.0685    0  495          - 15201.0685      -     -    4s
     0     0 15212.0333    0  439          - 15212.0333      -     -    4s
     0     0 15217.9709    0  482          - 15217.9709      -     -    4s
     0     0 15222.6458    0  484          - 15222.6458      -     -    4s
     0     0 15224.5293    0  516          - 15224.5293      -     -    4s
     0     0 15228.0919    0  519          - 15228.0919      -     -    4s
     0     0 15228.9082    0  536          - 15228.9082      -     -    5s
     0     0 15265.9967    0  482          - 15265.9967      -     -    5s
     0     0 15271.1093    0  503          - 15271.1093      -     -    5s
     0     0 15271.3845    0  515          - 15271.3845      -     -    5s
     0     0 15282.8829    0  575          - 15282.8829      -     -    5s
     0     0 15290.9484    0  527          - 15290.9484      -     -    6s
     0     0 15293.5809    0  493          - 15293.5809      -     -    6s
     0     0 15293.6991    0  495          - 15293.6991      -     -    6s
     0     0 15308.5902    0  497          - 15308.5902      -     -    6s
     0     0 15309.8021    0  551          - 15309.8021      -     -    6s
     0     0 15313.1359    0  557          - 15313.1359      -     -    7s
     0     0 15313.3931    0  470          - 15313.3931      -     -    7s
     0     2 15313.5332    0  445          - 15313.5332      -     -    8s
     7    10 15744.5508    3  503          - 15313.6207      -  1051   10s
    24    27 15608.9547    9  580          - 15318.6831      -  1302   15s
    45    50 15546.3954   15  433          - 15318.6831      -  1236   20s
    78    82 15671.8369   24  437          - 15318.6831      -  1057   25s
   108   116 15787.2842   30  355          - 15318.6831      -  1007   30s
   148   156 16028.2249   41  383          - 15318.6831      -   942   35s
   155   172 16032.3926   42  371          - 15318.6831      -   928   43s
   185   194 16104.6836   46  375          - 15318.6831      -   842   46s
   243   257 16308.7784   58  375          - 15318.6831      -   740   51s
   295   295 17237.5687   74  307          - 15318.6831      -   694   55s
   336   347 18925.4589   91  309          - 15318.6831      -   686   60s
   395   360 20599.9026  121  241          - 15343.9027      -   651   65s
   426   390 15717.4212    9  601          - 15343.9027      -   681   70s
   448   414 15652.0748   12  566          - 15343.9027      -   703   76s
   465   433 15700.9177   17  544          - 15343.9027      -   724   80s
   486   455 15719.6860   18  566          - 15343.9027      -   739   85s
   511   484 15871.3245   21  482          - 15343.9027      -   752   90s
   555   520 15990.9270   29  508          - 15343.9027      -   757   97s
   571   530 16157.7822   34  494          - 15343.9027      -   757  100s
   604   564 16205.6879   39  477          - 15343.9027      -   764  111s
   639   597 16424.1012   41  511          - 15343.9027      -   770  117s
   652   612 16365.8035   42  509          - 15343.9027      -   779  120s
   691   663 16540.6761   52  426          - 15343.9027      -   779  126s
   718   696 16723.2452   57  493          - 15343.9027      -   773  130s
   761   702 15343.9027    6  508          - 15343.9027      -   752  135s
   776   712 16426.9073   51  610          - 15494.8458      -   737  140s
   791   722 15516.7983   11  600          - 15516.7983      -   723  145s
   796   725 16367.6257   61  646          - 15516.9448      -   719  150s
   810   736 15538.0261   20  535          - 15516.9518      -   751  155s
   826   746 16546.6260   77  638          - 15518.3563      -   737  160s
   830   752 15546.5435   31  471          - 15520.5562      -   765  170s
   834   755 15627.1012   32  459          - 15535.9023      -   766  178s
   836   756 15564.3738   33  446          - 15547.7518      -   766  180s
   840   759 15583.3541   34  495          - 15547.8604      -   768  185s
   847   764 15614.0788   36  514          - 15563.8228      -   778  190s
   865   777 15666.9590   41  575          - 15607.6461      -   786  195s
   884   791 15756.3883   46  528          - 15607.6461      -   794  200s
   901   803 15827.0059   51  537          - 15607.6461      -   804  206s
   919   815 15933.7943   56  545          - 15607.6461      -   819  211s
   938   828 16055.0583   61  572          - 15607.6461      -   833  217s
   949   836 16308.2799   63  529          - 15607.6461      -   844  221s
   963   848 16311.5822   67  537          - 15607.6461      -   855  225s
   988   865 16340.4211   74  519          - 15607.6461      -   873  231s
  1006   875 16342.3211   79  481          - 15607.6461      -   882  236s
  1026   892 16352.1570   84  465          - 15607.6461      -   894  241s
  1037   893 16546.8758   86  481          - 15607.6461      -   903  245s
  1056   915 16410.2524   92  478          - 15607.6461      -   913  252s
  1070   925 16519.0108   95  470          - 15607.6461      -   919  255s
  1100   948 16437.3278  103  448          - 15607.6461      -   928  262s
  1118   961 16479.4200  108  466          - 15607.6461      -   932  265s
  1152   983 16499.9093  118  438          - 15607.6461      -   942  273s
  1170   997 16520.9476  122  420          - 15607.6461      -   949  277s
  1190  1009 16536.9341  128  435          - 15607.6461      -   953  281s
  1209  1020 16603.6367  133  466          - 15607.6461      -   960  285s
  1244  1045 16744.8569  142  472          - 15607.6461      -   975  293s
  1263  1062 16895.7964  146  453          - 15607.6461      -   984  298s
  1286  1078 16784.0552  153  442          - 15607.6461      -   994  303s
  1310  1096 16838.0492  160  492          - 15607.6461      -  1005  309s
  1336  1105 16870.3636  166  474          - 15607.6461      -  1012  315s
  1358  1130 17152.2831  172  447          - 15607.6461      -  1018  322s
  1394  1141 infeasible  183               - 15607.6461      -  1022  328s
  1419  1159 17680.5563  189  449          - 15607.6461      -  1034  334s
  1451  1168 18094.8002  198  428          - 15607.6461      -  1039  340s
  1481  1188 18971.6438  206  354          - 15607.6461      -  1047  347s
  1519  1222 18692.0147  217  411          - 15607.6461      -  1049  354s
  1568  1254 18986.8670  232  320          - 15607.6461      -  1048  361s
  1630  1278 19164.6103  249  332          - 15607.6461      -  1043  370s
  1703  1304 19752.8044  268  271          - 15607.6461      -  1029  378s
  1774  1362 20147.1285  296  229          - 15607.6461      -  1017  387s
  1862  1348 infeasible  334               - 15608.1037      -   998  395s
  1893  1369 15685.7943   42  512          - 15608.1037      -  1008  403s
  1924  1390 15778.9015   51  547          - 15608.1037      -  1018  411s
  1960  1412 infeasible   54               - 15608.1037      -  1023  419s
  1986  1404 16468.6669   66  491          - 15608.1037      -  1024  422s
