




arguments: ./build/mirp_solver -f ./input/orig_exec_36.cfg
Current dir: /scratch/gui/bnc_mirp
File verbosity level: 9
date       time         ( uptime  ) [ thread name/id ]                   file:line     v| 
2021-01-09 03:01:07.775 (   0.240s) [main thread     ]             loguru.cpp:789   INFO| Logging to './output/vi_cus/OU/V5/Original/execution_09_01_2021_03_01_07.log', mode: 'a', verbosity: 9
--------------------------------------------------------------------------------
Parameters
                           instance_path           ./input/Instances/Original/1/
                            model_policy                                       1
                             nb_vehicles                                       5
                              output_dir         ./output/vi_cus/OU/V5/Original/
                            sec_strategy                                       1
                       solver_nb_threads                                       2
                         solver_show_log                                    true
                       solver_time_limit                                    3600
                              use_vi_cos                                   false
                              use_vi_cus                                    true
                         use_vi_hc1_full                                   false
                         use_vi_hc1_half                                   false
                      use_vi_hc1_quarter                                   false
                              use_vi_hc2                                   false
                              use_vi_hc3                                   false
                         use_vi_lex_full                                   false
                         use_vi_lex_half                                   false
                      use_vi_lex_quarter                                   false
                              use_vi_qua                                   false
                               use_vi_vc                                   false
                               use_vi_vr                                   false
--------------------------------------------------------------------------------
executing instance: ./input/Instances/Original/1/absH3high_1n5.dat
--------------------------------------------------------------------------------
Instance details
n	6
H	3
C	289
Li:
[0, 0, 0, 0, 0, 0, ]
Ui:
[0, 195, 105, 116, 72, 22, ]
Distance matrix:
|0	85	349	17	203	289	|
|85	0	265	102	214	226	|
|349	265	0	366	368	238	|
|17	102	366	0	207	302	|
|203	214	368	207	0	431	|
|289	226	238	302	431	0	|

--------------------------------------------------------------------------------
Building model...
	using lazy and cut (CVRPSEP package)
Solving IRP LP...
--------------------------------------------------------------------------------

Gurobi 9.1.0 (linux64) logging started Sat Jan  9 03:01:07 2021

Gurobi Optimizer version 9.1.0 build v9.1.0rc0 (linux64)
Thread count: 32 physical cores, 32 logical processors, using up to 2 threads
Optimize a model with 249 rows, 414 columns and 1449 nonzeros
Model fingerprint: 0x77fa6224
Variable types: 99 continuous, 315 integer (90 binary)
Coefficient statistics:
  Matrix range     [1e+00, 2e+02]
  Objective range  [2e-01, 4e+02]
  Bounds range     [1e+00, 2e+02]
  RHS range        [1e+01, 5e+02]
Presolve removed 24 rows and 6 columns
Presolve time: 0.01s
Presolved: 225 rows, 408 columns, 1264 nonzeros
Variable types: 93 continuous, 315 integer (240 binary)

Root relaxation: objective 1.950909e+03, 474 iterations, 0.01 seconds

    Nodes    |    Current Node    |     Objective Bounds      |     Work
 Expl Unexpl |  Obj  Depth IntInf | Incumbent    BestBd   Gap | It/Node Time

     0     0 1950.90949    0   45          - 1950.90949      -     -    0s
     0     0 infeasible    0               - infeasible      -     -    0s

Cutting planes:
  Gomory: 20
  Cover: 10
  Implied bound: 1
  Clique: 1
  MIR: 23
  Flow cover: 24
  Mod-K: 2
  RLT: 15

Explored 1 nodes (762 simplex iterations) in 0.07 seconds
Thread count was 2 (of 32 available processors)

Solution count 0

Model is infeasible
Best objective -, best bound -, gap -

User-callback calls 89, time in user-callback 0.00 sec

Computing Irreducible Inconsistent Subsystem (IIS)...

           Constraints          |            Bounds           |  Runtime
      Min       Max     Guess   |   Min       Max     Guess   |
--------------------------------------------------------------------------
        0       249         -         0       569         -           0s
       36        36         -        61        61        61           5s
       36        36         -        61        61         -           8s

IIS computed: 36 constraints, 61 bounds
IIS runtime: 7.79 seconds
================================================================================
executing instance: ./input/Instances/Original/1/absH3high_1n45.dat
--------------------------------------------------------------------------------
Instance details
n	46
H	3
C	3462
Li:
[0, 0, 0, 0, 0, 0, 0, 0, 0, 0, 0, 0, 0, 0, 0, 0, 0, 0, 0, 0, 0, 0, 0, 0, 0, 0, 0, 0, 0, 0, 0, 0, 0, 0, 0, 0, 0, 0, 0, 0, 0, 0, 0, 0, 0, 0, ]
Ui:
[0, 273, 270, 36, 165, 192, 148, 45, 30, 75, 180, 198, 112, 117, 90, 64, 180, 22, 264, 174, 168, 270, 86, 66, 26, 66, 237, 156, 92, 108, 144, 72, 30, 45, 94, 54, 174, 96, 198, 136, 44, 180, 210, 249, 198, 48, ]
Distance matrix:
|0	281	201	160	249	201	93	431	236	139	252	136	116	166	390	110	349	374	303	180	327	464	236	70	44	461	346	439	363	254	312	426	305	206	71	137	169	200	247	260	20	219	256	253	460	278	|
|281	0	448	170	53	142	338	184	121	290	371	390	222	302	111	289	169	434	230	177	238	441	59	212	319	211	86	235	399	306	53	176	99	202	263	157	361	101	370	201	264	344	364	374	469	184	|
|201	448	0	285	430	325	114	556	361	171	191	64	228	174	546	294	453	306	364	289	388	435	393	254	157	585	491	536	318	254	490	554	436	407	266	292	108	388	186	337	207	181	205	190	408	364	|
|160	170	285	0	169	43	182	280	80	120	208	231	58	132	262	230	190	294	151	24	174	345	112	107	183	309	207	280	268	158	219	276	155	235	187	45	192	150	205	107	140	177	202	210	356	119	|
|249	53	430	169	0	152	317	238	145	282	377	369	212	299	157	242	215	452	261	183	273	474	76	181	290	264	140	287	421	320	63	229	145	148	221	142	352	53	374	226	234	346	370	378	498	215	|
|201	142	325	43	152	0	224	237	37	156	230	273	101	164	224	261	148	300	127	38	147	333	83	142	225	266	167	238	270	168	193	233	112	246	221	70	228	148	228	84	180	202	222	232	351	87	|
|93	338	114	182	317	224	0	460	262	92	180	52	124	112	440	199	364	307	292	191	317	415	284	140	57	490	387	452	304	208	377	457	336	297	163	181	84	274	175	256	95	152	188	180	402	280	|
|431	184	556	280	238	237	460	0	199	385	420	508	337	385	108	464	110	429	219	269	206	378	202	365	460	30	98	84	388	340	204	9	126	386	432	294	453	283	421	226	411	404	408	423	422	198	|
|236	121	361	80	145	37	262	199	0	191	255	310	138	197	191	290	114	312	118	72	133	330	69	175	262	229	132	204	279	186	174	195	75	258	251	102	262	153	254	81	216	230	246	257	353	72	|
|139	290	171	120	282	156	92	385	191	0	116	129	71	27	380	246	283	235	201	119	226	329	231	141	129	414	323	367	224	119	336	383	266	308	202	141	72	252	112	169	127	82	118	117	322	195	|
|252	371	191	208	377	230	180	420	255	116	0	187	178	90	443	361	311	127	204	195	224	246	313	257	232	446	382	380	129	81	423	421	320	422	318	242	100	355	5	195	241	34	15	2	225	224	|
|136	390	64	231	369	273	52	508	310	129	187	0	173	141	491	233	409	313	330	239	355	431	335	191	93	538	438	495	316	233	429	505	385	342	203	233	88	325	182	297	143	167	199	187	412	323	|
|116	222	228	58	212	101	124	337	138	71	178	173	0	91	319	206	244	284	187	69	212	357	165	85	130	367	265	333	264	151	267	333	213	244	161	70	140	181	175	145	97	145	177	180	359	165	|
|166	302	174	132	299	164	112	385	197	27	90	141	91	0	388	273	280	208	191	127	215	305	243	167	153	413	329	361	198	96	351	383	270	333	229	159	68	272	86	163	153	56	92	91	296	190	|
|390	111	546	262	157	224	440	108	191	380	443	491	319	388	0	399	164	480	264	261	261	456	156	320	426	125	62	186	442	369	107	99	125	300	374	260	452	210	443	252	372	420	433	446	494	227	|
|110	289	294	230	242	261	199	464	290	246	361	233	206	273	399	0	402	480	382	254	404	562	262	124	143	493	369	490	466	355	302	457	344	135	45	191	279	189	356	337	120	328	364	362	563	348	|
|349	169	453	190	215	148	364	110	114	283	311	409	244	280	164	402	0	324	110	174	101	292	151	289	372	135	109	90	284	230	212	111	70	354	364	216	348	245	312	118	329	295	298	313	330	90	|
|374	434	306	294	452	300	307	429	312	235	127	313	284	208	480	480	324	0	216	274	223	137	380	368	357	448	419	367	40	136	487	432	358	525	436	336	227	443	132	234	361	156	119	127	102	255	|
|303	230	364	151	261	127	292	219	118	201	204	330	187	191	264	382	110	216	0	128	25	213	185	258	314	243	203	176	178	123	282	221	144	372	338	193	256	270	206	45	283	193	191	206	239	46	|
|180	177	289	24	183	38	191	269	72	119	195	239	69	127	261	254	174	274	128	0	151	321	118	130	198	299	204	263	246	139	228	266	147	258	211	68	191	169	193	83	159	166	188	197	333	98	|
|327	238	388	174	273	147	317	206	133	226	224	355	212	215	261	404	101	223	25	151	0	203	198	281	339	228	202	156	184	143	288	209	146	390	362	215	280	286	226	68	308	215	210	226	235	61	|
|464	441	435	345	474	333	415	378	330	329	246	431	357	305	456	562	292	137	213	321	203	0	398	440	458	390	400	301	117	211	492	384	348	578	517	389	344	480	251	251	448	265	233	246	54	259	|
|236	59	393	112	76	83	284	202	69	231	313	335	165	243	156	262	151	380	185	118	198	398	0	167	270	231	110	233	347	250	110	195	85	203	230	103	303	95	311	150	217	284	305	315	422	139	|
|70	212	254	107	181	142	140	365	175	141	257	191	85	167	320	124	289	368	258	130	281	440	167	0	109	394	277	378	349	236	244	359	239	167	81	73	196	135	253	213	53	223	257	258	444	226	|
|44	319	157	183	290	225	57	460	262	129	232	93	130	153	426	143	372	357	314	198	339	458	270	109	0	490	379	462	351	247	353	456	334	250	110	168	140	243	226	274	56	201	238	232	449	294	|
|461	211	585	309	264	266	490	30	229	414	446	538	367	413	125	493	135	448	243	299	228	390	231	394	490	0	125	89	408	365	226	36	156	412	462	324	481	311	447	253	441	430	433	448	436	225	|
|346	86	491	207	140	167	387	98	132	323	382	438	265	329	62	369	109	419	203	204	202	400	110	277	379	125	0	155	381	307	113	90	63	288	339	211	394	186	382	190	327	359	371	384	436	165	|
|439	235	536	280	287	238	452	84	204	367	380	495	333	361	186	490	90	367	176	263	156	301	233	378	462	89	155	0	326	299	267	92	148	432	454	306	429	325	382	199	419	369	366	382	348	172	|
|363	399	318	268	421	270	304	388	279	224	129	316	264	198	442	466	284	40	178	246	184	117	347	349	351	408	381	326	0	113	452	391	321	502	422	311	229	415	134	199	348	152	118	130	98	219	|
|254	306	254	158	320	168	208	340	186	119	81	233	151	96	369	355	230	136	123	139	143	211	250	236	247	365	307	299	113	0	359	340	244	390	310	200	148	308	83	117	238	74	68	83	208	145	|
|312	53	490	219	63	193	377	204	174	336	423	429	267	351	107	302	212	487	282	228	288	492	110	244	353	226	113	267	452	359	0	195	145	194	283	199	407	115	421	254	296	394	415	425	521	237	|
|426	176	554	276	229	233	457	9	195	383	421	505	333	383	99	457	111	432	221	266	209	384	195	359	456	36	90	92	391	340	195	0	122	378	426	289	451	275	421	226	406	404	408	423	427	197	|
|305	99	436	155	145	112	336	126	75	266	320	385	213	270	125	344	70	358	144	147	146	348	85	239	334	156	63	148	321	244	145	122	0	286	310	168	336	177	320	128	285	298	309	322	381	103	|
|206	202	407	235	148	246	297	386	258	308	422	342	244	333	300	135	354	525	372	258	390	578	203	167	250	412	288	432	502	390	194	378	286	0	144	191	362	109	418	329	202	388	421	423	591	329	|
|71	263	266	187	221	221	163	432	251	202	318	203	161	229	374	45	364	436	338	211	362	517	230	81	110	462	339	454	422	310	283	426	310	144	0	150	239	168	313	294	77	285	321	319	518	306	|
|137	157	292	45	142	70	181	294	102	141	242	233	70	159	260	191	216	336	193	68	215	389	103	73	168	324	211	306	311	200	199	289	168	191	150	0	210	113	239	148	117	210	238	244	400	157	|
|169	361	108	192	352	228	84	453	262	72	100	88	140	68	452	279	348	227	256	191	280	344	303	196	140	481	394	429	229	148	407	451	336	362	239	210	0	318	95	231	164	79	111	100	325	258	|
|200	101	388	150	53	148	274	283	153	252	355	325	181	272	210	189	245	443	270	169	286	480	95	135	243	311	186	325	415	308	115	275	177	109	168	113	318	0	352	230	187	323	351	357	498	225	|
|247	370	186	205	374	228	175	421	254	112	5	182	175	86	443	356	312	132	206	193	226	251	311	253	226	447	382	382	134	83	421	421	320	418	313	239	95	352	0	196	237	30	19	6	230	224	|
|260	201	337	107	226	84	256	226	81	169	195	297	145	163	252	337	118	234	45	83	68	251	150	213	274	253	190	199	199	117	254	226	128	329	294	148	231	230	196	0	240	178	184	198	272	29	|
|20	264	207	140	234	180	95	411	216	127	241	143	97	153	372	120	329	361	283	159	308	448	217	53	56	441	327	419	348	238	296	406	285	202	77	117	164	187	237	240	0	208	245	242	446	257	|
|219	344	181	177	346	202	152	404	230	82	34	167	145	56	420	328	295	156	193	166	215	265	284	223	201	430	359	369	152	74	394	404	298	388	285	210	79	323	30	178	208	0	37	35	250	206	|
|256	364	205	202	370	222	188	408	246	118	15	199	177	92	433	364	298	119	191	188	210	233	305	257	238	433	371	366	118	68	415	408	309	421	321	238	111	351	19	184	245	37	0	17	214	212	|
|253	374	190	210	378	232	180	423	257	117	2	187	180	91	446	362	313	127	206	197	226	246	315	258	232	448	384	382	130	83	425	423	322	423	319	244	100	357	6	198	242	35	17	0	225	226	|
|460	469	408	356	498	351	402	422	353	322	225	412	359	296	494	563	330	102	239	333	235	54	422	444	449	436	436	348	98	208	521	427	381	591	518	400	325	498	230	272	446	250	214	225	0	285	|
|278	184	364	119	215	87	280	198	72	195	224	323	165	190	227	348	90	255	46	98	61	259	139	226	294	225	165	172	219	145	237	197	103	329	306	157	258	225	224	29	257	206	212	226	285	0	|

--------------------------------------------------------------------------------
Building model...
	using lazy and cut (CVRPSEP package)
Solving IRP LP...
--------------------------------------------------------------------------------

Gurobi 9.1.0 (linux64) logging started Sat Jan  9 03:01:16 2021

Gurobi Optimizer version 9.1.0 build v9.1.0rc0 (linux64)
Thread count: 32 physical cores, 32 logical processors, using up to 2 threads
Optimize a model with 1849 rows, 17074 columns and 39529 nonzeros
Model fingerprint: 0x4e77bc10
Variable types: 859 continuous, 16215 integer (690 binary)
Coefficient statistics:
  Matrix range     [1e+00, 7e+02]
  Objective range  [1e-01, 6e+02]
  Bounds range     [1e+00, 3e+02]
  RHS range        [1e+01, 6e+03]
Presolve removed 184 rows and 46 columns
Presolve time: 0.06s
Presolved: 1665 rows, 17028 columns, 37904 nonzeros
Variable types: 813 continuous, 16215 integer (15540 binary)

Root relaxation: objective 1.323538e+04, 2064 iterations, 0.11 seconds

    Nodes    |    Current Node    |     Objective Bounds      |     Work
 Expl Unexpl |  Obj  Depth IntInf | Incumbent    BestBd   Gap | It/Node Time

     0     0 13235.3799    0  143          - 13235.3799      -     -    0s
     0     0 13589.2419    0  215          - 13589.2419      -     -    0s
     0     0 13589.2419    0  206          - 13589.2419      -     -    1s
     0     0 13865.4765    0  226          - 13865.4765      -     -    1s
     0     0 13920.5189    0  258          - 13920.5189      -     -    1s
     0     0 13920.5189    0  256          - 13920.5189      -     -    1s
     0     0 14073.6316    0  275          - 14073.6316      -     -    2s
     0     0 14090.0218    0  272          - 14090.0218      -     -    2s
     0     0 14090.2221    0  286          - 14090.2221      -     -    2s
     0     0 14175.6622    0  288          - 14175.6622      -     -    3s
     0     0 14187.1857    0  230          - 14187.1857      -     -    3s
     0     0 14188.2714    0  281          - 14188.2714      -     -    3s
     0     0 14188.2714    0  283          - 14188.2714      -     -    4s
     0     0 14268.1018    0  326          - 14268.1018      -     -    4s
     0     0 14290.3688    0  276          - 14290.3688      -     -    5s
     0     0 14291.9759    0  288          - 14291.9759      -     -    5s
     0     0 14293.8592    0  298          - 14293.8592      -     -    5s
     0     0 14303.0088    0  304          - 14303.0088      -     -    5s
     0     0 14303.8353    0  306          - 14303.8353      -     -    5s
     0     0 14331.8123    0  285          - 14331.8123      -     -    6s
     0     0 14336.1278    0  305          - 14336.1278      -     -    6s
     0     0 14338.3462    0  358          - 14338.3462      -     -    7s
     0     0 14340.1701    0  322          - 14340.1701      -     -    7s
     0     0 14341.6726    0  376          - 14341.6726      -     -    7s
     0     0 14343.1113    0  373          - 14343.1113      -     -    7s
     0     0 14344.1750    0  347          - 14344.1750      -     -    8s
     0     0 14398.9156    0  337          - 14398.9156      -     -    9s
     0     0 14427.1348    0  372          - 14427.1348      -     -    9s
     0     0 14464.6616    0  406          - 14464.6616      -     -   10s
     0     0 14481.0410    0  345          - 14481.0410      -     -   10s
     0     0 14481.4369    0  394          - 14481.4369      -     -   10s
     0     0 14511.1138    0  372          - 14511.1138      -     -   11s
     0     0 14517.5164    0  401          - 14517.5164      -     -   11s
     0     0 14518.8062    0  490          - 14518.8062      -     -   11s
     0     0 14534.4460    0  404          - 14534.4460      -     -   12s
     0     0 14537.7082    0  457          - 14537.7082      -     -   12s
     0     0 14540.8051    0  490          - 14540.8051      -     -   13s
     0     0 14541.6446    0  485          - 14541.6446      -     -   13s
     0     0 14546.9873    0  419          - 14546.9873      -     -   14s
     0     0 14548.6963    0  291          - 14548.6963      -     -   16s
     0     2 14548.7700    0  357          - 14548.7700      -     -   21s
     5     8 14549.5668    3  462          - 14549.5668      -   777   25s
    21    24 14596.4597    7  450          - 14549.5668      -   792   30s
    48    54 14611.2796   15  424          - 14549.5668      -   550   35s
    72    76 14686.6863   23  426          - 14549.5668      -   540   40s
    88    94 14672.4770   27  366          - 14549.5668      -   548   45s
   109   119 14747.6207   34  395          - 14549.5668      -   563   50s
   143   152 14800.3561   46  372          - 14549.5668      -   519   55s
   169   178 14984.5933   52  297          - 14549.5668      -   507   60s
   196   208 infeasible   59               - 14549.5668      -   500   69s
   209   218 15004.7616   64  290          - 14549.5668      -   493   71s
   230   240 15124.6545   73  306          - 14549.5668      -   493   75s
   253   263 15198.3068   79  324          - 14549.5668      -   489   80s
   280   295 15306.0469   88  298          - 14549.5668      -   487   86s
   330   354 15486.4841  101  272          - 14549.5668      -   453   92s
   369   383 15950.8417  110  195          - 14549.5668      -   432   95s
   417   453 15927.5074  127  261          - 14549.5668      -   410  100s
   494   495 16107.8310  148  186          - 14549.5668      -   377  126s
   531   596 16472.9579  157  109          - 14549.5668      -   370  132s
   608   708 infeasible  177               - 14549.5668      -   342  136s
   730   847 17911.3227  222  140          - 14549.5668      -   300  141s
   878   938 15023.2372   31  395          - 14549.5668      -   262  146s
   969  1036 15088.5687   33  401          - 14549.5668      -   244  150s
  1096  1087 21391.5800  427    4          - 14549.5668      -   224  155s
  1143  1104 17645.3227  198  167          - 14549.5668      -   223  161s
  1148  1108 20946.2109  397  368          - 14549.5668      -   222  165s
  1156  1113 18559.6277  269  527          - 14570.8271      -   220  170s
  1166  1120 14908.5475   45  455          - 14580.0367      -   218  175s
  1174  1125 21332.6450  421  587          - 14596.2378      -   217  180s
  1175  1126 16018.0112  129  638          - 14600.7572      -   216  185s
  1186  1133 18738.9506  287  621          - 14626.7470      -   214  190s
  1195  1139 15258.0543   66  567          - 14631.0670      -   213  195s
  1203  1144 17662.7236  196  684          - 14631.7713      -   211  200s
  1212  1150 16791.2966  173  654          - 14632.9598      -   210  206s
  1216  1153 14633.1711    8  657          - 14633.1711      -   209  210s
  1224  1158 17069.0672  172  700          - 14635.9295      -   208  215s
  1233  1164 17673.9737  201  688          - 14636.4570      -   206  220s
  1242  1170 15639.6494  114  687          - 14636.6146      -   205  227s
  1253  1178 14829.8495   48  649          - 14636.9325      -   203  230s
  1264  1185 19120.5769  311  691          - 14637.0726      -   201  235s
  1274  1192 21332.6450  421  687          - 14637.1398      -   200  240s
  1284  1199 14637.1398    4  387          - 14637.1398      -   224  245s
  1302  1211 19509.5416  338  658          - 14637.1398      -   221  251s
  1306  1214 15117.9645   40  697          - 14637.1398      -   221  257s
  1309  1216 15566.2117   86  695          - 14643.0477      -   220  286s
  1316  1224 14648.1348   27  531          - 14643.0477      -   234  290s
  1326  1230 14743.7678   29  469          - 14649.3843      -   239  295s
  1336  1237 14668.4472   32  430          - 14656.0518      -   245  300s
  1352  1251 14679.5151   37  436          - 14656.0518      -   250  305s
  1371  1263 14716.0983   41  379          - 14656.0518      -   255  310s
  1390  1275 14771.0702   46  364          - 14656.0518      -   259  315s
  1420  1300 14912.5922   53  384          - 14656.0518      -   266  321s
  1443  1313 14955.0150   58  401          - 14656.0518      -   269  325s
  1470  1332 15022.5713   65  411          - 14656.0518      -   275  330s
  1503  1351 15110.9341   74  443          - 14656.0518      -   279  336s
  1523  1364 15128.2652   80  386          - 14656.0518      -   283  340s
  1545  1378 15180.0961   85  283          - 14656.0518      -   289  346s
  1570  1390 15200.3238   92  393          - 14656.0518      -   294  351s
  1579  1398 15221.5741   94  333          - 14656.0518      -   297  355s
  1608  1412 15233.1737  101  375          - 14656.0518      -   305  360s
  1646  1438 15254.4254  107  348          - 14656.0518      -   308  367s
  1666  1450 15306.5278  111  367          - 14656.0518      -   311  370s
  1713  1489 15444.6481  121  337          - 14656.0518      -   313  376s
  1740  1504 15358.9601  128  337          - 14656.0518      -   314  380s
  1790  1540 15405.6185  139  350          - 14656.0518      -   318  387s
  1816  1566 15459.1936  144  384          - 14656.0518      -   320  391s
  1851  1585 15514.6422  150  311          - 14656.0518      -   321  396s
  1882  1603 15542.5767  157  373          - 14656.0518      -   323  400s
  1941  1653 15593.9903  169  412          - 14656.0518      -   327  409s
  1951  1650 16818.4790  197  263          - 14656.0518      -   329  410s
  1986  1699 15615.4289  174  382          - 14656.0518      -   327  415s
  2049  1686 15646.6651  181  375          - 14656.0518      -   326  420s
  2071  1694 15823.5216  186  334          - 14656.0518      -   329  425s
  2094  1702 14741.3611   37  325          - 14656.0518      -   338  430s
  2122  1731 15758.1114  202  361          - 14656.0518      -   344  439s
  2142  1747 15834.1430  207  378          - 14656.0518      -   349  444s
  2165  1761 infeasible  213               - 14656.0518      -   353  449s
  2188  1781 15778.6976  220  373          - 14656.0518      -   358  455s
  2216  1801 15801.4838  227  361          - 14656.0518      -   363  461s
  2247  1833 15814.8770  233  368          - 14656.0518      -   367  467s
  2294  1854 15838.6044  242  397          - 14656.0518      -   370  474s
  2338  1871 15939.3587  249  333          - 14656.0518      -   373  481s
  2408  1881 15863.1046  257  391          - 14656.0518      -   372  488s
  2424  1875 14760.7027   38  373          - 14656.0518      -   375  490s
  2441  1908 15885.4641  265  384          - 14656.0518      -   376  497s
  2479  1942 15927.8412  276  405          - 14656.0518      -   378  504s
  2526  1987 16012.0315  291  356          - 14656.0518      -   379  512s
  2593  2023 16024.3252  306  351          - 14656.0518      -   378  522s
  2651  2063 16078.9337  318  273          - 14656.0518      -   379  545s
  2714  2106 16189.2859  335  267          - 14656.0518      -   380  554s
  2782  2167 16319.3232  351  249          - 14656.0518      -   380  562s
  2868  2245 16459.6722  372  261          - 14656.0518      -   378  572s
  2995  2316 17049.1716  400  202          - 14656.0518      -   371  582s
  3113  2277 infeasible  155               - 14656.0518      -   362  585s
  3128  2396 18642.7331  459  176          - 14680.9899      -   363  594s
  3186  2376 19497.2759  487  116          - 14680.9899      -   359  595s
  3315  2355 14753.4600   35  397          - 14680.9899      -   352  604s
  3337  2377 14807.0748   38  237          - 14680.9899      -   354  612s
  3366  2416 14854.9497   41  302          - 14680.9899      -   358  621s
  3415  2451 15024.9843   51  302          - 14680.9899      -   358  630s
  3466  2507 14989.3421   57  287          - 14680.9899      -   358  640s
  3539  2580 15085.6704   66  238          - 14680.9899      -   357  653s
  3634  2548 15602.4419  116  155          - 14680.9899      -   355  655s
  3636  2677 15213.2050   81  208          - 14680.9899      -   355  667s
  3766  2741 15515.0743   98  187          - 14680.9899      -   350  680s
  3877  2834 15704.9749  107  184          - 14680.9899      -   348  695s
  4007  2960 16021.7095  131  165          - 14680.9899      -   344  710s
  4188  3077 16446.1585  167  181          - 14680.9899      -   337  726s
  4384  3161 16826.3074  186  140          - 14680.9899      -   330  755s
  4583  3255 17789.4159  212  132          - 14680.9899      -   323  772s
  4743  3440 18406.5620  253   84          - 14680.9899      -   319  789s
  4779  3428 18477.1353  260   98          - 14680.9899      -   317  790s
  4984  3421 19546.3882  289   62          - 14681.3675      -   311  805s
  5082  3471 14934.4058   38  436          - 14681.3675      -   311  819s
  5132  3535 15019.8663   48  339          - 14681.3675      -   312  832s
  5198  3604 15121.6875   62  242          - 14681.3675      -   312  846s
  5267  3677 15244.4885   76  178          - 14681.3675      -   313  862s
  5344  3784 15451.6301  104  198          - 14681.3675      -   314  877s
  5453  3924 15711.9806  121  142          - 14681.3675      -   314  895s
  5603  4222 15730.9586  151  125          - 14681.3675      -   312  917s
  5876  4222 16274.2332  112  203          - 14681.3675      -   305  921s
  5919  4377 16582.0347  208   82          - 14681.3675      -   304  947s
  6186  4418 14974.7553   42  404          - 14685.6387      -   298  967s
  6227  4480 15105.4740   53  336          - 14685.6387      -   301  988s
  6289  4534 15247.8373   67  249          - 14685.6387      -   302 1008s
  6343  4618 15328.0926   78  316          - 14685.6387      -   303 1047s
  6427  4750 15502.1551  100  214          - 14685.6387      -   304 1068s
  6559  5058 15736.2172  122  181          - 14685.6387      -   304 1096s
  6867  5331 16487.3495  183  113          - 14687.2230      -   299 1124s
  6922  5331 16714.3298  195   99          - 14687.2230      -   297 1125s
  7227  5387 14817.5971   39  496          - 14687.2230      -   290 1151s
  7253  5387 infeasible  189               - 14687.2230      -   291 1177s
  7317  5595 14898.5617   51  248          - 14687.2230      -   291 1221s
  7464  5595 15223.8280   64  287          - 14687.2230      -   293 1225s
  7525  6312 15465.6390   97  186          - 14690.2284      -   294 1279s
  7543  6312 15547.1282  104  215          - 14690.2284      -   293 1280s
  7814  6312 17001.7718  180   99          - 14690.2284      -   288 1285s
  8387  6353 14758.0727   38  438          - 14690.4155      -   277 1307s
  8424  6399 14952.8478   48  347          - 14690.4155      -   279 1344s
  8470  6464 15058.5608   58  414          - 14690.4155      -   280 1363s
  8535  6542 15237.0621   70  333          - 14690.4155      -   281 1384s
  8613  6655 15378.7290   86  296          - 14690.4155      -   281 1403s
  8667  6655 15697.1919  109  192          - 14690.4155      -   282 1405s
  8726  6896 15719.6780  111  215          - 14690.4155      -   282 1433s
  8836  6896 16269.4918  146  125          - 14690.4155      -   281 1435s
  8973  7289 16294.1083  157  104          - 14698.7318      -   280 1458s
  9082  7289 16819.7904  185   61          - 14698.7318      -   278 1460s
  9401  7473 15082.6564   44  331          - 14698.7318      -   273 1496s
  9663  7547 15287.2747   53  389          - 14698.7318      -   270 1515s
  9728  7638 15402.2779   66  272          - 14698.7318      -   271 1533s
  9819  7760 15580.3156   90  257          - 14698.7318      -   272 1559s
  9856  7760 15690.9813  105  239          - 14698.7318      -   272 1560s
  9945  7970 15948.2672  112  170          - 14698.7318      -   273 1581s
 10171  7970 16873.9122  139  160          - 14698.7318      -   271 1585s
 10179  8141 16033.4457  140  218          - 14698.7318      -   271 1612s
 10339  8141 17128.9526  149  166          - 14698.7318      -   270 1615s
 10387  8274 16825.6028  186  122          - 14701.7878      -   270 1635s
 10538  8308 14985.8899   34  355          - 14701.7878      -   271 1662s
 10591  8379 15133.5717   46  389          - 14701.7878      -   273 1681s
 10664  8476 15285.7967   62  201          - 14701.7878      -   274 1706s
 10763  8636 15489.8381   84  159          - 14701.7878      -   275 1730s
 10923  8994 15845.3383  112  150          - 14705.7476      -   275 1766s
 11427  9064 14855.2719   29  521          - 14706.7393      -   270 1791s
 11473  9136 15420.5056   44  407          - 14706.7393      -   271 1816s
 11545  9242 15595.4923   53  357          - 14706.7393      -   272 1837s
 11651  9457 15756.0966   80  307          - 14706.7393      -   273 1871s
 11801  9457 16019.2212  138   80          - 14706.7393      -   272 1875s
 11866  9695 16013.6503  108  251          - 14706.7393      -   272 1900s
 12138  9888 16547.2689  130  249          - 14706.7393      -   270 1927s
 12247  9888 16900.3738  175  165          - 14706.7393      -   269 1930s
 12334 10034 16867.8042  200  120          - 14707.0010      -   269 1956s
 12534 10136 14914.4822   47  294          - 14707.0010      -   268 1978s
 12640 10347 15102.7553   63  166          - 14707.0010      -   269 2011s
 12851 10677 15566.5708   96  119          - 14707.0815      -   269 2042s
 13050 10677 17977.4376  175  122          - 14707.5965      -   268 2045s
 13341 10776 15019.7565   41  415          - 14707.6846      -   263 2090s
 13395 10853 15238.4560   57  411          - 14707.6846      -   264 2109s
 13474 10946 15335.9862   65  365          - 14707.6846      -   265 2141s
 13567 11157 15430.4918   67  336          - 14707.6846      -   266 2167s
 13732 11157 16384.5699  141   43          - 14707.6846      -   266 2171s
 13816 11242 15550.8266   85  329          - 14707.6846      -   265 2189s
 13834 11242 15585.8419   95  247          - 14707.6846      -   265 2190s
 13894 11389 15743.6857  104  137          - 14707.6846      -   266 2219s
 13948 11389 15940.0606  121  106          - 14707.6846      -   265 2220s
 14041 11614 16233.6575  133  162          - 14707.6846      -   266 2246s
 14270 11783 18347.0968  197   73          - 14712.1288      -   265 2291s
 14493 11857 15261.7075   48  307          - 14712.3891      -   264 2316s
 14559 11956 15626.6971   64  264          - 14712.3891      -   265 2344s
 14577 11956 15759.0478   71  243          - 14712.3891      -   266 2345s
 14658 12106 16076.8386   84  226          - 14712.3891      -   266 2369s
 14694 12106 16348.6894   99  185          - 14712.3891      -   267 2370s
 14808 12273 16659.9694  116  163          - 14712.4633      -   267 2418s
 14827 12273 16786.8909  120  136          - 14712.4633      -   267 2427s
 15011 12588 15078.9428   47  381          - 14712.4633      -   266 2458s
 15392 12803 15368.2294   61  228          - 14712.4633      -   264 2498s
 15410 12803 15439.3064   65  178          - 14712.4633      -   264 2500s
 15700 12969 15843.5887   86  125          - 14712.4633      -   262 2530s
 15820 13132 16437.4123  126   82          - 14712.6566      -   263 2563s
 15969 13147 17430.8500  165   15          - 14712.6566      -   261 2565s
 16053 13209 15535.0567   46  480          - 14712.6566      -   262 2585s
 16111 13300 15681.7920   60  322          - 14712.6566      -   263 2618s
 16206 13478 15977.9375   83  264          - 14712.6566      -   264 2645s
 16409 13590 16580.0314  153  118          - 14713.1317      -   264 2684s
 16429 13590 16608.6272  163  164          - 14713.1317      -   263 2686s
 16558 13690 15347.7502   51  392          - 14713.1317      -   264 2710s
 16682 13779 15889.3310   71  305          - 14713.1317      -   265 2751s
 16845 13843 16564.9551  107  186          - 14718.2976      -   264 2775s
 16938 13934 15143.4489   48  337          - 14718.2976      -   265 2800s
 17031 14109 15442.2132   71  195          - 14718.2976      -   266 2826s
 17205 14109 15923.2029  100  215          - 14718.2976      -   266 2830s
 17206 14334 15875.9135  107  104          - 14718.8415      -   266 2856s
 17445 14334 16070.4246  111  176          - 14719.2204      -   265 2860s
 17496 14404 14789.2920   43  417          - 14719.2204      -   265 2881s
 17566 14538 15073.8959   59  216          - 14719.2204      -   266 2905s
 17700 14722 15436.1300   83  203          - 14719.2204      -   266 2935s
 17892 14915 15756.7819  109  128          - 14719.2204      -   266 2962s
 18045 14915 17094.9753  148  138          - 14719.2204      -   266 2965s
 18108 15131 16311.9844  145   62          - 14719.5548      -   267 2991s
 18352 15223 15278.1764   49  374          - 14719.5548      -   266 3016s
 18444 15486 15434.7490   61  367          - 14719.5548      -   267 3161s
 18628 15486 16279.0510  147   83          - 14719.5548      -   267 3165s
 18727 15661 15672.0732   78  382          - 14719.5548      -   266 3192s
 18887 15676 17681.8100  193    -          - 14719.5548      -   265 3195s
 18972 15860 15948.5283  101  283          - 14719.5548      -   265 3232s
 18990 15860 15940.4609  107  266          - 14719.5548      -   265 3237s
 19090 15860 16179.5536   75  248          - 14719.5548      -   266 3240s
 19133 16022 16088.3867  119  329          - 14719.5548      -   266 3265s
 19339 16162 16431.3389  147  240          - 14719.5548      -   266 3309s
 19357 16162 16558.9904  154  181          - 14719.5548      -   266 3310s
 19496 16275 17405.1651  191  158          - 14722.6593      -   266 3336s
 19652 16429 15529.5018   55  465          - 14722.6593      -   267 3392s
 19673 16429 15766.9620   64  385          - 14722.6593      -   268 3405s
 19808 16710 15895.3033   72  344          - 14722.6593      -   267 3436s
 19967 16710 16533.5340  145   97          - 14722.6593      -   267 3440s
 20140 16845 16550.2472  113  250          - 14730.6715      -   266 3465s
 20299 17016 15096.1238   29  475          - 14730.6715      -   267 3498s
 20482 17333 15783.5597   54  374          - 14730.6715      -   267 3550s
 20531 17333 16182.7711  110  139          - 14730.6715      -   267 3555s
 20642 17333 17101.8418  146   22          - 14730.6715      -   267 3560s
 20882 17455 16014.6351   75  337          - 14730.6715      -   265 3585s
 20975 17523 16328.3614   97  223          - 14730.6715      -   266 3600s

Cutting planes:
  User: 5512
  Gomory: 14
  Cover: 535
  Implied bound: 79
  Clique: 8
  MIR: 165
  Flow cover: 460
  Zero half: 11
  RLT: 420
  Relax-and-lift: 6
  Lazy constraints: 860

Explored 21043 nodes (5619071 simplex iterations) in 3601.64 seconds
Thread count was 2 (of 32 available processors)

Solution count 0

Time limit reached
Best objective -, best bound 1.473067151164e+04, gap -

User-callback calls 402732, time in user-callback 553.66 sec
================================================================================
executing instance: ./input/Instances/Original/1/absH3high_2n45.dat
--------------------------------------------------------------------------------
Instance details
n	46
H	3
C	3171
Li:
[0, 0, 0, 0, 0, 0, 0, 0, 0, 0, 0, 0, 0, 0, 0, 0, 0, 0, 0, 0, 0, 0, 0, 0, 0, 0, 0, 0, 0, 0, 0, 0, 0, 0, 0, 0, 0, 0, 0, 0, 0, 0, 0, 0, 0, 0, ]
Ui:
[0, 246, 160, 78, 20, 87, 144, 40, 20, 82, 60, 96, 24, 136, 160, 108, 160, 26, 228, 51, 24, 240, 231, 70, 32, 105, 174, 114, 246, 126, 132, 76, 22, 42, 255, 132, 148, 162, 66, 111, 102, 240, 123, 201, 297, 78, ]
Distance matrix:
|0	148	402	550	329	420	187	318	366	280	504	273	233	333	112	344	379	481	113	593	159	523	261	424	90	359	163	461	413	240	105	299	265	89	371	462	339	273	495	22	41	439	369	506	563	468	|
|148	0	284	517	394	284	136	369	244	311	496	166	329	355	223	202	338	388	204	565	254	506	118	346	71	423	173	471	336	118	105	352	198	105	248	428	302	305	487	153	179	441	230	497	517	370	|
|402	284	0	350	448	80	228	406	42	343	382	129	456	350	412	126	219	131	382	395	410	371	180	137	314	466	289	400	137	167	389	401	169	316	39	280	217	342	373	394	414	362	108	380	324	106	|
|550	517	350	0	339	429	385	308	374	295	93	375	431	249	481	461	180	239	458	48	445	57	474	214	496	333	387	160	216	424	601	321	320	471	376	90	217	301	93	530	534	146	452	88	52	262	|
|329	394	448	339	0	513	282	42	438	105	255	363	115	108	221	484	259	431	217	365	172	289	436	362	333	30	224	189	353	380	423	47	291	296	443	285	240	107	251	307	294	193	495	260	378	437	|
|420	284	80	429	513	0	267	473	76	408	462	163	509	421	449	86	298	201	421	474	455	451	167	217	330	533	333	478	217	181	386	466	225	341	70	360	291	406	453	416	438	440	59	460	400	176	|
|187	136	228	385	282	267	0	249	199	186	360	104	248	224	184	214	207	294	155	432	189	371	155	237	113	308	68	336	227	101	216	236	78	98	205	296	168	181	350	174	190	305	231	360	390	283	|
|318	369	406	308	42	473	249	0	397	66	229	325	128	67	216	447	218	389	206	337	168	260	402	320	311	61	196	167	311	345	406	19	252	275	403	248	198	70	223	296	286	164	457	233	344	395	|
|366	244	42	374	438	76	199	397	0	332	397	96	436	346	383	90	228	168	354	420	385	389	139	161	277	458	263	408	158	128	349	391	150	282	6	298	218	331	388	359	380	370	78	395	352	144	|
|280	311	343	295	105	408	186	66	332	0	231	259	142	53	191	380	171	337	173	332	150	257	337	267	258	127	139	182	258	280	359	58	186	223	338	222	143	6	224	258	254	164	390	234	323	340	|
|504	496	382	93	255	462	360	229	397	231	0	375	356	180	422	478	173	293	403	110	381	36	474	248	463	245	345	68	246	419	568	244	308	433	400	104	200	237	9	482	482	67	474	5	142	312	|
|273	166	129	375	363	163	104	325	96	259	375	0	347	283	288	121	202	221	259	423	292	376	99	183	186	386	170	370	175	52	269	315	76	187	102	288	177	256	365	265	285	333	133	374	365	204	|
|233	329	456	431	115	509	248	128	436	142	356	347	0	181	121	462	311	472	128	463	76	386	398	403	260	141	180	294	392	349	334	111	287	224	442	362	280	139	350	212	194	289	479	360	463	472	|
|333	355	350	249	108	421	224	67	346	53	180	283	181	0	244	403	152	324	226	283	201	207	369	256	307	118	186	129	247	311	409	74	208	273	351	183	136	59	173	311	307	113	410	183	282	331	|
|112	223	412	481	221	449	184	216	383	191	422	288	121	244	0	387	327	461	30	521	49	447	313	396	152	250	125	371	385	273	214	196	249	121	389	400	288	185	415	91	74	355	408	425	503	454	|
