




arguments: ./build/mirp_solver -f ./input/orig_exec_114.cfg
Current dir: /scratch/gui/bnc_mirp
File verbosity level: 9
date       time         ( uptime  ) [ thread name/id ]                   file:line     v| 
2021-01-09 22:28:31.110 (   0.160s) [main thread     ]             loguru.cpp:789   INFO| Logging to './output/vi_cus/OU/V5/Original/execution_09_01_2021_22_28_30.log', mode: 'a', verbosity: 9
--------------------------------------------------------------------------------
Parameters
                           instance_path           ./input/Instances/Original/3/
                            model_policy                                       1
                             nb_vehicles                                       5
                              output_dir         ./output/vi_cus/OU/V5/Original/
                            sec_strategy                                       1
                       solver_nb_threads                                       2
                         solver_show_log                                    true
                       solver_time_limit                                    3600
                              use_vi_cos                                   false
                              use_vi_cus                                    true
                         use_vi_hc1_full                                   false
                         use_vi_hc1_half                                   false
                      use_vi_hc1_quarter                                   false
                              use_vi_hc2                                   false
                              use_vi_hc3                                   false
                         use_vi_lex_full                                   false
                         use_vi_lex_half                                   false
                      use_vi_lex_quarter                                   false
                              use_vi_qua                                   false
                               use_vi_vc                                   false
                               use_vi_vr                                   false
--------------------------------------------------------------------------------
executing instance: ./input/Instances/Original/3/absH3low_2n5.dat
--------------------------------------------------------------------------------
Instance details
n	6
H	3
C	237
Li:
[0, 0, 0, 0, 0, 0, ]
Ui:
[0, 93, 180, 51, 114, 24, ]
Distance matrix:
|0	170	318	35	112	235	|
|170	0	311	205	258	301	|
|318	311	0	326	278	137	|
|35	205	326	0	89	230	|
|112	258	278	89	0	160	|
|235	301	137	230	160	0	|

--------------------------------------------------------------------------------
Building model...
	using lazy and cut (CVRPSEP package)
Solving IRP LP...
--------------------------------------------------------------------------------

Gurobi 9.1.0 (linux64) logging started Sat Jan  9 22:28:31 2021

Gurobi Optimizer version 9.1.0 build v9.1.0rc0 (linux64)
Thread count: 32 physical cores, 32 logical processors, using up to 2 threads
Optimize a model with 249 rows, 414 columns and 1449 nonzeros
Model fingerprint: 0x5a1062aa
Variable types: 99 continuous, 315 integer (90 binary)
Coefficient statistics:
  Matrix range     [1e+00, 2e+02]
  Objective range  [1e-02, 3e+02]
  Bounds range     [1e+00, 2e+02]
  RHS range        [1e+01, 5e+02]
Presolve removed 24 rows and 33 columns
Presolve time: 0.00s

Explored 0 nodes (0 simplex iterations) in 0.00 seconds
Thread count was 1 (of 32 available processors)

Solution count 0

Model is infeasible
Best objective -, best bound -, gap -

User-callback calls 31, time in user-callback 0.00 sec

Computing Irreducible Inconsistent Subsystem (IIS)...

           Constraints          |            Bounds           |  Runtime
      Min       Max     Guess   |   Min       Max     Guess   |
--------------------------------------------------------------------------
        0       249         -         0       569         -           0s
       36        36         -        61        61         -           1s

IIS computed: 36 constraints, 61 bounds
IIS runtime: 0.50 seconds
================================================================================
executing instance: ./input/Instances/Original/3/absH3high_5n30.dat
--------------------------------------------------------------------------------
Instance details
n	31
H	3
C	2296
Li:
[0, 0, 0, 0, 0, 0, 0, 0, 0, 0, 0, 0, 0, 0, 0, 0, 0, 0, 0, 0, 0, 0, 0, 0, 0, 0, 0, 0, 0, 0, 0, ]
Ui:
[0, 80, 90, 297, 28, 264, 123, 192, 112, 32, 72, 88, 294, 129, 126, 105, 110, 237, 246, 92, 72, 147, 54, 96, 128, 96, 84, 28, 74, 196, 192, ]
Distance matrix:
|0	87	302	65	389	171	219	120	412	339	129	63	169	401	383	158	393	161	246	275	64	287	345	235	13	274	106	201	85	358	135	|
|87	0	334	128	402	212	301	204	465	384	187	145	232	424	454	238	475	245	289	352	80	307	352	321	81	352	20	261	170	376	215	|
|302	334	0	239	113	132	237	334	157	70	404	263	162	105	227	229	339	251	65	217	259	53	107	352	293	220	339	134	270	75	235	|
|65	128	239	0	330	107	175	130	348	275	174	40	107	339	326	114	351	125	181	224	58	228	290	222	58	224	143	138	65	297	92	|
|389	402	113	330	0	226	349	438	210	151	502	360	269	48	316	339	441	362	175	328	335	102	55	465	377	330	401	245	371	37	342	|
|171	212	132	107	226	0	169	214	253	173	276	134	64	233	261	130	326	153	77	188	133	125	192	264	162	190	220	68	145	193	125	|
|219	301	237	175	349	169	0	157	257	223	244	157	105	334	180	62	175	61	177	63	233	264	334	118	221	61	317	112	136	312	85	|
|120	204	334	130	438	214	157	0	402	348	88	90	173	438	336	115	307	100	269	220	172	338	406	122	130	218	224	204	69	403	101	|
|412	465	157	348	210	253	257	402	0	88	486	359	245	166	129	287	266	303	178	204	386	208	239	370	406	207	473	212	354	187	304	|
|339	384	70	275	151	173	223	348	88	0	427	291	179	120	166	234	290	254	96	187	306	123	166	342	332	190	391	145	291	119	247	|
|129	187	404	174	502	276	244	88	486	427	0	142	248	508	424	200	390	187	342	308	193	400	464	192	142	306	207	281	136	469	182	|
|63	145	263	40	360	134	157	90	359	291	142	0	114	366	321	95	331	99	202	212	90	258	323	186	65	211	163	148	27	327	72	|
|169	232	162	107	269	64	105	173	245	179	248	114	0	266	222	71	268	94	97	131	155	173	244	203	164	132	245	34	113	233	73	|
|401	424	105	339	48	233	334	438	166	120	508	366	266	0	280	332	409	355	169	305	353	117	96	452	391	308	425	237	374	49	339	|
|383	454	227	326	316	261	180	336	129	166	424	321	222	280	0	231	137	238	208	116	376	277	331	272	381	118	467	197	307	285	253	|
|158	238	229	114	339	130	62	115	287	234	200	95	71	332	231	0	238	23	164	118	171	243	314	134	159	117	255	95	77	302	23	|
|393	475	339	351	441	326	175	307	266	290	390	331	268	409	137	238	0	232	300	138	408	383	445	204	395	136	492	258	308	406	260	|
|161	245	251	125	362	153	61	100	303	254	187	99	94	355	238	23	232	0	187	123	183	267	338	111	164	121	262	117	77	325	34	|
|246	289	65	181	175	77	177	269	178	96	342	202	97	169	208	164	300	187	0	168	210	87	157	290	238	171	296	70	206	138	170	|
|275	352	217	224	328	188	63	220	204	187	308	212	131	305	116	118	138	123	168	0	279	255	322	166	275	3	367	120	195	291	141	|
|64	80	259	58	335	133	233	172	386	306	193	90	155	353	376	171	408	183	210	279	0	236	289	276	51	279	90	182	117	307	150	|
|287	307	53	228	102	125	264	338	208	123	400	258	173	117	277	243	383	267	87	255	236	0	71	374	276	257	308	153	270	71	245	|
|345	352	107	290	55	192	334	406	239	166	464	323	244	96	331	314	445	338	157	322	289	71	0	445	334	325	350	224	337	54	315	|
|235	321	352	222	465	264	118	122	370	342	192	186	203	452	272	134	204	111	290	166	276	374	445	0	243	164	341	221	159	428	142	|
|13	81	293	58	377	162	221	130	406	332	142	65	164	391	381	159	395	164	238	275	51	276	334	243	0	274	100	196	89	347	136	|
|274	352	220	224	330	190	61	218	207	190	306	211	132	308	118	117	136	121	171	3	279	257	325	164	274	0	367	122	194	294	140	|
|106	20	339	143	401	220	317	224	473	391	207	163	245	425	467	255	492	262	296	367	90	308	350	341	100	367	0	272	188	377	232	|
|201	261	134	138	245	68	112	204	212	145	281	148	34	237	197	95	258	117	70	120	182	153	224	221	196	122	272	0	146	208	103	|
|85	170	270	65	371	145	136	69	354	291	136	27	113	374	307	77	308	77	206	195	117	270	337	159	89	194	188	146	0	337	54	|
|358	376	75	297	37	193	312	403	187	119	469	327	233	49	285	302	406	325	138	291	307	71	54	428	347	294	377	208	337	0	306	|
|135	215	235	92	342	125	85	101	304	247	182	72	73	339	253	23	260	34	170	141	150	245	315	142	136	140	232	103	54	306	0	|

--------------------------------------------------------------------------------
Building model...
	using lazy and cut (CVRPSEP package)
Solving IRP LP...
--------------------------------------------------------------------------------

Gurobi 9.1.0 (linux64) logging started Sat Jan  9 22:28:31 2021

Gurobi Optimizer version 9.1.0 build v9.1.0rc0 (linux64)
Thread count: 32 physical cores, 32 logical processors, using up to 2 threads
Optimize a model with 1249 rows, 8014 columns and 19624 nonzeros
Model fingerprint: 0x55e1a971
Variable types: 574 continuous, 7440 integer (465 binary)
Coefficient statistics:
  Matrix range     [1e+00, 5e+02]
  Objective range  [1e-01, 5e+02]
  Bounds range     [1e+00, 3e+02]
  RHS range        [1e+01, 4e+03]
Presolve removed 124 rows and 31 columns
Presolve time: 0.03s
Presolved: 1125 rows, 7983 columns, 18539 nonzeros
Variable types: 543 continuous, 7440 integer (6990 binary)

Root relaxation: objective 9.093951e+03, 1451 iterations, 0.04 seconds

    Nodes    |    Current Node    |     Objective Bounds      |     Work
 Expl Unexpl |  Obj  Depth IntInf | Incumbent    BestBd   Gap | It/Node Time

     0     0 9093.95111    0  146          - 9093.95111      -     -    0s
     0     0 9307.85417    0  161          - 9307.85417      -     -    0s
     0     0 9323.06836    0  171          - 9323.06836      -     -    0s
     0     0 9323.08963    0  174          - 9323.08963      -     -    0s
     0     0 9569.72025    0  187          - 9569.72025      -     -    0s
     0     0 9668.18926    0  196          - 9668.18926      -     -    0s
     0     0 9668.18926    0  199          - 9668.18926      -     -    0s
     0     0 9830.66051    0  217          - 9830.66051      -     -    1s
     0     0 9837.59435    0  196          - 9837.59435      -     -    1s
     0     0 9837.59435    0  202          - 9837.59435      -     -    1s
     0     0 9936.91491    0  251          - 9936.91491      -     -    1s
     0     0 9939.30332    0  261          - 9939.30332      -     -    1s
     0     0 9940.41324    0  269          - 9940.41324      -     -    1s
     0     0 9940.41384    0  249          - 9940.41384      -     -    1s
     0     0 10008.2245    0  293          - 10008.2245      -     -    1s
     0     0 10024.1324    0  302          - 10024.1324      -     -    2s
     0     0 10026.0255    0  288          - 10026.0255      -     -    2s
     0     0 10026.1011    0  300          - 10026.1011      -     -    2s
     0     0 10041.9887    0  304          - 10041.9887      -     -    2s
     0     0 10043.9584    0  294          - 10043.9584      -     -    2s
     0     0 10044.4038    0  339          - 10044.4038      -     -    2s
     0     0 10056.5930    0  381          - 10056.5930      -     -    2s
     0     0 10059.4253    0  354          - 10059.4253      -     -    2s
     0     0 10059.5602    0  372          - 10059.5602      -     -    3s
     0     0 10067.6692    0  315          - 10067.6692      -     -    3s
     0     0 10069.3419    0  381          - 10069.3419      -     -    3s
     0     0 10069.8761    0  380          - 10069.8761      -     -    3s
     0     0 10091.1065    0  301          - 10091.1065      -     -    3s
     0     0 10092.0158    0  322          - 10092.0158      -     -    4s
     0     0 10102.0021    0  309          - 10102.0021      -     -    4s
     0     0 10102.2897    0  230          - 10102.2897      -     -    4s
     0     2 10103.7197    0  288          - 10103.7197      -     -    6s
    23    26 10205.6451    9  362          - 10103.7197      -   792   10s
    80    87 10334.7358   22  278          - 10103.7197      -   540   15s
   148   157 10825.3625   46  216          - 10103.7197      -   466   20s
   210   227 11256.0785   59  164          - 10103.7197      -   450   25s
   288   306 11840.0660   85  124          - 10103.7197      -   412   30s
   431   451 14039.1675  149   15          - 10103.7197      -   331   35s
   628   652 10180.9909    5  383          - 10103.7197      -   269   40s
   773   732 12349.7571  105  293          - 10103.7197      -   236   45s
   803   752 10795.0682   36  411          - 10136.7573      -   227   50s
   824   766 14833.0936  255  490          - 10144.0333      -   222   55s
   842   778 13298.5192  133  484          - 10149.4624      -   217   60s
   867   794 10605.5568   32  450          - 10153.3692      -   211   65s
   894   814 10341.5328   12  444          - 10153.5176      -   240   70s
   902   822 10156.5052   25  433          - 10156.5052      -   251   76s
   906   823 10197.4173   26  420          - 10156.5052      -   253   81s
   919   832 10183.0295   30  384          - 10180.0402      -   261   85s
   942   848 10215.6785   35  327          - 10182.6124      -   272   90s
   978   873 10347.6744   45  230          - 10182.6124      -   288   95s
  1022   910 10423.6148   59  249          - 10182.6124      -   297  100s
  1086   957 10569.0311   77  232          - 10182.6124      -   303  105s
  1175  1022 10721.6858  100  208          - 10182.6124      -   302  110s
  1272  1090 10866.9891  125  216          - 10182.6124      -   297  115s
  1381  1164 11594.6766  149  149          - 10182.6124      -   293  121s
  1486  1231 11909.5854  181  167          - 10182.6124      -   288  126s
  1560  1276 12089.2934  204  195          - 10182.6124      -   286  130s
  1682  1358 12344.0983  240  165          - 10182.6124      -   283  136s
  1775  1408 12540.7177  267   98          - 10182.6124      -   281  140s
  1878  1479 13069.2630  302  132          - 10182.6534      -   277  146s
  1980  1494 10240.6638   31  281          - 10182.6534      -   274  151s
  2042  1554 10350.3709   42  180          - 10182.6534      -   275  156s
  2133  1599 10552.6545   64  153          - 10182.6534      -   274  161s
  2210  1649 10792.5433   87  158          - 10182.6534      -   274  167s
  2252  1684 10809.7552   97  153          - 10182.6534      -   274  170s
  2357  1752 11087.7382  123  187          - 10182.6534      -   272  176s
  2478  1870 11471.4075  145  193          - 10182.6534      -   268  182s
  2568  1925 11560.0425  159  159          - 10182.6534      -   263  186s
  2653  1974 11602.8184  176  147          - 10182.6534      -   260  190s
  2813  2117 11875.6656  211  154          - 10182.6534      -   256  198s
  2939  2165 12207.2753  237  114          - 10182.6534      -   250  203s
  3031  2325 12508.1855  257  124          - 10182.6534      -   246  208s
  3234  2258 13623.6026  438   78          - 10182.6534      -   236  210s
  3412  2324 10363.3358   31  320          - 10182.6534      -   230  215s
  3447  2366 10578.5969   31  463          - 10190.9700      -   233  222s
  3473  2404 10560.9389   31  371          - 10190.9700      -   234  226s
  3511  2445 10784.0633   36  359          - 10190.9700      -   236  231s
  3554  2515 10699.2465   40  288          - 10190.9700      -   236  235s
  3636  2670 11191.1348   66  181          - 10190.9700      -   235  241s
  3813  2777 10478.8797   30  467          - 10190.9700      -   229  247s
  3920  2909 10573.7202   34  351          - 10190.9700      -   228  254s
  4052  2993 10578.4490   38  351          - 10190.9700      -   224  260s
  4176  3034 10568.1525   46  290          - 10190.9700      -   223  265s
  4217  3078 10563.2352   46  378          - 10190.9700      -   224  270s
  4261  3126 10763.0920   52  257          - 10190.9700      -   227  276s
  4309  3187 10804.9653   57  272          - 10190.9700      -   229  281s
  4373  3301 10854.7470   66  300          - 10190.9700      -   230  287s
  4487  3421 11017.6406   76  268          - 10190.9700      -   230  293s
  4611  3606 11192.3065   86  262          - 10190.9700      -   230  301s
  4814  3706 11662.9317  143  183          - 10190.9700      -   228  309s
  4951  3824 11866.2649  179  235          - 10190.9700      -   226  316s
  5069  4058 12194.7288  258  221          - 10190.9700      -   225  324s
  5127  4058 12436.8557  304  215          - 10190.9700      -   223  325s
  5313  4111 13771.1336  379  131          - 10215.6785      -   220  333s
  5414  4198 10515.8582   36  343          - 10215.6785      -   221  342s
  5501  4411 10572.4447   43  310          - 10215.6785      -   222  351s
  5718  4653 infeasible   57               - 10215.6975      -   219  363s
  6035  4700 10446.8970   37  370          - 10217.8545      -   212  372s
  6072  4758 10618.9140   48  323          - 10217.8545      -   214  379s
  6103  4758 10397.9631   43  302          - 10217.8545      -   215  380s
  6130  4877 10890.2183   62  255          - 10217.8545      -   216  387s
  6249  5076 11423.9836  112  160          - 10217.8545      -   216  397s
  6448  5295 11931.6196  196  124          - 10222.8599      -   214  408s
  6701  5492 10531.2026   36  398          - 10222.8599      -   209  422s
  6912  5600 10730.5945   45  279          - 10222.8599      -   206  431s
  7096  5748 11062.7354   65  294          - 10222.8599      -   205  440s
  7244  6070 11569.4732   96  203          - 10222.8599      -   205  453s
  7426  6070 11505.4128  147   82          - 10222.8599      -   204  455s
  7605  6313 12167.8206  165  178          - 10229.7591      -   201  469s
  7673  6313 12362.6983  223  161          - 10229.7591      -   200  470s
  7939  6614 10343.5792   35  420          - 10229.8572      -   198  482s
  8254  6669 10587.5375   45  318          - 10229.8572      -   195  492s
  8327  6902 10705.7926   65  262          - 10229.8572      -   196  502s
  8560  7260 11212.8079  221  124          - 10233.0128      -   194  513s
  8942  7547 10351.4354   44  343          - 10233.0128      -   190  526s
  9264  7662 10641.0912   56  265          - 10233.0128      -   187  537s
  9379  8224 11030.5314   93  143          - 10233.0886      -   188  548s
  9515  8224 11329.5769  198   83          - 10233.0886      -   187  550s
  9962  8351 10625.6845   47  317          - 10233.0886      -   182  562s
 10120  8410 10630.5986   56  296          - 10233.0886      -   181  571s
 10179  8487 10901.1856   73  265          - 10233.0886      -   183  579s
 10223  8487 11144.5008   98  192          - 10233.0886      -   183  580s
 10256  8677 11202.5315  103  200          - 10233.0886      -   184  589s
 10358  8677 11521.4912  182  164          - 10233.0886      -   183  590s
 10446  8875 12326.2363  191  127          - 10235.7218      -   183  600s
 10666  9084 10335.1202   39  331          - 10235.7218      -   183  612s
 10879  9385 10471.6891   46  314          - 10235.7218      -   182  623s
 11057  9385 13067.8520  407  110          - 10235.7218      -   180  625s
 11222  9585 10817.0520   77  177          - 10235.7218      -   179  635s
 11422  9833 11249.1649  196   91          - 10240.1864      -   178  646s
 11706  9985 10307.5499   37  307          - 10240.1864      -   176  659s
 11858 10085 10609.4111   49  192          - 10240.1864      -   176  669s
 11898 10085 11373.3268  152  111          - 10240.1864      -   177  670s
 11986 10210 10911.3780   71  204          - 10240.1864      -   177  678s
 12111 10420 11265.5133  141  131          - 10240.1864      -   177  688s
 12328 10688 12118.3497  254   82          - 10241.3355      -   177  698s
 12648 10843 10687.5893   51  250          - 10241.3355      -   175  709s
 12756 10843 12312.4086  249   83          - 10241.3355      -   175  710s
 12837 10921 11057.6941   67  204          - 10243.4136      -   175  718s
 12933 11108 10631.2056   47  281          - 10243.4136      -   176  727s
 13120 11690 10983.5214  107   82          - 10243.4526      -   176  740s
 13871 11781 10367.7957   39  368          - 10244.9413      -   170  752s
 13925 11966 10662.5787   50  192          - 10244.9413      -   171  762s
 14112 12257 11867.6073  176   43          - 10244.9413      -   171  772s
 14467 12402 10311.9388   46  402          - 10244.9413      -   170  783s
 14598 12616 10641.5566   61  236          - 10244.9413      -   170  795s
 14812 13029 11001.8656   84  169          - 10244.9413      -   170  806s
 15219 13029 14300.3702  285   85          - 10244.9413      -   168  810s
 15285 13139 12580.3569  197   98          - 10252.1696      -   167  817s
 15415 13207 10606.0159   56  339          - 10252.1696      -   168  825s
 15483 13452 10932.3763   70  212          - 10252.1696      -   169  834s
 15587 13452 11360.9708  119   60          - 10252.1696      -   169  835s
 15730 13801 11393.0333  134   42          - 10259.6463      -   168  846s
 16109 13968 10534.6178   40  348          - 10259.6463      -   166  858s
 16344 14265 10961.4145   58  190          - 10259.6463      -   165  869s
 16446 14265 11461.4647  114   75          - 10259.6463      -   165  870s
 16642 14413 12987.8025  213   25          - 10259.6463      -   165  933s
 16800 14723 13748.3878  253    8          - 10264.0714      -   164  945s
 17184 14872 10881.4551   52   94          - 10264.2955      -   162  956s
 17332 15008 11764.5656  108  128          - 10266.4654      -   163  966s
 17518 15057 10654.7980   45  222          - 10266.5514      -   163  975s
 17567 15176 10891.5199   60  191          - 10266.5514      -   164  984s
 17694 15290 11573.0500  114   86          - 10266.6652      -   165  994s
 17818 15290 13491.4815  183   44          - 10266.6652      -   164  995s
 17870 15446 10449.5192   38  297          - 10266.6652      -   165 1004s
 18026 15544 10578.2568   51  281          - 10266.6652      -   165 1014s
 18154 15638 10843.8025   65  193          - 10266.6652      -   166 1023s
 18250 15757 11647.6860   94  114          - 10274.6559      -   167 1032s
 18403 15859 10534.8362   42  300          - 10274.6559      -   167 1042s
 18525 15966 10630.6605   51  351          - 10274.6559      -   168 1051s
 18632 16311 10967.4095   70  157          - 10274.6559      -   168 1061s
 19004 16570 12044.2847  193   96          - 10277.1537      -   167 1075s
 19315 16943 10608.2124   40  308          - 10277.1537      -   166 1087s
 19621 16943 11655.2087  182   72          - 10277.1537      -   165 1090s
 19692 17160 11549.6686  152   52          - 10277.3338      -   165 1100s
 19960 17317 10905.9989   58  228          - 10279.6478      -   165 1110s
 20118 17652 11382.0395  101  127          - 10279.7978      -   165 1121s
 20562 17728 10637.7071   46  270          - 10280.1165      -   163 1131s
 20638 18034 10945.1769   65  178          - 10283.4040      -   164 1141s
 20968 18127 10484.8236   44  319          - 10283.4040      -   163 1152s
 21093 18298 11052.1669   74  135          - 10283.4040      -   164 1162s
 21266 18478 11632.3791  142   73          - 10286.4423      -   164 1172s
 21472 18572 10619.4244   47  256          - 10288.1544      -   164 1182s
 21566 18858 10925.3946   75  173          - 10288.1544      -   165 1191s
 21855 18998 11634.0656  126  115          - 10290.1061      -   165 1202s
 22060 19095 10631.2440   47  333          - 10290.1212      -   165 1211s
 22167 19182 10918.3700   62  258          - 10290.1212      -   165 1220s
 22268 19342 11530.0849   96  180          - 10293.4846      -   166 1229s
 22340 19342 12079.7912  141   79          - 10293.4846      -   166 1230s
 22454 19663 10659.8818   43  229          - 10293.4846      -   167 1240s
 22777 19878 infeasible   69               - 10294.0850      -   166 1252s
 23108 20011 10710.3442   48  361          - 10295.1190      -   165 1263s
 23241 20279 11024.4872   65  189          - 10295.1190      -   166 1273s
 23377 20279 11579.9140  146   36          - 10295.1190      -   166 1275s
 23525 20538 11477.3369  150   70          - 10297.4090      -   165 1285s
 23814 20618 10624.3733   45  380          - 10297.4090      -   165 1295s
 23896 20791 11064.5343   59  168          - 10298.0797      -   165 1306s
 24136 20831 infeasible   34               - 10298.2401      -   165 1316s
 24186 20914 infeasible   46               - 10299.2598      -   166 1324s
 24284 21117 10588.7891   41  372          - 10299.2598      -   166 1334s
 24487 21327 infeasible   55               - 10299.2598      -   166 1344s
 24552 21327 12425.3573  200  122          - 10299.2598      -   166 1345s
 24725 21609 11316.2073   93  129          - 10299.9321      -   166 1356s
 25035 21795 10531.3883   47  370          - 10299.9321      -   165 1368s
 25187 21795 11785.4932  184   48          - 10299.9321      -   165 1370s
 25236 22030 11067.7267   79  169          - 10299.9321      -   165 1380s
 25473 22276 13454.4649  195  107          - 10301.3546      -   165 1391s
 25792 22383 10594.9088   40  271          - 10302.6039      -   165 1402s
 25899 22618 11337.1775   94   71          - 10303.9145      -   165 1412s
 26196 22687 10504.4445   41  445          - 10303.9145      -   165 1422s
 26265 22823 10702.2554   57  286          - 10303.9145      -   165 1431s
 26401 23190 11133.9987   77  165          - 10303.9145      -   166 1443s
 26569 23190 12293.0453  167  109          - 10303.9145      -   166 1445s
 26817 23442 12110.0771  132  113          - 10308.4219      -   165 1456s
 27092 23537 10510.3800   42  301          - 10308.4219      -   164 1467s
 27193 23625 infeasible   71               - 10308.5890      -   165 1476s
 27319 23742 10637.8528   49  310          - 10308.5890      -   165 1484s
 27438 24105 11148.1247   68  122          - 10308.5890      -   166 1495s
 27809 24255 12074.8005  213   70          - 10309.1192      -   165 1507s
 28025 24480 10976.7640   64  204          - 10309.6459      -   165 1517s
 28284 24545 12146.6938  139   65          - 10310.8329      -   165 1527s
 28375 24664 10775.6462   59  294          - 10310.8329      -   165 1536s
 28494 25098 11181.2730   85  176          - 10310.8329      -   166 1546s
 28971 25098 12679.7219  232   63          - 10310.8329      -   165 1550s
 28975 25234 12534.2470  196  101          - 10311.1142      -   165 1558s
 29215 25345 10624.4246   56  245          - 10311.2904      -   164 1567s
 29328 25883 11197.5049   96  113          - 10311.7943      -   165 1579s
 29362 25883 11312.0209  118   76          - 10311.7943      -   165 1580s
 29977 25945 10435.5962   40  293          - 10312.3852      -   163 1592s
 30038 26094 10748.7892   60  267          - 10312.3852      -   163 1601s
 30187 26506 11305.7192  110   67          - 10313.4820      -   163 1611s
 30632 26515 12731.1500  188   92          - 10314.4170      -   162 1615s
 30682 26575 10769.2183   49  248          - 10314.4170      -   162 1623s
 30742 26840 11084.8457   67  178          - 10314.5769      -   163 1633s
 30912 26840 11823.1730  173   81          - 10314.5769      -   162 1635s
 31027 26982 10516.3198   45  300          - 10314.5769      -   162 1644s
 31149 26982 11676.6275  118  120          - 10314.5769      -   163 1645s
 31171 27137 10699.1536   60  273          - 10314.5769      -   163 1652s
 31342 27316 11267.5411   82  183          - 10314.5769      -   163 1662s
 31521 27662 12023.2293  185   65          - 10315.2699      -   163 1673s
 31974 27724 10890.2173   53  325          - 10315.3679      -   162 1684s
 32036 27884 11156.8936   83  166          - 10315.3679      -   162 1692s
 32196 28077 12010.5202  144  113          - 10316.1145      -   162 1702s
 32433 28410 10657.7534   39  264          - 10316.1145      -   162 1715s
 32822 28633 11137.5611   52  117          - 10316.1145      -   161 1727s
 33044 28998 11978.2825  137   43          - 10316.5543      -   161 1739s
 33181 28998 12757.3888  232   24          - 10316.5543      -   161 1740s
 33496 29371 10820.0565   61  134          - 10316.6963      -   160 1753s
 33709 29371 11326.1353  132   43          - 10316.6963      -   160 1755s
 33967 29471 11644.6676  118   84          - 10318.4904      -   159 1765s
 34084 29601 10517.5912   54  345          - 10318.4904      -   160 1773s
 34214 29914 10897.9597   72  235          - 10318.4904      -   160 1784s
 34282 29914 11275.5037  107   95          - 10318.4904      -   160 1785s
 34541 29970 12341.3689  180   48          - 10320.2109      -   159 1794s
 34593 29970 10487.5120   42  325          - 10320.2109      -   159 1795s
 34615 30098 10863.3989   52  188          - 10320.2109      -   160 1803s
 34747 30301 11890.8081  111  109          - 10321.1407      -   160 1812s
 35004 30384 10705.3512   43  390          - 10321.1407      -   160 1822s
 35103 30455 10982.8537   59  274          - 10321.1407      -   160 1830s
 35174 30651 11316.0661   76  259          - 10321.1407      -   161 1839s
 35215 30651 11603.2954   95  196          - 10321.1407      -   161 1840s
 35370 30885 11753.9699  104  193          - 10321.3216      -   161 1849s
 35404 30885 11888.2939  121  146          - 10321.3216      -   161 1850s
 35644 30950 10446.1772   46  300          - 10322.5697      -   160 1859s
 35709 31079 10648.6530   65  287          - 10322.5697      -   161 1867s
 35864 31256 11051.8379   89  146          - 10322.5697      -   161 1877s
 36041 31486 12108.3220  149   57          - 10325.6993      -   161 1886s
 36291 31716 10765.6944   50  224          - 10325.6993      -   161 1897s
 36543 31832 11316.9269   72  156          - 10326.2237      -   161 1907s
 36681 32035 10996.7282   53  171          - 10326.2324      -   161 1918s
 36969 32094 10512.6748   49  338          - 10326.2346      -   161 1927s
 37028 32492 10719.7855   59  275          - 10326.2346      -   162 1939s
 37163 32492 11296.6829   73   47          - 10326.2346      -   162 1940s
 37432 32675 11585.2194  115  136          - 10326.4119      -   161 1951s
 37660 32835 10864.8562   43  270          - 10326.5910      -   161 1961s
 37836 33153 11067.4318   75   38          - 10327.7544      -   161 1972s
 38190 33378 10619.9048   39  288          - 10327.7544      -   161 1984s
 38252 33378 11279.9687  113  106          - 10327.7544      -   161 1985s
 38443 33483 11068.0529   52  285          - 10327.7544      -   160 1994s
 38548 33712 11472.7617   93  129          - 10328.2145      -   161 2003s
 38814 33875 10599.7564   44  420          - 10328.2145      -   160 2014s
 38956 33875 12443.1324  175   89          - 10328.2145      -   160 2015s
 39033 34023 10860.0695   63  235          - 10328.2145      -   160 2023s
 39183 34298 11240.3056  110  100          - 10328.5255      -   161 2033s
 39519 34448 10692.3513   56  190          - 10329.3326      -   160 2043s
 39669 34822 11407.5912  100  111          - 10329.4141      -   160 2054s
 39811 34822 12526.4222  153   96          - 10329.4141      -   160 2055s
 40113 34979 10492.1202   38  267          - 10329.4141      -   160 2065s
 40322 35185 10945.3790   54  172          - 10329.4141      -   160 2074s
 40356 35185 11182.0197   77  134          - 10329.4141      -   160 2075s
 40507 35362 11614.5653  145   45          - 10330.9502      -   160 2085s
 40713 35437 10683.9279   48  293          - 10330.9502      -   160 2094s
 40752 35437 10972.1350   67  127          - 10330.9502      -   160 2095s
 40806 35697 11004.9808   69  139          - 10331.9961      -   160 2104s
 40908 35697 11450.5418  136   77          - 10331.9961      -   160 2105s
 41093 35846 10499.2493   48  254          - 10331.9961      -   160 2115s
 41258 35950 10836.0897   59  204          - 10331.9961      -   160 2124s
 41292 35950 11119.9406   76  119          - 10331.9961      -   160 2125s
 41362 36120 11286.0521   87  142          - 10331.9961      -   160 2134s
 41430 36120 11925.1255  126  116          - 10331.9961      -   160 2135s
 41567 36267 12706.7686  164   72          - 10332.4529      -   160 2144s
 41610 36267 13875.0766  185   89          - 10332.4529      -   160 2145s
 41784 36452 10551.0050   52  266          - 10332.4529      -   160 2155s
 41993 36515 10730.0223   62  279          - 10332.4529      -   160 2164s
 42028 36515 10985.9199   80  171          - 10332.4529      -   160 2165s
 42062 36686 11112.4639   81  164          - 10332.4529      -   160 2174s
 42096 36686 11380.4791   93  135          - 10332.4529      -   160 2175s
 42233 36909 11631.4272  138   94          - 10333.6065      -   160 2186s
 42513 37099 10579.7361   41  213          - 10333.6065      -   160 2196s
 42723 37208 11307.6970  102   35          - 10334.1869      -   160 2206s
 42847 37379 10667.8858   46  262          - 10334.1869      -   160 2215s
 43020 37763 11332.4368  128   48          - 10334.8638      -   160 2226s
 43462 37976 10615.7406   59  272          - 10334.8638      -   160 2237s
 43735 38088 11673.3082  111   84          - 10335.6082      -   159 2248s
 43868 38329 10571.7431   41  434          - 10335.6082      -   160 2258s
 44112 38329 13306.7886  206   15          - 10335.6082      -   159 2260s
 44145 38406 10814.7006   53  301          - 10335.6082      -   159 2268s
 44222 38522 11146.6045   75  270          - 10335.6082      -   160 2277s
 44338 38812 11699.8608  110  137          - 10335.7544      -   160 2288s
 44475 38812 12813.6083  179   96          - 10335.7544      -   160 2290s
 44699 38914 10551.4197   35  439          - 10335.8536      -   160 2300s
 44801 39273 10913.9825   51  327          - 10335.8536      -   160 2311s
 45176 39281 13772.8350  233    2          - 10335.8536      -   159 2315s
 45242 39471 11012.7435   60  313          - 10335.8536      -   159 2324s
 45276 39471 11456.0316   82  240          - 10335.8536      -   159 2325s
 45412 39638 11714.5110   94  181          - 10335.8536      -   159 2334s
 45514 39638 12106.5151  158   98          - 10335.8536      -   159 2335s
 45595 39879 12826.9978  174  157          - 10336.1506      -   159 2344s
 45697 39879 12965.3475  222   30          - 10336.1506      -   159 2345s
 45871 40052 10661.9562   45  147          - 10336.1506      -   159 2354s
 46052 40303 11125.8387   82  150          - 10336.1506      -   159 2364s
 46086 40303 11378.3336  100  166          - 10336.1506      -   159 2365s
 46371 40396 12099.0095  141   70          - 10336.5699      -   159 2375s
 46536 40477 10817.6850   52  203          - 10336.5699      -   159 2383s
 46621 40684 11384.9762   82   79          - 10336.5699      -   159 2393s
 46832 40990 12247.0957  139   59          - 10336.7249      -   159 2405s
 47180 41062 10569.6683   42  245          - 10337.0508      -   159 2415s
 47252 41263 11080.3512   64  130          - 10337.1194      -   159 2424s
 47286 41263 11329.8009   90  130          - 10337.1194      -   159 2425s
 47511 41421 10523.3438   37  372          - 10337.1194      -   159 2435s
 47702 41520 10820.2537   55  200          - 10337.1194      -   159 2445s
 47803 41682 11208.4784  100  142          - 10337.6971      -   160 2455s
 47998 41849 10804.3746   50  310          - 10337.6971      -   160 2464s
 48037 41849 11161.5598   72  131          - 10337.6971      -   160 2465s
 48165 42282 11392.4486  113  106          - 10338.0154      -   160 2476s
 48655 42391 10489.0296   35  306          - 10338.0154      -   159 2488s
 48836 42433 11020.1006   43  276          - 10338.0154      -   159 2497s
 48878 42542 11108.3873   49  250          - 10338.0154      -   159 2506s
 49012 42767 11868.2615   97  183          - 10338.5281      -   160 2517s
 49292 42870 10939.0150   58  201          - 10338.5364      -   159 2527s
 49395 43132 11480.9159  105  134          - 10338.5851      -   160 2537s
 49694 43320 10638.6483   51  306          - 10338.5851      -   159 2547s
 49882 43496 11025.5234   72  186          - 10338.5851      -   160 2557s
 50070 43730 11705.1920  137  109          - 10338.8299      -   160 2568s
 50339 43783 10830.8688   52  233          - 10338.8299      -   159 2578s
 50414 43961 11023.0636   70  226          - 10338.8299      -   160 2587s
 50592 44420 11547.3911  122   73          - 10339.2479      -   160 2600s
 51097 44504 10541.1815   44  275          - 10339.3294      -   159 2611s
 51183 44911 11083.0548   72  119          - 10339.3687      -   159 2623s
 51424 44911 12585.1165  196   12          - 10339.3687      -   159 2625s
 51660 45007 10457.2003   49  313          - 10339.3687      -   159 2634s
 51780 45199 10744.0861   60  196          - 10339.3687      -   159 2643s
 52006 45374 11120.4245   87  138          - 10340.7059      -   159 2653s
 52205 45600 10803.9060   48  200          - 10340.7059      -   159 2662s
 52431 45943 11467.4532   99   81          - 10341.3604      -   159 2674s
 52570 45943 12388.0666  203   45          - 10341.3604      -   159 2675s
 52831 46038 10726.4196   45  283          - 10341.3999      -   158 2685s
 52923 46401 11149.5629   81  191          - 10341.3999      -   159 2695s
 53316 46509 11992.4859  200   70          - 10343.0678      -   158 2705s
 53471 46961 10799.5652   55  192          - 10343.0678      -   158 2716s
 53870 46961 12721.7838  246   40          - 10343.0678      -   158 2720s
 53929 47077 11351.3401  121   68          - 10343.3466      -   158 2728s
 54085 47139 10599.8243   42  307          - 10343.3466      -   158 2737s
 54147 47301 10800.4869   53  232          - 10343.3466      -   158 2745s
 54309 47575 11762.5163  105   57          - 10343.3506      -   158 2755s
 54620 47712 10606.0730   57  214          - 10343.5151      -   158 2766s
 54763 48076 11223.6838   82  121          - 10343.5164      -   158 2776s
 55211 48153 10546.7093   37  208          - 10343.5221      -   158 2787s
 55275 48358 10817.8883   51  150          - 10343.5221      -   158 2796s
 55480 48648 11609.4075  115   19          - 10344.3824      -   158 2807s
 55839 48752 10748.9459   43  163          - 10345.1882      -   158 2817s
 55943 49045 11484.5201   87  194          - 10345.8555      -   158 2827s
 56292 49182 10586.2127   49  271          - 10345.8555      -   157 2838s
 56442 49270 10805.2687   59  281          - 10345.8555      -   157 2847s
 56525 49604 11186.9277   82  172          - 10346.5115      -   158 2856s
 56891 49665 10658.4619   34  311          - 10346.5920      -   157 2866s
 56952 49792 11086.0133   52  138          - 10346.8323      -   158 2875s
 57120 49956 10570.1091   53  313          - 10346.8323      -   158 2885s
 57338 50065 10991.5794   74  202          - 10346.8323      -   158 2895s
 57451 50190 11661.5252  123  116          - 10347.8616      -   158 2903s
 57596 50293 10783.7215   43  176          - 10347.8616      -   158 2912s
 57699 50561 11152.4261   67  240          - 10348.4277      -   158 2922s
 58033 50796 10589.2283   47  317          - 10348.4277      -   158 2934s
 58307 50894 10862.6432   58  279          - 10348.4277      -   158 2944s
 58411 50894 11018.6808   70  239          - 10348.4277      -   158 2945s
 58418 51080 11720.8357   94  100          - 10348.9022      -   158 2954s
 58478 51080 11355.8260   95  107          - 10349.6889      -   158 2955s
 58630 51139 10653.1146   55  412          - 10349.6889      -   158 2963s
 58682 51247 11003.7282   77  177          - 10349.6889      -   158 2972s
 58794 51370 11666.5083  125   88          - 10350.0369      -   158 2981s
 58975 51577 10535.3951   44  334          - 10350.0369      -   158 2990s
 59194 51668 10691.3340   57  297          - 10350.0369      -   158 3000s
 59285 52222 11470.8615   83  140          - 10350.2264      -   159 3011s
 59932 52248 10436.9285   45  365          - 10350.2264      -   158 3024s
