




arguments: ./build/bc_mirp -f ./input/orig_exec_267.cfg
Current dir: /scratch/gui/bc_mirp
File verbosity level: 9
date       time         ( uptime  ) [ thread name/id ]                   file:line     v| 
2021-02-17 06:37:46.921 (   0.725s) [main thread     ]             loguru.cpp:789   INFO| Logging to './output/vi_vc+hc1_half/OU/V4/Original/execution_17_02_2021_06_37_46.log', mode: 'a', verbosity: 9
--------------------------------------------------------------------------------
Parameters
                           instance_path           ./input/Instances/Original/6/
                            model_policy                                       1
                             nb_vehicles                                       4
                              output_dir ./output/vi_vc+hc1_half/OU/V4/Original/
                            sec_strategy                                       1
                       solver_nb_threads                                       2
                         solver_show_log                                    true
                       solver_time_limit                                    3600
                              use_vi_cos                                   false
                              use_vi_cus                                   false
                         use_vi_hc1_full                                   false
                         use_vi_hc1_half                                    true
                      use_vi_hc1_quarter                                   false
                              use_vi_hc2                                   false
                              use_vi_hc3                                   false
                         use_vi_lex_full                                   false
                         use_vi_lex_half                                   false
                      use_vi_lex_quarter                                   false
                              use_vi_qua                                   false
                               use_vi_vc                                    true
                               use_vi_vr                                   false
--------------------------------------------------------------------------------
executing instance: ./input/Instances/Original/6/absH6high_1n25.dat
--------------------------------------------------------------------------------
Instance details
n	26
H	6
C	1711
Li:
[0, 0, 0, 0, 0, 0, 0, 0, 0, 0, 0, 0, 0, 0, 0, 0, 0, 0, 0, 0, 0, 0, 0, 0, 0, 0, ]
Ui:
[0, 168, 176, 34, 66, 36, 177, 106, 118, 182, 64, 141, 189, 63, 46, 111, 182, 231, 36, 66, 68, 54, 132, 90, 246, 75, ]
Distance matrix:
|0	191	200	231	334	329	146	196	208	245	218	164	283	394	151	358	156	196	309	253	201	260	127	138	130	104	|
|191	0	226	229	278	146	328	216	390	417	327	293	195	334	106	296	171	122	472	151	12	411	280	53	190	130	|
|200	226	0	38	149	359	321	10	276	274	418	364	139	204	121	173	321	115	303	141	225	236	155	202	311	256	|
|231	229	38	0	110	352	358	37	314	310	448	395	108	167	129	135	342	109	336	120	226	268	194	213	335	277	|
|334	278	149	110	0	367	467	147	422	413	546	495	86	61	203	25	423	163	429	129	271	363	303	282	424	361	|
|329	146	359	352	367	0	453	349	533	562	411	393	282	411	245	378	250	244	617	245	141	556	426	195	284	243	|
|146	328	321	358	467	453	0	321	162	215	160	112	425	524	297	491	223	341	284	397	339	266	186	276	184	210	|
|196	216	10	37	147	349	321	0	281	281	414	360	132	203	112	171	315	105	311	132	216	244	159	193	305	249	|
|208	390	276	314	422	533	162	281	0	54	321	271	410	471	316	445	348	348	123	398	398	115	125	338	313	309	|
|245	417	274	310	413	562	215	281	54	0	375	323	413	457	334	435	393	361	70	406	424	69	139	367	359	349	|
|218	327	418	448	546	411	160	414	321	375	0	57	484	606	347	569	163	393	444	446	339	421	318	288	137	199	|
|164	293	364	395	495	393	112	360	271	323	57	0	437	556	300	519	144	346	393	401	305	367	261	249	109	163	|
|283	195	139	108	86	282	425	132	410	413	484	437	0	139	137	101	349	91	443	44	187	375	286	206	355	291	|
|394	334	204	167	61	411	524	203	471	457	606	556	139	0	264	38	483	222	467	183	326	403	356	341	484	421	|
|151	106	121	129	203	245	297	112	316	334	347	300	137	264	0	225	220	46	381	102	106	316	195	84	221	158	|
|358	296	173	135	25	378	491	171	445	435	569	519	101	38	225	0	444	184	450	145	288	384	328	303	446	383	|
|156	171	321	342	423	250	223	315	348	393	163	144	349	483	220	444	0	261	460	308	183	415	284	143	39	65	|
|196	122	115	109	163	244	341	105	348	361	393	346	91	222	46	184	261	0	402	56	118	336	224	119	264	200	|
|309	472	303	336	429	617	284	311	123	70	444	393	443	467	381	450	460	402	0	442	477	68	192	424	426	413	|
|253	151	141	120	129	245	397	132	398	406	446	401	44	183	102	145	308	56	442	0	143	375	273	164	315	251	|
|201	12	225	226	271	141	339	216	398	424	339	305	187	326	106	288	183	118	477	143	0	416	286	63	202	142	|
|260	411	236	268	363	556	266	244	115	69	421	367	375	403	316	384	415	336	68	375	416	0	135	365	384	363	|
|127	280	155	194	303	426	186	159	125	139	318	261	286	356	195	328	284	224	192	273	286	135	0	232	256	229	|
|138	53	202	213	282	195	276	193	338	367	288	249	206	341	84	303	143	119	424	164	63	365	232	0	153	89	|
|130	190	311	335	424	284	184	305	313	359	137	109	355	484	221	446	39	264	426	315	202	384	256	153	0	64	|
|104	130	256	277	361	243	210	249	309	349	199	163	291	421	158	383	65	200	413	251	142	363	229	89	64	0	|

--------------------------------------------------------------------------------
Building model...
	using lazy and cut (CVRPSEP package)
Solving IRP LP...
--------------------------------------------------------------------------------

Gurobi 9.1.0 (linux64) logging started Wed Feb 17 06:37:47 2021

Gurobi Optimizer version 9.1.0 build v9.1.0rc0 (linux64)
Thread count: 32 physical cores, 32 logical processors, using up to 2 threads
Optimize a model with 2120 rows, 9206 columns and 24332 nonzeros
Model fingerprint: 0xaca161ae
Variable types: 782 continuous, 8424 integer (624 binary)
Coefficient statistics:
  Matrix range     [1e+00, 4e+02]
  Objective range  [1e-01, 6e+02]
  Bounds range     [1e+00, 2e+02]
  RHS range        [1e+00, 3e+03]
Presolve removed 440 rows and 1071 columns
Presolve time: 0.13s
Presolved: 1680 rows, 8135 columns, 20522 nonzeros
Variable types: 599 continuous, 7536 integer (6958 binary)

Root relaxation: objective 1.430226e+04, 2533 iterations, 0.09 seconds

    Nodes    |    Current Node    |     Objective Bounds      |     Work
 Expl Unexpl |  Obj  Depth IntInf | Incumbent    BestBd   Gap | It/Node Time

     0     0 14302.2551    0  244          - 14302.2551      -     -    0s
     0     0 14597.6217    0  296          - 14597.6217      -     -    0s
     0     0 14616.6853    0  228          - 14616.6853      -     -    0s
     0     0 14619.6507    0  245          - 14619.6507      -     -    0s
     0     0 14619.6935    0  228          - 14619.6935      -     -    0s
     0     0 15030.9942    0  347          - 15030.9942      -     -    1s
     0     0 15105.1810    0  387          - 15105.1810      -     -    1s
     0     0 15123.9765    0  406          - 15123.9765      -     -    1s
     0     0 15151.1301    0  391          - 15151.1301      -     -    1s
     0     0 15183.5970    0  415          - 15183.5970      -     -    2s
     0     0 15201.0674    0  398          - 15201.0674      -     -    2s
     0     0 15232.6140    0  397          - 15232.6140      -     -    2s
     0     0 15244.6650    0  413          - 15244.6650      -     -    2s
     0     0 15249.6293    0  403          - 15249.6293      -     -    2s
     0     0 15257.4647    0  403          - 15257.4647      -     -    2s
     0     0 15258.5545    0  404          - 15258.5545      -     -    2s
     0     0 15258.7625    0  416          - 15258.7625      -     -    2s
     0     0 15783.7202    0  410          - 15783.7202      -     -    3s
     0     0 15927.4044    0  404          - 15927.4044      -     -    3s
     0     0 15959.1681    0  452          - 15959.1681      -     -    4s
     0     0 15976.7744    0  415          - 15976.7744      -     -    4s
     0     0 15978.7610    0  412          - 15978.7610      -     -    4s
     0     0 15995.5284    0  411          - 15995.5284      -     -    4s
     0     0 15999.1309    0  408          - 15999.1309      -     -    4s
     0     0 16001.9544    0  409          - 16001.9544      -     -    4s
     0     0 16002.0551    0  452          - 16002.0551      -     -    4s
     0     0 16152.7757    0  497          - 16152.7757      -     -    5s
     0     0 16171.2303    0  480          - 16171.2303      -     -    5s
     0     0 16174.0621    0  462          - 16174.0621      -     -    5s
     0     0 16182.2172    0  484          - 16182.2172      -     -    6s
     0     0 16196.3743    0  514          - 16196.3743      -     -    6s
     0     0 16226.8089    0  482          - 16226.8089      -     -    6s
     0     0 16242.3165    0  475          - 16242.3165      -     -    6s
     0     0 16255.6589    0  512          - 16255.6589      -     -    6s
     0     0 16259.8151    0  508          - 16259.8151      -     -    7s
     0     0 16261.0289    0  507          - 16261.0289      -     -    7s
     0     0 16379.0411    0  509          - 16379.0411      -     -    7s
     0     0 16391.6463    0  493          - 16391.6463      -     -    8s
     0     0 16394.5785    0  522          - 16394.5785      -     -    8s
     0     0 16411.8170    0  538          - 16411.8170      -     -    9s
     0     0 16442.3483    0  522          - 16442.3483      -     -   10s
     0     0 16445.5318    0  502          - 16445.5318      -     -   10s
     0     0 16450.7447    0  508          - 16450.7447      -     -   10s
     0     0 16451.0987    0  598          - 16451.0987      -     -   11s
     0     0 16454.3254    0  511          - 16454.3254      -     -   11s
     0     0 16454.3254    0  511          - 16454.3254      -     -   11s
     0     2 16454.7784    0  511          - 16454.7784      -     -   13s
     5     8 16541.0141    2  497          - 16464.0787      -   716   15s
    25    28 16632.6971    7  593          - 16496.5410      -   959   20s
    46    51 16833.4449   12  532          - 16496.5410      -  1005   25s
    63    66 16906.0342   15  606          - 16496.5410      -  1014   30s
    98   104 17299.2595   25  405          - 16496.5410      -   832   35s
   114   122 17463.0993   29  340          - 16496.5410      -   868   40s
   162   181 17947.3258   45  254          - 16496.5410      -   739   45s
   244   251 17814.3647   61  377          - 16496.5410      -   563   51s
   306   342 19292.0635  108  152          - 16496.5410      -   487   55s
   416   467 20201.2144  163  109          - 16496.5410      -   396   60s
   573   591 17223.7795    5  594          - 16496.7052      -   325   66s
   686   731 17101.3204    8  660          - 16496.7052      -   287   70s
   893   853 17225.2615   17  463          - 16496.7052      -   238   75s
   905   856 19380.0140  148  322          - 16496.7052      -   239   80s
   910   859 18994.3304  116  669          - 16855.1424      -   237   85s
   924   869 17349.0831   43  762          - 16971.7175      -   234   91s
   933   875 19731.1729  176  716          - 16981.4908      -   232   95s
   942   881 19950.3580  152  741          - 16986.6744      -   229  100s
   954   890 17937.9907   45  244          - 16988.8719      -   259  105s
   961   895 19144.2425  123  649          - 16988.8719      -   257  110s
   972   902 19695.8875  129  789          - 16990.5279      -   255  115s
   976   905 16990.7828    7  782          - 16990.7828      -   254  123s
   981   911 17049.0933   24  694          - 16998.7022      -   277  125s
   991   920 17008.2837   27  692          - 17008.2837      -   283  130s
  1009   932 17033.3560   31  572          - 17023.4117      -   294  135s
  1035   950 17095.4048   36  599          - 17023.4117      -   306  140s
  1063   969 17163.7218   41  624          - 17023.4117      -   314  145s
  1100   995 17223.7187   49  529          - 17023.4117      -   324  151s
  1133  1020 17311.5341   54  507          - 17023.4117      -   330  156s
  1172  1050 17403.8064   62  468          - 17023.4117      -   337  161s
  1213  1082 17485.5958   70  523          - 17023.4117      -   341  165s
  1268  1127 17579.5586   77  447          - 17023.4117      -   344  171s
  1327  1162 17633.5449   85  437          - 17023.4117      -   341  175s
  1404  1220 17730.1905   94  499          - 17023.4117      -   342  182s
  1463  1267 17768.9820  100  457          - 17023.4117      -   342  186s
  1539  1324 17929.3168  109  430          - 17023.4117      -   341  192s
  1590  1376 17869.7069  114  475          - 17023.4117      -   338  195s
  1730  1395 17924.3967  123  404          - 17023.4117      -   322  201s
* 1743  1335             291    23330.280000 17023.4117  27.0%   322  201s
  1756  1330 18097.6165  129  420 23330.2800 17023.4117  27.0%   323  206s
  1781  1355 18094.7233  139  421 23330.2800 17023.4117  27.0%   327  212s
  1814  1368 17124.5455   33  653 23330.2800 17023.4117  27.0%   330  215s
  1836  1393 18222.5560  159  393 23330.2800 17023.4117  27.0%   334  221s
  1870  1423 18336.0578  173  374 23330.2800 17023.4117  27.0%   338  232s
H 1877  1345                    22684.240000 17023.4117  25.0%   338  232s
  1893  1369 18587.1862  181  287 22684.2400 17023.4117  25.0%   341  236s
  1923  1387 18627.2990  192  283 22684.2400 17023.4117  25.0%   340  240s
  1980  1402 18798.7330  214  218 22684.2400 17023.4117  25.0%   341  248s
  1985  1431 18803.6281  214  216 22684.2400 17023.4117  25.0%   342  255s
  2035  1460 18985.7934  231  168 22684.2400 17023.4117  25.0%   342  267s
  2061  1508 19090.5842  244  198 22684.2400 17023.4117  25.0%   341  272s
  2118  1559 19413.3456  267  232 22684.2400 17023.4117  25.0%   339  278s
  2188  1668 20494.3732  298   71 22684.2400 17023.4117  25.0%   335  283s
  2320  1628 21539.0885  359   31 22684.2400 17023.4117  25.0%   323  291s
  2324  1679 21553.9463  360   51 22684.2400 17029.0463  24.9%   324  296s
* 2364  1604             380    22238.100000 17029.0463  23.4%   319  296s
  2397  1595 17147.3305   31  560 22238.1000 17029.0463  23.4%   321  301s
  2416  1616 17246.7423   33  451 22238.1000 17029.0463  23.4%   326  306s
  2443  1635 17232.8328   35  573 22238.1000 17029.0463  23.4%   328  312s
  2471  1656 17259.0566   39  505 22238.1000 17029.0463  23.4%   331  317s
  2501  1683 17330.1744   46  516 22238.1000 17029.0463  23.4%   333  322s
  2538  1714 17467.3303   49  391 22238.1000 17029.0463  23.4%   335  328s
  2582  1745 17510.9992   57  382 22238.1000 17029.0463  23.4%   336  334s
  2627  1780 17647.3497   62  333 22238.1000 17029.0463  23.4%   337  340s
  2677  1825 17812.3450   72  308 22238.1000 17029.0463  23.4%   338  347s
  2739  1888 17996.6874   89  295 22238.1000 17029.0463  23.4%   337  354s
  2823  2030 18110.5063  109  233 22238.1000 17029.0463  23.4%   334  371s
  2993  2233 18556.7078  140  169 22238.1000 17029.0463  23.4%   324  382s
  3254  2475 20044.9975  185  104 22238.1000 17029.0463  23.4%   309  393s
* 3467  2392             251    21896.630000 17029.0463  22.2%   293  393s
* 3639  2216             251    21497.630000 17035.2504  20.8%   284  402s
* 3642  2205             251    21486.630000 17035.2504  20.7%   284  402s
* 3644  2205             251    21477.630000 17035.2504  20.7%   284  402s
* 3645  2204             252    21459.630000 17035.2504  20.6%   283  402s
  3658  2222 17176.7845   27  763 21459.6300 17035.2504  20.6%   287  407s
  3679  2240 17478.1883   38  616 21459.6300 17035.2504  20.6%   290  421s
  3697  2274 17699.6392   49  489 21459.6300 17035.2504  20.6%   293  426s
  3731  2365 18536.2201   67  313 21459.6300 17035.2504  20.6%   295  433s
  3822  2427 20455.5346  144  113 21459.6300 17050.8674  20.5%   294  440s
  3911  2457     cutoff  194      21459.6300 17068.2525  20.5%   292  447s
  3941  2464 17268.1709   28  656 21459.6300 17068.2525  20.5%   296  455s
  3948  2506 17412.6364   30  496 21459.6300 17068.2525  20.5%   298  471s
  3990  2584 18349.8994   41  319 21459.6300 17068.9473  20.5%   300  481s
  4082  2651 17194.9070   33  567 21459.6300 17068.9473  20.5%   301  489s
  4149  2815 17573.0774   45  338 21459.6300 17068.9473  20.5%   302  499s
  4244  2815 19182.4523  143   86 21459.6300 17068.9473  20.5%   301  500s
  4313  2963 18261.5841   63  343 21459.6300 17068.9473  20.5%   298  518s
  4499  3018 19945.9943  111  224 21459.6300 17081.1765  20.4%   294  528s
  4566  3040 17480.7859   36  522 21459.6300 17081.1765  20.4%   297  536s
  4588  3082 17828.7991   49  487 21459.6300 17081.1765  20.4%   300  545s
  4630  3151 18874.2010   84  252 21459.6300 17081.1765  20.4%   303  555s
  4699  3208 19983.8741  140  209 21459.6300 17081.1858  20.4%   302  565s
  4768  3235 17317.6734   30  585 21459.6300 17081.1858  20.4%   303  575s
  4795  3285 17424.0470   34  375 21459.6300 17081.1858  20.4%   307  584s
  4845  3338 17958.0253   46  341 21459.6300 17081.1858  20.4%   310  606s
  4898  3398 19283.1628   61  314 21459.6300 17081.1858  20.4%   313  619s
  4958  3440 19627.1251   76  203 21459.6300 17081.7928  20.4%   314  630s
  5014  3505 17353.5774   35  540 21459.6300 17081.7928  20.4%   317  643s
  5079  3657 17984.2909   52  335 21459.6300 17081.7928  20.4%   319  656s
  5231  3822 19722.3489  125  166 21459.6300 17081.8419  20.4%   317  671s
* 5287  3643             181    21025.830000 17081.8419  18.8%   315  671s
  5424  3830 17445.8097   32  424 21025.8300 17081.8419  18.8%   314  688s
  5660  3888 18370.0361   60  401 21025.8300 17081.8419  18.8%   309  702s
  5718  3996 19804.5293   89  383 21025.8300 17091.6156  18.7%   310  715s
H 5766  3831                    20759.750000 17091.6156  17.7%   310  716s
  5836  3888 17382.4604   31  505 20759.7500 17091.6156  17.7%   310  731s
  5907  3966 18242.8115   56  356 20759.7500 17091.6156  17.7%   312  747s
  5985  4039 19642.2312  114  238 20759.7500 17096.9599  17.6%   311  772s
  6068  4121 17402.7410   31  652 20759.7500 17096.9599  17.6%   312  786s
  6162  4151 17533.1758   37  560 20759.7500 17096.9599  17.6%   314  801s
  6192  4235 17762.5481   44  595 20759.7500 17096.9599  17.6%   318  833s
  6276  4337 18330.4031   53  451 20759.7500 17096.9599  17.6%   320  846s
  6398  4414 18332.5368   67  398 20759.7500 17096.9599  17.6%   320  861s
  6475  4653 18691.1834   91  354 20759.7500 17102.0038  17.6%   322  885s
H 6693  4171                    20264.680000 17102.0038  15.6%   315  887s
  6743  4172 17477.0331   37  567 20264.6800 17102.4414  15.6%   317  900s
  6770  4207 17680.3761   46  650 20264.6800 17102.4414  15.6%   322  913s
  6805  4246 17819.9813   51  433 20264.6800 17102.4414  15.6%   325  925s
  6844  4307 17973.1695   58  450 20264.6800 17102.4414  15.6%   329  941s
  6905  4367 18209.0520   64  347 20264.6800 17102.4414  15.6%   332  956s
  6965  4416 18333.6017   72  439 20264.6800 17102.4414  15.6%   334  986s
  7014  4602 18421.5208   80  314 20264.6800 17102.4414  15.6%   335 1004s
  7200  4766 18975.3118  103  280 20264.6800 17102.4414  15.6%   334 1027s
H 7415  4406                    19838.630000 17102.4414  13.8%   331 1050s
  7595  4462 17542.4240   43  544 19838.6300 17108.0209  13.8%   330 1074s
  7722  4462 19793.9622  133  152 19838.6300 17108.0209  13.8%   329 1075s
  7730  4545 18818.8866   86  324 19838.6300 17114.6710  13.7%   330 1094s
  7781  4545 19730.6534  136  114 19838.6300 17114.6710  13.7%   329 1095s
  7825  4643 17429.5509   32  466 19838.6300 17114.6710  13.7%   332 1172s
H 7874  4592                    19793.230000 17114.6710  13.5%   333 1173s
  7923  4680 18697.4588   81  232 19793.2300 17120.5418  13.5%   333 1196s
  8038  4774 18373.7161   53  361 19793.2300 17122.0462  13.5%   335 1220s
  8165  4819 17458.0827   39  633 19793.2300 17123.7429  13.5%   337 1244s
H 8188  3978                    19327.700000 17123.7429  11.4%   338 1244s
  8210  4090 18220.6357   62  440 19327.7000 17124.6327  11.4%   340 1267s
  8372  4189 17593.9359   35  610 19327.7000 17124.7618  11.4%   341 1291s
  8471  4243 19188.5033   91  280 19327.7000 17125.6764  11.4%   344 1314s
  8551  4365 17965.6199   56  387 19327.7000 17134.2168  11.3%   348 1339s
  8584  4365 18998.2905   89  245 19327.7000 17134.2168  11.3%   348 1340s
  8696  4467 17380.2869   35  730 19327.7000 17139.4583  11.3%   349 1369s
  8816  4538 18513.4043   77  352 19327.7000 17152.3440  11.3%   351 1393s
  8897  4643 17724.8706   41  391 19327.7000 17152.3970  11.3%   356 1420s
  9030  4738 17509.4787   39  453 19327.7000 17152.3970  11.3%   358 1444s
  9125  4906 18438.8340   95  388 19327.7000 17154.6305  11.2%   360 1470s
  9309  5017 18483.3239   69  262 19327.7000 17159.1966  11.2%   360 1496s
  9456  5102 17949.1734   39  376 19327.7000 17161.6332  11.2%   362 1523s
  9551  5178 17572.9049   34  601 19327.7000 17161.6332  11.2%   365 1548s
  9635  5316 17937.9020   57  356 19327.7000 17163.2632  11.2%   368 1576s
  9815  5463 17739.0781   44  618 19327.7000 17163.5913  11.2%   368 1603s
  9988  5594 17242.9345   34  605 19327.7000 17164.0498  11.2%   369 1633s
 10138  5666 17353.2280   35  596 19327.7000 17164.0498  11.2%   370 1658s
 10220  5772 18518.9305   81  457 19327.7000 17165.7750  11.2%   372 1684s
 10372  5825 17529.8491   42  634 19327.7000 17166.4665  11.2%   373 1715s
 10439  5931 18203.7886   53  517 19327.7000 17166.4665  11.2%   378 1751s
 10551  5990 19090.0776   64  450 19327.7000 17169.4168  11.2%   380 1780s
 10652  6068 17679.9720   43  561 19327.7000 17172.0874  11.2%   383 1807s
 10730  6294 18044.5075   58  440 19327.7000 17172.0874  11.2%   387 1850s
 10995  6427 18713.3060   97  251 19327.7000 17175.1717  11.1%   386 1887s
H11107  6068                    19184.700000 17175.1717  10.5%   384 1888s
 11158  6184 17468.8925   37  626 19184.7000 17176.9308  10.5%   385 1916s
 11298  6336 17408.5636   29  432 19184.7000 17177.1052  10.5%   386 1948s
 11488  6482 17354.1437   29  522 19184.7000 17178.4520  10.5%   387 1979s
 11579  6482 17587.6751   42  421 19184.7000 17182.0580  10.4%   387 1980s
 11666  6613 17372.5650   31  681 19184.7000 17183.1542  10.4%   387 2028s
 11735  6613 18581.0263  100  217 19184.7000 17183.1542  10.4%   387 2030s
 11813  6675 17298.4111   34  598 19184.7000 17183.1542  10.4%   387 2058s
 11887  6769 18311.2000   69  439 19184.7000 17190.6519  10.4%   391 2089s
 12014  6903 17631.6169   42  520 19184.7000 17190.8164  10.4%   393 2121s
 12152  6976 infeasible   83      19184.7000 17193.8595  10.4%   395 2160s
 12233  7091 18293.3427   62  444 19184.7000 17195.0777  10.4%   398 2189s
 12291  7091 19158.7068  120  121 19184.7000 17195.0777  10.4%   397 2190s
 12384  7183 17887.2084   49  400 19184.7000 17203.3170  10.3%   398 2219s
 12492  7321 17556.7449   41  531 19184.7000 17203.3685  10.3%   400 2256s
 12668  7418 17352.6506   35  513 19184.7000 17207.7078  10.3%   400 2287s
 12775  7494 18536.9674   83  401 19184.7000 17213.5543  10.3%   401 2316s
 12877  7570 17608.9369   42  374 19184.7000 17213.5773  10.3%   403 2345s
 12953  7726 18532.7491   65  264 19184.7000 17217.1630  10.3%   406 2377s
 13178  7767 17454.4425   32  558 19184.7000 17217.1724  10.3%   406 2408s
H13195  7744                    19178.700000 17217.1724  10.2%   407 2408s
 13219  7825 18006.2387   39  352 19178.7000 17217.1724  10.2%   409 2439s
 13322  7917     cutoff   60      19178.7000 17220.6856  10.2%   411 2471s
 13437  7986 18732.6324   77  219 19178.7000 17222.1295  10.2%   412 2502s
 13522  8075 18369.6502   64  350 19178.7000 17226.1799  10.2%   414 2534s
 13638  8183 18447.4328   69  412 19178.7000 17227.4307  10.2%   415 2566s
 13762  8278 17962.1177   50  268 19178.7000 17227.5234  10.2%   416 2600s
 13880  8445 17665.3272   39  480 19178.7000 17227.6645  10.2%   417 2636s
H13950  8127                    19104.699961 17227.6645  9.82%   418 2637s
 14047  8338 18250.9224   72  131 19104.7000 17231.6901  9.80%   417 2670s
 14342  8433 17930.1383   48  430 19104.7000 17232.2578  9.80%   414 2700s
*14415  8351             139    19088.390000 17232.6497  9.72%   414 2701s
H14452  8329                    19064.700000 17232.6497  9.61%   415 2734s
 14569  8405 17511.8384   32  453 19064.7000 17233.2702  9.61%   416 2772s
 14653  8506 18899.8046   62  530 19064.7000 17234.1659  9.60%   418 2804s
 14782  8584 18237.7038   50  416 19064.7000 17234.4553  9.60%   419 2835s
 14890  8676 17648.6054   37  389 19064.7000 17234.9407  9.60%   421 2873s
H14981  8397                    19017.350000 17234.9407  9.37%   423 2874s
 14982  8554 18544.4855   63  307 19017.3500 17234.9734  9.37%   424 2917s
 15190  8641 17575.0344   44  625 19017.3500 17235.2532  9.37%   425 2956s
 15294  8756 17616.7454   44  613 19017.3500 17235.5683  9.37%   427 2990s
 15419  8951 17444.3935   30  486 19017.3500 17236.4643  9.36%   429 3026s
 15656  9006 17411.1742   31  529 19017.3500 17237.0143  9.36%   428 3058s
 15711  9160 17960.8817   42  447 19017.3500 17237.4620  9.36%   431 3095s
 15895  9264 18029.8426   56  425 19017.3500 17239.7586  9.35%   432 3130s
 16009  9389 17820.7135   43  536 19017.3500 17239.8292  9.35%   433 3167s
 16165  9423 17581.0773   37  474 19017.3500 17240.5735  9.34%   433 3207s
H16191  9325                    19001.270000 17240.5735  9.27%   433 3207s
 16209  9430 18408.7379   63  470 19001.2700 17241.3306  9.26%   434 3241s
 16355  9502 18365.3897   60  338 19001.2700 17242.7998  9.25%   434 3276s
 16455  9591 17758.7135   47  472 19001.2700 17242.8917  9.25%   436 3309s
 16544  9773 18092.6308   68  325 19001.2700 17243.6791  9.25%   439 3353s
 16769  9864 17737.6718   50  603 19001.2700 17244.6616  9.24%   439 3389s
 16882  9974 17595.0065   44  589 19001.2700 17244.7725  9.24%   441 3429s
 17018 10116 17545.7740   45  638 19001.2700 17246.6153  9.23%   442 3468s
 17181 10234 17499.7925   38  489 19001.2700 17246.7674  9.23%   442 3518s
 17347 10315 17400.2152   35  565 19001.2700 17247.8751  9.23%   443 3560s
 17452 10432 17728.7064   49  506 19001.2700 17250.3240  9.21%   444 3595s
 17598 10448 18050.9872   56  390 19001.2700 17250.5857  9.21%   445 3600s

Cutting planes:
  User: 6999
  Gomory: 38
  Cover: 621
  Implied bound: 340
  Projected implied bound: 29
  Clique: 24
  MIR: 286
  StrongCG: 1
  Flow cover: 582
  Zero half: 21
  RLT: 430
  Relax-and-lift: 14
  Lazy constraints: 665

Explored 17614 nodes (7857548 simplex iterations) in 3600.15 seconds
Thread count was 2 (of 32 available processors)

Solution count 10: 19001.3 19017.3 19064.7 ... 19838.6

Time limit reached
Best objective 1.900127000000e+04, best bound 1.725058572737e+04, gap 9.2135%

User-callback calls 345610, time in user-callback 264.81 sec
================================================================================
executing instance: ./input/Instances/Original/6/absH6high_1n20.dat
--------------------------------------------------------------------------------
Instance details
n	21
H	6
C	1651
Li:
[0, 0, 0, 0, 0, 0, 0, 0, 0, 0, 0, 0, 0, 0, 0, 0, 0, 0, 0, 0, 0, ]
Ui:
[0, 36, 182, 182, 90, 261, 117, 30, 110, 42, 276, 153, 40, 94, 144, 46, 129, 213, 264, 160, 174, ]
Distance matrix:
|0	371	401	343	361	341	370	115	392	400	79	266	292	245	355	431	265	194	95	92	348	|
|371	0	37	141	110	250	117	438	67	131	372	305	115	238	247	255	235	296	392	430	185	|
|401	37	0	175	100	284	146	472	90	156	406	342	152	275	280	282	242	333	415	455	178	|
|343	141	175	0	239	110	38	374	95	60	314	182	67	130	106	127	318	201	397	423	303	|
|361	110	100	239	0	341	222	451	177	240	385	374	190	304	341	361	151	345	354	398	78	|
|341	250	284	110	341	0	143	337	203	151	289	102	152	97	15	95	394	156	415	431	398	|
|370	117	146	38	222	143	0	407	61	30	346	220	81	167	137	139	317	237	417	447	292	|
|115	438	472	374	451	337	407	0	443	434	66	241	339	251	351	431	374	181	201	177	450	|
|392	67	90	95	177	203	61	443	0	66	379	275	104	216	197	193	294	283	427	461	252	|
|400	131	156	60	240	151	30	434	66	0	374	237	112	189	142	127	344	261	448	477	312	|
|79	372	406	314	385	289	346	66	379	374	0	202	275	197	304	383	316	134	175	166	388	|
|266	305	342	182	374	102	220	241	275	237	202	0	191	70	117	196	386	73	352	359	415	|
|292	115	152	67	190	152	81	339	104	112	275	191	0	123	154	193	252	183	336	366	246	|
|245	238	275	130	304	97	167	251	216	189	197	70	123	0	110	187	322	72	319	334	346	|
|355	247	280	106	341	15	137	351	197	142	304	117	154	110	0	80	399	171	427	444	400	|
|431	255	282	127	361	95	139	431	193	127	383	196	193	187	80	0	444	251	499	519	429	|
|265	235	242	318	151	394	317	374	294	344	316	386	252	322	399	444	0	332	226	273	97	|
|194	296	333	201	345	156	237	181	283	261	134	73	183	72	171	251	332	0	279	286	375	|
|95	392	415	397	354	415	417	201	427	448	175	352	336	319	427	499	226	279	0	47	321	|
|92	430	455	423	398	431	447	177	461	477	166	359	366	334	444	519	273	286	47	0	368	|
|348	185	178	303	78	398	292	450	252	312	388	415	246	346	400	429	97	375	321	368	0	|

--------------------------------------------------------------------------------
Building model...
	using lazy and cut (CVRPSEP package)
Solving IRP LP...
--------------------------------------------------------------------------------

Gurobi 9.1.0 (linux64) logging started Wed Feb 17 07:37:50 2021

Gurobi Optimizer version 9.1.0 build v9.1.0rc0 (linux64)
Thread count: 32 physical cores, 32 logical processors, using up to 2 threads
Optimize a model with 1701 rows, 6171 columns and 16773 nonzeros
Model fingerprint: 0x81198110
Variable types: 627 continuous, 5544 integer (504 binary)
Coefficient statistics:
  Matrix range     [1e+00, 4e+02]
  Objective range  [1e-01, 5e+02]
  Bounds range     [1e+00, 3e+02]
  RHS range        [1e+00, 3e+03]
Presolve removed 375 rows and 866 columns
Presolve time: 0.10s
Presolved: 1326 rows, 5305 columns, 13663 nonzeros
Variable types: 474 continuous, 4831 integer (4378 binary)

Root relaxation: objective 1.361876e+04, 2100 iterations, 0.08 seconds

    Nodes    |    Current Node    |     Objective Bounds      |     Work
 Expl Unexpl |  Obj  Depth IntInf | Incumbent    BestBd   Gap | It/Node Time

     0     0 13618.7581    0  171          - 13618.7581      -     -    0s
     0     0 13852.9863    0  216          - 13852.9863      -     -    0s
     0     0 13867.5695    0  207          - 13867.5695      -     -    0s
     0     0 13869.5989    0  200          - 13869.5989      -     -    0s
     0     0 13873.2936    0  195          - 13873.2936      -     -    0s
     0     0 14123.7265    0  294          - 14123.7265      -     -    1s
     0     0 14290.5522    0  307          - 14290.5522      -     -    1s
     0     0 14305.9440    0  334          - 14305.9440      -     -    1s
     0     0 14313.0940    0  322          - 14313.0940      -     -    1s
     0     0 14314.8832    0  320          - 14314.8832      -     -    1s
     0     0 14314.8846    0  328          - 14314.8846      -     -    1s
     0     0 14516.6786    0  387          - 14516.6786      -     -    2s
     0     0 14541.4944    0  378          - 14541.4944      -     -    2s
     0     0 14545.0869    0  385          - 14545.0869      -     -    2s
     0     0 14545.8718    0  388          - 14545.8718      -     -    2s
     0     0 14591.8054    0  347          - 14591.8054      -     -    2s
     0     0 14597.6769    0  440          - 14597.6769      -     -    2s
     0     0 14599.3636    0  384          - 14599.3636      -     -    2s
     0     0 14600.1391    0  417          - 14600.1391      -     -    2s
     0     0 14631.3892    0  425          - 14631.3892      -     -    3s
     0     0 14635.1735    0  429          - 14635.1735      -     -    3s
     0     0 14635.8776    0  422          - 14635.8776      -     -    3s
     0     0 14646.6398    0  364          - 14646.6398      -     -    3s
     0     0 14649.2997    0  389          - 14649.2997      -     -    3s
     0     0 14650.2444    0  431          - 14650.2444      -     -    3s
     0     0 14655.5836    0  371          - 14655.5836      -     -    3s
     0     0 14656.5604    0  338          - 14656.5604      -     -    4s
     0     2 14668.1733    0  378          - 14668.1733      -     -    6s
    18    22 14821.7207    5  472          - 14710.1134      -   851   10s
    52    56 15287.5854   14  368          - 14710.1134      -   775   15s
    88    94 15834.3418   24  285          - 14710.1134      -   707   20s
   155   167 16327.3317   40  339          - 14710.1134      -   575   25s
   265   291 17165.1685   70  291          - 14710.1134      -   423   30s
   470   499 18608.0700  137  242          - 14710.1134      -   296   36s
   687   803 22417.8295  222   90          - 14710.1134      -   225   40s
*  820   869             267    25703.560000 14711.3019  42.8%   195   42s
*  824   869             269    25665.560000 14711.3019  42.7%   194   42s
   933   874 15564.2138   23  338 25665.5600 14770.4738  42.5%   183   50s
   942   880 21816.1331  187  592 25665.5600 14931.4697  41.8%   181   55s
   955   889 15639.0782   42  651 25665.5600 14977.1568  41.6%   179   60s
   970   902 15105.6123   14  538 25665.5600 15019.3993  41.5%   202   65s
   993   917 15237.0328   20  576 25665.5600 15064.8326  41.3%   219   71s
  1007   927 15252.3291   23  571 25665.5600 15064.8326  41.3%   231   75s
H 1014   886                    25649.780000 15064.8326  41.3%   236   77s
  1031   903 15332.5627   29  566 25649.7800 15064.8326  41.3%   241   80s
H 1042   867                    25600.180000 15064.8326  41.2%   245   82s
  1064   880 15499.9553   36  558 25600.1800 15064.8326  41.2%   256   86s
H 1080   848                    25317.740000 15064.8326  40.5%   262   89s
  1084   854 15541.8089   41  487 25317.7400 15064.8326  40.5%   262   90s
  1111   872 15648.1784   47  468 25317.7400 15064.8326  40.5%   272   95s
  1130   885 15798.5615   51  448 25317.7400 15064.8326  40.5%   279  100s
  1178   921 16103.3039   62  383 25317.7400 15064.8326  40.5%   286  106s
  1203   941 16281.4772   66  385 25317.7400 15064.8326  40.5%   290  110s
  1251   960 16460.3186   77  373 25317.7400 15064.8326  40.5%   293  118s
  1253   980 16575.4322   77  343 25317.7400 15064.8326  40.5%   294  120s
  1318  1025 16732.6501   93  332 25317.7400 15064.8326  40.5%   297  126s
  1364  1060 16823.1757  104  381 25317.7400 15064.8326  40.5%   300  130s
H 1402  1036                    24645.930000 15064.8326  38.9%   300  132s
  1444  1079 17152.9689  123  354 24645.9300 15064.8326  38.9%   303  136s
  1508  1124 17536.4952  141  312 24645.9300 15064.8326  38.9%   304  141s
  1575  1174 18027.0460  158  295 24645.9300 15064.8326  38.9%   306  147s
  1613  1193 18486.3895  168  327 24645.9300 15064.8326  38.9%   306  150s
  1693  1280 19182.4640  190  228 24645.9300 15064.8326  38.9%   307  156s
  1758  1324 19154.0930  208  256 24645.9300 15064.8326  38.9%   305  160s
H 1760  1286                    24314.720000 15064.8326  38.0%   305  160s
  1963  1449 infeasible  243      24314.7200 15064.8326  38.0%   289  169s
  2064  1587 20955.9665  263  136 24314.7200 15064.8326  38.0%   281  173s
  2255  1523 infeasible  351      24314.7200 15064.8326  38.0%   265  175s
  2364  1550 15601.0068   18  524 24314.7200 15075.3777  38.0%   259  182s
  2374  1560 15398.7518   20  499 24314.7200 15075.3777  38.0%   260  185s
  2387  1565 15427.1990   23  527 24314.7200 15075.3777  38.0%   263  191s
  2413  1590 15522.4543   25  542 24314.7200 15075.3777  38.0%   267  197s
  2430  1604 15557.0399   29  562 24314.7200 15075.3777  38.0%   268  200s
  2474  1633 15714.5931   33  518 24314.7200 15075.3777  38.0%   271  207s
  2494  1659 15802.2979   35  497 24314.7200 15075.3777  38.0%   273  211s
  2526  1690 16029.1859   37  404 24314.7200 15075.3777  38.0%   274  215s
  2568  1795 15919.0180   39  490 24314.7200 15075.3777  38.0%   274  220s
  2687  1870 16018.9773   41  494 24314.7200 15075.3777  38.0%   267  226s
  2834  1850 16147.1034   43  425 24314.7200 15075.3777  38.0%   258  231s
  2850  1860 16087.5187   47  465 24314.7200 15075.3777  38.0%   260  235s
  2884  1894 16246.8704   58  448 24314.7200 15075.3777  38.0%   263  242s
  2910  1905 16316.7431   63  458 24314.7200 15075.3777  38.0%   265  247s
  2930  1925 16380.7400   68  463 24314.7200 15075.3777  38.0%   267  251s
  2957  1920 16533.3870   74  464 24314.7200 15075.3777  38.0%   268  258s
  2961  1947 16763.7679   73  443 24314.7200 15075.3777  38.0%   269  262s
  2989  1953 16631.8948   81  417 24314.7200 15075.3777  38.0%   270  267s
  3004  1966 16810.7130   83  427 24314.7200 15075.3777  38.0%   272  271s
  3022  1994 16946.1667   86  371 24314.7200 15075.3777  38.0%   274  276s
  3054  2030 17027.6170   93  348 24314.7200 15075.3777  38.0%   275  280s
  3090  2083 17351.8500   98  349 24314.7200 15075.3777  38.0%   277  285s
  3143  2150 17435.6820  108  292 24314.7200 15075.3777  38.0%   277  291s
  3210  2238 17945.5517  121  244 24314.7200 15075.3777  38.0%   276  297s
  3298  2327 18388.4707  136  255 24314.7200 15075.3777  38.0%   274  305s
  3387  2475 18904.2872  148  244 24314.7200 15075.3777  38.0%   272  317s
  3537  2615 infeasible  160      24314.7200 15083.9649  38.0%   267  325s
  3698  2824 15361.5287   22  581 24314.7200 15083.9649  38.0%   263  337s
  3947  2901 15380.1752   23  566 24314.7200 15083.9649  38.0%   251  346s
  4030  2917 15468.5733   26  563 24314.7200 15083.9649  38.0%   250  354s
* 4044  2910             249    24221.380000 15083.9649  37.7%   250  354s
* 4046  2910             248    24209.780000 15083.9649  37.7%   250  354s
* 4051  2901             248    24054.240000 15083.9649  37.3%   249  354s
* 4069  2897             248    24042.640000 15083.9649  37.3%   248  354s
  4077  2926 15628.9110   27  510 24042.6400 15083.9649  37.3%   249  360s
  4106  2961 15755.9435   33  507 24042.6400 15083.9649  37.3%   251  367s
H 4115  2958                    24007.960000 15083.9649  37.2%   251  367s
H 4129  2958                    24007.050000 15083.9649  37.2%   252  367s
  4141  2990 15908.9324   38  451 24007.0500 15083.9649  37.2%   252  381s
  4173  3051 15963.5018   44  511 24007.0500 15083.9649  37.2%   253  388s
  4234  3151 16261.7395   48  492 24007.0500 15083.9649  37.2%   254  397s
  4370  3174 16405.9695   54  488 24007.0500 15083.9649  37.2%   250  405s
  4403  3208 16477.9110   63  364 24007.0500 15083.9649  37.2%   251  412s
  4437  3257 16978.3753   70  377 24007.0500 15083.9649  37.2%   253  420s
  4486  3389 17228.4015   77  320 24007.0500 15083.9649  37.2%   255  433s
  4677  3466 17827.4147   88  330 24007.0500 15083.9649  37.2%   249  442s
  4733  3531 18021.9155  103  296 24007.0500 15083.9649  37.2%   250  452s
  4798  3611 18375.8399  113  306 24007.0500 15083.9649  37.2%   251  461s
  4878  3675 18995.5768  132  249 24007.0500 15083.9649  37.2%   251  474s
  4942  3893 19874.0965  143  221 24007.0500 15083.9649  37.2%   252  487s
  5160  4038 22386.5175  202   99 24007.0500 15116.6605  37.0%   248  499s
  5244  4038 23305.3520  226   36 24007.0500 15116.6605  37.0%   245  500s
  5355  4084 infeasible  248      24007.0500 15116.6637  37.0%   243  511s
  5423  4130     cutoff  252      24007.0500 15134.5134  37.0%   244  522s
  5479  4172 15810.0271   32  576 24007.0500 15134.5134  37.0%   245  533s
  5521  4268 16333.9567   47  492 24007.0500 15134.5134  37.0%   247  546s
  5617  4685 17845.7279   80  285 24007.0500 15134.6806  37.0%   247  567s
  6081  4696     cutoff  225      24007.0500 15141.5859  36.9%   234  581s
  6109  4740 15474.1238   15  587 24007.0500 15141.6305  36.9%   235  593s
  6153  4810 16308.1319   34  429 24007.0500 15141.6305  36.9%   237  605s
  6223  5062 17678.8396   63  410 24007.0500 15145.5467  36.9%   238  622s
  6508  5101     cutoff  195      24007.0500 15160.8826  36.8%   233  636s
