




arguments: ./build/bc_mirp -f ./input/orig_exec_75.cfg
Current dir: /scratch/gui/bc_mirp
File verbosity level: 9
date       time         ( uptime  ) [ thread name/id ]                   file:line     v| 
2021-02-07 06:39:28.870 (   0.057s) [main thread     ]             loguru.cpp:789   INFO| Logging to './output/vi_vc+hc1_half/OU/V4/Original/execution_07_02_2021_06_39_28.log', mode: 'a', verbosity: 9
--------------------------------------------------------------------------------
Parameters
                           instance_path           ./input/Instances/Original/2/
                            model_policy                                       1
                             nb_vehicles                                       4
                              output_dir ./output/vi_vc+hc1_half/OU/V4/Original/
                            sec_strategy                                       1
                       solver_nb_threads                                       2
                         solver_show_log                                    true
                       solver_time_limit                                    3600
                              use_vi_cos                                   false
                              use_vi_cus                                   false
                         use_vi_hc1_full                                   false
                         use_vi_hc1_half                                    true
                      use_vi_hc1_quarter                                   false
                              use_vi_hc2                                   false
                              use_vi_hc3                                   false
                         use_vi_lex_full                                   false
                         use_vi_lex_half                                   false
                      use_vi_lex_quarter                                   false
                              use_vi_qua                                   false
                               use_vi_vc                                    true
                               use_vi_vr                                   false
--------------------------------------------------------------------------------
executing instance: ./input/Instances/Original/2/absH3high_3n40.dat
--------------------------------------------------------------------------------
Instance details
n	41
H	3
C	3283
Li:
[0, 0, 0, 0, 0, 0, 0, 0, 0, 0, 0, 0, 0, 0, 0, 0, 0, 0, 0, 0, 0, 0, 0, 0, 0, 0, 0, 0, 0, 0, 0, 0, 0, 0, 0, 0, 0, 0, 0, 0, 0, ]
Ui:
[0, 63, 111, 99, 96, 111, 282, 122, 156, 261, 42, 192, 126, 42, 162, 207, 159, 122, 102, 190, 118, 102, 132, 102, 165, 252, 66, 52, 22, 114, 210, 176, 116, 294, 78, 152, 210, 45, 130, 198, 174, ]
Distance matrix:
|0	208	225	252	227	143	258	127	267	150	28	83	163	286	57	149	201	137	214	255	70	73	107	186	328	266	249	343	222	177	293	144	262	215	167	120	169	218	143	173	255	|
|208	0	397	355	416	198	216	99	211	275	193	172	97	166	240	225	362	109	277	314	182	216	273	374	298	208	319	161	14	103	93	120	58	196	152	156	372	227	260	218	453	|
|225	397	0	427	53	364	482	343	492	129	253	225	382	386	171	188	39	291	187	195	295	182	282	55	326	491	180	551	408	315	457	366	455	275	392	244	221	439	341	214	101	|
|252	355	427	0	401	158	201	263	219	396	234	328	259	498	299	400	420	354	465	506	205	324	152	374	574	219	499	393	366	389	446	235	378	456	205	359	224	150	111	423	400	|
|227	416	53	401	0	357	477	352	489	165	253	245	389	424	179	223	85	315	234	245	293	200	264	42	375	488	231	565	428	344	484	370	474	314	392	270	184	430	325	252	50	|
|143	198	364	158	357	0	121	105	134	290	116	196	103	342	200	276	343	205	343	385	74	210	112	319	432	133	382	265	209	237	290	78	226	313	57	220	232	75	69	292	375	|
|258	216	482	201	477	121	0	168	18	397	230	293	135	381	314	372	459	275	437	480	188	317	228	439	501	18	479	197	222	296	290	132	212	386	95	306	347	58	173	381	496	|
|127	99	343	263	352	105	168	0	171	239	105	130	40	237	173	206	313	109	270	312	84	164	175	310	337	169	313	216	112	135	192	37	142	220	77	138	280	155	162	213	382	|
|267	211	492	219	489	134	18	171	0	404	240	298	136	376	323	376	468	276	441	483	198	324	243	450	500	2	483	181	215	294	281	136	202	386	102	309	363	75	189	384	509	|
|150	275	129	396	165	290	397	239	404	0	175	110	279	259	97	59	91	166	84	116	217	80	245	130	226	402	106	434	286	187	329	269	333	149	302	119	244	364	291	87	213	|
|28	193	253	234	253	116	230	105	240	175	0	94	139	286	84	167	229	136	234	275	43	96	98	212	341	238	271	320	206	175	281	118	244	225	140	128	180	191	124	189	280	|
|83	172	225	328	245	196	293	130	298	110	94	0	169	209	77	80	191	71	147	189	127	45	189	203	247	296	187	327	184	106	241	162	230	132	198	38	242	266	217	96	285	|
|163	97	382	259	389	103	135	40	136	279	139	169	0	253	212	244	353	141	307	349	110	203	194	347	366	133	350	183	107	161	187	27	124	251	56	175	306	133	169	249	418	|
|286	166	386	498	424	342	381	237	376	259	286	209	253	0	284	201	347	151	210	230	299	247	383	387	155	374	242	290	162	112	129	270	192	113	308	172	451	386	391	172	471	|
|57	240	171	299	179	200	314	173	323	97	84	77	212	284	0	112	145	147	170	208	127	38	148	137	299	321	201	386	253	183	315	195	297	195	222	112	171	275	195	142	214	|
|149	225	188	400	223	276	372	206	376	59	167	80	244	201	112	0	149	117	67	110	205	78	254	186	187	374	108	387	235	132	272	240	283	93	277	71	279	346	291	32	270	|
|201	362	39	420	85	343	459	313	468	91	229	191	353	347	145	149	0	254	149	160	272	150	271	66	290	466	146	518	373	278	419	339	420	235	367	207	227	418	327	175	135	|
|137	109	291	354	315	205	275	109	276	166	136	71	141	151	147	117	254	0	172	212	151	116	232	273	229	274	215	270	119	39	170	145	167	111	186	47	305	263	245	113	356	|
|214	277	187	465	234	343	437	270	441	84	234	147	307	210	170	67	149	172	0	42	272	141	317	205	144	439	43	437	284	175	307	305	331	99	343	132	327	413	357	60	283	|
|255	314	195	506	245	385	480	312	483	116	275	189	349	230	208	110	160	212	42	0	314	182	356	222	132	481	15	474	321	212	337	347	367	126	385	174	358	455	398	100	295	|
|70	182	295	205	293	74	188	84	198	217	43	127	110	299	127	205	272	151	272	314	0	137	91	253	370	196	310	292	195	188	274	85	226	252	99	155	197	148	94	223	316	|
|73	216	182	324	200	210	317	164	324	80	96	45	203	247	38	78	150	116	141	182	137	0	176	158	263	323	176	369	229	150	286	191	274	157	223	77	208	284	216	106	239	|
|107	273	282	152	264	112	228	175	243	245	98	189	194	383	148	254	271	232	317	356	91	176	0	231	435	242	349	371	286	271	365	167	315	321	164	224	120	174	61	280	274	|
|186	374	55	374	42	319	439	310	450	130	212	203	347	387	137	186	66	273	205	222	253	158	231	0	348	448	208	523	386	303	442	329	431	279	352	229	167	392	291	217	85	|
|328	298	326	574	375	432	501	337	500	226	341	247	366	155	299	187	290	229	144	132	370	263	435	348	0	498	147	441	299	206	283	374	338	119	414	215	465	492	463	157	425	|
|266	208	491	219	488	133	18	169	2	402	238	296	133	374	321	374	466	274	439	481	196	323	242	448	498	0	481	180	213	292	278	134	200	384	100	307	362	75	188	381	508	|
|249	319	180	499	231	382	479	313	483	106	271	187	350	242	201	108	146	215	43	15	310	176	349	208	147	481	0	480	326	217	346	347	373	135	385	175	347	454	392	103	280	|
|343	161	551	393	565	265	197	216	181	434	320	327	183	290	386	387	518	270	437	474	292	369	371	523	441	180	480	0	153	263	163	207	107	352	208	317	487	244	334	379	598	|
|222	14	408	366	428	209	222	112	215	286	206	184	107	162	253	235	373	119	284	321	195	229	286	386	299	213	326	153	0	109	81	132	48	201	162	167	386	236	272	226	466	|
|177	103	315	389	344	237	296	135	294	187	175	106	161	112	183	132	278	39	175	212	188	150	271	303	206	292	217	263	109	0	142	171	156	95	211	74	344	289	281	118	386	|
|293	93	457	446	484	290	290	192	281	329	281	241	187	129	315	272	419	170	307	337	274	286	365	442	283	278	346	163	81	142	0	212	79	211	241	214	461	311	353	254	525	|
|144	120	366	235	370	78	132	37	136	269	118	162	27	270	195	240	339	145	305	347	85	191	167	329	374	134	347	207	132	171	212	0	151	257	40	174	280	119	142	248	398	|
|262	58	455	378	474	226	212	142	202	333	244	230	124	192	297	283	420	167	331	367	226	274	315	431	338	200	373	107	48	156	79	151	0	245	173	214	421	237	293	273	510	|
|215	196	275	456	314	313	386	220	386	149	225	132	251	113	195	93	235	111	99	126	252	157	321	279	119	384	135	352	201	95	211	257	245	0	297	97	365	374	345	62	362	|
|167	152	392	205	392	57	95	77	102	302	140	198	56	308	222	277	367	186	343	385	99	223	164	352	414	100	385	208	162	211	241	40	173	297	0	213	283	79	126	287	415	|
|120	156	244	359	270	220	306	138	309	119	128	38	175	172	112	71	207	47	132	174	155	77	224	229	215	307	175	317	167	74	214	174	214	97	213	0	280	286	248	75	313	|
|169	372	221	224	184	232	347	280	363	244	180	242	306	451	171	279	227	305	327	358	197	208	120	167	465	362	347	487	386	344	461	280	421	365	283	280	0	291	175	310	176	|
|218	227	439	150	430	75	58	155	75	364	191	266	133	386	275	346	418	263	413	455	148	284	174	392	492	75	454	244	236	289	311	119	237	374	79	286	291	0	116	359	445	|
|143	260	341	111	325	69	173	162	189	291	124	217	169	391	195	291	327	245	357	398	94	216	61	291	463	188	392	334	272	281	353	142	293	345	126	248	175	116	0	313	335	|
|173	218	214	423	252	292	381	213	384	87	189	96	249	172	142	32	175	113	60	100	223	106	280	217	157	381	103	379	226	118	254	248	273	62	287	75	310	359	313	0	300	|
|255	453	101	400	50	375	496	382	509	213	280	285	418	471	214	270	135	356	283	295	316	239	274	85	425	508	280	598	466	386	525	398	510	362	415	313	176	445	335	300	0	|

--------------------------------------------------------------------------------
Building model...
	using lazy and cut (CVRPSEP package)
Solving IRP LP...
--------------------------------------------------------------------------------

Gurobi 9.1.0 (linux64) logging started Sun Feb  7 06:39:29 2021

Gurobi Optimizer version 9.1.0 build v9.1.0rc0 (linux64)
Thread count: 32 physical cores, 32 logical processors, using up to 2 threads
Optimize a model with 1691 rows, 10976 columns and 27242 nonzeros
Model fingerprint: 0x30e1164a
Variable types: 644 continuous, 10332 integer (492 binary)
Coefficient statistics:
  Matrix range     [1e+00, 8e+02]
  Objective range  [1e-01, 6e+02]
  Bounds range     [1e+00, 3e+02]
  RHS range        [1e+00, 6e+03]
Presolve removed 455 rows and 942 columns
Presolve time: 0.11s
Presolved: 1236 rows, 10034 columns, 23508 nonzeros
Variable types: 389 continuous, 9645 integer (9161 binary)

Root relaxation: objective 1.236163e+04, 1429 iterations, 0.05 seconds

    Nodes    |    Current Node    |     Objective Bounds      |     Work
 Expl Unexpl |  Obj  Depth IntInf | Incumbent    BestBd   Gap | It/Node Time

     0     0 12361.6297    0  153          - 12361.6297      -     -    0s
     0     0 12854.8896    0  117          - 12854.8896      -     -    0s
     0     0 12878.0617    0  111          - 12878.0617      -     -    0s
     0     0 13442.6490    0  237          - 13442.6490      -     -    1s
     0     0 13491.7503    0  218          - 13491.7503      -     -    1s
     0     0 13504.9985    0  204          - 13504.9985      -     -    1s
     0     0 13516.4717    0  249          - 13516.4717      -     -    1s
     0     0 13516.8405    0  250          - 13516.8405      -     -    1s
     0     0 13629.8136    0  229          - 13629.8136      -     -    1s
     0     0 13701.8564    0  279          - 13701.8564      -     -    1s
     0     0 13717.6310    0  296          - 13717.6310      -     -    1s
     0     0 13718.9674    0  291          - 13718.9674      -     -    1s
     0     0 13786.9556    0  345          - 13786.9556      -     -    2s
     0     0 13786.9556    0  345          - 13786.9556      -     -    5s
     0     0 13820.1867    0  375          - 13820.1867      -     -    6s
     0     0 13824.7456    0  372          - 13824.7456      -     -    6s
     0     0 13829.8281    0  391          - 13829.8281      -     -    7s
     0     0 13848.5474    0  408          - 13848.5474      -     -    7s
     0     0 13853.4845    0  420          - 13853.4845      -     -    7s
     0     0 13854.1379    0  419          - 13854.1379      -     -    7s
     0     0 13875.2989    0  381          - 13875.2989      -     -    7s
     0     0 13878.5131    0  425          - 13878.5131      -     -    7s
     0     0 13879.7225    0  400          - 13879.7225      -     -    7s
     0     0 13885.3704    0  395          - 13885.3704      -     -    8s
     0     0 13885.3704    0  393          - 13885.3704      -     -    8s
     0     2 13885.3704    0  389          - 13885.3704      -     -    8s
    15    18 13917.4702    5  488          - 13897.7969      -   289   10s
    75    80 14159.8700   21  391          - 13897.7969      -   340   15s
   185   196 14676.0927   48  265          - 13897.7969      -   281   20s
   366   408 15093.7838   75  302          - 13897.7969      -   213   25s
*  529   556             235    17646.660000 13897.7969  21.2%   165   27s
   578   542 15709.8708   95  220 17646.6600 13897.7969  21.2%   165   30s
   618   580 16108.1929  117  119 17646.6600 13897.7969  21.2%   171   36s
   653   635 16335.1899  141  126 17646.6600 13897.7969  21.2%   172   44s
   703   660 14356.4953   12  344 17646.6600 13897.7969  21.2%   168   45s
   836   803 17436.0105  269   37 17646.6600 13903.9571  21.2%   153   50s
   868   808 14032.1252   18  159 17646.6600 13903.9571  21.2%   158   55s
   880   816 16752.9025  198  558 17646.6600 14053.2592  20.4%   155   60s
   892   824 16857.8396  215  583 17646.6600 14072.3152  20.3%   153   65s
   903   832 14091.4582    3  629 17646.6600 14091.4582  20.1%   151   70s
   913   838 17461.4102  273  645 17646.6600 14094.3059  20.1%   150   75s
H  913   795                    17591.690000 14100.0635  19.8%   150   84s
   918   799 17545.4950  229  664 17591.6900 14111.8324  19.8%   149   85s
   926   804 14446.5172   36  651 17591.6900 14115.4350  19.8%   148   90s
   933   809 15874.5840  101  651 17591.6900 14118.6650  19.7%   147   95s
   940   815 16798.4592  178  372 17591.6900 14118.6660  19.7%   164  100s
   954   824 17339.6415  202  667 17591.6900 14128.4039  19.7%   162  105s
H  957   784                    17191.700000 14130.1019  17.8%   161  107s
   965   790 16907.8469  219  644 17191.7000 14133.5199  17.8%   160  110s
   974   796 16906.2134  220  716 17191.7000 14135.2562  17.8%   159  116s
   979   802 14144.2132   23  655 17191.7000 14144.2132  17.7%   171  120s
   994   812 14152.2803   27  546 17191.7000 14148.9486  17.7%   181  125s
  1009   822 14203.8310   30  513 17191.7000 14173.6839  17.6%   189  130s
  1049   853 14233.1451   40  562 17191.7000 14173.6839  17.6%   200  135s
  1093   882 14255.5419   51  509 17191.7000 14173.6839  17.6%   211  140s
  1128   907 14393.6375   59  437 17191.7000 14173.6839  17.6%   218  145s
  1176   946 14638.3033   72  346 17191.7000 14173.6839  17.6%   228  150s
  1223   977 14479.1791   83  304 17191.7000 14173.6839  17.6%   233  156s
  1265  1011 14755.9578   93  363 17191.7000 14173.6839  17.6%   235  160s
  1371  1100 14952.5470  119  311 17191.7000 14173.6839  17.6%   237  166s
  1465  1168 15098.4306  144  228 17191.7000 14173.6839  17.6%   232  170s
  1630  1319 15605.0246  188  184 17191.7000 14173.6839  17.6%   223  176s
  1715  1293 15755.6370  210  180 17191.7000 14173.6839  17.6%   217  183s
  1717  1326 15742.6459  210  123 17191.7000 14173.6839  17.6%   217  185s
  1867  1522 16411.6703  252  102 17191.7000 14173.6839  17.6%   206  190s
  2065  1466 14327.2738   27  383 17191.7000 14177.8128  17.5%   195  196s
  2081  1479 14364.3845   31  489 17191.7000 14177.8128  17.5%   199  200s
  2107  1502 14483.7781   36  448 17191.7000 14177.8128  17.5%   204  205s
  2158  1539 14580.1453   44  301 17191.7000 14177.8128  17.5%   206  212s
  2207  1605 14674.4706   55  132 17191.7000 14177.8128  17.5%   206  216s
  2338  1752 15171.9130   82   90 17191.7000 14177.8128  17.5%   202  221s
  2476  1730 15878.1576  127   35 17191.7000 14193.6446  17.4%   194  225s
* 2491  1516             134    16294.910000 14193.6446  12.9%   193  225s
  2528  1527 14345.1337   35  473 16294.9100 14193.6446  12.9%   197  230s
  2545  1545 14440.4863   40  431 16294.9100 14193.6446  12.9%   200  235s
  2579  1575 14563.4282   46  313 16294.9100 14193.6446  12.9%   205  241s
  2599  1570 14610.2760   47  184 16294.9100 14193.6446  12.9%   205  245s
  2620  1615 14734.9779   51  256 16294.9100 14193.6446  12.9%   207  250s
  2713  1705 14873.9384   63  217 16294.9100 14193.6446  12.9%   207  256s
  2774  1771 14884.1901   72  179 16294.9100 14193.6446  12.9%   205  260s
  2962  1843 15060.0500  100   75 16294.9100 14193.6446  12.9%   200  268s
* 2993  1771             133    16241.740000 14193.6446  12.6%   199  268s
* 3005  1673             138    15993.070000 14193.6446  11.3%   199  268s
  3027  1722 15282.3616  112   82 15993.0700 14193.6446  11.3%   198  272s
  3087  1799 15700.1354  131   71 15993.0700 14193.7571  11.3%   197  276s
  3185  1826     cutoff  170      15993.0700 14198.1234  11.2%   194  280s
  3276  1913 14941.1651   42  211 15993.0700 14198.3114  11.2%   194  289s
  3331  1921 14275.0918   34  605 15993.0700 14198.3370  11.2%   193  293s
  3338  1931 14384.8814   37  551 15993.0700 14198.3370  11.2%   194  296s
  3359  1957 14458.9493   42  503 15993.0700 14198.3370  11.2%   197  302s
  3374  1972 14490.7057   44  403 15993.0700 14198.3370  11.2%   198  307s
  3389  1993 14572.6856   46  343 15993.0700 14198.3370  11.2%   199  310s
  3435  2050 14706.0419   55  235 15993.0700 14198.3370  11.2%   201  318s
  3467  2115 14725.8680   59  255 15993.0700 14198.3370  11.2%   202  322s
  3542  2178 14801.5677   68  233 15993.0700 14198.3370  11.2%   201  328s
  3600  2280 14915.4871   75  209 15993.0700 14198.3370  11.2%   200  333s
  3730  2334 15058.5394   88  145 15993.0700 14198.3370  11.2%   197  338s
  3784  2378 15333.1353  101  111 15993.0700 14198.3370  11.2%   197  344s
  3808  2378 15445.1324  109  107 15993.0700 14198.3370  11.2%   197  345s
  3828  2443 15425.7055  113   68 15993.0700 14200.9757  11.2%   196  350s
  3921  2474 14549.8394   38  476 15993.0700 14200.9757  11.2%   195  355s
  3952  2583 14878.1433   53  228 15993.0700 14201.7802  11.2%   196  361s
  4072  2637 15712.8253   99   65 15993.0700 14203.8411  11.2%   193  368s
  4154  2666 14817.0878   38  415 15993.0700 14203.8625  11.2%   192  373s
  4183  2741 15238.5462   56  331 15993.0700 14203.8625  11.2%   193  380s
  4258  2835 15721.7797  113   35 15993.0700 14207.5598  11.2%   193  386s
  4385  2840 infeasible  142      15993.0700 14219.7616  11.1%   190  407s
  4389  2852 14483.0382   28  412 15993.0700 14220.6243  11.1%   191  413s
  4401  2894 14741.4233   35  412 15993.0700 14220.6243  11.1%   193  418s
  4443  2972 15432.3731   59   92 15993.0700 14227.8043  11.0%   194  425s
  4538  3024 14841.5623   44  154 15993.0700 14228.7554  11.0%   193  432s
  4606  3099 14615.6252   35  283 15993.0700 14228.7554  11.0%   193  440s
  4681  3168 15427.7568   86   41 15993.0700 14228.7723  11.0%   193  447s
  4777  3197 14613.0344   33  367 15993.0700 14230.8194  11.0%   193  454s
  4800  3242 14640.3751   35  443 15993.0700 14230.8194  11.0%   195  461s
  4845  3306 15122.1572   40  306 15993.0700 14230.8194  11.0%   196  469s
  4902  3306 15926.2979   63   94 15993.0700 14230.8194  11.0%   196  470s
  4921  3363 15492.1940   53  198 15993.0700 14237.5686  11.0%   197  481s
  4987  3437 14388.7229   27  574 15993.0700 14237.5686  11.0%   197  490s
  5082  3496 14667.7011   44  425 15993.0700 14237.5686  11.0%   196  498s
  5141  3580 15658.9786   84  186 15993.0700 14239.5352  11.0%   197  506s
  5267  3608     cutoff  116      15993.0700 14239.6055  11.0%   196  516s
  5316  3719 14601.0267   44  465 15993.0700 14239.7381  11.0%   197  525s
  5427  3785 15628.7302  113   34 15993.0700 14240.1444  11.0%   197  535s
  5521  3841 15925.4817  124   19 15993.0700 14244.2901  10.9%   197  545s
  5590  3930     cutoff  133      15993.0700 14244.8831  10.9%   198  556s
  5695  3986 14479.6515   44  308 15993.0700 14248.8586  10.9%   199  567s
  5752  4118 14759.1710   63  237 15993.0700 14249.0893  10.9%   200  581s
  5932  4190 15646.8051  111   20 15993.0700 14252.6802  10.9%   198  592s
  6001  4278     cutoff  131      15993.0700 14254.7920  10.9%   200  603s
  6116  4422 14908.0496   55  293 15993.0700 14256.2131  10.9%   200  616s
  6291  4495 14667.8324   41  278 15993.0700 14258.0618  10.8%   199  629s
  6339  4499 15928.1650   85    4 15993.0700 14258.0618  10.8%   198  630s
  6377  4612     cutoff   87      15993.0700 14258.2879  10.8%   199  641s
  6508  4687 15566.3168   63  255 15993.0700 14259.7406  10.8%   200  654s
  6607  4791 14771.1210   53  404 15993.0700 14262.3037  10.8%   200  667s
  6766  4878 14474.6739   35  289 15993.0700 14262.3961  10.8%   200  679s
  6808  4878 14787.0086   51  202 15993.0700 14262.3961  10.8%   201  680s
  6853  5005 14831.0387   58  125 15993.0700 14262.3961  10.8%   202  695s
  6980  5118 15350.2905   84  126 15993.0700 14264.0730  10.8%   201  709s
  7146  5237 14678.8991   39  226 15993.0700 14269.4695  10.8%   200  723s
  7276  5391 14584.8216   41  388 15993.0700 14270.7874  10.8%   201  740s
  7449  5514 14691.1359   34  500 15993.0700 14273.4493  10.8%   201  759s
  7485  5514 15609.9660   70  155 15993.0700 14273.4493  10.8%   201  760s
* 7522  5375             117    15887.610000 14274.5986  10.2%   201  760s
  7597  5454 14436.6714   56  456 15887.6100 14277.2654  10.1%   201  777s
  7709  5614 14559.7208   35  410 15887.6100 14281.1169  10.1%   203  797s
  7901  5767 14738.7230   51  401 15887.6100 14281.1169  10.1%   203  816s
  8068  5942 15092.1122   89   58 15887.6100 14285.2289  10.1%   204  835s
  8285  6046     cutoff  129      15887.6100 14287.6106  10.1%   203  854s
  8357  6048 14799.5707   56  491 15887.6100 14288.0353  10.1%   203  855s
  8424  6147 15830.9038  133   15 15887.6100 14289.4339  10.1%   204  873s
  8541  6185 15841.7175  134   15 15887.6100 14290.9384  10.0%   205  892s
  8584  6274 14812.2217   37  336 15887.6100 14292.2417  10.0%   208  912s
  8695  6411 14497.9579   45  428 15887.6100 14292.2666  10.0%   210  931s
  8856  6553     cutoff  129      15887.6100 14295.8986  10.0%   210  953s
  9002  6788 15456.5433   99   81 15887.6100 14296.1463  10.0%   211  976s
  9323  6984     cutoff  121      15887.6100 14302.0011  10.0%   208  997s
  9541  7099 14604.4676   51  445 15887.6100 14306.4496  10.0%   207 1018s
  9680  7205 14859.1940   53  410 15887.6100 14309.2565  9.93%   208 1039s
  9774  7205     cutoff   85      15887.6100 14309.2691  9.93%   208 1040s
  9803  7348 14664.6212   48  348 15887.6100 14310.5312  9.93%   209 1061s
  9980  7493     cutoff  129      15887.6100 14314.9601  9.90%   208 1084s
 10158  7605 15663.5100  111    - 15887.6100 14316.3251  9.89%   207 1108s
 10285  7707 14757.7523   62  183 15887.6100 14316.8003  9.89%   208 1127s
 10384  8157 14911.2982   72  247 15887.6100 14318.4875  9.88%   209 1151s
 10875  8167 15777.2985  111    5 15887.6100 14318.5495  9.88%   205 1155s
 10952  8309     cutoff  141      15887.6100 14318.9786  9.87%   204 1174s
 11002  8309 15556.5834   83   81 15887.6100 14318.9786  9.87%   204 1175s
 11144  8518 14665.6062   44  231 15887.6100 14319.5543  9.87%   204 1196s
 11388  8665 14479.0365   33  485 15887.6100 14320.5891  9.86%   203 1217s
 11572  8762 infeasible  108      15887.6100 14321.9943  9.85%   203 1236s
 11673  8908 15669.0275   90  125 15887.6100 14322.0048  9.85%   204 1257s
 11879  9073 14668.4291   46  368 15887.6100 14325.7186  9.83%   204 1277s
 12075  9265     cutoff  111      15887.6100 14327.1802  9.82%   203 1298s
 12303  9265 15711.2435  123   22 15887.6100 14328.5638  9.81%   203 1300s
 12321  9435 14552.6058   30  316 15887.6100 14330.1751  9.80%   203 1318s
 12511  9642 15047.1441   69  246 15887.6100 14331.9834  9.79%   203 1340s
 12791  9711 15724.0900   91    - 15887.6100 14334.5530  9.78%   201 1360s
 12856  9868 14955.7242   47  236 15887.6100 14334.7254  9.77%   203 1381s
 13048  9997 14591.4439   31  469 15887.6100 14335.0512  9.77%   203 1400s
 13177 10207 14760.3514   47  179 15887.6100 14336.0057  9.77%   204 1422s
 13498 10374     cutoff  126      15887.6100 14339.6566  9.74%   203 1443s
 13685 10516 14575.0451   42  285 15887.6100 14341.5093  9.73%   203 1561s
H13773 10054                    15779.300000 14341.9140  9.11%   203 1563s
 13858 10198     cutoff   85      15779.3000 14342.1775  9.11%   203 1584s
 13902 10198 15415.8176   77  112 15779.3000 14342.1775  9.11%   203 1585s
 14036 10364 15041.2266   49  444 15779.3000 14342.6534  9.10%   203 1606s
 14269 10522 infeasible  101      15779.3000 14345.1076  9.09%   202 1627s
 14462 10660     cutoff  128      15779.3000 14347.0567  9.08%   202 1650s
 14623 10873 14716.8624   52  209 15779.3000 14348.7234  9.07%   202 1671s
 14884 11026     cutoff  106      15779.3000 14350.7747  9.05%   202 1693s
H14890 10123                    15645.410000 14350.7747  8.27%   202 1693s
 15045 10125     cutoff  113      15645.4100 14351.2566  8.27%   201 1695s
 15067 10210 15638.5466   71  105 15645.4100 14353.0232  8.26%   202 1715s
 15182 10325 15598.2000  105    - 15645.4100 14353.7763  8.26%   202 1737s
 15328 10470 14704.6446   57  331 15645.4100 14354.0465  8.25%   203 1758s
 15502 10565 15054.5847   89   65 15645.4100 14354.2242  8.25%   203 1781s
H15602 10462                    15626.360000 14355.1210  8.14%   203 1781s
 15624 10531     cutoff  116      15626.3600 14355.5571  8.13%   204 1802s
 15744 10664 14744.7110   43  452 15626.3600 14356.6543  8.13%   205 1824s
 15829 10664 14997.0340   61  120 15626.3600 14356.6543  8.13%   205 1825s
 15893 10780 15096.8638   68  123 15626.3600 14357.1483  8.12%   205 1845s
 16045 10867     cutoff   92      15626.3600 14358.5195  8.11%   206 1866s
 16137 11011 14610.9570   39  279 15626.3600 14358.6974  8.11%   206 1886s
 16281 11195 14963.4861   77   90 15626.3600 14358.9911  8.11%   207 1908s
 16507 11291 15401.2500   92    6 15626.3600 14359.5567  8.11%   206 1928s
 16643 11372 15570.4935   99   38 15626.3600 14362.2400  8.09%   207 1947s
 16758 11498 15364.3008   59  158 15626.3600 14363.1311  8.08%   208 1966s
 16905 11546 15228.7694   89  179 15626.3600 14364.1601  8.08%   208 1995s
 16963 11674 14565.7449   38  421 15626.3600 14364.1601  8.08%   208 2032s
 17100 11810 14899.9563   60  200 15626.3600 14364.5040  8.08%   209 2068s
 17196 11815 14956.2151   62  197 15626.3600 14365.0439  8.07%   209 2070s
 17278 11898 15519.9441  100    5 15626.3600 14365.0879  8.07%   209 2103s
 17390 12018     cutoff  104      15626.3600 14365.5345  8.07%   210 2139s
 17530 12137 14555.8944   41  378 15626.3600 14366.8263  8.06%   210 2174s
 17568 12137 15251.0231   66  206 15626.3600 14366.8263  8.06%   211 2175s
 17659 12321 14778.1798   54  292 15626.3600 14367.7445  8.05%   211 2209s
 17684 12321 14889.3078   70  132 15626.3600 14367.7445  8.05%   211 2210s
 17898 12449     cutoff  130      15626.3600 14368.5296  8.05%   210 2246s
H18050 11285                    15478.100000 14369.6443  7.16%   211 2286s
 18221 11310 14905.3900   50  505 15478.1000 14369.8869  7.16%   211 2325s
 18287 11435 14543.3101   35  478 15478.1000 14370.1999  7.16%   212 2359s
 18342 11435 15028.1237   51   74 15478.1000 14370.1999  7.16%   213 2360s
 18436 11593 14863.0674   49  374 15478.1000 14370.8361  7.15%   213 2395s
 18625 11779 14602.9265   38  349 15478.1000 14372.0277  7.15%   213 2432s
 18810 11780 15086.0600   75  148 15478.1000 14372.7856  7.14%   212 2435s
 18859 11923     cutoff   92      15478.1000 14372.9492  7.14%   212 2470s
H18860 10647                    15370.780000 14372.9492  6.49%   212 2470s
 19042 10755 15127.4537   57  222 15370.7800 14373.2601  6.49%   212 2507s
 19191 10875 15270.4035   87  208 15370.7800 14375.1079  6.48%   213 2544s
 19239 10875 15236.1199   74  121 15370.7800 14375.1079  6.48%   213 2545s
 19330 11048 14715.8700   65  385 15370.7800 14375.3385  6.48%   213 2586s
 19550 11130     cutoff   84      15370.7800 14375.5461  6.47%   213 2628s
 19656 11225 15295.6667   54  269 15370.7800 14376.3757  6.47%   214 2666s
 19798 11353 14740.8796   42  399 15370.7800 14377.8174  6.46%   214 2709s
 19846 11354 15366.6000   89    - 15370.7800 14377.8174  6.46%   214 2710s
 19954 11448     cutoff   88      15370.7800 14378.0515  6.46%   215 2748s
 20078 11541 14637.4088   25  551 15370.7800 14379.9319  6.45%   215 2789s
 20109 11541 15274.4312   56  225 15370.7800 14379.9319  6.45%   216 2790s
 20240 11613 14610.0133   33  241 15370.7800 14380.0242  6.45%   216 2826s
 20334 11722 14620.2967   37  483 15370.7800 14380.3566  6.44%   216 2866s
 20475 11821 15096.8788   63  342 15370.7800 14382.9044  6.43%   217 2906s
 20603 11967 14872.7956   36  194 15370.7800 14383.5288  6.42%   217 2946s
 20806 12050 14935.8264   60  439 15370.7800 14384.1004  6.42%   217 2987s
 20913 12170 15263.1749   55  348 15370.7800 14385.1640  6.41%   218 3029s
 20950 12170 15170.7879   70  325 15370.7800 14385.1640  6.41%   218 3030s
 21075 12269 14733.9335   46  480 15370.7800 14386.1790  6.41%   218 3067s
H21155  9858                    15211.230000 14386.3544  5.42%   219 3068s
 21196  9923 14954.3780   73  209 15211.2300 14387.5624  5.41%   219 3108s
 21324 10028 14460.3811   39  401 15211.2300 14388.9279  5.41%   219 3151s
 21450 10064 14781.8287   42  505 15211.2300 14389.4914  5.40%   220 3186s
 21504 10149 14792.5021   51  101 15211.2300 14391.4693  5.39%   220 3226s
 21636 10282 14773.8181   46  382 15211.2300 14392.3276  5.38%   221 3267s
 21801 10282 15179.2177   85  124 15211.2300 14392.5116  5.38%   221 3270s
 21816 10353     cutoff   71      15211.2300 14393.1126  5.38%   221 3306s
 21919 10438 14664.3172   54  341 15211.2300 14393.9418  5.37%   222 3343s
 22041 10536 14691.8971   38  223 15211.2300 14395.9027  5.36%   222 3384s
 22104 10536 15132.2711   77   88 15211.2300 14395.9027  5.36%   222 3385s
 22212 10620 14625.2476   43  456 15211.2300 14397.9886  5.35%   223 3423s
 22329 10726 15176.8460   72  434 15211.2300 14399.4903  5.34%   223 3466s
 22483 10798 14931.9041   64  397 15211.2300 14401.4761  5.32%   223 3505s
 22586 10889     cutoff   57      15211.2300 14403.9020  5.31%   224 3547s
 22694 11038 14945.6763   57   79 15211.2300 14404.2974  5.30%   225 3591s
 22885 11043     cutoff   83      15211.2300 14404.3702  5.30%   225 3600s

Cutting planes:
  User: 4833
  Gomory: 22
  Cover: 397
  Implied bound: 111
  Projected implied bound: 12
  Clique: 31
  MIR: 128
  StrongCG: 1
  Flow cover: 309
  Zero half: 40
  RLT: 255
  Relax-and-lift: 3
  Lazy constraints: 2994

Explored 22893 nodes (5169211 simplex iterations) in 3600.09 seconds
Thread count was 2 (of 32 available processors)

Solution count 10: 15211.2 15370.8 15478.1 ... 16294.9

Time limit reached
Best objective 1.521123000000e+04, best bound 1.440437020296e+04, gap 5.3044%

User-callback calls 320214, time in user-callback 169.83 sec
================================================================================
executing instance: ./input/Instances/Original/2/absH3high_4n10.dat
--------------------------------------------------------------------------------
Instance details
n	11
H	3
C	822
Li:
[0, 0, 0, 0, 0, 0, 0, 0, 0, 0, 0, ]
Ui:
[0, 102, 52, 88, 182, 153, 138, 38, 165, 297, 86, ]
Distance matrix:
|0	285	411	382	327	239	148	256	307	36	383	|
|285	0	352	98	249	103	227	235	120	268	209	|
|411	352	0	395	106	430	263	549	234	429	174	|
|382	98	395	0	302	173	320	288	168	364	227	|
|327	249	106	302	0	324	179	444	135	339	109	|
|239	103	430	173	324	0	241	132	212	212	305	|
|148	227	263	320	179	241	0	325	192	165	249	|
|256	235	549	288	444	132	325	0	342	220	436	|
|307	120	234	168	135	212	192	342	0	304	94	|
|36	268	429	364	339	212	165	220	304	0	386	|
|383	209	174	227	109	305	249	436	94	386	0	|

--------------------------------------------------------------------------------
Building model...
	using lazy and cut (CVRPSEP package)
Solving IRP LP...
--------------------------------------------------------------------------------

Gurobi 9.1.0 (linux64) logging started Sun Feb  7 07:39:29 2021

Gurobi Optimizer version 9.1.0 build v9.1.0rc0 (linux64)
Thread count: 32 physical cores, 32 logical processors, using up to 2 threads
Optimize a model with 446 rows, 956 columns and 2912 nonzeros
Model fingerprint: 0x5d9cd373
Variable types: 164 continuous, 792 integer (132 binary)
Coefficient statistics:
  Matrix range     [1e+00, 3e+02]
  Objective range  [2e-01, 5e+02]
  Bounds range     [1e+00, 3e+02]
  RHS range        [1e+00, 1e+03]
Presolve removed 159 rows and 255 columns
Presolve time: 0.04s
Presolved: 287 rows, 701 columns, 1977 nonzeros
Variable types: 86 continuous, 615 integer (509 binary)
Found heuristic solution: objective 9915.6500000

Root relaxation: objective 4.200122e+03, 461 iterations, 0.01 seconds

    Nodes    |    Current Node    |     Objective Bounds      |     Work
 Expl Unexpl |  Obj  Depth IntInf | Incumbent    BestBd   Gap | It/Node Time

     0     0 4200.12220    0   67 9915.65000 4200.12220  57.6%     -    0s
H    0     0                    7645.3200000 4200.12220  45.1%     -    0s
H    0     0                    7599.3200000 4200.12220  44.7%     -    0s
     0     0 4656.37005    0   84 7599.32000 4656.37005  38.7%     -    0s
H    0     0                    6201.9700000 4656.37005  24.9%     -    0s
     0     0 4656.79210    0   96 6201.97000 4656.79210  24.9%     -    0s
     0     0 4858.33563    0   99 6201.97000 4858.33563  21.7%     -    0s
H    0     0                    6080.2500000 4858.33563  20.1%     -    0s
     0     0 4864.93027    0  110 6080.25000 4864.93027  20.0%     -    0s
     0     0 4867.41922    0  109 6080.25000 4867.41922  19.9%     -    0s
     0     0 4867.71885    0  107 6080.25000 4867.71885  19.9%     -    0s
     0     0 4900.00923    0  108 6080.25000 4900.00923  19.4%     -    0s
     0     0 4918.17205    0  123 6080.25000 4918.17205  19.1%     -    0s
     0     0 4920.72510    0  112 6080.25000 4920.72510  19.1%     -    0s
     0     0 4921.54859    0  125 6080.25000 4921.54859  19.1%     -    0s
     0     0 4921.68579    0  122 6080.25000 4921.68579  19.1%     -    0s
     0     0 4952.37029    0  117 6080.25000 4952.37029  18.5%     -    0s
     0     0 4971.97187    0  167 6080.25000 4971.97187  18.2%     -    0s
     0     0 4972.71894    0  140 6080.25000 4972.71894  18.2%     -    0s
     0     0 4973.46317    0  145 6080.25000 4973.46317  18.2%     -    0s
     0     0 4974.55358    0  146 6080.25000 4974.55358  18.2%     -    0s
     0     0 4974.60858    0  170 6080.25000 4974.60858  18.2%     -    0s
     0     0 4994.25961    0  163 6080.25000 4994.25961  17.9%     -    0s
     0     0 4997.10588    0  166 6080.25000 4997.10588  17.8%     -    0s
     0     0 4997.54126    0  176 6080.25000 4997.54126  17.8%     -    0s
     0     0 5016.47736    0  177 6080.25000 5016.47736  17.5%     -    0s
     0     0 5018.52247    0  156 6080.25000 5018.52247  17.5%     -    0s
     0     0 5018.73143    0  160 6080.25000 5018.73143  17.5%     -    0s
     0     0 5020.91447    0  175 6080.25000 5020.91447  17.4%     -    0s
     0     0 5020.91447    0  175 6080.25000 5020.91447  17.4%     -    0s
     0     2 5023.10396    0  175 6080.25000 5023.10396  17.4%     -    0s
*  209   143              20    5991.4500000 5231.77115  12.7%  42.9    1s
  1815   278 5798.48930   10  115 5991.45000 5719.68587  4.54%  52.4    5s

Cutting planes:
  User: 114
  Gomory: 5
  Cover: 98
  Implied bound: 53
  Clique: 6
  MIR: 64
  StrongCG: 3
  Flow cover: 61
  RLT: 86
  Relax-and-lift: 21
  Lazy constraints: 3

Explored 2509 nodes (127934 simplex iterations) in 6.21 seconds
Thread count was 2 (of 32 available processors)

Solution count 6: 5991.45 6080.25 6201.97 ... 9915.65

Optimal solution found (tolerance 1.00e-04)
Best objective 5.991450000000e+03, best bound 5.991450000000e+03, gap 0.0000%

User-callback calls 6284, time in user-callback 0.75 sec
================================================================================
executing instance: ./input/Instances/Original/2/absH3high_3n20.dat
--------------------------------------------------------------------------------
Instance details
n	21
H	3
C	1536
Li:
[0, 0, 0, 0, 0, 0, 0, 0, 0, 0, 0, 0, 0, 0, 0, 0, 0, 0, 0, 0, 0, ]
Ui:
[0, 48, 207, 156, 294, 207, 297, 54, 114, 90, 228, 132, 84, 64, 51, 153, 60, 39, 195, 82, 130, ]
Distance matrix:
|0	41	141	324	154	98	307	402	160	217	284	269	188	233	54	185	307	149	286	276	103	|
|41	0	114	285	184	88	285	385	200	197	251	230	189	270	48	205	295	160	245	241	62	|
|141	114	0	200	208	193	353	459	269	275	289	154	129	371	160	192	380	136	205	267	88	|
|324	285	200	0	406	330	386	484	467	344	286	57	299	555	318	380	442	327	114	255	226	|
|154	184	208	406	0	250	460	553	101	370	436	361	136	247	208	63	455	87	405	425	232	|
|98	88	193	330	250	0	211	304	232	121	204	273	276	249	44	283	210	244	259	204	113	|
|307	285	353	386	460	211	0	106	436	90	104	342	467	407	253	490	72	445	275	134	269	|
|402	385	459	484	553	304	106	0	517	188	198	443	570	463	348	587	102	545	371	229	373	|
|160	200	269	467	101	232	436	517	0	349	434	417	231	148	200	163	415	179	444	431	261	|
|217	197	275	344	370	121	90	188	349	0	111	293	382	335	163	400	106	357	244	128	187	|
|284	251	289	286	436	204	104	198	434	111	0	246	413	441	235	452	170	401	173	31	214	|
|269	230	154	57	361	273	342	443	417	293	246	0	266	500	261	342	393	286	85	215	170	|
|188	189	129	299	136	276	467	570	231	382	413	266	0	368	233	88	483	53	330	394	201	|
|233	270	371	555	247	249	407	463	148	335	441	500	368	0	242	310	364	316	504	448	330	|
|54	48	160	318	208	44	253	348	200	163	235	261	233	242	0	239	254	200	262	230	92	|
|185	205	192	380	63	283	490	587	163	400	452	342	88	310	239	0	492	56	397	438	240	|
|307	295	380	442	455	210	72	102	415	106	170	393	483	364	254	492	0	453	334	198	293	|
|149	160	136	327	87	244	445	545	179	357	401	286	53	316	200	56	453	0	341	385	188	|
|286	245	205	114	405	259	275	371	444	244	173	85	330	504	262	397	334	341	0	142	183	|
|276	241	267	255	425	204	134	229	431	128	31	215	394	448	230	438	198	385	142	0	198	|
|103	62	88	226	232	113	269	373	261	187	214	170	201	330	92	240	293	188	183	198	0	|

--------------------------------------------------------------------------------
Building model...
	using lazy and cut (CVRPSEP package)
Solving IRP LP...
--------------------------------------------------------------------------------

Gurobi 9.1.0 (linux64) logging started Sun Feb  7 07:39:35 2021

Gurobi Optimizer version 9.1.0 build v9.1.0rc0 (linux64)
Thread count: 32 physical cores, 32 logical processors, using up to 2 threads
Optimize a model with 861 rows, 3096 columns and 8397 nonzeros
Model fingerprint: 0x46b73f37
Variable types: 324 continuous, 2772 integer (252 binary)
Coefficient statistics:
  Matrix range     [1e+00, 4e+02]
  Objective range  [1e-01, 6e+02]
  Bounds range     [1e+00, 3e+02]
  RHS range        [1e+00, 3e+03]
Presolve removed 255 rows and 482 columns
Presolve time: 0.06s
Presolved: 606 rows, 2614 columns, 6610 nonzeros
Variable types: 189 continuous, 2425 integer (2192 binary)

Root relaxation: objective 6.829708e+03, 765 iterations, 0.02 seconds

    Nodes    |    Current Node    |     Objective Bounds      |     Work
 Expl Unexpl |  Obj  Depth IntInf | Incumbent    BestBd   Gap | It/Node Time

     0     0 6829.70780    0   72          - 6829.70780      -     -    0s
H    0     0                    12647.120000 6829.70780  46.0%     -    0s
H    0     0                    12611.120000 6829.70780  45.8%     -    0s
     0     0 7062.11179    0   64 12611.1200 7062.11179  44.0%     -    0s
H    0     0                    12513.150000 7062.11179  43.6%     -    0s
     0     0 7388.53785    0  162 12513.1500 7388.53785  41.0%     -    0s
     0     0 7431.75980    0  149 12513.1500 7431.75980  40.6%     -    0s
