




arguments: ./build/bc_mirp -f ./input/orig_exec_219.cfg
Current dir: /scratch/gui/bc_mirp
File verbosity level: 9
date       time         ( uptime  ) [ thread name/id ]                   file:line     v| 
2021-02-14 09:31:23.717 (   0.310s) [main thread     ]             loguru.cpp:789   INFO| Logging to './output/vi_vc+hc1_half/OU/V4/Original/execution_14_02_2021_09_31_23.log', mode: 'a', verbosity: 9
--------------------------------------------------------------------------------
Parameters
                           instance_path           ./input/Instances/Original/5/
                            model_policy                                       1
                             nb_vehicles                                       4
                              output_dir ./output/vi_vc+hc1_half/OU/V4/Original/
                            sec_strategy                                       1
                       solver_nb_threads                                       2
                         solver_show_log                                    true
                       solver_time_limit                                    3600
                              use_vi_cos                                   false
                              use_vi_cus                                   false
                         use_vi_hc1_full                                   false
                         use_vi_hc1_half                                    true
                      use_vi_hc1_quarter                                   false
                              use_vi_hc2                                   false
                              use_vi_hc3                                   false
                         use_vi_lex_full                                   false
                         use_vi_lex_half                                   false
                      use_vi_lex_quarter                                   false
                              use_vi_qua                                   false
                               use_vi_vc                                    true
                               use_vi_vr                                   false
--------------------------------------------------------------------------------
executing instance: ./input/Instances/Original/5/absH3low_4n50.dat
--------------------------------------------------------------------------------
Instance details
n	51
H	3
C	4066
Li:
[0, 0, 0, 0, 0, 0, 0, 0, 0, 0, 0, 0, 0, 0, 0, 0, 0, 0, 0, 0, 0, 0, 0, 0, 0, 0, 0, 0, 0, 0, 0, 0, 0, 0, 0, 0, 0, 0, 0, 0, 0, 0, 0, 0, 0, 0, 0, 0, 0, 0, 0, ]
Ui:
[0, 108, 126, 122, 66, 120, 48, 30, 128, 54, 158, 198, 36, 66, 210, 234, 147, 297, 171, 128, 116, 120, 219, 70, 294, 207, 134, 128, 234, 122, 22, 183, 195, 255, 132, 124, 66, 189, 219, 66, 128, 102, 288, 66, 87, 136, 36, 39, 282, 36, 237, ]
Distance matrix:
|0	210	444	498	509	104	438	228	487	304	456	434	526	476	163	47	293	396	293	290	313	85	280	437	293	336	409	106	449	376	433	478	193	404	404	534	278	181	380	507	189	438	263	473	353	216	202	218	452	254	465	|
|210	0	299	507	359	106	345	409	358	411	320	402	555	448	136	200	289	264	306	427	141	222	83	348	264	320	283	303	380	208	258	357	170	348	475	542	243	347	355	379	65	479	172	373	355	251	112	229	402	210	300	|
|444	299	0	363	65	358	116	542	66	440	26	241	425	272	282	407	251	51	276	490	159	397	224	124	217	237	48	490	170	99	83	74	261	180	430	385	214	479	231	85	270	390	184	116	271	300	409	276	210	215	54	|
|498	507	363	0	385	482	246	424	326	254	343	123	63	93	388	452	221	337	211	314	428	414	480	239	243	187	324	463	194	418	438	307	346	188	156	36	264	392	156	326	444	87	340	258	154	286	603	294	153	297	417	|
|509	359	65	385	0	422	145	602	59	492	59	269	448	292	348	472	305	115	329	545	218	462	281	152	274	286	106	554	192	153	116	78	326	216	472	403	274	540	271	63	334	425	249	127	316	361	468	337	233	278	69	|
|104	106	358	482	422	0	372	309	408	337	374	396	521	441	98	96	262	314	271	342	215	124	177	373	249	302	329	198	394	281	337	402	139	353	419	518	230	250	343	428	90	437	188	405	328	200	134	188	406	199	372	|
|438	345	116	246	145	372	0	485	87	357	97	126	309	155	279	394	180	101	200	414	223	373	288	8	157	150	84	459	53	188	196	68	245	72	328	269	165	427	128	97	297	280	184	36	175	250	456	233	94	184	170	|
|228	409	542	424	602	309	485	0	561	170	544	419	424	446	298	214	305	491	286	115	462	187	457	480	331	339	496	124	470	510	565	545	295	424	279	454	329	66	376	576	363	340	370	520	330	242	429	266	453	328	581	|
|487	358	66	326	59	408	87	561	0	441	40	211	389	233	324	446	258	95	281	497	220	431	287	95	230	234	79	522	133	164	146	19	297	160	415	344	233	500	215	21	323	367	224	68	261	320	470	299	174	242	106	|
|304	411	440	254	492	337	357	170	441	0	434	266	255	286	275	266	189	392	164	63	408	225	428	351	224	207	392	234	330	438	484	424	250	287	112	284	232	149	233	453	349	170	302	389	185	168	471	195	305	248	487	|
|456	320	26	343	59	374	97	544	40	434	0	223	406	252	294	418	247	60	271	487	181	405	247	105	215	229	49	498	149	124	109	48	270	165	419	364	215	482	218	60	288	375	194	92	261	302	431	279	190	220	75	|
|434	402	241	123	269	396	126	419	211	266	223	0	185	46	298	387	140	213	145	328	310	355	366	118	147	97	201	425	78	295	315	191	256	65	211	151	166	371	53	215	343	157	231	145	90	220	505	217	41	198	295	|
|526	555	425	63	448	521	309	424	389	255	406	185	0	156	430	481	266	398	252	310	485	442	534	301	293	237	386	480	257	478	500	370	390	249	145	55	313	401	212	389	491	89	392	321	201	322	646	334	216	345	479	|
|476	448	272	93	292	441	155	446	233	286	252	46	156	0	343	429	183	250	184	348	353	396	411	148	192	140	236	461	102	334	350	214	302	106	214	113	212	402	98	233	389	151	277	165	125	261	551	260	62	244	325	|
|163	136	282	388	348	98	279	298	324	275	294	298	430	343	0	124	167	234	178	296	167	121	162	279	151	205	247	216	297	224	280	316	42	256	340	423	132	232	246	344	74	349	100	314	233	115	216	97	308	101	307	|
|47	200	407	452	472	96	394	214	446	266	418	387	481	429	124	0	246	358	245	259	284	41	261	392	247	289	370	103	403	345	402	436	150	358	361	488	232	158	333	466	165	393	223	430	306	168	217	171	406	210	431	|
|293	289	251	221	305	262	180	305	258	189	247	140	266	183	167	246	0	204	26	240	238	215	276	175	37	43	203	289	169	255	297	242	125	122	202	257	52	248	87	272	225	191	134	215	67	80	382	77	163	81	298	|
|396	264	51	337	115	314	101	491	95	392	60	213	398	250	234	358	204	0	229	442	130	347	196	108	169	194	19	440	152	87	102	93	211	149	390	363	165	428	194	116	228	355	134	117	230	250	376	225	189	164	95	|
|293	306	276	211	329	271	200	286	281	164	271	145	252	184	178	245	26	229	0	216	262	212	297	195	63	53	228	280	184	280	323	264	138	137	178	248	76	232	95	294	241	173	156	234	60	77	395	83	172	102	324	|
|290	427	490	314	545	342	414	115	497	63	487	328	310	348	296	259	240	442	216	0	443	220	456	408	273	264	443	204	390	479	529	480	278	346	165	343	278	115	293	509	369	229	340	447	244	202	473	230	366	288	536	|
|313	141	159	428	218	215	223	462	220	408	181	310	485	353	167	284	238	130	262	443	0	288	67	228	202	252	149	382	267	67	122	221	168	247	440	459	186	396	273	241	125	423	107	245	291	242	251	214	297	162	160	|
|85	222	397	414	462	124	373	187	431	225	405	355	442	396	121	41	215	347	212	220	288	0	273	371	221	258	357	95	378	344	401	420	136	331	321	450	208	126	302	450	177	353	213	409	272	136	253	143	377	190	426	|
|280	83	224	480	281	177	288	457	287	428	247	366	534	411	162	261	276	196	297	456	67	273	0	292	243	298	215	363	329	128	176	288	179	305	475	513	224	392	324	307	96	466	143	311	335	261	187	235	357	195	219	|
|437	348	124	239	152	373	8	480	95	351	105	118	301	148	279	392	175	108	195	408	228	371	292	0	154	144	91	456	46	194	203	76	244	65	320	261	163	423	121	103	299	273	185	40	168	247	459	230	86	183	178	|
|293	264	217	243	274	249	157	331	230	224	215	147	293	192	151	247	37	169	63	273	202	221	243	154	0	57	170	303	157	217	260	215	110	111	238	278	21	271	94	245	201	223	100	193	92	93	362	78	160	54	263	|
|336	320	237	187	286	302	150	339	234	207	229	97	237	140	205	289	43	194	53	264	252	258	298	144	57	0	190	331	131	257	294	216	163	84	197	221	77	285	44	246	258	172	155	183	39	123	418	119	120	110	288	|
|409	283	48	324	106	329	84	496	79	392	49	201	386	236	247	370	203	19	228	443	149	357	215	91	170	190	0	449	136	105	114	75	221	138	384	349	168	434	185	99	245	346	146	98	224	255	394	231	174	171	99	|
|106	303	490	463	554	198	459	124	522	234	498	425	480	461	216	103	289	440	280	204	382	95	363	456	303	331	449	0	458	439	496	510	229	410	344	498	293	89	374	540	267	391	307	495	336	211	308	226	451	280	520	|
|449	380	170	194	192	394	53	470	133	330	149	78	257	102	297	403	169	152	184	390	267	378	329	46	157	131	136	458	0	238	249	114	259	47	287	216	171	416	96	137	327	235	211	67	145	247	488	235	41	197	223	|
|376	208	99	418	153	281	188	510	164	438	124	295	478	334	224	345	255	87	280	479	67	344	128	194	217	257	105	439	238	0	57	169	216	230	453	445	206	445	268	184	191	427	141	202	296	278	315	250	274	191	92	|
|433	258	83	438	116	337	196	565	146	484	109	315	500	350	280	402	297	102	323	529	122	401	176	203	260	294	114	496	249	57	0	157	271	252	490	463	251	499	296	162	247	457	195	199	331	329	362	302	288	241	47	|
|478	357	74	307	78	402	68	545	19	424	48	191	370	214	316	436	242	93	264	480	221	420	288	76	215	216	75	510	114	169	157	0	287	141	396	325	219	485	196	31	319	347	216	49	243	306	469	286	154	230	120	|
|193	170	261	346	326	139	245	295	297	250	270	256	390	302	42	150	125	211	138	278	168	136	179	244	110	163	221	229	259	216	271	287	0	216	305	382	91	229	204	316	105	310	78	280	192	83	257	60	268	62	292	|
|404	348	180	188	216	353	72	424	160	287	165	65	249	106	256	358	122	149	137	346	247	331	305	65	111	84	138	410	47	230	252	141	216	0	255	215	126	369	56	168	292	210	177	102	103	200	454	189	54	155	234	|
|404	475	430	156	472	419	328	279	415	112	419	211	145	214	340	361	202	390	178	165	440	321	475	320	238	197	384	344	287	453	490	396	305	255	0	181	254	261	201	422	410	69	335	353	160	225	551	246	252	280	482	|
|534	542	385	36	403	518	269	454	344	284	364	151	55	113	423	488	257	363	248	343	459	450	513	261	278	221	349	498	216	445	463	325	382	215	181	0	298	425	189	342	479	115	373	276	190	323	638	330	175	332	439	|
|278	243	214	264	274	230	165	329	233	232	215	166	313	212	132	232	52	165	76	278	186	208	224	163	21	77	168	293	171	206	251	219	91	126	254	298	0	267	114	250	181	242	82	202	112	88	341	68	177	33	258	|
|181	347	479	392	540	250	427	66	500	149	482	371	401	402	232	158	248	428	232	115	396	126	392	423	271	285	434	89	416	445	499	485	229	369	261	425	267	0	325	516	298	313	305	463	281	180	375	203	403	264	516	|
|380	355	231	156	271	343	128	376	215	233	218	53	212	98	246	333	87	194	95	293	273	302	324	121	94	44	185	374	96	268	296	196	204	56	201	189	114	325	0	224	294	161	185	157	49	167	455	163	78	147	284	|
|507	379	85	326	63	428	97	576	21	453	60	215	389	233	344	466	272	116	294	509	241	450	307	103	245	246	99	540	137	184	162	31	316	168	422	342	250	516	224	0	344	371	244	70	271	337	490	317	176	261	120	|
|189	65	270	444	334	90	297	363	323	349	288	343	491	389	74	165	225	228	241	369	125	177	96	299	201	258	245	267	327	191	247	319	105	292	410	479	181	298	294	344	0	414	116	328	291	187	163	165	345	147	282	|
|438	479	390	87	425	437	280	340	367	170	375	157	89	151	349	393	191	355	173	229	423	353	466	273	223	172	346	391	235	427	457	347	310	210	69	115	242	313	161	371	414	0	323	301	133	238	565	253	197	273	444	|
|263	172	184	340	249	188	184	370	224	302	194	231	392	277	100	223	134	134	156	340	107	213	143	185	100	155	146	307	211	141	195	216	78	177	335	373	82	305	185	244	116	323	0	217	192	138	278	110	230	55	214	|
|473	373	116	258	127	405	36	520	68	389	92	145	321	165	314	430	215	117	234	447	245	409	311	40	193	183	98	495	67	202	199	49	280	102	353	276	202	463	157	70	328	301	217	0	205	286	485	269	106	220	167	|
|353	355	271	154	316	328	175	330	261	185	261	90	201	125	233	306	67	230	60	244	291	272	335	168	92	39	224	336	145	296	331	243	192	103	160	190	112	281	49	271	291	133	192	205	0	138	449	141	123	145	323	|
|216	251	300	286	361	200	250	242	320	168	302	220	322	261	115	168	80	250	77	202	242	136	261	247	93	123	255	211	247	278	329	306	83	200	225	323	88	180	167	337	187	238	138	286	138	0	328	28	243	88	340	|
|202	112	409	603	468	134	456	429	470	471	431	505	646	551	216	217	382	376	395	473	251	253	187	459	362	418	394	308	488	315	362	469	257	454	551	638	341	375	455	490	163	565	278	485	449	328	0	313	508	308	406	|
|218	229	276	294	337	188	233	266	299	195	279	217	334	260	97	171	77	225	83	230	214	143	235	230	78	119	231	226	235	250	302	286	60	189	246	330	68	203	163	317	165	253	110	269	141	28	313	0	235	61	315	|
|452	402	210	153	233	406	94	453	174	305	190	41	216	62	308	406	163	189	172	366	297	377	357	86	160	120	174	451	41	274	288	154	268	54	252	175	177	403	78	176	345	197	230	106	123	243	508	235	0	207	264	|
|254	210	215	297	278	199	184	328	242	248	220	198	345	244	101	210	81	164	102	288	162	190	195	183	54	110	171	280	197	191	241	230	62	155	280	332	33	264	147	261	147	273	55	220	145	88	308	61	207	0	253	|
|465	300	54	417	69	372	170	581	106	487	75	295	479	325	307	431	298	95	324	536	160	426	219	178	263	288	99	520	223	92	47	120	292	234	482	439	258	516	284	120	282	444	214	167	323	340	406	315	264	253	0	|

--------------------------------------------------------------------------------
Building model...
	using lazy and cut (CVRPSEP package)
Solving IRP LP...
--------------------------------------------------------------------------------

Gurobi 9.1.0 (linux64) logging started Sun Feb 14 09:31:24 2021

Gurobi Optimizer version 9.1.0 build v9.1.0rc0 (linux64)
Thread count: 32 physical cores, 32 logical processors, using up to 2 threads
Optimize a model with 2106 rows, 16716 columns and 40602 nonzeros
Model fingerprint: 0x27de3f5f
Variable types: 804 continuous, 15912 integer (612 binary)
Coefficient statistics:
  Matrix range     [1e+00, 1e+03]
  Objective range  [1e-02, 6e+02]
  Bounds range     [1e+00, 3e+02]
  RHS range        [1e+00, 7e+03]
Presolve removed 555 rows and 1172 columns
Presolve time: 0.17s
Presolved: 1551 rows, 15544 columns, 35963 nonzeros
Variable types: 489 continuous, 15055 integer (14447 binary)

Root relaxation: objective 3.484096e+03, 1791 iterations, 0.07 seconds

    Nodes    |    Current Node    |     Objective Bounds      |     Work
 Expl Unexpl |  Obj  Depth IntInf | Incumbent    BestBd   Gap | It/Node Time

     0     0 3484.09562    0  159          - 3484.09562      -     -    0s
     0     0 3744.97200    0  157          - 3744.97200      -     -    0s
     0     0 3745.85245    0  108          - 3745.85245      -     -    0s
     0     0 4286.36479    0  221          - 4286.36479      -     -    1s
     0     0 4350.17460    0  258          - 4350.17460      -     -    2s
     0     0 4351.64962    0  241          - 4351.64962      -     -    2s
     0     0 4357.93097    0  205          - 4357.93097      -     -    2s
     0     0 4368.96177    0  293          - 4368.96177      -     -    2s
     0     0 4371.80707    0  298          - 4371.80707      -     -    2s
     0     0 4372.72546    0  314          - 4372.72546      -     -    2s
     0     0 4372.73198    0  314          - 4372.73198      -     -    2s
     0     0 4605.49181    0  370          - 4605.49181      -     -    2s
     0     0 4614.43411    0  403          - 4614.43411      -     -    4s
     0     0 4617.05895    0  370          - 4617.05895      -     -    4s
     0     0 4617.61171    0  388          - 4617.61171      -     -    4s
     0     0 4728.05682    0  462          - 4728.05682      -     -    5s
     0     0 4741.51434    0  460          - 4741.51434      -     -    5s
     0     0 4745.97820    0  489          - 4745.97820      -     -    5s
     0     0 4747.60839    0  477          - 4747.60839      -     -    5s
     0     0 4747.71341    0  452          - 4747.71341      -     -    5s
     0     0 4783.27184    0  322          - 4783.27184      -     -    6s
     0     0 4795.42120    0  375          - 4795.42120      -     -    6s
     0     0 4797.43748    0  357          - 4797.43748      -     -    7s
     0     0 4798.98572    0  488          - 4798.98572      -     -    7s
     0     0 4823.51056    0  395          - 4823.51056      -     -    7s
     0     0 4829.40464    0  484          - 4829.40464      -     -    7s
     0     0 4837.02745    0  514          - 4837.02745      -     -    8s
     0     0 4837.25754    0  518          - 4837.25754      -     -    8s
     0     0 4842.10778    0  432          - 4842.10778      -     -    8s
     0     0 4845.12972    0  450          - 4845.12972      -     -    8s
     0     0 4845.12972    0  450          - 4845.12972      -     -   11s
     0     2 4856.83079    0  491          - 4856.83079      -     -   12s
    15    18 4939.03117    5  402          - 4876.76926      -   528   15s
    49    54 5020.44387   14  434          - 4876.76926      -   502   20s
    87    93 5102.67709   23  480          - 4876.76926      -   469   25s
   126   137 5294.74991   30  273          - 4876.76926      -   466   30s
   195   217 5482.87874   53  277          - 4876.76926      -   401   35s
   309   361 5947.70933   76  229          - 4876.76926      -   322   41s
   459   488 6770.70086  128  121          - 4876.76926      -   251   45s
   615   709 7796.30548  182  107          - 4876.76926      -   218   50s
   887   935 10885.5333  313   11          - 4876.76926      -   164   55s
  1120  1175 12578.4500  374    -          - 4889.39878      -   137   60s
  1375  1290 5005.50744    4  590          - 4889.70494      -   116   65s
  1384  1293 13864.5800  415  322          - 4889.70494      -   116   72s
  1388  1296 5386.24502   42  601          - 4889.70494      -   116   75s
  1398  1302 8540.62011  252  663          - 4906.96238      -   115   80s
  1399  1303 12842.7300  379  574          - 4912.35699      -   115   87s
  1403  1306 7603.70311  191  687          - 4924.95843      -   114   91s
  1412  1312 4943.31796    9  684          - 4943.31796      -   114   95s
  1418  1316 7487.83491  183  599          - 4950.91317      -   113  100s
  1426  1321 7557.39765  188  624          - 4957.28750      -   113  105s
  1432  1325 7319.55062  165  614          - 4960.45291      -   112  110s
  1436  1328 8364.50209  217  621          - 4960.47267      -   112  115s
  1437  1328 9792.06000  381  621          - 4960.47267      -   112  121s
  1444  1336 4984.41483   12  658          - 4968.27368      -   128  125s
  1458  1345 5011.37870   15  505          - 4984.51471      -   134  130s
  1475  1357 5015.19822   19  471          - 4984.51471      -   141  135s
  1499  1374 5054.88788   25  409          - 4984.51471      -   148  140s
  1520  1390 5103.92686   30  554          - 4984.51471      -   155  145s
  1577  1436 5128.27182   37  252          - 4984.51471      -   159  150s
  1626  1470 5253.43456   40  471          - 4984.51471      -   161  155s
  1718  1551 5284.16380   46  216          - 4984.51471      -   161  161s
  1790  1597 5357.81815   54  167          - 4984.51471      -   160  165s
  1912  1710 5465.28576   75  178          - 4984.51471      -   156  171s
  2037  1790 5749.07480   99  137          - 4984.51471      -   151  175s
  2127  1798 6074.11827  124   82          - 4984.51471      -   147  180s
  2170  1810 6560.56306  128   91          - 4984.51471      -   146  186s
  2275  1854 5100.05450   18  664          - 4984.51471      -   142  190s
  2326  1878 5033.07483   14  776          - 5002.30197      -   141  195s
  2336  1887 5106.43691   18  487          - 5002.30197      -   144  200s
  2350  1898 5164.55657   23  301          - 5002.30197      -   147  205s
  2372  1914 5175.10956   24  429          - 5002.30197      -   150  210s
  2395  1928 5272.63048   25  388          - 5002.30197      -   153  215s
  2432  1956 5359.77350   27  242          - 5002.30197      -   155  221s
  2454  1975 5524.29011   30  309          - 5002.30197      -   157  225s
  2505  2019 5413.26374   36  225          - 5002.30197      -   159  232s
  2559  2073 5472.51935   40  260          - 5002.30197      -   159  238s
  2602  2091 5525.32853   45  171          - 5002.30197      -   159  241s
  2634  2106 5552.90137   48  139          - 5002.30197      -   159  268s
  2660  2134 5713.01866   49  238          - 5002.30197      -   160  271s
  2736  2206 5659.26033   54  145          - 5002.30197      -   160  278s
  2794  2219 5829.82014   63   91          - 5002.30197      -   159  282s
  2844  2219 5846.27550   69  165          - 5002.30197      -   159  285s
  2875  2224 5847.64674   73  237          - 5002.30197      -   159  290s
  2914  2257 6026.15019   81  113          - 5002.30197      -   161  299s
  2938  2269 6068.56457   87   92          - 5002.30197      -   162  317s
  2960  2286 6134.08371   92  214          - 5002.30197      -   163  321s
  2984  2308 6282.65782   96  152          - 5002.30197      -   164  325s
  3037  2335 6703.66239  107  206          - 5002.30197      -   166  333s
  3059  2364 6843.47116  108  158          - 5002.30197      -   167  337s
  3095  2414 6816.66355  119  177          - 5002.30197      -   167  342s
  3157  2495 7045.48360  136  127          - 5002.30197      -   167  348s
  3259  2529 7296.46208  162   32          - 5008.08292      -   164  357s
  3399  2524 5139.45569   18  469          - 5008.08292      -   160  363s
  3411  2541 5152.38377   19  426          - 5008.08292      -   161  368s
  3432  2565 5215.39747   24  298          - 5008.08292      -   162  373s
  3463  2594 5229.80100   27  270          - 5008.08292      -   162  378s
  3502  2627 5259.21137   32  243          - 5008.08292      -   163  384s
  3548  2668 5306.37423   41  221          - 5008.08292      -   163  389s
  3566  2662 5334.39814   47  155          - 5008.08292      -   163  390s
  3604  2737 5340.68478   49  194          - 5008.08292      -   163  395s
  3692  2831 5376.97551   53  203          - 5008.08292      -   162  403s
  3815  2929 5517.12621   58  130          - 5008.08292      -   160  412s
  3978  3024 5580.54840   67   72          - 5008.08292      -   156  423s
  4062  3003 8124.31562  191    9          - 5008.08292      -   155  425s
  4243  3049 5641.26774   72  126          - 5008.08292      -   149  434s
  4294  3092 5801.26925   86   97          - 5008.08292      -   150  441s
  4354  3182 5896.09109  105   74          - 5008.08292      -   151  451s
  4482  3336 5996.67000  113    -          - 5008.08292      -   149  464s
  4554  3328 6517.34045  129   18          - 5008.08292      -   147  465s
  4744  3444 6143.36647  113   18          - 5008.08292      -   144  477s
  4930  3594 6466.62855  125   17          - 5009.07069      -   141  492s
  5110  3559 7871.48429  173    6          - 5009.07069      -   138  495s
  5232  3587 5176.82572   14  514          - 5009.07069      -   136  504s
  5274  3646 infeasible   17               - 5009.07069      -   138  514s
  5283  3643 5811.55312   59  123          - 5009.07069      -   138  515s
  5349  3717 5265.61485   20  430          - 5009.07069      -   138  525s
  5445  3794 5371.96977   25  412          - 5009.07069      -   138  537s
  5580  3827 5407.51739   29  388          - 5009.07069      -   137  547s
  5597  3851 5482.49470   37  374          - 5009.07069      -   139  557s
  5621  3888 5586.66500   41  298          - 5009.07069      -   140  566s
  5658  3958 5646.62501   51  224          - 5009.07069      -   141  575s
  5728  4081 5790.02477   71  203          - 5009.07069      -   142  585s
  5851  4203 5887.51200   95   83          - 5009.07069      -   143  601s
  5973  4409 6283.00800  118   60          - 5011.38585      -   142  614s
  5985  4409 6320.69557  123   34          - 5011.38585      -   142  615s
  6285  4479 5157.00888   16  630          - 5013.28833      -   138  628s
  6302  4498 5394.74196   21  567          - 5013.28833      -   140  660s
  6321  4532 5446.26944   25  256          - 5013.28833      -   141  670s
  6355  4572 5503.94655   32  285          - 5013.28833      -   143  680s
  6395  4617 5582.19464   37  257          - 5013.28833      -   145  692s
  6440  4727 5678.54637   44  242          - 5013.28833      -   146  705s
  6550  4927 5722.53464   50  171          - 5013.28833      -   146  725s
  6819  4962 7324.38778  175   10          - 5013.28833      -   144  730s
  6856  5021 5829.53555   63  137          - 5013.28833      -   144  741s
  6897  5140 6052.88948   78   54          - 5024.18709      -   144  755s
  7060  5180 5221.04500   20  633          - 5024.18709      -   144  770s
  7078  5200 5405.59043   25  542          - 5024.18709      -   146  782s
  7098  5222 5437.08682   29  523          - 5024.18709      -   147  793s
  7120  5254 5623.64468   34  383          - 5024.18709      -   149  805s
  7152  5310 5746.71939   43  303          - 5024.18709      -   151  816s
  7208  5423 5904.87282   55  215          - 5024.18709      -   152  830s
  7321  5780 6176.83199   79  107          - 5024.18709      -   153  855s
  7609  5813 7299.07846  183   10          - 5024.18709      -   150  860s
  7757  6140 6599.51866  105   66          - 5024.24935      -   149  883s
  7853  6153 7178.13250  159   30          - 5024.24935      -   148  885s
  8325  6271 5368.16596   24  532          - 5025.47143      -   142  905s
  8346  6294 5514.55856   32  584          - 5025.47143      -   144  921s
  8369  6340 5641.40992   35  363          - 5025.47143      -   146  936s
  8415  6444 5757.81567   48  190          - 5025.47143      -   148  953s
  8519  6597 6030.14267   94   98          - 5025.53754      -   150  970s
  8702  6714 5642.36703   25  279          - 5025.53754      -   150  989s
  8752  6714 5775.42987   52  118          - 5025.53754      -   151  990s
  8808  6857 5805.98808   57  165          - 5025.53754      -   152 1013s
  8896  6857 6340.40736   85  223          - 5025.53754      -   153 1015s
  8951  7434 6133.66741   90  140          - 5025.79039      -   153 1046s
  9143  7449 7420.72000  165   28          - 5025.79039      -   152 1050s
  9408  7479 7164.62909  134    5          - 5025.85062      -   151 1055s
  9661  7504 8033.02000  198   12          - 5025.85062      -   147 1060s
  9742  7598 5228.82355   17  443          - 5025.85062      -   147 1074s
  9770  7598 5659.37253   29  229          - 5025.85062      -   147 1075s
  9808  7698 5714.50942   32  208          - 5025.85062      -   149 1092s
  9908  7903 5936.68696   54  141          - 5025.85062      -   150 1110s
 10113  8177 6554.98960  100  100          - 5031.93610      -   151 1142s
 10270  8189 7826.44000  145    -          - 5031.93610      -   149 1145s
 10441  8215 5336.92705   19  635          - 5031.98848      -   150 1169s
 10463  8254 5390.79624   24  494          - 5031.98848      -   151 1188s
 10502  8387 5488.86486   29  410          - 5031.98848      -   153 1210s
 10635  8487 5646.58655   33  320          - 5031.98848      -   154 1235s
 10760  8527 5862.25960   39  370          - 5031.98848      -   155 1255s
 10800  8578 6058.93814   51   87          - 5031.98848      -   156 1273s
 10851  8885 6083.00276   69  130          - 5032.36024      -   158 1302s
 11019  8890 6894.04000  122    6          - 5032.36024      -   157 1305s
 11278  8989 5167.50352   23  594          - 5032.36024      -   155 1325s
 11323  9135 5763.23043   33  371          - 5032.36024      -   156 1345s
 11469  9264 5916.84762   40  354          - 5032.36024      -   157 1373s
 11547  9265 7019.06807  115   77          - 5032.36024      -   157 1375s
 11666  9344 6103.32992   47  410          - 5032.36024      -   157 1394s
 11712  9406 6334.06237   55  119          - 5032.36024      -   158 1411s
 11774  9466 6505.78438   76   34          - 5032.36024      -   160 1494s
 11786  9466 6573.62691   81   57          - 5032.36024      -   160 1495s
 11834  9609 6656.47646   92  114          - 5036.98806      -   161 1521s
 12065  9805 5381.94153   22  647          - 5036.98806      -   161 1544s
 12122  9805 6528.00198   81   95          - 5036.98806      -   162 1545s
 12218 10001 5612.14676   37  303          - 5036.98806      -   161 1567s
 12394 10007 7669.52000  145    -          - 5036.98806      -   161 1570s
 12452 10275 5864.14859   58  118          - 5046.15831      -   161 1597s
 12620 10288 6546.25867  123   21          - 5046.15831      -   160 1600s
 12831 10380 5140.80132   13  757          - 5046.15831      -   159 1622s
 12877 10469 5661.75160   23  383          - 5046.15831      -   161 1647s
 12996 10526 5866.52672   31  426          - 5046.15831      -   162 1668s
 13038 10586 6035.83003   46   37          - 5046.15831      -   164 1686s
 13098 10783 6384.11601   65  169          - 5047.55016      -   165 1712s
 13278 10790 7125.49444  137   15          - 5047.55016      -   164 1715s
 13353 10873 5234.12502   21  677          - 5047.55016      -   165 1734s
 13414 11024 5881.64135   35  512          - 5047.55016      -   166 1755s
 13565 11065 6063.32007   42  442          - 5047.55016      -   167 1778s
 13631 11124 6182.85306   52  317          - 5047.55016      -   168 1799s
 13667 11124 6405.43733   68  264          - 5047.55016      -   168 1800s
 13690 11249 6405.48396   69  185          - 5047.55016      -   169 1820s
 13831 11323 7375.58204  109   91          - 5052.11240      -   170 1845s
 13945 11369 5550.84165   31  592          - 5052.11240      -   170 1864s
 13991 11434 5886.93575   38  455          - 5052.11240      -   172 1883s
 14056 11542 6159.50024   48  390          - 5052.11240      -   173 1904s
 14164 11705 6322.80993   58  225          - 5052.11240      -   174 1926s
 14327 11984 6520.79746   95   65          - 5052.14711      -   175 1954s
 14351 11984 6684.85413  106   23          - 5052.14711      -   175 1955s
 14704 12056 5462.46032   26  628          - 5066.36665      -   174 1978s
 14731 12136 6018.00929   34  379          - 5066.36665      -   175 1998s
 14811 12288 6448.58123   64  114          - 5070.44435      -   176 2023s
 14919 12300 7068.41000  111    4          - 5070.44435      -   176 2025s
 15017 12500 5463.65476   18  746          - 5070.44435      -   177 2050s
 15242 12566 5766.68976   28  443          - 5070.44435      -   176 2072s
 15302 12657 6021.53676   34  404          - 5070.44435      -   178 2094s
 15393 12912 6150.10544   40  294          - 5070.44435      -   179 2118s
 15504 12912 6618.32124   84   73          - 5070.44435      -   179 2120s
 15682 13075 6690.09634   90   92          - 5071.26011      -   178 2145s
 15859 13159 5433.41183   26  239          - 5071.26011      -   178 2166s
 15936 13501 5688.21398   47  157          - 5071.26011      -   179 2191s
 16290 13765 7538.21742  113    5          - 5081.21106      -   178 2220s
 16525 13785 7038.82834  124   14          - 5081.58397      -   177 2225s
 16642 13839 5496.57298   27  320          - 5081.58397      -   176 2245s
 16670 13875 5608.63457   31  400          - 5081.58397      -   178 2264s
 16686 13875 5848.66944   36  495          - 5081.58397      -   178 2265s
 16706 13940 5847.51510   37  432          - 5081.58397      -   179 2285s
 16771 14118 5969.00016   56   95          - 5081.58397      -   180 2308s
 16903 14118 6779.29644  115   86          - 5081.58397      -   180 2310s
 16949 14213 6976.58693  117   62          - 5081.81717      -   181 2336s
 17060 14273 5486.66162   24  499          - 5081.81717      -   182 2359s
 17142 14316 5647.92580   28  398          - 5081.81717      -   183 2380s
 17185 14374 5823.08169   41  203          - 5081.81717      -   184 2401s
 17243 14553 6049.17480   55  166          - 5082.36427      -   185 2424s
 17255 14553 6053.02238   66   65          - 5082.36427      -   185 2425s
 17482 14625 5314.92800   19  655          - 5082.36427      -   185 2447s
 17524 14780 5728.99613   28  595          - 5082.36427      -   186 2472s
 17681 14838 5878.88197   38  298          - 5082.36427      -   186 2498s
 17765 14935 6037.31269   57  190          - 5082.36427      -   187 2521s
 17851 15053 6337.26091   84   93          - 5083.17228      -   188 2545s
 18020 15294 5383.13257   24  496          - 5083.17228      -   188 2574s
 18039 15294 6172.42769   68  134          - 5083.17228      -   189 2575s
 18339 15385 5556.74858   33  329          - 5083.17228      -   187 2601s
 18394 15615 5847.21833   50  103          - 5083.17228      -   188 2633s
 18490 15615 6212.71045   95   21          - 5083.17228      -   188 2635s
 18648 15709 6448.17870  122   42          - 5085.16670      -   187 2661s
 18798 15797 5738.25402   28  621          - 5085.16670      -   188 2683s
 18855 15954 6279.92798   40  336          - 5085.16670      -   189 2712s
 19001 15957 7175.36727  119    4          - 5085.16670      -   189 2715s
 19050 16070 6559.53257   52  177          - 5085.16670      -   189 2737s
 19147 16199 7144.14341   97   53          - 5086.13618      -   189 2762s
 19293 16222 7952.92000  145    6          - 5086.13618      -   188 2765s
 19336 16306 5852.98191   34  502          - 5086.13618      -   189 2786s
 19417 16456 6007.28884   43  216          - 5086.13618      -   190 2813s
 19534 16463 7180.87000  109    -          - 5086.13618      -   190 2815s
 19582 16473 7823.37000  125    8          - 5086.13618      -   190 2820s
 19631 16552 6482.83632   57  165          - 5086.13618      -   190 2842s
 19695 16778 6891.06189   75  158          - 5086.19969      -   191 2872s
 19863 16781 7502.16881  125   22          - 5086.19969      -   190 2875s
 19969 16837 5467.24316   29  536          - 5086.19969      -   190 2895s
 20004 16897 5944.86636   39  355          - 5086.19969      -   191 2916s
 20064 17053 6090.17706   46  351          - 5086.19969      -   192 2944s
 20089 17053 6251.63141   56  246          - 5086.19969      -   192 2945s
 20276 17138 6458.54004   56  256          - 5086.19969      -   192 2968s
 20333 17284 6456.58513   77  191          - 5086.19969      -   193 2992s
 20472 17284 5789.76694   32  382          - 5086.19969      -   193 2995s
 20479 17467 7423.72071  118   82          - 5086.19969      -   194 3181s
 20696 17688 7809.16558  154  100          - 5089.28077      -   193 3211s
 20948 17891 5569.72331   28  408          - 5089.59002      -   193 3241s
 21233 18021 5694.64853   40  209          - 5089.59002      -   192 3266s
 21311 18146 5798.97314   50  264          - 5089.59002      -   193 3288s
 21436 18343 6048.56911   67   47          - 5090.35632      -   194 3314s
 21472 18343 6202.47948   86  165          - 5090.35632      -   195 3315s
 21677 18582 5120.50868   19  821          - 5090.35632      -   195 3343s
 21897 18633 5559.25321   29  480          - 5090.35632      -   195 3369s
 22000 18687 5718.63873   38  417          - 5090.35632      -   196 3393s
 22054 18797 5940.87897   53  197          - 5090.35632      -   197 3416s
 22164 19244 6357.91726   78   70          - 5095.02529      -   197 3448s
 22248 19244 6657.05282  107  129          - 5095.02529      -   197 3450s
 22590 19280 7213.64519  115   64          - 5098.13290      -   196 3455s
 22743 19428 7487.34711  122   44          - 5098.13709      -   195 3482s
 22924 19516 6070.18572   34  523          - 5098.13709      -   195 3507s
 22982 19750 6238.41451   42  280          - 5098.13709      -   196 3542s
 23192 19773 7617.76000  148    -          - 5098.13709      -   196 3545s
 23344 19872 6318.19855   49  290          - 5098.13709      -   195 3567s
 23402 20060 6504.73154   74   64          - 5098.13709      -   196 3600s

Cutting planes:
  User: 5196
  Gomory: 10
  Cover: 562
  Implied bound: 245
  Projected implied bound: 5
  Clique: 75
  MIR: 134
  StrongCG: 2
  Flow cover: 364
  Zero half: 87
  Network: 2
  RLT: 428
  Relax-and-lift: 7
  Lazy constraints: 3853

Explored 23712 nodes (4621854 simplex iterations) in 3604.47 seconds
Thread count was 2 (of 32 available processors)

Solution count 0

Time limit reached
Best objective -, best bound 5.098137092377e+03, gap -

User-callback calls 368854, time in user-callback 289.25 sec
writeSolution() exp: Unable to retrieve attribute 'X'
================================================================================
executing instance: ./input/Instances/Original/5/absH3low_4n25.dat
--------------------------------------------------------------------------------
Instance details
n	26
H	3
C	2029
Li:
[0, 0, 0, 0, 0, 0, 0, 0, 0, 0, 0, 0, 0, 0, 0, 0, 0, 0, 0, 0, 0, 0, 0, 0, 0, 0, ]
Ui:
[0, 34, 165, 76, 88, 188, 58, 279, 52, 132, 198, 142, 135, 165, 186, 58, 201, 196, 40, 183, 32, 90, 168, 126, 93, 146, ]
Distance matrix:
|0	299	188	235	91	202	152	147	162	277	268	132	71	162	220	69	220	289	241	124	265	80	162	132	66	302	|
|299	0	468	431	282	142	317	425	443	569	193	178	359	302	422	231	93	28	511	325	457	242	434	215	240	601	|
|188	468	0	153	265	342	308	43	192	106	455	290	117	206	142	246	379	464	252	274	360	267	211	319	231	184	|
|235	431	153	0	326	289	386	145	321	240	482	269	184	129	15	258	339	436	393	355	477	305	336	354	237	334	|
|91	282	265	326	0	228	66	228	166	339	196	157	154	242	311	99	225	264	229	50	201	47	153	71	115	340	|
|202	142	342	289	228	0	285	301	363	447	255	73	245	161	281	139	53	151	440	278	428	181	360	187	136	495	|
|152	317	308	386	66	285	0	275	167	368	188	217	207	308	371	163	274	295	210	34	145	108	148	104	181	350	|
|147	425	43	145	228	301	275	0	179	146	415	248	76	172	131	203	337	421	248	242	341	227	195	279	188	211	|
|162	443	192	321	166	363	167	179	0	216	352	291	152	302	307	225	375	428	81	138	170	201	22	237	227	183	|
|277	569	106	240	339	447	368	146	216	0	535	391	210	312	232	341	481	562	245	335	381	352	238	402	329	106	|
|268	193	455	482	196	255	188	415	352	535	0	225	339	367	469	224	212	165	398	214	302	188	335	136	245	533	|
|132	178	290	269	157	73	217	248	291	391	225	0	183	145	258	66	91	175	367	207	358	110	287	127	67	431	|
|71	359	117	184	154	245	207	76	152	210	339	183	0	152	169	131	274	352	232	174	294	151	161	203	119	251	|
|162	302	206	129	242	161	308	172	302	312	367	145	152	0	120	153	210	308	383	284	426	208	309	249	132	383	|
|220	422	142	15	311	281	371	131	307	232	469	258	169	120	0	245	330	427	379	340	461	291	321	340	224	324	|
|69	231	246	258	99	139	163	203	225	341	224	66	131	153	245	0	152	222	301	147	299	57	221	97	22	371	|
|220	93	379	339	225	53	274	337	375	481	212	91	274	210	330	152	0	99	448	273	419	180	369	171	157	521	|
|289	28	464	436	264	151	295	421	428	562	165	175	352	308	427	222	99	0	493	305	434	227	418	196	234	590	|
|241	511	252	393	229	440	210	248	81	245	398	367	232	383	379	301	448	493	0	190	147	270	80	298	305	175	|
|124	325	274	355	50	278	34	242	138	335	214	207	174	284	340	147	273	305	190	0	152	97	122	110	162	320	|
|265	457	360	477	201	428	145	341	170	381	302	358	294	426	461	299	419	434	147	152	0	248	150	249	312	322	|
|80	242	267	305	47	181	108	227	201	352	188	110	151	208	291	57	180	227	270	97	248	0	192	52	76	366	|
|162	434	211	336	153	360	148	195	22	238	335	287	161	309	321	221	369	418	80	122	150	192	0	224	225	203	|
|132	215	319	354	71	187	104	279	237	402	136	127	203	249	340	97	171	196	298	110	249	52	224	0	118	409	|
|66	240	231	237	115	136	181	188	227	329	245	67	119	132	224	22	157	234	305	162	312	76	225	118	0	364	|
|302	601	184	334	340	495	350	211	183	106	533	431	251	383	324	371	521	590	175	320	322	366	203	409	364	0	|

--------------------------------------------------------------------------------
Building model...
	using lazy and cut (CVRPSEP package)
Solving IRP LP...
--------------------------------------------------------------------------------

Gurobi 9.1.0 (linux64) logging started Sun Feb 14 10:31:29 2021

Gurobi Optimizer version 9.1.0 build v9.1.0rc0 (linux64)
Thread count: 32 physical cores, 32 logical processors, using up to 2 threads
Optimize a model with 1073 rows, 4616 columns and 12179 nonzeros
Model fingerprint: 0xcb768f28
Variable types: 404 continuous, 4212 integer (312 binary)
Coefficient statistics:
  Matrix range     [1e+00, 5e+02]
  Objective range  [1e-02, 6e+02]
  Bounds range     [1e+00, 3e+02]
