




arguments: ./build/bc_mirp -f ./input/orig_exec_123.cfg
Current dir: /scratch/gui/bc_mirp
File verbosity level: 9
date       time         ( uptime  ) [ thread name/id ]                   file:line     v| 
2021-02-07 22:10:39.629 (   0.420s) [main thread     ]             loguru.cpp:789   INFO| Logging to './output/vi_vc+hc1_half/OU/V4/Original/execution_07_02_2021_22_10_39.log', mode: 'a', verbosity: 9
--------------------------------------------------------------------------------
Parameters
                           instance_path           ./input/Instances/Original/3/
                            model_policy                                       1
                             nb_vehicles                                       4
                              output_dir ./output/vi_vc+hc1_half/OU/V4/Original/
                            sec_strategy                                       1
                       solver_nb_threads                                       2
                         solver_show_log                                    true
                       solver_time_limit                                    3600
                              use_vi_cos                                   false
                              use_vi_cus                                   false
                         use_vi_hc1_full                                   false
                         use_vi_hc1_half                                    true
                      use_vi_hc1_quarter                                   false
                              use_vi_hc2                                   false
                              use_vi_hc3                                   false
                         use_vi_lex_full                                   false
                         use_vi_lex_half                                   false
                      use_vi_lex_quarter                                   false
                              use_vi_qua                                   false
                               use_vi_vc                                    true
                               use_vi_vr                                   false
--------------------------------------------------------------------------------
executing instance: ./input/Instances/Original/3/absH3low_2n5.dat
--------------------------------------------------------------------------------
Instance details
n	6
H	3
C	237
Li:
[0, 0, 0, 0, 0, 0, ]
Ui:
[0, 93, 180, 51, 114, 24, ]
Distance matrix:
|0	170	318	35	112	235	|
|170	0	311	205	258	301	|
|318	311	0	326	278	137	|
|35	205	326	0	89	230	|
|112	258	278	89	0	160	|
|235	301	137	230	160	0	|

--------------------------------------------------------------------------------
Building model...
	using lazy and cut (CVRPSEP package)
Solving IRP LP...
--------------------------------------------------------------------------------

Gurobi 9.1.0 (linux64) logging started Sun Feb  7 22:10:39 2021

Gurobi Optimizer version 9.1.0 build v9.1.0rc0 (linux64)
Thread count: 32 physical cores, 32 logical processors, using up to 2 threads
Optimize a model with 243 rows, 336 columns and 1164 nonzeros
Model fingerprint: 0x4314965d
Variable types: 84 continuous, 252 integer (72 binary)
Coefficient statistics:
  Matrix range     [1e+00, 2e+02]
  Objective range  [1e-02, 3e+02]
  Bounds range     [1e+00, 2e+02]
  RHS range        [1e+00, 5e+02]
Presolve removed 93 rows and 142 columns
Presolve time: 0.00s

Explored 0 nodes (0 simplex iterations) in 0.00 seconds
Thread count was 1 (of 32 available processors)

Solution count 0

Model is infeasible
Best objective -, best bound -, gap -

User-callback calls 50, time in user-callback 0.00 sec

Computing Irreducible Inconsistent Subsystem (IIS)...

           Constraints          |            Bounds           |  Runtime
      Min       Max     Guess   |   Min       Max     Guess   |
--------------------------------------------------------------------------
        0       243         -         0       464         -           0s
       32        32         -        41        41         -           0s

IIS computed: 32 constraints, 41 bounds
IIS runtime: 0.34 seconds
================================================================================
executing instance: ./input/Instances/Original/3/absH3high_5n30.dat
--------------------------------------------------------------------------------
Instance details
n	31
H	3
C	2296
Li:
[0, 0, 0, 0, 0, 0, 0, 0, 0, 0, 0, 0, 0, 0, 0, 0, 0, 0, 0, 0, 0, 0, 0, 0, 0, 0, 0, 0, 0, 0, 0, ]
Ui:
[0, 80, 90, 297, 28, 264, 123, 192, 112, 32, 72, 88, 294, 129, 126, 105, 110, 237, 246, 92, 72, 147, 54, 96, 128, 96, 84, 28, 74, 196, 192, ]
Distance matrix:
|0	87	302	65	389	171	219	120	412	339	129	63	169	401	383	158	393	161	246	275	64	287	345	235	13	274	106	201	85	358	135	|
|87	0	334	128	402	212	301	204	465	384	187	145	232	424	454	238	475	245	289	352	80	307	352	321	81	352	20	261	170	376	215	|
|302	334	0	239	113	132	237	334	157	70	404	263	162	105	227	229	339	251	65	217	259	53	107	352	293	220	339	134	270	75	235	|
|65	128	239	0	330	107	175	130	348	275	174	40	107	339	326	114	351	125	181	224	58	228	290	222	58	224	143	138	65	297	92	|
|389	402	113	330	0	226	349	438	210	151	502	360	269	48	316	339	441	362	175	328	335	102	55	465	377	330	401	245	371	37	342	|
|171	212	132	107	226	0	169	214	253	173	276	134	64	233	261	130	326	153	77	188	133	125	192	264	162	190	220	68	145	193	125	|
|219	301	237	175	349	169	0	157	257	223	244	157	105	334	180	62	175	61	177	63	233	264	334	118	221	61	317	112	136	312	85	|
|120	204	334	130	438	214	157	0	402	348	88	90	173	438	336	115	307	100	269	220	172	338	406	122	130	218	224	204	69	403	101	|
|412	465	157	348	210	253	257	402	0	88	486	359	245	166	129	287	266	303	178	204	386	208	239	370	406	207	473	212	354	187	304	|
|339	384	70	275	151	173	223	348	88	0	427	291	179	120	166	234	290	254	96	187	306	123	166	342	332	190	391	145	291	119	247	|
|129	187	404	174	502	276	244	88	486	427	0	142	248	508	424	200	390	187	342	308	193	400	464	192	142	306	207	281	136	469	182	|
|63	145	263	40	360	134	157	90	359	291	142	0	114	366	321	95	331	99	202	212	90	258	323	186	65	211	163	148	27	327	72	|
|169	232	162	107	269	64	105	173	245	179	248	114	0	266	222	71	268	94	97	131	155	173	244	203	164	132	245	34	113	233	73	|
|401	424	105	339	48	233	334	438	166	120	508	366	266	0	280	332	409	355	169	305	353	117	96	452	391	308	425	237	374	49	339	|
|383	454	227	326	316	261	180	336	129	166	424	321	222	280	0	231	137	238	208	116	376	277	331	272	381	118	467	197	307	285	253	|
|158	238	229	114	339	130	62	115	287	234	200	95	71	332	231	0	238	23	164	118	171	243	314	134	159	117	255	95	77	302	23	|
|393	475	339	351	441	326	175	307	266	290	390	331	268	409	137	238	0	232	300	138	408	383	445	204	395	136	492	258	308	406	260	|
|161	245	251	125	362	153	61	100	303	254	187	99	94	355	238	23	232	0	187	123	183	267	338	111	164	121	262	117	77	325	34	|
|246	289	65	181	175	77	177	269	178	96	342	202	97	169	208	164	300	187	0	168	210	87	157	290	238	171	296	70	206	138	170	|
|275	352	217	224	328	188	63	220	204	187	308	212	131	305	116	118	138	123	168	0	279	255	322	166	275	3	367	120	195	291	141	|
|64	80	259	58	335	133	233	172	386	306	193	90	155	353	376	171	408	183	210	279	0	236	289	276	51	279	90	182	117	307	150	|
|287	307	53	228	102	125	264	338	208	123	400	258	173	117	277	243	383	267	87	255	236	0	71	374	276	257	308	153	270	71	245	|
|345	352	107	290	55	192	334	406	239	166	464	323	244	96	331	314	445	338	157	322	289	71	0	445	334	325	350	224	337	54	315	|
|235	321	352	222	465	264	118	122	370	342	192	186	203	452	272	134	204	111	290	166	276	374	445	0	243	164	341	221	159	428	142	|
|13	81	293	58	377	162	221	130	406	332	142	65	164	391	381	159	395	164	238	275	51	276	334	243	0	274	100	196	89	347	136	|
|274	352	220	224	330	190	61	218	207	190	306	211	132	308	118	117	136	121	171	3	279	257	325	164	274	0	367	122	194	294	140	|
|106	20	339	143	401	220	317	224	473	391	207	163	245	425	467	255	492	262	296	367	90	308	350	341	100	367	0	272	188	377	232	|
|201	261	134	138	245	68	112	204	212	145	281	148	34	237	197	95	258	117	70	120	182	153	224	221	196	122	272	0	146	208	103	|
|85	170	270	65	371	145	136	69	354	291	136	27	113	374	307	77	308	77	206	195	117	270	337	159	89	194	188	146	0	337	54	|
|358	376	75	297	37	193	312	403	187	119	469	327	233	49	285	302	406	325	138	291	307	71	54	428	347	294	377	208	337	0	306	|
|135	215	235	92	342	125	85	101	304	247	182	72	73	339	253	23	260	34	170	141	150	245	315	142	136	140	232	103	54	306	0	|

--------------------------------------------------------------------------------
Building model...
	using lazy and cut (CVRPSEP package)
Solving IRP LP...
--------------------------------------------------------------------------------

Gurobi 9.1.0 (linux64) logging started Sun Feb  7 22:10:40 2021

Gurobi Optimizer version 9.1.0 build v9.1.0rc0 (linux64)
Thread count: 32 physical cores, 32 logical processors, using up to 2 threads
Optimize a model with 1276 rows, 6436 columns and 16507 nonzeros
Model fingerprint: 0x2bc42dfc
Variable types: 484 continuous, 5952 integer (372 binary)
Coefficient statistics:
  Matrix range     [1e+00, 6e+02]
  Objective range  [1e-01, 5e+02]
  Bounds range     [1e+00, 3e+02]
  RHS range        [1e+00, 4e+03]
Presolve removed 359 rows and 715 columns
Presolve time: 0.08s
Presolved: 917 rows, 5721 columns, 13671 nonzeros
Variable types: 286 continuous, 5435 integer (5077 binary)

Root relaxation: objective 9.007412e+03, 982 iterations, 0.02 seconds

    Nodes    |    Current Node    |     Objective Bounds      |     Work
 Expl Unexpl |  Obj  Depth IntInf | Incumbent    BestBd   Gap | It/Node Time

     0     0 9007.41177    0  131          - 9007.41177      -     -    0s
     0     0 9338.08195    0   97          - 9338.08195      -     -    0s
     0     0 9342.69273    0   81          - 9342.69273      -     -    0s
     0     0 9674.36158    0  192          - 9674.36158      -     -    0s
     0     0 9685.62598    0  186          - 9685.62598      -     -    0s
     0     0 9686.85570    0  193          - 9686.85570      -     -    0s
     0     0 9687.20032    0  194          - 9687.20032      -     -    0s
     0     0 9890.87756    0  210          - 9890.87756      -     -    0s
     0     0 9899.80769    0  175          - 9899.80769      -     -    0s
     0     0 9900.65268    0  186          - 9900.65268      -     -    0s
     0     0 9950.30783    0  288          - 9950.30783      -     -    1s
     0     0 9970.84791    0  262          - 9970.84791      -     -    1s
     0     0 9974.23575    0  255          - 9974.23575      -     -    1s
     0     0 9975.18125    0  258          - 9975.18125      -     -    1s
     0     0 9995.12019    0  324          - 9995.12019      -     -    1s
     0     0 10001.0270    0  319          - 10001.0270      -     -    1s
     0     0 10001.3759    0  365          - 10001.3759      -     -    1s
     0     0 10015.2640    0  395          - 10015.2640      -     -    1s
     0     0 10016.6515    0  411          - 10016.6515      -     -    1s
     0     0 10026.5904    0  416          - 10026.5904      -     -    1s
     0     0 10026.5904    0  404          - 10026.5904      -     -    1s
     0     2 10030.2464    0  404          - 10030.2464      -     -    2s
    49    54 10242.3242   13  240          - 10041.3998      -   349    5s
   323   356 10941.4336   57  148          - 10041.3998      -   157   10s
H  470   466                    13616.530000 10041.3998  26.3%   138   12s
   550   562 12887.7286  149   22 13616.5300 10045.0341  26.2%   134   15s
   630   604 10429.2545   11  284 13616.5300 10045.0341  26.2%   160   20s
   684   662 10665.3401   27  154 13616.5300 10045.0341  26.2%   174   26s
H  725   660                    13566.570000 10045.0341  26.0%   177   30s
   751   677 11450.5052  108  493 13566.5700 10106.1388  25.5%   171   35s
   770   690 12946.1248  144  495 13566.5700 10120.2658  25.4%   167   40s
   781   697 10567.6138   46  493 13566.5700 10123.3996  25.4%   165   45s
   800   711 12171.3500  136  515 13566.5700 10124.4059  25.4%   172   50s
   822   730 10148.4255   34  394 13566.5700 10148.4255  25.2%   181   55s
   875   767 10204.0223   47  451 13566.5700 10149.7053  25.2%   192   60s
   937   809 10389.5856   60  249 13566.5700 10149.7053  25.2%   206   65s
   976   837 10287.0063   68  365 13566.5700 10149.7053  25.2%   212   70s
  1020   869 10367.2072   77  385 13566.5700 10149.7053  25.2%   219   75s
  1079   916 10514.9063   90  329 13566.5700 10149.7053  25.2%   226   80s
  1155   959 10663.0560  106  314 13566.5700 10149.7053  25.2%   232   86s
  1224   997 10825.5932  118  350 13566.5700 10149.7053  25.2%   236   92s
  1250  1042 10884.6951  122  353 13566.5700 10149.7053  25.2%   238   95s
  1460  1158 11353.3901  145  220 13566.5700 10149.7053  25.2%   228  100s
  1555  1200 11517.8958  172  165 13566.5700 10149.7053  25.2%   227  105s
  1738  1274 13526.4100  247   29 13566.5700 10152.5059  25.2%   216  111s
  1768  1295 10308.9711   38  362 13566.5700 10152.5059  25.2%   223  115s
  1794  1305 10364.1482   43  374 13566.5700 10152.5059  25.2%   227  121s
  1817  1337 10473.5890   49  282 13566.5700 10152.5059  25.2%   232  126s
  1852  1362 10641.0764   55  267 13566.5700 10152.5059  25.2%   237  130s
  1946  1459 11128.2706   85  106 13566.5700 10152.5059  25.2%   238  135s
  2151  1587 12230.6144  124   22 13566.5700 10155.5563  25.1%   226  140s
  2274  1677 10312.8668   39  438 13566.5700 10155.5563  25.1%   223  145s
  2429  1648 10552.3260   41  198 13566.5700 10155.5563  25.1%   214  153s
* 2433  1498             152    12776.210000 10155.5563  20.5%   215  153s
  2464  1482 10405.6843   42  325 12776.2100 10155.5563  20.5%   215  155s
  2542  1556 10561.3131   50  390 12776.2100 10155.5563  20.5%   215  160s
  2614  1568 10622.1401   54  312 12776.2100 10155.5563  20.5%   216  165s
  2700  1610 10940.1266   66  257 12776.2100 10155.5563  20.5%   220  171s
  2750  1671 11389.3679   73  244 12776.2100 10155.5563  20.5%   223  177s
  2826  1680 11398.9701   74  253 12776.2100 10155.5563  20.5%   221  180s
  2879  1763 11939.1317   91   94 12776.2100 10155.5563  20.5%   225  185s
  2932  1797 12039.2694  110  146 12776.2100 10155.5563  20.5%   225  190s
  3123  1949     cutoff  163      12776.2100 10175.7535  20.4%   219  198s
  3143  1993 10592.1215   39  325 12776.2100 10175.7535  20.4%   222  201s
  3195  2070 10667.5719   41  372 12776.2100 10175.7535  20.4%   222  205s
  3333  2125 11100.1123   50  254 12776.2100 10175.7535  20.4%   223  212s
  3356  2175 11216.3863   53  314 12776.2100 10175.7535  20.4%   225  216s
  3441  2239 11979.9620   68   98 12776.2100 10175.7535  20.4%   225  220s
  3549  2354 10523.4665   39  372 12776.2100 10182.6254  20.3%   224  227s
  3636  2441 10791.0097   50  200 12776.2100 10183.5683  20.3%   221  233s
  3770  2467 infeasible  134      12776.2100 10183.8837  20.3%   217  238s
  3796  2514 10530.2042   42  353 12776.2100 10183.8837  20.3%   219  242s
  3863  2545 10544.0155   45  375 12776.2100 10183.8837  20.3%   218  247s
  3903  2558 10586.7368   50  320 12776.2100 10183.8837  20.3%   219  250s
  3939  2586 10914.3793   62  198 12776.2100 10183.8837  20.3%   224  273s
  3945  2605 10821.9181   64  175 12776.2100 10183.8837  20.3%   225  278s
  3964  2632 10931.9434   70  159 12776.2100 10183.8837  20.3%   226  283s
  3991  2727 11107.8687   80  130 12776.2100 10201.8980  20.1%   228  289s
  4120  2759     cutoff  131      12776.2100 10206.3058  20.1%   225  293s
  4157  2788     cutoff  133      12776.2100 10206.3536  20.1%   227  298s
  4190  2869 10700.6137   45  140 12776.2100 10209.2315  20.1%   229  303s
  4281  3010 10509.5773   37  372 12776.2100 10209.2315  20.1%   229  311s
  4478  3074 10893.6148   44  155 12776.2100 10209.2315  20.1%   224  318s
  4527  3193 11107.5470   57   72 12776.2100 10215.0185  20.0%   225  326s
  4662  3258     cutoff   93      12776.2100 10215.8028  20.0%   223  332s
  4745  3380 10950.7485   54  169 12776.2100 10227.2376  20.0%   223  340s
  4945  3440 12213.4254  134    5 12776.2100 10228.4842  19.9%   217  347s
  5002  3467     cutoff  147      12776.2100 10230.9127  19.9%   218  353s
  5033  3507 10643.7633   52  380 12776.2100 10231.0036  19.9%   220  359s
* 5062  3391             116    12636.990000 10231.0036  19.0%   221  359s
  5078  3455 11161.5168   81  182 12636.9900 10237.0446  19.0%   222  366s
  5162  3492 10501.0652   34  231 12636.9900 10237.0446  19.0%   222  374s
  5194  3543 10547.6964   37  298 12636.9900 10237.0446  19.0%   225  382s
  5245  3684 10720.4544   42  292 12636.9900 10237.0446  19.0%   226  391s
  5420  3760 11646.6538   68   62 12636.9900 10239.4167  19.0%   225  399s
  5501  3936 11033.9394   47  150 12636.9900 10240.0871  19.0%   226  408s
  5743  4051     cutoff  118      12636.9900 10242.3916  18.9%   221  419s
  5860  4139 12073.3612  101   43 12636.9900 10248.3138  18.9%   220  428s
  5971  4255 infeasible  115      12636.9900 10260.7272  18.8%   220  437s
  6117  4356 12090.5061   88   18 12636.9900 10267.3181  18.8%   218  446s
  6276  4447 infeasible  109      12636.9900 10270.5524  18.7%   217  454s
  6355  4552 11252.5149   67   59 12636.9900 10273.0505  18.7%   218  462s
  6503  4628 infeasible  111      12636.9900 10273.1206  18.7%   217  472s
  6614  4763 10828.9977   50  373 12636.9900 10274.6670  18.7%   218  482s
  6778  4815     cutoff  106      12636.9900 10275.0886  18.7%   217  491s
  6832  4984 10725.2076   49  346 12636.9900 10277.7463  18.7%   219  501s
  7030  5092 11623.3048   68   69 12636.9900 10279.6414  18.7%   218  512s
  7187  5202     cutoff  103      12636.9900 10280.7653  18.6%   216  520s
  7312  5310 11675.7034   84  103 12636.9900 10281.2662  18.6%   216  532s
  7453  5479     cutoff  122      12636.9900 10282.4638  18.6%   216  545s
  7685  5539 12486.5757  114   22 12636.9900 10289.5597  18.6%   215  556s
  7749  5773 10948.6781   50  162 12636.9900 10293.0218  18.5%   217  605s
  7997  5921 10665.4797   43  401 12636.9900 10293.2732  18.5%   216  618s
  8197  6055     cutoff  122      12636.9900 10297.0293  18.5%   215  631s
  8399  6232 12241.7878  110   50 12636.9900 10303.6212  18.5%   214  645s
  8614  6379 10432.6765   37  398 12636.9900 10305.0194  18.5%   214  658s
  8749  6516 11007.0298   68   86 12636.9900 10305.4331  18.5%   215  672s
  8924  6689 12415.9604  100   12 12636.9900 10306.3190  18.4%   214  689s
  9174  6870     cutoff  109      12636.9900 10307.3873  18.4%   211  703s
  9379  6977 10732.6906   43  410 12636.9900 10308.0942  18.4%   210  716s
  9509  7126     cutoff   97      12636.9900 10308.2829  18.4%   210  731s
  9700  7250     cutoff  105      12636.9900 10312.3527  18.4%   210  745s
  9861  7356     cutoff  108      12636.9900 10315.9051  18.4%   211  758s
  9967  7470 11400.3428   83   38 12636.9900 10316.3969  18.4%   212  774s
 10127  7617     cutoff  110      12636.9900 10317.2012  18.4%   212  789s
 10311  7796 10439.8744   44  385 12636.9900 10318.4456  18.3%   213  804s
 10367  7796 11182.1779   72   56 12636.9900 10318.4456  18.3%   214  805s
 10554  7940 12566.1900  116    - 12636.9900 10319.2697  18.3%   213  819s
 10728  8066     cutoff  116      12636.9900 10325.0853  18.3%   213  832s
 10885  8199     cutoff  117      12636.9900 10325.9466  18.3%   214  845s
*10887  8156             116    12612.930000 10325.9466  18.1%   214  845s
 11057  8194     cutoff  101      12612.9300 10330.7534  18.1%   213  857s
 11099  8355 11128.5399   50  244 12612.9300 10331.4963  18.1%   216  871s
 11268  8471 10356.5993   37  381 12612.9300 10331.4963  18.1%   216  886s
 11411  8571 10582.6199   45  295 12612.9300 10331.4963  18.1%   217  901s
 11522  8787 10847.5884   62   79 12612.9300 10333.9769  18.1%   218  917s
 11820  8980     cutoff  127      12612.9300 10336.6585  18.0%   216  932s
 12062  9129     cutoff  112      12612.9300 10338.4765  18.0%   215  946s
 12320  9314 infeasible  121      12612.9300 10340.2992  18.0%   213  961s
 12484  9390 10750.9288   51  456 12612.9300 10343.3195  18.0%   213  977s
 12590  9520 infeasible  119      12612.9300 10343.6473  18.0%   213  991s
 12745  9699 11421.7233   80  223 12612.9300 10345.9242  18.0%   212 1006s
 12968  9830     cutoff  109      12612.9300 10346.7807  18.0%   212 1021s
 13127  9989 infeasible  103      12612.9300 10347.6749  18.0%   211 1038s
 13346 10215 11167.2508   88  132 12612.9300 10348.0717  18.0%   211 1053s
 13622 10362     cutoff  135      12612.9300 10348.7370  18.0%   210 1068s
 13807 10503     cutoff  122      12612.9300 10350.3827  17.9%   210 1082s
 13988 10637     cutoff  116      12612.9300 10352.5784  17.9%   210 1095s
 14168 10780     cutoff  120      12612.9300 10354.4312  17.9%   210 1109s
 14336 10914     cutoff   94      12612.9300 10356.5827  17.9%   210 1123s
 14521 11040     cutoff  108      12612.9300 10357.4996  17.9%   210 1137s
 14682 11242 10696.2192   46  308 12612.9300 10358.0811  17.9%   210 1152s
 14936 11353     cutoff  122      12612.9300 10359.8769  17.9%   209 1168s
 15053 11499 11474.6890   80   80 12612.9300 10361.6647  17.8%   210 1182s
 15251 11705     cutoff  112      12612.9300 10362.4569  17.8%   209 1200s
 15495 11825 11751.6719   95   40 12612.9300 10363.2998  17.8%   208 1214s
H15591 10886                    12311.250000 10363.2998  15.8%   208 1214s
 15640 10997     cutoff  105      12311.2500 10363.7635  15.8%   209 1228s
 15829 11114     cutoff  118      12311.2500 10366.1486  15.8%   208 1243s
 15949 11205     cutoff  110      12311.2500 10367.1283  15.8%   209 1257s
 16054 11281 10762.3141   44  183 12311.2500 10369.2635  15.8%   209 1271s
 16156 11479 11765.1800   83    - 12311.2500 10369.2832  15.8%   210 1287s
 16405 11607     cutoff   99      12311.2500 10370.5711  15.8%   209 1302s
 16556 11736 infeasible   98      12311.2500 10371.3147  15.8%   209 1315s
 16715 11806 10732.1078   48  207 12311.2500 10373.4937  15.7%   209 1329s
 16795 11941 infeasible  103      12311.2500 10373.9077  15.7%   210 1344s
 16970 12075     cutoff   95      12311.2500 10374.4022  15.7%   210 1358s
 17133 12189 10516.5102   44  332 12311.2500 10376.3622  15.7%   210 1372s
 17277 12324 12225.4740   97   17 12311.2500 10377.6180  15.7%   211 1387s
 17414 12553 11261.7764   76   62 12311.2500 10378.0470  15.7%   211 1403s
 17682 12590 11336.7065   69   63 12311.2500 10378.2311  15.7%   210 1405s
 17736 12681     cutoff  115      12311.2500 10378.8955  15.7%   210 1418s
 17838 12814 infeasible  120      12311.2500 10379.4956  15.7%   210 1432s
 18021 12940 infeasible  100      12311.2500 10380.1745  15.7%   210 1446s
 18162 13147 11659.7837  103   36 12311.2500 10381.1614  15.7%   210 1464s
 18359 13154 11840.9063   89   92 12311.2500 10381.9066  15.7%   210 1465s
 18405 13305 11391.5751   71  161 12311.2500 10381.9770  15.7%   210 1478s
 18591 13409 12266.6900  114    - 12311.2500 10382.5696  15.7%   210 1492s
 18711 13451     cutoff  114      12311.2500 10383.5526  15.7%   210 1505s
 18757 13521 10869.5832   48  333 12311.2500 10383.7015  15.7%   211 1517s
H18768 13507                    12307.290000 10383.7015  15.6%   211 1517s
 18827 13679 11776.4562   63  288 12307.2900 10384.2342  15.6%   212 1531s
 19033 13785     cutoff  120      12307.2900 10386.6879  15.6%   212 1545s
 19166 13930     cutoff  110      12307.2900 10388.4589  15.6%   212 1560s
 19339 14053 infeasible  133      12307.2900 10389.6567  15.6%   212 1576s
 19495 14183     cutoff  119      12307.2900 10390.1047  15.6%   212 1592s
 19652 14264     cutoff  104      12307.2900 10391.3543  15.6%   212 1608s
 19745 14406 11670.4730   71   44 12307.2900 10392.6327  15.6%   213 1624s
 19924 14494     cutoff  119      12307.2900 10393.0296  15.6%   213 1638s
 20032 14584     cutoff  120      12307.2900 10393.1416  15.6%   213 1654s
 20135 14662 11252.9492   64  267 12307.2900 10394.5056  15.5%   213 1668s
 20246 14797 11038.8545   70  272 12307.2900 10394.7910  15.5%   214 1682s
 20425 14914     cutoff  122      12307.2900 10394.9672  15.5%   213 1698s
 20583 15025     cutoff  120      12307.2900 10396.8774  15.5%   213 1713s
 20714 15105 11693.1861  116  108 12307.2900 10397.2369  15.5%   214 1728s
 20804 15200 11289.9103   50  175 12307.2900 10398.2530  15.5%   214 1743s
 20909 15365 11071.8166   54  125 12307.2900 10398.3243  15.5%   214 1760s
 21112 15473     cutoff  134      12307.2900 10399.2925  15.5%   214 1776s
 21258 15605 11248.8638   45  152 12307.2900 10400.8458  15.5%   214 1792s
 21423 15790 11033.9293   58  185 12307.2900 10401.3762  15.5%   214 1809s
 21499 15795 11315.4478   70   41 12307.2900 10401.3762  15.5%   214 1810s
 21651 15907 infeasible  124      12307.2900 10402.1781  15.5%   213 1827s
 21808 15989 12157.2490   94   20 12307.2900 10403.5961  15.5%   213 1842s
 21911 16062 infeasible   98      12307.2900 10404.6696  15.5%   213 1857s
 22009 16203 10770.2030   47  367 12307.2900 10405.4480  15.5%   214 1875s
 22213 16408 11164.0412   56  231 12307.2900 10405.5455  15.5%   213 1892s
 22429 16487     cutoff  107      12307.2900 10405.6893  15.5%   213 1908s
 22509 16597 11514.1286   81   66 12307.2900 10405.7214  15.5%   213 1925s
 22647 16675 infeasible  110      12307.2900 10405.8181  15.4%   213 1940s
 22757 16766 11760.6567   89  121 12307.2900 10406.3654  15.4%   214 1955s
 22882 16890 11263.8173   58  148 12307.2900 10407.3243  15.4%   214 1970s
 23024 16993     cutoff  111      12307.2900 10408.1963  15.4%   214 1986s
 23172 17062 10783.9936   43  412 12307.2900 10409.9661  15.4%   214 2001s
 23258 17187 11139.8635   52  212 12307.2900 10410.2975  15.4%   215 2018s
 23437 17258     cutoff   99      12307.2900 10410.8710  15.4%   215 2033s
 23495 17404 11469.6062   66  118 12307.2900 10411.6569  15.4%   215 2052s
 23715 17529     cutoff   98      12307.2900 10412.0899  15.4%   215 2070s
 23856 17648     cutoff   95      12307.2900 10412.6480  15.4%   215 2087s
 24009 17780 10721.5938   38  378 12307.2900 10413.9356  15.4%   215 2105s
 24181 17907 10691.0626   41  293 12307.2900 10414.7895  15.4%   215 2121s
 24327 18057 10957.7730   51  180 12307.2900 10416.2703  15.4%   215 2139s
 24468 18058 11621.1381   78   82 12307.2900 10416.4288  15.4%   215 2140s
 24500 18157 infeasible  107      12307.2900 10416.7001  15.4%   215 2154s
 24550 18157 10981.3258   60  125 12307.2900 10416.7001  15.4%   215 2155s
 24621 18309 10957.2892   59  133 12307.2900 10417.0881  15.4%   215 2173s
 24819 18383     cutoff  104      12307.2900 10417.2284  15.4%   215 2191s
 24907 18486 10572.6028   37  247 12307.2900 10417.3041  15.4%   215 2210s
 25028 18587     cutoff  103      12307.2900 10417.4764  15.4%   216 2225s
 25131 18868 11470.2012   68  146 12307.2900 10417.8413  15.4%   216 2243s
 25365 18871 11763.7842  120   38 12307.2900 10417.8788  15.4%   216 2245s
 25511 18921     cutoff  109      12307.2900 10418.0867  15.4%   215 2261s
 25566 19106 10818.0519   47  250 12307.2900 10418.7271  15.3%   215 2278s
 25787 19189 10737.4857   38  494 12307.2900 10420.6211  15.3%   215 2293s
 25856 19424 11147.4575   58  101 12307.2900 10421.1686  15.3%   216 2311s
 26151 19506 infeasible  120      12307.2900 10421.4201  15.3%   215 2326s
 26239 19578 11958.5326   83   29 12307.2900 10421.9256  15.3%   216 2345s
 26345 19708 12268.7900   87    - 12307.2900 10422.1298  15.3%   216 2365s
 26543 19854 infeasible  130      12307.2900 10424.6907  15.3%   215 2382s
 26711 19961 10656.0903   42  330 12307.2900 10426.2864  15.3%   215 2409s
 26795 19961 12188.4242   81   48 12307.2900 10426.2864  15.3%   215 2410s
 26841 19997     cutoff   86      12307.2900 10426.5312  15.3%   216 2424s
 26879 20158 10919.8656   51  163 12307.2900 10426.8494  15.3%   217 2442s
 27073 20274 10658.3306   51  398 12307.2900 10427.0270  15.3%   216 2462s
 27202 20561 10914.0298   67   46 12307.2900 10427.1490  15.3%   217 2482s
 27538 20680     cutoff  129      12307.2900 10427.4511  15.3%   216 2498s
 27682 20729 10972.3441   36  236 12307.2900 10428.9033  15.3%   216 2513s
 27725 20894 11401.4941   45  134 12307.2900 10428.9435  15.3%   217 2534s
 27832 20894 11090.7227   45  187 12307.2900 10428.9947  15.3%   217 2535s
 27930 21021 10936.4903   44  309 12307.2900 10429.0296  15.3%   217 2552s
 28092 21099     cutoff  112      12307.2900 10429.3739  15.3%   217 2569s
 28182 21181 11234.8643   62  208 12307.2900 10429.5444  15.3%   217 2583s
 28275 21297     cutoff  103      12307.2900 10430.7915  15.2%   217 2600s
 28427 21436 12228.7700   98    6 12307.2900 10431.1947  15.2%   217 2618s
 28613 21589 12158.8033  134   37 12307.2900 10432.5747  15.2%   217 2636s
 28804 21715 infeasible  142      12307.2900 10433.0556  15.2%   217 2654s
 28840 21715 11522.0192   76   82 12307.2900 10433.0556  15.2%   217 2655s
 28954 21813 10946.2694   77  282 12307.2900 10434.0518  15.2%   217 2670s
 29088 21887     cutoff  123      12307.2900 10434.6343  15.2%   217 2686s
 29165 22072 11034.0829   50  157 12307.2900 10434.9487  15.2%   218 2706s
 29432 22182 infeasible  105      12307.2900 10435.0620  15.2%   217 2724s
 29598 22296     cutoff  108      12307.2900 10436.2669  15.2%   217 2741s
 29766 22391     cutoff  115      12307.2900 10437.0287  15.2%   217 2758s
 29860 22576 10931.5942   48  193 12307.2900 10437.4159  15.2%   217 2778s
 30017 22582 11241.9353   90  174 12307.2900 10437.4159  15.2%   217 2780s
 30070 22723 11357.1372   87  107 12307.2900 10437.5877  15.2%   217 2798s
 30259 22808     cutoff  122      12307.2900 10438.2595  15.2%   217 2814s
 30345 22929 11393.7179   66  150 12307.2900 10438.3094  15.2%   217 2831s
 30525 22976     cutoff  102      12307.2900 10438.4517  15.2%   217 2846s
 30575 23061 11561.5747   65  287 12307.2900 10438.5971  15.2%   218 2862s
 30701 23203 11176.6844   66  207 12307.2900 10438.7252  15.2%   218 2880s
 30869 23293 12237.8155   89   44 12307.2900 10438.9066  15.2%   218 2897s
 30993 23393 11110.8978   51  362 12307.2900 10439.8831  15.2%   218 2913s
 31116 23515 10925.0901   55  339 12307.2900 10440.3711  15.2%   218 2931s
 31246 23703 10892.0592   45  194 12307.2900 10440.4279  15.2%   218 2951s
 31493 23767 10720.1399   40  452 12307.2900 10440.8461  15.2%   218 2977s
 31552 23852 11496.8142   70  127 12307.2900 10441.8332  15.2%   218 3005s
 31674 23957 infeasible  114      12307.2900 10442.0835  15.2%   218 3023s
 31800 24087 11798.0611   73  129 12307.2900 10442.4022  15.2%   218 3039s
 31890 24087     cutoff   97      12307.2900 10442.5423  15.2%   217 3040s
 31953 24265 11169.6666   73  239 12307.2900 10444.2527  15.1%   218 3058s
 32167 24269 12040.6320  126   72 12307.2900 10444.3153  15.1%   217 3060s
 32186 24346     cutoff   94      12307.2900 10444.4298  15.1%   217 3075s
 32285 24453 11701.7918   71  118 12307.2900 10444.6091  15.1%   217 3090s
 32418 24542     cutoff  105      12307.2900 10445.6347  15.1%   218 3108s
 32522 24613 11472.3928   72  304 12307.2900 10446.6609  15.1%   218 3124s
 32602 24753 11065.3116   47  352 12307.2900 10446.7678  15.1%   218 3142s
 32794 24873 10704.9905   41  378 12307.2900 10447.1453  15.1%   218 3158s
 32937 24969 10756.1801   39  387 12307.2900 10447.2544  15.1%   218 3175s
 33076 25028 11990.9624   79   61 12307.2900 10447.4776  15.1%   218 3191s
 33147 25239 11068.3958   57  274 12307.2900 10448.1193  15.1%   219 3210s
 33419 25344     cutoff  117      12307.2900 10448.3069  15.1%   218 3227s
 33551 25484     cutoff  128      12307.2900 10449.5155  15.1%   218 3245s
 33711 25564     cutoff  115      12307.2900 10450.0767  15.1%   218 3263s
 33818 25661 10705.4926   48  369 12307.2900 10450.2097  15.1%   218 3279s
 33842 25661     cutoff  112      12307.2900 10450.2097  15.1%   219 3280s
 33933 25810 11350.9560   62  192 12307.2900 10450.3603  15.1%   218 3298s
*34024 23961             133    12083.880000 10450.8145  13.5%   218 3299s
 34117 24036 10897.8514   54  234 12083.8800 10451.5903  13.5%   218 3318s
 34227 24135     cutoff  105      12083.8800 10452.2379  13.5%   218 3336s
 34331 24220     cutoff   86      12083.8800 10452.4951  13.5%   219 3357s
 34438 24288 11281.0248   74  204 12083.8800 10452.6441  13.5%   219 3374s
 34477 24290 12040.6885  103   16 12083.8800 10452.6441  13.5%   219 3375s
 34523 24378 10963.6241   54  131 12083.8800 10452.6503  13.5%   219 3394s
 34636 24475 11321.8358   63  173 12083.8800 10452.6848  13.5%   220 3413s
 34748 24604 10735.9151   49  302 12083.8800 10452.8727  13.5%   220 3432s
 34904 24629 10900.1007   45  180 12083.8800 10453.0550  13.5%   220 3451s
H34927 23493                    11980.560000 10453.0550  12.7%   220 3451s
 34932 23615 11286.9255   65  109 11980.5600 10453.6546  12.7%   220 3468s
 35078 23678 11412.8509   68  197 11980.5600 10453.7121  12.7%   220 3484s
 35160 23758 10982.8059   64  118 11980.5600 10454.0069  12.7%   220 3502s
 35257 23876 11825.4900   99   16 11980.5600 10454.2291  12.7%   221 3522s
 35426 24003 11020.5700   55  295 11980.5600 10454.4035  12.7%   221 3541s
 35587 24114 10716.3606   39  151 11980.5600 10454.6308  12.7%   221 3561s
 35722 24211 10888.5587   46  257 11980.5600 10455.5397  12.7%   221 3579s
 35768 24211 11963.0966   91   85 11980.5600 10455.5397  12.7%   221 3580s
 35835 24315 10828.5960   47  352 11980.5600 10455.6729  12.7%   221 3599s
 35914 24319 11931.7200  119    5 11980.5600 10455.6729  12.7%   221 3600s

Cutting planes:
  User: 4555
  Gomory: 12
  Cover: 354
  Implied bound: 125
  Projected implied bound: 7
  Clique: 20
  MIR: 92
  StrongCG: 3
  Flow cover: 214
  GUB cover: 1
  Inf proof: 1
  Zero half: 20
  RLT: 210
  Relax-and-lift: 9
  Lazy constraints: 8849

Explored 35975 nodes (7957679 simplex iterations) in 3600.43 seconds
Thread count was 2 (of 32 available processors)

Solution count 9: 11980.6 12083.9 12307.3 ... 13616.5

Time limit reached
Best objective 1.198056000000e+04, best bound 1.045575367852e+04, gap 12.7273%

User-callback calls 461173, time in user-callback 141.43 sec
================================================================================
executing instance: ./input/Instances/Original/3/absH3high_5n20.dat
--------------------------------------------------------------------------------
Instance details
n	21
H	3
C	1734
Li:
[0, 0, 0, 0, 0, 0, 0, 0, 0, 0, 0, 0, 0, 0, 0, 0, 0, 0, 0, 0, 0, ]
Ui:
[0, 40, 237, 68, 194, 144, 207, 114, 118, 207, 120, 72, 128, 48, 102, 237, 261, 135, 84, 184, 142, ]
Distance matrix:
|0	408	254	408	305	286	284	573	384	380	400	384	552	461	243	577	274	285	345	92	431	|
|408	0	189	21	111	218	178	168	182	283	211	86	158	222	191	168	136	320	219	318	87	|
|254	189	0	198	81	230	31	354	276	174	157	136	307	348	158	348	110	313	275	180	183	|
|408	21	198	0	118	204	190	165	163	302	230	105	169	202	184	170	134	306	202	317	107	|
|305	111	81	118	0	188	80	278	209	221	172	86	247	276	129	276	61	285	220	218	130	|
|286	218	230	204	188	0	249	342	102	401	360	260	373	176	73	360	128	103	60	202	290	|
|284	178	31	190	80	249	0	339	286	151	127	114	284	355	180	330	124	337	290	211	160	|
|573	168	354	165	278	342	339	0	262	411	330	229	118	248	342	37	298	434	316	482	194	|
|384	182	276	163	209	102	286	262	0	429	372	252	319	79	149	287	167	174	55	297	268	|
|380	283	174	302	221	401	151	411	429	0	82	197	318	491	331	390	274	488	439	331	219	|
|400	211	157	230	172	360	127	330	372	82	0	125	237	427	297	308	232	455	390	335	139	|
|384	86	136	105	86	260	114	229	252	197	125	0	171	303	210	217	143	361	278	301	47	|
|552	158	307	169	247	373	284	118	319	318	237	171	0	331	349	84	289	474	366	465	124	|
|461	222	348	202	276	176	355	248	79	491	427	303	331	0	228	279	241	226	119	375	308	|
|243	191	158	184	129	73	180	342	149	331	297	210	349	228	0	352	68	159	127	152	248	|
|577	168	348	170	276	360	330	37	287	390	308	217	84	279	352	0	303	455	339	486	177	|
|274	136	110	134	61	128	124	298	167	274	232	143	289	241	68	303	0	224	166	183	182	|
|285	320	313	306	285	103	337	434	174	488	455	361	474	226	159	455	224	0	119	224	393	|
|345	219	275	202	220	60	290	316	55	439	390	278	366	119	127	339	166	119	0	262	301	|
|92	318	180	317	218	202	211	482	297	331	335	301	465	375	152	486	183	224	262	0	347	|
|431	87	183	107	130	290	160	194	268	219	139	47	124	308	248	177	182	393	301	347	0	|

--------------------------------------------------------------------------------
Building model...
	using lazy and cut (CVRPSEP package)
Solving IRP LP...
--------------------------------------------------------------------------------

Gurobi 9.1.0 (linux64) logging started Sun Feb  7 23:10:40 2021

Gurobi Optimizer version 9.1.0 build v9.1.0rc0 (linux64)
Thread count: 32 physical cores, 32 logical processors, using up to 2 threads
Optimize a model with 861 rows, 3096 columns and 8397 nonzeros
Model fingerprint: 0x26046d91
Variable types: 324 continuous, 2772 integer (252 binary)
Coefficient statistics:
  Matrix range     [1e+00, 4e+02]
  Objective range  [2e-01, 6e+02]
  Bounds range     [1e+00, 3e+02]
  RHS range        [1e+00, 3e+03]
Presolve removed 259 rows and 485 columns
Presolve time: 0.07s
Presolved: 602 rows, 2611 columns, 6597 nonzeros
Variable types: 186 continuous, 2425 integer (2194 binary)

Root relaxation: objective 7.709490e+03, 785 iterations, 0.01 seconds

    Nodes    |    Current Node    |     Objective Bounds      |     Work
 Expl Unexpl |  Obj  Depth IntInf | Incumbent    BestBd   Gap | It/Node Time

     0     0 7709.49025    0   86          - 7709.49025      -     -    0s
     0     0 8243.18031    0  105          - 8243.18031      -     -    0s
     0     0 8253.10205    0   79          - 8253.10205      -     -    0s
     0     0 8253.10205    0   77          - 8253.10205      -     -    0s
     0     0 8450.43996    0  127          - 8450.43996      -     -    0s
     0     0 8537.04078    0  186          - 8537.04078      -     -    0s
     0     0 8538.17762    0  196          - 8538.17762      -     -    0s
     0     0 8538.17762    0  195          - 8538.17762      -     -    0s
     0     0 8765.98828    0  202          - 8765.98828      -     -    0s
     0     0 8786.19741    0  214          - 8786.19741      -     -    0s
     0     0 8787.03426    0  227          - 8787.03426      -     -    0s
     0     0 8834.01886    0  203          - 8834.01886      -     -    0s
     0     0 8854.38001    0  204          - 8854.38001      -     -    0s
     0     0 8858.72627    0  235          - 8858.72627      -     -    0s
     0     0 8859.27396    0  244          - 8859.27396      -     -    0s
     0     0 8888.38915    0  165          - 8888.38915      -     -    0s
     0     0 8893.81679    0  284          - 8893.81679      -     -    0s
     0     0 8895.68004    0  238          - 8895.68004      -     -    0s
     0     0 8896.23093    0  244          - 8896.23093      -     -    0s
     0     0 8898.07592    0  175          - 8898.07592      -     -    0s
     0     0 8898.07592    0  175          - 8898.07592      -     -    0s
     0     2 8902.63389    0  166          - 8902.63389      -     -    1s
*  274   258             108    12748.190000 8969.56039  29.6%   105    3s
*  276   258             109    12660.290000 8969.56039  29.2%   104    3s
   360   309 10018.2940   14  120 12660.2900 8977.43750  29.1%   106    5s
   730   627 10582.5097   32  175 12660.2900 8989.38875  29.0%  89.4   10s
H  731   596                    12396.290000 8989.38875  27.5%  89.3   10s
H  744   574                    12217.810000 9133.09428  25.2%  87.7   12s
   753   580 9524.30659   20  399 12217.8100 9136.87391  25.2%  86.7   15s
H  781   572                    11900.320000 9156.66747  23.1%  98.8   18s
   805   591 9451.20004   27  147 11900.3200 9156.66747  23.1%   103   20s
H  810   567                    11887.500000 9156.66747  23.0%   104   20s
  1000   701 11128.9935   78   22 11887.5000 9156.66747  23.0%   103   25s
* 1007   673              81    11591.700000 9156.66747  21.0%   103   25s
* 1013   639              84    11231.450000 9156.66747  18.5%   102   25s
