




arguments: ./build/bc_mirp -f ./input/orig_exec_171.cfg
Current dir: /scratch/gui/bc_mirp
File verbosity level: 9
date       time         ( uptime  ) [ thread name/id ]                   file:line     v| 
2021-02-11 04:06:18.103 (   0.585s) [main thread     ]             loguru.cpp:789   INFO| Logging to './output/vi_vc+hc1_half/OU/V4/Original/execution_11_02_2021_04_06_18.log', mode: 'a', verbosity: 9
--------------------------------------------------------------------------------
Parameters
                           instance_path           ./input/Instances/Original/4/
                            model_policy                                       1
                             nb_vehicles                                       4
                              output_dir ./output/vi_vc+hc1_half/OU/V4/Original/
                            sec_strategy                                       1
                       solver_nb_threads                                       2
                         solver_show_log                                    true
                       solver_time_limit                                    3600
                              use_vi_cos                                   false
                              use_vi_cus                                   false
                         use_vi_hc1_full                                   false
                         use_vi_hc1_half                                    true
                      use_vi_hc1_quarter                                   false
                              use_vi_hc2                                   false
                              use_vi_hc3                                   false
                         use_vi_lex_full                                   false
                         use_vi_lex_half                                   false
                      use_vi_lex_quarter                                   false
                              use_vi_qua                                   false
                               use_vi_vc                                    true
                               use_vi_vr                                   false
--------------------------------------------------------------------------------
executing instance: ./input/Instances/Original/4/absH3low_3n30.dat
--------------------------------------------------------------------------------
Instance details
n	31
H	3
C	2841
Li:
[0, 0, 0, 0, 0, 0, 0, 0, 0, 0, 0, 0, 0, 0, 0, 0, 0, 0, 0, 0, 0, 0, 0, 0, 0, 0, 0, 0, 0, 0, 0, ]
Ui:
[0, 246, 98, 54, 144, 171, 192, 180, 165, 98, 122, 198, 297, 144, 130, 129, 219, 138, 142, 150, 108, 66, 64, 285, 180, 204, 276, 168, 240, 198, 122, ]
Distance matrix:
|0	172	56	166	260	198	42	197	296	110	91	112	238	275	323	183	330	232	175	181	162	191	232	280	201	139	356	185	266	216	26	|
|172	0	178	223	320	335	153	355	444	62	231	99	333	376	214	352	176	235	194	106	47	41	353	161	299	175	225	43	326	374	153	|
|56	178	0	110	204	162	93	233	336	125	144	148	187	226	358	180	313	284	123	152	182	185	282	252	256	88	329	177	210	251	42	|
|166	223	110	0	102	150	199	327	431	194	253	237	113	156	431	228	296	386	44	140	248	208	389	218	366	48	287	200	108	344	148	|
|260	320	204	102	0	156	296	391	493	296	340	339	66	90	531	263	362	486	127	226	349	300	469	278	454	148	334	292	6	406	245	|
|198	335	162	150	156	0	239	255	351	286	245	307	93	106	518	111	442	423	194	280	344	335	349	367	352	182	437	327	158	266	199	|
|42	153	93	199	296	239	0	203	296	91	82	76	278	316	284	217	322	191	201	186	133	180	217	281	177	165	356	175	302	222	52	|
|197	355	233	327	391	255	203	0	104	294	125	266	340	361	436	151	524	276	352	377	330	383	109	477	146	319	553	377	395	19	222	|
|296	444	336	431	493	351	296	104	0	384	214	348	440	456	488	241	617	315	456	476	412	475	113	575	176	422	651	470	497	88	322	|
|110	62	125	194	296	286	91	294	384	0	171	55	298	340	238	292	233	210	176	118	58	91	298	201	248	148	273	87	302	313	94	|
|91	231	144	253	340	245	82	125	214	171	0	141	307	339	324	184	403	187	266	266	204	261	140	363	114	230	438	256	346	144	116	|
|112	99	148	237	339	307	76	266	348	55	141	0	332	373	212	292	275	156	225	173	64	137	254	253	200	194	322	135	345	284	108	|
|238	333	187	113	66	93	278	340	440	298	307	332	0	43	536	203	404	469	153	253	354	321	427	322	420	160	385	313	67	353	229	|
|275	376	226	156	90	106	316	361	456	340	339	373	43	0	578	216	443	507	194	295	397	364	453	361	451	203	421	356	88	372	268	|
|323	214	358	431	531	518	284	436	488	238	324	212	536	578	0	498	309	176	407	320	183	245	376	344	312	383	379	251	537	451	319	|
|183	352	180	228	263	111	217	151	241	292	184	292	203	216	498	0	492	371	266	328	345	364	255	426	272	242	501	356	266	159	198	|
|330	176	313	296	362	442	322	524	617	233	403	275	404	443	309	492	0	397	253	164	218	142	529	84	475	260	72	147	367	543	306	|
|232	235	284	386	486	423	191	276	315	210	187	156	469	507	176	371	397	0	379	327	188	276	202	396	139	346	456	277	492	289	242	|
|175	194	123	44	127	194	201	352	456	176	266	225	153	194	407	266	253	379	0	101	225	174	405	174	375	36	244	166	133	370	152	|
|181	106	152	140	226	280	186	377	476	118	266	173	253	295	320	328	164	327	101	0	148	76	403	100	360	98	177	69	232	396	155	|
|162	47	182	248	349	344	133	330	412	58	204	64	354	397	183	345	218	188	225	148	0	89	316	208	259	201	270	90	355	348	149	|
|191	41	185	208	300	335	180	383	475	91	261	137	321	364	245	364	142	276	174	76	89	0	388	119	336	162	185	8	306	402	169	|
|232	353	282	389	469	349	217	109	113	298	140	254	427	453	376	255	529	202	405	403	316	388	0	497	64	369	570	384	474	112	256	|
|280	161	252	218	278	367	281	477	575	201	363	253	322	361	344	426	84	396	174	100	208	119	497	0	449	187	77	119	283	496	255	|
|201	299	256	366	454	352	177	146	176	248	114	200	420	451	312	272	475	139	375	360	259	336	64	449	0	339	521	333	460	156	223	|
|139	175	88	48	148	182	165	319	422	148	230	194	160	203	383	242	260	346	36	98	201	162	369	187	339	0	260	153	154	337	116	|
|356	225	329	287	334	437	356	553	651	273	438	322	385	421	379	501	72	456	244	177	270	185	570	77	521	260	0	187	338	572	331	|
|185	43	177	200	292	327	175	377	470	87	256	135	313	356	251	356	147	277	166	69	90	8	384	119	333	153	187	0	298	396	163	|
|266	326	210	108	6	158	302	395	497	302	346	345	67	88	537	266	367	492	133	232	355	306	474	283	460	154	338	298	0	410	251	|
|216	374	251	344	406	266	222	19	88	313	144	284	353	372	451	159	543	289	370	396	348	402	112	496	156	337	572	396	410	0	241	|
|26	153	42	148	245	199	52	222	322	94	116	108	229	268	319	198	306	242	152	155	149	169	256	255	223	116	331	163	251	241	0	|

--------------------------------------------------------------------------------
Building model...
	using lazy and cut (CVRPSEP package)
Solving IRP LP...
--------------------------------------------------------------------------------

Gurobi 9.1.0 (linux64) logging started Thu Feb 11 04:06:19 2021

Gurobi Optimizer version 9.1.0 build v9.1.0rc0 (linux64)
Thread count: 32 physical cores, 32 logical processors, using up to 2 threads
Optimize a model with 1276 rows, 6436 columns and 16507 nonzeros
Model fingerprint: 0xa8d1b984
Variable types: 484 continuous, 5952 integer (372 binary)
Coefficient statistics:
  Matrix range     [1e+00, 7e+02]
  Objective range  [1e-02, 7e+02]
  Bounds range     [1e+00, 3e+02]
  RHS range        [1e+00, 5e+03]
Presolve removed 355 rows and 712 columns
Presolve time: 0.08s
Presolved: 921 rows, 5724 columns, 13886 nonzeros
Variable types: 289 continuous, 5435 integer (5076 binary)

Root relaxation: objective 2.406741e+03, 995 iterations, 0.02 seconds

    Nodes    |    Current Node    |     Objective Bounds      |     Work
 Expl Unexpl |  Obj  Depth IntInf | Incumbent    BestBd   Gap | It/Node Time

     0     0 2406.74103    0  100          - 2406.74103      -     -    0s
     0     0 2643.11847    0  100          - 2643.11847      -     -    0s
     0     0 3147.29112    0  169          - 3147.29112      -     -    0s
     0     0 3224.34875    0  173          - 3224.34875      -     -    0s
     0     0 3225.54905    0  158          - 3225.54905      -     -    0s
     0     0 3226.80003    0  180          - 3226.80003      -     -    0s
     0     0 3227.26437    0  169          - 3227.26437      -     -    0s
     0     0 3287.56323    0  221          - 3287.56323      -     -    0s
     0     0 3302.31046    0  226          - 3302.31046      -     -    0s
     0     0 3307.30223    0  236          - 3307.30223      -     -    0s
     0     0 3313.55218    0  236          - 3313.55218      -     -    0s
     0     0 3315.95376    0  245          - 3315.95376      -     -    0s
     0     0 3315.95376    0  246          - 3315.95376      -     -    0s
     0     0 3412.08357    0  301          - 3412.08357      -     -    1s
     0     0 3424.56508    0  286          - 3424.56508      -     -    1s
     0     0 3426.39775    0  314          - 3426.39775      -     -    1s
     0     0 3426.98575    0  306          - 3426.98575      -     -    1s
     0     0 3525.37267    0  301          - 3525.37267      -     -    1s
     0     0 3567.44646    0  287          - 3567.44646      -     -    1s
     0     0 3568.85779    0  282          - 3568.85779      -     -    1s
     0     0 3578.11010    0  316          - 3578.11010      -     -    2s
     0     0 3578.76079    0  357          - 3578.76079      -     -    2s
     0     0 3580.17634    0  247          - 3580.17634      -     -    2s
     0     0 3585.61496    0  211          - 3585.61496      -     -    2s
     0     0 3586.10746    0  213          - 3586.10746      -     -    2s
     0     0 3593.53219    0  356          - 3593.53219      -     -    2s
     0     0 3593.53219    0  356          - 3593.53219      -     -    2s
     0     2 3596.35863    0  356          - 3596.35863      -     -    2s
    59    62 3904.17044   18  291          - 3601.73409      -   266    5s
   255   280 5270.18102   71  149          - 3601.73409      -   203   10s
*  567   564             179    7832.2700000 3601.73409  54.0%   122   13s
   574   573 7776.01329  176   17 7832.27000 3619.47065  53.8%   128   15s
   628   617 3972.69927    7  380 7832.27000 3619.47065  53.8%   152   20s
   665   663 3970.38833   11  362 7832.27000 3619.47065  53.8%   168   25s
   711   705 4140.00014   16  318 7832.27000 3619.47065  53.8%   175   30s
H  732   683                    7665.5000000 3619.47065  52.8%   177   33s
   737   686 5049.84079   64  465 7665.50000 3690.98715  51.8%   176   35s
H  751   659                    7665.4800000 3763.36715  50.9%   173   38s
   757   663 7353.59000  173  455 7665.48000 3764.13417  50.9%   172   40s
H  765   636                    7663.4800000 3765.00317  50.9%   180   42s
   777   644 4047.93262   30  428 7663.48000 3766.25869  50.9%   177   45s
H  783   615                    7609.4800000 3774.46787  50.4%   176   47s
   791   620 4849.33498   54  470 7609.48000 3776.61440  50.4%   174   51s
   796   626 3782.95223   26  451 7609.48000 3782.95223  50.3%   185   55s
   808   634 3818.25106   29  470 7609.48000 3809.09070  49.9%   191   60s
   837   656 3905.49912   36  491 7609.48000 3835.16840  49.6%   201   65s
   875   683 4246.33554   45  221 7609.48000 3835.16840  49.6%   213   70s
   918   716 4256.52243   54  363 7609.48000 3835.16840  49.6%   221   75s
   993   770 4325.92478   67  365 7609.48000 3835.16840  49.6%   230   80s
  1064   816 4404.71251   78  377 7609.48000 3835.16840  49.6%   236   85s
  1152   898 4455.63239   91  344 7609.48000 3835.16840  49.6%   238   90s
  1269   963 4528.30896  105  316 7609.48000 3835.16840  49.6%   235   95s
  1501  1158 4845.49687  127  264 7609.48000 3835.16840  49.6%   223  101s
  1605  1153 4898.92171  139  270 7609.48000 3835.16840  49.6%   219  107s
  1641  1188 5190.23111  152  155 7609.48000 3835.16840  49.6%   224  110s
  1761  1284 5338.51938  197  230 7609.48000 3835.16840  49.6%   231  116s
  1848  1343 5409.35489  227  178 7609.48000 3835.16840  49.6%   234  120s
  1996  1484 5752.86871  267  165 7609.48000 3835.16840  49.6%   234  126s
  2158  1514 4011.84515   29  330 7609.48000 3839.04061  49.5%   228  131s
  2217  1554 4183.41702   34  276 7609.48000 3839.04061  49.5%   231  136s
  2287  1615 4245.31950   38  207 7609.48000 3839.04061  49.5%   232  141s
  2441  1862 4383.56663   44  208 7609.48000 3839.04061  49.5%   230  147s
  2635  2013 4503.84688   65   78 7609.48000 3839.04061  49.5%   217  150s
* 2846  1974             340    7249.8900000 3839.04061  47.0%   203  152s
* 2847  1974             340    7242.8900000 3839.04061  47.0%   203  152s
* 2851  1954             336    7081.8900000 3839.04061  45.8%   203  152s
  2931  1961 4822.64377  237   67 7081.89000 3839.04061  45.8%   199  156s
  3016  1994 3948.00102   31  575 7081.89000 3853.72861  45.6%   198  161s
  3037  2023 4419.93860   37  316 7081.89000 3853.72861  45.6%   203  165s
  3084  2135 4544.13037   48  116 7081.89000 3853.72861  45.6%   206  171s
  3166  2217 4937.59511   94  127 7081.89000 3853.78005  45.6%   205  176s
  3348  2277     cutoff  155      7081.89000 3862.43069  45.5%   201  183s
  3356  2308 4317.18336   34  397 7081.89000 3862.43069  45.5%   204  186s
  3465  2398 infeasible   76      7081.89000 3884.75208  45.1%   204  194s
  3490  2470 4099.38708   36  501 7081.89000 3884.75208  45.1%   205  197s
  3562  2604 4212.14752   39  332 7081.89000 3884.75208  45.1%   204  201s
  3697  2716 4342.41274   41  406 7081.89000 3884.75208  45.1%   202  205s
  3870  2777 4617.35081   47  308 7081.89000 3884.75208  45.1%   200  212s
  3907  2831 4650.23628   56  197 7081.89000 3884.75208  45.1%   202  217s
  3961  2971 4815.19710   63  259 7081.89000 3884.75208  45.1%   203  221s
  4101  3071 5033.88927   78  198 7081.89000 3884.75208  45.1%   199  226s
  4217  3148 5414.74099  133  160 7081.89000 3884.75208  45.1%   197  232s
  4301  3273 6797.74529  179   92 7081.89000 3899.19938  44.9%   197  238s
  4464  3292 4098.06919   36  449 7081.89000 3899.19938  44.9%   195  242s
  4483  3353 4608.56044   45  343 7081.89000 3899.19938  44.9%   198  247s
  4544  3469 5957.58050   84   77 7081.89000 3899.29604  44.9%   199  252s
* 4672  3303             130    6705.4900000 3901.98482  41.8%   197  257s
  4720  3316 4447.58829   35  175 6705.49000 3902.19089  41.8%   199  262s
  4742  3564 4679.51714   42  281 6705.49000 3910.48952  41.7%   200  267s
  5012  3588 4110.01927   31  416 6705.49000 3910.50177  41.7%   193  274s
  5036  3621 4396.99567   43  320 6705.49000 3910.50177  41.7%   195  279s
  5069  3780 5117.73580   69  196 6705.49000 3918.64396  41.6%   196  284s
  5251  3875     cutoff  169      6705.49000 3922.41115  41.5%   193  290s
  5363  3913 4683.89459   38  436 6705.49000 3923.84954  41.5%   193  295s
  5401  4045 5442.30130   61  102 6705.49000 3927.04911  41.4%   196  302s
* 5557  3804             118    6446.4700000 3935.01490  39.0%   193  303s
  5597  3823 3973.16919   33  543 6446.47000 3935.01490  39.0%   193  308s
  5634  3998 4570.50812   49  262 6446.47000 3935.09056  39.0%   195  314s
  5682  3998 5251.62863   97  103 6446.47000 3935.09056  39.0%   194  315s
  5837  4085     cutoff  153      6446.47000 3942.35131  38.8%   192  324s
  5893  4090 5487.36218  100   34 6446.47000 3948.11051  38.8%   192  325s
  5953  4121 4326.91269   47  502 6446.47000 3948.11051  38.8%   191  330s
  5985  4262 5014.19271   60  307 6446.47000 3948.11051  38.8%   193  337s
  6155  4299 6104.63628  106   88 6446.47000 3952.90381  38.7%   191  344s
  6201  4366 4384.06886   41  279 6446.47000 3962.20086  38.5%   193  350s
  6268  4426 5699.31384   69  140 6446.47000 3965.49544  38.5%   194  357s
  6358  4454 4366.73138   36  435 6446.47000 3969.48304  38.4%   195  363s
  6386  4577 4615.84275   43  296 6446.47000 3969.48304  38.4%   198  369s
  6439  4577 4926.27761   78   81 6446.47000 3969.48304  38.4%   198  370s
  6509  4820 5534.12818  107   71 6446.47000 3969.55265  38.4%   198  380s
* 6798  4753             178    6374.2500000 3973.19025  37.7%   195  386s
* 6799  4685             178    6331.2500000 3973.19025  37.2%   195  386s
  6827  4762 4668.38792   45  290 6331.25000 3976.29740  37.2%   197  396s
  6906  4839 6259.44057  109   27 6331.25000 3976.39976  37.2%   197  403s
  7004  4897 4566.02741   43  307 6331.25000 3977.03025  37.2%   198  409s
  7044  4897 4313.26245   37  166 6331.25000 3977.03025  37.2%   199  410s
  7062  5053 5253.49000   62   30 6331.25000 3979.50691  37.1%   200  419s
* 7080  3159              71    5442.7400000 3979.50691  26.9%   200  419s
  7229  3159     cutoff   81      5442.74000 3979.61507  26.9%   200  420s
H 7274  3065                    5428.7400000 3979.61507  26.7%   199  429s
  7333  3065 5253.65451   93   18 5428.74000 3984.45631  26.6%   199  430s
  7358  3107     cutoff   98      5428.74000 3986.28116  26.6%   200  439s
H 7413  2847                    5330.7400000 3990.22807  25.1%   202  448s
  7430  3000 4579.58965   42  363 5330.74000 3990.22807  25.1%   205  457s
  7591  3045 infeasible  147      5330.74000 3991.06760  25.1%   204  467s
  7647  3125 4475.53546   51  421 5330.74000 3996.35351  25.0%   207  476s
  7753  3177 4061.86984   36  487 5330.74000 3996.61585  25.0%   208  485s
  7807  3242 4708.35504   53  370 5330.74000 4003.97736  24.9%   210  494s
  7899  3294 4893.19678   40  243 5330.74000 4006.86617  24.8%   212  503s
  7969  3332 4193.39523   40  439 5330.74000 4010.80982  24.8%   213  512s
  8024  3383 4297.05409   36  311 5330.74000 4013.93662  24.7%   215  523s
  8142  3416     cutoff   76      5330.74000 4014.33262  24.7%   216  532s
H 8144  3390                    5318.7400000 4014.33262  24.5%   216  532s
  8177  3500 4700.31294   59  435 5318.74000 4014.49240  24.5%   219  543s
H 8216  3451                    5300.7400000 4018.37825  24.2%   221  543s
  8322  3476 4346.89718   46  390 5300.74000 4018.37825  24.2%   220  553s
  8348  3524 4793.82703   52  276 5300.74000 4018.37825  24.2%   223  563s
H 8400  3188                    5158.6400000 4018.37825  22.1%   226  575s
  8475  3195     cutoff   88      5158.64000 4019.70780  22.1%   226  586s
  8507  3268 4686.73036   49  360 5158.64000 4022.22783  22.0%   228  599s
  8610  3338 4470.95994   33  502 5158.64000 4023.62801  22.0%   230  611s
  8699  3376 4226.66924   44  528 5158.64000 4023.98152  22.0%   231  621s
  8745  3408 4776.88390   67  505 5158.64000 4028.60426  21.9%   234  631s
  8791  3447 4572.70076   43  381 5158.64000 4028.60549  21.9%   236  643s
  8856  3511 4636.76264   42  397 5158.64000 4035.40828  21.8%   239  656s
  8937  3556 4328.49026   39  481 5158.64000 4035.85921  21.8%   240  667s
  9006  3655 4361.88220   34  359 5158.64000 4044.90003  21.6%   242  680s
  9125  3749 4574.59830   48  369 5158.64000 4048.13231  21.5%   244  693s
  9256  3829 4320.24547   35  417 5158.64000 4050.90939  21.5%   245  708s
  9376  3865 4330.71119   39  438 5158.64000 4051.53944  21.5%   247  720s
  9412  3902 4809.04611   47  331 5158.64000 4054.74475  21.4%   250  733s
  9474  3980 4471.83315   40  380 5158.64000 4054.78134  21.4%   253  745s
  9568  4034 4584.18318   32  365 5158.64000 4056.20952  21.4%   255  759s
  9641  4097 4344.85866   42  429 5158.64000 4059.36049  21.3%   257  772s
  9730  4177 4245.86908   38  430 5158.64000 4059.56154  21.3%   259  786s
  9824  4230 4202.05591   34  417 5158.64000 4061.12466  21.3%   260  803s
  9877  4394 4605.75478   46  190 5158.64000 4061.34811  21.3%   263  818s
 10076  4455 4447.69361   40  437 5158.64000 4064.40127  21.2%   262  831s
 10151  4514 4640.44905   48  427 5158.64000 4066.69613  21.2%   264  844s
 10234  4614 4569.74895   47  160 5158.64000 4068.12671  21.1%   266  858s
 10351  4663 5054.40271   56  317 5158.64000 4068.30788  21.1%   268  873s
 10422  4724     cutoff   59      5158.64000 4069.15047  21.1%   270  887s
 10510  4822     cutoff   68      5158.64000 4072.80973  21.0%   272  902s
 10641  4901 4554.10346   39  185 5158.64000 4077.03636  21.0%   274  916s
 10742  4949 4774.99206   66  407 5158.64000 4080.13197  20.9%   276  930s
 10808  5030 4537.13183   44  411 5158.64000 4083.30342  20.8%   278  946s
 10914  5134 4391.52675   34  298 5158.64000 4087.42794  20.8%   279  962s
 11033  5238 4850.26329   41  318 5158.64000 4091.87550  20.7%   281  978s
 11164  5330 4576.96690   53  395 5158.64000 4094.07365  20.6%   282  994s
 11203  5330 4396.87979   36  426 5158.64000 4094.10297  20.6%   283  995s
 11312  5392 5149.08902   54  300 5158.64000 4094.51032  20.6%   283 1012s
 11404  5467 4223.17406   34  478 5158.64000 4098.11608  20.6%   286 1027s
 11495  5614 4429.36173   39  452 5158.64000 4099.58693  20.5%   288 1044s
 11664  5693 4293.29351   36  242 5158.64000 4102.55182  20.5%   289 1060s
 11768  5739 4532.67910   51  468 5158.64000 4103.51372  20.5%   291 1077s
 11852  5821 4708.07947   54  354 5158.64000 4106.42437  20.4%   293 1093s
 11966  5881 4324.30480   32  384 5158.64000 4108.83201  20.4%   295 1109s
 11998  5881     cutoff   81      5158.64000 4108.83201  20.4%   296 1110s
 12037  6051 4699.47484   47  273 5158.64000 4112.32543  20.3%   297 1128s
 12233  6117 4415.96182   39  424 5158.64000 4113.54489  20.3%   297 1144s
 12333  6207 5016.80995   55  365 5158.64000 4117.81335  20.2%   300 1160s
 12453  6290 4481.35491   42  354 5158.64000 4118.85579  20.2%   301 1177s
 12563  6347 4596.06587   36  308 5158.64000 4119.57645  20.1%   303 1194s
 12692  6480 4252.14704   35  380 5158.64000 4122.19616  20.1%   305 1212s
 12862  6552 4531.40622   45  307 5158.64000 4122.28509  20.1%   306 1229s
 12968  6650 4294.61144   42  482 5158.64000 4123.70046  20.1%   308 1250s
 13126  6756 4789.89619   61  233 5158.64000 4125.12738  20.0%   309 1268s
 13244  6840 4704.96926   57  417 5158.64000 4128.02913  20.0%   311 1286s
 13371  6887 5114.45125   58    8 5158.64000 4130.39522  19.9%   313 1302s
 13454  6992 4228.58727   39  488 5158.64000 4130.59963  19.9%   315 1320s
 13581  7056 4819.98928   69   81 5158.64000 4131.46461  19.9%   317 1339s
 13683  7131 4417.52515   41  387 5158.64000 4133.24861  19.9%   319 1357s
 13782  7300 5037.37722   54  301 5158.64000 4133.71886  19.9%   322 1378s
 14038  7377 4448.15311   38  406 5158.64000 4133.98914  19.9%   321 1395s
 14143  7499 4416.07360   31  363 5158.64000 4136.16277  19.8%   323 1415s
 14315  7581 4935.24119   49  237 5158.64000 4138.23120  19.8%   324 1434s
 14441  7649 4554.90158   47  415 5158.64000 4141.06918  19.7%   325 1451s
 14530  7723 5039.10239   55  324 5158.64000 4142.15595  19.7%   327 1469s
H14552  7576                    5131.6400000 4142.15595  19.3%   328 1469s
 14630  7641 4938.75366   47  431 5131.64000 4143.12518  19.3%   329 1488s
H14728  7539                    5120.6400000 4143.12518  19.1%   329 1489s
 14793  7603     cutoff   65      5120.64000 4146.44509  19.0%   330 1506s
 14908  7697 4636.09695   39  372 5120.64000 4148.27690  19.0%   332 1524s
 15045  7761 4671.27016   55  357 5120.64000 4149.66282  19.0%   333 1543s
 15146  7851 4228.92910   37  439 5120.64000 4153.87942  18.9%   335 1561s
 15265  8135 4993.77562   58  131 5120.64000 4154.16009  18.9%   337 1583s
 15632  8221 4402.20596   40  407 5120.64000 4157.33544  18.8%   334 1602s
 15759  8308 4682.58504   49  390 5120.64000 4158.06878  18.8%   335 1621s
 15894  8448     cutoff   54      5120.64000 4159.65633  18.8%   337 1642s
 16066  8535 4728.77587   43  409 5120.64000 4160.86165  18.7%   337 1661s
 16195  8596 4602.08695   38  326 5120.64000 4165.92831  18.6%   339 1679s
 16241  8596 4995.84937   46  281 5120.64000 4166.14982  18.6%   340 1680s
 16290  8681 5077.52318   59  294 5120.64000 4169.02899  18.6%   341 1703s
 16410  8751     cutoff   66      5120.64000 4170.78145  18.5%   342 1721s
 16512  8863 5004.31824   57  116 5120.64000 4171.82770  18.5%   344 1740s
 16674  8960 4672.13425   41  249 5120.64000 4173.45569  18.5%   345 1760s
 16837  9067     cutoff   54      5120.64000 4173.72609  18.5%   346 1780s
 17008  9156 4389.35534   35  454 5120.64000 4175.85331  18.5%   347 1799s
 17143  9233 4731.54061   37  320 5120.64000 4178.26123  18.4%   348 1817s
 17243  9320     cutoff   70      5120.64000 4179.73607  18.4%   350 1835s
 17356  9369 5103.70934   57  181 5120.64000 4181.14997  18.3%   352 1854s
 17443  9485 4669.12136   49  312 5120.64000 4183.42215  18.3%   354 1874s
 17614  9575     cutoff   66      5120.64000 4187.03369  18.2%   355 1893s
 17739  9647 4309.97309   42  315 5120.64000 4187.54885  18.2%   356 1917s
 17867  9737 4397.49149   40  359 5120.64000 4190.86338  18.2%   358 1938s
 17985  9845 4648.68817   45   97 5120.64000 4194.04671  18.1%   359 1958s
 18117  9966 4586.56544   55   16 5120.64000 4195.01224  18.1%   361 1980s
 18349 10115 infeasible   97      5120.64000 4195.89956  18.1%   360 2000s
 18552 10252 4475.83628   39  323 5120.64000 4198.85378  18.0%   359 2020s
 18724 10343 4962.11485   60  136 5120.64000 4199.37225  18.0%   359 2041s
 18875 10459 4590.06928   46  398 5120.64000 4200.23091  18.0%   359 2061s
 19057 10548 5078.25703   54  344 5120.64000 4202.25110  17.9%   359 2082s
 19216 10659     cutoff   48      5120.64000 4203.29585  17.9%   359 2102s
 19394 10763     cutoff   70      5120.64000 4204.12722  17.9%   360 2122s
 19568 10821     cutoff   76      5120.64000 4205.04444  17.9%   360 2141s
 19655 10862 5087.40988   50  345 5120.64000 4205.63883  17.9%   362 2255s
 19738 10952 4856.58092   49  276 5120.64000 4205.97035  17.9%   363 2277s
 19870 11072 5016.04105   71  282 5120.64000 4206.73359  17.8%   364 2298s
 20044 11168 4590.74873   35  391 5120.64000 4208.52578  17.8%   365 2318s
 20184 11270 4914.70932   42  285 5120.64000 4209.34861  17.8%   366 2339s
 20324 11394 4760.63937   45  426 5120.64000 4210.25581  17.8%   367 2361s
 20489 11555 4686.93241   48  363 5120.64000 4211.29072  17.8%   368 2386s
 20696 11690 4853.47416   55  122 5120.64000 4213.12573  17.7%   368 2409s
 20922 11789 4606.70971   40  360 5120.64000 4214.90833  17.7%   368 2431s
 21065 11940 4520.94968   41  360 5120.64000 4215.77878  17.7%   370 2456s
 21300 12059     cutoff   63      5120.64000 4216.92028  17.6%   369 2478s
 21464 12168 infeasible   81      5120.64000 4217.80050  17.6%   370 2500s
 21615 12330 4697.82145   45  282 5120.64000 4220.08443  17.6%   371 2523s
H21670  5743                    4749.0500000 4220.08443  11.1%   372 2524s
 21838  5714     cutoff   44      4749.05000 4220.35275  11.1%   371 2544s
 21958  5774     cutoff   48      4749.05000 4221.62086  11.1%   372 2568s
 22116  5855     cutoff   51      4749.05000 4222.57234  11.1%   374 2589s
 22273  5890 4747.25539   53  206 4749.05000 4223.75300  11.1%   375 2612s
 22390  5917 4398.57679   39  425 4749.05000 4224.84017  11.0%   376 2633s
 22468  5959 4614.41476   39  265 4749.05000 4227.17500  11.0%   378 2653s
 22598  6032 4324.66797   39  348 4749.05000 4228.98861  11.0%   379 2675s
 22748  6086 4680.30460   52  299 4749.05000 4229.65316  10.9%   380 2696s
 22892  6139 4594.56626   45  368 4749.05000 4232.31111  10.9%   381 2721s
 23053  6190 4564.03028   41  206 4749.05000 4234.82584  10.8%   381 2741s
 23164  6266 4742.82194   40  225 4749.05000 4236.26669  10.8%   382 2762s
 23312  6333 4426.67784   35  365 4749.05000 4238.42609  10.8%   383 2785s
 23508  6397 4689.71912   52   43 4749.05000 4240.24901  10.7%   383 2807s
*23517  6135              57    4732.9100000 4240.24901  10.4%   383 2807s
*23518  6019              57    4727.3000000 4240.24901  10.3%   383 2807s
 23636  6089 4497.13096   40  309 4727.30000 4240.85544  10.3%   384 2828s
 23772  6122 4432.75694   42  444 4727.30000 4243.20194  10.2%   385 2850s
 23881  6171 4367.72092   40  222 4727.30000 4245.05734  10.2%   387 2871s
 24000  6206 4696.63261   55  426 4727.30000 4245.38175  10.2%   388 2896s
H24010  5254                    4669.0500000 4245.38175  9.07%   388 2896s
 24136  5271     cutoff   41      4669.05000 4246.73105  9.05%   389 2917s
 24262  5302 4638.29770   47  230 4669.05000 4247.79360  9.02%   390 2938s
 24367  5336     cutoff   39      4669.05000 4249.41964  8.99%   392 2959s
 24499  5364 4561.02508   46  371 4669.05000 4251.20632  8.95%   393 2981s
 24630  5407 4558.58312   40  361 4669.05000 4252.55965  8.92%   394 3010s
 24747  5429     cutoff   47      4669.05000 4254.49164  8.88%   395 3031s
 24841  5464 4477.22464   33  378 4669.05000 4255.55938  8.86%   397 3053s
 24953  5517 4491.95822   46  324 4669.05000 4257.16334  8.82%   398 3075s
 25092  5559 4668.99306   53  377 4669.05000 4258.45259  8.79%   399 3097s
 25215  5583 4501.67457   41  390 4669.05000 4260.12552  8.76%   401 3118s
 25321  5619 4502.69819   42  395 4669.05000 4262.22415  8.71%   402 3140s
 25451  5669 4640.79463   35  379 4669.05000 4263.11989  8.69%   403 3162s
 25581  5718 4546.91224   48  194 4669.05000 4264.24906  8.67%   404 3184s
 25716  5741 4421.63417   36  266 4669.05000 4265.48502  8.64%   405 3207s
 25827  5782     cutoff   56      4669.05000 4266.57276  8.62%   407 3229s
 25951  5804     cutoff   46      4669.05000 4268.82159  8.57%   408 3252s
 26067  5864 4525.82453   41  191 4669.05000 4270.03820  8.55%   410 3277s
 26225  5932 4546.56436   43  323 4669.05000 4271.97614  8.50%   410 3300s
 26396  5996 4389.17431   40  234 4669.05000 4273.37055  8.47%   411 3324s
 26464  5996 4595.27443   63   83 4669.05000 4276.01262  8.42%   411 3325s
 26539  6048     cutoff   48      4669.05000 4276.05028  8.42%   412 3348s
 26715  6078     cutoff   50      4669.05000 4277.96390  8.38%   412 3374s
H26716  4211                    4578.0500000 4277.96390  6.55%   412 3374s
 26817  4243 4463.00872   34  415 4578.05000 4278.67139  6.54%   413 3398s
 26995  4260 4466.24127   42  502 4578.05000 4281.28707  6.48%   413 3420s
 27106  4285 4466.79789   33  489 4578.05000 4282.32478  6.46%   414 3443s
 27255  4307 4564.46280   42  117 4578.05000 4283.18611  6.44%   415 3467s
 27375  4334 4507.06545   40  422 4578.05000 4285.39544  6.39%   416 3490s
 27508  4361 4520.11809   44  333 4578.05000 4286.30077  6.37%   417 3514s
 27627  4368     cutoff   37      4578.05000 4288.40645  6.33%   418 3537s
 27738  4394 4519.45939   42  255 4578.05000 4291.25419  6.26%   420 3560s
 27878  4405 4547.47581   41  381 4578.05000 4293.36039  6.22%   421 3583s
 27996  4417 4562.64929   49  367 4578.05000 4295.30837  6.18%   422 3600s

Cutting planes:
  User: 5570
  Gomory: 25
  Cover: 349
  Implied bound: 172
  Projected implied bound: 13
  Clique: 28
  MIR: 114
  StrongCG: 3
  Flow cover: 245
  GUB cover: 2
  Inf proof: 1
  Zero half: 17
  RLT: 206
  Relax-and-lift: 5
  Lazy constraints: 1292

Explored 28094 nodes (11880407 simplex iterations) in 3600.66 seconds
Thread count was 2 (of 32 available processors)

Solution count 10: 4578.05 4669.05 4727.3 ... 5318.74

Time limit reached
Best objective 4.578050000000e+03, best bound 4.296540220376e+03, gap 6.1491%

User-callback calls 335718, time in user-callback 124.89 sec
================================================================================
executing instance: ./input/Instances/Original/4/absH3low_3n10.dat
--------------------------------------------------------------------------------
Instance details
n	11
H	3
C	687
Li:
[0, 0, 0, 0, 0, 0, 0, 0, 0, 0, 0, ]
Ui:
[0, 189, 44, 174, 78, 36, 198, 117, 42, 96, 240, ]
Distance matrix:
|0	209	255	286	142	156	285	317	182	161	135	|
|209	0	464	451	315	356	490	469	361	299	260	|
|255	464	0	221	202	130	74	280	189	254	273	|
|286	451	221	0	145	156	164	479	354	153	192	|
|142	315	202	145	0	73	194	388	250	53	73	|
|156	356	130	156	73	0	134	332	200	127	144	|
|285	490	74	164	194	134	0	353	256	239	267	|
|317	469	280	479	388	332	353	0	141	436	430	|
|182	361	189	354	250	200	256	141	0	296	289	|
|161	299	254	153	53	127	239	436	296	0	39	|
|135	260	273	192	73	144	267	430	289	39	0	|

--------------------------------------------------------------------------------
Building model...
	using lazy and cut (CVRPSEP package)
Solving IRP LP...
--------------------------------------------------------------------------------

Gurobi 9.1.0 (linux64) logging started Thu Feb 11 05:06:21 2021

Gurobi Optimizer version 9.1.0 build v9.1.0rc0 (linux64)
Thread count: 32 physical cores, 32 logical processors, using up to 2 threads
Optimize a model with 446 rows, 956 columns and 2912 nonzeros
Model fingerprint: 0xa10d3351
Variable types: 164 continuous, 792 integer (132 binary)
Coefficient statistics:
  Matrix range     [1e+00, 2e+02]
  Objective range  [1e-02, 5e+02]
  Bounds range     [1e+00, 2e+02]
  RHS range        [1e+00, 1e+03]
Presolve removed 157 rows and 270 columns
Presolve time: 0.02s
Presolved: 289 rows, 686 columns, 1938 nonzeros
Variable types: 84 continuous, 602 integer (494 binary)

Root relaxation: objective 1.904889e+03, 421 iterations, 0.01 seconds

    Nodes    |    Current Node    |     Objective Bounds      |     Work
 Expl Unexpl |  Obj  Depth IntInf | Incumbent    BestBd   Gap | It/Node Time

     0     0 1913.22084    0   57          - 1913.22084      -     -    0s
     0     0 2289.03947    0   61          - 2289.03947      -     -    0s
H    0     0                    3308.1000000 2289.03947  30.8%     -    0s
     0     0 2303.24969    0   54 3308.10000 2303.24969  30.4%     -    0s
     0     0 2542.85097    0   58 3308.10000 2542.85097  23.1%     -    0s
     0     0 2545.66279    0  102 3308.10000 2545.66279  23.0%     -    0s
     0     0 2545.71905    0   92 3308.10000 2545.71905  23.0%     -    0s
     0     0 2732.93226    0   79 3308.10000 2732.93226  17.4%     -    0s
H    0     0                    3282.1000000 2732.93226  16.7%     -    0s
     0     0 2744.30676    0   73 3282.10000 2744.30676  16.4%     -    0s
     0     0 2744.33577    0   74 3282.10000 2744.33577  16.4%     -    0s
     0     0 2757.50219    0  101 3282.10000 2757.50219  16.0%     -    0s
     0     0 2769.23663    0  105 3282.10000 2769.23663  15.6%     -    0s
     0     0 2769.67256    0  106 3282.10000 2769.67256  15.6%     -    0s
     0     0 2806.15004    0  138 3282.10000 2806.15004  14.5%     -    0s
     0     0 2809.07602    0  135 3282.10000 2809.07602  14.4%     -    0s
     0     0 2809.61498    0  134 3282.10000 2809.61498  14.4%     -    0s
     0     0 2817.56745    0   97 3282.10000 2817.56745  14.2%     -    0s
     0     0 2818.05390    0  108 3282.10000 2818.05390  14.1%     -    0s
     0     0 2818.43889    0   92 3282.10000 2818.43889  14.1%     -    0s
     0     0 2818.43889    0   92 3282.10000 2818.43889  14.1%     -    0s
     0     2 2834.03915    0   92 3282.10000 2834.03915  13.7%     -    0s
*  142    61              11    3199.3600000 2932.71561  8.33%  64.3    1s
*  185    63              13    3112.3600000 2968.43839  4.62%  60.5    1s
*  212    63              13    3111.1000000 2985.01747  4.05%  60.5    1s

Cutting planes:
  User: 30
  Gomory: 2
  Cover: 72
  Implied bound: 37
  Clique: 11
  MIR: 53
  StrongCG: 2
  Flow cover: 51
  GUB cover: 2
  Inf proof: 1
  Mod-K: 1
  Network: 2
  RLT: 67
  Relax-and-lift: 13
  Lazy constraints: 3

Explored 292 nodes (17826 simplex iterations) in 1.52 seconds
Thread count was 2 (of 32 available processors)

Solution count 5: 3111.1 3112.36 3199.36 ... 3308.1

Optimal solution found (tolerance 1.00e-04)
Best objective 3.111100000000e+03, best bound 3.111100000000e+03, gap 0.0000%

User-callback calls 1035, time in user-callback 0.09 sec
================================================================================
executing instance: ./input/Instances/Original/4/absH3low_3n15.dat
--------------------------------------------------------------------------------
Instance details
n	16
H	3
C	1267
Li:
[0, 0, 0, 0, 0, 0, 0, 0, 0, 0, 0, 0, 0, 0, 0, 0, ]
Ui:
[0, 156, 267, 148, 144, 87, 33, 171, 76, 141, 270, 282, 60, 110, 172, 57, ]
Distance matrix:
|0	229	567	76	58	96	306	409	310	423	108	346	165	347	159	256	|
|229	0	482	243	279	155	375	525	251	419	158	373	65	123	329	246	|
|567	482	0	506	622	483	342	439	259	200	467	274	486	433	501	312	|
|76	243	506	0	119	88	230	337	255	352	88	272	179	347	94	194	|
|58	279	622	119	0	154	345	431	366	471	166	391	217	399	179	310	|
|96	155	483	88	154	0	266	397	224	358	17	289	92	262	176	179	|
|306	375	342	230	345	266	0	158	184	148	251	68	332	423	181	140	|
|409	525	439	337	431	397	158	0	340	244	386	201	476	581	253	298	|
|310	251	259	255	366	224	184	340	0	170	208	146	238	257	274	66	|
|423	419	200	352	471	358	148	244	170	0	341	84	396	424	323	182	|
|108	158	467	88	166	17	251	386	208	341	0	273	96	259	172	162	|
|346	373	274	272	391	289	68	201	146	84	273	0	340	400	239	127	|
|165	65	486	179	217	92	332	476	238	396	96	340	0	182	267	216	|
|347	123	433	347	399	262	423	581	257	424	259	400	182	0	423	283	|
|159	329	501	94	179	176	181	253	274	323	172	239	267	423	0	208	|
|256	246	312	194	310	179	140	298	66	182	162	127	216	283	208	0	|

--------------------------------------------------------------------------------
Building model...
	using lazy and cut (CVRPSEP package)
Solving IRP LP...
--------------------------------------------------------------------------------

Gurobi 9.1.0 (linux64) logging started Thu Feb 11 05:06:23 2021

Gurobi Optimizer version 9.1.0 build v9.1.0rc0 (linux64)
Thread count: 32 physical cores, 32 logical processors, using up to 2 threads
Optimize a model with 658 rows, 1876 columns and 5359 nonzeros
Model fingerprint: 0x845919ee
Variable types: 244 continuous, 1632 integer (192 binary)
Coefficient statistics:
  Matrix range     [1e+00, 3e+02]
  Objective range  [1e-02, 6e+02]
  Bounds range     [1e+00, 3e+02]
  RHS range        [1e+00, 2e+03]
Presolve removed 209 rows and 370 columns
Presolve time: 0.03s
Presolved: 449 rows, 1506 columns, 3979 nonzeros
Variable types: 136 continuous, 1370 integer (1199 binary)

Root relaxation: objective 1.934427e+03, 673 iterations, 0.01 seconds

    Nodes    |    Current Node    |     Objective Bounds      |     Work
 Expl Unexpl |  Obj  Depth IntInf | Incumbent    BestBd   Gap | It/Node Time

     0     0 1934.42743    0   71          - 1934.42743      -     -    0s
     0     0 2199.02281    0   88          - 2199.02281      -     -    0s
     0     0 2255.95995    0   92          - 2255.95995      -     -    0s
     0     0 2260.79226    0   98          - 2260.79226      -     -    0s
     0     0 2775.83298    0  143          - 2775.83298      -     -    0s
     0     0 2802.68839    0  144          - 2802.68839      -     -    0s
     0     0 2814.29832    0  142          - 2814.29832      -     -    0s
     0     0 2819.22086    0  151          - 2819.22086      -     -    0s
     0     0 2819.53942    0  150          - 2819.53942      -     -    0s
     0     0 2898.47942    0  180          - 2898.47942      -     -    0s
     0     0 2910.61694    0  179          - 2910.61694      -     -    0s
     0     0 2913.29573    0  192          - 2913.29573      -     -    0s
     0     0 2913.35128    0  198          - 2913.35128      -     -    0s
     0     0 2955.97846    0  181          - 2955.97846      -     -    0s
     0     0 2959.36798    0  176          - 2959.36798      -     -    0s
     0     0 2959.52907    0  164          - 2959.52907      -     -    0s
     0     0 3005.30155    0  200          - 3005.30155      -     -    0s
     0     0 3014.42459    0  213          - 3014.42459      -     -    0s
     0     0 3014.83002    0  199          - 3014.83002      -     -    0s
     0     0 3022.69790    0  201          - 3022.69790      -     -    0s
     0     0 3023.45355    0  218          - 3023.45355      -     -    0s
     0     0 3025.67080    0  188          - 3025.67080      -     -    0s
     0     0 3025.67080    0  187          - 3025.67080      -     -    0s
     0     2 3026.81910    0  187          - 3026.81910      -     -    0s
H  122   132                    5321.6000000 3118.54440  41.4%   107    1s
H  161   148                    4821.8600000 3118.54440  35.3%  93.5    1s
H  181   122                    4168.9500000 3118.54440  25.2%  91.2    1s
