




arguments: ./build/mirp_solver -f ./input/orig_exec_365.cfg
Current dir: /scratch/gui/bnc_mirp
File verbosity level: 9
date       time         ( uptime  ) [ thread name/id ]                   file:line     v| 
2021-01-26 02:21:52.315 (   0.400s) [main thread     ]             loguru.cpp:789   INFO| Logging to './output/vi_vc/OU/V4/Original/execution_26_01_2021_02_21_52.log', mode: 'a', verbosity: 9
--------------------------------------------------------------------------------
Parameters
                           instance_path           ./input/Instances/Original/5/
                            model_policy                                       1
                             nb_vehicles                                       4
                              output_dir          ./output/vi_vc/OU/V4/Original/
                            sec_strategy                                       1
                       solver_nb_threads                                       2
                         solver_show_log                                    true
                       solver_time_limit                                    3600
                              use_vi_cos                                   false
                              use_vi_cus                                   false
                         use_vi_hc1_full                                   false
                         use_vi_hc1_half                                   false
                      use_vi_hc1_quarter                                   false
                              use_vi_hc2                                   false
                              use_vi_hc3                                   false
                         use_vi_lex_full                                   false
                         use_vi_lex_half                                   false
                      use_vi_lex_quarter                                   false
                              use_vi_qua                                   false
                               use_vi_vc                                    true
                               use_vi_vr                                   false
--------------------------------------------------------------------------------
executing instance: ./input/Instances/Original/5/absH3low_4n50.dat
--------------------------------------------------------------------------------
Instance details
n	51
H	3
C	4066
Li:
[0, 0, 0, 0, 0, 0, 0, 0, 0, 0, 0, 0, 0, 0, 0, 0, 0, 0, 0, 0, 0, 0, 0, 0, 0, 0, 0, 0, 0, 0, 0, 0, 0, 0, 0, 0, 0, 0, 0, 0, 0, 0, 0, 0, 0, 0, 0, 0, 0, 0, 0, ]
Ui:
[0, 108, 126, 122, 66, 120, 48, 30, 128, 54, 158, 198, 36, 66, 210, 234, 147, 297, 171, 128, 116, 120, 219, 70, 294, 207, 134, 128, 234, 122, 22, 183, 195, 255, 132, 124, 66, 189, 219, 66, 128, 102, 288, 66, 87, 136, 36, 39, 282, 36, 237, ]
Distance matrix:
|0	210	444	498	509	104	438	228	487	304	456	434	526	476	163	47	293	396	293	290	313	85	280	437	293	336	409	106	449	376	433	478	193	404	404	534	278	181	380	507	189	438	263	473	353	216	202	218	452	254	465	|
|210	0	299	507	359	106	345	409	358	411	320	402	555	448	136	200	289	264	306	427	141	222	83	348	264	320	283	303	380	208	258	357	170	348	475	542	243	347	355	379	65	479	172	373	355	251	112	229	402	210	300	|
|444	299	0	363	65	358	116	542	66	440	26	241	425	272	282	407	251	51	276	490	159	397	224	124	217	237	48	490	170	99	83	74	261	180	430	385	214	479	231	85	270	390	184	116	271	300	409	276	210	215	54	|
|498	507	363	0	385	482	246	424	326	254	343	123	63	93	388	452	221	337	211	314	428	414	480	239	243	187	324	463	194	418	438	307	346	188	156	36	264	392	156	326	444	87	340	258	154	286	603	294	153	297	417	|
|509	359	65	385	0	422	145	602	59	492	59	269	448	292	348	472	305	115	329	545	218	462	281	152	274	286	106	554	192	153	116	78	326	216	472	403	274	540	271	63	334	425	249	127	316	361	468	337	233	278	69	|
|104	106	358	482	422	0	372	309	408	337	374	396	521	441	98	96	262	314	271	342	215	124	177	373	249	302	329	198	394	281	337	402	139	353	419	518	230	250	343	428	90	437	188	405	328	200	134	188	406	199	372	|
|438	345	116	246	145	372	0	485	87	357	97	126	309	155	279	394	180	101	200	414	223	373	288	8	157	150	84	459	53	188	196	68	245	72	328	269	165	427	128	97	297	280	184	36	175	250	456	233	94	184	170	|
|228	409	542	424	602	309	485	0	561	170	544	419	424	446	298	214	305	491	286	115	462	187	457	480	331	339	496	124	470	510	565	545	295	424	279	454	329	66	376	576	363	340	370	520	330	242	429	266	453	328	581	|
|487	358	66	326	59	408	87	561	0	441	40	211	389	233	324	446	258	95	281	497	220	431	287	95	230	234	79	522	133	164	146	19	297	160	415	344	233	500	215	21	323	367	224	68	261	320	470	299	174	242	106	|
|304	411	440	254	492	337	357	170	441	0	434	266	255	286	275	266	189	392	164	63	408	225	428	351	224	207	392	234	330	438	484	424	250	287	112	284	232	149	233	453	349	170	302	389	185	168	471	195	305	248	487	|
|456	320	26	343	59	374	97	544	40	434	0	223	406	252	294	418	247	60	271	487	181	405	247	105	215	229	49	498	149	124	109	48	270	165	419	364	215	482	218	60	288	375	194	92	261	302	431	279	190	220	75	|
|434	402	241	123	269	396	126	419	211	266	223	0	185	46	298	387	140	213	145	328	310	355	366	118	147	97	201	425	78	295	315	191	256	65	211	151	166	371	53	215	343	157	231	145	90	220	505	217	41	198	295	|
|526	555	425	63	448	521	309	424	389	255	406	185	0	156	430	481	266	398	252	310	485	442	534	301	293	237	386	480	257	478	500	370	390	249	145	55	313	401	212	389	491	89	392	321	201	322	646	334	216	345	479	|
|476	448	272	93	292	441	155	446	233	286	252	46	156	0	343	429	183	250	184	348	353	396	411	148	192	140	236	461	102	334	350	214	302	106	214	113	212	402	98	233	389	151	277	165	125	261	551	260	62	244	325	|
|163	136	282	388	348	98	279	298	324	275	294	298	430	343	0	124	167	234	178	296	167	121	162	279	151	205	247	216	297	224	280	316	42	256	340	423	132	232	246	344	74	349	100	314	233	115	216	97	308	101	307	|
|47	200	407	452	472	96	394	214	446	266	418	387	481	429	124	0	246	358	245	259	284	41	261	392	247	289	370	103	403	345	402	436	150	358	361	488	232	158	333	466	165	393	223	430	306	168	217	171	406	210	431	|
|293	289	251	221	305	262	180	305	258	189	247	140	266	183	167	246	0	204	26	240	238	215	276	175	37	43	203	289	169	255	297	242	125	122	202	257	52	248	87	272	225	191	134	215	67	80	382	77	163	81	298	|
|396	264	51	337	115	314	101	491	95	392	60	213	398	250	234	358	204	0	229	442	130	347	196	108	169	194	19	440	152	87	102	93	211	149	390	363	165	428	194	116	228	355	134	117	230	250	376	225	189	164	95	|
|293	306	276	211	329	271	200	286	281	164	271	145	252	184	178	245	26	229	0	216	262	212	297	195	63	53	228	280	184	280	323	264	138	137	178	248	76	232	95	294	241	173	156	234	60	77	395	83	172	102	324	|
|290	427	490	314	545	342	414	115	497	63	487	328	310	348	296	259	240	442	216	0	443	220	456	408	273	264	443	204	390	479	529	480	278	346	165	343	278	115	293	509	369	229	340	447	244	202	473	230	366	288	536	|
|313	141	159	428	218	215	223	462	220	408	181	310	485	353	167	284	238	130	262	443	0	288	67	228	202	252	149	382	267	67	122	221	168	247	440	459	186	396	273	241	125	423	107	245	291	242	251	214	297	162	160	|
|85	222	397	414	462	124	373	187	431	225	405	355	442	396	121	41	215	347	212	220	288	0	273	371	221	258	357	95	378	344	401	420	136	331	321	450	208	126	302	450	177	353	213	409	272	136	253	143	377	190	426	|
|280	83	224	480	281	177	288	457	287	428	247	366	534	411	162	261	276	196	297	456	67	273	0	292	243	298	215	363	329	128	176	288	179	305	475	513	224	392	324	307	96	466	143	311	335	261	187	235	357	195	219	|
|437	348	124	239	152	373	8	480	95	351	105	118	301	148	279	392	175	108	195	408	228	371	292	0	154	144	91	456	46	194	203	76	244	65	320	261	163	423	121	103	299	273	185	40	168	247	459	230	86	183	178	|
|293	264	217	243	274	249	157	331	230	224	215	147	293	192	151	247	37	169	63	273	202	221	243	154	0	57	170	303	157	217	260	215	110	111	238	278	21	271	94	245	201	223	100	193	92	93	362	78	160	54	263	|
|336	320	237	187	286	302	150	339	234	207	229	97	237	140	205	289	43	194	53	264	252	258	298	144	57	0	190	331	131	257	294	216	163	84	197	221	77	285	44	246	258	172	155	183	39	123	418	119	120	110	288	|
|409	283	48	324	106	329	84	496	79	392	49	201	386	236	247	370	203	19	228	443	149	357	215	91	170	190	0	449	136	105	114	75	221	138	384	349	168	434	185	99	245	346	146	98	224	255	394	231	174	171	99	|
|106	303	490	463	554	198	459	124	522	234	498	425	480	461	216	103	289	440	280	204	382	95	363	456	303	331	449	0	458	439	496	510	229	410	344	498	293	89	374	540	267	391	307	495	336	211	308	226	451	280	520	|
|449	380	170	194	192	394	53	470	133	330	149	78	257	102	297	403	169	152	184	390	267	378	329	46	157	131	136	458	0	238	249	114	259	47	287	216	171	416	96	137	327	235	211	67	145	247	488	235	41	197	223	|
|376	208	99	418	153	281	188	510	164	438	124	295	478	334	224	345	255	87	280	479	67	344	128	194	217	257	105	439	238	0	57	169	216	230	453	445	206	445	268	184	191	427	141	202	296	278	315	250	274	191	92	|
|433	258	83	438	116	337	196	565	146	484	109	315	500	350	280	402	297	102	323	529	122	401	176	203	260	294	114	496	249	57	0	157	271	252	490	463	251	499	296	162	247	457	195	199	331	329	362	302	288	241	47	|
|478	357	74	307	78	402	68	545	19	424	48	191	370	214	316	436	242	93	264	480	221	420	288	76	215	216	75	510	114	169	157	0	287	141	396	325	219	485	196	31	319	347	216	49	243	306	469	286	154	230	120	|
|193	170	261	346	326	139	245	295	297	250	270	256	390	302	42	150	125	211	138	278	168	136	179	244	110	163	221	229	259	216	271	287	0	216	305	382	91	229	204	316	105	310	78	280	192	83	257	60	268	62	292	|
|404	348	180	188	216	353	72	424	160	287	165	65	249	106	256	358	122	149	137	346	247	331	305	65	111	84	138	410	47	230	252	141	216	0	255	215	126	369	56	168	292	210	177	102	103	200	454	189	54	155	234	|
|404	475	430	156	472	419	328	279	415	112	419	211	145	214	340	361	202	390	178	165	440	321	475	320	238	197	384	344	287	453	490	396	305	255	0	181	254	261	201	422	410	69	335	353	160	225	551	246	252	280	482	|
|534	542	385	36	403	518	269	454	344	284	364	151	55	113	423	488	257	363	248	343	459	450	513	261	278	221	349	498	216	445	463	325	382	215	181	0	298	425	189	342	479	115	373	276	190	323	638	330	175	332	439	|
|278	243	214	264	274	230	165	329	233	232	215	166	313	212	132	232	52	165	76	278	186	208	224	163	21	77	168	293	171	206	251	219	91	126	254	298	0	267	114	250	181	242	82	202	112	88	341	68	177	33	258	|
|181	347	479	392	540	250	427	66	500	149	482	371	401	402	232	158	248	428	232	115	396	126	392	423	271	285	434	89	416	445	499	485	229	369	261	425	267	0	325	516	298	313	305	463	281	180	375	203	403	264	516	|
|380	355	231	156	271	343	128	376	215	233	218	53	212	98	246	333	87	194	95	293	273	302	324	121	94	44	185	374	96	268	296	196	204	56	201	189	114	325	0	224	294	161	185	157	49	167	455	163	78	147	284	|
|507	379	85	326	63	428	97	576	21	453	60	215	389	233	344	466	272	116	294	509	241	450	307	103	245	246	99	540	137	184	162	31	316	168	422	342	250	516	224	0	344	371	244	70	271	337	490	317	176	261	120	|
|189	65	270	444	334	90	297	363	323	349	288	343	491	389	74	165	225	228	241	369	125	177	96	299	201	258	245	267	327	191	247	319	105	292	410	479	181	298	294	344	0	414	116	328	291	187	163	165	345	147	282	|
|438	479	390	87	425	437	280	340	367	170	375	157	89	151	349	393	191	355	173	229	423	353	466	273	223	172	346	391	235	427	457	347	310	210	69	115	242	313	161	371	414	0	323	301	133	238	565	253	197	273	444	|
|263	172	184	340	249	188	184	370	224	302	194	231	392	277	100	223	134	134	156	340	107	213	143	185	100	155	146	307	211	141	195	216	78	177	335	373	82	305	185	244	116	323	0	217	192	138	278	110	230	55	214	|
|473	373	116	258	127	405	36	520	68	389	92	145	321	165	314	430	215	117	234	447	245	409	311	40	193	183	98	495	67	202	199	49	280	102	353	276	202	463	157	70	328	301	217	0	205	286	485	269	106	220	167	|
|353	355	271	154	316	328	175	330	261	185	261	90	201	125	233	306	67	230	60	244	291	272	335	168	92	39	224	336	145	296	331	243	192	103	160	190	112	281	49	271	291	133	192	205	0	138	449	141	123	145	323	|
|216	251	300	286	361	200	250	242	320	168	302	220	322	261	115	168	80	250	77	202	242	136	261	247	93	123	255	211	247	278	329	306	83	200	225	323	88	180	167	337	187	238	138	286	138	0	328	28	243	88	340	|
|202	112	409	603	468	134	456	429	470	471	431	505	646	551	216	217	382	376	395	473	251	253	187	459	362	418	394	308	488	315	362	469	257	454	551	638	341	375	455	490	163	565	278	485	449	328	0	313	508	308	406	|
|218	229	276	294	337	188	233	266	299	195	279	217	334	260	97	171	77	225	83	230	214	143	235	230	78	119	231	226	235	250	302	286	60	189	246	330	68	203	163	317	165	253	110	269	141	28	313	0	235	61	315	|
|452	402	210	153	233	406	94	453	174	305	190	41	216	62	308	406	163	189	172	366	297	377	357	86	160	120	174	451	41	274	288	154	268	54	252	175	177	403	78	176	345	197	230	106	123	243	508	235	0	207	264	|
|254	210	215	297	278	199	184	328	242	248	220	198	345	244	101	210	81	164	102	288	162	190	195	183	54	110	171	280	197	191	241	230	62	155	280	332	33	264	147	261	147	273	55	220	145	88	308	61	207	0	253	|
|465	300	54	417	69	372	170	581	106	487	75	295	479	325	307	431	298	95	324	536	160	426	219	178	263	288	99	520	223	92	47	120	292	234	482	439	258	516	284	120	282	444	214	167	323	340	406	315	264	253	0	|

--------------------------------------------------------------------------------
Building model...
	using lazy and cut (CVRPSEP package)
Solving IRP LP...
--------------------------------------------------------------------------------

Gurobi 9.1.0 (linux64) logging started Tue Jan 26 02:21:52 2021

Gurobi Optimizer version 9.1.0 build v9.1.0rc0 (linux64)
Thread count: 32 physical cores, 32 logical processors, using up to 2 threads
Optimize a model with 1740 rows, 16716 columns and 37302 nonzeros
Model fingerprint: 0x8f4ee1fe
Variable types: 804 continuous, 15912 integer (612 binary)
Coefficient statistics:
  Matrix range     [1e+00, 1e+03]
  Objective range  [1e-02, 6e+02]
  Bounds range     [1e+00, 3e+02]
  RHS range        [1e+01, 7e+03]
Presolve removed 204 rows and 51 columns
Presolve time: 0.06s
Presolved: 1536 rows, 16665 columns, 35797 nonzeros
Variable types: 753 continuous, 15912 integer (15312 binary)

Root relaxation: objective 3.473436e+03, 1868 iterations, 0.06 seconds

    Nodes    |    Current Node    |     Objective Bounds      |     Work
 Expl Unexpl |  Obj  Depth IntInf | Incumbent    BestBd   Gap | It/Node Time

     0     0 3473.43557    0  161          - 3473.43557      -     -    0s
     0     0 3705.68817    0  182          - 3705.68817      -     -    0s
     0     0 3713.97421    0  182          - 3713.97421      -     -    0s
     0     0 3723.19081    0  195          - 3723.19081      -     -    0s
     0     0 4405.03798    0  264          - 4405.03798      -     -    1s
     0     0 4457.99681    0  289          - 4457.99681      -     -    1s
     0     0 4459.78518    0  266          - 4459.78518      -     -    1s
     0     0 4460.20729    0  276          - 4460.20729      -     -    1s
     0     0 4585.28368    0  279          - 4585.28368      -     -    1s
     0     0 4600.78936    0  344          - 4600.78936      -     -    1s
     0     0 4605.73722    0  346          - 4605.73722      -     -    2s
     0     0 4605.97531    0  317          - 4605.97531      -     -    2s
     0     0 4697.62353    0  336          - 4697.62353      -     -    3s
     0     0 4706.90322    0  364          - 4706.90322      -     -    3s
     0     0 4711.55548    0  347          - 4711.55548      -     -    3s
     0     0 4711.85325    0  347          - 4711.85325      -     -    4s
     0     0 4740.65762    0  410          - 4740.65762      -     -    4s
     0     0 4747.28823    0  367          - 4747.28823      -     -    4s
     0     0 4751.63307    0  421          - 4751.63307      -     -    5s
     0     0 4752.93317    0  406          - 4752.93317      -     -    5s
     0     0 4773.11342    0  408          - 4773.11342      -     -    5s
     0     0 4779.41695    0  361          - 4779.41695      -     -    6s
     0     0 4779.89203    0  383          - 4779.89203      -     -    7s
     0     0 4800.87366    0  388          - 4800.87366      -     -    7s
     0     0 4808.95856    0  390          - 4808.95856      -     -    8s
     0     0 4818.18875    0  417          - 4818.18875      -     -    8s
     0     0 4825.43669    0  444          - 4825.43669      -     -    8s
     0     0 4825.79601    0  443          - 4825.79601      -     -    8s
     0     0 4845.52954    0  485          - 4845.52954      -     -    9s
     0     0 4848.79892    0  464          - 4848.79892      -     -   10s
     0     0 4848.86214    0  492          - 4848.86214      -     -   10s
     0     0 4855.22374    0  303          - 4855.22374      -     -   11s
     0     0 4857.48084    0  330          - 4857.48084      -     -   11s
     0     0 4864.18112    0  373          - 4864.18112      -     -   11s
     0     0 4864.18112    0  339          - 4864.18112      -     -   12s
     0     2 4864.91929    0  289          - 4864.91929      -     -   16s
    22    24 4899.61014    7  295          - 4885.72923      -   538   20s
    82    86 5024.53925   24  243          - 4885.72923      -   372   25s
   191   208 5398.44937   48  169          - 4885.72923      -   254   30s
   275   309 5747.33674   76  117          - 4885.72923      -   212   40s
   479   504 6994.67493  153   68          - 4885.72923      -   145   45s
   628   588 4947.56437    4  389          - 4889.22594      -   129   50s
   652   612 4998.87393   10  440          - 4889.22594      -   142   55s
   677   636 5112.55068   11  431          - 4889.22594      -   157   60s
   689   647 5037.73916   13  465          - 4889.22594      -   161   67s
   695   654 5541.11247   14  405          - 4889.22594      -   168   70s
   725   681 7957.63260  197  339          - 4889.22594      -   178   75s
   732   686 4906.18474   10  491          - 4889.22594      -   176   80s
   739   690 8113.79911  157  438          - 4894.07137      -   175   85s
   748   696 4958.85171    7  605          - 4915.75043      -   173   90s
   753   700 6024.07962   84  500          - 4932.79102      -   171   95s
   759   704 5060.65670   12  471          - 4936.18969      -   170  100s
   761   705 5779.40470   79  546          - 4936.26288      -   170  128s
   763   706 6164.71884   96  576          - 4936.26288      -   169  135s
   765   708 7409.77187  173  510          - 4936.27658      -   169  140s
   767   709 7232.05484  123  509          - 4936.27658      -   168  146s
   768   713 4946.91769   11  539          - 4936.27800      -   213  153s
   770   714 4947.85096   12  617          - 4947.73328      -   214  159s
   772   715 5060.03131   12  447          - 4947.79786      -   217  162s
   774   717 4949.21390   13  590          - 4947.79786      -   219  165s
   780   721 5163.66745   14  482          - 4950.29815      -   230  170s
   785   726 4953.42654   15  497          - 4953.42654      -   235  180s
   799   734 5014.65528   19  429          - 4953.43567      -   244  185s
   814   747 5040.80567   23  326          - 4953.43567      -   252  190s
   829   758 5078.42559   27  384          - 4953.43567      -   258  195s
   870   793 5233.64547   40  150          - 4953.43567      -   263  201s
   931   828 5352.65990   57  197          - 4953.43567      -   261  206s
   978   869 5535.12680   73  157          - 4953.43567      -   260  210s
  1021   900 5473.02400   87  119          - 4953.43567      -   258  219s
  1044   923 5497.22871   94  142          - 4953.43567      -   257  221s
  1143   995 5590.29271  121  163          - 4953.43567      -   248  226s
  1220  1045 5654.66600  143  151          - 4953.43567      -   241  230s
  1318  1115 5735.08196  168  181          - 4953.43567      -   235  235s
  1446  1208 5915.61760  204  176          - 4953.43567      -   226  241s
  1538  1264 5992.16586  231  173          - 4953.43567      -   221  246s
  1632  1330 6060.90129  255  169          - 4953.43567      -   216  251s
  1734  1405 6232.41902  285  113          - 4953.43567      -   211  256s
  1852  1513 6379.14812  323   98          - 4953.43567      -   206  262s
  1936  1509 6546.71587  354   81          - 4953.43567      -   202  266s
  2053  1687 7264.26383  391   78          - 4953.43567      -   197  272s
  2177  1739 7975.50712  426   49          - 4953.43567      -   191  277s
  2276  1796 8183.55234  459   53          - 4953.43567      -   186  281s
  2400  1832 9688.48483  490   34          - 4953.45202      -   180  302s
  2507  1856 5031.02659   17  538          - 4953.45202      -   175  306s
  2569  1874 5107.67694   18  347          - 4953.45202      -   173  311s
  2651  1887 5187.74749   26  322          - 4953.45202      -   172  317s
  2674  1907 5217.93247   31  275          - 4953.45202      -   173  320s
  2735  1964 5298.32094   46  147          - 4953.45202      -   174  327s
  2779  1994 5407.94469   56  163          - 4953.45202      -   174  330s
  2824  2017 5455.72319   67  159          - 4953.45202      -   174  351s
  2862  2079 5544.33046   77  161          - 4953.45202      -   175  355s
  2936  2114 5581.55170   89  160          - 4953.45202      -   173  372s
  2982  2239 5665.55065  101  134          - 4953.45202      -   172  377s
  3107  2434 5806.49390  121  111          - 4953.45202      -   169  383s
  3285  2434 6170.21455  268   30          - 4953.45202      -   164  385s
  3322  2596 6119.92223  158   77          - 4953.45202      -   163  390s
  3576  2664 7301.99409  200   71          - 4953.45202      -   154  397s
  3683  2741 8379.79325  252   57          - 4963.41279      -   152  403s
  3785  2741 8506.82976  306   39          - 4963.41279      -   148  405s
  3830  2789 5048.96135   24  523          - 4963.41279      -   150  412s
  3859  2837 5201.71341   32  188          - 4963.41279      -   152  417s
  3907  2903 5267.96372   43  200          - 4963.41279      -   153  422s
  3973  3053 5352.45905   52  134          - 4963.41279      -   153  429s
  4050  3053 5528.83062   90   47          - 4963.41279      -   153  430s
  4123  3300 5567.56800   71   33          - 4963.41279      -   151  437s
  4348  3300 6345.81870  208   20          - 4963.41279      -   147  440s
  4370  3731 5782.22052  112   98          - 4963.41279      -   147  446s
  4858  3898 6158.23807  210   74          - 4963.41279      -   134  457s
  5084  3911 infeasible  308               - 4970.17056      -   131  464s
  5101  3927 5022.66787   18  507          - 4970.17056      -   133  468s
  5117  3957 5080.16767   22  358          - 4970.17056      -   134  473s
  5147  4008 5248.32284   34  293          - 4970.17056      -   135  479s
  5195  4008 5297.84744   41  185          - 4970.17056      -   136  480s
  5198  4088 5350.62500   54  209          - 4970.17056      -   136  486s
  5278  4174 5587.90663   90  140          - 4970.17056      -   137  493s
  5364  4367 5871.52205  132   62          - 4970.17056      -   137  501s
  5557  4501 6385.48818  220   12          - 4970.23745      -   136  510s
  5714  4573 5196.14760   17  338          - 4970.23745      -   135  517s
  5783  4682 5348.44928   34  212          - 4970.23745      -   136  523s
  5892  4876 5548.00427   51  150          - 4970.23745      -   137  531s
  6086  5307 5928.34846   90   94          - 4970.23745      -   136  541s
  6207  5307 6387.75659  175   97          - 4970.23745      -   135  565s
  6540  5531 6624.18453  197  103          - 4971.38754      -   130  575s
  6883  5595 5111.01427   15  537          - 4971.45910      -   126  585s
  6911  5636 5159.08628   19  521          - 4971.45910      -   127  590s
  6952  5704 5279.66012   30  280          - 4971.45910      -   128  596s
  7020  5808 5409.89482   45  212          - 4971.45910      -   129  609s
  7055  5808 5558.21099   60   55          - 4971.45910      -   129  610s
  7124  6066 5593.52402   63   98          - 4971.45910      -   130  617s
  7384  6801 6143.49456  158   47          - 4976.00529      -   128  635s
  7933  6810 10223.6823  461    8          - 4976.00529      -   121  640s
  8322  6877 5103.60996   18  279          - 4976.02032      -   117  650s
  8355  6953 5211.64971   33  262          - 4976.02032      -   118  658s
  8431  7218 5335.62870   46  241          - 4976.02032      -   120  671s
  8734  7234 8018.25458  190   19          - 4976.02032      -   118  675s
  8809  7437 5566.95400   79  124          - 4976.02032      -   117  685s
  9026  7627 6026.76680  107   71          - 4979.91946      -   117  697s
  9243  7678 5109.07768   23  445          - 4979.91946      -   116  707s
  9279  7747 5292.57948   39  153          - 4979.91946      -   117  715s
  9348  7873 5485.22207   54  198          - 4979.91946      -   118  726s
  9474  8158 5961.54796   90   76          - 4988.10613      -   119  738s
  9565  8174 6194.57000  134   10          - 4988.10613      -   118  740s
  9837  8214 5205.10758   18  453          - 4988.51168      -   117  749s
  9870  8284 5322.49215   23  406          - 4988.51168      -   118  758s
  9940  8509 5365.12873   28  465          - 4988.51168      -   119  770s
 10182  8520 6583.76000  219    -          - 4988.51168      -   117  782s
 10235  8754 5497.91164   34  261          - 4988.51168      -   117  794s
 10273  8754 6864.01000  222   24          - 4988.51168      -   118  795s
 10585  8847 5505.20380   46  243          - 4988.51168      -   115  807s
 10635  8967 5668.88704   67  186          - 4988.51168      -   116  817s
 10755  9323 6405.20844  131   59          - 4997.97855      -   117  831s
 11109  9328 8475.27286  335    6          - 4997.97855      -   114  835s
 11173  9388 5136.06978   24  314          - 4997.97855      -   115  843s
 11229  9562 5242.62543   39  307          - 4997.97855      -   116  854s
 11347  9566 5911.37565  127    6          - 4997.97855      -   117  857s
 11413  9850 5378.56678   52   43          - 4997.97855      -   116  869s
 11519  9850 7151.49574  239    7          - 4997.97855      -   116  870s
 11789  9991 5576.21386   64   86          - 4997.97855      -   115  880s
 11913 10195 5795.60333   71   89          - 4997.97855      -   115  892s
 12141 10414 6349.82000  127   32          - 4998.48916      -   115  903s
 12282 10432 7800.19600  262   17          - 4998.48916      -   114  905s
 12412 10695 5120.27690   28  482          - 4998.48916      -   114  919s
 12679 10903 5282.45801   40  259          - 4998.48916      -   114  939s
 12760 10907 7016.91000  275    -          - 4998.48916      -   114  940s
 12962 11009 5732.61145   53  202          - 4998.48916      -   113  951s
 13032 11214 5956.69199   77   58          - 4998.48916      -   113  962s
 13239 11380 6696.18250  171   17          - 5000.99210      -   113  973s
 13433 11459 5177.35980   26  378          - 5000.99210      -   113  983s
 13505 11768 5261.19881   35  373          - 5000.99210      -   114  995s
 13848 12026 5526.09755   52  264          - 5000.99210      -   113 1013s
 13907 12030 6386.84195  123   35          - 5000.99210      -   113 1015s
 14129 12086 5580.02250   68  253          - 5000.99210      -   112 1028s
 14182 12321 5784.56445   87  168          - 5000.99210      -   113 1039s
 14212 12321 5915.08853  105   64          - 5000.99210      -   113 1040s
 14454 12501 7317.41133  155   70          - 5002.73668      -   112 1053s
 14562 12501 7949.75873  241   46          - 5002.73668      -   112 1055s
 14677 12554 5239.98917   23  403          - 5002.73668      -   112 1064s
 14717 12649 5371.41476   31  301          - 5002.73668      -   113 1074s
 14793 12649 5554.76591  100   53          - 5002.73668      -   113 1075s
 14812 12793 5500.73635   44  173          - 5002.73668      -   113 1090s
 15001 12922 5728.02740   62  225          - 5002.73668      -   113 1112s
 15162 13020 5823.14753   67  194          - 5002.73668      -   113 1122s
 15249 13175 6089.69579   89   91          - 5002.73668      -   114 1135s
 15404 13429 6660.37561  133   27          - 5006.27480      -   114 1149s
 15436 13432 7377.57601  138   16          - 5006.27480      -   114 1150s
 15748 13544 5086.69192   26  475          - 5006.27480      -   113 1162s
 15835 13738 5150.69639   36  327          - 5006.27480      -   114 1174s
 15946 13738 5948.77797  141   50          - 5006.27480      -   114 1175s
 16030 13915 5247.72873   46  199          - 5006.27480      -   114 1190s
 16275 14136 5532.82000   75   59          - 5006.27480      -   113 1204s
 16335 14136 5795.76129  105   46          - 5006.27480      -   113 1205s
 16484 14162 infeasible  170               - 5006.94454      -   113 1214s
 16524 14199 5264.77522   27  421          - 5006.94454      -   114 1222s
 16561 14266 5355.42486   36  335          - 5006.94454      -   115 1231s
 16628 14387 5594.09021   62  183          - 5006.94454      -   115 1241s
 16749 14662 5942.86041  107   30          - 5006.94454      -   116 1254s
 16824 14663 6262.64321  162   22          - 5006.94454      -   116 1255s
 17064 15153 6384.45198  154   32          - 5007.85627      -   115 1270s
 17662 15206 5125.78082   22  503          - 5007.85627      -   113 1283s
 17744 15255 5248.81557   33  405          - 5007.85627      -   114 1292s
 17776 15301 5389.45887   43  224          - 5007.85627      -   114 1300s
 17822 15365 5571.70936   60  225          - 5007.85627      -   115 1309s
 17886 15482 5714.48972   66  222          - 5007.85627      -   116 1319s
 18003 15746 6079.98999   95   92          - 5007.85627      -   116 1330s
 18287 16008 6476.70113  169   56          - 5009.84583      -   116 1344s
 18347 16008 6558.06181  224   21          - 5009.84583      -   115 1345s
 18619 16068 5226.41954   24  393          - 5010.23776      -   115 1356s
 18645 16116 5334.93807   33  323          - 5010.23776      -   115 1366s
 18693 16251 5466.25115   48  290          - 5010.23776      -   116 1376s
 18828 16694 5747.17415   98  105          - 5011.41416      -   116 1389s
 18858 16694 5877.32293  125   40          - 5011.41416      -   116 1390s
 19331 16726 5068.68301   22  495          - 5011.41416      -   115 1402s
 19381 16792 5099.01403   26  495          - 5011.41416      -   115 1410s
 19428 16876 5258.33118   38  365          - 5011.41416      -   116 1420s
 19512 17066 5509.17997   61  178          - 5011.41416      -   116 1431s
 19708 17442 5702.18819   84   79          - 5011.41416      -   116 1444s
 19739 17442 5859.50640  105   73          - 5011.41416      -   116 1445s
 20177 17537 7049.44133  212   20          - 5013.67835      -   115 1457s
 20325 17690 5309.99046   25  457          - 5013.67835      -   115 1469s
 20339 17690 5383.73333   42  173          - 5013.67835      -   115 1470s
 20443 17939 5409.15581   35  454          - 5013.67835      -   115 1485s
 20693 18124 5577.43439   47  205          - 5013.67835      -   115 1498s
 20869 18136 7938.33121  264   35          - 5013.67835      -   115 1500s
 20976 18264 5785.84548   66  146          - 5013.67835      -   114 1509s
 20991 18264 5842.23203   78  180          - 5013.67835      -   114 1510s
 21075 18487 6150.79071   97   28          - 5013.67835      -   115 1523s
 21278 18487 5494.77761   41  158          - 5013.67835      -   114 1525s
 21308 18622 7230.40919  197   17          - 5016.35242      -   115 1534s
 21406 18635 8975.44000  222    6          - 5016.35242      -   114 1535s
 21518 18770 5312.25507   25  298          - 5016.35242      -   115 1550s
 21658 18978 5578.88614   36  279          - 5016.35242      -   115 1564s
 21712 18978 7143.82627  137    5          - 5016.35242      -   115 1565s
 21923 19052 5606.25423   47  275          - 5016.35242      -   114 1575s
 21969 19200 5887.27619   66   78          - 5020.44486      -   115 1587s
 22135 19276 5180.29609   22  357          - 5020.44486      -   115 1597s
 22207 19403 5334.12001   31  380          - 5020.44486      -   116 1608s
 22334 19711 5492.84241   39  365          - 5020.44486      -   116 1623s
 22436 19711 6636.48222  175   28          - 5020.44486      -   116 1625s
 22661 19797 5818.07478   60   27          - 5020.44486      -   115 1635s
 22761 19980 6279.38174   84  150          - 5020.44486      -   116 1646s
 22988 20203 6615.59085  104  151          - 5022.23890      -   115 1659s
 23048 20204 7067.46793  174    8          - 5022.23890      -   115 1660s
 23233 20569 5133.68247   27  519          - 5022.23890      -   115 1675s
 23665 20892 5645.83194   51  160          - 5022.23890      -   114 1692s
 23887 20903 6781.75163  217   39          - 5022.23890      -   114 1695s
 24031 21067 5818.37944   93   51          - 5022.23890      -   113 1706s
 24175 21348 6634.10894  179   36          - 5022.91571      -   113 1721s
 24559 21432 5283.21216   22  457          - 5022.91571      -   112 1733s
 24595 21478 5423.39424   37  317          - 5022.91571      -   113 1742s
 24641 21534 5555.64355   47  181          - 5022.91571      -   113 1751s
 24697 21625 5882.77141   69  132          - 5022.91571      -   114 1761s
 24788 22035 6146.18012   96   97          - 5022.91571      -   114 1775s
 25224 22457 6501.03114  196    6          - 5023.16566      -   113 1795s
 25784 22537 5383.51397   20  478          - 5024.03263      -   112 1807s
 25808 22582 5663.08096   31  432          - 5024.03263      -   112 1816s
 25853 22616 5852.65004   46  309          - 5024.03263      -   113 1824s
 25887 22675 5892.96357   52  152          - 5024.03263      -   113 1834s
 25946 22763 6110.34795   63  138          - 5024.03263      -   113 1845s
 26034 23031 6232.94971   80   83          - 5024.03263      -   114 1858s
 26149 23031 6304.53417  130   64          - 5024.03263      -   114 1860s
 26318 23222 6362.71766  121  110          - 5024.27743      -   113 1872s
 26582 23279 5069.31473   17  524          - 5024.28853      -   113 1882s
 26611 23329 5121.43847   21  504          - 5024.28853      -   113 1892s
 26661 23411 5320.81570   32  325          - 5024.28853      -   114 1902s
 26743 23675 5359.37289   37  364          - 5024.28853      -   114 1916s
 27077 23700 8883.01000  223    8          - 5024.28853      -   113 1920s
 27093 23735 5388.54375   42  399          - 5024.28853      -   114 1927s
 27118 23772 5453.43576   48  285          - 5024.28853      -   114 1936s
 27155 23954 5590.68852   62  141          - 5024.28853      -   114 1948s
 27337 24119 6112.03125  188   26          - 5025.97352      -   114 1966s
 27560 24163 5204.02464   27  271          - 5025.97352      -   114 1977s
 27592 24202 5277.98584   38  319          - 5025.97352      -   115 1986s
 27631 24268 5322.49157   43  306          - 5025.97352      -   115 1995s
 27697 24438 5439.05304   50  185          - 5025.97352      -   116 2016s
 27867 24536 5609.50467   63  215          - 5025.97352      -   116 2028s
 27995 24623 5726.65926   72  181          - 5025.97352      -   116 2040s
 28082 24799 5987.86558  118  119          - 5025.97352      -   116 2054s
 28127 24799 6078.48037  133   65          - 5025.97352      -   116 2055s
 28258 25126 6476.72470  204   45          - 5026.20618      -   116 2077s
 28492 25126 8258.40846  286   21          - 5026.20618      -   116 2080s
 28687 25184 5125.06342   24  528          - 5026.20618      -   115 2091s
 28712 25235 5186.24967   31  522          - 5026.20618      -   116 2101s
 28763 25319 5324.08079   38  323          - 5026.20618      -   116 2111s
 28847 25661 5465.46299   49  143          - 5026.20618      -   117 2127s
 28996 25662 6327.93000  174    6          - 5026.20618      -   117 2131s
 29320 25773 5766.97248   72   45          - 5026.20618      -   116 2142s
 29434 25851 6266.66767   94   25          - 5026.20618      -   116 2155s
 29512 25992 6208.13198  119   82          - 5026.63744      -   116 2190s
 29603 25993 7068.05374  184   12          - 5026.63744      -   116 2197s
 29694 26046 5121.30011   19  525          - 5026.63744      -   116 2207s
 29734 26125 5159.01559   25  495          - 5026.63744      -   117 2218s
 29813 26359 5256.97178   32  292          - 5026.63744      -   117 2233s
 30013 26359 6692.78506  172   57          - 5026.63744      -   117 2235s
 30028 26359 6774.54422  185   48          - 5026.63744      -   117 2249s
 30047 26452 5569.43503   49   98          - 5026.63744      -   117 2259s
 30062 26452 5561.48231   55   62          - 5026.63744      -   117 2260s
 30169 26557 5735.73847   68  113          - 5026.63744      -   117 2274s
 30244 26562 6185.58032  111   10          - 5026.63744      -   117 2275s
 30287 26765 6232.96452   92  136          - 5026.63744      -   117 2292s
 30498 26836 7899.63000  191   12          - 5027.73844      -   117 2314s
 30569 26840 8720.65000  206    4          - 5027.73844      -   117 2316s
 30603 26877 5268.48356   25  490          - 5027.73844      -   118 2325s
 30639 27130 5453.48507   33  413          - 5027.73844      -   118 2337s
 30919 27167 5685.52213   41  339          - 5027.73844      -   118 2350s
 30971 27210 5671.74496   48   65          - 5027.73844      -   118 2368s
 31014 27249 5765.24846   62   70          - 5027.73844      -   119 2378s
 31053 27327 6280.02760   73   91          - 5027.73844      -   119 2388s
 31131 27542 6285.95656  115   49          - 5027.73844      -   119 2401s
 31350 27752 8227.74036  241   43          - 5031.02948      -   119 2419s
 31395 27752 8307.77508  254   14          - 5031.02948      -   119 2420s
 31612 27829 5175.56541   22  548          - 5031.02948      -   119 2432s
 31666 27959 5235.58507   28  397          - 5031.02948      -   119 2444s
 31812 28166 5337.83425   35  382          - 5031.02948      -   119 2458s
 31936 28169 7186.77250  192   13          - 5031.02948      -   119 2460s
 32090 28221 5432.13227   43  386          - 5031.02948      -   119 2469s
 32104 28221 5315.63609   20  512          - 5031.02948      -   119 2470s
 32118 28262 5558.55342   49  380          - 5031.02948      -   119 2479s
 32159 28309 5680.90590   59  115          - 5031.02948      -   120 2489s
 32206 28394 5834.77697   63  168          - 5031.02948      -   120 2500s
 32291 28570 5905.83599   67  164          - 5031.02948      -   120 2645s
 32467 28820 6199.28345   73  252          - 5031.02948      -   120 2661s
 32754 28879 6180.51429   82  105          - 5031.02948      -   120 2674s
 32784 28879 6409.45638   96   60          - 5031.02948      -   120 2675s
 32807 28953 6357.78505  103   26          - 5031.02948      -   120 2685s
 32897 29189 7667.39171  143   92          - 5033.13578      -   121 2705s
 33202 29335 5079.61542   19  626          - 5033.13578      -   120 2718s
 33330 29436 5340.31124   34  270          - 5033.13578      -   121 2730s
 33457 29488 5549.70379   44  267          - 5033.13578      -   121 2741s
 33506 29557 5782.38455   60  246          - 5033.13578      -   121 2753s
 33575 29629 5986.71591   92   92          - 5033.83235      -   121 2765s
 33675 29691 5205.97170   28  478          - 5033.83235      -   122 2777s
 33723 29925 5263.44008   32  438          - 5033.83235      -   122 2792s
 33970 30195 5435.65413   48  196          - 5033.83235      -   122 2810s
 34314 30506 5632.07686   76   75          - 5033.83235      -   121 2829s
 34329 30506 5699.44448   83   63          - 5033.83235      -   121 2830s
 34614 30751 6408.47187  133   35          - 5035.92643      -   121 2845s
 34881 30996 5345.28174   27  368          - 5035.92643      -   121 2863s
 34989 30996 5997.07840  132    6          - 5035.92643      -   121 2865s
 35167 31071 5531.64401   37  199          - 5035.92643      -   120 2877s
 35220 31166 6028.99092   53  188          - 5035.92643      -   121 2890s
 35315 31495 6249.19741   92  117          - 5037.18530      -   121 2907s
 35485 31496 6903.43000  169    4          - 5037.18530      -   121 2911s
 35676 31564 5160.63618   16  464          - 5037.18530      -   120 2924s
