




arguments: ./build/mirp_solver -f ./input/orig_exec_326.cfg
Current dir: /scratch/gui/bnc_mirp
File verbosity level: 9
date       time         ( uptime  ) [ thread name/id ]                   file:line     v| 
2021-01-23 09:14:41.632 (   0.891s) [main thread     ]             loguru.cpp:789   INFO| Logging to './output/vi_vc/OU/V4/Original/execution_23_01_2021_09_14_41.log', mode: 'a', verbosity: 9
--------------------------------------------------------------------------------
Parameters
                           instance_path           ./input/Instances/Original/2/
                            model_policy                                       1
                             nb_vehicles                                       4
                              output_dir          ./output/vi_vc/OU/V4/Original/
                            sec_strategy                                       1
                       solver_nb_threads                                       2
                         solver_show_log                                    true
                       solver_time_limit                                    3600
                              use_vi_cos                                   false
                              use_vi_cus                                   false
                         use_vi_hc1_full                                   false
                         use_vi_hc1_half                                   false
                      use_vi_hc1_quarter                                   false
                              use_vi_hc2                                   false
                              use_vi_hc3                                   false
                         use_vi_lex_full                                   false
                         use_vi_lex_half                                   false
                      use_vi_lex_quarter                                   false
                              use_vi_qua                                   false
                               use_vi_vc                                    true
                               use_vi_vr                                   false
--------------------------------------------------------------------------------
executing instance: ./input/Instances/Original/2/absH3high_3n40.dat
--------------------------------------------------------------------------------
Instance details
n	41
H	3
C	3283
Li:
[0, 0, 0, 0, 0, 0, 0, 0, 0, 0, 0, 0, 0, 0, 0, 0, 0, 0, 0, 0, 0, 0, 0, 0, 0, 0, 0, 0, 0, 0, 0, 0, 0, 0, 0, 0, 0, 0, 0, 0, 0, ]
Ui:
[0, 63, 111, 99, 96, 111, 282, 122, 156, 261, 42, 192, 126, 42, 162, 207, 159, 122, 102, 190, 118, 102, 132, 102, 165, 252, 66, 52, 22, 114, 210, 176, 116, 294, 78, 152, 210, 45, 130, 198, 174, ]
Distance matrix:
|0	208	225	252	227	143	258	127	267	150	28	83	163	286	57	149	201	137	214	255	70	73	107	186	328	266	249	343	222	177	293	144	262	215	167	120	169	218	143	173	255	|
|208	0	397	355	416	198	216	99	211	275	193	172	97	166	240	225	362	109	277	314	182	216	273	374	298	208	319	161	14	103	93	120	58	196	152	156	372	227	260	218	453	|
|225	397	0	427	53	364	482	343	492	129	253	225	382	386	171	188	39	291	187	195	295	182	282	55	326	491	180	551	408	315	457	366	455	275	392	244	221	439	341	214	101	|
|252	355	427	0	401	158	201	263	219	396	234	328	259	498	299	400	420	354	465	506	205	324	152	374	574	219	499	393	366	389	446	235	378	456	205	359	224	150	111	423	400	|
|227	416	53	401	0	357	477	352	489	165	253	245	389	424	179	223	85	315	234	245	293	200	264	42	375	488	231	565	428	344	484	370	474	314	392	270	184	430	325	252	50	|
|143	198	364	158	357	0	121	105	134	290	116	196	103	342	200	276	343	205	343	385	74	210	112	319	432	133	382	265	209	237	290	78	226	313	57	220	232	75	69	292	375	|
|258	216	482	201	477	121	0	168	18	397	230	293	135	381	314	372	459	275	437	480	188	317	228	439	501	18	479	197	222	296	290	132	212	386	95	306	347	58	173	381	496	|
|127	99	343	263	352	105	168	0	171	239	105	130	40	237	173	206	313	109	270	312	84	164	175	310	337	169	313	216	112	135	192	37	142	220	77	138	280	155	162	213	382	|
|267	211	492	219	489	134	18	171	0	404	240	298	136	376	323	376	468	276	441	483	198	324	243	450	500	2	483	181	215	294	281	136	202	386	102	309	363	75	189	384	509	|
|150	275	129	396	165	290	397	239	404	0	175	110	279	259	97	59	91	166	84	116	217	80	245	130	226	402	106	434	286	187	329	269	333	149	302	119	244	364	291	87	213	|
|28	193	253	234	253	116	230	105	240	175	0	94	139	286	84	167	229	136	234	275	43	96	98	212	341	238	271	320	206	175	281	118	244	225	140	128	180	191	124	189	280	|
|83	172	225	328	245	196	293	130	298	110	94	0	169	209	77	80	191	71	147	189	127	45	189	203	247	296	187	327	184	106	241	162	230	132	198	38	242	266	217	96	285	|
|163	97	382	259	389	103	135	40	136	279	139	169	0	253	212	244	353	141	307	349	110	203	194	347	366	133	350	183	107	161	187	27	124	251	56	175	306	133	169	249	418	|
|286	166	386	498	424	342	381	237	376	259	286	209	253	0	284	201	347	151	210	230	299	247	383	387	155	374	242	290	162	112	129	270	192	113	308	172	451	386	391	172	471	|
|57	240	171	299	179	200	314	173	323	97	84	77	212	284	0	112	145	147	170	208	127	38	148	137	299	321	201	386	253	183	315	195	297	195	222	112	171	275	195	142	214	|
|149	225	188	400	223	276	372	206	376	59	167	80	244	201	112	0	149	117	67	110	205	78	254	186	187	374	108	387	235	132	272	240	283	93	277	71	279	346	291	32	270	|
|201	362	39	420	85	343	459	313	468	91	229	191	353	347	145	149	0	254	149	160	272	150	271	66	290	466	146	518	373	278	419	339	420	235	367	207	227	418	327	175	135	|
|137	109	291	354	315	205	275	109	276	166	136	71	141	151	147	117	254	0	172	212	151	116	232	273	229	274	215	270	119	39	170	145	167	111	186	47	305	263	245	113	356	|
|214	277	187	465	234	343	437	270	441	84	234	147	307	210	170	67	149	172	0	42	272	141	317	205	144	439	43	437	284	175	307	305	331	99	343	132	327	413	357	60	283	|
|255	314	195	506	245	385	480	312	483	116	275	189	349	230	208	110	160	212	42	0	314	182	356	222	132	481	15	474	321	212	337	347	367	126	385	174	358	455	398	100	295	|
|70	182	295	205	293	74	188	84	198	217	43	127	110	299	127	205	272	151	272	314	0	137	91	253	370	196	310	292	195	188	274	85	226	252	99	155	197	148	94	223	316	|
|73	216	182	324	200	210	317	164	324	80	96	45	203	247	38	78	150	116	141	182	137	0	176	158	263	323	176	369	229	150	286	191	274	157	223	77	208	284	216	106	239	|
|107	273	282	152	264	112	228	175	243	245	98	189	194	383	148	254	271	232	317	356	91	176	0	231	435	242	349	371	286	271	365	167	315	321	164	224	120	174	61	280	274	|
|186	374	55	374	42	319	439	310	450	130	212	203	347	387	137	186	66	273	205	222	253	158	231	0	348	448	208	523	386	303	442	329	431	279	352	229	167	392	291	217	85	|
|328	298	326	574	375	432	501	337	500	226	341	247	366	155	299	187	290	229	144	132	370	263	435	348	0	498	147	441	299	206	283	374	338	119	414	215	465	492	463	157	425	|
|266	208	491	219	488	133	18	169	2	402	238	296	133	374	321	374	466	274	439	481	196	323	242	448	498	0	481	180	213	292	278	134	200	384	100	307	362	75	188	381	508	|
|249	319	180	499	231	382	479	313	483	106	271	187	350	242	201	108	146	215	43	15	310	176	349	208	147	481	0	480	326	217	346	347	373	135	385	175	347	454	392	103	280	|
|343	161	551	393	565	265	197	216	181	434	320	327	183	290	386	387	518	270	437	474	292	369	371	523	441	180	480	0	153	263	163	207	107	352	208	317	487	244	334	379	598	|
|222	14	408	366	428	209	222	112	215	286	206	184	107	162	253	235	373	119	284	321	195	229	286	386	299	213	326	153	0	109	81	132	48	201	162	167	386	236	272	226	466	|
|177	103	315	389	344	237	296	135	294	187	175	106	161	112	183	132	278	39	175	212	188	150	271	303	206	292	217	263	109	0	142	171	156	95	211	74	344	289	281	118	386	|
|293	93	457	446	484	290	290	192	281	329	281	241	187	129	315	272	419	170	307	337	274	286	365	442	283	278	346	163	81	142	0	212	79	211	241	214	461	311	353	254	525	|
|144	120	366	235	370	78	132	37	136	269	118	162	27	270	195	240	339	145	305	347	85	191	167	329	374	134	347	207	132	171	212	0	151	257	40	174	280	119	142	248	398	|
|262	58	455	378	474	226	212	142	202	333	244	230	124	192	297	283	420	167	331	367	226	274	315	431	338	200	373	107	48	156	79	151	0	245	173	214	421	237	293	273	510	|
|215	196	275	456	314	313	386	220	386	149	225	132	251	113	195	93	235	111	99	126	252	157	321	279	119	384	135	352	201	95	211	257	245	0	297	97	365	374	345	62	362	|
|167	152	392	205	392	57	95	77	102	302	140	198	56	308	222	277	367	186	343	385	99	223	164	352	414	100	385	208	162	211	241	40	173	297	0	213	283	79	126	287	415	|
|120	156	244	359	270	220	306	138	309	119	128	38	175	172	112	71	207	47	132	174	155	77	224	229	215	307	175	317	167	74	214	174	214	97	213	0	280	286	248	75	313	|
|169	372	221	224	184	232	347	280	363	244	180	242	306	451	171	279	227	305	327	358	197	208	120	167	465	362	347	487	386	344	461	280	421	365	283	280	0	291	175	310	176	|
|218	227	439	150	430	75	58	155	75	364	191	266	133	386	275	346	418	263	413	455	148	284	174	392	492	75	454	244	236	289	311	119	237	374	79	286	291	0	116	359	445	|
|143	260	341	111	325	69	173	162	189	291	124	217	169	391	195	291	327	245	357	398	94	216	61	291	463	188	392	334	272	281	353	142	293	345	126	248	175	116	0	313	335	|
|173	218	214	423	252	292	381	213	384	87	189	96	249	172	142	32	175	113	60	100	223	106	280	217	157	381	103	379	226	118	254	248	273	62	287	75	310	359	313	0	300	|
|255	453	101	400	50	375	496	382	509	213	280	285	418	471	214	270	135	356	283	295	316	239	274	85	425	508	280	598	466	386	525	398	510	362	415	313	176	445	335	300	0	|

--------------------------------------------------------------------------------
Building model...
	using lazy and cut (CVRPSEP package)
Solving IRP LP...
--------------------------------------------------------------------------------

Gurobi 9.1.0 (linux64) logging started Sat Jan 23 09:14:42 2021

Gurobi Optimizer version 9.1.0 build v9.1.0rc0 (linux64)
Thread count: 32 physical cores, 32 logical processors, using up to 2 threads
Optimize a model with 1400 rows, 10976 columns and 25052 nonzeros
Model fingerprint: 0x135962fe
Variable types: 644 continuous, 10332 integer (492 binary)
Coefficient statistics:
  Matrix range     [1e+00, 8e+02]
  Objective range  [1e-01, 6e+02]
  Bounds range     [1e+00, 3e+02]
  RHS range        [1e+01, 6e+03]
Presolve removed 164 rows and 41 columns
Presolve time: 0.06s
Presolved: 1236 rows, 10935 columns, 23967 nonzeros
Variable types: 603 continuous, 10332 integer (9852 binary)

Root relaxation: objective 1.235839e+04, 1373 iterations, 0.05 seconds

    Nodes    |    Current Node    |     Objective Bounds      |     Work
 Expl Unexpl |  Obj  Depth IntInf | Incumbent    BestBd   Gap | It/Node Time

     0     0 12358.3927    0  136          - 12358.3927      -     -    0s
     0     0 12827.5246    0  163          - 12827.5246      -     -    0s
     0     0 12858.5355    0  158          - 12858.5355      -     -    1s
     0     0 12858.7165    0  154          - 12858.7165      -     -    1s
     0     0 13496.9285    0  256          - 13496.9285      -     -    1s
     0     0 13507.3795    0  229          - 13507.3795      -     -    1s
     0     0 13507.4308    0  234          - 13507.4308      -     -    1s
     0     0 13628.9456    0  283          - 13628.9456      -     -    2s
     0     0 13637.0580    0  246          - 13637.0580      -     -    2s
     0     0 13637.3570    0  240          - 13637.3570      -     -    2s
     0     0 13719.2745    0  311          - 13719.2745      -     -    2s
     0     0 13727.4882    0  306          - 13727.4882      -     -    3s
     0     0 13737.8011    0  277          - 13737.8011      -     -    3s
     0     0 13740.5108    0  283          - 13740.5108      -     -    3s
     0     0 13749.5451    0  273          - 13749.5451      -     -    3s
     0     0 13752.0861    0  268          - 13752.0861      -     -    3s
     0     0 13764.0909    0  273          - 13764.0909      -     -    3s
     0     0 13765.0523    0  278          - 13765.0523      -     -    3s
     0     0 13811.4620    0  297          - 13811.4620      -     -    3s
     0     0 13836.9216    0  345          - 13836.9216      -     -    4s
     0     0 13843.4536    0  405          - 13843.4536      -     -    4s
     0     0 13843.9120    0  401          - 13843.9120      -     -    4s
     0     0 13867.5314    0  311          - 13867.5314      -     -    5s
     0     0 13872.6040    0  390          - 13872.6040      -     -    5s
     0     0 13874.7710    0  468          - 13874.7710      -     -    5s
     0     0 13882.2797    0  422          - 13882.2797      -     -    6s
     0     0 13882.2797    0  357          - 13882.2797      -     -    7s
     0     2 13882.2797    0  357          - 13882.2797      -     -    8s
     9    12 13909.0840    4  447          - 13883.9050      -   370   10s
    46    51 14161.1027   14  241          - 13883.9050      -   487   15s
   161   171 15038.8749   55  128          - 13883.9050      -   279   20s
   325   315 14008.7844    4  478          - 13883.9120      -   192   25s
   487   502 14086.9977   11  385          - 13883.9120      -   154   30s
   571   547 14207.7652   28  239          - 13883.9120      -   157   35s
   629   613 14646.0836   49  158          - 13883.9120      -   171   40s
   678   663 15172.3653   74   87          - 13883.9120      -   176   45s
   743   711 15860.6876  126  280          - 13883.9120      -   168   50s
   755   719 14026.3069    4  558          - 14026.3069      -   166   55s
   766   726 15028.9235   70  423          - 14044.6747      -   163   60s
   783   737 14710.2401   58  484          - 14055.0349      -   160   65s
   802   750 14087.0156   12  565          - 14066.7071      -   156   70s
   815   759 14798.6065   64  523          - 14072.1801      -   153   75s
   823   764 14167.4000   12  574          - 14073.9277      -   152   80s
   835   772 17446.2800  198  495          - 14076.6333      -   150   85s
   848   781 14410.8810   37  538          - 14077.4954      -   147   90s
   862   791 17370.8600  190  554          - 14077.4954      -   188   95s
   874   799 14537.7813   46  516          - 14077.5229      -   186  100s
   882   804 15277.4092   85  540          - 14077.5235      -   184  105s
   894   812 15406.1426  110  524          - 14078.7739      -   182  110s
   909   822 14314.0313   32  539          - 14079.9367      -   179  115s
   928   835 14831.0527   46  551          - 14080.4404      -   175  122s
   937   844 14213.1807   24  326          - 14102.3316      -   207  125s
   954   854 14127.0259   28  438          - 14113.3825      -   222  130s
   997   887 14311.6836   38  314          - 14123.9967      -   233  135s
  1055   933 14363.2765   48  297          - 14123.9967      -   245  140s
  1151  1002 14562.8429   65  248          - 14123.9967      -   245  145s
  1295  1128 14965.8354   83  175          - 14123.9967      -   234  150s
* 1453  1132             207    16376.420000 14123.9967  13.8%   218  153s
  1455  1126 15300.9349  100  160 16376.4200 14123.9967  13.8%   217  168s
* 1462  1083             205    16340.160000 14123.9967  13.6%   216  168s
  1482  1108 15431.5446  108  131 16340.1600 14123.9967  13.6%   217  170s
  1540  1126 14284.8341   26  415 16340.1600 14127.0991  13.5%   220  175s
H 1541  1068                    15917.980000 14127.0991  11.3%   219  175s
  1586  1100 14385.7028   37  301 15917.9800 14127.0991  11.3%   224  180s
  1646  1147 14464.3766   44  198 15917.9800 14127.0991  11.3%   225  186s
H 1671  1104                    15790.460000 14127.0991  10.5%   225  187s
  1712  1143 14636.4477   53  262 15790.4600 14127.0991  10.5%   224  190s
  1758  1177 14778.0943   58  260 15790.4600 14127.0991  10.5%   223  195s
  1836  1193 15046.6985   72  192 15790.4600 14127.0991  10.5%   220  200s
  1917  1272     cutoff  103      15790.4600 14127.0991  10.5%   219  206s
  1982  1284 15677.3587  124  122 15790.4600 14147.6570  10.4%   218  211s
  2070  1332 14364.5171   36  233 15790.4600 14147.6570  10.4%   220  217s
  2141  1366 14535.4483   59  132 15790.4600 14147.6570  10.4%   220  222s
  2160  1447 14607.8633   64  179 15790.4600 14147.6570  10.4%   220  225s
  2330  1508 15527.4969  116   37 15790.4600 14147.6570  10.4%   210  231s
  2409  1523 14265.8313   32  307 15790.4600 14148.2410  10.4%   209  236s
  2501  1607 15162.5087   84   71 15790.4600 14149.2546  10.4%   208  243s
* 2528  1421             111    15549.300000 14149.2546  9.00%   206  243s
  2577  1427 14345.9122   29  300 15549.3000 14149.2546  9.00%   205  246s
  2633  1456 15225.2150  113  113 15549.3000 14149.2546  9.00%   206  250s
  2722  1488 15519.2123  126  103 15549.3000 14149.2546  9.00%   204  255s
  2759  1510 14321.1745   29  331 15549.3000 14155.1969  8.97%   207  262s
  2809  1519 14420.9607   37  357 15549.3000 14155.1969  8.97%   207  266s
  2860  1596 14814.1191   62  255 15549.3000 14155.1969  8.97%   209  272s
  2925  1639 15197.5126  106  206 15549.3000 14156.0872  8.96%   207  276s
  2986  1701 14390.8626   36  294 15549.3000 14156.0872  8.96%   206  280s
  3048  1830 14768.0110   69  129 15549.3000 14161.5410  8.92%   205  285s
  3196  1887 14234.1674   25  502 15549.3000 14161.5410  8.92%   200  291s
  3270  1906 14253.1841   29  448 15549.3000 14161.5410  8.92%   199  295s
  3320  1986 14425.0800   31  357 15549.3000 14161.5410  8.92%   201  303s
  3381  2014 14432.2630   38  293 15549.3000 14161.5410  8.92%   201  307s
  3411  2092 14573.4865   45  295 15549.3000 14161.5410  8.92%   202  313s
  3506  2123 14745.7105   49  282 15549.3000 14161.5410  8.92%   201  318s
  3540  2170 15261.1499   59  226 15549.3000 14177.4886  8.82%   202  324s
  3604  2211 14349.4186   31  476 15549.3000 14177.4886  8.82%   203  330s
  3652  2232 14306.7056   33  413 15549.3000 14177.4886  8.82%   203  335s
  3673  2298 14406.5391   38  352 15549.3000 14177.4886  8.82%   205  340s
  3739  2346 14551.9957   46  172 15549.3000 14177.4886  8.82%   205  346s
  3800  2433 14756.6641   61  106 15549.3000 14177.4886  8.82%   205  352s
  3901  2489 15455.6874  101   88 15549.3000 14181.2621  8.80%   203  361s
  4002  2511 14432.2198   35  236 15549.3000 14181.2621  8.80%   200  367s
  4034  2556 14511.3276   40  227 15549.3000 14181.2621  8.80%   202  373s
  4079  2675 14643.2369   49  163 15549.3000 14181.2621  8.80%   203  381s
  4211  2736 14786.8012   76   31 15549.3000 14188.4218  8.75%   200  390s
  4284  2824 15084.1164  103   45 15549.3000 14190.7074  8.74%   200  396s
  4383  2861 14270.9009   32  509 15549.3000 14190.7074  8.74%   199  403s
  4434  2932 14647.6915   40  230 15549.3000 14190.7074  8.74%   200  412s
  4505  3010 15213.6615   57  197 15549.3000 14192.5430  8.73%   201  419s
  4611  3114 14506.0384   38  278 15549.3000 14193.2406  8.72%   200  427s
* 4723  3096             106    15538.940000 14193.4440  8.66%   198  428s
* 4728  3069             106    15527.820000 14193.4440  8.59%   198  428s
* 4731  3065             105    15523.940000 14193.4440  8.57%   197  428s
  4756  3161 14393.1950   37  268 15523.9400 14193.4440  8.57%   198  435s
  4903  3208 15426.8093  100   37 15523.9400 14196.2621  8.55%   196  446s
  4960  3292 14552.6495   36  236 15523.9400 14196.2621  8.55%   196  454s
  4987  3292 14979.1342   76   45 15523.9400 14196.2621  8.55%   197  455s
  5070  3432 14689.2646   46  114 15523.9400 14196.2621  8.55%   195  471s
  5227  3595 15018.8575   85   50 15523.9400 14199.4397  8.53%   194  482s
  5419  3686 14653.7997   54  276 15523.9400 14209.4079  8.47%   191  492s
  5525  3838 14546.5831   35  272 15523.9400 14210.1169  8.46%   192  502s
  5695  3922     cutoff  120      15523.9400 14212.2842  8.45%   190  513s
  5797  3974 14688.8765   42  260 15523.9400 14212.2868  8.45%   191  524s
  5825  3974 14961.4402   55  182 15523.9400 14212.2868  8.45%   192  525s
  5849  4053 14946.3808   58  140 15523.9400 14212.2868  8.45%   193  537s
  5928  4138 infeasible   80      15523.9400 14213.4273  8.44%   195  549s
  6040  4236 14337.0172   34  432 15523.9400 14213.4273  8.44%   195  559s
  6138  4407 15177.2099   68  162 15523.9400 14213.6167  8.44%   196  572s
  6344  4535 14974.4644   59  177 15523.9400 14214.0488  8.44%   195  586s
  6499  4667 14582.7229   49  282 15523.9400 14214.4273  8.44%   194  599s
  6552  4669 15270.9700   99    - 15523.9400 14214.4273  8.44%   193  600s
  6657  4753 14469.1447   41  249 15523.9400 14214.4273  8.44%   193  611s
  6757  4879 14808.9763   57  139 15523.9400 14214.9397  8.43%   194  624s
  6783  4879 15368.6857   70   62 15523.9400 14214.9397  8.43%   194  625s
  6915  5023 14603.6539   50  297 15523.9400 14215.5239  8.43%   194  636s
  7084  5117 14665.4214   49  286 15523.9400 14220.0350  8.40%   193  649s
  7186  5256 14979.7653   61  110 15523.9400 14220.5563  8.40%   194  662s
  7339  5438 14813.7255   64  283 15523.9400 14221.7514  8.39%   194  678s
  7542  5439 14996.7316   82   36 15523.9400 14222.2466  8.39%   193  680s
  7558  5580 14782.3252   49  295 15523.9400 14224.2696  8.37%   193  693s
  7719  5676 14452.0665   43  365 15523.9400 14228.2669  8.35%   193  707s
  7841  5835 14382.5960   35  369 15523.9400 14228.5012  8.34%   194  722s
  8000  6049 14698.0304   66  131 15523.9400 14228.5012  8.34%   194  739s
  8309  6172     cutoff  129      15523.9400 14230.5453  8.33%   190  755s
  8439  6315 14315.1839   33  389 15523.9400 14232.4854  8.32%   192  770s
  8598  6451     cutoff   91      15523.9400 14233.1150  8.32%   191  786s
  8776  6621 14685.0818   47  213 15523.9400 14233.2527  8.31%   191  805s
  8991  6710     cutoff  109      15523.9400 14234.0148  8.31%   189  821s
H 8994  6701                    15518.110000 14234.0148  8.27%   189  821s
  9104  6801 14630.4841   49  194 15518.1100 14235.7219  8.26%   190  837s
  9222  6926 14308.4153   28  415 15518.1100 14236.8622  8.26%   191  851s
H 9320  6924                    15516.700000 14236.8622  8.25%   191  852s
  9355  6995     cutoff  120      15516.7000 14237.1980  8.25%   192  867s
  9453  7149 14474.9856   43  273 15516.7000 14238.8041  8.24%   192  883s
  9630  7297 15035.0958   50  172 15516.7000 14240.1185  8.23%   191  898s
  9807  7385 15271.7495   78  130 15516.7000 14240.6866  8.22%   191  913s
  9927  7451 14480.8473   35  360 15516.7000 14241.0554  8.22%   192  929s
  9993  7669 14695.0445   51  208 15516.7000 14241.3207  8.22%   193  946s
 10246  7815     cutoff  120      15516.7000 14242.3092  8.21%   193  963s
 10369  7815 15274.1769  112  115 15516.7000 14245.0844  8.20%   193  965s
 10428  7973 14716.2621   57  272 15516.7000 14245.4386  8.19%   193  979s
 10465  7973 15249.5670   94  117 15516.7000 14245.4386  8.19%   193  980s
 10612  8141 14601.3948   39  277 15516.7000 14246.9428  8.18%   193  996s
 10815  8157     cutoff  114      15516.7000 14247.8673  8.18%   192 1071s
H10823  8114                    15502.800000 14247.8673  8.09%   193 1072s
 10831  8181 14590.1506   40  319 15502.8000 14248.5254  8.09%   193 1089s
 10918  8304 14483.6021   35  397 15502.8000 14251.3281  8.07%   194 1105s
H10981  8272                    15491.680000 14251.3281  8.01%   195 1105s
 11045  8513 14761.3277   52  176 15491.6800 14251.3281  8.01%   195 1124s
 11123  8513 15034.6598   73   78 15491.6800 14251.3281  8.01%   195 1125s
 11348  8705 15130.7309   85   79 15491.6800 14253.1907  7.99%   194 1143s
 11620  8845 14421.5209   31  413 15491.6800 14255.2371  7.98%   193 1160s
 11761  9063 15187.3468   74   74 15491.6800 14256.7504  7.97%   193 1177s
 12036  9243 infeasible  103      15491.6800 14259.3002  7.96%   192 1195s
 12249  9348 14338.3851   35  473 15491.6800 14262.8919  7.93%   192 1213s
 12370  9529 14782.9068   50  155 15491.6800 14262.8919  7.93%   193 1233s
 12586  9536 14977.9400   85    - 15491.6800 14262.8919  7.93%   192 1235s
 12591  9702 15008.6548   95   65 15491.6800 14264.5100  7.92%   193 1250s
 12808  9893 15248.9010   83   83 15491.6800 14266.4756  7.91%   193 1269s
 12913  9893 15474.4645   93  131 15491.6800 14266.4756  7.91%   192 1270s
 13038 10124 14565.9314   45  313 15491.6800 14266.8942  7.91%   192 1287s
 13321 10289 14644.9143   58  325 15491.6800 14267.7319  7.90%   191 1306s
 13516 10442 14439.8170   36  324 15491.6800 14270.9385  7.88%   191 1324s
 13564 10442 15138.0915   84  140 15491.6800 14270.9385  7.88%   191 1325s
 13699 10655 14496.9463   33  462 15491.6800 14273.5670  7.86%   191 1342s
 13923 10731 15484.9995  108   86 15491.6800 14277.5192  7.84%   191 1360s
 14039 10929 15040.7871   82   92 15491.6800 14278.2984  7.83%   192 1377s
 14280 11012 14400.4026   34  384 15491.6800 14278.9744  7.83%   191 1392s
 14383 11110 14577.3237   41  290 15491.6800 14280.2902  7.82%   192 1408s
 14499 11168 14473.6536   41  362 15491.6800 14280.2902  7.82%   193 1424s
 14557 11315 14575.2815   51  313 15491.6800 14280.2902  7.82%   194 1441s
 14712 11483 14812.9671   73  100 15491.6800 14280.3147  7.82%   195 1459s
 14947 11680     cutoff  111      15491.6800 14282.1929  7.81%   195 1476s
 15215 11803 14558.1587   48  314 15491.6800 14283.0443  7.80%   194 1495s
 15361 11891 14554.2913   38  236 15491.6800 14283.2534  7.80%   194 1511s
 15457 12010 14488.9954   38  284 15491.6800 14283.2534  7.80%   195 1528s
 15576 12223 14807.5483   61  132 15491.6800 14284.3412  7.79%   196 1547s
 15856 12341 14508.4101   43  329 15491.6800 14284.4927  7.79%   195 1565s
 15994 12491 14856.5391   53  161 15491.6800 14285.0265  7.79%   195 1584s
 16104 12491 15269.5463   80  150 15491.6800 14285.0627  7.79%   195 1585s
 16184 12707 15387.9131   80  179 15491.6800 14285.7762  7.78%   196 1603s
 16428 12846 14786.5254   44  289 15491.6800 14286.8796  7.78%   195 1621s
 16589 13081 14721.3086   49  242 15491.6800 14287.1712  7.78%   195 1638s
 16748 13081 14806.9442   76  157 15491.6800 14287.2349  7.77%   196 1640s
 16872 13214 14701.0473   41  343 15491.6800 14288.0341  7.77%   195 1656s
 17032 13324 14885.4733   63  185 15491.6800 14288.7351  7.77%   196 1673s
 17169 13454 14837.0998   50  284 15491.6800 14290.3293  7.75%   196 1689s
 17248 13454 14452.0822   37  284 15491.6800 14290.3395  7.75%   196 1690s
 17325 13516 14722.6855   46  215 15491.6800 14291.0816  7.75%   196 1712s
 17397 13715 14484.0928   43  248 15491.6800 14291.0816  7.75%   197 1731s
 17625 13830 15072.6991   88   34 15491.6800 14292.9026  7.74%   196 1748s
 17776 14036 14882.7338   63  165 15491.6800 14293.0990  7.74%   196 1766s
 18052 14173 14844.0914   64  302 15491.6800 14294.8127  7.73%   196 1785s
 18217 14350 14884.8615   62  239 15491.6800 14297.7551  7.71%   196 1802s
 18419 14562 14647.9206   51  198 15491.6800 14298.5975  7.70%   196 1820s
 18680 14691 14751.7280   50  183 15491.6800 14298.6622  7.70%   196 1838s
 18847 14815 14874.5972   78   82 15491.6800 14299.3321  7.70%   196 1856s
 18999 15001     cutoff  107      15491.6800 14300.0271  7.69%   197 1875s
 19224 15109 15103.5823   93  160 15491.6800 14300.1361  7.69%   196 1892s
 19364 15256 14839.6545   52  181 15491.6800 14301.0539  7.69%   197 1910s
 19540 15395 14553.3404   37  300 15491.6800 14301.5172  7.68%   197 1927s
 19727 15649 15076.6240   56  150 15491.6800 14301.6630  7.68%   197 1946s
 20041 15775 infeasible  130      15491.6800 14303.2496  7.67%   196 1964s
 20082 15775 15099.4193   74   95 15491.6800 14303.2496  7.67%   196 1965s
*20191 15846             113    15470.900000 14304.7606  7.54%   196 1982s
 20423 16091 14583.8654   42  231 15470.9000 14305.9188  7.53%   196 2001s
 20732 16182 15418.1265   98  124 15470.9000 14308.2418  7.52%   195 2020s
H20742 15601                    15414.900000 14308.2418  7.18%   195 2020s
 20834 15761 15103.0450   55   24 15414.9000 14308.4411  7.18%   196 2038s
 21045 15761 15394.8807   78   74 15414.9000 14310.3035  7.17%   195 2040s
 21052 15909 14513.1221   37  270 15414.9000 14311.1549  7.16%   195 2058s
 21233 16073     cutoff   96      15414.9000 14311.7313  7.16%   196 2076s
 21444 16158 14510.1388   38  451 15414.9000 14312.0814  7.15%   196 2093s
 21525 16356 14730.3377   49  339 15414.9000 14312.0814  7.15%   196 2111s
 21784 16481 15333.2058   85  116 15414.9000 14312.2486  7.15%   196 2130s
 21939 16645 14570.3853   45  331 15414.9000 14313.3239  7.15%   196 2148s
 22126 16813 15200.2162   69   94 15414.9000 14313.8358  7.14%   196 2168s
 22313 16816 15401.8400  106    8 15414.9000 14313.9314  7.14%   196 2170s
 22349 17051 14470.4843   39  293 15414.9000 14314.0599  7.14%   196 2188s
 22626 17205 15027.3931   97   42 15414.9000 14314.2431  7.14%   196 2206s
 22832 17337     cutoff  120      15414.9000 14314.7281  7.14%   196 2224s
 22887 17338 15304.0823   84    8 15414.9000 14314.7281  7.14%   196 2225s
 23008 17467 14546.7552   48  235 15414.9000 14315.1839  7.13%   196 2242s
 23146 17616     cutoff   98      15414.9000 14315.3164  7.13%   196 2260s
 23335 17769 14534.5987   35  426 15414.9000 14315.3164  7.13%   197 2278s
 23457 17772 14927.9472   68  154 15414.9000 14315.3164  7.13%   197 2280s
 23503 17884 15387.5729   80  144 15414.9000 14315.8214  7.13%   197 2296s
 23648 17963 14467.3308   34  368 15414.9000 14316.4833  7.13%   197 2314s
 23727 18110 14774.9795   39  336 15414.9000 14316.4833  7.13%   198 2332s
 23892 18228 15083.3569   54  179 15414.9000 14316.5625  7.13%   198 2352s
 24105 18392 14624.9030   38  237 15414.9000 14317.1700  7.12%   198 2370s
 24302 18529 15042.9196   54  247 15414.9000 14317.5919  7.12%   198 2388s
 24479 18665 14613.4587   38  265 15414.9000 14318.2780  7.11%   198 2406s
 24637 18804 14685.6099   44  246 15414.9000 14318.9538  7.11%   198 2426s
 24812 18973 15295.8312   60  171 15414.9000 14319.7211  7.10%   198 2444s
 24863 18973 15012.1615   70   80 15414.9000 14319.7211  7.10%   198 2445s
 25016 19114 14460.6634   43  348 15414.9000 14319.9491  7.10%   198 2463s
 25186 19266 14969.2912   47  304 15414.9000 14320.5243  7.10%   198 2481s
 25375 19339 14865.4517   58  198 15414.9000 14321.1745  7.10%   198 2500s
 25503 19404 14547.8949   41  333 15414.9000 14321.4943  7.09%   198 2517s
 25568 19517 14823.8604   61  179 15414.9000 14321.6416  7.09%   199 2535s
 25723 19624 14809.5418   41  306 15414.9000 14321.7429  7.09%   199 2554s
 25814 19624 15051.1436   81  141 15414.9000 14321.7795  7.09%   200 2555s
 25881 19828 14903.4699   58  208 15414.9000 14321.8120  7.09%   200 2573s
 26065 19828 15113.8949   69  107 15414.9000 14322.1284  7.09%   199 2575s
 26128 19961 14628.9513   54  247 15414.9000 14322.1455  7.09%   199 2594s
 26302 20152 14431.3079   36  342 15414.9000 14322.3147  7.09%   199 2613s
 26423 20152 15177.9455   88  149 15414.9000 14322.3170  7.09%   199 2615s
 26532 20267 15030.5042   58  122 15414.9000 14322.3973  7.09%   199 2633s
 26657 20445 15084.5044   55  103 15414.9000 14322.6329  7.09%   200 2651s
 26875 20597 14953.1963   74  208 15414.9000 14322.7141  7.09%   199 2670s
 27059 20759 14810.9136   65  269 15414.9000 14323.2483  7.08%   199 2689s
 27267 20898 14546.6901   48  353 15414.9000 14323.9432  7.08%   199 2706s
 27455 21051 14725.9029   48  256 15414.9000 14324.3663  7.07%   199 2725s
 27643 21185 14572.9218   32  265 15414.9000 14325.3313  7.07%   199 2744s
 27687 21185 15105.6523   49  138 15414.9000 14325.3313  7.07%   199 2745s
 27798 21293 14534.7686   33  424 15414.9000 14325.3889  7.07%   200 2763s
 27941 21538 14582.9326   42  236 15414.9000 14325.6944  7.07%   200 2782s
 28238 21801 14500.7184   42  178 15414.9000 14326.0613  7.06%   199 2804s
 28353 21801 15046.4831   97   67 15414.9000 14326.0613  7.06%   199 2805s
 28592 21906 15391.4529  112   13 15414.9000 14326.5438  7.06%   199 2822s
 28698 22061 14927.0583   67  233 15414.9000 14326.8298  7.06%   199 2839s
 28730 22061 15378.0449   81  150 15414.9000 14326.8298  7.06%   199 2840s
 28939 22201 14580.0155   48  259 15414.9000 14327.2495  7.06%   199 2858s
 29104 22311 15072.4181   50  186 15414.9000 14327.7722  7.05%   199 2876s
 29249 22496 14423.2703   37  239 15414.9000 14327.9109  7.05%   199 2894s
 29284 22496 14985.3311   72   67 15414.9000 14327.9109  7.05%   199 2895s
 29462 22597 14716.8763   44  338 15414.9000 14328.5824  7.05%   199 2912s
 29584 22684 14718.9723   45  324 15414.9000 14328.6050  7.05%   199 2930s
 29689 22780 14549.6495   39  222 15414.9000 14328.6323  7.05%   200 2948s
 29785 22997 14828.8343   74   79 15414.9000 14329.2882  7.04%   200 2967s
 30029 23151 14777.2948   55  112 15414.9000 14330.1528  7.04%   200 2987s
 30235 23296     cutoff   94      15414.9000 14330.5022  7.03%   200 3006s
 30403 23495 14419.9022   35  436 15414.9000 14331.6731  7.03%   200 3025s
 30639 23620     cutoff   95      15414.9000 14332.0065  7.02%   200 3045s
 30788 23765 15018.9601   68  142 15414.9000 14332.4287  7.02%   200 3063s
 30978 23925 14463.4238   38  318 15414.9000 14332.8680  7.02%   200 3082s
 31176 23986     cutoff   89      15414.9000 14333.8054  7.01%   200 3100s
 31240 24187 14725.5489   55  138 15414.9000 14334.0685  7.01%   200 3120s
 31468 24338 14597.1283   41  229 15414.9000 14334.2150  7.01%   200 3140s
 31694 24486 15065.4993   71  180 15414.9000 14334.6125  7.01%   200 3159s
 31767 24486 15355.9529   95   78 15414.9000 14334.6125  7.01%   200 3160s
 31873 24652 14798.2596   45  322 15414.9000 14334.9262  7.01%   200 3178s
 32027 24653 15342.4636  106   26 15414.9000 14334.9394  7.01%   200 3180s
 32068 24789     cutoff   97      15414.9000 14335.0293  7.01%   200 3197s
 32244 24900 14674.5680   41  217 15414.9000 14335.3498  7.00%   200 3215s
 32359 25063 15220.7852   85  149 15414.9000 14335.3984  7.00%   201 3234s
 32434 25063 14815.1614   40  297 15414.9000 14335.3984  7.00%   201 3235s
 32574 25195 15128.6028   46  263 15414.9000 14335.4198  7.00%   201 3254s
 32732 25361 14485.7724   37  186 15414.9000 14335.4198  7.00%   201 3272s
 32929 25507 14906.5529   72   74 15414.9000 14335.6341  7.00%   201 3291s
 33137 25672 14540.4956   42  269 15414.9000 14336.7617  6.99%   201 3309s
 33231 25672 15047.7454   61  174 15414.9000 14336.7617  6.99%   201 3310s
 33325 25695 15196.7353   66  200 15414.9000 14336.8903  6.99%   201 3332s
H33334 25199                    15382.900000 14336.8903  6.80%   201 3333s
 33348 25304 15284.8001   72  140 15382.9000 14337.0172  6.80%   201 3352s
 33496 25441 14584.0221   38  247 15382.9000 14337.5852  6.80%   201 3372s
 33677 25585     cutoff   70      15382.9000 14338.0955  6.79%   201 3392s
 33860 25693 14474.6047   41  332 15382.9000 14338.4723  6.79%   201 3411s
 33967 25908 14826.4072   70   72 15382.9000 14338.5712  6.79%   202 3432s
H34231 25512                    15358.850000 14338.6905  6.64%   201 3453s
 34383 25689 14428.8438   31  261 15358.8500 14339.4759  6.64%   202 3473s
 34513 25690 15051.3605   73  109 15358.8500 14339.5228  6.64%   202 3475s
 34607 25786 15188.0234   71   50 15358.8500 14339.5338  6.64%   201 3492s
 34748 25893 15312.7825   81   50 15358.8500 14339.7027  6.64%   202 3509s
 34881 25983     cutoff   87      15358.8500 14340.3921  6.63%   202 3527s
 34983 26037     cutoff   61      15358.8500 14340.5568  6.63%   202 3545s
 35068 26286 14676.7151   52  177 15358.8500 14340.9065  6.63%   203 3566s
 35382 26357     cutoff  104      15358.8500 14341.5060  6.62%   202 3584s
 35462 26466 15067.8651   74  242 15358.8500 14341.9353  6.62%   203 3600s

Cutting planes:
  User: 4588
  Gomory: 24
  Cover: 469
  Implied bound: 35
  Projected implied bound: 29
  Clique: 5
  MIR: 118
  StrongCG: 1
  Flow cover: 546
  Zero half: 13
  RLT: 314
  Relax-and-lift: 8
  Lazy constraints: 3026

Explored 35597 nodes (7225358 simplex iterations) in 3601.14 seconds
Thread count was 2 (of 32 available processors)

Solution count 10: 15358.9 15382.9 15414.9 ... 15527.8

Time limit reached
Best objective 1.535885000000e+04, best bound 1.434202587861e+04, gap 6.6204%

User-callback calls 309289, time in user-callback 251.82 sec
================================================================================
executing instance: ./input/Instances/Original/2/absH3high_4n10.dat
--------------------------------------------------------------------------------
Instance details
n	11
H	3
C	822
Li:
[0, 0, 0, 0, 0, 0, 0, 0, 0, 0, 0, ]
Ui:
[0, 102, 52, 88, 182, 153, 138, 38, 165, 297, 86, ]
Distance matrix:
|0	285	411	382	327	239	148	256	307	36	383	|
|285	0	352	98	249	103	227	235	120	268	209	|
|411	352	0	395	106	430	263	549	234	429	174	|
|382	98	395	0	302	173	320	288	168	364	227	|
|327	249	106	302	0	324	179	444	135	339	109	|
|239	103	430	173	324	0	241	132	212	212	305	|
|148	227	263	320	179	241	0	325	192	165	249	|
|256	235	549	288	444	132	325	0	342	220	436	|
|307	120	234	168	135	212	192	342	0	304	94	|
|36	268	429	364	339	212	165	220	304	0	386	|
|383	209	174	227	109	305	249	436	94	386	0	|

--------------------------------------------------------------------------------
Building model...
	using lazy and cut (CVRPSEP package)
Solving IRP LP...
--------------------------------------------------------------------------------

Gurobi 9.1.0 (linux64) logging started Sat Jan 23 10:14:44 2021

Gurobi Optimizer version 9.1.0 build v9.1.0rc0 (linux64)
Thread count: 32 physical cores, 32 logical processors, using up to 2 threads
Optimize a model with 380 rows, 956 columns and 2702 nonzeros
Model fingerprint: 0xb9adf20a
Variable types: 164 continuous, 792 integer (132 binary)
Coefficient statistics:
  Matrix range     [1e+00, 3e+02]
  Objective range  [2e-01, 5e+02]
  Bounds range     [1e+00, 3e+02]
  RHS range        [2e+01, 1e+03]
Presolve removed 44 rows and 11 columns
Presolve time: 0.01s
Presolved: 336 rows, 945 columns, 2427 nonzeros
Variable types: 153 continuous, 792 integer (672 binary)

Root relaxation: objective 4.143476e+03, 523 iterations, 0.01 seconds

    Nodes    |    Current Node    |     Objective Bounds      |     Work
 Expl Unexpl |  Obj  Depth IntInf | Incumbent    BestBd   Gap | It/Node Time

     0     0 4143.47605    0   45          - 4143.47605      -     -    0s
H    0     0                    9861.5700000 4143.47605  58.0%     -    0s
H    0     0                    9328.2300000 4143.47605  55.6%     -    0s
     0     0 4338.09136    0   57 9328.23000 4338.09136  53.5%     -    0s
H    0     0                    8723.2500000 4338.09136  50.3%     -    0s
     0     0 4555.99748    0   85 8723.25000 4555.99748  47.8%     -    0s
H    0     0                    8483.5300000 4555.99748  46.3%     -    0s
     0     0 4590.78030    0  105 8483.53000 4590.78030  45.9%     -    0s
     0     0 4594.36122    0   98 8483.53000 4594.36122  45.8%     -    0s
     0     0 4595.09304    0  111 8483.53000 4595.09304  45.8%     -    0s
     0     0 4595.09309    0  118 8483.53000 4595.09309  45.8%     -    0s
     0     0 4645.35108    0  105 8483.53000 4645.35108  45.2%     -    0s
H    0     0                    8401.6300000 4645.35108  44.7%     -    0s
     0     0 4654.94790    0   93 8401.63000 4654.94790  44.6%     -    0s
     0     0 4654.94790    0   90 8401.63000 4654.94790  44.6%     -    0s
     0     0 4683.99102    0  133 8401.63000 4683.99102  44.2%     -    0s
H    0     0                    8070.9800000 4683.99102  42.0%     -    0s
     0     0 4694.55677    0  128 8070.98000 4694.55677  41.8%     -    0s
     0     0 4695.76047    0  126 8070.98000 4695.76047  41.8%     -    0s
     0     0 4695.76047    0  129 8070.98000 4695.76047  41.8%     -    0s
     0     0 4746.22544    0  131 8070.98000 4746.22544  41.2%     -    0s
     0     0 4752.89088    0  131 8070.98000 4752.89088  41.1%     -    0s
     0     0 4753.03544    0  132 8070.98000 4753.03544  41.1%     -    0s
     0     0 4754.81824    0  139 8070.98000 4754.81824  41.1%     -    0s
     0     0 4757.13373    0  134 8070.98000 4757.13373  41.1%     -    0s
     0     0 4757.32630    0  145 8070.98000 4757.32630  41.1%     -    0s
     0     0 4757.86410    0  143 8070.98000 4757.86410  41.0%     -    0s
     0     0 4757.86410    0  143 8070.98000 4757.86410  41.0%     -    0s
H    0     0                    7955.9800000 4757.86410  40.2%     -    0s
