




arguments: ./build/mirp_solver -f ./input/orig_exec_378.cfg
Current dir: /scratch/gui/bnc_mirp
File verbosity level: 9
date       time         ( uptime  ) [ thread name/id ]                   file:line     v| 
2021-01-29 02:15:57.448 (   0.137s) [main thread     ]             loguru.cpp:789   INFO| Logging to './output/vi_vc/OU/V4/Original/execution_29_01_2021_02_15_57.log', mode: 'a', verbosity: 9
--------------------------------------------------------------------------------
Parameters
                           instance_path           ./input/Instances/Original/6/
                            model_policy                                       1
                             nb_vehicles                                       4
                              output_dir          ./output/vi_vc/OU/V4/Original/
                            sec_strategy                                       1
                       solver_nb_threads                                       2
                         solver_show_log                                    true
                       solver_time_limit                                    3600
                              use_vi_cos                                   false
                              use_vi_cus                                   false
                         use_vi_hc1_full                                   false
                         use_vi_hc1_half                                   false
                      use_vi_hc1_quarter                                   false
                              use_vi_hc2                                   false
                              use_vi_hc3                                   false
                         use_vi_lex_full                                   false
                         use_vi_lex_half                                   false
                      use_vi_lex_quarter                                   false
                              use_vi_qua                                   false
                               use_vi_vc                                    true
                               use_vi_vr                                   false
--------------------------------------------------------------------------------
executing instance: ./input/Instances/Original/6/absH6high_1n25.dat
--------------------------------------------------------------------------------
Instance details
n	26
H	6
C	1711
Li:
[0, 0, 0, 0, 0, 0, 0, 0, 0, 0, 0, 0, 0, 0, 0, 0, 0, 0, 0, 0, 0, 0, 0, 0, 0, 0, ]
Ui:
[0, 168, 176, 34, 66, 36, 177, 106, 118, 182, 64, 141, 189, 63, 46, 111, 182, 231, 36, 66, 68, 54, 132, 90, 246, 75, ]
Distance matrix:
|0	191	200	231	334	329	146	196	208	245	218	164	283	394	151	358	156	196	309	253	201	260	127	138	130	104	|
|191	0	226	229	278	146	328	216	390	417	327	293	195	334	106	296	171	122	472	151	12	411	280	53	190	130	|
|200	226	0	38	149	359	321	10	276	274	418	364	139	204	121	173	321	115	303	141	225	236	155	202	311	256	|
|231	229	38	0	110	352	358	37	314	310	448	395	108	167	129	135	342	109	336	120	226	268	194	213	335	277	|
|334	278	149	110	0	367	467	147	422	413	546	495	86	61	203	25	423	163	429	129	271	363	303	282	424	361	|
|329	146	359	352	367	0	453	349	533	562	411	393	282	411	245	378	250	244	617	245	141	556	426	195	284	243	|
|146	328	321	358	467	453	0	321	162	215	160	112	425	524	297	491	223	341	284	397	339	266	186	276	184	210	|
|196	216	10	37	147	349	321	0	281	281	414	360	132	203	112	171	315	105	311	132	216	244	159	193	305	249	|
|208	390	276	314	422	533	162	281	0	54	321	271	410	471	316	445	348	348	123	398	398	115	125	338	313	309	|
|245	417	274	310	413	562	215	281	54	0	375	323	413	457	334	435	393	361	70	406	424	69	139	367	359	349	|
|218	327	418	448	546	411	160	414	321	375	0	57	484	606	347	569	163	393	444	446	339	421	318	288	137	199	|
|164	293	364	395	495	393	112	360	271	323	57	0	437	556	300	519	144	346	393	401	305	367	261	249	109	163	|
|283	195	139	108	86	282	425	132	410	413	484	437	0	139	137	101	349	91	443	44	187	375	286	206	355	291	|
|394	334	204	167	61	411	524	203	471	457	606	556	139	0	264	38	483	222	467	183	326	403	356	341	484	421	|
|151	106	121	129	203	245	297	112	316	334	347	300	137	264	0	225	220	46	381	102	106	316	195	84	221	158	|
|358	296	173	135	25	378	491	171	445	435	569	519	101	38	225	0	444	184	450	145	288	384	328	303	446	383	|
|156	171	321	342	423	250	223	315	348	393	163	144	349	483	220	444	0	261	460	308	183	415	284	143	39	65	|
|196	122	115	109	163	244	341	105	348	361	393	346	91	222	46	184	261	0	402	56	118	336	224	119	264	200	|
|309	472	303	336	429	617	284	311	123	70	444	393	443	467	381	450	460	402	0	442	477	68	192	424	426	413	|
|253	151	141	120	129	245	397	132	398	406	446	401	44	183	102	145	308	56	442	0	143	375	273	164	315	251	|
|201	12	225	226	271	141	339	216	398	424	339	305	187	326	106	288	183	118	477	143	0	416	286	63	202	142	|
|260	411	236	268	363	556	266	244	115	69	421	367	375	403	316	384	415	336	68	375	416	0	135	365	384	363	|
|127	280	155	194	303	426	186	159	125	139	318	261	286	356	195	328	284	224	192	273	286	135	0	232	256	229	|
|138	53	202	213	282	195	276	193	338	367	288	249	206	341	84	303	143	119	424	164	63	365	232	0	153	89	|
|130	190	311	335	424	284	184	305	313	359	137	109	355	484	221	446	39	264	426	315	202	384	256	153	0	64	|
|104	130	256	277	361	243	210	249	309	349	199	163	291	421	158	383	65	200	413	251	142	363	229	89	64	0	|

--------------------------------------------------------------------------------
Building model...
	using lazy and cut (CVRPSEP package)
Solving IRP LP...
--------------------------------------------------------------------------------

Gurobi 9.1.0 (linux64) logging started Fri Jan 29 02:15:58 2021

Gurobi Optimizer version 9.1.0 build v9.1.0rc0 (linux64)
Thread count: 32 physical cores, 32 logical processors, using up to 2 threads
Optimize a model with 1754 rows, 9206 columns and 22328 nonzeros
Model fingerprint: 0x12c9099b
Variable types: 782 continuous, 8424 integer (624 binary)
Coefficient statistics:
  Matrix range     [1e+00, 4e+02]
  Objective range  [1e-01, 6e+02]
  Bounds range     [1e+00, 2e+02]
  RHS range        [1e+01, 3e+03]
Presolve removed 182 rows and 26 columns
Presolve time: 0.05s
Presolved: 1572 rows, 9180 columns, 21045 nonzeros
Variable types: 756 continuous, 8424 integer (7824 binary)

Root relaxation: objective 1.430251e+04, 2380 iterations, 0.07 seconds

    Nodes    |    Current Node    |     Objective Bounds      |     Work
 Expl Unexpl |  Obj  Depth IntInf | Incumbent    BestBd   Gap | It/Node Time

     0     0 14302.5051    0  240          - 14302.5051      -     -    0s
     0     0 14506.9438    0  283          - 14506.9438      -     -    0s
     0     0 14528.9616    0  239          - 14528.9616      -     -    1s
     0     0 14528.9616    0  243          - 14528.9616      -     -    1s
     0     0 15042.2303    0  344          - 15042.2303      -     -    1s
     0     0 15087.3858    0  382          - 15087.3858      -     -    1s
     0     0 15104.1417    0  342          - 15104.1417      -     -    2s
     0     0 15125.4685    0  395          - 15125.4685      -     -    2s
     0     0 15144.0397    0  395          - 15144.0397      -     -    2s
     0     0 15149.9983    0  376          - 15149.9983      -     -    2s
     0     0 15172.9085    0  343          - 15172.9085      -     -    2s
     0     0 15189.3796    0  381          - 15189.3796      -     -    2s
     0     0 15189.5278    0  390          - 15189.5278      -     -    2s
     0     0 15527.1366    0  390          - 15527.1366      -     -    3s
     0     0 15750.8766    0  447          - 15750.8766      -     -    3s
     0     0 15764.1004    0  470          - 15764.1004      -     -    3s
     0     0 15776.8604    0  491          - 15776.8604      -     -    3s
     0     0 15808.0018    0  470          - 15808.0018      -     -    4s
     0     0 15837.2960    0  449          - 15837.2960      -     -    4s
     0     0 15842.5216    0  483          - 15842.5216      -     -    4s
     0     0 15842.6487    0  455          - 15842.6487      -     -    4s
     0     0 16017.9474    0  504          - 16017.9474      -     -    5s
     0     0 16055.3048    0  498          - 16055.3048      -     -    6s
     0     0 16072.0550    0  507          - 16072.0550      -     -    6s
     0     0 16083.7224    0  487          - 16083.7224      -     -    6s
     0     0 16089.6135    0  475          - 16089.6135      -     -    6s
     0     0 16089.8444    0  489          - 16089.8444      -     -    6s
     0     0 16169.9247    0  479          - 16169.9247      -     -    7s
     0     0 16191.0510    0  474          - 16191.0510      -     -    8s
     0     0 16207.7707    0  496          - 16207.7707      -     -    8s
     0     0 16211.1989    0  482          - 16211.1989      -     -    8s
     0     0 16212.2788    0  496          - 16212.2788      -     -    8s
     0     0 16235.3730    0  470          - 16235.3730      -     -    9s
     0     0 16239.3864    0  477          - 16239.3864      -     -    9s
     0     0 16240.4265    0  491          - 16240.4265      -     -    9s
     0     0 16249.1516    0  491          - 16249.1516      -     -    9s
     0     0 16249.1516    0  471          - 16249.1516      -     -   11s
     0     2 16249.8988    0  467          - 16249.8988      -     -   13s
     3     6 16303.1476    2  377          - 16256.6869      -  1001   15s
    17    20 16473.8517    5  429          - 16303.1987      -  1495   20s
    41    43 16883.7646   13  366          - 16303.1987      -  1150   25s
    72    76 17059.4076   23  288          - 16303.1987      -   894   30s
   124   138 17365.8534   47  274          - 16303.1987      -   681   36s
   179   197 18000.0176   71  250          - 16303.1987      -   573   40s
   270   293 18784.5248  106  189          - 16303.1987      -   456   45s
   414   457 19820.7240  175  130          - 16303.1987      -   343   50s
   493   480 16918.8910    6  497          - 16303.6798      -   320   55s
   553   534 17042.3110    8  411          - 16303.6798      -   317   60s
   581   564 17092.5724   12  464          - 16303.6798      -   338   65s
   645   632 17299.3770   30  285          - 16303.6798      -   340   71s
   698   701 17653.6191   46  242          - 16303.6798      -   340   75s
   739   705 18754.8507  107  469          - 16303.6798      -   330   80s
   749   712 17040.0261   25  643          - 16799.7336      -   326   85s
   758   718 17222.9984   21  644          - 16849.1008      -   322   90s
   768   725 18890.6746  119  797          - 16892.4486      -   318   95s
   775   729 17263.4702   29  727          - 16919.0691      -   315  100s
   785   737 17593.7028   42  243          - 16920.7866      -   368  105s
   792   742 16920.7866    7  633          - 16920.7866      -   365  110s
   803   749 16922.3973    6  765          - 16922.3973      -   360  115s
   809   756 16927.4659   26  725          - 16923.3397      -   393  120s
   821   764 17002.6215   29  562          - 16960.3624      -   408  125s
   835   776 16987.6854   33  581          - 16972.6341      -   424  130s
   855   789 17002.8733   38  483          - 16972.6341      -   442  135s
   875   805 17018.2396   44  473          - 16972.6341      -   457  140s
   899   823 17027.0753   49  477          - 16972.6341      -   474  146s
   926   839 17091.6567   55  472          - 16972.6341      -   482  150s
   957   865 17061.2869   63  401          - 16972.6341      -   493  155s
   999   894 17170.5471   71  420          - 16972.6341      -   499  161s
  1041   923 17213.8558   80  392          - 16972.6341      -   501  166s
  1073   944 17297.1460   87  357          - 16972.6341      -   502  170s
  1128   986 17391.6435   99  353          - 16972.6341      -   501  176s
  1171  1018 17451.2092  110  348          - 16972.6341      -   499  180s
  1217  1051 17497.2082  121  323          - 16972.6341      -   500  185s
  1265  1096 17526.5920  131  304          - 16972.6341      -   499  190s
  1342  1153 infeasible  149               - 16972.6341      -   490  196s
  1441  1195 17789.5245  171  226          - 16972.6341      -   478  202s
  1490  1211 17907.6728  182  260          - 16972.6341      -   474  205s
  1564  1301 18066.4427  215  254          - 16972.6341      -   469  212s
  1637  1346 18308.6189  244  174          - 16972.6341      -   458  216s
  1707  1422 18514.8768  274  194          - 16972.6341      -   450  220s
  1878  1445 17188.1213   50  380          - 16972.6341      -   424  225s
  1954  1558 19292.3704  383  191          - 16972.6341      -   421  232s
  2027  1572 infeasible  411               - 16991.5935      -   416  236s
  2102  1589 17152.2539   31  667          - 16991.5935      -   410  240s
  2187  1657 17320.7311   49  280          - 16991.5935      -   407  248s
  2240  1697 17401.5749   59  387          - 16991.5935      -   405  252s
  2298  1749 17555.1835   67  330          - 16991.5935      -   403  257s
  2369  1813 17673.8002   79  291          - 16991.5935      -   400  262s
  2467  1851 17986.3515   93  289          - 16991.5935      -   394  267s
  2557  1917 18291.0917  124  237          - 16991.5935      -   390  273s
  2653  1929 18735.9113  147  184          - 17002.9245      -   384  279s
  2722  1940 17186.5793   37  488          - 17002.9245      -   382  283s
  2756  1968 17261.2462   46  410          - 17002.9245      -   383  288s
  2796  1999 17375.2153   53  402          - 17002.9245      -   384  294s
  2842  2073 17529.2316   57  316          - 17002.9245      -   385  299s
  2882  2059 17640.8815   70  278          - 17002.9245      -   384  300s
  2931  2165 17783.5114   72  270          - 17002.9245      -   381  307s
  3053  2300 18054.1980  100  206          - 17002.9245      -   375  315s
  3233  2472 18260.7625  115  182          - 17002.9245      -   364  323s
  3373  2472 18943.3803  148  190          - 17002.9245      -   355  325s
  3426  2602 19547.8481  162  138          - 17008.2384      -   354  332s
  3592  2620 17114.5420   33  608          - 17008.2384      -   346  339s
  3610  2645 17450.4638   40  555          - 17008.2384      -   350  345s
  3635  2679 17504.6697   46  443          - 17008.2384      -   353  351s
  3669  2735 17574.1937   53  387          - 17008.2384      -   355  357s
  3725  2809 17664.4799   68  339          - 17008.2384      -   356  364s
  3799  2896 17901.2392   82  302          - 17008.2384      -   355  371s
  3886  3015 18283.3413  103  253          - 17008.2384      -   354  380s
  4005  3249 18753.6057  135  189          - 17008.2384      -   351  390s
  4247  3439 20861.2871  191  171          - 17009.2128      -   340  401s
  4503  3507 17207.4883   32  422          - 17009.2128      -   330  411s
  4571  3607 17665.9246   42  403          - 17009.2128      -   331  420s
  4671  3798 17699.9999   49  280          - 17009.2128      -   330  431s
  4862  3886 17845.1413   61  351          - 17009.2128      -   325  464s
  4952  4220 17998.0009   70  250          - 17009.2128      -   325  477s
  5257  4220 20679.1874  224  130          - 17009.2128      -   314  480s
  5353  4373 18352.6557  113  179          - 17016.8023      -   310  491s
  5526  4413 17280.1057   29  557          - 17016.8023      -   308  501s
  5566  4504 17886.9552   40  386          - 17016.8023      -   310  511s
  5657  4692 18082.4280   48  264          - 17016.8023      -   311  523s
  5859  4692 19772.4103  156   95          - 17016.8023      -   308  525s
  5862  4958 18277.9767   61  378          - 17016.8023      -   308  537s
  6181  5133 18617.4549   83  237          - 17016.8023      -   299  550s
  6360  5576 19511.3502  107  214          - 17016.8023      -   296  566s
  6737  5579 18777.9396  116  143          - 17016.8023      -   286  570s
  6850  5713 22856.0600  202    -          - 17020.0534      -   284  583s
* 6945  5720             237    23018.520000 17020.0534  26.1%   281  584s
  7045  5720     cutoff  263      23018.5200 17020.0534  26.1%   278  585s
  7084  5754 22940.0555  219   18 23018.5200 17020.1760  26.1%   279  595s
* 7087  5748             222    22984.520000 17020.1760  25.9%   279  595s
  7188  5897     cutoff  220      22984.5200 17020.7466  25.9%   279  608s
  7386  5999 17652.6469   38  394 22984.5200 17021.4972  25.9%   277  621s
  7488  6180 20743.8272  126  196 22984.5200 17022.4330  25.9%   277  636s
  7702  6235 18178.2165   63  322 22984.5200 17023.1310  25.9%   275  650s
  7757  6364 19048.4854   85  199 22984.5200 17023.1354  25.9%   275  664s
  7909  6411 17821.0282   38  478 22984.5200 17023.2229  25.9%   273  676s
  7956  6542 19472.2849   73  189 22984.5200 17024.3024  25.9%   275  690s
  8099  6711 17607.7285   33  472 22984.5200 17024.3024  25.9%   274  704s
  8146  6711 20125.5145  127   95 22984.5200 17024.3024  25.9%   274  705s
  8285  6738 17933.5127   45  466 22984.5200 17024.3024  25.9%   271  717s
H 8308  6615                    22260.190000 17024.3024  23.5%   272  717s
  8314  6661 18232.5186   56  386 22260.1900 17024.3024  23.5%   273  729s
  8360  6786 18396.0709   67  275 22260.1900 17024.3024  23.5%   274  742s
H 8509  6851                    22020.070000 17024.3024  22.7%   273  756s
H 8616  7008                    21858.250000 17024.3024  22.1%   273  771s
  8833  7190 19442.0808  126  172 21858.2500 17024.3024  22.1%   270  791s
  9022  7297 20747.2055  174   98 21858.2500 17028.2778  22.1%   269  809s
  9179  7365 21626.4750  201   14 21858.2500 17028.9373  22.1%   267  822s
  9259  7441     cutoff  208      21858.2500 17029.3317  22.1%   267  836s
  9336  7605 17751.3190   41  383 21858.2500 17029.3317  22.1%   268  852s
  9523  7688 19356.3180   81  234 21858.2500 17030.9295  22.1%   267  867s
  9624  7863 17432.5972   40  394 21858.2500 17032.0384  22.1%   268  882s
  9850  7921 17268.2068   37  388 21858.2500 17032.6329  22.1%   265  896s
  9908  8060 18586.7078   54  374 21858.2500 17033.5486  22.1%   267  911s
 10069  8178 17660.5257   46  457 21858.2500 17036.9700  22.1%   266  927s
 10209  8374 17124.7955   54  490 21858.2500 17036.9700  22.1%   266  943s
 10423  8503 19869.5189  125  172 21858.2500 17039.3357  22.0%   264  959s
 10454  8503 20389.1565  155  109 21858.2500 17039.3357  22.0%   263  960s
 10577  8555 17107.5244   36  678 21858.2500 17039.3357  22.0%   263  977s
 10652  8603 17110.5687   39  712 21858.2500 17039.3357  22.0%   263  991s
 10700  8693 17123.8463   47  514 21858.2500 17039.3357  22.0%   265 1005s
 10794  8848 17160.8201   57  497 21858.2500 17039.3357  22.0%   265 1024s
 10812  8848 18738.3720   87  233 21858.2500 17039.3357  22.0%   266 1025s
 10979  8921 17262.7259   66  509 21858.2500 17039.3357  22.0%   264 1040s
 11066  8983 17384.1703   79  480 21858.2500 17039.3357  22.0%   265 1055s
H11128  9060                    21780.470000 17039.3357  21.8%   266 1071s
 11238  9224 17785.6455  110  259 21780.4700 17044.0057  21.7%   267 1087s
 11438  9365 17984.5134   35  450 21780.4700 17044.8268  21.7%   266 1105s
 11583  9526 19261.7931   72  289 21780.4700 17044.8268  21.7%   266 1122s
 11800  9645 17522.1876   57  373 21780.4700 17045.4831  21.7%   264 1142s
 11944  9799 17317.7073   56  506 21780.4700 17046.0966  21.7%   264 1160s
 12127  9854 17105.6500   32  636 21780.4700 17046.1116  21.7%   263 1180s
H12182  9961                    21756.930000 17046.1116  21.7%   264 1195s
 12321 10180 18150.0672   84  413 21756.9300 17047.5835  21.6%   263 1213s
 12588 10238 17467.7622   59  447 21756.9300 17047.7477  21.6%   262 1229s
 12646 10373 17635.8729   72  410 21756.9300 17047.7477  21.6%   263 1243s
 12770 10373 18393.8160   81  344 21756.9300 17047.7477  21.6%   263 1245s
H12781 10571                    21660.020000 17047.7477  21.3%   263 1265s
 13086 10659 17499.7475   54  427 21660.0200 17052.0771  21.3%   261 1283s
 13198 10879 17215.4164   40  541 21660.0200 17052.0771  21.3%   262 1304s
 13269 10879 18576.0756   46  309 21660.0200 17052.0771  21.3%   261 1305s
 13431 10976 19370.3208  111  170 21660.0200 17053.2681  21.3%   260 1320s
 13550 11125 18668.1892   81  271 21660.0200 17054.8917  21.3%   261 1336s
 13711 11267 18971.8473   98  201 21660.0200 17055.1396  21.3%   261 1355s
 13869 11454 17851.2956   39  521 21660.0200 17055.1396  21.3%   261 1372s
H14072 11188                    21306.260000 17055.1396  20.0%   260 1390s
 14232 11307 18138.8519   69  287 21306.2600 17055.2487  20.0%   259 1407s
H14334 11306                    21304.010000 17055.7608  19.9%   259 1408s
 14374 11437 17572.1097   64  389 21304.0100 17055.8782  19.9%   259 1424s
 14424 11437 19900.3971  114  147 21304.0100 17055.8782  19.9%   259 1425s
H14529 11562                    21238.500000 17056.7393  19.7%   260 1444s
 14751 11635 infeasible  105      21238.5000 17058.1834  19.7%   259 1463s
 14892 11665 17397.5396   51  457 21238.5000 17060.4917  19.7%   260 1484s
 14926 11758 18615.7805   75  261 21238.5000 17062.9679  19.7%   260 1499s
 14981 11758 18509.6798   73  269 21238.5000 17062.9679  19.7%   260 1500s
 15029 11945 18897.4588   89  200 21238.5000 17064.0861  19.7%   260 1519s
 15059 11945 19686.8778  119   84 21238.5000 17064.0861  19.7%   260 1520s
 15256 12066 18057.4878   42  460 21238.5000 17064.0861  19.7%   259 1537s
 15381 12158 19558.8522  111  236 21238.5000 17067.4687  19.6%   260 1553s
 15497 12260 17901.3183   49  340 21238.5000 17069.2070  19.6%   260 1570s
 15609 12358 17443.7397   37  565 21238.5000 17069.2070  19.6%   260 1586s
 15733 12504 18117.6696   54  419 21238.5000 17069.2070  19.6%   260 1605s
 15892 12747 18449.8117   75  338 21238.5000 17069.2070  19.6%   260 1627s
 16110 12750 18168.5837   62  316 21238.5000 17069.2070  19.6%   259 1630s
 16153 12952 19678.9629  153   95 21238.5000 17071.1923  19.6%   258 1648s
 16413 13033 19274.7086   91  243 21238.5000 17073.5432  19.6%   257 1665s
 16505 13104 18782.5078   88  167 21238.5000 17074.7083  19.6%   258 1681s
 16587 13178 18061.2855   47  381 21238.5000 17074.7090  19.6%   259 1697s
 16673 13326 19113.4101   79  327 21238.5000 17075.3341  19.6%   259 1718s
 16841 13390 17361.6504   39  569 21238.5000 17075.3341  19.6%   259 1734s
 16905 13473 17853.2224   57  388 21238.5000 17075.3341  19.6%   259 1750s
 16988 13621 18158.8816   72  331 21238.5000 17075.3341  19.6%   260 1767s
 17136 13785 18467.2775   89  349 21238.5000 17075.3341  19.6%   260 1786s
 17319 14039 19037.0066  113  219 21238.5000 17075.4347  19.6%   260 1808s
 17440 14039 19769.2613  162  141 21238.5000 17075.4347  19.6%   259 1810s
 17606 14115 17293.9340   39  568 21238.5000 17075.4393  19.6%   258 1826s
 17682 14159 18472.9105   76  274 21238.5000 17075.4393  19.6%   259 1954s
 17704 14159 18326.4353   77  284 21238.5000 17075.4393  19.6%   259 1956s
 17726 14390 19146.4970   98  171 21238.5000 17075.6328  19.6%   259 1975s
*17840 14320             212    21181.830000 17075.6328  19.4%   258 1976s
 17996 14506 18134.0267   58  495 21181.8300 17076.5369  19.4%   257 1997s
H18097 14495                    21172.530000 17076.5369  19.3%   257 1999s
 18144 14495 19326.8068   81  177 21172.5300 17076.5369  19.3%   257 2000s
 18198 14561 17152.6891   39  562 21172.5300 17076.5369  19.3%   257 2018s
 18285 14667 17175.5017   49  586 21172.5300 17076.5369  19.3%   257 2037s
 18409 14751 17257.1753   63  454 21172.5300 17076.5369  19.3%   257 2054s
 18493 14875 17576.2168   82  429 21172.5300 17076.5369  19.3%   258 2073s
 18627 15091 17972.8963  112  276 21172.5300 17078.5328  19.3%   258 2095s
 18879 15218 17157.3320   40  578 21172.5300 17078.5328  19.3%   256 2116s
H19032 14654                    20789.100000 17078.5328  17.8%   256 2137s
 19092 14734 17419.1960   52  561 20789.1000 17078.5328  17.8%   256 2156s
 19184 14811 17608.9095   55  460 20789.1000 17078.5328  17.8%   257 2172s
 19261 14913 17966.7474   68  296 20789.1000 17078.5328  17.8%   258 2191s
H19309 14762                    20713.660000 17078.5328  17.5%   258 2191s
 19377 14874 18180.4747   82  287 20713.6600 17078.5328  17.5%   258 2211s
 19489 15225 18476.1926  101  213 20713.6600 17078.5328  17.5%   259 2236s
 19869 15320     cutoff  193      20713.6600 17079.6847  17.5%   257 2256s
 19989 15391 17589.0272   47  643 20713.6600 17079.6847  17.5%   257 2274s
 20025 15391 20128.1142  141  141 20713.6600 17079.6847  17.5%   257 2275s
 20072 15496 18291.3627   63  376 20713.6600 17079.6847  17.5%   258 2293s
 20177 15694 19446.9212   84  391 20713.6600 17079.6847  17.5%   258 2314s
 20288 15694 19689.0512  145  119 20713.6600 17079.6847  17.5%   258 2315s
 20394 15837 20666.0805  110  155 20713.6600 17080.8935  17.5%   257 2335s
 20568 15953 17150.8471   39  575 20713.6600 17081.4634  17.5%   257 2356s
 20696 16094 18196.0257   74  405 20713.6600 17081.8230  17.5%   257 2377s
 20849 16228 17798.8376   46  326 20713.6600 17081.9092  17.5%   258 2397s
 21000 16394 17329.9393   47  479 20713.6600 17081.9092  17.5%   258 2420s
 21208 16459 19681.8928  108  249 20713.6600 17082.2482  17.5%   258 2440s
H21289 16577                    20711.410000 17082.2482  17.5%   259 2461s
 21430 16694 17659.6131   78  417 20711.4100 17082.2482  17.5%   259 2482s
 21564 16786 18327.5145   97  348 20711.4100 17083.8966  17.5%   260 2504s
 21690 16920 17252.1086   39  488 20711.4100 17083.9084  17.5%   261 2527s
H21720 16083                    20382.290000 17083.9084  16.2%   261 2527s
 21824 16235 17660.7771   49  471 20382.2900 17083.9084  16.2%   261 2549s
 21920 16235 19751.2018  114  213 20382.2900 17083.9084  16.2%   261 2550s
 22002 16339 18646.8570   73  199 20382.2900 17084.1274  16.2%   261 2571s
 22152 16427 17579.1913   39  641 20382.2900 17084.5195  16.2%   261 2591s
H22187 15757                    20161.930000 17084.5195  15.3%   262 2591s
 22240 15857 18977.5582   74  442 20161.9300 17084.5250  15.3%   262 2612s
 22363 16006 18086.3958   53  475 20161.9300 17084.6838  15.3%   262 2635s
 22581 16165 17695.9970   49  543 20161.9300 17084.6966  15.3%   262 2657s
 22758 16317 19378.2837  118  210 20161.9300 17084.8336  15.3%   262 2677s
 22929 16505 18620.3119   72  278 20161.9300 17084.8488  15.3%   261 2701s
 23172 16646 17991.5346   49  403 20161.9300 17085.0990  15.3%   261 2723s
 23326 16646 20134.7656  117  141 20161.9300 17085.0990  15.3%   261 2725s
 23336 16734 19959.0527  119  290 20161.9300 17085.5870  15.3%   261 2744s
 23393 16734 18712.1841   72  254 20161.9300 17085.5870  15.3%   261 2745s
 23447 16925 18819.4239   78  201 20161.9300 17085.6467  15.3%   262 2769s
 23554 16925 17304.6448   57  395 20161.9300 17085.6467  15.3%   262 2770s
 23684 17071 18054.6890   84  366 20161.9300 17085.8485  15.3%   261 2790s
H23875 16474                    19967.620000 17086.0454  14.4%   261 2812s
 24056 16613 17872.2301   52  485 19967.6200 17086.3857  14.4%   261 2833s
 24231 16723 17508.9374   44  488 19967.6200 17086.5628  14.4%   261 2853s
 24350 16855 19302.1122   92  329 19967.6200 17087.2856  14.4%   262 2874s
 24383 16855 19834.4805  121  202 19967.6200 17087.2856  14.4%   261 2875s
 24499 16984 18017.9392   73  409 19967.6200 17087.4777  14.4%   262 2894s
 24529 16984 18801.5974  103  412 19967.6200 17087.4777  14.4%   262 2895s
 24652 17079 17150.2948   43  403 19967.6200 17087.7172  14.4%   262 2914s
 24742 17079 17687.2127   72  406 19967.6200 17087.7172  14.4%   262 2915s
 24747 17194 18139.7952   74  243 19967.6200 17087.7669  14.4%   262 2936s
 24879 17462 17731.9962   72  343 19967.6200 17088.0475  14.4%   263 2960s
 25223 17575 18434.3316   84  337 19967.6200 17088.4835  14.4%   262 2983s
 25368 17697 17849.5459   47  469 19967.6200 17088.6832  14.4%   262 3003s
 25523 17821 17577.3461   45  481 19967.6200 17088.9995  14.4%   262 3027s
H25677 17486                    19865.830000 17088.9995  14.0%   262 3048s
 25743 17600 19128.7049   72  252 19865.8300 17089.2927  14.0%   263 3068s
 25867 17668 19238.2528  105  247 19865.8300 17089.2939  14.0%   263 3090s
H25913 17404                    19802.130000 17089.2939  13.7%   264 3091s
 25947 17586 18515.0099   65  310 19802.1300 17089.2996  13.7%   264 3112s
 26151 17720 17491.4835   44  505 19802.1300 17090.0420  13.7%   264 3138s
 26313 17781 17144.0819   34  521 19802.1300 17090.4183  13.7%   264 3157s
 26374 17889 17320.8444   41  450 19802.1300 17090.4183  13.7%   265 3177s
 26482 17998 17927.6558   52  368 19802.1300 17090.4183  13.7%   265 3200s
 26605 18100 19132.8076   76  217 19802.1300 17091.3182  13.7%   266 3226s
 26744 18192 18299.4042   63  419 19802.1300 17091.6230  13.7%   266 3247s
 26852 18317 17987.3006   45  305 19802.1300 17091.7431  13.7%   267 3274s
H26926 18273                    19791.590000 17091.7431  13.6%   267 3274s
 26956 18273 19293.1766  134  237 19791.5900 17091.8146  13.6%   267 3275s
 26997 18421 17676.4893   55  567 19791.5900 17091.9960  13.6%   267 3298s
 27187 18551 17306.2673   49  583 19791.5900 17092.0198  13.6%   268 3324s
 27283 18551 19257.9548  105  206 19791.5900 17092.0198  13.6%   268 3325s
 27345 18675 17584.7945   65  365 19791.5900 17092.0198  13.6%   268 3346s
 27471 18839 17940.2918   85  343 19791.5900 17092.0198  13.6%   268 3370s
 27655 18980 18424.7457  109  199 19791.5900 17092.4231  13.6%   268 3395s
 27820 19098 17856.5398   53  503 19791.5900 17092.5544  13.6%   269 3419s
 27887 19098 19372.8414  120  202 19791.5900 17092.5544  13.6%   269 3420s
 27946 19228 17244.6120   39  579 19791.5900 17092.5544  13.6%   269 3442s
 28076 19344 17570.2773   59  444 19791.5900 17092.5544  13.6%   270 3466s
 28229 19475 17769.9478   86  310 19791.5900 17092.6810  13.6%   270 3492s
H28351 16826                    19359.440000 17092.6810  11.7%   270 3493s
 28403 16919 17509.9907   41  722 19359.4400 17092.7576  11.7%   271 3514s
 28444 16919 18903.2333   83  318 19359.4400 17092.7576  11.7%   271 3515s
 28525 17063 18368.9527   82  355 19359.4400 17092.9986  11.7%   271 3538s
 28691 17199 17755.8570   49  500 19359.4400 17093.0174  11.7%   271 3563s
 28851 17409 18128.8712   68  519 19359.4400 17093.0174  11.7%   272 3587s
H28976 16635                    19251.520000 17093.0174  11.2%   271 3589s
 29035 16635 19136.5308   91  170 19251.5200 17093.0174  11.2%   271 3590s
 29072 16647 19081.5784  124  218 19251.5200 17093.1427  11.2%   271 3600s

Cutting planes:
  User: 5551
  Gomory: 49
  Cover: 536
  Implied bound: 44
  Projected implied bound: 59
  Clique: 4
  MIR: 351
  Flow cover: 743
  Zero half: 22
  Network: 13
  RLT: 452
  Relax-and-lift: 12
  Lazy constraints: 1106

Explored 29136 nodes (7934161 simplex iterations) in 3600.52 seconds
Thread count was 2 (of 32 available processors)

Solution count 10: 19251.5 19359.4 19791.6 ... 20713.7

Time limit reached
Best objective 1.925152000000e+04, best bound 1.709314274626e+04, gap 11.2115%

User-callback calls 421172, time in user-callback 239.31 sec
================================================================================
executing instance: ./input/Instances/Original/6/absH6high_1n20.dat
--------------------------------------------------------------------------------
Instance details
n	21
H	6
C	1651
Li:
[0, 0, 0, 0, 0, 0, 0, 0, 0, 0, 0, 0, 0, 0, 0, 0, 0, 0, 0, 0, 0, ]
Ui:
[0, 36, 182, 182, 90, 261, 117, 30, 110, 42, 276, 153, 40, 94, 144, 46, 129, 213, 264, 160, 174, ]
Distance matrix:
|0	371	401	343	361	341	370	115	392	400	79	266	292	245	355	431	265	194	95	92	348	|
|371	0	37	141	110	250	117	438	67	131	372	305	115	238	247	255	235	296	392	430	185	|
|401	37	0	175	100	284	146	472	90	156	406	342	152	275	280	282	242	333	415	455	178	|
|343	141	175	0	239	110	38	374	95	60	314	182	67	130	106	127	318	201	397	423	303	|
|361	110	100	239	0	341	222	451	177	240	385	374	190	304	341	361	151	345	354	398	78	|
|341	250	284	110	341	0	143	337	203	151	289	102	152	97	15	95	394	156	415	431	398	|
|370	117	146	38	222	143	0	407	61	30	346	220	81	167	137	139	317	237	417	447	292	|
|115	438	472	374	451	337	407	0	443	434	66	241	339	251	351	431	374	181	201	177	450	|
|392	67	90	95	177	203	61	443	0	66	379	275	104	216	197	193	294	283	427	461	252	|
|400	131	156	60	240	151	30	434	66	0	374	237	112	189	142	127	344	261	448	477	312	|
|79	372	406	314	385	289	346	66	379	374	0	202	275	197	304	383	316	134	175	166	388	|
|266	305	342	182	374	102	220	241	275	237	202	0	191	70	117	196	386	73	352	359	415	|
|292	115	152	67	190	152	81	339	104	112	275	191	0	123	154	193	252	183	336	366	246	|
|245	238	275	130	304	97	167	251	216	189	197	70	123	0	110	187	322	72	319	334	346	|
|355	247	280	106	341	15	137	351	197	142	304	117	154	110	0	80	399	171	427	444	400	|
|431	255	282	127	361	95	139	431	193	127	383	196	193	187	80	0	444	251	499	519	429	|
|265	235	242	318	151	394	317	374	294	344	316	386	252	322	399	444	0	332	226	273	97	|
|194	296	333	201	345	156	237	181	283	261	134	73	183	72	171	251	332	0	279	286	375	|
|95	392	415	397	354	415	417	201	427	448	175	352	336	319	427	499	226	279	0	47	321	|
|92	430	455	423	398	431	447	177	461	477	166	359	366	334	444	519	273	286	47	0	368	|
|348	185	178	303	78	398	292	450	252	312	388	415	246	346	400	429	97	375	321	368	0	|

--------------------------------------------------------------------------------
Building model...
	using lazy and cut (CVRPSEP package)
Solving IRP LP...
--------------------------------------------------------------------------------

Gurobi 9.1.0 (linux64) logging started Fri Jan 29 03:16:01 2021

Gurobi Optimizer version 9.1.0 build v9.1.0rc0 (linux64)
Thread count: 32 physical cores, 32 logical processors, using up to 2 threads
Optimize a model with 1419 rows, 6171 columns and 15483 nonzeros
Model fingerprint: 0xf0673736
Variable types: 627 continuous, 5544 integer (504 binary)
Coefficient statistics:
  Matrix range     [1e+00, 4e+02]
  Objective range  [1e-01, 5e+02]
  Bounds range     [1e+00, 3e+02]
  RHS range        [1e+01, 3e+03]
Presolve removed 147 rows and 21 columns
Presolve time: 0.04s
Presolved: 1272 rows, 6150 columns, 14455 nonzeros
Variable types: 606 continuous, 5544 integer (5064 binary)

Root relaxation: objective 1.358628e+04, 2352 iterations, 0.08 seconds

    Nodes    |    Current Node    |     Objective Bounds      |     Work
 Expl Unexpl |  Obj  Depth IntInf | Incumbent    BestBd   Gap | It/Node Time

     0     0 13586.2755    0  188          - 13586.2755      -     -    0s
     0     0 13799.5471    0  211          - 13799.5471      -     -    0s
     0     0 13822.2161    0  231          - 13822.2161      -     -    0s
     0     0 13829.2828    0  185          - 13829.2828      -     -    0s
     0     0 13830.6080    0  194          - 13830.6080      -     -    0s
     0     0 13830.6080    0  191          - 13830.6080      -     -    0s
     0     0 13993.6277    0  307          - 13993.6277      -     -    1s
     0     0 14032.0244    0  302          - 14032.0244      -     -    1s
     0     0 14035.5885    0  315          - 14035.5885      -     -    1s
     0     0 14038.5743    0  307          - 14038.5743      -     -    1s
     0     0 14038.7032    0  310          - 14038.7032      -     -    1s
     0     0 14258.3686    0  319          - 14258.3686      -     -    1s
     0     0 14362.4577    0  333          - 14362.4577      -     -    1s
     0     0 14365.1859    0  334          - 14365.1859      -     -    1s
     0     0 14365.5500    0  351          - 14365.5500      -     -    1s
     0     0 14456.4769    0  362          - 14456.4769      -     -    2s
     0     0 14460.3123    0  404          - 14460.3123      -     -    2s
     0     0 14464.4410    0  397          - 14464.4410      -     -    2s
     0     0 14466.4505    0  426          - 14466.4505      -     -    2s
     0     0 14467.1609    0  434          - 14467.1609      -     -    3s
     0     0 14544.5741    0  395          - 14544.5741      -     -    3s
     0     0 14564.4812    0  385          - 14564.4812      -     -    3s
     0     0 14565.3827    0  432          - 14565.3827      -     -    3s
     0     0 14579.4087    0  380          - 14579.4087      -     -    4s
     0     0 14581.1092    0  449          - 14581.1092      -     -    4s
     0     0 14581.6307    0  483          - 14581.6307      -     -    4s
     0     0 14594.6864    0  474          - 14594.6864      -     -    4s
     0     0 14599.6642    0  436          - 14599.6642      -     -    4s
     0     0 14604.0988    0  456          - 14604.0988      -     -    5s
     0     0 14614.2847    0  462          - 14614.2847      -     -    5s
     0     0 14623.4305    0  420          - 14623.4305      -     -    5s
     0     0 14630.0644    0  447          - 14630.0644      -     -    5s
     0     0 14630.2216    0  401          - 14630.2216      -     -    5s
     0     0 14645.5857    0  439          - 14645.5857      -     -    5s
     0     0 14650.0465    0  454          - 14650.0465      -     -    5s
     0     0 14652.4551    0  448          - 14652.4551      -     -    6s
     0     0 14652.6640    0  503          - 14652.6640      -     -    6s
     0     0 14657.3266    0  450          - 14657.3266      -     -    6s
     0     0 14669.5788    0  454          - 14669.5788      -     -    7s
     0     2 14703.8730    0  407          - 14703.8730      -     -   10s
    30    34 14827.5065    9  339          - 14777.7115      -   793   15s
    67    72 15069.8133   20  353          - 14777.7115      -   738   20s
   126   136 15526.8591   40  255          - 14777.7115      -   573   25s
   270   301 16863.6641  106  184          - 14777.7115      -   359   30s
   401   397 15027.0144    8  491          - 14777.7115      -   289   35s
   496   517 15078.8983   11  509          - 14777.7115      -   263   40s
   699   649 15268.1458   15  520          - 14777.7115      -   215   45s
   729   672 18873.9379  153  241          - 14777.7115      -   219   50s
   745   683 22129.1294  246  709          - 14870.0569      -   214   55s
   755   689 15365.0804   24  653          - 14894.8042      -   211   62s
   758   694 14896.5025   16  687          - 14896.3422      -   236   69s
   760   696 14912.0201   17  585          - 14911.5946      -   238   73s
   764   698 14945.9286   18  506          - 14914.9648      -   240   75s
   783   712 14974.2249   22  519          - 14928.2347      -   249   80s
   820   740 15091.7616   32  478          - 14928.2347      -   263   85s
   858   764 15127.3630   43  375          - 14928.2347      -   270   90s
   906   805 15341.9735   58  337          - 14928.2347      -   277   95s
   981   866 15702.3087   74  332          - 14928.2347      -   278  100s
  1093   941 15807.6975   92  246          - 14928.2347      -   270  105s
  1218  1035 16008.6287  114  250          - 14928.2347      -   264  111s
  1319  1107 16210.2070  132  285          - 14928.2347      -   260  115s
  1456  1228 16422.4623  153  278          - 14928.2347      -   253  121s
  1536  1231 16512.3725  160  281          - 14928.2347      -   246  125s
  1643  1243 infeasible  190               - 14928.2347      -   247  131s
  1692  1294 infeasible  212               - 14928.2347      -   248  135s
  1804  1377 18198.2431  263  146          - 14963.2578      -   246  143s
  1883  1358 15076.3594   19  624          - 14963.2578      -   243  146s
  1907  1376 15099.7799   31  472          - 14963.2578      -   248  150s
  1926  1394 15258.5023   33  406          - 14963.2578      -   255  155s
  1954  1417 15264.8604   42  397          - 14963.2578      -   262  160s
  2015  1458 15722.8241   58  354          - 14963.2578      -   267  167s
  2061  1510 15923.5445   68  295          - 14963.2578      -   271  172s
  2144  1522 15674.8815   69  304          - 14963.2578      -   268  175s
  2187  1545 15089.3196   21  532          - 14963.3628      -   271  180s
  2230  1582 15239.5539   29  392          - 14963.3628      -   276  186s
  2285  1619 15354.4049   37  414          - 14963.3628      -   280  192s
