




arguments: ./build/mirp_solver -f ./input/orig_exec_352.cfg
Current dir: /scratch/gui/bnc_mirp
File verbosity level: 9
date       time         ( uptime  ) [ thread name/id ]                   file:line     v| 
2021-01-23 14:50:56.379 (   0.182s) [main thread     ]             loguru.cpp:789   INFO| Logging to './output/vi_vc/OU/V4/Original/execution_23_01_2021_14_50_56.log', mode: 'a', verbosity: 9
--------------------------------------------------------------------------------
Parameters
                           instance_path           ./input/Instances/Original/4/
                            model_policy                                       1
                             nb_vehicles                                       4
                              output_dir          ./output/vi_vc/OU/V4/Original/
                            sec_strategy                                       1
                       solver_nb_threads                                       2
                         solver_show_log                                    true
                       solver_time_limit                                    3600
                              use_vi_cos                                   false
                              use_vi_cus                                   false
                         use_vi_hc1_full                                   false
                         use_vi_hc1_half                                   false
                      use_vi_hc1_quarter                                   false
                              use_vi_hc2                                   false
                              use_vi_hc3                                   false
                         use_vi_lex_full                                   false
                         use_vi_lex_half                                   false
                      use_vi_lex_quarter                                   false
                              use_vi_qua                                   false
                               use_vi_vc                                    true
                               use_vi_vr                                   false
--------------------------------------------------------------------------------
executing instance: ./input/Instances/Original/4/absH3low_3n30.dat
--------------------------------------------------------------------------------
Instance details
n	31
H	3
C	2841
Li:
[0, 0, 0, 0, 0, 0, 0, 0, 0, 0, 0, 0, 0, 0, 0, 0, 0, 0, 0, 0, 0, 0, 0, 0, 0, 0, 0, 0, 0, 0, 0, ]
Ui:
[0, 246, 98, 54, 144, 171, 192, 180, 165, 98, 122, 198, 297, 144, 130, 129, 219, 138, 142, 150, 108, 66, 64, 285, 180, 204, 276, 168, 240, 198, 122, ]
Distance matrix:
|0	172	56	166	260	198	42	197	296	110	91	112	238	275	323	183	330	232	175	181	162	191	232	280	201	139	356	185	266	216	26	|
|172	0	178	223	320	335	153	355	444	62	231	99	333	376	214	352	176	235	194	106	47	41	353	161	299	175	225	43	326	374	153	|
|56	178	0	110	204	162	93	233	336	125	144	148	187	226	358	180	313	284	123	152	182	185	282	252	256	88	329	177	210	251	42	|
|166	223	110	0	102	150	199	327	431	194	253	237	113	156	431	228	296	386	44	140	248	208	389	218	366	48	287	200	108	344	148	|
|260	320	204	102	0	156	296	391	493	296	340	339	66	90	531	263	362	486	127	226	349	300	469	278	454	148	334	292	6	406	245	|
|198	335	162	150	156	0	239	255	351	286	245	307	93	106	518	111	442	423	194	280	344	335	349	367	352	182	437	327	158	266	199	|
|42	153	93	199	296	239	0	203	296	91	82	76	278	316	284	217	322	191	201	186	133	180	217	281	177	165	356	175	302	222	52	|
|197	355	233	327	391	255	203	0	104	294	125	266	340	361	436	151	524	276	352	377	330	383	109	477	146	319	553	377	395	19	222	|
|296	444	336	431	493	351	296	104	0	384	214	348	440	456	488	241	617	315	456	476	412	475	113	575	176	422	651	470	497	88	322	|
|110	62	125	194	296	286	91	294	384	0	171	55	298	340	238	292	233	210	176	118	58	91	298	201	248	148	273	87	302	313	94	|
|91	231	144	253	340	245	82	125	214	171	0	141	307	339	324	184	403	187	266	266	204	261	140	363	114	230	438	256	346	144	116	|
|112	99	148	237	339	307	76	266	348	55	141	0	332	373	212	292	275	156	225	173	64	137	254	253	200	194	322	135	345	284	108	|
|238	333	187	113	66	93	278	340	440	298	307	332	0	43	536	203	404	469	153	253	354	321	427	322	420	160	385	313	67	353	229	|
|275	376	226	156	90	106	316	361	456	340	339	373	43	0	578	216	443	507	194	295	397	364	453	361	451	203	421	356	88	372	268	|
|323	214	358	431	531	518	284	436	488	238	324	212	536	578	0	498	309	176	407	320	183	245	376	344	312	383	379	251	537	451	319	|
|183	352	180	228	263	111	217	151	241	292	184	292	203	216	498	0	492	371	266	328	345	364	255	426	272	242	501	356	266	159	198	|
|330	176	313	296	362	442	322	524	617	233	403	275	404	443	309	492	0	397	253	164	218	142	529	84	475	260	72	147	367	543	306	|
|232	235	284	386	486	423	191	276	315	210	187	156	469	507	176	371	397	0	379	327	188	276	202	396	139	346	456	277	492	289	242	|
|175	194	123	44	127	194	201	352	456	176	266	225	153	194	407	266	253	379	0	101	225	174	405	174	375	36	244	166	133	370	152	|
|181	106	152	140	226	280	186	377	476	118	266	173	253	295	320	328	164	327	101	0	148	76	403	100	360	98	177	69	232	396	155	|
|162	47	182	248	349	344	133	330	412	58	204	64	354	397	183	345	218	188	225	148	0	89	316	208	259	201	270	90	355	348	149	|
|191	41	185	208	300	335	180	383	475	91	261	137	321	364	245	364	142	276	174	76	89	0	388	119	336	162	185	8	306	402	169	|
|232	353	282	389	469	349	217	109	113	298	140	254	427	453	376	255	529	202	405	403	316	388	0	497	64	369	570	384	474	112	256	|
|280	161	252	218	278	367	281	477	575	201	363	253	322	361	344	426	84	396	174	100	208	119	497	0	449	187	77	119	283	496	255	|
|201	299	256	366	454	352	177	146	176	248	114	200	420	451	312	272	475	139	375	360	259	336	64	449	0	339	521	333	460	156	223	|
|139	175	88	48	148	182	165	319	422	148	230	194	160	203	383	242	260	346	36	98	201	162	369	187	339	0	260	153	154	337	116	|
|356	225	329	287	334	437	356	553	651	273	438	322	385	421	379	501	72	456	244	177	270	185	570	77	521	260	0	187	338	572	331	|
|185	43	177	200	292	327	175	377	470	87	256	135	313	356	251	356	147	277	166	69	90	8	384	119	333	153	187	0	298	396	163	|
|266	326	210	108	6	158	302	395	497	302	346	345	67	88	537	266	367	492	133	232	355	306	474	283	460	154	338	298	0	410	251	|
|216	374	251	344	406	266	222	19	88	313	144	284	353	372	451	159	543	289	370	396	348	402	112	496	156	337	572	396	410	0	241	|
|26	153	42	148	245	199	52	222	322	94	116	108	229	268	319	198	306	242	152	155	149	169	256	255	223	116	331	163	251	241	0	|

--------------------------------------------------------------------------------
Building model...
	using lazy and cut (CVRPSEP package)
Solving IRP LP...
--------------------------------------------------------------------------------

Gurobi 9.1.0 (linux64) logging started Sat Jan 23 14:50:56 2021

Gurobi Optimizer version 9.1.0 build v9.1.0rc0 (linux64)
Thread count: 32 physical cores, 32 logical processors, using up to 2 threads
Optimize a model with 1060 rows, 6436 columns and 15202 nonzeros
Model fingerprint: 0x8b0139cb
Variable types: 484 continuous, 5952 integer (372 binary)
Coefficient statistics:
  Matrix range     [1e+00, 7e+02]
  Objective range  [1e-02, 7e+02]
  Bounds range     [1e+00, 3e+02]
  RHS range        [3e+01, 5e+03]
Presolve removed 124 rows and 31 columns
Presolve time: 0.04s
Presolved: 936 rows, 6405 columns, 14387 nonzeros
Variable types: 453 continuous, 5952 integer (5592 binary)

Root relaxation: objective 2.396539e+03, 1161 iterations, 0.03 seconds

    Nodes    |    Current Node    |     Objective Bounds      |     Work
 Expl Unexpl |  Obj  Depth IntInf | Incumbent    BestBd   Gap | It/Node Time

     0     0 2396.53937    0   94          - 2396.53937      -     -    0s
     0     0 2602.66239    0  118          - 2602.66239      -     -    0s
     0     0 2603.54402    0  115          - 2603.54402      -     -    0s
     0     0 3220.63862    0  152          - 3220.63862      -     -    0s
     0     0 3221.62929    0  183          - 3221.62929      -     -    0s
     0     0 3222.00702    0  172          - 3222.00702      -     -    0s
     0     0 3270.18272    0  220          - 3270.18272      -     -    0s
     0     0 3284.11432    0  205          - 3284.11432      -     -    0s
     0     0 3291.47322    0  209          - 3291.47322      -     -    0s
     0     0 3292.70255    0  191          - 3292.70255      -     -    0s
     0     0 3329.47620    0  215          - 3329.47620      -     -    0s
     0     0 3341.01294    0  226          - 3341.01294      -     -    0s
     0     0 3349.36976    0  224          - 3349.36976      -     -    0s
     0     0 3350.00654    0  218          - 3350.00654      -     -    0s
     0     0 3415.61148    0  206          - 3415.61148      -     -    1s
     0     0 3431.97227    0  205          - 3431.97227      -     -    1s
     0     0 3433.25338    0  210          - 3433.25338      -     -    1s
     0     0 3433.40575    0  217          - 3433.40575      -     -    1s
     0     0 3520.40149    0  299          - 3520.40149      -     -    1s
     0     0 3543.29330    0  296          - 3543.29330      -     -    1s
     0     0 3553.91729    0  322          - 3553.91729      -     -    1s
     0     0 3553.95155    0  323          - 3553.95155      -     -    1s
     0     0 3563.98243    0  277          - 3563.98243      -     -    2s
     0     0 3567.24815    0  290          - 3567.24815      -     -    2s
     0     0 3567.44751    0  317          - 3567.44751      -     -    2s
     0     0 3573.18590    0  232          - 3573.18590      -     -    2s
     0     0 3573.18590    0  234          - 3573.18590      -     -    2s
     0     0 3577.80994    0  219          - 3577.80994      -     -    2s
     0     0 3577.80994    0  181          - 3577.80994      -     -    2s
     0     2 3579.25759    0  171          - 3579.25759      -     -    3s
    46    50 3697.63850   12  138          - 3579.25759      -   194    5s
   145   158 4508.36984   45  170          - 3579.25759      -   287   10s
   499   518 5293.11937  112   98          - 3579.25759      -   143   15s
*  532   518             211    8724.1500000 3579.25759  59.0%   137   15s
   640   618 6507.61951  176   39 8724.15000 3579.25759  59.0%   136   20s
   776   760 7022.31714  249    9 8724.15000 3579.25759  59.0%   124   25s
H  866   762                    8483.6600000 3579.25759  57.8%   125   29s
   867   762 6793.93521  138   85 8483.66000 3579.25759  57.8%   125   30s
   888   776 4908.68229   71  457 8483.66000 3725.40492  56.1%   122   35s
H  892   740                    8278.6600000 3729.69614  54.9%   121   36s
H  899   707                    8212.6600000 3736.48834  54.5%   120   37s
   914   717 3740.94259   13  492 8212.66000 3740.94259  54.4%   118   40s
   935   731 5958.67875  131  543 8212.66000 3746.37169  54.4%   116   45s
   961   748 6430.22138  129  529 8212.66000 3748.00527  54.4%   112   50s
H  970   715                    8203.2700000 3748.85566  54.3%   111   51s
   990   729 4029.55504   30  451 8203.27000 3750.04621  54.3%   127   55s
H  998   698                    8007.2700000 3751.48600  53.1%   126   56s
  1016   710 4596.16923   47  530 8007.27000 3754.83297  53.1%   124   60s
H 1020   675                    7982.2700000 3755.20246  53.0%   124   61s
H 1029   646                    7956.4100000 3755.50541  52.8%   123   63s
  1033   649 3759.91063   14  508 7956.41000 3755.51010  52.8%   122   65s
  1055   668 3854.11937   29  248 7956.41000 3793.09949  52.3%   145   70s
H 1117   677                    7888.7200000 3832.75817  51.4%   160   75s
  1303   829 4328.25657   68  264 7888.72000 3832.75817  51.4%   158   80s
  1494   906 4045.95930   35  260 7888.72000 3832.75817  51.4%   153   85s
* 1569   868             152    5444.3400000 3832.75817  29.6%   149   86s
  1645   892 4015.87909   39  358 5444.34000 3844.15242  29.4%   152   90s
  1793   956 4032.59136   48  178 5444.34000 3844.15242  29.4%   154   95s
  1900  1048 4469.17099   71  121 5444.34000 3844.15242  29.4%   161  100s
  1960  1082 4766.42667   81  116 5444.34000 3844.15242  29.4%   162  107s
  2051  1180 5186.09508  102  105 5444.34000 3844.15242  29.4%   161  110s
  2197  1182 4040.38713   38  363 5444.34000 3849.64424  29.3%   162  115s
  2286  1282 4179.29561   52  238 5444.34000 3849.64424  29.3%   167  120s
  2512  1348 4417.61526   69  198 5444.34000 3849.64424  29.3%   162  126s
  2620  1427 5113.15293   87  124 5444.34000 3849.64424  29.3%   164  132s
  2724  1445 3989.94345   34  311 5444.34000 3861.48280  29.1%   163  136s
  2776  1489 4243.58683   47  370 5444.34000 3861.48280  29.1%   167  141s
  2799  1529 4223.20298   47  301 5444.34000 3861.48280  29.1%   169  149s
  2842  1598 4182.64704   52  360 5444.34000 3861.48280  29.1%   169  152s
  2922  1632 5017.81495   78  111 5444.34000 3861.48280  29.1%   169  155s
  3002  1706 4659.20903   74  246 5444.34000 3861.48280  29.1%   172  161s
  3072  1761 4796.20819   82  269 5444.34000 3861.48280  29.1%   174  166s
H 3139  1760                    5370.3400000 3861.48280  28.1%   176  170s
  3239  1838 4175.14226   38  266 5370.34000 3875.22555  27.8%   178  176s
  3329  1935 4237.44914   38  200 5370.34000 3878.15656  27.8%   178  180s
  3451  2010 4579.17107   41   57 5370.34000 3882.43153  27.7%   178  186s
  3505  2074 4909.36474   52  121 5370.34000 3882.84129  27.7%   178  190s
  3654  2154 5294.61000   78   18 5370.34000 3890.63752  27.6%   177  196s
* 3666  2155              84    5369.6100000 3890.63752  27.5%   177  196s
* 3682  2154              84    5364.4800000 3894.46189  27.4%   178  197s
  3696  2212 4302.21787   29  174 5364.48000 3894.46189  27.4%   179  200s
  3819  2324 5098.84825   50   99 5364.48000 3899.46851  27.3%   179  208s
  3911  2380 4142.10127   34  362 5364.48000 3900.00086  27.3%   178  214s
  3967  2430 4975.13840   65  111 5364.48000 3900.11184  27.3%   178  219s
  4046  2515 4180.09187   46  285 5364.48000 3900.45447  27.3%   178  224s
  4143  2597 4831.91984   75   99 5364.48000 3901.78081  27.3%   177  228s
  4239  2684 4421.11052   54  164 5364.48000 3902.49950  27.3%   176  233s
  4333  2848 5144.61652   96   26 5364.48000 3902.53722  27.3%   175  239s
* 4343  2554             102    5175.6100000 3902.53722  24.6%   175  239s
  4383  2554 4608.18548   69   56 5175.61000 3903.24845  24.6%   175  240s
  4598  2596 4089.38200   31  322 5175.61000 3905.51772  24.5%   173  250s
  4658  2703 4353.68361   45  141 5175.61000 3905.51772  24.5%   176  259s
  4754  2794 4567.32014   65   25 5175.61000 3907.39311  24.5%   176  264s
  4857  2796 5081.17539   77   36 5175.61000 3916.49270  24.3%   176  265s
  4871  2815 4132.07100   30  302 5175.61000 3916.49270  24.3%   176  270s
  4901  2841 4331.53108   40  300 5175.61000 3916.49270  24.3%   179  275s
  4992  3017 4423.36367   44  234 5175.61000 3916.49270  24.3%   180  285s
  5123  3085 4803.02149   59  197 5175.61000 3919.81775  24.3%   180  291s
  5220  3137 4773.18621   44  158 5175.61000 3925.49853  24.2%   180  297s
H 5269  2530                    4917.6100000 3925.49853  20.2%   180  297s
  5286  2556 4209.30238   36  321 4917.61000 3925.66138  20.2%   181  305s
  5354  2654 4106.10393   31  390 4917.61000 3926.92948  20.1%   182  311s
  5479  2692 4224.80777   31  282 4917.61000 3930.21223  20.1%   182  318s
  5517  2727 4296.83696   39  288 4917.61000 3930.21223  20.1%   183  324s
  5564  2841 4384.05546   44  404 4917.61000 3930.21223  20.1%   185  330s
  5687  2934 4751.32966   59  189 4917.61000 3934.76333  20.0%   186  338s
H 5845  2939                    4912.6100000 3939.86437  19.8%   185  346s
H 5845  2698                    4836.6100000 3939.86437  18.5%   185  346s
  5863  2746 4376.43366   38  411 4836.61000 3939.91299  18.5%   186  353s
  5929  2802 4152.08679   34  380 4836.61000 3941.43478  18.5%   188  360s
H 5962  2773                    4829.3400000 3941.43478  18.4%   188  360s
  6003  2841 4809.14613   67  245 4829.34000 3942.70891  18.4%   189  367s
  6095  2912 4271.96933   39  308 4829.34000 3944.53347  18.3%   190  375s
  6191  3006 4652.79202   54  145 4829.34000 3947.37118  18.3%   191  386s
  6328  3090 4535.44059   46  239 4829.34000 3950.92175  18.2%   191  394s
  6443  3190 4807.19683   60  112 4829.34000 3952.41794  18.2%   192  402s
  6559  3277 4617.68677   55   89 4829.34000 3953.98401  18.1%   193  411s
  6709  3374 4673.18960   39   78 4829.34000 3958.78310  18.0%   193  419s
  6868  3425     cutoff   75      4829.34000 3962.00582  18.0%   192  428s
  6948  3526 4391.33349   52  171 4829.34000 3968.01859  17.8%   193  437s
  7098  3571 4302.70690   38  182 4829.34000 3969.89505  17.8%   193  445s
  7143  3647 4588.62837   45  336 4829.34000 3970.32288  17.8%   195  453s
  7239  3711 4281.00124   44  405 4829.34000 3971.92632  17.8%   197  462s
  7353  3771     cutoff   63      4829.34000 3974.20828  17.7%   199  474s
  7421  3873 4507.96236   52  197 4829.34000 3975.40333  17.7%   201  485s
  7591  3995 4448.70857   37  251 4829.34000 3976.68425  17.7%   202  496s
  7749  4164 4407.81843   48  284 4829.34000 3977.83917  17.6%   202  508s
  7963  4304 4807.18847   52  131 4829.34000 3980.93126  17.6%   202  520s
  8176  4410 4198.38874   41  288 4829.34000 3983.74239  17.5%   201  531s
  8301  4505     cutoff   66      4829.34000 3985.40917  17.5%   202  542s
  8449  4632 4290.45466   38  232 4829.34000 3987.23896  17.4%   203  553s
  8612  4686 4800.52910   66  222 4829.34000 3989.47729  17.4%   204  566s
  8678  4814 4445.80889   42  213 4829.34000 3989.88503  17.4%   206  577s
  8860  4894 4327.18102   36  352 4829.34000 3990.27739  17.4%   206  588s
  8970  5048 4822.06665   55  186 4829.34000 3991.19704  17.4%   208  600s
H 9107  4325                    4734.3400000 3996.60714  15.6%   207  600s
  9203  4409 4487.98713   45  213 4734.34000 3998.17158  15.5%   207  612s
  9376  4496 4512.48373   46  287 4734.34000 4000.78036  15.5%   207  623s
  9527  4580 4111.31597   40  267 4734.34000 4007.42490  15.4%   208  634s
  9660  4686 4546.57839   41  242 4734.34000 4010.13034  15.3%   209  646s
  9810  4744 4364.47123   47  217 4734.34000 4011.71426  15.3%   209  699s
H 9899  4592                    4717.3400000 4011.71426  15.0%   210  699s
  9900  4653 4646.87228   56  247 4717.34000 4011.76619  15.0%   210  711s
 10034  4786 4381.75451   46  294 4717.34000 4012.41332  14.9%   212  724s
 10163  4786 4526.15118   55  340 4717.34000 4016.33872  14.9%   211  725s
 10261  4861 4508.58212   54  273 4717.34000 4016.40552  14.9%   211  736s
 10488  4944 4345.64686   41  237 4717.34000 4017.68364  14.8%   211  751s
 10617  5074 4504.18937   65  255 4717.34000 4019.96559  14.8%   212  763s
 10798  5162 4469.16224   51  131 4717.34000 4024.35930  14.7%   212  776s
 10953  5243 4280.79612   38  422 4717.34000 4026.22337  14.7%   213  788s
 11077  5313 4695.54190   61  160 4717.34000 4027.28134  14.6%   215  800s
 11185  5421 4712.53152   56  156 4717.34000 4031.71624  14.5%   216  813s
 11358  5536 4221.72073   41  183 4717.34000 4034.41461  14.5%   217  826s
 11529  5677 4504.22338   45  109 4717.34000 4037.56005  14.4%   218  840s
 11731  5739 4660.97261   62  120 4717.34000 4039.37828  14.4%   218  853s
 11878  5892 4232.71680   36  197 4717.34000 4042.81250  14.3%   219  866s
 12095  5968 4557.57327   55  111 4717.34000 4045.99582  14.2%   219  879s
 12257  5968 4674.94820   50   96 4717.34000 4047.97842  14.2%   219  880s
 12270  6061     cutoff   48      4717.34000 4048.82064  14.2%   219  892s
 12409  6149 4621.20114   50  246 4717.34000 4050.95413  14.1%   219  911s
 12568  6235 4148.21561   33  353 4717.34000 4054.01037  14.1%   220  924s
 12708  6360 4216.81285   38  344 4717.34000 4055.67040  14.0%   221  937s
 12886  6486 4638.37475   47  273 4717.34000 4057.45847  14.0%   221  951s
 13057  6602 4432.14848   57  251 4717.34000 4060.48372  13.9%   222  965s
 13245  6674 4580.64391   52  161 4717.34000 4067.30109  13.8%   222  978s
 13363  6781 4251.85091   35  112 4717.34000 4069.73185  13.7%   223  991s
 13532  6934 4670.11631   59  135 4717.34000 4070.23735  13.7%   223 1005s
 13758  7042 4168.78469   32  214 4717.34000 4073.95725  13.6%   223 1018s
 13924  7161 4430.82856   42  216 4717.34000 4075.46500  13.6%   224 1031s
 14125  7268 4480.32041   46  249 4717.34000 4078.15803  13.5%   224 1044s
 14216  7268 4416.73016   41  261 4717.34000 4080.01448  13.5%   224 1045s
 14295  7392 4613.24456   56  178 4717.34000 4080.32544  13.5%   224 1058s
 14478  7537 4310.44045   42  246 4717.34000 4081.11496  13.5%   225 1072s
 14667  7689 4280.52121   37  319 4717.34000 4083.52458  13.4%   225 1086s
 14920  7763 4337.65872   46  197 4717.34000 4086.55007  13.4%   225 1099s
 14994  7859     cutoff   60      4717.34000 4086.66368  13.4%   226 1113s
 15157  7928 4439.24909   43  408 4717.34000 4087.32686  13.4%   227 1126s
 15272  8006 4400.78356   39  355 4717.34000 4088.84819  13.3%   228 1141s
 15403  8105 4526.72735   40  137 4717.34000 4089.58923  13.3%   228 1154s
 15554  8229 4433.14384   46  148 4717.34000 4091.55572  13.3%   229 1168s
 15740  8405 4437.32485   40  253 4717.34000 4092.54448  13.2%   229 1182s
 15985  8508 4676.77534   65   35 4717.34000 4094.26908  13.2%   229 1196s
 16155  8651 4370.92918   40  176 4717.34000 4095.33036  13.2%   229 1210s
 16360  8729 4638.08001   46  232 4717.34000 4095.47700  13.2%   229 1223s
 16496  8857 4407.44515   43  252 4717.34000 4096.20419  13.2%   229 1237s
 16679  8961 4629.00803   55  124 4717.34000 4096.57276  13.2%   230 1251s
 16867  9058 4220.19073   35  363 4717.34000 4098.49819  13.1%   230 1265s
 17010  9177 4672.25670   47  146 4717.34000 4100.01148  13.1%   231 1278s
 17208  9280 4379.24553   36  174 4717.34000 4101.25111  13.1%   231 1292s
 17395  9435 4205.83713   37  148 4717.34000 4103.01420  13.0%   231 1306s
 17621  9565 4554.84549   39  232 4717.34000 4104.74057  13.0%   231 1320s
 17815  9654 4407.90757   35  322 4717.34000 4105.54491  13.0%   231 1334s
 17986  9742 4319.65495   41  364 4717.34000 4106.96018  12.9%   231 1347s
 18105  9825 4635.91263   64  240 4717.34000 4107.83037  12.9%   232 1361s
 18263  9966 4539.35815   53  246 4717.34000 4109.04060  12.9%   232 1375s
 18464 10082 4531.81301   54  243 4717.34000 4110.32581  12.9%   233 1389s
 18667 10201 4514.53678   58  135 4717.34000 4112.29371  12.8%   233 1403s
 18855 10400 4571.11718   52  262 4717.34000 4113.23202  12.8%   233 1418s
 19143 10510 4290.74220   45  373 4717.34000 4115.22118  12.8%   232 1432s
 19307 10638 4268.50709   44  139 4717.34000 4115.99509  12.7%   232 1446s
 19515 10733     cutoff   60      4717.34000 4116.50625  12.7%   232 1459s
 19601 10733 4663.53451   61  231 4717.34000 4119.39075  12.7%   232 1460s
 19675 10863     cutoff   57      4717.34000 4119.39646  12.7%   233 1474s
 19724 10863 4499.16927   52  138 4717.34000 4119.39646  12.7%   233 1475s
 19866 10972 4518.35321   54  245 4717.34000 4119.71899  12.7%   233 1489s
 20062 11095 4311.50196   32  270 4717.34000 4121.78831  12.6%   233 1503s
 20264 11213 4199.81263   45  269 4717.34000 4122.73696  12.6%   233 1517s
 20480 11302     cutoff   50      4717.34000 4124.91356  12.6%   233 1531s
 20618 11451 4502.79952   52  160 4717.34000 4125.51214  12.5%   234 1545s
 20855 11592 4400.18836   41  150 4717.34000 4127.76007  12.5%   233 1559s
 21073 11672 4423.08575   36  426 4717.34000 4130.32537  12.4%   233 1573s
 21207 11799 4505.92697   39  387 4717.34000 4130.87513  12.4%   234 1586s
 21443 11934 4599.64646   58  109 4717.34000 4131.93412  12.4%   234 1601s
 21671 12077 4486.09185   45  265 4717.34000 4132.81158  12.4%   233 1615s
 21856 12160     cutoff   61      4717.34000 4133.90521  12.4%   234 1629s
 22036 12265     cutoff   44      4717.34000 4134.76319  12.3%   234 1643s
 22233 12350 4312.77021   34  298 4717.34000 4135.95500  12.3%   234 1657s
 22400 12452 4584.63248   43  215 4717.34000 4136.71061  12.3%   234 1671s
 22568 12484 4665.92521   70  193 4717.34000 4137.13663  12.3%   235 1692s
 22622 12620 4550.21579   49  197 4717.34000 4137.51320  12.3%   235 1706s
 22823 12800 4695.29440   65  104 4717.34000 4137.90000  12.3%   235 1721s
 23095 12915 4659.50527   58  174 4717.34000 4139.90792  12.2%   234 1736s
 23294 13050 4679.46389   42  176 4717.34000 4142.10166  12.2%   234 1753s
 23510 13212 4673.43466   51  113 4717.34000 4142.43270  12.2%   235 1768s
 23806 13319 4707.46014   69   70 4717.34000 4143.18586  12.2%   234 1782s
 23989 13406 4234.31165   36  200 4717.34000 4144.59284  12.1%   234 1796s
 24190 13510 4358.57742   48  244 4717.34000 4147.06830  12.1%   234 1810s
 24360 13678 4397.62812   41  390 4717.34000 4147.29503  12.1%   235 1827s
 24619 13763 4395.22890   46  168 4717.34000 4148.22575  12.1%   234 1841s
 24791 13964 4417.43971   40  150 4717.34000 4148.97050  12.0%   235 1856s
 25126 14065 4650.39786   55  150 4717.34000 4150.00433  12.0%   234 1871s
 25305 14172 4256.80880   47  332 4717.34000 4150.70460  12.0%   234 1885s
 25503 14264 4340.28504   35  363 4717.34000 4151.98543  12.0%   234 1900s
 25645 14409 4446.39182   49  376 4717.34000 4152.40105  12.0%   234 1914s
 25859 14505 4447.29148   51  152 4717.34000 4152.87424  12.0%   234 1928s
 26011 14603 4529.73265   41  355 4717.34000 4153.44658  12.0%   235 1942s
 26159 14769 4378.92138   55  265 4717.34000 4153.78365  11.9%   235 1956s
 26432 14904 4336.09149   41  325 4717.34000 4154.52570  11.9%   235 1970s
 26628 15024 4415.53864   56  140 4717.34000 4155.17102  11.9%   235 1984s
 26815 15137 4495.20831   49  203 4717.34000 4155.88772  11.9%   235 1997s
 27006 15254 4625.12067   56  183 4717.34000 4156.34008  11.9%   235 2011s
 27176 15358     cutoff   44      4717.34000 4157.72236  11.9%   235 2025s
 27363 15438 4692.27846   58   79 4717.34000 4158.12884  11.9%   235 2039s
 27497 15551 4512.56593   37  249 4717.34000 4158.81689  11.8%   236 2055s
 27666 15733 4360.72620   34  152 4717.34000 4160.67272  11.8%   236 2070s
 27925 15872 4594.34879   50   95 4717.34000 4161.08212  11.8%   236 2084s
 28144 15973 4341.24523   40  194 4717.34000 4162.13120  11.8%   236 2098s
 28324 16126 4595.82380   43  242 4717.34000 4163.06487  11.7%   236 2113s
 28567 16244 4406.16732   42  213 4717.34000 4164.39361  11.7%   235 2127s
 28730 16370 4511.01429   47  171 4717.34000 4165.01973  11.7%   236 2141s
 28940 16513 4625.19068   59   29 4717.34000 4165.46733  11.7%   236 2155s
 29169 16684 4639.98833   59   16 4717.34000 4165.72878  11.7%   236 2170s
 29422 16775 4427.92938   37  306 4717.34000 4166.46299  11.7%   235 2187s
 29572 16923 4463.02774   59  301 4717.34000 4166.91470  11.7%   236 2201s
 29789 17014 4653.61531   53  216 4717.34000 4167.99318  11.6%   236 2215s
 29956 17124 4339.07508   40  290 4717.34000 4168.50169  11.6%   236 2229s
 30167 17245     cutoff   59      4717.34000 4168.95012  11.6%   236 2244s
 30320 17247 4579.95389   45  130 4717.34000 4169.05181  11.6%   236 2245s
 30366 17362 4649.87933   64  226 4717.34000 4169.11340  11.6%   236 2262s
 30562 17490 4516.94707   62  108 4717.34000 4170.10605  11.6%   236 2276s
 30787 17610     cutoff   72      4717.34000 4170.93995  11.6%   236 2290s
 30969 17730 4353.96602   45  248 4717.34000 4171.25601  11.6%   236 2305s
 31174 17895 4492.06810   58  279 4717.34000 4172.11031  11.6%   236 2319s
 31243 17895 4630.97468   80   32 4717.34000 4172.11031  11.6%   236 2320s
 31446 17984 4304.92199   33  395 4717.34000 4173.01490  11.5%   236 2335s
 31594 18068 4310.83819   60  389 4717.34000 4173.68877  11.5%   236 2348s
 31732 18182 4355.67891   40  274 4717.34000 4174.20207  11.5%   236 2362s
 31917 18254     cutoff   50      4717.34000 4174.57600  11.5%   236 2376s
 32065 18384 4543.03425   39  283 4717.34000 4174.97107  11.5%   237 2390s
 32282 18538     cutoff   67      4717.34000 4175.42303  11.5%   237 2405s
 32509 18655 4553.84484   48  198 4717.34000 4176.38291  11.5%   237 2420s
 32695 18825 4184.91874   41  368 4717.34000 4176.78088  11.5%   237 2435s
 32968 18939     cutoff   82      4717.34000 4177.73481  11.4%   236 2449s
 33171 19025 4387.91809   52  302 4717.34000 4178.25351  11.4%   236 2463s
 33345 19134 4467.32503   53  292 4717.34000 4178.81824  11.4%   237 2559s
 33432 19134 4698.66400   69  171 4717.34000 4179.09294  11.4%   237 2560s
 33519 19221 4648.16647   50  118 4717.34000 4179.13826  11.4%   237 2574s
 33721 19377 4313.96440   39  368 4717.34000 4180.09187  11.4%   237 2590s
 33931 19529 4463.13605   51  106 4717.34000 4180.41627  11.4%   237 2605s
 34215 19657 4544.62479   42  177 4717.34000 4180.90803  11.4%   236 2620s
 34441 19769 4536.89590   47  197 4717.34000 4181.60724  11.4%   236 2634s
 34530 19769 4643.91409   64  283 4717.34000 4181.60724  11.4%   236 2635s
 34654 19890 4583.13792   53  269 4717.34000 4182.44329  11.3%   236 2650s
 34883 19962 4299.26575   48  339 4717.34000 4182.85178  11.3%   236 2664s
 35020 20065 4342.28535   43  362 4717.34000 4183.69350  11.3%   237 2677s
 35202 20228 4630.60422   57  169 4717.34000 4184.69603  11.3%   237 2693s
 35442 20340 4470.98366   40  336 4717.34000 4185.00636  11.3%   237 2707s
 35641 20459 4518.94831   38  379 4717.34000 4185.43223  11.3%   237 2722s
 35836 20564 4482.17000   44  289 4717.34000 4186.38882  11.3%   237 2737s
 36000 20694 4676.98449   52  161 4717.34000 4186.98518  11.2%   237 2751s
 36227 20810 4648.18751   68  155 4717.34000 4187.49245  11.2%   237 2765s
 36406 20937 4490.57762   51  128 4717.34000 4187.96224  11.2%   237 2781s
 36617 21049 4411.41783   35  112 4717.34000 4188.96778  11.2%   237 2795s
 36862 21230 4330.29790   41  163 4717.34000 4189.65519  11.2%   237 2811s
 37153 21447 4626.53015   73  144 4717.34000 4189.81302  11.2%   237 2826s
 37488 21610 4683.64350   59   82 4717.34000 4190.28088  11.2%   236 2843s
 37784 21725 4351.62111   39  140 4717.34000 4190.88443  11.2%   235 2862s
 37976 21876 4594.07472   52  216 4717.34000 4191.26409  11.2%   236 2877s
 38249 22000 4650.79993   76   23 4717.34000 4191.87923  11.1%   235 2892s
 38497 22162 4269.79556   36  148 4717.34000 4192.33573  11.1%   235 2907s
 38765 22297 4561.99310   48  209 4717.34000 4193.08611  11.1%   235 2922s
 39010 22414 4499.42058   49  244 4717.34000 4193.81759  11.1%   235 2936s
 39194 22525 4547.24261   47  196 4717.34000 4194.18463  11.1%   235 2951s
 39363 22723 4473.11849   41  203 4717.34000 4194.58351  11.1%   235 2966s
 39651 22816 4705.84389   51  214 4717.34000 4194.79628  11.1%   235 2981s
 39829 22932 4364.54952   33  283 4717.34000 4195.45908  11.1%   235 2996s
 40039 23056 4567.14656   45  253 4717.34000 4195.87309  11.1%   235 3011s
 40253 23141 4358.91154   63  331 4717.34000 4196.31736  11.0%   235 3025s
 40413 23223 4531.25326   69  290 4717.34000 4196.65373  11.0%   235 3039s
 40572 23322     cutoff   54      4717.34000 4196.93014  11.0%   235 3053s
 40744 23455 4459.48558   40  251 4717.34000 4197.64127  11.0%   235 3068s
 40981 23570 4366.61328   40  180 4717.34000 4198.64409  11.0%   235 3082s
 41192 23685 4281.73335   42  338 4717.34000 4199.29717  11.0%   235 3097s
 41366 23855 4622.78851   39  336 4717.34000 4199.58490  11.0%   236 3112s
 41621 23930 4450.96267   50  320 4717.34000 4200.33175  11.0%   235 3126s
 41750 24036     cutoff   65      4717.34000 4200.73230  11.0%   236 3140s
 41928 24107 4320.96909   33  365 4717.34000 4201.46628  10.9%   236 3154s
 42042 24222 4561.92940   45  197 4717.34000 4201.57108  10.9%   236 3168s
 42220 24328 4648.97448   62  238 4717.34000 4202.14993  10.9%   236 3184s
 42408 24399 4422.69973   35  393 4717.34000 4202.58736  10.9%   237 3199s
 42527 24536 4552.63125   40  302 4717.34000 4202.81100  10.9%   237 3214s
 42718 24536 4636.19496   60   73 4717.34000 4203.02447  10.9%   237 3215s
 42744 24671 4422.99395   46  232 4717.34000 4203.12100  10.9%   237 3228s
 42951 24915 4529.84861   47  131 4717.34000 4203.68581  10.9%   237 3244s
 43106 24915 4425.35154   54   43 4717.34000 4203.68581  10.9%   237 3245s
 43291 25006 4383.82167   35  186 4717.34000 4204.25831  10.9%   236 3259s
 43373 25006 4451.78593   52  122 4717.34000 4204.52252  10.9%   236 3260s
 43465 25084 4636.87564   59  254 4717.34000 4204.62351  10.9%   236 3274s
 43624 25166 4266.03380   36  328 4717.34000 4205.16496  10.9%   237 3288s
 43829 25306 4338.85242   37  185 4717.34000 4205.64761  10.8%   237 3303s
 44062 25470 4637.24150   68   33 4717.34000 4205.88478  10.8%   236 3318s
 44305 25538 4652.08062   49   85 4717.34000 4206.60561  10.8%   236 3332s
 44450 25632     cutoff   55      4717.34000 4206.89760  10.8%   236 3347s
 44627 25716 4358.90830   43  417 4717.34000 4207.35734  10.8%   237 3361s
 44795 25818 4480.22101   33  227 4717.34000 4207.61400  10.8%   237 3375s
 44974 25938 4557.98827   46  188 4717.34000 4207.69929  10.8%   237 3390s
 45216 26047 4532.06781   54  311 4717.34000 4208.33250  10.8%   237 3405s
 45446 26162 4504.56471   42  365 4717.34000 4208.77721  10.8%   237 3420s
 45640 26277 4518.94989   36  177 4717.34000 4209.32167  10.8%   237 3435s
 45807 26365 4594.91464   45  237 4717.34000 4209.47300  10.8%   237 3449s
 46026 26478 4287.06434   48  239 4717.34000 4210.41528  10.7%   237 3464s
 46196 26478 4617.16231   61  139 4717.34000 4210.92275  10.7%   237 3465s
 46224 26641 4479.22633   39  125 4717.34000 4210.92877  10.7%   237 3480s
 46531 26769 4275.36529   37  211 4717.34000 4211.53543  10.7%   237 3495s
 46739 26905 4434.76212   44  295 4717.34000 4211.75338  10.7%   237 3510s
 46956 27016     cutoff   69      4717.34000 4211.83896  10.7%   237 3524s
 47156 27131     cutoff   60      4717.34000 4212.28117  10.7%   237 3539s
 47276 27131 4665.04949   62   45 4717.34000 4212.28117  10.7%   237 3540s
 47394 27246 4467.30269   37  177 4717.34000 4213.12154  10.7%   237 3554s
 47524 27246 4308.39611   34  365 4717.34000 4213.39984  10.7%   237 3555s
 47614 27384 4407.86569   44  263 4717.34000 4213.46889  10.7%   237 3570s
 47874 27450 4497.76628   46  289 4717.34000 4213.88423  10.7%   237 3584s
 48026 27548 4234.89986   36  260 4717.34000 4214.43288  10.7%   237 3598s
 48167 27550 4607.62564   38  228 4717.34000 4214.43490  10.7%   237 3600s

Cutting planes:
  User: 4447
  Gomory: 23
  Cover: 326
  Implied bound: 28
  Projected implied bound: 34
  MIR: 92
  Flow cover: 340
  Zero half: 2
  RLT: 211
  Relax-and-lift: 11
  Lazy constraints: 853

Explored 48169 nodes (11426474 simplex iterations) in 3600.01 seconds
Thread count was 2 (of 32 available processors)

Solution count 10: 4717.34 4734.34 4829.34 ... 5370.34

Time limit reached
Best objective 4.717340000000e+03, best bound 4.214434904335e+03, gap 10.6608%

User-callback calls 335513, time in user-callback 214.48 sec
================================================================================
executing instance: ./input/Instances/Original/4/absH3low_3n10.dat
--------------------------------------------------------------------------------
Instance details
n	11
H	3
C	687
Li:
[0, 0, 0, 0, 0, 0, 0, 0, 0, 0, 0, ]
Ui:
[0, 189, 44, 174, 78, 36, 198, 117, 42, 96, 240, ]
Distance matrix:
|0	209	255	286	142	156	285	317	182	161	135	|
|209	0	464	451	315	356	490	469	361	299	260	|
|255	464	0	221	202	130	74	280	189	254	273	|
|286	451	221	0	145	156	164	479	354	153	192	|
|142	315	202	145	0	73	194	388	250	53	73	|
|156	356	130	156	73	0	134	332	200	127	144	|
|285	490	74	164	194	134	0	353	256	239	267	|
|317	469	280	479	388	332	353	0	141	436	430	|
|182	361	189	354	250	200	256	141	0	296	289	|
|161	299	254	153	53	127	239	436	296	0	39	|
|135	260	273	192	73	144	267	430	289	39	0	|

--------------------------------------------------------------------------------
Building model...
	using lazy and cut (CVRPSEP package)
Solving IRP LP...
--------------------------------------------------------------------------------

Gurobi 9.1.0 (linux64) logging started Sat Jan 23 15:50:57 2021

Gurobi Optimizer version 9.1.0 build v9.1.0rc0 (linux64)
Thread count: 32 physical cores, 32 logical processors, using up to 2 threads
Optimize a model with 380 rows, 956 columns and 2702 nonzeros
Model fingerprint: 0xa123040e
Variable types: 164 continuous, 792 integer (132 binary)
Coefficient statistics:
  Matrix range     [1e+00, 2e+02]
  Objective range  [1e-02, 5e+02]
  Bounds range     [1e+00, 2e+02]
  RHS range        [2e+01, 1e+03]
Presolve removed 44 rows and 11 columns
Presolve time: 0.01s
Presolved: 336 rows, 945 columns, 2427 nonzeros
Variable types: 153 continuous, 792 integer (672 binary)

Root relaxation: objective 1.746329e+03, 606 iterations, 0.02 seconds

    Nodes    |    Current Node    |     Objective Bounds      |     Work
 Expl Unexpl |  Obj  Depth IntInf | Incumbent    BestBd   Gap | It/Node Time

     0     0 1746.32912    0   62          - 1746.32912      -     -    0s
H    0     0                    4604.7500000 1746.32912  62.1%     -    0s
     0     0 2108.25830    0   56 4604.75000 2108.25830  54.2%     -    0s
     0     0 2235.03491    0   73 4604.75000 2235.03491  51.5%     -    0s
     0     0 2240.04310    0   77 4604.75000 2240.04310  51.4%     -    0s
     0     0 2240.46576    0   76 4604.75000 2240.46576  51.3%     -    0s
     0     0 2347.97896    0  125 4604.75000 2347.97896  49.0%     -    0s
H    0     0                    4507.8700000 2347.97896  47.9%     -    0s
H    0     0                    3781.6500000 2347.97896  37.9%     -    0s
     0     0 2353.18036    0  126 3781.65000 2353.18036  37.8%     -    0s
     0     0 2353.28004    0  124 3781.65000 2353.28004  37.8%     -    0s
     0     0 2507.47792    0  125 3781.65000 2507.47792  33.7%     -    0s
H    0     0                    3760.6500000 2507.47792  33.3%     -    0s
     0     0 2528.64925    0  138 3760.65000 2528.64925  32.8%     -    0s
     0     0 2528.83318    0  139 3760.65000 2528.83318  32.8%     -    0s
     0     0 2565.19947    0  146 3760.65000 2565.19947  31.8%     -    0s
H    0     0                    3631.7100000 2565.19947  29.4%     -    0s
     0     0 2575.07696    0  157 3631.71000 2575.07696  29.1%     -    0s
     0     0 2577.97232    0  156 3631.71000 2577.97232  29.0%     -    0s
     0     0 2578.17501    0  166 3631.71000 2578.17501  29.0%     -    0s
     0     0 2653.36103    0  140 3631.71000 2653.36103  26.9%     -    0s
     0     0 2669.38709    0  129 3631.71000 2669.38709  26.5%     -    0s
     0     0 2673.02945    0   94 3631.71000 2673.02945  26.4%     -    0s
     0     0 2673.02945    0   95 3631.71000 2673.02945  26.4%     -    0s
     0     0 2677.92804    0  132 3631.71000 2677.92804  26.3%     -    0s
H    0     0                    3621.7100000 2677.92804  26.1%     -    0s
     0     0 2677.95106    0  120 3621.71000 2677.95106  26.1%     -    0s
     0     0 2681.62891    0  139 3621.71000 2681.62891  26.0%     -    0s
     0     0 2681.62891    0  139 3621.71000 2681.62891  26.0%     -    0s
     0     2 2681.71690    0  121 3621.71000 2681.71690  26.0%     -    0s
H   66    70                    3336.1000000 2727.49516  18.2%   110    1s
H   95    89                    3111.1000000 2727.49516  12.3%  91.8    1s
  1212   208     cutoff   12      3111.10000 2931.10968  5.79%  70.2    5s

Cutting planes:
  User: 196
  Gomory: 6
  Cover: 152
  Implied bound: 29
  Clique: 4
  MIR: 94
  StrongCG: 3
  Flow cover: 162
  Inf proof: 3
  Zero half: 2
  Network: 3
  RLT: 128
  Relax-and-lift: 9
  Lazy constraints: 25

Explored 1856 nodes (114164 simplex iterations) in 6.22 seconds
Thread count was 2 (of 32 available processors)

Solution count 8: 3111.1 3336.1 3621.71 ... 4604.75

Optimal solution found (tolerance 1.00e-04)
Best objective 3.111100000000e+03, best bound 3.111100000000e+03, gap 0.0000%

User-callback calls 4878, time in user-callback 0.71 sec
================================================================================
executing instance: ./input/Instances/Original/4/absH3low_3n15.dat
