




arguments: ./build/mirp_solver -f ./input/orig_exec_339.cfg
Current dir: /scratch/gui/bnc_mirp
File verbosity level: 9
date       time         ( uptime  ) [ thread name/id ]                   file:line     v| 
2021-01-23 12:28:01.228 (   0.135s) [main thread     ]             loguru.cpp:789   INFO| Logging to './output/vi_vc/OU/V4/Original/execution_23_01_2021_12_28_01.log', mode: 'a', verbosity: 9
--------------------------------------------------------------------------------
Parameters
                           instance_path           ./input/Instances/Original/3/
                            model_policy                                       1
                             nb_vehicles                                       4
                              output_dir          ./output/vi_vc/OU/V4/Original/
                            sec_strategy                                       1
                       solver_nb_threads                                       2
                         solver_show_log                                    true
                       solver_time_limit                                    3600
                              use_vi_cos                                   false
                              use_vi_cus                                   false
                         use_vi_hc1_full                                   false
                         use_vi_hc1_half                                   false
                      use_vi_hc1_quarter                                   false
                              use_vi_hc2                                   false
                              use_vi_hc3                                   false
                         use_vi_lex_full                                   false
                         use_vi_lex_half                                   false
                      use_vi_lex_quarter                                   false
                              use_vi_qua                                   false
                               use_vi_vc                                    true
                               use_vi_vr                                   false
--------------------------------------------------------------------------------
executing instance: ./input/Instances/Original/3/absH3low_2n5.dat
--------------------------------------------------------------------------------
Instance details
n	6
H	3
C	237
Li:
[0, 0, 0, 0, 0, 0, ]
Ui:
[0, 93, 180, 51, 114, 24, ]
Distance matrix:
|0	170	318	35	112	235	|
|170	0	311	205	258	301	|
|318	311	0	326	278	137	|
|35	205	326	0	89	230	|
|112	258	278	89	0	160	|
|235	301	137	230	160	0	|

--------------------------------------------------------------------------------
Building model...
	using lazy and cut (CVRPSEP package)
Solving IRP LP...
--------------------------------------------------------------------------------

Gurobi 9.1.0 (linux64) logging started Sat Jan 23 12:28:01 2021

Gurobi Optimizer version 9.1.0 build v9.1.0rc0 (linux64)
Thread count: 32 physical cores, 32 logical processors, using up to 2 threads
Optimize a model with 210 rows, 336 columns and 1077 nonzeros
Model fingerprint: 0x3abb9f04
Variable types: 84 continuous, 252 integer (72 binary)
Coefficient statistics:
  Matrix range     [1e+00, 2e+02]
  Objective range  [1e-02, 3e+02]
  Bounds range     [1e+00, 2e+02]
  RHS range        [1e+01, 5e+02]
Presolve removed 24 rows and 29 columns
Presolve time: 0.01s

Explored 0 nodes (0 simplex iterations) in 0.01 seconds
Thread count was 1 (of 32 available processors)

Solution count 0

Model is infeasible
Best objective -, best bound -, gap -

User-callback calls 35, time in user-callback 0.00 sec

Computing Irreducible Inconsistent Subsystem (IIS)...

           Constraints          |            Bounds           |  Runtime
      Min       Max     Guess   |   Min       Max     Guess   |
--------------------------------------------------------------------------
        0       210         -         0       464         -           0s
       30        30         -        49        49         -           0s

IIS computed: 30 constraints, 49 bounds
IIS runtime: 0.36 seconds
================================================================================
executing instance: ./input/Instances/Original/3/absH3high_5n30.dat
--------------------------------------------------------------------------------
Instance details
n	31
H	3
C	2296
Li:
[0, 0, 0, 0, 0, 0, 0, 0, 0, 0, 0, 0, 0, 0, 0, 0, 0, 0, 0, 0, 0, 0, 0, 0, 0, 0, 0, 0, 0, 0, 0, ]
Ui:
[0, 80, 90, 297, 28, 264, 123, 192, 112, 32, 72, 88, 294, 129, 126, 105, 110, 237, 246, 92, 72, 147, 54, 96, 128, 96, 84, 28, 74, 196, 192, ]
Distance matrix:
|0	87	302	65	389	171	219	120	412	339	129	63	169	401	383	158	393	161	246	275	64	287	345	235	13	274	106	201	85	358	135	|
|87	0	334	128	402	212	301	204	465	384	187	145	232	424	454	238	475	245	289	352	80	307	352	321	81	352	20	261	170	376	215	|
|302	334	0	239	113	132	237	334	157	70	404	263	162	105	227	229	339	251	65	217	259	53	107	352	293	220	339	134	270	75	235	|
|65	128	239	0	330	107	175	130	348	275	174	40	107	339	326	114	351	125	181	224	58	228	290	222	58	224	143	138	65	297	92	|
|389	402	113	330	0	226	349	438	210	151	502	360	269	48	316	339	441	362	175	328	335	102	55	465	377	330	401	245	371	37	342	|
|171	212	132	107	226	0	169	214	253	173	276	134	64	233	261	130	326	153	77	188	133	125	192	264	162	190	220	68	145	193	125	|
|219	301	237	175	349	169	0	157	257	223	244	157	105	334	180	62	175	61	177	63	233	264	334	118	221	61	317	112	136	312	85	|
|120	204	334	130	438	214	157	0	402	348	88	90	173	438	336	115	307	100	269	220	172	338	406	122	130	218	224	204	69	403	101	|
|412	465	157	348	210	253	257	402	0	88	486	359	245	166	129	287	266	303	178	204	386	208	239	370	406	207	473	212	354	187	304	|
|339	384	70	275	151	173	223	348	88	0	427	291	179	120	166	234	290	254	96	187	306	123	166	342	332	190	391	145	291	119	247	|
|129	187	404	174	502	276	244	88	486	427	0	142	248	508	424	200	390	187	342	308	193	400	464	192	142	306	207	281	136	469	182	|
|63	145	263	40	360	134	157	90	359	291	142	0	114	366	321	95	331	99	202	212	90	258	323	186	65	211	163	148	27	327	72	|
|169	232	162	107	269	64	105	173	245	179	248	114	0	266	222	71	268	94	97	131	155	173	244	203	164	132	245	34	113	233	73	|
|401	424	105	339	48	233	334	438	166	120	508	366	266	0	280	332	409	355	169	305	353	117	96	452	391	308	425	237	374	49	339	|
|383	454	227	326	316	261	180	336	129	166	424	321	222	280	0	231	137	238	208	116	376	277	331	272	381	118	467	197	307	285	253	|
|158	238	229	114	339	130	62	115	287	234	200	95	71	332	231	0	238	23	164	118	171	243	314	134	159	117	255	95	77	302	23	|
|393	475	339	351	441	326	175	307	266	290	390	331	268	409	137	238	0	232	300	138	408	383	445	204	395	136	492	258	308	406	260	|
|161	245	251	125	362	153	61	100	303	254	187	99	94	355	238	23	232	0	187	123	183	267	338	111	164	121	262	117	77	325	34	|
|246	289	65	181	175	77	177	269	178	96	342	202	97	169	208	164	300	187	0	168	210	87	157	290	238	171	296	70	206	138	170	|
|275	352	217	224	328	188	63	220	204	187	308	212	131	305	116	118	138	123	168	0	279	255	322	166	275	3	367	120	195	291	141	|
|64	80	259	58	335	133	233	172	386	306	193	90	155	353	376	171	408	183	210	279	0	236	289	276	51	279	90	182	117	307	150	|
|287	307	53	228	102	125	264	338	208	123	400	258	173	117	277	243	383	267	87	255	236	0	71	374	276	257	308	153	270	71	245	|
|345	352	107	290	55	192	334	406	239	166	464	323	244	96	331	314	445	338	157	322	289	71	0	445	334	325	350	224	337	54	315	|
|235	321	352	222	465	264	118	122	370	342	192	186	203	452	272	134	204	111	290	166	276	374	445	0	243	164	341	221	159	428	142	|
|13	81	293	58	377	162	221	130	406	332	142	65	164	391	381	159	395	164	238	275	51	276	334	243	0	274	100	196	89	347	136	|
|274	352	220	224	330	190	61	218	207	190	306	211	132	308	118	117	136	121	171	3	279	257	325	164	274	0	367	122	194	294	140	|
|106	20	339	143	401	220	317	224	473	391	207	163	245	425	467	255	492	262	296	367	90	308	350	341	100	367	0	272	188	377	232	|
|201	261	134	138	245	68	112	204	212	145	281	148	34	237	197	95	258	117	70	120	182	153	224	221	196	122	272	0	146	208	103	|
|85	170	270	65	371	145	136	69	354	291	136	27	113	374	307	77	308	77	206	195	117	270	337	159	89	194	188	146	0	337	54	|
|358	376	75	297	37	193	312	403	187	119	469	327	233	49	285	302	406	325	138	291	307	71	54	428	347	294	377	208	337	0	306	|
|135	215	235	92	342	125	85	101	304	247	182	72	73	339	253	23	260	34	170	141	150	245	315	142	136	140	232	103	54	306	0	|

--------------------------------------------------------------------------------
Building model...
	using lazy and cut (CVRPSEP package)
Solving IRP LP...
--------------------------------------------------------------------------------

Gurobi 9.1.0 (linux64) logging started Sat Jan 23 12:28:02 2021

Gurobi Optimizer version 9.1.0 build v9.1.0rc0 (linux64)
Thread count: 32 physical cores, 32 logical processors, using up to 2 threads
Optimize a model with 1060 rows, 6436 columns and 15202 nonzeros
Model fingerprint: 0xdb42ff99
Variable types: 484 continuous, 5952 integer (372 binary)
Coefficient statistics:
  Matrix range     [1e+00, 6e+02]
  Objective range  [1e-01, 5e+02]
  Bounds range     [1e+00, 3e+02]
  RHS range        [1e+01, 4e+03]
Presolve removed 124 rows and 31 columns
Presolve time: 0.03s
Presolved: 936 rows, 6405 columns, 14387 nonzeros
Variable types: 453 continuous, 5952 integer (5592 binary)

Root relaxation: objective 9.007851e+03, 1194 iterations, 0.03 seconds

    Nodes    |    Current Node    |     Objective Bounds      |     Work
 Expl Unexpl |  Obj  Depth IntInf | Incumbent    BestBd   Gap | It/Node Time

     0     0 9007.85143    0  109          - 9007.85143      -     -    0s
     0     0 9303.15695    0  152          - 9303.15695      -     -    0s
     0     0 9328.50598    0  145          - 9328.50598      -     -    0s
     0     0 9334.97526    0  148          - 9334.97526      -     -    0s
     0     0 9339.95185    0   97          - 9339.95185      -     -    0s
     0     0 9341.49000    0  100          - 9341.49000      -     -    0s
     0     0 9627.72726    0  201          - 9627.72726      -     -    0s
     0     0 9686.43162    0  207          - 9686.43162      -     -    0s
     0     0 9687.10341    0  191          - 9687.10341      -     -    0s
     0     0 9841.24923    0  206          - 9841.24923      -     -    0s
     0     0 9850.02573    0  178          - 9850.02573      -     -    0s
     0     0 9851.24055    0  176          - 9851.24055      -     -    0s
     0     0 9851.24055    0  179          - 9851.24055      -     -    0s
     0     0 9923.15623    0  245          - 9923.15623      -     -    1s
     0     0 9947.07142    0  208          - 9947.07142      -     -    1s
     0     0 9950.28664    0  204          - 9950.28664      -     -    1s
     0     0 9950.39691    0  229          - 9950.39691      -     -    1s
     0     0 9982.62596    0  225          - 9982.62596      -     -    1s
     0     0 9983.28368    0  224          - 9983.28368      -     -    1s
     0     0 9997.91173    0  243          - 9997.91173      -     -    1s
     0     0 9998.84306    0  282          - 9998.84306      -     -    1s
     0     0 10013.4961    0  236          - 10013.4961      -     -    1s
     0     0 10016.1998    0  319          - 10016.1998      -     -    2s
     0     0 10016.5591    0  302          - 10016.5591      -     -    2s
     0     0 10030.1903    0  234          - 10030.1903      -     -    2s
     0     0 10031.5151    0  311          - 10031.5151      -     -    2s
     0     0 10033.4487    0  237          - 10033.4487      -     -    2s
     0     0 10033.9862    0  241          - 10033.9862      -     -    2s
     0     2 10037.5119    0  231          - 10037.5119      -     -    3s
    30    33 10146.5721    9  292          - 10037.6429      -   258    5s
   137   147 10459.3544   49  217          - 10037.6429      -   242   10s
   529   557 12528.1381  164   42          - 10037.6429      -   107   15s
   765   703 12001.6764  129  369          - 10070.4367      -  82.8   20s
   799   726 12826.3876  184  395          - 10095.0871      -  79.3   25s
   830   748 13495.3400  167  411          - 10101.4540      -  91.5   30s
   852   763 13610.7181  201  419          - 10103.7628      -  89.2   35s
   859   771 10121.1346   26  345          - 10108.8193      -   101   40s
   927   818 10648.4622   43  133          - 10120.1433      -   119   45s
  1023   885 10998.8470   60  118          - 10120.1433      -   130   50s
  1270  1089 12632.0784  159   53          - 10120.1433      -   124   55s
  1542  1210 10322.7703   34  203          - 10122.5574      -   116   60s
  1625  1236 10549.3753   45  213          - 10122.5574      -   121   65s
  1698  1298 11831.6052   71  120          - 10122.5574      -   129   70s
  1853  1420 12108.1797  119   90          - 10122.5574      -   130   75s
  2044  1561 12609.3792  180   67          - 10122.5574      -   127   80s
  2299  1676 10203.5621   28  372          - 10128.7460      -   120   85s
  2443  1784 10521.0385   37  286          - 10128.7460      -   121   90s
  2632  1927 10551.2601   43  195          - 10128.7460      -   118   95s
  2817  2008 11074.2807   86   90          - 10128.7460      -   119  100s
  2968  2176 11999.7255  164   64          - 10128.7460      -   120  106s
  3085  2363 12925.1680  221   62          - 10131.8115      -   118  110s
  3387  2570 10385.1779   33  219          - 10131.8115      -   114  115s
  3615  2626 10397.2392   36  239          - 10131.8115      -   111  120s
  3709  2740 10557.2830   59  181          - 10131.8115      -   115  126s
  3821  2994 10717.6047   86  124          - 10131.8115      -   116  138s
  4004  3303 11233.4086  125   99          - 10139.0631      -   113  143s
  4374  3428 10373.9490   28  329          - 10139.0631      -   107  147s
  4551  3467 10529.0385   35  224          - 10139.0631      -   105  150s
  4612  3596 10780.0494   51   79          - 10139.0631      -   107  155s
  4856  3881 12627.6940  186    9          - 10140.4495      -   105  160s
  5224  4091 10542.9692   34  225          - 10140.4495      -   102  167s
  5243  4145 10497.9487   43  221          - 10140.4495      -   103  170s
  5406  4685 10926.7183   91   66          - 10148.8380      -   104  178s
  5975  4767 10305.5386   30  329          - 10149.8390      -  98.2  182s
  6003  4841 10466.8452   37  223          - 10149.8390      -   100  186s
  6077  5042 10584.7549   46   86          - 10149.8390      -   101  190s
  6301  5250 10917.1155   73   41          - 10153.8572      -   100  195s
  6647  5633 10615.4208   43  193          - 10153.8572      -  99.0  204s
  6862  5644 12201.4650  163    4          - 10153.8572      -  98.4  205s
  7149  5954 11245.7905   95   30          - 10154.9421      -  96.7  212s
  7365  6091 10501.1765   40  292          - 10154.9421      -  95.7  217s
  7483  6270 10599.0073   47  258          - 10154.9421      -  96.4  222s
  7703  6467 10846.1263   61  150          - 10154.9421      -  96.1  229s
  7908  6744 11342.5452   76   57          - 10158.7778      -  95.5  234s
  7946  6744 11885.0001  209   47          - 10158.7778      -  95.7  235s
  8242  6954 10461.6371   39  300          - 10158.7778      -  94.7  240s
  8489  7085 11022.5518   59  161          - 10158.7778      -  94.1  245s
  8601  7460 11144.3833   87  129          - 10159.4463      -  95.0  252s
  9032  7507 10356.5660   34  302          - 10159.5463      -  93.1  256s
  9068  7621 10546.3950   49  275          - 10159.5463      -  94.1  261s
  9184  7767 10793.4133   66  197          - 10159.5463      -  95.0  265s
  9357  7994 11014.5295   99   75          - 10168.1257      -  95.0  271s
  9603  8046 10426.2747   30  281          - 10168.1257      -  94.4  276s
  9644  8115 10585.9139   39  197          - 10168.1257      -  95.5  280s
  9713  8336 10719.8857   49  167          - 10168.1257      -  96.3  285s
  9979  8574 11106.0742   83   87          - 10169.0644      -  95.5  292s
 10248  8621 10352.3492   32  385          - 10169.0644      -  94.9  296s
 10276  8698 10560.4627   37  217          - 10169.0644      -  96.0  301s
 10353  8903 11055.8407   54   45          - 10169.0644      -  96.8  306s
 10582  8974 11769.9715  135   27          - 10169.3427      -  96.8  310s
 10668  9103 10388.6839   37  369          - 10169.3427      -  97.5  316s
 10831  9205 10641.5215   49  219          - 10169.3427      -  97.9  320s
 10921  9415 11096.8202   81   44          - 10170.2360      -  98.7  325s
 11173  9514 10367.5950   34  339          - 10170.2360      -  98.5  330s
 11256  9641 10561.4402   46  267          - 10170.2360      -  99.4  336s
 11453  9855 10952.2551   57  143          - 10170.2360      -  99.5  341s
 11673  9991 12710.7881  153   23          - 10171.2025      -  99.3  347s
 11844 10165 10800.5750   41  187          - 10171.2025      -  99.1  352s
 12017 10287 11038.5617   64   84          - 10171.7859      -  99.4  358s
 12170 10378 10459.1784   36  330          - 10171.7859      -   100  363s
 12261 10687 10591.1052   46  267          - 10171.7859      -   100  369s
 12322 10687 11245.9207  112   29          - 10171.7859      -   100  370s
 12623 10859 10962.4751   58  207          - 10171.7859      -  99.0  376s
 12805 11141 11056.0874   83   87          - 10171.9966      -  99.2  382s
 13210 11254 10561.9569   32  260          - 10172.4697      -  97.9  387s
 13265 11530 10673.8255   43  163          - 10172.4697      -  98.4  394s
 13554 11740 11101.5719  106   54          - 10174.4596      -  98.0  400s
 13873 11814 10410.9961   34  300          - 10191.9413      -  97.2  405s
 13944 11902 10578.5499   50  305          - 10191.9413      -  98.5  414s
 13991 12132 10863.4155   60  169          - 10192.0686      -  99.0  419s
 14259 12276 10738.8791   40  176          - 10192.0686      -  98.8  424s
 14372 12278 13129.4388  183   16          - 10192.0686      -  98.7  425s
 14447 12498 11009.6585   59   63          - 10195.3025      -  98.6  430s
 14665 12589 10830.9645   38  191          - 10195.3025      -  98.5  436s
 14756 12908 11118.1349   70   68          - 10195.3334      -  99.1  441s
 15097 13058 10555.0575   35  182          - 10195.3334      -  98.4  448s
 15316 13281 10740.3169   49   52          - 10195.3334      -  98.1  454s
 15506 13289 12517.7014  152   23          - 10195.3334      -  97.9  455s
 15522 13465 10981.7970   59   26          - 10203.5621      -  98.2  460s
 15761 13694 10547.6763   33  307          - 10203.5621      -  97.9  466s
 16002 13770 10785.8437   46  181          - 10203.5621      -  97.6  471s
 16076 14040 11014.3100   84   63          - 10223.2383      -  98.1  476s
 16439 14178 10344.6563   30  375          - 10223.2383      -  97.4  482s
 16574 14231 10828.0777   41  179          - 10223.2383      -  97.6  486s
 16619 14357 10829.3602   46  146          - 10223.2383      -  98.2  493s
 16745 14566 11076.5116   60  128          - 10224.2531      -  98.6  499s
 17027 14661 10424.4499   31  303          - 10231.6156      -  98.3  504s
 17100 14846 10813.2708   43  224          - 10231.6156      -  98.8  509s
 17147 14846 11076.1273   75   40          - 10231.6156      -  99.1  510s
 17323 15075 11263.7803   69   44          - 10239.6708      -  98.7  515s
 17600 15199 10349.5969   36  269          - 10239.6708      -  98.3  521s
 17697 15377 10471.1473   45  135          - 10239.6708      -  98.8  528s
 17933 15597 10649.5729   69   82          - 10239.9170      -  98.2  533s
 18168 15682 11314.5656  129   21          - 10240.2599      -  98.1  538s
 18265 15906 10811.5173   52  149          - 10240.9470      -  98.5  544s
 18506 16062 10403.7891   33  363          - 10240.9470      -  98.4  550s
 18740 16147 11020.6104   69   65          - 10240.9470      -  98.6  555s
 18769 16350 10938.0927   70   60          - 10243.5748      -  98.8  560s
 19008 16444 10545.9751   37  238          - 10244.1705      -  98.7  565s
 19122 16643 10842.3708   53   47          - 10248.0834      -  99.0  570s
 19349 16798 11365.2060   82   49          - 10250.0302      -  98.6  575s
 19523 16964 10662.3535   47  186          - 10250.0302      -  98.6  581s
 19707 17197 10832.8191   57  129          - 10252.6946      -  98.7  588s
 20003 17300 10657.6433   37  334          - 10252.6946      -  98.3  594s
 20085 17498 10971.2114   50  158          - 10252.6946      -  98.7  599s
 20150 17501 12080.3700   96    2          - 10252.6946      -  98.9  600s
 20344 17597 11246.1966   61   36          - 10259.7188      -  98.3  605s
 20437 17634 10406.0969   34  304          - 10259.7188      -  98.6  610s
 20506 17778 10925.3093   69   41          - 10259.7188      -  99.2  615s
 20612 17928 11042.8500  139   17          - 10259.7197      -  99.1  620s
 20789 17983 10718.2700   43  250          - 10259.9380      -  99.1  625s
 20840 18268 10887.9602   64  144          - 10260.5023      -   100  632s
 21217 18483 11306.5032   77   52          - 10260.9778      -  98.9  639s
 21265 18490 11112.0700   60   16          - 10264.4283      -  99.0  640s
 21519 18559 10528.6923   33  325          - 10264.4283      -  98.7  645s
 21603 18819 10932.1065   59  188          - 10264.4283      -  99.4  655s
 21839 18953 11445.8242   74   70          - 10265.0737      -  99.3  660s
 21978 19109 10715.2863   39  259          - 10265.0737      -  99.5  665s
 22163 19266 10938.1082   63   24          - 10271.2914      -  99.4  671s
 22337 19434 11184.0984   68   35          - 10271.3527      -   100  676s
 22560 19510 10538.6667   33  341          - 10273.3717      -   100  681s
 22624 19619 10886.5861   44  192          - 10273.3717      -   100  686s
 22753 19757 11071.5354   63  124          - 10275.5877      -   100  692s
 22918 19817 10604.5529   33  318          - 10275.5877      -   100  696s
 22966 20066 10934.9474   48   78          - 10275.7650      -   101  702s
 23271 20244 11298.6239   64   16          - 10277.6576      -   100  708s
 23512 20412 10702.6196   38  128          - 10277.6576      -   100  714s
 23663 20615 10807.5058   48  131          - 10277.6576      -   100  719s
 23777 20616 11002.0884   47   98          - 10277.6576      -   100  720s
 23959 20723 12173.6659  154   45          - 10279.5258      -   100  725s
 24105 21066 10997.4230   61  136          - 10279.5258      -   101  735s
 24399 21133 10627.7673   36  193          - 10283.5461      -   100  740s
 24462 21362 10861.7063   51   89          - 10283.8726      -   101  745s
 24829 21468 10591.3440   36  194          - 10285.1993      -   100  751s
 24926 21572 11039.6595   70  122          - 10285.5385      -   101  756s
 25061 21673 11222.3276   71   49          - 10286.2424      -   101  761s
 25193 21704 10553.4837   46  317          - 10286.7743      -   101  765s
 25221 21935 10722.5040   54  172          - 10286.7743      -   101  771s
 25542 22168 10992.1294   79   64          - 10289.4331      -   101  778s
 25766 22235 10409.9527   36  316          - 10289.4331      -   101  783s
 25821 22299 10615.1345   45  263          - 10289.4331      -   101  787s
 25901 22443 10750.8300   58  223          - 10289.4331      -   101  793s
 26141 22828 11353.9986   89  145          - 10292.9157      -   101  799s
 26217 22828 11957.0961  130   50          - 10292.9157      -   101  800s
 26570 22894 10406.4193   33  278          - 10292.9157      -   100  805s
 26609 22955 10617.3728   50  223          - 10292.9157      -   101  810s
 26672 23112 10720.5898   56  275          - 10292.9157      -   101  815s
 26889 23179 10820.6267   63  104          - 10292.9157      -   101  820s
 26928 23271 11200.6978   73  135          - 10292.9157      -   101  825s
 27020 23449 11155.5380  111   30          - 10294.6481      -   101  830s
 27275 23824 10553.1170   43  180          - 10294.6481      -   101  838s
 27672 23989 10826.0846   90   32          - 10294.6906      -   101  844s
 27867 24223 11550.6465  111   48          - 10294.7894      -   101  850s
 28094 24413 10746.3415   46  265          - 10294.7894      -   101  857s
 28337 24568 10994.7496   65  209          - 10294.7894      -   100  862s
 28470 24839 11335.2482   97   29          - 10295.3614      -   101  868s
 28840 24920 10792.7017   45  232          - 10295.6092      -   100  874s
 28885 25027 10910.7976   62  190          - 10295.6092      -   100  879s
 28992 25268 11487.8655  106   14          - 10302.7390      -   101  885s
*29117 19218             161    12191.340000 10302.7390  15.5%   100  885s
 29308 19225 10746.4560   41  365 12191.3400 10303.0395  15.5%   100  891s
 29345 19294 11251.6233   64  151 12191.3400 10303.8364  15.5%   101  896s
 29430 19340 10476.8000   33  410 12191.3400 10303.8364  15.5%   101  901s
 29488 19429 10813.8592   48  285 12191.3400 10303.8364  15.5%   101  907s
 29600 19466 11356.4087   75  199 12191.3400 10305.5871  15.5%   101  912s
 29652 19524 10694.6131   36  239 12191.3400 10306.0406  15.5%   101  917s
 29710 19596 11527.2708   66  187 12191.3400 10306.5385  15.5%   102  923s
 29814 19619 10659.2682   40  408 12191.3400 10307.6044  15.5%   102  928s
H29825 17897                    11938.020000 10307.6044  13.7%   102  928s
 29837 17933 10808.7820   45  208 11938.0200 10307.6044  13.7%   102  933s
 29873 18014 10893.6277   50  170 11938.0200 10307.6044  13.7%   103  938s
 29954 18060 11687.2544   65   62 11938.0200 10307.6228  13.7%   103  944s
 30071 18098 infeasible   89      11938.0200 10308.9563  13.6%   103  951s
 30120 18125 10460.3239   35  303 11938.0200 10309.0897  13.6%   103  956s
 30147 18177 10701.1288   46  260 11938.0200 10309.1213  13.6%   104  963s
 30211 18235 11412.8025   68   40 11938.0200 10309.6267  13.6%   104  970s
 30284 18323     cutoff  101      11938.0200 10309.6472  13.6%   104  977s
 30384 18404 10829.4399   44  348 11938.0200 10311.8879  13.6%   104  983s
 30478 18466     cutoff   89      11938.0200 10312.0454  13.6%   104  989s
 30549 18505 10524.2118   42  299 11938.0200 10313.6318  13.6%   105  994s
 30579 18505     cutoff   95      11938.0200 10313.6318  13.6%   105  995s
 30590 18570 10997.2353   72  106 11938.0200 10315.4218  13.6%   105 1000s
 30669 18679 10655.9018   43  230 11938.0200 10315.5330  13.6%   105 1006s
 30792 18746 10641.8644   33  215 11938.0200 10315.5330  13.6%   105 1014s
 30878 18813 10749.8493   46  184 11938.0200 10315.5330  13.6%   105 1020s
 30955 18900 11136.8835   73   70 11938.0200 10318.5149  13.6%   106 1026s
 31053 18983 infeasible  114      11938.0200 10318.5546  13.6%   106 1032s
 31151 19044 11146.5283   57  163 11938.0200 10319.2406  13.6%   106 1040s
 31221 19080 10586.0612   34  215 11938.0200 10320.0671  13.6%   106 1046s
 31283 19141 10607.7328   36  272 11938.0200 10320.0678  13.6%   106 1051s
 31362 19240 11304.9792   70  101 11938.0200 10321.2544  13.5%   106 1057s
 31489 19335 11239.0069   59  172 11938.0200 10321.7808  13.5%   107 1063s
 31595 19419 10832.0601   48  126 11938.0200 10321.7808  13.5%   107 1068s
 31693 19534 11902.7607  118   63 11938.0200 10322.8204  13.5%   107 1075s
 31833 19609 11171.7766   64  114 11938.0200 10323.7875  13.5%   107 1081s
 31922 19686 infeasible  114      11938.0200 10325.0189  13.5%   107 1086s
 32001 19721 11119.8053   62  227 11938.0200 10325.6470  13.5%   107 1092s
 32066 19784 10571.3661   36  292 11938.0200 10325.8126  13.5%   108 1097s
 32129 19840 11455.7437   75  124 11938.0200 10325.9645  13.5%   108 1102s
 32211 19853 10755.8324   38  244 11938.0200 10326.7180  13.5%   108 1108s
 32224 19890 10754.5041   42  305 11938.0200 10326.7180  13.5%   108 1113s
 32261 19923 10944.6390   52  237 11938.0200 10326.7180  13.5%   108 1119s
 32294 20042 11157.2240   62   73 11938.0200 10326.7180  13.5%   109 1125s
 32429 20119     cutoff  113      11938.0200 10327.1032  13.5%   109 1132s
 32515 20200 10689.2965   50  191 11938.0200 10327.1032  13.5%   109 1138s
 32628 20305 11438.2611   83   65 11938.0200 10328.3309  13.5%   109 1145s
 32769 20325     cutoff  102      11938.0200 10329.0549  13.5%   109 1151s
 32792 20371 10716.5234   40  203 11938.0200 10329.0549  13.5%   110 1156s
 32840 20453 11322.5740   67  157 11938.0200 10329.6381  13.5%   110 1162s
 32941 20509 10836.2780   42  348 11938.0200 10329.6381  13.5%   110 1168s
 32997 20585 11284.1736   63  183 11938.0200 10330.5673  13.5%   110 1174s
 33100 20588 11900.9100   90    - 11938.0200 10330.8978  13.5%   110 1175s
 33112 20657 10876.0794   44  241 11938.0200 10331.8417  13.5%   110 1181s
 33191 20706 10685.8358   37  257 11938.0200 10332.5366  13.4%   111 1187s
 33252 20841 10969.6861   57  202 11938.0200 10333.1346  13.4%   111 1194s
 33403 20841 11733.6194   87   90 11938.0200 10333.4412  13.4%   111 1195s
 33424 20879 10595.0534   36  407 11938.0200 10333.4412  13.4%   111 1200s
 33462 21014 10702.3331   46  279 11938.0200 10333.4412  13.4%   111 1207s
 33605 21148 11058.1293   59  159 11938.0200 10334.8495  13.4%   111 1215s
 33774 21214 11731.8035   82   42 11938.0200 10335.3723  13.4%   111 1221s
 33851 21280 infeasible  106      11938.0200 10336.9202  13.4%   111 1228s
 33920 21325 10575.2441   35  331 11938.0200 10336.9202  13.4%   112 1234s
 33977 21421 10853.4072   45  114 11938.0200 10336.9202  13.4%   112 1241s
 34085 21586 11024.2563   64   65 11938.0200 10338.6158  13.4%   112 1248s
 34323 21654     cutoff  123      11938.0200 10338.7808  13.4%   112 1255s
 34397 21698 10618.7415   41  229 11938.0200 10338.7808  13.4%   112 1261s
 34443 21775 10915.9283   52  186 11938.0200 10338.7808  13.4%   112 1267s
 34528 21888 11188.9718   72   92 11938.0200 10339.3840  13.4%   113 1274s
 34674 22002     cutoff  125      11938.0200 10339.4815  13.4%   113 1281s
 34808 22118 11092.8216   75   75 11938.0200 10340.7960  13.4%   113 1288s
 34937 22195 10758.5242   45  322 11938.0200 10340.8837  13.4%   113 1294s
 34979 22195 11426.1461   87   69 11938.0200 10340.8837  13.4%   113 1295s
 35039 22251 10627.0752   34  258 11938.0200 10341.4819  13.4%   113 1301s
 35109 22339 11064.9334   58  102 11938.0200 10344.6254  13.3%   113 1307s
 35230 22428     cutoff   95      11938.0200 10344.9514  13.3%   113 1314s
 35335 22563 10783.4130   43  199 11938.0200 10345.4340  13.3%   114 1321s
 35479 22647 10641.7649   39  193 11938.0200 10345.4340  13.3%   114 1328s
 35573 22769 11086.5826   55   57 11938.0200 10346.1597  13.3%   114 1335s
 35781 22777     cutoff  102      11938.0200 10346.4549  13.3%   114 1345s
 35785 22838 10599.6604   31  294 11938.0200 10346.4549  13.3%   114 1350s
 35846 22905 11138.6518   59  156 11938.0200 10346.6289  13.3%   114 1358s
 35944 22942 10675.3596   37  254 11938.0200 10346.6490  13.3%   114 1364s
 35983 23026 10911.6654   42  179 11938.0200 10346.6490  13.3%   115 1371s
 36077 23077 11059.5664   48  127 11938.0200 10346.6490  13.3%   115 1377s
 36131 23130 11381.2244   58  107 11938.0200 10346.6490  13.3%   115 1384s
 36184 23211 11601.3169   70  188 11938.0200 10347.5399  13.3%   115 1391s
 36295 23311 10809.7273   43  356 11938.0200 10348.8620  13.3%   115 1397s
 36408 23380     cutoff  104      11938.0200 10349.2851  13.3%   116 1404s
 36504 23460 11068.9858   61  114 11938.0200 10349.7446  13.3%   116 1410s
 36607 23560 11871.3603  115   20 11938.0200 10350.3208  13.3%   116 1418s
 36726 23656 11614.2483   68  114 11938.0200 10351.3226  13.3%   116 1424s
 36777 23656 11109.9594   50  178 11938.0200 10351.3226  13.3%   116 1425s
 36846 23724 11201.5641   54  132 11938.0200 10352.4596  13.3%   116 1431s
 36928 23810 10630.4199   35  294 11938.0200 10352.4596  13.3%   116 1438s
 37022 23941 10870.8678   51  171 11938.0200 10352.5843  13.3%   116 1444s
 37061 23941 11069.9483   77   32 11938.0200 10352.5843  13.3%   117 1445s
 37194 24044 11728.5824  115   40 11938.0200 10352.6588  13.3%   116 1452s
 37332 24117     cutoff   90      11938.0200 10354.4270  13.3%   117 1458s
 37407 24201 11389.2369   79  121 11938.0200 10354.4270  13.3%   117 1465s
 37512 24303 11178.9043   53  212 11938.0200 10354.5735  13.3%   117 1472s
 37637 24354 10923.0379   45  122 11938.0200 10355.0564  13.3%   117 1478s
 37702 24441 10695.6013   43  345 11938.0200 10355.0564  13.3%   117 1486s
 37803 24525 11006.4774   51  169 11938.0200 10355.0564  13.3%   117 1494s
 37898 24619 11253.9557   64  210 11938.0200 10356.7135  13.2%   118 1501s
 38021 24670 10648.2571   45  386 11938.0200 10356.7135  13.2%   118 1510s
 38088 24766 10922.9160   60  199 11938.0200 10356.9716  13.2%   118 1517s
 38215 24917 10805.1169   43  292 11938.0200 10357.3417  13.2%   118 1525s
 38387 25013 10415.5870   30  347 11938.0200 10357.3479  13.2%   118 1533s
 38489 25126 10751.7077   36   86 11938.0200 10357.3479  13.2%   118 1540s
 38639 25176 10823.3121   47  261 11938.0200 10357.3479  13.2%   118 1547s
 38690 25270 11311.2618   66   43 11938.0200 10358.1821  13.2%   119 1554s
 38811 25337     cutoff  106      11938.0200 10358.4821  13.2%   119 1561s
 38882 25455 10875.8053   47  248 11938.0200 10358.6576  13.2%   119 1569s
 38962 25455 11445.7895  102   17 11938.0200 10359.0141  13.2%   119 1570s
 39024 25532 10930.1294   37  211 11938.0200 10359.0774  13.2%   119 1576s
 39113 25590     cutoff   62      11938.0200 10359.1105  13.2%   119 1583s
 39170 25665 11180.4678   47  162 11938.0200 10359.1222  13.2%   120 1589s
 39287 25728 11027.2436   36  231 11938.0200 10360.0657  13.2%   120 1596s
 39379 25807 10658.8401   36  360 11938.0200 10360.3859  13.2%   120 1603s
 39458 25878 11461.0463   73   70 11938.0200 10360.8588  13.2%   120 1609s
 39548 26005 10773.0275   40  205 11938.0200 10360.9254  13.2%   120 1616s
 39688 26114 11151.7612   57  127 11938.0200 10361.1726  13.2%   121 1624s
 39812 26167 10658.7243   34  350 11938.0200 10361.1726  13.2%   121 1630s
 39874 26229 11524.0682   58  177 11938.0200 10361.7087  13.2%   121 1637s
 39968 26297 10915.0172   44  259 11938.0200 10362.6007  13.2%   121 1643s
 40036 26373 11410.1204   56  136 11938.0200 10363.1650  13.2%   121 1650s
 40142 26489 10918.4148   45  240 11938.0200 10363.3984  13.2%   122 1657s
 40284 26604 10815.4811   47  333 11938.0200 10364.3653  13.2%   122 1664s
 40400 26668 11841.0211  124    4 11938.0200 10364.3906  13.2%   122 1671s
 40482 26758 10776.0073   43  307 11938.0200 10364.5484  13.2%   122 1677s
 40573 26905 11423.9293   70  117 11938.0200 10364.6880  13.2%   122 1685s
 40767 26977 10799.3188   50  295 11938.0200 10364.9875  13.2%   122 1692s
 40843 27075 10795.0197   43  131 11938.0200 10365.7652  13.2%   123 1699s
 40967 27172 10743.3960   36  245 11938.0200 10365.8724  13.2%   123 1707s
 41079 27259 11523.5068   81  126 11938.0200 10366.3818  13.2%   123 1714s
 41208 27398 10994.2474   55  225 11938.0200 10366.5612  13.2%   123 1722s
 41357 27517 10681.7049   39  213 11938.0200 10366.5612  13.2%   123 1729s
 41494 27650 11088.1819   85   43 11938.0200 10367.0211  13.2%   123 1737s
 41652 27734 10759.2982   41  201 11938.0200 10367.9832  13.2%   123 1744s
 41750 27794 10478.7392   35  363 11938.0200 10367.9832  13.2%   123 1751s
 41816 27943 10938.3882   72  203 11938.0200 10368.4307  13.1%   124 1759s
 41988 27999 10527.7567   38  393 11938.0200 10368.4778  13.1%   124 1766s
 42046 28164 11062.5038   74  110 11938.0200 10368.6223  13.1%   124 1773s
 42227 28219 11594.0466  116   52 11938.0200 10370.6358  13.1%   124 1780s
 42299 28263 11258.0518   51  222 11938.0200 10370.8281  13.1%   124 1794s
 42343 28318 11473.6914   69  106 11938.0200 10370.8690  13.1%   124 1806s
 42418 28435 10777.3372   38  198 11938.0200 10372.5030  13.1%   124 1813s
 42551 28496 10417.3828   35  279 11938.0200 10372.5030  13.1%   124 1820s
 42624 28643 11234.7417   64  171 11938.0200 10373.0306  13.1%   124 1828s
 42820 28711 infeasible  146      11938.0200 10374.2427  13.1%   124 1835s
 42904 28841 11101.8168   45  121 11938.0200 10375.0483  13.1%   124 1843s
 43079 28876 10601.4993   34  333 11938.0200 10375.3036  13.1%   124 1850s
 43114 28944 10880.5559   47   33 11938.0200 10375.3036  13.1%   125 1857s
 43182 29115 10989.4900   66   21 11938.0200 10375.3730  13.1%   125 1866s
 43499 29270 infeasible  140      11938.0200 10375.9335  13.1%   125 1874s
 43650 29335 10491.9260   35  304 11938.0200 10377.1802  13.1%   125 1881s
 43717 29478 11376.8025   72  114 11938.0200 10377.7777  13.1%   125 1888s
 43892 29713 11381.1871   63   87 11938.0200 10378.3797  13.1%   125 1897s
 44178 29786 10844.8077   41  293 11938.0200 10378.8676  13.1%   125 1904s
 44239 29786     cutoff  157      11938.0200 10378.9902  13.1%   125 1905s
 44260 29960 10683.4406   42  200 11938.0200 10379.2105  13.1%   125 1913s
 44480 30029     cutoff  120      11938.0200 10380.2243  13.0%   125 1920s
 44550 30183 11180.9863   74   69 11938.0200 10380.9187  13.0%   125 1927s
 44728 30263 11334.1007   57  204 11938.0200 10381.7366  13.0%   125 1935s
 44843 30364 10768.6500   48  273 11938.0200 10382.3729  13.0%   125 1943s
 44975 30484 10628.0794   37  240 11938.0200 10382.6228  13.0%   125 1951s
 45126 30550 10620.5982   36  353 11938.0200 10383.0287  13.0%   125 1958s
 45198 30656 11346.2485   71  123 11938.0200 10383.2514  13.0%   126 1965s
 45326 30718 10535.3053   39  344 11938.0200 10383.4940  13.0%   126 1972s
 45388 30810 11472.2344   49  218 11938.0200 10383.5774  13.0%   126 1979s
 45505 30902 infeasible   74      11938.0200 10383.6607  13.0%   126 1987s
 45597 30999 11295.2531   57  189 11938.0200 10384.2267  13.0%   126 1994s
 45714 31143 10896.9071   56  184 11938.0200 10384.3764  13.0%   126 2002s
 45892 31282 11178.2364   56   35 11938.0200 10384.7780  13.0%   126 2010s
 46105 31386 infeasible  106      11938.0200 10385.9934  13.0%   126 2017s
 46197 31476 11464.4822   60  146 11938.0200 10386.1621  13.0%   127 2025s
 46305 31659 10810.7162   37  170 11938.0200 10386.1621  13.0%   127 2034s
 46505 31774 11309.5981   51   87 11938.0200 10386.8406  13.0%   127 2042s
 46656 31893     cutoff   63      11938.0200 10387.5158  13.0%   127 2050s
 46821 31960 10477.4025   37  377 11938.0200 10388.1817  13.0%   127 2058s
 46891 32105 10767.1256   54   75 11938.0200 10388.2956  13.0%   127 2066s
 47097 32268     cutoff  126      11938.0200 10388.5758  13.0%   127 2075s
 47285 32366     cutoff  121      11938.0200 10388.7609  13.0%   127 2083s
 47388 32521 11351.6981   79   58 11938.0200 10388.8685  13.0%   127 2091s
 47574 32657 11151.3428   54   44 11938.0200 10389.3295  13.0%   127 2099s
 47664 32660 11563.5703   85   36 11938.0200 10389.4820  13.0%   127 2100s
 47736 32740 11739.0502   76   86 11938.0200 10389.5603  13.0%   127 2107s
 47838 32845 11171.3165   47  212 11938.0200 10389.9112  13.0%   127 2115s
 47975 32910     cutoff  104      11938.0200 10390.1233  13.0%   127 2122s
 48047 32992 10912.3573   50  189 11938.0200 10391.3907  13.0%   128 2130s
 48151 33133     cutoff   93      11938.0200 10392.0536  12.9%   128 2138s
 48324 33219 11702.0093   78   24 11938.0200 10392.1559  12.9%   128 2146s
 48435 33364 10920.2197   54  116 11938.0200 10392.3073  12.9%   128 2155s
 48662 33427     cutoff  107      11938.0200 10392.5601  12.9%   128 2162s
 48721 33551 11202.6725   51  159 11938.0200 10393.4485  12.9%   128 2170s
 48888 33642 10834.1227   42  225 11938.0200 10393.9057  12.9%   128 2178s
 48981 33710 11906.1039  108   11 11938.0200 10394.2315  12.9%   128 2186s
 49072 33814 11066.3952   53  180 11938.0200 10394.8455  12.9%   129 2193s
 49213 33908 10987.0420   51  235 11938.0200 10395.3143  12.9%   129 2201s
 49332 34058 10851.9725   57  180 11938.0200 10395.5835  12.9%   129 2209s
 49410 34061 11782.6170  132   12 11938.0200 10395.5835  12.9%   129 2210s
 49522 34190     cutoff  137      11938.0200 10395.8507  12.9%   129 2219s
H49661 34155                    11923.850000 10395.8507  12.8%   129 2226s
 49770 34178 11873.5990   70   40 11923.8500 10395.9612  12.8%   129 2234s
