




arguments: ./build/mirp_solver -f ./input/orig_exec_313.cfg
Current dir: /scratch/gui/bnc_mirp
File verbosity level: 9
date       time         ( uptime  ) [ thread name/id ]                   file:line     v| 
2021-01-17 09:28:40.601 (   0.083s) [main thread     ]             loguru.cpp:789   INFO| Logging to './output/vi_vc/OU/V4/Original/execution_17_01_2021_09_28_40.log', mode: 'a', verbosity: 9
--------------------------------------------------------------------------------
Parameters
                           instance_path           ./input/Instances/Original/1/
                            model_policy                                       1
                             nb_vehicles                                       4
                              output_dir          ./output/vi_vc/OU/V4/Original/
                            sec_strategy                                       1
                       solver_nb_threads                                       2
                         solver_show_log                                    true
                       solver_time_limit                                    3600
                              use_vi_cos                                   false
                              use_vi_cus                                   false
                         use_vi_hc1_full                                   false
                         use_vi_hc1_half                                   false
                      use_vi_hc1_quarter                                   false
                              use_vi_hc2                                   false
                              use_vi_hc3                                   false
                         use_vi_lex_full                                   false
                         use_vi_lex_half                                   false
                      use_vi_lex_quarter                                   false
                              use_vi_qua                                   false
                               use_vi_vc                                    true
                               use_vi_vr                                   false
--------------------------------------------------------------------------------
executing instance: ./input/Instances/Original/1/absH3high_1n5.dat
--------------------------------------------------------------------------------
Instance details
n	6
H	3
C	289
Li:
[0, 0, 0, 0, 0, 0, ]
Ui:
[0, 195, 105, 116, 72, 22, ]
Distance matrix:
|0	85	349	17	203	289	|
|85	0	265	102	214	226	|
|349	265	0	366	368	238	|
|17	102	366	0	207	302	|
|203	214	368	207	0	431	|
|289	226	238	302	431	0	|

--------------------------------------------------------------------------------
Building model...
	using lazy and cut (CVRPSEP package)
Solving IRP LP...
--------------------------------------------------------------------------------

Gurobi 9.1.0 (linux64) logging started Sun Jan 17 09:28:40 2021

Gurobi Optimizer version 9.1.0 build v9.1.0rc0 (linux64)
Thread count: 32 physical cores, 32 logical processors, using up to 2 threads
Optimize a model with 210 rows, 336 columns and 1077 nonzeros
Model fingerprint: 0x5dd091af
Variable types: 84 continuous, 252 integer (72 binary)
Coefficient statistics:
  Matrix range     [1e+00, 2e+02]
  Objective range  [2e-01, 4e+02]
  Bounds range     [1e+00, 2e+02]
  RHS range        [1e+01, 5e+02]
Presolve removed 24 rows and 6 columns
Presolve time: 0.01s
Presolved: 186 rows, 330 columns, 937 nonzeros
Variable types: 78 continuous, 252 integer (192 binary)

Root relaxation: objective 1.817850e+03, 307 iterations, 0.01 seconds

    Nodes    |    Current Node    |     Objective Bounds      |     Work
 Expl Unexpl |  Obj  Depth IntInf | Incumbent    BestBd   Gap | It/Node Time

     0     0 1817.85045    0   32          - 1817.85045      -     -    0s
     0     0 1982.41444    0   40          - 1982.41444      -     -    0s
     0     0 1984.13590    0   37          - 1984.13590      -     -    0s
     0     0 2184.65318    0   76          - 2184.65318      -     -    0s
H    0     0                    3623.5500000 2184.65318  39.7%     -    0s
H    0     0                    3566.5500000 2184.65318  38.7%     -    0s
     0     0 2280.69235    0   44 3566.55000 2280.69235  36.1%     -    0s
     0     0 2286.74422    0   51 3566.55000 2286.74422  35.9%     -    0s
     0     0 2290.39909    0   67 3566.55000 2290.39909  35.8%     -    0s
     0     0 2290.39909    0   51 3566.55000 2290.39909  35.8%     -    0s
     0     0 2373.48582    0   83 3566.55000 2373.48582  33.5%     -    0s
H    0     0                    2887.3300000 2373.48582  17.8%     -    0s
     0     0 2382.06837    0  103 2887.33000 2382.06837  17.5%     -    0s
     0     0 2382.13466    0  103 2887.33000 2382.13466  17.5%     -    0s
     0     0 2418.68555    0   73 2887.33000 2418.68555  16.2%     -    0s
     0     0 2419.37776    0   72 2887.33000 2419.37776  16.2%     -    0s
     0     0 2419.44503    0   76 2887.33000 2419.44503  16.2%     -    0s
     0     0 2433.93185    0  106 2887.33000 2433.93185  15.7%     -    0s
     0     0 2441.83058    0   77 2887.33000 2441.83058  15.4%     -    0s
     0     0 2446.82498    0   82 2887.33000 2446.82498  15.3%     -    0s
     0     0 2448.76356    0   98 2887.33000 2448.76356  15.2%     -    0s
     0     0 2449.08417    0  112 2887.33000 2449.08417  15.2%     -    0s
     0     0 2492.59372    0  122 2887.33000 2492.59372  13.7%     -    0s
H    0     0                    2876.0100000 2492.59372  13.3%     -    0s
     0     0 2497.05578    0  109 2876.01000 2497.05578  13.2%     -    0s
     0     0 2499.57632    0  120 2876.01000 2499.57632  13.1%     -    0s
     0     0 2499.96983    0  112 2876.01000 2499.96983  13.1%     -    0s
     0     0 2506.33334    0  119 2876.01000 2506.33334  12.9%     -    0s
     0     0 2508.67446    0  124 2876.01000 2508.67446  12.8%     -    0s
     0     0 2509.09531    0  133 2876.01000 2509.09531  12.8%     -    0s
     0     0 2510.36103    0  132 2876.01000 2510.36103  12.7%     -    0s
     0     0 2510.98036    0  129 2876.01000 2510.98036  12.7%     -    0s
     0     2 2511.05943    0  132 2876.01000 2511.05943  12.7%     -    0s
*   23    15               9    2825.3500000 2526.84479  10.6%  49.0    0s
*   45    19               9    2703.3300000 2575.42480  4.73%  38.0    0s

Cutting planes:
  User: 36
  Gomory: 3
  Cover: 39
  Implied bound: 7
  Clique: 2
  MIR: 34
  Flow cover: 76
  GUB cover: 1
  RLT: 71
  Relax-and-lift: 7

Explored 100 nodes (4160 simplex iterations) in 0.45 seconds
Thread count was 2 (of 32 available processors)

Solution count 6: 2703.33 2825.35 2876.01 ... 3623.55

Optimal solution found (tolerance 1.00e-04)
Best objective 2.703330000000e+03, best bound 2.703330000000e+03, gap 0.0000%

User-callback calls 538, time in user-callback 0.04 sec
================================================================================
executing instance: ./input/Instances/Original/1/absH3high_1n45.dat
--------------------------------------------------------------------------------
Instance details
n	46
H	3
C	3462
Li:
[0, 0, 0, 0, 0, 0, 0, 0, 0, 0, 0, 0, 0, 0, 0, 0, 0, 0, 0, 0, 0, 0, 0, 0, 0, 0, 0, 0, 0, 0, 0, 0, 0, 0, 0, 0, 0, 0, 0, 0, 0, 0, 0, 0, 0, 0, ]
Ui:
[0, 273, 270, 36, 165, 192, 148, 45, 30, 75, 180, 198, 112, 117, 90, 64, 180, 22, 264, 174, 168, 270, 86, 66, 26, 66, 237, 156, 92, 108, 144, 72, 30, 45, 94, 54, 174, 96, 198, 136, 44, 180, 210, 249, 198, 48, ]
Distance matrix:
|0	281	201	160	249	201	93	431	236	139	252	136	116	166	390	110	349	374	303	180	327	464	236	70	44	461	346	439	363	254	312	426	305	206	71	137	169	200	247	260	20	219	256	253	460	278	|
|281	0	448	170	53	142	338	184	121	290	371	390	222	302	111	289	169	434	230	177	238	441	59	212	319	211	86	235	399	306	53	176	99	202	263	157	361	101	370	201	264	344	364	374	469	184	|
|201	448	0	285	430	325	114	556	361	171	191	64	228	174	546	294	453	306	364	289	388	435	393	254	157	585	491	536	318	254	490	554	436	407	266	292	108	388	186	337	207	181	205	190	408	364	|
|160	170	285	0	169	43	182	280	80	120	208	231	58	132	262	230	190	294	151	24	174	345	112	107	183	309	207	280	268	158	219	276	155	235	187	45	192	150	205	107	140	177	202	210	356	119	|
|249	53	430	169	0	152	317	238	145	282	377	369	212	299	157	242	215	452	261	183	273	474	76	181	290	264	140	287	421	320	63	229	145	148	221	142	352	53	374	226	234	346	370	378	498	215	|
|201	142	325	43	152	0	224	237	37	156	230	273	101	164	224	261	148	300	127	38	147	333	83	142	225	266	167	238	270	168	193	233	112	246	221	70	228	148	228	84	180	202	222	232	351	87	|
|93	338	114	182	317	224	0	460	262	92	180	52	124	112	440	199	364	307	292	191	317	415	284	140	57	490	387	452	304	208	377	457	336	297	163	181	84	274	175	256	95	152	188	180	402	280	|
|431	184	556	280	238	237	460	0	199	385	420	508	337	385	108	464	110	429	219	269	206	378	202	365	460	30	98	84	388	340	204	9	126	386	432	294	453	283	421	226	411	404	408	423	422	198	|
|236	121	361	80	145	37	262	199	0	191	255	310	138	197	191	290	114	312	118	72	133	330	69	175	262	229	132	204	279	186	174	195	75	258	251	102	262	153	254	81	216	230	246	257	353	72	|
|139	290	171	120	282	156	92	385	191	0	116	129	71	27	380	246	283	235	201	119	226	329	231	141	129	414	323	367	224	119	336	383	266	308	202	141	72	252	112	169	127	82	118	117	322	195	|
|252	371	191	208	377	230	180	420	255	116	0	187	178	90	443	361	311	127	204	195	224	246	313	257	232	446	382	380	129	81	423	421	320	422	318	242	100	355	5	195	241	34	15	2	225	224	|
|136	390	64	231	369	273	52	508	310	129	187	0	173	141	491	233	409	313	330	239	355	431	335	191	93	538	438	495	316	233	429	505	385	342	203	233	88	325	182	297	143	167	199	187	412	323	|
|116	222	228	58	212	101	124	337	138	71	178	173	0	91	319	206	244	284	187	69	212	357	165	85	130	367	265	333	264	151	267	333	213	244	161	70	140	181	175	145	97	145	177	180	359	165	|
|166	302	174	132	299	164	112	385	197	27	90	141	91	0	388	273	280	208	191	127	215	305	243	167	153	413	329	361	198	96	351	383	270	333	229	159	68	272	86	163	153	56	92	91	296	190	|
|390	111	546	262	157	224	440	108	191	380	443	491	319	388	0	399	164	480	264	261	261	456	156	320	426	125	62	186	442	369	107	99	125	300	374	260	452	210	443	252	372	420	433	446	494	227	|
|110	289	294	230	242	261	199	464	290	246	361	233	206	273	399	0	402	480	382	254	404	562	262	124	143	493	369	490	466	355	302	457	344	135	45	191	279	189	356	337	120	328	364	362	563	348	|
|349	169	453	190	215	148	364	110	114	283	311	409	244	280	164	402	0	324	110	174	101	292	151	289	372	135	109	90	284	230	212	111	70	354	364	216	348	245	312	118	329	295	298	313	330	90	|
|374	434	306	294	452	300	307	429	312	235	127	313	284	208	480	480	324	0	216	274	223	137	380	368	357	448	419	367	40	136	487	432	358	525	436	336	227	443	132	234	361	156	119	127	102	255	|
|303	230	364	151	261	127	292	219	118	201	204	330	187	191	264	382	110	216	0	128	25	213	185	258	314	243	203	176	178	123	282	221	144	372	338	193	256	270	206	45	283	193	191	206	239	46	|
|180	177	289	24	183	38	191	269	72	119	195	239	69	127	261	254	174	274	128	0	151	321	118	130	198	299	204	263	246	139	228	266	147	258	211	68	191	169	193	83	159	166	188	197	333	98	|
|327	238	388	174	273	147	317	206	133	226	224	355	212	215	261	404	101	223	25	151	0	203	198	281	339	228	202	156	184	143	288	209	146	390	362	215	280	286	226	68	308	215	210	226	235	61	|
|464	441	435	345	474	333	415	378	330	329	246	431	357	305	456	562	292	137	213	321	203	0	398	440	458	390	400	301	117	211	492	384	348	578	517	389	344	480	251	251	448	265	233	246	54	259	|
|236	59	393	112	76	83	284	202	69	231	313	335	165	243	156	262	151	380	185	118	198	398	0	167	270	231	110	233	347	250	110	195	85	203	230	103	303	95	311	150	217	284	305	315	422	139	|
|70	212	254	107	181	142	140	365	175	141	257	191	85	167	320	124	289	368	258	130	281	440	167	0	109	394	277	378	349	236	244	359	239	167	81	73	196	135	253	213	53	223	257	258	444	226	|
|44	319	157	183	290	225	57	460	262	129	232	93	130	153	426	143	372	357	314	198	339	458	270	109	0	490	379	462	351	247	353	456	334	250	110	168	140	243	226	274	56	201	238	232	449	294	|
|461	211	585	309	264	266	490	30	229	414	446	538	367	413	125	493	135	448	243	299	228	390	231	394	490	0	125	89	408	365	226	36	156	412	462	324	481	311	447	253	441	430	433	448	436	225	|
|346	86	491	207	140	167	387	98	132	323	382	438	265	329	62	369	109	419	203	204	202	400	110	277	379	125	0	155	381	307	113	90	63	288	339	211	394	186	382	190	327	359	371	384	436	165	|
|439	235	536	280	287	238	452	84	204	367	380	495	333	361	186	490	90	367	176	263	156	301	233	378	462	89	155	0	326	299	267	92	148	432	454	306	429	325	382	199	419	369	366	382	348	172	|
|363	399	318	268	421	270	304	388	279	224	129	316	264	198	442	466	284	40	178	246	184	117	347	349	351	408	381	326	0	113	452	391	321	502	422	311	229	415	134	199	348	152	118	130	98	219	|
|254	306	254	158	320	168	208	340	186	119	81	233	151	96	369	355	230	136	123	139	143	211	250	236	247	365	307	299	113	0	359	340	244	390	310	200	148	308	83	117	238	74	68	83	208	145	|
|312	53	490	219	63	193	377	204	174	336	423	429	267	351	107	302	212	487	282	228	288	492	110	244	353	226	113	267	452	359	0	195	145	194	283	199	407	115	421	254	296	394	415	425	521	237	|
|426	176	554	276	229	233	457	9	195	383	421	505	333	383	99	457	111	432	221	266	209	384	195	359	456	36	90	92	391	340	195	0	122	378	426	289	451	275	421	226	406	404	408	423	427	197	|
|305	99	436	155	145	112	336	126	75	266	320	385	213	270	125	344	70	358	144	147	146	348	85	239	334	156	63	148	321	244	145	122	0	286	310	168	336	177	320	128	285	298	309	322	381	103	|
|206	202	407	235	148	246	297	386	258	308	422	342	244	333	300	135	354	525	372	258	390	578	203	167	250	412	288	432	502	390	194	378	286	0	144	191	362	109	418	329	202	388	421	423	591	329	|
|71	263	266	187	221	221	163	432	251	202	318	203	161	229	374	45	364	436	338	211	362	517	230	81	110	462	339	454	422	310	283	426	310	144	0	150	239	168	313	294	77	285	321	319	518	306	|
|137	157	292	45	142	70	181	294	102	141	242	233	70	159	260	191	216	336	193	68	215	389	103	73	168	324	211	306	311	200	199	289	168	191	150	0	210	113	239	148	117	210	238	244	400	157	|
|169	361	108	192	352	228	84	453	262	72	100	88	140	68	452	279	348	227	256	191	280	344	303	196	140	481	394	429	229	148	407	451	336	362	239	210	0	318	95	231	164	79	111	100	325	258	|
|200	101	388	150	53	148	274	283	153	252	355	325	181	272	210	189	245	443	270	169	286	480	95	135	243	311	186	325	415	308	115	275	177	109	168	113	318	0	352	230	187	323	351	357	498	225	|
|247	370	186	205	374	228	175	421	254	112	5	182	175	86	443	356	312	132	206	193	226	251	311	253	226	447	382	382	134	83	421	421	320	418	313	239	95	352	0	196	237	30	19	6	230	224	|
|260	201	337	107	226	84	256	226	81	169	195	297	145	163	252	337	118	234	45	83	68	251	150	213	274	253	190	199	199	117	254	226	128	329	294	148	231	230	196	0	240	178	184	198	272	29	|
|20	264	207	140	234	180	95	411	216	127	241	143	97	153	372	120	329	361	283	159	308	448	217	53	56	441	327	419	348	238	296	406	285	202	77	117	164	187	237	240	0	208	245	242	446	257	|
|219	344	181	177	346	202	152	404	230	82	34	167	145	56	420	328	295	156	193	166	215	265	284	223	201	430	359	369	152	74	394	404	298	388	285	210	79	323	30	178	208	0	37	35	250	206	|
|256	364	205	202	370	222	188	408	246	118	15	199	177	92	433	364	298	119	191	188	210	233	305	257	238	433	371	366	118	68	415	408	309	421	321	238	111	351	19	184	245	37	0	17	214	212	|
|253	374	190	210	378	232	180	423	257	117	2	187	180	91	446	362	313	127	206	197	226	246	315	258	232	448	384	382	130	83	425	423	322	423	319	244	100	357	6	198	242	35	17	0	225	226	|
|460	469	408	356	498	351	402	422	353	322	225	412	359	296	494	563	330	102	239	333	235	54	422	444	449	436	436	348	98	208	521	427	381	591	518	400	325	498	230	272	446	250	214	225	0	285	|
|278	184	364	119	215	87	280	198	72	195	224	323	165	190	227	348	90	255	46	98	61	259	139	226	294	225	165	172	219	145	237	197	103	329	306	157	258	225	224	29	257	206	212	226	285	0	|

--------------------------------------------------------------------------------
Building model...
	using lazy and cut (CVRPSEP package)
Solving IRP LP...
--------------------------------------------------------------------------------

Gurobi 9.1.0 (linux64) logging started Sun Jan 17 09:28:41 2021

Gurobi Optimizer version 9.1.0 build v9.1.0rc0 (linux64)
Thread count: 32 physical cores, 32 logical processors, using up to 2 threads
Optimize a model with 1570 rows, 13696 columns and 30877 nonzeros
Model fingerprint: 0x68629d02
Variable types: 724 continuous, 12972 integer (552 binary)
Coefficient statistics:
  Matrix range     [1e+00, 9e+02]
  Objective range  [1e-01, 6e+02]
  Bounds range     [1e+00, 3e+02]
  RHS range        [1e+01, 6e+03]
Presolve removed 184 rows and 46 columns
Presolve time: 0.05s
Presolved: 1386 rows, 13650 columns, 29522 nonzeros
Variable types: 678 continuous, 12972 integer (12432 binary)

Root relaxation: objective 1.313329e+04, 1479 iterations, 0.04 seconds

    Nodes    |    Current Node    |     Objective Bounds      |     Work
 Expl Unexpl |  Obj  Depth IntInf | Incumbent    BestBd   Gap | It/Node Time

     0     0 13133.2868    0  138          - 13133.2868      -     -    0s
     0     0 13463.7770    0  179          - 13463.7770      -     -    0s
     0     0 13472.0414    0  184          - 13472.0414      -     -    0s
     0     0 13472.0414    0  186          - 13472.0414      -     -    0s
     0     0 13876.1037    0  206          - 13876.1037      -     -    1s
     0     0 13906.9051    0  207          - 13906.9051      -     -    1s
     0     0 13908.5545    0  212          - 13908.5545      -     -    1s
     0     0 13908.5894    0  215          - 13908.5894      -     -    1s
     0     0 14064.5942    0  277          - 14064.5942      -     -    1s
     0     0 14068.2784    0  262          - 14068.2784      -     -    1s
     0     0 14068.4771    0  252          - 14068.4771      -     -    1s
     0     0 14181.6410    0  264          - 14181.6410      -     -    2s
     0     0 14184.6181    0  274          - 14184.6181      -     -    2s
     0     0 14190.7144    0  250          - 14190.7144      -     -    2s
     0     0 14195.1663    0  262          - 14195.1663      -     -    2s
     0     0 14198.4731    0  297          - 14198.4731      -     -    2s
     0     0 14198.8888    0  291          - 14198.8888      -     -    2s
     0     0 14232.3769    0  297          - 14232.3769      -     -    3s
     0     0 14247.0645    0  309          - 14247.0645      -     -    3s
     0     0 14251.2713    0  317          - 14251.2713      -     -    3s
     0     0 14251.7560    0  321          - 14251.7560      -     -    3s
     0     0 14351.7172    0  377          - 14351.7172      -     -    3s
     0     0 14374.3728    0  368          - 14374.3728      -     -    4s
     0     0 14382.0416    0  383          - 14382.0416      -     -    4s
     0     0 14383.1940    0  348          - 14383.1940      -     -    4s
     0     0 14402.9186    0  287          - 14402.9186      -     -    5s
     0     0 14406.3837    0  313          - 14406.3837      -     -    5s
     0     0 14407.7880    0  315          - 14407.7880      -     -    5s
     0     0 14422.3839    0  265          - 14422.3839      -     -    5s
     0     0 14422.3839    0  252          - 14422.3839      -     -    6s
     0     2 14422.3839    0  243          - 14422.3839      -     -    8s
     7    10 14453.7693    3  398          - 14430.4951      -   285   10s
    42    45 14544.2777   11  293          - 14430.4951      -   367   15s
    87    94 14679.0163   25  236          - 14430.4951      -   351   20s
   158   169 14880.1656   48  227          - 14430.4951      -   320   25s
   237   256 15323.8180   79  155          - 14430.4951      -   275   30s
   340   394 16407.0677  112  121          - 14430.4951      -   236   35s
   527   603 17428.9781  199   55          - 14430.4951      -   176   40s
   723   822 18719.8708  293   25          - 14430.8583      -   139   46s
   884   889 19678.4300  347    2          - 14430.8583      -   119   50s
   971   914 15017.4613   49  332          - 14455.5049      -   115   55s
   985   923 18311.6100  268  418          - 14478.3984      -   114   60s
   995   930 15880.7968  102  509          - 14505.4356      -   113   65s
  1004   936 18764.8457  297  475          - 14521.7640      -   112   70s
  1016   944 15623.0127   93  615          - 14531.9626      -   110   75s
  1020   949 14536.7922   12  517          - 14536.6725      -   134   80s
  1039   962 14583.6757   17  506          - 14550.2387      -   146   85s
  1061   977 14607.4768   23  478          - 14550.2387      -   157   90s
  1090   999 14641.0420   30  480          - 14550.2387      -   168   95s
  1121  1022 14660.0664   37  405          - 14550.2387      -   177  100s
  1162  1055 14765.7384   49  321          - 14550.2387      -   184  105s
  1243  1106 15065.2926   61  263          - 14550.2387      -   186  110s
  1330  1180 15412.3640   99  190          - 14550.2387      -   185  115s
  1412  1231 15583.0102  122  210          - 14550.2387      -   183  120s
  1497  1291 15744.0160  148  233          - 14550.2387      -   183  125s
  1599  1379 16359.7660  181  116          - 14550.2387      -   182  131s
  1699  1468 16994.8132  217  116          - 14550.2387      -   178  136s
  1823  1493 18067.3056  269   87          - 14550.2387      -   173  140s
  1906  1523 19330.4200  288    -          - 14569.5387      -   170  146s
* 1907  1475             289    19178.020000 14569.5387  24.0%   170  146s
* 1908  1429             287    19116.020000 14569.5387  23.8%   170  146s
* 1912  1384             287    19078.020000 14569.5387  23.6%   170  146s
  1949  1404 14619.6770   15  502 19078.0200 14569.5387  23.6%   170  152s
  1979  1424 14658.7277   19  503 19078.0200 14569.5387  23.6%   171  158s
  2002  1446 14693.5158   18  496 19078.0200 14569.5387  23.6%   172  161s
  2032  1466 14696.8017   21  491 19078.0200 14569.5387  23.6%   172  165s
  2093  1495 14740.3319   23  456 19078.0200 14569.5387  23.6%   172  179s
  2124  1517 14731.4245   25  393 19078.0200 14569.5387  23.6%   171  182s
  2159  1565 14786.1460   30  315 19078.0200 14569.5387  23.6%   170  186s
  2246  1553 14890.8847   31  287 19078.0200 14569.5387  23.6%   167  191s
  2273  1553 14835.8816   34  345 19078.0200 14569.5387  23.6%   167  205s
  2295  1580 14853.8212   37  307 19078.0200 14569.5387  23.6%   169  211s
  2343  1593 14943.6477   37  199 19078.0200 14569.5387  23.6%   171  215s
  2365  1645 14959.5684   47  258 19078.0200 14569.5387  23.6%   172  221s
  2405  1674 15019.4982   56  221 19078.0200 14569.5387  23.6%   173  225s
  2479  1732 15325.9977   74  111 19078.0200 14569.5387  23.6%   174  233s
  2530  1761 15552.6792   85  132 19078.0200 14569.5387  23.6%   174  239s
  2578  1797 15714.1608   94  126 19078.0200 14569.5387  23.6%   174  248s
  2630  1906 15983.5329  101  135 19078.0200 14569.5387  23.6%   174  254s
  2685  1887 16196.6170  117   68 19078.0200 14569.5387  23.6%   172  255s
  2758  1865 16492.2351  126   75 19078.0200 14569.5387  23.6%   171  271s
  2760  2006 16470.2231  126   96 19078.0200 14570.5906  23.6%   171  277s
  2943  1981 14627.5039   16  595 19078.0200 14570.5906  23.6%   165  294s
  2947  1980 16363.1345  122  128 19078.0200 14570.5906  23.6%   166  295s
  3031  2107 14705.7003   23  506 19078.0200 14570.5906  23.6%   165  305s
  3128  2112 14789.0652   24  365 19078.0200 14570.5906  23.6%   164  312s
  3186  2107 14759.6173   28  456 19078.0200 14570.5906  23.6%   164  318s
  3201  2123 14777.4437   32  481 19078.0200 14570.5906  23.6%   165  322s
  3222  2148 14821.9880   37  360 19078.0200 14570.5906  23.6%   167  326s
  3254  2211 14885.9007   42  313 19078.0200 14570.5906  23.6%   168  331s
  3327  2296 14957.7811   53  175 19078.0200 14570.5906  23.6%   168  339s
  3364  2284 16530.1737  120   57 19078.0200 14570.5906  23.6%   168  340s
  3468  2313 15069.2400   61  148 19078.0200 14570.5906  23.6%   164  347s
  3521  2384 15157.9340   80   20 19078.0200 14570.5906  23.6%   165  355s
  3611  2513 15621.0746  100   58 19078.0200 14578.4519  23.6%   164  363s
  3694  2529 16569.3767  138    5 19078.0200 14578.4519  23.6%   162  365s
  3822  2566 17426.2212  166   19 19078.0200 14588.4558  23.5%   160  372s
  3866  2587 18580.2600  188    - 19078.0200 14589.4877  23.5%   161  378s
  3898  2629 18669.6600  188   10 19078.0200 14589.7146  23.5%   162  385s
  3967  2750 18696.7600  191    - 19078.0200 14594.7266  23.5%   162  394s
  4096  2796 18866.7267  196   14 19078.0200 14594.7352  23.5%   160  403s
  4174  2816 18970.3800  198    - 19078.0200 14595.4180  23.5%   160  411s
  4232  2835 18981.7200  198    6 19078.0200 14598.1963  23.5%   161  419s
  4261  2855 19053.2000  201   10 19078.0200 14601.1770  23.5%   163  427s
  4299  2896 19070.3700  203   12 19078.0200 14602.3128  23.5%   164  435s
  4342  3036 19074.2600  200    - 19078.0200 14602.7935  23.5%   166  447s
  4497  3100     cutoff  200      19078.0200 14613.5161  23.4%   164  457s
  4578  3201 15355.5452   47  231 19078.0200 14613.5975  23.4%   165  466s
  4711  3227 infeasible  158      19078.0200 14617.4481  23.4%   164  475s
  4737  3276 14947.3397   36  316 19078.0200 14617.4481  23.4%   166  483s
  4786  3491 15305.0297   50  283 19078.0200 14617.4621  23.4%   167  496s
  5085  3516     cutoff  168      19078.0200 14619.8780  23.4%   162  508s
  5112  3613 15247.9873   39  351 19078.0200 14619.8780  23.4%   164  518s
  5213  3735 16617.8306  116   88 19078.0200 14619.9292  23.4%   164  530s
  5382  3835 17868.2866  162   39 19078.0200 14622.2884  23.4%   163  541s
  5546  3882     cutoff  193      19078.0200 14626.1068  23.3%   161  554s
  5599  3906 14678.8088   26  593 19078.0200 14628.9569  23.3%   163  563s
  5625  4037 14870.6619   31  322 19078.0200 14628.9569  23.3%   165  577s
  5757  4040 18221.8600  147    - 19078.0200 14628.9569  23.3%   165  580s
  5777  4081 15314.6477   42  315 19078.0200 14628.9569  23.3%   165  590s
  5820  4180 15599.8453   54  266 19078.0200 14628.9569  23.3%   167  606s
  5921  4366 16554.5780   90   79 19078.0200 14631.8076  23.3%   169  624s
  5953  4366 16734.5017   99   32 19078.0200 14631.8076  23.3%   168  625s
  6145  4476 14771.8759   33  457 19078.0200 14631.8076  23.3%   167  640s
  6276  4595 14841.6613   47  340 19078.0200 14631.8076  23.3%   167  654s
  6324  4595 15020.2690   73   71 19078.0200 14631.8076  23.3%   167  655s
  6392  4767 15178.5417   86  139 19078.0200 14633.7132  23.3%   168  670s
  6605  4813 16282.6513  134   50 19078.0200 14634.3830  23.3%   167  683s
  6654  4879 16683.6910  145   42 19078.0200 14636.4960  23.3%   169  695s
  6742  5030 18045.1400  181    - 19078.0200 14638.4297  23.3%   169  711s
  6919  5131 15211.6714   40  305 19078.0200 14638.4785  23.3%   169  726s
  7069  5431 16223.7178   66  217 19078.0200 14641.0555  23.3%   168  750s
  7393  5447 19008.0000  172    4 19078.0200 14641.0555  23.3%   163  755s
  7433  5473 14710.3675   26  423 19078.0200 14641.5736  23.3%   164  781s
  7453  5528 14881.6729   38  445 19078.0200 14641.5736  23.3%   165  795s
  7508  5780 15093.9065   58  235 19078.0200 14641.5736  23.3%   167  815s
  7788  5955 15969.2126  119  100 19078.0200 14641.5736  23.3%   166  873s
  7890  5956 15365.3565   98  152 19078.0200 14641.5736  23.3%   166  875s
  7960  6078 16776.8800  146    9 19078.0200 14642.1720  23.3%   165  895s
  8138  6192 17294.6310  157   54 19078.0200 14643.1884  23.2%   166  916s
  8306  6370 18190.2733  189   26 19078.0200 14643.6368  23.2%   164  938s
  8397  6385 15344.9255   51  227 19078.0200 14643.9991  23.2%   165  940s
  8502  6443 18486.6900  194    - 19078.0200 14645.1321  23.2%   164  958s
  8598  6486 18809.4300  199    - 19078.0200 14648.9431  23.2%   166  977s
  8644  6563 14854.9563   30  523 19078.0200 14649.4890  23.2%   168  994s
  8662  6563 15009.9449   38  327 19078.0200 14649.4890  23.2%   169  995s
  8708  6795 15027.2274   40  346 19078.0200 14649.4890  23.2%   170 1019s
  8725  6795 15146.5443   46  311 19078.0200 14649.4890  23.2%   171 1020s
  8993  7068 15431.3079   56  142 19078.0200 14649.4890  23.2%   170 1048s
  9089  7068 15548.1701  110   60 19078.0200 14649.4890  23.2%   170 1050s
  9284  7187 16467.0033  130   56 19078.0200 14650.4287  23.2%   169 1071s
  9444  7396 17747.0400  158   45 19078.0200 14652.5644  23.2%   169 1094s
  9494  7407 15874.3658   44  217 19078.0200 14652.5644  23.2%   169 1095s
  9713  7498 18880.6978  184   26 19078.0200 14653.0213  23.2%   168 1115s
  9832  7696 15116.9396   43  270 19078.0200 14654.3490  23.2%   168 1136s
 10067  7721 16334.8534   82   25 19078.0200 14654.4037  23.2%   168 1140s
 10084  7841 18490.9515  169   36 19078.0200 14654.7322  23.2%   168 1158s
 10269  8022 14784.7650   25  578 19078.0200 14654.9054  23.2%   168 1180s
 10421  8130 14981.4321   43  380 19078.0200 14654.9054  23.2%   169 1200s
 10549  8414 15169.3864   69  213 19078.0200 14654.9054  23.2%   170 1224s
 10613  8414 15490.3684   93   94 19078.0200 14654.9054  23.2%   171 1225s
 10897  8676 15687.6576  124   65 19078.0200 14655.3668  23.2%   169 1249s
 10929  8676 15974.2540  133   56 19078.0200 14655.3668  23.2%   169 1250s
 11229  8758 17126.0600  175   29 19078.0200 14656.2220  23.2%   167 1271s
 11307  8902 17508.9467  181   29 19078.0200 14658.2877  23.2%   169 1293s
 11398  8913 15869.3225   77   83 19078.0200 14658.4103  23.2%   169 1295s
 11511  8981 18107.3856  203   17 19078.0200 14658.5473  23.2%   168 1313s
 11602  9083 15037.5383   42  338 19078.0200 14658.6034  23.2%   169 1332s
 11696  9570 15258.3900   69   12 19078.0200 14658.8483  23.2%   170 1365s
 12013  9586 15442.5227  114    4 19078.0200 14658.8499  23.2%   169 1370s
 12334  9638 16798.8750  212   17 19078.0200 14658.8499  23.2%   166 1375s
 12346  9686 17118.9878  143   20 19078.0200 14658.9658  23.2%   166 1392s
 12429  9865 17742.5800  160    8 19078.0200 14659.1116  23.2%   167 1411s
 12652  9962 17932.9300  161    8 19078.0200 14660.1915  23.2%   167 1432s
 12757 10004 18590.3283  187   16 19078.0200 14660.3561  23.2%   168 1450s
 12845 10073 14889.8646   42  500 19078.0200 14660.7288  23.2%   168 1468s
 12892 10234 14923.1736   45  423 19078.0200 14660.7288  23.2%   170 1490s
 13081 10413 15141.3868   50  296 19078.0200 14660.7288  23.2%   170 1515s
 13356 10537 15128.3850   55  222 19078.0200 14660.7288  23.2%   169 1536s
 13441 10621 15353.2788   67  237 19078.0200 14660.7288  23.2%   170 1556s
 13551 10751 15605.8191   78  114 19078.0200 14660.7288  23.2%   171 1577s
 13684 11018 15769.4653  100   15 19078.0200 14666.2723  23.1%   172 1605s
 13972 11055 16466.2450  149    8 19078.0200 14666.2723  23.1%   170 1610s
 14080 11159 17435.6076  169   73 19078.0200 14666.5207  23.1%   170 1630s
 14208 11166     cutoff  225      19078.0200 14666.5809  23.1%   170 1678s
 14223 11246 14770.4992   16  339 19078.0200 14666.8517  23.1%   170 1705s
 14303 11340 15446.5698   42  176 19078.0200 14667.7983  23.1%   171 1727s
 14436 11396 15162.3650   33  432 19078.0200 14669.0599  23.1%   172 1759s
 14534 11485 15352.8173   48  379 19078.0200 14669.0599  23.1%   171 1777s
 14614 11545 16766.0128  108  165 19078.0200 14670.5025  23.1%   172 1797s
 14704 11685 17831.7541  147   62 19078.0200 14670.6049  23.1%   173 1818s
 14846 11821     cutoff  201      19078.0200 14670.8086  23.1%   174 1845s
 15035 11995 14997.2292   32  510 19078.0200 14670.8155  23.1%   174 1871s
 15254 12078 15292.3378   40  343 19078.0200 14670.8155  23.1%   174 1892s
 15332 12205 15568.1879   55  239 19078.0200 14670.8155  23.1%   175 1915s
 15469 12411 16735.0816   88  124 19078.0200 14672.3467  23.1%   176 1944s
 15533 12411 17176.6517  104   46 19078.0200 14672.3467  23.1%   175 1945s
 15714 12624 18691.5700  140   14 19078.0200 14672.3544  23.1%   175 1971s
 16048 12733 18781.2812  143   29 19078.0200 14672.6766  23.1%   174 1996s
 16145 12919 18877.7200  148   18 19078.0200 14672.7088  23.1%   175 2020s
 16379 12977 19010.9100  153    6 19078.0200 14675.9575  23.1%   174 2045s
 16444 13039 15143.9087   34  357 19078.0200 14676.9766  23.1%   175 2066s
 16520 13158 15460.1896   44  198 19078.0200 14676.9766  23.1%   176 2087s
 16621 13468 15974.5022   66   52 19078.0200 14677.2314  23.1%   177 2119s
 16653 13468 16512.6253   80  168 19078.0200 14677.2314  23.1%   177 2120s
 17037 13638     cutoff  145      19078.0200 14678.1792  23.1%   175 2147s
 17202 13675 14695.6118   22  663 19078.0200 14678.8309  23.1%   176 2170s
 17268 13739 15047.7096   35  402 19078.0200 14678.8309  23.1%   176 2191s
 17332 13917 15746.7750   67  187 19078.0200 14679.3754  23.1%   177 2214s
 17348 13917 15881.8952   83  124 19078.0200 14679.3754  23.1%   177 2215s
 17551 13955 18274.3833  201   15 19078.0200 14679.7614  23.1%   177 2239s
 17601 14016 18667.1942  205   20 19078.0200 14680.5782  23.0%   178 2258s
 17688 14038 19012.8413  217   26 19078.0200 14682.2847  23.0%   178 2406s
 17720 14105 14812.4436   22  435 19078.0200 14682.2976  23.0%   179 2428s
 17787 14358 15269.8414   47  286 19078.0200 14682.3932  23.0%   179 2455s
 18145 14446 18951.6600  198    - 19078.0200 14682.6841  23.0%   178 2482s
 18233 14453     cutoff  198      19078.0200 14682.9813  23.0%   178 2511s
 18249 14496 14871.5956   30  540 19078.0200 14683.6236  23.0%   178 2535s
 18295 14586 15024.1436   41  320 19078.0200 14683.6236  23.0%   180 2563s
 18350 14586 15127.5853   40  177 19078.0200 14683.6236  23.0%   180 2565s
 18387 14863 15241.0065   61  221 19078.0200 14683.6236  23.0%   181 2599s
 18403 14863 15396.1332   69   82 19078.0200 14683.6236  23.0%   181 2600s
 18700 14878 16580.1200  129   10 19078.0200 14683.6236  23.0%   180 2605s
 18706 15071 15535.0252  128   56 19078.0200 14685.2625  23.0%   180 2636s
 18916 15095 17451.8200  229    - 19078.0200 14685.2625  23.0%   179 2640s
 18963 15136 15486.3088   34  258 19078.0200 14685.6860  23.0%   180 2665s
 19030 15386 15291.7474   33  246 19078.0200 14686.6397  23.0%   180 2697s
 19161 15386 17543.2414   86   96 19078.0200 14686.6397  23.0%   180 2700s
 19306 15427 15052.4154   24  538 19078.0200 14686.8476  23.0%   180 2727s
 19354 15542 15765.8368   43  329 19078.0200 14686.8476  23.0%   181 2753s
 19468 15547 15203.6430   47  129 19078.0200 14686.8476  23.0%   181 2755s
 19473 15630 17314.9067  122   80 19078.0200 14687.1781  23.0%   181 2782s
 19599 15696 18853.5400  185    - 19078.0200 14687.8661  23.0%   181 2809s
 19625 15700 15436.6032   43  129 19078.0200 14687.8661  23.0%   182 2810s
 19672 15755 19005.2934  185    4 19078.0200 14688.2630  23.0%   182 2840s
 19757 15789     cutoff  197      19078.0200 14689.5331  23.0%   183 2872s
 19804 16045 15513.6268   47  214 19078.0200 14691.9649  23.0%   184 2906s
 19950 16051 17905.5978  181    8 19078.0200 14691.9649  23.0%   183 2910s
 20129 16101 18941.7300  199   10 19078.0200 14693.0284  23.0%   182 2944s
 20146 16109 18695.4189  200   14 19078.0200 14693.0284  23.0%   182 2945s
 20196 16208 18979.9000  202    6 19078.0200 14693.6112  23.0%   183 2977s
 20324 16217 15043.4269   40  365 19078.0200 14693.8426  23.0%   183 2980s
 20337 16259 19020.8600  203   12 19078.0200 14693.8928  23.0%   184 3012s
 20401 16298 19034.9200  204    4 19078.0200 14694.0021  23.0%   184 3047s
 20451 16357 19052.7900  205   10 19078.0200 14694.6230  23.0%   185 3080s
*20480 15335             164    18131.970000 14694.8814  19.0%   186 3080s
 20523 15586 15436.5727   40  345 18131.9700 14695.0044  19.0%   186 3114s
 20540 15586 15903.8237   57  169 18131.9700 14695.0044  19.0%   186 3115s
 20833 15605     cutoff  171      18131.9700 14695.0198  19.0%   185 3151s
 20837 15727 14924.7165   27  473 18131.9700 14695.0198  19.0%   185 3181s
 20999 15860 15536.8539   59  342 18131.9700 14695.1709  19.0%   185 3215s
 21169 15936     cutoff  176      18131.9700 14695.2413  19.0%   185 3251s
 21267 16103 16154.8000   75    8 18131.9700 14695.7123  19.0%   186 3285s
 21513 16269 17638.4879  124   32 18131.9700 14695.9723  18.9%   186 3323s
 21586 16269 16718.2881   86   70 18131.9700 14695.9723  18.9%   186 3325s
 21740 16376 14923.8267   19  359 18131.9700 14697.2329  18.9%   186 3360s
 21844 16514 15571.6152   59  120 18131.9700 14697.7063  18.9%   186 3399s
 21877 16514 15767.1746   75   49 18131.9700 14697.7063  18.9%   186 3400s
 22014 16666 15033.1417   31  346 18131.9700 14697.8117  18.9%   187 3437s
 22123 16666 16439.1685   92   40 18131.9700 14697.8117  18.9%   187 3440s
 22180 16780 16385.5632   92  117 18131.9700 14698.1967  18.9%   187 3476s
 22324 16907     cutoff  177      18131.9700 14698.3214  18.9%   187 3511s
 22457 17095 15256.1913   41  334 18131.9700 14698.4534  18.9%   187 3550s
 22714 17188 17299.7956  168   67 18131.9700 14698.8461  18.9%   187 3589s
 22774 17191 15021.9576   39  335 18131.9700 14698.8461  18.9%   187 3590s
 22801 17204 15033.7724   44  354 18131.9700 14698.8808  18.9%   187 3600s

Cutting planes:
  User: 3977
  Gomory: 25
  Cover: 513
  Implied bound: 81
  Projected implied bound: 32
  Clique: 19
  MIR: 136
  StrongCG: 2
  Flow cover: 593
  GUB cover: 2
  Inf proof: 1
  Zero half: 82
  Network: 3
  RLT: 435
  Relax-and-lift: 23
  Lazy constraints: 7336

Explored 22814 nodes (4290318 simplex iterations) in 3600.35 seconds
Thread count was 2 (of 32 available processors)

Solution count 4: 18132 19078 19116 19178 

Time limit reached
Best objective 1.813197000000e+04, best bound 1.469888078315e+04, gap 18.9339%

User-callback calls 438885, time in user-callback 238.90 sec
================================================================================
executing instance: ./input/Instances/Original/1/absH3high_2n45.dat
--------------------------------------------------------------------------------
Instance details
n	46
H	3
C	3171
Li:
[0, 0, 0, 0, 0, 0, 0, 0, 0, 0, 0, 0, 0, 0, 0, 0, 0, 0, 0, 0, 0, 0, 0, 0, 0, 0, 0, 0, 0, 0, 0, 0, 0, 0, 0, 0, 0, 0, 0, 0, 0, 0, 0, 0, 0, 0, ]
Ui:
[0, 246, 160, 78, 20, 87, 144, 40, 20, 82, 60, 96, 24, 136, 160, 108, 160, 26, 228, 51, 24, 240, 231, 70, 32, 105, 174, 114, 246, 126, 132, 76, 22, 42, 255, 132, 148, 162, 66, 111, 102, 240, 123, 201, 297, 78, ]
Distance matrix:
|0	148	402	550	329	420	187	318	366	280	504	273	233	333	112	344	379	481	113	593	159	523	261	424	90	359	163	461	413	240	105	299	265	89	371	462	339	273	495	22	41	439	369	506	563	468	|
|148	0	284	517	394	284	136	369	244	311	496	166	329	355	223	202	338	388	204	565	254	506	118	346	71	423	173	471	336	118	105	352	198	105	248	428	302	305	487	153	179	441	230	497	517	370	|
|402	284	0	350	448	80	228	406	42	343	382	129	456	350	412	126	219	131	382	395	410	371	180	137	314	466	289	400	137	167	389	401	169	316	39	280	217	342	373	394	414	362	108	380	324	106	|
|550	517	350	0	339	429	385	308	374	295	93	375	431	249	481	461	180	239	458	48	445	57	474	214	496	333	387	160	216	424	601	321	320	471	376	90	217	301	93	530	534	146	452	88	52	262	|
|329	394	448	339	0	513	282	42	438	105	255	363	115	108	221	484	259	431	217	365	172	289	436	362	333	30	224	189	353	380	423	47	291	296	443	285	240	107	251	307	294	193	495	260	378	437	|
|420	284	80	429	513	0	267	473	76	408	462	163	509	421	449	86	298	201	421	474	455	451	167	217	330	533	333	478	217	181	386	466	225	341	70	360	291	406	453	416	438	440	59	460	400	176	|
|187	136	228	385	282	267	0	249	199	186	360	104	248	224	184	214	207	294	155	432	189	371	155	237	113	308	68	336	227	101	216	236	78	98	205	296	168	181	350	174	190	305	231	360	390	283	|
|318	369	406	308	42	473	249	0	397	66	229	325	128	67	216	447	218	389	206	337	168	260	402	320	311	61	196	167	311	345	406	19	252	275	403	248	198	70	223	296	286	164	457	233	344	395	|
|366	244	42	374	438	76	199	397	0	332	397	96	436	346	383	90	228	168	354	420	385	389	139	161	277	458	263	408	158	128	349	391	150	282	6	298	218	331	388	359	380	370	78	395	352	144	|
