




arguments: ./build/mirp_solver -f ./input/orig_exec_100.cfg
Current dir: /scratch/gui/bnc_mirp
File verbosity level: 9
date       time         ( uptime  ) [ thread name/id ]                   file:line     v| 
2021-01-09 21:02:46.485 (   0.111s) [main thread     ]             loguru.cpp:789   INFO| Logging to './output/vi_qua/OU/V3/Original/execution_09_01_2021_21_02_46.log', mode: 'a', verbosity: 9
--------------------------------------------------------------------------------
Parameters
                           instance_path           ./input/Instances/Original/3/
                            model_policy                                       1
                             nb_vehicles                                       3
                              output_dir         ./output/vi_qua/OU/V3/Original/
                            sec_strategy                                       1
                       solver_nb_threads                                       2
                         solver_show_log                                    true
                       solver_time_limit                                    3600
                              use_vi_cos                                   false
                              use_vi_cus                                   false
                         use_vi_hc1_full                                   false
                         use_vi_hc1_half                                   false
                      use_vi_hc1_quarter                                   false
                              use_vi_hc2                                   false
                              use_vi_hc3                                   false
                         use_vi_lex_full                                   false
                         use_vi_lex_half                                   false
                      use_vi_lex_quarter                                   false
                              use_vi_qua                                    true
                               use_vi_vc                                   false
                               use_vi_vr                                   false
--------------------------------------------------------------------------------
executing instance: ./input/Instances/Original/3/absH3low_2n5.dat
--------------------------------------------------------------------------------
Instance details
n	6
H	3
C	237
Li:
[0, 0, 0, 0, 0, 0, ]
Ui:
[0, 93, 180, 51, 114, 24, ]
Distance matrix:
|0	170	318	35	112	235	|
|170	0	311	205	258	301	|
|318	311	0	326	278	137	|
|35	205	326	0	89	230	|
|112	258	278	89	0	160	|
|235	301	137	230	160	0	|

--------------------------------------------------------------------------------
Building model...
	using lazy and cut (CVRPSEP package)
Solving IRP LP...
--------------------------------------------------------------------------------

Gurobi 9.1.0 (linux64) logging started Sat Jan  9 21:02:46 2021

Gurobi Optimizer version 9.1.0 build v9.1.0rc0 (linux64)
Thread count: 32 physical cores, 32 logical processors, using up to 2 threads
Optimize a model with 171 rows, 258 columns and 873 nonzeros
Model fingerprint: 0xd4f56627
Variable types: 69 continuous, 189 integer (54 binary)
Coefficient statistics:
  Matrix range     [1e+00, 2e+02]
  Objective range  [1e-02, 3e+02]
  Bounds range     [1e+00, 2e+02]
  RHS range        [1e+01, 5e+02]
Presolve removed 43 rows and 31 columns
Presolve time: 0.01s
Presolved: 128 rows, 227 columns, 712 nonzeros
Variable types: 43 continuous, 184 integer (134 binary)
Found heuristic solution: objective 2154.5200000

Root relaxation: objective 7.933909e+02, 239 iterations, 0.01 seconds

    Nodes    |    Current Node    |     Objective Bounds      |     Work
 Expl Unexpl |  Obj  Depth IntInf | Incumbent    BestBd   Gap | It/Node Time

     0     0  793.39092    0   35 2154.52000  793.39092  63.2%     -    0s
     0     0 1162.86642    0   43 2154.52000 1162.86642  46.0%     -    0s
     0     0 1170.94693    0   35 2154.52000 1170.94693  45.7%     -    0s
     0     0 1171.15261    0   35 2154.52000 1171.15261  45.6%     -    0s
     0     0 1344.00910    0   56 2154.52000 1344.00910  37.6%     -    0s
H    0     0                    2053.2800000 1344.00910  34.5%     -    0s
     0     0 1363.27605    0   67 2053.28000 1363.27605  33.6%     -    0s
     0     0 1370.15860    0   73 2053.28000 1370.15860  33.3%     -    0s
     0     0 1371.30785    0   67 2053.28000 1371.30785  33.2%     -    0s
     0     0 1371.39536    0   69 2053.28000 1371.39536  33.2%     -    0s
     0     0 1493.08930    0   67 2053.28000 1493.08930  27.3%     -    0s
H    0     0                    1850.9400000 1493.08930  19.3%     -    0s
     0     0 1505.64189    0   66 1850.94000 1505.64189  18.7%     -    0s
     0     0 1512.67919    0   73 1850.94000 1512.67919  18.3%     -    0s
     0     0 1514.30780    0   87 1850.94000 1514.30780  18.2%     -    0s
     0     0 1514.53320    0   68 1850.94000 1514.53320  18.2%     -    0s
     0     0 1547.43055    0   70 1850.94000 1547.43055  16.4%     -    0s
H    0     0                    1828.9000000 1547.43055  15.4%     -    0s
     0     0 1549.59235    0   72 1828.90000 1549.59235  15.3%     -    0s
     0     0 1550.48622    0   76 1828.90000 1550.48622  15.2%     -    0s
     0     0 1550.65474    0   76 1828.90000 1550.65474  15.2%     -    0s
     0     0 1563.60576    0   67 1828.90000 1563.60576  14.5%     -    0s
     0     0 1568.52109    0   65 1828.90000 1568.52109  14.2%     -    0s
     0     0 1568.55664    0   57 1828.90000 1568.55664  14.2%     -    0s
     0     0 1571.28509    0   74 1828.90000 1571.28509  14.1%     -    0s
H    0     0                    1801.9000000 1571.28509  12.8%     -    0s
     0     0 1571.33464    0   57 1801.90000 1571.33464  12.8%     -    0s
     0     0 1575.77043    0   76 1801.90000 1575.77043  12.5%     -    0s
     0     0 1575.77043    0   71 1801.90000 1575.77043  12.5%     -    0s
H    0     0                    1789.0400000 1575.77043  11.9%     -    0s
     0     2 1590.34841    0   71 1789.04000 1590.34841  11.1%     -    0s
H   30    14                    1788.6600000 1637.39011  8.46%  23.8    0s
*   62    16               5    1764.3500000 1665.19414  5.62%  19.9    0s
*  108     5               9    1720.8300000 1708.22822  0.73%  17.5    0s

Cutting planes:
  User: 6
  Gomory: 4
  Cover: 30
  Implied bound: 9
  Clique: 2
  MIR: 34
  Flow cover: 30
  Network: 1
  RLT: 23
  Relax-and-lift: 6

Explored 120 nodes (2979 simplex iterations) in 0.35 seconds
Thread count was 2 (of 32 available processors)

Solution count 9: 1720.83 1764.35 1788.66 ... 2154.52

Optimal solution found (tolerance 1.00e-04)
Best objective 1.720830000000e+03, best bound 1.720830000000e+03, gap 0.0000%

User-callback calls 553, time in user-callback 0.03 sec
================================================================================
executing instance: ./input/Instances/Original/3/absH3high_5n30.dat
--------------------------------------------------------------------------------
Instance details
n	31
H	3
C	2296
Li:
[0, 0, 0, 0, 0, 0, 0, 0, 0, 0, 0, 0, 0, 0, 0, 0, 0, 0, 0, 0, 0, 0, 0, 0, 0, 0, 0, 0, 0, 0, 0, ]
Ui:
[0, 80, 90, 297, 28, 264, 123, 192, 112, 32, 72, 88, 294, 129, 126, 105, 110, 237, 246, 92, 72, 147, 54, 96, 128, 96, 84, 28, 74, 196, 192, ]
Distance matrix:
|0	87	302	65	389	171	219	120	412	339	129	63	169	401	383	158	393	161	246	275	64	287	345	235	13	274	106	201	85	358	135	|
|87	0	334	128	402	212	301	204	465	384	187	145	232	424	454	238	475	245	289	352	80	307	352	321	81	352	20	261	170	376	215	|
|302	334	0	239	113	132	237	334	157	70	404	263	162	105	227	229	339	251	65	217	259	53	107	352	293	220	339	134	270	75	235	|
|65	128	239	0	330	107	175	130	348	275	174	40	107	339	326	114	351	125	181	224	58	228	290	222	58	224	143	138	65	297	92	|
|389	402	113	330	0	226	349	438	210	151	502	360	269	48	316	339	441	362	175	328	335	102	55	465	377	330	401	245	371	37	342	|
|171	212	132	107	226	0	169	214	253	173	276	134	64	233	261	130	326	153	77	188	133	125	192	264	162	190	220	68	145	193	125	|
|219	301	237	175	349	169	0	157	257	223	244	157	105	334	180	62	175	61	177	63	233	264	334	118	221	61	317	112	136	312	85	|
|120	204	334	130	438	214	157	0	402	348	88	90	173	438	336	115	307	100	269	220	172	338	406	122	130	218	224	204	69	403	101	|
|412	465	157	348	210	253	257	402	0	88	486	359	245	166	129	287	266	303	178	204	386	208	239	370	406	207	473	212	354	187	304	|
|339	384	70	275	151	173	223	348	88	0	427	291	179	120	166	234	290	254	96	187	306	123	166	342	332	190	391	145	291	119	247	|
|129	187	404	174	502	276	244	88	486	427	0	142	248	508	424	200	390	187	342	308	193	400	464	192	142	306	207	281	136	469	182	|
|63	145	263	40	360	134	157	90	359	291	142	0	114	366	321	95	331	99	202	212	90	258	323	186	65	211	163	148	27	327	72	|
|169	232	162	107	269	64	105	173	245	179	248	114	0	266	222	71	268	94	97	131	155	173	244	203	164	132	245	34	113	233	73	|
|401	424	105	339	48	233	334	438	166	120	508	366	266	0	280	332	409	355	169	305	353	117	96	452	391	308	425	237	374	49	339	|
|383	454	227	326	316	261	180	336	129	166	424	321	222	280	0	231	137	238	208	116	376	277	331	272	381	118	467	197	307	285	253	|
|158	238	229	114	339	130	62	115	287	234	200	95	71	332	231	0	238	23	164	118	171	243	314	134	159	117	255	95	77	302	23	|
|393	475	339	351	441	326	175	307	266	290	390	331	268	409	137	238	0	232	300	138	408	383	445	204	395	136	492	258	308	406	260	|
|161	245	251	125	362	153	61	100	303	254	187	99	94	355	238	23	232	0	187	123	183	267	338	111	164	121	262	117	77	325	34	|
|246	289	65	181	175	77	177	269	178	96	342	202	97	169	208	164	300	187	0	168	210	87	157	290	238	171	296	70	206	138	170	|
|275	352	217	224	328	188	63	220	204	187	308	212	131	305	116	118	138	123	168	0	279	255	322	166	275	3	367	120	195	291	141	|
|64	80	259	58	335	133	233	172	386	306	193	90	155	353	376	171	408	183	210	279	0	236	289	276	51	279	90	182	117	307	150	|
|287	307	53	228	102	125	264	338	208	123	400	258	173	117	277	243	383	267	87	255	236	0	71	374	276	257	308	153	270	71	245	|
|345	352	107	290	55	192	334	406	239	166	464	323	244	96	331	314	445	338	157	322	289	71	0	445	334	325	350	224	337	54	315	|
|235	321	352	222	465	264	118	122	370	342	192	186	203	452	272	134	204	111	290	166	276	374	445	0	243	164	341	221	159	428	142	|
|13	81	293	58	377	162	221	130	406	332	142	65	164	391	381	159	395	164	238	275	51	276	334	243	0	274	100	196	89	347	136	|
|274	352	220	224	330	190	61	218	207	190	306	211	132	308	118	117	136	121	171	3	279	257	325	164	274	0	367	122	194	294	140	|
|106	20	339	143	401	220	317	224	473	391	207	163	245	425	467	255	492	262	296	367	90	308	350	341	100	367	0	272	188	377	232	|
|201	261	134	138	245	68	112	204	212	145	281	148	34	237	197	95	258	117	70	120	182	153	224	221	196	122	272	0	146	208	103	|
|85	170	270	65	371	145	136	69	354	291	136	27	113	374	307	77	308	77	206	195	117	270	337	159	89	194	188	146	0	337	54	|
|358	376	75	297	37	193	312	403	187	119	469	327	233	49	285	302	406	325	138	291	307	71	54	428	347	294	377	208	337	0	306	|
|135	215	235	92	342	125	85	101	304	247	182	72	73	339	253	23	260	34	170	141	150	245	315	142	136	140	232	103	54	306	0	|

--------------------------------------------------------------------------------
Building model...
	using lazy and cut (CVRPSEP package)
Solving IRP LP...
--------------------------------------------------------------------------------

Gurobi 9.1.0 (linux64) logging started Sat Jan  9 21:02:47 2021

Gurobi Optimizer version 9.1.0 build v9.1.0rc0 (linux64)
Thread count: 32 physical cores, 32 logical processors, using up to 2 threads
Optimize a model with 871 rows, 4858 columns and 11848 nonzeros
Model fingerprint: 0xaf575917
Variable types: 394 continuous, 4464 integer (279 binary)
Coefficient statistics:
  Matrix range     [1e+00, 8e+02]
  Objective range  [1e-01, 5e+02]
  Bounds range     [1e+00, 3e+02]
  RHS range        [1e+01, 4e+03]
Presolve removed 169 rows and 76 columns
Presolve time: 0.07s
Presolved: 702 rows, 4782 columns, 11048 nonzeros
Variable types: 303 continuous, 4479 integer (4194 binary)

Root relaxation: objective 8.913816e+03, 1029 iterations, 0.02 seconds

    Nodes    |    Current Node    |     Objective Bounds      |     Work
 Expl Unexpl |  Obj  Depth IntInf | Incumbent    BestBd   Gap | It/Node Time

     0     0 8913.81602    0   93          - 8913.81602      -     -    0s
     0     0 9173.64140    0  116          - 9173.64140      -     -    0s
     0     0 9192.82212    0  127          - 9192.82212      -     -    0s
     0     0 9626.35915    0  179          - 9626.35915      -     -    0s
     0     0 9678.01435    0  156          - 9678.01435      -     -    0s
     0     0 9678.76775    0  181          - 9678.76775      -     -    0s
     0     0 9678.92580    0  179          - 9678.92580      -     -    0s
     0     0 9790.82989    0  181          - 9790.82989      -     -    0s
     0     0 9811.89639    0  210          - 9811.89639      -     -    0s
     0     0 9813.19029    0  198          - 9813.19029      -     -    0s
     0     0 9813.50728    0  200          - 9813.50728      -     -    0s
     0     0 9887.54402    0  231          - 9887.54402      -     -    0s
     0     0 9896.61919    0  199          - 9896.61919      -     -    0s
     0     0 9897.24811    0  204          - 9897.24811      -     -    0s
     0     0 9907.41076    0  234          - 9907.41076      -     -    0s
     0     0 9910.34466    0  273          - 9910.34466      -     -    1s
     0     0 9910.74920    0  258          - 9910.74920      -     -    1s
     0     0 9920.07691    0  239          - 9920.07691      -     -    1s
     0     0 9921.46303    0  257          - 9921.46303      -     -    1s
     0     0 9922.05164    0  240          - 9922.05164      -     -    1s
     0     0 9924.27831    0  216          - 9924.27831      -     -    1s
     0     0 9924.27831    0  211          - 9924.27831      -     -    1s
     0     2 9925.96211    0  183          - 9925.96211      -     -    1s
    98   103 10451.4271   28  192          - 9928.19445      -   211    5s
   544   529 14412.6800  232    4          - 9931.26462      -  87.8   10s
*  564   536             239    14656.820000 9931.26462  32.2%  85.0   10s
H  636   532                    14268.390000 9933.13446  30.4%  85.9   11s
   691   593 10157.5879   25  185 14268.3900 9933.13446  30.4%  91.4   15s
   748   636 10080.6105   19  366 14268.3900 9994.86548  30.0%  89.5   20s
   783   660 12204.8672  114  103 14268.3900 10030.7552  29.7%  96.2   25s
H  802   639                    14123.260000 10033.4033  29.0%  93.9   28s
   813   646 10295.8435   31  393 14123.2600 10034.5666  29.0%  92.6   30s
   824   657 10077.5956   25  223 14123.2600 10051.0005  28.8%   100   35s
   932   729 10216.7911   53  212 14123.2600 10064.2330  28.7%   105   40s
  1059   830 10605.0337   87  117 14123.2600 10064.2330  28.7%   111   45s
  1174   890 10623.7555  120  136 14123.2600 10064.2330  28.7%   113   51s
  1323  1035 10872.3425  164   74 14123.2600 10064.2330  28.7%   114   55s
* 1639  1154             282    13470.500000 10066.9999  25.3%   104   59s
* 1641  1122             283    13441.500000 10066.9999  25.1%   104   59s
  1692  1119 10121.7787   31  278 13441.5000 10066.9999  25.1%   103   60s
  1845  1244 10236.7863   48  218 13441.5000 10066.9999  25.1%   104   65s
  2021  1363 10369.3477   85  188 13441.5000 10066.9999  25.1%   104   70s
  2223  1514 10600.0212  149  119 13441.5000 10066.9999  25.1%   103   75s
  2425  1675 10800.1480  204  151 13441.5000 10066.9999  25.1%   101   81s
  2663  1809 11066.9906  290  104 13441.5000 10066.9999  25.1%  97.9   85s
  2776  1863 12031.2711  349  112 13441.5000 10077.7971  25.0%  98.1   91s
  2894  2010 10931.6952   63   70 13441.5000 10077.7971  25.0%   102  100s
  3071  2256 11948.4059  159   65 13441.5000 10077.7971  25.0%   101  105s
  3314  2478 11200.6329   98   47 13441.5000 10078.2740  25.0%   100  110s
  3616  2701 10478.2245   59  215 13441.5000 10078.2937  25.0%  96.0  116s
  3816  2940 12024.1170  166  151 13441.5000 10078.5976  25.0%  95.3  121s
  4017  3134 10818.8712   44   76 13441.5000 10090.2003  24.9%  95.2  126s
  4258  3454 10430.0383   39  122 13441.5000 10091.4979  24.9%  94.9  133s
  4510  3774 10633.6337   92   45 13441.5000 10094.4551  24.9%  92.8  138s
  4921  3842     cutoff  256      13441.5000 10095.5391  24.9%  88.2  142s
  4978  4057 11149.6932   69   47 13441.5000 10097.4035  24.9%  89.4  145s
  5311  4351 10668.9575   50  119 13441.5000 10099.1140  24.9%  89.0  152s
  5581  4482 12185.5293  154   13 13441.5000 10102.8494  24.8%  87.1  156s
  5790  4639 10483.4980   51  123 13441.5000 10107.5413  24.8%  87.9  163s
  5898  4843 10905.7874  113   43 13441.5000 10107.5413  24.8%  88.0  168s
  6121  4960 infeasible  177      13441.5000 10110.3888  24.8%  86.2  172s
  6291  5100 10392.8513   46  179 13441.5000 10110.3982  24.8%  85.6  176s
  6436  5293 11845.3465  178   24 13441.5000 10112.0728  24.8%  85.6  181s
  6642  5333 infeasible  326      13441.5000 10112.0966  24.8%  84.6  185s
  6720  5655 10677.6603   56  113 13441.5000 10113.6345  24.8%  86.3  193s
  7073  5790 11324.8089   93   30 13441.5000 10115.6232  24.7%  84.4  198s
H 7214  4820                    12035.510000 10116.3102  15.9%  84.1  202s
  7357  4989 10690.4202   85   56 12035.5100 10116.8319  15.9%  84.1  207s
  7632  5066 11542.6600  177    - 12035.5100 10117.6256  15.9%  83.2  211s
* 7691  5285             177    12021.660000 10120.7177  15.8%  84.4  216s
  8002  5322 11531.6905   88  122 12021.6600 10122.2272  15.8%  83.5  221s
  8099  5562 10442.7962   38  131 12021.6600 10123.7084  15.8%  86.1  229s
  8176  5562 11496.6314   76   23 12021.6600 10123.7084  15.8%  86.5  230s
  8301  5821 11787.9474   86   27 12021.6600 10124.6644  15.8%  86.6  235s
  8593  5959 10294.0267   38  163 12021.6600 10125.7718  15.8%  85.5  240s
  8754  5961     cutoff   90      12021.6600 10128.8560  15.7%  85.7  247s
  8757  6136 10269.8882   32  225 12021.6600 10129.4185  15.7%  85.8  253s
  8957  6354 infeasible  102      12021.6600 10130.8306  15.7%  85.4  258s
  9212  6626 10373.9564   37  235 12021.6600 10135.2193  15.7%  84.8  263s
  9489  6626 11787.2971  247   85 12021.6600 10136.4386  15.7%  83.8  265s
  9598  6857 10984.6033   66   87 12021.6600 10137.6744  15.7%  84.8  272s
  9793  7120 10493.4886   43  184 12021.6600 10138.8828  15.7%  85.0  279s
  9967  7122 10849.2416  102   13 12021.6600 10139.7338  15.7%  84.4  280s
 10087  7332 11090.1516   96   26 12021.6600 10140.6642  15.6%  83.6  285s
 10360  7456 11509.0800  121    - 12021.6600 10143.4483  15.6%  83.4  290s
 10491  7641 11474.5101  138   36 12021.6600 10148.6458  15.6%  83.5  295s
 10703  7732 10356.5587   31  234 12021.6600 10149.8970  15.6%  83.3  300s
 10793  7802 10419.9385   39  201 12021.6600 10149.8970  15.6%  84.1  305s
 10877  7965 10900.9024   54   34 12021.6600 10153.6841  15.5%  84.5  310s
 11174  8076 11085.9196   81   51 12021.6600 10155.4965  15.5%  84.2  315s
 11395  8227 12002.2587  128   19 12021.6600 10157.0705  15.5%  84.5  320s
 11615  8654 10339.7212   30  179 12021.6600 10159.4969  15.5%  84.6  329s
 11655  8654 10713.4915   50   20 12021.6600 10159.4969  15.5%  84.9  330s
 12000  8755 10887.9321   54   32 12021.6600 10160.7591  15.5%  83.8  335s
 12185  8881 11520.8588  128   57 12021.6600 10161.7703  15.5%  84.5  340s
 12412  9182 10688.9156   45  134 12021.6600 10164.0071  15.5%  84.5  348s
 12550  9389 10426.8452   35  244 12021.6600 10164.0205  15.5%  84.9  353s
 12807  9473 11491.4173   77  133 12021.6600 10164.0687  15.5%  84.5  358s
 12909  9742 10474.6412   39  160 12021.6600 10164.9888  15.4%  85.2  363s
 13201  9864 11043.0385  110   38 12021.6600 10165.8837  15.4%  84.8  368s
 13347 10011     cutoff  145      12021.6600 10166.3533  15.4%  85.1  372s
 13522 10090 11545.9309   94   37 12021.6600 10168.9120  15.4%  85.0  377s
 13626 10150 12009.7401  112   13 12021.6600 10169.8049  15.4%  85.6  381s
 13686 10278 11086.6286   72  120 12021.6600 10170.0366  15.4%  86.0  387s
 13828 10512 11497.8435   77   37 12021.6600 10170.6745  15.4%  86.4  392s
 14076 10702 11876.7480   97   44 12021.6600 10170.8862  15.4%  86.5  399s
 14334 10870 10656.1719   43  202 12021.6600 10171.7639  15.4%  86.3  404s
 14523 11066 10556.2805   34  160 12021.6600 10172.4962  15.4%  86.3  409s
 14729 11112 10627.6101   37  139 12021.6600 10172.4962  15.4%  86.1  436s
 14781 11321 10941.0731   48   94 12021.6600 10172.5172  15.4%  86.2  441s
 15037 11556 10946.4287   80   32 12021.6600 10173.5036  15.4%  85.9  447s
 15319 11756     cutoff  123      12021.6600 10174.4091  15.4%  85.5  452s
 15557 11993 11358.8558  102   41 12021.6600 10177.3821  15.3%  85.3  458s
 15813 12191 11017.6049   75   17 12021.6600 10178.4344  15.3%  85.2  463s
 16087 12270 infeasible  117      12021.6600 10179.7509  15.3%  85.1  468s
 16164 12504 11191.2410   87   50 12021.6600 10184.7641  15.3%  85.6  472s
 16442 12690 10938.0577   78   96 12021.6600 10185.2141  15.3%  85.2  478s
 16657 12907 10577.2206   48  187 12021.6600 10187.3276  15.3%  85.1  484s
 16733 12907 11578.3332  124   47 12021.6600 10187.3276  15.3%  85.0  485s
 17052 13056 11852.2943   95   52 12021.6600 10191.2793  15.2%  84.8  490s
 17177 13214 11934.0317  119   82 12021.6600 10192.0362  15.2%  85.0  495s
 17310 13369 10878.4485   50  191 12021.6600 10192.8360  15.2%  85.9  503s
 17461 13546 10646.9545   45  210 12021.6600 10192.8818  15.2%  86.2  508s
 17637 13783 10892.2067  100   39 12021.6600 10193.5254  15.2%  86.4  514s
 17784 13783 11547.3025  135   28 12021.6600 10194.0737  15.2%  86.4  515s
 18103 14047     cutoff   90      12021.6600 10195.9980  15.2%  86.5  524s
 18147 14047 11063.1049   76   29 12021.6600 10195.9980  15.2%  86.5  525s
 18263 14147 10699.0815   45  166 12021.6600 10196.4802  15.2%  86.8  530s
 18385 14279 10455.5563   43  265 12021.6600 10196.4802  15.2%  86.9  535s
 18527 14438 10909.5013   79   77 12021.6600 10198.6278  15.2%  87.2  540s
 18702 14539 10809.1638   45  161 12021.6600 10198.9882  15.2%  87.3  546s
 18839 14550 10477.9544   31  189 12021.6600 10199.0059  15.2%  87.4  552s
 18850 14767 10545.4729   32  168 12021.6600 10199.0502  15.2%  87.5  556s
 19107 14956     cutoff  130      12021.6600 10199.5774  15.2%  87.3  562s
 19311 15154 11879.9209   92   38 12021.6600 10199.8463  15.2%  87.2  569s
 19485 15154 10693.2304   48   80 12021.6600 10199.8463  15.2%  87.0  570s
 19552 15265 11383.3480  106   63 12021.6600 10200.4118  15.1%  87.0  575s
 19683 15575 10792.8600   54   42 12021.6600 10200.4513  15.1%  87.3  581s
 20040 15776 10341.2244   32  224 12021.6600 10201.1406  15.1%  86.8  587s
 20275 15926 10352.0102   34  196 12021.6600 10201.3929  15.1%  86.7  593s
 20461 15949 10744.9845   54  162 12021.6600 10201.5233  15.1%  86.9  602s
 20487 16137 11297.8840   69   74 12021.6600 10202.2113  15.1%  87.1  607s
 20724 16236 11916.4958  120   31 12021.6600 10204.4017  15.1%  87.0  617s
 20859 16437 11973.3284  122   12 12021.6600 10205.1896  15.1%  87.2  623s
*20862 16269             124    11973.600000 10205.1896  14.8%  87.2  623s
 21089 16483 10405.2442   34  162 11973.6000 10207.2070  14.8%  87.2  629s
 21328 16592 10829.8533   49   99 11973.6000 10207.5278  14.7%  87.1  634s
 21450 16593 11932.0500   95    - 11973.6000 10207.8510  14.7%  87.3  635s
 21563 16864 10474.7386   40  268 11973.6000 10209.9371  14.7%  87.7  645s
 21790 16918 10393.4556   34  232 11973.6000 10211.9338  14.7%  87.8  650s
 21851 17149 10314.1573   39  234 11973.6000 10212.2384  14.7%  88.3  655s
 22103 17351 10853.9727   56  104 11973.6000 10213.2723  14.7%  88.1  661s
 22336 17486 10756.0211   56  116 11973.6000 10213.5692  14.7%  87.9  667s
 22491 17561 infeasible  150      11973.6000 10214.0594  14.7%  88.2  672s
 22593 17687 10770.7495   48  269 11973.6000 10215.1021  14.7%  88.5  677s
 22729 17848 10369.1696   35  188 11973.6000 10215.5017  14.7%  88.7  682s
 22941 17897 10888.5703   39  213 11973.6000 10216.7084  14.7%  88.7  688s
 22999 18022 10465.3243   35  201 11973.6000 10217.2821  14.7%  88.9  693s
 23144 18183 11448.9200   76   24 11973.6000 10218.0309  14.7%  89.2  699s
 23218 18186 11520.6273  100   18 11973.6000 10218.0311  14.7%  89.4  700s
 23357 18350 11860.6100   86   15 11973.6000 10218.4586  14.7%  89.2  705s
 23567 18514     cutoff  132      11973.6000 10221.5953  14.6%  89.0  711s
*23639 17587             107    11841.740000 10221.5953  13.7%  89.0  711s
 23763 17623 10397.5455   37  265 11841.7400 10222.6272  13.7%  89.1  716s
 23822 17795 10709.1724   64  148 11841.7400 10223.3581  13.7%  89.3  721s
 24022 17891 10938.7301   66  108 11841.7400 10224.2566  13.7%  89.3  726s
 24143 18030 10457.5133   38  282 11841.7400 10225.9094  13.6%  89.5  732s
*24212 17980             106    11834.860000 10225.9094  13.6%  89.5  732s
 24310 18063 10317.8362   36  352 11834.8600 10226.1676  13.6%  89.6  738s
 24395 18244 10682.8362   51  272 11834.8600 10226.7416  13.6%  90.0  743s
 24648 18381 10407.1447   35  234 11834.8600 10227.3761  13.6%  89.8  749s
 24809 18499 10388.3077   39  275 11834.8600 10227.5282  13.6%  89.9  754s
 24856 18499 11131.4761   86   60 11834.8600 10227.5282  13.6%  90.0  755s
 24953 18728 11577.1275  104   37 11834.8600 10227.8208  13.6%  90.1  762s
 25215 19001 10413.0274   47  172 11834.8600 10228.0919  13.6%  90.0  768s
 25571 19137     cutoff  172      11834.8600 10229.2467  13.6%  89.5  774s
 25734 19284 11222.3995   77   20 11834.8600 10229.6489  13.6%  89.6  779s
 25911 19360     cutoff  120      11834.8600 10230.0460  13.6%  89.7  784s
 25988 19587 10773.9081   65  115 11834.8600 10230.1648  13.6%  90.0  790s
 26248 19916 10689.5264   44   37 11834.8600 10230.2974  13.6%  89.9  798s
 26608 20104 10582.7191   37  209 11834.8600 10231.4154  13.5%  89.5  805s
 26833 20317 10654.5770   51  199 11834.8600 10231.6330  13.5%  89.3  810s
 27065 20465 infeasible  144      11834.8600 10232.7363  13.5%  89.2  816s
 27223 20705 10674.9046   47   96 11834.8600 10232.8996  13.5%  89.3  822s
 27504 20947 10400.7009   48  217 11834.8600 10233.7030  13.5%  89.1  830s
 27790 21097     cutoff  194      11834.8600 10233.9499  13.5%  88.9  836s
 27977 21306     cutoff  193      11834.8600 10234.8870  13.5%  89.0  842s
 28241 21521 10518.5966   31  235 11834.8600 10235.6359  13.5%  88.9  848s
 28469 21576 11790.3913  129   34 11834.8600 10235.7743  13.5%  88.8  853s
 28558 21799     cutoff   82      11834.8600 10236.3442  13.5%  88.9  859s
 28800 21804 11468.9966   92   22 11834.8600 10236.8353  13.5%  88.8  860s
 28890 21868 11530.0500   87   27 11834.8600 10237.0201  13.5%  88.9  865s
 29003 22028 10646.7190   50  207 11834.8600 10237.5605  13.5%  89.0  870s
 29150 22164 11102.5101   87   57 11834.8600 10237.8705  13.5%  89.0  875s
 29245 22357 10506.1632   38  190 11834.8600 10237.9126  13.5%  89.1  880s
 29467 22493 10552.4473   37  212 11834.8600 10238.5786  13.5%  88.9  885s
 29637 22625 10444.6038   54  198 11834.8600 10238.7268  13.5%  88.9  890s
 29797 22774 10661.9674   47  123 11834.8600 10239.3499  13.5%  88.9  895s
 29971 22866 10740.9704   48  182 11834.8600 10240.0872  13.5%  88.9  901s
 30092 22975 10309.5115   35  241 11834.8600 10240.0872  13.5%  89.0  905s
 30217 23102 10609.2775   71  174 11834.8600 10240.4982  13.5%  89.1  911s
 30361 23234 10756.8038   47  109 11834.8600 10240.7706  13.5%  89.1  916s
 30519 23434 11028.1713   71   57 11834.8600 10241.7001  13.5%  89.2  921s
 30764 23610     cutoff  116      11834.8600 10241.7707  13.5%  89.0  928s
 30978 23823 10500.6563   51  139 11834.8600 10242.3750  13.5%  89.0  935s
 31231 23923 infeasible  145      11834.8600 10243.3978  13.4%  88.9  941s
 31348 24134 10705.2924   52  132 11834.8600 10243.6653  13.4%  89.1  947s
 31595 24290 11071.7484   72  135 11834.8600 10243.6940  13.4%  89.0  953s
 31781 24421 10404.2033   34  216 11834.8600 10243.8800  13.4%  89.1  958s
 31934 24609 11148.1620   98   28 11834.8600 10244.6718  13.4%  89.2  964s
 32144 24783 11247.5962   75  109 11834.8600 10244.8822  13.4%  89.2  970s
H32238 24420                    11793.100000 10244.8822  13.1%  89.2  970s
 32340 24559     cutoff   96      11793.1000 10244.9864  13.1%  89.3  977s
 32515 24901 11027.2504   73   73 11793.1000 10245.3027  13.1%  89.4  985s
 32899 25056     cutoff  134      11793.1000 10245.7772  13.1%  88.9  992s
 33097 25165 10367.6968   31  222 11793.1000 10246.1547  13.1%  89.0  997s
 33215 25408 10726.3404   48   90 11793.1000 10246.1547  13.1%  89.1 1005s
 33462 25592 11263.3282  140   43 11793.1000 10246.2315  13.1%  89.2 1011s
 33733 25634     cutoff   87      11793.1000 10246.9425  13.1%  89.0 1017s
 33777 25858 10624.8038   51  131 11793.1000 10247.0132  13.1%  89.3 1022s
 34073 26038     cutoff  145      11793.1000 10247.4567  13.1%  89.0 1028s
 34277 26150 10418.3792   40  251 11793.1000 10247.8406  13.1%  89.0 1033s
H34424 24560                    11667.880000 10247.9718  12.2%  89.1 1039s
 34519 24680 11499.8537   74   18 11667.8800 10248.0334  12.2%  89.2 1045s
 34693 24787 10800.4215   58  188 11667.8800 10248.4776  12.2%  89.3 1050s
 34817 24956 10613.4525   42  126 11667.8800 10248.5754  12.2%  89.5 1055s
 35009 25111     cutoff  103      11667.8800 10248.6670  12.2%  89.6 1062s
 35206 25242 10407.4827   37  198 11667.8800 10248.9685  12.2%  89.7 1067s
 35368 25434 10499.9774   34  162 11667.8800 10249.4023  12.2%  89.8 1073s
 35603 25580 10768.0424   71   32 11667.8800 10249.5080  12.2%  89.7 1079s
 35750 25580 11381.0791   74   65 11667.8800 10249.5964  12.2%  89.8 1080s
 35822 25742 11174.6484   84   42 11667.8800 10249.6108  12.2%  89.8 1085s
 36041 25874     cutoff   68      11667.8800 10250.0943  12.2%  90.0 1090s
 36156 25976 11332.0253   76  100 11667.8800 10250.3693  12.1%  90.0 1095s
 36282 26118 10289.3741   34  277 11667.8800 10250.4275  12.1%  90.1 1100s
 36434 26305 10627.0229   54  204 11667.8800 10250.8705  12.1%  90.1 1106s
 36664 26389 10461.4279   56  121 11667.8800 10251.3030  12.1%  90.1 1116s
 36769 26547     cutoff  110      11667.8800 10251.9777  12.1%  90.2 1121s
 36969 26738 10415.0566   32  197 11667.8800 10252.2854  12.1%  90.2 1126s
 37189 26893 10842.8038   49  132 11667.8800 10252.6064  12.1%  90.1 1132s
 37368 26984 11309.1290   92   33 11667.8800 10252.8901  12.1%  90.2 1138s
 37499 27139 10589.4366   40  167 11667.8800 10253.0020  12.1%  90.3 1144s
 37691 27194 11280.4138   56   37 11667.8800 10253.3628  12.1%  90.3 1149s
 37783 27230 10530.2203   38  158 11667.8800 10253.7038  12.1%  90.5 1153s
 37819 27287 10583.0158   47  184 11667.8800 10253.7038  12.1%  90.8 1157s
 37876 27433 10763.9461   63   64 11667.8800 10253.7038  12.1%  91.1 1163s
 38030 27597 11473.4073  104   41 11667.8800 10253.8474  12.1%  91.4 1169s
 38150 27597 11146.5464   99   43 11667.8800 10254.2166  12.1%  91.4 1170s
 38388 27710 11570.9570   88   79 11667.8800 10254.7426  12.1%  91.5 1175s
 38532 27840 11481.8275  116   83 11667.8800 10255.2823  12.1%  91.6 1180s
 38569 27912 10807.0940   73  172 11667.8800 10255.3645  12.1%  91.6 1186s
 38652 28070 10770.8739   46  112 11667.8800 10255.4152  12.1%  91.8 1192s
 38832 28213 10796.9300   50  169 11667.8800 10255.5202  12.1%  91.8 1197s
 39021 28302 10698.6914   48  212 11667.8800 10255.8247  12.1%  91.8 1202s
 39133 28441 10826.7661   69  117 11667.8800 10256.2381  12.1%  92.0 1207s
 39311 28492 10636.3540   42  248 11667.8800 10256.2887  12.1%  92.0 1212s
 39362 28680 11018.8933   62  131 11667.8800 10256.3303  12.1%  92.3 1217s
 39569 28898 10631.5918   38  102 11667.8800 10256.6665  12.1%  92.4 1223s
 39838 28993     cutoff  117      11667.8800 10256.7608  12.1%  92.3 1229s
 39965 29099 10713.5191   43   88 11667.8800 10256.9682  12.1%  92.4 1234s
 40101 29197 10544.6747   43  236 11667.8800 10257.9637  12.1%  92.6 1240s
 40233 29311 10485.0556   42  238 11667.8800 10258.0220  12.1%  92.7 1245s
 40365 29497 11041.9578   83  185 11667.8800 10258.2281  12.1%  92.9 1251s
 40570 29653 11110.0406   61  112 11667.8800 10258.4530  12.1%  92.9 1257s
 40767 29736 11624.5854   88   40 11667.8800 10258.6707  12.1%  92.9 1263s
 40876 29825 10890.6667   67  215 11667.8800 10258.7541  12.1%  93.1 1268s
 40967 29967 11616.4950   99   38 11667.8800 10258.7672  12.1%  93.3 1274s
 41147 30057 10966.4792   73   64 11667.8800 10259.2109  12.1%  93.4 1279s
 41260 30125     cutoff   98      11667.8800 10259.4308  12.1%  93.5 1284s
 41342 30187 10657.6800   46  234 11667.8800 10259.4725  12.1%  93.7 1288s
 41405 30404 11271.5220   97  119 11667.8800 10259.9173  12.1%  93.9 1295s
 41660 30549 10556.3003   46  158 11667.8800 10260.2160  12.1%  93.9 1301s
 41825 30767 10849.6044   67  123 11667.8800 10260.5698  12.1%  93.9 1307s
 42071 30931 10698.5350   91   37 11667.8800 10260.6139  12.1%  93.8 1313s
 42260 31092 10595.6065   50  191 11667.8800 10261.0496  12.1%  93.8 1319s
 42440 31197 10504.5086   41  254 11667.8800 10261.2551  12.1%  93.8 1324s
 42574 31322     cutoff   85      11667.8800 10261.5173  12.1%  93.9 1329s
 42735 31436 10517.0007   38  193 11667.8800 10262.4761  12.0%  94.0 1336s
 42891 31538 10702.4675   47   48 11667.8800 10262.5552  12.0%  94.1 1342s
 43020 31694     cutoff   71      11667.8800 10262.6078  12.0%  94.2 1348s
 43204 31782 10710.8026   39  167 11667.8800 10262.8636  12.0%  94.2 1354s
 43245 31782 11195.7109   80   20 11667.8800 10262.8636  12.0%  94.2 1355s
H43273 31430                    11641.880000 10262.8636  11.8%  94.2 1355s
 43310 31562 10491.5814   38  182 11641.8800 10262.9038  11.8%  94.3 1360s
 43467 31653 10424.2089   34  315 11641.8800 10262.9144  11.8%  94.4 1365s
 43568 31814 10762.6408   57  215 11641.8800 10263.3007  11.8%  94.5 1371s
 43759 31922 10401.8226   36  280 11641.8800 10263.7149  11.8%  94.5 1377s
 43899 32049 10441.7612   41  220 11641.8800 10263.7775  11.8%  94.7 1384s
 44006 32052 10844.0633   66   29 11641.8800 10263.7775  11.8%  94.8 1385s
 44084 32233 11059.5426   66   68 11641.8800 10264.0962  11.8%  94.8 1391s
 44291 32320     cutoff  119      11641.8800 10264.5414  11.8%  94.7 1396s
 44386 32397 10560.6231   41  228 11641.8800 10264.5516  11.8%  94.9 1401s
 44463 32633 10661.2424   55  135 11641.8800 10264.5516  11.8%  95.1 1408s
 44745 32715 infeasible  134      11641.8800 10264.9135  11.8%  95.0 1415s
 44857 32789 10847.6036   50  129 11641.8800 10265.5581  11.8%  95.2 1420s
 44955 32876 10752.2040   70  155 11641.8800 10265.8339  11.8%  95.3 1426s
 45080 33021 10384.6503   55  206 11641.8800 10266.2613  11.8%  95.5 1431s
 45255 33096 10700.4821   74  168 11641.8800 10266.5433  11.8%  95.6 1437s
 45340 33256 10532.5981   47  215 11641.8800 10266.5767  11.8%  95.7 1442s
 45526 33342 10419.0816   42  117 11641.8800 10266.5844  11.8%  95.7 1449s
 45614 33461 10946.7227   79   64 11641.8800 10266.6260  11.8%  96.0 1454s
 45759 33517 11515.1745  110   30 11641.8800 10266.7817  11.8%  96.0 1461s
 45841 33661 10815.7332   48  116 11641.8800 10266.9710  11.8%  96.1 1467s
 46008 33742 10685.7549   51  169 11641.8800 10267.0656  11.8%  96.1 1473s
 46126 33833 10778.6195   42  164 11641.8800 10267.7959  11.8%  96.3 1479s
 46240 33951 11111.8678   77   77 11641.8800 10267.9227  11.8%  96.4 1484s
 46293 33952 10642.5576   40  148 11641.8800 10267.9227  11.8%  96.4 1485s
 46424 34020 11628.7614   98   24 11641.8800 10268.6567  11.8%  96.4 1491s
 46521 34124 10631.5276   70  236 11641.8800 10269.1820  11.8%  96.6 1497s
 46672 34219 10536.1667   38  266 11641.8800 10269.5407  11.8%  96.6 1502s
 46777 34306 10663.0654   41  189 11641.8800 10269.5835  11.8%  96.8 1508s
 46893 34362 10870.8601   70  177 11641.8800 10269.6619  11.8%  97.0 1513s
 46962 34480 10344.8077   36  250 11641.8800 10269.9115  11.8%  97.2 1519s
 47114 34584     cutoff   99      11641.8800 10270.1000  11.8%  97.3 1525s
 47264 34811 10814.5031   64  150 11641.8800 10270.3336  11.8%  97.4 1531s
 47519 34976     cutoff   99      11641.8800 10270.4157  11.8%  97.3 1538s
 47692 35063 11023.1026   96   39 11641.8800 10270.4902  11.8%  97.3 1544s
 47805 35183 11605.8738   95   85 11641.8800 10270.5979  11.8%  97.4 1550s
 47961 35294 10680.5503   47  154 11641.8800 10270.6640  11.8%  97.5 1556s
 48093 35429 10695.3966   67  178 11641.8800 10271.4053  11.8%  97.6 1561s
 48248 35678 10995.5564   58  126 11641.8800 10271.4833  11.8%  97.6 1568s
 48571 35836     cutoff  127      11641.8800 10271.9093  11.8%  97.3 1575s
 48743 35974 10721.8722   46  184 11641.8800 10272.0480  11.8%  97.3 1581s
 48889 36048 11454.9254   74   28 11641.8800 10272.5400  11.8%  97.4 1586s
 48997 36219     cutoff   81      11641.8800 10272.6324  11.8%  97.5 1591s
 49193 36315 10470.5990   40  277 11641.8800 10272.7500  11.8%  97.5 1597s
 49289 36469 10968.1784   60  177 11641.8800 10272.9742  11.8%  97.6 1603s
 49476 36716 10797.3789   63  130 11641.8800 10273.2456  11.8%  97.6 1611s
 49772 36803 10431.7589   32  254 11641.8800 10273.3057  11.8%  97.5 1616s
 49859 36945 10969.5800   49  170 11641.8800 10273.3441  11.8%  97.6 1622s
 50027 37047 10452.2410   37  203 11641.8800 10273.5579  11.8%  97.6 1629s
 50099 37048 11166.3629   64   39 11641.8800 10273.5579  11.8%  97.7 1630s
 50160 37095 11446.3129   52  184 11641.8800 10274.0333  11.7%  97.8 1635s
 50223 37217 10728.0589   38  243 11641.8800 10274.4047  11.7%  98.0 1641s
 50371 37369 infeasible  122      11641.8800 10274.6798  11.7%  98.0 1647s
 50562 37487 10580.5408   57  191 11641.8800 10275.1553  11.7%  98.0 1653s
 50707 37607 10761.5492   48  104 11641.8800 10275.4966  11.7%  98.1 1659s
 50835 37718 11298.2785   85   79 11641.8800 10275.6494  11.7%  98.1 1665s
 50981 37864     cutoff   99      11641.8800 10276.1904  11.7%  98.2 1671s
 51153 37960 10994.3536   92    8 11641.8800 10276.5563  11.7%  98.2 1677s
 51269 38052 11514.5600  103    - 11641.8800 10276.5916  11.7%  98.3 1684s
 51380 38117 11571.4140  103   29 11641.8800 10276.9046  11.7%  98.4 1690s
 51473 38229     cutoff  106      11641.8800 10277.0919  11.7%  98.5 1695s
 51599 38331 10925.8798   71   48 11641.8800 10277.5196  11.7%  98.6 1704s
 51725 38331 10514.8917   38  148 11641.8800 10277.7233  11.7%  98.6 1705s
 51731 38389 10692.9850   35  336 11641.8800 10277.7233  11.7%  98.7 1710s
 51793 38500 10789.4563   38  264 11641.8800 10277.7233  11.7%  98.9 1717s
 51906 38599 10641.8863   37  184 11641.8800 10277.7233  11.7%  99.0 1725s
 52075 38715 10876.1549   45  228 11641.8800 10277.7233  11.7%  99.0 1731s
 52234 38766 10928.9838   47  204 11641.8800 10277.7233  11.7%  99.0 1736s
 52284 38846 11055.6796   51  156 11641.8800 10277.7233  11.7%  99.3 1741s
 52382 39016 11442.5288   64   51 11641.8800 10278.5049  11.7%  99.4 1747s
 52603 39134 10773.9059   57  111 11641.8800 10278.5586  11.7%  99.4 1753s
 52760 39196 10745.3041   50  201 11641.8800 10278.7490  11.7%  99.4 1759s
 52848 39339 10515.0350   36  200 11641.8800 10279.2004  11.7%   100 1765s
 53027 39416 10345.0120   37  279 11641.8800 10279.7159  11.7%   100 1770s
 53114 39630 10481.6198   34  160 11641.8800 10279.8831  11.7%   100 1778s
 53363 39779 11103.5745   52   70 11641.8800 10280.1425  11.7%   100 1784s
 53538 39922     cutoff  103      11641.8800 10280.1915  11.7%   100 1790s
 53711 40063 10386.8448   44  264 11641.8800 10280.4493  11.7%   100 1796s
 53906 40248 10378.9709   42  199 11641.8800 10281.0353  11.7%   100 1803s
 54119 40348 10558.2931   40  229 11641.8800 10281.1090  11.7%   100 1810s
 54221 40491 10878.2876   51  146 11641.8800 10281.2242  11.7%   100 1816s
 54417 40549     cutoff   75      11641.8800 10281.4905  11.7%   100 1822s
 54490 40643 10768.9022   46  178 11641.8800 10281.5783  11.7%   100 1828s
 54602 40713 10439.7614   40  272 11641.8800 10282.1091  11.7%   100 1833s
 54672 40785 11210.9804   83   95 11641.8800 10282.2311  11.7%   100 1838s
 54764 41019 10648.3812   53  217 11641.8800 10282.6486  11.7%   100 1845s
