




arguments: ./build/mirp_solver -f ./input/orig_exec_178.cfg
Current dir: /scratch/gui/bnc_mirp
File verbosity level: 9
date       time         ( uptime  ) [ thread name/id ]                   file:line     v| 
2021-01-10 05:19:20.095 (   0.141s) [main thread     ]             loguru.cpp:789   INFO| Logging to './output/vi_qua/OU/V3/Original/execution_10_01_2021_05_19_20.log', mode: 'a', verbosity: 9
--------------------------------------------------------------------------------
Parameters
                           instance_path           ./input/Instances/Original/5/
                            model_policy                                       1
                             nb_vehicles                                       3
                              output_dir         ./output/vi_qua/OU/V3/Original/
                            sec_strategy                                       1
                       solver_nb_threads                                       2
                         solver_show_log                                    true
                       solver_time_limit                                    3600
                              use_vi_cos                                   false
                              use_vi_cus                                   false
                         use_vi_hc1_full                                   false
                         use_vi_hc1_half                                   false
                      use_vi_hc1_quarter                                   false
                              use_vi_hc2                                   false
                              use_vi_hc3                                   false
                         use_vi_lex_full                                   false
                         use_vi_lex_half                                   false
                      use_vi_lex_quarter                                   false
                              use_vi_qua                                    true
                               use_vi_vc                                   false
                               use_vi_vr                                   false
--------------------------------------------------------------------------------
executing instance: ./input/Instances/Original/5/absH3low_4n50.dat
--------------------------------------------------------------------------------
Instance details
n	51
H	3
C	4066
Li:
[0, 0, 0, 0, 0, 0, 0, 0, 0, 0, 0, 0, 0, 0, 0, 0, 0, 0, 0, 0, 0, 0, 0, 0, 0, 0, 0, 0, 0, 0, 0, 0, 0, 0, 0, 0, 0, 0, 0, 0, 0, 0, 0, 0, 0, 0, 0, 0, 0, 0, 0, ]
Ui:
[0, 108, 126, 122, 66, 120, 48, 30, 128, 54, 158, 198, 36, 66, 210, 234, 147, 297, 171, 128, 116, 120, 219, 70, 294, 207, 134, 128, 234, 122, 22, 183, 195, 255, 132, 124, 66, 189, 219, 66, 128, 102, 288, 66, 87, 136, 36, 39, 282, 36, 237, ]
Distance matrix:
|0	210	444	498	509	104	438	228	487	304	456	434	526	476	163	47	293	396	293	290	313	85	280	437	293	336	409	106	449	376	433	478	193	404	404	534	278	181	380	507	189	438	263	473	353	216	202	218	452	254	465	|
|210	0	299	507	359	106	345	409	358	411	320	402	555	448	136	200	289	264	306	427	141	222	83	348	264	320	283	303	380	208	258	357	170	348	475	542	243	347	355	379	65	479	172	373	355	251	112	229	402	210	300	|
|444	299	0	363	65	358	116	542	66	440	26	241	425	272	282	407	251	51	276	490	159	397	224	124	217	237	48	490	170	99	83	74	261	180	430	385	214	479	231	85	270	390	184	116	271	300	409	276	210	215	54	|
|498	507	363	0	385	482	246	424	326	254	343	123	63	93	388	452	221	337	211	314	428	414	480	239	243	187	324	463	194	418	438	307	346	188	156	36	264	392	156	326	444	87	340	258	154	286	603	294	153	297	417	|
|509	359	65	385	0	422	145	602	59	492	59	269	448	292	348	472	305	115	329	545	218	462	281	152	274	286	106	554	192	153	116	78	326	216	472	403	274	540	271	63	334	425	249	127	316	361	468	337	233	278	69	|
|104	106	358	482	422	0	372	309	408	337	374	396	521	441	98	96	262	314	271	342	215	124	177	373	249	302	329	198	394	281	337	402	139	353	419	518	230	250	343	428	90	437	188	405	328	200	134	188	406	199	372	|
|438	345	116	246	145	372	0	485	87	357	97	126	309	155	279	394	180	101	200	414	223	373	288	8	157	150	84	459	53	188	196	68	245	72	328	269	165	427	128	97	297	280	184	36	175	250	456	233	94	184	170	|
|228	409	542	424	602	309	485	0	561	170	544	419	424	446	298	214	305	491	286	115	462	187	457	480	331	339	496	124	470	510	565	545	295	424	279	454	329	66	376	576	363	340	370	520	330	242	429	266	453	328	581	|
|487	358	66	326	59	408	87	561	0	441	40	211	389	233	324	446	258	95	281	497	220	431	287	95	230	234	79	522	133	164	146	19	297	160	415	344	233	500	215	21	323	367	224	68	261	320	470	299	174	242	106	|
|304	411	440	254	492	337	357	170	441	0	434	266	255	286	275	266	189	392	164	63	408	225	428	351	224	207	392	234	330	438	484	424	250	287	112	284	232	149	233	453	349	170	302	389	185	168	471	195	305	248	487	|
|456	320	26	343	59	374	97	544	40	434	0	223	406	252	294	418	247	60	271	487	181	405	247	105	215	229	49	498	149	124	109	48	270	165	419	364	215	482	218	60	288	375	194	92	261	302	431	279	190	220	75	|
|434	402	241	123	269	396	126	419	211	266	223	0	185	46	298	387	140	213	145	328	310	355	366	118	147	97	201	425	78	295	315	191	256	65	211	151	166	371	53	215	343	157	231	145	90	220	505	217	41	198	295	|
|526	555	425	63	448	521	309	424	389	255	406	185	0	156	430	481	266	398	252	310	485	442	534	301	293	237	386	480	257	478	500	370	390	249	145	55	313	401	212	389	491	89	392	321	201	322	646	334	216	345	479	|
|476	448	272	93	292	441	155	446	233	286	252	46	156	0	343	429	183	250	184	348	353	396	411	148	192	140	236	461	102	334	350	214	302	106	214	113	212	402	98	233	389	151	277	165	125	261	551	260	62	244	325	|
|163	136	282	388	348	98	279	298	324	275	294	298	430	343	0	124	167	234	178	296	167	121	162	279	151	205	247	216	297	224	280	316	42	256	340	423	132	232	246	344	74	349	100	314	233	115	216	97	308	101	307	|
|47	200	407	452	472	96	394	214	446	266	418	387	481	429	124	0	246	358	245	259	284	41	261	392	247	289	370	103	403	345	402	436	150	358	361	488	232	158	333	466	165	393	223	430	306	168	217	171	406	210	431	|
|293	289	251	221	305	262	180	305	258	189	247	140	266	183	167	246	0	204	26	240	238	215	276	175	37	43	203	289	169	255	297	242	125	122	202	257	52	248	87	272	225	191	134	215	67	80	382	77	163	81	298	|
|396	264	51	337	115	314	101	491	95	392	60	213	398	250	234	358	204	0	229	442	130	347	196	108	169	194	19	440	152	87	102	93	211	149	390	363	165	428	194	116	228	355	134	117	230	250	376	225	189	164	95	|
|293	306	276	211	329	271	200	286	281	164	271	145	252	184	178	245	26	229	0	216	262	212	297	195	63	53	228	280	184	280	323	264	138	137	178	248	76	232	95	294	241	173	156	234	60	77	395	83	172	102	324	|
|290	427	490	314	545	342	414	115	497	63	487	328	310	348	296	259	240	442	216	0	443	220	456	408	273	264	443	204	390	479	529	480	278	346	165	343	278	115	293	509	369	229	340	447	244	202	473	230	366	288	536	|
|313	141	159	428	218	215	223	462	220	408	181	310	485	353	167	284	238	130	262	443	0	288	67	228	202	252	149	382	267	67	122	221	168	247	440	459	186	396	273	241	125	423	107	245	291	242	251	214	297	162	160	|
|85	222	397	414	462	124	373	187	431	225	405	355	442	396	121	41	215	347	212	220	288	0	273	371	221	258	357	95	378	344	401	420	136	331	321	450	208	126	302	450	177	353	213	409	272	136	253	143	377	190	426	|
|280	83	224	480	281	177	288	457	287	428	247	366	534	411	162	261	276	196	297	456	67	273	0	292	243	298	215	363	329	128	176	288	179	305	475	513	224	392	324	307	96	466	143	311	335	261	187	235	357	195	219	|
|437	348	124	239	152	373	8	480	95	351	105	118	301	148	279	392	175	108	195	408	228	371	292	0	154	144	91	456	46	194	203	76	244	65	320	261	163	423	121	103	299	273	185	40	168	247	459	230	86	183	178	|
|293	264	217	243	274	249	157	331	230	224	215	147	293	192	151	247	37	169	63	273	202	221	243	154	0	57	170	303	157	217	260	215	110	111	238	278	21	271	94	245	201	223	100	193	92	93	362	78	160	54	263	|
|336	320	237	187	286	302	150	339	234	207	229	97	237	140	205	289	43	194	53	264	252	258	298	144	57	0	190	331	131	257	294	216	163	84	197	221	77	285	44	246	258	172	155	183	39	123	418	119	120	110	288	|
|409	283	48	324	106	329	84	496	79	392	49	201	386	236	247	370	203	19	228	443	149	357	215	91	170	190	0	449	136	105	114	75	221	138	384	349	168	434	185	99	245	346	146	98	224	255	394	231	174	171	99	|
|106	303	490	463	554	198	459	124	522	234	498	425	480	461	216	103	289	440	280	204	382	95	363	456	303	331	449	0	458	439	496	510	229	410	344	498	293	89	374	540	267	391	307	495	336	211	308	226	451	280	520	|
|449	380	170	194	192	394	53	470	133	330	149	78	257	102	297	403	169	152	184	390	267	378	329	46	157	131	136	458	0	238	249	114	259	47	287	216	171	416	96	137	327	235	211	67	145	247	488	235	41	197	223	|
|376	208	99	418	153	281	188	510	164	438	124	295	478	334	224	345	255	87	280	479	67	344	128	194	217	257	105	439	238	0	57	169	216	230	453	445	206	445	268	184	191	427	141	202	296	278	315	250	274	191	92	|
|433	258	83	438	116	337	196	565	146	484	109	315	500	350	280	402	297	102	323	529	122	401	176	203	260	294	114	496	249	57	0	157	271	252	490	463	251	499	296	162	247	457	195	199	331	329	362	302	288	241	47	|
|478	357	74	307	78	402	68	545	19	424	48	191	370	214	316	436	242	93	264	480	221	420	288	76	215	216	75	510	114	169	157	0	287	141	396	325	219	485	196	31	319	347	216	49	243	306	469	286	154	230	120	|
|193	170	261	346	326	139	245	295	297	250	270	256	390	302	42	150	125	211	138	278	168	136	179	244	110	163	221	229	259	216	271	287	0	216	305	382	91	229	204	316	105	310	78	280	192	83	257	60	268	62	292	|
|404	348	180	188	216	353	72	424	160	287	165	65	249	106	256	358	122	149	137	346	247	331	305	65	111	84	138	410	47	230	252	141	216	0	255	215	126	369	56	168	292	210	177	102	103	200	454	189	54	155	234	|
|404	475	430	156	472	419	328	279	415	112	419	211	145	214	340	361	202	390	178	165	440	321	475	320	238	197	384	344	287	453	490	396	305	255	0	181	254	261	201	422	410	69	335	353	160	225	551	246	252	280	482	|
|534	542	385	36	403	518	269	454	344	284	364	151	55	113	423	488	257	363	248	343	459	450	513	261	278	221	349	498	216	445	463	325	382	215	181	0	298	425	189	342	479	115	373	276	190	323	638	330	175	332	439	|
|278	243	214	264	274	230	165	329	233	232	215	166	313	212	132	232	52	165	76	278	186	208	224	163	21	77	168	293	171	206	251	219	91	126	254	298	0	267	114	250	181	242	82	202	112	88	341	68	177	33	258	|
|181	347	479	392	540	250	427	66	500	149	482	371	401	402	232	158	248	428	232	115	396	126	392	423	271	285	434	89	416	445	499	485	229	369	261	425	267	0	325	516	298	313	305	463	281	180	375	203	403	264	516	|
|380	355	231	156	271	343	128	376	215	233	218	53	212	98	246	333	87	194	95	293	273	302	324	121	94	44	185	374	96	268	296	196	204	56	201	189	114	325	0	224	294	161	185	157	49	167	455	163	78	147	284	|
|507	379	85	326	63	428	97	576	21	453	60	215	389	233	344	466	272	116	294	509	241	450	307	103	245	246	99	540	137	184	162	31	316	168	422	342	250	516	224	0	344	371	244	70	271	337	490	317	176	261	120	|
|189	65	270	444	334	90	297	363	323	349	288	343	491	389	74	165	225	228	241	369	125	177	96	299	201	258	245	267	327	191	247	319	105	292	410	479	181	298	294	344	0	414	116	328	291	187	163	165	345	147	282	|
|438	479	390	87	425	437	280	340	367	170	375	157	89	151	349	393	191	355	173	229	423	353	466	273	223	172	346	391	235	427	457	347	310	210	69	115	242	313	161	371	414	0	323	301	133	238	565	253	197	273	444	|
|263	172	184	340	249	188	184	370	224	302	194	231	392	277	100	223	134	134	156	340	107	213	143	185	100	155	146	307	211	141	195	216	78	177	335	373	82	305	185	244	116	323	0	217	192	138	278	110	230	55	214	|
|473	373	116	258	127	405	36	520	68	389	92	145	321	165	314	430	215	117	234	447	245	409	311	40	193	183	98	495	67	202	199	49	280	102	353	276	202	463	157	70	328	301	217	0	205	286	485	269	106	220	167	|
|353	355	271	154	316	328	175	330	261	185	261	90	201	125	233	306	67	230	60	244	291	272	335	168	92	39	224	336	145	296	331	243	192	103	160	190	112	281	49	271	291	133	192	205	0	138	449	141	123	145	323	|
|216	251	300	286	361	200	250	242	320	168	302	220	322	261	115	168	80	250	77	202	242	136	261	247	93	123	255	211	247	278	329	306	83	200	225	323	88	180	167	337	187	238	138	286	138	0	328	28	243	88	340	|
|202	112	409	603	468	134	456	429	470	471	431	505	646	551	216	217	382	376	395	473	251	253	187	459	362	418	394	308	488	315	362	469	257	454	551	638	341	375	455	490	163	565	278	485	449	328	0	313	508	308	406	|
|218	229	276	294	337	188	233	266	299	195	279	217	334	260	97	171	77	225	83	230	214	143	235	230	78	119	231	226	235	250	302	286	60	189	246	330	68	203	163	317	165	253	110	269	141	28	313	0	235	61	315	|
|452	402	210	153	233	406	94	453	174	305	190	41	216	62	308	406	163	189	172	366	297	377	357	86	160	120	174	451	41	274	288	154	268	54	252	175	177	403	78	176	345	197	230	106	123	243	508	235	0	207	264	|
|254	210	215	297	278	199	184	328	242	248	220	198	345	244	101	210	81	164	102	288	162	190	195	183	54	110	171	280	197	191	241	230	62	155	280	332	33	264	147	261	147	273	55	220	145	88	308	61	207	0	253	|
|465	300	54	417	69	372	170	581	106	487	75	295	479	325	307	431	298	95	324	536	160	426	219	178	263	288	99	520	223	92	47	120	292	234	482	439	258	516	284	120	282	444	214	167	323	340	406	315	264	253	0	|

--------------------------------------------------------------------------------
Building model...
	using lazy and cut (CVRPSEP package)
Solving IRP LP...
--------------------------------------------------------------------------------

Gurobi 9.1.0 (linux64) logging started Sun Jan 10 05:19:20 2021

Gurobi Optimizer version 9.1.0 build v9.1.0rc0 (linux64)
Thread count: 32 physical cores, 32 logical processors, using up to 2 threads
Optimize a model with 1431 rows, 12588 columns and 28728 nonzeros
Model fingerprint: 0x3edca2b1
Variable types: 654 continuous, 11934 integer (459 binary)
Coefficient statistics:
  Matrix range     [1e+00, 1e+03]
  Objective range  [1e-02, 6e+02]
  Bounds range     [1e+00, 3e+02]
  RHS range        [1e+01, 7e+03]
Presolve removed 215 rows and 62 columns
Presolve time: 0.06s
Presolved: 1216 rows, 12526 columns, 27046 nonzeros
Variable types: 592 continuous, 11934 integer (11484 binary)

Root relaxation: objective 3.373564e+03, 1290 iterations, 0.04 seconds

    Nodes    |    Current Node    |     Objective Bounds      |     Work
 Expl Unexpl |  Obj  Depth IntInf | Incumbent    BestBd   Gap | It/Node Time

     0     0 3373.56424    0  155          - 3373.56424      -     -    0s
     0     0 3634.59341    0  148          - 3634.59341      -     -    0s
     0     0 3635.13711    0  148          - 3635.13711      -     -    0s
     0     0 4228.79570    0  250          - 4228.79570      -     -    0s
     0     0 4418.94827    0  247          - 4418.94827      -     -    1s
     0     0 4423.86736    0  270          - 4423.86736      -     -    1s
     0     0 4435.71535    0  257          - 4435.71535      -     -    1s
     0     0 4438.73429    0  256          - 4438.73429      -     -    1s
     0     0 4444.13898    0  273          - 4444.13898      -     -    1s
     0     0 4444.61562    0  288          - 4444.61562      -     -    1s
     0     0 4531.76002    0  316          - 4531.76002      -     -    1s
     0     0 4556.87674    0  298          - 4556.87674      -     -    1s
     0     0 4562.12918    0  238          - 4562.12918      -     -    1s
     0     0 4562.15450    0  269          - 4562.15450      -     -    1s
     0     0 4599.01096    0  255          - 4599.01096      -     -    2s
     0     0 4605.61919    0  260          - 4605.61919      -     -    2s
     0     0 4609.48725    0  303          - 4609.48725      -     -    2s
     0     0 4610.36201    0  286          - 4610.36201      -     -    2s
     0     0 4634.79447    0  333          - 4634.79447      -     -    3s
     0     0 4635.89131    0  344          - 4635.89131      -     -    3s
     0     0 4648.78273    0  404          - 4648.78273      -     -    3s
     0     0 4648.78273    0  349          - 4648.78273      -     -    4s
     0     2 4648.78273    0  343          - 4648.78273      -     -    5s
    80    83 5163.61050   27  134          - 4693.88099      -   231   10s
   187   189 4999.71190   28  162          - 4693.88099      -   218   15s
   393   436 6487.95478  127   26          - 4693.88099      -   146   20s
   702   691 4729.88675    4  384          - 4705.33485      -  99.0   25s
   735   698 5270.59155   53  455          - 4705.33485      -  96.4   30s
   746   705 5275.55745   52  359          - 4719.89861      -  95.0   35s
   756   712 6488.24237  128  535          - 4730.92240      -  93.8   40s
   762   716 4749.19423    6  538          - 4734.70884      -  93.0   45s
   771   725 4738.89224   14  434          - 4736.61017      -   121   50s
   795   742 4786.87828   20  507          - 4764.68606      -   139   55s
   838   757 4858.66397   29  357          - 4764.68606      -   152   60s
   899   811 4966.67159   45  189          - 4764.68606      -   158   65s
   997   876 5204.68488   67  118          - 4764.68606      -   159   70s
  1111   956 5518.96929  103   83          - 4764.68606      -   155   75s
  1224  1067 6270.17772  140   73          - 4764.68606      -   147   80s
* 1376  1067             203    8500.8500000 4776.06630  43.8%   136   84s
* 1377  1032             204    8445.8500000 4776.06630  43.5%   136   84s
  1406  1020 4854.84934   16  494 8445.85000 4776.06630  43.5%   136   87s
  1421  1043 4871.24190   17  351 8445.85000 4776.06630  43.5%   137   90s
  1455  1064 4969.34659   19  290 8445.85000 4776.06630  43.5%   137   95s
  1534  1124 4993.88468   24  199 8445.85000 4776.06630  43.5%   136  100s
  1602  1125 5052.81846   27  248 8445.85000 4776.06630  43.5%   135  105s
  1625  1141 5194.80998   36  214 8445.85000 4776.06630  43.5%   139  110s
  1639  1154 5209.13117   38  198 8445.85000 4776.06630  43.5%   142  115s
  1660  1161 5363.39317   43  217 8445.85000 4776.06630  43.5%   143  121s
  1684  1193 5432.19424   43  277 8445.85000 4776.06630  43.5%   145  126s
  1733  1227 5560.55423   53  199 8445.85000 4776.06630  43.5%   147  131s
  1770  1254 5663.83656   62  144 8445.85000 4776.06630  43.5%   148  135s
  1826  1306 5848.99129   76  123 8445.85000 4776.06630  43.5%   149  141s
  1897  1347 6261.11249   91  114 8445.85000 4776.06630  43.5%   149  147s
  1956  1391 6476.03480  100  101 8445.85000 4776.06630  43.5%   150  153s
  1991  1434 6772.57195  107   92 8445.85000 4776.06630  43.5%   149  157s
  2048  1462 7073.14551  126  106 8445.85000 4776.06630  43.5%   147  161s
  2095  1532 7126.99188  132   85 8445.85000 4776.06630  43.5%   146  165s
  2180  1647 7225.55271  147   48 8445.85000 4776.06630  43.5%   143  170s
  2332  1674 7681.22115  161   15 8445.85000 4777.05571  43.4%   137  177s
  2494  1656 4880.49019   19  508 8445.85000 4777.05571  43.4%   132  181s
  2506  1669 4991.57888   23  428 8445.85000 4777.05571  43.4%   134  186s
  2538  1694 5072.97316   34  289 8445.85000 4777.05571  43.4%   136  192s
  2555  1705 5097.71078   36  309 8445.85000 4777.05571  43.4%   137  195s
  2602  1755 5175.85509   49  177 8445.85000 4777.05571  43.4%   139  202s
  2637  1802 5291.53936   54  155 8445.85000 4777.05571  43.4%   140  207s
  2696  1853 5349.63555   64  105 8445.85000 4777.05571  43.4%   140  213s
  2767  1912 5495.17292   77   75 8445.85000 4777.05571  43.4%   139  218s
  2831  2050 5582.82212   85   20 8445.85000 4777.05571  43.4%   138  225s
  2993  2142 5756.56242   92   64 8445.85000 4777.05571  43.4%   134  231s
  3125  2225 6098.66833  129   44 8445.85000 4777.20969  43.4%   132  238s
  3225  2230 6782.79333  175   10 8445.85000 4777.20969  43.4%   128  240s
  3278  2267 8182.79000  187    - 8445.85000 4779.85011  43.4%   130  248s
  3307  2297 4885.52588   19  457 8445.85000 4779.85011  43.4%   130  253s
  3328  2408 4989.49548   22  279 8445.85000 4779.85011  43.4%   131  259s
  3447  2433 5045.19066   30  279 8445.85000 4779.85011  43.4%   128  265s
  3489  2442 5082.48677   36  319 8445.85000 4779.85011  43.4%   129  270s
  3502  2454 5118.48549   38  273 8445.85000 4779.85011  43.4%   130  275s
  3514  2476 5148.59619   40  103 8445.85000 4779.85011  43.4%   131  280s
  3536  2523 5221.60893   44  198 8445.85000 4779.85011  43.4%   132  285s
  3583  2647 5280.92790   50   98 8445.85000 4779.85011  43.4%   133  292s
  3755  2687 5333.23305   63   77 8445.85000 4779.85011  43.4%   129  300s
  3788  2711 5428.42670   70   88 8445.85000 4779.85011  43.4%   131  308s
  3818  2751 5714.17777   77   38 8445.85000 4779.85011  43.4%   131  314s
  3834  2751 5719.67740   84   78 8445.85000 4779.85011  43.4%   132  315s
  3860  2809 5715.18784   88  106 8445.85000 4779.85011  43.4%   133  321s
  3918  2838 5930.21360  113   36 8445.85000 4779.85011  43.4%   133  329s
  3954  2908 6290.78457  119   35 8445.85000 4798.97475  43.2%   134  338s
  4075  2960 6706.04333  148   18 8445.85000 4799.84196  43.2%   133  350s
  4135  3004 7251.01000  171    - 8445.85000 4803.53650  43.1%   132  373s
  4183  3059 7772.50000  172    - 8445.85000 4804.26824  43.1%   132  382s
  4262  3081 7708.01000  175    - 8445.85000 4808.19164  43.1%   132  390s
  4320  3094 infeasible  175      8445.85000 4809.44563  43.1%   132  398s
  4332  3114 4993.81424   29  440 8445.85000 4819.33294  42.9%   134  404s
  4352  3165 5432.01239   41  344 8445.85000 4819.33294  42.9%   136  411s
  4403  3385 6116.26754   63  206 8445.85000 4819.33294  42.9%   137  420s
  4673  3406 infeasible  179      8445.85000 4824.39306  42.9%   132  431s
  4700  3462 5054.81286   27  340 8445.85000 4824.41976  42.9%   133  439s
  4720  3462 5638.89536   47  198 8445.85000 4824.41976  42.9%   134  440s
  4756  3607 5703.68279   51  197 8445.85000 4824.86314  42.9%   134  449s
  4772  3607 5982.02114   67   83 8445.85000 4824.86314  42.9%   134  450s
  4928  3639 4908.93984   21  347 8445.85000 4827.55835  42.8%   132  460s
  4985  3678 5025.68757   33  324 8445.85000 4827.55835  42.8%   133  469s
* 5021  3471             157    7704.7000000 4827.55835  37.3%   133  469s
* 5022  3446             156    7663.7000000 4827.55835  37.0%   133  469s
* 5023  3438             155    7652.7000000 4827.55835  36.9%   133  469s
  5028  3534 5835.50003   69   24 7652.70000 4828.12115  36.9%   134  479s
  5044  3534 6131.08559   85   37 7652.70000 4828.12115  36.9%   133  480s
  5167  3573 7613.77000  152    - 7652.70000 4828.43197  36.9%   133  490s
  5203  3702     cutoff  152      7652.70000 4830.09506  36.9%   134  501s
  5345  3831 5916.62739   58  118 7652.70000 4831.29788  36.9%   134  513s
  5465  3831 7342.32667  166    4 7652.70000 4831.29788  36.9%   132  515s
  5515  3869 infeasible  172      7652.70000 4831.96717  36.9%   133  524s
  5556  3944 5264.68078   31  334 7652.70000 4831.96717  36.9%   134  534s
  5595  3944 5926.61888   70   54 7652.70000 4831.96717  36.9%   135  535s
  5631  4151 6097.10443   72   60 7652.70000 4832.42391  36.9%   135  550s
  5877  4175     cutoff  138      7652.70000 4832.56787  36.9%   133  562s
  5921  4243 5120.61974   39  246 7652.70000 4832.96804  36.8%   135  573s
  5989  4361 5260.50581   53  145 7652.70000 4832.96804  36.8%   136  587s
  6120  4436 5512.71503   73   42 7652.70000 4832.96804  36.8%   136  599s
  6136  4436 5683.97608   80  194 7652.70000 4832.96804  36.8%   136  600s
  6195  4579 5610.04716   80  149 7652.70000 4832.96804  36.8%   136  612s
  6361  4736 6163.56335  102   84 7652.70000 4832.96804  36.8%   136  628s
  6441  4736 6506.55016  115   23 7652.70000 4832.96804  36.8%   135  630s
  6555  4833 7094.20578  129   66 7652.70000 4834.66448  36.8%   135  642s
  6681  4955     cutoff  153      7652.70000 4835.26449  36.8%   135  654s
  6711  4955 6023.72116   80  170 7652.70000 4835.41591  36.8%   136  655s
  6829  5036 5160.09000   47   21 7652.70000 4835.41591  36.8%   135  668s
  6910  5162 6509.99020  109   92 7652.70000 4835.83520  36.8%   135  682s
  7069  5206 7445.75242  156   39 7652.70000 4838.66170  36.8%   135  696s
  7114  5254 5080.34637   36  243 7652.70000 4838.66404  36.8%   136  708s
  7162  5332 5277.98245   44  190 7652.70000 4838.66404  36.8%   138  719s
  7178  5332 5285.64034   53  181 7652.70000 4838.66404  36.8%   138  720s
  7240  5627 5473.17284   67  176 7652.70000 4838.66404  36.8%   139  740s
  7541  5767 6196.02117  112   85 7652.70000 4838.68305  36.8%   138  760s
  7751  5806     cutoff  167      7652.70000 4840.94214  36.7%   138  777s
  7793  5903 5444.03811   33  389 7652.70000 4841.13459  36.7%   140  797s
  7894  5978 6996.40000  113    4 7652.70000 4843.59719  36.7%   141  816s
* 7964  5730             137    7350.2200000 4843.65557  34.1%   141  817s
  8001  5779     cutoff  148      7350.22000 4843.70223  34.1%   141  834s
  8027  5779 5256.42128   44  193 7350.22000 4843.70223  34.1%   142  835s
  8063  5977 5318.06927   54   84 7350.22000 4844.88838  34.1%   143  854s
  8079  5977 5484.81590   70  162 7350.22000 4844.88838  34.1%   143  855s
  8305  5982 4983.79696   32  326 7350.22000 4845.11730  34.1%   142  910s
  8307  6070 5036.94614   33  303 7350.22000 4845.11730  34.1%   142  929s
  8395  6209 5370.50500   64   34 7350.22000 4845.11730  34.1%   143  951s
  8534  6403 5779.43297   96   58 7350.22000 4846.45240  34.1%   143  973s
  8653  6410 6616.52364  147    8 7350.22000 4846.45240  34.1%   142  975s
  8783  6571 6002.86000  121    8 7350.22000 4846.59148  34.1%   143  997s
  8997  6643     cutoff  168      7350.22000 4847.02779  34.1%   143 1018s
  9085  6820 5367.01313   48  159 7350.22000 4848.98920  34.0%   144 1039s
  9150  6820 6826.01241  112   26 7350.22000 4848.98920  34.0%   144 1040s
  9286  6901 5286.33810   30  330 7350.22000 4850.23993  34.0%   144 1059s
  9334  6901 6196.44047   78   65 7350.22000 4850.23993  34.0%   144 1060s
  9368  7034 6603.41506   94   81 7350.22000 4850.51993  34.0%   145 1078s
  9509  7261 5171.52148   34  204 7350.22000 4850.51993  34.0%   146 1103s
  9636  7261 5207.43664   63   42 7350.22000 4850.51993  34.0%   147 1105s
  9778  7437 5795.55825   95   31 7350.22000 4850.93256  34.0%   146 1125s
 10050  7485 infeasible  165      7350.22000 4853.54288  34.0%   145 1147s
*10088  7382             133    7258.5900000 4854.52953  33.1%   146 1148s
 10100  7553 5741.29250   42  255 7258.59000 4855.41300  33.1%   146 1169s
 10132  7553 6366.29000   74   34 7258.59000 4855.41300  33.1%   146 1170s
*10207  7536             134    7249.5900000 4855.52544  33.0%   146 1171s
 10296  7620 5013.21369   29  389 7249.59000 4855.52544  33.0%   146 1191s
 10419  7730 6238.91126   90   76 7249.59000 4855.98960  33.0%   147 1211s
 10574  7917 5069.37392   27  223 7249.59000 4856.09583  33.0%   147 1236s
 10753  8167 5580.70888   65   41 7249.59000 4856.45381  33.0%   147 1261s
 10980  8176 6695.96102  112   41 7249.59000 4856.67760  33.0%   146 1265s
 11047  8247 6417.43000  115    7 7249.59000 4856.94027  33.0%   146 1282s
 11148  8304 6515.41491  116   21 7249.59000 4857.58500  33.0%   147 1304s
 11220  8461 7082.15000  121    - 7249.59000 4858.69045  33.0%   148 1325s
 11400  8518 7195.65000  121    8 7249.59000 4859.20655  33.0%   148 1346s
 11466  8641 infeasible  123      7249.59000 4859.86203  33.0%   148 1366s
 11612  8775 5965.76647   53  186 7249.59000 4860.36712  33.0%   149 1389s
 11628  8775 6415.15595   69  176 7249.59000 4860.36712  33.0%   149 1390s
 11787  8936 5342.16824   27  378 7249.59000 4861.52848  32.9%   149 1412s
 11958  9050 6216.92792   71  108 7249.59000 4862.56310  32.9%   149 1435s
 12088  9142     cutoff  129      7249.59000 4862.57856  32.9%   149 1456s
 12181  9305 5894.19326   70   95 7249.59000 4862.67680  32.9%   150 1480s
 12379  9383     cutoff  135      7249.59000 4864.19717  32.9%   150 1503s
 12492  9383 5226.68224   36  332 7249.59000 4864.35211  32.9%   151 1505s
 12497  9584 5730.58020   71   79 7249.59000 4864.37461  32.9%   151 1527s
 12731  9786 5204.63986   43  130 7249.59000 4864.65468  32.9%   150 1555s
 12928 10170 5675.62361   94   32 7249.59000 4864.70046  32.9%   150 1589s
 12992 10170 6408.02546  124   38 7249.59000 4864.70046  32.9%   150 1590s
 13377 10196 6777.08000  153    8 7249.59000 4864.79415  32.9%   148 1595s
 13468 10290     cutoff  154      7249.59000 4864.80092  32.9%   147 1615s
 13557 10478 5408.45716   48   68 7249.59000 4864.80736  32.9%   148 1634s
 13589 10478 5524.84280   64   35 7249.59000 4864.80736  32.9%   148 1635s
 13753 10657 5850.59500  122   17 7249.59000 4864.83138  32.9%   149 1658s
 13861 10672 5212.62210   30  239 7249.59000 4864.83138  32.9%   148 1660s
 13979 10799 infeasible  157      7249.59000 4864.89854  32.9%   148 1683s
 14093 10801 5944.46826  123   79 7249.59000 4865.10013  32.9%   148 1685s
 14167 10848 5203.03342   32  402 7249.59000 4865.10013  32.9%   148 1704s
 14214 10945 5597.27921   46  315 7249.59000 4865.10013  32.9%   149 1722s
 14311 11128 6318.23174   69  153 7249.59000 4865.24682  32.9%   150 1746s
 14538 11230     cutoff   97      7249.59000 4865.86687  32.9%   150 1771s
 14662 11316 5418.37468   40  213 7249.59000 4866.00845  32.9%   150 1792s
 14747 11546 5964.51242   70  150 7249.59000 4866.48344  32.9%   151 1815s
 15063 11738 infeasible  183      7249.59000 4866.60317  32.9%   150 1842s
 15241 11939 6564.05885   94   31 7249.59000 4866.93813  32.9%   150 1868s
 15502 12093 5606.10006   57  151 7249.59000 4867.17234  32.9%   150 1890s
 15684 12188 5218.93348   37  288 7249.59000 4867.86363  32.9%   150 1915s
 15799 12226 4977.07557   24  554 7249.59000 4868.25447  32.8%   150 1939s
 15842 12311 5259.31181   31  336 7249.59000 4868.25447  32.8%   151 1962s
 15927 12452 5568.79830   40  173 7249.59000 4868.25447  32.8%   152 1989s
 15943 12452 6018.42949   52  187 7249.59000 4868.25447  32.8%   152 1990s
 16093 12590 6342.09384   58  135 7249.59000 4869.43904  32.8%   152 2015s
 16274 12704 5009.63078   26  303 7249.59000 4869.74113  32.8%   152 2038s
 16390 12787 6249.74000   93   12 7249.59000 4870.03048  32.8%   153 2058s
 16502 12912 7147.61500  127   37 7249.59000 4870.62921  32.8%   154 2080s
 16646 12953     cutoff  139      7249.59000 4871.23426  32.8%   154 2110s
 16708 13058 5249.07969   27  256 7249.59000 4871.38602  32.8%   155 2133s
 16832 13174 5192.54409   38  230 7249.59000 4871.38602  32.8%   155 2155s
 16948 13324 5402.54483   56  148 7249.59000 4871.38602  32.8%   156 2178s
 17054 13324 6809.36241  116   67 7249.59000 4871.38602  32.8%   156 2180s
 17169 13550 5974.95449   86   60 7249.59000 4872.39713  32.8%   155 2207s
 17422 13710     cutoff  179      7249.59000 4872.60822  32.8%   155 2231s
 17593 13856 5758.48128   62  207 7249.59000 4872.85006  32.8%   155 2255s
 17777 14007 5376.59181   35  360 7249.59000 4872.86343  32.8%   155 2278s
 17928 14129 7171.69183  107   62 7249.59000 4872.90803  32.8%   156 2303s
 18033 14135 5877.55664   59  133 7249.59000 4872.95188  32.8%   156 2305s
 18080 14267 5375.99628   50  117 7249.59000 4873.10041  32.8%   155 2327s
 18228 14342     cutoff  131      7249.59000 4873.62881  32.8%   156 2351s
 18319 14525 5614.66249   55  100 7249.59000 4873.82877  32.8%   156 2376s
 18535 14706 5351.71351   56  111 7249.59000 4875.53269  32.7%   156 2401s
 18690 14710 6138.59314   78   68 7249.59000 4875.55366  32.7%   156 2405s
 18759 14789     cutoff  147      7249.59000 4875.70198  32.7%   156 2427s
 18838 14947 5966.89313   58   88 7249.59000 4875.71835  32.7%   157 2451s
 19029 15188 5170.75455   34  162 7249.59000 4875.77278  32.7%   157 2478s
 19111 15188 5795.25390   79  129 7249.59000 4875.77278  32.7%   157 2480s
 19277 15540 infeasible  112      7249.59000 4875.85838  32.7%   156 2511s
 19570 15557 6011.93622  134   26 7249.59000 4876.14429  32.7%   155 2515s
 19730 15620 7067.83000  172    - 7249.59000 4876.14908  32.7%   155 2538s
 19808 15749     cutoff  178      7249.59000 4876.58513  32.7%   155 2562s
 19956 15999 5667.72016   58  235 7249.59000 4876.95466  32.7%   155 2590s
 20270 16066 infeasible  148      7249.59000 4877.40690  32.7%   154 2617s
 20345 16289 5600.80415   48  223 7249.59000 4877.59304  32.7%   155 2643s
 20490 16296 5871.32356   79   21 7249.59000 4877.89769  32.7%   154 2645s
 20628 16361     cutoff  140      7249.59000 4877.95191  32.7%   154 2670s
 20703 16440 5797.94554   36  205 7249.59000 4878.31025  32.7%   154 2693s
 20831 16616 5390.19409   32  209 7249.59000 4878.45241  32.7%   155 2720s
 21038 16683 5017.24460   25  407 7249.59000 4878.52321  32.7%   154 2744s
 21084 16683 4935.14605   20  413 7249.59000 4878.52321  32.7%   155 2745s
 21105 16803 5902.63770   71  108 7249.59000 4878.65086  32.7%   155 2770s
 21248 16864 5028.01554   39  410 7249.59000 4878.68882  32.7%   155 2792s
 21302 17080 5197.08073   50  219 7249.59000 4878.68882  32.7%   156 2819s
 21318 17080 5317.72497   60  104 7249.59000 4878.68882  32.7%   156 2820s
 21528 17299 5486.26000   74   17 7249.59000 4878.68882  32.7%   156 2847s
 21689 17302 5765.50805  153   15 7249.59000 4878.68882  32.7%   156 2850s
 21830 17372 5797.96584  116   39 7249.59000 4879.02782  32.7%   155 2874s
 21863 17378 6081.59800  131   20 7249.59000 4879.02782  32.7%   155 2875s
 21929 17502 6780.77000  139   16 7249.59000 4879.14172  32.7%   155 2897s
 22055 17638 7158.68484  142   24 7249.59000 4879.39555  32.7%   156 2920s
 22213 17719     cutoff  145      7249.59000 4879.48408  32.7%   156 2945s
 22298 17836 5250.55977   26  336 7249.59000 4879.48408  32.7%   157 2971s
 22443 17922 5408.84964   31  290 7249.59000 4879.48408  32.7%   157 2996s
 22531 18000 5676.78779   43  168 7249.59000 4879.96671  32.7%   157 3020s
 22622 18069 5192.62970   30  379 7249.59000 4880.03955  32.7%   158 3042s
 22691 18100 5436.03218   47  109 7249.59000 4880.03955  32.7%   158 3069s
 22722 18222 5565.68087   51   63 7249.59000 4880.03955  32.7%   158 3091s
 22844 18526 5826.26536   70   69 7249.59000 4880.03955  32.7%   159 3124s
 22924 18526 6298.62008   94   70 7249.59000 4880.03955  32.7%   159 3125s
 23175 18591 6585.43118  112   24 7249.59000 4880.03955  32.7%   158 3153s
 23249 18705 6830.44000  123   16 7249.59000 4880.50450  32.7%   158 3177s
 23395 18776 infeasible  149      7249.59000 4880.59526  32.7%   159 3201s
 23490 18917 5293.61345   32  307 7249.59000 4880.73804  32.7%   159 3422s
 23588 18917 6654.47677  130   10 7249.59000 4880.73804  32.7%   159 3425s
 23632 19045 6970.93378  144   38 7249.59000 4880.79628  32.7%   159 3449s
 23690 19046 5272.52431   27  452 7249.59000 4880.79628  32.7%   159 3450s
 23794 19147 infeasible  180      7249.59000 4880.91418  32.7%   159 3477s
 23897 19278 5302.28167   45  302 7249.59000 4880.91418  32.7%   159 3503s
 24044 19464 5548.53129   62   95 7249.59000 4880.91418  32.7%   160 3535s
 24254 19668 5769.47826  100  170 7249.59000 4881.34057  32.7%   160 3565s
 24483 19701 7223.21000  160    - 7249.59000 4881.69344  32.7%   159 3594s
 24531 19711 infeasible  160      7249.59000 4881.88982  32.7%   160 3600s

Cutting planes:
  User: 4346
  Gomory: 19
  Cover: 448
  Implied bound: 115
  Projected implied bound: 1
  Clique: 15
  MIR: 179
  StrongCG: 1
  Flow cover: 589
  Zero half: 135
  Network: 16
  RLT: 374
  Relax-and-lift: 20
  Lazy constraints: 6267

Explored 24546 nodes (3935160 simplex iterations) in 3600.31 seconds
Thread count was 2 (of 32 available processors)

Solution count 8: 7249.59 7258.59 7350.22 ... 8500.85

Time limit reached
Best objective 7.249590000000e+03, best bound 4.881889824919e+03, gap 32.6598%

User-callback calls 363277, time in user-callback 237.38 sec
================================================================================
executing instance: ./input/Instances/Original/5/absH3low_4n25.dat
--------------------------------------------------------------------------------
Instance details
n	26
H	3
C	2029
Li:
[0, 0, 0, 0, 0, 0, 0, 0, 0, 0, 0, 0, 0, 0, 0, 0, 0, 0, 0, 0, 0, 0, 0, 0, 0, 0, ]
Ui:
[0, 34, 165, 76, 88, 188, 58, 279, 52, 132, 198, 142, 135, 165, 186, 58, 201, 196, 40, 183, 32, 90, 168, 126, 93, 146, ]
Distance matrix:
|0	299	188	235	91	202	152	147	162	277	268	132	71	162	220	69	220	289	241	124	265	80	162	132	66	302	|
|299	0	468	431	282	142	317	425	443	569	193	178	359	302	422	231	93	28	511	325	457	242	434	215	240	601	|
|188	468	0	153	265	342	308	43	192	106	455	290	117	206	142	246	379	464	252	274	360	267	211	319	231	184	|
|235	431	153	0	326	289	386	145	321	240	482	269	184	129	15	258	339	436	393	355	477	305	336	354	237	334	|
|91	282	265	326	0	228	66	228	166	339	196	157	154	242	311	99	225	264	229	50	201	47	153	71	115	340	|
|202	142	342	289	228	0	285	301	363	447	255	73	245	161	281	139	53	151	440	278	428	181	360	187	136	495	|
|152	317	308	386	66	285	0	275	167	368	188	217	207	308	371	163	274	295	210	34	145	108	148	104	181	350	|
|147	425	43	145	228	301	275	0	179	146	415	248	76	172	131	203	337	421	248	242	341	227	195	279	188	211	|
|162	443	192	321	166	363	167	179	0	216	352	291	152	302	307	225	375	428	81	138	170	201	22	237	227	183	|
|277	569	106	240	339	447	368	146	216	0	535	391	210	312	232	341	481	562	245	335	381	352	238	402	329	106	|
|268	193	455	482	196	255	188	415	352	535	0	225	339	367	469	224	212	165	398	214	302	188	335	136	245	533	|
|132	178	290	269	157	73	217	248	291	391	225	0	183	145	258	66	91	175	367	207	358	110	287	127	67	431	|
|71	359	117	184	154	245	207	76	152	210	339	183	0	152	169	131	274	352	232	174	294	151	161	203	119	251	|
|162	302	206	129	242	161	308	172	302	312	367	145	152	0	120	153	210	308	383	284	426	208	309	249	132	383	|
|220	422	142	15	311	281	371	131	307	232	469	258	169	120	0	245	330	427	379	340	461	291	321	340	224	324	|
|69	231	246	258	99	139	163	203	225	341	224	66	131	153	245	0	152	222	301	147	299	57	221	97	22	371	|
|220	93	379	339	225	53	274	337	375	481	212	91	274	210	330	152	0	99	448	273	419	180	369	171	157	521	|
|289	28	464	436	264	151	295	421	428	562	165	175	352	308	427	222	99	0	493	305	434	227	418	196	234	590	|
|241	511	252	393	229	440	210	248	81	245	398	367	232	383	379	301	448	493	0	190	147	270	80	298	305	175	|
|124	325	274	355	50	278	34	242	138	335	214	207	174	284	340	147	273	305	190	0	152	97	122	110	162	320	|
|265	457	360	477	201	428	145	341	170	381	302	358	294	426	461	299	419	434	147	152	0	248	150	249	312	322	|
|80	242	267	305	47	181	108	227	201	352	188	110	151	208	291	57	180	227	270	97	248	0	192	52	76	366	|
|162	434	211	336	153	360	148	195	22	238	335	287	161	309	321	221	369	418	80	122	150	192	0	224	225	203	|
|132	215	319	354	71	187	104	279	237	402	136	127	203	249	340	97	171	196	298	110	249	52	224	0	118	409	|
|66	240	231	237	115	136	181	188	227	329	245	67	119	132	224	22	157	234	305	162	312	76	225	118	0	364	|
|302	601	184	334	340	495	350	211	183	106	533	431	251	383	324	371	521	590	175	320	322	366	203	409	364	0	|

--------------------------------------------------------------------------------
Building model...
	using lazy and cut (CVRPSEP package)
Solving IRP LP...
--------------------------------------------------------------------------------

Gurobi 9.1.0 (linux64) logging started Sun Jan 10 06:19:21 2021

Gurobi Optimizer version 9.1.0 build v9.1.0rc0 (linux64)
Thread count: 32 physical cores, 32 logical processors, using up to 2 threads
Optimize a model with 731 rows, 3488 columns and 8753 nonzeros
Model fingerprint: 0xf488c5a5
Variable types: 329 continuous, 3159 integer (234 binary)
Coefficient statistics:
  Matrix range     [1e+00, 7e+02]
  Objective range  [1e-02, 6e+02]
  Bounds range     [1e+00, 3e+02]
  RHS range        [2e+01, 3e+03]
Presolve removed 132 rows and 53 columns
Presolve time: 0.04s
Presolved: 599 rows, 3435 columns, 8122 nonzeros
Variable types: 267 continuous, 3168 integer (2934 binary)

Root relaxation: objective 2.352752e+03, 976 iterations, 0.02 seconds

    Nodes    |    Current Node    |     Objective Bounds      |     Work
 Expl Unexpl |  Obj  Depth IntInf | Incumbent    BestBd   Gap | It/Node Time

     0     0 2352.75176    0   75          - 2352.75176      -     -    0s
     0     0 2540.60435    0   97          - 2540.60435      -     -    0s
     0     0 2979.53916    0  163          - 2979.53916      -     -    0s
