




arguments: ./build/bc_mirp -f ./input/orig_exec_31.cfg
Current dir: /scratch/gui/bc_mirp
File verbosity level: 9
date       time         ( uptime  ) [ thread name/id ]                   file:line     v| 
2021-02-06 17:32:15.520 (   0.071s) [main thread     ]             loguru.cpp:789   INFO| Logging to './output/vi_vc+cos/OU/V4/Original/execution_06_02_2021_17_32_15.log', mode: 'a', verbosity: 9
--------------------------------------------------------------------------------
Parameters
                           instance_path           ./input/Instances/Original/1/
                            model_policy                                       1
                             nb_vehicles                                       4
                              output_dir      ./output/vi_vc+cos/OU/V4/Original/
                            sec_strategy                                       1
                       solver_nb_threads                                       2
                         solver_show_log                                    true
                       solver_time_limit                                    3600
                              use_vi_cos                                    true
                              use_vi_cus                                   false
                         use_vi_hc1_full                                   false
                         use_vi_hc1_half                                   false
                      use_vi_hc1_quarter                                   false
                              use_vi_hc2                                   false
                              use_vi_hc3                                   false
                         use_vi_lex_full                                   false
                         use_vi_lex_half                                   false
                      use_vi_lex_quarter                                   false
                              use_vi_qua                                   false
                               use_vi_vc                                    true
                               use_vi_vr                                   false
--------------------------------------------------------------------------------
executing instance: ./input/Instances/Original/1/absH3high_1n5.dat
--------------------------------------------------------------------------------
Instance details
n	6
H	3
C	289
Li:
[0, 0, 0, 0, 0, 0, ]
Ui:
[0, 195, 105, 116, 72, 22, ]
Distance matrix:
|0	85	349	17	203	289	|
|85	0	265	102	214	226	|
|349	265	0	366	368	238	|
|17	102	366	0	207	302	|
|203	214	368	207	0	431	|
|289	226	238	302	431	0	|

--------------------------------------------------------------------------------
Building model...
	using lazy and cut (CVRPSEP package)
Solving IRP LP...
--------------------------------------------------------------------------------

Gurobi 9.1.0 (linux64) logging started Sat Feb  6 17:32:15 2021

Gurobi Optimizer version 9.1.0 build v9.1.0rc0 (linux64)
Thread count: 32 physical cores, 32 logical processors, using up to 2 threads
Optimize a model with 234 rows, 336 columns and 1407 nonzeros
Model fingerprint: 0xcfbe4b8d
Variable types: 84 continuous, 252 integer (72 binary)
Coefficient statistics:
  Matrix range     [1e+00, 4e+02]
  Objective range  [2e-01, 4e+02]
  Bounds range     [1e+00, 2e+02]
  RHS range        [1e+00, 5e+02]
Presolve removed 145 rows and 229 columns
Presolve time: 0.02s
Presolved: 89 rows, 107 columns, 443 nonzeros
Variable types: 22 continuous, 85 integer (61 binary)
Found heuristic solution: objective 4898.4900000
Found heuristic solution: objective 2923.7700000

Root relaxation: objective 1.897530e+03, 64 iterations, 0.00 seconds

    Nodes    |    Current Node    |     Objective Bounds      |     Work
 Expl Unexpl |  Obj  Depth IntInf | Incumbent    BestBd   Gap | It/Node Time

     0     0 1897.53024    0   20 2923.77000 1897.53024  35.1%     -    0s
     0     0 2219.65685    0   20 2923.77000 2219.65685  24.1%     -    0s
H    0     0                    2888.0300000 2219.65685  23.1%     -    0s
     0     0 2440.41818    0   39 2888.03000 2440.41818  15.5%     -    0s
     0     0 2456.82695    0   38 2888.03000 2456.82695  14.9%     -    0s
     0     0 2462.93830    0   40 2888.03000 2462.93830  14.7%     -    0s
     0     0 2546.83799    0   35 2888.03000 2546.83799  11.8%     -    0s
     0     0 2583.20069    0   28 2888.03000 2583.20069  10.6%     -    0s
     0     0 2583.76394    0   28 2888.03000 2583.76394  10.5%     -    0s
     0     0 2586.91065    0   27 2888.03000 2586.91065  10.4%     -    0s
     0     0 2589.29465    0   25 2888.03000 2589.29465  10.3%     -    0s
     0     0 2593.86018    0   26 2888.03000 2593.86018  10.2%     -    0s
     0     0 2594.84000    0   20 2888.03000 2594.84000  10.2%     -    0s
H    0     0                    2880.0100000 2594.84000  9.90%     -    0s
H    0     0                    2703.3300000 2594.84000  4.01%     -    0s
     0     0 2594.84000    0   17 2703.33000 2594.84000  4.01%     -    0s
     0     0 2594.84000    0   14 2703.33000 2594.84000  4.01%     -    0s
     0     0 2594.84000    0   17 2703.33000 2594.84000  4.01%     -    0s
     0     0 2609.89333    0   16 2703.33000 2609.89333  3.46%     -    0s
     0     0 2620.30732    0   17 2703.33000 2620.30732  3.07%     -    0s
     0     0 2620.85112    0   18 2703.33000 2620.85112  3.05%     -    0s
     0     0 2620.88571    0   17 2703.33000 2620.88571  3.05%     -    0s
     0     0 2621.22008    0   17 2703.33000 2621.22008  3.04%     -    0s

Cutting planes:
  Gomory: 1
  Cover: 3
  Implied bound: 8
  MIR: 8
  Flow cover: 7
  RLT: 4
  Relax-and-lift: 3

Explored 1 nodes (319 simplex iterations) in 0.12 seconds
Thread count was 2 (of 32 available processors)

Solution count 5: 2703.33 2880.01 2888.03 ... 4898.49

Optimal solution found (tolerance 1.00e-04)
Best objective 2.703330000000e+03, best bound 2.703330000000e+03, gap 0.0000%

User-callback calls 248, time in user-callback 0.01 sec
================================================================================
executing instance: ./input/Instances/Original/1/absH3high_1n45.dat
--------------------------------------------------------------------------------
Instance details
n	46
H	3
C	3462
Li:
[0, 0, 0, 0, 0, 0, 0, 0, 0, 0, 0, 0, 0, 0, 0, 0, 0, 0, 0, 0, 0, 0, 0, 0, 0, 0, 0, 0, 0, 0, 0, 0, 0, 0, 0, 0, 0, 0, 0, 0, 0, 0, 0, 0, 0, 0, ]
Ui:
[0, 273, 270, 36, 165, 192, 148, 45, 30, 75, 180, 198, 112, 117, 90, 64, 180, 22, 264, 174, 168, 270, 86, 66, 26, 66, 237, 156, 92, 108, 144, 72, 30, 45, 94, 54, 174, 96, 198, 136, 44, 180, 210, 249, 198, 48, ]
Distance matrix:
|0	281	201	160	249	201	93	431	236	139	252	136	116	166	390	110	349	374	303	180	327	464	236	70	44	461	346	439	363	254	312	426	305	206	71	137	169	200	247	260	20	219	256	253	460	278	|
|281	0	448	170	53	142	338	184	121	290	371	390	222	302	111	289	169	434	230	177	238	441	59	212	319	211	86	235	399	306	53	176	99	202	263	157	361	101	370	201	264	344	364	374	469	184	|
|201	448	0	285	430	325	114	556	361	171	191	64	228	174	546	294	453	306	364	289	388	435	393	254	157	585	491	536	318	254	490	554	436	407	266	292	108	388	186	337	207	181	205	190	408	364	|
|160	170	285	0	169	43	182	280	80	120	208	231	58	132	262	230	190	294	151	24	174	345	112	107	183	309	207	280	268	158	219	276	155	235	187	45	192	150	205	107	140	177	202	210	356	119	|
|249	53	430	169	0	152	317	238	145	282	377	369	212	299	157	242	215	452	261	183	273	474	76	181	290	264	140	287	421	320	63	229	145	148	221	142	352	53	374	226	234	346	370	378	498	215	|
|201	142	325	43	152	0	224	237	37	156	230	273	101	164	224	261	148	300	127	38	147	333	83	142	225	266	167	238	270	168	193	233	112	246	221	70	228	148	228	84	180	202	222	232	351	87	|
|93	338	114	182	317	224	0	460	262	92	180	52	124	112	440	199	364	307	292	191	317	415	284	140	57	490	387	452	304	208	377	457	336	297	163	181	84	274	175	256	95	152	188	180	402	280	|
|431	184	556	280	238	237	460	0	199	385	420	508	337	385	108	464	110	429	219	269	206	378	202	365	460	30	98	84	388	340	204	9	126	386	432	294	453	283	421	226	411	404	408	423	422	198	|
|236	121	361	80	145	37	262	199	0	191	255	310	138	197	191	290	114	312	118	72	133	330	69	175	262	229	132	204	279	186	174	195	75	258	251	102	262	153	254	81	216	230	246	257	353	72	|
|139	290	171	120	282	156	92	385	191	0	116	129	71	27	380	246	283	235	201	119	226	329	231	141	129	414	323	367	224	119	336	383	266	308	202	141	72	252	112	169	127	82	118	117	322	195	|
|252	371	191	208	377	230	180	420	255	116	0	187	178	90	443	361	311	127	204	195	224	246	313	257	232	446	382	380	129	81	423	421	320	422	318	242	100	355	5	195	241	34	15	2	225	224	|
|136	390	64	231	369	273	52	508	310	129	187	0	173	141	491	233	409	313	330	239	355	431	335	191	93	538	438	495	316	233	429	505	385	342	203	233	88	325	182	297	143	167	199	187	412	323	|
|116	222	228	58	212	101	124	337	138	71	178	173	0	91	319	206	244	284	187	69	212	357	165	85	130	367	265	333	264	151	267	333	213	244	161	70	140	181	175	145	97	145	177	180	359	165	|
|166	302	174	132	299	164	112	385	197	27	90	141	91	0	388	273	280	208	191	127	215	305	243	167	153	413	329	361	198	96	351	383	270	333	229	159	68	272	86	163	153	56	92	91	296	190	|
|390	111	546	262	157	224	440	108	191	380	443	491	319	388	0	399	164	480	264	261	261	456	156	320	426	125	62	186	442	369	107	99	125	300	374	260	452	210	443	252	372	420	433	446	494	227	|
|110	289	294	230	242	261	199	464	290	246	361	233	206	273	399	0	402	480	382	254	404	562	262	124	143	493	369	490	466	355	302	457	344	135	45	191	279	189	356	337	120	328	364	362	563	348	|
|349	169	453	190	215	148	364	110	114	283	311	409	244	280	164	402	0	324	110	174	101	292	151	289	372	135	109	90	284	230	212	111	70	354	364	216	348	245	312	118	329	295	298	313	330	90	|
|374	434	306	294	452	300	307	429	312	235	127	313	284	208	480	480	324	0	216	274	223	137	380	368	357	448	419	367	40	136	487	432	358	525	436	336	227	443	132	234	361	156	119	127	102	255	|
|303	230	364	151	261	127	292	219	118	201	204	330	187	191	264	382	110	216	0	128	25	213	185	258	314	243	203	176	178	123	282	221	144	372	338	193	256	270	206	45	283	193	191	206	239	46	|
|180	177	289	24	183	38	191	269	72	119	195	239	69	127	261	254	174	274	128	0	151	321	118	130	198	299	204	263	246	139	228	266	147	258	211	68	191	169	193	83	159	166	188	197	333	98	|
|327	238	388	174	273	147	317	206	133	226	224	355	212	215	261	404	101	223	25	151	0	203	198	281	339	228	202	156	184	143	288	209	146	390	362	215	280	286	226	68	308	215	210	226	235	61	|
|464	441	435	345	474	333	415	378	330	329	246	431	357	305	456	562	292	137	213	321	203	0	398	440	458	390	400	301	117	211	492	384	348	578	517	389	344	480	251	251	448	265	233	246	54	259	|
|236	59	393	112	76	83	284	202	69	231	313	335	165	243	156	262	151	380	185	118	198	398	0	167	270	231	110	233	347	250	110	195	85	203	230	103	303	95	311	150	217	284	305	315	422	139	|
|70	212	254	107	181	142	140	365	175	141	257	191	85	167	320	124	289	368	258	130	281	440	167	0	109	394	277	378	349	236	244	359	239	167	81	73	196	135	253	213	53	223	257	258	444	226	|
|44	319	157	183	290	225	57	460	262	129	232	93	130	153	426	143	372	357	314	198	339	458	270	109	0	490	379	462	351	247	353	456	334	250	110	168	140	243	226	274	56	201	238	232	449	294	|
|461	211	585	309	264	266	490	30	229	414	446	538	367	413	125	493	135	448	243	299	228	390	231	394	490	0	125	89	408	365	226	36	156	412	462	324	481	311	447	253	441	430	433	448	436	225	|
|346	86	491	207	140	167	387	98	132	323	382	438	265	329	62	369	109	419	203	204	202	400	110	277	379	125	0	155	381	307	113	90	63	288	339	211	394	186	382	190	327	359	371	384	436	165	|
|439	235	536	280	287	238	452	84	204	367	380	495	333	361	186	490	90	367	176	263	156	301	233	378	462	89	155	0	326	299	267	92	148	432	454	306	429	325	382	199	419	369	366	382	348	172	|
|363	399	318	268	421	270	304	388	279	224	129	316	264	198	442	466	284	40	178	246	184	117	347	349	351	408	381	326	0	113	452	391	321	502	422	311	229	415	134	199	348	152	118	130	98	219	|
|254	306	254	158	320	168	208	340	186	119	81	233	151	96	369	355	230	136	123	139	143	211	250	236	247	365	307	299	113	0	359	340	244	390	310	200	148	308	83	117	238	74	68	83	208	145	|
|312	53	490	219	63	193	377	204	174	336	423	429	267	351	107	302	212	487	282	228	288	492	110	244	353	226	113	267	452	359	0	195	145	194	283	199	407	115	421	254	296	394	415	425	521	237	|
|426	176	554	276	229	233	457	9	195	383	421	505	333	383	99	457	111	432	221	266	209	384	195	359	456	36	90	92	391	340	195	0	122	378	426	289	451	275	421	226	406	404	408	423	427	197	|
|305	99	436	155	145	112	336	126	75	266	320	385	213	270	125	344	70	358	144	147	146	348	85	239	334	156	63	148	321	244	145	122	0	286	310	168	336	177	320	128	285	298	309	322	381	103	|
|206	202	407	235	148	246	297	386	258	308	422	342	244	333	300	135	354	525	372	258	390	578	203	167	250	412	288	432	502	390	194	378	286	0	144	191	362	109	418	329	202	388	421	423	591	329	|
|71	263	266	187	221	221	163	432	251	202	318	203	161	229	374	45	364	436	338	211	362	517	230	81	110	462	339	454	422	310	283	426	310	144	0	150	239	168	313	294	77	285	321	319	518	306	|
|137	157	292	45	142	70	181	294	102	141	242	233	70	159	260	191	216	336	193	68	215	389	103	73	168	324	211	306	311	200	199	289	168	191	150	0	210	113	239	148	117	210	238	244	400	157	|
|169	361	108	192	352	228	84	453	262	72	100	88	140	68	452	279	348	227	256	191	280	344	303	196	140	481	394	429	229	148	407	451	336	362	239	210	0	318	95	231	164	79	111	100	325	258	|
|200	101	388	150	53	148	274	283	153	252	355	325	181	272	210	189	245	443	270	169	286	480	95	135	243	311	186	325	415	308	115	275	177	109	168	113	318	0	352	230	187	323	351	357	498	225	|
|247	370	186	205	374	228	175	421	254	112	5	182	175	86	443	356	312	132	206	193	226	251	311	253	226	447	382	382	134	83	421	421	320	418	313	239	95	352	0	196	237	30	19	6	230	224	|
|260	201	337	107	226	84	256	226	81	169	195	297	145	163	252	337	118	234	45	83	68	251	150	213	274	253	190	199	199	117	254	226	128	329	294	148	231	230	196	0	240	178	184	198	272	29	|
|20	264	207	140	234	180	95	411	216	127	241	143	97	153	372	120	329	361	283	159	308	448	217	53	56	441	327	419	348	238	296	406	285	202	77	117	164	187	237	240	0	208	245	242	446	257	|
|219	344	181	177	346	202	152	404	230	82	34	167	145	56	420	328	295	156	193	166	215	265	284	223	201	430	359	369	152	74	394	404	298	388	285	210	79	323	30	178	208	0	37	35	250	206	|
|256	364	205	202	370	222	188	408	246	118	15	199	177	92	433	364	298	119	191	188	210	233	305	257	238	433	371	366	118	68	415	408	309	421	321	238	111	351	19	184	245	37	0	17	214	212	|
|253	374	190	210	378	232	180	423	257	117	2	187	180	91	446	362	313	127	206	197	226	246	315	258	232	448	384	382	130	83	425	423	322	423	319	244	100	357	6	198	242	35	17	0	225	226	|
|460	469	408	356	498	351	402	422	353	322	225	412	359	296	494	563	330	102	239	333	235	54	422	444	449	436	436	348	98	208	521	427	381	591	518	400	325	498	230	272	446	250	214	225	0	285	|
|278	184	364	119	215	87	280	198	72	195	224	323	165	190	227	348	90	255	46	98	61	259	139	226	294	225	165	172	219	145	237	197	103	329	306	157	258	225	224	29	257	206	212	226	285	0	|

--------------------------------------------------------------------------------
Building model...
	using lazy and cut (CVRPSEP package)
Solving IRP LP...
--------------------------------------------------------------------------------

Gurobi 9.1.0 (linux64) logging started Sat Feb  6 17:32:16 2021

Gurobi Optimizer version 9.1.0 build v9.1.0rc0 (linux64)
Thread count: 32 physical cores, 32 logical processors, using up to 2 threads
Optimize a model with 1714 rows, 13696 columns and 50047 nonzeros
Model fingerprint: 0xb8dfb5f8
Variable types: 724 continuous, 12972 integer (552 binary)
Coefficient statistics:
  Matrix range     [1e+00, 9e+02]
  Objective range  [1e-01, 6e+02]
  Bounds range     [1e+00, 3e+02]
  RHS range        [1e+00, 6e+03]
Presolve removed 454 rows and 226 columns
Presolve time: 0.18s
Presolved: 1260 rows, 13470 columns, 47792 nonzeros
Variable types: 452 continuous, 13018 integer (12452 binary)

Root relaxation: objective 1.314057e+04, 1211 iterations, 0.04 seconds

    Nodes    |    Current Node    |     Objective Bounds      |     Work
 Expl Unexpl |  Obj  Depth IntInf | Incumbent    BestBd   Gap | It/Node Time

     0     0 13140.5741    0  128          - 13140.5741      -     -    0s
     0     0 13451.0093    0  111          - 13451.0093      -     -    0s
     0     0 13904.9917    0  243          - 13904.9917      -     -    1s
     0     0 13931.7959    0  226          - 13931.7959      -     -    1s
     0     0 13934.7042    0  232          - 13934.7042      -     -    1s
     0     0 13935.3323    0  247          - 13935.3323      -     -    1s
     0     0 13936.5287    0  232          - 13936.5287      -     -    1s
     0     0 13936.5824    0  241          - 13936.5824      -     -    1s
     0     0 14105.8322    0  219          - 14105.8322      -     -    1s
     0     0 14115.5814    0  231          - 14115.5814      -     -    1s
     0     0 14116.0154    0  226          - 14116.0154      -     -    1s
     0     0 14205.2732    0  309          - 14205.2732      -     -    2s
     0     0 14213.9899    0  332          - 14213.9899      -     -    3s
     0     0 14216.7206    0  374          - 14216.7206      -     -    3s
     0     0 14217.1029    0  380          - 14217.1029      -     -    3s
     0     0 14273.2671    0  357          - 14273.2671      -     -    4s
     0     0 14298.7898    0  312          - 14298.7898      -     -    4s
     0     0 14299.5990    0  344          - 14299.5990      -     -    4s
     0     0 14404.3799    0  342          - 14404.3799      -     -    5s
     0     0 14413.4483    0  416          - 14413.4483      -     -    5s
     0     0 14421.0255    0  396          - 14421.0255      -     -    5s
     0     0 14422.6124    0  390          - 14422.6124      -     -    6s
     0     0 14429.8389    0  283          - 14429.8389      -     -    6s
     0     0 14435.5991    0  485          - 14435.5991      -     -    6s
     0     0 14436.1078    0  364          - 14436.1078      -     -    6s
     0     0 14441.5229    0  250          - 14441.5229      -     -    7s
     0     0 14446.8766    0  269          - 14446.8766      -     -    7s
     0     0 14447.1028    0  280          - 14447.1028      -     -    7s
     0     0 14452.1221    0  359          - 14452.1221      -     -    7s
     0     0 14452.1221    0  343          - 14452.1221      -     -    8s
     0     2 14463.7215    0  343          - 14463.7215      -     -    9s
     1     4 14463.7215    1  428          - 14463.7215      -   204   10s
    19    22 14492.2653    6  470          - 14463.7215      -   517   15s
    59    65 14591.7894   19  315          - 14463.7215      -   411   20s
   134   143 14797.3335   41  239          - 14463.7215      -   324   25s
   247   279 15766.8012   89  170          - 14463.7215      -   264   30s
   440   494 16408.3152  213   99          - 14463.7215      -   187   36s
   560   620 17361.1337  282   64          - 14463.7215      -   161   41s
   695   771 17556.7021  371   84          - 14463.7215      -   148   46s
   780   775 infeasible  426               - 14463.7215      -   136   50s
   923   953 14745.3074    6  379          - 14463.7215      -   139   55s
  1070  1114 15023.4534    9  322          - 14463.7215      -   132   60s
  1206  1244 17872.9345  470  116          - 14463.7215      -   127   65s
  1286  1251 14954.5203   21  343          - 14463.7215      -   128   70s
  1296  1258 17821.1760  434  593          - 14525.9371      -   127   75s
  1303  1262 17700.9601  396  611          - 14554.7006      -   126   80s
  1310  1267 14794.0353   37  551          - 14559.9698      -   125   85s
  1315  1270 17069.2635  253  611          - 14560.5435      -   125   90s
  1322  1275 17188.4242  320  662          - 14561.9974      -   124   95s
  1325  1277 17014.2810  181  645          - 14562.0269      -   124  105s
  1332  1283 17559.7494  383  154          - 14562.0333      -   141  110s
  1340  1289 14760.0535    6  578          - 14562.0333      -   140  115s
  1347  1293 17854.8884  316  338          - 14563.0618      -   139  120s
  1352  1297 17718.7699  394  376          - 14563.3810      -   139  125s
  1357  1300 16077.8406   76  626          - 14563.3865      -   138  130s
  1361  1303 16736.1237  151  592          - 14563.3966      -   138  135s
  1362  1303 17049.6832  223  592          - 14572.0030      -   138  144s
  1363  1307 14581.7341   25  671          - 14572.0030      -   152  145s
  1375  1315 14651.3764   28  585          - 14600.5063      -   161  150s
  1392  1326 14618.1141   33  596          - 14617.4584      -   172  155s
  1407  1339 14630.9582   37  586          - 14630.9582      -   181  160s
  1442  1363 14657.3271   43  452          - 14646.5921      -   189  165s
  1503  1409 14696.5606   52  440          - 14646.5921      -   194  170s
  1567  1456 14753.9427   63  402          - 14646.5921      -   198  175s
  1639  1512 14804.5354   76  421          - 14646.5921      -   203  181s
  1713  1567 14861.8779   85  379          - 14646.5921      -   202  185s
  1837  1656 14951.0191   98  365          - 14646.5921      -   199  191s
  1907  1716 15001.3757  108  278          - 14646.5921      -   199  195s
  2016  1769 15218.7927  121  303          - 14646.5921      -   196  201s
  2085  1778 15323.2795  134  232          - 14646.5921      -   194  206s
  2119  1806 15362.4493  147  216          - 14646.5921      -   195  210s
  2193  1856 15835.5165  176  244          - 14646.5921      -   196  216s
  2235  1899 17187.1575  189  138          - 14646.5921      -   198  220s
  2315  1959 18113.2491  214  105          - 14646.5921      -   199  228s
  2359  2000 18306.7498  231   68          - 14646.5921      -   200  232s
  2415  2066 18528.2822  252   74          - 14646.5921      -   200  237s
  2500  2087 19290.8518  287   52          - 14651.3846      -   198  242s
  2615  2102 14754.1416   29  641          - 14651.3846      -   193  246s
  2644  2129 14793.7052   32  632          - 14651.3846      -   194  251s
  2681  2143 14839.6738   34  515          - 14651.3846      -   194  255s
  2778  2299 14921.3013   41  539          - 14651.3846      -   194  263s
  2900  2359 14855.8540   43  471          - 14651.3846      -   189  271s
  3056  2333 14902.9574   49  522          - 14651.3846      -   183  276s
  3077  2348 14946.3899   57  446          - 14651.3846      -   185  281s
  3096  2366 15036.0555   61  318          - 14651.3846      -   188  286s
  3124  2388 15301.8289   65  178          - 14651.3846      -   190  292s
  3143  2402 15320.7308   70  268          - 14651.3846      -   191  295s
  3185  2432 15614.0116   78  269          - 14651.3846      -   194  301s
  3231  2451 15060.9842   54  246          - 14651.3846      -   194  305s
  3290  2513 15976.6210  108  175          - 14651.3846      -   195  312s
  3323  2532 16035.5848  114  238          - 14651.3846      -   196  316s
  3353  2540 16630.2589  120  181          - 14651.3846      -   197  320s
  3421  2624 16499.0028  133  182          - 14651.3846      -   199  332s
  3478  2661 16698.1214  142  154          - 14651.3846      -   199  338s
  3534  2684 17795.9145  151  128          - 14651.3846      -   199  347s
  3576  2697 17829.9382  152  121          - 14651.3846      -   201  356s
  3603  2725 18600.2720  154   97          - 14651.3846      -   205  364s
  3617  2721 18406.5371  158  102          - 14651.3846      -   206  365s
  3640  2758 18005.8223  156  149          - 14651.3846      -   208  374s
  3685  2814 18458.5909  166  151          - 14651.3846      -   210  385s
  3756  2898 19543.9484  181  114          - 14651.3846      -   211  393s
  3865  3013 20836.8915  194  103          - 14651.3846      -   211  411s
  4018  2989 infeasible  214               - 14653.7111      -   209  419s
  4069  3123 14814.8086   31  609          - 14653.7111      -   211  434s
  4144  3098 19917.9100  223   29          - 14653.7111      -   210  435s
  4266  3082 14957.0599   37  559          - 14653.7111      -   205  448s
  4282  3101 15009.8370   44  496          - 14653.7111      -   206  455s
  4306  3111 14992.0052   49  484          - 14653.7111      -   207  461s
  4324  3123 15047.9042   55  520          - 14653.7111      -   208  474s
  4342  3134 15083.9969   58  521          - 14653.7111      -   209  487s
  4359  3140 15351.5562   63  298          - 14653.7111      -   211  498s
  4371  3155 15288.2092   68  295          - 14653.7111      -   212  505s
  4390  3176 15373.0405   71  259          - 14653.7111      -   214  512s
  4417  3199 15467.5302   80  169          - 14653.7111      -   215  526s
  4449  3231 15585.7497   92  144          - 14653.7111      -   216  540s
  4492  3264 15804.0954  103  147          - 14653.7111      -   217  549s
  4539  3295 16027.5266  111  177          - 14653.7111      -   217  557s
  4586  3368 16259.7269  122  148          - 14653.7111      -   218  566s
  4674  3475 16475.1469  151   74          - 14653.7111      -   217  577s
  4811  3599 17043.7318  187   52          - 14654.6423      -   214  589s
  4839  3589 17176.5021  189   54          - 14654.6423      -   214  590s
  5082  3591 14742.7811   31  622          - 14654.6423      -   206  601s
  5114  3613 14850.5552   37  509          - 14654.6423      -   207  612s
  5146  3649 14986.8181   42  456          - 14654.6423      -   208  621s
  5193  3697 15064.0637   46  298          - 14654.6423      -   209  633s
  5257  3757 15135.7297   52  215          - 14654.6423      -   210  649s
  5286  3752 15685.3439   87  109          - 14654.6423      -   210  650s
  5338  3916 15250.8838   68  152          - 14654.6423      -   210  663s
  5502  4115 15702.8381  106   72          - 14655.0671      -   208  682s
  5781  4177 14818.4073   38  472          - 14663.6082      -   201  697s
  5812  4257 15204.2643   50  204          - 14663.6082      -   203  715s
  5892  4289 15373.1704   77   86          - 14663.6082      -   203  767s
  5924  4475 15438.7048   84   40          - 14663.6082      -   203  785s
  6134  4752 16017.0234  131   19          - 14663.6452      -   200  803s
  6274  4752 16579.9592  243   12          - 14663.6452      -   197  805s
  6435  4836 14807.3243   45  475          - 14663.6452      -   194  823s
  6509  4947 15127.1977   56  242          - 14663.6452      -   195  839s
  6620  5145 15395.8836   73  205          - 14663.6452      -   195  858s
  6758  5145 16270.7019  176  117          - 14663.6452      -   194  860s
  6818  5715 15600.1467   99   79          - 14663.6452      -   193  882s
  7049  5716 16590.3933  225   52          - 14663.6452      -   191  885s
  7350  5735 19161.9859  336   15          - 14663.6452      -   184  890s
  7448  6145 16761.8187  151   98          - 14664.7579      -   182  911s
  7706  6156 17792.4350  267   20          - 14664.7579      -   177  915s
  8019  6320 15068.1827   60  182          - 14665.2307      -   173  950s
  8142  6766 15527.1972   91   53          - 14672.7711      -   174  977s
  8299  6766 16997.3323  174   50          - 14672.7711      -   172  980s
  8633  7220 14800.7759   36  544          - 14672.7711      -   169 1022s
  8834  7226 17037.6012  174   14          - 14672.7711      -   168 1025s
  9173  7288 15345.6983   49  250          - 14672.7711      -   163 1048s
  9238  7360 15510.3057   61  311          - 14672.7711      -   164 1063s
  9296  7566 15627.1853   84   93          - 14672.7711      -   166 1087s
  9504  7827 16172.3731  181   81          - 14677.6804      -   165 1108s
  9617  7836 16606.8900  231    8          - 14677.6804      -   164 1110s
  9820  7918 15124.9633   44  403          - 14677.6804      -   163 1125s
  9907  7981 15475.4732   61  348          - 14677.6804      -   164 1152s
  9970  8101 15777.5479   74  173          - 14677.6804      -   165 1176s
 10090  8372 15979.9655   93  154          - 14677.6804      -   166 1194s
 10104  8372 16029.9694   97  126          - 14677.6804      -   165 1195s
 10361  8800 16537.8008  133   65          - 14685.4533      -   165 1219s
 10403  8800 16763.2699  144   26          - 14685.4533      -   165 1220s
 11001  8971 14908.3312   35  446          - 14686.2286      -   158 1239s
 11071  9076 15456.1659   51  305          - 14686.2286      -   159 1254s
 11107  9076 15685.9310   63  246          - 14686.2286      -   160 1255s
 11176  9801 15726.9253   65  211          - 14686.2286      -   160 1275s
 11515  9804 17985.3514  230   15          - 14686.2286      -   157 1280s
 11944  9910 19517.1600  217   34          - 14686.2286      -   154 1297s
 12104 10011 15174.2647   58  375          - 14687.6061      -   153 1311s
 12189 10168 15767.5348   84  289          - 14687.6061      -   154 1325s
 12346 10519 15640.0290  120  107          - 14687.6437      -   154 1345s
 12769 10640 14809.7518   39  481          - 14687.6437      -   153 1368s
 12858 10641 17248.5100  195    -          - 14687.6437      -   153 1370s
 12915 10712 15269.3019   56  383          - 14687.6437      -   153 1385s
 12973 10944 15669.4022   71  181          - 14687.6437      -   153 1400s
 13237 11212 15956.8594  104  117          - 14687.6437      -   153 1420s
 13510 11338 17591.7887  197   26          - 14695.8899      -   152 1437s
 13677 11530 15118.5878   46  395          - 14695.8899      -   152 1453s
 13851 11676 15560.1049   69  248          - 14695.8899      -   152 1471s
 14027 11834 15966.8143   95  173          - 14695.8899      -   152 1489s
 14069 11834 16578.8677  112  136          - 14695.8899      -   152 1490s
 14176 12049 16960.5176  129   54          - 14698.9986      -   152 1505s
 14432 12237 15455.0215   51  253          - 14698.9986      -   151 1520s
 14602 12657 15852.8357   76  140          - 14699.4076      -   152 1540s
 15044 12682 17441.7820  179   40          - 14699.4244      -   149 1545s
 15130 12728 14844.5211   37  261          - 14699.4244      -   149 1557s
 15176 13015 15468.2149   63  160          - 14700.2793      -   149 1579s
 15246 13015 15732.1300   97    6          - 14700.2793      -   149 1580s
 15575 13061 14830.9213   32  450          - 14700.2793      -   148 1596s
 15617 13145 15247.7319   42  372          - 14700.2793      -   148 1610s
 15701 13328 15713.6482   64  245          - 14700.2793      -   149 1626s
 15884 13601 15989.0462   89  186          - 14700.7984      -   149 1649s
 15898 13601 16065.4405   95   90          - 14700.7984      -   149 1650s
 16237 13658 14777.9353   37  568          - 14702.9193      -   147 1664s
 16248 13658 14967.2286   42  410          - 14702.9193      -   147 1665s
 16269 13722 15301.8682   48  403          - 14702.9193      -   148 1677s
 16333 14038 15815.0451   64  276          - 14702.9193      -   148 1695s
 16701 14298 16048.9230   92  217          - 14702.9193      -   147 1714s
 16757 14298 16275.7896  114  144          - 14702.9193      -   147 1715s
 16998 14593 16516.1945  124  121          - 14705.9211      -   146 1734s
 17068 14593 16850.7742  148   49          - 14705.9211      -   146 1735s
 17307 14885 15183.7192   49  175          - 14705.9211      -   145 1762s
 17484 14886 16465.1940  134   15          - 14705.9211      -   145 1765s
 17680 15061 15848.2934   85  131          - 14706.8133      -   143 1781s
 17838 15124 14833.3495   46  444          - 14706.8133      -   144 1796s
 17901 15286 15433.5786   63  346          - 14706.8133      -   144 1813s
 18009 15286 15987.0000  125    7          - 14706.8133      -   144 1815s
 18105 15439 15798.5308   87   97          - 14706.8133      -   144 1829s
 18119 15439 15837.5064   95  117          - 14706.8133      -   144 1830s
 18242 15697 16307.9939  121   47          - 14708.2696      -   144 1850s
 18568 15925 14829.0432   52  420          - 14708.2696      -   143 1871s
 18836 16049 15709.8027   73  332          - 14708.2696      -   143 1886s
 18926 16282 16203.0544  101  239          - 14708.2696      -   143 1904s
 19183 16457 16342.6853  118  142          - 14708.2696      -   142 1920s
 19360 16764 16824.3063  140   79          - 14711.5095      -   142 1937s
 19543 16779 17600.9500  230    6          - 14711.5095      -   142 1940s
 19726 17124 15172.4033   57  342          - 14711.5095      -   141 1962s
 19954 17124 17127.8070  142    9          - 14711.5095      -   141 1965s
 20115 17219 16400.3627   84  205          - 14711.5095      -   140 1981s
 20187 17411 16349.6693  103  121          - 14711.5095      -   140 1997s
 20355 17412 17130.7376  173   51          - 14711.5095      -   140 2005s
 20387 17440 17595.2162  160   53          - 14712.2085      -   140 2027s
 20423 17563 15215.1260   49  364          - 14712.2085      -   141 2041s
 20546 17784 15625.9676   68  218          - 14712.2085      -   141 2061s
 20789 17940 16061.3062   81  212          - 14712.2085      -   141 2077s
 20993 17968 15343.5731   49  284          - 14712.2085      -   140 2080s
 20999 18210 16322.8607   99  147          - 14712.2085      -   140 2095s
 21301 18546 17278.1561  158   61          - 14714.4652      -   140 2122s
 21463 18553 17644.0646  127   53          - 14714.4652      -   139 2125s
 21686 18667 15060.6415   37  422          - 14714.4652      -   138 2141s
 21821 18750 15805.9047   50  308          - 14714.4652      -   138 2156s
 21888 18933 16679.2125   73  197          - 14714.4652      -   139 2171s
 22071 19417 16964.6193   95   67          - 14714.4652      -   139 2199s
 22085 19417 16999.2625  100  106          - 14714.4652      -   139 2200s
 22471 19417 16997.8721  133   31          - 14714.4652      -   137 2205s
 22721 19606 18276.0300  289   10          - 14715.1717      -   136 2219s
 22735 19606 18324.0300  297    4          - 14715.1717      -   136 2220s
 22892 20053 19803.4947  319   62          - 14715.1954      -   136 2244s
 22948 20055 20040.4610  350   12          - 14715.1954      -   136 2245s
 23372 20108 17812.9296  213   19          - 14715.4192      -   134 2250s
 23513 20239 14914.3839   35  463          - 14715.4192      -   133 2265s
 23680 20310 15618.1731   47  324          - 14715.4192      -   133 2281s
 23722 20449 16704.6458   71  200          - 14715.4192      -   134 2297s
 23861 20807 17212.8020  113   27          - 14716.2999      -   134 2319s
 23875 20807 17273.5443  117   74          - 14716.2999      -   134 2320s
 24303 21043 15281.0859   63  302          - 14716.2999      -   132 2338s
 24555 21176 16414.8723   86  197          - 14716.2999      -   132 2356s
 24673 21472 16695.9170  107   96          - 14716.2999      -   132 2377s
 24855 21472 17360.4691  137   69          - 14716.2999      -   132 2380s
 25005 21830 16898.4478  127   70          - 14718.0119      -   131 2403s
 25103 21830 17174.6000  179    4          - 14718.0119      -   131 2405s
 25409 21978 17786.4575  181   76          - 14718.0438      -   131 2428s
 25540 21988 18257.0241  291    4          - 14718.0438      -   130 2430s
 25597 22118 14862.8323   37  429          - 14718.0438      -   130 2447s
 25722 22420 15344.3529   48  226          - 14718.0438      -   130 2475s
 25985 22420 19050.2100  234   10          - 14718.0438      -   130 2480s
 26041 22481 16352.6724   71  277          - 14718.0438      -   130 2493s
 26097 22661 16960.3771   91  136          - 14718.0438      -   130 2515s
 26277 22994 17807.3297  147   54          - 14718.0438      -   130 2620s
 26654 23311 18195.2256  161   15          - 14718.3666      -   129 2648s
 26740 23329 19444.5967  310    9          - 14718.3666      -   129 2650s
 26768 23330 19604.6300  324    4          - 14718.3666      -   128 2665s
 27057 23375 18784.3500  217   11          - 14719.8780      -   128 2670s
 27156 23424 15017.2190   49  503          - 14719.8780      -   127 2685s
 27174 23470 15686.6203   56  386          - 14719.8780      -   128 2697s
 27220 23887 17011.9504   80  198          - 14721.2755      -   128 2723s
 27363 23887 18452.8718  161   16          - 14721.2755      -   128 2725s
 27719 24211 14846.2481   37  390          - 14721.2755      -   127 2750s
 28047 24252 20005.8560  310   14          - 14721.2755      -   126 2755s
 28166 24543 15355.2456   65  143          - 14721.2755      -   126 2778s
 28306 24547 16039.5476  125   24          - 14721.2755      -   126 2780s
 28445 24911 15880.5538   85   75          - 14722.7420      -   125 2802s
 28629 24913 16669.1000  205    -          - 14722.7420      -   125 2805s
 28920 25060 17342.1266  215   26          - 14723.1316      -   124 2823s
 29085 25250 15050.4713   40  557          - 14723.1316      -   124 2847s
 29236 25262 18572.1372  165   22          - 14723.1316      -   124 2850s
 29322 25308 15595.0131   51  242          - 14723.1316      -   124 2867s
 29359 25369 16308.1182   76  211          - 14723.1316      -   124 2884s
 29375 25369 16509.3171   83  212          - 14723.1316      -   124 2885s
 29420 25511 16839.0981   91  213          - 14723.1316      -   124 2907s
 29562 25722 17500.3809  127   23          - 14724.2660      -   125 2946s
 29859 25887 15136.8718   46  296          - 14724.5812      -   124 2972s
 30009 25900 18126.2800  251    -          - 14724.5812      -   124 2975s
 30028 26030 15901.3808   62  219          - 14724.5812      -   124 2989s
 30049 26030 16443.8432   81  229          - 14724.5812      -   124 2990s
 30167 26183 16743.9522   87  208          - 14725.3030      -   124 3007s
 30335 26274 14799.1230   33  647          - 14725.3030      -   124 3073s
 30415 26408 15144.1194   41  566          - 14725.3030      -   125 3098s
 30510 26408 18020.5000  149    4          - 14725.3030      -   125 3100s
 30587 26470 16006.4186   52  333          - 14725.3030      -   125 3113s
 30630 26619 16657.5130   78  199          - 14726.5529      -   125 3139s
 30686 26619 17381.2791  107   28          - 14726.5529      -   125 3140s
 30816 26774 14727.4657   39  433          - 14726.5667      -   125 3171s
 30956 26885 15429.7582   54  215          - 14726.5667      -   125 3199s
 30984 26885 16323.2305   74  168          - 14726.5667      -   125 3200s
 31143 27076 16508.2986   84  127          - 14726.5667      -   125 3215s
 31296 27284 17303.9746  131   18          - 14727.5349      -   125 3230s
 31543 27489 14954.7658   45  333          - 14727.5349      -   125 3253s
 31749 27604 15865.3690   64  221          - 14727.5349      -   125 3274s
 31795 27604 17170.2676  110   73          - 14727.5349      -   125 3275s
 31894 27692 16693.4912   95  136          - 14727.5349      -   125 3297s
 31964 27805 16957.6492  119  206          - 14727.5349      -   125 3321s
 32077 28077 17815.9253  164   55          - 14728.3845      -   125 3350s
 32429 28322 14871.4045   45  460          - 14728.3845      -   125 3375s
 32738 28365 18731.7300  247    6          - 14728.3845      -   124 3380s
 32751 28418 15453.5344   57  397          - 14728.3845      -   124 3402s
 32798 28485 16069.5555   82  241          - 14728.3845      -   124 3424s
 32865 28603 16240.9912   94  184          - 14728.3845      -   125 3448s
 32983 28914 16571.7961  103  143          - 14728.3845      -   125 3471s
 33235 28934 17714.7143  125    8          - 14728.3845      -   124 3475s
 33384 29134 17878.8059  181  111          - 14729.1288      -   124 3494s
 33456 29134 18559.6695  237   28          - 14729.1288      -   124 3495s
 33615 29221 14991.4783   46  468          - 14729.1288      -   124 3519s
 33678 29340 15667.7320   58  289          - 14729.1288      -   124 3544s
 33801 29632 17115.9390   79  203          - 14729.1288      -   124 3575s
 34133 29663 18480.2300  178   10          - 14729.1288      -   124 3580s
 34215 29934 18075.7123  126   89          - 14730.5386      -   124 3598s
 34285 29934 18179.5700  152   19          - 14730.5386      -   123 3600s

Cutting planes:
  User: 7866
  Gomory: 17
