




arguments: ./build/bc_mirp -f ./input/orig_exec_127.cfg
Current dir: /scratch/gui/bc_mirp
File verbosity level: 9
date       time         ( uptime  ) [ thread name/id ]                   file:line     v| 
2021-02-07 22:10:39.248 (   0.161s) [main thread     ]             loguru.cpp:789   INFO| Logging to './output/vi_vc+cos/OU/V4/Original/execution_07_02_2021_22_10_39.log', mode: 'a', verbosity: 9
--------------------------------------------------------------------------------
Parameters
                           instance_path           ./input/Instances/Original/3/
                            model_policy                                       1
                             nb_vehicles                                       4
                              output_dir      ./output/vi_vc+cos/OU/V4/Original/
                            sec_strategy                                       1
                       solver_nb_threads                                       2
                         solver_show_log                                    true
                       solver_time_limit                                    3600
                              use_vi_cos                                    true
                              use_vi_cus                                   false
                         use_vi_hc1_full                                   false
                         use_vi_hc1_half                                   false
                      use_vi_hc1_quarter                                   false
                              use_vi_hc2                                   false
                              use_vi_hc3                                   false
                         use_vi_lex_full                                   false
                         use_vi_lex_half                                   false
                      use_vi_lex_quarter                                   false
                              use_vi_qua                                   false
                               use_vi_vc                                    true
                               use_vi_vr                                   false
--------------------------------------------------------------------------------
executing instance: ./input/Instances/Original/3/absH3low_2n5.dat
--------------------------------------------------------------------------------
Instance details
n	6
H	3
C	237
Li:
[0, 0, 0, 0, 0, 0, ]
Ui:
[0, 93, 180, 51, 114, 24, ]
Distance matrix:
|0	170	318	35	112	235	|
|170	0	311	205	258	301	|
|318	311	0	326	278	137	|
|35	205	326	0	89	230	|
|112	258	278	89	0	160	|
|235	301	137	230	160	0	|

--------------------------------------------------------------------------------
Building model...
	using lazy and cut (CVRPSEP package)
Solving IRP LP...
--------------------------------------------------------------------------------

Gurobi 9.1.0 (linux64) logging started Sun Feb  7 22:10:39 2021

Gurobi Optimizer version 9.1.0 build v9.1.0rc0 (linux64)
Thread count: 32 physical cores, 32 logical processors, using up to 2 threads
Optimize a model with 234 rows, 336 columns and 1407 nonzeros
Model fingerprint: 0x991ce64a
Variable types: 84 continuous, 252 integer (72 binary)
Coefficient statistics:
  Matrix range     [1e+00, 3e+02]
  Objective range  [1e-02, 3e+02]
  Bounds range     [1e+00, 2e+02]
  RHS range        [1e+00, 5e+02]
Presolve removed 24 rows and 30 columns
Presolve time: 0.00s

Explored 0 nodes (0 simplex iterations) in 0.00 seconds
Thread count was 1 (of 32 available processors)

Solution count 0

Model is infeasible
Best objective -, best bound -, gap -

User-callback calls 31, time in user-callback 0.00 sec

Computing Irreducible Inconsistent Subsystem (IIS)...

           Constraints          |            Bounds           |  Runtime
      Min       Max     Guess   |   Min       Max     Guess   |
--------------------------------------------------------------------------
        0       234         -         0       464         -           0s
        9       206         -         0       459         -           5s
       13       190         -         0       452         -          10s
       21       188        30         0       450         -          16s
       23       172        30         0       449         -          21s
       26       171        26         0       448         -          25s
       31       164        31         0       446         -          30s
       31       162        31         0       446         -          36s
       35       161        60         0       442         -          40s
       38       161        70         0       442         -          45s
       39       160        70         0       441         -          50s
       40       157        70         0       439         -          55s
       42       155        70         0       436         -          60s
       44       154        70         0       435         -          65s
       46       154        70         0       435         -          70s
       48       154        70         0       435         -          76s
       52       154        80         0       435         -          80s
       55       154        80         0       435         -          86s
       57       154        80         0       435         -          91s
       58       154        80         0       435         -          96s
       60       154        80         0       435         -         100s
       61       154        80         0       435         -         105s
       62       154        80         0       435         -         110s
       63       154        80         0       435         -         115s
       66       150        80         0       434         -         120s
       67       146        80         0       434         -         126s
       67       141        80         0       428         -         131s
       67       134        80         0       426         -         135s
       67       127        80         0       418         -         141s
       68       122        80         0       411         -         145s
       68       117        80         0       390         -         151s
       68       115        80         0       389         -         155s
       68       112        80         0       388         -         161s
       68       110        80         0       378         -         165s
       68       107        80         0       374         -         171s
       68       102        80         0       365         -         176s
       71        98        80         0       365         -         181s
       71        93        80         0       351         -         187s
       71        89        80         0       338         -         190s
       72        81        80         0       294         -         195s
       72        74        74         0       289         -         200s
       72        72         -         0       275         -         205s
       72        72         -         0       270        70         210s
       72        72         -         1       260        80         215s
       72        72         -        10       256       170         220s
       72        72         -        16       250       160         228s
       72        72         -        19       247       150         230s
       72        72         -        26       242       150         235s
       72        72         -        31       237       140         240s
       72        72         -        35       230       140         246s
       72        72         -        42       227       130         250s
       72        72         -        49       221       130         255s
       72        72         -        54       213       130         260s
       72        72         -        55       210       130         265s
       72        72         -        59       205       130         271s
       72        72         -        60       199       120         275s
       72        72         -        64       195       120         280s
       72        72         -        71       191       120         285s
       72        72         -        73       187       120         290s
       72        72         -        78       184       120         295s
       72        72         -        82       180       120         300s
       72        72         -        88       177       120         305s
       72        72         -        90       174       120         311s
       72        72         -        93       171       120         315s
       72        72         -        98       168       120         320s
       72        72         -       100       167       130         325s
       72        72         -       103       164       130         331s
       72        72         -       105       160       130         336s
       72        72         -       105       158       130         340s
       72        72         -       106       157       130         345s
       72        72         -       109       154       130         351s
       72        72         -       109       151       130         355s
       72        72         -       109       146       130         361s
       72        72         -       109       141       130         365s
       72        72         -       110       139       130         370s
       72        72         -       110       136       130         375s
       72        72         -       110       134       130         380s
       72        72         -       111       131       130         386s
       72        72         -       111       129       129         391s
       72        72         -       111       126       126         396s
       72        72         -       111       123       123         400s
       72        72         -       111       120       120         405s
       72        72         -       111       117       117         410s
       72        72         -       111       112       112         417s
       72        72         -       111       112       112         422s
       72        72         -       111       112       112         430s
       72        72         -       111       112       112         444s
       72        72         -       111       111       111         465s
       72        72         -       111       111         -         465s

IIS computed: 72 constraints, 111 bounds
IIS runtime: 465.10 seconds
================================================================================
executing instance: ./input/Instances/Original/3/absH3high_5n30.dat
--------------------------------------------------------------------------------
Instance details
n	31
H	3
C	2296
Li:
[0, 0, 0, 0, 0, 0, 0, 0, 0, 0, 0, 0, 0, 0, 0, 0, 0, 0, 0, 0, 0, 0, 0, 0, 0, 0, 0, 0, 0, 0, 0, ]
Ui:
[0, 80, 90, 297, 28, 264, 123, 192, 112, 32, 72, 88, 294, 129, 126, 105, 110, 237, 246, 92, 72, 147, 54, 96, 128, 96, 84, 28, 74, 196, 192, ]
Distance matrix:
|0	87	302	65	389	171	219	120	412	339	129	63	169	401	383	158	393	161	246	275	64	287	345	235	13	274	106	201	85	358	135	|
|87	0	334	128	402	212	301	204	465	384	187	145	232	424	454	238	475	245	289	352	80	307	352	321	81	352	20	261	170	376	215	|
|302	334	0	239	113	132	237	334	157	70	404	263	162	105	227	229	339	251	65	217	259	53	107	352	293	220	339	134	270	75	235	|
|65	128	239	0	330	107	175	130	348	275	174	40	107	339	326	114	351	125	181	224	58	228	290	222	58	224	143	138	65	297	92	|
|389	402	113	330	0	226	349	438	210	151	502	360	269	48	316	339	441	362	175	328	335	102	55	465	377	330	401	245	371	37	342	|
|171	212	132	107	226	0	169	214	253	173	276	134	64	233	261	130	326	153	77	188	133	125	192	264	162	190	220	68	145	193	125	|
|219	301	237	175	349	169	0	157	257	223	244	157	105	334	180	62	175	61	177	63	233	264	334	118	221	61	317	112	136	312	85	|
|120	204	334	130	438	214	157	0	402	348	88	90	173	438	336	115	307	100	269	220	172	338	406	122	130	218	224	204	69	403	101	|
|412	465	157	348	210	253	257	402	0	88	486	359	245	166	129	287	266	303	178	204	386	208	239	370	406	207	473	212	354	187	304	|
|339	384	70	275	151	173	223	348	88	0	427	291	179	120	166	234	290	254	96	187	306	123	166	342	332	190	391	145	291	119	247	|
|129	187	404	174	502	276	244	88	486	427	0	142	248	508	424	200	390	187	342	308	193	400	464	192	142	306	207	281	136	469	182	|
|63	145	263	40	360	134	157	90	359	291	142	0	114	366	321	95	331	99	202	212	90	258	323	186	65	211	163	148	27	327	72	|
|169	232	162	107	269	64	105	173	245	179	248	114	0	266	222	71	268	94	97	131	155	173	244	203	164	132	245	34	113	233	73	|
|401	424	105	339	48	233	334	438	166	120	508	366	266	0	280	332	409	355	169	305	353	117	96	452	391	308	425	237	374	49	339	|
|383	454	227	326	316	261	180	336	129	166	424	321	222	280	0	231	137	238	208	116	376	277	331	272	381	118	467	197	307	285	253	|
|158	238	229	114	339	130	62	115	287	234	200	95	71	332	231	0	238	23	164	118	171	243	314	134	159	117	255	95	77	302	23	|
|393	475	339	351	441	326	175	307	266	290	390	331	268	409	137	238	0	232	300	138	408	383	445	204	395	136	492	258	308	406	260	|
|161	245	251	125	362	153	61	100	303	254	187	99	94	355	238	23	232	0	187	123	183	267	338	111	164	121	262	117	77	325	34	|
|246	289	65	181	175	77	177	269	178	96	342	202	97	169	208	164	300	187	0	168	210	87	157	290	238	171	296	70	206	138	170	|
|275	352	217	224	328	188	63	220	204	187	308	212	131	305	116	118	138	123	168	0	279	255	322	166	275	3	367	120	195	291	141	|
|64	80	259	58	335	133	233	172	386	306	193	90	155	353	376	171	408	183	210	279	0	236	289	276	51	279	90	182	117	307	150	|
|287	307	53	228	102	125	264	338	208	123	400	258	173	117	277	243	383	267	87	255	236	0	71	374	276	257	308	153	270	71	245	|
|345	352	107	290	55	192	334	406	239	166	464	323	244	96	331	314	445	338	157	322	289	71	0	445	334	325	350	224	337	54	315	|
|235	321	352	222	465	264	118	122	370	342	192	186	203	452	272	134	204	111	290	166	276	374	445	0	243	164	341	221	159	428	142	|
|13	81	293	58	377	162	221	130	406	332	142	65	164	391	381	159	395	164	238	275	51	276	334	243	0	274	100	196	89	347	136	|
|274	352	220	224	330	190	61	218	207	190	306	211	132	308	118	117	136	121	171	3	279	257	325	164	274	0	367	122	194	294	140	|
|106	20	339	143	401	220	317	224	473	391	207	163	245	425	467	255	492	262	296	367	90	308	350	341	100	367	0	272	188	377	232	|
|201	261	134	138	245	68	112	204	212	145	281	148	34	237	197	95	258	117	70	120	182	153	224	221	196	122	272	0	146	208	103	|
|85	170	270	65	371	145	136	69	354	291	136	27	113	374	307	77	308	77	206	195	117	270	337	159	89	194	188	146	0	337	54	|
|358	376	75	297	37	193	312	403	187	119	469	327	233	49	285	302	406	325	138	291	307	71	54	428	347	294	377	208	337	0	306	|
|135	215	235	92	342	125	85	101	304	247	182	72	73	339	253	23	260	34	170	141	150	245	315	142	136	140	232	103	54	306	0	|

--------------------------------------------------------------------------------
Building model...
	using lazy and cut (CVRPSEP package)
Solving IRP LP...
--------------------------------------------------------------------------------

Gurobi 9.1.0 (linux64) logging started Sun Feb  7 22:18:29 2021

Gurobi Optimizer version 9.1.0 build v9.1.0rc0 (linux64)
Thread count: 32 physical cores, 32 logical processors, using up to 2 threads
Optimize a model with 1159 rows, 6436 columns and 23932 nonzeros
Model fingerprint: 0xe7a0c830
Variable types: 484 continuous, 5952 integer (372 binary)
Coefficient statistics:
  Matrix range     [1e+00, 6e+02]
  Objective range  [1e-01, 5e+02]
  Bounds range     [1e+00, 3e+02]
  RHS range        [1e+00, 4e+03]
Presolve removed 304 rows and 151 columns
Presolve time: 0.11s
Presolved: 855 rows, 6285 columns, 22427 nonzeros
Variable types: 302 continuous, 5983 integer (5607 binary)

Root relaxation: objective 8.996963e+03, 1112 iterations, 0.03 seconds

    Nodes    |    Current Node    |     Objective Bounds      |     Work
 Expl Unexpl |  Obj  Depth IntInf | Incumbent    BestBd   Gap | It/Node Time

     0     0 8996.96331    0  128          - 8996.96331      -     -    0s
     0     0 9332.94643    0  156          - 9332.94643      -     -    0s
     0     0 9337.06118    0  134          - 9337.06118      -     -    0s
     0     0 9337.06118    0  138          - 9337.06118      -     -    0s
     0     0 9701.31690    0  164          - 9701.31690      -     -    0s
     0     0 9762.75268    0  194          - 9762.75268      -     -    0s
     0     0 9763.71020    0  169          - 9763.71020      -     -    0s
     0     0 9763.82380    0  178          - 9763.82380      -     -    0s
     0     0 9874.29447    0  229          - 9874.29447      -     -    0s
     0     0 9884.54201    0  227          - 9884.54201      -     -    1s
     0     0 9884.61370    0  234          - 9884.61370      -     -    1s
     0     0 9913.98516    0  239          - 9913.98516      -     -    1s
     0     0 9918.57120    0  267          - 9918.57120      -     -    1s
     0     0 9918.58429    0  285          - 9918.58429      -     -    1s
     0     0 9978.67795    0  277          - 9978.67795      -     -    1s
     0     0 9982.20259    0  305          - 9982.20259      -     -    1s
     0     0 9983.88744    0  318          - 9983.88744      -     -    1s
     0     0 9984.13030    0  305          - 9984.13030      -     -    1s
     0     0 9998.48908    0  332          - 9998.48908      -     -    2s
     0     0 9999.27130    0  262          - 9999.27130      -     -    2s
     0     0 10003.7331    0  287          - 10003.7331      -     -    2s
     0     0 10005.5304    0  243          - 10005.5304      -     -    2s
     0     0 10006.3943    0  371          - 10006.3943      -     -    2s
     0     0 10009.7219    0  271          - 10009.7219      -     -    2s
     0     0 10009.7219    0  248          - 10009.7219      -     -    2s
     0     2 10012.9223    0  241          - 10012.9223      -     -    3s
    38    43 10147.2422   10  257          - 10018.6680      -   346    5s
   182   197 10798.1450   49  120          - 10018.6680      -   243   10s
   419   453 11959.7079  147  117          - 10018.6680      -   206   15s
   912   973 13433.7065  401   24          - 10018.6680      -   121   20s
  1084  1036 11969.4922  177  358          - 10034.5453      -   108   25s
  1111  1054 10564.5428   34  437          - 10076.1073      -   106   30s
  1121  1061 11954.6530  132  421          - 10082.7573      -   105   36s
  1129  1066 13209.0398  356  384          - 10083.4841      -   104   40s
  1153  1084 13432.2064  392  406          - 10083.8752      -   117   45s
  1162  1090 15172.7239  271  393          - 10084.8644      -   116   50s
  1171  1099 10131.7132   29  305          - 10088.0086      -   129   55s
  1209  1126 10112.1204   39  402          - 10096.3827      -   143   60s
  1291  1191 10134.0396   54  329          - 10096.3827      -   157   65s
  1399  1266 10268.6995   76  277          - 10096.3827      -   165   70s
  1527  1342 11306.3196  124  290          - 10096.3827      -   169   75s
  1640  1445 10504.9740  146  182          - 10096.3827      -   170   80s
  1765  1526 10713.9118  185  177          - 10096.3827      -   171   85s
  1877  1597 10790.7084  220  205          - 10096.3827      -   177   90s
  1971  1640 10835.0190  251  167          - 10096.3827      -   181   95s
  2100  1770 10925.3904  286  153          - 10096.3827      -   185  101s
  2209  1863 10992.9636  318  187          - 10096.3827      -   187  105s
  2415  2004 11091.4257  372  213          - 10096.3827      -   187  111s
  2584  2114 11445.6971  420  149          - 10096.3827      -   186  115s
  2754  2231 11529.8363  459  182          - 10096.3827      -   185  121s
  2931  2326 11704.5771  503  178          - 10096.3827      -   184  127s
  3032  2377 15209.8470  450  136          - 10096.3827      -   182  130s
  3153  2527 12234.7171  559  146          - 10096.3827      -   183  135s
  3445  2866 14762.0288  663   42          - 10096.3827      -   177  142s
  3740  2955 infeasible  777               - 10097.3527      -   167  147s
  4007  2882 10170.1171   31  368          - 10131.7209      -   159  151s
  4060  2904 10219.6633   39  301          - 10131.7209      -   160  157s
  4080  2922 10314.2835   44  330          - 10131.7209      -   162  160s
  4132  2962 10427.1201   52  258          - 10131.7209      -   164  165s
  4223  3063 10708.7774   64  200          - 10131.7209      -   164  171s
  4294  3121 10723.5387   71  209          - 10131.7209      -   164  175s
  4453  3237 12021.0473  274  127          - 10131.7209      -   162  180s
  4674  3376 13012.4455  378   67          - 10131.7209      -   158  185s
  4826  3641 11459.8559  124  152          - 10131.7209      -   157  193s
  4963  3746 11682.7462  143  170          - 10131.7209      -   156  198s
  5124  3803 12044.5357  162  123          - 10131.7209      -   154  203s
  5181  3867 12044.7940  185  122          - 10131.7209      -   154  207s
  5245  3938 12781.9161  213   95          - 10131.7209      -   155  211s
  5316  4018 12900.0823  243  141          - 10131.7209      -   155  215s
  5396  4094 13046.9125  274  119          - 10131.7209      -   155  221s
  5472  4227 13139.8623  298  130          - 10131.7209      -   156  225s
  5605  4485 13251.9273  328  128          - 10131.7209      -   155  231s
  5863  4583 13443.7339  359   90          - 10131.7209      -   151  238s
  5961  4757 13738.2937  384   75          - 10131.7209      -   150  243s
  6135  4986 14018.8222  421   97          - 10131.7209      -   148  249s
  6364  5163 14170.5356  472  100          - 10131.7209      -   146  255s
  6607  5186 14754.0538  520   79          - 10133.5031      -   144  263s
  6654  5224 10405.5435   32  280          - 10133.5031      -   145  267s
  6692  5259 10561.5324   42  163          - 10133.5031      -   146  271s
  6727  5292 10887.9578   52  159          - 10133.5031      -   147  276s
  6760  5388 10798.6926   65  128          - 10133.5031      -   148  281s
  6856  5558 11051.8052  100  134          - 10133.5031      -   148  288s
  7026  5869 11159.7049  231  111          - 10133.5031      -   146  294s
  7125  5869 11995.4066  302   52          - 10133.5031      -   145  295s
  7339  6007 infeasible  345               - 10133.5031      -   142  303s
  7588  6075 10406.5793   55  290          - 10133.5770      -   140  309s
  7644  6322 10705.5427   78   70          - 10133.5770      -   141  334s
  7845  6322 11566.1734  220   17          - 10133.5770      -   139  335s
  7897  6395 12934.3000  238   32          - 10133.5970      -   139  340s
  8003  6668 10356.7419   39  258          - 10133.5970      -   140  348s
  8276  6773 10373.0875   44  350          - 10133.5970      -   138  355s
  8395  6891 10553.9162   58  286          - 10133.5970      -   138  362s
  8531  7034 10640.2062   67  306          - 10133.5970      -   138  369s
  8712  7295 10899.5734   89  250          - 10135.0087      -   137  377s
  9014  7352 10328.8253   34  350          - 10135.0087      -   135  383s
  9071  7552 10445.3553   42  236          - 10135.0087      -   136  390s
  9271  7933 10623.1942   59  103          - 10135.0087      -   135  398s
  9611  7933 13162.9252  195   20          - 10135.0087      -   132  400s
  9714  8033 11591.6357  193   36          - 10143.2320      -   131  406s
  9834  8112 10543.0336   64  190          - 10143.2320      -   132  412s
  9913  8227 10842.9103   90  153          - 10143.2320      -   132  419s
 10028  8580 10877.1662  121  147          - 10143.2320      -   133  427s
 10381  8909 infeasible  202               - 10144.1261      -   131  435s
 10803  8991 10487.6727   39  285          - 10146.7759      -   128  443s
 10885  9346 11054.7331   58  148          - 10146.7759      -   129  450s
 11270  9579 11277.9445  103   72          - 10146.7759      -   127  459s
 11435  9579 11512.4474  239   80          - 10146.7759      -   125  460s
 11539  9864 11842.8740  268   85          - 10154.9352      -   125  468s
 11895 10056 10357.8783   60  263          - 10154.9352      -   124  476s
 12114 10148 10587.3518   76  154          - 10154.9352      -   123  483s
 12200 10450 11072.3634  108   79          - 10154.9352      -   124  490s
 12506 10811 12723.6929  236   40          - 10159.1877      -   122  498s
 12974 10858 10510.2186   36  267          - 10159.2808      -   120  505s
 13019 10937 10672.5175   50  259          - 10159.2808      -   121  510s
 13098 11320 10985.5838   78  142          - 10162.4225      -   121  519s
 13263 11320 11317.6493  213  115          - 10162.4225      -   120  520s
 13548 11421 10495.0600   47  243          - 10162.4225      -   119  527s
 13683 11615 10887.2284   58   85          - 10162.4225      -   119  535s
 13861 11945 11141.5335  117   69          - 10164.2776      -   119  542s
 14283 12047 10429.4833   39  269          - 10164.3828      -   117  549s
 14350 12259 10893.6733   65  126          - 10164.3828      -   118  555s
 14562 12575 11353.0225  213   72          - 10164.9714      -   118  563s
 14966 12698 10730.5909   54  187          - 10165.1189      -   116  570s
 15089 12959 11106.4018  124   46          - 10165.1625      -   116  577s
 15393 13168 10685.0473   65  180          - 10165.1625      -   115  584s
 15457 13168 11642.3395  109   87          - 10165.1625      -   116  585s
 15622 13243 10741.6066   72  146          - 10165.1625      -   115  590s
 15697 13584 10881.0599   93  158          - 10165.1625      -   115  598s
 15946 13584 11080.5038  153   71          - 10165.1625      -   115  600s
 16038 13852 11733.7518  132   64          - 10170.1712      -   114  607s
 16478 13901 10435.7235   58  260          - 10170.3730      -   113  614s
 16527 13982 10734.2170   71  203          - 10170.3730      -   113  619s
 16563 13982 10968.3218   96  114          - 10170.3730      -   113  620s
 16608 14248 11022.7288  109   55          - 10171.0245      -   114  627s
 16910 14466 10516.5455   33  213          - 10171.0245      -   113  635s
 17135 14552 10775.6571   47  222          - 10171.0245      -   112  642s
 17241 14762 11139.2517   99  110          - 10171.0245      -   113  648s
 17459 14848 12226.0187  240   39          - 10172.7837      -   112  655s
 17617 15060 10678.8937   47  169          - 10172.7837      -   112  662s
 17827 15130 10887.3508   62  153          - 10172.7837      -   112  669s
 17955 15274 11019.8751   72  184          - 10172.7837      -   112  675s
 18099 15690 12008.1342  145   39          - 10174.8068      -   113  684s
 18299 15690 13132.8808  256   14          - 10174.8068      -   112  685s
 18566 15905 10413.0917   45  278          - 10174.8068      -   111  692s
 18796 15954 10694.6751   52  218          - 10174.8068      -   110  698s
 18845 16106 10824.2235   63  245          - 10174.8068      -   111  704s
 19003 16343 10903.9000   71  258          - 10174.8068      -   111  711s
 19378 16527 11363.6719  100  100          - 10174.8068      -   110  719s
 19534 16527 10604.3419   66  258          - 10174.8068      -   109  720s
 19562 16755 13695.2160  185   37          - 10181.3295      -   110  728s
 19810 16872 10727.9428   47  217          - 10181.3295      -   109  735s
 19968 17047 10852.1235   57  231          - 10181.3295      -   109  741s
 20126 17287 11623.1612  160   62          - 10183.3441      -   109  749s
 20302 17289 13046.0949  242   19          - 10183.3441      -   108  750s
 20444 17462 10565.1862   60  154          - 10183.3441      -   108  756s
 20604 17728 10876.4038   70  120          - 10183.3441      -   108  763s
 20918 17788 11721.2029  214   29          - 10184.5609      -   108  770s
 21018 17992 10515.7592   43  177          - 10184.5609      -   108  777s
 21222 18480 10662.4762   55  203          - 10184.5609      -   108  785s
 21764 18540 12055.3901  222   46          - 10185.5074      -   106  793s
 21844 18593 10986.6485   62  176          - 10185.5074      -   106  798s
 21897 18740 10876.1681   69  248          - 10185.5074      -   107  804s
 21930 18740 11099.1185   90   63          - 10185.5074      -   107  805s
 22044 18986 11419.3445  112   55          - 10186.8446      -   107  811s
 22366 19038 10657.8740   66  248          - 10186.8588      -   106  818s
 22418 19159 11072.0158   81  178          - 10186.8588      -   107  824s
 22539 19578 11489.4410  143   40          - 10187.8616      -   107  831s
 22974 19644 10659.0571   49  204          - 10187.8616      -   106  838s
 23054 19750 10891.1772   56  187          - 10187.8616      -   106  844s
 23092 19750 11257.7927   46  143          - 10187.8616      -   107  845s
 23156 20225 11114.4457   77  180          - 10190.0581      -   107  852s
 23684 20266 10539.4818   39  291          - 10190.2990      -   105  859s
 23725 20344 10808.9909   54  166          - 10190.2990      -   106  864s
 23803 20556 11240.1600   90    8          - 10194.4067      -   106  870s
 24049 20712 10632.5664   58  328          - 10194.4067      -   106  877s
 24222 20842 10741.1501   62  119          - 10194.4067      -   106  883s
 24356 21063 11340.4689  118   80          - 10197.8462      -   106  890s
 24629 21100 10571.0437   46  276          - 10197.8462      -   105  897s
 24663 21179 10936.9882   54  121          - 10197.8462      -   106  902s
 24742 21426 11307.6895   80  107          - 10197.8462      -   106  909s
 24808 21426 11611.5050  120   27          - 10197.8462      -   106  910s
 24989 21814 12493.3481  168   29          - 10200.0812      -   106  917s
 25483 21880 10700.0981   69  159          - 10200.0812      -   105  924s
 25568 21985 11115.3904  100  101          - 10200.0812      -   105  929s
 25601 21985 11252.2225  119  159          - 10200.0812      -   105  930s
 25673 22203 11621.3303  131   90          - 10200.0812      -   105  936s
 25895 22708 infeasible  205               - 10200.4166      -   105  946s
 26503 22793 10738.3984   78  185          - 10202.1182      -   104  953s
 26583 23023 11363.1639  112   51          - 10202.9066      -   104  960s
 26854 23201 10575.9626   52  223          - 10202.9066      -   104  967s
 27019 23278 10557.2968   58  247          - 10202.9066      -   104  973s
 27148 23492 10796.3813   72  206          - 10202.9066      -   104  980s
 27420 23575 infeasible  177               - 10204.1834      -   104  986s
 27523 23837 10858.7643   69  224          - 10204.1961      -   104  994s
 27622 23837 11095.3767  162   44          - 10204.1961      -   104  995s
 27836 23925 10467.7349   66  292          - 10206.3232      -   103 1001s
 27913 24171 10971.7947   82  190          - 10206.3232      -   104 1007s
 28159 24478 11164.2614  160   58          - 10206.4397      -   104 1014s
 28258 24478 11254.0868  258   61          - 10206.4397      -   103 1015s
 28522 24550 10687.2728   72  269          - 10208.2690      -   103 1021s
 28594 24989 11207.0417   87  175          - 10208.2690      -   103 1034s
 28660 24989 11414.1852  136   86          - 10208.2690      -   103 1035s
 29092 25014 infeasible  280               - 10208.3652      -   102 1041s
 29130 25140 10556.6637   58  302          - 10208.3652      -   103 1046s
 29260 25473 10922.7129   73  155          - 10208.3652      -   103 1053s
 29545 25474 14157.0600  234   16          - 10208.3652      -   103 1055s
 29643 25744 11140.6121  100   65          - 10211.2747      -   102 1061s
 29933 25846 10562.1967   62  225          - 10211.2747      -   102 1068s
 30033 26076 10920.4040   74  204          - 10211.2747      -   102 1074s
 30278 26291 11190.3019   94  146          - 10212.3737      -   102 1081s
 30569 26357 10652.3345   32  264          - 10212.5119      -   102 1086s
 30615 26687 10926.5711   48   98          - 10212.5119      -   102 1093s
 30962 26693 13277.2456  262    8          - 10212.5119      -   101 1095s
 30998 26981 13165.2471  242   19          - 10214.2172      -   101 1103s
 31337 27046 10964.5464   46  195          - 10214.2190      -   101 1110s
 31400 27459 11403.1239   73   86          - 10214.2190      -   101 1117s
 31817 27605 13458.6143  299   49          - 10215.2717      -   101 1125s
 32041 27710 10649.8367   39  263          - 10215.6872      -   100 1131s
 32115 27920 11043.0988   60   87          - 10215.6872      -   101 1137s
 32325 28293 11133.8345  136   89          - 10215.6872      -   101 1144s
 32391 28293 11524.7343  189   87          - 10215.6872      -   101 1145s
 32754 28476 11673.6829  226   52          - 10216.3527      -   100 1159s
 32898 28476 13967.8508  279   47          - 10216.3527      -   100 1160s
 32976 28532 10646.2084   71  260          - 10216.3527      -   100 1165s
 33032 28802 10989.4898   91  135          - 10216.3527      -   100 1171s
 33302 29053 infeasible  237               - 10216.3875      -   100 1178s
 33601 29053 12528.3014  241   19          - 10216.3875      -  99.4 1180s
 33668 29182 10821.6632   53  141          - 10216.3875      -   100 1189s
 33701 29182 10935.6120   77  197          - 10216.3875      -   100 1190s
 33762 29550 11092.0467  106  137          - 10219.7483      -   100 1196s
 34204 29793 10618.8909   63  276          - 10219.7483      -  99.1 1204s
 34425 29799 13319.4000  211    2          - 10219.7483      -  98.8 1205s
 34562 29880 11031.4045   72  184          - 10219.7483      -  98.6 1211s
 34638 30178 11409.3020  118   74          - 10219.7483      -  98.7 1218s
 34944 30189 13748.8100  306    4          - 10219.7483      -  98.3 1220s
 34979 30320 infeasible  280               - 10223.6142      -  98.4 1226s
 35172 30396 10722.9147   61  200          - 10225.9663      -  98.3 1231s
 35237 30673 10981.4184   77  117          - 10225.9663      -  98.5 1238s
 35518 30675 13033.0286  140   67          - 10225.9663      -  98.4 1240s
 35552 30784 13901.7617  154   81          - 10226.5790      -  98.4 1245s
 35673 30873 10793.1991   81  229          - 10226.5790      -  98.5 1251s
 35762 31142 11026.9820   91  170          - 10226.5790      -  98.7 1258s
 36100 31260 12189.3124  117   87          - 10226.5790      -  98.3 1265s
 36236 31410 13643.0900  176   53          - 10228.8151      -  98.4 1271s
 36434 31530 10815.2308   39  335          - 10228.8151      -  98.3 1277s
 36580 31771 10785.5052   56   44          - 10230.5782      -  98.3 1284s
 36646 31771 10951.4605  113   31          - 10230.5782      -  98.2 1285s
 36859 31823 10607.7783   70  228          - 10230.5782      -  98.1 1291s
 36895 31902 11070.5280   80  199          - 10230.5782      -  98.4 1296s
 36974 32038 11221.0052   99  141          - 10230.5782      -  98.6 1302s
 37146 32124 11395.8426  117  213          - 10230.5782      -  98.6 1308s
 37232 32327 11853.2359  162  106          - 10233.0257      -  98.8 1316s
 37488 32410 10450.4040   39  177          - 10233.0257      -  98.7 1322s
 37571 32893 10820.0058   60   63          - 10235.6726      -  99.0 1329s
 37604 32893 10953.9863   84   98          - 10235.6726      -  99.0 1330s
 38176 32956 10718.8022   71  231          - 10238.4862      -  98.1 1337s
 38207 33122 11127.5241   84  190          - 10238.4862      -  98.3 1343s
 38373 33356 11449.0296  189   82          - 10238.6103      -  98.4 1349s
 38588 33356 11751.5848  121   49          - 10238.6103      -  98.3 1350s
 38620 33487 10360.8090   38  339          - 10238.6103      -  98.3 1356s
 38783 33571 10629.6748   43  244          - 10238.6103      -  98.3 1361s
 38861 33926 11123.4825   72   41          - 10242.6669      -  98.5 1369s
 38927 33926 11326.3321  123   38          - 10242.6669      -  98.5 1370s
 39317 33981 10283.4826   39  292          - 10243.1073      -  98.0 1376s
 39352 34017 10560.0597   50  213          - 10243.1073      -  98.2 1381s
 39388 34115 10633.6480   51  174          - 10243.1073      -  98.5 1387s
 39486 34405 10917.4106   87   55          - 10243.1073      -  98.7 1393s
 39786 34596 13500.1019  226   47          - 10243.3032      -  98.5 1401s
 39999 34683 10477.2753   50  218          - 10243.3032      -  98.4 1407s
 40097 34683 13801.5420  245   22          - 10243.3032      -  98.4 1411s
 40128 34837 10923.3858   63  149          - 10243.6216      -  98.5 1417s
 40306 34920 10751.1749   78  187          - 10243.6216      -  98.5 1423s
 40382 35251 11265.7693  101  143          - 10243.6216      -  98.8 1429s
 40415 35251 11321.5967  123   90          - 10243.6216      -  98.8 1430s
 40727 35492 12782.5202  218   49          - 10244.0390      -  98.5 1437s
 41057 35567 10734.5450   61  221          - 10244.8706      -  98.1 1443s
 41132 35770 11222.1700   91   81          - 10247.9645      -  98.3 1452s
 41403 35806 10326.2900   58  322          - 10247.9737      -  98.2 1458s
 41437 35857 10654.9222   72  218          - 10247.9737      -  98.4 1463s
 41488 36100 10879.6329   84   92          - 10249.0348      -  98.6 1470s
 41755 36403 11608.3545  162   79          - 10251.4376      -  98.5 1479s
 42114 36442 10629.8361   60  205          - 10252.8919      -  98.1 1485s
 42144 36561 10801.5834   69  118          - 10252.8919      -  98.3 1491s
 42263 36908 10980.4611   90  153          - 10252.8919      -  98.4 1499s
 42507 36908 12465.3618  215   29          - 10252.8919      -  98.3 1500s
 42635 37018 11751.8129  134   30          - 10254.9504      -  98.1 1506s
 42782 37054 10621.4585   37  243          - 10255.0521      -  98.1 1512s
 42806 37097 10753.4276   41  205          - 10255.0521      -  98.3 1517s
 42849 37299 11099.1941   55  143          - 10255.0521      -  98.5 1524s
 42981 37299 11530.8759  152   55          - 10255.0521      -  98.4 1525s
 43051 37849 11439.7954  159   56          - 10255.9031      -  98.4 1533s
 43505 37849 12990.7665  283   22          - 10255.9031      -  97.8 1535s
 43673 37879 10884.8212   58  182          - 10255.9031      -  97.5 1540s
 43720 37956 10975.4420   70  139          - 10255.9031      -  97.7 1546s
 43797 38214 11376.0659   87  112          - 10256.2840      -  97.9 1553s
 44056 38224 11348.6000  140   17          - 10256.5196      -  97.6 1555s
 44116 38248 10375.0170   57  220          - 10256.5196      -  97.6 1560s
 44140 38362 10623.4919   59  196          - 10256.5196      -  97.8 1565s
 44254 38663 11130.6481   76   45          - 10257.5413      -  97.9 1573s
 44674 38710 10308.7372   47  350          - 10257.8558      -  97.5 1580s
 44693 38731 10428.7601   49  256          - 10257.8558      -  97.8 1586s
 44714 38777 10789.1915   56  316          - 10257.8558      -  98.0 1592s
 44760 38913 11017.8110   76  131          - 10257.8558      -  98.2 1598s
 44896 39175 11636.6773  140   36          - 10258.0186      -  98.2 1606s
 45198 39310 10530.9125   51  254          - 10258.0186      -  98.1 1613s
 45425 39396 10804.5197   55  222          - 10258.0186      -  97.9 1619s
 45467 39525 11120.5891   66  241          - 10258.0186      -  98.1 1626s
 45596 39734 11251.1622   85  102          - 10258.0186      -  98.2 1633s
 45831 39874 12114.0435  172   65          - 10259.4589      -  98.1 1640s
 46005 39940 10920.6085   44  206          - 10259.4589      -  98.1 1646s
 46071 40195 11148.1180   54  128          - 10259.4589      -  98.2 1653s
 46364 40330 11370.8283  152   59          - 10260.1633      -  98.1 1661s
 46527 40356 10588.5197   44  263          - 10260.1633      -  98.0 1667s
 46553 40399 10936.4366   50  191          - 10260.1633      -  98.3 1672s
 46596 40567 11215.9011   62  127          - 10260.1633      -  98.5 1678s
 46764 40807 11891.7451  153    6          - 10260.5771      -  98.5 1685s
 47058 40993 10707.1758   45  166          - 10260.5771      -  98.2 1692s
 47238 41251 10869.2613   52  271          - 10260.5771      -  98.3 1700s
 47555 41344 11033.8440  154   49          - 10261.1408      -  98.0 1706s
 47659 41554 10512.3738   63  244          - 10261.1408      -  98.2 1713s
