




arguments: ./build/bc_mirp -f ./input/orig_exec_223.cfg
Current dir: /scratch/gui/bc_mirp
File verbosity level: 9
date       time         ( uptime  ) [ thread name/id ]                   file:line     v| 
2021-02-14 10:21:25.994 (   0.186s) [main thread     ]             loguru.cpp:789   INFO| Logging to './output/vi_vc+cos/OU/V4/Original/execution_14_02_2021_10_21_25.log', mode: 'a', verbosity: 9
--------------------------------------------------------------------------------
Parameters
                           instance_path           ./input/Instances/Original/5/
                            model_policy                                       1
                             nb_vehicles                                       4
                              output_dir      ./output/vi_vc+cos/OU/V4/Original/
                            sec_strategy                                       1
                       solver_nb_threads                                       2
                         solver_show_log                                    true
                       solver_time_limit                                    3600
                              use_vi_cos                                    true
                              use_vi_cus                                   false
                         use_vi_hc1_full                                   false
                         use_vi_hc1_half                                   false
                      use_vi_hc1_quarter                                   false
                              use_vi_hc2                                   false
                              use_vi_hc3                                   false
                         use_vi_lex_full                                   false
                         use_vi_lex_half                                   false
                      use_vi_lex_quarter                                   false
                              use_vi_qua                                   false
                               use_vi_vc                                    true
                               use_vi_vr                                   false
--------------------------------------------------------------------------------
executing instance: ./input/Instances/Original/5/absH3low_4n50.dat
--------------------------------------------------------------------------------
Instance details
n	51
H	3
C	4066
Li:
[0, 0, 0, 0, 0, 0, 0, 0, 0, 0, 0, 0, 0, 0, 0, 0, 0, 0, 0, 0, 0, 0, 0, 0, 0, 0, 0, 0, 0, 0, 0, 0, 0, 0, 0, 0, 0, 0, 0, 0, 0, 0, 0, 0, 0, 0, 0, 0, 0, 0, 0, ]
Ui:
[0, 108, 126, 122, 66, 120, 48, 30, 128, 54, 158, 198, 36, 66, 210, 234, 147, 297, 171, 128, 116, 120, 219, 70, 294, 207, 134, 128, 234, 122, 22, 183, 195, 255, 132, 124, 66, 189, 219, 66, 128, 102, 288, 66, 87, 136, 36, 39, 282, 36, 237, ]
Distance matrix:
|0	210	444	498	509	104	438	228	487	304	456	434	526	476	163	47	293	396	293	290	313	85	280	437	293	336	409	106	449	376	433	478	193	404	404	534	278	181	380	507	189	438	263	473	353	216	202	218	452	254	465	|
|210	0	299	507	359	106	345	409	358	411	320	402	555	448	136	200	289	264	306	427	141	222	83	348	264	320	283	303	380	208	258	357	170	348	475	542	243	347	355	379	65	479	172	373	355	251	112	229	402	210	300	|
|444	299	0	363	65	358	116	542	66	440	26	241	425	272	282	407	251	51	276	490	159	397	224	124	217	237	48	490	170	99	83	74	261	180	430	385	214	479	231	85	270	390	184	116	271	300	409	276	210	215	54	|
|498	507	363	0	385	482	246	424	326	254	343	123	63	93	388	452	221	337	211	314	428	414	480	239	243	187	324	463	194	418	438	307	346	188	156	36	264	392	156	326	444	87	340	258	154	286	603	294	153	297	417	|
|509	359	65	385	0	422	145	602	59	492	59	269	448	292	348	472	305	115	329	545	218	462	281	152	274	286	106	554	192	153	116	78	326	216	472	403	274	540	271	63	334	425	249	127	316	361	468	337	233	278	69	|
|104	106	358	482	422	0	372	309	408	337	374	396	521	441	98	96	262	314	271	342	215	124	177	373	249	302	329	198	394	281	337	402	139	353	419	518	230	250	343	428	90	437	188	405	328	200	134	188	406	199	372	|
|438	345	116	246	145	372	0	485	87	357	97	126	309	155	279	394	180	101	200	414	223	373	288	8	157	150	84	459	53	188	196	68	245	72	328	269	165	427	128	97	297	280	184	36	175	250	456	233	94	184	170	|
|228	409	542	424	602	309	485	0	561	170	544	419	424	446	298	214	305	491	286	115	462	187	457	480	331	339	496	124	470	510	565	545	295	424	279	454	329	66	376	576	363	340	370	520	330	242	429	266	453	328	581	|
|487	358	66	326	59	408	87	561	0	441	40	211	389	233	324	446	258	95	281	497	220	431	287	95	230	234	79	522	133	164	146	19	297	160	415	344	233	500	215	21	323	367	224	68	261	320	470	299	174	242	106	|
|304	411	440	254	492	337	357	170	441	0	434	266	255	286	275	266	189	392	164	63	408	225	428	351	224	207	392	234	330	438	484	424	250	287	112	284	232	149	233	453	349	170	302	389	185	168	471	195	305	248	487	|
|456	320	26	343	59	374	97	544	40	434	0	223	406	252	294	418	247	60	271	487	181	405	247	105	215	229	49	498	149	124	109	48	270	165	419	364	215	482	218	60	288	375	194	92	261	302	431	279	190	220	75	|
|434	402	241	123	269	396	126	419	211	266	223	0	185	46	298	387	140	213	145	328	310	355	366	118	147	97	201	425	78	295	315	191	256	65	211	151	166	371	53	215	343	157	231	145	90	220	505	217	41	198	295	|
|526	555	425	63	448	521	309	424	389	255	406	185	0	156	430	481	266	398	252	310	485	442	534	301	293	237	386	480	257	478	500	370	390	249	145	55	313	401	212	389	491	89	392	321	201	322	646	334	216	345	479	|
|476	448	272	93	292	441	155	446	233	286	252	46	156	0	343	429	183	250	184	348	353	396	411	148	192	140	236	461	102	334	350	214	302	106	214	113	212	402	98	233	389	151	277	165	125	261	551	260	62	244	325	|
|163	136	282	388	348	98	279	298	324	275	294	298	430	343	0	124	167	234	178	296	167	121	162	279	151	205	247	216	297	224	280	316	42	256	340	423	132	232	246	344	74	349	100	314	233	115	216	97	308	101	307	|
|47	200	407	452	472	96	394	214	446	266	418	387	481	429	124	0	246	358	245	259	284	41	261	392	247	289	370	103	403	345	402	436	150	358	361	488	232	158	333	466	165	393	223	430	306	168	217	171	406	210	431	|
|293	289	251	221	305	262	180	305	258	189	247	140	266	183	167	246	0	204	26	240	238	215	276	175	37	43	203	289	169	255	297	242	125	122	202	257	52	248	87	272	225	191	134	215	67	80	382	77	163	81	298	|
|396	264	51	337	115	314	101	491	95	392	60	213	398	250	234	358	204	0	229	442	130	347	196	108	169	194	19	440	152	87	102	93	211	149	390	363	165	428	194	116	228	355	134	117	230	250	376	225	189	164	95	|
|293	306	276	211	329	271	200	286	281	164	271	145	252	184	178	245	26	229	0	216	262	212	297	195	63	53	228	280	184	280	323	264	138	137	178	248	76	232	95	294	241	173	156	234	60	77	395	83	172	102	324	|
|290	427	490	314	545	342	414	115	497	63	487	328	310	348	296	259	240	442	216	0	443	220	456	408	273	264	443	204	390	479	529	480	278	346	165	343	278	115	293	509	369	229	340	447	244	202	473	230	366	288	536	|
|313	141	159	428	218	215	223	462	220	408	181	310	485	353	167	284	238	130	262	443	0	288	67	228	202	252	149	382	267	67	122	221	168	247	440	459	186	396	273	241	125	423	107	245	291	242	251	214	297	162	160	|
|85	222	397	414	462	124	373	187	431	225	405	355	442	396	121	41	215	347	212	220	288	0	273	371	221	258	357	95	378	344	401	420	136	331	321	450	208	126	302	450	177	353	213	409	272	136	253	143	377	190	426	|
|280	83	224	480	281	177	288	457	287	428	247	366	534	411	162	261	276	196	297	456	67	273	0	292	243	298	215	363	329	128	176	288	179	305	475	513	224	392	324	307	96	466	143	311	335	261	187	235	357	195	219	|
|437	348	124	239	152	373	8	480	95	351	105	118	301	148	279	392	175	108	195	408	228	371	292	0	154	144	91	456	46	194	203	76	244	65	320	261	163	423	121	103	299	273	185	40	168	247	459	230	86	183	178	|
|293	264	217	243	274	249	157	331	230	224	215	147	293	192	151	247	37	169	63	273	202	221	243	154	0	57	170	303	157	217	260	215	110	111	238	278	21	271	94	245	201	223	100	193	92	93	362	78	160	54	263	|
|336	320	237	187	286	302	150	339	234	207	229	97	237	140	205	289	43	194	53	264	252	258	298	144	57	0	190	331	131	257	294	216	163	84	197	221	77	285	44	246	258	172	155	183	39	123	418	119	120	110	288	|
|409	283	48	324	106	329	84	496	79	392	49	201	386	236	247	370	203	19	228	443	149	357	215	91	170	190	0	449	136	105	114	75	221	138	384	349	168	434	185	99	245	346	146	98	224	255	394	231	174	171	99	|
|106	303	490	463	554	198	459	124	522	234	498	425	480	461	216	103	289	440	280	204	382	95	363	456	303	331	449	0	458	439	496	510	229	410	344	498	293	89	374	540	267	391	307	495	336	211	308	226	451	280	520	|
|449	380	170	194	192	394	53	470	133	330	149	78	257	102	297	403	169	152	184	390	267	378	329	46	157	131	136	458	0	238	249	114	259	47	287	216	171	416	96	137	327	235	211	67	145	247	488	235	41	197	223	|
|376	208	99	418	153	281	188	510	164	438	124	295	478	334	224	345	255	87	280	479	67	344	128	194	217	257	105	439	238	0	57	169	216	230	453	445	206	445	268	184	191	427	141	202	296	278	315	250	274	191	92	|
|433	258	83	438	116	337	196	565	146	484	109	315	500	350	280	402	297	102	323	529	122	401	176	203	260	294	114	496	249	57	0	157	271	252	490	463	251	499	296	162	247	457	195	199	331	329	362	302	288	241	47	|
|478	357	74	307	78	402	68	545	19	424	48	191	370	214	316	436	242	93	264	480	221	420	288	76	215	216	75	510	114	169	157	0	287	141	396	325	219	485	196	31	319	347	216	49	243	306	469	286	154	230	120	|
|193	170	261	346	326	139	245	295	297	250	270	256	390	302	42	150	125	211	138	278	168	136	179	244	110	163	221	229	259	216	271	287	0	216	305	382	91	229	204	316	105	310	78	280	192	83	257	60	268	62	292	|
|404	348	180	188	216	353	72	424	160	287	165	65	249	106	256	358	122	149	137	346	247	331	305	65	111	84	138	410	47	230	252	141	216	0	255	215	126	369	56	168	292	210	177	102	103	200	454	189	54	155	234	|
|404	475	430	156	472	419	328	279	415	112	419	211	145	214	340	361	202	390	178	165	440	321	475	320	238	197	384	344	287	453	490	396	305	255	0	181	254	261	201	422	410	69	335	353	160	225	551	246	252	280	482	|
|534	542	385	36	403	518	269	454	344	284	364	151	55	113	423	488	257	363	248	343	459	450	513	261	278	221	349	498	216	445	463	325	382	215	181	0	298	425	189	342	479	115	373	276	190	323	638	330	175	332	439	|
|278	243	214	264	274	230	165	329	233	232	215	166	313	212	132	232	52	165	76	278	186	208	224	163	21	77	168	293	171	206	251	219	91	126	254	298	0	267	114	250	181	242	82	202	112	88	341	68	177	33	258	|
|181	347	479	392	540	250	427	66	500	149	482	371	401	402	232	158	248	428	232	115	396	126	392	423	271	285	434	89	416	445	499	485	229	369	261	425	267	0	325	516	298	313	305	463	281	180	375	203	403	264	516	|
|380	355	231	156	271	343	128	376	215	233	218	53	212	98	246	333	87	194	95	293	273	302	324	121	94	44	185	374	96	268	296	196	204	56	201	189	114	325	0	224	294	161	185	157	49	167	455	163	78	147	284	|
|507	379	85	326	63	428	97	576	21	453	60	215	389	233	344	466	272	116	294	509	241	450	307	103	245	246	99	540	137	184	162	31	316	168	422	342	250	516	224	0	344	371	244	70	271	337	490	317	176	261	120	|
|189	65	270	444	334	90	297	363	323	349	288	343	491	389	74	165	225	228	241	369	125	177	96	299	201	258	245	267	327	191	247	319	105	292	410	479	181	298	294	344	0	414	116	328	291	187	163	165	345	147	282	|
|438	479	390	87	425	437	280	340	367	170	375	157	89	151	349	393	191	355	173	229	423	353	466	273	223	172	346	391	235	427	457	347	310	210	69	115	242	313	161	371	414	0	323	301	133	238	565	253	197	273	444	|
|263	172	184	340	249	188	184	370	224	302	194	231	392	277	100	223	134	134	156	340	107	213	143	185	100	155	146	307	211	141	195	216	78	177	335	373	82	305	185	244	116	323	0	217	192	138	278	110	230	55	214	|
|473	373	116	258	127	405	36	520	68	389	92	145	321	165	314	430	215	117	234	447	245	409	311	40	193	183	98	495	67	202	199	49	280	102	353	276	202	463	157	70	328	301	217	0	205	286	485	269	106	220	167	|
|353	355	271	154	316	328	175	330	261	185	261	90	201	125	233	306	67	230	60	244	291	272	335	168	92	39	224	336	145	296	331	243	192	103	160	190	112	281	49	271	291	133	192	205	0	138	449	141	123	145	323	|
|216	251	300	286	361	200	250	242	320	168	302	220	322	261	115	168	80	250	77	202	242	136	261	247	93	123	255	211	247	278	329	306	83	200	225	323	88	180	167	337	187	238	138	286	138	0	328	28	243	88	340	|
|202	112	409	603	468	134	456	429	470	471	431	505	646	551	216	217	382	376	395	473	251	253	187	459	362	418	394	308	488	315	362	469	257	454	551	638	341	375	455	490	163	565	278	485	449	328	0	313	508	308	406	|
|218	229	276	294	337	188	233	266	299	195	279	217	334	260	97	171	77	225	83	230	214	143	235	230	78	119	231	226	235	250	302	286	60	189	246	330	68	203	163	317	165	253	110	269	141	28	313	0	235	61	315	|
|452	402	210	153	233	406	94	453	174	305	190	41	216	62	308	406	163	189	172	366	297	377	357	86	160	120	174	451	41	274	288	154	268	54	252	175	177	403	78	176	345	197	230	106	123	243	508	235	0	207	264	|
|254	210	215	297	278	199	184	328	242	248	220	198	345	244	101	210	81	164	102	288	162	190	195	183	54	110	171	280	197	191	241	230	62	155	280	332	33	264	147	261	147	273	55	220	145	88	308	61	207	0	253	|
|465	300	54	417	69	372	170	581	106	487	75	295	479	325	307	431	298	95	324	536	160	426	219	178	263	288	99	520	223	92	47	120	292	234	482	439	258	516	284	120	282	444	214	167	323	340	406	315	264	253	0	|

--------------------------------------------------------------------------------
Building model...
	using lazy and cut (CVRPSEP package)
Solving IRP LP...
--------------------------------------------------------------------------------

Gurobi 9.1.0 (linux64) logging started Sun Feb 14 10:21:26 2021

Gurobi Optimizer version 9.1.0 build v9.1.0rc0 (linux64)
Thread count: 32 physical cores, 32 logical processors, using up to 2 threads
Optimize a model with 1899 rows, 16716 columns and 60852 nonzeros
Model fingerprint: 0x5f167068
Variable types: 804 continuous, 15912 integer (612 binary)
Coefficient statistics:
  Matrix range     [1e+00, 1e+03]
  Objective range  [1e-02, 6e+02]
  Bounds range     [1e+00, 3e+02]
  RHS range        [1e+00, 7e+03]
Presolve removed 504 rows and 251 columns
Presolve time: 0.20s
Presolved: 1395 rows, 16465 columns, 58347 nonzeros
Variable types: 502 continuous, 15963 integer (15335 binary)

Root relaxation: objective 3.476966e+03, 1513 iterations, 0.05 seconds

    Nodes    |    Current Node    |     Objective Bounds      |     Work
 Expl Unexpl |  Obj  Depth IntInf | Incumbent    BestBd   Gap | It/Node Time

     0     0 3476.96592    0  161          - 3476.96592      -     -    0s
     0     0 3748.30940    0  172          - 3748.30940      -     -    0s
     0     0 3749.14529    0  172          - 3749.14529      -     -    1s
     0     0 4423.76777    0  225          - 4423.76777      -     -    1s
     0     0 4480.79341    0  238          - 4480.79341      -     -    2s
     0     0 4481.41541    0  225          - 4481.41541      -     -    2s
     0     0 4481.41541    0  241          - 4481.41541      -     -    2s
     0     0 4592.39149    0  331          - 4592.39149      -     -    3s
     0     0 4620.64570    0  323          - 4620.64570      -     -    3s
     0     0 4623.66051    0  368          - 4623.66051      -     -    3s
     0     0 4624.42000    0  364          - 4624.42000      -     -    3s
     0     0 4706.68635    0  433          - 4706.68635      -     -    4s
     0     0 4714.50377    0  414          - 4714.50377      -     -    4s
     0     0 4718.22658    0  388          - 4718.22658      -     -    4s
     0     0 4718.28388    0  407          - 4718.28388      -     -    4s
     0     0 4764.52870    0  386          - 4764.52870      -     -    5s
     0     0 4773.89184    0  441          - 4773.89184      -     -    6s
     0     0 4781.82213    0  439          - 4781.82213      -     -    6s
     0     0 4783.10305    0  442          - 4783.10305      -     -    7s
     0     0 4808.79962    0  369          - 4808.79962      -     -    7s
     0     0 4819.12137    0  429          - 4819.12137      -     -    8s
     0     0 4827.46906    0  514          - 4827.46906      -     -    8s
     0     0 4832.06438    0  467          - 4832.06438      -     -    8s
     0     0 4832.20273    0  460          - 4832.20273      -     -    8s
     0     0 4848.55213    0  471          - 4848.55213      -     -    9s
     0     0 4848.69504    0  501          - 4848.69504      -     -    9s
     0     0 4854.23213    0  411          - 4854.23213      -     -   10s
     0     0 4856.66312    0  388          - 4856.66312      -     -   11s
     0     0 4856.83792    0  374          - 4856.83792      -     -   11s
     0     0 4860.81043    0  457          - 4860.81043      -     -   12s
     0     0 4860.81043    0  326          - 4860.81043      -     -   12s
     0     2 4876.18186    0  319          - 4876.18186      -     -   15s
    21    24 4968.67397    6  311          - 4876.18186      -   604   20s
   121   129 5453.64005   33  161          - 4876.18186      -   266   25s
   325   361 6630.44892  127  135          - 4876.18186      -   167   30s
   513   521 8805.60072  242   87          - 4876.18186      -   133   35s
   636   636 5331.82465   25  230          - 4876.18186      -   145   40s
   814   856 5579.33905   86  163          - 4876.18186      -   141   45s
  1040  1101 6146.70544  165   98          - 4876.18186      -   134   50s
  1327  1425 6887.10095  341   96          - 4876.18186      -   121   56s
  1618  1664 7129.05212  548   91          - 4876.18186      -   108   61s
  1716  1685 5370.32603   34  326          - 4876.18186      -   108   66s
  1722  1689 6990.91943  458  530          - 4876.18186      -   108   70s
  1730  1694 6540.97809  122  667          - 4890.90266      -   107   75s
  1737  1699 7055.88494  401  572          - 4903.62330      -   107   80s
  1744  1704 5949.00936  144  619          - 4910.73402      -   106   93s
  1746  1705 5930.30486  150  637          - 4910.79326      -   106   95s
  1749  1707 4947.64969    8  637          - 4910.79364      -   106  102s
  1756  1715 4923.62584   12  591          - 4918.80533      -   120  105s
  1766  1721 4982.70191   14  456          - 4930.47013      -   125  110s
  1775  1730 4942.10360   17  527          - 4933.66472      -   128  115s
  1796  1742 5103.65260   22  430          - 4933.66472      -   134  120s
  1835  1770 5517.44200   33  280          - 4933.66472      -   140  125s
  1891  1816 5689.85180   47  288          - 4933.66472      -   145  130s
  1960  1860 6078.56894   63  185          - 4933.66472      -   149  135s
  2037  1918 6995.72355   79  106          - 4933.66472      -   154  140s
  2121  1985 8412.93701   98  101          - 4933.66472      -   159  146s
  2228  2080 9992.61000  128   54          - 4933.66472      -   161  151s
  2361  2196 11468.8808  173   67          - 4933.66472      -   159  155s
  2508  2244 5039.53809   18  456          - 4933.71419      -   154  160s
  2639  2351 5148.26941   20  522          - 4933.71419      -   150  165s
  2763  2352 4970.78490   22  539          - 4933.71419      -   146  170s
  2794  2373 5131.24648   30  238          - 4933.71419      -   149  176s
  2819  2397 5203.49285   38  165          - 4933.71419      -   152  180s
  2862  2420 5399.69350   51  161          - 4933.71419      -   153  185s
  2898  2465 5612.39351   63  161          - 4933.71419      -   154  190s
  2958  2501 6094.15931   86  100          - 4933.71419      -   155  195s
  3017  2558 6367.63003  105  107          - 4933.71419      -   155  200s
  3122  2662 7116.51184  152   89          - 4933.72428      -   154  208s
  3210  2641 8290.57000  195    -          - 4933.72428      -   150  210s
  3242  2660 5190.23607   22  442          - 4933.72428      -   153  216s
  3272  2684 5291.22767   26  347          - 4933.72428      -   154  220s
  3311  2710 5461.39894   29  328          - 4933.72428      -   156  225s
  3359  2763 5471.74355   34  286          - 4933.72428      -   157  231s
  3440  2787 6364.25046  127   80          - 4933.72428      -   157  235s
  3519  2933 5677.38089   46  220          - 4933.72428      -   155  242s
  3628  2994 5730.73977   50  216          - 4933.72428      -   153  248s
  3795  2976 5859.67507   59  205          - 4933.72428      -   148  252s
  3812  2999 6251.34293   63  198          - 4933.72428      -   149  255s
  3873  3043 6576.62706   83  130          - 4933.72428      -   150  262s
  3907  3073 6708.24592   93  107          - 4933.72428      -   150  267s
  3948  3098 6798.30323  104   85          - 4933.72428      -   151  280s
  3998  3137 7053.25341  112   67          - 4933.72428      -   151  285s
  4130  3162 infeasible  151               - 4939.25454      -   151  293s
  4148  3171 5152.28564   18  535          - 4939.25454      -   153  297s
  4163  3184 5262.49305   22  474          - 4939.25454      -   154  301s
  4181  3204 5269.85960   24  466          - 4939.25454      -   154  305s
  4207  3227 5359.14037   27  422          - 4939.25454      -   155  310s
  4238  3243 5369.37640   29  345          - 4939.25454      -   156  315s
  4284  3273 5418.15860   40  292          - 4939.25454      -   157  320s
  4346  3342 5515.76238   48  188          - 4939.25454      -   158  329s
  4400  3409 5607.96691   51  219          - 4939.25454      -   159  334s
  4485  3487 5575.24305   52  232          - 4939.25454      -   159  341s
  4601  3560 5666.97404   52  236          - 4939.25454      -   158  348s
  4766  3514 8880.79000  219    -          - 4939.25454      -   155  350s
  4771  3546 5696.66978   58  194          - 4939.25454      -   155  355s
  4800  3569 5711.43201   59  184          - 4939.25454      -   156  361s
  4833  3588 5735.63559   62  180          - 4939.25454      -   157  368s
  4863  3624 5782.57706   68  144          - 4939.25454      -   158  374s
  4909  3632 5822.31272   74  131          - 4939.25454      -   159  380s
  4932  3671 5888.27569   80  143          - 4939.25454      -   160  387s
  4979  3676 6251.04586   89  181          - 4939.25454      -   161  393s
  5000  3740 6260.37480   91  142          - 4939.25454      -   163  399s
  5071  3832 6353.87465  104  111          - 4939.25454      -   163  407s
  5186  3974 6768.66115  119  151          - 4939.25454      -   163  416s
  5367  4200 6833.25786  136   85          - 4939.25454      -   161  428s
  5515  4151 6264.86536  103   39          - 4939.25454      -   159  430s
  5684  4317 7297.44796  164   77          - 4939.25454      -   156  442s
  5916  4264 8762.36963  176   63          - 4962.32995      -   153  451s
  5951  4277 5229.63017   24  471          - 4962.32995      -   155  458s
  5976  4291 5323.96034   31  373          - 4962.32995      -   156  467s
  5998  4327 5381.09198   41  296          - 4962.32995      -   157  477s
  6041  4381 5595.58524   53  171          - 4962.32995      -   158  485s
  6110  4502 5751.66988   73   39          - 4962.32995      -   159  495s
  6266  4515 infeasible  106               - 4962.34582      -   159  506s
  6349  4593 5264.60104   29  390          - 4962.34582      -   160  526s
  6456  4708 5599.22920   38  352          - 4962.34582      -   160  538s
  6642  4830 5502.71025   48  237          - 4962.34582      -   160  552s
  6859  4764 infeasible  200               - 4962.34582      -   158  555s
  6875  4818 5701.91566   61  166          - 4962.34582      -   158  567s
  6930  4900 5925.49961   77  175          - 4962.34582      -   159  577s
  7012  5031 6604.55100  100   50          - 4965.28825      -   161  589s
  7045  5032 6568.91875  112   12          - 4965.28825      -   160  590s
  7171  5288 5187.80348   25  525          - 4965.28825      -   160  606s
  7461  5361 5366.15787   38  294          - 4965.28825      -   157  621s
  7515  5491 5767.99727   59  262          - 4965.28825      -   159  635s
  7645  5797 6322.34839  102   59          - 4965.28825      -   160  655s
  7971  5877 6737.38000  152    6          - 4969.37606      -   157  672s
  8047  6133 5289.43081   30  357          - 4969.37606      -   158  689s
  8065  6133 5368.54184   40  331          - 4969.37606      -   159  690s
  8330  6413 5498.63365   46  342          - 4969.37606      -   157  707s
  8599  6416 8652.05000  270    8          - 4969.37606      -   154  710s
  8641  6531 5944.05207   61  291          - 4969.37606      -   154  723s
  8749  6782 6581.91241  102   95          - 4976.90500      -   155  741s
  9043  6865 5049.60137   15  517          - 4976.90500      -   153  757s
  9106  7043 5544.99199   27  330          - 4976.90500      -   155  774s
  9128  7043 5693.15278   42  215          - 4976.90500      -   155  775s
  9284  7422 5723.51911   47  143          - 4976.90500      -   155  853s
  9295  7422 5757.72530   51  255          - 4976.90500      -   155  855s
  9306  7422 5794.94788   54  152          - 4976.90500      -   156  863s
  9421  7422 7530.66766  132   43          - 4976.90500      -   155  865s
  9795  7631 5889.12917   64  181          - 4976.90500      -   151  888s
  9938  7632 6283.02359  121    5          - 4976.90500      -   150  890s
 10006  7847 6856.46413  116   80          - 4978.12200      -   150  905s
 10339  7994 5099.33863   18  589          - 4978.12200      -   148  922s
 10424  8215 5489.37253   30  403          - 4978.12200      -   149 1003s
 10645  8312 5549.09572   35  409          - 4978.12200      -   149 1021s
 10780  8396 5648.62863   50  260          - 4978.12200      -   149 1034s
 10848  8496 5814.65557   69  241          - 4978.12200      -   150 1047s
 10948  8756 6085.50224   89  228          - 4978.12200      -   151 1063s
 11047  8756 6745.64292  125    5          - 4978.12200      -   151 1065s
 11210  9146 7160.05459  126   83          - 4980.30330      -   151 1087s
 11482  9166 6666.08571  140   40          - 4980.34237      -   149 1090s
 11748  9233 5447.94301   32  465          - 4980.34237      -   147 1111s
 11772  9271 5576.76858   40  434          - 4980.34237      -   147 1123s
 11810  9329 5727.76451   53  281          - 4980.34237      -   149 1136s
 11868  9421 6128.65187   69   82          - 4980.34237      -   150 1165s
 11960  9772 6712.63646   94   99          - 4981.05342      -   151 1185s
 12370  9903 5191.79371   25  519          - 4981.05342      -   149 1202s
 12479 10199 5822.09106   48  275          - 4981.05342      -   149 1242s
 12734 10207 7506.48000  139    6          - 4981.05342      -   148 1245s
 12828 10378 6451.38356   87   79          - 4982.77909      -   148 1262s
 13032 10457 5293.68794   27  503          - 4982.77909      -   148 1297s
 13088 10583 5979.31781   43  274          - 4982.77909      -   148 1313s
 13214 10875 6309.55633   66   88          - 4982.77909      -   149 1331s
 13520 11269 6969.00013  124   58          - 4982.79355      -   148 1354s
 13564 11269 7250.87996  152   51          - 4982.79355      -   148 1355s
 14009 11353 5154.01044   25  431          - 4983.40332      -   145 1371s
 14052 11423 5543.49369   43  269          - 4983.40332      -   146 1404s
 14122 11619 5670.02742   55  226          - 4983.40332      -   147 1422s
 14318 12076 5919.43445   80  113          - 4983.40332      -   147 1509s
 14395 12076 6212.25310  108  100          - 4983.40332      -   148 1510s
 14873 12183 6905.49042  126   66          - 4983.94461      -   144 1528s
 14983 12191 7557.04000  180    -          - 4983.94461      -   143 1530s
 15077 12260 5426.96406   31  436          - 4983.98288      -   144 1543s
 15136 12386 6151.74077   50  200          - 4983.98288      -   144 1559s
 15225 12386 6547.12412   70   85          - 4983.98288      -   145 1560s
 15266 12790 6390.43261   70  145          - 4983.98288      -   145 1579s
 15310 12790 6688.84044   84   60          - 4983.98288      -   145 1580s
 15715 12817 8142.72394  239    5          - 4983.98288      -   143 1585s
 15768 12911 7138.94764  130   33          - 4986.02995      -   143 1599s
 15802 12915 7590.80812  143   15          - 4986.02995      -   143 1600s
 15881 13020 5565.55933   32  350          - 4986.02995      -   143 1614s
 15930 13020 6246.47922   59   91          - 4986.02995      -   143 1617s
 15977 13229 6192.90768   58  160          - 4986.02995      -   144 1634s
 16056 13229 6440.34983   89   94          - 4986.02995      -   144 1635s
 16190 13616 7269.37072  116   83          - 4986.10773      -   144 1654s
 16201 13616 7512.77837  121   80          - 4986.10773      -   144 1748s
 16300 13616 infeasible  146               - 4986.10773      -   143 1750s
 16677 13723 5221.16719   28  441          - 4986.10773      -   141 1767s
 16750 13825 5886.68507   45  291          - 4986.10773      -   142 1780s
 16852 14318 6180.58962   61  228          - 4986.10773      -   143 1872s
 16863 14318 6243.91353   68  282          - 4986.10773      -   143 1904s
 16907 14318 6596.89162   85   64          - 4986.10773      -   143 1905s
 16918 14318 6622.62667   91   46          - 4986.10773      -   143 1910s
 17299 14350 7789.87000  221    4          - 4986.10773      -   141 1915s
 17475 14519 6911.84166  104   82          - 4986.47877      -   140 1931s
 17690 14782 5433.98863   32  319          - 4986.47877      -   140 1951s
 17947 15027 5790.76219   54  159          - 4986.47877      -   139 1969s
 17985 15027 6280.73772   74  120          - 4986.47877      -   139 1970s
 18221 15336 6259.45385   84   97          - 4987.67265      -   139 1988s
 18331 15336 6475.45093  145   14          - 4987.67265      -   138 1990s
 18569 15408 5240.40881   21  471          - 4987.67265      -   138 2004s
 18605 15408 6324.85106   56  153          - 4987.67265      -   138 2005s
 18624 15528 5902.77245   35  329          - 4987.67265      -   138 2018s
 18744 16097 6464.80095   66   49          - 4987.87422      -   139 2039s
 18766 16097 6564.07639   74   63          - 4987.87422      -   139 2040s
 19231 16181 8971.12000  224    8          - 4987.87422      -   136 2045s
 19570 16222 5045.01500   15  601          - 4987.87422      -   135 2060s
 19620 16259 5370.29449   24  595          - 4987.87422      -   136 2182s
 19641 16304 5825.75960   32  344          - 4987.87422      -   136 2196s
 19686 16387 6033.83345   48  168          - 4987.87422      -   137 2209s
 19719 16387 6179.40657   61  127          - 4987.87422      -   137 2210s
 19769 16556 6259.77272   67  164          - 4987.87422      -   138 2225s
 19938 16997 6913.02981   96  137          - 4991.96031      -   138 2246s
 20246 17030 8531.14000  213    8          - 4991.96031      -   137 2250s
 20478 17499 5046.17805   23  669          - 4991.96031      -   136 2272s
 20644 17499 8437.33849  175   41          - 4991.96031      -   136 2275s
 20978 17557 5592.56880   35  461          - 4991.96031      -   134 2290s
 21018 17634 6333.22040   52  329          - 4991.96031      -   135 2303s
 21095 17856 6710.24193   73  241          - 4991.96031      -   135 2318s
 21184 17856 7143.50162  117   24          - 4991.96031      -   135 2320s
 21317 18567 7400.19000  141    4          - 4996.64973      -   135 2340s
 21697 18615 9401.88000  348    -          - 4996.64973      -   133 2345s
 22261 18699 5326.06075   17  662          - 4996.89149      -   131 2362s
 22288 18744 5799.44335   25  584          - 4996.89149      -   132 2373s
 22333 18832 6358.69409   40  252          - 4996.89149      -   132 2386s
 22421 19280 7134.39507   65  102          - 4996.89149      -   133 2404s
 22454 19280 7231.31205   77   59          - 4996.89149      -   133 2405s
 22907 19797 7438.81453   99   30          - 4996.89222      -   132 2487s
 23150 19801 8775.93000  198   10          - 4996.89222      -   131 2490s
 23519 19877 5220.41051   27  492          - 5001.69763      -   130 2504s
 23551 19972 5974.05278   44  376          - 5001.69763      -   130 2516s
 23646 20378 6716.53093   71  187          - 5001.69763      -   131 2535s
 24017 20398 7669.88735  189   29          - 5001.69763      -   130 2540s
 24112 20962 7251.77181  107   70          - 5001.69763      -   130 2557s
 24377 20971 8519.22667  242    5          - 5001.69763      -   129 2560s
 24764 21160 9055.63145  224   86          - 5003.93422      -   128 2578s
 24918 21167 10412.6200  391    -          - 5003.93422      -   127 2580s
 24948 21217 5397.97483   26  505          - 5003.93422      -   127 2590s
 24992 21305 6149.81376   44  376          - 5003.93422      -   128 2603s
 25080 21678 6686.02674   61  216          - 5003.93422      -   128 2622s
 25305 21678 6959.79364  141   19          - 5003.93422      -   128 2625s
 25533 22099 7145.60569  100   34          - 5003.98418      -   127 2642s
 25720 22100 7465.37856  193   13          - 5003.98418      -   127 2645s
 26059 22186 5283.51995   30  383          - 5005.79103      -   126 2663s
 26098 22348 6020.40747   48  221          - 5005.79103      -   127 2677s
 26268 23110 6731.65374   73  159          - 5005.79103      -   127 2696s
 26565 23131 8384.33000  212    4          - 5005.79103      -   126 2700s
 27172 23189 8495.39000  384    4          - 5005.79103      -   124 2706s
 27230 23248 6814.43693   78  126          - 5006.07999      -   123 2717s
 27299 23300 5365.77235   33  380          - 5006.07999      -   124 2727s
 27343 23454 6013.48205   48  333          - 5006.07999      -   124 2792s
 27510 23459 7558.84000  134    -          - 5006.07999      -   124 2795s
 27521 23604 7383.30869   71  267          - 5006.07999      -   124 2808s
 27672 23682 7643.93146   84  224          - 5006.07999      -   124 2821s
 27744 23893 7917.19498  101  129          - 5006.07999      -   125 2836s
 27955 24200 8354.91199  160   34          - 5007.73291      -   125 2852s
 28352 24363 5201.86552   20  484          - 5007.73291      -   124 2966s
 28530 24409 5368.02545   26  356          - 5007.73291      -   124 2977s
 28548 24433 5858.14668   36  468          - 5007.73291      -   124 3013s
 28572 24478 6368.46731   51  307          - 5007.73291      -   124 3024s
 28613 24478 6309.55214   49  300          - 5007.73291      -   125 3025s
 28617 24552 6877.33724   71  167          - 5007.73291      -   125 3036s
 28691 24658 6943.02983   80  166          - 5007.73291      -   125 3062s
 28713 24658 7056.91243   83  145          - 5007.73291      -   125 3065s
 28797 24888 7421.61018   86   96          - 5007.73291      -   126 3081s
 29027 25119 7669.12783  103   85          - 5007.73291      -   126 3220s
 29277 25359 7863.58000  132   28          - 5007.73291      -   126 3242s
 29513 25564 8208.85029  257   19          - 5013.58713      -   126 3271s
 29824 25644 5299.34434   17  601          - 5013.58713      -   125 3284s
 29859 25713 5682.50056   25  567          - 5013.58713      -   125 3296s
 29928 26046 6212.68818   40  185          - 5013.58713      -   126 3319s
 29950 26046 6767.95595   60  140          - 5013.58713      -   126 3320s
 30361 26094 9893.17000  204    6          - 5013.58713      -   125 3325s
 30379 26277 6844.83584   69  136          - 5013.58713      -   125 3338s
 30540 26278 9175.08000  170    -          - 5013.58713      -   125 3340s
 30617 26542 7286.43846   91   22          - 5016.07874      -   124 3358s
 30826 26558 8235.51818  170   12          - 5016.07874      -   124 3360s
 30912 26599 5192.26555   27  581          - 5016.07874      -   124 3370s
 30945 26656 5545.96210   36  523          - 5016.07874      -   124 3387s
 31002 26924 6263.30401   46  401          - 5016.07874      -   125 3406s
 31310 27015 6949.53673   74  228          - 5016.07874      -   124 3421s
 31392 27163 7191.41231   99  109          - 5016.07874      -   124 3440s
 31546 27521 8081.46898  136   63          - 5017.31417      -   124 3459s
 31623 27521 8638.86047  161   28          - 5017.31417      -   124 3460s
 32016 27829 5149.33385   26  625          - 5017.31417      -   123 3506s
 32312 27847 9963.29842  214   10          - 5017.31417      -   123 3510s
 32352 27892 5595.89511   35  475          - 5017.31417      -   123 3521s
 32379 27945 6727.06889   52  310          - 5017.31417      -   123 3532s
 32432 28001 7758.76610   81  225          - 5017.31417      -   123 3546s
 32488 28180 8105.77261   91  138          - 5017.31417      -   123 3562s
 32669 28593 8691.09011  120   89          - 5018.12377      -   124 3780s
 32680 28593 8807.95627  126   59          - 5018.12377      -   124 3801s
 32999 28629 7946.99745  102   55          - 5018.12644      -   123 3805s
 33010 28629 8000.72378  105   69          - 5018.12644      -   123 3810s

Cutting planes:
  User: 6282
  Gomory: 15
  Cover: 548
  Implied bound: 206
  Clique: 67
  MIR: 135
  StrongCG: 2
  Flow cover: 432
  GUB cover: 2
  Zero half: 63
  Network: 6
  RLT: 388
  Relax-and-lift: 12
  Lazy constraints: 4621

Explored 33227 nodes (4085111 simplex iterations) in 3813.23 seconds
Thread count was 2 (of 32 available processors)

Solution count 0

Time limit reached
Best objective -, best bound 5.018126439903e+03, gap -

User-callback calls 394007, time in user-callback 1188.96 sec
writeSolution() exp: Unable to retrieve attribute 'X'
================================================================================
executing instance: ./input/Instances/Original/5/absH3low_4n25.dat
--------------------------------------------------------------------------------
Instance details
n	26
H	3
C	2029
Li:
[0, 0, 0, 0, 0, 0, 0, 0, 0, 0, 0, 0, 0, 0, 0, 0, 0, 0, 0, 0, 0, 0, 0, 0, 0, 0, ]
Ui:
[0, 34, 165, 76, 88, 188, 58, 279, 52, 132, 198, 142, 135, 165, 186, 58, 201, 196, 40, 183, 32, 90, 168, 126, 93, 146, ]
Distance matrix:
|0	299	188	235	91	202	152	147	162	277	268	132	71	162	220	69	220	289	241	124	265	80	162	132	66	302	|
|299	0	468	431	282	142	317	425	443	569	193	178	359	302	422	231	93	28	511	325	457	242	434	215	240	601	|
|188	468	0	153	265	342	308	43	192	106	455	290	117	206	142	246	379	464	252	274	360	267	211	319	231	184	|
|235	431	153	0	326	289	386	145	321	240	482	269	184	129	15	258	339	436	393	355	477	305	336	354	237	334	|
|91	282	265	326	0	228	66	228	166	339	196	157	154	242	311	99	225	264	229	50	201	47	153	71	115	340	|
|202	142	342	289	228	0	285	301	363	447	255	73	245	161	281	139	53	151	440	278	428	181	360	187	136	495	|
|152	317	308	386	66	285	0	275	167	368	188	217	207	308	371	163	274	295	210	34	145	108	148	104	181	350	|
|147	425	43	145	228	301	275	0	179	146	415	248	76	172	131	203	337	421	248	242	341	227	195	279	188	211	|
|162	443	192	321	166	363	167	179	0	216	352	291	152	302	307	225	375	428	81	138	170	201	22	237	227	183	|
|277	569	106	240	339	447	368	146	216	0	535	391	210	312	232	341	481	562	245	335	381	352	238	402	329	106	|
|268	193	455	482	196	255	188	415	352	535	0	225	339	367	469	224	212	165	398	214	302	188	335	136	245	533	|
|132	178	290	269	157	73	217	248	291	391	225	0	183	145	258	66	91	175	367	207	358	110	287	127	67	431	|
|71	359	117	184	154	245	207	76	152	210	339	183	0	152	169	131	274	352	232	174	294	151	161	203	119	251	|
|162	302	206	129	242	161	308	172	302	312	367	145	152	0	120	153	210	308	383	284	426	208	309	249	132	383	|
|220	422	142	15	311	281	371	131	307	232	469	258	169	120	0	245	330	427	379	340	461	291	321	340	224	324	|
|69	231	246	258	99	139	163	203	225	341	224	66	131	153	245	0	152	222	301	147	299	57	221	97	22	371	|
|220	93	379	339	225	53	274	337	375	481	212	91	274	210	330	152	0	99	448	273	419	180	369	171	157	521	|
|289	28	464	436	264	151	295	421	428	562	165	175	352	308	427	222	99	0	493	305	434	227	418	196	234	590	|
|241	511	252	393	229	440	210	248	81	245	398	367	232	383	379	301	448	493	0	190	147	270	80	298	305	175	|
|124	325	274	355	50	278	34	242	138	335	214	207	174	284	340	147	273	305	190	0	152	97	122	110	162	320	|
|265	457	360	477	201	428	145	341	170	381	302	358	294	426	461	299	419	434	147	152	0	248	150	249	312	322	|
|80	242	267	305	47	181	108	227	201	352	188	110	151	208	291	57	180	227	270	97	248	0	192	52	76	366	|
|162	434	211	336	153	360	148	195	22	238	335	287	161	309	321	221	369	418	80	122	150	192	0	224	225	203	|
|132	215	319	354	71	187	104	279	237	402	136	127	203	249	340	97	171	196	298	110	249	52	224	0	118	409	|
