




arguments: ./build/bc_mirp -f ./input/orig_exec_175.cfg
Current dir: /scratch/gui/bc_mirp
File verbosity level: 9
date       time         ( uptime  ) [ thread name/id ]                   file:line     v| 
2021-02-11 10:39:47.200 (   0.070s) [main thread     ]             loguru.cpp:789   INFO| Logging to './output/vi_vc+cos/OU/V4/Original/execution_11_02_2021_10_39_47.log', mode: 'a', verbosity: 9
--------------------------------------------------------------------------------
Parameters
                           instance_path           ./input/Instances/Original/4/
                            model_policy                                       1
                             nb_vehicles                                       4
                              output_dir      ./output/vi_vc+cos/OU/V4/Original/
                            sec_strategy                                       1
                       solver_nb_threads                                       2
                         solver_show_log                                    true
                       solver_time_limit                                    3600
                              use_vi_cos                                    true
                              use_vi_cus                                   false
                         use_vi_hc1_full                                   false
                         use_vi_hc1_half                                   false
                      use_vi_hc1_quarter                                   false
                              use_vi_hc2                                   false
                              use_vi_hc3                                   false
                         use_vi_lex_full                                   false
                         use_vi_lex_half                                   false
                      use_vi_lex_quarter                                   false
                              use_vi_qua                                   false
                               use_vi_vc                                    true
                               use_vi_vr                                   false
--------------------------------------------------------------------------------
executing instance: ./input/Instances/Original/4/absH3low_3n30.dat
--------------------------------------------------------------------------------
Instance details
n	31
H	3
C	2841
Li:
[0, 0, 0, 0, 0, 0, 0, 0, 0, 0, 0, 0, 0, 0, 0, 0, 0, 0, 0, 0, 0, 0, 0, 0, 0, 0, 0, 0, 0, 0, 0, ]
Ui:
[0, 246, 98, 54, 144, 171, 192, 180, 165, 98, 122, 198, 297, 144, 130, 129, 219, 138, 142, 150, 108, 66, 64, 285, 180, 204, 276, 168, 240, 198, 122, ]
Distance matrix:
|0	172	56	166	260	198	42	197	296	110	91	112	238	275	323	183	330	232	175	181	162	191	232	280	201	139	356	185	266	216	26	|
|172	0	178	223	320	335	153	355	444	62	231	99	333	376	214	352	176	235	194	106	47	41	353	161	299	175	225	43	326	374	153	|
|56	178	0	110	204	162	93	233	336	125	144	148	187	226	358	180	313	284	123	152	182	185	282	252	256	88	329	177	210	251	42	|
|166	223	110	0	102	150	199	327	431	194	253	237	113	156	431	228	296	386	44	140	248	208	389	218	366	48	287	200	108	344	148	|
|260	320	204	102	0	156	296	391	493	296	340	339	66	90	531	263	362	486	127	226	349	300	469	278	454	148	334	292	6	406	245	|
|198	335	162	150	156	0	239	255	351	286	245	307	93	106	518	111	442	423	194	280	344	335	349	367	352	182	437	327	158	266	199	|
|42	153	93	199	296	239	0	203	296	91	82	76	278	316	284	217	322	191	201	186	133	180	217	281	177	165	356	175	302	222	52	|
|197	355	233	327	391	255	203	0	104	294	125	266	340	361	436	151	524	276	352	377	330	383	109	477	146	319	553	377	395	19	222	|
|296	444	336	431	493	351	296	104	0	384	214	348	440	456	488	241	617	315	456	476	412	475	113	575	176	422	651	470	497	88	322	|
|110	62	125	194	296	286	91	294	384	0	171	55	298	340	238	292	233	210	176	118	58	91	298	201	248	148	273	87	302	313	94	|
|91	231	144	253	340	245	82	125	214	171	0	141	307	339	324	184	403	187	266	266	204	261	140	363	114	230	438	256	346	144	116	|
|112	99	148	237	339	307	76	266	348	55	141	0	332	373	212	292	275	156	225	173	64	137	254	253	200	194	322	135	345	284	108	|
|238	333	187	113	66	93	278	340	440	298	307	332	0	43	536	203	404	469	153	253	354	321	427	322	420	160	385	313	67	353	229	|
|275	376	226	156	90	106	316	361	456	340	339	373	43	0	578	216	443	507	194	295	397	364	453	361	451	203	421	356	88	372	268	|
|323	214	358	431	531	518	284	436	488	238	324	212	536	578	0	498	309	176	407	320	183	245	376	344	312	383	379	251	537	451	319	|
|183	352	180	228	263	111	217	151	241	292	184	292	203	216	498	0	492	371	266	328	345	364	255	426	272	242	501	356	266	159	198	|
|330	176	313	296	362	442	322	524	617	233	403	275	404	443	309	492	0	397	253	164	218	142	529	84	475	260	72	147	367	543	306	|
|232	235	284	386	486	423	191	276	315	210	187	156	469	507	176	371	397	0	379	327	188	276	202	396	139	346	456	277	492	289	242	|
|175	194	123	44	127	194	201	352	456	176	266	225	153	194	407	266	253	379	0	101	225	174	405	174	375	36	244	166	133	370	152	|
|181	106	152	140	226	280	186	377	476	118	266	173	253	295	320	328	164	327	101	0	148	76	403	100	360	98	177	69	232	396	155	|
|162	47	182	248	349	344	133	330	412	58	204	64	354	397	183	345	218	188	225	148	0	89	316	208	259	201	270	90	355	348	149	|
|191	41	185	208	300	335	180	383	475	91	261	137	321	364	245	364	142	276	174	76	89	0	388	119	336	162	185	8	306	402	169	|
|232	353	282	389	469	349	217	109	113	298	140	254	427	453	376	255	529	202	405	403	316	388	0	497	64	369	570	384	474	112	256	|
|280	161	252	218	278	367	281	477	575	201	363	253	322	361	344	426	84	396	174	100	208	119	497	0	449	187	77	119	283	496	255	|
|201	299	256	366	454	352	177	146	176	248	114	200	420	451	312	272	475	139	375	360	259	336	64	449	0	339	521	333	460	156	223	|
|139	175	88	48	148	182	165	319	422	148	230	194	160	203	383	242	260	346	36	98	201	162	369	187	339	0	260	153	154	337	116	|
|356	225	329	287	334	437	356	553	651	273	438	322	385	421	379	501	72	456	244	177	270	185	570	77	521	260	0	187	338	572	331	|
|185	43	177	200	292	327	175	377	470	87	256	135	313	356	251	356	147	277	166	69	90	8	384	119	333	153	187	0	298	396	163	|
|266	326	210	108	6	158	302	395	497	302	346	345	67	88	537	266	367	492	133	232	355	306	474	283	460	154	338	298	0	410	251	|
|216	374	251	344	406	266	222	19	88	313	144	284	353	372	451	159	543	289	370	396	348	402	112	496	156	337	572	396	410	0	241	|
|26	153	42	148	245	199	52	222	322	94	116	108	229	268	319	198	306	242	152	155	149	169	256	255	223	116	331	163	251	241	0	|

--------------------------------------------------------------------------------
Building model...
	using lazy and cut (CVRPSEP package)
Solving IRP LP...
--------------------------------------------------------------------------------

Gurobi 9.1.0 (linux64) logging started Thu Feb 11 10:39:47 2021

Gurobi Optimizer version 9.1.0 build v9.1.0rc0 (linux64)
Thread count: 32 physical cores, 32 logical processors, using up to 2 threads
Optimize a model with 1159 rows, 6436 columns and 23932 nonzeros
Model fingerprint: 0x93e1b121
Variable types: 484 continuous, 5952 integer (372 binary)
Coefficient statistics:
  Matrix range     [1e+00, 7e+02]
  Objective range  [1e-02, 7e+02]
  Bounds range     [1e+00, 3e+02]
  RHS range        [1e+00, 5e+03]
Presolve removed 304 rows and 151 columns
Presolve time: 0.10s
Presolved: 855 rows, 6285 columns, 22427 nonzeros
Variable types: 302 continuous, 5983 integer (5605 binary)

Root relaxation: objective 2.397307e+03, 908 iterations, 0.02 seconds

    Nodes    |    Current Node    |     Objective Bounds      |     Work
 Expl Unexpl |  Obj  Depth IntInf | Incumbent    BestBd   Gap | It/Node Time

     0     0 2397.30671    0  101          - 2397.30671      -     -    0s
     0     0 2590.21096    0   93          - 2590.21096      -     -    0s
     0     0 2590.66410    0   99          - 2590.66410      -     -    0s
     0     0 2591.14861    0   90          - 2591.14861      -     -    0s
     0     0 3079.53122    0  178          - 3079.53122      -     -    0s
     0     0 3079.70370    0  166          - 3079.70370      -     -    0s
     0     0 3274.68760    0  203          - 3274.68760      -     -    0s
     0     0 3276.86131    0  195          - 3276.86131      -     -    1s
     0     0 3278.53467    0  213          - 3278.53467      -     -    1s
     0     0 3279.05578    0  215          - 3279.05578      -     -    1s
     0     0 3394.15829    0  263          - 3394.15829      -     -    1s
     0     0 3419.59017    0  268          - 3419.59017      -     -    2s
     0     0 3429.01425    0  267          - 3429.01425      -     -    2s
     0     0 3430.31606    0  305          - 3430.31606      -     -    2s
     0     0 3433.30001    0  278          - 3433.30001      -     -    2s
     0     0 3434.10335    0  288          - 3434.10335      -     -    2s
     0     0 3518.86624    0  324          - 3518.86624      -     -    2s
     0     0 3527.23698    0  322          - 3527.23698      -     -    2s
     0     0 3530.09213    0  340          - 3530.09213      -     -    2s
     0     0 3531.23515    0  318          - 3531.23515      -     -    3s
     0     0 3570.53166    0  309          - 3570.53166      -     -    3s
     0     0 3574.83879    0  286          - 3574.83879      -     -    3s
     0     0 3575.39400    0  203          - 3575.39400      -     -    3s
     0     0 3576.41194    0  330          - 3576.41194      -     -    3s
     0     0 3576.94119    0  184          - 3576.94119      -     -    3s
     0     2 3579.40350    0  172          - 3579.40350      -     -    4s
    13    16 3613.68521    4  307          - 3600.98035      -   350    5s
   146   154 4810.56851   39  183          - 3605.96377      -   228   10s
   452   510 5668.75627  120  169          - 3605.96377      -   127   15s
   899   929 7145.34403  239   81          - 3605.96377      -  91.4   20s
  1133  1100 5561.65713   61  278          - 3610.21483      -  82.1   25s
  1153  1114 8405.61453  300  511          - 3708.78787      -  80.7   30s
  1168  1124 6130.10556  147  543          - 3723.33445      -  79.6   35s
  1182  1136 3737.17767   13  441          - 3729.17632      -  94.8   40s
  1237  1175 3938.20909   27  314          - 3767.21276      -   110   45s
  1347  1261 4862.75128   59  108          - 3767.21276      -   121   50s
  1568  1451 6114.74396  120   73          - 3767.21276      -   123   55s
H 1731  1467                    8696.8000000 3767.21276  56.7%   117   56s
* 1773  1396             182    8672.8000000 3769.64353  56.5%   116   59s
  1780  1394 6331.03365  139   58 8672.80000 3769.64353  56.5%   115   60s
  1886  1456 3920.47555   21  297 8672.80000 3769.64353  56.5%   112   65s
  1960  1497 4135.16421   27  226 8672.80000 3769.64353  56.5%   111   70s
  1984  1507 4377.91923   35  243 8672.80000 3769.64353  56.5%   113   76s
  2012  1533 4548.66259   41  241 8672.80000 3769.64353  56.5%   116   80s
  2055  1570 4764.25663   54  197 8672.80000 3769.64353  56.5%   119   85s
  2310  1703 infeasible  159      8672.80000 3787.45840  56.3%   115   91s
  2375  1801 4538.01914   29  262 8672.80000 3787.45840  56.3%   117   95s
  2572  1864 4678.81970   36  269 8672.80000 3787.45840  56.3%   114  100s
  2716  2037 5256.15300   70   81 8672.80000 3787.45840  56.3%   118  106s
  2907  2091 7195.61000  154    - 8672.80000 3793.19896  56.3%   115  112s
* 2915  1837             160    7382.8600000 3793.19896  48.6%   114  112s
* 2917  1786             158    7376.8600000 3793.19896  48.6%   114  112s
* 2918  1738             157    7363.2200000 3793.19896  48.5%   114  112s
* 2920  1690             155    7349.6100000 3793.19896  48.4%   114  112s
* 3021  1518             102    6464.3400000 3796.07227  41.3%   113  115s
* 3107  1385              99    6327.3500000 3796.07227  40.0%   112  116s
  3156  1425     cutoff   48      6327.35000 3801.47822  39.9%   115  121s
  3197  1465 4624.35199   34  329 6327.35000 3801.47822  39.9%   117  125s
  3320  1545 4044.13746   22  414 6327.35000 3801.48039  39.9%   119  131s
  3381  1543 4338.86031   28  251 6327.35000 3801.48039  39.9%   121  135s
  3457  1634 5102.43699   36  271 6327.35000 3801.48039  39.9%   123  141s
  3546  1697 4330.73613   22  313 6327.35000 3809.39540  39.8%   124  145s
  3637  1779 5450.34365   44  214 6327.35000 3819.20746  39.6%   125  151s
  3706  1813 4360.40020   24  360 6327.35000 3819.20746  39.6%   127  156s
  3754  1837 5551.25987   51  128 6327.35000 3819.20746  39.6%   129  166s
  3808  1909 4302.79201   23  246 6327.35000 3824.02693  39.6%   130  172s
  3850  2013 4938.69912   50   89 6327.35000 3824.02693  39.6%   131  176s
  4000  2136 4121.91836   20  143 6327.35000 3825.89146  39.5%   130  184s
* 4086  1654              96    5754.8800000 3825.89146  33.5%   129  184s
  4170  1663 4665.23867   33  113 5754.88000 3833.59963  33.4%   128  187s
  4219  1677     cutoff   67      5754.88000 3834.21304  33.4%   128  190s
  4255  1745 4641.20537   25  300 5754.88000 3834.21304  33.4%   131  197s
  4300  1773 5180.20780   47  144 5754.88000 3838.12315  33.3%   133  200s
  4383  1863 5165.53393   27  179 5754.88000 3838.17755  33.3%   135  207s
  4454  1880 4174.68719   24  412 5754.88000 3842.15254  33.2%   136  210s
  4492  1935 4709.27983   33  320 5754.88000 3842.15254  33.2%   138  217s
  4526  1981 5311.72612   40  209 5754.88000 3842.15254  33.2%   140  221s
  4619  2038 4101.22666   23  460 5754.88000 3848.66660  33.1%   141  229s
  4673  2077 4914.71302   29  291 5754.88000 3848.66660  33.1%   142  232s
  4721  2099 5670.91869   61  139 5754.88000 3853.36150  33.0%   143  236s
  4754  2145 4290.83624   23  260 5754.88000 3853.36150  33.0%   144  240s
  4800  2165 5057.96697   35  279 5754.88000 3861.37687  32.9%   145  245s
  4836  2176 4061.52838   24  358 5754.88000 3861.37687  32.9%   147  250s
  4864  2230 4333.55691   25  403 5754.88000 3861.37687  32.9%   151  258s
  4901  2265 4333.98151   29  412 5754.88000 3861.37687  32.9%   152  264s
  4936  2340 4304.92750   31  336 5754.88000 3861.37687  32.9%   153  269s
  5023  2417 4426.77586   38  203 5754.88000 3861.37687  32.9%   153  274s
  5085  2417 4317.11574   22  376 5754.88000 3861.37687  32.9%   153  275s
  5100  2609 5003.90252   71   50 5754.88000 3873.34163  32.7%   154  280s
* 5360  2321              62    5529.2700000 3873.41085  29.9%   149  281s
  5390  2276     cutoff  199      5529.27000 3873.97804  29.9%   149  287s
  5420  2294 4041.78343   24  490 5529.27000 3873.97804  29.9%   151  291s
  5442  2313 4298.44679   26  403 5529.27000 3873.97804  29.9%   152  296s
  5461  2342 4189.04054   29  405 5529.27000 3873.97804  29.9%   154  302s
  5490  2425 4241.27632   33  405 5529.27000 3873.97804  29.9%   155  308s
  5600  2455 4399.23697   37  364 5529.27000 3873.97804  29.9%   155  314s
  5630  2511 4711.99843   44  157 5529.27000 3873.97804  29.9%   157  320s
  5696  2556 5138.53835   64  154 5529.27000 3876.32604  29.9%   158  326s
  5762  2608 4731.39034   24  191 5529.27000 3880.79507  29.8%   159  332s
  5837  2658 5352.15968   49   18 5529.27000 3888.26105  29.7%   160  338s
  5911  2694 5463.29000   66    - 5529.27000 3888.27913  29.7%   160  346s
  5942  2718 5492.78110   66    9 5529.27000 3889.02849  29.7%   161  352s
  5991  2789 4612.16947   32  225 5529.27000 3891.42343  29.6%   163  360s
  6083  2832     cutoff   90      5529.27000 3898.10449  29.5%   163  367s
  6135  2897 4180.83859   35  317 5529.27000 3898.18275  29.5%   164  374s
  6200  2955     cutoff   84      5529.27000 3898.43052  29.5%   165  382s
  6282  2991 4621.69254   20  424 5529.27000 3900.61610  29.5%   166  389s
  6318  3023 5361.75528   26  276 5529.27000 3900.65495  29.5%   168  397s
  6378  3054 4090.44246   17  375 5529.27000 3900.65495  29.5%   170  406s
  6441  3115 4908.85948   39  224 5529.27000 3902.06852  29.4%   171  413s
  6509  3236 4554.30427   22  302 5529.27000 3902.59403  29.4%   172  423s
  6668  3258 4031.46537   25  500 5529.27000 3903.34140  29.4%   172  432s
  6699  3287 4331.94722   28  346 5529.27000 3903.34140  29.4%   173  439s
  6730  3329 4135.81164   32  392 5529.27000 3903.34140  29.4%   175  446s
  6784  3385 4438.67932   40  181 5529.27000 3903.34140  29.4%   176  454s
  6854  3450 4657.48003   50  284 5529.27000 3903.34140  29.4%   177  462s
  6926  3527 4780.76536   65  265 5529.27000 3903.34140  29.4%   178  470s
  7003  3573     cutoff   89      5529.27000 3912.27968  29.2%   179  479s
H 7099  3588                    5519.2700000 3916.25144  29.0%   179  489s
H 7126  3421                    5467.8800000 3916.25144  28.4%   180  489s
H 7126  1745                    4922.2700000 3916.25144  20.4%   180  489s
  7146  1765     cutoff   58      4922.27000 3916.41351  20.4%   180  498s
  7187  1804 4910.46171   43  231 4922.27000 3916.99328  20.4%   182  507s
  7247  1886 4308.98684   25  384 4922.27000 3918.92762  20.4%   183  521s
H 7384  1783                    4870.8800000 3926.23778  19.4%   184  533s
  7453  1828 4858.79923   32  399 4870.88000 3929.34901  19.3%   186  548s
  7532  1928     cutoff   28      4870.88000 3930.43495  19.3%   188  563s
  7668  1984 4399.38788   24  413 4870.88000 3935.00528  19.2%   190  578s
  7760  2035 4299.27452   19  334 4870.88000 3938.70905  19.1%   192  592s
  7866  2078 4301.82739   26  385 4870.88000 3943.45232  19.0%   194  609s
  7909  2157 4628.30565   38  225 4870.88000 3943.92814  19.0%   196  624s
  8034  2217 4861.60150   31  282 4870.88000 3944.46397  19.0%   198  639s
  8128  2304 4864.41505   44  233 4870.88000 3946.41014  19.0%   199  655s
  8231  2396 4559.36093   31  221 4870.88000 3948.86881  18.9%   201  670s
  8340  2509 4388.21137   28  289 4870.88000 3949.48512  18.9%   203  687s
  8484  2583 4679.86284   41  207 4870.88000 3950.22234  18.9%   204  703s
  8626  2640 4086.49493   19  469 4870.88000 3955.48137  18.8%   205  717s
  8697  2685     cutoff   30      4870.88000 3956.04185  18.8%   208  734s
  8779  2764 4314.58230   25  393 4870.88000 3956.89543  18.8%   210  750s
  8888  2851 4843.65003   50  254 4870.88000 3957.07958  18.8%   212  767s
  9011  2942 4537.34631   37  263 4870.88000 3959.71881  18.7%   213  785s
  9181  2994 4793.30540   32  183 4870.88000 3960.33382  18.7%   214  801s
  9299  3077 4186.41213   22  461 4870.88000 3970.74708  18.5%   216  818s
  9423  3135 4484.96984   41  247 4870.88000 3974.28807  18.4%   217  836s
  9511  3221 4635.47022   51  364 4870.88000 3980.12559  18.3%   218  854s
  9653  3258 4405.38341   20  504 4870.88000 3986.61050  18.2%   220  871s
  9751  3343 4583.47958   23  262 4870.88000 3990.02399  18.1%   222  890s
  9894  3407 4727.12979   30  131 4870.88000 3997.81571  17.9%   223  908s
 10009  3464 4623.68113   32  297 4870.88000 3999.14394  17.9%   224  928s
H10058  3351                    4844.9000000 3999.14394  17.5%   225  928s
 10138  3468 4511.61428   28  146 4844.90000 3999.57857  17.4%   225  946s
 10300  3531     cutoff   41      4844.90000 4000.68176  17.4%   226  964s
 10401  3629     cutoff   30      4844.90000 4004.30093  17.4%   227  982s
 10539  3781 4761.92749   40  117 4844.90000 4008.39009  17.3%   229 1001s
H10705  3683                    4828.6300000 4008.39009  17.0%   227 1002s
 10785  3780     cutoff   73      4828.63000 4013.90485  16.9%   228 1021s
 10942  3869 4231.53111   29  369 4828.63000 4016.65597  16.8%   228 1041s
 11073  3990 4447.72185   26  349 4828.63000 4017.74839  16.8%   230 1059s
 11250  4068 4568.37237   37  264 4828.63000 4020.44342  16.7%   230 1078s
 11401  4146 4323.96577   33  335 4828.63000 4022.17514  16.7%   231 1097s
 11524  4254 4250.86772   27  346 4828.63000 4025.90129  16.6%   232 1116s
 11687  4385 4171.38632   21  272 4828.63000 4026.41525  16.6%   233 1139s
 11782  4385 4760.86711   52   81 4828.63000 4026.41525  16.6%   232 1140s
 11881  4446 4606.92339   33  314 4828.63000 4027.59818  16.6%   233 1159s
 12006  4526 4385.77614   24  348 4828.63000 4030.83223  16.5%   234 1177s
 12126  4597 4344.34424   26  307 4828.63000 4032.46769  16.5%   235 1197s
 12263  4659 4692.02441   31  105 4828.63000 4034.34155  16.4%   237 1217s
 12381  4758 4344.78735   30  411 4828.63000 4039.11106  16.4%   238 1236s
H12544  4201                    4744.6300000 4040.56497  14.8%   239 1257s
 12734  4224 4303.47183   28  433 4744.63000 4046.18799  14.7%   239 1374s
 12827  4299 4518.47793   31  381 4744.63000 4048.88227  14.7%   240 1395s
 12962  4406 4255.13075   28  314 4744.63000 4050.81367  14.6%   241 1416s
 13128  4478 4570.79781   48  170 4744.63000 4053.86243  14.6%   242 1436s
 13260  4573 4239.69343   34  291 4744.63000 4057.09039  14.5%   243 1458s
 13425  4674 4252.35668   25  298 4744.63000 4057.93684  14.5%   243 1479s
 13510  4674 4457.67098   20  432 4744.63000 4058.60739  14.5%   244 1480s
 13588  4751 4484.40224   29  258 4744.63000 4058.86997  14.5%   244 1500s
 13683  4831 4455.63371   27  343 4744.63000 4060.92848  14.4%   246 1521s
 13870  4906 infeasible   35      4744.63000 4063.31225  14.4%   247 1543s
H14024  4733                    4720.9100000 4064.99965  13.9%   248 1566s
 14128  4781     cutoff   30      4720.91000 4067.47827  13.8%   248 1588s
 14280  4911 4281.50389   28  446 4720.91000 4070.72051  13.8%   249 1611s
 14479  4977 4516.55973   33  397 4720.91000 4070.98582  13.8%   250 1633s
 14623  5045 4374.64204   17  372 4720.91000 4073.29816  13.7%   251 1655s
 14778  5149 4410.30935   32  399 4720.91000 4077.41602  13.6%   251 1677s
 14923  5254 4530.62887   42   48 4720.91000 4078.77351  13.6%   253 1699s
 15123  5381 4570.65130   42  366 4720.91000 4083.49240  13.5%   253 1721s
 15301  5475 4605.00443   48  123 4720.91000 4086.51400  13.4%   254 1743s
 15484  5551 4624.60597   28  359 4720.91000 4087.27809  13.4%   254 1765s
 15647  5617     cutoff   39      4720.91000 4088.87117  13.4%   255 1786s
 15823  5726 4539.34144   33  243 4720.91000 4090.58360  13.4%   255 1809s
 16050  5797 4599.99551   26  408 4720.91000 4092.43219  13.3%   255 1831s
 16214  5889     cutoff   33      4720.91000 4095.65279  13.2%   256 1854s
 16378  5957 4613.68544   36  258 4720.91000 4096.93533  13.2%   257 1876s
 16518  6053 4392.00199   39  353 4720.91000 4099.12698  13.2%   257 1897s
 16680  6169     cutoff   32      4720.91000 4099.65576  13.2%   258 1921s
 16875  6257 4667.39043   27  330 4720.91000 4102.13404  13.1%   259 1943s
 17058  6324     cutoff   39      4720.91000 4104.37198  13.1%   259 1965s
 17201  6412 4419.55028   39  195 4720.91000 4106.14588  13.0%   260 1986s
 17349  6523 4655.86009   29  300 4720.91000 4107.31887  13.0%   261 2008s
H17554  6617                    4720.1800000 4108.97743  12.9%   261 2031s
 17727  6730 4649.88172   33  338 4720.18000 4110.99061  12.9%   262 2054s
 17861  6730 4629.56878   52   97 4720.18000 4112.61233  12.9%   262 2055s
 17924  6812 4429.09063   29  392 4720.18000 4112.65354  12.9%   262 2076s
 18089  6861     cutoff   35      4720.18000 4113.66335  12.8%   262 2099s
 18275  7006 4647.99711   39  230 4720.18000 4114.28984  12.8%   263 2123s
 18508  7094     cutoff   50      4720.18000 4116.62634  12.8%   263 2145s
 18646  7183 4537.08474   37  285 4720.18000 4118.40707  12.7%   264 2167s
 18841  7316 4167.89971   20  269 4720.18000 4120.39079  12.7%   264 2190s
 19063  7425     cutoff   47      4720.18000 4122.57215  12.7%   264 2213s
 19254  7550 4594.68938   54  276 4720.18000 4123.15447  12.6%   264 2236s
 19446  7651 4684.77034   33  244 4720.18000 4125.69609  12.6%   265 2259s
H19648  7732                    4719.9000000 4127.57202  12.5%   265 2281s
 19795  7852     cutoff   34      4719.90000 4128.75913  12.5%   266 2305s
 20001  7947 4528.37973   39  197 4719.90000 4129.86538  12.5%   266 2329s
 20165  8024     cutoff   34      4719.90000 4130.82340  12.5%   266 2353s
 20331  8096 4245.48420   33  267 4719.90000 4133.09280  12.4%   267 2375s
 20473  8202 4333.20053   21  520 4719.90000 4134.50137  12.4%   267 2397s
 20681  8328 4322.02727   35  371 4719.90000 4135.42369  12.4%   268 2420s
 20890  8409 4541.77781   40  169 4719.90000 4136.09553  12.4%   268 2443s
 21063  8506 4462.55744   30  437 4719.90000 4136.97502  12.4%   268 2467s
 21236  8594 4379.59073   28  326 4719.90000 4138.10740  12.3%   268 2489s
 21422  8696 4543.13960   22  247 4719.90000 4140.18412  12.3%   269 2512s
 21595  8788 4548.46005   34  180 4719.90000 4140.92692  12.3%   269 2536s
 21824  8863 4586.52309   27  433 4719.90000 4142.35820  12.2%   269 2559s
 21930  8863 4531.52927   31  204 4719.90000 4143.25022  12.2%   269 2560s
 22020  8960 4619.59206   18  190 4719.90000 4143.26277  12.2%   269 2582s
 22190  9045 4209.71928   26  270 4719.90000 4144.03563  12.2%   270 2605s
 22387  9145 4708.77145   49  275 4719.90000 4144.80068  12.2%   270 2628s
 22574  9277     cutoff   39      4719.90000 4147.09584  12.1%   270 2650s
 22798  9358 4649.73521   43  331 4719.90000 4148.13849  12.1%   270 2673s
 22972  9478 4565.57303   35  318 4719.90000 4149.46626  12.1%   271 2695s
 23155  9593 4670.83792   35   78 4719.90000 4150.30170  12.1%   271 2719s
 23282  9593 4621.74613   57  126 4719.90000 4151.45158  12.0%   271 2720s
 23366  9675 4559.61319   26  303 4719.90000 4151.51963  12.0%   271 2742s
 23570  9756 4604.17074   33  381 4719.90000 4152.94053  12.0%   271 2764s
 23652  9756 4287.29144   31  249 4719.90000 4153.74870  12.0%   271 2765s
 23722  9833 4533.33144   30  307 4719.90000 4154.46612  12.0%   272 2787s
 23887  9893 4573.01941   35  312 4719.90000 4155.20517  12.0%   272 2810s
 24054 10005     cutoff   40      4719.90000 4155.45280  12.0%   273 2833s
 24300 10078 4365.86232   33  333 4719.90000 4156.59184  11.9%   272 2857s
 24465 10160 4677.73582   32  186 4719.90000 4159.12188  11.9%   273 2879s
 24651 10259 4495.55676   29  289 4719.90000 4159.92585  11.9%   273 2902s
 24828 10373 4370.35886   24  307 4719.90000 4160.70087  11.8%   273 2925s
 25035 10429 4627.76056   26  173 4719.90000 4163.19211  11.8%   273 2948s
 25214 10579 4247.62505   25  369 4719.90000 4164.56434  11.8%   273 2973s
H25469 10689                    4717.6300000 4164.79136  11.7%   273 2996s
 25686 10760 4603.24319   41  340 4717.63000 4165.62789  11.7%   273 3019s
 25879 10841 4297.98934   28  310 4717.63000 4166.53417  11.7%   273 3045s
H25900 10242                    4685.1400000 4166.53417  11.1%   273 3045s
 26008 10332 4559.66153   31  385 4685.14000 4166.76528  11.1%   273 3066s
 26210 10390 4320.24769   37  452 4685.14000 4168.26681  11.0%   273 3089s
 26412 10505 4493.16069   38  275 4685.14000 4170.25291  11.0%   274 3111s
 26612 10635 4519.77535   40  187 4685.14000 4171.77056  11.0%   274 3135s
 26820 10702 4470.79774   34  299 4685.14000 4172.47774  10.9%   274 3158s
 27039 10778 4610.18324   34  297 4685.14000 4173.79492  10.9%   274 3179s
 27115 10778 4589.84160   29  323 4685.14000 4174.54485  10.9%   274 3180s
 27214 10852 4528.64027   24  336 4685.14000 4174.81023  10.9%   274 3202s
H27308 10744                    4680.4100000 4174.81023  10.8%   274 3203s
 27408 10881     cutoff   25      4680.41000 4176.23196  10.8%   274 3225s
 27607 10978 4645.55465   40  212 4680.41000 4177.18299  10.8%   274 3248s
 27835 11077 4584.78812   40  183 4680.41000 4178.37277  10.7%   274 3271s
 28037 11164 4634.09455   26  112 4680.41000 4179.08429  10.7%   274 3294s
 28253 11285 4369.06353   32  188 4680.41000 4179.89724  10.7%   274 3316s
 28466 11373 4213.64719   25  475 4680.41000 4181.07492  10.7%   274 3340s
 28662 11460 4428.91095   23  436 4680.41000 4182.29005  10.6%   274 3363s
 28869 11554 4478.58832   23  390 4680.41000 4183.90358  10.6%   274 3385s
 29025 11666 4475.27774   32  257 4680.41000 4184.25475  10.6%   275 3409s
 29266 11762 4495.19675   25  315 4680.41000 4185.23524  10.6%   274 3431s
 29444 11814 4527.08102   29  233 4680.41000 4186.01311  10.6%   275 3553s
H29499 11494                    4669.1400000 4186.01311  10.3%   275 3553s
 29556 11563 4616.41287   40  194 4669.14000 4186.51501  10.3%   275 3576s
 29744 11638 4553.81941   30  150 4669.14000 4187.82146  10.3%   275 3598s
 29920 11640 4261.61578   28  282 4669.14000 4188.84533  10.3%   275 3600s

Cutting planes:
  User: 6136
  Gomory: 21
  Cover: 409
  Implied bound: 206
  Projected implied bound: 18
  Clique: 84
  MIR: 170
  StrongCG: 2
  Flow cover: 430
  Zero half: 17
  Network: 3
  RLT: 274
  Relax-and-lift: 17
  Lazy constraints: 697

Explored 29922 nodes (8238596 simplex iterations) in 3600.02 seconds
Thread count was 2 (of 32 available processors)

Solution count 10: 4669.14 4680.41 4685.14 ... 4844.9

Time limit reached
Best objective 4.669140000000e+03, best bound 4.188845332995e+03, gap 10.2866%

User-callback calls 360609, time in user-callback 119.63 sec
================================================================================
executing instance: ./input/Instances/Original/4/absH3low_3n10.dat
--------------------------------------------------------------------------------
Instance details
n	11
H	3
C	687
Li:
[0, 0, 0, 0, 0, 0, 0, 0, 0, 0, 0, ]
Ui:
[0, 189, 44, 174, 78, 36, 198, 117, 42, 96, 240, ]
Distance matrix:
|0	209	255	286	142	156	285	317	182	161	135	|
|209	0	464	451	315	356	490	469	361	299	260	|
|255	464	0	221	202	130	74	280	189	254	273	|
|286	451	221	0	145	156	164	479	354	153	192	|
|142	315	202	145	0	73	194	388	250	53	73	|
|156	356	130	156	73	0	134	332	200	127	144	|
|285	490	74	164	194	134	0	353	256	239	267	|
|317	469	280	479	388	332	353	0	141	436	430	|
|182	361	189	354	250	200	256	141	0	296	289	|
|161	299	254	153	53	127	239	436	296	0	39	|
|135	260	273	192	73	144	267	430	289	39	0	|

--------------------------------------------------------------------------------
Building model...
	using lazy and cut (CVRPSEP package)
Solving IRP LP...
--------------------------------------------------------------------------------

Gurobi 9.1.0 (linux64) logging started Thu Feb 11 11:39:47 2021

Gurobi Optimizer version 9.1.0 build v9.1.0rc0 (linux64)
Thread count: 32 physical cores, 32 logical processors, using up to 2 threads
Optimize a model with 419 rows, 956 columns and 3812 nonzeros
Model fingerprint: 0x7e46720c
Variable types: 164 continuous, 792 integer (132 binary)
Coefficient statistics:
  Matrix range     [1e+00, 5e+02]
  Objective range  [1e-02, 5e+02]
  Bounds range     [1e+00, 2e+02]
  RHS range        [1e+00, 1e+03]
Presolve removed 106 rows and 69 columns
Presolve time: 0.05s
Presolved: 313 rows, 887 columns, 3328 nonzeros
Variable types: 97 continuous, 790 integer (663 binary)

Root relaxation: objective 1.851271e+03, 524 iterations, 0.01 seconds

    Nodes    |    Current Node    |     Objective Bounds      |     Work
 Expl Unexpl |  Obj  Depth IntInf | Incumbent    BestBd   Gap | It/Node Time

     0     0 1884.11390    0   62          - 1884.11390      -     -    0s
     0     0 2365.94978    0   72          - 2365.94978      -     -    0s
     0     0 2366.75814    0   74          - 2366.75814      -     -    0s
     0     0 2558.80928    0   87          - 2558.80928      -     -    0s
     0     0 2607.38420    0  111          - 2607.38420      -     -    0s
     0     0 2610.35843    0   92          - 2610.35843      -     -    0s
     0     0 2612.63376    0   95          - 2612.63376      -     -    0s
     0     0 2703.06930    0  118          - 2703.06930      -     -    0s
     0     0 2704.31455    0   96          - 2704.31455      -     -    0s
     0     0 2704.31455    0   86          - 2704.31455      -     -    0s
     0     0 2760.37690    0  153          - 2760.37690      -     -    0s
     0     0 2763.45874    0  101          - 2763.45874      -     -    0s
     0     0 2764.61189    0   96          - 2764.61189      -     -    0s
     0     0 2764.71443    0  101          - 2764.71443      -     -    0s
     0     0 2777.12386    0  151          - 2777.12386      -     -    0s
     0     0 2777.50234    0  151          - 2777.50234      -     -    0s
     0     0 2781.73278    0  103          - 2781.73278      -     -    0s
     0     0 2781.96424    0  114          - 2781.96424      -     -    0s
     0     0 2783.75715    0  145          - 2783.75715      -     -    0s
     0     0 2783.75715    0  145          - 2783.75715      -     -    0s
H    0     0                    3877.1400000 2783.75715  28.2%     -    0s
H    0     0                    3747.1400000 2784.56873  25.7%     -    0s
     0     2 2784.56873    0  145 3747.14000 2784.56873  25.7%     -    0s
H  126   128                    3710.1400000 2795.99460  24.6%  47.3    0s
H  161   154                    3569.1400000 2795.99460  21.7%  41.5    1s
H  211   147                    3241.1000000 2805.15275  13.5%  45.0    1s
H  224   126                    3159.1000000 2805.15275  11.2%  47.6    1s
*  401   186              14    3137.1000000 2850.37378  9.14%  46.1    1s
H  402   166                    3111.1000000 2850.37378  8.38%  45.9    1s

Cutting planes:
  User: 41
  Gomory: 6
  Cover: 87
  Implied bound: 48
  Clique: 13
  MIR: 41
  StrongCG: 6
  Flow cover: 67
  Zero half: 1
  Network: 1
  RLT: 83
  Relax-and-lift: 17
  Lazy constraints: 9

Explored 982 nodes (46390 simplex iterations) in 2.99 seconds
Thread count was 2 (of 32 available processors)

Solution count 8: 3111.1 3137.1 3159.1 ... 3877.14

Optimal solution found (tolerance 1.00e-04)
Best objective 3.111100000000e+03, best bound 3.111100000000e+03, gap 0.0000%

User-callback calls 2848, time in user-callback 0.31 sec
================================================================================
executing instance: ./input/Instances/Original/4/absH3low_3n15.dat
--------------------------------------------------------------------------------
Instance details
n	16
H	3
C	1267
Li:
[0, 0, 0, 0, 0, 0, 0, 0, 0, 0, 0, 0, 0, 0, 0, 0, ]
Ui:
[0, 156, 267, 148, 144, 87, 33, 171, 76, 141, 270, 282, 60, 110, 172, 57, ]
Distance matrix:
|0	229	567	76	58	96	306	409	310	423	108	346	165	347	159	256	|
|229	0	482	243	279	155	375	525	251	419	158	373	65	123	329	246	|
|567	482	0	506	622	483	342	439	259	200	467	274	486	433	501	312	|
|76	243	506	0	119	88	230	337	255	352	88	272	179	347	94	194	|
|58	279	622	119	0	154	345	431	366	471	166	391	217	399	179	310	|
|96	155	483	88	154	0	266	397	224	358	17	289	92	262	176	179	|
|306	375	342	230	345	266	0	158	184	148	251	68	332	423	181	140	|
|409	525	439	337	431	397	158	0	340	244	386	201	476	581	253	298	|
|310	251	259	255	366	224	184	340	0	170	208	146	238	257	274	66	|
|423	419	200	352	471	358	148	244	170	0	341	84	396	424	323	182	|
|108	158	467	88	166	17	251	386	208	341	0	273	96	259	172	162	|
|346	373	274	272	391	289	68	201	146	84	273	0	340	400	239	127	|
|165	65	486	179	217	92	332	476	238	396	96	340	0	182	267	216	|
|347	123	433	347	399	262	423	581	257	424	259	400	182	0	423	283	|
|159	329	501	94	179	176	181	253	274	323	172	239	267	423	0	208	|
|256	246	312	194	310	179	140	298	66	182	162	127	216	283	208	0	|

--------------------------------------------------------------------------------
Building model...
	using lazy and cut (CVRPSEP package)
Solving IRP LP...
--------------------------------------------------------------------------------

Gurobi 9.1.0 (linux64) logging started Thu Feb 11 11:39:51 2021

Gurobi Optimizer version 9.1.0 build v9.1.0rc0 (linux64)
Thread count: 32 physical cores, 32 logical processors, using up to 2 threads
Optimize a model with 604 rows, 1876 columns and 7267 nonzeros
Model fingerprint: 0x435634db
Variable types: 244 continuous, 1632 integer (192 binary)
Coefficient statistics:
  Matrix range     [1e+00, 6e+02]
  Objective range  [1e-02, 6e+02]
  Bounds range     [1e+00, 3e+02]
  RHS range        [1e+00, 2e+03]
Presolve removed 154 rows and 76 columns
Presolve time: 0.06s
Presolved: 450 rows, 1800 columns, 6575 nonzeros
Variable types: 152 continuous, 1648 integer (1458 binary)

Root relaxation: objective 1.928990e+03, 554 iterations, 0.01 seconds

    Nodes    |    Current Node    |     Objective Bounds      |     Work
 Expl Unexpl |  Obj  Depth IntInf | Incumbent    BestBd   Gap | It/Node Time

     0     0 1928.98950    0   62          - 1928.98950      -     -    0s
     0     0 2127.87977    0   66          - 2127.87977      -     -    0s
     0     0 2389.15192    0   70          - 2389.15192      -     -    0s
     0     0 2553.67162    0   59          - 2553.67162      -     -    0s
     0     0 2553.67162    0   61          - 2553.67162      -     -    0s
     0     0 2633.79530    0  131          - 2633.79530      -     -    0s
     0     0 2643.47660    0  141          - 2643.47660      -     -    0s
     0     0 2644.37848    0  138          - 2644.37848      -     -    0s
     0     0 2644.38857    0  138          - 2644.38857      -     -    0s
     0     0 2715.55551    0  138          - 2715.55551      -     -    0s
     0     0 2719.59909    0  153          - 2719.59909      -     -    0s
     0     0 2719.61522    0  154          - 2719.61522      -     -    0s
     0     0 2770.71635    0  160          - 2770.71635      -     -    0s
     0     0 2772.58094    0  181          - 2772.58094      -     -    0s
     0     0 2773.69656    0  161          - 2773.69656      -     -    0s
     0     0 2773.72287    0  164          - 2773.72287      -     -    0s
     0     0 2809.74901    0  152          - 2809.74901      -     -    0s
     0     0 2825.33515    0  173          - 2825.33515      -     -    0s
     0     0 2830.69766    0  199          - 2830.69766      -     -    0s
     0     0 2831.60075    0  200          - 2831.60075      -     -    0s
     0     0 2842.93701    0  210          - 2842.93701      -     -    0s
     0     0 2844.94850    0  222          - 2844.94850      -     -    0s
     0     0 2845.25334    0  205          - 2845.25334      -     -    0s
     0     0 2852.52954    0  201          - 2852.52954      -     -    0s
     0     0 2853.36220    0  230          - 2853.36220      -     -    0s
     0     0 2854.15820    0  224          - 2854.15820      -     -    0s
     0     0 2854.15820    0  198          - 2854.15820      -     -    0s
     0     2 2858.03913    0  198          - 2858.03913      -     -    0s
H  143   149                    5168.0200000 2884.43706  44.2%   152    2s
H  213   206                    5077.2800000 2884.43706  43.2%   131    3s
H  240   219                    5052.2400000 2901.40136  42.6%   138    3s
H  271   214                    4842.2800000 2901.40136  40.1%   148    4s
H  297   236                    4734.5400000 2901.40136  38.7%   146    4s
   329   273 3625.91040   23  176 4734.54000 2901.40136  38.7%   140    5s
   741   562 4421.62632   27  251 4734.54000 2976.27306  37.1%   107   10s
H  778   560                    4634.5400000 2985.64396  35.6%   118   14s
   816   584 3211.98258   28  226 4634.54000 2985.64396  35.6%   122   15s
H  987   611                    4583.5400000 2985.64396  34.9%   127   18s
H 1022   587                    4576.1600000 2985.64396  34.8%   126   19s
  1099   614 3321.68216   27  189 4576.16000 3004.91017  34.3%   125   20s
  1514   755 infeasible   50      4576.16000 3150.91696  31.1%   125   25s
H 1593   700                    4399.5400000 3153.75793  28.3%   125   26s
H 1610   616                    4291.5400000 3153.75793  26.5%   125   26s
  1832   698     cutoff   25      4291.54000 3172.38291  26.1%   124   30s
H 1994   606                    4100.9000000 3190.85358  22.2%   126   34s
H 1995   610                    4087.7200000 3190.85358  21.9%   126   35s
H 2140   527                    3923.7200000 3205.66106  18.3%   126   36s
  2396   628     cutoff   29      3923.72000 3252.49873  17.1%   128   40s
  2661   779 3557.63290   27  130 3923.72000 3287.05532  16.2%   130   45s
  3061   915 3516.86321   29  165 3923.72000 3334.52884  15.0%   129   51s
  3335   954 3737.23259   38   82 3923.72000 3365.27382  14.2%   128   55s
  3671  1067 3675.62965   35  136 3923.72000 3424.00881  12.7%   130   61s
