




arguments: ./build/bc_mirp -f ./input/orig_exec_271.cfg
Current dir: /scratch/gui/bc_mirp
File verbosity level: 9
date       time         ( uptime  ) [ thread name/id ]                   file:line     v| 
2021-02-17 08:47:40.134 (   0.864s) [main thread     ]             loguru.cpp:789   INFO| Logging to './output/vi_vc+cos/OU/V4/Original/execution_17_02_2021_08_47_40.log', mode: 'a', verbosity: 9
--------------------------------------------------------------------------------
Parameters
                           instance_path           ./input/Instances/Original/6/
                            model_policy                                       1
                             nb_vehicles                                       4
                              output_dir      ./output/vi_vc+cos/OU/V4/Original/
                            sec_strategy                                       1
                       solver_nb_threads                                       2
                         solver_show_log                                    true
                       solver_time_limit                                    3600
                              use_vi_cos                                    true
                              use_vi_cus                                   false
                         use_vi_hc1_full                                   false
                         use_vi_hc1_half                                   false
                      use_vi_hc1_quarter                                   false
                              use_vi_hc2                                   false
                              use_vi_hc3                                   false
                         use_vi_lex_full                                   false
                         use_vi_lex_half                                   false
                      use_vi_lex_quarter                                   false
                              use_vi_qua                                   false
                               use_vi_vc                                    true
                               use_vi_vr                                   false
--------------------------------------------------------------------------------
executing instance: ./input/Instances/Original/6/absH6high_1n25.dat
--------------------------------------------------------------------------------
Instance details
n	26
H	6
C	1711
Li:
[0, 0, 0, 0, 0, 0, 0, 0, 0, 0, 0, 0, 0, 0, 0, 0, 0, 0, 0, 0, 0, 0, 0, 0, 0, 0, ]
Ui:
[0, 168, 176, 34, 66, 36, 177, 106, 118, 182, 64, 141, 189, 63, 46, 111, 182, 231, 36, 66, 68, 54, 132, 90, 246, 75, ]
Distance matrix:
|0	191	200	231	334	329	146	196	208	245	218	164	283	394	151	358	156	196	309	253	201	260	127	138	130	104	|
|191	0	226	229	278	146	328	216	390	417	327	293	195	334	106	296	171	122	472	151	12	411	280	53	190	130	|
|200	226	0	38	149	359	321	10	276	274	418	364	139	204	121	173	321	115	303	141	225	236	155	202	311	256	|
|231	229	38	0	110	352	358	37	314	310	448	395	108	167	129	135	342	109	336	120	226	268	194	213	335	277	|
|334	278	149	110	0	367	467	147	422	413	546	495	86	61	203	25	423	163	429	129	271	363	303	282	424	361	|
|329	146	359	352	367	0	453	349	533	562	411	393	282	411	245	378	250	244	617	245	141	556	426	195	284	243	|
|146	328	321	358	467	453	0	321	162	215	160	112	425	524	297	491	223	341	284	397	339	266	186	276	184	210	|
|196	216	10	37	147	349	321	0	281	281	414	360	132	203	112	171	315	105	311	132	216	244	159	193	305	249	|
|208	390	276	314	422	533	162	281	0	54	321	271	410	471	316	445	348	348	123	398	398	115	125	338	313	309	|
|245	417	274	310	413	562	215	281	54	0	375	323	413	457	334	435	393	361	70	406	424	69	139	367	359	349	|
|218	327	418	448	546	411	160	414	321	375	0	57	484	606	347	569	163	393	444	446	339	421	318	288	137	199	|
|164	293	364	395	495	393	112	360	271	323	57	0	437	556	300	519	144	346	393	401	305	367	261	249	109	163	|
|283	195	139	108	86	282	425	132	410	413	484	437	0	139	137	101	349	91	443	44	187	375	286	206	355	291	|
|394	334	204	167	61	411	524	203	471	457	606	556	139	0	264	38	483	222	467	183	326	403	356	341	484	421	|
|151	106	121	129	203	245	297	112	316	334	347	300	137	264	0	225	220	46	381	102	106	316	195	84	221	158	|
|358	296	173	135	25	378	491	171	445	435	569	519	101	38	225	0	444	184	450	145	288	384	328	303	446	383	|
|156	171	321	342	423	250	223	315	348	393	163	144	349	483	220	444	0	261	460	308	183	415	284	143	39	65	|
|196	122	115	109	163	244	341	105	348	361	393	346	91	222	46	184	261	0	402	56	118	336	224	119	264	200	|
|309	472	303	336	429	617	284	311	123	70	444	393	443	467	381	450	460	402	0	442	477	68	192	424	426	413	|
|253	151	141	120	129	245	397	132	398	406	446	401	44	183	102	145	308	56	442	0	143	375	273	164	315	251	|
|201	12	225	226	271	141	339	216	398	424	339	305	187	326	106	288	183	118	477	143	0	416	286	63	202	142	|
|260	411	236	268	363	556	266	244	115	69	421	367	375	403	316	384	415	336	68	375	416	0	135	365	384	363	|
|127	280	155	194	303	426	186	159	125	139	318	261	286	356	195	328	284	224	192	273	286	135	0	232	256	229	|
|138	53	202	213	282	195	276	193	338	367	288	249	206	341	84	303	143	119	424	164	63	365	232	0	153	89	|
|130	190	311	335	424	284	184	305	313	359	137	109	355	484	221	446	39	264	426	315	202	384	256	153	0	64	|
|104	130	256	277	361	243	210	249	309	349	199	163	291	421	158	383	65	200	413	251	142	363	229	89	64	0	|

--------------------------------------------------------------------------------
Building model...
	using lazy and cut (CVRPSEP package)
Solving IRP LP...
--------------------------------------------------------------------------------

Gurobi 9.1.0 (linux64) logging started Wed Feb 17 08:47:40 2021

Gurobi Optimizer version 9.1.0 build v9.1.0rc0 (linux64)
Thread count: 32 physical cores, 32 logical processors, using up to 2 threads
Optimize a model with 1922 rows, 9206 columns and 34628 nonzeros
Model fingerprint: 0xce9b4aaf
Variable types: 782 continuous, 8424 integer (624 binary)
Coefficient statistics:
  Matrix range     [1e+00, 6e+02]
  Objective range  [1e-01, 6e+02]
  Bounds range     [1e+00, 2e+02]
  RHS range        [1e+00, 3e+03]
Presolve removed 332 rows and 126 columns
Presolve time: 0.19s
Presolved: 1590 rows, 9080 columns, 32931 nonzeros
Variable types: 630 continuous, 8450 integer (7835 binary)

Root relaxation: objective 1.429673e+04, 1988 iterations, 0.07 seconds

    Nodes    |    Current Node    |     Objective Bounds      |     Work
 Expl Unexpl |  Obj  Depth IntInf | Incumbent    BestBd   Gap | It/Node Time

     0     0 14296.7307    0  259          - 14296.7307      -     -    0s
     0     0 14552.7306    0  266          - 14552.7306      -     -    0s
     0     0 14568.9658    0  272          - 14568.9658      -     -    1s
     0     0 14571.0957    0  273          - 14571.0957      -     -    1s
     0     0 14571.6932    0  262          - 14571.6932      -     -    1s
     0     0 14922.5158    0  349          - 14922.5158      -     -    1s
     0     0 15037.7903    0  389          - 15037.7903      -     -    2s
     0     0 15048.2635    0  366          - 15048.2635      -     -    2s
     0     0 15048.5509    0  366          - 15048.5509      -     -    2s
     0     0 15675.8659    0  428          - 15675.8659      -     -    3s
     0     0 15709.5360    0  454          - 15709.5360      -     -    3s
     0     0 15718.6744    0  469          - 15718.6744      -     -    3s
     0     0 15729.8629    0  460          - 15729.8629      -     -    4s
     0     0 15789.8291    0  476          - 15789.8291      -     -    4s
     0     0 15820.7484    0  463          - 15820.7484      -     -    4s
     0     0 15825.3543    0  480          - 15825.3543      -     -    4s
     0     0 15825.7805    0  480          - 15825.7805      -     -    5s
     0     0 15990.3871    0  501          - 15990.3871      -     -    5s
     0     0 16009.0672    0  523          - 16009.0672      -     -    6s
     0     0 16013.7452    0  595          - 16013.7452      -     -    6s
     0     0 16020.1535    0  574          - 16020.1535      -     -    6s
     0     0 16020.5263    0  565          - 16020.5263      -     -    6s
     0     0 16100.9373    0  482          - 16100.9373      -     -    7s
     0     0 16122.4881    0  482          - 16122.4881      -     -    8s
     0     0 16133.5583    0  528          - 16133.5583      -     -    9s
     0     0 16158.5422    0  488          - 16158.5422      -     -    9s
     0     0 16167.3019    0  520          - 16167.3019      -     -   10s
     0     0 16168.0357    0  556          - 16168.0357      -     -   10s
     0     0 16177.1393    0  513          - 16177.1393      -     -   10s
     0     0 16177.6029    0  514          - 16177.6029      -     -   11s
     0     0 16180.3614    0  494          - 16180.3614      -     -   12s
     0     0 16180.3614    0  399          - 16180.3614      -     -   12s
     0     2 16182.6146    0  399          - 16182.6146      -     -   15s
    17    20 16214.8412    6  555          - 16184.7539      -   908   20s
    25    28 16243.7727    8  540          - 16184.7539      -   888   25s
    37    40 16308.9949   11  590          - 16184.7539      -  1069   30s
    41    44 16445.8805   12  465          - 16184.7539      -  1224   41s
    49    52 16700.7956   14  554          - 16184.7539      -  1333   46s
    64    68 16726.4292   19  569          - 16184.7539      -  1226   50s
    80    92 16827.3057   25  446          - 16184.7539      -  1150   55s
   127   135 16935.3914   56  344          - 16184.7539      -   842   60s
   171   182 17040.2762   81  386          - 16184.7539      -   734   65s
   211   228 17283.6865   93  337          - 16184.7539      -   699   70s
   245   262 17458.4808  105  286          - 16184.7539      -   652   75s
   293   315 17614.6989  117  296          - 16184.7539      -   604   80s
   388   405 18261.4951  145  229          - 16184.7539      -   519   86s
   408   452 18435.1938  151  225          - 16190.4843      -   502   93s
   463   492 16487.6851    3  663          - 16190.4843      -   479   95s
   556   608 16558.7836    7  671          - 16190.4843      -   432  100s
   686   749 16651.9350   13  576          - 16190.4843      -   370  105s
   760   815 16727.6217   16  603          - 16190.4843      -   344  110s
   839   822 21370.8335  316  399          - 16190.4843      -   333  116s
   844   825 20379.5820  248  538          - 16190.4843      -   331  120s
   853   831 16860.9755   25  704          - 16561.2235      -   328  125s
   863   838 17191.6089   86  737          - 16623.1234      -   324  130s
   874   845 19824.5506  197  785          - 16643.1445      -   320  136s
   885   853 18378.4114  130  853          - 16654.6534      -   316  141s
   892   857 16669.2637   15  860          - 16657.8168      -   313  145s
   899   862 17523.2177   79  860          - 16658.7227      -   311  150s
   906   868 21389.8228  358  399          - 16658.7539      -   343  155s
   913   873 17236.9494   40  645          - 16658.7539      -   341  160s
   924   880 21372.7031  333  867          - 16658.7803      -   337  165s
   930   884 18996.6088  171  864          - 16659.0931      -   335  170s
   936   888 18316.5119  131  906          - 16659.1912      -   332  175s
   939   893 16736.3524   19  564          - 16660.1044      -   358  182s
   943   896 16765.8117   20  560          - 16670.5998      -   361  185s
   955   904 16826.6891   23  456          - 16684.3448      -   374  190s
   968   912 16963.0199   27  423          - 16743.2473      -   387  195s
   985   930 17044.1375   32  468          - 16743.2473      -   399  200s
  1006   944 17093.1779   36  405          - 16743.2473      -   402  205s
  1037   963 17090.0838   44  338          - 16743.2473      -   412  210s
  1065   986 17088.1265   52  358          - 16743.2473      -   421  215s
  1105  1016 17266.7401   63  283          - 16743.2473      -   425  221s
  1155  1054 17220.1886   79  315          - 16743.2473      -   427  225s
  1212  1092 17257.0550   96  283          - 16743.2473      -   430  230s
  1272  1138 17688.3202  114  322          - 16743.2473      -   434  235s
  1325  1182 17432.0720  129  237          - 16743.2473      -   432  240s
  1431  1264 17603.8325  157  256          - 16743.2473      -   425  246s
  1517  1320 17736.6142  180  255          - 16743.2473      -   419  251s
  1603  1380 17879.4565  206  256          - 16743.2473      -   414  255s
  1699  1449 18213.1392  234  230          - 16743.2473      -   410  261s
  1808  1528 19306.5776  260  232          - 16743.2473      -   404  267s
  1866  1574 18840.2562  273  224          - 16743.2473      -   400  270s
  1999  1666 19321.4864  301  227          - 16743.2473      -   392  276s
  2067  1740 19979.9772  318  221          - 16743.2473      -   389  280s
  2245  1887 22703.6492  381   77          - 16743.2473      -   371  285s
  2394  1946 23298.1722  403   41          - 16744.1933      -   355  292s
  2574  1889 infeasible  425               - 16750.8922      -   338  298s
H 2575  1796                    24662.630000 16750.8922  32.1%   338  298s
H 2580  1738                    24416.630000 16750.8922  31.4%   337  298s
* 2583  1696             422    24330.630000 16750.8922  31.2%   337  298s
  2587  1697 17094.5244   23  784 24330.6300 16750.8922  31.2%   343  304s
  2589  1705 17094.5264   24  783 24330.6300 16750.8922  31.2%   343  307s
  2598  1712 17235.1260   28  702 24330.6300 16750.8922  31.2%   346  311s
  2617  1721 17213.2374   31  648 24330.6300 16750.8922  31.2%   350  318s
  2623  1732 17175.1291   30  768 24330.6300 16750.8922  31.2%   351  321s
  2636  1741 17211.9493   34  728 24330.6300 16750.8922  31.2%   353  325s
H 2654  1704                    24327.630000 16750.8922  31.1%   354  329s
  2657  1720 17264.9392   36  702 24327.6300 16750.8922  31.1%   355  333s
  2674  1726 17289.4116   40  599 24327.6300 16750.8922  31.1%   356  337s
  2685  1729 17325.6052   42  599 24327.6300 16750.8922  31.1%   358  341s
  2704  1754 17373.9276   46  494 24327.6300 16750.8922  31.1%   361  350s
  2732  1770 17503.9183   52  537 24327.6300 16750.8922  31.1%   363  358s
  2749  1775 17480.4655   56  415 24327.6300 16750.8922  31.1%   364  367s
H 2753  1733                    23988.700000 16750.8922  30.2%   364  367s
  2759  1750 17541.9631   59  460 23988.7000 16750.8922  30.2%   365  370s
  2778  1768 17543.7229   60  474 23988.7000 16750.8922  30.2%   366  377s
  2802  1785 17606.9695   66  475 23988.7000 16750.8922  30.2%   366  382s
  2827  1817 17664.5324   70  391 23988.7000 16750.8922  30.2%   367  387s
  2867  1842 17787.8291   73  358 23988.7000 16750.8922  30.2%   367  392s
  2906  1884 17746.6797   81  367 23988.7000 16750.8922  30.2%   367  397s
  2961  1946 17831.4920   90  363 23988.7000 16750.8922  30.2%   366  402s
  3043  1984 17893.2286   97  359 23988.7000 16750.8922  30.2%   363  408s
  3092  2079 18051.5967  101  385 23988.7000 16750.8922  30.2%   360  417s
  3213  2104 18023.0543  109  341 23988.7000 16750.8922  30.2%   356  423s
  3238  2123 18056.1335  116  360 23988.7000 16750.8922  30.2%   357  428s
  3257  2161 18392.8111  121  347 23988.7000 16750.8922  30.2%   359  433s
  3295  2214 18338.6086  139  348 23988.7000 16750.8922  30.2%   360  439s
H 3348  2238                    23695.190000 16750.8922  29.3%   359  445s
  3384  2305 18671.3145  174  265 23695.1900 16750.8922  29.3%   359  451s
  3451  2360 19294.5823  192  268 23695.1900 16750.8922  29.3%   358  459s
  3506  2453 19233.8170  215  254 23695.1900 16750.8922  29.3%   356  466s
  3599  2489 19698.4824  244  201 23695.1900 16750.8922  29.3%   353  473s
H 3604  2487                    23672.190000 16750.8922  29.2%   353  473s
  3635  2626 21718.4179  256  213 23672.1900 16750.8922  29.2%   353  480s
  3774  2649 20453.4748  301  191 23672.1900 16750.8922  29.2%   348  489s
  3797  2742 22811.4916  300  164 23672.1900 16758.9025  29.2%   348  499s
  3886  2742 infeasible  329      23672.1900 16758.9025  29.2%   344  500s
  3916  2782 17551.4026   23  530 23672.1900 16758.9025  29.2%   346  507s
  3956  2861 18092.0258   44  437 23672.1900 16758.9025  29.2%   348  515s
  4037  3026 19159.2655   83  367 23672.1900 16764.7325  29.2%   346  529s
  4074  3026 20743.7850  120  273 23672.1900 16764.7325  29.2%   345  530s
  4237  3107 17146.4105   25  733 23672.1900 16764.7325  29.2%   340  546s
  4332  3139 17394.4530   35  423 23672.1900 16764.7325  29.2%   341  555s
  4364  3181 17799.1674   60  357 23672.1900 16764.7325  29.2%   342  566s
  4406  3347 18571.7471   81  295 23672.1900 16778.9402  29.1%   342  579s
  4495  3347 21235.7490  164  142 23672.1900 16778.9402  29.1%   337  580s
  4619  3394 17309.2234   24  632 23672.1900 16780.5724  29.1%   335  589s
  4666  3515 17746.7898   39  429 23672.1900 16780.5724  29.1%   336  599s
  4764  3515 19397.5722  117  234 23672.1900 16780.5724  29.1%   334  600s
  4787  3709 18981.1141   80  268 23672.1900 16805.6157  29.0%   334  611s
  5036  3772 17419.8586   22  592 23672.1900 16806.5992  29.0%   324  623s
  5099  3997 18123.6542   57  247 23672.1900 16817.5792  29.0%   325  639s
  5213  3997 22716.4658  169  137 23672.1900 16817.5792  29.0%   320  640s
  5358  4169 17405.1402   26  623 23672.1900 16817.5792  29.0%   316  655s
  5558  4286 17843.0596   50  512 23672.1900 16817.5792  29.0%   310  668s
  5675  4470 19287.2895   97  404 23672.1900 16827.6015  28.9%   308  685s
  5901  4509 17190.3959   24  652 23672.1900 16832.1375  28.9%   303  701s
  5940  4618 17405.2616   38  521 23672.1900 16832.1375  28.9%   303  716s
  6065  4743 18592.2966   70  347 23672.1900 16832.1375  28.9%   302  730s
  6190  4919 21828.9741  164  182 23672.1900 16845.1099  28.8%   301  751s
  6411  4953 17335.3117   25  674 23672.1900 16885.4835  28.7%   297  766s
  6445  4989 17342.3578   32  635 23672.1900 16885.4835  28.7%   301  780s
  6481  5029 17491.5130   41  517 23672.1900 16885.4835  28.7%   304  793s
  6521  5075 17686.7056   49  476 23672.1900 16885.4835  28.7%   306  805s
  6567  5129 17767.5743   59  396 23672.1900 16885.4835  28.7%   309  820s
  6621  5230 17925.1886   68  427 23672.1900 16885.4835  28.7%   311  836s
  6738  5316 18221.4873   83  402 23672.1900 16885.4835  28.7%   312  851s
  6824  5437 18663.7095  109  341 23672.1900 16885.4835  28.7%   313  866s
  6945  5688 19039.5786  138  246 23672.1900 16923.7074  28.5%   311  886s
* 7206  5669             263    23620.090000 16923.7161  28.4%   305  889s
  7236  5722 17078.9912   27  616 23620.0900 16923.7161  28.4%   306  910s
  7289  5733 17300.5432   43  401 23620.0900 16923.7161  28.4%   309  933s
  7300  5834 17315.2245   44  414 23620.0900 16923.7161  28.4%   309  951s
  7401  6043 17471.5156   63  393 23620.0900 16923.7161  28.4%   311  974s
  7614  6308 18122.5526   80  336 23620.0900 16923.7161  28.4%   312 1060s
H 7649  5895                    22191.710000 16923.7161  23.7%   313 1062s
  7909  5918 18259.0806   95  314 22191.7100 16923.7161  23.7%   310 1083s
H 7981  5916                    22175.630000 16923.7161  23.7%   311 1083s
  8001  6320 18529.7304  110  306 22175.6300 16931.5529  23.6%   311 1113s
  8214  6320 21007.8287  186  180 22175.6300 16931.5529  23.6%   307 1115s
  8470  6472 17263.2180   28  451 22175.6300 16948.4434  23.6%   304 1137s
  8635  6623 21496.4727  106  124 22175.6300 16950.8039  23.6%   304 1162s
  8822  6749 17785.6661   50  470 22175.6300 16956.2594  23.5%   304 1182s
  8948  6953 20474.2467  138  131 22175.6300 16956.4583  23.5%   304 1204s
  9033  6954 18668.9835   67  382 22175.6300 16963.2900  23.5%   304 1205s
  9187  7056 infeasible  199      22175.6300 16964.1376  23.5%   302 1227s
  9313  7253 17988.4575   56  235 22175.6300 16964.7846  23.5%   303 1258s
  9492  7253 18923.6046  110  155 22175.6300 16970.5895  23.5%   301 1260s
  9538  7443 17610.6153   30  585 22175.6300 16970.8012  23.5%   301 1290s
  9740  7583 17233.1772   23  668 22175.6300 16970.8012  23.5%   300 1314s
  9824  7583 20221.9481  132  124 22175.6300 16970.8012  23.5%   300 1315s
  9892  7667 17731.7528   41  430 22175.6300 16970.8012  23.5%   300 1335s
  9988  7841 18638.2501   70  357 22175.6300 16993.3743  23.4%   301 1365s
 10179  7911 17266.5940   23  663 22175.6300 16993.3743  23.4%   301 1387s
 10249  8044 17694.7297   30  493 22175.6300 16993.3743  23.4%   303 1416s
 10406  8149 17907.6063   35  488 22175.6300 16993.3743  23.4%   303 1438s
 10533  8258 18425.3904   48  358 22175.6300 16993.3743  23.4%   304 1459s
 10642  8367 19835.0592   68  220 22175.6300 17010.2768  23.3%   304 1487s
 10778  8451 17187.3542   24  818 22175.6300 17010.2825  23.3%   306 1509s
 10862  8574 17551.7909   47  639 22175.6300 17010.2825  23.3%   306 1532s
 11007  8738 18329.2570   69  477 22175.6300 17011.0613  23.3%   306 1559s
 11041  8738 19602.0356  103  238 22175.6300 17011.0613  23.3%   306 1560s
 11192  8790 17436.7450   35  499 22175.6300 17011.0613  23.3%   305 1580s
 11244  8936 18527.5435   57  277 22175.6300 17012.0550  23.3%   307 1604s
 11358  8936 22088.2015  167  118 22175.6300 17012.0550  23.3%   305 1605s
 11414  9051 17540.5129   32  483 22175.6300 17012.0550  23.3%   307 1626s
 11529  9432 18637.9990   67  241 22175.6300 17012.7554  23.3%   307 1744s
 11565  9432 19194.9910  103  203 22175.6300 17012.7554  23.3%   306 1745s
 11975  9567 17407.9138   43  399 22175.6300 17012.7554  23.3%   300 1769s
 12034  9567 19386.8358  102  195 22175.6300 17012.7554  23.3%   300 1770s
H12071  8895                    21274.520000 17012.7554  20.0%   299 1770s
 12150  9006 20901.4715  129  177 21274.5200 17016.9484  20.0%   299 1793s
 12292  9086 17396.4652   53  486 21274.5200 17020.5903  20.0%   299 1815s
 12372  9249 18189.0364   86  415 21274.5200 17023.5431  20.0%   299 1839s
 12504  9249 19469.0854  125  264 21274.5200 17023.8263  20.0%   299 1840s
 12563  9399 17452.4538   35  472 21274.5200 17024.4156  20.0%   299 1866s
 12730  9507 17135.1830   38  549 21274.5200 17024.4156  20.0%   299 1888s
 12856  9642 18712.9356   76  267 21274.5200 17029.1231  20.0%   299 1911s
 13008  9719 17567.4392   46  364 21274.5200 17029.1231  20.0%   298 1934s
 13100  9803 17658.2918   56  431 21274.5200 17029.1231  20.0%   299 1956s
 13184  9843 18006.7368   63  416 21274.5200 17029.1231  20.0%   300 1979s
 13238  9893 17871.6226   67  406 21274.5200 17029.1231  20.0%   302 2001s
 13288 10003 18267.3892   84  228 21274.5200 17029.1231  20.0%   305 2024s
H13325  9980                    21258.440000 17029.1231  19.9%   305 2024s
 13353  9980 18586.4573  114  200 21258.4400 17029.1231  19.9%   305 2025s
 13398 10213 18813.8959  128  237 21258.4400 17035.9439  19.9%   306 2057s
 13673 10268 17566.3284   30  410 21258.4400 17035.9439  19.9%   305 2081s
 13728 10336 18832.7390   68  181 21258.4400 17044.4953  19.8%   306 2105s
 13818 10427 17225.4444   38  513 21258.4400 17044.4953  19.8%   307 2133s
 13909 10516 18242.0689   63  300 21258.4400 17044.5612  19.8%   308 2171s
 14013 10688 17202.5851   26  711 21258.4400 17044.5612  19.8%   309 2198s
 14246 10718 17780.1881   44  573 21258.4400 17044.5612  19.8%   307 2222s
 14276 10872 18867.5272   67  301 21258.4400 17046.9213  19.8%   309 2247s
 14456 10983 17266.1415   41  441 21258.4400 17046.9213  19.8%   308 2272s
 14584 11143 19871.4291   88  301 21258.4400 17048.3889  19.8%   308 2299s
 14621 11143 20927.5280  120  181 21258.4400 17048.3889  19.8%   308 2300s
 14786 11194 17329.3063   35  513 21258.4400 17048.3956  19.8%   308 2326s
 14837 11297 18803.7579   53  410 21258.4400 17048.4541  19.8%   310 2355s
 14972 11463 17583.8548   41  480 21258.4400 17053.1538  19.8%   311 2391s
 15159 11575 17238.6137   28  683 21258.4400 17053.1538  19.8%   311 2421s
 15304 11624 17758.0760   40  520 21258.4400 17053.1538  19.8%   311 2449s
 15353 11819 18567.4386   61  487 21258.4400 17065.1002  19.7%   312 2480s
 15586 11892 17571.0276   32  552 21258.4400 17066.6675  19.7%   311 2506s
H15659 11942                    21256.440000 17066.6675  19.7%   311 2543s
 15722 11996 17185.1204   26  734 21256.4400 17067.0176  19.7%   312 2569s
 15786 12203 17835.5208   38  478 21256.4400 17067.0176  19.7%   314 2596s
 16030 12336     cutoff  202      21256.4400 17070.6901  19.7%   312 2624s
 16082 12336 19189.8060   85  240 21256.4400 17070.6901  19.7%   312 2639s
 16187 12400 infeasible   87      21256.4400 17073.1063  19.7%   312 2664s
 16278 12460 17381.3107   44  314 21256.4400 17073.1063  19.7%   313 2688s
 16350 12545 17726.2050   50  334 21256.4400 17073.1063  19.7%   314 2713s
 16435 12709 18217.1310   76  292 21256.4400 17073.1063  19.7%   315 2740s
 16615 12902 19013.8530  114  212 21256.4400 17076.0303  19.7%   316 2769s
 16721 12902 20597.4034  154  133 21256.4400 17076.0303  19.7%   315 2770s
 16858 12998 17668.4012   45  322 21256.4400 17076.0303  19.7%   314 2800s
 16988 13066 17230.4974   45  465 21256.4400 17076.2743  19.7%   315 2837s
 17072 13181 18589.9799   74  294 21256.4400 17077.4235  19.7%   316 2866s
 17206 13240 17459.1275   49  403 21256.4400 17077.4235  19.7%   316 2893s
 17289 13260 18523.9989   82  314 21256.4400 17077.4235  19.7%   317 2929s
 17309 13387 18606.7632   84  269 21256.4400 17078.7671  19.7%   317 2955s
 17471 13558 17516.1735   53  437 21256.4400 17079.0102  19.7%   316 2997s
 17646 13702 21154.4992  180   91 21256.4400 17080.1013  19.6%   315 3025s
 17824 13748 17291.7344   42  509 21256.4400 17080.2489  19.6%   315 3050s
 17870 13819 17460.1703   55  418 21256.4400 17080.2489  19.6%   317 3074s
 17932 13819 18493.2553   92  284 21256.4400 17080.2489  19.6%   318 3075s
 17941 13965 17858.3098   63  437 21256.4400 17080.2489  19.6%   318 3117s
 18087 14129 17841.6519   73  333 21256.4400 17080.2489  19.6%   318 3147s
 18274 14230 18320.6773   87  299 21256.4400 17080.2489  19.6%   318 3174s
 18382 14434 18827.0634  115  224 21256.4400 17080.2489  19.6%   318 3205s
 18590 14603 20265.7406  195  124 21256.4400 17085.5837  19.6%   318 3238s
 18819 14674 17413.9442   48  423 21256.4400 17085.5837  19.6%   317 3265s
 18890 14804 18881.1591   76  402 21256.4400 17085.5837  19.6%   317 3292s
 19041 14935 17386.6702   47  389 21256.4400 17087.7702  19.6%   317 3323s
 19199 15118 17357.9414   52  392 21256.4400 17087.7702  19.6%   318 3354s
 19391 15238 18640.9656  105  302 21256.4400 17088.1265  19.6%   317 3382s
 19539 15331 17572.2937   62  445 21256.4400 17088.1265  19.6%   317 3410s
H19644 15255                    21195.210000 17088.1265  19.4%   317 3600s

Cutting planes:
  User: 10724
  Gomory: 46
  Cover: 718
  Implied bound: 425
  Projected implied bound: 36
  Clique: 22
  MIR: 261
  Flow cover: 618
  GUB cover: 1
  Zero half: 12
  Network: 2
  RLT: 433
  Relax-and-lift: 17
  Lazy constraints: 506

Explored 19672 nodes (6263658 simplex iterations) in 3600.39 seconds
Thread count was 2 (of 32 available processors)

Solution count 10: 21195.2 21256.4 21258.4 ... 23988.7

Time limit reached
Best objective 2.119521000000e+04, best bound 1.708812649686e+04, gap 19.3774%

User-callback calls 545118, time in user-callback 206.82 sec
================================================================================
executing instance: ./input/Instances/Original/6/absH6high_1n20.dat
--------------------------------------------------------------------------------
Instance details
n	21
H	6
C	1651
Li:
[0, 0, 0, 0, 0, 0, 0, 0, 0, 0, 0, 0, 0, 0, 0, 0, 0, 0, 0, 0, 0, ]
Ui:
[0, 36, 182, 182, 90, 261, 117, 30, 110, 42, 276, 153, 40, 94, 144, 46, 129, 213, 264, 160, 174, ]
Distance matrix:
|0	371	401	343	361	341	370	115	392	400	79	266	292	245	355	431	265	194	95	92	348	|
|371	0	37	141	110	250	117	438	67	131	372	305	115	238	247	255	235	296	392	430	185	|
|401	37	0	175	100	284	146	472	90	156	406	342	152	275	280	282	242	333	415	455	178	|
|343	141	175	0	239	110	38	374	95	60	314	182	67	130	106	127	318	201	397	423	303	|
|361	110	100	239	0	341	222	451	177	240	385	374	190	304	341	361	151	345	354	398	78	|
|341	250	284	110	341	0	143	337	203	151	289	102	152	97	15	95	394	156	415	431	398	|
|370	117	146	38	222	143	0	407	61	30	346	220	81	167	137	139	317	237	417	447	292	|
|115	438	472	374	451	337	407	0	443	434	66	241	339	251	351	431	374	181	201	177	450	|
|392	67	90	95	177	203	61	443	0	66	379	275	104	216	197	193	294	283	427	461	252	|
|400	131	156	60	240	151	30	434	66	0	374	237	112	189	142	127	344	261	448	477	312	|
|79	372	406	314	385	289	346	66	379	374	0	202	275	197	304	383	316	134	175	166	388	|
|266	305	342	182	374	102	220	241	275	237	202	0	191	70	117	196	386	73	352	359	415	|
|292	115	152	67	190	152	81	339	104	112	275	191	0	123	154	193	252	183	336	366	246	|
|245	238	275	130	304	97	167	251	216	189	197	70	123	0	110	187	322	72	319	334	346	|
|355	247	280	106	341	15	137	351	197	142	304	117	154	110	0	80	399	171	427	444	400	|
|431	255	282	127	361	95	139	431	193	127	383	196	193	187	80	0	444	251	499	519	429	|
|265	235	242	318	151	394	317	374	294	344	316	386	252	322	399	444	0	332	226	273	97	|
|194	296	333	201	345	156	237	181	283	261	134	73	183	72	171	251	332	0	279	286	375	|
|95	392	415	397	354	415	417	201	427	448	175	352	336	319	427	499	226	279	0	47	321	|
|92	430	455	423	398	431	447	177	461	477	166	359	366	334	444	519	273	286	47	0	368	|
|348	185	178	303	78	398	292	450	252	312	388	415	246	346	400	429	97	375	321	368	0	|

--------------------------------------------------------------------------------
Building model...
	using lazy and cut (CVRPSEP package)
Solving IRP LP...
--------------------------------------------------------------------------------

Gurobi 9.1.0 (linux64) logging started Wed Feb 17 09:47:41 2021

Gurobi Optimizer version 9.1.0 build v9.1.0rc0 (linux64)
Thread count: 32 physical cores, 32 logical processors, using up to 2 threads
Optimize a model with 1557 rows, 6171 columns and 23523 nonzeros
Model fingerprint: 0xe89ec837
Variable types: 627 continuous, 5544 integer (504 binary)
Coefficient statistics:
  Matrix range     [1e+00, 5e+02]
  Objective range  [1e-01, 5e+02]
  Bounds range     [1e+00, 3e+02]
  RHS range        [1e+00, 3e+03]
Presolve removed 267 rows and 101 columns
Presolve time: 0.12s
Presolved: 1290 rows, 6070 columns, 22166 nonzeros
Variable types: 505 continuous, 5565 integer (5075 binary)

Root relaxation: objective 1.357817e+04, 1744 iterations, 0.07 seconds

    Nodes    |    Current Node    |     Objective Bounds      |     Work
 Expl Unexpl |  Obj  Depth IntInf | Incumbent    BestBd   Gap | It/Node Time

     0     0 13578.1701    0  218          - 13578.1701      -     -    0s
     0     0 13784.7131    0  209          - 13784.7131      -     -    0s
     0     0 13795.1334    0  216          - 13795.1334      -     -    0s
     0     0 13797.4353    0  219          - 13797.4353      -     -    0s
     0     0 13801.2974    0  208          - 13801.2974      -     -    0s
     0     0 13801.3116    0  204          - 13801.3116      -     -    0s
     0     0 13960.1354    0  290          - 13960.1354      -     -    1s
     0     0 14049.8907    0  286          - 14049.8907      -     -    1s
     0     0 14114.5170    0  257          - 14114.5170      -     -    1s
     0     0 14132.4222    0  281          - 14132.4222      -     -    1s
     0     0 14134.2198    0  293          - 14134.2198      -     -    1s
     0     0 14134.7042    0  294          - 14134.7042      -     -    1s
     0     0 14134.7129    0  302          - 14134.7129      -     -    1s
     0     0 14356.5568    0  374          - 14356.5568      -     -    2s
     0     0 14371.0092    0  397          - 14371.0092      -     -    2s
     0     0 14371.2848    0  389          - 14371.2848      -     -    2s
     0     0 14534.1445    0  436          - 14534.1445      -     -    2s
     0     0 14549.7420    0  457          - 14549.7420      -     -    3s
     0     0 14557.8955    0  401          - 14557.8955      -     -    3s
     0     0 14558.3625    0  429          - 14558.3625      -     -    3s
     0     0 14597.4714    0  399          - 14597.4714      -     -    3s
     0     0 14600.3186    0  363          - 14600.3186      -     -    4s
     0     0 14600.4001    0  373          - 14600.4001      -     -    4s
     0     0 14613.8599    0  440          - 14613.8599      -     -    4s
     0     0 14622.0427    0  481          - 14622.0427      -     -    4s
     0     0 14638.0552    0  480          - 14638.0552      -     -    5s
     0     0 14640.8685    0  429          - 14640.8685      -     -    5s
     0     0 14641.7517    0  467          - 14641.7517      -     -    5s
     0     0 14661.1696    0  466          - 14661.1696      -     -    5s
     0     0 14666.9550    0  465          - 14666.9550      -     -    5s
     0     0 14668.2455    0  513          - 14668.2455      -     -    5s
     0     0 14673.0686    0  469          - 14673.0686      -     -    6s
     0     0 14683.7441    0  469          - 14683.7441      -     -    6s
     0     2 14683.7441    0  460          - 14683.7441      -     -    7s
    11    14 14752.9670    4  550          - 14734.4141      -  1006   10s
    31    35 14861.1803   11  549          - 14734.4141      -  1033   15s
    70    75 15051.4549   24  439          - 14734.4141      -   826   20s
   120   133 15636.4141   37  452          - 14734.4141      -   681   25s
   243   267 15749.1498   57  378          - 14734.4141      -   426   30s
   379   420 16152.3488   76  362          - 14734.4141      -   321   35s
   516   522 17150.9057  108  223          - 14734.4141      -   278   41s
   573   610 18328.4211  144  218          - 14734.4141      -   273   45s
   694   681 15036.5375    7  460          - 14786.0940      -   258   51s
   726   707 18375.2319  220  469          - 14786.0940      -   273   55s
   737   714 18085.3830  123  560          - 14873.8943      -   269   60s
   750   723 16674.8097   68  656          - 14901.6561      -   264   65s
   755   729 14907.2728   16  630          - 14904.5539      -   287   70s
   769   740 14953.8165   20  499          - 14919.2659      -   295   75s
   793   757 14927.9895   26  533          - 14927.9895      -   300   80s
   835   786 14998.8536   38  474          - 14934.0562      -   308   85s
   865   806 15210.1060   46  503          - 14934.0562      -   320   90s
   896   826 16019.8671   54  342          - 14934.0562      -   333   95s
   937   857 16087.3198   67  306          - 14934.0562      -   343  100s
   970   885 16168.4768   77  248          - 14934.0562      -   355  106s
  1004   905 16337.6138   88  306          - 14934.0562      -   362  110s
  1049   938 16447.7094  103  289          - 14934.0562      -   366  115s
  1107   984 16923.6311  120  290          - 14934.0562      -   368  120s
  1169  1029 17228.5928  137  268          - 14934.0562      -   373  125s
  1261  1124 19615.2240  169  125          - 14934.0562      -   372  130s
  1378  1153 infeasible  210               - 14934.1068      -   360  135s
  1440  1196 15049.6273   22  594          - 14934.1068      -   357  140s
  1524  1260 15114.3715   26  625          - 14934.1068      -   349  146s
  1568  1314 15164.2838   27  642          - 14934.1068      -   346  150s
  1709  1334 15218.4566   30  617          - 14934.1068      -   329  157s
  1726  1351 15311.6695   34  567          - 14934.1068      -   334  162s
  1740  1360 15316.6492   36  566          - 14934.1068      -   335  166s
  1771  1384 15342.5831   42  534          - 14934.1068      -   339  170s
  1799  1402 15379.4694   46  510          - 14934.1068      -   343  176s
  1835  1435 15778.0137   52  546          - 14934.1068      -   348  181s
  1881  1468 15549.5316   58  572          - 14934.1068      -   350  187s
  1909  1491 15598.6695   62  484          - 14934.1068      -   351  190s
  1941  1518 15620.0462   64  526          - 14934.1068      -   351  195s
  2003  1561 15815.7795   72  445          - 14934.1068      -   353  202s
  2043  1594 16224.3851   74  440          - 14934.1068      -   354  206s
  2089  1619 16341.9307   79  426          - 14934.1068      -   353  211s
  2129  1669 16594.7868   83  423          - 14934.1068      -   354  215s
  2193  1682 16759.2280   88  432          - 14934.1068      -   351  220s
  2231  1728 16878.4617   94  419          - 14934.1068      -   353  225s
  2296  1737 17236.3226  100  333          - 14934.1068      -   352  230s
  2358  1799 16973.1796  106  395          - 14934.1068      -   352  236s
  2477  1770 17296.9760  115  311          - 14934.1068      -   345  241s
  2520  1794 17790.3937  123  298          - 14934.1068      -   346  247s
  2558  1814 18133.0880  133  323          - 14934.1068      -   348  252s
  2591  1854 18660.6887  144  247          - 14934.1068      -   350  258s
  2642  1897 18906.3106  159  258          - 14934.1068      -   350  265s
  2702  1947 20512.6729  176  250          - 14934.1068      -   350  271s
  2772  2035 20397.9130  199  207          - 14934.1068      -   349  278s
  2883  2035 22138.3196  240  161          - 14938.7782      -   345  285s
  2956  2039 15119.0392   26  552          - 14938.7782      -   343  294s
  2976  2076 15147.0404   29  623          - 14938.7782      -   345  301s
  3013  2116 15238.0817   39  512          - 14938.7782      -   346  308s
  3053  2171 15342.5023   41  444          - 14938.7782      -   347  315s
  3108  2257 15980.4644   43  445          - 14938.7782      -   349  323s
  3194  2454 15487.9832   47  393          - 14938.7782      -   345  333s
  3395  2601 15808.6221   54  432          - 14938.7782      -   333  343s
  3611  2650 16015.5045   58  424          - 14938.7782      -   319  352s
  3647  2687 16206.0865   70  336          - 14938.7782      -   321  360s
  3684  2735 16439.1767   81  331          - 14938.7782      -   323  369s
  3732  2801 16750.4731   93  279          - 14938.7782      -   323  377s
  3798  2860 17142.5744  103  298          - 14938.7782      -   323  387s
  3857  2933 17718.4004  117  266          - 14938.7782      -   324  397s
  3930  2978 18211.7045  135  268          - 14938.7782      -   325  408s
  3985  3036 18312.6371  149  284          - 14938.7782      -   325  418s
  4063  3079 19195.4516  168  243          - 14953.8165      -   326  429s
  4128  3125 15622.6700   37  525          - 14953.8165      -   327  440s
  4174  3182 15810.2736   48  518          - 14953.8165      -   329  450s
  4231  3266 16228.4778   63  448          - 14953.8165      -   330  462s
  4315  3367 16396.7047   77  397          - 14953.8165      -   330  474s
  4355  3367 16728.6882   91  264          - 14953.8165      -   329  475s
  4416  3499 17026.1121   96  331          - 14953.8165      -   330  487s
  4548  3716 17591.1840  117  265          - 14953.8165      -   328  502s
  4765  4030 19607.1413  147  209          - 14953.8165      -   322  520s
  5085  4489 21881.6149  186  152          - 14953.8165      -   310  539s
  5161  4489 22135.5322  205  126          - 14953.8165      -   309  540s
* 5611  4387             236    23986.210000 14954.3128  37.7%   291  542s
  5667  4397 15345.8550   27  574 23986.2100 14954.3128  37.7%   290  555s
  5700  4471 16772.8965   41  375 23986.2100 14956.2016  37.6%   291  569s
  5738  4471 19307.7838   79   45 23986.2100 14956.2016  37.6%   291  570s
  5807  4517 23159.3284  114   91 23986.2100 14956.2016  37.6%   290  584s
  5851  4553 15430.4479   29  526 23986.2100 14956.2016  37.6%   293  597s
  5887  4591 16326.8050   38  486 23986.2100 14956.2016  37.6%   294  616s
  5925  4642 16303.1629   46  477 23986.2100 14956.2016  37.6%   296  631s
  5976  4705 16947.6627   56  379 23986.2100 14956.2016  37.6%   296  646s
  6039  4982 18694.3263   77  214 23986.2100 14962.2487  37.6%   296  665s
  6341  5045 15292.5758   24  588 23986.2100 14962.2487  37.6%   287  682s
  6404  5113 16005.8581   44  454 23986.2100 14962.2487  37.6%   288  697s
