




arguments: ./build/bc_mirp -f ./input/orig_exec_79.cfg
Current dir: /scratch/gui/bc_mirp
File verbosity level: 9
date       time         ( uptime  ) [ thread name/id ]                   file:line     v| 
2021-02-07 06:39:30.707 (   0.215s) [main thread     ]             loguru.cpp:789   INFO| Logging to './output/vi_vc+cos/OU/V4/Original/execution_07_02_2021_06_39_30.log', mode: 'a', verbosity: 9
--------------------------------------------------------------------------------
Parameters
                           instance_path           ./input/Instances/Original/2/
                            model_policy                                       1
                             nb_vehicles                                       4
                              output_dir      ./output/vi_vc+cos/OU/V4/Original/
                            sec_strategy                                       1
                       solver_nb_threads                                       2
                         solver_show_log                                    true
                       solver_time_limit                                    3600
                              use_vi_cos                                    true
                              use_vi_cus                                   false
                         use_vi_hc1_full                                   false
                         use_vi_hc1_half                                   false
                      use_vi_hc1_quarter                                   false
                              use_vi_hc2                                   false
                              use_vi_hc3                                   false
                         use_vi_lex_full                                   false
                         use_vi_lex_half                                   false
                      use_vi_lex_quarter                                   false
                              use_vi_qua                                   false
                               use_vi_vc                                    true
                               use_vi_vr                                   false
--------------------------------------------------------------------------------
executing instance: ./input/Instances/Original/2/absH3high_3n40.dat
--------------------------------------------------------------------------------
Instance details
n	41
H	3
C	3283
Li:
[0, 0, 0, 0, 0, 0, 0, 0, 0, 0, 0, 0, 0, 0, 0, 0, 0, 0, 0, 0, 0, 0, 0, 0, 0, 0, 0, 0, 0, 0, 0, 0, 0, 0, 0, 0, 0, 0, 0, 0, 0, ]
Ui:
[0, 63, 111, 99, 96, 111, 282, 122, 156, 261, 42, 192, 126, 42, 162, 207, 159, 122, 102, 190, 118, 102, 132, 102, 165, 252, 66, 52, 22, 114, 210, 176, 116, 294, 78, 152, 210, 45, 130, 198, 174, ]
Distance matrix:
|0	208	225	252	227	143	258	127	267	150	28	83	163	286	57	149	201	137	214	255	70	73	107	186	328	266	249	343	222	177	293	144	262	215	167	120	169	218	143	173	255	|
|208	0	397	355	416	198	216	99	211	275	193	172	97	166	240	225	362	109	277	314	182	216	273	374	298	208	319	161	14	103	93	120	58	196	152	156	372	227	260	218	453	|
|225	397	0	427	53	364	482	343	492	129	253	225	382	386	171	188	39	291	187	195	295	182	282	55	326	491	180	551	408	315	457	366	455	275	392	244	221	439	341	214	101	|
|252	355	427	0	401	158	201	263	219	396	234	328	259	498	299	400	420	354	465	506	205	324	152	374	574	219	499	393	366	389	446	235	378	456	205	359	224	150	111	423	400	|
|227	416	53	401	0	357	477	352	489	165	253	245	389	424	179	223	85	315	234	245	293	200	264	42	375	488	231	565	428	344	484	370	474	314	392	270	184	430	325	252	50	|
|143	198	364	158	357	0	121	105	134	290	116	196	103	342	200	276	343	205	343	385	74	210	112	319	432	133	382	265	209	237	290	78	226	313	57	220	232	75	69	292	375	|
|258	216	482	201	477	121	0	168	18	397	230	293	135	381	314	372	459	275	437	480	188	317	228	439	501	18	479	197	222	296	290	132	212	386	95	306	347	58	173	381	496	|
|127	99	343	263	352	105	168	0	171	239	105	130	40	237	173	206	313	109	270	312	84	164	175	310	337	169	313	216	112	135	192	37	142	220	77	138	280	155	162	213	382	|
|267	211	492	219	489	134	18	171	0	404	240	298	136	376	323	376	468	276	441	483	198	324	243	450	500	2	483	181	215	294	281	136	202	386	102	309	363	75	189	384	509	|
|150	275	129	396	165	290	397	239	404	0	175	110	279	259	97	59	91	166	84	116	217	80	245	130	226	402	106	434	286	187	329	269	333	149	302	119	244	364	291	87	213	|
|28	193	253	234	253	116	230	105	240	175	0	94	139	286	84	167	229	136	234	275	43	96	98	212	341	238	271	320	206	175	281	118	244	225	140	128	180	191	124	189	280	|
|83	172	225	328	245	196	293	130	298	110	94	0	169	209	77	80	191	71	147	189	127	45	189	203	247	296	187	327	184	106	241	162	230	132	198	38	242	266	217	96	285	|
|163	97	382	259	389	103	135	40	136	279	139	169	0	253	212	244	353	141	307	349	110	203	194	347	366	133	350	183	107	161	187	27	124	251	56	175	306	133	169	249	418	|
|286	166	386	498	424	342	381	237	376	259	286	209	253	0	284	201	347	151	210	230	299	247	383	387	155	374	242	290	162	112	129	270	192	113	308	172	451	386	391	172	471	|
|57	240	171	299	179	200	314	173	323	97	84	77	212	284	0	112	145	147	170	208	127	38	148	137	299	321	201	386	253	183	315	195	297	195	222	112	171	275	195	142	214	|
|149	225	188	400	223	276	372	206	376	59	167	80	244	201	112	0	149	117	67	110	205	78	254	186	187	374	108	387	235	132	272	240	283	93	277	71	279	346	291	32	270	|
|201	362	39	420	85	343	459	313	468	91	229	191	353	347	145	149	0	254	149	160	272	150	271	66	290	466	146	518	373	278	419	339	420	235	367	207	227	418	327	175	135	|
|137	109	291	354	315	205	275	109	276	166	136	71	141	151	147	117	254	0	172	212	151	116	232	273	229	274	215	270	119	39	170	145	167	111	186	47	305	263	245	113	356	|
|214	277	187	465	234	343	437	270	441	84	234	147	307	210	170	67	149	172	0	42	272	141	317	205	144	439	43	437	284	175	307	305	331	99	343	132	327	413	357	60	283	|
|255	314	195	506	245	385	480	312	483	116	275	189	349	230	208	110	160	212	42	0	314	182	356	222	132	481	15	474	321	212	337	347	367	126	385	174	358	455	398	100	295	|
|70	182	295	205	293	74	188	84	198	217	43	127	110	299	127	205	272	151	272	314	0	137	91	253	370	196	310	292	195	188	274	85	226	252	99	155	197	148	94	223	316	|
|73	216	182	324	200	210	317	164	324	80	96	45	203	247	38	78	150	116	141	182	137	0	176	158	263	323	176	369	229	150	286	191	274	157	223	77	208	284	216	106	239	|
|107	273	282	152	264	112	228	175	243	245	98	189	194	383	148	254	271	232	317	356	91	176	0	231	435	242	349	371	286	271	365	167	315	321	164	224	120	174	61	280	274	|
|186	374	55	374	42	319	439	310	450	130	212	203	347	387	137	186	66	273	205	222	253	158	231	0	348	448	208	523	386	303	442	329	431	279	352	229	167	392	291	217	85	|
|328	298	326	574	375	432	501	337	500	226	341	247	366	155	299	187	290	229	144	132	370	263	435	348	0	498	147	441	299	206	283	374	338	119	414	215	465	492	463	157	425	|
|266	208	491	219	488	133	18	169	2	402	238	296	133	374	321	374	466	274	439	481	196	323	242	448	498	0	481	180	213	292	278	134	200	384	100	307	362	75	188	381	508	|
|249	319	180	499	231	382	479	313	483	106	271	187	350	242	201	108	146	215	43	15	310	176	349	208	147	481	0	480	326	217	346	347	373	135	385	175	347	454	392	103	280	|
|343	161	551	393	565	265	197	216	181	434	320	327	183	290	386	387	518	270	437	474	292	369	371	523	441	180	480	0	153	263	163	207	107	352	208	317	487	244	334	379	598	|
|222	14	408	366	428	209	222	112	215	286	206	184	107	162	253	235	373	119	284	321	195	229	286	386	299	213	326	153	0	109	81	132	48	201	162	167	386	236	272	226	466	|
|177	103	315	389	344	237	296	135	294	187	175	106	161	112	183	132	278	39	175	212	188	150	271	303	206	292	217	263	109	0	142	171	156	95	211	74	344	289	281	118	386	|
|293	93	457	446	484	290	290	192	281	329	281	241	187	129	315	272	419	170	307	337	274	286	365	442	283	278	346	163	81	142	0	212	79	211	241	214	461	311	353	254	525	|
|144	120	366	235	370	78	132	37	136	269	118	162	27	270	195	240	339	145	305	347	85	191	167	329	374	134	347	207	132	171	212	0	151	257	40	174	280	119	142	248	398	|
|262	58	455	378	474	226	212	142	202	333	244	230	124	192	297	283	420	167	331	367	226	274	315	431	338	200	373	107	48	156	79	151	0	245	173	214	421	237	293	273	510	|
|215	196	275	456	314	313	386	220	386	149	225	132	251	113	195	93	235	111	99	126	252	157	321	279	119	384	135	352	201	95	211	257	245	0	297	97	365	374	345	62	362	|
|167	152	392	205	392	57	95	77	102	302	140	198	56	308	222	277	367	186	343	385	99	223	164	352	414	100	385	208	162	211	241	40	173	297	0	213	283	79	126	287	415	|
|120	156	244	359	270	220	306	138	309	119	128	38	175	172	112	71	207	47	132	174	155	77	224	229	215	307	175	317	167	74	214	174	214	97	213	0	280	286	248	75	313	|
|169	372	221	224	184	232	347	280	363	244	180	242	306	451	171	279	227	305	327	358	197	208	120	167	465	362	347	487	386	344	461	280	421	365	283	280	0	291	175	310	176	|
|218	227	439	150	430	75	58	155	75	364	191	266	133	386	275	346	418	263	413	455	148	284	174	392	492	75	454	244	236	289	311	119	237	374	79	286	291	0	116	359	445	|
|143	260	341	111	325	69	173	162	189	291	124	217	169	391	195	291	327	245	357	398	94	216	61	291	463	188	392	334	272	281	353	142	293	345	126	248	175	116	0	313	335	|
|173	218	214	423	252	292	381	213	384	87	189	96	249	172	142	32	175	113	60	100	223	106	280	217	157	381	103	379	226	118	254	248	273	62	287	75	310	359	313	0	300	|
|255	453	101	400	50	375	496	382	509	213	280	285	418	471	214	270	135	356	283	295	316	239	274	85	425	508	280	598	466	386	525	398	510	362	415	313	176	445	335	300	0	|

--------------------------------------------------------------------------------
Building model...
	using lazy and cut (CVRPSEP package)
Solving IRP LP...
--------------------------------------------------------------------------------

Gurobi 9.1.0 (linux64) logging started Sun Feb  7 06:39:30 2021

Gurobi Optimizer version 9.1.0 build v9.1.0rc0 (linux64)
Thread count: 32 physical cores, 32 logical processors, using up to 2 threads
Optimize a model with 1529 rows, 10976 columns and 40292 nonzeros
Model fingerprint: 0xbeb565d1
Variable types: 644 continuous, 10332 integer (492 binary)
Coefficient statistics:
  Matrix range     [1e+00, 8e+02]
  Objective range  [1e-01, 6e+02]
  Bounds range     [1e+00, 3e+02]
  RHS range        [1e+00, 6e+03]
Presolve removed 404 rows and 201 columns
Presolve time: 0.15s
Presolved: 1125 rows, 10775 columns, 38287 nonzeros
Variable types: 402 continuous, 10373 integer (9869 binary)

Root relaxation: objective 1.235712e+04, 1136 iterations, 0.04 seconds

    Nodes    |    Current Node    |     Objective Bounds      |     Work
 Expl Unexpl |  Obj  Depth IntInf | Incumbent    BestBd   Gap | It/Node Time

     0     0 12357.1168    0  135          - 12357.1168      -     -    0s
     0     0 12780.9654    0  172          - 12780.9654      -     -    0s
     0     0 12786.0925    0  143          - 12786.0925      -     -    0s
     0     0 12786.7679    0  174          - 12786.7679      -     -    0s
     0     0 12787.4726    0  171          - 12787.4726      -     -    0s
     0     0 13532.8428    0  208          - 13532.8428      -     -    1s
     0     0 13540.1023    0  212          - 13540.1023      -     -    1s
     0     0 13541.4612    0  203          - 13541.4612      -     -    1s
     0     0 13541.4612    0  203          - 13541.4612      -     -    1s
     0     0 13656.7668    0  248          - 13656.7668      -     -    1s
     0     0 13671.1961    0  250          - 13671.1961      -     -    1s
     0     0 13672.1241    0  290          - 13672.1241      -     -    1s
     0     0 13728.2442    0  307          - 13728.2442      -     -    2s
     0     0 13739.4452    0  341          - 13739.4452      -     -    2s
     0     0 13751.0918    0  331          - 13751.0918      -     -    2s
     0     0 13753.5255    0  305          - 13753.5255      -     -    2s
     0     0 13756.0978    0  299          - 13756.0978      -     -    2s
     0     0 13757.0350    0  311          - 13757.0350      -     -    2s
     0     0 13817.8053    0  324          - 13817.8053      -     -    3s
     0     0 13829.2950    0  308          - 13829.2950      -     -    3s
     0     0 13830.3406    0  338          - 13830.3406      -     -    3s
     0     0 13849.9610    0  350          - 13849.9610      -     -    4s
     0     0 13851.9700    0  450          - 13851.9700      -     -    4s
     0     0 13860.1586    0  428          - 13860.1586      -     -    4s
     0     0 13863.3227    0  369          - 13863.3227      -     -    4s
     0     0 13863.5047    0  424          - 13863.5047      -     -    4s
     0     0 13871.8584    0  351          - 13871.8584      -     -    5s
     0     0 13874.9198    0  437          - 13874.9198      -     -    5s
     0     0 13876.4932    0  396          - 13876.4932      -     -    5s
     0     0 13883.0590    0  315          - 13883.0590      -     -    5s
     0     0 13885.1271    0  387          - 13885.1271      -     -    6s
     0     0 13885.5125    0  413          - 13885.5125      -     -    6s
     0     0 13894.4422    0  420          - 13894.4422      -     -    6s
     0     0 13894.4422    0  394          - 13894.4422      -     -    6s
     0     2 13901.8806    0  391          - 13901.8806      -     -    7s
    22    24 13998.9251    6  324          - 13908.6384      -   411   10s
    72    79 14150.3913   20  159          - 13908.6384      -   416   15s
   155   163 14532.9321   50  172          - 13908.6384      -   323   20s
   280   303 15110.7789   76  181          - 13908.6384      -   254   25s
   542   565 15779.0612  145  177          - 13908.6384      -   175   31s
   663   718 16489.4633  237  105          - 13908.6384      -   166   35s
   872   944 16589.2736  400   67          - 13908.6384      -   139   40s
  1163  1231 17260.3918  621   45          - 13912.5784      -   116   45s
  1272  1242 16663.0912  158  139          - 13912.5784      -   114   51s
  1285  1251 18037.9888  686  562          - 13965.2840      -   113   55s
  1292  1256 16641.6667  467  542          - 14000.3568      -   112   60s
  1311  1268 16743.5327  401  574          - 14026.6916      -   111   65s
  1325  1278 16702.4185  201  569          - 14036.9115      -   109   70s
  1334  1284 17179.4412  618  579          - 14038.9335      -   109   75s
  1345  1292 14099.3076    6  424          - 14039.0444      -   123   80s
  1355  1299 16962.4491  591  548          - 14039.8709      -   122   85s
  1367  1307 18185.4830  196  533          - 14042.0767      -   121   90s
  1373  1311 16155.8342  232  545          - 14042.0932      -   120   95s
  1392  1326 14095.4861   26  497          - 14073.2922      -   139  100s
  1431  1353 14141.3201   34  382          - 14073.2922      -   150  105s
  1483  1392 14293.5865   45  316          - 14073.2922      -   161  110s
  1585  1467 14372.4516   61  309          - 14073.2922      -   170  115s
  1685  1547 14401.5827   73  316          - 14073.2922      -   176  120s
  1785  1631 14549.0700   86  288          - 14073.2922      -   177  125s
  1981  1718 16597.1073  243   16          - 14073.2922      -   169  130s
* 2078  1698             275    17455.490000 14073.2922  19.4%   165  132s
* 2081  1635             277    17350.490000 14073.2922  18.9%   164  132s
H 2083  1574                    17167.490000 14073.2922  18.0%   164  132s
  2148  1530 14941.9717  119  180 17167.4900 14073.2922  18.0%   160  136s
  2182  1551 15370.0614  131  164 17167.4900 14073.2922  18.0%   162  140s
  2213  1588 15475.4412  143  219 17167.4900 14073.2922  18.0%   164  145s
  2244  1606 15569.5332  155  206 17167.4900 14073.2922  18.0%   165  150s
  2290  1630 15674.2114  170  191 17167.4900 14073.2922  18.0%   167  156s
  2299  1629 15669.1101  174  179 17167.4900 14073.2922  18.0%   167  164s
  2301  1649 15682.2783  174  179 17167.4900 14073.2922  18.0%   167  166s
  2338  1689 16000.2818  189  168 17167.4900 14073.2922  18.0%   168  170s
  2374  1706 16222.7538  202  129 17167.4900 14073.2922  18.0%   168  176s
  2497  1818 16804.9947  238   94 17167.4900 14073.2922  18.0%   170  182s
  2574  1835 16992.8443  265   98 17167.4900 14091.8554  17.9%   170  185s
  2737  1986 14205.0571   29  410 17167.4900 14091.8554  17.9%   170  192s
  2877  1963 14195.1470   30  464 17167.4900 14091.8554  17.9%   165  196s
* 2910  1898             227    17164.720000 14091.8554  17.9%   165  197s
* 2912  1842             228    17136.720000 14091.8554  17.8%   165  197s
* 2913  1785             229    17128.720000 14091.8554  17.7%   164  197s
  2922  1793 14294.0492   31  371 17128.7200 14091.8554  17.7%   168  200s
  2949  1819 14328.4680   36  319 17128.7200 14091.8554  17.7%   173  206s
  2978  1841 14451.6200   44  137 17128.7200 14091.8554  17.7%   176  210s
  3012  1870 14553.8125   51  196 17128.7200 14091.8554  17.7%   179  215s
  3069  1926 14966.2993   68  168 17128.7200 14091.8554  17.7%   182  220s
  3152  2013 15128.8456   97  129 17128.7200 14091.8554  17.7%   183  226s
  3224  2083 15569.3982  117   86 17128.7200 14091.8554  17.7%   183  230s
  3318  2170 16040.4080  139   85 17128.7200 14095.5030  17.7%   182  239s
  3411  2141 16299.8095  164   13 17128.7200 14095.5030  17.7%   179  240s
* 3433  1829             173    16476.160000 14095.5030  14.4%   178  240s
  3487  1843 14366.8167   31  439 16476.1600 14095.5030  14.4%   182  247s
  3509  1867 14401.6596   33  372 16476.1600 14095.5030  14.4%   184  250s
  3577  1938 14445.5570   38  496 16476.1600 14095.5030  14.4%   186  258s
  3634  2017 14510.2275   42  366 16476.1600 14095.5030  14.4%   186  262s
  3732  2040 14534.4682   45  351 16476.1600 14095.5030  14.4%   185  269s
  3805  2022 16163.3042  169    9 16476.1600 14095.5030  14.4%   183  270s
  3827  2029 14616.4701   49  388 16476.1600 14095.5030  14.4%   184  275s
  3883  2052 14865.9121   61  278 16476.1600 14095.5030  14.4%   187  282s
  3906  2097 14938.4606   69  239 16476.1600 14095.5030  14.4%   189  290s
  3959  2108 15048.2078   74  188 16476.1600 14095.5030  14.4%   189  295s
  4004  2186 15149.1436   82  180 16476.1600 14095.5030  14.4%   190  301s
  4099  2178 15781.2995  117   33 16476.1600 14095.5030  14.4%   189  307s
  4122  2288 15849.3677  125   45 16476.1600 14107.8090  14.4%   189  315s
  4267  2441 14367.3078   28  395 16476.1600 14107.8090  14.4%   188  323s
  4422  2446 14305.4537   31  545 16476.1600 14107.8090  14.4%   183  332s
  4433  2453 14360.3624   34  503 16476.1600 14107.8090  14.4%   186  337s
  4440  2463 14469.0315   34  523 16476.1600 14107.8090  14.4%   189  341s
  4450  2483 14431.2915   37  464 16476.1600 14107.8090  14.4%   190  346s
  4470  2515 14588.3258   40  345 16476.1600 14107.8090  14.4%   192  350s
  4502  2653 14670.4430   44  329 16476.1600 14107.8090  14.4%   193  359s
  4532  2653 15660.5572   91  198 16476.1600 14107.8090  14.4%   194  360s
  4663  2670 14751.6658   46  304 16476.1600 14107.8090  14.4%   190  366s
  4680  2692 14816.9055   55  289 16476.1600 14107.8090  14.4%   192  371s
  4702  2726 14909.1871   58  249 16476.1600 14107.8090  14.4%   194  376s
  4736  2766 15115.3887   67  247 16476.1600 14107.8090  14.4%   195  383s
  4776  2811 15360.2055   75  151 16476.1600 14107.8090  14.4%   197  390s
  4821  2915 15656.8957   86  158 16476.1600 14107.8090  14.4%   197  396s
  4925  3087 15956.8316  116  124 16476.1600 14119.4226  14.3%   197  409s
  4985  3087 16158.7193  136   56 16476.1600 14119.4226  14.3%   196  410s
  5166  3107 14364.6323   26  488 16476.1600 14119.5887  14.3%   192  417s
  5186  3126 14404.0263   35  485 16476.1600 14119.5887  14.3%   193  424s
  5205  3170 14652.8071   43  344 16476.1600 14119.5887  14.3%   194  431s
  5249  3306 15086.3597   58  288 16476.1600 14119.5935  14.3%   194  469s
  5413  3311 14402.0680   32  448 16476.1600 14120.1942  14.3%   195  479s
  5418  3336 14402.1835   33  445 16476.1600 14120.1942  14.3%   196  487s
  5443  3413 14726.9475   49  269 16476.1600 14120.1942  14.3%   198  494s
  5486  3413 15352.3134   92  174 16476.1600 14120.1942  14.3%   197  495s
  5520  3519 15717.2707  100   82 16476.1600 14127.5688  14.3%   198  512s
  5684  3538 14501.3271   27  425 16476.1600 14127.5693  14.3%   198  522s
  5703  3572 14733.6538   37  330 16476.1600 14127.5693  14.3%   199  530s
  5737  3737 15137.3816   55  254 16476.1600 14127.5693  14.3%   200  539s
  5782  3737 15795.7626  100   68 16476.1600 14127.5693  14.3%   200  540s
  5904  3745 16440.7212  126   13 16476.1600 14127.5693  14.3%   197  575s
  5912  3737     cutoff  130      16476.1600 14133.3238  14.2%   197  585s
  5925  3758 14449.2915   25  556 16476.1600 14133.5063  14.2%   200  595s
  5946  3778 14482.0945   34  521 16476.1600 14133.5063  14.2%   201  604s
  5966  3822 14741.4930   44  362 16476.1600 14133.5063  14.2%   203  615s
  6010  4003 15156.0256   60  316 16476.1600 14133.5217  14.2%   204  630s
* 6187  3630             170    16189.760000 14136.0239  12.7%   202  632s
  6233  3612     cutoff  132      16189.7600 14137.6222  12.7%   201  643s
  6253  3643 14385.5719   28  444 16189.7600 14137.6222  12.7%   203  653s
  6286  3686 14805.6542   40  342 16189.7600 14137.6222  12.7%   204  665s
  6345  3741 15449.4410   57  195 16189.7600 14139.3231  12.7%   206  677s
  6412  3755 14438.1983   31  230 16189.7600 14139.3231  12.7%   207  690s
  6426  3821 14601.4899   38  400 16189.7600 14139.3231  12.7%   209  700s
  6492  3871 15368.2727   90   44 16189.7600 14141.0827  12.7%   210  711s
  6554  3928 14487.0734   38  495 16189.7600 14141.0827  12.7%   211  723s
  6611  4009 15155.2913   55  221 16189.7600 14141.4525  12.7%   213  739s
  6710  4009 16096.7287   90  118 16189.7600 14141.4574  12.7%   213  740s
  6727  4031 14237.5427   26  559 16189.7600 14141.4574  12.7%   214  752s
  6749  4054 14811.8895   34  316 16189.7600 14141.4574  12.7%   216  765s
  6772  4163 14975.2803   42  308 16189.7600 14141.5409  12.7%   216  778s
  6906  4192 14612.3843   33  321 16189.7600 14142.9034  12.6%   216  791s
  6936  4301 14939.0533   51  323 16189.7600 14151.1610  12.6%   217  808s
  7062  4329 14332.1334   30  591 16189.7600 14151.1610  12.6%   218  823s
  7090  4364 14464.4273   41  458 16189.7600 14151.1610  12.6%   219  833s
  7125  4476 14792.1559   56  320 16189.7600 14151.3850  12.6%   221  852s
  7250  4693     cutoff  133      16189.7600 14152.8192  12.6%   221  880s
  7532  4840 15135.7068   63  208 16189.7600 14154.4055  12.6%   220  906s
  7716  4880 infeasible  204      16189.7600 14158.6336  12.5%   219  929s
  7753  5073 14962.5549   46  171 16189.7600 14158.8864  12.5%   223  954s
  7810  5073 15350.2400  103    4 16189.7600 14158.8864  12.5%   222  955s
  7963  5182 16144.2280   93   50 16189.7600 14158.9751  12.5%   222  980s
  8082  5293 14941.7755   55  259 16189.7600 14160.0596  12.5%   224 1006s
  8252  5442 14737.4165   38  337 16189.7600 14168.3264  12.5%   224 1031s
  8444  5595 14582.7944   32  300 16189.7600 14170.5002  12.5%   224 1057s
  8603  5707 14959.7924   52  203 16189.7600 14170.6430  12.5%   225 1084s
  8693  5710 14439.3301   28  308 16189.7600 14170.6430  12.5%   224 1085s
  8743  5868     cutoff  126      16189.7600 14174.0645  12.5%   225 1110s
  8944  5994 14426.6878   40  515 16189.7600 14181.0705  12.4%   225 1136s
  9084  6089 15366.2813   84  259 16189.7600 14182.5314  12.4%   225 1159s
  9152  6089     cutoff  124      16189.7600 14185.7341  12.4%   225 1160s
  9191  6264 14685.8672   54  394 16189.7600 14186.5916  12.4%   226 1183s
  9386  6393 14432.7481   43  553 16189.7600 14187.3137  12.4%   225 1208s
  9534  6393 16180.7638  103   42 16189.7600 14187.3242  12.4%   225 1210s
  9544  6501 14339.4884   36  585 16189.7600 14187.3242  12.4%   226 1235s
  9664  6599 14859.9596   77  279 16189.7600 14190.4136  12.3%   227 1268s
  9729  6599 15033.0311   38  430 16189.7600 14190.4136  12.3%   228 1270s
  9772  6742 15040.9161   39  384 16189.7600 14190.9825  12.3%   227 1294s
  9797  6742 15829.6165   64  155 16189.7600 14190.9825  12.3%   228 1295s
  9947  6914 14427.1024   42  534 16189.7600 14195.1497  12.3%   227 1320s
 10150  6966 14246.2138   38  565 16189.7600 14195.2523  12.3%   226 1344s
 10186  6966     cutoff  153      16189.7600 14195.2523  12.3%   227 1345s
 10204  7097 15170.6077   74  152 16189.7600 14197.9764  12.3%   229 1371s
 10352  7198 15746.0767   87   67 16189.7600 14199.5370  12.3%   229 1398s
 10473  7377 15044.3117   82  147 16189.7600 14199.5530  12.3%   230 1429s
 10492  7377 15182.6630  101   16 16189.7600 14199.5530  12.3%   229 1430s
 10703  7598     cutoff  180      16189.7600 14201.6878  12.3%   229 1465s
 10951  7828 14690.1070   32  301 16189.7600 14202.9523  12.3%   228 1495s
 11247  7967 14812.3571   42  291 16189.7600 14203.8099  12.3%   226 1526s
 11399  8130 14588.6847   61  331 16189.7600 14207.4822  12.2%   226 1554s
 11459  8130 15597.7453  121   47 16189.7600 14207.4822  12.2%   226 1555s
 11599  8438 14972.9252   51  226 16189.7600 14208.5223  12.2%   227 1587s
 11958  8630 infeasible  176      16189.7600 14208.8687  12.2%   223 1618s
 12118  8638 16075.7100  189    8 16189.7600 14208.8796  12.2%   222 1620s
 12183  8900 15013.2507   50  283 16189.7600 14209.3194  12.2%   222 1646s
 12479  9105 infeasible  144      16189.7600 14217.1836  12.2%   220 1678s
 12725  9210 14597.2659   32  384 16189.7600 14217.8934  12.2%   220 1707s
 12851  9323 infeasible   89      16189.7600 14218.9882  12.2%   220 1734s
 12909  9323 14329.6622   42  556 16189.7600 14223.5952  12.1%   221 1735s
 12985  9537 14479.6248   46  517 16189.7600 14226.5843  12.1%   222 1762s
 13164  9538 16173.1000  214    4 16189.7600 14226.5843  12.1%   220 1765s
 13238  9658 infeasible  216      16189.7600 14227.6731  12.1%   220 1792s
 13371  9776 15499.1190   61  238 16189.7600 14228.0963  12.1%   221 1822s
 13520  9820 14336.8837   42  499 16189.7600 14231.6051  12.1%   223 1845s
 13563  9872 14543.2018   47  384 16189.7600 14231.6051  12.1%   225 1866s
 13615  9943 14470.0212   59  426 16189.7600 14231.6051  12.1%   227 1886s
 13686 10083 14597.0727   63  320 16189.7600 14231.6051  12.1%   229 1913s
 13826 10455 14710.0931   71  270 16189.7600 14231.6051  12.1%   230 1946s
 14112 10455 15919.3236  175   50 16189.7600 14231.6051  12.1%   229 1950s
 14290 10653 15398.4678  101  114 16189.7600 14232.9099  12.1%   227 1980s
 14534 10724 14899.3203   69  211 16189.7600 14234.7775  12.1%   227 2010s
 14633 10886 14647.6912   48  493 16189.7600 14235.1926  12.1%   228 2038s
 14729 10886 16091.1921  129  101 16189.7600 14235.1926  12.1%   228 2040s
 14844 11155 14397.3121   41  583 16189.7600 14235.3687  12.1%   228 2070s
 15154 11279 14409.8250   30  389 16189.7600 14237.3297  12.1%   227 2101s
 15287 11378 15348.3964   54  210 16189.7600 14237.8636  12.1%   228 2128s
 15400 11619 14695.2648   45  396 16189.7600 14238.1161  12.1%   229 2155s
 15710 11661 14348.3855   41  559 16189.7600 14241.3438  12.0%   228 2186s
 15752 11760 14516.0819   47  485 16189.7600 14241.3438  12.0%   229 2211s
 15865 11891 14728.3276   59  384 16189.7600 14241.3438  12.0%   230 2240s
 16026 12137 15092.8539   78  258 16189.7600 14242.6854  12.0%   231 2268s
 16122 12137 16068.2023  126   89 16189.7600 14242.6854  12.0%   232 2270s
 16306 12203 14337.9794   32  570 16189.7600 14242.8979  12.0%   231 2295s
 16374 12349 15704.3153   78   74 16189.7600 14246.3415  12.0%   232 2322s
 16532 12561 15977.6607  124   42 16189.7600 14246.4717  12.0%   232 2351s
 16795 12914 16152.1100  124    - 16189.7600 14247.3014  12.0%   232 2387s
 17037 12929 15922.0500  180   11 16189.7600 14248.2911  12.0%   231 2390s
 17235 13059     cutoff  126      16189.7600 14248.4934  12.0%   229 2420s
 17391 13193 14406.4196   35  428 16189.7600 14250.2600  12.0%   229 2448s
 17475 13193 15710.2562   67  104 16189.7600 14250.2600  12.0%   230 2450s
 17538 13279 15771.8498   68  128 16189.7600 14251.4445  12.0%   230 2479s
 17557 13279 15880.2418   75   99 16189.7600 14251.4445  12.0%   230 2480s
 17637 13412 15003.2220   54  256 16189.7600 14251.5146  12.0%   231 2506s
 17782 13646 15098.1677   80  221 16189.7600 14253.1055  12.0%   231 2535s
 18074 13725 16087.4488  109   71 16189.7600 14254.9702  12.0%   231 2564s
 18113 13725 14617.5851   43  493 16189.7600 14254.9820  12.0%   231 2565s
 18186 13888 14960.3708   54  199 16189.7600 14255.0670  12.0%   232 2597s
 18377 14084 15155.4700   70  286 16189.7600 14255.7815  11.9%   232 2628s
 18455 14084 16121.9200  145   10 16189.7600 14255.7815  11.9%   231 2630s
 18603 14248 14835.9788   66  368 16189.7600 14258.0913  11.9%   231 2660s
 18779 14314 15054.1798   50  215 16189.7600 14258.0913  11.9%   231 2694s
 18829 14314 16093.4927  161   31 16189.7600 14258.0913  11.9%   230 2695s
 18866 14499 15198.1882   62  249 16189.7600 14258.4739  11.9%   230 2723s
 18946 14499 16145.2586  135   38 16189.7600 14258.4739  11.9%   230 2725s
 19102 14556     cutoff  141      16189.7600 14258.9627  11.9%   229 2753s
 19163 14722 14685.9616   55  435 16189.7600 14259.4115  11.9%   230 2781s
 19361 14883 14562.2643   32  438 16189.7600 14261.1222  11.9%   230 2809s
 19382 14883 15023.2026   53  384 16189.7600 14261.1222  11.9%   230 2810s
 19542 14946 14426.8649   37  400 16189.7600 14261.4964  11.9%   230 2835s
 19605 15190 14960.1186   59  225 16189.7600 14261.5257  11.9%   231 2866s
 19888 15386 14373.6004   29  380 16189.7600 14261.5257  11.9%   231 2896s
 20093 15574 14759.0489   60  226 16189.7600 14261.5274  11.9%   232 2926s
 20357 15773 14900.2996   35  125 16189.7600 14262.6462  11.9%   231 2962s
 20600 15913     cutoff  100      16189.7600 14264.0820  11.9%   231 2993s
 20762 16153 14652.5408   40  431 16189.7600 14264.8755  11.9%   231 3024s
 20786 16153 15549.0772   64  208 16189.7600 14264.8755  11.9%   231 3025s
 21040 16286 14437.4158   39  567 16189.7600 14265.6238  11.9%   230 3058s
 21146 16286 16096.5199  136   51 16189.7600 14265.6238  11.9%   229 3060s
 21214 16402 14347.9931   37  676 16189.7600 14266.0452  11.9%   230 3089s
 21254 16402 14907.7434   77  190 16189.7600 14266.0452  11.9%   230 3090s
 21349 16542 14927.5177   80  186 16189.7600 14266.1778  11.9%   230 3119s
 21406 16542 15753.2583  137   62 16189.7600 14266.1778  11.9%   229 3120s
 21555 16660 14794.1205   41  329 16189.7600 14266.8253  11.9%   230 3149s
 21603 16660 15613.7151   60  158 16189.7600 14266.8253  11.9%   230 3150s
 21711 16766 14368.1378   37  593 16189.7600 14266.8253  11.9%   230 3179s
 21728 16766 14668.7075   48  452 16189.7600 14266.8253  11.9%   231 3180s
 21843 16806 14542.7667   46  537 16189.7600 14266.8253  11.9%   231 3206s
 21884 16959 14752.6912   56  370 16189.7600 14266.8253  11.9%   233 3232s
 22033 16959 16021.4308  113   74 16189.7600 14266.8253  11.9%   233 3235s
 22052 17160 15270.6791   96   74 16189.7600 14268.8429  11.9%   233 3264s
 22134 17160 15636.1200  137    4 16189.7600 14268.8429  11.9%   233 3265s
 22312 17222 16078.9771  144    5 16189.7600 14269.2393  11.9%   233 3294s
 22383 17387 16137.5200  147   14 16189.7600 14269.4114  11.9%   234 3323s
*22384 16958             148    16138.120000 14269.4114  11.6%   233 3323s
*22387 16464             147    16094.120000 14269.4114  11.3%   233 3323s
 22569 16519 15764.8130  116   68 16094.1200 14269.5668  11.3%   234 3573s
H22608 15323                    15968.440000 14269.5668  10.6%   234 3574s
 22658 15390 14693.2526   45  318 15968.4400 14269.5994  10.6%   233 3600s

Cutting planes:
  User: 8087
  Gomory: 28
  Cover: 517
  Implied bound: 149
  Projected implied bound: 19
  Clique: 31
  MIR: 115
  StrongCG: 2
  Flow cover: 343
  GUB cover: 1
  Zero half: 16
  Network: 2
  RLT: 294
  Relax-and-lift: 13
  Lazy constraints: 2092

Explored 22785 nodes (5337267 simplex iterations) in 3601.55 seconds
Thread count was 2 (of 32 available processors)

Solution count 10: 15968.4 16094.1 16138.1 ... 17350.5

Time limit reached
Best objective 1.596844000000e+04, best bound 1.427017449806e+04, gap 10.6351%

User-callback calls 526986, time in user-callback 169.42 sec
================================================================================
executing instance: ./input/Instances/Original/2/absH3high_4n10.dat
--------------------------------------------------------------------------------
Instance details
n	11
H	3
C	822
Li:
[0, 0, 0, 0, 0, 0, 0, 0, 0, 0, 0, ]
Ui:
[0, 102, 52, 88, 182, 153, 138, 38, 165, 297, 86, ]
Distance matrix:
|0	285	411	382	327	239	148	256	307	36	383	|
|285	0	352	98	249	103	227	235	120	268	209	|
|411	352	0	395	106	430	263	549	234	429	174	|
|382	98	395	0	302	173	320	288	168	364	227	|
|327	249	106	302	0	324	179	444	135	339	109	|
|239	103	430	173	324	0	241	132	212	212	305	|
|148	227	263	320	179	241	0	325	192	165	249	|
|256	235	549	288	444	132	325	0	342	220	436	|
|307	120	234	168	135	212	192	342	0	304	94	|
|36	268	429	364	339	212	165	220	304	0	386	|
|383	209	174	227	109	305	249	436	94	386	0	|

--------------------------------------------------------------------------------
Building model...
	using lazy and cut (CVRPSEP package)
Solving IRP LP...
--------------------------------------------------------------------------------

Gurobi 9.1.0 (linux64) logging started Sun Feb  7 07:39:32 2021

Gurobi Optimizer version 9.1.0 build v9.1.0rc0 (linux64)
Thread count: 32 physical cores, 32 logical processors, using up to 2 threads
Optimize a model with 419 rows, 956 columns and 3812 nonzeros
Model fingerprint: 0xe912219c
Variable types: 164 continuous, 792 integer (132 binary)
Coefficient statistics:
  Matrix range     [1e+00, 5e+02]
  Objective range  [2e-01, 5e+02]
  Bounds range     [1e+00, 3e+02]
  RHS range        [1e+00, 1e+03]
Presolve removed 104 rows and 51 columns
Presolve time: 0.04s
Presolved: 315 rows, 905 columns, 3380 nonzeros
Variable types: 102 continuous, 803 integer (679 binary)

Root relaxation: objective 4.143339e+03, 465 iterations, 0.01 seconds

    Nodes    |    Current Node    |     Objective Bounds      |     Work
 Expl Unexpl |  Obj  Depth IntInf | Incumbent    BestBd   Gap | It/Node Time

     0     0 4143.33915    0   66          - 4143.33915      -     -    0s
     0     0 4350.97618    0   63          - 4350.97618      -     -    0s
     0     0 4653.46465    0  108          - 4653.46465      -     -    0s
     0     0 4657.94148    0  104          - 4657.94148      -     -    0s
     0     0 4657.98546    0   95          - 4657.98546      -     -    0s
     0     0 4744.45304    0  149          - 4744.45304      -     -    0s
     0     0 4756.06268    0  142          - 4756.06268      -     -    0s
     0     0 4759.73567    0  141          - 4759.73567      -     -    0s
     0     0 4820.21036    0  114          - 4820.21036      -     -    0s
     0     0 4826.22073    0  143          - 4826.22073      -     -    0s
     0     0 4828.47234    0  136          - 4828.47234      -     -    0s
     0     0 4854.38031    0  145          - 4854.38031      -     -    0s
     0     0 4855.44024    0  153          - 4855.44024      -     -    0s
     0     0 4855.45483    0  153          - 4855.45483      -     -    0s
     0     0 4858.23000    0  146          - 4858.23000      -     -    0s
     0     0 4858.23000    0  140          - 4858.23000      -     -    0s
     0     2 4864.20654    0  144          - 4864.20654      -     -    0s
H  156   137                    6967.4000000 4964.18654  28.8%  76.7    0s
H  161   146                    6821.0600000 4964.18654  27.2%  75.9    0s
H  233   163                    6621.9200000 4996.59158  24.5%  62.0    1s
H  235   159                    6526.2900000 4996.59158  23.4%  63.9    1s
H  397   205                    6365.7600000 5006.79237  21.3%  64.4    1s
H  420   216                    6301.6800000 5020.38801  20.3%  66.1    1s
H  483   260                    6279.6800000 5020.38801  20.1%  67.5    2s
H  490   256                    6239.6800000 5020.38801  19.5%  67.3    2s
H  785   397                    6235.7200000 5113.56614  18.0%  68.3    4s
   801   406 5577.77210   23   53 6235.72000 5113.56614  18.0%  68.8    5s
H  883   408                    6211.0000000 5113.56614  17.7%  67.6    5s
  1909   631 infeasible   39      6211.00000 5340.81322  14.0%  64.5   10s
H 1998   641                    6134.1100000 5357.32522  12.7%  64.4   10s
  3284  1086 5741.15973   23   92 6134.11000 5457.25159  11.0%  65.2   15s
H 3327  1063                    6090.1100000 5457.25159  10.4%  65.4   15s
  4822  1444     cutoff   31      6090.11000 5571.67709  8.51%  65.3   20s
  6282  1672     cutoff   27      6090.11000 5642.01775  7.36%  65.1   25s
  7829  1733     cutoff   28      6090.11000 5708.97581  6.26%  64.8   30s
H 7831  1579                    6010.4500000 5708.97581  5.02%  64.8   30s
H 8139  1440                    5991.4500000 5725.75333  4.43%  64.9   31s
  9382   988     cutoff   27      5991.45000 5813.77663  2.97%  64.5   35s

Cutting planes:
  User: 208
  Gomory: 12
  Cover: 101
  Implied bound: 64
  Projected implied bound: 9
  Clique: 2
  MIR: 122
  StrongCG: 3
  Flow cover: 102
  Inf proof: 7
  Zero half: 1
  RLT: 96
  Relax-and-lift: 19
  Lazy constraints: 9

Explored 11005 nodes (669814 simplex iterations) in 38.05 seconds
Thread count was 2 (of 32 available processors)

Solution count 10: 5991.45 6010.45 6090.11 ... 6365.76

Optimal solution found (tolerance 1.00e-04)
Best objective 5.991450000000e+03, best bound 5.991450000000e+03, gap 0.0000%

User-callback calls 26960, time in user-callback 3.49 sec
================================================================================
executing instance: ./input/Instances/Original/2/absH3high_3n20.dat
--------------------------------------------------------------------------------
Instance details
n	21
H	3
C	1536
Li:
[0, 0, 0, 0, 0, 0, 0, 0, 0, 0, 0, 0, 0, 0, 0, 0, 0, 0, 0, 0, 0, ]
Ui:
[0, 48, 207, 156, 294, 207, 297, 54, 114, 90, 228, 132, 84, 64, 51, 153, 60, 39, 195, 82, 130, ]
Distance matrix:
|0	41	141	324	154	98	307	402	160	217	284	269	188	233	54	185	307	149	286	276	103	|
|41	0	114	285	184	88	285	385	200	197	251	230	189	270	48	205	295	160	245	241	62	|
|141	114	0	200	208	193	353	459	269	275	289	154	129	371	160	192	380	136	205	267	88	|
|324	285	200	0	406	330	386	484	467	344	286	57	299	555	318	380	442	327	114	255	226	|
|154	184	208	406	0	250	460	553	101	370	436	361	136	247	208	63	455	87	405	425	232	|
|98	88	193	330	250	0	211	304	232	121	204	273	276	249	44	283	210	244	259	204	113	|
|307	285	353	386	460	211	0	106	436	90	104	342	467	407	253	490	72	445	275	134	269	|
|402	385	459	484	553	304	106	0	517	188	198	443	570	463	348	587	102	545	371	229	373	|
|160	200	269	467	101	232	436	517	0	349	434	417	231	148	200	163	415	179	444	431	261	|
|217	197	275	344	370	121	90	188	349	0	111	293	382	335	163	400	106	357	244	128	187	|
|284	251	289	286	436	204	104	198	434	111	0	246	413	441	235	452	170	401	173	31	214	|
|269	230	154	57	361	273	342	443	417	293	246	0	266	500	261	342	393	286	85	215	170	|
|188	189	129	299	136	276	467	570	231	382	413	266	0	368	233	88	483	53	330	394	201	|
|233	270	371	555	247	249	407	463	148	335	441	500	368	0	242	310	364	316	504	448	330	|
|54	48	160	318	208	44	253	348	200	163	235	261	233	242	0	239	254	200	262	230	92	|
|185	205	192	380	63	283	490	587	163	400	452	342	88	310	239	0	492	56	397	438	240	|
|307	295	380	442	455	210	72	102	415	106	170	393	483	364	254	492	0	453	334	198	293	|
|149	160	136	327	87	244	445	545	179	357	401	286	53	316	200	56	453	0	341	385	188	|
|286	245	205	114	405	259	275	371	444	244	173	85	330	504	262	397	334	341	0	142	183	|
|276	241	267	255	425	204	134	229	431	128	31	215	394	448	230	438	198	385	142	0	198	|
|103	62	88	226	232	113	269	373	261	187	214	170	201	330	92	240	293	188	183	198	0	|

--------------------------------------------------------------------------------
Building model...
	using lazy and cut (CVRPSEP package)
Solving IRP LP...
--------------------------------------------------------------------------------

Gurobi 9.1.0 (linux64) logging started Sun Feb  7 07:40:10 2021

