




arguments: ./build/mirp_solver -f ./input/orig_exec_382.cfg
Current dir: /scratch/gui/bnc_mirp
File verbosity level: 9
date       time         ( uptime  ) [ thread name/id ]                   file:line     v| 
2021-01-29 02:16:09.517 (   1.400s) [main thread     ]             loguru.cpp:789   INFO| Logging to './output/vi_hc1_quarter/OU/V4/Original/execution_29_01_2021_02_16_09.log', mode: 'a', verbosity: 9
--------------------------------------------------------------------------------
Parameters
                           instance_path           ./input/Instances/Original/6/
                            model_policy                                       1
                             nb_vehicles                                       4
                              output_dir ./output/vi_hc1_quarter/OU/V4/Original/
                            sec_strategy                                       1
                       solver_nb_threads                                       2
                         solver_show_log                                    true
                       solver_time_limit                                    3600
                              use_vi_cos                                   false
                              use_vi_cus                                   false
                         use_vi_hc1_full                                   false
                         use_vi_hc1_half                                   false
                      use_vi_hc1_quarter                                    true
                              use_vi_hc2                                   false
                              use_vi_hc3                                   false
                         use_vi_lex_full                                   false
                         use_vi_lex_half                                   false
                      use_vi_lex_quarter                                   false
                              use_vi_qua                                   false
                               use_vi_vc                                   false
                               use_vi_vr                                   false
--------------------------------------------------------------------------------
executing instance: ./input/Instances/Original/6/absH6high_1n25.dat
--------------------------------------------------------------------------------
Instance details
n	26
H	6
C	1711
Li:
[0, 0, 0, 0, 0, 0, 0, 0, 0, 0, 0, 0, 0, 0, 0, 0, 0, 0, 0, 0, 0, 0, 0, 0, 0, 0, ]
Ui:
[0, 168, 176, 34, 66, 36, 177, 106, 118, 182, 64, 141, 189, 63, 46, 111, 182, 231, 36, 66, 68, 54, 132, 90, 246, 75, ]
Distance matrix:
|0	191	200	231	334	329	146	196	208	245	218	164	283	394	151	358	156	196	309	253	201	260	127	138	130	104	|
|191	0	226	229	278	146	328	216	390	417	327	293	195	334	106	296	171	122	472	151	12	411	280	53	190	130	|
|200	226	0	38	149	359	321	10	276	274	418	364	139	204	121	173	321	115	303	141	225	236	155	202	311	256	|
|231	229	38	0	110	352	358	37	314	310	448	395	108	167	129	135	342	109	336	120	226	268	194	213	335	277	|
|334	278	149	110	0	367	467	147	422	413	546	495	86	61	203	25	423	163	429	129	271	363	303	282	424	361	|
|329	146	359	352	367	0	453	349	533	562	411	393	282	411	245	378	250	244	617	245	141	556	426	195	284	243	|
|146	328	321	358	467	453	0	321	162	215	160	112	425	524	297	491	223	341	284	397	339	266	186	276	184	210	|
|196	216	10	37	147	349	321	0	281	281	414	360	132	203	112	171	315	105	311	132	216	244	159	193	305	249	|
|208	390	276	314	422	533	162	281	0	54	321	271	410	471	316	445	348	348	123	398	398	115	125	338	313	309	|
|245	417	274	310	413	562	215	281	54	0	375	323	413	457	334	435	393	361	70	406	424	69	139	367	359	349	|
|218	327	418	448	546	411	160	414	321	375	0	57	484	606	347	569	163	393	444	446	339	421	318	288	137	199	|
|164	293	364	395	495	393	112	360	271	323	57	0	437	556	300	519	144	346	393	401	305	367	261	249	109	163	|
|283	195	139	108	86	282	425	132	410	413	484	437	0	139	137	101	349	91	443	44	187	375	286	206	355	291	|
|394	334	204	167	61	411	524	203	471	457	606	556	139	0	264	38	483	222	467	183	326	403	356	341	484	421	|
|151	106	121	129	203	245	297	112	316	334	347	300	137	264	0	225	220	46	381	102	106	316	195	84	221	158	|
|358	296	173	135	25	378	491	171	445	435	569	519	101	38	225	0	444	184	450	145	288	384	328	303	446	383	|
|156	171	321	342	423	250	223	315	348	393	163	144	349	483	220	444	0	261	460	308	183	415	284	143	39	65	|
|196	122	115	109	163	244	341	105	348	361	393	346	91	222	46	184	261	0	402	56	118	336	224	119	264	200	|
|309	472	303	336	429	617	284	311	123	70	444	393	443	467	381	450	460	402	0	442	477	68	192	424	426	413	|
|253	151	141	120	129	245	397	132	398	406	446	401	44	183	102	145	308	56	442	0	143	375	273	164	315	251	|
|201	12	225	226	271	141	339	216	398	424	339	305	187	326	106	288	183	118	477	143	0	416	286	63	202	142	|
|260	411	236	268	363	556	266	244	115	69	421	367	375	403	316	384	415	336	68	375	416	0	135	365	384	363	|
|127	280	155	194	303	426	186	159	125	139	318	261	286	356	195	328	284	224	192	273	286	135	0	232	256	229	|
|138	53	202	213	282	195	276	193	338	367	288	249	206	341	84	303	143	119	424	164	63	365	232	0	153	89	|
|130	190	311	335	424	284	184	305	313	359	137	109	355	484	221	446	39	264	426	315	202	384	256	153	0	64	|
|104	130	256	277	361	243	210	249	309	349	199	163	291	421	158	383	65	200	413	251	142	363	229	89	64	0	|

--------------------------------------------------------------------------------
Building model...
	using lazy and cut (CVRPSEP package)
Solving IRP LP...
--------------------------------------------------------------------------------

Gurobi 9.1.0 (linux64) logging started Fri Jan 29 02:16:09 2021

Gurobi Optimizer version 9.1.0 build v9.1.0rc0 (linux64)
Thread count: 32 physical cores, 32 logical processors, using up to 2 threads
Optimize a model with 1826 rows, 9206 columns and 22562 nonzeros
Model fingerprint: 0x0637c4a5
Variable types: 782 continuous, 8424 integer (624 binary)
Coefficient statistics:
  Matrix range     [1e+00, 4e+02]
  Objective range  [1e-01, 6e+02]
  Bounds range     [1e+00, 2e+02]
  RHS range        [1e+01, 3e+03]
Presolve removed 296 rows and 980 columns
Presolve time: 0.05s
Presolved: 1530 rows, 8226 columns, 19027 nonzeros
Variable types: 714 continuous, 7512 integer (6948 binary)

Root relaxation: objective 1.430226e+04, 2279 iterations, 0.06 seconds

    Nodes    |    Current Node    |     Objective Bounds      |     Work
 Expl Unexpl |  Obj  Depth IntInf | Incumbent    BestBd   Gap | It/Node Time

     0     0 14302.2551    0  237          - 14302.2551      -     -    0s
     0     0 14577.9436    0  264          - 14577.9436      -     -    0s
     0     0 14590.9112    0  286          - 14590.9112      -     -    0s
     0     0 14594.3645    0  282          - 14594.3645      -     -    0s
     0     0 14598.4829    0  284          - 14598.4829      -     -    0s
     0     0 14598.5844    0  283          - 14598.5844      -     -    0s
     0     0 15002.5496    0  286          - 15002.5496      -     -    1s
     0     0 15063.8374    0  325          - 15063.8374      -     -    1s
     0     0 15072.5533    0  324          - 15072.5533      -     -    1s
     0     0 15073.1984    0  339          - 15073.1984      -     -    1s
     0     0 15073.2179    0  343          - 15073.2179      -     -    1s
     0     0 15553.1215    0  339          - 15553.1215      -     -    1s
     0     0 15668.4031    0  395          - 15668.4031      -     -    1s
     0     0 15727.8373    0  380          - 15727.8373      -     -    2s
     0     0 15739.1912    0  361          - 15739.1912      -     -    2s
     0     0 15741.6304    0  396          - 15741.6304      -     -    2s
     0     0 15742.5678    0  394          - 15742.5678      -     -    2s
     0     0 15917.0392    0  429          - 15917.0392      -     -    2s
     0     0 15977.0156    0  419          - 15977.0156      -     -    2s
     0     0 15984.7011    0  466          - 15984.7011      -     -    2s
     0     0 15993.2314    0  449          - 15993.2314      -     -    3s
     0     0 15997.2887    0  422          - 15997.2887      -     -    3s
     0     0 15997.3522    0  473          - 15997.3522      -     -    3s
     0     0 16122.1887    0  451          - 16122.1887      -     -    3s
     0     0 16137.4002    0  414          - 16137.4002      -     -    4s
     0     0 16139.5213    0  438          - 16139.5213      -     -    4s
     0     0 16195.7189    0  380          - 16195.7189      -     -    4s
     0     0 16207.8708    0  453          - 16207.8708      -     -    5s
     0     0 16209.6282    0  508          - 16209.6282      -     -    5s
     0     0 16224.9455    0  484          - 16224.9455      -     -    5s
     0     0 16224.9455    0  455          - 16224.9455      -     -    6s
     0     2 16225.4803    0  455          - 16225.4803      -     -    8s
     3     6 16254.1405    2  473          - 16232.5923      -  1255   10s
    19    22 16526.2860    6  453          - 16270.8886      -  1456   15s
    53    59 16611.9147   14  424          - 16270.8886      -   853   20s
    99   102 16971.9590   21  348          - 16270.8886      -   672   25s
   157   168 17079.5918   37  315          - 16270.8886      -   577   46s
   203   216 17289.1145   45  326          - 16270.8886      -   529   50s
   290   320 17479.5445   59  363          - 16270.8886      -   425   55s
   463   508 17866.2931   77  228          - 16270.8886      -   307   60s
   569   565 18650.9694  110  172          - 16270.8886      -   281   65s
   691   696 20984.7016  178  138          - 16361.8663      -   260   71s
   746   710 21824.3991  216  239          - 16361.8663      -   258   75s
   760   719 17720.7374   54  597          - 16597.3823      -   253   80s
   771   727 21194.0110  189  622          - 16632.5141      -   249   88s
   773   728 19707.5407  136  603          - 16633.4150      -   249   91s
   774   732 16641.3864   11  512          - 16634.9202      -   274  107s
   778   734 16693.3822   12  475          - 16642.7835      -   276  113s
   780   736 16653.5072   13  584          - 16643.0168      -   278  115s
   788   742 16662.4071   15  565          - 16655.0454      -   287  120s
   805   753 16728.1982   19  426          - 16662.4224      -   293  125s
   826   769 16775.2540   24  528          - 16662.4224      -   303  130s
   846   780 16974.9326   29  351          - 16662.4224      -   313  135s
   870   804 17017.3927   35  372          - 16662.4224      -   320  147s
   888   816 17084.9663   40  341          - 16662.4224      -   323  150s
   928   843 17196.5770   51  336          - 16662.4224      -   329  156s
   954   861 17261.8006   59  307          - 16662.4224      -   334  161s
   987   884 17407.3298   67  363          - 16662.4224      -   340  166s
  1009   898 17553.4982   73  377          - 16662.4224      -   343  170s
  1047   937 17595.6080   82  317          - 16662.4224      -   343  175s
  1130   995 17932.4347  101  256          - 16662.4224      -   337  183s
  1158  1021 17989.0205  107  323          - 16662.4224      -   336  186s
  1245  1091 18274.0754  125  236          - 16662.4224      -   327  192s
  1292  1117 18292.6992  135  271          - 16662.4224      -   322  195s
  1386  1193 18463.8079  153  278          - 16662.4224      -   313  201s
  1493  1276 18769.5392  175  272          - 16662.4224      -   303  206s
  1618  1362 18650.4259  201  237          - 16662.4224      -   291  212s
  1688  1435 18736.4607  218  183          - 16662.4224      -   285  216s
  1880  1599 19517.0949  270  119          - 16662.4224      -   270  225s
  2058  1694 19819.2474  338  104          - 16662.4224      -   257  230s
  2393  2081 20195.4636  428   89          - 16662.4224      -   234  239s
  2553  2028 21143.9538  508   63          - 16662.4224      -   223  240s
  2715  2099 infeasible  509               - 16662.4423      -   213  251s
  2864  2122 16945.2616   18  535          - 16662.4423      -   207  257s
  2963  2177 16956.3265   20  498          - 16662.4423      -   203  261s
  3076  2185 17052.4697   24  373          - 16662.4423      -   199  265s
  3098  2209 17168.0992   30  363          - 16662.4423      -   203  271s
  3119  2229 17321.5279   36  389          - 16662.4423      -   207  277s
  3128  2242 17390.9125   39  364          - 16662.4423      -   210  280s
  3155  2275 17623.5966   50  341          - 16662.4423      -   214  285s
  3200  2321 17857.7108   65  261          - 16662.4423      -   216  292s
  3220  2371 17927.0617   72  175          - 16662.4423      -   218  295s
  3272  2397 18739.6134   94  179          - 16671.3933      -   218  301s
  3338  2422 17005.2552   20  734          - 16671.3933      -   220  308s
  3354  2432 17078.8744   23  593          - 16671.3933      -   222  322s
  3364  2452 17099.5082   25  598          - 16671.3933      -   223  325s
  3403  2487 17181.3242   34  531          - 16671.3933      -   226  332s
  3419  2510 17326.0197   37  562          - 16671.3933      -   228  335s
  3456  2555 17335.0556   38  583          - 16671.3933      -   231  344s
  3487  2584 17481.3441   39  483          - 16671.3933      -   232  348s
  3516  2635 17488.6322   42  447          - 16671.3933      -   233  352s
  3567  2707 17525.8158   49  384          - 16671.3933      -   233  357s
  3641  2813 17660.7541   55  320          - 16671.3933      -   231  363s
  3747  2900 17792.1176   60  432          - 16671.3933      -   228  369s
  3836  3029 17822.1268   64  311          - 16671.3933      -   226  375s
  3971  3036 18053.8695   88  261          - 16671.3933      -   223  383s
  4000  3064 18108.7387   95  226          - 16671.3933      -   225  388s
  4030  3109 18167.1932  104  196          - 16671.3933      -   227  393s
  4075  3156 18287.4689  123  335          - 16671.3933      -   228  399s
  4109  3156 17381.8872   35  468          - 16671.3933      -   228  400s
  4122  3197 18520.6100  145  301          - 16671.3933      -   229  405s
  4163  3275 18567.5951  167  261          - 16671.3933      -   230  411s
  4243  3387 18603.0298  202  222          - 16671.3933      -   229  418s
  4355  3503 18866.7173  277  213          - 16671.3933      -   227  426s
  4471  3674 19168.5394  337  219          - 16671.3933      -   225  434s
  4574  3674 18145.5073   88  291          - 16671.3933      -   222  435s
  4642  3870 19387.5432  424  203          - 16671.3933      -   221  443s
  4852  4019 20517.4600  502  152          - 16671.3933      -   216  453s
  5001  4219 20633.9368  557  144          - 16683.7951      -   214  464s
  5249  4235 17187.2021   18  598          - 16693.3822      -   209  472s
  5265  4263 17338.8622   21  594          - 16693.3822      -   211  479s
  5293  4292 17468.3807   26  519          - 16693.3822      -   214  485s
  5322  4326 17523.8151   28  482          - 16693.3822      -   216  492s
  5356  4392 17556.5357   34  492          - 16693.3822      -   219  499s
  5390  4392 17580.0908   49  405          - 16693.3822      -   219  500s
  5422  4447 17690.9005   45  360          - 16693.3822      -   220  507s
  5477  4503 17994.9166   43  317          - 16693.3822      -   223  520s
  5533  4603 18070.1793   47  252          - 16693.3822      -   226  528s
  5633  4766 18140.1613   65  284          - 16693.3822      -   227  639s
  5736  4766 18425.1529  128  221          - 16693.3822      -   225  640s
  5801  4966 18825.7038  120  126          - 16693.3822      -   226  682s
  6015  5219 19497.5029  185  107          - 16693.3822      -   222  695s
  6374  5617 17193.0502   20  514          - 16693.3822      -   217  710s
  6830  5655 17347.7089   32  448          - 16693.3822      -   207  732s
  6868  5716 17629.4864   43  265          - 16693.3822      -   209  740s
  6929  5787 17868.8551   75  205          - 16693.3822      -   210  749s
  7000  6094 18330.7975  113  178          - 16693.3822      -   211  760s
  7309  6207 19034.7898  367  134          - 16709.7823      -   206  775s
  7460  6332 17505.1067   24  489          - 16709.7823      -   207  788s
  7585  6470 17537.0025   30  291          - 16709.7823      -   208  804s
  7677  6470 19325.7989  169  172          - 16709.7823      -   208  805s
  7747  6555 17733.2956   42  324          - 16709.7823      -   207  817s
  7832  6727 18041.6648   67  256          - 16709.7823      -   210  831s
  8004  7052 18676.2028  131  162          - 16752.7942      -   210  850s
  8387  7431 17648.5447   22  335          - 16752.7942      -   206  869s
  8423  7431 17801.8376   45  318          - 16752.7942      -   207  870s
  8783  7531 18037.7450   46  278          - 16752.7942      -   201  893s
  8907  7612 18264.1414   78  252          - 16752.7942      -   202  906s
  8988  7790 18763.7445  116  228          - 16752.7942      -   203  921s
  9166  8144 19541.4642  212  177          - 16752.7942      -   203  938s
  9324  8144 20145.0057  308  115          - 16752.7942      -   202  940s
  9520  8423 20842.6023  372  127          - 16757.5959      -   200  957s
  9849  8909 17483.3109   28  463          - 16757.5959      -   198  975s
 10341  9088 17610.4302   36  468          - 16757.5959      -   192  990s
 10571  9127 17741.4854   40  439          - 16757.5959      -   190 1002s
 10610  9235 17971.4623   54  317          - 16757.5959      -   192 1016s
 10718  9699 18864.2952   93  207          - 16757.5959      -   193 1033s
 10924  9699 19538.8890  274  115          - 16757.5959      -   191 1035s
 11186 10142 20859.9720  444   98          - 16771.0189      -   189 1051s
 11607 10142 24009.6295  649   12          - 16771.0189      -   183 1055s
 11714 10221 17402.1474   28  505          - 16771.0189      -   183 1066s
 11787 10377 17586.7632   36  470          - 16771.0189      -   185 1078s
 11943 10683 17853.0328   40  372          - 16771.0189      -   185 1093s
 12251 10930 17997.7555   56  300          - 16771.0189      -   183 1108s
 12426 10930 20638.1840  515   84          - 16771.0189      -   182 1110s
 12547 10995 18177.9450   68  284          - 16771.0189      -   181 1121s
 12612 11261 18453.0729   97  195          - 16771.0189      -   182 1133s
 12756 11261 18721.3309  217  214          - 16771.0189      -   181 1135s
 12878 11495 18932.6630  301  141          - 16773.2391      -   181 1148s
 13030 11495 20030.3780  401  123          - 16773.2391      -   179 1150s
 13160 11547 17361.8640   26  562          - 16773.2391      -   179 1160s
 13212 11678 17690.6797   34  442          - 16773.2391      -   181 1171s
 13343 11842 17730.9435   53  440          - 16773.2391      -   181 1184s
 13446 11842 19493.6212  170  212          - 16773.2391      -   182 1185s
 13509 12176 17957.6995   66  358          - 16773.2391      -   182 1199s
 13571 12176 19813.0355  195  233          - 16773.2391      -   182 1200s
 13908 12351 18329.2873  100  232          - 16805.1604      -   179 1216s
 14107 12374 17233.6872   24  492          - 16805.1604      -   179 1229s
 14130 12420 17481.9279   29  492          - 16805.1604      -   180 1240s
 14176 12503 17797.0285   36  365          - 16805.1604      -   181 1252s
 14259 12712 18063.0734   70  246          - 16805.1604      -   183 1276s
 14468 13187 18533.2775  208  164          - 16809.4123      -   182 1292s
 14763 13187 20465.9553  416   82          - 16809.4123      -   179 1295s
 15029 13301 17437.9560   29  572          - 16809.4123      -   178 1308s
 15143 13599 17705.1405   34  507          - 16809.4123      -   178 1323s
 15472 13640 17714.0223   44  434          - 16809.4123      -   176 1336s
 15513 13786 18109.8237   59  219          - 16809.4123      -   178 1360s
 15659 14100 18519.9591  144  196          - 16809.4123      -   178 1376s
 15985 14500 19468.8382  337   80          - 16812.7768      -   176 1391s
 16437 14597 17326.0305   20  545          - 16812.7768      -   174 1407s
 16559 14627 17571.6487   28  537          - 16812.7768      -   174 1418s
 16589 14673 17692.5702   32  549          - 16812.7768      -   175 1429s
 16635 14734 17889.2889   40  352          - 16812.7768      -   176 1445s
 16696 14784 18090.9879   56  333          - 16812.7768      -   178 1541s
 16746 14970 18224.1998   75  263          - 16812.7768      -   178 1557s
 16932 15499 18696.6750  144  225          - 16812.7768      -   179 1574s
 17005 15499 19625.3703  179  203          - 16812.7768      -   179 1575s
 17480 16003 21237.2921  282  147          - 16828.8213      -   176 1595s
 18046 16073 17677.7369   25  497          - 16828.8213      -   172 1611s
 18116 16275 17846.6763   47  347          - 16828.8213      -   173 1625s
 18330 16498 18250.7709   89  138          - 16838.9748      -   173 1656s
 18593 16543 17641.6349   18  510          - 16839.5555      -   173 1668s
 18638 16613 17855.1938   36  318          - 16839.5555      -   174 1681s
 18708 16796 18081.5689   54  218          - 16839.5555      -   175 1694s
 18872 16796 18431.8208  129  153          - 16839.5555      -   175 1695s
 18891 17352 18268.9325  104  203          - 16839.5555      -   175 1710s
 19409 17352 19616.3534  270  110          - 16839.5555      -   172 1715s
 19467 17393 19000.8529  407  138          - 16867.2573      -   172 1728s
 19528 17444 17588.0741   31  494          - 16867.2573      -   173 1739s
 19579 17559 17877.7741   49  252          - 16867.2573      -   174 1752s
 19694 18093 18184.3787   96  139          - 16871.0987      -   174 1779s
 19802 18093 18480.1101  191  187          - 16871.0987      -   174 1780s
 20283 18166 17373.7328   21  631          - 16871.0987      -   171 1795s
 20356 18396 17632.5318   28  537          - 16871.0987      -   172 1810s
 20586 18609 17758.1721   42  372          - 16871.0987      -   172 1826s
 20859 18950 18074.9077   75  153          - 16871.0987      -   171 1843s
 20895 18950 18158.2335  106  171          - 16871.0987      -   171 1853s
 21076 18950 18573.9987  253   70          - 16871.0987      -   170 1855s
 21212 19377 19928.3826  326   75          - 16881.8204      -   170 1869s
 21324 19377 20350.6141  396   37          - 16881.8204      -   170 1870s
 21699 19425 17530.1666   21  518          - 16881.8204      -   168 1884s
 21747 19581 17537.2948   23  523          - 16881.8204      -   169 1901s
 21905 20176 17815.7544   36  486          - 16881.8204      -   169 1918s
 22073 20176 19167.3890  273  166          - 16881.8204      -   169 1920s
 22590 20281 18071.8268   45  269          - 16881.8204      -   166 1936s
 22694 20525 18413.5217   98  186          - 16881.8204      -   167 1950s
 22938 21079 19712.8616  241  113          - 16902.4163      -   166 1967s
 23229 21079 21140.4144  439   83          - 16902.4163      -   165 1970s
 23548 21575 17463.6899   17  402          - 16902.4163      -   164 1987s
 23889 21575 19770.5749  468   70          - 16902.4163      -   163 1990s
 24151 21620 17808.3806   27  364          - 16902.4163      -   161 2002s
 24196 21690 18003.6321   46  214          - 16902.4163      -   162 2014s
 24266 21836 18161.0120   71  182          - 16902.4163      -   162 2026s
 24412 22446 18438.6789  131  156          - 16902.4163      -   163 2047s
 24876 22446 18550.8908  224   74          - 16902.4163      -   161 2050s
 25022 22883 18989.7694  347   87          - 16912.9527      -   161 2065s
 25455 22885 24025.3150  489   18          - 16914.2872      -   159 2070s
 25561 22917 17179.8476   21  606          - 16914.2872      -   159 2081s
 25593 22954 17408.6249   25  491          - 16914.2872      -   159 2091s
 25630 23012 17506.8677   37  562          - 16914.2872      -   160 2103s
 25690 23107 18196.5533   57  202          - 16914.2872      -   161 2116s
 25785 23381 17956.3740   75  209          - 16914.2872      -   161 2129s
 25821 23381 18127.4280   99  164          - 16914.2872      -   161 2130s
 26059 23933 18254.6848  140  232          - 16914.2872      -   161 2145s
 26548 23933 19886.8563  341   63          - 16914.2872      -   159 2150s
 26653 23989 19784.4672  402  115          - 16916.9796      -   159 2161s
 26731 24083 18128.6828   35  348          - 16916.9796      -   159 2173s
 26827 24231 18338.8114   52  147          - 16916.9796      -   160 2186s
 26982 24455 18651.7502   94  173          - 16916.9796      -   160 2201s
 27219 25146 19032.8805  222  159          - 16921.2488      -   160 2218s
 27445 25146 21474.0805  372   85          - 16921.2488      -   159 2220s
 27961 25264 17759.9833   35  482          - 16921.2488      -   158 2234s
 28063 25264 23443.5585  494   32          - 16921.2488      -   157 2235s
 28136 25321 17937.4044   42  406          - 16921.2488      -   157 2245s
 28193 25434 18236.8680   63  200          - 16921.2488      -   158 2258s
 28306 25658 18693.4390  119   68          - 16921.2488      -   158 2271s
 28530 26015 20088.6302  244  157          - 16922.6961      -   158 2286s
 28968 26180 17523.4303   26  467          - 16922.6961      -   157 2308s
 29123 26747 17871.1582   36  404          - 16922.6961      -   158 2324s
 29157 26747 18873.5468  183  110          - 16922.6961      -   158 2325s
 29753 26840 18082.6726   50  227          - 16922.6961      -   156 2340s
 29840 26964 18442.2499   84  196          - 16922.6961      -   156 2352s
 29967 27610 19600.2245  150   75          - 16928.5035      -   157 2373s
 30147 27610 19876.6469  283  116          - 16928.5035      -   156 2375s
 30645 27672 17395.0003   30  501          - 16928.5035      -   155 2389s
 30707 27780 17757.3262   39  342          - 16928.5035      -   155 2400s
 30815 27970 17878.9208   48  355          - 16928.5035      -   156 2421s
 31005 28438 18063.9519   63  357          - 16928.5035      -   156 2441s
 31526 28535 18351.2581   88  287          - 16928.5035      -   155 2455s
 31623 28833 18733.1527  130  209          - 16928.5035      -   155 2468s
 31780 28833 19616.7381  236  135          - 16928.5035      -   155 2470s
 31923 29150 21217.6224  311  113          - 16946.5988      -   155 2483s
 32069 29150 21703.9984  385  100          - 16946.5988      -   154 2485s
 32260 29302 17299.7044   21  630          - 16946.5988      -   154 2498s
 32412 29746 17410.6612   23  628          - 16946.5988      -   155 2518s
 32645 29746 19646.3209  326   36          - 16946.5988      -   154 2520s
 32910 29776 17694.6978   32  480          - 16946.5988      -   153 2531s
 32940 29811 17885.6357   43  391          - 16946.5988      -   154 2542s
 32975 29920 18124.8711   56  374          - 16946.5988      -   154 2552s
 33084 30356 18442.4055  107  169          - 16950.4971      -   155 2571s
 33548 30639 17300.9469   20  596          - 16950.4971      -   154 2587s
 33837 30793 17527.4205   27  496          - 16950.4971      -   153 2601s
 34050 30855 17799.1409   41  331          - 16950.4971      -   153 2620s
 34112 30963 18134.7093   62  302          - 16950.4971      -   154 2631s
 34222 31198 18645.7292  118  100          - 16950.9243      -   154 2645s
 34485 31282 17537.7736   23  460          - 16950.9243      -   154 2657s
 34571 31513 17602.7880   28  538          - 16950.9243      -   154 2671s
 34802 31681 17793.4617   34  290          - 16950.9243      -   154 2684s
 34998 31716 17844.5485   42  492          - 16950.9243      -   154 2696s
 35033 31754 18029.2382   55  450          - 16950.9243      -   154 2722s
 35071 31825 18178.3941   67  381          - 16950.9243      -   155 2733s
 35142 32091 18451.2303  104  229          - 16950.9243      -   155 2746s
 35410 32314 19691.3421  280   61          - 16954.2217      -   155 2760s
 35672 32389 17713.2622   32  346          - 16954.2217      -   155 2773s
 35747 32684 18107.2266   55  140          - 16954.2217      -   155 2791s
 36046 33262 18682.7473  160  157          - 16954.2217      -   155 2808s
 36300 33262 20288.1444  341   89          - 16954.2217      -   154 2810s
 36659 33442 23240.6548  385   93          - 16956.3265      -   154 2823s
 36883 33507 17391.2210   27  443          - 16956.3265      -   153 2834s
 36948 33622 17779.3966   36  416          - 16956.3265      -   154 2846s
 37063 34081 18136.7732   65  295          - 16956.3265      -   154 2863s
 37254 34081 19097.6899  156   86          - 16956.3265      -   154 2865s
 37576 34345 18636.2838  110  233          - 16956.3265      -   153 2879s
 37612 34345 18760.5918  139  229          - 16956.3265      -   153 2880s
 37860 34576 21968.9201  278   59          - 16958.5410      -   153 2894s
 37896 34579 22004.1215  295   14          - 16958.5410      -   153 2895s
 38217 34643 17411.6349   30  545          - 16958.5410      -   152 2907s
 38264 34739 17661.9272   37  356          - 16958.5410      -   153 2918s
 38360 35196 17973.6417   56  319          - 16958.5410      -   153 2934s
 38398 35196 18242.1040   73  198          - 16958.5410      -   154 2951s
 38843 35497 18420.1493   92   50          - 16958.9266      -   153 2966s
 39176 35530 17299.0149   22  628          - 16958.9266      -   152 2978s
 39209 35624 17646.7871   30  416          - 16958.9266      -   153 2990s
 39303 36071 17921.2382   43  364          - 16958.9266      -   153 3017s
 39627 36071 20740.3562  320   81          - 16958.9266      -   152 3020s
 39800 36153 18134.3531   60  262          - 16958.9266      -   152 3032s
 39882 36280 18405.4913   93  221          - 16958.9266      -   152 3044s
 39954 36280 18659.1287  139  150          - 16958.9266      -   152 3045s
 40009 36640 18742.6149  156   96          - 16959.4821      -   153 3058s
 40154 36640 19668.1689  275  138          - 16959.4821      -   152 3060s
 40433 36760 17696.8954   29  356          - 16959.4821      -   152 3072s
 40553 37092 18116.7097   68  134          - 16959.4821      -   152 3085s
 40887 37807 18790.5822  199  120          - 16960.8404      -   152 3102s
 41662 38004 17630.5163   19  575          - 16960.8404      -   150 3119s
 41751 38004 25203.2772  522   26          - 16960.8404      -   150 3120s
 41916 38057 17882.9325   27  409          - 16960.8404      -   150 3133s
 41956 38125 18204.5317   40  333          - 16960.8404      -   150 3143s
 42024 38249 18366.7647   64  319          - 16960.8404      -   151 3154s
 42060 38249 18496.4132   93  278          - 16960.8404      -   151 3155s
 42096 38249 18622.6294  123  171          - 16960.8404      -   151 3161s
 42148 38745 18671.8130  143  169          - 16960.8404      -   151 3175s
 42680 38854 21843.2377  471   58          - 16963.1397      -   150 3189s
 42774 38854 18993.9845   98  219          - 16963.1397      -   150 3190s
 42823 38953 17785.4136   19  421          - 16963.1397      -   150 3209s
 42926 39144 18069.7683   31  320          - 16963.1397      -   151 3221s
 43124 39474 18240.7965   40  380          - 16963.1397      -   151 3234s
 43160 39474 18493.6977   65  266          - 16963.1397      -   151 3235s
 43480 39598 18537.6497   68  259          - 16963.1397      -   150 3263s
 43604 39828 19080.0273  111  186          - 16963.1397      -   150 3275s
 43835 40422 20012.4790  217  127          - 16966.7132      -   150 3291s
 44479 40573 17914.7605   30  459          - 16966.7132      -   149 3306s
 44646 40636 18260.4417   39  322          - 16966.7132      -   149 3322s
 44709 40862 18801.0756   69  154          - 16966.7132      -   150 3335s
 44941 40979 20091.1298  199  107          - 16968.2221      -   150 3347s
 45074 41109 18002.3419   24  417          - 16968.2221      -   150 3372s
 45110 41109 18372.3141   71  274          - 16968.2221      -   150 3375s
 45204 41396 18264.0444   51  277          - 16968.2221      -   150 3388s
 45362 41396 19283.3565  211  128          - 16968.2221      -   150 3390s
 45537 41551 18524.1535   82  241          - 16968.2221      -   150 3402s
 45692 41662 18903.3023  204  198          - 16977.5028      -   150 3413s
 45817 41701 17751.1457   24  487          - 16977.5028      -   150 3429s
 45858 41799 17890.0035   32  453          - 16977.5028      -   150 3440s
 45956 42080 18063.7562   54  390          - 16977.5028      -   150 3454s
 46073 42080 18588.6053  179  166          - 16977.5028      -   150 3455s
 46271 42466 18365.9653   66  266          - 16977.5028      -   150 3474s
 46413 42466 21566.8144  320   80          - 16977.5028      -   150 3475s
 46723 42784 18771.5415  114  106          - 16993.0567      -   149 3489s
 46795 42784 18953.5418  169  117          - 16993.0567      -   149 3490s
 47073 42855 17330.2678   23  409          - 16993.0567      -   149 3502s
 47144 43092 17475.0170   28  463          - 16993.0567      -   149 3524s
 47239 43092 19387.1517  149  121          - 16993.0567      -   149 3525s
 47391 43491 17757.7545   36  407          - 16993.0567      -   149 3538s
 47571 43491 21146.2848  309   38          - 16993.0567      -   149 3540s
 47847 43581 18097.3576   49  263          - 16993.0567      -   148 3552s
 47931 43875 18461.9677   83  204          - 16995.7722      -   149 3565s
 48246 44009 17755.6251   29  427          - 16995.7722      -   149 3585s
 48382 44325 18025.2747   40  279          - 16995.7722      -   149 3599s
 48418 44325 18246.1837   62  215          - 16995.7722      -   149 3600s

Cutting planes:
  User: 5720
  Gomory: 61
  Cover: 576
  Implied bound: 99
  Clique: 15
  MIR: 619
  Flow cover: 986
  Zero half: 18
  Network: 6
  RLT: 573
  Relax-and-lift: 12
  Lazy constraints: 270

Explored 48780 nodes (7256174 simplex iterations) in 3604.12 seconds
Thread count was 2 (of 32 available processors)

Solution count 0

Time limit reached
Best objective -, best bound 1.699577218351e+04, gap -

User-callback calls 292961, time in user-callback 629.69 sec
================================================================================
executing instance: ./input/Instances/Original/6/absH6high_1n20.dat
--------------------------------------------------------------------------------
Instance details
n	21
H	6
C	1651
Li:
[0, 0, 0, 0, 0, 0, 0, 0, 0, 0, 0, 0, 0, 0, 0, 0, 0, 0, 0, 0, 0, ]
Ui:
[0, 36, 182, 182, 90, 261, 117, 30, 110, 42, 276, 153, 40, 94, 144, 46, 129, 213, 264, 160, 174, ]
Distance matrix:
|0	371	401	343	361	341	370	115	392	400	79	266	292	245	355	431	265	194	95	92	348	|
|371	0	37	141	110	250	117	438	67	131	372	305	115	238	247	255	235	296	392	430	185	|
|401	37	0	175	100	284	146	472	90	156	406	342	152	275	280	282	242	333	415	455	178	|
|343	141	175	0	239	110	38	374	95	60	314	182	67	130	106	127	318	201	397	423	303	|
|361	110	100	239	0	341	222	451	177	240	385	374	190	304	341	361	151	345	354	398	78	|
|341	250	284	110	341	0	143	337	203	151	289	102	152	97	15	95	394	156	415	431	398	|
|370	117	146	38	222	143	0	407	61	30	346	220	81	167	137	139	317	237	417	447	292	|
|115	438	472	374	451	337	407	0	443	434	66	241	339	251	351	431	374	181	201	177	450	|
|392	67	90	95	177	203	61	443	0	66	379	275	104	216	197	193	294	283	427	461	252	|
|400	131	156	60	240	151	30	434	66	0	374	237	112	189	142	127	344	261	448	477	312	|
|79	372	406	314	385	289	346	66	379	374	0	202	275	197	304	383	316	134	175	166	388	|
|266	305	342	182	374	102	220	241	275	237	202	0	191	70	117	196	386	73	352	359	415	|
|292	115	152	67	190	152	81	339	104	112	275	191	0	123	154	193	252	183	336	366	246	|
|245	238	275	130	304	97	167	251	216	189	197	70	123	0	110	187	322	72	319	334	346	|
|355	247	280	106	341	15	137	351	197	142	304	117	154	110	0	80	399	171	427	444	400	|
|431	255	282	127	361	95	139	431	193	127	383	196	193	187	80	0	444	251	499	519	429	|
|265	235	242	318	151	394	317	374	294	344	316	386	252	322	399	444	0	332	226	273	97	|
|194	296	333	201	345	156	237	181	283	261	134	73	183	72	171	251	332	0	279	286	375	|
|95	392	415	397	354	415	417	201	427	448	175	352	336	319	427	499	226	279	0	47	321	|
|92	430	455	423	398	431	447	177	461	477	166	359	366	334	444	519	273	286	47	0	368	|
|348	185	178	303	78	398	292	450	252	312	388	415	246	346	400	429	97	375	321	368	0	|

--------------------------------------------------------------------------------
Building model...
	using lazy and cut (CVRPSEP package)
Solving IRP LP...
--------------------------------------------------------------------------------

Gurobi 9.1.0 (linux64) logging started Fri Jan 29 03:16:34 2021

Gurobi Optimizer version 9.1.0 build v9.1.0rc0 (linux64)
Thread count: 32 physical cores, 32 logical processors, using up to 2 threads
Optimize a model with 1473 rows, 6171 columns and 15627 nonzeros
Model fingerprint: 0x05ba5321
Variable types: 627 continuous, 5544 integer (504 binary)
Coefficient statistics:
  Matrix range     [1e+00, 4e+02]
  Objective range  [1e-01, 5e+02]
  Bounds range     [1e+00, 3e+02]
  RHS range        [1e+01, 3e+03]
Presolve removed 261 rows and 795 columns
Presolve time: 0.04s
Presolved: 1212 rows, 5376 columns, 12732 nonzeros
Variable types: 564 continuous, 4812 integer (4368 binary)

Root relaxation: objective 1.357522e+04, 1921 iterations, 0.05 seconds

    Nodes    |    Current Node    |     Objective Bounds      |     Work
 Expl Unexpl |  Obj  Depth IntInf | Incumbent    BestBd   Gap | It/Node Time

     0     0 13575.2155    0  188          - 13575.2155      -     -    0s
     0     0 13793.7785    0  236          - 13793.7785      -     -    0s
     0     0 13815.4987    0  223          - 13815.4987      -     -    0s
     0     0 13817.8590    0  229          - 13817.8590      -     -    0s
     0     0 13818.0752    0  213          - 13818.0752      -     -    0s
     0     0 14187.1682    0  314          - 14187.1682      -     -    0s
     0     0 14277.9569    0  309          - 14277.9569      -     -    0s
     0     0 14280.4618    0  308          - 14280.4618      -     -    0s
     0     0 14280.9722    0  323          - 14280.9722      -     -    1s
     0     0 14281.2677    0  318          - 14281.2677      -     -    1s
     0     0 14472.6210    0  389          - 14472.6210      -     -    1s
     0     0 14486.7585    0  326          - 14486.7585      -     -    1s
     0     0 14488.7639    0  353          - 14488.7639      -     -    1s
     0     0 14491.6962    0  346          - 14491.6962      -     -    1s
     0     0 14493.2600    0  365          - 14493.2600      -     -    1s
     0     0 14494.2665    0  342          - 14494.2665      -     -    1s
     0     0 14494.2665    0  356          - 14494.2665      -     -    1s
     0     0 14551.3928    0  403          - 14551.3928      -     -    2s
     0     0 14559.4338    0  413          - 14559.4338      -     -    2s
     0     0 14560.3494    0  403          - 14560.3494      -     -    2s
     0     0 14593.1124    0  350          - 14593.1124      -     -    2s
     0     0 14599.6814    0  366          - 14599.6814      -     -    2s
     0     0 14602.5328    0  385          - 14602.5328      -     -    2s
     0     0 14603.8960    0  393          - 14603.8960      -     -    2s
     0     0 14607.4642    0  374          - 14607.4642      -     -    2s
     0     0 14607.9465    0  411          - 14607.9465      -     -    2s
     0     0 14628.1904    0  376          - 14628.1904      -     -    3s
     0     0 14639.4133    0  373          - 14639.4133      -     -    3s
     0     0 14640.7222    0  381          - 14640.7222      -     -    3s
     0     0 14646.9543    0  368          - 14646.9543      -     -    3s
     0     0 14656.2315    0  410          - 14656.2315      -     -    3s
     0     0 14664.5894    0  417          - 14664.5894      -     -    3s
     0     0 14676.6057    0  429          - 14676.6057      -     -    3s
     0     0 14687.3056    0  425          - 14687.3056      -     -    4s
     0     0 14687.5243    0  394          - 14687.5243      -     -    4s
     0     0 14691.0389    0  446          - 14691.0389      -     -    4s
     0     0 14693.3166    0  431          - 14693.3166      -     -    4s
