




arguments: ./build/mirp_solver -f ./input/orig_exec_369.cfg
Current dir: /scratch/gui/bnc_mirp
File verbosity level: 9
date       time         ( uptime  ) [ thread name/id ]                   file:line     v| 
2021-01-28 22:09:04.242 (   0.100s) [main thread     ]             loguru.cpp:789   INFO| Logging to './output/vi_hc1_quarter/OU/V4/Original/execution_28_01_2021_22_09_04.log', mode: 'a', verbosity: 9
--------------------------------------------------------------------------------
Parameters
                           instance_path           ./input/Instances/Original/5/
                            model_policy                                       1
                             nb_vehicles                                       4
                              output_dir ./output/vi_hc1_quarter/OU/V4/Original/
                            sec_strategy                                       1
                       solver_nb_threads                                       2
                         solver_show_log                                    true
                       solver_time_limit                                    3600
                              use_vi_cos                                   false
                              use_vi_cus                                   false
                         use_vi_hc1_full                                   false
                         use_vi_hc1_half                                   false
                      use_vi_hc1_quarter                                    true
                              use_vi_hc2                                   false
                              use_vi_hc3                                   false
                         use_vi_lex_full                                   false
                         use_vi_lex_half                                   false
                      use_vi_lex_quarter                                   false
                              use_vi_qua                                   false
                               use_vi_vc                                   false
                               use_vi_vr                                   false
--------------------------------------------------------------------------------
executing instance: ./input/Instances/Original/5/absH3low_4n50.dat
--------------------------------------------------------------------------------
Instance details
n	51
H	3
C	4066
Li:
[0, 0, 0, 0, 0, 0, 0, 0, 0, 0, 0, 0, 0, 0, 0, 0, 0, 0, 0, 0, 0, 0, 0, 0, 0, 0, 0, 0, 0, 0, 0, 0, 0, 0, 0, 0, 0, 0, 0, 0, 0, 0, 0, 0, 0, 0, 0, 0, 0, 0, 0, ]
Ui:
[0, 108, 126, 122, 66, 120, 48, 30, 128, 54, 158, 198, 36, 66, 210, 234, 147, 297, 171, 128, 116, 120, 219, 70, 294, 207, 134, 128, 234, 122, 22, 183, 195, 255, 132, 124, 66, 189, 219, 66, 128, 102, 288, 66, 87, 136, 36, 39, 282, 36, 237, ]
Distance matrix:
|0	210	444	498	509	104	438	228	487	304	456	434	526	476	163	47	293	396	293	290	313	85	280	437	293	336	409	106	449	376	433	478	193	404	404	534	278	181	380	507	189	438	263	473	353	216	202	218	452	254	465	|
|210	0	299	507	359	106	345	409	358	411	320	402	555	448	136	200	289	264	306	427	141	222	83	348	264	320	283	303	380	208	258	357	170	348	475	542	243	347	355	379	65	479	172	373	355	251	112	229	402	210	300	|
|444	299	0	363	65	358	116	542	66	440	26	241	425	272	282	407	251	51	276	490	159	397	224	124	217	237	48	490	170	99	83	74	261	180	430	385	214	479	231	85	270	390	184	116	271	300	409	276	210	215	54	|
|498	507	363	0	385	482	246	424	326	254	343	123	63	93	388	452	221	337	211	314	428	414	480	239	243	187	324	463	194	418	438	307	346	188	156	36	264	392	156	326	444	87	340	258	154	286	603	294	153	297	417	|
|509	359	65	385	0	422	145	602	59	492	59	269	448	292	348	472	305	115	329	545	218	462	281	152	274	286	106	554	192	153	116	78	326	216	472	403	274	540	271	63	334	425	249	127	316	361	468	337	233	278	69	|
|104	106	358	482	422	0	372	309	408	337	374	396	521	441	98	96	262	314	271	342	215	124	177	373	249	302	329	198	394	281	337	402	139	353	419	518	230	250	343	428	90	437	188	405	328	200	134	188	406	199	372	|
|438	345	116	246	145	372	0	485	87	357	97	126	309	155	279	394	180	101	200	414	223	373	288	8	157	150	84	459	53	188	196	68	245	72	328	269	165	427	128	97	297	280	184	36	175	250	456	233	94	184	170	|
|228	409	542	424	602	309	485	0	561	170	544	419	424	446	298	214	305	491	286	115	462	187	457	480	331	339	496	124	470	510	565	545	295	424	279	454	329	66	376	576	363	340	370	520	330	242	429	266	453	328	581	|
|487	358	66	326	59	408	87	561	0	441	40	211	389	233	324	446	258	95	281	497	220	431	287	95	230	234	79	522	133	164	146	19	297	160	415	344	233	500	215	21	323	367	224	68	261	320	470	299	174	242	106	|
|304	411	440	254	492	337	357	170	441	0	434	266	255	286	275	266	189	392	164	63	408	225	428	351	224	207	392	234	330	438	484	424	250	287	112	284	232	149	233	453	349	170	302	389	185	168	471	195	305	248	487	|
|456	320	26	343	59	374	97	544	40	434	0	223	406	252	294	418	247	60	271	487	181	405	247	105	215	229	49	498	149	124	109	48	270	165	419	364	215	482	218	60	288	375	194	92	261	302	431	279	190	220	75	|
|434	402	241	123	269	396	126	419	211	266	223	0	185	46	298	387	140	213	145	328	310	355	366	118	147	97	201	425	78	295	315	191	256	65	211	151	166	371	53	215	343	157	231	145	90	220	505	217	41	198	295	|
|526	555	425	63	448	521	309	424	389	255	406	185	0	156	430	481	266	398	252	310	485	442	534	301	293	237	386	480	257	478	500	370	390	249	145	55	313	401	212	389	491	89	392	321	201	322	646	334	216	345	479	|
|476	448	272	93	292	441	155	446	233	286	252	46	156	0	343	429	183	250	184	348	353	396	411	148	192	140	236	461	102	334	350	214	302	106	214	113	212	402	98	233	389	151	277	165	125	261	551	260	62	244	325	|
|163	136	282	388	348	98	279	298	324	275	294	298	430	343	0	124	167	234	178	296	167	121	162	279	151	205	247	216	297	224	280	316	42	256	340	423	132	232	246	344	74	349	100	314	233	115	216	97	308	101	307	|
|47	200	407	452	472	96	394	214	446	266	418	387	481	429	124	0	246	358	245	259	284	41	261	392	247	289	370	103	403	345	402	436	150	358	361	488	232	158	333	466	165	393	223	430	306	168	217	171	406	210	431	|
|293	289	251	221	305	262	180	305	258	189	247	140	266	183	167	246	0	204	26	240	238	215	276	175	37	43	203	289	169	255	297	242	125	122	202	257	52	248	87	272	225	191	134	215	67	80	382	77	163	81	298	|
|396	264	51	337	115	314	101	491	95	392	60	213	398	250	234	358	204	0	229	442	130	347	196	108	169	194	19	440	152	87	102	93	211	149	390	363	165	428	194	116	228	355	134	117	230	250	376	225	189	164	95	|
|293	306	276	211	329	271	200	286	281	164	271	145	252	184	178	245	26	229	0	216	262	212	297	195	63	53	228	280	184	280	323	264	138	137	178	248	76	232	95	294	241	173	156	234	60	77	395	83	172	102	324	|
|290	427	490	314	545	342	414	115	497	63	487	328	310	348	296	259	240	442	216	0	443	220	456	408	273	264	443	204	390	479	529	480	278	346	165	343	278	115	293	509	369	229	340	447	244	202	473	230	366	288	536	|
|313	141	159	428	218	215	223	462	220	408	181	310	485	353	167	284	238	130	262	443	0	288	67	228	202	252	149	382	267	67	122	221	168	247	440	459	186	396	273	241	125	423	107	245	291	242	251	214	297	162	160	|
|85	222	397	414	462	124	373	187	431	225	405	355	442	396	121	41	215	347	212	220	288	0	273	371	221	258	357	95	378	344	401	420	136	331	321	450	208	126	302	450	177	353	213	409	272	136	253	143	377	190	426	|
|280	83	224	480	281	177	288	457	287	428	247	366	534	411	162	261	276	196	297	456	67	273	0	292	243	298	215	363	329	128	176	288	179	305	475	513	224	392	324	307	96	466	143	311	335	261	187	235	357	195	219	|
|437	348	124	239	152	373	8	480	95	351	105	118	301	148	279	392	175	108	195	408	228	371	292	0	154	144	91	456	46	194	203	76	244	65	320	261	163	423	121	103	299	273	185	40	168	247	459	230	86	183	178	|
|293	264	217	243	274	249	157	331	230	224	215	147	293	192	151	247	37	169	63	273	202	221	243	154	0	57	170	303	157	217	260	215	110	111	238	278	21	271	94	245	201	223	100	193	92	93	362	78	160	54	263	|
|336	320	237	187	286	302	150	339	234	207	229	97	237	140	205	289	43	194	53	264	252	258	298	144	57	0	190	331	131	257	294	216	163	84	197	221	77	285	44	246	258	172	155	183	39	123	418	119	120	110	288	|
|409	283	48	324	106	329	84	496	79	392	49	201	386	236	247	370	203	19	228	443	149	357	215	91	170	190	0	449	136	105	114	75	221	138	384	349	168	434	185	99	245	346	146	98	224	255	394	231	174	171	99	|
|106	303	490	463	554	198	459	124	522	234	498	425	480	461	216	103	289	440	280	204	382	95	363	456	303	331	449	0	458	439	496	510	229	410	344	498	293	89	374	540	267	391	307	495	336	211	308	226	451	280	520	|
|449	380	170	194	192	394	53	470	133	330	149	78	257	102	297	403	169	152	184	390	267	378	329	46	157	131	136	458	0	238	249	114	259	47	287	216	171	416	96	137	327	235	211	67	145	247	488	235	41	197	223	|
|376	208	99	418	153	281	188	510	164	438	124	295	478	334	224	345	255	87	280	479	67	344	128	194	217	257	105	439	238	0	57	169	216	230	453	445	206	445	268	184	191	427	141	202	296	278	315	250	274	191	92	|
|433	258	83	438	116	337	196	565	146	484	109	315	500	350	280	402	297	102	323	529	122	401	176	203	260	294	114	496	249	57	0	157	271	252	490	463	251	499	296	162	247	457	195	199	331	329	362	302	288	241	47	|
|478	357	74	307	78	402	68	545	19	424	48	191	370	214	316	436	242	93	264	480	221	420	288	76	215	216	75	510	114	169	157	0	287	141	396	325	219	485	196	31	319	347	216	49	243	306	469	286	154	230	120	|
|193	170	261	346	326	139	245	295	297	250	270	256	390	302	42	150	125	211	138	278	168	136	179	244	110	163	221	229	259	216	271	287	0	216	305	382	91	229	204	316	105	310	78	280	192	83	257	60	268	62	292	|
|404	348	180	188	216	353	72	424	160	287	165	65	249	106	256	358	122	149	137	346	247	331	305	65	111	84	138	410	47	230	252	141	216	0	255	215	126	369	56	168	292	210	177	102	103	200	454	189	54	155	234	|
|404	475	430	156	472	419	328	279	415	112	419	211	145	214	340	361	202	390	178	165	440	321	475	320	238	197	384	344	287	453	490	396	305	255	0	181	254	261	201	422	410	69	335	353	160	225	551	246	252	280	482	|
|534	542	385	36	403	518	269	454	344	284	364	151	55	113	423	488	257	363	248	343	459	450	513	261	278	221	349	498	216	445	463	325	382	215	181	0	298	425	189	342	479	115	373	276	190	323	638	330	175	332	439	|
|278	243	214	264	274	230	165	329	233	232	215	166	313	212	132	232	52	165	76	278	186	208	224	163	21	77	168	293	171	206	251	219	91	126	254	298	0	267	114	250	181	242	82	202	112	88	341	68	177	33	258	|
|181	347	479	392	540	250	427	66	500	149	482	371	401	402	232	158	248	428	232	115	396	126	392	423	271	285	434	89	416	445	499	485	229	369	261	425	267	0	325	516	298	313	305	463	281	180	375	203	403	264	516	|
|380	355	231	156	271	343	128	376	215	233	218	53	212	98	246	333	87	194	95	293	273	302	324	121	94	44	185	374	96	268	296	196	204	56	201	189	114	325	0	224	294	161	185	157	49	167	455	163	78	147	284	|
|507	379	85	326	63	428	97	576	21	453	60	215	389	233	344	466	272	116	294	509	241	450	307	103	245	246	99	540	137	184	162	31	316	168	422	342	250	516	224	0	344	371	244	70	271	337	490	317	176	261	120	|
|189	65	270	444	334	90	297	363	323	349	288	343	491	389	74	165	225	228	241	369	125	177	96	299	201	258	245	267	327	191	247	319	105	292	410	479	181	298	294	344	0	414	116	328	291	187	163	165	345	147	282	|
|438	479	390	87	425	437	280	340	367	170	375	157	89	151	349	393	191	355	173	229	423	353	466	273	223	172	346	391	235	427	457	347	310	210	69	115	242	313	161	371	414	0	323	301	133	238	565	253	197	273	444	|
|263	172	184	340	249	188	184	370	224	302	194	231	392	277	100	223	134	134	156	340	107	213	143	185	100	155	146	307	211	141	195	216	78	177	335	373	82	305	185	244	116	323	0	217	192	138	278	110	230	55	214	|
|473	373	116	258	127	405	36	520	68	389	92	145	321	165	314	430	215	117	234	447	245	409	311	40	193	183	98	495	67	202	199	49	280	102	353	276	202	463	157	70	328	301	217	0	205	286	485	269	106	220	167	|
|353	355	271	154	316	328	175	330	261	185	261	90	201	125	233	306	67	230	60	244	291	272	335	168	92	39	224	336	145	296	331	243	192	103	160	190	112	281	49	271	291	133	192	205	0	138	449	141	123	145	323	|
|216	251	300	286	361	200	250	242	320	168	302	220	322	261	115	168	80	250	77	202	242	136	261	247	93	123	255	211	247	278	329	306	83	200	225	323	88	180	167	337	187	238	138	286	138	0	328	28	243	88	340	|
|202	112	409	603	468	134	456	429	470	471	431	505	646	551	216	217	382	376	395	473	251	253	187	459	362	418	394	308	488	315	362	469	257	454	551	638	341	375	455	490	163	565	278	485	449	328	0	313	508	308	406	|
|218	229	276	294	337	188	233	266	299	195	279	217	334	260	97	171	77	225	83	230	214	143	235	230	78	119	231	226	235	250	302	286	60	189	246	330	68	203	163	317	165	253	110	269	141	28	313	0	235	61	315	|
|452	402	210	153	233	406	94	453	174	305	190	41	216	62	308	406	163	189	172	366	297	377	357	86	160	120	174	451	41	274	288	154	268	54	252	175	177	403	78	176	345	197	230	106	123	243	508	235	0	207	264	|
|254	210	215	297	278	199	184	328	242	248	220	198	345	244	101	210	81	164	102	288	162	190	195	183	54	110	171	280	197	191	241	230	62	155	280	332	33	264	147	261	147	273	55	220	145	88	308	61	207	0	253	|
|465	300	54	417	69	372	170	581	106	487	75	295	479	325	307	431	298	95	324	536	160	426	219	178	263	288	99	520	223	92	47	120	292	234	482	439	258	516	284	120	282	444	214	167	323	340	406	315	264	253	0	|

--------------------------------------------------------------------------------
Building model...
	using lazy and cut (CVRPSEP package)
Solving IRP LP...
--------------------------------------------------------------------------------

Gurobi 9.1.0 (linux64) logging started Thu Jan 28 22:09:04 2021

Gurobi Optimizer version 9.1.0 build v9.1.0rc0 (linux64)
Thread count: 32 physical cores, 32 logical processors, using up to 2 threads
Optimize a model with 1830 rows, 16716 columns and 37878 nonzeros
Model fingerprint: 0x1e49ff1f
Variable types: 804 continuous, 15912 integer (612 binary)
Coefficient statistics:
  Matrix range     [1e+00, 1e+03]
  Objective range  [1e-02, 6e+02]
  Bounds range     [1e+00, 3e+02]
  RHS range        [1e+01, 7e+03]
Presolve removed 262 rows and 980 columns
Presolve time: 0.06s
Presolved: 1568 rows, 15736 columns, 34339 nonzeros
Variable types: 730 continuous, 15006 integer (14424 binary)

Root relaxation: objective 3.480598e+03, 1679 iterations, 0.07 seconds

    Nodes    |    Current Node    |     Objective Bounds      |     Work
 Expl Unexpl |  Obj  Depth IntInf | Incumbent    BestBd   Gap | It/Node Time

     0     0 3480.59763    0  170          - 3480.59763      -     -    0s
     0     0 3737.67568    0  141          - 3737.67568      -     -    0s
     0     0 3755.53334    0  138          - 3755.53334      -     -    0s
     0     0 4347.92556    0  247          - 4347.92556      -     -    1s
     0     0 4398.06442    0  270          - 4398.06442      -     -    1s
     0     0 4400.64494    0  282          - 4400.64494      -     -    1s
     0     0 4401.16259    0  283          - 4401.16259      -     -    1s
     0     0 4529.85147    0  199          - 4529.85147      -     -    1s
     0     0 4538.97181    0  192          - 4538.97181      -     -    1s
     0     0 4540.25492    0  199          - 4540.25492      -     -    2s
     0     0 4540.25492    0  199          - 4540.25492      -     -    2s
     0     0 4618.60394    0  231          - 4618.60394      -     -    2s
     0     0 4642.57355    0  370          - 4642.57355      -     -    2s
     0     0 4648.97464    0  379          - 4648.97464      -     -    3s
     0     0 4649.77263    0  364          - 4649.77263      -     -    3s
     0     0 4707.48037    0  376          - 4707.48037      -     -    4s
     0     0 4722.52470    0  414          - 4722.52470      -     -    4s
     0     0 4729.41435    0  488          - 4729.41435      -     -    5s
     0     0 4749.85289    0  459          - 4749.85289      -     -    5s
     0     0 4752.84844    0  464          - 4752.84844      -     -    5s
     0     0 4752.93987    0  458          - 4752.93987      -     -    5s
     0     0 4775.28604    0  473          - 4775.28604      -     -    6s
     0     0 4780.30540    0  475          - 4780.30540      -     -    6s
     0     0 4781.76017    0  456          - 4781.76017      -     -    7s
     0     0 4800.49936    0  516          - 4800.49936      -     -    7s
     0     0 4811.56351    0  514          - 4811.56351      -     -    9s
     0     0 4813.98857    0  571          - 4813.98857      -     -    9s
     0     0 4814.39408    0  550          - 4814.39408      -     -    9s
     0     0 4825.63391    0  501          - 4825.63391      -     -   10s
     0     0 4828.29897    0  568          - 4828.29897      -     -   10s
     0     0 4829.42479    0  563          - 4829.42479      -     -   10s
     0     0 4837.54218    0  483          - 4837.54218      -     -   11s
     0     0 4837.54218    0  480          - 4837.54218      -     -   11s
     0     2 4847.22790    0  466          - 4847.22790      -     -   14s
     2     4 4863.00460    1  436          - 4847.22790      -   570   15s
    21    24 4879.52011    6  542          - 4862.11495      -   648   20s
    46    49 4918.93588   17  546          - 4862.11495      -   590   25s
    70    75 5086.09739   23  367          - 4862.11495      -   591   30s
   104   111 5149.73354   31  408          - 4862.11495      -   530   35s
   151   170 5590.13378   46  258          - 4862.11495      -   459   40s
   244   272 5830.09558   72  129          - 4862.11495      -   358   46s
   339   393 6152.01677   97  100          - 4862.11495      -   296   50s
   489   502 6586.51533  131   90          - 4862.11495      -   236   56s
   612   704 7596.95277  168   48          - 4862.11495      -   202   60s
   847   941 10172.9217  238   40          - 4862.11495      -   159   65s
  1088  1050 12240.9600  350    -          - 4872.50414      -   129   70s
  1136  1068 8661.72657  195  394          - 4872.50414      -   127   75s
  1146  1075 7249.70094  151  566          - 4872.50414      -   126   81s
  1154  1080 6564.77321  131  665          - 4878.41502      -   125   85s
  1162  1086 7659.02857  187  699          - 4892.65690      -   124   91s
  1167  1089 10553.2804  272  676          - 4896.33004      -   124   95s
  1172  1092 12546.4600  364  636          - 4898.87754      -   123  100s
  1176  1095 4899.20613    5  617          - 4899.20613      -   123  105s
  1178  1096 7653.25394  195  617          - 4899.20613      -   123  111s
  1187  1105 4930.48042   18  593          - 4921.54119      -   139  115s
  1203  1116 4970.68397   22  421          - 4925.97888      -   146  120s
  1223  1133 5041.25452   27  339          - 4925.97888      -   153  125s
  1253  1152 5078.13571   34  335          - 4925.97888      -   159  130s
  1283  1173 5132.13543   43  349          - 4925.97888      -   166  135s
  1307  1188 5277.69349   49  155          - 4925.97888      -   172  140s
  1337  1213 5354.61002   56  253          - 4925.97888      -   179  145s
  1370  1237 5515.50867   63  265          - 4925.97888      -   187  150s
  1412  1273 5583.32291   70  245          - 4925.97888      -   192  155s
  1484  1339 5662.06960   80  228          - 4925.97888      -   197  162s
  1565  1403 5750.35492   87  156          - 4925.97888      -   196  167s
  1669  1487 5901.26481   98  151          - 4925.97888      -   192  172s
  1805  1508 6108.76271  113  149          - 4925.97888      -   184  178s
  1828  1520 6168.79759  120  100          - 4925.97888      -   185  180s
  1870  1549 6441.68189  139  120          - 4925.97888      -   187  186s
  1905  1562 6641.85155  155   73          - 4925.97888      -   189  190s
  1949  1611 7179.14536  174   49          - 4925.97888      -   189  197s
  1979  1647 7281.71368  188   53          - 4925.97888      -   189  200s
  2117  1671 9280.83538  246   17          - 4927.27333      -   183  208s
  2158  1682 4985.68908   19  736          - 4927.27333      -   183  212s
  2168  1692 4993.99452   21  749          - 4927.27333      -   187  216s
  2181  1699 5013.70305   25  722          - 4927.27333      -   191  222s
  2192  1706 5016.67837   27  686          - 4927.27333      -   195  227s
  2198  1709 5074.87350   26  498          - 4927.27333      -   199  230s
  2207  1716 5037.77760   29  612          - 4927.27333      -   203  235s
  2217  1722 5090.83121   29  634          - 4927.27333      -   208  240s
  2228  1731 5110.22656   33  412          - 4927.27333      -   212  247s
  2235  1736 5116.14891   34  407          - 4927.27333      -   215  251s
  2250  1749 5177.28205   36  432          - 4927.27333      -   220  257s
  2260  1757 5151.22713   37  506          - 4927.27333      -   222  260s
  2283  1779 5167.26492   40  448          - 4927.27333      -   225  266s
  2301  1790 5268.48730   40  524          - 4927.27333      -   227  270s
  2331  1807 5254.66381   43  349          - 4927.27333      -   230  276s
  2358  1829 5235.02044   45  518          - 4927.27333      -   233  283s
  2376  1843 5293.64383   45  359          - 4927.27333      -   234  286s
  2396  1863 5242.20736   46  434          - 4927.27333      -   235  290s
  2423  1887 5271.71885   47  455          - 4927.27333      -   236  295s
  2457  1921 5277.10109   49  423          - 4927.27333      -   237  300s
  2502  1978 5329.45182   49  455          - 4927.27333      -   238  306s
  2574  2020 5410.36183   50  417          - 4927.27333      -   236  317s
  2670  1994 5402.63927   52  361          - 4927.27333      -   234  323s
  2676  2005 5359.42226   52  433          - 4927.27333      -   237  327s
  2689  2012 5530.16372   59  293          - 4927.27333      -   238  331s
  2700  2024 5454.23916   60  267          - 4927.27333      -   240  335s
  2716  2032 5611.23712   62  291          - 4927.27333      -   243  340s
  2729  2044 5493.58228   64  353          - 4927.27333      -   245  345s
  2761  2061 5558.06189   68  268          - 4927.27333      -   249  354s
  2773  2081 5577.13018   70  219          - 4927.27333      -   252  358s
  2797  2099 5724.22706   74  243          - 4927.27333      -   254  364s
  2823  2124 5661.23010   78  291          - 4927.27333      -   255  369s
  2836  2120 5631.06753   59  227          - 4927.27333      -   256  370s
  2857  2165 5706.94682   84  193          - 4927.27333      -   256  376s
  2909  2247 5859.77345   92  156          - 4927.27333      -   257  385s
  3025  2271 5858.72921  103  158          - 4927.27333      -   253  393s
  3115  2332 5923.81541  119   29          - 4927.27333      -   251  402s
  3206  2449 6320.17446  141  106          - 4927.27333      -   249  412s
  3415  2546 6851.56534  147   95          - 4927.38845      -   240  427s
  3613  2519 5078.17621   20  544          - 4927.38845      -   236  434s
  3629  2534 5244.54703   22  560          - 4927.38845      -   238  441s
  3650  2553 5417.76212   29  449          - 4927.38845      -   240  447s
  3676  2568 5400.72131   35  381          - 4927.38845      -   242  454s
  3699  2584 5443.22192   34  489          - 4927.38845      -   245  461s
  3723  2617 5471.63950   40  314          - 4927.38845      -   248  468s
  3764  2675 5479.18277   47  329          - 4927.38845      -   249  478s
  3836  2789 5534.04343   50  305          - 4927.38845      -   251  490s
  3985  2816 5530.85420   50  346          - 4927.38845      -   247  500s
  4114  2807 5563.16425   52  318          - 4927.38845      -   244  509s
  4133  2841 5610.50384   53  254          - 4927.38845      -   248  518s
  4174  2898 5694.23376   69  134          - 4927.38845      -   250  529s
  4230  2879 5376.40736   32  377          - 4927.38845      -   250  530s
  4244  3052 5842.92375   81  110          - 4927.38845      -   251  543s
  4361  3013 6044.34531   99   72          - 4927.38845      -   247  545s
  4422  3254 6290.31415  104   62          - 4927.38845      -   248  556s
  4760  3279 5587.25801   50  245          - 4927.38845      -   234  560s
  4771  3388 6712.81455  124   47          - 4946.12395      -   235  570s
  4927  3472 5088.05235   19  676          - 4946.12395      -   234  582s
  4988  3681 5387.26117   25  369          - 4946.12395      -   235  600s
  5257  3726 5516.66868   36  199          - 4946.12395      -   230  612s
  5281  3771 5638.57813   41  310          - 4946.12395      -   233  623s
  5326  3868 5788.73332   56  172          - 4946.12395      -   235  636s
  5423  4089 6141.49103   85  138          - 4951.68566      -   237  655s
  5702  4160 5132.93223   20  545          - 4951.68566      -   232  670s
  5752  4219 5543.43691   29  317          - 4951.68566      -   234  682s
  5811  4291 5633.21474   36  366          - 4951.68566      -   237  697s
  5883  4518 5757.41113   46  238          - 4951.68566      -   239  718s
  6194  4658 5881.10198   54  255          - 4951.68566      -   233  737s
  6369  4771 6029.05023   62  129          - 4951.68566      -   232  753s
  6454  4997 6412.20689   80  145          - 4951.68566      -   234  772s
  6623  4997 6941.11880  141   12          - 4951.68566      -   232  775s
  6680  5130 7219.94956  143   23          - 4957.36475      -   232  790s
  6869  5205 5407.00639   28  386          - 4957.36475      -   231  806s
  6924  5369 5508.09390   35  281          - 4957.36475      -   233  824s
  6939  5369 5587.07795   42  259          - 4957.36475      -   234  825s
  7098  5543 5627.03677   43  239          - 4957.36475      -   233  843s
  7212  5546 6965.86043  152   13          - 4957.36475      -   232  845s
  7428  5993 5966.75647   61  197          - 4957.36475      -   227  877s
  7676  6014 7300.12000  157    2          - 4957.36475      -   223  880s
  7917  6236 6573.40000  103   33          - 4960.61584      -   220  901s
  8231  6414 5364.46039   30  249          - 4960.61584      -   217  922s
  8349  6715 5699.30534   51  113          - 4960.61584      -   219  954s
  8362  6715 5777.14641   55  119          - 4960.61584      -   219  955s
  8708  7022 6098.79693   88   78          - 4960.61584      -   217  984s
  8734  7022 6390.35554  100   67          - 4960.61584      -   217  985s
  9053  7145 6924.48152  138   52          - 4973.09682      -   214 1007s
  9206  7325 5458.74151   29  367          - 4973.09682      -   215 1030s
  9362  7399 5652.52749   38  248          - 4973.09682      -   216 1049s
  9395  7400 6464.76796  109   64          - 4973.09682      -   217 1050s
  9480  7466 5771.54268   43  196          - 4973.09682      -   217 1066s
  9532  7548 5948.99411   59  182          - 4973.09682      -   220 1084s
  9572  7548 6233.91146   75  128          - 4973.09682      -   221 1085s
  9614  7733 6280.35135   89   71          - 4985.99932      -   222 1106s
  9827  7759 5188.91563   21  550          - 4985.99932      -   222 1179s
  9853  7862 5435.83437   30  229          - 4985.99932      -   223 1199s
  9885  7862 6011.75500   55  142          - 4985.99932      -   224 1200s
  9956  8140 5567.10543   45  259          - 4985.99932      -   225 1230s
 10283  8202 5736.05084   55  143          - 4985.99932      -   224 1252s
 10336  8358 5875.44167   71   86          - 4985.99932      -   227 1274s
 10401  8358 6513.75655   95  131          - 4985.99932      -   228 1275s
 10492  8638 6445.25621  100   67          - 4986.29460      -   228 1300s
 10860  8732 5265.72924   27  515          - 4986.38030      -   227 1322s
 10923  8795 5625.88689   42  288          - 4986.38030      -   229 1341s
 10986  8883 5818.82495   59  256          - 4986.38030      -   231 1362s
 11074  9065 6025.48089   72  178          - 4986.38030      -   234 1387s
 11230  9065 6614.95000  116   12          - 4986.38030      -   235 1390s
 11264  9292 6258.28746   96   82          - 4994.03028      -   235 1414s
 11303  9292 6335.82101  120   73          - 4994.03028      -   235 1415s
 11580  9340 5094.05924   23  402          - 4994.57325      -   234 1434s
 11594  9340 5434.67323   32  159          - 4994.57325      -   235 1435s
 11615  9412 5480.88738   33  302          - 4994.57325      -   236 1454s
 11628  9412 5544.86020   37  136          - 4994.57325      -   237 1455s
 11687  9554 5674.88315   50   68          - 4994.57325      -   238 1479s
 11713  9554 5915.96427   60  129          - 4994.57325      -   239 1480s
 11841  9807 6009.69721   71   85          - 4995.72550      -   240 1507s
 12161  9972 5153.15589   26  565          - 4995.72550      -   239 1531s
 12342 10046 5662.26281   34  286          - 4995.72550      -   239 1552s
 12400 10140 5841.51261   50  264          - 4995.72550      -   241 1573s
 12489 10140 6295.70228   71  203          - 4995.72550      -   243 1575s
 12494 10355 5855.71508   64  166          - 4995.72550      -   243 1597s
 12663 10355 6751.70918  110   41          - 4995.72550      -   243 1600s
 12714 10584 6174.08618   96   96          - 4996.21805      -   243 1622s
 13055 10665 5297.31116   30  592          - 4996.24441      -   240 1643s
 13111 10789 6300.81156   42  292          - 4996.24441      -   242 1665s
 13235 11143 6707.75729   69   56          - 4996.24842      -   243 1698s
 13326 11143 7065.38407  100   36          - 4996.24842      -   243 1700s
 13615 11368 7865.46854  133   76          - 5004.47468      -   241 1724s
 13628 11368 8196.97000  142   42          - 5004.47468      -   241 1725s
 13880 11441 5548.48817   29  369          - 5004.48601      -   240 1745s
 13930 11527 5974.35440   40  200          - 5004.48601      -   242 1766s
 14016 11612 6126.87380   48   80          - 5004.48601      -   244 1788s
 14101 11852 6203.91733   57   55          - 5004.48601      -   246 1820s
 14395 12139 6554.22830   70   74          - 5004.48601      -   245 1853s
 14518 12139 7288.40750  118   33          - 5004.48601      -   246 1855s
 14715 12252 7731.75531  119   51          - 5004.63285      -   245 1877s
 14855 12354 5400.33059   30  281          - 5004.63285      -   246 1897s
 14938 12447 5587.98874   40  207          - 5004.63285      -   248 1919s
 15000 12447 6232.43251   65  222          - 5004.63285      -   249 1920s
 15031 12745 6054.33968   56   94          - 5004.63285      -   249 1947s
 15349 13295 7287.50154  120   76          - 5009.57872      -   248 1984s
 15362 13295 7679.13419  141   88          - 5009.57872      -   249 1985s
 15780 13341 7703.81307  144   61          - 5009.60330      -   245 1990s
 16228 13503 5554.27824   31  272          - 5009.60330      -   240 2010s
 16283 13583 5700.61012   45  193          - 5009.60330      -   241 2030s
 16363 13726 5918.11016   66  113          - 5009.60330      -   243 2053s
 16453 13726 5957.46594   52  190          - 5009.60330      -   243 2055s
 16506 14129 6357.84039   94   16          - 5010.52279      -   243 2086s
 16732 14150 7650.09000  158   10          - 5010.52279      -   242 2090s
 17065 14219 6759.85512  115   24          - 5010.79339      -   239 2095s
 17184 14279 5188.02687   24  541          - 5010.79339      -   238 2113s
 17220 14354 5838.49231   39  392          - 5010.79339      -   240 2134s
 17295 14508 6012.67474   48  286          - 5010.79339      -   241 2158s
 17434 14508 6330.59118   82   12          - 5010.79339      -   242 2161s
 17449 14864 6324.65719   67  190          - 5010.79339      -   242 2192s
 17606 14864 7096.06966  115   49          - 5010.79339      -   241 2195s
 17875 15070 7569.16337  125   58          - 5011.57596      -   240 2224s
 17941 15073 7767.14862  147   16          - 5011.57596      -   239 2225s
 18134 15145 5488.13883   25  608          - 5011.70451      -   239 2245s
 18185 15243 6079.69709   38  246          - 5011.70451      -   240 2266s
 18283 15449 6354.84736   65   18          - 5011.85378      -   241 2295s
 18571 15610 6621.55187   75  115          - 5014.95504      -   241 2323s
 18696 15631 7056.38797  113   15          - 5014.98328      -   241 2325s
 18782 15698 5471.68805   27  406          - 5014.98328      -   241 2344s
 18827 15698 5549.15116   47  251          - 5014.98328      -   242 2345s
 18830 15785 5812.29216   34  328          - 5014.98328      -   242 2365s
 18917 16004 5856.76897   43  302          - 5014.98328      -   243 2392s
 19043 16004 6088.85133  126   64          - 5014.98328      -   243 2395s
 19237 16083 5997.85767   50  177          - 5014.98328      -   242 2417s
 19288 16138 6159.17396   57  139          - 5014.98328      -   243 2436s
 19343 16216 6303.15784   67   89          - 5014.98328      -   244 2457s
 19423 16474 6577.61331   87  113          - 5019.80948      -   246 2486s
 19620 16494 7901.63610  153   13          - 5019.80948      -   245 2490s
 19781 16658 5335.75716   29  316          - 5019.80948      -   244 2515s
 19922 16972 5644.51601   45  178          - 5019.80948      -   245 2546s
 20161 16972 7385.00500  163   18          - 5019.80948      -   244 2550s
 20287 17195 6023.47117   78   85          - 5020.08129      -   243 2577s
 20483 17206 6908.66035  145   14          - 5020.08129      -   242 2580s
 20520 17274 5174.91694   22  640          - 5020.08129      -   243 2600s
 20584 17379 5630.92877   37  300          - 5020.08129      -   244 2626s
 20689 17682 5766.43666   51  128          - 5020.08129      -   245 2655s
 21001 17698 7660.03075  169   18          - 5020.08129      -   244 2660s
 21076 17863 6101.98861   71   27          - 5020.08129      -   243 2686s
 21221 18046 6818.88718  102   52          - 5020.31668      -   244 2716s
 21466 18179 5465.92616   32  382          - 5020.31668      -   244 2743s
 21573 18346 5725.22311   41  282          - 5020.31668      -   245 2771s
 21801 18549 5964.93171   64  103          - 5021.38387      -   244 2798s
 21919 18559 6695.59306  108    4          - 5021.38387      -   244 2800s
 22034 18610 5301.08737   26  449          - 5021.38387      -   244 2819s
 22067 18610 6120.76407   43  423          - 5021.38387      -   245 2820s
 22071 18653 5648.11973   39  264          - 5021.38387      -   245 2837s
 22114 18712 5737.72390   47  185          - 5021.38387      -   246 2857s
 22173 18807 5885.56801   55  219          - 5021.38387      -   247 2879s
 22199 18807 6026.85382   66  162          - 5021.38387      -   248 2880s
 22268 19199 6192.17572   74  167          - 5021.52651      -   248 2912s
 22428 19199 7060.98377  127   30          - 5021.52651      -   247 2915s
 22730 19415 5129.27879   30  420          - 5021.52651      -   246 2944s
 22757 19415 7586.47878  123   94          - 5021.52651      -   247 2945s
 23050 19529 5627.64305   44  440          - 5021.52651      -   244 2966s
 23112 19693 5996.46344   59  283          - 5021.52651      -   245 2989s
 23125 19693 6113.54166   67  213          - 5021.52651      -   245 2990s
 23278 19946 6716.06081  101   55          - 5022.15877      -   246 3020s
 23560 20062 5462.67706   39  387          - 5022.15877      -   245 3047s
 23694 20169 5676.29972   48  321          - 5022.15877      -   245 3068s
 23788 20373 5725.16860   61  214          - 5022.15877      -   246 3095s
 23992 20597 6022.70407   84  127          - 5022.15877      -   246 3121s
 24224 20599 6908.51000  126    6          - 5022.15877      -   245 3125s
 24239 20716 6839.51633  112   84          - 5024.19850      -   246 3146s
 24416 20789 5501.01839   32  491          - 5024.19850      -   246 3166s
 24463 20876 6423.85397   45  239          - 5024.19850      -   247 3187s
 24550 20983 6723.44386   63  174          - 5024.19850      -   248 3212s
 24657 21299 6908.94645   84   99          - 5024.19850      -   248 3245s
 24983 21304 6543.83425  119   22          - 5024.19850      -   247 3250s
 25003 21478 8259.36793  178   53          - 5025.47352      -   247 3275s
 25242 21575 5569.06744   28  439          - 5025.47352      -   247 3296s
 25308 21692 6333.56052   46  230          - 5025.47352      -   247 3318s
 25425 21972 6559.10846   67   98          - 5025.47352      -   248 3351s
 25711 22278 7113.80301  128   26          - 5025.59113      -   247 3385s
 25998 22287 7765.96500  180    8          - 5026.81165      -   246 3390s
 26095 22348 5437.37724   27  523          - 5026.81165      -   246 3409s
 26117 22348 5351.13479   22  427          - 5026.81165      -   246 3410s
 26134 22544 6329.70151   42  200          - 5026.81165      -   247 3439s
 26190 22544 6589.62567   69   27          - 5026.81165      -   247 3440s
 26344 22685 7554.10475   95   56          - 5026.82067      -   247 3466s
 26506 22743 5356.30251   24  624          - 5026.82067      -   247 3487s
 26551 22840 5932.84844   32  463          - 5026.82067      -   248 3509s
 26608 22840 6192.51170  101   34          - 5026.82067      -   248 3510s
 26665 22956 6241.10987   51  225          - 5026.82067      -   248 3533s
 26730 22956 6619.51962   77   14          - 5026.82067      -   248 3535s
 26777 23147 6627.78698   80   18          - 5026.82067      -   249 3564s
 26803 23148 6771.38701   91   15          - 5026.82067      -   249 3565s
 26970 23443 6839.47373   83   69          - 5026.82067      -   249 3600s

Cutting planes:
  User: 4466
  Gomory: 28
  Cover: 651
  Implied bound: 107
  Clique: 16
  MIR: 301
  Flow cover: 616
  Zero half: 71
  Network: 1
  RLT: 527
  Relax-and-lift: 12
  Lazy constraints: 4077

Explored 27323 nodes (6783933 simplex iterations) in 3605.76 seconds
Thread count was 2 (of 32 available processors)

Solution count 0

Time limit reached
Best objective -, best bound 5.026820671774e+03, gap -

User-callback calls 337170, time in user-callback 268.59 sec
================================================================================
executing instance: ./input/Instances/Original/5/absH3low_4n25.dat
--------------------------------------------------------------------------------
Instance details
n	26
H	3
C	2029
Li:
[0, 0, 0, 0, 0, 0, 0, 0, 0, 0, 0, 0, 0, 0, 0, 0, 0, 0, 0, 0, 0, 0, 0, 0, 0, 0, ]
Ui:
[0, 34, 165, 76, 88, 188, 58, 279, 52, 132, 198, 142, 135, 165, 186, 58, 201, 196, 40, 183, 32, 90, 168, 126, 93, 146, ]
Distance matrix:
|0	299	188	235	91	202	152	147	162	277	268	132	71	162	220	69	220	289	241	124	265	80	162	132	66	302	|
|299	0	468	431	282	142	317	425	443	569	193	178	359	302	422	231	93	28	511	325	457	242	434	215	240	601	|
|188	468	0	153	265	342	308	43	192	106	455	290	117	206	142	246	379	464	252	274	360	267	211	319	231	184	|
|235	431	153	0	326	289	386	145	321	240	482	269	184	129	15	258	339	436	393	355	477	305	336	354	237	334	|
|91	282	265	326	0	228	66	228	166	339	196	157	154	242	311	99	225	264	229	50	201	47	153	71	115	340	|
|202	142	342	289	228	0	285	301	363	447	255	73	245	161	281	139	53	151	440	278	428	181	360	187	136	495	|
|152	317	308	386	66	285	0	275	167	368	188	217	207	308	371	163	274	295	210	34	145	108	148	104	181	350	|
|147	425	43	145	228	301	275	0	179	146	415	248	76	172	131	203	337	421	248	242	341	227	195	279	188	211	|
|162	443	192	321	166	363	167	179	0	216	352	291	152	302	307	225	375	428	81	138	170	201	22	237	227	183	|
|277	569	106	240	339	447	368	146	216	0	535	391	210	312	232	341	481	562	245	335	381	352	238	402	329	106	|
|268	193	455	482	196	255	188	415	352	535	0	225	339	367	469	224	212	165	398	214	302	188	335	136	245	533	|
|132	178	290	269	157	73	217	248	291	391	225	0	183	145	258	66	91	175	367	207	358	110	287	127	67	431	|
|71	359	117	184	154	245	207	76	152	210	339	183	0	152	169	131	274	352	232	174	294	151	161	203	119	251	|
|162	302	206	129	242	161	308	172	302	312	367	145	152	0	120	153	210	308	383	284	426	208	309	249	132	383	|
|220	422	142	15	311	281	371	131	307	232	469	258	169	120	0	245	330	427	379	340	461	291	321	340	224	324	|
|69	231	246	258	99	139	163	203	225	341	224	66	131	153	245	0	152	222	301	147	299	57	221	97	22	371	|
|220	93	379	339	225	53	274	337	375	481	212	91	274	210	330	152	0	99	448	273	419	180	369	171	157	521	|
|289	28	464	436	264	151	295	421	428	562	165	175	352	308	427	222	99	0	493	305	434	227	418	196	234	590	|
|241	511	252	393	229	440	210	248	81	245	398	367	232	383	379	301	448	493	0	190	147	270	80	298	305	175	|
|124	325	274	355	50	278	34	242	138	335	214	207	174	284	340	147	273	305	190	0	152	97	122	110	162	320	|
