




arguments: ./build/mirp_solver -f ./input/orig_exec_343.cfg
Current dir: /scratch/gui/bnc_mirp
File verbosity level: 9
date       time         ( uptime  ) [ thread name/id ]                   file:line     v| 
2021-01-23 12:50:21.352 (   0.076s) [main thread     ]             loguru.cpp:789   INFO| Logging to './output/vi_hc1_quarter/OU/V4/Original/execution_23_01_2021_12_50_21.log', mode: 'a', verbosity: 9
--------------------------------------------------------------------------------
Parameters
                           instance_path           ./input/Instances/Original/3/
                            model_policy                                       1
                             nb_vehicles                                       4
                              output_dir ./output/vi_hc1_quarter/OU/V4/Original/
                            sec_strategy                                       1
                       solver_nb_threads                                       2
                         solver_show_log                                    true
                       solver_time_limit                                    3600
                              use_vi_cos                                   false
                              use_vi_cus                                   false
                         use_vi_hc1_full                                   false
                         use_vi_hc1_half                                   false
                      use_vi_hc1_quarter                                    true
                              use_vi_hc2                                   false
                              use_vi_hc3                                   false
                         use_vi_lex_full                                   false
                         use_vi_lex_half                                   false
                      use_vi_lex_quarter                                   false
                              use_vi_qua                                   false
                               use_vi_vc                                   false
                               use_vi_vr                                   false
--------------------------------------------------------------------------------
executing instance: ./input/Instances/Original/3/absH3low_2n5.dat
--------------------------------------------------------------------------------
Instance details
n	6
H	3
C	237
Li:
[0, 0, 0, 0, 0, 0, ]
Ui:
[0, 93, 180, 51, 114, 24, ]
Distance matrix:
|0	170	318	35	112	235	|
|170	0	311	205	258	301	|
|318	311	0	326	278	137	|
|35	205	326	0	89	230	|
|112	258	278	89	0	160	|
|235	301	137	230	160	0	|

--------------------------------------------------------------------------------
Building model...
	using lazy and cut (CVRPSEP package)
Solving IRP LP...
--------------------------------------------------------------------------------

Gurobi 9.1.0 (linux64) logging started Sat Jan 23 12:50:21 2021

Gurobi Optimizer version 9.1.0 build v9.1.0rc0 (linux64)
Thread count: 32 physical cores, 32 logical processors, using up to 2 threads
Optimize a model with 201 rows, 336 columns and 1059 nonzeros
Model fingerprint: 0x523caddb
Variable types: 84 continuous, 252 integer (72 binary)
Coefficient statistics:
  Matrix range     [1e+00, 2e+02]
  Objective range  [1e-02, 3e+02]
  Bounds range     [1e+00, 2e+02]
  RHS range        [1e+01, 5e+02]
Presolve removed 24 rows and 23 columns
Presolve time: 0.01s

Explored 0 nodes (0 simplex iterations) in 0.01 seconds
Thread count was 1 (of 32 available processors)

Solution count 0

Model is infeasible
Best objective -, best bound -, gap -

User-callback calls 35, time in user-callback 0.00 sec

Computing Irreducible Inconsistent Subsystem (IIS)...

           Constraints          |            Bounds           |  Runtime
      Min       Max     Guess   |   Min       Max     Guess   |
--------------------------------------------------------------------------
        0       201         -         0       464         -           0s
       30        30         -        49        49         -           0s

IIS computed: 30 constraints, 49 bounds
IIS runtime: 0.35 seconds
================================================================================
executing instance: ./input/Instances/Original/3/absH3high_5n30.dat
--------------------------------------------------------------------------------
Instance details
n	31
H	3
C	2296
Li:
[0, 0, 0, 0, 0, 0, 0, 0, 0, 0, 0, 0, 0, 0, 0, 0, 0, 0, 0, 0, 0, 0, 0, 0, 0, 0, 0, 0, 0, 0, 0, ]
Ui:
[0, 80, 90, 297, 28, 264, 123, 192, 112, 32, 72, 88, 294, 129, 126, 105, 110, 237, 246, 92, 72, 147, 54, 96, 128, 96, 84, 28, 74, 196, 192, ]
Distance matrix:
|0	87	302	65	389	171	219	120	412	339	129	63	169	401	383	158	393	161	246	275	64	287	345	235	13	274	106	201	85	358	135	|
|87	0	334	128	402	212	301	204	465	384	187	145	232	424	454	238	475	245	289	352	80	307	352	321	81	352	20	261	170	376	215	|
|302	334	0	239	113	132	237	334	157	70	404	263	162	105	227	229	339	251	65	217	259	53	107	352	293	220	339	134	270	75	235	|
|65	128	239	0	330	107	175	130	348	275	174	40	107	339	326	114	351	125	181	224	58	228	290	222	58	224	143	138	65	297	92	|
|389	402	113	330	0	226	349	438	210	151	502	360	269	48	316	339	441	362	175	328	335	102	55	465	377	330	401	245	371	37	342	|
|171	212	132	107	226	0	169	214	253	173	276	134	64	233	261	130	326	153	77	188	133	125	192	264	162	190	220	68	145	193	125	|
|219	301	237	175	349	169	0	157	257	223	244	157	105	334	180	62	175	61	177	63	233	264	334	118	221	61	317	112	136	312	85	|
|120	204	334	130	438	214	157	0	402	348	88	90	173	438	336	115	307	100	269	220	172	338	406	122	130	218	224	204	69	403	101	|
|412	465	157	348	210	253	257	402	0	88	486	359	245	166	129	287	266	303	178	204	386	208	239	370	406	207	473	212	354	187	304	|
|339	384	70	275	151	173	223	348	88	0	427	291	179	120	166	234	290	254	96	187	306	123	166	342	332	190	391	145	291	119	247	|
|129	187	404	174	502	276	244	88	486	427	0	142	248	508	424	200	390	187	342	308	193	400	464	192	142	306	207	281	136	469	182	|
|63	145	263	40	360	134	157	90	359	291	142	0	114	366	321	95	331	99	202	212	90	258	323	186	65	211	163	148	27	327	72	|
|169	232	162	107	269	64	105	173	245	179	248	114	0	266	222	71	268	94	97	131	155	173	244	203	164	132	245	34	113	233	73	|
|401	424	105	339	48	233	334	438	166	120	508	366	266	0	280	332	409	355	169	305	353	117	96	452	391	308	425	237	374	49	339	|
|383	454	227	326	316	261	180	336	129	166	424	321	222	280	0	231	137	238	208	116	376	277	331	272	381	118	467	197	307	285	253	|
|158	238	229	114	339	130	62	115	287	234	200	95	71	332	231	0	238	23	164	118	171	243	314	134	159	117	255	95	77	302	23	|
|393	475	339	351	441	326	175	307	266	290	390	331	268	409	137	238	0	232	300	138	408	383	445	204	395	136	492	258	308	406	260	|
|161	245	251	125	362	153	61	100	303	254	187	99	94	355	238	23	232	0	187	123	183	267	338	111	164	121	262	117	77	325	34	|
|246	289	65	181	175	77	177	269	178	96	342	202	97	169	208	164	300	187	0	168	210	87	157	290	238	171	296	70	206	138	170	|
|275	352	217	224	328	188	63	220	204	187	308	212	131	305	116	118	138	123	168	0	279	255	322	166	275	3	367	120	195	291	141	|
|64	80	259	58	335	133	233	172	386	306	193	90	155	353	376	171	408	183	210	279	0	236	289	276	51	279	90	182	117	307	150	|
|287	307	53	228	102	125	264	338	208	123	400	258	173	117	277	243	383	267	87	255	236	0	71	374	276	257	308	153	270	71	245	|
|345	352	107	290	55	192	334	406	239	166	464	323	244	96	331	314	445	338	157	322	289	71	0	445	334	325	350	224	337	54	315	|
|235	321	352	222	465	264	118	122	370	342	192	186	203	452	272	134	204	111	290	166	276	374	445	0	243	164	341	221	159	428	142	|
|13	81	293	58	377	162	221	130	406	332	142	65	164	391	381	159	395	164	238	275	51	276	334	243	0	274	100	196	89	347	136	|
|274	352	220	224	330	190	61	218	207	190	306	211	132	308	118	117	136	121	171	3	279	257	325	164	274	0	367	122	194	294	140	|
|106	20	339	143	401	220	317	224	473	391	207	163	245	425	467	255	492	262	296	367	90	308	350	341	100	367	0	272	188	377	232	|
|201	261	134	138	245	68	112	204	212	145	281	148	34	237	197	95	258	117	70	120	182	153	224	221	196	122	272	0	146	208	103	|
|85	170	270	65	371	145	136	69	354	291	136	27	113	374	307	77	308	77	206	195	117	270	337	159	89	194	188	146	0	337	54	|
|358	376	75	297	37	193	312	403	187	119	469	327	233	49	285	302	406	325	138	291	307	71	54	428	347	294	377	208	337	0	306	|
|135	215	235	92	342	125	85	101	304	247	182	72	73	339	253	23	260	34	170	141	150	245	315	142	136	140	232	103	54	306	0	|

--------------------------------------------------------------------------------
Building model...
	using lazy and cut (CVRPSEP package)
Solving IRP LP...
--------------------------------------------------------------------------------

Gurobi 9.1.0 (linux64) logging started Sat Jan 23 12:50:22 2021

Gurobi Optimizer version 9.1.0 build v9.1.0rc0 (linux64)
Thread count: 32 physical cores, 32 logical processors, using up to 2 threads
Optimize a model with 1105 rows, 6436 columns and 15373 nonzeros
Model fingerprint: 0x25e8a01f
Variable types: 484 continuous, 5952 integer (372 binary)
Coefficient statistics:
  Matrix range     [1e+00, 6e+02]
  Objective range  [1e-01, 5e+02]
  Bounds range     [1e+00, 3e+02]
  RHS range        [1e+01, 4e+03]
Presolve removed 191 rows and 607 columns
Presolve time: 0.06s
Presolved: 914 rows, 5829 columns, 13215 nonzeros
Variable types: 422 continuous, 5407 integer (5064 binary)

Root relaxation: objective 9.006593e+03, 990 iterations, 0.03 seconds

    Nodes    |    Current Node    |     Objective Bounds      |     Work
 Expl Unexpl |  Obj  Depth IntInf | Incumbent    BestBd   Gap | It/Node Time

     0     0 9006.59298    0  103          - 9006.59298      -     -    0s
     0     0 9347.49386    0  106          - 9347.49386      -     -    0s
     0     0 9358.89994    0  100          - 9358.89994      -     -    0s
     0     0 9687.68048    0  140          - 9687.68048      -     -    0s
     0     0 9756.81607    0  139          - 9756.81607      -     -    0s
     0     0 9756.83852    0  137          - 9756.83852      -     -    0s
     0     0 9835.34156    0  177          - 9835.34156      -     -    0s
     0     0 9839.07633    0  173          - 9839.07633      -     -    0s
     0     0 9840.02014    0  171          - 9840.02014      -     -    0s
     0     0 9909.39714    0  169          - 9909.39714      -     -    1s
     0     0 9911.53628    0  245          - 9911.53628      -     -    1s
     0     0 9911.54903    0  251          - 9911.54903      -     -    1s
     0     0 9943.08083    0  228          - 9943.08083      -     -    1s
     0     0 9948.71560    0  288          - 9948.71560      -     -    1s
     0     0 9950.22104    0  270          - 9950.22104      -     -    1s
     0     0 9950.43987    0  299          - 9950.43987      -     -    1s
     0     0 9972.91839    0  286          - 9972.91839      -     -    1s
     0     0 9980.07965    0  379          - 9980.07965      -     -    2s
     0     0 9982.19482    0  317          - 9982.19482      -     -    2s
     0     0 9982.31230    0  337          - 9982.31230      -     -    2s
     0     0 10004.2754    0  328          - 10004.2754      -     -    2s
     0     0 10007.0538    0  390          - 10007.0538      -     -    2s
     0     0 10007.7070    0  390          - 10007.7070      -     -    2s
     0     0 10014.3369    0  412          - 10014.3369      -     -    3s
     0     0 10014.3369    0  400          - 10014.3369      -     -    3s
     0     2 10015.7031    0  400          - 10015.7031      -     -    3s
    25    28 10066.0610    8  306          - 10025.0409      -   231    5s
   122   128 10353.5610   35  244          - 10025.0409      -   257   10s
   290   321 11134.7769   85   56          - 10025.0409      -   178   15s
   531   529 12031.8878  131   69          - 10025.0409      -   120   20s
   758   675 11772.2284  132  209          - 10028.7307      -  98.3   25s
   781   690 13669.9313  215  447          - 10069.0287      -  95.5   30s
H  797   665                    12895.880000 10087.7026  21.8%  93.5   36s
   806   672 10248.4899    8  158 12895.8800 10087.7269  21.8%   103   40s
   826   685 11820.9991  112  484 12895.8800 10093.1609  21.7%   101   45s
   838   693 10367.9629   21  479 12895.8800 10095.3221  21.7%  99.2   50s
   843   700 10100.5372   22  416 12895.8800 10096.7819  21.7%   107   55s
   856   708 10162.1680   26  213 12895.8800 10106.3107  21.6%   111   60s
   881   727 10213.6983   32  200 12895.8800 10106.3107  21.6%   119   66s
   912   751 10294.0965   39  196 12895.8800 10106.3107  21.6%   127   70s
   952   776 10324.9820   49  198 12895.8800 10106.3107  21.6%   136   76s
   989   803 10452.5818   58  315 12895.8800 10106.3107  21.6%   145   80s
  1027   834 10561.8777   66  283 12895.8800 10106.3107  21.6%   155   85s
  1060   853 10740.4196   74  290 12895.8800 10106.3107  21.6%   161   90s
  1109   884 10827.6080   87  166 12895.8800 10106.3107  21.6%   168   96s
  1153   924 10936.4505   96  237 12895.8800 10106.3107  21.6%   170  100s
  1205   954 11070.0921  109  241 12895.8800 10106.3107  21.6%   175  105s
  1267  1005 11284.2766  125  173 12895.8800 10106.3107  21.6%   178  111s
  1299  1026 11527.4308  132   89 12895.8800 10106.3107  21.6%   181  116s
  1341  1056 11617.2446  140  283 12895.8800 10106.3107  21.6%   184  121s
  1403  1106 11673.8463  151  162 12895.8800 10106.3107  21.6%   185  126s
  1462  1147 11874.8909  164  182 12895.8800 10106.3107  21.6%   186  132s
  1533  1197 11804.5120  181  150 12895.8800 10106.3107  21.6%   187  137s
  1572  1221 11981.0087  188  236 12895.8800 10106.3107  21.6%   187  140s
  1643  1272 11867.8086  200  220 12895.8800 10106.3107  21.6%   188  147s
  1684  1299 11898.9893  208  168 12895.8800 10106.3107  21.6%   189  150s
  1780  1377 12184.3927  233  112 12895.8800 10106.3107  21.6%   187  157s
  1837  1397 12306.4408  247  166 12895.8800 10106.3107  21.6%   187  162s
  1880  1439 12410.4282  258  153 12895.8800 10106.3107  21.6%   186  166s
  1942  1476 12438.8296  276  149 12895.8800 10106.3107  21.6%   185  173s
  2016  1513 12489.8365  296  204 12895.8800 10106.3107  21.6%   183  178s
  2095  1521 12532.5980  319  199 12895.8800 10106.3107  21.6%   180  184s
  2162  1563 12560.7355  336  221 12895.8800 10165.8379  21.2%   179  190s
  2291  1539 10326.6946   25  432 12895.8800 10165.8379  21.2%   174  196s
  2309  1549 10394.4928   29  381 12895.8800 10165.8379  21.2%   176  200s
  2338  1564 10340.6169   39  344 12895.8800 10165.8379  21.2%   179  205s
  2357  1589 10665.3183   40  312 12895.8800 10165.8379  21.2%   182  214s
  2381  1619 10731.9150   49  293 12895.8800 10165.8379  21.2%   184  219s
  2419  1652 10944.2983   71  266 12895.8800 10165.8379  21.2%   185  224s
  2465  1688 11014.9064  101  217 12895.8800 10165.8379  21.2%   186  230s
  2516  1702 11193.0719  135  100 12895.8800 10165.8379  21.2%   186  235s
  2549  1743 11278.3278  149  243 12895.8800 10165.8379  21.2%   187  240s
  2601  1783 11474.7809  177  122 12895.8800 10165.8379  21.2%   187  246s
  2658  1854 11728.9821  204   90 12895.8800 10165.8379  21.2%   187  254s
  2709  1837 11825.6534  241  106 12895.8800 10165.8379  21.2%   185  255s
  2748  1945 11958.5205  259  107 12895.8800 10165.8379  21.2%   185  263s
  2853  1910 10839.6866   95  341 12895.8800 10165.8379  21.2%   181  265s
  2869  2003 12597.6424  310   71 12895.8800 10165.8379  21.2%   183  273s
  2975  2025 12554.5164  350   56 12895.8800 10165.8385  21.2%   180  281s
  3040  2058 10369.1082   30  329 12895.8800 10165.8385  21.2%   181  287s
  3073  2156 10478.9421   39  162 12895.8800 10165.8385  21.2%   183  295s
  3171  2322 10678.1077  100   39 12895.8800 10165.8385  21.2%   182  306s
  3341  2449 11855.1949  223   59 12895.8800 10165.8385  21.2%   177  316s
  3508  2488 12729.2259  285   17 12895.8800 10166.9201  21.2%   173  324s
  3580  2574 10410.6543   37  212 12895.8800 10166.9201  21.2%   174  333s
  3672  2686 10776.3140   74   62 12895.8800 10166.9201  21.2%   175  345s
  3781  2856 11317.1776  115   35 12895.8800 10167.1037  21.2%   175  357s
  3961  2917 10613.4079   39  283 12895.8800 10167.1037  21.2%   171  367s
  4022  2989 10949.8941   74  272 12895.8800 10167.1037  21.2%   173  376s
  4094  3161 11572.3375  124  138 12895.8800 10167.1037  21.2%   174  388s
  4266  3277 12347.9170  262  132 12895.8800 10171.8886  21.1%   171  398s
  4397  3510 10892.0157   63   97 12895.8800 10171.9932  21.1%   171  412s
  4647  3721 infeasible  212      12895.8800 10173.7539  21.1%   168  428s
  4873  3861 10783.9904   50  305 12895.8800 10173.7539  21.1%   165  443s
  5057  4024 11490.7327  102  166 12895.8800 10178.0964  21.1%   163  459s
  5109  4024 11795.3945  154  127 12895.8800 10178.0964  21.1%   162  460s
  5248  4256 10361.8604   28  414 12895.8800 10178.0964  21.1%   160  475s
  5500  4499 11046.6006   76  153 12895.8800 10178.1125  21.1%   158  491s
  5820  4660 10734.1316   31  316 12895.8800 10179.2382  21.1%   154  508s
  5938  4660 11463.4775   48  126 12895.8800 10179.2382  21.1%   154  510s
  5951  4808 11923.0816   66   39 12895.8800 10179.3065  21.1%   154  524s
  5983  4808 12204.3103   79   25 12895.8800 10179.3065  21.1%   154  525s
  6232  4908     cutoff  131      12895.8800 10180.0515  21.1%   151  537s
  6329  5120 11027.7197   51  287 12895.8800 10185.6316  21.0%   152  550s
  6574  5377 10420.1948   30  335 12895.8800 10185.7587  21.0%   151  566s
  6789  5377 12167.0128  226  122 12895.8800 10185.7587  21.0%   149  570s
  6843  5499 11422.8257  117  144 12895.8800 10188.3312  21.0%   148  584s
  6875  5499 11876.4046  149  160 12895.8800 10188.3312  21.0%   148  585s
  6983  5722 10685.3477   34  181 12895.8800 10188.3312  21.0%   148  601s
  7222  5982 infeasible  190      12895.8800 10191.0968  21.0%   147  619s
  7267  5982 11340.7373   69   65 12895.8800 10191.0968  21.0%   148  620s
  7508  6274 10444.3030   30  422 12895.8800 10191.0968  21.0%   146  641s
  7803  6296 12481.5296  226   28 12895.8800 10191.0968  21.0%   144  645s
  7879  6510 11158.9841   99  278 12895.8800 10191.0968  21.0%   143  659s
  7943  6510 11585.3567  163  204 12895.8800 10191.0968  21.0%   143  660s
  8098  6706 12478.8837  270  117 12895.8800 10191.5297  21.0%   142  677s
  8333  6901 10726.3030   58  109 12895.8800 10204.2754  20.9%   142  693s
  8561  6987 12239.2218  131   27 12895.8800 10208.9900  20.8%   141  710s
  8645  7236 11733.3506   72   16 12895.8800 10225.2290  20.7%   141  724s
  8711  7236 12601.2658  136   26 12895.8800 10225.2290  20.7%   141  725s
  8940  7512 10922.5225   74  202 12895.8800 10228.7865  20.7%   140  741s
  9205  7512 10964.0110   66  216 12895.8800 10228.7865  20.7%   138  745s
  9224  7648 12829.6556  290   65 12895.8800 10244.3965  20.6%   138  757s
  9384  7932 11316.7863   64  195 12895.8800 10245.3144  20.6%   139  771s
  9655  7932 12726.0414  156  105 12895.8800 10245.6723  20.6%   137  775s
  9694  8167 10704.5935   36  323 12895.8800 10255.1186  20.5%   137  792s
  9967  8274     cutoff  143      12895.8800 10255.5621  20.5%   136  808s
 10073  8535 10868.8678   55  240 12895.8800 10259.5316  20.4%   137  822s
 10291  8535 12648.6493  137   73 12895.8800 10259.5316  20.4%   135  825s
 10356  8706 10511.0138   34  240 12895.8800 10259.5316  20.4%   136  838s
 10537  9079 12276.8852  111  129 12895.8800 10261.1932  20.4%   136  855s
 10925  9087 10877.1874  156    3 12895.8800 10262.4855  20.4%   134  860s
 10995  9258     cutoff  130      12895.8800 10262.5798  20.4%   133  874s
 11065  9258 11570.8463   99   23 12895.8800 10262.5798  20.4%   133  875s
 11209  9523     cutoff  164      12895.8800 10277.1188  20.3%   133  891s
 11488  9739 11090.2366   67  207 12895.8800 10279.2675  20.3%   132  907s
 11712  9739 11030.2499   46  227 12895.8800 10282.8539  20.3%   132  910s
 11732  9937 11535.1913   73   23 12895.8800 10285.9479  20.2%   132  924s
 11796  9942 12439.7403  132    7 12895.8800 10285.9479  20.2%   131  925s
 12009 10066 10691.6850   42  333 12895.8800 10294.2220  20.2%   131  938s
 12129 10611 11126.0800   82  108 12895.8800 10294.4242  20.2%   132  957s
 12385 10612 12231.1117  268   38 12895.8800 10294.4242  20.2%   130  960s
 12784 10861 12709.1404  184   46 12895.8800 10295.3188  20.2%   128  978s
 13003 10861 11275.7041   92   25 12895.8800 10296.9903  20.2%   127  982s
 13066 10953 10646.8531   45  422 12895.8800 10296.9903  20.2%   127  992s
 13157 11122 11261.2313   86  327 12895.8800 10296.9903  20.2%   128 1005s
 13348 11230 12035.0064  157  173 12895.8800 10298.1036  20.1%   128 1022s
 13470 11604     cutoff  230      12895.8800 10298.1858  20.1%   128 1038s
 13680 11604 11453.1048  146   84 12895.8800 10299.5363  20.1%   127 1040s
 13858 11825 10668.6112  162   25 12895.8800 10300.4885  20.1%   126 1054s
 13890 11825 10731.7606  189   15 12895.8800 10300.4885  20.1%   126 1055s
 14135 11999 12452.3610  200    6 12895.8800 10309.4071  20.1%   125 1068s
 14320 12213 11015.8030   68  195 12895.8800 10309.9524  20.1%   125 1081s
 14596 12292     cutoff  177      12895.8800 10311.6054  20.0%   125 1094s
 14631 12292     cutoff  147      12895.8800 10312.0030  20.0%   125 1095s
 14675 12508 11284.5587   59  302 12895.8800 10312.7066  20.0%   126 1107s
 14937 12714 10590.3014   48  247 12895.8800 10313.2856  20.0%   125 1122s
 15159 12968 10636.2330   31  136 12895.8800 10313.3935  20.0%   125 1138s
 15297 12973 11646.8999  104   22 12895.8800 10313.3935  20.0%   125 1140s
 15449 13195 10838.5078   87   72 12895.8800 10313.8311  20.0%   124 1154s
 15481 13195 10993.0239  113   36 12895.8800 10313.8311  20.0%   124 1155s
 15704 13376     cutoff  186      12895.8800 10315.6371  20.0%   124 1169s
 15795 13376 11294.5239  101  103 12895.8800 10315.7140  20.0%   124 1170s
 15899 13580 11189.2975   79  195 12895.8800 10315.9493  20.0%   124 1182s
 16115 13756 11015.6906   47  373 12895.8800 10315.9493  20.0%   123 1197s
 16305 13905 12157.0949   97  205 12895.8800 10317.4574  20.0%   123 1210s
 16489 14078 10773.6550   43  255 12895.8800 10320.0605  20.0%   123 1224s
 16585 14078 11928.3501  139   85 12895.8800 10320.0605  20.0%   123 1225s
 16674 14293 10555.1482   32  249 12895.8800 10320.7918  20.0%   123 1239s
 16706 14293 10763.5318   51   44 12895.8800 10320.7918  20.0%   123 1240s
 16909 14616 11279.0193   93   55 12895.8800 10320.8054  20.0%   123 1257s
 17149 14619 11644.1700  127    - 12895.8800 10321.0557  20.0%   123 1260s
 17317 14899 10942.0936   67  268 12895.8800 10322.2695  20.0%   122 1274s
 17413 14899 11391.1676  163   29 12895.8800 10322.2695  20.0%   122 1275s
 17606 15065 11778.0693  179   75 12895.8800 10324.6555  19.9%   121 1287s
 17803 15152     cutoff  224      12895.8800 10324.7910  19.9%   121 1298s
 17892 15332 10924.0173   54  301 12895.8800 10324.7910  19.9%   122 1310s
 18084 15491 11937.8236  183   49 12895.8800 10326.8131  19.9%   122 1323s
 18237 15491 11564.2863   73  164 12895.8800 10326.8131  19.9%   122 1325s
 18257 15654 11539.8413   81   74 12895.8800 10327.7741  19.9%   122 1336s
 18444 15785 10690.9755   34  348 12895.8800 10328.0116  19.9%   122 1348s
 18551 15785 10964.7521   97   69 12895.8800 10328.0116  19.9%   122 1350s
 18575 16140 10766.5563   51  147 12895.8800 10328.0116  19.9%   122 1364s
 18607 16140 10943.4867   71  187 12895.8800 10328.0116  19.9%   122 1365s
 18949 16358 11741.9395  135   34 12895.8800 10329.7296  19.9%   121 1382s
 19230 16604 infeasible  212      12895.8800 10330.4384  19.9%   121 1396s
 19471 16742 12260.3387   75   36 12895.8800 10332.1131  19.9%   121 1410s
 19628 16942 10706.7425   42  294 12895.8800 10333.4630  19.9%   121 1423s
 19764 16942 11836.1629   66   41 12895.8800 10333.7931  19.9%   121 1425s
 19884 17060 10595.6308   34  304 12895.8800 10333.7931  19.9%   121 1437s
 19993 17213 11918.4165  112   16 12895.8800 10334.5624  19.9%   121 1450s
 20172 17290 10816.3148   38  112 12895.8800 10334.5661  19.9%   121 1462s
 20243 17601 11182.9120   65   77 12895.8800 10334.5661  19.9%   122 1476s
 20593 17623 12140.7500  148    6 12895.8800 10334.5661  19.9%   121 1480s
 20624 17746 11851.9768  158    9 12895.8800 10334.8258  19.9%   121 1491s
 20784 17843 11044.3754   48  231 12895.8800 10338.6803  19.8%   121 1504s
 20816 17843 11628.7988   80  151 12895.8800 10338.6803  19.8%   121 1505s
 20890 17901 10641.0210   29  271 12895.8800 10339.3467  19.8%   122 1516s
 20950 18097 10943.0272   38  104 12895.8800 10339.3467  19.8%   122 1529s
 21041 18097 12002.4092  101  106 12895.8800 10339.3467  19.8%   123 1530s
 21158 18256 11241.9273   68   63 12895.8800 10340.1643  19.8%   122 1545s
 21331 18382 10520.2185   40  280 12895.8800 10340.1643  19.8%   122 1560s
 21463 18526 11087.4950   78  176 12895.8800 10340.1816  19.8%   123 1573s
 21603 18527 12735.2818   90   10 12895.8800 10340.3375  19.8%   122 1575s
 21640 18638 11091.1176   59  141 12895.8800 10340.3667  19.8%   123 1586s
 21765 18878 10841.6554   42  290 12895.8800 10341.8060  19.8%   123 1603s
 21938 18880 12014.6987  153   12 12895.8800 10341.8060  19.8%   123 1605s
 22051 19112 11179.2374   71  139 12895.8800 10342.4115  19.8%   122 1621s
 22295 19326 10477.0896   33  316 12895.8800 10342.4743  19.8%   122 1635s
 22523 19438 12079.5399  134   35 12895.8800 10343.3979  19.8%   122 1649s
 22601 19438 11897.5196   83   72 12895.8800 10343.6787  19.8%   122 1650s
 22654 19602 11364.9216   56  180 12895.8800 10344.1307  19.8%   122 1662s
 22831 19790 11052.6295   43  135 12895.8800 10344.1987  19.8%   122 1677s
 23045 19876 10472.1160   35  343 12895.8800 10344.2797  19.8%   122 1690s
 23124 20092 10730.4695   45  206 12895.8800 10344.3803  19.8%   123 1706s
 23388 20401 10510.7173   38  330 12895.8800 10344.6390  19.8%   122 1724s
 23420 20401 10969.7401   55   95 12895.8800 10344.6390  19.8%   123 1725s
 23753 20628 11170.5891   68   72 12895.8800 10345.6852  19.8%   122 1742s
 23990 20803 12575.7439  164   40 12895.8800 10346.5636  19.8%   122 1758s
 24208 20927     cutoff  183      12895.8800 10346.9665  19.8%   122 1772s
 24359 21076 11319.7521   63  222 12895.8800 10348.3129  19.8%   122 1787s
 24551 21146     cutoff  100      12895.8800 10348.6153  19.8%   122 1799s
 24594 21146     cutoff  140      12895.8800 10348.7057  19.8%   122 1800s
 24618 21300 10953.3245   62   32 12895.8800 10349.0427  19.7%   122 1812s
 24797 21488 12587.7989  141   43 12895.8800 10349.8418  19.7%   122 1826s
 25023 21562 infeasible  155      12895.8800 10351.4161  19.7%   122 1837s
 25100 21855 11039.0327   68   36 12895.8800 10353.2670  19.7%   122 1851s
 25424 21925     cutoff  144      12895.8800 10353.5996  19.7%   122 1864s
 25499 22065 11650.4891   80   82 12895.8800 10354.0433  19.7%   122 1875s
 25665 22150 infeasible  142      12895.8800 10354.7073  19.7%   122 1888s
 25765 22374 10829.1928   46  299 12895.8800 10355.5052  19.7%   122 1903s
 25974 22382 12184.4625  128    8 12895.8800 10355.6276  19.7%   122 1905s
 26029 22515 infeasible  107      12895.8800 10356.2163  19.7%   122 1916s
 26178 22606 11184.1176   59  296 12895.8800 10356.6305  19.7%   122 1930s
 26298 22723     cutoff  136      12895.8800 10359.1683  19.7%   122 1940s
 26418 22905 11389.8929   67  125 12895.8800 10360.4806  19.7%   122 1953s
 26578 22905 11955.5305  155   44 12895.8800 10360.9603  19.7%   122 1955s
 26632 22956 10842.1548   34  285 12895.8800 10360.9603  19.7%   122 1965s
 26686 23033 11757.1009   69   87 12895.8800 10364.0637  19.6%   123 1976s
 26781 23135 10761.8091   34  332 12895.8800 10364.0637  19.6%   123 1987s
 26904 23227 11220.0687   74  224 12895.8800 10364.0637  19.6%   123 1998s
 26990 23501 12504.0876  142  139 12895.8800 10364.4258  19.6%   123 2016s
 27336 23525 12806.3839  184   18 12895.8800 10365.3538  19.6%   122 2020s
 27356 23637 10819.0134   49  368 12895.8800 10365.5514  19.6%   123 2031s
 27481 23722 10521.5053   28  443 12895.8800 10365.6313  19.6%   123 2045s
 27594 23835 11220.9768   58  185 12895.8800 10367.1712  19.6%   123 2058s
 27725 23998 10752.5913   32  234 12895.8800 10367.1712  19.6%   123 2071s
 27903 24226 11490.9667   62   60 12895.8800 10368.3913  19.6%   123 2088s
 28103 24229 11348.3745   98   37 12895.8800 10368.7898  19.6%   123 2090s
 28197 24277 12498.0498   89  100 12895.8800 10368.9469  19.6%   123 2101s
 28263 24412 11100.7153   51  232 12895.8800 10370.2944  19.6%   123 2114s
 28426 24540 10528.1316   30  367 12895.8800 10370.7447  19.6%   123 2127s
 28582 24664 11898.6769   84  129 12895.8800 10371.2329  19.6%   123 2141s
 28727 24769     cutoff  138      12895.8800 10371.9193  19.6%   123 2154s
 28843 24974 11153.6732   52  310 12895.8800 10372.5112  19.6%   124 2167s
 29026 24974 12396.5861  109   34 12895.8800 10373.2108  19.6%   124 2170s
 29078 25040 10709.7436   40  360 12895.8800 10373.2108  19.6%   123 2180s
 29144 25273 11206.7963   74  168 12895.8800 10373.2957  19.6%   124 2193s
 29278 25273 10591.0192   35  274 12895.8800 10373.2957  19.6%   124 2195s
 29397 25450 10791.0818   48  298 12895.8800 10373.5541  19.6%   124 2207s
 29613 25558     cutoff  178      12895.8800 10375.9859  19.5%   123 2221s
 29736 25704 11579.5696   57   89 12895.8800 10377.7889  19.5%   123 2233s
 29906 25742 10768.3839   39  424 12895.8800 10378.3607  19.5%   124 2245s
 29944 25893 11120.8194   55  179 12895.8800 10378.5358  19.5%   124 2257s
 30139 26096 10651.6567   42  331 12895.8800 10380.3661  19.5%   124 2271s
 30372 26223 10447.7502   30  361 12895.8800 10380.4323  19.5%   124 2284s
 30411 26223 11237.5385   49   82 12895.8800 10380.4323  19.5%   124 2285s
 30499 26386 11779.7827   68   44 12895.8800 10380.6157  19.5%   124 2300s
 30702 26514 10878.3469   50  368 12895.8800 10380.7295  19.5%   124 2313s
 30838 26623 11530.2411   89  252 12895.8800 10381.2769  19.5%   124 2326s
 30982 26673 10537.7452   36  462 12895.8800 10381.8611  19.5%   124 2336s
 31033 26796 11324.5671   60  192 12895.8800 10381.8611  19.5%   125 2347s
 31156 26907 12162.1545  143   50 12895.8800 10382.1173  19.5%   125 2360s
 31304 27032 11256.1792   52  190 12895.8800 10383.3185  19.5%   125 2372s
 31443 27089 10541.7634   36  321 12895.8800 10383.3185  19.5%   125 2384s
 31510 27286 11260.4047   63  312 12895.8800 10384.2763  19.5%   126 2396s
 31746 27452     cutoff  129      12895.8800 10385.6150  19.5%   126 2413s
 31878 27452 12313.0239  142   47 12895.8800 10385.8525  19.5%   126 2415s
 31943 27551 10726.4947   43  356 12895.8800 10385.8525  19.5%   126 2425s
 32042 27787 10983.0967   86    3 12895.8800 10385.8660  19.5%   126 2440s
 32398 27882     cutoff  159      12895.8800 10386.1110  19.5%   125 2456s
 32471 28080 11092.4017   65  233 12895.8800 10386.8236  19.5%   126 2471s
 32713 28141 10572.9966   30  395 12895.8800 10387.0185  19.5%   126 2485s
 32775 28251 11113.2572   58  318 12895.8800 10387.6781  19.4%   126 2499s
 32840 28251 12877.3819  122   29 12895.8800 10387.6781  19.4%   126 2500s
 32913 28342 10859.8150   39  292 12895.8800 10387.7282  19.4%   126 2511s
 33004 28499 11753.9352   92  157 12895.8800 10387.9329  19.4%   126 2526s
 33191 28630 11061.0299   35  279 12895.8800 10388.1840  19.4%   126 2542s
 33316 28870 11595.0079   79   61 12895.8800 10388.4297  19.4%   127 2558s
 33480 28870 12369.7326  169   54 12895.8800 10388.4297  19.4%   126 2560s
 33628 28933 10695.2493   40  117 12895.8800 10388.9392  19.4%   126 2573s
 33691 29091 11416.6537   81  115 12895.8800 10389.2957  19.4%   127 2587s
 33874 29187 11093.5729   74  330 12895.8800 10390.5942  19.4%   127 2601s
 33970 29338 11749.3552  123  191 12895.8800 10390.8425  19.4%   127 2614s
 34161 29453 11218.9738   53  117 12895.8800 10391.2838  19.4%   127 2629s
 34193 29453 11685.6122   85  118 12895.8800 10391.2838  19.4%   127 2630s
 34303 29608     cutoff  127      12895.8800 10392.6403  19.4%   127 2643s
 34395 29608 11894.4110   90  131 12895.8800 10393.2760  19.4%   127 2645s
 34472 29704 11520.8307   69   90 12895.8800 10394.1022  19.4%   127 2659s
 34504 29704 11497.6914   82   22 12895.8800 10394.1022  19.4%   127 2660s
 34609 29762     cutoff  117      12895.8800 10394.2158  19.4%   127 2671s
 34661 29834 10890.5581   42  330 12895.8800 10394.2158  19.4%   128 2684s
 34733 30051 11527.0164   59  103 12895.8800 10394.2238  19.4%   128 2700s
 35009 30113     cutoff   96      12895.8800 10394.4631  19.4%   128 2720s
 35085 30269 11617.9477   76  100 12895.8800 10394.8121  19.4%   128 2734s
 35292 30377 12891.0226  120   19 12895.8800 10395.2848  19.4%   128 2749s
 35422 30465 11038.8624   59  274 12895.8800 10396.2382  19.4%   128 2762s
 35528 30553     cutoff  110      12895.8800 10397.8627  19.4%   129 2776s
 35636 30602 11449.8626   70  188 12895.8800 10397.8755  19.4%   129 2793s
 35687 30653 12777.6803  118  140 12895.8800 10398.1326  19.4%   129 2806s
 35752 30885 11323.2297   71  194 12895.8800 10398.1421  19.4%   129 2823s
 35848 30885 12296.6313  167   44 12895.8800 10398.1421  19.4%   129 2825s
 36029 31031 11160.0147   45  247 12895.8800 10398.6156  19.4%   129 2838s
 36192 31271 10959.0897   40  269 12895.8800 10398.9595  19.4%   129 2854s
 36224 31271 11231.5510   72  170 12895.8800 10398.9595  19.4%   129 2855s
 36475 31321     cutoff  148      12895.8800 10400.5330  19.3%   129 2868s
 36530 31509 10927.4711   52  319 12895.8800 10400.5589  19.3%   129 2882s
 36729 31605 11567.9330   97  263 12895.8800 10400.7777  19.3%   129 2895s
 36841 31672 infeasible  161      12895.8800 10400.9056  19.3%   129 2908s
 36910 31797 11004.6365   66  267 12895.8800 10400.9056  19.3%   129 2920s
 37047 31968 11875.6409  133   95 12895.8800 10401.1532  19.3%   130 2935s
 37247 32024 10797.0920   40  111 12895.8800 10401.1670  19.3%   130 2953s
 37272 32024 10599.3787   38  345 12895.8800 10401.1670  19.3%   130 2955s
 37303 32139 11065.9998   46  225 12895.8800 10401.1670  19.3%   130 2969s
 37335 32139 11321.1794   49  194 12895.8800 10401.1670  19.3%   130 2970s
 37430 32419 11198.6469   52  129 12895.8800 10401.2549  19.3%   130 2992s
 37921 32484     cutoff   97      12895.8800 10401.7898  19.3%   130 3009s
 37969 32733 10780.3515   46  198 12895.8800 10402.0272  19.3%   130 3027s
 38208 32737 11821.2683  140   22 12895.8800 10402.0272  19.3%   130 3030s
 38260 32957 11107.9664   77  112 12895.8800 10402.7194  19.3%   130 3046s
 38528 33031     cutoff  166      12895.8800 10403.1415  19.3%   129 3062s
 38650 33121     cutoff  172      12895.8800 10403.8974  19.3%   130 3074s
 38737 33328 11420.6320   65  223 12895.8800 10404.6517  19.3%   130 3088s
 38833 33329 12382.4171  159   13 12895.8800 10404.6517  19.3%   130 3090s
 38976 33395 12783.6073  165   56 12895.8800 10405.3724  19.3%   130 3104s
 39029 33395 11664.3002   70   89 12895.8800 10405.3724  19.3%   130 3105s
 39052 33480 11715.1171   73   84 12895.8800 10406.1330  19.3%   130 3116s
 39146 33669 10950.8604   42  243 12895.8800 10406.2185  19.3%   130 3129s
 39210 33669 11810.8335  106   72 12895.8800 10406.2185  19.3%   130 3130s
 39350 33773 10644.8043   35  318 12895.8800 10406.2185  19.3%   130 3143s
 39467 33845 12288.0879   87  148 12895.8800 10406.5734  19.3%   130 3156s
 39551 33980 11232.7509   51  263 12895.8800 10406.7853  19.3%   130 3170s
 39727 34166 10632.2809   35  279 12895.8800 10406.9707  19.3%   130 3188s
 39879 34166 12168.9571  154   66 12895.8800 10406.9707  19.3%   130 3190s
 39937 34353 11316.8371   91  136 12895.8800 10407.1562  19.3%   130 3203s
 40033 34353 11986.7539  187   28 12895.8800 10407.1562  19.3%   130 3205s
 40144 34530 10685.8061   36  367 12895.8800 10407.5693  19.3%   130 3224s
 40217 34530 11472.9449   68   10 12895.8800 10407.5693  19.3%   130 3225s
 40381 34672 11246.6060   57   50 12895.8800 10408.0849  19.3%   130 3240s
 40579 34770 infeasible  133      12895.8800 10408.3895  19.3%   130 3252s
 40661 34941 11058.1088   62  299 12895.8800 10408.5926  19.3%   130 3266s
 40854 35065 10842.5714   30  198 12895.8800 10408.9880  19.3%   130 3282s
 41022 35130 10657.0102   34  409 12895.8800 10409.1548  19.3%   130 3297s
 41089 35252 11231.1377   65  236 12895.8800 10409.4256  19.3%   131 3311s
 41236 35337     cutoff  140      12895.8800 10410.2082  19.3%   131 3324s
 41320 35535 11147.3024   57  170 12895.8800 10410.8279  19.3%   131 3337s
 41523 35535 12752.0831  173   54 12895.8800 10410.9958  19.3%   131 3340s
 41546 35610 10586.5817   33  261 12895.8800 10410.9958  19.3%   131 3352s
 41621 35792 11495.0506   54   86 12895.8800 10411.0377  19.3%   131 3369s
 41740 35795 11620.6419   53  101 12895.8800 10411.1657  19.3%   131 3370s
 41862 35851 12522.6200   83    - 12895.8800 10411.4057  19.3%   131 3383s
 41918 35960     cutoff   83      12895.8800 10412.3018  19.3%   131 3396s
 42040 36111 11434.1946   67  274 12895.8800 10412.4339  19.3%   131 3410s
 42218 36152 10674.3772   42  373 12895.8800 10412.5211  19.3%   131 3422s
 42261 36309 10971.5051   62  279 12895.8800 10413.0212  19.3%   132 3435s
 42434 36375 12628.8800  123    4 12895.8800 10413.1117  19.3%   132 3448s
 42514 36453     cutoff  124      12895.8800 10413.3779  19.3%   132 3460s
 42594 36610 11219.2034   58   80 12895.8800 10413.6284  19.2%   132 3474s
 42627 36610 11883.3533   90   22 12895.8800 10413.6284  19.2%   132 3475s
 42792 36708 infeasible  130      12895.8800 10414.2512  19.2%   132 3488s
 42904 36829 11565.8912   87  215 12895.8800 10415.8786  19.2%   132 3502s
 43034 37027 11135.8812   67   61 12895.8800 10416.0219  19.2%   132 3518s
 43180 37027 12107.1250  112  123 12895.8800 10416.0619  19.2%   132 3520s
 43255 37213 11369.4454   53   72 12895.8800 10416.2326  19.2%   132 3538s
 43384 37213 12041.3775  154   25 12895.8800 10416.2326  19.2%   132 3540s
 43500 37256     cutoff  184      12895.8800 10416.2688  19.2%   132 3552s
 43540 37432 11436.5260   52  166 12895.8800 10416.2688  19.2%   132 3568s
 43715 37432 12212.8880  116   44 12895.8800 10416.2688  19.2%   132 3570s
 43716 37527 12341.1855  105  135 12895.8800 10416.2846  19.2%   132 3582s
 43840 37641 10875.9804   43  155 12895.8800 10416.5147  19.2%   133 3596s
 43954 37687 11273.2002   61  121 12895.8800 10416.5147  19.2%   133 3600s

Cutting planes:
  User: 3045
  Gomory: 39
  Cover: 296
  Implied bound: 62
  Projected implied bound: 4
  Clique: 6
  MIR: 144
  Flow cover: 330
  Zero half: 13
  RLT: 242
  Relax-and-lift: 5
  Lazy constraints: 4861

Explored 44000 nodes (5853820 simplex iterations) in 3600.63 seconds
Thread count was 2 (of 32 available processors)

Solution count 1: 12895.9 

Time limit reached
Best objective 1.289588000000e+04, best bound 1.041651468206e+04, gap 19.2260%

User-callback calls 397261, time in user-callback 295.57 sec
================================================================================
executing instance: ./input/Instances/Original/3/absH3high_5n20.dat
--------------------------------------------------------------------------------
Instance details
n	21
H	3
C	1734
Li:
[0, 0, 0, 0, 0, 0, 0, 0, 0, 0, 0, 0, 0, 0, 0, 0, 0, 0, 0, 0, 0, ]
Ui:
[0, 40, 237, 68, 194, 144, 207, 114, 118, 207, 120, 72, 128, 48, 102, 237, 261, 135, 84, 184, 142, ]
Distance matrix:
|0	408	254	408	305	286	284	573	384	380	400	384	552	461	243	577	274	285	345	92	431	|
|408	0	189	21	111	218	178	168	182	283	211	86	158	222	191	168	136	320	219	318	87	|
|254	189	0	198	81	230	31	354	276	174	157	136	307	348	158	348	110	313	275	180	183	|
|408	21	198	0	118	204	190	165	163	302	230	105	169	202	184	170	134	306	202	317	107	|
|305	111	81	118	0	188	80	278	209	221	172	86	247	276	129	276	61	285	220	218	130	|
|286	218	230	204	188	0	249	342	102	401	360	260	373	176	73	360	128	103	60	202	290	|
|284	178	31	190	80	249	0	339	286	151	127	114	284	355	180	330	124	337	290	211	160	|
|573	168	354	165	278	342	339	0	262	411	330	229	118	248	342	37	298	434	316	482	194	|
|384	182	276	163	209	102	286	262	0	429	372	252	319	79	149	287	167	174	55	297	268	|
