




arguments: ./build/mirp_solver -f ./input/orig_exec_317.cfg
Current dir: /scratch/gui/bnc_mirp
File verbosity level: 9
date       time         ( uptime  ) [ thread name/id ]                   file:line     v| 
2021-01-17 21:03:07.637 (   0.333s) [main thread     ]             loguru.cpp:789   INFO| Logging to './output/vi_hc1_quarter/OU/V4/Original/execution_17_01_2021_21_03_07.log', mode: 'a', verbosity: 9
--------------------------------------------------------------------------------
Parameters
                           instance_path           ./input/Instances/Original/1/
                            model_policy                                       1
                             nb_vehicles                                       4
                              output_dir ./output/vi_hc1_quarter/OU/V4/Original/
                            sec_strategy                                       1
                       solver_nb_threads                                       2
                         solver_show_log                                    true
                       solver_time_limit                                    3600
                              use_vi_cos                                   false
                              use_vi_cus                                   false
                         use_vi_hc1_full                                   false
                         use_vi_hc1_half                                   false
                      use_vi_hc1_quarter                                    true
                              use_vi_hc2                                   false
                              use_vi_hc3                                   false
                         use_vi_lex_full                                   false
                         use_vi_lex_half                                   false
                      use_vi_lex_quarter                                   false
                              use_vi_qua                                   false
                               use_vi_vc                                   false
                               use_vi_vr                                   false
--------------------------------------------------------------------------------
executing instance: ./input/Instances/Original/1/absH3high_1n5.dat
--------------------------------------------------------------------------------
Instance details
n	6
H	3
C	289
Li:
[0, 0, 0, 0, 0, 0, ]
Ui:
[0, 195, 105, 116, 72, 22, ]
Distance matrix:
|0	85	349	17	203	289	|
|85	0	265	102	214	226	|
|349	265	0	366	368	238	|
|17	102	366	0	207	302	|
|203	214	368	207	0	431	|
|289	226	238	302	431	0	|

--------------------------------------------------------------------------------
Building model...
	using lazy and cut (CVRPSEP package)
Solving IRP LP...
--------------------------------------------------------------------------------

Gurobi 9.1.0 (linux64) logging started Sun Jan 17 21:03:08 2021

Gurobi Optimizer version 9.1.0 build v9.1.0rc0 (linux64)
Thread count: 32 physical cores, 32 logical processors, using up to 2 threads
Optimize a model with 201 rows, 336 columns and 1059 nonzeros
Model fingerprint: 0xb1468271
Variable types: 84 continuous, 252 integer (72 binary)
Coefficient statistics:
  Matrix range     [1e+00, 2e+02]
  Objective range  [2e-01, 4e+02]
  Bounds range     [1e+00, 2e+02]
  RHS range        [1e+01, 5e+02]
Presolve removed 24 rows and 6 columns
Presolve time: 0.01s
Presolved: 177 rows, 330 columns, 904 nonzeros
Variable types: 78 continuous, 252 integer (192 binary)
Found heuristic solution: objective 3460.7100000

Root relaxation: objective 1.817850e+03, 264 iterations, 0.01 seconds

    Nodes    |    Current Node    |     Objective Bounds      |     Work
 Expl Unexpl |  Obj  Depth IntInf | Incumbent    BestBd   Gap | It/Node Time

     0     0 1817.85045    0   26 3460.71000 1817.85045  47.5%     -    0s
H    0     0                    3084.6700000 1817.85045  41.1%     -    0s
     0     0 1959.71375    0   41 3084.67000 1959.71375  36.5%     -    0s
H    0     0                    2888.0300000 1959.71375  32.1%     -    0s
     0     0 1982.72767    0   38 2888.03000 1982.72767  31.3%     -    0s
     0     0 2274.34948    0   40 2888.03000 2274.34948  21.2%     -    0s
     0     0 2274.83962    0   50 2888.03000 2274.83962  21.2%     -    0s
     0     0 2280.64417    0   52 2888.03000 2280.64417  21.0%     -    0s
     0     0 2280.81740    0   48 2888.03000 2280.81740  21.0%     -    0s
     0     0 2351.51420    0   46 2888.03000 2351.51420  18.6%     -    0s
     0     0 2364.02441    0   46 2888.03000 2364.02441  18.1%     -    0s
     0     0 2364.02441    0   46 2888.03000 2364.02441  18.1%     -    0s
     0     0 2374.64627    0   60 2888.03000 2374.64627  17.8%     -    0s
H    0     0                    2887.3300000 2374.64627  17.8%     -    0s
H    0     0                    2861.0900000 2374.64627  17.0%     -    0s
     0     0 2375.79922    0   56 2861.09000 2375.79922  17.0%     -    0s
     0     0 2375.80187    0   57 2861.09000 2375.80187  17.0%     -    0s
     0     0 2392.04608    0   63 2861.09000 2392.04608  16.4%     -    0s
H    0     0                    2824.6500000 2392.04608  15.3%     -    0s
     0     0 2393.14518    0   65 2824.65000 2393.14518  15.3%     -    0s
     0     0 2393.20235    0   72 2824.65000 2393.20235  15.3%     -    0s
     0     0 2427.18028    0   55 2824.65000 2427.18028  14.1%     -    0s
H    0     0                    2703.3300000 2427.18028  10.2%     -    0s
     0     0 2427.47882    0   54 2703.33000 2427.47882  10.2%     -    0s
     0     0 2443.00300    0   47 2703.33000 2443.00300  9.63%     -    0s
     0     0 2447.17426    0   76 2703.33000 2447.17426  9.48%     -    0s
     0     0 2447.66840    0   85 2703.33000 2447.66840  9.46%     -    0s
     0     0 2489.59775    0   53 2703.33000 2489.59775  7.91%     -    0s
     0     0 2513.29451    0   80 2703.33000 2513.29451  7.03%     -    0s
     0     0 2524.43506    0   72 2703.33000 2524.43506  6.62%     -    0s
     0     0 2525.38674    0   87 2703.33000 2525.38674  6.58%     -    0s
     0     0 2526.57130    0   69 2703.33000 2526.57130  6.54%     -    0s
     0     0 2527.21155    0  103 2703.33000 2527.21155  6.51%     -    0s
     0     0 2527.57654    0  100 2703.33000 2527.57654  6.50%     -    0s
     0     0 2551.80752    0   97 2703.33000 2551.80752  5.61%     -    0s
     0     0 2558.73454    0   68 2703.33000 2558.73454  5.35%     -    0s
     0     0 2573.20351    0   69 2703.33000 2573.20351  4.81%     -    0s
     0     0 2576.57575    0  111 2703.33000 2576.57575  4.69%     -    0s
     0     0 2576.60229    0  116 2703.33000 2576.60229  4.69%     -    0s
     0     0 2585.03000    0   83 2703.33000 2585.03000  4.38%     -    0s
     0     0 2587.31961    0   89 2703.33000 2587.31961  4.29%     -    0s
     0     0 2588.20943    0  114 2703.33000 2588.20943  4.26%     -    0s
     0     0 2588.27593    0  115 2703.33000 2588.27593  4.26%     -    0s
     0     0 2595.08267    0   99 2703.33000 2595.08267  4.00%     -    0s
     0     0 2596.24609    0   96 2703.33000 2596.24609  3.96%     -    0s
     0     0 2597.18862    0   88 2703.33000 2597.18862  3.93%     -    0s
     0     0 2597.19644    0  105 2703.33000 2597.19644  3.93%     -    0s
     0     0 2606.64651    0   91 2703.33000 2606.64651  3.58%     -    0s
     0     0 2610.58758    0   80 2703.33000 2610.58758  3.43%     -    0s
     0     0 2613.77619    0  117 2703.33000 2613.77619  3.31%     -    0s
     0     0 2614.31375    0  127 2703.33000 2614.31375  3.29%     -    0s
     0     0 2619.30643    0   96 2703.33000 2619.30643  3.11%     -    0s
     0     0 2619.33246    0  120 2703.33000 2619.33246  3.11%     -    0s
     0     0 2622.81844    0  105 2703.33000 2622.81844  2.98%     -    0s
     0     0 2623.21476    0  104 2703.33000 2623.21476  2.96%     -    0s
     0     0 2623.21543    0   29 2703.33000 2623.21543  2.96%     -    0s
     0     0 2623.21543    0   19 2703.33000 2623.21543  2.96%     -    0s
     0     0 2623.21543    0   34 2703.33000 2623.21543  2.96%     -    0s
     0     0 2623.21543    0   26 2703.33000 2623.21543  2.96%     -    0s
     0     0 2623.21543    0   39 2703.33000 2623.21543  2.96%     -    0s
     0     0 2623.21543    0   37 2703.33000 2623.21543  2.96%     -    0s
     0     0 2628.60970    0   52 2703.33000 2628.60970  2.76%     -    0s
     0     0 2630.39241    0   34 2703.33000 2630.39241  2.70%     -    0s
     0     0 2633.70791    0   42 2703.33000 2633.70791  2.58%     -    0s
     0     0 2634.64731    0   50 2703.33000 2634.64731  2.54%     -    0s
     0     0 2636.84143    0   52 2703.33000 2636.84143  2.46%     -    0s
     0     0 2636.84143    0   52 2703.33000 2636.84143  2.46%     -    0s
     0     0 2638.65264    0   61 2703.33000 2638.65264  2.39%     -    0s
     0     0 2639.20658    0   61 2703.33000 2639.20658  2.37%     -    0s
     0     0 2650.40717    0   46 2703.33000 2650.40717  1.96%     -    0s
     0     0 2651.04015    0   53 2703.33000 2651.04015  1.93%     -    0s
     0     0 2651.25341    0   49 2703.33000 2651.25341  1.93%     -    0s
     0     0 2657.11686    0   57 2703.33000 2657.11686  1.71%     -    0s
     0     0 2669.69587    0   21 2703.33000 2669.69587  1.24%     -    0s

Cutting planes:
  User: 6
  Gomory: 1
  Cover: 26
  Implied bound: 1
  MIR: 17
  Flow cover: 30
  Network: 2
  RLT: 43
  Relax-and-lift: 4

Explored 1 nodes (4325 simplex iterations) in 0.53 seconds
Thread count was 2 (of 32 available processors)

Solution count 7: 2703.33 2824.65 2861.09 ... 3460.71

Optimal solution found (tolerance 1.00e-04)
Best objective 2.703330000000e+03, best bound 2.703330000000e+03, gap 0.0000%

User-callback calls 567, time in user-callback 0.03 sec
================================================================================
executing instance: ./input/Instances/Original/1/absH3high_1n45.dat
--------------------------------------------------------------------------------
Instance details
n	46
H	3
C	3462
Li:
[0, 0, 0, 0, 0, 0, 0, 0, 0, 0, 0, 0, 0, 0, 0, 0, 0, 0, 0, 0, 0, 0, 0, 0, 0, 0, 0, 0, 0, 0, 0, 0, 0, 0, 0, 0, 0, 0, 0, 0, 0, 0, 0, 0, 0, 0, ]
Ui:
[0, 273, 270, 36, 165, 192, 148, 45, 30, 75, 180, 198, 112, 117, 90, 64, 180, 22, 264, 174, 168, 270, 86, 66, 26, 66, 237, 156, 92, 108, 144, 72, 30, 45, 94, 54, 174, 96, 198, 136, 44, 180, 210, 249, 198, 48, ]
Distance matrix:
|0	281	201	160	249	201	93	431	236	139	252	136	116	166	390	110	349	374	303	180	327	464	236	70	44	461	346	439	363	254	312	426	305	206	71	137	169	200	247	260	20	219	256	253	460	278	|
|281	0	448	170	53	142	338	184	121	290	371	390	222	302	111	289	169	434	230	177	238	441	59	212	319	211	86	235	399	306	53	176	99	202	263	157	361	101	370	201	264	344	364	374	469	184	|
|201	448	0	285	430	325	114	556	361	171	191	64	228	174	546	294	453	306	364	289	388	435	393	254	157	585	491	536	318	254	490	554	436	407	266	292	108	388	186	337	207	181	205	190	408	364	|
|160	170	285	0	169	43	182	280	80	120	208	231	58	132	262	230	190	294	151	24	174	345	112	107	183	309	207	280	268	158	219	276	155	235	187	45	192	150	205	107	140	177	202	210	356	119	|
|249	53	430	169	0	152	317	238	145	282	377	369	212	299	157	242	215	452	261	183	273	474	76	181	290	264	140	287	421	320	63	229	145	148	221	142	352	53	374	226	234	346	370	378	498	215	|
|201	142	325	43	152	0	224	237	37	156	230	273	101	164	224	261	148	300	127	38	147	333	83	142	225	266	167	238	270	168	193	233	112	246	221	70	228	148	228	84	180	202	222	232	351	87	|
|93	338	114	182	317	224	0	460	262	92	180	52	124	112	440	199	364	307	292	191	317	415	284	140	57	490	387	452	304	208	377	457	336	297	163	181	84	274	175	256	95	152	188	180	402	280	|
|431	184	556	280	238	237	460	0	199	385	420	508	337	385	108	464	110	429	219	269	206	378	202	365	460	30	98	84	388	340	204	9	126	386	432	294	453	283	421	226	411	404	408	423	422	198	|
|236	121	361	80	145	37	262	199	0	191	255	310	138	197	191	290	114	312	118	72	133	330	69	175	262	229	132	204	279	186	174	195	75	258	251	102	262	153	254	81	216	230	246	257	353	72	|
|139	290	171	120	282	156	92	385	191	0	116	129	71	27	380	246	283	235	201	119	226	329	231	141	129	414	323	367	224	119	336	383	266	308	202	141	72	252	112	169	127	82	118	117	322	195	|
|252	371	191	208	377	230	180	420	255	116	0	187	178	90	443	361	311	127	204	195	224	246	313	257	232	446	382	380	129	81	423	421	320	422	318	242	100	355	5	195	241	34	15	2	225	224	|
|136	390	64	231	369	273	52	508	310	129	187	0	173	141	491	233	409	313	330	239	355	431	335	191	93	538	438	495	316	233	429	505	385	342	203	233	88	325	182	297	143	167	199	187	412	323	|
|116	222	228	58	212	101	124	337	138	71	178	173	0	91	319	206	244	284	187	69	212	357	165	85	130	367	265	333	264	151	267	333	213	244	161	70	140	181	175	145	97	145	177	180	359	165	|
|166	302	174	132	299	164	112	385	197	27	90	141	91	0	388	273	280	208	191	127	215	305	243	167	153	413	329	361	198	96	351	383	270	333	229	159	68	272	86	163	153	56	92	91	296	190	|
|390	111	546	262	157	224	440	108	191	380	443	491	319	388	0	399	164	480	264	261	261	456	156	320	426	125	62	186	442	369	107	99	125	300	374	260	452	210	443	252	372	420	433	446	494	227	|
|110	289	294	230	242	261	199	464	290	246	361	233	206	273	399	0	402	480	382	254	404	562	262	124	143	493	369	490	466	355	302	457	344	135	45	191	279	189	356	337	120	328	364	362	563	348	|
|349	169	453	190	215	148	364	110	114	283	311	409	244	280	164	402	0	324	110	174	101	292	151	289	372	135	109	90	284	230	212	111	70	354	364	216	348	245	312	118	329	295	298	313	330	90	|
|374	434	306	294	452	300	307	429	312	235	127	313	284	208	480	480	324	0	216	274	223	137	380	368	357	448	419	367	40	136	487	432	358	525	436	336	227	443	132	234	361	156	119	127	102	255	|
|303	230	364	151	261	127	292	219	118	201	204	330	187	191	264	382	110	216	0	128	25	213	185	258	314	243	203	176	178	123	282	221	144	372	338	193	256	270	206	45	283	193	191	206	239	46	|
|180	177	289	24	183	38	191	269	72	119	195	239	69	127	261	254	174	274	128	0	151	321	118	130	198	299	204	263	246	139	228	266	147	258	211	68	191	169	193	83	159	166	188	197	333	98	|
|327	238	388	174	273	147	317	206	133	226	224	355	212	215	261	404	101	223	25	151	0	203	198	281	339	228	202	156	184	143	288	209	146	390	362	215	280	286	226	68	308	215	210	226	235	61	|
|464	441	435	345	474	333	415	378	330	329	246	431	357	305	456	562	292	137	213	321	203	0	398	440	458	390	400	301	117	211	492	384	348	578	517	389	344	480	251	251	448	265	233	246	54	259	|
|236	59	393	112	76	83	284	202	69	231	313	335	165	243	156	262	151	380	185	118	198	398	0	167	270	231	110	233	347	250	110	195	85	203	230	103	303	95	311	150	217	284	305	315	422	139	|
|70	212	254	107	181	142	140	365	175	141	257	191	85	167	320	124	289	368	258	130	281	440	167	0	109	394	277	378	349	236	244	359	239	167	81	73	196	135	253	213	53	223	257	258	444	226	|
|44	319	157	183	290	225	57	460	262	129	232	93	130	153	426	143	372	357	314	198	339	458	270	109	0	490	379	462	351	247	353	456	334	250	110	168	140	243	226	274	56	201	238	232	449	294	|
|461	211	585	309	264	266	490	30	229	414	446	538	367	413	125	493	135	448	243	299	228	390	231	394	490	0	125	89	408	365	226	36	156	412	462	324	481	311	447	253	441	430	433	448	436	225	|
|346	86	491	207	140	167	387	98	132	323	382	438	265	329	62	369	109	419	203	204	202	400	110	277	379	125	0	155	381	307	113	90	63	288	339	211	394	186	382	190	327	359	371	384	436	165	|
|439	235	536	280	287	238	452	84	204	367	380	495	333	361	186	490	90	367	176	263	156	301	233	378	462	89	155	0	326	299	267	92	148	432	454	306	429	325	382	199	419	369	366	382	348	172	|
|363	399	318	268	421	270	304	388	279	224	129	316	264	198	442	466	284	40	178	246	184	117	347	349	351	408	381	326	0	113	452	391	321	502	422	311	229	415	134	199	348	152	118	130	98	219	|
|254	306	254	158	320	168	208	340	186	119	81	233	151	96	369	355	230	136	123	139	143	211	250	236	247	365	307	299	113	0	359	340	244	390	310	200	148	308	83	117	238	74	68	83	208	145	|
|312	53	490	219	63	193	377	204	174	336	423	429	267	351	107	302	212	487	282	228	288	492	110	244	353	226	113	267	452	359	0	195	145	194	283	199	407	115	421	254	296	394	415	425	521	237	|
|426	176	554	276	229	233	457	9	195	383	421	505	333	383	99	457	111	432	221	266	209	384	195	359	456	36	90	92	391	340	195	0	122	378	426	289	451	275	421	226	406	404	408	423	427	197	|
|305	99	436	155	145	112	336	126	75	266	320	385	213	270	125	344	70	358	144	147	146	348	85	239	334	156	63	148	321	244	145	122	0	286	310	168	336	177	320	128	285	298	309	322	381	103	|
|206	202	407	235	148	246	297	386	258	308	422	342	244	333	300	135	354	525	372	258	390	578	203	167	250	412	288	432	502	390	194	378	286	0	144	191	362	109	418	329	202	388	421	423	591	329	|
|71	263	266	187	221	221	163	432	251	202	318	203	161	229	374	45	364	436	338	211	362	517	230	81	110	462	339	454	422	310	283	426	310	144	0	150	239	168	313	294	77	285	321	319	518	306	|
|137	157	292	45	142	70	181	294	102	141	242	233	70	159	260	191	216	336	193	68	215	389	103	73	168	324	211	306	311	200	199	289	168	191	150	0	210	113	239	148	117	210	238	244	400	157	|
|169	361	108	192	352	228	84	453	262	72	100	88	140	68	452	279	348	227	256	191	280	344	303	196	140	481	394	429	229	148	407	451	336	362	239	210	0	318	95	231	164	79	111	100	325	258	|
|200	101	388	150	53	148	274	283	153	252	355	325	181	272	210	189	245	443	270	169	286	480	95	135	243	311	186	325	415	308	115	275	177	109	168	113	318	0	352	230	187	323	351	357	498	225	|
|247	370	186	205	374	228	175	421	254	112	5	182	175	86	443	356	312	132	206	193	226	251	311	253	226	447	382	382	134	83	421	421	320	418	313	239	95	352	0	196	237	30	19	6	230	224	|
|260	201	337	107	226	84	256	226	81	169	195	297	145	163	252	337	118	234	45	83	68	251	150	213	274	253	190	199	199	117	254	226	128	329	294	148	231	230	196	0	240	178	184	198	272	29	|
|20	264	207	140	234	180	95	411	216	127	241	143	97	153	372	120	329	361	283	159	308	448	217	53	56	441	327	419	348	238	296	406	285	202	77	117	164	187	237	240	0	208	245	242	446	257	|
|219	344	181	177	346	202	152	404	230	82	34	167	145	56	420	328	295	156	193	166	215	265	284	223	201	430	359	369	152	74	394	404	298	388	285	210	79	323	30	178	208	0	37	35	250	206	|
|256	364	205	202	370	222	188	408	246	118	15	199	177	92	433	364	298	119	191	188	210	233	305	257	238	433	371	366	118	68	415	408	309	421	321	238	111	351	19	184	245	37	0	17	214	212	|
|253	374	190	210	378	232	180	423	257	117	2	187	180	91	446	362	313	127	206	197	226	246	315	258	232	448	384	382	130	83	425	423	322	423	319	244	100	357	6	198	242	35	17	0	225	226	|
|460	469	408	356	498	351	402	422	353	322	225	412	359	296	494	563	330	102	239	333	235	54	422	444	449	436	436	348	98	208	521	427	381	591	518	400	325	498	230	272	446	250	214	225	0	285	|
|278	184	364	119	215	87	280	198	72	195	224	323	165	190	227	348	90	255	46	98	61	259	139	226	294	225	165	172	219	145	237	197	103	329	306	157	258	225	224	29	257	206	212	226	285	0	|

--------------------------------------------------------------------------------
Building model...
	using lazy and cut (CVRPSEP package)
Solving IRP LP...
--------------------------------------------------------------------------------

Gurobi 9.1.0 (linux64) logging started Sun Jan 17 21:03:08 2021

Gurobi Optimizer version 9.1.0 build v9.1.0rc0 (linux64)
Thread count: 32 physical cores, 32 logical processors, using up to 2 threads
Optimize a model with 1651 rows, 13696 columns and 31354 nonzeros
Model fingerprint: 0x10df7758
Variable types: 724 continuous, 12972 integer (552 binary)
Coefficient statistics:
  Matrix range     [1e+00, 9e+02]
  Objective range  [1e-01, 6e+02]
  Bounds range     [1e+00, 3e+02]
  RHS range        [1e+01, 6e+03]
Presolve removed 244 rows and 886 columns
Presolve time: 0.06s
Presolved: 1407 rows, 12810 columns, 28231 nonzeros
Variable types: 654 continuous, 12156 integer (11634 binary)

Root relaxation: objective 1.313336e+04, 1397 iterations, 0.04 seconds

    Nodes    |    Current Node    |     Objective Bounds      |     Work
 Expl Unexpl |  Obj  Depth IntInf | Incumbent    BestBd   Gap | It/Node Time

     0     0 13133.3551    0  119          - 13133.3551      -     -    0s
     0     0 13470.1948    0  174          - 13470.1948      -     -    0s
     0     0 13808.3235    0  244          - 13808.3235      -     -    1s
     0     0 13886.8738    0  246          - 13886.8738      -     -    1s
     0     0 13889.7374    0  259          - 13889.7374      -     -    1s
     0     0 13889.7607    0  261          - 13889.7607      -     -    1s
     0     0 14064.1391    0  249          - 14064.1391      -     -    1s
     0     0 14080.9088    0  248          - 14080.9088      -     -    1s
     0     0 14080.9105    0  252          - 14080.9105      -     -    2s
     0     0 14149.0898    0  273          - 14149.0898      -     -    2s
     0     0 14163.0301    0  310          - 14163.0301      -     -    2s
     0     0 14170.2274    0  282          - 14170.2274      -     -    2s
     0     0 14178.9380    0  328          - 14178.9380      -     -    2s
     0     0 14179.3508    0  334          - 14179.3508      -     -    2s
     0     0 14245.1812    0  330          - 14245.1812      -     -    3s
     0     0 14278.9923    0  315          - 14278.9923      -     -    3s
     0     0 14281.6657    0  327          - 14281.6657      -     -    3s
     0     0 14290.9624    0  317          - 14290.9624      -     -    3s
     0     0 14300.3258    0  312          - 14300.3258      -     -    3s
     0     0 14369.4554    0  338          - 14369.4554      -     -    3s
     0     0 14380.2361    0  370          - 14380.2361      -     -    3s
     0     0 14385.2812    0  408          - 14385.2812      -     -    3s
     0     0 14385.7901    0  418          - 14385.7901      -     -    4s
     0     0 14422.8504    0  376          - 14422.8504      -     -    4s
     0     0 14434.8965    0  406          - 14434.8965      -     -    4s
     0     0 14435.5683    0  423          - 14435.5683      -     -    5s
     0     0 14442.9050    0  385          - 14442.9050      -     -    5s
     0     0 14442.9050    0  385          - 14442.9050      -     -    5s
     0     2 14442.9050    0  381          - 14442.9050      -     -    6s
    24    28 14518.8860    8  329          - 14453.6806      -   479   10s
    71    76 14722.3009   20  244          - 14453.6806      -   426   15s
   145   159 15031.5664   44  104          - 14453.6806      -   349   20s
   207   220 15600.1919   64  201          - 14453.6806      -   315   25s
   315   349 16023.8504   97   77          - 14453.6806      -   269   30s
   501   563 16687.6495  126  139          - 14453.6806      -   202   35s
   692   680 17079.7485  152   81          - 14453.6806      -   162   40s
   762   720 15697.5813   61  329          - 14453.6806      -   157   45s
   776   730 15673.3839   63  538          - 14517.7174      -   154   50s
   787   737 16702.2595  129  498          - 14534.8109      -   152   55s
   800   746 17088.7928  165  543          - 14545.9807      -   150   60s
   808   751 18146.7303  229  602          - 14550.4503      -   148   65s
   818   759 17999.1145  209  385          - 14550.6985      -   165   70s
   835   770 16485.8770  122  614          - 14550.7115      -   161   75s
   843   776 14717.2222    7  540          - 14551.0513      -   160   80s
   851   781 18240.0100  238  538          - 14557.5185      -   158   87s
   862   792 14571.0453   32  434          - 14567.8618      -   172   90s
   892   812 14603.7324   40  407          - 14581.1935      -   181   95s
   927   837 14662.6318   49  451          - 14581.1935      -   194  100s
   964   864 14708.7737   59  309          - 14581.1935      -   203  105s
  1019   905 14775.7562   73  280          - 14581.1935      -   212  110s
  1063   934 14871.6487   85  216          - 14581.1935      -   218  115s
  1131   985 14896.5221  105  295          - 14581.1935      -   224  121s
  1181  1022 14999.6197  118  215          - 14581.1935      -   227  125s
  1249  1071 15263.1479  137  221          - 14581.1935      -   230  130s
  1340  1141 15518.5566  160  206          - 14581.1935      -   229  136s
  1421  1197 15603.2938  180  182          - 14581.1935      -   226  140s
  1517  1289 15942.7325  203  128          - 14581.1935      -   223  146s
  1633  1394 16112.2523  227  136          - 14581.1935      -   218  151s
  1733  1428 16020.9464  238  202          - 14581.1935      -   211  155s
  1827  1471 16117.8489  250  197          - 14581.1935      -   205  160s
  1971  1471 14778.8083   33  339          - 14581.1935      -   196  165s
  2031  1553 16489.4694  300  133          - 14581.1935      -   196  171s
  2080  1616 17089.7563  322   75          - 14581.1935      -   195  175s
  2244  1669 18410.1437  401   23          - 14581.1935      -   187  180s
  2320  1667 14776.1597   36  481          - 14592.1940      -   186  185s
  2346  1684 14918.1993   45  314          - 14592.1940      -   188  190s
  2363  1704 14985.2867   47  346          - 14592.1940      -   192  196s
  2393  1729 15059.5407   52  347          - 14592.1940      -   195  200s
  2441  1765 15186.7332   64  255          - 14592.1940      -   198  206s
  2495  1808 15371.0199   71  252          - 14592.1940      -   199  211s
  2527  1826 15541.1797   78  215          - 14592.1940      -   200  215s
  2589  1885 15461.6709   97  158          - 14592.1940      -   202  221s
  2637  1909 15708.0498  104  130          - 14592.1940      -   202  225s
  2731  2009 15681.5372  117  209          - 14592.1940      -   202  234s
  2803  1985 16184.3663  110   87          - 14592.1940      -   201  235s
  2887  2145 15996.7520  131  131          - 14592.1940      -   199  245s
  3005  2387 16267.8845  146   49          - 14592.1940      -   196  252s
  3299  2327 16902.8238  190   28          - 14592.1940      -   185  256s
  3302  2611 17100.5833  197   14          - 14594.2678      -   185  262s
  3658  2649 17445.5092  244    8          - 14594.2678      -   172  266s
  3696  2784 14695.6245   34  499          - 14594.2678      -   171  274s
  3782  2794 17627.5071  237    6          - 14594.2678      -   169  275s
  3939  2852 15004.4062   38  226          - 14594.2678      -   166  284s
  3945  2881 15072.8366   40  192          - 14594.2678      -   167  287s
  3974  2910 15061.8337   50  157          - 14594.2678      -   168  292s
  4003  2929 15198.0076   56  193          - 14594.2678      -   170  296s
  4022  2966 15229.6673   60  173          - 14594.2678      -   172  300s
  4079  3007 15471.3424   81  128          - 14594.2678      -   173  305s
  4100  3079 15331.4209   86  121          - 14594.2678      -   174  310s
  4172  3182 15529.0636  112   77          - 14594.2678      -   174  316s
  4289  3234 16354.5367  143   20          - 14599.0831      -   173  322s
  4351  3265 14808.7189   35  380          - 14599.0831      -   174  327s
  4375  3312 14845.2087   38  348          - 14599.0831      -   175  332s
  4422  3377 14936.7810   40  422          - 14599.0831      -   176  340s
  4487  3427 14945.8477   46  353          - 14599.0831      -   177  346s
  4539  3496 15015.2185   48  257          - 14599.0831      -   178  353s
  4608  3545 15069.9691   56  227          - 14599.0831      -   178  359s
  4628  3545 15175.3392   66  231          - 14599.0831      -   179  361s
  4657  3629 15185.1170   65   76          - 14599.0831      -   180  367s
  4741  3754 15300.9340   71  163          - 14599.0831      -   181  375s
  4866  3870 15557.8365   84   37          - 14599.0831      -   180  401s
  4984  4214 15749.9042  103   56          - 14599.0831      -   179  414s
  5044  4214 15885.5206  120   10          - 14599.0831      -   178  415s
  5357  4391 16374.0681  135  141          - 14599.4692      -   173  426s
  5666  4455 14884.6452   40  259          - 14604.0895      -   169  435s
  5699  4493 14991.3030   47  275          - 14604.0895      -   170  441s
  5737  4562 15057.7470   53  213          - 14604.0895      -   172  448s
  5806  4646 15233.3257   66  104          - 14604.0895      -   173  456s
  5890  4919 15574.8048   81   80          - 14604.0895      -   174  468s
  6191  5152 15785.6937  110   94          - 14604.0895      -   170  482s
  6469  5174 18728.3500  215    4          - 14604.0895      -   167  485s
  6482  5341 15942.8844  136  106          - 14604.0895      -   167  493s
  6623  5344 16448.9800  207    4          - 14604.0895      -   166  495s
  6651  5506 17100.0518  199   36          - 14605.8398      -   167  504s
  6713  5506 17434.1172  221   41          - 14605.8398      -   166  505s
  6887  5597 15004.2002   40  305          - 14605.8398      -   165  513s
  6946  5786 15151.1337   45  195          - 14605.8398      -   166  524s
  6966  5786 15220.1474   50  110          - 14605.8398      -   167  525s
  7163  5993 15300.8164   53  132          - 14605.8398      -   165  536s
  7393  6149 15433.8761   69  102          - 14605.8398      -   163  548s
  7493  6149 15713.2032  111   25          - 14605.8398      -   163  550s
  7534  6463 15847.2698  114   39          - 14615.6745      -   164  562s
  7795  6492 17110.7000  215    4          - 14615.6745      -   159  565s
  7955  6696 15341.2370   40  368          - 14615.6745      -   159  580s
  8266  6861 15514.1271   52  113          - 14615.6745      -   157  594s
  8346  6862 15894.6943   84  116          - 14615.6745      -   157  595s
  8376  6968 15937.3424   85  133          - 14615.6745      -   158  605s
  8481  7256 16080.9868  104   66          - 14616.7999      -   159  619s
  8541  7258 16349.0600  125    4          - 14616.7999      -   159  620s
  8812  7479 15118.2426   45  413          - 14616.7999      -   158  635s
  9052  7558 15253.0453   55  258          - 14616.7999      -   157  646s
  9116  7696 15392.3272   64  240          - 14616.7999      -   159  657s
  9254  8104 15811.3068   89  130          - 14616.7999      -   159  674s
  9294  8104 15864.2071  105   61          - 14616.7999      -   159  675s
  9767  8152 17697.0400  182    6          - 14616.7999      -   155  680s
  9817  8330 16316.8456  145   60          - 14627.2720      -   154  690s
 10069  8544 15080.7941   40  238          - 14627.2720      -   153  706s
 10241  8733 15207.6251   47  199          - 14627.2720      -   153  721s
 10478  8864 15345.5843   62  164          - 14627.2720      -   153  734s
 10538  8864 15717.8893   83  106          - 14627.2720      -   153  735s
 10591  9040 15890.8663   91   71          - 14628.3960      -   153  746s
 10807  9294 15123.9320   42  238          - 14628.3960      -   153  761s
 11073  9459 15261.6212   50  230          - 14628.3960      -   152  773s
 11221  9464 18598.4300  184    2          - 14628.3960      -   151  775s
 11283  9532 15377.2539   66  187          - 14628.3960      -   151  784s
 11328  9646 15699.2459   78  150          - 14628.3960      -   153  795s
 11462  9963 16334.8167  104  132          - 14631.0854      -   153  810s
 11834 10177 14864.3962   36  368          - 14631.0854      -   152  828s
 12073 10233 15236.2002   44  313          - 14631.0854      -   151  840s
 12105 10282 15269.1249   51  225          - 14631.0854      -   152  850s
 12154 10362 15229.9114   61  361          - 14631.0854      -   153  860s
 12234 10498 15519.2095   83   59          - 14631.0854      -   154  872s
 12372 11031 16328.6621  110   45          - 14638.9383      -   155  893s
 12475 11031 17423.9918  155    8          - 14638.9383      -   155  895s
 12931 11105 17257.6964  184   15          - 14639.2144      -   151  900s
 13241 11216 14790.1975   44  464          - 14639.2144      -   148  911s
 13268 11249 14976.8566   51  294          - 14639.2144      -   149  919s
 13301 11304 15124.6048   59  374          - 14639.2144      -   150  928s
 13356 11428 15337.2129   68  176          - 14639.2144      -   151  939s
 13396 11428 15477.2987   83   36          - 14639.2144      -   151  940s
 13484 11671 15738.1947   93  104          - 14641.8813      -   152  954s
 13544 11671 15847.8535  112   19          - 14641.8813      -   152  955s
 13773 11838 14919.8995   46  565          - 14641.8813      -   151  969s
 13831 11838 16258.7968  125   45          - 14641.8813      -   152  970s
 13949 11888 15425.1840   57  211          - 14641.8813      -   151  980s
 13986 11985 15487.8381   66  210          - 14641.8813      -   152  990s
 14085 12156 15680.0965   78   68          - 14642.9994      -   153 1003s
 14317 12325 15182.4025   35  465          - 14642.9994      -   153 1018s
 14457 12411 15586.7262   47  303          - 14642.9994      -   153 1030s
 14564 12497 15864.2423   61  170          - 14642.9994      -   154 1041s
 14642 12633 16102.1731   89   83          - 14642.9994      -   155 1055s
 14792 12874 16444.8789  105  163          - 14644.5574      -   155 1072s
 15016 12907 17679.6152  225   45          - 14644.5574      -   154 1075s
 15180 13010 14939.6407   35  404          - 14644.5574      -   153 1086s
 15249 13225 15453.5973   55   65          - 14644.5574      -   154 1099s
 15269 13225 15565.9697   63   28          - 14644.5574      -   154 1100s
 15474 13498 16976.6786  120   60          - 14654.3767      -   154 1115s
 15777 13749 14987.4057   41  391          - 14654.3767      -   153 1131s
 16073 13782 17052.7218  174   24          - 14654.3767      -   152 1135s
 16184 13880 15494.6839   58  132          - 14654.3767      -   151 1145s
 16245 14096 15786.0331   73   35          - 14654.3767      -   152 1160s
 16488 14223 16232.3991   91   96          - 14655.1578      -   152 1175s
 16633 14340 14949.7343   43  507          - 14655.1578      -   152 1188s
 16727 14342 15612.3971  115    6          - 14655.1578      -   152 1190s
 16762 14381 15347.1656   53  238          - 14655.1578      -   152 1199s
 16795 14444 15486.4869   59  322          - 14655.1578      -   153 1209s
 16858 14711 15566.1105   72   84          - 14655.1578      -   154 1225s
 17190 15026 15750.8029   94   61          - 14660.3520      -   153 1242s
 17473 15061 17593.4348  186   16          - 14660.3528      -   152 1245s
 17659 15145 14869.1362   36  564          - 14660.3528      -   151 1255s
 17687 15188 15314.2114   47  147          - 14660.3528      -   152 1266s
 17730 15287 15557.5390   57   87          - 14660.3528      -   152 1278s
 17829 15544 15902.5809   81   89          - 14660.4221      -   153 1293s
 17929 15553 16626.7400  119    -          - 14660.4221      -   152 1295s
 18167 15706 14957.5886   44  398          - 14660.4221      -   152 1309s
 18333 15789 15176.3555   53  342          - 14660.4221      -   152 1321s
 18444 15867 15431.0185   62  309          - 14660.4221      -   153 1332s
 18505 15956 15530.0605   81  149          - 14660.4221      -   153 1343s
 18584 15956 15888.6081   59  224          - 14660.4221      -   154 1345s
 18594 16200 15792.9485  105   30          - 14660.4945      -   154 1360s
 18947 16442 14928.3098   41  650          - 14660.4945      -   153 1377s
 19155 16724 15528.0586   51  245          - 14660.4945      -   153 1395s
 19571 16832 15543.9718   58  276          - 14660.4945      -   151 1409s
 19609 16832 14941.5486   41  574          - 14660.4945      -   151 1410s
 19625 16892 15776.7351   79  115          - 14660.4945      -   152 1419s
 19645 16892 15874.8422   86   80          - 14660.4945      -   152 1420s
 19685 17018 15955.9668   92  159          - 14660.4945      -   152 1433s
 19823 17329 16599.4836  119   67          - 14663.0420      -   153 1456s
 20030 17356 18127.9200  201    4          - 14663.0420      -   152 1460s
 20292 17528 14836.2157   40  471          - 14663.0420      -   151 1475s
 20418 17597 15296.8012   52  442          - 14663.0420      -   152 1487s
 20511 17672 15321.0898   58  153          - 14663.0420      -   152 1499s
 20579 17806 15534.8149   75   68          - 14663.0420      -   152 1514s
 20599 17806 15695.5966   81   52          - 14663.0420      -   152 1515s
 20713 18008 15896.5409  106   19          - 14663.0420      -   153 1530s
 20960 18307 16216.6390  110  126          - 14663.3976      -   153 1547s
 21181 18338 17898.5700  229    -          - 14663.3976      -   152 1550s
 21380 18510 14939.5717   39  442          - 14663.3976      -   151 1565s
 21569 18652 15248.4804   52  181          - 14663.3976      -   151 1578s
 21720 18821 15687.6394   74   54          - 14663.3976      -   152 1591s
 21913 19105 15949.7877   92   40          - 14665.5644      -   152 1607s
 22177 19159 18305.4300  206    -          - 14665.5644      -   151 1610s
 22420 19480 14957.4083   41  489          - 14665.5644      -   150 1629s
 22682 19581 15716.0970   53  337          - 14665.5644      -   149 1643s
 22850 19611 19105.5500  199    -          - 14665.5644      -   149 1645s
 22860 19657 15808.5984   63  331          - 14665.5644      -   149 1653s
 22903 19722 16047.4039   72  177          - 14665.5644      -   149 1662s
 22968 19863 16679.0284   89  162          - 14665.5644      -   150 1674s
 23048 19863 16528.5037  120   20          - 14665.5644      -   150 1675s
 23109 20158 16512.9247  119   83          - 14665.8163      -   150 1689s
 23149 20158 16621.6074  126   33          - 14665.8163      -   150 1690s
 23480 20290 15138.3966   42  469          - 14665.8163      -   149 1705s
 23642 20342 15565.6746   52  325          - 14665.8163      -   149 1715s
 23665 20423 15767.4533   59  323          - 14665.8163      -   150 1725s
 23746 20590 16026.5043   68  419          - 14665.8163      -   150 1739s
 23766 20590 16083.3338   73  179          - 14665.8163      -   150 1740s
 23933 20705 16153.8822   77  167          - 14665.8163      -   150 1754s
 24000 20710 16933.1650  113   18          - 14665.8163      -   150 1755s
 24123 20822 16376.2800   95  204          - 14665.8163      -   150 1765s
 24201 20961 16673.2495  114  130          - 14670.2505      -   151 1776s
 24365 21176 17278.3415  144   74          - 14670.5092      -   151 1792s
 24595 21252 15031.9278   47  358          - 14670.5092      -   150 1804s
 24692 21290 15198.6710   58  307          - 14670.5092      -   151 1813s
 24726 21337 15226.5578   63  120          - 14670.5092      -   151 1822s
 24773 21399 15283.1637   67  142          - 14670.5092      -   152 1831s
 24835 21497 15485.9579   69  115          - 14670.5092      -   152 1841s
 24935 21628 15670.6774   83  139          - 14670.5092      -   153 1852s
 25067 21814 15924.6758   93  139          - 14670.5092      -   153 1867s
 25290 21839 18377.3400  182    2          - 14670.5092      -   153 1870s
 25340 22028 15994.4448  107   51          - 14670.5092      -   153 1886s
 25577 22244 16520.9981  129   46          - 14673.8872      -   153 1902s
 25863 22299 18580.6195  215   25          - 14673.8872      -   151 1905s
 25951 22365 14992.4175   49  364          - 14673.8872      -   151 1914s
 25996 22447 15694.9397   63  335          - 14673.8872      -   152 1924s
 26078 22645 15961.4379   77  216          - 14673.8872      -   152 1939s
 26311 22769 16163.0974   89  154          - 14673.8872      -   152 1950s
 26447 22883 16269.9969  105   92          - 14673.8872      -   152 1964s
 26467 22883 16479.7182  109   80          - 14673.8872      -   152 1965s
 26572 23058 16658.8358  114   79          - 14674.5204      -   152 1979s
 26592 23058 17253.3203  148    4          - 14674.5204      -   153 1980s
 26844 23156 15071.7011   40  424          - 14674.5204      -   152 1992s
 26891 23213 15473.2493   52  259          - 14674.5204      -   152 2002s
 26948 23314 15615.4383   62  358          - 14674.5204      -   153 2014s
 27051 23460 16319.8119   70  228          - 14674.5204      -   153 2027s
 27208 23687 infeasible   79               - 14674.5204      -   153 2043s
 27319 23697 17927.5533  193    6          - 14674.5204      -   153 2045s
