




arguments: ./build/mirp_solver -f ./input/orig_exec_356.cfg
Current dir: /scratch/gui/bnc_mirp
File verbosity level: 9
date       time         ( uptime  ) [ thread name/id ]                   file:line     v| 
2021-01-25 16:52:36.976 (   0.078s) [main thread     ]             loguru.cpp:789   INFO| Logging to './output/vi_hc1_quarter/OU/V4/Original/execution_25_01_2021_16_52_36.log', mode: 'a', verbosity: 9
--------------------------------------------------------------------------------
Parameters
                           instance_path           ./input/Instances/Original/4/
                            model_policy                                       1
                             nb_vehicles                                       4
                              output_dir ./output/vi_hc1_quarter/OU/V4/Original/
                            sec_strategy                                       1
                       solver_nb_threads                                       2
                         solver_show_log                                    true
                       solver_time_limit                                    3600
                              use_vi_cos                                   false
                              use_vi_cus                                   false
                         use_vi_hc1_full                                   false
                         use_vi_hc1_half                                   false
                      use_vi_hc1_quarter                                    true
                              use_vi_hc2                                   false
                              use_vi_hc3                                   false
                         use_vi_lex_full                                   false
                         use_vi_lex_half                                   false
                      use_vi_lex_quarter                                   false
                              use_vi_qua                                   false
                               use_vi_vc                                   false
                               use_vi_vr                                   false
--------------------------------------------------------------------------------
executing instance: ./input/Instances/Original/4/absH3low_3n30.dat
--------------------------------------------------------------------------------
Instance details
n	31
H	3
C	2841
Li:
[0, 0, 0, 0, 0, 0, 0, 0, 0, 0, 0, 0, 0, 0, 0, 0, 0, 0, 0, 0, 0, 0, 0, 0, 0, 0, 0, 0, 0, 0, 0, ]
Ui:
[0, 246, 98, 54, 144, 171, 192, 180, 165, 98, 122, 198, 297, 144, 130, 129, 219, 138, 142, 150, 108, 66, 64, 285, 180, 204, 276, 168, 240, 198, 122, ]
Distance matrix:
|0	172	56	166	260	198	42	197	296	110	91	112	238	275	323	183	330	232	175	181	162	191	232	280	201	139	356	185	266	216	26	|
|172	0	178	223	320	335	153	355	444	62	231	99	333	376	214	352	176	235	194	106	47	41	353	161	299	175	225	43	326	374	153	|
|56	178	0	110	204	162	93	233	336	125	144	148	187	226	358	180	313	284	123	152	182	185	282	252	256	88	329	177	210	251	42	|
|166	223	110	0	102	150	199	327	431	194	253	237	113	156	431	228	296	386	44	140	248	208	389	218	366	48	287	200	108	344	148	|
|260	320	204	102	0	156	296	391	493	296	340	339	66	90	531	263	362	486	127	226	349	300	469	278	454	148	334	292	6	406	245	|
|198	335	162	150	156	0	239	255	351	286	245	307	93	106	518	111	442	423	194	280	344	335	349	367	352	182	437	327	158	266	199	|
|42	153	93	199	296	239	0	203	296	91	82	76	278	316	284	217	322	191	201	186	133	180	217	281	177	165	356	175	302	222	52	|
|197	355	233	327	391	255	203	0	104	294	125	266	340	361	436	151	524	276	352	377	330	383	109	477	146	319	553	377	395	19	222	|
|296	444	336	431	493	351	296	104	0	384	214	348	440	456	488	241	617	315	456	476	412	475	113	575	176	422	651	470	497	88	322	|
|110	62	125	194	296	286	91	294	384	0	171	55	298	340	238	292	233	210	176	118	58	91	298	201	248	148	273	87	302	313	94	|
|91	231	144	253	340	245	82	125	214	171	0	141	307	339	324	184	403	187	266	266	204	261	140	363	114	230	438	256	346	144	116	|
|112	99	148	237	339	307	76	266	348	55	141	0	332	373	212	292	275	156	225	173	64	137	254	253	200	194	322	135	345	284	108	|
|238	333	187	113	66	93	278	340	440	298	307	332	0	43	536	203	404	469	153	253	354	321	427	322	420	160	385	313	67	353	229	|
|275	376	226	156	90	106	316	361	456	340	339	373	43	0	578	216	443	507	194	295	397	364	453	361	451	203	421	356	88	372	268	|
|323	214	358	431	531	518	284	436	488	238	324	212	536	578	0	498	309	176	407	320	183	245	376	344	312	383	379	251	537	451	319	|
|183	352	180	228	263	111	217	151	241	292	184	292	203	216	498	0	492	371	266	328	345	364	255	426	272	242	501	356	266	159	198	|
|330	176	313	296	362	442	322	524	617	233	403	275	404	443	309	492	0	397	253	164	218	142	529	84	475	260	72	147	367	543	306	|
|232	235	284	386	486	423	191	276	315	210	187	156	469	507	176	371	397	0	379	327	188	276	202	396	139	346	456	277	492	289	242	|
|175	194	123	44	127	194	201	352	456	176	266	225	153	194	407	266	253	379	0	101	225	174	405	174	375	36	244	166	133	370	152	|
|181	106	152	140	226	280	186	377	476	118	266	173	253	295	320	328	164	327	101	0	148	76	403	100	360	98	177	69	232	396	155	|
|162	47	182	248	349	344	133	330	412	58	204	64	354	397	183	345	218	188	225	148	0	89	316	208	259	201	270	90	355	348	149	|
|191	41	185	208	300	335	180	383	475	91	261	137	321	364	245	364	142	276	174	76	89	0	388	119	336	162	185	8	306	402	169	|
|232	353	282	389	469	349	217	109	113	298	140	254	427	453	376	255	529	202	405	403	316	388	0	497	64	369	570	384	474	112	256	|
|280	161	252	218	278	367	281	477	575	201	363	253	322	361	344	426	84	396	174	100	208	119	497	0	449	187	77	119	283	496	255	|
|201	299	256	366	454	352	177	146	176	248	114	200	420	451	312	272	475	139	375	360	259	336	64	449	0	339	521	333	460	156	223	|
|139	175	88	48	148	182	165	319	422	148	230	194	160	203	383	242	260	346	36	98	201	162	369	187	339	0	260	153	154	337	116	|
|356	225	329	287	334	437	356	553	651	273	438	322	385	421	379	501	72	456	244	177	270	185	570	77	521	260	0	187	338	572	331	|
|185	43	177	200	292	327	175	377	470	87	256	135	313	356	251	356	147	277	166	69	90	8	384	119	333	153	187	0	298	396	163	|
|266	326	210	108	6	158	302	395	497	302	346	345	67	88	537	266	367	492	133	232	355	306	474	283	460	154	338	298	0	410	251	|
|216	374	251	344	406	266	222	19	88	313	144	284	353	372	451	159	543	289	370	396	348	402	112	496	156	337	572	396	410	0	241	|
|26	153	42	148	245	199	52	222	322	94	116	108	229	268	319	198	306	242	152	155	149	169	256	255	223	116	331	163	251	241	0	|

--------------------------------------------------------------------------------
Building model...
	using lazy and cut (CVRPSEP package)
Solving IRP LP...
--------------------------------------------------------------------------------

Gurobi 9.1.0 (linux64) logging started Mon Jan 25 16:52:37 2021

Gurobi Optimizer version 9.1.0 build v9.1.0rc0 (linux64)
Thread count: 32 physical cores, 32 logical processors, using up to 2 threads
Optimize a model with 1105 rows, 6436 columns and 15373 nonzeros
Model fingerprint: 0x6b7e4687
Variable types: 484 continuous, 5952 integer (372 binary)
Coefficient statistics:
  Matrix range     [1e+00, 7e+02]
  Objective range  [1e-02, 7e+02]
  Bounds range     [1e+00, 3e+02]
  RHS range        [3e+01, 5e+03]
Presolve removed 184 rows and 601 columns
Presolve time: 0.03s
Presolved: 921 rows, 5835 columns, 13232 nonzeros
Variable types: 429 continuous, 5406 integer (5064 binary)

Root relaxation: objective 2.405836e+03, 1030 iterations, 0.02 seconds

    Nodes    |    Current Node    |     Objective Bounds      |     Work
 Expl Unexpl |  Obj  Depth IntInf | Incumbent    BestBd   Gap | It/Node Time

     0     0 2405.83567    0   83          - 2405.83567      -     -    0s
     0     0 2622.33370    0   93          - 2622.33370      -     -    0s
     0     0 3217.15852    0  167          - 3217.15852      -     -    0s
     0     0 3217.15852    0  170          - 3217.15852      -     -    0s
     0     0 3277.86139    0  177          - 3277.86139      -     -    0s
     0     0 3293.72055    0  115          - 3293.72055      -     -    0s
     0     0 3303.69980    0  112          - 3303.69980      -     -    0s
     0     0 3303.82709    0  111          - 3303.82709      -     -    0s
     0     0 3369.53323    0  164          - 3369.53323      -     -    0s
     0     0 3370.16157    0  200          - 3370.16157      -     -    0s
     0     0 3478.34955    0  198          - 3478.34955      -     -    1s
     0     0 3523.46288    0  243          - 3523.46288      -     -    1s
     0     0 3539.57914    0  243          - 3539.57914      -     -    1s
     0     0 3541.26545    0  273          - 3541.26545      -     -    1s
     0     0 3541.53002    0  267          - 3541.53002      -     -    1s
     0     0 3559.62444    0  293          - 3559.62444      -     -    1s
     0     0 3564.94947    0  253          - 3564.94947      -     -    1s
     0     0 3565.31758    0  251          - 3565.31758      -     -    1s
     0     0 3569.85146    0  301          - 3569.85146      -     -    1s
     0     0 3569.85146    0  283          - 3569.85146      -     -    2s
     0     2 3570.98915    0  280          - 3570.98915      -     -    2s
    61    66 4014.83752   17  118          - 3582.06028      -   282    5s
   274   305 5767.78802   97   30          - 3582.06028      -   172   10s
*  432   420             190    8729.4100000 3582.07986  59.0%   132   12s
*  443   421             189    8686.2300000 3605.05877  58.5%   137   13s
H  470   350                    6119.0100000 3605.05877  41.1%   144   14s
   474   371 3800.55632    5  384 6119.01000 3605.05877  41.1%   144   15s
H  527   388                    5987.0100000 3605.05877  39.8%   157   19s
H  529   375                    5940.6200000 3605.05877  39.3%   158   19s
   548   395 3915.67905   18  260 5940.62000 3605.05877  39.3%   161   20s
   604   456 4113.59456   35  218 5940.62000 3605.05877  39.3%   179   25s
   646   497 4333.29977   44  182 5940.62000 3605.05877  39.3%   194   30s
H  672   521                    5932.6198998 3605.05877  39.2%   199   31s
   730   572 5411.14083   84  283 5932.61990 3605.05877  39.2%   202   36s
   749   585 4358.40166   26  382 5932.61990 3750.99292  36.8%   197   40s
H  763   566                    5927.6200000 3762.50862  36.5%   204   44s
   767   568 4768.94613   58  304 5927.62000 3762.50862  36.5%   203   45s
H  779   547                    5915.6200000 3765.62191  36.3%   200   47s
   782   549 5910.16750  107  363 5915.62000 3765.63566  36.3%   199   50s
   787   556 3778.48120   24  340 5915.62000 3778.48120  36.1%   207   56s
   798   564 3802.24469   27  427 5915.62000 3802.24469  35.7%   211   60s
   829   587 3960.69469   34  391 5915.62000 3813.72997  35.5%   218   65s
H  867   584                    5756.9900000 3813.72997  33.8%   225   69s
   876   590 4022.56025   44  311 5756.99000 3813.72997  33.8%   228   70s
   929   631 4317.78982   57  260 5756.99000 3813.72997  33.8%   236   75s
   988   678 4723.08668   71  187 5756.99000 3813.72997  33.8%   235   80s
H  994   649                    5682.9900000 3813.72997  32.9%   234   80s
  1096   738 4862.32840   98  162 5682.99000 3813.72997  32.9%   227   85s
  1214   821 4947.07815  127  176 5682.99000 3813.72997  32.9%   219   90s
  1385   950 5281.92303  158   96 5682.99000 3813.72997  32.9%   206   96s
  1559   962     cutoff  205      5682.99000 3816.26960  32.8%   195  100s
  1619  1000 4069.23471   37  283 5682.99000 3816.26960  32.8%   200  106s
  1697  1043 4376.05440   60  278 5682.99000 3816.26960  32.8%   202  110s
  1769  1115 4459.90724   99  150 5682.99000 3816.26960  32.8%   203  115s
H 1826  1101                    5631.9900000 3816.26960  32.2%   202  117s
  1908  1223 4692.62603  175   81 5631.99000 3816.26960  32.2%   200  122s
  1989  1283 5038.56007  221   88 5631.99000 3816.26960  32.2%   195  125s
  2138  1391 5070.79457  308  105 5631.99000 3816.26960  32.2%   189  132s
  2236  1528 5173.00377  362   89 5631.99000 3816.26960  32.2%   183  135s
  2495  1647 3967.62054   30  455 5631.99000 3819.06894  32.2%   172  141s
  2647  1705 4050.29988   34  439 5631.99000 3819.06894  32.2%   171  146s
  2740  1781 4232.59951   44  217 5631.99000 3819.06894  32.2%   171  150s
  2814  2076 4539.64281   63  158 5631.99000 3819.06894  32.2%   172  157s
  3084  2326 5103.63429  144   68 5631.99000 3819.06894  32.2%   162  164s
  3223  2326 4992.30440  172   47 5631.99000 3819.06894  32.2%   156  165s
  3414  2362 3975.61387   30  380 5631.99000 3830.72196  32.0%   151  173s
  3427  2409 4273.85049   35  266 5631.99000 3830.72196  32.0%   151  175s
  3589  2526 5573.51204   86  113 5631.99000 3843.12753  31.8%   150  182s
  3666  2548 4140.53365   37  222 5631.99000 3843.24816  31.8%   150  185s
  3744  2684 4689.54897   93  154 5631.99000 3843.24816  31.8%   151  191s
  3824  2828 4962.86332  158  207 5631.99000 3843.24816  31.8%   150  195s
  4012  2909 4436.57056   39  326 5631.99000 3849.87205  31.6%   148  203s
  4070  2954 4715.45508   63  268 5631.99000 3849.87205  31.6%   148  206s
  4115  3034 5190.57353   96  217 5631.99000 3875.18197  31.2%   148  211s
  4212  3064 4055.28223   31  346 5631.99000 3875.18197  31.2%   148  215s
  4242  3109 4509.47851   45  227 5631.99000 3875.18197  31.2%   149  220s
  4346  3191 4096.05525   28  465 5631.99000 3875.39620  31.2%   152  228s
  4418  3226 4425.00775   39  429 5631.99000 3875.39620  31.2%   152  232s
  4453  3307 4718.75400   56  383 5631.99000 3875.39620  31.2%   153  236s
  4544  3375 5106.10725   84  282 5631.99000 3894.47614  30.9%   153  241s
  4622  3442 4100.61308   33  354 5631.99000 3894.47614  30.9%   154  246s
  4689  3567 4245.39992   39  357 5631.99000 3894.47614  30.9%   154  251s
  4825  3647 4641.63019   52  103 5631.99000 3894.47614  30.9%   153  257s
  4905  3716 4904.55462   73  216 5631.99000 3894.47614  30.9%   154  263s
  4974  3952 5043.74167   83  180 5631.99000 3894.47614  30.9%   153  270s
  5238  3997 5437.51396  129  140 5631.99000 3906.66484  30.6%   149  278s
  5329  4048 4247.89116   29  352 5631.99000 3906.66484  30.6%   149  283s
  5389  4183 4415.10878   38  292 5631.99000 3906.66484  30.6%   150  289s
  5419  4183 4246.23659   32  209 5631.99000 3906.66484  30.6%   152  290s
  5549  4266 4651.15838   51  183 5631.99000 3906.66484  30.6%   150  297s
  5630  4486 5049.54905   92  118 5631.99000 3911.24619  30.6%   151  305s
  5870  4529 4096.58928   28  352 5631.99000 3911.24619  30.6%   148  315s
  5923  4646 4644.44600   34  240 5631.99000 3911.24619  30.6%   149  322s
  6066  4718 4803.24482   39  170 5631.99000 3918.99037  30.4%   149  329s
  6122  4718 5594.88766   64   90 5631.99000 3918.99037  30.4%   148  330s
  6163  4798 4386.30145   37  278 5631.99000 3922.44170  30.4%   150  336s
  6267  4828 4171.25508   31  440 5631.99000 3922.60850  30.4%   150  342s
  6297  4980 4394.40744   39  369 5631.99000 3922.60850  30.4%   151  348s
  6449  5163 4965.47761   67  243 5631.99000 3922.84932  30.3%   150  356s
  6658  5224 4227.94492   38  411 5631.99000 3922.88774  30.3%   148  364s
  6719  5376 4691.28037   61  317 5631.99000 3922.88774  30.3%   149  371s
  6871  5427 5423.02804  117  202 5631.99000 3924.03196  30.3%   148  381s
  6937  5471 4235.42588   43  315 5631.99000 3924.03196  30.3%   147  387s
  6995  5575 4825.91045   68  168 5631.99000 3924.03196  30.3%   149  395s
  7123  5658 5370.06996  116  141 5631.99000 3925.33468  30.3%   148  403s
  7219  5890 4487.84550   40  351 5631.99000 3925.33468  30.3%   148  415s
  7463  5927 5104.59507   80  106 5631.99000 3925.65824  30.3%   146  425s
  7509  5975 4426.32915   38  265 5631.99000 3925.65824  30.3%   148  433s
  7557  6095 4758.87717   43  206 5631.99000 3925.81409  30.3%   150  443s
  7706  6190 4183.98048   36  518 5631.99000 3925.81409  30.3%   151  458s
  7856  6190 5418.70265  153   63 5631.99000 3925.81409  30.3%   150  460s
  8022  6290 4755.75762   68  276 5631.99000 3925.81409  30.3%   148  469s
  8122  6421 5349.96401  127  189 5631.99000 3926.61664  30.3%   148  478s
  8282  6507 5219.22971   47  169 5631.99000 3934.59256  30.1%   148  488s
  8393  6646 4316.27791   42  232 5631.99000 3934.83298  30.1%   149  498s
  8532  7073 4789.39340  103   95 5631.99000 3934.83298  30.1%   150  512s
  8737  7073 5241.10808  280   73 5631.99000 3934.83298  30.1%   147  515s
  8963  7207     cutoff  306      5631.99000 3943.26806  30.0%   145  526s
  9138  7317 4587.54683   51  350 5631.99000 3945.82496  29.9%   145  537s
  9262  7392 5460.43519  105  239 5631.99000 3950.77408  29.9%   145  546s
  9347  7552 4833.72120   47  175 5631.99000 3953.85433  29.8%   146  556s
H 9469  7207                    5519.9900000 3953.85433  28.4%   146  557s
  9515  7287 4372.50518   34  300 5519.99000 3953.85433  28.4%   146  566s
  9613  7385 5198.16064   77  175 5519.99000 3956.59693  28.3%   147  575s
  9731  7445 4802.72366   44  279 5519.99000 3957.02398  28.3%   147  586s
  9817  7534 4172.19623   38  362 5519.99000 3957.02398  28.3%   148  596s
  9910  7640 4910.37277   70  183 5519.99000 3957.02535  28.3%   149  607s
 10070  7922 4300.66632   40  253 5519.99000 3957.51945  28.3%   149  618s
 10261  7923 4767.09930  110   89 5519.99000 3957.51945  28.3%   149  620s
 10376  8081 4788.24869   61   14 5519.99000 3960.68377  28.2%   148  631s
 10552  8132     cutoff  141      5519.99000 3960.69469  28.2%   147  641s
 10603  8233 5042.65499   65  206 5519.99000 3960.69469  28.2%   149  651s
 10719  8410 4592.74012   49  326 5519.99000 3960.69469  28.2%   150  665s
 10947  8465 5472.00255  153  139 5519.99000 3961.72271  28.2%   148  675s
 11019  8527 4734.86418   54  301 5519.99000 3961.97239  28.2%   149  684s
 11098  8605 4242.55143   41  383 5519.99000 3964.10190  28.2%   150  694s
 11168  8605 5493.03317  104   79 5519.99000 3964.10190  28.2%   151  695s
 11188  8678 5165.37922   70  240 5519.99000 3964.40377  28.2%   151  704s
 11301  8864 4484.85330   43  291 5519.99000 3967.75238  28.1%   152  716s
 11519  9007 4145.04860   32  415 5519.99000 3967.75238  28.1%   151  728s
 11698  9132 4945.34965   64  286 5519.99000 3969.05544  28.1%   151  739s
 11741  9132 5270.67102  107  152 5519.99000 3969.05544  28.1%   151  740s
 11853  9201 4309.08065   34  411 5519.99000 3974.78148  28.0%   151  749s
 11909  9201 5306.17067   69  225 5519.99000 3974.78148  28.0%   152  750s
 11944  9270 5186.65206   70  252 5519.99000 3976.21005  28.0%   152  759s
 12027  9380 4974.69688   56   83 5519.99000 3977.04789  28.0%   153  768s
 12136  9380 5457.68793  110  174 5519.99000 3977.04789  28.0%   153  770s
 12163  9507 4826.85870   54  293 5519.99000 3979.48317  27.9%   153  779s
 12204  9507 5223.49245   95  158 5519.99000 3979.48317  27.9%   153  780s
 12309  9553 4307.46871   41  427 5519.99000 3979.49412  27.9%   154  789s
 12337  9553 4239.85705   36  358 5519.99000 3979.49412  27.9%   154  790s
 12355  9778 5104.87476   55   43 5519.99000 3981.74391  27.9%   155  803s
 12706  9862 4420.72447   35  335 5519.99000 3981.75480  27.9%   154  817s
 12813 10011 5121.32367   43  156 5519.99000 3984.14926  27.8%   155  828s
 12963 10011 5083.88178   99   35 5519.99000 3984.15183  27.8%   155  830s
 13012 10097 4673.26219   59  229 5519.99000 3987.64094  27.8%   155  839s
 13118 10156 5452.13226   75  210 5519.99000 3989.65914  27.7%   156  849s
 13195 10313 4765.09065   70  328 5519.99000 3992.76652  27.7%   156  860s
 13374 10507 4380.24067   36  367 5519.99000 4001.72895  27.5%   156  874s
 13488 10507 4707.33753  115   63 5519.99000 4001.72895  27.5%   156  875s
 13600 10699 4672.68105   58   90 5519.99000 4003.36606  27.5%   156  890s
 13808 10782 5316.70569   77   56 5519.99000 4004.12698  27.5%   155  902s
H13884 10608                    5495.9900000 4004.12698  27.1%   155  903s
 13922 10676 4574.05526   50  312 5495.99000 4006.80575  27.1%   156  912s
H13965 10043                    5429.9000000 4006.80575  26.2%   156  913s
 14004 10114 5176.41478   93  263 5429.90000 4008.84319  26.2%   156  923s
 14104 10173 4844.58336   52  311 5429.90000 4011.02661  26.1%   157  934s
 14189 10381 4563.73210   45   70 5429.90000 4014.79596  26.1%   158  947s
 14426 10381 4967.85009   57   43 5429.90000 4014.79596  26.1%   156  950s
 14456 10472 5228.56767   66   66 5429.90000 4015.98341  26.0%   157  960s
 14559 10576 5068.90172   58  264 5429.90000 4016.88150  26.0%   158  971s
H14672 10282                    5391.9000000 4016.88150  25.5%   158 1042s
 14802 10324 5106.51529   48  131 5391.90000 4017.80359  25.5%   159 1056s
H14855  7344                    5098.5099127 4017.80359  21.2%   159 1057s
 14913  7355 4882.11925   49  293 5098.50991 4019.79212  21.2%   159 1067s
 14991  7407 4678.42560   50  261 5098.50991 4021.02916  21.1%   160 1077s
 15064  7488 4759.01918   45  381 5098.50991 4025.07681  21.1%   161 1089s
 15181  7568 4319.82714   36  406 5098.50991 4027.51694  21.0%   162 1100s
 15282  7641 4976.72874   59  199 5098.50991 4029.95768  21.0%   163 1111s
H15380  7740                    5098.5098459 4030.31303  21.0%   164 1124s
 15470  7740 4432.79992   38  231 5098.50985 4035.10865  20.9%   165 1125s
 15510  7808 4726.25274   39  203 5098.50985 4035.61734  20.8%   165 1135s
 15613  7986 4940.26467   61  183 5098.50985 4037.25233  20.8%   166 1150s
 15834  8075 4231.76680   39  344 5098.50985 4039.02391  20.8%   166 1162s
 15943  8157 4585.50374   33  223 5098.50985 4041.44917  20.7%   167 1174s
 16044  8294 5053.11520   54   97 5098.50985 4043.27689  20.7%   168 1186s
 16228  8368 4277.63927   34  368 5098.50985 4043.76959  20.7%   168 1199s
 16302  8554 4585.96746   55   19 5098.50985 4043.95016  20.7%   168 1212s
 16540  8668 4389.68916   44  217 5098.50985 4046.04648  20.6%   168 1225s
 16680  8728 4763.25020   53  214 5098.50985 4047.63610  20.6%   169 1237s
 16762  8829 4776.04506   57  220 5098.50985 4053.07131  20.5%   170 1250s
 16879  8922 4489.80119   53  327 5098.50985 4055.49372  20.5%   170 1262s
 16990  9063 4519.58449   42  288 5098.50985 4060.16851  20.4%   171 1274s
 17032  9063 5049.37454   84  159 5098.50985 4060.16851  20.4%   171 1275s
 17148  9119 4737.95076   51  269 5098.50985 4061.26347  20.3%   171 1288s
 17226  9186 4466.72444   36  424 5098.50985 4064.79865  20.3%   172 1299s
 17316  9291 4587.17535   43  172 5098.50985 4066.76581  20.2%   173 1314s
 17363  9291 4909.38493   66   58 5098.50985 4066.76581  20.2%   173 1315s
 17526  9432 4411.71315   34  276 5098.50985 4067.01900  20.2%   173 1329s
 17614  9432 5069.08845  108    4 5098.50985 4067.01900  20.2%   173 1330s
 17729  9505 4469.21308   43  477 5098.50985 4067.98953  20.2%   173 1341s
 17815  9618 4761.49269   52  170 5098.50985 4068.62582  20.2%   174 1354s
 17856  9618 5041.57703   93  212 5098.50985 4068.62582  20.2%   174 1355s
 17968  9716 4918.07356   63  295 5098.50985 4069.82014  20.2%   174 1367s
 18103  9800 4265.78013   31  388 5098.50985 4070.99840  20.2%   175 1379s
 18202  9991 4315.67643   41  186 5098.50985 4072.88024  20.1%   176 1394s
 18294  9991 4879.20594  113   57 5098.50985 4072.88024  20.1%   176 1395s
 18418 10125 4399.51730   30  307 5098.50985 4073.06960  20.1%   176 1408s
 18538 10125 5065.82782   93   98 5098.50985 4073.36545  20.1%   176 1410s
 18590 10218 4847.44704   37  315 5098.50985 4074.68865  20.1%   176 1422s
 18695 10334 4841.64191   57  206 5098.50985 4074.97104  20.1%   177 1435s
 18858 10461 4296.66706   34  311 5098.50985 4080.32391  20.0%   177 1448s
 19003 10600 4778.23894   68  187 5098.50985 4081.37201  19.9%   177 1461s
 19184 10737 4571.80209   44  253 5098.50985 4083.41148  19.9%   178 1474s
 19236 10737 4995.36656   96  117 5098.50985 4083.41148  19.9%   177 1475s
 19339 10870 4867.91866   63  297 5098.50985 4084.03318  19.9%   178 1488s
 19517 10947 4531.01177   56  333 5098.50985 4085.06090  19.9%   178 1501s
 19619 11030 4347.56997   49  301 5098.50985 4088.07580  19.8%   179 1513s
 19726 11117 4292.23251   39  263 5098.50985 4090.80653  19.8%   179 1526s
 19882 11214 4946.76352   61  218 5098.50985 4092.84411  19.7%   180 1539s
 20007 11270 4481.36652   45  387 5098.50985 4093.79427  19.7%   180 1552s
 20080 11392 4705.77947   41  250 5098.50985 4094.82581  19.7%   181 1565s
 20246 11492 4495.97339   39  213 5098.50985 4099.70318  19.6%   181 1578s
 20383 11611 4238.23464   35  221 5098.50985 4101.61506  19.6%   182 1592s
 20532 11665 4526.36312   37  250 5098.50985 4102.75943  19.5%   182 1606s
 20619 11782 4871.31510   52  227 5098.50985 4103.61735  19.5%   183 1619s
 20731 11782 5003.75538   83   83 5098.50985 4104.74181  19.5%   183 1620s
 20776 11902 4932.80850   65  281 5098.50985 4104.74463  19.5%   183 1633s
 20926 11997 5081.31877   70  215 5098.50985 4105.19030  19.5%   183 1646s
 21050 12183 4153.79001   31  281 5098.50985 4105.98454  19.5%   184 1660s
 21267 12336 4870.22324   52  217 5098.50985 4106.68622  19.5%   184 1676s
 21452 12389 4946.10841   72  277 5098.50985 4106.94106  19.4%   184 1690s
 21521 12461     cutoff   55      5098.50985 4107.57241  19.4%   184 1703s
 21623 12612 4694.84158   51   37 5098.50985 4109.33353  19.4%   185 1717s
 21812 12717 5078.36370   61  181 5098.50985 4111.20924  19.4%   185 1731s
 21941 12833 4356.13782   29  315 5098.50985 4113.99750  19.3%   185 1744s
 22076 12927 4868.47969   47  216 5098.50985 4115.07413  19.3%   186 1757s
 22233 13008 4397.66238   31  297 5098.50985 4116.61164  19.3%   186 1771s
 22347 13168 4861.78938   47  237 5098.50985 4118.16287  19.2%   187 1785s
 22545 13258 4370.98069   39  314 5098.50985 4119.39146  19.2%   187 1798s
 22653 13434 4834.19451   50  337 5098.50985 4121.30404  19.2%   188 1812s
 22865 13620 4488.50285   35  171 5098.50985 4123.64243  19.1%   188 1826s
 23086 13733 4375.68170   38  367 5098.50985 4125.57862  19.1%   188 1841s
 23245 13833 4605.46937   46  346 5098.50985 4128.68973  19.0%   188 1856s
 23369 13987 4713.39121   42  149 5098.50985 4130.19054  19.0%   188 1873s
 23586 14059 4840.49687   59  255 5098.50985 4131.03429  19.0%   188 1888s
 23715 14256 4367.62764   37  213 5098.50985 4133.11506  18.9%   189 1906s
 23974 14391 4548.58540   39  251 5098.50985 4134.47199  18.9%   188 1922s
 24137 14493 4410.87259   36  147 5098.50985 4134.88051  18.9%   189 1938s
 24284 14628 4417.63402   34  402 5098.50985 4137.32532  18.9%   189 1953s
 24445 14722 4623.24216   43  269 5098.50985 4138.39727  18.8%   189 1969s
 24512 14722 4373.65365   42  389 5098.50985 4138.46434  18.8%   189 1970s
 24575 14815 4577.51670   42  309 5098.50985 4138.49707  18.8%   190 1984s
 24691 14945 4882.19679   79   85 5098.50985 4139.18952  18.8%   190 2001s
 24924 15101 4395.49306   36  221 5098.50985 4139.71720  18.8%   190 2019s
 25017 15101 4668.89279   45  172 5098.50985 4139.71720  18.8%   190 2020s
 25155 15185 4412.27727   37  388 5098.50985 4140.57571  18.8%   190 2034s
 25215 15185 4694.04099   50  367 5098.50985 4140.65399  18.8%   190 2035s
 25264 15300 4999.98874   62   88 5098.50985 4141.54900  18.8%   191 2048s
 25416 15453 4642.22298   51  269 5098.50985 4142.96140  18.7%   191 2063s
 25568 15453 4581.79011   53   30 5098.50985 4142.96507  18.7%   191 2065s
 25595 15623 4897.50265   66   34 5098.50985 4142.98573  18.7%   191 2081s
 25870 15757 4903.26210   42  366 5098.50985 4143.80521  18.7%   191 2097s
 26046 15883 4658.70726   45  256 5098.50985 4144.75918  18.7%   191 2112s
 26224 16035 4518.64010   46  233 5098.50985 4144.79315  18.7%   191 2127s
 26434 16151 4644.04229   31  222 5098.50985 4146.48797  18.7%   191 2143s
 26585 16266 5079.13485   45   78 5098.50985 4147.97732  18.6%   192 2157s
 26740 16370 4535.90830   43  324 5098.50985 4148.18949  18.6%   192 2172s
 26870 16470 4421.22650   44  355 5098.50985 4148.98914  18.6%   193 2186s
 27000 16601 4722.08589   72  358 5098.50985 4150.52550  18.6%   193 2201s
 27171 16715 4729.58250   56  330 5098.50985 4151.92750  18.6%   193 2215s
 27323 16872 4648.16470   51  267 5098.50985 4153.75366  18.5%   194 2229s
 27434 16872 4326.47462   38  255 5098.50985 4153.91565  18.5%   194 2230s
 27503 16955 4443.97326   30  303 5098.50985 4153.99280  18.5%   194 2243s
 27614 17028 4470.06591   36  331 5098.50985 4154.48417  18.5%   195 2257s
 27735 17155 4382.41536   34  377 5098.50985 4155.10979  18.5%   195 2273s
 27891 17279 4750.48750   45  309 5098.50985 4155.59051  18.5%   195 2288s
 28049 17410 4752.23868   58  143 5098.50985 4156.42394  18.5%   196 2310s
 28207 17461 4879.62954   71  233 5098.50985 4156.97286  18.5%   195 2325s
 28290 17553 5069.80034   50  152 5098.50985 4158.50188  18.4%   196 2339s
 28361 17553 4962.95025   50  220 5098.50985 4158.50188  18.4%   196 2340s
 28444 17712 4635.40209   56  157 5098.50985 4159.26602  18.4%   196 2355s
 28638 17832 4597.59778   45  365 5098.50985 4160.68578  18.4%   196 2370s
 28781 18087 4907.33837   65  219 5098.50985 4161.48377  18.4%   197 2387s
 29092 18171 4936.08772   56  258 5098.50985 4162.17485  18.4%   196 2402s
 29218 18443 4468.99842   29  296 5098.50985 4163.01465  18.3%   197 2419s
 29321 18443 4887.78677   75   67 5098.50985 4163.01465  18.3%   197 2420s
 29539 18577 4910.88700   77   66 5098.50985 4163.60348  18.3%   196 2436s
 29741 18687 4404.47597   32  191 5098.50985 4164.77243  18.3%   196 2451s
 29924 18825 4734.38588   48   84 5098.50985 4165.74795  18.3%   196 2466s
 30138 18971 4993.43244   90  179 5098.50985 4166.62837  18.3%   196 2481s
 30315 19088     cutoff  119      5098.50985 4167.98366  18.3%   197 2496s
 30480 19207 5024.30220   52  166 5098.50985 4169.40138  18.2%   197 2510s
 30650 19443 4360.93728   35  345 5098.50985 4170.49233  18.2%   197 2527s
 30942 19608 4316.72502   45  327 5098.50985 4170.85591  18.2%   197 2543s
 31144 19745 4790.83261   65  281 5098.50985 4171.05594  18.2%   197 2558s
 31311 19745 5044.77655   45   68 5098.50985 4171.64086  18.2%   197 2560s
 31340 19870 4550.14192   41  329 5098.50985 4171.90316  18.2%   197 2575s
 31524 19975 4422.32716   43  261 5098.50985 4172.43991  18.2%   197 2590s
 31647 20072 4517.72743   44  302 5098.50985 4173.84363  18.1%   198 2604s
 31728 20072 4809.37551   56  319 5098.50985 4174.49968  18.1%   198 2605s
 31785 20172 4380.61592   33  339 5098.50985 4175.13897  18.1%   198 2618s
 31911 20295 4700.36633   41  296 5098.50985 4175.52570  18.1%   199 2633s
 32121 20430 4381.79909   42  399 5098.50985 4176.32181  18.1%   199 2649s
 32288 20527 4766.50061   56  359 5098.50985 4177.91228  18.1%   199 2663s
 32419 20630 4571.44956   49  210 5098.50985 4178.35256  18.0%   199 2678s
 32546 20742 4945.66677   63  332 5098.50985 4178.72469  18.0%   199 2692s
 32705 20903 4365.07991   31  404 5098.50985 4180.31661  18.0%   200 2708s
 32817 20903 5050.78933   60  190 5098.50985 4180.34457  18.0%   200 2710s
 32901 21055 4769.28878   62  222 5098.50985 4180.38703  18.0%   200 2725s
 33096 21144 5042.01723   67   48 5098.50985 4180.42422  18.0%   200 2741s
 33292 21268 4521.63733   40  285 5098.50985 4181.94524  18.0%   200 2757s
 33462 21459 4461.05641   49  292 5098.50985 4182.95758  18.0%   200 2773s
 33698 21619 4799.42343   59  201 5098.50985 4183.01906  18.0%   200 2789s
 33784 21619 4879.50253   64   49 5098.50985 4183.01906  18.0%   200 2790s
 33903 21796     cutoff   87      5098.50985 4183.41652  17.9%   200 2805s
 34212 21895 4990.64762   63  150 5098.50985 4183.89957  17.9%   200 2821s
 34345 22007 4472.48590   42  325 5098.50985 4184.22267  17.9%   200 2837s
 34483 22131 4893.31571   59   30 5098.50985 4184.72352  17.9%   200 2852s
 34657 22276 4849.20079   45  209 5098.50985 4185.37490  17.9%   200 2867s
 34873 22448 4507.02544   40  259 5098.50985 4186.06146  17.9%   200 2885s
 35099 22615 4802.01969   48   61 5098.50985 4186.79781  17.9%   200 2901s
*35178 22083              87    5065.6900000 4186.79781  17.3%   200 2902s
*35179 21363              88    5042.6900000 4186.79781  17.0%   200 2902s
 35319 21425     cutoff   85      5042.69000 4187.21078  17.0%   200 2917s
 35438 21562 4855.93079   68  234 5042.69000 4187.91145  17.0%   201 2932s
 35614 21660     cutoff   61      5042.69000 4188.56011  16.9%   201 2948s
 35796 21834 4951.61346   51  243 5042.69000 4189.54702  16.9%   201 2964s
 35872 21834 4873.07406   85   24 5042.69000 4189.54702  16.9%   201 2965s
 36008 21985 4590.77319   41  297 5042.69000 4190.89843  16.9%   201 2980s
 36192 22149 4545.28764   44  304 5042.69000 4191.23197  16.9%   201 2996s
 36390 22287 4688.40045   44  286 5042.69000 4192.83351  16.9%   201 3013s
 36571 22414 4356.92318   42  341 5042.69000 4193.50805  16.8%   201 3028s
 36745 22533 4700.49934   47  198 5042.69000 4194.00111  16.8%   201 3044s
 36870 22533 4757.32225   37  164 5042.69000 4194.09953  16.8%   201 3045s
 36893 22709 4557.64979   57  113 5042.69000 4194.18154  16.8%   201 3061s
 37191 22848 4314.95873   41  298 5042.69000 4194.76038  16.8%   201 3078s
 37369 22849 4989.87000   55    - 5042.69000 4194.98820  16.8%   201 3080s
 37403 22985 4950.24671   50  263 5042.69000 4195.03684  16.8%   201 3093s
 37583 23194 4588.51802   48  253 5042.69000 4196.11743  16.8%   201 3111s
 37856 23288 4852.94865   53  205 5042.69000 4197.33148  16.8%   201 3128s
 37996 23440 4611.90067   44  198 5042.69000 4198.01931  16.8%   201 3142s
 38228 23542 4943.70666   58  278 5042.69000 4198.84341  16.7%   201 3158s
 38359 23651 4967.20427   68  207 5042.69000 4199.24139  16.7%   202 3172s
 38518 23781 4538.04317   46  249 5042.69000 4199.66717  16.7%   202 3187s
 38685 23898 4934.93211   50   56 5042.69000 4200.36587  16.7%   202 3202s
 38838 24056 4792.75988   39  355 5042.69000 4200.40897  16.7%   202 3218s
 39047 24141 4774.53482   64  255 5042.69000 4200.64236  16.7%   202 3233s
H39118 21004                    4970.6900000 4200.92257  15.5%   202 3234s
 39174 21139 4333.71176   35  407 4970.69000 4201.01772  15.5%   202 3249s
 39215 21139 4841.31973   60   31 4970.69000 4201.01772  15.5%   202 3250s
 39365 21265 4380.76430   43  322 4970.69000 4202.16224  15.5%   202 3267s
 39558 21367 4416.06093   40  315 4970.69000 4202.38128  15.5%   202 3284s
 39622 21367 4840.38425   72   87 4970.69000 4202.38128  15.5%   203 3285s
 39728 21459 4895.29133   95   66 4970.69000 4202.84291  15.4%   203 3299s
 39837 21459 4898.03982   58  281 4970.69000 4204.31060  15.4%   203 3300s
 39909 21588 4518.27373   40  310 4970.69000 4204.31579  15.4%   203 3315s
 40083 21754 4697.33098   47  107 4970.69000 4205.21805  15.4%   203 3331s
 40285 21902 4673.64310   44  251 4970.69000 4206.28141  15.4%   203 3349s
 40355 21902 4874.64311   67   49 4970.69000 4206.28141  15.4%   203 3350s
 40484 22099 4516.99629   43  341 4970.69000 4206.64305  15.4%   203 3367s
 40735 22165 4590.14548   42  332 4970.69000 4207.57473  15.4%   203 3383s
 40852 22228 4957.95946   46   87 4970.69000 4208.03379  15.3%   203 3398s
 40958 22402 4286.17751   35  339 4970.69000 4208.53564  15.3%   204 3414s
 41032 22402     cutoff   58      4970.69000 4208.69172  15.3%   204 3415s
 41177 22491 4819.09240   62  269 4970.69000 4208.83105  15.3%   203 3430s
 41318 22598 4357.74842   40  426 4970.69000 4210.33014  15.3%   204 3445s
 41455 22689 4599.90139   49  239 4970.69000 4210.69994  15.3%   204 3459s
 41586 22788 4866.39587   63  265 4970.69000 4211.08852  15.3%   204 3474s
 41730 22973 4316.05851   34  336 4970.69000 4211.69946  15.3%   205 3489s
 41852 22973 4582.62491   48  112 4970.69000 4211.69946  15.3%   205 3490s
 41963 23093     cutoff   71      4970.69000 4212.06856  15.3%   205 3504s
 42142 23218 4905.80520   60  263 4970.69000 4213.10319  15.2%   205 3520s
H42214 23094                    4968.0500000 4213.10319  15.2%   205 3520s
H42312 17668                    4849.3700000 4213.54314  13.1%   205 3534s
 42451 17745 4453.55232   35  238 4849.37000 4214.25600  13.1%   205 3549s
 42590 17879 4621.38019   37  253 4849.37000 4215.08508  13.1%   205 3565s
H42787 16991                    4828.3700000 4215.60610  12.7%   205 3580s
 42916 17038 4489.19903   35  372 4828.37000 4216.34626  12.7%   206 3596s
 43035 17048 4350.61243   37  350 4828.37000 4216.51090  12.7%   206 3600s

Cutting planes:
  User: 4023
  Gomory: 14
  Cover: 252
  Implied bound: 42
  Projected implied bound: 1
  Clique: 2
  MIR: 124
  Flow cover: 266
  Zero half: 6
  Network: 5
  RLT: 179
  Relax-and-lift: 3
  Lazy constraints: 997

Explored 43045 nodes (8882972 simplex iterations) in 3600.17 seconds
Thread count was 2 (of 32 available processors)

Solution count 10: 4828.37 4849.37 4968.05 ... 5495.99

Time limit reached
Best objective 4.828370000000e+03, best bound 4.216510903072e+03, gap 12.6722%

User-callback calls 377255, time in user-callback 307.75 sec
================================================================================
executing instance: ./input/Instances/Original/4/absH3low_3n10.dat
--------------------------------------------------------------------------------
Instance details
n	11
H	3
C	687
Li:
[0, 0, 0, 0, 0, 0, 0, 0, 0, 0, 0, ]
Ui:
[0, 189, 44, 174, 78, 36, 198, 117, 42, 96, 240, ]
Distance matrix:
|0	209	255	286	142	156	285	317	182	161	135	|
|209	0	464	451	315	356	490	469	361	299	260	|
|255	464	0	221	202	130	74	280	189	254	273	|
|286	451	221	0	145	156	164	479	354	153	192	|
|142	315	202	145	0	73	194	388	250	53	73	|
|156	356	130	156	73	0	134	332	200	127	144	|
|285	490	74	164	194	134	0	353	256	239	267	|
|317	469	280	479	388	332	353	0	141	436	430	|
|182	361	189	354	250	200	256	141	0	296	289	|
|161	299	254	153	53	127	239	436	296	0	39	|
|135	260	273	192	73	144	267	430	289	39	0	|

--------------------------------------------------------------------------------
Building model...
	using lazy and cut (CVRPSEP package)
Solving IRP LP...
--------------------------------------------------------------------------------

Gurobi 9.1.0 (linux64) logging started Mon Jan 25 17:52:39 2021

Gurobi Optimizer version 9.1.0 build v9.1.0rc0 (linux64)
Thread count: 32 physical cores, 32 logical processors, using up to 2 threads
Optimize a model with 380 rows, 956 columns and 2693 nonzeros
Model fingerprint: 0xdc0fec6c
Variable types: 164 continuous, 792 integer (132 binary)
Coefficient statistics:
  Matrix range     [1e+00, 2e+02]
  Objective range  [1e-02, 5e+02]
  Bounds range     [1e+00, 2e+02]
  RHS range        [2e+01, 1e+03]
Presolve removed 74 rows and 122 columns
Presolve time: 0.00s
Presolved: 306 rows, 834 columns, 2124 nonzeros
Variable types: 141 continuous, 693 integer (582 binary)
Found heuristic solution: objective 4506.3300000

Root relaxation: objective 1.765486e+03, 414 iterations, 0.01 seconds

    Nodes    |    Current Node    |     Objective Bounds      |     Work
 Expl Unexpl |  Obj  Depth IntInf | Incumbent    BestBd   Gap | It/Node Time

     0     0 1765.48637    0   55 4506.33000 1765.48637  60.8%     -    0s
     0     0 2156.13581    0   48 4506.33000 2156.13581  52.2%     -    0s
H    0     0                    4328.9500000 2156.13581  50.2%     -    0s
     0     0 2441.33381    0   59 4328.95000 2441.33381  43.6%     -    0s
     0     0 2441.33381    0   59 4328.95000 2441.33381  43.6%     -    0s
     0     0 2492.94616    0   56 4328.95000 2492.94616  42.4%     -    0s
H    0     0                    4307.9500000 2492.94616  42.1%     -    0s
     0     0 2537.02391    0   68 4307.95000 2537.02391  41.1%     -    0s
     0     0 2537.02391    0   71 4307.95000 2537.02391  41.1%     -    0s
     0     0 2566.79818    0  101 4307.95000 2566.79818  40.4%     -    0s
H    0     0                    4070.8100000 2566.79818  36.9%     -    0s
     0     0 2570.21710    0   85 4070.81000 2570.21710  36.9%     -    0s
     0     0 2570.41429    0   86 4070.81000 2570.41429  36.9%     -    0s
     0     0 2631.79631    0   86 4070.81000 2631.79631  35.3%     -    0s
H    0     0                    3199.3600000 2631.79631  17.7%     -    0s
     0     0 2639.71981    0   87 3199.36000 2639.71981  17.5%     -    0s
