




arguments: ./build/mirp_solver -f ./input/orig_exec_330.cfg
Current dir: /scratch/gui/bnc_mirp
File verbosity level: 9
date       time         ( uptime  ) [ thread name/id ]                   file:line     v| 
2021-01-23 10:39:07.379 (   0.105s) [main thread     ]             loguru.cpp:789   INFO| Logging to './output/vi_hc1_quarter/OU/V4/Original/execution_23_01_2021_10_39_07.log', mode: 'a', verbosity: 9
--------------------------------------------------------------------------------
Parameters
                           instance_path           ./input/Instances/Original/2/
                            model_policy                                       1
                             nb_vehicles                                       4
                              output_dir ./output/vi_hc1_quarter/OU/V4/Original/
                            sec_strategy                                       1
                       solver_nb_threads                                       2
                         solver_show_log                                    true
                       solver_time_limit                                    3600
                              use_vi_cos                                   false
                              use_vi_cus                                   false
                         use_vi_hc1_full                                   false
                         use_vi_hc1_half                                   false
                      use_vi_hc1_quarter                                    true
                              use_vi_hc2                                   false
                              use_vi_hc3                                   false
                         use_vi_lex_full                                   false
                         use_vi_lex_half                                   false
                      use_vi_lex_quarter                                   false
                              use_vi_qua                                   false
                               use_vi_vc                                   false
                               use_vi_vr                                   false
--------------------------------------------------------------------------------
executing instance: ./input/Instances/Original/2/absH3high_3n40.dat
--------------------------------------------------------------------------------
Instance details
n	41
H	3
C	3283
Li:
[0, 0, 0, 0, 0, 0, 0, 0, 0, 0, 0, 0, 0, 0, 0, 0, 0, 0, 0, 0, 0, 0, 0, 0, 0, 0, 0, 0, 0, 0, 0, 0, 0, 0, 0, 0, 0, 0, 0, 0, 0, ]
Ui:
[0, 63, 111, 99, 96, 111, 282, 122, 156, 261, 42, 192, 126, 42, 162, 207, 159, 122, 102, 190, 118, 102, 132, 102, 165, 252, 66, 52, 22, 114, 210, 176, 116, 294, 78, 152, 210, 45, 130, 198, 174, ]
Distance matrix:
|0	208	225	252	227	143	258	127	267	150	28	83	163	286	57	149	201	137	214	255	70	73	107	186	328	266	249	343	222	177	293	144	262	215	167	120	169	218	143	173	255	|
|208	0	397	355	416	198	216	99	211	275	193	172	97	166	240	225	362	109	277	314	182	216	273	374	298	208	319	161	14	103	93	120	58	196	152	156	372	227	260	218	453	|
|225	397	0	427	53	364	482	343	492	129	253	225	382	386	171	188	39	291	187	195	295	182	282	55	326	491	180	551	408	315	457	366	455	275	392	244	221	439	341	214	101	|
|252	355	427	0	401	158	201	263	219	396	234	328	259	498	299	400	420	354	465	506	205	324	152	374	574	219	499	393	366	389	446	235	378	456	205	359	224	150	111	423	400	|
|227	416	53	401	0	357	477	352	489	165	253	245	389	424	179	223	85	315	234	245	293	200	264	42	375	488	231	565	428	344	484	370	474	314	392	270	184	430	325	252	50	|
|143	198	364	158	357	0	121	105	134	290	116	196	103	342	200	276	343	205	343	385	74	210	112	319	432	133	382	265	209	237	290	78	226	313	57	220	232	75	69	292	375	|
|258	216	482	201	477	121	0	168	18	397	230	293	135	381	314	372	459	275	437	480	188	317	228	439	501	18	479	197	222	296	290	132	212	386	95	306	347	58	173	381	496	|
|127	99	343	263	352	105	168	0	171	239	105	130	40	237	173	206	313	109	270	312	84	164	175	310	337	169	313	216	112	135	192	37	142	220	77	138	280	155	162	213	382	|
|267	211	492	219	489	134	18	171	0	404	240	298	136	376	323	376	468	276	441	483	198	324	243	450	500	2	483	181	215	294	281	136	202	386	102	309	363	75	189	384	509	|
|150	275	129	396	165	290	397	239	404	0	175	110	279	259	97	59	91	166	84	116	217	80	245	130	226	402	106	434	286	187	329	269	333	149	302	119	244	364	291	87	213	|
|28	193	253	234	253	116	230	105	240	175	0	94	139	286	84	167	229	136	234	275	43	96	98	212	341	238	271	320	206	175	281	118	244	225	140	128	180	191	124	189	280	|
|83	172	225	328	245	196	293	130	298	110	94	0	169	209	77	80	191	71	147	189	127	45	189	203	247	296	187	327	184	106	241	162	230	132	198	38	242	266	217	96	285	|
|163	97	382	259	389	103	135	40	136	279	139	169	0	253	212	244	353	141	307	349	110	203	194	347	366	133	350	183	107	161	187	27	124	251	56	175	306	133	169	249	418	|
|286	166	386	498	424	342	381	237	376	259	286	209	253	0	284	201	347	151	210	230	299	247	383	387	155	374	242	290	162	112	129	270	192	113	308	172	451	386	391	172	471	|
|57	240	171	299	179	200	314	173	323	97	84	77	212	284	0	112	145	147	170	208	127	38	148	137	299	321	201	386	253	183	315	195	297	195	222	112	171	275	195	142	214	|
|149	225	188	400	223	276	372	206	376	59	167	80	244	201	112	0	149	117	67	110	205	78	254	186	187	374	108	387	235	132	272	240	283	93	277	71	279	346	291	32	270	|
|201	362	39	420	85	343	459	313	468	91	229	191	353	347	145	149	0	254	149	160	272	150	271	66	290	466	146	518	373	278	419	339	420	235	367	207	227	418	327	175	135	|
|137	109	291	354	315	205	275	109	276	166	136	71	141	151	147	117	254	0	172	212	151	116	232	273	229	274	215	270	119	39	170	145	167	111	186	47	305	263	245	113	356	|
|214	277	187	465	234	343	437	270	441	84	234	147	307	210	170	67	149	172	0	42	272	141	317	205	144	439	43	437	284	175	307	305	331	99	343	132	327	413	357	60	283	|
|255	314	195	506	245	385	480	312	483	116	275	189	349	230	208	110	160	212	42	0	314	182	356	222	132	481	15	474	321	212	337	347	367	126	385	174	358	455	398	100	295	|
|70	182	295	205	293	74	188	84	198	217	43	127	110	299	127	205	272	151	272	314	0	137	91	253	370	196	310	292	195	188	274	85	226	252	99	155	197	148	94	223	316	|
|73	216	182	324	200	210	317	164	324	80	96	45	203	247	38	78	150	116	141	182	137	0	176	158	263	323	176	369	229	150	286	191	274	157	223	77	208	284	216	106	239	|
|107	273	282	152	264	112	228	175	243	245	98	189	194	383	148	254	271	232	317	356	91	176	0	231	435	242	349	371	286	271	365	167	315	321	164	224	120	174	61	280	274	|
|186	374	55	374	42	319	439	310	450	130	212	203	347	387	137	186	66	273	205	222	253	158	231	0	348	448	208	523	386	303	442	329	431	279	352	229	167	392	291	217	85	|
|328	298	326	574	375	432	501	337	500	226	341	247	366	155	299	187	290	229	144	132	370	263	435	348	0	498	147	441	299	206	283	374	338	119	414	215	465	492	463	157	425	|
|266	208	491	219	488	133	18	169	2	402	238	296	133	374	321	374	466	274	439	481	196	323	242	448	498	0	481	180	213	292	278	134	200	384	100	307	362	75	188	381	508	|
|249	319	180	499	231	382	479	313	483	106	271	187	350	242	201	108	146	215	43	15	310	176	349	208	147	481	0	480	326	217	346	347	373	135	385	175	347	454	392	103	280	|
|343	161	551	393	565	265	197	216	181	434	320	327	183	290	386	387	518	270	437	474	292	369	371	523	441	180	480	0	153	263	163	207	107	352	208	317	487	244	334	379	598	|
|222	14	408	366	428	209	222	112	215	286	206	184	107	162	253	235	373	119	284	321	195	229	286	386	299	213	326	153	0	109	81	132	48	201	162	167	386	236	272	226	466	|
|177	103	315	389	344	237	296	135	294	187	175	106	161	112	183	132	278	39	175	212	188	150	271	303	206	292	217	263	109	0	142	171	156	95	211	74	344	289	281	118	386	|
|293	93	457	446	484	290	290	192	281	329	281	241	187	129	315	272	419	170	307	337	274	286	365	442	283	278	346	163	81	142	0	212	79	211	241	214	461	311	353	254	525	|
|144	120	366	235	370	78	132	37	136	269	118	162	27	270	195	240	339	145	305	347	85	191	167	329	374	134	347	207	132	171	212	0	151	257	40	174	280	119	142	248	398	|
|262	58	455	378	474	226	212	142	202	333	244	230	124	192	297	283	420	167	331	367	226	274	315	431	338	200	373	107	48	156	79	151	0	245	173	214	421	237	293	273	510	|
|215	196	275	456	314	313	386	220	386	149	225	132	251	113	195	93	235	111	99	126	252	157	321	279	119	384	135	352	201	95	211	257	245	0	297	97	365	374	345	62	362	|
|167	152	392	205	392	57	95	77	102	302	140	198	56	308	222	277	367	186	343	385	99	223	164	352	414	100	385	208	162	211	241	40	173	297	0	213	283	79	126	287	415	|
|120	156	244	359	270	220	306	138	309	119	128	38	175	172	112	71	207	47	132	174	155	77	224	229	215	307	175	317	167	74	214	174	214	97	213	0	280	286	248	75	313	|
|169	372	221	224	184	232	347	280	363	244	180	242	306	451	171	279	227	305	327	358	197	208	120	167	465	362	347	487	386	344	461	280	421	365	283	280	0	291	175	310	176	|
|218	227	439	150	430	75	58	155	75	364	191	266	133	386	275	346	418	263	413	455	148	284	174	392	492	75	454	244	236	289	311	119	237	374	79	286	291	0	116	359	445	|
|143	260	341	111	325	69	173	162	189	291	124	217	169	391	195	291	327	245	357	398	94	216	61	291	463	188	392	334	272	281	353	142	293	345	126	248	175	116	0	313	335	|
|173	218	214	423	252	292	381	213	384	87	189	96	249	172	142	32	175	113	60	100	223	106	280	217	157	381	103	379	226	118	254	248	273	62	287	75	310	359	313	0	300	|
|255	453	101	400	50	375	496	382	509	213	280	285	418	471	214	270	135	356	283	295	316	239	274	85	425	508	280	598	466	386	525	398	510	362	415	313	176	445	335	300	0	|

--------------------------------------------------------------------------------
Building model...
	using lazy and cut (CVRPSEP package)
Solving IRP LP...
--------------------------------------------------------------------------------

Gurobi 9.1.0 (linux64) logging started Sat Jan 23 10:39:07 2021

Gurobi Optimizer version 9.1.0 build v9.1.0rc0 (linux64)
Thread count: 32 physical cores, 32 logical processors, using up to 2 threads
Optimize a model with 1472 rows, 10976 columns and 25439 nonzeros
Model fingerprint: 0x48c81830
Variable types: 644 continuous, 10332 integer (492 binary)
Coefficient statistics:
  Matrix range     [1e+00, 8e+02]
  Objective range  [1e-01, 6e+02]
  Bounds range     [1e+00, 3e+02]
  RHS range        [1e+01, 6e+03]
Presolve removed 227 rows and 794 columns
Presolve time: 0.06s
Presolved: 1245 rows, 10182 columns, 22634 nonzeros
Variable types: 575 continuous, 9607 integer (9144 binary)

Root relaxation: objective 1.235413e+04, 1230 iterations, 0.03 seconds

    Nodes    |    Current Node    |     Objective Bounds      |     Work
 Expl Unexpl |  Obj  Depth IntInf | Incumbent    BestBd   Gap | It/Node Time

     0     0 12354.1296    0  144          - 12354.1296      -     -    0s
     0     0 12805.8065    0  183          - 12805.8065      -     -    0s
     0     0 12811.8643    0  181          - 12811.8643      -     -    0s
     0     0 12811.8643    0  185          - 12811.8643      -     -    0s
     0     0 13441.4290    0  195          - 13441.4290      -     -    0s
     0     0 13494.1678    0  207          - 13494.1678      -     -    1s
     0     0 13497.1778    0  225          - 13497.1778      -     -    1s
     0     0 13497.7956    0  214          - 13497.7956      -     -    1s
     0     0 13659.3671    0  233          - 13659.3671      -     -    1s
     0     0 13697.4046    0  271          - 13697.4046      -     -    1s
     0     0 13703.5507    0  271          - 13703.5507      -     -    1s
     0     0 13704.2156    0  259          - 13704.2156      -     -    1s
     0     0 13752.9106    0  260          - 13752.9106      -     -    1s
     0     0 13766.4508    0  279          - 13766.4508      -     -    1s
     0     0 13769.7856    0  301          - 13769.7856      -     -    1s
     0     0 13774.4466    0  299          - 13774.4466      -     -    1s
     0     0 13775.3076    0  312          - 13775.3076      -     -    2s
     0     0 13811.0879    0  331          - 13811.0879      -     -    2s
     0     0 13826.3164    0  353          - 13826.3164      -     -    2s
     0     0 13836.5515    0  366          - 13836.5515      -     -    2s
     0     0 13841.0649    0  410          - 13841.0649      -     -    2s
     0     0 13849.7534    0  380          - 13849.7534      -     -    2s
     0     0 13850.2307    0  371          - 13850.2307      -     -    3s
     0     0 13871.1854    0  424          - 13871.1854      -     -    3s
     0     0 13877.6915    0  432          - 13877.6915      -     -    3s
     0     0 13878.1196    0  451          - 13878.1196      -     -    3s
     0     0 13892.4745    0  414          - 13892.4745      -     -    4s
     0     0 13892.4745    0  407          - 13892.4745      -     -    4s
     0     2 13892.4745    0  402          - 13892.4745      -     -    5s
    57    61 14045.4475   17  354          - 13924.8863      -   387   10s
   144   150 14508.7078   37  227          - 13924.8863      -   329   15s
   279   289 15001.0655   75  111          - 13924.8863      -   262   20s
   492   493 15622.3400  120   47          - 13924.8863      -   188   25s
   701   694 17971.7746  255    4          - 13924.8863      -   147   30s
*  814   723             236    17253.470000 13930.6789  19.3%   138   32s
   853   702 15805.1498  128  407 17253.4700 13930.6789  19.3%   136   36s
H  854   667                    17071.470000 13930.6789  18.4%   136   37s
   860   671 14755.9303   61  527 17071.4700 13963.9971  18.2%   135   40s
   872   679 14750.9967   49  634 17071.4700 14015.7186  17.9%   133   45s
   885   687 17071.4700  226  656 17071.4700 14034.0595  17.8%   131   50s
   894   693 16500.5246  201  660 17071.4700 14040.3010  17.8%   130   55s
   909   706 14111.7497   16  431 17071.4700 14057.4692  17.7%   152   60s
   924   716 14185.7494   20  474 17071.4700 14074.6467  17.6%   163   65s
   953   736 14232.2303   28  452 17071.4700 14087.4843  17.5%   177   71s
   977   756 14279.6040   33  386 17071.4700 14087.4843  17.5%   183   75s
  1005   777 14364.1433   40  409 17071.4700 14087.4843  17.5%   192   80s
H 1013   740                    16793.380000 14087.4843  16.1%   194   80s
  1045   768 14509.8394   50  421 16793.3800 14087.4843  16.1%   204   85s
  1084   799 14676.2139   60  338 16793.3800 14087.4843  16.1%   214   91s
  1124   827 14845.9939   69  252 16793.3800 14087.4843  16.1%   220   96s
  1164   857 14895.0856   80  279 16793.3800 14087.4843  16.1%   226  101s
  1230   895 15141.6766   96  242 16793.3800 14087.4843  16.1%   230  110s
  1312   986 15265.9988  113  245 16793.3800 14087.4843  16.1%   231  116s
  1360  1006 15469.1381  122  209 16793.3800 14087.4843  16.1%   230  120s
  1447  1102 15484.0587  138  202 16793.3800 14087.4843  16.1%   227  126s
  1603  1139 15789.0358  156  178 16793.3800 14087.4843  16.1%   217  131s
  1660  1189 15897.8905  178  157 16793.3800 14087.4843  16.1%   218  135s
  1747  1249 16460.2640  216   98 16793.3800 14102.3879  16.0%   217  140s
  1823  1247 14274.7745   21  460 16793.3800 14102.3879  16.0%   217  145s
  1848  1263 14424.7930   26  401 16793.3800 14102.3879  16.0%   221  150s
  1897  1310 14423.4054   30  428 16793.3800 14102.3879  16.0%   226  157s
  1924  1339 14439.7370   31  399 16793.3800 14102.3879  16.0%   227  160s
  1992  1394 14596.7490   36  309 16793.3800 14102.3879  16.0%   228  168s
  2040  1452 14544.8882   37  367 16793.3800 14102.3879  16.0%   226  172s
  2114  1501 14621.3182   41  222 16793.3800 14102.3879  16.0%   224  177s
  2225  1490 14634.3088   44  222 16793.3800 14102.3879  16.0%   218  181s
  2245  1492 14714.5274   50  228 16793.3800 14102.3879  16.0%   220  186s
  2275  1540 14837.0716   57  243 16793.3800 14102.3879  16.0%   224  192s
  2314  1554 14992.5875   68  154 16793.3800 14102.3879  16.0%   225  196s
  2341  1595 15045.9116   75  165 16793.3800 14102.3879  16.0%   226  200s
  2391  1627 15214.6292   88  178 16793.3800 14102.3879  16.0%   225  205s
  2440  1676 15338.5623  102   33 16793.3800 14102.3879  16.0%   226  212s
  2505  1753 15628.9836  119   42 16793.3800 14102.3879  16.0%   225  217s
  2622  1767 16352.5106  134   28 16793.3800 14105.5917  16.0%   221  222s
  2687  1848 14408.6388   22  435 16793.3800 14105.5917  16.0%   221  227s
  2794  1943 14477.2112   27  432 16793.3800 14105.5917  16.0%   218  234s
  2944  1989 14393.1967   32  424 16793.3800 14105.5917  16.0%   213  241s
  3054  2036 14464.6962   37  313 16793.3800 14105.5917  16.0%   209  246s
  3109  2068 14556.9187   41  285 16793.3800 14105.5917  16.0%   210  251s
* 3126  1945             208    16559.870000 14105.5917  14.8%   211  251s
  3142  1967 14675.6784   48  257 16559.8700 14105.5917  14.8%   212  256s
  3170  2035 14761.2751   58  167 16559.8700 14105.5917  14.8%   213  262s
  3240  2192 14979.4667   79   66 16559.8700 14105.5917  14.8%   214  269s
  3306  2192 15145.9230   94   21 16559.8700 14105.5917  14.8%   211  270s
  3423  2290 15255.0789  104   21 16559.8700 14105.5917  14.8%   209  276s
  3521  2398 15521.6487  137   26 16559.8700 14115.9593  14.8%   209  285s
  3713  2440     cutoff  170      16559.8700 14116.0099  14.8%   203  292s
  3744  2492 14758.5069   27  460 16559.8700 14116.0099  14.8%   206  298s
  3792  2624 15060.8585   35  210 16559.8700 14116.0099  14.8%   208  307s
  3924  2782 15776.4478   63  118 16559.8700 14118.2124  14.7%   205  316s
  4115  2874 14289.2034   23  512 16559.8700 14118.2124  14.7%   200  326s
  4227  2976 14882.9855   51  119 16559.8700 14118.9654  14.7%   199  333s
  4341  3028 14565.1151   26  442 16559.8700 14120.7473  14.7%   199  341s
  4397  3147 15084.2611   62  225 16559.8700 14134.0829  14.6%   200  350s
  4538  3250 14309.7903   16  436 16559.8700 14134.0829  14.6%   199  359s
  4596  3250 16157.0364  117   85 16559.8700 14134.0829  14.6%   199  360s
  4655  3281 14425.3985   23  389 16559.8700 14134.0829  14.6%   198  368s
  4688  3331 14654.6107   30  292 16559.8700 14134.0829  14.6%   201  376s
  4738  3453 14773.7247   38  272 16559.8700 14134.0829  14.6%   203  385s
  4882  3632 14887.1247   62   78 16559.8700 14141.3360  14.6%   202  397s
  5102  3696     cutoff  160      16559.8700 14141.9835  14.6%   200  407s
  5158  3849 15033.8374   47  270 16559.8700 14142.7309  14.6%   202  419s
  5224  3850 15875.3025  112   66 16559.8700 14142.7309  14.6%   202  420s
  5323  4057 15933.7397  101  121 16559.8700 14143.0728  14.6%   201  431s
  5552  4151 14538.2281   26  394 16559.8700 14143.0728  14.6%   199  443s
  5671  4292 14744.6770   43  200 16559.8700 14151.8358  14.5%   200  456s
  5832  4394 14314.3001   26  456 16559.8700 14152.1307  14.5%   199  471s
  5937  4600 15965.0150  102   14 16559.8700 14155.9911  14.5%   200  484s
  5984  4604 16506.5948  140    4 16559.8700 14155.9911  14.5%   199  485s
  6211  4784 16512.3100  141    - 16559.8700 14168.8774  14.4%   197  498s
  6410  4916     cutoff  141      16559.8700 14183.1312  14.4%   196  511s
  6586  5068 16481.5455  126    9 16559.8700 14185.9031  14.3%   196  523s
  6754  5121 infeasible  130      16559.8700 14186.2416  14.3%   196  533s
  6810  5241 15152.6258   53  277 16559.8700 14201.0137  14.2%   198  574s
  6972  5297 14351.1170   20  511 16559.8700 14202.7494  14.2%   197  585s
  7028  5529 14545.9374   31  291 16559.8700 14202.7494  14.2%   200  600s
  7294  5803 14906.0515   56  127 16559.8700 14203.5099  14.2%   198  618s
  7411  5809 15053.0966   57  144 16559.8700 14203.5099  14.2%   198  620s
  7615  6025 15497.0874   87   34 16559.8700 14211.6765  14.2%   196  636s
  7872  6100     cutoff  139      16559.8700 14217.7880  14.1%   194  651s
  7945  6350 14775.0453   46  205 16559.8700 14221.4636  14.1%   197  668s
* 8151  6341             154    16547.340000 14222.8866  14.0%   195  670s
  8278  6407 infeasible  101      16547.3400 14224.6574  14.0%   195  683s
  8339  6597 14516.7347   38  376 16547.3400 14224.6574  14.0%   197  698s
  8506  6597 15077.0909   84   45 16547.3400 14224.6574  14.0%   198  700s
  8535  6858 14864.5381   76   71 16547.3400 14226.9061  14.0%   198  715s
  8892  7060 infeasible  130      16547.3400 14229.2553  14.0%   194  732s
  9089  7290 14565.7208   37  393 16547.3400 14234.5818  14.0%   194  747s
  9307  7292 16154.4804  120   21 16547.3400 14235.1147  14.0%   194  750s
  9360  7427 14606.7746   29  227 16547.3400 14236.4806  14.0%   193  763s
  9519  7640 14552.6355   26  233 16547.3400 14237.3384  14.0%   194  779s
  9605  7640 14888.3855   76   49 16547.3400 14237.3384  14.0%   194  780s
  9739  7842 15063.3574   94   22 16547.3400 14237.5448  14.0%   194  794s
  9761  7845 15100.1836  103    6 16547.3400 14237.5448  14.0%   194  795s
 10053  8024     cutoff  148      16547.3400 14238.9007  14.0%   192  810s
 10219  8221 15999.1753   88   57 16547.3400 14241.3604  13.9%   193  825s
 10467  8418 infeasible  125      16547.3400 14246.4803  13.9%   192  841s
 10711  8500 14363.8700   23  412 16547.3400 14249.2702  13.9%   191  855s
 10795  8727 14671.5539   40  171 16547.3400 14249.2702  13.9%   193  870s
H10889  8712                    16537.340000 14249.2702  13.8%   193  871s
 11051  8954 15507.6886  105   33 16537.3400 14249.7125  13.8%   192  888s
 11222  8969 15815.0600  112    - 16537.3400 14249.7125  13.8%   191  890s
 11350  9123     cutoff  152      16537.3400 14251.1886  13.8%   191  903s
H11419  9118                    16535.450000 14251.9431  13.8%   191  904s
 11479  9118 15725.0138   82   47 16535.4500 14251.9431  13.8%   191  905s
 11505  9328 15982.8889  103   34 16535.4500 14253.5342  13.8%   191  919s
 11576  9333 15245.4977   51  117 16535.4500 14253.5342  13.8%   191  920s
 11796  9398 14550.1350   34  375 16535.4500 14254.2432  13.8%   190  932s
 11851  9538 14811.9488   42  298 16535.4500 14254.2432  13.8%   191  945s
 11991  9849 15140.5218   71  142 16535.4500 14254.5034  13.8%   192  960s
 12398 10039     cutoff  144      16535.4500 14255.1468  13.8%   190  977s
 12625 10199 16497.5400  125    - 16535.4500 14257.4283  13.8%   189  992s
 12819 10279     cutoff  125      16535.4500 14259.4559  13.8%   189 1006s
 12908 10436 15130.6708   50  193 16535.4500 14260.9195  13.8%   190 1020s
 13081 10526 infeasible  151      16535.4500 14261.0977  13.8%   190 1034s
 13183 10598 14651.1056   34  412 16535.4500 14261.2017  13.8%   192 1047s
 13255 10669 15487.0754   56  159 16535.4500 14261.2017  13.8%   193 1062s
 13326 10862 15587.6872   58  123 16535.4500 14261.4766  13.8%   193 1077s
 13547 11089 16425.5119   94   57 16535.4500 14263.0609  13.7%   193 1094s
 13595 11091 14805.3325   43  148 16535.4500 14263.0609  13.7%   193 1095s
 13848 11279     cutoff  148      16535.4500 14266.6691  13.7%   191 1112s
H13976 11213                    16490.940000 14267.8882  13.5%   191 1113s
 14089 11280     cutoff  115      16490.9400 14268.2186  13.5%   191 1126s
 14159 11422 15268.3883   50  265 16490.9400 14268.3448  13.5%   192 1139s
 14205 11422 16175.6726   96   22 16490.9400 14268.3448  13.5%   192 1140s
 14333 11648 15167.1909   44  266 16490.9400 14268.3628  13.5%   192 1157s
 14589 11809 15859.8254   70   75 16490.9400 14269.0088  13.5%   192 1172s
 14796 11947     cutoff   97      16490.9400 14269.6128  13.5%   191 1187s
 14961 12145 15609.6220   69  138 16490.9400 14270.9990  13.5%   192 1203s
 15112 12167 15506.1808   55   67 16490.9400 14270.9990  13.5%   191 1205s
 15239 12299     cutoff  128      16490.9400 14271.0208  13.5%   191 1219s
 15308 12299 16125.7242   97   58 16490.9400 14271.0208  13.5%   191 1220s
 15396 12398     cutoff  123      16490.9400 14272.7758  13.5%   191 1233s
 15495 12541 15323.4097   71   46 16490.9400 14273.9279  13.4%   192 1247s
H15592 11121                    16143.480000 14273.9279  11.6%   192 1247s
 15665 11269     cutoff  117      16143.4800 14274.7665  11.6%   192 1261s
 15872 11383     cutoff  114      16143.4800 14275.1613  11.6%   192 1277s
 16042 11509 14534.6146   27  384 16143.4800 14276.3859  11.6%   192 1291s
 16183 11630 15719.3144   75   85 16143.4800 14279.7607  11.5%   192 1304s
 16205 11630 15971.1804   97   62 16143.4800 14279.7607  11.5%   192 1305s
 16322 11771     cutoff  127      16143.4800 14281.4098  11.5%   193 1320s
 16486 11894     cutoff   91      16143.4800 14281.7226  11.5%   193 1334s
 16534 11894 15319.3042   62  129 16143.4800 14281.7226  11.5%   193 1335s
 16628 12076 15339.0127   65  132 16143.4800 14281.8036  11.5%   193 1349s
 16726 12079 15456.9735   52  184 16143.4800 14281.8036  11.5%   193 1350s
 16851 12212 16046.9037  133   37 16143.4800 14282.0123  11.5%   193 1364s
*16855 11914             137    16073.600000 14282.0123  11.1%   193 1364s
 16897 11914 14837.2409   57   87 16073.6000 14282.0123  11.1%   193 1365s
 17040 12042 15866.2805   96   40 16073.6000 14282.3331  11.1%   193 1380s
 17206 12157     cutoff  119      16073.6000 14283.7565  11.1%   193 1393s
 17332 12286 14992.1121   58  244 16073.6000 14286.9566  11.1%   193 1408s
H17418 12210                    16062.480000 14287.1787  11.1%   193 1409s
 17476 12371 14931.1353   38  323 16062.4800 14288.0438  11.0%   193 1422s
 17662 12542 14555.7281   29  397 16062.4800 14288.4392  11.0%   193 1438s
 17857 12658     cutoff   91      16062.4800 14289.3098  11.0%   193 1453s
 17985 12770 15066.2128   54  258 16062.4800 14290.1777  11.0%   193 1469s
 18091 12770 15621.2221   98   69 16062.4800 14290.2253  11.0%   193 1470s
 18131 12903 14877.6722   43  222 16062.4800 14290.6659  11.0%   193 1483s
 18310 13003     cutoff  109      16062.4800 14291.0343  11.0%   193 1497s
H18350 11406                    15824.670000 14291.0343  9.69%   194 1498s
H18425 11383                    15810.370000 14291.2376  9.61%   194 1511s
 18513 11518 14870.9739   36  415 15810.3700 14293.7605  9.59%   194 1526s
 18672 11628 14599.0560   31  386 15810.3700 14295.0595  9.58%   194 1541s
 18834 11732 14639.9993   32  511 15810.3700 14295.2001  9.58%   194 1555s
 18954 11839 15674.1745   84   69 15810.3700 14295.4848  9.58%   195 1570s
H19011 11734                    15794.080000 14295.4848  9.49%   195 1571s
 19088 11865 15396.9658   67  201 15794.0800 14296.0401  9.48%   195 1585s
 19244 11992 15238.9858   57  137 15794.0800 14298.4060  9.47%   196 1599s
 19315 11992 15001.4594   54  163 15794.0800 14298.4060  9.47%   196 1600s
 19403 12134 15077.4549   57  113 15794.0800 14299.5227  9.46%   196 1615s
 19569 12246     cutoff   99      15794.0800 14299.7881  9.46%   196 1630s
 19697 12326 15361.6665   68  121 15794.0800 14300.2765  9.46%   196 1644s
 19769 12326     cutoff  101      15794.0800 14300.6930  9.46%   196 1645s
 19799 12433 14623.9013   33  384 15794.0800 14300.6930  9.46%   197 1659s
 19906 12616 14818.2514   56   31 15794.0800 14300.8390  9.45%   198 1676s
 20160 12706     cutoff  111      15794.0800 14301.0932  9.45%   197 1692s
 20250 12861 15105.2795   58  222 15794.0800 14301.6480  9.45%   197 1706s
 20431 12945 14928.9446   55  148 15794.0800 14302.6678  9.44%   197 1721s
 20529 13143 14632.3243   37  432 15794.0800 14304.4715  9.43%   198 1738s
 20778 13297 14840.7860   53  250 15794.0800 14304.7327  9.43%   198 1754s
 20822 13297 14958.0707   75  115 15794.0800 14304.7327  9.43%   198 1755s
 20957 13388 15405.3523   99   20 15794.0800 14306.0564  9.42%   198 1769s
 21016 13390 15214.1737   59  212 15794.0800 14306.0564  9.42%   198 1770s
 21070 13484 15564.1900  102    - 15794.0800 14309.3701  9.40%   198 1784s
 21188 13631 15728.6027  102    7 15794.0800 14310.9047  9.39%   199 1799s
 21260 13631 15659.7194   79   36 15794.0800 14310.9047  9.39%   199 1800s
 21381 13735 14430.9893   22  482 15794.0800 14311.9595  9.38%   199 1815s
 21501 13872 14402.1486   26  459 15794.0800 14312.3125  9.38%   199 1832s
H21638 13961                    15792.450000 14312.3125  9.37%   200 1847s
 21768 14124 14920.9869   43  176 15792.4500 14312.3125  9.37%   200 1864s
 21847 14131 15208.0040   81   29 15792.4500 14312.3125  9.37%   200 1865s
 21978 14294 15129.6957   70   82 15792.4500 14312.9906  9.37%   200 1881s
 22193 14428     cutoff  160      15792.4500 14314.9146  9.36%   200 1897s
 22349 14570 14467.2461   27  474 15792.4500 14315.2482  9.35%   200 1912s
 22499 14622 15714.2649   95   86 15792.4500 14315.4705  9.35%   200 1927s
 22573 14774 14719.1925   39  301 15792.4500 14316.8126  9.34%   201 1942s
 22730 14969 15000.5261   77  163 15792.4500 14317.3525  9.34%   201 1959s
 22801 14969 15374.3858  102   93 15792.4500 14317.3525  9.34%   201 1960s
 23000 15116 14682.9542   39  198 15792.4500 14318.6303  9.33%   201 1975s
 23164 15200     cutoff  115      15792.4500 14319.8533  9.32%   201 1990s
 23259 15304 15285.5699   61  223 15792.4500 14321.5806  9.31%   201 2005s
 23401 15427 14634.2414   47  402 15792.4500 14321.6699  9.31%   201 2020s
 23538 15544 15118.4198   74   71 15792.4500 14322.2350  9.31%   202 2038s
 23673 15728 infeasible  112      15792.4500 14322.4715  9.31%   202 2055s
 23882 15852 15439.1496   67  219 15792.4500 14323.4284  9.30%   202 2071s
 24026 15928 14863.4005   47  352 15792.4500 14323.6249  9.30%   202 2086s
 24127 15993 14660.0626   27  394 15792.4500 14324.0548  9.30%   203 2100s
H24251 16099                    15790.450000 14324.6837  9.28%   203 2116s
 24398 16240     cutoff   81      15790.4500 14325.4714  9.28%   203 2132s
 24560 16357 14507.6686   28  502 15790.4500 14326.0710  9.27%   204 2149s
 24642 16357 15773.8491   92   33 15790.4500 14326.3181  9.27%   204 2150s
 24717 16475 14407.1519   27  440 15790.4500 14326.6726  9.27%   204 2165s
H24839 16494                    15779.890000 14326.6726  9.21%   204 2181s
 24973 16599 infeasible   94      15779.8900 14326.9317  9.21%   205 2197s
 25128 16726 infeasible   98      15779.8900 14328.9289  9.20%   205 2215s
 25282 16812 14434.0897   20  518 15779.8900 14329.3397  9.19%   205 2231s
 25378 16942 15251.1861   50  289 15779.8900 14329.7469  9.19%   205 2247s
 25531 17014 15318.4278   57  166 15779.8900 14330.5257  9.18%   206 2267s
 25615 17151 14618.4653   29  391 15779.8900 14331.5540  9.18%   206 2282s
 25785 17197     cutoff   93      15779.8900 14331.9034  9.18%   206 2297s
 25839 17339 14939.0942   39  153 15779.8900 14333.2617  9.17%   207 2314s
 25997 17511 15345.2930   81   16 15779.8900 14334.6605  9.16%   207 2330s
 26258 17658 15597.7550   89   12 15779.8900 14335.9760  9.15%   206 2346s
 26431 17777 15640.9600   96    - 15779.8900 14336.8238  9.14%   206 2363s
 26594 17825 15698.6433   96   23 15779.8900 14338.0282  9.14%   206 2378s
*26599 17712             100    15766.670000 14338.0282  9.06%   206 2378s
 26660 17789 14666.0698   42  269 15766.6700 14338.0548  9.06%   207 2392s
 26737 18042 14957.5640   61  209 15766.6700 14338.2122  9.06%   208 2411s
 27090 18116 15736.4325  125    9 15766.6700 14338.8180  9.06%   207 2429s
 27177 18201 14791.4555   34  201 15766.6700 14339.4184  9.05%   207 2443s
 27281 18319 15332.6668   71  253 15766.6700 14340.0463  9.05%   207 2458s
 27401 18319 15520.5544   72   49 15766.6700 14340.7626  9.04%   208 2460s
 27427 18450 14959.3357   62  149 15766.6700 14340.7712  9.04%   208 2474s
 27509 18450 14482.8166   24  376 15766.6700 14340.8504  9.04%   208 2475s
 27585 18544 14771.4656   37  166 15766.6700 14340.8504  9.04%   208 2491s
H27601 18147                    15726.180000 14340.8504  8.81%   208 2491s
 27679 18312 15185.3072   67  102 15726.1800 14341.4242  8.81%   208 2508s
 27839 18312 15001.3656   58   63 15726.1800 14341.4242  8.81%   208 2510s
 27866 18431 15205.2762   56  175 15726.1800 14341.9125  8.80%   208 2525s
 28037 18561 infeasible  106      15726.1800 14342.0706  8.80%   208 2541s
 28178 18715 14927.2980   48  320 15726.1800 14342.4470  8.80%   208 2557s
 28356 18832 14926.7277   48  284 15726.1800 14342.9543  8.80%   208 2574s
 28378 18832 15319.7485   70   73 15726.1800 14342.9543  8.80%   208 2575s
 28507 18903     cutoff   97      15726.1800 14343.1035  8.79%   208 2592s
 28578 18985 15412.6936   39  205 15726.1800 14343.3320  8.79%   209 2608s
 28688 19040 14704.0138   32  295 15726.1800 14343.7477  8.79%   209 2623s
 28742 19175 14901.4326   41  336 15726.1800 14343.7477  8.79%   210 2639s
 28846 19175 15553.8081   54   48 15726.1800 14343.7477  8.79%   210 2640s
 28892 19300 15578.3415   64  135 15726.1800 14344.0422  8.79%   210 2656s
 29079 19398 15488.6628   58  135 15726.1800 14344.8947  8.78%   210 2672s
 29179 19536 14983.6432   58  114 15726.1800 14345.6449  8.78%   210 2688s
 29362 19601     cutoff  100      15726.1800 14346.4749  8.77%   210 2704s
 29446 19718 15424.0470   59   12 15726.1800 14347.4269  8.77%   211 2722s
 29567 19840 14616.9477   30  471 15726.1800 14347.4269  8.77%   211 2738s
 29690 19843 15546.5400  109    - 15726.1800 14347.4269  8.77%   211 2740s
 29727 19935 14793.6732   35  393 15726.1800 14347.7496  8.77%   211 2755s
 29846 20058 14771.0388   28  202 15726.1800 14348.3164  8.76%   211 2771s
 29986 20128     cutoff   74      15726.1800 14349.1277  8.76%   211 2786s
 30065 20163 14495.0285   33  385 15726.1800 14350.0217  8.75%   212 2804s
 30100 20313 14586.6294   37  402 15726.1800 14350.0217  8.75%   212 2823s
 30292 20445 14945.1717   53  150 15726.1800 14350.9813  8.74%   212 2841s
 30460 20489 14762.0983   34  441 15726.1800 14351.1247  8.74%   212 3035s
 30506 20600 15485.4134   57  330 15726.1800 14351.2502  8.74%   213 3053s
 30638 20704 15132.7401   49   94 15726.1800 14351.5013  8.74%   213 3071s
 30773 20820 15238.0177   54  242 15726.1800 14351.8362  8.74%   213 3090s
 30932 20959 15198.1727   57  282 15726.1800 14352.3881  8.74%   214 3108s
 31081 21097 15129.0254   54  201 15726.1800 14352.4471  8.74%   214 3129s
 31201 21097 14658.9589   42  142 15726.1800 14352.4568  8.74%   214 3130s
 31284 21199 15098.3934   49  215 15726.1800 14352.5321  8.73%   214 3146s
 31401 21340 14864.5051   45  364 15726.1800 14352.8109  8.73%   214 3165s
 31575 21392     cutoff  112      15726.1800 14353.8048  8.73%   214 3184s
H31602 20284                    15638.590000 14353.8048  8.22%   215 3184s
 31634 20455 14805.6734   35  204 15638.5900 14353.8296  8.22%   215 3204s
 31672 20455 15188.1830   48  166 15638.5900 14353.8296  8.22%   215 3205s
 31825 20563 15464.1011   62   98 15638.5900 14353.9987  8.21%   215 3224s
 31903 20563 15292.0896   65   80 15638.5900 14354.1352  8.21%   215 3225s
 31953 20702 14815.9761   28  274 15638.5900 14354.1352  8.21%   215 3244s
 32025 20705 15045.8491   68    4 15638.5900 14354.1352  8.21%   215 3245s
 32128 20879 15175.1631   57   58 15638.5900 14354.2417  8.21%   215 3265s
 32361 21005     cutoff  107      15638.5900 14354.4448  8.21%   215 3283s
 32514 21107 14498.9485   27  364 15638.5900 14354.5162  8.21%   216 3301s
 32626 21232 15237.1900   68  203 15638.5900 14354.6644  8.21%   216 3318s
 32784 21277 15521.1535   73   97 15638.5900 14355.6660  8.20%   216 3336s
 32849 21359 15024.2277   31  234 15638.5900 14356.1168  8.20%   217 3353s
 32950 21421 14613.3921   25  343 15638.5900 14356.2459  8.20%   217 3373s
 33030 21486     cutoff   63      15638.5900 14356.6050  8.20%   217 3391s
 33120 21604 14573.7078   31  438 15638.5900 14357.7494  8.19%   218 3408s
 33270 21694 14567.4631   32  435 15638.5900 14358.1391  8.19%   218 3428s
H33337 21408                    15617.590000 14358.1391  8.06%   218 3428s
 33390 21458 14635.3677   22  515 15617.5900 14358.2424  8.06%   218 3445s
 33440 21609 14871.3781   33  195 15617.5900 14358.2424  8.06%   219 3463s
 33556 21609 15167.3558   71   79 15617.5900 14358.2424  8.06%   219 3465s
 33591 21724 15024.6275   62   65 15617.5900 14358.6327  8.06%   219 3483s
 33767 21822 14723.8269   29  314 15617.5900 14359.1302  8.06%   219 3501s
 33854 22073 14949.4554   48   91 15617.5900 14359.2413  8.06%   220 3524s
 33898 22073 15176.8493   69   67 15617.5900 14359.2413  8.06%   220 3525s
 34178 22161     cutoff  111      15617.5900 14359.3285  8.06%   219 3545s
 34267 22229 15352.4949   62  218 15617.5900 14359.4967  8.06%   220 3564s
 34372 22343 14490.2756   23  486 15617.5900 14360.3313  8.05%   220 3585s
 34506 22383 15543.7700   86   12 15617.5900 14360.5768  8.05%   221 3600s

Cutting planes:
  User: 2669
  Gomory: 31
  Cover: 491
  Implied bound: 90
  Projected implied bound: 1
  Clique: 15
  MIR: 191
  StrongCG: 1
  Flow cover: 463
  Zero half: 69
  RLT: 407
  Relax-and-lift: 22
  Lazy constraints: 5791

Explored 34557 nodes (7648333 simplex iterations) in 3600.52 seconds
Thread count was 2 (of 32 available processors)

Solution count 10: 15617.6 15638.6 15726.2 ... 15824.7

Time limit reached
Best objective 1.561759000000e+04, best bound 1.436057683514e+04, gap 8.0487%

User-callback calls 353937, time in user-callback 234.10 sec
================================================================================
executing instance: ./input/Instances/Original/2/absH3high_4n10.dat
--------------------------------------------------------------------------------
Instance details
n	11
H	3
C	822
Li:
[0, 0, 0, 0, 0, 0, 0, 0, 0, 0, 0, ]
Ui:
[0, 102, 52, 88, 182, 153, 138, 38, 165, 297, 86, ]
Distance matrix:
|0	285	411	382	327	239	148	256	307	36	383	|
|285	0	352	98	249	103	227	235	120	268	209	|
|411	352	0	395	106	430	263	549	234	429	174	|
|382	98	395	0	302	173	320	288	168	364	227	|
|327	249	106	302	0	324	179	444	135	339	109	|
|239	103	430	173	324	0	241	132	212	212	305	|
|148	227	263	320	179	241	0	325	192	165	249	|
|256	235	549	288	444	132	325	0	342	220	436	|
|307	120	234	168	135	212	192	342	0	304	94	|
|36	268	429	364	339	212	165	220	304	0	386	|
|383	209	174	227	109	305	249	436	94	386	0	|

--------------------------------------------------------------------------------
Building model...
	using lazy and cut (CVRPSEP package)
Solving IRP LP...
--------------------------------------------------------------------------------

Gurobi 9.1.0 (linux64) logging started Sat Jan 23 11:39:08 2021

Gurobi Optimizer version 9.1.0 build v9.1.0rc0 (linux64)
Thread count: 32 physical cores, 32 logical processors, using up to 2 threads
Optimize a model with 380 rows, 956 columns and 2693 nonzeros
Model fingerprint: 0x9cdee28f
Variable types: 164 continuous, 792 integer (132 binary)
Coefficient statistics:
  Matrix range     [1e+00, 3e+02]
  Objective range  [2e-01, 5e+02]
  Bounds range     [1e+00, 3e+02]
  RHS range        [2e+01, 1e+03]
Presolve removed 78 rows and 125 columns
Presolve time: 0.01s
Presolved: 302 rows, 831 columns, 2118 nonzeros
Variable types: 138 continuous, 693 integer (582 binary)
Found heuristic solution: objective 7919.5700000

Root relaxation: objective 4.199131e+03, 522 iterations, 0.01 seconds

    Nodes    |    Current Node    |     Objective Bounds      |     Work
 Expl Unexpl |  Obj  Depth IntInf | Incumbent    BestBd   Gap | It/Node Time

     0     0 4199.13065    0   56 7919.57000 4199.13065  47.0%     -    0s
H    0     0                    7859.5700000 4199.13065  46.6%     -    0s
     0     0 4460.74130    0   60 7859.57000 4460.74130  43.2%     -    0s
     0     0 4501.06482    0   75 7859.57000 4501.06482  42.7%     -    0s
     0     0 4501.74574    0   89 7859.57000 4501.74574  42.7%     -    0s
     0     0 4502.62975    0   91 7859.57000 4502.62975  42.7%     -    0s
     0     0 4576.30960    0   81 7859.57000 4576.30960  41.8%     -    0s
     0     0 4644.53199    0   71 7859.57000 4644.53199  40.9%     -    0s
     0     0 4655.71202    0   73 7859.57000 4655.71202  40.8%     -    0s
     0     0 4656.70364    0   81 7859.57000 4656.70364  40.8%     -    0s
     0     0 4657.03071    0   85 7859.57000 4657.03071  40.7%     -    0s
     0     0 4698.75493    0  110 7859.57000 4698.75493  40.2%     -    0s
     0     0 4699.86488    0  110 7859.57000 4699.86488  40.2%     -    0s
     0     0 4700.11764    0  111 7859.57000 4700.11764  40.2%     -    0s
     0     0 4713.76074    0  104 7859.57000 4713.76074  40.0%     -    0s
     0     0 4713.94851    0  107 7859.57000 4713.94851  40.0%     -    0s
     0     0 4722.67724    0  121 7859.57000 4722.67724  39.9%     -    0s
