




arguments: ./build/bc_mirp -f ./input/orig_exec_159.cfg
Current dir: /scratch/gui/bc_mirp
File verbosity level: 9
date       time         ( uptime  ) [ thread name/id ]                   file:line     v| 
2021-02-08 06:29:28.505 (   0.254s) [main thread     ]             loguru.cpp:789   INFO| Logging to './output/vi_vc+hc1_half/OU/V3/Original/execution_08_02_2021_06_29_28.log', mode: 'a', verbosity: 9
--------------------------------------------------------------------------------
Parameters
                           instance_path           ./input/Instances/Original/4/
                            model_policy                                       1
                             nb_vehicles                                       3
                              output_dir ./output/vi_vc+hc1_half/OU/V3/Original/
                            sec_strategy                                       1
                       solver_nb_threads                                       2
                         solver_show_log                                    true
                       solver_time_limit                                    3600
                              use_vi_cos                                   false
                              use_vi_cus                                   false
                         use_vi_hc1_full                                   false
                         use_vi_hc1_half                                    true
                      use_vi_hc1_quarter                                   false
                              use_vi_hc2                                   false
                              use_vi_hc3                                   false
                         use_vi_lex_full                                   false
                         use_vi_lex_half                                   false
                      use_vi_lex_quarter                                   false
                              use_vi_qua                                   false
                               use_vi_vc                                    true
                               use_vi_vr                                   false
--------------------------------------------------------------------------------
executing instance: ./input/Instances/Original/4/absH3low_3n30.dat
--------------------------------------------------------------------------------
Instance details
n	31
H	3
C	2841
Li:
[0, 0, 0, 0, 0, 0, 0, 0, 0, 0, 0, 0, 0, 0, 0, 0, 0, 0, 0, 0, 0, 0, 0, 0, 0, 0, 0, 0, 0, 0, 0, ]
Ui:
[0, 246, 98, 54, 144, 171, 192, 180, 165, 98, 122, 198, 297, 144, 130, 129, 219, 138, 142, 150, 108, 66, 64, 285, 180, 204, 276, 168, 240, 198, 122, ]
Distance matrix:
|0	172	56	166	260	198	42	197	296	110	91	112	238	275	323	183	330	232	175	181	162	191	232	280	201	139	356	185	266	216	26	|
|172	0	178	223	320	335	153	355	444	62	231	99	333	376	214	352	176	235	194	106	47	41	353	161	299	175	225	43	326	374	153	|
|56	178	0	110	204	162	93	233	336	125	144	148	187	226	358	180	313	284	123	152	182	185	282	252	256	88	329	177	210	251	42	|
|166	223	110	0	102	150	199	327	431	194	253	237	113	156	431	228	296	386	44	140	248	208	389	218	366	48	287	200	108	344	148	|
|260	320	204	102	0	156	296	391	493	296	340	339	66	90	531	263	362	486	127	226	349	300	469	278	454	148	334	292	6	406	245	|
|198	335	162	150	156	0	239	255	351	286	245	307	93	106	518	111	442	423	194	280	344	335	349	367	352	182	437	327	158	266	199	|
|42	153	93	199	296	239	0	203	296	91	82	76	278	316	284	217	322	191	201	186	133	180	217	281	177	165	356	175	302	222	52	|
|197	355	233	327	391	255	203	0	104	294	125	266	340	361	436	151	524	276	352	377	330	383	109	477	146	319	553	377	395	19	222	|
|296	444	336	431	493	351	296	104	0	384	214	348	440	456	488	241	617	315	456	476	412	475	113	575	176	422	651	470	497	88	322	|
|110	62	125	194	296	286	91	294	384	0	171	55	298	340	238	292	233	210	176	118	58	91	298	201	248	148	273	87	302	313	94	|
|91	231	144	253	340	245	82	125	214	171	0	141	307	339	324	184	403	187	266	266	204	261	140	363	114	230	438	256	346	144	116	|
|112	99	148	237	339	307	76	266	348	55	141	0	332	373	212	292	275	156	225	173	64	137	254	253	200	194	322	135	345	284	108	|
|238	333	187	113	66	93	278	340	440	298	307	332	0	43	536	203	404	469	153	253	354	321	427	322	420	160	385	313	67	353	229	|
|275	376	226	156	90	106	316	361	456	340	339	373	43	0	578	216	443	507	194	295	397	364	453	361	451	203	421	356	88	372	268	|
|323	214	358	431	531	518	284	436	488	238	324	212	536	578	0	498	309	176	407	320	183	245	376	344	312	383	379	251	537	451	319	|
|183	352	180	228	263	111	217	151	241	292	184	292	203	216	498	0	492	371	266	328	345	364	255	426	272	242	501	356	266	159	198	|
|330	176	313	296	362	442	322	524	617	233	403	275	404	443	309	492	0	397	253	164	218	142	529	84	475	260	72	147	367	543	306	|
|232	235	284	386	486	423	191	276	315	210	187	156	469	507	176	371	397	0	379	327	188	276	202	396	139	346	456	277	492	289	242	|
|175	194	123	44	127	194	201	352	456	176	266	225	153	194	407	266	253	379	0	101	225	174	405	174	375	36	244	166	133	370	152	|
|181	106	152	140	226	280	186	377	476	118	266	173	253	295	320	328	164	327	101	0	148	76	403	100	360	98	177	69	232	396	155	|
|162	47	182	248	349	344	133	330	412	58	204	64	354	397	183	345	218	188	225	148	0	89	316	208	259	201	270	90	355	348	149	|
|191	41	185	208	300	335	180	383	475	91	261	137	321	364	245	364	142	276	174	76	89	0	388	119	336	162	185	8	306	402	169	|
|232	353	282	389	469	349	217	109	113	298	140	254	427	453	376	255	529	202	405	403	316	388	0	497	64	369	570	384	474	112	256	|
|280	161	252	218	278	367	281	477	575	201	363	253	322	361	344	426	84	396	174	100	208	119	497	0	449	187	77	119	283	496	255	|
|201	299	256	366	454	352	177	146	176	248	114	200	420	451	312	272	475	139	375	360	259	336	64	449	0	339	521	333	460	156	223	|
|139	175	88	48	148	182	165	319	422	148	230	194	160	203	383	242	260	346	36	98	201	162	369	187	339	0	260	153	154	337	116	|
|356	225	329	287	334	437	356	553	651	273	438	322	385	421	379	501	72	456	244	177	270	185	570	77	521	260	0	187	338	572	331	|
|185	43	177	200	292	327	175	377	470	87	256	135	313	356	251	356	147	277	166	69	90	8	384	119	333	153	187	0	298	396	163	|
|266	326	210	108	6	158	302	395	497	302	346	345	67	88	537	266	367	492	133	232	355	306	474	283	460	154	338	298	0	410	251	|
|216	374	251	344	406	266	222	19	88	313	144	284	353	372	451	159	543	289	370	396	348	402	112	496	156	337	572	396	410	0	241	|
|26	153	42	148	245	199	52	222	322	94	116	108	229	268	319	198	306	242	152	155	149	169	256	255	223	116	331	163	251	241	0	|

--------------------------------------------------------------------------------
Building model...
	using lazy and cut (CVRPSEP package)
Solving IRP LP...
--------------------------------------------------------------------------------

Gurobi 9.1.0 (linux64) logging started Mon Feb  8 06:29:28 2021

Gurobi Optimizer version 9.1.0 build v9.1.0rc0 (linux64)
Thread count: 32 physical cores, 32 logical processors, using up to 2 threads
Optimize a model with 1045 rows, 4858 columns and 12400 nonzeros
Model fingerprint: 0x4a8192fe
Variable types: 394 continuous, 4464 integer (279 binary)
Coefficient statistics:
  Matrix range     [1e+00, 9e+02]
  Objective range  [1e-02, 7e+02]
  Bounds range     [1e+00, 3e+02]
  RHS range        [1e+00, 5e+03]
Presolve removed 301 rows and 406 columns
Presolve time: 0.09s
Presolved: 744 rows, 4452 columns, 10748 nonzeros
Variable types: 235 continuous, 4217 integer (3939 binary)

Root relaxation: objective 2.359034e+03, 771 iterations, 0.02 seconds

    Nodes    |    Current Node    |     Objective Bounds      |     Work
 Expl Unexpl |  Obj  Depth IntInf | Incumbent    BestBd   Gap | It/Node Time

     0     0 2359.03397    0   88          - 2359.03397      -     -    0s
     0     0 2594.76583    0   94          - 2594.76583      -     -    0s
     0     0 3119.11802    0  103          - 3119.11802      -     -    0s
     0     0 3176.58765    0  139          - 3176.58765      -     -    0s
     0     0 3176.65018    0  140          - 3176.65018      -     -    0s
     0     0 3250.47600    0  191          - 3250.47600      -     -    1s
     0     0 3365.65756    0  259          - 3365.65756      -     -    1s
     0     0 3404.35967    0  205          - 3404.35967      -     -    1s
     0     0 3407.01163    0  218          - 3407.01163      -     -    1s
     0     0 3418.49005    0  235          - 3418.49005      -     -    1s
     0     0 3436.55664    0  238          - 3436.55664      -     -    1s
     0     0 3442.22583    0  238          - 3442.22583      -     -    1s
     0     0 3443.89709    0  234          - 3443.89709      -     -    1s
     0     0 3443.99807    0  239          - 3443.99807      -     -    1s
     0     0 3480.02900    0  207          - 3480.02900      -     -    1s
     0     0 3494.07282    0  288          - 3494.07282      -     -    1s
     0     0 3494.27051    0  243          - 3494.27051      -     -    1s
     0     0 3500.13134    0  286          - 3500.13134      -     -    1s
     0     0 3501.10195    0  298          - 3501.10195      -     -    1s
     0     0 3504.21127    0  259          - 3504.21127      -     -    1s
     0     0 3504.21127    0  255          - 3504.21127      -     -    2s
     0     2 3514.81507    0  307          - 3514.81507      -     -    2s
   102   121 4003.69406   27   69          - 3536.75548      -   199    5s
H  504   502                    8045.8700000 3539.23745  56.0%  72.9    8s
*  518   503             180    7958.1100000 3539.23745  55.5%  71.2    8s
   582   520 4052.99282   10  142 7958.11000 3539.23745  55.5%  82.0   10s
H  675   311                    4906.7000000 3539.23745  27.9%  98.6   14s
H  683   310                    4878.8800000 3539.23745  27.5%  98.0   14s
H  736   343                    4760.8800000 3539.23745  25.7%  94.0   15s
   758   358 3764.94485   15  358 4760.88000 3663.13672  23.1%  91.2   20s
H  766   346                    4648.3900000 3663.16392  21.2%  97.8   21s
   778   354 3677.39078   10  357 4648.39000 3663.16392  21.2%  96.3   25s
   785   361 3697.68937   25  360 4648.39000 3681.44216  20.8%   103   30s
   879   430 3958.57090   41  144 4648.39000 3681.44216  20.8%   111   35s
  1025   514 4080.50111   73  178 4648.39000 3681.44216  20.8%   120   40s
H 1046   487                    4444.3900000 3681.44216  17.2%   121   41s
  1169   557 4298.31767  114  150 4444.39000 3681.44216  17.2%   123   45s
  1358   618 3965.27318   40  132 4444.39000 3754.20405  15.5%   123   50s
  1642   748 4154.76677   54  162 4444.39000 3767.91583  15.2%   117   55s
  1773   756     cutoff   62      4444.39000 3769.63583  15.2%   120   60s
H 1775   746                    4432.0300000 3769.63583  14.9%   120   60s
  1898   844     cutoff   42      4432.03000 3790.92523  14.5%   123   65s
H 1957   878                    4411.7300000 3799.36897  13.9%   123   67s
H 2004   874                    4408.4100000 3799.69166  13.8%   122   68s
  2048   903 4076.76709   30  333 4408.41000 3805.86682  13.7%   123   70s
  2163   979 4358.18192   59  208 4408.41000 3814.02081  13.5%   127   75s
  2273  1053 4086.21963   34  158 4408.41000 3836.44233  13.0%   130   80s
  2429  1159 3968.46534   34  423 4408.41000 3842.48810  12.8%   130   86s
  2518  1256 4071.09884   38  291 4408.41000 3850.41305  12.7%   131   90s
  2727  1352 4238.43413   44  197 4408.41000 3858.37867  12.5%   132   96s
  2829  1402 4309.82612   50  101 4408.41000 3860.77515  12.4%   134  100s
  2942  1445 4207.50460   37  264 4408.41000 3877.07936  12.1%   135  105s
  3028  1496 4101.01355   32  261 4408.41000 3880.38228  12.0%   137  110s
  3117  1529 4385.04703   37  291 4408.41000 3884.29744  11.9%   140  115s
H 3160  1465                    4380.4100000 3885.02517  11.3%   141  115s
  3198  1538 4242.39846   43  235 4380.41000 3891.57486  11.2%   143  120s
  3353  1598 4110.74132   27  236 4380.41000 3906.58350  10.8%   144  125s
  3485  1647     cutoff   44      4380.41000 3914.54603  10.6%   146  131s
  3595  1692 4213.46455   53   27 4380.41000 3922.17058  10.5%   147  135s
  3709  1714 4280.22118   42  354 4380.41000 3927.90018  10.3%   148  142s
  3770  1724 4156.70799   33  304 4380.41000 3936.47213  10.1%   150  145s
  3870  1761 4142.50249   48  279 4380.41000 3950.26038  9.82%   153  162s
  3937  1785     cutoff   42      4380.41000 3950.48685  9.81%   154  166s
  4007  1805 4357.16753   42  321 4380.41000 3950.89921  9.81%   153  170s
  4172  1840     cutoff   40      4380.41000 3963.14861  9.53%   155  178s
H 4236  1834                    4373.4100000 3968.55463  9.26%   157  182s
  4288  1864 4362.88119   46  165 4373.41000 3972.75887  9.16%   159  186s
  4372  1880 4258.79925   35  273 4373.41000 3976.58251  9.07%   160  190s
  4545  1900 4239.13510   40  274 4373.41000 3983.41034  8.92%   163  198s
  4619  1930     cutoff   42      4373.41000 3988.19150  8.81%   164  203s
  4730  2000 4171.66957   34  252 4373.41000 3998.55634  8.57%   165  207s
  4873  2015 infeasible   56      4373.41000 4000.90780  8.52%   165  213s
  4952  2015     cutoff   48      4373.41000 4005.24655  8.42%   167  219s
  5042  2027 4337.47667   36   51 4373.41000 4008.34441  8.35%   167  223s
  5131  2040     cutoff   40      4373.41000 4015.83196  8.18%   168  228s
  5219  2063 4326.86177   62  232 4373.41000 4021.81850  8.04%   170  234s
  5307  2070     cutoff   49      4373.41000 4024.53276  7.98%   171  240s
  5397  2111     cutoff   31      4373.41000 4030.15211  7.85%   172  246s
H 5448  2064                    4366.4100000 4030.15211  7.70%   173  246s
  5518  2076 4115.93312   31  271 4366.41000 4035.39521  7.58%   173  252s
  5616  2101 4213.08651   39  207 4366.41000 4038.78490  7.50%   175  258s
  5729  2134 4330.61528   49  155 4366.41000 4042.90494  7.41%   176  265s
  5862  2164     cutoff   49      4366.41000 4047.28025  7.31%   177  272s
  5997  2195 4267.28155   34  156 4366.41000 4052.48968  7.19%   178  278s
  6143  2216     cutoff   49      4366.41000 4056.77540  7.09%   178  284s
  6273  2243 4233.44529   38  192 4366.41000 4061.39079  6.99%   178  291s
  6396  2259     cutoff   34      4366.41000 4068.66494  6.82%   179  297s
  6522  2279     cutoff   42      4366.41000 4073.67771  6.70%   180  304s
  6627  2294 4278.98103   35  330 4366.41000 4077.17076  6.62%   181  311s
  6774  2324 4335.17340   47  321 4366.41000 4080.52179  6.55%   182  318s
  6924  2395     cutoff   33      4366.41000 4088.92632  6.35%   182  326s
* 7069  2262              69    4348.7300000 4090.77680  5.93%   182  327s
  7079  2290     cutoff   37      4348.73000 4091.77845  5.91%   182  333s
H 7081  2242                    4344.0000000 4091.77845  5.81%   182  333s
  7220  2282 4285.33823   35  211 4344.00000 4095.37806  5.72%   183  342s
  7394  2285 4182.87815   33  306 4344.00000 4100.45290  5.61%   183  351s
H 7458  2204                    4336.0000000 4106.76376  5.29%   184  351s
  7530  2202     cutoff   45      4336.00000 4107.21169  5.28%   184  359s
  7678  2224 4157.60655   37  302 4336.00000 4112.81151  5.15%   186  368s
H 7825  2190                    4334.0000000 4115.25081  5.05%   186  378s
  7941  2188 4299.07796   33  220 4334.00000 4120.59593  4.92%   187  386s
  8072  2182 4169.07087   33  297 4334.00000 4126.62257  4.78%   188  395s
H 8181  2110                    4327.0000000 4129.84125  4.56%   188  395s
  8229  2103     cutoff   51      4327.00000 4129.98223  4.55%   189  403s
  8354  2102 4277.81956   37  297 4327.00000 4135.02148  4.44%   189  419s
  8500  2108     cutoff   38      4327.00000 4139.77805  4.33%   190  429s
  8667  2099 4283.41099   37  275 4327.00000 4144.93467  4.21%   191  438s
  8860  2094 4250.91327   38  326 4327.00000 4152.69476  4.03%   191  447s
  9042  2089     cutoff   37      4327.00000 4157.65032  3.91%   191  458s
  9212  2048     cutoff   33      4327.00000 4163.86392  3.77%   192  468s
  9361  2044     cutoff   38      4327.00000 4169.21853  3.65%   193  479s
  9588  2015 infeasible   35      4327.00000 4174.64745  3.52%   193  490s
* 9733  1936              36    4320.4100000 4183.57215  3.17%   193  491s
  9764  1893     cutoff   42      4320.41000 4183.74851  3.16%   193  501s
 10006  1881 4202.65329   32  165 4320.41000 4192.03823  2.97%   193  510s
 10188  1858     cutoff   37      4320.41000 4194.89430  2.91%   193  521s
 10436  1800     cutoff   37      4320.41000 4202.92291  2.72%   192  530s
 10630  1773     cutoff   37      4320.41000 4207.52229  2.61%   193  541s
 10934  1708     cutoff   48      4320.41000 4215.43414  2.43%   191  550s
*11034  1635              39    4315.4100000 4215.43414  2.32%   191  550s
 11192  1614     cutoff   34      4315.41000 4220.96966  2.19%   191  559s
 11529  1545 4294.06161   47  108 4315.41000 4227.74665  2.03%   189  568s
 11767  1474 4300.48208   38  192 4315.41000 4235.32161  1.86%   188  578s
 11985  1363     cutoff   35      4315.41000 4242.08920  1.70%   187  587s
 12227  1279     cutoff   43      4315.41000 4250.27063  1.51%   185  596s
*12399  1261              49    4313.4100000 4250.27063  1.46%   184  596s
 12617  1127     cutoff   35      4313.41000 4256.79002  1.31%   182  605s
*12912   175              46    4272.4100000 4264.43402  0.19%   180  605s

Cutting planes:
  User: 3784
  Gomory: 18
  Cover: 219
  Implied bound: 117
  Projected implied bound: 6
  Clique: 16
  MIR: 69
  StrongCG: 1
  Flow cover: 161
  GUB cover: 1
  Zero half: 5
  RLT: 131
  Relax-and-lift: 1
  Lazy constraints: 240

Explored 13131 nodes (2337589 simplex iterations) in 607.84 seconds
Thread count was 2 (of 32 available processors)

Solution count 10: 4272.41 4313.41 4315.41 ... 4366.41

Optimal solution found (tolerance 1.00e-04)
Best objective 4.272410000000e+03, best bound 4.272410000000e+03, gap 0.0000%

User-callback calls 75933, time in user-callback 41.28 sec
================================================================================
executing instance: ./input/Instances/Original/4/absH3low_3n10.dat
--------------------------------------------------------------------------------
Instance details
n	11
H	3
C	687
Li:
[0, 0, 0, 0, 0, 0, 0, 0, 0, 0, 0, ]
Ui:
[0, 189, 44, 174, 78, 36, 198, 117, 42, 96, 240, ]
Distance matrix:
|0	209	255	286	142	156	285	317	182	161	135	|
|209	0	464	451	315	356	490	469	361	299	260	|
|255	464	0	221	202	130	74	280	189	254	273	|
|286	451	221	0	145	156	164	479	354	153	192	|
|142	315	202	145	0	73	194	388	250	53	73	|
|156	356	130	156	73	0	134	332	200	127	144	|
|285	490	74	164	194	134	0	353	256	239	267	|
|317	469	280	479	388	332	353	0	141	436	430	|
|182	361	189	354	250	200	256	141	0	296	289	|
|161	299	254	153	53	127	239	436	296	0	39	|
|135	260	273	192	73	144	267	430	289	39	0	|

--------------------------------------------------------------------------------
Building model...
	using lazy and cut (CVRPSEP package)
Solving IRP LP...
--------------------------------------------------------------------------------

Gurobi 9.1.0 (linux64) logging started Mon Feb  8 06:39:43 2021

Gurobi Optimizer version 9.1.0 build v9.1.0rc0 (linux64)
Thread count: 32 physical cores, 32 logical processors, using up to 2 threads
Optimize a model with 365 rows, 728 columns and 2210 nonzeros
Model fingerprint: 0xe3f3c8f0
Variable types: 134 continuous, 594 integer (99 binary)
Coefficient statistics:
  Matrix range     [1e+00, 2e+02]
  Objective range  [1e-02, 5e+02]
  Bounds range     [1e+00, 2e+02]
  RHS range        [1e+00, 1e+03]
Presolve removed 121 rows and 146 columns
Presolve time: 0.03s
Presolved: 244 rows, 582 columns, 1616 nonzeros
Variable types: 75 continuous, 507 integer (420 binary)
Found heuristic solution: objective 5497.2000000

Root relaxation: objective 1.502979e+03, 359 iterations, 0.01 seconds

    Nodes    |    Current Node    |     Objective Bounds      |     Work
 Expl Unexpl |  Obj  Depth IntInf | Incumbent    BestBd   Gap | It/Node Time

     0     0 1502.97921    0   33 5497.20000 1502.97921  72.7%     -    0s
H    0     0                    5306.9800000 1502.97921  71.7%     -    0s
     0     0 1799.36759    0   48 5306.98000 1799.36759  66.1%     -    0s
H    0     0                    4356.9400000 1799.36759  58.7%     -    0s
H    0     0                    3912.2000000 1799.36759  54.0%     -    0s
     0     0 2050.23777    0   91 3912.20000 2050.23777  47.6%     -    0s
     0     0 2101.22796    0   64 3912.20000 2101.22796  46.3%     -    0s
     0     0 2103.25055    0   71 3912.20000 2103.25055  46.2%     -    0s
     0     0 2232.05767    0   97 3912.20000 2232.05767  42.9%     -    0s
     0     0 2243.25665    0   89 3912.20000 2243.25665  42.7%     -    0s
     0     0 2247.32800    0   85 3912.20000 2247.32800  42.6%     -    0s
     0     0 2261.64860    0   91 3912.20000 2261.64860  42.2%     -    0s
     0     0 2262.17668    0   94 3912.20000 2262.17668  42.2%     -    0s
     0     0 2262.29429    0   94 3912.20000 2262.29429  42.2%     -    0s
     0     0 2312.82856    0  112 3912.20000 2312.82856  40.9%     -    0s
H    0     0                    3798.2000000 2312.82856  39.1%     -    0s
     0     0 2320.99001    0   61 3798.20000 2320.99001  38.9%     -    0s
     0     0 2329.68597    0  118 3798.20000 2329.68597  38.7%     -    0s
     0     0 2332.96311    0  126 3798.20000 2332.96311  38.6%     -    0s
     0     0 2332.96966    0  128 3798.20000 2332.96966  38.6%     -    0s
     0     0 2342.90140    0  136 3798.20000 2342.90140  38.3%     -    0s
H    0     0                    2735.3600000 2342.90140  14.3%     -    0s
     0     0 2343.91984    0  146 2735.36000 2343.91984  14.3%     -    0s
     0     0 2344.04528    0  143 2735.36000 2344.04528  14.3%     -    0s
     0     0 2345.65583    0  154 2735.36000 2345.65583  14.2%     -    0s
     0     0 2345.65583    0  154 2735.36000 2345.65583  14.2%     -    0s
     0     2 2345.65583    0  154 2735.36000 2345.65583  14.2%     -    0s
*  245    99              16    2734.1000000 2468.45705  9.72%  56.1    0s

Cutting planes:
  User: 33
  Gomory: 5
  Cover: 63
  Implied bound: 35
  Clique: 11
  MIR: 34
  StrongCG: 1
  Flow cover: 55
  GUB cover: 1
  Zero half: 1
  Mod-K: 1
  RLT: 52
  Relax-and-lift: 11
  Lazy constraints: 27

Explored 558 nodes (31876 simplex iterations) in 1.57 seconds
Thread count was 2 (of 32 available processors)

Solution count 7: 2734.1 2735.36 3798.2 ... 5497.2

Optimal solution found (tolerance 1.00e-04)
Best objective 2.734100000000e+03, best bound 2.734100000000e+03, gap 0.0000%

User-callback calls 1648, time in user-callback 0.15 sec
================================================================================
executing instance: ./input/Instances/Original/4/absH3low_3n15.dat
--------------------------------------------------------------------------------
Instance details
n	16
H	3
C	1267
Li:
[0, 0, 0, 0, 0, 0, 0, 0, 0, 0, 0, 0, 0, 0, 0, 0, ]
Ui:
[0, 156, 267, 148, 144, 87, 33, 171, 76, 141, 270, 282, 60, 110, 172, 57, ]
Distance matrix:
|0	229	567	76	58	96	306	409	310	423	108	346	165	347	159	256	|
|229	0	482	243	279	155	375	525	251	419	158	373	65	123	329	246	|
|567	482	0	506	622	483	342	439	259	200	467	274	486	433	501	312	|
|76	243	506	0	119	88	230	337	255	352	88	272	179	347	94	194	|
|58	279	622	119	0	154	345	431	366	471	166	391	217	399	179	310	|
|96	155	483	88	154	0	266	397	224	358	17	289	92	262	176	179	|
|306	375	342	230	345	266	0	158	184	148	251	68	332	423	181	140	|
|409	525	439	337	431	397	158	0	340	244	386	201	476	581	253	298	|
|310	251	259	255	366	224	184	340	0	170	208	146	238	257	274	66	|
|423	419	200	352	471	358	148	244	170	0	341	84	396	424	323	182	|
|108	158	467	88	166	17	251	386	208	341	0	273	96	259	172	162	|
|346	373	274	272	391	289	68	201	146	84	273	0	340	400	239	127	|
|165	65	486	179	217	92	332	476	238	396	96	340	0	182	267	216	|
|347	123	433	347	399	262	423	581	257	424	259	400	182	0	423	283	|
|159	329	501	94	179	176	181	253	274	323	172	239	267	423	0	208	|
|256	246	312	194	310	179	140	298	66	182	162	127	216	283	208	0	|

--------------------------------------------------------------------------------
Building model...
	using lazy and cut (CVRPSEP package)
Solving IRP LP...
--------------------------------------------------------------------------------

Gurobi 9.1.0 (linux64) logging started Mon Feb  8 06:39:45 2021

Gurobi Optimizer version 9.1.0 build v9.1.0rc0 (linux64)
Thread count: 32 physical cores, 32 logical processors, using up to 2 threads
Optimize a model with 538 rows, 1423 columns and 4048 nonzeros
Model fingerprint: 0x8905b5e8
Variable types: 199 continuous, 1224 integer (144 binary)
Coefficient statistics:
  Matrix range     [1e+00, 4e+02]
  Objective range  [1e-02, 6e+02]
  Bounds range     [1e+00, 3e+02]
  RHS range        [1e+00, 2e+03]
Presolve removed 170 rows and 214 columns
Presolve time: 0.05s
Presolved: 368 rows, 1209 columns, 3171 nonzeros
Variable types: 112 continuous, 1097 integer (962 binary)
Found heuristic solution: objective 9929.9900000

Root relaxation: objective 1.784386e+03, 457 iterations, 0.01 seconds

    Nodes    |    Current Node    |     Objective Bounds      |     Work
 Expl Unexpl |  Obj  Depth IntInf | Incumbent    BestBd   Gap | It/Node Time

     0     0 1784.38552    0   45 9929.99000 1784.38552  82.0%     -    0s
H    0     0                    9263.9900000 1784.38552  80.7%     -    0s
     0     0 2045.99873    0   60 9263.99000 2045.99873  77.9%     -    0s
H    0     0                    7535.3200000 2045.99873  72.8%     -    0s
     0     0 2047.41870    0   62 7535.32000 2047.41870  72.8%     -    0s
     0     0 2449.86136    0  105 7535.32000 2449.86136  67.5%     -    0s
     0     0 2534.94893    0   73 7535.32000 2534.94893  66.4%     -    0s
     0     0 2551.39768    0   75 7535.32000 2551.39768  66.1%     -    0s
     0     0 2564.80588    0   79 7535.32000 2564.80588  66.0%     -    0s
     0     0 2564.80588    0   79 7535.32000 2564.80588  66.0%     -    0s
     0     0 2692.99529    0  154 7535.32000 2692.99529  64.3%     -    0s
     0     0 2736.40505    0  157 7535.32000 2736.40505  63.7%     -    0s
     0     0 2746.78565    0  145 7535.32000 2746.78565  63.5%     -    0s
     0     0 2748.68635    0  143 7535.32000 2748.68635  63.5%     -    0s
     0     0 2751.84021    0  155 7535.32000 2751.84021  63.5%     -    0s
     0     0 2752.36252    0  151 7535.32000 2752.36252  63.5%     -    0s
     0     0 2770.20696    0  185 7535.32000 2770.20696  63.2%     -    0s
H    0     0                    4361.5300000 2770.20696  36.5%     -    0s
     0     0 2774.76236    0  176 4361.53000 2774.76236  36.4%     -    0s
     0     0 2774.93060    0  175 4361.53000 2774.93060  36.4%     -    0s
     0     0 2794.38984    0  188 4361.53000 2794.38984  35.9%     -    0s
     0     0 2798.74597    0  165 4361.53000 2798.74597  35.8%     -    0s
     0     0 2801.51762    0  166 4361.53000 2801.51762  35.8%     -    0s
     0     0 2801.61692    0  194 4361.53000 2801.61692  35.8%     -    0s
     0     0 2803.61666    0  178 4361.53000 2803.61666  35.7%     -    0s
     0     0 2803.61666    0  166 4361.53000 2803.61666  35.7%     -    0s
     0     2 2803.61666    0  166 4361.53000 2803.61666  35.7%     -    0s
H  108   117                    4360.5300000 2897.00384  33.6%  80.4    1s
H  112   117                    4136.5300000 2897.00384  30.0%  79.0    1s
*  116   116              37    3486.2800000 2897.00384  16.9%  77.4    1s
H  117   116                    3485.3200000 2897.00384  16.9%  76.8    1s
H  354   151                    3414.3200000 3063.80154  10.3%  88.3    2s
   626   179     cutoff   11      3414.32000 3179.95495  6.86%  89.0    5s
*  812   179              21    3401.5600000 3205.68939  5.76%  83.6    6s

Cutting planes:
  User: 491
  Gomory: 3
  Cover: 147
  Implied bound: 69
  Clique: 30
  MIR: 68
  StrongCG: 2
  Flow cover: 92
  GUB cover: 1
  Zero half: 4
  RLT: 98
  Relax-and-lift: 4
  Lazy constraints: 88

Explored 1566 nodes (112496 simplex iterations) in 8.18 seconds
Thread count was 2 (of 32 available processors)

Solution count 10: 3401.56 3414.32 3485.32 ... 9929.99

Optimal solution found (tolerance 1.00e-04)
Best objective 3.401560000000e+03, best bound 3.401560000000e+03, gap 0.0000%

User-callback calls 4724, time in user-callback 0.66 sec
================================================================================
executing instance: ./input/Instances/Original/4/absH3low_2n45.dat
--------------------------------------------------------------------------------
Instance details
n	46
H	3
C	3171
Li:
[0, 0, 0, 0, 0, 0, 0, 0, 0, 0, 0, 0, 0, 0, 0, 0, 0, 0, 0, 0, 0, 0, 0, 0, 0, 0, 0, 0, 0, 0, 0, 0, 0, 0, 0, 0, 0, 0, 0, 0, 0, 0, 0, 0, 0, 0, ]
Ui:
[0, 246, 160, 78, 20, 87, 144, 40, 20, 82, 60, 96, 24, 136, 160, 108, 160, 26, 228, 51, 24, 240, 231, 70, 32, 105, 174, 114, 246, 126, 132, 76, 22, 42, 255, 132, 148, 162, 66, 111, 102, 240, 123, 201, 297, 78, ]
Distance matrix:
|0	148	402	550	329	420	187	318	366	280	504	273	233	333	112	344	379	481	113	593	159	523	261	424	90	359	163	461	413	240	105	299	265	89	371	462	339	273	495	22	41	439	369	506	563	468	|
|148	0	284	517	394	284	136	369	244	311	496	166	329	355	223	202	338	388	204	565	254	506	118	346	71	423	173	471	336	118	105	352	198	105	248	428	302	305	487	153	179	441	230	497	517	370	|
|402	284	0	350	448	80	228	406	42	343	382	129	456	350	412	126	219	131	382	395	410	371	180	137	314	466	289	400	137	167	389	401	169	316	39	280	217	342	373	394	414	362	108	380	324	106	|
|550	517	350	0	339	429	385	308	374	295	93	375	431	249	481	461	180	239	458	48	445	57	474	214	496	333	387	160	216	424	601	321	320	471	376	90	217	301	93	530	534	146	452	88	52	262	|
|329	394	448	339	0	513	282	42	438	105	255	363	115	108	221	484	259	431	217	365	172	289	436	362	333	30	224	189	353	380	423	47	291	296	443	285	240	107	251	307	294	193	495	260	378	437	|
|420	284	80	429	513	0	267	473	76	408	462	163	509	421	449	86	298	201	421	474	455	451	167	217	330	533	333	478	217	181	386	466	225	341	70	360	291	406	453	416	438	440	59	460	400	176	|
|187	136	228	385	282	267	0	249	199	186	360	104	248	224	184	214	207	294	155	432	189	371	155	237	113	308	68	336	227	101	216	236	78	98	205	296	168	181	350	174	190	305	231	360	390	283	|
|318	369	406	308	42	473	249	0	397	66	229	325	128	67	216	447	218	389	206	337	168	260	402	320	311	61	196	167	311	345	406	19	252	275	403	248	198	70	223	296	286	164	457	233	344	395	|
|366	244	42	374	438	76	199	397	0	332	397	96	436	346	383	90	228	168	354	420	385	389	139	161	277	458	263	408	158	128	349	391	150	282	6	298	218	331	388	359	380	370	78	395	352	144	|
|280	311	343	295	105	408	186	66	332	0	231	259	142	53	191	380	171	337	173	332	150	257	337	267	258	127	139	182	258	280	359	58	186	223	338	222	143	6	224	258	254	164	390	234	323	340	|
|504	496	382	93	255	462	360	229	397	231	0	375	356	180	422	478	173	293	403	110	381	36	474	248	463	245	345	68	246	419	568	244	308	433	400	104	200	237	9	482	482	67	474	5	142	312	|
|273	166	129	375	363	163	104	325	96	259	375	0	347	283	288	121	202	221	259	423	292	376	99	183	186	386	170	370	175	52	269	315	76	187	102	288	177	256	365	265	285	333	133	374	365	204	|
|233	329	456	431	115	509	248	128	436	142	356	347	0	181	121	462	311	472	128	463	76	386	398	403	260	141	180	294	392	349	334	111	287	224	442	362	280	139	350	212	194	289	479	360	463	472	|
|333	355	350	249	108	421	224	67	346	53	180	283	181	0	244	403	152	324	226	283	201	207	369	256	307	118	186	129	247	311	409	74	208	273	351	183	136	59	173	311	307	113	410	183	282	331	|
|112	223	412	481	221	449	184	216	383	191	422	288	121	244	0	387	327	461	30	521	49	447	313	396	152	250	125	371	385	273	214	196	249	121	389	400	288	185	415	91	74	355	408	425	503	454	|
|344	202	126	461	484	86	214	447	90	380	478	121	462	403	387	0	305	256	360	508	400	473	84	250	255	507	282	482	246	115	302	437	196	271	90	382	288	377	469	343	367	444	28	476	441	232	|
|379	338	219	180	259	298	207	218	228	171	173	202	311	152	327	305	0	172	301	227	300	174	302	105	318	270	217	180	97	249	423	221	141	296	232	90	40	173	164	361	368	142	303	172	184	180	|
|481	388	131	239	431	201	294	389	168	337	293	221	472	324	461	256	172	0	432	280	446	273	300	70	400	442	337	330	80	271	490	391	217	391	167	191	194	339	286	468	483	294	239	289	203	26	|
|113	204	382	458	217	421	155	206	354	173	403	259	128	226	30	360	301	432	0	499	52	426	287	367	133	246	95	355	356	246	208	187	219	100	360	376	261	167	395	90	81	337	381	406	478	425	|
|593	565	395	48	365	474	432	337	420	332	110	423	463	283	521	508	227	280	499	0	482	77	521	260	542	356	431	178	262	472	647	352	368	516	422	137	264	338	114	573	576	174	499	106	78	304	|
|159	254	410	445	172	455	189	168	385	150	381	292	76	201	49	400	300	446	52	482	0	407	331	378	184	201	122	327	367	286	258	149	242	150	391	367	263	144	374	137	122	314	419	384	470	441	|
|523	506	371	57	289	451	371	260	389	257	36	376	386	207	447	473	174	273	426	77	407	0	475	234	477	280	363	104	234	422	583	275	313	449	392	91	205	263	38	503	504	97	468	31	108	294	|
|261	118	180	474	436	167	155	402	139	337	474	99	398	369	313	84	302	300	287	521	331	475	0	275	173	462	220	465	268	58	219	390	168	193	142	388	275	333	464	261	286	430	111	473	462	279	|
|424	346	137	214	362	217	237	320	161	267	248	183	403	256	396	250	105	70	367	260	378	234	275	0	348	374	274	274	11	234	444	321	159	335	163	145	124	269	239	409	422	237	239	245	191	76	|
|90	71	314	496	333	330	113	311	277	258	463	186	260	307	152	255	318	400	133	542	184	477	173	348	0	362	121	430	338	150	106	293	190	37	282	406	279	252	454	88	113	403	280	464	502	386	|
|359	423	466	333	30	533	308	61	458	127	245	386	141	118	250	507	270	442	246	356	201	280	462	374	362	0	252	178	365	406	453	73	313	325	463	286	254	130	242	336	324	187	517	250	374	449	|
|163	173	289	387	224	333	68	196	263	139	345	170	180	186	125	282	217	337	95	431	122	363	220	274	121	252	0	310	263	168	225	180	124	88	269	300	177	133	337	144	152	284	299	347	400	330	|
|461	471	400	160	189	478	336	167	408	182	68	370	294	129	371	482	180	330	355	178	327	104	465	274	430	178	310	0	269	408	534	184	297	398	412	142	194	188	66	439	436	38	482	73	206	345	|
|413	336	137	216	353	217	227	311	158	258	246	175	392	247	385	246	97	80	356	262	367	234	268	11	338	365	263	269	0	226	434	312	149	324	160	143	115	259	237	399	411	232	237	243	196	84	|
|240	118	167	424	380	181	101	345	128	280	419	52	349	311	273	115	249	271	246	472	286	422	58	234	150	406	168	408	226	0	223	333	111	160	133	336	219	276	409	235	258	373	136	418	416	252	|
|105	105	389	601	423	386	216	406	349	359	568	269	334	409	214	302	423	490	208	647	258	583	219	444	106	453	225	534	434	223	0	388	289	137	353	511	384	353	559	123	145	508	330	570	606	473	|
|299	352	401	321	47	466	236	19	391	58	244	315	111	74	196	437	221	391	187	352	149	275	390	321	293	73	180	184	312	333	388	0	243	257	396	258	197	60	238	276	267	178	448	248	355	395	|
|265	198	169	320	291	225	78	252	150	186	308	76	287	208	249	196	141	217	219	368	242	313	168	159	190	313	124	297	149	111	289	243	0	176	156	231	109	183	299	251	266	262	205	308	319	207	|
|89	105	316	471	296	341	98	275	282	223	433	187	224	273	121	271	296	391	100	516	150	449	193	335	37	325	88	398	324	160	137	257	176	0	287	382	256	217	424	78	98	372	295	434	480	379	|
|371	248	39	376	443	70	205	403	6	338	400	102	442	351	389	90	232	167	360	422	391	392	142	163	282	463	269	412	160	133	353	396	156	287	0	301	222	336	391	365	386	374	77	398	353	143	|
|462	428	280	90	285	360	296	248	298	222	104	288	362	183	400	382	90	191	376	137	367	91	388	145	406	286	300	142	143	336	511	258	231	382	301	0	127	226	96	443	448	110	376	100	103	209	|
|339	302	217	217	240	291	168	198	218	143	200	177	280	136	288	288	40	194	261	264	263	205	275	124	279	254	177	194	115	219	384	197	109	256	222	127	0	145	190	321	328	157	289	199	224	198	|
|273	305	342	301	107	406	181	70	331	6	237	256	139	59	185	377	173	339	167	338	144	263	333	269	252	130	133	188	259	276	353	60	183	217	336	226	145	0	230	251	248	170	388	240	328	341	|
|495	487	373	93	251	453	350	223	388	224	9	365	350	173	415	469	164	286	395	114	374	38	464	239	454	242	337	66	237	409	559	238	299	424	391	96	190	230	0	474	474	61	465	11	141	305	|
|22	153	394	530	307	416	174	296	359	258	482	265	212	311	91	343	361	468	90	573	137	503	261	409	88	336	144	439	399	235	123	276	251	78	365	443	321	251	474	0	26	418	367	485	544	456	|
|41	179	414	534	294	438	190	286	380	254	482	285	194	307	74	367	368	483	81	576	122	504	286	422	113	324	152	436	411	258	145	267	266	98	386	448	328	248	474	26	0	416	391	484	550	472	|
|439	441	362	146	193	440	305	164	370	164	67	333	289	113	355	444	142	294	337	174	314	97	430	237	403	187	284	38	232	373	508	178	262	372	374	110	157	170	61	418	416	0	444	71	187	309	|
|369	230	108	452	495	59	231	457	78	390	474	133	479	410	408	28	303	239	381	499	419	468	111	239	280	517	299	482	237	136	330	448	205	295	77	376	289	388	465	367	391	444	0	472	429	214	|
|506	497	380	88	260	460	360	233	395	234	5	374	360	183	425	476	172	289	406	106	384	31	473	245	464	250	347	73	243	418	570	248	308	434	398	100	199	240	11	485	484	71	472	0	137	309	|
|563	517	324	52	378	400	390	344	352	323	142	365	463	282	503	441	184	203	478	78	470	108	462	191	502	374	400	206	196	416	606	355	319	480	353	103	224	328	141	544	550	187	429	137	0	228	|
|468	370	106	262	437	176	283	395	144	340	312	204	472	331	454	232	180	26	425	304	441	294	279	76	386	449	330	345	84	252	473	395	207	379	143	209	198	341	305	456	472	309	214	309	228	0	|

--------------------------------------------------------------------------------
Building model...
	using lazy and cut (CVRPSEP package)
Solving IRP LP...
--------------------------------------------------------------------------------

Gurobi 9.1.0 (linux64) logging started Mon Feb  8 06:39:54 2021

Gurobi Optimizer version 9.1.0 build v9.1.0rc0 (linux64)
Thread count: 32 physical cores, 32 logical processors, using up to 2 threads
Optimize a model with 1558 rows, 10318 columns and 25228 nonzeros
Model fingerprint: 0xebd5a0b0
Variable types: 589 continuous, 9729 integer (414 binary)
Coefficient statistics:
  Matrix range     [1e+00, 1e+03]
  Objective range  [1e-02, 6e+02]
  Bounds range     [1e+00, 3e+02]
  RHS range        [1e+00, 5e+03]
Presolve removed 436 rows and 601 columns
Presolve time: 0.11s
Presolved: 1122 rows, 9717 columns, 22522 nonzeros
Variable types: 355 continuous, 9362 integer (8943 binary)

Root relaxation: objective 2.645983e+03, 1213 iterations, 0.04 seconds

    Nodes    |    Current Node    |     Objective Bounds      |     Work
 Expl Unexpl |  Obj  Depth IntInf | Incumbent    BestBd   Gap | It/Node Time

     0     0 2645.98336    0  138          - 2645.98336      -     -    0s
     0     0 2983.81600    0  144          - 2983.81600      -     -    0s
     0     0 3496.17346    0  179          - 3496.17346      -     -    0s
     0     0 3592.67593    0  267          - 3592.67593      -     -    0s
     0     0 3614.54103    0  212          - 3614.54103      -     -    1s
     0     0 3615.94138    0  200          - 3615.94138      -     -    1s
     0     0 3618.29558    0  216          - 3618.29558      -     -    1s
     0     0 3635.47386    0  276          - 3635.47386      -     -    1s
     0     0 3635.50138    0  274          - 3635.50138      -     -    1s
     0     0 3707.91308    0  299          - 3707.91308      -     -    1s
     0     0 3740.60931    0  320          - 3740.60931      -     -    1s
     0     0 3743.08878    0  298          - 3743.08878      -     -    1s
     0     0 3756.93037    0  278          - 3756.93037      -     -    1s
     0     0 3771.91770    0  245          - 3771.91770      -     -    2s
     0     0 3789.32516    0  318          - 3789.32516      -     -    2s
     0     0 3790.67990    0  267          - 3790.67990      -     -    2s
     0     0 3791.15465    0  280          - 3791.15465      -     -    2s
     0     0 3849.90061    0  254          - 3849.90061      -     -    2s
     0     0 3859.36136    0  312          - 3859.36136      -     -    3s
     0     0 3868.72967    0  372          - 3868.72967      -     -    3s
