




arguments: ./build/bc_mirp -f ./input/orig_exec_15.cfg
Current dir: /scratch/gui/bc_mirp
File verbosity level: 9
date       time         ( uptime  ) [ thread name/id ]                   file:line     v| 
2021-02-06 13:47:54.498 (   3.326s) [main thread     ]             loguru.cpp:789   INFO| Logging to './output/vi_vc+hc1_half/OU/V3/Original/execution_06_02_2021_13_47_54.log', mode: 'a', verbosity: 9
--------------------------------------------------------------------------------
Parameters
                           instance_path           ./input/Instances/Original/1/
                            model_policy                                       1
                             nb_vehicles                                       3
                              output_dir ./output/vi_vc+hc1_half/OU/V3/Original/
                            sec_strategy                                       1
                       solver_nb_threads                                       2
                         solver_show_log                                    true
                       solver_time_limit                                    3600
                              use_vi_cos                                   false
                              use_vi_cus                                   false
                         use_vi_hc1_full                                   false
                         use_vi_hc1_half                                    true
                      use_vi_hc1_quarter                                   false
                              use_vi_hc2                                   false
                              use_vi_hc3                                   false
                         use_vi_lex_full                                   false
                         use_vi_lex_half                                   false
                      use_vi_lex_quarter                                   false
                              use_vi_qua                                   false
                               use_vi_vc                                    true
                               use_vi_vr                                   false
--------------------------------------------------------------------------------
executing instance: ./input/Instances/Original/1/absH3high_1n5.dat
--------------------------------------------------------------------------------
Instance details
n	6
H	3
C	289
Li:
[0, 0, 0, 0, 0, 0, ]
Ui:
[0, 195, 105, 116, 72, 22, ]
Distance matrix:
|0	85	349	17	203	289	|
|85	0	265	102	214	226	|
|349	265	0	366	368	238	|
|17	102	366	0	207	302	|
|203	214	368	207	0	431	|
|289	226	238	302	431	0	|

--------------------------------------------------------------------------------
Building model...
	using lazy and cut (CVRPSEP package)
Solving IRP LP...
--------------------------------------------------------------------------------

Gurobi 9.1.0 (linux64) logging started Sat Feb  6 13:47:54 2021

Gurobi Optimizer version 9.1.0 build v9.1.0rc0 (linux64)
Thread count: 32 physical cores, 32 logical processors, using up to 2 threads
Optimize a model with 198 rows, 258 columns and 888 nonzeros
Model fingerprint: 0x53405f5a
Variable types: 69 continuous, 189 integer (54 binary)
Coefficient statistics:
  Matrix range     [1e+00, 2e+02]
  Objective range  [2e-01, 4e+02]
  Bounds range     [1e+00, 2e+02]
  RHS range        [1e+00, 5e+02]
Presolve removed 91 rows and 109 columns
Presolve time: 0.01s
Presolved: 107 rows, 149 columns, 477 nonzeros
Variable types: 32 continuous, 117 integer (85 binary)
Found heuristic solution: objective 2887.3300000

Root relaxation: objective 1.828755e+03, 142 iterations, 0.00 seconds

    Nodes    |    Current Node    |     Objective Bounds      |     Work
 Expl Unexpl |  Obj  Depth IntInf | Incumbent    BestBd   Gap | It/Node Time

     0     0 1828.75517    0   20 2887.33000 1828.75517  36.7%     -    0s
     0     0 2010.72897    0   22 2887.33000 2010.72897  30.4%     -    0s
H    0     0                    2881.6500000 2010.72897  30.2%     -    0s
     0     0 2010.72897    0   21 2881.65000 2010.72897  30.2%     -    0s
     0     0 2157.70275    0   30 2881.65000 2157.70275  25.1%     -    0s
H    0     0                    2824.6500000 2157.70275  23.6%     -    0s
     0     0 2157.70275    0   32 2824.65000 2157.70275  23.6%     -    0s
     0     0 2246.47450    0   42 2824.65000 2246.47450  20.5%     -    0s
H    0     0                    2488.0300000 2246.47450  9.71%     -    0s
     0     0 2250.89086    0   38 2488.03000 2250.89086  9.53%     -    0s
     0     0 2298.96886    0   54 2488.03000 2298.96886  7.60%     -    0s
H    0     0                    2486.3500000 2298.96886  7.54%     -    0s
H    0     0                    2414.0300000 2298.96886  4.77%     -    0s
     0     0 2342.09198    0   25 2414.03000 2342.09198  2.98%     -    0s
     0     0 2367.98299    0   38 2414.03000 2367.98299  1.91%     -    0s
     0     0     cutoff    0      2414.03000 2414.03000  0.00%     -    0s

Explored 1 nodes (396 simplex iterations) in 0.10 seconds
Thread count was 2 (of 32 available processors)

Solution count 6: 2414.03 2486.35 2488.03 ... 2887.33

Optimal solution found (tolerance 1.00e-04)
Best objective 2.414030000000e+03, best bound 2.414030000000e+03, gap 0.0000%

User-callback calls 162, time in user-callback 0.00 sec
================================================================================
executing instance: ./input/Instances/Original/1/absH3high_1n45.dat
--------------------------------------------------------------------------------
Instance details
n	46
H	3
C	3462
Li:
[0, 0, 0, 0, 0, 0, 0, 0, 0, 0, 0, 0, 0, 0, 0, 0, 0, 0, 0, 0, 0, 0, 0, 0, 0, 0, 0, 0, 0, 0, 0, 0, 0, 0, 0, 0, 0, 0, 0, 0, 0, 0, 0, 0, 0, 0, ]
Ui:
[0, 273, 270, 36, 165, 192, 148, 45, 30, 75, 180, 198, 112, 117, 90, 64, 180, 22, 264, 174, 168, 270, 86, 66, 26, 66, 237, 156, 92, 108, 144, 72, 30, 45, 94, 54, 174, 96, 198, 136, 44, 180, 210, 249, 198, 48, ]
Distance matrix:
|0	281	201	160	249	201	93	431	236	139	252	136	116	166	390	110	349	374	303	180	327	464	236	70	44	461	346	439	363	254	312	426	305	206	71	137	169	200	247	260	20	219	256	253	460	278	|
|281	0	448	170	53	142	338	184	121	290	371	390	222	302	111	289	169	434	230	177	238	441	59	212	319	211	86	235	399	306	53	176	99	202	263	157	361	101	370	201	264	344	364	374	469	184	|
|201	448	0	285	430	325	114	556	361	171	191	64	228	174	546	294	453	306	364	289	388	435	393	254	157	585	491	536	318	254	490	554	436	407	266	292	108	388	186	337	207	181	205	190	408	364	|
|160	170	285	0	169	43	182	280	80	120	208	231	58	132	262	230	190	294	151	24	174	345	112	107	183	309	207	280	268	158	219	276	155	235	187	45	192	150	205	107	140	177	202	210	356	119	|
|249	53	430	169	0	152	317	238	145	282	377	369	212	299	157	242	215	452	261	183	273	474	76	181	290	264	140	287	421	320	63	229	145	148	221	142	352	53	374	226	234	346	370	378	498	215	|
|201	142	325	43	152	0	224	237	37	156	230	273	101	164	224	261	148	300	127	38	147	333	83	142	225	266	167	238	270	168	193	233	112	246	221	70	228	148	228	84	180	202	222	232	351	87	|
|93	338	114	182	317	224	0	460	262	92	180	52	124	112	440	199	364	307	292	191	317	415	284	140	57	490	387	452	304	208	377	457	336	297	163	181	84	274	175	256	95	152	188	180	402	280	|
|431	184	556	280	238	237	460	0	199	385	420	508	337	385	108	464	110	429	219	269	206	378	202	365	460	30	98	84	388	340	204	9	126	386	432	294	453	283	421	226	411	404	408	423	422	198	|
|236	121	361	80	145	37	262	199	0	191	255	310	138	197	191	290	114	312	118	72	133	330	69	175	262	229	132	204	279	186	174	195	75	258	251	102	262	153	254	81	216	230	246	257	353	72	|
|139	290	171	120	282	156	92	385	191	0	116	129	71	27	380	246	283	235	201	119	226	329	231	141	129	414	323	367	224	119	336	383	266	308	202	141	72	252	112	169	127	82	118	117	322	195	|
|252	371	191	208	377	230	180	420	255	116	0	187	178	90	443	361	311	127	204	195	224	246	313	257	232	446	382	380	129	81	423	421	320	422	318	242	100	355	5	195	241	34	15	2	225	224	|
|136	390	64	231	369	273	52	508	310	129	187	0	173	141	491	233	409	313	330	239	355	431	335	191	93	538	438	495	316	233	429	505	385	342	203	233	88	325	182	297	143	167	199	187	412	323	|
|116	222	228	58	212	101	124	337	138	71	178	173	0	91	319	206	244	284	187	69	212	357	165	85	130	367	265	333	264	151	267	333	213	244	161	70	140	181	175	145	97	145	177	180	359	165	|
|166	302	174	132	299	164	112	385	197	27	90	141	91	0	388	273	280	208	191	127	215	305	243	167	153	413	329	361	198	96	351	383	270	333	229	159	68	272	86	163	153	56	92	91	296	190	|
|390	111	546	262	157	224	440	108	191	380	443	491	319	388	0	399	164	480	264	261	261	456	156	320	426	125	62	186	442	369	107	99	125	300	374	260	452	210	443	252	372	420	433	446	494	227	|
|110	289	294	230	242	261	199	464	290	246	361	233	206	273	399	0	402	480	382	254	404	562	262	124	143	493	369	490	466	355	302	457	344	135	45	191	279	189	356	337	120	328	364	362	563	348	|
|349	169	453	190	215	148	364	110	114	283	311	409	244	280	164	402	0	324	110	174	101	292	151	289	372	135	109	90	284	230	212	111	70	354	364	216	348	245	312	118	329	295	298	313	330	90	|
|374	434	306	294	452	300	307	429	312	235	127	313	284	208	480	480	324	0	216	274	223	137	380	368	357	448	419	367	40	136	487	432	358	525	436	336	227	443	132	234	361	156	119	127	102	255	|
|303	230	364	151	261	127	292	219	118	201	204	330	187	191	264	382	110	216	0	128	25	213	185	258	314	243	203	176	178	123	282	221	144	372	338	193	256	270	206	45	283	193	191	206	239	46	|
|180	177	289	24	183	38	191	269	72	119	195	239	69	127	261	254	174	274	128	0	151	321	118	130	198	299	204	263	246	139	228	266	147	258	211	68	191	169	193	83	159	166	188	197	333	98	|
|327	238	388	174	273	147	317	206	133	226	224	355	212	215	261	404	101	223	25	151	0	203	198	281	339	228	202	156	184	143	288	209	146	390	362	215	280	286	226	68	308	215	210	226	235	61	|
|464	441	435	345	474	333	415	378	330	329	246	431	357	305	456	562	292	137	213	321	203	0	398	440	458	390	400	301	117	211	492	384	348	578	517	389	344	480	251	251	448	265	233	246	54	259	|
|236	59	393	112	76	83	284	202	69	231	313	335	165	243	156	262	151	380	185	118	198	398	0	167	270	231	110	233	347	250	110	195	85	203	230	103	303	95	311	150	217	284	305	315	422	139	|
|70	212	254	107	181	142	140	365	175	141	257	191	85	167	320	124	289	368	258	130	281	440	167	0	109	394	277	378	349	236	244	359	239	167	81	73	196	135	253	213	53	223	257	258	444	226	|
|44	319	157	183	290	225	57	460	262	129	232	93	130	153	426	143	372	357	314	198	339	458	270	109	0	490	379	462	351	247	353	456	334	250	110	168	140	243	226	274	56	201	238	232	449	294	|
|461	211	585	309	264	266	490	30	229	414	446	538	367	413	125	493	135	448	243	299	228	390	231	394	490	0	125	89	408	365	226	36	156	412	462	324	481	311	447	253	441	430	433	448	436	225	|
|346	86	491	207	140	167	387	98	132	323	382	438	265	329	62	369	109	419	203	204	202	400	110	277	379	125	0	155	381	307	113	90	63	288	339	211	394	186	382	190	327	359	371	384	436	165	|
|439	235	536	280	287	238	452	84	204	367	380	495	333	361	186	490	90	367	176	263	156	301	233	378	462	89	155	0	326	299	267	92	148	432	454	306	429	325	382	199	419	369	366	382	348	172	|
|363	399	318	268	421	270	304	388	279	224	129	316	264	198	442	466	284	40	178	246	184	117	347	349	351	408	381	326	0	113	452	391	321	502	422	311	229	415	134	199	348	152	118	130	98	219	|
|254	306	254	158	320	168	208	340	186	119	81	233	151	96	369	355	230	136	123	139	143	211	250	236	247	365	307	299	113	0	359	340	244	390	310	200	148	308	83	117	238	74	68	83	208	145	|
|312	53	490	219	63	193	377	204	174	336	423	429	267	351	107	302	212	487	282	228	288	492	110	244	353	226	113	267	452	359	0	195	145	194	283	199	407	115	421	254	296	394	415	425	521	237	|
|426	176	554	276	229	233	457	9	195	383	421	505	333	383	99	457	111	432	221	266	209	384	195	359	456	36	90	92	391	340	195	0	122	378	426	289	451	275	421	226	406	404	408	423	427	197	|
|305	99	436	155	145	112	336	126	75	266	320	385	213	270	125	344	70	358	144	147	146	348	85	239	334	156	63	148	321	244	145	122	0	286	310	168	336	177	320	128	285	298	309	322	381	103	|
|206	202	407	235	148	246	297	386	258	308	422	342	244	333	300	135	354	525	372	258	390	578	203	167	250	412	288	432	502	390	194	378	286	0	144	191	362	109	418	329	202	388	421	423	591	329	|
|71	263	266	187	221	221	163	432	251	202	318	203	161	229	374	45	364	436	338	211	362	517	230	81	110	462	339	454	422	310	283	426	310	144	0	150	239	168	313	294	77	285	321	319	518	306	|
|137	157	292	45	142	70	181	294	102	141	242	233	70	159	260	191	216	336	193	68	215	389	103	73	168	324	211	306	311	200	199	289	168	191	150	0	210	113	239	148	117	210	238	244	400	157	|
|169	361	108	192	352	228	84	453	262	72	100	88	140	68	452	279	348	227	256	191	280	344	303	196	140	481	394	429	229	148	407	451	336	362	239	210	0	318	95	231	164	79	111	100	325	258	|
|200	101	388	150	53	148	274	283	153	252	355	325	181	272	210	189	245	443	270	169	286	480	95	135	243	311	186	325	415	308	115	275	177	109	168	113	318	0	352	230	187	323	351	357	498	225	|
|247	370	186	205	374	228	175	421	254	112	5	182	175	86	443	356	312	132	206	193	226	251	311	253	226	447	382	382	134	83	421	421	320	418	313	239	95	352	0	196	237	30	19	6	230	224	|
|260	201	337	107	226	84	256	226	81	169	195	297	145	163	252	337	118	234	45	83	68	251	150	213	274	253	190	199	199	117	254	226	128	329	294	148	231	230	196	0	240	178	184	198	272	29	|
|20	264	207	140	234	180	95	411	216	127	241	143	97	153	372	120	329	361	283	159	308	448	217	53	56	441	327	419	348	238	296	406	285	202	77	117	164	187	237	240	0	208	245	242	446	257	|
|219	344	181	177	346	202	152	404	230	82	34	167	145	56	420	328	295	156	193	166	215	265	284	223	201	430	359	369	152	74	394	404	298	388	285	210	79	323	30	178	208	0	37	35	250	206	|
|256	364	205	202	370	222	188	408	246	118	15	199	177	92	433	364	298	119	191	188	210	233	305	257	238	433	371	366	118	68	415	408	309	421	321	238	111	351	19	184	245	37	0	17	214	212	|
|253	374	190	210	378	232	180	423	257	117	2	187	180	91	446	362	313	127	206	197	226	246	315	258	232	448	384	382	130	83	425	423	322	423	319	244	100	357	6	198	242	35	17	0	225	226	|
|460	469	408	356	498	351	402	422	353	322	225	412	359	296	494	563	330	102	239	333	235	54	422	444	449	436	436	348	98	208	521	427	381	591	518	400	325	498	230	272	446	250	214	225	0	285	|
|278	184	364	119	215	87	280	198	72	195	224	323	165	190	227	348	90	255	46	98	61	259	139	226	294	225	165	172	219	145	237	197	103	329	306	157	258	225	224	29	257	206	212	226	285	0	|

--------------------------------------------------------------------------------
Building model...
	using lazy and cut (CVRPSEP package)
Solving IRP LP...
--------------------------------------------------------------------------------

Gurobi 9.1.0 (linux64) logging started Sat Feb  6 13:47:55 2021

Gurobi Optimizer version 9.1.0 build v9.1.0rc0 (linux64)
Thread count: 32 physical cores, 32 logical processors, using up to 2 threads
Optimize a model with 1558 rows, 10318 columns and 25228 nonzeros
Model fingerprint: 0x982d2cfb
Variable types: 589 continuous, 9729 integer (414 binary)
Coefficient statistics:
  Matrix range     [1e+00, 1e+03]
  Objective range  [1e-01, 6e+02]
  Bounds range     [1e+00, 3e+02]
  RHS range        [1e+00, 6e+03]
Presolve removed 436 rows and 601 columns
Presolve time: 0.11s
Presolved: 1122 rows, 9717 columns, 22522 nonzeros
Variable types: 355 continuous, 9362 integer (8942 binary)

Root relaxation: objective 1.306867e+04, 996 iterations, 0.03 seconds

    Nodes    |    Current Node    |     Objective Bounds      |     Work
 Expl Unexpl |  Obj  Depth IntInf | Incumbent    BestBd   Gap | It/Node Time

     0     0 13068.6724    0  111          - 13068.6724      -     -    0s
     0     0 13388.6138    0  134          - 13388.6138      -     -    0s
     0     0 13388.6654    0  138          - 13388.6654      -     -    0s
     0     0 13950.8641    0  216          - 13950.8641      -     -    0s
     0     0 14000.2528    0  187          - 14000.2528      -     -    1s
     0     0 14002.6239    0  198          - 14002.6239      -     -    1s
     0     0 14005.4972    0  196          - 14005.4972      -     -    1s
     0     0 14005.4972    0  199          - 14005.4972      -     -    1s
     0     0 14082.9208    0  256          - 14082.9208      -     -    1s
     0     0 14111.5027    0  259          - 14111.5027      -     -    1s
     0     0 14118.7062    0  265          - 14118.7062      -     -    1s
     0     0 14119.2514    0  286          - 14119.2514      -     -    2s
     0     0 14250.5656    0  331          - 14250.5656      -     -    2s
     0     0 14269.0588    0  330          - 14269.0588      -     -    2s
     0     0 14283.5370    0  337          - 14283.5370      -     -    2s
     0     0 14285.3928    0  346          - 14285.3928      -     -    2s
     0     0 14285.4598    0  362          - 14285.4598      -     -    2s
     0     0 14313.1020    0  286          - 14313.1020      -     -    2s
     0     0 14337.4733    0  426          - 14337.4733      -     -    3s
     0     0 14343.2998    0  445          - 14343.2998      -     -    3s
     0     0 14345.1120    0  448          - 14345.1120      -     -    3s
     0     0 14354.0045    0  383          - 14354.0045      -     -    3s
     0     0 14355.5832    0  390          - 14355.5832      -     -    4s
     0     0 14359.0006    0  406          - 14359.0006      -     -    4s
     0     0 14359.0006    0  406          - 14359.0006      -     -    4s
     0     2 14359.0006    0  402          - 14359.0006      -     -    5s
    78    88 15070.0875   21  223          - 14368.3948      -   264   10s
   305   344 16608.1168  126   40          - 14368.3948      -   143   15s
*  568   542             267    20160.970000 14385.8898  28.6%  92.7   19s
   584   544 14528.4052    4  381 20160.9700 14385.8898  28.6%  95.4   20s
   643   602 14616.8880    9  382 20160.9700 14385.8898  28.6%   103   25s
   698   661 14660.8455   10  320 20160.9700 14385.8898  28.6%   104   30s
   730   686 15462.4766   68  155 20160.9700 14385.8898  28.6%   104   35s
   742   694 15920.0565   86  521 20160.9700 14435.5797  28.4%   102   40s
   754   702 16874.5379  142  506 20160.9700 14459.2862  28.3%   101   45s
   760   706 15900.8834   96  529 20160.9700 14459.8681  28.3%   100   50s
   785   726 14600.7883   16  396 20160.9700 14490.0334  28.1%   128   55s
   787   727 14552.8681   17  349 20160.9700 14490.0334  28.1%   129   60s
   815   746 14639.2219   25  387 20160.9700 14490.0334  28.1%   144   65s
   854   780 14736.2970   34  370 20160.9700 14490.0334  28.1%   159   70s
   901   807 14740.2881   44  326 20160.9700 14490.0334  28.1%   167   75s
   951   848 14832.8397   55  339 20160.9700 14490.0334  28.1%   174   80s
  1002   885 14924.6459   67  306 20160.9700 14490.0334  28.1%   179   85s
H 1047   871                    20017.490000 14490.0334  27.6%   180   88s
  1071   888 15114.2317   81  290 20017.4900 14490.0334  27.6%   182   90s
  1115   936 15178.2639   89  293 20017.4900 14490.0334  27.6%   181   95s
  1205  1020 15462.4547  108  221 20017.4900 14490.0334  27.6%   180  101s
  1303  1037 16011.3959  132  238 20017.4900 14490.0334  27.6%   175  106s
  1387  1134 16423.3866  176  123 20017.4900 14490.0334  27.6%   172  110s
  1432  1200 16281.7773  157  132 20017.4900 14490.0334  27.6%   169  115s
* 1479  1151             210    16823.090000 14490.0334  13.9%   167  115s
  1587  1093 14574.4850   17  511 16823.0900 14491.4126  13.9%   162  121s
  1613  1110 14808.5628   23  401 16823.0900 14491.4126  13.9%   168  126s
  1645  1144 14762.9276   31  246 16823.0900 14491.4126  13.9%   173  131s
  1686  1180 14937.3910   36  163 16823.0900 14491.4126  13.9%   175  135s
  1753  1232 14982.8498   42  141 16823.0900 14491.4126  13.9%   175  140s
  1846  1313 15157.9794   62   78 16823.0900 14491.4126  13.9%   174  146s
  1901  1392 15485.2133   69  139 16823.0900 14491.4126  13.9%   173  150s
  2072  1436 15593.5231  102    6 16823.0900 14491.4126  13.9%   164  155s
  2174  1492 15836.2200  111    - 16823.0900 14515.6857  13.7%   159  160s
  2323  1484     cutoff  142      16823.0900 14525.7238  13.7%   155  166s
  2354  1530 15049.0754   24  116 16823.0900 14525.7238  13.7%   159  171s
  2393  1556 15797.3618   48   22 16823.0900 14536.3251  13.6%   159  175s
  2487  1573 14695.4893   19  495 16823.0900 14536.4742  13.6%   160  181s
  2518  1606 14784.0912   26  425 16823.0900 14536.4742  13.6%   163  188s
  2547  1643 14801.1424   26  415 16823.0900 14536.4742  13.6%   164  191s
  2597  1630 14896.4710   32  353 16823.0900 14536.4742  13.6%   165  199s
  2599  1697 14905.8841   33  308 16823.0900 14536.4742  13.6%   165  203s
  2675  1713 15067.1663   41  344 16823.0900 14536.4742  13.6%   164  208s
  2739  1737 14984.0467   45  269 16823.0900 14536.4742  13.6%   163  212s
  2770  1789 15069.4701   53  171 16823.0900 14536.4742  13.6%   164  216s
  2812  1791 15219.1202   72  113 16823.0900 14536.4742  13.6%   165  231s
  2836  1852 15396.3206   82   62 16823.0900 14536.4742  13.6%   165  235s
  2875  1948 15809.6971   87   74 16823.0900 14536.4742  13.6%   165  242s
  2971  2019 16213.3428  118   58 16823.0900 14559.1712  13.5%   164  248s
  3083  2065 14777.7593   19  448 16823.0900 14559.1712  13.5%   161  254s
  3129  2154 15102.2268   30  230 16823.0900 14559.1712  13.5%   162  259s
  3222  2233 15604.2543   51  285 16823.0900 14559.2411  13.5%   161  267s
  3348  2259     cutoff  132      16823.0900 14561.3430  13.4%   159  272s
  3382  2312     cutoff  130      16823.0900 14561.4296  13.4%   160  277s
  3436  2363 14857.7160   23  485 16823.0900 14561.4296  13.4%   161  283s
  3525  2448 15181.2185   42  199 16823.0900 14577.6820  13.3%   160  290s
  3624  2481 16660.7600  113   60 16823.0900 14579.0493  13.3%   159  295s
  3666  2527 14702.3260   15  606 16823.0900 14579.0493  13.3%   161  301s
  3712  2589 14773.4189   23  421 16823.0900 14579.0493  13.3%   163  307s
  3798  2626 14825.2334   29  341 16823.0900 14579.0493  13.3%   163  314s
  3833  2679 14978.0908   39  298 16823.0900 14579.0493  13.3%   165  320s
  3886  2796 15145.7263   60  118 16823.0900 14579.0493  13.3%   167  329s
  3907  2796 15179.7045   73   24 16823.0900 14579.0493  13.3%   166  330s
  4005  2959 15586.5672   85   49 16823.0900 14587.4619  13.3%   164  338s
  4131  2966 16452.9212  131   18 16823.0900 14587.4619  13.3%   161  340s
  4230  3016     cutoff  144      16823.0900 14592.2073  13.3%   160  347s
  4280  3042     cutoff  145      16823.0900 14595.6747  13.2%   162  354s
  4294  3042 infeasible  134      16823.0900 14595.7585  13.2%   163  355s
  4311  3149 14909.9019   30  397 16823.0900 14595.7585  13.2%   164  362s
  4418  3233 15538.9372   78   74 16823.0900 14598.6561  13.2%   164  371s
  4537  3265     cutoff  135      16823.0900 14598.7630  13.2%   163  380s
  4580  3330 15001.5839   31  318 16823.0900 14600.2182  13.2%   166  388s
  4643  3450 15225.7689   53   28 16823.0900 14600.2182  13.2%   168  398s
  4774  3469 15059.4262   26  383 16823.0900 14600.2182  13.2%   166  400s
  4801  3626 15605.8237   76   21 16823.0900 14600.2692  13.2%   167  409s
  4914  3647 14958.5293   32  243 16823.0900 14600.2692  13.2%   165  410s
  5010  3754 16681.0200  146   22 16823.0900 14600.8336  13.2%   165  420s
  5212  3808 infeasible  149      16823.0900 14601.7521  13.2%   163  430s
  5249  3851 14878.6810   23  402 16823.0900 14601.8701  13.2%   165  439s
  5292  3899 15147.7629   33  406 16823.0900 14601.8701  13.2%   168  447s
  5340  3966 15104.3550   44  162 16823.0900 14601.8701  13.2%   171  456s
  5407  4109 15143.5490   63   44 16823.0900 14601.9166  13.2%   173  468s
  5558  4127 15366.0300   72    9 16823.0900 14602.4825  13.2%   172  470s
  5626  4201 16177.2300  123    - 16823.0900 14605.4869  13.2%   171  481s
  5737  4261 16534.0200  123   15 16823.0900 14609.4190  13.2%   172  492s
  5796  4317 14850.9198   29  480 16823.0900 14609.4688  13.2%   174  504s
  5844  4416 14919.0086   36  369 16823.0900 14609.4688  13.2%   177  518s
  5980  4436 16001.4300  105    - 16823.0900 14609.4688  13.2%   177  520s
  5985  4561 15086.6232   53  292 16823.0900 14609.4688  13.2%   177  532s
  6133  4733 15614.7608   92   26 16823.0900 14610.2435  13.2%   177  546s
  6345  4876     cutoff  144      16823.0900 14612.4713  13.1%   176  560s
  6513  4978     cutoff  153      16823.0900 14619.8436  13.1%   175  574s
  6595  4978 15630.5241   91  120 16823.0900 14621.1509  13.1%   176  575s
  6668  5130 15164.4435   33  342 16823.0900 14621.1509  13.1%   175  588s
  6810  5190 16392.4559   70  151 16823.0900 14621.2822  13.1%   175  600s
  6898  5266 14876.7087   32  332 16823.0900 14622.1948  13.1%   176  611s
  6973  5412 15192.9214   60  113 16823.0900 14622.1948  13.1%   178  650s
  7143  5602 15362.9670   82  151 16823.0900 14624.1419  13.1%   177  665s
  7398  5831 infeasible  161      16823.0900 14625.5637  13.1%   175  682s
  7636  6004 16741.3132  118   42 16823.0900 14628.2275  13.0%   174  699s
  7685  6004 15337.1265   63  120 16823.0900 14628.2275  13.0%   174  700s
  7845  6044     cutoff  117      16823.0900 14630.1761  13.0%   173  727s
  7893  6136 15100.9208   21  209 16823.0900 14631.7480  13.0%   176  741s
  7979  6346 15643.7844   40   89 16823.0900 14631.7480  13.0%   178  759s
  8084  6347 16652.2900   80  103 16823.0900 14631.7480  13.0%   178  760s
  8206  6515 16812.5300   86    9 16823.0900 14636.4394  13.0%   178  776s
  8454  6600 16788.2925  111   25 16823.0900 14637.1595  13.0%   176  791s
  8536  6784     cutoff  114      16823.0900 14637.4259  13.0%   178  808s
  8784  6904     cutoff  125      16823.0900 14638.7398  13.0%   177  824s
  8822  6904 15661.8726   58  251 16823.0900 14638.7398  13.0%   177  825s
  8900  7030 15792.7276   66  198 16823.0900 14639.5699  13.0%   178  841s
  9077  7170 14926.1487   36  332 16823.0900 14640.4072  13.0%   178  857s
  9220  7421 15261.6362   83   44 16823.0900 14640.4975  13.0%   178  875s
  9513  7590 16341.9709  119   15 16823.0900 14640.9771  13.0%   176  893s
  9709  7719 16724.7368  127   38 16823.0900 14646.4171  12.9%   176  911s
  9879  7891 15854.4298   69  128 16823.0900 14648.5381  12.9%   176  929s
  9948  7899 15242.1422   36  207 16823.0900 14648.5381  12.9%   176  930s
 10093  7983     cutoff  112      16823.0900 14649.7186  12.9%   175  944s
 10122  7983 15429.0057   44  109 16823.0900 14649.7186  12.9%   176  945s
 10171  8172 15543.6206   60   93 16823.0900 14651.2237  12.9%   176  962s
 10387  8307 15602.1817   35  162 16823.0900 14651.9275  12.9%   176  980s
 10593  8418 16638.3248  107   39 16823.0900 14652.2615  12.9%   175  996s
 10696  8513     cutoff  116      16823.0900 14655.8249  12.9%   176 1010s
 10798  8634 15695.5139   86    5 16823.0900 14657.3071  12.9%   177 1027s
 10957  8758 16193.8945  102    9 16823.0900 14658.5900  12.9%   177 1043s
 11100  8895     cutoff  130      16823.0900 14658.6537  12.9%   177 1059s
 11137  8895 15564.4968   50  348 16823.0900 14658.6537  12.9%   177 1060s
 11251  9015 15600.0012   56  327 16823.0900 14660.1325  12.9%   177 1076s
 11393  9076     cutoff  125      16823.0900 14660.8514  12.9%   178 1093s
 11462  9179 15455.6456   50  222 16823.0900 14661.0921  12.9%   179 1110s
*11568  9149             146    16797.100000 14661.6244  12.7%   179 1111s
 11594  9253 16765.8887  110    4 16797.1000 14661.9278  12.7%   179 1128s
 11754  9335     cutoff  111      16797.1000 14663.4114  12.7%   179 1145s
 11835  9454 15520.5916   48  251 16797.1000 14664.8190  12.7%   180 1163s
 12008  9599     cutoff  104      16797.1000 14666.1679  12.7%   180 1180s
 12199  9714     cutoff  102      16797.1000 14668.3525  12.7%   180 1197s
 12312  9866 16120.5267   82   45 16797.1000 14669.8164  12.7%   181 1215s
 12546  9940     cutoff  128      16797.1000 14670.1824  12.7%   179 1231s
 12609 10083 15289.6034   44  150 16797.1000 14672.6178  12.6%   181 1248s
 12797 10172     cutoff  125      16797.1000 14675.3167  12.6%   180 1265s
 12886 10308 15867.8958   67  171 16797.1000 14675.7413  12.6%   181 1284s
 12949 10317 16633.5000  116    - 16797.1000 14675.7413  12.6%   181 1285s
*13022 10308             116    16787.320000 14676.0120  12.6%   181 1285s
*13026 10281             116    16768.480000 14676.0120  12.5%   181 1285s
 13085 10345 16698.1400  116    - 16768.4800 14676.1742  12.5%   181 1304s
H13182 10330                    16714.310000 14676.2035  12.2%   182 1322s
 13251 10452 15159.3682   36  391 16714.3100 14676.2035  12.2%   183 1340s
 13379 10563 15930.3651   53  225 16714.3100 14676.4166  12.2%   183 1361s
 13513 10659 14894.4060   32  354 16714.3100 14676.5079  12.2%   184 1379s
 13565 10659 15160.2539   60   95 16714.3100 14676.5079  12.2%   184 1380s
 13608 10880 15183.6167   65   16 16714.3100 14676.6930  12.2%   185 1401s
 13893 11046 15790.0738  110   22 16714.3100 14677.2539  12.2%   183 1424s
 13974 11053 16201.1612   77   81 16714.3100 14677.2539  12.2%   183 1425s
 14072 11083 16343.9309  124   12 16714.3100 14679.7137  12.2%   183 1443s
 14112 11168 16608.6668  126   29 16714.3100 14680.5147  12.2%   184 1460s
 14210 11229     cutoff  131      16714.3100 14680.6668  12.2%   185 1477s
 14319 11327 15667.1868   53  228 16714.3100 14681.6054  12.2%   185 1498s
H14409 11283                    16696.190000 14681.8865  12.1%   185 1499s
 14424 11409     cutoff  115      16696.1900 14682.2770  12.1%   186 1519s
 14491 11419 15723.1150   59  201 16696.1900 14683.9985  12.1%   186 1520s
 14592 11497     cutoff  117      16696.1900 14684.1769  12.1%   185 1537s
H14649 11439                    16670.490000 14684.2084  11.9%   186 1537s
 14689 11585 15473.0880   68  227 16670.4900 14684.3871  11.9%   186 1557s
 14864 11719     cutoff  120      16670.4900 14687.1737  11.9%   186 1576s
 15016 11830 15782.3700   52   15 16670.4900 14688.7919  11.9%   186 1596s
 15152 11896 16649.2679   91  136 16670.4900 14688.8783  11.9%   186 1616s
 15231 11985     cutoff   94      16670.4900 14689.8415  11.9%   186 1633s
 15321 12119 15455.0329   61  214 16670.4900 14689.8658  11.9%   187 1653s
 15503 12185     cutoff  117      16670.4900 14690.0552  11.9%   187 1672s
 15571 12289 15230.5038   46  361 16670.4900 14691.3996  11.9%   188 1690s
 15699 12350     cutoff  109      16670.4900 14692.5196  11.9%   188 1709s
 15730 12350 infeasible  112      16670.4900 14692.9169  11.9%   189 1710s
 15769 12473 15662.1775   48  390 16670.4900 14693.1335  11.9%   189 1730s
 15919 12575 16633.8144  111   14 16670.4900 14695.9796  11.8%   189 1749s
 15966 12578 16080.8500   80   27 16670.4900 14696.3368  11.8%   190 1750s
 16046 12637     cutoff  115      16670.4900 14696.6006  11.8%   190 1767s
 16120 12752 15370.3511   59  347 16670.4900 14697.2939  11.8%   190 1786s
 16264 12866 15474.0279   45  178 16670.4900 14697.8701  11.8%   190 1805s
 16412 12955     cutoff  121      16670.4900 14698.5008  11.8%   190 1825s
 16516 13016 14948.5112   28  447 16670.4900 14698.7897  11.8%   191 1842s
 16573 13189 15110.6189   39  366 16670.4900 14698.7897  11.8%   192 1865s
 16768 13373 15426.2943   54  118 16670.4900 14698.8894  11.8%   192 1892s
 16937 13416 16498.7900  132    9 16670.4900 14698.8894  11.8%   191 1895s
 17068 13491     cutoff  137      16670.4900 14700.1524  11.8%   191 1913s
 17174 13536     cutoff  137      16670.4900 14700.2061  11.8%   191 1934s
 17222 13634 15838.7548   46  338 16670.4900 14701.1979  11.8%   192 1952s
 17344 13716 14915.0253   29  433 16670.4900 14701.7765  11.8%   192 1970s
 17426 13888 15828.9219   70  190 16670.4900 14702.1891  11.8%   193 1990s
 17638 14024 15491.3505   47  284 16670.4900 14702.4117  11.8%   192 2013s
 17751 14025 16564.3892  138   52 16670.4900 14702.7187  11.8%   192 2015s
 17796 14071 infeasible  105      16670.4900 14702.7920  11.8%   192 2035s
 17846 14165 14934.5323   25  472 16670.4900 14703.0848  11.8%   193 2053s
 17940 14281 15026.1136   38  324 16670.4900 14703.0848  11.8%   194 2073s
 18037 14281 15836.8525  104   42 16670.4900 14703.0848  11.8%   194 2075s
 18080 14449 15248.6209   55  248 16670.4900 14703.2281  11.8%   194 2097s
 18289 14495 infeasible  123      16670.4900 14703.4991  11.8%   194 2120s
*18311 14490             115    16667.240000 14703.8611  11.8%   194 2121s
 18327 14558 15151.9484   28  331 16667.2400 14703.8611  11.8%   195 2141s
 18396 14684 15803.3100   44   91 16667.2400 14703.8813  11.8%   196 2164s
 18417 14684 15974.2992   55  157 16667.2400 14703.8813  11.8%   195 2165s
 18541 14813 15255.6783   33  378 16667.2400 14703.9130  11.8%   196 2188s
 18698 14919 14851.8078   28  383 16667.2400 14704.4848  11.8%   196 2212s
 18805 15104 15132.6655   51  197 16667.2400 14704.4848  11.8%   196 2239s
 18828 15104 15308.6307   61  185 16667.2400 14704.4848  11.8%   196 2240s
 19107 15187 15691.4677   75   40 16667.2400 14705.6516  11.8%   195 2265s
 19211 15263     cutoff  139      16667.2400 14706.7712  11.8%   195 2291s
 19270 15384 15921.5656   59  257 16667.2400 14707.6935  11.8%   196 2312s
 19413 15535 15148.0121   36  486 16667.2400 14707.8786  11.8%   196 2337s
 19586 15600 16291.2519   94  134 16667.2400 14708.5888  11.8%   196 2366s
 19671 15678 15375.4332   30  380 16667.2400 14708.7120  11.8%   196 2388s
 19749 15786 16068.0330   49  174 16667.2400 14709.5258  11.7%   197 2412s
 19868 15902 15410.0184   46  406 16667.2400 14709.7382  11.7%   198 2439s
 19909 15902 15956.2482   87   81 16667.2400 14709.7382  11.7%   198 2440s
 20018 16051 14951.1867   27  445 16667.2400 14709.9395  11.7%   198 2474s
 20079 16051 16223.1160   88   55 16667.2400 14709.9395  11.7%   198 2475s
 20180 16151 16269.5833   90   47 16667.2400 14709.9858  11.7%   198 2501s
 20320 16254 15317.7273   51  344 16667.2400 14711.0068  11.7%   198 2524s
 20343 16254 15583.8600   74   49 16667.2400 14711.0068  11.7%   198 2525s
 20485 16403     cutoff  106      16667.2400 14711.6677  11.7%   198 2548s
 20664 16506 15796.8547   71   90 16667.2400 14711.9964  11.7%   197 2575s
 20781 16602 16358.5183   64   35 16667.2400 14713.3967  11.7%   198 2600s
 20916 16675 15340.9013   30  402 16667.2400 14713.5577  11.7%   198 2624s
 20943 16675 15805.4847   40  224 16667.2400 14713.5577  11.7%   198 2625s
 20977 16829 15822.5707   43  276 16667.2400 14713.5743  11.7%   198 2653s
H21091 16605                    16616.930000 14713.5743  11.5%   198 2655s
 21147 16716 14920.7432   24  513 16616.9300 14713.7370  11.5%   198 2678s
 21279 16725 14838.1229   24  476 16616.9300 14713.7907  11.5%   198 2680s
 21289 16828     cutoff   96      16616.9300 14714.0656  11.5%   198 2708s
 21420 16922 15890.0035   71  155 16616.9300 14714.4665  11.4%   199 2736s
 21526 17043     cutoff  108      16616.9300 14714.7270  11.4%   199 2756s
 21669 17129 15820.9650   67  122 16616.9300 14714.8913  11.4%   199 2780s
 21807 17324 15001.4734   36  304 16616.9300 14714.9874  11.4%   199 2809s
 21834 17324 15201.8615   48  260 16616.9300 14714.9874  11.4%   199 2810s
 22023 17469 15224.4173   50  295 16616.9300 14714.9874  11.4%   199 2834s
 22052 17469 15680.9171   62  166 16616.9300 14714.9874  11.4%   199 2835s
 22192 17589 15922.5070   97  114 16616.9300 14716.0048  11.4%   199 2858s
 22297 17616 16432.4600  134    6 16616.9300 14716.0048  11.4%   198 2860s
 22379 17733 16205.5361  111   72 16616.9300 14717.1814  11.4%   198 2884s
 22464 17733 16478.2300  114   26 16616.9300 14717.8193  11.4%   198 2885s
 22524 17779 16184.1758  104   99 16616.9300 14718.1876  11.4%   198 2905s
 22589 17878 15203.8711   36  338 16616.9300 14718.6111  11.4%   199 2929s
 22652 17878 15958.8532   99   32 16616.9300 14718.6111  11.4%   199 2930s
 22715 18042 14991.8089   29  423 16616.9300 14718.8122  11.4%   199 2950s
 22893 18114 14969.3519   22  414 16616.9300 14718.8122  11.4%   199 2974s
 22928 18114 15236.7537   41  250 16616.9300 14718.8122  11.4%   199 2975s
 22970 18295 15259.6660   44  259 16616.9300 14718.8940  11.4%   199 2998s
 23227 18365 16268.0700  103    - 16616.9300 14719.2341  11.4%   199 3021s
 23285 18476 16594.9033  103   30 16616.9300 14719.9338  11.4%   199 3044s
 23380 18479 15899.0846  101   18 16616.9300 14719.9838  11.4%   199 3045s
 23425 18590     cutoff  105      16616.9300 14720.0543  11.4%   199 3066s
 23555 18701 15419.5041   66  278 16616.9300 14721.5998  11.4%   199 3089s
 23597 18701 16314.7822  108    8 16616.9300 14721.5998  11.4%   199 3090s
 23692 18799     cutoff  117      16616.9300 14722.7237  11.4%   199 3111s
 23806 18912 15606.4893   69   69 16616.9300 14723.3644  11.4%   200 3131s
 23935 19036 16415.7890  120   69 16616.9300 14723.8047  11.4%   200 3152s
 24081 19115     cutoff  141      16616.9300 14724.1710  11.4%   200 3174s
 24182 19157 15083.8662   27  441 16616.9300 14724.3529  11.4%   200 3193s
 24230 19218 14860.5025   29  414 16616.9300 14724.3529  11.4%   201 3213s
 24305 19295 15288.1340   37  260 16616.9300 14724.3529  11.4%   201 3237s
 24386 19495 15610.0144   48   89 16616.9300 14724.3529  11.4%   202 3266s
 24614 19643 16457.4320   72  139 16616.9300 14728.5413  11.4%   201 3290s
 24815 19698     cutoff   82      16616.9300 14729.5861  11.4%   201 3312s
 24885 19836 15315.8973   53  364 16616.9300 14730.0558  11.4%   201 3339s
 24927 19836 15732.2275   95   70 16616.9300 14730.0558  11.4%   201 3340s
 25045 19896 infeasible  133      16616.9300 14730.2448  11.4%   201 3363s
 25116 20038 15099.2759   40  419 16616.9300 14730.3209  11.4%   201 3385s
 25294 20131     cutoff  135      16616.9300 14731.2158  11.3%   201 3408s
 25407 20227 16014.2885   77   60 16616.9300 14731.7142  11.3%   201 3434s
 25428 20227 16223.5152   98   79 16616.9300 14731.7142  11.3%   201 3435s
 25521 20342 infeasible  130      16616.9300 14731.8488  11.3%   201 3462s
 25686 20479 15410.8416   30  449 16616.9300 14732.0107  11.3%   201 3484s
 25731 20479 15990.8768   75  119 16616.9300 14732.0107  11.3%   201 3485s
 25823 20600 15056.6828   28  543 16616.9300 14732.2577  11.3%   201 3509s
 25899 20600 15923.8987  100   96 16616.9300 14732.2577  11.3%   201 3510s
 25958 20734 15731.4265   62  296 16616.9300 14732.5198  11.3%   201 3540s
 26134 20796     cutoff  128      16616.9300 14732.6201  11.3%   201 3571s
 26193 20927 15459.7751   35  349 16616.9300 14732.6894  11.3%   202 3592s
 26352 20959 14884.6847   29  418 16616.9300 14732.8986  11.3%   201 3600s

Cutting planes:
  User: 2923
  Gomory: 19
  Cover: 433
  Implied bound: 187
  Projected implied bound: 7
  Clique: 84
  MIR: 142
  StrongCG: 2
  Flow cover: 310
  GUB cover: 4
  Zero half: 28
  Network: 4
  RLT: 297
  Relax-and-lift: 2
  Lazy constraints: 9022

Explored 26384 nodes (5326063 simplex iterations) in 3600.42 seconds
Thread count was 2 (of 32 available processors)

Solution count 10: 16616.9 16667.2 16670.5 ... 20017.5

Time limit reached
Best objective 1.661693000000e+04, best bound 1.473289860017e+04, gap 11.3380%

User-callback calls 367048, time in user-callback 192.02 sec
================================================================================
executing instance: ./input/Instances/Original/1/absH3high_2n45.dat
--------------------------------------------------------------------------------
Instance details
n	46
H	3
C	3171
Li:
[0, 0, 0, 0, 0, 0, 0, 0, 0, 0, 0, 0, 0, 0, 0, 0, 0, 0, 0, 0, 0, 0, 0, 0, 0, 0, 0, 0, 0, 0, 0, 0, 0, 0, 0, 0, 0, 0, 0, 0, 0, 0, 0, 0, 0, 0, ]
Ui:
[0, 246, 160, 78, 20, 87, 144, 40, 20, 82, 60, 96, 24, 136, 160, 108, 160, 26, 228, 51, 24, 240, 231, 70, 32, 105, 174, 114, 246, 126, 132, 76, 22, 42, 255, 132, 148, 162, 66, 111, 102, 240, 123, 201, 297, 78, ]
Distance matrix:
|0	148	402	550	329	420	187	318	366	280	504	273	233	333	112	344	379	481	113	593	159	523	261	424	90	359	163	461	413	240	105	299	265	89	371	462	339	273	495	22	41	439	369	506	563	468	|
|148	0	284	517	394	284	136	369	244	311	496	166	329	355	223	202	338	388	204	565	254	506	118	346	71	423	173	471	336	118	105	352	198	105	248	428	302	305	487	153	179	441	230	497	517	370	|
