




arguments: ./build/bc_mirp -f ./input/orig_exec_207.cfg
Current dir: /scratch/gui/bc_mirp
File verbosity level: 9
date       time         ( uptime  ) [ thread name/id ]                   file:line     v| 
2021-02-14 07:53:31.865 (   0.040s) [main thread     ]             loguru.cpp:789   INFO| Logging to './output/vi_vc+hc1_half/OU/V3/Original/execution_14_02_2021_07_53_31.log', mode: 'a', verbosity: 9
--------------------------------------------------------------------------------
Parameters
                           instance_path           ./input/Instances/Original/5/
                            model_policy                                       1
                             nb_vehicles                                       3
                              output_dir ./output/vi_vc+hc1_half/OU/V3/Original/
                            sec_strategy                                       1
                       solver_nb_threads                                       2
                         solver_show_log                                    true
                       solver_time_limit                                    3600
                              use_vi_cos                                   false
                              use_vi_cus                                   false
                         use_vi_hc1_full                                   false
                         use_vi_hc1_half                                    true
                      use_vi_hc1_quarter                                   false
                              use_vi_hc2                                   false
                              use_vi_hc3                                   false
                         use_vi_lex_full                                   false
                         use_vi_lex_half                                   false
                      use_vi_lex_quarter                                   false
                              use_vi_qua                                   false
                               use_vi_vc                                    true
                               use_vi_vr                                   false
--------------------------------------------------------------------------------
executing instance: ./input/Instances/Original/5/absH3low_4n50.dat
--------------------------------------------------------------------------------
Instance details
n	51
H	3
C	4066
Li:
[0, 0, 0, 0, 0, 0, 0, 0, 0, 0, 0, 0, 0, 0, 0, 0, 0, 0, 0, 0, 0, 0, 0, 0, 0, 0, 0, 0, 0, 0, 0, 0, 0, 0, 0, 0, 0, 0, 0, 0, 0, 0, 0, 0, 0, 0, 0, 0, 0, 0, 0, ]
Ui:
[0, 108, 126, 122, 66, 120, 48, 30, 128, 54, 158, 198, 36, 66, 210, 234, 147, 297, 171, 128, 116, 120, 219, 70, 294, 207, 134, 128, 234, 122, 22, 183, 195, 255, 132, 124, 66, 189, 219, 66, 128, 102, 288, 66, 87, 136, 36, 39, 282, 36, 237, ]
Distance matrix:
|0	210	444	498	509	104	438	228	487	304	456	434	526	476	163	47	293	396	293	290	313	85	280	437	293	336	409	106	449	376	433	478	193	404	404	534	278	181	380	507	189	438	263	473	353	216	202	218	452	254	465	|
|210	0	299	507	359	106	345	409	358	411	320	402	555	448	136	200	289	264	306	427	141	222	83	348	264	320	283	303	380	208	258	357	170	348	475	542	243	347	355	379	65	479	172	373	355	251	112	229	402	210	300	|
|444	299	0	363	65	358	116	542	66	440	26	241	425	272	282	407	251	51	276	490	159	397	224	124	217	237	48	490	170	99	83	74	261	180	430	385	214	479	231	85	270	390	184	116	271	300	409	276	210	215	54	|
|498	507	363	0	385	482	246	424	326	254	343	123	63	93	388	452	221	337	211	314	428	414	480	239	243	187	324	463	194	418	438	307	346	188	156	36	264	392	156	326	444	87	340	258	154	286	603	294	153	297	417	|
|509	359	65	385	0	422	145	602	59	492	59	269	448	292	348	472	305	115	329	545	218	462	281	152	274	286	106	554	192	153	116	78	326	216	472	403	274	540	271	63	334	425	249	127	316	361	468	337	233	278	69	|
|104	106	358	482	422	0	372	309	408	337	374	396	521	441	98	96	262	314	271	342	215	124	177	373	249	302	329	198	394	281	337	402	139	353	419	518	230	250	343	428	90	437	188	405	328	200	134	188	406	199	372	|
|438	345	116	246	145	372	0	485	87	357	97	126	309	155	279	394	180	101	200	414	223	373	288	8	157	150	84	459	53	188	196	68	245	72	328	269	165	427	128	97	297	280	184	36	175	250	456	233	94	184	170	|
|228	409	542	424	602	309	485	0	561	170	544	419	424	446	298	214	305	491	286	115	462	187	457	480	331	339	496	124	470	510	565	545	295	424	279	454	329	66	376	576	363	340	370	520	330	242	429	266	453	328	581	|
|487	358	66	326	59	408	87	561	0	441	40	211	389	233	324	446	258	95	281	497	220	431	287	95	230	234	79	522	133	164	146	19	297	160	415	344	233	500	215	21	323	367	224	68	261	320	470	299	174	242	106	|
|304	411	440	254	492	337	357	170	441	0	434	266	255	286	275	266	189	392	164	63	408	225	428	351	224	207	392	234	330	438	484	424	250	287	112	284	232	149	233	453	349	170	302	389	185	168	471	195	305	248	487	|
|456	320	26	343	59	374	97	544	40	434	0	223	406	252	294	418	247	60	271	487	181	405	247	105	215	229	49	498	149	124	109	48	270	165	419	364	215	482	218	60	288	375	194	92	261	302	431	279	190	220	75	|
|434	402	241	123	269	396	126	419	211	266	223	0	185	46	298	387	140	213	145	328	310	355	366	118	147	97	201	425	78	295	315	191	256	65	211	151	166	371	53	215	343	157	231	145	90	220	505	217	41	198	295	|
|526	555	425	63	448	521	309	424	389	255	406	185	0	156	430	481	266	398	252	310	485	442	534	301	293	237	386	480	257	478	500	370	390	249	145	55	313	401	212	389	491	89	392	321	201	322	646	334	216	345	479	|
|476	448	272	93	292	441	155	446	233	286	252	46	156	0	343	429	183	250	184	348	353	396	411	148	192	140	236	461	102	334	350	214	302	106	214	113	212	402	98	233	389	151	277	165	125	261	551	260	62	244	325	|
|163	136	282	388	348	98	279	298	324	275	294	298	430	343	0	124	167	234	178	296	167	121	162	279	151	205	247	216	297	224	280	316	42	256	340	423	132	232	246	344	74	349	100	314	233	115	216	97	308	101	307	|
|47	200	407	452	472	96	394	214	446	266	418	387	481	429	124	0	246	358	245	259	284	41	261	392	247	289	370	103	403	345	402	436	150	358	361	488	232	158	333	466	165	393	223	430	306	168	217	171	406	210	431	|
|293	289	251	221	305	262	180	305	258	189	247	140	266	183	167	246	0	204	26	240	238	215	276	175	37	43	203	289	169	255	297	242	125	122	202	257	52	248	87	272	225	191	134	215	67	80	382	77	163	81	298	|
|396	264	51	337	115	314	101	491	95	392	60	213	398	250	234	358	204	0	229	442	130	347	196	108	169	194	19	440	152	87	102	93	211	149	390	363	165	428	194	116	228	355	134	117	230	250	376	225	189	164	95	|
|293	306	276	211	329	271	200	286	281	164	271	145	252	184	178	245	26	229	0	216	262	212	297	195	63	53	228	280	184	280	323	264	138	137	178	248	76	232	95	294	241	173	156	234	60	77	395	83	172	102	324	|
|290	427	490	314	545	342	414	115	497	63	487	328	310	348	296	259	240	442	216	0	443	220	456	408	273	264	443	204	390	479	529	480	278	346	165	343	278	115	293	509	369	229	340	447	244	202	473	230	366	288	536	|
|313	141	159	428	218	215	223	462	220	408	181	310	485	353	167	284	238	130	262	443	0	288	67	228	202	252	149	382	267	67	122	221	168	247	440	459	186	396	273	241	125	423	107	245	291	242	251	214	297	162	160	|
|85	222	397	414	462	124	373	187	431	225	405	355	442	396	121	41	215	347	212	220	288	0	273	371	221	258	357	95	378	344	401	420	136	331	321	450	208	126	302	450	177	353	213	409	272	136	253	143	377	190	426	|
|280	83	224	480	281	177	288	457	287	428	247	366	534	411	162	261	276	196	297	456	67	273	0	292	243	298	215	363	329	128	176	288	179	305	475	513	224	392	324	307	96	466	143	311	335	261	187	235	357	195	219	|
|437	348	124	239	152	373	8	480	95	351	105	118	301	148	279	392	175	108	195	408	228	371	292	0	154	144	91	456	46	194	203	76	244	65	320	261	163	423	121	103	299	273	185	40	168	247	459	230	86	183	178	|
|293	264	217	243	274	249	157	331	230	224	215	147	293	192	151	247	37	169	63	273	202	221	243	154	0	57	170	303	157	217	260	215	110	111	238	278	21	271	94	245	201	223	100	193	92	93	362	78	160	54	263	|
|336	320	237	187	286	302	150	339	234	207	229	97	237	140	205	289	43	194	53	264	252	258	298	144	57	0	190	331	131	257	294	216	163	84	197	221	77	285	44	246	258	172	155	183	39	123	418	119	120	110	288	|
|409	283	48	324	106	329	84	496	79	392	49	201	386	236	247	370	203	19	228	443	149	357	215	91	170	190	0	449	136	105	114	75	221	138	384	349	168	434	185	99	245	346	146	98	224	255	394	231	174	171	99	|
|106	303	490	463	554	198	459	124	522	234	498	425	480	461	216	103	289	440	280	204	382	95	363	456	303	331	449	0	458	439	496	510	229	410	344	498	293	89	374	540	267	391	307	495	336	211	308	226	451	280	520	|
|449	380	170	194	192	394	53	470	133	330	149	78	257	102	297	403	169	152	184	390	267	378	329	46	157	131	136	458	0	238	249	114	259	47	287	216	171	416	96	137	327	235	211	67	145	247	488	235	41	197	223	|
|376	208	99	418	153	281	188	510	164	438	124	295	478	334	224	345	255	87	280	479	67	344	128	194	217	257	105	439	238	0	57	169	216	230	453	445	206	445	268	184	191	427	141	202	296	278	315	250	274	191	92	|
|433	258	83	438	116	337	196	565	146	484	109	315	500	350	280	402	297	102	323	529	122	401	176	203	260	294	114	496	249	57	0	157	271	252	490	463	251	499	296	162	247	457	195	199	331	329	362	302	288	241	47	|
|478	357	74	307	78	402	68	545	19	424	48	191	370	214	316	436	242	93	264	480	221	420	288	76	215	216	75	510	114	169	157	0	287	141	396	325	219	485	196	31	319	347	216	49	243	306	469	286	154	230	120	|
|193	170	261	346	326	139	245	295	297	250	270	256	390	302	42	150	125	211	138	278	168	136	179	244	110	163	221	229	259	216	271	287	0	216	305	382	91	229	204	316	105	310	78	280	192	83	257	60	268	62	292	|
|404	348	180	188	216	353	72	424	160	287	165	65	249	106	256	358	122	149	137	346	247	331	305	65	111	84	138	410	47	230	252	141	216	0	255	215	126	369	56	168	292	210	177	102	103	200	454	189	54	155	234	|
|404	475	430	156	472	419	328	279	415	112	419	211	145	214	340	361	202	390	178	165	440	321	475	320	238	197	384	344	287	453	490	396	305	255	0	181	254	261	201	422	410	69	335	353	160	225	551	246	252	280	482	|
|534	542	385	36	403	518	269	454	344	284	364	151	55	113	423	488	257	363	248	343	459	450	513	261	278	221	349	498	216	445	463	325	382	215	181	0	298	425	189	342	479	115	373	276	190	323	638	330	175	332	439	|
|278	243	214	264	274	230	165	329	233	232	215	166	313	212	132	232	52	165	76	278	186	208	224	163	21	77	168	293	171	206	251	219	91	126	254	298	0	267	114	250	181	242	82	202	112	88	341	68	177	33	258	|
|181	347	479	392	540	250	427	66	500	149	482	371	401	402	232	158	248	428	232	115	396	126	392	423	271	285	434	89	416	445	499	485	229	369	261	425	267	0	325	516	298	313	305	463	281	180	375	203	403	264	516	|
|380	355	231	156	271	343	128	376	215	233	218	53	212	98	246	333	87	194	95	293	273	302	324	121	94	44	185	374	96	268	296	196	204	56	201	189	114	325	0	224	294	161	185	157	49	167	455	163	78	147	284	|
|507	379	85	326	63	428	97	576	21	453	60	215	389	233	344	466	272	116	294	509	241	450	307	103	245	246	99	540	137	184	162	31	316	168	422	342	250	516	224	0	344	371	244	70	271	337	490	317	176	261	120	|
|189	65	270	444	334	90	297	363	323	349	288	343	491	389	74	165	225	228	241	369	125	177	96	299	201	258	245	267	327	191	247	319	105	292	410	479	181	298	294	344	0	414	116	328	291	187	163	165	345	147	282	|
|438	479	390	87	425	437	280	340	367	170	375	157	89	151	349	393	191	355	173	229	423	353	466	273	223	172	346	391	235	427	457	347	310	210	69	115	242	313	161	371	414	0	323	301	133	238	565	253	197	273	444	|
|263	172	184	340	249	188	184	370	224	302	194	231	392	277	100	223	134	134	156	340	107	213	143	185	100	155	146	307	211	141	195	216	78	177	335	373	82	305	185	244	116	323	0	217	192	138	278	110	230	55	214	|
|473	373	116	258	127	405	36	520	68	389	92	145	321	165	314	430	215	117	234	447	245	409	311	40	193	183	98	495	67	202	199	49	280	102	353	276	202	463	157	70	328	301	217	0	205	286	485	269	106	220	167	|
|353	355	271	154	316	328	175	330	261	185	261	90	201	125	233	306	67	230	60	244	291	272	335	168	92	39	224	336	145	296	331	243	192	103	160	190	112	281	49	271	291	133	192	205	0	138	449	141	123	145	323	|
|216	251	300	286	361	200	250	242	320	168	302	220	322	261	115	168	80	250	77	202	242	136	261	247	93	123	255	211	247	278	329	306	83	200	225	323	88	180	167	337	187	238	138	286	138	0	328	28	243	88	340	|
|202	112	409	603	468	134	456	429	470	471	431	505	646	551	216	217	382	376	395	473	251	253	187	459	362	418	394	308	488	315	362	469	257	454	551	638	341	375	455	490	163	565	278	485	449	328	0	313	508	308	406	|
|218	229	276	294	337	188	233	266	299	195	279	217	334	260	97	171	77	225	83	230	214	143	235	230	78	119	231	226	235	250	302	286	60	189	246	330	68	203	163	317	165	253	110	269	141	28	313	0	235	61	315	|
|452	402	210	153	233	406	94	453	174	305	190	41	216	62	308	406	163	189	172	366	297	377	357	86	160	120	174	451	41	274	288	154	268	54	252	175	177	403	78	176	345	197	230	106	123	243	508	235	0	207	264	|
|254	210	215	297	278	199	184	328	242	248	220	198	345	244	101	210	81	164	102	288	162	190	195	183	54	110	171	280	197	191	241	230	62	155	280	332	33	264	147	261	147	273	55	220	145	88	308	61	207	0	253	|
|465	300	54	417	69	372	170	581	106	487	75	295	479	325	307	431	298	95	324	536	160	426	219	178	263	288	99	520	223	92	47	120	292	234	482	439	258	516	284	120	282	444	214	167	323	340	406	315	264	253	0	|

--------------------------------------------------------------------------------
Building model...
	using lazy and cut (CVRPSEP package)
Solving IRP LP...
--------------------------------------------------------------------------------

Gurobi 9.1.0 (linux64) logging started Sun Feb 14 07:53:32 2021

Gurobi Optimizer version 9.1.0 build v9.1.0rc0 (linux64)
Thread count: 32 physical cores, 32 logical processors, using up to 2 threads
Optimize a model with 1725 rows, 12588 columns and 30390 nonzeros
Model fingerprint: 0xbd3a27ac
Variable types: 654 continuous, 11934 integer (459 binary)
Coefficient statistics:
  Matrix range     [1e+00, 1e+03]
  Objective range  [1e-02, 6e+02]
  Bounds range     [1e+00, 3e+02]
  RHS range        [1e+00, 7e+03]
Presolve removed 479 rows and 666 columns
Presolve time: 0.12s
Presolved: 1246 rows, 11922 columns, 27397 nonzeros
Variable types: 395 continuous, 11527 integer (11060 binary)

Root relaxation: objective 3.386180e+03, 1339 iterations, 0.05 seconds

    Nodes    |    Current Node    |     Objective Bounds      |     Work
 Expl Unexpl |  Obj  Depth IntInf | Incumbent    BestBd   Gap | It/Node Time

     0     0 3386.17966    0  154          - 3386.17966      -     -    0s
     0     0 3700.00513    0  140          - 3700.00513      -     -    0s
     0     0 3700.48827    0  139          - 3700.48827      -     -    1s
     0     0 3700.48827    0  148          - 3700.48827      -     -    1s
     0     0 4334.68577    0  249          - 4334.68577      -     -    1s
     0     0 4412.40157    0  252          - 4412.40157      -     -    1s
     0     0 4425.28293    0  231          - 4425.28293      -     -    1s
     0     0 4426.78906    0  266          - 4426.78906      -     -    1s
     0     0 4442.72676    0  266          - 4442.72676      -     -    1s
     0     0 4445.41105    0  254          - 4445.41105      -     -    1s
     0     0 4445.81490    0  286          - 4445.81490      -     -    1s
     0     0 4539.34460    0  352          - 4539.34460      -     -    2s
     0     0 4554.56195    0  358          - 4554.56195      -     -    2s
     0     0 4571.36007    0  287          - 4571.36007      -     -    2s
     0     0 4577.61080    0  347          - 4577.61080      -     -    2s
     0     0 4585.16536    0  387          - 4585.16536      -     -    2s
     0     0 4588.23813    0  381          - 4588.23813      -     -    2s
     0     0 4595.38531    0  387          - 4595.38531      -     -    3s
     0     0 4598.93802    0  389          - 4598.93802      -     -    3s
     0     0 4599.77643    0  402          - 4599.77643      -     -    3s
     0     0 4654.95588    0  430          - 4654.95588      -     -    3s
     0     0 4654.95588    0  430          - 4654.95588      -     -    5s
     0     0 4668.82286    0  407          - 4668.82286      -     -    6s
     0     0 4669.68191    0  436          - 4669.68191      -     -    6s
     0     0 4689.07450    0  466          - 4689.07450      -     -    6s
     0     0 4692.05536    0  476          - 4692.05536      -     -    7s
     0     0 4692.74992    0  476          - 4692.74992      -     -    7s
     0     0 4695.78628    0  402          - 4695.78628      -     -    7s
     0     0 4697.26573    0  401          - 4697.26573      -     -    7s
     0     0 4702.70775    0  419          - 4702.70775      -     -    7s
     0     0 4702.70775    0  418          - 4702.70775      -     -    7s
     0     2 4702.70775    0  418          - 4702.70775      -     -    9s
     1     4 4724.47076    1  367          - 4702.72195      -   646   10s
    54    57 5157.78642   13  369          - 4726.91384      -   299   15s
   219   236 5737.63706   43   83          - 4726.91384      -   178   20s
*  487   500             193    8222.7200000 4726.91384  42.5%   104   23s
   532   498 6498.13806  102   50 8222.72000 4726.91384  42.5%  95.5   30s
   644   628 7075.84500  180   14 8222.72000 4726.91384  42.5%  86.8   35s
   723   684 8114.72261  238   17 8222.72000 4735.33245  42.4%  81.4   40s
   746   690 4930.33779   16  176 8222.72000 4735.33245  42.4%  84.0   51s
   748   692 6468.35000  158  459 8222.72000 4735.33245  42.4%  83.8   55s
   761   700 7201.54763  193  625 8222.72000 4754.76289  42.2%  82.4   60s
   771   707 5862.90153   95  609 8222.72000 4767.54456  42.0%  81.3   65s
   780   713 7045.97627  176  505 8222.72000 4770.34740  42.0%  80.4   70s
   782   714 6244.30356   71  505 8222.72000 4777.22660  41.9%  80.2   75s
   799   729 4824.70011   18  386 8222.72000 4820.49774  41.4%   105   80s
   831   755 4897.55838   26  288 8222.72000 4820.49774  41.4%   118   85s
   872   783 5076.11687   37  195 8222.72000 4820.49774  41.4%   127   90s
   943   847 5190.85489   53  200 8222.72000 4820.49774  41.4%   131   95s
  1097   948 5444.65081   71  164 8222.72000 4820.49774  41.4%   125  100s
  1222  1003 5591.69957   83  148 8222.72000 4820.49774  41.4%   119  105s
  1260  1011 5689.93699   89  182 8222.72000 4820.49774  41.4%   119  110s
  1297  1037 5897.38877  103  153 8222.72000 4820.49774  41.4%   122  115s
  1337  1052 6558.10291  120  171 8222.72000 4820.49774  41.4%   126  121s
  1372  1101 7384.43720  135  105 8222.72000 4820.49774  41.4%   128  125s
  1419  1087 4869.07750   20  545 8222.72000 4826.18218  41.3%   130  130s
  1430  1092 4951.37055   23  383 8222.72000 4826.18218  41.3%   135  135s
  1455  1113 5001.45848   31  391 8222.72000 4826.18218  41.3%   142  141s
  1483  1134 5046.16845   35  337 8222.72000 4826.18218  41.3%   147  146s
  1506  1148 5084.47970   41  359 8222.72000 4826.18218  41.3%   151  150s
  1533  1166 5270.21717   44  363 8222.72000 4826.18218  41.3%   156  156s
  1562  1184 5291.79641   47  148 8222.72000 4826.18218  41.3%   161  175s
  1591  1217 5393.32406   51  170 8222.72000 4826.18218  41.3%   164  181s
  1632  1258 5470.06327   65  131 8222.72000 4826.18218  41.3%   166  185s
  1710  1300 5628.73663   76  130 8222.72000 4826.18218  41.3%   165  191s
  1772  1382 5750.84637   86   56 8222.72000 4826.18218  41.3%   165  197s
  1838  1398 5880.40121   95   19 8222.72000 4826.18218  41.3%   163  200s
  1968  1475 6428.09046  116   43 8222.72000 4826.18218  41.3%   161  207s
  2013  1534 6301.86534  128   52 8222.72000 4836.73146  41.2%   159  211s
  2200  1531 5083.25456   19  414 8222.72000 4836.74978  41.2%   152  217s
  2209  1544 5052.62829   20  366 8222.72000 4836.74978  41.2%   153  220s
  2242  1573 5150.27775   29   78 8222.72000 4836.74978  41.2%   156  225s
  2280  1603 5125.88596   42  332 8222.72000 4836.74978  41.2%   158  231s
  2308  1638 5229.64875   49   51 8222.72000 4836.74978  41.2%   159  235s
  2352  1712 5172.82699   57  252 8222.72000 4836.74978  41.2%   160  242s
  2447  1800 5242.54735   63  129 8222.72000 4836.74978  41.2%   157  247s
  2569  1788 5311.60138   72  120 8222.72000 4836.74978  41.2%   153  251s
  2612  1814 5631.79847   90   58 8222.72000 4836.74978  41.2%   154  255s
  2709  1934 6038.93702  127   82 8222.72000 4836.74978  41.2%   154  263s
  2819  1917 7575.63845  163   41 8222.72000 4838.06624  41.2%   152  267s
  2870  1948 5152.31252   23  331 8222.72000 4838.06624  41.2%   151  272s
  2918  1995 5721.87449   32  299 8222.72000 4838.06624  41.2%   152  277s
  3003  2020 7297.84406   64   67 8222.72000 4847.55410  41.0%   150  283s
  3092  2042 5045.46835   21  485 8222.72000 4847.57044  41.0%   149  287s
  3112  2063 5263.28245   30  444 8222.72000 4847.57044  41.0%   150  292s
  3133  2091 5669.06575   36  312 8222.72000 4847.57044  41.0%   152  297s
  3161  2148 5847.75405   51  332 8222.72000 4847.57044  41.0%   153  301s
  3218  2299 6578.26054   83  133 8222.72000 4850.20194  41.0%   153  308s
  3435  2325 7804.16977  129   27 8222.72000 4856.07307  40.9%   147  314s
  3464  2350 5088.02764   23  443 8222.72000 4856.85615  40.9%   148  325s
  3489  2408 5492.23996   34  272 8222.72000 4856.85615  40.9%   150  330s
  3547  2555 5795.65561   65  106 8222.72000 4856.92745  40.9%   151  344s
  3771  2612 7927.36000  147    - 8222.72000 4860.71347  40.9%   146  351s
  3844  2655 8001.41000  152    - 8222.72000 4865.67748  40.8%   146  357s
  3883  2706 7961.42857  155   24 8222.72000 4865.77823  40.8%   148  365s
  3963  2739 5060.32753   23  389 8222.72000 4866.01379  40.8%   148  371s
  3987  2758 5169.31235   31  386 8222.72000 4866.01379  40.8%   151  379s
  4006  2796 5255.13606   36  212 8222.72000 4866.01379  40.8%   152  385s
  4044  2890 5301.46457   47  269 8222.72000 4866.01379  40.8%   154  392s
  4138  3139 5664.58527   78   60 8222.72000 4871.45906  40.8%   154  401s
  4499  3216 7898.38000  134    - 8222.72000 4876.75379  40.7%   146  410s
  4554  3260 infeasible  134      8222.72000 4877.83143  40.7%   147  418s
  4598  3303 5143.44374   35  257 8222.72000 4877.83143  40.7%   149  426s
  4665  3350 5947.86838   48  195 8222.72000 4877.83143  40.7%   150  434s
  4712  3462 6734.98728   86   88 8222.72000 4879.29983  40.7%   151  442s
  4842  3464 8220.32000  157    - 8222.72000 4882.43005  40.6%   150  470s
  4848  3547     cutoff  157      8222.72000 4884.43295  40.6%   150  480s
  4941  3616 5141.83143   32  190 8222.72000 4884.43295  40.6%   150  490s
  5028  3732 5553.39402   75  193 8222.72000 4886.10386  40.6%   151  499s
  5144  3798 7396.75769  153   13 8222.72000 4886.80585  40.6%   151  510s
  5235  3895 7832.96000  169    - 8222.72000 4888.13959  40.6%   152  521s
  5332  4056 7907.51000  173    - 8222.72000 4890.33593  40.5%   153  534s
  5434  4065 5908.92124  119   24 8222.72000 4890.33593  40.5%   153  535s
  5541  4102 8088.84333  173   12 8222.72000 4892.47035  40.5%   151  545s
* 5649  4328             174    8139.5100000 4894.12175  39.9%   151  558s
* 5652  4312             174    8097.5100000 4894.12175  39.6%   151  558s
  5948  4406     cutoff  175      8097.51000 4895.58091  39.5%   148  572s
  6063  4614 5397.16830   41  225 8097.51000 4896.12359  39.5%   149  587s
  6290  4746 5950.55382   87   99 8097.51000 4900.02851  39.5%   148  600s
  6491  4817 7985.31000  117   18 8097.51000 4901.41166  39.5%   147  612s
  6570  4945     cutoff  121      8097.51000 4902.76890  39.5%   148  625s
  6710  5034 5242.74895   34  201 8097.51000 4902.77625  39.5%   148  638s
  6833  5125 5585.33229   46  109 8097.51000 4902.77625  39.5%   148  652s
  6922  5293 6608.46017   78   87 8097.51000 4909.38702  39.4%   149  667s
  7128  5339 infeasible  129      8097.51000 4910.23055  39.4%   148  679s
  7172  5404 5055.32790   26  287 8097.51000 4910.23055  39.4%   150  694s
  7207  5404 5696.91960   71  168 8097.51000 4910.23055  39.4%   151  695s
  7237  5651 5267.88053   36  228 8097.51000 4910.23055  39.4%   151  712s
  7587  5721 5571.21877   70   79 8097.51000 4910.23055  39.4%   149  736s
  7618  5835 5775.51343   85   68 8097.51000 4910.66200  39.4%   149  750s
  7785  5883 6950.28000  137   10 8097.51000 4912.74188  39.3%   149  764s
  7856  5920 6977.59000  139   10 8097.51000 4912.93468  39.3%   151  781s
  7920  6077 7315.30000  150   11 8097.51000 4913.89875  39.3%   152  799s
  7970  6085 5720.00229   50  196 8097.51000 4914.81523  39.3%   153  800s
  8095  6171 7670.16444  153   17 8097.51000 4914.84105  39.3%   152  815s
  8211  6274 8009.23167  166   35 8097.51000 4915.38065  39.3%   153  832s
  8341  6454 infeasible  175      8097.51000 4916.16128  39.3%   154  855s
  8558  6586 5599.67269   46  238 8097.51000 4924.24626  39.2%   154  874s
  8669  6589 7822.98000  152    4 8097.51000 4924.24626  39.2%   153  875s
  8714  6731 8057.18000  154    8 8097.51000 4924.70582  39.2%   154  892s
  8875  6917 infeasible  155      8097.51000 4924.97827  39.2%   154  910s
  9114  6978 infeasible  138      8097.51000 4931.39615  39.1%   153  925s
  9178  7154 5843.40920   62  100 8097.51000 4931.43367  39.1%   155  942s
  9414  7266     cutoff  151      8097.51000 4932.57309  39.1%   154  959s
  9524  7352 5713.44312   72  126 8097.51000 4933.84765  39.1%   155  979s
  9618  7359 5353.43143   49  135 8097.51000 4933.97292  39.1%   156  980s
  9628  7468 6501.94797  105   41 8097.51000 4934.11476  39.1%   156  997s
  9795  7490 5079.45516   20  580 8097.51000 4934.56225  39.1%   155 1000s
  9802  7527     cutoff  141      8097.51000 4935.18444  39.1%   155 1067s
  9869  7675 8047.14000  140   10 8097.51000 4935.49747  39.0%   156 1086s
 10058  7802 8090.14000  141    - 8097.51000 4936.75303  39.0%   156 1106s
 10201  7945 8090.33333  141   13 8097.51000 4936.98210  39.0%   156 1126s
 10364  8026     cutoff  142      8097.51000 4937.31378  39.0%   157 1143s
 10411  8026     cutoff  148      8097.51000 4937.94197  39.0%   157 1148s
 10442  8145 5352.94265   41  189 8097.51000 4937.94197  39.0%   158 1165s
 10561  8405 5445.69558   59  150 8097.51000 4937.94197  39.0%   159 1185s
 10831  8827 5786.86068   70   35 8097.51000 4939.45443  39.0%   159 1209s
 10938  8830 6221.66769  102   14 8097.51000 4939.45443  39.0%   159 1210s
 11369  8967 7417.97000  142    - 8097.51000 4939.47466  39.0%   156 1228s
 11546  9043 7935.06136  142   23 8097.51000 4940.36118  39.0%   155 1245s
 11660  9118 5349.33102   35  320 8097.51000 4940.98596  39.0%   156 1261s
 11728  9335 6156.89157   71  118 8097.51000 4941.17201  39.0%   157 1280s
 11963  9509 7844.58000  166    - 8097.51000 4941.48511  39.0%   157 1301s
 12184  9572 7874.14000  166    - 8097.51000 4941.58594  39.0%   156 1318s
 12264  9739 7953.14000  172    - 8097.51000 4941.79901  39.0%   158 1337s
*12271  9719             176    8078.5800000 4941.79901  38.8%   157 1337s
*12272  9708             175    8068.5800000 4941.79901  38.8%   157 1337s
 12470  9794     cutoff  176      8068.58000 4943.78883  38.7%   157 1355s
 12559  9948 8000.46667  173   23 8068.58000 4944.02937  38.7%   158 1373s
 12753 10044     cutoff  175      8068.58000 4944.60823  38.7%   158 1390s
*12756 10002             175    8031.5800000 4944.60823  38.4%   158 1390s
 12854 10195 5796.11075   67  128 8031.58000 4945.19631  38.4%   159 1408s
 13075 10426 7159.92939  138   18 8031.58000 4945.46680  38.4%   159 1431s
 13370 10499     cutoff  158      8031.58000 4946.45216  38.4%   158 1447s
 13431 10616 6105.40734   59  251 8031.58000 4948.71015  38.4%   159 1464s
 13570 10760     cutoff  139      8031.58000 4949.20984  38.4%   159 1481s
 13771 10822 5143.43405   30  511 8031.58000 4949.34361  38.4%   158 1499s
 13814 10948 5390.95397   39  321 8031.58000 4949.34361  38.4%   159 1519s
 13935 10959 7346.76492  124    8 8031.58000 4949.34361  38.4%   159 1520s
 13989 11013 5521.96826   51  319 8031.58000 4949.34361  38.4%   159 1535s
 14043 11166 5758.64251   70  237 8031.58000 4949.34361  38.4%   160 1553s
 14202 11312 6315.34070  101   25 8031.58000 4949.34361  38.4%   161 1572s
 14385 11467 6627.33391  112   76 8031.58000 4950.29673  38.4%   160 1590s
 14607 11562 7959.81921  170   50 8031.58000 4951.92054  38.3%   160 1610s
 14705 11635     cutoff  178      8031.58000 4952.52288  38.3%   160 1627s
 14794 11737 5616.34429   44  294 8031.58000 4952.68759  38.3%   161 1648s
 14931 11926 7669.12672  141   14 8031.58000 4953.60645  38.3%   161 1669s
 14979 11931 5359.30989   44  281 8031.58000 4953.60645  38.3%   161 1670s
 15187 12017     cutoff  163      8031.58000 4954.10205  38.3%   160 1686s
 15293 12075 7024.60355   98   37 8031.58000 4955.11842  38.3%   161 1704s
 15372 12131 infeasible  119      8031.58000 4956.65216  38.3%   161 1722s
 15476 12236 5291.96024   33  280 8031.58000 4956.67333  38.3%   162 1741s
 15557 12396 5521.56045   45  221 8031.58000 4956.67333  38.3%   163 1764s
 15618 12397 5834.85000   74    6 8031.58000 4956.67333  38.3%   163 1765s
 15769 12621 5918.09442   67  210 8031.58000 4956.92199  38.3%   162 1785s
 16055 12710 6360.31000  134    - 8031.58000 4957.00296  38.3%   161 1803s
 16128 12808 6443.67000  134    - 8031.58000 4957.04592  38.3%   162 1821s
 16246 12928 6639.49923  134   24 8031.58000 4957.66357  38.3%   163 1839s
 16403 13088 6868.09000  136   10 8031.58000 4958.11146  38.3%   163 1858s
 16578 13101 5665.63158   55  189 8031.58000 4959.91146  38.2%   162 1860s
 16588 13128 infeasible  152      8031.58000 4960.12994  38.2%   162 1877s
 16621 13192 5206.24767   35  301 8031.58000 4960.14736  38.2%   164 1895s
 16685 13279 5614.49623   47  193 8031.58000 4960.14736  38.2%   164 1916s
 16772 13567 5887.09606   54  196 8031.58000 4960.35683  38.2%   165 1941s
 17186 13620     cutoff  117      8031.58000 4960.48835  38.2%   163 1959s
 17221 13768 5761.56768   43  297 8031.58000 4960.93881  38.2%   164 1977s
 17389 13873 infeasible  140      8031.58000 4961.16286  38.2%   164 1996s
 17513 14061 5220.36101   32  359 8031.58000 4961.30470  38.2%   164 2017s
 17701 14273 5474.23384   49  204 8031.58000 4961.30470  38.2%   164 2041s
 18016 14504 5609.93172   77   42 8031.58000 4961.38695  38.2%   162 2063s
 18255 14526 6586.79667   85   20 8031.58000 4961.92680  38.2%   162 2065s
 18282 14564 6356.82133  135   27 8031.58000 4962.13442  38.2%   162 2082s
 18350 14650 6827.73000  145    - 8031.58000 4962.19041  38.2%   162 2101s
H18378 14494                    7923.5100000 4962.19041  37.4%   163 2102s
 18441 14569 6797.80000  145    - 7923.51000 4963.48621  37.4%   163 2122s
 18562 14642 7008.31000  145    - 7923.51000 4963.70577  37.4%   163 2141s
 18664 14790 5327.75535   39  239 7923.51000 4964.08175  37.3%   164 2161s
 18786 14934 5548.99840   64   65 7923.51000 4964.10462  37.3%   164 2185s
 19031 15043 6439.09438   91   68 7923.51000 4964.18751  37.3%   163 2203s
 19151 15103 7609.63000  147    - 7923.51000 4964.99177  37.3%   163 2221s
 19218 15119 7886.31000  147    - 7923.51000 4965.07365  37.3%   164 2239s
 19249 15151 7784.53000  145    - 7923.51000 4967.01719  37.3%   164 2257s
 19279 15188     cutoff  147      7923.51000 4967.71822  37.3%   165 2275s
 19330 15276 5425.31493   32  258 7923.51000 4967.71822  37.3%   166 2294s
 19413 15474 5464.70800   65    7 7923.51000 4967.71822  37.3%   166 2316s
 19681 15534 5606.09500   73    5 7923.51000 4968.74846  37.3%   166 2339s
 19741 15567 7378.23000  127    - 7923.51000 4968.74846  37.3%   166 2340s
 19812 15590 7456.94610  128   36 7923.51000 4969.31160  37.3%   166 2376s
 19850 15769     cutoff  133      7923.51000 4969.67485  37.3%   166 2398s
 20082 15852     cutoff  145      7923.51000 4970.23272  37.3%   166 2417s
 20157 16010 5373.82824   41  334 7923.51000 4970.89656  37.3%   166 2454s
 20214 16010 6038.89194   98   81 7923.51000 4970.89656  37.3%   166 2455s
 20364 16094 7625.14895  138   30 7923.51000 4971.92567  37.3%   166 2473s
 20476 16184 5130.44894   31  383 7923.51000 4972.99086  37.2%   166 2495s
 20558 16412 5357.92048   48  193 7923.51000 4972.99086  37.2%   167 2523s
 20741 16414 6198.54000  123    - 7923.51000 4972.99086  37.2%   166 2525s
 20820 16758 5586.45394   81  141 7923.51000 4973.06409  37.2%   166 2552s
 21262 16817 7077.71000  175    - 7923.51000 4974.51488  37.2%   163 2555s
 21346 16888     cutoff  163      7923.51000 4974.97131  37.2%   163 2573s
 21443 17022 5647.17017   52  242 7923.51000 4975.15087  37.2%   163 2594s
 21548 17023 7361.38027  156    8 7923.51000 4975.15087  37.2%   163 2595s
 21630 17112 7640.77000  168    - 7923.51000 4975.41898  37.2%   163 2614s
 21733 17242 7879.47603  169   28 7923.51000 4976.06348  37.2%   163 2636s
 21884 17337 5418.59851   42  252 7923.51000 4976.06959  37.2%   163 2656s
 21978 17613 5690.35112   67  194 7923.51000 4976.06959  37.2%   164 2679s
 22023 17613 5853.78301   85   40 7923.51000 4976.06959  37.2%   164 2680s
 22320 17703 6177.97787  120   30 7923.51000 4976.20668  37.2%   163 2701s
 22491 17783 7156.97000  164    - 7923.51000 4976.34194  37.2%   163 2720s
 22555 17922 7399.58111  164   25 7923.51000 4976.77216  37.2%   163 2741s
 22755 18026 7651.74000  170   12 7923.51000 4978.01707  37.2%   163 2761s
 22883 18078 7747.83000  171    - 7923.51000 4978.75408  37.2%   163 2781s
 22980 18115 7921.11000  175    - 7923.51000 4979.34162  37.2%   163 2800s
 23011 18162 5406.52928   24  533 7923.51000 4979.49680  37.2%   164 2819s
 23055 18322 5747.61254   29  500 7923.51000 4979.49680  37.2%   164 2844s
 23217 18365 5916.01081   32  471 7923.51000 4979.49680  37.2%   164 2867s
 23285 18408 5920.36473   34  418 7923.51000 4979.49680  37.2%   165 2889s
 23330 18541 6255.27403   48  303 7923.51000 4979.49680  37.2%   165 2913s
 23497 18636 7486.23518   80   58 7923.51000 4980.27872  37.1%   165 2936s
 23615 18781 infeasible  104      7923.51000 4980.72500  37.1%   165 2958s
 23770 18841 7878.11572  101   42 7923.51000 4981.75981  37.1%   165 2978s
 23857 18865 infeasible  113      7923.51000 4981.95717  37.1%   166 2998s
 23884 18901 5079.03074   35  406 7923.51000 4982.38335  37.1%   166 3017s
 23928 19019 5984.80234   57  193 7923.51000 4982.83827  37.1%   167 3039s
 23958 19019 6501.77500   87   97 7923.51000 4982.83827  37.1%   167 3040s
 24082 19166     cutoff  147      7923.51000 4983.19317  37.1%   167 3069s
 24228 19269     cutoff  147      7923.51000 4983.61835  37.1%   166 3095s
 24389 19375 5684.42221   56  245 7923.51000 4983.74539  37.1%   166 3118s
 24503 19423 5118.51095   23  563 7923.51000 4983.82773  37.1%   167 3137s
 24538 19506 5370.81961   35  220 7923.51000 4983.82773  37.1%   167 3163s
 24643 19645 5550.55945   46  187 7923.51000 4983.82773  37.1%   167 3255s
 24816 19825 5877.83000   66   38 7923.51000 4983.82773  37.1%   167 3290s
 24876 19825 6102.33500   85   13 7923.51000 4983.82773  37.1%   167 3305s
 25003 20000 6260.90000   88    - 7923.51000 4985.72275  37.1%   167 3338s
 25275 20066     cutoff  170      7923.51000 4986.04024  37.1%   166 3364s
 25304 20069 7528.86459  139   12 7923.51000 4986.04571  37.1%   167 3376s
 25332 20111     cutoff  171      7923.51000 4986.23085  37.1%   167 3396s
 25376 20151     cutoff  171      7923.51000 4986.32168  37.1%   167 3436s
 25406 20151 5390.16056   32  391 7923.51000 4986.32168  37.1%   168 3451s
 25418 20245 6119.01751   56  168 7923.51000 4986.51874  37.1%   168 3473s
 25444 20245 6660.20241   82   52 7923.51000 4986.51874  37.1%   168 3496s
 25554 20298 5233.36676   28  432 7923.51000 4986.51874  37.1%   168 3530s
 25593 20354 5325.75766   41  323 7923.51000 4986.51874  37.1%   169 3551s
 25649 20458 5749.12283   57  172 7923.51000 4986.51874  37.1%   169 3590s
 25753 20519 5967.25706   93   32 7923.51000 4986.51874  37.1%   169 3600s

Cutting planes:
  User: 3453
  Gomory: 44
  Cover: 437
  Implied bound: 200
  Clique: 52
  MIR: 115
  StrongCG: 1
  Flow cover: 352
  GUB cover: 1
  Zero half: 55
  Network: 11
  RLT: 334
  Relax-and-lift: 3
  Lazy constraints: 10915

Explored 25828 nodes (4380042 simplex iterations) in 3600.63 seconds
Thread count was 2 (of 32 available processors)

Solution count 7: 7923.51 8031.58 8068.58 ... 8222.72

Time limit reached
Best objective 7.923510000000e+03, best bound 4.986518744375e+03, gap 37.0668%

User-callback calls 562969, time in user-callback 296.72 sec
================================================================================
executing instance: ./input/Instances/Original/5/absH3low_4n25.dat
--------------------------------------------------------------------------------
Instance details
n	26
H	3
C	2029
Li:
[0, 0, 0, 0, 0, 0, 0, 0, 0, 0, 0, 0, 0, 0, 0, 0, 0, 0, 0, 0, 0, 0, 0, 0, 0, 0, ]
Ui:
[0, 34, 165, 76, 88, 188, 58, 279, 52, 132, 198, 142, 135, 165, 186, 58, 201, 196, 40, 183, 32, 90, 168, 126, 93, 146, ]
Distance matrix:
|0	299	188	235	91	202	152	147	162	277	268	132	71	162	220	69	220	289	241	124	265	80	162	132	66	302	|
|299	0	468	431	282	142	317	425	443	569	193	178	359	302	422	231	93	28	511	325	457	242	434	215	240	601	|
|188	468	0	153	265	342	308	43	192	106	455	290	117	206	142	246	379	464	252	274	360	267	211	319	231	184	|
|235	431	153	0	326	289	386	145	321	240	482	269	184	129	15	258	339	436	393	355	477	305	336	354	237	334	|
|91	282	265	326	0	228	66	228	166	339	196	157	154	242	311	99	225	264	229	50	201	47	153	71	115	340	|
|202	142	342	289	228	0	285	301	363	447	255	73	245	161	281	139	53	151	440	278	428	181	360	187	136	495	|
|152	317	308	386	66	285	0	275	167	368	188	217	207	308	371	163	274	295	210	34	145	108	148	104	181	350	|
|147	425	43	145	228	301	275	0	179	146	415	248	76	172	131	203	337	421	248	242	341	227	195	279	188	211	|
|162	443	192	321	166	363	167	179	0	216	352	291	152	302	307	225	375	428	81	138	170	201	22	237	227	183	|
|277	569	106	240	339	447	368	146	216	0	535	391	210	312	232	341	481	562	245	335	381	352	238	402	329	106	|
|268	193	455	482	196	255	188	415	352	535	0	225	339	367	469	224	212	165	398	214	302	188	335	136	245	533	|
|132	178	290	269	157	73	217	248	291	391	225	0	183	145	258	66	91	175	367	207	358	110	287	127	67	431	|
|71	359	117	184	154	245	207	76	152	210	339	183	0	152	169	131	274	352	232	174	294	151	161	203	119	251	|
|162	302	206	129	242	161	308	172	302	312	367	145	152	0	120	153	210	308	383	284	426	208	309	249	132	383	|
|220	422	142	15	311	281	371	131	307	232	469	258	169	120	0	245	330	427	379	340	461	291	321	340	224	324	|
|69	231	246	258	99	139	163	203	225	341	224	66	131	153	245	0	152	222	301	147	299	57	221	97	22	371	|
|220	93	379	339	225	53	274	337	375	481	212	91	274	210	330	152	0	99	448	273	419	180	369	171	157	521	|
|289	28	464	436	264	151	295	421	428	562	165	175	352	308	427	222	99	0	493	305	434	227	418	196	234	590	|
|241	511	252	393	229	440	210	248	81	245	398	367	232	383	379	301	448	493	0	190	147	270	80	298	305	175	|
|124	325	274	355	50	278	34	242	138	335	214	207	174	284	340	147	273	305	190	0	152	97	122	110	162	320	|
|265	457	360	477	201	428	145	341	170	381	302	358	294	426	461	299	419	434	147	152	0	248	150	249	312	322	|
|80	242	267	305	47	181	108	227	201	352	188	110	151	208	291	57	180	227	270	97	248	0	192	52	76	366	|
|162	434	211	336	153	360	148	195	22	238	335	287	161	309	321	221	369	418	80	122	150	192	0	224	225	203	|
|132	215	319	354	71	187	104	279	237	402	136	127	203	249	340	97	171	196	298	110	249	52	224	0	118	409	|
|66	240	231	237	115	136	181	188	227	329	245	67	119	132	224	22	157	234	305	162	312	76	225	118	0	364	|
|302	601	184	334	340	495	350	211	183	106	533	431	251	383	324	371	521	590	175	320	322	366	203	409	364	0	|

--------------------------------------------------------------------------------
Building model...
	using lazy and cut (CVRPSEP package)
Solving IRP LP...
--------------------------------------------------------------------------------

Gurobi 9.1.0 (linux64) logging started Sun Feb 14 08:54:04 2021

Gurobi Optimizer version 9.1.0 build v9.1.0rc0 (linux64)
Thread count: 32 physical cores, 32 logical processors, using up to 2 threads
Optimize a model with 878 rows, 3488 columns and 9158 nonzeros
Model fingerprint: 0x9bf76f4e
Variable types: 329 continuous, 3159 integer (234 binary)
Coefficient statistics:
  Matrix range     [1e+00, 7e+02]
  Objective range  [1e-02, 6e+02]
  Bounds range     [1e+00, 3e+02]
  RHS range        [1e+00, 3e+03]
