




arguments: ./build/bc_mirp -f ./input/orig_exec_63.cfg
Current dir: /scratch/gui/bc_mirp
File verbosity level: 9
date       time         ( uptime  ) [ thread name/id ]                   file:line     v| 
2021-02-07 04:06:20.802 (   0.172s) [main thread     ]             loguru.cpp:789   INFO| Logging to './output/vi_vc+hc1_half/OU/V3/Original/execution_07_02_2021_04_06_20.log', mode: 'a', verbosity: 9
--------------------------------------------------------------------------------
Parameters
                           instance_path           ./input/Instances/Original/2/
                            model_policy                                       1
                             nb_vehicles                                       3
                              output_dir ./output/vi_vc+hc1_half/OU/V3/Original/
                            sec_strategy                                       1
                       solver_nb_threads                                       2
                         solver_show_log                                    true
                       solver_time_limit                                    3600
                              use_vi_cos                                   false
                              use_vi_cus                                   false
                         use_vi_hc1_full                                   false
                         use_vi_hc1_half                                    true
                      use_vi_hc1_quarter                                   false
                              use_vi_hc2                                   false
                              use_vi_hc3                                   false
                         use_vi_lex_full                                   false
                         use_vi_lex_half                                   false
                      use_vi_lex_quarter                                   false
                              use_vi_qua                                   false
                               use_vi_vc                                    true
                               use_vi_vr                                   false
--------------------------------------------------------------------------------
executing instance: ./input/Instances/Original/2/absH3high_3n40.dat
--------------------------------------------------------------------------------
Instance details
n	41
H	3
C	3283
Li:
[0, 0, 0, 0, 0, 0, 0, 0, 0, 0, 0, 0, 0, 0, 0, 0, 0, 0, 0, 0, 0, 0, 0, 0, 0, 0, 0, 0, 0, 0, 0, 0, 0, 0, 0, 0, 0, 0, 0, 0, 0, ]
Ui:
[0, 63, 111, 99, 96, 111, 282, 122, 156, 261, 42, 192, 126, 42, 162, 207, 159, 122, 102, 190, 118, 102, 132, 102, 165, 252, 66, 52, 22, 114, 210, 176, 116, 294, 78, 152, 210, 45, 130, 198, 174, ]
Distance matrix:
|0	208	225	252	227	143	258	127	267	150	28	83	163	286	57	149	201	137	214	255	70	73	107	186	328	266	249	343	222	177	293	144	262	215	167	120	169	218	143	173	255	|
|208	0	397	355	416	198	216	99	211	275	193	172	97	166	240	225	362	109	277	314	182	216	273	374	298	208	319	161	14	103	93	120	58	196	152	156	372	227	260	218	453	|
|225	397	0	427	53	364	482	343	492	129	253	225	382	386	171	188	39	291	187	195	295	182	282	55	326	491	180	551	408	315	457	366	455	275	392	244	221	439	341	214	101	|
|252	355	427	0	401	158	201	263	219	396	234	328	259	498	299	400	420	354	465	506	205	324	152	374	574	219	499	393	366	389	446	235	378	456	205	359	224	150	111	423	400	|
|227	416	53	401	0	357	477	352	489	165	253	245	389	424	179	223	85	315	234	245	293	200	264	42	375	488	231	565	428	344	484	370	474	314	392	270	184	430	325	252	50	|
|143	198	364	158	357	0	121	105	134	290	116	196	103	342	200	276	343	205	343	385	74	210	112	319	432	133	382	265	209	237	290	78	226	313	57	220	232	75	69	292	375	|
|258	216	482	201	477	121	0	168	18	397	230	293	135	381	314	372	459	275	437	480	188	317	228	439	501	18	479	197	222	296	290	132	212	386	95	306	347	58	173	381	496	|
|127	99	343	263	352	105	168	0	171	239	105	130	40	237	173	206	313	109	270	312	84	164	175	310	337	169	313	216	112	135	192	37	142	220	77	138	280	155	162	213	382	|
|267	211	492	219	489	134	18	171	0	404	240	298	136	376	323	376	468	276	441	483	198	324	243	450	500	2	483	181	215	294	281	136	202	386	102	309	363	75	189	384	509	|
|150	275	129	396	165	290	397	239	404	0	175	110	279	259	97	59	91	166	84	116	217	80	245	130	226	402	106	434	286	187	329	269	333	149	302	119	244	364	291	87	213	|
|28	193	253	234	253	116	230	105	240	175	0	94	139	286	84	167	229	136	234	275	43	96	98	212	341	238	271	320	206	175	281	118	244	225	140	128	180	191	124	189	280	|
|83	172	225	328	245	196	293	130	298	110	94	0	169	209	77	80	191	71	147	189	127	45	189	203	247	296	187	327	184	106	241	162	230	132	198	38	242	266	217	96	285	|
|163	97	382	259	389	103	135	40	136	279	139	169	0	253	212	244	353	141	307	349	110	203	194	347	366	133	350	183	107	161	187	27	124	251	56	175	306	133	169	249	418	|
|286	166	386	498	424	342	381	237	376	259	286	209	253	0	284	201	347	151	210	230	299	247	383	387	155	374	242	290	162	112	129	270	192	113	308	172	451	386	391	172	471	|
|57	240	171	299	179	200	314	173	323	97	84	77	212	284	0	112	145	147	170	208	127	38	148	137	299	321	201	386	253	183	315	195	297	195	222	112	171	275	195	142	214	|
|149	225	188	400	223	276	372	206	376	59	167	80	244	201	112	0	149	117	67	110	205	78	254	186	187	374	108	387	235	132	272	240	283	93	277	71	279	346	291	32	270	|
|201	362	39	420	85	343	459	313	468	91	229	191	353	347	145	149	0	254	149	160	272	150	271	66	290	466	146	518	373	278	419	339	420	235	367	207	227	418	327	175	135	|
|137	109	291	354	315	205	275	109	276	166	136	71	141	151	147	117	254	0	172	212	151	116	232	273	229	274	215	270	119	39	170	145	167	111	186	47	305	263	245	113	356	|
|214	277	187	465	234	343	437	270	441	84	234	147	307	210	170	67	149	172	0	42	272	141	317	205	144	439	43	437	284	175	307	305	331	99	343	132	327	413	357	60	283	|
|255	314	195	506	245	385	480	312	483	116	275	189	349	230	208	110	160	212	42	0	314	182	356	222	132	481	15	474	321	212	337	347	367	126	385	174	358	455	398	100	295	|
|70	182	295	205	293	74	188	84	198	217	43	127	110	299	127	205	272	151	272	314	0	137	91	253	370	196	310	292	195	188	274	85	226	252	99	155	197	148	94	223	316	|
|73	216	182	324	200	210	317	164	324	80	96	45	203	247	38	78	150	116	141	182	137	0	176	158	263	323	176	369	229	150	286	191	274	157	223	77	208	284	216	106	239	|
|107	273	282	152	264	112	228	175	243	245	98	189	194	383	148	254	271	232	317	356	91	176	0	231	435	242	349	371	286	271	365	167	315	321	164	224	120	174	61	280	274	|
|186	374	55	374	42	319	439	310	450	130	212	203	347	387	137	186	66	273	205	222	253	158	231	0	348	448	208	523	386	303	442	329	431	279	352	229	167	392	291	217	85	|
|328	298	326	574	375	432	501	337	500	226	341	247	366	155	299	187	290	229	144	132	370	263	435	348	0	498	147	441	299	206	283	374	338	119	414	215	465	492	463	157	425	|
|266	208	491	219	488	133	18	169	2	402	238	296	133	374	321	374	466	274	439	481	196	323	242	448	498	0	481	180	213	292	278	134	200	384	100	307	362	75	188	381	508	|
|249	319	180	499	231	382	479	313	483	106	271	187	350	242	201	108	146	215	43	15	310	176	349	208	147	481	0	480	326	217	346	347	373	135	385	175	347	454	392	103	280	|
|343	161	551	393	565	265	197	216	181	434	320	327	183	290	386	387	518	270	437	474	292	369	371	523	441	180	480	0	153	263	163	207	107	352	208	317	487	244	334	379	598	|
|222	14	408	366	428	209	222	112	215	286	206	184	107	162	253	235	373	119	284	321	195	229	286	386	299	213	326	153	0	109	81	132	48	201	162	167	386	236	272	226	466	|
|177	103	315	389	344	237	296	135	294	187	175	106	161	112	183	132	278	39	175	212	188	150	271	303	206	292	217	263	109	0	142	171	156	95	211	74	344	289	281	118	386	|
|293	93	457	446	484	290	290	192	281	329	281	241	187	129	315	272	419	170	307	337	274	286	365	442	283	278	346	163	81	142	0	212	79	211	241	214	461	311	353	254	525	|
|144	120	366	235	370	78	132	37	136	269	118	162	27	270	195	240	339	145	305	347	85	191	167	329	374	134	347	207	132	171	212	0	151	257	40	174	280	119	142	248	398	|
|262	58	455	378	474	226	212	142	202	333	244	230	124	192	297	283	420	167	331	367	226	274	315	431	338	200	373	107	48	156	79	151	0	245	173	214	421	237	293	273	510	|
|215	196	275	456	314	313	386	220	386	149	225	132	251	113	195	93	235	111	99	126	252	157	321	279	119	384	135	352	201	95	211	257	245	0	297	97	365	374	345	62	362	|
|167	152	392	205	392	57	95	77	102	302	140	198	56	308	222	277	367	186	343	385	99	223	164	352	414	100	385	208	162	211	241	40	173	297	0	213	283	79	126	287	415	|
|120	156	244	359	270	220	306	138	309	119	128	38	175	172	112	71	207	47	132	174	155	77	224	229	215	307	175	317	167	74	214	174	214	97	213	0	280	286	248	75	313	|
|169	372	221	224	184	232	347	280	363	244	180	242	306	451	171	279	227	305	327	358	197	208	120	167	465	362	347	487	386	344	461	280	421	365	283	280	0	291	175	310	176	|
|218	227	439	150	430	75	58	155	75	364	191	266	133	386	275	346	418	263	413	455	148	284	174	392	492	75	454	244	236	289	311	119	237	374	79	286	291	0	116	359	445	|
|143	260	341	111	325	69	173	162	189	291	124	217	169	391	195	291	327	245	357	398	94	216	61	291	463	188	392	334	272	281	353	142	293	345	126	248	175	116	0	313	335	|
|173	218	214	423	252	292	381	213	384	87	189	96	249	172	142	32	175	113	60	100	223	106	280	217	157	381	103	379	226	118	254	248	273	62	287	75	310	359	313	0	300	|
|255	453	101	400	50	375	496	382	509	213	280	285	418	471	214	270	135	356	283	295	316	239	274	85	425	508	280	598	466	386	525	398	510	362	415	313	176	445	335	300	0	|

--------------------------------------------------------------------------------
Building model...
	using lazy and cut (CVRPSEP package)
Solving IRP LP...
--------------------------------------------------------------------------------

Gurobi 9.1.0 (linux64) logging started Sun Feb  7 04:06:21 2021

Gurobi Optimizer version 9.1.0 build v9.1.0rc0 (linux64)
Thread count: 32 physical cores, 32 logical processors, using up to 2 threads
Optimize a model with 1385 rows, 8273 columns and 20420 nonzeros
Model fingerprint: 0xfd400fae
Variable types: 524 continuous, 7749 integer (369 binary)
Coefficient statistics:
  Matrix range     [1e+00, 1e+03]
  Objective range  [1e-01, 6e+02]
  Bounds range     [1e+00, 3e+02]
  RHS range        [1e+00, 6e+03]
Presolve removed 391 rows and 536 columns
Presolve time: 0.10s
Presolved: 994 rows, 7737 columns, 18008 nonzeros
Variable types: 315 continuous, 7422 integer (7049 binary)

Root relaxation: objective 1.227830e+04, 1039 iterations, 0.03 seconds

    Nodes    |    Current Node    |     Objective Bounds      |     Work
 Expl Unexpl |  Obj  Depth IntInf | Incumbent    BestBd   Gap | It/Node Time

     0     0 12278.2995    0  136          - 12278.2995      -     -    0s
     0     0 12671.4666    0   94          - 12671.4666      -     -    0s
     0     0 13389.5913    0  216          - 13389.5913      -     -    0s
     0     0 13491.8476    0  204          - 13491.8476      -     -    0s
     0     0 13525.1090    0  223          - 13525.1090      -     -    0s
     0     0 13526.0914    0  226          - 13526.0914      -     -    0s
     0     0 13632.6599    0  290          - 13632.6599      -     -    1s
     0     0 13642.1605    0  290          - 13642.1605      -     -    1s
     0     0 13648.4709    0  316          - 13648.4709      -     -    1s
     0     0 13653.7433    0  319          - 13653.7433      -     -    1s
     0     0 13668.2259    0  306          - 13668.2259      -     -    1s
     0     0 13671.8404    0  309          - 13671.8404      -     -    1s
     0     0 13673.5518    0  304          - 13673.5518      -     -    1s
     0     0 13673.5518    0  295          - 13673.5518      -     -    1s
     0     0 13725.0838    0  325          - 13725.0838      -     -    1s
     0     0 13734.4146    0  347          - 13734.4146      -     -    1s
     0     0 13738.1187    0  351          - 13738.1187      -     -    1s
     0     0 13739.7499    0  357          - 13739.7499      -     -    1s
     0     0 13773.5739    0  334          - 13773.5739      -     -    2s
     0     0 13780.1123    0  370          - 13780.1123      -     -    2s
     0     0 13783.7104    0  385          - 13783.7104      -     -    2s
     0     0 13784.1514    0  390          - 13784.1514      -     -    2s
     0     0 13791.2548    0  389          - 13791.2548      -     -    2s
     0     0 13791.2548    0  381          - 13791.2548      -     -    2s
     0     2 13791.2548    0  363          - 13791.2548      -     -    3s
    23    27 13890.0325    8  290          - 13813.1949      -   329    5s
   162   174 15020.2800   53  144          - 13813.1949      -   217   10s
*  484   513             220    18160.680000 13813.1949  23.9%   113   14s
   523   487     cutoff  238      18160.6800 13815.3639  23.9%   107   17s
   567   526 14113.2484    8  337 18160.6800 13815.3639  23.9%   116   20s
   625   585 14526.4528   31  264 18160.6800 13815.3639  23.9%   131   25s
   712   685 15066.3333   75  134 18160.6800 13815.3639  23.9%   138   30s
H  731   652                    17983.890000 13815.3639  23.2%   137   33s
   733   653 14764.4912   37  309 17983.8900 13815.3639  23.2%   137   35s
   750   664 15016.3710   53  494 17983.8900 13962.8005  22.4%   134   40s
   766   675 14361.3110   19  549 17983.8900 13984.2902  22.2%   131   45s
H  772   646                    17195.970000 13984.4180  18.7%   142   47s
   778   650 16752.8900  177  515 17195.9700 13984.4180  18.7%   141   50s
H  787   623                    17102.300000 13986.7154  18.2%   140   53s
   791   625 14579.0667   30  543 17102.3000 13986.8899  18.2%   139   55s
   797   632 13989.2507   23  514 17102.3000 13989.2507  18.2%   146   60s
   823   650 14054.3102   29  458 17102.3000 14029.7837  18.0%   155   66s
   877   688 14107.5083   39  457 17102.3000 14029.7837  18.0%   164   70s
   968   747 14172.8700   50  363 17102.3000 14029.7837  18.0%   169   75s
  1127   861 14329.0520   65  266 17102.3000 14029.7837  18.0%   167   80s
  1244   895 14612.5044   83  240 17102.3000 14029.7837  18.0%   165   85s
  1325   941 15071.1471  117  179 17102.3000 14029.7837  18.0%   170   90s
* 1470   986             185    16040.190000 14029.7837  12.5%   162   94s
  1522   957     cutoff  203      16040.1900 14040.8557  12.5%   158   95s
  1553   970 14129.6196   33  363 16040.1900 14040.8557  12.5%   162  102s
  1574   995 14161.3067   36  379 16040.1900 14040.8557  12.5%   165  105s
  1660  1057 14326.8375   42  347 16040.1900 14040.8557  12.5%   174  111s
  1765  1175 14358.5989   47  194 16040.1900 14040.8557  12.5%   172  116s
  1888  1196 14510.1714   65  119 16040.1900 14040.8557  12.5%   170  121s
  1966  1245 14828.8375   84   41 16040.1900 14040.8557  12.5%   173  126s
  2046  1296 14884.0800   89    - 16040.1900 14050.8663  12.4%   173  130s
  2154  1362 14399.7994   37  236 16040.1900 14050.8663  12.4%   173  136s
  2254  1464 14567.2447   44  170 16040.1900 14050.8663  12.4%   172  142s
  2384  1448     cutoff  124      16040.1900 14050.8663  12.4%   167  145s
  2430  1525 15206.6128   82  100 16040.1900 14071.5331  12.3%   168  151s
  2519  1508 14227.8574   28  428 16040.1900 14071.5331  12.3%   168  156s
  2542  1567 14681.5895   38  223 16040.1900 14071.5331  12.3%   171  160s
  2630  1593 15808.8033  107  104 16040.1900 14072.7616  12.3%   169  165s
  2689  1683 14603.4868   48  136 16040.1900 14072.7616  12.3%   172  172s
  2753  1744 15404.4400   95    - 16040.1900 14076.8205  12.2%   170  175s
* 2757  1396              98    15398.690000 14076.8205  8.58%   170  175s
  2849  1411 14281.6383   31  284 15398.6900 14077.4890  8.58%   170  180s
  2918  1521 15050.9638   41  191 15398.6900 14084.6614  8.53%   172  195s
  3027  1543 14465.6915   34  452 15398.6900 14084.6614  8.53%   174  201s
  3083  1652 14915.3208   50  414 15398.6900 14084.6614  8.53%   175  209s
  3191  1687 15234.4170   68  154 15398.6900 14093.5798  8.48%   173  213s
  3233  1697 14255.0156   27  535 15398.6900 14094.3538  8.47%   174  216s
  3243  1735 14682.5127   31  250 15398.6900 14094.3538  8.47%   176  221s
  3285  1785 15122.4327   59   98 15398.6900 14094.7726  8.47%   177  225s
  3381  1810 15251.6391   63   70 15398.6900 14099.9826  8.43%   179  233s
  3411  1839     cutoff   75      15398.6900 14100.2297  8.43%   180  236s
  3440  1916 14711.1189   47  187 15398.6900 14100.2297  8.43%   181  240s
  3550  1943 14213.4183   27  557 15398.6900 14104.8093  8.40%   183  248s
  3564  1959 14313.3020   29  476 15398.6900 14104.8093  8.40%   186  252s
  3580  1984 14381.0364   31  423 15398.6900 14104.8093  8.40%   188  256s
  3605  2043 14627.6213   33  392 15398.6900 14104.8093  8.40%   191  261s
  3664  2065 14630.7708   35  372 15398.6900 14104.8093  8.40%   192  266s
  3699  2107 15165.7286   43  255 15398.6900 14112.6189  8.35%   194  272s
  3759  2155 14333.9133   32  355 15398.6900 14112.6189  8.35%   195  278s
  3817  2204 14724.8814   44  344 15398.6900 14117.9303  8.32%   196  283s
* 3921  2214             104    15389.250000 14125.3427  8.21%   193  284s
  3929  2224 14324.2472   36  529 15389.2500 14125.3427  8.21%   195  289s
  3945  2269 14600.1904   41  416 15389.2500 14125.5139  8.21%   197  296s
  4001  2293 14255.5267   40  483 15389.2500 14125.5139  8.21%   199  302s
  4025  2385 14559.8267   48  304 15389.2500 14125.5139  8.21%   201  309s
  4084  2385 14637.3431   79   82 15389.2500 14125.5139  8.21%   201  310s
  4119  2443 15069.7605   82  111 15389.2500 14126.4813  8.21%   200  323s
  4220  2476 15342.2902  101   90 15389.2500 14131.4893  8.17%   198  332s
  4265  2513 14583.5514   42  373 15389.2500 14131.5315  8.17%   199  338s
  4305  2530 15154.7767   72  154 15389.2500 14136.7802  8.14%   200  344s
  4330  2601 14531.1554   43  275 15389.2500 14137.6031  8.13%   203  352s
  4422  2643 14242.7731   28  392 15389.2500 14137.6031  8.13%   203  360s
  4464  2741 14873.2792   48  196 15389.2500 14137.6672  8.13%   205  367s
  4592  2818     cutoff   73      15389.2500 14139.5749  8.12%   204  375s
  4695  2919     cutoff   71      15389.2500 14144.2284  8.09%   204  385s
  4815  2950     cutoff   77      15389.2500 14146.5479  8.08%   203  393s
  4848  3064 14542.2818   43  241 15389.2500 14146.5479  8.08%   205  401s
  4988  3113     cutoff   92      15389.2500 14146.7778  8.07%   203  409s
  5046  3206 14944.4891   74   99 15389.2500 14147.3570  8.07%   205  418s
  5249  3256 14453.1715   43  176 15389.2500 14152.1441  8.04%   202  427s
  5286  3423 14527.3560   51  234 15389.2500 14152.1810  8.04%   205  437s
  5498  3495     cutoff  101      15389.2500 14153.2246  8.03%   202  447s
* 5553  3033              96    15201.950000 14153.3424  6.90%   202  447s
  5593  3142     cutoff  102      15201.9500 14153.5826  6.90%   202  457s
  5750  3231 14847.4799   67  194 15201.9500 14157.5288  6.87%   201  469s
  5790  3231 14826.2898   43  223 15201.9500 14157.5288  6.87%   201  470s
  5869  3306 14231.2385   28  391 15201.9500 14161.3907  6.84%   202  481s
  5956  3347 14538.3509   76  101 15201.9500 14163.4563  6.83%   202  490s
  6013  3461 14852.5761   83    5 15201.9500 14163.7733  6.83%   205  501s
H 6135  3264                    15141.830000 14163.7733  6.46%   204  502s
  6152  3316     cutoff  112      15141.8300 14166.2628  6.44%   205  514s
  6239  3368 14623.8996   41  383 15141.8300 14167.3779  6.44%   207  524s
  6321  3426 14546.0477   41  221 15141.8300 14169.9569  6.42%   209  535s
  6394  3579 14528.1232   44  162 15141.8300 14178.7230  6.36%   211  547s
  6568  3688 14673.8092   45   85 15141.8300 14182.4733  6.34%   210  559s
  6735  3781 14838.1236   61   49 15141.8300 14183.6270  6.33%   210  570s
  6868  3803     cutoff   77      15141.8300 14184.2153  6.32%   210  582s
  6891  3884 14949.2463   49  220 15141.8300 14187.5959  6.30%   212  593s
  6997  3977 14995.2902   72   17 15141.8300 14187.7833  6.30%   213  605s
  7127  4118 15020.3512   90   37 15141.8300 14189.0637  6.29%   213  618s
  7301  4204     cutoff  112      15141.8300 14191.5539  6.28%   213  632s
  7400  4293     cutoff  109      15141.8300 14191.8516  6.27%   216  646s
  7520  4365     cutoff   50      15141.8300 14195.0402  6.25%   217  661s
  7625  4419 15098.2960   62  262 15141.8300 14195.8821  6.25%   220  674s
  7690  4516 14640.2138   60  217 15141.8300 14196.5775  6.24%   223  690s
  7839  4584 14599.0016   43  114 15141.8300 14197.6367  6.24%   224  706s
  7930  4667     cutoff   82      15141.8300 14198.9151  6.23%   226  721s
H 7994  3788                    14978.170000 14198.9151  5.20%   227  721s
  8053  3835 14465.4335   36  153 14978.1700 14200.1588  5.19%   229  736s
  8153  3896 14589.8247   48  321 14978.1700 14201.3100  5.19%   231  752s
  8243  3983 14344.2231   32  347 14978.1700 14201.3100  5.19%   232  768s
  8365  4071 14745.9186   48  153 14978.1700 14202.0965  5.18%   235  785s
  8498  4170 14266.7878   35  441 14978.1700 14204.5305  5.17%   236  801s
H 8535  3934                    14947.320000 14204.5305  4.97%   238  802s
  8621  4058 14591.8589   54  254 14947.3200 14205.9473  4.96%   239  818s
  8804  4134 14941.7370   83   29 14947.3200 14210.4178  4.93%   240  836s
  8896  4210 14906.0236   50  194 14947.3200 14212.5940  4.92%   242  852s
  9007  4359 14686.2483   65  149 14947.3200 14213.7761  4.91%   245  870s
  9186  4450     cutoff   71      14947.3200 14215.8348  4.89%   245  889s
  9234  4450 14800.3768   72  121 14947.3200 14218.0546  4.88%   246  890s
  9326  4542 14790.5916   42  366 14947.3200 14220.3124  4.86%   247  906s
  9476  4622 14532.5871   36  378 14947.3200 14222.1791  4.85%   248  922s
  9573  4686 14771.9418   57   84 14947.3200 14224.7936  4.83%   251  946s
H 9639  4441                    14917.320000 14224.7936  4.64%   252  947s
  9679  4532 14828.0258   54  307 14917.3200 14225.5007  4.64%   253  964s
H 9753  4455                    14906.200000 14225.5007  4.57%   253  964s
  9803  4551 14427.8166   38  315 14906.2000 14226.4511  4.56%   255 1044s
  9935  4658 14529.8004   57   90 14906.2000 14227.6832  4.55%   256 1063s
 10115  4814     cutoff   97      14906.2000 14228.6480  4.55%   258 1082s
 10346  4935 14502.9071   42  482 14906.2000 14230.3531  4.53%   258 1101s
 10530  5039     cutoff   71      14906.2000 14231.7430  4.52%   259 1119s
 10605  5039 14378.1749   56  408 14906.2000 14232.4076  4.52%   260 1120s
 10675  5174 14624.1641   53  170 14906.2000 14232.5452  4.52%   260 1138s
 10865  5261     cutoff   80      14906.2000 14234.1234  4.51%   260 1156s
 11012  5384 14795.8125   60  165 14906.2000 14236.2317  4.49%   262 1175s
 11151  5509 14656.3664   74  124 14906.2000 14236.6850  4.49%   264 1195s
 11338  5633     cutoff   95      14906.2000 14238.0883  4.48%   265 1214s
 11435  5635 14869.5228   64  119 14906.2000 14238.0883  4.48%   265 1215s
 11497  5722 14331.4179   30  534 14906.2000 14238.0883  4.48%   266 1234s
 11625  5774 14811.7215   38  373 14906.2000 14239.2789  4.47%   268 1251s
 11690  5917 14503.4593   48  419 14906.2000 14239.6961  4.47%   271 1270s
H11872  5912                    14892.560000 14239.6961  4.38%   272 1290s
 12038  6025 14529.5707   40  534 14892.5600 14242.7508  4.36%   273 1310s
 12181  6099 14868.9701   51  246 14892.5600 14242.8989  4.36%   275 1329s
 12320  6175 14857.3043   55  121 14892.5600 14243.5983  4.36%   276 1347s
 12466  6263 14762.9535   49  358 14892.5600 14244.4935  4.35%   278 1365s
 12605  6375     cutoff   78      14892.5600 14245.2207  4.35%   279 1384s
 12665  6375 14877.3542   61   98 14892.5600 14245.2207  4.35%   280 1385s
 12758  6462 14270.1691   33  413 14892.5600 14246.7927  4.34%   280 1403s
 12886  6676 14411.8270   39  430 14892.5600 14247.9314  4.33%   282 1424s
 12922  6676 14621.7849   57   23 14892.5600 14247.9314  4.33%   283 1425s
 13142  6760 14442.0756   36  394 14892.5600 14248.0950  4.33%   282 1444s
 13176  6760     cutoff   94      14892.5600 14248.0950  4.33%   283 1445s
 13235  6897 14630.4192   49  295 14892.5600 14249.6270  4.32%   284 1464s
 13347  6897 14714.4664   50  106 14892.5600 14250.0929  4.31%   284 1465s
 13439  6958 14852.3943   44  477 14892.5600 14250.1185  4.31%   284 1484s
 13536  7128 14409.7818   37  390 14892.5600 14253.0387  4.29%   286 1505s
 13767  7243 14388.3675   32  380 14892.5600 14253.4216  4.29%   286 1525s
 13928  7355     cutoff   47      14892.5600 14254.6626  4.28%   287 1546s
 14072  7487 14637.6264   63  236 14892.5600 14255.5270  4.28%   288 1567s
 14244  7623 14496.9788   32   55 14892.5600 14257.2638  4.27%   289 1589s
 14363  7628 14850.0399   77   25 14892.5600 14257.2638  4.27%   288 1590s
 14438  7663 14815.0800   48    - 14892.5600 14259.8165  4.25%   289 1611s
 14503  7764 14853.2982   48   13 14892.5600 14260.7508  4.24%   290 1631s
 14671  7909     cutoff   54      14892.5600 14263.6041  4.22%   290 1653s
H14672  7851                    14886.940000 14263.6041  4.19%   290 1653s
 14889  7989     cutoff   89      14886.9400 14268.2885  4.16%   290 1672s
H15061  8011                    14879.350000 14268.5255  4.11%   291 1692s
 15220  8160 14585.5207   42  328 14879.3500 14269.4838  4.10%   292 1712s
 15418  8309 14801.7467   49   92 14879.3500 14270.1728  4.09%   292 1733s
 15610  8313 14641.2490   51  167 14879.3500 14271.5853  4.08%   292 1735s
 15616  8425 14621.9188   38  424 14879.3500 14271.8340  4.08%   292 1756s
 15756  8555 14654.7842   40  227 14879.3500 14272.9599  4.08%   294 1777s
 15921  8655 14693.1605   41  236 14879.3500 14274.5000  4.07%   295 1798s
 16122  8744 14553.4145   33  337 14879.3500 14275.8835  4.06%   295 1819s
 16181  8744 14652.0486   41  235 14879.3500 14276.0649  4.05%   296 1820s
 16267  8812 14474.3017   49  308 14879.3500 14276.3058  4.05%   297 1839s
 16385  8927 14440.4751   39  404 14879.3500 14276.9214  4.05%   298 1859s
 16441  8927 14513.5592   46  326 14879.3500 14277.0946  4.05%   299 1860s
 16543  9111     cutoff   44      14879.3500 14278.4049  4.04%   299 1880s
H16546  8882                    14863.350000 14278.4049  3.94%   299 1880s
 16792  9052 14845.1674   83  167 14863.3500 14280.3026  3.92%   298 1903s
*16896  5449              80    14696.710000 14280.3026  2.83%   298 1903s
 17007  5476     cutoff   79      14696.7100 14281.2925  2.83%   298 1924s
 17142  5551 14418.0197   30  445 14696.7100 14282.2003  2.82%   300 1944s
 17272  5654 14680.3059   49  278 14696.7100 14283.9459  2.81%   301 1965s
 17431  5712 14687.6411   37  396 14696.7100 14286.4332  2.79%   302 1985s
 17559  5768 14610.1519   41  336 14696.7100 14287.4094  2.78%   303 2005s
 17669  5822 14567.0186   46  401 14696.7100 14287.9613  2.78%   305 2025s
 17789  5909 14550.5636   44  314 14696.7100 14288.5965  2.78%   307 2044s
 17864  5909 14603.1206   41  390 14696.7100 14289.3376  2.77%   307 2045s
 17930  5965     cutoff   43      14696.7100 14290.0429  2.77%   308 2064s
 17999  5965 14629.9846   48  312 14696.7100 14290.9204  2.76%   308 2065s
 18116  6034 14519.3575   38  307 14696.7100 14291.0731  2.76%   308 2085s
H18173  5993                    14694.820000 14291.0731  2.75%   309 2086s
 18215  6089 14529.1225   42  368 14694.8200 14291.4903  2.74%   310 2106s
 18382  6192 14551.7434   47  358 14694.8200 14292.8619  2.74%   311 2128s
 18569  6291 14417.3832   36  368 14694.8200 14293.3106  2.73%   311 2149s
 18725  6351 14669.7537   54  257 14694.8200 14294.9480  2.72%   312 2169s
H18805  5633                    14661.820000 14294.9480  2.50%   313 2169s
 18869  5686 14355.7452   33  330 14661.8200 14295.4921  2.50%   313 2190s
 18982  5824 14442.5130   36  339 14661.8200 14296.9327  2.49%   315 2211s
 19192  5877     cutoff   63      14661.8200 14298.9103  2.48%   315 2232s
 19327  5955 14452.3876   34  488 14661.8200 14300.0944  2.47%   316 2252s
 19471  6002 14420.8294   43  371 14661.8200 14301.4368  2.46%   317 2272s
 19580  6099 14623.5768   44  273 14661.8200 14302.3895  2.45%   319 2293s
 19751  6139 14650.9131   36  314 14661.8200 14303.9448  2.44%   319 2313s
 19867  6226 14584.7439   44  429 14661.8200 14306.6224  2.42%   321 2334s
 20021  6303 14538.7295   43  264 14661.8200 14307.3634  2.42%   322 2356s
 20152  6448 14468.5607   35  298 14661.8200 14307.5812  2.42%   323 2380s
 20356  6541 14487.0539   48  291 14661.8200 14307.9822  2.41%   323 2401s
H20499  6166                    14644.190000 14308.1510  2.29%   324 2422s
 20642  6252 14546.9474   40  220 14644.1900 14310.3614  2.28%   325 2443s
 20788  6323 14389.5626   36  453 14644.1900 14311.4723  2.27%   326 2464s
 20832  6323 14638.4374   57   27 14644.1900 14311.4723  2.27%   326 2465s
 20936  6355 14579.3491   53  183 14644.1900 14312.7871  2.26%   327 2485s
 21078  6391 14454.5520   31  324 14644.1900 14313.6738  2.26%   328 2510s
H21161  6369                    14643.190000 14314.0820  2.25%   329 2511s
H21162  6423                    14642.190000 14314.0820  2.24%   329 2532s
 21302  6489 14450.6343   52  278 14642.1900 14315.0762  2.23%   330 2554s
 21371  6489 14627.2714   47  192 14642.1900 14315.0762  2.23%   330 2555s
 21453  6539 14474.0022   39  328 14642.1900 14315.7537  2.23%   331 2577s
 21582  6605 14614.2490   40  321 14642.1900 14316.7667  2.22%   332 2600s
 21736  6665 14408.4002   36  371 14642.1900 14317.7918  2.22%   332 2623s
 21873  6754 14564.2928   46  335 14642.1900 14318.3865  2.21%   333 2646s
 22040  6863 14612.7795   60   86 14642.1900 14319.5184  2.20%   334 2670s
 22234  6964 14454.5501   46  305 14642.1900 14320.9113  2.19%   334 2694s
 22332  6964 14601.5492   55  158 14642.1900 14320.9113  2.19%   334 2695s
 22424  7037 14454.6720   42  408 14642.1900 14321.4593  2.19%   334 2716s
 22617  7089     cutoff   55      14642.1900 14321.9883  2.19%   334 2739s
 22739  7177 14603.2299   58  128 14642.1900 14322.9726  2.18%   336 2760s
 22938  7248     cutoff   55      14642.1900 14324.8363  2.17%   335 2783s
 23109  7299 14510.0281   38  362 14642.1900 14326.8467  2.15%   336 2806s
 23235  7384 14517.2407   38  340 14642.1900 14327.7204  2.15%   337 2829s
 23335  7384 14502.5188   41  306 14642.1900 14328.7025  2.14%   337 2830s
 23416  7465 14465.2952   40  298 14642.1900 14328.7719  2.14%   338 2852s
 23579  7528     cutoff   40      14642.1900 14329.2740  2.14%   338 2876s
 23721  7578 14588.4948   42  288 14642.1900 14330.0314  2.13%   339 2899s
 23842  7640 14445.9209   36  414 14642.1900 14331.2100  2.12%   340 2922s
 24044  7716     cutoff   43      14642.1900 14331.3508  2.12%   341 2946s
 24214  7837 14480.6320   40  370 14642.1900 14332.3695  2.12%   341 2972s
 24443  7908 14571.8839   39  362 14642.1900 14333.0845  2.11%   341 2996s
 24585  7984 14571.1682   45  396 14642.1900 14333.9699  2.11%   342 3020s
 24767  8053 14524.8793   30  276 14642.1900 14334.7346  2.10%   343 3043s
 24910  8147 14543.6177   46  291 14642.1900 14335.6239  2.09%   344 3066s
 25104  8238 14519.7082   44  152 14642.1900 14336.6785  2.09%   343 3090s
 25319  8353 14448.3333   46  403 14642.1900 14337.4889  2.08%   343 3113s
 25571  8439 14542.1434   39  322 14642.1900 14339.3696  2.07%   342 3135s
 25771  8500 14591.7884   43  409 14642.1900 14340.9538  2.06%   341 3159s
 25946  8572 14529.4516   52  286 14642.1900 14341.9367  2.05%   341 3182s
 26105  8681 14616.6800   33  455 14642.1900 14343.1497  2.04%   342 3205s
 26313  8814     cutoff   62      14642.1900 14344.3487  2.03%   342 3230s
 26537  8854     cutoff   48      14642.1900 14345.4460  2.03%   341 3254s
 26649  8949 14474.6598   40  392 14642.1900 14346.0263  2.02%   342 3278s
 26838  9036 14616.0769   35  392 14642.1900 14346.6606  2.02%   343 3302s
 27005  9114 14513.9079   38  349 14642.1900 14347.2818  2.01%   343 3327s
 27182  9163 14628.7648   34  351 14642.1900 14348.1632  2.01%   344 3350s
 27315  9275 14582.6398   41  325 14642.1900 14349.0925  2.00%   344 3373s
 27520  9337 14631.7435   41  310 14642.1900 14349.7741  2.00%   344 3396s
 27670  9371 14610.3820   46  291 14642.1900 14350.8150  1.99%   345 3420s
 27830  9477 14527.6744   46  336 14642.1900 14351.5652  1.98%   346 3445s
 28061  9525 14525.0090   37  438 14642.1900 14352.2102  1.98%   346 3469s
 28182  9636 14408.4355   43  396 14642.1900 14353.2030  1.97%   347 3493s
 28419  9710     cutoff   53      14642.1900 14353.7414  1.97%   347 3519s
 28601  9753 14470.1985   36  400 14642.1900 14354.5721  1.96%   346 3541s
 28721  9818 14574.0190   50  362 14642.1900 14355.5000  1.96%   347 3565s
 28877  9938 14582.1539   49  223 14642.1900 14355.7772  1.96%   348 3590s
 29084  9953 14535.5762   39  382 14642.1900 14356.7120  1.95%   348 3600s

Cutting planes:
  User: 4035
  Gomory: 26
  Cover: 346
  Implied bound: 113
  Clique: 27
  MIR: 82
  StrongCG: 1
  Flow cover: 233
  GUB cover: 3
  Zero half: 33
  RLT: 223
  Relax-and-lift: 2
  Lazy constraints: 3104

Explored 29130 nodes (10147861 simplex iterations) in 3600.29 seconds
Thread count was 2 (of 32 available processors)

Solution count 10: 14642.2 14643.2 14644.2 ... 14892.6

Time limit reached
Best objective 1.464219000000e+04, best bound 1.435671199553e+04, gap 1.9497%

User-callback calls 271361, time in user-callback 151.66 sec
================================================================================
executing instance: ./input/Instances/Original/2/absH3high_4n10.dat
--------------------------------------------------------------------------------
Instance details
n	11
H	3
C	822
Li:
[0, 0, 0, 0, 0, 0, 0, 0, 0, 0, 0, ]
Ui:
[0, 102, 52, 88, 182, 153, 138, 38, 165, 297, 86, ]
Distance matrix:
|0	285	411	382	327	239	148	256	307	36	383	|
|285	0	352	98	249	103	227	235	120	268	209	|
|411	352	0	395	106	430	263	549	234	429	174	|
|382	98	395	0	302	173	320	288	168	364	227	|
|327	249	106	302	0	324	179	444	135	339	109	|
|239	103	430	173	324	0	241	132	212	212	305	|
|148	227	263	320	179	241	0	325	192	165	249	|
|256	235	549	288	444	132	325	0	342	220	436	|
|307	120	234	168	135	212	192	342	0	304	94	|
|36	268	429	364	339	212	165	220	304	0	386	|
|383	209	174	227	109	305	249	436	94	386	0	|

--------------------------------------------------------------------------------
Building model...
	using lazy and cut (CVRPSEP package)
Solving IRP LP...
--------------------------------------------------------------------------------

Gurobi 9.1.0 (linux64) logging started Sun Feb  7 05:06:21 2021

Gurobi Optimizer version 9.1.0 build v9.1.0rc0 (linux64)
Thread count: 32 physical cores, 32 logical processors, using up to 2 threads
Optimize a model with 365 rows, 728 columns and 2210 nonzeros
Model fingerprint: 0x6949e3c0
Variable types: 134 continuous, 594 integer (99 binary)
Coefficient statistics:
  Matrix range     [1e+00, 3e+02]
  Objective range  [2e-01, 5e+02]
  Bounds range     [1e+00, 3e+02]
  RHS range        [1e+00, 1e+03]
Presolve removed 125 rows and 149 columns
Presolve time: 0.03s
Presolved: 240 rows, 579 columns, 1606 nonzeros
Variable types: 72 continuous, 507 integer (422 binary)
Found heuristic solution: objective 9407.9300000

Root relaxation: objective 3.930717e+03, 383 iterations, 0.01 seconds

    Nodes    |    Current Node    |     Objective Bounds      |     Work
 Expl Unexpl |  Obj  Depth IntInf | Incumbent    BestBd   Gap | It/Node Time

     0     0 3930.71742    0   59 9407.93000 3930.71742  58.2%     -    0s
H    0     0                    9302.9300000 3930.71742  57.7%     -    0s
     0     0 4247.67521    0   69 9302.93000 4247.67521  54.3%     -    0s
H    0     0                    8603.5900000 4247.67521  50.6%     -    0s
     0     0 4300.49477    0   61 8603.59000 4300.49477  50.0%     -    0s
     0     0 4448.51303    0   84 8603.59000 4448.51303  48.3%     -    0s
     0     0 4448.60374    0   71 8603.59000 4448.60374  48.3%     -    0s
     0     0 4472.56590    0   82 8603.59000 4472.56590  48.0%     -    0s
     0     0 4526.32016    0   86 8603.59000 4526.32016  47.4%     -    0s
H    0     0                    8272.5900000 4526.32016  45.3%     -    0s
     0     0 4547.04087    0   77 8272.59000 4547.04087  45.0%     -    0s
     0     0 4550.60519    0   84 8272.59000 4550.60519  45.0%     -    0s
     0     0 4552.02658    0   85 8272.59000 4552.02658  45.0%     -    0s
     0     0 4552.07230    0   89 8272.59000 4552.07230  45.0%     -    0s
     0     0 4555.31977    0   96 8272.59000 4555.31977  44.9%     -    0s
     0     0 4555.50047    0   95 8272.59000 4555.50047  44.9%     -    0s
     0     0 4556.87617    0  109 8272.59000 4556.87617  44.9%     -    0s
     0     0 4556.87617    0  109 8272.59000 4556.87617  44.9%     -    0s
H    0     2                    8065.9400000 4560.71975  43.5%     -    0s
     0     2 4561.26978    0  100 8065.94000 4561.26978  43.5%     -    0s
H   29    36                    7844.9400000 4575.03088  41.7%  59.7    0s
H   58    64                    7785.9400000 4575.03088  41.2%  53.6    0s
H   80    94                    6508.3100000 4575.03088  29.7%  46.2    0s
H  108   103                    6362.3100000 4575.03088  28.1%  39.0    0s
H  165   146                    6201.9600000 4738.46638  23.6%  43.9    0s
H  329   232                    5962.9100000 4772.56508  20.0%  41.6    1s
*  334   218              25    5832.6600000 4780.03895  18.0%  41.4    1s
H  403   226                    5785.0300000 4833.51049  16.4%  41.0    1s
H  469   159                    5521.1100000 4847.53234  12.2%  40.8    1s
* 1345   210              23    5482.8600000 5219.08787  4.81%  45.9    3s

Cutting planes:
  User: 211
  Gomory: 2
  Cover: 78
  Implied bound: 41
  Clique: 5
  MIR: 60
  StrongCG: 2
  Flow cover: 50
  Inf proof: 2
  RLT: 46
  Relax-and-lift: 1
  Lazy constraints: 65

Explored 1979 nodes (83456 simplex iterations) in 3.97 seconds
Thread count was 2 (of 32 available processors)

Solution count 10: 5482.86 5521.11 5785.03 ... 7844.94

Optimal solution found (tolerance 1.00e-04)
Best objective 5.482860000000e+03, best bound 5.482860000000e+03, gap 0.0000%

User-callback calls 4746, time in user-callback 0.49 sec
================================================================================
executing instance: ./input/Instances/Original/2/absH3high_3n20.dat
--------------------------------------------------------------------------------
Instance details
n	21
H	3
C	1536
Li:
[0, 0, 0, 0, 0, 0, 0, 0, 0, 0, 0, 0, 0, 0, 0, 0, 0, 0, 0, 0, 0, ]
Ui:
[0, 48, 207, 156, 294, 207, 297, 54, 114, 90, 228, 132, 84, 64, 51, 153, 60, 39, 195, 82, 130, ]
Distance matrix:
|0	41	141	324	154	98	307	402	160	217	284	269	188	233	54	185	307	149	286	276	103	|
|41	0	114	285	184	88	285	385	200	197	251	230	189	270	48	205	295	160	245	241	62	|
|141	114	0	200	208	193	353	459	269	275	289	154	129	371	160	192	380	136	205	267	88	|
|324	285	200	0	406	330	386	484	467	344	286	57	299	555	318	380	442	327	114	255	226	|
|154	184	208	406	0	250	460	553	101	370	436	361	136	247	208	63	455	87	405	425	232	|
|98	88	193	330	250	0	211	304	232	121	204	273	276	249	44	283	210	244	259	204	113	|
|307	285	353	386	460	211	0	106	436	90	104	342	467	407	253	490	72	445	275	134	269	|
|402	385	459	484	553	304	106	0	517	188	198	443	570	463	348	587	102	545	371	229	373	|
|160	200	269	467	101	232	436	517	0	349	434	417	231	148	200	163	415	179	444	431	261	|
|217	197	275	344	370	121	90	188	349	0	111	293	382	335	163	400	106	357	244	128	187	|
|284	251	289	286	436	204	104	198	434	111	0	246	413	441	235	452	170	401	173	31	214	|
|269	230	154	57	361	273	342	443	417	293	246	0	266	500	261	342	393	286	85	215	170	|
|188	189	129	299	136	276	467	570	231	382	413	266	0	368	233	88	483	53	330	394	201	|
|233	270	371	555	247	249	407	463	148	335	441	500	368	0	242	310	364	316	504	448	330	|
|54	48	160	318	208	44	253	348	200	163	235	261	233	242	0	239	254	200	262	230	92	|
|185	205	192	380	63	283	490	587	163	400	452	342	88	310	239	0	492	56	397	438	240	|
|307	295	380	442	455	210	72	102	415	106	170	393	483	364	254	492	0	453	334	198	293	|
|149	160	136	327	87	244	445	545	179	357	401	286	53	316	200	56	453	0	341	385	188	|
|286	245	205	114	405	259	275	371	444	244	173	85	330	504	262	397	334	341	0	142	183	|
