




arguments: ./build/bc_mirp -f ./input/orig_exec_111.cfg
Current dir: /scratch/gui/bc_mirp
File verbosity level: 9
date       time         ( uptime  ) [ thread name/id ]                   file:line     v| 
2021-02-07 15:16:53.627 (   0.431s) [main thread     ]             loguru.cpp:789   INFO| Logging to './output/vi_vc+hc1_half/OU/V3/Original/execution_07_02_2021_15_16_53.log', mode: 'a', verbosity: 9
--------------------------------------------------------------------------------
Parameters
                           instance_path           ./input/Instances/Original/3/
                            model_policy                                       1
                             nb_vehicles                                       3
                              output_dir ./output/vi_vc+hc1_half/OU/V3/Original/
                            sec_strategy                                       1
                       solver_nb_threads                                       2
                         solver_show_log                                    true
                       solver_time_limit                                    3600
                              use_vi_cos                                   false
                              use_vi_cus                                   false
                         use_vi_hc1_full                                   false
                         use_vi_hc1_half                                    true
                      use_vi_hc1_quarter                                   false
                              use_vi_hc2                                   false
                              use_vi_hc3                                   false
                         use_vi_lex_full                                   false
                         use_vi_lex_half                                   false
                      use_vi_lex_quarter                                   false
                              use_vi_qua                                   false
                               use_vi_vc                                    true
                               use_vi_vr                                   false
--------------------------------------------------------------------------------
executing instance: ./input/Instances/Original/3/absH3low_2n5.dat
--------------------------------------------------------------------------------
Instance details
n	6
H	3
C	237
Li:
[0, 0, 0, 0, 0, 0, ]
Ui:
[0, 93, 180, 51, 114, 24, ]
Distance matrix:
|0	170	318	35	112	235	|
|170	0	311	205	258	301	|
|318	311	0	326	278	137	|
|35	205	326	0	89	230	|
|112	258	278	89	0	160	|
|235	301	137	230	160	0	|

--------------------------------------------------------------------------------
Building model...
	using lazy and cut (CVRPSEP package)
Solving IRP LP...
--------------------------------------------------------------------------------

Gurobi 9.1.0 (linux64) logging started Sun Feb  7 15:16:53 2021

Gurobi Optimizer version 9.1.0 build v9.1.0rc0 (linux64)
Thread count: 32 physical cores, 32 logical processors, using up to 2 threads
Optimize a model with 198 rows, 258 columns and 888 nonzeros
Model fingerprint: 0xb6604470
Variable types: 69 continuous, 189 integer (54 binary)
Coefficient statistics:
  Matrix range     [1e+00, 2e+02]
  Objective range  [1e-02, 3e+02]
  Bounds range     [1e+00, 2e+02]
  RHS range        [1e+00, 5e+02]
Presolve removed 77 rows and 90 columns
Presolve time: 0.01s
Presolved: 121 rows, 168 columns, 538 nonzeros
Variable types: 35 continuous, 133 integer (95 binary)
Found heuristic solution: objective 2720.9700000
Found heuristic solution: objective 1828.8300000

Root relaxation: objective 7.786662e+02, 191 iterations, 0.00 seconds

    Nodes    |    Current Node    |     Objective Bounds      |     Work
 Expl Unexpl |  Obj  Depth IntInf | Incumbent    BestBd   Gap | It/Node Time

     0     0  778.66616    0   27 1828.83000  778.66616  57.4%     -    0s
     0     0 1244.11685    0   52 1828.83000 1244.11685  32.0%     -    0s
     0     0 1286.23272    0   55 1828.83000 1286.23272  29.7%     -    0s
     0     0 1286.29842    0   56 1828.83000 1286.29842  29.7%     -    0s
     0     0 1534.39225    0   60 1828.83000 1534.39225  16.1%     -    0s
     0     0 1561.67650    0   67 1828.83000 1561.67650  14.6%     -    0s
     0     0 1563.20219    0   70 1828.83000 1563.20219  14.5%     -    0s
     0     0 1563.89557    0   69 1828.83000 1563.89557  14.5%     -    0s
     0     0 1631.00560    0   49 1828.83000 1631.00560  10.8%     -    0s
H    0     0                    1779.0400000 1631.00560  8.32%     -    0s
     0     0 1633.91635    0   64 1779.04000 1633.91635  8.16%     -    0s
     0     0 1635.03440    0   64 1779.04000 1635.03440  8.09%     -    0s
     0     0 1635.06184    0   56 1779.04000 1635.06184  8.09%     -    0s
     0     0 1688.61039    0   72 1779.04000 1688.61039  5.08%     -    0s
     0     0 1692.03326    0   53 1779.04000 1692.03326  4.89%     -    0s
     0     0 1693.28053    0   27 1779.04000 1693.28053  4.82%     -    0s
     0     0 1693.58026    0   61 1779.04000 1693.58026  4.80%     -    0s
     0     0 1698.10030    0   57 1779.04000 1698.10030  4.55%     -    0s
     0     0 1698.33000    0   17 1779.04000 1698.33000  4.54%     -    0s
     0     0 1698.58064    0   68 1779.04000 1698.58064  4.52%     -    0s
     0     0 1698.58064    0   59 1779.04000 1698.58064  4.52%     -    0s
H    0     0                    1720.8300000 1698.58064  1.29%     -    0s
     0     0 1705.73947    0   23 1720.83000 1705.73947  0.88%     -    0s
     0     0 1705.73947    0   32 1720.83000 1705.73947  0.88%     -    0s
     0     0 1705.73947    0   34 1720.83000 1705.73947  0.88%     -    0s
     0     0 1705.73947    0   34 1720.83000 1705.73947  0.88%     -    0s
     0     0 1705.73947    0   34 1720.83000 1705.73947  0.88%     -    0s
     0     0     cutoff    0      1720.83000 1720.83000  0.00%     -    0s

Cutting planes:
  Cover: 5
  Implied bound: 10
  Clique: 4
  MIR: 23
  Flow cover: 8
  Network: 1
  RLT: 4
  Relax-and-lift: 2

Explored 1 nodes (825 simplex iterations) in 0.17 seconds
Thread count was 2 (of 32 available processors)

Solution count 4: 1720.83 1779.04 1828.83 2720.97 

Optimal solution found (tolerance 1.00e-04)
Best objective 1.720830000000e+03, best bound 1.720830000000e+03, gap 0.0000%

User-callback calls 266, time in user-callback 0.01 sec
================================================================================
executing instance: ./input/Instances/Original/3/absH3high_5n30.dat
--------------------------------------------------------------------------------
Instance details
n	31
H	3
C	2296
Li:
[0, 0, 0, 0, 0, 0, 0, 0, 0, 0, 0, 0, 0, 0, 0, 0, 0, 0, 0, 0, 0, 0, 0, 0, 0, 0, 0, 0, 0, 0, 0, ]
Ui:
[0, 80, 90, 297, 28, 264, 123, 192, 112, 32, 72, 88, 294, 129, 126, 105, 110, 237, 246, 92, 72, 147, 54, 96, 128, 96, 84, 28, 74, 196, 192, ]
Distance matrix:
|0	87	302	65	389	171	219	120	412	339	129	63	169	401	383	158	393	161	246	275	64	287	345	235	13	274	106	201	85	358	135	|
|87	0	334	128	402	212	301	204	465	384	187	145	232	424	454	238	475	245	289	352	80	307	352	321	81	352	20	261	170	376	215	|
|302	334	0	239	113	132	237	334	157	70	404	263	162	105	227	229	339	251	65	217	259	53	107	352	293	220	339	134	270	75	235	|
|65	128	239	0	330	107	175	130	348	275	174	40	107	339	326	114	351	125	181	224	58	228	290	222	58	224	143	138	65	297	92	|
|389	402	113	330	0	226	349	438	210	151	502	360	269	48	316	339	441	362	175	328	335	102	55	465	377	330	401	245	371	37	342	|
|171	212	132	107	226	0	169	214	253	173	276	134	64	233	261	130	326	153	77	188	133	125	192	264	162	190	220	68	145	193	125	|
|219	301	237	175	349	169	0	157	257	223	244	157	105	334	180	62	175	61	177	63	233	264	334	118	221	61	317	112	136	312	85	|
|120	204	334	130	438	214	157	0	402	348	88	90	173	438	336	115	307	100	269	220	172	338	406	122	130	218	224	204	69	403	101	|
|412	465	157	348	210	253	257	402	0	88	486	359	245	166	129	287	266	303	178	204	386	208	239	370	406	207	473	212	354	187	304	|
|339	384	70	275	151	173	223	348	88	0	427	291	179	120	166	234	290	254	96	187	306	123	166	342	332	190	391	145	291	119	247	|
|129	187	404	174	502	276	244	88	486	427	0	142	248	508	424	200	390	187	342	308	193	400	464	192	142	306	207	281	136	469	182	|
|63	145	263	40	360	134	157	90	359	291	142	0	114	366	321	95	331	99	202	212	90	258	323	186	65	211	163	148	27	327	72	|
|169	232	162	107	269	64	105	173	245	179	248	114	0	266	222	71	268	94	97	131	155	173	244	203	164	132	245	34	113	233	73	|
|401	424	105	339	48	233	334	438	166	120	508	366	266	0	280	332	409	355	169	305	353	117	96	452	391	308	425	237	374	49	339	|
|383	454	227	326	316	261	180	336	129	166	424	321	222	280	0	231	137	238	208	116	376	277	331	272	381	118	467	197	307	285	253	|
|158	238	229	114	339	130	62	115	287	234	200	95	71	332	231	0	238	23	164	118	171	243	314	134	159	117	255	95	77	302	23	|
|393	475	339	351	441	326	175	307	266	290	390	331	268	409	137	238	0	232	300	138	408	383	445	204	395	136	492	258	308	406	260	|
|161	245	251	125	362	153	61	100	303	254	187	99	94	355	238	23	232	0	187	123	183	267	338	111	164	121	262	117	77	325	34	|
|246	289	65	181	175	77	177	269	178	96	342	202	97	169	208	164	300	187	0	168	210	87	157	290	238	171	296	70	206	138	170	|
|275	352	217	224	328	188	63	220	204	187	308	212	131	305	116	118	138	123	168	0	279	255	322	166	275	3	367	120	195	291	141	|
|64	80	259	58	335	133	233	172	386	306	193	90	155	353	376	171	408	183	210	279	0	236	289	276	51	279	90	182	117	307	150	|
|287	307	53	228	102	125	264	338	208	123	400	258	173	117	277	243	383	267	87	255	236	0	71	374	276	257	308	153	270	71	245	|
|345	352	107	290	55	192	334	406	239	166	464	323	244	96	331	314	445	338	157	322	289	71	0	445	334	325	350	224	337	54	315	|
|235	321	352	222	465	264	118	122	370	342	192	186	203	452	272	134	204	111	290	166	276	374	445	0	243	164	341	221	159	428	142	|
|13	81	293	58	377	162	221	130	406	332	142	65	164	391	381	159	395	164	238	275	51	276	334	243	0	274	100	196	89	347	136	|
|274	352	220	224	330	190	61	218	207	190	306	211	132	308	118	117	136	121	171	3	279	257	325	164	274	0	367	122	194	294	140	|
|106	20	339	143	401	220	317	224	473	391	207	163	245	425	467	255	492	262	296	367	90	308	350	341	100	367	0	272	188	377	232	|
|201	261	134	138	245	68	112	204	212	145	281	148	34	237	197	95	258	117	70	120	182	153	224	221	196	122	272	0	146	208	103	|
|85	170	270	65	371	145	136	69	354	291	136	27	113	374	307	77	308	77	206	195	117	270	337	159	89	194	188	146	0	337	54	|
|358	376	75	297	37	193	312	403	187	119	469	327	233	49	285	302	406	325	138	291	307	71	54	428	347	294	377	208	337	0	306	|
|135	215	235	92	342	125	85	101	304	247	182	72	73	339	253	23	260	34	170	141	150	245	315	142	136	140	232	103	54	306	0	|

--------------------------------------------------------------------------------
Building model...
	using lazy and cut (CVRPSEP package)
Solving IRP LP...
--------------------------------------------------------------------------------

Gurobi 9.1.0 (linux64) logging started Sun Feb  7 15:16:54 2021

Gurobi Optimizer version 9.1.0 build v9.1.0rc0 (linux64)
Thread count: 32 physical cores, 32 logical processors, using up to 2 threads
Optimize a model with 1045 rows, 4858 columns and 12400 nonzeros
Model fingerprint: 0x81deada9
Variable types: 394 continuous, 4464 integer (279 binary)
Coefficient statistics:
  Matrix range     [1e+00, 8e+02]
  Objective range  [1e-01, 5e+02]
  Bounds range     [1e+00, 3e+02]
  RHS range        [1e+00, 4e+03]
Presolve removed 305 rows and 409 columns
Presolve time: 0.08s
Presolved: 740 rows, 4449 columns, 10742 nonzeros
Variable types: 232 continuous, 4217 integer (3940 binary)

Root relaxation: objective 8.930138e+03, 773 iterations, 0.02 seconds

    Nodes    |    Current Node    |     Objective Bounds      |     Work
 Expl Unexpl |  Obj  Depth IntInf | Incumbent    BestBd   Gap | It/Node Time

     0     0 8930.13761    0  106          - 8930.13761      -     -    0s
     0     0 9312.28519    0   94          - 9312.28519      -     -    0s
     0     0 9707.37525    0  128          - 9707.37525      -     -    0s
     0     0 9752.95280    0  117          - 9752.95280      -     -    0s
     0     0 9752.95280    0   99          - 9752.95280      -     -    0s
     0     0 9857.71080    0  205          - 9857.71080      -     -    0s
     0     0 9885.52344    0  201          - 9885.52344      -     -    0s
     0     0 9892.81245    0  221          - 9892.81245      -     -    0s
     0     0 9892.99651    0  235          - 9892.99651      -     -    0s
     0     0 9914.72890    0  266          - 9914.72890      -     -    0s
     0     0 9917.53949    0  253          - 9917.53949      -     -    1s
     0     0 9918.66588    0  272          - 9918.66588      -     -    1s
     0     0 9925.32881    0  325          - 9925.32881      -     -    1s
     0     0 9925.32881    0  318          - 9925.32881      -     -    1s
     0     2 9927.44034    0  318          - 9927.44034      -     -    1s
   155   170 10851.9636   33   93          - 9941.86434      -   158    5s
   602   582 10211.8914   17  185          - 9943.97628      -  91.6   10s
   762   723 11367.7529   74  348          - 9993.59490      -  92.6   15s
   775   734 10009.5738   11  382          - 10003.9079      -  98.1   20s
   821   768 10161.6245   23  318          - 10029.9634      -   113   25s
   962   871 10482.9172   41  303          - 10029.9634      -   122   30s
  1122   954 10799.1308   52  237          - 10029.9634      -   117   35s
  1229  1035 11288.1156   82  156          - 10029.9634      -   127   40s
  1469  1192 12265.8934  163   19          - 10029.9634      -   123   45s
  1672  1318 10242.4062   23  354          - 10076.6701      -   119   50s
* 1807  1168             150    11984.610000 10076.6701  15.9%   115   52s
  1906  1078 10308.6585   28  277 11984.6100 10076.6701  15.9%   111   55s
  1953  1106 10429.7165   42  223 11984.6100 10076.6701  15.9%   115   60s
  1990  1138 10650.2005   52  140 11984.6100 10076.6701  15.9%   118   65s
  2092  1234 10919.7528   76  158 11984.6100 10076.6701  15.9%   120   71s
  2243  1293 11277.6000   99  148 11984.6100 10076.6701  15.9%   117   76s
  2342  1331 11842.2333  138   76 11984.6100 10098.0473  15.7%   117   81s
  2381  1343 10572.2536   21  234 11984.6100 10098.0473  15.7%   118   85s
  2475  1441 11062.2650   49  140 11984.6100 10098.0473  15.7%   117   90s
  2643  1498 10481.0418   25  140 11984.6100 10117.8747  15.6%   116   95s
  2790  1646 11643.7049  114   43 11984.6100 10118.5772  15.6%   114  100s
  2932  1702 10713.4136   23  126 11984.6100 10138.1874  15.4%   114  106s
  3009  1834 10852.3553   33   22 11984.6100 10140.7862  15.4%   114  111s
  3196  1875 10369.6135   18  328 11984.6100 10151.1440  15.3%   113  115s
  3241  1956 10501.1050   33   33 11984.6100 10151.1440  15.3%   115  120s
  3444  2091 10224.8509   17  349 11984.6100 10159.9411  15.2%   114  125s
  3501  2189 10349.7280   22  176 11984.6100 10159.9411  15.2%   115  131s
  3619  2295 11703.0000   94    9 11984.6100 10159.9411  15.2%   115  135s
  3738  2393 10738.2532   49  206 11984.6100 10167.9695  15.2%   114  141s
  3890  2463     cutoff   92      11984.6100 10174.8608  15.1%   113  147s
  3925  2498 10546.6323   23  271 11984.6100 10174.8608  15.1%   114  152s
  3959  2629 10802.9129   40  199 11984.6100 10175.2843  15.1%   114  155s
  4211  2793 11902.7300   78    - 11984.6100 10179.5780  15.1%   112  164s
  4299  2900     cutoff   78      11984.6100 10180.2212  15.1%   112  169s
  4421  2977 10817.4634   33  105 11984.6100 10185.0605  15.0%   112  173s
  4509  3080 10325.1584   17  368 11984.6100 10185.2065  15.0%   112  178s
  4634  3148 11516.4481   70   22 11984.6100 10195.9610  14.9%   111  183s
  4718  3312 10568.2378   31  235 11984.6100 10200.1290  14.9%   112  187s
  4936  3350 infeasible  131      11984.6100 10201.2650  14.9%   110  193s
  4993  3443 10667.9588   34   51 11984.6100 10201.8724  14.9%   110  197s
  5089  3643 11237.6996   72   52 11984.6100 10202.1456  14.9%   110  202s
  5321  3681     cutoff   92      11984.6100 10203.9597  14.9%   108  208s
  5365  3781 11087.9226   39  122 11984.6100 10214.7684  14.8%   109  213s
  5514  3892 11802.0433   72  116 11984.6100 10220.4791  14.7%   109  218s
  5666  3910     cutoff   98      11984.6100 10222.7571  14.7%   109  224s
  5686  4012 10604.7002   22  251 11984.6100 10223.2105  14.7%   110  229s
  5743  4012 10597.1151   22  290 11984.6100 10223.2105  14.7%   110  230s
  5812  4060 11827.5288   79   53 11984.6100 10224.8143  14.7%   110  235s
  5875  4188 10817.4477   32  289 11984.6100 10235.9478  14.6%   111  240s
  6030  4262 10669.9631   24   39 11984.6100 10242.4693  14.5%   111  247s
  6147  4304 infeasible   67      11984.6100 10245.2110  14.5%   111  252s
  6184  4346 10763.6104   30  269 11984.6100 10245.8501  14.5%   112  258s
  6226  4451 10771.0571   37  280 11984.6100 10245.8501  14.5%   114  264s
  6339  4558 11253.6928   63   80 11984.6100 10246.7564  14.5%   114  270s
  6483  4644 10947.6792   45   82 11984.6100 10249.2546  14.5%   114  276s
  6593  4757     cutoff   83      11984.6100 10250.2072  14.5%   114  281s
  6730  4839     cutoff   95      11984.6100 10258.6878  14.4%   114  288s
  6827  4956 10856.1530   41  210 11984.6100 10258.7405  14.4%   114  296s
  6975  5017 11885.4260  105   39 11984.6100 10260.1664  14.4%   114  302s
  7042  5180 10734.2999   35  253 11984.6100 10262.7030  14.4%   115  309s
  7079  5181 11032.7827   54   47 11984.6100 10262.7030  14.4%   116  310s
  7254  5321     cutoff   99      11984.6100 10264.0866  14.4%   115  319s
  7425  5471     cutoff   79      11984.6100 10272.6494  14.3%   115  327s
  7594  5662     cutoff   84      11984.6100 10277.0071  14.2%   115  336s
  7830  5741     cutoff   90      11984.6100 10281.3632  14.2%   115  343s
  7890  5745 11389.9780   74   65 11984.6100 10281.3632  14.2%   115  346s
  7916  5805 11553.6104   76   31 11984.6100 10284.1898  14.2%   115  354s
  8004  5933     cutoff   97      11984.6100 10286.4436  14.2%   115  362s
  8148  6075 11940.4176   85   37 11984.6100 10286.8817  14.2%   116  371s
  8306  6348 10977.5998   34  202 11984.6100 10287.5486  14.2%   116  380s
  8680  6435     cutoff   83      11984.6100 10289.1179  14.1%   113  389s
  8735  6612 10777.0478   28   83 11984.6100 10290.7316  14.1%   115  399s
  8966  6769     cutoff   73      11984.6100 10292.9155  14.1%   114  409s
  9151  6950 11703.5274   91  127 11984.6100 10295.4047  14.1%   113  417s
  9376  7011 10598.3702   24  221 11984.6100 10296.1111  14.1%   113  427s
  9452  7274 11229.2713   43   16 11984.6100 10297.7094  14.1%   114  437s
  9847  7424     cutoff   71      11984.6100 10302.6659  14.0%   112  445s
 10014  7576     cutoff   68      11984.6100 10305.9633  14.0%   112  453s
 10209  7676 infeasible  130      11984.6100 10308.3121  14.0%   112  462s
 10345  7847     cutoff   80      11984.6100 10310.4882  14.0%   112  470s
 10585  8079     cutoff  123      11984.6100 10312.9574  13.9%   111  479s
 10736  8099 11335.0900  110    - 11984.6100 10312.9574  13.9%   111  480s
 10935  8256 infeasible  125      11984.6100 10315.9804  13.9%   110  488s
 11104  8365 11718.8586   77   43 11984.6100 10321.2809  13.9%   110  496s
 11256  8562 11682.2350   67   18 11984.6100 10324.6908  13.9%   110  505s
 11467  8668 11598.3954  103    6 11984.6100 10325.1755  13.8%   110  513s
 11649  8761     cutoff  111      11984.6100 10326.3710  13.8%   110  521s
 11740  8885 11288.8247   47  170 11984.6100 10328.2437  13.8%   110  533s
 11872  9047 10857.1687   33  120 11984.6100 10328.4255  13.8%   111  541s
 12079  9188 11369.0183   37   49 11984.6100 10330.1874  13.8%   110  550s
 12263  9335     cutoff   65      11984.6100 10332.2301  13.8%   110  558s
 12430  9463     cutoff  101      11984.6100 10332.9950  13.8%   110  566s
 12579  9621 10584.3434   29  252 11984.6100 10334.2285  13.8%   110  575s
 12789  9736     cutoff   85      11984.6100 10335.3330  13.8%   110  584s
 12905  9848 11229.6239   29  107 11984.6100 10335.3848  13.8%   111  593s
 13045  9977 11839.7267   56   16 11984.6100 10335.4815  13.8%   111  601s
 13229 10111 11640.6086   81   19 11984.6100 10337.0001  13.7%   111  609s
 13422 10336 10581.3739   24  243 11984.6100 10338.6612  13.7%   111  620s
 13700 10448 11521.8290   72   26 11984.6100 10340.5138  13.7%   110  629s
 13840 10551 infeasible   85      11984.6100 10343.4073  13.7%   111  636s
 13952 10663     cutoff   69      11984.6100 10344.9805  13.7%   111  645s
 14094 10773 10971.2508   61   90 11984.6100 10345.6167  13.7%   111  653s
*14261  8801             109    11617.610000 10346.3581  10.9%   111  661s
*14264  8790             108    11615.410000 10346.3581  10.9%   111  661s
 14373  8814 10463.6876   17  345 11615.4100 10346.5726  10.9%   111  676s
 14407  8891 10639.1879   22  340 11615.4100 10346.5726  10.9%   112  684s
 14495  8963 11281.9661   36  182 11615.4100 10346.9941  10.9%   112  692s
 14593  9159 10805.3489   22  204 11615.4100 10347.0553  10.9%   113  701s
 14809  9210 11508.6396   79   23 11615.4100 10347.4046  10.9%   112  709s
 14887  9372 10862.8050   43   42 11615.4100 10348.5161  10.9%   113  718s
 15094  9478     cutoff   96      11615.4100 10349.7114  10.9%   113  727s
 15225  9577 11580.2482   79   22 11615.4100 10350.2581  10.9%   113  736s
 15352  9688     cutoff   59      11615.4100 10352.7399  10.9%   113  745s
 15496  9798     cutoff   71      11615.4100 10354.5041  10.9%   113  754s
H15498  9071                    11512.970000 10354.5041  10.1%   113  754s
 15537  9071     cutoff   62      11512.9700 10354.5041  10.1%   113  755s
 15656  9149 10744.6302   35  171 11512.9700 10354.6697  10.1%   113  765s
 15778  9216 10740.2874   24  169 11512.9700 10354.6902  10.1%   113  773s
 15846  9326 11430.2572   41  101 11512.9700 10355.9939  10.0%   114  782s
 15998  9431 11143.9994   35  128 11512.9700 10356.5536  10.0%   114  790s
 16147  9558     cutoff   63      11512.9700 10357.2459  10.0%   114  799s
 16190  9558 11238.2121   59   51 11512.9700 10357.2459  10.0%   114  800s
 16324  9644 infeasible   67      11512.9700 10358.3278  10.0%   114  808s
 16420  9728 10696.3461   27  252 11512.9700 10360.2603  10.0%   115  816s
 16529  9836 11496.7792   39  181 11512.9700 10360.8695  10.0%   115  824s
 16684  9903     cutoff   86      11512.9700 10361.3092  10.0%   115  834s
 16758 10033 10989.6557   57  164 11512.9700 10362.2121  10.0%   116  843s
 16934 10084     cutoff  100      11512.9700 10365.3020  10.0%   115  850s
 16987 10148 10904.5294   26  234 11512.9700 10365.9596  10.0%   116  858s
 17051 10214 11240.7163   39   40 11512.9700 10366.9710  10.0%   117  867s
 17177 10300 infeasible   64      11512.9700 10367.7371  9.95%   117  876s
 17286 10387     cutoff   53      11512.9700 10368.1818  9.94%   117  885s
 17394 10476 10457.9480   20  422 11512.9700 10368.3035  9.94%   118  894s
 17509 10542 10985.5197   53  143 11512.9700 10368.4297  9.94%   118  903s
 17595 10605 10582.5809   25  202 11512.9700 10369.2198  9.93%   118  911s
 17662 10668 10807.5796   30  110 11512.9700 10369.2198  9.93%   119  922s
 17767 10809 10881.1089   35  141 11512.9700 10369.4776  9.93%   119  932s
 17974 10901 10765.7473   26  308 11512.9700 10369.5621  9.93%   119  942s
 18101 10979 11481.7362   50  187 11512.9700 10369.7752  9.93%   119  952s
 18215 11080 11031.3564   55   44 11512.9700 10370.3305  9.92%   119  962s
 18339 11230 10861.9678   36  229 11512.9700 10371.3432  9.92%   119  971s
 18506 11301 11257.2827   57   17 11512.9700 10372.1686  9.91%   119  980s
 18598 11460 11010.6677   42   65 11512.9700 10372.9305  9.90%   120  990s
 18802 11542 11469.5385   63   42 11512.9700 10374.9922  9.88%   119  999s
 18886 11550 11507.5400   89    - 11512.9700 10374.9922  9.88%   119 1000s
 18914 11603     cutoff   89      11512.9700 10375.4052  9.88%   120 1009s
 18984 11741 10701.2732   28  176 11512.9700 10375.9098  9.88%   120 1019s
 19157 11832 infeasible   77      11512.9700 10376.4232  9.87%   120 1029s
 19271 11907 11400.0258   66   24 11512.9700 10377.2772  9.86%   120 1038s
 19381 11991     cutoff   56      11512.9700 10378.9051  9.85%   120 1048s
 19480 12056 11354.9151   58  199 11512.9700 10379.6301  9.84%   121 1057s
 19577 12118 11004.6254   26  182 11512.9700 10380.1414  9.84%   121 1066s
 19660 12235 10711.9399   21  173 11512.9700 10380.3727  9.84%   121 1077s
 19824 12323 11197.5542   43  112 11512.9700 10380.5635  9.84%   121 1087s
 19914 12456     cutoff   79      11512.9700 10380.6235  9.84%   122 1097s
 20079 12571 11105.5671   31   61 11512.9700 10381.1487  9.83%   122 1108s
 20244 12698     cutoff   62      11512.9700 10382.0935  9.82%   122 1117s
 20402 12765 10415.3911   24  346 11512.9700 10383.8288  9.81%   122 1127s
 20474 12839 10930.5775   37  197 11512.9700 10383.9939  9.81%   122 1136s
 20568 12924 10675.0614   18  283 11512.9700 10384.3307  9.80%   123 1145s
 20665 13016 11352.8294   51   96 11512.9700 10384.4417  9.80%   123 1155s
 20788 13222 10934.8041   30  257 11512.9700 10384.6182  9.80%   123 1168s
 21015 13322 11094.3600   53  154 11512.9700 10384.9096  9.80%   123 1179s
 21131 13408 10823.0586   28  240 11512.9700 10385.4987  9.79%   123 1191s
 21247 13509 11076.0803   47  107 11512.9700 10386.0227  9.79%   124 1201s
 21374 13610     cutoff   73      11512.9700 10386.3498  9.79%   124 1211s
 21505 13688 10791.8162   59  147 11512.9700 10386.6599  9.78%   124 1221s
 21607 13801 11216.8453   41   79 11512.9700 10387.1093  9.78%   124 1231s
 21760 13901     cutoff   58      11512.9700 10387.4575  9.78%   124 1240s
 21879 13982 10741.3629   38  341 11512.9700 10388.1544  9.77%   124 1251s
 22001 14150 11125.8431   47   44 11512.9700 10388.5134  9.77%   125 1261s
 22208 14266     cutoff  117      11512.9700 10389.8968  9.75%   124 1272s
 22353 14364 11140.4825   62  125 11512.9700 10390.3126  9.75%   124 1283s
 22490 14462 11064.9774   48  276 11512.9700 10391.0194  9.75%   124 1293s
 22616 14521 10875.6583   37  344 11512.9700 10391.9413  9.74%   125 1305s
 22700 14618 11093.6638   43  220 11512.9700 10392.8993  9.73%   125 1316s
 22845 14711 10718.9774   36  287 11512.9700 10393.4141  9.72%   125 1326s
 22974 14817 10945.0568   45  125 11512.9700 10393.8712  9.72%   125 1336s
 23110 14868     cutoff   75      11512.9700 10394.7407  9.71%   125 1346s
 23165 15081 10818.1966   36   75 11512.9700 10394.9786  9.71%   125 1356s
 23433 15179 11095.9389   28  254 11512.9700 10395.0726  9.71%   125 1367s
 23562 15289 11317.2638   62    8 11512.9700 10395.5534  9.71%   125 1377s
 23691 15407 11029.0490   53   64 11512.9700 10396.1846  9.70%   125 1388s
 23847 15509 10858.5688   37  225 11512.9700 10396.4490  9.70%   125 1398s
 23976 15640 10724.2970   44  226 11512.9700 10397.4957  9.69%   125 1409s
 24122 15725 11276.5425   79   34 11512.9700 10397.6051  9.69%   125 1420s
 24241 15819 11120.6412   39   78 11512.9700 10398.0479  9.68%   125 1431s
 24354 15931     cutoff   74      11512.9700 10398.0844  9.68%   125 1442s
 24494 16088 10685.0005   22  180 11512.9700 10398.8859  9.68%   126 1453s
 24696 16155 infeasible  107      11512.9700 10399.2700  9.67%   125 1463s
 24778 16222 10860.0486   35  158 11512.9700 10400.4140  9.66%   126 1473s
 24875 16320 11374.0450   61   30 11512.9700 10400.6791  9.66%   126 1484s
 25006 16429     cutoff   67      11512.9700 10401.3390  9.66%   126 1494s
 25155 16541 11233.2902   51   78 11512.9700 10402.0431  9.65%   126 1505s
 25311 16583     cutoff   70      11512.9700 10402.7994  9.64%   126 1514s
 25352 16669 11038.7276   40  180 11512.9700 10403.0803  9.64%   126 1525s
 25452 16752 11316.9948   50   34 11512.9700 10403.1067  9.64%   127 1535s
 25598 16837 11181.0911   46   76 11512.9700 10403.9399  9.63%   127 1545s
 25702 16935     cutoff   70      11512.9700 10404.0332  9.63%   127 1555s
 25818 17037 11342.4390   64  122 11512.9700 10404.2578  9.63%   127 1566s
 25949 17159     cutoff   76      11512.9700 10404.3169  9.63%   127 1578s
 26100 17306 10616.5676   31  307 11512.9700 10404.6851  9.63%   127 1589s
 26242 17314 10817.8974   40   15 11512.9700 10404.6851  9.63%   127 1590s
 26294 17415 11118.0360   83   12 11512.9700 10404.9002  9.62%   127 1600s
 26426 17502 10839.1910   40  240 11512.9700 10406.0959  9.61%   127 1610s
 26529 17608     cutoff   87      11512.9700 10406.2818  9.61%   128 1621s
 26662 17712 10651.0436   22  279 11512.9700 10406.9767  9.61%   128 1632s
 26784 17824 10842.9018   57   46 11512.9700 10407.4261  9.60%   128 1643s
 26946 17971     cutoff   71      11512.9700 10407.9029  9.60%   128 1654s
 27126 18114 11127.9670   41   87 11512.9700 10410.9110  9.57%   128 1665s
 27330 18291 10883.3500   64  103 11512.9700 10411.5212  9.57%   127 1677s
 27523 18360 11440.0785  121   22 11512.9700 10412.1921  9.56%   127 1687s
 27625 18419 11166.7200   51   31 11512.9700 10412.7374  9.56%   127 1697s
 27715 18519 11314.0265   57   69 11512.9700 10412.8583  9.56%   128 1708s
 27830 18669     cutoff   59      11512.9700 10413.4729  9.55%   128 1719s
 28016 18743 10517.2062   21  330 11512.9700 10414.0834  9.54%   128 1730s
 28111 18765     cutoff   71      11512.9700 10414.2842  9.54%   128 1745s
H28114 17662                    11435.280000 10414.2842  8.93%   128 1745s
 28142 17749 10705.4382   44  146 11435.2800 10414.4606  8.93%   128 1756s
 28247 17865 infeasible   96      11435.2800 10414.6443  8.93%   128 1769s
 28289 17865 11152.6172   55   53 11435.2800 10414.6481  8.93%   128 1770s
 28393 17977 11342.3347   58  141 11435.2800 10414.9356  8.92%   128 1782s
 28555 18059 10578.1161   23  293 11435.2800 10415.5100  8.92%   128 1793s
 28650 18118 10648.4897   21  303 11435.2800 10415.5236  8.92%   128 1804s
 28743 18118 10961.6137   45  177 11435.2800 10415.5236  8.92%   129 1805s
 28755 18186 11311.3764   48  112 11435.2800 10415.6562  8.92%   129 1816s
 28871 18263 10956.3424   40  215 11435.2800 10416.2660  8.91%   129 1827s
 28962 18347 11180.5012   47   43 11435.2800 10416.7143  8.91%   129 1839s
 29061 18397     cutoff   70      11435.2800 10416.9295  8.91%   129 1854s
 29146 18446 11056.7302   45  143 11435.2800 10417.2760  8.90%   129 1865s
 29199 18511     cutoff   63      11435.2800 10417.6365  8.90%   129 1877s
 29275 18597 11105.5205   41  261 11435.2800 10417.8883  8.90%   129 1891s
 29385 18681 11391.2284   61   58 11435.2800 10418.3026  8.89%   130 1902s
 29496 18784 10964.5396   51   93 11435.2800 10418.6567  8.89%   130 1914s
 29648 18915 11209.9457   61   67 11435.2800 10419.2591  8.88%   130 1925s
 29799 18999 11394.0663   77   13 11435.2800 10419.4456  8.88%   130 1937s
 29929 19073 infeasible   83      11435.2800 10419.9889  8.88%   130 1950s
 30021 19176 11222.6229   38  187 11435.2800 10420.1480  8.88%   130 1961s
 30140 19258 11353.4447   94   47 11435.2800 10420.1591  8.88%   130 1973s
 30271 19370 11212.5315   53   26 11435.2800 10420.4591  8.87%   130 1986s
 30419 19447 11361.3869   59   24 11435.2800 10420.8746  8.87%   130 1999s
 30516 19498     cutoff   68      11435.2800 10420.9378  8.87%   130 2012s
 30606 19644 10813.3348   28   59 11435.2800 10421.7828  8.86%   131 2027s
 30783 19769 infeasible  101      11435.2800 10422.0295  8.86%   130 2041s
 30959 19863 10898.0999   43  112 11435.2800 10423.5122  8.85%   130 2056s
 31076 19950     cutoff   84      11435.2800 10423.7422  8.85%   130 2069s
 31197 20031 11217.8218   51   88 11435.2800 10424.5414  8.84%   131 2080s
 31321 20088     cutoff   58      11435.2800 10425.3156  8.83%   131 2096s
 31389 20190 11208.7025   43   86 11435.2800 10426.3690  8.82%   131 2109s
 31511 20330 10811.9442   32   76 11435.2800 10426.4415  8.82%   131 2121s
 31685 20412     cutoff   74      11435.2800 10426.7633  8.82%   131 2133s
 31781 20459     cutoff   40      11435.2800 10427.1510  8.82%   131 2144s
 31841 20505 11414.8941   52   77 11435.2800 10427.8345  8.81%   131 2156s
 31916 20577     cutoff   62      11435.2800 10428.5016  8.80%   132 2170s
 32023 20666     cutoff   69      11435.2800 10428.8943  8.80%   132 2185s
 32136 20752 11312.9394   68  161 11435.2800 10429.0694  8.80%   132 2200s
 32241 20832 11246.8018   58  129 11435.2800 10429.3879  8.80%   132 2214s
 32338 20939 11380.8959   62   39 11435.2800 10429.9607  8.79%   132 2225s
 32483 21037 11329.6352   54   80 11435.2800 10430.2055  8.79%   132 2238s
 32618 21125     cutoff   57      11435.2800 10431.4256  8.78%   132 2251s
 32727 21203 10815.1746   31  139 11435.2800 10431.4976  8.78%   132 2263s
 32817 21283 10896.9120   27  176 11435.2800 10431.4976  8.78%   132 2276s
 32903 21395 11059.8995   38   12 11435.2800 10431.4976  8.78%   133 2290s
 33035 21483 11397.9150   49  104 11435.2800 10431.6167  8.78%   133 2303s
 33163 21554 10791.0731   42  268 11435.2800 10431.8160  8.78%   133 2315s
 33244 21656 10810.9409   34  332 11435.2800 10431.9297  8.77%   133 2328s
 33372 21745 infeasible   70      11435.2800 10432.5771  8.77%   133 2341s
 33474 21852 11036.5490   53   91 11435.2800 10432.9760  8.77%   133 2355s
 33592 21926 11035.1824   48   62 11435.2800 10433.5215  8.76%   133 2369s
 33716 21998 11030.3399   27  320 11435.2800 10433.7828  8.76%   133 2382s
 33796 22112 10595.7983   22  334 11435.2800 10433.8983  8.76%   134 2398s
 33928 22208 10901.1291   41  201 11435.2800 10434.0056  8.76%   134 2412s
 34054 22273 11376.2622   67  112 11435.2800 10434.6261  8.75%   134 2430s
 34161 22342 infeasible   65      11435.2800 10434.9012  8.75%   134 2445s
 34245 22415     cutoff   49      11435.2800 10435.0669  8.75%   134 2460s
 34341 22552 11101.4700   41  119 11435.2800 10435.1310  8.75%   134 2474s
 34439 22553 11269.8389   91   13 11435.2800 10435.1310  8.75%   134 2475s
 34509 22621 11271.8200   62    5 11435.2800 10435.9720  8.74%   134 2487s
 34617 22750 10762.5651   40   65 11435.2800 10436.5868  8.73%   134 2502s
 34779 22862 11109.2963   65   61 11435.2800 10436.8661  8.73%   134 2517s
 34939 22949     cutoff   90      11435.2800 10437.7984  8.72%   134 2530s
 35044 23037 11414.1587   58   72 11435.2800 10438.4812  8.72%   134 2546s
 35154 23123     cutoff   48      11435.2800 10438.6027  8.72%   134 2559s
 35198 23123 11409.8948   66  104 11435.2800 10438.6027  8.72%   134 2560s
 35262 23179 10539.1642   27  306 11435.2800 10438.8119  8.71%   134 2574s
 35329 23256 10977.6731   36  171 11435.2800 10438.8119  8.71%   135 2587s
 35409 23308 11237.5013   54  101 11435.2800 10440.8376  8.70%   135 2601s
 35481 23410 10766.2596   26  295 11435.2800 10440.9042  8.70%   135 2620s
 35589 23481 10892.4581   32  237 11435.2800 10440.9459  8.70%   135 2635s
 35683 23550 10966.7382   23  269 11435.2800 10441.2168  8.69%   135 2648s
 35791 23615 10818.1904   47  151 11435.2800 10441.3781  8.69%   135 2660s
 35878 23680 10933.1934   33  210 11435.2800 10441.7699  8.69%   135 2674s
 35959 23734 11234.0677   36   79 11435.2800 10442.2617  8.68%   136 2687s
 36053 23804 10526.2996   23  373 11435.2800 10442.6364  8.68%   136 2701s
 36132 23856 10811.6299   38  240 11435.2800 10442.6364  8.68%   136 2714s
 36162 23856 10768.2738   22  260 11435.2800 10442.6364  8.68%   136 2715s
 36199 23932 11171.6004   51  222 11435.2800 10442.9890  8.68%   136 2727s
 36299 24055     cutoff   84      11435.2800 10443.4952  8.67%   136 2743s
 36457 24162 infeasible   88      11435.2800 10443.7009  8.67%   136 2759s
 36517 24162 11423.2100   82    6 11435.2800 10443.7009  8.67%   136 2760s
 36607 24234     cutoff   84      11435.2800 10443.9229  8.67%   136 2773s
 36684 24337 11178.4271   63  179 11435.2800 10443.9715  8.67%   137 2787s
 36817 24411 11331.8315   53  110 11435.2800 10444.1132  8.67%   137 2804s
 36916 24412 11244.3153   64   11 11435.2800 10445.0371  8.66%   137 2805s
 36941 24506 10782.2528   26  151 11435.2800 10445.0371  8.66%   137 2821s
 37038 24611 11256.9567   57   61 11435.2800 10445.1780  8.66%   137 2836s
 37184 24674 infeasible   79      11435.2800 10445.4841  8.66%   137 2851s
 37260 24775 11415.8537   64   14 11435.2800 10446.1198  8.65%   137 2865s
 37414 24822     cutoff   65      11435.2800 10446.7420  8.64%   137 2878s
 37472 24896 10769.8543   28  285 11435.2800 10446.7420  8.64%   137 2891s
 37568 24970 11172.3438   59   58 11435.2800 10447.1788  8.64%   138 2907s
 37669 25075     cutoff   64      11435.2800 10447.6528  8.64%   138 2923s
 37792 25138 11433.9665   64   48 11435.2800 10448.2169  8.63%   138 2941s
 37875 25274 11041.7808   40  106 11435.2800 10448.5142  8.63%   138 2960s
 38061 25335     cutoff   70      11435.2800 10448.9849  8.63%   138 2977s
H38113 25117                    11423.080000 10449.3339  8.52%   138 2977s
 38135 25178 10561.7877   22  292 11423.0800 10449.8683  8.52%   138 2991s
 38238 25241     cutoff   51      11423.0800 10450.0032  8.52%   138 3005s
 38324 25339     cutoff   61      11423.0800 10450.4467  8.51%   138 3019s
 38440 25430 11200.1014   54   72 11423.0800 10450.6758  8.51%   138 3036s
 38555 25517 10909.3348   29  103 11423.0800 10451.0258  8.51%   138 3052s
 38664 25595 infeasible   56      11423.0800 10451.1400  8.51%   139 3067s
 38787 25647 11403.3031   45   68 11423.0800 10451.3529  8.51%   139 3082s
 38864 25714 10770.4442   29  158 11423.0800 10451.6321  8.50%   139 3098s

Cutting planes:
  User: 3476
  Gomory: 18
  Cover: 314
  Implied bound: 109
  Projected implied bound: 6
  Clique: 24
  MIR: 103
  StrongCG: 1
  Flow cover: 242
  GUB cover: 1
  Zero half: 27
  RLT: 245
  Relax-and-lift: 7
  Lazy constraints: 11428

Explored 38966 nodes (5420180 simplex iterations) in 3600.08 seconds
Thread count was 2 (of 32 available processors)

Solution count 6: 11423.1 11435.3 11513 ... 11984.6

Time limit reached
Best objective 1.142308000000e+04, best bound 1.045169023451e+04, gap 8.5037%

User-callback calls 423636, time in user-callback 111.41 sec
================================================================================
executing instance: ./input/Instances/Original/3/absH3high_5n20.dat
--------------------------------------------------------------------------------
Instance details
n	21
H	3
C	1734
Li:
[0, 0, 0, 0, 0, 0, 0, 0, 0, 0, 0, 0, 0, 0, 0, 0, 0, 0, 0, 0, 0, ]
Ui:
[0, 40, 237, 68, 194, 144, 207, 114, 118, 207, 120, 72, 128, 48, 102, 237, 261, 135, 84, 184, 142, ]
Distance matrix:
|0	408	254	408	305	286	284	573	384	380	400	384	552	461	243	577	274	285	345	92	431	|
|408	0	189	21	111	218	178	168	182	283	211	86	158	222	191	168	136	320	219	318	87	|
|254	189	0	198	81	230	31	354	276	174	157	136	307	348	158	348	110	313	275	180	183	|
|408	21	198	0	118	204	190	165	163	302	230	105	169	202	184	170	134	306	202	317	107	|
|305	111	81	118	0	188	80	278	209	221	172	86	247	276	129	276	61	285	220	218	130	|
|286	218	230	204	188	0	249	342	102	401	360	260	373	176	73	360	128	103	60	202	290	|
|284	178	31	190	80	249	0	339	286	151	127	114	284	355	180	330	124	337	290	211	160	|
|573	168	354	165	278	342	339	0	262	411	330	229	118	248	342	37	298	434	316	482	194	|
|384	182	276	163	209	102	286	262	0	429	372	252	319	79	149	287	167	174	55	297	268	|
|380	283	174	302	221	401	151	411	429	0	82	197	318	491	331	390	274	488	439	331	219	|
|400	211	157	230	172	360	127	330	372	82	0	125	237	427	297	308	232	455	390	335	139	|
|384	86	136	105	86	260	114	229	252	197	125	0	171	303	210	217	143	361	278	301	47	|
|552	158	307	169	247	373	284	118	319	318	237	171	0	331	349	84	289	474	366	465	124	|
|461	222	348	202	276	176	355	248	79	491	427	303	331	0	228	279	241	226	119	375	308	|
|243	191	158	184	129	73	180	342	149	331	297	210	349	228	0	352	68	159	127	152	248	|
|577	168	348	170	276	360	330	37	287	390	308	217	84	279	352	0	303	455	339	486	177	|
|274	136	110	134	61	128	124	298	167	274	232	143	289	241	68	303	0	224	166	183	182	|
|285	320	313	306	285	103	337	434	174	488	455	361	474	226	159	455	224	0	119	224	393	|
|345	219	275	202	220	60	290	316	55	439	390	278	366	119	127	339	166	119	0	262	301	|
