




arguments: ./build/bc_mirp -f ./input/orig_exec_255.cfg
Current dir: /scratch/gui/bc_mirp
File verbosity level: 9
date       time         ( uptime  ) [ thread name/id ]                   file:line     v| 
2021-02-16 13:52:48.709 (   1.713s) [main thread     ]             loguru.cpp:789   INFO| Logging to './output/vi_vc+hc1_half/OU/V3/Original/execution_16_02_2021_13_52_48.log', mode: 'a', verbosity: 9
--------------------------------------------------------------------------------
Parameters
                           instance_path           ./input/Instances/Original/6/
                            model_policy                                       1
                             nb_vehicles                                       3
                              output_dir ./output/vi_vc+hc1_half/OU/V3/Original/
                            sec_strategy                                       1
                       solver_nb_threads                                       2
                         solver_show_log                                    true
                       solver_time_limit                                    3600
                              use_vi_cos                                   false
                              use_vi_cus                                   false
                         use_vi_hc1_full                                   false
                         use_vi_hc1_half                                    true
                      use_vi_hc1_quarter                                   false
                              use_vi_hc2                                   false
                              use_vi_hc3                                   false
                         use_vi_lex_full                                   false
                         use_vi_lex_half                                   false
                      use_vi_lex_quarter                                   false
                              use_vi_qua                                   false
                               use_vi_vc                                    true
                               use_vi_vr                                   false
--------------------------------------------------------------------------------
executing instance: ./input/Instances/Original/6/absH6high_1n25.dat
--------------------------------------------------------------------------------
Instance details
n	26
H	6
C	1711
Li:
[0, 0, 0, 0, 0, 0, 0, 0, 0, 0, 0, 0, 0, 0, 0, 0, 0, 0, 0, 0, 0, 0, 0, 0, 0, 0, ]
Ui:
[0, 168, 176, 34, 66, 36, 177, 106, 118, 182, 64, 141, 189, 63, 46, 111, 182, 231, 36, 66, 68, 54, 132, 90, 246, 75, ]
Distance matrix:
|0	191	200	231	334	329	146	196	208	245	218	164	283	394	151	358	156	196	309	253	201	260	127	138	130	104	|
|191	0	226	229	278	146	328	216	390	417	327	293	195	334	106	296	171	122	472	151	12	411	280	53	190	130	|
|200	226	0	38	149	359	321	10	276	274	418	364	139	204	121	173	321	115	303	141	225	236	155	202	311	256	|
|231	229	38	0	110	352	358	37	314	310	448	395	108	167	129	135	342	109	336	120	226	268	194	213	335	277	|
|334	278	149	110	0	367	467	147	422	413	546	495	86	61	203	25	423	163	429	129	271	363	303	282	424	361	|
|329	146	359	352	367	0	453	349	533	562	411	393	282	411	245	378	250	244	617	245	141	556	426	195	284	243	|
|146	328	321	358	467	453	0	321	162	215	160	112	425	524	297	491	223	341	284	397	339	266	186	276	184	210	|
|196	216	10	37	147	349	321	0	281	281	414	360	132	203	112	171	315	105	311	132	216	244	159	193	305	249	|
|208	390	276	314	422	533	162	281	0	54	321	271	410	471	316	445	348	348	123	398	398	115	125	338	313	309	|
|245	417	274	310	413	562	215	281	54	0	375	323	413	457	334	435	393	361	70	406	424	69	139	367	359	349	|
|218	327	418	448	546	411	160	414	321	375	0	57	484	606	347	569	163	393	444	446	339	421	318	288	137	199	|
|164	293	364	395	495	393	112	360	271	323	57	0	437	556	300	519	144	346	393	401	305	367	261	249	109	163	|
|283	195	139	108	86	282	425	132	410	413	484	437	0	139	137	101	349	91	443	44	187	375	286	206	355	291	|
|394	334	204	167	61	411	524	203	471	457	606	556	139	0	264	38	483	222	467	183	326	403	356	341	484	421	|
|151	106	121	129	203	245	297	112	316	334	347	300	137	264	0	225	220	46	381	102	106	316	195	84	221	158	|
|358	296	173	135	25	378	491	171	445	435	569	519	101	38	225	0	444	184	450	145	288	384	328	303	446	383	|
|156	171	321	342	423	250	223	315	348	393	163	144	349	483	220	444	0	261	460	308	183	415	284	143	39	65	|
|196	122	115	109	163	244	341	105	348	361	393	346	91	222	46	184	261	0	402	56	118	336	224	119	264	200	|
|309	472	303	336	429	617	284	311	123	70	444	393	443	467	381	450	460	402	0	442	477	68	192	424	426	413	|
|253	151	141	120	129	245	397	132	398	406	446	401	44	183	102	145	308	56	442	0	143	375	273	164	315	251	|
|201	12	225	226	271	141	339	216	398	424	339	305	187	326	106	288	183	118	477	143	0	416	286	63	202	142	|
|260	411	236	268	363	556	266	244	115	69	421	367	375	403	316	384	415	336	68	375	416	0	135	365	384	363	|
|127	280	155	194	303	426	186	159	125	139	318	261	286	356	195	328	284	224	192	273	286	135	0	232	256	229	|
|138	53	202	213	282	195	276	193	338	367	288	249	206	341	84	303	143	119	424	164	63	365	232	0	153	89	|
|130	190	311	335	424	284	184	305	313	359	137	109	355	484	221	446	39	264	426	315	202	384	256	153	0	64	|
|104	130	256	277	361	243	210	249	309	349	199	163	291	421	158	383	65	200	413	251	142	363	229	89	64	0	|

--------------------------------------------------------------------------------
Building model...
	using lazy and cut (CVRPSEP package)
Solving IRP LP...
--------------------------------------------------------------------------------

Gurobi 9.1.0 (linux64) logging started Tue Feb 16 13:52:49 2021

Gurobi Optimizer version 9.1.0 build v9.1.0rc0 (linux64)
Thread count: 32 physical cores, 32 logical processors, using up to 2 threads
Optimize a model with 1730 rows, 6950 columns and 18290 nonzeros
Model fingerprint: 0xb53cc389
Variable types: 632 continuous, 6318 integer (468 binary)
Coefficient statistics:
  Matrix range     [1e+00, 6e+02]
  Objective range  [1e-01, 6e+02]
  Bounds range     [1e+00, 2e+02]
  RHS range        [1e+00, 3e+03]
Presolve removed 364 rows and 581 columns
Presolve time: 0.09s
Presolved: 1366 rows, 6369 columns, 16006 nonzeros
Variable types: 489 continuous, 5880 integer (5434 binary)

Root relaxation: objective 1.362516e+04, 1831 iterations, 0.05 seconds

    Nodes    |    Current Node    |     Objective Bounds      |     Work
 Expl Unexpl |  Obj  Depth IntInf | Incumbent    BestBd   Gap | It/Node Time

     0     0 13625.1570    0  210          - 13625.1570      -     -    0s
     0     0 13859.3524    0  219          - 13859.3524      -     -    0s
     0     0 13876.0335    0  212          - 13876.0335      -     -    0s
     0     0 13879.5427    0  215          - 13879.5427      -     -    0s
     0     0 13886.3473    0  238          - 13886.3473      -     -    0s
     0     0 13886.6260    0  210          - 13886.6260      -     -    0s
     0     0 13886.6278    0  209          - 13886.6278      -     -    0s
     0     0 14757.7635    0  353          - 14757.7635      -     -    0s
     0     0 14882.8347    0  384          - 14882.8347      -     -    1s
     0     0 14942.9126    0  351          - 14942.9126      -     -    1s
     0     0 14980.4262    0  384          - 14980.4262      -     -    1s
     0     0 14988.2264    0  392          - 14988.2264      -     -    1s
     0     0 15029.3054    0  416          - 15029.3054      -     -    1s
     0     0 15051.5785    0  387          - 15051.5785      -     -    1s
     0     0 15064.1386    0  402          - 15064.1386      -     -    1s
     0     0 15064.7701    0  412          - 15064.7701      -     -    1s
     0     0 15350.7969    0  431          - 15350.7969      -     -    1s
     0     0 15404.3890    0  463          - 15404.3890      -     -    2s
     0     0 15417.3314    0  483          - 15417.3314      -     -    2s
     0     0 15421.1903    0  481          - 15421.1903      -     -    2s
     0     0 15449.0254    0  493          - 15449.0254      -     -    2s
     0     0 15463.3472    0  474          - 15463.3472      -     -    2s
     0     0 15467.0618    0  465          - 15467.0618      -     -    2s
     0     0 15467.9406    0  488          - 15467.9406      -     -    2s
     0     0 15571.6068    0  462          - 15571.6068      -     -    3s
     0     0 15698.9147    0  467          - 15698.9147      -     -    3s
     0     0 15705.4932    0  452          - 15705.4932      -     -    3s
     0     0 15726.0224    0  432          - 15726.0224      -     -    3s
     0     0 15734.6453    0  479          - 15734.6453      -     -    3s
     0     0 15767.1410    0  474          - 15767.1410      -     -    4s
     0     0 15784.1476    0  409          - 15784.1476      -     -    4s
     0     0 15803.5502    0  458          - 15803.5502      -     -    4s
     0     0 15804.8748    0  453          - 15804.8748      -     -    5s
     0     0 15828.3026    0  447          - 15828.3026      -     -    5s
     0     0 15836.9696    0  465          - 15836.9696      -     -    6s
     0     0 15839.1105    0  443          - 15839.1105      -     -    6s
     0     0 15854.2017    0  464          - 15854.2017      -     -    6s
     0     0 15854.2017    0  464          - 15854.2017      -     -    6s
     0     2 15854.5233    0  464          - 15854.5233      -     -    7s
    20    23 15922.3694    6  516          - 15880.3837      -   685   10s
    71    75 16164.8841   18  534          - 15880.3837      -   597   15s
   157   170 16774.3269   33  324          - 15880.3837      -   461   20s
   378   420 17451.7879   51  347          - 15880.3837      -   256   25s
*  511   536             247    21945.810000 15880.3837  27.6%   212   27s
   579   531 17898.5073   70  261 21945.8100 15880.3837  27.6%   198   30s
   670   628 18741.6494  131  178 21945.8100 15880.3837  27.6%   196   40s
   740   677 21497.8358  242  464 21945.8100 15880.3837  27.6%   187   45s
H  741   644                    21636.810000 15880.3837  26.6%   186   45s
   753   652 19450.9577  155  613 21636.8100 16266.6293  24.8%   183   50s
H  762   624                    21115.730000 16298.6168  22.8%   181   53s
   767   627 17827.8594   60  621 21115.7300 16304.7930  22.8%   180   55s
   782   637 19392.4924  157  717 21115.7300 16314.9948  22.7%   177   60s
H  782   605                    21097.230000 16316.2256  22.7%   177   60s
   795   614 18737.7025  126  732 21097.2300 16322.4231  22.6%   174   65s
H  800   588                    20657.410000 16322.4583  21.0%   201   66s
   804   590 18477.8410  109  604 20657.4100 16322.4583  21.0%   200   70s
   820   601 18466.4571  119  709 20657.4100 16328.0954  21.0%   196   75s
   831   611 16374.6811   27  609 20657.4100 16333.6771  20.9%   213   80s
   851   625 16368.0790   32  623 20657.4100 16361.2148  20.8%   233   85s
H  856   596                    20521.900000 16368.3393  20.2%   236   86s
H  856   566                    20466.959978 16368.3393  20.0%   236   86s
   875   582 16436.5405   37  683 20466.9600 16374.8827  20.0%   251   90s
   904   602 16893.2680   43  496 20466.9600 16374.8827  20.0%   268   95s
H  945   604                    20127.590000 16374.8827  18.6%   276  100s
   981   633 16690.5145   58  484 20127.5900 16374.8827  18.6%   286  105s
  1021   660 16743.9667   66  445 20127.5900 16374.8827  18.6%   290  111s
  1081   705 16933.6632   77  370 20127.5900 16374.8827  18.6%   289  115s
  1161   760 17096.0753   95  338 20127.5900 16374.8827  18.6%   287  120s
  1209   816 17180.1463  105  264 20127.5900 16374.8827  18.6%   284  125s
  1412  1004 17677.7279  147  189 20127.5900 16374.8827  18.6%   262  130s
* 1583   989             239    18858.480000 16374.9633  13.2%   243  133s
  1634   949 16787.9007   31  547 18858.4800 16374.9633  13.2%   240  135s
  1656   965 16740.4530   36  476 18858.4800 16374.9633  13.2%   245  140s
H 1668   909                    18563.550000 16374.9633  11.8%   246  141s
  1695   937 17140.5958   47  344 18563.5500 16374.9633  11.8%   250  145s
  1742   994 17395.8820   62  304 18563.5500 16374.9633  11.8%   250  150s
  1863  1064 18224.1712   99  179 18563.5500 16382.1723  11.8%   246  155s
  1957  1110 16783.0721   39  594 18563.5500 16382.1723  11.8%   245  164s
  1980  1106 16789.5249   39  506 18563.5500 16382.1723  11.8%   245  166s
H 2020  1063                    18423.230000 16382.1723  11.1%   248  173s
  2025  1070 16862.4992   43  406 18423.2300 16382.1723  11.1%   250  177s
  2050  1093 16988.5712   50  421 18423.2300 16382.1723  11.1%   253  181s
  2082  1113 17221.4513   58  326 18423.2300 16382.1723  11.1%   257  188s
  2096  1130 17130.1192   64  436 18423.2300 16382.1723  11.1%   260  191s
  2134  1157 17234.4617   76  395 18423.2300 16382.1723  11.1%   264  195s
  2186  1222 17576.4296   92  308 18423.2300 16382.1723  11.1%   266  201s
  2305  1356 18323.5117  127  153 18423.2300 16386.6309  11.1%   264  207s
H 2392  1354                    18414.950000 16386.6309  11.0%   259  208s
  2393  1373 16526.9762   36  628 18414.9500 16386.6309  11.0%   259  210s
  2445  1421 17275.2955   62  288 18414.9500 16386.6309  11.0%   263  217s
H 2450  1419                    18411.230000 16386.6309  11.0%   263  217s
  2461  1496 17335.8202   67  288 18411.2300 16386.6549  11.0%   263  220s
  2591  1607 17019.9809   41  350 18411.2300 16386.6549  11.0%   261  227s
  2670  1653 17643.0002   86  159 18411.2300 16403.6127  10.9%   259  233s
  2728  1688 16690.0214   32  481 18411.2300 16403.6127  10.9%   257  237s
  2798  1725 17146.7517   40  453 18411.2300 16423.5690  10.8%   255  242s
  2847  1757 16520.2668   31  602 18411.2300 16423.5690  10.8%   256  246s
  2879  1814 16567.3441   36  563 18411.2300 16423.5690  10.8%   258  250s
  2953  1833 16787.4304   41  608 18411.2300 16423.5690  10.8%   262  261s
  2965  1866 16827.0653   43  570 18411.2300 16423.5690  10.8%   263  266s
  2998  1950 16921.8850   47  414 18411.2300 16423.5690  10.8%   265  271s
  3082  1976 17157.2827   52  444 18411.2300 16423.5690  10.8%   263  276s
  3128  2019 17380.8201   54  428 18411.2300 16423.5690  10.8%   265  281s
  3171  2083 18027.7458   66  262 18411.2300 16423.5690  10.8%   267  286s
H 3227  1990                    18291.550000 16423.5690  10.2%   267  287s
  3235  2065 18211.4730   82  172 18291.5500 16427.5910  10.2%   267  292s
  3328  2114 16756.9989   42  479 18291.5500 16427.5910  10.2%   266  298s
  3393  2188 17702.7130   76  177 18291.5500 16444.8943  10.1%   266  304s
  3490  2262 16848.6577   37  378 18291.5500 16453.9719  10.0%   265  311s
  3572  2330 16692.3352   30  415 18291.5500 16453.9719  10.0%   265  316s
  3640  2395 17280.2020   46  336 18291.5500 16468.3760  10.0%   265  324s
  3680  2395 18112.5822   86  195 18291.5500 16468.3760  10.0%   265  325s
  3737  2453 16784.7479   30  415 18291.5500 16468.6565  10.0%   266  331s
  3797  2518 16826.9688   39  443 18291.5500 16468.6565  10.0%   268  338s
  3888  2615 17051.5875   50  368 18291.5500 16468.6565  10.0%   268  350s
  4001  2688 17432.7505   67  313 18291.5500 16468.6565  10.0%   267  357s
  4074  2750     cutoff   95      18291.5500 16471.1300  10.0%   269  366s
  4178  2825 17172.4802   54  343 18291.5500 16476.2393  9.92%   270  374s
  4267  2898 16849.4771   50  473 18291.5500 16476.2393  9.92%   270  382s
  4348  2952 17745.3213   89  265 18291.5500 16485.9732  9.87%   271  389s
  4404  2952 16715.1172   48  656 18291.5500 16485.9732  9.87%   271  390s
  4421  3014 17207.0084   50  330 18291.5500 16488.5276  9.86%   273  398s
  4505  3122 16733.1092   44  611 18291.5500 16488.5835  9.86%   274  406s
  4629  3171 16616.4380   39  509 18291.5500 16488.5835  9.86%   274  415s
  4694  3275 17560.9847   71  436 18291.5500 16490.5478  9.85%   276  425s
  4833  3360 17175.2167   48  489 18291.5500 16498.5815  9.80%   275  434s
  4925  3408 16603.6837   40  406 18291.5500 16498.5815  9.80%   276  444s
  4987  3470 16766.1078   45  321 18291.5500 16498.5815  9.80%   278  453s
  5061  3692 17049.1899   63  347 18291.5500 16499.2194  9.80%   281  466s
  5320  3753 16659.4963   43  593 18291.5500 16504.6351  9.77%   275  477s
  5381  3879 17473.3446   73  410 18291.5500 16505.3379  9.77%   278  487s
  5531  3927 16742.6174   38  572 18291.5500 16505.3467  9.77%   277  498s
  5579  4001 17054.0446   49  400 18291.5500 16505.3467  9.77%   281  509s
  5667  4160 17373.5217   76  212 18291.5500 16510.2587  9.74%   283  523s
  5884  4225 16938.8597   37  559 18291.5500 16510.4968  9.74%   280  539s
  5963  4306 17559.6040   61  532 18291.5500 16513.2792  9.72%   280  551s
H 6005  4249                    18254.550000 16513.2792  9.54%   281  551s
  6062  4329 16787.8761   43  325 18254.5500 16513.5706  9.54%   282  562s
  6142  4474 17292.0606   56  240 18254.5500 16516.7754  9.52%   284  577s
  6305  4730 17274.6874   57  287 18254.5500 16518.2753  9.51%   283  592s
  6591  4820 17713.2885   62  209 18254.5500 16521.5514  9.49%   278  606s
  6700  4873 18247.3391   78  132 18254.5500 16524.5568  9.48%   279  621s
H 6731  4508                    18128.730000 16524.5568  8.85%   279  621s
  6774  4607 17164.7732   47  381 18128.7300 16528.0569  8.83%   280  634s
  6911  4660 17348.5876   52  647 18128.7300 16528.1962  8.83%   280  646s
  6979  4717 16960.1060   48  420 18128.7300 16529.5704  8.82%   283  660s
  7044  4805 17151.8256   57  371 18128.7300 16529.5704  8.82%   285  673s
  7150  4891 17363.4887   66  369 18128.7300 16529.5704  8.82%   286  688s
  7236  5058 17582.9234   76  386 18128.7300 16529.5704  8.82%   287  705s
  7440  5123     cutoff  109      18128.7300 16541.7599  8.75%   286  721s
H 7472  4269                    17890.000000 16541.7599  7.54%   287  722s
  7534  4387 17242.7143   42  356 17890.0000 16550.1267  7.49%   288  739s
  7688  4468 16773.8452   39  334 17890.0000 16554.9935  7.46%   288  755s
  7791  4566 17139.9094   37  429 17890.0000 16556.4352  7.45%   291  773s
  7919  4647     cutoff   55      17890.0000 16557.8260  7.45%   292  791s
  8034  4695 17674.0123   49  276 17890.0000 16563.3728  7.42%   294  809s
H 8074  4567                    17852.000000 16563.3728  7.22%   295  809s
  8119  4649 16907.7446   55  449 17852.0000 16565.9147  7.20%   296  826s
  8219  4724 17114.3819   41  307 17852.0000 16565.9978  7.20%   298  842s
  8316  4879 17176.9600   58  467 17852.0000 16566.2608  7.20%   301  862s
  8502  4948 17716.6884   82  441 17852.0000 16566.6613  7.20%   300  880s
  8617  5039 16845.9962   47  565 17852.0000 16566.9939  7.20%   302  897s
  8720  5158 16948.2083   46  421 17852.0000 16568.1904  7.19%   303  922s
H 8865  5013                    17802.000000 16570.6902  6.92%   304  941s
H 8865  4927                    17787.000000 16570.6902  6.84%   304  941s
H 8917  4921                    17784.750000 16573.7794  6.81%   305  941s
  8976  5031 17081.2897   51  427 17784.7500 16575.4250  6.80%   305  959s
  9113  5170 17157.9877   45  364 17784.7500 16575.9665  6.80%   306  978s
  9268  5269 16674.0558   38  419 17784.7500 16577.7254  6.79%   307  999s
  9338  5269 17742.5621   73  365 17784.7500 16579.1261  6.78%   307 1000s
  9415  5367 16937.0728   42  464 17784.7500 16585.8867  6.74%   307 1017s
  9533  5525 17014.9312   51  281 17784.7500 16587.8147  6.73%   309 1036s
  9726  5604 17340.1692   51  542 17784.7500 16597.2830  6.68%   309 1055s
  9825  5634 17171.8746   60  318 17784.7500 16597.3465  6.68%   311 1137s
H 9839  5465                    17751.470000 16597.3465  6.50%   311 1138s
  9855  5582 17362.8784   61  270 17751.4700 16597.3465  6.50%   312 1161s
H 9867  5457                    17732.140000 16597.3465  6.40%   312 1161s
  9980  5506 17643.2019   98  195 17732.1400 16598.7414  6.39%   312 1181s
H 9994  4789                    17616.640000 16598.7414  5.78%   312 1181s
 10113  4851 16790.1536   40  568 17616.6400 16599.7436  5.77%   314 1201s
 10221  4944 17163.9167   50  405 17616.6400 16602.1704  5.76%   316 1221s
 10348  5053 17319.1303   60  333 17616.6400 16605.5765  5.74%   318 1247s
H10508  4592                    17523.640000 16613.9758  5.19%   319 1269s
 10721  4668 17372.0051   56  179 17523.6400 16614.1809  5.19%   319 1290s
 10871  4828 16819.6052   35  510 17523.6400 16616.7123  5.18%   320 1311s
 11058  4908     cutoff   76      17523.6400 16618.1784  5.17%   320 1331s
 11198  4977 17412.5684   48  509 17523.6400 16626.7343  5.12%   322 1352s
 11310  5086 16936.4120   40  553 17523.6400 16628.4914  5.11%   324 1373s
 11471  5150 17113.2065   53  390 17523.6400 16632.8278  5.08%   325 1394s
 11549  5150 16902.1464   40  510 17523.6400 16633.5651  5.08%   326 1395s
 11604  5266 17010.0589   40  493 17523.6400 16634.5728  5.07%   327 1416s
 11750  5436 17159.4884   55  303 17523.6400 16635.9834  5.07%   328 1439s
 11972  5567 17431.7767   59  430 17523.6400 16637.0720  5.06%   327 1461s
 12164  5653 16782.2027   37  596 17523.6400 16640.5658  5.04%   328 1483s
 12284  5716 17432.2053   61  325 17523.6400 16641.0923  5.04%   329 1505s
 12399  5806 17180.4024   39  363 17523.6400 16645.6154  5.01%   331 1526s
 12509  5927 17246.8383   58  547 17523.6400 16647.6648  5.00%   334 1547s
H12601  5888                    17519.640000 16647.6648  4.98%   334 1548s
 12680  5941     cutoff   56      17519.6400 16648.2441  4.97%   334 1574s
H12711  5936                    17518.330000 16648.2441  4.97%   334 1574s
 12801  6025 16913.5683   50  606 17518.3300 16648.6680  4.96%   335 1597s
 12929  6116 17433.3880   75  474 17518.3300 16648.7773  4.96%   337 1619s
 13062  6199 16812.3632   40  344 17518.3300 16651.3473  4.95%   338 1642s
 13180  6292 16873.4257   40  387 17518.3300 16652.7716  4.94%   340 1664s
 13313  6398 17360.1037   43  532 17518.3300 16654.2371  4.93%   342 1687s
 13463  6487 17396.3386   54  460 17518.3300 16656.3578  4.92%   343 1711s
 13578  6606 17216.5566   53  262 17518.3300 16657.6110  4.91%   345 1736s
 13751  6672 17334.8769   54  454 17518.3300 16658.2455  4.91%   346 1759s
 13865  6780     cutoff   63      17518.3300 16660.0029  4.90%   347 1783s
H13978  6660                    17503.989975 16660.0029  4.82%   347 1783s
 14035  6743 16956.3528   41  509 17503.9900 16662.4749  4.81%   348 1805s
 14153  6821     cutoff   63      17503.9900 16663.8351  4.80%   349 1827s
 14245  6895     cutoff   54      17503.9900 16664.8035  4.79%   351 1850s
 14378  6984 17338.2524   43  514 17503.9900 16666.1892  4.79%   353 1873s
 14530  7091 17339.9781   47  374 17503.9900 16668.5583  4.77%   354 1898s
 14693  7214 17275.8114   50  451 17503.9900 16670.0124  4.76%   354 1923s
 14858  7345 17100.2569   47  553 17503.9900 16674.1600  4.74%   355 1946s
 14925  7345 16877.1680   48  460 17503.9900 16677.5046  4.72%   356 1955s
 15034  7430 17115.8132   40  341 17503.9900 16678.1151  4.72%   355 1979s
 15221  7563 16942.3264   39  331 17503.9900 16680.4038  4.71%   356 2004s
 15396  7709 17488.8381   62  626 17503.9900 16681.7000  4.70%   356 2028s
 15599  7845 16931.8718   42  378 17503.9900 16682.9391  4.69%   356 2054s
 15780  7951 17395.6937   71  165 17503.9900 16683.1230  4.69%   357 2079s
 15941  8081 16797.5196   36  366 17503.9900 16683.7420  4.69%   358 2104s
 16107  8195 17208.1147   47  463 17503.9900 16684.8547  4.68%   358 2128s
 16308  8303 16849.7422   40  522 17503.9900 16687.5300  4.66%   358 2157s
 16465  8457 17358.2986   56  543 17503.9900 16689.4684  4.65%   359 2182s
 16682  8510 17238.7515   38  491 17503.9900 16690.3943  4.65%   358 2207s
 16807  8648 17130.0493   44  387 17503.9900 16692.5413  4.64%   359 2232s
 16999  8732 17179.3616   40  514 17503.9900 16693.2698  4.63%   360 2255s
 17129  8819 17270.5923   53  432 17503.9900 16693.9610  4.63%   361 2289s
 17255  8946 17076.3613   48  537 17503.9900 16694.7334  4.62%   362 2316s
 17444  9078 17235.0120   49  291 17503.9900 16697.2591  4.61%   362 2341s
 17622  9178 17366.4640   67  362 17503.9900 16698.2158  4.60%   363 2367s
 17775  9294 17201.4291   43  395 17503.9900 16699.0624  4.60%   363 2402s
 17944  9397 17176.1479   46  496 17503.9900 16700.1442  4.59%   364 2426s
 18127  9511     cutoff   69      17503.9900 16700.8394  4.59%   364 2453s
 18294  9635 17029.9122   52  559 17503.9900 16701.5606  4.58%   365 2480s
 18480  9722 17397.8774   48  467 17503.9900 16701.9176  4.58%   365 2528s
 18647  9818 17463.8195   65  304 17503.9900 16703.0247  4.58%   365 2554s
 18709  9818 17290.6459   62  191 17503.9900 16704.5534  4.57%   366 2555s
 18811  9900 17263.6467   57  503 17503.9900 16704.8285  4.57%   366 2584s
 18966 10009 17206.1992   42  374 17503.9900 16705.4442  4.56%   366 2608s
 19126 10098 17449.5384   71  437 17503.9900 16706.7972  4.55%   367 2632s
 19278 10159 17486.8048   42  461 17503.9900 16709.3452  4.54%   368 2656s
 19410 10268     cutoff   45      17503.9900 16711.3449  4.53%   368 2683s
 19570 10368 16882.1861   46  411 17503.9900 16714.4001  4.51%   369 2708s
 19704 10463 16762.8061   51  446 17503.9900 16714.9998  4.51%   370 2733s
 19869 10577 17052.1399   49  336 17503.9900 16715.9242  4.50%   370 2758s
 20007 10702     cutoff   54      17503.9900 16717.2738  4.49%   371 2784s
 20207 10776 17364.4451   48  391 17503.9900 16719.3532  4.48%   371 2808s
 20325 10858 17449.5836   65  540 17503.9900 16720.0056  4.48%   372 2832s
 20469 11021 17436.2243   60  437 17503.9900 16721.9199  4.47%   373 2859s
 20706 11164 17157.1794   56  428 17503.9900 16724.1136  4.46%   372 2885s
 20888 11280 16880.7798   57  535 17503.9900 16725.2735  4.45%   372 2913s
 21061 11383 17487.0048   49  468 17503.9900 16726.6925  4.44%   373 2938s
 21232 11485 16927.4630   35  643 17503.9900 16727.4493  4.44%   373 2964s
 21379 11571     cutoff   58      17503.9900 16727.8347  4.43%   374 2991s
 21436 11571 16969.0626   50  582 17503.9900 16728.3503  4.43%   374 3006s
 21552 11694 17456.5337   48  479 17503.9900 16730.4888  4.42%   374 3031s
 21766 11799 17210.6650   51  605 17503.9900 16733.0825  4.40%   374 3056s
 21935 11905 17468.0378   54  383 17503.9900 16733.8997  4.40%   374 3083s
 22102 12060 17285.0968   68  237 17503.9900 16734.5404  4.40%   375 3111s
 22371 12156 17458.1627   56  274 17503.9900 16735.8597  4.39%   374 3137s
 22555 12272 17258.5287   57  314 17503.9900 16738.1438  4.38%   374 3178s
 22739 12363 17187.4302   49  420 17503.9900 16739.1152  4.37%   374 3204s
 22860 12450 17127.1378   40  434 17503.9900 16740.2022  4.36%   375 3229s
 23014 12550     cutoff   43      17503.9900 16741.9381  4.35%   376 3255s
 23214 12677 17119.6784   54  541 17503.9900 16743.1100  4.35%   376 3282s
 23421 12774 17367.0049   73  393 17503.9900 16743.3173  4.35%   375 3309s
 23530 12774 16973.8417   51  522 17503.9900 16744.5111  4.34%   375 3310s
 23612 12902 17162.3947   51  362 17503.9900 16744.8708  4.34%   376 3336s
 23815 13011 17356.7744   57  451 17503.9900 16745.6417  4.33%   376 3361s
 23981 13130 17201.7033   39  436 17503.9900 16746.6029  4.33%   376 3386s
 24176 13229 17194.1367   52  637 17503.9900 16748.8017  4.31%   376 3410s
 24333 13383 17022.7541   43  533 17503.9900 16750.0809  4.31%   376 3436s
 24551 13484 16904.4572   41  491 17503.9900 16751.5047  4.30%   376 3475s
 24708 13605 16842.8570   37  644 17503.9900 16752.7878  4.29%   377 3501s
 24885 13712 16935.2435   35  619 17503.9900 16753.3923  4.29%   377 3525s
 25053 13891 17450.5510   65  464 17503.9900 16755.4673  4.28%   377 3552s
 25335 14051 17265.2797   49  553 17503.9900 16756.9849  4.27%   376 3578s
 25569 14177 17307.1125   56  473 17503.9900 16757.1413  4.27%   376 3600s

Cutting planes:
  User: 5398
  Gomory: 40
  Cover: 508
  Implied bound: 309
  Projected implied bound: 15
  Clique: 22
  MIR: 244
  StrongCG: 2
  Flow cover: 509
  GUB cover: 1
  Inf proof: 1
  Zero half: 29
  Network: 2
  RLT: 331
  Relax-and-lift: 13
  Lazy constraints: 384

Explored 25770 nodes (9700934 simplex iterations) in 3600.80 seconds
Thread count was 2 (of 32 available processors)

Solution count 10: 17504 17518.3 17519.6 ... 17802

Time limit reached
Best objective 1.750398997470e+04, best bound 1.675762081643e+04, gap 4.2640%

User-callback calls 301853, time in user-callback 232.69 sec
================================================================================
executing instance: ./input/Instances/Original/6/absH6high_1n20.dat
--------------------------------------------------------------------------------
Instance details
n	21
H	6
C	1651
Li:
[0, 0, 0, 0, 0, 0, 0, 0, 0, 0, 0, 0, 0, 0, 0, 0, 0, 0, 0, 0, 0, ]
Ui:
[0, 36, 182, 182, 90, 261, 117, 30, 110, 42, 276, 153, 40, 94, 144, 46, 129, 213, 264, 160, 174, ]
Distance matrix:
|0	371	401	343	361	341	370	115	392	400	79	266	292	245	355	431	265	194	95	92	348	|
|371	0	37	141	110	250	117	438	67	131	372	305	115	238	247	255	235	296	392	430	185	|
|401	37	0	175	100	284	146	472	90	156	406	342	152	275	280	282	242	333	415	455	178	|
|343	141	175	0	239	110	38	374	95	60	314	182	67	130	106	127	318	201	397	423	303	|
|361	110	100	239	0	341	222	451	177	240	385	374	190	304	341	361	151	345	354	398	78	|
|341	250	284	110	341	0	143	337	203	151	289	102	152	97	15	95	394	156	415	431	398	|
|370	117	146	38	222	143	0	407	61	30	346	220	81	167	137	139	317	237	417	447	292	|
|115	438	472	374	451	337	407	0	443	434	66	241	339	251	351	431	374	181	201	177	450	|
|392	67	90	95	177	203	61	443	0	66	379	275	104	216	197	193	294	283	427	461	252	|
|400	131	156	60	240	151	30	434	66	0	374	237	112	189	142	127	344	261	448	477	312	|
|79	372	406	314	385	289	346	66	379	374	0	202	275	197	304	383	316	134	175	166	388	|
|266	305	342	182	374	102	220	241	275	237	202	0	191	70	117	196	386	73	352	359	415	|
|292	115	152	67	190	152	81	339	104	112	275	191	0	123	154	193	252	183	336	366	246	|
|245	238	275	130	304	97	167	251	216	189	197	70	123	0	110	187	322	72	319	334	346	|
|355	247	280	106	341	15	137	351	197	142	304	117	154	110	0	80	399	171	427	444	400	|
|431	255	282	127	361	95	139	431	193	127	383	196	193	187	80	0	444	251	499	519	429	|
|265	235	242	318	151	394	317	374	294	344	316	386	252	322	399	444	0	332	226	273	97	|
|194	296	333	201	345	156	237	181	283	261	134	73	183	72	171	251	332	0	279	286	375	|
|95	392	415	397	354	415	417	201	427	448	175	352	336	319	427	499	226	279	0	47	321	|
|92	430	455	423	398	431	447	177	461	477	166	359	366	334	444	519	273	286	47	0	368	|
|348	185	178	303	78	398	292	450	252	312	388	415	246	346	400	429	97	375	321	368	0	|

--------------------------------------------------------------------------------
Building model...
	using lazy and cut (CVRPSEP package)
Solving IRP LP...
--------------------------------------------------------------------------------

Gurobi 9.1.0 (linux64) logging started Tue Feb 16 14:52:55 2021

Gurobi Optimizer version 9.1.0 build v9.1.0rc0 (linux64)
Thread count: 32 physical cores, 32 logical processors, using up to 2 threads
Optimize a model with 1389 rows, 4665 columns and 12639 nonzeros
Model fingerprint: 0xef652660
Variable types: 507 continuous, 4158 integer (378 binary)
Coefficient statistics:
  Matrix range     [1e+00, 6e+02]
  Objective range  [1e-01, 5e+02]
  Bounds range     [1e+00, 3e+02]
  RHS range        [1e+00, 3e+03]
Presolve removed 304 rows and 471 columns
Presolve time: 0.08s
Presolved: 1085 rows, 4194 columns, 10772 nonzeros
Variable types: 389 continuous, 3805 integer (3454 binary)

Root relaxation: objective 1.303524e+04, 1575 iterations, 0.04 seconds

    Nodes    |    Current Node    |     Objective Bounds      |     Work
 Expl Unexpl |  Obj  Depth IntInf | Incumbent    BestBd   Gap | It/Node Time

     0     0 13035.2370    0  198          - 13035.2370      -     -    0s
     0     0 13291.2073    0  207          - 13291.2073      -     -    0s
     0     0 13291.9767    0  200          - 13291.9767      -     -    0s
     0     0 13291.9815    0  208          - 13291.9815      -     -    0s
     0     0 13726.2165    0  308          - 13726.2165      -     -    0s
     0     0 13787.6834    0  282          - 13787.6834      -     -    0s
     0     0 13790.8307    0  303          - 13790.8307      -     -    0s
     0     0 13806.0143    0  299          - 13806.0143      -     -    0s
     0     0 13806.7822    0  297          - 13806.7822      -     -    0s
     0     0 13807.0344    0  306          - 13807.0344      -     -    0s
     0     0 13995.9820    0  329          - 13995.9820      -     -    1s
     0     0 14019.1578    0  353          - 14019.1578      -     -    1s
     0     0 14019.1765    0  378          - 14019.1765      -     -    1s
     0     0 14058.6064    0  392          - 14058.6064      -     -    1s
     0     0 14070.6335    0  409          - 14070.6335      -     -    1s
     0     0 14085.0564    0  394          - 14085.0564      -     -    1s
     0     0 14097.9905    0  393          - 14097.9905      -     -    1s
     0     0 14098.2810    0  407          - 14098.2810      -     -    1s
     0     0 14110.5319    0  324          - 14110.5319      -     -    1s
     0     0 14119.6263    0  345          - 14119.6263      -     -    2s
     0     0 14124.4289    0  362          - 14124.4289      -     -    2s
     0     0 14148.0379    0  362          - 14148.0379      -     -    2s
     0     0 14164.6814    0  395          - 14164.6814      -     -    2s
     0     0 14166.4534    0  383          - 14166.4534      -     -    2s
     0     0 14166.6011    0  406          - 14166.6011      -     -    2s
     0     0 14174.6337    0  377          - 14174.6337      -     -    2s
     0     0 14177.5344    0  375          - 14177.5344      -     -    2s
     0     0 14179.5527    0  392          - 14179.5527      -     -    2s
     0     0 14179.6047    0  392          - 14179.6047      -     -    2s
     0     0 14181.1856    0  396          - 14181.1856      -     -    2s
     0     0 14181.1856    0  382          - 14181.1856      -     -    3s
     0     2 14187.7840    0  379          - 14187.7840      -     -    3s
     3     6 14202.1992    2  359          - 14187.7840      -   247    5s
    78    85 15113.6861   23  243          - 14197.6849      -   507   10s
   315   366 17332.7793   96  178          - 14197.6849      -   263   15s
   690   736 23876.7705  227   64          - 14232.8938      -   156   20s
   779   753 19861.6431  158  501          - 14488.1733      -   145   25s
   804   771 15317.3002   41  304          - 14545.5608      -   157   30s
   827   789 14560.3091   24  560          - 14560.3091      -   167   35s
   876   823 14642.7096   37  415          - 14583.8793      -   192   40s
   914   850 14914.1982   45  411          - 14583.8793      -   219   45s
   964   887 14955.7815   55  411          - 14583.8793      -   239   50s
  1045   951 15169.4566   71  384          - 14583.8793      -   255   55s
  1163  1037 15519.1443   95  377          - 14583.8793      -   256   60s
  1296  1136 15935.7836  125  313          - 14583.8793      -   253   65s
  1461  1286 16317.5806  149  262          - 14583.8793      -   245   70s
  1711  1379 16728.5392  166  242          - 14583.8793      -   220   75s
* 1723  1335             321    21519.130000 14583.8793  32.2%   220   75s
* 1727  1295             320    21503.530000 14583.8793  32.2%   219   75s
  1829  1416 18358.4848  208  171 21503.5300 14583.8793  32.2%   220   81s
  1930  1471 20074.4168  254  128 21503.5300 14583.8793  32.2%   213   85s
  2018  1483 15043.9230   27  426 21503.5300 14594.6553  32.1%   213   91s
  2080  1531 15131.5761   36  404 21503.5300 14594.6553  32.1%   215   96s
  2132  1567 15383.1924   43  368 21503.5300 14594.6553  32.1%   215  100s
  2211  1627 15579.0766   48  268 21503.5300 14594.6553  32.1%   217  107s
  2283  1682 15690.0058   52  266 21503.5300 14594.6553  32.1%   216  112s
  2364  1742 15982.5962   60  269 21503.5300 14594.6553  32.1%   215  117s
  2444  1787 16273.9346   73  304 21503.5300 14594.6553  32.1%   214  122s
  2480  1822 16588.1703   76  317 21503.5300 14594.6553  32.1%   213  125s
  2527  1809 16761.8827   76  275 21503.5300 14594.6553  32.1%   213  131s
H 2528  1724                    20512.350000 14594.6553  28.8%   213  131s
  2636  1926 16693.2421   85  308 20512.3500 14594.6553  28.8%   208  137s
  2767  1962 16831.9102   99  276 20512.3500 14594.6553  28.8%   203  141s
  2895  1969 14730.9255   28  486 20512.3500 14594.6553  28.8%   200  145s
  2938  2032 17705.8869  125  214 20512.3500 14594.6553  28.8%   201  153s
  2965  2094 17762.8590  132  270 20512.3500 14594.6553  28.8%   203  156s
  3029  2183 18235.6059  151  214 20512.3500 14594.6553  28.8%   202  160s
  3161  2380 19226.1650  184  101 20512.3500 14594.6553  28.8%   199  165s
  3379  2417 15124.7878   34  434 20512.3500 14601.6815  28.8%   192  171s
  3437  2486 16824.5909   67  307 20512.3500 14601.6815  28.8%   194  178s
  3473  2582 17529.1248   93  207 20512.3500 14613.3818  28.8%   194  182s
  3619  2601     cutoff  184      20512.3500 14613.7282  28.8%   189  186s
  3641  2627 15321.5749   37  491 20512.3500 14613.7282  28.8%   192  190s
  3704  2762 16971.8313   58  269 20512.3500 14614.0719  28.8%   194  198s
  3815  2813     cutoff  111      20512.3500 14614.1404  28.8%   192  203s
  3870  2891 14886.3529   28  432 20512.3500 14614.1404  28.8%   192  211s
  3948  2983 15019.5859   29  426 20512.3500 14614.1404  28.8%   191  219s
  4081  3005 14952.3470   33  396 20512.3500 14614.1404  28.8%   188  223s
  4099  3028 14921.6864   33  455 20512.3500 14614.1404  28.8%   190  227s
  4122  3040 15112.7715   39  370 20512.3500 14614.1404  28.8%   191  231s
  4134  3068 15169.6707   42  353 20512.3500 14614.1404  28.8%   193  235s
  4162  3099 15245.9329   46  366 20512.3500 14614.1404  28.8%   194  241s
  4199  3243 15272.4923   46  361 20512.3500 14614.1404  28.8%   194  248s
  4402  3288 15370.1844   52  397 20512.3500 14614.1404  28.8%   188  253s
  4434  3330 15587.4490   62  327 20512.3500 14614.1404  28.8%   190  258s
  4476  3360 15681.8658   68  381 20512.3500 14614.1404  28.8%   190  263s
  4514  3413 15837.1102   76  301 20512.3500 14614.1404  28.8%   191  268s
  4567  3463 16200.3158   92  231 20512.3500 14614.1404  28.8%   192  276s
  4617  3612 16861.0377   95  207 20512.3500 14614.1404  28.8%   192  282s
  4766  3770 17268.2607  120   86 20512.3500 14630.2736  28.7%   190  290s
  4978  3796 infeasible  166      20512.3500 14637.1658  28.6%   186  296s
  4995  3819 14869.2591   33  479 20512.3500 14637.1974  28.6%   188  300s
  5018  3845 15008.7226   38  459 20512.3500 14637.1974  28.6%   190  307s
  5044  3876 15178.4155   43  486 20512.3500 14637.1974  28.6%   191  312s
  5075  3908 15176.6616   49  472 20512.3500 14637.1974  28.6%   193  320s
  5117  3940 15317.7001   55  436 20512.3500 14637.1974  28.6%   195  325s
  5149  3997 15758.4525   63  360 20512.3500 14637.1974  28.6%   197  331s
  5206  4112 16223.9880   79  184 20512.3500 14637.1974  28.6%   197  339s
  5348  4272 16429.3590   99  174 20512.3500 14642.5635  28.6%   196  348s
  5516  4311     cutoff  165      20512.3500 14642.5968  28.6%   194  356s
  5569  4431 15558.6175   45  306 20512.3500 14653.3661  28.6%   195  365s
  5725  4487     cutoff  153      20512.3500 14653.7072  28.6%   194  372s
  5774  4558 15297.5741   38  348 20512.3500 14653.7072  28.6%   195  379s
  5845  4684 15656.2392   46  257 20512.3500 14653.7072  28.6%   197  409s
  5971  5150 17070.6808   72  208 20512.3500 14661.1683  28.5%   197  421s
  6469  5197     cutoff  130      20512.3500 14661.2073  28.5%   188  430s
  6537  5247 15473.3391   38  381 20512.3500 14661.8050  28.5%   188  437s
  6587  5352 16912.3571   70  271 20512.3500 14671.0689  28.5%   189  464s
  6720  5462     cutoff  149      20512.3500 14673.5062  28.5%   189  473s
  6856  5593 15571.5153   52  425 20512.3500 14674.3681  28.5%   188  481s
  6998  5633 infeasible  175      20512.3500 14675.1391  28.5%   188  489s
