




arguments: ./build/bc_mirp -f ./input/orig_exec_243.cfg
Current dir: /scratch/gui/bc_mirp
File verbosity level: 9
date       time         ( uptime  ) [ thread name/id ]                   file:line     v| 
2021-02-16 02:23:49.455 (   1.345s) [main thread     ]             loguru.cpp:789   INFO| Logging to './output/vi_vc+hc1_half/OU/V2/Original/execution_16_02_2021_02_23_49.log', mode: 'a', verbosity: 9
--------------------------------------------------------------------------------
Parameters
                           instance_path           ./input/Instances/Original/6/
                            model_policy                                       1
                             nb_vehicles                                       2
                              output_dir ./output/vi_vc+hc1_half/OU/V2/Original/
                            sec_strategy                                       1
                       solver_nb_threads                                       2
                         solver_show_log                                    true
                       solver_time_limit                                    3600
                              use_vi_cos                                   false
                              use_vi_cus                                   false
                         use_vi_hc1_full                                   false
                         use_vi_hc1_half                                    true
                      use_vi_hc1_quarter                                   false
                              use_vi_hc2                                   false
                              use_vi_hc3                                   false
                         use_vi_lex_full                                   false
                         use_vi_lex_half                                   false
                      use_vi_lex_quarter                                   false
                              use_vi_qua                                   false
                               use_vi_vc                                    true
                               use_vi_vr                                   false
--------------------------------------------------------------------------------
executing instance: ./input/Instances/Original/6/absH6high_1n25.dat
--------------------------------------------------------------------------------
Instance details
n	26
H	6
C	1711
Li:
[0, 0, 0, 0, 0, 0, 0, 0, 0, 0, 0, 0, 0, 0, 0, 0, 0, 0, 0, 0, 0, 0, 0, 0, 0, 0, ]
Ui:
[0, 168, 176, 34, 66, 36, 177, 106, 118, 182, 64, 141, 189, 63, 46, 111, 182, 231, 36, 66, 68, 54, 132, 90, 246, 75, ]
Distance matrix:
|0	191	200	231	334	329	146	196	208	245	218	164	283	394	151	358	156	196	309	253	201	260	127	138	130	104	|
|191	0	226	229	278	146	328	216	390	417	327	293	195	334	106	296	171	122	472	151	12	411	280	53	190	130	|
|200	226	0	38	149	359	321	10	276	274	418	364	139	204	121	173	321	115	303	141	225	236	155	202	311	256	|
|231	229	38	0	110	352	358	37	314	310	448	395	108	167	129	135	342	109	336	120	226	268	194	213	335	277	|
|334	278	149	110	0	367	467	147	422	413	546	495	86	61	203	25	423	163	429	129	271	363	303	282	424	361	|
|329	146	359	352	367	0	453	349	533	562	411	393	282	411	245	378	250	244	617	245	141	556	426	195	284	243	|
|146	328	321	358	467	453	0	321	162	215	160	112	425	524	297	491	223	341	284	397	339	266	186	276	184	210	|
|196	216	10	37	147	349	321	0	281	281	414	360	132	203	112	171	315	105	311	132	216	244	159	193	305	249	|
|208	390	276	314	422	533	162	281	0	54	321	271	410	471	316	445	348	348	123	398	398	115	125	338	313	309	|
|245	417	274	310	413	562	215	281	54	0	375	323	413	457	334	435	393	361	70	406	424	69	139	367	359	349	|
|218	327	418	448	546	411	160	414	321	375	0	57	484	606	347	569	163	393	444	446	339	421	318	288	137	199	|
|164	293	364	395	495	393	112	360	271	323	57	0	437	556	300	519	144	346	393	401	305	367	261	249	109	163	|
|283	195	139	108	86	282	425	132	410	413	484	437	0	139	137	101	349	91	443	44	187	375	286	206	355	291	|
|394	334	204	167	61	411	524	203	471	457	606	556	139	0	264	38	483	222	467	183	326	403	356	341	484	421	|
|151	106	121	129	203	245	297	112	316	334	347	300	137	264	0	225	220	46	381	102	106	316	195	84	221	158	|
|358	296	173	135	25	378	491	171	445	435	569	519	101	38	225	0	444	184	450	145	288	384	328	303	446	383	|
|156	171	321	342	423	250	223	315	348	393	163	144	349	483	220	444	0	261	460	308	183	415	284	143	39	65	|
|196	122	115	109	163	244	341	105	348	361	393	346	91	222	46	184	261	0	402	56	118	336	224	119	264	200	|
|309	472	303	336	429	617	284	311	123	70	444	393	443	467	381	450	460	402	0	442	477	68	192	424	426	413	|
|253	151	141	120	129	245	397	132	398	406	446	401	44	183	102	145	308	56	442	0	143	375	273	164	315	251	|
|201	12	225	226	271	141	339	216	398	424	339	305	187	326	106	288	183	118	477	143	0	416	286	63	202	142	|
|260	411	236	268	363	556	266	244	115	69	421	367	375	403	316	384	415	336	68	375	416	0	135	365	384	363	|
|127	280	155	194	303	426	186	159	125	139	318	261	286	356	195	328	284	224	192	273	286	135	0	232	256	229	|
|138	53	202	213	282	195	276	193	338	367	288	249	206	341	84	303	143	119	424	164	63	365	232	0	153	89	|
|130	190	311	335	424	284	184	305	313	359	137	109	355	484	221	446	39	264	426	315	202	384	256	153	0	64	|
|104	130	256	277	361	243	210	249	309	349	199	163	291	421	158	383	65	200	413	251	142	363	229	89	64	0	|

--------------------------------------------------------------------------------
Building model...
	using lazy and cut (CVRPSEP package)
Solving IRP LP...
--------------------------------------------------------------------------------

Gurobi 9.1.0 (linux64) logging started Tue Feb 16 02:23:49 2021

Gurobi Optimizer version 9.1.0 build v9.1.0rc0 (linux64)
Thread count: 32 physical cores, 32 logical processors, using up to 2 threads
Optimize a model with 1340 rows, 4694 columns and 12248 nonzeros
Model fingerprint: 0x58b6e28f
Variable types: 482 continuous, 4212 integer (312 binary)
Coefficient statistics:
  Matrix range     [1e+00, 9e+02]
  Objective range  [1e-01, 6e+02]
  Bounds range     [1e+00, 2e+02]
  RHS range        [1e+00, 3e+03]
Presolve removed 306 rows and 264 columns
Presolve time: 0.07s
Presolved: 1034 rows, 4430 columns, 11103 nonzeros
Variable types: 374 continuous, 4056 integer (3762 binary)

Root relaxation: objective 1.302510e+04, 1218 iterations, 0.04 seconds

    Nodes    |    Current Node    |     Objective Bounds      |     Work
 Expl Unexpl |  Obj  Depth IntInf | Incumbent    BestBd   Gap | It/Node Time

     0     0 13025.1025    0  210          - 13025.1025      -     -    0s
     0     0 13586.6036    0  199          - 13586.6036      -     -    0s
     0     0 13670.1190    0  241          - 13670.1190      -     -    0s
     0     0 13681.1864    0  242          - 13681.1864      -     -    0s
     0     0 13733.8019    0  254          - 13733.8019      -     -    0s
     0     0 13752.0047    0  233          - 13752.0047      -     -    0s
     0     0 13753.5104    0  232          - 13753.5104      -     -    0s
     0     0 13754.5262    0  242          - 13754.5262      -     -    0s
     0     0 13754.5295    0  247          - 13754.5295      -     -    0s
     0     0 14395.6435    0  269          - 14395.6435      -     -    1s
     0     0 14563.0123    0  357          - 14563.0123      -     -    1s
     0     0 14620.9718    0  369          - 14620.9718      -     -    1s
     0     0 14626.7636    0  347          - 14626.7636      -     -    1s
     0     0 14629.8634    0  369          - 14629.8634      -     -    1s
     0     0 14631.7417    0  362          - 14631.7417      -     -    1s
     0     0 14633.0576    0  352          - 14633.0576      -     -    1s
     0     0 14848.3181    0  434          - 14848.3181      -     -    1s
     0     0 14910.5092    0  361          - 14910.5092      -     -    1s
     0     0 14950.8891    0  409          - 14950.8891      -     -    2s
     0     0 14977.9490    0  444          - 14977.9490      -     -    2s
     0     0 14981.5760    0  446          - 14981.5760      -     -    2s
     0     0 14983.0256    0  436          - 14983.0256      -     -    2s
     0     0 15090.5112    0  431          - 15090.5112      -     -    2s
     0     0 15111.9241    0  445          - 15111.9241      -     -    2s
     0     0 15116.0879    0  411          - 15116.0879      -     -    2s
     0     0 15120.6700    0  413          - 15120.6700      -     -    2s
     0     0 15122.8630    0  416          - 15122.8630      -     -    2s
     0     0 15172.0434    0  436          - 15172.0434      -     -    3s
     0     0 15192.0128    0  417          - 15192.0128      -     -    3s
     0     0 15198.2658    0  431          - 15198.2658      -     -    3s
     0     0 15219.1803    0  453          - 15219.1803      -     -    3s
     0     0 15224.3941    0  458          - 15224.3941      -     -    3s
     0     0 15233.9097    0  470          - 15233.9097      -     -    3s
     0     0 15247.6349    0  445          - 15247.6349      -     -    3s
     0     0 15252.2320    0  494          - 15252.2320      -     -    3s
     0     0 15252.4914    0  480          - 15252.4914      -     -    3s
     0     0 15265.3583    0  487          - 15265.3583      -     -    3s
     0     0 15269.8592    0  460          - 15269.8592      -     -    3s
     0     0 15270.6031    0  486          - 15270.6031      -     -    4s
     0     0 15272.1871    0  473          - 15272.1871      -     -    4s
     0     0 15272.1871    0  433          - 15272.1871      -     -    4s
     0     2 15272.3497    0  415          - 15272.3497      -     -    4s
     3     6 15279.4315    2  493          - 15272.4021      -   235    5s
    73    81 15902.1424   19  374          - 15373.8340      -   462   10s
   464   446 16831.1586   49  180          - 15373.8340      -   134   15s
   697   709 19483.0201  180   31          - 15383.0438      -   123   20s
   764   724 19517.0900  191  465          - 15757.8741      -   115   25s
   807   760 15890.6526   21  289          - 15804.0576      -   143   30s
   873   802 16090.4770   38  305          - 15804.0576      -   161   35s
   980   897 16375.1826   65  171          - 15804.0576      -   173   40s
  1323  1118 17234.6597  135   34          - 15815.2846      -   151   45s
* 1335  1011             141    17406.960000 15815.2846  9.14%   150   45s
H 1433   936                    17380.960000 15815.5368  9.01%   151   50s
  1499   989 16261.6349   32  256 17380.9600 15815.5368  9.01%   159   55s
H 1565   997                    17300.770000 15815.5368  8.58%   161   58s
H 1570   919                    17102.630000 15815.5368  7.53%   161   58s
  1610   955 16540.2790   49  302 17102.6300 15815.5368  7.53%   161   60s
* 1680   835              93    16791.230000 15815.5368  5.81%   158   61s
H 1700   644                    16558.230000 15815.5368  4.49%   158   62s
H 1722   600                    16536.229994 15830.7685  4.27%   161   65s
H 1728   490                    16424.670000 15830.7685  3.62%   162   65s
  1803   498 15948.0181   15  350 16424.6700 15845.8523  3.52%   166   70s
  1856   505 16051.4367   19  296 16424.6700 15849.2165  3.50%   170   75s
  1907   545 16276.9912   27  277 16424.6700 15849.2165  3.50%   176   80s
  1968   550 16076.2940   21  404 16424.6700 15852.4223  3.48%   179   86s
  2018   559 16242.8964   26  250 16424.6700 15852.4223  3.48%   183   91s
  2078   560 16051.4611   17  368 16424.6700 15856.6026  3.46%   186   95s
  2145   567 16356.2239   32  236 16424.6700 15864.1179  3.41%   189  101s
  2195   589 16115.3952   20  317 16424.6700 15864.9627  3.41%   191  106s
  2247   604     cutoff   31      16424.6700 15871.3552  3.37%   194  110s
  2328   648 16289.7607   28  364 16424.6700 15884.2064  3.29%   199  116s
  2358   660 16212.0403   23  320 16424.6700 15884.2847  3.29%   200  139s
  2370   658     cutoff   31      16424.6700 15889.8121  3.26%   201  141s
  2390   672 16246.8050   22  333 16424.6700 15891.8012  3.24%   203  146s
  2450   699 infeasible   33      16424.6700 15895.6792  3.22%   206  150s
  2509   717 16148.7475   19  384 16424.6700 15911.8675  3.12%   210  155s
  2555   730 16214.1430   28  414 16424.6700 15920.7942  3.07%   213  160s
  2619   757 16153.3057   19  383 16424.6700 15921.9260  3.06%   217  166s
  2702   791 16120.7810   21  417 16424.6700 15933.4091  2.99%   219  172s
  2732   818 16230.6433   26  254 16424.6700 15933.7025  2.99%   222  175s
  2819   843 15979.4682   20  336 16424.6700 15937.2276  2.97%   225  197s
  2850   871 16137.0614   23  319 16424.6700 15943.7573  2.93%   226  201s
  2961   934 infeasible   34      16424.6700 15960.8828  2.82%   228  208s
  3026   961 16202.9404   21  235 16424.6700 15966.5181  2.79%   228  212s
  3080   990 16397.3699   22  195 16424.6700 15972.1655  2.76%   229  217s
  3135  1016 16150.8037   20  401 16424.6700 15975.1790  2.74%   230  221s
  3197  1029 16152.4344   29  383 16424.6700 15978.6649  2.72%   231  225s
  3253  1064 16185.4590   22  435 16424.6700 15979.9305  2.71%   233  230s
  3368  1093 16359.8620   38  180 16424.6700 15986.0925  2.67%   233  235s
  3421  1121 16117.1967   19  406 16424.6700 15989.3244  2.65%   233  240s
  3477  1123 16326.7510   24  387 16424.6700 15990.6267  2.64%   235  245s
  3513  1153 16089.8789   20  485 16424.6700 15991.0480  2.64%   237  250s
  3587  1184 16344.3211   22  387 16424.6700 15992.6634  2.63%   238  255s
  3656  1233 16084.1642   19  275 16424.6700 15994.7638  2.62%   238  261s
  3754  1269     cutoff   29      16424.6700 15995.3346  2.61%   239  266s
  3832  1296 16203.8910   19  277 16424.6700 15998.3343  2.60%   240  286s
  3919  1332 16216.7150   21  449 16424.6700 16004.5390  2.56%   240  293s
  3997  1371 infeasible   34      16424.6700 16005.5660  2.55%   240  299s
  4079  1400     cutoff   23      16424.6700 16008.5887  2.53%   241  305s
  4156  1442 16336.5199   26  322 16424.6700 16011.9241  2.51%   243  312s
  4247  1483 16347.2065   26  224 16424.6700 16015.1764  2.49%   243  319s
  4346  1515 16231.9965   20  432 16424.6700 16020.1424  2.46%   244  326s
  4444  1527 16305.9311   23  429 16424.6700 16023.2447  2.44%   245  333s
  4531  1552 16356.5509   28  347 16424.6700 16024.5373  2.44%   247  341s
  4642  1580 16297.0560   31  304 16424.6700 16026.7798  2.42%   247  349s
  4790  1631 16272.4459   19  384 16424.6700 16029.9777  2.40%   246  357s
  4925  1690 infeasible   44      16424.6700 16032.8177  2.39%   246  366s
  5055  1727 16277.4303   24  351 16424.6700 16036.4491  2.36%   247  375s
  5188  1758 16290.3485   19  387 16424.6700 16039.7565  2.34%   248  385s
  5302  1790     cutoff   20      16424.6700 16043.3418  2.32%   249  394s
  5357  1790 16338.8762   25  318 16424.6700 16047.4068  2.30%   250  395s
  5406  1850 16305.2088   26  305 16424.6700 16047.4396  2.30%   251  404s
  5500  1850 infeasible   24      16424.6700 16049.9880  2.28%   251  405s
  5569  1890 infeasible   26      16424.6700 16050.0998  2.28%   251  416s
  5715  1957 16191.5784   21  295 16424.6700 16052.1445  2.27%   252  426s
  5860  1981 16361.3772   22  408 16424.6700 16054.8009  2.25%   253  438s
  6016  2081 16171.7654   22  434 16424.6700 16057.0819  2.24%   253  449s
  6113  2081 16281.9480   28  363 16424.6700 16060.8015  2.22%   253  450s
  6224  2131 16371.2239   30  359 16424.6700 16061.8249  2.21%   252  460s
H 6387  2013                    16387.900000 16065.0847  1.97%   253  472s
  6494  2073     cutoff   25      16387.9000 16066.3469  1.96%   253  483s
  6666  2121 16308.3211   30  192 16387.9000 16070.0594  1.94%   253  494s
  6854  2133 16234.7125   26  417 16387.9000 16073.2172  1.92%   254  507s
  6986  2178 16334.8862   37  332 16387.9000 16076.4470  1.90%   254  519s
  7162  2218 16317.7541   26  251 16387.9000 16080.1033  1.88%   254  530s
H 7269  2209                    16385.620000 16080.1033  1.86%   254  531s
  7356  2256 16333.1113   24  272 16385.6200 16083.1181  1.85%   254  544s
  7583  2330 16246.7513   24  299 16385.6200 16085.4065  1.83%   254  557s
  7786  2375     cutoff   37      16385.6200 16087.6019  1.82%   254  570s
  7970  2426     cutoff   23      16385.6200 16090.6974  1.80%   255  583s
  8176  2450     cutoff   30      16385.6200 16093.6515  1.78%   255  596s
  8348  2499 16343.1441   24  337 16385.6200 16095.6524  1.77%   256  609s
  8443  2499 16334.2932   25  312 16385.6200 16097.0848  1.76%   257  610s
  8548  2531 16345.6676   27  279 16385.6200 16098.3119  1.75%   257  622s
  8750  2598     cutoff   24      16385.6200 16100.8614  1.74%   257  636s
  8955  2664 16332.2745   26  267 16385.6200 16103.2602  1.72%   257  649s
  9067  2664     cutoff   27      16385.6200 16107.6327  1.70%   257  650s
  9184  2698 16352.8042   25  328 16385.6200 16108.2839  1.69%   256  663s
  9382  2754 16299.7039   26  252 16385.6200 16109.5190  1.69%   256  676s
  9625  2809 16347.1011   26  412 16385.6200 16112.7406  1.67%   256  689s
  9857  2854 16284.2831   21  377 16385.6200 16115.4643  1.65%   255  703s
 10035  2912     cutoff   25      16385.6200 16119.1672  1.63%   255  717s
 10280  2955 16343.3683   28  179 16385.6200 16122.0692  1.61%   255  730s
 10531  3034 16375.9156   23  381 16385.6200 16124.7553  1.59%   254  744s
 10769  3090 16380.1170   24  290 16385.6200 16126.3788  1.58%   254  759s
 11010  3134 16217.2411   26  347 16385.6200 16128.8431  1.57%   253  772s
 11244  3161 16277.7328   27  267 16385.6200 16132.5566  1.54%   252  785s
 11444  3196     cutoff   28      16385.6200 16134.6957  1.53%   252  797s
 11641  3239     cutoff   25      16385.6200 16136.8560  1.52%   253  810s
 11840  3300 16353.5282   27  367 16385.6200 16138.3989  1.51%   253  825s
 12090  3325 16310.3095   24  279 16385.6200 16139.6263  1.50%   253  838s
 12313  3362 16266.6224   22  290 16385.6200 16141.9323  1.49%   252  851s
 12564  3397     cutoff   27      16385.6200 16144.1742  1.47%   252  864s
 12665  3397     cutoff   26      16385.6200 16146.4734  1.46%   252  865s
 12776  3415     cutoff   27      16385.6200 16146.7461  1.46%   252  879s
 12968  3445 16256.5348   23  290 16385.6200 16148.2830  1.45%   252  891s
 13168  3478 16381.5388   30  172 16385.6200 16150.7166  1.43%   252  905s
 13406  3514     cutoff   28      16385.6200 16151.9725  1.43%   252  918s
 13622  3555 infeasible   30      16385.6200 16153.1860  1.42%   252  931s
 13869  3593     cutoff   20      16385.6200 16154.7167  1.41%   252  944s
 13973  3593 16324.8350   25  306 16385.6200 16157.6357  1.39%   252  945s
 14085  3606     cutoff   29      16385.6200 16158.3531  1.39%   251  958s
 14322  3637     cutoff   21      16385.6200 16161.0477  1.37%   251  972s
 14535  3685 16370.1804   24  348 16385.6200 16163.0450  1.36%   251  985s
 14789  3709 16262.4053   24  440 16385.6200 16165.1599  1.35%   251  998s
 15012  3716 16294.7262   27  448 16385.6200 16168.4582  1.33%   250 1011s
 15216  3760 16359.3573   23  171 16385.6200 16169.8119  1.32%   250 1025s
 15481  3789 16274.3255   26  359 16385.6200 16172.5054  1.30%   250 1039s
 15739  3797 16306.9440   27  259 16385.6200 16174.5251  1.29%   249 1052s
 15948  3795     cutoff   27      16385.6200 16176.3730  1.28%   250 1065s
 16185  3821 16332.2991   24  357 16385.6200 16179.0818  1.26%   250 1078s
 16414  3871 16321.4363   20  380 16385.6200 16181.1269  1.25%   249 1093s
 16657  3886 16296.1670   19  344 16385.6200 16183.1925  1.24%   249 1137s
 16785  3929 16342.8476   18  363 16385.6200 16184.5780  1.23%   249 1152s
 17063  3967 16293.5584   22  202 16385.6200 16185.3390  1.22%   248 1166s
 17332  4022 16367.2980   32  327 16385.6200 16187.0582  1.21%   248 1180s
 17622  4062 infeasible   22      16385.6200 16189.0771  1.20%   247 1193s
 17934  4068 16241.8880   28  168 16385.6200 16191.4488  1.19%   246 1207s
 18200  4096 16365.4074   29  296 16385.6200 16193.6862  1.17%   246 1220s
 18453  4112     cutoff   22      16385.6200 16195.7145  1.16%   245 1234s
 18704  4124 16296.5862   28  421 16385.6200 16197.5651  1.15%   245 1247s
 18935  4175 16319.6800   27  214 16385.6200 16198.9705  1.14%   245 1261s
 19224  4205 16277.7117   28  153 16385.6200 16200.4673  1.13%   245 1275s
 19495  4250 16363.2698   29  353 16385.6200 16201.7362  1.12%   245 1289s
 19648  4250 infeasible   33      16385.6200 16203.2394  1.11%   244 1290s
 19796  4263 16376.3116   30  281 16385.6200 16203.2579  1.11%   244 1303s
 20075  4277 16356.5506   25  201 16385.6200 16205.4545  1.10%   244 1325s
 20193  4326 16378.8210   30  138 16385.6200 16206.0358  1.10%   243 1339s
 20508  4359     cutoff   26      16385.6200 16207.6597  1.09%   242 1353s
 20785  4375 16333.0147   35   99 16385.6200 16209.4261  1.08%   242 1366s
 21076  4383 16267.7041   29  279 16385.6200 16212.0188  1.06%   241 1380s
 21341  4429 16321.2700   24  369 16385.6200 16214.4264  1.04%   241 1393s
 21605  4460 16369.8336   29  204 16385.6200 16216.0322  1.03%   241 1407s
 21890  4479 16313.9007   25  431 16385.6200 16218.0242  1.02%   241 1420s
 22155  4484 16262.7701   24  299 16385.6200 16219.7070  1.01%   240 1434s
 22413  4498 16313.9400   27  379 16385.6200 16221.1897  1.00%   240 1448s
 22706  4502     cutoff   21      16385.6200 16222.6352  0.99%   240 1461s
 22957  4551     cutoff   28      16385.6200 16224.5233  0.98%   240 1474s
 23116  4551 16379.0857   28  233 16385.6200 16226.3686  0.97%   239 1475s
 23289  4545     cutoff   31      16385.6200 16226.4344  0.97%   239 1491s
 23428  4545     cutoff   37      16385.6200 16227.6278  0.96%   239 1516s
 23572  4520     cutoff   23      16385.6200 16227.8172  0.96%   239 1529s
 23856  4536     cutoff   24      16385.6200 16230.1005  0.95%   238 1541s
 24092  4546 16340.7267   27  182 16385.6200 16231.2725  0.94%   238 1583s
 24361  4584 16347.1086   24  231 16385.6200 16233.1777  0.93%   238 1597s
 24655  4594 16297.3416   26  472 16385.6200 16234.9458  0.92%   238 1611s
 24949  4598     cutoff   34      16385.6200 16236.3804  0.91%   237 1627s
 25219  4648 16335.4975   28  289 16385.6200 16238.5966  0.90%   237 1656s
 25546  4653 16352.2438   28  247 16385.6200 16240.2144  0.89%   236 1670s
 25881  4652 infeasible   29      16385.6200 16242.2039  0.88%   236 1683s
 26171  4693 16321.0436   29  225 16385.6200 16243.4131  0.87%   235 1697s
 26537  4680 infeasible   31      16385.6200 16244.4787  0.86%   235 1711s
 26818  4677 16331.0381   29  335 16385.6200 16246.2640  0.85%   234 1725s
 27106  4704 16334.3412   29  302 16385.6200 16247.8654  0.84%   234 1740s
 27484  4747 16329.4721   24  192 16385.6200 16249.1366  0.83%   233 1762s
 27809  4759 16294.8470   27  217 16385.6200 16250.7720  0.82%   233 1776s
 28106  4796 16301.8370   23  256 16385.6200 16252.5487  0.81%   232 1790s
 28472  4784 16349.5737   31  191 16385.6200 16253.6685  0.81%   232 1804s
 28827  4748     cutoff   27      16385.6200 16255.5388  0.79%   231 1817s
 29115  4739 16316.6250   28  215 16385.6200 16257.7196  0.78%   231 1827s
 29374  4753 16343.5186   24  302 16385.6200 16259.1885  0.77%   230 1838s
 29634  4743 16319.5257   23  186 16385.6200 16260.2096  0.77%   230 1848s
 29870  4764 16334.8129   31  223 16385.6200 16261.6692  0.76%   229 1858s
 30105  4753 16378.5998   22  320 16385.6200 16262.8563  0.75%   229 1873s
 30444  4758 16341.5719   28  239 16385.6200 16264.6389  0.74%   229 1884s
 30731  4801 16373.8466   27  245 16385.6200 16265.8703  0.73%   228 1898s
 31108  4793     cutoff   30      16385.6200 16267.3740  0.72%   227 1912s
 31415  4781     cutoff   26      16385.6200 16269.1029  0.71%   227 1927s
 31788  4792 16328.3047   24  360 16385.6200 16270.5745  0.70%   226 1938s
 32060  4764 16336.0133   31  252 16385.6200 16271.6974  0.70%   226 1953s
 32415  4774     cutoff   26      16385.6200 16273.5719  0.68%   225 1964s
 32736  4758 16345.7202   29  304 16385.6200 16275.2461  0.67%   225 1974s
 33009  4755 16315.7250   23  340 16385.6200 16276.4074  0.67%   224 1984s
 33256  4753     cutoff   28      16385.6200 16277.3847  0.66%   224 1995s
 33557  4775 16321.6531   25  295 16385.6200 16278.6706  0.65%   223 2005s
 33839  4779 16375.0841   26  412 16385.6200 16279.8278  0.65%   223 2019s
 34241  4761     cutoff   32      16385.6200 16281.2627  0.64%   222 2034s
 34634  4746     cutoff   25      16385.6200 16282.8399  0.63%   221 2045s
 34910  4731 16367.3466   29  208 16385.6200 16284.0826  0.62%   221 2056s
 35222  4718     cutoff   28      16385.6200 16285.2915  0.61%   220 2067s
 35360  4718 16317.4961   29  252 16385.6200 16286.5653  0.60%   220 2072s
 35523  4664     cutoff   27      16385.6200 16286.6134  0.60%   220 2082s
 35781  4643 16348.7256   28  312 16385.6200 16288.0670  0.60%   219 2093s
 36110  4610 16322.2746   35  114 16385.6200 16289.4544  0.59%   219 2116s
 36361  4574     cutoff   29      16385.6200 16290.6471  0.58%   218 2127s
 36630  4562     cutoff   30      16385.6200 16291.7827  0.57%   218 2138s
 36902  4575 16324.0335   35   74 16385.6200 16292.8153  0.57%   218 2149s
 37023  4575 16362.2562   36  147 16385.6200 16293.5277  0.56%   218 2150s
 37190  4562 16336.0665   26  225 16385.6200 16293.5421  0.56%   217 2160s
 37506  4545 16366.5878   36  235 16385.6200 16294.4769  0.56%   217 2171s
 37820  4539 16313.3217   22  308 16385.6200 16295.9531  0.55%   216 2181s
 38130  4514 16360.0015   29  254 16385.6200 16297.1426  0.54%   216 2192s
 38420  4483 16374.6523   32  333 16385.6200 16298.2050  0.53%   215 2204s
 38718  4468     cutoff   23      16385.6200 16299.1432  0.53%   215 2215s
 39072  4440 16354.8654   28  394 16385.6200 16300.0379  0.52%   214 2226s
 39345  4408 16373.9519   24  336 16385.6200 16301.0803  0.52%   214 2237s
 39675  4365     cutoff   43      16385.6200 16302.1111  0.51%   213 2247s
 39970  4314     cutoff   27      16385.6200 16304.1403  0.50%   213 2258s
 40288  4284     cutoff   26      16385.6200 16305.6383  0.49%   212 2268s
 40594  4232     cutoff   28      16385.6200 16306.8593  0.48%   212 2279s
 40905  4164 16352.8101   26  402 16385.6200 16308.4090  0.47%   211 2289s
 41184  4107 16360.6879   32  160 16385.6200 16309.7115  0.46%   211 2299s
 41315  4107     cutoff   37      16385.6200 16310.9182  0.46%   211 2300s
 41498  4028 16312.8187   28  146 16385.6200 16310.9853  0.46%   210 2310s
 41859  3951 16334.8827   24  302 16385.6200 16312.4082  0.45%   210 2321s
 42209  3906 16369.9385   26  344 16385.6200 16313.4820  0.44%   209 2332s
 42502  3856 16354.6968   35  235 16385.6200 16314.5099  0.43%   209 2343s
 42840  3804     cutoff   34      16385.6200 16316.1178  0.42%   208 2354s
 43176  3736     cutoff   24      16385.6200 16317.3024  0.42%   207 2365s
 43506  3633     cutoff   30      16385.6200 16318.7859  0.41%   207 2376s
 43853  3553     cutoff   30      16385.6200 16320.2684  0.40%   206 2387s
 44200  3434     cutoff   39      16385.6200 16321.9506  0.39%   206 2399s
 44391  3434     cutoff   26      16385.6200 16323.3668  0.38%   205 2400s
 44517  3333     cutoff   36      16385.6200 16323.3976  0.38%   205 2411s
 44861  3248     cutoff   34      16385.6200 16324.8501  0.37%   205 2422s
 45194  3149     cutoff   27      16385.6200 16326.4760  0.36%   204 2433s
 45595  3023     cutoff   33      16385.6200 16328.2643  0.35%   204 2445s
 45946  2866     cutoff   29      16385.6200 16329.8625  0.34%   203 2456s
*46028  2846              52    16383.060000 16329.8625  0.32%   203 2457s
 46435  2729     cutoff   34      16383.0600 16331.8619  0.31%   202 2469s
 46838  2573     cutoff   23      16383.0600 16333.2940  0.30%   201 2480s
 47241  2409     cutoff   27      16383.0600 16335.2977  0.29%   200 2491s
 47625  2253     cutoff   24      16383.0600 16337.3445  0.28%   200 2502s
 48056  2065     cutoff   29      16383.0600 16339.5948  0.27%   199 2513s
 48483  1864 16362.7147   26  303 16383.0600 16341.8786  0.25%   198 2524s
 48908  1648     cutoff   29      16383.0600 16344.6593  0.23%   197 2534s
 49318  1394     cutoff   27      16383.0600 16347.5558  0.22%   196 2545s
 49818  1112     cutoff   33      16383.0600 16350.7464  0.20%   195 2554s
 50027  1112     cutoff   33      16383.0600 16353.0617  0.18%   195 2555s
 50275   801     cutoff   27      16383.0600 16354.8336  0.17%   194 2564s
 50753   459     cutoff   27      16383.0600 16359.6492  0.14%   193 2571s
 51260    83     cutoff   35      16383.0600 16366.3821  0.10%   192 2576s

Cutting planes:
  User: 2288
  Gomory: 51
  Cover: 364
  Implied bound: 213
  Clique: 27
  MIR: 191
  StrongCG: 1
  Flow cover: 513
  Inf proof: 1
  Zero half: 22
  Network: 10
  RLT: 273
  Relax-and-lift: 5
  Lazy constraints: 395

Explored 51824 nodes (9856190 simplex iterations) in 2577.88 seconds
Thread count was 2 (of 32 available processors)

Solution count 10: 16383.1 16385.6 16387.9 ... 17381

Optimal solution found (tolerance 1.00e-04)
Best objective 1.638306000000e+04, best bound 1.638306000000e+04, gap 0.0000%

User-callback calls 215556, time in user-callback 235.14 sec
================================================================================
executing instance: ./input/Instances/Original/6/absH6high_1n20.dat
--------------------------------------------------------------------------------
Instance details
n	21
H	6
C	1651
Li:
[0, 0, 0, 0, 0, 0, 0, 0, 0, 0, 0, 0, 0, 0, 0, 0, 0, 0, 0, 0, 0, ]
Ui:
[0, 36, 182, 182, 90, 261, 117, 30, 110, 42, 276, 153, 40, 94, 144, 46, 129, 213, 264, 160, 174, ]
Distance matrix:
|0	371	401	343	361	341	370	115	392	400	79	266	292	245	355	431	265	194	95	92	348	|
|371	0	37	141	110	250	117	438	67	131	372	305	115	238	247	255	235	296	392	430	185	|
|401	37	0	175	100	284	146	472	90	156	406	342	152	275	280	282	242	333	415	455	178	|
|343	141	175	0	239	110	38	374	95	60	314	182	67	130	106	127	318	201	397	423	303	|
|361	110	100	239	0	341	222	451	177	240	385	374	190	304	341	361	151	345	354	398	78	|
|341	250	284	110	341	0	143	337	203	151	289	102	152	97	15	95	394	156	415	431	398	|
|370	117	146	38	222	143	0	407	61	30	346	220	81	167	137	139	317	237	417	447	292	|
|115	438	472	374	451	337	407	0	443	434	66	241	339	251	351	431	374	181	201	177	450	|
|392	67	90	95	177	203	61	443	0	66	379	275	104	216	197	193	294	283	427	461	252	|
|400	131	156	60	240	151	30	434	66	0	374	237	112	189	142	127	344	261	448	477	312	|
|79	372	406	314	385	289	346	66	379	374	0	202	275	197	304	383	316	134	175	166	388	|
|266	305	342	182	374	102	220	241	275	237	202	0	191	70	117	196	386	73	352	359	415	|
|292	115	152	67	190	152	81	339	104	112	275	191	0	123	154	193	252	183	336	366	246	|
|245	238	275	130	304	97	167	251	216	189	197	70	123	0	110	187	322	72	319	334	346	|
|355	247	280	106	341	15	137	351	197	142	304	117	154	110	0	80	399	171	427	444	400	|
|431	255	282	127	361	95	139	431	193	127	383	196	193	187	80	0	444	251	499	519	429	|
|265	235	242	318	151	394	317	374	294	344	316	386	252	322	399	444	0	332	226	273	97	|
|194	296	333	201	345	156	237	181	283	261	134	73	183	72	171	251	332	0	279	286	375	|
|95	392	415	397	354	415	417	201	427	448	175	352	336	319	427	499	226	279	0	47	321	|
|92	430	455	423	398	431	447	177	461	477	166	359	366	334	444	519	273	286	47	0	368	|
|348	185	178	303	78	398	292	450	252	312	388	415	246	346	400	429	97	375	321	368	0	|

--------------------------------------------------------------------------------
Building model...
	using lazy and cut (CVRPSEP package)
Solving IRP LP...
--------------------------------------------------------------------------------

Gurobi 9.1.0 (linux64) logging started Tue Feb 16 03:06:51 2021

Gurobi Optimizer version 9.1.0 build v9.1.0rc0 (linux64)
Thread count: 32 physical cores, 32 logical processors, using up to 2 threads
Optimize a model with 1077 rows, 3159 columns and 8505 nonzeros
Model fingerprint: 0x9821a607
Variable types: 387 continuous, 2772 integer (252 binary)
Coefficient statistics:
  Matrix range     [1e+00, 8e+02]
  Objective range  [1e-01, 5e+02]
  Bounds range     [1e+00, 3e+02]
  RHS range        [1e+00, 3e+03]
Presolve removed 251 rows and 214 columns
Presolve time: 0.07s
Presolved: 826 rows, 2945 columns, 7567 nonzeros
Variable types: 299 continuous, 2646 integer (2412 binary)

Root relaxation: objective 1.255309e+04, 1095 iterations, 0.03 seconds

    Nodes    |    Current Node    |     Objective Bounds      |     Work
 Expl Unexpl |  Obj  Depth IntInf | Incumbent    BestBd   Gap | It/Node Time

     0     0 12553.0875    0  149          - 12553.0875      -     -    0s
     0     0 12782.9239    0  178          - 12782.9239      -     -    0s
     0     0 12796.6900    0  179          - 12796.6900      -     -    0s
     0     0 12805.8936    0  176          - 12805.8936      -     -    0s
     0     0 12836.9587    0  162          - 12836.9587      -     -    0s
     0     0 12843.1195    0  186          - 12843.1195      -     -    0s
     0     0 12846.1526    0  189          - 12846.1526      -     -    0s
     0     0 12886.4903    0  179          - 12886.4903      -     -    0s
     0     0 12893.2581    0  194          - 12893.2581      -     -    0s
     0     0 12893.4734    0  197          - 12893.4734      -     -    0s
     0     0 12893.5270    0  206          - 12893.5270      -     -    0s
     0     0 13316.3545    0  273          - 13316.3545      -     -    0s
     0     0 13456.6248    0  284          - 13456.6248      -     -    0s
     0     0 13470.7695    0  293          - 13470.7695      -     -    0s
     0     0 13504.4921    0  282          - 13504.4921      -     -    0s
     0     0 13505.6406    0  297          - 13505.6406      -     -    0s
     0     0 13506.2772    0  297          - 13506.2772      -     -    0s
     0     0 13674.0162    0  301          - 13674.0162      -     -    0s
     0     0 13729.8345    0  339          - 13729.8345      -     -    0s
     0     0 13732.5193    0  323          - 13732.5193      -     -    0s
     0     0 13733.8135    0  334          - 13733.8135      -     -    0s
     0     0 13786.6302    0  345          - 13786.6302      -     -    1s
     0     0 13806.6357    0  369          - 13806.6357      -     -    1s
     0     0 13819.1114    0  390          - 13819.1114      -     -    1s
     0     0 13824.0782    0  386          - 13824.0782      -     -    1s
     0     0 13840.5191    0  376          - 13840.5191      -     -    1s
     0     0 13859.6599    0  376          - 13859.6599      -     -    1s
     0     0 13860.3071    0  384          - 13860.3071      -     -    1s
     0     0 13876.0663    0  338          - 13876.0663      -     -    1s
     0     0 13876.1151    0  352          - 13876.1151      -     -    1s
     0     0 13882.7788    0  388          - 13882.7788      -     -    1s
     0     0 13886.0326    0  384          - 13886.0326      -     -    1s
     0     2 13935.6832    0  335          - 13935.6832      -     -    2s
    71    78 14468.1886   19  236          - 13999.2697      -   390    5s
   652   619 14391.4859    6  385          - 14023.9086      -  96.1   10s
   742   700 16861.5697  121  433          - 14141.8087      -   103   15s
   756   712 14179.8514   17  385          - 14179.8514      -   112   20s
   842   772 14796.0756   36  186          - 14187.6433      -   128   25s
  1017   900 15878.3335   86  138          - 14187.6433      -   131   30s
H 1344  1063                    18801.670000 14187.6433  24.5%   111   34s
  1373  1030     cutoff  218      18801.6700 14187.8330  24.5%   110   35s
H 1383   938                    18414.450000 14187.8330  23.0%   110   35s
H 1505   964                    18108.010000 14187.8330  21.6%   109   39s
  1529   992 14519.2223   30  235 18108.0100 14187.8330  21.6%   108   40s
  1747  1086 14887.0907   50  198 18108.0100 14187.8330  21.6%   103   45s
H 1822  1097                    18078.010000 14187.8330  21.5%   107   49s
  1853  1132 15396.4333   85   32 18078.0100 14187.8330  21.5%   108   50s
  1952  1219 15518.1687  118  144 18078.0100 14187.8330  21.5%   109   55s
  2145  1346 17624.9801  197   47 18078.0100 14187.8330  21.5%   104   60s
  2331  1420 14543.7564   24  319 18078.0100 14217.9129  21.4%   102   65s
H 2427  1452                    17836.540000 14217.9129  20.3%   102   67s
  2502  1493 14806.3853   31  195 17836.5400 14217.9129  20.3%   102   70s
  2631  1648 15408.0756   84  107 17836.5400 14217.9129  20.3%   106   77s
  2847  2009 16408.1397  168   23 17836.5400 14234.5233  20.2%   103   83s
  3076  2114 14361.7907   19  403 17836.5400 14234.5233  20.2%  97.8   86s
  3219  2233 15709.6211   40  141 17836.5400 14247.4743  20.1%  97.0   90s
  3426  2314 14709.7183   26  322 17836.5400 14263.1036  20.0%  98.8   96s
  3485  2446 15260.1951   43  189 17836.5400 14263.1036  20.0%   104  101s
  3574  2635 15985.7728   81   57 17836.5400 14274.3670  20.0%   105  105s
  3896  2788 14988.9272   31  321 17836.5400 14291.6924  19.9%   101  117s
  4009  2902 16805.7789   98  113 17836.5400 14291.6924  19.9%   101  120s
  4218  3172 14538.6990   29  348 17836.5400 14294.4290  19.9%  98.8  125s
H 4449  3177                    17828.100000 14298.2229  19.8%  97.3  128s
  4452  3202 14594.1953   26  353 17828.1000 14298.2229  19.8%  97.9  133s
  4477  3235 14822.0682   33  334 17828.1000 14298.2229  19.8%   100  135s
  4550  3352 15258.4449   53  219 17828.1000 14298.2229  19.8%   103  141s
  4769  3677 16440.2150  128   22 17828.1000 14299.9949  19.8%   104  148s
  4997  3859     cutoff  180      17828.1000 14303.0769  19.8%   103  153s
H 5226  3888                    17766.040000 14306.4974  19.5%   101  156s
H 5244  3707                    17632.760000 14306.4974  18.9%   102  156s
  5278  3849 14885.4619   38  278 17632.7600 14306.4974  18.9%   103  160s
  5552  4006 16512.4103  122   65 17632.7600 14306.4974  18.9%   102  165s
H 5596  3998                    17625.540000 14306.4974  18.8%   101  165s
  5691  4145 14674.6477   30  340 17625.5400 14311.2800  18.8%   103  172s
  5803  4184 14824.4497   34  340 17625.5400 14311.2800  18.8%   103  176s
  6013  4422 16815.9487   66   90 17625.5400 14312.8349  18.8%   104  183s
H 6114  4323                    17454.580000 14312.8349  18.0%   104  187s
  6181  4429 15473.7554   48  230 17454.5800 14315.6745  18.0%   104  191s
  6316  4506 14510.6383   20  408 17454.5800 14315.6745  18.0%   103  196s
  6416  4652 15114.8578   38  278 17454.5800 14321.4517  18.0%   104  200s
  6578  4934 17405.3900  147   24 17454.5800 14321.5830  17.9%   104  205s
  6906  5042 17254.6167  115   21 17454.5800 14323.9342  17.9%   101  210s
  7121  5194 15402.1624   36  293 17454.5800 14326.0737  17.9%   103  217s
  7195  5331 16493.3065   53  154 17454.5800 14333.7628  17.9%   104  222s
  7348  5390 17274.9331   78   34 17454.5800 14334.7303  17.9%   105  226s
* 7385  5386             127    17449.320000 14341.1851  17.8%   105  226s
* 7386  5379             126    17440.470000 14341.1851  17.8%   105  226s
* 7387  5373             124    17433.680000 14341.1851  17.7%   105  226s
  7418  5822 14785.7294   37  207 17433.6800 14341.9795  17.7%   106  233s
  7912  5870 infeasible  211      17433.6800 14344.0170  17.7%   102  238s
  7970  6106 14969.8764   41  381 17433.6800 14349.7287  17.7%   104  243s
  8225  6132 14558.6537   23  364 17433.6800 14350.1503  17.7%   103  248s
  8252  6320 15116.5686   35  280 17433.6800 14355.6963  17.7%   104  253s
  8457  6429 14800.3951   27  350 17433.6800 14355.7686  17.7%   104  258s
  8623  6573 14728.1042   22  312 17433.6800 14356.1782  17.7%   105  263s
  8781  6700 15505.5305   51  276 17433.6800 14359.6372  17.6%   104  268s
  8919  6809 14557.6761   25  314 17433.6800 14359.6372  17.6%   105  274s
  9038  6926 15047.7281   38  240 17433.6800 14359.6372  17.6%   106  279s
  9175  7201 15430.7409   73  100 17433.6800 14362.9917  17.6%   106  286s
  9483  7308 14530.4247   27  323 17433.6800 14363.5335  17.6%   105  291s
  9599  7523 15004.4801   31  306 17433.6800 14363.6235  17.6%   106  296s
