




arguments: ./build/bc_mirp -f ./input/orig_exec_147.cfg
Current dir: /scratch/gui/bc_mirp
File verbosity level: 9
date       time         ( uptime  ) [ thread name/id ]                   file:line     v| 
2021-02-08 05:45:18.982 (   0.097s) [main thread     ]             loguru.cpp:789   INFO| Logging to './output/vi_vc+hc1_half/OU/V2/Original/execution_08_02_2021_05_45_18.log', mode: 'a', verbosity: 9
--------------------------------------------------------------------------------
Parameters
                           instance_path           ./input/Instances/Original/4/
                            model_policy                                       1
                             nb_vehicles                                       2
                              output_dir ./output/vi_vc+hc1_half/OU/V2/Original/
                            sec_strategy                                       1
                       solver_nb_threads                                       2
                         solver_show_log                                    true
                       solver_time_limit                                    3600
                              use_vi_cos                                   false
                              use_vi_cus                                   false
                         use_vi_hc1_full                                   false
                         use_vi_hc1_half                                    true
                      use_vi_hc1_quarter                                   false
                              use_vi_hc2                                   false
                              use_vi_hc3                                   false
                         use_vi_lex_full                                   false
                         use_vi_lex_half                                   false
                      use_vi_lex_quarter                                   false
                              use_vi_qua                                   false
                               use_vi_vc                                    true
                               use_vi_vr                                   false
--------------------------------------------------------------------------------
executing instance: ./input/Instances/Original/4/absH3low_3n30.dat
--------------------------------------------------------------------------------
Instance details
n	31
H	3
C	2841
Li:
[0, 0, 0, 0, 0, 0, 0, 0, 0, 0, 0, 0, 0, 0, 0, 0, 0, 0, 0, 0, 0, 0, 0, 0, 0, 0, 0, 0, 0, 0, 0, ]
Ui:
[0, 246, 98, 54, 144, 171, 192, 180, 165, 98, 122, 198, 297, 144, 130, 129, 219, 138, 142, 150, 108, 66, 64, 285, 180, 204, 276, 168, 240, 198, 122, ]
Distance matrix:
|0	172	56	166	260	198	42	197	296	110	91	112	238	275	323	183	330	232	175	181	162	191	232	280	201	139	356	185	266	216	26	|
|172	0	178	223	320	335	153	355	444	62	231	99	333	376	214	352	176	235	194	106	47	41	353	161	299	175	225	43	326	374	153	|
|56	178	0	110	204	162	93	233	336	125	144	148	187	226	358	180	313	284	123	152	182	185	282	252	256	88	329	177	210	251	42	|
|166	223	110	0	102	150	199	327	431	194	253	237	113	156	431	228	296	386	44	140	248	208	389	218	366	48	287	200	108	344	148	|
|260	320	204	102	0	156	296	391	493	296	340	339	66	90	531	263	362	486	127	226	349	300	469	278	454	148	334	292	6	406	245	|
|198	335	162	150	156	0	239	255	351	286	245	307	93	106	518	111	442	423	194	280	344	335	349	367	352	182	437	327	158	266	199	|
|42	153	93	199	296	239	0	203	296	91	82	76	278	316	284	217	322	191	201	186	133	180	217	281	177	165	356	175	302	222	52	|
|197	355	233	327	391	255	203	0	104	294	125	266	340	361	436	151	524	276	352	377	330	383	109	477	146	319	553	377	395	19	222	|
|296	444	336	431	493	351	296	104	0	384	214	348	440	456	488	241	617	315	456	476	412	475	113	575	176	422	651	470	497	88	322	|
|110	62	125	194	296	286	91	294	384	0	171	55	298	340	238	292	233	210	176	118	58	91	298	201	248	148	273	87	302	313	94	|
|91	231	144	253	340	245	82	125	214	171	0	141	307	339	324	184	403	187	266	266	204	261	140	363	114	230	438	256	346	144	116	|
|112	99	148	237	339	307	76	266	348	55	141	0	332	373	212	292	275	156	225	173	64	137	254	253	200	194	322	135	345	284	108	|
|238	333	187	113	66	93	278	340	440	298	307	332	0	43	536	203	404	469	153	253	354	321	427	322	420	160	385	313	67	353	229	|
|275	376	226	156	90	106	316	361	456	340	339	373	43	0	578	216	443	507	194	295	397	364	453	361	451	203	421	356	88	372	268	|
|323	214	358	431	531	518	284	436	488	238	324	212	536	578	0	498	309	176	407	320	183	245	376	344	312	383	379	251	537	451	319	|
|183	352	180	228	263	111	217	151	241	292	184	292	203	216	498	0	492	371	266	328	345	364	255	426	272	242	501	356	266	159	198	|
|330	176	313	296	362	442	322	524	617	233	403	275	404	443	309	492	0	397	253	164	218	142	529	84	475	260	72	147	367	543	306	|
|232	235	284	386	486	423	191	276	315	210	187	156	469	507	176	371	397	0	379	327	188	276	202	396	139	346	456	277	492	289	242	|
|175	194	123	44	127	194	201	352	456	176	266	225	153	194	407	266	253	379	0	101	225	174	405	174	375	36	244	166	133	370	152	|
|181	106	152	140	226	280	186	377	476	118	266	173	253	295	320	328	164	327	101	0	148	76	403	100	360	98	177	69	232	396	155	|
|162	47	182	248	349	344	133	330	412	58	204	64	354	397	183	345	218	188	225	148	0	89	316	208	259	201	270	90	355	348	149	|
|191	41	185	208	300	335	180	383	475	91	261	137	321	364	245	364	142	276	174	76	89	0	388	119	336	162	185	8	306	402	169	|
|232	353	282	389	469	349	217	109	113	298	140	254	427	453	376	255	529	202	405	403	316	388	0	497	64	369	570	384	474	112	256	|
|280	161	252	218	278	367	281	477	575	201	363	253	322	361	344	426	84	396	174	100	208	119	497	0	449	187	77	119	283	496	255	|
|201	299	256	366	454	352	177	146	176	248	114	200	420	451	312	272	475	139	375	360	259	336	64	449	0	339	521	333	460	156	223	|
|139	175	88	48	148	182	165	319	422	148	230	194	160	203	383	242	260	346	36	98	201	162	369	187	339	0	260	153	154	337	116	|
|356	225	329	287	334	437	356	553	651	273	438	322	385	421	379	501	72	456	244	177	270	185	570	77	521	260	0	187	338	572	331	|
|185	43	177	200	292	327	175	377	470	87	256	135	313	356	251	356	147	277	166	69	90	8	384	119	333	153	187	0	298	396	163	|
|266	326	210	108	6	158	302	395	497	302	346	345	67	88	537	266	367	492	133	232	355	306	474	283	460	154	338	298	0	410	251	|
|216	374	251	344	406	266	222	19	88	313	144	284	353	372	451	159	543	289	370	396	348	402	112	496	156	337	572	396	410	0	241	|
|26	153	42	148	245	199	52	222	322	94	116	108	229	268	319	198	306	242	152	155	149	169	256	255	223	116	331	163	251	241	0	|

--------------------------------------------------------------------------------
Building model...
	using lazy and cut (CVRPSEP package)
Solving IRP LP...
--------------------------------------------------------------------------------

Gurobi 9.1.0 (linux64) logging started Mon Feb  8 05:45:19 2021

Gurobi Optimizer version 9.1.0 build v9.1.0rc0 (linux64)
Thread count: 32 physical cores, 32 logical processors, using up to 2 threads
Optimize a model with 814 rows, 3280 columns and 8293 nonzeros
Model fingerprint: 0xbf7534f7
Variable types: 304 continuous, 2976 integer (186 binary)
Coefficient statistics:
  Matrix range     [1e+00, 1e+03]
  Objective range  [1e-02, 7e+02]
  Bounds range     [1e+00, 3e+02]
  RHS range        [1e+00, 5e+03]
Presolve removed 256 rows and 218 columns
Presolve time: 0.08s
Presolved: 558 rows, 3062 columns, 7391 nonzeros
Variable types: 179 continuous, 2883 integer (2706 binary)

Root relaxation: objective 2.318695e+03, 499 iterations, 0.01 seconds

    Nodes    |    Current Node    |     Objective Bounds      |     Work
 Expl Unexpl |  Obj  Depth IntInf | Incumbent    BestBd   Gap | It/Node Time

     0     0 2318.69472    0   76          - 2318.69472      -     -    0s
     0     0 2682.44868    0   93          - 2682.44868      -     -    0s
     0     0 2682.60689    0   84          - 2682.60689      -     -    0s
     0     0 2996.41317    0  113          - 2996.41317      -     -    0s
     0     0 3184.35992    0   87          - 3184.35992      -     -    0s
     0     0 3184.35992    0  102          - 3184.35992      -     -    0s
     0     0 3359.73976    0  204          - 3359.73976      -     -    0s
     0     0 3407.30092    0  196          - 3407.30092      -     -    0s
     0     0 3409.12748    0  183          - 3409.12748      -     -    0s
     0     0 3410.06063    0  214          - 3410.06063      -     -    0s
     0     0 3445.53721    0  180          - 3445.53721      -     -    0s
     0     0 3448.09508    0  209          - 3448.09508      -     -    1s
     0     0 3449.15714    0  196          - 3449.15714      -     -    1s
     0     0 3456.69522    0  197          - 3456.69522      -     -    1s
     0     0 3456.69522    0  196          - 3456.69522      -     -    1s
     0     2 3457.89652    0  193          - 3457.89652      -     -    1s
*  276   296             107    5605.1900000 3486.43906  37.8%  79.2    4s
*  306   294             104    5593.1900000 3487.14760  37.7%  74.0    4s
   331   309 3782.53554    5  177 5593.19000 3487.14760  37.7%  75.0    5s
H  334   312                    5562.1900000 3487.14760  37.3%  75.2    5s
H  422   364                    5277.8300000 3487.14760  33.9%  77.9    6s
*  687   458              77    4710.4000000 3487.14760  26.0%  57.9    8s
H  730   410                    4677.6800000 3500.08645  25.2%  56.8    9s
   732   411 4313.79785   40  201 4677.68000 3500.08645  25.2%  56.6   10s
H  737   393                    4637.4100000 3606.91391  22.2%  56.3   10s
H  744   378                    4635.4100000 3614.75227  22.0%  55.7   11s
   762   390 4635.41000   77  242 4635.41000 3621.20048  21.9%  54.4   15s
   849   455 3976.85765   32    6 4635.41000 3670.74563  20.8%  65.6   20s
*  859   445              35    3977.9200000 3670.74563  7.72%  65.8   20s
* 1021   386              34    3914.8500000 3686.74567  5.83%  77.0   24s
  1053   364 3876.80872   22   88 3914.85000 3715.91439  5.08%  77.4   25s
  1178   309     cutoff   24      3914.85000 3777.93390  3.50%  89.7   30s

Cutting planes:
  User: 756
  Gomory: 12
  Cover: 164
  Implied bound: 47
  Projected implied bound: 1
  Clique: 16
  MIR: 51
  StrongCG: 1
  Flow cover: 170
  Zero half: 18
  RLT: 102
  Relax-and-lift: 2
  Lazy constraints: 207

Explored 1382 nodes (133477 simplex iterations) in 34.63 seconds
Thread count was 2 (of 32 available processors)

Solution count 10: 3914.85 3977.92 4635.41 ... 5605.19

Optimal solution found (tolerance 1.00e-04)
Best objective 3.914850000000e+03, best bound 3.914850000000e+03, gap 0.0000%

User-callback calls 8196, time in user-callback 2.12 sec
================================================================================
executing instance: ./input/Instances/Original/4/absH3low_3n10.dat
--------------------------------------------------------------------------------
Instance details
n	11
H	3
C	687
Li:
[0, 0, 0, 0, 0, 0, 0, 0, 0, 0, 0, ]
Ui:
[0, 189, 44, 174, 78, 36, 198, 117, 42, 96, 240, ]
Distance matrix:
|0	209	255	286	142	156	285	317	182	161	135	|
|209	0	464	451	315	356	490	469	361	299	260	|
|255	464	0	221	202	130	74	280	189	254	273	|
|286	451	221	0	145	156	164	479	354	153	192	|
|142	315	202	145	0	73	194	388	250	53	73	|
|156	356	130	156	73	0	134	332	200	127	144	|
|285	490	74	164	194	134	0	353	256	239	267	|
|317	469	280	479	388	332	353	0	141	436	430	|
|182	361	189	354	250	200	256	141	0	296	289	|
|161	299	254	153	53	127	239	436	296	0	39	|
|135	260	273	192	73	144	267	430	289	39	0	|

--------------------------------------------------------------------------------
Building model...
	using lazy and cut (CVRPSEP package)
Solving IRP LP...
--------------------------------------------------------------------------------

Gurobi 9.1.0 (linux64) logging started Mon Feb  8 05:45:54 2021

Gurobi Optimizer version 9.1.0 build v9.1.0rc0 (linux64)
Thread count: 32 physical cores, 32 logical processors, using up to 2 threads
Optimize a model with 284 rows, 500 columns and 1508 nonzeros
Model fingerprint: 0x8fd00d9a
Variable types: 104 continuous, 396 integer (66 binary)
Coefficient statistics:
  Matrix range     [1e+00, 3e+02]
  Objective range  [1e-02, 5e+02]
  Bounds range     [1e+00, 2e+02]
  RHS range        [1e+00, 1e+03]
Presolve removed 96 rows and 78 columns
Presolve time: 0.01s
Presolved: 188 rows, 422 columns, 1177 nonzeros
Variable types: 59 continuous, 363 integer (306 binary)
Found heuristic solution: objective 4437.2900000

Root relaxation: objective 1.315834e+03, 231 iterations, 0.00 seconds

    Nodes    |    Current Node    |     Objective Bounds      |     Work
 Expl Unexpl |  Obj  Depth IntInf | Incumbent    BestBd   Gap | It/Node Time

     0     0 1315.83374    0   31 4437.29000 1315.83374  70.3%     -    0s
     0     0 1645.47645    0   43 4437.29000 1645.47645  62.9%     -    0s
H    0     0                    4179.8400000 1645.47645  60.6%     -    0s
H    0     0                    3898.8400000 1645.47645  57.8%     -    0s
     0     0 1901.20883    0   70 3898.84000 1901.20883  51.2%     -    0s
H    0     0                    3536.5800000 1901.20883  46.2%     -    0s
     0     0 1952.89902    0   69 3536.58000 1952.89902  44.8%     -    0s
     0     0 1952.89902    0   70 3536.58000 1952.89902  44.8%     -    0s
     0     0 2016.93006    0   76 3536.58000 2016.93006  43.0%     -    0s
     0     0 2041.77550    0   75 3536.58000 2041.77550  42.3%     -    0s
     0     0 2042.52538    0   70 3536.58000 2042.52538  42.2%     -    0s
     0     0 2075.65268    0   67 3536.58000 2075.65268  41.3%     -    0s
H    0     0                    3357.9300000 2075.65268  38.2%     -    0s
     0     0 2085.91806    0   77 3357.93000 2085.91806  37.9%     -    0s
     0     0 2096.92296    0   82 3357.93000 2096.92296  37.6%     -    0s
     0     0 2098.46061    0   84 3357.93000 2098.46061  37.5%     -    0s
     0     0 2099.25209    0   88 3357.93000 2099.25209  37.5%     -    0s
     0     0 2099.25472    0   97 3357.93000 2099.25472  37.5%     -    0s
     0     0 2119.65413    0   74 3357.93000 2119.65413  36.9%     -    0s
     0     0 2120.40807    0   73 3357.93000 2120.40807  36.9%     -    0s
     0     0 2121.04041    0   76 3357.93000 2121.04041  36.8%     -    0s
     0     0 2121.04041    0   76 3357.93000 2121.04041  36.8%     -    0s
H    0     0                    2658.8800000 2121.04041  20.2%     -    0s
H    0     0                    2496.3600000 2121.04041  15.0%     -    0s
H    0     0                    2485.3600000 2121.04041  14.7%     -    0s
H    0     0                    2450.3600000 2142.36706  12.6%     -    0s
     0     2 2142.36706    0   76 2450.36000 2142.36706  12.6%     -    0s
*   22    18              10    2449.1000000 2142.36706  12.5%  30.7    0s

Cutting planes:
  User: 74
  Gomory: 1
  Cover: 46
  Implied bound: 14
  Clique: 6
  MIR: 31
  Flow cover: 60
  GUB cover: 1
  Zero half: 2
  RLT: 39
  Relax-and-lift: 3
  Lazy constraints: 51

Explored 287 nodes (7993 simplex iterations) in 0.97 seconds
Thread count was 2 (of 32 available processors)

Solution count 10: 2449.1 2450.36 2485.36 ... 4437.29

Optimal solution found (tolerance 1.00e-04)
Best objective 2.449100000000e+03, best bound 2.449100000000e+03, gap 0.0000%

User-callback calls 964, time in user-callback 0.07 sec
================================================================================
executing instance: ./input/Instances/Original/4/absH3low_3n15.dat
--------------------------------------------------------------------------------
Instance details
n	16
H	3
C	1267
Li:
[0, 0, 0, 0, 0, 0, 0, 0, 0, 0, 0, 0, 0, 0, 0, 0, ]
Ui:
[0, 156, 267, 148, 144, 87, 33, 171, 76, 141, 270, 282, 60, 110, 172, 57, ]
Distance matrix:
|0	229	567	76	58	96	306	409	310	423	108	346	165	347	159	256	|
|229	0	482	243	279	155	375	525	251	419	158	373	65	123	329	246	|
|567	482	0	506	622	483	342	439	259	200	467	274	486	433	501	312	|
|76	243	506	0	119	88	230	337	255	352	88	272	179	347	94	194	|
|58	279	622	119	0	154	345	431	366	471	166	391	217	399	179	310	|
|96	155	483	88	154	0	266	397	224	358	17	289	92	262	176	179	|
|306	375	342	230	345	266	0	158	184	148	251	68	332	423	181	140	|
|409	525	439	337	431	397	158	0	340	244	386	201	476	581	253	298	|
|310	251	259	255	366	224	184	340	0	170	208	146	238	257	274	66	|
|423	419	200	352	471	358	148	244	170	0	341	84	396	424	323	182	|
|108	158	467	88	166	17	251	386	208	341	0	273	96	259	172	162	|
|346	373	274	272	391	289	68	201	146	84	273	0	340	400	239	127	|
|165	65	486	179	217	92	332	476	238	396	96	340	0	182	267	216	|
|347	123	433	347	399	262	423	581	257	424	259	400	182	0	423	283	|
|159	329	501	94	179	176	181	253	274	323	172	239	267	423	0	208	|
|256	246	312	194	310	179	140	298	66	182	162	127	216	283	208	0	|

--------------------------------------------------------------------------------
Building model...
	using lazy and cut (CVRPSEP package)
Solving IRP LP...
--------------------------------------------------------------------------------

Gurobi 9.1.0 (linux64) logging started Mon Feb  8 05:45:55 2021

Gurobi Optimizer version 9.1.0 build v9.1.0rc0 (linux64)
Thread count: 32 physical cores, 32 logical processors, using up to 2 threads
Optimize a model with 418 rows, 970 columns and 2737 nonzeros
Model fingerprint: 0x70ecc31d
Variable types: 154 continuous, 816 integer (96 binary)
Coefficient statistics:
  Matrix range     [1e+00, 6e+02]
  Objective range  [1e-02, 6e+02]
  Bounds range     [1e+00, 3e+02]
  RHS range        [1e+00, 2e+03]
Presolve removed 140 rows and 116 columns
Presolve time: 0.03s
Presolved: 278 rows, 854 columns, 2255 nonzeros
Variable types: 86 continuous, 768 integer (681 binary)

Root relaxation: objective 1.643395e+03, 302 iterations, 0.01 seconds

    Nodes    |    Current Node    |     Objective Bounds      |     Work
 Expl Unexpl |  Obj  Depth IntInf | Incumbent    BestBd   Gap | It/Node Time

     0     0 1643.39504    0   41          - 1643.39504      -     -    0s
H    0     0                    5102.7000000 1643.39504  67.8%     -    0s
H    0     0                    4873.7000000 1643.39504  66.3%     -    0s
     0     0 1944.05136    0   30 4873.70000 1944.05136  60.1%     -    0s
     0     0 2288.80578    0   91 4873.70000 2288.80578  53.0%     -    0s
     0     0 2440.65468    0  109 4873.70000 2440.65468  49.9%     -    0s
     0     0 2449.99979    0   76 4873.70000 2449.99979  49.7%     -    0s
     0     0 2530.54318    0  133 4873.70000 2530.54318  48.1%     -    0s
     0     0 2587.07191    0  109 4873.70000 2587.07191  46.9%     -    0s
     0     0 2610.44954    0   97 4873.70000 2610.44954  46.4%     -    0s
     0     0 2615.24010    0  109 4873.70000 2615.24010  46.3%     -    0s
     0     0 2616.16780    0  119 4873.70000 2616.16780  46.3%     -    0s
     0     0 2616.17549    0  118 4873.70000 2616.17549  46.3%     -    0s
     0     0 2637.46252    0  133 4873.70000 2637.46252  45.9%     -    0s
H    0     0                    4478.5300000 2637.46252  41.1%     -    0s
H    0     0                    3655.5300000 2637.46252  27.9%     -    0s
     0     0 2640.31268    0   97 3655.53000 2640.31268  27.8%     -    0s
     0     0 2642.04933    0  132 3655.53000 2642.04933  27.7%     -    0s
     0     0 2642.27904    0   94 3655.53000 2642.27904  27.7%     -    0s
     0     0 2644.56244    0  136 3655.53000 2644.56244  27.7%     -    0s
     0     0 2644.56244    0  136 3655.53000 2644.56244  27.7%     -    0s
     0     2 2652.56356    0  136 3655.53000 2652.56356  27.4%     -    0s
H   59    61                    3533.2100000 2704.46588  23.5%  77.7    0s
*  143   123              23    3476.6800000 2728.07815  21.5%  55.5    1s
H  170   115                    3270.6800000 2728.07815  16.6%  56.7    1s
H  188   107                    3111.6800000 2728.07815  12.3%  56.1    1s
*  457    86              16    3081.5600000 3006.55135  2.43%  51.1    2s

Cutting planes:
  User: 323
  Gomory: 5
  Cover: 82
  Implied bound: 37
  Clique: 7
  MIR: 53
  StrongCG: 1
  Flow cover: 74
  Zero half: 7
  Mod-K: 1
  RLT: 77
  Relax-and-lift: 1
  Lazy constraints: 175

Explored 587 nodes (26693 simplex iterations) in 2.37 seconds
Thread count was 2 (of 32 available processors)

Solution count 9: 3081.56 3111.68 3270.68 ... 5102.7

Optimal solution found (tolerance 1.00e-04)
Best objective 3.081560000000e+03, best bound 3.081560000000e+03, gap 0.0000%

User-callback calls 1788, time in user-callback 0.22 sec
================================================================================
executing instance: ./input/Instances/Original/4/absH3low_2n45.dat
--------------------------------------------------------------------------------
Instance details
n	46
H	3
C	3171
Li:
[0, 0, 0, 0, 0, 0, 0, 0, 0, 0, 0, 0, 0, 0, 0, 0, 0, 0, 0, 0, 0, 0, 0, 0, 0, 0, 0, 0, 0, 0, 0, 0, 0, 0, 0, 0, 0, 0, 0, 0, 0, 0, 0, 0, 0, 0, ]
Ui:
[0, 246, 160, 78, 20, 87, 144, 40, 20, 82, 60, 96, 24, 136, 160, 108, 160, 26, 228, 51, 24, 240, 231, 70, 32, 105, 174, 114, 246, 126, 132, 76, 22, 42, 255, 132, 148, 162, 66, 111, 102, 240, 123, 201, 297, 78, ]
Distance matrix:
|0	148	402	550	329	420	187	318	366	280	504	273	233	333	112	344	379	481	113	593	159	523	261	424	90	359	163	461	413	240	105	299	265	89	371	462	339	273	495	22	41	439	369	506	563	468	|
|148	0	284	517	394	284	136	369	244	311	496	166	329	355	223	202	338	388	204	565	254	506	118	346	71	423	173	471	336	118	105	352	198	105	248	428	302	305	487	153	179	441	230	497	517	370	|
|402	284	0	350	448	80	228	406	42	343	382	129	456	350	412	126	219	131	382	395	410	371	180	137	314	466	289	400	137	167	389	401	169	316	39	280	217	342	373	394	414	362	108	380	324	106	|
|550	517	350	0	339	429	385	308	374	295	93	375	431	249	481	461	180	239	458	48	445	57	474	214	496	333	387	160	216	424	601	321	320	471	376	90	217	301	93	530	534	146	452	88	52	262	|
|329	394	448	339	0	513	282	42	438	105	255	363	115	108	221	484	259	431	217	365	172	289	436	362	333	30	224	189	353	380	423	47	291	296	443	285	240	107	251	307	294	193	495	260	378	437	|
|420	284	80	429	513	0	267	473	76	408	462	163	509	421	449	86	298	201	421	474	455	451	167	217	330	533	333	478	217	181	386	466	225	341	70	360	291	406	453	416	438	440	59	460	400	176	|
|187	136	228	385	282	267	0	249	199	186	360	104	248	224	184	214	207	294	155	432	189	371	155	237	113	308	68	336	227	101	216	236	78	98	205	296	168	181	350	174	190	305	231	360	390	283	|
|318	369	406	308	42	473	249	0	397	66	229	325	128	67	216	447	218	389	206	337	168	260	402	320	311	61	196	167	311	345	406	19	252	275	403	248	198	70	223	296	286	164	457	233	344	395	|
|366	244	42	374	438	76	199	397	0	332	397	96	436	346	383	90	228	168	354	420	385	389	139	161	277	458	263	408	158	128	349	391	150	282	6	298	218	331	388	359	380	370	78	395	352	144	|
|280	311	343	295	105	408	186	66	332	0	231	259	142	53	191	380	171	337	173	332	150	257	337	267	258	127	139	182	258	280	359	58	186	223	338	222	143	6	224	258	254	164	390	234	323	340	|
|504	496	382	93	255	462	360	229	397	231	0	375	356	180	422	478	173	293	403	110	381	36	474	248	463	245	345	68	246	419	568	244	308	433	400	104	200	237	9	482	482	67	474	5	142	312	|
|273	166	129	375	363	163	104	325	96	259	375	0	347	283	288	121	202	221	259	423	292	376	99	183	186	386	170	370	175	52	269	315	76	187	102	288	177	256	365	265	285	333	133	374	365	204	|
|233	329	456	431	115	509	248	128	436	142	356	347	0	181	121	462	311	472	128	463	76	386	398	403	260	141	180	294	392	349	334	111	287	224	442	362	280	139	350	212	194	289	479	360	463	472	|
|333	355	350	249	108	421	224	67	346	53	180	283	181	0	244	403	152	324	226	283	201	207	369	256	307	118	186	129	247	311	409	74	208	273	351	183	136	59	173	311	307	113	410	183	282	331	|
|112	223	412	481	221	449	184	216	383	191	422	288	121	244	0	387	327	461	30	521	49	447	313	396	152	250	125	371	385	273	214	196	249	121	389	400	288	185	415	91	74	355	408	425	503	454	|
|344	202	126	461	484	86	214	447	90	380	478	121	462	403	387	0	305	256	360	508	400	473	84	250	255	507	282	482	246	115	302	437	196	271	90	382	288	377	469	343	367	444	28	476	441	232	|
|379	338	219	180	259	298	207	218	228	171	173	202	311	152	327	305	0	172	301	227	300	174	302	105	318	270	217	180	97	249	423	221	141	296	232	90	40	173	164	361	368	142	303	172	184	180	|
|481	388	131	239	431	201	294	389	168	337	293	221	472	324	461	256	172	0	432	280	446	273	300	70	400	442	337	330	80	271	490	391	217	391	167	191	194	339	286	468	483	294	239	289	203	26	|
|113	204	382	458	217	421	155	206	354	173	403	259	128	226	30	360	301	432	0	499	52	426	287	367	133	246	95	355	356	246	208	187	219	100	360	376	261	167	395	90	81	337	381	406	478	425	|
|593	565	395	48	365	474	432	337	420	332	110	423	463	283	521	508	227	280	499	0	482	77	521	260	542	356	431	178	262	472	647	352	368	516	422	137	264	338	114	573	576	174	499	106	78	304	|
|159	254	410	445	172	455	189	168	385	150	381	292	76	201	49	400	300	446	52	482	0	407	331	378	184	201	122	327	367	286	258	149	242	150	391	367	263	144	374	137	122	314	419	384	470	441	|
|523	506	371	57	289	451	371	260	389	257	36	376	386	207	447	473	174	273	426	77	407	0	475	234	477	280	363	104	234	422	583	275	313	449	392	91	205	263	38	503	504	97	468	31	108	294	|
|261	118	180	474	436	167	155	402	139	337	474	99	398	369	313	84	302	300	287	521	331	475	0	275	173	462	220	465	268	58	219	390	168	193	142	388	275	333	464	261	286	430	111	473	462	279	|
|424	346	137	214	362	217	237	320	161	267	248	183	403	256	396	250	105	70	367	260	378	234	275	0	348	374	274	274	11	234	444	321	159	335	163	145	124	269	239	409	422	237	239	245	191	76	|
|90	71	314	496	333	330	113	311	277	258	463	186	260	307	152	255	318	400	133	542	184	477	173	348	0	362	121	430	338	150	106	293	190	37	282	406	279	252	454	88	113	403	280	464	502	386	|
|359	423	466	333	30	533	308	61	458	127	245	386	141	118	250	507	270	442	246	356	201	280	462	374	362	0	252	178	365	406	453	73	313	325	463	286	254	130	242	336	324	187	517	250	374	449	|
|163	173	289	387	224	333	68	196	263	139	345	170	180	186	125	282	217	337	95	431	122	363	220	274	121	252	0	310	263	168	225	180	124	88	269	300	177	133	337	144	152	284	299	347	400	330	|
|461	471	400	160	189	478	336	167	408	182	68	370	294	129	371	482	180	330	355	178	327	104	465	274	430	178	310	0	269	408	534	184	297	398	412	142	194	188	66	439	436	38	482	73	206	345	|
|413	336	137	216	353	217	227	311	158	258	246	175	392	247	385	246	97	80	356	262	367	234	268	11	338	365	263	269	0	226	434	312	149	324	160	143	115	259	237	399	411	232	237	243	196	84	|
|240	118	167	424	380	181	101	345	128	280	419	52	349	311	273	115	249	271	246	472	286	422	58	234	150	406	168	408	226	0	223	333	111	160	133	336	219	276	409	235	258	373	136	418	416	252	|
|105	105	389	601	423	386	216	406	349	359	568	269	334	409	214	302	423	490	208	647	258	583	219	444	106	453	225	534	434	223	0	388	289	137	353	511	384	353	559	123	145	508	330	570	606	473	|
|299	352	401	321	47	466	236	19	391	58	244	315	111	74	196	437	221	391	187	352	149	275	390	321	293	73	180	184	312	333	388	0	243	257	396	258	197	60	238	276	267	178	448	248	355	395	|
|265	198	169	320	291	225	78	252	150	186	308	76	287	208	249	196	141	217	219	368	242	313	168	159	190	313	124	297	149	111	289	243	0	176	156	231	109	183	299	251	266	262	205	308	319	207	|
|89	105	316	471	296	341	98	275	282	223	433	187	224	273	121	271	296	391	100	516	150	449	193	335	37	325	88	398	324	160	137	257	176	0	287	382	256	217	424	78	98	372	295	434	480	379	|
|371	248	39	376	443	70	205	403	6	338	400	102	442	351	389	90	232	167	360	422	391	392	142	163	282	463	269	412	160	133	353	396	156	287	0	301	222	336	391	365	386	374	77	398	353	143	|
|462	428	280	90	285	360	296	248	298	222	104	288	362	183	400	382	90	191	376	137	367	91	388	145	406	286	300	142	143	336	511	258	231	382	301	0	127	226	96	443	448	110	376	100	103	209	|
|339	302	217	217	240	291	168	198	218	143	200	177	280	136	288	288	40	194	261	264	263	205	275	124	279	254	177	194	115	219	384	197	109	256	222	127	0	145	190	321	328	157	289	199	224	198	|
|273	305	342	301	107	406	181	70	331	6	237	256	139	59	185	377	173	339	167	338	144	263	333	269	252	130	133	188	259	276	353	60	183	217	336	226	145	0	230	251	248	170	388	240	328	341	|
|495	487	373	93	251	453	350	223	388	224	9	365	350	173	415	469	164	286	395	114	374	38	464	239	454	242	337	66	237	409	559	238	299	424	391	96	190	230	0	474	474	61	465	11	141	305	|
|22	153	394	530	307	416	174	296	359	258	482	265	212	311	91	343	361	468	90	573	137	503	261	409	88	336	144	439	399	235	123	276	251	78	365	443	321	251	474	0	26	418	367	485	544	456	|
|41	179	414	534	294	438	190	286	380	254	482	285	194	307	74	367	368	483	81	576	122	504	286	422	113	324	152	436	411	258	145	267	266	98	386	448	328	248	474	26	0	416	391	484	550	472	|
|439	441	362	146	193	440	305	164	370	164	67	333	289	113	355	444	142	294	337	174	314	97	430	237	403	187	284	38	232	373	508	178	262	372	374	110	157	170	61	418	416	0	444	71	187	309	|
|369	230	108	452	495	59	231	457	78	390	474	133	479	410	408	28	303	239	381	499	419	468	111	239	280	517	299	482	237	136	330	448	205	295	77	376	289	388	465	367	391	444	0	472	429	214	|
|506	497	380	88	260	460	360	233	395	234	5	374	360	183	425	476	172	289	406	106	384	31	473	245	464	250	347	73	243	418	570	248	308	434	398	100	199	240	11	485	484	71	472	0	137	309	|
|563	517	324	52	378	400	390	344	352	323	142	365	463	282	503	441	184	203	478	78	470	108	462	191	502	374	400	206	196	416	606	355	319	480	353	103	224	328	141	544	550	187	429	137	0	228	|
|468	370	106	262	437	176	283	395	144	340	312	204	472	331	454	232	180	26	425	304	441	294	279	76	386	449	330	345	84	252	473	395	207	379	143	209	198	341	305	456	472	309	214	309	228	0	|

--------------------------------------------------------------------------------
Building model...
	using lazy and cut (CVRPSEP package)
Solving IRP LP...
--------------------------------------------------------------------------------

Gurobi 9.1.0 (linux64) logging started Mon Feb  8 05:45:57 2021

Gurobi Optimizer version 9.1.0 build v9.1.0rc0 (linux64)
Thread count: 32 physical cores, 32 logical processors, using up to 2 threads
Optimize a model with 1213 rows, 6940 columns and 16762 nonzeros
Model fingerprint: 0x177faa93
Variable types: 454 continuous, 6486 integer (276 binary)
Coefficient statistics:
  Matrix range     [1e+00, 2e+03]
  Objective range  [1e-02, 6e+02]
  Bounds range     [1e+00, 3e+02]
  RHS range        [1e+00, 5e+03]
Presolve removed 252 rows and 261 columns
Presolve time: 0.07s
Presolved: 961 rows, 6679 columns, 15549 nonzeros
Variable types: 331 continuous, 6348 integer (6081 binary)

Root relaxation: objective 2.575005e+03, 794 iterations, 0.02 seconds

    Nodes    |    Current Node    |     Objective Bounds      |     Work
 Expl Unexpl |  Obj  Depth IntInf | Incumbent    BestBd   Gap | It/Node Time

     0     0 2575.00543    0  136          - 2575.00543      -     -    0s
     0     0 3073.49221    0  133          - 3073.49221      -     -    0s
     0     0 3085.02929    0  153          - 3085.02929      -     -    0s
     0     0 3092.58821    0  175          - 3092.58821      -     -    0s
     0     0 3093.45323    0  166          - 3093.45323      -     -    0s
     0     0 3522.18914    0  167          - 3522.18914      -     -    0s
     0     0 3577.98487    0  154          - 3577.98487      -     -    0s
     0     0 3624.29467    0  179          - 3624.29467      -     -    0s
     0     0 3632.27097    0  164          - 3632.27097      -     -    0s
     0     0 3632.29179    0  136          - 3632.29179      -     -    0s
     0     0 3719.05978    0  232          - 3719.05978      -     -    1s
     0     0 3749.18587    0  238          - 3749.18587      -     -    1s
     0     0 3755.89634    0  239          - 3755.89634      -     -    1s
     0     0 3756.44955    0  232          - 3756.44955      -     -    1s
     0     0 3798.21393    0  162          - 3798.21393      -     -    1s
     0     0 3810.00346    0  274          - 3810.00346      -     -    2s
     0     0 3836.48676    0  269          - 3836.48676      -     -    2s
     0     0 3851.01055    0  278          - 3851.01055      -     -    2s
     0     0 3854.58664    0  267          - 3854.58664      -     -    2s
     0     0 3854.84474    0  278          - 3854.84474      -     -    2s
     0     0 3860.10714    0  286          - 3860.10714      -     -    2s
     0     0 3867.76970    0  328          - 3867.76970      -     -    2s
     0     0 3869.71676    0  314          - 3869.71676      -     -    2s
     0     0 3869.95454    0  309          - 3869.95454      -     -    2s
     0     0 3882.50914    0  275          - 3882.50914      -     -    2s
     0     0 3882.50914    0  261          - 3882.50914      -     -    2s
     0     2 3882.50914    0  259          - 3882.50914      -     -    3s
    27    30 4051.47374    8  262          - 3897.84312      -   240    5s
   282   324 5191.12946  112   42          - 3897.84312      -   105   10s
   793   745 4775.65028   75  261          - 3915.27480      -  49.6   15s
   817   761 4325.03690   38  356          - 3942.03219      -  48.1   20s
   826   767 6540.09000  226  392          - 3944.20015      -  47.6   25s
   841   780 4012.86503   19  341          - 3970.25753      -  58.8   30s
   887   812 4300.65064   32  196          - 3970.25753      -  73.6   35s
  1022   910 5152.56093   77   24          - 3970.25753      -  79.7   40s
* 1195   963             145    6741.7300000 3970.30489  41.1%  75.5   44s
  1224   949 4112.46333   19  333 6741.73000 3970.30489  41.1%  75.1   47s
  1251   969 4108.17170   24  251 6741.73000 3970.30489  41.1%  77.8   51s
  1286   997 4176.07835   31  262 6741.73000 3970.30489  41.1%  82.4   55s
  1302  1008 4205.89618   33  193 6741.73000 3970.30489  41.1%  83.7   62s
  1348  1044 4317.83760   38  208 6741.73000 3970.30489  41.1%  86.5   65s
  1426  1104 4441.41751   46  233 6741.73000 3970.30489  41.1%  88.1   70s
  1526  1172 4576.38333   63   19 6741.73000 3970.30489  41.1%  88.6   76s
  1587  1208 4716.51211   82   23 6741.73000 3970.30489  41.1%  87.9   81s
  1675  1327 5206.48339  109   27 6741.73000 3970.30489  41.1%  87.2   86s
  1926  1406 5483.77819  167    8 6741.73000 3970.30489  41.1%  80.4   93s
  1978  1427 5492.33386  192   13 6741.73000 3970.30489  41.1%  79.7   95s
  2094  1468 6350.39000  247    - 6741.73000 3977.01036  41.0%  77.5  100s
  2174  1529 4278.52382   31   63 6741.73000 3977.01036  41.0%  80.7  106s
  2263  1617 4447.69360   52   36 6741.73000 3977.01036  41.0%  80.9  110s
  2371  1707 4526.15931   85   34 6741.73000 3977.01036  41.0%  81.0  115s
  2534  1748 4232.96370   21  355 6741.73000 3982.54986  40.9%  80.1  120s
  2667  1889 4245.84383   30   32 6741.73000 3982.54986  40.9%  79.3  126s
  2818  1905 6607.01767  227   16 6741.73000 3982.54986  40.9%  78.3  130s
  2903  1992 4606.78745   66   17 6741.73000 3982.54986  40.9%  78.0  137s
  2966  2075 4809.32962  101   96 6741.73000 3982.54986  40.9%  77.9  141s
  3240  2243 4336.67568   23  333 6741.73000 3986.86105  40.9%  74.5  148s
  3301  2290 4971.15185   41   33 6741.73000 3998.36777  40.7%  74.7  151s
  3415  2360 4409.55407   24  304 6741.73000 4000.68456  40.7%  75.5  158s
  3475  2455 4974.16579   46   88 6741.73000 4000.68456  40.7%  76.1  161s
  3563  2642 5410.54074   63   21 6741.73000 4000.69408  40.7%  76.6  167s
  3831  2685     cutoff  117      6741.73000 4009.17548  40.5%  73.3  171s
  3854  2743 4449.59302   30  173 6741.73000 4009.30730  40.5%  74.4  175s
  3924  2768 4671.44671   43  264 6741.73000 4009.30730  40.5%  74.3  180s
  4018  2941 5537.81159  112   35 6741.73000 4038.35035  40.1%  75.4  188s
  4134  3106 4196.74396   19  309 6741.73000 4038.35035  40.1%  75.0  193s
  4315  3204 4786.99169   43  120 6741.73000 4048.66954  39.9%  73.2  198s
  4424  3274 6377.55000  118   26 6741.73000 4052.88071  39.9%  73.4  203s
  4498  3328     cutoff  139      6741.73000 4053.05074  39.9%  73.9  208s
  4554  3544 4450.67823   32  200 6741.73000 4053.05074  39.9%  74.8  213s
  4764  3551 5322.46568  168    5 6741.73000 4053.05074  39.9%  73.2  215s
  4784  3691 6575.97829  111   10 6741.73000 4056.30558  39.8%  72.9  220s
  4965  3721 4350.88879   26  190 6741.73000 4056.98262  39.8%  72.2  225s
  4993  3759 4682.80966   31  219 6741.73000 4056.98262  39.8%  73.3  230s
  5031  3942 4796.16241   37  234 6741.73000 4056.98262  39.8%  74.3  237s
  5291  4057 5454.78667   63   48 6741.73000 4064.67971  39.7%  72.9  244s
  5400  4083 4536.63828   36  236 6741.73000 4066.00134  39.7%  73.1  251s
  5423  4227 5018.67728   53  114 6741.73000 4066.93166  39.7%  73.7  256s
  5599  4308     cutoff  152      6741.73000 4071.17005  39.6%  73.4  263s
  5715  4359 4385.86213   28  240 6741.73000 4072.18859  39.6%  73.6  269s
  5737  4359 4470.64013   24  269 6741.73000 4072.18859  39.6%  74.2  270s
  5751  4486 4738.97483   43   88 6741.73000 4072.18859  39.6%  74.6  275s
  5878  4767 5134.92514   98   25 6741.73000 4072.52295  39.6%  74.6  283s
  6231  4830     cutoff  174      6741.73000 4072.60155  39.6%  72.4  290s
  6296  4884 4420.40832   29  240 6741.73000 4074.02172  39.6%  73.1  296s
* 6337  3970             180    5991.2500000 4074.02172  32.0%  73.3  296s
* 6342  3960             178    5985.2500000 4074.02172  31.9%  73.3  296s
  6358  4144 4771.07873   70   69 5985.25000 4074.02172  31.9%  73.8  303s
  6554  4201     cutoff  236      5985.25000 4079.35277  31.8%  73.3  310s
  6635  4307 4534.83451   27  183 5985.25000 4079.35277  31.8%  74.2  317s
  6745  4496 5130.18000   42   70 5985.25000 4079.60812  31.8%  75.0  324s
  6989  4571 5907.38000   77    - 5985.25000 4079.94720  31.8%  74.3  332s
  7148  4683     cutoff   77      5985.25000 4080.43343  31.8%  74.1  339s
  7277  4865 4770.26682   40   83 5985.25000 4088.34720  31.7%  74.4  347s
  7478  4944 5884.04425  107   82 5985.25000 4088.51802  31.7%  74.4  355s
  7588  5041 5964.69500  112   14 5985.25000 4093.57837  31.6%  75.1  363s
  7690  5154 infeasible  115      5985.25000 4093.86482  31.6%  76.0  371s
  7827  5228 5469.24659   94   48 5985.25000 4094.32737  31.6%  76.5  397s
  7903  5430 5612.45675  141   10 5985.25000 4094.90280  31.6%  76.8  408s
  8109  5439 5120.04000   58    8 5985.25000 4096.20770  31.6%  76.3  410s
  8160  5580 5510.33486   80  128 5985.25000 4097.26026  31.5%  76.2  417s
  8345  5781 4434.05277   29  148 5985.25000 4098.06329  31.5%  76.3  429s
  8479  5794 5207.98000   97   13 5985.25000 4098.06329  31.5%  76.4  430s
  8579  5998 4656.77417   41  119 5985.25000 4098.06329  31.5%  75.7  439s
  8601  5998 4684.92389   53   84 5985.25000 4098.06329  31.5%  76.0  440s
  8860  6056 5290.62500  110   21 5985.25000 4100.79823  31.5%  75.0  450s
  8946  6135 5761.09000  159    - 5985.25000 4101.97922  31.5%  75.4  459s
  9052  6263 5814.74000  159    6 5985.25000 4102.43270  31.5%  75.9  467s
  9190  6332 5844.59333  161   42 5985.25000 4104.71178  31.4%  76.1  476s
  9280  6438 4628.25606   34  172 5985.25000 4106.36762  31.4%  76.7  486s
  9411  6535 5911.31871   77   55 5985.25000 4106.76563  31.4%  76.9  496s
  9539  6629     cutoff   90      5985.25000 4107.70441  31.4%  77.3  505s
  9644  6787 4860.16384   40  269 5985.25000 4109.33703  31.3%  77.9  526s
  9819  6867 5717.82000   99    - 5985.25000 4109.71828  31.3%  77.8  536s
  9917  6931 5739.47846   99    8 5985.25000 4112.15764  31.3%  78.2  544s
  9999  6989 infeasible  115      5985.25000 4112.53855  31.3%  78.9  552s
 10063  7066 4627.92360   38   45 5985.25000 4112.66357  31.3%  79.7  562s
 10150  7177 5027.04247   66   37 5985.25000 4112.66357  31.3%  80.3  571s
 10274  7267 5538.44432  104   52 5985.25000 4112.79072  31.3%  80.9  581s
 10443  7326 4479.55298   26  364 5985.25000 4113.79440  31.3%  81.0  591s
 10485  7413 4653.89341   32  294 5985.25000 4113.79440  31.3%  81.8  599s
 10583  7505 4964.86558   47   43 5985.25000 4113.79440  31.3%  82.4  608s
 10754  7599     cutoff  100      5985.25000 4115.24245  31.2%  82.6  618s
 10853  7720 5066.57031   52  149 5985.25000 4119.45299  31.2%  82.9  627s
 11004  7778 4833.59840   38  232 5985.25000 4119.51456  31.2%  83.2  637s
