




arguments: ./build/bc_mirp -f ./input/orig_exec_195.cfg
Current dir: /scratch/gui/bc_mirp
File verbosity level: 9
date       time         ( uptime  ) [ thread name/id ]                   file:line     v| 
2021-02-14 06:11:38.653 (   0.312s) [main thread     ]             loguru.cpp:789   INFO| Logging to './output/vi_vc+hc1_half/OU/V2/Original/execution_14_02_2021_06_11_38.log', mode: 'a', verbosity: 9
--------------------------------------------------------------------------------
Parameters
                           instance_path           ./input/Instances/Original/5/
                            model_policy                                       1
                             nb_vehicles                                       2
                              output_dir ./output/vi_vc+hc1_half/OU/V2/Original/
                            sec_strategy                                       1
                       solver_nb_threads                                       2
                         solver_show_log                                    true
                       solver_time_limit                                    3600
                              use_vi_cos                                   false
                              use_vi_cus                                   false
                         use_vi_hc1_full                                   false
                         use_vi_hc1_half                                    true
                      use_vi_hc1_quarter                                   false
                              use_vi_hc2                                   false
                              use_vi_hc3                                   false
                         use_vi_lex_full                                   false
                         use_vi_lex_half                                   false
                      use_vi_lex_quarter                                   false
                              use_vi_qua                                   false
                               use_vi_vc                                    true
                               use_vi_vr                                   false
--------------------------------------------------------------------------------
executing instance: ./input/Instances/Original/5/absH3low_4n50.dat
--------------------------------------------------------------------------------
Instance details
n	51
H	3
C	4066
Li:
[0, 0, 0, 0, 0, 0, 0, 0, 0, 0, 0, 0, 0, 0, 0, 0, 0, 0, 0, 0, 0, 0, 0, 0, 0, 0, 0, 0, 0, 0, 0, 0, 0, 0, 0, 0, 0, 0, 0, 0, 0, 0, 0, 0, 0, 0, 0, 0, 0, 0, 0, ]
Ui:
[0, 108, 126, 122, 66, 120, 48, 30, 128, 54, 158, 198, 36, 66, 210, 234, 147, 297, 171, 128, 116, 120, 219, 70, 294, 207, 134, 128, 234, 122, 22, 183, 195, 255, 132, 124, 66, 189, 219, 66, 128, 102, 288, 66, 87, 136, 36, 39, 282, 36, 237, ]
Distance matrix:
|0	210	444	498	509	104	438	228	487	304	456	434	526	476	163	47	293	396	293	290	313	85	280	437	293	336	409	106	449	376	433	478	193	404	404	534	278	181	380	507	189	438	263	473	353	216	202	218	452	254	465	|
|210	0	299	507	359	106	345	409	358	411	320	402	555	448	136	200	289	264	306	427	141	222	83	348	264	320	283	303	380	208	258	357	170	348	475	542	243	347	355	379	65	479	172	373	355	251	112	229	402	210	300	|
|444	299	0	363	65	358	116	542	66	440	26	241	425	272	282	407	251	51	276	490	159	397	224	124	217	237	48	490	170	99	83	74	261	180	430	385	214	479	231	85	270	390	184	116	271	300	409	276	210	215	54	|
|498	507	363	0	385	482	246	424	326	254	343	123	63	93	388	452	221	337	211	314	428	414	480	239	243	187	324	463	194	418	438	307	346	188	156	36	264	392	156	326	444	87	340	258	154	286	603	294	153	297	417	|
|509	359	65	385	0	422	145	602	59	492	59	269	448	292	348	472	305	115	329	545	218	462	281	152	274	286	106	554	192	153	116	78	326	216	472	403	274	540	271	63	334	425	249	127	316	361	468	337	233	278	69	|
|104	106	358	482	422	0	372	309	408	337	374	396	521	441	98	96	262	314	271	342	215	124	177	373	249	302	329	198	394	281	337	402	139	353	419	518	230	250	343	428	90	437	188	405	328	200	134	188	406	199	372	|
|438	345	116	246	145	372	0	485	87	357	97	126	309	155	279	394	180	101	200	414	223	373	288	8	157	150	84	459	53	188	196	68	245	72	328	269	165	427	128	97	297	280	184	36	175	250	456	233	94	184	170	|
|228	409	542	424	602	309	485	0	561	170	544	419	424	446	298	214	305	491	286	115	462	187	457	480	331	339	496	124	470	510	565	545	295	424	279	454	329	66	376	576	363	340	370	520	330	242	429	266	453	328	581	|
|487	358	66	326	59	408	87	561	0	441	40	211	389	233	324	446	258	95	281	497	220	431	287	95	230	234	79	522	133	164	146	19	297	160	415	344	233	500	215	21	323	367	224	68	261	320	470	299	174	242	106	|
|304	411	440	254	492	337	357	170	441	0	434	266	255	286	275	266	189	392	164	63	408	225	428	351	224	207	392	234	330	438	484	424	250	287	112	284	232	149	233	453	349	170	302	389	185	168	471	195	305	248	487	|
|456	320	26	343	59	374	97	544	40	434	0	223	406	252	294	418	247	60	271	487	181	405	247	105	215	229	49	498	149	124	109	48	270	165	419	364	215	482	218	60	288	375	194	92	261	302	431	279	190	220	75	|
|434	402	241	123	269	396	126	419	211	266	223	0	185	46	298	387	140	213	145	328	310	355	366	118	147	97	201	425	78	295	315	191	256	65	211	151	166	371	53	215	343	157	231	145	90	220	505	217	41	198	295	|
|526	555	425	63	448	521	309	424	389	255	406	185	0	156	430	481	266	398	252	310	485	442	534	301	293	237	386	480	257	478	500	370	390	249	145	55	313	401	212	389	491	89	392	321	201	322	646	334	216	345	479	|
|476	448	272	93	292	441	155	446	233	286	252	46	156	0	343	429	183	250	184	348	353	396	411	148	192	140	236	461	102	334	350	214	302	106	214	113	212	402	98	233	389	151	277	165	125	261	551	260	62	244	325	|
|163	136	282	388	348	98	279	298	324	275	294	298	430	343	0	124	167	234	178	296	167	121	162	279	151	205	247	216	297	224	280	316	42	256	340	423	132	232	246	344	74	349	100	314	233	115	216	97	308	101	307	|
|47	200	407	452	472	96	394	214	446	266	418	387	481	429	124	0	246	358	245	259	284	41	261	392	247	289	370	103	403	345	402	436	150	358	361	488	232	158	333	466	165	393	223	430	306	168	217	171	406	210	431	|
|293	289	251	221	305	262	180	305	258	189	247	140	266	183	167	246	0	204	26	240	238	215	276	175	37	43	203	289	169	255	297	242	125	122	202	257	52	248	87	272	225	191	134	215	67	80	382	77	163	81	298	|
|396	264	51	337	115	314	101	491	95	392	60	213	398	250	234	358	204	0	229	442	130	347	196	108	169	194	19	440	152	87	102	93	211	149	390	363	165	428	194	116	228	355	134	117	230	250	376	225	189	164	95	|
|293	306	276	211	329	271	200	286	281	164	271	145	252	184	178	245	26	229	0	216	262	212	297	195	63	53	228	280	184	280	323	264	138	137	178	248	76	232	95	294	241	173	156	234	60	77	395	83	172	102	324	|
|290	427	490	314	545	342	414	115	497	63	487	328	310	348	296	259	240	442	216	0	443	220	456	408	273	264	443	204	390	479	529	480	278	346	165	343	278	115	293	509	369	229	340	447	244	202	473	230	366	288	536	|
|313	141	159	428	218	215	223	462	220	408	181	310	485	353	167	284	238	130	262	443	0	288	67	228	202	252	149	382	267	67	122	221	168	247	440	459	186	396	273	241	125	423	107	245	291	242	251	214	297	162	160	|
|85	222	397	414	462	124	373	187	431	225	405	355	442	396	121	41	215	347	212	220	288	0	273	371	221	258	357	95	378	344	401	420	136	331	321	450	208	126	302	450	177	353	213	409	272	136	253	143	377	190	426	|
|280	83	224	480	281	177	288	457	287	428	247	366	534	411	162	261	276	196	297	456	67	273	0	292	243	298	215	363	329	128	176	288	179	305	475	513	224	392	324	307	96	466	143	311	335	261	187	235	357	195	219	|
|437	348	124	239	152	373	8	480	95	351	105	118	301	148	279	392	175	108	195	408	228	371	292	0	154	144	91	456	46	194	203	76	244	65	320	261	163	423	121	103	299	273	185	40	168	247	459	230	86	183	178	|
|293	264	217	243	274	249	157	331	230	224	215	147	293	192	151	247	37	169	63	273	202	221	243	154	0	57	170	303	157	217	260	215	110	111	238	278	21	271	94	245	201	223	100	193	92	93	362	78	160	54	263	|
|336	320	237	187	286	302	150	339	234	207	229	97	237	140	205	289	43	194	53	264	252	258	298	144	57	0	190	331	131	257	294	216	163	84	197	221	77	285	44	246	258	172	155	183	39	123	418	119	120	110	288	|
|409	283	48	324	106	329	84	496	79	392	49	201	386	236	247	370	203	19	228	443	149	357	215	91	170	190	0	449	136	105	114	75	221	138	384	349	168	434	185	99	245	346	146	98	224	255	394	231	174	171	99	|
|106	303	490	463	554	198	459	124	522	234	498	425	480	461	216	103	289	440	280	204	382	95	363	456	303	331	449	0	458	439	496	510	229	410	344	498	293	89	374	540	267	391	307	495	336	211	308	226	451	280	520	|
|449	380	170	194	192	394	53	470	133	330	149	78	257	102	297	403	169	152	184	390	267	378	329	46	157	131	136	458	0	238	249	114	259	47	287	216	171	416	96	137	327	235	211	67	145	247	488	235	41	197	223	|
|376	208	99	418	153	281	188	510	164	438	124	295	478	334	224	345	255	87	280	479	67	344	128	194	217	257	105	439	238	0	57	169	216	230	453	445	206	445	268	184	191	427	141	202	296	278	315	250	274	191	92	|
|433	258	83	438	116	337	196	565	146	484	109	315	500	350	280	402	297	102	323	529	122	401	176	203	260	294	114	496	249	57	0	157	271	252	490	463	251	499	296	162	247	457	195	199	331	329	362	302	288	241	47	|
|478	357	74	307	78	402	68	545	19	424	48	191	370	214	316	436	242	93	264	480	221	420	288	76	215	216	75	510	114	169	157	0	287	141	396	325	219	485	196	31	319	347	216	49	243	306	469	286	154	230	120	|
|193	170	261	346	326	139	245	295	297	250	270	256	390	302	42	150	125	211	138	278	168	136	179	244	110	163	221	229	259	216	271	287	0	216	305	382	91	229	204	316	105	310	78	280	192	83	257	60	268	62	292	|
|404	348	180	188	216	353	72	424	160	287	165	65	249	106	256	358	122	149	137	346	247	331	305	65	111	84	138	410	47	230	252	141	216	0	255	215	126	369	56	168	292	210	177	102	103	200	454	189	54	155	234	|
|404	475	430	156	472	419	328	279	415	112	419	211	145	214	340	361	202	390	178	165	440	321	475	320	238	197	384	344	287	453	490	396	305	255	0	181	254	261	201	422	410	69	335	353	160	225	551	246	252	280	482	|
|534	542	385	36	403	518	269	454	344	284	364	151	55	113	423	488	257	363	248	343	459	450	513	261	278	221	349	498	216	445	463	325	382	215	181	0	298	425	189	342	479	115	373	276	190	323	638	330	175	332	439	|
|278	243	214	264	274	230	165	329	233	232	215	166	313	212	132	232	52	165	76	278	186	208	224	163	21	77	168	293	171	206	251	219	91	126	254	298	0	267	114	250	181	242	82	202	112	88	341	68	177	33	258	|
|181	347	479	392	540	250	427	66	500	149	482	371	401	402	232	158	248	428	232	115	396	126	392	423	271	285	434	89	416	445	499	485	229	369	261	425	267	0	325	516	298	313	305	463	281	180	375	203	403	264	516	|
|380	355	231	156	271	343	128	376	215	233	218	53	212	98	246	333	87	194	95	293	273	302	324	121	94	44	185	374	96	268	296	196	204	56	201	189	114	325	0	224	294	161	185	157	49	167	455	163	78	147	284	|
|507	379	85	326	63	428	97	576	21	453	60	215	389	233	344	466	272	116	294	509	241	450	307	103	245	246	99	540	137	184	162	31	316	168	422	342	250	516	224	0	344	371	244	70	271	337	490	317	176	261	120	|
|189	65	270	444	334	90	297	363	323	349	288	343	491	389	74	165	225	228	241	369	125	177	96	299	201	258	245	267	327	191	247	319	105	292	410	479	181	298	294	344	0	414	116	328	291	187	163	165	345	147	282	|
|438	479	390	87	425	437	280	340	367	170	375	157	89	151	349	393	191	355	173	229	423	353	466	273	223	172	346	391	235	427	457	347	310	210	69	115	242	313	161	371	414	0	323	301	133	238	565	253	197	273	444	|
|263	172	184	340	249	188	184	370	224	302	194	231	392	277	100	223	134	134	156	340	107	213	143	185	100	155	146	307	211	141	195	216	78	177	335	373	82	305	185	244	116	323	0	217	192	138	278	110	230	55	214	|
|473	373	116	258	127	405	36	520	68	389	92	145	321	165	314	430	215	117	234	447	245	409	311	40	193	183	98	495	67	202	199	49	280	102	353	276	202	463	157	70	328	301	217	0	205	286	485	269	106	220	167	|
|353	355	271	154	316	328	175	330	261	185	261	90	201	125	233	306	67	230	60	244	291	272	335	168	92	39	224	336	145	296	331	243	192	103	160	190	112	281	49	271	291	133	192	205	0	138	449	141	123	145	323	|
|216	251	300	286	361	200	250	242	320	168	302	220	322	261	115	168	80	250	77	202	242	136	261	247	93	123	255	211	247	278	329	306	83	200	225	323	88	180	167	337	187	238	138	286	138	0	328	28	243	88	340	|
|202	112	409	603	468	134	456	429	470	471	431	505	646	551	216	217	382	376	395	473	251	253	187	459	362	418	394	308	488	315	362	469	257	454	551	638	341	375	455	490	163	565	278	485	449	328	0	313	508	308	406	|
|218	229	276	294	337	188	233	266	299	195	279	217	334	260	97	171	77	225	83	230	214	143	235	230	78	119	231	226	235	250	302	286	60	189	246	330	68	203	163	317	165	253	110	269	141	28	313	0	235	61	315	|
|452	402	210	153	233	406	94	453	174	305	190	41	216	62	308	406	163	189	172	366	297	377	357	86	160	120	174	451	41	274	288	154	268	54	252	175	177	403	78	176	345	197	230	106	123	243	508	235	0	207	264	|
|254	210	215	297	278	199	184	328	242	248	220	198	345	244	101	210	81	164	102	288	162	190	195	183	54	110	171	280	197	191	241	230	62	155	280	332	33	264	147	261	147	273	55	220	145	88	308	61	207	0	253	|
|465	300	54	417	69	372	170	581	106	487	75	295	479	325	307	431	298	95	324	536	160	426	219	178	263	288	99	520	223	92	47	120	292	234	482	439	258	516	284	120	282	444	214	167	323	340	406	315	264	253	0	|

--------------------------------------------------------------------------------
Building model...
	using lazy and cut (CVRPSEP package)
Solving IRP LP...
--------------------------------------------------------------------------------

Gurobi 9.1.0 (linux64) logging started Sun Feb 14 06:11:38 2021

Gurobi Optimizer version 9.1.0 build v9.1.0rc0 (linux64)
Thread count: 32 physical cores, 32 logical processors, using up to 2 threads
Optimize a model with 1344 rows, 8460 columns and 20178 nonzeros
Model fingerprint: 0x027668e2
Variable types: 504 continuous, 7956 integer (306 binary)
Coefficient statistics:
  Matrix range     [1e+00, 2e+03]
  Objective range  [1e-02, 6e+02]
  Bounds range     [1e+00, 3e+02]
  RHS range        [1e+00, 7e+03]
Presolve removed 260 rows and 280 columns
Presolve time: 0.09s
Presolved: 1084 rows, 8180 columns, 18880 nonzeros
Variable types: 377 continuous, 7803 integer (7506 binary)

Root relaxation: objective 3.291724e+03, 985 iterations, 0.03 seconds

    Nodes    |    Current Node    |     Objective Bounds      |     Work
 Expl Unexpl |  Obj  Depth IntInf | Incumbent    BestBd   Gap | It/Node Time

     0     0 3291.72371    0  139          - 3291.72371      -     -    0s
     0     0 3704.42005    0  159          - 3704.42005      -     -    0s
     0     0 3704.49904    0  159          - 3704.49904      -     -    0s
     0     0 4292.88818    0  196          - 4292.88818      -     -    0s
     0     0 4327.55506    0  128          - 4327.55506      -     -    0s
     0     0 4351.03889    0  166          - 4351.03889      -     -    0s
     0     0 4352.15392    0  206          - 4352.15392      -     -    0s
     0     0 4353.86291    0  154          - 4353.86291      -     -    0s
     0     0 4354.03370    0  181          - 4354.03370      -     -    0s
     0     0 4442.92504    0  242          - 4442.92504      -     -    1s
     0     0 4463.26428    0  194          - 4463.26428      -     -    1s
     0     0 4479.72755    0  280          - 4479.72755      -     -    1s
     0     0 4484.82820    0  297          - 4484.82820      -     -    1s
     0     0 4491.06827    0  296          - 4491.06827      -     -    1s
     0     0 4499.65657    0  299          - 4499.65657      -     -    1s
     0     0 4500.63199    0  294          - 4500.63199      -     -    1s
     0     0 4550.78690    0  322          - 4550.78690      -     -    2s
     0     0 4559.16312    0  292          - 4559.16312      -     -    2s
     0     0 4560.14252    0  294          - 4560.14252      -     -    2s
     0     0 4563.98888    0  339          - 4563.98888      -     -    2s
     0     0 4563.98888    0  339          - 4563.98888      -     -    2s
     0     2 4568.94661    0  282          - 4568.94661      -     -    3s
    42    46 4708.80186   13  198          - 4598.00343      -   180    5s
   414   391 8189.10000  196    4          - 4607.31274      -  57.7   10s
   562   529 4844.69456   15  242          - 4607.31274      -  69.5   15s
   748   704 5000.36204   49  339          - 4607.31274      -  67.1   20s
   767   717 5266.37032   56  437          - 4620.36762      -  65.4   25s
   784   728 5932.25012   79  473          - 4633.93346      -  64.0   30s
   789   731 4912.99338   22  465          - 4634.49840      -  63.6   36s
   792   736 4645.19201   11  390          - 4635.65678      -  73.0   40s
   858   784 5038.47016   29  150          - 4645.23719      -  85.5   45s
  1018   909 5457.30106   85   26          - 4645.23719      -  83.3   50s
  1122   957 6174.12000  127    -          - 4645.23719      -  78.0   55s
  1215  1008 6919.42941  162   21          - 4645.23719      -  74.7   60s
* 1356  1049             216    8058.9400000 4645.23719  42.4%  69.5   64s
  1378  1040     cutoff  222      8058.94000 4645.26277  42.4%  68.8   68s
  1390  1051 4761.96509   13  287 8058.94000 4645.26277  42.4%  69.9   70s
  1407  1059 4775.51574   14  281 8058.94000 4645.26277  42.4%  70.2   82s
H 1408  1000                    7371.1399949 4645.26277  37.0%  70.2   82s
  1439  1035 4846.33902   17  259 7371.13999 4645.26277  37.0%  70.2   85s
  1527  1077 4855.80550   24  256 7371.13999 4645.26277  37.0%  69.0   90s
  1618  1085 4966.57395   30  138 7371.13999 4645.26277  37.0%  67.2   96s
  1648  1108 4979.03645   37  108 7371.13999 4645.26277  37.0%  68.9  100s
  1705  1160 5193.60000   56   38 7371.13999 4645.26277  37.0%  70.6  106s
  1757  1199 5456.66000   76   10 7371.13999 4645.26277  37.0%  69.8  111s
  1819  1236 5681.75000   95   18 7371.13999 4645.26277  37.0%  69.0  115s
  1891  1312 5787.30488  112   35 7371.13999 4645.26277  37.0%  67.7  121s
  1977  1327 5922.62536  133   35 7371.13999 4645.26277  37.0%  65.9  125s
  2086  1495 6378.82000  163    4 7371.13999 4645.26277  37.0%  63.6  132s
  2199  1568 6138.52944  190   22 7371.13999 4645.26277  37.0%  61.1  136s
  2332  1678 6705.54000  220    4 7371.13999 4645.26277  37.0%  58.3  140s
  2560  1650 4700.71405   13  401 7371.13999 4677.95128  36.5%  54.3  146s
  2591  1708 4783.93892   18  401 7371.13999 4677.95128  36.5%  56.3  151s
  2719  1784 4837.94317   25  243 7371.13999 4677.95128  36.5%  55.4  157s
  2788  1814 4854.73279   28  222 7371.13999 4677.95128  36.5%  54.9  161s
  2863  1831 4908.59457   27  183 7371.13999 4677.95128  36.5%  54.7  165s
  2896  1855 5065.20819   33  246 7371.13999 4677.95128  36.5%  56.9  171s
  2920  1891 5099.14145   37  250 7371.13999 4677.95128  36.5%  58.4  175s
  2964  1953 5186.50281   43  190 7371.13999 4677.95128  36.5%  59.7  181s
  3004  2053 5250.73486   46   65 7371.13999 4677.95128  36.5%  59.9  186s
  3114  2063 5344.08742   51  163 7371.13999 4677.95128  36.5%  58.9  190s
  3174  2135 5457.72878   83  122 7371.13999 4677.95128  36.5%  61.2  197s
  3235  2237 5882.07207  105   80 7371.13999 4677.95128  36.5%  62.7  203s
  3323  2337 5832.80433  129   28 7371.13999 4677.95128  36.5%  62.7  207s
  3420  2420 6807.97723  185   57 7371.13999 4677.95128  36.5%  62.4  212s
  3529  2426 infeasible  232      7371.13999 4695.55530  36.3%  61.9  219s
  3549  2456 4809.05497   14  445 7371.13999 4695.55530  36.3%  62.4  222s
  3579  2522 5066.22669   21  347 7371.13999 4695.55530  36.3%  63.2  226s
  3659  2591 5167.01742   27  368 7371.13999 4695.55530  36.3%  63.0  231s
  3731  2752 5316.26107   38  139 7371.13999 4695.55530  36.3%  63.1  236s
  3891  2834 5532.45637   57   96 7371.13999 4695.55530  36.3%  61.8  242s
  3971  2936 5704.77284   86  110 7371.13999 4695.55530  36.3%  61.3  249s
  4081  2941 6967.50615  254    3 7371.13999 4695.55530  36.3%  60.3  250s
  4140  3038 6310.92375  174   34 7371.13999 4699.27726  36.2%  60.1  255s
  4263  3096 7145.64333  239   44 7371.13999 4702.72696  36.2%  60.6  264s
  4310  3098     cutoff  254      7371.13999 4703.48636  36.2%  61.2  269s
  4320  3114 4835.71893   16  241 7371.13999 4706.36033  36.2%  61.5  273s
  4337  3180 4941.19413   26  151 7371.13999 4706.36033  36.2%  62.1  278s
  4405  3413 5607.10221   62   73 7371.13999 4709.56674  36.1%  62.4  285s
  4686  3478 6967.02000  191    - 7371.13999 4713.48870  36.1%  59.8  293s
  4800  3531     cutoff  191      7371.13999 4715.34552  36.0%  59.8  298s
  4842  3541 5107.62087   23  132 7371.13999 4717.20155  36.0%  60.8  314s
  4844  3616 5215.09926   25   93 7371.13999 4717.20155  36.0%  60.8  321s
  4943  3660 5378.54434   32  113 7371.13999 4717.20155  36.0%  60.3  328s
  5043  3718 5784.79729   46  131 7371.13999 4717.20155  36.0%  60.4  334s
  5092  3722 6231.49750   56   24 7371.13999 4717.20155  36.0%  61.1  346s
  5094  3872 6231.69311   57   20 7371.13999 4732.31809  35.8%  61.1  355s
  5282  3920     cutoff  116      7371.13999 4736.45126  35.7%  60.1  361s
  5328  3998 5039.07981   24  265 7371.13999 4738.60860  35.7%  60.9  367s
* 5356  3994             175    7359.4100000 4738.60860  35.6%  61.2  368s
  5407  4218 5422.17822   52   91 7359.41000 4747.66027  35.5%  61.3  375s
  5696  4316     cutoff  164      7359.41000 4750.73698  35.4%  59.3  382s
  5799  4401 infeasible  163      7359.41000 4755.19329  35.4%  60.0  389s
  5919  4502 5252.25674   29  139 7359.41000 4758.22054  35.3%  60.0  396s
  6023  4647 5888.34279   56   19 7359.41000 4758.22054  35.3%  60.4  404s
  6071  4647 6536.84604   81   14 7359.41000 4758.22054  35.3%  60.2  405s
  6221  4765 7026.83944  106   10 7359.41000 4763.29112  35.3%  59.8  414s
  6250  4765 7302.72556  127   13 7359.41000 4763.29112  35.3%  59.7  415s
  6396  4939 5215.30761   41   91 7359.41000 4767.19766  35.2%  59.6  422s
* 6521  4349             124    6850.0800000 4767.42071  30.4%  59.1  423s
  6605  4425     cutoff  139      6850.08000 4767.55724  30.4%  58.9  430s
  6718  4530 5677.42602   58  121 6850.08000 4769.20585  30.4%  59.2  437s
  6856  4586 6648.99750  104   17 6850.08000 4771.98701  30.3%  59.3  446s
  6926  4689 6759.06882  113   16 6850.08000 4773.21179  30.3%  59.7  452s
  7053  4828 5380.72612   48  121 6850.08000 4775.61685  30.3%  59.9  460s
  7259  5017 4957.38194   26  114 6850.08000 4776.92937  30.3%  59.5  472s
  7490  5318 5320.40281   57  104 6850.08000 4776.92937  30.3%  59.5  483s
  7653  5318 6666.85000  118    - 6850.08000 4776.92937  30.3%  59.2  485s
  7774  5533 6331.35453  134   23 6850.08000 4778.15464  30.2%  59.1  495s
  8049  5664 6758.03967  136   22 6850.08000 4779.86512  30.2%  58.7  507s
  8247  5709 infeasible  140      6850.08000 4785.25566  30.1%  58.6  517s
  8281  5742 4959.44302   24  301 6850.08000 4785.81934  30.1%  59.6  526s
  8314  5808 5155.64224   30  245 6850.08000 4785.81934  30.1%  60.5  536s
  8380  5938 5518.44191   41  113 6850.08000 4785.81934  30.1%  61.4  546s
  8512  6072 6406.01228   71    4 6850.08000 4785.87139  30.1%  62.1  558s
  8715  6197     cutoff   95      6850.08000 4787.89891  30.1%  62.0  569s
  8738  6197 5093.80859   38   56 6850.08000 4787.89891  30.1%  62.1  570s
  8850  6300 6739.79684  112   19 6850.08000 4789.53469  30.1%  62.3  579s
  8923  6300 5633.59000   63    4 6850.08000 4789.53469  30.1%  62.5  580s
  8983  6415 5210.65363   56   79 6850.08000 4790.16476  30.1%  62.3  589s
  9091  6415 5050.51012   40   47 6850.08000 4790.62459  30.1%  62.6  590s
  9109  6637 5477.42040   46  117 6850.08000 4790.68905  30.1%  62.8  599s
  9203  6657 5069.66427   28   74 6850.08000 4790.68905  30.1%  62.4  600s
  9386  6777 6844.78000   99    - 6850.08000 4790.90751  30.1%  62.3  610s
  9515  7035 5157.42743   52   72 6850.08000 4791.87809  30.0%  62.8  624s
  9596  7040 5557.61000   93   18 6850.08000 4791.87809  30.0%  62.7  625s
  9865  7155 6135.61000  117    - 6850.08000 4792.84830  30.0%  61.7  634s
  9910  7160 5645.70330   58   73 6850.08000 4792.84830  30.0%  61.9  635s
  9983  7273 6229.93000  117    - 6850.08000 4795.25896  30.0%  62.1  643s
 10106  7568 6262.02500  117   20 6850.08000 4796.12764  30.0%  62.5  655s
 10461  7830 6593.82000  137    6 6850.08000 4799.97943  29.9%  61.7  667s
 10758  8020 6845.39000  144    - 6850.08000 4800.79242  29.9%  61.2  678s
 10932  8037 5903.59184   77   10 6850.08000 4802.95826  29.9%  60.9  680s
 10993  8241 6745.26000  145   12 6850.08000 4803.07700  29.9%  60.8  691s
*10994  7953             146    6748.6100000 4803.07700  28.8%  60.8  691s
 11248  8058 4874.72195   21  331 6748.61000 4803.20732  28.8%  60.5  699s
 11288  8058 6418.06000  152    - 6748.61000 4803.20732  28.8%  60.8  700s
 11355  8265 5243.48596   40  124 6748.61000 4803.20732  28.8%  61.1  710s
 11589  8459 5382.31703   63   73 6748.61000 4803.20732  28.8%  60.9  722s
 11760  8466 6230.59000  110    - 6748.61000 4803.20732  28.8%  61.0  725s
 11797  8478 5972.77810   85    4 6748.61000 4803.20732  28.8%  60.9  763s
 11815  8613 5966.43905   84    4 6748.61000 4804.67153  28.8%  60.9  772s
 12012  8772 infeasible  180      6748.61000 4804.98670  28.8%  60.8  784s
 12175  8944 4871.63776   21  204 6748.61000 4806.28119  28.8%  61.0  797s
 12378  9154 4983.71675   30  159 6748.61000 4806.49901  28.8%  61.1  809s
 12493  9164 6744.81357   87   34 6748.61000 4806.55488  28.8%  61.1  810s
 12620  9327 6581.21000  117    - 6748.61000 4806.59401  28.8%  60.8  820s
 12862  9366 6592.18000  117    - 6748.61000 4808.37990  28.8%  60.5  829s
 12879  9369 6630.45000  158    - 6748.61000 4808.61798  28.7%  60.7  830s
 12891  9391 6595.50000  117   10 6748.61000 4808.72340  28.7%  60.9  838s
*12939  9285             158    6713.4500000 4809.07559  28.4%  61.1  838s
 12951  9329 5012.12602   20  176 6713.45000 4809.07559  28.4%  61.4  847s
 12995  9421 5462.05813   36   67 6713.45000 4809.07559  28.4%  62.0  855s
 13092  9502 6239.58228   59   66 6713.45000 4809.13022  28.4%  62.4  865s
 13194  9578 5171.17342   28  250 6713.45000 4809.13022  28.4%  62.8  876s
 13270  9691 5810.08119   55  172 6713.45000 4810.35099  28.3%  63.2  889s
 13289  9691 6043.51536   74   59 6713.45000 4810.35099  28.3%  63.2  890s
 13434  9806 5021.18571   18  372 6713.45000 4810.71403  28.3%  63.4  901s
 13604  9949 5329.67761   42  260 6713.45000 4810.71403  28.3%  63.3  912s
 13735 10140 5715.17895  110   34 6713.45000 4811.33443  28.3%  63.5  929s
 13783 10141 6214.79000  157   10 6713.45000 4811.33443  28.3%  63.3  930s
 13962 10213 6707.25000  207    - 6713.45000 4812.32274  28.3%  63.1  944s
 13999 10215 5413.17717   58  119 6713.45000 4812.32274  28.3%  63.2  945s
 14045 10287 infeasible  207      6713.45000 4813.05992  28.3%  63.3  955s
 14153 10413 5339.93360   37   82 6713.45000 4813.64094  28.3%  63.6  968s
 14315 10551 4831.03084   22  116 6713.45000 4813.64094  28.3%  63.8  980s
 14446 10761 5144.92422   65   35 6713.45000 4813.64094  28.3%  64.2  994s
 14542 10762 6199.91000  104   10 6713.45000 4813.64094  28.3%  64.3  995s
 14700 10848 5829.61600   95   38 6713.45000 4814.23781  28.3%  64.2 1007s
 14816 11053 6450.00000  108    6 6713.45000 4814.94204  28.3%  64.4 1018s
 15032 11169 6505.62158  132   30 6713.45000 4815.01730  28.3%  64.3 1029s
 15064 11169 6588.48235  164    4 6713.45000 4815.01730  28.3%  64.2 1030s
 15185 11341 5160.28032   43  207 6713.45000 4815.24508  28.3%  64.4 1043s
 15374 11433 6101.07000   88   12 6713.45000 4816.09470  28.3%  64.4 1055s
 15486 11574     cutoff  151      6713.45000 4816.63900  28.3%  64.6 1065s
 15665 11653 5777.62687   74   24 6713.45000 4816.71190  28.3%  64.8 1076s
 15764 11855 5087.51363   40  155 6713.45000 4816.72374  28.3%  65.1 1088s
 15991 12046 5992.56667  107   46 6713.45000 4817.03554  28.2%  64.9 1100s
 16192 12139     cutoff  189      6713.45000 4818.31738  28.2%  64.8 1111s
 16316 12184     cutoff  189      6713.45000 4820.28637  28.2%  65.1 1122s
 16374 12262 4996.77146   32  151 6713.45000 4820.34308  28.2%  65.6 1132s
 16441 12331 5269.33254   52   99 6713.45000 4820.34308  28.2%  66.1 1143s
 16510 12427 5475.86229   76  135 6713.45000 4820.34308  28.2%  66.5 1153s
 16606 12639 5603.50839  107   74 6713.45000 4820.34308  28.2%  66.9 1167s
 16846 12778 5947.01658  144   62 6713.45000 4820.63911  28.2%  66.8 1182s
 17042 12891 5011.85305   26  249 6713.45000 4821.19463  28.2%  66.8 1194s
 17115 12898 5193.32458   49  108 6713.45000 4821.19463  28.2%  67.0 1195s
 17156 12954 5093.97827   33  202 6713.45000 4821.19463  28.2%  66.9 1206s
 17221 13094 5436.62097   43   64 6713.45000 4821.19463  28.2%  67.3 1218s
 17365 13171 6383.00368   68   26 6713.45000 4821.82923  28.2%  67.4 1231s
 17475 13381     cutoff   89      6713.45000 4824.72802  28.1%  67.6 1244s
 17513 13382 5290.23398   51   92 6713.45000 4824.72802  28.1%  67.6 1245s
*17743 12573             149    6538.4800000 4827.18666  26.2%  67.1 1246s
 17748 12676     cutoff  114      6538.48000 4827.45086  26.2%  67.1 1257s
 17917 12784 5067.43573   37  257 6538.48000 4828.44209  26.2%  67.1 1270s
 18039 12854 6490.24000  112    - 6538.48000 4829.24969  26.1%  67.3 1284s
 18115 13021 6491.91000  112    - 6538.48000 4829.26645  26.1%  67.5 1298s
 18312 13131 6506.80000  112    - 6538.48000 4829.74433  26.1%  67.4 1310s
 18431 13188 6531.11000  112    - 6538.48000 4830.29420  26.1%  67.7 1322s
 18500 13226     cutoff  114      6538.48000 4830.39258  26.1%  68.0 1333s
 18541 13390     cutoff  114      6538.48000 4830.69049  26.1%  68.4 1344s
 18606 13393 5637.39333   75   35 6538.48000 4830.69049  26.1%  68.5 1345s
 18734 13450 6030.92711   95   50 6538.48000 4830.94025  26.1%  68.3 1357s
 18806 13547 infeasible  117      6538.48000 4831.15556  26.1%  68.6 1368s
 18946 13639     cutoff   93      6538.48000 4832.63625  26.1%  68.7 1382s
 19060 13816 5268.96778   37   63 6538.48000 4832.99605  26.1%  68.9 1397s
 19234 14010 5619.24298   84    6 6538.48000 4833.03762  26.1%  68.8 1414s
 19314 14021 5804.28000  123   26 6538.48000 4833.03762  26.1%  68.6 1415s
 19527 14150 6274.68000  165    8 6538.48000 4833.22199  26.1%  68.3 1429s
 19636 14168 5954.54681   75   82 6538.48000 4833.43512  26.1%  68.4 1430s
 19706 14295 6484.28000  173    2 6538.48000 4834.30631  26.1%  68.3 1442s
 19879 14445 infeasible  176      6538.48000 4834.40938  26.1%  68.2 1456s
 20028 14451 6473.01609  130   22 6538.48000 4834.46024  26.1%  68.2 1460s
 20039 14558 6532.54000  173    - 6538.48000 4834.46493  26.1%  68.2 1473s
 20175 14744 5279.07500   64   20 6538.48000 4834.62060  26.1%  68.3 1488s
 20322 14770 5721.25500   78    8 6538.48000 4834.62060  26.1%  68.1 1490s
 20418 14884 6019.29300   97   21 6538.48000 4835.06392  26.1%  68.2 1502s
 20590 14982 6162.07500   98   18 6538.48000 4835.80776  26.0%  68.3 1516s
*20600 13007             105    6227.1700000 4835.80776  22.3%  68.3 1516s
 20723 13067     cutoff  107      6227.17000 4836.00328  22.3%  68.3 1527s
*20725 13048             105    6223.4400000 4836.00328  22.3%  68.3 1528s
 20808 13100 5795.61372   47   30 6223.44000 4836.20404  22.3%  68.5 1538s
 20891 13154     cutoff   66      6223.44000 4836.26848  22.3%  68.8 1552s
 20939 13212 5171.45737   43  181 6223.44000 4836.48602  22.3%  69.2 1574s
 21015 13299     cutoff   85      6223.44000 4836.61857  22.3%  69.5 1585s
 21133 13332 6097.58000   92   12 6223.44000 4837.61996  22.3%  69.7 1596s
 21186 13444 infeasible  108      6223.44000 4837.87049  22.3%  69.8 1607s
 21318 13533 5982.55671   65   59 6223.44000 4838.15474  22.3%  69.9 1619s
 21354 13533 5249.75381   33  154 6223.44000 4838.28429  22.3%  70.1 1620s
 21436 13592 5595.05331   44  117 6223.44000 4838.96929  22.2%  70.1 1631s
 21515 13709     cutoff   80      6223.44000 4839.58665  22.2%  70.3 1644s
 21550 13709 5629.51768   50   79 6223.44000 4839.58665  22.2%  70.3 1645s
 21633 13808 6141.07003   70   39 6223.44000 4839.63528  22.2%  70.3 1657s
 21804 13905 5974.60167   80   33 6223.44000 4840.63232  22.2%  70.3 1671s
 21929 14017     cutoff  107      6223.44000 4841.08556  22.2%  70.3 1684s
 22052 14030     cutoff  106      6223.44000 4842.49401  22.2%  70.5 1700s
 22066 14066 4998.52482   26  240 6223.44000 4842.56153  22.2%  70.6 1711s
 22101 14159 5225.62557   44    4 6223.44000 4842.56153  22.2%  70.9 1723s
 22117 14160 5237.40127   56   38 6223.44000 4842.56153  22.2%  71.0 1727s
 22196 14238 5271.91718   47   38 6223.44000 4842.78056  22.2%  71.1 1740s
 22293 14336 6107.22667  122   20 6223.44000 4843.16032  22.2%  71.3 1754s
 22395 14387 4895.63278   23  351 6223.44000 4843.16032  22.2%  71.4 1767s
 22480 14465 5094.95344   29  341 6223.44000 4843.16032  22.2%  71.6 1779s
 22530 14465 5377.35089   53   66 6223.44000 4843.16032  22.2%  71.9 1780s
 22559 14583 5224.25797   35  133 6223.44000 4843.16032  22.2%  71.9 1791s
 22724 14696 6111.41788   56   30 6223.44000 4843.50901  22.2%  71.9 1804s
 22774 14697 5110.89909   42   31 6223.44000 4843.50901  22.2%  71.9 1805s
*22833 12924              96    5987.3100000 4843.50901  19.1%  71.8 1805s
 22896 12980 5983.80000   95    8 5987.31000 4843.98129  19.1%  71.9 1817s
 22993 13107 5372.70017   44   97 5987.31000 4844.27663  19.1%  72.0 1828s
 23149 13233 5341.68769   31  163 5987.31000 4844.40730  19.1%  72.1 1842s
 23330 13378 5950.97000   91    6 5987.31000 4844.76711  19.1%  72.0 1855s
 23500 13494     cutoff   92      5987.31000 4845.43244  19.1%  72.0 1869s
 23616 13498 5475.68303   61   59 5987.31000 4845.69084  19.1%  72.1 1870s
 23658 13576 4968.85238   22  196 5987.31000 4845.85903  19.1%  72.1 1880s
 23748 13721 4937.45465   22  159 5987.31000 4846.03154  19.1%  72.4 1893s
 23923 13764 5829.67000  105    - 5987.31000 4846.04684  19.1%  72.3 1905s
 23974 13813     cutoff  108      5987.31000 4846.09554  19.1%  72.6 1919s
 24040 13844 5111.44333   29  157 5987.31000 4846.09554  19.1%  72.9 1941s
 24071 13874 5103.64543   32  217 5987.31000 4846.09554  19.1%  73.3 1953s
 24101 13910 5024.42775   30  270 5987.31000 4846.09554  19.1%  73.7 1968s
 24137 13929 4950.10863   31  273 5987.31000 4846.09554  19.1%  74.1 2007s
 24156 13951 5169.35542   35  278 5987.31000 4846.09554  19.1%  74.2 2019s
 24224 14002 5524.54936   40  267 5987.31000 4846.09554  19.1%  74.5 2031s
 24275 14100 5519.70868   45  131 5987.31000 4846.09554  19.1%  74.9 2065s
 24385 14206 5610.78081   47  201 5987.31000 4846.09554  19.1%  75.1 2081s
 24510 14327 5725.12847   54   57 5987.31000 4846.09554  19.1%  75.2 2097s
 24697 14428     cutoff   76      5987.31000 4846.64048  19.1%  75.1 2111s
*24839 13513              97    5896.8500000 4846.65187  17.8%  75.2 2112s
 24851 13559     cutoff   47      5896.85000 4846.77999  17.8%  75.2 2124s
 24905 13559 5867.85000   97    - 5896.85000 4846.93135  17.8%  75.3 2125s
 24928 13608 5472.16799   51  114 5896.85000 4847.01765  17.8%  75.5 2136s
*24960 13362              98    5873.8500000 4847.41681  17.5%  75.6 2136s
 25015 13420 5108.97062   22  345 5873.85000 4847.41681  17.5%  75.7 2148s
 25073 13478 5595.00005   56  138 5873.85000 4847.58206  17.5%  76.0 2160s
 25150 13622 4976.39610   22  194 5873.85000 4847.87088  17.5%  76.2 2174s
 25334 13766 5531.92392   75   12 5873.85000 4848.20676  17.5%  76.2 2187s
 25505 13870 5770.32000   79   46 5873.85000 4849.10973  17.4%  76.2 2200s
 25692 13973     cutoff   83      5873.85000 4850.55978  17.4%  76.1 2213s
 25835 14084 4988.13707   23  133 5873.85000 4851.29505  17.4%  76.1 2230s
 25956 14240 5022.79782   25  125 5873.85000 4851.48568  17.4%  76.2 2244s
 26056 14242 5363.54477   49  144 5873.85000 4851.52863  17.4%  76.2 2245s
 26144 14306 5866.15250   77   12 5873.85000 4851.56119  17.4%  76.1 2257s
 26226 14427 5357.40734   42  161 5873.85000 4852.30704  17.4%  76.3 2272s
 26379 14535     cutoff   98      5873.85000 4852.91505  17.4%  76.2 2286s
 26512 14639 5857.66000   78    - 5873.85000 4853.78015  17.4%  76.3 2302s
 26635 14713     cutoff   86      5873.85000 4854.01965  17.4%  76.4 2314s
 26654 14713 5159.90826   34   95 5873.85000 4854.01965  17.4%  76.5 2315s
 26724 14850 5298.03141   56   75 5873.85000 4854.10635  17.4%  76.6 2334s
 26913 14986 infeasible   89      5873.85000 4854.19436  17.4%  76.5 2349s
 27006 14987 5466.34540  110   12 5873.85000 4854.38950  17.4%  76.6 2350s
 27060 15101 5622.02886   56   42 5873.85000 4854.44048  17.4%  76.6 2363s
 27237 15169 4923.19462   15  303 5873.85000 4854.62011  17.4%  76.6 2381s
 27323 15270 5292.20682   30  265 5873.85000 4854.65583  17.4%  76.8 2394s
 27367 15270 5735.54776   77   10 5873.85000 4854.67649  17.4%  76.9 2395s
 27445 15350 4997.35694   33  152 5873.85000 4855.04122  17.3%  76.8 2409s
 27533 15421 5146.59427   37   77 5873.85000 4855.15409  17.3%  77.1 2423s
 27628 15527 5793.61000   96    - 5873.85000 4855.36682  17.3%  77.3 2442s
 27772 15597 5849.93398   96   21 5873.85000 4855.37546  17.3%  77.3 2479s
 27848 15736 infeasible   99      5873.85000 4855.55493  17.3%  77.6 2491s
 28017 15804 5827.01000   78    - 5873.85000 4856.01072  17.3%  77.6 2504s
 28107 15808 5813.85965   70   84 5873.85000 4856.28667  17.3%  77.7 2505s
 28123 15889 5850.12000   78   26 5873.85000 4856.81722  17.3%  77.7 2520s
 28226 16003 5872.56000   81    - 5873.85000 4856.95858  17.3%  77.8 2534s
 28397 16054     cutoff   81      5873.85000 4857.15220  17.3%  77.8 2549s
 28458 16105     cutoff   80      5873.85000 4857.57331  17.3%  77.9 2563s
 28515 16185 5224.19446   26  202 5873.85000 4857.65196  17.3%  78.2 2577s
 28610 16258 5510.95575   35  218 5873.85000 4857.65196  17.3%  78.3 2611s
 28684 16316 5722.39228   42  159 5873.85000 4858.21364  17.3%  78.5 2627s
 28775 16391 4914.83618   24  171 5873.85000 4858.32352  17.3%  78.7 2642s
 28879 16519 5281.02796   42  148 5873.85000 4858.32352  17.3%  78.8 2659s
 28932 16519 5468.48097   69   28 5873.85000 4858.32352  17.3%  78.9 2660s
 28998 16620 5520.87667   81    8 5873.85000 4858.75114  17.3%  78.9 2673s
 29135 16727     cutoff  101      5873.85000 4859.37228  17.3%  79.0 2689s
 29174 16727 5317.43150   56   49 5873.85000 4859.37228  17.3%  78.9 2691s
 29265 16783 5192.00183   30   78 5873.85000 4859.79859  17.3%  79.0 2704s
 29336 16854 5054.86753   28  204 5873.85000 4860.04959  17.3%  79.2 2719s
 29409 16914 5841.69331   72   72 5873.85000 4860.16166  17.3%  79.4 2733s
 29494 16985 5125.67780   41   79 5873.85000 4860.18591  17.3%  79.6 2747s
 29567 17061 5468.99683   58   68 5873.85000 4860.26236  17.3%  79.9 2760s
 29684 17175 4968.19463   28  159 5873.85000 4860.30754  17.3%  80.0 2775s
 29827 17285 5089.06720   25  166 5873.85000 4860.77144  17.2%  80.0 2790s
 29969 17326     cutoff   90      5873.85000 4861.00439  17.2%  80.1 2804s
 30011 17413 5290.16213   46  185 5873.85000 4861.00439  17.2%  80.4 2818s
 30109 17492 5785.45616   95   72 5873.85000 4861.33799  17.2%  80.5 2830s
 30212 17565 5041.67051   24  110 5873.85000 4861.68453  17.2%  80.6 2859s
 30285 17666 5284.75286   41  183 5873.85000 4861.73092  17.2%  80.8 2881s
 30443 17790 4955.73243   26  174 5873.85000 4861.76058  17.2%  80.9 2900s
 30592 17906 5617.78561   67   21 5873.85000 4861.82453  17.2%  80.9 2916s
 30738 17970 5300.51992   41  100 5873.85000 4862.26047  17.2%  80.9 2931s
 30813 18066 5137.11944   35   53 5873.85000 4862.44193  17.2%  81.0 2948s
 30943 18150 5790.92312   74   20 5873.85000 4862.65700  17.2%  81.0 2964s
 31043 18238 5275.59101   43  220 5873.85000 4863.25906  17.2%  81.1 2980s
 31158 18315 5505.71671   56   18 5873.85000 4863.42593  17.2%  81.2 3013s
 31260 18351 5864.37000   91    6 5873.85000 4863.64738  17.2%  81.3 3026s
 31313 18455     cutoff   92      5873.85000 4863.79587  17.2%  81.5 3043s
 31446 18537 infeasible   98      5873.85000 4863.95212  17.2%  81.6 3065s
 31535 18624 5110.12213   22  214 5873.85000 4863.95212  17.2%  81.8 3078s
 31634 18737 5751.42344   56   46 5873.85000 4864.22939  17.2%  82.0 3102s
 31782 18817 5065.99865   20  181 5873.85000 4864.53655  17.2%  82.0 3118s
 31886 18872 5216.06111   29  173 5873.85000 4864.58295  17.2%  82.2 3132s
 31939 18952 5471.64991   43  127 5873.85000 4864.84928  17.2%  82.4 3189s
 31958 18952 5751.41686   50   86 5873.85000 4864.84928  17.2%  82.4 3190s
