




arguments: ./build/bc_mirp -f ./input/orig_exec_51.cfg
Current dir: /scratch/gui/bc_mirp
File verbosity level: 9
date       time         ( uptime  ) [ thread name/id ]                   file:line     v| 
2021-02-06 20:08:53.637 (   0.313s) [main thread     ]             loguru.cpp:789   INFO| Logging to './output/vi_vc+hc1_half/OU/V2/Original/execution_06_02_2021_20_08_53.log', mode: 'a', verbosity: 9
--------------------------------------------------------------------------------
Parameters
                           instance_path           ./input/Instances/Original/2/
                            model_policy                                       1
                             nb_vehicles                                       2
                              output_dir ./output/vi_vc+hc1_half/OU/V2/Original/
                            sec_strategy                                       1
                       solver_nb_threads                                       2
                         solver_show_log                                    true
                       solver_time_limit                                    3600
                              use_vi_cos                                   false
                              use_vi_cus                                   false
                         use_vi_hc1_full                                   false
                         use_vi_hc1_half                                    true
                      use_vi_hc1_quarter                                   false
                              use_vi_hc2                                   false
                              use_vi_hc3                                   false
                         use_vi_lex_full                                   false
                         use_vi_lex_half                                   false
                      use_vi_lex_quarter                                   false
                              use_vi_qua                                   false
                               use_vi_vc                                    true
                               use_vi_vr                                   false
--------------------------------------------------------------------------------
executing instance: ./input/Instances/Original/2/absH3high_3n40.dat
--------------------------------------------------------------------------------
Instance details
n	41
H	3
C	3283
Li:
[0, 0, 0, 0, 0, 0, 0, 0, 0, 0, 0, 0, 0, 0, 0, 0, 0, 0, 0, 0, 0, 0, 0, 0, 0, 0, 0, 0, 0, 0, 0, 0, 0, 0, 0, 0, 0, 0, 0, 0, 0, ]
Ui:
[0, 63, 111, 99, 96, 111, 282, 122, 156, 261, 42, 192, 126, 42, 162, 207, 159, 122, 102, 190, 118, 102, 132, 102, 165, 252, 66, 52, 22, 114, 210, 176, 116, 294, 78, 152, 210, 45, 130, 198, 174, ]
Distance matrix:
|0	208	225	252	227	143	258	127	267	150	28	83	163	286	57	149	201	137	214	255	70	73	107	186	328	266	249	343	222	177	293	144	262	215	167	120	169	218	143	173	255	|
|208	0	397	355	416	198	216	99	211	275	193	172	97	166	240	225	362	109	277	314	182	216	273	374	298	208	319	161	14	103	93	120	58	196	152	156	372	227	260	218	453	|
|225	397	0	427	53	364	482	343	492	129	253	225	382	386	171	188	39	291	187	195	295	182	282	55	326	491	180	551	408	315	457	366	455	275	392	244	221	439	341	214	101	|
|252	355	427	0	401	158	201	263	219	396	234	328	259	498	299	400	420	354	465	506	205	324	152	374	574	219	499	393	366	389	446	235	378	456	205	359	224	150	111	423	400	|
|227	416	53	401	0	357	477	352	489	165	253	245	389	424	179	223	85	315	234	245	293	200	264	42	375	488	231	565	428	344	484	370	474	314	392	270	184	430	325	252	50	|
|143	198	364	158	357	0	121	105	134	290	116	196	103	342	200	276	343	205	343	385	74	210	112	319	432	133	382	265	209	237	290	78	226	313	57	220	232	75	69	292	375	|
|258	216	482	201	477	121	0	168	18	397	230	293	135	381	314	372	459	275	437	480	188	317	228	439	501	18	479	197	222	296	290	132	212	386	95	306	347	58	173	381	496	|
|127	99	343	263	352	105	168	0	171	239	105	130	40	237	173	206	313	109	270	312	84	164	175	310	337	169	313	216	112	135	192	37	142	220	77	138	280	155	162	213	382	|
|267	211	492	219	489	134	18	171	0	404	240	298	136	376	323	376	468	276	441	483	198	324	243	450	500	2	483	181	215	294	281	136	202	386	102	309	363	75	189	384	509	|
|150	275	129	396	165	290	397	239	404	0	175	110	279	259	97	59	91	166	84	116	217	80	245	130	226	402	106	434	286	187	329	269	333	149	302	119	244	364	291	87	213	|
|28	193	253	234	253	116	230	105	240	175	0	94	139	286	84	167	229	136	234	275	43	96	98	212	341	238	271	320	206	175	281	118	244	225	140	128	180	191	124	189	280	|
|83	172	225	328	245	196	293	130	298	110	94	0	169	209	77	80	191	71	147	189	127	45	189	203	247	296	187	327	184	106	241	162	230	132	198	38	242	266	217	96	285	|
|163	97	382	259	389	103	135	40	136	279	139	169	0	253	212	244	353	141	307	349	110	203	194	347	366	133	350	183	107	161	187	27	124	251	56	175	306	133	169	249	418	|
|286	166	386	498	424	342	381	237	376	259	286	209	253	0	284	201	347	151	210	230	299	247	383	387	155	374	242	290	162	112	129	270	192	113	308	172	451	386	391	172	471	|
|57	240	171	299	179	200	314	173	323	97	84	77	212	284	0	112	145	147	170	208	127	38	148	137	299	321	201	386	253	183	315	195	297	195	222	112	171	275	195	142	214	|
|149	225	188	400	223	276	372	206	376	59	167	80	244	201	112	0	149	117	67	110	205	78	254	186	187	374	108	387	235	132	272	240	283	93	277	71	279	346	291	32	270	|
|201	362	39	420	85	343	459	313	468	91	229	191	353	347	145	149	0	254	149	160	272	150	271	66	290	466	146	518	373	278	419	339	420	235	367	207	227	418	327	175	135	|
|137	109	291	354	315	205	275	109	276	166	136	71	141	151	147	117	254	0	172	212	151	116	232	273	229	274	215	270	119	39	170	145	167	111	186	47	305	263	245	113	356	|
|214	277	187	465	234	343	437	270	441	84	234	147	307	210	170	67	149	172	0	42	272	141	317	205	144	439	43	437	284	175	307	305	331	99	343	132	327	413	357	60	283	|
|255	314	195	506	245	385	480	312	483	116	275	189	349	230	208	110	160	212	42	0	314	182	356	222	132	481	15	474	321	212	337	347	367	126	385	174	358	455	398	100	295	|
|70	182	295	205	293	74	188	84	198	217	43	127	110	299	127	205	272	151	272	314	0	137	91	253	370	196	310	292	195	188	274	85	226	252	99	155	197	148	94	223	316	|
|73	216	182	324	200	210	317	164	324	80	96	45	203	247	38	78	150	116	141	182	137	0	176	158	263	323	176	369	229	150	286	191	274	157	223	77	208	284	216	106	239	|
|107	273	282	152	264	112	228	175	243	245	98	189	194	383	148	254	271	232	317	356	91	176	0	231	435	242	349	371	286	271	365	167	315	321	164	224	120	174	61	280	274	|
|186	374	55	374	42	319	439	310	450	130	212	203	347	387	137	186	66	273	205	222	253	158	231	0	348	448	208	523	386	303	442	329	431	279	352	229	167	392	291	217	85	|
|328	298	326	574	375	432	501	337	500	226	341	247	366	155	299	187	290	229	144	132	370	263	435	348	0	498	147	441	299	206	283	374	338	119	414	215	465	492	463	157	425	|
|266	208	491	219	488	133	18	169	2	402	238	296	133	374	321	374	466	274	439	481	196	323	242	448	498	0	481	180	213	292	278	134	200	384	100	307	362	75	188	381	508	|
|249	319	180	499	231	382	479	313	483	106	271	187	350	242	201	108	146	215	43	15	310	176	349	208	147	481	0	480	326	217	346	347	373	135	385	175	347	454	392	103	280	|
|343	161	551	393	565	265	197	216	181	434	320	327	183	290	386	387	518	270	437	474	292	369	371	523	441	180	480	0	153	263	163	207	107	352	208	317	487	244	334	379	598	|
|222	14	408	366	428	209	222	112	215	286	206	184	107	162	253	235	373	119	284	321	195	229	286	386	299	213	326	153	0	109	81	132	48	201	162	167	386	236	272	226	466	|
|177	103	315	389	344	237	296	135	294	187	175	106	161	112	183	132	278	39	175	212	188	150	271	303	206	292	217	263	109	0	142	171	156	95	211	74	344	289	281	118	386	|
|293	93	457	446	484	290	290	192	281	329	281	241	187	129	315	272	419	170	307	337	274	286	365	442	283	278	346	163	81	142	0	212	79	211	241	214	461	311	353	254	525	|
|144	120	366	235	370	78	132	37	136	269	118	162	27	270	195	240	339	145	305	347	85	191	167	329	374	134	347	207	132	171	212	0	151	257	40	174	280	119	142	248	398	|
|262	58	455	378	474	226	212	142	202	333	244	230	124	192	297	283	420	167	331	367	226	274	315	431	338	200	373	107	48	156	79	151	0	245	173	214	421	237	293	273	510	|
|215	196	275	456	314	313	386	220	386	149	225	132	251	113	195	93	235	111	99	126	252	157	321	279	119	384	135	352	201	95	211	257	245	0	297	97	365	374	345	62	362	|
|167	152	392	205	392	57	95	77	102	302	140	198	56	308	222	277	367	186	343	385	99	223	164	352	414	100	385	208	162	211	241	40	173	297	0	213	283	79	126	287	415	|
|120	156	244	359	270	220	306	138	309	119	128	38	175	172	112	71	207	47	132	174	155	77	224	229	215	307	175	317	167	74	214	174	214	97	213	0	280	286	248	75	313	|
|169	372	221	224	184	232	347	280	363	244	180	242	306	451	171	279	227	305	327	358	197	208	120	167	465	362	347	487	386	344	461	280	421	365	283	280	0	291	175	310	176	|
|218	227	439	150	430	75	58	155	75	364	191	266	133	386	275	346	418	263	413	455	148	284	174	392	492	75	454	244	236	289	311	119	237	374	79	286	291	0	116	359	445	|
|143	260	341	111	325	69	173	162	189	291	124	217	169	391	195	291	327	245	357	398	94	216	61	291	463	188	392	334	272	281	353	142	293	345	126	248	175	116	0	313	335	|
|173	218	214	423	252	292	381	213	384	87	189	96	249	172	142	32	175	113	60	100	223	106	280	217	157	381	103	379	226	118	254	248	273	62	287	75	310	359	313	0	300	|
|255	453	101	400	50	375	496	382	509	213	280	285	418	471	214	270	135	356	283	295	316	239	274	85	425	508	280	598	466	386	525	398	510	362	415	313	176	445	335	300	0	|

--------------------------------------------------------------------------------
Building model...
	using lazy and cut (CVRPSEP package)
Solving IRP LP...
--------------------------------------------------------------------------------

Gurobi 9.1.0 (linux64) logging started Sat Feb  6 20:08:54 2021

Gurobi Optimizer version 9.1.0 build v9.1.0rc0 (linux64)
Thread count: 32 physical cores, 32 logical processors, using up to 2 threads
Optimize a model with 1079 rows, 5570 columns and 13598 nonzeros
Model fingerprint: 0x5a332a7b
Variable types: 404 continuous, 5166 integer (246 binary)
Coefficient statistics:
  Matrix range     [1e+00, 2e+03]
  Objective range  [1e-01, 6e+02]
  Bounds range     [1e+00, 3e+02]
  RHS range        [1e+00, 6e+03]
Presolve removed 336 rows and 288 columns
Presolve time: 0.11s
Presolved: 743 rows, 5282 columns, 12411 nonzeros
Variable types: 239 continuous, 5043 integer (4806 binary)

Root relaxation: objective 1.221742e+04, 642 iterations, 0.02 seconds

    Nodes    |    Current Node    |     Objective Bounds      |     Work
 Expl Unexpl |  Obj  Depth IntInf | Incumbent    BestBd   Gap | It/Node Time

     0     0 12217.4220    0   97          - 12217.4220      -     -    0s
     0     0 12710.5831    0  103          - 12710.5831      -     -    0s
     0     0 12710.5831    0   98          - 12710.5831      -     -    0s
     0     0 13382.0606    0  161          - 13382.0606      -     -    0s
     0     0 13484.1811    0  152          - 13484.1811      -     -    0s
     0     0 13489.1388    0  205          - 13489.1388      -     -    0s
     0     0 13491.9035    0  186          - 13491.9035      -     -    0s
     0     0 13491.9035    0  186          - 13491.9035      -     -    0s
     0     0 13592.7868    0  236          - 13592.7868      -     -    0s
     0     0 13636.9466    0  261          - 13636.9466      -     -    0s
     0     0 13640.7766    0  270          - 13640.7766      -     -    0s
     0     0 13653.9390    0  295          - 13653.9390      -     -    1s
     0     0 13669.4133    0  291          - 13669.4133      -     -    1s
     0     0 13671.6429    0  293          - 13671.6429      -     -    1s
     0     0 13672.1650    0  301          - 13672.1650      -     -    1s
     0     0 13712.2726    0  313          - 13712.2726      -     -    1s
     0     0 13716.9527    0  302          - 13716.9527      -     -    1s
     0     0 13718.2925    0  338          - 13718.2925      -     -    1s
     0     0 13722.4050    0  296          - 13722.4050      -     -    1s
     0     0 13722.4050    0  287          - 13722.4050      -     -    1s
     0     2 13722.4050    0  287          - 13722.4050      -     -    2s
   119   132 14310.3298   31  159          - 13738.9975      -   149    5s
   595   580 17222.6450  169   12          - 13747.5410      -  56.7   10s
*  603   580             175    17425.700000 13747.5410  21.1%  56.0   10s
   730   683 15796.1700  127  287 17425.7000 13759.0190  21.0%  65.3   15s
H  731   649                    16844.240000 13759.0190  18.3%  65.3   16s
   748   660 14107.8611   35  390 16844.2400 13838.3057  17.8%  63.8   20s
H  748   627                    16837.080000 13846.7185  17.8%  63.8   20s
   766   639 13976.4337   17  397 16837.0800 13854.3674  17.7%  62.3   25s
   788   658 13935.6521   22  311 16837.0800 13867.8796  17.6%  75.2   30s
H  819   646                    16581.290000 13867.8796  16.4%  84.7   33s
   844   664 14191.4875   34  269 16581.2900 13867.8796  16.4%  89.5   35s
H  874   655                    16569.290000 13867.8796  16.3%  91.9   36s
   925   695 14341.3168   55   70 16569.2900 13867.8796  16.3%  97.8   40s
H  969   689                    14757.060000 13867.8796  6.03%  98.7   41s
H  995   623                    14559.060000 13867.8796  4.75%   100   44s
H 1000   587                    14513.550000 13867.8796  4.45%   100   44s
  1014   584 13947.6010   22  370 14513.5500 13894.0878  4.27%   101   45s
  1076   623 14176.0441   39  220 14513.5500 13894.0878  4.27%   112   50s
  1171   684 14318.1659   60  239 14513.5500 13894.0878  4.27%   120   55s
  1264   723 14294.0983   26  316 14513.5500 13915.6140  4.12%   124   60s
  1358   727 14428.0539   26  145 14513.5500 13936.1591  3.98%   126   65s
  1450   803 14351.7414   37   73 14513.5500 13946.8155  3.90%   127   70s
  1586   824 14241.4894   31  197 14513.5500 13954.1050  3.85%   128   75s
  1670   846 14272.9991   31  231 14513.5500 13959.6098  3.82%   129   80s
  1764   908 14342.1111   39  233 14513.5500 13968.5027  3.76%   130   86s
* 1805   859              73    14492.770000 13968.5087  3.62%   129   86s
  1835   883 14294.3174   27  245 14492.7700 13968.5087  3.62%   131   90s
H 1861   755                    14416.770000 13968.5087  3.11%   132   92s
  1947   770 14271.9266   33  268 14416.7700 13968.9281  3.11%   132   97s
  1970   775 14025.7431   23  384 14416.7700 13969.2773  3.10%   134  104s
  1982   786 14088.2593   25  360 14416.7700 13969.2773  3.10%   135  107s
  2068   782 14350.2590   35  260 14416.7700 13976.7869  3.05%   136  112s
H 2072   773                    14415.770000 13976.7869  3.05%   137  112s
  2149   839 14255.8723   26  291 14415.7700 13990.0340  2.95%   139  117s
  2207   880 14181.5705   29  215 14415.7700 13997.2638  2.90%   139  120s
  2319   975 14165.5877   31  303 14415.7700 13999.4225  2.89%   140  127s
  2399   989 14267.7911   22  279 14415.7700 14001.7808  2.87%   139  130s
  2475  1021 14307.3129   34  238 14415.7700 14009.1494  2.82%   142  136s
  2526  1052 14105.4519   30  314 14415.7700 14010.9326  2.81%   144  140s
H 2624   988                    14390.210000 14020.7205  2.57%   146  144s
  2625   997 14172.0734   31  326 14390.2100 14021.5087  2.56%   146  147s
  2663  1045 14111.8083   28  321 14390.2100 14031.3756  2.49%   147  151s
  2731  1113 14226.0951   33  254 14390.2100 14031.8736  2.49%   148  155s
  2836  1130 14303.1623   33  281 14390.2100 14036.2313  2.46%   148  160s
  3003  1175 14213.6192   27  296 14390.2100 14045.6356  2.39%   148  168s
  3063  1212 14186.9836   34  302 14390.2100 14051.0008  2.36%   150  173s
  3134  1241 14372.3429   48  127 14390.2100 14053.2123  2.34%   151  177s
  3204  1264 14367.7884   31  226 14390.2100 14056.3448  2.32%   152  182s
  3281  1302 14155.5856   27  331 14390.2100 14061.1061  2.29%   154  188s
  3347  1383 14280.5035   41  322 14390.2100 14061.4345  2.28%   155  193s
  3474  1418 14383.5571   41  217 14390.2100 14071.2876  2.22%   154  198s
  3555  1455 14300.0892   32  271 14390.2100 14076.1856  2.18%   156  204s
  3649  1520 14307.4344   37  299 14390.2100 14082.8232  2.14%   157  209s
  3708  1520 14343.2354   37   55 14390.2100 14082.8232  2.14%   157  210s
  3802  1555 14243.6052   35  295 14390.2100 14084.9259  2.12%   157  218s
  3920  1609 14221.8102   40  313 14390.2100 14086.8657  2.11%   158  224s
  3981  1609     cutoff   43      14390.2100 14089.4802  2.09%   158  225s
  4024  1676 14359.7550   44   34 14390.2100 14091.9664  2.07%   158  231s
  4163  1736 14351.1248   27  254 14390.2100 14092.7593  2.07%   159  238s
  4299  1772 14294.9609   33  185 14390.2100 14099.0490  2.02%   159  245s
  4423  1814 14311.4453   26  214 14390.2100 14103.4374  1.99%   160  256s
  4559  1872 14364.5190   31  211 14390.2100 14105.0417  1.98%   161  264s
  4717  1971 14177.3430   28  134 14390.2100 14108.5977  1.96%   162  272s
  4893  2043 14367.0712   43  182 14390.2100 14114.0148  1.92%   162  281s
  5063  2160 14378.3246   43  198 14390.2100 14116.7593  1.90%   163  290s
  5177  2160 14256.6703   33  276 14390.2100 14119.8979  1.88%   162  297s
  5294  2225 14273.5690   33  230 14390.2100 14120.8348  1.87%   162  306s
  5459  2317 14280.1056   33  343 14390.2100 14123.2198  1.86%   162  316s
  5661  2447 14273.4713   41  134 14390.2100 14125.8730  1.84%   162  326s
H 5905  2448                    14369.310000 14127.7282  1.68%   161  338s
  6118  2580     cutoff   36      14369.3100 14131.4090  1.66%   160  348s
  6384  2652     cutoff   45      14369.3100 14135.0515  1.63%   159  359s
  6597  2698 14282.8046   26  260 14369.3100 14138.5510  1.61%   160  369s
  6781  2766 14316.0249   38  266 14369.3100 14140.8661  1.59%   161  378s
  6957  2852     cutoff   29      14369.3100 14142.9753  1.58%   161  389s
  7160  2939     cutoff   46      14369.3100 14143.4936  1.57%   161  400s
  7402  3026 14193.7525   38  196 14369.3100 14147.1720  1.55%   161  412s
  7666  3157 14263.8813   29  341 14369.3100 14149.2401  1.53%   160  424s
  7740  3157 14310.1731   55   95 14369.3100 14149.2401  1.53%   160  425s
  7936  3266     cutoff   34      14369.3100 14151.0321  1.52%   160  436s
  8193  3361 14273.9504   28  121 14369.3100 14154.0110  1.50%   159  447s
  8459  3463     cutoff   53      14369.3100 14157.2213  1.48%   158  458s
  8708  3538 14305.7908   62   64 14369.3100 14160.3449  1.45%   158  469s
  8831  3538 14349.4938   47   93 14369.3100 14160.3449  1.45%   158  470s
  8987  3594 14259.9756   26  164 14369.3100 14163.5047  1.43%   157  481s
  9178  3704 14201.5761   29  109 14369.3100 14165.4747  1.42%   158  504s
  9308  3704 14327.7292   30  156 14369.3100 14165.4747  1.42%   156  505s
  9468  3835     cutoff   44      14369.3100 14166.6016  1.41%   157  515s
  9769  3940 14313.3070   39  186 14369.3100 14168.6591  1.40%   156  528s
  9990  4111 14243.0720   25  184 14369.3100 14170.0962  1.39%   155  540s
 10140  4111 14324.6713   41  124 14369.3100 14170.0962  1.39%   155  545s
 10373  4254     cutoff   44      14369.3100 14171.8534  1.37%   153  555s
 10658  4360 14292.5970   44  182 14369.3100 14174.2456  1.36%   152  566s
 10926  4458     cutoff   51      14369.3100 14176.3257  1.34%   152  576s
 11193  4576     cutoff   37      14369.3100 14177.7495  1.33%   152  586s
 11500  4647 14248.2357   28  297 14369.3100 14179.8206  1.32%   151  597s
 11717  4788 14223.9802   30  257 14369.3100 14180.9433  1.31%   151  608s
 11987  4852 infeasible   32      14369.3100 14181.8532  1.30%   150  618s
 12242  4924 14313.8443   28  320 14369.3100 14183.5669  1.29%   150  629s
 12479  4999 14341.0786   38   89 14369.3100 14184.8973  1.28%   150  639s
 12731  5068 14361.7706   37  257 14369.3100 14186.1656  1.27%   150  650s
 12960  5154 14288.5602   36  236 14369.3100 14186.7867  1.27%   150  661s
 13228  5242     cutoff   45      14369.3100 14187.2611  1.27%   150  672s
 13551  5345     cutoff   47      14369.3100 14188.3965  1.26%   149  686s
 13843  5401     cutoff   47      14369.3100 14189.7013  1.25%   148  696s
 14070  5580 14276.0286   39  289 14369.3100 14190.6187  1.24%   148  707s
 14425  5628     cutoff   26      14369.3100 14191.8382  1.24%   147  717s
 14636  5735 14340.9320   46  144 14369.3100 14192.7746  1.23%   147  727s
 14897  5803 14311.5703   31  264 14369.3100 14194.1060  1.22%   147  738s
 15126  5892     cutoff   56      14369.3100 14195.2505  1.21%   147  748s
 15375  5920 14342.1279   36  108 14369.3100 14197.4181  1.20%   146  758s
 15560  5985 14257.2887   28  197 14369.3100 14198.2463  1.19%   147  767s
 15792  6040 14287.9648   24  181 14369.3100 14199.3548  1.18%   147  776s
 16035  6119 14369.2669   40  146 14369.3100 14201.2796  1.17%   146  785s
 16267  6215 14242.2488   31  162 14369.3100 14202.4998  1.16%   146  796s
 16522  6337     cutoff   37      14369.3100 14203.3983  1.15%   146  806s
 16821  6363     cutoff   34      14369.3100 14204.0851  1.15%   146  816s
 17028  6443 14312.7308   31  225 14369.3100 14205.2531  1.14%   146  826s
 17292  6505     cutoff   50      14369.3100 14206.0515  1.14%   146  836s
 17397  6506 14357.4770   43   41 14369.3100 14206.0515  1.14%   146  840s
 17564  6550 14324.7138   32  101 14369.3100 14206.9941  1.13%   146  849s
 17712  6551 14339.0289   64    9 14369.3100 14207.9900  1.12%   146  850s
 17794  6605     cutoff   34      14369.3100 14208.0352  1.12%   146  858s
 18038  6710 14286.9125   43  137 14369.3100 14209.3929  1.11%   145  868s
 18297  6779 14316.6732   51   27 14369.3100 14210.1105  1.11%   145  878s
 18556  6819 14306.2334   48   51 14369.3100 14211.1889  1.10%   145  893s
 18635  6845 14356.8889   26  274 14369.3100 14211.4046  1.10%   145  941s
 18784  6887     cutoff   30      14369.3100 14212.1016  1.09%   145  951s
 18978  6975 14335.7592   40  170 14369.3100 14213.0411  1.09%   145  960s
 19260  7068 14301.9507   31  251 14369.3100 14214.0914  1.08%   145  971s
 19560  7125 14317.3203   35  226 14369.3100 14214.8352  1.08%   145  981s
 19787  7191 14338.6805   34  173 14369.3100 14216.0129  1.07%   145  991s
 20036  7274 infeasible   35      14369.3100 14216.7525  1.06%   145 1001s
 20329  7350 14282.7397   41   17 14369.3100 14217.6738  1.06%   144 1011s
 20581  7410 14298.3215   25  339 14369.3100 14218.9639  1.05%   144 1021s
 20826  7456 14331.1455   44  180 14369.3100 14219.5966  1.04%   144 1030s
 21052  7523 14313.4427   30  283 14369.3100 14220.4054  1.04%   144 1040s
 21337  7590 14345.1935   40  104 14369.3100 14221.4859  1.03%   144 1052s
 21600  7650 14271.5965   32  293 14369.3100 14222.4158  1.02%   144 1062s
 21824  7722 14360.6347   34  288 14369.3100 14223.0570  1.02%   144 1071s
 22080  7817 14273.5427   36  299 14369.3100 14223.9814  1.01%   144 1081s
 22403  7884     cutoff   53      14369.3100 14225.2229  1.00%   143 1093s
 22665  7915     cutoff   47      14369.3100 14225.9830  1.00%   143 1103s
 22880  8004     cutoff   47      14369.3100 14227.0964  0.99%   143 1113s
 23186  8108     cutoff   38      14369.3100 14227.8286  0.98%   143 1124s
 23494  8201 14353.1682   37  147 14369.3100 14228.8629  0.98%   142 1134s
 23763  8255     cutoff   47      14369.3100 14229.8796  0.97%   142 1145s
 23971  8312 14368.5700   46    6 14369.3100 14230.7845  0.96%   142 1156s
 24214  8363 14330.3477   33  219 14369.3100 14231.1916  0.96%   142 1167s
 24494  8397 14353.5386   41   45 14369.3100 14231.9018  0.96%   142 1177s
 24706  8450 14337.7349   41  103 14369.3100 14232.3280  0.95%   142 1187s
 24913  8510 14328.1826   35   89 14369.3100 14233.1848  0.95%   142 1198s
 25192  8532 14270.1784   43  172 14369.3100 14233.8718  0.94%   142 1210s
 25426  8604 14340.0860   38  176 14369.3100 14234.3775  0.94%   142 1220s
 25710  8638 14324.3975   28  293 14369.3100 14235.3309  0.93%   142 1229s
 25777  8639 14326.1471   51   64 14369.3100 14235.3309  0.93%   142 1230s
 25941  8687 14367.3559   45   11 14369.3100 14236.5354  0.92%   142 1240s
 26164  8727 14347.1106   36  171 14369.3100 14237.1380  0.92%   142 1250s
 26352  8771 14298.6153   38  173 14369.3100 14237.8017  0.92%   142 1260s
 26568  8811     cutoff   38      14369.3100 14238.4332  0.91%   142 1270s
 26791  8866 14267.7655   42  189 14369.3100 14239.1956  0.91%   142 1281s
 27058  8957 14264.5336   41   86 14369.3100 14240.1525  0.90%   142 1292s
 27354  8988     cutoff   46      14369.3100 14240.8445  0.89%   142 1303s
 27654  9029     cutoff   42      14369.3100 14241.6379  0.89%   142 1313s
 27893  9061     cutoff   42      14369.3100 14242.2407  0.88%   142 1323s
 28128  9095     cutoff   39      14369.3100 14243.1326  0.88%   142 1334s
 28318  9095 14258.5100   44   58 14369.3100 14243.5239  0.88%   142 1335s
 28361  9134     cutoff   37      14369.3100 14243.6095  0.87%   142 1344s
 28584  9208     cutoff   30      14369.3100 14244.1063  0.87%   142 1355s
*28773  9185              46    14367.550000 14244.9367  0.85%   142 1356s
 28877  9229     cutoff   38      14367.5500 14245.0222  0.85%   142 1367s
 29144  9250 14355.0850   48   40 14367.5500 14245.5470  0.85%   141 1378s
 29373  9297     cutoff   38      14367.5500 14246.1470  0.84%   141 1389s
 29456  9297 14364.4722   29  150 14367.5500 14246.1470  0.84%   141 1390s
 29627  9336 14351.7091   55  113 14367.5500 14246.6634  0.84%   141 1400s
 29836  9372     cutoff   44      14367.5500 14247.3211  0.84%   141 1411s
 30048  9428 14355.6325   39   40 14367.5500 14247.9464  0.83%   141 1422s
 30323  9465 14327.2543   35  251 14367.5500 14248.4603  0.83%   141 1433s
 30595  9487     cutoff   55      14367.5500 14249.1668  0.82%   141 1444s
 30725  9487 14299.2794   42   97 14367.5500 14249.1668  0.82%   141 1445s
 30853  9551 14331.5056   36  140 14367.5500 14249.8124  0.82%   141 1456s
 31146  9564     cutoff   33      14367.5500 14250.3051  0.82%   141 1467s
 31341  9591 14295.5813   56  229 14367.5500 14250.9645  0.81%   141 1480s
 31574  9628     cutoff   35      14367.5500 14251.6312  0.81%   141 1491s
 31785  9658     cutoff   39      14367.5500 14251.9947  0.80%   141 1502s
 32025  9696     cutoff   35      14367.5500 14252.7029  0.80%   141 1513s
 32299  9739 14288.9603   31  271 14367.5500 14253.2370  0.80%   141 1525s
 32579  9779 14363.2444   50   70 14367.5500 14253.9809  0.79%   141 1536s
 32829  9806 14357.6373   40    8 14367.5500 14254.4826  0.79%   141 1547s
 33077  9839     cutoff   38      14367.5500 14255.3140  0.78%   141 1559s
 33305  9856 14286.4564   32  291 14367.5500 14255.7230  0.78%   141 1571s
 33530  9909 14363.8000   46    - 14367.5500 14256.3437  0.77%   141 1583s
 33836  9965 14359.7800   46    - 14367.5500 14256.9979  0.77%   140 1594s
 34134  9989 14346.7700   63    - 14367.5500 14257.5601  0.77%   140 1606s
 34386 10021     cutoff   63      14367.5500 14258.3461  0.76%   140 1618s
 34654 10064 14276.2249   33  193 14367.5500 14258.8743  0.76%   140 1630s
 34965 10068 14326.6401   33  235 14367.5500 14259.6189  0.75%   140 1641s
 35239 10088 14339.0329   45  151 14367.5500 14260.3236  0.75%   140 1653s
 35493 10155 14322.3051   58  138 14367.5500 14260.9633  0.74%   140 1665s
 35843 10215 14356.1340   41   85 14367.5500 14261.4259  0.74%   139 1677s
*35856  9970              48    14357.860000 14261.4259  0.67%   139 1677s
 36167  9988     cutoff   38      14357.8600 14261.9078  0.67%   139 1690s
 36422  9979     cutoff   33      14357.8600 14262.5722  0.66%   139 1702s
 36633  9953     cutoff   39      14357.8600 14263.0930  0.66%   139 1714s
 36743  9953 14340.1167   27  168 14357.8600 14263.8852  0.65%   139 1715s
 36870  9987 14296.9778   28  239 14357.8600 14263.9148  0.65%   139 1730s
 37244  9999     cutoff   35      14357.8600 14264.7508  0.65%   139 1742s
 37517 10002 14339.9732   43  230 14357.8600 14265.3211  0.64%   139 1755s
 37769 10005 14340.2048   37   77 14357.8600 14265.9456  0.64%   139 1767s
 38008  9979     cutoff   49      14357.8600 14266.6833  0.64%   139 1779s
 38126  9979 14326.6007   56   25 14357.8600 14266.6833  0.64%   139 1780s
 38250  9980     cutoff   37      14357.8600 14267.4021  0.63%   139 1793s
 38573  9965     cutoff   35      14357.8600 14268.2654  0.62%   139 1805s
 38830  9953     cutoff   49      14357.8600 14269.2602  0.62%   139 1819s
 38966  9953 14345.6274   58   47 14357.8600 14269.2602  0.62%   139 1820s
 39126  9970 14324.5940   33  215 14357.8600 14270.1060  0.61%   139 1835s
 39405  9969 14323.9273   56  145 14357.8600 14270.5743  0.61%   139 1848s
 39661  9991 14304.5963   39  190 14357.8600 14271.0309  0.60%   139 1862s
 39850  9991 14320.7184   41  111 14357.8600 14271.8147  0.60%   138 1865s
 39992  9997 14306.4727   40   13 14357.8600 14271.8207  0.60%   139 1877s
 40274  9993     cutoff   49      14357.8600 14272.2821  0.60%   138 1890s
 40547  9976     cutoff   35      14357.8600 14272.9839  0.59%   138 1902s
 40813  9974 14331.1424   33  123 14357.8600 14273.5407  0.59%   138 1916s
 41059  9999     cutoff   31      14357.8600 14274.1323  0.58%   138 1932s
 41442 10012 14336.7367   45   86 14357.8600 14274.9039  0.58%   138 1945s
 41761 10029     cutoff   55      14357.8600 14275.6238  0.57%   138 1958s
 42037 10017 14341.6581   25  174 14357.8600 14276.1803  0.57%   138 1972s
 42301 10022 14294.2229   40  213 14357.8600 14276.7866  0.56%   138 1985s
 42647  9989 14309.8961   42  115 14357.8600 14277.5011  0.56%   138 1997s
 42918  9958 14336.6929   36   78 14357.8600 14278.0713  0.56%   137 2010s
 43204  9914 14347.8859   41   43 14357.8600 14278.9007  0.55%   137 2024s
 43443  9916 14307.3442   43  108 14357.8600 14279.5512  0.55%   137 2025s
 43499  9856 14357.6600   49    - 14357.8600 14279.5776  0.55%   137 2037s
 43781  9829     cutoff   49      14357.8600 14280.4874  0.54%   137 2051s
 44108  9789 14316.2984   36  200 14357.8600 14281.1718  0.53%   137 2064s
 44231  9789 14316.7663   40  127 14357.8600 14281.1718  0.53%   137 2065s
 44380  9783 14339.5271   35  245 14357.8600 14281.6059  0.53%   137 2078s
 44689  9755 14340.8499   40  175 14357.8600 14282.3815  0.53%   137 2091s
 44966  9770 14320.6551   44   64 14357.8600 14283.0212  0.52%   137 2104s
 45147  9770 14318.8906   47   33 14357.8600 14283.4587  0.52%   137 2105s
 45284  9750     cutoff   53      14357.8600 14283.4780  0.52%   137 2120s
 45605  9698 14342.6300   49   10 14357.8600 14284.2314  0.51%   137 2135s
 45923  9684     cutoff   50      14357.8600 14284.8472  0.51%   137 2149s
 46251  9658 14337.5348   56   45 14357.8600 14285.5571  0.50%   137 2162s
*46379  9395              42    14352.730000 14285.5571  0.47%   137 2162s
 46581  9359 14289.0200   46  116 14352.7300 14286.3798  0.46%   137 2176s
 46852  9308     cutoff   40      14352.7300 14287.0731  0.46%   136 2188s
 47129  9239 14347.9978   34  130 14352.7300 14287.8196  0.45%   136 2202s
 47395  9228     cutoff   46      14352.7300 14288.5141  0.45%   136 2215s
 47723  9163     cutoff   40      14352.7300 14289.2767  0.44%   136 2229s
 48042  9097     cutoff   38      14352.7300 14290.2085  0.44%   136 2243s
 48382  9004     cutoff   36      14352.7300 14291.2415  0.43%   136 2256s
 48689  8942     cutoff   31      14352.7300 14292.0897  0.42%   136 2272s
 49024  8861     cutoff   52      14352.7300 14292.7106  0.42%   136 2286s
 49368  8772     cutoff   44      14352.7300 14293.6149  0.41%   136 2300s
 49675  8707     cutoff   52      14352.7300 14294.3563  0.41%   135 2314s
 50010  8634     cutoff   34      14352.7300 14295.0070  0.40%   135 2400s
 50263  8539 14348.9925   50  117 14352.7300 14295.7291  0.40%   135 2415s
 50643  8430 14330.2004   44  184 14352.7300 14296.6533  0.39%   135 2430s
 50965  8355     cutoff   54      14352.7300 14297.4289  0.39%   135 2446s
 51250  8259 infeasible   57      14352.7300 14298.0259  0.38%   135 2461s
 51554  8118     cutoff   36      14352.7300 14298.9968  0.37%   135 2478s
 51707  8118     cutoff   51      14352.7300 14299.9125  0.37%   135 2481s
 51882  7958     cutoff   42      14352.7300 14299.9161  0.37%   134 2496s
 52271  7797     cutoff   46      14352.7300 14300.8981  0.36%   134 2513s
*52601  6948              44    14342.770000 14301.9664  0.28%   134 2513s
 52684  6752     cutoff   51      14342.7700 14301.9751  0.28%   134 2527s
H52686  5559                    14334.450000 14301.9751  0.23%   134 2527s
 53018  5347     cutoff   50      14334.4500 14303.1829  0.22%   134 2537s
*53059  5007              41    14332.490000 14303.1829  0.20%   134 2537s
*53314  4791              42    14331.170000 14304.3828  0.19%   134 2537s
 53334  4558 14311.4406   43   35 14331.1700 14304.3832  0.19%   133 2546s
 53649  4302     cutoff   40      14331.1700 14305.7227  0.18%   133 2555s
 53951  4020     cutoff   32      14331.1700 14307.2699  0.17%   133 2568s
 54285  3710     cutoff   42      14331.1700 14308.8304  0.16%   133 2579s
 54645  3369     cutoff   39      14331.1700 14310.6306  0.14%   132 2590s
 55042  2994     cutoff   39      14331.1700 14312.3430  0.13%   132 2600s
 55460  2582     cutoff   44      14331.1700 14314.5277  0.12%   131 2610s
 55921  2129     cutoff   34      14331.1700 14316.8984  0.10%   130 2619s
 56408  1631     cutoff   49      14331.1700 14319.4865  0.08%   130 2628s
 56942  1083     cutoff   39      14331.1700 14322.0071  0.06%   129 2636s
 57493   480     cutoff   53      14331.1700 14324.9778  0.04%   128 2643s
 58098     0     cutoff   52      14331.1700 14328.1955  0.02%   127 2647s

Cutting planes:
  User: 1858
  Gomory: 30
  Cover: 280
  Implied bound: 57
  Clique: 28
  MIR: 87
  Flow cover: 256
  GUB cover: 1
  Zero half: 35
  RLT: 214
  Relax-and-lift: 5
  Lazy constraints: 2728

Explored 58581 nodes (7369161 simplex iterations) in 2648.00 seconds
Thread count was 2 (of 32 available processors)

Solution count 10: 14331.2 14332.5 14334.4 ... 14415.8

Optimal solution found (tolerance 1.00e-04)
Best objective 1.433117000000e+04, best bound 1.433117000000e+04, gap 0.0000%

User-callback calls 294735, time in user-callback 209.32 sec
================================================================================
executing instance: ./input/Instances/Original/2/absH3high_4n10.dat
--------------------------------------------------------------------------------
Instance details
n	11
H	3
C	822
Li:
[0, 0, 0, 0, 0, 0, 0, 0, 0, 0, 0, ]
Ui:
[0, 102, 52, 88, 182, 153, 138, 38, 165, 297, 86, ]
Distance matrix:
|0	285	411	382	327	239	148	256	307	36	383	|
|285	0	352	98	249	103	227	235	120	268	209	|
|411	352	0	395	106	430	263	549	234	429	174	|
|382	98	395	0	302	173	320	288	168	364	227	|
|327	249	106	302	0	324	179	444	135	339	109	|
|239	103	430	173	324	0	241	132	212	212	305	|
|148	227	263	320	179	241	0	325	192	165	249	|
|256	235	549	288	444	132	325	0	342	220	436	|
|307	120	234	168	135	212	192	342	0	304	94	|
|36	268	429	364	339	212	165	220	304	0	386	|
|383	209	174	227	109	305	249	436	94	386	0	|

--------------------------------------------------------------------------------
Building model...
	using lazy and cut (CVRPSEP package)
Solving IRP LP...
--------------------------------------------------------------------------------

Gurobi 9.1.0 (linux64) logging started Sat Feb  6 20:53:02 2021

Gurobi Optimizer version 9.1.0 build v9.1.0rc0 (linux64)
Thread count: 32 physical cores, 32 logical processors, using up to 2 threads
Optimize a model with 284 rows, 500 columns and 1508 nonzeros
Model fingerprint: 0xc372ccab
Variable types: 104 continuous, 396 integer (66 binary)
Coefficient statistics:
  Matrix range     [1e+00, 4e+02]
  Objective range  [2e-01, 5e+02]
  Bounds range     [1e+00, 3e+02]
  RHS range        [1e+00, 1e+03]
Presolve removed 100 rows and 81 columns
Presolve time: 0.02s
Presolved: 184 rows, 419 columns, 1168 nonzeros
Variable types: 56 continuous, 363 integer (306 binary)
Found heuristic solution: objective 8177.1300000

Root relaxation: objective 3.740135e+03, 202 iterations, 0.00 seconds

    Nodes    |    Current Node    |     Objective Bounds      |     Work
 Expl Unexpl |  Obj  Depth IntInf | Incumbent    BestBd   Gap | It/Node Time

     0     0 3740.13526    0   50 8177.13000 3740.13526  54.3%     -    0s
H    0     0                    7977.9900000 3740.13526  53.1%     -    0s
     0     0 3940.44143    0   53 7977.99000 3940.44143  50.6%     -    0s
H    0     0                    7810.5700000 3940.44143  49.5%     -    0s
     0     0 3990.73254    0   29 7810.57000 3990.73254  48.9%     -    0s
     0     0 4111.38769    0   64 7810.57000 4111.38769  47.4%     -    0s
H    0     0                    5633.9600000 4111.38769  27.0%     -    0s
     0     0 4142.80759    0   70 5633.96000 4142.80759  26.5%     -    0s
     0     0 4151.86259    0   72 5633.96000 4151.86259  26.3%     -    0s
     0     0 4151.89853    0   73 5633.96000 4151.89853  26.3%     -    0s
     0     0 4185.70120    0   67 5633.96000 4185.70120  25.7%     -    0s
     0     0 4192.00501    0   87 5633.96000 4192.00501  25.6%     -    0s
     0     0 4192.44781    0   77 5633.96000 4192.44781  25.6%     -    0s
     0     0 4192.48617    0   77 5633.96000 4192.48617  25.6%     -    0s
     0     0 4197.64828    0   64 5633.96000 4197.64828  25.5%     -    0s
H    0     0                    5606.7600000 4197.64828  25.1%     -    0s
     0     0 4197.82939    0   65 5606.76000 4197.82939  25.1%     -    0s
     0     0 4199.20876    0   82 5606.76000 4199.20876  25.1%     -    0s
     0     0 4199.20876    0   82 5606.76000 4199.20876  25.1%     -    0s
     0     2 4247.60320    0   81 5606.76000 4247.60320  24.2%     -    0s
H   29    36                    5482.3300000 4373.25847  20.2%  46.9    0s
H   65    70                    5408.1600000 4373.25847  19.1%  26.7    0s
H   72    70                    5138.0600000 4375.36806  14.8%  25.6    0s
*  115    96              23    5058.6600000 4375.36806  13.5%  23.2    0s
H  129   101                    5038.6600000 4375.36806  13.2%  23.0    0s
*  614   132              13    5034.9600000 4774.14171  5.18%  28.4    1s
*  682   134              17    5031.0000000 4783.37077  4.92%  27.7    1s

Cutting planes:
  User: 404
  Gomory: 5
  Cover: 77
  Implied bound: 30
  Clique: 2
  MIR: 22
  StrongCG: 1
  Flow cover: 44
  RLT: 36
  Relax-and-lift: 4
  Lazy constraints: 91

Explored 1100 nodes (27649 simplex iterations) in 1.97 seconds
Thread count was 2 (of 32 available processors)

Solution count 10: 5031 5034.96 5038.66 ... 7810.57

Optimal solution found (tolerance 1.00e-04)
Best objective 5.031000000000e+03, best bound 5.031000000000e+03, gap 0.0000%

User-callback calls 2787, time in user-callback 0.18 sec
================================================================================
executing instance: ./input/Instances/Original/2/absH3high_3n20.dat
--------------------------------------------------------------------------------
Instance details
n	21
H	3
C	1536
Li:
[0, 0, 0, 0, 0, 0, 0, 0, 0, 0, 0, 0, 0, 0, 0, 0, 0, 0, 0, 0, 0, ]
Ui:
[0, 48, 207, 156, 294, 207, 297, 54, 114, 90, 228, 132, 84, 64, 51, 153, 60, 39, 195, 82, 130, ]
Distance matrix:
|0	41	141	324	154	98	307	402	160	217	284	269	188	233	54	185	307	149	286	276	103	|
|41	0	114	285	184	88	285	385	200	197	251	230	189	270	48	205	295	160	245	241	62	|
|141	114	0	200	208	193	353	459	269	275	289	154	129	371	160	192	380	136	205	267	88	|
|324	285	200	0	406	330	386	484	467	344	286	57	299	555	318	380	442	327	114	255	226	|
|154	184	208	406	0	250	460	553	101	370	436	361	136	247	208	63	455	87	405	425	232	|
|98	88	193	330	250	0	211	304	232	121	204	273	276	249	44	283	210	244	259	204	113	|
|307	285	353	386	460	211	0	106	436	90	104	342	467	407	253	490	72	445	275	134	269	|
|402	385	459	484	553	304	106	0	517	188	198	443	570	463	348	587	102	545	371	229	373	|
|160	200	269	467	101	232	436	517	0	349	434	417	231	148	200	163	415	179	444	431	261	|
|217	197	275	344	370	121	90	188	349	0	111	293	382	335	163	400	106	357	244	128	187	|
|284	251	289	286	436	204	104	198	434	111	0	246	413	441	235	452	170	401	173	31	214	|
|269	230	154	57	361	273	342	443	417	293	246	0	266	500	261	342	393	286	85	215	170	|
