




arguments: ./build/bc_mirp -f ./input/orig_exec_99.cfg
Current dir: /scratch/gui/bc_mirp
File verbosity level: 9
date       time         ( uptime  ) [ thread name/id ]                   file:line     v| 
2021-02-07 10:26:20.756 (   0.087s) [main thread     ]             loguru.cpp:789   INFO| Logging to './output/vi_vc+hc1_half/OU/V2/Original/execution_07_02_2021_10_26_20.log', mode: 'a', verbosity: 9
--------------------------------------------------------------------------------
Parameters
                           instance_path           ./input/Instances/Original/3/
                            model_policy                                       1
                             nb_vehicles                                       2
                              output_dir ./output/vi_vc+hc1_half/OU/V2/Original/
                            sec_strategy                                       1
                       solver_nb_threads                                       2
                         solver_show_log                                    true
                       solver_time_limit                                    3600
                              use_vi_cos                                   false
                              use_vi_cus                                   false
                         use_vi_hc1_full                                   false
                         use_vi_hc1_half                                    true
                      use_vi_hc1_quarter                                   false
                              use_vi_hc2                                   false
                              use_vi_hc3                                   false
                         use_vi_lex_full                                   false
                         use_vi_lex_half                                   false
                      use_vi_lex_quarter                                   false
                              use_vi_qua                                   false
                               use_vi_vc                                    true
                               use_vi_vr                                   false
--------------------------------------------------------------------------------
executing instance: ./input/Instances/Original/3/absH3low_2n5.dat
--------------------------------------------------------------------------------
Instance details
n	6
H	3
C	237
Li:
[0, 0, 0, 0, 0, 0, ]
Ui:
[0, 93, 180, 51, 114, 24, ]
Distance matrix:
|0	170	318	35	112	235	|
|170	0	311	205	258	301	|
|318	311	0	326	278	137	|
|35	205	326	0	89	230	|
|112	258	278	89	0	160	|
|235	301	137	230	160	0	|

--------------------------------------------------------------------------------
Building model...
	using lazy and cut (CVRPSEP package)
Solving IRP LP...
--------------------------------------------------------------------------------

Gurobi 9.1.0 (linux64) logging started Sun Feb  7 10:26:20 2021

Gurobi Optimizer version 9.1.0 build v9.1.0rc0 (linux64)
Thread count: 32 physical cores, 32 logical processors, using up to 2 threads
Optimize a model with 153 rows, 180 columns and 612 nonzeros
Model fingerprint: 0xd4cd299b
Variable types: 54 continuous, 126 integer (36 binary)
Coefficient statistics:
  Matrix range     [1e+00, 2e+02]
  Objective range  [1e-02, 3e+02]
  Bounds range     [1e+00, 2e+02]
  RHS range        [1e+00, 5e+02]
Presolve removed 56 rows and 43 columns
Presolve time: 0.01s
Presolved: 97 rows, 137 columns, 430 nonzeros
Variable types: 29 continuous, 108 integer (81 binary)
Found heuristic solution: objective 2107.8000000
Found heuristic solution: objective 2084.5200000
Found heuristic solution: objective 1828.3500000

Root relaxation: objective 6.288402e+02, 91 iterations, 0.00 seconds

    Nodes    |    Current Node    |     Objective Bounds      |     Work
 Expl Unexpl |  Obj  Depth IntInf | Incumbent    BestBd   Gap | It/Node Time

     0     0  628.84020    0   16 1828.35000  628.84020  65.6%     -    0s
     0     0 1000.92236    0   24 1828.35000 1000.92236  45.3%     -    0s
H    0     0                    1770.5200000 1000.92236  43.5%     -    0s
     0     0 1236.69168    0   26 1770.52000 1236.69168  30.2%     -    0s
H    0     0                    1518.7300000 1236.69168  18.6%     -    0s
     0     0 1318.11574    0   37 1518.73000 1318.11574  13.2%     -    0s
     0     0 1321.98932    0   32 1518.73000 1321.98932  13.0%     -    0s
     0     0 1322.05541    0   32 1518.73000 1322.05541  12.9%     -    0s
     0     0 1383.23061    0   37 1518.73000 1383.23061  8.92%     -    0s
H    0     0                    1464.9000000 1383.23061  5.58%     -    0s
H    0     0                    1437.9000000 1383.23061  3.80%     -    0s
     0     0 1397.45222    0   28 1437.90000 1397.45222  2.81%     -    0s
     0     0 1399.99499    0   29 1437.90000 1399.99499  2.64%     -    0s
     0     0 1400.07684    0   32 1437.90000 1400.07684  2.63%     -    0s
     0     0 1408.79852    0   40 1437.90000 1408.79852  2.02%     -    0s
     0     0     cutoff    0      1437.90000 1437.90000  0.00%     -    0s

Explored 1 nodes (445 simplex iterations) in 0.11 seconds
Thread count was 2 (of 32 available processors)

Solution count 7: 1437.9 1464.9 1518.73 ... 2107.8

Optimal solution found (tolerance 1.00e-04)
Best objective 1.437900000000e+03, best bound 1.437900000000e+03, gap 0.0000%

User-callback calls 164, time in user-callback 0.00 sec
================================================================================
executing instance: ./input/Instances/Original/3/absH3high_5n30.dat
--------------------------------------------------------------------------------
Instance details
n	31
H	3
C	2296
Li:
[0, 0, 0, 0, 0, 0, 0, 0, 0, 0, 0, 0, 0, 0, 0, 0, 0, 0, 0, 0, 0, 0, 0, 0, 0, 0, 0, 0, 0, 0, 0, ]
Ui:
[0, 80, 90, 297, 28, 264, 123, 192, 112, 32, 72, 88, 294, 129, 126, 105, 110, 237, 246, 92, 72, 147, 54, 96, 128, 96, 84, 28, 74, 196, 192, ]
Distance matrix:
|0	87	302	65	389	171	219	120	412	339	129	63	169	401	383	158	393	161	246	275	64	287	345	235	13	274	106	201	85	358	135	|
|87	0	334	128	402	212	301	204	465	384	187	145	232	424	454	238	475	245	289	352	80	307	352	321	81	352	20	261	170	376	215	|
|302	334	0	239	113	132	237	334	157	70	404	263	162	105	227	229	339	251	65	217	259	53	107	352	293	220	339	134	270	75	235	|
|65	128	239	0	330	107	175	130	348	275	174	40	107	339	326	114	351	125	181	224	58	228	290	222	58	224	143	138	65	297	92	|
|389	402	113	330	0	226	349	438	210	151	502	360	269	48	316	339	441	362	175	328	335	102	55	465	377	330	401	245	371	37	342	|
|171	212	132	107	226	0	169	214	253	173	276	134	64	233	261	130	326	153	77	188	133	125	192	264	162	190	220	68	145	193	125	|
|219	301	237	175	349	169	0	157	257	223	244	157	105	334	180	62	175	61	177	63	233	264	334	118	221	61	317	112	136	312	85	|
|120	204	334	130	438	214	157	0	402	348	88	90	173	438	336	115	307	100	269	220	172	338	406	122	130	218	224	204	69	403	101	|
|412	465	157	348	210	253	257	402	0	88	486	359	245	166	129	287	266	303	178	204	386	208	239	370	406	207	473	212	354	187	304	|
|339	384	70	275	151	173	223	348	88	0	427	291	179	120	166	234	290	254	96	187	306	123	166	342	332	190	391	145	291	119	247	|
|129	187	404	174	502	276	244	88	486	427	0	142	248	508	424	200	390	187	342	308	193	400	464	192	142	306	207	281	136	469	182	|
|63	145	263	40	360	134	157	90	359	291	142	0	114	366	321	95	331	99	202	212	90	258	323	186	65	211	163	148	27	327	72	|
|169	232	162	107	269	64	105	173	245	179	248	114	0	266	222	71	268	94	97	131	155	173	244	203	164	132	245	34	113	233	73	|
|401	424	105	339	48	233	334	438	166	120	508	366	266	0	280	332	409	355	169	305	353	117	96	452	391	308	425	237	374	49	339	|
|383	454	227	326	316	261	180	336	129	166	424	321	222	280	0	231	137	238	208	116	376	277	331	272	381	118	467	197	307	285	253	|
|158	238	229	114	339	130	62	115	287	234	200	95	71	332	231	0	238	23	164	118	171	243	314	134	159	117	255	95	77	302	23	|
|393	475	339	351	441	326	175	307	266	290	390	331	268	409	137	238	0	232	300	138	408	383	445	204	395	136	492	258	308	406	260	|
|161	245	251	125	362	153	61	100	303	254	187	99	94	355	238	23	232	0	187	123	183	267	338	111	164	121	262	117	77	325	34	|
|246	289	65	181	175	77	177	269	178	96	342	202	97	169	208	164	300	187	0	168	210	87	157	290	238	171	296	70	206	138	170	|
|275	352	217	224	328	188	63	220	204	187	308	212	131	305	116	118	138	123	168	0	279	255	322	166	275	3	367	120	195	291	141	|
|64	80	259	58	335	133	233	172	386	306	193	90	155	353	376	171	408	183	210	279	0	236	289	276	51	279	90	182	117	307	150	|
|287	307	53	228	102	125	264	338	208	123	400	258	173	117	277	243	383	267	87	255	236	0	71	374	276	257	308	153	270	71	245	|
|345	352	107	290	55	192	334	406	239	166	464	323	244	96	331	314	445	338	157	322	289	71	0	445	334	325	350	224	337	54	315	|
|235	321	352	222	465	264	118	122	370	342	192	186	203	452	272	134	204	111	290	166	276	374	445	0	243	164	341	221	159	428	142	|
|13	81	293	58	377	162	221	130	406	332	142	65	164	391	381	159	395	164	238	275	51	276	334	243	0	274	100	196	89	347	136	|
|274	352	220	224	330	190	61	218	207	190	306	211	132	308	118	117	136	121	171	3	279	257	325	164	274	0	367	122	194	294	140	|
|106	20	339	143	401	220	317	224	473	391	207	163	245	425	467	255	492	262	296	367	90	308	350	341	100	367	0	272	188	377	232	|
|201	261	134	138	245	68	112	204	212	145	281	148	34	237	197	95	258	117	70	120	182	153	224	221	196	122	272	0	146	208	103	|
|85	170	270	65	371	145	136	69	354	291	136	27	113	374	307	77	308	77	206	195	117	270	337	159	89	194	188	146	0	337	54	|
|358	376	75	297	37	193	312	403	187	119	469	327	233	49	285	302	406	325	138	291	307	71	54	428	347	294	377	208	337	0	306	|
|135	215	235	92	342	125	85	101	304	247	182	72	73	339	253	23	260	34	170	141	150	245	315	142	136	140	232	103	54	306	0	|

--------------------------------------------------------------------------------
Building model...
	using lazy and cut (CVRPSEP package)
Solving IRP LP...
--------------------------------------------------------------------------------

Gurobi 9.1.0 (linux64) logging started Sun Feb  7 10:26:21 2021

Gurobi Optimizer version 9.1.0 build v9.1.0rc0 (linux64)
Thread count: 32 physical cores, 32 logical processors, using up to 2 threads
Optimize a model with 814 rows, 3280 columns and 8293 nonzeros
Model fingerprint: 0x70deec19
Variable types: 304 continuous, 2976 integer (186 binary)
Coefficient statistics:
  Matrix range     [1e+00, 1e+03]
  Objective range  [1e-01, 5e+02]
  Bounds range     [1e+00, 3e+02]
  RHS range        [1e+00, 4e+03]
Presolve removed 260 rows and 221 columns
Presolve time: 0.08s
Presolved: 554 rows, 3059 columns, 7382 nonzeros
Variable types: 176 continuous, 2883 integer (2706 binary)

Root relaxation: objective 8.873316e+03, 439 iterations, 0.01 seconds

    Nodes    |    Current Node    |     Objective Bounds      |     Work
 Expl Unexpl |  Obj  Depth IntInf | Incumbent    BestBd   Gap | It/Node Time

     0     0 8873.31591    0   92          - 8873.31591      -     -    0s
     0     0 9351.15533    0  107          - 9351.15533      -     -    0s
     0     0 9354.35256    0  110          - 9354.35256      -     -    0s
     0     0 9354.59756    0  110          - 9354.59756      -     -    0s
     0     0 9753.40536    0  144          - 9753.40536      -     -    0s
     0     0 9758.65141    0  104          - 9758.65141      -     -    0s
     0     0 9759.27981    0  114          - 9759.27981      -     -    0s
     0     0 9828.76176    0  169          - 9828.76176      -     -    0s
     0     0 9839.50049    0  158          - 9839.50049      -     -    0s
     0     0 9852.07728    0  186          - 9852.07728      -     -    0s
     0     0 9855.16137    0  210          - 9855.16137      -     -    0s
     0     0 9855.66992    0  226          - 9855.66992      -     -    0s
     0     0 9892.94364    0  205          - 9892.94364      -     -    0s
     0     0 9901.66817    0  183          - 9901.66817      -     -    1s
     0     0 9903.60946    0  232          - 9903.60946      -     -    1s
     0     0 9904.75662    0  238          - 9904.75662      -     -    1s
     0     0 9910.18912    0  191          - 9910.18912      -     -    1s
     0     0 9910.18912    0  191          - 9910.18912      -     -    1s
     0     2 9912.28542    0  191          - 9912.28542      -     -    1s
*  407   333             123    11909.920000 9974.15748  16.3%  48.5    4s
   411   313 10005.5621    5  244 11909.9200 9974.15748  16.3%  51.0    5s
H  530   424                    11738.040000 9974.15748  15.0%  62.3    7s
*  676   464              97    11467.370000 9974.15748  13.0%  55.5    8s
*  677   463              94    11462.370000 9974.15748  13.0%  55.5   10s
H  731   471                    11461.370000 9974.15748  13.0%  58.2   12s
H  739   452                    11441.370000 9990.35632  12.7%  57.6   13s
H  748   435                    11410.930000 10005.9554  12.3%  56.9   15s
H  752   415                    11360.050000 10010.1750  11.9%  56.6   16s
   767   428 10088.4546   16  172 11360.0500 10021.7426  11.8%  62.8   20s
   866   501 10513.5554   41   82 11360.0500 10038.4633  11.6%  76.3   25s
H 1004   558                    11223.360000 10038.4633  10.6%  74.4   27s
  1091   584 10254.1897   24   63 11223.3600 10039.0916  10.6%  73.9   30s
* 1245   605             141    11221.180000 10039.0916  10.5%  71.8   33s
  1270   623 10688.1279   43  133 11221.1800 10039.0916  10.5%  73.0   35s
  1373   697     cutoff   81      11221.1800 10039.0916  10.5%  73.3   40s
  1569   753 10539.0202   36   75 11221.1800 10060.6764  10.3%  71.2   45s
  1691   829 11065.1278   76   28 11221.1800 10083.7545  10.1%  72.1   50s
  1862   913 10294.2908   22  183 11221.1800 10085.6891  10.1%  72.0   55s
  2102  1150 10886.2275   63    4 11221.1800 10099.0951  10.0%  69.4   61s
  2220  1258 10566.2358   45   47 11221.1800 10099.0995  10.0%  69.3   65s
  2385  1343 10800.9532   38   63 11221.1800 10121.7035  9.80%  68.8   70s
  2468  1396     cutoff   77      11221.1800 10122.5451  9.79%  68.9   76s
  2566  1528 10960.8423   59   34 11221.1800 10135.0311  9.68%  70.0   80s
  2762  1653 10940.2893   52   21 11221.1800 10148.6614  9.56%  68.7   86s
  2893  1766 10711.2135   46  106 11221.1800 10152.5516  9.52%  68.8   94s
  2927  1773 10940.3783   72   16 11221.1800 10152.5516  9.52%  68.4   95s
  3068  1930 10615.8107   48   45 11221.1800 10166.9952  9.39%  69.5  101s
  3272  2075 infeasible   92      11221.1800 10170.4859  9.36%  68.4  106s
  3434  2180     cutoff   98      11221.1800 10173.2203  9.34%  68.7  112s
* 3435  2109              97    11147.630000 10173.2203  8.74%  68.7  112s
* 3436  2040              95    11107.630000 10173.2203  8.41%  68.7  112s
  3509  2085 10495.2264   24  148 11107.6300 10173.4925  8.41%  69.9  115s
  3591  2223 10468.7857   24  170 11107.6300 10173.8058  8.41%  70.9  121s
  3813  2387 10559.0545   49   51 11107.6300 10185.3610  8.30%  70.3  128s
  3933  2445     cutoff   66      11107.6300 10187.6199  8.28%  70.3  131s
  4130  2580 infeasible   72      11107.6300 10188.2114  8.28%  70.2  138s
  4164  2653 10361.3315   22  198 11107.6300 10188.8204  8.27%  71.3  142s
  4247  2761 10895.5924   36   54 11107.6300 10189.6841  8.26%  71.4  146s
  4390  2886 10575.9923   45   42 11107.6300 10194.1973  8.22%  71.2  150s
  4566  3009 10990.1049   81   32 11107.6300 10194.2539  8.22%  70.5  155s
  4722  3127     cutoff   85      11107.6300 10195.8230  8.21%  70.1  160s
* 4725  3122              86    11103.850000 10195.8230  8.18%  70.1  160s
* 4726  3116              86    11101.770000 10195.8230  8.16%  70.1  160s
* 4727  3101              85    11094.530000 10195.8230  8.10%  70.1  160s
  4870  3128     cutoff   59      11094.5300 10200.5220  8.06%  69.8  165s
  4900  3177 10420.8313   26  189 11094.5300 10200.8780  8.05%  70.9  180s
H 4950  3059                    11026.410000 10200.8780  7.49%  71.6  184s
  5058  3103 10790.7540   44  135 11026.4100 10201.2505  7.48%  71.8  190s
  5204  3199 10861.3258   54   16 11026.4100 10202.3306  7.47%  72.1  195s
  5275  3244     cutoff   61      11026.4100 10206.0263  7.44%  72.5  203s
  5339  3369 10624.7620   45   21 11026.4100 10207.6548  7.43%  72.9  209s
  5536  3490 10701.8628   50   42 11026.4100 10208.1705  7.42%  72.6  214s
  5575  3491 10607.3558   59   12 11026.4100 10208.1705  7.42%  72.9  215s
  5668  3587     cutoff   97      11026.4100 10208.6205  7.42%  73.0  220s
  5817  3704 10786.6866   43   81 11026.4100 10215.6037  7.35%  73.3  228s
  5974  3801 10316.4537   21  130 11026.4100 10216.6477  7.34%  73.4  234s
  6010  3801 10628.4712   45   49 11026.4100 10216.6477  7.34%  73.6  235s
* 6110  3673              81    10980.330000 10220.1400  6.92%  73.5  241s
* 6111  3665              80    10979.330000 10220.1400  6.91%  73.5  241s
  6186  3799     cutoff   58      10979.3300 10221.9200  6.90%  74.0  247s
  6366  3929 10545.5199   27  129 10979.3300 10222.9468  6.89%  73.9  253s
  6521  4066 10781.2752   41   49 10979.3300 10224.5076  6.87%  74.1  262s
  6697  4161 10449.1602   19  159 10979.3300 10225.8790  6.86%  74.0  268s
  6839  4272 10436.7298   21  147 10979.3300 10227.2385  6.85%  74.2  274s
  6875  4273 10891.2200   39    - 10979.3300 10227.2385  6.85%  74.4  275s
  6979  4402     cutoff   50      10979.3300 10228.9922  6.83%  74.4  280s
  7133  4460 10909.0322   72   20 10979.3300 10230.7849  6.82%  74.5  286s
* 7140  4371              78    10963.260000 10230.7849  6.68%  74.5  286s
  7228  4440     cutoff   78      10963.2600 10233.7016  6.65%  75.2  293s
  7322  4572     cutoff   43      10963.2600 10234.3735  6.65%  76.3  300s
  7538  4695 10850.3078   36   73 10963.2600 10236.5039  6.63%  76.2  308s
  7723  4809 10850.2242   71   59 10963.2600 10238.7352  6.61%  76.3  316s
  7861  4938 10848.8038   61   46 10963.2600 10239.4890  6.60%  76.7  323s
  8052  5060     cutoff   69      10963.2600 10242.8064  6.57%  76.8  330s
  8209  5194     cutoff   46      10963.2600 10244.7985  6.55%  77.2  338s
  8355  5330 10798.8567   83   18 10963.2600 10246.1131  6.54%  77.1  346s
* 8494  5193              61    10940.820000 10247.5657  6.34%  76.9  347s
  8556  5278     cutoff   95      10940.8200 10247.7409  6.33%  77.0  354s
  8655  5340 10655.9720   45   17 10940.8200 10248.4387  6.33%  77.9  361s
  8780  5436 10757.9734   48   23 10940.8200 10249.6565  6.32%  78.1  369s
  8910  5510 10638.0493   22  208 10940.8200 10251.2980  6.30%  78.3  376s
  9008  5624 10747.8019   56   50 10940.8200 10252.5492  6.29%  78.7  384s
  9171  5767     cutoff   58      10940.8200 10252.7063  6.29%  78.8  392s
  9378  5868 10594.7766   57   35 10940.8200 10253.8763  6.28%  78.7  400s
  9530  5947     cutoff   62      10940.8200 10254.6524  6.27%  79.0  409s
  9655  6093     cutoff   47      10940.8200 10255.6557  6.26%  79.1  417s
  9846  6241 10545.2160   28   47 10940.8200 10256.8524  6.25%  79.1  425s
 10016  6358     cutoff   65      10940.8200 10259.4728  6.23%  79.3  433s
 10155  6472 10820.8339   71   54 10940.8200 10260.6939  6.22%  79.7  441s
 10306  6624 infeasible   91      10940.8200 10261.7597  6.21%  80.0  449s
 10509  6791     cutoff   78      10940.8200 10266.1253  6.17%  79.8  458s
 10745  6947     cutoff   71      10940.8200 10266.8718  6.16%  79.6  466s
 10929  7013     cutoff   68      10940.8200 10268.0204  6.15%  79.7  474s
 11033  7143 10396.5619   32  216 10940.8200 10268.5352  6.14%  79.9  482s
 11192  7271 10553.2827   37  138 10940.8200 10269.5245  6.14%  79.9  490s
 11370  7330     cutoff   59      10940.8200 10271.8474  6.11%  79.8  498s
 11435  7429 10527.1974   25  121 10940.8200 10272.3041  6.11%  80.1  506s
 11587  7568     cutoff   49      10940.8200 10273.2728  6.10%  80.3  515s
 11779  7705 10570.7780   46   15 10940.8200 10274.0007  6.09%  80.2  525s
 11966  7856     cutoff   75      10940.8200 10275.0401  6.09%  80.1  534s
 12164  7982     cutoff   79      10940.8200 10275.5331  6.08%  80.0  542s
 12322  8112 10501.4046   32   45 10940.8200 10277.0551  6.07%  80.1  549s
 12356  8114 10617.2866   56   38 10940.8200 10277.0551  6.07%  80.2  550s
 12495  8246     cutoff   60      10940.8200 10278.6243  6.05%  80.2  557s
*12667  6907              64    10835.810000 10279.8646  5.13%  80.3  565s
*12835  5372              74    10722.030000 10280.7702  4.12%  80.4  574s
 13005  5424 10693.1500   72    6 10722.0300 10281.3934  4.11%  80.4  581s
*13007  5109              74    10702.030000 10281.3934  3.93%  80.4  581s
 13112  5179     cutoff   41      10702.0300 10282.2110  3.92%  80.7  589s
 13271  5235 10693.2600   38    - 10702.0300 10284.4539  3.90%  80.8  597s
 13378  5309 10523.2390   37   90 10702.0300 10285.6328  3.89%  81.3  606s
 13535  5374     cutoff   56      10702.0300 10286.1958  3.89%  81.3  613s
H13590  4945                    10670.750000 10286.1958  3.60%  81.4  614s
 13647  4992     cutoff   30      10670.7500 10287.7805  3.59%  81.6  621s
 13744  5093     cutoff   42      10670.7500 10289.4809  3.57%  81.8  628s
 13906  5158 10423.1631   28   92 10670.7500 10290.8495  3.56%  81.9  637s
 13999  5217 10662.7759   39  105 10670.7500 10291.3779  3.56%  82.2  644s
 14152  5269 10577.1109   30  109 10670.7500 10293.7831  3.53%  82.3  652s
 14257  5323 10647.1368   31   57 10670.7500 10294.6364  3.52%  82.5  661s
 14388  5413 10610.4701   30  102 10670.7500 10295.3334  3.52%  82.6  670s
 14530  5471 10525.7996   44  128 10670.7500 10295.8498  3.51%  82.7  679s
 14637  5589 10516.0673   30  120 10670.7500 10297.4180  3.50%  83.0  687s
 14817  5666     cutoff   41      10670.7500 10298.3671  3.49%  83.0  695s
 14951  5724 10632.6200   36   28 10670.7500 10299.1908  3.48%  83.2  704s
 15086  5770 10660.9125   38   19 10670.7500 10299.7086  3.48%  83.4  712s
*15092  5730              40    10668.010000 10299.7086  3.45%  83.4  712s
 15209  5812 10503.7641   27  196 10668.0100 10301.6064  3.43%  83.7  721s
 15349  5893 10528.5692   36  157 10668.0100 10302.8769  3.42%  83.9  730s
 15468  5965 10453.0883   35   42 10668.0100 10303.6854  3.42%  84.1  738s
 15602  6029     cutoff   51      10668.0100 10304.4435  3.41%  84.3  747s
 15741  6121 10452.6348   22  130 10668.0100 10305.0175  3.40%  84.5  756s
 15899  6236     cutoff   48      10668.0100 10306.1732  3.39%  84.6  765s
H16075  5929                    10646.850000 10307.2727  3.19%  84.6  775s
 16154  6007 10539.3433   29  150 10646.8500 10307.9275  3.18%  84.7  783s
 16304  6063     cutoff   41      10646.8500 10308.4736  3.18%  84.8  792s
 16417  6103 10603.8388   30   48 10646.8500 10309.6251  3.17%  85.0  800s
 16535  6210 10566.0056   38  153 10646.8500 10310.9591  3.15%  85.2  809s
 16670  6211 10571.2009   55   88 10646.8500 10311.9397  3.15%  85.2  810s
 16734  6281 10396.4751   26   82 10646.8500 10312.0348  3.14%  85.1  819s
 16887  6348 10539.0022   35   20 10646.8500 10312.7328  3.14%  85.2  828s
 17015  6401 10429.5488   26  185 10646.8500 10313.5109  3.13%  85.3  837s
 17127  6473 10503.9600   33   19 10646.8500 10315.0870  3.12%  85.6  846s
 17254  6536 10606.8131   40  144 10646.8500 10315.4581  3.11%  85.7  855s
 17359  6607 10535.9954   32   26 10646.8500 10316.1248  3.11%  86.0  864s
 17496  6660     cutoff   50      10646.8500 10317.5062  3.09%  86.1  873s
 17612  6715 10529.7992   26   69 10646.8500 10318.3928  3.09%  86.3  882s
 17709  6746 10607.4023   27  180 10646.8500 10319.2288  3.08%  86.7  891s
 17833  6831     cutoff   34      10646.8500 10319.6272  3.07%  86.9  900s
 17989  6936 10518.6336   34   31 10646.8500 10321.0219  3.06%  87.0  910s
 18146  7043 10558.6784   35    4 10646.8500 10321.7146  3.05%  87.1  924s
 18292  7049 infeasible   47      10646.8500 10322.4504  3.05%  87.1  925s
 18311  7084 10635.3700   59   18 10646.8500 10322.4752  3.05%  87.1  934s
 18405  7135 10455.1372   27  113 10646.8500 10323.4948  3.04%  87.4  944s
H18464  6656                    10626.850000 10323.4955  2.85%  87.5  944s
 18532  6747 10615.7492   43  150 10626.8500 10323.7112  2.85%  87.5  954s
 18680  6749 10601.0915   42   98 10626.8500 10323.9105  2.85%  87.6  955s
 18690  6798 10578.9454   32  179 10626.8500 10324.0060  2.85%  87.6  965s
 18788  6843 10592.7478   27   73 10626.8500 10324.1774  2.85%  87.9  974s
 18908  6902     cutoff   35      10626.8500 10325.3136  2.84%  88.1  985s
 19029  7002 10473.0707   25  135 10626.8500 10325.9546  2.83%  88.2  996s
 19206  7073 10577.1302   38   25 10626.8500 10326.3667  2.83%  88.2 1005s
 19345  7161 10506.0529   43   14 10626.8500 10327.3049  2.82%  88.4 1016s
 19522  7222     cutoff   40      10626.8500 10328.5290  2.81%  88.2 1025s
 19643  7279 10606.9700   40   57 10626.8500 10330.2655  2.79%  88.5 1034s
 19699  7280 10598.1786   33   40 10626.8500 10330.2655  2.79%  88.5 1035s
 19819  7365     cutoff   41      10626.8500 10331.3855  2.78%  88.5 1044s
 19999  7439     cutoff   50      10626.8500 10332.9635  2.77%  88.5 1054s
 20070  7439 10522.6910   27  219 10626.8500 10332.9635  2.77%  88.5 1055s
 20141  7493 10537.8906   29  264 10626.8500 10333.7392  2.76%  88.6 1064s
 20302  7547 10403.6951   23  151 10626.8500 10334.0825  2.75%  88.7 1073s
 20443  7594 10596.6889   35   81 10626.8500 10335.6250  2.74%  88.8 1083s
 20576  7658     cutoff   51      10626.8500 10336.3382  2.73%  88.9 1095s
 20694  7737 10617.4300   36    4 10626.8500 10336.9715  2.73%  89.0 1104s
 20854  7819 10617.0900   36    - 10626.8500 10338.0085  2.72%  89.1 1114s
 20935  7820 10466.7447   30  187 10626.8500 10338.0085  2.72%  89.1 1115s
H21045  7033                    10599.730000 10338.9266  2.46%  89.0 1124s
 21175  7094 10454.9487   26  197 10599.7300 10339.9506  2.45%  89.1 1134s
 21295  7123 10484.8759   31  101 10599.7300 10340.7233  2.44%  89.3 1143s
 21450  7189 10411.2138   32  134 10599.7300 10341.5084  2.44%  89.4 1153s
 21579  7215 10444.6013   36  210 10599.7300 10341.8354  2.43%  89.6 1163s
 21698  7285 10377.6974   24  248 10599.7300 10343.3940  2.42%  89.8 1172s
 21849  7309 10569.5161   38   24 10599.7300 10344.8300  2.40%  89.8 1181s
 21989  7366     cutoff   39      10599.7300 10346.2046  2.39%  89.9 1190s
 22142  7411     cutoff   40      10599.7300 10347.7529  2.38%  89.9 1199s
 22278  7465 10539.5230   37   82 10599.7300 10348.4614  2.37%  90.1 1209s
 22390  7523 10506.5713   35  195 10599.7300 10349.1546  2.36%  90.2 1219s
 22520  7567     cutoff   52      10599.7300 10350.2178  2.35%  90.3 1229s
 22649  7605 10537.2550   29  109 10599.7300 10350.8284  2.35%  90.5 1238s
 22777  7661 10523.7192   30   62 10599.7300 10351.7633  2.34%  90.6 1248s
 22909  7699 10597.9211   47   33 10599.7300 10352.9888  2.33%  90.7 1258s
 23034  7750     cutoff   37      10599.7300 10353.7045  2.32%  90.9 1269s
 23150  7773 10582.3013   31   24 10599.7300 10354.0562  2.32%  91.0 1282s
H23189  7597                    10595.730000 10354.0562  2.28%  91.1 1282s
 23220  7650 10490.0077   35  186 10595.7300 10354.3097  2.28%  91.1 1291s
 23353  7717 10527.5292   39   63 10595.7300 10354.9507  2.27%  91.2 1302s
 23510  7745     cutoff   40      10595.7300 10356.6721  2.26%  91.3 1312s
 23622  7791 10565.0015   25  171 10595.7300 10357.6666  2.25%  91.5 1322s
 23754  7849 10586.5405   43   53 10595.7300 10358.3749  2.24%  91.6 1333s
 23889  7895 10516.9813   34  150 10595.7300 10359.0928  2.23%  91.8 1344s
 24035  7922     cutoff   44      10595.7300 10359.9290  2.23%  91.8 1355s
 24131  7962 10528.8213   24   76 10595.7300 10361.0442  2.21%  91.9 1365s
 24260  8006 10476.3873   26  111 10595.7300 10361.9623  2.21%  92.1 1375s
 24368  8046     cutoff   38      10595.7300 10362.4474  2.20%  92.3 1386s
 24507  8097     cutoff   41      10595.7300 10363.9019  2.19%  92.4 1400s
 24634  8128     cutoff   33      10595.7300 10364.9775  2.18%  92.5 1410s
 24741  8188 10569.4647   26  208 10595.7300 10365.9453  2.17%  92.7 1423s
 24880  8239 10516.2429   38  171 10595.7300 10367.4741  2.15%  92.8 1435s
 25012  8299 10470.3578   32   87 10595.7300 10368.0060  2.15%  92.8 1446s
 25172  8358 10592.0429   39   23 10595.7300 10369.0208  2.14%  92.9 1456s
 25308  8402     cutoff   41      10595.7300 10369.9034  2.13%  93.0 1468s
 25456  8447 10385.9234   27  220 10595.7300 10370.6175  2.12%  93.0 1480s
 25587  8508     cutoff   37      10595.7300 10371.7879  2.11%  93.1 1490s
 25719  8563     cutoff   49      10595.7300 10372.1203  2.11%  93.2 1501s
 25864  8609 10495.1125   24  148 10595.7300 10372.7150  2.10%  93.3 1512s
 26002  8661     cutoff   37      10595.7300 10373.5169  2.10%  93.4 1524s
 26151  8702 infeasible   40      10595.7300 10374.1612  2.09%  93.4 1534s
 26203  8702 10562.8057   60    4 10595.7300 10374.1612  2.09%  93.4 1535s
 26269  8732 10411.9519   27  164 10595.7300 10375.3334  2.08%  93.6 1545s
 26387  8796 10487.5954   23  139 10595.7300 10376.2195  2.07%  93.7 1557s
 26537  8839     cutoff   40      10595.7300 10376.6752  2.07%  93.8 1569s
 26667  8860     cutoff   46      10595.7300 10377.5561  2.06%  93.8 1579s
 26706  8860     cutoff   24      10595.7300 10378.2049  2.05%  93.9 1580s
 26760  8896     cutoff   35      10595.7300 10378.2833  2.05%  94.0 1593s
 26854  8927     cutoff   44      10595.7300 10378.4472  2.05%  94.0 1604s
 26985  8962     cutoff   47      10595.7300 10378.8835  2.05%  94.2 1615s
 27107  8991     cutoff   39      10595.7300 10379.4010  2.04%  94.3 1625s
 27194  9007 10467.5412   27  159 10595.7300 10380.3542  2.03%  94.6 1636s
 27293  9056 10529.3888   35  109 10595.7300 10381.1990  2.02%  94.8 1647s
 27428  9088     cutoff   36      10595.7300 10381.4972  2.02%  94.9 1658s
 27579  9137     cutoff   38      10595.7300 10382.2210  2.02%  95.0 1669s
 27704  9183 10495.5484   35  114 10595.7300 10383.0251  2.01%  95.1 1679s
 27842  9242 10582.1608   43   41 10595.7300 10383.6241  2.00%  95.2 1690s
 27984  9310 10543.1803   38   27 10595.7300 10383.9724  2.00%  95.3 1701s
 28152  9339     cutoff   35      10595.7300 10384.8663  1.99%  95.3 1712s
 28277  9416 10441.8362   34   92 10595.7300 10385.5266  1.98%  95.4 1724s
 28457  9471 10435.0457   29  149 10595.7300 10385.9791  1.98%  95.4 1738s
 28610  9522     cutoff   35      10595.7300 10386.5678  1.97%  95.4 1751s
 28745  9556 10458.5669   30  211 10595.7300 10387.6771  1.96%  95.5 1762s
 28873  9624     cutoff   33      10595.7300 10388.0664  1.96%  95.6 1774s
 29068  9668     cutoff   50      10595.7300 10388.7653  1.95%  95.5 1787s
 29228  9733 10544.8995   25  151 10595.7300 10389.8115  1.94%  95.6 1799s
 29401  9781     cutoff   47      10595.7300 10390.6308  1.94%  95.5 1810s
 29521  9820 10540.3221   40   91 10595.7300 10391.0888  1.93%  95.7 1823s
 29660  9877     cutoff   33      10595.7300 10391.6638  1.93%  95.8 1836s
 29786  9913     cutoff   37      10595.7300 10392.0639  1.92%  95.8 1847s
 29929  9982     cutoff   42      10595.7300 10392.8072  1.92%  95.9 1859s
 30086 10018 10526.4378   33   85 10595.7300 10393.2458  1.91%  95.9 1871s
 30220 10066     cutoff   26      10595.7300 10393.5322  1.91%  96.0 1883s
 30399 10107     cutoff   50      10595.7300 10393.9888  1.90%  96.0 1895s
 30537 10128 10447.1847   27  297 10595.7300 10394.3459  1.90%  96.1 1906s
 30660 10173 10465.0301   33  141 10595.7300 10395.0654  1.89%  96.2 1918s
 30767 10181 10583.7230   21  180 10595.7300 10395.2283  1.89%  96.3 1930s
 30860 10214 10589.3274   29  204 10595.7300 10395.6399  1.89%  96.4 1941s
 30980 10266     cutoff   39      10595.7300 10396.3036  1.88%  96.5 1952s
 31125 10310     cutoff   36      10595.7300 10396.7762  1.88%  96.6 1964s
 31284 10367 10427.6700   30  104 10595.7300 10397.1056  1.87%  96.6 1976s
 31429 10423     cutoff   32      10595.7300 10397.7874  1.87%  96.7 1989s
 31570 10499 10443.6171   24  129 10595.7300 10398.2067  1.86%  96.7 2001s
 31749 10544     cutoff   40      10595.7300 10398.7721  1.86%  96.7 2012s
 31882 10570 10505.7294   30  189 10595.7300 10400.0030  1.85%  96.8 2023s
 31988 10598     cutoff   37      10595.7300 10400.6100  1.84%  96.9 2036s
 32115 10618 10519.4124   34  116 10595.7300 10401.0405  1.84%  97.0 2051s
 32232 10652     cutoff   36      10595.7300 10401.5744  1.83%  97.1 2062s
 32360 10693 10534.2629   30  167 10595.7300 10401.9004  1.83%  97.2 2075s
 32483 10788 10533.1905   35    8 10595.7300 10402.1972  1.83%  97.4 2087s
 32697 10833     cutoff   55      10595.7300 10402.8636  1.82%  97.2 2100s
 32812 10898 10445.9787   26  133 10595.7300 10403.2495  1.82%  97.4 2113s
 32960 10928 10554.5372   34   40 10595.7300 10403.9340  1.81%  97.4 2126s
 33103 10942     cutoff   44      10595.7300 10404.4593  1.81%  97.4 2139s
 33255 11032     cutoff   42      10595.7300 10405.0484  1.80%  97.5 2152s
 33448 11072     cutoff   44      10595.7300 10405.3620  1.80%  97.4 2165s
 33603 11120 10542.3195   28   62 10595.7300 10405.9537  1.79%  97.5 2178s
 33767 11160     cutoff   37      10595.7300 10406.3800  1.79%  97.5 2191s
 33915 11199 10545.3150   32  134 10595.7300 10407.2533  1.78%  97.5 2203s
 34044 11238 10468.7461   30  122 10595.7300 10408.0745  1.77%  97.6 2215s
 34183 11276 10554.5706   36   47 10595.7300 10408.5398  1.77%  97.7 2227s
 34332 11339     cutoff   45      10595.7300 10409.0184  1.76%  97.7 2241s
 34506 11399 10585.1433   47    4 10595.7300 10409.4843  1.76%  97.7 2255s
 34686 11496     cutoff   48      10595.7300 10409.8463  1.75%  97.7 2268s
 34876 11564 10572.4697   38  120 10595.7300 10410.3105  1.75%  97.6 2281s
 35077 11600     cutoff   33      10595.7300 10410.7280  1.75%  97.6 2294s
 35200 11661     cutoff   41      10595.7300 10411.3901  1.74%  97.7 2307s
 35359 11683     cutoff   39      10595.7300 10411.8591  1.74%  97.7 2321s
 35460 11731 10537.1519   23  139 10595.7300 10412.1728  1.73%  97.8 2333s
 35627 11804     cutoff   38      10595.7300 10412.7893  1.73%  97.8 2347s
 35811 11835 10444.9464   26  254 10595.7300 10413.4303  1.72%  97.8 2365s
 35932 11883 10438.3433   29   53 10595.7300 10413.6837  1.72%  97.7 2379s
 36049 11913 10590.0489   30   82 10595.7300 10414.1977  1.71%  97.8 2397s
 36165 11973     cutoff   41      10595.7300 10414.3792  1.71%  97.8 2410s
 36314 11996     cutoff   38      10595.7300 10414.6912  1.71%  97.8 2424s
 36440 12030 10534.7420   35  120 10595.7300 10415.1901  1.70%  97.9 2437s
 36578 12102     cutoff   40      10595.7300 10415.6174  1.70%  98.0 2450s
 36742 12147     cutoff   46      10595.7300 10416.4416  1.69%  97.9 2463s
 36888 12177 10556.5762   42   84 10595.7300 10416.9826  1.69%  98.0 2476s
 37023 12238 10552.1972   32   45 10595.7300 10417.5943  1.68%  98.0 2490s
 37192 12285 10594.8757   30   10 10595.7300 10418.1288  1.68%  98.0 2504s
 37375 12342     cutoff   31      10595.7300 10418.4771  1.67%  98.0 2517s
 37518 12370 10513.4756   24  218 10595.7300 10418.7876  1.67%  98.0 2531s
 37652 12401 10548.7039   36  106 10595.7300 10419.1724  1.67%  98.1 2545s
 37792 12430 10555.5171   31  163 10595.7300 10419.7082  1.66%  98.2 2559s
 37920 12454 10553.4684   36  113 10595.7300 10420.1370  1.66%  98.3 2571s
 38067 12496     cutoff   36      10595.7300 10420.3615  1.66%  98.3 2585s
 38237 12540 10440.6242   26  147 10595.7300 10420.7997  1.65%  98.3 2599s
 38377 12597     cutoff   35      10595.7300 10421.3764  1.65%  98.4 2614s
 38445 12597 10588.8450   33   27 10595.7300 10421.3764  1.65%  98.4 2615s
 38529 12672 10575.8263   28   93 10595.7300 10421.7905  1.64%  98.4 2630s
 38696 12695     cutoff   40      10595.7300 10422.1498  1.64%  98.4 2645s
 38848 12753 10556.2196   35   84 10595.7300 10422.6281  1.63%  98.5 2661s
 38986 12786 10549.7536   31  209 10595.7300 10423.0618  1.63%  98.5 2678s
 39142 12837 10555.8548   29   45 10595.7300 10423.4301  1.63%  98.5 2692s
 39313 12861     cutoff   39      10595.7300 10423.7300  1.62%  98.5 2708s
 39429 12904     cutoff   40      10595.7300 10424.1866  1.62%  98.6 2722s
 39574 12944 10525.4712   31  236 10595.7300 10424.5655  1.62%  98.7 2735s
 39730 12983 10502.2070   26  166 10595.7300 10424.8527  1.61%  98.7 2750s
 39890 13044     cutoff   35      10595.7300 10425.3299  1.61%  98.7 2764s
 40082 13097 10565.8989   30   19 10595.7300 10425.6585  1.61%  98.6 2778s
 40231 13131     cutoff   42      10595.7300 10425.9689  1.60%  98.7 2792s
 40356 13150     cutoff   44      10595.7300 10426.2768  1.60%  98.8 2806s
 40522 13182 10534.1730   32  136 10595.7300 10426.9574  1.59%  98.8 2820s
 40680 13216     cutoff   35      10595.7300 10427.2980  1.59%  98.8 2835s
 40836 13243     cutoff   39      10595.7300 10427.5031  1.59%  98.8 2849s
 40964 13284 10458.8175   32  161 10595.7300 10427.6171  1.59%  98.9 2863s
 41124 13328     cutoff   39      10595.7300 10427.8798  1.58%  98.9 2878s
 41292 13360     cutoff   37      10595.7300 10428.4160  1.58%  98.9 2893s
 41443 13413     cutoff   44      10595.7300 10428.7006  1.58%  98.8 2908s
 41619 13466     cutoff   38      10595.7300 10429.1926  1.57%  98.8 2922s
 41789 13483     cutoff   41      10595.7300 10429.7093  1.57%  98.8 2938s
 41935 13550     cutoff   40      10595.7300 10430.1048  1.56%  98.8 2954s
 42124 13577     cutoff   50      10595.7300 10430.5849  1.56%  98.8 2968s
 42256 13616 10463.2314   30   28 10595.7300 10430.8779  1.56%  98.8 2985s
 42393 13643 10557.7078   40  107 10595.7300 10431.2491  1.55%  98.9 2999s
 42528 13704 10562.9572   29   56 10595.7300 10431.7714  1.55%  98.9 3014s
 42705 13739 infeasible   44      10595.7300 10432.1650  1.54%  98.8 3030s
 42840 13789 10569.1580   37  180 10595.7300 10432.4959  1.54%  98.8 3046s
 42992 13831 10531.3247   30  104 10595.7300 10432.8616  1.54%  98.9 3062s
 43200 13876     cutoff   39      10595.7300 10433.1042  1.53%  98.8 3265s
 43324 13908     cutoff   33      10595.7300 10433.3057  1.53%  98.8 3283s
 43490 13924     cutoff   48      10595.7300 10433.7603  1.53%  98.8 3299s
 43655 13941     cutoff   52      10595.7300 10434.0339  1.53%  98.8 3316s
 43769 14000 10563.7052   33  221 10595.7300 10434.2537  1.52%  98.9 3333s
 43937 14016     cutoff   36      10595.7300 10434.6456  1.52%  98.9 3349s
 44075 14066 10565.4311   32  132 10595.7300 10435.0586  1.52%  99.0 3365s
 44226 14090     cutoff   31      10595.7300 10435.2853  1.51%  99.1 3380s
 44392 14124     cutoff   30      10595.7300 10435.8947  1.51%  99.1 3395s
 44576 14178 10537.7469   27  120 10595.7300 10436.6587  1.50%  99.1 3412s
 44790 14203     cutoff   38      10595.7300 10436.9966  1.50%  99.0 3428s
 44911 14235 10581.6883   31   87 10595.7300 10437.3845  1.49%  99.1 3445s
 45082 14253 10532.2640   34   72 10595.7300 10437.8381  1.49%  99.1 3461s
 45248 14291 10588.2171   35  149 10595.7300 10438.3569  1.49%  99.2 3479s
 45394 14340 10503.4137   30   68 10595.7300 10438.4861  1.48%  99.2 3496s
 45561 14379 10512.8858   28   99 10595.7300 10438.8207  1.48%  99.3 3513s
 45737 14419 10546.9513   32   72 10595.7300 10439.2455  1.48%  99.3 3529s
 45894 14485 10588.0490   39   36 10595.7300 10439.4449  1.47%  99.3 3545s
 46068 14514 10551.9550   33   97 10595.7300 10439.9729  1.47%  99.3 3561s
 46210 14562 10531.3053   32   24 10595.7300 10440.5560  1.46%  99.3 3582s
 46385 14589 10558.1100   34    - 10595.7300 10440.8560  1.46%  99.3 3600s

Cutting planes:
  User: 2750
  Gomory: 11
  Cover: 173
  Implied bound: 39
  Clique: 17
  MIR: 65
  StrongCG: 1
  Flow cover: 174
  Zero half: 38
  RLT: 126
  Relax-and-lift: 2
  Lazy constraints: 10578

Explored 46508 nodes (4622202 simplex iterations) in 3600.36 seconds
Thread count was 2 (of 32 available processors)

Solution count 10: 10595.7 10599.7 10626.9 ... 10940.8

Time limit reached
Best objective 1.059573000000e+04, best bound 1.044104690345e+04, gap 1.4599%

User-callback calls 263677, time in user-callback 110.38 sec
================================================================================
executing instance: ./input/Instances/Original/3/absH3high_5n20.dat
--------------------------------------------------------------------------------
Instance details
n	21
H	3
C	1734
Li:
[0, 0, 0, 0, 0, 0, 0, 0, 0, 0, 0, 0, 0, 0, 0, 0, 0, 0, 0, 0, 0, ]
Ui:
