




arguments: ./build/bc_mirp -f ./input/orig_exec_3.cfg
Current dir: /scratch/gui/bc_mirp
File verbosity level: 9
date       time         ( uptime  ) [ thread name/id ]                   file:line     v| 
2021-02-06 09:14:26.624 (   0.285s) [main thread     ]             loguru.cpp:789   INFO| Logging to './output/vi_vc+hc1_half/OU/V2/Original/execution_06_02_2021_09_14_26.log', mode: 'a', verbosity: 9
--------------------------------------------------------------------------------
Parameters
                           instance_path           ./input/Instances/Original/1/
                            model_policy                                       1
                             nb_vehicles                                       2
                              output_dir ./output/vi_vc+hc1_half/OU/V2/Original/
                            sec_strategy                                       1
                       solver_nb_threads                                       2
                         solver_show_log                                    true
                       solver_time_limit                                    3600
                              use_vi_cos                                   false
                              use_vi_cus                                   false
                         use_vi_hc1_full                                   false
                         use_vi_hc1_half                                    true
                      use_vi_hc1_quarter                                   false
                              use_vi_hc2                                   false
                              use_vi_hc3                                   false
                         use_vi_lex_full                                   false
                         use_vi_lex_half                                   false
                      use_vi_lex_quarter                                   false
                              use_vi_qua                                   false
                               use_vi_vc                                    true
                               use_vi_vr                                   false
--------------------------------------------------------------------------------
executing instance: ./input/Instances/Original/1/absH3high_1n5.dat
--------------------------------------------------------------------------------
Instance details
n	6
H	3
C	289
Li:
[0, 0, 0, 0, 0, 0, ]
Ui:
[0, 195, 105, 116, 72, 22, ]
Distance matrix:
|0	85	349	17	203	289	|
|85	0	265	102	214	226	|
|349	265	0	366	368	238	|
|17	102	366	0	207	302	|
|203	214	368	207	0	431	|
|289	226	238	302	431	0	|

--------------------------------------------------------------------------------
Building model...
	using lazy and cut (CVRPSEP package)
Solving IRP LP...
--------------------------------------------------------------------------------

Gurobi 9.1.0 (linux64) logging started Sat Feb  6 09:14:26 2021

Gurobi Optimizer version 9.1.0 build v9.1.0rc0 (linux64)
Thread count: 32 physical cores, 32 logical processors, using up to 2 threads
Optimize a model with 153 rows, 180 columns and 612 nonzeros
Model fingerprint: 0x3a55de94
Variable types: 54 continuous, 126 integer (36 binary)
Coefficient statistics:
  Matrix range     [1e+00, 2e+02]
  Objective range  [2e-01, 4e+02]
  Bounds range     [1e+00, 2e+02]
  RHS range        [1e+00, 5e+02]
Found heuristic solution: objective 3765.6300000
Presolve removed 56 rows and 43 columns
Presolve time: 0.01s
Presolved: 97 rows, 137 columns, 430 nonzeros
Variable types: 29 continuous, 108 integer (81 binary)

Root relaxation: objective 1.647216e+03, 96 iterations, 0.00 seconds

    Nodes    |    Current Node    |     Objective Bounds      |     Work
 Expl Unexpl |  Obj  Depth IntInf | Incumbent    BestBd   Gap | It/Node Time

     0     0 1647.21595    0   20 3765.63000 1647.21595  56.3%     -    0s
H    0     0                    3467.2300000 1647.21595  52.5%     -    0s
     0     0 1813.07534    0   19 3467.23000 1813.07534  47.7%     -    0s
H    0     0                    2488.0300000 1813.07534  27.1%     -    0s
H    0     0                    2452.2900000 1813.07534  26.1%     -    0s
     0     0 1813.07534    0   20 2452.29000 1813.07534  26.1%     -    0s
     0     0 2082.58547    0   30 2452.29000 2082.58547  15.1%     -    0s
     0     0 2083.46359    0   33 2452.29000 2083.46359  15.0%     -    0s
     0     0 2148.00681    0   57 2452.29000 2148.00681  12.4%     -    0s
     0     0 2192.42230    0   53 2452.29000 2192.42230  10.6%     -    0s
     0     0 2192.44035    0   53 2452.29000 2192.44035  10.6%     -    0s
     0     0 2212.09978    0   33 2452.29000 2212.09978  9.79%     -    0s
H    0     0                    2302.3500000 2212.09978  3.92%     -    0s
     0     0 2213.32154    0   33 2302.35000 2213.32154  3.87%     -    0s
     0     0 2214.78171    0   25 2302.35000 2214.78171  3.80%     -    0s
     0     0 2214.78171    0   14 2302.35000 2214.78171  3.80%     -    0s
     0     0 2214.78171    0   25 2302.35000 2214.78171  3.80%     -    0s
H    0     0                    2266.6100000 2214.78171  2.29%     -    0s
     0     0 2224.13561    0   30 2266.61000 2224.13561  1.87%     -    0s
     0     0 2224.53448    0   20 2266.61000 2224.53448  1.86%     -    0s
     0     0 2264.09568    0   25 2266.61000 2264.09568  0.11%     -    0s

Cutting planes:
  Cover: 9
  Implied bound: 3
  MIR: 9
  Flow cover: 12
  Zero half: 1
  RLT: 6
  Relax-and-lift: 2

Explored 1 nodes (409 simplex iterations) in 0.11 seconds
Thread count was 2 (of 32 available processors)

Solution count 6: 2266.61 2302.35 2452.29 ... 3765.63

Optimal solution found (tolerance 1.00e-04)
Best objective 2.266610000000e+03, best bound 2.266610000000e+03, gap 0.0000%

User-callback calls 194, time in user-callback 0.00 sec
================================================================================
executing instance: ./input/Instances/Original/1/absH3high_1n45.dat
--------------------------------------------------------------------------------
Instance details
n	46
H	3
C	3462
Li:
[0, 0, 0, 0, 0, 0, 0, 0, 0, 0, 0, 0, 0, 0, 0, 0, 0, 0, 0, 0, 0, 0, 0, 0, 0, 0, 0, 0, 0, 0, 0, 0, 0, 0, 0, 0, 0, 0, 0, 0, 0, 0, 0, 0, 0, 0, ]
Ui:
[0, 273, 270, 36, 165, 192, 148, 45, 30, 75, 180, 198, 112, 117, 90, 64, 180, 22, 264, 174, 168, 270, 86, 66, 26, 66, 237, 156, 92, 108, 144, 72, 30, 45, 94, 54, 174, 96, 198, 136, 44, 180, 210, 249, 198, 48, ]
Distance matrix:
|0	281	201	160	249	201	93	431	236	139	252	136	116	166	390	110	349	374	303	180	327	464	236	70	44	461	346	439	363	254	312	426	305	206	71	137	169	200	247	260	20	219	256	253	460	278	|
|281	0	448	170	53	142	338	184	121	290	371	390	222	302	111	289	169	434	230	177	238	441	59	212	319	211	86	235	399	306	53	176	99	202	263	157	361	101	370	201	264	344	364	374	469	184	|
|201	448	0	285	430	325	114	556	361	171	191	64	228	174	546	294	453	306	364	289	388	435	393	254	157	585	491	536	318	254	490	554	436	407	266	292	108	388	186	337	207	181	205	190	408	364	|
|160	170	285	0	169	43	182	280	80	120	208	231	58	132	262	230	190	294	151	24	174	345	112	107	183	309	207	280	268	158	219	276	155	235	187	45	192	150	205	107	140	177	202	210	356	119	|
|249	53	430	169	0	152	317	238	145	282	377	369	212	299	157	242	215	452	261	183	273	474	76	181	290	264	140	287	421	320	63	229	145	148	221	142	352	53	374	226	234	346	370	378	498	215	|
|201	142	325	43	152	0	224	237	37	156	230	273	101	164	224	261	148	300	127	38	147	333	83	142	225	266	167	238	270	168	193	233	112	246	221	70	228	148	228	84	180	202	222	232	351	87	|
|93	338	114	182	317	224	0	460	262	92	180	52	124	112	440	199	364	307	292	191	317	415	284	140	57	490	387	452	304	208	377	457	336	297	163	181	84	274	175	256	95	152	188	180	402	280	|
|431	184	556	280	238	237	460	0	199	385	420	508	337	385	108	464	110	429	219	269	206	378	202	365	460	30	98	84	388	340	204	9	126	386	432	294	453	283	421	226	411	404	408	423	422	198	|
|236	121	361	80	145	37	262	199	0	191	255	310	138	197	191	290	114	312	118	72	133	330	69	175	262	229	132	204	279	186	174	195	75	258	251	102	262	153	254	81	216	230	246	257	353	72	|
|139	290	171	120	282	156	92	385	191	0	116	129	71	27	380	246	283	235	201	119	226	329	231	141	129	414	323	367	224	119	336	383	266	308	202	141	72	252	112	169	127	82	118	117	322	195	|
|252	371	191	208	377	230	180	420	255	116	0	187	178	90	443	361	311	127	204	195	224	246	313	257	232	446	382	380	129	81	423	421	320	422	318	242	100	355	5	195	241	34	15	2	225	224	|
|136	390	64	231	369	273	52	508	310	129	187	0	173	141	491	233	409	313	330	239	355	431	335	191	93	538	438	495	316	233	429	505	385	342	203	233	88	325	182	297	143	167	199	187	412	323	|
|116	222	228	58	212	101	124	337	138	71	178	173	0	91	319	206	244	284	187	69	212	357	165	85	130	367	265	333	264	151	267	333	213	244	161	70	140	181	175	145	97	145	177	180	359	165	|
|166	302	174	132	299	164	112	385	197	27	90	141	91	0	388	273	280	208	191	127	215	305	243	167	153	413	329	361	198	96	351	383	270	333	229	159	68	272	86	163	153	56	92	91	296	190	|
|390	111	546	262	157	224	440	108	191	380	443	491	319	388	0	399	164	480	264	261	261	456	156	320	426	125	62	186	442	369	107	99	125	300	374	260	452	210	443	252	372	420	433	446	494	227	|
|110	289	294	230	242	261	199	464	290	246	361	233	206	273	399	0	402	480	382	254	404	562	262	124	143	493	369	490	466	355	302	457	344	135	45	191	279	189	356	337	120	328	364	362	563	348	|
|349	169	453	190	215	148	364	110	114	283	311	409	244	280	164	402	0	324	110	174	101	292	151	289	372	135	109	90	284	230	212	111	70	354	364	216	348	245	312	118	329	295	298	313	330	90	|
|374	434	306	294	452	300	307	429	312	235	127	313	284	208	480	480	324	0	216	274	223	137	380	368	357	448	419	367	40	136	487	432	358	525	436	336	227	443	132	234	361	156	119	127	102	255	|
|303	230	364	151	261	127	292	219	118	201	204	330	187	191	264	382	110	216	0	128	25	213	185	258	314	243	203	176	178	123	282	221	144	372	338	193	256	270	206	45	283	193	191	206	239	46	|
|180	177	289	24	183	38	191	269	72	119	195	239	69	127	261	254	174	274	128	0	151	321	118	130	198	299	204	263	246	139	228	266	147	258	211	68	191	169	193	83	159	166	188	197	333	98	|
|327	238	388	174	273	147	317	206	133	226	224	355	212	215	261	404	101	223	25	151	0	203	198	281	339	228	202	156	184	143	288	209	146	390	362	215	280	286	226	68	308	215	210	226	235	61	|
|464	441	435	345	474	333	415	378	330	329	246	431	357	305	456	562	292	137	213	321	203	0	398	440	458	390	400	301	117	211	492	384	348	578	517	389	344	480	251	251	448	265	233	246	54	259	|
|236	59	393	112	76	83	284	202	69	231	313	335	165	243	156	262	151	380	185	118	198	398	0	167	270	231	110	233	347	250	110	195	85	203	230	103	303	95	311	150	217	284	305	315	422	139	|
|70	212	254	107	181	142	140	365	175	141	257	191	85	167	320	124	289	368	258	130	281	440	167	0	109	394	277	378	349	236	244	359	239	167	81	73	196	135	253	213	53	223	257	258	444	226	|
|44	319	157	183	290	225	57	460	262	129	232	93	130	153	426	143	372	357	314	198	339	458	270	109	0	490	379	462	351	247	353	456	334	250	110	168	140	243	226	274	56	201	238	232	449	294	|
|461	211	585	309	264	266	490	30	229	414	446	538	367	413	125	493	135	448	243	299	228	390	231	394	490	0	125	89	408	365	226	36	156	412	462	324	481	311	447	253	441	430	433	448	436	225	|
|346	86	491	207	140	167	387	98	132	323	382	438	265	329	62	369	109	419	203	204	202	400	110	277	379	125	0	155	381	307	113	90	63	288	339	211	394	186	382	190	327	359	371	384	436	165	|
|439	235	536	280	287	238	452	84	204	367	380	495	333	361	186	490	90	367	176	263	156	301	233	378	462	89	155	0	326	299	267	92	148	432	454	306	429	325	382	199	419	369	366	382	348	172	|
|363	399	318	268	421	270	304	388	279	224	129	316	264	198	442	466	284	40	178	246	184	117	347	349	351	408	381	326	0	113	452	391	321	502	422	311	229	415	134	199	348	152	118	130	98	219	|
|254	306	254	158	320	168	208	340	186	119	81	233	151	96	369	355	230	136	123	139	143	211	250	236	247	365	307	299	113	0	359	340	244	390	310	200	148	308	83	117	238	74	68	83	208	145	|
|312	53	490	219	63	193	377	204	174	336	423	429	267	351	107	302	212	487	282	228	288	492	110	244	353	226	113	267	452	359	0	195	145	194	283	199	407	115	421	254	296	394	415	425	521	237	|
|426	176	554	276	229	233	457	9	195	383	421	505	333	383	99	457	111	432	221	266	209	384	195	359	456	36	90	92	391	340	195	0	122	378	426	289	451	275	421	226	406	404	408	423	427	197	|
|305	99	436	155	145	112	336	126	75	266	320	385	213	270	125	344	70	358	144	147	146	348	85	239	334	156	63	148	321	244	145	122	0	286	310	168	336	177	320	128	285	298	309	322	381	103	|
|206	202	407	235	148	246	297	386	258	308	422	342	244	333	300	135	354	525	372	258	390	578	203	167	250	412	288	432	502	390	194	378	286	0	144	191	362	109	418	329	202	388	421	423	591	329	|
|71	263	266	187	221	221	163	432	251	202	318	203	161	229	374	45	364	436	338	211	362	517	230	81	110	462	339	454	422	310	283	426	310	144	0	150	239	168	313	294	77	285	321	319	518	306	|
|137	157	292	45	142	70	181	294	102	141	242	233	70	159	260	191	216	336	193	68	215	389	103	73	168	324	211	306	311	200	199	289	168	191	150	0	210	113	239	148	117	210	238	244	400	157	|
|169	361	108	192	352	228	84	453	262	72	100	88	140	68	452	279	348	227	256	191	280	344	303	196	140	481	394	429	229	148	407	451	336	362	239	210	0	318	95	231	164	79	111	100	325	258	|
|200	101	388	150	53	148	274	283	153	252	355	325	181	272	210	189	245	443	270	169	286	480	95	135	243	311	186	325	415	308	115	275	177	109	168	113	318	0	352	230	187	323	351	357	498	225	|
|247	370	186	205	374	228	175	421	254	112	5	182	175	86	443	356	312	132	206	193	226	251	311	253	226	447	382	382	134	83	421	421	320	418	313	239	95	352	0	196	237	30	19	6	230	224	|
|260	201	337	107	226	84	256	226	81	169	195	297	145	163	252	337	118	234	45	83	68	251	150	213	274	253	190	199	199	117	254	226	128	329	294	148	231	230	196	0	240	178	184	198	272	29	|
|20	264	207	140	234	180	95	411	216	127	241	143	97	153	372	120	329	361	283	159	308	448	217	53	56	441	327	419	348	238	296	406	285	202	77	117	164	187	237	240	0	208	245	242	446	257	|
|219	344	181	177	346	202	152	404	230	82	34	167	145	56	420	328	295	156	193	166	215	265	284	223	201	430	359	369	152	74	394	404	298	388	285	210	79	323	30	178	208	0	37	35	250	206	|
|256	364	205	202	370	222	188	408	246	118	15	199	177	92	433	364	298	119	191	188	210	233	305	257	238	433	371	366	118	68	415	408	309	421	321	238	111	351	19	184	245	37	0	17	214	212	|
|253	374	190	210	378	232	180	423	257	117	2	187	180	91	446	362	313	127	206	197	226	246	315	258	232	448	384	382	130	83	425	423	322	423	319	244	100	357	6	198	242	35	17	0	225	226	|
|460	469	408	356	498	351	402	422	353	322	225	412	359	296	494	563	330	102	239	333	235	54	422	444	449	436	436	348	98	208	521	427	381	591	518	400	325	498	230	272	446	250	214	225	0	285	|
|278	184	364	119	215	87	280	198	72	195	224	323	165	190	227	348	90	255	46	98	61	259	139	226	294	225	165	172	219	145	237	197	103	329	306	157	258	225	224	29	257	206	212	226	285	0	|

--------------------------------------------------------------------------------
Building model...
	using lazy and cut (CVRPSEP package)
Solving IRP LP...
--------------------------------------------------------------------------------

Gurobi 9.1.0 (linux64) logging started Sat Feb  6 09:14:26 2021

Gurobi Optimizer version 9.1.0 build v9.1.0rc0 (linux64)
Thread count: 32 physical cores, 32 logical processors, using up to 2 threads
Optimize a model with 1213 rows, 6940 columns and 16762 nonzeros
Model fingerprint: 0xcfe7dd85
Variable types: 454 continuous, 6486 integer (276 binary)
Coefficient statistics:
  Matrix range     [1e+00, 2e+03]
  Objective range  [1e-01, 6e+02]
  Bounds range     [1e+00, 3e+02]
  RHS range        [1e+00, 6e+03]
Presolve removed 252 rows and 261 columns
Presolve time: 0.07s
Presolved: 961 rows, 6679 columns, 15549 nonzeros
Variable types: 331 continuous, 6348 integer (6081 binary)

Root relaxation: objective 1.302212e+04, 635 iterations, 0.01 seconds

    Nodes    |    Current Node    |     Objective Bounds      |     Work
 Expl Unexpl |  Obj  Depth IntInf | Incumbent    BestBd   Gap | It/Node Time

     0     0 13022.1222    0  113          - 13022.1222      -     -    0s
     0     0 13432.9261    0  142          - 13432.9261      -     -    0s
     0     0 13432.9261    0  140          - 13432.9261      -     -    0s
     0     0 13924.9003    0  200          - 13924.9003      -     -    0s
     0     0 13930.0925    0  170          - 13930.0925      -     -    0s
     0     0 13930.1417    0  164          - 13930.1417      -     -    0s
     0     0 14024.4321    0  185          - 14024.4321      -     -    0s
     0     0 14074.3253    0  206          - 14074.3253      -     -    0s
     0     0 14090.0714    0  224          - 14090.0714      -     -    1s
     0     0 14183.3450    0  259          - 14183.3450      -     -    1s
     0     0 14184.7103    0  272          - 14184.7103      -     -    1s
     0     0 14250.5729    0  259          - 14250.5729      -     -    1s
     0     0 14258.0742    0  244          - 14258.0742      -     -    1s
     0     0 14258.8723    0  280          - 14258.8723      -     -    1s
     0     0 14276.2417    0  174          - 14276.2417      -     -    1s
     0     0 14283.1511    0  275          - 14283.1511      -     -    1s
     0     0 14306.3909    0  306          - 14306.3909      -     -    1s
     0     0 14308.4898    0  324          - 14308.4898      -     -    1s
     0     0 14317.1117    0  315          - 14317.1117      -     -    2s
     0     0 14320.8559    0  341          - 14320.8559      -     -    2s
     0     0 14321.7803    0  306          - 14321.7803      -     -    2s
     0     0 14323.6241    0  240          - 14323.6241      -     -    2s
     0     0 14330.4049    0  325          - 14330.4049      -     -    2s
     0     0 14334.0922    0  322          - 14334.0922      -     -    2s
     0     0 14334.4252    0  324          - 14334.4252      -     -    2s
     0     0 14335.0874    0  282          - 14335.0874      -     -    2s
     0     0 14335.0874    0  279          - 14335.0874      -     -    2s
     0     2 14335.0874    0  279          - 14335.0874      -     -    3s
    42    46 14481.5844   13  127          - 14368.0591      -   204    5s
   395   433 16841.1664  188   16          - 14368.0591      -  74.4   10s
   735   680 17807.9300  218  289          - 14383.8714      -  50.9   15s
   762   698 14638.0971   18  417          - 14411.6765      -  49.1   20s
   781   712 14451.8560   16  326          - 14424.0338      -  59.4   25s
   855   768 14841.8127   36  219          - 14424.0338      -  79.1   30s
   977   848 15156.2688   68  125          - 14424.0338      -  90.8   35s
  1182  1033 15607.9944  114   65          - 14424.0338      -  91.2   40s
* 1349  1066             172    16169.240000 14424.0338  10.8%  85.2   42s
  1380  1021 15735.7632  145   21 16169.2400 14424.0338  10.8%  83.7   49s
  1416  1034 15793.2000  158    2 16169.2400 14424.0338  10.8%  83.5   50s
  1505  1066 14506.2500   16  393 16169.2400 14427.3327  10.8%  85.8   55s
  1548  1105 14614.1599   23  319 16169.2400 14427.3327  10.8%  94.4   60s
  1616  1167 14714.9145   29  125 16169.2400 14427.3327  10.8%  96.9   65s
  1706  1231 14824.1061   33  105 16169.2400 14427.3327  10.8%  96.8   70s
  1770  1218 14896.7275   38   28 16169.2400 14427.3327  10.8%  97.0   80s
  1817  1255 15115.3411   54   39 16169.2400 14427.3327  10.8%   101   85s
  1859  1302 15377.2633   68   57 16169.2400 14427.3327  10.8%   103   90s
  1979  1355 15450.2550   84    2 16169.2400 14435.0811  10.7%   101   95s
* 1985   936              87    15470.580000 14435.0811  6.69%   101   95s
  2019   952 14652.1859   29  346 15470.5800 14435.0811  6.69%   105  100s
  2077  1013 14783.0682   40   89 15470.5800 14435.0811  6.69%   110  105s
  2204  1194 14976.4309   78   11 15470.5800 14435.0811  6.69%   111  111s
  2429  1158 15354.5000  128   22 15470.5800 14439.0554  6.67%   105  116s
* 2431  1091             130    15441.510000 14439.0554  6.49%   105  116s
* 2432  1041             130    15417.510000 14439.0554  6.35%   105  116s
* 2438  1008             132    15396.510000 14439.0554  6.22%   105  116s
  2467  1047 14569.3913   21  344 15396.5100 14459.6721  6.08%   108  120s
  2532  1130 14711.1957   35  174 15396.5100 14459.6721  6.08%   111  126s
  2669  1212 14873.4606   51   24 15396.5100 14459.6721  6.08%   110  131s
  2757  1324 15048.7210  103   21 15396.5100 14471.7570  6.01%   111  136s
  2882  1377     cutoff  141      15396.5100 14496.9511  5.84%   111  141s
  2947  1417 14897.3127   35  261 15396.5100 14500.8067  5.82%   113  146s
  3006  1486 15311.0275   69   30 15396.5100 14506.5393  5.78%   115  152s
  3051  1535 14817.2005   20  335 15396.5100 14506.5393  5.78%   116  155s
  3186  1669 14611.2355   19  252 15396.5100 14507.5696  5.77%   118  163s
  3263  1723 14918.6335   25  223 15396.5100 14507.5696  5.77%   118  166s
  3317  1786 15340.8216   61  106 15396.5100 14510.4862  5.75%   119  170s
  3407  1828 14821.6676   27  275 15396.5100 14510.4862  5.75%   121  176s
  3491  1898 15310.8948   39   21 15396.5100 14513.9751  5.73%   124  183s
  3545  1926 14745.4907   20  321 15396.5100 14513.9751  5.73%   125  187s
  3583  1998 14975.9895   33  222 15396.5100 14513.9751  5.73%   126  191s
  3660  2033 15343.8572   69   59 15396.5100 14520.7653  5.69%   126  195s
  3779  2106 14612.6497   20  347 15396.5100 14521.0343  5.69%   128  203s
  3820  2170 14859.7859   28  298 15396.5100 14521.0343  5.69%   130  208s
  3893  2236 15044.8350   45   28 15396.5100 14521.0343  5.69%   132  213s
  3977  2390 15177.2243   51   32 15396.5100 14523.6122  5.67%   132  220s
  4182  2427     cutoff  151      15396.5100 14528.5061  5.64%   129  225s
  4214  2500 14825.2066   27  161 15396.5100 14529.0891  5.63%   132  230s
  4287  2606 15058.1850   51   20 15396.5100 14529.0891  5.63%   134  237s
  4397  2734 15079.7394   90   64 15396.5100 14529.4065  5.63%   135  245s
  4661  2777 infeasible  175      15396.5100 14532.4293  5.61%   132  251s
  4702  2847 14854.8799   26  365 15396.5100 14534.6390  5.60%   133  258s
  4795  2927 14623.7671   19  303 15396.5100 14535.9373  5.59%   134  264s
  4870  3026 14957.2700   34   31 15396.5100 14535.9373  5.59%   135  285s
  4991  3135 15100.2600   59    - 15396.5100 14537.7421  5.58%   134  292s
  5168  3191 15369.1514  129   25 15396.5100 14538.9970  5.57%   134  299s
  5194  3191     cutoff   77      15396.5100 14540.3972  5.56%   134  300s
  5222  3286 14963.9983   41   82 15396.5100 14540.8551  5.56%   135  307s
  5344  3339 14934.1887   22  387 15396.5100 14541.7927  5.55%   135  314s
  5397  3393 15203.1103   29  165 15396.5100 14542.5161  5.55%   138  321s
  5479  3461 14857.0229   26  341 15396.5100 14544.4897  5.53%   139  328s
  5566  3541 14664.0998   21  334 15396.5100 14551.6076  5.49%   141  336s
  5670  3647 15392.7800   56    - 15396.5100 14553.2776  5.48%   142  344s
  5788  3755     cutoff   56      15396.5100 14553.4050  5.48%   142  352s
  5930  3785     cutoff   62      15396.5100 14557.3551  5.45%   143  360s
  5962  3939 14957.0079   26   83 15396.5100 14558.3329  5.44%   145  370s
  6130  4055 15337.4600  113    - 15396.5100 14558.7178  5.44%   145  379s
  6248  4155 15362.6600  113    - 15396.5100 14560.3234  5.43%   144  389s
  6328  4160 15314.7300  127    - 15396.5100 14561.4344  5.42%   144  390s
  6385  4244 15373.1600  113    - 15396.5100 14561.4820  5.42%   145  397s
  6487  4324 infeasible  113      15396.5100 14562.5171  5.42%   146  406s
  6570  4444 15148.1714   34  124 15396.5100 14563.7893  5.41%   148  415s
* 6599  3307              53    15183.420000 14563.7893  4.08%   148  415s
  6737  3293     cutoff   43      15183.4200 14563.9859  4.08%   148  424s
  6788  3390 15167.4918   47   50 15183.4200 14564.8560  4.07%   150  432s
  6909  3454 15058.8264   42  133 15183.4200 14565.6934  4.07%   151  440s
  7009  3620 14858.0005   22  157 15183.4200 14568.1814  4.05%   153  451s
  7205  3639 15137.3400   49    - 15183.4200 14568.4126  4.05%   153  460s
  7249  3713     cutoff   54      15183.4200 14572.0686  4.03%   154  472s
  7354  3800     cutoff   59      15183.4200 14572.8952  4.02%   156  484s
  7517  3943     cutoff   82      15183.4200 14576.4167  4.00%   157  496s
  7686  3990 15167.0045   76    8 15183.4200 14580.1854  3.97%   158  507s
* 7688  3873              78    15167.090000 14580.1854  3.87%   158  507s
  7749  3979 14726.7613   25  278 15167.0900 14580.6535  3.87%   160  520s
  7895  4000 14986.0725   26  269 15167.0900 14581.6687  3.86%   162  532s
  7925  4075 14699.9538   22  249 15167.0900 14581.8242  3.86%   163  544s
  8046  4144 14773.2223   21  214 15167.0900 14583.7963  3.85%   165  555s
H 8155  3802                    15119.090000 14584.1751  3.54%   167  568s
  8267  3863     cutoff   34      15119.0900 14586.2956  3.52%   169  580s
  8357  3950     cutoff   47      15119.0900 14586.5634  3.52%   171  593s
  8508  4031 15037.2000   51   75 15119.0900 14587.9741  3.51%   173  605s
  8629  4149     cutoff   45      15119.0900 14590.5283  3.50%   174  618s
  8777  4242 infeasible   74      15119.0900 14591.5818  3.49%   176  632s
  8914  4299 15110.9952   46  123 15119.0900 14592.1473  3.49%   178  644s
  8969  4299 14998.9730   35  107 15119.0900 14592.9153  3.48%   179  645s
  9051  4415 15077.8414   34  154 15119.0900 14594.6403  3.47%   179  658s
  9243  4525 14884.2261   29  284 15119.0900 14598.7975  3.44%   179  673s
  9391  4658 14852.2283   30  304 15119.0900 14603.5559  3.41%   181  687s
  9562  4810     cutoff   66      15119.0900 14603.6417  3.41%   181  702s
  9789  4885     cutoff   65      15119.0900 14604.5645  3.40%   181  716s
  9898  4978 14830.7974   28  298 15119.0900 14604.8156  3.40%   183  730s
 10048  5051 14753.4395   19  295 15119.0900 14606.3741  3.39%   185  743s
 10166  5156 14897.8940   32   96 15119.0900 14608.6036  3.38%   186  757s
 10326  5236     cutoff   72      15119.0900 14609.5981  3.37%   187  771s
 10426  5321 14816.6469   29  239 15119.0900 14609.7967  3.37%   189  784s
 10467  5321 15095.7000   40   14 15119.0900 14609.7967  3.37%   189  785s
 10558  5383     cutoff   47      15119.0900 14611.3397  3.36%   191  798s
 10645  5437 14975.2622   39  328 15119.0900 14612.0663  3.35%   193  811s
 10748  5513 14826.3518   24  306 15119.0900 14612.1735  3.35%   194  825s
 10836  5592 15030.5315   45  216 15119.0900 14613.7816  3.34%   196  839s
 10895  5592 14741.0788   22  308 15119.0900 14613.7816  3.34%   197  840s
 10965  5650 14855.5058   24  113 15119.0900 14614.6826  3.34%   198  855s
 11049  5725 14967.6504   29  197 15119.0900 14614.8715  3.33%   200  869s
 11162  5796 14852.5602   35  334 15119.0900 14615.7641  3.33%   202  883s
 11272  5860 14783.2528   26  437 15119.0900 14617.2374  3.32%   203  897s
 11374  6009 14725.1005   27  402 15119.0900 14618.1124  3.31%   205  912s
 11555  6066     cutoff  106      15119.0900 14618.2958  3.31%   206  927s
 11685  6154     cutoff   46      15119.0900 14618.7484  3.31%   207  943s
 11817  6192     cutoff   66      15119.0900 14619.9841  3.30%   208  959s
 11902  6289 15029.2590   32  275 15119.0900 14620.1708  3.30%   210  975s
 12050  6425 14750.4199   19  414 15119.0900 14621.4117  3.29%   211  993s
 12223  6517 14869.3265   27  210 15119.0900 14622.6470  3.28%   212 1010s
 12362  6579 14981.2678   24  365 15119.0900 14623.8246  3.28%   213 1026s
 12478  6697 15064.5662   48  205 15119.0900 14624.1950  3.27%   215 1042s
 12654  6754 14901.7471   29  330 15119.0900 14625.1775  3.27%   216 1059s
 12763  6835 14926.9128   29  253 15119.0900 14627.1435  3.25%   217 1075s
 12910  6946 14710.2887   23  452 15119.0900 14629.3230  3.24%   218 1093s
 13049  7024 14956.2036   36  254 15119.0900 14630.1436  3.23%   219 1111s
 13157  7092 14870.5974   23  347 15119.0900 14631.3234  3.23%   220 1127s
 13243  7140 15019.6085   31  241 15119.0900 14631.3980  3.23%   222 1144s
 13394  7143 15096.2900   42    - 15119.0900 14631.6071  3.22%   223 1145s
 13448  7204 14991.9620   31  273 15119.0900 14632.0402  3.22%   223 1160s
 13580  7283 14971.8213   36  290 15119.0900 14633.5292  3.21%   224 1176s
 13703  7379 14972.3875   44  155 15119.0900 14634.8571  3.20%   225 1194s
 13834  7559 14952.6324   35  304 15119.0900 14635.1548  3.20%   226 1214s
 13876  7559 14864.6440   40  153 15119.0900 14635.1548  3.20%   227 1215s
 14084  7670 14983.4500   61    - 15119.0900 14635.3374  3.20%   226 1233s
 14248  7779 14988.2700   61    - 15119.0900 14636.1971  3.19%   227 1251s
 14391  7885 14997.2900   61    - 15119.0900 14638.4796  3.18%   228 1270s
 14550  7986 14998.6300   61   10 15119.0900 14640.3944  3.17%   228 1288s
 14703  8120 15014.7500   62   12 15119.0900 14642.3496  3.15%   229 1307s
 14911  8239 15101.8400   66    4 15119.0900 14644.2183  3.14%   229 1326s
 15075  8349     cutoff   30      15119.0900 14645.4865  3.13%   230 1344s
 15131  8349 15002.2552   34   96 15119.0900 14645.4865  3.13%   230 1345s
 15239  8424 15051.7053   32   93 15119.0900 14646.4871  3.13%   229 1362s
 15373  8549 14684.2308   25  285 15119.0900 14647.4989  3.12%   230 1380s
 15555  8619 14889.8521   24  298 15119.0900 14648.6403  3.11%   231 1398s
 15670  8726 14879.3273   35  283 15119.0900 14649.0130  3.11%   232 1511s
H15737  2787                    14874.350000 14649.0130  1.51%   232 1511s
 15816  2733     cutoff   40      14874.3500 14649.8075  1.51%   232 1531s
 15932  2751 14785.4514   23  324 14874.3500 14652.2591  1.49%   234 1548s
 16045  2767     cutoff   32      14874.3500 14653.3391  1.49%   235 1565s
 16159  2787 14867.2076   30  333 14874.3500 14654.6541  1.48%   236 1582s
 16253  2800 14842.0625   24  127 14874.3500 14655.9508  1.47%   238 1599s
 16356  2810 14856.0628   24  300 14874.3500 14657.1790  1.46%   240 1616s
 16471  2837 14737.7678   25  428 14874.3500 14659.2750  1.45%   241 1634s
 16594  2846 14843.1869   24  295 14874.3500 14660.2848  1.44%   242 1653s
 16707  2857 14857.5401   21  194 14874.3500 14661.2686  1.43%   244 1670s
 16820  2869 14836.9462   33  336 14874.3500 14663.3534  1.42%   245 1687s
 16933  2896     cutoff   24      14874.3500 14664.1869  1.41%   246 1705s
 17059  2901 14800.8823   24  426 14874.3500 14666.6192  1.40%   248 1722s
H17160  2489                    14851.900000 14668.0855  1.24%   249 1743s
 17230  2509     cutoff   29      14851.9000 14669.4032  1.23%   250 1761s
 17340  2526 14766.4533   28  330 14851.9000 14671.5023  1.21%   251 1781s
 17461  2531     cutoff   33      14851.9000 14672.5690  1.21%   252 1799s
 17570  2558 14717.1709   25  307 14851.9000 14674.0168  1.20%   254 1820s
 17703  2554     cutoff   28      14851.9000 14675.4011  1.19%   255 1838s
 17816  2559 14797.3032   21  357 14851.9000 14677.1415  1.18%   256 1857s
 17927  2564 14756.1664   26  180 14851.9000 14678.6195  1.17%   258 1877s
 18084  2573     cutoff   27      14851.9000 14680.7802  1.15%   259 1895s
 18220  2603 14791.8755   32  240 14851.9000 14682.9066  1.14%   260 1915s
 18376  2618 14782.0926   27  273 14851.9000 14684.7510  1.13%   261 1935s
 18510  2642 14835.6665   28  275 14851.9000 14685.6510  1.12%   262 1955s
H18545  2518                    14844.380000 14685.6510  1.07%   262 1956s
 18630  2534 14765.1306   24  371 14844.3800 14688.3518  1.05%   263 1975s
 18781  2546 14775.8639   28  408 14844.3800 14690.3695  1.04%   264 1995s
 18904  2548     cutoff   29      14844.3800 14691.9272  1.03%   265 2014s
 19045  2556 14719.2035   24  288 14844.3800 14693.7485  1.01%   266 2033s
 19177  2553     cutoff   32      14844.3800 14694.8970  1.01%   267 2052s
 19291  2559 infeasible   26      14844.3800 14697.3162  0.99%   269 2071s
 19426  2580 14783.0340   28  150 14844.3800 14698.4384  0.98%   270 2091s
 19587  2577     cutoff   24      14844.3800 14699.6500  0.97%   271 2112s
 19742  2593 14828.6104   26  220 14844.3800 14700.5678  0.97%   272 2132s
 19902  2595     cutoff   33      14844.3800 14702.3119  0.96%   273 2151s
 20038  2601 infeasible   31      14844.3800 14703.9344  0.95%   274 2172s
 20205  2608     cutoff   29      14844.3800 14705.4289  0.94%   274 2196s
 20327  2602     cutoff   28      14844.3800 14706.7195  0.93%   275 2217s
 20457  2597 14760.0868   21  356 14844.3800 14708.3681  0.92%   276 2237s
 20584  2597     cutoff   26      14844.3800 14710.3807  0.90%   278 2258s
 20734  2594 14816.5114   23  317 14844.3800 14711.7709  0.89%   278 2278s
 20864  2598     cutoff   29      14844.3800 14713.8816  0.88%   280 2298s
 21016  2600     cutoff   24      14844.3800 14715.2612  0.87%   281 2318s
 21182  2586     cutoff   26      14844.3800 14716.8871  0.86%   281 2339s
 21322  2588     cutoff   25      14844.3800 14718.3665  0.85%   282 2372s
 21566  2585 14825.7576   22  299 14844.3800 14720.3933  0.84%   284 2402s
 21778  2576 14805.4030   24  164 14844.3800 14722.9084  0.82%   285 2434s
 21898  2576 14783.0638   27  272 14844.3800 14725.8813  0.80%   286 2435s
 22036  2566     cutoff   21      14844.3800 14726.1397  0.80%   286 2465s
 22286  2553     cutoff   30      14844.3800 14727.9182  0.78%   287 2494s
 22493  2532     cutoff   26      14844.3800 14730.3363  0.77%   288 2523s
 22717  2509     cutoff   28      14844.3800 14732.9932  0.75%   289 2554s
 22812  2509     cutoff   32      14844.3800 14735.2690  0.74%   290 2555s
 22924  2479 14809.7725   28  290 14844.3800 14735.3050  0.73%   291 2585s
 23148  2453     cutoff   28      14844.3800 14737.1065  0.72%   292 2616s
 23383  2430 14831.2927   27  283 14844.3800 14739.2136  0.71%   293 2650s
 23621  2396     cutoff   30      14844.3800 14741.2616  0.69%   294 2682s
 23857  2354 14782.1113   34  292 14844.3800 14743.8658  0.68%   295 2713s
 24092  2325     cutoff   22      14844.3800 14746.3184  0.66%   296 2741s
 24342  2304 14779.5734   25  224 14844.3800 14749.2655  0.64%   296 2772s
 24591  2274     cutoff   27      14844.3800 14751.3633  0.63%   297 2801s
 24834  2269     cutoff   22      14844.3800 14753.4425  0.61%   298 2831s
 25076  2239     cutoff   29      14844.3800 14755.7136  0.60%   298 2862s
 25321  2184 14789.9757   29  378 14844.3800 14758.2396  0.58%   299 2895s
 25571  2125     cutoff   27      14844.3800 14761.2206  0.56%   300 2926s
 25828  2072     cutoff   25      14844.3800 14763.8321  0.54%   300 2958s
 26069  2026     cutoff   33      14844.3800 14766.2126  0.53%   301 2992s
 26341  1980     cutoff   21      14844.3800 14768.1327  0.51%   302 3023s
*26548  1971              44    14843.980000 14770.3892  0.50%   302 3023s
 26624  1897     cutoff   30      14843.9800 14770.4458  0.50%   302 3052s
 26932  1837     cutoff   35      14843.9800 14773.2993  0.48%   302 3083s
 27192  1767     cutoff   23      14843.9800 14776.6703  0.45%   302 3115s
 27488  1681     cutoff   32      14843.9800 14779.0569  0.44%   303 3146s
*27496   846              35    14808.900000 14779.0569  0.20%   302 3146s
 27793   722     cutoff   24      14808.9000 14782.1883  0.18%   302 3158s
 27935   599     cutoff   24      14808.9000 14785.8938  0.16%   302 3169s
 28067   464 14796.9714   36  227 14808.9000 14790.1058  0.13%   301 3177s
 28222   316     cutoff   24      14808.9000 14794.4972  0.10%   300 3185s
 28382   153     cutoff   31      14808.9000 14799.2423  0.07%   299 3191s
 28550     0     cutoff   30      14808.9000 14803.7286  0.03%   297 3195s

Cutting planes:
  User: 2204
  Gomory: 21
  Cover: 262
  Implied bound: 118
  Clique: 21
  MIR: 95
  StrongCG: 5
  Flow cover: 307
  GUB cover: 1
  Zero half: 51
  RLT: 230
  Relax-and-lift: 4
  Lazy constraints: 3608

Explored 28710 nodes (8494483 simplex iterations) in 3195.71 seconds
Thread count was 2 (of 32 available processors)

Solution count 10: 14808.9 14844 14844.4 ... 15417.5

Optimal solution found (tolerance 1.00e-04)
Best objective 1.480890000000e+04, best bound 1.480890000000e+04, gap 0.0000%

User-callback calls 208404, time in user-callback 117.45 sec
================================================================================
executing instance: ./input/Instances/Original/1/absH3high_2n45.dat
--------------------------------------------------------------------------------
Instance details
n	46
H	3
C	3171
Li:
[0, 0, 0, 0, 0, 0, 0, 0, 0, 0, 0, 0, 0, 0, 0, 0, 0, 0, 0, 0, 0, 0, 0, 0, 0, 0, 0, 0, 0, 0, 0, 0, 0, 0, 0, 0, 0, 0, 0, 0, 0, 0, 0, 0, 0, 0, ]
Ui:
[0, 246, 160, 78, 20, 87, 144, 40, 20, 82, 60, 96, 24, 136, 160, 108, 160, 26, 228, 51, 24, 240, 231, 70, 32, 105, 174, 114, 246, 126, 132, 76, 22, 42, 255, 132, 148, 162, 66, 111, 102, 240, 123, 201, 297, 78, ]
Distance matrix:
|0	148	402	550	329	420	187	318	366	280	504	273	233	333	112	344	379	481	113	593	159	523	261	424	90	359	163	461	413	240	105	299	265	89	371	462	339	273	495	22	41	439	369	506	563	468	|
|148	0	284	517	394	284	136	369	244	311	496	166	329	355	223	202	338	388	204	565	254	506	118	346	71	423	173	471	336	118	105	352	198	105	248	428	302	305	487	153	179	441	230	497	517	370	|
|402	284	0	350	448	80	228	406	42	343	382	129	456	350	412	126	219	131	382	395	410	371	180	137	314	466	289	400	137	167	389	401	169	316	39	280	217	342	373	394	414	362	108	380	324	106	|
|550	517	350	0	339	429	385	308	374	295	93	375	431	249	481	461	180	239	458	48	445	57	474	214	496	333	387	160	216	424	601	321	320	471	376	90	217	301	93	530	534	146	452	88	52	262	|
|329	394	448	339	0	513	282	42	438	105	255	363	115	108	221	484	259	431	217	365	172	289	436	362	333	30	224	189	353	380	423	47	291	296	443	285	240	107	251	307	294	193	495	260	378	437	|
|420	284	80	429	513	0	267	473	76	408	462	163	509	421	449	86	298	201	421	474	455	451	167	217	330	533	333	478	217	181	386	466	225	341	70	360	291	406	453	416	438	440	59	460	400	176	|
|187	136	228	385	282	267	0	249	199	186	360	104	248	224	184	214	207	294	155	432	189	371	155	237	113	308	68	336	227	101	216	236	78	98	205	296	168	181	350	174	190	305	231	360	390	283	|
|318	369	406	308	42	473	249	0	397	66	229	325	128	67	216	447	218	389	206	337	168	260	402	320	311	61	196	167	311	345	406	19	252	275	403	248	198	70	223	296	286	164	457	233	344	395	|
|366	244	42	374	438	76	199	397	0	332	397	96	436	346	383	90	228	168	354	420	385	389	139	161	277	458	263	408	158	128	349	391	150	282	6	298	218	331	388	359	380	370	78	395	352	144	|
|280	311	343	295	105	408	186	66	332	0	231	259	142	53	191	380	171	337	173	332	150	257	337	267	258	127	139	182	258	280	359	58	186	223	338	222	143	6	224	258	254	164	390	234	323	340	|
|504	496	382	93	255	462	360	229	397	231	0	375	356	180	422	478	173	293	403	110	381	36	474	248	463	245	345	68	246	419	568	244	308	433	400	104	200	237	9	482	482	67	474	5	142	312	|
|273	166	129	375	363	163	104	325	96	259	375	0	347	283	288	121	202	221	259	423	292	376	99	183	186	386	170	370	175	52	269	315	76	187	102	288	177	256	365	265	285	333	133	374	365	204	|
|233	329	456	431	115	509	248	128	436	142	356	347	0	181	121	462	311	472	128	463	76	386	398	403	260	141	180	294	392	349	334	111	287	224	442	362	280	139	350	212	194	289	479	360	463	472	|
|333	355	350	249	108	421	224	67	346	53	180	283	181	0	244	403	152	324	226	283	201	207	369	256	307	118	186	129	247	311	409	74	208	273	351	183	136	59	173	311	307	113	410	183	282	331	|
|112	223	412	481	221	449	184	216	383	191	422	288	121	244	0	387	327	461	30	521	49	447	313	396	152	250	125	371	385	273	214	196	249	121	389	400	288	185	415	91	74	355	408	425	503	454	|
|344	202	126	461	484	86	214	447	90	380	478	121	462	403	387	0	305	256	360	508	400	473	84	250	255	507	282	482	246	115	302	437	196	271	90	382	288	377	469	343	367	444	28	476	441	232	|
|379	338	219	180	259	298	207	218	228	171	173	202	311	152	327	305	0	172	301	227	300	174	302	105	318	270	217	180	97	249	423	221	141	296	232	90	40	173	164	361	368	142	303	172	184	180	|
|481	388	131	239	431	201	294	389	168	337	293	221	472	324	461	256	172	0	432	280	446	273	300	70	400	442	337	330	80	271	490	391	217	391	167	191	194	339	286	468	483	294	239	289	203	26	|
|113	204	382	458	217	421	155	206	354	173	403	259	128	226	30	360	301	432	0	499	52	426	287	367	133	246	95	355	356	246	208	187	219	100	360	376	261	167	395	90	81	337	381	406	478	425	|
