




arguments: ./build/irp_solver -f ./input/SF-7.cfg
Current dir: /scratch/mardar/irp_lp_solver-master
File verbosity level: 9
date       time         ( uptime  ) [ thread name/id ]                   file:line     v| 
2020-12-09 20:31:03.697 (   0.070s) [main thread     ]             loguru.cpp:789   INFO| Logging to './output/SF/OU/7/execution_09_12_2020_20_31_03.log', mode: 'a', verbosity: 9
--------------------------------------------------------------------------------
Parameters
                           instance_path                    ./input/Instances/7/
                            model_policy                                       1
                             nb_vehicles                                       1
                              output_dir                       ./output/SF/OU/7/
                            sec_strategy                                       1
                       solver_nb_threads                                       2
                         solver_show_log                                   false
                       solver_time_limit                                    3600
--------------------------------------------------------------------------------
executing instance: ./input/Instances/7/absH3high_1n20_7.dat
--------------------------------------------------------------------------------
Instance details
n	21
H	3
C	1599
Li:
[0, 0, 0, 0, 0, 0, 0, 0, 0, 0, 0, 0, 0, 0, 0, 0, 0, 0, 0, 0, 0, ]
Ui:
[0, 198, 46, 118, 276, 42, 110, 267, 264, 36, 117, 144, 160, 174, 64, 213, 40, 153, 129, 94, 30, ]
Distance matrix:
|0	361	431	401	79	400	392	341	95	371	370	355	92	348	343	194	292	266	265	245	115	|
|361	0	361	100	385	240	177	341	354	110	222	341	398	78	239	345	190	374	151	304	451	|
|431	361	0	282	383	127	193	95	499	255	139	80	519	429	127	251	193	196	444	187	431	|
|401	100	282	0	406	156	90	284	415	37	146	280	455	178	175	333	152	342	242	275	472	|
|79	385	383	406	0	374	379	289	175	372	346	304	166	388	314	134	275	202	316	197	66	|
|400	240	127	156	374	0	66	151	448	131	30	142	477	312	60	261	112	237	344	189	434	|
|392	177	193	90	379	66	0	203	427	67	61	197	461	252	95	283	104	275	294	216	443	|
|341	341	95	284	289	151	203	0	415	250	143	15	431	398	110	156	152	102	394	97	337	|
|95	354	499	415	175	448	427	415	0	392	417	427	47	321	397	279	336	352	226	319	201	|
|371	110	255	37	372	131	67	250	392	0	117	247	430	185	141	296	115	305	235	238	438	|
|370	222	139	146	346	30	61	143	417	117	0	137	447	292	38	237	81	220	317	167	407	|
|355	341	80	280	304	142	197	15	427	247	137	0	444	400	106	171	154	117	399	110	351	|
|92	398	519	455	166	477	461	431	47	430	447	444	0	368	423	286	366	359	273	334	177	|
|348	78	429	178	388	312	252	398	321	185	292	400	368	0	303	375	246	415	97	346	450	|
|343	239	127	175	314	60	95	110	397	141	38	106	423	303	0	201	67	182	318	130	374	|
|194	345	251	333	134	261	283	156	279	296	237	171	286	375	201	0	183	73	332	72	181	|
|292	190	193	152	275	112	104	152	336	115	81	154	366	246	67	183	0	191	252	123	339	|
|266	374	196	342	202	237	275	102	352	305	220	117	359	415	182	73	191	0	386	70	241	|
|265	151	444	242	316	344	294	394	226	235	317	399	273	97	318	332	252	386	0	322	374	|
|245	304	187	275	197	189	216	97	319	238	167	110	334	346	130	72	123	70	322	0	251	|
|115	451	431	472	66	434	443	337	201	438	407	351	177	450	374	181	339	241	374	251	0	|

--------------------------------------------------------------------------------
Building model...
	using lazy and cut (CVRPSEP package)
Solving IRP LP...


Gurobi 9.1.0 (linux64) logging started Wed Dec  9 20:31:09 2020

================================================================================
executing instance: ./input/Instances/7/absH6high_1n15_7.dat
--------------------------------------------------------------------------------
Instance details
n	16
H	6
C	1360
Li:
[0, 0, 0, 0, 0, 0, 0, 0, 0, 0, 0, 0, 0, 0, 0, 0, ]
Ui:
[0, 297, 108, 294, 110, 92, 176, 170, 130, 158, 219, 204, 64, 153, 44, 30, ]
Distance matrix:
|0	136	374	32	345	344	230	34	321	103	290	76	196	173	160	158	|
|136	0	294	110	360	318	145	146	252	114	339	91	160	68	280	277	|
|374	294	0	369	251	146	151	357	57	405	314	298	184	343	534	424	|
|32	110	369	0	361	352	221	61	318	75	313	74	197	142	173	190	|
|345	360	251	361	0	106	260	312	213	430	94	296	204	428	469	289	|
|344	318	146	352	106	0	190	317	115	410	181	279	160	383	490	337	|
|230	145	151	221	260	190	0	217	107	254	276	154	74	201	390	311	|
|34	146	357	61	312	317	217	0	302	135	256	67	174	193	178	134	|
|321	252	57	318	213	115	107	302	0	359	265	246	128	307	480	367	|
|103	114	405	75	430	410	254	135	359	0	386	134	250	104	186	259	|
|290	339	314	313	94	181	276	256	265	386	0	260	205	407	393	204	|
|76	91	298	74	296	279	154	67	246	134	260	0	123	152	236	189	|
|196	160	184	197	204	160	74	174	128	250	205	123	0	227	353	246	|
|173	68	343	142	428	383	201	193	307	104	407	152	227	0	289	327	|
|160	280	534	173	469	490	390	178	480	186	393	236	353	289	0	197	|
|158	277	424	190	289	337	311	134	367	259	204	189	246	327	197	0	|

--------------------------------------------------------------------------------
Building model...
	using lazy and cut (CVRPSEP package)
Solving IRP LP...


Gurobi 9.1.0 (linux64) logging started Wed Dec  9 20:31:11 2020

================================================================================
executing instance: ./input/Instances/7/absH3low_5n15_7.dat
--------------------------------------------------------------------------------
Instance details
n	16
H	3
C	1021
Li:
[0, 0, 0, 0, 0, 0, 0, 0, 0, 0, 0, 0, 0, 0, 0, 0, ]
Ui:
[0, 172, 90, 104, 142, 144, 110, 42, 132, 116, 26, 110, 159, 48, 84, 68, ]
Distance matrix:
|0	192	407	375	353	124	327	302	284	191	270	168	87	246	171	156	|
|192	0	216	227	315	301	150	121	315	283	334	318	128	271	42	248	|
|407	216	0	163	366	505	100	112	430	448	471	509	343	395	249	422	|
|375	227	163	0	210	439	98	124	295	343	343	423	343	269	269	329	|
|353	315	366	210	0	354	275	284	119	217	174	311	372	125	348	227	|
|124	301	505	439	354	0	415	395	252	142	216	64	211	230	288	127	|
|327	150	100	98	275	415	0	30	331	348	370	414	277	295	190	325	|
|302	121	112	124	284	395	30	0	329	337	365	397	249	291	161	311	|
|284	315	430	295	119	252	331	329	0	110	54	200	328	45	336	133	|
|191	283	448	343	217	142	348	337	110	0	80	94	254	92	290	38	|
|270	334	471	343	174	216	370	365	54	80	0	158	327	76	349	114	|
|168	318	509	423	311	64	414	397	200	94	158	0	250	186	313	95	|
|87	128	343	343	372	211	277	249	328	254	327	250	0	285	95	216	|
|246	271	395	269	125	230	295	291	45	92	76	186	285	0	291	104	|
|171	42	249	269	348	288	190	161	336	290	349	313	95	291	0	254	|
|156	248	422	329	227	127	325	311	133	38	114	95	216	104	254	0	|

--------------------------------------------------------------------------------
Building model...
	using lazy and cut (CVRPSEP package)
Solving IRP LP...


Gurobi 9.1.0 (linux64) logging started Wed Dec  9 20:31:15 2020

================================================================================
executing instance: ./input/Instances/7/absH3high_5n20_7.dat
--------------------------------------------------------------------------------
Instance details
n	21
H	3
C	1734
Li:
[0, 0, 0, 0, 0, 0, 0, 0, 0, 0, 0, 0, 0, 0, 0, 0, 0, 0, 0, 0, 0, ]
Ui:
[0, 194, 237, 114, 128, 184, 261, 237, 48, 142, 207, 207, 40, 68, 120, 118, 72, 84, 102, 144, 135, ]
Distance matrix:
|0	305	577	573	552	92	274	254	461	431	284	380	408	408	400	384	384	345	243	286	285	|
|305	0	276	278	247	218	61	81	276	130	80	221	111	118	172	209	86	220	129	188	285	|
|577	276	0	37	84	486	303	348	279	177	330	390	168	170	308	287	217	339	352	360	455	|
|573	278	37	0	118	482	298	354	248	194	339	411	168	165	330	262	229	316	342	342	434	|
|552	247	84	118	0	465	289	307	331	124	284	318	158	169	237	319	171	366	349	373	474	|
|92	218	486	482	465	0	183	180	375	347	211	331	318	317	335	297	301	262	152	202	224	|
|274	61	303	298	289	183	0	110	241	182	124	274	136	134	232	167	143	166	68	128	224	|
|254	81	348	354	307	180	110	0	348	183	31	174	189	198	157	276	136	275	158	230	313	|
|461	276	279	248	331	375	241	348	0	308	355	491	222	202	427	79	303	119	228	176	226	|
|431	130	177	194	124	347	182	183	308	0	160	219	87	107	139	268	47	301	248	290	393	|
|284	80	330	339	284	211	124	31	355	160	0	151	178	190	127	286	114	290	180	249	337	|
|380	221	390	411	318	331	274	174	491	219	151	0	283	302	82	429	197	439	331	401	488	|
|408	111	168	168	158	318	136	189	222	87	178	283	0	21	211	182	86	219	191	218	320	|
|408	118	170	165	169	317	134	198	202	107	190	302	21	0	230	163	105	202	184	204	306	|
|400	172	308	330	237	335	232	157	427	139	127	82	211	230	0	372	125	390	297	360	455	|
|384	209	287	262	319	297	167	276	79	268	286	429	182	163	372	0	252	55	149	102	174	|
|384	86	217	229	171	301	143	136	303	47	114	197	86	105	125	252	0	278	210	260	361	|
|345	220	339	316	366	262	166	275	119	301	290	439	219	202	390	55	278	0	127	60	119	|
|243	129	352	342	349	152	68	158	228	248	180	331	191	184	297	149	210	127	0	73	159	|
|286	188	360	342	373	202	128	230	176	290	249	401	218	204	360	102	260	60	73	0	103	|
|285	285	455	434	474	224	224	313	226	393	337	488	320	306	455	174	361	119	159	103	0	|

--------------------------------------------------------------------------------
Building model...
	using lazy and cut (CVRPSEP package)
Solving IRP LP...


Gurobi 9.1.0 (linux64) logging started Wed Dec  9 20:31:15 2020

================================================================================
executing instance: ./input/Instances/7/absH3high_5n15_7.dat
--------------------------------------------------------------------------------
Instance details
n	16
H	3
C	1021
Li:
[0, 0, 0, 0, 0, 0, 0, 0, 0, 0, 0, 0, 0, 0, 0, 0, ]
Ui:
[0, 172, 90, 104, 142, 144, 110, 42, 132, 116, 26, 110, 159, 48, 84, 68, ]
Distance matrix:
|0	192	407	375	353	124	327	302	284	191	270	168	87	246	171	156	|
|192	0	216	227	315	301	150	121	315	283	334	318	128	271	42	248	|
|407	216	0	163	366	505	100	112	430	448	471	509	343	395	249	422	|
|375	227	163	0	210	439	98	124	295	343	343	423	343	269	269	329	|
|353	315	366	210	0	354	275	284	119	217	174	311	372	125	348	227	|
|124	301	505	439	354	0	415	395	252	142	216	64	211	230	288	127	|
|327	150	100	98	275	415	0	30	331	348	370	414	277	295	190	325	|
|302	121	112	124	284	395	30	0	329	337	365	397	249	291	161	311	|
|284	315	430	295	119	252	331	329	0	110	54	200	328	45	336	133	|
|191	283	448	343	217	142	348	337	110	0	80	94	254	92	290	38	|
|270	334	471	343	174	216	370	365	54	80	0	158	327	76	349	114	|
|168	318	509	423	311	64	414	397	200	94	158	0	250	186	313	95	|
|87	128	343	343	372	211	277	249	328	254	327	250	0	285	95	216	|
|246	271	395	269	125	230	295	291	45	92	76	186	285	0	291	104	|
|171	42	249	269	348	288	190	161	336	290	349	313	95	291	0	254	|
|156	248	422	329	227	127	325	311	133	38	114	95	216	104	254	0	|

--------------------------------------------------------------------------------
Building model...
	using lazy and cut (CVRPSEP package)
Solving IRP LP...


Gurobi 9.1.0 (linux64) logging started Wed Dec  9 20:31:24 2020

================================================================================
executing instance: ./input/Instances/7/absH3low_3n50_7.dat
--------------------------------------------------------------------------------
Instance details
n	51
H	3
C	3834
Li:
[0, 0, 0, 0, 0, 0, 0, 0, 0, 0, 0, 0, 0, 0, 0, 0, 0, 0, 0, 0, 0, 0, 0, 0, 0, 0, 0, 0, 0, 0, 0, 0, 0, 0, 0, 0, 0, 0, 0, 0, 0, 0, 0, 0, 0, 0, 0, 0, 0, 0, 0, ]
Ui:
[0, 111, 294, 291, 194, 192, 190, 184, 180, 180, 81, 56, 33, 166, 34, 81, 140, 108, 154, 156, 36, 219, 142, 96, 75, 57, 186, 84, 192, 183, 122, 72, 108, 88, 165, 104, 104, 153, 153, 150, 138, 98, 144, 141, 123, 76, 81, 68, 24, 22, 24, ]
Distance matrix:
|0	536	528	192	86	222	235	181	178	219	492	487	475	218	448	446	441	439	151	409	409	258	239	376	363	355	353	351	287	307	198	326	326	303	57	247	89	258	269	84	272	263	253	254	181	212	204	57	163	129	96	|
|536	0	56	345	452	351	392	459	359	422	318	444	357	478	302	168	199	459	609	488	338	315	306	389	278	223	231	330	252	241	461	492	217	333	491	289	513	281	326	468	387	284	359	554	357	374	369	488	424	419	581	|
|528	56	0	336	445	359	362	469	350	393	264	392	304	447	251	122	151	410	587	441	290	291	291	344	238	244	199	288	252	223	433	451	223	298	486	283	495	280	298	454	407	267	374	521	347	350	376	476	402	405	564	|
|192	345	336	0	110	109	145	183	15	158	345	386	343	204	300	263	264	354	279	344	277	100	55	270	206	187	175	217	101	119	177	287	141	170	152	57	176	74	125	125	198	78	156	282	12	102	107	143	114	79	243	|
|86	452	445	110	0	141	194	135	97	188	436	452	426	209	391	371	370	411	210	389	359	192	162	337	301	269	281	298	201	228	183	314	240	249	42	163	112	172	208	62	205	186	178	269	100	159	124	56	126	71	161	|
|222	351	359	109	141	0	254	109	114	265	433	489	438	307	389	321	331	460	349	453	374	202	149	375	296	140	250	317	113	185	280	395	136	273	166	109	247	92	229	191	89	161	48	381	113	210	19	195	214	163	301	|
|235	392	362	145	194	254	0	313	140	30	258	259	240	86	216	252	236	218	234	202	174	82	122	144	143	306	164	118	211	159	72	143	245	75	229	170	163	198	65	153	343	131	301	165	141	43	251	180	73	123	225	|
|181	459	469	183	135	109	313	0	180	315	527	566	526	343	482	427	435	530	330	514	460	284	236	450	388	241	350	400	221	286	316	444	246	352	129	208	243	197	308	197	102	255	105	404	181	272	94	185	254	196	276	|
|178	359	350	15	97	114	140	180	0	150	351	386	347	195	306	274	274	353	265	341	280	105	65	271	213	201	185	220	116	131	168	281	156	172	139	71	162	89	128	111	203	89	162	271	3	97	110	129	103	65	228	|
|219	422	393	158	188	265	30	315	150	0	281	269	259	57	240	282	265	223	205	201	195	109	144	157	172	328	194	142	233	187	41	131	269	103	220	190	141	217	95	140	353	156	312	137	152	60	260	166	62	120	200	|
|492	318	264	345	436	433	258	527	351	281	0	132	46	314	45	161	131	165	479	209	86	247	291	141	139	395	186	141	332	250	317	257	336	189	476	324	421	343	227	408	514	273	471	359	349	280	441	435	329	368	480	|
|487	444	392	386	452	489	259	566	386	269	132	0	88	278	143	279	248	57	434	106	123	287	340	116	206	485	269	172	405	323	292	185	421	216	487	383	404	408	261	409	576	330	533	293	386	296	491	435	329	382	451	|
|475	357	304	343	426	438	240	526	347	259	46	88	0	285	59	194	163	120	450	164	67	243	292	108	143	415	199	128	344	260	292	219	353	177	465	329	400	351	220	392	523	277	479	323	346	268	444	419	312	357	456	|
|218	478	447	204	209	307	86	343	195	57	314	278	285	0	277	334	315	225	165	192	227	166	199	178	220	382	249	183	287	244	28	109	324	152	233	243	130	269	151	151	392	212	354	81	196	114	300	172	93	149	173	|
|448	302	251	300	391	389	216	482	306	240	45	143	59	277	0	136	105	160	441	197	53	202	246	113	94	358	144	99	290	207	278	232	297	145	432	280	379	300	183	364	472	229	428	328	305	236	396	391	286	324	440	|
|446	168	122	263	371	321	252	427	274	282	161	279	194	334	136	0	31	291	483	320	169	192	209	222	117	248	94	166	209	144	323	330	198	182	413	220	399	230	191	366	390	185	349	404	272	248	333	391	302	318	467	|
|441	199	151	264	370	331	236	435	274	265	131	248	163	315	105	31	0	260	469	290	139	184	209	193	95	270	89	141	221	149	307	304	216	163	412	227	389	240	179	359	404	186	363	382	272	237	342	385	292	312	456	|
|439	459	410	354	411	460	218	530	353	223	165	57	120	225	160	291	260	0	378	50	122	260	313	87	198	472	261	154	387	308	242	128	407	189	443	359	354	386	232	363	549	307	506	236	353	258	461	388	285	340	397	|
|151	609	587	279	210	349	234	330	265	205	479	434	450	165	441	483	469	378	0	336	392	296	305	342	377	465	392	345	380	368	165	251	420	308	201	334	104	354	293	159	413	326	388	148	268	238	333	154	185	200	55	|
|409	488	441	344	389	453	202	514	341	201	209	106	164	192	197	320	290	50	336	0	152	257	310	100	216	479	277	167	390	315	211	86	414	191	418	357	322	385	230	337	542	308	499	191	342	244	451	361	263	320	359	|
|409	338	290	277	359	374	174	460	280	195	86	123	67	227	53	169	139	122	392	152	0	177	227	61	84	362	146	61	285	202	230	180	298	110	398	266	336	290	153	326	460	213	416	276	280	201	379	353	246	290	394	|
|258	315	291	100	192	202	82	284	105	109	247	287	243	166	202	192	184	260	296	257	177	0	54	174	109	228	98	117	135	78	147	215	165	71	233	100	208	128	28	176	290	52	246	246	103	59	204	201	112	129	276	|
|239	306	291	55	162	149	122	236	65	144	291	340	292	199	246	209	209	313	305	310	227	54	0	227	152	184	120	169	89	68	175	263	125	125	204	48	207	76	81	163	237	24	193	280	63	85	152	186	123	114	276	|
|376	389	344	270	337	375	144	450	271	157	141	116	108	178	113	222	193	87	342	100	61	174	227	0	116	386	178	68	300	221	186	119	320	103	373	272	297	299	147	296	464	220	420	218	270	179	377	322	215	266	350	|
|363	278	238	206	301	296	143	388	213	172	139	206	143	220	94	117	95	198	377	216	84	109	152	116	0	278	63	51	202	118	213	214	214	69	342	187	302	209	94	279	380	135	336	287	211	152	303	306	205	236	367	|
|355	223	244	187	269	140	306	241	201	328	395	485	415	382	358	248	270	472	465	479	362	228	184	386	278	0	216	318	95	165	357	444	65	289	301	139	361	114	254	307	164	177	137	462	198	268	160	319	298	265	424	|
|353	231	199	175	281	250	164	350	185	194	186	269	199	249	144	94	89	261	392	277	146	98	120	178	63	216	0	110	146	65	235	265	153	103	323	142	305	159	100	272	329	97	286	323	183	155	259	297	209	224	374	|
|351	330	288	217	298	317	118	400	220	142	141	172	128	183	99	166	141	154	345	167	61	117	169	68	51	318	110	0	234	154	180	163	253	49	337	211	281	236	93	267	404	158	361	243	219	140	321	294	188	229	342	|
|287	252	252	101	201	113	211	221	116	233	332	405	344	287	290	209	221	387	380	390	285	135	89	300	202	95	146	234	0	83	263	350	40	199	240	47	277	30	162	226	184	83	142	368	113	174	127	243	206	180	344	|
|307	241	223	119	228	185	159	286	131	187	250	323	260	244	207	144	149	308	368	315	202	78	68	221	118	165	65	154	83	0	225	286	99	125	271	78	273	94	97	231	265	44	221	324	129	134	195	254	183	182	342	|
|198	461	433	177	183	280	72	316	168	41	317	292	292	28	278	323	307	242	165	211	230	147	175	186	213	357	235	180	263	225	0	132	300	144	209	218	113	244	135	127	365	189	327	105	169	92	272	150	66	122	165	|
|326	492	451	287	314	395	143	444	281	131	257	185	219	109	232	330	304	128	251	86	180	215	263	119	214	444	265	163	350	286	132	0	380	164	340	311	238	339	190	259	483	267	443	109	282	186	391	281	190	249	273	|
|326	217	223	141	240	136	245	246	156	269	336	421	353	324	297	198	216	407	420	414	298	165	125	320	214	65	153	253	40	99	300	380	0	224	277	86	318	69	190	266	193	114	155	404	153	209	153	282	245	220	384	|
|303	333	298	170	249	273	75	352	172	103	189	216	177	152	145	182	163	189	308	191	110	71	125	103	69	289	103	49	199	125	144	164	224	0	288	170	237	197	45	219	361	118	318	223	171	92	275	246	142	180	300	|
|57	491	486	152	42	166	229	129	139	220	476	487	465	233	432	413	412	443	201	418	398	233	204	373	342	301	323	337	240	271	209	340	277	288	0	204	117	210	249	82	215	228	196	284	142	197	147	62	158	108	148	|
|247	289	283	57	163	109	170	208	71	190	324	383	329	243	280	220	227	359	334	357	266	100	48	272	187	139	142	211	47	78	218	311	86	170	204	0	232	28	128	182	194	53	150	323	69	130	118	200	160	135	299	|
|89	513	495	176	112	247	163	243	162	141	421	404	400	130	379	399	389	354	104	322	336	208	207	297	302	361	305	281	277	273	113	238	318	237	117	232	0	250	210	56	317	229	288	168	165	152	233	58	97	97	69	|
|258	281	280	74	172	92	198	197	89	217	343	408	351	269	300	230	240	386	354	385	290	128	76	299	209	114	159	236	30	94	244	339	69	197	210	28	250	0	155	198	171	78	128	349	86	157	103	214	184	154	316	|
|269	326	298	125	208	229	65	308	128	95	227	261	220	151	183	191	179	232	293	230	153	28	81	147	94	254	100	93	162	97	135	190	190	45	249	128	210	155	0	185	317	78	274	229	127	59	231	212	113	142	277	|
|84	468	454	125	62	191	153	197	111	140	408	409	392	151	364	366	359	363	159	337	326	176	163	296	279	307	272	267	226	231	127	259	266	219	82	182	56	198	185	0	264	187	233	208	113	128	178	27	81	49	118	|
|272	387	407	198	205	89	343	102	203	353	514	576	523	392	472	390	404	549	413	542	460	290	237	464	380	164	329	404	184	265	365	483	193	361	215	194	317	171	317	264	0	247	44	464	202	299	93	261	299	245	362	|
|263	284	267	78	186	161	131	255	89	156	273	330	277	212	229	185	186	307	326	308	213	52	24	220	135	177	97	158	83	44	189	267	114	118	228	53	229	78	78	187	247	0	203	292	87	98	167	210	142	138	298	|
|253	359	374	156	178	48	301	105	162	312	471	533	479	354	428	349	363	506	388	499	416	246	193	420	336	137	286	361	142	221	327	443	155	318	196	150	288	128	274	233	44	203	0	428	161	258	56	234	261	209	339	|
|254	554	521	282	269	381	165	404	271	137	359	293	323	81	328	404	382	236	148	191	276	246	280	218	287	462	323	243	368	324	105	109	404	223	284	323	168	349	229	208	464	292	428	0	273	195	372	222	168	219	181	|
|181	357	347	12	100	113	141	181	3	152	349	386	346	196	305	272	272	353	268	342	280	103	63	270	211	198	183	219	113	129	169	282	153	171	142	69	165	86	127	113	202	87	161	273	0	98	110	132	105	68	231	|
|212	374	350	102	159	210	43	272	97	60	280	296	268	114	236	248	237	258	238	244	201	59	85	179	152	268	155	140	174	134	92	186	209	92	197	130	152	157	59	128	299	98	258	195	98	0	207	155	55	89	220	|
|204	369	376	107	124	19	251	94	110	260	441	491	444	300	396	333	342	461	333	451	379	204	152	377	303	160	259	321	127	195	272	391	153	275	147	118	233	103	231	178	93	167	56	372	110	207	0	180	207	153	285	|
|57	488	476	143	56	195	180	185	129	166	435	435	419	172	391	391	385	388	154	361	353	201	186	322	306	319	297	294	243	254	150	281	282	246	62	200	58	214	212	27	261	210	234	222	132	155	180	0	107	73	106	|
|163	424	402	114	126	214	73	254	103	62	329	329	312	93	286	302	292	285	185	263	246	112	123	215	205	298	209	188	206	183	66	190	245	142	158	160	97	184	113	81	299	142	261	168	105	55	207	107	0	58	165	|
|129	419	405	79	71	163	123	196	65	120	368	382	357	149	324	318	312	340	200	320	290	129	114	266	236	265	224	229	180	182	122	249	220	180	108	135	97	154	142	49	245	138	209	219	68	89	153	73	58	0	164	|
|96	581	564	243	161	301	225	276	228	200	480	451	456	173	440	467	456	397	55	359	394	276	276	350	367	424	374	342	344	342	165	273	384	300	148	299	69	316	277	118	362	298	339	181	231	220	285	106	165	164	0	|

--------------------------------------------------------------------------------
Building model...
	using lazy and cut (CVRPSEP package)
Solving IRP LP...


Gurobi 9.1.0 (linux64) logging started Wed Dec  9 20:31:25 2020

================================================================================
executing instance: ./input/Instances/7/absH6low_1n15_7.dat
--------------------------------------------------------------------------------
Instance details
n	16
H	6
C	1360
Li:
[0, 0, 0, 0, 0, 0, 0, 0, 0, 0, 0, 0, 0, 0, 0, 0, ]
Ui:
[0, 297, 108, 294, 110, 92, 176, 170, 130, 158, 219, 204, 64, 153, 44, 30, ]
Distance matrix:
|0	136	374	32	345	344	230	34	321	103	290	76	196	173	160	158	|
|136	0	294	110	360	318	145	146	252	114	339	91	160	68	280	277	|
|374	294	0	369	251	146	151	357	57	405	314	298	184	343	534	424	|
|32	110	369	0	361	352	221	61	318	75	313	74	197	142	173	190	|
|345	360	251	361	0	106	260	312	213	430	94	296	204	428	469	289	|
|344	318	146	352	106	0	190	317	115	410	181	279	160	383	490	337	|
|230	145	151	221	260	190	0	217	107	254	276	154	74	201	390	311	|
|34	146	357	61	312	317	217	0	302	135	256	67	174	193	178	134	|
|321	252	57	318	213	115	107	302	0	359	265	246	128	307	480	367	|
|103	114	405	75	430	410	254	135	359	0	386	134	250	104	186	259	|
|290	339	314	313	94	181	276	256	265	386	0	260	205	407	393	204	|
|76	91	298	74	296	279	154	67	246	134	260	0	123	152	236	189	|
|196	160	184	197	204	160	74	174	128	250	205	123	0	227	353	246	|
|173	68	343	142	428	383	201	193	307	104	407	152	227	0	289	327	|
|160	280	534	173	469	490	390	178	480	186	393	236	353	289	0	197	|
|158	277	424	190	289	337	311	134	367	259	204	189	246	327	197	0	|

--------------------------------------------------------------------------------
Building model...
	using lazy and cut (CVRPSEP package)
Solving IRP LP...


Gurobi 9.1.0 (linux64) logging started Wed Dec  9 21:02:37 2020

================================================================================
executing instance: ./input/Instances/7/absH3high_4n25_7.dat
--------------------------------------------------------------------------------
Instance details
n	26
H	3
C	2029
Li:
[0, 0, 0, 0, 0, 0, 0, 0, 0, 0, 0, 0, 0, 0, 0, 0, 0, 0, 0, 0, 0, 0, 0, 0, 0, 0, ]
Ui:
[0, 198, 146, 34, 196, 188, 279, 132, 32, 40, 76, 186, 201, 142, 126, 165, 183, 168, 165, 52, 58, 135, 90, 88, 93, 58, ]
Distance matrix:
|0	268	302	299	289	202	147	277	265	241	235	220	220	132	132	188	124	162	162	162	152	71	80	91	66	69	|
|268	0	533	193	165	255	415	535	302	398	482	469	212	225	136	455	214	335	367	352	188	339	188	196	245	224	|
|302	533	0	601	590	495	211	106	322	175	334	324	521	431	409	184	320	203	383	183	350	251	366	340	364	371	|
|299	193	601	0	28	142	425	569	457	511	431	422	93	178	215	468	325	434	302	443	317	359	242	282	240	231	|
|289	165	590	28	0	151	421	562	434	493	436	427	99	175	196	464	305	418	308	428	295	352	227	264	234	222	|
|202	255	495	142	151	0	301	447	428	440	289	281	53	73	187	342	278	360	161	363	285	245	181	228	136	139	|
|147	415	211	425	421	301	0	146	341	248	145	131	337	248	279	43	242	195	172	179	275	76	227	228	188	203	|
|277	535	106	569	562	447	146	0	381	245	240	232	481	391	402	106	335	238	312	216	368	210	352	339	329	341	|
|265	302	322	457	434	428	341	381	0	147	477	461	419	358	249	360	152	150	426	170	145	294	248	201	312	299	|
|241	398	175	511	493	440	248	245	147	0	393	379	448	367	298	252	190	80	383	81	210	232	270	229	305	301	|
|235	482	334	431	436	289	145	240	477	393	0	15	339	269	354	153	355	336	129	321	386	184	305	326	237	258	|
|220	469	324	422	427	281	131	232	461	379	15	0	330	258	340	142	340	321	120	307	371	169	291	311	224	245	|
|220	212	521	93	99	53	337	481	419	448	339	330	0	91	171	379	273	369	210	375	274	274	180	225	157	152	|
|132	225	431	178	175	73	248	391	358	367	269	258	91	0	127	290	207	287	145	291	217	183	110	157	67	66	|
|132	136	409	215	196	187	279	402	249	298	354	340	171	127	0	319	110	224	249	237	104	203	52	71	118	97	|
|188	455	184	468	464	342	43	106	360	252	153	142	379	290	319	0	274	211	206	192	308	117	267	265	231	246	|
|124	214	320	325	305	278	242	335	152	190	355	340	273	207	110	274	0	122	284	138	34	174	97	50	162	147	|
|162	335	203	434	418	360	195	238	150	80	336	321	369	287	224	211	122	0	309	22	148	161	192	153	225	221	|
|162	367	383	302	308	161	172	312	426	383	129	120	210	145	249	206	284	309	0	302	308	152	208	242	132	153	|
|162	352	183	443	428	363	179	216	170	81	321	307	375	291	237	192	138	22	302	0	167	152	201	166	227	225	|
|152	188	350	317	295	285	275	368	145	210	386	371	274	217	104	308	34	148	308	167	0	207	108	66	181	163	|
|71	339	251	359	352	245	76	210	294	232	184	169	274	183	203	117	174	161	152	152	207	0	151	154	119	131	|
|80	188	366	242	227	181	227	352	248	270	305	291	180	110	52	267	97	192	208	201	108	151	0	47	76	57	|
|91	196	340	282	264	228	228	339	201	229	326	311	225	157	71	265	50	153	242	166	66	154	47	0	115	99	|
|66	245	364	240	234	136	188	329	312	305	237	224	157	67	118	231	162	225	132	227	181	119	76	115	0	22	|
|69	224	371	231	222	139	203	341	299	301	258	245	152	66	97	246	147	221	153	225	163	131	57	99	22	0	|

--------------------------------------------------------------------------------
Building model...
	using lazy and cut (CVRPSEP package)
Solving IRP LP...


Gurobi 9.1.0 (linux64) logging started Wed Dec  9 21:02:40 2020

================================================================================
executing instance: ./input/Instances/7/absH3low_4n10_7.dat
--------------------------------------------------------------------------------
Instance details
n	11
H	3
C	822
Li:
[0, 0, 0, 0, 0, 0, 0, 0, 0, 0, 0, ]
Ui:
[0, 52, 297, 86, 88, 182, 165, 138, 102, 38, 153, ]
Distance matrix:
|0	411	36	383	382	327	307	148	285	256	239	|
|411	0	429	174	395	106	234	263	352	549	430	|
|36	429	0	386	364	339	304	165	268	220	212	|
|383	174	386	0	227	109	94	249	209	436	305	|
|382	395	364	227	0	302	168	320	98	288	173	|
|327	106	339	109	302	0	135	179	249	444	324	|
|307	234	304	94	168	135	0	192	120	342	212	|
|148	263	165	249	320	179	192	0	227	325	241	|
|285	352	268	209	98	249	120	227	0	235	103	|
|256	549	220	436	288	444	342	325	235	0	132	|
|239	430	212	305	173	324	212	241	103	132	0	|

--------------------------------------------------------------------------------
Building model...
	using lazy and cut (CVRPSEP package)
Solving IRP LP...


Gurobi 9.1.0 (linux64) logging started Wed Dec  9 21:02:41 2020

================================================================================
executing instance: ./input/Instances/7/absH6low_4n25_7.dat
--------------------------------------------------------------------------------
Instance details
n	26
H	6
C	1875
Li:
[0, 0, 0, 0, 0, 0, 0, 0, 0, 0, 0, 0, 0, 0, 0, 0, 0, 0, 0, 0, 0, 0, 0, 0, 0, 0, ]
Ui:
[0, 198, 146, 34, 196, 279, 132, 32, 40, 82, 186, 201, 142, 42, 126, 159, 183, 168, 165, 52, 58, 135, 90, 93, 26, 58, ]
Distance matrix:
|0	268	302	299	289	147	277	265	241	235	220	220	132	202	132	188	124	162	162	162	152	71	80	66	91	69	|
|268	0	533	193	165	415	535	302	398	482	469	212	225	255	136	455	214	335	367	352	188	339	188	245	196	224	|
|302	533	0	601	590	211	106	322	175	334	324	521	431	495	409	184	320	203	383	183	350	251	366	364	340	371	|
|299	193	601	0	28	425	569	457	511	431	422	93	178	142	215	468	325	434	302	443	317	359	242	240	282	231	|
|289	165	590	28	0	421	562	434	493	436	427	99	175	151	196	464	305	418	308	428	295	352	227	234	264	222	|
|147	415	211	425	421	0	146	341	248	145	131	337	248	301	279	43	242	195	172	179	275	76	227	188	228	203	|
|277	535	106	569	562	146	0	381	245	240	232	481	391	447	402	106	335	238	312	216	368	210	352	329	339	341	|
|265	302	322	457	434	341	381	0	147	477	461	419	358	428	249	360	152	150	426	170	145	294	248	312	201	299	|
|241	398	175	511	493	248	245	147	0	393	379	448	367	440	298	252	190	80	383	81	210	232	270	305	229	301	|
|235	482	334	431	436	145	240	477	393	0	15	339	269	289	354	153	355	336	129	321	386	184	305	237	326	258	|
|220	469	324	422	427	131	232	461	379	15	0	330	258	281	340	142	340	321	120	307	371	169	291	224	311	245	|
|220	212	521	93	99	337	481	419	448	339	330	0	91	53	171	379	273	369	210	375	274	274	180	157	225	152	|
|132	225	431	178	175	248	391	358	367	269	258	91	0	73	127	290	207	287	145	291	217	183	110	67	157	66	|
|202	255	495	142	151	301	447	428	440	289	281	53	73	0	187	342	278	360	161	363	285	245	181	136	228	139	|
|132	136	409	215	196	279	402	249	298	354	340	171	127	187	0	319	110	224	249	237	104	203	52	118	71	97	|
|188	455	184	468	464	43	106	360	252	153	142	379	290	342	319	0	274	211	206	192	308	117	267	231	265	246	|
|124	214	320	325	305	242	335	152	190	355	340	273	207	278	110	274	0	122	284	138	34	174	97	162	50	147	|
|162	335	203	434	418	195	238	150	80	336	321	369	287	360	224	211	122	0	309	22	148	161	192	225	153	221	|
|162	367	383	302	308	172	312	426	383	129	120	210	145	161	249	206	284	309	0	302	308	152	208	132	242	153	|
|162	352	183	443	428	179	216	170	81	321	307	375	291	363	237	192	138	22	302	0	167	152	201	227	166	225	|
|152	188	350	317	295	275	368	145	210	386	371	274	217	285	104	308	34	148	308	167	0	207	108	181	66	163	|
|71	339	251	359	352	76	210	294	232	184	169	274	183	245	203	117	174	161	152	152	207	0	151	119	154	131	|
|80	188	366	242	227	227	352	248	270	305	291	180	110	181	52	267	97	192	208	201	108	151	0	76	47	57	|
|66	245	364	240	234	188	329	312	305	237	224	157	67	136	118	231	162	225	132	227	181	119	76	0	115	22	|
|91	196	340	282	264	228	339	201	229	326	311	225	157	228	71	265	50	153	242	166	66	154	47	115	0	99	|
|69	224	371	231	222	203	341	299	301	258	245	152	66	139	97	246	147	221	153	225	163	131	57	22	99	0	|

--------------------------------------------------------------------------------
Building model...
	using lazy and cut (CVRPSEP package)
Solving IRP LP...


Gurobi 9.1.0 (linux64) logging started Wed Dec  9 21:02:42 2020

================================================================================
executing instance: ./input/Instances/7/absH3high_1n10_7.dat
--------------------------------------------------------------------------------
Instance details
n	11
H	3
C	952
Li:
[0, 0, 0, 0, 0, 0, 0, 0, 0, 0, 0, ]
Ui:
[0, 174, 237, 258, 129, 154, 150, 138, 189, 126, 28, ]
Distance matrix:
|0	298	439	319	430	183	47	376	135	280	235	|
|298	0	157	25	253	172	324	163	182	299	87	|
|439	157	0	148	183	328	456	117	309	344	244	|
|319	25	148	0	262	183	346	172	206	322	98	|
|430	253	183	262	0	396	428	90	299	222	325	|
|183	172	328	183	396	0	225	314	153	344	85	|
|47	324	456	346	428	225	0	383	148	257	269	|
|376	163	117	172	90	314	383	0	241	230	239	|
|135	182	309	206	299	153	148	241	0	194	149	|
|280	299	344	322	222	344	257	230	194	0	316	|
|235	87	244	98	325	85	269	239	149	316	0	|

--------------------------------------------------------------------------------
Building model...
	using lazy and cut (CVRPSEP package)
Solving IRP LP...


Gurobi 9.1.0 (linux64) logging started Wed Dec  9 21:03:02 2020

================================================================================
executing instance: ./input/Instances/7/absH3low_5n50_7.dat
--------------------------------------------------------------------------------
Instance details
n	51
H	3
C	4026
Li:
[0, 0, 0, 0, 0, 0, 0, 0, 0, 0, 0, 0, 0, 0, 0, 0, 0, 0, 0, 0, 0, 0, 0, 0, 0, 0, 0, 0, 0, 0, 0, 0, 0, 0, 0, 0, 0, 0, 0, 0, 0, 0, 0, 0, 0, 0, 0, 0, 0, 0, 0, ]
Ui:
[0, 51, 294, 194, 192, 288, 192, 190, 117, 168, 146, 32, 255, 168, 249, 39, 140, 102, 210, 240, 160, 158, 225, 222, 24, 213, 72, 110, 132, 78, 86, 129, 183, 114, 112, 150, 111, 106, 156, 150, 63, 26, 66, 50, 66, 64, 20, 74, 108, 81, 38, ]
Distance matrix:
|0	543	216	291	296	448	136	336	526	522	476	472	455	410	59	456	452	451	445	297	413	117	240	344	396	213	364	363	360	356	352	350	100	221	217	308	301	262	250	280	278	271	264	244	229	228	220	14	193	186	179	|
|543	0	424	330	259	412	463	223	116	28	168	316	136	149	571	373	420	134	394	276	173	481	367	234	202	361	238	196	333	458	261	484	452	523	337	236	243	340	520	264	433	331	285	492	400	327	376	532	577	410	372	|
|216	424	0	323	172	232	80	202	367	412	305	263	302	334	203	241	236	301	229	148	359	100	56	190	232	80	194	302	151	149	175	152	132	101	119	209	229	84	106	218	377	93	226	79	308	121	277	215	155	44	115	|
|291	330	323	0	212	486	297	230	373	303	358	446	313	182	342	468	493	307	473	245	161	302	287	262	297	246	293	139	368	451	301	465	245	406	208	180	144	280	423	135	105	280	111	399	76	211	71	278	425	282	208	|
|296	259	172	212	0	275	204	40	230	244	185	236	159	163	316	256	283	155	262	36	192	222	117	57	106	102	86	138	158	258	90	278	199	273	80	42	74	94	276	77	302	89	103	248	239	69	205	287	321	152	117	|
|448	412	232	486	275	0	312	270	307	416	245	103	280	405	429	42	8	283	18	241	444	331	224	237	229	266	210	400	118	111	193	134	361	265	294	313	349	216	240	352	567	212	376	226	500	285	465	447	331	267	315	|
|136	463	80	297	204	312	0	241	422	447	365	340	354	352	126	320	315	352	309	192	369	22	114	239	287	103	252	313	228	222	235	220	64	113	128	231	240	140	136	223	331	149	221	120	265	137	239	136	130	58	101	|
|336	223	202	230	40	270	241	0	190	210	147	217	119	144	355	245	278	116	255	55	179	260	146	34	72	139	64	130	157	269	77	291	239	303	120	50	85	120	303	97	326	112	126	275	266	109	233	327	354	187	157	|
|526	116	367	373	230	307	422	190	0	132	67	206	71	202	542	266	314	75	289	232	240	443	314	184	136	321	172	235	247	368	192	396	428	459	309	226	249	285	451	268	478	276	296	424	430	298	401	517	520	365	347	|
|522	28	412	303	244	416	447	210	132	0	175	323	136	123	552	378	424	133	398	264	145	464	355	224	198	346	232	171	331	455	255	481	433	512	320	218	221	328	511	242	405	320	262	482	373	311	351	511	564	396	354	|
|476	168	305	358	185	245	365	147	67	175	0	148	50	207	488	205	252	56	226	179	248	386	254	132	80	266	114	227	181	302	131	329	377	395	260	192	221	226	386	238	460	216	267	359	406	248	375	468	458	307	297	|
|472	316	263	446	236	103	340	217	206	323	148	0	190	333	466	61	110	194	86	208	373	362	232	184	157	266	153	338	112	191	146	219	376	326	281	266	302	213	307	311	538	206	338	286	474	270	440	468	394	286	312	|
|455	136	302	313	159	280	354	119	71	136	50	190	0	157	472	243	288	6	262	162	198	374	248	115	71	252	109	179	198	323	131	349	357	398	238	156	181	219	392	200	416	210	228	364	365	227	335	446	457	297	276	|
|410	149	334	182	163	405	352	144	202	123	207	333	157	0	445	375	413	151	388	194	41	367	280	173	178	258	196	48	298	413	215	435	327	434	225	125	113	258	439	132	285	252	146	411	250	218	228	398	478	309	253	|
|59	571	203	342	316	429	126	355	542	552	488	466	472	445	0	442	432	469	429	310	453	105	239	358	408	221	374	400	353	329	359	319	119	182	235	335	333	265	212	313	336	274	301	211	284	246	272	71	142	184	199	|
|456	373	241	468	256	42	320	245	266	378	205	61	243	375	442	0	49	246	25	223	414	341	222	212	197	262	183	373	105	140	169	166	364	287	285	291	327	209	265	333	554	204	358	248	488	276	453	454	355	271	311	|
|452	420	236	493	283	8	315	278	314	424	252	110	288	413	432	49	0	291	26	248	452	335	229	245	238	272	218	408	125	111	201	133	366	266	300	321	356	222	241	360	574	219	383	227	506	292	472	451	332	272	321	|
|451	134	301	307	155	283	352	116	75	133	56	194	6	151	469	246	291	0	265	160	192	371	246	113	71	249	108	174	200	324	131	351	354	397	235	152	176	218	392	195	411	209	223	364	360	224	330	442	456	295	272	|
|445	394	229	473	262	18	309	255	289	398	226	86	262	388	429	25	26	265	0	228	427	329	217	221	212	258	194	384	105	118	178	143	356	269	284	299	335	207	245	339	556	203	363	230	489	275	455	444	336	263	307	|
|297	276	148	245	36	241	192	55	232	264	179	208	162	194	310	223	248	160	228	0	225	211	91	48	98	90	68	172	123	223	63	243	198	248	83	77	110	65	249	111	332	58	135	220	267	70	232	290	301	136	119	|
|413	173	359	161	192	444	369	179	240	145	248	373	198	41	453	414	452	192	427	225	0	382	306	210	218	281	234	57	334	447	252	468	338	458	245	151	131	286	465	146	260	281	152	437	234	240	216	401	497	330	269	|
|117	481	100	302	222	331	22	260	443	464	386	362	374	367	105	341	335	371	329	211	382	0	135	259	308	122	272	326	249	239	256	235	60	118	144	248	254	161	144	237	329	171	232	131	264	154	241	118	123	79	114	|
|240	367	56	287	117	224	114	146	314	355	254	232	248	280	239	222	229	246	217	91	306	135	0	134	178	44	141	250	121	165	123	178	144	157	80	156	179	28	160	171	353	38	183	131	284	77	251	236	210	56	93	|
|344	234	190	262	57	237	239	34	184	224	132	184	115	173	358	212	245	113	221	48	210	259	134	0	51	137	31	163	125	241	43	264	245	289	128	82	118	106	286	127	356	97	155	258	294	116	260	337	344	182	166	|
|396	202	232	297	106	229	287	72	136	198	80	157	71	178	408	197	238	71	212	98	218	308	178	51	0	187	38	181	133	257	60	283	296	327	180	120	154	150	321	168	396	140	197	293	337	168	304	388	386	230	217	|
|213	361	80	246	102	266	103	139	321	346	266	266	252	258	221	262	272	249	258	90	281	122	44	137	187	0	153	224	158	208	140	219	113	177	40	134	150	53	186	138	310	60	146	159	241	41	208	207	220	51	49	|
|364	238	194	293	86	210	252	64	172	232	114	153	109	196	374	183	218	108	194	68	234	272	141	31	38	153	0	191	103	225	23	250	265	289	151	113	149	113	284	158	387	104	186	256	325	139	291	357	349	194	187	|
|363	196	302	139	138	400	313	130	235	171	227	338	179	48	400	373	408	174	384	172	57	326	250	163	181	224	191	0	287	395	207	415	283	401	188	96	73	231	408	89	244	226	99	380	204	183	180	351	440	273	212	|
|360	333	151	368	158	118	228	157	247	331	181	112	198	298	353	105	125	200	105	123	334	249	121	125	133	158	103	287	0	124	82	151	265	224	180	197	232	105	210	235	451	100	258	185	384	171	349	357	290	174	207	|
|356	458	149	451	258	111	222	269	368	455	302	191	323	413	329	140	111	324	118	223	447	239	165	241	257	208	225	395	124	0	202	28	280	156	245	300	331	172	130	327	518	173	345	119	449	240	416	357	222	191	255	|
|352	261	175	301	90	193	235	77	192	255	131	146	131	215	359	169	201	131	178	63	252	256	123	43	60	140	23	207	82	202	0	227	253	268	143	122	158	95	262	166	392	86	192	234	328	131	293	346	328	177	178	|
|350	484	152	465	278	134	220	291	396	481	329	219	349	435	319	166	133	351	143	243	468	235	178	264	283	219	250	415	151	28	227	0	280	141	257	319	349	188	113	344	527	191	360	108	458	254	426	353	204	196	263	|
|100	452	132	245	199	361	64	239	428	433	377	376	357	327	119	364	366	354	356	198	338	60	144	245	296	113	265	283	265	280	253	280	0	176	119	216	215	164	200	195	269	172	185	184	205	130	182	94	182	94	82	|
