




arguments: ./build/irp_solver -f ./input/SF-3.cfg
Current dir: /scratch/mardar/irp_lp_solver-master
File verbosity level: 9
date       time         ( uptime  ) [ thread name/id ]                   file:line     v| 
2020-12-09 20:30:56.673 (   0.040s) [main thread     ]             loguru.cpp:789   INFO| Logging to './output/SF/OU/3/execution_09_12_2020_20_30_56.log', mode: 'a', verbosity: 9
--------------------------------------------------------------------------------
Parameters
                           instance_path                    ./input/Instances/3/
                            model_policy                                       1
                             nb_vehicles                                       1
                              output_dir                       ./output/SF/OU/3/
                            sec_strategy                                       1
                       solver_nb_threads                                       2
                         solver_show_log                                   false
                       solver_time_limit                                    3600
--------------------------------------------------------------------------------
executing instance: ./input/Instances/3/absH6low_1n15_3.dat
--------------------------------------------------------------------------------
Instance details
n	16
H	6
C	1360
Li:
[0, 0, 0, 0, 0, 0, 0, 0, 0, 0, 0, 0, 0, 0, 0, 0, ]
Ui:
[0, 108, 44, 92, 158, 110, 153, 219, 297, 30, 130, 294, 176, 170, 64, 204, ]
Distance matrix:
|0	374	160	344	103	345	173	290	136	158	321	32	230	34	196	76	|
|374	0	534	146	405	251	343	314	294	424	57	369	151	357	184	298	|
|160	534	0	490	186	469	289	393	280	197	480	173	390	178	353	236	|
|344	146	490	0	410	106	383	181	318	337	115	352	190	317	160	279	|
|103	405	186	410	0	430	104	386	114	259	359	75	254	135	250	134	|
|345	251	469	106	430	0	428	94	360	289	213	361	260	312	204	296	|
|173	343	289	383	104	428	0	407	68	327	307	142	201	193	227	152	|
|290	314	393	181	386	94	407	0	339	204	265	313	276	256	205	260	|
|136	294	280	318	114	360	68	339	0	277	252	110	145	146	160	91	|
|158	424	197	337	259	289	327	204	277	0	367	190	311	134	246	189	|
|321	57	480	115	359	213	307	265	252	367	0	318	107	302	128	246	|
|32	369	173	352	75	361	142	313	110	190	318	0	221	61	197	74	|
|230	151	390	190	254	260	201	276	145	311	107	221	0	217	74	154	|
|34	357	178	317	135	312	193	256	146	134	302	61	217	0	174	67	|
|196	184	353	160	250	204	227	205	160	246	128	197	74	174	0	123	|
|76	298	236	279	134	296	152	260	91	189	246	74	154	67	123	0	|

--------------------------------------------------------------------------------
Building model...
	using lazy and cut (CVRPSEP package)
Solving IRP LP...


Gurobi 9.1.0 (linux64) logging started Wed Dec  9 20:30:57 2020

================================================================================
executing instance: ./input/Instances/3/absH6low_2n25_3.dat
--------------------------------------------------------------------------------
Instance details
n	26
H	6
C	1854
Li:
[0, 0, 0, 0, 0, 0, 0, 0, 0, 0, 0, 0, 0, 0, 0, 0, 0, 0, 0, 0, 0, 0, 0, 0, 0, 0, ]
Ui:
[0, 162, 64, 54, 166, 30, 30, 108, 108, 192, 123, 130, 249, 70, 38, 81, 81, 156, 243, 112, 152, 174, 170, 26, 288, 50, ]
Distance matrix:
|0	436	81	413	312	370	287	240	371	34	413	259	360	302	293	216	242	270	242	45	328	132	328	155	326	253	|
|436	0	512	176	326	405	333	484	83	437	266	275	267	196	320	261	342	181	316	393	227	320	113	305	207	241	|
|81	512	0	494	350	436	323	283	445	76	491	310	438	365	367	278	314	341	317	120	408	213	407	235	407	333	|
|413	176	494	0	434	245	431	370	214	428	91	363	108	300	186	321	228	251	208	379	96	281	146	258	89	161	|
|312	326	350	434	0	553	27	511	245	288	494	78	460	136	448	137	426	184	406	277	407	301	288	309	390	350	|
|370	405	436	245	553	0	538	189	410	400	163	474	139	446	105	416	135	385	149	360	179	273	322	256	201	207	|
|287	333	323	431	27	538	0	489	250	261	487	68	450	139	434	122	409	179	390	252	398	281	286	291	382	337	|
|240	484	283	370	511	189	489	0	455	275	317	439	270	443	185	381	145	388	170	252	277	213	376	211	290	243	|
|371	83	445	214	245	410	250	455	0	369	295	193	281	113	313	182	322	105	295	327	232	268	88	257	211	218	|
|34	437	76	428	288	400	261	275	369	0	434	240	382	291	319	203	270	265	267	49	347	150	333	173	343	271	|
|413	266	491	91	494	163	487	317	295	434	0	419	54	366	137	369	190	310	178	386	92	285	216	262	106	168	|
|259	275	310	363	78	474	68	439	193	240	419	0	383	80	370	59	348	112	328	218	331	227	219	233	314	271	|
|360	267	438	108	460	139	450	270	281	382	54	383	0	337	86	330	137	279	124	334	53	233	195	211	73	120	|
|302	196	365	300	136	446	139	443	113	291	366	80	337	0	341	88	331	61	307	258	284	233	154	232	265	239	|
|293	320	367	186	448	105	434	185	313	319	137	370	86	341	0	312	54	280	52	274	96	178	225	158	114	102	|
|216	261	278	321	137	416	122	381	182	203	369	59	330	88	312	0	289	81	269	173	279	168	184	174	263	216	|
|242	342	314	228	426	135	409	145	322	270	190	348	137	331	54	289	0	271	27	227	133	138	238	121	146	104	|
|270	181	341	251	184	385	179	388	105	265	310	112	279	61	280	81	271	0	247	225	226	182	108	178	207	178	|
|242	316	317	208	406	149	390	170	295	267	178	328	124	307	52	269	27	247	0	222	112	127	211	107	122	77	|
|45	393	120	379	277	360	252	252	327	49	386	218	334	258	274	173	227	225	222	0	298	101	287	124	294	221	|
|328	227	408	96	407	179	398	277	232	347	92	331	53	284	96	279	133	226	112	298	0	197	145	174	21	77	|
|132	320	213	281	301	273	281	213	268	150	285	227	233	233	178	168	138	182	127	101	197	0	208	23	194	121	|
|328	113	407	146	288	322	286	376	88	333	216	219	195	154	225	184	238	108	211	287	145	208	0	192	124	134	|
|155	305	235	258	309	256	291	211	257	173	262	233	211	232	158	174	121	178	107	124	174	23	192	0	171	98	|
|326	207	407	89	390	201	382	290	211	343	106	314	73	265	114	263	146	207	122	294	21	194	124	171	0	73	|
|253	241	333	161	350	207	337	243	218	271	168	271	120	239	102	216	104	178	77	221	77	121	134	98	73	0	|

--------------------------------------------------------------------------------
Building model...
	using lazy and cut (CVRPSEP package)
Solving IRP LP...


Gurobi 9.1.0 (linux64) logging started Wed Dec  9 20:31:03 2020

================================================================================
executing instance: ./input/Instances/3/absH6high_3n20_3.dat
--------------------------------------------------------------------------------
Instance details
n	21
H	6
C	1420
Li:
[0, 0, 0, 0, 0, 0, 0, 0, 0, 0, 0, 0, 0, 0, 0, 0, 0, 0, 0, 0, 0, ]
Ui:
[0, 54, 153, 60, 84, 297, 81, 228, 64, 150, 114, 195, 39, 82, 222, 90, 132, 183, 130, 51, 48, ]
Distance matrix:
|0	402	185	307	188	307	154	284	233	324	160	286	149	276	141	217	269	98	103	54	41	|
|402	0	587	102	570	106	553	198	463	484	517	371	545	229	459	188	443	304	373	348	385	|
|185	587	0	492	88	490	63	452	310	380	163	397	56	438	192	400	342	283	240	239	205	|
|307	102	492	0	483	72	455	170	364	442	415	334	453	198	380	106	393	210	293	254	295	|
|188	570	88	483	0	467	136	413	368	299	231	330	53	394	129	382	266	276	201	233	189	|
|307	106	490	72	467	0	460	104	407	386	436	275	445	134	353	90	342	211	269	253	285	|
|154	553	63	455	136	460	0	436	247	406	101	405	87	425	208	370	361	250	232	208	184	|
|284	198	452	170	413	104	436	0	441	286	434	173	401	31	289	111	246	204	214	235	251	|
|233	463	310	364	368	407	247	441	0	555	148	504	316	448	371	335	500	249	330	242	270	|
|324	484	380	442	299	386	406	286	555	0	467	114	327	255	200	344	57	330	226	318	285	|
|160	517	163	415	231	436	101	434	148	467	0	444	179	431	269	349	417	232	261	200	200	|
|286	371	397	334	330	275	405	173	504	114	444	0	341	142	205	244	85	259	183	262	245	|
|149	545	56	453	53	445	87	401	316	327	179	341	0	385	136	357	286	244	188	200	160	|
|276	229	438	198	394	134	425	31	448	255	431	142	385	0	267	128	215	204	198	230	241	|
|141	459	192	380	129	353	208	289	371	200	269	205	136	267	0	275	154	193	88	160	114	|
|217	188	400	106	382	90	370	111	335	344	349	244	357	128	275	0	293	121	187	163	197	|
|269	443	342	393	266	342	361	246	500	57	417	85	286	215	154	293	0	273	170	261	230	|
|98	304	283	210	276	211	250	204	249	330	232	259	244	204	193	121	273	0	113	44	88	|
|103	373	240	293	201	269	232	214	330	226	261	183	188	198	88	187	170	113	0	92	62	|
|54	348	239	254	233	253	208	235	242	318	200	262	200	230	160	163	261	44	92	0	48	|
|41	385	205	295	189	285	184	251	270	285	200	245	160	241	114	197	230	88	62	48	0	|

--------------------------------------------------------------------------------
Building model...
	using lazy and cut (CVRPSEP package)
Solving IRP LP...


Gurobi 9.1.0 (linux64) logging started Wed Dec  9 21:11:20 2020

================================================================================
executing instance: ./input/Instances/3/absH6low_5n10_3.dat
--------------------------------------------------------------------------------
Instance details
n	11
H	6
C	958
Li:
[0, 0, 0, 0, 0, 0, 0, 0, 0, 0, 0, ]
Ui:
[0, 110, 231, 117, 178, 192, 78, 178, 141, 285, 39, ]
Distance matrix:
|0	236	208	219	128	219	183	195	152	73	139	|
|236	0	422	40	349	250	294	358	143	251	158	|
|208	422	0	394	204	267	351	112	360	171	276	|
|219	40	394	0	339	211	303	324	154	224	123	|
|128	349	204	339	0	334	157	255	230	176	266	|
|219	250	267	211	334	0	393	161	292	158	113	|
|183	294	351	303	157	393	0	372	151	255	290	|
|195	358	112	324	255	161	372	0	333	129	201	|
|152	143	360	154	230	292	151	333	0	205	179	|
|73	251	171	224	176	158	255	129	205	0	112	|
|139	158	276	123	266	113	290	201	179	112	0	|

--------------------------------------------------------------------------------
Building model...
	using lazy and cut (CVRPSEP package)
Solving IRP LP...


Gurobi 9.1.0 (linux64) logging started Wed Dec  9 21:11:32 2020

================================================================================
executing instance: ./input/Instances/3/absH3low_2n20_3.dat
--------------------------------------------------------------------------------
Instance details
n	21
H	3
C	1564
Li:
[0, 0, 0, 0, 0, 0, 0, 0, 0, 0, 0, 0, 0, 0, 0, 0, 0, 0, 0, 0, 0, ]
Ui:
[0, 57, 111, 42, 132, 237, 42, 252, 168, 152, 297, 180, 66, 93, 48, 165, 22, 154, 184, 126, 138, ]
Distance matrix:
|0	326	261	261	235	311	229	227	160	191	235	184	95	142	204	29	163	135	109	150	47	|
|326	0	563	75	561	334	555	153	471	189	303	283	312	305	157	349	178	249	274	184	293	|
|261	563	0	509	160	384	156	428	102	452	333	433	252	385	413	254	385	394	291	405	277	|
|261	75	509	0	494	333	488	139	413	114	286	208	262	230	130	282	133	174	227	114	233	|
|235	561	160	494	0	477	7	455	139	407	410	357	284	309	434	213	396	340	319	381	274	|
|311	334	384	333	477	0	470	194	340	375	77	439	219	419	207	338	228	375	205	313	268	|
|229	555	156	488	7	470	0	449	132	402	403	353	277	305	428	207	389	335	312	375	268	|
|227	153	428	139	455	194	449	0	344	196	151	278	179	275	25	255	68	219	140	144	183	|
|160	471	102	413	139	340	132	344	0	350	276	333	166	285	327	153	294	292	204	306	180	|
|191	189	452	114	407	375	402	196	350	0	311	95	232	118	175	202	147	69	208	64	182	|
|235	303	333	286	410	77	403	151	276	311	0	368	142	345	156	262	166	304	129	247	192	|
|184	283	433	208	357	439	353	278	333	95	368	0	258	49	254	181	218	64	247	134	198	|
|95	312	252	262	284	219	277	179	166	232	142	258	0	224	162	120	133	197	39	172	60	|
|142	305	385	230	309	419	305	275	285	118	345	49	224	0	250	135	210	58	219	135	164	|
|204	157	413	130	434	207	428	25	327	175	156	254	162	250	0	232	43	195	123	120	161	|
|29	349	254	282	213	338	207	255	153	202	262	181	120	135	232	0	190	140	138	168	76	|
|163	178	385	133	396	228	389	68	294	147	166	218	133	210	43	190	0	157	96	86	122	|
|135	249	394	174	340	375	335	219	292	69	304	64	197	58	195	140	157	0	184	77	139	|
|109	274	291	227	319	205	312	140	204	208	129	247	39	219	123	138	96	184	0	145	64	|
|150	184	405	114	381	313	375	144	306	64	247	134	172	135	120	168	86	77	145	0	129	|
|47	293	277	233	274	268	268	183	180	182	192	198	60	164	161	76	122	139	64	129	0	|

--------------------------------------------------------------------------------
Building model...
	using lazy and cut (CVRPSEP package)
Solving IRP LP...


Gurobi 9.1.0 (linux64) logging started Wed Dec  9 21:11:33 2020

================================================================================
executing instance: ./input/Instances/3/absH3low_4n10_3.dat
--------------------------------------------------------------------------------
Instance details
n	11
H	3
C	822
Li:
[0, 0, 0, 0, 0, 0, 0, 0, 0, 0, 0, ]
Ui:
[0, 52, 38, 182, 297, 86, 153, 138, 88, 165, 102, ]
Distance matrix:
|0	411	256	327	36	383	239	148	382	307	285	|
|411	0	549	106	429	174	430	263	395	234	352	|
|256	549	0	444	220	436	132	325	288	342	235	|
|327	106	444	0	339	109	324	179	302	135	249	|
|36	429	220	339	0	386	212	165	364	304	268	|
|383	174	436	109	386	0	305	249	227	94	209	|
|239	430	132	324	212	305	0	241	173	212	103	|
|148	263	325	179	165	249	241	0	320	192	227	|
|382	395	288	302	364	227	173	320	0	168	98	|
|307	234	342	135	304	94	212	192	168	0	120	|
|285	352	235	249	268	209	103	227	98	120	0	|

--------------------------------------------------------------------------------
Building model...
	using lazy and cut (CVRPSEP package)
Solving IRP LP...


Gurobi 9.1.0 (linux64) logging started Wed Dec  9 21:11:36 2020

================================================================================
executing instance: ./input/Instances/3/absH3high_5n15_3.dat
--------------------------------------------------------------------------------
Instance details
n	16
H	3
C	1021
Li:
[0, 0, 0, 0, 0, 0, 0, 0, 0, 0, 0, 0, 0, 0, 0, 0, ]
Ui:
[0, 90, 110, 104, 144, 110, 26, 42, 116, 84, 142, 159, 132, 172, 48, 68, ]
Distance matrix:
|0	407	168	375	124	327	270	302	191	171	353	87	284	192	246	156	|
|407	0	509	163	505	100	471	112	448	249	366	343	430	216	395	422	|
|168	509	0	423	64	414	158	397	94	313	311	250	200	318	186	95	|
|375	163	423	0	439	98	343	124	343	269	210	343	295	227	269	329	|
|124	505	64	439	0	415	216	395	142	288	354	211	252	301	230	127	|
|327	100	414	98	415	0	370	30	348	190	275	277	331	150	295	325	|
|270	471	158	343	216	370	0	365	80	349	174	327	54	334	76	114	|
|302	112	397	124	395	30	365	0	337	161	284	249	329	121	291	311	|
|191	448	94	343	142	348	80	337	0	290	217	254	110	283	92	38	|
|171	249	313	269	288	190	349	161	290	0	348	95	336	42	291	254	|
|353	366	311	210	354	275	174	284	217	348	0	372	119	315	125	227	|
|87	343	250	343	211	277	327	249	254	95	372	0	328	128	285	216	|
|284	430	200	295	252	331	54	329	110	336	119	328	0	315	45	133	|
|192	216	318	227	301	150	334	121	283	42	315	128	315	0	271	248	|
|246	395	186	269	230	295	76	291	92	291	125	285	45	271	0	104	|
|156	422	95	329	127	325	114	311	38	254	227	216	133	248	104	0	|

--------------------------------------------------------------------------------
Building model...
	using lazy and cut (CVRPSEP package)
Solving IRP LP...


Gurobi 9.1.0 (linux64) logging started Wed Dec  9 21:11:36 2020

================================================================================
executing instance: ./input/Instances/3/absH3high_3n25_3.dat
--------------------------------------------------------------------------------
Instance details
n	26
H	3
C	2119
Li:
[0, 0, 0, 0, 0, 0, 0, 0, 0, 0, 0, 0, 0, 0, 0, 0, 0, 0, 0, 0, 0, 0, 0, 0, 0, 0, ]
Ui:
[0, 54, 222, 44, 231, 134, 198, 54, 98, 207, 243, 246, 100, 180, 132, 93, 285, 144, 132, 225, 96, 99, 114, 184, 108, 26, ]
Distance matrix:
|0	569	41	526	191	379	433	247	454	405	245	393	343	373	322	236	409	124	475	160	358	238	309	369	238	295	|
|569	0	539	46	523	398	363	484	248	328	507	311	429	345	407	399	308	456	95	428	229	359	266	210	335	277	|
|41	539	0	497	208	338	430	208	441	365	259	353	347	333	323	196	401	87	446	150	324	224	277	345	206	271	|
|526	46	497	0	477	377	325	453	211	310	462	291	386	323	363	364	268	415	51	384	194	313	226	164	294	233	|
|191	523	208	477	0	481	276	388	336	480	55	460	171	454	162	332	275	224	430	128	369	168	317	314	264	258	|
|379	398	338	377	481	0	545	150	478	72	509	87	524	55	492	151	486	269	344	355	209	358	224	330	232	300	|
|433	363	430	325	276	545	0	526	115	506	230	482	109	497	115	435	63	390	299	281	349	218	321	227	326	245	|
|247	484	208	453	388	150	526	0	489	203	428	204	476	171	446	96	477	164	408	277	259	312	241	350	203	293	|
|454	248	441	211	336	478	115	489	0	429	302	405	197	426	184	393	67	380	190	294	271	216	258	148	287	197	|
|405	328	365	310	480	72	506	203	429	0	501	24	499	34	467	169	445	286	280	352	159	339	189	283	218	267	|
|245	507	259	462	55	509	230	428	302	501	0	480	122	478	120	363	238	264	418	155	377	170	327	304	282	259	|
|393	311	353	291	460	87	482	204	405	24	480	0	476	36	444	158	421	272	259	332	135	316	165	259	198	244	|
|343	429	347	386	171	524	109	476	197	499	122	476	0	483	33	395	130	324	349	207	353	168	311	249	293	233	|
|373	345	333	323	454	55	497	171	426	34	478	36	483	0	450	137	437	255	289	327	155	319	176	278	196	254	|
|322	407	323	363	162	492	115	446	184	467	120	444	33	450	0	363	119	295	324	179	321	136	279	220	260	201	|
|236	399	196	364	332	151	435	96	393	169	363	158	395	137	363	0	383	119	318	208	170	227	146	254	109	197	|
|409	308	401	268	275	486	63	477	67	445	238	421	130	437	119	383	0	350	238	251	287	179	262	164	274	189	|
|124	456	87	415	224	269	390	164	380	286	264	272	324	255	295	119	350	0	364	117	238	172	192	269	121	196	|
|475	95	446	51	430	344	299	408	190	280	418	259	349	289	324	318	238	364	0	334	150	265	177	116	244	182	|
|160	428	150	384	128	355	281	277	294	352	155	332	207	327	179	208	251	117	334	0	248	79	195	221	136	151	|
|358	229	324	194	369	209	349	259	271	159	377	135	353	155	321	170	287	238	150	248	0	207	53	125	121	121	|
|238	359	224	313	168	358	218	312	216	339	170	316	168	319	136	227	179	172	265	79	207	0	158	149	125	91	|
|309	266	277	226	317	224	321	241	258	189	327	165	311	176	279	146	262	192	177	195	53	158	0	112	71	79	|
|369	210	345	164	314	330	227	350	148	283	304	259	249	278	220	254	164	269	116	221	125	149	112	0	156	74	|
|238	335	206	294	264	232	326	203	287	218	282	198	293	196	260	109	274	121	244	136	121	125	71	156	0	90	|
|295	277	271	233	258	300	245	293	197	267	259	244	233	254	201	197	189	196	182	151	121	91	79	74	90	0	|

--------------------------------------------------------------------------------
Building model...
	using lazy and cut (CVRPSEP package)
Solving IRP LP...


Gurobi 9.1.0 (linux64) logging started Wed Dec  9 21:11:37 2020

================================================================================
executing instance: ./input/Instances/3/absH3high_1n45_3.dat
--------------------------------------------------------------------------------
Instance details
n	46
H	3
C	3462
Li:
[0, 0, 0, 0, 0, 0, 0, 0, 0, 0, 0, 0, 0, 0, 0, 0, 0, 0, 0, 0, 0, 0, 0, 0, 0, 0, 0, 0, 0, 0, 0, 0, 0, 0, 0, 0, 0, 0, 0, 0, 0, 0, 0, 0, 0, 0, ]
Ui:
[0, 270, 45, 198, 64, 66, 270, 45, 198, 72, 148, 156, 26, 90, 22, 144, 92, 94, 180, 174, 237, 249, 165, 180, 273, 198, 96, 210, 30, 180, 86, 108, 44, 168, 66, 264, 75, 48, 117, 30, 112, 136, 54, 192, 36, 174, ]
Distance matrix:
|0	464	206	460	110	461	201	431	136	426	93	439	44	390	374	312	363	71	349	169	346	253	249	252	281	247	200	256	305	219	236	254	20	327	70	303	139	278	166	236	116	260	137	201	160	180	|
|464	0	578	54	562	390	435	378	431	384	415	301	458	456	137	492	117	517	292	344	400	246	474	246	441	251	480	233	348	265	398	211	448	203	440	213	329	259	305	330	357	251	389	333	345	321	|
|206	578	0	591	135	412	407	386	342	378	297	432	250	300	525	194	502	144	354	362	288	423	148	422	202	418	109	421	286	388	203	390	202	390	167	372	308	329	333	258	244	329	191	246	235	258	|
|460	54	591	0	563	436	408	422	412	427	402	348	449	494	102	521	98	518	330	325	436	225	498	225	469	230	498	214	381	250	422	208	446	235	444	239	322	285	296	353	359	272	400	351	356	333	|
|110	562	135	563	0	493	294	464	233	457	199	490	143	399	480	302	466	45	402	279	369	362	242	361	289	356	189	364	344	328	262	355	120	404	124	382	246	348	273	290	206	337	191	261	230	254	|
|461	390	412	436	493	0	585	30	538	36	490	89	490	125	448	226	408	462	135	481	125	448	264	446	211	447	311	433	156	430	231	365	441	228	394	243	414	225	413	229	367	253	324	266	309	299	|
|201	435	407	408	294	585	0	556	64	554	114	536	157	546	306	490	318	266	453	108	491	190	430	191	448	186	388	205	436	181	393	254	207	388	254	364	171	364	174	361	228	337	292	325	285	289	|
|431	378	386	422	464	30	556	0	508	9	460	84	460	108	429	204	388	432	110	453	98	423	238	420	184	421	283	408	126	404	202	340	411	206	365	219	385	198	385	199	337	226	294	237	280	269	|
|136	431	342	412	233	538	64	508	0	505	52	495	93	491	313	429	316	203	409	88	438	187	369	187	390	182	325	199	385	167	335	233	143	355	191	330	129	323	141	310	173	297	233	273	231	239	|
|426	384	378	427	457	36	554	9	505	0	457	92	456	99	432	195	391	426	111	451	90	423	229	421	176	421	275	408	122	404	195	340	406	209	359	221	383	197	383	195	333	226	289	233	276	266	|
|93	415	297	402	199	490	114	460	52	457	0	452	57	440	307	377	304	163	364	84	387	180	317	180	338	175	274	188	336	152	284	208	95	317	140	292	92	280	112	262	124	256	181	224	182	191	|
|439	301	432	348	490	89	536	84	495	92	452	0	462	186	367	267	326	454	90	429	155	382	287	380	235	382	325	366	148	369	233	299	419	156	378	176	367	172	361	204	333	199	306	238	280	263	|
|44	458	250	449	143	490	157	460	93	456	57	462	0	426	357	353	351	110	372	140	379	232	290	232	319	226	243	238	334	201	270	247	56	339	109	314	129	294	153	262	130	274	168	225	183	198	|
|390	456	300	494	399	125	546	108	491	99	440	186	426	0	480	107	442	374	164	452	62	446	157	443	111	443	210	433	125	420	156	369	372	261	320	264	380	227	388	191	319	252	260	224	262	261	|
|374	137	525	102	480	448	306	429	313	432	307	367	357	480	0	487	40	436	324	227	419	127	452	127	434	132	443	119	358	156	380	136	361	223	368	216	235	255	208	312	284	234	336	300	294	274	|
|312	492	194	521	302	226	490	204	429	195	377	267	353	107	487	0	452	283	212	407	113	425	63	423	53	421	115	415	145	394	110	359	296	288	244	282	336	237	351	174	267	254	199	193	219	228	|
|363	117	502	98	466	408	318	388	316	391	304	326	351	442	40	452	0	422	284	229	381	130	421	129	399	134	415	118	321	152	347	113	348	184	349	178	224	219	198	279	264	199	311	270	268	246	|
|71	517	144	518	45	462	266	432	203	426	163	454	110	374	436	283	422	0	364	239	339	319	221	318	263	313	168	321	310	285	230	310	77	362	81	338	202	306	229	251	161	294	150	221	187	211	|
|349	292	354	330	402	135	453	110	409	111	364	90	372	164	324	212	284	364	0	348	109	313	215	311	169	312	245	298	70	295	151	230	329	101	289	110	283	90	280	114	244	118	216	148	190	174	|
|169	344	362	325	279	481	108	453	88	451	84	429	140	452	227	407	229	239	348	0	394	100	352	100	361	95	318	111	336	79	303	148	164	280	196	256	72	258	68	262	140	231	210	228	192	191	|
|346	400	288	436	369	125	491	98	438	90	387	155	379	62	419	113	381	339	109	394	0	384	140	382	86	382	186	371	63	359	110	307	327	202	277	203	323	165	329	132	265	190	211	167	207	204	|
|253	246	423	225	362	448	190	423	187	423	180	382	232	446	127	425	130	319	313	100	384	0	378	2	374	6	357	17	322	35	315	83	242	226	258	206	117	226	91	257	180	198	244	232	210	197	|
|249	474	148	498	242	264	430	238	369	229	317	287	290	157	452	63	421	221	215	352	140	378	0	377	53	374	53	370	145	346	76	320	234	273	181	261	282	215	299	145	212	226	142	152	169	183	|
|252	246	422	225	361	446	191	420	187	421	180	380	232	443	127	423	129	318	311	100	382	2	377	0	371	5	355	15	320	34	313	81	241	224	257	204	116	224	90	255	178	195	242	230	208	195	|
|281	441	202	469	289	211	448	184	390	176	338	235	319	111	434	53	399	263	169	361	86	374	53	371	0	370	101	364	99	344	59	306	264	238	212	230	290	184	302	121	222	201	157	142	170	177	|
|247	251	418	230	356	447	186	421	182	421	175	382	226	443	132	421	134	313	312	95	382	6	374	5	370	0	352	19	320	30	311	83	237	226	253	206	112	224	86	254	175	196	239	228	205	193	|
|200	480	109	498	189	311	388	283	325	275	274	325	243	210	443	115	415	168	245	318	186	357	53	355	101	352	0	351	177	323	95	308	187	286	135	270	252	225	272	153	181	230	113	148	150	169	|
|256	233	421	214	364	433	205	408	199	408	188	366	238	433	119	415	118	321	298	111	371	17	370	15	364	19	351	0	309	37	305	68	245	210	257	191	118	212	92	246	177	184	238	222	202	188	|
|305	348	286	381	344	156	436	126	385	122	336	148	334	125	358	145	321	310	70	336	63	322	145	320	99	320	177	309	0	298	85	244	285	146	239	144	266	103	270	75	213	128	168	112	155	147	|
|219	265	388	250	328	430	181	404	167	404	152	369	201	420	156	394	152	285	295	79	359	35	346	34	344	30	323	37	298	0	284	74	208	215	223	193	82	206	56	230	145	178	210	202	177	166	|
|236	398	203	422	262	231	393	202	335	195	284	233	270	156	380	110	347	230	151	303	110	315	76	313	59	311	95	305	85	284	0	250	217	198	167	185	231	139	243	69	165	150	103	83	112	118	|
|254	211	390	208	355	365	254	340	233	340	208	299	247	369	136	359	113	310	230	148	307	83	320	81	306	83	308	68	244	74	250	0	238	143	236	123	119	145	96	186	151	117	200	168	158	139	|
|20	448	202	446	120	441	207	411	143	406	95	419	56	372	361	296	348	77	329	164	327	242	234	241	264	237	187	245	285	208	217	238	0	308	53	283	127	257	153	216	97	240	117	180	140	159	|
|327	203	390	235	404	228	388	206	355	209	317	156	339	261	223	288	184	362	101	280	202	226	273	224	238	226	286	210	146	215	198	143	308	0	281	25	226	61	215	133	212	68	215	147	174	151	|
|70	440	167	444	124	394	254	365	191	359	140	378	109	320	368	244	349	81	289	196	277	258	181	257	212	253	135	257	239	223	167	236	53	281	0	258	141	226	167	175	85	213	73	142	107	130	|
|303	213	372	239	382	243	364	219	330	221	292	176	314	264	216	282	178	338	110	256	203	206	261	204	230	206	270	191	144	193	185	123	283	25	258	0	201	46	191	118	187	45	193	127	151	128	|
|139	329	308	322	246	414	171	385	129	383	92	367	129	380	235	336	224	202	283	72	323	117	282	116	290	112	252	118	266	82	231	119	127	226	141	201	0	195	27	191	71	169	141	156	120	119	|
|278	259	329	285	348	225	364	198	323	197	280	172	294	227	255	237	219	306	90	258	165	226	215	224	184	224	225	212	103	206	139	145	257	61	226	46	195	0	190	72	165	29	157	87	119	98	|
|166	305	333	296	273	413	174	385	141	383	112	361	153	388	208	351	198	229	280	68	329	91	299	90	302	86	272	92	270	56	243	96	153	215	167	191	27	190	0	197	91	163	159	164	132	127	|
|236	330	258	353	290	229	361	199	310	195	262	204	262	191	312	174	279	251	114	262	132	257	145	255	121	254	153	246	75	230	69	186	216	133	175	118	191	72	197	0	138	81	102	37	80	72	|
|116	357	244	359	206	367	228	337	173	333	124	333	130	319	284	267	264	161	244	140	265	180	212	178	222	175	181	177	213	145	165	151	97	212	85	187	71	165	91	138	0	145	70	101	58	69	|
|260	251	329	272	337	253	337	226	297	226	256	199	274	252	234	254	199	294	118	231	190	198	226	195	201	196	230	184	128	178	150	117	240	68	213	45	169	29	163	81	145	0	148	84	107	83	|
|137	389	191	400	191	324	292	294	233	289	181	306	168	260	336	199	311	150	216	210	211	244	142	242	157	239	113	238	168	210	103	200	117	215	73	193	141	157	159	102	70	148	0	70	45	68	|
|201	333	246	351	261	266	325	237	273	233	224	238	225	224	300	193	270	221	148	228	167	232	152	230	142	228	148	222	112	202	83	168	180	147	142	127	156	87	164	37	101	84	70	0	43	38	|
|160	345	235	356	230	309	285	280	231	276	182	280	183	262	294	219	268	187	190	192	207	210	169	208	170	205	150	202	155	177	112	158	140	174	107	151	120	119	132	80	58	107	45	43	0	24	|
|180	321	258	333	254	299	289	269	239	266	191	263	198	261	274	228	246	211	174	191	204	197	183	195	177	193	169	188	147	166	118	139	159	151	130	128	119	98	127	72	69	83	68	38	24	0	|

--------------------------------------------------------------------------------
Building model...
	using lazy and cut (CVRPSEP package)
Solving IRP LP...


Gurobi 9.1.0 (linux64) logging started Wed Dec  9 21:11:53 2020

================================================================================
executing instance: ./input/Instances/3/absH6low_2n10_3.dat
--------------------------------------------------------------------------------
Instance details
n	11
H	6
C	655
Li:
[0, 0, 0, 0, 0, 0, 0, 0, 0, 0, 0, ]
Ui:
[0, 78, 177, 30, 84, 132, 154, 225, 78, 22, 108, ]
Distance matrix:
|0	514	378	411	356	205	322	142	395	191	365	|
|514	0	451	297	386	419	293	373	125	327	193	|
|378	451	0	576	66	488	172	313	350	295	268	|
|411	297	576	0	514	222	410	318	275	302	339	|
|356	386	66	514	0	441	106	270	284	245	201	|
|205	419	488	222	441	0	361	175	328	197	345	|
|322	293	172	410	106	361	0	204	181	166	101	|
|142	373	313	318	270	175	204	0	253	49	227	|
|395	125	350	275	284	328	181	253	0	205	82	|
|191	327	295	302	245	197	166	49	205	0	179	|
|365	193	268	339	201	345	101	227	82	179	0	|

--------------------------------------------------------------------------------
Building model...
	using lazy and cut (CVRPSEP package)
Solving IRP LP...


Gurobi 9.1.0 (linux64) logging started Wed Dec  9 21:12:42 2020

================================================================================
executing instance: ./input/Instances/3/absH3high_2n15_3.dat
--------------------------------------------------------------------------------
Instance details
n	16
H	3
C	1185
Li:
[0, 0, 0, 0, 0, 0, 0, 0, 0, 0, 0, 0, 0, 0, 0, 0, ]
Ui:
[0, 110, 166, 174, 72, 102, 20, 190, 189, 156, 33, 213, 189, 166, 60, 92, ]
Distance matrix:
|0	376	211	373	152	320	209	252	169	64	316	68	244	166	203	226	|
|376	0	558	4	511	186	404	149	368	426	279	378	230	211	256	215	|
|211	558	0	556	62	530	211	454	216	209	398	182	365	353	323	362	|
|373	4	556	0	508	183	402	144	366	422	280	375	229	208	255	214	|
|152	511	62	508	0	472	202	400	193	147	377	134	332	303	289	325	|
|320	186	530	183	472	0	442	99	397	346	393	355	314	204	314	287	|
|209	404	211	402	202	442	0	347	47	260	190	140	179	239	148	189	|
|252	149	454	144	400	99	347	0	302	292	297	274	216	109	215	188	|
|169	368	216	366	193	397	47	302	0	226	184	103	152	193	114	156	|
|64	426	209	422	147	346	260	292	226	0	380	122	308	220	267	289	|
|316	279	398	280	377	393	190	297	184	380	0	267	88	225	117	117	|
|68	378	182	375	134	355	140	274	103	122	267	0	207	171	163	196	|
|244	230	365	229	332	314	179	216	152	308	88	207	0	137	44	29	|
|166	211	353	208	303	204	239	109	193	220	225	171	137	0	120	109	|
|203	256	323	255	289	314	148	215	114	267	117	163	44	120	0	42	|
|226	215	362	214	325	287	189	188	156	289	117	196	29	109	42	0	|

--------------------------------------------------------------------------------
Building model...
	using lazy and cut (CVRPSEP package)
Solving IRP LP...


Gurobi 9.1.0 (linux64) logging started Wed Dec  9 21:12:44 2020

================================================================================
executing instance: ./input/Instances/3/absH6low_2n20_3.dat
--------------------------------------------------------------------------------
Instance details
n	21
H	6
C	1668
Li:
[0, 0, 0, 0, 0, 0, 0, 0, 0, 0, 0, 0, 0, 0, 0, 0, 0, 0, 0, 0, 0, ]
Ui:
[0, 249, 111, 42, 132, 222, 42, 252, 168, 152, 243, 180, 66, 93, 48, 249, 22, 154, 184, 126, 138, ]
Distance matrix:
|0	326	261	261	235	311	229	227	160	191	235	184	95	142	204	29	163	135	109	150	47	|
|326	0	563	75	561	334	555	153	471	189	303	283	312	305	157	349	178	249	274	184	293	|
|261	563	0	509	160	384	156	428	102	452	333	433	252	385	413	254	385	394	291	405	277	|
|261	75	509	0	494	333	488	139	413	114	286	208	262	230	130	282	133	174	227	114	233	|
|235	561	160	494	0	477	7	455	139	407	410	357	284	309	434	213	396	340	319	381	274	|
|311	334	384	333	477	0	470	194	340	375	77	439	219	419	207	338	228	375	205	313	268	|
|229	555	156	488	7	470	0	449	132	402	403	353	277	305	428	207	389	335	312	375	268	|
|227	153	428	139	455	194	449	0	344	196	151	278	179	275	25	255	68	219	140	144	183	|
|160	471	102	413	139	340	132	344	0	350	276	333	166	285	327	153	294	292	204	306	180	|
|191	189	452	114	407	375	402	196	350	0	311	95	232	118	175	202	147	69	208	64	182	|
|235	303	333	286	410	77	403	151	276	311	0	368	142	345	156	262	166	304	129	247	192	|
|184	283	433	208	357	439	353	278	333	95	368	0	258	49	254	181	218	64	247	134	198	|
|95	312	252	262	284	219	277	179	166	232	142	258	0	224	162	120	133	197	39	172	60	|
|142	305	385	230	309	419	305	275	285	118	345	49	224	0	250	135	210	58	219	135	164	|
|204	157	413	130	434	207	428	25	327	175	156	254	162	250	0	232	43	195	123	120	161	|
|29	349	254	282	213	338	207	255	153	202	262	181	120	135	232	0	190	140	138	168	76	|
|163	178	385	133	396	228	389	68	294	147	166	218	133	210	43	190	0	157	96	86	122	|
|135	249	394	174	340	375	335	219	292	69	304	64	197	58	195	140	157	0	184	77	139	|
|109	274	291	227	319	205	312	140	204	208	129	247	39	219	123	138	96	184	0	145	64	|
|150	184	405	114	381	313	375	144	306	64	247	134	172	135	120	168	86	77	145	0	129	|
|47	293	277	233	274	268	268	183	180	182	192	198	60	164	161	76	122	139	64	129	0	|

--------------------------------------------------------------------------------
Building model...
	using lazy and cut (CVRPSEP package)
Solving IRP LP...


Gurobi 9.1.0 (linux64) logging started Wed Dec  9 21:12:45 2020

================================================================================
executing instance: ./input/Instances/3/absH6high_5n5_3.dat
--------------------------------------------------------------------------------
Instance details
n	6
H	6
C	369
Li:
[0, 0, 0, 0, 0, 0, ]
Ui:
[0, 177, 201, 57, 36, 178, ]
Distance matrix:
|0	357	90	124	193	139	|
|357	0	284	267	228	221	|
|90	284	0	122	104	66	|
|124	267	122	0	194	101	|
|193	228	104	194	0	93	|
|139	221	66	101	93	0	|

--------------------------------------------------------------------------------
Building model...
	using lazy and cut (CVRPSEP package)
Solving IRP LP...


Gurobi 9.1.0 (linux64) logging started Wed Dec  9 21:13:11 2020

================================================================================
executing instance: ./input/Instances/3/absH3low_2n45_3.dat
--------------------------------------------------------------------------------
Instance details
n	46
H	3
C	3171
Li:
[0, 0, 0, 0, 0, 0, 0, 0, 0, 0, 0, 0, 0, 0, 0, 0, 0, 0, 0, 0, 0, 0, 0, 0, 0, 0, 0, 0, 0, 0, 0, 0, 0, 0, 0, 0, 0, 0, 0, 0, 0, 0, 0, 0, 0, 0, ]
Ui:
[0, 51, 132, 297, 102, 78, 111, 240, 246, 201, 108, 105, 87, 20, 123, 114, 231, 60, 32, 66, 42, 26, 24, 78, 160, 160, 24, 255, 40, 20, 76, 126, 240, 228, 132, 174, 70, 162, 246, 82, 96, 136, 144, 160, 22, 148, ]
Distance matrix:
|0	593	105	563	41	550	22	523	148	506	344	359	420	329	369	461	261	504	90	495	89	481	233	468	112	402	159	371	318	366	299	240	439	113	462	163	424	273	413	280	273	333	187	379	265	339	|
|593	0	647	78	576	48	573	77	565	106	508	356	474	365	499	178	521	110	542	114	516	280	463	304	521	395	482	422	337	420	352	472	174	499	137	431	260	338	262	332	423	283	432	227	368	264	|
|105	647	0	606	145	601	123	583	105	570	302	453	386	423	330	534	219	568	106	559	137	490	334	473	214	389	258	353	406	349	388	223	508	208	511	225	444	353	434	359	269	409	216	423	289	384	|
|563	78	606	0	550	52	544	108	517	137	441	374	400	378	429	206	462	142	502	141	480	203	463	228	503	324	470	353	344	352	355	416	187	478	103	400	191	328	196	323	365	282	390	184	319	224	|
|41	576	145	550	0	534	26	504	179	484	367	324	438	294	391	436	286	482	113	474	98	483	194	472	74	414	122	386	286	380	267	258	416	81	448	152	422	248	411	254	285	307	190	368	266	328	|
|550	48	601	52	534	0	530	57	517	88	461	333	429	339	452	160	474	93	496	93	471	239	431	262	481	350	445	376	308	374	321	424	146	458	90	387	214	301	216	295	375	249	385	180	320	217	|
|22	573	123	544	26	530	0	503	153	485	343	336	416	307	367	439	261	482	88	474	78	468	212	456	91	394	137	365	296	359	276	235	418	90	443	144	409	251	399	258	265	311	174	361	251	321	|
|523	77	583	108	504	57	503	0	506	31	473	280	451	289	468	104	475	36	477	38	449	273	386	294	447	371	407	392	260	389	275	422	97	426	91	363	234	263	234	257	376	207	371	174	313	205	|
|148	565	105	517	179	517	153	506	0	497	202	423	284	394	230	471	118	496	71	487	105	388	329	370	223	284	254	248	369	244	352	118	441	204	428	173	346	305	336	311	166	355	136	338	198	302	|
|506	106	570	137	484	88	485	31	497	0	476	250	460	260	472	73	473	5	464	11	434	289	360	309	425	380	384	398	233	395	248	418	71	406	100	347	245	240	243	234	374	183	360	172	308	199	|
|344	508	302	441	367	461	343	473	202	476	0	507	86	484	28	482	84	478	255	469	271	256	462	232	387	126	400	90	447	90	437	115	444	360	382	282	250	377	246	380	121	403	214	305	196	288	|
|359	356	453	374	324	333	336	280	423	250	507	0	533	30	517	178	462	245	362	242	325	442	141	449	250	466	201	463	61	458	73	406	187	246	286	252	374	130	365	127	386	118	308	270	313	254	|
|420	474	386	400	438	429	416	451	284	460	86	533	0	513	59	478	167	462	330	453	341	201	509	176	449	80	455	70	473	76	466	181	440	421	360	333	217	406	217	408	163	421	267	298	225	291	|
|329	365	423	378	294	339	307	289	394	260	484	30	513	0	495	189	436	255	333	251	296	431	115	437	221	448	172	443	42	438	47	380	193	217	285	224	362	107	353	105	363	108	282	259	291	240	|
|369	499	330	429	391	452	367	468	230	472	28	517	59	495	0	482	111	474	280	465	295	239	479	214	408	108	419	77	457	78	448	136	444	381	376	299	239	388	237	390	133	410	231	303	205	289	|
|461	178	534	206	436	160	439	104	471	73	482	178	478	189	482	0	465	68	430	66	398	330	294	345	371	400	327	412	167	408	184	408	38	355	142	310	274	188	269	182	370	129	336	180	297	194	|
|261	521	219	462	286	474	261	475	118	473	84	462	167	436	111	465	0	474	173	464	193	300	398	279	313	180	331	142	402	139	390	58	430	287	388	220	275	333	268	337	99	369	155	302	168	275	|
|504	110	568	142	482	93	482	36	496	5	478	245	462	255	474	68	474	0	463	9	433	293	356	312	422	382	381	400	229	397	244	419	67	403	104	345	248	237	246	231	375	180	360	173	308	200	|
|90	542	106	502	113	496	88	477	71	464	255	362	330	333	280	430	173	463	0	454	37	400	260	386	152	314	184	282	311	277	293	150	403	133	406	121	348	252	338	258	186	307	113	318	190	279	|
|495	114	559	141	474	93	474	38	487	11	469	242	453	251	465	66	464	9	454	0	424	286	350	305	415	373	374	391	223	388	238	409	61	395	96	337	239	230	237	224	365	173	350	164	299	190	|
|89	516	137	480	98	471	78	449	105	434	271	325	341	296	295	398	193	433	37	424	0	391	224	379	121	316	150	287	275	282	257	160	372	100	382	88	335	217	324	223	187	273	98	296	176	256	|
|481	280	490	203	483	239	468	273	388	289	256	442	201	431	239	330	300	293	400	286	391	0	472	26	461	131	446	167	389	168	391	271	294	432	191	337	70	339	80	337	221	324	294	172	217	194	|
|233	463	334	463	194	431	212	386	329	360	462	141	509	115	479	294	398	356	260	350	224	472	0	472	121	456	76	442	128	436	111	349	289	128	362	180	403	139	392	142	347	181	248	311	287	280	|
|468	304	473	228	472	262	456	294	370	309	232	449	176	437	214	345	279	312	386	305	379	26	472	0	454	106	441	143	395	144	395	252	309	425	209	330	76	341	84	340	204	331	283	180	207	198	|
|112	521	214	503	74	481	91	447	223	425	387	250	449	221	408	371	313	422	152	415	121	461	121	454	0	412	49	389	216	383	196	273	355	30	400	125	396	185	385	191	288	244	184	327	249	288	|
|402	395	389	324	414	350	394	371	284	380	126	466	80	448	108	400	180	382	314	373	316	131	456	106	412	0	410	39	406	42	401	167	362	382	280	289	137	342	137	343	129	350	228	219	169	217	|
|159	482	258	470	122	445	137	407	254	384	400	201	455	172	419	327	331	381	184	374	150	446	76	441	49	410	0	391	168	385	149	286	314	52	367	122	378	144	367	150	292	201	189	300	242	263	|
|371	422	353	353	386	376	365	392	248	398	90	463	70	443	77	412	142	400	282	391	287	167	442	143	389	39	391	0	403	6	396	133	374	360	301	269	163	336	160	338	102	351	205	232	156	222	|
|318	337	406	344	286	308	296	260	369	233	447	61	473	42	457	167	402	229	311	223	275	389	128	395	216	406	168	403	0	397	19	345	164	206	248	196	320	70	311	66	325	67	249	218	252	198	|
|366	420	349	352	380	374	359	389	244	395	90	458	76	438	78	408	139	397	277	388	282	168	436	144	383	42	385	6	397	0	391	128	370	354	298	263	161	331	158	332	96	346	199	228	150	218	|
|299	352	388	355	267	321	276	275	352	248	437	73	466	47	448	184	390	244	293	238	257	391	111	395	196	401	149	396	19	391	0	333	178	187	258	180	321	60	312	58	315	74	236	221	243	197	|
|240	472	223	416	258	424	235	422	118	418	115	406	181	380	136	408	58	419	150	409	160	271	349	252	273	167	286	133	345	128	333	0	373	246	336	168	234	276	226	280	52	311	101	249	111	219	|
|439	174	508	187	416	146	418	97	441	71	444	187	440	193	444	38	430	67	403	61	372	294	289	309	355	362	314	374	164	370	178	373	0	337	110	284	237	170	232	164	333	113	305	142	262	157	|
|113	499	208	478	81	458	90	426	204	406	360	246	421	217	381	355	287	403	133	395	100	432	128	425	30	382	52	360	206	354	187	246	337	0	376	95	367	167	356	173	259	226	155	301	219	261	|
