




arguments: ./build/bc_mirp -f ./input/orig_exec_100.cfg
Current dir: /scratch/gui/bc_mirp
File verbosity level: 9
date       time         ( uptime  ) [ thread name/id ]                   file:line     v| 
2021-02-07 10:49:48.151 (   0.333s) [main thread     ]             loguru.cpp:789   INFO| Logging to './output/vi_vc+hc1_quarter/OU/V2/Original/execution_07_02_2021_10_49_48.log', mode: 'a', verbosity: 9
--------------------------------------------------------------------------------
Parameters
                           instance_path           ./input/Instances/Original/3/
                            model_policy                                       1
                             nb_vehicles                                       2
                              output_dir./output/vi_vc+hc1_quarter/OU/V2/Original/
                            sec_strategy                                       1
                       solver_nb_threads                                       2
                         solver_show_log                                    true
                       solver_time_limit                                    3600
                              use_vi_cos                                   false
                              use_vi_cus                                   false
                         use_vi_hc1_full                                   false
                         use_vi_hc1_half                                   false
                      use_vi_hc1_quarter                                    true
                              use_vi_hc2                                   false
                              use_vi_hc3                                   false
                         use_vi_lex_full                                   false
                         use_vi_lex_half                                   false
                      use_vi_lex_quarter                                   false
                              use_vi_qua                                   false
                               use_vi_vc                                    true
                               use_vi_vr                                   false
--------------------------------------------------------------------------------
executing instance: ./input/Instances/Original/3/absH3low_2n5.dat
--------------------------------------------------------------------------------
Instance details
n	6
H	3
C	237
Li:
[0, 0, 0, 0, 0, 0, ]
Ui:
[0, 93, 180, 51, 114, 24, ]
Distance matrix:
|0	170	318	35	112	235	|
|170	0	311	205	258	301	|
|318	311	0	326	278	137	|
|35	205	326	0	89	230	|
|112	258	278	89	0	160	|
|235	301	137	230	160	0	|

--------------------------------------------------------------------------------
Building model...
	using lazy and cut (CVRPSEP package)
Solving IRP LP...
--------------------------------------------------------------------------------

Gurobi 9.1.0 (linux64) logging started Sun Feb  7 10:49:48 2021

Gurobi Optimizer version 9.1.0 build v9.1.0rc0 (linux64)
Thread count: 32 physical cores, 32 logical processors, using up to 2 threads
Optimize a model with 147 rows, 180 columns and 603 nonzeros
Model fingerprint: 0x2ea40bf8
Variable types: 54 continuous, 126 integer (36 binary)
Coefficient statistics:
  Matrix range     [1e+00, 2e+02]
  Objective range  [1e-02, 3e+02]
  Bounds range     [1e+00, 2e+02]
  RHS range        [1e+00, 5e+02]
Presolve removed 45 rows and 22 columns
Presolve time: 0.01s
Presolved: 102 rows, 158 columns, 484 nonzeros
Variable types: 32 continuous, 126 integer (96 binary)
Found heuristic solution: objective 2312.9000000
Found heuristic solution: objective 2271.5200000
Found heuristic solution: objective 1828.8300000

Root relaxation: objective 5.780448e+02, 125 iterations, 0.00 seconds

    Nodes    |    Current Node    |     Objective Bounds      |     Work
 Expl Unexpl |  Obj  Depth IntInf | Incumbent    BestBd   Gap | It/Node Time

     0     0  578.04476    0   14 1828.83000  578.04476  68.4%     -    0s
     0     0  689.73102    0   20 1828.83000  689.73102  62.3%     -    0s
     0     0  844.80912    0   24 1828.83000  844.80912  53.8%     -    0s
     0     0 1177.97805    0   27 1828.83000 1177.97805  35.6%     -    0s
H    0     0                    1695.3500000 1177.97805  30.5%     -    0s
     0     0 1211.55250    0   31 1695.35000 1211.55250  28.5%     -    0s
     0     0 1379.58524    0   45 1695.35000 1379.58524  18.6%     -    0s
H    0     0                    1464.7300000 1379.58524  5.81%     -    0s
     0     0 1400.98323    0   27 1464.73000 1400.98323  4.35%     -    0s
     0     0 1401.07000    0    4 1464.73000 1401.07000  4.35%     -    0s
     0     0 1402.10705    0   30 1464.73000 1402.10705  4.28%     -    0s
     0     0 1402.77710    0   48 1464.73000 1402.77710  4.23%     -    0s
     0     0 1402.86498    0   30 1464.73000 1402.86498  4.22%     -    0s
     0     0 1407.75857    0   24 1464.73000 1407.75857  3.89%     -    0s
     0     0 1407.75857    0   24 1464.73000 1407.75857  3.89%     -    0s
     0     0 1407.75857    0   24 1464.73000 1407.75857  3.89%     -    0s
H    0     0                    1437.9000000 1407.75857  2.10%     -    0s
     0     0 1407.75857    0    4 1437.90000 1407.75857  2.10%     -    0s
     0     0 1409.13638    0   24 1437.90000 1409.13638  2.00%     -    0s
     0     0 1428.21148    0   16 1437.90000 1428.21148  0.67%     -    0s
     0     0 1433.04700    0   17 1437.90000 1433.04700  0.34%     -    0s
     0     0     cutoff    0      1437.90000 1437.90000  0.00%     -    0s

Explored 1 nodes (595 simplex iterations) in 0.11 seconds
Thread count was 2 (of 32 available processors)

Solution count 6: 1437.9 1464.73 1695.35 ... 2312.9

Optimal solution found (tolerance 1.00e-04)
Best objective 1.437900000000e+03, best bound 1.437900000000e+03, gap 0.0000%

User-callback calls 198, time in user-callback 0.00 sec
================================================================================
executing instance: ./input/Instances/Original/3/absH3high_5n30.dat
--------------------------------------------------------------------------------
Instance details
n	31
H	3
C	2296
Li:
[0, 0, 0, 0, 0, 0, 0, 0, 0, 0, 0, 0, 0, 0, 0, 0, 0, 0, 0, 0, 0, 0, 0, 0, 0, 0, 0, 0, 0, 0, 0, ]
Ui:
[0, 80, 90, 297, 28, 264, 123, 192, 112, 32, 72, 88, 294, 129, 126, 105, 110, 237, 246, 92, 72, 147, 54, 96, 128, 96, 84, 28, 74, 196, 192, ]
Distance matrix:
|0	87	302	65	389	171	219	120	412	339	129	63	169	401	383	158	393	161	246	275	64	287	345	235	13	274	106	201	85	358	135	|
|87	0	334	128	402	212	301	204	465	384	187	145	232	424	454	238	475	245	289	352	80	307	352	321	81	352	20	261	170	376	215	|
|302	334	0	239	113	132	237	334	157	70	404	263	162	105	227	229	339	251	65	217	259	53	107	352	293	220	339	134	270	75	235	|
|65	128	239	0	330	107	175	130	348	275	174	40	107	339	326	114	351	125	181	224	58	228	290	222	58	224	143	138	65	297	92	|
|389	402	113	330	0	226	349	438	210	151	502	360	269	48	316	339	441	362	175	328	335	102	55	465	377	330	401	245	371	37	342	|
|171	212	132	107	226	0	169	214	253	173	276	134	64	233	261	130	326	153	77	188	133	125	192	264	162	190	220	68	145	193	125	|
|219	301	237	175	349	169	0	157	257	223	244	157	105	334	180	62	175	61	177	63	233	264	334	118	221	61	317	112	136	312	85	|
|120	204	334	130	438	214	157	0	402	348	88	90	173	438	336	115	307	100	269	220	172	338	406	122	130	218	224	204	69	403	101	|
|412	465	157	348	210	253	257	402	0	88	486	359	245	166	129	287	266	303	178	204	386	208	239	370	406	207	473	212	354	187	304	|
|339	384	70	275	151	173	223	348	88	0	427	291	179	120	166	234	290	254	96	187	306	123	166	342	332	190	391	145	291	119	247	|
|129	187	404	174	502	276	244	88	486	427	0	142	248	508	424	200	390	187	342	308	193	400	464	192	142	306	207	281	136	469	182	|
|63	145	263	40	360	134	157	90	359	291	142	0	114	366	321	95	331	99	202	212	90	258	323	186	65	211	163	148	27	327	72	|
|169	232	162	107	269	64	105	173	245	179	248	114	0	266	222	71	268	94	97	131	155	173	244	203	164	132	245	34	113	233	73	|
|401	424	105	339	48	233	334	438	166	120	508	366	266	0	280	332	409	355	169	305	353	117	96	452	391	308	425	237	374	49	339	|
|383	454	227	326	316	261	180	336	129	166	424	321	222	280	0	231	137	238	208	116	376	277	331	272	381	118	467	197	307	285	253	|
|158	238	229	114	339	130	62	115	287	234	200	95	71	332	231	0	238	23	164	118	171	243	314	134	159	117	255	95	77	302	23	|
|393	475	339	351	441	326	175	307	266	290	390	331	268	409	137	238	0	232	300	138	408	383	445	204	395	136	492	258	308	406	260	|
|161	245	251	125	362	153	61	100	303	254	187	99	94	355	238	23	232	0	187	123	183	267	338	111	164	121	262	117	77	325	34	|
|246	289	65	181	175	77	177	269	178	96	342	202	97	169	208	164	300	187	0	168	210	87	157	290	238	171	296	70	206	138	170	|
|275	352	217	224	328	188	63	220	204	187	308	212	131	305	116	118	138	123	168	0	279	255	322	166	275	3	367	120	195	291	141	|
|64	80	259	58	335	133	233	172	386	306	193	90	155	353	376	171	408	183	210	279	0	236	289	276	51	279	90	182	117	307	150	|
|287	307	53	228	102	125	264	338	208	123	400	258	173	117	277	243	383	267	87	255	236	0	71	374	276	257	308	153	270	71	245	|
|345	352	107	290	55	192	334	406	239	166	464	323	244	96	331	314	445	338	157	322	289	71	0	445	334	325	350	224	337	54	315	|
|235	321	352	222	465	264	118	122	370	342	192	186	203	452	272	134	204	111	290	166	276	374	445	0	243	164	341	221	159	428	142	|
|13	81	293	58	377	162	221	130	406	332	142	65	164	391	381	159	395	164	238	275	51	276	334	243	0	274	100	196	89	347	136	|
|274	352	220	224	330	190	61	218	207	190	306	211	132	308	118	117	136	121	171	3	279	257	325	164	274	0	367	122	194	294	140	|
|106	20	339	143	401	220	317	224	473	391	207	163	245	425	467	255	492	262	296	367	90	308	350	341	100	367	0	272	188	377	232	|
|201	261	134	138	245	68	112	204	212	145	281	148	34	237	197	95	258	117	70	120	182	153	224	221	196	122	272	0	146	208	103	|
|85	170	270	65	371	145	136	69	354	291	136	27	113	374	307	77	308	77	206	195	117	270	337	159	89	194	188	146	0	337	54	|
|358	376	75	297	37	193	312	403	187	119	469	327	233	49	285	302	406	325	138	291	307	71	54	428	347	294	377	208	337	0	306	|
|135	215	235	92	342	125	85	101	304	247	182	72	73	339	253	23	260	34	170	141	150	245	315	142	136	140	232	103	54	306	0	|

--------------------------------------------------------------------------------
Building model...
	using lazy and cut (CVRPSEP package)
Solving IRP LP...
--------------------------------------------------------------------------------

Gurobi 9.1.0 (linux64) logging started Sun Feb  7 10:49:48 2021

Gurobi Optimizer version 9.1.0 build v9.1.0rc0 (linux64)
Thread count: 32 physical cores, 32 logical processors, using up to 2 threads
Optimize a model with 790 rows, 3280 columns and 8041 nonzeros
Model fingerprint: 0x623bc9a7
Variable types: 304 continuous, 2976 integer (186 binary)
Coefficient statistics:
  Matrix range     [1e+00, 1e+03]
  Objective range  [1e-01, 5e+02]
  Bounds range     [1e+00, 3e+02]
  RHS range        [1e+00, 4e+03]
Presolve removed 260 rows and 221 columns
Presolve time: 0.07s
Presolved: 530 rows, 3059 columns, 7106 nonzeros
Variable types: 176 continuous, 2883 integer (2706 binary)

Root relaxation: objective 8.876604e+03, 460 iterations, 0.01 seconds

    Nodes    |    Current Node    |     Objective Bounds      |     Work
 Expl Unexpl |  Obj  Depth IntInf | Incumbent    BestBd   Gap | It/Node Time

     0     0 8876.60441    0   85          - 8876.60441      -     -    0s
     0     0 9346.81220    0  112          - 9346.81220      -     -    0s
     0     0 9352.78689    0  111          - 9352.78689      -     -    0s
     0     0 9733.63280    0  142          - 9733.63280      -     -    0s
     0     0 9747.84541    0  150          - 9747.84541      -     -    0s
     0     0 9754.55148    0  119          - 9754.55148      -     -    0s
     0     0 9772.33492    0  128          - 9772.33492      -     -    0s
     0     0 9773.26521    0  120          - 9773.26521      -     -    0s
     0     0 9819.90850    0  186          - 9819.90850      -     -    0s
     0     0 9851.96176    0  202          - 9851.96176      -     -    0s
     0     0 9859.49565    0  235          - 9859.49565      -     -    0s
     0     0 9863.48228    0  246          - 9863.48228      -     -    0s
     0     0 9863.94139    0  228          - 9863.94139      -     -    0s
     0     0 9879.37167    0  255          - 9879.37167      -     -    0s
     0     0 9882.32808    0  274          - 9882.32808      -     -    0s
     0     0 9882.43764    0  278          - 9882.43764      -     -    0s
     0     0 9885.84044    0  225          - 9885.84044      -     -    0s
     0     0 9887.01254    0  219          - 9887.01254      -     -    0s
     0     0 9894.54084    0  210          - 9894.54084      -     -    0s
     0     0 9894.54084    0  209          - 9894.54084      -     -    1s
     0     2 9894.95018    0  231          - 9894.95018      -     -    1s
   442   427 10131.0125   16  157          - 9907.17559      -  66.4    5s
   767   707 10286.3739   31  304          - 9978.37916      -  53.2   10s
H  797   691                    12387.040000 9985.39087  19.4%  55.9   14s
   800   693 10727.2192   79  275 12387.0400 9985.51114  19.4%  55.7   15s
H  817   668                    12156.890000 9999.26906  17.7%  54.5   18s
   820   670 10180.8322   18  332 12156.8900 10002.1829  17.7%  54.3   20s
   882   714 10246.5620   36  167 12156.8900 10046.4479  17.4%  69.8   25s
  1064   837 11114.1472   97   23 12156.8900 10046.4479  17.4%  75.4   30s
* 1398   800             121    11032.810000 10046.4479  8.94%  68.9   34s
  1440   737 10148.6936   25  275 11032.8100 10064.6765  8.78%  68.7   35s
  1559   836 10726.1219   56   68 11032.8100 10064.6765  8.78%  75.7   40s
  1715   896 10479.0098   32  225 11032.8100 10064.7356  8.77%  77.8   45s
  1862  1017 10957.7104   71   52 11032.8100 10064.7356  8.77%  79.7   50s
  1959  1028 10611.9183   33  247 11032.8100 10068.1791  8.74%  80.9   55s
  2083  1028 10211.0366   26  282 11032.8100 10072.4095  8.70%  80.3   60s
  2307  1164     cutoff  120      11032.8100 10120.9554  8.26%  77.0   66s
H 2345  1095                    10982.930000 10120.9554  7.85%  77.8   67s
  2429  1142     cutoff  111      10982.9300 10128.7353  7.78%  77.5   70s
H 2434  1031                    10927.490000 10128.7353  7.31%  77.3   70s
  2596  1234 10384.7994   44  207 10927.4900 10129.5837  7.30%  79.2   76s
  2757  1277 10675.2326   42   82 10927.4900 10147.6592  7.14%  78.0   80s
  2934  1410 10812.0201   76   45 10927.4900 10148.7059  7.13%  78.3   85s
  3040  1476     cutoff   63      10927.4900 10158.7052  7.04%  79.8   91s
  3107  1569 10620.9054   52   89 10927.4900 10164.7815  6.98%  80.8   95s
  3275  1677 infeasible   85      10927.4900 10166.4722  6.96%  80.0  100s
  3404  1766 10879.4400   61    - 10927.4900 10168.8165  6.94%  80.5  105s
  3540  1897 10554.2865   35  187 10927.4900 10170.5026  6.93%  80.2  110s
  3711  2021     cutoff   60      10927.4900 10176.5054  6.87%  80.1  116s
  3830  2149 10597.3512   47   84 10927.4900 10179.6071  6.84%  81.4  121s
  3924  2181 10348.4537   39  129 10927.4900 10181.3508  6.83%  81.5  131s
  4029  2274 10885.2705   60   33 10927.4900 10182.0140  6.82%  81.7  137s
  4093  2368 10870.3060   49   15 10927.4900 10184.7061  6.80%  81.8  140s
  4331  2572 10616.4398   53   13 10927.4900 10185.8243  6.79%  81.3  147s
  4483  2718 10685.6024   63   11 10927.4900 10187.7205  6.77%  80.8  151s
H 4611  2710                    10922.110000 10195.5093  6.65%  80.4  151s
  4660  2811     cutoff   97      10922.1100 10195.5675  6.65%  79.9  155s
  4849  2967 10889.6171   44  146 10922.1100 10200.8407  6.60%  80.5  163s
  4989  3082 10579.7200   44   22 10922.1100 10201.0977  6.60%  80.0  167s
  5126  3184     cutoff   84      10922.1100 10201.1951  6.60%  79.6  172s
  5279  3269 10727.6749   36  146 10922.1100 10202.3254  6.59%  79.4  177s
H 5283  3257                    10916.670000 10202.3254  6.54%  79.4  177s
  5356  3339 10847.4790   38   92 10916.6700 10206.4859  6.51%  79.1  181s
  5479  3519 10321.5570   30  219 10916.6700 10208.2587  6.49%  79.5  187s
  5694  3641 10896.0774   62  113 10916.6700 10209.6270  6.48%  78.8  192s
  5874  3733 10385.5924   36  162 10916.6700 10211.9110  6.46%  78.7  198s
  6012  3816     cutoff   65      10916.6700 10212.6945  6.45%  78.9  202s
  6112  3964 10441.1695   36  116 10916.6700 10217.8954  6.40%  80.0  207s
  6306  4098     cutoff   77      10916.6700 10219.6852  6.38%  79.8  212s
  6451  4211 10502.0367   39  133 10916.6700 10223.8363  6.35%  80.1  217s
  6604  4290     cutoff   54      10916.6700 10228.6299  6.30%  80.3  222s
H 6606  4212                    10896.490000 10228.6299  6.13%  80.2  222s
  6718  4312 10828.3493   62   55 10896.4900 10230.3588  6.11%  80.2  227s
  6867  4366 10766.5811   40  144 10896.4900 10231.9189  6.10%  80.5  232s
  6956  4467 10500.7945   35  218 10896.4900 10233.4037  6.09%  81.2  237s
  7110  4576 10320.3040   33  180 10896.4900 10235.6030  6.07%  81.5  243s
  7253  4707 10673.1227   79   48 10896.4900 10236.1895  6.06%  81.6  249s
  7416  4882 10418.2804   35  123 10896.4900 10237.0850  6.05%  81.9  255s
  7624  5034 10559.4126   46   92 10896.4900 10239.6474  6.03%  81.9  262s
  7845  5204     cutoff   57      10896.4900 10242.9132  6.00%  82.3  269s
  8043  5209 10576.0511   46   12 10896.4900 10245.4805  5.97%  82.3  270s
  8055  5451 10855.5059   76   20 10896.4900 10245.7043  5.97%  82.3  277s
  8333  5618     cutoff   80      10896.4900 10246.9778  5.96%  81.2  283s
  8572  5755     cutoff   49      10896.4900 10248.4463  5.95%  80.9  289s
  8753  5866 10883.4773   71   11 10896.4900 10250.7106  5.93%  81.0  295s
  8914  5948 10818.5300   73    - 10896.4900 10253.7833  5.90%  81.3  301s
  9048  6109     cutoff   73      10896.4900 10254.0505  5.90%  81.3  308s
  9236  6310 10660.0713   57   86 10896.4900 10257.4583  5.86%  81.0  314s
  9287  6311 10442.9283   37  129 10896.4900 10257.4583  5.86%  80.7  315s
  9495  6392     cutoff   81      10896.4900 10258.4186  5.86%  80.4  320s
  9602  6489 10466.0833   33  193 10896.4900 10259.2123  5.85%  80.9  327s
  9765  6599 10866.5912   64   17 10896.4900 10259.8505  5.84%  81.1  333s
  9942  6712 10455.5305   42   63 10896.4900 10263.2578  5.81%  81.2  339s
 10060  6715 10734.1756   46   54 10896.4900 10265.3149  5.79%  81.4  340s
 10096  6867 10701.0683   61   44 10896.4900 10265.5061  5.79%  81.6  346s
 10313  6982     cutoff   75      10896.4900 10270.0856  5.75%  81.5  353s
 10461  7115 10634.7125   47   64 10896.4900 10272.1206  5.73%  81.8  360s
 10733  7224     cutoff   70      10896.4900 10273.0691  5.72%  81.1  366s
 10899  7374 10375.0362   38  127 10896.4900 10274.4650  5.71%  81.3  373s
 11067  7566 10659.2155   58  111 10896.4900 10275.0277  5.70%  81.3  379s
 11133  7566 10863.6755   54   96 10896.4900 10275.0277  5.70%  81.3  380s
 11309  7692 10479.3622   33  141 10896.4900 10276.0491  5.69%  80.9  386s
H11479  5778                    10733.700000 10276.2868  4.26%  81.0  393s
 11682  5811 10712.0200   62   20 10733.7000 10278.6557  4.24%  80.8  399s
H11757  4779                    10656.580000 10278.6557  3.55%  80.9  399s
 11788  4823     cutoff   63      10656.5800 10279.6796  3.54%  81.1  405s
 11926  4870 10574.7853   42  102 10656.5800 10282.3556  3.51%  81.3  411s
 12020  4928     cutoff   44      10656.5800 10283.1806  3.50%  81.8  417s
 12159  4991     cutoff   46      10656.5800 10284.3898  3.49%  82.1  423s
H12210  4687                    10635.700000 10286.2988  3.29%  82.2  423s
 12276  4769 10440.8788   47  219 10635.7000 10287.1393  3.28%  82.4  429s
 12347  4769     cutoff   41      10635.7000 10287.2567  3.28%  82.5  430s
 12407  4818 10589.1525   42   36 10635.7000 10287.8237  3.27%  82.6  435s
 12506  4923     cutoff   45      10635.7000 10289.2529  3.26%  83.1  442s
 12662  4980     cutoff   64      10635.7000 10290.8881  3.24%  83.2  449s
 12751  5035 10470.7491   34  160 10635.7000 10292.7714  3.22%  83.5  455s
 12865  5153 10488.5079   30  219 10635.7000 10293.4842  3.22%  83.9  461s
 13031  5216 10596.2096   42  130 10635.7000 10294.5146  3.21%  84.1  468s
 13161  5299     cutoff   49      10635.7000 10295.5369  3.20%  84.4  474s
 13282  5404 10615.4238   42   29 10635.7000 10296.8198  3.19%  84.9  480s
 13425  5467 10617.8817   47   81 10635.7000 10298.3470  3.17%  85.2  487s
 13575  5541 10472.0764   39   69 10635.7000 10300.0483  3.16%  85.3  493s
 13700  5643 10540.3188   55   11 10635.7000 10300.6855  3.15%  85.6  500s
 13837  5727     cutoff   62      10635.7000 10301.4479  3.14%  85.7  507s
 13991  5776 10416.4163   35  160 10635.7000 10302.9399  3.13%  85.8  513s
 14121  5807 10616.6095   59   23 10635.7000 10304.3570  3.12%  86.0  519s
 14213  5842 10511.4561   44   72 10635.7000 10305.0991  3.11%  86.5  527s
 14351  5867 10458.0975   30  242 10635.7000 10305.8180  3.10%  86.8  533s
 14426  5927 10509.2136   38  187 10635.7000 10307.2711  3.09%  87.5  540s
 14552  6060 10426.7180   32  131 10635.7000 10307.9433  3.08%  87.8  547s
 14737  6132     cutoff   52      10635.7000 10308.5631  3.08%  87.8  554s
 14863  6221 10389.7979   37  123 10635.7000 10309.7330  3.06%  88.1  561s
 15047  6289     cutoff   70      10635.7000 10310.3734  3.06%  88.2  567s
 15187  6369 10568.0344   37  204 10635.7000 10311.6307  3.05%  88.4  574s
 15329  6441     cutoff   50      10635.7000 10312.7236  3.04%  88.6  581s
H15330  6345                    10630.580000 10312.7236  2.99%  88.6  582s
 15516  6398 10604.8300   74    - 10630.5800 10313.9556  2.98%  88.5  589s
 15630  6470     cutoff   74      10630.5800 10315.1830  2.97%  88.9  595s
H15631  6202                    10616.270000 10315.1830  2.84%  88.8  595s
 15748  6270 10568.1007   42   25 10616.2700 10315.5849  2.83%  89.2  602s
 15901  6342 10465.7961   37  218 10616.2700 10316.8072  2.82%  89.4  609s
 16043  6399     cutoff   58      10616.2700 10318.0654  2.81%  89.6  616s
 16189  6464 10542.1633   38   72 10616.2700 10318.8387  2.80%  89.9  623s
 16327  6533 10495.0653   42  107 10616.2700 10319.9889  2.79%  90.1  630s
 16445  6610     cutoff   52      10616.2700 10320.5004  2.79%  90.4  637s
 16602  6656     cutoff   49      10616.2700 10320.8487  2.78%  90.6  644s
 16710  6715 10463.4286   41  136 10616.2700 10321.9114  2.77%  91.0  652s
 16832  6781 10506.9215   37  150 10616.2700 10323.2610  2.76%  91.0  660s
 16975  6828 10476.2441   42  222 10616.2700 10324.1415  2.75%  91.4  668s
 17072  6895     cutoff   37      10616.2700 10324.6957  2.75%  91.7  675s
 17227  6951 10596.2564   37  161 10616.2700 10325.4126  2.74%  91.9  683s
 17370  6995     cutoff   59      10616.2700 10326.6881  2.73%  92.1  690s
 17482  7065     cutoff   35      10616.2700 10327.0772  2.72%  92.4  697s
 17646  7127 10572.5744   67   76 10616.2700 10328.4379  2.71%  92.5  706s
 17770  7183     cutoff   71      10616.2700 10329.2598  2.70%  92.7  713s
 17903  7247 infeasible   33      10616.2700 10330.4579  2.69%  93.1  720s
 18044  7319 10473.4702   34  193 10616.2700 10331.3101  2.68%  93.3  728s
 18169  7431     cutoff   65      10616.2700 10332.0028  2.68%  93.5  735s
 18335  7475 10523.6846   39  155 10616.2700 10332.9174  2.67%  93.5  743s
 18457  7542 10499.1268   40  185 10616.2700 10333.3673  2.66%  93.8  750s
 18605  7589     cutoff   47      10616.2700 10333.8606  2.66%  93.9  757s
 18751  7670 10514.8503   36  172 10616.2700 10334.4991  2.65%  94.1  765s
 18935  7775     cutoff   51      10616.2700 10335.5223  2.64%  94.1  773s
 19130  7848     cutoff   52      10616.2700 10336.7872  2.63%  94.1  780s
 19249  7927 10568.9752   46  154 10616.2700 10337.6792  2.62%  94.4  788s
 19422  7991 10588.0652   59    9 10616.2700 10338.4571  2.62%  94.3  796s
 19581  8062 10443.3264   35  144 10616.2700 10339.2062  2.61%  94.5  806s
 19730  8124     cutoff   44      10616.2700 10340.2605  2.60%  94.6  814s
 19787  8125 10606.6522   55   38 10616.2700 10340.2605  2.60%  94.5  815s
 19867  8209     cutoff   60      10616.2700 10341.2655  2.59%  94.6  822s
H20024  7794                    10600.300000 10341.8247  2.44%  94.7  830s
 20121  7867 10564.5294   40   92 10600.3000 10343.0765  2.43%  95.0  837s
 20282  7903 10597.3106   45   27 10600.3000 10343.7034  2.42%  95.1  845s
 20414  7972 10471.9913   35  139 10600.3000 10344.1358  2.42%  95.3  853s
 20542  8024 10472.8758   40  114 10600.3000 10345.5732  2.40%  95.4  861s
 20741  8106     cutoff   57      10600.3000 10345.8737  2.40%  95.3  869s
 20912  8195 10477.9543   39   15 10600.3000 10347.0426  2.39%  95.4  876s
 21093  8236 10548.5810   50   93 10600.3000 10347.9128  2.38%  95.4  884s
 21227  8290     cutoff   37      10600.3000 10348.4033  2.38%  95.6  892s
 21356  8344 10590.5112   40   89 10600.3000 10349.1944  2.37%  95.8  899s
 21508  8347 10448.5921   34  193 10600.3000 10350.0922  2.36%  95.8  900s
 21519  8394 10599.1937   46   15 10600.3000 10350.8102  2.35%  95.9  908s
 21642  8472 10544.9699   40   79 10600.3000 10351.1198  2.35%  95.9  916s
 21816  8542 10452.9292   36   61 10600.3000 10352.0439  2.34%  96.0  925s
 21953  8640 10590.6895   47   39 10600.3000 10352.3781  2.34%  96.1  933s
 22120  8713 infeasible   58      10600.3000 10352.8183  2.33%  96.2  941s
 22311  8774     cutoff   55      10600.3000 10353.2749  2.33%  96.2  948s
 22469  8827 10417.5825   39   20 10600.3000 10354.3220  2.32%  96.3  956s
 22637  8861     cutoff   46      10600.3000 10355.4752  2.31%  96.3  963s
 22771  8940     cutoff   40      10600.3000 10356.4900  2.30%  96.5  972s
 22961  8980     cutoff   51      10600.3000 10357.2914  2.29%  96.5  979s
 23061  9033 10468.6022   34  120 10600.3000 10357.6741  2.29%  96.7  987s
 23191  9084     cutoff   45      10600.3000 10358.0529  2.29%  96.9  995s
 23351  9124 10532.4908   39  222 10600.3000 10358.7654  2.28%  97.0 1003s
 23493  9173 10400.6671   37  168 10600.3000 10359.3482  2.27%  97.1 1011s
 23634  9218     cutoff   52      10600.3000 10359.8507  2.27%  97.2 1020s
 23750  9276     cutoff   42      10600.3000 10360.3871  2.26%  97.3 1029s
 23882  9334     cutoff   49      10600.3000 10360.7765  2.26%  97.5 1037s
 24065  9402 10504.4190   35   83 10600.3000 10361.1800  2.26%  97.5 1045s
 24229  9477 10527.9765   37  114 10600.3000 10361.8655  2.25%  97.6 1053s
 24394  9515 infeasible   50      10600.3000 10362.7165  2.24%  97.6 1061s
 24550  9557 10590.6193   45   84 10600.3000 10363.8696  2.23%  97.7 1071s
 24627  9623 10555.6417   51   75 10600.3000 10364.3757  2.23%  97.8 1078s
 24803  9679 10513.1448   34  255 10600.3000 10365.2339  2.22%  97.8 1086s
 24963  9744 10413.8613   35   74 10600.3000 10365.8584  2.21%  97.8 1096s
 25142  9809     cutoff   68      10600.3000 10366.1799  2.21%  97.8 1103s
 25275  9854 infeasible   47      10600.3000 10366.9458  2.20%  98.0 1111s
 25423  9916     cutoff   54      10600.3000 10368.0436  2.19%  98.0 1119s
 25497  9916 10587.1491   38   40 10600.3000 10368.3037  2.19%  98.0 1120s
 25577  9961 10581.8189   51  153 10600.3000 10368.5177  2.19%  98.1 1128s
 25725 10025     cutoff   45      10600.3000 10369.2549  2.18%  98.1 1136s
 25859 10078 10574.7667   45  109 10600.3000 10369.6938  2.18%  98.2 1145s
 25993 10138 10420.5569   37  121 10600.3000 10369.9211  2.17%  98.3 1155s
 26151 10189 10484.3600   39   10 10600.3000 10370.5092  2.17%  98.4 1164s
 26322 10215     cutoff   54      10600.3000 10371.4770  2.16%  98.4 1172s
 26441 10251     cutoff   45      10600.3000 10371.8919  2.15%  98.5 1181s
 26603 10276 10551.8903   45   81 10600.3000 10372.3662  2.15%  98.5 1188s
 26752 10325     cutoff   47      10600.3000 10373.3171  2.14%  98.6 1198s
 26881 10363 10486.0441   32   97 10600.3000 10373.6710  2.14%  98.7 1206s
 27012 10453 10521.0151   38  146 10600.3000 10374.5225  2.13%  98.8 1215s
 27217 10516     cutoff   57      10600.3000 10375.0341  2.13%  98.7 1224s
 27392 10563     cutoff   49      10600.3000 10375.3057  2.12%  98.7 1232s
 27476 10566 10530.6421   42   79 10600.3000 10376.0370  2.12%  98.7 1235s
 27555 10596     cutoff   50      10600.3000 10376.1001  2.12%  98.7 1243s
 27669 10609 10574.3899   36  106 10600.3000 10376.5511  2.11%  98.9 1253s
 27783 10658     cutoff   51      10600.3000 10377.0441  2.11%  99.0 1263s
 27908 10687 10525.1008   40  156 10600.3000 10377.3773  2.10%  99.1 1271s
 28028 10750 10567.0548   44  122 10600.3000 10377.8384  2.10%  99.2 1280s
 28186 10801     cutoff   41      10600.3000 10378.4235  2.09%  99.2 1289s
 28321 10837 10487.3456   39  203 10600.3000 10378.8197  2.09%  99.4 1298s
 28454 10868     cutoff   40      10600.3000 10378.8437  2.09%  99.5 1311s
 28515 10905 10537.7497   33  281 10600.3000 10379.0819  2.09%  99.5 1320s
 28613 10949     cutoff   39      10600.3000 10379.6714  2.08%   100 1329s
 28681 10951     cutoff   46      10600.3000 10380.0711  2.08%   100 1330s
 28753 10984     cutoff   56      10600.3000 10380.2471  2.08%   100 1338s
 28865 11019 10544.8536   53   47 10600.3000 10380.7959  2.07%   100 1348s
 28994 11059 10503.8923   44  211 10600.3000 10381.1539  2.07%   100 1358s
 29127 11107 10572.8759   37  188 10600.3000 10381.3682  2.07%   100 1367s
 29270 11171 10559.7411   38   50 10600.3000 10381.7860  2.06%   100 1377s
 29459 11213     cutoff   45      10600.3000 10382.3611  2.06%   100 1467s
 29591 11237 10546.7987   36   92 10600.3000 10382.6796  2.05%   100 1476s
 29737 11280 10521.0827   52   12 10600.3000 10383.6665  2.04%   100 1486s
 29882 11324     cutoff   61      10600.3000 10384.0680  2.04%   100 1496s
 30042 11401     cutoff   40      10600.3000 10384.6955  2.03%   100 1505s
 30188 11452 10577.8276   40   90 10600.3000 10385.1527  2.03%   100 1515s
 30370 11499     cutoff   58      10600.3000 10385.4858  2.03%   100 1525s
 30505 11534 10491.7673   39   95 10600.3000 10385.9066  2.02%   101 1534s
 30629 11590 10547.4689   35  238 10600.3000 10386.2619  2.02%   101 1544s
 30790 11648 10475.6167   40  100 10600.3000 10386.8622  2.01%   101 1555s
 30963 11692     cutoff   61      10600.3000 10387.4062  2.01%   101 1564s
 31046 11693     cutoff   38      10600.3000 10387.5656  2.01%   101 1565s
 31100 11750 10525.4803   47   23 10600.3000 10387.7597  2.01%   101 1574s
 31245 11796     cutoff   50      10600.3000 10388.6768  2.00%   101 1583s
 31406 11861     cutoff   32      10600.3000 10389.0088  1.99%   101 1593s
 31471 11862 10531.8405   53    7 10600.3000 10389.0088  1.99%   101 1595s
 31581 11880 10558.5380   44   44 10600.3000 10389.5191  1.99%   101 1604s
 31722 11914 10590.9703   41  129 10600.3000 10389.8944  1.98%   101 1613s
 31855 11942 10551.0514   44  129 10600.3000 10390.5169  1.98%   101 1623s
 31993 11976 10527.8134   43  126 10600.3000 10391.1701  1.97%   101 1645s
 32129 12020 10429.4159   31  158 10600.3000 10391.9617  1.97%   101 1653s
 32252 12067     cutoff   44      10600.3000 10392.1251  1.96%   101 1663s
 32394 12126     cutoff   46      10600.3000 10392.5582  1.96%   101 1672s
 32545 12158 10569.3574   42  122 10600.3000 10393.2112  1.95%   102 1691s
 32639 12212     cutoff   47      10600.3000 10393.5237  1.95%   101 1704s
 32718 12247     cutoff   54      10600.3000 10393.5464  1.95%   102 1714s
 32869 12280 10561.8949   45   41 10600.3000 10394.1549  1.94%   102 1725s
 33001 12352     cutoff   47      10600.3000 10394.9167  1.94%   102 1736s
 33189 12398     cutoff   42      10600.3000 10395.2410  1.93%   102 1747s
 33317 12421 10515.2303   34   94 10600.3000 10395.7288  1.93%   102 1757s
 33456 12464 10567.9769   35  196 10600.3000 10396.2269  1.93%   102 1767s
 33584 12506     cutoff   53      10600.3000 10396.6263  1.92%   102 1776s
 33730 12536 10543.9688   40  187 10600.3000 10397.0704  1.92%   102 1787s
 33873 12608 10428.3559   36   90 10600.3000 10397.3872  1.91%   102 1797s
 34051 12639     cutoff   58      10600.3000 10398.0892  1.91%   102 1807s
 34200 12679 10524.0846   41  178 10600.3000 10398.4617  1.90%   102 1818s
 34333 12725     cutoff   35      10600.3000 10398.9938  1.90%   102 1827s
 34486 12767     cutoff   58      10600.3000 10399.3257  1.90%   103 1840s
 34655 12788     cutoff   46      10600.3000 10399.9130  1.89%   103 1850s
 34770 12818 10563.4780   41  162 10600.3000 10400.2713  1.89%   103 1860s
 34898 12826 10533.0087   34  181 10600.3000 10401.0176  1.88%   103 1870s
 35018 12849 10569.4572   47  190 10600.3000 10401.5543  1.87%   103 1880s
 35153 12907     cutoff   33      10600.3000 10401.8392  1.87%   103 1891s
 35317 12983 10504.9572   47   85 10600.3000 10402.2510  1.87%   103 1902s
 35490 13019     cutoff   38      10600.3000 10402.5561  1.87%   103 1913s
 35640 13063     cutoff   44      10600.3000 10402.9705  1.86%   103 1925s
 35807 13096 10477.9374   37  203 10600.3000 10403.3726  1.86%   103 1937s
 35953 13146 10456.7382   33  249 10600.3000 10404.0710  1.85%   103 1947s
 36080 13198 10549.0767   39   83 10600.3000 10404.4044  1.85%   103 1958s
 36238 13236 10508.4556   43   34 10600.3000 10404.6448  1.85%   103 1968s
 36424 13283 10561.2425   44  197 10600.3000 10405.1927  1.84%   103 1979s
 36595 13326 10597.5721   41   49 10600.3000 10405.6924  1.84%   103 1989s
 36733 13362 10498.6658   40  173 10600.3000 10406.3929  1.83%   104 1999s
 36788 13362 10463.9673   33  142 10600.3000 10406.9459  1.82%   104 2000s
 36872 13415 10509.8122   38   63 10600.3000 10406.9576  1.82%   104 2010s
 37033 13445 10577.5078   43   73 10600.3000 10407.3056  1.82%   104 2021s
 37170 13514     cutoff   48      10600.3000 10407.5703  1.82%   104 2032s
 37361 13582     cutoff   58      10600.3000 10407.9627  1.81%   104 2044s
 37437 13582     cutoff   44      10600.3000 10408.2837  1.81%   104 2045s
 37524 13632 10584.4557   39   67 10600.3000 10408.3014  1.81%   104 2057s
 37689 13656     cutoff   38      10600.3000 10408.6668  1.81%   104 2068s
 37829 13708     cutoff   36      10600.3000 10409.2161  1.80%   104 2078s
 38007 13731     cutoff   42      10600.3000 10409.8425  1.80%   104 2089s
 38152 13772 10590.1936   45   24 10600.3000 10410.1893  1.79%   104 2099s
 38235 13775 10539.9080   33  155 10600.3000 10410.7490  1.79%   104 2100s
 38323 13806     cutoff   48      10600.3000 10410.7600  1.79%   104 2111s
 38448 13822 10555.8179   39  251 10600.3000 10411.1435  1.78%   104 2121s
 38587 13864     cutoff   32      10600.3000 10411.5458  1.78%   104 2133s
 38741 13917 10520.4439   46    8 10600.3000 10412.6168  1.77%   104 2144s
 38911 13964 10552.3300   41    - 10600.3000 10412.9413  1.77%   104 2154s
 39068 14025 10583.0307   42   39 10600.3000 10413.3750  1.76%   104 2166s
 39287 14077 10480.6048   37  186 10600.3000 10414.2033  1.76%   104 2178s
 39456 14130     cutoff   37      10600.3000 10414.4416  1.75%   104 2189s
 39606 14166     cutoff   41      10600.3000 10414.7377  1.75%   104 2200s
 39763 14211 10510.9436   40  104 10600.3000 10415.2758  1.75%   104 2211s
 39918 14260     cutoff   49      10600.3000 10415.6532  1.74%   104 2223s
 40078 14299 10584.9940   45   74 10600.3000 10415.9438  1.74%   104 2234s
 40235 14321 10529.5596   33  132 10600.3000 10416.4874  1.73%   104 2245s
 40357 14373     cutoff   36      10600.3000 10416.8208  1.73%   104 2256s
 40511 14400 10588.4013   38  105 10600.3000 10417.0246  1.73%   104 2266s
 40627 14427     cutoff   41      10600.3000 10417.8180  1.72%   104 2277s
 40794 14444     cutoff   48      10600.3000 10418.3848  1.72%   104 2290s
 40905 14454 10576.4861   37  221 10600.3000 10418.7482  1.71%   104 2301s
 41026 14492 10594.8572   46   11 10600.3000 10419.0379  1.71%   105 2312s
 41173 14518     cutoff   53      10600.3000 10419.3224  1.71%   105 2322s
 41308 14554     cutoff   54      10600.3000 10419.9187  1.70%   105 2334s
 41491 14577 10581.7552   35  206 10600.3000 10420.4772  1.70%   105 2346s
 41608 14626 10532.4919   35  206 10600.3000 10420.7467  1.69%   105 2357s
 41771 14647 infeasible   52      10600.3000 10421.0873  1.69%   105 2370s
 41918 14711 10470.6553   37  156 10600.3000 10421.6702  1.69%   105 2382s
 42095 14778     cutoff   44      10600.3000 10422.1840  1.68%   105 2395s
 42265 14829 10547.4240   30  230 10600.3000 10422.4364  1.68%   105 2407s
 42438 14861     cutoff   40      10600.3000 10422.9057  1.67%   105 2420s
 42573 14909 10499.1447   41  183 10600.3000 10423.1445  1.67%   105 2433s
 42708 14926     cutoff   37      10600.3000 10423.3361  1.67%   105 2445s
 42820 14972 10520.1032   37  121 10600.3000 10423.7126  1.67%   105 2457s
 42983 15008     cutoff   44      10600.3000 10424.0287  1.66%   105 2471s
 43133 15051 10499.7168   39  116 10600.3000 10424.6245  1.66%   105 2483s
 43299 15080 10548.9572   32  126 10600.3000 10424.8203  1.66%   105 2496s
 43438 15143     cutoff   37      10600.3000 10425.3739  1.65%   105 2509s
 43622 15176 10493.8268   40  136 10600.3000 10425.8598  1.65%   105 2521s
 43778 15237     cutoff   46      10600.3000 10426.1836  1.64%   105 2535s
 43982 15272     cutoff   36      10600.3000 10426.6429  1.64%   105 2547s
 44099 15326 10547.4108   42  136 10600.3000 10427.0205  1.63%   105 2559s
 44261 15378 10511.2308   38  216 10600.3000 10427.2338  1.63%   105 2571s
 44408 15415     cutoff   51      10600.3000 10427.4821  1.63%   105 2584s
 44555 15464 10585.5125   45   16 10600.3000 10427.9143  1.63%   105 2597s
 44709 15480 10544.4084   42  150 10600.3000 10428.2517  1.62%   105 2610s
 44829 15518 10575.1186   39   98 10600.3000 10428.6711  1.62%   105 2623s
 44982 15579 10585.5393   35  199 10600.3000 10428.9800  1.62%   105 2636s
 45150 15629     cutoff   37      10600.3000 10429.0088  1.62%   105 2649s
 45305 15669     cutoff   38      10600.3000 10429.3444  1.61%   106 2661s
 45464 15685 10572.5814   43   49 10600.3000 10429.4639  1.61%   106 2673s
 45562 15747     cutoff   40      10600.3000 10430.0504  1.61%   106 2686s
 45748 15796 10556.7717   53  117 10600.3000 10430.3903  1.60%   106 2699s
 45921 15827     cutoff   53      10600.3000 10430.6631  1.60%   106 2712s
 46056 15896 10544.9154   39   40 10600.3000 10430.8259  1.60%   106 2724s
 46234 15929     cutoff   49      10600.3000 10431.4043  1.59%   106 2736s
 46397 15987 10500.4740   41  136 10600.3000 10432.1099  1.59%   106 2749s
 46543 16032 10594.3670   37  141 10600.3000 10432.3054  1.58%   106 2762s
 46718 16072     cutoff   47      10600.3000 10432.7936  1.58%   106 2775s
 46893 16101     cutoff   48      10600.3000 10433.0524  1.58%   106 2788s
 47020 16123     cutoff   38      10600.3000 10433.4777  1.57%   106 2801s
 47156 16148     cutoff   39      10600.3000 10433.7767  1.57%   106 2813s
 47281 16150     cutoff   42      10600.3000 10434.3156  1.57%   106 2826s
 47400 16204 10440.4140   37   85 10600.3000 10434.9188  1.56%   106 2840s
 47611 16263 10587.6954   47   22 10600.3000 10435.1342  1.56%   106 2854s
 47788 16325 10576.6326   42   90 10600.3000 10435.3696  1.56%   106 2868s
 47955 16372 10517.9540   38  115 10600.3000 10435.7374  1.55%   106 2882s
 48138 16390 10580.8074   40  214 10600.3000 10435.9331  1.55%   106 2896s
 48242 16424 10509.8570   42  134 10600.3000 10436.2661  1.55%   106 2909s
 48370 16470 10578.8163   40   75 10600.3000 10436.4223  1.55%   106 2923s
 48544 16536     cutoff   40      10600.3000 10437.0058  1.54%   106 2936s
 48708 16592 10552.2409   48  170 10600.3000 10437.3717  1.54%   106 2949s
 48881 16622     cutoff   55      10600.3000 10437.8070  1.53%   106 2961s
 49034 16655 10494.7945   48  160 10600.3000 10438.0876  1.53%   106 2976s
H49035 15909                    10586.870000 10438.0876  1.41%   106 2976s
 49160 15952     cutoff   43      10586.8700 10438.3059  1.40%   106 2991s
 49325 15997     cutoff   45      10586.8700 10438.6998  1.40%   106 3004s
 49476 16026     cutoff   37      10586.8700 10439.0134  1.40%   106 3017s
 49586 16072     cutoff   38      10586.8700 10439.1914  1.39%   106 3031s
 49756 16114     cutoff   52      10586.8700 10439.3791  1.39%   106 3044s
