




arguments: ./build/bc_mirp -f ./input/orig_exec_4.cfg
Current dir: /scratch/gui/bc_mirp
File verbosity level: 9
date       time         ( uptime  ) [ thread name/id ]                   file:line     v| 
2021-02-06 09:14:26.844 (   0.386s) [main thread     ]             loguru.cpp:789   INFO| Logging to './output/vi_vc+hc1_quarter/OU/V2/Original/execution_06_02_2021_09_14_26.log', mode: 'a', verbosity: 9
--------------------------------------------------------------------------------
Parameters
                           instance_path           ./input/Instances/Original/1/
                            model_policy                                       1
                             nb_vehicles                                       2
                              output_dir./output/vi_vc+hc1_quarter/OU/V2/Original/
                            sec_strategy                                       1
                       solver_nb_threads                                       2
                         solver_show_log                                    true
                       solver_time_limit                                    3600
                              use_vi_cos                                   false
                              use_vi_cus                                   false
                         use_vi_hc1_full                                   false
                         use_vi_hc1_half                                   false
                      use_vi_hc1_quarter                                    true
                              use_vi_hc2                                   false
                              use_vi_hc3                                   false
                         use_vi_lex_full                                   false
                         use_vi_lex_half                                   false
                      use_vi_lex_quarter                                   false
                              use_vi_qua                                   false
                               use_vi_vc                                    true
                               use_vi_vr                                   false
--------------------------------------------------------------------------------
executing instance: ./input/Instances/Original/1/absH3high_1n5.dat
--------------------------------------------------------------------------------
Instance details
n	6
H	3
C	289
Li:
[0, 0, 0, 0, 0, 0, ]
Ui:
[0, 195, 105, 116, 72, 22, ]
Distance matrix:
|0	85	349	17	203	289	|
|85	0	265	102	214	226	|
|349	265	0	366	368	238	|
|17	102	366	0	207	302	|
|203	214	368	207	0	431	|
|289	226	238	302	431	0	|

--------------------------------------------------------------------------------
Building model...
	using lazy and cut (CVRPSEP package)
Solving IRP LP...
--------------------------------------------------------------------------------

Gurobi 9.1.0 (linux64) logging started Sat Feb  6 09:14:26 2021

Gurobi Optimizer version 9.1.0 build v9.1.0rc0 (linux64)
Thread count: 32 physical cores, 32 logical processors, using up to 2 threads
Optimize a model with 147 rows, 180 columns and 603 nonzeros
Model fingerprint: 0xe5198ec8
Variable types: 54 continuous, 126 integer (36 binary)
Coefficient statistics:
  Matrix range     [1e+00, 2e+02]
  Objective range  [2e-01, 4e+02]
  Bounds range     [1e+00, 2e+02]
  RHS range        [1e+00, 5e+02]
Presolve removed 45 rows and 22 columns
Presolve time: 0.01s
Presolved: 102 rows, 158 columns, 484 nonzeros
Variable types: 32 continuous, 126 integer (96 binary)
Found heuristic solution: objective 2806.2700000

Root relaxation: objective 1.636437e+03, 110 iterations, 0.00 seconds

    Nodes    |    Current Node    |     Objective Bounds      |     Work
 Expl Unexpl |  Obj  Depth IntInf | Incumbent    BestBd   Gap | It/Node Time

     0     0 1636.43659    0   17 2806.27000 1636.43659  41.7%     -    0s
     0     0 1762.23948    0   19 2806.27000 1762.23948  37.2%     -    0s
     0     0 2025.14367    0   26 2806.27000 2025.14367  27.8%     -    0s
     0     0 2034.84316    0   30 2806.27000 2034.84316  27.5%     -    0s
     0     0 2036.31369    0   31 2806.27000 2036.31369  27.4%     -    0s
     0     0 2159.66066    0   34 2806.27000 2159.66066  23.0%     -    0s
H    0     0                    2801.2300000 2159.66066  22.9%     -    0s
     0     0 2168.64161    0   40 2801.23000 2168.64161  22.6%     -    0s
     0     0 2172.38829    0   52 2801.23000 2172.38829  22.4%     -    0s
H    0     0                    2714.4600000 2172.38829  20.0%     -    0s
     0     0 2179.48469    0   45 2714.46000 2179.48469  19.7%     -    0s
     0     0 2179.48469    0   46 2714.46000 2179.48469  19.7%     -    0s
     0     0 2182.60965    0   49 2714.46000 2182.60965  19.6%     -    0s
H    0     0                    2302.3500000 2182.60965  5.20%     -    0s
     0     0 2183.29450    0   43 2302.35000 2183.29450  5.17%     -    0s
     0     0 2183.29450    0   42 2302.35000 2183.29450  5.17%     -    0s
     0     0 2184.89201    0   50 2302.35000 2184.89201  5.10%     -    0s
     0     0 2184.93567    0   41 2302.35000 2184.93567  5.10%     -    0s
     0     0 2184.93567    0   41 2302.35000 2184.93567  5.10%     -    0s
H    0     0                    2297.8000000 2184.93567  4.91%     -    0s
H    0     0                    2266.6100000 2184.93567  3.60%     -    0s
     0     0 2214.90313    0   18 2266.61000 2214.90313  2.28%     -    0s
     0     0 2214.90313    0   20 2266.61000 2214.90313  2.28%     -    0s
     0     0 2226.89470    0   40 2266.61000 2226.89470  1.75%     -    0s
     0     0 2235.06520    0   34 2266.61000 2235.06520  1.39%     -    0s
     0     0 2235.26628    0   35 2266.61000 2235.26628  1.38%     -    0s
     0     0 2235.28234    0   36 2266.61000 2235.28234  1.38%     -    0s
     0     0 2236.70583    0   39 2266.61000 2236.70583  1.32%     -    0s
     0     0 2237.23419    0   39 2266.61000 2237.23419  1.30%     -    0s
     0     0 2244.43093    0   34 2266.61000 2244.43093  0.98%     -    0s
     0     0 2244.72289    0   34 2266.61000 2244.72289  0.97%     -    0s
     0     0 2245.34367    0   35 2266.61000 2245.34367  0.94%     -    0s
     0     0 2245.37781    0   35 2266.61000 2245.37781  0.94%     -    0s
     0     0 2245.91071    0   35 2266.61000 2245.91071  0.91%     -    0s
     0     0     cutoff    0      2266.61000 2266.61000  0.00%     -    0s

Cutting planes:
  Gomory: 1
  Cover: 9
  Implied bound: 3
  MIR: 14
  Flow cover: 8
  GUB cover: 2
  Zero half: 1
  RLT: 1
  Relax-and-lift: 5

Explored 1 nodes (705 simplex iterations) in 0.15 seconds
Thread count was 2 (of 32 available processors)

Solution count 6: 2266.61 2297.8 2302.35 ... 2806.27

Optimal solution found (tolerance 1.00e-04)
Best objective 2.266610000000e+03, best bound 2.266610000000e+03, gap 0.0000%

User-callback calls 268, time in user-callback 0.01 sec
================================================================================
executing instance: ./input/Instances/Original/1/absH3high_1n45.dat
--------------------------------------------------------------------------------
Instance details
n	46
H	3
C	3462
Li:
[0, 0, 0, 0, 0, 0, 0, 0, 0, 0, 0, 0, 0, 0, 0, 0, 0, 0, 0, 0, 0, 0, 0, 0, 0, 0, 0, 0, 0, 0, 0, 0, 0, 0, 0, 0, 0, 0, 0, 0, 0, 0, 0, 0, 0, 0, ]
Ui:
[0, 273, 270, 36, 165, 192, 148, 45, 30, 75, 180, 198, 112, 117, 90, 64, 180, 22, 264, 174, 168, 270, 86, 66, 26, 66, 237, 156, 92, 108, 144, 72, 30, 45, 94, 54, 174, 96, 198, 136, 44, 180, 210, 249, 198, 48, ]
Distance matrix:
|0	281	201	160	249	201	93	431	236	139	252	136	116	166	390	110	349	374	303	180	327	464	236	70	44	461	346	439	363	254	312	426	305	206	71	137	169	200	247	260	20	219	256	253	460	278	|
|281	0	448	170	53	142	338	184	121	290	371	390	222	302	111	289	169	434	230	177	238	441	59	212	319	211	86	235	399	306	53	176	99	202	263	157	361	101	370	201	264	344	364	374	469	184	|
|201	448	0	285	430	325	114	556	361	171	191	64	228	174	546	294	453	306	364	289	388	435	393	254	157	585	491	536	318	254	490	554	436	407	266	292	108	388	186	337	207	181	205	190	408	364	|
|160	170	285	0	169	43	182	280	80	120	208	231	58	132	262	230	190	294	151	24	174	345	112	107	183	309	207	280	268	158	219	276	155	235	187	45	192	150	205	107	140	177	202	210	356	119	|
|249	53	430	169	0	152	317	238	145	282	377	369	212	299	157	242	215	452	261	183	273	474	76	181	290	264	140	287	421	320	63	229	145	148	221	142	352	53	374	226	234	346	370	378	498	215	|
|201	142	325	43	152	0	224	237	37	156	230	273	101	164	224	261	148	300	127	38	147	333	83	142	225	266	167	238	270	168	193	233	112	246	221	70	228	148	228	84	180	202	222	232	351	87	|
|93	338	114	182	317	224	0	460	262	92	180	52	124	112	440	199	364	307	292	191	317	415	284	140	57	490	387	452	304	208	377	457	336	297	163	181	84	274	175	256	95	152	188	180	402	280	|
|431	184	556	280	238	237	460	0	199	385	420	508	337	385	108	464	110	429	219	269	206	378	202	365	460	30	98	84	388	340	204	9	126	386	432	294	453	283	421	226	411	404	408	423	422	198	|
|236	121	361	80	145	37	262	199	0	191	255	310	138	197	191	290	114	312	118	72	133	330	69	175	262	229	132	204	279	186	174	195	75	258	251	102	262	153	254	81	216	230	246	257	353	72	|
|139	290	171	120	282	156	92	385	191	0	116	129	71	27	380	246	283	235	201	119	226	329	231	141	129	414	323	367	224	119	336	383	266	308	202	141	72	252	112	169	127	82	118	117	322	195	|
|252	371	191	208	377	230	180	420	255	116	0	187	178	90	443	361	311	127	204	195	224	246	313	257	232	446	382	380	129	81	423	421	320	422	318	242	100	355	5	195	241	34	15	2	225	224	|
|136	390	64	231	369	273	52	508	310	129	187	0	173	141	491	233	409	313	330	239	355	431	335	191	93	538	438	495	316	233	429	505	385	342	203	233	88	325	182	297	143	167	199	187	412	323	|
|116	222	228	58	212	101	124	337	138	71	178	173	0	91	319	206	244	284	187	69	212	357	165	85	130	367	265	333	264	151	267	333	213	244	161	70	140	181	175	145	97	145	177	180	359	165	|
|166	302	174	132	299	164	112	385	197	27	90	141	91	0	388	273	280	208	191	127	215	305	243	167	153	413	329	361	198	96	351	383	270	333	229	159	68	272	86	163	153	56	92	91	296	190	|
|390	111	546	262	157	224	440	108	191	380	443	491	319	388	0	399	164	480	264	261	261	456	156	320	426	125	62	186	442	369	107	99	125	300	374	260	452	210	443	252	372	420	433	446	494	227	|
|110	289	294	230	242	261	199	464	290	246	361	233	206	273	399	0	402	480	382	254	404	562	262	124	143	493	369	490	466	355	302	457	344	135	45	191	279	189	356	337	120	328	364	362	563	348	|
|349	169	453	190	215	148	364	110	114	283	311	409	244	280	164	402	0	324	110	174	101	292	151	289	372	135	109	90	284	230	212	111	70	354	364	216	348	245	312	118	329	295	298	313	330	90	|
|374	434	306	294	452	300	307	429	312	235	127	313	284	208	480	480	324	0	216	274	223	137	380	368	357	448	419	367	40	136	487	432	358	525	436	336	227	443	132	234	361	156	119	127	102	255	|
|303	230	364	151	261	127	292	219	118	201	204	330	187	191	264	382	110	216	0	128	25	213	185	258	314	243	203	176	178	123	282	221	144	372	338	193	256	270	206	45	283	193	191	206	239	46	|
|180	177	289	24	183	38	191	269	72	119	195	239	69	127	261	254	174	274	128	0	151	321	118	130	198	299	204	263	246	139	228	266	147	258	211	68	191	169	193	83	159	166	188	197	333	98	|
|327	238	388	174	273	147	317	206	133	226	224	355	212	215	261	404	101	223	25	151	0	203	198	281	339	228	202	156	184	143	288	209	146	390	362	215	280	286	226	68	308	215	210	226	235	61	|
|464	441	435	345	474	333	415	378	330	329	246	431	357	305	456	562	292	137	213	321	203	0	398	440	458	390	400	301	117	211	492	384	348	578	517	389	344	480	251	251	448	265	233	246	54	259	|
|236	59	393	112	76	83	284	202	69	231	313	335	165	243	156	262	151	380	185	118	198	398	0	167	270	231	110	233	347	250	110	195	85	203	230	103	303	95	311	150	217	284	305	315	422	139	|
|70	212	254	107	181	142	140	365	175	141	257	191	85	167	320	124	289	368	258	130	281	440	167	0	109	394	277	378	349	236	244	359	239	167	81	73	196	135	253	213	53	223	257	258	444	226	|
|44	319	157	183	290	225	57	460	262	129	232	93	130	153	426	143	372	357	314	198	339	458	270	109	0	490	379	462	351	247	353	456	334	250	110	168	140	243	226	274	56	201	238	232	449	294	|
|461	211	585	309	264	266	490	30	229	414	446	538	367	413	125	493	135	448	243	299	228	390	231	394	490	0	125	89	408	365	226	36	156	412	462	324	481	311	447	253	441	430	433	448	436	225	|
|346	86	491	207	140	167	387	98	132	323	382	438	265	329	62	369	109	419	203	204	202	400	110	277	379	125	0	155	381	307	113	90	63	288	339	211	394	186	382	190	327	359	371	384	436	165	|
|439	235	536	280	287	238	452	84	204	367	380	495	333	361	186	490	90	367	176	263	156	301	233	378	462	89	155	0	326	299	267	92	148	432	454	306	429	325	382	199	419	369	366	382	348	172	|
|363	399	318	268	421	270	304	388	279	224	129	316	264	198	442	466	284	40	178	246	184	117	347	349	351	408	381	326	0	113	452	391	321	502	422	311	229	415	134	199	348	152	118	130	98	219	|
|254	306	254	158	320	168	208	340	186	119	81	233	151	96	369	355	230	136	123	139	143	211	250	236	247	365	307	299	113	0	359	340	244	390	310	200	148	308	83	117	238	74	68	83	208	145	|
|312	53	490	219	63	193	377	204	174	336	423	429	267	351	107	302	212	487	282	228	288	492	110	244	353	226	113	267	452	359	0	195	145	194	283	199	407	115	421	254	296	394	415	425	521	237	|
|426	176	554	276	229	233	457	9	195	383	421	505	333	383	99	457	111	432	221	266	209	384	195	359	456	36	90	92	391	340	195	0	122	378	426	289	451	275	421	226	406	404	408	423	427	197	|
|305	99	436	155	145	112	336	126	75	266	320	385	213	270	125	344	70	358	144	147	146	348	85	239	334	156	63	148	321	244	145	122	0	286	310	168	336	177	320	128	285	298	309	322	381	103	|
|206	202	407	235	148	246	297	386	258	308	422	342	244	333	300	135	354	525	372	258	390	578	203	167	250	412	288	432	502	390	194	378	286	0	144	191	362	109	418	329	202	388	421	423	591	329	|
|71	263	266	187	221	221	163	432	251	202	318	203	161	229	374	45	364	436	338	211	362	517	230	81	110	462	339	454	422	310	283	426	310	144	0	150	239	168	313	294	77	285	321	319	518	306	|
|137	157	292	45	142	70	181	294	102	141	242	233	70	159	260	191	216	336	193	68	215	389	103	73	168	324	211	306	311	200	199	289	168	191	150	0	210	113	239	148	117	210	238	244	400	157	|
|169	361	108	192	352	228	84	453	262	72	100	88	140	68	452	279	348	227	256	191	280	344	303	196	140	481	394	429	229	148	407	451	336	362	239	210	0	318	95	231	164	79	111	100	325	258	|
|200	101	388	150	53	148	274	283	153	252	355	325	181	272	210	189	245	443	270	169	286	480	95	135	243	311	186	325	415	308	115	275	177	109	168	113	318	0	352	230	187	323	351	357	498	225	|
|247	370	186	205	374	228	175	421	254	112	5	182	175	86	443	356	312	132	206	193	226	251	311	253	226	447	382	382	134	83	421	421	320	418	313	239	95	352	0	196	237	30	19	6	230	224	|
|260	201	337	107	226	84	256	226	81	169	195	297	145	163	252	337	118	234	45	83	68	251	150	213	274	253	190	199	199	117	254	226	128	329	294	148	231	230	196	0	240	178	184	198	272	29	|
|20	264	207	140	234	180	95	411	216	127	241	143	97	153	372	120	329	361	283	159	308	448	217	53	56	441	327	419	348	238	296	406	285	202	77	117	164	187	237	240	0	208	245	242	446	257	|
|219	344	181	177	346	202	152	404	230	82	34	167	145	56	420	328	295	156	193	166	215	265	284	223	201	430	359	369	152	74	394	404	298	388	285	210	79	323	30	178	208	0	37	35	250	206	|
|256	364	205	202	370	222	188	408	246	118	15	199	177	92	433	364	298	119	191	188	210	233	305	257	238	433	371	366	118	68	415	408	309	421	321	238	111	351	19	184	245	37	0	17	214	212	|
|253	374	190	210	378	232	180	423	257	117	2	187	180	91	446	362	313	127	206	197	226	246	315	258	232	448	384	382	130	83	425	423	322	423	319	244	100	357	6	198	242	35	17	0	225	226	|
|460	469	408	356	498	351	402	422	353	322	225	412	359	296	494	563	330	102	239	333	235	54	422	444	449	436	436	348	98	208	521	427	381	591	518	400	325	498	230	272	446	250	214	225	0	285	|
|278	184	364	119	215	87	280	198	72	195	224	323	165	190	227	348	90	255	46	98	61	259	139	226	294	225	165	172	219	145	237	197	103	329	306	157	258	225	224	29	257	206	212	226	285	0	|

--------------------------------------------------------------------------------
Building model...
	using lazy and cut (CVRPSEP package)
Solving IRP LP...
--------------------------------------------------------------------------------

Gurobi 9.1.0 (linux64) logging started Sat Feb  6 09:14:27 2021

Gurobi Optimizer version 9.1.0 build v9.1.0rc0 (linux64)
Thread count: 32 physical cores, 32 logical processors, using up to 2 threads
Optimize a model with 1177 rows, 6940 columns and 16168 nonzeros
Model fingerprint: 0x68858d40
Variable types: 454 continuous, 6486 integer (276 binary)
Coefficient statistics:
  Matrix range     [1e+00, 2e+03]
  Objective range  [1e-01, 6e+02]
  Bounds range     [1e+00, 3e+02]
  RHS range        [1e+00, 6e+03]
Presolve removed 252 rows and 261 columns
Presolve time: 0.07s
Presolved: 925 rows, 6679 columns, 14955 nonzeros
Variable types: 331 continuous, 6348 integer (6081 binary)

Root relaxation: objective 1.302212e+04, 694 iterations, 0.01 seconds

    Nodes    |    Current Node    |     Objective Bounds      |     Work
 Expl Unexpl |  Obj  Depth IntInf | Incumbent    BestBd   Gap | It/Node Time

     0     0 13022.1222    0  111          - 13022.1222      -     -    0s
     0     0 13434.3737    0  122          - 13434.3737      -     -    0s
     0     0 13437.7031    0  120          - 13437.7031      -     -    0s
     0     0 13442.2242    0  130          - 13442.2242      -     -    0s
     0     0 13953.8554    0  202          - 13953.8554      -     -    0s
     0     0 14018.2508    0  162          - 14018.2508      -     -    0s
     0     0 14044.1873    0  146          - 14044.1873      -     -    0s
     0     0 14044.5333    0  141          - 14044.5333      -     -    0s
     0     0 14166.9422    0  238          - 14166.9422      -     -    1s
     0     0 14210.8785    0  252          - 14210.8785      -     -    1s
     0     0 14217.8211    0  241          - 14217.8211      -     -    1s
     0     0 14219.6334    0  252          - 14219.6334      -     -    1s
     0     0 14219.7249    0  264          - 14219.7249      -     -    1s
     0     0 14282.0816    0  254          - 14282.0816      -     -    1s
     0     0 14296.7646    0  183          - 14296.7646      -     -    1s
     0     0 14305.1601    0  237          - 14305.1601      -     -    1s
     0     0 14309.1142    0  207          - 14309.1142      -     -    1s
     0     0 14311.0603    0  234          - 14311.0603      -     -    1s
     0     0 14313.8747    0  306          - 14313.8747      -     -    2s
     0     0 14316.4970    0  315          - 14316.4970      -     -    2s
     0     0 14317.6511    0  282          - 14317.6511      -     -    2s
     0     0 14320.0887    0  337          - 14320.0887      -     -    2s
     0     0 14320.0887    0  337          - 14320.0887      -     -    2s
     0     2 14320.0887    0  337          - 14320.0887      -     -    2s
    49    52 14527.1722   15  228          - 14348.7475      -   217    5s
   400   471 15813.9659  127   36          - 14348.7475      -  79.7   10s
   722   678 15277.8102  103  337          - 14358.8856      -  60.8   15s
   748   695 14952.9531   55  372          - 14390.1212      -  58.7   20s
   762   705 14975.4717   56  394          - 14398.8656      -  57.6   25s
   793   729 14619.1153   22  193          - 14426.6720      -  73.2   30s
   882   792 14971.7841   44   91          - 14426.6720      -  88.0   35s
  1042   917 15037.3322   71  170          - 14426.6720      -  94.4   40s
  1242  1021 15241.3711   92  103          - 14426.6720      -  89.5   45s
* 1361   957             135    15913.690000 14426.6720  9.34%  88.2   49s
  1382   939     cutoff  143      15913.6900 14436.4404  9.28%  87.6   50s
  1415   957 14541.2349   22  376 15913.6900 14436.4404  9.28%  94.2   55s
  1441   978 14570.8723   26  363 15913.6900 14436.4404  9.28%  98.4   62s
  1469   997 14747.0919   30  340 15913.6900 14436.4404  9.28%   102   65s
  1541  1061 14743.5654   39  252 15913.6900 14436.4404  9.28%   107   71s
  1612  1112 14787.1101   47  167 15913.6900 14436.4404  9.28%   109   75s
  1756  1199 15075.8851   77   31 15913.6900 14436.4404  9.28%   110   80s
  1926  1268 15431.4485  120   82 15913.6900 14436.4404  9.28%   106   88s
  2016  1422 15577.8300  128    - 15913.6900 14436.4404  9.28%   104   92s
  2153  1376 15695.3241  128   42 15913.6900 14436.9980  9.28%  99.1   95s
  2294  1388 14697.5801   35  230 15913.6900 14441.6690  9.25%   101  101s
  2361  1454 14904.7433   54   42 15913.6900 14441.6690  9.25%   104  105s
  2509  1585 15434.7480  101   26 15913.6900 14441.9567  9.25%   103  112s
  2631  1595 infeasible  144      15913.6900 14461.2119  9.13%   101  115s
  2721  1692 14687.5227   25  210 15913.6900 14461.2119  9.13%   101  121s
  2908  1734 15867.8839  148   30 15913.6900 14461.2119  9.13%   100  125s
  2963  1806 15644.3358  102   55 15913.6900 14478.3073  9.02%   100  131s
  3049  2022 14643.6923   28  269 15913.6900 14478.3073  9.02%   101  138s
  3229  2054 14737.1224   35  232 15913.6900 14478.3073  9.02%  97.1  141s
  3298  2109 14789.9602   37  249 15913.6900 14478.3073  9.02%  98.8  145s
  3464  2283 15225.8038   78   31 15913.6900 14496.0170  8.91%  97.4  152s
  3562  2333 15902.8000  106    - 15913.6900 14499.5882  8.89%  96.9  155s
  3691  2479 14881.9241   36  231 15913.6900 14507.3388  8.84%  98.7  164s
  3787  2607 15912.5900   88    - 15913.6900 14507.5619  8.84%  98.6  168s
  3919  2656     cutoff   88      15913.6900 14509.5061  8.82%  97.7  173s
  3983  2721 14839.3228   30  138 15913.6900 14510.4873  8.82%  97.9  176s
  4048  2845 15360.6951   70   31 15913.6900 14515.8234  8.78%  99.0  180s
  4193  2928 14867.6464   32  176 15913.6900 14520.0431  8.76%  98.1  185s
  4285  3011 15660.4102   88   65 15913.6900 14522.7750  8.74%  98.6  190s
  4403  3088 14815.1862   25  247 15913.6900 14524.7214  8.73%  98.8  195s
  4481  3174 15277.9607   49  112 15913.6900 14525.3968  8.72%   100  200s
  4575  3255 14817.4344   35  177 15913.6900 14525.5427  8.72%   100  205s
  4665  3385 14925.6961   29  282 15913.6900 14526.2118  8.72%   101  211s
  4826  3441     cutoff  114      15913.6900 14528.0326  8.71%   101  216s
  4885  3533 15074.3315   48  166 15913.6900 14528.0326  8.71%   102  222s
  4979  3685 15563.1163   87   38 15913.6900 14528.5937  8.70%   101  230s
  5162  3803 14925.1664   33  161 15913.6900 14529.5707  8.70%   100  237s
  5279  3884 15329.6700   85   12 15913.6900 14530.9675  8.69%   101  243s
  5421  4020     cutoff  111      15913.6900 14531.6343  8.68%   101  251s
  5569  4140 14976.8115   45  267 15913.6900 14535.6281  8.66%   101  257s
  5703  4281     cutoff  124      15913.6900 14537.2104  8.65%   102  265s
  5857  4356 15076.3416   39  124 15913.6900 14537.2986  8.65%   102  273s
  5932  4480 15385.4666   53  100 15913.6900 14538.7511  8.64%   104  281s
  6134  4606     cutoff   85      15913.6900 14539.7599  8.63%   104  288s
  6255  4742 15129.3064   48  291 15913.6900 14541.2398  8.62%   105  296s
  6424  4834 14879.6143   34   37 15913.6900 14541.6209  8.62%   105  303s
  6540  4933 14836.1116   33  362 15913.6900 14542.7779  8.61%   106  311s
  6669  5074 15470.7499   72  163 15913.6900 14542.9975  8.61%   106  319s
  6761  5077 14846.2101   37  248 15913.6900 14542.9975  8.61%   106  320s
  6844  5192     cutoff  135      15913.6900 14544.9606  8.60%   106  328s
  7001  5225 15886.3600  114    6 15913.6900 14546.0833  8.59%   105  334s
  7044  5330 infeasible  116      15913.6900 14549.3811  8.57%   107  341s
  7168  5532 15101.2743   60  163 15913.6900 14550.1349  8.57%   107  350s
  7395  5661 15870.4765  121   22 15913.6900 14550.6380  8.57%   106  359s
  7543  5834 15202.2331   51  235 15913.6900 14551.1298  8.56%   106  368s
  7734  6006 14888.1569   36  286 15913.6900 14552.1562  8.56%   106  377s
  7926  6170 14630.4905   26  425 15913.6900 14552.4216  8.55%   106  387s
  8107  6349 15065.2528   46  151 15913.6900 14552.5002  8.55%   107  397s
  8360  6453     cutoff  132      15913.6900 14553.9695  8.54%   106  407s
  8479  6587 15796.8700  133    - 15913.6900 14555.7556  8.53%   107  417s
  8644  6652 15844.5400  133    4 15913.6900 14558.3161  8.52%   107  426s
  8706  6803 15020.4877   48   72 15913.6900 14558.4909  8.52%   109  438s
  8875  7086 15109.6550   55   44 15913.6900 14559.3736  8.51%   109  450s
  9235  7218 15702.6000  123   12 15913.6900 14559.8369  8.51%   107  459s
H 9371  5930                    15624.770000 14560.8419  6.81%   108  467s
  9504  6032     cutoff   95      15624.7700 14562.6046  6.80%   108  477s
  9682  6135 15260.2172   61   36 15624.7700 14563.4300  6.79%   108  487s
  9790  6205 14788.4785   29  237 15624.7700 14563.5391  6.79%   109  497s
  9863  6256 14952.0170   43  140 15624.7700 14563.5391  6.79%   110  505s
* 9891  3509              78    15201.880000 14563.5391  4.20%   111  505s
  9950  3567 15145.0403   57   97 15201.8800 14563.7446  4.20%   111  512s
 10052  3629     cutoff   59      15201.8800 14564.3453  4.19%   112  521s
 10144  3697 14766.7997   30  283 15201.8800 14567.1710  4.18%   113  529s
 10219  3763 14745.6036   28  343 15201.8800 14567.3818  4.17%   115  537s
 10309  3831 14707.5471   24  440 15201.8800 14570.2616  4.15%   116  545s
 10396  3888     cutoff   65      15201.8800 14570.3812  4.15%   117  553s
H10397  1987                    14972.740000 14570.3812  2.69%   117  553s
 10473  1985     cutoff   46      14972.7400 14570.9330  2.68%   119  561s
 10515  2034 14925.3463   31  241 14972.7400 14575.0396  2.66%   120  570s
 10608  2079 14605.7118   29  370 14972.7400 14577.0299  2.64%   121  579s
 10675  2111 14926.6202   37   84 14972.7400 14580.4840  2.62%   123  587s
 10758  2157 14755.8066   26  220 14972.7400 14584.2542  2.59%   124  596s
 10830  2195 14815.1820   32  311 14972.7400 14585.4435  2.59%   125  604s
 10906  2240 14747.5607   23  155 14972.7400 14586.8926  2.58%   127  612s
H10967  2037                    14941.380000 14589.5633  2.35%   127  613s
 10999  2080 14704.8532   27  380 14941.3800 14589.9646  2.35%   128  621s
 11085  2111 14902.1086   36  339 14941.3800 14592.2626  2.34%   130  629s
 11148  2151 14707.4736   23  210 14941.3800 14594.5335  2.32%   131  638s
 11244  2185 14707.9912   30  405 14941.3800 14595.4101  2.32%   133  648s
 11317  2222 14797.6860   30  332 14941.3800 14596.4123  2.31%   134  658s
 11400  2260 14695.7894   28  396 14941.3800 14597.7983  2.30%   135  667s
 11470  2280 14908.6287   32  331 14941.3800 14600.5242  2.28%   137  675s
 11528  2316     cutoff   29      14941.3800 14603.2746  2.26%   139  685s
 11626  2336 14729.8738   23  313 14941.3800 14603.6456  2.26%   140  695s
 11668  2371     cutoff   30      14941.3800 14603.8903  2.26%   141  703s
 11750  2418 14873.7614   34   24 14941.3800 14606.1619  2.24%   142  713s
 11841  2459 14788.0741   25  269 14941.3800 14608.3016  2.23%   144  723s
 11915  2486 14771.2025   25  255 14941.3800 14608.9317  2.23%   145  732s
 11981  2528 14916.7311   36  194 14941.3800 14610.9993  2.21%   147  742s
 12085  2560 14797.0525   34  292 14941.3800 14613.6477  2.19%   148  751s
 12180  2591     cutoff   31      14941.3800 14613.8536  2.19%   149  762s
 12277  2630     cutoff   34      14941.3800 14615.5402  2.18%   151  772s
 12368  2651 14690.8148   24  315 14941.3800 14617.5208  2.17%   152  783s
 12439  2682 14910.7401   32  233 14941.3800 14618.3297  2.16%   154  793s
 12528  2742 14936.9977   35  178 14941.3800 14619.0270  2.16%   155  804s
 12646  2806     cutoff   36      14941.3800 14621.0125  2.14%   156  816s
 12765  2849     cutoff   43      14941.3800 14621.9425  2.14%   157  827s
H12806  2846                    14940.640000 14623.1502  2.13%   157  828s
 12860  2879     cutoff   34      14940.6400 14624.0339  2.12%   158  839s
 12971  2901 14824.2829   36  250 14940.6400 14624.9993  2.11%   159  850s
 13019  2926     cutoff   42      14940.6400 14625.8819  2.11%   160  861s
 13096  2950 14940.3239   31  322 14940.6400 14626.1720  2.10%   161  873s
 13164  2990 14874.3148   20  220 14940.6400 14627.1563  2.10%   163  884s
 13254  3041 14890.3981   27  212 14940.6400 14627.9698  2.09%   165  896s
 13373  3072 14837.6537   37  315 14940.6400 14629.8810  2.08%   166  907s
 13473  3095 14868.1470   31  343 14940.6400 14630.8317  2.07%   168  920s
 13556  3143     cutoff   39      14940.6400 14632.1372  2.06%   169  931s
 13658  3173 infeasible   35      14940.6400 14633.1261  2.06%   170  942s
 13767  3216 14800.4458   34  159 14940.6400 14634.1372  2.05%   172  955s
 13880  3261     cutoff   39      14940.6400 14635.6129  2.04%   173  967s
 13979  3301 14905.3051   40  210 14940.6400 14636.6936  2.03%   174  980s
 14177  3335 14786.2154   27  261 14940.6400 14637.8746  2.03%   175  992s
 14290  3399 14929.9239   28  104 14940.6400 14640.3317  2.01%   176 1005s
H14386  2242                    14851.900000 14642.4609  1.41%   177 1005s
 14447  2246     cutoff   60      14851.9000 14642.6807  1.41%   177 1018s
 14563  2322 14738.1479   29  390 14851.9000 14644.5568  1.40%   178 1031s
 14766  2329 14757.7973   30  342 14851.9000 14645.7912  1.39%   179 1044s
 14825  2368 14759.2370   30  335 14851.9000 14646.7562  1.38%   180 1056s
 14947  2388 14818.7981   30  290 14851.9000 14649.6673  1.36%   181 1069s
 15057  2410     cutoff   35      14851.9000 14651.5375  1.35%   182 1081s
 15159  2475     cutoff   32      14851.9000 14652.2837  1.34%   183 1094s
 15231  2475 14820.9811   37  344 14851.9000 14653.6484  1.33%   184 1095s
*15308  2425              53    14848.770000 14653.6484  1.31%   184 1095s
 15319  2468 14826.4484   32  274 14848.7700 14653.6985  1.31%   184 1108s
 15451  2477 14832.4784   36  279 14848.7700 14654.6542  1.31%   185 1120s
 15550  2507 14699.6938   26  375 14848.7700 14656.7985  1.29%   187 1133s
 15666  2541 14802.3959   26  269 14848.7700 14658.3668  1.28%   188 1147s
 15794  2564     cutoff   26      14848.7700 14659.2255  1.28%   189 1159s
 15911  2578 14795.1439   31  395 14848.7700 14660.3085  1.27%   190 1172s
 16014  2599 14840.9701   30  384 14848.7700 14662.2353  1.26%   192 1184s
 16127  2621 14786.5973   32  325 14848.7700 14662.8694  1.25%   193 1198s
 16249  2626     cutoff   27      14848.7700 14663.7501  1.25%   194 1211s
 16365  2654 14730.7339   24  174 14848.7700 14665.6887  1.23%   195 1224s
 16500  2662 14820.6151   29  196 14848.7700 14666.9840  1.22%   197 1238s
 16618  2680     cutoff   26      14848.7700 14668.0045  1.22%   198 1252s
 16748  2704 14753.0390   35  237 14848.7700 14669.1048  1.21%   199 1266s
 16868  2703 14814.0332   30  149 14848.7700 14670.4611  1.20%   200 1280s
 16994  2716 14813.4189   32  310 14848.7700 14672.7834  1.19%   201 1294s
 17114  2747     cutoff   25      14848.7700 14673.9213  1.18%   202 1309s
 17268  2771     cutoff   37      14848.7700 14675.3856  1.17%   203 1323s
 17386  2788     cutoff   29      14848.7700 14676.3585  1.16%   204 1337s
 17516  2809     cutoff   32      14848.7700 14679.1888  1.14%   205 1352s
 17671  2824     cutoff   31      14848.7700 14680.7783  1.13%   206 1462s
 17770  2865 14765.1601   32  313 14848.7700 14682.2958  1.12%   207 1477s
 17948  2872 14831.3775   29  192 14848.7700 14683.7297  1.11%   207 1492s
 18083  2910 14757.8576   32  180 14848.7700 14685.7310  1.10%   208 1507s
 18233  2934 14732.0450   31  316 14848.7700 14688.7077  1.08%   209 1522s
 18361  2973 14763.1132   26  260 14848.7700 14689.7215  1.07%   210 1539s
 18419  2973 14838.6672   40  104 14848.7700 14689.7215  1.07%   211 1540s
 18533  3004 14754.8896   29  250 14848.7700 14691.0441  1.06%   211 1556s
 18690  3013 14836.1345   40   71 14848.7700 14692.2117  1.05%   212 1573s
 18850  3047 14802.7057   33  333 14848.7700 14693.9492  1.04%   213 1590s
 19028  3080 14758.2844   25  286 14848.7700 14695.6012  1.03%   214 1606s
 19215  3095 14799.3633   40  249 14848.7700 14696.6832  1.02%   214 1622s
 19386  3125 14787.2618   33  324 14848.7700 14697.7268  1.02%   215 1638s
 19584  3169     cutoff   27      14848.7700 14699.7038  1.00%   215 1657s
 19778  3189     cutoff   60      14848.7700 14700.8333  1.00%   216 1673s
 19946  3218 14745.3124   33  213 14848.7700 14702.7196  0.98%   216 1689s
 20107  3246     cutoff   27      14848.7700 14704.2782  0.97%   217 1705s
 20305  3266 14727.6946   28  350 14848.7700 14705.2174  0.97%   218 1721s
 20493  3300 14796.1436   32  140 14848.7700 14706.5738  0.96%   218 1738s
 20674  3309 14798.1265   30  237 14848.7700 14707.5880  0.95%   219 1756s
 20845  3340     cutoff   29      14848.7700 14708.6013  0.94%   219 1773s
 21030  3357     cutoff   45      14848.7700 14709.7314  0.94%   220 1789s
 21203  3379 14810.9327   28   98 14848.7700 14711.3087  0.93%   221 1805s
 21373  3419     cutoff   31      14848.7700 14712.3233  0.92%   222 1824s
 21507  3419 14759.8969   32  194 14848.7700 14713.6019  0.91%   222 1825s
 21575  3433 infeasible   42      14848.7700 14713.6982  0.91%   222 1841s
 21760  3475     cutoff   31      14848.7700 14714.5828  0.90%   223 1860s
 21932  3465     cutoff   27      14848.7700 14715.1773  0.90%   223 1876s
 22070  3495 14783.9262   28  198 14848.7700 14716.4568  0.89%   224 1892s
 22272  3563     cutoff   41      14848.7700 14717.8588  0.88%   225 1911s
*22312  3477              47    14844.380000 14717.8588  0.85%   225 1911s
 22494  3504     cutoff   41      14844.3800 14719.6719  0.84%   225 1930s
 22713  3510     cutoff   38      14844.3800 14720.8131  0.83%   225 1948s
 22910  3531 14804.6108   41  181 14844.3800 14721.8546  0.83%   226 1966s
 23122  3559 14754.4087   29  353 14844.3800 14722.6998  0.82%   226 1984s
 23339  3559 14781.2661   32  135 14844.3800 14724.5052  0.81%   226 1985s
 23351  3562 14805.1512   34  175 14844.3800 14724.7100  0.81%   226 2001s
 23534  3568     cutoff   30      14844.3800 14725.7036  0.80%   227 2020s
 23744  3570 14798.1279   28  351 14844.3800 14726.5962  0.79%   227 2037s
 23934  3623     cutoff   32      14844.3800 14727.8202  0.79%   228 2054s
 24153  3634 14824.5792   33  229 14844.3800 14728.8658  0.78%   228 2071s
 24347  3634 14828.7590   36  341 14844.3800 14730.3182  0.77%   229 2089s
 24546  3640 14811.0191   33  229 14844.3800 14731.1776  0.76%   229 2107s
 24767  3665 14837.0046   36  329 14844.3800 14732.0428  0.76%   230 2125s
 25068  3686     cutoff   40      14844.3800 14733.4642  0.75%   229 2144s
 25262  3688 14843.4903   35  159 14844.3800 14734.7798  0.74%   230 2145s
 25298  3683     cutoff   44      14844.3800 14735.0244  0.74%   230 2162s
 25450  3674 14804.3154   26  350 14844.3800 14735.9780  0.73%   230 2179s
 25641  3697     cutoff   39      14844.3800 14737.0636  0.72%   231 2200s
 25881  3686     cutoff   31      14844.3800 14737.8363  0.72%   231 2218s
 26089  3687 14794.8511   31  234 14844.3800 14739.0099  0.71%   232 2236s
 26316  3694     cutoff   41      14844.3800 14740.2803  0.70%   232 2255s
 26546  3708 14810.2135   37  252 14844.3800 14741.1609  0.70%   232 2274s
 26714  3708 14805.9131   40  111 14844.3800 14742.5753  0.69%   232 2275s
 26780  3702 14802.0077   27  272 14844.3800 14742.6278  0.69%   232 2292s
 26968  3704     cutoff   40      14844.3800 14743.6681  0.68%   233 2310s
 27201  3695 14826.5110   34  289 14844.3800 14744.8464  0.67%   233 2333s
 27394  3714 14794.3423   38  252 14844.3800 14746.0288  0.66%   234 2358s
 27782  3723     cutoff   39      14844.3800 14747.8690  0.65%   233 2376s
 27949  3726     cutoff   27      14844.3800 14748.9074  0.64%   234 2396s
 28209  3723 14795.9976   37  108 14844.3800 14750.0701  0.64%   234 2415s
 28453  3722 14825.3714   37  258 14844.3800 14751.1766  0.63%   234 2435s
 28710  3719 14823.6871   28  216 14844.3800 14752.0895  0.62%   234 2453s
 28971  3715 14825.4508   26  336 14844.3800 14753.2137  0.61%   234 2471s
 29169  3733 14841.2853   36   45 14844.3800 14754.1039  0.61%   235 2490s
 29426  3735 14766.0033   38  308 14844.3800 14755.3589  0.60%   235 2509s
 29537  3735 14817.5194   42  255 14844.3800 14755.3589  0.60%   235 2510s
 29654  3708     cutoff   40      14844.3800 14756.5459  0.59%   235 2529s
 29760  3708 14815.6935   31  192 14844.3800 14756.5459  0.59%   235 2530s
 29900  3715     cutoff   27      14844.3800 14757.8301  0.58%   235 2550s
 30170  3745 14822.1189   34  178 14844.3800 14759.0550  0.57%   235 2571s
 30476  3743     cutoff   34      14844.3800 14760.1750  0.57%   235 2593s
 30812  3739 14837.7352   44  135 14844.3800 14761.2428  0.56%   234 2614s
 31094  3717 14835.5297   36   96 14844.3800 14762.0055  0.55%   234 2634s
 31316  3717 14808.4244   32  172 14844.3800 14763.2265  0.55%   234 2635s
 31374  3719 14831.5497   26   91 14844.3800 14763.2731  0.55%   234 2652s
 31642  3702     cutoff   30      14844.3800 14764.1034  0.54%   234 2671s
 31883  3701     cutoff   38      14844.3800 14765.2370  0.53%   234 2691s
 32200  3665 14830.7939   32  131 14844.3800 14766.4609  0.52%   234 2708s
 32427  3665 14835.6910   36  202 14844.3800 14767.6389  0.52%   234 2710s
 32467  3670 14838.0900   33  306 14844.3800 14767.6625  0.52%   234 2729s
 32642  3670     cutoff   33      14844.3800 14768.8489  0.51%   234 2730s
 32835  3647     cutoff   40      14844.3800 14768.8935  0.51%   233 2747s
 33123  3637 14796.2851   39  258 14844.3800 14770.0553  0.50%   233 2766s
 33403  3628 14808.7776   36  217 14844.3800 14770.8952  0.50%   233 2784s
 33531  3628 14838.9446   41  165 14844.3800 14770.8952  0.50%   233 2785s
 33688  3640 14779.5172   31  171 14844.3800 14771.6975  0.49%   233 2802s
 33992  3605     cutoff   37      14844.3800 14772.7120  0.48%   232 2820s
 34281  3583 14837.6523   39   87 14844.3800 14773.8571  0.48%   232 2839s
 34422  3583 14836.1818   39  230 14844.3800 14774.7796  0.47%   232 2840s
 34575  3547 14790.0820   36  296 14844.3800 14774.8152  0.47%   232 2857s
 34826  3504     cutoff   30      14844.3800 14775.9575  0.46%   232 2875s
 35118  3476 14829.8848   38  206 14844.3800 14777.2903  0.45%   232 2901s
 35358  3454 14833.7841   40  329 14844.3800 14778.1903  0.45%   232 2923s
 35682  3423 14813.6188   36  251 14844.3800 14779.4879  0.44%   231 2948s
 35887  3383     cutoff   35      14844.3800 14780.3554  0.43%   231 2971s
 36197  3354 14809.5706   25  297 14844.3800 14781.5344  0.42%   231 2995s
 36442  3320     cutoff   39      14844.3800 14782.6390  0.42%   230 3015s
 36760  3285 14829.6385   36   81 14844.3800 14783.5910  0.41%   230 3036s
*36933  2857              42    14827.900000 14783.5910  0.30%   230 3037s
 37090  2753     cutoff   41      14827.9000 14784.7350  0.29%   230 3054s
 37325  2754 14823.5982   36  155 14827.9000 14786.2913  0.28%   230 3055s
 37330  2642 14800.0272   41  190 14827.9000 14786.3342  0.28%   230 3070s
 37550  2519 14818.1961   38   71 14827.9000 14788.1104  0.27%   229 3087s
H37718  1365                    14808.900000 14790.3895  0.12%   229 3087s
 37880  1230     cutoff   34      14808.9000 14790.3946  0.12%   229 3093s
 38035  1082     cutoff   27      14808.9000 14792.2540  0.11%   228 3099s
 38195   919     cutoff   38      14808.9000 14794.3011  0.10%   228 3105s
 38379   740     cutoff   37      14808.9000 14796.4723  0.08%   227 3111s
 38567   544     cutoff   30      14808.9000 14798.8342  0.07%   226 3115s
 38773   328     cutoff   33      14808.9000 14801.7048  0.05%   225 3120s

Cutting planes:
  User: 1872
  Gomory: 15
  Cover: 253
  Implied bound: 107
  Clique: 30
  MIR: 87
  StrongCG: 4
  Flow cover: 275
  Zero half: 43
  RLT: 189
  Relax-and-lift: 1
  Lazy constraints: 3371

Explored 39234 nodes (8752889 simplex iterations) in 3124.57 seconds
Thread count was 2 (of 32 available processors)

Solution count 10: 14808.9 14827.9 14844.4 ... 15624.8

Optimal solution found (tolerance 1.00e-04)
Best objective 1.480890000000e+04, best bound 1.480778768340e+04, gap 0.0075%

User-callback calls 401258, time in user-callback 150.10 sec
================================================================================
