




arguments: ./build/bc_mirp -f ./input/orig_exec_244.cfg
Current dir: /scratch/gui/bc_mirp
File verbosity level: 9
date       time         ( uptime  ) [ thread name/id ]                   file:line     v| 
2021-02-16 02:23:48.989 (   0.879s) [main thread     ]             loguru.cpp:789   INFO| Logging to './output/vi_vc+hc1_quarter/OU/V2/Original/execution_16_02_2021_02_23_48.log', mode: 'a', verbosity: 9
--------------------------------------------------------------------------------
Parameters
                           instance_path           ./input/Instances/Original/6/
                            model_policy                                       1
                             nb_vehicles                                       2
                              output_dir./output/vi_vc+hc1_quarter/OU/V2/Original/
                            sec_strategy                                       1
                       solver_nb_threads                                       2
                         solver_show_log                                    true
                       solver_time_limit                                    3600
                              use_vi_cos                                   false
                              use_vi_cus                                   false
                         use_vi_hc1_full                                   false
                         use_vi_hc1_half                                   false
                      use_vi_hc1_quarter                                    true
                              use_vi_hc2                                   false
                              use_vi_hc3                                   false
                         use_vi_lex_full                                   false
                         use_vi_lex_half                                   false
                      use_vi_lex_quarter                                   false
                              use_vi_qua                                   false
                               use_vi_vc                                    true
                               use_vi_vr                                   false
--------------------------------------------------------------------------------
executing instance: ./input/Instances/Original/6/absH6high_1n25.dat
--------------------------------------------------------------------------------
Instance details
n	26
H	6
C	1711
Li:
[0, 0, 0, 0, 0, 0, 0, 0, 0, 0, 0, 0, 0, 0, 0, 0, 0, 0, 0, 0, 0, 0, 0, 0, 0, 0, ]
Ui:
[0, 168, 176, 34, 66, 36, 177, 106, 118, 182, 64, 141, 189, 63, 46, 111, 182, 231, 36, 66, 68, 54, 132, 90, 246, 75, ]
Distance matrix:
|0	191	200	231	334	329	146	196	208	245	218	164	283	394	151	358	156	196	309	253	201	260	127	138	130	104	|
|191	0	226	229	278	146	328	216	390	417	327	293	195	334	106	296	171	122	472	151	12	411	280	53	190	130	|
|200	226	0	38	149	359	321	10	276	274	418	364	139	204	121	173	321	115	303	141	225	236	155	202	311	256	|
|231	229	38	0	110	352	358	37	314	310	448	395	108	167	129	135	342	109	336	120	226	268	194	213	335	277	|
|334	278	149	110	0	367	467	147	422	413	546	495	86	61	203	25	423	163	429	129	271	363	303	282	424	361	|
|329	146	359	352	367	0	453	349	533	562	411	393	282	411	245	378	250	244	617	245	141	556	426	195	284	243	|
|146	328	321	358	467	453	0	321	162	215	160	112	425	524	297	491	223	341	284	397	339	266	186	276	184	210	|
|196	216	10	37	147	349	321	0	281	281	414	360	132	203	112	171	315	105	311	132	216	244	159	193	305	249	|
|208	390	276	314	422	533	162	281	0	54	321	271	410	471	316	445	348	348	123	398	398	115	125	338	313	309	|
|245	417	274	310	413	562	215	281	54	0	375	323	413	457	334	435	393	361	70	406	424	69	139	367	359	349	|
|218	327	418	448	546	411	160	414	321	375	0	57	484	606	347	569	163	393	444	446	339	421	318	288	137	199	|
|164	293	364	395	495	393	112	360	271	323	57	0	437	556	300	519	144	346	393	401	305	367	261	249	109	163	|
|283	195	139	108	86	282	425	132	410	413	484	437	0	139	137	101	349	91	443	44	187	375	286	206	355	291	|
|394	334	204	167	61	411	524	203	471	457	606	556	139	0	264	38	483	222	467	183	326	403	356	341	484	421	|
|151	106	121	129	203	245	297	112	316	334	347	300	137	264	0	225	220	46	381	102	106	316	195	84	221	158	|
|358	296	173	135	25	378	491	171	445	435	569	519	101	38	225	0	444	184	450	145	288	384	328	303	446	383	|
|156	171	321	342	423	250	223	315	348	393	163	144	349	483	220	444	0	261	460	308	183	415	284	143	39	65	|
|196	122	115	109	163	244	341	105	348	361	393	346	91	222	46	184	261	0	402	56	118	336	224	119	264	200	|
|309	472	303	336	429	617	284	311	123	70	444	393	443	467	381	450	460	402	0	442	477	68	192	424	426	413	|
|253	151	141	120	129	245	397	132	398	406	446	401	44	183	102	145	308	56	442	0	143	375	273	164	315	251	|
|201	12	225	226	271	141	339	216	398	424	339	305	187	326	106	288	183	118	477	143	0	416	286	63	202	142	|
|260	411	236	268	363	556	266	244	115	69	421	367	375	403	316	384	415	336	68	375	416	0	135	365	384	363	|
|127	280	155	194	303	426	186	159	125	139	318	261	286	356	195	328	284	224	192	273	286	135	0	232	256	229	|
|138	53	202	213	282	195	276	193	338	367	288	249	206	341	84	303	143	119	424	164	63	365	232	0	153	89	|
|130	190	311	335	424	284	184	305	313	359	137	109	355	484	221	446	39	264	426	315	202	384	256	153	0	64	|
|104	130	256	277	361	243	210	249	309	349	199	163	291	421	158	383	65	200	413	251	142	363	229	89	64	0	|

--------------------------------------------------------------------------------
Building model...
	using lazy and cut (CVRPSEP package)
Solving IRP LP...
--------------------------------------------------------------------------------

Gurobi 9.1.0 (linux64) logging started Tue Feb 16 02:23:49 2021

Gurobi Optimizer version 9.1.0 build v9.1.0rc0 (linux64)
Thread count: 32 physical cores, 32 logical processors, using up to 2 threads
Optimize a model with 1298 rows, 4694 columns and 11870 nonzeros
Model fingerprint: 0xde88fea4
Variable types: 482 continuous, 4212 integer (312 binary)
Coefficient statistics:
  Matrix range     [1e+00, 9e+02]
  Objective range  [1e-01, 6e+02]
  Bounds range     [1e+00, 2e+02]
  RHS range        [1e+00, 3e+03]
Presolve removed 306 rows and 264 columns
Presolve time: 0.09s
Presolved: 992 rows, 4430 columns, 10683 nonzeros
Variable types: 374 continuous, 4056 integer (3762 binary)

Root relaxation: objective 1.302510e+04, 1191 iterations, 0.03 seconds

    Nodes    |    Current Node    |     Objective Bounds      |     Work
 Expl Unexpl |  Obj  Depth IntInf | Incumbent    BestBd   Gap | It/Node Time

     0     0 13025.1025    0  208          - 13025.1025      -     -    0s
     0     0 13705.5935    0  199          - 13705.5935      -     -    0s
     0     0 13722.4454    0  221          - 13722.4454      -     -    0s
     0     0 13723.9303    0  235          - 13723.9303      -     -    0s
     0     0 13749.4959    0  227          - 13749.4959      -     -    0s
     0     0 13752.6317    0  228          - 13752.6317      -     -    1s
     0     0 13814.9392    0  255          - 13814.9392      -     -    1s
     0     0 13837.1539    0  283          - 13837.1539      -     -    1s
     0     0 13847.2197    0  251          - 13847.2197      -     -    1s
     0     0 13848.2228    0  269          - 13848.2228      -     -    1s
     0     0 13849.9196    0  271          - 13849.9196      -     -    1s
     0     0 13870.2736    0  293          - 13870.2736      -     -    1s
     0     0 13888.4201    0  258          - 13888.4201      -     -    1s
     0     0 13889.9736    0  270          - 13889.9736      -     -    1s
     0     0 13889.9755    0  275          - 13889.9755      -     -    1s
     0     0 14536.9099    0  322          - 14536.9099      -     -    1s
     0     0 14679.4878    0  322          - 14679.4878      -     -    1s
     0     0 14696.5912    0  323          - 14696.5912      -     -    1s
     0     0 14716.7153    0  326          - 14716.7153      -     -    1s
     0     0 14721.3339    0  327          - 14721.3339      -     -    1s
     0     0 14721.6656    0  325          - 14721.6656      -     -    1s
     0     0 14917.9021    0  399          - 14917.9021      -     -    2s
     0     0 15011.7079    0  395          - 15011.7079      -     -    2s
     0     0 15069.6308    0  402          - 15069.6308      -     -    2s
     0     0 15095.2828    0  398          - 15095.2828      -     -    2s
     0     0 15104.5131    0  406          - 15104.5131      -     -    2s
     0     0 15115.2018    0  424          - 15115.2018      -     -    2s
     0     0 15117.9893    0  417          - 15117.9893      -     -    2s
     0     0 15196.3314    0  396          - 15196.3314      -     -    3s
     0     0 15208.3682    0  426          - 15208.3682      -     -    3s
     0     0 15213.3064    0  440          - 15213.3064      -     -    3s
     0     0 15217.2451    0  468          - 15217.2451      -     -    3s
     0     0 15229.1691    0  447          - 15229.1691      -     -    3s
     0     0 15229.1691    0  443          - 15229.1691      -     -    4s
     0     2 15229.4126    0  427          - 15229.4126      -     -    4s
     5     8 15328.5146    2  399          - 15253.1072      -   694    5s
    89   103 15915.7617   21  280          - 15328.5221      -   458   10s
   552   588 18363.2700  167   13          - 15328.5221      -   127   15s
*  668   548             176    18331.380000 15364.2176  16.2%   113   16s
H  734   493                    17992.510000 15391.4637  14.5%   107   19s
   737   495 17978.8500  166  472 17992.5100 15403.1988  14.4%   106   20s
H  752   480                    17929.510000 15629.4060  12.8%   104   22s
   759   485 16990.7057   75  479 17929.5100 15637.1831  12.8%   103   26s
   762   490 15649.1262   13  475 17929.5100 15639.9351  12.8%   116   30s
   806   522 15865.2710   22  312 17929.5100 15710.2529  12.4%   136   35s
H  815   500                    17461.800000 15710.2529  10.0%   138   35s
H  882   531                    17076.670000 15710.2529  8.00%   144   39s
   908   561 16377.6548   45  107 17076.6700 15710.2529  8.00%   145   40s
H  943   547                    16953.600000 15710.2529  7.33%   143   40s
  1141   636 16675.1193  106  114 16953.6000 15710.2529  7.33%   138   45s
  1292   624 15979.0374   26  382 16953.6000 15718.1786  7.29%   138   50s
H 1335   619                    16911.370000 15718.1786  7.06%   146   53s
  1366   640 16461.1760   41  217 16911.3700 15718.1786  7.06%   147   55s
  1544   732 15893.2175   16  387 16911.3700 15718.4302  7.05%   144   61s
  1613   772 16586.9595   38  143 16911.3700 15718.4302  7.05%   153   65s
H 1656   749                    16884.030000 15718.4302  6.90%   153   67s
  1675   773 16089.3508   22  370 16884.0300 15725.2108  6.86%   160   70s
  1786   777 16187.4142   20  435 16884.0300 15741.5156  6.77%   162   75s
  1811   794 16569.0157   29  339 16884.0300 15752.4559  6.70%   167   80s
  1912   858     cutoff   65      16884.0300 15764.7126  6.63%   173   85s
  1957   910 16348.8098   26  202 16884.0300 15764.7126  6.63%   175   93s
H 1975   502                    16517.380000 15764.7126  4.56%   174   93s
  1995   480     cutoff   45      16517.3800 15766.1970  4.55%   173   95s
  2034   496 16512.5541   28  279 16517.3800 15775.6419  4.49%   182  100s
  2084   527 16127.5561   17  342 16517.3800 15786.5004  4.42%   187  105s
  2158   570 16404.0310   38  404 16517.3800 15791.9571  4.39%   193  111s
  2219   605     cutoff   34      16517.3800 15799.1980  4.35%   198  115s
  2287   651 16043.7053   24  344 16517.3800 15811.9155  4.27%   202  140s
  2355   690 16187.4753   28  372 16517.3800 15830.2564  4.16%   207  145s
  2471   742 16222.4858   22  388 16517.3800 15845.1915  4.07%   210  152s
  2504   763 15992.2005   23  451 16517.3800 15855.7186  4.01%   214  155s
  2556   795 16418.3919   24  264 16517.3800 15862.4930  3.96%   220  161s
  2656   851 16375.7385   30  374 16517.3800 15891.2842  3.79%   224  168s
  2701   863 16337.9367   25  367 16517.3800 15891.5551  3.79%   226  170s
  2750   890     cutoff   32      16517.3800 15893.6895  3.78%   230  177s
  2796   938 16253.1419   27  238 16517.3800 15894.3013  3.77%   233  198s
  2865   968     cutoff   36      16517.3800 15898.8692  3.74%   234  201s
* 2947   938              42    16506.880000 15902.5753  3.66%   234  202s
  2952   965 16153.5748   23  144 16506.8800 15906.8905  3.63%   235  205s
  3083  1008 16166.4103   16  483 16506.8800 15922.0676  3.54%   239  213s
  3118  1027 16407.6425   25  147 16506.8800 15925.0082  3.53%   243  217s
  3195  1044 16341.6919   20  480 16506.8800 15926.0709  3.52%   244  222s
  3237  1079 16291.9076   31  213 16506.8800 15936.5526  3.46%   248  226s
H 3267   942                    16449.030000 15936.9084  3.11%   249  226s
  3293   969 16389.1147   26  442 16449.0300 15937.4026  3.11%   250  231s
  3366  1007 16129.7537   25  138 16449.0300 15943.0768  3.08%   253  236s
  3450  1026 16289.4081   26  425 16449.0300 15955.6640  3.00%   254  242s
  3519  1033 16261.6149   15  389 16449.0300 15958.9063  2.98%   259  247s
  3562  1063 16345.8205   21  391 16449.0300 15960.7821  2.97%   262  252s
  3672  1088 16257.6995   21  418 16449.0300 15963.8730  2.95%   264  258s
  3719  1111 16326.4422   28  288 16449.0300 15979.0374  2.86%   266  264s
  3789  1173 16139.5413   22  356 16449.0300 15983.9527  2.83%   269  287s
  3917  1191 16079.6746   21  307 16449.0300 15991.9383  2.78%   269  293s
  3985  1245 16227.6778   22  382 16449.0300 15993.6431  2.77%   273  299s
  4109  1296     cutoff   30      16449.0300 16002.7377  2.71%   273  306s
  4225  1361 16244.6263   22  184 16449.0300 16007.3955  2.68%   274  313s
  4339  1407 16176.1628   26  287 16449.0300 16010.6550  2.67%   276  321s
  4443  1464 16426.6926   30  178 16449.0300 16013.2836  2.65%   277  328s
  4583  1515 16177.2988   18  407 16449.0300 16019.9458  2.61%   278  336s
  4694  1547     cutoff   38      16449.0300 16023.3328  2.59%   279  343s
  4799  1569     cutoff   25      16449.0300 16028.4843  2.56%   283  352s
  4945  1645 16189.6499   24  238 16449.0300 16036.1189  2.51%   283  361s
  5105  1688 16413.7133   29  201 16449.0300 16039.8605  2.49%   284  370s
  5251  1723 16292.1529   25  449 16449.0300 16047.7688  2.44%   286  379s
  5378  1745 16210.9598   17  400 16449.0300 16052.7684  2.41%   289  389s
  5504  1781     cutoff   25      16449.0300 16054.6075  2.40%   291  399s
  5636  1831     cutoff   30      16449.0300 16061.4323  2.36%   294  409s
  5782  1859     cutoff   27      16449.0300 16064.7167  2.34%   295  420s
  5927  1914 16270.9477   24  339 16449.0300 16070.0647  2.30%   298  430s
  6109  1981 16373.2362   29  278 16449.0300 16073.3961  2.28%   299  441s
  6325  2040 16224.5160   21  325 16449.0300 16083.9140  2.22%   298  452s
  6521  2080 16367.0663   25  349 16449.0300 16088.8085  2.19%   300  463s
  6664  2093 16370.4273   25  386 16449.0300 16092.4563  2.17%   301  474s
  6832  2145 16189.6647   26  433 16449.0300 16098.3995  2.13%   302  502s
  6950  2171 16436.7564   34  206 16449.0300 16102.0449  2.11%   303  513s
  7085  2231     cutoff   25      16449.0300 16104.7664  2.09%   305  524s
  7290  2278 16348.4084   31  226 16449.0300 16110.0612  2.06%   305  538s
  7516  2316     cutoff   23      16449.0300 16113.0698  2.04%   305  550s
  7696  2357 16384.7301   25  305 16449.0300 16118.0653  2.01%   308  563s
  7892  2394 16309.3476   23  431 16449.0300 16122.6254  1.98%   310  576s
  8077  2431     cutoff   23      16449.0300 16126.4877  1.96%   312  589s
  8294  2503 16377.7123   24  348 16449.0300 16129.4657  1.94%   312  603s
  8556  2535 16325.7029   19  308 16449.0300 16132.2602  1.93%   312  616s
  8770  2584 16264.9075   23  342 16449.0300 16136.1078  1.90%   313  630s
  8988  2622 16224.9967   22  438 16449.0300 16140.9012  1.87%   314  643s
  9188  2665 16374.6322   23  283 16449.0300 16146.3340  1.84%   315  657s
  9461  2706 16380.8465   20  255 16449.0300 16149.7627  1.82%   314  670s
  9693  2815 16327.9972   24  253 16449.0300 16152.0376  1.81%   315  684s
 10014  2896     cutoff   25      16449.0300 16154.4259  1.79%   313  698s
*10253  2834              38    16435.560000 16156.9784  1.69%   312  698s
 10265  2905 16427.5208   25  378 16435.5600 16157.7392  1.69%   313  711s
 10572  2951 16389.3624   19  388 16435.5600 16161.1055  1.67%   311  724s
 10820  2995 16321.5695   27  235 16435.5600 16163.3981  1.66%   311  737s
 11062  3056 16422.1474   30  240 16435.5600 16166.0887  1.64%   311  749s
 11153  3056 16430.3895   25  241 16435.5600 16168.1452  1.63%   311  750s
 11282  3070 16307.9325   26  324 16435.5600 16168.3039  1.63%   311  763s
H11374  2548                    16391.560000 16171.7658  1.34%   312  763s
 11489  2559 16241.2461   22  353 16391.5600 16171.9577  1.34%   312  775s
 11716  2585     cutoff   29      16391.5600 16174.2043  1.33%   313  789s
 11956  2598 16264.4595   30  171 16391.5600 16177.2615  1.31%   312  801s
 12148  2617     cutoff   25      16391.5600 16182.1327  1.28%   313  814s
 12412  2619 16325.0152   32  259 16391.5600 16187.1234  1.25%   313  826s
 12658  2620 16270.3540   28  188 16391.5600 16190.3087  1.23%   312  839s
 12875  2604     cutoff   30      16391.5600 16193.3955  1.21%   312  852s
 13148  2595 16386.3232   25  413 16391.5600 16198.4498  1.18%   312  865s
 13356  2588     cutoff   28      16391.5600 16201.2542  1.16%   313  877s
 13588  2594 16307.4067   19  504 16391.5600 16205.7585  1.13%   313  890s
 13836  2596 16360.7718   28  383 16391.5600 16208.0201  1.12%   313  902s
 14044  2607 16333.5334   22  367 16391.5600 16210.7901  1.10%   314  914s
 14303  2627 16350.4449   27  448 16391.5600 16214.9017  1.08%   313  927s
 14550  2625     cutoff   31      16391.5600 16217.1805  1.06%   313  939s
 14740  2635     cutoff   26      16391.5600 16220.8300  1.04%   313  952s
 15095  2661     cutoff   23      16391.5600 16224.2731  1.02%   311  965s
 15415  2641 16280.2598   25  282 16391.5600 16228.2046  1.00%   309  977s
 15646  2635 16317.5798   20  351 16391.5600 16231.7305  0.98%   310  988s
 15848  2657 16284.7054   19  362 16391.5600 16234.0839  0.96%   310  999s
 16027  2657     cutoff   25      16391.5600 16236.8474  0.94%   308 1000s
 16126  2697 16336.4509   22  307 16391.5600 16236.9778  0.94%   309 1012s
 16420  2689 16359.1885   24  285 16391.5600 16241.9458  0.91%   307 1024s
 16735  2665     cutoff   25      16391.5600 16245.5609  0.89%   306 1037s
 17019  2638 16334.0117   30  271 16391.5600 16249.5976  0.87%   305 1047s
 17240  2643     cutoff   24      16391.5600 16253.4166  0.84%   305 1057s
 17473  2618     cutoff   31      16391.5600 16255.6885  0.83%   304 1067s
 17684  2587     cutoff   17      16391.5600 16258.0216  0.81%   304 1077s
H17828  2534                    16387.380000 16258.0216  0.79%   303 1077s
 17947  2532 16314.4923   26  310 16387.3800 16261.0059  0.77%   302 1086s
 18168  2508 16377.3829   35  223 16387.3800 16263.8005  0.75%   302 1095s
 18359  2490 16348.1377   30  289 16387.3800 16265.7805  0.74%   301 1104s
 18578  2453     cutoff   23      16387.3800 16269.4263  0.72%   301 1114s
 18844  2403 16322.3004   26  331 16387.3800 16272.3155  0.70%   300 1123s
 19084  2367 16368.2371   25  309 16387.3800 16276.8129  0.67%   299 1132s
 19305  2321     cutoff   28      16387.3800 16279.8034  0.66%   298 1141s
 19522  2270     cutoff   27      16387.3800 16282.5022  0.64%   297 1151s
 19813  2241 16318.3303   30  154 16387.3800 16287.1125  0.61%   296 1160s
 20060  2178     cutoff   28      16387.3800 16290.0804  0.59%   295 1170s
 20355  2151 16328.9873   21  385 16387.3800 16294.4031  0.57%   294 1180s
 20686  2060     cutoff   21      16387.3800 16297.3807  0.55%   292 1189s
 20924  2016 16309.0988   27  199 16387.3800 16301.1029  0.53%   291 1198s
 21234  1940     cutoff   26      16387.3800 16304.8217  0.50%   289 1207s
 21627  1925     cutoff   32      16387.3800 16308.3644  0.48%   287 1216s
 21937  1897     cutoff   30      16387.3800 16311.8190  0.46%   285 1225s
 22203  1797     cutoff   25      16387.3800 16314.9641  0.44%   283 1234s
 22625  1741     cutoff   49      16387.3800 16318.8717  0.42%   281 1243s
 23156  1613 16383.3516   46   47 16387.3800 16323.3581  0.39%   276 1251s
 23538  1479     cutoff   40      16387.3800 16328.0114  0.36%   274 1259s
 23922  1362     cutoff   28      16387.3800 16332.4667  0.34%   271 1266s
 24289  1216     cutoff   39      16387.3800 16336.9632  0.31%   269 1275s
 24746  1038     cutoff   39      16387.3800 16341.0425  0.28%   266 1281s
 25119   843     cutoff   22      16387.3800 16345.9218  0.25%   263 1287s
*25387   783              54    16383.060000 16352.1070  0.19%   261 1287s
 25560   568     cutoff   47      16383.0600 16352.1302  0.19%   260 1293s
 26009   332     cutoff   24      16383.0600 16358.5386  0.15%   257 1298s
 26378    72     cutoff   25      16383.0600 16366.1708  0.10%   254 1301s

Cutting planes:
  User: 2206
  Gomory: 52
  Cover: 347
  Implied bound: 250
  Clique: 31
  MIR: 234
  StrongCG: 1
  Flow cover: 542
  GUB cover: 6
  Zero half: 20
  Network: 9
  RLT: 289
  Relax-and-lift: 7
  Lazy constraints: 230

Explored 26736 nodes (6715651 simplex iterations) in 1301.61 seconds
Thread count was 2 (of 32 available processors)

Solution count 10: 16383.1 16387.4 16391.6 ... 16953.6

Optimal solution found (tolerance 1.00e-04)
Best objective 1.638306000000e+04, best bound 1.638306000000e+04, gap 0.0000%

User-callback calls 134802, time in user-callback 93.86 sec
================================================================================
executing instance: ./input/Instances/Original/6/absH6high_1n20.dat
--------------------------------------------------------------------------------
Instance details
n	21
H	6
C	1651
Li:
[0, 0, 0, 0, 0, 0, 0, 0, 0, 0, 0, 0, 0, 0, 0, 0, 0, 0, 0, 0, 0, ]
Ui:
[0, 36, 182, 182, 90, 261, 117, 30, 110, 42, 276, 153, 40, 94, 144, 46, 129, 213, 264, 160, 174, ]
Distance matrix:
|0	371	401	343	361	341	370	115	392	400	79	266	292	245	355	431	265	194	95	92	348	|
|371	0	37	141	110	250	117	438	67	131	372	305	115	238	247	255	235	296	392	430	185	|
|401	37	0	175	100	284	146	472	90	156	406	342	152	275	280	282	242	333	415	455	178	|
|343	141	175	0	239	110	38	374	95	60	314	182	67	130	106	127	318	201	397	423	303	|
|361	110	100	239	0	341	222	451	177	240	385	374	190	304	341	361	151	345	354	398	78	|
|341	250	284	110	341	0	143	337	203	151	289	102	152	97	15	95	394	156	415	431	398	|
|370	117	146	38	222	143	0	407	61	30	346	220	81	167	137	139	317	237	417	447	292	|
|115	438	472	374	451	337	407	0	443	434	66	241	339	251	351	431	374	181	201	177	450	|
|392	67	90	95	177	203	61	443	0	66	379	275	104	216	197	193	294	283	427	461	252	|
|400	131	156	60	240	151	30	434	66	0	374	237	112	189	142	127	344	261	448	477	312	|
|79	372	406	314	385	289	346	66	379	374	0	202	275	197	304	383	316	134	175	166	388	|
|266	305	342	182	374	102	220	241	275	237	202	0	191	70	117	196	386	73	352	359	415	|
|292	115	152	67	190	152	81	339	104	112	275	191	0	123	154	193	252	183	336	366	246	|
|245	238	275	130	304	97	167	251	216	189	197	70	123	0	110	187	322	72	319	334	346	|
|355	247	280	106	341	15	137	351	197	142	304	117	154	110	0	80	399	171	427	444	400	|
|431	255	282	127	361	95	139	431	193	127	383	196	193	187	80	0	444	251	499	519	429	|
|265	235	242	318	151	394	317	374	294	344	316	386	252	322	399	444	0	332	226	273	97	|
|194	296	333	201	345	156	237	181	283	261	134	73	183	72	171	251	332	0	279	286	375	|
|95	392	415	397	354	415	417	201	427	448	175	352	336	319	427	499	226	279	0	47	321	|
|92	430	455	423	398	431	447	177	461	477	166	359	366	334	444	519	273	286	47	0	368	|
|348	185	178	303	78	398	292	450	252	312	388	415	246	346	400	429	97	375	321	368	0	|

--------------------------------------------------------------------------------
Building model...
	using lazy and cut (CVRPSEP package)
Solving IRP LP...
--------------------------------------------------------------------------------

Gurobi 9.1.0 (linux64) logging started Tue Feb 16 02:45:31 2021

Gurobi Optimizer version 9.1.0 build v9.1.0rc0 (linux64)
Thread count: 32 physical cores, 32 logical processors, using up to 2 threads
Optimize a model with 1047 rows, 3159 columns and 8295 nonzeros
Model fingerprint: 0x083c8e11
Variable types: 387 continuous, 2772 integer (252 binary)
Coefficient statistics:
  Matrix range     [1e+00, 8e+02]
  Objective range  [1e-01, 5e+02]
  Bounds range     [1e+00, 3e+02]
  RHS range        [1e+00, 3e+03]
Presolve removed 251 rows and 214 columns
Presolve time: 0.06s
Presolved: 796 rows, 2945 columns, 7327 nonzeros
Variable types: 299 continuous, 2646 integer (2412 binary)

Root relaxation: objective 1.255309e+04, 1100 iterations, 0.03 seconds

    Nodes    |    Current Node    |     Objective Bounds      |     Work
 Expl Unexpl |  Obj  Depth IntInf | Incumbent    BestBd   Gap | It/Node Time

     0     0 12553.0875    0  154          - 12553.0875      -     -    0s
     0     0 12775.5999    0  197          - 12775.5999      -     -    0s
     0     0 12789.1968    0  157          - 12789.1968      -     -    0s
     0     0 12791.9935    0  180          - 12791.9935      -     -    0s
     0     0 12846.9516    0  198          - 12846.9516      -     -    0s
     0     0 12871.7658    0  206          - 12871.7658      -     -    0s
     0     0 12875.0328    0  210          - 12875.0328      -     -    0s
     0     0 12875.8170    0  224          - 12875.8170      -     -    0s
     0     0 12875.8177    0  222          - 12875.8177      -     -    0s
     0     0 13248.5119    0  265          - 13248.5119      -     -    0s
     0     0 13414.0519    0  277          - 13414.0519      -     -    0s
     0     0 13429.5545    0  276          - 13429.5545      -     -    0s
     0     0 13436.9635    0  279          - 13436.9635      -     -    0s
     0     0 13454.8947    0  297          - 13454.8947      -     -    0s
     0     0 13457.5481    0  285          - 13457.5481      -     -    0s
     0     0 13457.7525    0  282          - 13457.7525      -     -    0s
     0     0 13658.7316    0  292          - 13658.7316      -     -    0s
     0     0 13691.6287    0  301          - 13691.6287      -     -    0s
     0     0 13760.6776    0  323          - 13760.6776      -     -    0s
     0     0 13764.1723    0  311          - 13764.1723      -     -    0s
     0     0 13765.7223    0  355          - 13765.7223      -     -    1s
     0     0 13767.3952    0  365          - 13767.3952      -     -    1s
     0     0 13767.3952    0  365          - 13767.3952      -     -    1s
     0     0 13828.4782    0  386          - 13828.4782      -     -    1s
     0     0 13834.7144    0  380          - 13834.7144      -     -    1s
     0     0 13835.0246    0  377          - 13835.0246      -     -    1s
     0     0 13863.6897    0  395          - 13863.6897      -     -    1s
     0     0 13895.5245    0  387          - 13895.5245      -     -    1s
     0     0 13922.9565    0  387          - 13922.9565      -     -    1s
     0     0 13931.6347    0  387          - 13931.6347      -     -    1s
     0     0 13939.3727    0  376          - 13939.3727      -     -    1s
     0     0 13943.2151    0  362          - 13943.2151      -     -    1s
     0     0 13950.6013    0  387          - 13950.6013      -     -    1s
     0     0 13956.6828    0  377          - 13956.6828      -     -    1s
     0     0 13959.3333    0  395          - 13959.3333      -     -    1s
     0     0 13959.5248    0  418          - 13959.5248      -     -    1s
     0     0 13990.8290    0  405          - 13990.8290      -     -    2s
     0     0 13993.1099    0  412          - 13993.1099      -     -    2s
     0     0 13997.2176    0  424          - 13997.2176      -     -    2s
     0     0 13997.2176    0  405          - 13997.2176      -     -    2s
     0     2 13998.1993    0  403          - 13998.1993      -     -    2s
    72    78 14287.9020   21  212          - 14025.7557      -   266    5s
   612   615 20101.0579  180   17          - 14086.7613      -  85.0   10s
   752   672 20118.1200  188  468          - 14101.9571      -  74.3   15s
   778   694 14164.0798   20  391          - 14115.9097      -  90.5   20s
   860   753 14905.4408   41  179          - 14115.9097      -   110   25s
  1054   897 15802.6344   95  122          - 14115.9097      -   114   30s
  1287  1113 17768.6430  160   42          - 14115.9097      -   111   35s
  1669  1262 14397.0120   19  346          - 14126.0175      -  94.6   40s
  1764  1297 14861.1124   31  302          - 14126.0175      -   103   46s
  1810  1334 14976.3576   39  294          - 14126.0175      -   109   50s
  1915  1413 15506.5340   58  227          - 14126.0175      -   114   55s
  1959  1457 15832.4477   62  109          - 14126.0175      -   114   60s
  2218  1800 16153.4895  101  149          - 14126.0175      -   106   65s
  2564  1774 14545.3970   22  371          - 14126.6889      -  97.5   70s
  2652  1852 15062.4805   51   45          - 14126.6889      -   103   76s
  2784  1918 15289.9930   40  207          - 14126.6889      -   107   80s
  2934  2137 14380.6433   21  368          - 14151.3765      -   106   85s
  3222  2391 14391.2981   22  376          - 14151.3765      -   102   91s
  3362  2430 15539.5936   37  327          - 14151.3765      -   104   95s
  3412  2538 16033.7322   49  250          - 14151.3765      -   106  100s
  3723  2892 14365.7815   21  376          - 14158.3991      -   103  107s
  3877  2919 14753.6865   29  369          - 14158.3991      -   103  111s
  3920  2967 14858.3760   35  329          - 14158.3991      -   106  116s
  3936  2979 14939.3199   39  319          - 14158.3991      -   108  120s
  4032  3216 15760.2079   50  291          - 14158.3991      -   110  127s
  4189  3332 15757.1065   58  279          - 14158.3991      -   108  130s
  4388  3440 16443.5898   79  107          - 14158.3991      -   108  135s
  4645  3699 20445.2902  165   16          - 14167.7185      -   108  141s
  4835  3881 14780.9754   28  287          - 14167.7185      -   108  148s
  4981  3918 14958.7776   33  303          - 14167.7185      -   108  151s
  5018  3986 15246.9370   41  256          - 14167.7185      -   110  156s
  5115  4207 16480.0373   81   26          - 14167.7185      -   111  160s
  5543  4439 14641.4118   22  400          - 14205.3482      -   108  166s
  5593  4524 15018.6272   29  336          - 14205.3482      -   110  172s
  5641  4581 15024.7897   42  349          - 14205.3482      -   111  175s
  5698  4852 15480.6733   50  233          - 14205.3482      -   112  213s
  6070  5153 15697.5511   69  161          - 14212.4850      -   108  219s
  6352  5175 19046.5400  189   10          - 14212.4850      -   105  220s
  6407  5243 14808.8003   29  325          - 14212.4850      -   107  225s
  6544  5445 14844.0810   36  362          - 14212.4850      -   109  234s
  6718  5527 15312.4133   49  235          - 14212.4850      -   109  237s
  6774  5643 15704.3097   66  188          - 14216.9773      -   110  241s
  6924  5935 15995.1534   96   21          - 14221.8861      -   110  246s
  7329  6101 16618.1314  101   67          - 14228.3613      -   107  281s
  7514  6225 15119.5885   31  228          - 14230.8561      -   107  287s
  7616  6287 17530.6473   86   52          - 14232.7640      -   107  291s
  7686  6377 14717.9025   23  417          - 14232.7640      -   109  296s
  7768  6479 15201.0424   29  336          - 14232.7640      -   110  302s
  7904  6688 15312.6268   40  303          - 14232.7640      -   110  308s
  8096  7041 15762.1217   59  204          - 14232.7640      -   110  316s
  8484  7257 16496.0179   73   55          - 14233.3718      -   108  341s
  8709  7411 14834.1913   26  374          - 14233.3718      -   108  347s
  8890  7508 15394.9872   44  368          - 14233.3718      -   109  352s
  8967  7869 16085.2362   72  198          - 14236.9871      -   110  360s
  9373  8060 14646.8702   17  439          - 14236.9871      -   108  367s
  9700  8231 15068.2736   29  391          - 14236.9871      -   106  373s
  9862  8310 15171.5149   32  382          - 14236.9871      -   107  377s
  9912  8420 15570.4366   38  300          - 14236.9871      -   108  383s
 10032  8621 16183.5450   58  142          - 14277.7196      -   109  389s
 10293  8710 14564.7717   23  362          - 14278.7793      -   108  394s
 10351  8984 15489.2666   47  128          - 14279.6911      -   109  402s
 10651  9109 14778.1879   25  363          - 14279.6911      -   109  408s
 10791  9169 15392.9432   39  338          - 14279.6911      -   109  413s
 10837  9346 16134.7209   55  195          - 14279.6911      -   110  418s
 11014  9676 17131.5003  135   76          - 14286.7001      -   110  424s
 11061  9680 18135.5584  156   10          - 14286.7001      -   109  425s
 11418  9860 15447.7081   36  307          - 14289.1804      -   108  433s
 11627  9909 16437.5266   61   65          - 14294.5049      -   108  437s
 11682 10025 15337.3104   29  365          - 14294.5049      -   109  442s
 11780 10262 15743.6070   51  205          - 14297.7092      -   110  449s
 11983 10283 17139.7134  118  122          - 14299.0086      -   109  460s
 12075 10379 16166.7253   57   59          - 14299.1314      -   109  465s
 12184 10447 15184.4851   27  348          - 14299.1314      -   110  470s
 12244 10757 15979.4856   48   83          - 14304.1902      -   111  477s
 12650 10862 16682.4500   74   40          - 14320.3438      -   109  483s
 12725 10928 15190.0707   29  354          - 14320.3438      -   110  488s
 12782 11217 15342.3296   42  273          - 14320.5632      -   111  495s
 13141 11359 16313.8997   67   28          - 14334.8975      -   110  501s
 13294 11426 15175.5217   30  385          - 14334.8975      -   111  506s
 13338 11613 15933.5857   46  147          - 14338.4581      -   111  512s
 13568 11743 16932.5633   79   26          - 14338.7393      -   111  518s
 13736 11850 15138.3157   27  321          - 14338.7939      -   111  523s
 13852 12009 15595.0913   50  169          - 14338.7939      -   112  529s
 13899 12012 16214.7413   69   47          - 14338.7939      -   112  530s
 14014 12183 16436.6663   67  116          - 14343.2289      -   112  536s
 14237 12272 16991.0095   83   54          - 14346.7984      -   112  541s
 14332 12380 15114.5294   24  419          - 14346.7984      -   112  547s
 14443 12487 15384.8126   32  343          - 14346.7984      -   113  552s
 14565 12632 15979.0885   70  114          - 14349.0602      -   113  559s
 14734 12723 17706.5806  117   44          - 14352.9404      -   113  564s
 14820 12905 15123.0437   27  327          - 14352.9404      -   114  571s
 15068 13043 16638.1300   71    -          - 14355.2035      -   114  577s
 15226 13122 16895.9067   71   81          - 14358.3263      -   114  583s
 15321 13216 17525.3695  111   50          - 14361.1993      -   114  588s
 15423 13346 15000.8659   28  408          - 14361.1993      -   115  595s
 15548 13457 15423.0602   45  261          - 14361.1993      -   115  601s
 15676 13724 16955.3040  105   71          - 14362.4893      -   115  609s
 15865 13753 19896.8700  188    2          - 14362.4893      -   114  610s
 16107 13887 15033.0664   27  375          - 14362.4893      -   114  616s
 16232 14033 15505.6083   50  142          - 14363.6421      -   114  622s
 16414 14209 16878.9204   83   59          - 14367.0960      -   114  629s
 16628 14365 14778.9888   24  404          - 14367.0960      -   113  635s
 16762 14575 15611.0213   41  235          - 14367.0960      -   114  642s
 17050 14763 16319.9824   71   18          - 14367.0960      -   113  650s
 17228 14988 17321.5035  132   51          - 14369.4158      -   113  658s
 17528 15086 15182.9629   28  366          - 14370.8816      -   113  665s
 17620 15248 15693.3844   39  253          - 14370.9064      -   113  672s
*17839 12968             125    18252.270000 14371.0942  21.3%   113  672s
H17854 12749                    18148.470000 14371.0942  20.8%   113  678s
H17887 12715                    18123.270000 14373.9266  20.7%   113  679s
 17890 12745     cutoff  106      18123.2700 14374.5397  20.7%   113  683s
 17923 12871 15266.3309   45  236 18123.2700 14374.6205  20.7%   114  690s
 18077 12902     cutoff  113      18123.2700 14376.5069  20.7%   114  695s
H18078 12725                    18048.270000 14376.5069  20.3%   114  695s
 18107 12875 15308.9509   38  243 18048.2700 14377.0032  20.3%   114  701s
 18279 12892     cutoff  115      18048.2700 14379.2053  20.3%   114  706s
H18293 12745                    17982.270000 14379.2053  20.0%   115  706s
 18306 12793 15239.6756   31  344 17982.2700 14379.3182  20.0%   115  712s
 18354 12898 15971.6345   45  204 17982.2700 14379.3182  20.0%   116  718s
 18469 12962 17086.2893   84  168 17982.2700 14380.2357  20.0%   116  725s
H18500 11575                    17547.510000 14381.2399  18.0%   116  726s
 18567 11613 15110.3036   28  422 17547.5100 14381.2399  18.0%   116  731s
 18613 11703 16089.5430   48  264 17547.5100 14382.0883  18.0%   117  737s
 18743 11730     cutoff  105      17547.5100 14388.3940  18.0%   117  743s
 18776 11766 14510.9159   29  430 17547.5100 14388.3940  18.0%   117  749s
 18832 11790 14665.8922   34  410 17547.5100 14388.3940  18.0%   118  754s
H18845 11654                    17514.520000 14388.3940  17.8%   119  754s
 18856 11739 14847.4480   39  380 17514.5200 14388.3940  17.8%   119  759s
 18941 11783 15014.4735   48  326 17514.5200 14388.3940  17.8%   119  775s
 18999 11993 15183.9623   61  229 17514.5200 14388.3940  17.8%   120  784s
 19259 12014 infeasible  148      17514.5200 14391.3118  17.8%   120  791s
 19278 12095 14987.8783   36  320 17514.5200 14391.3118  17.8%   120  797s
 19365 12133     cutoff  102      17514.5200 14391.3442  17.8%   120  805s
 19410 12289 15237.3924   30  350 17514.5200 14391.3442  17.8%   121  823s
 19596 12322 17050.2781   70   91 17514.5200 14392.9901  17.8%   120  830s
 19656 12386 15314.6986   29  384 17514.5200 14393.9918  17.8%   121  836s
H19718 12382                    17513.560000 14393.9918  17.8%   121  837s
 19736 12453 14801.8099   19  458 17513.5600 14393.9918  17.8%   122  844s
 19815 12473 14819.1253   20  472 17513.5600 14393.9918  17.8%   122  849s
 19836 12556 15188.6540   26  298 17513.5600 14393.9918  17.8%   122  856s
 19919 12585 15582.4901   36  364 17513.5600 14393.9918  17.8%   123  865s
 19965 12632 15724.2314   43  257 17513.5600 14393.9918  17.8%   123  870s
 20012 12734 16741.2046   58  198 17513.5600 14397.0127  17.8%   123  878s
 20167 12766 15491.7220   29  326 17513.5600 14397.0749  17.8%   124  885s
 20200 12831 16694.9375   49  143 17513.5600 14398.7210  17.8%   124  891s
 20282 12914     cutoff   80      17513.5600 14398.9175  17.8%   125  898s
 20392 13012 15328.6657   35  230 17513.5600 14399.9610  17.8%   125  906s
 20498 13056 17438.5300  110    - 17513.5600 14400.8005  17.8%   125  912s
 20542 13091 17509.3600  110    - 17513.5600 14403.0032  17.8%   126  918s
 20578 13192 14805.4910   32  308 17513.5600 14403.0032  17.8%   127  926s
 20726 13252 15350.2516   39  338 17513.5600 14403.0032  17.8%   127  932s
 20776 13387 16065.6958   55  191 17513.5600 14413.1479  17.7%   127  941s
H20934 13119                    17430.900000 14415.2305  17.3%   127  947s
 20968 13218 16017.4659   48  148 17430.9000 14418.9738  17.3%   128  954s
 21087 13239 17394.6633   80   57 17430.9000 14419.7864  17.3%   128  960s
 21110 13339 15605.2875   31  369 17430.9000 14419.7864  17.3%   129  967s
 21234 13374 17256.2326   95  124 17430.9000 14421.3601  17.3%   129  973s
 21283 13491 15404.3441   37  307 17430.9000 14425.5042  17.2%   129  982s
 21446 13521     cutoff  105      17430.9000 14426.1982  17.2%   130  988s
