




arguments: ./build/bc_mirp -f ./input/orig_exec_52.cfg
Current dir: /scratch/gui/bc_mirp
File verbosity level: 9
date       time         ( uptime  ) [ thread name/id ]                   file:line     v| 
2021-02-06 20:19:48.783 (   0.108s) [main thread     ]             loguru.cpp:789   INFO| Logging to './output/vi_vc+hc1_quarter/OU/V2/Original/execution_06_02_2021_20_19_48.log', mode: 'a', verbosity: 9
--------------------------------------------------------------------------------
Parameters
                           instance_path           ./input/Instances/Original/2/
                            model_policy                                       1
                             nb_vehicles                                       2
                              output_dir./output/vi_vc+hc1_quarter/OU/V2/Original/
                            sec_strategy                                       1
                       solver_nb_threads                                       2
                         solver_show_log                                    true
                       solver_time_limit                                    3600
                              use_vi_cos                                   false
                              use_vi_cus                                   false
                         use_vi_hc1_full                                   false
                         use_vi_hc1_half                                   false
                      use_vi_hc1_quarter                                    true
                              use_vi_hc2                                   false
                              use_vi_hc3                                   false
                         use_vi_lex_full                                   false
                         use_vi_lex_half                                   false
                      use_vi_lex_quarter                                   false
                              use_vi_qua                                   false
                               use_vi_vc                                    true
                               use_vi_vr                                   false
--------------------------------------------------------------------------------
executing instance: ./input/Instances/Original/2/absH3high_3n40.dat
--------------------------------------------------------------------------------
Instance details
n	41
H	3
C	3283
Li:
[0, 0, 0, 0, 0, 0, 0, 0, 0, 0, 0, 0, 0, 0, 0, 0, 0, 0, 0, 0, 0, 0, 0, 0, 0, 0, 0, 0, 0, 0, 0, 0, 0, 0, 0, 0, 0, 0, 0, 0, 0, ]
Ui:
[0, 63, 111, 99, 96, 111, 282, 122, 156, 261, 42, 192, 126, 42, 162, 207, 159, 122, 102, 190, 118, 102, 132, 102, 165, 252, 66, 52, 22, 114, 210, 176, 116, 294, 78, 152, 210, 45, 130, 198, 174, ]
Distance matrix:
|0	208	225	252	227	143	258	127	267	150	28	83	163	286	57	149	201	137	214	255	70	73	107	186	328	266	249	343	222	177	293	144	262	215	167	120	169	218	143	173	255	|
|208	0	397	355	416	198	216	99	211	275	193	172	97	166	240	225	362	109	277	314	182	216	273	374	298	208	319	161	14	103	93	120	58	196	152	156	372	227	260	218	453	|
|225	397	0	427	53	364	482	343	492	129	253	225	382	386	171	188	39	291	187	195	295	182	282	55	326	491	180	551	408	315	457	366	455	275	392	244	221	439	341	214	101	|
|252	355	427	0	401	158	201	263	219	396	234	328	259	498	299	400	420	354	465	506	205	324	152	374	574	219	499	393	366	389	446	235	378	456	205	359	224	150	111	423	400	|
|227	416	53	401	0	357	477	352	489	165	253	245	389	424	179	223	85	315	234	245	293	200	264	42	375	488	231	565	428	344	484	370	474	314	392	270	184	430	325	252	50	|
|143	198	364	158	357	0	121	105	134	290	116	196	103	342	200	276	343	205	343	385	74	210	112	319	432	133	382	265	209	237	290	78	226	313	57	220	232	75	69	292	375	|
|258	216	482	201	477	121	0	168	18	397	230	293	135	381	314	372	459	275	437	480	188	317	228	439	501	18	479	197	222	296	290	132	212	386	95	306	347	58	173	381	496	|
|127	99	343	263	352	105	168	0	171	239	105	130	40	237	173	206	313	109	270	312	84	164	175	310	337	169	313	216	112	135	192	37	142	220	77	138	280	155	162	213	382	|
|267	211	492	219	489	134	18	171	0	404	240	298	136	376	323	376	468	276	441	483	198	324	243	450	500	2	483	181	215	294	281	136	202	386	102	309	363	75	189	384	509	|
|150	275	129	396	165	290	397	239	404	0	175	110	279	259	97	59	91	166	84	116	217	80	245	130	226	402	106	434	286	187	329	269	333	149	302	119	244	364	291	87	213	|
|28	193	253	234	253	116	230	105	240	175	0	94	139	286	84	167	229	136	234	275	43	96	98	212	341	238	271	320	206	175	281	118	244	225	140	128	180	191	124	189	280	|
|83	172	225	328	245	196	293	130	298	110	94	0	169	209	77	80	191	71	147	189	127	45	189	203	247	296	187	327	184	106	241	162	230	132	198	38	242	266	217	96	285	|
|163	97	382	259	389	103	135	40	136	279	139	169	0	253	212	244	353	141	307	349	110	203	194	347	366	133	350	183	107	161	187	27	124	251	56	175	306	133	169	249	418	|
|286	166	386	498	424	342	381	237	376	259	286	209	253	0	284	201	347	151	210	230	299	247	383	387	155	374	242	290	162	112	129	270	192	113	308	172	451	386	391	172	471	|
|57	240	171	299	179	200	314	173	323	97	84	77	212	284	0	112	145	147	170	208	127	38	148	137	299	321	201	386	253	183	315	195	297	195	222	112	171	275	195	142	214	|
|149	225	188	400	223	276	372	206	376	59	167	80	244	201	112	0	149	117	67	110	205	78	254	186	187	374	108	387	235	132	272	240	283	93	277	71	279	346	291	32	270	|
|201	362	39	420	85	343	459	313	468	91	229	191	353	347	145	149	0	254	149	160	272	150	271	66	290	466	146	518	373	278	419	339	420	235	367	207	227	418	327	175	135	|
|137	109	291	354	315	205	275	109	276	166	136	71	141	151	147	117	254	0	172	212	151	116	232	273	229	274	215	270	119	39	170	145	167	111	186	47	305	263	245	113	356	|
|214	277	187	465	234	343	437	270	441	84	234	147	307	210	170	67	149	172	0	42	272	141	317	205	144	439	43	437	284	175	307	305	331	99	343	132	327	413	357	60	283	|
|255	314	195	506	245	385	480	312	483	116	275	189	349	230	208	110	160	212	42	0	314	182	356	222	132	481	15	474	321	212	337	347	367	126	385	174	358	455	398	100	295	|
|70	182	295	205	293	74	188	84	198	217	43	127	110	299	127	205	272	151	272	314	0	137	91	253	370	196	310	292	195	188	274	85	226	252	99	155	197	148	94	223	316	|
|73	216	182	324	200	210	317	164	324	80	96	45	203	247	38	78	150	116	141	182	137	0	176	158	263	323	176	369	229	150	286	191	274	157	223	77	208	284	216	106	239	|
|107	273	282	152	264	112	228	175	243	245	98	189	194	383	148	254	271	232	317	356	91	176	0	231	435	242	349	371	286	271	365	167	315	321	164	224	120	174	61	280	274	|
|186	374	55	374	42	319	439	310	450	130	212	203	347	387	137	186	66	273	205	222	253	158	231	0	348	448	208	523	386	303	442	329	431	279	352	229	167	392	291	217	85	|
|328	298	326	574	375	432	501	337	500	226	341	247	366	155	299	187	290	229	144	132	370	263	435	348	0	498	147	441	299	206	283	374	338	119	414	215	465	492	463	157	425	|
|266	208	491	219	488	133	18	169	2	402	238	296	133	374	321	374	466	274	439	481	196	323	242	448	498	0	481	180	213	292	278	134	200	384	100	307	362	75	188	381	508	|
|249	319	180	499	231	382	479	313	483	106	271	187	350	242	201	108	146	215	43	15	310	176	349	208	147	481	0	480	326	217	346	347	373	135	385	175	347	454	392	103	280	|
|343	161	551	393	565	265	197	216	181	434	320	327	183	290	386	387	518	270	437	474	292	369	371	523	441	180	480	0	153	263	163	207	107	352	208	317	487	244	334	379	598	|
|222	14	408	366	428	209	222	112	215	286	206	184	107	162	253	235	373	119	284	321	195	229	286	386	299	213	326	153	0	109	81	132	48	201	162	167	386	236	272	226	466	|
|177	103	315	389	344	237	296	135	294	187	175	106	161	112	183	132	278	39	175	212	188	150	271	303	206	292	217	263	109	0	142	171	156	95	211	74	344	289	281	118	386	|
|293	93	457	446	484	290	290	192	281	329	281	241	187	129	315	272	419	170	307	337	274	286	365	442	283	278	346	163	81	142	0	212	79	211	241	214	461	311	353	254	525	|
|144	120	366	235	370	78	132	37	136	269	118	162	27	270	195	240	339	145	305	347	85	191	167	329	374	134	347	207	132	171	212	0	151	257	40	174	280	119	142	248	398	|
|262	58	455	378	474	226	212	142	202	333	244	230	124	192	297	283	420	167	331	367	226	274	315	431	338	200	373	107	48	156	79	151	0	245	173	214	421	237	293	273	510	|
|215	196	275	456	314	313	386	220	386	149	225	132	251	113	195	93	235	111	99	126	252	157	321	279	119	384	135	352	201	95	211	257	245	0	297	97	365	374	345	62	362	|
|167	152	392	205	392	57	95	77	102	302	140	198	56	308	222	277	367	186	343	385	99	223	164	352	414	100	385	208	162	211	241	40	173	297	0	213	283	79	126	287	415	|
|120	156	244	359	270	220	306	138	309	119	128	38	175	172	112	71	207	47	132	174	155	77	224	229	215	307	175	317	167	74	214	174	214	97	213	0	280	286	248	75	313	|
|169	372	221	224	184	232	347	280	363	244	180	242	306	451	171	279	227	305	327	358	197	208	120	167	465	362	347	487	386	344	461	280	421	365	283	280	0	291	175	310	176	|
|218	227	439	150	430	75	58	155	75	364	191	266	133	386	275	346	418	263	413	455	148	284	174	392	492	75	454	244	236	289	311	119	237	374	79	286	291	0	116	359	445	|
|143	260	341	111	325	69	173	162	189	291	124	217	169	391	195	291	327	245	357	398	94	216	61	291	463	188	392	334	272	281	353	142	293	345	126	248	175	116	0	313	335	|
|173	218	214	423	252	292	381	213	384	87	189	96	249	172	142	32	175	113	60	100	223	106	280	217	157	381	103	379	226	118	254	248	273	62	287	75	310	359	313	0	300	|
|255	453	101	400	50	375	496	382	509	213	280	285	418	471	214	270	135	356	283	295	316	239	274	85	425	508	280	598	466	386	525	398	510	362	415	313	176	445	335	300	0	|

--------------------------------------------------------------------------------
Building model...
	using lazy and cut (CVRPSEP package)
Solving IRP LP...
--------------------------------------------------------------------------------

Gurobi 9.1.0 (linux64) logging started Sat Feb  6 20:19:48 2021

Gurobi Optimizer version 9.1.0 build v9.1.0rc0 (linux64)
Thread count: 32 physical cores, 32 logical processors, using up to 2 threads
Optimize a model with 1049 rows, 5570 columns and 13163 nonzeros
Model fingerprint: 0x573a085d
Variable types: 404 continuous, 5166 integer (246 binary)
Coefficient statistics:
  Matrix range     [1e+00, 2e+03]
  Objective range  [1e-01, 6e+02]
  Bounds range     [1e+00, 3e+02]
  RHS range        [1e+00, 6e+03]
Presolve removed 336 rows and 288 columns
Presolve time: 0.09s
Presolved: 713 rows, 5282 columns, 11946 nonzeros
Variable types: 239 continuous, 5043 integer (4806 binary)

Root relaxation: objective 1.221742e+04, 589 iterations, 0.01 seconds

    Nodes    |    Current Node    |     Objective Bounds      |     Work
 Expl Unexpl |  Obj  Depth IntInf | Incumbent    BestBd   Gap | It/Node Time

     0     0 12217.4220    0  107          - 12217.4220      -     -    0s
     0     0 12681.9360    0  112          - 12681.9360      -     -    0s
     0     0 13238.6918    0  148          - 13238.6918      -     -    0s
     0     0 13492.7331    0  144          - 13492.7331      -     -    0s
     0     0 13499.1578    0  166          - 13499.1578      -     -    0s
     0     0 13506.2592    0  194          - 13506.2592      -     -    0s
     0     0 13511.1700    0  212          - 13511.1700      -     -    0s
     0     0 13524.8375    0  161          - 13524.8375      -     -    0s
     0     0 13527.9243    0  175          - 13527.9243      -     -    0s
     0     0 13528.1192    0  179          - 13528.1192      -     -    0s
     0     0 13627.5341    0  254          - 13627.5341      -     -    0s
     0     0 13677.1325    0  267          - 13677.1325      -     -    1s
     0     0 13680.7311    0  291          - 13680.7311      -     -    1s
     0     0 13681.2055    0  292          - 13681.2055      -     -    1s
     0     0 13702.2444    0  259          - 13702.2444      -     -    1s
     0     0 13710.0051    0  292          - 13710.0051      -     -    1s
     0     0 13712.6853    0  264          - 13712.6853      -     -    1s
     0     0 13719.4397    0  305          - 13719.4397      -     -    1s
     0     0 13719.4397    0  305          - 13719.4397      -     -    2s
     0     2 13729.8881    0  303          - 13729.8881      -     -    2s
    77    84 14003.9539   19  200          - 13761.1110      -   147    5s
   468   432 14003.0632   10  214          - 13762.8384      -  84.0   10s
   793   748 13827.0819   13  305          - 13762.8384      -  83.2   15s
   825   769 14351.9452   44  408          - 13856.5994      -  79.9   20s
H  828   731                    15208.330000 13856.6700  8.89%  79.6   21s
H  828   694                    15008.990000 13856.6700  7.68%  79.6   24s
   830   699 13870.9537   14  384 15008.9900 13870.2423  7.59%  85.2   26s
   857   717 13981.8239   21  309 15008.9900 13897.2468  7.41%  92.5   30s
H  916   722                    14911.040000 13897.2468  6.80%   103   33s
   942   743 14329.8640   40   68 14911.0400 13897.2468  6.80%   106   35s
* 1043   775              72    14656.830000 13897.2468  5.18%   107   38s
  1112   765 14585.9130   77  118 14656.8300 13897.2468  5.18%   106   40s
H 1131   699                    14529.830000 13897.2798  4.35%   106   41s
  1181   718 14102.0760   30  311 14529.8300 13897.2798  4.35%   112   45s
H 1274   732                    14525.940000 13897.2798  4.33%   115   50s
  1369   786 14273.2019   37  238 14525.9400 13949.8689  3.97%   121   55s
  1483   829 14100.5915   21  319 14525.9400 13955.6429  3.93%   124   60s
  1612   879 14154.6001   26  142 14525.9400 13958.3045  3.91%   128   65s
H 1689   832                    14508.940000 13963.1736  3.76%   128   69s
H 1700   754                    14471.190000 13963.1736  3.51%   129   69s
  1702   769 14268.4194   32  216 14471.1900 13963.1736  3.51%   129   70s
  1802   801 14166.3126   21  332 14471.1900 13985.5796  3.36%   132   76s
  1874   815 14299.2908   29  194 14471.1900 13985.5796  3.36%   133   80s
  1983   878 14299.7185   27  270 14471.1900 13988.8304  3.33%   133   86s
  2061   873 14273.0226   23  274 14471.1900 13993.7862  3.30%   134   90s
  2156   906 14265.9677   27  341 14471.1900 13999.8108  3.26%   139   95s
  2227   932 14437.9786   25  279 14471.1900 14004.0012  3.23%   142  100s
  2424  1039 14083.2979   21  297 14471.1900 14027.4500  3.07%   141  107s
  2475  1081 14270.3697   38   84 14471.1900 14027.6350  3.07%   141  110s
  2610  1153 14417.4225   29  220 14471.1900 14028.0360  3.06%   142  116s
  2705  1210 14439.4175   31   94 14471.1900 14029.6057  3.05%   144  121s
  2806  1252     cutoff   37      14471.1900 14032.4866  3.03%   146  125s
  2865  1295 14433.7472   39  158 14471.1900 14036.8617  3.00%   148  131s
  2937  1320 14453.3653   27  263 14471.1900 14038.3453  2.99%   149  135s
  3118  1454 14381.2408   31  108 14471.1900 14041.2947  2.97%   149  143s
  3229  1497 14356.8907   35  252 14471.1900 14045.6106  2.94%   149  147s
  3303  1542 14239.5490   25  169 14471.1900 14048.9590  2.92%   150  151s
  3393  1569 14211.3921   26  159 14471.1900 14053.0956  2.89%   151  155s
  3551  1760 14398.9009   51  154 14471.1900 14056.2336  2.87%   151  164s
  3720  1840 14142.6730   22  332 14471.1900 14064.1830  2.81%   150  169s
  3838  1896 14380.7354   31  124 14471.1900 14064.9529  2.81%   150  174s
  3952  1966 14424.9447   28  194 14471.1900 14069.3132  2.78%   150  179s
  4057  1966 14389.4011   41  148 14471.1900 14069.6434  2.77%   151  180s
  4083  2011 14295.1752   19  282 14471.1900 14070.2162  2.77%   151  185s
  4148  2068 14388.0875   31   67 14471.1900 14070.8696  2.77%   153  190s
  4285  2219 14243.0534   30  197 14471.1900 14071.3868  2.76%   153  196s
  4507  2295 14251.1946   30   77 14471.1900 14073.9249  2.75%   151  203s
  4632  2437 14433.9888   46   47 14471.1900 14075.9657  2.73%   152  209s
  4708  2439 14464.3629   75   21 14471.1900 14075.9657  2.73%   151  210s
  4809  2491     cutoff   80      14471.1900 14076.8965  2.72%   151  219s
H 4835  1627                    14356.490000 14076.8965  1.95%   151  220s
  4898  1646 14144.5723   19  324 14356.4900 14081.0482  1.92%   150  226s
  5008  1693 14271.7117   26   61 14356.4900 14084.2218  1.90%   151  233s
  5158  1764 14303.0860   45  193 14356.4900 14086.7669  1.88%   152  239s
  5245  1765 14189.4097   20  212 14356.4900 14090.3943  1.85%   152  240s
  5312  1833 14309.9451   28  252 14356.4900 14090.4059  1.85%   153  246s
  5462  1907 14264.8145   27  329 14356.4900 14092.7803  1.84%   154  254s
  5670  1974 14330.8907   22  233 14356.4900 14096.4947  1.81%   154  261s
  5876  2027 14291.8086   27  250 14356.4900 14099.7550  1.79%   154  270s
  6016  2086 14344.3819   36  121 14356.4900 14101.7749  1.77%   155  278s
  6167  2157 14220.9082   32  191 14356.4900 14103.3142  1.76%   157  286s
  6366  2232 14217.7281   27  182 14356.4900 14105.5157  1.75%   157  294s
  6557  2232 14247.9802   38   23 14356.4900 14108.1423  1.73%   157  295s
  6562  2327 14344.8941   30  119 14356.4900 14109.9628  1.72%   157  303s
  6819  2357 14351.4017   51   44 14356.4900 14115.3266  1.68%   157  332s
H 6897  2312                    14349.490000 14117.3798  1.62%   157  332s
  6963  2409 14172.8160   31  207 14349.4900 14117.4541  1.62%   158  340s
  7186  2527 14258.3625   33  131 14349.4900 14119.4514  1.60%   158  349s
  7372  2527 14323.0867   32  110 14349.4900 14120.5428  1.60%   158  350s
  7425  2597     cutoff   31      14349.4900 14121.2586  1.59%   157  358s
  7637  2732 14201.2172   25  184 14349.4900 14123.9109  1.57%   158  368s
  7936  2845 14322.9530   52   89 14349.4900 14125.4933  1.56%   157  377s
  8205  2951     cutoff   26      14349.4900 14128.9870  1.54%   157  387s
  8499  3029 14322.2304   28  188 14349.4900 14131.9580  1.52%   156  396s
  8745  3086 14335.0447   30  159 14349.4900 14136.6589  1.48%   156  406s
  8946  3126 14263.2502   22  268 14349.4900 14139.8988  1.46%   157  414s
  9152  3202 infeasible   31      14349.4900 14142.5768  1.44%   157  423s
  9392  3260     cutoff   26      14349.4900 14144.3923  1.43%   158  432s
  9603  3350 14310.9573   32  152 14349.4900 14145.7243  1.42%   158  441s
  9843  3428     cutoff   48      14349.4900 14147.1147  1.41%   158  450s
 10081  3497 14323.0582   37  273 14349.4900 14149.9483  1.39%   158  458s
 10321  3630 14278.0294   33  133 14349.4900 14152.7100  1.37%   158  468s
 10618  3801     cutoff   26      14349.4900 14155.0098  1.36%   158  477s
 10950  3852 14334.7600   44    8 14349.4900 14156.6647  1.34%   156  487s
*11141  3881              47    14347.740000 14159.8408  1.31%   157  496s
 11392  3947 infeasible   38      14347.7400 14161.1767  1.30%   157  504s
 11590  4051     cutoff   28      14347.7400 14163.9606  1.28%   157  513s
 11857  4078 14297.8118   35  274 14347.7400 14165.0903  1.27%   157  522s
 12061  4173 14230.8106   40  136 14347.7400 14167.3251  1.26%   157  530s
 12313  4213 14328.0135   35  116 14347.7400 14169.3920  1.24%   157  539s
 12509  4213 14294.2531   30  230 14347.7400 14170.1318  1.24%   157  540s
 12517  4378 14264.8334   39  107 14347.7400 14171.0964  1.23%   157  548s
 12859  4444 14311.2908   28  345 14347.7400 14173.3269  1.22%   156  556s
 13063  4541 14293.5846   39   83 14347.7400 14175.1233  1.20%   156  566s
 13393  4680     cutoff   29      14347.7400 14176.6061  1.19%   155  575s
 13730  4758 14210.7262   28  229 14347.7400 14178.9080  1.18%   154  584s
 13974  4772 14277.9937   43  101 14347.7400 14180.5483  1.17%   154  594s
 14034  4810 14311.8625   36   49 14347.7400 14180.9744  1.16%   154  602s
H14194  4715                    14339.740000 14181.7983  1.10%   153  602s
 14272  4778 14331.5415   33  135 14339.7400 14181.8285  1.10%   154  611s
 14507  4866     cutoff   36      14339.7400 14182.9756  1.09%   154  621s
 14779  4931     cutoff   39      14339.7400 14184.2540  1.08%   153  631s
 14999  4982     cutoff   30      14339.7400 14185.5056  1.08%   153  640s
 15192  5031 14291.0188   33  295 14339.7400 14187.4838  1.06%   153  648s
 15412  5093 infeasible   31      14339.7400 14188.4936  1.05%   153  657s
 15674  5141 14321.8582   42   10 14339.7400 14189.4793  1.05%   153  666s
 15870  5170 14334.1400   43    - 14339.7400 14189.9238  1.04%   153  675s
 16088  5230     cutoff   43      14339.7400 14191.0072  1.04%   154  684s
 16364  5280 14222.2464   28  161 14339.7400 14192.2653  1.03%   153  692s
 16558  5332 14241.9007   25  164 14339.7400 14193.5368  1.02%   153  700s
 16789  5341 14262.1852   27  334 14339.7400 14195.1435  1.01%   153  709s
 16948  5423 14226.5616   31  251 14339.7400 14196.3797  1.00%   153  718s
 17234  5489     cutoff   43      14339.7400 14197.2178  0.99%   153  727s
 17470  5519 14256.8689   28  114 14339.7400 14197.8945  0.99%   153  737s
 17672  5560 14227.3852   29  300 14339.7400 14199.5102  0.98%   153  746s
 17926  5613     cutoff   42      14339.7400 14200.3370  0.97%   153  755s
 18182  5639     cutoff   42      14339.7400 14200.9207  0.97%   153  763s
 18412  5677 14317.0876   33  250 14339.7400 14202.4889  0.96%   153  772s
 18653  5743 14236.5399   32  212 14339.7400 14203.8770  0.95%   153  780s
 18944  5778     cutoff   27      14339.7400 14205.4110  0.94%   153  789s
 19032  5779 14258.6548   27  200 14339.7400 14205.4110  0.94%   152  790s
 19181  5839 14337.0100   43    - 14339.7400 14206.5361  0.93%   152  798s
 19439  5868 14318.0299   36  220 14339.7400 14207.9385  0.92%   152  807s
 19673  5894     cutoff   41      14339.7400 14209.1527  0.91%   152  816s
 19893  5932     cutoff   33      14339.7400 14210.3003  0.90%   152  825s
 20117  5981 14267.0550   35   95 14339.7400 14211.2079  0.90%   152  835s
 20389  6016     cutoff   33      14339.7400 14212.3990  0.89%   152  845s
 20611  6041     cutoff   30      14339.7400 14213.4505  0.88%   152  856s
 20874  6056     cutoff   41      14339.7400 14214.4448  0.87%   152  865s
 21118  6067 14271.6167   43   96 14339.7400 14215.7028  0.86%   152  874s
 21349  6131     cutoff   28      14339.7400 14216.5174  0.86%   152  883s
 21628  6185     cutoff   34      14339.7400 14217.3446  0.85%   152  892s
 21934  6251 14300.2883   36  197 14339.7400 14217.8402  0.85%   152  901s
 22225  6297     cutoff   38      14339.7400 14218.8572  0.84%   152  911s
 22492  6336 14261.5167   33  211 14339.7400 14219.9137  0.84%   152  920s
 22728  6349 14327.9302   32   96 14339.7400 14220.5118  0.83%   152  929s
 23018  6372     cutoff   35      14339.7400 14221.4603  0.82%   151  937s
 23263  6426     cutoff   36      14339.7400 14222.6736  0.82%   151  946s
 23545  6494 14288.2906   31   66 14339.7400 14223.6257  0.81%   151  956s
 23870  6512     cutoff   42      14339.7400 14224.3432  0.80%   151  965s
 24174  6525 14266.7979   28  178 14339.7400 14225.2270  0.80%   151  974s
 24396  6525 14283.4991   32  147 14339.7400 14226.3982  0.79%   151  975s
 24450  6536 14317.2971   31  144 14339.7400 14226.4156  0.79%   150  984s
 24712  6586 14326.0110   30  263 14339.7400 14227.0179  0.79%   150  992s
 24972  6574     cutoff   37      14339.7400 14227.8693  0.78%   150 1001s
 25199  6637     cutoff   37      14339.7400 14228.7242  0.77%   151 1011s
 25546  6652     cutoff   40      14339.7400 14229.7121  0.77%   150 1021s
 25813  6665 14277.7873   33  209 14339.7400 14230.5710  0.76%   150 1030s
 26041  6669 14316.9819   36  116 14339.7400 14231.2592  0.76%   150 1038s
 26305  6696     cutoff   47      14339.7400 14232.6672  0.75%   150 1047s
 26603  6726 14273.1333   30  120 14339.7400 14233.7766  0.74%   150 1057s
 26885  6727 14336.0404   36  287 14339.7400 14234.5091  0.73%   150 1073s
 26976  6737 14313.5717   33   98 14339.7400 14234.7972  0.73%   150 1082s
 27251  6747     cutoff   27      14339.7400 14235.8317  0.72%   150 1091s
 27562  6779 14297.1242   36  109 14339.7400 14236.4101  0.72%   150 1101s
 27860  6835 14337.2100   38    - 14339.7400 14237.2347  0.71%   150 1111s
 28235  6844     cutoff   38      14339.7400 14238.0799  0.71%   149 1122s
 28534  6871     cutoff   38      14339.7400 14238.6986  0.70%   149 1132s
 28890  6894 14274.9320   29  356 14339.7400 14239.4634  0.70%   149 1141s
 29133  6912 14288.0003   38  186 14339.7400 14240.1757  0.69%   149 1151s
 29456  6947 14303.2565   34  272 14339.7400 14240.9557  0.69%   149 1162s
 29807  6947 14284.6959   32  239 14339.7400 14241.7198  0.68%   148 1171s
*29947  6903              52    14337.490000 14241.7198  0.67%   148 1172s
 30127  6914     cutoff   29      14337.4900 14242.5474  0.66%   148 1181s
 30399  6931     cutoff   38      14337.4900 14243.5883  0.65%   148 1191s
 30725  6901 14335.2900   50    - 14337.4900 14244.7265  0.65%   148 1202s
 31059  6923     cutoff   50      14337.4900 14245.5775  0.64%   148 1211s
 31321  6942 14323.3932   41  141 14337.4900 14246.1723  0.64%   148 1220s
 31631  6932 14332.8000   46    - 14337.4900 14246.9915  0.63%   147 1230s
 31905  6929     cutoff   46      14337.4900 14247.7755  0.63%   147 1240s
 32248  6917 14328.9710   27  158 14337.4900 14248.8147  0.62%   147 1250s
 32488  6921     cutoff   43      14337.4900 14249.2306  0.62%   147 1260s
 32803  6922 14319.9495   41  136 14337.4900 14249.8840  0.61%   147 1270s
 33078  6914 14316.8338   38  192 14337.4900 14250.5863  0.61%   147 1281s
 33364  6914     cutoff   30      14337.4900 14251.2898  0.60%   147 1332s
 33583  6873 14309.4828   47  143 14337.4900 14251.8293  0.60%   147 1350s
 34116  6848     cutoff   38      14337.4900 14253.3518  0.59%   147 1365s
 34539  6823 14292.5711   36  166 14337.4900 14254.7336  0.58%   147 1378s
 34924  6795 14281.0039   47   85 14337.4900 14255.5582  0.57%   147 1390s
 35308  6770 14312.5009   33   64 14337.4900 14256.4839  0.56%   146 1403s
 35630  6737 14298.3672   55   68 14337.4900 14257.1365  0.56%   146 1415s
 35993  6712     cutoff   35      14337.4900 14258.2862  0.55%   146 1427s
 36378  6676     cutoff   31      14337.4900 14259.1023  0.55%   146 1437s
 36719  6636 14297.5571   30  149 14337.4900 14260.3880  0.54%   146 1448s
 37015  6583     cutoff   46      14337.4900 14261.1468  0.53%   146 1459s
 37326  6546 14319.5703   35  106 14337.4900 14262.1781  0.53%   146 1469s
 37481  6548 14317.2394   33  114 14337.4900 14262.1781  0.53%   146 1470s
*37638  6473              49    14336.750000 14262.9796  0.51%   145 1480s
 37937  6439     cutoff   29      14336.7500 14263.9136  0.51%   145 1490s
 38262  6376     cutoff   30      14336.7500 14264.7769  0.50%   145 1500s
 38533  6362 14333.7798   29  110 14336.7500 14265.5865  0.50%   145 1511s
 38913  6327     cutoff   45      14336.7500 14266.2005  0.49%   145 1521s
 39214  6262 14295.6218   40  179 14336.7500 14266.9871  0.49%   145 1531s
 39472  6218     cutoff   31      14336.7500 14267.6471  0.48%   145 1542s
 39771  6186     cutoff   43      14336.7500 14268.5438  0.48%   145 1553s
 40104  6098     cutoff   29      14336.7500 14269.4046  0.47%   145 1563s
 40411  6041     cutoff   43      14336.7500 14270.5000  0.46%   145 1574s
 40710  5971     cutoff   34      14336.7500 14271.4073  0.46%   145 1584s
 40992  5888 14319.6136   40  188 14336.7500 14272.3187  0.45%   145 1595s
 41332  5819 14326.5745   45  168 14336.7500 14273.3363  0.44%   145 1606s
 41728  5725     cutoff   33      14336.7500 14274.5277  0.43%   144 1617s
*41895  5670              45    14334.450000 14275.5973  0.41%   144 1617s
 42072  5576     cutoff   43      14334.4500 14275.5973  0.41%   144 1628s
 42435  5472     cutoff   46      14334.4500 14276.5105  0.40%   144 1639s
 42848  5343 14313.7005   28  328 14334.4500 14277.6106  0.40%   144 1650s
 43250  5242 14298.5890   33  252 14334.4500 14278.5779  0.39%   143 1661s
 43630  5132     cutoff   44      14334.4500 14279.6158  0.38%   143 1672s
 44109  5040 14325.8286   34  180 14334.4500 14280.9084  0.37%   143 1684s
 44466  5041 14328.5538   35  131 14334.4500 14281.9994  0.37%   142 1685s
 44536  4940     cutoff   47      14334.4500 14282.0157  0.37%   142 1696s
 44888  4795     cutoff   38      14334.4500 14283.2085  0.36%   142 1706s
 45236  4663     cutoff   34      14334.4500 14284.4954  0.35%   142 1718s
*45256  4607              48    14332.490000 14284.4954  0.33%   142 1718s
 45634  4434     cutoff   35      14332.4900 14285.8885  0.33%   142 1729s
 45994  4434 14312.6437   44   43 14332.4900 14287.3660  0.31%   141 1730s
 46008  4249 14306.4728   33   56 14332.4900 14287.3776  0.31%   141 1742s
 46446  4071 14331.7057   42   29 14332.4900 14288.8406  0.30%   141 1753s
 46896  3868     cutoff   30      14332.4900 14290.5414  0.29%   141 1764s
 47050  3868 14308.0192   37  114 14332.4900 14290.5414  0.29%   141 1765s
 47373  3647     cutoff   39      14332.4900 14292.2188  0.28%   140 1779s
 47524  3650 14306.9339   40   70 14332.4900 14292.2188  0.28%   140 1780s
 47915  3391     cutoff   45      14332.4900 14294.1124  0.27%   140 1791s
 48400  3109     cutoff   47      14332.4900 14296.0331  0.25%   139 1801s
 48917  2799     cutoff   44      14332.4900 14298.1387  0.24%   138 1813s
 49550  2459     cutoff   46      14332.4900 14300.3684  0.22%   138 1824s
 50035  2092     cutoff   43      14332.4900 14302.9336  0.21%   137 1834s
 50565  1715     cutoff   48      14332.4900 14305.6125  0.19%   136 1844s
*50904  1681              42    14331.170000 14306.6008  0.17%   136 1844s
 51096  1226     cutoff   31      14331.1700 14308.6066  0.16%   136 1852s
 51621   728     cutoff   43      14331.1700 14312.9112  0.13%   135 1859s
 52153   179 14321.9351   43   52 14331.1700 14317.8660  0.09%   134 1865s

Cutting planes:
  User: 1579
  Gomory: 20
  Cover: 237
  Implied bound: 72
  Clique: 25
  MIR: 91
  StrongCG: 4
  Flow cover: 253
  Zero half: 41
  RLT: 178
  Relax-and-lift: 5
  Lazy constraints: 2116

Explored 52905 nodes (6998953 simplex iterations) in 1866.49 seconds
Thread count was 2 (of 32 available processors)

Solution count 10: 14331.2 14332.5 14334.4 ... 14471.2

Optimal solution found (tolerance 1.00e-04)
Best objective 1.433117000000e+04, best bound 1.433117000000e+04, gap 0.0000%

User-callback calls 198115, time in user-callback 114.35 sec
================================================================================
executing instance: ./input/Instances/Original/2/absH3high_4n10.dat
--------------------------------------------------------------------------------
Instance details
n	11
H	3
C	822
Li:
[0, 0, 0, 0, 0, 0, 0, 0, 0, 0, 0, ]
Ui:
[0, 102, 52, 88, 182, 153, 138, 38, 165, 297, 86, ]
Distance matrix:
|0	285	411	382	327	239	148	256	307	36	383	|
|285	0	352	98	249	103	227	235	120	268	209	|
|411	352	0	395	106	430	263	549	234	429	174	|
|382	98	395	0	302	173	320	288	168	364	227	|
|327	249	106	302	0	324	179	444	135	339	109	|
|239	103	430	173	324	0	241	132	212	212	305	|
|148	227	263	320	179	241	0	325	192	165	249	|
|256	235	549	288	444	132	325	0	342	220	436	|
|307	120	234	168	135	212	192	342	0	304	94	|
|36	268	429	364	339	212	165	220	304	0	386	|
|383	209	174	227	109	305	249	436	94	386	0	|

--------------------------------------------------------------------------------
Building model...
	using lazy and cut (CVRPSEP package)
Solving IRP LP...
--------------------------------------------------------------------------------

Gurobi 9.1.0 (linux64) logging started Sat Feb  6 20:50:55 2021

Gurobi Optimizer version 9.1.0 build v9.1.0rc0 (linux64)
Thread count: 32 physical cores, 32 logical processors, using up to 2 threads
Optimize a model with 275 rows, 500 columns and 1481 nonzeros
Model fingerprint: 0x81d2fef7
Variable types: 104 continuous, 396 integer (66 binary)
Coefficient statistics:
  Matrix range     [1e+00, 4e+02]
  Objective range  [2e-01, 5e+02]
  Bounds range     [1e+00, 3e+02]
  RHS range        [1e+00, 1e+03]
Presolve removed 100 rows and 81 columns
Presolve time: 0.01s
Presolved: 175 rows, 419 columns, 1132 nonzeros
Variable types: 56 continuous, 363 integer (306 binary)
Found heuristic solution: objective 8081.0900000

Root relaxation: objective 3.740135e+03, 223 iterations, 0.00 seconds

    Nodes    |    Current Node    |     Objective Bounds      |     Work
 Expl Unexpl |  Obj  Depth IntInf | Incumbent    BestBd   Gap | It/Node Time

     0     0 3740.13526    0   51 8081.09000 3740.13526  53.7%     -    0s
     0     0 3940.56953    0   56 8081.09000 3940.56953  51.2%     -    0s
H    0     0                    7641.4200000 3940.56953  48.4%     -    0s
H    0     0                    5887.9600000 3940.56953  33.1%     -    0s
     0     0 3958.32256    0   49 5887.96000 3958.32256  32.8%     -    0s
     0     0 3959.78676    0   55 5887.96000 3959.78676  32.7%     -    0s
     0     0 4046.28782    0   45 5887.96000 4046.28782  31.3%     -    0s
     0     0 4083.89400    0   56 5887.96000 4083.89400  30.6%     -    0s
     0     0 4089.61415    0   78 5887.96000 4089.61415  30.5%     -    0s
     0     0 4109.39628    0   70 5887.96000 4109.39628  30.2%     -    0s
     0     0 4130.64408    0   77 5887.96000 4130.64408  29.8%     -    0s
     0     0 4151.25115    0   82 5887.96000 4151.25115  29.5%     -    0s
     0     0 4151.35275    0   83 5887.96000 4151.35275  29.5%     -    0s
     0     0 4176.85132    0   69 5887.96000 4176.85132  29.1%     -    0s
H    0     0                    5843.7700000 4176.85132  28.5%     -    0s
     0     0 4212.96298    0   84 5843.77000 4212.96298  27.9%     -    0s
     0     0 4216.96191    0   65 5843.77000 4216.96191  27.8%     -    0s
     0     0 4220.76639    0   58 5843.77000 4220.76639  27.8%     -    0s
     0     0 4229.68805    0   90 5843.77000 4229.68805  27.6%     -    0s
     0     0 4229.98303    0   91 5843.77000 4229.98303  27.6%     -    0s
     0     0 4231.58535    0   75 5843.77000 4231.58535  27.6%     -    0s
     0     0 4234.11418    0   76 5843.77000 4234.11418  27.5%     -    0s
     0     0 4237.44055    0   83 5843.77000 4237.44055  27.5%     -    0s
     0     0 4237.70639    0   65 5843.77000 4237.70639  27.5%     -    0s
     0     0 4238.62174    0   66 5843.77000 4238.62174  27.5%     -    0s
H    0     0                    5747.7700000 4238.62174  26.3%     -    0s
     0     0 4238.76553    0   67 5747.77000 4238.76553  26.3%     -    0s
     0     0 4238.76553    0   67 5747.77000 4238.76553  26.3%     -    0s
H    0     0                    5604.3300000 4238.76553  24.4%     -    0s
H    0     0                    5600.2300000 4280.82296  23.6%     -    0s
H    0     2                    5581.2300000 4280.82296  23.3%     -    0s
     0     2 4280.82296    0   67 5581.23000 4280.82296  23.3%     -    0s
H   31    35                    5354.3300000 4359.76363  18.6%  48.1    0s
H  103    74                    5249.9600000 4454.93807  15.1%  30.7    0s
H  137    97                    5129.5000000 4457.03350  13.1%  33.8    1s
*  519   188              20    5088.2300000 4643.38249  8.74%  30.4    2s
*  574   183              11    5077.6600000 4654.81245  8.33%  30.2    2s
H  762   195                    5048.8300000 4713.32045  6.65%  31.1    2s
* 1362   110              14    5034.9600000 4908.55984  2.51%  30.1    4s
H 1417    72                    5031.0000000 4933.63117  1.94%  29.7    4s

Cutting planes:
  User: 419
  Gomory: 4
  Cover: 74
  Implied bound: 26
  Clique: 8
  MIR: 22
  Flow cover: 51
  RLT: 42
  Relax-and-lift: 2
  Lazy constraints: 97

Explored 1559 nodes (45076 simplex iterations) in 4.47 seconds
Thread count was 2 (of 32 available processors)

Solution count 10: 5031 5034.96 5048.83 ... 5600.23

Optimal solution found (tolerance 1.00e-04)
Best objective 5.031000000000e+03, best bound 5.031000000000e+03, gap 0.0000%

User-callback calls 3798, time in user-callback 0.44 sec
================================================================================
executing instance: ./input/Instances/Original/2/absH3high_3n20.dat
--------------------------------------------------------------------------------
Instance details
n	21
H	3
C	1536
Li:
[0, 0, 0, 0, 0, 0, 0, 0, 0, 0, 0, 0, 0, 0, 0, 0, 0, 0, 0, 0, 0, ]
Ui:
[0, 48, 207, 156, 294, 207, 297, 54, 114, 90, 228, 132, 84, 64, 51, 153, 60, 39, 195, 82, 130, ]
Distance matrix:
|0	41	141	324	154	98	307	402	160	217	284	269	188	233	54	185	307	149	286	276	103	|
|41	0	114	285	184	88	285	385	200	197	251	230	189	270	48	205	295	160	245	241	62	|
|141	114	0	200	208	193	353	459	269	275	289	154	129	371	160	192	380	136	205	267	88	|
|324	285	200	0	406	330	386	484	467	344	286	57	299	555	318	380	442	327	114	255	226	|
|154	184	208	406	0	250	460	553	101	370	436	361	136	247	208	63	455	87	405	425	232	|
|98	88	193	330	250	0	211	304	232	121	204	273	276	249	44	283	210	244	259	204	113	|
|307	285	353	386	460	211	0	106	436	90	104	342	467	407	253	490	72	445	275	134	269	|
|402	385	459	484	553	304	106	0	517	188	198	443	570	463	348	587	102	545	371	229	373	|
|160	200	269	467	101	232	436	517	0	349	434	417	231	148	200	163	415	179	444	431	261	|
|217	197	275	344	370	121	90	188	349	0	111	293	382	335	163	400	106	357	244	128	187	|
|284	251	289	286	436	204	104	198	434	111	0	246	413	441	235	452	170	401	173	31	214	|
|269	230	154	57	361	273	342	443	417	293	246	0	266	500	261	342	393	286	85	215	170	|
|188	189	129	299	136	276	467	570	231	382	413	266	0	368	233	88	483	53	330	394	201	|
|233	270	371	555	247	249	407	463	148	335	441	500	368	0	242	310	364	316	504	448	330	|
|54	48	160	318	208	44	253	348	200	163	235	261	233	242	0	239	254	200	262	230	92	|
|185	205	192	380	63	283	490	587	163	400	452	342	88	310	239	0	492	56	397	438	240	|
|307	295	380	442	455	210	72	102	415	106	170	393	483	364	254	492	0	453	334	198	293	|
|149	160	136	327	87	244	445	545	179	357	401	286	53	316	200	56	453	0	341	385	188	|
|286	245	205	114	405	259	275	371	444	244	173	85	330	504	262	397	334	341	0	142	183	|
|276	241	267	255	425	204	134	229	431	128	31	215	394	448	230	438	198	385	142	0	198	|
|103	62	88	226	232	113	269	373	261	187	214	170	201	330	92	240	293	188	183	198	0	|

--------------------------------------------------------------------------------
Building model...
	using lazy and cut (CVRPSEP package)
Solving IRP LP...
--------------------------------------------------------------------------------

Gurobi 9.1.0 (linux64) logging started Sat Feb  6 20:51:00 2021

Gurobi Optimizer version 9.1.0 build v9.1.0rc0 (linux64)
Thread count: 32 physical cores, 32 logical processors, using up to 2 threads
Optimize a model with 534 rows, 1590 columns and 4158 nonzeros
Model fingerprint: 0x1eeab0ee
Variable types: 204 continuous, 1386 integer (126 binary)
Coefficient statistics:
  Matrix range     [1e+00, 8e+02]
  Objective range  [1e-01, 6e+02]
  Bounds range     [1e+00, 3e+02]
  RHS range        [1e+00, 3e+03]
Presolve removed 176 rows and 148 columns
Presolve time: 0.03s
Presolved: 358 rows, 1442 columns, 3526 nonzeros
Variable types: 119 continuous, 1323 integer (1206 binary)

Root relaxation: objective 6.642733e+03, 340 iterations, 0.01 seconds

    Nodes    |    Current Node    |     Objective Bounds      |     Work
 Expl Unexpl |  Obj  Depth IntInf | Incumbent    BestBd   Gap | It/Node Time

     0     0 6642.73329    0   56          - 6642.73329      -     -    0s
     0     0 6919.69704    0   53          - 6919.69704      -     -    0s
     0     0 7272.47740    0   97          - 7272.47740      -     -    0s
     0     0 7306.15750    0  110          - 7306.15750      -     -    0s
     0     0 7318.08476    0  116          - 7318.08476      -     -    0s
     0     0 7332.22193    0  118          - 7332.22193      -     -    0s
     0     0 7332.22193    0  118          - 7332.22193      -     -    0s
     0     0 7460.19088    0  124          - 7460.19088      -     -    0s
     0     0 7465.53986    0  130          - 7465.53986      -     -    0s
     0     0 7465.70568    0  142          - 7465.70568      -     -    0s
     0     0 7524.50115    0  163          - 7524.50115      -     -    0s
     0     0 7530.90686    0  175          - 7530.90686      -     -    0s
     0     0 7532.23733    0  171          - 7532.23733      -     -    0s
     0     0 7582.95873    0  155          - 7582.95873      -     -    0s
     0     0 7600.46790    0  176          - 7600.46790      -     -    0s
