




arguments: ./build/mirp_solver -f ./input/orig_exec_25.cfg
Current dir: /scratch/gui/bnc_mirp
File verbosity level: 9
date       time         ( uptime  ) [ thread name/id ]                   file:line     v| 
2021-01-09 02:29:32.458 (   0.262s) [main thread     ]             loguru.cpp:789   INFO| Logging to './output/vi_lex_half/OU/V3/Original/execution_09_01_2021_02_29_32.log', mode: 'a', verbosity: 9
--------------------------------------------------------------------------------
Parameters
                           instance_path           ./input/Instances/Original/1/
                            model_policy                                       1
                             nb_vehicles                                       3
                              output_dir    ./output/vi_lex_half/OU/V3/Original/
                            sec_strategy                                       1
                       solver_nb_threads                                       2
                         solver_show_log                                    true
                       solver_time_limit                                    3600
                              use_vi_cos                                   false
                              use_vi_cus                                   false
                         use_vi_hc1_full                                   false
                         use_vi_hc1_half                                   false
                      use_vi_hc1_quarter                                   false
                              use_vi_hc2                                   false
                              use_vi_hc3                                   false
                         use_vi_lex_full                                   false
                         use_vi_lex_half                                    true
                      use_vi_lex_quarter                                   false
                              use_vi_qua                                   false
                               use_vi_vc                                   false
                               use_vi_vr                                   false
--------------------------------------------------------------------------------
executing instance: ./input/Instances/Original/1/absH3high_1n5.dat
--------------------------------------------------------------------------------
Instance details
n	6
H	3
C	289
Li:
[0, 0, 0, 0, 0, 0, ]
Ui:
[0, 195, 105, 116, 72, 22, ]
Distance matrix:
|0	85	349	17	203	289	|
|85	0	265	102	214	226	|
|349	265	0	366	368	238	|
|17	102	366	0	207	302	|
|203	214	368	207	0	431	|
|289	226	238	302	431	0	|

--------------------------------------------------------------------------------
Building model...
	using lazy and cut (CVRPSEP package)
Solving IRP LP...
--------------------------------------------------------------------------------

Gurobi 9.1.0 (linux64) logging started Sat Jan  9 02:29:32 2021

Gurobi Optimizer version 9.1.0 build v9.1.0rc0 (linux64)
Thread count: 32 physical cores, 32 logical processors, using up to 2 threads
Optimize a model with 171 rows, 258 columns and 849 nonzeros
Model fingerprint: 0x1f02e7ef
Variable types: 69 continuous, 189 integer (54 binary)
Coefficient statistics:
  Matrix range     [1e+00, 2e+02]
  Objective range  [2e-01, 4e+02]
  Bounds range     [1e+00, 2e+02]
  RHS range        [1e+01, 5e+02]
Presolve removed 40 rows and 36 columns
Presolve time: 0.01s
Presolved: 131 rows, 222 columns, 650 nonzeros
Variable types: 51 continuous, 171 integer (128 binary)
Found heuristic solution: objective 3315.7500000

Root relaxation: objective 1.702923e+03, 207 iterations, 0.00 seconds

    Nodes    |    Current Node    |     Objective Bounds      |     Work
 Expl Unexpl |  Obj  Depth IntInf | Incumbent    BestBd   Gap | It/Node Time

     0     0 1702.92263    0   25 3315.75000 1702.92263  48.6%     -    0s
     0     0 1908.15597    0   30 3315.75000 1908.15597  42.5%     -    0s
H    0     0                    2486.3500000 1908.15597  23.3%     -    0s
     0     0 2125.00163    0   39 2486.35000 2125.00163  14.5%     -    0s
     0     0 2242.01356    0   37 2486.35000 2242.01356  9.83%     -    0s
     0     0 2304.82028    0   35 2486.35000 2304.82028  7.30%     -    0s
     0     0 2309.54983    0   40 2486.35000 2309.54983  7.11%     -    0s
     0     0 2309.54983    0   46 2486.35000 2309.54983  7.11%     -    0s
     0     0 2325.57334    0   61 2486.35000 2325.57334  6.47%     -    0s
     0     0 2326.62453    0   65 2486.35000 2326.62453  6.42%     -    0s
     0     0 2327.16852    0   63 2486.35000 2327.16852  6.40%     -    0s
     0     0 2327.26431    0   63 2486.35000 2327.26431  6.40%     -    0s
     0     0 2353.05309    0   42 2486.35000 2353.05309  5.36%     -    0s
H    0     0                    2414.0300000 2353.05309  2.53%     -    0s
     0     0 2362.34036    0   47 2414.03000 2362.34036  2.14%     -    0s
     0     0 2368.43741    0   32 2414.03000 2368.43741  1.89%     -    0s
     0     0 2392.69739    0   38 2414.03000 2392.69739  0.88%     -    0s
     0     0     cutoff    0      2414.03000 2414.03000  0.00%     -    0s

Explored 1 nodes (786 simplex iterations) in 0.12 seconds
Thread count was 2 (of 32 available processors)

Solution count 3: 2414.03 2486.35 3315.75 

Optimal solution found (tolerance 1.00e-04)
Best objective 2.414030000000e+03, best bound 2.414030000000e+03, gap 0.0000%

User-callback calls 190, time in user-callback 0.01 sec
================================================================================
executing instance: ./input/Instances/Original/1/absH3high_1n45.dat
--------------------------------------------------------------------------------
Instance details
n	46
H	3
C	3462
Li:
[0, 0, 0, 0, 0, 0, 0, 0, 0, 0, 0, 0, 0, 0, 0, 0, 0, 0, 0, 0, 0, 0, 0, 0, 0, 0, 0, 0, 0, 0, 0, 0, 0, 0, 0, 0, 0, 0, 0, 0, 0, 0, 0, 0, 0, 0, ]
Ui:
[0, 273, 270, 36, 165, 192, 148, 45, 30, 75, 180, 198, 112, 117, 90, 64, 180, 22, 264, 174, 168, 270, 86, 66, 26, 66, 237, 156, 92, 108, 144, 72, 30, 45, 94, 54, 174, 96, 198, 136, 44, 180, 210, 249, 198, 48, ]
Distance matrix:
|0	281	201	160	249	201	93	431	236	139	252	136	116	166	390	110	349	374	303	180	327	464	236	70	44	461	346	439	363	254	312	426	305	206	71	137	169	200	247	260	20	219	256	253	460	278	|
|281	0	448	170	53	142	338	184	121	290	371	390	222	302	111	289	169	434	230	177	238	441	59	212	319	211	86	235	399	306	53	176	99	202	263	157	361	101	370	201	264	344	364	374	469	184	|
|201	448	0	285	430	325	114	556	361	171	191	64	228	174	546	294	453	306	364	289	388	435	393	254	157	585	491	536	318	254	490	554	436	407	266	292	108	388	186	337	207	181	205	190	408	364	|
|160	170	285	0	169	43	182	280	80	120	208	231	58	132	262	230	190	294	151	24	174	345	112	107	183	309	207	280	268	158	219	276	155	235	187	45	192	150	205	107	140	177	202	210	356	119	|
|249	53	430	169	0	152	317	238	145	282	377	369	212	299	157	242	215	452	261	183	273	474	76	181	290	264	140	287	421	320	63	229	145	148	221	142	352	53	374	226	234	346	370	378	498	215	|
|201	142	325	43	152	0	224	237	37	156	230	273	101	164	224	261	148	300	127	38	147	333	83	142	225	266	167	238	270	168	193	233	112	246	221	70	228	148	228	84	180	202	222	232	351	87	|
|93	338	114	182	317	224	0	460	262	92	180	52	124	112	440	199	364	307	292	191	317	415	284	140	57	490	387	452	304	208	377	457	336	297	163	181	84	274	175	256	95	152	188	180	402	280	|
|431	184	556	280	238	237	460	0	199	385	420	508	337	385	108	464	110	429	219	269	206	378	202	365	460	30	98	84	388	340	204	9	126	386	432	294	453	283	421	226	411	404	408	423	422	198	|
|236	121	361	80	145	37	262	199	0	191	255	310	138	197	191	290	114	312	118	72	133	330	69	175	262	229	132	204	279	186	174	195	75	258	251	102	262	153	254	81	216	230	246	257	353	72	|
|139	290	171	120	282	156	92	385	191	0	116	129	71	27	380	246	283	235	201	119	226	329	231	141	129	414	323	367	224	119	336	383	266	308	202	141	72	252	112	169	127	82	118	117	322	195	|
|252	371	191	208	377	230	180	420	255	116	0	187	178	90	443	361	311	127	204	195	224	246	313	257	232	446	382	380	129	81	423	421	320	422	318	242	100	355	5	195	241	34	15	2	225	224	|
|136	390	64	231	369	273	52	508	310	129	187	0	173	141	491	233	409	313	330	239	355	431	335	191	93	538	438	495	316	233	429	505	385	342	203	233	88	325	182	297	143	167	199	187	412	323	|
|116	222	228	58	212	101	124	337	138	71	178	173	0	91	319	206	244	284	187	69	212	357	165	85	130	367	265	333	264	151	267	333	213	244	161	70	140	181	175	145	97	145	177	180	359	165	|
|166	302	174	132	299	164	112	385	197	27	90	141	91	0	388	273	280	208	191	127	215	305	243	167	153	413	329	361	198	96	351	383	270	333	229	159	68	272	86	163	153	56	92	91	296	190	|
|390	111	546	262	157	224	440	108	191	380	443	491	319	388	0	399	164	480	264	261	261	456	156	320	426	125	62	186	442	369	107	99	125	300	374	260	452	210	443	252	372	420	433	446	494	227	|
|110	289	294	230	242	261	199	464	290	246	361	233	206	273	399	0	402	480	382	254	404	562	262	124	143	493	369	490	466	355	302	457	344	135	45	191	279	189	356	337	120	328	364	362	563	348	|
|349	169	453	190	215	148	364	110	114	283	311	409	244	280	164	402	0	324	110	174	101	292	151	289	372	135	109	90	284	230	212	111	70	354	364	216	348	245	312	118	329	295	298	313	330	90	|
|374	434	306	294	452	300	307	429	312	235	127	313	284	208	480	480	324	0	216	274	223	137	380	368	357	448	419	367	40	136	487	432	358	525	436	336	227	443	132	234	361	156	119	127	102	255	|
|303	230	364	151	261	127	292	219	118	201	204	330	187	191	264	382	110	216	0	128	25	213	185	258	314	243	203	176	178	123	282	221	144	372	338	193	256	270	206	45	283	193	191	206	239	46	|
|180	177	289	24	183	38	191	269	72	119	195	239	69	127	261	254	174	274	128	0	151	321	118	130	198	299	204	263	246	139	228	266	147	258	211	68	191	169	193	83	159	166	188	197	333	98	|
|327	238	388	174	273	147	317	206	133	226	224	355	212	215	261	404	101	223	25	151	0	203	198	281	339	228	202	156	184	143	288	209	146	390	362	215	280	286	226	68	308	215	210	226	235	61	|
|464	441	435	345	474	333	415	378	330	329	246	431	357	305	456	562	292	137	213	321	203	0	398	440	458	390	400	301	117	211	492	384	348	578	517	389	344	480	251	251	448	265	233	246	54	259	|
|236	59	393	112	76	83	284	202	69	231	313	335	165	243	156	262	151	380	185	118	198	398	0	167	270	231	110	233	347	250	110	195	85	203	230	103	303	95	311	150	217	284	305	315	422	139	|
|70	212	254	107	181	142	140	365	175	141	257	191	85	167	320	124	289	368	258	130	281	440	167	0	109	394	277	378	349	236	244	359	239	167	81	73	196	135	253	213	53	223	257	258	444	226	|
|44	319	157	183	290	225	57	460	262	129	232	93	130	153	426	143	372	357	314	198	339	458	270	109	0	490	379	462	351	247	353	456	334	250	110	168	140	243	226	274	56	201	238	232	449	294	|
|461	211	585	309	264	266	490	30	229	414	446	538	367	413	125	493	135	448	243	299	228	390	231	394	490	0	125	89	408	365	226	36	156	412	462	324	481	311	447	253	441	430	433	448	436	225	|
|346	86	491	207	140	167	387	98	132	323	382	438	265	329	62	369	109	419	203	204	202	400	110	277	379	125	0	155	381	307	113	90	63	288	339	211	394	186	382	190	327	359	371	384	436	165	|
|439	235	536	280	287	238	452	84	204	367	380	495	333	361	186	490	90	367	176	263	156	301	233	378	462	89	155	0	326	299	267	92	148	432	454	306	429	325	382	199	419	369	366	382	348	172	|
|363	399	318	268	421	270	304	388	279	224	129	316	264	198	442	466	284	40	178	246	184	117	347	349	351	408	381	326	0	113	452	391	321	502	422	311	229	415	134	199	348	152	118	130	98	219	|
|254	306	254	158	320	168	208	340	186	119	81	233	151	96	369	355	230	136	123	139	143	211	250	236	247	365	307	299	113	0	359	340	244	390	310	200	148	308	83	117	238	74	68	83	208	145	|
|312	53	490	219	63	193	377	204	174	336	423	429	267	351	107	302	212	487	282	228	288	492	110	244	353	226	113	267	452	359	0	195	145	194	283	199	407	115	421	254	296	394	415	425	521	237	|
|426	176	554	276	229	233	457	9	195	383	421	505	333	383	99	457	111	432	221	266	209	384	195	359	456	36	90	92	391	340	195	0	122	378	426	289	451	275	421	226	406	404	408	423	427	197	|
|305	99	436	155	145	112	336	126	75	266	320	385	213	270	125	344	70	358	144	147	146	348	85	239	334	156	63	148	321	244	145	122	0	286	310	168	336	177	320	128	285	298	309	322	381	103	|
|206	202	407	235	148	246	297	386	258	308	422	342	244	333	300	135	354	525	372	258	390	578	203	167	250	412	288	432	502	390	194	378	286	0	144	191	362	109	418	329	202	388	421	423	591	329	|
|71	263	266	187	221	221	163	432	251	202	318	203	161	229	374	45	364	436	338	211	362	517	230	81	110	462	339	454	422	310	283	426	310	144	0	150	239	168	313	294	77	285	321	319	518	306	|
|137	157	292	45	142	70	181	294	102	141	242	233	70	159	260	191	216	336	193	68	215	389	103	73	168	324	211	306	311	200	199	289	168	191	150	0	210	113	239	148	117	210	238	244	400	157	|
|169	361	108	192	352	228	84	453	262	72	100	88	140	68	452	279	348	227	256	191	280	344	303	196	140	481	394	429	229	148	407	451	336	362	239	210	0	318	95	231	164	79	111	100	325	258	|
|200	101	388	150	53	148	274	283	153	252	355	325	181	272	210	189	245	443	270	169	286	480	95	135	243	311	186	325	415	308	115	275	177	109	168	113	318	0	352	230	187	323	351	357	498	225	|
|247	370	186	205	374	228	175	421	254	112	5	182	175	86	443	356	312	132	206	193	226	251	311	253	226	447	382	382	134	83	421	421	320	418	313	239	95	352	0	196	237	30	19	6	230	224	|
|260	201	337	107	226	84	256	226	81	169	195	297	145	163	252	337	118	234	45	83	68	251	150	213	274	253	190	199	199	117	254	226	128	329	294	148	231	230	196	0	240	178	184	198	272	29	|
|20	264	207	140	234	180	95	411	216	127	241	143	97	153	372	120	329	361	283	159	308	448	217	53	56	441	327	419	348	238	296	406	285	202	77	117	164	187	237	240	0	208	245	242	446	257	|
|219	344	181	177	346	202	152	404	230	82	34	167	145	56	420	328	295	156	193	166	215	265	284	223	201	430	359	369	152	74	394	404	298	388	285	210	79	323	30	178	208	0	37	35	250	206	|
|256	364	205	202	370	222	188	408	246	118	15	199	177	92	433	364	298	119	191	188	210	233	305	257	238	433	371	366	118	68	415	408	309	421	321	238	111	351	19	184	245	37	0	17	214	212	|
|253	374	190	210	378	232	180	423	257	117	2	187	180	91	446	362	313	127	206	197	226	246	315	258	232	448	384	382	130	83	425	423	322	423	319	244	100	357	6	198	242	35	17	0	225	226	|
|460	469	408	356	498	351	402	422	353	322	225	412	359	296	494	563	330	102	239	333	235	54	422	444	449	436	436	348	98	208	521	427	381	591	518	400	325	498	230	272	446	250	214	225	0	285	|
|278	184	364	119	215	87	280	198	72	195	224	323	165	190	227	348	90	255	46	98	61	259	139	226	294	225	165	172	219	145	237	197	103	329	306	157	258	225	224	29	257	206	212	226	285	0	|

--------------------------------------------------------------------------------
Building model...
	using lazy and cut (CVRPSEP package)
Solving IRP LP...
--------------------------------------------------------------------------------

Gurobi 9.1.0 (linux64) logging started Sat Jan  9 02:29:35 2021

Gurobi Optimizer version 9.1.0 build v9.1.0rc0 (linux64)
Thread count: 32 physical cores, 32 logical processors, using up to 2 threads
Optimize a model with 1291 rows, 10318 columns and 23569 nonzeros
Model fingerprint: 0xa45a0638
Variable types: 589 continuous, 9729 integer (414 binary)
Coefficient statistics:
  Matrix range     [1e+00, 8e+06]
  Objective range  [1e-01, 6e+02]
  Bounds range     [1e+00, 3e+02]
  RHS range        [1e+01, 6e+03]
Presolve removed 244 rows and 213 columns
Presolve time: 0.09s
Presolved: 1047 rows, 10105 columns, 22068 nonzeros
Variable types: 485 continuous, 9620 integer (9208 binary)

Root relaxation: objective 1.306174e+04, 1154 iterations, 0.03 seconds

    Nodes    |    Current Node    |     Objective Bounds      |     Work
 Expl Unexpl |  Obj  Depth IntInf | Incumbent    BestBd   Gap | It/Node Time

     0     0 13061.7393    0  121          - 13061.7393      -     -    0s
     0     0 13331.9167    0  137          - 13331.9167      -     -    0s
     0     0 13369.4364    0  134          - 13369.4364      -     -    0s
     0     0 13369.4364    0  128          - 13369.4364      -     -    0s
     0     0 13854.2484    0  205          - 13854.2484      -     -    0s
     0     0 13936.4891    0  224          - 13936.4891      -     -    0s
     0     0 13942.4098    0  217          - 13942.4098      -     -    0s
     0     0 13942.5408    0  214          - 13942.5408      -     -    0s
     0     0 14051.6496    0  227          - 14051.6496      -     -    0s
     0     0 14065.4241    0  222          - 14065.4241      -     -    1s
     0     0 14066.2956    0  235          - 14066.2956      -     -    1s
     0     0 14178.6582    0  313          - 14178.6582      -     -    1s
     0     0 14211.7897    0  298          - 14211.7897      -     -    1s
     0     0 14216.9793    0  297          - 14216.9793      -     -    1s
     0     0 14219.2413    0  266          - 14219.2413      -     -    1s
     0     0 14219.9793    0  293          - 14219.9793      -     -    1s
     0     0 14289.1311    0  281          - 14289.1311      -     -    2s
     0     0 14298.1269    0  251          - 14298.1269      -     -    2s
     0     0 14306.8930    0  257          - 14306.8930      -     -    2s
     0     0 14316.9665    0  282          - 14316.9665      -     -    2s
     0     0 14318.2456    0  313          - 14318.2456      -     -    2s
     0     0 14328.5137    0  396          - 14328.5137      -     -    3s
     0     0 14331.6196    0  368          - 14331.6196      -     -    3s
     0     0 14333.0648    0  406          - 14333.0648      -     -    3s
     0     0 14344.3179    0  367          - 14344.3179      -     -    3s
     0     0 14344.3179    0  364          - 14344.3179      -     -    3s
     0     2 14347.0689    0  324          - 14347.0689      -     -    4s
     1     4 14350.5985    1  396          - 14350.5985      -   518    5s
    87    93 14610.8989   26  171          - 14366.4037      -   263   10s
   263   284 14850.8917   69  129          - 14366.4037      -   174   15s
   536   599 15472.9925  126  108          - 14366.4037      -   122   20s
   861   909 16910.0300  212    2          - 14366.4037      -  85.2   25s
  1075  1003 16839.9202  158  317          - 14370.5592      -  77.2   30s
  1090  1013 19014.8600  294  538          - 14451.6785      -  76.2   35s
  1102  1021 15853.1218  161  513          - 14456.3820      -  75.3   40s
  1115  1032 14476.3477   12  499          - 14466.6636      -  86.4   45s
  1146  1053 14632.0881   19  374          - 14476.3649      -   100   50s
  1182  1079 14768.0402   28  372          - 14476.3649      -   112   55s
  1243  1126 14934.8680   45  342          - 14476.3649      -   122   60s
  1312  1173 15077.1223   60  277          - 14476.3649      -   129   65s
  1388  1236 15256.3778   76  261          - 14476.3649      -   134   70s
  1523  1330 15483.1553  100  292          - 14476.3649      -   134   75s
  1641  1444 15723.6310  116  132          - 14476.3649      -   133   80s
  1815  1495 17711.9500  238    6          - 14476.3649      -   127   85s
  1933  1575 16176.6447  160  173          - 14476.3649      -   126   91s
  1962  1582 16369.6338  173  191          - 14476.3649      -   127   96s
  2033  1656 16725.9426  203  141          - 14476.3649      -   128  101s
  2129  1766 17277.9898  244   56          - 14476.3649      -   128  106s
  2288  1780 19236.4000  318    -          - 14497.6188      -   122  110s
  2350  1811 14850.8104   19  410          - 14497.6188      -   126  116s
  2388  1831 15052.9242   25  248          - 14497.6188      -   130  120s
  2432  1876 15143.5776   29  175          - 14497.6188      -   135  126s
  2491  1922 15221.1717   43   95          - 14497.6188      -   136  130s
  2582  2003 15331.2144   58  122          - 14497.6188      -   139  137s
  2635  2051 15447.5296   74   80          - 14497.6188      -   139  140s
  2784  2134 15877.9150  101    4          - 14497.6188      -   135  145s
  2956  2245 15889.8107  101   66          - 14497.6188      -   133  152s
  3028  2400 16218.1723  114   12          - 14518.6630      -   132  157s
  3282  2360 14942.3044   13  385          - 14519.0742      -   126  162s
  3292  2376 15078.3429   17  331          - 14519.0742      -   128  165s
  3336  2410 15297.2331   30  181          - 14519.0742      -   130  170s
  3407  2515 15395.8994   49   97          - 14519.0742      -   132  178s
  3491  2563 15722.7500   70   83          - 14519.0742      -   132  183s
  3574  2647 16340.1697   90   54          - 14519.0742      -   132  187s
  3686  2775 16703.5733  111   18          - 14519.1400      -   131  194s
  3771  2755 16899.9300  154    -          - 14519.1400      -   129  195s
  3879  2768 14695.1448   17  443          - 14519.1400      -   129  200s
  3986  2785 14877.9427   23  430          - 14519.1400      -   129  208s
  3998  2806 14735.4247   26  481          - 14519.1400      -   130  211s
  4023  2834 14747.1678   32  407          - 14519.1400      -   131  215s
  4096  2917 14924.5575   40  351          - 14519.1400      -   134  224s
  4150  2900 15592.6939   78   87          - 14519.1400      -   135  225s
  4214  2946 15049.2003   51  243          - 14519.1400      -   136  232s
  4241  2989 15065.1569   59  198          - 14519.1400      -   137  237s
  4284  3051 15350.3729   66  143          - 14519.1400      -   139  241s
  4346  3125 15584.0912   81  217          - 14519.1400      -   140  247s
  4420  3272 15701.8168  100  113          - 14519.1400      -   140  253s
  4567  3660 16008.8111  134   86          - 14519.1400      -   139  264s
  4651  3660 16398.7739  163   40          - 14519.1400      -   138  265s
  5037  3783 16802.3971  169   30          - 14523.3009      -   131  273s
  5154  3808 15024.4037   24  380          - 14524.1952      -   131  278s
  5167  3836 15055.1363   27  324          - 14524.1952      -   132  283s
  5195  3874 15195.7238   34  179          - 14524.1952      -   134  288s
  5233  3946 15280.6966   42  196          - 14524.1952      -   136  293s
  5305  4069 15469.6790   62  105          - 14524.1952      -   137  300s
  5428  4397 15798.8376   87   46          - 14525.0060      -   137  310s
  5903  4462 14594.8455   17  582          - 14525.5925      -   131  319s
  5917  4487 14893.6734   22  377          - 14525.5925      -   132  325s
  5942  4530 14969.6253   27  386          - 14525.5925      -   133  331s
  5985  4588 15230.6485   38  241          - 14525.5925      -   134  337s
  6043  4731 15356.3610   51  180          - 14525.5925      -   135  344s
  6085  4731 15524.7126   70   39          - 14525.5925      -   136  345s
  6186  4911 15749.5907   80   59          - 14526.2332      -   136  353s
  6338  4938 16666.7017  150   38          - 14526.2332      -   133  355s
  6487  4993 15003.0306   22  180          - 14527.0256      -   133  362s
  6522  5039 15149.9203   34  204          - 14527.0256      -   134  368s
  6568  5120 15290.8487   43   98          - 14527.0256      -   135  375s
  6649  5305 15431.3313   66   43          - 14527.9636      -   136  386s
  6971  5412 14766.3126   13  422          - 14527.9636      -   133  395s
  7014  5495 14918.7736   18  374          - 14527.9636      -   134  402s
  7103  5640 15109.2560   26  158          - 14527.9636      -   134  411s
  7270  5703 15169.3480   38  246          - 14527.9636      -   134  421s
  7321  5843 15302.3253   53  176          - 14527.9636      -   136  432s
  7461  6181 15957.2867   93   11          - 14527.9636      -   137  447s
  7734  6208 17274.4236  167   31          - 14527.9636      -   135  450s
  7861  6408 16502.3263  116   25          - 14534.2542      -   135  461s
  8159  6678 14941.8345   19  423          - 14534.2542      -   133  477s
  8438  6711 17829.2500  175    2          - 14534.2542      -   131  480s
  8476  6805 15135.3842   32  135          - 14534.2542      -   131  488s
  8559  6984 15386.5324   47  168          - 14537.3584      -   133  499s
  8622  6984 15730.2675   70   23          - 14537.3584      -   133  500s
  8760  7096 14858.8614   19  452          - 14537.3584      -   133  512s
  8913  7171 15072.3535   28  399          - 14537.3584      -   133  522s
  8965  7263 15192.3457   43  332          - 14537.3584      -   135  531s
  9057  7581 15372.7989   55  203          - 14540.9390      -   136  547s
  9320  7600 17048.9800  119    -          - 14543.3040      -   135  550s
  9575  7732 14816.7520   16  424          - 14543.3040      -   132  560s
  9632  7855 15394.1523   34  264          - 14543.3040      -   134  569s
  9656  7855 15622.0979   45   65          - 14543.3040      -   134  570s
  9781  8032 15637.3094   61    6          - 14550.6681      -   134  582s
 10060  8121 14653.6437   19  556          - 14550.7674      -   133  594s
 10163  8176 14965.8307   27  369          - 14550.7674      -   134  604s
 10286  8277 15049.6839   35  289          - 14550.7674      -   135  613s
 10336  8459 15300.7739   46  100          - 14565.1974      -   136  625s
 10544  8648 14909.3564   19  430          - 14565.1974      -   136  638s
 10693  8648 15746.0244   94   26          - 14565.1974      -   136  640s
 10723  8846 15204.2348   34  215          - 14565.1974      -   136  651s
 10957  9140 15677.0196   73   34          - 14581.2492      -   135  669s
 10999  9140 15728.7339   90   13          - 14581.2492      -   135  670s
 11429  9306 14938.0963   19  336          - 14581.2492      -   132  683s
 11504  9453 15338.3181   33  234          - 14581.2492      -   133  694s
 11653  9649 15776.8250   48   33          - 14581.2492      -   134  708s
 11847  9670 16124.6000   95   10          - 14581.2492      -   133  710s
 11948  9865 15816.8455   53  206          - 14581.2492      -   133  722s
 12130  9990 16603.0032  106  120          - 14582.7125      -   133  735s
 12404 10166 15233.9838   20  372          - 14582.7125      -   132  747s
 12505 10417 15441.9311   35  146          - 14582.7125      -   132  762s
 12702 10423 16431.1246  120    8          - 14582.7125      -   132  765s
 12824 10647 15662.0668   54  164          - 14582.7125      -   132  778s
 12971 10653 16232.0100  105    -          - 14582.7125      -   131  780s
 13054 10939 16158.3236   84   11          - 14584.6533      -   131  795s
 13576 11255 15140.0233   23  300          - 14584.6533      -   128  811s
 13873 11475 15749.5618   42   60          - 14584.9744      -   127  827s
 14099 11596 14800.8030   17  262          - 14584.9744      -   127  838s
 14195 11772 15304.2384   38   86          - 14584.9744      -   128  848s
 14351 11776 15789.8119   74   77          - 14584.9744      -   128  850s
 14397 12015 15531.7443   43  103          - 14585.0152      -   128  863s
 14731 12107 14858.7997   24  425          - 14585.3518      -   127  875s
 14779 12200 15484.6199   43  107          - 14585.3518      -   128  884s
 14800 12200 15717.6854   53  148          - 14585.3518      -   128  885s
 14872 12392 15793.0087   66   20          - 14586.6280      -   129  897s
 15199 12517 14971.6700   19  350          - 14588.2717      -   128  909s
 15262 12643 15425.6045   35  192          - 14588.2717      -   128  919s
 15324 12644 15490.6289   39   69          - 14588.2717      -   129  920s
 15390 12782 15995.8847   61   54          - 14592.7128      -   129  931s
 15629 12890 15210.2876   25  369          - 14592.7128      -   129  942s
 15705 12998 15502.4348   36  113          - 14592.7128      -   130  964s
 15726 12998 15622.3941   48  118          - 14592.7128      -   130  965s
 15808 13195 15788.9403   71   28          - 14592.7128      -   130  976s
 16035 13584 16537.9022  106   79          - 14592.8619      -   130  990s
 16513 13657 16183.7200  102    -          - 14594.9391      -   128  995s
 16591 13712 14905.1432   24  367          - 14594.9391      -   128 1002s
 16631 13785 15242.8102   38  255          - 14594.9391      -   128 1011s
 16704 13893 15434.7594   57  127          - 14594.9391      -   129 1025s
 16812 14044 15574.6409   86   32          - 14596.7962      -   129 1034s
 16833 14044 15806.0449   91   38          - 14596.7962      -   129 1035s
 17025 14136 15242.2299   24  326          - 14597.1134      -   129 1044s
 17092 14331 15467.8541   39  113          - 14597.1134      -   130 1056s
 17348 14492 15706.4820   55   73          - 14597.4403      -   130 1068s
 17495 14520 16359.4829  135   28          - 14597.4403      -   129 1070s
 17557 14681 15011.3198   23  278          - 14597.4403      -   129 1080s
 17717 14862 15701.0081   58   18          - 14597.4403      -   129 1091s
 17936 14999 15720.2953   62   24          - 14599.7753      -   129 1103s
 18126 15082 15345.6811   31  123          - 14601.4868      -   129 1112s
 18175 15183 15524.4500   47  100          - 14601.4868      -   130 1123s
 18286 15246 15719.4133   60   43          - 14601.5070      -   130 1133s
 18380 15332 15014.9400   18  249          - 14601.5070      -   131 1143s
 18452 15558 15213.8696   36  143          - 14601.5070      -   131 1155s
 18760 15751 15831.5745   76   30          - 14601.5936      -   131 1169s
 18868 15762 16645.5100  134    4          - 14601.5936      -   131 1170s
 19022 15837 15099.5221   16  415          - 14606.3283      -   130 1179s
 19064 15904 15470.2740   33  101          - 14606.3283      -   131 1189s
 19131 16068 15548.7772   36  126          - 14606.3283      -   132 1201s
 19295 16227 15682.5252   50  121          - 14606.3283      -   132 1214s
 19379 16227 15853.0037   62   12          - 14606.3283      -   132 1215s
 19456 16296 15970.3461   52  200          - 14606.3283      -   132 1228s
 19498 16299 15951.0378   58   64          - 14606.3283      -   132 1230s
 19558 16460 15997.7965   57   84          - 14606.3283      -   132 1243s
 19711 16623 16206.5822   77   33          - 14608.6465      -   133 1256s
 19983 16798 15065.2586   24   41          - 14608.6465      -   132 1270s
 20140 16990 15153.2942   33  104          - 14616.4986      -   132 1283s
 20386 17133 15289.8542   64    8          - 14616.4986      -   132 1297s
 20585 17224 15592.1473   63   10          - 14624.6912      -   132 1308s
 20643 17305 15077.7168   37  265          - 14624.6912      -   132 1319s
 20719 17446 15157.0427   47  209          - 14624.6912      -   133 1332s
 20952 17490 16295.3500  126    -          - 14624.6912      -   132 1335s
 20955 17576 15399.0407   65   25          - 14628.2812      -   132 1345s
 21098 17683 15070.8543   26  333          - 14628.2812      -   133 1356s
 21178 17804 15759.5525   46  183          - 14628.2812      -   133 1368s
 21301 18017 15630.7077   57  150          - 14628.2812      -   133 1383s
 21631 18158 16056.1300   73   29          - 14630.1232      -   132 1398s
 21760 18227 15229.3671   33  220          - 14631.0460      -   132 1408s
 21809 18309 15365.4070   39  240          - 14631.0460      -   133 1420s
 21921 18369 15594.1563   48  159          - 14631.0460      -   133 1430s
 21942 18369 15677.3782   55  121          - 14631.0460      -   133 1448s
 21968 18460 15845.3079   65  145          - 14632.3196      -   134 1458s
 22071 18559 14965.3118   27  312          - 14632.3196      -   134 1470s
 22186 18672 15203.7450   38   34          - 14632.7242      -   134 1483s
 22338 18700 15372.2793   46   74          - 14632.7242      -   134 1485s
 22348 18904 14842.4124   20  449          - 14632.7242      -   134 1499s
 22463 18913 15685.2300   90    4          - 14632.7242      -   134 1500s
 22654 19098 15431.1392   33  286          - 14632.7242      -   133 1522s
 22883 19236 15602.8041   48  208          - 14632.7242      -   133 1534s
 22925 19236 15744.1154   62   84          - 14632.7242      -   133 1535s
 22996 19436 16008.4571   76   71          - 14634.4092      -   133 1548s
 23144 19448 16836.7345  146   12          - 14634.4092      -   132 1550s
 23272 19564 14976.1754   21  458          - 14634.4092      -   132 1562s
 23362 19747 15664.9749   39  302          - 14634.4092      -   132 1576s
 23598 19910 15865.9585   54  215          - 14634.4092      -   132 1592s
 23777 19933 17207.0300  168    -          - 14634.4092      -   132 1595s
 23854 20108 16356.6920   65  194          - 14634.4092      -   132 1608s
 23980 20112 16776.5238  101   58          - 14634.4092      -   131 1610s
 24008 20297 16814.1658   90   71          - 14634.4092      -   131 1624s
 24050 20305 16975.4867  105   14          - 14634.4092      -   131 1625s
 24307 20503 17000.1689   96    4          - 14637.6577      -   131 1641s
 24499 20736 14895.6707   19  476          - 14637.6577      -   131 1660s
 24854 20868 15402.7184   34  251          - 14637.6577      -   130 1673s
 24916 20984 15651.0585   48   83          - 14637.6577      -   130 1687s
 25064 21356 16349.6887   62  118          - 14638.2458      -   130 1705s
 25489 21439 16365.4930   71   57          - 14641.6799      -   129 1710s
 25624 21516 15027.0205   25  353          - 14641.6799      -   128 1721s
 25686 21640 15536.0544   44   68          - 14641.6799      -   129 1733s
 25812 21652 15381.9390   46   98          - 14641.6799      -   129 1735s
 25842 21736 15615.3909   50   74          - 14641.6799      -   129 1746s
 25936 21967 15926.4850   62   14          - 14641.8767      -   129 1769s
 25957 21976 16623.3900   86    8          - 14641.8767      -   129 1770s
 26350 22154 14734.1277   19  557          - 14641.8767      -   128 1786s
 26445 22263 15173.7200   26  346          - 14641.8767      -   128 1807s
 26615 22324 15466.4510   40  161          - 14641.8767      -   128 1818s
 26647 22407 15589.7696   47  161          - 14641.8767      -   128 1830s
 26746 22519 15671.9200   56   22          - 14641.8767      -   129 1851s
 26872 22596 15956.1742   64  103          - 14641.8767      -   129 1864s
 26945 22608 15933.2317   85   40          - 14641.8767      -   129 1865s
 26970 22776 16036.6655   67  102          - 14641.8767      -   129 1879s
 26991 22776 15992.6130   74   29          - 14641.8767      -   129 1880s
 27228 22926 16370.5540   93   20          - 14647.2525      -   129 1895s
 27396 23016 15072.2955   27  288          - 14647.6263      -   129 1907s
 27456 23207 15527.5867   46   26          - 14650.8849      -   129 1921s
 27693 23373 14877.8580   28  365          - 14650.8849      -   129 1936s
 27903 23526 15450.7781   38  177          - 14650.8849      -   129 1951s
 28013 23530 17874.3300  156    -          - 14650.8849      -   129 1955s
 28076 23664 15596.4523   49   74          - 14650.8849      -   129 1968s
 28204 23802 15938.6911   78  113          - 14651.8237      -   129 1981s
 28404 23923 15056.9704   28  284          - 14651.8237      -   129 1996s
 28521 24049 15432.5003   47  123          - 14652.5626      -   129 2012s
 28690 24134 15016.2861   26  505          - 14652.5626      -   129 2025s
 28750 24248 15813.1950   38  121          - 14652.5626      -   129 2037s
 28902 24341 15908.7102   58   35          - 14652.5626      -   129 2052s
 28985 24509 16296.7300   86    -          - 14654.8736      -   129 2067s
 29259 24618 14817.6531   19  455          - 14654.8736      -   129 2079s
 29326 24741 15247.7278   29  387          - 14654.8736      -   129 2098s
 29444 24761 16767.2000  107    -          - 14654.8736      -   129 2100s
 29555 24833 15822.9288   41  274          - 14654.8736      -   129 2110s
 29591 24935 16076.5462   52  179          - 14654.8736      -   129 2123s
 29713 25070 16356.4218   69   89          - 14654.8736      -   129 2137s
 29858 25122 16698.3737  111   19          - 14657.1529      -   129 2150s
 29968 25197 15276.4688   36  292          - 14658.2460      -   130 2162s
 30009 25291 15425.8703   49   86          - 14658.2460      -   130 2176s
 30121 25438 15630.8152   57  117          - 14658.2460      -   130 2189s
 30142 25438 15745.2914   70   45          - 14658.2460      -   130 2190s
 30298 25563 15936.3697   76   83          - 14659.0662      -   130 2206s
 30485 25647 15138.7674   29  301          - 14660.5552      -   130 2220s
 30532 25755 15712.9943   43  178          - 14660.5552      -   130 2233s
 30640 25879 16285.3815   67   53          - 14661.1384      -   130 2250s
 30829 25940 14779.0578   19  266          - 14661.2143      -   130 2263s
 30858 26001 15034.1669   29  167          - 14661.2143      -   130 2274s
 30919 26100 15128.2560   40   63          - 14661.2143      -   131 2286s
 31024 26273 15484.0664   54    4          - 14661.2143      -   131 2307s
 31263 26305 16822.6500  139    -          - 14661.2143      -   131 2310s
 31274 26385 15538.9283   55   57          - 14663.6319      -   131 2324s
 31316 26392 16101.0589   88   19          - 14663.6319      -   131 2325s
 31405 26482 14847.0682   18  491          - 14663.6319      -   131 2340s
 31473 26590 15221.7205   25  309          - 14663.6319      -   131 2356s
 31609 26650 15477.7789   38  129          - 14663.6319      -   131 2369s
 31630 26650 15586.8133   49   19          - 14663.6319      -   131 2370s
 31665 26765 15853.5067   53   43          - 14666.4311      -   131 2386s
 31874 26895 14701.6834   27  478          - 14666.4311      -   131 2401s
 31962 27025 15337.2166   41  219          - 14666.4311      -   131 2417s
 32145 27215 15645.7268   63  132          - 14666.4311      -   131 2440s
 32377 27324 15854.6829   95   36          - 14668.9592      -   130 2457s
 32473 27439 15186.8985   25  301          - 14668.9592      -   131 2472s
 32578 27481 15346.4889   37  235          - 14668.9592      -   131 2485s
 32630 27538 15474.9210   50  141          - 14668.9592      -   131 2496s
 32682 27657 15889.0388   62  101          - 14670.3657      -   131 2511s
 32835 27733 15195.2803   19  327          - 14670.3657      -   131 2525s
 32895 27850 15501.2856   32  209          - 14670.3657      -   131 2541s
 33021 27959 15734.6400   42   12          - 14670.3657      -   131 2557s
 33144 28177 15870.0614   56  109          - 14670.3657      -   132 2580s
 33486 28243 17540.6000  169    -          - 14670.3657      -   131 2585s
 33515 28537 15962.3105   70   19          - 14670.3657      -   131 2605s
 33838 28568 17204.5700  178    -          - 14670.3657      -   130 2610s
 33965 28739 16008.0703   76   21          - 14670.3657      -   130 2627s
 34147 28892 16187.0875   85    4          - 14670.3657      -   130 2642s
 34309 29024 16223.6158   85   32          - 14672.6276      -   130 2662s
 34500 29087 14948.3929   17  505          - 14672.6276      -   129 2675s
 34545 29132 15381.7453   25  456          - 14672.6276      -   130 2687s
 34584 29252 15985.8846   38  241          - 14672.6276      -   130 2703s
 34726 29411 16489.7657   54  168          - 14673.9771      -   130 2724s
 34789 29412 16539.0522   79   34          - 14673.9771      -   130 2725s
 34924 29444 14804.4753   22  535          - 14674.0666      -   130 2738s
 34938 29487 15228.8490   28  306          - 14674.0666      -   130 2750s
 34981 29594 15434.4455   44   82          - 14674.0666      -   130 2765s
 35090 29790 15579.5935   52  174          - 14674.0666      -   130 2785s
 35349 30003 16206.8472   85   11          - 14674.0666      -   130 2805s
 35582 30109 16514.3725  116   34          - 14675.0101      -   129 2824s
 35603 30119 16771.0400  121   13          - 14675.0101      -   129 2825s
 35765 30177 15152.1269   24  431          - 14676.1945      -   129 2838s
 35790 30208 15202.3482   34  215          - 14676.1945      -   129 2852s
 35821 30262 15496.7806   42  207          - 14676.1945      -   130 2864s
 35875 30345 15288.3675   54   10          - 14676.1945      -   130 2880s
 35960 30416 15443.3102   54  121          - 14676.1945      -   130 2902s
 36073 30533 15684.1892   82   11          - 14678.4157      -   130 2921s
 36229 30598 14986.9349   21  432          - 14678.4157      -   130 2937s
 36265 30665 15314.0486   32  179          - 14678.4157      -   130 2949s
