




arguments: ./build/mirp_solver -f ./input/orig_exec_181.cfg
Current dir: /scratch/gui/bnc_mirp
File verbosity level: 9
date       time         ( uptime  ) [ thread name/id ]                   file:line     v| 
2021-01-10 05:34:45.587 (   0.434s) [main thread     ]             loguru.cpp:789   INFO| Logging to './output/vi_lex_half/OU/V3/Original/execution_10_01_2021_05_34_45.log', mode: 'a', verbosity: 9
--------------------------------------------------------------------------------
Parameters
                           instance_path           ./input/Instances/Original/5/
                            model_policy                                       1
                             nb_vehicles                                       3
                              output_dir    ./output/vi_lex_half/OU/V3/Original/
                            sec_strategy                                       1
                       solver_nb_threads                                       2
                         solver_show_log                                    true
                       solver_time_limit                                    3600
                              use_vi_cos                                   false
                              use_vi_cus                                   false
                         use_vi_hc1_full                                   false
                         use_vi_hc1_half                                   false
                      use_vi_hc1_quarter                                   false
                              use_vi_hc2                                   false
                              use_vi_hc3                                   false
                         use_vi_lex_full                                   false
                         use_vi_lex_half                                    true
                      use_vi_lex_quarter                                   false
                              use_vi_qua                                   false
                               use_vi_vc                                   false
                               use_vi_vr                                   false
--------------------------------------------------------------------------------
executing instance: ./input/Instances/Original/5/absH3low_4n50.dat
--------------------------------------------------------------------------------
Instance details
n	51
H	3
C	4066
Li:
[0, 0, 0, 0, 0, 0, 0, 0, 0, 0, 0, 0, 0, 0, 0, 0, 0, 0, 0, 0, 0, 0, 0, 0, 0, 0, 0, 0, 0, 0, 0, 0, 0, 0, 0, 0, 0, 0, 0, 0, 0, 0, 0, 0, 0, 0, 0, 0, 0, 0, 0, ]
Ui:
[0, 108, 126, 122, 66, 120, 48, 30, 128, 54, 158, 198, 36, 66, 210, 234, 147, 297, 171, 128, 116, 120, 219, 70, 294, 207, 134, 128, 234, 122, 22, 183, 195, 255, 132, 124, 66, 189, 219, 66, 128, 102, 288, 66, 87, 136, 36, 39, 282, 36, 237, ]
Distance matrix:
|0	210	444	498	509	104	438	228	487	304	456	434	526	476	163	47	293	396	293	290	313	85	280	437	293	336	409	106	449	376	433	478	193	404	404	534	278	181	380	507	189	438	263	473	353	216	202	218	452	254	465	|
|210	0	299	507	359	106	345	409	358	411	320	402	555	448	136	200	289	264	306	427	141	222	83	348	264	320	283	303	380	208	258	357	170	348	475	542	243	347	355	379	65	479	172	373	355	251	112	229	402	210	300	|
|444	299	0	363	65	358	116	542	66	440	26	241	425	272	282	407	251	51	276	490	159	397	224	124	217	237	48	490	170	99	83	74	261	180	430	385	214	479	231	85	270	390	184	116	271	300	409	276	210	215	54	|
|498	507	363	0	385	482	246	424	326	254	343	123	63	93	388	452	221	337	211	314	428	414	480	239	243	187	324	463	194	418	438	307	346	188	156	36	264	392	156	326	444	87	340	258	154	286	603	294	153	297	417	|
|509	359	65	385	0	422	145	602	59	492	59	269	448	292	348	472	305	115	329	545	218	462	281	152	274	286	106	554	192	153	116	78	326	216	472	403	274	540	271	63	334	425	249	127	316	361	468	337	233	278	69	|
|104	106	358	482	422	0	372	309	408	337	374	396	521	441	98	96	262	314	271	342	215	124	177	373	249	302	329	198	394	281	337	402	139	353	419	518	230	250	343	428	90	437	188	405	328	200	134	188	406	199	372	|
|438	345	116	246	145	372	0	485	87	357	97	126	309	155	279	394	180	101	200	414	223	373	288	8	157	150	84	459	53	188	196	68	245	72	328	269	165	427	128	97	297	280	184	36	175	250	456	233	94	184	170	|
|228	409	542	424	602	309	485	0	561	170	544	419	424	446	298	214	305	491	286	115	462	187	457	480	331	339	496	124	470	510	565	545	295	424	279	454	329	66	376	576	363	340	370	520	330	242	429	266	453	328	581	|
|487	358	66	326	59	408	87	561	0	441	40	211	389	233	324	446	258	95	281	497	220	431	287	95	230	234	79	522	133	164	146	19	297	160	415	344	233	500	215	21	323	367	224	68	261	320	470	299	174	242	106	|
|304	411	440	254	492	337	357	170	441	0	434	266	255	286	275	266	189	392	164	63	408	225	428	351	224	207	392	234	330	438	484	424	250	287	112	284	232	149	233	453	349	170	302	389	185	168	471	195	305	248	487	|
|456	320	26	343	59	374	97	544	40	434	0	223	406	252	294	418	247	60	271	487	181	405	247	105	215	229	49	498	149	124	109	48	270	165	419	364	215	482	218	60	288	375	194	92	261	302	431	279	190	220	75	|
|434	402	241	123	269	396	126	419	211	266	223	0	185	46	298	387	140	213	145	328	310	355	366	118	147	97	201	425	78	295	315	191	256	65	211	151	166	371	53	215	343	157	231	145	90	220	505	217	41	198	295	|
|526	555	425	63	448	521	309	424	389	255	406	185	0	156	430	481	266	398	252	310	485	442	534	301	293	237	386	480	257	478	500	370	390	249	145	55	313	401	212	389	491	89	392	321	201	322	646	334	216	345	479	|
|476	448	272	93	292	441	155	446	233	286	252	46	156	0	343	429	183	250	184	348	353	396	411	148	192	140	236	461	102	334	350	214	302	106	214	113	212	402	98	233	389	151	277	165	125	261	551	260	62	244	325	|
|163	136	282	388	348	98	279	298	324	275	294	298	430	343	0	124	167	234	178	296	167	121	162	279	151	205	247	216	297	224	280	316	42	256	340	423	132	232	246	344	74	349	100	314	233	115	216	97	308	101	307	|
|47	200	407	452	472	96	394	214	446	266	418	387	481	429	124	0	246	358	245	259	284	41	261	392	247	289	370	103	403	345	402	436	150	358	361	488	232	158	333	466	165	393	223	430	306	168	217	171	406	210	431	|
|293	289	251	221	305	262	180	305	258	189	247	140	266	183	167	246	0	204	26	240	238	215	276	175	37	43	203	289	169	255	297	242	125	122	202	257	52	248	87	272	225	191	134	215	67	80	382	77	163	81	298	|
|396	264	51	337	115	314	101	491	95	392	60	213	398	250	234	358	204	0	229	442	130	347	196	108	169	194	19	440	152	87	102	93	211	149	390	363	165	428	194	116	228	355	134	117	230	250	376	225	189	164	95	|
|293	306	276	211	329	271	200	286	281	164	271	145	252	184	178	245	26	229	0	216	262	212	297	195	63	53	228	280	184	280	323	264	138	137	178	248	76	232	95	294	241	173	156	234	60	77	395	83	172	102	324	|
|290	427	490	314	545	342	414	115	497	63	487	328	310	348	296	259	240	442	216	0	443	220	456	408	273	264	443	204	390	479	529	480	278	346	165	343	278	115	293	509	369	229	340	447	244	202	473	230	366	288	536	|
|313	141	159	428	218	215	223	462	220	408	181	310	485	353	167	284	238	130	262	443	0	288	67	228	202	252	149	382	267	67	122	221	168	247	440	459	186	396	273	241	125	423	107	245	291	242	251	214	297	162	160	|
|85	222	397	414	462	124	373	187	431	225	405	355	442	396	121	41	215	347	212	220	288	0	273	371	221	258	357	95	378	344	401	420	136	331	321	450	208	126	302	450	177	353	213	409	272	136	253	143	377	190	426	|
|280	83	224	480	281	177	288	457	287	428	247	366	534	411	162	261	276	196	297	456	67	273	0	292	243	298	215	363	329	128	176	288	179	305	475	513	224	392	324	307	96	466	143	311	335	261	187	235	357	195	219	|
|437	348	124	239	152	373	8	480	95	351	105	118	301	148	279	392	175	108	195	408	228	371	292	0	154	144	91	456	46	194	203	76	244	65	320	261	163	423	121	103	299	273	185	40	168	247	459	230	86	183	178	|
|293	264	217	243	274	249	157	331	230	224	215	147	293	192	151	247	37	169	63	273	202	221	243	154	0	57	170	303	157	217	260	215	110	111	238	278	21	271	94	245	201	223	100	193	92	93	362	78	160	54	263	|
|336	320	237	187	286	302	150	339	234	207	229	97	237	140	205	289	43	194	53	264	252	258	298	144	57	0	190	331	131	257	294	216	163	84	197	221	77	285	44	246	258	172	155	183	39	123	418	119	120	110	288	|
|409	283	48	324	106	329	84	496	79	392	49	201	386	236	247	370	203	19	228	443	149	357	215	91	170	190	0	449	136	105	114	75	221	138	384	349	168	434	185	99	245	346	146	98	224	255	394	231	174	171	99	|
|106	303	490	463	554	198	459	124	522	234	498	425	480	461	216	103	289	440	280	204	382	95	363	456	303	331	449	0	458	439	496	510	229	410	344	498	293	89	374	540	267	391	307	495	336	211	308	226	451	280	520	|
|449	380	170	194	192	394	53	470	133	330	149	78	257	102	297	403	169	152	184	390	267	378	329	46	157	131	136	458	0	238	249	114	259	47	287	216	171	416	96	137	327	235	211	67	145	247	488	235	41	197	223	|
|376	208	99	418	153	281	188	510	164	438	124	295	478	334	224	345	255	87	280	479	67	344	128	194	217	257	105	439	238	0	57	169	216	230	453	445	206	445	268	184	191	427	141	202	296	278	315	250	274	191	92	|
|433	258	83	438	116	337	196	565	146	484	109	315	500	350	280	402	297	102	323	529	122	401	176	203	260	294	114	496	249	57	0	157	271	252	490	463	251	499	296	162	247	457	195	199	331	329	362	302	288	241	47	|
|478	357	74	307	78	402	68	545	19	424	48	191	370	214	316	436	242	93	264	480	221	420	288	76	215	216	75	510	114	169	157	0	287	141	396	325	219	485	196	31	319	347	216	49	243	306	469	286	154	230	120	|
|193	170	261	346	326	139	245	295	297	250	270	256	390	302	42	150	125	211	138	278	168	136	179	244	110	163	221	229	259	216	271	287	0	216	305	382	91	229	204	316	105	310	78	280	192	83	257	60	268	62	292	|
|404	348	180	188	216	353	72	424	160	287	165	65	249	106	256	358	122	149	137	346	247	331	305	65	111	84	138	410	47	230	252	141	216	0	255	215	126	369	56	168	292	210	177	102	103	200	454	189	54	155	234	|
|404	475	430	156	472	419	328	279	415	112	419	211	145	214	340	361	202	390	178	165	440	321	475	320	238	197	384	344	287	453	490	396	305	255	0	181	254	261	201	422	410	69	335	353	160	225	551	246	252	280	482	|
|534	542	385	36	403	518	269	454	344	284	364	151	55	113	423	488	257	363	248	343	459	450	513	261	278	221	349	498	216	445	463	325	382	215	181	0	298	425	189	342	479	115	373	276	190	323	638	330	175	332	439	|
|278	243	214	264	274	230	165	329	233	232	215	166	313	212	132	232	52	165	76	278	186	208	224	163	21	77	168	293	171	206	251	219	91	126	254	298	0	267	114	250	181	242	82	202	112	88	341	68	177	33	258	|
|181	347	479	392	540	250	427	66	500	149	482	371	401	402	232	158	248	428	232	115	396	126	392	423	271	285	434	89	416	445	499	485	229	369	261	425	267	0	325	516	298	313	305	463	281	180	375	203	403	264	516	|
|380	355	231	156	271	343	128	376	215	233	218	53	212	98	246	333	87	194	95	293	273	302	324	121	94	44	185	374	96	268	296	196	204	56	201	189	114	325	0	224	294	161	185	157	49	167	455	163	78	147	284	|
|507	379	85	326	63	428	97	576	21	453	60	215	389	233	344	466	272	116	294	509	241	450	307	103	245	246	99	540	137	184	162	31	316	168	422	342	250	516	224	0	344	371	244	70	271	337	490	317	176	261	120	|
|189	65	270	444	334	90	297	363	323	349	288	343	491	389	74	165	225	228	241	369	125	177	96	299	201	258	245	267	327	191	247	319	105	292	410	479	181	298	294	344	0	414	116	328	291	187	163	165	345	147	282	|
|438	479	390	87	425	437	280	340	367	170	375	157	89	151	349	393	191	355	173	229	423	353	466	273	223	172	346	391	235	427	457	347	310	210	69	115	242	313	161	371	414	0	323	301	133	238	565	253	197	273	444	|
|263	172	184	340	249	188	184	370	224	302	194	231	392	277	100	223	134	134	156	340	107	213	143	185	100	155	146	307	211	141	195	216	78	177	335	373	82	305	185	244	116	323	0	217	192	138	278	110	230	55	214	|
|473	373	116	258	127	405	36	520	68	389	92	145	321	165	314	430	215	117	234	447	245	409	311	40	193	183	98	495	67	202	199	49	280	102	353	276	202	463	157	70	328	301	217	0	205	286	485	269	106	220	167	|
|353	355	271	154	316	328	175	330	261	185	261	90	201	125	233	306	67	230	60	244	291	272	335	168	92	39	224	336	145	296	331	243	192	103	160	190	112	281	49	271	291	133	192	205	0	138	449	141	123	145	323	|
|216	251	300	286	361	200	250	242	320	168	302	220	322	261	115	168	80	250	77	202	242	136	261	247	93	123	255	211	247	278	329	306	83	200	225	323	88	180	167	337	187	238	138	286	138	0	328	28	243	88	340	|
|202	112	409	603	468	134	456	429	470	471	431	505	646	551	216	217	382	376	395	473	251	253	187	459	362	418	394	308	488	315	362	469	257	454	551	638	341	375	455	490	163	565	278	485	449	328	0	313	508	308	406	|
|218	229	276	294	337	188	233	266	299	195	279	217	334	260	97	171	77	225	83	230	214	143	235	230	78	119	231	226	235	250	302	286	60	189	246	330	68	203	163	317	165	253	110	269	141	28	313	0	235	61	315	|
|452	402	210	153	233	406	94	453	174	305	190	41	216	62	308	406	163	189	172	366	297	377	357	86	160	120	174	451	41	274	288	154	268	54	252	175	177	403	78	176	345	197	230	106	123	243	508	235	0	207	264	|
|254	210	215	297	278	199	184	328	242	248	220	198	345	244	101	210	81	164	102	288	162	190	195	183	54	110	171	280	197	191	241	230	62	155	280	332	33	264	147	261	147	273	55	220	145	88	308	61	207	0	253	|
|465	300	54	417	69	372	170	581	106	487	75	295	479	325	307	431	298	95	324	536	160	426	219	178	263	288	99	520	223	92	47	120	292	234	482	439	258	516	284	120	282	444	214	167	323	340	406	315	264	253	0	|

--------------------------------------------------------------------------------
Building model...
	using lazy and cut (CVRPSEP package)
Solving IRP LP...
--------------------------------------------------------------------------------

Gurobi 9.1.0 (linux64) logging started Sun Jan 10 05:34:45 2021

Gurobi Optimizer version 9.1.0 build v9.1.0rc0 (linux64)
Thread count: 32 physical cores, 32 logical processors, using up to 2 threads
Optimize a model with 1431 rows, 12588 columns and 28428 nonzeros
Model fingerprint: 0x1b1e16ab
Variable types: 654 continuous, 11934 integer (459 binary)
Coefficient statistics:
  Matrix range     [1e+00, 3e+07]
  Objective range  [1e-02, 6e+02]
  Bounds range     [1e+00, 3e+02]
  RHS range        [1e+01, 7e+03]
Presolve removed 259 rows and 224 columns
Presolve time: 0.11s
Presolved: 1172 rows, 12364 columns, 26804 nonzeros
Variable types: 550 continuous, 11814 integer (11359 binary)

Root relaxation: objective 3.373564e+03, 1449 iterations, 0.04 seconds

    Nodes    |    Current Node    |     Objective Bounds      |     Work
 Expl Unexpl |  Obj  Depth IntInf | Incumbent    BestBd   Gap | It/Node Time

     0     0 3373.56424    0  157          - 3373.56424      -     -    0s
     0     0 3580.13869    0  142          - 3580.13869      -     -    0s
     0     0 3612.56195    0  130          - 3612.56195      -     -    0s
     0     0 3612.56195    0  133          - 3612.56195      -     -    0s
     0     0 4216.38866    0  241          - 4216.38866      -     -    0s
     0     0 4395.44879    0  247          - 4395.44879      -     -    0s
     0     0 4396.43366    0  226          - 4396.43366      -     -    0s
     0     0 4401.72040    0  265          - 4401.72040      -     -    1s
     0     0 4411.80643    0  264          - 4411.80643      -     -    1s
     0     0 4413.74756    0  270          - 4413.74756      -     -    1s
     0     0 4413.78634    0  277          - 4413.78634      -     -    1s
     0     0 4510.80487    0  287          - 4510.80487      -     -    1s
     0     0 4510.80487    0  153          - 4510.80487      -     -    2s
     0     0 4510.80487    0  235          - 4510.80487      -     -    2s
     0     0 4510.80487    0  323          - 4510.80487      -     -    3s
     0     0 4548.25397    0  352          - 4548.25397      -     -    3s
     0     0 4554.65175    0  320          - 4554.65175      -     -    3s
     0     0 4559.60518    0  297          - 4559.60518      -     -    3s
     0     0 4559.87308    0  282          - 4559.87308      -     -    3s
     0     0 4616.23781    0  285          - 4616.23781      -     -    3s
     0     0 4636.03089    0  293          - 4636.03089      -     -    3s
     0     0 4639.02943    0  289          - 4639.02943      -     -    4s
     0     0 4639.19242    0  329          - 4639.19242      -     -    4s
     0     0 4657.45017    0  357          - 4657.45017      -     -    4s
     0     0 4661.66062    0  307          - 4661.66062      -     -    4s
     0     0 4663.39680    0  362          - 4663.39680      -     -    4s
     0     0 4664.37795    0  347          - 4664.37795      -     -    4s
     0     0 4671.00099    0  298          - 4671.00099      -     -    5s
     0     0 4671.61630    0  372          - 4671.61630      -     -    5s
     0     0 4676.44997    0  340          - 4676.44997      -     -    5s
     0     0 4676.44997    0  271          - 4676.44997      -     -    5s
     0     2 4676.44997    0  260          - 4676.44997      -     -    7s
    28    33 4901.09607    9  243          - 4723.39580      -   504   10s
   193   190 4885.68913    5  260          - 4723.67175      -   197   15s
   482   464 5278.40656   32   67          - 4723.67175      -   117   20s
   740   693 4878.99276   15  287          - 4723.67175      -  98.1   25s
   758   705 6018.08356   76  513          - 4723.67175      -  95.7   30s
   776   717 5190.04613   34  579          - 4723.67175      -  93.5   36s
   804   736 7147.34750  189  481          - 4723.67175      -  90.3   40s
   810   740 4747.83838    7  478          - 4728.98530      -  89.6   47s
   811   743 4728.98530   13  428          - 4728.98530      -   111   51s
   817   747 4757.31364   15  415          - 4734.35004      -   114   55s
   835   757 4866.66579   20  355          - 4757.43765      -   123   60s
   857   776 4998.62900   27  287          - 4757.43765      -   137   65s
   898   808 5274.57746   40  137          - 4757.43765      -   150   70s
   968   860 5863.58692   65  104          - 4757.43765      -   155   75s
  1118   930 6741.01937  108   58          - 4757.43765      -   148   81s
  1272  1011 7993.82500  182    4          - 4758.74988      -   137   85s
  1322  1021 5002.47366   21  357          - 4758.74988      -   140   90s
  1361  1050 5069.57331   26  233          - 4758.74988      -   145   95s
  1415  1091 5330.21748   34  231          - 4758.74988      -   150  101s
  1470  1138 5438.50502   42  127          - 4758.74988      -   152  105s
  1614  1309 5704.77775   69   98          - 4758.74988      -   146  111s
  1822  1419 6008.51614   84   59          - 4758.74988      -   134  116s
* 1943  1352             238    8832.2900000 4758.74988  46.1%   128  117s
  1964  1351 6401.68692   93   87 8832.29000 4758.74988  46.1%   128  120s
  1975  1349 6424.32068   94   92 8832.29000 4758.74988  46.1%   129  128s
  1977  1360 6487.56528   95  118 8832.29000 4758.74988  46.1%   130  130s
  2015  1374 6636.19675  101  111 8832.29000 4758.74988  46.1%   131  147s
  2047  1436 6877.37497  109   81 8832.29000 4758.74988  46.1%   130  151s
  2110  1433 4819.18969   16  356 8832.29000 4795.12525  45.7%   130  155s
  2155  1451 5122.12054   33  218 8832.29000 4795.12525  45.7%   132  160s
  2191  1508 5463.35051   61  156 8832.29000 4795.12525  45.7%   133  165s
  2279  1555 6370.91972  128   83 8832.29000 4795.12525  45.7%   131  170s
  2370  1647 7681.43360  198   19 8832.29000 4796.74950  45.7%   128  177s
  2481  1656 4972.51442   19  338 8832.29000 4796.74950  45.7%   124  180s
  2556  1683 5411.12230   37  241 8832.29000 4796.74950  45.7%   124  186s
  2625  1778 6042.84196   87  130 8832.29000 4796.74950  45.7%   125  192s
  2709  1885 6423.96967  152   54 8832.29000 4806.92188  45.6%   123  196s
  2882  1883 infeasible  278      8832.29000 4813.69418  45.5%   118  200s
  3004  1992 5186.95352   24  317 8832.29000 4813.69418  45.5%   118  208s
  3076  2165 5407.57142   28  280 8832.29000 4813.69418  45.5%   119  213s
  3258  2185 5502.11641   31  248 8832.29000 4813.69418  45.5%   114  219s
  3285  2206 5611.15955   35  266 8832.29000 4813.69418  45.5%   115  226s
  3306  2293 5764.90092   36  274 8832.29000 4813.69418  45.5%   116  230s
  3393  2398 5734.07773   41  216 8832.29000 4813.69418  45.5%   115  235s
  3527  2449 5878.42632   50  134 8832.29000 4813.69418  45.5%   113  240s
  3574  2583 6715.83496   69  118 8832.29000 4813.69418  45.5%   114  245s
  3743  2628     cutoff  107      8832.29000 4829.75744  45.3%   111  250s
  3799  2733 5194.52566   24  314 8832.29000 4830.53027  45.3%   112  255s
  3912  2790 4889.51095   18  276 8832.29000 4830.53027  45.3%   111  260s
  3997  2879 5022.70370   23  306 8832.29000 4830.53027  45.3%   111  265s
  4106  2937 5086.90671   32  206 8832.29000 4830.53027  45.3%   110  271s
  4158  3027 5355.65904   55   11 8832.29000 4830.53027  45.3%   111  276s
  4264  3176 6498.26000  103   18 8832.29000 4838.99598  45.2%   111  284s
  4365  3180 6892.48125  154   24 8832.29000 4838.99598  45.2%   109  286s
  4478  3248 8400.59000  187    - 8832.29000 4839.50861  45.2%   108  292s
  4541  3419 8357.15000  187   16 8832.29000 4839.63801  45.2%   109  298s
  4740  3512 infeasible  201      8832.29000 4843.11200  45.2%   106  305s
  4851  3548 8774.86000  197    - 8832.29000 4845.58504  45.1%   106  311s
  4885  3557 infeasible  197      8832.29000 4847.10372  45.1%   107  316s
  4895  3604 4929.87522   21  473 8832.29000 4847.10372  45.1%   108  338s
  4942  3805 5338.44276   38  228 8832.29000 4847.10372  45.1%   109  347s
H 5159  3947                    8831.9600000 4847.10372  45.1%   107  356s
  5323  3981 4930.87369   23  328 8831.96000 4848.05990  45.1%   106  364s
  5352  4031 5297.37015   33  277 8831.96000 4848.05990  45.1%   108  371s
  5402  4188 5440.22203   49  217 8831.96000 4848.05990  45.1%   108  380s
  5559  4488 5660.43228   64  182 8831.96000 4848.05990  45.1%   108  391s
  5902  4595 6092.35737  160   37 8831.96000 4849.79491  45.1%   104  401s
  6057  4717 7424.17668  222   23 8831.96000 4852.33360  45.1%   104  412s
  6187  4759     cutoff  310      8831.96000 4853.34667  45.0%   103  421s
  6231  4814 5028.26571   26  305 8831.96000 4853.34667  45.0%   104  428s
  6286  4923 5117.11458   30  312 8831.96000 4853.34667  45.0%   105  438s
  6419  4942 5134.70634   35  296 8831.96000 4853.34667  45.0%   104  447s
  6438  4986 5250.79637   42  214 8831.96000 4853.34667  45.0%   105  455s
  6482  5059 5483.71519   57  169 8831.96000 4853.34667  45.0%   107  464s
  6555  5061 5689.70313   84  139 8831.96000 4853.34667  45.0%   108  497s
  6557  5137 5814.70123   84   91 8831.96000 4853.34667  45.0%   108  505s
  6633  5297 6284.81554  110  121 8831.96000 4853.34667  45.0%   109  516s
  6799  5568 6921.00756  180   55 8831.96000 4853.34667  45.0%   109  529s
  6849  5568 6993.32850  205   51 8831.96000 4853.34667  45.0%   109  530s
  7087  5820 8149.83356  296   39 8831.96000 4858.86512  45.0%   107  545s
  7524  6045 infeasible  433      8831.96000 4864.84542  44.9%   104  561s
  7718  6421 6096.89992   71  169 8831.96000 4865.17423  44.9%   104  578s
  8127  6502     cutoff  220      8831.96000 4871.19113  44.8%   101  591s
  8206  6790 5393.63319   36  324 8831.96000 4872.18335  44.8%   102  604s
  8259  6790 6908.40931   89  130 8831.96000 4872.18335  44.8%   103  605s
  8558  6910 8448.17500  174   17 8831.96000 4874.24669  44.8%   101  618s
  8694  6953     cutoff  185      8831.96000 4876.39016  44.8%   101  630s
  8758  7133 5511.63064   33  314 8831.96000 4879.14738  44.8%   103  645s
  8992  7222 8513.90667  207   16 8831.96000 4879.27215  44.8%   102  658s
  9065  7305 5443.74425   39  190 8831.96000 4879.27215  44.8%   104  668s
  9148  7560 5789.70570   71   41 8831.96000 4880.04717  44.7%   106  684s
  9248  7560 5973.17529  137    3 8831.96000 4880.04717  44.7%   105  685s
  9484  7774     cutoff  222      8831.96000 4880.92027  44.7%   105  702s
  9688  7909 5124.61407   34  178 8831.96000 4880.92027  44.7%   105  719s
  9795  7914 8471.63271  128    9 8831.96000 4880.92027  44.7%   105  720s
  9871  8171 5412.15521   63   98 8831.96000 4880.92027  44.7%   105  733s
 10065  8171     cutoff  148      8831.96000 4880.92027  44.7%   105  735s
 10122  8472 5547.23551  160   25 8831.96000 4882.61606  44.7%   105  749s
 10172  8472 5586.58982  185   29 8831.96000 4882.61606  44.7%   105  750s
 10477  8528 7424.49659  243   21 8831.96000 4884.54282  44.7%   104  764s
 10565  8598 7668.43942  258   39 8831.96000 4887.40768  44.7%   105  792s
 10661  8627 4953.82261   23  551 8831.96000 4887.79222  44.7%   105  807s
 10690  8678 5126.05782   38  289 8831.96000 4887.79222  44.7%   106  819s
 10743  8752 5481.20259   56  239 8831.96000 4887.79222  44.7%   108  832s
 10817  8886 5788.13464   82   81 8831.96000 4890.91481  44.6%   109  846s
 10975  9053 6594.32000  165   14 8831.96000 4891.10488  44.6%   109  861s
 11199  9232 infeasible  260      8831.96000 4891.19872  44.6%   108  877s
 11393  9382 5363.46921   45  304 8831.96000 4892.76652  44.6%   108  891s
 11566  9429 7745.27778  174   11 8831.96000 4894.03585  44.6%   109  907s
 11647  9546     cutoff  187      8831.96000 4894.24552  44.6%   109  921s
 11786  9674 5127.45432   30  272 8831.96000 4894.24552  44.6%   110  936s
 11969  9862 5489.68689   44  130 8831.96000 4894.24552  44.6%   110  950s
 12135 10176 5789.71855   77   43 8831.96000 4894.96801  44.6%   111  966s
 12506 10229 5410.79795   27  287 8831.96000 4895.59875  44.6%   110  980s
 12570 10337 5673.70507   38  260 8831.96000 4895.59875  44.6%   111  991s
 12680 10500 6678.76633   56  221 8831.96000 4895.59875  44.6%   112 1061s
 12856 10628 7875.04145   92   82 8831.96000 4899.14747  44.5%   112 1078s
 13043 10968 5434.23453   34  217 8831.96000 4902.90751  44.5%   112 1094s
 13093 10968 6452.83078   84   97 8831.96000 4902.90751  44.5%   112 1095s
 13463 11064     cutoff  221      8831.96000 4903.45782  44.5%   110 1112s
 13544 11326 5203.97627   48  284 8831.96000 4903.63970  44.5%   111 1128s
 13817 11784 5640.26961   84  157 8831.96000 4904.54274  44.5%   111 1149s
 13867 11784 5875.33333  119    8 8831.96000 4904.54274  44.5%   111 1150s
 14425 12151 7983.82500  273    8 8831.96000 4905.17393  44.5%   109 1167s
 14639 12177 7658.60000  235   10 8831.96000 4905.54938  44.5%   108 1170s
 14813 12478 8148.66000  275    - 8831.96000 4906.26773  44.4%   107 1185s
 15175 12524 infeasible  377      8831.96000 4907.54475  44.4%   106 1232s
 15212 12641 4961.81071   28  312 8831.96000 4909.54494  44.4%   106 1248s
 15337 12865 6456.60382  118   56 8831.96000 4909.70985  44.4%   107 1263s
 15487 12878 8585.05158  248   21 8831.96000 4909.70985  44.4%   106 1265s
 15605 13051     cutoff  253      8831.96000 4909.87947  44.4%   107 1279s
 15780 13374 5926.14901   73   44 8831.96000 4910.56985  44.4%   107 1297s
 16332 13570 5659.21957   43  261 8831.96000 4911.58684  44.4%   105 1314s
 16432 13570 6620.76275  143   16 8831.96000 4911.58684  44.4%   105 1315s
 16461 13615 5101.34973   24  447 8831.96000 4911.95688  44.4%   105 1326s
 16530 13655 5241.46135   27  441 8831.96000 4911.95688  44.4%   106 1340s
 16574 13723 5515.84218   35  400 8831.96000 4911.95688  44.4%   107 1353s
 16642 13882 5619.67180   40  223 8831.96000 4911.95688  44.4%   107 1369s
 16779 13882 8169.92238  186   45 8831.96000 4911.95688  44.4%   107 1370s
 16822 14080 5828.75848   56  132 8831.96000 4911.95688  44.4%   107 1385s
 17024 14261 8220.02836  109   33 8831.96000 4915.48037  44.3%   107 1402s
 17252 14368 5066.98393   29  311 8831.96000 4916.07955  44.3%   107 1419s
 17347 14373 5521.44719   61   15 8831.96000 4916.07955  44.3%   107 1420s
 17383 14617 5484.40271   54   52 8831.96000 4916.07955  44.3%   107 1436s
 17483 14617 6130.75380   88   33 8831.96000 4916.07955  44.3%   107 1440s
 17647 14731 6095.56000   93    6 8831.96000 4917.12364  44.3%   107 1457s
 17829 14781 7297.11000  152    - 8831.96000 4917.50748  44.3%   107 1476s
 17858 14914 7592.45091  153   38 8831.96000 4917.60084  44.3%   107 1489s
 17910 14920 8790.26000  196    4 8831.96000 4917.60084  44.3%   107 1490s
 18014 15092 5354.26009   30  315 8831.96000 4917.60084  44.3%   108 1511s
 18261 15154 5530.16114   38  262 8831.96000 4917.60084  44.3%   107 1527s
 18302 15337 6082.31053   44  310 8831.96000 4917.60084  44.3%   108 1542s
 18490 15391 6404.62399   63  135 8831.96000 4917.60084  44.3%   108 1558s
 18554 15518 6410.75089   64  136 8831.96000 4917.60084  44.3%   108 1572s
 18677 15780 7246.03657   99   41 8831.96000 4921.08201  44.3%   109 1590s
 18969 15980 infeasible  159      8831.96000 4921.12623  44.3%   108 1610s
 19258 16086 5442.61843   34  414 8831.96000 4921.27123  44.3%   108 1625s
 19347 16315 6308.73857   75  126 8831.96000 4921.67382  44.3%   108 1640s
 19618 16487     cutoff  266      8831.96000 4921.87059  44.3%   108 1655s
 19815 16680 5226.32190   27  322 8831.96000 4922.65062  44.3%   108 1672s
 20018 16801 6921.69209   98   91 8831.96000 4922.77062  44.3%   108 1689s
 20069 16801 8107.90406  148   44 8831.96000 4922.77062  44.3%   108 1690s
 20162 16976 5222.97542   32  460 8831.96000 4922.77062  44.3%   108 1705s
 20350 17049 5583.52332   45  285 8831.96000 4922.82940  44.3%   108 1722s
 20442 17212 5259.01895   32  483 8831.96000 4922.94395  44.3%   109 1737s
 20641 17420 5775.58561   61  265 8831.96000 4923.08719  44.3%   109 1754s
 20710 17422 6769.00000  128    - 8831.96000 4923.08719  44.3%   109 1755s
 20865 17536 6788.78000  128    - 8831.96000 4924.38209  44.2%   109 1773s
 21006 17754     cutoff  231      8831.96000 4924.89321  44.2%   108 1790s
 21240 17890 6016.76014   72  234 8831.96000 4925.51529  44.2%   108 1806s
 21394 17969 8639.10219  158   15 8831.96000 4926.23479  44.2%   108 1823s
 21516 18038 8816.64000  161    8 8831.96000 4926.30733  44.2%   109 1839s
 21589 18094 8831.86000  162    - 8831.96000 4926.34652  44.2%   109 1856s
 21656 18147     cutoff  162      8831.96000 4927.20739  44.2%   109 1870s
 21719 18472 6006.70585   60  142 8831.96000 4928.80271  44.2%   110 1888s
 21924 18482 8763.62000  240   10 8831.96000 4928.80271  44.2%   109 1890s
 22134 18527 infeasible  244      8831.96000 4929.47512  44.2%   109 1907s
 22169 18593 5197.18143   34  259 8831.96000 4929.59083  44.2%   109 1920s
 22237 18694 5268.93242   47  167 8831.96000 4929.59083  44.2%   110 1934s
 22340 18860 5429.13644   66   82 8831.96000 4929.59083  44.2%   111 1951s
 22528 19164 6065.51444  113   75 8831.96000 4929.59083  44.2%   111 1970s
 22836 19464 6983.57060  235   37 8831.96000 4930.52938  44.2%   111 1990s
 23226 19613 8431.88000  278    - 8831.96000 4931.29362  44.2%   110 2006s
 23417 19657 infeasible  305      8831.96000 4932.32196  44.2%   110 2020s
 23474 19671 5242.44141   29  401 8831.96000 4932.50392  44.2%   110 2037s
 23490 19780 5463.77363   40  264 8831.96000 4932.50392  44.2%   110 2049s
 23541 19780 6666.85839   91  119 8831.96000 4932.50392  44.2%   110 2050s
 23599 19872 7700.59652  130   40 8831.96000 4932.74998  44.1%   111 2065s
 23718 19986 8482.54000  165   25 8831.96000 4932.86186  44.1%   111 2078s
 23852 20069     cutoff  179      8831.96000 4933.06868  44.1%   111 2092s
 23984 20306 5498.89645   52  269 8831.96000 4933.73781  44.1%   111 2107s
 24283 20384 8328.64000  187   20 8831.96000 4934.85690  44.1%   110 2121s
 24369 20543 8586.96471  193    5 8831.96000 4935.29460  44.1%   111 2135s
 24610 20643 infeasible  205      8831.96000 4935.90506  44.1%   110 2150s
 24709 20751 5610.07806   66  153 8831.96000 4936.24725  44.1%   110 2163s
 24843 20821 8105.89804  157   26 8831.96000 4936.51319  44.1%   110 2177s
 24919 20866 8286.59000  163    - 8831.96000 4937.02326  44.1%   111 2192s
 24970 21003 8316.01000  163    - 8831.96000 4937.45773  44.1%   111 2208s
 25134 21011 8725.69851  189   36 8831.96000 4937.73873  44.1%   111 2210s
 25141 21046 8316.41000  163    2 8831.96000 4937.80777  44.1%   111 2226s
*25142 19611             164    8344.5900000 4937.80777  40.8%   111 2227s
 25229 19665 5618.45701   37  182 8344.59000 4938.34600  40.8%   111 2242s
 25331 19737     cutoff  109      8344.59000 4938.81631  40.8%   112 2257s
 25422 19817     cutoff  109      8344.59000 4939.57165  40.8%   112 2275s
 25509 19984 5341.75598   45  186 8344.59000 4939.79378  40.8%   112 2291s
 25680 20235 5935.54000   76   43 8344.59000 4939.81080  40.8%   112 2307s
 25971 20389 7095.65758  154   51 8344.59000 4939.98113  40.8%   112 2324s
 26039 20389 5496.27169   53  107 8344.59000 4939.98113  40.8%   112 2325s
 26167 20525 6044.06157   83  112 8344.59000 4940.83507  40.8%   112 2341s
 26343 20570 infeasible  170      8344.59000 4941.46581  40.8%   112 2355s
*26378 18945             188    7895.6700000 4942.68198  37.4%   112 2356s
*26380 18941             188    7895.0200000 4942.68198  37.4%   112 2356s
 26399 18982     cutoff  169      7895.02000 4942.82485  37.4%   112 2371s
 26450 19116 5526.11462   60  147 7895.02000 4942.86525  37.4%   112 2387s
 26609 19181 5190.39992   24  285 7895.02000 4942.86525  37.4%   112 2402s
 26672 19275 5602.12078   52   46 7895.02000 4942.86525  37.4%   113 2416s
 26766 19476 5997.45500   78   13 7895.02000 4943.27826  37.4%   113 2437s
 27050 19513 6463.69000  115    - 7895.02000 4943.36586  37.4%   113 2451s
 27082 19582 6659.42173  115   56 7895.02000 4943.52630  37.4%   113 2468s
 27184 19642     cutoff  164      7895.02000 4943.78739  37.4%   113 2481s
 27253 19843 5155.20070   27  284 7895.02000 4943.78739  37.4%   114 2497s
 27500 19910 6596.46000  124   17 7895.02000 4945.66702  37.4%   113 2513s
 27586 19964 5164.87217   31  340 7895.02000 4945.71877  37.4%   114 2526s
 27628 20085 5454.84274   38  387 7895.02000 4945.71877  37.4%   114 2541s
 27749 20247 6085.63516   51  306 7895.02000 4945.71877  37.4%   114 2560s
 27979 20408 6357.06222   66  163 7895.02000 4945.84252  37.4%   114 2581s
 28164 20530 7776.99000  106   12 7895.02000 4946.03620  37.4%   114 2597s
 28311 20623 7865.05000  119    - 7895.02000 4947.02145  37.3%   114 2616s
 28471 20705     cutoff  119      7895.02000 4947.68239  37.3%   114 2635s
 28571 20761 infeasible  121      7895.02000 4948.35271  37.3%   114 2652s
 28624 20880 5877.80073   56  173 7895.02000 4948.45334  37.3%   114 2670s
 28779 20998 7682.80547  143   41 7895.02000 4948.85543  37.3%   114 2688s
 28913 21109 5839.51910   67  137 7895.02000 4948.97407  37.3%   114 2708s
 29060 21151 infeasible  165      7895.02000 4949.27890  37.3%   114 2725s
 29105 21274 5434.13330   37  466 7895.02000 4949.45062  37.3%   115 2743s
 29246 21347 5715.42005   63  310 7895.02000 4949.45062  37.3%   115 2759s
 29333 21504 6359.86903  115  203 7895.02000 4950.15285  37.3%   115 2777s
 29528 21610 5098.93737   28  430 7895.02000 4950.23278  37.3%   115 2794s
 29624 21727 5237.66807   39   94 7895.02000 4950.23278  37.3%   115 2811s
 29761 21762 5441.93748   45  113 7895.02000 4950.23278  37.3%   115 2828s
 29838 21818 5549.22308   54   58 7895.02000 4950.23278  37.3%   115 2843s
 29900 21989 5800.00179   71   36 7895.02000 4950.23278  37.3%   115 2859s
 29950 21989 5952.78765  101    6 7895.02000 4950.23278  37.3%   115 2860s
 30096 22056 6473.87511  117   55 7895.02000 4951.11559  37.3%   115 2878s
 30194 22206 7007.36645  134   72 7895.02000 4952.47153  37.3%   116 2899s
 30303 22222 6969.91365  114   74 7895.02000 4952.52723  37.3%   116 2900s
 30390 22276 7217.16000  141    - 7895.02000 4952.55868  37.3%   115 2919s
 30467 22313 7709.34000  164    - 7895.02000 4952.84950  37.3%   116 2936s
 30509 22415 5450.64511   36  245 7895.02000 4952.84950  37.3%   116 2951s
 30605 22561 5724.40836   58   81 7895.02000 4952.84950  37.3%   116 2969s
 30769 22747 6305.27590   83   65 7895.02000 4953.00136  37.3%   116 2995s
 31036 22800     cutoff  168      7895.02000 4953.31077  37.3%   116 3011s
 31063 22828     cutoff  165      7895.02000 4953.38942  37.3%   116 3027s
 31092 22877 5190.28803   30  484 7895.02000 4953.38942  37.3%   116 3041s
 31141 23032 5219.42977   30  423 7895.02000 4953.38942  37.3%   116 3064s
 31204 23032 7522.10395  155   73 7895.02000 4953.38942  37.3%   117 3065s
 31311 23069 5709.48483   36  413 7895.02000 4953.38942  37.3%   116 3081s
 31348 23115 6279.63169   48  383 7895.02000 4953.38942  37.3%   117 3096s
 31394 23196 6561.04119   58   79 7895.02000 4953.38942  37.3%   117 3112s
 31475 23305 7435.98440   70  142 7895.02000 4953.93800  37.3%   117 3131s
 31627 23426 5347.84810   26  517 7895.02000 4953.94253  37.3%   117 3149s
 31641 23426 5531.78710   44  188 7895.02000 4953.94253  37.3%   117 3150s
 31800 23552 5738.99093   40  252 7895.02000 4953.94253  37.3%   117 3167s
 31923 23703 7014.22386  102   99 7895.02000 4954.24088  37.2%   117 3185s
 32112 23769 5320.10148   41  236 7895.02000 4954.26955  37.2%   117 3203s
 32170 23860 5612.24132   57   49 7895.02000 4954.26955  37.2%   117 3221s
 32262 23941 5971.45429   93   27 7895.02000 4954.33377  37.2%   117 3239s
 32357 23955 5615.25392   49  323 7895.02000 4954.33377  37.2%   117 3240s
 32377 24034 6958.09632  124   23 7895.02000 4954.44016  37.2%   118 3256s
 32468 24148 5484.32842   58  244 7895.02000 4954.44759  37.2%   118 3272s
 32628 24259 6564.24000  140    - 7895.02000 4954.86020  37.2%   118 3291s
 32754 24376 6704.86500  140   34 7895.02000 4955.22823  37.2%   118 3307s
 32941 24451 infeasible  205      7895.02000 4955.56057  37.2%   118 3324s
 33017 24687 5476.78922   44  249 7895.02000 4955.83043  37.2%   118 3342s
 33273 24772 6422.34965  127   19 7895.02000 4956.02040  37.2%   117 3360s
 33365 24790 6768.88918  149   12 7895.02000 4956.02040  37.2%   118 3377s
 33379 24951 7107.17000  157    - 7895.02000 4956.04852  37.2%   118 3396s
 33629 25072 7169.93000  158   26 7895.02000 4956.20111  37.2%   117 3414s
 33763 25123 7362.87000  166    - 7895.02000 4956.57472  37.2%   117 3431s
 33819 25232 7390.29000  166    - 7895.02000 4956.67803  37.2%   117 3449s
 33991 25299 7421.19500  166   16 7895.02000 4957.50824  37.2%   117 3468s
 34060 25386 5364.88869   32  341 7895.02000 4957.59677  37.2%   118 3484s
 34136 25529 5521.31132   44  210 7895.02000 4957.59677  37.2%   118 3505s
 34319 25610 5626.89877   53  310 7895.02000 4957.59677  37.2%   118 3521s
 34399 25755 5689.01694   64  114 7895.02000 4957.59677  37.2%   118 3539s
 34485 25755 6543.56966  116   26 7895.02000 4957.59677  37.2%   118 3540s
 34565 25762 5855.78149   85   36 7895.02000 4957.59677  37.2%   118 3600s

Cutting planes:
  User: 3146
  Gomory: 17
  Cover: 386
  Implied bound: 46
  Clique: 10
  MIR: 124
  StrongCG: 1
  Flow cover: 454
  Zero half: 42
  RLT: 288
  Relax-and-lift: 9
  Lazy constraints: 9957

Explored 34569 nodes (4088947 simplex iterations) in 3600.44 seconds
Thread count was 2 (of 32 available processors)

Solution count 5: 7895.02 7895.67 8344.59 ... 8832.29

Time limit reached
Best objective 7.895020000000e+03, best bound 4.957596767894e+03, gap 37.2060%

User-callback calls 426622, time in user-callback 310.87 sec
================================================================================
executing instance: ./input/Instances/Original/5/absH3low_4n25.dat
--------------------------------------------------------------------------------
Instance details
n	26
H	3
C	2029
Li:
[0, 0, 0, 0, 0, 0, 0, 0, 0, 0, 0, 0, 0, 0, 0, 0, 0, 0, 0, 0, 0, 0, 0, 0, 0, 0, ]
Ui:
[0, 34, 165, 76, 88, 188, 58, 279, 52, 132, 198, 142, 135, 165, 186, 58, 201, 196, 40, 183, 32, 90, 168, 126, 93, 146, ]
Distance matrix:
|0	299	188	235	91	202	152	147	162	277	268	132	71	162	220	69	220	289	241	124	265	80	162	132	66	302	|
|299	0	468	431	282	142	317	425	443	569	193	178	359	302	422	231	93	28	511	325	457	242	434	215	240	601	|
|188	468	0	153	265	342	308	43	192	106	455	290	117	206	142	246	379	464	252	274	360	267	211	319	231	184	|
|235	431	153	0	326	289	386	145	321	240	482	269	184	129	15	258	339	436	393	355	477	305	336	354	237	334	|
|91	282	265	326	0	228	66	228	166	339	196	157	154	242	311	99	225	264	229	50	201	47	153	71	115	340	|
|202	142	342	289	228	0	285	301	363	447	255	73	245	161	281	139	53	151	440	278	428	181	360	187	136	495	|
|152	317	308	386	66	285	0	275	167	368	188	217	207	308	371	163	274	295	210	34	145	108	148	104	181	350	|
|147	425	43	145	228	301	275	0	179	146	415	248	76	172	131	203	337	421	248	242	341	227	195	279	188	211	|
