




arguments: ./build/mirp_solver -f ./input/orig_exec_64.cfg
Current dir: /scratch/gui/bnc_mirp
File verbosity level: 9
date       time         ( uptime  ) [ thread name/id ]                   file:line     v| 
2021-01-09 06:57:02.869 (   0.079s) [main thread     ]             loguru.cpp:789   INFO| Logging to './output/vi_lex_half/OU/V3/Original/execution_09_01_2021_06_57_02.log', mode: 'a', verbosity: 9
--------------------------------------------------------------------------------
Parameters
                           instance_path           ./input/Instances/Original/2/
                            model_policy                                       1
                             nb_vehicles                                       3
                              output_dir    ./output/vi_lex_half/OU/V3/Original/
                            sec_strategy                                       1
                       solver_nb_threads                                       2
                         solver_show_log                                    true
                       solver_time_limit                                    3600
                              use_vi_cos                                   false
                              use_vi_cus                                   false
                         use_vi_hc1_full                                   false
                         use_vi_hc1_half                                   false
                      use_vi_hc1_quarter                                   false
                              use_vi_hc2                                   false
                              use_vi_hc3                                   false
                         use_vi_lex_full                                   false
                         use_vi_lex_half                                    true
                      use_vi_lex_quarter                                   false
                              use_vi_qua                                   false
                               use_vi_vc                                   false
                               use_vi_vr                                   false
--------------------------------------------------------------------------------
executing instance: ./input/Instances/Original/2/absH3high_3n40.dat
--------------------------------------------------------------------------------
Instance details
n	41
H	3
C	3283
Li:
[0, 0, 0, 0, 0, 0, 0, 0, 0, 0, 0, 0, 0, 0, 0, 0, 0, 0, 0, 0, 0, 0, 0, 0, 0, 0, 0, 0, 0, 0, 0, 0, 0, 0, 0, 0, 0, 0, 0, 0, 0, ]
Ui:
[0, 63, 111, 99, 96, 111, 282, 122, 156, 261, 42, 192, 126, 42, 162, 207, 159, 122, 102, 190, 118, 102, 132, 102, 165, 252, 66, 52, 22, 114, 210, 176, 116, 294, 78, 152, 210, 45, 130, 198, 174, ]
Distance matrix:
|0	208	225	252	227	143	258	127	267	150	28	83	163	286	57	149	201	137	214	255	70	73	107	186	328	266	249	343	222	177	293	144	262	215	167	120	169	218	143	173	255	|
|208	0	397	355	416	198	216	99	211	275	193	172	97	166	240	225	362	109	277	314	182	216	273	374	298	208	319	161	14	103	93	120	58	196	152	156	372	227	260	218	453	|
|225	397	0	427	53	364	482	343	492	129	253	225	382	386	171	188	39	291	187	195	295	182	282	55	326	491	180	551	408	315	457	366	455	275	392	244	221	439	341	214	101	|
|252	355	427	0	401	158	201	263	219	396	234	328	259	498	299	400	420	354	465	506	205	324	152	374	574	219	499	393	366	389	446	235	378	456	205	359	224	150	111	423	400	|
|227	416	53	401	0	357	477	352	489	165	253	245	389	424	179	223	85	315	234	245	293	200	264	42	375	488	231	565	428	344	484	370	474	314	392	270	184	430	325	252	50	|
|143	198	364	158	357	0	121	105	134	290	116	196	103	342	200	276	343	205	343	385	74	210	112	319	432	133	382	265	209	237	290	78	226	313	57	220	232	75	69	292	375	|
|258	216	482	201	477	121	0	168	18	397	230	293	135	381	314	372	459	275	437	480	188	317	228	439	501	18	479	197	222	296	290	132	212	386	95	306	347	58	173	381	496	|
|127	99	343	263	352	105	168	0	171	239	105	130	40	237	173	206	313	109	270	312	84	164	175	310	337	169	313	216	112	135	192	37	142	220	77	138	280	155	162	213	382	|
|267	211	492	219	489	134	18	171	0	404	240	298	136	376	323	376	468	276	441	483	198	324	243	450	500	2	483	181	215	294	281	136	202	386	102	309	363	75	189	384	509	|
|150	275	129	396	165	290	397	239	404	0	175	110	279	259	97	59	91	166	84	116	217	80	245	130	226	402	106	434	286	187	329	269	333	149	302	119	244	364	291	87	213	|
|28	193	253	234	253	116	230	105	240	175	0	94	139	286	84	167	229	136	234	275	43	96	98	212	341	238	271	320	206	175	281	118	244	225	140	128	180	191	124	189	280	|
|83	172	225	328	245	196	293	130	298	110	94	0	169	209	77	80	191	71	147	189	127	45	189	203	247	296	187	327	184	106	241	162	230	132	198	38	242	266	217	96	285	|
|163	97	382	259	389	103	135	40	136	279	139	169	0	253	212	244	353	141	307	349	110	203	194	347	366	133	350	183	107	161	187	27	124	251	56	175	306	133	169	249	418	|
|286	166	386	498	424	342	381	237	376	259	286	209	253	0	284	201	347	151	210	230	299	247	383	387	155	374	242	290	162	112	129	270	192	113	308	172	451	386	391	172	471	|
|57	240	171	299	179	200	314	173	323	97	84	77	212	284	0	112	145	147	170	208	127	38	148	137	299	321	201	386	253	183	315	195	297	195	222	112	171	275	195	142	214	|
|149	225	188	400	223	276	372	206	376	59	167	80	244	201	112	0	149	117	67	110	205	78	254	186	187	374	108	387	235	132	272	240	283	93	277	71	279	346	291	32	270	|
|201	362	39	420	85	343	459	313	468	91	229	191	353	347	145	149	0	254	149	160	272	150	271	66	290	466	146	518	373	278	419	339	420	235	367	207	227	418	327	175	135	|
|137	109	291	354	315	205	275	109	276	166	136	71	141	151	147	117	254	0	172	212	151	116	232	273	229	274	215	270	119	39	170	145	167	111	186	47	305	263	245	113	356	|
|214	277	187	465	234	343	437	270	441	84	234	147	307	210	170	67	149	172	0	42	272	141	317	205	144	439	43	437	284	175	307	305	331	99	343	132	327	413	357	60	283	|
|255	314	195	506	245	385	480	312	483	116	275	189	349	230	208	110	160	212	42	0	314	182	356	222	132	481	15	474	321	212	337	347	367	126	385	174	358	455	398	100	295	|
|70	182	295	205	293	74	188	84	198	217	43	127	110	299	127	205	272	151	272	314	0	137	91	253	370	196	310	292	195	188	274	85	226	252	99	155	197	148	94	223	316	|
|73	216	182	324	200	210	317	164	324	80	96	45	203	247	38	78	150	116	141	182	137	0	176	158	263	323	176	369	229	150	286	191	274	157	223	77	208	284	216	106	239	|
|107	273	282	152	264	112	228	175	243	245	98	189	194	383	148	254	271	232	317	356	91	176	0	231	435	242	349	371	286	271	365	167	315	321	164	224	120	174	61	280	274	|
|186	374	55	374	42	319	439	310	450	130	212	203	347	387	137	186	66	273	205	222	253	158	231	0	348	448	208	523	386	303	442	329	431	279	352	229	167	392	291	217	85	|
|328	298	326	574	375	432	501	337	500	226	341	247	366	155	299	187	290	229	144	132	370	263	435	348	0	498	147	441	299	206	283	374	338	119	414	215	465	492	463	157	425	|
|266	208	491	219	488	133	18	169	2	402	238	296	133	374	321	374	466	274	439	481	196	323	242	448	498	0	481	180	213	292	278	134	200	384	100	307	362	75	188	381	508	|
|249	319	180	499	231	382	479	313	483	106	271	187	350	242	201	108	146	215	43	15	310	176	349	208	147	481	0	480	326	217	346	347	373	135	385	175	347	454	392	103	280	|
|343	161	551	393	565	265	197	216	181	434	320	327	183	290	386	387	518	270	437	474	292	369	371	523	441	180	480	0	153	263	163	207	107	352	208	317	487	244	334	379	598	|
|222	14	408	366	428	209	222	112	215	286	206	184	107	162	253	235	373	119	284	321	195	229	286	386	299	213	326	153	0	109	81	132	48	201	162	167	386	236	272	226	466	|
|177	103	315	389	344	237	296	135	294	187	175	106	161	112	183	132	278	39	175	212	188	150	271	303	206	292	217	263	109	0	142	171	156	95	211	74	344	289	281	118	386	|
|293	93	457	446	484	290	290	192	281	329	281	241	187	129	315	272	419	170	307	337	274	286	365	442	283	278	346	163	81	142	0	212	79	211	241	214	461	311	353	254	525	|
|144	120	366	235	370	78	132	37	136	269	118	162	27	270	195	240	339	145	305	347	85	191	167	329	374	134	347	207	132	171	212	0	151	257	40	174	280	119	142	248	398	|
|262	58	455	378	474	226	212	142	202	333	244	230	124	192	297	283	420	167	331	367	226	274	315	431	338	200	373	107	48	156	79	151	0	245	173	214	421	237	293	273	510	|
|215	196	275	456	314	313	386	220	386	149	225	132	251	113	195	93	235	111	99	126	252	157	321	279	119	384	135	352	201	95	211	257	245	0	297	97	365	374	345	62	362	|
|167	152	392	205	392	57	95	77	102	302	140	198	56	308	222	277	367	186	343	385	99	223	164	352	414	100	385	208	162	211	241	40	173	297	0	213	283	79	126	287	415	|
|120	156	244	359	270	220	306	138	309	119	128	38	175	172	112	71	207	47	132	174	155	77	224	229	215	307	175	317	167	74	214	174	214	97	213	0	280	286	248	75	313	|
|169	372	221	224	184	232	347	280	363	244	180	242	306	451	171	279	227	305	327	358	197	208	120	167	465	362	347	487	386	344	461	280	421	365	283	280	0	291	175	310	176	|
|218	227	439	150	430	75	58	155	75	364	191	266	133	386	275	346	418	263	413	455	148	284	174	392	492	75	454	244	236	289	311	119	237	374	79	286	291	0	116	359	445	|
|143	260	341	111	325	69	173	162	189	291	124	217	169	391	195	291	327	245	357	398	94	216	61	291	463	188	392	334	272	281	353	142	293	345	126	248	175	116	0	313	335	|
|173	218	214	423	252	292	381	213	384	87	189	96	249	172	142	32	175	113	60	100	223	106	280	217	157	381	103	379	226	118	254	248	273	62	287	75	310	359	313	0	300	|
|255	453	101	400	50	375	496	382	509	213	280	285	418	471	214	270	135	356	283	295	316	239	274	85	425	508	280	598	466	386	525	398	510	362	415	313	176	445	335	300	0	|

--------------------------------------------------------------------------------
Building model...
	using lazy and cut (CVRPSEP package)
Solving IRP LP...
--------------------------------------------------------------------------------

Gurobi 9.1.0 (linux64) logging started Sat Jan  9 06:57:03 2021

Gurobi Optimizer version 9.1.0 build v9.1.0rc0 (linux64)
Thread count: 32 physical cores, 32 logical processors, using up to 2 threads
Optimize a model with 1151 rows, 8273 columns and 19148 nonzeros
Model fingerprint: 0x954dfa22
Variable types: 524 continuous, 7749 integer (369 binary)
Coefficient statistics:
  Matrix range     [1e+00, 1e+06]
  Objective range  [1e-01, 6e+02]
  Bounds range     [1e+00, 3e+02]
  RHS range        [1e+01, 6e+03]
Presolve removed 251 rows and 234 columns
Presolve time: 0.12s
Presolved: 900 rows, 8039 columns, 17770 nonzeros
Variable types: 391 continuous, 7648 integer (7270 binary)

Root relaxation: objective 1.227348e+04, 1187 iterations, 0.03 seconds

    Nodes    |    Current Node    |     Objective Bounds      |     Work
 Expl Unexpl |  Obj  Depth IntInf | Incumbent    BestBd   Gap | It/Node Time

     0     0 12273.4818    0  124          - 12273.4818      -     -    0s
     0     0 12719.1804    0  172          - 12719.1804      -     -    0s
     0     0 12723.3554    0  165          - 12723.3554      -     -    0s
     0     0 12723.3554    0  163          - 12723.3554      -     -    0s
     0     0 13435.2922    0  219          - 13435.2922      -     -    0s
     0     0 13441.8392    0  230          - 13441.8392      -     -    0s
     0     0 13447.7585    0  232          - 13447.7585      -     -    0s
     0     0 13447.8253    0  218          - 13447.8253      -     -    0s
     0     0 13612.7873    0  202          - 13612.7873      -     -    1s
     0     0 13630.8800    0  181          - 13630.8800      -     -    1s
     0     0 13659.2184    0  242          - 13659.2184      -     -    1s
     0     0 13668.6586    0  208          - 13668.6586      -     -    1s
     0     0 13672.3411    0  255          - 13672.3411      -     -    1s
     0     0 13674.5787    0  243          - 13674.5787      -     -    1s
     0     0 13683.4967    0  262          - 13683.4967      -     -    1s
     0     0 13683.9750    0  255          - 13683.9750      -     -    1s
     0     0 13722.7482    0  319          - 13722.7482      -     -    1s
     0     0 13738.1737    0  290          - 13738.1737      -     -    1s
     0     0 13738.8543    0  285          - 13738.8543      -     -    1s
     0     0 13776.0548    0  300          - 13776.0548      -     -    2s
     0     0 13778.6662    0  301          - 13778.6662      -     -    2s
     0     0 13779.6691    0  310          - 13779.6691      -     -    2s
     0     0 13790.6438    0  327          - 13790.6438      -     -    2s
     0     0 13790.6438    0  327          - 13790.6438      -     -    2s
     0     2 13795.0170    0  272          - 13795.0170      -     -    3s
    26    29 13848.1463    8  404          - 13813.8594      -   306    5s
   152   156 14254.1608   47  211          - 13813.8594      -   222   10s
   372   422 infeasible  115               - 13813.8594      -   163   15s
   679   657 17660.8969  284   15          - 13833.8621      -   109   20s
   738   700 13997.8733   20  362          - 13833.8621      -   123   25s
   760   715 16082.9927  189  440          - 13919.4139      -   119   30s
   774   724 16629.7019  250  412          - 13927.2231      -   117   35s
   778   730 13928.6914   12  420          - 13928.6914      -   130   40s
   804   749 13962.5053   18  456          - 13949.3247      -   141   45s
   849   779 14035.4392   27  401          - 13951.9500      -   155   50s
   911   829 14128.2891   39  297          - 13951.9500      -   164   55s
   973   869 14251.8329   48  321          - 13951.9500      -   166   62s
  1036   924 14336.5799   54  304          - 13951.9500      -   165   65s
  1218  1079 14529.5142   72  195          - 13951.9500      -   158   71s
* 1361  1099             220    16838.740000 13951.9500  17.1%   149   73s
  1417  1045 14709.1696   95  123 16838.7400 13951.9500  17.1%   144   75s
  1486  1104 14884.8299  121   49 16838.7400 13951.9500  17.1%   144   80s
  1513  1123 14877.8133  133   57 16838.7400 13951.9500  17.1%   143   85s
H 1532   912                    15907.740000 13951.9500  12.3%   142   85s
  1670   999 14157.0405   27  381 15907.7400 13951.9500  12.3%   141   90s
  1791  1081 15766.6335  259   29 15907.7400 13962.5114  12.2%   138   95s
  1838  1081 14085.8350   17  380 15907.7400 13962.5114  12.2%   139  105s
  1888  1116 14233.9217   32  410 15907.7400 13962.5114  12.2%   144  110s
H 1893   959                    15649.740000 13962.5114  10.8%   144  110s
  1942  1016 14343.3423   41  276 15649.7400 13962.5114  10.8%   147  116s
  1999  1086 14524.7341   54  224 15649.7400 13962.5114  10.8%   147  120s
  2134  1234 14739.5227   85  141 15649.7400 13962.5114  10.8%   146  125s
  2364  1300 14927.2998  111   63 15649.7400 13962.5114  10.8%   139  132s
  2584  1287 15219.6954  164   96 15649.7400 13962.5114  10.8%   132  135s
  2725  1404 15544.7854  269   73 15649.7400 13970.3469  10.7%   129  140s
  2782  1451 14373.9425   30  302 15649.7400 13970.3469  10.7%   132  146s
  2833  1510 14537.4379   53  130 15649.7400 13970.3469  10.7%   134  150s
  2964  1751 14743.3689  102   70 15649.7400 13970.3469  10.7%   133  157s
  3099  1896 14965.5064  136  116 15649.7400 13970.3469  10.7%   130  161s
  3260  1999 15253.4762  152   59 15649.7400 13970.3469  10.7%   127  166s
  3363  2088 15346.1386  203   86 15649.7400 13977.2196  10.7%   125  173s
  3469  2191 14185.6692   16  396 15649.7400 13977.2196  10.7%   124  177s
  3576  2242 14273.4106   25  255 15649.7400 13977.2196  10.7%   122  181s
  3684  2366 14802.1955   49  149 15649.7400 13977.2196  10.7%   122  188s
  3783  2474 15392.4592  125   33 15649.7400 13978.9726  10.7%   121  192s
  3906  2520 14206.3966   22  417 15649.7400 13978.9726  10.7%   119  198s
  3952  2625 14184.0697   26  372 15649.7400 13978.9726  10.7%   120  202s
  4067  2658 14282.8500   33  257 15649.7400 13978.9726  10.7%   119  206s
  4100  2697 14519.1689   47  251 15649.7400 13978.9726  10.7%   120  210s
  4238  2914 14802.2668   99  101 15649.7400 13978.9726  10.7%   121  218s
  4376  3026 14976.4568  159  136 15649.7400 13991.7596  10.6%   120  225s
H 4535  2837                    15514.850000 13991.7596  9.82%   119  229s
  4541  2837 14575.4474   21  273 15514.8500 13991.7596  9.82%   120  230s
  4624  2900 15180.8200   39  161 15514.8500 13991.7596  9.82%   121  235s
  4715  2986 14295.5242   24  395 15514.8500 14000.3739  9.76%   122  243s
  4759  3111 14627.5673   44  250 15514.8500 14000.3739  9.76%   123  251s
  4897  3144 15482.5396  129   34 15514.8500 14003.9527  9.74%   122  257s
  4941  3246 14365.1736   26  422 15514.8500 14003.9527  9.74%   124  262s
  5067  3367 14793.1463   60   71 15514.8500 14011.8524  9.69%   123  269s
  5120  3367 15266.1056  112   26 15514.8500 14011.8524  9.69%   123  270s
  5205  3418 14209.6812   18  421 15514.8500 14011.8524  9.69%   122  275s
  5256  3662 14551.7913   47  236 15514.8500 14011.9452  9.69%   124  281s
  5511  3750 14570.5688   16  387 15514.8500 14011.9452  9.69%   122  299s
  5571  3753 15391.4900   98    4 15514.8500 14011.9452  9.69%   122  300s
  5784  3816 15385.0944   49  193 15514.8500 14018.9273  9.64%   119  305s
  5860  3915 14669.3382   39   85 15514.8500 14018.9457  9.64%   120  312s
  5984  3975     cutoff  115      15514.8500 14019.2249  9.64%   120  319s
  6047  4176 14461.0764   25  282 15514.8500 14049.9482  9.44%   121  326s
  6298  4245 14258.5278   28  428 15514.8500 14049.9931  9.44%   119  333s
  6361  4406 14608.0940   37  139 15514.8500 14058.6201  9.39%   120  340s
  6571  4488 14262.7522   29  346 15514.8500 14059.7750  9.38%   119  348s
  6664  4665 14220.7094   23  430 15514.8500 14070.5432  9.31%   120  355s
  6864  4779 14644.3795   58  236 15514.8500 14075.2457  9.28%   119  364s
  6929  4779 15261.5451  123   53 15514.8500 14075.2457  9.28%   118  365s
  7000  4904 14192.9769   22  408 15514.8500 14075.2457  9.28%   118  371s
  7138  5015 14460.5309   33  234 15514.8500 14075.2457  9.28%   118  377s
  7249  5284 14719.4121   68  186 15514.8500 14076.2943  9.27%   119  388s
  7568  5450 14562.5522   22  328 15514.8500 14082.5914  9.23%   118  397s
  7751  5664 14676.4766   29   47 15514.8500 14083.5281  9.23%   118  409s
  7902  5669 15112.5591  110   11 15514.8500 14086.1136  9.21%   117  410s
  7999  5789 14371.1589   38  177 15514.8500 14086.1136  9.21%   117  418s
  8142  5934 14842.6806   55  161 15514.8500 14091.0766  9.18%   118  427s
  8308  5974 14405.8624   24  326 15514.8500 14091.9709  9.17%   119  435s
  8348  6189 14598.0492   27  242 15514.8500 14095.5835  9.15%   119  443s
  8507  6191 14465.5294   36  175 15514.8500 14095.7600  9.15%   119  445s
  8606  6411 14906.9476   29  279 15514.8500 14098.3115  9.13%   118  454s
  8632  6411 15443.5368   55  119 15514.8500 14098.3115  9.13%   119  455s
  8857  6689 14531.7299   50  221 15514.8500 14102.0751  9.11%   118  465s
  9195  6805 14356.3389   27  364 15514.8500 14104.9552  9.09%   116  474s
  9234  6805 15043.4909   66  118 15514.8500 14104.9552  9.09%   116  475s
  9324  6918 14387.5635   23  481 15514.8500 14107.4058  9.07%   117  482s
  9446  7176 14647.3928   41  248 15514.8500 14112.0035  9.04%   117  492s
  9731  7263 14450.7023   19  350 15514.8500 14113.8186  9.03%   116  501s
  9818  7290 14841.2763   33  254 15514.8500 14113.8186  9.03%   117  510s
  9851  7707 14849.8583   34  215 15514.8500 14113.8186  9.03%   117  521s
 10242  7712 14935.1906  212   20 15514.8500 14113.8186  9.03%   116  525s
 10350  7764 15398.7183   91   45 15514.8500 14115.4229  9.02%   115  532s
 10459  7931 14764.2568   30  243 15514.8500 14116.1698  9.02%   115  540s
 10664  8017 14529.7205   34  314 15514.8500 14117.6974  9.01%   115  548s
 10774  8133 14466.4216   29  401 15514.8500 14117.8332  9.00%   116  556s
 10910  8219 14398.1011   29  341 15514.8500 14118.0903  9.00%   117  564s
 10994  8219 15034.8537   44   25 15514.8500 14118.0903  9.00%   118  565s
 10996  8387 14766.5412   39  255 15514.8500 14118.3476  9.00%   118  573s
 11208  8466 14419.4450   18  364 15514.8500 14121.0270  8.98%   118  584s
 11294  8466 15439.7245  100   26 15514.8500 14121.0270  8.98%   118  585s
 11315  8664 14346.8828   26  327 15514.8500 14121.1282  8.98%   118  592s
 11541  8777 14394.5195   31  289 15514.8500 14121.7777  8.98%   118  601s
 11671  9070 14836.9800   41  137 15514.8500 14123.8294  8.97%   119  611s
 11990  9322 14579.1103   37  251 15514.8500 14124.9736  8.96%   117  622s
 12263  9435 15107.2634   86   31 15514.8500 14125.1367  8.96%   117  632s
 12489  9706 14633.1209   45  132 15514.8500 14127.2494  8.94%   117  643s
 12816  9898 14303.8333   37  251 15514.8500 14127.4264  8.94%   117  654s
 12944  9902 14783.5123  163   56 15514.8500 14127.4287  8.94%   117  655s
 13030 10204     cutoff  121      15514.8500 14127.7298  8.94%   117  663s
 13248 10204 15100.0718  149   85 15514.8500 14129.5930  8.93%   116  665s
 13348 10421 15217.8752  150   23 15514.8500 14129.6410  8.93%   116  673s
 13606 10581 14327.6021   19  329 15514.8500 14134.4730  8.90%   115  683s
 13806 10812 14363.2961   19  341 15514.8500 14136.1191  8.89%   115  692s
 14081 10901     cutoff  107      15514.8500 14139.8449  8.86%   115  701s
 14178 10993 15387.3812   68   72 15514.8500 14143.8266  8.84%   116  709s
 14296 11083 15474.7414   76   50 15514.8500 14144.1730  8.83%   116  717s
 14401 11283 14707.0973   52   94 15514.8500 14146.1560  8.82%   117  726s
 14640 11452 14739.3948   45  146 15514.8500 14146.1562  8.82%   117  739s
 14669 11452 15042.5646   74  179 15514.8500 14146.1562  8.82%   117  740s
 14831 11579 14371.4673   22  360 15514.8500 14146.2270  8.82%   117  748s
 14986 11643 14196.9269   18  385 15514.8500 14147.9687  8.81%   117  756s
 15050 11902 14482.1667   36   76 15514.8500 14147.9687  8.81%   118  767s
 15311 12168 14988.5584   73   51 15514.8500 14149.2969  8.80%   118  778s
 15618 12168 15224.9833  156   23 15514.8500 14149.2969  8.80%   117  781s
 15629 12362 15045.7602   62  118 15514.8500 14149.3351  8.80%   117  790s
 15887 12469 15012.0875   59  111 15514.8500 14149.4071  8.80%   117  800s
 16004 12580 14668.0780   22  219 15514.8500 14149.7310  8.80%   117  809s
 16139 12787 14413.8392   30  289 15514.8500 14150.5451  8.79%   118  817s
 16363 12974 14444.6397   18  357 15514.8500 14150.5451  8.79%   118  827s
 16561 13147 15369.6872   61  181 15514.8500 14151.8100  8.79%   118  840s
 16770 13521 14676.7076   45  158 15514.8500 14153.3243  8.78%   118  851s
 17159 13530 infeasible  216      15514.8500 14153.3248  8.78%   116  855s
 17204 13617     cutoff  142      15514.8500 14153.8262  8.77%   116  862s
 17297 13639 14534.2460   36  255 15514.8500 14153.8262  8.77%   117  874s
 17333 13861 14612.2084   43  231 15514.8500 14153.8262  8.77%   117  882s
 17565 14000 15129.4050   96   68 15514.8500 14155.4603  8.76%   117  891s
 17768 14074 14696.2230   37  261 15514.8500 14155.8178  8.76%   117  899s
 17845 14153 15489.7727   59  143 15514.8500 14156.4615  8.76%   118  907s
 17944 14412 15302.9370   45  175 15514.8500 14156.8939  8.75%   119  917s
 18240 14539     cutoff  192      15514.8500 14159.4234  8.74%   118  926s
 18363 14827 14868.1622   71   33 15514.8500 14161.6734  8.72%   119  935s
 18699 15064 14919.6555   86   99 15514.8500 14162.2484  8.72%   118  945s
 18986 15377 14352.4395   21  167 15514.8500 14162.5351  8.72%   117  956s
 19344 15543 14250.2319   16  366 15514.8500 14163.0627  8.71%   116  966s
 19542 15660 14364.2251   20  341 15514.8500 14163.0845  8.71%   116  975s
 19676 15854 15253.8326   78   21 15514.8500 14163.9826  8.71%   117  984s
 19753 15857 14476.2979   45  126 15514.8500 14164.9427  8.70%   117  985s
 19918 15973     cutoff   94      15514.8500 14165.0649  8.70%   116  993s
 20064 16026     cutoff   92      15514.8500 14166.0068  8.69%   117 1001s
 20127 16249 14779.6744   49  187 15514.8500 14167.2998  8.69%   117 1009s
 20181 16249 15237.5779  103  117 15514.8500 14167.2998  8.69%   117 1010s
 20363 16494 14784.3021   65  190 15514.8500 14168.9477  8.67%   117 1019s
 20419 16494 15439.0182  121   67 15514.8500 14168.9477  8.67%   117 1020s
 20634 16618 14728.7120   52  232 15514.8500 14170.0983  8.67%   116 1030s
 20791 16853 14403.9851   45  241 15514.8500 14171.8739  8.66%   116 1038s
 21046 17037 14418.6517   36  246 15514.8500 14174.2155  8.64%   116 1048s
 21252 17193 14556.3021   27  274 15514.8500 14175.7384  8.63%   116 1058s
 21423 17201 15427.0433   84    4 15514.8500 14175.7384  8.63%   116 1060s
 21444 17338 15170.4357   58   33 15514.8500 14177.5116  8.62%   116 1067s
 21630 17498     cutoff  120      15514.8500 14178.0720  8.62%   116 1077s
 21806 17613 15095.4942   40  193 15514.8500 14178.8366  8.61%   116 1086s
 21955 17828 14630.1513   49  202 15514.8500 14180.2513  8.60%   116 1094s
 21981 17828 15015.0160   75   67 15514.8500 14180.2513  8.60%   116 1095s
 22197 18052 14884.3385   80   57 15514.8500 14181.1098  8.60%   116 1105s
 22443 18260 14762.6817   53  123 15514.8500 14181.2675  8.60%   116 1114s
 22469 18260 14878.4282   79   59 15514.8500 14181.2675  8.60%   116 1115s
 22676 18451 14646.5378   60  118 15514.8500 14181.4833  8.59%   116 1124s
 22702 18451 14822.2837   86   77 15514.8500 14181.4833  8.59%   116 1125s
 22883 18651 14475.7052   41  317 15514.8500 14181.5766  8.59%   116 1134s
 23107 18749 14316.6754   36  407 15514.8500 14182.2397  8.59%   115 1143s
 23283 18899 15469.5800   96    - 15514.8500 14182.7314  8.59%   116 1151s
 23441 19010 infeasible   96      15514.8500 14183.3891  8.58%   116 1160s
 23566 19182 15116.1837   58  110 15514.8500 14184.3711  8.58%   116 1170s
 23767 19340 14363.0239   41  193 15514.8500 14184.4553  8.57%   116 1180s
 23954 19646 14767.1014   87   74 15514.8500 14185.3951  8.57%   116 1190s
 24297 19799 15200.9557   70   36 15514.8500 14187.7658  8.55%   115 1200s
 24485 20034 15306.9917   73   31 15514.8500 14188.4513  8.55%   115 1210s
 24763 20231 14362.4744   39  287 15514.8500 14190.0861  8.54%   115 1220s
 24979 20344 15495.2300  135    4 15514.8500 14190.9559  8.53%   115 1230s
*25078 12280             107    15058.080000 14191.7743  5.75%   115 1231s
 25137 12355     cutoff  136      15058.0800 14191.7856  5.75%   115 1238s
 25266 12355 15045.9583   94    8 15058.0800 14191.8705  5.75%   115 1240s
 25290 12488 14912.0659   95   89 15058.0800 14192.4165  5.75%   115 1247s
 25453 12553 14793.0500   43   41 15058.0800 14192.9856  5.75%   115 1256s
H25514  5957                    14712.970000 14192.9856  3.53%   116 1256s
 25549  5938     cutoff   48      14712.9700 14194.0049  3.53%   116 1262s
H25550  5794                    14703.980000 14194.0049  3.47%   116 1262s
H25582  5114                    14661.160000 14194.0049  3.19%   116 1263s
 25608  5153 14354.2033   20  423 14661.1600 14194.2188  3.18%   116 1270s
 25679  5197     cutoff   45      14661.1600 14196.3305  3.17%   117 1277s
 25757  5226 14491.4146   19  306 14661.1600 14198.0344  3.16%   117 1286s
 25794  5252 14591.6381   22  366 14661.1600 14198.2982  3.16%   118 1293s
 25862  5307 14550.1009   50  250 14661.1600 14199.7538  3.15%   118 1301s
 25960  5341 14380.9231   19  315 14661.1600 14202.3586  3.13%   118 1309s
 26009  5384 14432.8267   37  252 14661.1600 14203.0990  3.12%   119 1316s
 26076  5408 14598.8835   45  123 14661.1600 14204.5741  3.11%   119 1324s
 26156  5450 14312.9496   19  412 14661.1600 14205.6958  3.11%   120 1331s
 26212  5467     cutoff   36      14661.1600 14206.3317  3.10%   120 1340s
 26269  5501 14479.8821   20  339 14661.1600 14207.2040  3.10%   121 1348s
 26321  5551 14433.2698   26  452 14661.1600 14207.2122  3.10%   121 1356s
 26413  5569     cutoff   36      14661.1600 14209.1265  3.08%   122 1364s
 26467  5588 14441.2728   18  426 14661.1600 14210.3478  3.07%   122 1371s
 26520  5637 14510.7161   31  284 14661.1600 14211.3931  3.07%   123 1381s
 26600  5730 14448.6564   26  109 14661.1600 14213.6370  3.05%   123 1389s
 26652  5730 14533.1057   78   11 14661.1600 14213.6370  3.05%   123 1390s
 26724  5763 14635.0927   38  228 14661.1600 14213.9911  3.05%   123 1397s
 26814  5808 14439.1191   20  313 14661.1600 14218.7924  3.02%   124 1405s
 26886  5844 14404.2701   36  349 14661.1600 14219.8897  3.01%   124 1414s
 26967  5896 14466.6945   46  189 14661.1600 14220.2134  3.01%   125 1422s
 27043  5928 14503.9016   21  276 14661.1600 14221.3172  3.00%   125 1430s
 27115  5951     cutoff   31      14661.1600 14221.7207  3.00%   126 1438s
 27192  6059 14322.5385   26  367 14661.1600 14222.5551  2.99%   126 1448s
H27318  5750                    14639.050000 14222.5551  2.85%   126 1457s
 27459  5793 14522.4924   36  304 14639.0500 14224.1811  2.83%   127 1466s
 27549  5837 14430.3307   26  389 14639.0500 14225.9789  2.82%   127 1474s
 27593  5837 14400.3709   24  269 14639.0500 14226.8220  2.82%   127 1475s
 27629  5875     cutoff   44      14639.0500 14227.5323  2.81%   128 1483s
H27713  5625                    14626.050000 14228.3253  2.72%   128 1492s
 27786  5689 14492.7608   25  176 14626.0500 14228.9988  2.71%   129 1501s
 27913  5715 14527.5574   31  287 14626.0500 14229.4520  2.71%   129 1510s
 27966  5765     cutoff   29      14626.0500 14229.8558  2.71%   129 1518s
 28062  5802 14585.6631   43  191 14626.0500 14230.3442  2.71%   130 1527s
 28139  5819     cutoff   32      14626.0500 14230.7573  2.70%   130 1536s
 28197  5849     cutoff   21      14626.0500 14231.3573  2.70%   131 1545s
 28269  5890 14362.5888   37  266 14626.0500 14231.8898  2.69%   131 1554s
 28354  5938     cutoff   27      14626.0500 14232.3087  2.69%   132 1563s
 28487  5963 14577.2494   24  104 14626.0500 14232.9345  2.69%   132 1574s
 28561  6009 14558.1136   38  335 14626.0500 14233.1373  2.69%   132 1583s
 28655  6055 14420.9421   46  294 14626.0500 14234.1449  2.68%   133 1592s
 28750  6090 14413.8485   39  264 14626.0500 14234.6856  2.68%   133 1601s
 28825  6130 14461.6377   32  286 14626.0500 14235.6897  2.67%   134 1610s
 28905  6157 14585.3526   32  262 14626.0500 14235.8451  2.67%   134 1619s
 28989  6216 14567.4724   40  209 14626.0500 14238.0634  2.65%   135 1628s
 29091  6286 14592.4502   42  237 14626.0500 14238.9169  2.65%   135 1638s
 29204  6335 14571.9729   34  285 14626.0500 14239.6606  2.64%   135 1647s
 29303  6360 14435.6324   35  340 14626.0500 14241.9107  2.63%   136 1658s
 29346  6394     cutoff   48      14626.0500 14242.3244  2.62%   136 1666s
 29408  6410     cutoff   29      14626.0500 14242.8237  2.62%   137 1675s
 29500  6458     cutoff   26      14626.0500 14243.2710  2.62%   137 1684s
 29564  6458 14467.6396   25  203 14626.0500 14243.6098  2.61%   137 1685s
 29624  6511 14603.1458   36  136 14626.0500 14243.9783  2.61%   137 1694s
 29723  6537     cutoff   31      14626.0500 14244.9990  2.61%   138 1703s
H29757  6297                    14616.910000 14244.9990  2.54%   138 1703s
 29797  6341 14501.1953   25  387 14616.9100 14245.7246  2.54%   138 1713s
 29895  6391 14537.4401   37  334 14616.9100 14246.7339  2.53%   139 1723s
 29988  6417     cutoff   32      14616.9100 14247.5042  2.53%   139 1733s
 30095  6466 14414.4849   29  386 14616.9100 14247.9908  2.52%   140 1742s
 30187  6548 14547.2805   31  448 14616.9100 14248.4828  2.52%   140 1752s
 30311  6573 14427.3584   28  303 14616.9100 14249.6728  2.51%   140 1761s
 30404  6624 14573.0503   40  148 14616.9100 14250.3201  2.51%   141 1772s
 30495  6676 14587.6060   32  294 14616.9100 14250.5328  2.51%   141 1781s
 30602  6722 14583.2594   37  213 14616.9100 14251.4151  2.50%   142 1791s
 30720  6792 14440.8303   27  269 14616.9100 14252.1574  2.50%   142 1801s
H30850  5863                    14579.410000 14252.6376  2.24%   143 1811s
 30928  5904 14521.3011   42  147 14579.4100 14254.5376  2.23%   143 1821s
H30930  5653                    14571.090000 14254.5376  2.17%   143 1821s
 31044  5700 14480.7315   37  178 14571.0900 14255.4490  2.17%   143 1832s
 31173  5743 14391.2471   24  477 14571.0900 14256.1338  2.16%   144 1842s
 31258  5759 14551.7844   35  220 14571.0900 14256.2431  2.16%   144 1851s
 31334  5795 14507.6218   42  271 14571.0900 14257.4623  2.15%   145 1861s
 31434  5804 14540.4830   39  268 14571.0900 14258.4232  2.15%   145 1872s
 31505  5833 14542.2721   36  328 14571.0900 14258.4834  2.15%   146 1882s
 31594  5893 14406.4174   28  349 14571.0900 14259.3391  2.14%   146 1893s
 31710  5912     cutoff   26      14571.0900 14259.8302  2.14%   146 1903s
 31793  5992     cutoff   37      14571.0900 14260.4064  2.13%   147 1913s
 31908  6031 14467.9739   24  278 14571.0900 14261.1223  2.13%   147 1924s
 31998  6031 14522.5617   45  100 14571.0900 14261.2799  2.13%   147 1925s
 32030  6063 14448.8691   19  222 14571.0900 14261.3949  2.13%   148 1935s
 32124  6118 14558.5724   42  297 14571.0900 14262.5857  2.12%   148 1945s
 32260  6194 14522.5041   33  273 14571.0900 14263.3350  2.11%   148 1957s
 32403  6255 14475.6058   40  244 14571.0900 14263.7435  2.11%   149 1969s
 32528  6255 14558.0761   37  143 14571.0900 14264.4148  2.10%   149 1970s
 32591  6294 14507.4020   28  367 14571.0900 14264.4869  2.10%   149 1980s
 32704  6314     cutoff   39      14571.0900 14264.7069  2.10%   149 1991s
 32794  6370 14556.4271   48  152 14571.0900 14265.7671  2.10%   150 2000s
 32906  6410     cutoff   34      14571.0900 14266.0799  2.09%   150 2011s
 33007  6451 14373.8524   22  325 14571.0900 14267.2444  2.09%   151 2021s
 33116  6499 14453.4769   35  191 14571.0900 14267.7097  2.08%   151 2032s
 33219  6552 14432.5751   34  391 14571.0900 14269.1244  2.07%   151 2043s
 33336  6567 14500.3220   45  288 14571.0900 14269.9905  2.07%   152 2054s
 33431  6626 14415.9549   30  334 14571.0900 14271.5776  2.06%   152 2066s
 33543  6670 14427.3142   33  299 14571.0900 14272.1904  2.05%   152 2077s
 33660  6727 14426.1747   20  355 14571.0900 14273.4511  2.04%   153 2087s
 33802  6799 14385.1895   29  325 14571.0900 14274.0114  2.04%   153 2098s
 33983  6825     cutoff   42      14571.0900 14274.5929  2.03%   153 2109s
 34087  6876 14366.9298   18  291 14571.0900 14275.7590  2.03%   154 2119s
 34143  6876     cutoff   41      14571.0900 14275.8797  2.03%   154 2120s
 34218  6927 14491.7237   43  287 14571.0900 14276.0309  2.02%   154 2130s
 34352  6948     cutoff   31      14571.0900 14277.0515  2.02%   154 2141s
 34463  6974 14519.2927   41  166 14571.0900 14277.6144  2.01%   155 2153s
 34516  7014 14352.3090   26  422 14571.0900 14278.3563  2.01%   155 2163s
 34620  7045     cutoff   36      14571.0900 14278.7137  2.01%   155 2172s
 34721  7091 14354.5487   36  322 14571.0900 14279.9372  2.00%   156 2182s
 34840  7136 14501.8903   40  282 14571.0900 14280.3267  2.00%   156 2193s
 34956  7179 14524.0846   51  230 14571.0900 14281.7527  1.99%   157 2203s
 35079  7226 14348.9810   29  296 14571.0900 14282.1649  1.98%   157 2214s
 35224  7267 14419.7888   24  413 14571.0900 14282.6500  1.98%   157 2225s
 35343  7313 14549.2586   28  307 14571.0900 14283.1961  1.98%   158 2322s
 35453  7347     cutoff   26      14571.0900 14283.3635  1.97%   158 2333s
 35589  7391 14480.8252   31  332 14571.0900 14284.5781  1.97%   158 2344s
 35725  7440 14457.7142   30  184 14571.0900 14285.5088  1.96%   159 2355s
 35847  7488 14540.6295   39  238 14571.0900 14286.2621  1.95%   159 2367s
 35967  7534     cutoff   23      14571.0900 14287.2355  1.95%   160 2378s
 36118  7582 14324.3953   31  345 14571.0900 14288.3013  1.94%   160 2390s
 36248  7635 14331.5902   38  295 14571.0900 14289.1505  1.93%   160 2401s
 36390  7677 14443.7786   25  361 14571.0900 14289.6362  1.93%   160 2413s
 36523  7723 14533.2353   41  280 14571.0900 14290.2080  1.93%   161 2424s
 36665  7771 14431.7428   54  278 14571.0900 14291.0281  1.92%   161 2435s
 36777  7812     cutoff   36      14571.0900 14292.1813  1.91%   162 2446s
 36892  7858     cutoff   32      14571.0900 14292.8199  1.91%   162 2458s
 37042  7882     cutoff   38      14571.0900 14293.0945  1.91%   162 2470s
 37181  7925 14452.4927   40  327 14571.0900 14294.0229  1.90%   163 2481s
 37336  7957 14391.4956   19  458 14571.0900 14294.3930  1.90%   163 2493s
 37424  8001 14556.6188   42  182 14571.0900 14294.8295  1.90%   164 2504s
 37572  8071 14561.3762   41  131 14571.0900 14295.1204  1.89%   164 2516s
 37729  8103 14547.4677   41  136 14571.0900 14296.3407  1.89%   164 2528s
 37835  8133 14371.5140   40  321 14571.0900 14297.1236  1.88%   165 2540s
 37981  8166     cutoff   32      14571.0900 14298.2620  1.87%   165 2552s
 38114  8214 14507.6684   35  329 14571.0900 14298.9941  1.87%   166 2564s
 38240  8234     cutoff   35      14571.0900 14299.4184  1.86%   166 2575s
 38368  8267 14361.9255   35  279 14571.0900 14299.9846  1.86%   166 2588s
 38531  8321     cutoff   37      14571.0900 14300.6410  1.86%   167 2601s
 38689  8367 14403.4212   30  307 14571.0900 14301.1376  1.85%   167 2613s
 38840  8440 14349.9274   20  378 14571.0900 14301.8207  1.85%   167 2626s
 39003  8497 14428.4912   39  285 14571.0900 14302.2464  1.85%   168 2640s
 39126  8598     cutoff   36      14571.0900 14302.7881  1.84%   168 2653s
 39303  8676 14546.6566   54   32 14571.0900 14303.0420  1.84%   168 2667s
 39492  8723 14439.5691   32  326 14571.0900 14303.8374  1.83%   169 2679s
 39638  8775 14461.4990   27  283 14571.0900 14304.2347  1.83%   169 2692s
 39791  8847 14415.5789   31  357 14571.0900 14304.9830  1.83%   169 2704s
 39860  8847 14461.6264   33   97 14571.0900 14304.9830  1.83%   169 2705s
 39956  8894 14444.4002   30  271 14571.0900 14305.7845  1.82%   170 2716s
 40111  8947 14486.9814   37  199 14571.0900 14306.7821  1.81%   170 2729s
 40180  8947 14453.6399   23  287 14571.0900 14307.3493  1.81%   170 2730s
 40244  8992     cutoff   44      14571.0900 14307.3883  1.81%   170 2742s
 40381  9036 14388.8484   22  280 14571.0900 14308.1638  1.80%   171 2754s
 40428  9036 14513.3666   55  108 14571.0900 14308.1638  1.80%   171 2755s
 40524  9074     cutoff   36      14571.0900 14308.5982  1.80%   171 2767s
 40668  9096 14532.3884   39  281 14571.0900 14309.6227  1.79%   171 2780s
 40764  9146 14444.6369   27  226 14571.0900 14309.9786  1.79%   172 2794s
 40919  9189 14506.8911   31  407 14571.0900 14310.4812  1.79%   172 2806s
 41052  9205     cutoff   23      14571.0900 14310.9819  1.79%   172 2819s
 41174  9255 14431.9600   39  250 14571.0900 14311.1819  1.78%   173 2831s
 41329  9285 14558.0808   38  219 14571.0900 14311.5798  1.78%   173 2843s
 41455  9325     cutoff   38      14571.0900 14312.7239  1.77%   173 2855s
 41604  9372 14397.9101   41  245 14571.0900 14313.6597  1.77%   174 2867s
 41747  9407 14545.5234   45  155 14571.0900 14314.4321  1.76%   174 2880s
 41854  9445 14498.7416   27  356 14571.0900 14314.7167  1.76%   175 2892s
 42020  9498 14392.0637   38  312 14571.0900 14315.5060  1.75%   175 2905s
 42190  9539     cutoff   35      14571.0900 14315.8374  1.75%   175 2918s
 42327  9605 14554.1315   28  418 14571.0900 14316.3973  1.75%   176 2931s
 42501  9669 14509.2789   32  254 14571.0900 14316.9885  1.74%   176 2946s
 42697  9777 14443.2545   32  238 14571.0900 14317.4326  1.74%   176 2959s
 42796  9777 14568.0339   53   77 14571.0900 14317.4326  1.74%   176 2960s
 42902  9820 14564.1668   46  231 14571.0900 14318.2804  1.74%   176 2972s
 43073  9862 14463.2661   29  290 14571.0900 14319.0561  1.73%   176 2985s
 43213  9895 14471.3741   34  327 14571.0900 14319.8518  1.72%   177 2997s
 43378  9961 14431.7681   41  307 14571.0900 14320.6714  1.72%   177 3010s
 43516  9984 14535.8227   42  204 14571.0900 14321.6489  1.71%   177 3031s
 43582 10045 14524.6223   39  305 14571.0900 14321.9238  1.71%   177 3043s
 43754 10099 14566.0459   34  186 14571.0900 14322.6869  1.70%   178 3057s
 43907 10142     cutoff   29      14571.0900 14323.0230  1.70%   178 3070s
 44056 10191 14563.8475   27  375 14571.0900 14323.5361  1.70%   178 3083s
 44220 10214     cutoff   23      14571.0900 14324.1972  1.69%   179 3096s
 44373 10261 14360.2692   33  385 14571.0900 14324.6878  1.69%   179 3110s
 44516 10327 14556.4806   25  194 14571.0900 14325.0497  1.69%   179 3124s
 44707 10371 14432.3017   36  240 14571.0900 14325.5008  1.69%   180 3137s
