




arguments: ./build/mirp_solver -f ./input/orig_exec_142.cfg
Current dir: /scratch/gui/bnc_mirp
File verbosity level: 9
date       time         ( uptime  ) [ thread name/id ]                   file:line     v| 
2021-01-10 00:53:22.289 (   0.047s) [main thread     ]             loguru.cpp:789   INFO| Logging to './output/vi_lex_half/OU/V3/Original/execution_10_01_2021_00_53_22.log', mode: 'a', verbosity: 9
--------------------------------------------------------------------------------
Parameters
                           instance_path           ./input/Instances/Original/4/
                            model_policy                                       1
                             nb_vehicles                                       3
                              output_dir    ./output/vi_lex_half/OU/V3/Original/
                            sec_strategy                                       1
                       solver_nb_threads                                       2
                         solver_show_log                                    true
                       solver_time_limit                                    3600
                              use_vi_cos                                   false
                              use_vi_cus                                   false
                         use_vi_hc1_full                                   false
                         use_vi_hc1_half                                   false
                      use_vi_hc1_quarter                                   false
                              use_vi_hc2                                   false
                              use_vi_hc3                                   false
                         use_vi_lex_full                                   false
                         use_vi_lex_half                                    true
                      use_vi_lex_quarter                                   false
                              use_vi_qua                                   false
                               use_vi_vc                                   false
                               use_vi_vr                                   false
--------------------------------------------------------------------------------
executing instance: ./input/Instances/Original/4/absH3low_3n30.dat
--------------------------------------------------------------------------------
Instance details
n	31
H	3
C	2841
Li:
[0, 0, 0, 0, 0, 0, 0, 0, 0, 0, 0, 0, 0, 0, 0, 0, 0, 0, 0, 0, 0, 0, 0, 0, 0, 0, 0, 0, 0, 0, 0, ]
Ui:
[0, 246, 98, 54, 144, 171, 192, 180, 165, 98, 122, 198, 297, 144, 130, 129, 219, 138, 142, 150, 108, 66, 64, 285, 180, 204, 276, 168, 240, 198, 122, ]
Distance matrix:
|0	172	56	166	260	198	42	197	296	110	91	112	238	275	323	183	330	232	175	181	162	191	232	280	201	139	356	185	266	216	26	|
|172	0	178	223	320	335	153	355	444	62	231	99	333	376	214	352	176	235	194	106	47	41	353	161	299	175	225	43	326	374	153	|
|56	178	0	110	204	162	93	233	336	125	144	148	187	226	358	180	313	284	123	152	182	185	282	252	256	88	329	177	210	251	42	|
|166	223	110	0	102	150	199	327	431	194	253	237	113	156	431	228	296	386	44	140	248	208	389	218	366	48	287	200	108	344	148	|
|260	320	204	102	0	156	296	391	493	296	340	339	66	90	531	263	362	486	127	226	349	300	469	278	454	148	334	292	6	406	245	|
|198	335	162	150	156	0	239	255	351	286	245	307	93	106	518	111	442	423	194	280	344	335	349	367	352	182	437	327	158	266	199	|
|42	153	93	199	296	239	0	203	296	91	82	76	278	316	284	217	322	191	201	186	133	180	217	281	177	165	356	175	302	222	52	|
|197	355	233	327	391	255	203	0	104	294	125	266	340	361	436	151	524	276	352	377	330	383	109	477	146	319	553	377	395	19	222	|
|296	444	336	431	493	351	296	104	0	384	214	348	440	456	488	241	617	315	456	476	412	475	113	575	176	422	651	470	497	88	322	|
|110	62	125	194	296	286	91	294	384	0	171	55	298	340	238	292	233	210	176	118	58	91	298	201	248	148	273	87	302	313	94	|
|91	231	144	253	340	245	82	125	214	171	0	141	307	339	324	184	403	187	266	266	204	261	140	363	114	230	438	256	346	144	116	|
|112	99	148	237	339	307	76	266	348	55	141	0	332	373	212	292	275	156	225	173	64	137	254	253	200	194	322	135	345	284	108	|
|238	333	187	113	66	93	278	340	440	298	307	332	0	43	536	203	404	469	153	253	354	321	427	322	420	160	385	313	67	353	229	|
|275	376	226	156	90	106	316	361	456	340	339	373	43	0	578	216	443	507	194	295	397	364	453	361	451	203	421	356	88	372	268	|
|323	214	358	431	531	518	284	436	488	238	324	212	536	578	0	498	309	176	407	320	183	245	376	344	312	383	379	251	537	451	319	|
|183	352	180	228	263	111	217	151	241	292	184	292	203	216	498	0	492	371	266	328	345	364	255	426	272	242	501	356	266	159	198	|
|330	176	313	296	362	442	322	524	617	233	403	275	404	443	309	492	0	397	253	164	218	142	529	84	475	260	72	147	367	543	306	|
|232	235	284	386	486	423	191	276	315	210	187	156	469	507	176	371	397	0	379	327	188	276	202	396	139	346	456	277	492	289	242	|
|175	194	123	44	127	194	201	352	456	176	266	225	153	194	407	266	253	379	0	101	225	174	405	174	375	36	244	166	133	370	152	|
|181	106	152	140	226	280	186	377	476	118	266	173	253	295	320	328	164	327	101	0	148	76	403	100	360	98	177	69	232	396	155	|
|162	47	182	248	349	344	133	330	412	58	204	64	354	397	183	345	218	188	225	148	0	89	316	208	259	201	270	90	355	348	149	|
|191	41	185	208	300	335	180	383	475	91	261	137	321	364	245	364	142	276	174	76	89	0	388	119	336	162	185	8	306	402	169	|
|232	353	282	389	469	349	217	109	113	298	140	254	427	453	376	255	529	202	405	403	316	388	0	497	64	369	570	384	474	112	256	|
|280	161	252	218	278	367	281	477	575	201	363	253	322	361	344	426	84	396	174	100	208	119	497	0	449	187	77	119	283	496	255	|
|201	299	256	366	454	352	177	146	176	248	114	200	420	451	312	272	475	139	375	360	259	336	64	449	0	339	521	333	460	156	223	|
|139	175	88	48	148	182	165	319	422	148	230	194	160	203	383	242	260	346	36	98	201	162	369	187	339	0	260	153	154	337	116	|
|356	225	329	287	334	437	356	553	651	273	438	322	385	421	379	501	72	456	244	177	270	185	570	77	521	260	0	187	338	572	331	|
|185	43	177	200	292	327	175	377	470	87	256	135	313	356	251	356	147	277	166	69	90	8	384	119	333	153	187	0	298	396	163	|
|266	326	210	108	6	158	302	395	497	302	346	345	67	88	537	266	367	492	133	232	355	306	474	283	460	154	338	298	0	410	251	|
|216	374	251	344	406	266	222	19	88	313	144	284	353	372	451	159	543	289	370	396	348	402	112	496	156	337	572	396	410	0	241	|
|26	153	42	148	245	199	52	222	322	94	116	108	229	268	319	198	306	242	152	155	149	169	256	255	223	116	331	163	251	241	0	|

--------------------------------------------------------------------------------
Building model...
	using lazy and cut (CVRPSEP package)
Solving IRP LP...
--------------------------------------------------------------------------------

Gurobi 9.1.0 (linux64) logging started Sun Jan 10 00:53:22 2021

Gurobi Optimizer version 9.1.0 build v9.1.0rc0 (linux64)
Thread count: 32 physical cores, 32 logical processors, using up to 2 threads
Optimize a model with 871 rows, 4858 columns and 11668 nonzeros
Model fingerprint: 0x1451992a
Variable types: 394 continuous, 4464 integer (279 binary)
Coefficient statistics:
  Matrix range     [1e+00, 3e+04]
  Objective range  [1e-02, 7e+02]
  Bounds range     [1e+00, 3e+02]
  RHS range        [3e+01, 5e+03]
Presolve removed 189 rows and 161 columns
Presolve time: 0.07s
Presolved: 682 rows, 4697 columns, 10661 nonzeros
Variable types: 295 continuous, 4402 integer (4118 binary)

Root relaxation: objective 2.351438e+03, 902 iterations, 0.02 seconds

    Nodes    |    Current Node    |     Objective Bounds      |     Work
 Expl Unexpl |  Obj  Depth IntInf | Incumbent    BestBd   Gap | It/Node Time

     0     0 2351.43787    0   84          - 2351.43787      -     -    0s
     0     0 2576.67006    0   85          - 2576.67006      -     -    0s
     0     0 3023.97888    0  151          - 3023.97888      -     -    0s
     0     0 3190.64822    0  144          - 3190.64822      -     -    0s
     0     0 3190.85658    0  143          - 3190.85658      -     -    0s
     0     0 3301.43678    0  194          - 3301.43678      -     -    0s
     0     0 3302.12419    0  179          - 3302.12419      -     -    0s
     0     0 3403.19421    0  257          - 3403.19421      -     -    0s
     0     0 3407.05207    0  250          - 3407.05207      -     -    0s
     0     0 3422.91691    0  230          - 3422.91691      -     -    0s
     0     0 3441.68839    0  232          - 3441.68839      -     -    0s
     0     0 3443.41167    0  255          - 3443.41167      -     -    0s
     0     0 3444.32526    0  207          - 3444.32526      -     -    0s
     0     0 3485.06570    0  214          - 3485.06570      -     -    1s
     0     0 3485.41561    0  250          - 3485.41561      -     -    1s
     0     0 3493.19966    0  306          - 3493.19966      -     -    1s
     0     0 3494.09831    0  296          - 3494.09831      -     -    1s
     0     2 3494.92864    0  296          - 3494.92864      -     -    1s
    40    43 3691.05330   13  263          - 3495.57220      -   301    5s
   344   351 4921.56332   84  130          - 3495.57220      -   141   10s
   719   687 3863.87266    7  251          - 3520.29495      -   105   15s
   750   704 6635.10000  155  404          - 3656.31156      -   103   20s
   782   726 3923.74152   25  365          - 3664.65730      -   108   25s
   798   740 3751.14031   31  372          - 3682.15525      -   115   30s
   870   796 3951.16533   49  202          - 3682.15525      -   133   35s
H 1027   855                    4728.5800000 3682.15525  22.1%   130   38s
* 1042   809             103    4727.2900000 3682.15525  22.1%   129   38s
* 1043   774             103    4714.4800000 3682.15525  21.9%   129   38s
  1064   789 4439.10412   85  207 4714.48000 3682.15525  21.9%   130   40s
H 1146   800                    4695.2100000 3682.15525  21.6%   135   43s
H 1151   763                    4672.2100000 3682.15525  21.2%   136   44s
  1179   783 4644.37254  127  169 4672.21000 3728.44343  20.2%   137   45s
  1351   884 4023.84097   43   85 4672.21000 3728.44343  20.2%   132   50s
  1482   971 4613.87470   72   56 4672.21000 3735.23068  20.1%   139   55s
  1724  1094 4097.34502   35  317 4672.21000 3743.68436  19.9%   131   60s
  1899  1141 4069.10657   42  260 4672.21000 3751.35099  19.7%   128   65s
H 2018   952                    4538.8500000 3783.23506  16.6%   132   69s
  2029   969 4224.17635   37  314 4538.85000 3783.23506  16.6%   133   70s
  2092   989 4265.00595   36  196 4538.85000 3783.27928  16.6%   136   75s
  2229  1024 4079.28731   36  421 4538.85000 3803.90806  16.2%   139   80s
H 2255  1011                    4536.8500000 3803.90806  16.2%   142   83s
  2295  1047 4369.03584   48  237 4536.85000 3803.90806  16.2%   145   86s
  2409  1100     cutoff   48      4536.85000 3815.04507  15.9%   147   91s
  2501  1162 4413.15250   59   74 4536.85000 3820.66140  15.8%   147   95s
H 2538  1016                    4478.8500000 3832.08212  14.4%   148   97s
  2598  1047 3927.59024   34  300 4478.85000 3836.31042  14.3%   150  101s
  2680  1097 4135.25382   44  332 4478.85000 3839.71185  14.3%   152  105s
  2759  1144 4180.85451   44  296 4478.85000 3848.59083  14.1%   155  110s
  2899  1225 4177.92876   36  273 4478.85000 3856.55738  13.9%   158  117s
  2963  1247 4148.69297   41  429 4478.85000 3856.56297  13.9%   162  121s
  3005  1290 4112.62268   39  218 4478.85000 3875.09255  13.5%   165  127s
  3067  1322 4205.73445   36  215 4478.85000 3882.95256  13.3%   165  130s
  3171  1401 4199.00641   34  296 4478.85000 3887.42195  13.2%   167  136s
  3244  1429 4321.30807   48  165 4478.85000 3889.46809  13.2%   167  140s
  3377  1538 4172.72064   43  117 4478.85000 3890.91236  13.1%   168  147s
  3462  1586 4441.11537   60   50 4478.85000 3897.29164  13.0%   168  151s
  3602  1624 4356.50396   45  215 4478.85000 3907.27369  12.8%   169  157s
  3647  1636 4286.57019   36  351 4478.85000 3908.39717  12.7%   171  161s
  3695  1655 4418.82021   40  155 4478.85000 3910.94498  12.7%   173  165s
  3836  1750 4186.20529   34  277 4478.85000 3922.58217  12.4%   175  173s
  3896  1812 4303.91947   40  299 4478.85000 3923.26465  12.4%   176  178s
  3999  1865 4395.62129   45  121 4478.85000 3928.68283  12.3%   176  182s
  4091  1897 4178.14425   47  421 4478.85000 3933.34735  12.2%   176  187s
  4144  1929     cutoff   50      4478.85000 3935.87891  12.1%   178  191s
  4204  2001 4458.89835   59   98 4478.85000 3936.29852  12.1%   179  196s
  4340  2089 4262.32686   37  323 4478.85000 3940.30579  12.0%   178  201s
  4482  2145 4337.73446   42  230 4478.85000 3943.64794  11.9%   177  207s
  4573  2231 4360.37686   56   23 4478.85000 3947.24472  11.9%   177  212s
  4732  2281 4389.41733   41  261 4478.85000 3948.15019  11.8%   176  218s
  4841  2314     cutoff   53      4478.85000 3951.94450  11.8%   176  224s
  4928  2342     cutoff   48      4478.85000 3956.56207  11.7%   177  229s
  4998  2353     cutoff   44      4478.85000 3968.69581  11.4%   179  255s
H 5017  2068                    4431.6100000 3968.69581  10.4%   180  255s
H 5018  1988                    4421.4100000 3968.69581  10.2%   180  255s
  5051  1997 4316.14274   39  164 4421.41000 3974.69406  10.1%   180  260s
  5132  2020 4290.73030   42  157 4421.41000 3976.93565  10.1%   182  267s
  5245  2049 4373.18081   41  264 4421.41000 3980.83198  10.0%   183  273s
H 5275  1875                    4398.4300000 3980.83198  9.49%   184  273s
  5327  1909 4138.89696   37  239 4398.43000 3985.76623  9.38%   184  279s
H 5433  1437                    4333.4300000 3988.41150  7.96%   185  285s
  5523  1445     cutoff   50      4333.43000 3993.25424  7.85%   187  292s
  5613  1447 4236.34293   42  353 4333.43000 4002.06920  7.65%   188  299s
H 5646  1349                    4320.4100000 4002.06920  7.37%   189  299s
  5694  1367 4149.37969   40  382 4320.41000 4007.35912  7.25%   189  307s
  5783  1383 4180.74970   40  325 4320.41000 4012.12038  7.14%   191  314s
  5878  1388     cutoff   40      4320.41000 4015.02090  7.07%   193  340s
  5967  1398 4243.06764   50  318 4320.41000 4020.56594  6.94%   193  348s
  6066  1391     cutoff   39      4320.41000 4025.15817  6.83%   195  356s
  6163  1409     cutoff   44      4320.41000 4033.62822  6.64%   197  364s
  6261  1413 4307.75562   39  210 4320.41000 4039.30738  6.51%   198  372s
  6372  1437 4254.64167   38  328 4320.41000 4044.66314  6.38%   200  381s
  6482  1443 4242.03039   42  158 4320.41000 4046.57274  6.34%   201  389s
  6634  1463 4191.18853   37  208 4320.41000 4051.23442  6.23%   201  398s
  6765  1475     cutoff   43      4320.41000 4054.50885  6.15%   202  406s
  6895  1482 4316.26879   47  241 4320.41000 4056.63827  6.11%   203  415s
  7005  1482 4265.44178   46  243 4320.41000 4066.50614  5.88%   205  423s
  7113  1477 4259.93587   36  252 4320.41000 4071.70103  5.76%   206  432s
  7251  1495     cutoff   47      4320.41000 4075.68766  5.66%   207  443s
  7424  1504 4307.52311   40  217 4320.41000 4082.29045  5.51%   208  454s
  7579  1526 4159.80662   39  364 4320.41000 4086.60501  5.41%   209  465s
  7759  1527 infeasible   54      4320.41000 4091.72647  5.29%   210  476s
  7905  1540 4281.74028   45  235 4320.41000 4097.05455  5.17%   211  486s
  8073  1569     cutoff   39      4320.41000 4102.44203  5.05%   212  497s
  8272  1590 4257.70015   46  229 4320.41000 4108.94543  4.89%   213  509s
  8468  1608 4287.07828   43  212 4320.41000 4114.16388  4.77%   214  519s
  8566  1609 4289.38576   47  274 4320.41000 4116.90207  4.71%   214  520s
  8666  1605     cutoff   38      4320.41000 4117.21692  4.70%   214  530s
  8846  1634 4290.89748   40  370 4320.41000 4121.41879  4.61%   214  541s
  9035  1652     cutoff   41      4320.41000 4126.44564  4.49%   215  553s
  9238  1679 4247.15087   37  322 4320.41000 4130.08515  4.41%   215  564s
  9449  1682     cutoff   48      4320.41000 4135.73908  4.27%   215  575s
  9605  1713 4179.99960   44  147 4320.41000 4138.61511  4.21%   216  587s
  9832  1719     cutoff   43      4320.41000 4144.17395  4.08%   216  597s
 10038  1723     cutoff   37      4320.41000 4147.92435  3.99%   216  608s
 10233  1731 4243.50841   40  311 4320.41000 4151.59479  3.91%   216  619s
 10328  1731     cutoff   40      4320.41000 4157.52561  3.77%   216  620s
 10437  1731 4283.08172   42  298 4320.41000 4158.61496  3.74%   216  630s
 10633  1752 4304.70443   44  319 4320.41000 4162.73263  3.65%   217  641s
 10871  1756 4230.16235   43  145 4320.41000 4167.13989  3.55%   217  652s
 11092  1755 4272.92338   36  286 4320.41000 4170.55897  3.47%   216  663s
 11336  1740     cutoff   48      4320.41000 4174.20174  3.38%   216  674s
 11570  1744 4262.36710   46   49 4320.41000 4178.73500  3.28%   216  683s
 11764  1756     cutoff   38      4320.41000 4183.40648  3.17%   215  708s
 11961  1745 4311.40686   46  245 4320.41000 4186.70066  3.09%   215  719s
 12212  1740 4230.16818   40  232 4320.41000 4192.30731  2.97%   215  728s
 12420  1743 4306.66511   46   75 4320.41000 4197.65438  2.84%   214  736s
 12621  1751 4246.70059   53  140 4320.41000 4200.67681  2.77%   214  745s
 12829  1761 4306.42203   53   36 4320.41000 4204.24019  2.69%   213  755s
*13128  1743              51    4317.6900000 4207.80227  2.55%   212  756s
 13157  1747 4296.58326   45  283 4317.69000 4208.01642  2.54%   212  767s
 13452  1786 4271.59177   46  206 4317.69000 4213.67699  2.41%   211  777s
 13782  1797 4270.11221   43  317 4317.69000 4217.12234  2.33%   209  788s
*13982  1773              64    4315.0000000 4221.79217  2.16%   209  788s
 14096  1795     cutoff   43      4315.00000 4221.94797  2.16%   208  799s
 14494  1803     cutoff   50      4315.00000 4226.12442  2.06%   206  809s
*14657   993              66    4272.4100000 4226.12442  1.08%   205  810s
 14867   850     cutoff   49      4272.41000 4229.33979  1.01%   204  815s
 15090   744     cutoff   50      4272.41000 4235.18804  0.87%   202  821s
 15277   621     cutoff   50      4272.41000 4240.80560  0.74%   201  826s
 15474   486     cutoff   48      4272.41000 4246.33310  0.61%   200  830s
 15845   175     cutoff   45      4272.41000 4258.88868  0.32%   197  835s

Cutting planes:
  User: 3410
  Gomory: 27
  Cover: 227
  Implied bound: 39
  Projected implied bound: 1
  Clique: 6
  MIR: 109
  StrongCG: 4
  Flow cover: 261
  Zero half: 3
  Network: 7
  RLT: 141
  Relax-and-lift: 11
  Lazy constraints: 413

Explored 16196 nodes (3141961 simplex iterations) in 837.40 seconds
Thread count was 2 (of 32 available processors)

Solution count 10: 4272.41 4315 4317.69 ... 4536.85

Optimal solution found (tolerance 1.00e-04)
Best objective 4.272410000000e+03, best bound 4.272410000000e+03, gap 0.0000%

User-callback calls 85216, time in user-callback 43.52 sec
================================================================================
executing instance: ./input/Instances/Original/4/absH3low_3n10.dat
--------------------------------------------------------------------------------
Instance details
n	11
H	3
C	687
Li:
[0, 0, 0, 0, 0, 0, 0, 0, 0, 0, 0, ]
Ui:
[0, 189, 44, 174, 78, 36, 198, 117, 42, 96, 240, ]
Distance matrix:
|0	209	255	286	142	156	285	317	182	161	135	|
|209	0	464	451	315	356	490	469	361	299	260	|
|255	464	0	221	202	130	74	280	189	254	273	|
|286	451	221	0	145	156	164	479	354	153	192	|
|142	315	202	145	0	73	194	388	250	53	73	|
|156	356	130	156	73	0	134	332	200	127	144	|
|285	490	74	164	194	134	0	353	256	239	267	|
|317	469	280	479	388	332	353	0	141	436	430	|
|182	361	189	354	250	200	256	141	0	296	289	|
|161	299	254	153	53	127	239	436	296	0	39	|
|135	260	273	192	73	144	267	430	289	39	0	|

--------------------------------------------------------------------------------
Building model...
	using lazy and cut (CVRPSEP package)
Solving IRP LP...
--------------------------------------------------------------------------------

Gurobi 9.1.0 (linux64) logging started Sun Jan 10 01:07:20 2021

Gurobi Optimizer version 9.1.0 build v9.1.0rc0 (linux64)
Thread count: 32 physical cores, 32 logical processors, using up to 2 threads
Optimize a model with 311 rows, 728 columns and 2108 nonzeros
Model fingerprint: 0x4268dc61
Variable types: 134 continuous, 594 integer (99 binary)
Coefficient statistics:
  Matrix range     [1e+00, 2e+02]
  Objective range  [1e-02, 5e+02]
  Bounds range     [1e+00, 2e+02]
  RHS range        [2e+01, 1e+03]
Presolve removed 71 rows and 57 columns
Presolve time: 0.02s
Presolved: 240 rows, 671 columns, 1754 nonzeros
Variable types: 99 continuous, 572 integer (479 binary)
Found heuristic solution: objective 4251.0700000

Root relaxation: objective 1.476189e+03, 470 iterations, 0.01 seconds

    Nodes    |    Current Node    |     Objective Bounds      |     Work
 Expl Unexpl |  Obj  Depth IntInf | Incumbent    BestBd   Gap | It/Node Time

     0     0 1476.18878    0   43 4251.07000 1476.18878  65.3%     -    0s
H    0     0                    4212.0700000 1476.18878  65.0%     -    0s
     0     0 1636.34771    0   44 4212.07000 1636.34771  61.2%     -    0s
     0     0 2037.55700    0   60 4212.07000 2037.55700  51.6%     -    0s
     0     0 2037.60759    0   60 4212.07000 2037.60759  51.6%     -    0s
     0     0 2141.69467    0  113 4212.07000 2141.69467  49.2%     -    0s
     0     0 2141.88745    0  104 4212.07000 2141.88745  49.1%     -    0s
     0     0 2224.15748    0  108 4212.07000 2224.15748  47.2%     -    0s
     0     0 2231.43222    0  123 4212.07000 2231.43222  47.0%     -    0s
     0     0 2234.44291    0  113 4212.07000 2234.44291  47.0%     -    0s
     0     0 2234.47096    0  112 4212.07000 2234.47096  47.0%     -    0s
     0     0 2239.07890    0   63 4212.07000 2239.07890  46.8%     -    0s
H    0     0                    3468.4900000 2239.07890  35.4%     -    0s
     0     0 2250.23382    0  109 3468.49000 2250.23382  35.1%     -    0s
     0     0 2258.42157    0  103 3468.49000 2258.42157  34.9%     -    0s
     0     0 2262.53190    0  110 3468.49000 2262.53190  34.8%     -    0s
     0     0 2268.75328    0  108 3468.49000 2268.75328  34.6%     -    0s
     0     0 2268.89983    0  111 3468.49000 2268.89983  34.6%     -    0s
     0     0 2287.99830    0  124 3468.49000 2287.99830  34.0%     -    0s
     0     0 2292.08659    0  102 3468.49000 2292.08659  33.9%     -    0s
     0     0 2292.65149    0  107 3468.49000 2292.65149  33.9%     -    0s
     0     0 2295.73118    0  114 3468.49000 2295.73118  33.8%     -    0s
     0     0 2313.57053    0  118 3468.49000 2313.57053  33.3%     -    0s
H    0     0                    3462.4900000 2313.86264  33.2%     -    0s
     0     2 2313.86264    0  117 3462.49000 2313.86264  33.2%     -    0s
H    8    10                    3311.3200000 2394.23645  27.7%  97.2    0s
H   29    34                    3167.3200000 2409.82556  23.9%  75.8    0s
H   72    76                    3123.1000000 2409.82556  22.8%  46.7    0s
H   96    96                    3077.1000000 2409.82556  21.7%  39.3    0s
H   99    96                    2735.3600000 2409.82556  11.9%  38.4    0s
*  358    93              19    2734.1000000 2561.15168  6.33%  46.0    1s

Cutting planes:
  User: 84
  Gomory: 5
  Cover: 77
  Implied bound: 16
  Clique: 13
  MIR: 81
  StrongCG: 3
  Flow cover: 103
  Zero half: 3
  Network: 1
  RLT: 83
  Relax-and-lift: 7
  Lazy constraints: 9

Explored 605 nodes (25882 simplex iterations) in 1.47 seconds
Thread count was 2 (of 32 available processors)

Solution count 10: 2734.1 2735.36 3077.1 ... 4251.07

Optimal solution found (tolerance 1.00e-04)
Best objective 2.734100000000e+03, best bound 2.734100000000e+03, gap 0.0000%

User-callback calls 1730, time in user-callback 0.19 sec
================================================================================
executing instance: ./input/Instances/Original/4/absH3low_3n15.dat
--------------------------------------------------------------------------------
Instance details
n	16
H	3
C	1267
Li:
[0, 0, 0, 0, 0, 0, 0, 0, 0, 0, 0, 0, 0, 0, 0, 0, ]
Ui:
[0, 156, 267, 148, 144, 87, 33, 171, 76, 141, 270, 282, 60, 110, 172, 57, ]
Distance matrix:
|0	229	567	76	58	96	306	409	310	423	108	346	165	347	159	256	|
|229	0	482	243	279	155	375	525	251	419	158	373	65	123	329	246	|
|567	482	0	506	622	483	342	439	259	200	467	274	486	433	501	312	|
|76	243	506	0	119	88	230	337	255	352	88	272	179	347	94	194	|
|58	279	622	119	0	154	345	431	366	471	166	391	217	399	179	310	|
|96	155	483	88	154	0	266	397	224	358	17	289	92	262	176	179	|
|306	375	342	230	345	266	0	158	184	148	251	68	332	423	181	140	|
|409	525	439	337	431	397	158	0	340	244	386	201	476	581	253	298	|
|310	251	259	255	366	224	184	340	0	170	208	146	238	257	274	66	|
|423	419	200	352	471	358	148	244	170	0	341	84	396	424	323	182	|
|108	158	467	88	166	17	251	386	208	341	0	273	96	259	172	162	|
|346	373	274	272	391	289	68	201	146	84	273	0	340	400	239	127	|
|165	65	486	179	217	92	332	476	238	396	96	340	0	182	267	216	|
|347	123	433	347	399	262	423	581	257	424	259	400	182	0	423	283	|
|159	329	501	94	179	176	181	253	274	323	172	239	267	423	0	208	|
|256	246	312	194	310	179	140	298	66	182	162	127	216	283	208	0	|

--------------------------------------------------------------------------------
Building model...
	using lazy and cut (CVRPSEP package)
Solving IRP LP...
--------------------------------------------------------------------------------

Gurobi 9.1.0 (linux64) logging started Sun Jan 10 01:07:22 2021

Gurobi Optimizer version 9.1.0 build v9.1.0rc0 (linux64)
Thread count: 32 physical cores, 32 logical processors, using up to 2 threads
Optimize a model with 451 rows, 1423 columns and 3829 nonzeros
Model fingerprint: 0x1a61e8ea
Variable types: 199 continuous, 1224 integer (144 binary)
Coefficient statistics:
  Matrix range     [1e+00, 4e+02]
  Objective range  [1e-02, 6e+02]
  Bounds range     [1e+00, 3e+02]
  RHS range        [1e+01, 2e+03]
Presolve removed 101 rows and 77 columns
Presolve time: 0.03s
Presolved: 350 rows, 1346 columns, 3327 nonzeros
Variable types: 147 continuous, 1199 integer (1057 binary)

Root relaxation: objective 1.780944e+03, 546 iterations, 0.01 seconds

    Nodes    |    Current Node    |     Objective Bounds      |     Work
 Expl Unexpl |  Obj  Depth IntInf | Incumbent    BestBd   Gap | It/Node Time

     0     0 1780.94385    0   47          - 1780.94385      -     -    0s
     0     0 1977.45942    0   52          - 1977.45942      -     -    0s
     0     0 1977.45942    0   60          - 1977.45942      -     -    0s
     0     0 2432.26868    0  116          - 2432.26868      -     -    0s
     0     0 2454.76182    0  129          - 2454.76182      -     -    0s
     0     0 2457.93610    0  130          - 2457.93610      -     -    0s
     0     0 2563.55899    0  157          - 2563.55899      -     -    0s
     0     0 2572.22983    0  158          - 2572.22983      -     -    0s
     0     0 2572.70515    0  163          - 2572.70515      -     -    0s
     0     0 2637.59715    0  120          - 2637.59715      -     -    0s
     0     0 2649.76597    0  110          - 2649.76597      -     -    0s
     0     0 2650.39828    0  121          - 2650.39828      -     -    0s
     0     0 2692.01100    0  156          - 2692.01100      -     -    0s
     0     0 2707.46421    0  176          - 2707.46421      -     -    0s
     0     0 2713.74993    0  155          - 2713.74993      -     -    0s
     0     0 2714.18357    0  145          - 2714.18357      -     -    0s
     0     0 2721.04824    0  196          - 2721.04824      -     -    0s
     0     0 2725.55782    0  183          - 2725.55782      -     -    0s
     0     0 2726.19343    0  200          - 2726.19343      -     -    0s
     0     0 2738.24310    0  163          - 2738.24310      -     -    0s
     0     0 2744.66895    0  179          - 2744.66895      -     -    0s
     0     0 2747.55803    0  189          - 2747.55803      -     -    0s
     0     0 2748.06643    0  187          - 2748.06643      -     -    0s
     0     0 2755.13395    0  181          - 2755.13395      -     -    0s
H    0     0                    5278.5200000 2755.13395  47.8%     -    0s
H    0     0                    4844.5200000 2755.13395  43.1%     -    0s
     0     0 2756.57303    0  184 4844.52000 2756.57303  43.1%     -    0s
     0     0 2756.73113    0  189 4844.52000 2756.73113  43.1%     -    0s
     0     0 2758.73467    0  196 4844.52000 2758.73467  43.1%     -    0s
     0     0 2773.04452    0  179 4844.52000 2773.04452  42.8%     -    0s
H    0     0                    4251.5200000 2773.07854  34.8%     -    0s
H    0     0                    4250.5600000 2773.07854  34.8%     -    0s
     0     2 2775.34148    0  213 4250.56000 2775.34148  34.7%     -    0s
H   54    61                    3647.5600000 2835.28638  22.3%   129    1s
H  300   244                    3582.5600000 2918.95862  18.5%  80.9    2s
H  380   242                    3485.5600000 2952.02012  15.3%  80.1    3s
H  397   241                    3471.5200000 2965.54197  14.6%  83.7    3s
H  422   231                    3448.5200000 2969.07151  13.9%  86.7    3s
   548   258 3350.93911   13  114 3448.52000 3028.25899  12.2%  92.5    5s
H 1232   326                    3401.5600000 3197.24243  6.01%  90.6    9s
  1408   320     cutoff   13      3401.56000 3236.88623  4.84%  87.5   10s

Cutting planes:
  User: 484
  Gomory: 7
  Cover: 151
  Implied bound: 26
  Clique: 16
  MIR: 75
  StrongCG: 3
  Flow cover: 134
  Zero half: 9
  Network: 3
  RLT: 123
  Relax-and-lift: 5
  Lazy constraints: 78

Explored 2213 nodes (163112 simplex iterations) in 12.67 seconds
Thread count was 2 (of 32 available processors)

Solution count 10: 3401.56 3448.52 3471.52 ... 5278.52

Optimal solution found (tolerance 1.00e-04)
Best objective 3.401560000000e+03, best bound 3.401560000000e+03, gap 0.0000%

User-callback calls 6760, time in user-callback 1.42 sec
================================================================================
executing instance: ./input/Instances/Original/4/absH3low_2n45.dat
--------------------------------------------------------------------------------
Instance details
n	46
H	3
C	3171
Li:
[0, 0, 0, 0, 0, 0, 0, 0, 0, 0, 0, 0, 0, 0, 0, 0, 0, 0, 0, 0, 0, 0, 0, 0, 0, 0, 0, 0, 0, 0, 0, 0, 0, 0, 0, 0, 0, 0, 0, 0, 0, 0, 0, 0, 0, 0, ]
Ui:
[0, 246, 160, 78, 20, 87, 144, 40, 20, 82, 60, 96, 24, 136, 160, 108, 160, 26, 228, 51, 24, 240, 231, 70, 32, 105, 174, 114, 246, 126, 132, 76, 22, 42, 255, 132, 148, 162, 66, 111, 102, 240, 123, 201, 297, 78, ]
Distance matrix:
|0	148	402	550	329	420	187	318	366	280	504	273	233	333	112	344	379	481	113	593	159	523	261	424	90	359	163	461	413	240	105	299	265	89	371	462	339	273	495	22	41	439	369	506	563	468	|
|148	0	284	517	394	284	136	369	244	311	496	166	329	355	223	202	338	388	204	565	254	506	118	346	71	423	173	471	336	118	105	352	198	105	248	428	302	305	487	153	179	441	230	497	517	370	|
|402	284	0	350	448	80	228	406	42	343	382	129	456	350	412	126	219	131	382	395	410	371	180	137	314	466	289	400	137	167	389	401	169	316	39	280	217	342	373	394	414	362	108	380	324	106	|
|550	517	350	0	339	429	385	308	374	295	93	375	431	249	481	461	180	239	458	48	445	57	474	214	496	333	387	160	216	424	601	321	320	471	376	90	217	301	93	530	534	146	452	88	52	262	|
|329	394	448	339	0	513	282	42	438	105	255	363	115	108	221	484	259	431	217	365	172	289	436	362	333	30	224	189	353	380	423	47	291	296	443	285	240	107	251	307	294	193	495	260	378	437	|
|420	284	80	429	513	0	267	473	76	408	462	163	509	421	449	86	298	201	421	474	455	451	167	217	330	533	333	478	217	181	386	466	225	341	70	360	291	406	453	416	438	440	59	460	400	176	|
|187	136	228	385	282	267	0	249	199	186	360	104	248	224	184	214	207	294	155	432	189	371	155	237	113	308	68	336	227	101	216	236	78	98	205	296	168	181	350	174	190	305	231	360	390	283	|
|318	369	406	308	42	473	249	0	397	66	229	325	128	67	216	447	218	389	206	337	168	260	402	320	311	61	196	167	311	345	406	19	252	275	403	248	198	70	223	296	286	164	457	233	344	395	|
|366	244	42	374	438	76	199	397	0	332	397	96	436	346	383	90	228	168	354	420	385	389	139	161	277	458	263	408	158	128	349	391	150	282	6	298	218	331	388	359	380	370	78	395	352	144	|
|280	311	343	295	105	408	186	66	332	0	231	259	142	53	191	380	171	337	173	332	150	257	337	267	258	127	139	182	258	280	359	58	186	223	338	222	143	6	224	258	254	164	390	234	323	340	|
|504	496	382	93	255	462	360	229	397	231	0	375	356	180	422	478	173	293	403	110	381	36	474	248	463	245	345	68	246	419	568	244	308	433	400	104	200	237	9	482	482	67	474	5	142	312	|
|273	166	129	375	363	163	104	325	96	259	375	0	347	283	288	121	202	221	259	423	292	376	99	183	186	386	170	370	175	52	269	315	76	187	102	288	177	256	365	265	285	333	133	374	365	204	|
|233	329	456	431	115	509	248	128	436	142	356	347	0	181	121	462	311	472	128	463	76	386	398	403	260	141	180	294	392	349	334	111	287	224	442	362	280	139	350	212	194	289	479	360	463	472	|
|333	355	350	249	108	421	224	67	346	53	180	283	181	0	244	403	152	324	226	283	201	207	369	256	307	118	186	129	247	311	409	74	208	273	351	183	136	59	173	311	307	113	410	183	282	331	|
|112	223	412	481	221	449	184	216	383	191	422	288	121	244	0	387	327	461	30	521	49	447	313	396	152	250	125	371	385	273	214	196	249	121	389	400	288	185	415	91	74	355	408	425	503	454	|
|344	202	126	461	484	86	214	447	90	380	478	121	462	403	387	0	305	256	360	508	400	473	84	250	255	507	282	482	246	115	302	437	196	271	90	382	288	377	469	343	367	444	28	476	441	232	|
|379	338	219	180	259	298	207	218	228	171	173	202	311	152	327	305	0	172	301	227	300	174	302	105	318	270	217	180	97	249	423	221	141	296	232	90	40	173	164	361	368	142	303	172	184	180	|
|481	388	131	239	431	201	294	389	168	337	293	221	472	324	461	256	172	0	432	280	446	273	300	70	400	442	337	330	80	271	490	391	217	391	167	191	194	339	286	468	483	294	239	289	203	26	|
|113	204	382	458	217	421	155	206	354	173	403	259	128	226	30	360	301	432	0	499	52	426	287	367	133	246	95	355	356	246	208	187	219	100	360	376	261	167	395	90	81	337	381	406	478	425	|
|593	565	395	48	365	474	432	337	420	332	110	423	463	283	521	508	227	280	499	0	482	77	521	260	542	356	431	178	262	472	647	352	368	516	422	137	264	338	114	573	576	174	499	106	78	304	|
|159	254	410	445	172	455	189	168	385	150	381	292	76	201	49	400	300	446	52	482	0	407	331	378	184	201	122	327	367	286	258	149	242	150	391	367	263	144	374	137	122	314	419	384	470	441	|
|523	506	371	57	289	451	371	260	389	257	36	376	386	207	447	473	174	273	426	77	407	0	475	234	477	280	363	104	234	422	583	275	313	449	392	91	205	263	38	503	504	97	468	31	108	294	|
|261	118	180	474	436	167	155	402	139	337	474	99	398	369	313	84	302	300	287	521	331	475	0	275	173	462	220	465	268	58	219	390	168	193	142	388	275	333	464	261	286	430	111	473	462	279	|
|424	346	137	214	362	217	237	320	161	267	248	183	403	256	396	250	105	70	367	260	378	234	275	0	348	374	274	274	11	234	444	321	159	335	163	145	124	269	239	409	422	237	239	245	191	76	|
|90	71	314	496	333	330	113	311	277	258	463	186	260	307	152	255	318	400	133	542	184	477	173	348	0	362	121	430	338	150	106	293	190	37	282	406	279	252	454	88	113	403	280	464	502	386	|
|359	423	466	333	30	533	308	61	458	127	245	386	141	118	250	507	270	442	246	356	201	280	462	374	362	0	252	178	365	406	453	73	313	325	463	286	254	130	242	336	324	187	517	250	374	449	|
|163	173	289	387	224	333	68	196	263	139	345	170	180	186	125	282	217	337	95	431	122	363	220	274	121	252	0	310	263	168	225	180	124	88	269	300	177	133	337	144	152	284	299	347	400	330	|
|461	471	400	160	189	478	336	167	408	182	68	370	294	129	371	482	180	330	355	178	327	104	465	274	430	178	310	0	269	408	534	184	297	398	412	142	194	188	66	439	436	38	482	73	206	345	|
|413	336	137	216	353	217	227	311	158	258	246	175	392	247	385	246	97	80	356	262	367	234	268	11	338	365	263	269	0	226	434	312	149	324	160	143	115	259	237	399	411	232	237	243	196	84	|
|240	118	167	424	380	181	101	345	128	280	419	52	349	311	273	115	249	271	246	472	286	422	58	234	150	406	168	408	226	0	223	333	111	160	133	336	219	276	409	235	258	373	136	418	416	252	|
|105	105	389	601	423	386	216	406	349	359	568	269	334	409	214	302	423	490	208	647	258	583	219	444	106	453	225	534	434	223	0	388	289	137	353	511	384	353	559	123	145	508	330	570	606	473	|
|299	352	401	321	47	466	236	19	391	58	244	315	111	74	196	437	221	391	187	352	149	275	390	321	293	73	180	184	312	333	388	0	243	257	396	258	197	60	238	276	267	178	448	248	355	395	|
|265	198	169	320	291	225	78	252	150	186	308	76	287	208	249	196	141	217	219	368	242	313	168	159	190	313	124	297	149	111	289	243	0	176	156	231	109	183	299	251	266	262	205	308	319	207	|
|89	105	316	471	296	341	98	275	282	223	433	187	224	273	121	271	296	391	100	516	150	449	193	335	37	325	88	398	324	160	137	257	176	0	287	382	256	217	424	78	98	372	295	434	480	379	|
|371	248	39	376	443	70	205	403	6	338	400	102	442	351	389	90	232	167	360	422	391	392	142	163	282	463	269	412	160	133	353	396	156	287	0	301	222	336	391	365	386	374	77	398	353	143	|
|462	428	280	90	285	360	296	248	298	222	104	288	362	183	400	382	90	191	376	137	367	91	388	145	406	286	300	142	143	336	511	258	231	382	301	0	127	226	96	443	448	110	376	100	103	209	|
|339	302	217	217	240	291	168	198	218	143	200	177	280	136	288	288	40	194	261	264	263	205	275	124	279	254	177	194	115	219	384	197	109	256	222	127	0	145	190	321	328	157	289	199	224	198	|
|273	305	342	301	107	406	181	70	331	6	237	256	139	59	185	377	173	339	167	338	144	263	333	269	252	130	133	188	259	276	353	60	183	217	336	226	145	0	230	251	248	170	388	240	328	341	|
|495	487	373	93	251	453	350	223	388	224	9	365	350	173	415	469	164	286	395	114	374	38	464	239	454	242	337	66	237	409	559	238	299	424	391	96	190	230	0	474	474	61	465	11	141	305	|
|22	153	394	530	307	416	174	296	359	258	482	265	212	311	91	343	361	468	90	573	137	503	261	409	88	336	144	439	399	235	123	276	251	78	365	443	321	251	474	0	26	418	367	485	544	456	|
|41	179	414	534	294	438	190	286	380	254	482	285	194	307	74	367	368	483	81	576	122	504	286	422	113	324	152	436	411	258	145	267	266	98	386	448	328	248	474	26	0	416	391	484	550	472	|
|439	441	362	146	193	440	305	164	370	164	67	333	289	113	355	444	142	294	337	174	314	97	430	237	403	187	284	38	232	373	508	178	262	372	374	110	157	170	61	418	416	0	444	71	187	309	|
|369	230	108	452	495	59	231	457	78	390	474	133	479	410	408	28	303	239	381	499	419	468	111	239	280	517	299	482	237	136	330	448	205	295	77	376	289	388	465	367	391	444	0	472	429	214	|
|506	497	380	88	260	460	360	233	395	234	5	374	360	183	425	476	172	289	406	106	384	31	473	245	464	250	347	73	243	418	570	248	308	434	398	100	199	240	11	485	484	71	472	0	137	309	|
|563	517	324	52	378	400	390	344	352	323	142	365	463	282	503	441	184	203	478	78	470	108	462	191	502	374	400	206	196	416	606	355	319	480	353	103	224	328	141	544	550	187	429	137	0	228	|
|468	370	106	262	437	176	283	395	144	340	312	204	472	331	454	232	180	26	425	304	441	294	279	76	386	449	330	345	84	252	473	395	207	379	143	209	198	341	305	456	472	309	214	309	228	0	|

--------------------------------------------------------------------------------
Building model...
	using lazy and cut (CVRPSEP package)
Solving IRP LP...
--------------------------------------------------------------------------------

Gurobi 9.1.0 (linux64) logging started Sun Jan 10 01:07:35 2021

Gurobi Optimizer version 9.1.0 build v9.1.0rc0 (linux64)
Thread count: 32 physical cores, 32 logical processors, using up to 2 threads
Optimize a model with 1291 rows, 10318 columns and 23569 nonzeros
Model fingerprint: 0x1b0140aa
Variable types: 589 continuous, 9729 integer (414 binary)
Coefficient statistics:
  Matrix range     [1e+00, 8e+06]
  Objective range  [1e-02, 6e+02]
  Bounds range     [1e+00, 3e+02]
  RHS range        [1e+01, 5e+03]
Presolve removed 228 rows and 153 columns
Presolve time: 0.08s
Presolved: 1063 rows, 10165 columns, 22209 nonzeros
Variable types: 500 continuous, 9665 integer (9254 binary)

Root relaxation: objective 2.603918e+03, 1582 iterations, 0.05 seconds

