




arguments: ./build/mirp_solver -f ./input/orig_exec_19.cfg
Current dir: /scratch/gui/bnc_mirp
File verbosity level: 9
date       time         ( uptime  ) [ thread name/id ]                   file:line     v| 
2021-01-09 01:51:36.358 (   0.104s) [main thread     ]             loguru.cpp:789   INFO| Logging to './output/vi_hc2/OU/V3/Original/execution_09_01_2021_01_51_36.log', mode: 'a', verbosity: 9
--------------------------------------------------------------------------------
Parameters
                           instance_path           ./input/Instances/Original/1/
                            model_policy                                       1
                             nb_vehicles                                       3
                              output_dir         ./output/vi_hc2/OU/V3/Original/
                            sec_strategy                                       1
                       solver_nb_threads                                       2
                         solver_show_log                                    true
                       solver_time_limit                                    3600
                              use_vi_cos                                   false
                              use_vi_cus                                   false
                         use_vi_hc1_full                                   false
                         use_vi_hc1_half                                   false
                      use_vi_hc1_quarter                                   false
                              use_vi_hc2                                    true
                              use_vi_hc3                                   false
                         use_vi_lex_full                                   false
                         use_vi_lex_half                                   false
                      use_vi_lex_quarter                                   false
                              use_vi_qua                                   false
                               use_vi_vc                                   false
                               use_vi_vr                                   false
--------------------------------------------------------------------------------
executing instance: ./input/Instances/Original/1/absH3high_1n5.dat
--------------------------------------------------------------------------------
Instance details
n	6
H	3
C	289
Li:
[0, 0, 0, 0, 0, 0, ]
Ui:
[0, 195, 105, 116, 72, 22, ]
Distance matrix:
|0	85	349	17	203	289	|
|85	0	265	102	214	226	|
|349	265	0	366	368	238	|
|17	102	366	0	207	302	|
|203	214	368	207	0	431	|
|289	226	238	302	431	0	|

--------------------------------------------------------------------------------
Building model...
	using lazy and cut (CVRPSEP package)
Solving IRP LP...
--------------------------------------------------------------------------------

Gurobi 9.1.0 (linux64) logging started Sat Jan  9 01:51:36 2021

Gurobi Optimizer version 9.1.0 build v9.1.0rc0 (linux64)
Thread count: 32 physical cores, 32 logical processors, using up to 2 threads
Optimize a model with 204 rows, 258 columns and 957 nonzeros
Model fingerprint: 0xf204a5a1
Variable types: 69 continuous, 189 integer (54 binary)
Coefficient statistics:
  Matrix range     [1e+00, 2e+02]
  Objective range  [2e-01, 4e+02]
  Bounds range     [1e+00, 2e+02]
  RHS range        [1e+01, 5e+02]
Presolve removed 40 rows and 23 columns
Presolve time: 0.01s
Presolved: 164 rows, 235 columns, 786 nonzeros
Variable types: 51 continuous, 184 integer (136 binary)
Found heuristic solution: objective 4499.5200000
Found heuristic solution: objective 4464.5000000

Root relaxation: objective 1.701803e+03, 218 iterations, 0.01 seconds

    Nodes    |    Current Node    |     Objective Bounds      |     Work
 Expl Unexpl |  Obj  Depth IntInf | Incumbent    BestBd   Gap | It/Node Time

     0     0 1701.80263    0   23 4464.50000 1701.80263  61.9%     -    0s
H    0     0                    4316.5000000 1701.80263  60.6%     -    0s
     0     0 1898.70519    0   31 4316.50000 1898.70519  56.0%     -    0s
H    0     0                    4151.0500000 1898.70519  54.3%     -    0s
     0     0 2188.04166    0   53 4151.05000 2188.04166  47.3%     -    0s
     0     0 2205.94064    0   61 4151.05000 2205.94064  46.9%     -    0s
     0     0 2207.40908    0   59 4151.05000 2207.40908  46.8%     -    0s
     0     0 2257.35256    0   33 4151.05000 2257.35256  45.6%     -    0s
H    0     0                    4085.4100000 2257.35256  44.7%     -    0s
H    0     0                    3060.7100000 2257.35256  26.2%     -    0s
     0     0 2271.83668    0   39 3060.71000 2271.83668  25.8%     -    0s
     0     0 2271.83668    0   39 3060.71000 2271.83668  25.8%     -    0s
     0     0 2311.76350    0   38 3060.71000 2311.76350  24.5%     -    0s
H    0     0                    2488.0300000 2311.76350  7.08%     -    0s
     0     0 2311.76350    0   38 2488.03000 2311.76350  7.08%     -    0s
     0     0 2313.67280    0   85 2488.03000 2313.67280  7.01%     -    0s
     0     0 2313.67280    0   85 2488.03000 2313.67280  7.01%     -    0s
H    0     0                    2486.3500000 2321.17681  6.64%     -    0s
     0     2 2321.17681    0   81 2486.35000 2321.17681  6.64%     -    0s
H   15     5                    2475.0300000 2347.85174  5.14%  30.4    0s
H   18     5                    2414.0300000 2347.85174  2.74%  26.7    0s

Cutting planes:
  User: 3
  Gomory: 6
  Cover: 28
  Implied bound: 4
  Clique: 1
  MIR: 29
  Flow cover: 31
  Zero half: 1
  RLT: 24
  Relax-and-lift: 1

Explored 40 nodes (1518 simplex iterations) in 0.31 seconds
Thread count was 2 (of 32 available processors)

Solution count 10: 2414.03 2475.03 2486.35 ... 4499.52

Optimal solution found (tolerance 1.00e-04)
Best objective 2.414030000000e+03, best bound 2.414030000000e+03, gap 0.0000%

User-callback calls 336, time in user-callback 0.02 sec
================================================================================
executing instance: ./input/Instances/Original/1/absH3high_1n45.dat
--------------------------------------------------------------------------------
Instance details
n	46
H	3
C	3462
Li:
[0, 0, 0, 0, 0, 0, 0, 0, 0, 0, 0, 0, 0, 0, 0, 0, 0, 0, 0, 0, 0, 0, 0, 0, 0, 0, 0, 0, 0, 0, 0, 0, 0, 0, 0, 0, 0, 0, 0, 0, 0, 0, 0, 0, 0, 0, ]
Ui:
[0, 273, 270, 36, 165, 192, 148, 45, 30, 75, 180, 198, 112, 117, 90, 64, 180, 22, 264, 174, 168, 270, 86, 66, 26, 66, 237, 156, 92, 108, 144, 72, 30, 45, 94, 54, 174, 96, 198, 136, 44, 180, 210, 249, 198, 48, ]
Distance matrix:
|0	281	201	160	249	201	93	431	236	139	252	136	116	166	390	110	349	374	303	180	327	464	236	70	44	461	346	439	363	254	312	426	305	206	71	137	169	200	247	260	20	219	256	253	460	278	|
|281	0	448	170	53	142	338	184	121	290	371	390	222	302	111	289	169	434	230	177	238	441	59	212	319	211	86	235	399	306	53	176	99	202	263	157	361	101	370	201	264	344	364	374	469	184	|
|201	448	0	285	430	325	114	556	361	171	191	64	228	174	546	294	453	306	364	289	388	435	393	254	157	585	491	536	318	254	490	554	436	407	266	292	108	388	186	337	207	181	205	190	408	364	|
|160	170	285	0	169	43	182	280	80	120	208	231	58	132	262	230	190	294	151	24	174	345	112	107	183	309	207	280	268	158	219	276	155	235	187	45	192	150	205	107	140	177	202	210	356	119	|
|249	53	430	169	0	152	317	238	145	282	377	369	212	299	157	242	215	452	261	183	273	474	76	181	290	264	140	287	421	320	63	229	145	148	221	142	352	53	374	226	234	346	370	378	498	215	|
|201	142	325	43	152	0	224	237	37	156	230	273	101	164	224	261	148	300	127	38	147	333	83	142	225	266	167	238	270	168	193	233	112	246	221	70	228	148	228	84	180	202	222	232	351	87	|
|93	338	114	182	317	224	0	460	262	92	180	52	124	112	440	199	364	307	292	191	317	415	284	140	57	490	387	452	304	208	377	457	336	297	163	181	84	274	175	256	95	152	188	180	402	280	|
|431	184	556	280	238	237	460	0	199	385	420	508	337	385	108	464	110	429	219	269	206	378	202	365	460	30	98	84	388	340	204	9	126	386	432	294	453	283	421	226	411	404	408	423	422	198	|
|236	121	361	80	145	37	262	199	0	191	255	310	138	197	191	290	114	312	118	72	133	330	69	175	262	229	132	204	279	186	174	195	75	258	251	102	262	153	254	81	216	230	246	257	353	72	|
|139	290	171	120	282	156	92	385	191	0	116	129	71	27	380	246	283	235	201	119	226	329	231	141	129	414	323	367	224	119	336	383	266	308	202	141	72	252	112	169	127	82	118	117	322	195	|
|252	371	191	208	377	230	180	420	255	116	0	187	178	90	443	361	311	127	204	195	224	246	313	257	232	446	382	380	129	81	423	421	320	422	318	242	100	355	5	195	241	34	15	2	225	224	|
|136	390	64	231	369	273	52	508	310	129	187	0	173	141	491	233	409	313	330	239	355	431	335	191	93	538	438	495	316	233	429	505	385	342	203	233	88	325	182	297	143	167	199	187	412	323	|
|116	222	228	58	212	101	124	337	138	71	178	173	0	91	319	206	244	284	187	69	212	357	165	85	130	367	265	333	264	151	267	333	213	244	161	70	140	181	175	145	97	145	177	180	359	165	|
|166	302	174	132	299	164	112	385	197	27	90	141	91	0	388	273	280	208	191	127	215	305	243	167	153	413	329	361	198	96	351	383	270	333	229	159	68	272	86	163	153	56	92	91	296	190	|
|390	111	546	262	157	224	440	108	191	380	443	491	319	388	0	399	164	480	264	261	261	456	156	320	426	125	62	186	442	369	107	99	125	300	374	260	452	210	443	252	372	420	433	446	494	227	|
|110	289	294	230	242	261	199	464	290	246	361	233	206	273	399	0	402	480	382	254	404	562	262	124	143	493	369	490	466	355	302	457	344	135	45	191	279	189	356	337	120	328	364	362	563	348	|
|349	169	453	190	215	148	364	110	114	283	311	409	244	280	164	402	0	324	110	174	101	292	151	289	372	135	109	90	284	230	212	111	70	354	364	216	348	245	312	118	329	295	298	313	330	90	|
|374	434	306	294	452	300	307	429	312	235	127	313	284	208	480	480	324	0	216	274	223	137	380	368	357	448	419	367	40	136	487	432	358	525	436	336	227	443	132	234	361	156	119	127	102	255	|
|303	230	364	151	261	127	292	219	118	201	204	330	187	191	264	382	110	216	0	128	25	213	185	258	314	243	203	176	178	123	282	221	144	372	338	193	256	270	206	45	283	193	191	206	239	46	|
|180	177	289	24	183	38	191	269	72	119	195	239	69	127	261	254	174	274	128	0	151	321	118	130	198	299	204	263	246	139	228	266	147	258	211	68	191	169	193	83	159	166	188	197	333	98	|
|327	238	388	174	273	147	317	206	133	226	224	355	212	215	261	404	101	223	25	151	0	203	198	281	339	228	202	156	184	143	288	209	146	390	362	215	280	286	226	68	308	215	210	226	235	61	|
|464	441	435	345	474	333	415	378	330	329	246	431	357	305	456	562	292	137	213	321	203	0	398	440	458	390	400	301	117	211	492	384	348	578	517	389	344	480	251	251	448	265	233	246	54	259	|
|236	59	393	112	76	83	284	202	69	231	313	335	165	243	156	262	151	380	185	118	198	398	0	167	270	231	110	233	347	250	110	195	85	203	230	103	303	95	311	150	217	284	305	315	422	139	|
|70	212	254	107	181	142	140	365	175	141	257	191	85	167	320	124	289	368	258	130	281	440	167	0	109	394	277	378	349	236	244	359	239	167	81	73	196	135	253	213	53	223	257	258	444	226	|
|44	319	157	183	290	225	57	460	262	129	232	93	130	153	426	143	372	357	314	198	339	458	270	109	0	490	379	462	351	247	353	456	334	250	110	168	140	243	226	274	56	201	238	232	449	294	|
|461	211	585	309	264	266	490	30	229	414	446	538	367	413	125	493	135	448	243	299	228	390	231	394	490	0	125	89	408	365	226	36	156	412	462	324	481	311	447	253	441	430	433	448	436	225	|
|346	86	491	207	140	167	387	98	132	323	382	438	265	329	62	369	109	419	203	204	202	400	110	277	379	125	0	155	381	307	113	90	63	288	339	211	394	186	382	190	327	359	371	384	436	165	|
|439	235	536	280	287	238	452	84	204	367	380	495	333	361	186	490	90	367	176	263	156	301	233	378	462	89	155	0	326	299	267	92	148	432	454	306	429	325	382	199	419	369	366	382	348	172	|
|363	399	318	268	421	270	304	388	279	224	129	316	264	198	442	466	284	40	178	246	184	117	347	349	351	408	381	326	0	113	452	391	321	502	422	311	229	415	134	199	348	152	118	130	98	219	|
|254	306	254	158	320	168	208	340	186	119	81	233	151	96	369	355	230	136	123	139	143	211	250	236	247	365	307	299	113	0	359	340	244	390	310	200	148	308	83	117	238	74	68	83	208	145	|
|312	53	490	219	63	193	377	204	174	336	423	429	267	351	107	302	212	487	282	228	288	492	110	244	353	226	113	267	452	359	0	195	145	194	283	199	407	115	421	254	296	394	415	425	521	237	|
|426	176	554	276	229	233	457	9	195	383	421	505	333	383	99	457	111	432	221	266	209	384	195	359	456	36	90	92	391	340	195	0	122	378	426	289	451	275	421	226	406	404	408	423	427	197	|
|305	99	436	155	145	112	336	126	75	266	320	385	213	270	125	344	70	358	144	147	146	348	85	239	334	156	63	148	321	244	145	122	0	286	310	168	336	177	320	128	285	298	309	322	381	103	|
|206	202	407	235	148	246	297	386	258	308	422	342	244	333	300	135	354	525	372	258	390	578	203	167	250	412	288	432	502	390	194	378	286	0	144	191	362	109	418	329	202	388	421	423	591	329	|
|71	263	266	187	221	221	163	432	251	202	318	203	161	229	374	45	364	436	338	211	362	517	230	81	110	462	339	454	422	310	283	426	310	144	0	150	239	168	313	294	77	285	321	319	518	306	|
|137	157	292	45	142	70	181	294	102	141	242	233	70	159	260	191	216	336	193	68	215	389	103	73	168	324	211	306	311	200	199	289	168	191	150	0	210	113	239	148	117	210	238	244	400	157	|
|169	361	108	192	352	228	84	453	262	72	100	88	140	68	452	279	348	227	256	191	280	344	303	196	140	481	394	429	229	148	407	451	336	362	239	210	0	318	95	231	164	79	111	100	325	258	|
|200	101	388	150	53	148	274	283	153	252	355	325	181	272	210	189	245	443	270	169	286	480	95	135	243	311	186	325	415	308	115	275	177	109	168	113	318	0	352	230	187	323	351	357	498	225	|
|247	370	186	205	374	228	175	421	254	112	5	182	175	86	443	356	312	132	206	193	226	251	311	253	226	447	382	382	134	83	421	421	320	418	313	239	95	352	0	196	237	30	19	6	230	224	|
|260	201	337	107	226	84	256	226	81	169	195	297	145	163	252	337	118	234	45	83	68	251	150	213	274	253	190	199	199	117	254	226	128	329	294	148	231	230	196	0	240	178	184	198	272	29	|
|20	264	207	140	234	180	95	411	216	127	241	143	97	153	372	120	329	361	283	159	308	448	217	53	56	441	327	419	348	238	296	406	285	202	77	117	164	187	237	240	0	208	245	242	446	257	|
|219	344	181	177	346	202	152	404	230	82	34	167	145	56	420	328	295	156	193	166	215	265	284	223	201	430	359	369	152	74	394	404	298	388	285	210	79	323	30	178	208	0	37	35	250	206	|
|256	364	205	202	370	222	188	408	246	118	15	199	177	92	433	364	298	119	191	188	210	233	305	257	238	433	371	366	118	68	415	408	309	421	321	238	111	351	19	184	245	37	0	17	214	212	|
|253	374	190	210	378	232	180	423	257	117	2	187	180	91	446	362	313	127	206	197	226	246	315	258	232	448	384	382	130	83	425	423	322	423	319	244	100	357	6	198	242	35	17	0	225	226	|
|460	469	408	356	498	351	402	422	353	322	225	412	359	296	494	563	330	102	239	333	235	54	422	444	449	436	436	348	98	208	521	427	381	591	518	400	325	498	230	272	446	250	214	225	0	285	|
|278	184	364	119	215	87	280	198	72	195	224	323	165	190	227	348	90	255	46	98	61	259	139	226	294	225	165	172	219	145	237	197	103	329	306	157	258	225	224	29	257	206	212	226	285	0	|

--------------------------------------------------------------------------------
Building model...
	using lazy and cut (CVRPSEP package)
Solving IRP LP...
--------------------------------------------------------------------------------

Gurobi 9.1.0 (linux64) logging started Sat Jan  9 01:51:37 2021

Gurobi Optimizer version 9.1.0 build v9.1.0rc0 (linux64)
Thread count: 32 physical cores, 32 logical processors, using up to 2 threads
Optimize a model with 1684 rows, 10318 columns and 32737 nonzeros
Model fingerprint: 0x897554a4
Variable types: 589 continuous, 9729 integer (414 binary)
Coefficient statistics:
  Matrix range     [1e+00, 1e+03]
  Objective range  [1e-01, 6e+02]
  Bounds range     [1e+00, 3e+02]
  RHS range        [1e+01, 6e+03]
Presolve removed 254 rows and 114 columns
Presolve time: 0.20s
Presolved: 1430 rows, 10204 columns, 30660 nonzeros
Variable types: 443 continuous, 9761 integer (9322 binary)

Root relaxation: objective 1.306174e+04, 1023 iterations, 0.03 seconds

    Nodes    |    Current Node    |     Objective Bounds      |     Work
 Expl Unexpl |  Obj  Depth IntInf | Incumbent    BestBd   Gap | It/Node Time

     0     0 13061.7393    0  129          - 13061.7393      -     -    0s
     0     0 13267.0335    0  149          - 13267.0335      -     -    1s
     0     0 13296.6946    0  130          - 13296.6946      -     -    1s
     0     0 13302.0552    0  118          - 13302.0552      -     -    1s
     0     0 13302.0552    0  114          - 13302.0552      -     -    1s
     0     0 13732.3670    0  215          - 13732.3670      -     -    1s
     0     0 13760.1501    0  227          - 13760.1501      -     -    1s
     0     0 13760.2826    0  244          - 13760.2826      -     -    2s
     0     0 13937.2569    0  253          - 13937.2569      -     -    2s
     0     0 13947.6601    0  257          - 13947.6601      -     -    2s
     0     0 13948.3733    0  237          - 13948.3733      -     -    2s
     0     0 13948.4236    0  262          - 13948.4236      -     -    2s
     0     0 14120.2683    0  303          - 14120.2683      -     -    3s
     0     0 14122.1471    0  290          - 14122.1471      -     -    3s
     0     0 14122.1627    0  288          - 14122.1627      -     -    3s
     0     0 14160.4057    0  332          - 14160.4057      -     -    3s
     0     0 14172.0178    0  250          - 14172.0178      -     -    3s
     0     0 14214.3046    0  321          - 14214.3046      -     -    3s
     0     0 14261.7742    0  313          - 14261.7742      -     -    4s
     0     0 14279.9107    0  257          - 14279.9107      -     -    4s
     0     0 14290.5778    0  342          - 14290.5778      -     -    4s
     0     0 14291.5931    0  323          - 14291.5931      -     -    4s
     0     0 14322.8096    0  347          - 14322.8096      -     -    4s
     0     0 14327.4044    0  301          - 14327.4044      -     -    5s
     0     0 14329.4340    0  354          - 14329.4340      -     -    5s
     0     0 14330.4743    0  370          - 14330.4743      -     -    5s
     0     0 14337.8958    0  255          - 14337.8958      -     -    5s
     0     0 14339.1200    0  269          - 14339.1200      -     -    6s
     0     0 14344.1788    0  347          - 14344.1788      -     -    6s
     0     0 14344.1788    0  290          - 14344.1788      -     -    6s
     0     2 14344.1788    0  274          - 14344.1788      -     -    8s
    11    14 14386.3305    4  386          - 14347.3493      -   350   10s
    60    64 14491.6547   17  363          - 14347.3493      -   315   15s
   114   124 14638.8874   29  276          - 14347.3493      -   285   20s
   182   199 14776.8710   47  231          - 14347.3493      -   253   25s
   263   293 15056.0846   58  214          - 14347.3493      -   210   30s
   304   340 15203.4349   61  197          - 14347.3493      -   195   35s
   430   458 15372.8529   75  204          - 14347.3493      -   153   42s
   529   547 15534.3361   90  190          - 14347.3493      -   132   47s
   654   620 15653.1613   96   96          - 14347.3493      -   111   53s
*  667   620             294    19551.140000 14347.3493  26.6%   110   53s
   674   623 15786.2895  103   57 19551.1400 14347.3493  26.6%   112   55s
   705   676 15840.5522  122   45 19551.1400 14347.3493  26.6%   113   61s
   730   677 14396.2156    9  290 19551.1400 14347.3493  26.6%   112   65s
   735   680 15756.0549  105  393 19551.1400 14347.3493  26.6%   111   70s
   747   688 14645.0152   28  540 19551.1400 14407.3771  26.3%   109   75s
   758   696 18932.1650  266  403 19551.1400 14428.6012  26.2%   108   80s
   764   700 18458.0596  232  466 19551.1400 14433.1738  26.2%   107   85s
   770   704 14532.7461   26  446 19551.1400 14433.3566  26.2%   106   90s
   778   709 15655.4093   97  459 19551.1400 14434.2453  26.2%   105   95s
   788   716 17911.7567  213  457 19551.1400 14445.9052  26.1%   104  100s
   796   721 15998.5375  131  500 19551.1400 14446.5621  26.1%   102  105s
H  802   687                    19304.180000 14446.9881  25.2%   102  110s
   806   690 14882.6172   47  508 19304.1800 14447.3223  25.2%   101  116s
   812   694 17301.2836  166  558 19304.1800 14453.9965  25.1%   100  120s
   819   698 15614.6368   92  561 19304.1800 14455.0444  25.1%   100  125s
   827   704 17608.2100  194  611 19304.1800 14455.1476  25.1%  98.6  130s
H  831   672                    19164.540000 14455.1476  24.6%   136  132s
   833   673 14646.4167   35  279 19164.5400 14455.1476  24.6%   136  135s
   846   682 14984.6012   54  562 19164.5400 14455.4483  24.6%   134  140s
H  852   651                    19134.920000 14457.9607  24.4%   133  144s
   854   652 14574.3408   32  524 19134.9200 14458.3124  24.4%   133  145s
   861   657 17306.6954  171  551 19134.9200 14458.7498  24.4%   132  150s
   864   662 14459.2599   31  559 19134.9200 14459.2599  24.4%   146  155s
   880   672 14526.9494   35  481 19134.9200 14480.4321  24.3%   156  160s
   891   680 14507.7750   38  367 19134.9200 14480.4321  24.3%   161  172s
   897   685 14592.9601   39  410 19134.9200 14480.4321  24.3%   167  175s
   922   701 14562.0516   43  480 19134.9200 14480.4321  24.3%   175  180s
   954   724 14566.2445   48  489 19134.9200 14480.4321  24.3%   180  186s
   987   749 14586.2030   53  468 19134.9200 14480.4321  24.3%   183  190s
  1015   772 14762.6016   57  446 19134.9200 14480.4321  24.3%   187  195s
  1052   792 14709.8250   61  339 19134.9200 14480.4321  24.3%   188  200s
  1091   821 14891.7916   68  210 19134.9200 14480.4321  24.3%   188  207s
  1130   860 15081.3397   78  204 19134.9200 14480.4321  24.3%   187  212s
  1153   872 15158.5946   81  225 19134.9200 14480.4321  24.3%   186  215s
  1215   926 15400.9481   90  207 19134.9200 14480.4321  24.3%   181  222s
  1247   958 15443.3921   96  192 19134.9200 14480.4321  24.3%   179  226s
  1298   981 15596.9342  102  163 19134.9200 14480.4321  24.3%   174  231s
  1348   984 15657.3221  105  172 19134.9200 14480.4321  24.3%   169  235s
  1384   995 17322.6337  212    9 19134.9200 14480.4321  24.3%   166  240s
  1405  1007 17589.1550  212   11 19134.9200 14480.4321  24.3%   165  245s
  1473  1050 16034.4996  127   88 19134.9200 14480.4321  24.3%   160  255s
* 1491  1013             227    18094.650000 14480.4321  20.0%   159  255s
  1542  1021 16144.3345  139   94 18094.6500 14480.4321  20.0%   157  262s
  1563  1051 16360.2325  148  159 18094.6500 14480.4321  20.0%   157  269s
  1592  1041 14563.1646   39  368 18094.6500 14480.4321  20.0%   155  270s
  1606  1074 16689.4848  165  125 18094.6500 14480.4321  20.0%   155  276s
H 1638  1051                    18056.650000 14480.4321  19.8%   155  281s
  1672  1070 17018.4828  195  112 18056.6500 14480.4321  19.8%   154  285s
  1709  1088 17091.5683  211   96 18056.6500 14480.4321  19.8%   153  290s
  1733  1120 17247.8633  221   86 18056.6500 14480.4321  19.8%   153  295s
  1774  1145 17368.5497  237   45 18056.6500 14484.4912  19.8%   152  312s
  1838  1147 15068.5425   34  446 18056.6500 14484.4912  19.8%   152  319s
  1853  1149 15132.4476   39  289 18056.6500 14484.4912  19.8%   152  323s
  1860  1157 15100.3681   38  428 18056.6500 14484.4912  19.8%   153  328s
  1872  1164 15160.8707   40  413 18056.6500 14484.4912  19.8%   153  333s
  1887  1178 15176.3223   41  328 18056.6500 14484.4912  19.8%   154  339s
  1906  1196 15277.7578   41  358 18056.6500 14484.4912  19.8%   155  346s
  1931  1190 15272.7745   44  190 18056.6500 14484.4912  19.8%   155  368s
  1933  1193 15288.4368   45  270 18056.6500 14484.4912  19.8%   155  373s
  1937  1211 15406.9312   45  189 18056.6500 14484.4912  19.8%   155  379s
  1956  1228 15314.5618   47  158 18056.6500 14484.4912  19.8%   156  384s
  1979  1243 15370.7484   51  152 18056.6500 14484.4912  19.8%   156  391s
  2002  1263 15400.6470   52  199 18056.6500 14484.4912  19.8%   156  398s
  2030  1289 15395.4236   52  247 18056.6500 14484.4912  19.8%   156  405s
  2065  1305 15453.5908   56  145 18056.6500 14484.4912  19.8%   156  412s
  2093  1333 15495.7284   63  202 18056.6500 14484.4912  19.8%   156  423s
  2130  1362 15542.8520   69  166 18056.6500 14484.4912  19.8%   156  432s
  2171  1398 15716.6937   72  220 18056.6500 14484.4912  19.8%   156  441s
  2221  1437 15627.2655   77  195 18056.6500 14484.4912  19.8%   155  451s
  2287  1523 15774.0226   79  103 18056.6500 14484.4912  19.8%   154  469s
  2337  1511 16328.7600  180    - 18056.6500 14484.4912  19.8%   152  470s
  2436  1503 15788.8393   88  141 18056.6500 14484.4912  19.8%   148  485s
  2521  1535 15884.7839   93   66 18056.6500 14484.4912  19.8%   145  497s
  2556  1577 15934.7793  103  122 18056.6500 14484.4912  19.8%   145  511s
  2609  1591 16111.4529  115  144 18056.6500 14484.4912  19.8%   145  522s
  2641  1636 16119.6035  126   96 18056.6500 14484.4912  19.8%   144  534s
  2671  1636 16173.8612  135   28 18056.6500 14484.4912  19.8%   143  535s
  2697  1693 16208.0603  139   42 18056.6500 14484.4912  19.8%   144  546s
  2757  1768 16932.3021  160   43 18056.6500 14484.4912  19.8%   144  560s
  2902  1813 17002.1625  161   29 18056.6500 14513.3466  19.6%   139  580s
  2967  1890 17738.5323  189   21 18056.6500 14526.9631  19.5%   139  597s
  3044  1947 14721.2120   39  291 18056.6500 14526.9631  19.5%   138  612s
  3110  1952 15580.8607  105   31 18056.6500 14526.9631  19.5%   138  615s
  3111  2029 14868.1308   47  227 18056.6500 14526.9631  19.5%   138  628s
  3223  2168 15190.8926   66  264 18056.6500 14526.9850  19.5%   136  654s
  3253  2168 15767.9102   96   87 18056.6500 14526.9850  19.5%   136  655s
  3444  2217 16397.4072  120   41 18056.6500 14541.9898  19.5%   132  678s
  3491  2249 14889.8071   41  232 18056.6500 14545.8069  19.4%   133  692s
  3520  2289 14959.8354   45  173 18056.6500 14545.8069  19.4%   134  706s
  3560  2353 14983.6219   50  201 18056.6500 14545.8069  19.4%   135  722s
  3624  2443 15117.0520   57  136 18056.6500 14545.8069  19.4%   135  739s
  3640  2443 15191.1507   62  144 18056.6500 14545.8069  19.4%   135  740s
  3716  2540 15270.3698   65  139 18056.6500 14545.8069  19.4%   135  759s
  3746  2540 15409.6372   79   91 18056.6500 14545.8069  19.4%   135  760s
  3828  2645 15469.5455   89   76 18056.6500 14545.8069  19.4%   135  782s
  3903  2645 15665.7824  107   68 18056.6500 14545.8069  19.4%   133  785s
  3933  2663 15700.6688  115   65 18056.6500 14545.8069  19.4%   134  804s
  3951  2776 15727.2664  119   93 18056.6500 14545.8069  19.4%   134  822s
  4026  2778 16059.6883  144   18 18056.6500 14545.8069  19.4%   133  825s
  4076  2839 16030.7171  135   24 18056.6500 14546.1459  19.4%   133  845s
  4172  2882 17048.1964  165   19 18056.6500 14549.5319  19.4%   132  865s
  4229  2926     cutoff  179      18056.6500 14549.8616  19.4%   133  886s
  4271  2988 infeasible  177      18056.6500 14552.7211  19.4%   134  909s
  4336  3132 14862.2540   54  376 18056.6500 14552.7211  19.4%   135  939s
  4353  3132 15167.6453   71  180 18056.6500 14552.7211  19.4%   135  940s
  4497  3226 15642.1768   91  159 18056.6500 14562.2520  19.4%   133  969s
  4512  3227 15894.3054  105   15 18056.6500 14562.2520  19.4%   133  970s
  4656  3297     cutoff  186      18056.6500 14564.3943  19.3%   131  997s
  4713  3415 15238.7536   65  166 18056.6500 14564.5710  19.3%   132 1024s
  4728  3415 15536.5086   80   96 18056.6500 14564.5710  19.3%   132 1025s
  4867  3488 14965.4239   45  263 18056.6500 14564.5710  19.3%   131 1056s
  4939  3614 14973.0178   53  241 18056.6500 14564.5710  19.3%   132 1087s
  5008  3614 16166.1931  132   35 18056.6500 14564.5710  19.3%   133 1090s
  5133  3745 15111.0454   61  191 18056.6500 14564.5710  19.3%   130 1124s
  5164  3745 15273.5650   77   51 18056.6500 14564.5710  19.3%   130 1125s
  5242  3833 15496.2400   92   17 18056.6500 14566.2686  19.3%   131 1161s
  5287  3833 15673.7167  105   36 18056.6500 14566.2686  19.3%   130 1165s
  5355  3943 15863.4917  111   29 18056.6500 14567.1148  19.3%   130 1195s
  5488  3956 15042.5634   54  276 18056.6500 14567.8288  19.3%   130 1200s
  5492  3992 17943.4322  172    8 18056.6500 14568.0815  19.3%   130 1228s
* 5537  3931             185    17866.680000 14569.9858  18.5%   130 1229s
* 5538  3912             185    17821.420000 14569.9858  18.2%   130 1229s
* 5539  3902             184    17787.980000 14569.9858  18.1%   130 1229s
* 5541  3827             184    17635.980000 14569.9858  17.4%   130 1229s
  5567  3827 14995.1113   63  168 17635.9800 14569.9858  17.4%   130 1230s
  5573  3934     cutoff  181      17635.9800 14569.9858  17.4%   130 1265s
  5706  3941 17107.2600  167    6 17635.9800 14573.2870  17.4%   130 1270s
  5726  4060 15359.8675   64  188 17635.9800 14573.3910  17.4%   130 1315s
  5831  4065 16968.3807  163   11 17635.9800 14573.3910  17.4%   129 1320s
  5883  4140 14739.2051   39  256 17635.9800 14573.4687  17.4%   129 1356s
  5950  4244 14894.0954   54  182 17635.9800 14573.4687  17.4%   131 1393s
  5995  4245 15233.2014   84   37 17635.9800 14573.4687  17.4%   131 1395s
  6058  4430 15343.1728   76   65 17635.9800 14574.7185  17.4%   132 1432s
  6124  4437 16003.5300  110    - 17635.9800 14574.7185  17.4%   132 1435s
  6310  4488 17338.4267  115   19 17635.9800 14575.1011  17.4%   131 1475s
  6372  4528     cutoff  127      17635.9800 14577.0725  17.3%   132 1509s
  6419  4584 14777.5358   51  312 17635.9800 14577.3961  17.3%   134 1543s
  6480  4696 15086.7218   63  283 17635.9800 14577.3961  17.3%   135 1580s
  6618  4876 15900.2012   81  175 17635.9800 14584.2232  17.3%   135 1641s
  6710  4876 16623.1086  109   59 17635.9800 14584.2232  17.3%   134 1645s
  6837  4922 infeasible  140      17635.9800 14584.8028  17.3%   134 1684s
  6877  4977 14964.9740   46  371 17635.9800 14584.8647  17.3%   135 1720s
  6937  5083 16142.6225   84  156 17635.9800 14586.7997  17.3%   136 1762s
  6997  5083 16772.4957  144   57 17635.9800 14586.7997  17.3%   136 1765s
  7056  5092 15016.4776   68  253 17635.9800 14587.6299  17.3%   137 1789s
  7065  5311 15031.1576   69  266 17635.9800 14588.4026  17.3%   137 1828s
  7115  5311 15469.8799  119   55 17635.9800 14588.4026  17.3%   137 1830s
  7254  5326 16374.7210  120   36 17635.9800 14589.8872  17.3%   136 1835s
  7347  5404 16978.1400  185    2 17635.9800 14591.3356  17.3%   135 1883s
  7392  5420 14847.9480   41  417 17635.9800 14591.3356  17.3%   135 1885s
  7456  5464 14900.8102   45  421 17635.9800 14592.9601  17.3%   136 1928s
  7503  5464 15150.0985   58  317 17635.9800 14592.9601  17.3%   137 1930s
  7504  5605 15167.2737   52  278 17635.9800 14592.9601  17.3%   138 1980s
  7641  5611 17006.2685  151   52 17635.9800 14592.9601  17.3%   138 1985s
  7681  5795 15723.4146   69  269 17635.9800 14592.9601  17.3%   138 2039s
  7711  5795 16019.0250   83  127 17635.9800 14592.9601  17.3%   138 2040s
  7856  5901 17304.0733  114   78 17635.9800 14593.5839  17.3%   139 2087s
  8005  6132 14704.8068   41  285 17635.9800 14593.5839  17.3%   138 2141s
  8105  6132 16418.0091  141   29 17635.9800 14593.5839  17.3%   138 2145s
  8241  6142 16446.1300  135    - 17635.9800 14593.5839  17.3%   137 2150s
  8265  6226 17043.8520  198   20 17635.9800 14594.4761  17.2%   137 2197s
  8334  6232 16829.9176  145    6 17635.9800 14594.6382  17.2%   138 2200s
H 8371  6062                    17113.670000 14594.6382  14.7%   138 2252s
  8441  6062 15670.8783   91   45 17113.6700 14595.5545  14.7%   138 2255s
  8567  6066 15467.1908  118   24 17113.6700 14597.0173  14.7%   138 2260s
  8635  6248 15981.0882  114   54 17113.6700 14597.7987  14.7%   137 2313s
  8697  6252 14870.4751   61  350 17113.6700 14597.7987  14.7%   137 2316s
  8815  6260 16757.1342  124   70 17113.6700 14602.1194  14.7%   136 2320s
  8855  6332 16937.2100  154    - 17113.6700 14604.9632  14.7%   136 2364s
  8885  6338 15304.3585   61  168 17113.6700 14604.9632  14.7%   136 2365s
  8947  6436 16960.8550  154   17 17113.6700 14606.4902  14.7%   137 2408s
  8981  6440 15266.7849   62  294 17113.6700 14606.4902  14.7%   137 2410s
  9057  6570 17093.7700  161    - 17113.6700 14606.6132  14.6%   138 2458s
  9104  6574 16001.9239   84  219 17113.6700 14606.6132  14.6%   138 2460s
  9207  6729     cutoff  161      17113.6700 14607.7442  14.6%   138 2512s
  9294  6736 16647.0752  112   17 17113.6700 14607.7442  14.6%   138 2515s
  9392  6891     cutoff  161      17113.6700 14611.0235  14.6%   138 2568s
  9449  6892 15832.8141   91  136 17113.6700 14611.0235  14.6%   138 2570s
  9572  6980 17102.7400  161    - 17113.6700 14612.3372  14.6%   138 2620s
  9666  7189 14923.0829   59  165 17113.6700 14613.5351  14.6%   139 2672s
  9719  7190 15129.4469   90   45 17113.6700 14613.5351  14.6%   139 2675s
  9929  7375 16564.2100  136    - 17113.6700 14613.7147  14.6%   138 2734s
  9963  7378 15396.3615   78  126 17113.6700 14613.7147  14.6%   139 2736s
 10078  7378 15916.7510  127   16 17113.6700 14613.8168  14.6%   139 2740s
 10179  7471 16729.9090  136   10 17113.6700 14614.5555  14.6%   138 2791s
 10232  7478 16581.7767  157    4 17113.6700 14615.1378  14.6%   138 2795s
 10284  7616 16892.7150  145    8 17113.6700 14616.6044  14.6%   138 2847s
 10369  7625 16287.7425  118   49 17113.6700 14616.6044  14.6%   138 2850s
 10472  7734 16922.7800  147    - 17113.6700 14621.8680  14.6%   138 2901s
 10612  7803 14841.5168   54  369 17113.6700 14621.8680  14.6%   138 2952s
 10669  7953 14980.9912   72  106 17113.6700 14621.8680  14.6%   140 3005s
 10744  7953 15293.2429  101  117 17113.6700 14621.8680  14.6%   140 3011s
 10819  8171 15294.8545  104   87 17113.6700 14622.4069  14.6%   141 3060s
 11116  8412 14907.4125   55  219 17113.6700 14622.7149  14.6%   139 3123s
 11169  8412 15545.3015  108   39 17113.6700 14622.7149  14.6%   139 3125s
 11293  8421 16194.4331  136   14 17113.6700 14622.8155  14.6%   139 3130s
 11412  8545 16254.7200  168    - 17113.6700 14622.9577  14.6%   138 3187s
 11472  8549 16109.3163   98   49 17113.6700 14622.9577  14.6%   138 3190s
 11551  8659 16662.0070  168   52 17113.6700 14623.9693  14.5%   139 3248s
 11619  8662 15896.3214  100   34 17113.6700 14623.9693  14.5%   139 3250s
*11678  8357             173    16876.720000 14625.4722  13.3%   139 3303s
 11741  8357 16032.0387  100  118 16876.7200 14625.4722  13.3%   139 3305s
 11812  8442 14718.8220   47  433 16876.7200 14626.8021  13.3%   139 3358s
 11913  8517 14850.8746   56  210 16876.7200 14626.8021  13.3%   140 3411s
 11988  8665 15025.8050   73  102 16876.7200 14626.8021  13.3%   141 3466s
 12057  8665 15753.9072   77  266 16876.7200 14626.8021  13.3%   142 3470s
 12154  8831 15185.0433   95   31 16876.7200 14626.8021  13.3%   141 3526s
 12229  8835 15282.2893  107   61 16876.7200 14626.8021  13.3%   142 3530s
 12342  8837 16675.3200  156    - 16876.7200 14626.8021  13.3%   141 3535s
 12355  8936 15453.4443  103   92 16876.7200 14626.8021  13.3%   142 3584s
 12374  8936 15495.8284  119  104 16876.7200 14626.8021  13.3%   142 3585s
 12465  8964 15666.4573  130   46 16876.7200 14626.8021  13.3%   142 3600s

Cutting planes:
  User: 4402
  Gomory: 20
  Cover: 375
  Implied bound: 42
  Clique: 15
  MIR: 137
  StrongCG: 2
  Flow cover: 366
  Zero half: 21
  RLT: 288
  Relax-and-lift: 3
  Lazy constraints: 3931

Explored 12497 nodes (1791597 simplex iterations) in 3601.54 seconds
Thread count was 2 (of 32 available processors)

Solution count 10: 16876.7 17113.7 17636 ... 19164.5

Time limit reached
Best objective 1.687672000000e+04, best bound 1.462680205491e+04, gap 13.3315%

User-callback calls 275595, time in user-callback 258.29 sec
================================================================================
executing instance: ./input/Instances/Original/1/absH3high_2n45.dat
--------------------------------------------------------------------------------
Instance details
n	46
H	3
C	3171
Li:
[0, 0, 0, 0, 0, 0, 0, 0, 0, 0, 0, 0, 0, 0, 0, 0, 0, 0, 0, 0, 0, 0, 0, 0, 0, 0, 0, 0, 0, 0, 0, 0, 0, 0, 0, 0, 0, 0, 0, 0, 0, 0, 0, 0, 0, 0, ]
Ui:
[0, 246, 160, 78, 20, 87, 144, 40, 20, 82, 60, 96, 24, 136, 160, 108, 160, 26, 228, 51, 24, 240, 231, 70, 32, 105, 174, 114, 246, 126, 132, 76, 22, 42, 255, 132, 148, 162, 66, 111, 102, 240, 123, 201, 297, 78, ]
Distance matrix:
|0	148	402	550	329	420	187	318	366	280	504	273	233	333	112	344	379	481	113	593	159	523	261	424	90	359	163	461	413	240	105	299	265	89	371	462	339	273	495	22	41	439	369	506	563	468	|
|148	0	284	517	394	284	136	369	244	311	496	166	329	355	223	202	338	388	204	565	254	506	118	346	71	423	173	471	336	118	105	352	198	105	248	428	302	305	487	153	179	441	230	497	517	370	|
|402	284	0	350	448	80	228	406	42	343	382	129	456	350	412	126	219	131	382	395	410	371	180	137	314	466	289	400	137	167	389	401	169	316	39	280	217	342	373	394	414	362	108	380	324	106	|
|550	517	350	0	339	429	385	308	374	295	93	375	431	249	481	461	180	239	458	48	445	57	474	214	496	333	387	160	216	424	601	321	320	471	376	90	217	301	93	530	534	146	452	88	52	262	|
|329	394	448	339	0	513	282	42	438	105	255	363	115	108	221	484	259	431	217	365	172	289	436	362	333	30	224	189	353	380	423	47	291	296	443	285	240	107	251	307	294	193	495	260	378	437	|
|420	284	80	429	513	0	267	473	76	408	462	163	509	421	449	86	298	201	421	474	455	451	167	217	330	533	333	478	217	181	386	466	225	341	70	360	291	406	453	416	438	440	59	460	400	176	|
|187	136	228	385	282	267	0	249	199	186	360	104	248	224	184	214	207	294	155	432	189	371	155	237	113	308	68	336	227	101	216	236	78	98	205	296	168	181	350	174	190	305	231	360	390	283	|
|318	369	406	308	42	473	249	0	397	66	229	325	128	67	216	447	218	389	206	337	168	260	402	320	311	61	196	167	311	345	406	19	252	275	403	248	198	70	223	296	286	164	457	233	344	395	|
|366	244	42	374	438	76	199	397	0	332	397	96	436	346	383	90	228	168	354	420	385	389	139	161	277	458	263	408	158	128	349	391	150	282	6	298	218	331	388	359	380	370	78	395	352	144	|
|280	311	343	295	105	408	186	66	332	0	231	259	142	53	191	380	171	337	173	332	150	257	337	267	258	127	139	182	258	280	359	58	186	223	338	222	143	6	224	258	254	164	390	234	323	340	|
|504	496	382	93	255	462	360	229	397	231	0	375	356	180	422	478	173	293	403	110	381	36	474	248	463	245	345	68	246	419	568	244	308	433	400	104	200	237	9	482	482	67	474	5	142	312	|
|273	166	129	375	363	163	104	325	96	259	375	0	347	283	288	121	202	221	259	423	292	376	99	183	186	386	170	370	175	52	269	315	76	187	102	288	177	256	365	265	285	333	133	374	365	204	|
|233	329	456	431	115	509	248	128	436	142	356	347	0	181	121	462	311	472	128	463	76	386	398	403	260	141	180	294	392	349	334	111	287	224	442	362	280	139	350	212	194	289	479	360	463	472	|
|333	355	350	249	108	421	224	67	346	53	180	283	181	0	244	403	152	324	226	283	201	207	369	256	307	118	186	129	247	311	409	74	208	273	351	183	136	59	173	311	307	113	410	183	282	331	|
|112	223	412	481	221	449	184	216	383	191	422	288	121	244	0	387	327	461	30	521	49	447	313	396	152	250	125	371	385	273	214	196	249	121	389	400	288	185	415	91	74	355	408	425	503	454	|
|344	202	126	461	484	86	214	447	90	380	478	121	462	403	387	0	305	256	360	508	400	473	84	250	255	507	282	482	246	115	302	437	196	271	90	382	288	377	469	343	367	444	28	476	441	232	|
|379	338	219	180	259	298	207	218	228	171	173	202	311	152	327	305	0	172	301	227	300	174	302	105	318	270	217	180	97	249	423	221	141	296	232	90	40	173	164	361	368	142	303	172	184	180	|
|481	388	131	239	431	201	294	389	168	337	293	221	472	324	461	256	172	0	432	280	446	273	300	70	400	442	337	330	80	271	490	391	217	391	167	191	194	339	286	468	483	294	239	289	203	26	|
|113	204	382	458	217	421	155	206	354	173	403	259	128	226	30	360	301	432	0	499	52	426	287	367	133	246	95	355	356	246	208	187	219	100	360	376	261	167	395	90	81	337	381	406	478	425	|
|593	565	395	48	365	474	432	337	420	332	110	423	463	283	521	508	227	280	499	0	482	77	521	260	542	356	431	178	262	472	647	352	368	516	422	137	264	338	114	573	576	174	499	106	78	304	|
