




arguments: ./build/mirp_solver -f ./input/orig_exec_58.cfg
Current dir: /scratch/gui/bnc_mirp
File verbosity level: 9
date       time         ( uptime  ) [ thread name/id ]                   file:line     v| 
2021-01-09 05:09:46.444 (   1.877s) [main thread     ]             loguru.cpp:789   INFO| Logging to './output/vi_hc2/OU/V3/Original/execution_09_01_2021_05_09_46.log', mode: 'a', verbosity: 9
--------------------------------------------------------------------------------
Parameters
                           instance_path           ./input/Instances/Original/2/
                            model_policy                                       1
                             nb_vehicles                                       3
                              output_dir         ./output/vi_hc2/OU/V3/Original/
                            sec_strategy                                       1
                       solver_nb_threads                                       2
                         solver_show_log                                    true
                       solver_time_limit                                    3600
                              use_vi_cos                                   false
                              use_vi_cus                                   false
                         use_vi_hc1_full                                   false
                         use_vi_hc1_half                                   false
                      use_vi_hc1_quarter                                   false
                              use_vi_hc2                                    true
                              use_vi_hc3                                   false
                         use_vi_lex_full                                   false
                         use_vi_lex_half                                   false
                      use_vi_lex_quarter                                   false
                              use_vi_qua                                   false
                               use_vi_vc                                   false
                               use_vi_vr                                   false
--------------------------------------------------------------------------------
executing instance: ./input/Instances/Original/2/absH3high_3n40.dat
--------------------------------------------------------------------------------
Instance details
n	41
H	3
C	3283
Li:
[0, 0, 0, 0, 0, 0, 0, 0, 0, 0, 0, 0, 0, 0, 0, 0, 0, 0, 0, 0, 0, 0, 0, 0, 0, 0, 0, 0, 0, 0, 0, 0, 0, 0, 0, 0, 0, 0, 0, 0, 0, ]
Ui:
[0, 63, 111, 99, 96, 111, 282, 122, 156, 261, 42, 192, 126, 42, 162, 207, 159, 122, 102, 190, 118, 102, 132, 102, 165, 252, 66, 52, 22, 114, 210, 176, 116, 294, 78, 152, 210, 45, 130, 198, 174, ]
Distance matrix:
|0	208	225	252	227	143	258	127	267	150	28	83	163	286	57	149	201	137	214	255	70	73	107	186	328	266	249	343	222	177	293	144	262	215	167	120	169	218	143	173	255	|
|208	0	397	355	416	198	216	99	211	275	193	172	97	166	240	225	362	109	277	314	182	216	273	374	298	208	319	161	14	103	93	120	58	196	152	156	372	227	260	218	453	|
|225	397	0	427	53	364	482	343	492	129	253	225	382	386	171	188	39	291	187	195	295	182	282	55	326	491	180	551	408	315	457	366	455	275	392	244	221	439	341	214	101	|
|252	355	427	0	401	158	201	263	219	396	234	328	259	498	299	400	420	354	465	506	205	324	152	374	574	219	499	393	366	389	446	235	378	456	205	359	224	150	111	423	400	|
|227	416	53	401	0	357	477	352	489	165	253	245	389	424	179	223	85	315	234	245	293	200	264	42	375	488	231	565	428	344	484	370	474	314	392	270	184	430	325	252	50	|
|143	198	364	158	357	0	121	105	134	290	116	196	103	342	200	276	343	205	343	385	74	210	112	319	432	133	382	265	209	237	290	78	226	313	57	220	232	75	69	292	375	|
|258	216	482	201	477	121	0	168	18	397	230	293	135	381	314	372	459	275	437	480	188	317	228	439	501	18	479	197	222	296	290	132	212	386	95	306	347	58	173	381	496	|
|127	99	343	263	352	105	168	0	171	239	105	130	40	237	173	206	313	109	270	312	84	164	175	310	337	169	313	216	112	135	192	37	142	220	77	138	280	155	162	213	382	|
|267	211	492	219	489	134	18	171	0	404	240	298	136	376	323	376	468	276	441	483	198	324	243	450	500	2	483	181	215	294	281	136	202	386	102	309	363	75	189	384	509	|
|150	275	129	396	165	290	397	239	404	0	175	110	279	259	97	59	91	166	84	116	217	80	245	130	226	402	106	434	286	187	329	269	333	149	302	119	244	364	291	87	213	|
|28	193	253	234	253	116	230	105	240	175	0	94	139	286	84	167	229	136	234	275	43	96	98	212	341	238	271	320	206	175	281	118	244	225	140	128	180	191	124	189	280	|
|83	172	225	328	245	196	293	130	298	110	94	0	169	209	77	80	191	71	147	189	127	45	189	203	247	296	187	327	184	106	241	162	230	132	198	38	242	266	217	96	285	|
|163	97	382	259	389	103	135	40	136	279	139	169	0	253	212	244	353	141	307	349	110	203	194	347	366	133	350	183	107	161	187	27	124	251	56	175	306	133	169	249	418	|
|286	166	386	498	424	342	381	237	376	259	286	209	253	0	284	201	347	151	210	230	299	247	383	387	155	374	242	290	162	112	129	270	192	113	308	172	451	386	391	172	471	|
|57	240	171	299	179	200	314	173	323	97	84	77	212	284	0	112	145	147	170	208	127	38	148	137	299	321	201	386	253	183	315	195	297	195	222	112	171	275	195	142	214	|
|149	225	188	400	223	276	372	206	376	59	167	80	244	201	112	0	149	117	67	110	205	78	254	186	187	374	108	387	235	132	272	240	283	93	277	71	279	346	291	32	270	|
|201	362	39	420	85	343	459	313	468	91	229	191	353	347	145	149	0	254	149	160	272	150	271	66	290	466	146	518	373	278	419	339	420	235	367	207	227	418	327	175	135	|
|137	109	291	354	315	205	275	109	276	166	136	71	141	151	147	117	254	0	172	212	151	116	232	273	229	274	215	270	119	39	170	145	167	111	186	47	305	263	245	113	356	|
|214	277	187	465	234	343	437	270	441	84	234	147	307	210	170	67	149	172	0	42	272	141	317	205	144	439	43	437	284	175	307	305	331	99	343	132	327	413	357	60	283	|
|255	314	195	506	245	385	480	312	483	116	275	189	349	230	208	110	160	212	42	0	314	182	356	222	132	481	15	474	321	212	337	347	367	126	385	174	358	455	398	100	295	|
|70	182	295	205	293	74	188	84	198	217	43	127	110	299	127	205	272	151	272	314	0	137	91	253	370	196	310	292	195	188	274	85	226	252	99	155	197	148	94	223	316	|
|73	216	182	324	200	210	317	164	324	80	96	45	203	247	38	78	150	116	141	182	137	0	176	158	263	323	176	369	229	150	286	191	274	157	223	77	208	284	216	106	239	|
|107	273	282	152	264	112	228	175	243	245	98	189	194	383	148	254	271	232	317	356	91	176	0	231	435	242	349	371	286	271	365	167	315	321	164	224	120	174	61	280	274	|
|186	374	55	374	42	319	439	310	450	130	212	203	347	387	137	186	66	273	205	222	253	158	231	0	348	448	208	523	386	303	442	329	431	279	352	229	167	392	291	217	85	|
|328	298	326	574	375	432	501	337	500	226	341	247	366	155	299	187	290	229	144	132	370	263	435	348	0	498	147	441	299	206	283	374	338	119	414	215	465	492	463	157	425	|
|266	208	491	219	488	133	18	169	2	402	238	296	133	374	321	374	466	274	439	481	196	323	242	448	498	0	481	180	213	292	278	134	200	384	100	307	362	75	188	381	508	|
|249	319	180	499	231	382	479	313	483	106	271	187	350	242	201	108	146	215	43	15	310	176	349	208	147	481	0	480	326	217	346	347	373	135	385	175	347	454	392	103	280	|
|343	161	551	393	565	265	197	216	181	434	320	327	183	290	386	387	518	270	437	474	292	369	371	523	441	180	480	0	153	263	163	207	107	352	208	317	487	244	334	379	598	|
|222	14	408	366	428	209	222	112	215	286	206	184	107	162	253	235	373	119	284	321	195	229	286	386	299	213	326	153	0	109	81	132	48	201	162	167	386	236	272	226	466	|
|177	103	315	389	344	237	296	135	294	187	175	106	161	112	183	132	278	39	175	212	188	150	271	303	206	292	217	263	109	0	142	171	156	95	211	74	344	289	281	118	386	|
|293	93	457	446	484	290	290	192	281	329	281	241	187	129	315	272	419	170	307	337	274	286	365	442	283	278	346	163	81	142	0	212	79	211	241	214	461	311	353	254	525	|
|144	120	366	235	370	78	132	37	136	269	118	162	27	270	195	240	339	145	305	347	85	191	167	329	374	134	347	207	132	171	212	0	151	257	40	174	280	119	142	248	398	|
|262	58	455	378	474	226	212	142	202	333	244	230	124	192	297	283	420	167	331	367	226	274	315	431	338	200	373	107	48	156	79	151	0	245	173	214	421	237	293	273	510	|
|215	196	275	456	314	313	386	220	386	149	225	132	251	113	195	93	235	111	99	126	252	157	321	279	119	384	135	352	201	95	211	257	245	0	297	97	365	374	345	62	362	|
|167	152	392	205	392	57	95	77	102	302	140	198	56	308	222	277	367	186	343	385	99	223	164	352	414	100	385	208	162	211	241	40	173	297	0	213	283	79	126	287	415	|
|120	156	244	359	270	220	306	138	309	119	128	38	175	172	112	71	207	47	132	174	155	77	224	229	215	307	175	317	167	74	214	174	214	97	213	0	280	286	248	75	313	|
|169	372	221	224	184	232	347	280	363	244	180	242	306	451	171	279	227	305	327	358	197	208	120	167	465	362	347	487	386	344	461	280	421	365	283	280	0	291	175	310	176	|
|218	227	439	150	430	75	58	155	75	364	191	266	133	386	275	346	418	263	413	455	148	284	174	392	492	75	454	244	236	289	311	119	237	374	79	286	291	0	116	359	445	|
|143	260	341	111	325	69	173	162	189	291	124	217	169	391	195	291	327	245	357	398	94	216	61	291	463	188	392	334	272	281	353	142	293	345	126	248	175	116	0	313	335	|
|173	218	214	423	252	292	381	213	384	87	189	96	249	172	142	32	175	113	60	100	223	106	280	217	157	381	103	379	226	118	254	248	273	62	287	75	310	359	313	0	300	|
|255	453	101	400	50	375	496	382	509	213	280	285	418	471	214	270	135	356	283	295	316	239	274	85	425	508	280	598	466	386	525	398	510	362	415	313	176	445	335	300	0	|

--------------------------------------------------------------------------------
Building model...
	using lazy and cut (CVRPSEP package)
Solving IRP LP...
--------------------------------------------------------------------------------

Gurobi 9.1.0 (linux64) logging started Sat Jan  9 05:09:46 2021

Gurobi Optimizer version 9.1.0 build v9.1.0rc0 (linux64)
Thread count: 32 physical cores, 32 logical processors, using up to 2 threads
Optimize a model with 1499 rows, 8273 columns and 26402 nonzeros
Model fingerprint: 0x2646af92
Variable types: 524 continuous, 7749 integer (369 binary)
Coefficient statistics:
  Matrix range     [1e+00, 1e+03]
  Objective range  [1e-01, 6e+02]
  Bounds range     [1e+00, 3e+02]
  RHS range        [1e+01, 6e+03]
Presolve removed 226 rows and 101 columns
Presolve time: 0.12s
Presolved: 1273 rows, 8172 columns, 24493 nonzeros
Variable types: 391 continuous, 7781 integer (7387 binary)

Root relaxation: objective 1.227348e+04, 1101 iterations, 0.04 seconds

    Nodes    |    Current Node    |     Objective Bounds      |     Work
 Expl Unexpl |  Obj  Depth IntInf | Incumbent    BestBd   Gap | It/Node Time

     0     0 12273.4818    0  134          - 12273.4818      -     -    0s
     0     0 12661.6246    0  142          - 12661.6246      -     -    0s
     0     0 12683.8734    0  135          - 12683.8734      -     -    0s
     0     0 12684.5358    0  138          - 12684.5358      -     -    0s
     0     0 13247.4088    0  238          - 13247.4088      -     -    0s
     0     0 13425.8473    0  244          - 13425.8473      -     -    0s
     0     0 13425.8473    0  254          - 13425.8473      -     -    0s
     0     0 13564.8566    0  258          - 13564.8566      -     -    1s
     0     0 13593.7418    0  284          - 13593.7418      -     -    1s
     0     0 13600.0354    0  280          - 13600.0354      -     -    1s
     0     0 13603.3998    0  288          - 13603.3998      -     -    1s
     0     0 13613.0227    0  294          - 13613.0227      -     -    1s
     0     0 13616.8911    0  274          - 13616.8911      -     -    1s
     0     0 13620.4793    0  274          - 13620.4793      -     -    1s
     0     0 13623.5422    0  289          - 13623.5422      -     -    1s
     0     0 13647.2744    0  297          - 13647.2744      -     -    1s
     0     0 13647.7884    0  292          - 13647.7884      -     -    1s
     0     0 13721.8433    0  369          - 13721.8433      -     -    2s
     0     0 13733.4832    0  268          - 13733.4832      -     -    2s
     0     0 13734.4707    0  331          - 13734.4707      -     -    2s
     0     0 13750.8724    0  340          - 13750.8724      -     -    2s
     0     0 13758.4379    0  345          - 13758.4379      -     -    2s
     0     0 13760.1517    0  341          - 13760.1517      -     -    2s
     0     0 13760.8846    0  330          - 13760.8846      -     -    2s
     0     0 13780.7835    0  349          - 13780.7835      -     -    3s
     0     0 13783.7455    0  438          - 13783.7455      -     -    3s
     0     0 13785.5577    0  422          - 13785.5577      -     -    3s
     0     0 13786.1351    0  444          - 13786.1351      -     -    3s
     0     0 13797.8742    0  316          - 13797.8742      -     -    3s
     0     0 13797.8742    0  247          - 13797.8742      -     -    3s
     0     2 13802.2132    0  286          - 13802.2132      -     -    4s
     1     4 13807.3856    1  378          - 13802.4770      -   737    5s
    86    94 13981.9196   30  201          - 13812.5263      -   322   10s
   310   353 15128.9061   67   78          - 13812.5263      -   168   15s
*  621   598             239    18081.840000 13812.5263  23.6%   100   19s
   643   594 16188.8443  146   25 18081.8400 13812.5263  23.6%  98.2   20s
   728   677 17809.8000  224  247 18081.8400 13812.5263  23.6%  94.2   25s
   741   686 16247.0918  158  467 18081.8400 13844.6189  23.4%  92.5   31s
   753   694 15699.5654  104  403 18081.8400 13879.1827  23.2%  91.0   39s
H  753   658                    17899.640000 13891.0849  22.4%  91.0   41s
   769   668 14726.3452   52  438 17899.6400 13900.3126  22.3%  89.1   45s
   774   672 15185.9251   93  432 17899.6400 13900.4051  22.3%  88.6   50s
H  784   646                    17751.400000 13900.9948  21.7%   106   53s
   786   647 16514.9800  169  350 17751.4000 13900.9948  21.7%   106   55s
   800   656 16380.0150  181  452 17751.4000 13903.2180  21.7%   104   60s
H  812   630                    17729.400000 13906.0417  21.6%   103   64s
   816   633 15940.3303  138  455 17729.4000 13906.2237  21.6%   102   65s
   821   639 13919.2419   27  324 17729.4000 13907.5983  21.6%   113   70s
   829   645 13950.5118   29  292 17729.4000 13929.6882  21.4%   117   75s
   846   657 13992.6542   33  459 17729.4000 13932.6024  21.4%   126   80s
   878   679 14167.3893   42  268 17729.4000 13932.6024  21.4%   138   85s
   912   706 14294.6954   51  354 17729.4000 13932.6024  21.4%   147   90s
   947   734 14300.0578   63  275 17729.4000 13932.6024  21.4%   155   95s
   991   769 14347.3084   77  295 17729.4000 13932.6024  21.4%   160  100s
  1026   799 14535.5496   90  129 17729.4000 13932.6024  21.4%   162  109s
  1045   793 14175.4586   67  433 17729.4000 13932.6024  21.4%   161  111s
  1081   819 14596.4490  110  120 17729.4000 13932.6024  21.4%   164  115s
  1132   879 14675.5619  126  171 17729.4000 13932.6024  21.4%   169  121s
  1227   916 14270.0441   90  372 17729.4000 13932.6024  21.4%   169  125s
  1283   987 14921.0478  187   80 17729.4000 13932.6024  21.4%   171  130s
  1354   995 14991.7626  216   75 17729.4000 13932.6024  21.4%   170  138s
  1356  1024 15000.5913  217   86 17729.4000 13932.6024  21.4%   170  140s
  1429  1091 15072.3138  244   48 17729.4000 13932.6024  21.4%   171  149s
  1480  1118 15269.2862  265   33 17729.4000 13932.6024  21.4%   171  152s
  1583  1228 15503.7330  311   29 17729.4000 13932.6024  21.4%   166  156s
  1767  1348 16381.9700  392    8 17729.4000 13932.6024  21.4%   157  160s
  1990  1366 infeasible  489      17729.4000 13932.6479  21.4%   146  166s
  2030  1391 14106.6194   36  279 17729.4000 13932.6479  21.4%   154  172s
  2059  1412 14058.2603   42  438 17729.4000 13932.6479  21.4%   158  176s
  2087  1439 14125.1100   45  471 17729.4000 13932.6479  21.4%   163  181s
  2108  1456 14145.2314   48  328 17729.4000 13932.6479  21.4%   166  185s
  2151  1471 14291.0829   55  388 17729.4000 13932.6479  21.4%   171  190s
  2179  1505 14273.4342   59  313 17729.4000 13932.6479  21.4%   174  195s
  2204  1520 14296.2107   64  290 17729.4000 13932.6479  21.4%   176  201s
  2266  1577 14448.0391   77  184 17729.4000 13932.6479  21.4%   179  206s
  2357  1625 14397.3466   94  256 17729.4000 13932.6479  21.4%   181  213s
  2385  1674 14400.4734   99  277 17729.4000 13932.6479  21.4%   181  216s
  2518  1769 14472.8486  123  263 17729.4000 13932.6479  21.4%   182  223s
  2582  1810 14508.8328  135  300 17729.4000 13932.6479  21.4%   183  228s
  2645  1864 14583.2710  147  258 17729.4000 13932.6479  21.4%   183  232s
  2720  1947 14674.7742  159  237 17729.4000 13932.6479  21.4%   183  237s
  2828  2077 14791.0981  169  182 17729.4000 13932.6479  21.4%   181  243s
  2960  2279 14812.7249  179  208 17729.4000 13932.6479  21.4%   178  252s
  3191  2313 14931.8216  188  208 17729.4000 13932.6479  21.4%   169  258s
  3218  2350 14871.2708  200  215 17729.4000 13932.6479  21.4%   170  262s
  3255  2389 15086.2762  213  152 17729.4000 13932.6479  21.4%   170  267s
  3294  2421 14910.4999  228  241 17729.4000 13932.6479  21.4%   171  272s
  3326  2477 14920.9939  237  225 17729.4000 13932.6479  21.4%   172  276s
  3382  2529 14997.5264  256  196 17729.4000 13932.6479  21.4%   174  281s
  3434  2531 15034.5986  270  211 17729.4000 13932.6479  21.4%   174  287s
  3436  2635 15036.2813  270  163 17729.4000 13932.6479  21.4%   174  292s
  3542  2845 15209.2894  289  167 17729.4000 13932.6479  21.4%   172  299s
  3752  3012 15220.0920  314  195 17729.4000 13932.6479  21.4%   166  308s
  3919  3058 15263.3171  338  209 17729.4000 13932.6479  21.4%   163  327s
  3965  3219 15449.8993  349  142 17729.4000 13932.6479  21.4%   162  335s
  4126  3352 15585.4682  376  117 17729.4000 13932.6479  21.4%   160  342s
  4261  3541 15613.9731  394  156 17729.4000 13932.6479  21.4%   158  352s
  4452  3705 15787.7160  432  146 17729.4000 13932.6479  21.4%   156  363s
  4622  3705 16591.2541  671   87 17729.4000 13932.6479  21.4%   155  365s
  4673  3803 15879.2068  476  175 17729.4000 13932.6479  21.4%   154  371s
  4773  3974 16083.0583  521  110 17729.4000 13932.6479  21.4%   155  381s
  4955  4014 16420.7863  605  155 17729.4000 13950.5418  21.3%   153  388s
  5018  4043 14064.6179   36  400 17729.4000 13950.5418  21.3%   155  394s
  5045  4043 14479.9746   56  177 17729.4000 13950.5418  21.3%   157  395s
  5047  4116 14161.4273   40  351 17729.4000 13950.5418  21.3%   158  402s
  5120  4230 14309.1045   50  258 17729.4000 13950.5418  21.3%   159  410s
  5234  4615 14425.0015   58  205 17729.4000 13950.5418  21.3%   159  425s
  5516  4621 15454.3790  237   22 17729.4000 13950.5418  21.3%   154  430s
  5651  4798 15225.2682  202   98 17729.4000 13950.5418  21.3%   153  439s
  5677  4798 14928.0376  215  130 17729.4000 13950.5418  21.3%   153  440s
  5836  5250 15458.4489  330  108 17729.4000 13954.5761  21.3%   151  453s
  6001  5250 15859.5012  446   94 17729.4000 13954.5761  21.3%   148  455s
  6323  5335 14155.1544   31  368 17729.4000 13967.4880  21.2%   144  467s
  6458  5413 15232.6675   58   30 17729.4000 13974.0028  21.2%   144  477s
  6568  5442     cutoff  119      17729.4000 13976.4725  21.2%   144  487s
  6590  5465 14333.4208   31  336 17729.4000 13976.4725  21.2%   148  494s
  6613  5559 14166.9959   32  452 17729.4000 13976.4725  21.2%   149  500s
  6707  5783 14389.2816   36  260 17729.4000 13976.4725  21.2%   149  511s
  6931  6205 14732.4189   44  223 17729.4000 13976.4725  21.2%   147  524s
  7008  6205 15000.5977  339  136 17729.4000 13976.4725  21.2%   147  525s
  7361  6233 15362.8425   67   44 17729.4000 13978.1930  21.2%   142  538s
  7453  6281 15573.6800   74   42 17729.4000 13989.9335  21.1%   144  548s
  7508  6654 15721.2600   80    - 17729.4000 13989.9936  21.1%   145  563s
  7631  6660 15715.3852  175   97 17729.4000 13990.0607  21.1%   145  565s
  7904  6701 15785.6733   80   43 17729.4000 13990.2574  21.1%   141  576s
* 7954  6698             434    17687.930000 13992.6595  20.9%   142  576s
  7966  6749 15957.8800   92   35 17687.9300 13992.9564  20.9%   144  585s
  8035  6927 16160.9600   98    - 17687.9300 13995.7110  20.9%   145  600s
  8218  7325 14556.1192   57  124 17687.9300 13995.7110  20.9%   146  616s
  8594  7327 15248.9450  371    2 17687.9300 13995.7110  20.9%   142  620s
  8629  7738 15397.8789  340   28 17687.9300 13999.8024  20.9%   142  638s
  8832  7741 16375.1500  515    6 17687.9300 13999.8024  20.9%   140  640s
  9146  7768 17151.7500  542    - 17687.9300 14004.3159  20.8%   138  652s
  9168  7796 14250.8025   35  264 17687.9300 14004.3967  20.8%   140  662s
  9199  7836 14581.8911   42  278 17687.9300 14004.3967  20.8%   143  670s
  9241  7968 14919.5701   53  161 17687.9300 14005.0820  20.8%   145  683s
  9413  8166 16135.2701  103   20 17687.9300 14005.7443  20.8%   146  699s
  9712  8258 16606.9390  134   16 17687.9300 14009.5487  20.8%   145  713s
  9833  8285 17176.1950  153   21 17687.9300 14020.8213  20.7%   145  725s
  9884  8312 14613.3914   43  310 17687.9300 14024.0066  20.7%   147  735s
  9899  8394 14716.1812   47  254 17687.9300 14024.0066  20.7%   148  745s
  9981  8666 14901.6193   73  116 17687.9300 14024.0066  20.7%   149  760s
 10253  9308 15467.7818  221  153 17687.9300 14024.0066  20.7%   148  778s
 10380  9308 15906.5043  312   55 17687.9300 14024.0066  20.7%   147  780s
 10823  9321 15235.9962  304   32 17687.9300 14024.0066  20.7%   142  786s
 10977  9562 16798.4379  378   30 17687.9300 14027.8529  20.7%   141  799s
 11035  9570 17127.7083  422   27 17687.9300 14027.8529  20.7%   141  800s
 11283  9627 17306.3900  423    4 17687.9300 14035.4037  20.6%   140  813s
*11284  9308             424    17317.440000 14035.4037  19.0%   140  813s
 11376  9336 14311.2765   42  167 17317.4400 14037.5942  18.9%   141  826s
 11454  9339 14738.4181   71   96 17317.4400 14037.5942  18.9%   142  842s
 11464  9400 14757.6592   71  109 17317.4400 14037.5942  18.9%   142  853s
 11525  9804 14810.6685   91   86 17317.4400 14037.5942  18.9%   143  869s
 11575  9805 14884.9253  116   23 17317.4400 14037.5942  18.9%   143  870s
 11993 10046 15319.8881  236   33 17317.4400 14042.8309  18.9%   140  887s
 12255 10153 16248.3633  326    9 17317.4400 14045.0655  18.9%   139  900s
 12403 10245     cutoff  345      17317.4400 14052.1409  18.9%   139  913s
 12517 10385     cutoff  345      17317.4400 14055.1872  18.8%   140  926s
 12671 10455 14708.9533   57  298 17317.4400 14055.1968  18.8%   140  937s
 12741 10746 15739.2462  105  158 17317.4400 14055.2274  18.8%   141  952s
 12977 10746 15788.3578  114   33 17317.4400 14055.9010  18.8%   140  955s
 13087 10776 14376.6216   45  384 17317.4400 14055.9010  18.8%   140  966s
 13117 10832 14617.9374   52  348 17317.4400 14055.9010  18.8%   141  977s
 13173 11129 15347.0191   67  155 17317.4400 14055.9010  18.8%   143  993s
 13273 11129 16473.9674  103   94 17317.4400 14055.9010  18.8%   142  995s
 13470 11285 16867.1985  120   35 17317.4400 14058.0482  18.8%   142 1009s
 13521 11286 17123.2149  138   26 17317.4400 14058.0482  18.8%   142 1010s
 13705 11320     cutoff  136      17317.4400 14059.3675  18.8%   142 1023s
 13747 11479 15088.4543   70  220 17317.4400 14061.4811  18.8%   143 1035s
 13920 11626 14192.3053   36  409 17317.4400 14061.4811  18.8%   143 1050s
 14073 11797 15182.2528   75  148 17317.4400 14065.9680  18.8%   144 1068s
 14203 11801 16467.7719  196   22 17317.4400 14065.9680  18.8%   143 1070s
 14312 11946 16687.4800  199    - 17317.4400 14070.3920  18.8%   143 1083s
 14485 12087 16713.5800  199   17 17317.4400 14074.7822  18.7%   143 1096s
 14665 12189 14440.7988   53  416 17317.4400 14079.6164  18.7%   143 1113s
 14765 12397 14689.2322   59  200 17317.4400 14079.6164  18.7%   144 1129s
 14836 12397 16302.0492  115   53 17317.4400 14079.6164  18.7%   144 1130s
 14993 12513 14929.0413   68  375 17317.4400 14079.6164  18.7%   144 1142s
 15112 12701 16228.7050  108   23 17317.4400 14084.6126  18.7%   144 1155s
 15322 12934 14394.8333   41  354 17317.4400 14084.6126  18.7%   144 1169s
 15373 12934 14867.7707   92   78 17317.4400 14084.6126  18.7%   144 1170s
 15567 13104 15340.3554   99   36 17317.4400 14091.7821  18.6%   143 1184s
 15692 13109 17240.9400  219    2 17317.4400 14091.7821  18.6%   142 1185s
 15761 13400     cutoff  222      17317.4400 14097.1640  18.6%   143 1199s
 16090 13506 infeasible  222      17317.4400 14097.4530  18.6%   142 1212s
 16202 13907 14598.9920   59   30 17317.4400 14097.4530  18.6%   142 1227s
 16513 13916 16044.9555  129   99 17317.4400 14097.4530  18.6%   141 1230s
 16646 14092 14828.0053   67   40 17317.4400 14098.4853  18.6%   140 1241s
 16897 14287 16990.0300  404    - 17317.4400 14098.7410  18.6%   140 1253s
 17082 14427 17030.1100  404    - 17317.4400 14100.3096  18.6%   140 1265s
 17254 14498 infeasible  404      17317.4400 14104.0357  18.6%   140 1276s
 17279 14498 14971.4514   49  155 17317.4400 14104.0357  18.6%   141 1283s
 17331 14702 15457.2470   77  184 17317.4400 14104.4235  18.6%   141 1294s
 17568 14963 16551.5867  157   30 17317.4400 14104.7453  18.6%   141 1310s
 17920 15023     cutoff  204      17317.4400 14105.8866  18.5%   140 1320s
 17958 15294     cutoff  201      17317.4400 14105.9107  18.5%   141 1333s
 18234 15642 14903.1479   61  254 17317.4400 14105.9107  18.5%   140 1347s
 18517 15650 15099.9266  164   18 17317.4400 14105.9107  18.5%   140 1351s
 18598 15895 16867.9916  201   93 17317.4400 14106.0215  18.5%   139 1363s
*18673  8686             131    15452.790000 14106.2141  8.71%   139 1364s
 18814  8686     cutoff  297      15452.7900 14106.2141  8.71%   139 1365s
 18947  8572 14784.4140   61  175 15452.7900 14106.7703  8.71%   138 1375s
 19075  8733 14469.5149   46  273 15452.7900 14107.4562  8.71%   139 1386s
 19248  8920 14522.9802   47  209 15452.7900 14107.4562  8.71%   139 1400s
 19443  9000 15356.0090  126   64 15452.7900 14108.5330  8.70%   139 1411s
 19552  9175 14751.4662   56  230 15452.7900 14108.8636  8.70%   139 1422s
 19765  9330 15436.4100  133    - 15452.7900 14109.5131  8.69%   139 1434s
 19949  9398     cutoff  133      15452.7900 14113.2801  8.67%   139 1445s
 20029  9480 14744.8064   51  246 15452.7900 14117.1852  8.64%   140 1456s
 20121  9560 14443.7164   51  314 15452.7900 14117.1852  8.64%   141 1466s
 20201  9652 14999.7615   91  216 15452.7900 14117.7746  8.64%   141 1476s
 20311  9742 14529.5012   54  214 15452.7900 14118.6641  8.63%   142 1488s
 20442  9831 14614.7093   51  271 15452.7900 14120.3118  8.62%   142 1500s
 20539  9871 14393.4641   35  400 15452.7900 14120.3118  8.62%   143 1510s
 20596  9947 15033.5148   52  364 15452.7900 14121.6853  8.61%   144 1529s
 20680 10054 14312.1977   42  371 15452.7900 14121.6853  8.61%   144 1539s
 20742 10054 15411.6965  104  138 15452.7900 14121.6853  8.61%   144 1540s
 20817 10120     cutoff  112      15452.7900 14123.4172  8.60%   144 1550s
*20834 10098             140    15448.300000 14123.6072  8.58%   145 1550s
 20899 10250 14814.0488   53  325 15448.3000 14124.9170  8.57%   145 1562s
 21075 10344 14312.6749   37  271 15448.3000 14125.1324  8.57%   145 1574s
 21169 10541 14973.9774  105   45 15448.3000 14125.2506  8.56%   146 1585s
 21392 10783 14489.7782   58  309 15448.3000 14126.0941  8.56%   145 1599s
 21446 10783 14360.4962   40  239 15448.3000 14126.9262  8.55%   146 1600s
 21695 10914 14321.7216   42  381 15448.3000 14126.9262  8.55%   145 1612s
 21839 11007 15118.3800   75  212 15448.3000 14128.4492  8.54%   145 1623s
 21941 11120 14739.3587   68  177 15448.3000 14129.0152  8.54%   146 1634s
 22083 11277 14456.9580   47  308 15448.3000 14131.8490  8.52%   146 1646s
 22267 11372     cutoff  129      15448.3000 14131.9012  8.52%   146 1660s
 22377 11492 15020.7671   59  233 15448.3000 14134.6895  8.50%   147 1671s
 22505 11604 14830.2882   74   78 15448.3000 14134.9237  8.50%   147 1684s
*22613 11128             120    15370.380000 14135.2400  8.04%   147 1685s
 22650 11184 14378.3571   42  507 15370.3800 14135.2400  8.04%   148 1697s
 22739 11242 14989.4080   69  144 15370.3800 14136.5843  8.03%   148 1708s
 22810 11343 14806.5586   53  220 15370.3800 14137.7906  8.02%   149 1718s
 22931 11473 14604.4177   47  345 15370.3800 14138.0597  8.02%   150 1732s
 23093 11614 15333.9424   75  194 15370.3800 14138.6767  8.01%   150 1743s
 23255 11804 14677.8276   73  240 15370.3800 14138.8703  8.01%   150 1758s
 23430 11804 15222.3569  248   50 15370.3800 14138.8703  8.01%   149 1760s
 23462 11882 14407.8862   42  413 15370.3800 14139.8995  8.01%   149 1770s
 23540 11986 14816.3964   61  368 15370.3800 14140.1293  8.00%   150 1783s
H23663 11648                    15314.380000 14140.5949  7.66%   150 1797s
 23873 11742 14499.0233   39  261 15314.3800 14141.3643  7.66%   150 1811s
 23989 11797 14947.0208   57  369 15314.3800 14143.1722  7.65%   151 1823s
 24052 11914 14405.8909   50  253 15314.3800 14144.3817  7.64%   151 1834s
 24097 11914 15085.3715   95  121 15314.3800 14144.3817  7.64%   151 1835s
 24181 12108 14421.4998   45  158 15314.3800 14144.7539  7.64%   152 1850s
 24435 12173     cutoff  128      15314.3800 14144.9871  7.64%   152 1863s
 24501 12255 14997.8249   71  251 15314.3800 14145.1503  7.63%   152 1875s
 24603 12503 14905.5298   75   89 15314.3800 14145.2422  7.63%   153 1890s
 24888 12631 15186.7700  137    - 15314.3800 14145.5514  7.63%   152 1906s
 25025 12745     cutoff  137      15314.3800 14146.1313  7.63%   152 1919s
 25155 12932 14398.7690   47  369 15314.3800 14146.1313  7.63%   153 1932s
 25377 13080 14772.0857   66  268 15314.3800 14146.4170  7.63%   153 1946s
 25566 13092 infeasible  140      15314.3800 14149.2836  7.61%   153 1960s
 25577 13197 14354.1015   36  267 15314.3800 14149.2836  7.61%   153 1974s
 25684 13427 14825.3745   68   50 15314.3800 14149.4340  7.61%   154 1989s
 25709 13427 15008.5000   80   22 15314.3800 14149.4340  7.61%   154 1990s
 25997 13558     cutoff  174      15314.3800 14151.8456  7.59%   153 2003s
 26147 13627 14419.1935   37  322 15314.3800 14152.6758  7.59%   153 2016s
 26216 13730 14856.0852   52  250 15314.3800 14153.3687  7.58%   154 2027s
 26344 13739 14547.4822   52  220 15314.3800 14154.2200  7.58%   154 2043s
H26346 13733                    15313.620000 14154.2200  7.57%   154 2044s
 26354 13836 14613.2008   53  257 15313.6200 14154.2623  7.57%   155 2054s
 26409 13836 15208.2551  103   68 15313.6200 14154.2623  7.57%   155 2055s
 26475 14018 14585.1275   45  187 15313.6200 14154.3370  7.57%   155 2067s
 26687 14079 14757.2992   46  288 15313.6200 14154.7922  7.57%   155 2080s
 26773 14274 14326.3713   44  236 15313.6200 14155.1544  7.56%   156 2093s
 26935 14274 14823.1633   95  207 15313.6200 14155.8822  7.56%   156 2095s
 27000 14535 14288.8229   38  287 15313.6200 14155.9182  7.56%   155 2107s
 27272 14575 infeasible  151      15313.6200 14156.0357  7.56%   155 2121s
 27322 14717 14817.5184   60  164 15313.6200 14156.1990  7.56%   156 2134s
 27354 14717 15179.5928   92   97 15313.6200 14156.1990  7.56%   156 2135s
*27381 14535             113    15298.780000 14156.1990  7.47%   156 2135s
 27491 14639 14481.9347   51  319 15298.7800 14156.4568  7.47%   156 2148s
*27611 14485             135    15285.890000 14156.8846  7.39%   156 2149s
 27656 14487 14917.2900   57    4 15285.8900 14156.8846  7.39%   156 2150s
 27691 14549 14394.3292   38  270 15285.8900 14156.8846  7.39%   156 2162s
 27764 14638 15024.8156   61  232 15285.8900 14158.4951  7.38%   157 2174s
 27799 14638 14555.4172   53   98 15285.8900 14158.4951  7.38%   157 2175s
 27873 14840 14569.3673   53  106 15285.8900 14158.7915  7.37%   157 2189s
 27923 14840 14658.9530   96   59 15285.8900 14158.7915  7.37%   157 2190s
 28095 15029 15205.5100  143   33 15285.8900 14158.8249  7.37%   157 2206s
 28329 15162 14981.2556   94   49 15285.8900 14159.1405  7.37%   157 2220s
 28482 15208 15250.7160   79   84 15285.8900 14159.9683  7.37%   157 2232s
 28538 15411 14443.3966   46  285 15285.8900 14160.4018  7.36%   158 2245s
 28770 15495 14373.1639   36  345 15285.8900 14160.4654  7.36%   158 2259s
 28802 15495 14775.6449   68  165 15285.8900 14160.4654  7.36%   158 2260s
 28868 15572 14940.8332   81  106 15285.8900 14160.9943  7.36%   158 2271s
 28957 15811 14798.4672   50  272 15285.8900 14161.1362  7.36%   159 2286s
 29253 15891 14506.4697   47  186 15285.8900 14161.5007  7.36%   158 2300s
 29350 15988 14303.9357   46  289 15285.8900 14161.5853  7.36%   159 2312s
 29473 16030 14559.9550   46  233 15285.8900 14161.8964  7.35%   159 2328s
 29516 16093 15101.8940   73  184 15285.8900 14162.2557  7.35%   160 2339s
 29557 16093 14574.2124   46  178 15285.8900 14162.2557  7.35%   160 2340s
 29600 16242 14615.8704   48  183 15285.8900 14162.6628  7.35%   161 2352s
 29776 16339 15087.5636   99  101 15285.8900 14162.8016  7.35%   161 2365s
H29911 15766                    15229.890000 14162.8016  7.01%   161 2380s
H29970 15633                    15220.890000 14162.8558  6.95%   161 2381s
 30140 15763 14392.7761   36  369 15220.8900 14163.4581  6.95%   161 2395s
 30300 15937 14968.6074   56  167 15220.8900 14163.8217  6.94%   161 2410s
 30503 16011 14244.1982   35  338 15220.8900 14165.0491  6.94%   161 2424s
 30588 16022 14637.5500   77    - 15220.8900 14165.0491  6.94%   161 2425s
 30603 16161 14517.4071   80   22 15220.8900 14165.8800  6.93%   161 2438s
 30791 16252 14579.5529   81   28 15220.8900 14165.8800  6.93%   162 2451s
 30875 16353 15171.1900  143    7 15220.8900 14167.4853  6.92%   162 2466s
 31006 16452 14556.0469   42  363 15220.8900 14167.4853  6.92%   163 2479s
 31182 16507 15157.6184   54  204 15220.8900 14167.5139  6.92%   163 2492s
 31276 16640 14608.3734   55  233 15220.8900 14167.8126  6.92%   163 2505s
 31439 16693 14491.2990   40  328 15220.8900 14167.8216  6.92%   163 2663s
 31492 16765 15198.7958   66  254 15220.8900 14168.7073  6.91%   164 2676s
 31594 16785 14561.9461   51  228 15220.8900 14169.2658  6.91%   164 2690s
 31614 17030 14579.7083   52  230 15220.8900 14169.5506  6.91%   164 2705s
 31897 17221 14286.6030   40  349 15220.8900 14170.0994  6.90%   164 2719s
 32004 17221 15039.9961  147   33 15220.8900 14170.0994  6.90%   164 2720s
 32107 17361 14404.1814   55  489 15220.8900 14170.5691  6.90%   164 2733s
 32276 17460 14257.8745   38  304 15220.8900 14170.9816  6.90%   164 2746s
 32402 17548 14507.8093   51  254 15220.8900 14172.0852  6.89%   165 2759s
 32428 17548 14757.6242   77  102 15220.8900 14172.0852  6.89%   165 2760s
 32519 17563 14917.0053   83   66 15220.8900 14172.1150  6.89%   165 2776s
 32538 17725 15167.6903   97   73 15220.8900 14173.7266  6.88%   165 2789s
 32721 17821 15133.2875   79   11 15220.8900 14174.3083  6.88%   165 2801s
 32835 17986 14887.7509   61  160 15220.8900 14174.4598  6.87%   166 2816s
 33033 18090 14936.7678   73  154 15220.8900 14175.3254  6.87%   166 2829s
 33074 18090 14738.9735   58   95 15220.8900 14175.3254  6.87%   166 2830s
 33147 18264 15077.3264   75   76 15220.8900 14175.4881  6.87%   166 2845s
 33371 18304     cutoff   84      15220.8900 14176.0659  6.86%   166 2859s
 33427 18351 14610.2234   50  316 15220.8900 14176.1179  6.86%   167 2872s
 33485 18411 14378.7805   36  509 15220.8900 14176.1179  6.86%   167 2885s
 33567 18483 14869.1447   67  209 15220.8900 14176.2415  6.86%   168 2897s
 33661 18565 15011.2401   86  167 15220.8900 14176.7972  6.86%   168 2912s
 33763 18830 14625.7398   56  227 15220.8900 14176.9150  6.86%   169 2926s
 34043 18948 14647.1655   51  261 15220.8900 14177.2803  6.86%   168 2941s
 34187 19189 14631.5631   50  234 15220.8900 14177.6604  6.85%   169 2957s
 34473 19276 14947.8531  143   32 15220.8900 14177.7727  6.85%   168 2972s
 34572 19365 14317.5839   40  332 15220.8900 14178.5386  6.85%   169 2985s
 34687 19513 14653.1468   53  211 15220.8900 14179.2922  6.84%   169 2998s
 34862 19575 15166.0749   77  112 15220.8900 14179.5989  6.84%   169 3012s
 34969 19660 14770.1953   56   73 15220.8900 14179.8405  6.84%   170 3026s
 35058 19727 14931.5159   90   51 15220.8900 14180.0097  6.84%   170 3039s
 35151 19843 14707.9764   49  269 15220.8900 14180.2930  6.84%   171 3056s
 35421 19987 14360.1962   44  336 15220.8900 14180.5016  6.84%   171 3071s
 35592 20080 14298.0997   37  396 15220.8900 14181.4422  6.83%   171 3085s
 35723 20171 14348.6272   43  345 15220.8900 14182.1827  6.82%   171 3100s
 35839 20298 14794.1474   56  198 15220.8900 14182.3357  6.82%   172 3117s
 35992 20380 14686.9719   67  188 15220.8900 14183.0529  6.82%   172 3131s
 36083 20534 14932.5770   76  143 15220.8900 14183.2033  6.82%   172 3146s
 36247 20662 15112.8235   67  272 15220.8900 14183.2082  6.82%   173 3161s
 36403 20749 14629.7324   40  247 15220.8900 14183.5425  6.82%   173 3176s
 36512 20848 14405.3497   33  285 15220.8900 14183.9920  6.81%   173 3192s
 36617 20945 14779.8917   52   17 15220.8900 14184.0380  6.81%   174 3207s
 36763 20992     cutoff   91      15220.8900 14184.3918  6.81%   174 3221s
 36817 21191 14534.8982   50  216 15220.8900 14184.7117  6.81%   175 3237s
 37039 21289 14420.4883   49  133 15220.8900 14185.1969  6.80%   175 3253s
 37164 21360     cutoff   70      15220.8900 14186.1356  6.80%   175 3267s
 37242 21435 14675.5900   61  116 15220.8900 14186.5555  6.80%   176 3280s
H37309 20208                    15165.730000 14186.5555  6.46%   176 3281s
 37347 20292 14884.1178   54  280 15165.7300 14186.6114  6.46%   176 3295s
 37470 20387 14265.4122   40  476 15165.7300 14187.2787  6.45%   176 3311s
 37587 20471 15048.7556   95  179 15165.7300 14188.2961  6.45%   177 3325s
 37701 20535 14229.0589   39  347 15165.7300 14188.3154  6.44%   177 3338s
 37793 20632 14376.3627   46  305 15165.7300 14188.3889  6.44%   178 3353s
 37896 20727 14826.6892   71  129 15165.7300 14188.5902  6.44%   178 3369s
 38021 20727 15000.0281  133   29 15165.7300 14188.5902  6.44%   178 3370s
 38077 20794 14375.8098   36  280 15165.7300 14189.1169  6.44%   178 3384s
 38143 20794 15148.3065   73  121 15165.7300 14189.1169  6.44%   179 3385s
 38156 20905 14719.4845   44  345 15165.7300 14189.1169  6.44%   179 3409s
 38277 20991     cutoff   52      15165.7300 14189.6960  6.44%   179 3424s
 38329 20991 14824.4517   55  203 15165.7300 14189.6960  6.44%   179 3425s
 38424 21188 14377.1039   40  287 15165.7300 14189.9821  6.43%   179 3441s
 38644 21356     cutoff  115      15165.7300 14190.0055  6.43%   179 3459s
 38832 21493 14880.4322   67  189 15165.7300 14190.4331  6.43%   179 3474s
 38993 21613 14604.8224   56  219 15165.7300 14190.6698  6.43%   180 3489s
 39094 21615 14912.2737   76  122 15165.7300 14191.0368  6.43%   180 3490s
 39142 21858     cutoff   93      15165.7300 14191.3826  6.42%   180 3505s
 39395 21971 14799.0772  200   95 15165.7300 14191.5376  6.42%   180 3521s
 39567 22102 14766.5138   49  200 15165.7300 14192.0878  6.42%   180 3537s
 39730 22175 14375.0339   43  355 15165.7300 14192.7786  6.42%   180 3552s
 39812 22290 14395.6039   44  347 15165.7300 14193.1195  6.41%   180 3567s
 39951 22386 14437.6953   43  257 15165.7300 14193.5355  6.41%   180 3582s
 40063 22462     cutoff   71      15165.7300 14193.5946  6.41%   181 3597s
 40157 22505 14930.4166   87  157 15165.7300 14193.6258  6.41%   181 3600s

Cutting planes:
  User: 4500
  Gomory: 25
  Cover: 326
  Implied bound: 38
  Projected implied bound: 1
  Clique: 14
  MIR: 184
  StrongCG: 4
  Flow cover: 383
  Inf proof: 1
  Zero half: 34
  RLT: 248
  Relax-and-lift: 5
  Lazy constraints: 4450

Explored 40210 nodes (7296566 simplex iterations) in 3600.46 seconds
Thread count was 2 (of 32 available processors)

Solution count 10: 15165.7 15220.9 15229.9 ... 15452.8

Time limit reached
Best objective 1.516573000000e+04, best bound 1.419362581147e+04, gap 6.4099%

User-callback calls 567049, time in user-callback 316.17 sec
================================================================================
executing instance: ./input/Instances/Original/2/absH3high_4n10.dat
