




arguments: ./build/mirp_solver -f ./input/orig_exec_214.cfg
Current dir: /scratch/gui/bnc_mirp
File verbosity level: 9
date       time         ( uptime  ) [ thread name/id ]                   file:line     v| 
2021-01-10 11:52:51.880 (   0.388s) [main thread     ]             loguru.cpp:789   INFO| Logging to './output/vi_hc2/OU/V3/Original/execution_10_01_2021_11_52_51.log', mode: 'a', verbosity: 9
--------------------------------------------------------------------------------
Parameters
                           instance_path           ./input/Instances/Original/6/
                            model_policy                                       1
                             nb_vehicles                                       3
                              output_dir         ./output/vi_hc2/OU/V3/Original/
                            sec_strategy                                       1
                       solver_nb_threads                                       2
                         solver_show_log                                    true
                       solver_time_limit                                    3600
                              use_vi_cos                                   false
                              use_vi_cus                                   false
                         use_vi_hc1_full                                   false
                         use_vi_hc1_half                                   false
                      use_vi_hc1_quarter                                   false
                              use_vi_hc2                                    true
                              use_vi_hc3                                   false
                         use_vi_lex_full                                   false
                         use_vi_lex_half                                   false
                      use_vi_lex_quarter                                   false
                              use_vi_qua                                   false
                               use_vi_vc                                   false
                               use_vi_vr                                   false
--------------------------------------------------------------------------------
executing instance: ./input/Instances/Original/6/absH6high_1n25.dat
--------------------------------------------------------------------------------
Instance details
n	26
H	6
C	1711
Li:
[0, 0, 0, 0, 0, 0, 0, 0, 0, 0, 0, 0, 0, 0, 0, 0, 0, 0, 0, 0, 0, 0, 0, 0, 0, 0, ]
Ui:
[0, 168, 176, 34, 66, 36, 177, 106, 118, 182, 64, 141, 189, 63, 46, 111, 182, 231, 36, 66, 68, 54, 132, 90, 246, 75, ]
Distance matrix:
|0	191	200	231	334	329	146	196	208	245	218	164	283	394	151	358	156	196	309	253	201	260	127	138	130	104	|
|191	0	226	229	278	146	328	216	390	417	327	293	195	334	106	296	171	122	472	151	12	411	280	53	190	130	|
|200	226	0	38	149	359	321	10	276	274	418	364	139	204	121	173	321	115	303	141	225	236	155	202	311	256	|
|231	229	38	0	110	352	358	37	314	310	448	395	108	167	129	135	342	109	336	120	226	268	194	213	335	277	|
|334	278	149	110	0	367	467	147	422	413	546	495	86	61	203	25	423	163	429	129	271	363	303	282	424	361	|
|329	146	359	352	367	0	453	349	533	562	411	393	282	411	245	378	250	244	617	245	141	556	426	195	284	243	|
|146	328	321	358	467	453	0	321	162	215	160	112	425	524	297	491	223	341	284	397	339	266	186	276	184	210	|
|196	216	10	37	147	349	321	0	281	281	414	360	132	203	112	171	315	105	311	132	216	244	159	193	305	249	|
|208	390	276	314	422	533	162	281	0	54	321	271	410	471	316	445	348	348	123	398	398	115	125	338	313	309	|
|245	417	274	310	413	562	215	281	54	0	375	323	413	457	334	435	393	361	70	406	424	69	139	367	359	349	|
|218	327	418	448	546	411	160	414	321	375	0	57	484	606	347	569	163	393	444	446	339	421	318	288	137	199	|
|164	293	364	395	495	393	112	360	271	323	57	0	437	556	300	519	144	346	393	401	305	367	261	249	109	163	|
|283	195	139	108	86	282	425	132	410	413	484	437	0	139	137	101	349	91	443	44	187	375	286	206	355	291	|
|394	334	204	167	61	411	524	203	471	457	606	556	139	0	264	38	483	222	467	183	326	403	356	341	484	421	|
|151	106	121	129	203	245	297	112	316	334	347	300	137	264	0	225	220	46	381	102	106	316	195	84	221	158	|
|358	296	173	135	25	378	491	171	445	435	569	519	101	38	225	0	444	184	450	145	288	384	328	303	446	383	|
|156	171	321	342	423	250	223	315	348	393	163	144	349	483	220	444	0	261	460	308	183	415	284	143	39	65	|
|196	122	115	109	163	244	341	105	348	361	393	346	91	222	46	184	261	0	402	56	118	336	224	119	264	200	|
|309	472	303	336	429	617	284	311	123	70	444	393	443	467	381	450	460	402	0	442	477	68	192	424	426	413	|
|253	151	141	120	129	245	397	132	398	406	446	401	44	183	102	145	308	56	442	0	143	375	273	164	315	251	|
|201	12	225	226	271	141	339	216	398	424	339	305	187	326	106	288	183	118	477	143	0	416	286	63	202	142	|
|260	411	236	268	363	556	266	244	115	69	421	367	375	403	316	384	415	336	68	375	416	0	135	365	384	363	|
|127	280	155	194	303	426	186	159	125	139	318	261	286	356	195	328	284	224	192	273	286	135	0	232	256	229	|
|138	53	202	213	282	195	276	193	338	367	288	249	206	341	84	303	143	119	424	164	63	365	232	0	153	89	|
|130	190	311	335	424	284	184	305	313	359	137	109	355	484	221	446	39	264	426	315	202	384	256	153	0	64	|
|104	130	256	277	361	243	210	249	309	349	199	163	291	421	158	383	65	200	413	251	142	363	229	89	64	0	|

--------------------------------------------------------------------------------
Building model...
	using lazy and cut (CVRPSEP package)
Solving IRP LP...
--------------------------------------------------------------------------------

Gurobi 9.1.0 (linux64) logging started Sun Jan 10 11:52:52 2021

Gurobi Optimizer version 9.1.0 build v9.1.0rc0 (linux64)
Thread count: 32 physical cores, 32 logical processors, using up to 2 threads
Optimize a model with 1862 rows, 6950 columns and 22868 nonzeros
Model fingerprint: 0x32318365
Variable types: 632 continuous, 6318 integer (468 binary)
Coefficient statistics:
  Matrix range     [1e+00, 6e+02]
  Objective range  [1e-01, 6e+02]
  Bounds range     [1e+00, 2e+02]
  RHS range        [1e+01, 3e+03]
Presolve removed 231 rows and 70 columns
Presolve time: 0.09s
Presolved: 1631 rows, 6880 columns, 21919 nonzeros
Variable types: 550 continuous, 6330 integer (5866 binary)

Root relaxation: objective 1.362140e+04, 1730 iterations, 0.05 seconds

    Nodes    |    Current Node    |     Objective Bounds      |     Work
 Expl Unexpl |  Obj  Depth IntInf | Incumbent    BestBd   Gap | It/Node Time

     0     0 13621.4004    0  217          - 13621.4004      -     -    0s
     0     0 13828.6611    0  182          - 13828.6611      -     -    1s
     0     0 13862.7404    0  216          - 13862.7404      -     -    1s
     0     0 13871.0835    0  224          - 13871.0835      -     -    1s
     0     0 13871.1908    0  226          - 13871.1908      -     -    1s
     0     0 14510.4217    0  364          - 14510.4217      -     -    1s
     0     0 14626.9322    0  374          - 14626.9322      -     -    1s
     0     0 14663.8739    0  346          - 14663.8739      -     -    1s
     0     0 14666.1805    0  336          - 14666.1805      -     -    1s
     0     0 14666.1805    0  340          - 14666.1805      -     -    1s
     0     0 15122.3209    0  362          - 15122.3209      -     -    2s
     0     0 15176.0328    0  334          - 15176.0328      -     -    2s
     0     0 15188.5590    0  321          - 15188.5590      -     -    2s
     0     0 15191.8986    0  315          - 15191.8986      -     -    2s
     0     0 15194.2494    0  336          - 15194.2494      -     -    2s
     0     0 15194.2494    0  333          - 15194.2494      -     -    2s
     0     0 15330.3318    0  393          - 15330.3318      -     -    2s
     0     0 15391.9630    0  450          - 15391.9630      -     -    3s
     0     0 15407.3641    0  452          - 15407.3641      -     -    3s
     0     0 15412.6077    0  425          - 15412.6077      -     -    3s
     0     0 15413.9907    0  438          - 15413.9907      -     -    3s
     0     0 15484.2223    0  419          - 15484.2223      -     -    3s
     0     0 15529.3432    0  474          - 15529.3432      -     -    4s
     0     0 15544.6541    0  526          - 15544.6541      -     -    4s
     0     0 15548.7212    0  461          - 15548.7212      -     -    4s
     0     0 15551.9581    0  546          - 15551.9581      -     -    4s
     0     0 15554.5187    0  532          - 15554.5187      -     -    4s
     0     0 15556.5317    0  514          - 15556.5317      -     -    4s
     0     0 15599.7950    0  494          - 15599.7950      -     -    5s
     0     0 15605.2693    0  516          - 15605.2693      -     -    5s
     0     0 15615.0900    0  476          - 15615.0900      -     -    5s
     0     0 15620.1536    0  396          - 15620.1536      -     -    5s
     0     0 15620.9302    0  482          - 15620.9302      -     -    5s
     0     0 15628.1134    0  504          - 15628.1134      -     -    6s
     0     0 15639.2242    0  494          - 15639.2242      -     -    6s
     0     2 15647.6794    0  464          - 15647.6794      -     -    7s
    13    17 15789.9693    4  439          - 15738.2570      -  1222   10s
    64    68 16315.0033   19  389          - 15738.2570      -   821   15s
   174   194 16866.7207   41  217          - 15738.2570      -   467   20s
   453   473 18008.1950  103  148          - 15738.2570      -   242   26s
   541   498 18892.3660  136  103          - 15739.8146      -   228   30s
   564   515 16225.2105    5  651          - 15739.8146      -   280   42s
   577   530 16320.8983    7  603          - 15739.8146      -   302   45s
   618   573 16357.5148   11  561          - 15739.8146      -   321   50s
   690   660 16441.2732   17  412          - 15739.8146      -   324   55s
   752   699 18362.6132  121  559          - 15893.6626      -   309   60s
   765   708 17823.3087  102  637          - 16290.8146      -   304   65s
   782   720 16513.0969   21  208          - 16302.5298      -   325   70s
   795   729 17425.8066   85  684          - 16305.6798      -   320   75s
   804   738 16358.0414   29  652          - 16358.0414      -   344   80s
   822   751 16371.3130   34  655          - 16366.0198      -   359   99s
   828   754 16398.1863   36  617          - 16366.0198      -   362  100s
   858   777 16433.3225   42  546          - 16366.0198      -   380  105s
   908   816 16482.1533   50  457          - 16366.0198      -   392  110s
   966   860 16510.5596   60  419          - 16366.0198      -   396  115s
  1066   925 16533.0553   74  385          - 16366.0198      -   391  120s
  1134   979 16554.3553   83  349          - 16366.0198      -   391  125s
  1260  1091 16641.4225   94  459          - 16366.0198      -   377  130s
* 1412  1121             257    19315.130000 16366.0198  15.3%   349  134s
H 1439  1051                    19184.730000 16366.0198  14.7%   343  135s
H 1443   996                    19116.130000 16366.0198  14.4%   344  135s
H 1469   973                    19074.329997 16366.0198  14.2%   344  138s
H 1470   943                    19072.180000 16366.0198  14.2%   344  138s
  1497   962 16901.4636  120  461 19072.1800 16366.0198  14.2%   347  141s
  1544   998 17171.9307  135  412 19072.1800 16366.0198  14.2%   350  145s
  1599  1032 17263.1652  152  383 19072.1800 16366.0198  14.2%   351  150s
H 1604   989                    18908.380000 16366.0198  13.4%   350  150s
H 1616   941                    18575.440000 16366.0198  11.9%   350  150s
  1655   985 17528.1346  170  347 18575.4400 16366.0198  11.9%   350  155s
H 1719   996                    18383.350000 16366.0198  11.0%   352  161s
  1767  1033 17969.7296  200  343 18383.3500 16366.0198  11.0%   353  170s
  1823  1067 18115.8797  217  357 18383.3500 16366.0198  11.0%   353  176s
  1876  1100 18214.3380  230  326 18383.3500 16389.4485  10.8%   353  181s
H 1903  1065                    18360.450000 16389.4485  10.7%   352  181s
  1948  1100 16412.8320   39  541 18360.4500 16389.4485  10.7%   351  187s
  1972  1106 16415.1507   40  543 18360.4500 16389.4485  10.7%   353  190s
  2005  1145 16456.2812   45  517 18360.4500 16389.4485  10.7%   356  196s
  2070  1219 16515.6286   50  431 18360.4500 16389.4485  10.7%   358  202s
  2131  1262 16575.6068   55  405 18360.4500 16389.4485  10.7%   356  227s
H 2149  1246                    18340.090000 16389.4485  10.6%   357  228s
  2195  1327 16719.8913   62  417 18340.0900 16389.4485  10.6%   354  231s
H 2280  1291                    18192.920000 16389.4485  9.91%   348  236s
  2368  1355 16890.2649   81  317 18192.9200 16389.4485  9.91%   351  243s
  2403  1406 17109.9241   90  279 18192.9200 16389.4485  9.91%   352  247s
  2454  1466 17580.4705   97  226 18192.9200 16389.4485  9.91%   354  251s
H 2462  1454                    18175.200000 16389.4485  9.83%   353  251s
H 2491  1443                    18147.050000 16389.4485  9.69%   352  251s
  2514  1511 17723.6255  112  166 18147.0500 16389.4485  9.69%   353  255s
H 2526  1505                    18129.330000 16389.4485  9.60%   353  255s
  2582  1616 17694.2277  125  154 18129.3300 16389.4485  9.60%   351  261s
  2717  1667     cutoff  163      18129.3300 16391.4742  9.59%   342  266s
  2774  1748 16465.4497   38  431 18129.3300 16391.4742  9.59%   342  271s
  2855  1820 16497.9797   41  449 18129.3300 16391.4742  9.59%   340  278s
  2927  1895 16557.2344   45  471 18129.3300 16391.4742  9.59%   340  284s
  3002  1944 16623.6363   49  417 18129.3300 16391.4742  9.59%   337  289s
  3073  2025 16958.0637   61  325 18129.3300 16391.4742  9.59%   336  294s
  3154  2133 16945.6211   82  203 18129.3300 16391.4742  9.59%   334  301s
H 3228  2131                    18126.050000 16391.4742  9.57%   331  302s
  3286  2254 17267.5905  109  125 18126.0500 16391.4742  9.57%   329  308s
  3411  2336 18007.0737  134   97 18126.0500 16395.5959  9.55%   325  317s
  3530  2402 16667.9498   35  526 18126.0500 16395.5959  9.55%   323  324s
  3612  2434 17362.0277   51  283 18126.0500 16397.1932  9.54%   324  330s
  3659  2474 16504.7500   39  496 18126.0500 16397.1932  9.54%   327  336s
  3699  2569 16573.2030   43  544 18126.0500 16397.1932  9.54%   331  342s
  3802  2593 16641.7618   50  476 18126.0500 16397.1932  9.54%   328  349s
  3830  2657 16717.7939   53  436 18126.0500 16397.1932  9.54%   332  372s
  3885  2657 17476.7364   92  249 18126.0500 16397.1932  9.54%   333  375s
  3904  2689 16933.3107   56  310 18126.0500 16397.1932  9.54%   334  381s
  3936  2720 16983.9919   65  392 18126.0500 16397.1932  9.54%   339  388s
  3967  2800 17071.0526   75  309 18126.0500 16397.1932  9.54%   342  396s
  4047  2948 17421.6582   96  256 18126.0500 16397.1932  9.54%   343  407s
  4225  2981 18023.3329  138  175 18126.0500 16399.0305  9.53%   341  415s
  4271  3048 17156.5297   50  426 18126.0500 16412.7341  9.45%   344  423s
  4354  3089 16619.8366   37  542 18126.0500 16412.7341  9.45%   347  431s
  4407  3186 16891.4446   59  528 18126.0500 16412.7341  9.45%   349  440s
  4516  3253 17495.6384   92  363 18126.0500 16417.1356  9.43%   348  449s
  4593  3310 16779.1362   38  464 18126.0500 16417.1356  9.43%   352  458s
  4650  3391 16978.6648   47  368 18126.0500 16417.1356  9.43%   356  468s
  4743  3628 17242.9204   77  260 18126.0500 16421.6719  9.40%   357  483s
  5018  3693 16842.6456   38  562 18126.0500 16423.0792  9.40%   348  497s
  5093  3731 17535.9268   58  536 18126.0500 16426.5909  9.38%   351  506s
  5139  3806 16621.9655   40  629 18126.0500 16426.5909  9.38%   356  516s
H 5174  3774                    18091.970000 16426.5909  9.21%   357  516s
  5226  3862 17246.4111   73  353 18091.9700 16428.5729  9.19%   358  527s
  5336  3903 16534.9631   39  529 18091.9700 16428.5729  9.19%   360  538s
  5379  3965 17056.3813   53  369 18091.9700 16432.0788  9.17%   366  550s
  5466  4021 16781.4692   37  549 18091.9700 16432.0788  9.17%   370  563s
  5522  4071 17640.2835   60  445 18091.9700 16432.0788  9.17%   373  575s
  5598  4153 16986.8540   56  292 18091.9700 16432.3717  9.17%   377  588s
  5707  4243 16878.2741   52  488 18091.9700 16432.3982  9.17%   378  601s
  5815  4281 16607.2156   42  400 18091.9700 16432.5584  9.17%   380  614s
  5835  4281 16542.6720   44  580 18091.9700 16432.5584  9.17%   382  615s
  5853  4314 16708.7241   52  392 18091.9700 16432.5584  9.17%   386  627s
  5886  4373 16874.3770   59  383 18091.9700 16432.5584  9.17%   393  640s
  5945  4569 17183.6092   71  290 18091.9700 16432.5584  9.17%   395  656s
  6163  4683 16639.7234   35  499 18091.9700 16432.5584  9.17%   392  671s
  6313  4795 17964.0459   89  112 18091.9700 16435.6130  9.16%   390  685s
  6457  4861 17934.8795   84  211 18091.9700 16437.0003  9.15%   388  701s
  6558  4982 17030.0214   48  410 18091.9700 16438.4515  9.14%   390  717s
  6698  5105 16723.8311   45  422 18091.9700 16440.5179  9.13%   390  731s
  6846  5164     cutoff   59      18091.9700 16441.1333  9.12%   389  747s
  6937  5253 16799.0676   47  368 18091.9700 16441.1333  9.12%   391  772s
  7026  5429 17157.8223   73  238 18091.9700 16441.1333  9.12%   393  787s
  7202  5596 17489.7034  102  211 18091.9700 16441.1985  9.12%   391  803s
  7420  5748 16766.3479   42  545 18091.9700 16444.8482  9.10%   388  820s
  7596  5878 16735.9161   42  532 18091.9700 16445.8758  9.10%   387  840s
  7746  6010 16664.4980   41  458 18091.9700 16453.6975  9.06%   387  856s
H 7904  5881                    18008.260000 16453.8809  8.63%   386  874s
  7985  5973 16859.2686   42  565 18008.2600 16453.8809  8.63%   389  891s
  8091  6028 17714.6668   68  180 18008.2600 16454.1143  8.63%   390  911s
  8194  6138 16857.0141   51  460 18008.2600 16454.1176  8.63%   394  928s
  8304  6252 17373.0106   83  297 18008.2600 16456.4253  8.62%   396  946s
  8470  6402 16799.2345   53  435 18008.2600 16456.4253  8.62%   396  968s
  8628  6577 17925.8273  114  136 18008.2600 16457.0894  8.61%   396  991s
  8849  6593 17186.3643   46  275 18008.2600 16461.1507  8.59%   394 1056s
  8865  6730 17322.6328   54  294 18008.2600 16461.1864  8.59%   394 1076s
  9029  6832 16633.3704   43  478 18008.2600 16463.7310  8.58%   395 1095s
  9157  6948 16909.8497   46  472 18008.2600 16464.9293  8.57%   396 1117s
  9319  7047 16955.4505   50  448 18008.2600 16465.5951  8.57%   397 1137s
  9442  7194 17061.0320   64  518 18008.2600 16467.7467  8.55%   399 1157s
  9611  7353 16894.4027   42  395 18008.2600 16469.0521  8.55%   399 1179s
  9661  7353 17863.2219   92  136 18008.2600 16469.0521  8.55%   398 1180s
  9801  7452 17540.6135   75  348 18008.2600 16469.2437  8.55%   397 1200s
  9924  7532 16811.6084   51  504 18008.2600 16469.6409  8.54%   400 1219s
 10006  7713 17201.3811   76  297 18008.2600 16469.8257  8.54%   403 1242s
 10237  7802 16891.7658   36  456 18008.2600 16470.4729  8.54%   403 1264s
 10348  7904 17151.8543   48  491 18008.2600 16471.9037  8.53%   405 1283s
 10491  8001 17996.0601   77  225 18008.2600 16472.9356  8.53%   405 1305s
 10615  8096 17395.2718   55  458 18008.2600 16473.8730  8.52%   407 1325s
 10727  8220 17869.2404   73  301 18008.2600 16476.2033  8.51%   408 1344s
 10873  8368 16755.7589   54  383 18008.2600 16476.2204  8.51%   407 1363s
 11021  8510 17781.4951   91  265 18008.2600 16477.3643  8.50%   408 1385s
 11210  8651 16647.9618   38  527 18008.2600 16479.9584  8.49%   408 1413s
 11383  8780 17302.4139   61  433 18008.2600 16480.2559  8.49%   408 1435s
 11536  8931 17106.5476   78  326 18008.2600 16480.8268  8.48%   408 1458s
 11723  9006 16630.7755   35  472 18008.2600 16482.6041  8.47%   407 1480s
 11812  9110 16764.9100   37  472 18008.2600 16482.6041  8.47%   410 1501s
 11948  9205 17031.4453   48  425 18008.2600 16482.6041  8.47%   411 1522s
 12051  9353 17164.5008   56  216 18008.2600 16482.6041  8.47%   414 1545s
 12213  9577 17513.3778   74  178 18008.2600 16484.1361  8.46%   414 1573s
 12494  9721 16903.0998   63  384 18008.2600 16485.6669  8.45%   411 1596s
 12674  9921 16857.6747   51  491 18008.2600 16487.6299  8.44%   411 1620s
 12924  9981 17388.3743   53  406 18008.2600 16488.5031  8.44%   409 1642s
 13007 10073 16994.8599   60  383 18008.2600 16488.5785  8.44%   413 1663s
 13099 10238 17359.9784   90  422 18008.2600 16491.3056  8.42%   415 1687s
 13284 10346 16806.5984   52  488 18008.2600 16491.3056  8.42%   415 1711s
 13418 10484 16801.6909   43  589 18008.2600 16492.2657  8.42%   417 1736s
 13601 10618 16719.4715   42  487 18008.2600 16493.3520  8.41%   417 1760s
 13760 10747 16615.9840   38  518 18008.2600 16493.3732  8.41%   417 1785s
 13921 10908 16824.8050   43  485 18008.2600 16494.0376  8.41%   418 1808s
 14135 11028 17368.5704   48  354 18008.2600 16494.2534  8.41%   417 1834s
 14216 11028 infeasible   78      18008.2600 16494.2534  8.41%   417 1835s
 14279 11124 16980.9932   47  457 18008.2600 16494.8924  8.40%   420 1857s
 14441 11338 16936.9155   46  237 18008.2600 16495.6284  8.40%   420 1892s
 14669 11453 17240.6149   65  424 18008.2600 16496.8194  8.39%   420 1915s
 14829 11550 17807.9532   86  269 18008.2600 16498.5734  8.38%   420 1938s
 14958 11644 16969.4151   67  500 18008.2600 16501.3196  8.37%   421 1961s
 15105 11761 16965.8663   64  526 18008.2600 16503.8726  8.35%   422 1985s
 15247 11955 17060.1586   56  428 18008.2600 16506.7452  8.34%   422 2009s
 15341 11955 17973.2018  103   88 18008.2600 16506.7452  8.34%   422 2010s
 15477 12049 16654.5050   48  348 18008.2600 16508.0614  8.33%   421 2037s
 15605 12178 16679.9713   48  481 18008.2600 16510.3907  8.32%   423 2062s
 15758 12279 16986.3627   47  513 18008.2600 16510.4940  8.32%   423 2084s
 15817 12279 17721.4044   73  190 18008.2600 16511.2705  8.31%   424 2085s
 15890 12361 17844.3701   70  337 18008.2600 16511.8733  8.31%   424 2107s
 16025 12524 16999.2699   59  439 18008.2600 16512.1905  8.31%   426 2132s
 16220 12711 17003.5236   55  353 18008.2600 16513.0559  8.30%   425 2164s
 16458 12831     cutoff   97      18008.2600 16514.0396  8.30%   424 2190s
 16604 12931 infeasible   44      18008.2600 16514.6984  8.29%   425 2217s
 16769 13042 17248.0324   49  454 18008.2600 16514.7565  8.29%   425 2240s
 16931 13212 16715.9027   41  497 18008.2600 16514.7601  8.29%   425 2267s
 17139 13361 17374.3880   80  254 18008.2600 16514.9010  8.29%   426 2292s
 17350 13546 16799.5224   54  448 18008.2600 16516.1243  8.29%   425 2318s
 17593 13546 17887.5375  105   76 18008.2600 16517.0588  8.28%   423 2320s
 17610 13678 16769.2781   40  538 18008.2600 16517.0588  8.28%   423 2344s
 17774 13927 17078.9143   63  333 18008.2600 16519.1279  8.27%   424 2371s
 18100 14070 16634.8295   40  570 18008.2600 16519.8028  8.27%   421 2398s
H18269 14164                    18002.140000 16519.8816  8.23%   421 2425s
 18498 14320 17043.9759   44  428 18002.1400 16523.9670  8.21%   420 2453s
 18677 14424 17129.7375   44  412 18002.1400 16524.4992  8.21%   420 2479s
 18816 14584 16868.6857   46  473 18002.1400 16524.6257  8.21%   421 2505s
 19008 14811 17245.0715   67  256 18002.1400 16524.8817  8.21%   422 2534s
 19128 14811 17841.9333  122   25 18002.1400 16524.8817  8.21%   420 2535s
 19278 15006 17667.7523   51  486 18002.1400 16526.4047  8.20%   420 2562s
 19514 15097 17188.8021   57  383 18002.1400 16526.8619  8.20%   419 2589s
 19562 15097 17953.6329  105   57 18002.1400 16526.8619  8.20%   419 2590s
 19630 15295 16834.3632   44  496 18002.1400 16527.0772  8.19%   421 2618s
 19697 15295 16913.2422   41  586 18002.1400 16527.0772  8.19%   422 2623s
 19850 15549 17538.8690   74  297 18002.1400 16527.6813  8.19%   422 2651s
 20172 15740 17371.6026   77  177 18002.1400 16528.0406  8.19%   419 2678s
 20438 15887 17631.0781   58  321 18002.1400 16530.2925  8.18%   418 2706s
 20623 16042 16875.5196   50  357 18002.1400 16530.6465  8.17%   418 2739s
 20668 16042 17546.3332   95  163 18002.1400 16530.6465  8.17%   418 2740s
 20828 16211 16705.8997   55  357 18002.1400 16531.4712  8.17%   418 2768s
 21039 16368 16762.3025   72  364 18002.1400 16532.0027  8.17%   418 2804s
 21097 16368 16890.0761   77  365 18002.1400 16532.0027  8.17%   419 2805s
 21221 16460 17436.1662  101  415 18002.1400 16532.1283  8.17%   419 2832s
 21343 16605 17418.4279   69  296 18002.1400 16532.1314  8.17%   420 2858s
 21526 16774 17336.3701   77  328 18002.1400 16533.6009  8.16%   421 2888s
 21754 16902 16948.5536   56  325 18002.1400 16534.2883  8.15%   420 2919s
 21986 17098 16626.1737   41  548 18002.1400 16535.5573  8.15%   419 2949s
 22237 17244 16833.3866   45  383 18002.1400 16535.8709  8.14%   418 2976s
 22441 17377 17617.9213   83  254 18002.1400 16536.9458  8.14%   418 3003s
 22634 17522 16971.1816   45  389 18002.1400 16537.2579  8.14%   418 3030s
 22795 17730 17620.6741   87  308 18002.1400 16537.3340  8.14%   418 3060s
 23056 17859     cutoff  138      18002.1400 16538.0228  8.13%   417 3088s
 23205 17967 17629.8983   74  320 18002.1400 16538.4966  8.13%   417 3115s
 23333 18248 17109.4473   57  363 18002.1400 16539.6150  8.12%   418 3147s
 23680 18338 17485.0727   57  415 18002.1400 16540.8825  8.12%   416 3176s
 23815 18506 17444.6675   48  438 18002.1400 16541.2681  8.11%   417 3204s
 24011 18634 16653.1872   42  531 18002.1400 16541.8419  8.11%   417 3232s
 24165 18841 17105.8183   77  443 18002.1400 16542.1186  8.11%   418 3259s
 24268 18841 17917.2616  116  165 18002.1400 16542.1186  8.11%   417 3263s
 24392 18983 16891.8329   57  365 18002.1400 16542.8602  8.11%   418 3290s
 24587 19106 16751.5577   39  499 18002.1400 16543.8746  8.10%   418 3314s
 24736 19232 16938.5321   52  394 18002.1400 16544.6941  8.10%   418 3341s
 24891 19447 16799.0010   45  477 18002.1400 16545.0543  8.09%   419 3367s
 25136 19650 17152.6778   48  465 18002.1400 16545.6315  8.09%   418 3394s
 25253 19650 17957.3713   66  283 18002.1400 16545.8865  8.09%   418 3395s
 25395 19779 16841.3516   54  464 18002.1400 16546.6214  8.09%   417 3421s
 25569 19882 16907.4674   40  412 18002.1400 16546.8178  8.08%   417 3445s
 25690 20149 16987.8928   51  376 18002.1400 16547.6565  8.08%   418 3472s
 26028 20284 17190.8573   42  469 18002.1400 16547.7395  8.08%   417 3497s
 26208 20368 16960.2985   48  434 18002.1400 16548.3317  8.08%   417 3521s
 26323 20564 16814.5649   43  497 18002.1400 16549.4839  8.07%   418 3547s
 26582 20684 16811.5010   44  503 18002.1400 16549.5438  8.07%   417 3574s
 26749 20882 17208.7535   60  200 18002.1400 16549.7731  8.07%   417 3600s

Cutting planes:
  User: 5879
  Gomory: 57
  Cover: 407
  Implied bound: 80
  Projected implied bound: 9
  Clique: 6
  MIR: 325
  StrongCG: 2
  Flow cover: 713
  Inf proof: 3
  Zero half: 11
  Network: 3
  RLT: 357
  Relax-and-lift: 6
  Lazy constraints: 226

Explored 27017 nodes (11275577 simplex iterations) in 3604.37 seconds
Thread count was 2 (of 32 available processors)

Solution count 10: 18002.1 18008.3 18092 ... 18360.4

Time limit reached
Best objective 1.800214000000e+04, best bound 1.654978077847e+04, gap 8.0677%

User-callback calls 287220, time in user-callback 286.16 sec
================================================================================
executing instance: ./input/Instances/Original/6/absH6high_1n20.dat
--------------------------------------------------------------------------------
Instance details
n	21
H	6
C	1651
Li:
[0, 0, 0, 0, 0, 0, 0, 0, 0, 0, 0, 0, 0, 0, 0, 0, 0, 0, 0, 0, 0, ]
Ui:
[0, 36, 182, 182, 90, 261, 117, 30, 110, 42, 276, 153, 40, 94, 144, 46, 129, 213, 264, 160, 174, ]
Distance matrix:
|0	371	401	343	361	341	370	115	392	400	79	266	292	245	355	431	265	194	95	92	348	|
|371	0	37	141	110	250	117	438	67	131	372	305	115	238	247	255	235	296	392	430	185	|
|401	37	0	175	100	284	146	472	90	156	406	342	152	275	280	282	242	333	415	455	178	|
|343	141	175	0	239	110	38	374	95	60	314	182	67	130	106	127	318	201	397	423	303	|
|361	110	100	239	0	341	222	451	177	240	385	374	190	304	341	361	151	345	354	398	78	|
|341	250	284	110	341	0	143	337	203	151	289	102	152	97	15	95	394	156	415	431	398	|
|370	117	146	38	222	143	0	407	61	30	346	220	81	167	137	139	317	237	417	447	292	|
|115	438	472	374	451	337	407	0	443	434	66	241	339	251	351	431	374	181	201	177	450	|
|392	67	90	95	177	203	61	443	0	66	379	275	104	216	197	193	294	283	427	461	252	|
|400	131	156	60	240	151	30	434	66	0	374	237	112	189	142	127	344	261	448	477	312	|
|79	372	406	314	385	289	346	66	379	374	0	202	275	197	304	383	316	134	175	166	388	|
|266	305	342	182	374	102	220	241	275	237	202	0	191	70	117	196	386	73	352	359	415	|
|292	115	152	67	190	152	81	339	104	112	275	191	0	123	154	193	252	183	336	366	246	|
|245	238	275	130	304	97	167	251	216	189	197	70	123	0	110	187	322	72	319	334	346	|
|355	247	280	106	341	15	137	351	197	142	304	117	154	110	0	80	399	171	427	444	400	|
|431	255	282	127	361	95	139	431	193	127	383	196	193	187	80	0	444	251	499	519	429	|
|265	235	242	318	151	394	317	374	294	344	316	386	252	322	399	444	0	332	226	273	97	|
|194	296	333	201	345	156	237	181	283	261	134	73	183	72	171	251	332	0	279	286	375	|
|95	392	415	397	354	415	417	201	427	448	175	352	336	319	427	499	226	279	0	47	321	|
|92	430	455	423	398	431	447	177	461	477	166	359	366	334	444	519	273	286	47	0	368	|
|348	185	178	303	78	398	292	450	252	312	388	415	246	346	400	429	97	375	321	368	0	|

--------------------------------------------------------------------------------
Building model...
	using lazy and cut (CVRPSEP package)
Solving IRP LP...
--------------------------------------------------------------------------------

Gurobi 9.1.0 (linux64) logging started Sun Jan 10 12:53:00 2021

Gurobi Optimizer version 9.1.0 build v9.1.0rc0 (linux64)
Thread count: 32 physical cores, 32 logical processors, using up to 2 threads
Optimize a model with 1497 rows, 4665 columns and 15603 nonzeros
Model fingerprint: 0x25f82306
Variable types: 507 continuous, 4158 integer (378 binary)
Coefficient statistics:
  Matrix range     [1e+00, 6e+02]
  Objective range  [1e-01, 5e+02]
  Bounds range     [1e+00, 3e+02]
  RHS range        [1e+01, 3e+03]
Presolve removed 181 rows and 50 columns
Presolve time: 0.07s
Presolved: 1316 rows, 4615 columns, 14873 nonzeros
Variable types: 450 continuous, 4165 integer (3796 binary)

Root relaxation: objective 1.300110e+04, 1425 iterations, 0.04 seconds

    Nodes    |    Current Node    |     Objective Bounds      |     Work
 Expl Unexpl |  Obj  Depth IntInf | Incumbent    BestBd   Gap | It/Node Time

     0     0 13001.0950    0  190          - 13001.0950      -     -    0s
     0     0 13207.8477    0  164          - 13207.8477      -     -    0s
     0     0 13226.7359    0  168          - 13226.7359      -     -    0s
     0     0 13231.4730    0  173          - 13231.4730      -     -    0s
     0     0 13236.2091    0  160          - 13236.2091      -     -    0s
     0     0 13237.1462    0  170          - 13237.1462      -     -    0s
     0     0 13291.2909    0  177          - 13291.2909      -     -    0s
     0     0 13291.4375    0  181          - 13291.4375      -     -    0s
     0     0 13291.4536    0  178          - 13291.4536      -     -    0s
     0     0 13588.1681    0  299          - 13588.1681      -     -    0s
     0     0 13611.6288    0  298          - 13611.6288      -     -    0s
     0     0 13630.2675    0  274          - 13630.2675      -     -    1s
     0     0 13638.6290    0  309          - 13638.6290      -     -    1s
     0     0 13640.4788    0  303          - 13640.4788      -     -    1s
     0     0 13641.7905    0  317          - 13641.7905      -     -    1s
     0     0 13641.9281    0  327          - 13641.9281      -     -    1s
     0     0 13904.0714    0  319          - 13904.0714      -     -    1s
     0     0 13956.1912    0  321          - 13956.1912      -     -    1s
     0     0 13961.5433    0  330          - 13961.5433      -     -    1s
     0     0 13962.8177    0  331          - 13962.8177      -     -    1s
     0     0 13963.5380    0  342          - 13963.5380      -     -    1s
     0     0 13964.0255    0  335          - 13964.0255      -     -    1s
     0     0 14029.2963    0  354          - 14029.2963      -     -    1s
     0     0 14057.3997    0  359          - 14057.3997      -     -    2s
     0     0 14062.8139    0  387          - 14062.8139      -     -    2s
     0     0 14063.4332    0  414          - 14063.4332      -     -    2s
     0     0 14080.6710    0  455          - 14080.6710      -     -    2s
     0     0 14087.0883    0  419          - 14087.0883      -     -    2s
     0     0 14089.0796    0  461          - 14089.0796      -     -    2s
     0     0 14118.4650    0  437          - 14118.4650      -     -    2s
     0     0 14123.7028    0  426          - 14123.7028      -     -    2s
     0     0 14125.6071    0  422          - 14125.6071      -     -    2s
     0     0 14125.6344    0  424          - 14125.6344      -     -    2s
     0     0 14134.0056    0  404          - 14134.0056      -     -    3s
     0     0 14135.3028    0  433          - 14135.3028      -     -    3s
     0     0 14136.8305    0  395          - 14136.8305      -     -    3s
     0     0 14136.9773    0  410          - 14136.9773      -     -    3s
     0     0 14139.5139    0  426          - 14139.5139      -     -    3s
     0     0 14139.5139    0  393          - 14139.5139      -     -    3s
     0     2 14139.5139    0  383          - 14139.5139      -     -    3s
    11    14 14158.4956    4  450          - 14150.8972      -   734    5s
    54    58 14457.7037   14  491          - 14204.2800      -   757   10s
   142   156 14647.7479   37  342          - 14204.2800      -   488   15s
   263   280 15220.0899   62  151          - 14204.2800      -   366   20s
   462   455 18969.2561  175  103          - 14237.0195      -   285   26s
   524   506 14714.4425   15  337          - 14237.0195      -   314   30s
   573   553 14953.1830   21  256          - 14237.0195      -   330   35s
   677   672 15558.5279   41  194          - 14237.0195      -   323   43s
   739   708 16385.7120   72  393          - 14237.0195      -   310   45s
   755   719 15829.7608   57  569          - 14485.6971      -   304   50s
   774   734 14575.9881   15  464          - 14506.9913      -   325   55s
   813   760 14575.6912   24  470          - 14546.9529      -   352   60s
   848   782 14617.4153   33  450          - 14546.9529      -   371   65s
   895   816 14687.3536   42  438          - 14546.9529      -   377   70s
   930   845 14793.1201   49  426          - 14546.9529      -   379   77s
   960   861 14952.6399   53  350          - 14546.9529      -   378   80s
  1045   930 15280.9889   70  365          - 14546.9529      -   372   85s
  1139  1010 15617.4973   87  251          - 14546.9529      -   358   90s
  1244  1086 16403.5110  106  254          - 14546.9529      -   343   95s
  1392  1206 17168.8050  132  284          - 14546.9529      -   321  100s
  1550  1298 17733.2032  148  192          - 14546.9529      -   297  105s
* 1627  1239             300    21734.930000 14546.9529  33.1%   286  105s
  1683  1285 18358.4041  175  180 21734.9300 14546.9529  33.1%   283  110s
H 1706  1207                    20450.930000 14546.9529  28.9%   281  110s
  1746  1232 14808.8371   25  583 20450.9300 14546.9529  28.9%   278  118s
  1748  1295 19051.4022  205  120 20450.9300 14548.5896  28.9%   279  121s
H 1758  1247                    20242.930000 14548.5896  28.1%   278  121s
  1851  1229 14940.9936   24  512 20242.9300 14548.5896  28.1%   272  125s
  1884  1252 15044.0469   31  398 20242.9300 14548.5896  28.1%   278  131s
  1912  1276 15167.2391   37  380 20242.9300 14548.5896  28.1%   283  136s
  1954  1303 15446.7533   43  347 20242.9300 14548.5896  28.1%   286  141s
  1988  1328 15548.2208   52  367 20242.9300 14548.5896  28.1%   291  146s
  2012  1345 15827.4266   56  329 20242.9300 14548.5896  28.1%   293  150s
  2026  1354 15789.6349   61  369 20242.9300 14548.5896  28.1%   295  161s
  2055  1375 15984.3824   67  363 20242.9300 14548.5896  28.1%   297  165s
  2088  1391 16291.3765   73  311 20242.9300 14548.5896  28.1%   300  171s
  2133  1415 16418.0416   82  239 20242.9300 14548.5896  28.1%   299  179s
  2137  1451 16527.0832   81  299 20242.9300 14548.5896  28.1%   299  181s
  2174  1467 17246.4834   89  237 20242.9300 14548.5896  28.1%   298  185s
  2237  1529 16954.5775   95  243 20242.9300 14548.5896  28.1%   298  191s
H 2257  1456                    19697.460000 14548.5896  26.1%   297  191s
  2285  1492 17169.3820  101  255 19697.4600 14548.5896  26.1%   296  195s
H 2310  1452                    19687.280000 14548.5896  26.1%   294  196s
  2384  1582 17482.2361  118  220 19687.2800 14548.5896  26.1%   293  203s
  2484  1628 17449.0321  127  230 19687.2800 14548.5896  26.1%   286  208s
  2561  1712 17656.6214  142  206 19687.2800 14548.5896  26.1%   281  213s
H 2639  1712                    19674.280000 14548.5896  26.1%   275  213s
  2645  1791 17903.0655  165  113 19674.2800 14548.5896  26.1%   277  217s
  2724  1942 18184.9638  178   59 19674.2800 14568.1589  26.0%   273  225s
  2924  1979 15175.2227   26  401 19674.2800 14568.1948  26.0%   264  233s
  2948  2001 15721.3743   40  306 19674.2800 14568.1948  26.0%   265  250s
  2970  2041 16146.6366   51  278 19674.2800 14568.1948  26.0%   265  258s
  3010  2126 17017.1786   80  195 19674.2800 14569.7797  25.9%   266  263s
  3113  2144     cutoff  160      19674.2800 14569.8360  25.9%   261  268s
  3132  2180 15240.6514   29  441 19674.2800 14569.8360  25.9%   264  272s
  3170  2234 15738.2265   51  332 19674.2800 14569.8360  25.9%   264  276s
  3224  2348 16505.1004   86  294 19674.2800 14570.9163  25.9%   264  282s
  3359  2420 14842.9122   26  518 19674.2800 14570.9163  25.9%   258  288s
H 3433  2606                    19661.120000 14570.9163  25.9%   258  303s
  3685  2660 15407.0607   41  282 19661.1200 14570.9163  25.9%   246  309s
  3751  2714 15642.6550   52  287 19661.1200 14570.9163  25.9%   246  315s
  3795  2774 15854.7086   63  255 19661.1200 14570.9163  25.9%   247  320s
  3855  2877 16129.4607   76  197 19661.1200 14570.9163  25.9%   247  326s
  3962  3213 16605.8158  109   78 19661.1200 14575.2459  25.9%   245  337s
  4241  3224 18972.0900  196    - 19661.1200 14575.2459  25.9%   233  340s
  4362  3257     cutoff  197      19661.1200 14575.8936  25.9%   230  346s
  4412  3318 15056.5691   39  325 19661.1200 14575.8936  25.9%   231  352s
  4473  3450 15855.6415   61  308 19661.1200 14575.8936  25.9%   231  360s
  4617  3498 18024.3698  126  132 19661.1200 14576.8682  25.9%   228  369s
  4684  3619 15250.1177   43  288 19661.1200 14578.4464  25.9%   229  377s
  4834  3680     cutoff  142      19661.1200 14578.7757  25.8%   226  384s
  4897  3754 15305.1578   31  467 19661.1200 14578.7757  25.8%   228  392s
  4984  3822 16068.1452   44  366 19661.1200 14578.7757  25.8%   227  400s
  5052  3883 18567.1033   97  159 19661.1200 14581.4353  25.8%   229  408s
  5123  3893 15336.0738   27  440 19661.1200 14581.4353  25.8%   230  417s
  5133  3959 15608.7497   31  416 19661.1200 14581.4353  25.8%   230  424s
  5167  3959 16975.8404   65  256 19661.1200 14581.4353  25.8%   231  425s
  5199  4097 17026.0208   66  332 19661.1200 14581.4758  25.8%   232  433s
  5352  4227 15274.4057   32  446 19661.1200 14581.4758  25.8%   230  443s
  5489  4469 16529.6719   81  224 19661.1200 14584.0182  25.8%   230  454s
  5564  4469 17091.0236   96  135 19661.1200 14587.4383  25.8%   230  455s
  5773  4530 15290.2150   34  352 19661.1200 14587.4383  25.8%   225  464s
  5837  4725 16888.5493   71  183 19661.1200 14590.0113  25.8%   226  474s
  5948  4729 19547.3204  164   15 19661.1200 14590.0113  25.8%   223  475s
  6082  4816     cutoff  167      19661.1200 14590.1423  25.8%   222  484s
  6177  4921 15460.4391   37  412 19661.1200 14590.2381  25.8%   223  493s
