




arguments: ./build/mirp_solver -f ./input/orig_exec_136.cfg
Current dir: /scratch/gui/bnc_mirp
File verbosity level: 9
date       time         ( uptime  ) [ thread name/id ]                   file:line     v| 
2021-01-10 00:10:58.545 (   0.410s) [main thread     ]             loguru.cpp:789   INFO| Logging to './output/vi_hc2/OU/V3/Original/execution_10_01_2021_00_10_58.log', mode: 'a', verbosity: 9
--------------------------------------------------------------------------------
Parameters
                           instance_path           ./input/Instances/Original/4/
                            model_policy                                       1
                             nb_vehicles                                       3
                              output_dir         ./output/vi_hc2/OU/V3/Original/
                            sec_strategy                                       1
                       solver_nb_threads                                       2
                         solver_show_log                                    true
                       solver_time_limit                                    3600
                              use_vi_cos                                   false
                              use_vi_cus                                   false
                         use_vi_hc1_full                                   false
                         use_vi_hc1_half                                   false
                      use_vi_hc1_quarter                                   false
                              use_vi_hc2                                    true
                              use_vi_hc3                                   false
                         use_vi_lex_full                                   false
                         use_vi_lex_half                                   false
                      use_vi_lex_quarter                                   false
                              use_vi_qua                                   false
                               use_vi_vc                                   false
                               use_vi_vr                                   false
--------------------------------------------------------------------------------
executing instance: ./input/Instances/Original/4/absH3low_3n30.dat
--------------------------------------------------------------------------------
Instance details
n	31
H	3
C	2841
Li:
[0, 0, 0, 0, 0, 0, 0, 0, 0, 0, 0, 0, 0, 0, 0, 0, 0, 0, 0, 0, 0, 0, 0, 0, 0, 0, 0, 0, 0, 0, 0, ]
Ui:
[0, 246, 98, 54, 144, 171, 192, 180, 165, 98, 122, 198, 297, 144, 130, 129, 219, 138, 142, 150, 108, 66, 64, 285, 180, 204, 276, 168, 240, 198, 122, ]
Distance matrix:
|0	172	56	166	260	198	42	197	296	110	91	112	238	275	323	183	330	232	175	181	162	191	232	280	201	139	356	185	266	216	26	|
|172	0	178	223	320	335	153	355	444	62	231	99	333	376	214	352	176	235	194	106	47	41	353	161	299	175	225	43	326	374	153	|
|56	178	0	110	204	162	93	233	336	125	144	148	187	226	358	180	313	284	123	152	182	185	282	252	256	88	329	177	210	251	42	|
|166	223	110	0	102	150	199	327	431	194	253	237	113	156	431	228	296	386	44	140	248	208	389	218	366	48	287	200	108	344	148	|
|260	320	204	102	0	156	296	391	493	296	340	339	66	90	531	263	362	486	127	226	349	300	469	278	454	148	334	292	6	406	245	|
|198	335	162	150	156	0	239	255	351	286	245	307	93	106	518	111	442	423	194	280	344	335	349	367	352	182	437	327	158	266	199	|
|42	153	93	199	296	239	0	203	296	91	82	76	278	316	284	217	322	191	201	186	133	180	217	281	177	165	356	175	302	222	52	|
|197	355	233	327	391	255	203	0	104	294	125	266	340	361	436	151	524	276	352	377	330	383	109	477	146	319	553	377	395	19	222	|
|296	444	336	431	493	351	296	104	0	384	214	348	440	456	488	241	617	315	456	476	412	475	113	575	176	422	651	470	497	88	322	|
|110	62	125	194	296	286	91	294	384	0	171	55	298	340	238	292	233	210	176	118	58	91	298	201	248	148	273	87	302	313	94	|
|91	231	144	253	340	245	82	125	214	171	0	141	307	339	324	184	403	187	266	266	204	261	140	363	114	230	438	256	346	144	116	|
|112	99	148	237	339	307	76	266	348	55	141	0	332	373	212	292	275	156	225	173	64	137	254	253	200	194	322	135	345	284	108	|
|238	333	187	113	66	93	278	340	440	298	307	332	0	43	536	203	404	469	153	253	354	321	427	322	420	160	385	313	67	353	229	|
|275	376	226	156	90	106	316	361	456	340	339	373	43	0	578	216	443	507	194	295	397	364	453	361	451	203	421	356	88	372	268	|
|323	214	358	431	531	518	284	436	488	238	324	212	536	578	0	498	309	176	407	320	183	245	376	344	312	383	379	251	537	451	319	|
|183	352	180	228	263	111	217	151	241	292	184	292	203	216	498	0	492	371	266	328	345	364	255	426	272	242	501	356	266	159	198	|
|330	176	313	296	362	442	322	524	617	233	403	275	404	443	309	492	0	397	253	164	218	142	529	84	475	260	72	147	367	543	306	|
|232	235	284	386	486	423	191	276	315	210	187	156	469	507	176	371	397	0	379	327	188	276	202	396	139	346	456	277	492	289	242	|
|175	194	123	44	127	194	201	352	456	176	266	225	153	194	407	266	253	379	0	101	225	174	405	174	375	36	244	166	133	370	152	|
|181	106	152	140	226	280	186	377	476	118	266	173	253	295	320	328	164	327	101	0	148	76	403	100	360	98	177	69	232	396	155	|
|162	47	182	248	349	344	133	330	412	58	204	64	354	397	183	345	218	188	225	148	0	89	316	208	259	201	270	90	355	348	149	|
|191	41	185	208	300	335	180	383	475	91	261	137	321	364	245	364	142	276	174	76	89	0	388	119	336	162	185	8	306	402	169	|
|232	353	282	389	469	349	217	109	113	298	140	254	427	453	376	255	529	202	405	403	316	388	0	497	64	369	570	384	474	112	256	|
|280	161	252	218	278	367	281	477	575	201	363	253	322	361	344	426	84	396	174	100	208	119	497	0	449	187	77	119	283	496	255	|
|201	299	256	366	454	352	177	146	176	248	114	200	420	451	312	272	475	139	375	360	259	336	64	449	0	339	521	333	460	156	223	|
|139	175	88	48	148	182	165	319	422	148	230	194	160	203	383	242	260	346	36	98	201	162	369	187	339	0	260	153	154	337	116	|
|356	225	329	287	334	437	356	553	651	273	438	322	385	421	379	501	72	456	244	177	270	185	570	77	521	260	0	187	338	572	331	|
|185	43	177	200	292	327	175	377	470	87	256	135	313	356	251	356	147	277	166	69	90	8	384	119	333	153	187	0	298	396	163	|
|266	326	210	108	6	158	302	395	497	302	346	345	67	88	537	266	367	492	133	232	355	306	474	283	460	154	338	298	0	410	251	|
|216	374	251	344	406	266	222	19	88	313	144	284	353	372	451	159	543	289	370	396	348	402	112	496	156	337	572	396	410	0	241	|
|26	153	42	148	245	199	52	222	322	94	116	108	229	268	319	198	306	242	152	155	149	169	256	255	223	116	331	163	251	241	0	|

--------------------------------------------------------------------------------
Building model...
	using lazy and cut (CVRPSEP package)
Solving IRP LP...
--------------------------------------------------------------------------------

Gurobi 9.1.0 (linux64) logging started Sun Jan 10 00:10:58 2021

Gurobi Optimizer version 9.1.0 build v9.1.0rc0 (linux64)
Thread count: 32 physical cores, 32 logical processors, using up to 2 threads
Optimize a model with 1129 rows, 4858 columns and 15757 nonzeros
Model fingerprint: 0x16ad1c83
Variable types: 394 continuous, 4464 integer (279 binary)
Coefficient statistics:
  Matrix range     [1e+00, 9e+02]
  Objective range  [1e-02, 7e+02]
  Bounds range     [1e+00, 3e+02]
  RHS range        [3e+01, 5e+03]
Presolve removed 179 rows and 84 columns
Presolve time: 0.08s
Presolved: 950 rows, 4774 columns, 15079 nonzeros
Variable types: 295 continuous, 4479 integer (4192 binary)

Root relaxation: objective 2.349472e+03, 849 iterations, 0.02 seconds

    Nodes    |    Current Node    |     Objective Bounds      |     Work
 Expl Unexpl |  Obj  Depth IntInf | Incumbent    BestBd   Gap | It/Node Time

     0     0 2349.47180    0   89          - 2349.47180      -     -    0s
     0     0 2534.05914    0  100          - 2534.05914      -     -    0s
     0     0 2560.27706    0   99          - 2560.27706      -     -    0s
     0     0 3087.92240    0  136          - 3087.92240      -     -    0s
     0     0 3144.78852    0  132          - 3144.78852      -     -    0s
     0     0 3145.05756    0  128          - 3145.05756      -     -    0s
     0     0 3228.27315    0  161          - 3228.27315      -     -    0s
     0     0 3311.52769    0  217          - 3311.52769      -     -    0s
     0     0 3378.04243    0  226          - 3378.04243      -     -    0s
     0     0 3393.47600    0  225          - 3393.47600      -     -    0s
     0     0 3394.03978    0  181          - 3394.03978      -     -    0s
     0     0 3474.76892    0  177          - 3474.76892      -     -    1s
     0     0 3481.69651    0  244          - 3481.69651      -     -    1s
     0     0 3483.81594    0  259          - 3483.81594      -     -    1s
     0     0 3484.40367    0  218          - 3484.40367      -     -    1s
     0     0 3495.71699    0  250          - 3495.71699      -     -    1s
     0     0 3496.04337    0  227          - 3496.04337      -     -    1s
     0     0 3498.46699    0  261          - 3498.46699      -     -    1s
     0     0 3498.46699    0  235          - 3498.46699      -     -    1s
     0     2 3499.21951    0  231          - 3499.21951      -     -    2s
   101   111 3852.37718   34  230          - 3503.29016      -   218    5s
*  296   290             126    6133.2600000 3503.29016  42.9%   125    7s
*  297   290             126    6038.2600000 3503.29016  42.0%   124    7s
*  299   290             126    6028.2600000 3503.29016  41.9%   124    7s
   384   375 5033.72000  109   10 6028.26000 3503.29016  41.9%   118   10s
   510   506 4147.18985   15  161 6028.26000 3509.64473  41.8%   125   15s
   649   623 4790.85053   67  109 6028.26000 3509.64473  41.8%   128   20s
H  726   661                    5339.6600000 3509.64473  34.3%   128   25s
   754   679 3790.01996   21  362 5339.66000 3654.86338  31.6%   123   30s
   780   698 4878.56432   83  102 5339.66000 3663.83396  31.4%   133   35s
   803   714 3899.03269   38  470 5339.66000 3664.19727  31.4%   129   40s
   815   725 3686.42519   24  435 5339.66000 3674.27051  31.2%   141   45s
   886   774 3855.77186   38  204 5339.66000 3709.03190  30.5%   153   50s
   978   825 3985.94655   60  256 5339.66000 3709.03190  30.5%   157   55s
  1097   925 4264.74981   93  129 5339.66000 3709.03190  30.5%   160   60s
  1211  1006 4197.27677  128  236 5339.66000 3709.03190  30.5%   166   65s
  1409  1147 4556.80865  194  115 5339.66000 3709.03190  30.5%   163   70s
  1641  1331 4856.36909  275   63 5339.66000 3709.03190  30.5%   155   75s
  1921  1446 4925.17870  215  141 5339.66000 3709.03190  30.5%   143   80s
  2021  1465 5214.33648  400   83 5339.66000 3709.03190  30.5%   140   85s
  2329  1474 4075.04615   50  143 5339.66000 3709.92419  30.5%   130   90s
  2568  1690 4724.77784  157   50 5339.66000 3709.92419  30.5%   127   96s
  2826  1762 3803.63400   26  417 5339.66000 3737.69667  30.0%   120  101s
  2984  1839 4147.12036   34  241 5339.66000 3737.69667  30.0%   118  105s
  3208  2018 4151.88781   46   63 5339.66000 3737.69667  30.0%   114  111s
  3292  2172 4384.61610  107  114 5339.66000 3737.69667  30.0%   116  115s
  3522  2451 4942.24850  231   82 5339.66000 3750.91029  29.8%   112  121s
  3786  2678 4469.83315   50  128 5339.66000 3750.91029  29.8%   109  126s
  4058  2845 4510.26715   29   84 5339.66000 3759.33682  29.6%   106  132s
  4193  2981     cutoff   53      5339.66000 3763.17643  29.5%   105  135s
  4479  3231 4371.56538   56  208 5339.66000 3763.17643  29.5%   102  141s
  4598  3263     cutoff  144      5339.66000 3765.51452  29.5%   102  145s
  4720  3424 5027.26415   82   92 5339.66000 3768.16536  29.4%   104  151s
  4959  3718 4635.75194   85  159 5339.66000 3770.98032  29.4%   103  158s
  5187  3741 3925.03734   29  342 5339.66000 3771.64996  29.4%   101  162s
  5210  3863 4408.03517   39  275 5339.66000 3771.64996  29.4%   103  165s
  5462  4023 5161.27351  205  117 5339.66000 3783.84748  29.1%   101  170s
  5570  4291 4431.90734   46  110 5339.66000 3784.65440  29.1%   102  178s
  5797  4386 4094.15186   25  209 5339.66000 3784.65440  29.1%   100  185s
  5969  4696 4492.91303   65  118 5339.66000 3784.65440  29.1%   101  194s
  6113  4696 4711.93131  187   57 5339.66000 3784.65440  29.1%  99.0  195s
  6351  4817 infeasible  307      5339.66000 3790.71368  29.0%  96.8  200s
  6643  5087 4225.68457   33  205 5339.66000 3795.05063  28.9%  96.3  212s
  6692  5165 4517.62552   42   50 5339.66000 3797.05956  28.9%  96.9  216s
  6811  5240     cutoff   64      5339.66000 3806.32204  28.7%  97.4  220s
  6888  5246 4246.35231   37  282 5339.66000 3806.32204  28.7%  98.2  233s
  6894  5410 4342.36158   40  293 5339.66000 3806.32204  28.7%  98.3  238s
  7072  5505 4721.71300  171   41 5339.66000 3807.24119  28.7%  97.4  243s
  7190  5601 4156.19025   36  294 5339.66000 3811.22914  28.6%  97.6  247s
  7294  6022 4031.67228   34  227 5339.66000 3813.51818  28.6%  97.9  254s
  7453  6022 4802.04888  193    7 5339.66000 3813.51818  28.6%  96.7  255s
  7740  6097 3959.38693   29  280 5339.66000 3819.95112  28.5%  94.4  260s
  7825  6188 5293.95445   80   82 5339.66000 3821.02871  28.4%  95.4  265s
  7943  6301 4325.72009   43  199 5339.66000 3829.49844  28.3%  96.2  271s
  8056  6529 4503.15936   78   47 5339.66000 3829.49844  28.3%  97.0  277s
  8302  6785 4561.73921  154   72 5339.66000 3836.95040  28.1%  97.4  284s
  8338  6785 4571.31328  172   79 5339.66000 3836.95040  28.1%  97.3  285s
  8801  6847 4968.16235  186    6 5339.66000 3839.79157  28.1%  94.5  291s
* 8809  5140             189    4997.8300000 3839.79157  23.2%  94.4  291s
  8885  5175 4220.16292   40  208 4997.83000 3841.77767  23.1%  94.7  296s
  8979  5268 4198.84575   29  121 4997.83000 3844.20266  23.1%  95.6  301s
  9080  5359 4696.33808   66   91 4997.83000 3844.20266  23.1%  96.0  307s
  9187  5503 4700.96196   70   30 4997.83000 3853.28069  22.9%  96.5  312s
  9378  5670 4676.46464   58  161 4997.83000 3855.78139  22.9%  96.4  318s
H 9518  3523                    4681.4600000 3855.78139  17.6%  96.0  319s
  9584  3492 4193.07621   42  289 4681.46000 3859.96680  17.5%  96.3  324s
H 9633  3427                    4672.4600000 3859.96680  17.4%  96.6  324s
  9656  3497 4268.73126   45  261 4672.46000 3859.98524  17.4%  97.2  328s
  9779  3564 4463.81989   46  123 4672.46000 3860.77816  17.4%  97.9  334s
  9895  3635 4389.01194   48  235 4672.46000 3862.05097  17.3%  98.8  339s
  9981  3692 4415.41476   46  242 4672.46000 3863.90138  17.3%   100  344s
 10074  3759 4078.13481   42  254 4672.46000 3868.40284  17.2%   101  350s
 10167  3810 4116.47746   43  333 4672.46000 3868.94762  17.2%   101  355s
 10235  3960 4152.96832   37  313 4672.46000 3870.42242  17.2%   103  361s
 10427  4119 4275.59366   36  143 4672.46000 3872.69792  17.1%   103  367s
 10621  4163 4296.71103   32  193 4672.46000 3877.06601  17.0%   103  373s
 10691  4224 4227.84002   31  209 4672.46000 3878.65496  17.0%   104  380s
 10929  4295     cutoff   41      4672.46000 3880.15129  17.0%   103  386s
 11016  4546 4239.78013   39  149 4672.46000 3880.73695  16.9%   103  392s
 11325  4594     cutoff   46      4672.46000 3881.42132  16.9%   103  399s
 11400  4774 4180.73656   29  143 4672.46000 3890.87687  16.7%   103  406s
 11627  4854     cutoff   47      4672.46000 3893.97530  16.7%   103  411s
H11729  4906                    4666.9700000 3894.05844  16.6%   104  418s
 11855  5020 4443.67060   51   72 4666.97000 3896.99594  16.5%   105  424s
 12030  5071 4467.51788   38  201 4666.97000 3907.39447  16.3%   105  430s
 12125  5156 4104.65363   37  257 4666.97000 3911.72919  16.2%   106  436s
 12228  5237 4394.71823   43  173 4666.97000 3912.42372  16.2%   107  441s
 12355  5401 4628.10675   66  117 4666.97000 3918.78064  16.0%   107  448s
 12539  5496 4593.52656   68   74 4666.97000 3920.46042  16.0%   107  454s
 12650  5496 4592.97029   58  128 4666.97000 3922.64506  15.9%   107  455s
 12678  5585 4548.85505   36  193 4666.97000 3923.78958  15.9%   107  461s
 12827  5649 4151.72539   30  223 4666.97000 3925.36488  15.9%   108  467s
 12937  5760     cutoff   61      4666.97000 3929.39383  15.8%   109  473s
 13071  5819 4547.34728   58   73 4666.97000 3930.37996  15.8%   109  479s
 13171  5879     cutoff   45      4666.97000 3933.22779  15.7%   110  485s
 13259  5943 4122.58992   37  190 4666.97000 3934.88425  15.7%   110  491s
 13351  6131 4485.40531   46  199 4666.97000 3938.12004  15.6%   111  498s
 13584  6180 4124.62422   31  281 4666.97000 3943.56375  15.5%   111  504s
 13627  6180 4136.85608   32  245 4666.97000 3944.26160  15.5%   111  505s
 13669  6226 4088.50511   26  216 4666.97000 3945.79438  15.5%   112  511s
 13741  6279 4226.10826   44  341 4666.97000 3947.19613  15.4%   113  517s
 13847  6415 4436.50412   53  312 4666.97000 3948.72333  15.4%   113  523s
 14033  6577 4075.15940   38  357 4666.97000 3953.42209  15.3%   113  531s
 14230  6725 4525.13614   78   46 4666.97000 3954.48728  15.3%   113  538s
 14427  6811     cutoff   53      4666.97000 3954.72281  15.3%   113  545s
 14578  7007 4284.07952   46  109 4666.97000 3956.10700  15.2%   114  553s
H14823  7134                    4664.7000000 3956.66268  15.2%   113  560s
 14999  7219 4576.59678   67   33 4664.70000 3957.47985  15.2%   113  568s
 15171  7293 4209.91817   38  240 4664.70000 3959.18023  15.1%   113  575s
 15291  7390 4623.38554   57   44 4664.70000 3959.76664  15.1%   114  582s
 15409  7505 4201.36532   33  283 4664.70000 3961.03400  15.1%   115  589s
 15558  7505 4579.90365   83   46 4664.70000 3961.15656  15.1%   115  590s
 15580  7601     cutoff   77      4664.70000 3961.98889  15.1%   115  596s
 15719  7671 4385.68984   46  215 4664.70000 3966.10569  15.0%   115  602s
 15853  7754 4184.46194   32  402 4664.70000 3969.14170  14.9%   116  609s
 15900  7754 4309.27329   38  230 4664.70000 3970.06140  14.9%   116  610s
 15961  7827 4393.84438   38  166 4664.70000 3970.52068  14.9%   116  616s
 16099  7928 4071.78294   31  216 4664.70000 3972.33346  14.8%   116  623s
 16230  8123 4501.91344   55   71 4664.70000 3974.61069  14.8%   117  630s
 16469  8311 4137.55005   31  201 4664.70000 3976.08827  14.8%   116  638s
 16692  8421 4506.12744   51   25 4664.70000 3978.56795  14.7%   116  645s
 16841  8539 4550.86000   57   20 4664.70000 3979.31069  14.7%   117  652s
 17022  8608 4589.84679   53  271 4664.70000 3980.44543  14.7%   117  659s
 17120  8755 4223.39447   41  234 4664.70000 3980.83821  14.7%   117  666s
 17323  8867 4298.21049   43   26 4664.70000 3983.72315  14.6%   117  674s
 17496  8982     cutoff   80      4664.70000 3985.24101  14.6%   117  680s
 17652  9125 4312.37700   38  208 4664.70000 3987.19637  14.5%   118  688s
 17922  9315 4427.62304   54  159 4664.70000 3987.44919  14.5%   117  696s
 18155  9359 4624.99998   51   30 4664.70000 3988.51540  14.5%   117  703s
 18282  9471 4182.93049   33  335 4664.70000 3990.20380  14.5%   118  710s
 18452  9576 4222.41757   35  146 4664.70000 3991.46667  14.4%   118  717s
 18587  9747 4528.94035   71   60 4664.70000 3992.20838  14.4%   118  724s
 18627  9747 4560.33869  105   11 4664.70000 3992.20838  14.4%   118  725s
 18812  9837 4336.07416   44   97 4664.70000 3996.09780  14.3%   118  732s
 19008  9972 4346.84738   40  202 4664.70000 3997.88188  14.3%   118  739s
 19207 10026 4599.09957   72   29 4664.70000 3999.96407  14.3%   118  746s
 19281 10082 4272.58462   34  333 4664.70000 4000.10864  14.2%   119  752s
 19377 10186 4582.71551   37  179 4664.70000 4000.10864  14.2%   119  759s
 19560 10288     cutoff   54      4664.70000 4002.69711  14.2%   119  766s
 19727 10405 4609.70580   53  103 4664.70000 4004.82903  14.1%   120  773s
 19913 10533 4479.22505   49  168 4664.70000 4005.84443  14.1%   120  781s
 20089 10687 4385.82646   53  113 4664.70000 4007.29785  14.1%   120  788s
 20315 10802 4526.76672   37  323 4664.70000 4008.45213  14.1%   120  796s
 20469 10958 4284.89438   34   66 4664.70000 4008.91654  14.1%   120  804s
 20510 10958 4383.18118   55   70 4664.70000 4008.91654  14.1%   120  805s
*20702  3024              58    4323.8000000 4008.91654  7.28%   120  805s
 20719  2952     cutoff   34      4323.80000 4009.42298  7.27%   120  811s
 20855  2991     cutoff   39      4323.80000 4011.77608  7.22%   120  819s
 20954  3025     cutoff   57      4323.80000 4013.47372  7.18%   121  825s
 21058  3034 4173.94296   32  182 4323.80000 4015.88606  7.12%   121  832s
 21142  3070 4298.34796   39  236 4323.80000 4016.33777  7.11%   122  839s
 21266  3152 4073.34089   30  142 4323.80000 4019.30943  7.04%   122  846s
 21476  3180 4062.24933   37  358 4323.80000 4020.37642  7.02%   122  853s
 21562  3207 4305.12187   46  340 4323.80000 4021.29685  7.00%   123  859s
 21689  3257     cutoff   49      4323.80000 4022.56317  6.97%   123  866s
 21800  3274     cutoff   33      4323.80000 4023.61780  6.94%   124  873s
 21906  3304 4224.15979   37  234 4323.80000 4024.58516  6.92%   124  879s
 21943  3304 4186.75396   33  266 4323.80000 4025.39904  6.90%   125  880s
 22009  3314 4251.40443   38  235 4323.80000 4026.33968  6.88%   125  886s
 22098  3343 4168.70475   31  284 4323.80000 4028.15478  6.84%   125  894s
H22159  3343                    4323.7999542 4029.93618  6.80%   126  894s
 22193  3363     cutoff   47      4323.79995 4029.96174  6.80%   126  900s
 22291  3381 4304.20432   46  231 4323.79995 4031.48806  6.76%   126  907s
 22383  3464 4170.15070   34  130 4323.79995 4032.47450  6.74%   127  914s
 22478  3464 4269.28623   56   19 4323.79995 4032.47450  6.74%   127  915s
 22563  3501     cutoff   68      4323.79995 4035.54099  6.67%   127  986s
 22674  3524 4291.59472   39  249 4323.79995 4037.79357  6.61%   127  994s
 22760  3539     cutoff   44      4323.79995 4038.14259  6.61%   128 1001s
 22846  3555 4265.74705   35  105 4323.79995 4039.39811  6.58%   129 1008s
H22954  3583                    4323.7998781 4041.30394  6.53%   129 1016s
 23093  3619     cutoff   39      4323.79988 4045.64936  6.43%   129 1024s
 23259  3664 4204.18066   45  275 4323.79988 4046.36194  6.42%   130 1031s
 23389  3702     cutoff   38      4323.79988 4048.16944  6.37%   130 1039s
 23519  3732     cutoff   38      4323.79988 4049.46825  6.34%   130 1047s
 23638  3771     cutoff   36      4323.79988 4050.59012  6.32%   131 1054s
H23741  3796                    4323.7998194 4051.73783  6.29%   131 1062s
 23842  3811 4320.38784   29  364 4323.79982 4052.42240  6.28%   132 1069s
 23897  3811 4305.70974   42   86 4323.79982 4053.35794  6.25%   132 1070s
 23961  3843 4303.42341   43  301 4323.79982 4053.75938  6.25%   133 1077s
 24096  3869 4308.02379   51  257 4323.79982 4055.95618  6.19%   133 1085s
 24233  3878 4301.95278   40   51 4323.79982 4056.96007  6.17%   133 1092s
 24342  3898 4291.54867   31  182 4323.79982 4057.67757  6.15%   134 1100s
 24448  3913 4271.40922   37   83 4323.79982 4058.66420  6.13%   134 1107s
 24565  3940     cutoff   30      4323.79982 4060.83928  6.08%   135 1115s
 24695  3977 4260.67211   38  230 4323.79982 4062.52298  6.04%   135 1123s
 24844  4036     cutoff   37      4323.79982 4065.01063  5.99%   136 1131s
 24986  4055     cutoff   38      4323.79982 4067.72197  5.92%   136 1139s
 25103  4090 4208.45257   36  303 4323.79982 4069.51656  5.88%   136 1147s
 25233  4116     cutoff   38      4323.79982 4069.83787  5.87%   137 1155s
 25357  4149 4222.21187   45  326 4323.79982 4071.28254  5.84%   137 1162s
 25512  4163 4248.85720   36  247 4323.79982 4072.67455  5.81%   138 1171s
 25628  4201     cutoff   34      4323.79982 4073.29970  5.79%   138 1179s
 25773  4250 4194.32006   40  147 4323.79982 4075.10890  5.75%   138 1187s
 25952  4285 4300.78361   43  106 4323.79982 4076.68273  5.72%   138 1195s
 26090  4330     cutoff   42      4323.79982 4078.39508  5.68%   139 1203s
 26234  4359 4200.67003   38  269 4323.79982 4079.95948  5.64%   139 1211s
 26361  4417 4130.57441   37  189 4323.79982 4080.99320  5.62%   140 1219s
 26523  4443 4156.76341   36  300 4323.79982 4081.87079  5.60%   140 1228s
 26668  4465     cutoff   43      4323.79982 4083.10193  5.57%   140 1236s
 26799  4521 4207.25620   37  131 4323.79982 4084.37693  5.54%   141 1243s
 26963  4517 4292.72663   35  343 4323.79982 4085.68291  5.51%   141 1252s
 27068  4578 4274.21129   38  210 4323.79982 4087.38424  5.47%   141 1259s
 27237  4617 4298.87279   43  256 4323.79982 4089.34035  5.42%   142 1268s
 27421  4624 4217.91188   33  196 4323.79982 4091.24768  5.38%   142 1276s
 27546  4640 4283.21852   41  277 4323.79982 4092.81397  5.34%   142 1284s
 27596  4640 4285.25872   34  157 4323.79982 4093.68433  5.32%   142 1285s
 27660  4686 4278.25464   41  226 4323.79982 4093.68798  5.32%   143 1293s
 27830  4744 4319.44009   35  370 4323.79982 4094.86321  5.29%   143 1301s
 28012  4753     cutoff   37      4323.79982 4096.05876  5.27%   143 1310s
 28115  4780     cutoff   50      4323.79982 4096.71315  5.25%   144 1317s
 28241  4800     cutoff   47      4323.79982 4098.32777  5.21%   144 1326s
 28353  4836 4289.00174   34  225 4323.79982 4099.39435  5.19%   144 1334s
 28451  4836     cutoff   46      4323.79982 4100.22214  5.17%   144 1335s
 28537  4844 4173.88143   32  286 4323.79982 4100.54731  5.16%   144 1343s
 28671  4863     cutoff   36      4323.79982 4102.29684  5.12%   145 1351s
 28800  4871 4302.00594   39  229 4323.79982 4103.50517  5.09%   145 1360s
 28929  4903 4247.23222   36  293 4323.79982 4104.61697  5.07%   146 1368s
 29057  4943     cutoff   44      4323.79982 4105.67208  5.04%   146 1377s
 29251  4956     cutoff   40      4323.79982 4107.15341  5.01%   146 1386s
 29400  4976 4206.14239   33  190 4323.79982 4108.82133  4.97%   146 1394s
 29529  5020 4295.44713   49  169 4323.79982 4109.47131  4.96%   147 1403s
 29704  5038     cutoff   60      4323.79982 4109.86493  4.95%   147 1411s
 29837  5064     cutoff   38      4323.79982 4111.06220  4.92%   147 1419s
 29987  5096 4314.30348   39  313 4323.79982 4111.53405  4.91%   148 1428s
 30142  5112 4319.74500   41   28 4323.79982 4112.09979  4.90%   148 1436s
 30290  5121 4205.76815   36  240 4323.79982 4113.29155  4.87%   148 1444s
 30411  5147     cutoff   38      4323.79982 4114.61941  4.84%   149 1452s
 30592  5167 4317.69381   38  160 4323.79982 4115.97096  4.81%   149 1460s
 30754  5194 infeasible   48      4323.79982 4117.06183  4.78%   149 1469s
 30893  5194 4284.53121   37  196 4323.79982 4117.82522  4.76%   149 1477s
*31054  5021              43    4313.3900000 4119.28046  4.50%   149 1478s
 31072  5047     cutoff   35      4313.39000 4119.38221  4.50%   149 1486s
 31238  5084 4255.59226   40  307 4313.39000 4120.25678  4.48%   150 1495s
 31409  5092     cutoff   65      4313.39000 4121.73014  4.44%   150 1504s
 31549  5109     cutoff   34      4313.39000 4123.64005  4.40%   150 1512s
 31718  5124 4263.81465   41  258 4313.39000 4124.63736  4.38%   150 1521s
 31900  5170 4226.25951   36  264 4313.39000 4125.63108  4.35%   151 1529s
 32076  5163 4281.14518   38  287 4313.39000 4126.67854  4.33%   151 1539s
 32207  5182 4312.69185   35  303 4313.39000 4127.37576  4.31%   151 1547s
 32353  5180 4234.28926   35  337 4313.39000 4128.95284  4.28%   151 1556s
 32451  5181 4287.34143   37  244 4313.39000 4129.55141  4.26%   152 1564s
 32580  5199     cutoff   35      4313.39000 4130.26888  4.25%   152 1573s
 32741  5222     cutoff   39      4313.39000 4130.96958  4.23%   152 1582s
 32912  5232     cutoff   41      4313.39000 4132.27216  4.20%   152 1591s
 33063  5255 4269.14591   37  206 4313.39000 4132.97146  4.18%   153 1599s
 33202  5292 4305.04607   37  226 4313.39000 4133.86029  4.16%   153 1608s
 33430  5298     cutoff   37      4313.39000 4134.77533  4.14%   153 1618s
 33561  5323     cutoff   40      4313.39000 4135.39674  4.13%   153 1626s
 33756  5326     cutoff   43      4313.39000 4136.34617  4.10%   153 1635s
 33909  5329 4250.16681   37  205 4313.39000 4137.29866  4.08%   154 1645s
 34075  5370 4196.98303   32  237 4313.39000 4137.77927  4.07%   154 1654s
 34289  5387 4195.35137   31  211 4313.39000 4139.75998  4.03%   154 1662s
 34457  5404 4304.40001   35  263 4313.39000 4141.17568  3.99%   154 1671s
 34615  5393 4266.19249   45  211 4313.39000 4141.94608  3.97%   154 1679s
 34760  5392     cutoff   39      4313.39000 4143.62988  3.94%   155 1688s
 34913  5400 4271.95229   33  257 4313.39000 4144.36937  3.92%   155 1697s
 35094  5390     cutoff   41      4313.39000 4145.26147  3.90%   155 1705s
 35241  5389 4252.70281   40  291 4313.39000 4146.53137  3.87%   155 1714s
 35376  5386 4303.69169   38  211 4313.39000 4147.73635  3.84%   156 1723s
 35519  5397 4217.18317   31  274 4313.39000 4149.09021  3.81%   156 1732s
 35713  5411     cutoff   37      4313.39000 4150.19951  3.78%   156 1741s
 35939  5408     cutoff   38      4313.39000 4151.17288  3.76%   156 1750s
 36129  5414     cutoff   43      4313.39000 4151.94585  3.74%   156 1760s
 36259  5427 4203.85613   38  292 4313.39000 4152.69319  3.73%   156 1768s
 36428  5463 4287.74371   35   69 4313.39000 4153.88117  3.70%   157 1778s
 36645  5485 4205.48454   41  267 4313.39000 4154.59425  3.68%   157 1787s
 36827  5507     cutoff   31      4313.39000 4155.18342  3.67%   157 1796s
 37006  5509     cutoff   39      4313.39000 4156.11335  3.65%   157 1805s
 37168  5497 4273.59577   37  152 4313.39000 4157.99914  3.60%   157 1814s
 37331  5497 4250.24399   39  161 4313.39000 4158.98316  3.58%   157 1823s
 37483  5494     cutoff   36      4313.39000 4160.24913  3.55%   157 1832s
 37647  5495     cutoff   38      4313.39000 4161.07140  3.53%   158 1841s
 37810  5529     cutoff   32      4313.39000 4161.97355  3.51%   158 1851s
 38048  5522 4253.35157   34  155 4313.39000 4163.08994  3.48%   158 1860s
 38216  5543     cutoff   35      4313.39000 4164.06228  3.46%   158 1870s
 38412  5541 4209.05191   37  108 4313.39000 4165.11354  3.44%   158 1879s
 38605  5566     cutoff   41      4313.39000 4166.11991  3.41%   158 1889s
 38802  5557 4271.78588   39  174 4313.39000 4167.17678  3.39%   158 1898s
 38965  5544 4290.10148   37  297 4313.39000 4168.07309  3.37%   158 1908s
 39109  5549     cutoff   35      4313.39000 4169.26447  3.34%   159 1921s
 39409  5556 4259.41999   36  261 4313.39000 4171.24228  3.30%   159 1931s
*39477  5429              58    4307.6800000 4171.24228  3.17%   159 1931s
 39619  5441 4301.25599   36   88 4307.68000 4172.30394  3.14%   159 1940s
 39845  5433     cutoff   41      4307.68000 4173.55005  3.11%   159 1950s
 40036  5425 4284.52748   43  100 4307.68000 4174.34287  3.10%   159 1960s
 40236  5414 4293.29593   38  156 4307.68000 4175.32390  3.07%   159 1971s
 40466  5402     cutoff   42      4307.68000 4176.52868  3.04%   159 1981s
 40672  5418 4274.74571   35  289 4307.68000 4178.13927  3.01%   159 1991s
 40907  5394 4299.45837   48   21 4307.68000 4179.21510  2.98%   159 2001s
 41108  5388     cutoff   36      4307.68000 4180.91733  2.94%   159 2012s
 41326  5384 4288.04789   36  184 4307.68000 4183.06487  2.89%   159 2022s
 41559  5391     cutoff   40      4307.68000 4184.17380  2.87%   160 2032s
 41803  5390 4250.79682   42   37 4307.68000 4185.46127  2.84%   160 2042s
 42008  5392     cutoff   40      4307.68000 4186.58669  2.81%   160 2052s
 42297  5383     cutoff   32      4307.68000 4187.73452  2.78%   159 2062s
 42498  5373 4303.04471   32  251 4307.68000 4188.61768  2.76%   160 2072s
 42681  5373 4264.99836   45  221 4307.68000 4189.87733  2.73%   160 2081s
 42916  5368     cutoff   44      4307.68000 4191.10781  2.71%   160 2091s
 43187  5361 4295.00745   41   57 4307.68000 4192.31800  2.68%   159 2101s
 43416  5369     cutoff   46      4307.68000 4193.48744  2.65%   159 2111s
 43657  5351     cutoff   34      4307.68000 4194.70921  2.62%   159 2120s
 43880  5332     cutoff   38      4307.68000 4195.75389  2.60%   159 2130s
 44087  5317     cutoff   46      4307.68000 4196.37366  2.58%   159 2140s
 44290  5295 4210.59754   32  153 4307.68000 4197.46839  2.56%   159 2150s
 44477  5286 4228.96022   34  111 4307.68000 4198.30814  2.54%   159 2160s
 44680  5285     cutoff   36      4307.68000 4199.54102  2.51%   160 2169s
 44789  5285 4280.72994   43   85 4307.68000 4199.54102  2.51%   159 2170s
 44964  5304 4239.60012   38   34 4307.68000 4200.74501  2.48%   159 2180s
*45162  3797              50    4272.4100000 4201.88723  1.65%   159 2180s
 45257  3702     cutoff   33      4272.41000 4202.20312  1.64%   159 2189s
 45393  3702     cutoff   49      4272.41000 4202.77460  1.63%   159 2190s
 45523  3644     cutoff   40      4272.41000 4204.51446  1.59%   159 2197s
 45742  3587 4233.98712   31  162 4272.41000 4206.30910  1.55%   159 2205s
 45956  3537 4247.01316   44  216 4272.41000 4208.25768  1.50%   159 2213s
 46175  3463     cutoff   34      4272.41000 4210.10381  1.46%   159 2220s
 46394  3394 4256.17439   34  169 4272.41000 4211.79991  1.42%   159 2228s
 46611  3312     cutoff   45      4272.41000 4213.42891  1.38%   158 2235s
 46827  3249     cutoff   43      4272.41000 4215.78167  1.33%   158 2243s
 47066  3175 infeasible   47      4272.41000 4216.94034  1.30%   158 2251s
 47298  3078     cutoff   35      4272.41000 4219.05287  1.25%   158 2258s
 47574  2971 4244.48053   35  224 4272.41000 4221.32117  1.20%   157 2265s
 47803  2870     cutoff   34      4272.41000 4223.19675  1.15%   157 2273s
 48120  2757     cutoff   46      4272.41000 4225.63814  1.09%   157 2281s
 48365  2623     cutoff   41      4272.41000 4227.46267  1.05%   157 2288s
 48664  2525     cutoff   43      4272.41000 4229.52280  1.00%   156 2294s
 48930  2376 4237.97050   40  118 4272.41000 4231.19410  0.96%   156 2301s
 49215  2243     cutoff   39      4272.41000 4233.54918  0.91%   155 2308s
 49493  2109     cutoff   35      4272.41000 4235.80279  0.86%   155 2314s
 49773  1958     cutoff   40      4272.41000 4237.87974  0.81%   155 2321s
 50031  1780     cutoff   43      4272.41000 4240.42761  0.75%   154 2327s
 50305  1585     cutoff   40      4272.41000 4243.28859  0.68%   154 2332s
 50615  1370     cutoff   35      4272.41000 4246.14628  0.61%   153 2339s
 50930  1134     cutoff   39      4272.41000 4249.64415  0.53%   153 2344s
 51240   875     cutoff   38      4272.41000 4253.54144  0.44%   152 2349s
 51560   591     cutoff   45      4272.41000 4257.78070  0.34%   152 2353s
 51873   277     cutoff   44      4272.41000 4262.04747  0.24%   151 2356s

Cutting planes:
  User: 3396
  Gomory: 24
  Cover: 249
  Implied bound: 23
  Clique: 6
  MIR: 104
  StrongCG: 8
  Flow cover: 252
  Inf proof: 2
  Zero half: 8
  Network: 6
  RLT: 162
  Relax-and-lift: 7
  Lazy constraints: 1162

Explored 52487 nodes (7848161 simplex iterations) in 2358.72 seconds
Thread count was 2 (of 32 available processors)

Solution count 10: 4272.41 4307.68 4313.39 ... 4997.83

Optimal solution found (tolerance 1.00e-04)
Best objective 4.272410000000e+03, best bound 4.272410000000e+03, gap 0.0000%

User-callback calls 235448, time in user-callback 129.22 sec
================================================================================
executing instance: ./input/Instances/Original/4/absH3low_3n10.dat
--------------------------------------------------------------------------------
Instance details
n	11
H	3
C	687
Li:
[0, 0, 0, 0, 0, 0, 0, 0, 0, 0, 0, ]
Ui:
[0, 189, 44, 174, 78, 36, 198, 117, 42, 96, 240, ]
Distance matrix:
|0	209	255	286	142	156	285	317	182	161	135	|
|209	0	464	451	315	356	490	469	361	299	260	|
|255	464	0	221	202	130	74	280	189	254	273	|
|286	451	221	0	145	156	164	479	354	153	192	|
|142	315	202	145	0	73	194	388	250	53	73	|
|156	356	130	156	73	0	134	332	200	127	144	|
|285	490	74	164	194	134	0	353	256	239	267	|
|317	469	280	479	388	332	353	0	141	436	430	|
|182	361	189	354	250	200	256	141	0	296	289	|
|161	299	254	153	53	127	239	436	296	0	39	|
|135	260	273	192	73	144	267	430	289	39	0	|

--------------------------------------------------------------------------------
Building model...
	using lazy and cut (CVRPSEP package)
Solving IRP LP...
--------------------------------------------------------------------------------

Gurobi 9.1.0 (linux64) logging started Sun Jan 10 00:50:17 2021

Gurobi Optimizer version 9.1.0 build v9.1.0rc0 (linux64)
Thread count: 32 physical cores, 32 logical processors, using up to 2 threads
Optimize a model with 389 rows, 728 columns and 2567 nonzeros
Model fingerprint: 0xf6e19992
Variable types: 134 continuous, 594 integer (99 binary)
Coefficient statistics:
  Matrix range     [1e+00, 2e+02]
  Objective range  [1e-02, 5e+02]
  Bounds range     [1e+00, 2e+02]
  RHS range        [2e+01, 1e+03]
Presolve removed 71 rows and 31 columns
Presolve time: 0.02s
Presolved: 318 rows, 697 columns, 2274 nonzeros
Variable types: 99 continuous, 598 integer (502 binary)
Found heuristic solution: objective 6333.4500000
Found heuristic solution: objective 6171.4500000

Root relaxation: objective 1.472052e+03, 393 iterations, 0.01 seconds

    Nodes    |    Current Node    |     Objective Bounds      |     Work
 Expl Unexpl |  Obj  Depth IntInf | Incumbent    BestBd   Gap | It/Node Time

     0     0 1472.05243    0   43 6171.45000 1472.05243  76.1%     -    0s
     0     0 1610.06862    0   40 6171.45000 1610.06862  73.9%     -    0s
H    0     0                    4514.7100000 1610.06862  64.3%     -    0s
     0     0 1621.72332    0   32 4514.71000 1621.72332  64.1%     -    0s
     0     0 1933.57440    0   60 4514.71000 1933.57440  57.2%     -    0s
     0     0 2031.22342    0   84 4514.71000 2031.22342  55.0%     -    0s
     0     0 2031.50903    0   92 4514.71000 2031.50903  55.0%     -    0s
     0     0 2031.51820    0   93 4514.71000 2031.51820  55.0%     -    0s
     0     0 2117.01373    0   87 4514.71000 2117.01373  53.1%     -    0s
H    0     0                    4319.2100000 2117.01373  51.0%     -    0s
     0     0 2118.20973    0   90 4319.21000 2118.20973  51.0%     -    0s
     0     0 2118.20973    0   91 4319.21000 2118.20973  51.0%     -    0s
     0     0 2247.53103    0   94 4319.21000 2247.53103  48.0%     -    0s
H    0     0                    4268.4900000 2247.53103  47.3%     -    0s
     0     0 2253.46523    0  120 4268.49000 2253.46523  47.2%     -    0s
     0     0 2256.20827    0  118 4268.49000 2256.20827  47.1%     -    0s
     0     0 2256.31729    0  118 4268.49000 2256.31729  47.1%     -    0s
     0     0 2269.34037    0  107 4268.49000 2269.34037  46.8%     -    0s
H    0     0                    3015.1000000 2269.34037  24.7%     -    0s
     0     0 2292.70168    0  126 3015.10000 2292.70168  24.0%     -    0s
     0     0 2294.08984    0  140 3015.10000 2294.08984  23.9%     -    0s
     0     0 2294.32751    0  139 3015.10000 2294.32751  23.9%     -    0s
     0     0 2317.61032    0  145 3015.10000 2317.61032  23.1%     -    0s
H    0     0                    2735.3600000 2317.61032  15.3%     -    0s
     0     0 2322.15857    0  150 2735.36000 2322.15857  15.1%     -    0s
     0     0 2322.33410    0  151 2735.36000 2322.33410  15.1%     -    0s
     0     0 2325.69322    0  152 2735.36000 2325.69322  15.0%     -    0s
     0     0 2326.26487    0  168 2735.36000 2326.26487  15.0%     -    0s
     0     0 2326.66389    0  150 2735.36000 2326.66389  14.9%     -    0s
     0     0 2326.66389    0  150 2735.36000 2326.66389  14.9%     -    0s
     0     2 2327.10856    0  150 2735.36000 2327.10856  14.9%     -    0s
H  242   162                    2734.1000000 2381.21836  12.9%  39.9    1s

Cutting planes:
  User: 95
  Gomory: 3
  Cover: 121
  Implied bound: 22
  Clique: 11
  MIR: 70
  StrongCG: 1
  Flow cover: 107
  Inf proof: 1
  Network: 2
  RLT: 117
  Relax-and-lift: 8
  Lazy constraints: 6

Explored 1546 nodes (75141 simplex iterations) in 3.76 seconds
Thread count was 2 (of 32 available processors)

Solution count 8: 2734.1 2735.36 3015.1 ... 6333.45

Optimal solution found (tolerance 1.00e-04)
Best objective 2.734100000000e+03, best bound 2.734100000000e+03, gap 0.0000%

