




arguments: ./build/mirp_solver -f ./input/orig_exec_167.cfg
Current dir: /scratch/gui/bnc_mirp
File verbosity level: 9
date       time         ( uptime  ) [ thread name/id ]                   file:line     v| 
2021-01-10 04:01:45.569 (   0.080s) [main thread     ]             loguru.cpp:789   INFO| Logging to './output/vi_lex_full/OU/V2/Original/execution_10_01_2021_04_01_45.log', mode: 'a', verbosity: 9
--------------------------------------------------------------------------------
Parameters
                           instance_path           ./input/Instances/Original/5/
                            model_policy                                       1
                             nb_vehicles                                       2
                              output_dir    ./output/vi_lex_full/OU/V2/Original/
                            sec_strategy                                       1
                       solver_nb_threads                                       2
                         solver_show_log                                    true
                       solver_time_limit                                    3600
                              use_vi_cos                                   false
                              use_vi_cus                                   false
                         use_vi_hc1_full                                   false
                         use_vi_hc1_half                                   false
                      use_vi_hc1_quarter                                   false
                              use_vi_hc2                                   false
                              use_vi_hc3                                   false
                         use_vi_lex_full                                    true
                         use_vi_lex_half                                   false
                      use_vi_lex_quarter                                   false
                              use_vi_qua                                   false
                               use_vi_vc                                   false
                               use_vi_vr                                   false
--------------------------------------------------------------------------------
executing instance: ./input/Instances/Original/5/absH3low_4n50.dat
--------------------------------------------------------------------------------
Instance details
n	51
H	3
C	4066
Li:
[0, 0, 0, 0, 0, 0, 0, 0, 0, 0, 0, 0, 0, 0, 0, 0, 0, 0, 0, 0, 0, 0, 0, 0, 0, 0, 0, 0, 0, 0, 0, 0, 0, 0, 0, 0, 0, 0, 0, 0, 0, 0, 0, 0, 0, 0, 0, 0, 0, 0, 0, ]
Ui:
[0, 108, 126, 122, 66, 120, 48, 30, 128, 54, 158, 198, 36, 66, 210, 234, 147, 297, 171, 128, 116, 120, 219, 70, 294, 207, 134, 128, 234, 122, 22, 183, 195, 255, 132, 124, 66, 189, 219, 66, 128, 102, 288, 66, 87, 136, 36, 39, 282, 36, 237, ]
Distance matrix:
|0	210	444	498	509	104	438	228	487	304	456	434	526	476	163	47	293	396	293	290	313	85	280	437	293	336	409	106	449	376	433	478	193	404	404	534	278	181	380	507	189	438	263	473	353	216	202	218	452	254	465	|
|210	0	299	507	359	106	345	409	358	411	320	402	555	448	136	200	289	264	306	427	141	222	83	348	264	320	283	303	380	208	258	357	170	348	475	542	243	347	355	379	65	479	172	373	355	251	112	229	402	210	300	|
|444	299	0	363	65	358	116	542	66	440	26	241	425	272	282	407	251	51	276	490	159	397	224	124	217	237	48	490	170	99	83	74	261	180	430	385	214	479	231	85	270	390	184	116	271	300	409	276	210	215	54	|
|498	507	363	0	385	482	246	424	326	254	343	123	63	93	388	452	221	337	211	314	428	414	480	239	243	187	324	463	194	418	438	307	346	188	156	36	264	392	156	326	444	87	340	258	154	286	603	294	153	297	417	|
|509	359	65	385	0	422	145	602	59	492	59	269	448	292	348	472	305	115	329	545	218	462	281	152	274	286	106	554	192	153	116	78	326	216	472	403	274	540	271	63	334	425	249	127	316	361	468	337	233	278	69	|
|104	106	358	482	422	0	372	309	408	337	374	396	521	441	98	96	262	314	271	342	215	124	177	373	249	302	329	198	394	281	337	402	139	353	419	518	230	250	343	428	90	437	188	405	328	200	134	188	406	199	372	|
|438	345	116	246	145	372	0	485	87	357	97	126	309	155	279	394	180	101	200	414	223	373	288	8	157	150	84	459	53	188	196	68	245	72	328	269	165	427	128	97	297	280	184	36	175	250	456	233	94	184	170	|
|228	409	542	424	602	309	485	0	561	170	544	419	424	446	298	214	305	491	286	115	462	187	457	480	331	339	496	124	470	510	565	545	295	424	279	454	329	66	376	576	363	340	370	520	330	242	429	266	453	328	581	|
|487	358	66	326	59	408	87	561	0	441	40	211	389	233	324	446	258	95	281	497	220	431	287	95	230	234	79	522	133	164	146	19	297	160	415	344	233	500	215	21	323	367	224	68	261	320	470	299	174	242	106	|
|304	411	440	254	492	337	357	170	441	0	434	266	255	286	275	266	189	392	164	63	408	225	428	351	224	207	392	234	330	438	484	424	250	287	112	284	232	149	233	453	349	170	302	389	185	168	471	195	305	248	487	|
|456	320	26	343	59	374	97	544	40	434	0	223	406	252	294	418	247	60	271	487	181	405	247	105	215	229	49	498	149	124	109	48	270	165	419	364	215	482	218	60	288	375	194	92	261	302	431	279	190	220	75	|
|434	402	241	123	269	396	126	419	211	266	223	0	185	46	298	387	140	213	145	328	310	355	366	118	147	97	201	425	78	295	315	191	256	65	211	151	166	371	53	215	343	157	231	145	90	220	505	217	41	198	295	|
|526	555	425	63	448	521	309	424	389	255	406	185	0	156	430	481	266	398	252	310	485	442	534	301	293	237	386	480	257	478	500	370	390	249	145	55	313	401	212	389	491	89	392	321	201	322	646	334	216	345	479	|
|476	448	272	93	292	441	155	446	233	286	252	46	156	0	343	429	183	250	184	348	353	396	411	148	192	140	236	461	102	334	350	214	302	106	214	113	212	402	98	233	389	151	277	165	125	261	551	260	62	244	325	|
|163	136	282	388	348	98	279	298	324	275	294	298	430	343	0	124	167	234	178	296	167	121	162	279	151	205	247	216	297	224	280	316	42	256	340	423	132	232	246	344	74	349	100	314	233	115	216	97	308	101	307	|
|47	200	407	452	472	96	394	214	446	266	418	387	481	429	124	0	246	358	245	259	284	41	261	392	247	289	370	103	403	345	402	436	150	358	361	488	232	158	333	466	165	393	223	430	306	168	217	171	406	210	431	|
|293	289	251	221	305	262	180	305	258	189	247	140	266	183	167	246	0	204	26	240	238	215	276	175	37	43	203	289	169	255	297	242	125	122	202	257	52	248	87	272	225	191	134	215	67	80	382	77	163	81	298	|
|396	264	51	337	115	314	101	491	95	392	60	213	398	250	234	358	204	0	229	442	130	347	196	108	169	194	19	440	152	87	102	93	211	149	390	363	165	428	194	116	228	355	134	117	230	250	376	225	189	164	95	|
|293	306	276	211	329	271	200	286	281	164	271	145	252	184	178	245	26	229	0	216	262	212	297	195	63	53	228	280	184	280	323	264	138	137	178	248	76	232	95	294	241	173	156	234	60	77	395	83	172	102	324	|
|290	427	490	314	545	342	414	115	497	63	487	328	310	348	296	259	240	442	216	0	443	220	456	408	273	264	443	204	390	479	529	480	278	346	165	343	278	115	293	509	369	229	340	447	244	202	473	230	366	288	536	|
|313	141	159	428	218	215	223	462	220	408	181	310	485	353	167	284	238	130	262	443	0	288	67	228	202	252	149	382	267	67	122	221	168	247	440	459	186	396	273	241	125	423	107	245	291	242	251	214	297	162	160	|
|85	222	397	414	462	124	373	187	431	225	405	355	442	396	121	41	215	347	212	220	288	0	273	371	221	258	357	95	378	344	401	420	136	331	321	450	208	126	302	450	177	353	213	409	272	136	253	143	377	190	426	|
|280	83	224	480	281	177	288	457	287	428	247	366	534	411	162	261	276	196	297	456	67	273	0	292	243	298	215	363	329	128	176	288	179	305	475	513	224	392	324	307	96	466	143	311	335	261	187	235	357	195	219	|
|437	348	124	239	152	373	8	480	95	351	105	118	301	148	279	392	175	108	195	408	228	371	292	0	154	144	91	456	46	194	203	76	244	65	320	261	163	423	121	103	299	273	185	40	168	247	459	230	86	183	178	|
|293	264	217	243	274	249	157	331	230	224	215	147	293	192	151	247	37	169	63	273	202	221	243	154	0	57	170	303	157	217	260	215	110	111	238	278	21	271	94	245	201	223	100	193	92	93	362	78	160	54	263	|
|336	320	237	187	286	302	150	339	234	207	229	97	237	140	205	289	43	194	53	264	252	258	298	144	57	0	190	331	131	257	294	216	163	84	197	221	77	285	44	246	258	172	155	183	39	123	418	119	120	110	288	|
|409	283	48	324	106	329	84	496	79	392	49	201	386	236	247	370	203	19	228	443	149	357	215	91	170	190	0	449	136	105	114	75	221	138	384	349	168	434	185	99	245	346	146	98	224	255	394	231	174	171	99	|
|106	303	490	463	554	198	459	124	522	234	498	425	480	461	216	103	289	440	280	204	382	95	363	456	303	331	449	0	458	439	496	510	229	410	344	498	293	89	374	540	267	391	307	495	336	211	308	226	451	280	520	|
|449	380	170	194	192	394	53	470	133	330	149	78	257	102	297	403	169	152	184	390	267	378	329	46	157	131	136	458	0	238	249	114	259	47	287	216	171	416	96	137	327	235	211	67	145	247	488	235	41	197	223	|
|376	208	99	418	153	281	188	510	164	438	124	295	478	334	224	345	255	87	280	479	67	344	128	194	217	257	105	439	238	0	57	169	216	230	453	445	206	445	268	184	191	427	141	202	296	278	315	250	274	191	92	|
|433	258	83	438	116	337	196	565	146	484	109	315	500	350	280	402	297	102	323	529	122	401	176	203	260	294	114	496	249	57	0	157	271	252	490	463	251	499	296	162	247	457	195	199	331	329	362	302	288	241	47	|
|478	357	74	307	78	402	68	545	19	424	48	191	370	214	316	436	242	93	264	480	221	420	288	76	215	216	75	510	114	169	157	0	287	141	396	325	219	485	196	31	319	347	216	49	243	306	469	286	154	230	120	|
|193	170	261	346	326	139	245	295	297	250	270	256	390	302	42	150	125	211	138	278	168	136	179	244	110	163	221	229	259	216	271	287	0	216	305	382	91	229	204	316	105	310	78	280	192	83	257	60	268	62	292	|
|404	348	180	188	216	353	72	424	160	287	165	65	249	106	256	358	122	149	137	346	247	331	305	65	111	84	138	410	47	230	252	141	216	0	255	215	126	369	56	168	292	210	177	102	103	200	454	189	54	155	234	|
|404	475	430	156	472	419	328	279	415	112	419	211	145	214	340	361	202	390	178	165	440	321	475	320	238	197	384	344	287	453	490	396	305	255	0	181	254	261	201	422	410	69	335	353	160	225	551	246	252	280	482	|
|534	542	385	36	403	518	269	454	344	284	364	151	55	113	423	488	257	363	248	343	459	450	513	261	278	221	349	498	216	445	463	325	382	215	181	0	298	425	189	342	479	115	373	276	190	323	638	330	175	332	439	|
|278	243	214	264	274	230	165	329	233	232	215	166	313	212	132	232	52	165	76	278	186	208	224	163	21	77	168	293	171	206	251	219	91	126	254	298	0	267	114	250	181	242	82	202	112	88	341	68	177	33	258	|
|181	347	479	392	540	250	427	66	500	149	482	371	401	402	232	158	248	428	232	115	396	126	392	423	271	285	434	89	416	445	499	485	229	369	261	425	267	0	325	516	298	313	305	463	281	180	375	203	403	264	516	|
|380	355	231	156	271	343	128	376	215	233	218	53	212	98	246	333	87	194	95	293	273	302	324	121	94	44	185	374	96	268	296	196	204	56	201	189	114	325	0	224	294	161	185	157	49	167	455	163	78	147	284	|
|507	379	85	326	63	428	97	576	21	453	60	215	389	233	344	466	272	116	294	509	241	450	307	103	245	246	99	540	137	184	162	31	316	168	422	342	250	516	224	0	344	371	244	70	271	337	490	317	176	261	120	|
|189	65	270	444	334	90	297	363	323	349	288	343	491	389	74	165	225	228	241	369	125	177	96	299	201	258	245	267	327	191	247	319	105	292	410	479	181	298	294	344	0	414	116	328	291	187	163	165	345	147	282	|
|438	479	390	87	425	437	280	340	367	170	375	157	89	151	349	393	191	355	173	229	423	353	466	273	223	172	346	391	235	427	457	347	310	210	69	115	242	313	161	371	414	0	323	301	133	238	565	253	197	273	444	|
|263	172	184	340	249	188	184	370	224	302	194	231	392	277	100	223	134	134	156	340	107	213	143	185	100	155	146	307	211	141	195	216	78	177	335	373	82	305	185	244	116	323	0	217	192	138	278	110	230	55	214	|
|473	373	116	258	127	405	36	520	68	389	92	145	321	165	314	430	215	117	234	447	245	409	311	40	193	183	98	495	67	202	199	49	280	102	353	276	202	463	157	70	328	301	217	0	205	286	485	269	106	220	167	|
|353	355	271	154	316	328	175	330	261	185	261	90	201	125	233	306	67	230	60	244	291	272	335	168	92	39	224	336	145	296	331	243	192	103	160	190	112	281	49	271	291	133	192	205	0	138	449	141	123	145	323	|
|216	251	300	286	361	200	250	242	320	168	302	220	322	261	115	168	80	250	77	202	242	136	261	247	93	123	255	211	247	278	329	306	83	200	225	323	88	180	167	337	187	238	138	286	138	0	328	28	243	88	340	|
|202	112	409	603	468	134	456	429	470	471	431	505	646	551	216	217	382	376	395	473	251	253	187	459	362	418	394	308	488	315	362	469	257	454	551	638	341	375	455	490	163	565	278	485	449	328	0	313	508	308	406	|
|218	229	276	294	337	188	233	266	299	195	279	217	334	260	97	171	77	225	83	230	214	143	235	230	78	119	231	226	235	250	302	286	60	189	246	330	68	203	163	317	165	253	110	269	141	28	313	0	235	61	315	|
|452	402	210	153	233	406	94	453	174	305	190	41	216	62	308	406	163	189	172	366	297	377	357	86	160	120	174	451	41	274	288	154	268	54	252	175	177	403	78	176	345	197	230	106	123	243	508	235	0	207	264	|
|254	210	215	297	278	199	184	328	242	248	220	198	345	244	101	210	81	164	102	288	162	190	195	183	54	110	171	280	197	191	241	230	62	155	280	332	33	264	147	261	147	273	55	220	145	88	308	61	207	0	253	|
|465	300	54	417	69	372	170	581	106	487	75	295	479	325	307	431	298	95	324	536	160	426	219	178	263	288	99	520	223	92	47	120	292	234	482	439	258	516	284	120	282	444	214	167	323	340	406	315	264	253	0	|

--------------------------------------------------------------------------------
Building model...
	using lazy and cut (CVRPSEP package)
Solving IRP LP...
--------------------------------------------------------------------------------

Gurobi 9.1.0 (linux64) logging started Sun Jan 10 04:01:45 2021

Gurobi Optimizer version 9.1.0 build v9.1.0rc0 (linux64)
Thread count: 32 physical cores, 32 logical processors, using up to 2 threads
Optimize a model with 1122 rows, 8460 columns and 19278 nonzeros
Model fingerprint: 0x80f8cfd9
Variable types: 504 continuous, 7956 integer (306 binary)
Coefficient statistics:
  Matrix range     [1e+00, 2e+15]
  Objective range  [1e-02, 6e+02]
  Bounds range     [1e+00, 3e+02]
  RHS range        [1e+01, 7e+03]
Warning: Model contains large matrix coefficient range
         Consider reformulating model or setting NumericFocus parameter
         to avoid numerical issues.
Presolve removed 280 rows and 171 columns
Presolve time: 0.09s
Presolved: 842 rows, 8289 columns, 18183 nonzeros
Variable types: 352 continuous, 7937 integer (7637 binary)

Root relaxation: objective 3.280950e+03, 879 iterations, 0.02 seconds

    Nodes    |    Current Node    |     Objective Bounds      |     Work
 Expl Unexpl |  Obj  Depth IntInf | Incumbent    BestBd   Gap | It/Node Time

     0     0 3280.94990    0  130          - 3280.94990      -     -    0s
     0     0 3615.13354    0  149          - 3615.13354      -     -    0s
     0     0 3633.61760    0  149          - 3633.61760      -     -    0s
     0     0 3634.11397    0  143          - 3634.11397      -     -    0s
     0     0 3634.11397    0  155          - 3634.11397      -     -    0s
     0     0 4240.46516    0  207          - 4240.46516      -     -    0s
     0     0 4320.76445    0  162          - 4320.76445      -     -    0s
     0     0 4338.52919    0  205          - 4338.52919      -     -    0s
     0     0 4353.18383    0  204          - 4353.18383      -     -    0s
     0     0 4369.67731    0  196          - 4369.67731      -     -    0s
     0     0 4370.03471    0  210          - 4370.03471      -     -    0s
     0     0 4445.28172    0  224          - 4445.28172      -     -    1s
     0     0 4463.60888    0  251          - 4463.60888      -     -    1s
     0     0 4467.85013    0  200          - 4467.85013      -     -    1s
     0     0 4470.23649    0  257          - 4470.23649      -     -    1s
     0     0 4470.42891    0  273          - 4470.42891      -     -    1s
     0     0 4524.89685    0  283          - 4524.89685      -     -    1s
     0     0 4529.65464    0  251          - 4529.65464      -     -    1s
     0     0 4532.35871    0  267          - 4532.35871      -     -    1s
     0     0 4533.54010    0  265          - 4533.54010      -     -    1s
     0     0 4549.24627    0  326          - 4549.24627      -     -    2s
     0     0 4554.53822    0  305          - 4554.53822      -     -    2s
     0     0 4554.98448    0  244          - 4554.98448      -     -    2s
     0     0 4559.38689    0  317          - 4559.38689      -     -    2s
     0     0 4559.38689    0  250          - 4559.38689      -     -    2s
     0     2 4559.38689    0  243          - 4559.38689      -     -    3s
    56    62 4834.55314   13  128          - 4605.21711      -   185    5s
   425   406 4795.70666   15  143          - 4605.75522      -  68.7   11s
   574   576 4980.39272   51   70          - 4605.75522      -  76.4   15s
   716   705 4865.44263   12  198          - 4606.59865      -  80.7   20s
   761   719 4790.68798   15  372          - 4607.13639      -  78.9   25s
   775   728 4803.78626    8  362          - 4625.68426      -  77.5   30s
   778   733 4632.99048   12  360          - 4632.99048      -  89.8   36s
   788   737 infeasible   15               - 4640.03684      -   116   43s
   791   739 4648.80397   15  463          - 4648.80397      -   116   45s
   885   811 4949.39196   31   89          - 4659.04741      -   125   50s
  1063   911 5250.47329   58   98          - 4659.04741      -   118   55s
  1189   995 5691.49500  110   14          - 4659.04741      -   120   60s
  1351  1068 4746.44407   15  370          - 4680.35560      -   115   65s
  1437  1130 5200.26027   61   15          - 4680.35560      -   118   70s
  1532  1217 5020.09742   33  116          - 4680.35560      -   120   75s
  1726  1430 5225.59331   49   41          - 4680.35560      -   113   80s
  2027  1487 7456.81333  273   15          - 4680.35560      -   101   85s
  2219  1692 6135.56000  124   16          - 4680.35560      -  97.0   90s
  2508  1738 8517.97937  254    8          - 4684.72846      -  88.7   95s
  2608  1835 4896.17962   26   76          - 4684.72846      -  92.2  100s
  2756  1918 5062.09972   42   84          - 4684.72846      -  95.2  106s
  2899  2045 5210.70000   50   38          - 4684.72846      -  94.8  112s
  2984  2116 5160.82584   52   34          - 4684.72846      -  93.8  115s
  3194  2278 5341.20661   74   21          - 4684.72846      -  91.2  120s
  3359  2486 5782.54725  103   57          - 4684.72846      -  90.9  126s
  3483  2644 5843.21500  104   10          - 4684.72846      -  89.7  130s
  3698  2721 7057.69308  227   23          - 4695.85245      -  86.6  135s
  3834  2887 4871.57237   31  126          - 4696.45348      -  88.0  142s
  3917  2907 5042.04017   44  112          - 4696.45348      -  88.0  151s
  4063  3119 5428.13268  107   29          - 4696.90959      -  88.3  158s
  4197  3178 4938.60312   23  177          - 4696.90959      -  87.6  161s
  4364  3343 4778.73979   16  390          - 4704.47332      -  88.2  168s
  4472  3384 4872.47541   22  230          - 4704.47332      -  88.6  171s
  4546  3454 5228.00778   48  100          - 4704.47332      -  90.0  175s
  4660  3644 5366.32087  104    3          - 4704.47332      -  89.6  180s
  4913  3832 5001.84899   28   92          - 4715.92872      -  88.8  187s
  5023  3883 5315.36505   86   26          - 4718.28206      -  88.9  191s
  5095  3952 4873.28938   24  354          - 4718.28206      -  89.9  195s
  5164  4139 5162.44194   42   63          - 4718.28206      -  91.0  200s
  5361  4324 infeasible   75               - 4719.61910      -  89.9  206s
  5673  4403 4869.76509   21  428          - 4723.23674      -  87.2  212s
  5709  4500 4965.81142   30  296          - 4723.23674      -  88.8  216s
  5806  4703 5264.08794   66   41          - 4723.57527      -  89.6  222s
  6041  4904 4968.87249   18  291          - 4723.57527      -  88.7  229s
  6103  4904 5994.76228  190    3          - 4723.57527      -  88.5  230s
  6311  5008 5040.34970   26  120          - 4723.57527      -  86.2  235s
  6381  5206 5207.94434   36  143          - 4723.57527      -  87.3  241s
  6600  5450 5322.15927   46   57          - 4735.13105      -  86.2  249s
  6675  5466 5629.54000   78    -          - 4735.13105      -  85.8  250s
  6948  5591 4798.72129   17  364          - 4735.13105      -  84.4  256s
  7053  5690 4837.71267   19  140          - 4735.13105      -  84.3  261s
  7144  5845 4996.73540   38  147          - 4735.13105      -  85.0  266s
  7306  5972 5257.70523   68   91          - 4743.51345      -  84.7  272s
  7525  6070 4844.19192   19  375          - 4746.44703      -  84.4  279s
  7601  6142 5085.74538   31  106          - 4746.44703      -  85.4  286s
  7701  6305 5132.21950   33  211          - 4746.44703      -  86.3  295s
  7864  6459 5502.41760   59   57          - 4746.44703      -  86.6  306s
  8087  6698 5868.99849  106   27          - 4747.96557      -  85.7  314s
  8162  6698 6027.45532  173    5          - 4747.96557      -  85.2  315s
  8367  6948 4939.49314   30  162          - 4747.96557      -  84.7  322s
  8562  6954 5398.85241  112    8          - 4747.96557      -  84.2  325s
  8639  7119 5310.75000   75    8          - 4749.73895      -  83.8  333s
  8789  7146 5680.33328  167   10          - 4749.73895      -  82.9  335s
  8887  7260 4769.45758   22  319          - 4749.73895      -  83.1  341s
  8979  7345 4854.20280   33  128          - 4749.73895      -  83.8  346s
  9078  7437 5107.81000   59   62          - 4750.54526      -  84.5  352s
  9189  7583 5000.32468   28  168          - 4750.54526      -  85.2  359s
  9290  7593 5340.72000   78    4          - 4750.54526      -  85.2  360s
  9375  7717 5319.04054   55   39          - 4751.91700      -  85.3  366s
  9570  7838 4937.91094   23  249          - 4751.91700      -  85.1  374s
  9655  7965 5336.96928   51    4          - 4753.20222      -  85.9  380s
  9826  8020 4842.19897   29  129          - 4753.26788      -  85.9  385s
  9867  8070 5000.15695   47  105          - 4753.26788      -  86.9  391s
  9917  8166 5247.82382   73   43          - 4754.37328      -  87.3  396s
 10039  8272 5044.54423   25  140          - 4754.37328      -  87.9  404s
 10165  8406 5280.89292   43   61          - 4754.37328      -  88.3  411s
 10287  8891 5483.84911   72   27          - 4754.37328      -  88.6  441s
 10738  8965 8349.63000  255   10          - 4754.37328      -  85.2  445s
 10970  9067 6593.91807  120   29          - 4755.81212      -  84.1  453s
*11045  9072             274    9411.1100000 4755.81212  49.5%  83.8  453s
 11132  9059 4966.44041   29  262 9411.11000 4755.81212  49.5%  84.4  465s
 11194  9224 5093.89934   36  240 9411.11000 4755.81212  49.5%  85.1  477s
 11337  9234 5253.30411   55   78 9411.11000 4755.81212  49.5%  85.2  491s
 11351  9402 5301.58237   53   21 9411.11000 4758.01807  49.4%  85.2  499s
 11426  9402 5374.49431  114   15 9411.11000 4758.01807  49.4%  85.1  500s
 11576  9444 6687.59000  160    2 9411.11000 4759.83056  49.4%  84.5  507s
 11614  9460 7039.94000  166    - 9411.11000 4761.44250  49.4%  85.2  512s
 11642  9463 infeasible  166      9411.11000 4764.07148  49.4%  85.9  542s
 11651  9504 4858.13840   26  361 9411.11000 4764.07148  49.4%  86.2  548s
 11692  9614 5260.16132   52  119 9411.11000 4764.78864  49.4%  87.0  557s
 11843  9661 4891.15136   19  409 9411.11000 4764.78864  49.4%  87.0  564s
 11871  9699 4981.22940   30  319 9411.11000 4764.78864  49.4%  87.9  571s
 11909  9774 5141.48932   38  197 9411.11000 4764.78864  49.4%  88.8  579s
 11970  9774 6620.40500   64   49 9411.11000 4764.78864  49.4%  89.5  580s
 11984  9971 5356.91391   53  131 9411.11000 4764.78864  49.4%  89.6  591s
 12213 10239 5573.59811   86   46 9411.11000 4764.78864  49.4%  89.2  606s
 12489 10318 5694.99529  144   79 9411.11000 4765.14522  49.4%  88.5  620s
 12702 10470 6836.13884  186   34 9411.11000 4765.67392  49.4%  88.1  629s
 12729 10472 8047.32000  206    - 9411.11000 4765.67392  49.4%  88.0  630s
 12841 10644     cutoff  262      9411.11000 4765.78521  49.4%  88.0  639s
 13026 10687     cutoff  259      9411.11000 4766.24964  49.4%  87.6  648s
 13099 10742 5101.20948   23  289 9411.11000 4767.41526  49.3%  88.1  656s
*13127 10726             256    9297.1400000 4767.41526  48.7%  88.3  656s
 13155 10884 5376.49375   47    8 9297.14000 4767.41526  48.7%  88.6  665s
 13338 10963 7202.10000  192    2 9297.14000 4771.17174  48.7%  88.3  674s
 13436 11068 8278.01889  241    8 9297.14000 4772.28971  48.7%  88.7  682s
 13548 11243 5038.00126   39   98 9297.14000 4772.37970  48.7%  89.0  692s
 13775 11309 4817.27395   24  368 9297.14000 4775.96922  48.6%  88.6  702s
 13838 11357 5519.32127   51   69 9297.14000 4778.21241  48.6%  89.1  709s
 13869 11357 6036.89305   76   29 9297.14000 4778.21241  48.6%  89.1  710s
 13909 11445 5150.30538   41  168 9297.14000 4778.76844  48.6%  89.6  718s
 14010 11519 6579.71386  104   75 9297.14000 4779.52409  48.6%  89.8  727s
 14109 11576 7778.88754  163   14 9297.14000 4779.75821  48.6%  90.2  736s
 14202 11597 8735.00500  190    6 9297.14000 4780.69730  48.6%  90.7  750s
 14216 11655 4903.94822   17  402 9297.14000 4780.69730  48.6%  90.8  757s
 14300 11805 5066.63494   26  201 9297.14000 4780.69730  48.6%  91.4  767s
 14432 12010 5487.43833   88   35 9297.14000 4781.37046  48.6%  91.6  779s
 14483 12016 5862.92000  117    - 9297.14000 4781.37046  48.6%  91.4  780s
 14753 12127 7136.07728  151   17 9297.14000 4782.12000  48.6%  90.6  791s
 14850 12234 infeasible  162      9297.14000 4784.20516  48.5%  90.8  801s
*14852 11672             162    8006.9100000 4784.20516  40.2%  90.8  801s
*14853 11661             162    7984.3500000 4784.20516  40.1%  90.7  801s
*14857 10986             161    7327.1400000 4784.20516  34.7%  90.7  801s
 15073 11059     cutoff  162      7327.14000 4784.90570  34.7%  90.3  812s
 15249 11177 5164.43476   29  195 7327.14000 4785.84296  34.7%  90.2  822s
 15393 11375 4983.15448   23  187 7327.14000 4785.91149  34.7%  90.2  833s
 15515 11375 5215.66168   69   41 7327.14000 4785.91149  34.7%  90.1  835s
 15614 11472 5809.55390   72   54 7327.14000 4789.73316  34.6%  90.0  844s
 15682 11476 6494.33000  138    - 7327.14000 4793.82642  34.6%  90.1  845s
 15742 11618 5380.67777   47  120 7327.14000 4794.12185  34.6%  90.1  854s
 15916 11695 7051.17500  120   21 7327.14000 4795.00136  34.6%  90.0  864s
*15923 11506             126    7186.0600000 4795.00136  33.3%  89.9  864s
 16027 11567 4914.54032   22  461 7186.06000 4795.81675  33.3%  90.3  873s
 16106 11664 5223.94014   34  253 7186.06000 4795.81675  33.3%  90.6  881s
 16205 11874 5849.78120   68  122 7186.06000 4798.57439  33.2%  90.9  893s
 16538 12029 6593.58331  127   34 7186.06000 4800.46067  33.2%  89.9  904s
 16665 12072     cutoff  171      7186.06000 4800.59713  33.2%  90.0  913s
*16673 11983             188    7116.2800000 4800.91887  32.5%  90.5  913s
 16715 12159 4906.66396   23  478 7116.28000 4800.91887  32.5%  90.7  925s
 16935 12278 5106.81701   27  354 7116.28000 4800.91887  32.5%  90.3  936s
 17052 12390 5273.50368   34   82 7116.28000 4800.91887  32.5%  90.6  945s
 17184 12508 5999.07998   55   81 7116.28000 4803.27013  32.5%  90.9  957s
 17326 12562 4823.98709   28  380 7116.28000 4803.27013  32.5%  91.1  966s
 17380 12696 5095.94753   37  307 7116.28000 4803.74672  32.5%  91.6  976s
 17545 12723 5020.88017   21  322 7116.28000 4804.10568  32.5%  91.6  984s
 17590 12735 7000.80500  179    8 7116.28000 4804.10568  32.5%  91.8  985s
 17601 12796 5244.93553   36   34 7116.28000 4804.10568  32.5%  92.1  994s
 17653 12801 5365.69966   73   14 7116.28000 4804.10568  32.5%  92.3  995s
 17695 12896 5296.64089   43   76 7116.28000 4804.60401  32.5%  92.5 1010s
 17826 12997 5987.64000  128    - 7116.28000 4806.61518  32.5%  92.7 1020s
 17950 13079 6036.28576  128    4 7116.28000 4807.70639  32.4%  92.9 1030s
 18051 13147 6224.64500  129   14 7116.28000 4807.95400  32.4%  93.2 1040s
 18143 13297 5090.20180   24  260 7116.28000 4808.21810  32.4%  93.6 1052s
 18278 13460 5527.54693   57   59 7116.28000 4808.51338  32.4%  93.7 1063s
 18480 13536 5825.31500   80   32 7116.28000 4808.78367  32.4%  93.5 1073s
 18607 13635 7113.83000  135    - 7116.28000 4809.76690  32.4%  93.7 1081s
 18713 13671     cutoff  135      7116.28000 4809.92991  32.4%  93.8 1092s
 18761 13727 5057.78660   21  316 7116.28000 4810.01879  32.4%  94.4 1102s
 18813 13776 5098.82529   25  208 7116.28000 4810.01879  32.4%  95.0 1111s
 18862 13853 5210.50376   31  210 7116.28000 4810.01879  32.4%  95.5 1122s
 18980 13893 5589.13746   42  212 7116.28000 4810.01879  32.4%  95.7 1132s
 19011 13973 6094.76614   48  143 7116.28000 4810.01879  32.4%  96.2 1142s
 19091 14142 6486.81172   71  150 7116.28000 4810.22973  32.4%  96.6 1155s
 19312 14260 5018.55065   22  236 7116.28000 4810.22973  32.4%  96.3 1167s
 19503 14379 5624.25466   45  219 7116.28000 4810.81809  32.4%  96.1 1180s
 19608 14460     cutoff  132      7116.28000 4811.26538  32.4%  96.2 1190s
 19700 14552 4965.42044   18  355 7116.28000 4811.26538  32.4%  96.6 1201s
 19816 14578 5390.08472   29  201 7116.28000 4811.26538  32.4%  96.6 1209s
 19838 14672 5995.28728   42  174 7116.28000 4811.74451  32.4%  97.1 1220s
 19947 14718 5032.12877   23  206 7116.28000 4811.93089  32.4%  97.3 1229s
 19969 14718 5590.35410   79   70 7116.28000 4811.93089  32.4%  97.5 1230s
 20007 14859 5384.24157   45  121 7116.28000 4811.93089  32.4%  97.6 1241s
 20176 14947 6400.31725   99   33 7116.28000 4812.48038  32.4%  97.5 1252s
 20286 15023 6797.35541  122   24 7116.28000 4812.65677  32.4%  97.7 1262s
 20400 15103     cutoff  144      7116.28000 4813.25750  32.4%  97.8 1273s
 20527 15180     cutoff  142      7116.28000 4813.62798  32.4%  97.9 1284s
 20586 15180 5230.72649   54   56 7116.28000 4813.68978  32.4%  98.1 1285s
 20610 15249 5299.22387   51  112 7116.28000 4814.51321  32.3%  98.2 1319s
 20644 15249 5564.26202   85   12 7116.28000 4814.51321  32.3%  98.2 1320s
 20702 15326 6590.33000  116    - 7116.28000 4814.58152  32.3%   100 1329s
 20786 15542 5075.83918   48  107 7116.28000 4814.58152  32.3%   100 1342s
 20995 15547 6806.05667  149    8 7116.28000 4814.58152  32.3%  99.4 1345s
 21017 15617 6419.60775  132   68 7116.28000 4815.14420  32.3%   100 1356s
 21184 15706 5011.41536   25  337 7116.28000 4815.17835  32.3%  99.5 1369s
 21257 15820 5091.38772   31  330 7116.28000 4815.17835  32.3%   100 1383s
 21393 15835 5322.78677   32  292 7116.28000 4815.17835  32.3%   100 1392s
 21423 15880 5327.10289   34  297 7116.28000 4815.17835  32.3%   100 1403s
 21469 15993 5584.63660   40  236 7116.28000 4815.17835  32.3%   101 1414s
 21495 15993 5855.46014   51  148 7116.28000 4815.17835  32.3%   101 1415s
 21609 16127 6169.26000   58   24 7116.28000 4815.94238  32.3%   101 1433s
 21794 16219     cutoff  117      7116.28000 4816.17842  32.3%   101 1444s
 21873 16391 5429.37746   53   62 7116.28000 4816.29592  32.3%   101 1461s
 22096 16502     cutoff  173      7116.28000 4816.65385  32.3%   101 1476s
 22241 16538 4932.95903   18  404 7116.28000 4817.01825  32.3%   101 1488s
 22282 16574 5225.04745   29  339 7116.28000 4817.01825  32.3%   101 1499s
 22328 16635 5626.00715   58   81 7116.28000 4817.52529  32.3%   102 1510s
 22409 16674 6616.03000  101    - 7116.28000 4817.84333  32.3%   102 1523s
 22460 16773 6711.07000  104    - 7116.28000 4817.89409  32.3%   103 1535s
 22591 16876 5153.74481   43  141 7116.28000 4818.29065  32.3%   103 1549s
 22671 16877 5119.46719   20  281 7116.28000 4818.29065  32.3%   103 1550s
 22677 17020 5491.64600   68   43 7116.28000 4818.38113  32.3%   103 1562s
 22874 17078     cutoff  160      7116.28000 4818.66882  32.3%   103 1574s
 22925 17116 5915.23712   69   37 7116.28000 4818.88643  32.3%   103 1585s
 22979 17171 5200.51122   24  352 7116.28000 4818.88643  32.3%   103 1596s
 23034 17338 5422.64802   37  243 7116.28000 4819.41440  32.3%   104 1610s
 23227 17434     cutoff  114      7116.28000 4819.54381  32.3%   104 1626s
 23365 17526 6903.57567  114   61 7116.28000 4820.64068  32.3%   104 1638s
 23471 17590 7108.44000  140    4 7116.28000 4821.06438  32.3%   104 1651s
 23547 17639 4890.11111   23  481 7116.28000 4821.55227  32.2%   104 1664s
 23604 17681 5053.82486   34  341 7116.28000 4821.55227  32.2%   104 1675s
 23646 17822 5343.72391   59  128 7116.28000 4821.55227  32.2%   105 1688s
 23787 17999 5802.10409  116   22 7116.28000 4821.95035  32.2%   105 1703s
 24029 18095 6683.13000  153   12 7116.28000 4822.40814  32.2%   104 1718s
 24158 18161 7081.49000  196    2 7116.28000 4822.68060  32.2%   104 1732s
 24225 18223 infeasible  199      7116.28000 4823.22842  32.2%   105 1744s
 24298 18305 5233.38727   24  226 7116.28000 4823.38638  32.2%   105 1756s
 24392 18413 5706.46762   53  106 7116.28000 4823.52104  32.2%   105 1780s
 24526 18464 6913.58375  122   26 7116.28000 4823.84208  32.2%   105 1792s
 24584 18535 6956.51000  126    - 7116.28000 4824.01939  32.2%   105 1813s
 24675 18620 6979.86667  126   17 7116.28000 4824.29645  32.2%   106 1826s
 24787 18674 7064.09500  131   10 7116.28000 4825.05386  32.2%   106 1838s
 24854 18699 7086.64500  132    2 7116.28000 4825.78383  32.2%   106 1848s
 24886 18733 5015.99144   31  486 7116.28000 4825.89085  32.2%   107 1859s
 24914 18791 5159.67225   34  438 7116.28000 4825.89085  32.2%   107 1874s
 24972 18942 5332.25242   39  293 7116.28000 4825.89085  32.2%   107 1894s
 25057 18942 6344.33388   82   12 7116.28000 4825.89085  32.2%   108 1895s
 25150 19032 5399.52710   42  334 7116.28000 4825.89085  32.2%   107 1908s
 25240 19087 5771.41470   48  139 7116.28000 4825.89085  32.2%   108 1920s
 25314 19167 6113.88098   54  171 7116.28000 4825.89085  32.2%   108 1934s
 25396 19257 6438.58233   70  100 7116.28000 4825.89085  32.2%   108 1946s
 25497 19322 6829.88207   80   62 7116.28000 4825.89085  32.2%   108 1960s
 25645 19358     cutoff   98      7116.28000 4827.52926  32.2%   108 1972s
 25680 19452 4994.98450   27  437 7116.28000 4828.10328  32.2%   109 1986s
 25802 19495 5212.96252   44   54 7116.28000 4828.66789  32.1%   109 1998s
 25856 19497 4936.12083   34  250 7116.28000 4828.70976  32.1%   109 2312s
 25859 19499 5515.53000  118  948 7116.28000 4828.70976  32.1%   109 2319s
 25860 19500 5458.38409   40  888 7116.28000 4828.70976  32.1%   109 2321s
 25866 19504 5003.67950   35  784 7116.28000 4828.70976  32.1%   109 2326s
H25867 18528                    6187.6000000 4828.70976  22.0%   109 2330s
 25871 18531 5443.53996   53  846 6187.60000 4828.70976  22.0%   109 2335s
H25871 17604                    6149.6000000 4828.70976  21.5%   109 2337s
 25874 17606 5988.52102   89  842 6149.60000 4828.70976  21.5%   109 2358s
 25876 17607 6149.60000  138  841 6149.60000 4828.70976  21.5%   109 2375s
 25877 17611 4828.70976   25  787 6149.60000 4828.70976  21.5%   110 2414s
 25879 17612 4828.70976   26  849 6149.60000 4828.70976  21.5%   110 2451s
 25881 17614 4828.70976   26  888 6149.60000 4828.70976  21.5%   110 2484s
 25883 17615 4828.70976   27  802 6149.60000 4828.70976  21.5%   110 2518s
 25885 17614 4828.70976   27  833 6149.60000 4828.70976  21.5%   110 2526s
 25887 17618 4828.70976   28  462 6149.60000 4828.70976  21.5%   110 2532s
 25895 17623 4929.50203   30  448 6149.60000 4828.70976  21.5%   110 2538s
 25899 17627 4956.46140   31  455 6149.60000 4828.70976  21.5%   110 2540s
 25917 17638 5014.85379   35  409 6149.60000 4828.70976  21.5%   110 2546s
 25926 17647 5034.41696   37  361 6149.60000 4828.70976  21.5%   110 2551s
 25943 17661 5132.71025   41  329 6149.60000 4828.70976  21.5%   110 2556s
 25962 17675 5267.89031   46  263 6149.60000 4828.70976  21.5%   111 2560s
 25984 17690 5338.47541   54  248 6149.60000 4828.70976  21.5%   111 2565s
 26021 17731 5567.23862   63  265 6149.60000 4828.70976  21.5%   111 2570s
 26100 17759 5468.25354   73  243 6149.60000 4828.70976  21.5%   111 2575s
H26126 16906                    6135.6000000 4828.70976  21.3%   111 2577s
 26207 16915 5773.43238  119  261 6135.60000 4828.70976  21.3%   110 2581s
 26281 16922 5940.21497  157  110 6135.60000 4828.70976  21.3%   110 2585s
 26321 16918 4828.70976   28  895 6135.60000 4828.70976  21.3%   110 2591s
 26333 16927 4828.70976   30  744 6135.60000 4828.70976  21.3%   110 2598s
 26340 16936 4828.70976   31  711 6135.60000 4828.70976  21.3%   110 2602s
 26351 16941 4828.70976   31  698 6135.60000 4828.70976  21.3%   110 2608s
 26360 16943 4828.70976   33  679 6135.60000 4828.70976  21.3%   110 2612s
 26375 16961 4877.69976   36  592 6135.60000 4828.70976  21.3%   110 2616s
 26388 16978 4930.34476   40  533 6135.60000 4828.70976  21.3%   110 2620s
 26411 16987 4954.06927   44  407 6135.60000 4828.70976  21.3%   110 2629s
 26447 16981 4960.41592   48  426 6135.60000 4828.70976  21.3%   110 2632s
 26453 16985 4982.33420   50  549 6135.60000 4828.70976  21.3%   110 2635s
 26466 16998 5037.97709   54  204 6135.60000 4828.70976  21.3%   111 2641s
 26483 17008 5077.04575   61  465 6135.60000 4828.70976  21.3%   111 2647s
 26492 17013 5096.14030   62  128 6135.60000 4828.70976  21.3%   111 2651s
 26500 17026 5112.14575   64  385 6135.60000 4828.70976  21.3%   111 2655s
 26538 17046 5266.38845   73  192 6135.60000 4828.70976  21.3%   111 2664s
H26547 16206                    6102.0900000 4828.70976  20.9%   111 2664s
 26551 16224 5480.85367   84   27 6102.09000 4828.70976  20.9%   111 2668s
 26573 16264 5543.67000   85  138 6102.09000 4828.70976  20.9%   111 2673s
 26621 16348 5673.28517  107   36 6102.09000 4828.70976  20.9%   111 2687s
 26753 16326 5728.99000  109    - 6102.09000 4828.70976  20.9%   111 2702s
 26800 16341 4828.70976   33  723 6102.09000 4828.70976  20.9%   111 2715s
H26807 15543                    6083.0900000 4828.70976  20.6%   111 2715s
 26826 15600 4989.39704   45  562 6083.09000 4828.70976  20.6%   111 2730s
 26889 15681 5140.63536   76  365 6083.09000 4828.70976  20.6%   111 2746s
 27051 15785 5334.29172   90  248 6083.09000 4828.70976  20.6%   111 2764s
 27126 15764 5652.79588  162  103 6083.09000 4828.70976  20.6%   111 2765s
 27220 15813 5748.51676  117  116 6083.09000 4828.70976  20.6%   111 2782s
 27319 15909 5060.39445   42  293 6083.09000 4828.70976  20.6%   111 2802s
 27461 15896 5236.71757   61  330 6083.09000 4828.70976  20.6%   111 2818s
 27513 15916 5057.29152   29  894 6083.09000 4828.70976  20.6%   112 2845s
 27550 16031 5534.27489   45  612 6083.09000 4828.70976  20.6%   112 2867s
 27723 16110     cutoff   81      6083.09000 4828.70976  20.6%   112 2888s
 27888 16203 4873.31501   30  802 6083.09000 4828.70976  20.6%   112 2912s
 28086 16241 5781.89000   96    - 6083.09000 4828.70976  20.6%   112 2934s
 28215 16285 5084.85200   45  596 6083.09000 4828.70976  20.6%   112 2958s
 28310 16375 5182.96239   46  646 6083.09000 4828.70976  20.6%   113 2983s
 28445 16451 5199.83189   48  687 6083.09000 4828.70976  20.6%   113 3008s
 28578 16530 5504.12000   88   39 6083.09000 4828.70976  20.6%   113 3034s
 28603 16521 5700.86923   97   79 6083.09000 4828.70976  20.6%   113 3035s
 28725 16590 5113.08736   42  326 6083.09000 4828.70976  20.6%   114 3061s
 28846 16707 5108.70246   43  715 6083.09000 4828.70976  20.6%   115 3090s
 29043 16841 5817.50973   87  231 6083.09000 4828.70976  20.6%   115 3120s
 29285 16937 5901.45376   94  443 6083.09000 4828.70976  20.6%   115 3152s
 29488 17151 5440.69588   65  398 6083.09000 4828.70976  20.6%   115 3187s
 29771 17065 5571.06648   69  233 6083.09000 4828.70976  20.6%   115 3190s
 29831 17317     cutoff  120      6083.09000 4828.70976  20.6%   114 3228s
 29968 17272 5411.11968  167    6 6083.09000 4828.70976  20.6%   114 3230s
 30138 17498 6037.08000  239    - 6083.09000 4828.70976  20.6%   114 3268s
 30445 17714 5264.10811   56  156 6083.09000 4828.70976  20.6%   114 3308s
 30604 17661 5506.39206   80   58 6083.09000 4828.70976  20.6%   114 3310s
 30808 17899 4928.15158   37  892 6083.09000 4828.70976  20.6%   114 3349s
 30858 17883 5720.74008   87  288 6083.09000 4828.70976  20.6%   114 3350s
 31175 18076 5480.12984   85  366 6083.09000 4828.70976  20.6%   114 3390s
 31530 18198 5096.33600   49   72 6083.09000 4828.70976  20.6%   114 3435s
