




arguments: ./build/mirp_solver -f ./input/orig_exec_206.cfg
Current dir: /scratch/gui/bnc_mirp
File verbosity level: 9
date       time         ( uptime  ) [ thread name/id ]                   file:line     v| 
2021-01-10 10:05:02.576 (   0.600s) [main thread     ]             loguru.cpp:789   INFO| Logging to './output/vi_lex_full/OU/V2/Original/execution_10_01_2021_10_05_02.log', mode: 'a', verbosity: 9
--------------------------------------------------------------------------------
Parameters
                           instance_path           ./input/Instances/Original/6/
                            model_policy                                       1
                             nb_vehicles                                       2
                              output_dir    ./output/vi_lex_full/OU/V2/Original/
                            sec_strategy                                       1
                       solver_nb_threads                                       2
                         solver_show_log                                    true
                       solver_time_limit                                    3600
                              use_vi_cos                                   false
                              use_vi_cus                                   false
                         use_vi_hc1_full                                   false
                         use_vi_hc1_half                                   false
                      use_vi_hc1_quarter                                   false
                              use_vi_hc2                                   false
                              use_vi_hc3                                   false
                         use_vi_lex_full                                    true
                         use_vi_lex_half                                   false
                      use_vi_lex_quarter                                   false
                              use_vi_qua                                   false
                               use_vi_vc                                   false
                               use_vi_vr                                   false
--------------------------------------------------------------------------------
executing instance: ./input/Instances/Original/6/absH6high_1n25.dat
--------------------------------------------------------------------------------
Instance details
n	26
H	6
C	1711
Li:
[0, 0, 0, 0, 0, 0, 0, 0, 0, 0, 0, 0, 0, 0, 0, 0, 0, 0, 0, 0, 0, 0, 0, 0, 0, 0, ]
Ui:
[0, 168, 176, 34, 66, 36, 177, 106, 118, 182, 64, 141, 189, 63, 46, 111, 182, 231, 36, 66, 68, 54, 132, 90, 246, 75, ]
Distance matrix:
|0	191	200	231	334	329	146	196	208	245	218	164	283	394	151	358	156	196	309	253	201	260	127	138	130	104	|
|191	0	226	229	278	146	328	216	390	417	327	293	195	334	106	296	171	122	472	151	12	411	280	53	190	130	|
|200	226	0	38	149	359	321	10	276	274	418	364	139	204	121	173	321	115	303	141	225	236	155	202	311	256	|
|231	229	38	0	110	352	358	37	314	310	448	395	108	167	129	135	342	109	336	120	226	268	194	213	335	277	|
|334	278	149	110	0	367	467	147	422	413	546	495	86	61	203	25	423	163	429	129	271	363	303	282	424	361	|
|329	146	359	352	367	0	453	349	533	562	411	393	282	411	245	378	250	244	617	245	141	556	426	195	284	243	|
|146	328	321	358	467	453	0	321	162	215	160	112	425	524	297	491	223	341	284	397	339	266	186	276	184	210	|
|196	216	10	37	147	349	321	0	281	281	414	360	132	203	112	171	315	105	311	132	216	244	159	193	305	249	|
|208	390	276	314	422	533	162	281	0	54	321	271	410	471	316	445	348	348	123	398	398	115	125	338	313	309	|
|245	417	274	310	413	562	215	281	54	0	375	323	413	457	334	435	393	361	70	406	424	69	139	367	359	349	|
|218	327	418	448	546	411	160	414	321	375	0	57	484	606	347	569	163	393	444	446	339	421	318	288	137	199	|
|164	293	364	395	495	393	112	360	271	323	57	0	437	556	300	519	144	346	393	401	305	367	261	249	109	163	|
|283	195	139	108	86	282	425	132	410	413	484	437	0	139	137	101	349	91	443	44	187	375	286	206	355	291	|
|394	334	204	167	61	411	524	203	471	457	606	556	139	0	264	38	483	222	467	183	326	403	356	341	484	421	|
|151	106	121	129	203	245	297	112	316	334	347	300	137	264	0	225	220	46	381	102	106	316	195	84	221	158	|
|358	296	173	135	25	378	491	171	445	435	569	519	101	38	225	0	444	184	450	145	288	384	328	303	446	383	|
|156	171	321	342	423	250	223	315	348	393	163	144	349	483	220	444	0	261	460	308	183	415	284	143	39	65	|
|196	122	115	109	163	244	341	105	348	361	393	346	91	222	46	184	261	0	402	56	118	336	224	119	264	200	|
|309	472	303	336	429	617	284	311	123	70	444	393	443	467	381	450	460	402	0	442	477	68	192	424	426	413	|
|253	151	141	120	129	245	397	132	398	406	446	401	44	183	102	145	308	56	442	0	143	375	273	164	315	251	|
|201	12	225	226	271	141	339	216	398	424	339	305	187	326	106	288	183	118	477	143	0	416	286	63	202	142	|
|260	411	236	268	363	556	266	244	115	69	421	367	375	403	316	384	415	336	68	375	416	0	135	365	384	363	|
|127	280	155	194	303	426	186	159	125	139	318	261	286	356	195	328	284	224	192	273	286	135	0	232	256	229	|
|138	53	202	213	282	195	276	193	338	367	288	249	206	341	84	303	143	119	424	164	63	365	232	0	153	89	|
|130	190	311	335	424	284	184	305	313	359	137	109	355	484	221	446	39	264	426	315	202	384	256	153	0	64	|
|104	130	256	277	361	243	210	249	309	349	199	163	291	421	158	383	65	200	413	251	142	363	229	89	64	0	|

--------------------------------------------------------------------------------
Building model...
	using lazy and cut (CVRPSEP package)
Solving IRP LP...
--------------------------------------------------------------------------------

Gurobi 9.1.0 (linux64) logging started Sun Jan 10 10:05:03 2021

Gurobi Optimizer version 9.1.0 build v9.1.0rc0 (linux64)
Thread count: 32 physical cores, 32 logical processors, using up to 2 threads
Optimize a model with 1118 rows, 4694 columns and 11780 nonzeros
Model fingerprint: 0x54dcadcd
Variable types: 482 continuous, 4212 integer (312 binary)
Coefficient statistics:
  Matrix range     [1e+00, 7e+07]
  Objective range  [1e-01, 6e+02]
  Bounds range     [1e+00, 2e+02]
  RHS range        [1e+01, 3e+03]
Presolve removed 259 rows and 128 columns
Presolve time: 0.07s
Presolved: 859 rows, 4566 columns, 10839 nonzeros
Variable types: 380 continuous, 4186 integer (3887 binary)

Root relaxation: objective 1.301997e+04, 1222 iterations, 0.03 seconds

    Nodes    |    Current Node    |     Objective Bounds      |     Work
 Expl Unexpl |  Obj  Depth IntInf | Incumbent    BestBd   Gap | It/Node Time

     0     0 13019.9705    0  210          - 13019.9705      -     -    0s
     0     0 13641.2577    0  259          - 13641.2577      -     -    0s
     0     0 13684.0628    0  215          - 13684.0628      -     -    0s
     0     0 13688.8191    0  221          - 13688.8191      -     -    0s
     0     0 13688.8191    0  213          - 13688.8191      -     -    0s
     0     0 14350.5272    0  329          - 14350.5272      -     -    0s
     0     0 14433.9237    0  350          - 14433.9237      -     -    0s
     0     0 14512.8725    0  344          - 14512.8725      -     -    0s
     0     0 14514.2472    0  367          - 14514.2472      -     -    0s
     0     0 14514.9570    0  371          - 14514.9570      -     -    0s
     0     0 14884.6172    0  363          - 14884.6172      -     -    1s
     0     0 14953.9968    0  382          - 14953.9968      -     -    1s
     0     0 14992.1059    0  414          - 14992.1059      -     -    1s
     0     0 14999.2556    0  417          - 14999.2556      -     -    1s
     0     0 14999.3027    0  421          - 14999.3027      -     -    1s
     0     0 15074.2463    0  365          - 15074.2463      -     -    1s
     0     0 15099.1411    0  406          - 15099.1411      -     -    1s
     0     0 15106.0552    0  424          - 15106.0552      -     -    1s
     0     0 15106.8190    0  421          - 15106.8190      -     -    1s
     0     0 15142.6615    0  373          - 15142.6615      -     -    2s
     0     0 15151.8181    0  420          - 15151.8181      -     -    2s
     0     0 15153.5714    0  426          - 15153.5714      -     -    2s
     0     0 15159.7211    0  430          - 15159.7211      -     -    2s
     0     0 15159.7211    0  429          - 15159.7211      -     -    2s
     0     2 15159.9899    0  399          - 15159.9899      -     -    2s
    24    27 15356.4186    8  381          - 15253.2129      -   682    5s
   125   132 16123.7972   35  315          - 15253.2129      -   394   10s
   497   559 18212.4473  154   44          - 15253.4966      -   157   15s
   663   656 16511.0407   20  202          - 15253.4966      -   162   20s
   731   713 18173.4873  180  496          - 15540.5862      -   156   25s
   759   733 16165.3975    9  510          - 15782.2505      -   164   30s
   792   758 15947.9450   28  407          - 15821.7728      -   184   35s
   889   830 16087.4481   51  243          - 15821.7728      -   200   40s
  1060   921 16059.4510   35  314          - 15822.2991      -   195   45s
  1210   999 16018.5924   32  242          - 15830.9767      -   195   50s
  1315  1088 16436.5754   61  162          - 15830.9767      -   201   55s
  1578  1351 17504.4119  131   41          - 15830.9767      -   188   60s
* 1607  1303             139    17622.100000 15830.9767  10.2%   185   61s
  1786  1260 16955.8474   46  246 17622.1000 15841.3439  10.1%   179   65s
H 1849  1233                    17616.600000 15842.3373  10.1%   181   69s
H 1853  1088                    17358.660000 15842.3373  8.74%   181   69s
  1858  1087 16094.2425   29  478 17358.6600 15842.3373  8.74%   181   70s
H 1889  1045                    17281.659997 15842.3373  8.33%   185   72s
  1938  1050 16110.5379   26  537 17281.6600 15851.5857  8.28%   188   75s
  1979  1094 16429.3505   35  269 17281.6600 15851.5857  8.28%   196   80s
H 1990  1059                    17281.659941 15851.5857  8.28%   196   80s
  2107  1163 17007.4042   67   39 17281.6599 15852.2243  8.27%   193   86s
  2191  1162 16353.3382   29  530 17281.6599 15856.4993  8.25%   200   90s
  2231  1217 16762.9312   38  288 17281.6599 15856.4993  8.25%   205   96s
H 2294  1177                    17263.580000 15856.4993  8.15%   205   98s
H 2308  1128                    17233.810000 15856.4993  7.99%   205   98s
H 2308  1104                    17174.210000 15856.4993  7.67%   205   98s
  2347  1160     cutoff   55      17174.2100 15856.8855  7.67%   206  102s
  2407  1204 16292.8291   34  318 17174.2100 15864.8852  7.62%   209  107s
  2504  1267 16438.8488   46  223 17174.2100 15870.2164  7.59%   208  111s
  2573  1336 16836.6887   60   43 17174.2100 15870.5466  7.59%   210  115s
  2656  1421 16302.9488   42  239 17174.2100 15887.7206  7.49%   210  120s
  2792  1500 16602.4136   55   94 17174.2100 15891.4630  7.47%   213  127s
  2856  1556 16164.2616   37  264 17174.2100 15893.1405  7.46%   213  130s
  2969  1598 16896.9593   51  312 17174.2100 15895.4562  7.45%   213  135s
  3060  1681 16545.6179   44  366 17174.2100 15900.5350  7.42%   215  141s
  3137  1777 16653.4854   40  242 17174.2100 15900.5386  7.42%   217  146s
  3264  1874 16481.2368   42  408 17174.2100 15920.5952  7.30%   217  153s
  3342  1959 16300.9078   34  380 17174.2100 15920.7039  7.30%   218  157s
  3439  1989 17162.7829   89    6 17174.2100 15930.1453  7.24%   215  160s
* 3443  1976              90    17150.560000 15930.1453  7.12%   215  160s
* 3446  1954              89    17121.560000 15930.1453  6.96%   215  160s
  3537  2044 16691.6274   45  266 17121.5600 15939.5959  6.90%   217  167s
  3606  2115 16196.6996   34  250 17121.5600 15945.1343  6.87%   217  171s
  3707  2170 17036.1000   76   22 17121.5600 15945.3305  6.87%   217  176s
  3808  2221 17062.3140   77   22 17121.5600 15948.6588  6.85%   219  181s
* 3809  2126              78    17062.640000 15948.6588  6.53%   219  181s
H 3889  1441                    16729.530000 15948.6588  4.67%   219  195s
  3981  1461     cutoff   47      16729.5300 15951.1586  4.65%   218  200s
  4070  1492     cutoff   56      16729.5300 15952.3195  4.65%   219  205s
  4150  1515 16130.9000   27  431 16729.5300 15953.8495  4.64%   221  210s
  4195  1571 16128.9584   33  471 16729.5300 15953.8495  4.64%   225  215s
  4251  1637 16307.5631   42  309 16729.5300 15958.0506  4.61%   226  220s
  4350  1708 16221.9106   36  415 16729.5300 15965.4817  4.57%   226  225s
  4457  1755 16478.9293   47  361 16729.5300 15966.0618  4.56%   226  230s
  4545  1846 16109.5695   36  395 16729.5300 15969.5538  4.54%   226  236s
  4661  1899 16032.5778   35  336 16729.5300 15970.5847  4.54%   226  241s
  4730  1960 16635.1689   39  330 16729.5300 15975.5920  4.51%   228  247s
  4815  2034 16202.2411   42  363 16729.5300 15977.2965  4.50%   229  254s
  4940  2092 16419.7273   32  354 16729.5300 15977.8523  4.49%   230  260s
  5032  2149     cutoff   47      16729.5300 15980.1729  4.48%   233  267s
  5139  2228 16112.8875   34  368 16729.5300 15984.9423  4.45%   234  273s
H 5264  2298                    16718.040000 15989.2716  4.36%   235  280s
  5409  2362     cutoff   45      16718.0400 15993.1462  4.34%   235  288s
H 5410  2297                    16694.040000 15993.1462  4.20%   235  288s
H 5410  2118                    16642.790000 15993.1462  3.90%   235  288s
  5517  2198 16512.8325   49  313 16642.7900 15998.2776  3.87%   236  296s
  5642  2363 16273.4878   44   96 16642.7900 16001.9880  3.85%   237  304s
* 5727  1578              84    16451.750000 16001.9880  2.73%   236  304s
  5873  1577 16358.7570   30  222 16451.7500 16003.5882  2.72%   235  311s
  6021  1639 16112.1852   37  372 16451.7500 16005.9222  2.71%   235  318s
H 6139  1657                    16445.750000 16010.2955  2.65%   236  326s
H 6192  1483                    16414.060000 16012.0327  2.45%   236  326s
  6239  1541     cutoff   46      16414.0600 16013.5575  2.44%   236  334s
  6314  1541 16208.5318   39  303 16414.0600 16017.7481  2.41%   237  335s
  6388  1596 16230.9681   42  245 16414.0600 16018.5957  2.41%   239  342s
  6546  1694 16265.8125   40  315 16414.0600 16025.0956  2.37%   239  351s
  6733  1749 16358.4469   45  218 16414.0600 16026.2629  2.36%   239  359s
  6825  1749 16351.7201   39  229 16414.0600 16030.3557  2.34%   239  360s
  6909  1788     cutoff   40      16414.0600 16031.0365  2.33%   240  368s
  7030  1833     cutoff   44      16414.0600 16032.8262  2.32%   243  376s
  7154  1893 16409.8569   45  279 16414.0600 16033.5425  2.32%   245  385s
H 7240  1740                    16383.060000 16033.5425  2.13%   245  386s
  7291  1790 16260.0464   42  271 16383.0600 16039.7621  2.10%   245  394s
  7423  1831 16292.3062   47  215 16383.0600 16041.2576  2.09%   247  404s
  7502  1831 16372.0454   36  238 16383.0600 16045.2155  2.06%   248  405s
  7602  1854 infeasible   53      16383.0600 16048.0153  2.05%   249  414s
  7735  1892 16175.5788   39  254 16383.0600 16052.1886  2.02%   252  424s
  7857  1939 16234.9950   33  364 16383.0600 16053.9251  2.01%   255  435s
  7991  1987     cutoff   36      16383.0600 16056.6354  1.99%   257  445s
  8204  2056 16151.8389   41  196 16383.0600 16062.3526  1.96%   259  456s
  8420  2098 16196.5983   36  246 16383.0600 16066.7632  1.93%   260  467s
  8594  2135 16301.9122   45  266 16383.0600 16069.5941  1.91%   262  477s
  8735  2183     cutoff   37      16383.0600 16071.9375  1.90%   264  489s
  8933  2219 16252.1135   35  396 16383.0600 16076.4195  1.87%   266  500s
  9104  2283 16241.1317   48  315 16383.0600 16081.0019  1.84%   266  510s
  9317  2352 16339.8179   34  308 16383.0600 16085.1078  1.82%   266  519s
  9539  2391 16311.1248   38  316 16383.0600 16088.2942  1.80%   265  530s
  9703  2460 16176.5713   33  326 16383.0600 16090.0492  1.79%   264  540s
  9900  2515     cutoff   45      16383.0600 16094.3693  1.76%   264  551s
 10085  2589     cutoff   36      16383.0600 16097.7332  1.74%   266  562s
 10257  2656     cutoff   39      16383.0600 16101.1926  1.72%   267  572s
 10504  2694 16166.8627   35  439 16383.0600 16106.4043  1.69%   267  583s
 10653  2769     cutoff   46      16383.0600 16108.7855  1.67%   269  594s
 10842  2871 16277.4751   40  309 16383.0600 16111.8393  1.66%   269  606s
 11089  2960 16225.1930   39  311 16383.0600 16114.6911  1.64%   269  617s
 11328  2995     cutoff   42      16383.0600 16116.6909  1.63%   269  629s
 11536  3082     cutoff   37      16383.0600 16118.0943  1.62%   271  640s
 11769  3132 16266.9544   37  371 16383.0600 16119.3088  1.61%   271  679s
 11925  3179 16272.8895   44  270 16383.0600 16119.7322  1.61%   272  690s
 12140  3256 16222.8666   37  362 16383.0600 16122.6555  1.59%   272  701s
 12351  3334 16294.7143   44  224 16383.0600 16125.5468  1.57%   273  713s
 12624  3400 16259.7947   45  188 16383.0600 16129.8246  1.55%   273  724s
 12830  3475 16307.3061   30  415 16383.0600 16131.3705  1.54%   273  736s
 13037  3553 16322.8959   41  205 16383.0600 16133.2348  1.52%   274  748s
 13257  3591 16361.1413   46  349 16383.0600 16135.6286  1.51%   274  759s
 13498  3643 16193.4888   40  362 16383.0600 16137.5927  1.50%   274  770s
 13703  3714 16363.2555   40  260 16383.0600 16139.8763  1.48%   276  787s
 13984  3787 16168.3893   35  368 16383.0600 16142.2436  1.47%   276  798s
 14255  3846 16232.7862   38  202 16383.0600 16144.3744  1.46%   276  809s
 14482  3879 16354.6033   35  273 16383.0600 16145.9191  1.45%   276  822s
 14684  3978 16306.0988   38  242 16383.0600 16147.2847  1.44%   277  834s
 14965  4047 16354.3700   42  369 16383.0600 16148.7384  1.43%   277  845s
 15198  4090 16334.5249   42  438 16383.0600 16149.8547  1.42%   277  856s
 15390  4143 16330.2528   35  413 16383.0600 16151.6835  1.41%   278  867s
 15644  4203 16312.6664   39  286 16383.0600 16153.1247  1.40%   278  879s
 15861  4269 16283.6851   37  403 16383.0600 16154.2571  1.40%   278  891s
 16119  4323 16342.3913   42  224 16383.0600 16155.8828  1.39%   279  902s
 16352  4419 16363.3689   41  276 16383.0600 16157.8795  1.37%   279  915s
 16664  4500 16211.9651   36  343 16383.0600 16159.6235  1.36%   278  927s
 16971  4553 16285.0386   41  236 16383.0600 16160.9350  1.36%   278  939s
 17219  4628 16187.6143   30  300 16383.0600 16162.2299  1.35%   278  951s
 17487  4712     cutoff   41      16383.0600 16163.2465  1.34%   278  963s
 17774  4782 16310.1211   41  316 16383.0600 16164.6813  1.33%   278  974s
 18084  4826     cutoff   46      16383.0600 16166.0712  1.32%   277  985s
 18314  4898 16336.2167   41  230 16383.0600 16168.2888  1.31%   278  996s
 18544  5014     cutoff   47      16383.0600 16170.0714  1.30%   278 1009s
 18887  5071     cutoff   38      16383.0600 16170.8047  1.30%   277 1021s
 19163  5141 infeasible   41      16383.0600 16172.2945  1.29%   277 1033s
 19464  5182 16289.6866   41  218 16383.0600 16173.1561  1.28%   277 1046s
 19771  5243 16249.7473   41  345 16383.0600 16173.8613  1.28%   277 1058s
 20042  5262     cutoff   39      16383.0600 16174.7108  1.27%   277 1075s
 20114  5310 16345.4152   45  145 16383.0600 16175.0181  1.27%   277 1086s
 20342  5401 16311.1256   34  273 16383.0600 16176.2014  1.26%   277 1097s
 20623  5463 16267.3680   40  275 16383.0600 16177.1636  1.26%   277 1109s
 20909  5520 16237.9716   33  386 16383.0600 16178.5740  1.25%   276 1121s
 21176  5610     cutoff   45      16383.0600 16180.0833  1.24%   277 1133s
 21535  5685 16232.1864   39  362 16383.0600 16181.7360  1.23%   276 1145s
 21820  5784 16330.3700   40  309 16383.0600 16182.6134  1.22%   275 1157s
 22140  5824     cutoff   44      16383.0600 16183.7164  1.22%   275 1169s
 22407  5863     cutoff   44      16383.0600 16184.9558  1.21%   275 1180s
 22669  5921 16319.9029   42  306 16383.0600 16186.1199  1.20%   275 1191s
 22955  5984 16333.7635   43  184 16383.0600 16187.8027  1.19%   274 1203s
 23243  6029     cutoff   38      16383.0600 16189.0321  1.18%   274 1215s
 23496  6122 16260.4526   36  321 16383.0600 16189.4578  1.18%   275 1228s
 23838  6157 infeasible   33      16383.0600 16190.5310  1.18%   274 1240s
 24097  6249 16235.9805   46  246 16383.0600 16191.6930  1.17%   274 1252s
 24468  6294 16377.8684   42  383 16383.0600 16192.8896  1.16%   273 1264s
 24553  6294 infeasible   45      16383.0600 16193.5659  1.16%   274 1265s
 24736  6363 16301.5336   40  357 16383.0600 16193.6323  1.16%   273 1276s
 25043  6413 16229.9158   42  266 16383.0600 16194.7545  1.15%   273 1289s
 25283  6461     cutoff   62      16383.0600 16195.2514  1.15%   273 1300s
 25582  6566     cutoff   40      16383.0600 16196.2011  1.14%   273 1313s
 25949  6630 16382.4877   43  221 16383.0600 16197.2273  1.13%   272 1331s
 26210  6661     cutoff   44      16383.0600 16198.1405  1.13%   272 1342s
 26507  6741 16353.2082   44  284 16383.0600 16199.4843  1.12%   272 1355s
 26845  6826 16273.5541   49  137 16383.0600 16200.5873  1.11%   271 1390s
 27145  6872     cutoff   44      16383.0600 16201.8556  1.11%   270 1403s
 27467  6923 16351.3759   44  442 16383.0600 16202.8148  1.10%   270 1416s
 27733  6971     cutoff   41      16383.0600 16203.3552  1.10%   270 1429s
 28081  7027     cutoff   43      16383.0600 16204.2752  1.09%   269 1441s
 28363  7106 16310.8357   42  392 16383.0600 16204.9158  1.09%   269 1454s
 28668  7159     cutoff   49      16383.0600 16206.0918  1.08%   269 1465s
 28982  7220     cutoff   44      16383.0600 16207.2802  1.07%   268 1477s
 29293  7267 infeasible   42      16383.0600 16208.4617  1.07%   268 1489s
 29599  7304     cutoff   39      16383.0600 16209.0385  1.06%   268 1501s
 29880  7378 16362.0994   35  324 16383.0600 16210.1113  1.06%   268 1513s
 30264  7478 16339.5605   41  221 16383.0600 16211.3728  1.05%   267 1525s
 30689  7548     cutoff   35      16383.0600 16212.4601  1.04%   266 1538s
 31042  7578     cutoff   47      16383.0600 16213.4931  1.04%   265 1549s
 31297  7624 16324.9436   32  321 16383.0600 16214.6247  1.03%   265 1562s
 31591  7673 16342.2266   43  244 16383.0600 16215.5314  1.02%   265 1575s
 31957  7739     cutoff   49      16383.0600 16216.1445  1.02%   264 1587s
 32326  7776 16348.6042   37  440 16383.0600 16217.2995  1.01%   264 1601s
 32627  7837 16267.8111   38  349 16383.0600 16218.0909  1.01%   263 1612s
 32973  7868 16291.9049   38  352 16383.0600 16219.0136  1.00%   263 1625s
 33238  7932     cutoff   45      16383.0600 16219.7846  1.00%   263 1638s
 33597  8009 16301.1966   42  202 16383.0600 16220.7787  0.99%   262 1650s
 33954  8042     cutoff   33      16383.0600 16221.7063  0.98%   262 1662s
 34246  8074 16337.0242   38  248 16383.0600 16222.4562  0.98%   262 1674s
 34556  8133     cutoff   34      16383.0600 16223.4592  0.97%   261 1686s
 34918  8208 16258.3788   39  201 16383.0600 16224.2946  0.97%   261 1699s
 35119  8208 16333.2365   40  305 16383.0600 16224.8227  0.97%   261 1700s
 35302  8239 16309.2129   46  267 16383.0600 16225.0816  0.96%   260 1712s
 35606  8278 16284.2225   39  262 16383.0600 16226.0894  0.96%   260 1724s
 35941  8278 16288.2966   46  190 16383.0600 16226.7624  0.95%   260 1725s
 35974  8309     cutoff   36      16383.0600 16226.9101  0.95%   260 1736s
 36300  8327     cutoff   45      16383.0600 16227.6809  0.95%   259 1748s
 36536  8414 16367.9186   39  192 16383.0600 16228.5892  0.94%   259 1761s
 36990  8433 16331.3834   46  199 16383.0600 16229.4698  0.94%   258 1773s
 37259  8462 16354.7589   38  275 16383.0600 16230.4593  0.93%   258 1785s
 37641  8526 16371.6936   52  133 16383.0600 16231.2687  0.93%   258 1797s
 38016  8554 16291.9675   42  249 16383.0600 16232.2138  0.92%   257 1810s
 38303  8613 16299.8957   44  303 16383.0600 16232.8709  0.92%   257 1823s
 38611  8669 16323.3516   35  288 16383.0600 16233.4899  0.91%   257 1834s
 38931  8724 16322.7143   39  186 16383.0600 16234.3705  0.91%   257 1847s
 39314  8760 16290.9353   42  291 16383.0600 16235.1585  0.90%   256 1858s
 39615  8851 16339.5126   40  350 16383.0600 16236.2194  0.90%   256 1872s
 40065  8900 16297.1651   37  227 16383.0600 16237.0982  0.89%   255 1885s
 40404  8978 16285.2646   42  246 16383.0600 16237.8044  0.89%   255 1897s
 40871  9004 16291.3168   35  367 16383.0600 16238.7323  0.88%   254 1911s
 41249  9041     cutoff   39      16383.0600 16239.6828  0.88%   254 1924s
 41571  9061 16356.0199   35  359 16383.0600 16240.3224  0.87%   254 1936s
 41942  9114     cutoff   48      16383.0600 16241.0650  0.87%   253 1950s
 42376  9155 16343.3466   44  305 16383.0600 16241.8477  0.86%   253 1962s
 42718  9191     cutoff   44      16383.0600 16242.2846  0.86%   252 1975s
 43043  9211 16315.3970   30  394 16383.0600 16243.2086  0.85%   252 1987s
 43356  9235     cutoff   42      16383.0600 16244.0044  0.85%   252 1999s
 43547  9235 16377.4681   39  304 16383.0600 16244.7037  0.84%   252 2000s
 43712  9236 16333.7506   33  369 16383.0600 16244.7694  0.84%   252 2012s
 44115  9235     cutoff   42      16383.0600 16245.7142  0.84%   251 2026s
 44417  9289 16347.7072   39  325 16383.0600 16246.3701  0.83%   251 2039s
 44819  9342 16344.4492   33  401 16383.0600 16247.1951  0.83%   251 2052s
 45218  9349     cutoff   43      16383.0600 16247.7035  0.83%   251 2064s
 45547  9381     cutoff   46      16383.0600 16248.4717  0.82%   250 2077s
 45961  9386     cutoff   42      16383.0600 16249.5134  0.82%   250 2090s
 46368  9445 16271.7039   41  375 16383.0600 16250.3260  0.81%   250 2102s
 46754  9451 16342.6825   43  342 16383.0600 16251.3279  0.80%   249 2115s
 47144  9468 16369.6463   42  245 16383.0600 16252.1800  0.80%   249 2128s
 47520  9518     cutoff   40      16383.0600 16252.8676  0.79%   248 2141s
 48029  9535 16353.2044   44  283 16383.0600 16254.0164  0.79%   248 2155s
 48423  9578 16268.5534   37  295 16383.0600 16254.6476  0.78%   247 2167s
 48843  9572     cutoff   49      16383.0600 16255.6828  0.78%   247 2180s
 49180  9561 16338.6660   39  360 16383.0600 16256.6371  0.77%   247 2192s
 49532  9568     cutoff   43      16383.0600 16257.4346  0.77%   246 2204s
 49877  9584 16361.2872   36  270 16383.0600 16258.3495  0.76%   246 2217s
 50288  9579 16317.9067   40  357 16383.0600 16259.0252  0.76%   246 2229s
 50443  9579 16329.4663   44  358 16383.0600 16259.7737  0.75%   246 2230s
 50657  9588 16283.4959   42  252 16383.0600 16259.8210  0.75%   246 2242s
 51036  9604     cutoff   35      16383.0600 16260.6028  0.75%   245 2255s
 51404  9606 16354.4636   38  340 16383.0600 16261.3908  0.74%   245 2267s
 51724  9621 infeasible   47      16383.0600 16261.8440  0.74%   245 2279s
 51916  9621 16334.7059   37  237 16383.0600 16263.0126  0.73%   245 2280s
 52136  9621 16344.2307   42  406 16383.0600 16263.0306  0.73%   245 2292s
 52530  9628 16296.8686   43  363 16383.0600 16263.7693  0.73%   244 2305s
 52862  9641     cutoff   42      16383.0600 16264.3783  0.72%   244 2317s
 53278  9679 16303.6724   46  199 16383.0600 16264.9001  0.72%   244 2330s
 53727  9676 16311.5394   60  151 16383.0600 16265.7794  0.72%   243 2343s
 54126  9693 16285.8691   39  290 16383.0600 16266.4599  0.71%   243 2355s
 54537  9719 16331.3714   39  312 16383.0600 16267.1558  0.71%   243 2368s
 54956  9712 16337.5319   40  383 16383.0600 16267.9031  0.70%   242 2380s
 55278  9724 16321.1529   43  211 16383.0600 16268.4357  0.70%   242 2393s
 55716  9708     cutoff   41      16383.0600 16269.2982  0.69%   242 2405s
 56094  9717 16283.9672   37  320 16383.0600 16270.0139  0.69%   241 2415s
 56360  9738 16344.9417   44  186 16383.0600 16270.3231  0.69%   241 2427s
 56808  9697     cutoff   40      16383.0600 16271.0102  0.68%   241 2439s
 56987  9697     cutoff   42      16383.0600 16271.8098  0.68%   241 2440s
 57145  9688 16350.7014   40  279 16383.0600 16271.8195  0.68%   241 2450s
 57510  9682 16364.6256   59   96 16383.0600 16272.6497  0.67%   241 2460s
 57804  9678 16328.5601   41  353 16383.0600 16273.3705  0.67%   240 2469s
 57957  9678 16343.9466   46  296 16383.0600 16273.7398  0.67%   240 2470s
 58121  9663     cutoff   39      16383.0600 16273.7679  0.67%   240 2479s
 58462  9647 16356.3286   41  348 16383.0600 16274.4527  0.66%   240 2489s
 58781  9626 16328.6041   45  270 16383.0600 16275.1322  0.66%   240 2499s
 59050  9627 16377.3774   42  280 16383.0600 16275.6687  0.66%   239 2509s
 59238  9627 16287.7155   44  208 16383.0600 16276.5807  0.65%   239 2510s
 59470  9605     cutoff   42      16383.0600 16276.5973  0.65%   239 2518s
 59791  9596 16369.2099   44  144 16383.0600 16277.1572  0.65%   238 2528s
 60105  9616 16351.2636   46  365 16383.0600 16277.6436  0.64%   238 2537s
 60416  9614 16364.3001   48  197 16383.0600 16278.0739  0.64%   238 2549s
 60885  9588     cutoff   48      16383.0600 16279.0674  0.63%   237 2561s
 61276  9577 16317.9762   46  215 16383.0600 16279.7150  0.63%   237 2570s
 61593  9558 16352.1984   38  267 16383.0600 16280.5185  0.63%   237 2579s
 61903  9518 16336.3081   59   30 16383.0600 16281.0677  0.62%   237 2588s
 62184  9528     cutoff   38      16383.0600 16281.5689  0.62%   236 2597s
 62518  9498     cutoff   42      16383.0600 16282.2921  0.62%   236 2606s
 62779  9511 16358.3662   34  357 16383.0600 16282.6338  0.61%   236 2615s
 63067  9482     cutoff   41      16383.0600 16283.1881  0.61%   236 2624s
 63322  9452     cutoff   39      16383.0600 16283.6426  0.61%   236 2633s
 63610  9413     cutoff   58      16383.0600 16284.3385  0.60%   236 2642s
 63940  9403 16365.5945   44  182 16383.0600 16284.9859  0.60%   235 2652s
 64248  9378     cutoff   39      16383.0600 16285.5094  0.60%   235 2662s
 64650  9378     cutoff   42      16383.0600 16286.3000  0.59%   235 2671s
 64970  9336     cutoff   49      16383.0600 16286.6958  0.59%   234 2680s
 65218  9313     cutoff   47      16383.0600 16287.3846  0.58%   234 2690s
 65564  9285 16374.6535   40  302 16383.0600 16288.1775  0.58%   234 2699s
 65833  9291 16330.0989   37  331 16383.0600 16288.6205  0.58%   234 2708s
 66153  9263     cutoff   47      16383.0600 16289.1713  0.57%   234 2718s
 66461  9251 16317.2448   47  221 16383.0600 16289.6393  0.57%   233 2727s
 66768  9227     cutoff   41      16383.0600 16290.1742  0.57%   233 2737s
 67087  9199     cutoff   43      16383.0600 16290.7438  0.56%   233 2747s
 67487  9166     cutoff   40      16383.0600 16291.3160  0.56%   232 2756s
 67760  9124 16369.5865   50  155 16383.0600 16291.7918  0.56%   232 2766s
 68057  9093     cutoff   32      16383.0600 16292.4726  0.55%   232 2775s
 68390  9063     cutoff   44      16383.0600 16293.0120  0.55%   232 2784s
 68742  9030     cutoff   42      16383.0600 16293.7289  0.55%   232 2793s
 69081  8998 16363.7567   43  155 16383.0600 16294.3416  0.54%   231 2803s
 69388  8961     cutoff   42      16383.0600 16295.0143  0.54%   231 2811s
 69675  8935 16337.3643   41  277 16383.0600 16295.6671  0.53%   231 2820s
 70010  8894 16323.7923   44  147 16383.0600 16296.3140  0.53%   231 2829s
 70157  8894 16350.1826   42  347 16383.0600 16296.7044  0.53%   231 2830s
 70339  8828 16329.8073   44  267 16383.0600 16296.7290  0.53%   230 2839s
 70719  8804 16307.1132   38  259 16383.0600 16297.3214  0.52%   230 2848s
 71030  8776     cutoff   46      16383.0600 16297.7879  0.52%   230 2857s
 71364  8727     cutoff   46      16383.0600 16298.3816  0.52%   229 2866s
 71632  8689 16353.0254   43  240 16383.0600 16298.8715  0.51%   229 2875s
 71932  8655 16349.6000   46  216 16383.0600 16299.3167  0.51%   229 2884s
 72199  8623 16339.4139   46  315 16383.0600 16299.6310  0.51%   229 2894s
 72527  8593 16362.3924   39  240 16383.0600 16300.2313  0.51%   229 2903s
 72841  8520     cutoff   44      16383.0600 16300.7467  0.50%   229 2912s
 73193  8484     cutoff   46      16383.0600 16301.3887  0.50%   228 2921s
 73570  8409     cutoff   41      16383.0600 16301.9356  0.50%   228 2931s
 73923  8362     cutoff   33      16383.0600 16302.6286  0.49%   228 2940s
 74255  8285 infeasible   45      16383.0600 16303.2114  0.49%   227 2948s
 74554  8218 16316.4482   42  274 16383.0600 16303.8640  0.48%   227 2957s
 74861  8178     cutoff   43      16383.0600 16304.4636  0.48%   227 2966s
 75261  8092     cutoff   50      16383.0600 16304.9966  0.48%   227 2975s
 75669  8053     cutoff   44      16383.0600 16305.7532  0.47%   226 2984s
 75867  8053     cutoff   59      16383.0600 16306.3117  0.47%   226 2985s
 76044  7993     cutoff   34      16383.0600 16306.3157  0.47%   226 2994s
 76456  7906 16350.4075   41  197 16383.0600 16307.0525  0.46%   225 3003s
 76799  7835     cutoff   41      16383.0600 16307.7194  0.46%   225 3012s
 77179  7767 16361.2758   43  184 16383.0600 16308.3913  0.46%   225 3022s
 77625  7688 16335.8246   45  189 16383.0600 16309.0974  0.45%   224 3030s
 77970  7612     cutoff   46      16383.0600 16309.6956  0.45%   224 3039s
 78269  7521     cutoff   43      16383.0600 16310.4052  0.44%   224 3047s
 78642  7414 16353.2127   56  178 16383.0600 16311.2274  0.44%   224 3057s
 78953  7338     cutoff   42      16383.0600 16311.9807  0.43%   223 3065s
 79316  7265 16335.6311   58  114 16383.0600 16312.6637  0.43%   223 3075s
 79799  7165 16314.8789   53  209 16383.0600 16313.4803  0.42%   222 3084s
 80157  7062 16328.9853   41  244 16383.0600 16314.1893  0.42%   222 3093s
 80490  6962     cutoff   43      16383.0600 16315.0378  0.42%   222 3102s
 80857  6872     cutoff   43      16383.0600 16315.9145  0.41%   222 3111s
 81343  6772 16330.1678   36  426 16383.0600 16316.8112  0.40%   221 3121s
 81803  6695     cutoff   44      16383.0600 16317.6599  0.40%   221 3130s
 82178  6581 16371.6303   52  134 16383.0600 16318.2173  0.40%   220 3139s
 82577  6483 16355.1648   45  134 16383.0600 16318.9605  0.39%   220 3149s
 82845  6342 16364.9469   49  213 16383.0600 16319.6369  0.39%   220 3156s
 83192  6221     cutoff   47      16383.0600 16320.5669  0.38%   219 3165s
 83602  6076     cutoff   41      16383.0600 16321.3584  0.38%   219 3174s
 83814  6076 16349.7615   42  310 16383.0600 16322.1926  0.37%   219 3175s
 83993  5944     cutoff   56      16383.0600 16322.3133  0.37%   219 3184s
 84442  5820     cutoff   43      16383.0600 16323.3310  0.36%   218 3195s
 84878  5688     cutoff   33      16383.0600 16324.2995  0.36%   218 3205s
 85381  5538 16338.2007   47  133 16383.0600 16325.0345  0.35%   217 3214s
 85846  5396     cutoff   47      16383.0600 16326.3646  0.35%   217 3224s
 86050  5396 16372.0119   46  241 16383.0600 16326.3646  0.35%   217 3225s
 86350  5296 16338.5824   37  343 16383.0600 16327.2821  0.34%   216 3234s
 86701  5173     cutoff   37      16383.0600 16327.8945  0.34%   216 3243s
 87185  5033 16335.8223   54  217 16383.0600 16328.8162  0.33%   216 3252s
 87654  4827     cutoff   57      16383.0600 16329.8245  0.32%   215 3262s
 88115  4610 16354.1318   32  268 16383.0600 16331.3507  0.32%   215 3272s
 88668  4390     cutoff   42      16383.0600 16332.7479  0.31%   214 3282s
 89199  4155     cutoff   56      16383.0600 16334.0618  0.30%   213 3292s
 89722  3908     cutoff   52      16383.0600 16335.6104  0.29%   213 3303s
 90311  3661     cutoff   54      16383.0600 16337.2691  0.28%   212 3314s
 90874  3387     cutoff   64      16383.0600 16339.0528  0.27%   212 3324s
 91482  3102     cutoff   40      16383.0600 16340.9922  0.26%   211 3334s
 92116  2818     cutoff   59      16383.0600 16342.9332  0.24%   210 3344s
 92761  2593 16351.1888   45  281 16383.0600 16344.9225  0.23%   209 3354s
 93312  2317 16365.8191   54  119 16383.0600 16346.5938  0.22%   209 3363s
 93828  1984 16366.6608   43  286 16383.0600 16348.3425  0.21%   208 3371s
 94385  1630     cutoff   51      16383.0600 16350.8919  0.20%   207 3379s
 95002  1243 16366.6645   40  233 16383.0600 16353.7082  0.18%   207 3387s
 95659   861     cutoff   46      16383.0600 16357.0265  0.16%   206 3393s
 96221   478     cutoff   45      16383.0600 16360.8652  0.14%   205 3399s
 96793     5     cutoff   45      16383.0600 16366.5754  0.10%   204 3405s

Cutting planes:
  User: 2208
  Gomory: 50
  Cover: 281
  Implied bound: 28
  Clique: 20
  MIR: 205
  StrongCG: 5
  Flow cover: 524
  Zero half: 34
  RLT: 219
  Relax-and-lift: 5
  Lazy constraints: 347

Explored 97366 nodes (19786811 simplex iterations) in 3405.73 seconds
Thread count was 2 (of 32 available processors)

Solution count 10: 16383.1 16414.1 16445.7 ... 17121.6

Optimal solution found (tolerance 1.00e-04)
Best objective 1.638306000000e+04, best bound 1.638242712186e+04, gap 0.0039%

User-callback calls 362116, time in user-callback 212.06 sec
================================================================================
executing instance: ./input/Instances/Original/6/absH6high_1n20.dat
--------------------------------------------------------------------------------
Instance details
n	21
H	6
C	1651
Li:
[0, 0, 0, 0, 0, 0, 0, 0, 0, 0, 0, 0, 0, 0, 0, 0, 0, 0, 0, 0, 0, ]
Ui:
[0, 36, 182, 182, 90, 261, 117, 30, 110, 42, 276, 153, 40, 94, 144, 46, 129, 213, 264, 160, 174, ]
Distance matrix:
|0	371	401	343	361	341	370	115	392	400	79	266	292	245	355	431	265	194	95	92	348	|
|371	0	37	141	110	250	117	438	67	131	372	305	115	238	247	255	235	296	392	430	185	|
|401	37	0	175	100	284	146	472	90	156	406	342	152	275	280	282	242	333	415	455	178	|
|343	141	175	0	239	110	38	374	95	60	314	182	67	130	106	127	318	201	397	423	303	|
|361	110	100	239	0	341	222	451	177	240	385	374	190	304	341	361	151	345	354	398	78	|
|341	250	284	110	341	0	143	337	203	151	289	102	152	97	15	95	394	156	415	431	398	|
|370	117	146	38	222	143	0	407	61	30	346	220	81	167	137	139	317	237	417	447	292	|
|115	438	472	374	451	337	407	0	443	434	66	241	339	251	351	431	374	181	201	177	450	|
|392	67	90	95	177	203	61	443	0	66	379	275	104	216	197	193	294	283	427	461	252	|
|400	131	156	60	240	151	30	434	66	0	374	237	112	189	142	127	344	261	448	477	312	|
|79	372	406	314	385	289	346	66	379	374	0	202	275	197	304	383	316	134	175	166	388	|
|266	305	342	182	374	102	220	241	275	237	202	0	191	70	117	196	386	73	352	359	415	|
|292	115	152	67	190	152	81	339	104	112	275	191	0	123	154	193	252	183	336	366	246	|
|245	238	275	130	304	97	167	251	216	189	197	70	123	0	110	187	322	72	319	334	346	|
|355	247	280	106	341	15	137	351	197	142	304	117	154	110	0	80	399	171	427	444	400	|
|431	255	282	127	361	95	139	431	193	127	383	196	193	187	80	0	444	251	499	519	429	|
|265	235	242	318	151	394	317	374	294	344	316	386	252	322	399	444	0	332	226	273	97	|
|194	296	333	201	345	156	237	181	283	261	134	73	183	72	171	251	332	0	279	286	375	|
|95	392	415	397	354	415	417	201	427	448	175	352	336	319	427	499	226	279	0	47	321	|
|92	430	455	423	398	431	447	177	461	477	166	359	366	334	444	519	273	286	47	0	368	|
|348	185	178	303	78	398	292	450	252	312	388	415	246	346	400	429	97	375	321	368	0	|

--------------------------------------------------------------------------------
Building model...
	using lazy and cut (CVRPSEP package)
Solving IRP LP...
--------------------------------------------------------------------------------

Gurobi 9.1.0 (linux64) logging started Sun Jan 10 11:01:49 2021

Gurobi Optimizer version 9.1.0 build v9.1.0rc0 (linux64)
Thread count: 32 physical cores, 32 logical processors, using up to 2 threads
Optimize a model with 903 rows, 3159 columns and 8235 nonzeros
Model fingerprint: 0x9bf95c67
Variable types: 387 continuous, 2772 integer (252 binary)
Coefficient statistics:
  Matrix range     [1e+00, 2e+06]
  Objective range  [1e-01, 5e+02]
  Bounds range     [1e+00, 3e+02]
  RHS range        [1e+01, 3e+03]
Presolve removed 210 rows and 103 columns
Presolve time: 0.05s
Presolved: 693 rows, 3056 columns, 7478 nonzeros
Variable types: 305 continuous, 2751 integer (2512 binary)

Root relaxation: objective 1.252368e+04, 1108 iterations, 0.03 seconds

    Nodes    |    Current Node    |     Objective Bounds      |     Work
 Expl Unexpl |  Obj  Depth IntInf | Incumbent    BestBd   Gap | It/Node Time

     0     0 12523.6776    0  162          - 12523.6776      -     -    0s
     0     0 12746.9204    0  196          - 12746.9204      -     -    0s
