




arguments: ./build/mirp_solver -f ./input/orig_exec_89.cfg
Current dir: /scratch/gui/bnc_mirp
File verbosity level: 9
date       time         ( uptime  ) [ thread name/id ]                   file:line     v| 
2021-01-09 17:19:11.271 (   0.094s) [main thread     ]             loguru.cpp:789   INFO| Logging to './output/vi_lex_full/OU/V2/Original/execution_09_01_2021_17_19_11.log', mode: 'a', verbosity: 9
--------------------------------------------------------------------------------
Parameters
                           instance_path           ./input/Instances/Original/3/
                            model_policy                                       1
                             nb_vehicles                                       2
                              output_dir    ./output/vi_lex_full/OU/V2/Original/
                            sec_strategy                                       1
                       solver_nb_threads                                       2
                         solver_show_log                                    true
                       solver_time_limit                                    3600
                              use_vi_cos                                   false
                              use_vi_cus                                   false
                         use_vi_hc1_full                                   false
                         use_vi_hc1_half                                   false
                      use_vi_hc1_quarter                                   false
                              use_vi_hc2                                   false
                              use_vi_hc3                                   false
                         use_vi_lex_full                                    true
                         use_vi_lex_half                                   false
                      use_vi_lex_quarter                                   false
                              use_vi_qua                                   false
                               use_vi_vc                                   false
                               use_vi_vr                                   false
--------------------------------------------------------------------------------
executing instance: ./input/Instances/Original/3/absH3low_2n5.dat
--------------------------------------------------------------------------------
Instance details
n	6
H	3
C	237
Li:
[0, 0, 0, 0, 0, 0, ]
Ui:
[0, 93, 180, 51, 114, 24, ]
Distance matrix:
|0	170	318	35	112	235	|
|170	0	311	205	258	301	|
|318	311	0	326	278	137	|
|35	205	326	0	89	230	|
|112	258	278	89	0	160	|
|235	301	137	230	160	0	|

--------------------------------------------------------------------------------
Building model...
	using lazy and cut (CVRPSEP package)
Solving IRP LP...
--------------------------------------------------------------------------------

Gurobi 9.1.0 (linux64) logging started Sat Jan  9 17:19:11 2021

Gurobi Optimizer version 9.1.0 build v9.1.0rc0 (linux64)
Thread count: 32 physical cores, 32 logical processors, using up to 2 threads
Optimize a model with 132 rows, 180 columns and 603 nonzeros
Model fingerprint: 0x7f9e6184
Variable types: 54 continuous, 126 integer (36 binary)
Coefficient statistics:
  Matrix range     [1e+00, 2e+02]
  Objective range  [1e-02, 3e+02]
  Bounds range     [1e+00, 2e+02]
  RHS range        [1e+01, 5e+02]
Presolve removed 42 rows and 29 columns
Presolve time: 0.01s
Presolved: 90 rows, 151 columns, 468 nonzeros
Variable types: 32 continuous, 119 integer (90 binary)
Found heuristic solution: objective 2890.5400000
Found heuristic solution: objective 1801.5200000
Found heuristic solution: objective 1738.9000000

Root relaxation: objective 5.780448e+02, 100 iterations, 0.00 seconds

    Nodes    |    Current Node    |     Objective Bounds      |     Work
 Expl Unexpl |  Obj  Depth IntInf | Incumbent    BestBd   Gap | It/Node Time

     0     0  578.04476    0   14 1738.90000  578.04476  66.8%     -    0s
     0     0  689.72883    0   20 1738.90000  689.72883  60.3%     -    0s
     0     0  845.56133    0   24 1738.90000  845.56133  51.4%     -    0s
     0     0 1191.04004    0   35 1738.90000 1191.04004  31.5%     -    0s
H    0     0                    1464.9000000 1191.04004  18.7%     -    0s
     0     0 1282.46438    0   38 1464.90000 1282.46438  12.5%     -    0s
     0     0 1388.30526    0   30 1464.90000 1388.30526  5.23%     -    0s
H    0     0                    1437.9000000 1388.30526  3.45%     -    0s
     0     0 1400.09521    0   17 1437.90000 1400.09521  2.63%     -    0s
     0     0 1400.09521    0   14 1437.90000 1400.09521  2.63%     -    0s
     0     0 1413.66179    0   27 1437.90000 1413.66179  1.69%     -    0s
     0     0     cutoff    0      1437.90000 1437.90000  0.00%     -    0s

Explored 1 nodes (463 simplex iterations) in 0.08 seconds
Thread count was 2 (of 32 available processors)

Solution count 5: 1437.9 1464.9 1738.9 ... 2890.54

Optimal solution found (tolerance 1.00e-04)
Best objective 1.437900000000e+03, best bound 1.437900000000e+03, gap 0.0000%

User-callback calls 153, time in user-callback 0.00 sec
================================================================================
executing instance: ./input/Instances/Original/3/absH3high_5n30.dat
--------------------------------------------------------------------------------
Instance details
n	31
H	3
C	2296
Li:
[0, 0, 0, 0, 0, 0, 0, 0, 0, 0, 0, 0, 0, 0, 0, 0, 0, 0, 0, 0, 0, 0, 0, 0, 0, 0, 0, 0, 0, 0, 0, ]
Ui:
[0, 80, 90, 297, 28, 264, 123, 192, 112, 32, 72, 88, 294, 129, 126, 105, 110, 237, 246, 92, 72, 147, 54, 96, 128, 96, 84, 28, 74, 196, 192, ]
Distance matrix:
|0	87	302	65	389	171	219	120	412	339	129	63	169	401	383	158	393	161	246	275	64	287	345	235	13	274	106	201	85	358	135	|
|87	0	334	128	402	212	301	204	465	384	187	145	232	424	454	238	475	245	289	352	80	307	352	321	81	352	20	261	170	376	215	|
|302	334	0	239	113	132	237	334	157	70	404	263	162	105	227	229	339	251	65	217	259	53	107	352	293	220	339	134	270	75	235	|
|65	128	239	0	330	107	175	130	348	275	174	40	107	339	326	114	351	125	181	224	58	228	290	222	58	224	143	138	65	297	92	|
|389	402	113	330	0	226	349	438	210	151	502	360	269	48	316	339	441	362	175	328	335	102	55	465	377	330	401	245	371	37	342	|
|171	212	132	107	226	0	169	214	253	173	276	134	64	233	261	130	326	153	77	188	133	125	192	264	162	190	220	68	145	193	125	|
|219	301	237	175	349	169	0	157	257	223	244	157	105	334	180	62	175	61	177	63	233	264	334	118	221	61	317	112	136	312	85	|
|120	204	334	130	438	214	157	0	402	348	88	90	173	438	336	115	307	100	269	220	172	338	406	122	130	218	224	204	69	403	101	|
|412	465	157	348	210	253	257	402	0	88	486	359	245	166	129	287	266	303	178	204	386	208	239	370	406	207	473	212	354	187	304	|
|339	384	70	275	151	173	223	348	88	0	427	291	179	120	166	234	290	254	96	187	306	123	166	342	332	190	391	145	291	119	247	|
|129	187	404	174	502	276	244	88	486	427	0	142	248	508	424	200	390	187	342	308	193	400	464	192	142	306	207	281	136	469	182	|
|63	145	263	40	360	134	157	90	359	291	142	0	114	366	321	95	331	99	202	212	90	258	323	186	65	211	163	148	27	327	72	|
|169	232	162	107	269	64	105	173	245	179	248	114	0	266	222	71	268	94	97	131	155	173	244	203	164	132	245	34	113	233	73	|
|401	424	105	339	48	233	334	438	166	120	508	366	266	0	280	332	409	355	169	305	353	117	96	452	391	308	425	237	374	49	339	|
|383	454	227	326	316	261	180	336	129	166	424	321	222	280	0	231	137	238	208	116	376	277	331	272	381	118	467	197	307	285	253	|
|158	238	229	114	339	130	62	115	287	234	200	95	71	332	231	0	238	23	164	118	171	243	314	134	159	117	255	95	77	302	23	|
|393	475	339	351	441	326	175	307	266	290	390	331	268	409	137	238	0	232	300	138	408	383	445	204	395	136	492	258	308	406	260	|
|161	245	251	125	362	153	61	100	303	254	187	99	94	355	238	23	232	0	187	123	183	267	338	111	164	121	262	117	77	325	34	|
|246	289	65	181	175	77	177	269	178	96	342	202	97	169	208	164	300	187	0	168	210	87	157	290	238	171	296	70	206	138	170	|
|275	352	217	224	328	188	63	220	204	187	308	212	131	305	116	118	138	123	168	0	279	255	322	166	275	3	367	120	195	291	141	|
|64	80	259	58	335	133	233	172	386	306	193	90	155	353	376	171	408	183	210	279	0	236	289	276	51	279	90	182	117	307	150	|
|287	307	53	228	102	125	264	338	208	123	400	258	173	117	277	243	383	267	87	255	236	0	71	374	276	257	308	153	270	71	245	|
|345	352	107	290	55	192	334	406	239	166	464	323	244	96	331	314	445	338	157	322	289	71	0	445	334	325	350	224	337	54	315	|
|235	321	352	222	465	264	118	122	370	342	192	186	203	452	272	134	204	111	290	166	276	374	445	0	243	164	341	221	159	428	142	|
|13	81	293	58	377	162	221	130	406	332	142	65	164	391	381	159	395	164	238	275	51	276	334	243	0	274	100	196	89	347	136	|
|274	352	220	224	330	190	61	218	207	190	306	211	132	308	118	117	136	121	171	3	279	257	325	164	274	0	367	122	194	294	140	|
|106	20	339	143	401	220	317	224	473	391	207	163	245	425	467	255	492	262	296	367	90	308	350	341	100	367	0	272	188	377	232	|
|201	261	134	138	245	68	112	204	212	145	281	148	34	237	197	95	258	117	70	120	182	153	224	221	196	122	272	0	146	208	103	|
|85	170	270	65	371	145	136	69	354	291	136	27	113	374	307	77	308	77	206	195	117	270	337	159	89	194	188	146	0	337	54	|
|358	376	75	297	37	193	312	403	187	119	469	327	233	49	285	302	406	325	138	291	307	71	54	428	347	294	377	208	337	0	306	|
|135	215	235	92	342	125	85	101	304	247	182	72	73	339	253	23	260	34	170	141	150	245	315	142	136	140	232	103	54	306	0	|

--------------------------------------------------------------------------------
Building model...
	using lazy and cut (CVRPSEP package)
Solving IRP LP...
--------------------------------------------------------------------------------

Gurobi 9.1.0 (linux64) logging started Sat Jan  9 17:19:11 2021

Gurobi Optimizer version 9.1.0 build v9.1.0rc0 (linux64)
Thread count: 32 physical cores, 32 logical processors, using up to 2 threads
Optimize a model with 682 rows, 3280 columns and 7978 nonzeros
Model fingerprint: 0x5566341b
Variable types: 304 continuous, 2976 integer (186 binary)
Coefficient statistics:
  Matrix range     [1e+00, 2e+09]
  Objective range  [1e-01, 5e+02]
  Bounds range     [1e+00, 3e+02]
  RHS range        [1e+01, 4e+03]
Warning: Model contains large matrix coefficients
         Consider reformulating model or setting NumericFocus parameter
         to avoid numerical issues.
Presolve removed 217 rows and 153 columns
Presolve time: 0.06s
Presolved: 465 rows, 3127 columns, 7214 nonzeros
Variable types: 182 continuous, 2945 integer (2766 binary)

Root relaxation: objective 8.845852e+03, 508 iterations, 0.01 seconds

    Nodes    |    Current Node    |     Objective Bounds      |     Work
 Expl Unexpl |  Obj  Depth IntInf | Incumbent    BestBd   Gap | It/Node Time

     0     0 8845.85168    0   79          - 8845.85168      -     -    0s
     0     0 9229.56706    0  109          - 9229.56706      -     -    0s
     0     0 9238.43613    0  116          - 9238.43613      -     -    0s
     0     0 9238.44800    0  116          - 9238.44800      -     -    0s
     0     0 9715.11366    0  129          - 9715.11366      -     -    0s
     0     0 9742.14620    0  122          - 9742.14620      -     -    0s
     0     0 9743.05478    0  138          - 9743.05478      -     -    0s
     0     0 9792.22811    0  176          - 9792.22811      -     -    0s
     0     0 9798.66603    0  180          - 9798.66603      -     -    0s
     0     0 9799.29972    0  183          - 9799.29972      -     -    0s
     0     0 9823.79316    0  182          - 9823.79316      -     -    0s
     0     0 9839.98134    0  235          - 9839.98134      -     -    0s
     0     0 9844.39588    0  203          - 9844.39588      -     -    0s
     0     0 9845.82777    0  226          - 9845.82777      -     -    0s
     0     0 9847.26565    0  235          - 9847.26565      -     -    0s
     0     0 9847.27162    0  235          - 9847.27162      -     -    0s
     0     0 9860.38025    0  230          - 9860.38025      -     -    0s
     0     0 9865.87724    0  247          - 9865.87724      -     -    0s
     0     0 9867.42648    0  244          - 9867.42648      -     -    0s
     0     0 9876.19895    0  209          - 9876.19895      -     -    0s
     0     0 9876.19895    0  209          - 9876.19895      -     -    0s
     0     2 9876.53796    0  209          - 9876.53796      -     -    1s
   387   411 10684.6299   59   96          - 9894.72198      -  67.7    5s
   749   685 11573.2507  102  271          - 9959.87495      -  54.7   10s
   817   736 10282.4986   26  113          - 10000.8928      -  70.4   15s
* 1047   843              75    11500.620000 10002.3222  13.0%  70.5   19s
  1070   821 10068.1698   15  222 11500.6200 10002.3222  13.0%  70.1   20s
  1276   962 10614.3513   69   38 11500.6200 10002.3222  13.0%  70.4   25s
  1523  1073 10563.3225   37    8 11500.6200 10002.9244  13.0%  66.2   30s
  1726  1184 10194.0643   16  189 11500.6200 10023.7887  12.8%  65.7   35s
  1923  1303 10210.1091   20  196 11500.6200 10041.1128  12.7%  65.3   40s
  2223  1444 10591.5805   35  109 11500.6200 10042.3366  12.7%  63.7   45s
  2475  1613 10782.5606   62   52 11500.6200 10063.1434  12.5%  63.7   51s
  2686  1706 11161.2873  128    3 11500.6200 10063.1434  12.5%  63.4   55s
  2938  1912 10289.0408   20  157 11500.6200 10076.0151  12.4%  63.2   61s
  3044  2047 10819.5605   49   65 11500.6200 10086.1676  12.3%  63.6   65s
  3299  2259 10535.6567   25  110 11500.6200 10089.1581  12.3%  63.3   70s
  3452  2434 11021.0062   50   73 11500.6200 10092.4259  12.2%  63.8   75s
  3724  2561 10397.5833   32   21 11500.6200 10101.1074  12.2%  62.7   80s
  3960  2852 10624.5796   23  261 11500.6200 10102.9062  12.2%  62.6   86s
  4186  3054 10547.2273   36   18 11500.6200 10106.3669  12.1%  62.1   90s
  4405  3205 10719.9164   45   79 11500.6200 10111.4321  12.1%  62.1   96s
H 4418  2611                    11109.540000 10111.4321  8.98%  62.0   96s
  4640  2721 10772.9017   50   45 11109.5400 10115.3095  8.95%  62.0  104s
  4759  2794 10241.6883   17  168 11109.5400 10115.4803  8.95%  61.8  106s
H 4835  2832                    11105.540000 10115.4803  8.92%  62.3  109s
  4907  2871 10396.6133   22   29 11105.5400 10118.3746  8.89%  62.9  112s
  4960  2926 10639.4700   40    - 11105.5400 10121.5661  8.86%  63.0  115s
  5117  3113 10561.6065   38  132 11105.5400 10130.2486  8.78%  64.3  121s
  5258  3213     cutoff   79      11105.5400 10130.5513  8.78%  64.3  125s
  5524  3445 infeasible   85      11105.5400 10136.4854  8.73%  64.7  132s
  5707  3526 infeasible   89      11105.5400 10140.1278  8.69%  64.4  136s
  5867  3611 11028.8071   70    4 11105.5400 10143.0047  8.67%  65.0  140s
  6067  3812 10926.5600   60   12 11105.5400 10146.9906  8.63%  65.6  147s
  6152  3932 11007.0445   61   24 11105.5400 10151.0702  8.59%  66.4  151s
  6311  4069 infeasible   69      11105.5400 10151.5537  8.59%  66.8  155s
  6526  4254 10521.4527   23  170 11105.5400 10156.2433  8.55%  67.4  163s
  6703  4367 11077.0081   84   57 11105.5400 10157.5833  8.54%  67.4  167s
  6841  4444 10710.1900   41    8 11105.5400 10158.1165  8.53%  67.7  172s
  6941  4572 11018.6250   55   10 11105.5400 10160.2791  8.51%  67.7  176s
  7103  4655     cutoff   85      11105.5400 10162.6311  8.49%  67.7  180s
  7225  4772     cutoff   83      11105.5400 10165.2990  8.47%  68.1  185s
  7353  4921 10290.9875   32  142 11105.5400 10167.3636  8.45%  68.2  190s
  7536  5085 10855.8950   48   28 11105.5400 10167.8864  8.44%  68.1  195s
  7737  5213 infeasible   81      11105.5400 10170.4994  8.42%  68.0  200s
  7921  5300     cutoff   81      11105.5400 10172.1311  8.40%  67.9  205s
  8008  5431 10875.1800   50    4 11105.5400 10173.3290  8.39%  68.6  210s
  8287  5618 infeasible   60      11105.5400 10175.3402  8.38%  69.2  218s
  8430  5671 10295.2637   16   87 11105.5400 10176.8420  8.36%  69.4  224s
  8501  5775 10490.4256   23  205 11105.5400 10179.4318  8.34%  69.5  228s
  8638  5882 10517.1063   21   68 11105.5400 10180.1730  8.33%  69.9  233s
  8790  5987 10294.6945   26  111 11105.5400 10181.4358  8.32%  70.1  252s
  8901  6093     cutoff   92      11105.5400 10181.8111  8.32%  69.9  257s
  9098  6204 infeasible   91      11105.5400 10184.7760  8.29%  69.9  262s
  9201  6330 10567.5664   49   35 11105.5400 10184.9488  8.29%  70.3  267s
  9370  6429     cutoff   83      11105.5400 10185.6234  8.28%  70.3  273s
  9507  6513     cutoff   82      11105.5400 10187.7018  8.26%  70.5  278s
  9596  6637 10552.1046   44   14 11105.5400 10188.6782  8.26%  71.1  283s
  9739  6764 10494.0604   32    4 11105.5400 10190.3078  8.24%  71.3  289s
  9909  6870 10938.5262   69   44 11105.5400 10190.6161  8.24%  71.3  294s
 10026  6958 11091.3400   79    - 11105.5400 10191.1618  8.23%  71.6  299s
 10093  6962 10995.8725   89   20 11105.5400 10191.1618  8.23%  71.6  300s
 10205  7078 11082.5367   75   23 11105.5400 10192.4617  8.22%  71.8  305s
 10298  7230 10477.9973   39   45 11105.5400 10193.0459  8.22%  72.1  310s
 10481  7298 11017.0900   72    4 11105.5400 10194.6331  8.20%  72.0  315s
 10579  7370 11036.2613   73   10 11105.5400 10197.1406  8.18%  72.3  320s
*10585  7166              76    11060.470000 10197.1406  7.81%  72.3  320s
 10694  7272     cutoff   75      11060.4700 10199.8747  7.78%  72.7  325s
 10830  7387 10483.2019   28  179 11060.4700 10200.4650  7.78%  73.0  331s
 10979  7457 11052.5470   37  174 11060.4700 10201.9165  7.76%  73.0  336s
 11095  7526     cutoff   48      11060.4700 10202.7017  7.76%  73.4  341s
H11096  5957                    10853.110000 10202.7017  5.99%  73.4  341s
 11193  6025     cutoff   42      10853.1100 10204.1803  5.98%  73.4  346s
 11344  6084     cutoff   51      10853.1100 10204.7151  5.97%  73.5  351s
 11428  6204 10664.6131   45   88 10853.1100 10205.4086  5.97%  73.9  356s
 11583  6301 10828.4550   78   28 10853.1100 10207.0217  5.95%  73.9  362s
 11717  6454 10581.9571   41   87 10853.1100 10208.1574  5.94%  74.2  368s
 11892  6537 10539.3625   61   78 10853.1100 10208.6857  5.94%  74.0  373s
 12017  6616     cutoff   37      10853.1100 10209.4789  5.93%  74.3  378s
 12139  6703 10619.2217   50   29 10853.1100 10210.0426  5.93%  74.5  383s
 12255  6794 infeasible   66      10853.1100 10210.8242  5.92%  74.7  389s
 12383  6884     cutoff   54      10853.1100 10212.0235  5.91%  74.7  395s
 12519  7017 10325.7784   31  114 10853.1100 10212.3803  5.90%  74.8  401s
 12676  7112     cutoff   83      10853.1100 10212.6998  5.90%  75.0  406s
 12817  7219     cutoff   61      10853.1100 10213.3581  5.89%  75.1  412s
 12960  7298 10523.3920   59    4 10853.1100 10214.6653  5.88%  75.2  417s
 13057  7373     cutoff   88      10853.1100 10214.8936  5.88%  75.6  423s
 13155  7453 10585.4039   24  111 10853.1100 10215.4352  5.88%  75.9  428s
 13260  7575     cutoff   50      10853.1100 10215.6866  5.87%  76.1  434s
 13426  7650     cutoff   68      10853.1100 10216.9356  5.86%  76.2  440s
 13549  7808 10796.1050   55   22 10853.1100 10218.2104  5.85%  76.4  446s
 13739  7926     cutoff   76      10853.1100 10218.9760  5.84%  76.3  451s
 13874  8035 10762.3749   67   17 10853.1100 10219.2830  5.84%  76.5  457s
 14038  8103 10626.0298   35  123 10853.1100 10219.8006  5.84%  76.6  463s
 14139  8169 10521.0799   32  110 10853.1100 10220.3381  5.83%  76.9  469s
 14228  8256 10676.5990   40   79 10853.1100 10220.7993  5.83%  77.3  475s
 14418  8352     cutoff   55      10853.1100 10221.2519  5.82%  77.2  481s
 14572  8433 10406.0065   34  105 10853.1100 10222.1275  5.81%  77.3  488s
 14675  8509 10527.6811   36  102 10853.1100 10222.4939  5.81%  77.4  494s
 14768  8630 10626.0709   28  171 10853.1100 10222.6802  5.81%  77.5  500s
 14926  8705 10757.9848   70   39 10853.1100 10222.7709  5.81%  77.5  506s
 15040  8800 10411.9724   21  238 10853.1100 10222.9988  5.81%  77.8  512s
 15159  8890 10363.7392   28   93 10853.1100 10223.4132  5.80%  77.9  519s
 15265  8896 10766.2595   64   31 10853.1100 10223.4132  5.80%  78.2  520s
 15274  8968 10502.7880   54   34 10853.1100 10224.0083  5.80%  78.3  526s
 15413  9062 infeasible   87      10853.1100 10224.5299  5.79%  78.3  532s
 15534  9151     cutoff   42      10853.1100 10225.3088  5.78%  78.5  537s
 15656  9273 10467.0032   32  184 10853.1100 10226.6040  5.77%  78.6  544s
 15798  9366 10418.7559   34   70 10853.1100 10226.8255  5.77%  78.7  549s
 15851  9366 10415.9659   39   73 10853.1100 10226.8255  5.77%  78.7  550s
 15918  9450 10290.2173   25  202 10853.1100 10227.9713  5.76%  78.9  556s
 16048  9542     cutoff   44      10853.1100 10229.2385  5.75%  79.0  562s
 16186  9623     cutoff   67      10853.1100 10229.6542  5.74%  79.2  569s
 16300  9714 10615.7855   20   67 10853.1100 10230.4092  5.74%  79.4  575s
 16441  9867 10791.8154   40   25 10853.1100 10231.3761  5.73%  79.5  581s
 16639  9951     cutoff   59      10853.1100 10231.6948  5.73%  79.3  589s
 16769 10047 10355.1887   25   83 10853.1100 10232.1025  5.72%  79.4  596s
 16871 10173 10510.4389   46  102 10853.1100 10232.1986  5.72%  79.7  602s
 17049 10277     cutoff   51      10853.1100 10232.6521  5.72%  79.7  609s
 17187 10380 10771.8342   66   27 10853.1100 10233.2604  5.71%  79.8  615s
*17198 10355              70    10850.330000 10233.2604  5.69%  79.8  615s
 17320 10395     cutoff   44      10850.3300 10234.1632  5.68%  80.0  621s
H17361  9559                    10791.930000 10234.1884  5.17%  80.1  621s
 17396  9634     cutoff   35      10791.9300 10234.2444  5.17%  80.3  628s
 17523  9709 10670.1272   44   28 10791.9300 10234.9779  5.16%  80.4  634s
 17635  9754 10694.9775   56   94 10791.9300 10235.3084  5.16%  80.5  640s
 17707  9838     cutoff   46      10791.9300 10235.6817  5.15%  80.7  646s
 17848  9943 10720.8600   67    - 10791.9300 10237.6625  5.14%  80.7  653s
 18015 10036 10729.1310   67   19 10791.9300 10238.5335  5.13%  80.6  660s
 18139 10132     cutoff   70      10791.9300 10239.5701  5.12%  80.7  666s
 18265 10214 10398.8818   27  257 10791.9300 10240.0412  5.11%  80.8  672s
 18366 10301 10710.1657   40   72 10791.9300 10240.3218  5.11%  81.0  679s
*18428  8918              59    10718.930000 10240.6466  4.46%  81.1  679s
 18496  8974 10681.4508   48  194 10718.9300 10240.6711  4.46%  81.1  685s
 18595  9029 10502.4520   27  208 10718.9300 10241.4282  4.45%  81.3  692s
 18694  9118 10334.2781   25  109 10718.9300 10242.0506  4.45%  81.5  699s
 18808  9193 10587.4669   47   90 10718.9300 10242.1770  4.45%  81.6  706s
 18917  9251 infeasible   34      10718.9300 10242.8323  4.44%  81.8  713s
 19011  9333 10560.0536   34   59 10718.9300 10243.6428  4.43%  82.1  719s
 19119  9376 10714.1060   38  138 10718.9300 10243.9533  4.43%  82.3  725s
 19204  9459 10357.6861   28  238 10718.9300 10244.5897  4.43%  82.6  732s
 19317  9512 10666.6332   31  108 10718.9300 10245.0255  4.42%  82.7  739s
 19449  9611 10393.0226   27   37 10718.9300 10245.8103  4.41%  82.8  746s
 19571  9645 10376.2422   20   98 10718.9300 10246.1878  4.41%  82.9  752s
 19674  9746     cutoff   34      10718.9300 10246.6082  4.41%  83.1  759s
 19740  9746 10658.6131   52   58 10718.9300 10246.6082  4.41%  83.1  760s
 19829  9830 10584.6180   27  180 10718.9300 10247.7876  4.40%  83.2  766s
 19932  9910 10505.4377   50  148 10718.9300 10247.9390  4.39%  83.4  774s
 20106  9955     cutoff   37      10718.9300 10248.1006  4.39%  83.3  781s
 20236 10033 10710.7054   27  160 10718.9300 10248.7176  4.39%  83.4  788s
 20364 10084 10444.1187   25  101 10718.9300 10249.9091  4.38%  83.5  794s
 20462 10184 10500.3384   20  143 10718.9300 10251.3785  4.36%  83.7  801s
 20601 10287 10358.6511   26  226 10718.9300 10251.9304  4.36%  83.8  810s
 20754 10362 10538.9858   31   73 10718.9300 10252.4360  4.35%  83.7  817s
 20905 10388 10438.5978   26  178 10718.9300 10253.7238  4.34%  83.8  824s
 20965 10472 10517.5360   29  178 10718.9300 10253.9850  4.34%  83.9  831s
 21093 10540 10543.0784   38  102 10718.9300 10254.4609  4.33%  84.0  837s
 21206 10578 10574.4900   30   63 10718.9300 10255.2329  4.33%  84.2  844s
 21310 10647 10515.8945   25  217 10718.9300 10255.5968  4.32%  84.4  851s
 21422 10677 10433.5360   24  212 10718.9300 10256.7200  4.31%  84.6  858s
 21521 10699 10686.7427   32  226 10718.9300 10257.6886  4.30%  84.8  864s
 21605 10744 10608.0113   37  119 10718.9300 10258.2163  4.30%  85.0  929s
 21667 10806 10503.4147   41   70 10718.9300 10258.4655  4.30%  85.1  937s
 21768 10863 10479.6324   38  159 10718.9300 10258.6976  4.29%  85.4  945s
 21885 10917 10713.6498   59   24 10718.9300 10258.9718  4.29%  85.7  953s
 21974 11024 10679.7158   27   92 10718.9300 10259.9779  4.28%  85.8  961s
 22151 11108 10525.1289   47   91 10718.9300 10261.3706  4.27%  85.8  969s
 22274 11206 infeasible   46      10718.9300 10262.7829  4.26%  86.0  977s
 22425 11258 10444.2439   34  248 10718.9300 10264.2014  4.24%  86.1  986s
 22529 11329     cutoff   34      10718.9300 10264.5919  4.24%  86.2  994s
 22644 11415 10589.3384   24  173 10718.9300 10265.3117  4.23%  86.5 1002s
 22792 11523 10665.2076   19  129 10718.9300 10265.4741  4.23%  86.6 1011s
 22978 11632 10349.8610   30  119 10718.9300 10266.8336  4.22%  86.6 1019s
 23132 11734     cutoff   75      10718.9300 10267.1426  4.21%  86.7 1027s
 23281 11789     cutoff   29      10718.9300 10267.8583  4.21%  86.8 1035s
 23408 11844 10473.2604   27  216 10718.9300 10268.7346  4.20%  87.0 1044s
 23516 11982 10414.7391   31   12 10718.9300 10268.8777  4.20%  87.2 1052s
 23707 12042 10707.1441   43   16 10718.9300 10269.9016  4.19%  87.1 1060s
 23821 12150     cutoff   45      10718.9300 10270.8127  4.18%  87.3 1069s
 23888 12153 10431.8716   31  115 10718.9300 10270.8127  4.18%  87.3 1070s
 23983 12254     cutoff   53      10718.9300 10271.3140  4.18%  87.4 1078s
 24145 12302     cutoff   63      10718.9300 10271.9143  4.17%  87.4 1087s
 24231 12308 10717.0719   42  209 10718.9300 10271.9915  4.17%  87.5 1315s
 24235 12311 10506.8650   51  825 10718.9300 10271.9915  4.17%  87.5 1320s
 24242 12315 10650.9758   29  956 10718.9300 10271.9915  4.17%  87.4 1326s
 24244 12317 10592.7698   39  960 10718.9300 10271.9915  4.17%  87.4 1330s
 24247 12319 10619.3052   25  843 10718.9300 10271.9915  4.17%  87.4 1344s
 24248 12319 10629.1135   34  842 10718.9300 10271.9915  4.17%  87.4 1346s
 24250 12324 10271.9915   21  813 10718.9300 10271.9915  4.17%  87.7 1374s
 24252 12325 10271.9915   22  813 10718.9300 10271.9915  4.17%  87.8 1399s
 24254 12326 10271.9915   22  761 10718.9300 10271.9915  4.17%  87.8 1422s
 24256 12328 10271.9915   23  732 10718.9300 10271.9915  4.17%  87.9 1445s
 24258 12329 10345.5235   23  707 10718.9300 10271.9915  4.17%  87.9 1450s
 24260 12332 10271.9915   24  689 10718.9300 10271.9915  4.17%  88.0 1455s
 24272 12341 10271.9915   27  651 10718.9300 10271.9915  4.17%  88.1 1460s
 24300 12367 10479.0534   33   59 10718.9300 10271.9915  4.17%  88.2 1465s
 24347 12386     cutoff   43      10718.9300 10271.9915  4.17%  88.2 1471s
 24394 12382     cutoff   59      10718.9300 10271.9915  4.17%  88.2 1476s
 24419 12401 10279.4951   30  642 10718.9300 10271.9915  4.17%  88.4 1480s
 24443 12405 10434.3282   34  601 10718.9300 10271.9915  4.17%  88.5 1485s
 24483 12436 10608.9156   42  535 10718.9300 10271.9915  4.17%  88.6 1491s
 24516 12433 10271.9915   24  705 10718.9300 10271.9915  4.17%  88.7 1495s
 24554 12455 10284.8578   32  608 10718.9300 10271.9915  4.17%  88.8 1501s
 24585 12492 10430.4108   40  378 10718.9300 10271.9915  4.17%  88.9 1505s
 24689 12469 10389.4079   27  636 10718.9300 10271.9915  4.17%  88.8 1510s
 24713 12487 10513.6007   38  529 10718.9300 10271.9915  4.17%  88.9 1515s
 24755 12505     cutoff   52      10718.9300 10271.9915  4.17%  89.0 1522s
 24789 12511 10437.4268   26  614 10718.9300 10271.9915  4.17%  89.0 1525s
 24832 12542 10597.5436   36  381 10718.9300 10271.9915  4.17%  89.1 1532s
 24880 12542     cutoff   73      10718.9300 10271.9915  4.17%  89.1 1535s
 24930 12568     cutoff   44      10718.9300 10271.9915  4.17%  89.2 1542s
 24953 12596 10366.5286   30  200 10718.9300 10271.9915  4.17%  89.2 1545s
 25005 12700 10482.4800   41  225 10718.9300 10271.9915  4.17%  89.3 1553s
 25157 12697     cutoff  100      10718.9300 10271.9915  4.17%  89.2 1562s
 25228 12751     cutoff   57      10718.9300 10271.9915  4.17%  89.4 1572s
 25366 12791 10659.5692   48  290 10718.9300 10271.9915  4.17%  89.5 1584s
 25522 12804 10582.1211   51  216 10718.9300 10271.9915  4.17%  89.6 1608s
 25614 12877 10646.1927   54  118 10718.9300 10271.9915  4.17%  89.6 1621s
 25760 12961 10572.0788   45  222 10718.9300 10271.9915  4.17%  89.7 1633s
 25997 12943     cutoff   54      10718.9300 10271.9915  4.17%  89.5 1646s
 26123 13026 10708.2324   46  199 10718.9300 10271.9915  4.17%  89.7 1659s
 26325 13026     cutoff   54      10718.9300 10271.9915  4.17%  89.6 1672s
 26425 13101 10430.8100   36  488 10718.9300 10271.9915  4.17%  89.7 1685s
 26625 13130 10682.4096   45  257 10718.9300 10271.9915  4.17%  89.8 1698s
 26742 13203     cutoff   49      10718.9300 10271.9915  4.17%  90.0 1712s
 26905 13294 10508.7365   43  405 10718.9300 10271.9915  4.17%  90.2 1727s
 27131 13312 10396.7684   28  627 10718.9300 10271.9915  4.17%  90.2 1741s
 27270 13413 10687.0057   70  246 10718.9300 10271.9915  4.17%  90.5 1758s
 27564 13443 10420.3702   31  681 10718.9300 10271.9915  4.17%  90.4 1774s
 27614 13426 10460.9935   32  541 10718.9300 10271.9915  4.17%  90.6 1775s
 27752 13538 10623.4429   40  265 10718.9300 10271.9915  4.17%  90.5 1791s
 27998 13588     cutoff   51      10718.9300 10271.9915  4.17%  90.6 1808s
 28192 13740 10442.5589   40  507 10718.9300 10274.6009  4.15%  90.8 1826s
 28473 13770 10692.5767   52  154 10718.9300 10275.3322  4.14%  90.7 1844s
 28563 13741 10540.4189   42  508 10718.9300 10275.3322  4.14%  90.8 1845s
 28663 13833 10645.6779   42  387 10718.9300 10277.1500  4.12%  90.9 1866s
 28896 13934 10611.9896   51  391 10718.9300 10281.1847  4.08%  90.9 1886s
 29181 14030     cutoff   67      10718.9300 10283.2897  4.06%  90.9 1906s
 29451 14155 10604.5998   47  159 10718.9300 10287.2562  4.03%  91.1 1930s
 29864 14181 10691.9600   51   65 10718.9300 10290.3964  4.00%  90.8 1950s
 30135 14223     cutoff   51      10718.9300 10296.3507  3.94%  90.9 1970s
 30373 14359     cutoff   56      10718.9300 10299.0223  3.92%  91.1 1991s
 30688 14362 10653.4298   80  209 10718.9300 10303.3353  3.88%  91.0 2011s
 30882 14519 10644.4177   52  245 10718.9300 10305.4200  3.86%  91.1 2031s
 31237 14536 10457.8768   36  387 10718.9300 10306.6095  3.85%  91.0 2052s
 31455 14627     cutoff   70      10718.9300 10309.1393  3.82%  90.9 2071s
 31747 14692 10614.6102   45   54 10718.9300 10311.3500  3.80%  90.8 2091s
 32006 14693 10666.1285   48  195 10718.9300 10315.5648  3.76%  90.9 2110s
 32196 14764     cutoff   65      10718.9300 10317.8560  3.74%  91.1 2128s
 32412 14806 10500.9640   38  435 10718.9300 10318.6489  3.73%  91.2 2146s
 32608 14879     cutoff   61      10718.9300 10320.4994  3.72%  91.4 2164s
 32801 14913 10660.3813   54  549 10718.9300 10321.9768  3.70%  91.6 2186s
 32994 15009 10409.8489   34  610 10718.9300 10322.2848  3.70%  91.5 2202s
 33229 15064 10488.6852   36  459 10718.9300 10324.5319  3.68%  91.6 2221s
 33446 15085 10587.8408   31  492 10718.9300 10325.2824  3.67%  91.8 2239s
 33608 15160 10516.5637   44  591 10718.9300 10327.0788  3.66%  92.0 2259s
 33794 15233     cutoff   70      10718.9300 10328.4951  3.64%  92.1 2276s
 33988 15267     cutoff   54      10718.9300 10330.8620  3.62%  92.3 2293s
 34131 15325 10620.0556   46  388 10718.9300 10331.6907  3.61%  92.5 2310s
 34310 15392     cutoff   53      10718.9300 10334.1732  3.59%  92.7 2330s
 34536 15449 10524.3194   44  253 10718.9300 10335.1866  3.58%  92.9 2348s
 34744 15501     cutoff   68      10718.9300 10336.9367  3.56%  93.1 2366s
 34950 15587 10677.5600   51  158 10718.9300 10340.2736  3.53%  93.3 2384s
 35010 15567 10444.3752   51  118 10718.9300 10340.2736  3.53%  93.3 2385s
 35199 15647 10618.7103   56  203 10718.9300 10340.7471  3.53%  93.3 2403s
 35458 15619     cutoff   57      10718.9300 10342.3344  3.51%  93.3 2420s
 35544 15730 10541.3329   31  534 10718.9300 10343.5812  3.50%  93.6 2438s
 35779 15788     cutoff   50      10718.9300 10344.7149  3.49%  93.7 2457s
 36018 15829 10459.3594   25  762 10718.9300 10346.0577  3.48%  93.8 2475s
 36228 15882 10515.3871   35  592 10718.9300 10347.7072  3.46%  93.8 2491s
 36402 15942 infeasible   45      10718.9300 10348.6491  3.45%  94.0 2508s
 36621 15998 10706.6651   35  652 10718.9300 10349.8521  3.44%  94.1 2527s
 36861 15999 10708.3379   54  544 10718.9300 10351.4876  3.43%  94.2 2544s
 36977 16052     cutoff   51      10718.9300 10352.2758  3.42%  94.5 2562s
 37136 16211 10528.4760   40  262 10718.9300 10352.8653  3.42%  94.6 2580s
 37451 16232     cutoff   62      10718.9300 10353.3692  3.41%  94.5 2597s
 37623 16315 10396.5065   33  668 10718.9300 10353.6813  3.41%  94.5 2617s
 37832 16376 10591.2200   40    - 10718.9300 10355.3192  3.39%  94.4 2635s
 38051 16441 10628.1746   40  264 10718.9300 10356.1469  3.38%  94.4 2655s
 38271 16447 10617.5341   45  280 10718.9300 10356.3754  3.38%  94.4 2685s
 38423 16536 10613.6269   39  224 10718.9300 10356.8864  3.38%  94.4 2707s
 38655 16609 10398.3671   30  583 10718.9300 10357.1734  3.37%  94.3 2725s
*38789 14283              48    10666.880000 10357.4776  2.90%  94.3 2725s
 38870 14275     cutoff   69      10666.8800 10357.6571  2.90%  94.3 2749s
 38963 14304 10589.6474   48   75 10666.8800 10358.0471  2.90%  94.4 2767s
 39084 14388 10452.4967   34  760 10666.8800 10359.8692  2.88%  94.5 2785s
 39279 14411 10627.7957   44  418 10666.8800 10360.2406  2.87%  94.5 2803s
 39448 14408 10503.8264   42  495 10666.8800 10360.8637  2.87%  94.7 2820s
 39565 14461     cutoff   53      10666.8800 10361.5283  2.86%  94.9 2838s
 39764 14485     cutoff   56      10666.8800 10362.6442  2.85%  94.9 2856s
 39938 14521 10472.9765   31  550 10666.8800 10363.5769  2.84%  95.0 2875s
 40103 14554 10651.5400   53   69 10666.8800 10364.4300  2.84%  95.0 2892s
 40275 14579     cutoff   55      10666.8800 10366.6467  2.81%  95.1 2910s
 40463 14591     cutoff   50      10666.8800 10367.5249  2.81%  95.2 2927s
 40617 14653     cutoff   34      10666.8800 10368.8918  2.79%  95.3 2945s
 40815 14722 10497.2773   33  218 10666.8800 10369.7993  2.79%  95.4 2965s
 41048 14720     cutoff   68      10666.8800 10370.2180  2.78%  95.4 2983s
 41183 14762 10555.9616   41  721 10666.8800 10370.6466  2.78%  95.6 3001s
 41340 14784 10508.4135   39  766 10666.8800 10370.9243  2.77%  95.8 3019s
 41540 14822     cutoff   50      10666.8800 10372.1533  2.76%  95.8 3036s
 41741 14843     cutoff   50      10666.8800 10373.3079  2.75%  95.8 3055s
 41923 14837     cutoff   50      10666.8800 10374.6771  2.74%  95.9 3075s
 42077 14906 10564.0683   42  104 10666.8800 10375.7478  2.73%  96.0 3093s
 42270 14885     cutoff   59      10666.8800 10376.3067  2.72%  96.1 3115s
 42341 14921 10665.8083   40  490 10666.8800 10376.8097  2.72%  96.2 3132s
 42503 14982 10639.8365   56  151 10666.8800 10378.2312  2.71%  96.3 3151s
 42702 14983 10652.1449   48  120 10666.8800 10378.8234  2.70%  96.4 3168s
 42823 15033 10621.9968   42  425 10666.8800 10379.4249  2.69%  96.6 3188s
 43023 15047 10642.9800   41    - 10666.8800 10379.9510  2.69%  96.6 3205s
 43189 15103     cutoff   46      10666.8800 10380.7300  2.68%  96.7 3224s
 43420 15079 10654.0586   53   85 10666.8800 10381.6467  2.67%  96.7 3243s
 43567 15143 10479.6650   34  783 10666.8800 10382.0909  2.67%  96.9 3261s
 43777 15131     cutoff   45      10666.8800 10382.5083  2.67%  96.9 3280s
 43919 15178     cutoff   46      10666.8800 10382.9825  2.66%  97.0 3298s
 44113 15216 10639.8325   46   80 10666.8800 10384.1130  2.65%  97.1 3319s
 44278 15164 10614.3218   61   42 10666.8800 10384.9455  2.64%  97.1 3320s
 44295 15213     cutoff   55      10666.8800 10384.9692  2.64%  97.1 3337s
 44424 15229     cutoff   39      10666.8800 10385.3856  2.64%  97.3 3358s
 44621 15227     cutoff   45      10666.8800 10385.5454  2.64%  97.3 3376s
 44775 15242     cutoff   50      10666.8800 10386.2071  2.63%  97.5 3394s
 44877 15213 10653.6970   45   83 10666.8800 10386.2071  2.63%  97.5 3395s
 44953 15262     cutoff   54      10666.8800 10386.9589  2.62%  97.5 3412s
 45104 15322 10592.0354   41  508 10666.8800 10388.7291  2.61%  97.7 3432s
 45326 15318 infeasible   54      10666.8800 10389.4461  2.60%  97.7 3449s
 45449 15335 10497.2511   38  390 10666.8800 10389.9789  2.60%  97.7 3467s
 45599 15384 10581.3148   43  453 10666.8800 10390.8105  2.59%  97.8 3486s
 45788 15368     cutoff   60      10666.8800 10391.6809  2.58%  97.9 3505s
 45879 15484     cutoff   40      10666.8800 10391.8632  2.58%  97.9 3523s
 46136 15488 10661.9300   61    - 10666.8800 10393.0093  2.57%  97.8 3542s
 46325 15538 10558.4467   45  103 10666.8800 10393.5566  2.56%  97.9 3562s
 46544 15513     cutoff   64      10666.8800 10394.3725  2.55%  97.8 3580s
 46685 15588 10623.8218   44  500 10666.8800 10394.8474  2.55%  97.9 3599s
 46925 15508     cutoff   55      10666.8800 10395.0090  2.55%  97.9 3600s

Cutting planes:
  User: 4236
  Gomory: 18
  Cover: 135
  Implied bound: 11
  Clique: 6
  MIR: 141
  StrongCG: 3
  Flow cover: 199
  Zero half: 19
  RLT: 96
  Relax-and-lift: 1
  Lazy constraints: 5242

Explored 46927 nodes (4594798 simplex iterations) in 3600.00 seconds
Thread count was 2 (of 32 available processors)

Solution count 9: 10666.9 10718.9 10791.9 ... 11500.6

Time limit reached
Best objective 1.066688000000e+04, best bound 1.039500904840e+04, gap 2.5487%

User-callback calls 293010, time in user-callback 122.54 sec
================================================================================
executing instance: ./input/Instances/Original/3/absH3high_5n20.dat
--------------------------------------------------------------------------------
Instance details
n	21
H	3
C	1734
Li:
[0, 0, 0, 0, 0, 0, 0, 0, 0, 0, 0, 0, 0, 0, 0, 0, 0, 0, 0, 0, 0, ]
Ui:
[0, 40, 237, 68, 194, 144, 207, 114, 118, 207, 120, 72, 128, 48, 102, 237, 261, 135, 84, 184, 142, ]
Distance matrix:
|0	408	254	408	305	286	284	573	384	380	400	384	552	461	243	577	274	285	345	92	431	|
|408	0	189	21	111	218	178	168	182	283	211	86	158	222	191	168	136	320	219	318	87	|
|254	189	0	198	81	230	31	354	276	174	157	136	307	348	158	348	110	313	275	180	183	|
|408	21	198	0	118	204	190	165	163	302	230	105	169	202	184	170	134	306	202	317	107	|
|305	111	81	118	0	188	80	278	209	221	172	86	247	276	129	276	61	285	220	218	130	|
|286	218	230	204	188	0	249	342	102	401	360	260	373	176	73	360	128	103	60	202	290	|
|284	178	31	190	80	249	0	339	286	151	127	114	284	355	180	330	124	337	290	211	160	|
|573	168	354	165	278	342	339	0	262	411	330	229	118	248	342	37	298	434	316	482	194	|
|384	182	276	163	209	102	286	262	0	429	372	252	319	79	149	287	167	174	55	297	268	|
|380	283	174	302	221	401	151	411	429	0	82	197	318	491	331	390	274	488	439	331	219	|
|400	211	157	230	172	360	127	330	372	82	0	125	237	427	297	308	232	455	390	335	139	|
|384	86	136	105	86	260	114	229	252	197	125	0	171	303	210	217	143	361	278	301	47	|
|552	158	307	169	247	373	284	118	319	318	237	171	0	331	349	84	289	474	366	465	124	|
|461	222	348	202	276	176	355	248	79	491	427	303	331	0	228	279	241	226	119	375	308	|
|243	191	158	184	129	73	180	342	149	331	297	210	349	228	0	352	68	159	127	152	248	|
|577	168	348	170	276	360	330	37	287	390	308	217	84	279	352	0	303	455	339	486	177	|
|274	136	110	134	61	128	124	298	167	274	232	143	289	241	68	303	0	224	166	183	182	|
|285	320	313	306	285	103	337	434	174	488	455	361	474	226	159	455	224	0	119	224	393	|
|345	219	275	202	220	60	290	316	55	439	390	278	366	119	127	339	166	119	0	262	301	|
|92	318	180	317	218	202	211	482	297	331	335	301	465	375	152	486	183	224	262	0	347	|
|431	87	183	107	130	290	160	194	268	219	139	47	124	308	248	177	182	393	301	347	0	|

