




arguments: ./build/mirp_solver -f ./input/orig_exec_128.cfg
Current dir: /scratch/gui/bnc_mirp
File verbosity level: 9
date       time         ( uptime  ) [ thread name/id ]                   file:line     v| 
2021-01-09 23:26:51.062 (   0.060s) [main thread     ]             loguru.cpp:789   INFO| Logging to './output/vi_lex_full/OU/V2/Original/execution_09_01_2021_23_26_51.log', mode: 'a', verbosity: 9
--------------------------------------------------------------------------------
Parameters
                           instance_path           ./input/Instances/Original/4/
                            model_policy                                       1
                             nb_vehicles                                       2
                              output_dir    ./output/vi_lex_full/OU/V2/Original/
                            sec_strategy                                       1
                       solver_nb_threads                                       2
                         solver_show_log                                    true
                       solver_time_limit                                    3600
                              use_vi_cos                                   false
                              use_vi_cus                                   false
                         use_vi_hc1_full                                   false
                         use_vi_hc1_half                                   false
                      use_vi_hc1_quarter                                   false
                              use_vi_hc2                                   false
                              use_vi_hc3                                   false
                         use_vi_lex_full                                    true
                         use_vi_lex_half                                   false
                      use_vi_lex_quarter                                   false
                              use_vi_qua                                   false
                               use_vi_vc                                   false
                               use_vi_vr                                   false
--------------------------------------------------------------------------------
executing instance: ./input/Instances/Original/4/absH3low_3n30.dat
--------------------------------------------------------------------------------
Instance details
n	31
H	3
C	2841
Li:
[0, 0, 0, 0, 0, 0, 0, 0, 0, 0, 0, 0, 0, 0, 0, 0, 0, 0, 0, 0, 0, 0, 0, 0, 0, 0, 0, 0, 0, 0, 0, ]
Ui:
[0, 246, 98, 54, 144, 171, 192, 180, 165, 98, 122, 198, 297, 144, 130, 129, 219, 138, 142, 150, 108, 66, 64, 285, 180, 204, 276, 168, 240, 198, 122, ]
Distance matrix:
|0	172	56	166	260	198	42	197	296	110	91	112	238	275	323	183	330	232	175	181	162	191	232	280	201	139	356	185	266	216	26	|
|172	0	178	223	320	335	153	355	444	62	231	99	333	376	214	352	176	235	194	106	47	41	353	161	299	175	225	43	326	374	153	|
|56	178	0	110	204	162	93	233	336	125	144	148	187	226	358	180	313	284	123	152	182	185	282	252	256	88	329	177	210	251	42	|
|166	223	110	0	102	150	199	327	431	194	253	237	113	156	431	228	296	386	44	140	248	208	389	218	366	48	287	200	108	344	148	|
|260	320	204	102	0	156	296	391	493	296	340	339	66	90	531	263	362	486	127	226	349	300	469	278	454	148	334	292	6	406	245	|
|198	335	162	150	156	0	239	255	351	286	245	307	93	106	518	111	442	423	194	280	344	335	349	367	352	182	437	327	158	266	199	|
|42	153	93	199	296	239	0	203	296	91	82	76	278	316	284	217	322	191	201	186	133	180	217	281	177	165	356	175	302	222	52	|
|197	355	233	327	391	255	203	0	104	294	125	266	340	361	436	151	524	276	352	377	330	383	109	477	146	319	553	377	395	19	222	|
|296	444	336	431	493	351	296	104	0	384	214	348	440	456	488	241	617	315	456	476	412	475	113	575	176	422	651	470	497	88	322	|
|110	62	125	194	296	286	91	294	384	0	171	55	298	340	238	292	233	210	176	118	58	91	298	201	248	148	273	87	302	313	94	|
|91	231	144	253	340	245	82	125	214	171	0	141	307	339	324	184	403	187	266	266	204	261	140	363	114	230	438	256	346	144	116	|
|112	99	148	237	339	307	76	266	348	55	141	0	332	373	212	292	275	156	225	173	64	137	254	253	200	194	322	135	345	284	108	|
|238	333	187	113	66	93	278	340	440	298	307	332	0	43	536	203	404	469	153	253	354	321	427	322	420	160	385	313	67	353	229	|
|275	376	226	156	90	106	316	361	456	340	339	373	43	0	578	216	443	507	194	295	397	364	453	361	451	203	421	356	88	372	268	|
|323	214	358	431	531	518	284	436	488	238	324	212	536	578	0	498	309	176	407	320	183	245	376	344	312	383	379	251	537	451	319	|
|183	352	180	228	263	111	217	151	241	292	184	292	203	216	498	0	492	371	266	328	345	364	255	426	272	242	501	356	266	159	198	|
|330	176	313	296	362	442	322	524	617	233	403	275	404	443	309	492	0	397	253	164	218	142	529	84	475	260	72	147	367	543	306	|
|232	235	284	386	486	423	191	276	315	210	187	156	469	507	176	371	397	0	379	327	188	276	202	396	139	346	456	277	492	289	242	|
|175	194	123	44	127	194	201	352	456	176	266	225	153	194	407	266	253	379	0	101	225	174	405	174	375	36	244	166	133	370	152	|
|181	106	152	140	226	280	186	377	476	118	266	173	253	295	320	328	164	327	101	0	148	76	403	100	360	98	177	69	232	396	155	|
|162	47	182	248	349	344	133	330	412	58	204	64	354	397	183	345	218	188	225	148	0	89	316	208	259	201	270	90	355	348	149	|
|191	41	185	208	300	335	180	383	475	91	261	137	321	364	245	364	142	276	174	76	89	0	388	119	336	162	185	8	306	402	169	|
|232	353	282	389	469	349	217	109	113	298	140	254	427	453	376	255	529	202	405	403	316	388	0	497	64	369	570	384	474	112	256	|
|280	161	252	218	278	367	281	477	575	201	363	253	322	361	344	426	84	396	174	100	208	119	497	0	449	187	77	119	283	496	255	|
|201	299	256	366	454	352	177	146	176	248	114	200	420	451	312	272	475	139	375	360	259	336	64	449	0	339	521	333	460	156	223	|
|139	175	88	48	148	182	165	319	422	148	230	194	160	203	383	242	260	346	36	98	201	162	369	187	339	0	260	153	154	337	116	|
|356	225	329	287	334	437	356	553	651	273	438	322	385	421	379	501	72	456	244	177	270	185	570	77	521	260	0	187	338	572	331	|
|185	43	177	200	292	327	175	377	470	87	256	135	313	356	251	356	147	277	166	69	90	8	384	119	333	153	187	0	298	396	163	|
|266	326	210	108	6	158	302	395	497	302	346	345	67	88	537	266	367	492	133	232	355	306	474	283	460	154	338	298	0	410	251	|
|216	374	251	344	406	266	222	19	88	313	144	284	353	372	451	159	543	289	370	396	348	402	112	496	156	337	572	396	410	0	241	|
|26	153	42	148	245	199	52	222	322	94	116	108	229	268	319	198	306	242	152	155	149	169	256	255	223	116	331	163	251	241	0	|

--------------------------------------------------------------------------------
Building model...
	using lazy and cut (CVRPSEP package)
Solving IRP LP...
--------------------------------------------------------------------------------

Gurobi 9.1.0 (linux64) logging started Sat Jan  9 23:26:51 2021

Gurobi Optimizer version 9.1.0 build v9.1.0rc0 (linux64)
Thread count: 32 physical cores, 32 logical processors, using up to 2 threads
Optimize a model with 682 rows, 3280 columns and 7978 nonzeros
Model fingerprint: 0xf95e30bd
Variable types: 304 continuous, 2976 integer (186 binary)
Coefficient statistics:
  Matrix range     [1e+00, 2e+09]
  Objective range  [1e-02, 7e+02]
  Bounds range     [1e+00, 3e+02]
  RHS range        [3e+01, 5e+03]
Warning: Model contains large matrix coefficients
         Consider reformulating model or setting NumericFocus parameter
         to avoid numerical issues.
Presolve removed 217 rows and 153 columns
Presolve time: 0.05s
Presolved: 465 rows, 3127 columns, 7214 nonzeros
Variable types: 182 continuous, 2945 integer (2766 binary)

Root relaxation: objective 2.309205e+03, 589 iterations, 0.01 seconds

    Nodes    |    Current Node    |     Objective Bounds      |     Work
 Expl Unexpl |  Obj  Depth IntInf | Incumbent    BestBd   Gap | It/Node Time

     0     0 2309.20533    0   80          - 2309.20533      -     -    0s
     0     0 2599.36808    0   79          - 2599.36808      -     -    0s
     0     0 3015.40743    0   91          - 3015.40743      -     -    0s
     0     0 3154.51981    0   93          - 3154.51981      -     -    0s
     0     0 3161.42626    0  103          - 3161.42626      -     -    0s
     0     0 3183.45790    0  115          - 3183.45790      -     -    0s
     0     0 3209.79052    0  105          - 3209.79052      -     -    0s
     0     0 3210.28995    0  103          - 3210.28995      -     -    0s
     0     0 3294.36114    0  117          - 3294.36114      -     -    0s
     0     0 3297.42365    0  145          - 3297.42365      -     -    0s
     0     0 3297.50720    0  141          - 3297.50720      -     -    0s
     0     0 3419.17833    0  184          - 3419.17833      -     -    0s
     0     0 3430.02627    0  211          - 3430.02627      -     -    0s
     0     0 3430.54859    0  219          - 3430.54859      -     -    0s
     0     0 3444.01108    0  196          - 3444.01108      -     -    0s
     0     0 3446.40404    0  218          - 3446.40404      -     -    0s
     0     0 3446.68557    0  198          - 3446.68557      -     -    0s
     0     0 3451.01591    0  204          - 3451.01591      -     -    0s
     0     0 3451.01591    0  204          - 3451.01591      -     -    0s
H    0     0                    6032.2900000 3451.01591  42.8%     -    0s
H    0     0                    5545.7800000 3451.01591  37.8%     -    0s
     0     2 3451.01591    0  204 5545.78000 3451.01591  37.8%     -    0s
H   55    56                    5456.7800000 3466.06970  36.5%   152    1s
   398   399 5123.79175  164   25 5456.78000 3466.06970  36.5%  55.5    5s
*  434   405             183    5326.8600000 3478.25296  34.7%  54.9    5s
H  598   433                    4727.3300000 3491.32754  26.1%  67.6    7s
*  614   391              71    4483.9300000 3491.32754  22.1%  66.1    7s
   724   438 3862.09375   10  204 4483.93000 3502.89423  21.9%  79.6   10s
H  725   417                    4473.9300000 3502.89423  21.7%  79.5   10s
   753   438 3718.51243   14  149 4473.93000 3615.95389  19.2%  84.7   15s
H  857   489                    4424.5600000 3645.04376  17.6%  89.4   18s
   946   511 3838.14516   18  152 4424.56000 3645.62353  17.6%  88.5   20s
H  978   504                    4342.5600000 3645.62353  16.0%  89.6   21s
H  980   464                    4251.5600000 3645.62353  14.3%  89.6   21s
  1147   497 4014.20545   38   16 4251.56000 3648.98637  14.2%  91.6   25s
* 1234   500              65    4228.1100000 3648.98637  13.7%  88.4   26s
* 1261   450              49    4184.6200000 3669.30037  12.3%  87.7   26s
  1399   477 4154.36586   29   87 4184.62000 3679.03666  12.1%  90.9   30s
  1573   524     cutoff   33      4184.62000 3732.28066  10.8%  93.2   35s
  1749   570 4119.57285   20   56 4184.62000 3760.12277  10.1%  94.8   40s
* 1893   439              59    4095.9400000 3774.99387  7.84%  93.5   43s
H 1961   280                    4023.9400000 3788.80329  5.84%  93.9   45s
* 2106   212              33    3977.9200000 3815.03647  4.09%  96.0   49s
  2145   207     cutoff   22      3977.92000 3816.66727  4.05%  96.4   50s
* 2196   199              30    3963.2500000 3825.99852  3.46%  97.2   52s
  2289   175 3945.29568   29    6 3963.25000 3851.61872  2.82%   101   55s
* 2295   151              32    3951.9500000 3851.61872  2.54%   100   55s
  2400   119     cutoff   24      3951.95000 3889.18966  1.59%   102   60s
* 2504    87              32    3917.9500000 3903.50824  0.37%   101   61s
* 2534    87              31    3916.6100000 3903.50824  0.33%   100   61s
* 2557    87              29    3914.8500000 3908.93595  0.15%   100   61s

Cutting planes:
  User: 2147
  Gomory: 19
  Cover: 190
  Implied bound: 6
  Clique: 9
  MIR: 104
  StrongCG: 4
  Flow cover: 253
  Zero half: 21
  RLT: 84
  Relax-and-lift: 1
  Lazy constraints: 455

Explored 2651 nodes (259143 simplex iterations) in 61.57 seconds
Thread count was 2 (of 32 available processors)

Solution count 10: 3914.85 3916.61 3917.95 ... 4228.11

Optimal solution found (tolerance 1.00e-04)
Best objective 3.914850000000e+03, best bound 3.914850000000e+03, gap 0.0000%

User-callback calls 12645, time in user-callback 4.77 sec
================================================================================
executing instance: ./input/Instances/Original/4/absH3low_3n10.dat
--------------------------------------------------------------------------------
Instance details
n	11
H	3
C	687
Li:
[0, 0, 0, 0, 0, 0, 0, 0, 0, 0, 0, ]
Ui:
[0, 189, 44, 174, 78, 36, 198, 117, 42, 96, 240, ]
Distance matrix:
|0	209	255	286	142	156	285	317	182	161	135	|
|209	0	464	451	315	356	490	469	361	299	260	|
|255	464	0	221	202	130	74	280	189	254	273	|
|286	451	221	0	145	156	164	479	354	153	192	|
|142	315	202	145	0	73	194	388	250	53	73	|
|156	356	130	156	73	0	134	332	200	127	144	|
|285	490	74	164	194	134	0	353	256	239	267	|
|317	469	280	479	388	332	353	0	141	436	430	|
|182	361	189	354	250	200	256	141	0	296	289	|
|161	299	254	153	53	127	239	436	296	0	39	|
|135	260	273	192	73	144	267	430	289	39	0	|

--------------------------------------------------------------------------------
Building model...
	using lazy and cut (CVRPSEP package)
Solving IRP LP...
--------------------------------------------------------------------------------

Gurobi 9.1.0 (linux64) logging started Sat Jan  9 23:27:53 2021

Gurobi Optimizer version 9.1.0 build v9.1.0rc0 (linux64)
Thread count: 32 physical cores, 32 logical processors, using up to 2 threads
Optimize a model with 242 rows, 500 columns and 1478 nonzeros
Model fingerprint: 0x1c5a2a73
Variable types: 104 continuous, 396 integer (66 binary)
Coefficient statistics:
  Matrix range     [1e+00, 2e+03]
  Objective range  [1e-02, 5e+02]
  Bounds range     [1e+00, 2e+02]
  RHS range        [2e+01, 1e+03]
Presolve removed 77 rows and 53 columns
Presolve time: 0.01s
Presolved: 165 rows, 447 columns, 1215 nonzeros
Variable types: 62 continuous, 385 integer (326 binary)
Found heuristic solution: objective 3986.0500000

Root relaxation: objective 1.258552e+03, 278 iterations, 0.01 seconds

    Nodes    |    Current Node    |     Objective Bounds      |     Work
 Expl Unexpl |  Obj  Depth IntInf | Incumbent    BestBd   Gap | It/Node Time

     0     0 1258.55224    0   35 3986.05000 1258.55224  68.4%     -    0s
     0     0 1617.65599    0   38 3986.05000 1617.65599  59.4%     -    0s
H    0     0                    3600.0100000 1617.65599  55.1%     -    0s
     0     0 1912.21062    0   87 3600.01000 1912.21062  46.9%     -    0s
     0     0 1939.21060    0   56 3600.01000 1939.21060  46.1%     -    0s
     0     0 1939.38849    0   59 3600.01000 1939.38849  46.1%     -    0s
     0     0 2028.20287    0   70 3600.01000 2028.20287  43.7%     -    0s
H    0     0                    2929.8400000 2028.20287  30.8%     -    0s
H    0     0                    2742.6800000 2028.20287  26.1%     -    0s
     0     0 2035.49655    0   86 2742.68000 2035.49655  25.8%     -    0s
     0     0 2037.16391    0   87 2742.68000 2037.16391  25.7%     -    0s
     0     0 2037.85159    0   93 2742.68000 2037.85159  25.7%     -    0s
     0     0 2037.97435    0   95 2742.68000 2037.97435  25.7%     -    0s
     0     0 2069.41783    0   83 2742.68000 2069.41783  24.5%     -    0s
     0     0 2074.46569    0   78 2742.68000 2074.46569  24.4%     -    0s
     0     0 2074.62505    0   71 2742.68000 2074.62505  24.4%     -    0s
     0     0 2076.28096    0   72 2742.68000 2076.28096  24.3%     -    0s
     0     0 2086.32368    0   72 2742.68000 2086.32368  23.9%     -    0s
     0     0 2088.81804    0   99 2742.68000 2088.81804  23.8%     -    0s
     0     0 2093.00609    0   94 2742.68000 2093.00609  23.7%     -    0s
     0     0 2093.05562    0   97 2742.68000 2093.05562  23.7%     -    0s
     0     0 2103.49846    0   93 2742.68000 2103.49846  23.3%     -    0s
     0     0 2103.70148    0  102 2742.68000 2103.70148  23.3%     -    0s
     0     0 2114.55896    0   91 2742.68000 2114.55896  22.9%     -    0s
     0     0 2114.55896    0   83 2742.68000 2114.55896  22.9%     -    0s
     0     2 2141.65379    0   80 2742.68000 2141.65379  21.9%     -    0s
H   29    34                    2698.4600000 2141.65379  20.6%  39.3    0s
H   67    56                    2449.1000000 2141.65379  12.6%  36.4    0s

Cutting planes:
  User: 53
  Gomory: 3
  Cover: 68
  Implied bound: 5
  Clique: 11
  MIR: 35
  StrongCG: 4
  Flow cover: 74
  RLT: 50
  Relax-and-lift: 5
  Lazy constraints: 39

Explored 315 nodes (9604 simplex iterations) in 0.82 seconds
Thread count was 2 (of 32 available processors)

Solution count 6: 2449.1 2698.46 2742.68 ... 3986.05

Optimal solution found (tolerance 1.00e-04)
Best objective 2.449100000000e+03, best bound 2.449100000000e+03, gap 0.0000%

User-callback calls 1041, time in user-callback 0.08 sec
================================================================================
executing instance: ./input/Instances/Original/4/absH3low_3n15.dat
--------------------------------------------------------------------------------
Instance details
n	16
H	3
C	1267
Li:
[0, 0, 0, 0, 0, 0, 0, 0, 0, 0, 0, 0, 0, 0, 0, 0, ]
Ui:
[0, 156, 267, 148, 144, 87, 33, 171, 76, 141, 270, 282, 60, 110, 172, 57, ]
Distance matrix:
|0	229	567	76	58	96	306	409	310	423	108	346	165	347	159	256	|
|229	0	482	243	279	155	375	525	251	419	158	373	65	123	329	246	|
|567	482	0	506	622	483	342	439	259	200	467	274	486	433	501	312	|
|76	243	506	0	119	88	230	337	255	352	88	272	179	347	94	194	|
|58	279	622	119	0	154	345	431	366	471	166	391	217	399	179	310	|
|96	155	483	88	154	0	266	397	224	358	17	289	92	262	176	179	|
|306	375	342	230	345	266	0	158	184	148	251	68	332	423	181	140	|
|409	525	439	337	431	397	158	0	340	244	386	201	476	581	253	298	|
|310	251	259	255	366	224	184	340	0	170	208	146	238	257	274	66	|
|423	419	200	352	471	358	148	244	170	0	341	84	396	424	323	182	|
|108	158	467	88	166	17	251	386	208	341	0	273	96	259	172	162	|
|346	373	274	272	391	289	68	201	146	84	273	0	340	400	239	127	|
|165	65	486	179	217	92	332	476	238	396	96	340	0	182	267	216	|
|347	123	433	347	399	262	423	581	257	424	259	400	182	0	423	283	|
|159	329	501	94	179	176	181	253	274	323	172	239	267	423	0	208	|
|256	246	312	194	310	179	140	298	66	182	162	127	216	283	208	0	|

--------------------------------------------------------------------------------
Building model...
	using lazy and cut (CVRPSEP package)
Solving IRP LP...
--------------------------------------------------------------------------------

Gurobi 9.1.0 (linux64) logging started Sat Jan  9 23:27:54 2021

Gurobi Optimizer version 9.1.0 build v9.1.0rc0 (linux64)
Thread count: 32 physical cores, 32 logical processors, using up to 2 threads
Optimize a model with 352 rows, 970 columns and 2653 nonzeros
Model fingerprint: 0x31f28f94
Variable types: 154 continuous, 816 integer (96 binary)
Coefficient statistics:
  Matrix range     [1e+00, 7e+04]
  Objective range  [1e-02, 6e+02]
  Bounds range     [1e+00, 3e+02]
  RHS range        [1e+01, 2e+03]
Presolve removed 112 rows and 78 columns
Presolve time: 0.02s
Presolved: 240 rows, 892 columns, 2264 nonzeros
Variable types: 92 continuous, 800 integer (711 binary)

Root relaxation: objective 1.644714e+03, 332 iterations, 0.01 seconds

    Nodes    |    Current Node    |     Objective Bounds      |     Work
 Expl Unexpl |  Obj  Depth IntInf | Incumbent    BestBd   Gap | It/Node Time

     0     0 1644.71376    0   41          - 1644.71376      -     -    0s
     0     0 1902.11588    0   47          - 1902.11588      -     -    0s
     0     0 2384.11562    0   65          - 2384.11562      -     -    0s
     0     0 2384.34715    0   70          - 2384.34715      -     -    0s
     0     0 2458.58513    0  112          - 2458.58513      -     -    0s
     0     0 2511.74665    0   87          - 2511.74665      -     -    0s
     0     0 2514.10638    0   79          - 2514.10638      -     -    0s
     0     0 2514.10638    0   76          - 2514.10638      -     -    0s
     0     0 2561.97579    0  130          - 2561.97579      -     -    0s
     0     0 2564.63227    0  128          - 2564.63227      -     -    0s
     0     0 2564.86759    0  108          - 2564.86759      -     -    0s
     0     0 2573.29256    0  112          - 2573.29256      -     -    0s
     0     0 2578.58072    0  118          - 2578.58072      -     -    0s
     0     0 2578.58072    0  119          - 2578.58072      -     -    0s
     0     0 2583.94725    0  111          - 2583.94725      -     -    0s
     0     0 2584.42414    0   95          - 2584.42414      -     -    0s
     0     2 2584.69579    0   95          - 2584.69579      -     -    0s
*  108   101              36    3399.9200000 2655.11465  21.9%  43.6    0s
H  183   119                    3222.0600000 2663.89329  17.3%  57.0    0s
H  215   118                    3209.5600000 2742.97088  14.5%  58.9    1s
H  258   107                    3081.5600000 2742.97088  11.0%  58.0    1s

Cutting planes:
  User: 393
  Gomory: 4
  Cover: 84
  Implied bound: 11
  Clique: 14
  MIR: 57
  StrongCG: 4
  Flow cover: 94
  GUB cover: 1
  Zero half: 5
  RLT: 67
  Relax-and-lift: 1
  Lazy constraints: 127

Explored 582 nodes (31642 simplex iterations) in 2.18 seconds
Thread count was 2 (of 32 available processors)

Solution count 4: 3081.56 3209.56 3222.06 3399.92 

Optimal solution found (tolerance 1.00e-04)
Best objective 3.081560000000e+03, best bound 3.081560000000e+03, gap 0.0000%

User-callback calls 1703, time in user-callback 0.29 sec
================================================================================
executing instance: ./input/Instances/Original/4/absH3low_2n45.dat
--------------------------------------------------------------------------------
Instance details
n	46
H	3
C	3171
Li:
[0, 0, 0, 0, 0, 0, 0, 0, 0, 0, 0, 0, 0, 0, 0, 0, 0, 0, 0, 0, 0, 0, 0, 0, 0, 0, 0, 0, 0, 0, 0, 0, 0, 0, 0, 0, 0, 0, 0, 0, 0, 0, 0, 0, 0, 0, ]
Ui:
[0, 246, 160, 78, 20, 87, 144, 40, 20, 82, 60, 96, 24, 136, 160, 108, 160, 26, 228, 51, 24, 240, 231, 70, 32, 105, 174, 114, 246, 126, 132, 76, 22, 42, 255, 132, 148, 162, 66, 111, 102, 240, 123, 201, 297, 78, ]
Distance matrix:
|0	148	402	550	329	420	187	318	366	280	504	273	233	333	112	344	379	481	113	593	159	523	261	424	90	359	163	461	413	240	105	299	265	89	371	462	339	273	495	22	41	439	369	506	563	468	|
|148	0	284	517	394	284	136	369	244	311	496	166	329	355	223	202	338	388	204	565	254	506	118	346	71	423	173	471	336	118	105	352	198	105	248	428	302	305	487	153	179	441	230	497	517	370	|
|402	284	0	350	448	80	228	406	42	343	382	129	456	350	412	126	219	131	382	395	410	371	180	137	314	466	289	400	137	167	389	401	169	316	39	280	217	342	373	394	414	362	108	380	324	106	|
|550	517	350	0	339	429	385	308	374	295	93	375	431	249	481	461	180	239	458	48	445	57	474	214	496	333	387	160	216	424	601	321	320	471	376	90	217	301	93	530	534	146	452	88	52	262	|
|329	394	448	339	0	513	282	42	438	105	255	363	115	108	221	484	259	431	217	365	172	289	436	362	333	30	224	189	353	380	423	47	291	296	443	285	240	107	251	307	294	193	495	260	378	437	|
|420	284	80	429	513	0	267	473	76	408	462	163	509	421	449	86	298	201	421	474	455	451	167	217	330	533	333	478	217	181	386	466	225	341	70	360	291	406	453	416	438	440	59	460	400	176	|
|187	136	228	385	282	267	0	249	199	186	360	104	248	224	184	214	207	294	155	432	189	371	155	237	113	308	68	336	227	101	216	236	78	98	205	296	168	181	350	174	190	305	231	360	390	283	|
|318	369	406	308	42	473	249	0	397	66	229	325	128	67	216	447	218	389	206	337	168	260	402	320	311	61	196	167	311	345	406	19	252	275	403	248	198	70	223	296	286	164	457	233	344	395	|
|366	244	42	374	438	76	199	397	0	332	397	96	436	346	383	90	228	168	354	420	385	389	139	161	277	458	263	408	158	128	349	391	150	282	6	298	218	331	388	359	380	370	78	395	352	144	|
|280	311	343	295	105	408	186	66	332	0	231	259	142	53	191	380	171	337	173	332	150	257	337	267	258	127	139	182	258	280	359	58	186	223	338	222	143	6	224	258	254	164	390	234	323	340	|
|504	496	382	93	255	462	360	229	397	231	0	375	356	180	422	478	173	293	403	110	381	36	474	248	463	245	345	68	246	419	568	244	308	433	400	104	200	237	9	482	482	67	474	5	142	312	|
|273	166	129	375	363	163	104	325	96	259	375	0	347	283	288	121	202	221	259	423	292	376	99	183	186	386	170	370	175	52	269	315	76	187	102	288	177	256	365	265	285	333	133	374	365	204	|
|233	329	456	431	115	509	248	128	436	142	356	347	0	181	121	462	311	472	128	463	76	386	398	403	260	141	180	294	392	349	334	111	287	224	442	362	280	139	350	212	194	289	479	360	463	472	|
|333	355	350	249	108	421	224	67	346	53	180	283	181	0	244	403	152	324	226	283	201	207	369	256	307	118	186	129	247	311	409	74	208	273	351	183	136	59	173	311	307	113	410	183	282	331	|
|112	223	412	481	221	449	184	216	383	191	422	288	121	244	0	387	327	461	30	521	49	447	313	396	152	250	125	371	385	273	214	196	249	121	389	400	288	185	415	91	74	355	408	425	503	454	|
|344	202	126	461	484	86	214	447	90	380	478	121	462	403	387	0	305	256	360	508	400	473	84	250	255	507	282	482	246	115	302	437	196	271	90	382	288	377	469	343	367	444	28	476	441	232	|
|379	338	219	180	259	298	207	218	228	171	173	202	311	152	327	305	0	172	301	227	300	174	302	105	318	270	217	180	97	249	423	221	141	296	232	90	40	173	164	361	368	142	303	172	184	180	|
|481	388	131	239	431	201	294	389	168	337	293	221	472	324	461	256	172	0	432	280	446	273	300	70	400	442	337	330	80	271	490	391	217	391	167	191	194	339	286	468	483	294	239	289	203	26	|
|113	204	382	458	217	421	155	206	354	173	403	259	128	226	30	360	301	432	0	499	52	426	287	367	133	246	95	355	356	246	208	187	219	100	360	376	261	167	395	90	81	337	381	406	478	425	|
|593	565	395	48	365	474	432	337	420	332	110	423	463	283	521	508	227	280	499	0	482	77	521	260	542	356	431	178	262	472	647	352	368	516	422	137	264	338	114	573	576	174	499	106	78	304	|
|159	254	410	445	172	455	189	168	385	150	381	292	76	201	49	400	300	446	52	482	0	407	331	378	184	201	122	327	367	286	258	149	242	150	391	367	263	144	374	137	122	314	419	384	470	441	|
|523	506	371	57	289	451	371	260	389	257	36	376	386	207	447	473	174	273	426	77	407	0	475	234	477	280	363	104	234	422	583	275	313	449	392	91	205	263	38	503	504	97	468	31	108	294	|
|261	118	180	474	436	167	155	402	139	337	474	99	398	369	313	84	302	300	287	521	331	475	0	275	173	462	220	465	268	58	219	390	168	193	142	388	275	333	464	261	286	430	111	473	462	279	|
|424	346	137	214	362	217	237	320	161	267	248	183	403	256	396	250	105	70	367	260	378	234	275	0	348	374	274	274	11	234	444	321	159	335	163	145	124	269	239	409	422	237	239	245	191	76	|
|90	71	314	496	333	330	113	311	277	258	463	186	260	307	152	255	318	400	133	542	184	477	173	348	0	362	121	430	338	150	106	293	190	37	282	406	279	252	454	88	113	403	280	464	502	386	|
|359	423	466	333	30	533	308	61	458	127	245	386	141	118	250	507	270	442	246	356	201	280	462	374	362	0	252	178	365	406	453	73	313	325	463	286	254	130	242	336	324	187	517	250	374	449	|
|163	173	289	387	224	333	68	196	263	139	345	170	180	186	125	282	217	337	95	431	122	363	220	274	121	252	0	310	263	168	225	180	124	88	269	300	177	133	337	144	152	284	299	347	400	330	|
|461	471	400	160	189	478	336	167	408	182	68	370	294	129	371	482	180	330	355	178	327	104	465	274	430	178	310	0	269	408	534	184	297	398	412	142	194	188	66	439	436	38	482	73	206	345	|
|413	336	137	216	353	217	227	311	158	258	246	175	392	247	385	246	97	80	356	262	367	234	268	11	338	365	263	269	0	226	434	312	149	324	160	143	115	259	237	399	411	232	237	243	196	84	|
|240	118	167	424	380	181	101	345	128	280	419	52	349	311	273	115	249	271	246	472	286	422	58	234	150	406	168	408	226	0	223	333	111	160	133	336	219	276	409	235	258	373	136	418	416	252	|
|105	105	389	601	423	386	216	406	349	359	568	269	334	409	214	302	423	490	208	647	258	583	219	444	106	453	225	534	434	223	0	388	289	137	353	511	384	353	559	123	145	508	330	570	606	473	|
|299	352	401	321	47	466	236	19	391	58	244	315	111	74	196	437	221	391	187	352	149	275	390	321	293	73	180	184	312	333	388	0	243	257	396	258	197	60	238	276	267	178	448	248	355	395	|
|265	198	169	320	291	225	78	252	150	186	308	76	287	208	249	196	141	217	219	368	242	313	168	159	190	313	124	297	149	111	289	243	0	176	156	231	109	183	299	251	266	262	205	308	319	207	|
|89	105	316	471	296	341	98	275	282	223	433	187	224	273	121	271	296	391	100	516	150	449	193	335	37	325	88	398	324	160	137	257	176	0	287	382	256	217	424	78	98	372	295	434	480	379	|
|371	248	39	376	443	70	205	403	6	338	400	102	442	351	389	90	232	167	360	422	391	392	142	163	282	463	269	412	160	133	353	396	156	287	0	301	222	336	391	365	386	374	77	398	353	143	|
|462	428	280	90	285	360	296	248	298	222	104	288	362	183	400	382	90	191	376	137	367	91	388	145	406	286	300	142	143	336	511	258	231	382	301	0	127	226	96	443	448	110	376	100	103	209	|
|339	302	217	217	240	291	168	198	218	143	200	177	280	136	288	288	40	194	261	264	263	205	275	124	279	254	177	194	115	219	384	197	109	256	222	127	0	145	190	321	328	157	289	199	224	198	|
|273	305	342	301	107	406	181	70	331	6	237	256	139	59	185	377	173	339	167	338	144	263	333	269	252	130	133	188	259	276	353	60	183	217	336	226	145	0	230	251	248	170	388	240	328	341	|
|495	487	373	93	251	453	350	223	388	224	9	365	350	173	415	469	164	286	395	114	374	38	464	239	454	242	337	66	237	409	559	238	299	424	391	96	190	230	0	474	474	61	465	11	141	305	|
|22	153	394	530	307	416	174	296	359	258	482	265	212	311	91	343	361	468	90	573	137	503	261	409	88	336	144	439	399	235	123	276	251	78	365	443	321	251	474	0	26	418	367	485	544	456	|
|41	179	414	534	294	438	190	286	380	254	482	285	194	307	74	367	368	483	81	576	122	504	286	422	113	324	152	436	411	258	145	267	266	98	386	448	328	248	474	26	0	416	391	484	550	472	|
|439	441	362	146	193	440	305	164	370	164	67	333	289	113	355	444	142	294	337	174	314	97	430	237	403	187	284	38	232	373	508	178	262	372	374	110	157	170	61	418	416	0	444	71	187	309	|
|369	230	108	452	495	59	231	457	78	390	474	133	479	410	408	28	303	239	381	499	419	468	111	239	280	517	299	482	237	136	330	448	205	295	77	376	289	388	465	367	391	444	0	472	429	214	|
|506	497	380	88	260	460	360	233	395	234	5	374	360	183	425	476	172	289	406	106	384	31	473	245	464	250	347	73	243	418	570	248	308	434	398	100	199	240	11	485	484	71	472	0	137	309	|
|563	517	324	52	378	400	390	344	352	323	142	365	463	282	503	441	184	203	478	78	470	108	462	191	502	374	400	206	196	416	606	355	319	480	353	103	224	328	141	544	550	187	429	137	0	228	|
|468	370	106	262	437	176	283	395	144	340	312	204	472	331	454	232	180	26	425	304	441	294	279	76	386	449	330	345	84	252	473	395	207	379	143	209	198	341	305	456	472	309	214	309	228	0	|

--------------------------------------------------------------------------------
Building model...
	using lazy and cut (CVRPSEP package)
Solving IRP LP...
--------------------------------------------------------------------------------

Gurobi 9.1.0 (linux64) logging started Sat Jan  9 23:27:56 2021

Gurobi Optimizer version 9.1.0 build v9.1.0rc0 (linux64)
Thread count: 32 physical cores, 32 logical processors, using up to 2 threads
Optimize a model with 1012 rows, 6940 columns and 16003 nonzeros
Model fingerprint: 0xb73f4093
Variable types: 454 continuous, 6486 integer (276 binary)
Coefficient statistics:
  Matrix range     [1e+00, 7e+13]
  Objective range  [1e-02, 6e+02]
  Bounds range     [1e+00, 3e+02]
  RHS range        [1e+01, 5e+03]
Warning: Model contains large matrix coefficient range
         Consider reformulating model or setting NumericFocus parameter
         to avoid numerical issues.
Presolve removed 260 rows and 158 columns
Presolve time: 0.08s
Presolved: 752 rows, 6782 columns, 14999 nonzeros
Variable types: 312 continuous, 6470 integer (6200 binary)

Root relaxation: objective 2.539073e+03, 871 iterations, 0.02 seconds

    Nodes    |    Current Node    |     Objective Bounds      |     Work
 Expl Unexpl |  Obj  Depth IntInf | Incumbent    BestBd   Gap | It/Node Time

     0     0 2539.07262    0  134          - 2539.07262      -     -    0s
     0     0 2988.54867    0  143          - 2988.54867      -     -    0s
     0     0 3540.28202    0  137          - 3540.28202      -     -    0s
     0     0 3546.53194    0  138          - 3546.53194      -     -    0s
     0     0 3580.08220    0  180          - 3580.08220      -     -    0s
     0     0 3608.37421    0  179          - 3608.37421      -     -    0s
     0     0 3610.95113    0  189          - 3610.95113      -     -    0s
     0     0 3620.20036    0  196          - 3620.20036      -     -    0s
     0     0 3621.48162    0  197          - 3621.48162      -     -    0s
     0     0 3703.32155    0  222          - 3703.32155      -     -    0s
     0     0 3703.32155    0  107          - 3703.32155      -     -    1s
     0     0 3703.32155    0  191          - 3703.32155      -     -    1s
     0     0 3703.32155    0  231          - 3703.32155      -     -    1s
     0     0 3730.22982    0  197          - 3730.22982      -     -    1s
     0     0 3745.57692    0  175          - 3745.57692      -     -    1s
     0     0 3747.35658    0  146          - 3747.35658      -     -    1s
     0     0 3748.08837    0  164          - 3748.08837      -     -    1s
     0     0 3748.83837    0  166          - 3748.83837      -     -    1s
     0     0 3791.42046    0  255          - 3791.42046      -     -    1s
     0     0 3801.92352    0  266          - 3801.92352      -     -    1s
     0     0 3803.70834    0  260          - 3803.70834      -     -    1s
     0     0 3804.95932    0  299          - 3804.95932      -     -    1s
     0     0 3838.90074    0  284          - 3838.90074      -     -    2s
     0     0 3841.34824    0  259          - 3841.34824      -     -    2s
     0     0 3841.46330    0  291          - 3841.46330      -     -    2s
     0     0 3852.81542    0  236          - 3852.81542      -     -    2s
     0     0 3860.44818    0  271          - 3860.44818      -     -    2s
     0     0 3860.82933    0  310          - 3860.82933      -     -    2s
     0     0 3874.67087    0  352          - 3874.67087      -     -    2s
     0     0 3874.67087    0  350          - 3874.67087      -     -    2s
     0     2 3878.40199    0  313          - 3878.40199      -     -    3s
    46    48 4047.52407   12  113          - 3891.07608      -   236    5s
   403   431 5121.11025  127   58          - 3891.07608      -  84.2   10s
   799   750 5539.96750  189  340          - 3918.40342      -  52.5   15s
   844   780 5058.09760  102  413          - 3937.04538      -  49.7   20s
   849   786 3953.99663   14  372          - 3941.99744      -  59.2   25s
   893   815 4078.48921   26  241          - 3952.74423      -  78.8   30s
   967   870 4314.46146   43   71          - 3952.74423      -  95.0   35s
  1160  1010 4901.45326   70   62          - 3952.74423      -  95.1   40s
  1392  1174 5574.43033  106   30          - 3952.74423      -  86.0   45s
* 1531  1143             217    7553.3400000 3952.74423  47.7%  81.8   48s
* 1532  1104             217    7509.0600000 3952.74423  47.4%  81.8   48s
* 1538  1065             216    7467.7400000 3952.74423  47.1%  81.5   48s
  1544  1080 5726.93671  141   50 7467.74000 3952.74423  47.1%  83.1   50s
  1599  1103 6451.65825  164   24 7467.74000 3952.74423  47.1%  83.6   57s
  1647  1154 6397.33359  186   34 7467.74000 3952.74423  47.1%  84.0   60s
  1844  1232 7137.45804  275    9 7467.74000 3952.74423  47.1%  80.4   66s
  1989  1230 7441.62000  336    - 7467.74000 3952.74423  47.1%  76.4   71s
  2106  1288 4041.67883   17  336 7467.74000 3990.48463  46.6%  76.1   76s
  2282  1412 4127.52263   28  244 7467.74000 3990.48463  46.6%  74.8   82s
  2365  1422 4156.95790   36  209 7467.74000 3990.48463  46.6%  76.1   85s
  2425  1474 4242.92443   61  140 7467.74000 3990.48463  46.6%  80.5   90s
  2511  1559 4507.21159  111   81 7467.74000 3990.48463  46.6%  82.8   95s
  2735  1658 6162.53000  190    2 7467.74000 3995.75774  46.5%  79.1  101s
  2885  1676     cutoff  219      7467.74000 3997.56076  46.5%  79.0  105s
  2945  1737 4145.57587   24  201 7467.74000 4016.48337  46.2%  80.8  113s
  2968  1795 infeasible   32      7467.74000 4016.48337  46.2%  85.6  115s
  3103  2005 5121.29286   81   40 7467.74000 4016.94236  46.2%  85.4  122s
  3281  2119 4188.35078   18  351 7467.74000 4016.94236  46.2%  83.8  126s
  3391  2178 4360.71752   22  167 7467.74000 4016.94236  46.2%  82.6  130s
  3550  2236 4500.95416   35  174 7467.74000 4016.94236  46.2%  82.8  135s
  3621  2381 4634.95684   49   89 7467.74000 4016.94236  46.2%  86.7  143s
  3712  2564 4695.27646   76   79 7467.74000 4016.94236  46.2%  86.7  148s
  3938  2773 5533.46000  124   10 7467.74000 4016.94236  46.2%  84.3  154s
  4157  2921 6043.16411  136   31 7467.74000 4021.37772  46.2%  81.1  160s
  4393  2963 4279.65772   24  280 7467.74000 4022.00251  46.1%  80.8  165s
  4446  3141 4748.65503   48   48 7467.74000 4022.00251  46.1%  82.3  172s
  4590  3265 5915.21189  164   38 7467.74000 4031.92897  46.0%  80.9  176s
  4742  3276 infeasible  224      7467.74000 4034.98955  46.0%  79.9  180s
  4774  3278 4561.31809   23  188 7467.74000 4045.77902  45.8%  81.1  187s
  4777  3315 4582.94065   24  212 7467.74000 4045.77902  45.8%  81.9  190s
  4814  3341 5122.32215   48  119 7467.74000 4045.77902  45.8%  82.8  203s
  4840  3454 5309.18139   61   82 7467.74000 4047.45714  45.8%  82.7  209s
  4949  3460 6189.18571  115   12 7467.74000 4047.45714  45.8%  82.5  210s
  5076  3553 6413.42000  121    6 7467.74000 4053.16019  45.7%  82.2  217s
  5111  3622 6670.79333  123   17 7467.74000 4059.38420  45.6%  83.2  221s
  5192  3735 7101.50333  131    6 7467.74000 4059.43028  45.6%  83.6  226s
  5323  3781 7206.39000  132    2 7467.74000 4060.28082  45.6%  83.3  231s
  5398  3926 7241.61333  137    4 7467.74000 4061.39148  45.6%  84.1  236s
  5560  4091 7335.25000  138    - 7467.74000 4061.77554  45.6%  83.2  243s
  5750  4125 7436.98500  139    2 7467.74000 4065.72433  45.6%  82.2  248s
  5783  4152     cutoff  141      7467.74000 4066.82853  45.5%  83.4  252s
  5813  4250 7424.65000  138    6 7467.74000 4066.91565  45.5%  85.1  258s
  5916  4323 4557.80205   25  290 7467.74000 4066.91565  45.5%  85.3  264s
  5998  4443 4843.37834   30  195 7467.74000 4066.91565  45.5%  86.1  269s
  6122  4656 5129.02193   40  117 7467.74000 4066.91565  45.5%  86.4  280s
  6357  4764 5985.86726   65   33 7467.74000 4068.28614  45.5%  85.3  290s
  6541  4936 7466.83000  121    - 7467.74000 4073.03258  45.5%  85.0  296s
  6716  5002 4494.63747   32  249 7467.74000 4074.31070  45.4%  84.6  302s
  6772  5085 4710.27848   47  160 7467.74000 4074.31070  45.4%  86.1  307s
  6855  5574 4801.30433   57   73 7467.74000 4074.31070  45.4%  87.6  317s
  7455  5749 6422.80407  174   83 7467.74000 4079.35527  45.4%  82.5  328s
  7688  5929 4656.65606   36  196 7467.74000 4083.00064  45.3%  82.8  336s
  7874  6130 5509.16000   89    6 7467.74000 4086.75509  45.3%  82.7  345s
  8110  6240 6175.43644  115   41 7467.74000 4091.89473  45.2%  82.3  353s
  8242  6338 7282.27000  136    - 7467.74000 4095.35776  45.2%  83.4  361s
H 8283  6308                    7412.7400000 4095.35776  44.8%  83.9  362s
  8338  6619 4514.30115   41   64 7412.74000 4095.35776  44.8%  84.6  373s
  8745  6726 4822.02794   55   15 7412.74000 4098.37685  44.7%  83.2  382s
  8919  6926     cutoff  199      7412.74000 4100.45100  44.7%  83.5  390s
  9092  7013     cutoff  195      7412.74000 4103.83461  44.6%  83.9  398s
  9175  7156 5247.78133   62   18 7412.74000 4103.86041  44.6%  85.1  409s
  9347  7336 6226.50500  104   20 7412.74000 4104.11494  44.6%  85.7  419s
  9601  7537     cutoff  154      7412.74000 4106.05741  44.6%  85.5  429s
  9741  7537 7132.03451  163   18 7412.74000 4106.05741  44.6%  84.8  430s
  9828  7564 7313.97000  174   24 7412.74000 4108.77406  44.6%  85.1  437s
  9869  7602 4496.08414   31  162 7412.74000 4109.32391  44.6%  86.1  444s
  9919  7620 4729.31556   47  137 7412.74000 4109.32391  44.6%  86.8  451s
