




arguments: ./build/irp_solver -f ./input/SF-4.cfg
Current dir: /scratch/mardar/irp_lp_solver-master
File verbosity level: 9
date       time         ( uptime  ) [ thread name/id ]                   file:line     v| 
2020-12-09 20:30:56.700 (   0.068s) [main thread     ]             loguru.cpp:789   INFO| Logging to './output/SF/OU/4/execution_09_12_2020_20_30_56.log', mode: 'a', verbosity: 9
--------------------------------------------------------------------------------
Parameters
                           instance_path                    ./input/Instances/4/
                            model_policy                                       1
                             nb_vehicles                                       1
                              output_dir                       ./output/SF/OU/4/
                            sec_strategy                                       1
                       solver_nb_threads                                       2
                         solver_show_log                                   false
                       solver_time_limit                                    3600
--------------------------------------------------------------------------------
executing instance: ./input/Instances/4/absH3low_1n45_4.dat
--------------------------------------------------------------------------------
Instance details
n	46
H	3
C	3462
Li:
[0, 0, 0, 0, 0, 0, 0, 0, 0, 0, 0, 0, 0, 0, 0, 0, 0, 0, 0, 0, 0, 0, 0, 0, 0, 0, 0, 0, 0, 0, 0, 0, 0, 0, 0, 0, 0, 0, 0, 0, 0, 0, 0, 0, 0, 0, ]
Ui:
[0, 270, 66, 136, 144, 270, 45, 180, 54, 30, 22, 75, 64, 96, 90, 148, 156, 86, 108, 174, 66, 180, 112, 192, 168, 237, 198, 165, 273, 198, 94, 26, 36, 92, 30, 72, 180, 48, 117, 264, 174, 44, 210, 45, 198, 249, ]
Distance matrix:
|0	464	461	260	312	201	206	252	137	305	374	139	110	200	390	93	439	236	254	169	70	349	116	201	327	346	460	249	281	136	71	44	160	363	236	426	219	278	166	303	180	20	256	431	247	253	|
|464	0	390	251	492	435	578	246	389	348	137	329	562	480	456	415	301	398	211	344	440	292	357	333	203	400	54	474	441	431	517	458	345	117	330	384	265	259	305	213	321	448	233	378	251	246	|
|461	390	0	253	226	585	412	446	324	156	448	414	493	311	125	490	89	231	365	481	394	135	367	266	228	125	436	264	211	538	462	490	309	408	229	36	430	225	413	243	299	441	433	30	447	448	|
|260	251	253	0	254	337	329	195	148	128	234	169	337	230	252	256	199	150	117	231	213	118	145	84	68	190	272	226	201	297	294	274	107	199	81	226	178	29	163	45	83	240	184	226	196	198	|
|312	492	226	254	0	490	194	423	199	145	487	336	302	115	107	377	267	110	359	407	244	212	267	193	288	113	521	63	53	429	283	353	219	452	174	195	394	237	351	282	228	296	415	204	421	425	|
|201	435	585	337	490	0	407	191	292	436	306	171	294	388	546	114	536	393	254	108	254	453	228	325	388	491	408	430	448	64	266	157	285	318	361	554	181	364	174	364	289	207	205	556	186	190	|
|206	578	412	329	194	407	0	422	191	286	525	308	135	109	300	297	432	203	390	362	167	354	244	246	390	288	591	148	202	342	144	250	235	502	258	378	388	329	333	372	258	202	421	386	418	423	|
|252	246	446	195	423	191	422	0	242	320	127	116	361	355	443	180	380	313	81	100	257	311	178	230	224	382	225	377	371	187	318	232	208	129	255	421	34	224	90	204	195	241	15	420	5	2	|
|137	389	324	148	199	292	191	242	0	168	336	141	191	113	260	181	306	103	200	210	73	216	70	70	215	211	400	142	157	233	150	168	45	311	102	289	210	157	159	193	68	117	238	294	239	244	|
|305	348	156	128	145	436	286	320	168	0	358	266	344	177	125	336	148	85	244	336	239	70	213	112	146	63	381	145	99	385	310	334	155	321	75	122	298	103	270	144	147	285	309	126	320	322	|
|374	137	448	234	487	306	525	127	336	358	0	235	480	443	480	307	367	380	136	227	368	324	284	300	223	419	102	452	434	313	436	357	294	40	312	432	156	255	208	216	274	361	119	429	132	127	|
|139	329	414	169	336	171	308	116	141	266	235	0	246	252	380	92	367	231	119	72	141	283	71	156	226	323	322	282	290	129	202	129	120	224	191	383	82	195	27	201	119	127	118	385	112	117	|
|110	562	493	337	302	294	135	361	191	344	480	246	0	189	399	199	490	262	355	279	124	402	206	261	404	369	563	242	289	233	45	143	230	466	290	457	328	348	273	382	254	120	364	464	356	362	|
|200	480	311	230	115	388	109	355	113	177	443	252	189	0	210	274	325	95	308	318	135	245	181	148	286	186	498	53	101	325	168	243	150	415	153	275	323	225	272	270	169	187	351	283	352	357	|
|390	456	125	252	107	546	300	443	260	125	480	380	399	210	0	440	186	156	369	452	320	164	319	224	261	62	494	157	111	491	374	426	262	442	191	99	420	227	388	264	261	372	433	108	443	446	|
|93	415	490	256	377	114	297	180	181	336	307	92	199	274	440	0	452	284	208	84	140	364	124	224	317	387	402	317	338	52	163	57	182	304	262	457	152	280	112	292	191	95	188	460	175	180	|
|439	301	89	199	267	536	432	380	306	148	367	367	490	325	186	452	0	233	299	429	378	90	333	238	156	155	348	287	235	495	454	462	280	326	204	92	369	172	361	176	263	419	366	84	382	382	|
|236	398	231	150	110	393	203	313	103	85	380	231	262	95	156	284	233	0	250	303	167	151	165	83	198	110	422	76	59	335	230	270	112	347	69	195	284	139	243	185	118	217	305	202	311	315	|
|254	211	365	117	359	254	390	81	200	244	136	119	355	308	369	208	299	250	0	148	236	230	151	168	143	307	208	320	306	233	310	247	158	113	186	340	74	145	96	123	139	238	68	340	83	83	|
|169	344	481	231	407	108	362	100	210	336	227	72	279	318	452	84	429	303	148	0	196	348	140	228	280	394	325	352	361	88	239	140	192	229	262	451	79	258	68	256	191	164	111	453	95	100	|
|70	440	394	213	244	254	167	257	73	239	368	141	124	135	320	140	378	167	236	196	0	289	85	142	281	277	444	181	212	191	81	109	107	349	175	359	223	226	167	258	130	53	257	365	253	258	|
|349	292	135	118	212	453	354	311	216	70	324	283	402	245	164	364	90	151	230	348	289	0	244	148	101	109	330	215	169	409	364	372	190	284	114	111	295	90	280	110	174	329	298	110	312	313	|
|116	357	367	145	267	228	244	178	70	213	284	71	206	181	319	124	333	165	151	140	85	244	0	101	212	265	359	212	222	173	161	130	58	264	138	333	145	165	91	187	69	97	177	337	175	180	|
|201	333	266	84	193	325	246	230	70	112	300	156	261	148	224	224	238	83	168	228	142	148	101	0	147	167	351	152	142	273	221	225	43	270	37	233	202	87	164	127	38	180	222	237	228	232	|
|327	203	228	68	288	388	390	224	215	146	223	226	404	286	261	317	156	198	143	280	281	101	212	147	0	202	235	273	238	355	362	339	174	184	133	209	215	61	215	25	151	308	210	206	226	226	|
|346	400	125	190	113	491	288	382	211	63	419	323	369	186	62	387	155	110	307	394	277	109	265	167	202	0	436	140	86	438	339	379	207	381	132	90	359	165	329	203	204	327	371	98	382	384	|
|460	54	436	272	521	408	591	225	400	381	102	322	563	498	494	402	348	422	208	325	444	330	359	351	235	436	0	498	469	412	518	449	356	98	353	427	250	285	296	239	333	446	214	422	230	225	|
|249	474	264	226	63	430	148	377	142	145	452	282	242	53	157	317	287	76	320	352	181	215	212	152	273	140	498	0	53	369	221	290	169	421	145	229	346	215	299	261	183	234	370	238	374	378	|
|281	441	211	201	53	448	202	371	157	99	434	290	289	101	111	338	235	59	306	361	212	169	222	142	238	86	469	53	0	390	263	319	170	399	121	176	344	184	302	230	177	264	364	184	370	374	|
|136	431	538	297	429	64	342	187	233	385	313	129	233	325	491	52	495	335	233	88	191	409	173	273	355	438	412	369	390	0	203	93	231	316	310	505	167	323	141	330	239	143	199	508	182	187	|
|71	517	462	294	283	266	144	318	150	310	436	202	45	168	374	163	454	230	310	239	81	364	161	221	362	339	518	221	263	203	0	110	187	422	251	426	285	306	229	338	211	77	321	432	313	319	|
|44	458	490	274	353	157	250	232	168	334	357	129	143	243	426	57	462	270	247	140	109	372	130	225	339	379	449	290	319	93	110	0	183	351	262	456	201	294	153	314	198	56	238	460	226	232	|
|160	345	309	107	219	285	235	208	45	155	294	120	230	150	262	182	280	112	158	192	107	190	58	43	174	207	356	169	170	231	187	183	0	268	80	276	177	119	132	151	24	140	202	280	205	210	|
|363	117	408	199	452	318	502	129	311	321	40	224	466	415	442	304	326	347	113	229	349	284	264	270	184	381	98	421	399	316	422	351	268	0	279	391	152	219	198	178	246	348	118	388	134	130	|
|236	330	229	81	174	361	258	255	102	75	312	191	290	153	191	262	204	69	186	262	175	114	138	37	133	132	353	145	121	310	251	262	80	279	0	195	230	72	197	118	72	216	246	199	254	257	|
|426	384	36	226	195	554	378	421	289	122	432	383	457	275	99	457	92	195	340	451	359	111	333	233	209	90	427	229	176	505	426	456	276	391	195	0	404	197	383	221	266	406	408	9	421	423	|
|219	265	430	178	394	181	388	34	210	298	156	82	328	323	420	152	369	284	74	79	223	295	145	202	215	359	250	346	344	167	285	201	177	152	230	404	0	206	56	193	166	208	37	404	30	35	|
|278	259	225	29	237	364	329	224	157	103	255	195	348	225	227	280	172	139	145	258	226	90	165	87	61	165	285	215	184	323	306	294	119	219	72	197	206	0	190	46	98	257	212	198	224	226	|
|166	305	413	163	351	174	333	90	159	270	208	27	273	272	388	112	361	243	96	68	167	280	91	164	215	329	296	299	302	141	229	153	132	198	197	383	56	190	0	191	127	153	92	385	86	91	|
|303	213	243	45	282	364	372	204	193	144	216	201	382	270	264	292	176	185	123	256	258	110	187	127	25	203	239	261	230	330	338	314	151	178	118	221	193	46	191	0	128	283	191	219	206	206	|
|180	321	299	83	228	289	258	195	68	147	274	119	254	169	261	191	263	118	139	191	130	174	69	38	151	204	333	183	177	239	211	198	24	246	72	266	166	98	127	128	0	159	188	269	193	197	|
|20	448	441	240	296	207	202	241	117	285	361	127	120	187	372	95	419	217	238	164	53	329	97	180	308	327	446	234	264	143	77	56	140	348	216	406	208	257	153	283	159	0	245	411	237	242	|
|256	233	433	184	415	205	421	15	238	309	119	118	364	351	433	188	366	305	68	111	257	298	177	222	210	371	214	370	364	199	321	238	202	118	246	408	37	212	92	191	188	245	0	408	19	17	|
|431	378	30	226	204	556	386	420	294	126	429	385	464	283	108	460	84	202	340	453	365	110	337	237	206	98	422	238	184	508	432	460	280	388	199	9	404	198	385	219	269	411	408	0	421	423	|
|247	251	447	196	421	186	418	5	239	320	132	112	356	352	443	175	382	311	83	95	253	312	175	228	226	382	230	374	370	182	313	226	205	134	254	421	30	224	86	206	193	237	19	421	0	6	|
|253	246	448	198	425	190	423	2	244	322	127	117	362	357	446	180	382	315	83	100	258	313	180	232	226	384	225	378	374	187	319	232	210	130	257	423	35	226	91	206	197	242	17	423	6	0	|

--------------------------------------------------------------------------------
Building model...
	using lazy and cut (CVRPSEP package)
Solving IRP LP...


Gurobi 9.1.0 (linux64) logging started Wed Dec  9 20:30:57 2020

================================================================================
executing instance: ./input/Instances/4/absH3high_3n40_4.dat
--------------------------------------------------------------------------------
Instance details
n	41
H	3
C	3283
Li:
[0, 0, 0, 0, 0, 0, 0, 0, 0, 0, 0, 0, 0, 0, 0, 0, 0, 0, 0, 0, 0, 0, 0, 0, 0, 0, 0, 0, 0, 0, 0, 0, 0, 0, 0, 0, 0, 0, 0, 0, 0, ]
Ui:
[0, 52, 165, 174, 99, 282, 114, 210, 261, 210, 126, 190, 42, 130, 111, 294, 63, 192, 118, 111, 198, 132, 45, 116, 162, 78, 102, 102, 96, 122, 122, 159, 152, 102, 207, 42, 176, 252, 66, 22, 156, ]
Distance matrix:
|0	343	328	255	252	258	177	169	150	293	163	255	286	143	225	215	208	83	70	143	173	107	218	262	57	167	186	214	227	127	137	201	120	73	149	28	144	266	249	222	267	|
|343	0	441	598	393	197	263	487	434	163	183	474	290	334	551	352	161	327	292	265	379	371	244	107	386	208	523	437	565	216	270	518	317	369	387	320	207	180	480	153	181	|
|328	441	0	425	574	501	206	465	226	283	366	132	155	463	326	119	298	247	370	432	157	435	492	338	299	414	348	144	375	337	229	290	215	263	187	341	374	498	147	299	500	|
|255	598	425	0	400	496	386	176	213	525	418	295	471	335	101	362	453	285	316	375	300	274	445	510	214	415	85	283	50	382	356	135	313	239	270	280	398	508	280	466	509	|
|252	393	574	400	0	201	389	224	396	446	259	506	498	111	427	456	355	328	205	158	423	152	150	378	299	205	374	465	401	263	354	420	359	324	400	234	235	219	499	366	219	|
|258	197	501	496	201	0	296	347	397	290	135	480	381	173	482	386	216	293	188	121	381	228	58	212	314	95	439	437	477	168	275	459	306	317	372	230	132	18	479	222	18	|
|177	263	206	386	389	296	0	344	187	142	161	212	112	281	315	95	103	106	188	237	118	271	289	156	183	211	303	175	344	135	39	278	74	150	132	175	171	292	217	109	294	|
|169	487	465	176	224	347	344	0	244	461	306	358	451	175	221	365	372	242	197	232	310	120	291	421	171	283	167	327	184	280	305	227	280	208	279	180	280	362	347	386	363	|
|150	434	226	213	396	397	187	244	0	329	279	116	259	291	129	149	275	110	217	290	87	245	364	333	97	302	130	84	165	239	166	91	119	80	59	175	269	402	106	286	404	|
|293	163	283	525	446	290	142	461	329	0	187	337	129	353	457	211	93	241	274	290	254	365	311	79	315	241	442	307	484	192	170	419	214	286	272	281	212	278	346	81	281	|
|163	183	366	418	259	135	161	306	279	187	0	349	253	169	382	251	97	169	110	103	249	194	133	124	212	56	347	307	389	40	141	353	175	203	244	139	27	133	350	107	136	|
|255	474	132	295	506	480	212	358	116	337	349	0	230	398	195	126	314	189	314	385	100	356	455	367	208	385	222	42	245	312	212	160	174	182	110	275	347	481	15	321	483	|
|286	290	155	471	498	381	112	451	259	129	253	230	0	391	386	113	166	209	299	342	172	383	386	192	284	308	387	210	424	237	151	347	172	247	201	286	270	374	242	162	376	|
|143	334	463	335	111	173	281	175	291	353	169	398	391	0	341	345	260	217	94	69	313	61	116	293	195	126	291	357	325	162	245	327	248	216	291	124	142	188	392	272	189	|
|225	551	326	101	427	482	315	221	129	457	382	195	386	341	0	275	397	225	295	364	214	282	439	455	171	392	55	187	53	343	291	39	244	182	188	253	366	491	180	408	492	|
|215	352	119	362	456	386	95	365	149	211	251	126	113	345	275	0	196	132	252	313	62	321	374	245	195	297	279	99	314	220	111	235	97	157	93	225	257	384	135	201	386	|
|208	161	298	453	355	216	103	372	275	93	97	314	166	260	397	196	0	172	182	198	218	273	227	58	240	152	374	277	416	99	109	362	156	216	225	193	120	208	319	14	211	|
|83	327	247	285	328	293	106	242	110	241	169	189	209	217	225	132	172	0	127	196	96	189	266	230	77	198	203	147	245	130	71	191	38	45	80	94	162	296	187	184	298	|
|70	292	370	316	205	188	188	197	217	274	110	314	299	94	295	252	182	127	0	74	223	91	148	226	127	99	253	272	293	84	151	272	155	137	205	43	85	196	310	195	198	|
|143	265	432	375	158	121	237	232	290	290	103	385	342	69	364	313	198	196	74	0	292	112	75	226	200	57	319	343	357	105	205	343	220	210	276	116	78	133	382	209	134	|
|173	379	157	300	423	381	118	310	87	254	249	100	172	313	214	62	218	96	223	292	0	280	359	273	142	287	217	60	252	213	113	175	75	106	32	189	248	381	103	226	384	|
|107	371	435	274	152	228	271	120	245	365	194	356	383	61	282	321	273	189	91	112	280	0	174	315	148	164	231	317	264	175	232	271	224	176	254	98	167	242	349	286	243	|
|218	244	492	445	150	58	289	291	364	311	133	455	386	116	439	374	227	266	148	75	359	174	0	237	275	79	392	413	430	155	263	418	286	284	346	191	119	75	454	236	75	|
|262	107	338	510	378	212	156	421	333	79	124	367	192	293	455	245	58	230	226	226	273	315	237	0	297	173	431	331	474	142	167	420	214	274	283	244	151	200	373	48	202	|
|57	386	299	214	299	314	183	171	97	315	212	208	284	195	171	195	240	77	127	200	142	148	275	297	0	222	137	170	179	173	147	145	112	38	112	84	195	321	201	253	323	|
|167	208	414	415	205	95	211	283	302	241	56	385	308	126	392	297	152	198	99	57	287	164	79	173	222	0	352	343	392	77	186	367	213	223	277	140	40	100	385	162	102	|
|186	523	348	85	374	439	303	167	130	442	347	222	387	291	55	279	374	203	253	319	217	231	392	431	137	352	0	205	42	310	273	66	229	158	186	212	329	448	208	386	450	|
|214	437	144	283	465	437	175	327	84	307	307	42	210	357	187	99	277	147	272	343	60	317	413	331	170	343	205	0	234	270	172	149	132	141	67	234	305	439	43	284	441	|
|227	565	375	50	401	477	344	184	165	484	389	245	424	325	53	314	416	245	293	357	252	264	430	474	179	392	42	234	0	352	315	85	270	200	223	253	370	488	231	428	489	|
|127	216	337	382	263	168	135	280	239	192	40	312	237	162	343	220	99	130	84	105	213	175	155	142	173	77	310	270	352	0	109	313	138	164	206	105	37	169	313	112	171	|
|137	270	229	356	354	275	39	305	166	170	141	212	151	245	291	111	109	71	151	205	113	232	263	167	147	186	273	172	315	109	0	254	47	116	117	136	145	274	215	119	276	|
|201	518	290	135	420	459	278	227	91	419	353	160	347	327	39	235	362	191	272	343	175	271	418	420	145	367	66	149	85	313	254	0	207	150	149	229	339	466	146	373	468	|
|120	317	215	313	359	306	74	280	119	214	175	174	172	248	244	97	156	38	155	220	75	224	286	214	112	213	229	132	270	138	47	207	0	77	71	128	174	307	175	167	309	|
|73	369	263	239	324	317	150	208	80	286	203	182	247	216	182	157	216	45	137	210	106	176	284	274	38	223	158	141	200	164	116	150	77	0	78	96	191	323	176	229	324	|
|149	387	187	270	400	372	132	279	59	272	244	110	201	291	188	93	225	80	205	276	32	254	346	283	112	277	186	67	223	206	117	149	71	78	0	167	240	374	108	235	376	|
|28	320	341	280	234	230	175	180	175	281	139	275	286	124	253	225	193	94	43	116	189	98	191	244	84	140	212	234	253	105	136	229	128	96	167	0	118	238	271	206	240	|
|144	207	374	398	235	132	171	280	269	212	27	347	270	142	366	257	120	162	85	78	248	167	119	151	195	40	329	305	370	37	145	339	174	191	240	118	0	134	347	132	136	|
|266	180	498	508	219	18	292	362	402	278	133	481	374	188	491	384	208	296	196	133	381	242	75	200	321	100	448	439	488	169	274	466	307	323	374	238	134	0	481	213	2	|
|249	480	147	280	499	479	217	347	106	346	350	15	242	392	180	135	319	187	310	382	103	349	454	373	201	385	208	43	231	313	215	146	175	176	108	271	347	481	0	326	483	|
|222	153	299	466	366	222	109	386	286	81	107	321	162	272	408	201	14	184	195	209	226	286	236	48	253	162	386	284	428	112	119	373	167	229	235	206	132	213	326	0	215	|
|267	181	500	509	219	18	294	363	404	281	136	483	376	189	492	386	211	298	198	134	384	243	75	202	323	102	450	441	489	171	276	468	309	324	376	240	136	2	483	215	0	|

--------------------------------------------------------------------------------
Building model...
	using lazy and cut (CVRPSEP package)
Solving IRP LP...


Gurobi 9.1.0 (linux64) logging started Wed Dec  9 20:32:30 2020

================================================================================
executing instance: ./input/Instances/4/absH6high_3n25_4.dat
--------------------------------------------------------------------------------
Instance details
n	26
H	6
C	2004
Li:
[0, 0, 0, 0, 0, 0, 0, 0, 0, 0, 0, 0, 0, 0, 0, 0, 0, 0, 0, 0, 0, 0, 0, 0, 0, 0, ]
Ui:
[0, 54, 134, 66, 160, 243, 93, 225, 96, 144, 98, 130, 54, 132, 108, 246, 99, 184, 54, 231, 114, 44, 222, 180, 100, 207, ]
Distance matrix:
|0	569	379	433	295	245	236	160	358	124	454	322	247	475	238	393	238	369	409	191	309	526	41	373	343	405	|
|569	0	398	363	277	507	399	428	229	456	248	407	484	95	335	311	359	210	308	523	266	46	539	345	429	328	|
|379	398	0	545	300	509	151	355	209	269	478	492	150	344	232	87	358	330	486	481	224	377	338	55	524	72	|
|433	363	545	0	245	230	435	281	349	390	115	115	526	299	326	482	218	227	63	276	321	325	430	497	109	506	|
|295	277	300	245	0	259	197	151	121	196	197	201	293	182	90	244	91	74	189	258	79	233	271	254	233	267	|
|245	507	509	230	259	0	363	155	377	264	302	120	428	418	282	480	170	304	238	55	327	462	259	478	122	501	|
|236	399	151	435	197	363	0	208	170	119	393	363	96	318	109	158	227	254	383	332	146	364	196	137	395	169	|
|160	428	355	281	151	155	208	0	248	117	294	179	277	334	136	332	79	221	251	128	195	384	150	327	207	352	|
|358	229	209	349	121	377	170	248	0	238	271	321	259	150	121	135	207	125	287	369	53	194	324	155	353	159	|
|124	456	269	390	196	264	119	117	238	0	380	295	164	364	121	272	172	269	350	224	192	415	87	255	324	286	|
|454	248	478	115	197	302	393	294	271	380	0	184	489	190	287	405	216	148	67	336	258	211	441	426	197	429	|
|322	407	492	115	201	120	363	179	321	295	184	0	446	324	260	444	136	220	119	162	279	363	323	450	33	467	|
|247	484	150	526	293	428	96	277	259	164	489	446	0	408	203	204	312	350	477	388	241	453	208	171	476	203	|
|475	95	344	299	182	418	318	334	150	364	190	324	408	0	244	259	265	116	238	430	177	51	446	289	349	280	|
|238	335	232	326	90	282	109	136	121	121	287	260	203	244	0	198	125	156	274	264	71	294	206	196	293	218	|
|393	311	87	482	244	480	158	332	135	272	405	444	204	259	198	0	316	259	421	460	165	291	353	36	476	24	|
|238	359	358	218	91	170	227	79	207	172	216	136	312	265	125	316	0	149	179	168	158	313	224	319	168	339	|
|369	210	330	227	74	304	254	221	125	269	148	220	350	116	156	259	149	0	164	314	112	164	345	278	249	283	|
|409	308	486	63	189	238	383	251	287	350	67	119	477	238	274	421	179	164	0	275	262	268	401	437	130	445	|
|191	523	481	276	258	55	332	128	369	224	336	162	388	430	264	460	168	314	275	0	317	477	208	454	171	480	|
|309	266	224	321	79	327	146	195	53	192	258	279	241	177	71	165	158	112	262	317	0	226	277	176	311	189	|
|526	46	377	325	233	462	364	384	194	415	211	363	453	51	294	291	313	164	268	477	226	0	497	323	386	310	|
|41	539	338	430	271	259	196	150	324	87	441	323	208	446	206	353	224	345	401	208	277	497	0	333	347	365	|
|373	345	55	497	254	478	137	327	155	255	426	450	171	289	196	36	319	278	437	454	176	323	333	0	483	34	|
|343	429	524	109	233	122	395	207	353	324	197	33	476	349	293	476	168	249	130	171	311	386	347	483	0	499	|
|405	328	72	506	267	501	169	352	159	286	429	467	203	280	218	24	339	283	445	480	189	310	365	34	499	0	|

--------------------------------------------------------------------------------
Building model...
	using lazy and cut (CVRPSEP package)
Solving IRP LP...


Gurobi 9.1.0 (linux64) logging started Wed Dec  9 20:34:55 2020

================================================================================
executing instance: ./input/Instances/4/absH3high_4n45_4.dat
--------------------------------------------------------------------------------
Instance details
n	46
H	3
C	3406
Li:
[0, 0, 0, 0, 0, 0, 0, 0, 0, 0, 0, 0, 0, 0, 0, 0, 0, 0, 0, 0, 0, 0, 0, 0, 0, 0, 0, 0, 0, 0, 0, 0, 0, 0, 0, 0, 0, 0, 0, 0, 0, 0, 0, 0, 0, 0, ]
Ui:
[0, 162, 75, 196, 156, 45, 32, 98, 196, 81, 24, 180, 237, 258, 99, 297, 128, 30, 120, 22, 74, 44, 93, 84, 28, 147, 122, 183, 62, 219, 51, 116, 128, 138, 132, 42, 183, 120, 128, 183, 171, 140, 162, 219, 105, 106, ]
Distance matrix:
|0	521	496	289	278	228	326	380	478	481	121	219	210	374	179	336	297	252	173	244	414	180	295	421	65	203	225	386	301	315	476	81	46	444	268	202	308	295	368	346	285	257	53	342	306	226	|
|521	0	432	337	291	574	438	166	278	116	567	316	437	310	387	209	235	420	509	277	243	346	339	356	457	381	625	456	485	282	372	571	521	326	327	406	232	459	462	435	471	264	469	211	476	574	|
|496	432	0	560	275	357	176	458	156	316	439	453	587	162	328	304	435	244	349	380	199	376	218	95	467	527	417	125	222	527	60	479	459	109	255	553	312	214	146	155	229	380	468	292	212	358	|
|289	337	560	0	287	465	448	172	460	365	392	114	112	399	285	267	134	381	391	180	386	212	352	465	232	86	488	500	461	55	513	366	317	463	314	94	251	440	492	460	441	180	244	279	459	464	|
|278	291	275	287	0	283	176	222	206	216	287	179	316	117	107	82	171	134	220	107	137	112	69	181	227	254	335	219	208	260	233	303	260	188	39	280	64	183	215	183	191	108	234	81	202	283	|
|228	574	357	465	283	0	189	484	412	491	115	360	419	308	199	365	409	160	75	333	375	268	244	320	249	388	61	232	136	470	365	165	182	356	248	399	344	150	211	208	134	344	241	364	147	1	|
|326	438	176	448	176	189	0	398	229	337	263	334	448	135	175	245	345	76	172	273	207	240	109	132	306	396	250	60	56	430	176	304	287	169	139	418	237	39	45	21	55	278	305	239	45	190	|
|380	166	458	172	222	484	398	0	329	203	449	162	271	302	285	158	83	352	411	152	263	223	289	366	315	217	525	435	430	117	403	442	389	351	261	241	161	405	434	402	412	140	327	168	424	483	|
|478	278	156	460	206	412	229	329	0	162	460	369	513	109	300	193	327	259	375	294	75	318	187	103	432	449	473	215	285	418	96	488	454	63	211	476	212	264	230	215	281	289	438	181	274	413	|
|481	116	316	365	216	491	337	203	162	0	503	306	446	203	322	145	237	332	434	245	132	301	247	243	421	383	546	347	387	313	256	516	471	211	246	410	173	362	355	330	376	234	431	140	378	491	|
|121	567	439	392	287	115	263	449	460	503	0	302	327	352	182	363	367	204	91	298	408	227	275	382	161	309	104	318	222	408	434	51	79	413	262	314	337	226	297	284	211	311	150	365	230	113	|
|219	316	453	114	179	360	334	162	369	306	302	0	144	294	172	180	82	267	285	75	294	98	241	360	154	80	390	387	347	110	410	286	234	363	203	108	157	326	378	347	327	80	167	191	344	359	|
|210	437	587	112	316	419	448	271	513	446	327	144	0	432	274	324	209	374	349	218	438	212	370	496	170	64	429	506	447	162	548	291	248	503	332	36	301	431	494	464	428	225	179	335	448	418	|
|374	310	162	399	117	308	135	302	109	203	352	294	432	0	195	145	273	152	267	220	72	226	80	67	332	371	368	145	189	366	116	380	347	72	109	397	150	165	153	127	181	219	336	134	178	309	|
|179	387	328	285	107	199	175	285	300	322	182	172	274	195	0	180	211	101	127	134	237	74	117	246	140	223	242	234	177	279	301	196	155	266	89	244	155	158	220	192	157	145	142	183	176	199	|
|336	209	304	267	82	365	245	158	193	145	363	180	324	145	180	0	135	214	300	108	119	156	138	210	277	260	416	278	284	228	251	373	326	200	119	288	28	259	279	248	269	100	286	12	277	365	|
|297	235	435	134	171	409	345	83	327	237	367	82	209	273	211	135	0	290	335	77	254	143	240	340	232	148	447	390	370	93	385	359	306	334	206	175	123	346	386	353	351	68	244	147	365	409	|
|252	420	244	381	134	160	76	352	259	332	204	267	374	152	101	214	290	0	116	214	216	170	85	179	230	324	218	137	80	369	231	239	215	209	95	344	197	59	121	95	61	222	229	211	77	160	|
|173	509	349	391	220	75	172	411	375	434	91	285	349	267	127	300	335	116	0	259	328	193	194	293	182	315	116	228	134	394	344	133	128	325	188	328	277	135	208	193	122	271	175	301	141	74	|
|244	277	380	180	107	333	273	152	294	245	298	75	218	220	134	108	77	214	259	0	220	71	172	286	181	154	373	322	294	157	336	296	245	288	136	182	83	271	316	283	275	13	192	119	290	332	|
|414	243	199	386	137	375	207	263	75	132	408	294	438	72	237	119	254	216	328	220	0	247	134	114	364	374	434	214	260	346	141	431	392	90	149	402	137	237	223	199	251	214	370	107	250	376	|
|180	346	376	212	112	268	240	223	318	301	227	98	212	226	74	156	143	170	193	71	247	0	158	286	121	156	304	296	249	205	340	225	175	297	120	179	128	229	285	255	229	84	130	163	247	267	|
|295	339	218	352	69	244	109	289	187	247	275	241	370	80	117	138	240	85	194	172	134	158	0	131	256	311	302	151	147	328	185	301	267	149	38	336	128	122	146	114	133	175	259	132	139	245	|
|421	356	95	465	181	320	132	366	103	243	382	360	496	67	246	210	340	179	293	286	114	286	131	0	385	435	381	112	187	433	55	417	390	40	166	461	217	170	127	115	186	285	388	199	176	321	|
|65	457	467	232	227	249	306	315	432	421	161	154	170	332	140	277	232	230	182	181	364	121	256	385	0	147	261	366	292	254	441	135	85	404	224	153	249	281	351	325	274	194	13	285	295	248	|
|203	381	527	86	254	388	396	217	449	383	309	80	64	371	223	260	148	324	315	154	374	156	311	435	147	0	407	452	400	121	487	281	232	440	273	28	237	382	441	410	380	160	159	271	399	387	|
|225	625	417	488	335	61	250	525	473	546	104	390	429	368	242	416	447	218	116	373	434	304	302	381	261	407	0	292	197	499	426	149	182	418	301	414	393	212	271	269	195	385	251	416	208	61	|
|386	456	125	500	219	232	60	435	215	347	318	387	506	145	234	278	390	137	228	322	214	296	151	112	366	452	292	0	97	478	141	360	346	152	186	475	275	93	21	42	106	326	366	270	88	233	|
|301	485	222	461	208	136	56	430	285	387	222	347	447	189	177	284	370	80	134	294	260	249	147	187	292	400	197	97	0	449	229	267	258	225	169	419	271	25	76	73	20	301	289	279	11	137	|
|315	282	527	55	260	470	430	117	418	313	408	110	162	366	279	228	93	369	394	157	346	205	328	433	254	121	499	478	449	0	478	389	337	427	292	138	216	427	472	440	430	153	266	240	446	469	|
|476	372	60	513	233	365	176	403	96	256	434	410	548	116	301	251	385	231	344	336	141	340	185	55	441	487	426	141	229	478	0	470	444	52	220	513	262	215	160	157	231	334	443	239	219	366	|
|81	571	479	366	303	165	304	442	488	516	51	286	291	380	196	373	359	239	133	296	431	225	301	417	135	281	149	360	267	389	470	0	52	445	282	282	345	268	340	324	254	309	123	377	274	164	|
|46	521	459	317	260	182	287	389	454	471	79	234	248	347	155	326	306	215	128	245	392	175	267	390	85	232	182	346	258	337	444	52	0	415	244	235	298	254	327	307	243	258	72	331	264	180	|
|444	326	109	463	188	356	169	351	63	211	413	363	503	72	266	200	334	209	325	288	90	297	149	40	404	440	418	152	225	427	52	445	415	0	180	467	212	207	167	154	223	285	408	188	214	357	|
|268	327	255	314	39	248	139	261	211	246	262	203	332	109	89	119	206	95	188	136	149	120	38	166	224	273	301	186	169	292	220	282	244	180	0	298	103	144	180	148	152	140	228	117	163	248	|
|202	406	553	94	280	399	418	241	476	410	314	108	36	397	244	288	175	344	328	182	402	179	336	461	153	28	414	475	419	138	513	282	235	467	298	0	265	402	463	433	399	188	164	299	419	398	|
|308	232	312	251	64	344	237	161	212	173	337	157	301	150	155	28	123	197	277	83	137	128	128	217	249	237	393	275	271	216	262	345	298	212	103	265	0	246	273	241	255	77	258	36	265	344	|
|295	459	214	440	183	150	39	405	264	362	226	326	431	165	158	259	346	59	135	271	237	229	122	170	281	382	212	93	25	427	215	268	254	207	144	402	246	0	73	59	16	278	279	254	19	151	|
|368	462	146	492	215	211	45	434	230	355	297	378	494	153	220	279	386	121	208	316	223	285	146	127	351	441	271	21	76	472	160	340	327	167	180	463	273	73	0	32	86	320	349	271	67	212	|
|346	435	155	460	183	208	21	402	215	330	284	347	464	127	192	248	353	95	193	283	199	255	114	115	325	410	269	42	73	440	157	324	307	154	148	433	241	59	32	0	75	288	324	240	62	209	|
|285	471	229	441	191	134	55	412	281	376	211	327	428	181	157	269	351	61	122	275	251	229	133	186	274	380	195	106	20	430	231	254	243	223	152	399	255	16	86	75	0	283	271	264	21	135	|
|257	264	380	180	108	344	278	140	289	234	311	80	225	219	145	100	68	222	271	13	214	84	175	285	194	160	385	326	301	153	334	309	258	285	140	188	77	278	320	288	283	0	204	111	297	343	|
|53	469	468	244	234	241	305	327	438	431	150	167	179	336	142	286	244	229	175	192	370	130	259	388	13	159	251	366	289	266	443	123	72	408	228	164	258	279	349	324	271	204	0	293	292	240	|
|342	211	292	279	81	364	239	168	181	140	365	191	335	134	183	12	147	211	301	119	107	163	132	199	285	271	416	270	279	240	239	377	331	188	117	299	36	254	271	240	264	111	293	0	272	364	|
|306	476	212	459	202	147	45	424	274	378	230	344	448	178	176	277	365	77	141	290	250	247	139	176	295	399	208	88	11	446	219	274	264	214	163	419	265	19	67	62	21	297	292	272	0	147	|
|226	574	358	464	283	1	190	483	413	491	113	359	418	309	199	365	409	160	74	332	376	267	245	321	248	387	61	233	137	469	366	164	180	357	248	398	344	151	212	209	135	343	240	364	147	0	|

--------------------------------------------------------------------------------
Building model...
	using lazy and cut (CVRPSEP package)
Solving IRP LP...


Gurobi 9.1.0 (linux64) logging started Wed Dec  9 21:01:59 2020

================================================================================
executing instance: ./input/Instances/4/absH6high_4n15_4.dat
--------------------------------------------------------------------------------
Instance details
n	16
H	6
C	1155
Li:
[0, 0, 0, 0, 0, 0, 0, 0, 0, 0, 0, 0, 0, 0, 0, 0, ]
Ui:
[0, 255, 20, 159, 36, 84, 22, 188, 124, 164, 102, 196, 201, 118, 81, 51, ]
Distance matrix:
|0	441	417	221	278	136	302	129	304	92	174	128	422	98	338	294	|
|441	0	391	219	288	367	422	449	157	351	279	317	52	408	410	415	|
|417	391	0	343	163	281	138	522	405	389	398	333	423	472	94	141	|
|221	219	343	0	182	171	298	244	96	132	73	101	203	198	309	289	|
|278	288	163	182	0	146	136	367	254	232	234	175	304	317	133	128	|
|136	367	281	171	146	0	176	245	267	123	174	85	364	198	207	167	|
|302	422	138	298	136	176	0	419	382	297	332	249	440	373	44	9	|
|129	449	522	244	367	245	419	0	293	135	173	193	417	51	452	411	|
|304	157	405	96	254	267	382	293	0	211	131	194	124	256	387	373	|
|92	351	389	132	232	123	297	135	211	0	83	58	331	85	325	288	|
|174	279	398	73	234	174	332	173	131	83	0	89	253	129	351	322	|
|128	317	333	101	175	85	249	193	194	58	89	0	304	142	274	240	|
|422	52	423	203	304	364	440	417	124	331	253	304	0	380	433	432	|
|98	408	472	198	317	198	373	51	256	85	129	142	380	0	404	365	|
|338	410	94	309	133	207	44	452	387	325	351	274	433	404	0	48	|
|294	415	141	289	128	167	9	411	373	288	322	240	432	365	48	0	|

--------------------------------------------------------------------------------
Building model...
	using lazy and cut (CVRPSEP package)
Solving IRP LP...


Gurobi 9.1.0 (linux64) logging started Wed Dec  9 21:40:06 2020

================================================================================
executing instance: ./input/Instances/4/absH6low_3n25_4.dat
--------------------------------------------------------------------------------
Instance details
n	26
H	6
C	2004
Li:
[0, 0, 0, 0, 0, 0, 0, 0, 0, 0, 0, 0, 0, 0, 0, 0, 0, 0, 0, 0, 0, 0, 0, 0, 0, 0, ]
Ui:
[0, 54, 134, 66, 160, 243, 93, 225, 96, 144, 98, 130, 54, 132, 108, 246, 99, 184, 54, 231, 114, 44, 222, 180, 100, 207, ]
Distance matrix:
|0	569	379	433	295	245	236	160	358	124	454	322	247	475	238	393	238	369	409	191	309	526	41	373	343	405	|
|569	0	398	363	277	507	399	428	229	456	248	407	484	95	335	311	359	210	308	523	266	46	539	345	429	328	|
|379	398	0	545	300	509	151	355	209	269	478	492	150	344	232	87	358	330	486	481	224	377	338	55	524	72	|
|433	363	545	0	245	230	435	281	349	390	115	115	526	299	326	482	218	227	63	276	321	325	430	497	109	506	|
|295	277	300	245	0	259	197	151	121	196	197	201	293	182	90	244	91	74	189	258	79	233	271	254	233	267	|
|245	507	509	230	259	0	363	155	377	264	302	120	428	418	282	480	170	304	238	55	327	462	259	478	122	501	|
|236	399	151	435	197	363	0	208	170	119	393	363	96	318	109	158	227	254	383	332	146	364	196	137	395	169	|
|160	428	355	281	151	155	208	0	248	117	294	179	277	334	136	332	79	221	251	128	195	384	150	327	207	352	|
|358	229	209	349	121	377	170	248	0	238	271	321	259	150	121	135	207	125	287	369	53	194	324	155	353	159	|
|124	456	269	390	196	264	119	117	238	0	380	295	164	364	121	272	172	269	350	224	192	415	87	255	324	286	|
|454	248	478	115	197	302	393	294	271	380	0	184	489	190	287	405	216	148	67	336	258	211	441	426	197	429	|
|322	407	492	115	201	120	363	179	321	295	184	0	446	324	260	444	136	220	119	162	279	363	323	450	33	467	|
|247	484	150	526	293	428	96	277	259	164	489	446	0	408	203	204	312	350	477	388	241	453	208	171	476	203	|
|475	95	344	299	182	418	318	334	150	364	190	324	408	0	244	259	265	116	238	430	177	51	446	289	349	280	|
|238	335	232	326	90	282	109	136	121	121	287	260	203	244	0	198	125	156	274	264	71	294	206	196	293	218	|
|393	311	87	482	244	480	158	332	135	272	405	444	204	259	198	0	316	259	421	460	165	291	353	36	476	24	|
|238	359	358	218	91	170	227	79	207	172	216	136	312	265	125	316	0	149	179	168	158	313	224	319	168	339	|
|369	210	330	227	74	304	254	221	125	269	148	220	350	116	156	259	149	0	164	314	112	164	345	278	249	283	|
|409	308	486	63	189	238	383	251	287	350	67	119	477	238	274	421	179	164	0	275	262	268	401	437	130	445	|
|191	523	481	276	258	55	332	128	369	224	336	162	388	430	264	460	168	314	275	0	317	477	208	454	171	480	|
|309	266	224	321	79	327	146	195	53	192	258	279	241	177	71	165	158	112	262	317	0	226	277	176	311	189	|
|526	46	377	325	233	462	364	384	194	415	211	363	453	51	294	291	313	164	268	477	226	0	497	323	386	310	|
|41	539	338	430	271	259	196	150	324	87	441	323	208	446	206	353	224	345	401	208	277	497	0	333	347	365	|
|373	345	55	497	254	478	137	327	155	255	426	450	171	289	196	36	319	278	437	454	176	323	333	0	483	34	|
|343	429	524	109	233	122	395	207	353	324	197	33	476	349	293	476	168	249	130	171	311	386	347	483	0	499	|
|405	328	72	506	267	501	169	352	159	286	429	467	203	280	218	24	339	283	445	480	189	310	365	34	499	0	|

--------------------------------------------------------------------------------
Building model...
	using lazy and cut (CVRPSEP package)
Solving IRP LP...


Gurobi 9.1.0 (linux64) logging started Wed Dec  9 21:40:10 2020

================================================================================
executing instance: ./input/Instances/4/absH6low_1n5_4.dat
--------------------------------------------------------------------------------
Instance details
n	6
H	6
C	507
Li:
[0, 0, 0, 0, 0, 0, ]
Ui:
[0, 273, 128, 129, 195, 150, ]
Distance matrix:
|0	349	289	203	85	17	|
|349	0	238	368	265	366	|
|289	238	0	431	226	302	|
|203	368	431	0	214	207	|
|85	265	226	214	0	102	|
|17	366	302	207	102	0	|

--------------------------------------------------------------------------------
Building model...
	using lazy and cut (CVRPSEP package)
Solving IRP LP...


Gurobi 9.1.0 (linux64) logging started Wed Dec  9 22:05:42 2020

================================================================================
executing instance: ./input/Instances/4/absH6high_5n15_4.dat
--------------------------------------------------------------------------------
Instance details
n	16
H	6
C	1086
Li:
[0, 0, 0, 0, 0, 0, 0, 0, 0, 0, 0, 0, 0, 0, 0, 0, ]
Ui:
[0, 90, 186, 172, 72, 194, 144, 42, 126, 159, 110, 26, 48, 84, 68, 110, ]
Distance matrix:
|0	407	353	192	191	375	124	302	284	87	168	270	246	171	156	327	|
|407	0	366	216	448	163	505	112	430	343	509	471	395	249	422	100	|
|353	366	0	315	217	210	354	284	119	372	311	174	125	348	227	275	|
|192	216	315	0	283	227	301	121	315	128	318	334	271	42	248	150	|
|191	448	217	283	0	343	142	337	110	254	94	80	92	290	38	348	|
|375	163	210	227	343	0	439	124	295	343	423	343	269	269	329	98	|
|124	505	354	301	142	439	0	395	252	211	64	216	230	288	127	415	|
|302	112	284	121	337	124	395	0	329	249	397	365	291	161	311	30	|
|284	430	119	315	110	295	252	329	0	328	200	54	45	336	133	331	|
|87	343	372	128	254	343	211	249	328	0	250	327	285	95	216	277	|
|168	509	311	318	94	423	64	397	200	250	0	158	186	313	95	414	|
|270	471	174	334	80	343	216	365	54	327	158	0	76	349	114	370	|
|246	395	125	271	92	269	230	291	45	285	186	76	0	291	104	295	|
|171	249	348	42	290	269	288	161	336	95	313	349	291	0	254	190	|
|156	422	227	248	38	329	127	311	133	216	95	114	104	254	0	325	|
|327	100	275	150	348	98	415	30	331	277	414	370	295	190	325	0	|

--------------------------------------------------------------------------------
Building model...
	using lazy and cut (CVRPSEP package)
Solving IRP LP...


Gurobi 9.1.0 (linux64) logging started Wed Dec  9 22:05:43 2020

================================================================================
executing instance: ./input/Instances/4/absH6low_3n30_4.dat
--------------------------------------------------------------------------------
Instance details
n	31
H	6
C	2847
Li:
[0, 0, 0, 0, 0, 0, 0, 0, 0, 0, 0, 0, 0, 0, 0, 0, 0, 0, 0, 0, 0, 0, 0, 0, 0, 0, 0, 0, 0, 0, 0, ]
Ui:
[0, 276, 130, 165, 144, 168, 129, 180, 142, 138, 198, 177, 180, 122, 42, 285, 219, 150, 64, 108, 36, 98, 188, 297, 246, 192, 204, 122, 198, 66, 240, ]
Distance matrix:
|0	356	323	296	275	185	183	201	175	232	112	198	197	91	260	280	330	181	232	162	56	110	166	238	172	42	139	26	216	191	266	|
|356	0	379	651	421	187	501	521	244	456	322	437	553	438	334	77	72	177	570	270	329	273	287	385	225	356	260	331	572	185	338	|
|323	379	0	488	578	251	498	312	407	176	212	518	436	324	531	344	309	320	376	183	358	238	431	536	214	284	383	319	451	245	537	|
|296	651	488	0	456	470	241	176	456	315	348	351	104	214	493	575	617	476	113	412	336	384	431	440	444	296	422	322	88	475	497	|
|275	421	578	456	0	356	216	451	194	507	373	106	361	339	90	361	443	295	453	397	226	340	156	43	376	316	203	268	372	364	88	|
|185	187	251	470	356	0	356	333	166	277	135	327	377	256	292	119	147	69	384	90	177	87	200	313	43	175	153	163	396	8	298	|
|183	501	498	241	216	356	0	272	266	371	292	111	151	184	263	426	492	328	255	345	180	292	228	203	352	217	242	198	159	364	266	|
|201	521	312	176	451	333	272	0	375	139	200	352	146	114	454	449	475	360	64	259	256	248	366	420	299	177	339	223	156	336	460	|
|175	244	407	456	194	166	266	375	0	379	225	194	352	266	127	174	253	101	405	225	123	176	44	153	194	201	36	152	370	174	133	|
|232	456	176	315	507	277	371	139	379	0	156	423	276	187	486	396	397	327	202	188	284	210	386	469	235	191	346	242	289	276	492	|
|112	322	212	348	373	135	292	200	225	156	0	307	266	141	339	253	275	173	254	64	148	55	237	332	99	76	194	108	284	137	345	|
|198	437	518	351	106	327	111	352	194	423	307	0	255	245	156	367	442	280	349	344	162	286	150	93	335	239	182	199	266	335	158	|
|197	553	436	104	361	377	151	146	352	276	266	255	0	125	391	477	524	377	109	330	233	294	327	340	355	203	319	222	19	383	395	|
|91	438	324	214	339	256	184	114	266	187	141	245	125	0	340	363	403	266	140	204	144	171	253	307	231	82	230	116	144	261	346	|
