




arguments: ./build/bc_mirp -f ./input/orig_exec_112.cfg
Current dir: /scratch/gui/bc_mirp
File verbosity level: 9
date       time         ( uptime  ) [ thread name/id ]                   file:line     v| 
2021-02-07 15:16:53.434 (   0.087s) [main thread     ]             loguru.cpp:789   INFO| Logging to './output/vi_vc+hc1_quarter/OU/V3/Original/execution_07_02_2021_15_16_53.log', mode: 'a', verbosity: 9
--------------------------------------------------------------------------------
Parameters
                           instance_path           ./input/Instances/Original/3/
                            model_policy                                       1
                             nb_vehicles                                       3
                              output_dir./output/vi_vc+hc1_quarter/OU/V3/Original/
                            sec_strategy                                       1
                       solver_nb_threads                                       2
                         solver_show_log                                    true
                       solver_time_limit                                    3600
                              use_vi_cos                                   false
                              use_vi_cus                                   false
                         use_vi_hc1_full                                   false
                         use_vi_hc1_half                                   false
                      use_vi_hc1_quarter                                    true
                              use_vi_hc2                                   false
                              use_vi_hc3                                   false
                         use_vi_lex_full                                   false
                         use_vi_lex_half                                   false
                      use_vi_lex_quarter                                   false
                              use_vi_qua                                   false
                               use_vi_vc                                    true
                               use_vi_vr                                   false
--------------------------------------------------------------------------------
executing instance: ./input/Instances/Original/3/absH3low_2n5.dat
--------------------------------------------------------------------------------
Instance details
n	6
H	3
C	237
Li:
[0, 0, 0, 0, 0, 0, ]
Ui:
[0, 93, 180, 51, 114, 24, ]
Distance matrix:
|0	170	318	35	112	235	|
|170	0	311	205	258	301	|
|318	311	0	326	278	137	|
|35	205	326	0	89	230	|
|112	258	278	89	0	160	|
|235	301	137	230	160	0	|

--------------------------------------------------------------------------------
Building model...
	using lazy and cut (CVRPSEP package)
Solving IRP LP...
--------------------------------------------------------------------------------

Gurobi 9.1.0 (linux64) logging started Sun Feb  7 15:16:53 2021

Gurobi Optimizer version 9.1.0 build v9.1.0rc0 (linux64)
Thread count: 32 physical cores, 32 logical processors, using up to 2 threads
Optimize a model with 186 rows, 258 columns and 870 nonzeros
Model fingerprint: 0xbb393996
Variable types: 69 continuous, 189 integer (54 binary)
Coefficient statistics:
  Matrix range     [1e+00, 2e+02]
  Objective range  [1e-02, 3e+02]
  Bounds range     [1e+00, 2e+02]
  RHS range        [1e+00, 5e+02]
Presolve removed 52 rows and 42 columns
Presolve time: 0.01s
Presolved: 134 rows, 216 columns, 669 nonzeros
Variable types: 38 continuous, 178 integer (127 binary)
Found heuristic solution: objective 2523.1100000
Found heuristic solution: objective 2299.2100000
Found heuristic solution: objective 1828.8300000

Root relaxation: objective 8.459267e+02, 262 iterations, 0.01 seconds

    Nodes    |    Current Node    |     Objective Bounds      |     Work
 Expl Unexpl |  Obj  Depth IntInf | Incumbent    BestBd   Gap | It/Node Time

     0     0  845.92672    0   46 1828.83000  845.92672  53.7%     -    0s
     0     0 1578.02296    0   52 1828.83000 1578.02296  13.7%     -    0s
H    0     0                    1779.2100000 1578.02296  11.3%     -    0s
H    0     0                    1779.0400000 1578.02296  11.3%     -    0s
     0     0 1582.56348    0   60 1779.04000 1582.56348  11.0%     -    0s
     0     0 1583.04163    0   59 1779.04000 1583.04163  11.0%     -    0s
     0     0 1626.10689    0   89 1779.04000 1626.10689  8.60%     -    0s
     0     0 1630.98628    0   84 1779.04000 1630.98628  8.32%     -    0s
     0     0 1631.04296    0   90 1779.04000 1631.04296  8.32%     -    0s
     0     0 1672.73163    0   75 1779.04000 1672.73163  5.98%     -    0s
     0     0 1675.42577    0   68 1779.04000 1675.42577  5.82%     -    0s
     0     0 1675.75510    0   71 1779.04000 1675.75510  5.81%     -    0s
     0     0 1678.61893    0   67 1779.04000 1678.61893  5.64%     -    0s
H    0     0                    1770.8300000 1678.61893  5.21%     -    0s
H    0     0                    1770.5200000 1678.61893  5.19%     -    0s
     0     0 1681.71461    0   70 1770.52000 1681.71461  5.02%     -    0s
     0     0 1681.86208    0   71 1770.52000 1681.86208  5.01%     -    0s
     0     0 1682.87933    0   77 1770.52000 1682.87933  4.95%     -    0s
     0     0 1682.87933    0   71 1770.52000 1682.87933  4.95%     -    0s
H    0     0                    1720.8300000 1682.87933  2.21%     -    0s
     0     0 1683.11020    0   31 1720.83000 1683.11020  2.19%     -    0s
     0     0 1683.11020    0   61 1720.83000 1683.11020  2.19%     -    0s
     0     0 1683.11020    0   57 1720.83000 1683.11020  2.19%     -    0s
     0     0 1683.11020    0   27 1720.83000 1683.11020  2.19%     -    0s
     0     0 1683.11020    0   27 1720.83000 1683.11020  2.19%     -    0s
     0     0 1683.11020    0   69 1720.83000 1683.11020  2.19%     -    0s
     0     0 1683.32646    0   66 1720.83000 1683.32646  2.18%     -    0s
     0     0 1683.45832    0   75 1720.83000 1683.45832  2.17%     -    0s
     0     0 1691.98610    0   75 1720.83000 1691.98610  1.68%     -    0s
     0     0 1692.26415    0   77 1720.83000 1692.26415  1.66%     -    0s
     0     0 1698.33000    0    5 1720.83000 1698.33000  1.31%     -    0s
     0     0 1699.66168    0   63 1720.83000 1699.66168  1.23%     -    0s
     0     0 1714.87035    0   30 1720.83000 1714.87035  0.35%     -    0s

Cutting planes:
  Cover: 16
  Implied bound: 13
  Clique: 3
  MIR: 5
  Flow cover: 14
  Network: 3
  RLT: 17
  Relax-and-lift: 7

Explored 1 nodes (1361 simplex iterations) in 0.29 seconds
Thread count was 2 (of 32 available processors)

Solution count 8: 1720.83 1770.52 1770.83 ... 2523.11

Optimal solution found (tolerance 1.00e-04)
Best objective 1.720830000000e+03, best bound 1.720830000000e+03, gap 0.0000%

User-callback calls 311, time in user-callback 0.01 sec
================================================================================
executing instance: ./input/Instances/Original/3/absH3high_5n30.dat
--------------------------------------------------------------------------------
Instance details
n	31
H	3
C	2296
Li:
[0, 0, 0, 0, 0, 0, 0, 0, 0, 0, 0, 0, 0, 0, 0, 0, 0, 0, 0, 0, 0, 0, 0, 0, 0, 0, 0, 0, 0, 0, 0, ]
Ui:
[0, 80, 90, 297, 28, 264, 123, 192, 112, 32, 72, 88, 294, 129, 126, 105, 110, 237, 246, 92, 72, 147, 54, 96, 128, 96, 84, 28, 74, 196, 192, ]
Distance matrix:
|0	87	302	65	389	171	219	120	412	339	129	63	169	401	383	158	393	161	246	275	64	287	345	235	13	274	106	201	85	358	135	|
|87	0	334	128	402	212	301	204	465	384	187	145	232	424	454	238	475	245	289	352	80	307	352	321	81	352	20	261	170	376	215	|
|302	334	0	239	113	132	237	334	157	70	404	263	162	105	227	229	339	251	65	217	259	53	107	352	293	220	339	134	270	75	235	|
|65	128	239	0	330	107	175	130	348	275	174	40	107	339	326	114	351	125	181	224	58	228	290	222	58	224	143	138	65	297	92	|
|389	402	113	330	0	226	349	438	210	151	502	360	269	48	316	339	441	362	175	328	335	102	55	465	377	330	401	245	371	37	342	|
|171	212	132	107	226	0	169	214	253	173	276	134	64	233	261	130	326	153	77	188	133	125	192	264	162	190	220	68	145	193	125	|
|219	301	237	175	349	169	0	157	257	223	244	157	105	334	180	62	175	61	177	63	233	264	334	118	221	61	317	112	136	312	85	|
|120	204	334	130	438	214	157	0	402	348	88	90	173	438	336	115	307	100	269	220	172	338	406	122	130	218	224	204	69	403	101	|
|412	465	157	348	210	253	257	402	0	88	486	359	245	166	129	287	266	303	178	204	386	208	239	370	406	207	473	212	354	187	304	|
|339	384	70	275	151	173	223	348	88	0	427	291	179	120	166	234	290	254	96	187	306	123	166	342	332	190	391	145	291	119	247	|
|129	187	404	174	502	276	244	88	486	427	0	142	248	508	424	200	390	187	342	308	193	400	464	192	142	306	207	281	136	469	182	|
|63	145	263	40	360	134	157	90	359	291	142	0	114	366	321	95	331	99	202	212	90	258	323	186	65	211	163	148	27	327	72	|
|169	232	162	107	269	64	105	173	245	179	248	114	0	266	222	71	268	94	97	131	155	173	244	203	164	132	245	34	113	233	73	|
|401	424	105	339	48	233	334	438	166	120	508	366	266	0	280	332	409	355	169	305	353	117	96	452	391	308	425	237	374	49	339	|
|383	454	227	326	316	261	180	336	129	166	424	321	222	280	0	231	137	238	208	116	376	277	331	272	381	118	467	197	307	285	253	|
|158	238	229	114	339	130	62	115	287	234	200	95	71	332	231	0	238	23	164	118	171	243	314	134	159	117	255	95	77	302	23	|
|393	475	339	351	441	326	175	307	266	290	390	331	268	409	137	238	0	232	300	138	408	383	445	204	395	136	492	258	308	406	260	|
|161	245	251	125	362	153	61	100	303	254	187	99	94	355	238	23	232	0	187	123	183	267	338	111	164	121	262	117	77	325	34	|
|246	289	65	181	175	77	177	269	178	96	342	202	97	169	208	164	300	187	0	168	210	87	157	290	238	171	296	70	206	138	170	|
|275	352	217	224	328	188	63	220	204	187	308	212	131	305	116	118	138	123	168	0	279	255	322	166	275	3	367	120	195	291	141	|
|64	80	259	58	335	133	233	172	386	306	193	90	155	353	376	171	408	183	210	279	0	236	289	276	51	279	90	182	117	307	150	|
|287	307	53	228	102	125	264	338	208	123	400	258	173	117	277	243	383	267	87	255	236	0	71	374	276	257	308	153	270	71	245	|
|345	352	107	290	55	192	334	406	239	166	464	323	244	96	331	314	445	338	157	322	289	71	0	445	334	325	350	224	337	54	315	|
|235	321	352	222	465	264	118	122	370	342	192	186	203	452	272	134	204	111	290	166	276	374	445	0	243	164	341	221	159	428	142	|
|13	81	293	58	377	162	221	130	406	332	142	65	164	391	381	159	395	164	238	275	51	276	334	243	0	274	100	196	89	347	136	|
|274	352	220	224	330	190	61	218	207	190	306	211	132	308	118	117	136	121	171	3	279	257	325	164	274	0	367	122	194	294	140	|
|106	20	339	143	401	220	317	224	473	391	207	163	245	425	467	255	492	262	296	367	90	308	350	341	100	367	0	272	188	377	232	|
|201	261	134	138	245	68	112	204	212	145	281	148	34	237	197	95	258	117	70	120	182	153	224	221	196	122	272	0	146	208	103	|
|85	170	270	65	371	145	136	69	354	291	136	27	113	374	307	77	308	77	206	195	117	270	337	159	89	194	188	146	0	337	54	|
|358	376	75	297	37	193	312	403	187	119	469	327	233	49	285	302	406	325	138	291	307	71	54	428	347	294	377	208	337	0	306	|
|135	215	235	92	342	125	85	101	304	247	182	72	73	339	253	23	260	34	170	141	150	245	315	142	136	140	232	103	54	306	0	|

--------------------------------------------------------------------------------
Building model...
	using lazy and cut (CVRPSEP package)
Solving IRP LP...
--------------------------------------------------------------------------------

Gurobi 9.1.0 (linux64) logging started Sun Feb  7 15:16:54 2021

Gurobi Optimizer version 9.1.0 build v9.1.0rc0 (linux64)
Thread count: 32 physical cores, 32 logical processors, using up to 2 threads
Optimize a model with 997 rows, 4858 columns and 11896 nonzeros
Model fingerprint: 0xc34948dd
Variable types: 394 continuous, 4464 integer (279 binary)
Coefficient statistics:
  Matrix range     [1e+00, 8e+02]
  Objective range  [1e-01, 5e+02]
  Bounds range     [1e+00, 3e+02]
  RHS range        [1e+00, 4e+03]
Presolve removed 305 rows and 409 columns
Presolve time: 0.08s
Presolved: 692 rows, 4449 columns, 10214 nonzeros
Variable types: 232 continuous, 4217 integer (3940 binary)

Root relaxation: objective 8.930138e+03, 858 iterations, 0.02 seconds

    Nodes    |    Current Node    |     Objective Bounds      |     Work
 Expl Unexpl |  Obj  Depth IntInf | Incumbent    BestBd   Gap | It/Node Time

     0     0 8930.13761    0   98          - 8930.13761      -     -    0s
     0     0 9266.73151    0  108          - 9266.73151      -     -    0s
     0     0 9646.94631    0  157          - 9646.94631      -     -    0s
     0     0 9776.55768    0  184          - 9776.55768      -     -    0s
     0     0 9777.13051    0  199          - 9777.13051      -     -    0s
     0     0 9877.25984    0  258          - 9877.25984      -     -    0s
     0     0 9882.30538    0  224          - 9882.30538      -     -    0s
     0     0 9882.70195    0  223          - 9882.70195      -     -    0s
     0     0 9904.82869    0  226          - 9904.82869      -     -    0s
     0     0 9911.54839    0  265          - 9911.54839      -     -    0s
     0     0 9912.65086    0  253          - 9912.65086      -     -    0s
     0     0 9920.39347    0  247          - 9920.39347      -     -    0s
     0     0 9922.07330    0  339          - 9922.07330      -     -    1s
     0     0 9922.23049    0  339          - 9922.23049      -     -    1s
     0     0 9930.81093    0  293          - 9930.81093      -     -    1s
     0     0 9930.81093    0  286          - 9930.81093      -     -    1s
     0     2 9933.02312    0  251          - 9933.02312      -     -    1s
   136   148 10719.9788   41  111          - 9936.94321      -   187    5s
   665   660 10225.7348   15   65          - 9943.02144      -  80.2   10s
   770   738 10661.8025   40  434          - 10025.0079      -  78.3   15s
   789   752 10817.5836   61  201          - 10028.6625      -  83.7   20s
   808   768 10031.5729   21  446          - 10031.5729      -  87.1   25s
   888   827 10158.4058   39  229          - 10050.2710      -   103   30s
  1108   982 10367.3225   69  212          - 10050.2710      -   107   35s
  1454  1218 10778.2395  108  150          - 10050.2710      -   101   40s
H 1463  1176                    14797.720000 10050.2710  32.1%   101   40s
* 1468  1138             260    13580.930000 10050.2710  26.0%   101   40s
* 1471  1101             262    13505.200000 10050.2710  25.6%   101   40s
  1570  1120 11231.0655  136  152 13505.2000 10050.2710  25.6%   106   45s
  1652  1169 11424.2246  163  174 13505.2000 10050.2710  25.6%   111   50s
  1772  1272 11520.9833  191  167 13505.2000 10050.2710  25.6%   113   55s
  1929  1390 11857.7426  213  101 13505.2000 10050.2710  25.6%   109   61s
* 1997  1268             157    12839.750000 10050.2710  21.7%   108   64s
  2024  1245 11633.9488  224  154 12839.7500 10050.2710  21.7%   107   65s
  2094  1294 11822.5849  249  131 12839.7500 10050.2710  21.7%   109   70s
  2224  1383 12538.6372  302    5 12839.7500 10050.7457  21.7%   109   76s
  2336  1423 10404.0826   33  168 12839.7500 10050.7457  21.7%   112   81s
  2493  1520 11061.2223  107   50 12839.7500 10050.7457  21.7%   111   85s
  2733  1692 11434.8829  121   98 12839.7500 10050.7457  21.7%   104   91s
  2921  1869 11800.8471  243   27 12839.7500 10054.0615  21.7%   101   96s
  3030  1983 10516.8536   32  193 12839.7500 10071.0392  21.6%   100  100s
  3416  2292 infeasible  221      12839.7500 10076.7972  21.5%  92.0  106s
  3535  2412 10765.3028   59   69 12839.7500 10081.4638  21.5%  92.3  110s
  3776  2595     cutoff  137      12839.7500 10084.3514  21.5%  89.7  115s
  3921  2693 11110.6416   64  155 12839.7500 10084.3648  21.5%  89.7  120s
  4174  2887 10321.4740   38  268 12839.7500 10089.1688  21.4%  87.3  125s
  4396  3234     cutoff  206      12839.7500 10104.8206  21.3%  86.2  132s
  4602  3347 10511.7613   37  182 12839.7500 10109.1837  21.3%  84.5  135s
  4773  3432 10439.2324   38  301 12839.7500 10121.3693  21.2%  84.7  141s
  5017  3653 12712.7718  126   21 12839.7500 10128.7455  21.1%  84.2  147s
  5084  3680 10426.3739   37  258 12839.7500 10132.5582  21.1%  84.6  150s
  5208  3861 12518.6135   81   30 12839.7500 10133.0068  21.1%  86.5  157s
  5327  3935     cutoff  100      12839.7500 10134.8772  21.1%  86.6  161s
  5511  4065 12407.6900  138   10 12839.7500 10137.2622  21.0%  85.9  165s
  5617  4101 10511.3235   26  106 12839.7500 10139.0424  21.0%  88.0  172s
  5625  4150 10361.7534   28  275 12839.7500 10139.0424  21.0%  88.2  175s
  5674  4459 10558.1539   41   54 12839.7500 10139.0424  21.0%  89.6  180s
  6122  4575 12816.7850  156    4 12839.7500 10143.6980  21.0%  86.6  185s
  6286  4726 10449.6774   44  100 12839.7500 10146.0599  21.0%  87.7  192s
  6338  4858 10536.7448   62   59 12839.7500 10148.0582  21.0%  89.0  197s
  6500  4999     cutoff  121      12839.7500 10148.7857  21.0%  88.6  201s
  6676  5033 12827.0300  129    - 12839.7500 10151.1672  20.9%  88.0  205s
  6786  5211 11184.5200   78   12 12839.7500 10152.4568  20.9%  89.8  216s
  6943  5448 11784.0817  112   18 12839.7500 10152.9264  20.9%  89.6  221s
  7225  5578 12534.2200  154    - 12839.7500 10159.9604  20.9%  87.9  226s
* 7226  5569             154    12824.220000 10159.9604  20.8%  87.9  226s
* 7228  5561             153    12816.220000 10159.9604  20.7%  87.8  226s
* 7229  5545             153    12799.220000 10159.9604  20.6%  87.8  226s
  7369  5699 12538.2200  154    - 12799.2200 10165.7536  20.6%  88.0  231s
  7549  5858     cutoff  137      12799.2200 10171.4536  20.5%  87.8  237s
  7721  6013 10846.6275   52   91 12799.2200 10174.5506  20.5%  87.9  242s
  7885  6239 10648.0478   45  244 12799.2200 10174.5506  20.5%  88.1  248s
  8146  6441 11449.9130  101   50 12799.2200 10176.3499  20.5%  87.6  254s
  8386  6580 10565.6265   30  247 12799.2200 10178.1539  20.5%  87.4  259s
  8464  6580 12170.4652  108   13 12799.2200 10178.1539  20.5%  87.3  260s
  8539  6668     cutoff  134      12799.2200 10181.1041  20.5%  87.6  265s
  8648  6774 10928.9787   48  258 12799.2200 10183.0222  20.4%  88.2  270s
  8868  7121 11225.0801   63  132 12799.2200 10184.8545  20.4%  89.6  280s
  9177  7295 10567.6712   40  286 12799.2200 10185.2424  20.4%  88.8  287s
  9390  7408 12773.5540  116   40 12799.2200 10186.8332  20.4%  88.5  292s
  9517  7536 11370.4353   71  140 12799.2200 10188.1208  20.4%  89.0  297s
  9668  7576     cutoff  154      12799.2200 10194.0738  20.4%  88.9  302s
  9710  7628     cutoff  152      12799.2200 10194.9454  20.3%  90.0  306s
  9763  7758 10834.2745   46  179 12799.2200 10194.9454  20.3%  91.0  314s
  9917  7899 12090.1600   77    2 12799.2200 10196.3936  20.3%  90.7  320s
 10103  8008     cutoff  111      12799.2200 10196.9738  20.3%  90.4  325s
 10211  8111 10980.2146   51  230 12799.2200 10199.7250  20.3%  90.9  331s
 10334  8234     cutoff  127      12799.2200 10201.0349  20.3%  91.3  336s
 10469  8340 10713.0386   52   48 12799.2200 10202.8175  20.3%  91.6  342s
 10602  8461     cutoff  123      12799.2200 10204.1440  20.3%  91.9  348s
 10737  8551 10914.7683   63   15 12799.2200 10205.1319  20.3%  92.2  353s
 10873  8680     cutoff  116      12799.2200 10208.5680  20.2%  92.6  359s
 10983  8680 11158.4046   73   35 12799.2200 10210.4509  20.2%  93.2  360s
 10995  8803 11537.1755   96   32 12799.2200 10210.5014  20.2%  93.2  365s
 11152  8924 12389.2476  120   24 12799.2200 10210.7720  20.2%  93.5  371s
 11291  8998     cutoff  141      12799.2200 10213.4599  20.2%  93.8  377s
 11393  9132 10503.4704   53  150 12799.2200 10214.5853  20.2%  94.4  384s
 11639  9332 infeasible  139      12799.2200 10214.9365  20.2%  93.9  391s
 11786  9535 11437.9952   63   67 12799.2200 10215.3021  20.2%  94.2  397s
 12091  9611     cutoff  152      12799.2200 10217.9509  20.2%  93.2  403s
 12141  9766 10969.3718   54  181 12799.2200 10221.0044  20.1%  94.1  408s
 12326  9910     cutoff  111      12799.2200 10221.6153  20.1%  93.9  414s
 12376  9910 11286.5388   80   24 12799.2200 10221.6153  20.1%  94.2  415s
 12490  9965 11621.2846   89   44 12799.2200 10222.0231  20.1%  94.0  420s
 12561 10165 12663.7750  112   16 12799.2200 10223.4234  20.1%  94.4  426s
 12822 10242 12777.3300  114    - 12799.2200 10224.6928  20.1%  93.9  433s
 12908 10360     cutoff  114      12799.2200 10224.9419  20.1%  94.3  439s
 12989 10371 10926.7446   58  122 12799.2200 10224.9549  20.1%  94.8  440s
 13046 10478     cutoff  113      12799.2200 10225.0642  20.1%  94.6  446s
 13178 10571 11701.4052   88   72 12799.2200 10226.8347  20.1%  94.7  451s
 13286 10670 12737.9425  127   46 12799.2200 10227.2176  20.1%  95.0  457s
 13436 10758 infeasible  131      12799.2200 10227.6410  20.1%  95.3  463s
 13542 10912 10837.3786   48  229 12799.2200 10228.0692  20.1%  95.7  470s
 13720 11000     cutoff  108      12799.2200 10228.4105  20.1%  95.7  477s
 13850 11120 10601.5739   52  263 12799.2200 10228.5938  20.1%  96.0  483s
 13980 11288 10553.6836   40  183 12799.2200 10228.7409  20.1%  96.3  490s
 14172 11537 11153.3296   56   56 12799.2200 10229.6001  20.1%  96.5  497s
 14475 11645 12599.0567  176    4 12799.2200 10230.9226  20.1%  95.6  504s
 14613 11840 infeasible  177      12799.2200 10233.8537  20.0%  95.8  511s
 14845 11928 10367.6128   41  269 12799.2200 10234.4964  20.0%  95.5  516s
 14942 11979 11188.3300   83   10 12799.2200 10235.2127  20.0%  96.1  522s
 15040 12115 11334.4115   84   52 12799.2200 10235.7807  20.0%  96.3  528s
 15197 12152 12418.0500  104   17 12799.2200 10236.6799  20.0%  96.3  535s
 15235 12228 12501.7200  111   18 12799.2200 10238.7929  20.0%  96.7  540s
 15329 12442 10719.3450   44  103 12799.2200 10238.9150  20.0%  97.1  547s
 15581 12483 infeasible  145      12799.2200 10239.5824  20.0%  96.9  553s
 15622 12590 10586.1139   33  258 12799.2200 10239.6593  20.0%  97.3  560s
 15770 12741 10984.9587   42  116 12799.2200 10241.0245  20.0%  97.5  567s
 15946 12783     cutoff   94      12799.2200 10241.8819  20.0%  97.5  573s
 15986 12891 10897.0469   42   68 12799.2200 10242.1283  20.0%  98.1  579s
 16024 12891 11691.7805   80   32 12799.2200 10242.1283  20.0%  98.2  580s
 16122 12972 12770.0214  112   37 12799.2200 10242.3877  20.0%  98.2  585s
 16224 13172 10937.6043   49   48 12799.2200 10242.7649  20.0%  98.5  594s
 16262 13180 11149.4600   68    - 12799.2200 10242.7649  20.0%  98.4  595s
 16546 13300     cutoff  132      12799.2200 10243.9856  20.0%  97.8  602s
 16662 13407 12706.8000  130    - 12799.2200 10244.9278  20.0%  98.0  609s
 16767 13445     cutoff  130      12799.2200 10245.5543  20.0%  98.1  615s
 16815 13558 10879.5942   46  278 12799.2200 10246.4245  19.9%  98.7  622s
 16947 13667 12451.8000  125    4 12799.2200 10246.7654  19.9%  98.8  629s
 16978 13675 11174.1224   66   47 12799.2200 10247.2581  19.9%  99.0  630s
 17078 13858 10642.9012   47  185 12799.2200 10247.5173  19.9%  98.8  637s
 17316 13978 12499.0500  121    - 12799.2200 10249.7593  19.9%  98.5  644s
 17436 14036 12604.4671  121   10 12799.2200 10250.0221  19.9%  98.7  650s
 17503 14070 12710.6067  126    4 12799.2200 10250.6912  19.9%  99.1  656s
 17549 14183     cutoff  127      12799.2200 10251.3849  19.9%   100  662s
 17700 14235 12782.2700  126   22 12799.2200 10252.4435  19.9%   100  669s
 17757 14366 11000.4618   56  126 12799.2200 10253.9537  19.9%   100  676s
 17934 14407 12786.8500  127    - 12799.2200 10254.2749  19.9%   100  682s
 17978 14514     cutoff  127      12799.2200 10255.2745  19.9%   100  689s
 18003 14514 12354.8812  111   21 12799.2200 10255.3733  19.9%   101  690s
 18108 14640 10767.4438   57  106 12799.2200 10256.1400  19.9%   100  696s
 18280 14780 11451.2188   95   32 12799.2200 10257.7392  19.9%   100  704s
 18448 14932 12597.7300  124    4 12799.2200 10258.7625  19.8%   100  712s
 18639 15021 infeasible  133      12799.2200 10259.6731  19.8%   100  718s
 18724 15109 10906.5765   48  229 12799.2200 10260.1115  19.8%   101  725s
 18833 15164 12395.8400  110    - 12799.2200 10260.3158  19.8%   101  731s
 18894 15257     cutoff  124      12799.2200 10260.7043  19.8%   101  738s
 18987 15432 10952.8885   58  106 12799.2200 10260.9970  19.8%   102  745s
 19201 15544     cutoff  124      12799.2200 10262.4836  19.8%   101  753s
 19346 15718 10891.6109   47  203 12799.2200 10263.0471  19.8%   101  761s
 19578 15810 12474.7100  135   18 12799.2200 10264.6939  19.8%   101  768s
 19671 15851 12797.3700  161    - 12799.2200 10265.5108  19.8%   101  775s
 19725 15905     cutoff  161      12799.2200 10266.8957  19.8%   101  783s
 19784 16018 11042.9904   65  169 12799.2200 10268.5401  19.8%   102  795s
 19942 16063 12764.4100  151    - 12799.2200 10269.0049  19.8%   101  804s
 19981 16174     cutoff  151      12799.2200 10269.1992  19.8%   102  811s
 20112 16255 10657.7311   56  242 12799.2200 10269.7320  19.8%   102  819s
 20217 16477 10545.8295   35  150 12799.2200 10270.0347  19.8%   102  829s
 20434 16677 10896.8534   58   27 12799.2200 10270.0444  19.8%   102  837s
 20742 16729 infeasible  192      12799.2200 10270.7183  19.8%   101  845s
 20796 16848 infeasible  199      12799.2200 10272.0997  19.7%   101  852s
 20964 17010 infeasible  104      12799.2200 10273.0402  19.7%   101  860s
 21163 17137 11885.1950  129   28 12799.2200 10273.3811  19.7%   101  869s
 21347 17212     cutoff  143      12799.2200 10274.4269  19.7%   101  876s
 21417 17288 11007.8315   74   47 12799.2200 10274.7239  19.7%   101  883s
 21521 17386 11532.2150   80    9 12799.2200 10275.4313  19.7%   101  890s
 21638 17417 12257.2958  116    6 12799.2200 10275.8618  19.7%   101  896s
 21684 17480 12322.5800  119    - 12799.2200 10276.0876  19.7%   101  903s
 21755 17544 12313.5800  119    - 12799.2200 10276.8424  19.7%   102  910s
*21801 17386             122    12732.530000 10277.0444  19.3%   102  910s
*21833 15981             120    12351.380000 10277.0808  16.8%   102  917s
*21834 15874             119    12320.580000 10277.0808  16.6%   102  917s
*21835 15823             118    12312.380000 10277.0808  16.5%   102  917s
 22001 15919 12165.8220  121   20 12312.3800 10277.4032  16.5%   102  925s
 22138 15964 infeasible  131      12312.3800 10277.9528  16.5%   102  932s
 22186 16071 10843.0357   44  242 12312.3800 10278.7638  16.5%   102  939s
 22224 16071 11591.8892   82  102 12312.3800 10278.7638  16.5%   102  940s
 22356 16136 10581.4496   33  298 12312.3800 10278.8694  16.5%   102  947s
 22442 16226 11094.8369   59  149 12312.3800 10279.2909  16.5%   102  954s
 22579 16306     cutoff  122      12312.3800 10279.8895  16.5%   103  961s
 22667 16381 11304.6076   67  101 12312.3800 10280.9234  16.5%   103  968s
 22763 16425 infeasible  104      12312.3800 10281.1363  16.5%   103  975s
 22811 16545 10816.5703   47   45 12312.3800 10281.2046  16.5%   103  983s
 22955 16660     cutoff   93      12312.3800 10281.6505  16.5%   103  992s
 23103 16758 11185.0440   50  162 12312.3800 10282.1193  16.5%   104 1000s
 23207 16797     cutoff  103      12312.3800 10283.9617  16.5%   104 1009s
 23261 16832 10730.4453   35  232 12312.3800 10284.4562  16.5%   104 1015s
 23296 16923 10936.3666   45  209 12312.3800 10284.4562  16.5%   104 1023s
 23389 17038 11547.6047   67  138 12312.3800 10285.7945  16.5%   105 1031s
 23592 17100 12256.8165  107   10 12312.3800 10286.7010  16.5%   105 1039s
 23643 17188 infeasible  109      12312.3800 10286.9171  16.5%   105 1046s
 23784 17258 11690.8906   76   24 12312.3800 10286.9635  16.5%   105 1053s
 23869 17343     cutoff  113      12312.3800 10287.9462  16.4%   106 1060s
 23981 17427 11262.4521   52   89 12312.3800 10289.3669  16.4%   106 1068s
 24090 17497 10552.7214   35  276 12312.3800 10289.4433  16.4%   106 1075s
 24165 17594 11422.3884   70   55 12312.3800 10289.5277  16.4%   106 1086s
 24327 17672 12026.7333   83   23 12312.3800 10289.7695  16.4%   106 1094s
H24382 16711                    12120.650000 10289.8484  15.1%   106 1094s
 24401 16726     cutoff   92      12120.6500 10289.9197  15.1%   106 1100s
 24429 16782 10667.3716   43  272 12120.6500 10290.6269  15.1%   107 1107s
 24491 16985 11392.5569   61  145 12120.6500 10291.0634  15.1%   107 1117s
 24747 17082 10674.7550   39  276 12120.6500 10291.5301  15.1%   107 1128s
H24856 14725                    11762.240000 10292.4746  12.5%   107 1129s
 24864 14852 11367.4671   80   14 11762.2400 10292.9746  12.5%   107 1137s
 25048 14937     cutoff  111      11762.2400 10293.7943  12.5%   107 1145s
 25149 15016 10915.0892   45  231 11762.2400 10293.8419  12.5%   107 1153s
 25252 15042     cutoff   73      11762.2400 10294.2922  12.5%   107 1161s
H25256 14579                    11715.140000 10294.2922  12.1%   107 1161s
 25281 14657 10661.3862   36  154 11715.1400 10294.3704  12.1%   107 1169s
 25380 14737 11264.9916   62   34 11715.1400 10296.0258  12.1%   108 1176s
 25476 14813     cutoff   98      11715.1400 10296.4541  12.1%   108 1184s
 25524 14813 11428.1009   82   20 11715.1400 10296.4541  12.1%   108 1185s
 25572 14864     cutoff  100      11715.1400 10297.1711  12.1%   108 1193s
 25645 14905 infeasible  106      11715.1400 10297.4586  12.1%   108 1199s
 25693 14994 10892.8721   41  107 11715.1400 10299.0547  12.1%   109 1207s
 25836 15071 11484.5600   68   50 11715.1400 10299.9448  12.1%   109 1216s
 25972 15110 11696.8000   75    - 11715.1400 10300.0435  12.1%   109 1223s
 26022 15229     cutoff   76      11715.1400 10300.8318  12.1%   109 1233s
 26160 15307 10965.1428   46   75 11715.1400 10300.9339  12.1%   109 1244s
 26198 15308 11469.4159   83    8 11715.1400 10300.9339  12.1%   109 1245s
 26259 15364     cutoff   93      11715.1400 10302.0269  12.1%   109 1252s
 26325 15434 11214.1716   63  119 11715.1400 10302.1702  12.1%   109 1260s
 26445 15528 10649.3267   43  264 11715.1400 10302.9519  12.1%   110 1269s
 26558 15633 infeasible   84      11715.1400 10303.0868  12.1%   110 1277s
 26724 15683     cutoff  101      11715.1400 10303.3226  12.1%   110 1285s
 26768 15750 10905.3804   43  352 11715.1400 10303.4439  12.1%   110 1292s
 26853 15831 10682.8567   41  318 11715.1400 10305.2562  12.0%   110 1300s
 26958 15865 11296.8500   75    - 11715.1400 10305.4723  12.0%   110 1307s
 27000 15905 11398.2117   75   76 11715.1400 10306.5197  12.0%   111 1314s
 27060 15981 10960.1890   49   58 11715.1400 10307.0080  12.0%   111 1321s
 27159 16091 11183.8787   72   45 11715.1400 10307.2746  12.0%   111 1330s
 27293 16143     cutoff  123      11715.1400 10307.7481  12.0%   111 1339s
 27320 16143 11487.0026   82   19 11715.1400 10307.9752  12.0%   111 1340s
 27363 16259 10858.1069   54  138 11715.1400 10307.9752  12.0%   111 1348s
 27521 16315 11132.7234   66   66 11715.1400 10308.2785  12.0%   112 1357s
 27597 16368 11596.5700   68    - 11715.1400 10309.5347  12.0%   112 1366s
 27676 16409     cutoff   75      11715.1400 10311.8341  12.0%   112 1373s
 27718 16495     cutoff   74      11715.1400 10312.8594  12.0%   112 1382s
 27817 16519 11082.2709   37  226 11715.1400 10313.5676  12.0%   113 1391s
 27839 16634 10945.3832   44  115 11715.1400 10313.5701  12.0%   113 1400s
 28002 16700     cutoff   78      11715.1400 10314.0699  12.0%   113 1409s
H28003 16529                    11693.190000 10314.0699  11.8%   113 1409s
 28037 16530     cutoff  108      11693.1900 10314.1273  11.8%   113 1410s
 28082 16618 11623.7761   58   81 11693.1900 10314.2489  11.8%   113 1418s
 28201 16677 11089.6836   94   48 11693.1900 10314.9126  11.8%   113 1426s
 28276 16727     cutoff  112      11693.1900 10315.0184  11.8%   113 1434s
 28344 16824 10978.1067   48   62 11693.1900 10315.8722  11.8%   113 1444s
 28476 16880     cutoff   97      11693.1900 10317.3098  11.8%   114 1454s
 28545 16975 10848.7223   44  344 11693.1900 10318.5218  11.8%   114 1464s
 28673 17021 10458.8136   32  425 11693.1900 10318.5845  11.8%   114 1473s
 28728 17092 11061.7512   44  176 11693.1900 10318.6876  11.8%   114 1483s
 28825 17149 infeasible   77      11693.1900 10319.2523  11.7%   114 1492s
 28883 17268     cutoff   76      11693.1900 10320.6428  11.7%   115 1501s
 29051 17317     cutoff  123      11693.1900 10321.2426  11.7%   115 1509s
 29096 17460 10617.9048   43  376 11693.1900 10321.2799  11.7%   115 1518s
 29258 17567 10688.7915   40  224 11693.1900 10321.5111  11.7%   115 1528s
 29382 17589 infeasible   91      11693.1900 10322.2736  11.7%   115 1537s
H29384 17041                    11627.650000 10322.2736  11.2%   115 1537s
 29419 17124 10910.7578   46  170 11627.6500 10322.5339  11.2%   115 1546s
 29522 17165 11594.2900   94    - 11627.6500 10322.6248  11.2%   115 1556s
 29564 17258     cutoff   94      11627.6500 10322.6666  11.2%   115 1566s
 29678 17291 11450.4223   80   60 11627.6500 10323.8100  11.2%   116 1575s
 29727 17328     cutoff   91      11627.6500 10324.4365  11.2%   116 1584s
 29766 17433 10793.1875   39  370 11627.6500 10324.7772  11.2%   116 1594s
 29915 17499 11371.9982   88   29 11627.6500 10325.1733  11.2%   116 1604s
 29982 17528     cutoff   98      11627.6500 10325.3927  11.2%   116 1613s
 30028 17599 10903.2320   53  223 11627.6500 10325.4285  11.2%   117 1622s
 30125 17674 10947.9891   37  277 11627.6500 10325.5196  11.2%   117 1631s
 30218 17755 10661.9854   44  251 11627.6500 10325.5465  11.2%   117 1640s
 30299 17815 11573.7314   87   62 11627.6500 10326.0437  11.2%   117 1649s
 30391 17862 10995.2795   45  254 11627.6500 10326.1446  11.2%   117 1658s
 30451 17930 11429.5837   61   27 11627.6500 10326.4311  11.2%   117 1668s
 30539 17990 10827.8874   45  187 11627.6500 10326.5762  11.2%   118 1678s
 30627 18041     cutoff   80      11627.6500 10327.2796  11.2%   118 1688s
 30696 18104 10383.5681   37  378 11627.6500 10327.2796  11.2%   118 1699s
 30751 18108 11116.6769   71   39 11627.6500 10327.2796  11.2%   118 1700s
 30797 18166 10712.7771   51  164 11627.6500 10327.6469  11.2%   118 1711s
 30871 18191 10544.2261   32  170 11627.6500 10327.9048  11.2%   118 1720s
 30893 18218 10582.5863   34  228 11627.6500 10327.9048  11.2%   119 1729s
 30920 18278 10795.5540   38  292 11627.6500 10327.9048  11.2%   119 1738s
 30980 18328 11384.4157   55   16 11627.6500 10328.0244  11.2%   119 1749s
 31083 18452 11608.6265   57   86 11627.6500 10328.7298  11.2%   119 1760s
 31261 18537 10589.7727   31  213 11627.6500 10329.7794  11.2%   119 1770s
 31358 18577     cutoff   75      11627.6500 10330.2791  11.2%   120 1779s
 31409 18667 10705.6056   61   45 11627.6500 10330.7483  11.2%   120 1789s
 31545 18725 11616.0820   78   39 11627.6500 10330.8192  11.2%   120 1800s
 31608 18781     cutoff   83      11627.6500 10331.6248  11.1%   120 1808s
 31681 18870 infeasible   77      11627.6500 10332.0866  11.1%   120 1818s
 31804 18951 11159.0478   61   42 11627.6500 10333.0610  11.1%   120 1829s
 31903 18999     cutoff   83      11627.6500 10333.2969  11.1%   121 1840s
 31966 19052 10996.8510   51  163 11627.6500 10333.7681  11.1%   121 1849s
 32029 19146 10596.7272   40  308 11627.6500 10333.7681  11.1%   121 1861s
 32137 19222 10984.7406   47  178 11627.6500 10333.7681  11.1%   121 1873s
 32227 19289 11284.3204   64   46 11627.6500 10334.6721  11.1%   121 1882s
 32306 19363 10785.0918   51  228 11627.6500 10335.4899  11.1%   121 1894s
 32404 19490     cutoff   96      11627.6500 10335.6743  11.1%   122 1917s
 32565 19522     cutoff   98      11627.6500 10336.1467  11.1%   121 1928s
 32598 19572 11241.1800   60  147 11627.6500 10336.6679  11.1%   122 1940s
 32676 19596 10696.3736   38  310 11627.6500 10336.9911  11.1%   122 1951s
 32702 19662 11109.2849   41  224 11627.6500 10336.9911  11.1%   122 1962s
 32784 19702 11459.1075   58  143 11627.6500 10337.2992  11.1%   123 1972s
 32871 19768     cutoff   61      11627.6500 10337.6382  11.1%   123 1984s
 32964 19819 11230.8177   46   63 11627.6500 10337.7883  11.1%   123 1996s
 33030 19880     cutoff   73      11627.6500 10338.2908  11.1%   123 2008s
 33107 19957 11452.1166   58   87 11627.6500 10338.3815  11.1%   123 2021s
 33213 19959 11070.1072   66  286 11627.6500 10338.4485  11.1%   123 2396s
H33214 18962                    11520.650000 10338.4485  10.3%   123 2399s
 33215 18962 11119.7900   79  268 11520.6500 10338.4485  10.3%   123 2400s
 33216 18963 10494.5791   34  436 11520.6500 10338.4485  10.3%   123 2408s
 33218 18964 11181.3712   84  364 11520.6500 10338.4485  10.3%   123 2410s
 33225 18969 11506.0257   79  349 11520.6500 10338.4485  10.3%   123 2416s
 33229 18972 10587.6739   44  407 11520.6500 10338.4485  10.3%   123 2425s
 33234 18975 11054.8796   58  473 11520.6500 10338.4485  10.3%   123 2433s
 33236 18976 11520.6500   99  433 11520.6500 10338.4485  10.3%   123 2437s
 33237 18977 11445.2269   60  468 11520.6500 10338.4485  10.3%   123 2441s
 33239 18978 11520.6500  114  482 11520.6500 10338.4485  10.3%   123 2445s
H33239 18028                    11476.250000 10338.4485  9.91%   123 2450s
 33241 18030 10808.9614   56  481 11476.2500 10338.4485  9.91%   123 2484s
 33242 18030 10743.5429   56  481 11476.2500 10338.4485  9.91%   123 2488s
 33244 18035 10338.4485   36  421 11476.2500 10338.4485  9.91%   124 2540s
 33246 18036 10338.4485   37  470 11476.2500 10338.4485  9.91%   124 2595s
 33248 18037 10338.4485   37  366 11476.2500 10338.4485  9.91%   124 2639s
 33250 18039 10338.4485   38  481 11476.2500 10338.4485  9.91%   124 2696s
 33252 18040 10338.4485   38  492 11476.2500 10338.4485  9.91%   124 2755s
 33254 18041 10338.4485   39  389 11476.2500 10338.4485  9.91%   124 2782s
 33256 18043 10338.4485   39  464 11476.2500 10338.4485  9.91%   124 2808s
 33258 18046 10338.4485   40  342 11476.2500 10338.4485  9.91%   124 2831s
 33262 18049 10338.4485   41  316 11476.2500 10338.4485  9.91%   124 2844s
 33266 18052 10385.3229   42  294 11476.2500 10338.4485  9.91%   124 2859s
 33271 18054 10403.2419   43  280 11476.2500 10338.4485  9.91%   124 2872s
 33274 18060 10470.2265   44  329 11476.2500 10338.4485  9.91%   124 2883s
 33281 18062 10554.2013   45  262 11476.2500 10338.4485  9.91%   124 2893s
 33286 18068 10509.1552   47  308 11476.2500 10338.4485  9.91%   124 2902s
 33293 18071 10531.1386   49  291 11476.2500 10338.4485  9.91%   124 2913s
 33299 18071 10616.5056   50  128 11476.2500 10338.4485  9.91%   125 2923s
 33301 18080 10559.9025   51  397 11476.2500 10338.4485  9.91%   125 2933s
 33310 18091 10683.7245   52  112 11476.2500 10338.4485  9.91%   125 2942s
 33324 18104 10830.9344   56   64 11476.2500 10338.4485  9.91%   125 2949s
 33342 18118 10957.0493   60   74 11476.2500 10338.4485  9.91%   125 2955s
 33362 18128 11063.0442   65  174 11476.2500 10338.4485  9.91%   125 2961s
 33379 18138 11115.2063   68   96 11476.2500 10338.4485  9.91%   125 2966s
 33403 18143 11282.6843   73   82 11476.2500 10338.4485  9.91%   125 2980s
 33433 18130     cutoff   80      11476.2500 10338.4485  9.91%   125 2994s
 33442 18131 10375.5625   41  399 11476.2500 10338.4485  9.91%   125 3003s
 33446 18135 10384.7481   42  399 11476.2500 10338.4485  9.91%   125 3010s
 33452 18140 10497.3906   44  336 11476.2500 10338.4485  9.91%   125 3017s
 33459 18143 10788.1477   46  268 11476.2500 10338.4485  9.91%   125 3025s
 33464 18148 10719.9826   47  304 11476.2500 10338.4485  9.91%   125 3031s
H33471 17252                    11470.350000 10338.4485  9.87%   125 3039s
 33479 17258 10656.6226   47  301 11470.3500 10338.4485  9.87%   126 3046s
 33488 17263 10712.7108   50  299 11470.3500 10338.4485  9.87%   126 3053s
 33496 17271 10745.3241   52  300 11470.3500 10338.4485  9.87%   126 3064s
 33506 17278 10911.1950   55  285 11470.3500 10338.4485  9.87%   126 3073s
 33517 17290 10895.3909   61  250 11470.3500 10338.4485  9.87%   126 3082s
 33532 17305 10975.5581   66  162 11470.3500 10338.4485  9.87%   126 3091s
 33553 17320 11196.8314   73  132 11470.3500 10338.4485  9.87%   126 3100s
 33589 17306     cutoff   85      11470.3500 10338.4485  9.87%   126 3114s
 33607 17318 10390.0083   41  343 11470.3500 10338.4485  9.87%   126 3124s
