




arguments: ./build/bc_mirp -f ./input/orig_exec_256.cfg
Current dir: /scratch/gui/bc_mirp
File verbosity level: 9
date       time         ( uptime  ) [ thread name/id ]                   file:line     v| 
2021-02-16 14:48:11.147 (   0.381s) [main thread     ]             loguru.cpp:789   INFO| Logging to './output/vi_vc+hc1_quarter/OU/V3/Original/execution_16_02_2021_14_48_11.log', mode: 'a', verbosity: 9
--------------------------------------------------------------------------------
Parameters
                           instance_path           ./input/Instances/Original/6/
                            model_policy                                       1
                             nb_vehicles                                       3
                              output_dir./output/vi_vc+hc1_quarter/OU/V3/Original/
                            sec_strategy                                       1
                       solver_nb_threads                                       2
                         solver_show_log                                    true
                       solver_time_limit                                    3600
                              use_vi_cos                                   false
                              use_vi_cus                                   false
                         use_vi_hc1_full                                   false
                         use_vi_hc1_half                                   false
                      use_vi_hc1_quarter                                    true
                              use_vi_hc2                                   false
                              use_vi_hc3                                   false
                         use_vi_lex_full                                   false
                         use_vi_lex_half                                   false
                      use_vi_lex_quarter                                   false
                              use_vi_qua                                   false
                               use_vi_vc                                    true
                               use_vi_vr                                   false
--------------------------------------------------------------------------------
executing instance: ./input/Instances/Original/6/absH6high_1n25.dat
--------------------------------------------------------------------------------
Instance details
n	26
H	6
C	1711
Li:
[0, 0, 0, 0, 0, 0, 0, 0, 0, 0, 0, 0, 0, 0, 0, 0, 0, 0, 0, 0, 0, 0, 0, 0, 0, 0, ]
Ui:
[0, 168, 176, 34, 66, 36, 177, 106, 118, 182, 64, 141, 189, 63, 46, 111, 182, 231, 36, 66, 68, 54, 132, 90, 246, 75, ]
Distance matrix:
|0	191	200	231	334	329	146	196	208	245	218	164	283	394	151	358	156	196	309	253	201	260	127	138	130	104	|
|191	0	226	229	278	146	328	216	390	417	327	293	195	334	106	296	171	122	472	151	12	411	280	53	190	130	|
|200	226	0	38	149	359	321	10	276	274	418	364	139	204	121	173	321	115	303	141	225	236	155	202	311	256	|
|231	229	38	0	110	352	358	37	314	310	448	395	108	167	129	135	342	109	336	120	226	268	194	213	335	277	|
|334	278	149	110	0	367	467	147	422	413	546	495	86	61	203	25	423	163	429	129	271	363	303	282	424	361	|
|329	146	359	352	367	0	453	349	533	562	411	393	282	411	245	378	250	244	617	245	141	556	426	195	284	243	|
|146	328	321	358	467	453	0	321	162	215	160	112	425	524	297	491	223	341	284	397	339	266	186	276	184	210	|
|196	216	10	37	147	349	321	0	281	281	414	360	132	203	112	171	315	105	311	132	216	244	159	193	305	249	|
|208	390	276	314	422	533	162	281	0	54	321	271	410	471	316	445	348	348	123	398	398	115	125	338	313	309	|
|245	417	274	310	413	562	215	281	54	0	375	323	413	457	334	435	393	361	70	406	424	69	139	367	359	349	|
|218	327	418	448	546	411	160	414	321	375	0	57	484	606	347	569	163	393	444	446	339	421	318	288	137	199	|
|164	293	364	395	495	393	112	360	271	323	57	0	437	556	300	519	144	346	393	401	305	367	261	249	109	163	|
|283	195	139	108	86	282	425	132	410	413	484	437	0	139	137	101	349	91	443	44	187	375	286	206	355	291	|
|394	334	204	167	61	411	524	203	471	457	606	556	139	0	264	38	483	222	467	183	326	403	356	341	484	421	|
|151	106	121	129	203	245	297	112	316	334	347	300	137	264	0	225	220	46	381	102	106	316	195	84	221	158	|
|358	296	173	135	25	378	491	171	445	435	569	519	101	38	225	0	444	184	450	145	288	384	328	303	446	383	|
|156	171	321	342	423	250	223	315	348	393	163	144	349	483	220	444	0	261	460	308	183	415	284	143	39	65	|
|196	122	115	109	163	244	341	105	348	361	393	346	91	222	46	184	261	0	402	56	118	336	224	119	264	200	|
|309	472	303	336	429	617	284	311	123	70	444	393	443	467	381	450	460	402	0	442	477	68	192	424	426	413	|
|253	151	141	120	129	245	397	132	398	406	446	401	44	183	102	145	308	56	442	0	143	375	273	164	315	251	|
|201	12	225	226	271	141	339	216	398	424	339	305	187	326	106	288	183	118	477	143	0	416	286	63	202	142	|
|260	411	236	268	363	556	266	244	115	69	421	367	375	403	316	384	415	336	68	375	416	0	135	365	384	363	|
|127	280	155	194	303	426	186	159	125	139	318	261	286	356	195	328	284	224	192	273	286	135	0	232	256	229	|
|138	53	202	213	282	195	276	193	338	367	288	249	206	341	84	303	143	119	424	164	63	365	232	0	153	89	|
|130	190	311	335	424	284	184	305	313	359	137	109	355	484	221	446	39	264	426	315	202	384	256	153	0	64	|
|104	130	256	277	361	243	210	249	309	349	199	163	291	421	158	383	65	200	413	251	142	363	229	89	64	0	|

--------------------------------------------------------------------------------
Building model...
	using lazy and cut (CVRPSEP package)
Solving IRP LP...
--------------------------------------------------------------------------------

Gurobi 9.1.0 (linux64) logging started Tue Feb 16 14:48:11 2021

Gurobi Optimizer version 9.1.0 build v9.1.0rc0 (linux64)
Thread count: 32 physical cores, 32 logical processors, using up to 2 threads
Optimize a model with 1646 rows, 6950 columns and 17534 nonzeros
Model fingerprint: 0xfa0cf017
Variable types: 632 continuous, 6318 integer (468 binary)
Coefficient statistics:
  Matrix range     [1e+00, 6e+02]
  Objective range  [1e-01, 6e+02]
  Bounds range     [1e+00, 2e+02]
  RHS range        [1e+00, 3e+03]
Presolve removed 364 rows and 581 columns
Presolve time: 0.09s
Presolved: 1282 rows, 6369 columns, 15208 nonzeros
Variable types: 489 continuous, 5880 integer (5434 binary)

Root relaxation: objective 1.362516e+04, 1790 iterations, 0.04 seconds

    Nodes    |    Current Node    |     Objective Bounds      |     Work
 Expl Unexpl |  Obj  Depth IntInf | Incumbent    BestBd   Gap | It/Node Time

     0     0 13625.1570    0  202          - 13625.1570      -     -    0s
     0     0 13896.4364    0  231          - 13896.4364      -     -    0s
     0     0 13911.2173    0  223          - 13911.2173      -     -    0s
     0     0 13911.9497    0  226          - 13911.9497      -     -    0s
     0     0 13912.1469    0  223          - 13912.1469      -     -    0s
     0     0 14732.8354    0  325          - 14732.8354      -     -    0s
     0     0 14809.6613    0  381          - 14809.6613      -     -    0s
     0     0 14843.6220    0  354          - 14843.6220      -     -    1s
     0     0 14868.1171    0  352          - 14868.1171      -     -    1s
     0     0 14892.7581    0  362          - 14892.7581      -     -    1s
     0     0 14940.6916    0  389          - 14940.6916      -     -    1s
     0     0 14950.3414    0  354          - 14950.3414      -     -    1s
     0     0 14950.4670    0  339          - 14950.4670      -     -    1s
     0     0 15290.7507    0  424          - 15290.7507      -     -    1s
     0     0 15337.1078    0  463          - 15337.1078      -     -    1s
     0     0 15372.5465    0  511          - 15372.5465      -     -    1s
     0     0 15404.8754    0  478          - 15404.8754      -     -    2s
     0     0 15411.5375    0  473          - 15411.5375      -     -    2s
     0     0 15413.7961    0  506          - 15413.7961      -     -    2s
     0     0 15413.7961    0  506          - 15413.7961      -     -    2s
     0     0 15650.8825    0  459          - 15650.8825      -     -    2s
     0     0 15661.2465    0  464          - 15661.2465      -     -    2s
     0     0 15665.7502    0  452          - 15665.7502      -     -    2s
     0     0 15668.4583    0  455          - 15668.4583      -     -    2s
     0     0 15691.7641    0  489          - 15691.7641      -     -    3s
     0     0 15701.1761    0  463          - 15701.1761      -     -    3s
     0     0 15706.8661    0  463          - 15706.8661      -     -    3s
     0     0 15707.1070    0  482          - 15707.1070      -     -    3s
     0     0 15731.6364    0  496          - 15731.6364      -     -    3s
     0     0 15746.2918    0  478          - 15746.2918      -     -    3s
     0     0 15747.5735    0  469          - 15747.5735      -     -    4s
     0     0 15749.8078    0  487          - 15749.8078      -     -    4s
     0     0 15761.5824    0  497          - 15761.5824      -     -    4s
     0     2 15761.5824    0  446          - 15761.5824      -     -    5s
    40    45 16049.5696   11  453          - 15806.6971      -   672   10s
   132   143 16788.5728   31  355          - 15806.6971      -   429   15s
   251   247 17683.1165   57  339          - 15806.6971      -   334   20s
   364   392 18741.7535  122   97          - 15806.6971      -   296   25s
   660   642 16330.1609    5  597          - 15871.0867      -   198   30s
   696   683 16543.8539   11  472          - 15871.0867      -   216   35s
   731   705 21351.0100  252  613          - 16272.8546      -   215   40s
   747   717 16317.7429    6  497          - 16317.7429      -   234   45s
   761   726 18929.9273  104  653          - 16323.2035      -   229   50s
   779   741 16384.2562   28  570          - 16344.7391      -   254   55s
   824   772 16453.1347   40  373          - 16344.7391      -   275   60s
   892   824 16515.7678   58  322          - 16344.7391      -   284   65s
   979   880 16615.5055   78  388          - 16344.7391      -   286   70s
  1073   954 16805.0115   98  343          - 16344.7391      -   287   75s
  1146   995 16929.5362  114  303          - 16344.7391      -   285   80s
  1299  1152 17366.6757  142  217          - 16344.7391      -   274   85s
  1564  1275 19125.0305  185  126          - 16344.7391      -   244   90s
* 1646  1216             255    21543.560000 16344.7391  24.1%   234   91s
H 1666  1123                    20247.900000 16344.7391  19.3%   233   95s
  1695  1122 16509.0320   35  542 20247.9000 16374.1663  19.1%   240  100s
  1724  1144 16558.8996   39  535 20247.9000 16374.1663  19.1%   252  105s
  1753  1162 16728.8908   42  460 20247.9000 16374.1663  19.1%   260  110s
  1787  1189 16838.6709   49  427 20247.9000 16374.1663  19.1%   265  116s
  1821  1212 16983.8371   58  448 20247.9000 16374.1663  19.1%   270  120s
  1862  1252 16944.8292   64  473 20247.9000 16374.1663  19.1%   273  125s
  1922  1294 17061.2911   72  316 20247.9000 16374.1663  19.1%   272  152s
  1947  1317 17164.8259   75  271 20247.9000 16374.1663  19.1%   273  155s
  2048  1424 17384.4660   89  271 20247.9000 16374.1663  19.1%   269  162s
  2119  1510 17677.4166   96  249 20247.9000 16374.1663  19.1%   265  165s
  2362  1593 17918.3736  115  225 20247.9000 16374.1663  19.1%   248  171s
  2485  1694 18555.1993  141  120 20247.9000 16374.1663  19.1%   246  177s
  2581  1763 19314.4019  169   69 20247.9000 16374.1663  19.1%   243  180s
H 2674  1704                    20227.490000 16374.1663  19.0%   236  180s
  2759  1776 16544.0384   28  587 20227.4900 16384.8143  19.0%   234  186s
  2798  1820 16987.4812   42  371 20227.4900 16384.8143  19.0%   238  191s
  2853  1969 17728.0174   70  297 20227.4900 16384.8143  19.0%   241  199s
  2975  1985 20169.4000  176   22 20227.4900 16398.7980  18.9%   235  202s
  3005  2012 16619.1044   32  591 20227.4900 16398.7980  18.9%   237  205s
  3094  2140 16907.7081   48  456 20227.4900 16398.7980  18.9%   237  213s
  3189  2176 17270.6569   63  404 20227.4900 16398.7980  18.9%   235  217s
  3225  2324 17861.4299   91  174 20227.4900 16417.2376  18.8%   236  222s
H 3439  2341                    20224.850000 16417.4014  18.8%   228  228s
  3460  2367 16689.3190   46  489 20224.8500 16417.4014  18.8%   229  231s
  3486  2392 16989.9886   62  373 20224.8500 16417.4014  18.8%   231  235s
  3640  2560 infeasible  173      20224.8500 16423.0091  18.8%   228  244s
  3711  2582 16750.4496   38  502 20224.8500 16423.0449  18.8%   229  249s
  3733  2607 17134.1859   52  393 20224.8500 16423.0449  18.8%   231  252s
  3758  2686 17456.3949   65  406 20224.8500 16423.0449  18.8%   232  256s
  3837  2829 18996.8156  121   54 20224.8500 16427.8413  18.8%   231  261s
  4017  2852     cutoff  172      20224.8500 16428.9855  18.8%   226  266s
  4043  2879 16708.7172   41  360 20224.8500 16437.5458  18.7%   229  270s
  4070  2923 16855.1405   49  374 20224.8500 16437.5458  18.7%   233  275s
  4114  2993 17090.8236   59  259 20224.8500 16437.5458  18.7%   235  280s
  4186  3058 17843.3786   86   65 20224.8500 16437.7587  18.7%   235  286s
  4265  3108 16513.5301   40  498 20224.8500 16437.7587  18.7%   235  292s
  4339  3171 16895.6074   61  371 20224.8500 16437.7587  18.7%   237  297s
  4402  3207 18936.3864  112  152 20224.8500 16438.0598  18.7%   237  302s
  4454  3247 16954.8712   48  434 20224.8500 16438.0598  18.7%   239  307s
  4494  3321 17878.4146   73  232 20224.8500 16438.0737  18.7%   240  313s
  4587  3362 16761.9269   39  576 20224.8500 16438.0737  18.7%   240  318s
  4628  3427 17135.0988   51  457 20224.8500 16438.0737  18.7%   241  324s
  4693  3678 17620.9309   75  372 20224.8500 16439.7779  18.7%   242  334s
  4755  3678 19007.3101  137   49 20224.8500 16439.7779  18.7%   240  337s
  4798  3678 17523.9055   95  273 20224.8500 16440.4010  18.7%   239  340s
H 4803  3678                    20212.770000 16440.4010  18.7%   239  341s
  4980  3696 16532.5465   35  473 20212.7700 16440.4010  18.7%   235  348s
  4998  3723 16834.8813   44  546 20212.7700 16440.4010  18.7%   237  354s
  5025  3782 17307.2434   55  479 20212.7700 16440.4010  18.7%   238  359s
  5084  3930 18270.8318   82  152 20212.7700 16447.1027  18.6%   239  366s
  5283  3957 16618.9247   29  603 20212.7700 16449.2645  18.6%   235  372s
  5310  3996 16877.6184   42  366 20212.7700 16449.2645  18.6%   237  377s
  5349  4099 17325.6634   58  462 20212.7700 16449.2645  18.6%   238  386s
  5464  4166 18324.8739   91  295 20212.7700 16453.1869  18.6%   239  394s
  5541  4174 16740.7694   37  546 20212.7700 16453.1869  18.6%   240  402s
  5549  4229 16831.7650   40  467 20212.7700 16453.1869  18.6%   240  408s
  5604  4364 17347.8963   64  394 20212.7700 16453.1869  18.6%   242  416s
  5754  4467 19027.5606  132  174 20212.7700 16454.2785  18.6%   240  423s
  5881  4521 17025.0656   73  199 20212.7700 16454.2785  18.6%   239  451s
  5935  4609 17473.2459  100   94 20212.7700 16454.2895  18.6%   238  459s
  6014  4610 20035.6901  123   83 20212.7700 16454.6322  18.6%   238  460s
  6048  4800 17011.3515   54  185 20212.7700 16454.6631  18.6%   239  472s
  6308  4911 20181.8823  165    4 20212.7700 16457.0108  18.6%   236  481s
  6400  5124     cutoff  167      20212.7700 16457.2937  18.6%   237  492s
  6654  5170     cutoff  170      20212.7700 16465.0406  18.5%   235  501s
  6696  5212 16590.8342   34  483 20212.7700 16465.0406  18.5%   239  510s
  6738  5292 17213.1562   42  324 20212.7700 16465.0406  18.5%   242  518s
  6818  5512 18001.1504   56  226 20212.7700 16466.2134  18.5%   244  529s
  7098  5548     cutoff  117      20212.7700 16466.7294  18.5%   240  537s
  7134  5655 17602.7795   58  294 20212.7700 16466.7563  18.5%   243  546s
  7269  5715 16696.2129   52  413 20212.7700 16470.0854  18.5%   243  557s
  7325  5796 17061.0416   64  257 20212.7700 16470.0854  18.5%   247  567s
  7406  6012 17399.3840   88  203 20212.7700 16470.1683  18.5%   251  582s
  7652  6143 19047.9400  160    - 20212.7700 16481.6894  18.5%   248  594s
  7749  6150 17840.2900   91  271 20212.7700 16481.6894  18.5%   250  595s
  7782  6406 19066.5400  160    4 20212.7700 16481.6971  18.5%   250  610s
  8127  6504 19148.1000  161    - 20212.7700 16486.2558  18.4%   246  623s
  8235  6856 18277.0878   69  188 20212.7700 16489.7752  18.4%   249  637s
  8653  6908 19905.8900  130    - 20212.7700 16490.7599  18.4%   244  649s
  8692  7050 19984.9700  130    - 20212.7700 16499.0757  18.4%   246  661s
  8853  7137 20069.8900  130    - 20212.7700 16500.2452  18.4%   246  692s
  8954  7321 20093.3300  130    - 20212.7700 16503.3967  18.4%   247  705s
  9149  7401 20122.2500  130    - 20212.7700 16505.2303  18.3%   247  718s
  9242  7498 17277.6774   60  343 20212.7700 16505.2360  18.3%   248  747s
  9340  7684 17720.1562   67  333 20212.7700 16505.5542  18.3%   250  761s
  9595  7804 16994.9119   51  326 20212.7700 16507.2632  18.3%   250  775s
  9737  7893 16627.7071   34  523 20212.7700 16507.4217  18.3%   251  787s
  9840  8063 17675.9093   75  203 20212.7700 16508.3221  18.3%   252  801s
 10050  8289     cutoff  154      20212.7700 16508.3718  18.3%   251  815s
*10308  7093             165    19356.140000 16508.6545  14.7%   249  816s
 10314  7182 16707.0514   57  417 19356.1400 16508.7192  14.7%   249  828s
 10441  7246 16693.3539   42  510 19356.1400 16512.7513  14.7%   251  840s
H10468  6417                    18846.590000 16512.7513  12.4%   252  841s
 10505  6523 17027.0172   55  429 18846.5900 16513.5301  12.4%   254  854s
 10647  6678 16801.1770   36  395 18846.5900 16515.3737  12.4%   255  871s
 10821  6812 17070.9787   63  208 18846.5900 16515.7313  12.4%   255  885s
H10925  6809                    18844.310000 16515.7313  12.4%   255  885s
H11007  6895                    18834.310000 16516.5732  12.3%   255  897s
 11116  7032 18184.0366   81  243 18834.3100 16517.6071  12.3%   256  910s
 11287  7112 17082.5479   38  479 18834.3100 16518.0347  12.3%   255  923s
 11367  7514 17582.1645   64  151 18834.3100 16518.1988  12.3%   257  948s
 11783  7514 18367.1202  160   36 18834.3100 16518.2196  12.3%   253  950s
 11832  7608 16955.4882   74  265 18834.3100 16518.3801  12.3%   252  962s
 11952  7712 17489.7945   77  291 18834.3100 16519.3983  12.3%   253  974s
 12074  7747 16803.5048   38  569 18834.3100 16519.7808  12.3%   254  987s
H12090  7720                    18819.310000 16519.7808  12.2%   255  987s
 12109  7771 17011.4020   46  503 18819.3100 16519.7808  12.2%   257  999s
 12160  7952 17255.3540   56  426 18819.3100 16519.7808  12.2%   260 1013s
 12341  8111 17691.3300   97  281 18819.3100 16519.8980  12.2%   261 1029s
 12533  8229 17230.2202   51  430 18819.3100 16523.5640  12.2%   261 1043s
 12679  8320 16803.6675   39  579 18819.3100 16523.7713  12.2%   261 1057s
 12796  8405 17054.1118   50  446 18819.3100 16523.7713  12.2%   262 1071s
 12889  8468 17190.0716   53  365 18819.3100 16523.7713  12.2%   263 1083s
 12963  8572 17342.7042   58  278 18819.3100 16523.7713  12.2%   265 1097s
 13067  8823 17776.8911   81  220 18819.3100 16525.8280  12.2%   267 1113s
 13387  8934 18758.8100  166    - 18819.3100 16525.9214  12.2%   265 1137s
*13506  9014             166    18805.810000 16526.2828  12.1%   266 1151s
*13507  8891             165    18757.860000 16526.2828  11.9%   266 1151s
H13637  8905                    18738.650000 16526.6067  11.8%   267 1165s
H13741  8374                    18539.070000 16526.6067  10.9%   269 1254s
H13811  8196                    18428.070000 16526.6067  10.3%   270 1275s
H13981  8143                    18412.240000 16527.8339  10.2%   269 1275s
 14030  8170 16629.9118   36  463 18412.2400 16528.0577  10.2%   270 1288s
 14068  8236 16811.2022   45  490 18412.2400 16528.0577  10.2%   272 1301s
 14134  8429 17106.0304   58  433 18412.2400 16528.0577  10.2%   274 1339s
 14177  8429 17482.8792   80  208 18412.2400 16528.0577  10.2%   275 1340s
 14343  8594 18033.6092  106   59 18412.2400 16528.4582  10.2%   275 1356s
 14536  8712 17643.9490   80  209 18412.2400 16529.6957  10.2%   275 1374s
H14570  7954                    18212.350000 16529.6957  9.24%   276 1374s
H14572  7553                    18096.030000 16529.6957  8.66%   276 1374s
 14679  7666 16937.0447   53  362 18096.0300 16529.9848  8.65%   276 1391s
 14863  7789 16619.2087   56  326 18096.0300 16531.0201  8.65%   276 1406s
 14986  7903 17334.0606   80  169 18096.0300 16531.0724  8.65%   278 1423s
H15092  7570                    18020.510000 16531.0724  8.27%   278 1423s
 15147  7656 16836.4086   31  490 18020.5100 16531.9056  8.26%   278 1438s
 15258  7769 16878.4603   55  298 18020.5100 16532.5482  8.26%   279 1457s
 15394  7872 17152.0237   77  180 18020.5100 16535.3690  8.24%   280 1476s
 15536  7921 16622.7493   32  427 18020.5100 16535.8430  8.24%   281 1496s
H15561  7570                    17951.970000 16535.8430  7.89%   282 1496s
 15585  7759 16927.2166   47  353 17951.9700 16535.8430  7.89%   284 1512s
 15788  7846     cutoff  109      17951.9700 16535.8654  7.89%   284 1530s
H15936  7385                    17844.090000 16536.4185  7.33%   285 1549s
H16053  6890                    17767.050000 16536.5022  6.93%   285 1549s
 16130  6935 16694.5239   34  497 17767.0500 16537.0576  6.92%   285 1565s
 16232  7035 16809.6242   37  542 17767.0500 16537.3192  6.92%   287 1604s
 16271  7035 16881.6907   52  441 17767.0500 16537.3192  6.92%   288 1605s
 16350  7132 17255.4885   60  302 17767.0500 16538.2028  6.92%   289 1621s
 16497  7266 17201.1354   46  396 17767.0500 16538.5148  6.91%   290 1637s
 16662  7328 16777.7560   40  488 17767.0500 16539.6533  6.91%   290 1679s
 16742  7429 17159.0379   47  374 17767.0500 16541.9138  6.90%   292 1698s
 16882  7560 16763.3954   37  485 17767.0500 16542.4566  6.89%   293 1725s
 17025  7664 17361.4307   64  261 17767.0500 16543.0286  6.89%   295 1742s
H17111  7051                    17678.010000 16543.0286  6.42%   295 1742s
 17152  7122 17109.8372   43  501 17678.0100 16543.4530  6.42%   296 1758s
 17256  7216 16660.1739   35  420 17678.0100 16543.8393  6.42%   297 1798s
H17300  6103                    17515.730000 16543.8393  5.55%   298 1798s
 17380  6156 16862.2002   41  439 17515.7300 16544.2974  5.55%   298 1813s
 17465  6218 17184.0970   47  462 17515.7300 16545.7668  5.54%   300 1829s
 17543  6242     cutoff   52      17515.7300 16546.9074  5.53%   301 1846s
 17649  6336 17012.4762   39  520 17515.7300 16548.0517  5.52%   303 1862s
 17759  6447 17091.1717   53  467 17515.7300 16549.4712  5.52%   304 1879s
 17904  6530 17440.5050   73  331 17515.7300 16549.9968  5.51%   305 1895s
 18036  6592 17434.6272   73  206 17515.7300 16551.6692  5.50%   306 1912s
 18132  6671 17269.8336   47  255 17515.7300 16553.2955  5.49%   308 1929s
 18263  6759 16909.6675   41  447 17515.7300 16553.6569  5.49%   309 1947s
 18387  6811 16762.8536   34  575 17515.7300 16554.6949  5.49%   310 1963s
H18415  6607                    17489.580000 16554.6949  5.35%   311 1964s
 18439  6702 16959.1318   48  509 17489.5800 16554.6949  5.35%   313 1981s
 18553  6779     cutoff   69      17489.5800 16555.5108  5.34%   314 1998s
 18688  6862     cutoff   54      17489.5800 16556.0304  5.34%   315 2015s
 18821  6973 17023.5150   57  437 17489.5800 16558.2118  5.33%   317 2033s
 18961  7044 17385.7469   55  419 17489.5800 16558.3556  5.32%   318 2050s
 19081  7117 17296.0292   78  207 17489.5800 16559.2094  5.32%   319 2068s
 19198  7163 16909.8406   37  458 17489.5800 16561.4645  5.31%   321 2084s
 19292  7227 16802.4207   34  474 17489.5800 16562.0373  5.30%   323 2106s
 19382  7293 16815.1891   36  579 17489.5800 16562.1895  5.30%   325 2124s
 19478  7391 17192.8530   54  423 17489.5800 16562.9313  5.30%   326 2147s
 19608  7451 17340.4330   55  406 17489.5800 16563.8679  5.29%   327 2164s
 19738  7577 17211.3152   46  395 17489.5800 16564.4618  5.29%   328 2184s
 19801  7577 17297.9248   43  309 17489.5800 16564.4653  5.29%   329 2185s
 19886  7649 17298.2639   89  212 17489.5800 16564.9825  5.29%   329 2203s
 20023  7766 16937.0773   73  335 17489.5800 16566.5337  5.28%   331 2223s
 20158  7816 17371.8343   40  393 17489.5800 16566.6826  5.28%   331 2241s
 20264  7882 17035.0135   33  581 17489.5800 16567.1330  5.27%   333 2259s
 20308  7882 17212.3286   51  368 17489.5800 16567.3174  5.27%   334 2260s
 20358  7936     cutoff   52      17489.5800 16567.6416  5.27%   334 2280s
 20451  8110 16876.4131   39  513 17489.5800 16569.4046  5.26%   336 2300s
 20656  8182 16709.2012   33  573 17489.5800 16570.2770  5.26%   336 2319s
 20750  8247 16880.1848   40  414 17489.5800 16571.0616  5.25%   338 2336s
 20839  8324 17010.3101   45  426 17489.5800 16571.8030  5.25%   339 2355s
 20951  8401 17217.5809   56  481 17489.5800 16572.6281  5.24%   341 2373s
 21068  8510 17246.0669   72  387 17489.5800 16572.8469  5.24%   342 2392s
 21211  8586 17387.3996   60  221 17489.5800 16573.7459  5.24%   343 2410s
 21312  8688 17377.2292   57  461 17489.5800 16574.7288  5.23%   344 2430s
 21457  8767 16985.7684   43  514 17489.5800 16575.7851  5.22%   345 2449s
 21590  8878 17288.1985   45  364 17489.5800 16576.1829  5.22%   346 2468s
 21741  9034 16994.5745   45  482 17489.5800 16576.5101  5.22%   347 2489s
 21813  9034 17095.9298   61  162 17489.5800 16576.5101  5.22%   347 2490s
 21929  9134     cutoff   87      17489.5800 16576.9403  5.22%   347 2509s
 22073  9213 17065.0021   58  369 17489.5800 16577.8940  5.21%   347 2527s
 22170  9330 16948.2954   48  503 17489.5800 16578.0148  5.21%   349 2548s
 22354  9423 17009.0901   46  465 17489.5800 16578.8983  5.21%   350 2566s
 22493  9521 17000.1332   38  496 17489.5800 16580.0528  5.20%   351 2587s
 22628  9593 16899.3524   45  476 17489.5800 16580.4536  5.20%   351 2606s
 22754  9700 16612.2805   39  513 17489.5800 16581.9042  5.19%   352 2624s
 22889  9770 16905.2522   42  448 17489.5800 16582.8073  5.18%   353 2642s
 22997  9866 16618.1158   47  367 17489.5800 16583.7231  5.18%   354 2661s
 23142  9943 17487.9586   56  255 17489.5800 16584.7177  5.17%   355 2683s
 23243 10008 16916.8576   39  619 17489.5800 16584.9184  5.17%   356 2702s
 23356 10164 16938.7522   48  420 17489.5800 16585.9091  5.17%   358 2722s
 23539 10228 17322.1686   95  114 17489.5800 16586.1257  5.17%   358 2741s
 23648 10284 17338.3203   42  440 17489.5800 16587.7671  5.16%   359 2760s
 23740 10425 16667.3038   48  346 17489.5800 16588.7313  5.15%   361 2781s
 23922 10517 17441.2186   72  270 17489.5800 16588.9706  5.15%   361 2802s
 24084 10582 16928.2573   36  415 17489.5800 16590.4301  5.14%   362 2826s
 24199 10733 16736.5898   39  476 17489.5800 16591.1236  5.14%   363 2847s
 24385 10889 17056.6115   45  300 17489.5800 16591.7775  5.13%   364 2871s
 24606 11000 16938.1054   38  516 17489.5800 16592.5495  5.13%   364 2891s
 24756 11172 17190.9821   53  433 17489.5800 16593.4662  5.12%   364 2914s
 24954 11325     cutoff   78      17489.5800 16593.5082  5.12%   365 2936s
 25206 11435 17166.0464   47  361 17489.5800 16594.3690  5.12%   365 2960s
 25356 11544 16784.8190   50  305 17489.5800 16594.7824  5.12%   365 2980s
 25509 11651 17124.4066   45  419 17489.5800 16595.1474  5.11%   365 3003s
 25663 11748 16746.5100   47  483 17489.5800 16595.8429  5.11%   366 3023s
 25795 11872 17374.3301   56  414 17489.5800 16596.0404  5.11%   367 3048s
 25958 11980 17101.1739   72  234 17489.5800 16596.4689  5.11%   368 3070s
 26124 12070 17171.3598   46  345 17489.5800 16596.7718  5.10%   369 3091s
 26262 12202 17095.2207   46  332 17489.5800 16597.6321  5.10%   370 3111s
 26438 12342 16751.6967   67  304 17489.5800 16597.8946  5.10%   370 3138s
 26653 12473 16805.7568   49  489 17489.5800 16599.3215  5.09%   370 3159s
 26841 12557 16943.4328   45  327 17489.5800 16599.8632  5.09%   371 3180s
 26966 12643 17249.9156   52  418 17489.5800 16600.3242  5.08%   372 3201s
 27094 12736 16984.6876   37  559 17489.5800 16601.1136  5.08%   373 3222s
 27222 12837 16739.5602   38  530 17489.5800 16601.4980  5.08%   374 3243s
 27379 12941 16816.0460   57  480 17489.5800 16601.6685  5.08%   375 3267s
 27533 13046 17184.6761   52  520 17489.5800 16602.3007  5.07%   375 3289s
 27661 13164 17212.1349   55  254 17489.5800 16602.6371  5.07%   376 3321s
 27841 13256 16971.3226   40  485 17489.5800 16603.6571  5.07%   376 3342s
 28008 13396 17295.6350   53  424 17489.5800 16604.5509  5.06%   377 3364s
 28186 13499 17266.4271   70  153 17489.5800 16605.4977  5.05%   377 3386s
 28353 13614 16842.0995   45  512 17489.5800 16606.3904  5.05%   378 3409s
 28500 13751 16827.2562   65  291 17489.5800 16606.8728  5.05%   379 3431s
 28679 13929 16979.4902   42  390 17489.5800 16607.1928  5.05%   379 3454s
 28900 14027 17142.0986   44  435 17489.5800 16607.6468  5.04%   379 3476s
 29052 14171 17145.2416   56  441 17489.5800 16608.0322  5.04%   380 3498s
 29244 14286 infeasible   50      17489.5800 16609.2570  5.03%   380 3521s
 29416 14396 16991.2561   37  342 17489.5800 16610.0472  5.03%   381 3548s
 29573 14530 17171.3940   53  298 17489.5800 16610.1363  5.03%   382 3572s
 29760 14608 16789.5666   49  386 17489.5800 16611.1158  5.02%   382 3596s
 29886 14642 17071.3247   43  332 17489.5800 16611.4778  5.02%   383 3600s

Cutting planes:
  User: 4382
  Gomory: 57
  Cover: 383
  Implied bound: 306
  Projected implied bound: 22
  Clique: 18
  MIR: 234
  StrongCG: 1
  Flow cover: 479
  GUB cover: 2
  Zero half: 24
  Network: 4
  RLT: 326
  Relax-and-lift: 17
  Lazy constraints: 1058

Explored 29920 nodes (11480138 simplex iterations) in 3600.20 seconds
Thread count was 2 (of 32 available processors)

Solution count 10: 17489.6 17515.7 17678 ... 18412.2

Time limit reached
Best objective 1.748958000000e+04, best bound 1.661147784264e+04, gap 5.0207%

User-callback calls 321770, time in user-callback 337.11 sec
================================================================================
executing instance: ./input/Instances/Original/6/absH6high_1n20.dat
--------------------------------------------------------------------------------
Instance details
n	21
H	6
C	1651
Li:
[0, 0, 0, 0, 0, 0, 0, 0, 0, 0, 0, 0, 0, 0, 0, 0, 0, 0, 0, 0, 0, ]
Ui:
[0, 36, 182, 182, 90, 261, 117, 30, 110, 42, 276, 153, 40, 94, 144, 46, 129, 213, 264, 160, 174, ]
Distance matrix:
|0	371	401	343	361	341	370	115	392	400	79	266	292	245	355	431	265	194	95	92	348	|
|371	0	37	141	110	250	117	438	67	131	372	305	115	238	247	255	235	296	392	430	185	|
|401	37	0	175	100	284	146	472	90	156	406	342	152	275	280	282	242	333	415	455	178	|
|343	141	175	0	239	110	38	374	95	60	314	182	67	130	106	127	318	201	397	423	303	|
|361	110	100	239	0	341	222	451	177	240	385	374	190	304	341	361	151	345	354	398	78	|
|341	250	284	110	341	0	143	337	203	151	289	102	152	97	15	95	394	156	415	431	398	|
|370	117	146	38	222	143	0	407	61	30	346	220	81	167	137	139	317	237	417	447	292	|
|115	438	472	374	451	337	407	0	443	434	66	241	339	251	351	431	374	181	201	177	450	|
|392	67	90	95	177	203	61	443	0	66	379	275	104	216	197	193	294	283	427	461	252	|
|400	131	156	60	240	151	30	434	66	0	374	237	112	189	142	127	344	261	448	477	312	|
|79	372	406	314	385	289	346	66	379	374	0	202	275	197	304	383	316	134	175	166	388	|
|266	305	342	182	374	102	220	241	275	237	202	0	191	70	117	196	386	73	352	359	415	|
|292	115	152	67	190	152	81	339	104	112	275	191	0	123	154	193	252	183	336	366	246	|
|245	238	275	130	304	97	167	251	216	189	197	70	123	0	110	187	322	72	319	334	346	|
|355	247	280	106	341	15	137	351	197	142	304	117	154	110	0	80	399	171	427	444	400	|
|431	255	282	127	361	95	139	431	193	127	383	196	193	187	80	0	444	251	499	519	429	|
|265	235	242	318	151	394	317	374	294	344	316	386	252	322	399	444	0	332	226	273	97	|
|194	296	333	201	345	156	237	181	283	261	134	73	183	72	171	251	332	0	279	286	375	|
|95	392	415	397	354	415	417	201	427	448	175	352	336	319	427	499	226	279	0	47	321	|
|92	430	455	423	398	431	447	177	461	477	166	359	366	334	444	519	273	286	47	0	368	|
|348	185	178	303	78	398	292	450	252	312	388	415	246	346	400	429	97	375	321	368	0	|

--------------------------------------------------------------------------------
Building model...
	using lazy and cut (CVRPSEP package)
Solving IRP LP...
--------------------------------------------------------------------------------

Gurobi 9.1.0 (linux64) logging started Tue Feb 16 15:48:40 2021

Gurobi Optimizer version 9.1.0 build v9.1.0rc0 (linux64)
Thread count: 32 physical cores, 32 logical processors, using up to 2 threads
Optimize a model with 1329 rows, 4665 columns and 12219 nonzeros
Model fingerprint: 0x24f4d0d4
Variable types: 507 continuous, 4158 integer (378 binary)
Coefficient statistics:
  Matrix range     [1e+00, 6e+02]
  Objective range  [1e-01, 5e+02]
  Bounds range     [1e+00, 3e+02]
  RHS range        [1e+00, 3e+03]
Presolve removed 304 rows and 471 columns
Presolve time: 0.07s
Presolved: 1025 rows, 4194 columns, 10322 nonzeros
Variable types: 389 continuous, 3805 integer (3454 binary)

Root relaxation: objective 1.303439e+04, 1605 iterations, 0.04 seconds

    Nodes    |    Current Node    |     Objective Bounds      |     Work
 Expl Unexpl |  Obj  Depth IntInf | Incumbent    BestBd   Gap | It/Node Time

     0     0 13034.3861    0  183          - 13034.3861      -     -    0s
     0     0 13281.8303    0  182          - 13281.8303      -     -    0s
     0     0 13288.8868    0  197          - 13288.8868      -     -    0s
     0     0 13296.2477    0  171          - 13296.2477      -     -    0s
     0     0 13296.2571    0  175          - 13296.2571      -     -    0s
     0     0 13722.9582    0  326          - 13722.9582      -     -    0s
     0     0 13796.3401    0  277          - 13796.3401      -     -    0s
     0     0 13798.3545    0  277          - 13798.3545      -     -    0s
     0     0 13798.3572    0  282          - 13798.3572      -     -    0s
     0     0 13983.8310    0  336          - 13983.8310      -     -    1s
     0     0 14019.1195    0  371          - 14019.1195      -     -    1s
     0     0 14026.6728    0  427          - 14026.6728      -     -    1s
     0     0 14030.4618    0  388          - 14030.4618      -     -    1s
     0     0 14049.1669    0  428          - 14049.1669      -     -    1s
     0     0 14055.1429    0  405          - 14055.1429      -     -    1s
     0     0 14057.5272    0  419          - 14057.5272      -     -    1s
     0     0 14064.2086    0  422          - 14064.2086      -     -    1s
     0     0 14070.4447    0  430          - 14070.4447      -     -    1s
     0     0 14070.6211    0  432          - 14070.6211      -     -    1s
     0     0 14128.4520    0  392          - 14128.4520      -     -    2s
     0     0 14143.6512    0  392          - 14143.6512      -     -    2s
     0     0 14146.2200    0  348          - 14146.2200      -     -    2s
     0     0 14147.4693    0  389          - 14147.4693      -     -    2s
     0     0 14156.9830    0  372          - 14156.9830      -     -    2s
     0     0 14160.4754    0  357          - 14160.4754      -     -    2s
     0     0 14160.9001    0  350          - 14160.9001      -     -    2s
     0     0 14172.5952    0  361          - 14172.5952      -     -    2s
     0     0 14172.5952    0  342          - 14172.5952      -     -    2s
     0     2 14172.7248    0  341          - 14172.7248      -     -    3s
    27    30 14278.9606    9  378          - 14192.1925      -   512    5s
    77    82 14748.7368   24  296          - 14192.1925      -   549   10s
   182   200 15397.7679   43  271          - 14192.1925      -   379   15s
   461   508 17225.5088  105  146          - 14192.1925      -   205   20s
*  653   659             236    21837.800000 14192.1925  35.0%   160   23s
   764   701 19256.5035  167  342 21837.8000 14192.1925  35.0%   142   27s
H  766   666                    20906.610000 14192.1925  32.1%   141   29s
   770   669 15797.3872   55  447 20906.6100 14423.8631  31.0%   141   30s
   796   686 18520.0362  155  624 20906.6100 14539.3237  30.5%   136   38s
   800   689 15159.9014   29  601 20906.6100 14539.7923  30.5%   135   40s
H  808   661                    20740.730000 14539.8143  29.9%   149   42s
H  809   628                    20665.730000 14539.8143  29.6%   149   43s
   818   634 20665.7300  225  583 20665.7300 14539.8143  29.6%   147   45s
H  824   605                    20537.730000 14539.9598  29.2%   146   47s
   830   609 15972.1054   56  590 20537.7300 14540.0541  29.2%   145   50s
H  830   578                    20478.010000 14540.6864  29.0%   145   54s
   834   584 14577.6237   23  561 20478.0100 14555.1419  28.9%   159   55s
   874   613 14771.0000   33  407 20478.0100 14594.4073  28.7%   183   60s
H  917   615                    20476.750000 14594.4073  28.7%   196   64s
   928   625 14961.7613   46  373 20476.7500 14594.4073  28.7%   200   65s
   984   666 15080.5967   59  385 20476.7500 14594.4073  28.7%   209   70s
H 1032   670                    20354.970000 14594.4073  28.3%   215   74s
  1045   673 15303.2782   69  408 20354.9700 14594.4073  28.3%   215   75s
H 1066   669                    20282.870000 14594.4073  28.0%   217   77s
  1138   713 15825.8347   87  359 20282.8700 14594.4073  28.0%   218   80s
  1242   792 15974.9895  101  379 20282.8700 14594.4073  28.0%   216   86s
  1325   861 16209.1546  115  312 20282.8700 14594.4073  28.0%   213   90s
  1455   979 16393.5282  128  364 20282.8700 14594.4073  28.0%   205   96s
  1549   967 16468.4288  135  311 20282.8700 14594.4073  28.0%   197  100s
  1593   996 17130.7043  150  270 20282.8700 14594.4073  28.0%   202  107s
  1620  1018 17282.3415  160  242 20282.8700 14594.4073  28.0%   204  110s
  1692  1072 17833.2288  189  201 20282.8700 14594.4073  28.0%   207  116s
  1729  1102 19506.6234  204  181 20282.8700 14594.4073  28.0%   208  121s
  1860  1141     cutoff  259      20282.8700 14625.7607  27.9%   201  127s
H 1865  1113                    20281.090000 14625.7607  27.9%   201  127s
  1880  1130 14691.2908   26  452 20281.0900 14625.7607  27.9%   203  131s
  1909  1158 14764.1449   31  537 20281.0900 14625.7607  27.9%   211  135s
  1959  1191 14924.6922   39  416 20281.0900 14625.7607  27.9%   218  141s
  1994  1207 15050.9247   43  368 20281.0900 14625.7607  27.9%   222  159s
  2004  1232 15079.6603   45  409 20281.0900 14625.7607  27.9%   223  161s
  2075  1297 15166.3038   52  353 20281.0900 14625.7607  27.9%   224  165s
  2184  1388 15401.6156   62  315 20281.0900 14625.7607  27.9%   222  171s
  2298  1558 15659.6629   69  337 20281.0900 14625.7607  27.9%   220  178s
  2437  1600 15752.6600   72  369 20281.0900 14625.7607  27.9%   213  182s
  2544  1658 15988.8546   87  343 20281.0900 14625.7607  27.9%   211  187s
  2575  1680 16151.3259   90  324 20281.0900 14625.7607  27.9%   212  190s
  2624  1735 16343.2263  106  301 20281.0900 14625.7607  27.9%   215  224s
  2652  1767 16455.7483  114  301 20281.0900 14625.7607  27.9%   216  228s
  2684  1823 16714.3652  122  241 20281.0900 14625.7607  27.9%   217  231s
  2740  1911 17185.3156  132  261 20281.0900 14625.7607  27.9%   217  235s
  2828  2009 17827.2142  149  220 20281.0900 14625.7607  27.9%   215  240s
  2926  2075 18280.8815  158  160 20281.0900 14625.7607  27.9%   212  247s
  2992  2213 18700.1647  166  166 20281.0900 14625.7607  27.9%   210  253s
  3130  2441 19461.0032  185  150 20281.0900 14638.8722  27.8%   206  259s
  3400  2554 15129.0579   28  406 20281.0900 14638.8722  27.8%   196  266s
  3559  2567 15623.3851   37  344 20281.0900 14638.8722  27.8%   190  271s
  3573  2620 15871.7085   45  349 20281.0900 14638.8722  27.8%   191  275s
  3626  2746 16942.0659   84  259 20281.0900 14675.4498  27.6%   192  280s
  3788  2769 20114.6500  151   22 20281.0900 14677.9208  27.6%   188  285s
  3818  2800     cutoff  152      20281.0900 14692.2949  27.6%   190  290s
* 3834  2795             163    20243.250000 14692.2949  27.4%   189  290s
