




arguments: ./build/bc_mirp -f ./input/orig_exec_64.cfg
Current dir: /scratch/gui/bc_mirp
File verbosity level: 9
date       time         ( uptime  ) [ thread name/id ]                   file:line     v| 
2021-02-07 04:06:22.336 (   0.255s) [main thread     ]             loguru.cpp:789   INFO| Logging to './output/vi_vc+hc1_quarter/OU/V3/Original/execution_07_02_2021_04_06_22.log', mode: 'a', verbosity: 9
--------------------------------------------------------------------------------
Parameters
                           instance_path           ./input/Instances/Original/2/
                            model_policy                                       1
                             nb_vehicles                                       3
                              output_dir./output/vi_vc+hc1_quarter/OU/V3/Original/
                            sec_strategy                                       1
                       solver_nb_threads                                       2
                         solver_show_log                                    true
                       solver_time_limit                                    3600
                              use_vi_cos                                   false
                              use_vi_cus                                   false
                         use_vi_hc1_full                                   false
                         use_vi_hc1_half                                   false
                      use_vi_hc1_quarter                                    true
                              use_vi_hc2                                   false
                              use_vi_hc3                                   false
                         use_vi_lex_full                                   false
                         use_vi_lex_half                                   false
                      use_vi_lex_quarter                                   false
                              use_vi_qua                                   false
                               use_vi_vc                                    true
                               use_vi_vr                                   false
--------------------------------------------------------------------------------
executing instance: ./input/Instances/Original/2/absH3high_3n40.dat
--------------------------------------------------------------------------------
Instance details
n	41
H	3
C	3283
Li:
[0, 0, 0, 0, 0, 0, 0, 0, 0, 0, 0, 0, 0, 0, 0, 0, 0, 0, 0, 0, 0, 0, 0, 0, 0, 0, 0, 0, 0, 0, 0, 0, 0, 0, 0, 0, 0, 0, 0, 0, 0, ]
Ui:
[0, 63, 111, 99, 96, 111, 282, 122, 156, 261, 42, 192, 126, 42, 162, 207, 159, 122, 102, 190, 118, 102, 132, 102, 165, 252, 66, 52, 22, 114, 210, 176, 116, 294, 78, 152, 210, 45, 130, 198, 174, ]
Distance matrix:
|0	208	225	252	227	143	258	127	267	150	28	83	163	286	57	149	201	137	214	255	70	73	107	186	328	266	249	343	222	177	293	144	262	215	167	120	169	218	143	173	255	|
|208	0	397	355	416	198	216	99	211	275	193	172	97	166	240	225	362	109	277	314	182	216	273	374	298	208	319	161	14	103	93	120	58	196	152	156	372	227	260	218	453	|
|225	397	0	427	53	364	482	343	492	129	253	225	382	386	171	188	39	291	187	195	295	182	282	55	326	491	180	551	408	315	457	366	455	275	392	244	221	439	341	214	101	|
|252	355	427	0	401	158	201	263	219	396	234	328	259	498	299	400	420	354	465	506	205	324	152	374	574	219	499	393	366	389	446	235	378	456	205	359	224	150	111	423	400	|
|227	416	53	401	0	357	477	352	489	165	253	245	389	424	179	223	85	315	234	245	293	200	264	42	375	488	231	565	428	344	484	370	474	314	392	270	184	430	325	252	50	|
|143	198	364	158	357	0	121	105	134	290	116	196	103	342	200	276	343	205	343	385	74	210	112	319	432	133	382	265	209	237	290	78	226	313	57	220	232	75	69	292	375	|
|258	216	482	201	477	121	0	168	18	397	230	293	135	381	314	372	459	275	437	480	188	317	228	439	501	18	479	197	222	296	290	132	212	386	95	306	347	58	173	381	496	|
|127	99	343	263	352	105	168	0	171	239	105	130	40	237	173	206	313	109	270	312	84	164	175	310	337	169	313	216	112	135	192	37	142	220	77	138	280	155	162	213	382	|
|267	211	492	219	489	134	18	171	0	404	240	298	136	376	323	376	468	276	441	483	198	324	243	450	500	2	483	181	215	294	281	136	202	386	102	309	363	75	189	384	509	|
|150	275	129	396	165	290	397	239	404	0	175	110	279	259	97	59	91	166	84	116	217	80	245	130	226	402	106	434	286	187	329	269	333	149	302	119	244	364	291	87	213	|
|28	193	253	234	253	116	230	105	240	175	0	94	139	286	84	167	229	136	234	275	43	96	98	212	341	238	271	320	206	175	281	118	244	225	140	128	180	191	124	189	280	|
|83	172	225	328	245	196	293	130	298	110	94	0	169	209	77	80	191	71	147	189	127	45	189	203	247	296	187	327	184	106	241	162	230	132	198	38	242	266	217	96	285	|
|163	97	382	259	389	103	135	40	136	279	139	169	0	253	212	244	353	141	307	349	110	203	194	347	366	133	350	183	107	161	187	27	124	251	56	175	306	133	169	249	418	|
|286	166	386	498	424	342	381	237	376	259	286	209	253	0	284	201	347	151	210	230	299	247	383	387	155	374	242	290	162	112	129	270	192	113	308	172	451	386	391	172	471	|
|57	240	171	299	179	200	314	173	323	97	84	77	212	284	0	112	145	147	170	208	127	38	148	137	299	321	201	386	253	183	315	195	297	195	222	112	171	275	195	142	214	|
|149	225	188	400	223	276	372	206	376	59	167	80	244	201	112	0	149	117	67	110	205	78	254	186	187	374	108	387	235	132	272	240	283	93	277	71	279	346	291	32	270	|
|201	362	39	420	85	343	459	313	468	91	229	191	353	347	145	149	0	254	149	160	272	150	271	66	290	466	146	518	373	278	419	339	420	235	367	207	227	418	327	175	135	|
|137	109	291	354	315	205	275	109	276	166	136	71	141	151	147	117	254	0	172	212	151	116	232	273	229	274	215	270	119	39	170	145	167	111	186	47	305	263	245	113	356	|
|214	277	187	465	234	343	437	270	441	84	234	147	307	210	170	67	149	172	0	42	272	141	317	205	144	439	43	437	284	175	307	305	331	99	343	132	327	413	357	60	283	|
|255	314	195	506	245	385	480	312	483	116	275	189	349	230	208	110	160	212	42	0	314	182	356	222	132	481	15	474	321	212	337	347	367	126	385	174	358	455	398	100	295	|
|70	182	295	205	293	74	188	84	198	217	43	127	110	299	127	205	272	151	272	314	0	137	91	253	370	196	310	292	195	188	274	85	226	252	99	155	197	148	94	223	316	|
|73	216	182	324	200	210	317	164	324	80	96	45	203	247	38	78	150	116	141	182	137	0	176	158	263	323	176	369	229	150	286	191	274	157	223	77	208	284	216	106	239	|
|107	273	282	152	264	112	228	175	243	245	98	189	194	383	148	254	271	232	317	356	91	176	0	231	435	242	349	371	286	271	365	167	315	321	164	224	120	174	61	280	274	|
|186	374	55	374	42	319	439	310	450	130	212	203	347	387	137	186	66	273	205	222	253	158	231	0	348	448	208	523	386	303	442	329	431	279	352	229	167	392	291	217	85	|
|328	298	326	574	375	432	501	337	500	226	341	247	366	155	299	187	290	229	144	132	370	263	435	348	0	498	147	441	299	206	283	374	338	119	414	215	465	492	463	157	425	|
|266	208	491	219	488	133	18	169	2	402	238	296	133	374	321	374	466	274	439	481	196	323	242	448	498	0	481	180	213	292	278	134	200	384	100	307	362	75	188	381	508	|
|249	319	180	499	231	382	479	313	483	106	271	187	350	242	201	108	146	215	43	15	310	176	349	208	147	481	0	480	326	217	346	347	373	135	385	175	347	454	392	103	280	|
|343	161	551	393	565	265	197	216	181	434	320	327	183	290	386	387	518	270	437	474	292	369	371	523	441	180	480	0	153	263	163	207	107	352	208	317	487	244	334	379	598	|
|222	14	408	366	428	209	222	112	215	286	206	184	107	162	253	235	373	119	284	321	195	229	286	386	299	213	326	153	0	109	81	132	48	201	162	167	386	236	272	226	466	|
|177	103	315	389	344	237	296	135	294	187	175	106	161	112	183	132	278	39	175	212	188	150	271	303	206	292	217	263	109	0	142	171	156	95	211	74	344	289	281	118	386	|
|293	93	457	446	484	290	290	192	281	329	281	241	187	129	315	272	419	170	307	337	274	286	365	442	283	278	346	163	81	142	0	212	79	211	241	214	461	311	353	254	525	|
|144	120	366	235	370	78	132	37	136	269	118	162	27	270	195	240	339	145	305	347	85	191	167	329	374	134	347	207	132	171	212	0	151	257	40	174	280	119	142	248	398	|
|262	58	455	378	474	226	212	142	202	333	244	230	124	192	297	283	420	167	331	367	226	274	315	431	338	200	373	107	48	156	79	151	0	245	173	214	421	237	293	273	510	|
|215	196	275	456	314	313	386	220	386	149	225	132	251	113	195	93	235	111	99	126	252	157	321	279	119	384	135	352	201	95	211	257	245	0	297	97	365	374	345	62	362	|
|167	152	392	205	392	57	95	77	102	302	140	198	56	308	222	277	367	186	343	385	99	223	164	352	414	100	385	208	162	211	241	40	173	297	0	213	283	79	126	287	415	|
|120	156	244	359	270	220	306	138	309	119	128	38	175	172	112	71	207	47	132	174	155	77	224	229	215	307	175	317	167	74	214	174	214	97	213	0	280	286	248	75	313	|
|169	372	221	224	184	232	347	280	363	244	180	242	306	451	171	279	227	305	327	358	197	208	120	167	465	362	347	487	386	344	461	280	421	365	283	280	0	291	175	310	176	|
|218	227	439	150	430	75	58	155	75	364	191	266	133	386	275	346	418	263	413	455	148	284	174	392	492	75	454	244	236	289	311	119	237	374	79	286	291	0	116	359	445	|
|143	260	341	111	325	69	173	162	189	291	124	217	169	391	195	291	327	245	357	398	94	216	61	291	463	188	392	334	272	281	353	142	293	345	126	248	175	116	0	313	335	|
|173	218	214	423	252	292	381	213	384	87	189	96	249	172	142	32	175	113	60	100	223	106	280	217	157	381	103	379	226	118	254	248	273	62	287	75	310	359	313	0	300	|
|255	453	101	400	50	375	496	382	509	213	280	285	418	471	214	270	135	356	283	295	316	239	274	85	425	508	280	598	466	386	525	398	510	362	415	313	176	445	335	300	0	|

--------------------------------------------------------------------------------
Building model...
	using lazy and cut (CVRPSEP package)
Solving IRP LP...
--------------------------------------------------------------------------------

Gurobi 9.1.0 (linux64) logging started Sun Feb  7 04:06:22 2021

Gurobi Optimizer version 9.1.0 build v9.1.0rc0 (linux64)
Thread count: 32 physical cores, 32 logical processors, using up to 2 threads
Optimize a model with 1325 rows, 8273 columns and 19550 nonzeros
Model fingerprint: 0x39c7fa58
Variable types: 524 continuous, 7749 integer (369 binary)
Coefficient statistics:
  Matrix range     [1e+00, 1e+03]
  Objective range  [1e-01, 6e+02]
  Bounds range     [1e+00, 3e+02]
  RHS range        [1e+00, 6e+03]
Presolve removed 391 rows and 536 columns
Presolve time: 0.09s
Presolved: 934 rows, 7737 columns, 17168 nonzeros
Variable types: 315 continuous, 7422 integer (7049 binary)

Root relaxation: objective 1.227743e+04, 1028 iterations, 0.03 seconds

    Nodes    |    Current Node    |     Objective Bounds      |     Work
 Expl Unexpl |  Obj  Depth IntInf | Incumbent    BestBd   Gap | It/Node Time

     0     0 12277.4289    0  124          - 12277.4289      -     -    0s
     0     0 12692.1072    0   99          - 12692.1072      -     -    0s
     0     0 13151.9629    0  205          - 13151.9629      -     -    0s
     0     0 13340.0916    0  233          - 13340.0916      -     -    0s
     0     0 13340.7570    0  239          - 13340.7570      -     -    0s
     0     0 13549.7732    0  256          - 13549.7732      -     -    0s
     0     0 13594.0140    0  283          - 13594.0140      -     -    1s
     0     0 13638.0781    0  219          - 13638.0781      -     -    1s
     0     0 13641.1401    0  245          - 13641.1401      -     -    1s
     0     0 13641.7735    0  275          - 13641.7735      -     -    1s
     0     0 13694.8517    0  281          - 13694.8517      -     -    1s
     0     0 13701.8258    0  293          - 13701.8258      -     -    1s
     0     0 13705.2986    0  306          - 13705.2986      -     -    1s
     0     0 13713.6471    0  305          - 13713.6471      -     -    1s
     0     0 13722.8210    0  317          - 13722.8210      -     -    1s
     0     0 13730.7483    0  311          - 13730.7483      -     -    1s
     0     0 13740.8087    0  327          - 13740.8087      -     -    1s
     0     0 13742.4453    0  316          - 13742.4453      -     -    1s
     0     0 13755.4602    0  344          - 13755.4602      -     -    1s
     0     0 13757.4184    0  361          - 13757.4184      -     -    2s
     0     0 13780.3933    0  411          - 13780.3933      -     -    2s
     0     0 13784.1803    0  436          - 13784.1803      -     -    2s
     0     0 13785.5887    0  434          - 13785.5887      -     -    2s
     0     0 13792.1659    0  400          - 13792.1659      -     -    2s
     0     0 13792.1659    0  400          - 13792.1659      -     -    2s
     0     2 13795.9072    0  401          - 13795.9072      -     -    3s
    13    16 13852.6136    4  445          - 13834.4726      -   419    5s
   102   112 14226.9445   30  341          - 13839.4402      -   337   10s
   313   375 15363.2662   88   86          - 13839.4402      -   197   15s
H  576   596                    16964.100000 13839.4402  18.4%   120   17s
   633   615 14068.8084    6  280 16964.1000 13843.8514  18.4%   121   20s
   677   656 14261.7399   20  325 16964.1000 13843.8514  18.4%   130   26s
   728   705 16737.3900  200  400 16964.1000 13843.8514  18.4%   134   33s
H  729   670                    16917.100000 13843.8514  18.2%   134   34s
   731   671 14909.9638   63  352 16917.1000 13843.8514  18.2%   134   36s
H  739   642                    16781.150000 13927.2033  17.0%   132   39s
   745   646 14132.4069   10  475 16781.1500 13937.9974  16.9%   131   40s
H  748   615                    16728.110000 13944.5644  16.6%   131   41s
   756   621 13952.3662    6  464 16728.1100 13952.3662  16.6%   129   45s
   762   625 15406.7965  105  464 16728.1100 13953.1860  16.6%   128   50s
   765   630 13955.6289   17  453 16728.1100 13955.6289  16.6%   139   55s
   785   645 13971.2398   22  484 16728.1100 13971.2398  16.5%   149   60s
   819   666 14082.2652   30  405 16728.1100 13984.4795  16.4%   161   65s
   850   689 14205.0385   35  373 16728.1100 13984.4795  16.4%   172   70s
   896   724 14351.4482   42  456 16728.1100 13984.4795  16.4%   181   75s
   928   742 14387.0172   47  191 16728.1100 13984.4795  16.4%   185   81s
H  979   741                    16177.490000 13984.4795  13.6%   188   85s
  1063   801 14649.7622   78  208 16177.4900 13984.4795  13.6%   191   93s
  1069   825 14658.7272   79  249 16177.4900 13984.4795  13.6%   191   95s
  1207   937 14771.2376  100  243 16177.4900 13984.4795  13.6%   187  100s
  1358  1056 14900.7404  120  200 16177.4900 13984.4795  13.6%   180  106s
  1451  1125 14983.2864  134  184 16177.4900 13984.4795  13.6%   175  110s
* 1495  1077             254    16003.020000 13984.4795  12.6%   173  110s
  1601  1084 15081.5687  165  182 16003.0200 13984.4795  12.6%   169  115s
  1694  1149 15281.9082  204  144 16003.0200 13984.4795  12.6%   170  120s
  1797  1234 15495.6946  248  145 16003.0200 13984.4795  12.6%   170  125s
  1933  1336 15682.1330  295   76 16003.0200 13984.4795  12.6%   167  137s
  2014  1357     cutoff  316      16003.0200 14011.3092  12.4%   163  141s
  2089  1454 14234.1944   20  454 16003.0200 14011.3092  12.4%   161  147s
  2213  1444 14284.2280   28  407 16003.0200 14011.3092  12.4%   155  151s
* 2241  1351             171    15843.210000 14011.3092  11.6%   154  152s
  2286  1353 14452.6943   38  326 15843.2100 14011.3092  11.6%   155  156s
  2322  1393 14612.8156   50  111 15843.2100 14011.3092  11.6%   157  161s
  2396  1501 14773.5450   70   46 15843.2100 14011.3092  11.6%   158  167s
  2476  1674 14868.5504   88   40 15843.2100 14011.3092  11.6%   156  172s
  2691  1738 15212.8054  114   20 15843.2100 14018.7408  11.5%   147  177s
  2766  1758 15781.4800  165    - 15843.2100 14030.9474  11.4%   145  180s
  2810  1776 15808.6000  172    - 15843.2100 14036.5365  11.4%   148  186s
  2829  1804 14293.3399   22  442 15843.2100 14036.6313  11.4%   151  191s
  2858  1823 14456.0653   35  402 15843.2100 14036.6313  11.4%   154  199s
  2863  1841 14495.6816   37  380 15843.2100 14036.6313  11.4%   154  202s
  2909  1907 14580.4600   51  279 15843.2100 14036.6313  11.4%   157  207s
  2947  1949 14694.0442   63  206 15843.2100 14036.6313  11.4%   158  210s
  3055  2096 15009.2751   97  142 15843.2100 14036.6313  11.4%   158  218s
  3136  2220 15393.5481  110   45 15843.2100 14036.6313  11.4%   157  223s
  3260  2323 infeasible  156      15843.2100 14040.2705  11.4%   153  228s
  3379  2426 14324.6921   27  328 15843.2100 14040.2705  11.4%   151  232s
  3522  2461 14537.9453   41  378 15843.2100 14040.2705  11.4%   147  237s
  3556  2529 14971.8600   67  200 15843.2100 14047.5845  11.3%   149  242s
  3634  2602 14311.0365   23  392 15843.2100 14047.5845  11.3%   149  247s
  3709  2654 14658.0491   35  350 15843.2100 14047.5845  11.3%   149  252s
  3779  2781 15053.4362   56  272 15843.2100 14047.9588  11.3%   150  260s
  3922  2819 14326.0087   28  427 15843.2100 14047.9588  11.3%   147  266s
  3960  2891 14744.2450   46  357 15843.2100 14047.9588  11.3%   148  271s
  4046  3027 14950.2422   74  245 15843.2100 14047.9588  11.3%   148  277s
  4182  3136 15322.1891  192  182 15843.2100 14049.7696  11.3%   146  283s
  4303  3301 14446.1664   22  449 15843.2100 14049.7696  11.3%   145  290s
  4479  3346 14504.7475   28  328 15843.2100 14049.7696  11.3%   142  295s
  4524  3440 14665.4037   36  179 15843.2100 14049.7696  11.3%   144  301s
  4629  3524 14690.4449   45  264 15843.2100 14049.7696  11.3%   144  308s
  4713  3699 15014.0379   68   22 15843.2100 14049.7696  11.3%   144  316s
  4953  3786 15423.9171  130   53 15843.2100 14087.1900  11.1%   141  324s
  5115  3845 14621.8184   35  399 15843.2100 14087.1900  11.1%   140  331s
  5174  4121 15107.6237   60  226 15843.2100 14088.5939  11.1%   141  339s
  5482  4196 14558.3508   34  363 15843.2100 14088.5939  11.1%   137  348s
  5581  4376 14956.8672   84   83 15843.2100 14094.7677  11.0%   138  356s
  5785  4446 14820.9284   28  256 15843.2100 14095.6195  11.0%   137  365s
  5864  4498 15269.2933   48   20 15843.2100 14095.6379  11.0%   138  373s
  5920  4585 15331.3822   54   89 15843.2100 14096.6123  11.0%   139  382s
  6013  4717 14618.6942   41  220 15843.2100 14096.6134  11.0%   141  390s
  6182  4784 14445.4995   27  410 15843.2100 14099.0204  11.0%   140  398s
  6256  5028 15153.2648   60  220 15843.2100 14101.6641  11.0%   142  407s
  6534  5075 14158.1125   22  488 15843.2100 14101.6728  11.0%   139  415s
  6581  5291 14449.9987   38  355 15843.2100 14101.6728  11.0%   141  425s
  6799  5472 14746.8695   67   55 15843.2100 14102.8678  11.0%   140  438s
  7016  5536     cutoff  171      15843.2100 14113.9697  10.9%   137  446s
  7098  5571 infeasible  172      15843.2100 14118.4389  10.9%   138  453s
  7145  5638 14684.9687   35  247 15843.2100 14119.7507  10.9%   140  461s
  7212  5733 14805.7534   56   53 15843.2100 14119.7507  10.9%   142  472s
  7307  6118 15054.1950   86   10 15843.2100 14127.4843  10.8%   144  484s
  7411  6128 15081.1475  138   35 15843.2100 14127.4843  10.8%   143  485s
  7776  6182     cutoff  202      15843.2100 14129.2038  10.8%   140  497s
  7881  6338 14601.3017   40  321 15843.2100 14130.9492  10.8%   140  506s
  8052  6422     cutoff  149      15843.2100 14136.7427  10.8%   140  519s
  8150  6571 15116.1984   51   70 15843.2100 14138.8595  10.8%   141  530s
  8327  6717 14788.0954   50  264 15843.2100 14142.0970  10.7%   141  541s
  8505  6795     cutoff  108      15843.2100 14142.2236  10.7%   141  553s
  8603  6926 14887.6772   53  363 15843.2100 14144.9847  10.7%   142  563s
* 8690  6341              99    15625.110000 14149.3117  9.45%   142  564s
  8771  6376 14365.8451   32  408 15625.1100 14149.3117  9.45%   142  574s
  8842  6555 15129.8296   72  199 15625.1100 14151.8139  9.43%   144  585s
  9079  6748     cutoff  115      15625.1100 14153.2663  9.42%   143  596s
  9282  6884 14193.0494   30  487 15625.1100 14155.1867  9.41%   143  608s
  9427  7011 15058.4979   86  187 15625.1100 14157.0952  9.40%   144  619s
  9587  7259 14704.9951   76  191 15625.1100 14157.5537  9.39%   144  630s
  9861  7457 15002.8698   62  149 15625.1100 14159.2431  9.38%   143  642s
 10088  7519 14419.1122   43  242 15625.1100 14159.9197  9.38%   142  653s
 10149  7819 14719.1981   63   77 15625.1100 14161.7070  9.37%   143  665s
 10506  7900 infeasible  117      15625.1100 14167.1302  9.33%   141  679s
*10561  5868             139    15249.390000 14167.5194  7.09%   141  679s
 10600  5956     cutoff   71      15249.3900 14167.5415  7.09%   142  691s
 10713  6022 15121.3537   69   72 15249.3900 14169.8528  7.08%   143  703s
 10798  6065 15223.7550   88   47 15249.3900 14170.3274  7.08%   143  759s
 10848  6188 14610.0125   43  153 15249.3900 14170.3746  7.08%   143  774s
 10997  6277 14433.4764   32  423 15249.3900 14170.6475  7.07%   143  786s
 11120  6439     cutoff   58      15249.3900 14174.5248  7.05%   144  799s
 11202  6440 14509.6456   48  267 15249.3900 14174.5248  7.05%   144  800s
 11316  6588 15021.0502   64   72 15249.3900 14176.2828  7.04%   144  812s
 11494  6671     cutoff  107      15249.3900 14178.3443  7.02%   144  824s
 11529  6671 15159.1223   63  241 15249.3900 14178.3443  7.02%   145  825s
H11572  6446                    15212.190000 14180.0709  6.78%   145  825s
 11610  6552 14338.8264   31  365 15212.1900 14180.7993  6.78%   145  837s
 11737  6662 14789.9146   45  250 15212.1900 14184.8391  6.75%   146  850s
 11884  6771 infeasible   91      15212.1900 14185.9639  6.75%   147  865s
 12005  6916 14793.5518   38  191 15212.1900 14188.2274  6.73%   148  882s
 12203  7015 14411.3011   26  462 15212.1900 14189.3270  6.72%   149  895s
 12399  7109 14471.8228   37  297 15212.1900 14193.4236  6.70%   149  907s
 12511  7290 14499.5911   39  335 15212.1900 14194.6909  6.69%   150  920s
 12732  7378     cutoff  135      15212.1900 14196.1227  6.68%   150  933s
 12837  7501 14423.9633   36  303 15212.1900 14198.6569  6.66%   151  945s
 12982  7607 14700.0969   42  344 15212.1900 14199.0904  6.66%   152  958s
 13106  7830 14389.1424   40  344 15212.1900 14202.7317  6.64%   152  970s
 13401  7918 infeasible  116      15212.1900 14205.0494  6.62%   151  983s
 13516  8028 14591.8189   39  373 15212.1900 14205.9944  6.61%   152  995s
 13647  8165 14643.2498   42  275 15212.1900 14208.0209  6.60%   153 1007s
 13808  8288 14608.0325   47  310 15212.1900 14208.8262  6.60%   153 1021s
 13943  8445 14997.3455   92   99 15212.1900 14209.0336  6.59%   153 1034s
 14152  8592     cutoff   70      15212.1900 14211.0685  6.58%   153 1048s
 14342  8711 infeasible   82      15212.1900 14214.6711  6.56%   153 1061s
 14465  8821 15119.4431   50  161 15212.1900 14215.6623  6.55%   154 1074s
 14604  8822 14596.7758   45  221 15212.1900 14216.2389  6.55%   154 1075s
 14624  9053 14773.5985   56   55 15212.1900 14217.5097  6.54%   154 1087s
 14874  9172 15031.1720   81  124 15212.1900 14219.1153  6.53%   154 1101s
 15028  9277 14429.2781   39  340 15212.1900 14221.1785  6.51%   154 1113s
 15161  9357 14423.6234   37  434 15212.1900 14222.7996  6.50%   155 1124s
 15208  9357 14536.1642   35  390 15212.1900 14223.1904  6.50%   156 1125s
 15256  9506 14514.2232   28  176 15212.1900 14223.4844  6.50%   156 1137s
 15424  9657 14634.4130   54  245 15212.1900 14224.8920  6.49%   156 1150s
 15602  9825 14783.4251   59  250 15212.1900 14225.4311  6.49%   157 1164s
 15745  9825 14785.8784   66  202 15212.1900 14225.8454  6.48%   157 1165s
 15786  9944 14820.5526   63  231 15212.1900 14225.8780  6.48%   157 1177s
 15933 10025 15087.9591   93   64 15212.1900 14226.0572  6.48%   158 1193s
 16039 10185 14557.1427   51   66 15212.1900 14226.7858  6.48%   158 1207s
 16291 10363 14602.2744   57   18 15212.1900 14226.8627  6.48%   158 1223s
 16547 10456 14329.1386   24  392 15212.1900 14227.1264  6.48%   157 1236s
 16647 10550 15067.6430   42  168 15212.1900 14227.4286  6.47%   158 1249s
 16770 10658 14894.0451   51   64 15212.1900 14228.5150  6.47%   159 1262s
 16908 10840 14648.5407   44  339 15212.1900 14228.8247  6.46%   159 1275s
 17114 10981 14792.9173   54  228 15212.1900 14230.3249  6.45%   159 1288s
 17285 11092 14963.4771   57  207 15212.1900 14231.9102  6.44%   159 1303s
 17425 11210 14620.6475   41  110 15212.1900 14232.4145  6.44%   159 1317s
 17590 11344 14526.2329   40  313 15212.1900 14233.0476  6.44%   160 1332s
 17753 11514     cutoff   74      15212.1900 14233.6912  6.43%   161 1347s
 17955 11645 14317.6171   27  419 15212.1900 14234.0410  6.43%   161 1361s
 18106 11904 14497.4399   28  184 15212.1900 14234.5846  6.43%   161 1377s
 18409 12045     cutoff   81      15212.1900 14235.6199  6.42%   160 1391s
 18582 12165 14831.2014   50   94 15212.1900 14236.7650  6.41%   161 1404s
 18644 12165 14980.2988   66  108 15212.1900 14236.7650  6.41%   161 1405s
 18740 12284 14352.2818   35  331 15212.1900 14238.3302  6.40%   161 1418s
 18876 12446 14729.0921   28  348 15212.1900 14239.7490  6.39%   161 1432s
 19062 12558 14544.6285   43  315 15212.1900 14240.0795  6.39%   161 1446s
 19188 12695 14877.3474   76   67 15212.1900 14240.5347  6.39%   162 1460s
 19441 12825 15189.0500  131    - 15212.1900 14241.3457  6.38%   162 1474s
H19465 12043                    15141.550000 14241.3457  5.95%   162 1475s
 19585 12134     cutoff  131      15141.5500 14242.6056  5.94%   162 1488s
 19709 12198 14623.1556   29  337 15141.5500 14242.9591  5.93%   163 1502s
 19822 12391 15012.8163   39  359 15141.5500 14243.1578  5.93%   163 1516s
 20064 12493 14486.1687   38  333 15141.5500 14243.4072  5.93%   163 1530s
 20190 12586 14489.5794   30  411 15141.5500 14243.5534  5.93%   164 1544s
 20304 12715 14793.1708   56  303 15141.5500 14243.6077  5.93%   164 1558s
 20472 12836 14762.9226   60  148 15141.5500 14244.1920  5.93%   164 1572s
 20640 12900 14596.2442   47  256 15141.5500 14244.3897  5.93%   164 1587s
 20725 13071 14354.5639   38  318 15141.5500 14244.4809  5.92%   165 1602s
 20965 13204     cutoff   99      15141.5500 14245.0314  5.92%   165 1617s
 21140 13296 15025.0402  104   15 15141.5500 14245.9244  5.92%   165 1632s
*21157 12741             121    15105.370000 14245.9244  5.69%   165 1632s
 21248 12904 14698.7273   50   52 15105.3700 14246.4831  5.69%   166 1647s
 21451 13020     cutoff  102      15105.3700 14247.0779  5.68%   166 1662s
 21597 13119     cutoff   61      15105.3700 14247.7654  5.68%   166 1675s
H21649 12183                    15052.670000 14248.2232  5.34%   166 1676s
 21726 12269 14487.6601   28  427 15052.6700 14248.4737  5.34%   167 1689s
 21769 12269 infeasible   71      15052.6700 14248.4737  5.34%   167 1690s
 21837 12339 14674.1184   47  341 15052.6700 14248.5940  5.34%   167 1704s
 21929 12509 14477.7346   37  326 15052.6700 14249.0921  5.34%   168 1718s
 22125 12613 14889.3574   45  249 15052.6700 14249.4401  5.34%   168 1736s
 22253 12714 15021.0656   49  227 15052.6700 14250.4273  5.33%   168 1750s
H22402 10858                    14960.180000 14251.0609  4.74%   168 1763s
 22574 10967     cutoff   61      14960.1800 14251.4887  4.74%   169 1778s
 22752 11053 14500.9327   35  296 14960.1800 14253.0614  4.73%   169 1794s
 22860 11098 14942.7191   43  359 14960.1800 14255.3594  4.71%   170 1808s
 22933 11158 14515.3362   37  418 14960.1800 14255.6315  4.71%   170 1821s
 23001 11263 14510.0329   46  285 14960.1800 14255.8093  4.71%   171 1835s
 23120 11364 14816.7091   42  336 14960.1800 14255.8470  4.71%   172 1850s
 23338 11448 14690.0567   23  392 14960.1800 14256.0883  4.71%   172 1867s
 23448 11559 14454.3740   40  328 14960.1800 14257.2735  4.70%   172 1880s
 23595 11625 14695.8101   53  419 14960.1800 14257.7679  4.70%   173 1894s
 23637 11625 14949.7432   36  265 14960.1800 14258.3240  4.69%   173 1895s
 23697 11744     cutoff   44      14960.1800 14258.9872  4.69%   173 1909s
 23867 11864 14701.4365   58  236 14960.1800 14259.7822  4.68%   173 1924s
 24015 11963 14767.9394   61  154 14960.1800 14260.3902  4.68%   174 1940s
 24170 12063 14749.5266   43   61 14960.1800 14261.2370  4.67%   174 1955s
 24332 12149     cutoff   76      14960.1800 14262.3678  4.66%   174 1970s
 24452 12231 14526.2618   32  423 14960.1800 14262.9149  4.66%   175 1984s
 24513 12231     cutoff   74      14960.1800 14263.0695  4.66%   175 1985s
 24561 12290 14895.6836   53   98 14960.1800 14264.2096  4.65%   175 1998s
 24657 12360 14504.0071   37  274 14960.1800 14264.9066  4.65%   176 2013s
 24759 12471 14927.5158   49  188 14960.1800 14264.9829  4.65%   176 2028s
 24888 12519 14799.3900   55    - 14960.1800 14265.2077  4.65%   177 2045s
 25017 12617     cutoff   67      14960.1800 14266.4381  4.64%   177 2059s
 25158 12719 14921.1911   31  298 14960.1800 14267.8161  4.63%   177 2074s
 25267 12719 14713.3747   49  272 14960.1800 14269.6055  4.62%   178 2075s
 25296 12829 14633.5941   51  198 14960.1800 14269.7885  4.61%   178 2088s
 25446 12925 14471.2787   42  371 14960.1800 14270.5198  4.61%   178 2103s
 25595 12989 14696.0653   46  479 14960.1800 14271.5626  4.60%   178 2117s
 25667 13060 14885.1129   47  336 14960.1800 14272.4324  4.60%   179 2131s
 25792 13222 14514.7615   31  385 14960.1800 14273.1019  4.59%   179 2147s
 25992 13373 14551.1719   52   55 14960.1800 14273.5349  4.59%   180 2163s
 26193 13461 14938.3685   82   47 14960.1800 14274.5980  4.58%   180 2179s
 26313 13461 14946.0978   76  141 14960.1800 14274.9069  4.58%   180 2180s
H26328 12773                    14925.780000 14274.9069  4.36%   180 2194s
 26355 12773 14531.6867   43  324 14925.7800 14274.9069  4.36%   180 2195s
 26398 12822 14824.3870   38  325 14925.7800 14275.5685  4.36%   180 2208s
 26481 12922 14638.1983   33  144 14925.7800 14276.2447  4.35%   181 2224s
 26651 13031 14901.9100   70    - 14925.7800 14276.6254  4.35%   181 2239s
 26792 13092 infeasible   70      14925.7800 14277.0008  4.35%   182 2254s
 26886 13187 14871.0184   35  297 14925.7800 14277.4020  4.34%   183 2269s
 27023 13264     cutoff   74      14925.7800 14277.7442  4.34%   183 2284s
 27144 13370 14773.8902   44  276 14925.7800 14278.1690  4.34%   183 2301s
 27272 13470 14745.4652   46  199 14925.7800 14278.6730  4.34%   184 2318s
 27435 13605 14541.1998   48  169 14925.7800 14279.2576  4.33%   184 2335s
 27654 13685 infeasible   94      14925.7800 14279.7656  4.33%   184 2350s
 27762 13771     cutoff   46      14925.7800 14279.9944  4.33%   185 2366s
 27885 13816 14721.9446   40  265 14925.7800 14280.6240  4.32%   185 2381s
 27987 13885 14744.0886   39  287 14925.7800 14281.3277  4.32%   186 2395s
 28096 13993 14483.8358   30  456 14925.7800 14282.6637  4.31%   186 2410s
 28219 14125 14674.6080   56  278 14925.7800 14282.7261  4.31%   187 2425s
 28399 14234 14460.2149   34  328 14925.7800 14283.2467  4.30%   187 2442s
 28543 14320     cutoff   36      14925.7800 14283.6379  4.30%   187 2458s
 28681 14388 14341.4755   32  495 14925.7800 14283.9549  4.30%   188 2474s
 28789 14489 14633.3511   26  372 14925.7800 14284.3852  4.30%   188 2490s
 28916 14567 14694.1347   49  243 14925.7800 14284.6673  4.30%   189 2507s
H29065  7495                    14679.880000 14284.7453  2.69%   189 2523s
 29208  7507     cutoff   59      14679.8800 14285.2689  2.69%   190 2540s
 29343  7557 14444.7538   45  339 14679.8800 14285.7245  2.69%   190 2555s
 29428  7620 14563.2118   40  378 14679.8800 14286.8427  2.68%   191 2571s
 29541  7666 14498.0729   28  454 14679.8800 14287.8811  2.67%   191 2587s
 29635  7697     cutoff   44      14679.8800 14288.4883  2.67%   192 2603s
 29720  7737 14662.2363   33  366 14679.8800 14289.7995  2.66%   192 2618s
 29808  7793 14445.3503   35  392 14679.8800 14290.2530  2.65%   193 2634s
 29902  7848 14663.6855   43  190 14679.8800 14290.4938  2.65%   194 2649s
 30023  7935 14566.7401   40  532 14679.8800 14292.2988  2.64%   194 2665s
 30153  8013 14601.3493   44  403 14679.8800 14292.7856  2.64%   194 2681s
 30295  8066 14530.2656   48  291 14679.8800 14293.2639  2.63%   195 2697s
 30409  8125 14558.5296   44  229 14679.8800 14293.6345  2.63%   195 2712s
H30453  5854                    14604.140000 14293.6345  2.13%   196 2712s
 30525  5888 14470.9167   30  501 14604.1400 14294.7498  2.12%   196 2728s
 30628  5921 14448.1707   33  362 14604.1400 14295.1556  2.12%   196 2745s
 30685  5967     cutoff   37      14604.1400 14295.2777  2.11%   197 2761s
 30794  6019 14384.8856   31  480 14604.1400 14296.0210  2.11%   197 2777s
 30910  6052 14416.7948   34  329 14604.1400 14296.8082  2.10%   198 2792s
 31045  6094 14529.9603   28  410 14604.1400 14297.7816  2.10%   198 2807s
 31151  6123 14504.2925   40  374 14604.1400 14299.0824  2.09%   198 2822s
 31259  6165 14512.6077   40  437 14604.1400 14300.4358  2.08%   199 2838s
 31373  6211 14596.1926   26  297 14604.1400 14301.3621  2.07%   200 2854s
 31441  6211 14432.5065   24  485 14604.1400 14301.4625  2.07%   200 2855s
 31494  6262 14541.6289   49  245 14604.1400 14301.5422  2.07%   200 2871s
 31643  6314 14441.6394   38  333 14604.1400 14302.3011  2.07%   200 2886s
 31751  6341 infeasible   55      14604.1400 14303.1086  2.06%   201 2902s
 31848  6382 14562.3223   45  411 14604.1400 14303.9264  2.06%   201 2918s
 31940  6422     cutoff   36      14604.1400 14304.5205  2.05%   202 2934s
 32047  6476 14392.6210   27  439 14604.1400 14305.9289  2.04%   203 2950s
 32171  6518 14432.9737   28  422 14604.1400 14306.3880  2.04%   203 2968s
 32291  6561 14533.2855   42  409 14604.1400 14307.0028  2.03%   203 2984s
 32412  6587 14569.2948   42  296 14604.1400 14307.6225  2.03%   204 2999s
 32469  6587 14544.6226   34  354 14604.1400 14309.0064  2.02%   204 3000s
 32526  6631     cutoff   41      14604.1400 14309.1405  2.02%   204 3016s
 32642  6674 14567.7271   48  169 14604.1400 14309.5816  2.02%   205 3032s
 32758  6712 14400.4948   38  376 14604.1400 14310.3521  2.01%   205 3050s
 32866  6760     cutoff   40      14604.1400 14311.1724  2.01%   206 3066s
 33005  6803 14438.0113   25  389 14604.1400 14314.0665  1.99%   206 3083s
 33116  6845 14462.5559   27  329 14604.1400 14316.0211  1.97%   207 3100s
 33263  6876     cutoff   40      14604.1400 14316.4642  1.97%   207 3118s
 33370  6927     cutoff   50      14604.1400 14317.0668  1.97%   208 3137s
 33495  6957     cutoff   39      14604.1400 14317.6332  1.96%   208 3154s
 33617  7010 14426.6994   34  342 14604.1400 14317.9337  1.96%   208 3170s
 33744  7064 14494.7284   33  357 14604.1400 14319.5218  1.95%   209 3187s
 33872  7083 14576.7958   34  220 14604.1400 14320.4694  1.94%   209 3204s
 33973  7128 14334.3597   26  384 14604.1400 14321.2762  1.94%   210 3221s
H34098  6427                    14579.500000 14321.7802  1.77%   210 3238s
 34229  6455     cutoff   43      14579.5000 14322.9878  1.76%   210 3256s
 34352  6510 14562.3272   25  352 14579.5000 14323.6452  1.75%   211 3273s
 34499  6545 14456.0129   40  355 14579.5000 14324.3392  1.75%   211 3290s
 34628  6560 14528.0924   37  333 14579.5000 14324.7494  1.75%   212 3306s
 34733  6595 14413.9930   37  416 14579.5000 14325.1170  1.74%   213 3323s
 34844  6647     cutoff   40      14579.5000 14326.0743  1.74%   213 3341s
 34971  6683 14574.5195   27  396 14579.5000 14327.2900  1.73%   213 3358s
 35091  6721 14491.5438   34  286 14579.5000 14328.1982  1.72%   214 3379s
 35215  6750     cutoff   27      14579.5000 14328.8751  1.72%   214 3397s
 35346  6785     cutoff   41      14579.5000 14329.4822  1.71%   215 3414s
 35408  6785     cutoff   35      14579.5000 14329.6972  1.71%   215 3416s
 35467  6821 14549.9858   45  291 14579.5000 14329.8590  1.71%   215 3433s
 35585  6876 14520.1996   40  291 14579.5000 14330.2526  1.71%   216 3450s
 35756  6893     cutoff   46      14579.5000 14331.0906  1.70%   216 3467s
 35867  6942 14460.5203   37  374 14579.5000 14332.5451  1.69%   216 3486s
 35997  6986 14509.6752   30  268 14579.5000 14333.1469  1.69%   217 3503s
 36115  7012 14541.8247   34  246 14579.5000 14334.0839  1.68%   217 3521s
 36237  7046     cutoff   39      14579.5000 14335.0345  1.68%   218 3539s
 36302  7046     cutoff   36      14579.5000 14335.5100  1.67%   218 3540s
 36369  7067 14530.2680   36  392 14579.5000 14335.5523  1.67%   218 3560s
 36481  7112 14535.9773   33  318 14579.5000 14336.1444  1.67%   219 3577s
 36624  7153     cutoff   39      14579.5000 14337.3538  1.66%   219 3596s
 36804  7160 14435.8051   38  428 14579.5000 14337.6423  1.66%   219 3600s

Cutting planes:
  User: 3405
  Gomory: 22
  Cover: 366
  Implied bound: 171
  Projected implied bound: 2
  Clique: 63
  MIR: 141
  StrongCG: 4
  Flow cover: 298
  GUB cover: 1
  Zero half: 44
  Network: 10
  RLT: 267
  Relax-and-lift: 8
  Lazy constraints: 3550

Explored 36827 nodes (8078263 simplex iterations) in 3600.14 seconds
Thread count was 2 (of 32 available processors)

Solution count 10: 14579.5 14604.1 14679.9 ... 15249.4

Time limit reached
Best objective 1.457950000000e+04, best bound 1.433764234247e+04, gap 1.6589%

User-callback calls 283897, time in user-callback 205.06 sec
================================================================================
executing instance: ./input/Instances/Original/2/absH3high_4n10.dat
--------------------------------------------------------------------------------
Instance details
n	11
H	3
C	822
Li:
[0, 0, 0, 0, 0, 0, 0, 0, 0, 0, 0, ]
Ui:
[0, 102, 52, 88, 182, 153, 138, 38, 165, 297, 86, ]
Distance matrix:
|0	285	411	382	327	239	148	256	307	36	383	|
|285	0	352	98	249	103	227	235	120	268	209	|
|411	352	0	395	106	430	263	549	234	429	174	|
|382	98	395	0	302	173	320	288	168	364	227	|
|327	249	106	302	0	324	179	444	135	339	109	|
|239	103	430	173	324	0	241	132	212	212	305	|
|148	227	263	320	179	241	0	325	192	165	249	|
|256	235	549	288	444	132	325	0	342	220	436	|
|307	120	234	168	135	212	192	342	0	304	94	|
|36	268	429	364	339	212	165	220	304	0	386	|
|383	209	174	227	109	305	249	436	94	386	0	|

--------------------------------------------------------------------------------
Building model...
	using lazy and cut (CVRPSEP package)
Solving IRP LP...
--------------------------------------------------------------------------------

Gurobi 9.1.0 (linux64) logging started Sun Feb  7 05:06:22 2021

Gurobi Optimizer version 9.1.0 build v9.1.0rc0 (linux64)
Thread count: 32 physical cores, 32 logical processors, using up to 2 threads
Optimize a model with 347 rows, 728 columns and 2156 nonzeros
Model fingerprint: 0xcd6232f8
Variable types: 134 continuous, 594 integer (99 binary)
Coefficient statistics:
  Matrix range     [1e+00, 3e+02]
  Objective range  [2e-01, 5e+02]
  Bounds range     [1e+00, 3e+02]
  RHS range        [1e+00, 1e+03]
Presolve removed 117 rows and 116 columns
Presolve time: 0.03s
Presolved: 230 rows, 612 columns, 1624 nonzeros
Variable types: 74 continuous, 538 integer (450 binary)
Found heuristic solution: objective 8786.1200000

Root relaxation: objective 3.930717e+03, 367 iterations, 0.01 seconds

    Nodes    |    Current Node    |     Objective Bounds      |     Work
 Expl Unexpl |  Obj  Depth IntInf | Incumbent    BestBd   Gap | It/Node Time

     0     0 3930.71742    0   60 8786.12000 3930.71742  55.3%     -    0s
     0     0 4225.19826    0   55 8786.12000 4225.19826  51.9%     -    0s
H    0     0                    6066.8800000 4225.19826  30.4%     -    0s
     0     0 4272.67124    0   62 6066.88000 4272.67124  29.6%     -    0s
H    0     0                    6022.8800000 4272.67124  29.1%     -    0s
     0     0 4272.93084    0   66 6022.88000 4272.93084  29.1%     -    0s
     0     0 4330.53010    0   60 6022.88000 4330.53010  28.1%     -    0s
     0     0 4337.90098    0   61 6022.88000 4337.90098  28.0%     -    0s
     0     0 4337.90098    0   64 6022.88000 4337.90098  28.0%     -    0s
     0     0 4375.13210    0  112 6022.88000 4375.13210  27.4%     -    0s
H    0     0                    5868.2100000 4375.13210  25.4%     -    0s
     0     0 4380.51275    0   84 5868.21000 4380.51275  25.4%     -    0s
     0     0 4380.51275    0   85 5868.21000 4380.51275  25.4%     -    0s
     0     0 4387.98689    0   58 5868.21000 4387.98689  25.2%     -    0s
     0     0 4388.23397    0   82 5868.21000 4388.23397  25.2%     -    0s
