




arguments: ./build/bc_mirp -f ./input/orig_exec_208.cfg
Current dir: /scratch/gui/bc_mirp
File verbosity level: 9
date       time         ( uptime  ) [ thread name/id ]                   file:line     v| 
2021-02-14 07:53:32.208 (   0.198s) [main thread     ]             loguru.cpp:789   INFO| Logging to './output/vi_vc+hc1_quarter/OU/V3/Original/execution_14_02_2021_07_53_32.log', mode: 'a', verbosity: 9
--------------------------------------------------------------------------------
Parameters
                           instance_path           ./input/Instances/Original/5/
                            model_policy                                       1
                             nb_vehicles                                       3
                              output_dir./output/vi_vc+hc1_quarter/OU/V3/Original/
                            sec_strategy                                       1
                       solver_nb_threads                                       2
                         solver_show_log                                    true
                       solver_time_limit                                    3600
                              use_vi_cos                                   false
                              use_vi_cus                                   false
                         use_vi_hc1_full                                   false
                         use_vi_hc1_half                                   false
                      use_vi_hc1_quarter                                    true
                              use_vi_hc2                                   false
                              use_vi_hc3                                   false
                         use_vi_lex_full                                   false
                         use_vi_lex_half                                   false
                      use_vi_lex_quarter                                   false
                              use_vi_qua                                   false
                               use_vi_vc                                    true
                               use_vi_vr                                   false
--------------------------------------------------------------------------------
executing instance: ./input/Instances/Original/5/absH3low_4n50.dat
--------------------------------------------------------------------------------
Instance details
n	51
H	3
C	4066
Li:
[0, 0, 0, 0, 0, 0, 0, 0, 0, 0, 0, 0, 0, 0, 0, 0, 0, 0, 0, 0, 0, 0, 0, 0, 0, 0, 0, 0, 0, 0, 0, 0, 0, 0, 0, 0, 0, 0, 0, 0, 0, 0, 0, 0, 0, 0, 0, 0, 0, 0, 0, ]
Ui:
[0, 108, 126, 122, 66, 120, 48, 30, 128, 54, 158, 198, 36, 66, 210, 234, 147, 297, 171, 128, 116, 120, 219, 70, 294, 207, 134, 128, 234, 122, 22, 183, 195, 255, 132, 124, 66, 189, 219, 66, 128, 102, 288, 66, 87, 136, 36, 39, 282, 36, 237, ]
Distance matrix:
|0	210	444	498	509	104	438	228	487	304	456	434	526	476	163	47	293	396	293	290	313	85	280	437	293	336	409	106	449	376	433	478	193	404	404	534	278	181	380	507	189	438	263	473	353	216	202	218	452	254	465	|
|210	0	299	507	359	106	345	409	358	411	320	402	555	448	136	200	289	264	306	427	141	222	83	348	264	320	283	303	380	208	258	357	170	348	475	542	243	347	355	379	65	479	172	373	355	251	112	229	402	210	300	|
|444	299	0	363	65	358	116	542	66	440	26	241	425	272	282	407	251	51	276	490	159	397	224	124	217	237	48	490	170	99	83	74	261	180	430	385	214	479	231	85	270	390	184	116	271	300	409	276	210	215	54	|
|498	507	363	0	385	482	246	424	326	254	343	123	63	93	388	452	221	337	211	314	428	414	480	239	243	187	324	463	194	418	438	307	346	188	156	36	264	392	156	326	444	87	340	258	154	286	603	294	153	297	417	|
|509	359	65	385	0	422	145	602	59	492	59	269	448	292	348	472	305	115	329	545	218	462	281	152	274	286	106	554	192	153	116	78	326	216	472	403	274	540	271	63	334	425	249	127	316	361	468	337	233	278	69	|
|104	106	358	482	422	0	372	309	408	337	374	396	521	441	98	96	262	314	271	342	215	124	177	373	249	302	329	198	394	281	337	402	139	353	419	518	230	250	343	428	90	437	188	405	328	200	134	188	406	199	372	|
|438	345	116	246	145	372	0	485	87	357	97	126	309	155	279	394	180	101	200	414	223	373	288	8	157	150	84	459	53	188	196	68	245	72	328	269	165	427	128	97	297	280	184	36	175	250	456	233	94	184	170	|
|228	409	542	424	602	309	485	0	561	170	544	419	424	446	298	214	305	491	286	115	462	187	457	480	331	339	496	124	470	510	565	545	295	424	279	454	329	66	376	576	363	340	370	520	330	242	429	266	453	328	581	|
|487	358	66	326	59	408	87	561	0	441	40	211	389	233	324	446	258	95	281	497	220	431	287	95	230	234	79	522	133	164	146	19	297	160	415	344	233	500	215	21	323	367	224	68	261	320	470	299	174	242	106	|
|304	411	440	254	492	337	357	170	441	0	434	266	255	286	275	266	189	392	164	63	408	225	428	351	224	207	392	234	330	438	484	424	250	287	112	284	232	149	233	453	349	170	302	389	185	168	471	195	305	248	487	|
|456	320	26	343	59	374	97	544	40	434	0	223	406	252	294	418	247	60	271	487	181	405	247	105	215	229	49	498	149	124	109	48	270	165	419	364	215	482	218	60	288	375	194	92	261	302	431	279	190	220	75	|
|434	402	241	123	269	396	126	419	211	266	223	0	185	46	298	387	140	213	145	328	310	355	366	118	147	97	201	425	78	295	315	191	256	65	211	151	166	371	53	215	343	157	231	145	90	220	505	217	41	198	295	|
|526	555	425	63	448	521	309	424	389	255	406	185	0	156	430	481	266	398	252	310	485	442	534	301	293	237	386	480	257	478	500	370	390	249	145	55	313	401	212	389	491	89	392	321	201	322	646	334	216	345	479	|
|476	448	272	93	292	441	155	446	233	286	252	46	156	0	343	429	183	250	184	348	353	396	411	148	192	140	236	461	102	334	350	214	302	106	214	113	212	402	98	233	389	151	277	165	125	261	551	260	62	244	325	|
|163	136	282	388	348	98	279	298	324	275	294	298	430	343	0	124	167	234	178	296	167	121	162	279	151	205	247	216	297	224	280	316	42	256	340	423	132	232	246	344	74	349	100	314	233	115	216	97	308	101	307	|
|47	200	407	452	472	96	394	214	446	266	418	387	481	429	124	0	246	358	245	259	284	41	261	392	247	289	370	103	403	345	402	436	150	358	361	488	232	158	333	466	165	393	223	430	306	168	217	171	406	210	431	|
|293	289	251	221	305	262	180	305	258	189	247	140	266	183	167	246	0	204	26	240	238	215	276	175	37	43	203	289	169	255	297	242	125	122	202	257	52	248	87	272	225	191	134	215	67	80	382	77	163	81	298	|
|396	264	51	337	115	314	101	491	95	392	60	213	398	250	234	358	204	0	229	442	130	347	196	108	169	194	19	440	152	87	102	93	211	149	390	363	165	428	194	116	228	355	134	117	230	250	376	225	189	164	95	|
|293	306	276	211	329	271	200	286	281	164	271	145	252	184	178	245	26	229	0	216	262	212	297	195	63	53	228	280	184	280	323	264	138	137	178	248	76	232	95	294	241	173	156	234	60	77	395	83	172	102	324	|
|290	427	490	314	545	342	414	115	497	63	487	328	310	348	296	259	240	442	216	0	443	220	456	408	273	264	443	204	390	479	529	480	278	346	165	343	278	115	293	509	369	229	340	447	244	202	473	230	366	288	536	|
|313	141	159	428	218	215	223	462	220	408	181	310	485	353	167	284	238	130	262	443	0	288	67	228	202	252	149	382	267	67	122	221	168	247	440	459	186	396	273	241	125	423	107	245	291	242	251	214	297	162	160	|
|85	222	397	414	462	124	373	187	431	225	405	355	442	396	121	41	215	347	212	220	288	0	273	371	221	258	357	95	378	344	401	420	136	331	321	450	208	126	302	450	177	353	213	409	272	136	253	143	377	190	426	|
|280	83	224	480	281	177	288	457	287	428	247	366	534	411	162	261	276	196	297	456	67	273	0	292	243	298	215	363	329	128	176	288	179	305	475	513	224	392	324	307	96	466	143	311	335	261	187	235	357	195	219	|
|437	348	124	239	152	373	8	480	95	351	105	118	301	148	279	392	175	108	195	408	228	371	292	0	154	144	91	456	46	194	203	76	244	65	320	261	163	423	121	103	299	273	185	40	168	247	459	230	86	183	178	|
|293	264	217	243	274	249	157	331	230	224	215	147	293	192	151	247	37	169	63	273	202	221	243	154	0	57	170	303	157	217	260	215	110	111	238	278	21	271	94	245	201	223	100	193	92	93	362	78	160	54	263	|
|336	320	237	187	286	302	150	339	234	207	229	97	237	140	205	289	43	194	53	264	252	258	298	144	57	0	190	331	131	257	294	216	163	84	197	221	77	285	44	246	258	172	155	183	39	123	418	119	120	110	288	|
|409	283	48	324	106	329	84	496	79	392	49	201	386	236	247	370	203	19	228	443	149	357	215	91	170	190	0	449	136	105	114	75	221	138	384	349	168	434	185	99	245	346	146	98	224	255	394	231	174	171	99	|
|106	303	490	463	554	198	459	124	522	234	498	425	480	461	216	103	289	440	280	204	382	95	363	456	303	331	449	0	458	439	496	510	229	410	344	498	293	89	374	540	267	391	307	495	336	211	308	226	451	280	520	|
|449	380	170	194	192	394	53	470	133	330	149	78	257	102	297	403	169	152	184	390	267	378	329	46	157	131	136	458	0	238	249	114	259	47	287	216	171	416	96	137	327	235	211	67	145	247	488	235	41	197	223	|
|376	208	99	418	153	281	188	510	164	438	124	295	478	334	224	345	255	87	280	479	67	344	128	194	217	257	105	439	238	0	57	169	216	230	453	445	206	445	268	184	191	427	141	202	296	278	315	250	274	191	92	|
|433	258	83	438	116	337	196	565	146	484	109	315	500	350	280	402	297	102	323	529	122	401	176	203	260	294	114	496	249	57	0	157	271	252	490	463	251	499	296	162	247	457	195	199	331	329	362	302	288	241	47	|
|478	357	74	307	78	402	68	545	19	424	48	191	370	214	316	436	242	93	264	480	221	420	288	76	215	216	75	510	114	169	157	0	287	141	396	325	219	485	196	31	319	347	216	49	243	306	469	286	154	230	120	|
|193	170	261	346	326	139	245	295	297	250	270	256	390	302	42	150	125	211	138	278	168	136	179	244	110	163	221	229	259	216	271	287	0	216	305	382	91	229	204	316	105	310	78	280	192	83	257	60	268	62	292	|
|404	348	180	188	216	353	72	424	160	287	165	65	249	106	256	358	122	149	137	346	247	331	305	65	111	84	138	410	47	230	252	141	216	0	255	215	126	369	56	168	292	210	177	102	103	200	454	189	54	155	234	|
|404	475	430	156	472	419	328	279	415	112	419	211	145	214	340	361	202	390	178	165	440	321	475	320	238	197	384	344	287	453	490	396	305	255	0	181	254	261	201	422	410	69	335	353	160	225	551	246	252	280	482	|
|534	542	385	36	403	518	269	454	344	284	364	151	55	113	423	488	257	363	248	343	459	450	513	261	278	221	349	498	216	445	463	325	382	215	181	0	298	425	189	342	479	115	373	276	190	323	638	330	175	332	439	|
|278	243	214	264	274	230	165	329	233	232	215	166	313	212	132	232	52	165	76	278	186	208	224	163	21	77	168	293	171	206	251	219	91	126	254	298	0	267	114	250	181	242	82	202	112	88	341	68	177	33	258	|
|181	347	479	392	540	250	427	66	500	149	482	371	401	402	232	158	248	428	232	115	396	126	392	423	271	285	434	89	416	445	499	485	229	369	261	425	267	0	325	516	298	313	305	463	281	180	375	203	403	264	516	|
|380	355	231	156	271	343	128	376	215	233	218	53	212	98	246	333	87	194	95	293	273	302	324	121	94	44	185	374	96	268	296	196	204	56	201	189	114	325	0	224	294	161	185	157	49	167	455	163	78	147	284	|
|507	379	85	326	63	428	97	576	21	453	60	215	389	233	344	466	272	116	294	509	241	450	307	103	245	246	99	540	137	184	162	31	316	168	422	342	250	516	224	0	344	371	244	70	271	337	490	317	176	261	120	|
|189	65	270	444	334	90	297	363	323	349	288	343	491	389	74	165	225	228	241	369	125	177	96	299	201	258	245	267	327	191	247	319	105	292	410	479	181	298	294	344	0	414	116	328	291	187	163	165	345	147	282	|
|438	479	390	87	425	437	280	340	367	170	375	157	89	151	349	393	191	355	173	229	423	353	466	273	223	172	346	391	235	427	457	347	310	210	69	115	242	313	161	371	414	0	323	301	133	238	565	253	197	273	444	|
|263	172	184	340	249	188	184	370	224	302	194	231	392	277	100	223	134	134	156	340	107	213	143	185	100	155	146	307	211	141	195	216	78	177	335	373	82	305	185	244	116	323	0	217	192	138	278	110	230	55	214	|
|473	373	116	258	127	405	36	520	68	389	92	145	321	165	314	430	215	117	234	447	245	409	311	40	193	183	98	495	67	202	199	49	280	102	353	276	202	463	157	70	328	301	217	0	205	286	485	269	106	220	167	|
|353	355	271	154	316	328	175	330	261	185	261	90	201	125	233	306	67	230	60	244	291	272	335	168	92	39	224	336	145	296	331	243	192	103	160	190	112	281	49	271	291	133	192	205	0	138	449	141	123	145	323	|
|216	251	300	286	361	200	250	242	320	168	302	220	322	261	115	168	80	250	77	202	242	136	261	247	93	123	255	211	247	278	329	306	83	200	225	323	88	180	167	337	187	238	138	286	138	0	328	28	243	88	340	|
|202	112	409	603	468	134	456	429	470	471	431	505	646	551	216	217	382	376	395	473	251	253	187	459	362	418	394	308	488	315	362	469	257	454	551	638	341	375	455	490	163	565	278	485	449	328	0	313	508	308	406	|
|218	229	276	294	337	188	233	266	299	195	279	217	334	260	97	171	77	225	83	230	214	143	235	230	78	119	231	226	235	250	302	286	60	189	246	330	68	203	163	317	165	253	110	269	141	28	313	0	235	61	315	|
|452	402	210	153	233	406	94	453	174	305	190	41	216	62	308	406	163	189	172	366	297	377	357	86	160	120	174	451	41	274	288	154	268	54	252	175	177	403	78	176	345	197	230	106	123	243	508	235	0	207	264	|
|254	210	215	297	278	199	184	328	242	248	220	198	345	244	101	210	81	164	102	288	162	190	195	183	54	110	171	280	197	191	241	230	62	155	280	332	33	264	147	261	147	273	55	220	145	88	308	61	207	0	253	|
|465	300	54	417	69	372	170	581	106	487	75	295	479	325	307	431	298	95	324	536	160	426	219	178	263	288	99	520	223	92	47	120	292	234	482	439	258	516	284	120	282	444	214	167	323	340	406	315	264	253	0	|

--------------------------------------------------------------------------------
Building model...
	using lazy and cut (CVRPSEP package)
Solving IRP LP...
--------------------------------------------------------------------------------

Gurobi 9.1.0 (linux64) logging started Sun Feb 14 07:53:32 2021

Gurobi Optimizer version 9.1.0 build v9.1.0rc0 (linux64)
Thread count: 32 physical cores, 32 logical processors, using up to 2 threads
Optimize a model with 1647 rows, 12588 columns and 28986 nonzeros
Model fingerprint: 0xb0cba3f9
Variable types: 654 continuous, 11934 integer (459 binary)
Coefficient statistics:
  Matrix range     [1e+00, 1e+03]
  Objective range  [1e-02, 6e+02]
  Bounds range     [1e+00, 3e+02]
  RHS range        [1e+00, 7e+03]
Presolve removed 479 rows and 666 columns
Presolve time: 0.12s
Presolved: 1168 rows, 11922 columns, 26032 nonzeros
Variable types: 395 continuous, 11527 integer (11060 binary)

Root relaxation: objective 3.386180e+03, 1345 iterations, 0.04 seconds

    Nodes    |    Current Node    |     Objective Bounds      |     Work
 Expl Unexpl |  Obj  Depth IntInf | Incumbent    BestBd   Gap | It/Node Time

     0     0 3386.17966    0  158          - 3386.17966      -     -    0s
     0     0 3656.16640    0  124          - 3656.16640      -     -    0s
     0     0 3656.33287    0  133          - 3656.33287      -     -    0s
     0     0 4283.17047    0  255          - 4283.17047      -     -    0s
     0     0 4372.64586    0  273          - 4372.64586      -     -    1s
     0     0 4375.65974    0  311          - 4375.65974      -     -    1s
     0     0 4375.65974    0  309          - 4375.65974      -     -    1s
     0     0 4519.83433    0  296          - 4519.83433      -     -    1s
     0     0 4535.88604    0  315          - 4535.88604      -     -    1s
     0     0 4545.62385    0  320          - 4545.62385      -     -    1s
     0     0 4550.62703    0  320          - 4550.62703      -     -    1s
     0     0 4552.71583    0  331          - 4552.71583      -     -    1s
     0     0 4552.77903    0  339          - 4552.77903      -     -    1s
     0     0 4595.81482    0  356          - 4595.81482      -     -    2s
     0     0 4616.18799    0  382          - 4616.18799      -     -    2s
     0     0 4621.79452    0  438          - 4621.79452      -     -    2s
     0     0 4625.31610    0  405          - 4625.31610      -     -    2s
     0     0 4631.71815    0  408          - 4631.71815      -     -    2s
     0     0 4635.12325    0  404          - 4635.12325      -     -    2s
     0     0 4635.99263    0  394          - 4635.99263      -     -    2s
     0     0 4661.52565    0  385          - 4661.52565      -     -    2s
     0     0 4670.41845    0  448          - 4670.41845      -     -    3s
     0     0 4673.69433    0  443          - 4673.69433      -     -    3s
     0     0 4674.24754    0  467          - 4674.24754      -     -    3s
     0     0 4680.57951    0  366          - 4680.57951      -     -    3s
     0     0 4680.57951    0  366          - 4680.57951      -     -    4s
     0     2 4680.57951    0  366          - 4680.57951      -     -    5s
   128   132 5065.11570   50  125          - 4685.48210      -   154   10s
   554   576 7697.96000  218    7          - 4699.19277      -  70.4   15s
   722   692 6596.54333  157  366          - 4699.19277      -  73.0   20s
   735   701 5816.70697   72  534          - 4721.14049      -  71.7   25s
   747   709 6345.26870  133  581          - 4751.33567      -  70.5   31s
   753   713 7773.09000  224  521          - 4757.41164      -  70.0   35s
   765   721 5939.02569  109  535          - 4762.09515      -  68.9   40s
   773   726 5379.39078   49  543          - 4762.55514      -  68.2   45s
   785   737 4804.19623   18  417          - 4780.31678      -  89.0   50s
   810   754 4909.07863   24  370          - 4780.31678      -   106   55s
   850   783 5095.44283   33  358          - 4780.31678      -   124   60s
   894   814 5205.32844   41  372          - 4780.31678      -   138   65s
   944   853 5177.76386   51  245          - 4780.31678      -   150   70s
  1001   891 5368.02485   65  277          - 4780.31678      -   163   75s
  1060   938 5608.32736   80  235          - 4780.31678      -   169   80s
  1155  1020 5908.72186  106  172          - 4780.31678      -   177   86s
  1248  1100 6073.46845  124  125          - 4780.31678      -   176   90s
  1478  1213 6715.74049  193   66          - 4780.31678      -   162   95s
  1700  1302 4838.52025   18  578          - 4797.66845      -   147  102s
  1729  1309 4878.87339   21  381          - 4797.66845      -   150  105s
  1740  1319 4932.85449   23  331          - 4797.66845      -   158  110s
  1757  1330 4898.50315   25  563          - 4797.66845      -   166  115s
  1777  1341 4954.00006   25  489          - 4797.66845      -   173  120s
  1786  1349 4949.75669   29  362          - 4797.66845      -   177  129s
  1791  1355 4954.83965   30  351          - 4797.66845      -   179  130s
  1815  1372 4955.38181   34  440          - 4797.66845      -   184  135s
  1846  1394 5049.45565   42  442          - 4797.66845      -   190  140s
  1883  1425 5115.21648   47  351          - 4797.66845      -   194  145s
  1936  1470 5216.41351   49  361          - 4797.66845      -   198  151s
  1984  1505 5190.79673   52  395          - 4797.66845      -   199  156s
  2057  1620 5292.59520   55  171          - 4797.66845      -   199  162s
  2150  1589 6170.98380  158   40          - 4797.66845      -   195  167s
  2152  1689 5358.69689   61  161          - 4797.66845      -   196  170s
  2263  1690 5407.68415   71  157          - 4797.66845      -   190  175s
  2377  1793 5579.33133  100   50          - 4797.66845      -   189  182s
  2509  1852 5916.44000  118    -          - 4797.66845      -   184  186s
  2686  1985 6107.52667  118   16          - 4797.66845      -   176  190s
  2867  1953 6475.64500  137   18          - 4804.27746      -   169  195s
  2911  1978 5000.62423   23  402          - 4804.27746      -   172  201s
  2925  1985 5011.21215   25  429          - 4804.27746      -   174  215s
  2951  2006 5091.42888   33  273          - 4804.27746      -   178  222s
  2981  2040 5089.42765   38  181          - 4804.27746      -   182  228s
  3001  2067 5136.01404   41  163          - 4804.27746      -   183  231s
  3028  2109 5163.35490   44  153          - 4804.27746      -   185  235s
  3120  2230 5183.62734   45  130          - 4804.27746      -   188  243s
  3199  2249 5205.96743   45  152          - 4804.27746      -   187  247s
  3230  2283 5288.60871   51   98          - 4804.27746      -   190  251s
  3257  2323 5326.04694   58   30          - 4804.27746      -   192  255s
  3297  2388 5334.07466   56  142          - 4804.27746      -   193  260s
  3362  2457 5383.90881   67   23          - 4804.27746      -   193  265s
  3431  2565 5632.00586   68   96          - 4804.27746      -   194  271s
  3539  2736 5490.88478   71   37          - 4804.27746      -   194  278s
  3756  2823 5572.13508   76   64          - 4804.27746      -   187  285s
  3821  2903 5700.80448   91   15          - 4804.27746      -   189  290s
  3918  2918 6066.89051  109   59          - 4807.04415      -   189  298s
  3949  2950 5030.45270   27  343          - 4807.04415      -   191  302s
  3981  2992 5179.69374   37  185          - 4807.04415      -   193  308s
  4023  3070 5306.60232   48  122          - 4807.04415      -   194  314s
  4103  3309 5710.43576   72  123          - 4807.04415      -   195  322s
  4403  3465 6257.08210   90   96          - 4810.52575      -   186  330s
  4568  3528 5052.32976   21  589          - 4810.52575      -   185  341s
  4611  3611 5201.19930   24  423          - 4810.52575      -   186  348s
  4694  3676 5284.20889   33  392          - 4810.52575      -   187  355s
  4763  3831 5438.20784   40  286          - 4810.52575      -   189  364s
  4804  3831 6622.86123  125   62          - 4810.52575      -   191  365s
  4948  3907 5471.57253   48  223          - 4810.52575      -   187  372s
  5027  3914 7388.60052  188   21          - 4810.52575      -   186  380s
  5048  3958 5661.53827   55   58          - 4810.52575      -   187  387s
  5083  4054 5729.96132   62  132          - 4810.52575      -   190  395s
  5179  4226 5988.81851   90   11          - 4810.52575      -   191  404s
  5341  4234 5367.05942   51  108          - 4810.52575      -   189  405s
  5367  4358 6290.95300   94   51          - 4825.56312      -   190  414s
  5452  4363 7602.76000  165    -          - 4825.56312      -   189  415s
  5547  4488 5120.23982   19  468          - 4825.56312      -   190  425s
  5682  4527 5231.69370   30  367          - 4825.56312      -   190  433s
  5705  4574 5337.51795   38  267          - 4825.56312      -   192  441s
  5752  4631 5438.78644   52  208          - 4825.56312      -   194  449s
  5809  4735 5611.43694   66   84          - 4825.56312      -   197  470s
  5913  4867 5891.63000   87   18          - 4829.64097      -   198  480s
  6115  5047 4980.10596   22  460          - 4829.64097      -   197  492s
  6334  5117 5248.48471   31  271          - 4829.64097      -   195  502s
  6369  5180 5390.29151   46   71          - 4829.64097      -   197  527s
  6434  5317 5570.47489   63   27          - 4829.64097      -   199  537s
  6577  5522 6309.50051   98  101          - 4834.59558      -   200  547s
  6821  5736 5089.20224   23  236          - 4834.59558      -   198  559s
  7180  5884 5263.23493   41  154          - 4834.59558      -   192  588s
  7340  6102 5527.44381   58   39          - 4838.58289      -   191  605s
  7620  6200 5024.50872   20  374          - 4838.58289      -   190  617s
  7668  6361 5422.55134   31  219          - 4838.58289      -   192  650s
  7835  6440 5736.31713   57  120          - 4838.58289      -   194  704s
  7913  6742 5994.04960   71  104          - 4838.76981      -   193  719s
  7930  6742 6041.90553   77   19          - 4838.76981      -   193  720s
  8448  6909 4945.60841   23  473          - 4855.32774      -   186  734s
  8500  7130 5162.19623   37   81          - 4861.01470      -   189  753s
  8753  7271 4936.85939   23  548          - 4861.01548      -   188  768s
  8960  7309 5451.54817   29  291          - 4861.01548      -   188  770s
  8961  7435 infeasible   29               - 4861.01548      -   188  782s
  9089  7669 5307.44983   35  235          - 4861.01548      -   189  802s
  9399  7761 5470.43888   46  154          - 4861.01548      -   187  816s
  9457  8093 5640.45606   67   93          - 4861.01548      -   190  834s
  9491  8093 5799.19003   77  106          - 4861.01548      -   190  835s
  9819  8174 7088.22727  167   11          - 4864.97545      -   187  848s
  9942  8422 5028.94749   28  465          - 4873.74959      -   189  862s
 10226  8530 5165.98619   36  236          - 4873.74959      -   187  876s
 10302  8690 5396.63427   53  213          - 4875.04169      -   188  891s
 10548  9029 5108.42172   24  523          - 4875.04169      -   188  908s
 10780  9038 6698.15000  139   10          - 4875.04169      -   187  910s
 10950  9180 5385.40499   39  211          - 4875.04169      -   185  922s
 11050  9526 5540.41531   55   83          - 4875.04169      -   186  937s
 11474  9779 5800.90757   85   84          - 4875.04169      -   184  952s
 11688 10205 6524.84245  130   44          - 4884.62503      -   184  970s
 12378 10357 5288.18245   26  427          - 4886.70012      -   178  983s
 12406 10398 5233.84797   35  461          - 4886.70012      -   179  994s
 12447 10437 5265.08380   37  426          - 4886.70012      -   181 1004s
 12486 10496 5338.99853   37  385          - 4886.70012      -   183 1015s
 12545 10621 5438.95839   43  322          - 4886.70012      -   185 1029s
 12670 11259 5467.17021   47  326          - 4886.70012      -   186 1048s
 13488 11376 8629.83000  214    6          - 4886.70012      -   178 1053s
 13577 11638 5460.60373   47  333          - 4886.70012      -   177 1068s
 13925 11691 7865.73857  172    8          - 4886.70012      -   176 1070s
 13932 12028 5668.57387   54  280          - 4886.70012      -   176 1084s
 14087 12041 6994.01000  146    -          - 4886.70012      -   176 1085s
 14533 12202 5775.62310   56  248          - 4886.70012      -   172 1096s
 14574 12272 5744.01693   61  249          - 4886.70012      -   173 1106s
 14644 12375 5857.64769   67  158          - 4886.70012      -   175 1118s
 14747 12697 5945.05655   83  179          - 4886.70012      -   176 1131s
 15095 12941 6903.76621  134   30          - 4886.77092      -   175 1145s
 15559 13099 5551.31367   32  271          - 4886.83890      -   172 1157s
 15603 13173 5640.36558   37  279          - 4886.83890      -   173 1168s
 15677 13301 5786.55782   45  228          - 4886.83890      -   174 1180s
 15805 13445 5884.32716   53  234          - 4886.83890      -   175 1192s
 15980 13576 6237.08732   75   67          - 4887.43907      -   175 1206s
 16120 13628 5064.60780   23  458          - 4887.43907      -   176 1217s
 16162 13708 5238.73661   28  324          - 4887.43907      -   177 1229s
 16242 13947 5330.87090   37  118          - 4887.43907      -   178 1242s
 16448 13951 6671.30436  140    5          - 4887.43907      -   178 1248s
 16551 14132 5561.11296   46   56          - 4887.43907      -   177 1261s
 16711 14199 6381.52364  106   59          - 4888.53122      -   178 1273s
 16843 14297 5320.30553   22  397          - 4888.53122      -   178 1285s
 16907 14475 5706.69385   30  242          - 4888.53122      -   179 1299s
 16992 14475 6054.32737   64   52          - 4888.53122      -   179 1300s
 17105 14655 6237.58645   80   23          - 4889.87303      -   179 1315s
 17372 14770 5327.17156   21  329          - 4889.87303      -   178 1328s
 17440 14882 5783.25927   47  116          - 4889.87303      -   179 1340s
 17552 14986 6027.67050   78   75          - 4890.82768      -   180 1352s
 17696 15264 5473.58108   21  259          - 4890.82768      -   181 1369s
 17713 15264 5769.28923   63  117          - 4890.82768      -   182 1370s
 18071 15359 5700.24066   30  200          - 4890.82768      -   180 1382s
 18109 15425 5782.79374   45  183          - 4890.82768      -   181 1393s
 18175 15551 5886.11467   59  131          - 4890.82768      -   182 1406s
 18301 15881 6475.84428   93  118          - 4898.11318      -   183 1423s
 18703 16039 5034.17884   20  420          - 4898.11318      -   181 1439s
 18748 16039 6095.50340  104   26          - 4898.11318      -   182 1440s
 18875 16113 5377.15637   29  148          - 4898.11318      -   181 1453s
 18924 16182 5504.06094   43  186          - 4898.11318      -   182 1464s
 18993 16450 5761.89241   51  280          - 4898.11318      -   183 1481s
 19319 16761 5917.07337   74   93          - 4901.04433      -   182 1501s
 19739 16869 5053.00430   21  480          - 4901.04433      -   181 1514s
 19778 16923 5358.88115   28  238          - 4901.04433      -   182 1525s
 19832 17006 5542.62854   38  129          - 4901.04433      -   183 1537s
 19915 17189 5807.61472   57   68          - 4903.79092      -   183 1550s
 20144 17330 5130.40663   26  432          - 4903.79092      -   183 1565s
 20332 17433 5480.67124   38  133          - 4903.79092      -   183 1576s
 20401 17593 5654.04970   53  124          - 4907.79805      -   184 1590s
 20577 17784 5154.56426   31  261          - 4907.79805      -   184 1606s
 20806 17866 5259.07860   43  314          - 4907.79805      -   184 1619s
 20859 17866 5688.98654   41  220          - 4907.79805      -   184 1620s
 20865 17995 5509.27007   53   81          - 4907.79805      -   185 1632s
 20994 18271 5794.56500   74   43          - 4911.58715      -   185 1647s
 21432 18407 5299.75759   26  277          - 4912.86811      -   183 1660s
 21488 18536 5599.37830   44  125          - 4912.86811      -   184 1673s
 21617 18653 5974.03427   87   49          - 4913.52551      -   184 1687s
 21762 18802 5473.38197   32  347          - 4913.52551      -   185 1701s
 21973 18873 5632.65768   37  249          - 4913.52551      -   185 1712s
 22008 18960 5706.84379   45  125          - 4913.52551      -   185 1724s
 22095 19051 5813.70517   53  158          - 4913.52551      -   186 1736s
 22196 19189 5861.05665   56   81          - 4913.52551      -   187 1748s
 22357 19625 6145.84474   69   59          - 4913.52551      -   187 1768s
 22697 19676 7091.33000  143    9          - 4913.52551      -   185 1770s
 22993 19978 6310.81015   85   44          - 4913.87982      -   184 1787s
 23467 20128 5390.76140   29  387          - 4915.59091      -   182 1800s
 23504 20214 5768.40026   43  188          - 4915.59091      -   183 1811s
 23590 20238 5984.30815   61  139          - 4915.59091      -   183 1921s
 23614 20435 6014.05451   68   33          - 4916.22650      -   183 1939s
 23700 20439 6337.10740  105   21          - 4916.22650      -   183 1940s
 23887 20607 5263.64950   26  392          - 4916.22650      -   183 1966s
 24067 20706 5630.66716   37  190          - 4916.22650      -   183 1979s
 24123 20706 5372.18898   38  164          - 4916.22650      -   184 1980s
 24143 20858 5730.88204   55  153          - 4916.22650      -   184 1993s
 24309 21232 5922.02527   81   96          - 4918.48827      -   184 2026s
 24326 21232 5961.48938   88   47          - 4918.48827      -   184 2031s
 24797 21367 5167.64176   26  319          - 4919.10367      -   183 2046s
 24873 21579 5448.78937   38  186          - 4919.10367      -   183 2063s
 25006 21579 6343.58145  106   45          - 4919.10367      -   183 2065s
 25023 21579 6419.42870  114   28          - 4919.10367      -   183 2082s
 25173 21676 5577.41797   48   70          - 4919.10367      -   182 2094s
 25226 21795 5676.04818   64   95          - 4919.10367      -   183 2108s
 25347 21880 5962.16143  106   24          - 4923.64704      -   184 2122s
 25519 21962 5082.90071   31  321          - 4923.64704      -   184 2134s
 25536 21962 5561.50137   39  142          - 4923.64704      -   184 2135s
 25557 22016 5137.97252   38  256          - 4923.64704      -   184 2146s
 25611 22126 5233.53796   46   69          - 4923.64704      -   185 2160s
 25741 22325 5428.10638   55   36          - 4923.64704      -   186 2175s
 25976 22609 5764.27339   86   81          - 4926.91444      -   186 2194s
 26113 22623 6579.21000  143    -          - 4926.91444      -   185 2195s
 26385 22742 5094.96810   21  569          - 4926.91444      -   184 2209s
 26444 22935 5618.90067   27  265          - 4926.91444      -   185 2224s
 26701 23226 5752.45399   38  212          - 4926.91444      -   184 2241s
 27078 23364 5929.91481   51  113          - 4926.91444      -   183 2255s
 27157 23495 6016.65073   83   63          - 4926.91444      -   183 2269s
 27259 23500 6773.58981  117   80          - 4926.91444      -   183 2270s
 27298 23666 6762.23463   95   58          - 4928.39401      -   184 2288s
 27520 23805 5525.50897   31  314          - 4928.39401      -   184 2302s
 27639 23984 5734.54647   47  134          - 4928.39401      -   184 2316s
 27874 24112 5879.03471   64   26          - 4928.39401      -   184 2331s
 28005 24248 6103.97000   80    -          - 4928.62874      -   184 2347s
 28185 24483 5125.72911   26  503          - 4928.62874      -   184 2371s
 28490 24558 5594.73156   37  163          - 4928.62874      -   183 2383s
 28515 24599 5682.80220   44  201          - 4928.62874      -   184 2394s
 28556 24663 5783.66231   50  337          - 4928.62874      -   185 2428s
 28620 24754 5920.03364   59  233          - 4928.62874      -   185 2440s
 28711 25037 6167.00942   75   74          - 4929.07101      -   186 2460s
 29113 25129 5188.84676   28  492          - 4929.73675      -   185 2486s
 29147 25230 5325.17017   39  154          - 4929.73675      -   185 2500s
 29248 25418 5471.75000   55    6          - 4929.73675      -   186 2516s
 29470 25587 5638.58333   70   38          - 4930.19974      -   186 2534s
 29730 25676 5141.03282   23  580          - 4930.29577      -   185 2546s
 29766 25716 5584.92414   31  218          - 4930.29577      -   186 2557s
 29806 25791 5764.99838   36  143          - 4930.29577      -   186 2570s
 29881 26098 5951.66468   49  112          - 4931.69847      -   187 2587s
 30293 26174 5163.81654   28  388          - 4932.86833      -   186 2601s
 30326 26293 5302.25787   37  207          - 4932.87562      -   186 2620s
 30569 26482 5571.81703   77   48          - 4933.81946      -   186 2634s
 30620 26485 5645.29951  107    5          - 4933.81946      -   186 2635s
 30724 26641 5722.35407   87   27          - 4934.49933      -   186 2651s
 30962 26728 4996.08767   34  379          - 4934.50983      -   186 2663s
 31003 26815 5064.16089   39  362          - 4934.50983      -   186 2677s
 31092 27138 5156.64423   43  259          - 4934.50983      -   187 2699s
 31173 27144 6235.10884  110   14          - 4934.50983      -   187 2700s
 31614 27268 5212.14586   47  360          - 4934.50983      -   185 2713s
 31644 27346 5322.96385   59  243          - 4934.50983      -   185 2725s
 31722 27496 5514.92442   81  148          - 4934.50983      -   186 2738s
 31872 27652 6320.79644  127   34          - 4934.98231      -   186 2753s
 32074 27765 5331.09548   29  275          - 4934.98231      -   186 2767s
 32164 27901 5530.11073   36  331          - 4934.98231      -   186 2781s
 32338 27943 5604.67985   42  215          - 4934.98231      -   186 2795s
 32363 27973 5678.79135   48  173          - 4934.98231      -   187 2806s
 32393 28006 5758.19404   54  178          - 4934.98231      -   187 2826s
 32426 28061 5895.81125   62  160          - 4934.98231      -   188 2838s
 32481 28121 6398.39450   80  178          - 4934.98231      -   189 2851s
 32541 28293 6233.52857   94    8          - 4937.05347      -   189 2869s
 32643 28300 6675.33000  133    -          - 4937.05347      -   189 2870s
 32783 28430 5025.69005   21  373          - 4937.05347      -   189 2884s
 32887 28640 5453.17370   32  186          - 4937.05347      -   189 2901s
 33134 28775 5652.97190   48  161          - 4937.05347      -   189 2916s
 33363 28903 5803.86727   63  124          - 4937.05347      -   188 2930s
 33436 29019 6159.90577   85   29          - 4937.05347      -   189 2945s
 33610 29203 6268.42645  100   52          - 4937.89183      -   189 2965s
 33962 29334 5212.28955   25  474          - 4937.89183      -   188 2977s
 33996 29393 5429.41090   33  224          - 4937.89183      -   188 2989s
 34055 29492 5576.14088   43  215          - 4937.89183      -   189 3002s
 34154 29704 5775.57733   65   82          - 4937.89183      -   189 3018s
 34401 29726 6815.33738  136   10          - 4937.89183      -   189 3020s
 34456 29823 6221.68716   98   36          - 4939.53405      -   188 3034s
 34558 29840 6599.31000  130    5          - 4939.53405      -   188 3035s
 34594 29887 5626.57507   29  379          - 4939.53405      -   188 3059s
 34629 29927 5830.11073   42   76          - 4939.53405      -   189 3071s
 34669 29972 5897.50158   55  122          - 4939.53405      -   189 3082s
 34714 30051 5962.24648   65  197          - 4939.53405      -   190 3095s
 34793 30187 6067.13108   78   44          - 4939.53405      -   190 3109s
 34810 30187 6106.15774   83   53          - 4939.53405      -   190 3110s
 34941 30640 6211.90000  108   15          - 4940.00038      -   190 3134s
 34975 30640 6274.78556  120    9          - 4940.00038      -   190 3135s
 35551 30734 5211.90205   27  303          - 4940.51262      -   188 3152s
 35583 30778 5402.57646   32  260          - 4940.51262      -   189 3164s
 35627 30827 5364.22583   40  224          - 4940.51262      -   189 3176s
 35676 30984 5457.70168   51  164          - 4940.51262      -   190 3212s
 35833 31320 5634.46199   59  166          - 4940.51262      -   190 3235s
 36401 31563 5973.65209   92   56          - 4940.80499      -   188 3262s
 36596 31633 5129.67128   25  274          - 4940.80499      -   188 3275s
 36632 31698 5481.15402   38  172          - 4940.80499      -   188 3288s
 36717 31852 5747.40998   59   25          - 4940.80499      -   188 3306s
 36916 32004 5735.31645   65   27          - 4941.20258      -   188 3322s
 37174 32090 5184.61069   23  510          - 4942.35109      -   188 3334s
 37194 32161 5405.84125   30  249          - 4942.35109      -   188 3358s
 37265 32255 5569.97665   45   41          - 4942.35109      -   189 3373s
 37375 32370 5685.26037   57   44          - 4942.65346      -   189 3389s
 37548 32491 5234.88590   33  406          - 4942.65346      -   189 3406s
 37654 32564 5762.26577   45  183          - 4942.65346      -   189 3419s
 37717 32567 4979.47131   29  438          - 4942.65346      -   189 3420s
 37724 32641 5906.50157   66   85          - 4942.65346      -   189 3431s
 37820 32713 6230.87138   90   68          - 4943.79221      -   190 3452s
 37965 32775 5273.19874   26  376          - 4943.79221      -   190 3464s
 37985 32810 5663.52596   32  287          - 4943.79221      -   190 3476s
 38020 32862 5683.25287   38  167          - 4943.79221      -   191 3515s
 38072 32945 5916.64201   44  323          - 4943.79221      -   191 3527s
 38089 32945 5833.92526   53   90          - 4943.79221      -   191 3539s
 38155 33113 5885.21615   56   92          - 4943.79221      -   191 3554s
 38172 33113 6008.79729   61  225          - 4943.79221      -   192 3555s
 38363 33218 6053.33000   65   20          - 4943.79221      -   191 3570s
 38458 33264 6323.10786   71   38          - 4945.42819      -   191 3587s
 38545 33323 5266.14062   23  282          - 4945.42819      -   192 3598s
 38589 33329 5362.33903   29  221          - 4945.42819      -   192 3600s

Cutting planes:
  User: 3088
  Gomory: 31
  Cover: 485
  Implied bound: 213
  Projected implied bound: 8
  Clique: 63
  MIR: 170
  StrongCG: 1
  Flow cover: 442
  GUB cover: 4
  Zero half: 50
  RLT: 351
  Relax-and-lift: 8
  Lazy constraints: 8248

Explored 38591 nodes (7423109 simplex iterations) in 3600.02 seconds
Thread count was 2 (of 32 available processors)

Solution count 0

Time limit reached
Best objective -, best bound 4.945428194743e+03, gap -

User-callback calls 336071, time in user-callback 462.97 sec
writeSolution() exp: Unable to retrieve attribute 'X'
================================================================================
executing instance: ./input/Instances/Original/5/absH3low_4n25.dat
--------------------------------------------------------------------------------
Instance details
n	26
H	3
C	2029
Li:
[0, 0, 0, 0, 0, 0, 0, 0, 0, 0, 0, 0, 0, 0, 0, 0, 0, 0, 0, 0, 0, 0, 0, 0, 0, 0, ]
Ui:
