




arguments: ./build/mirp_solver -f ./input/orig_exec_198.cfg
Current dir: /scratch/gui/bnc_mirp
File verbosity level: 9
date       time         ( uptime  ) [ thread name/id ]                   file:line     v| 
2021-01-10 08:25:25.155 (   1.062s) [main thread     ]             loguru.cpp:789   INFO| Logging to './output/vi_hc1_full/OU/V2/Original/execution_10_01_2021_08_25_25.log', mode: 'a', verbosity: 9
--------------------------------------------------------------------------------
Parameters
                           instance_path           ./input/Instances/Original/6/
                            model_policy                                       1
                             nb_vehicles                                       2
                              output_dir    ./output/vi_hc1_full/OU/V2/Original/
                            sec_strategy                                       1
                       solver_nb_threads                                       2
                         solver_show_log                                    true
                       solver_time_limit                                    3600
                              use_vi_cos                                   false
                              use_vi_cus                                   false
                         use_vi_hc1_full                                    true
                         use_vi_hc1_half                                   false
                      use_vi_hc1_quarter                                   false
                              use_vi_hc2                                   false
                              use_vi_hc3                                   false
                         use_vi_lex_full                                   false
                         use_vi_lex_half                                   false
                      use_vi_lex_quarter                                   false
                              use_vi_qua                                   false
                               use_vi_vc                                   false
                               use_vi_vr                                   false
--------------------------------------------------------------------------------
executing instance: ./input/Instances/Original/6/absH6high_1n25.dat
--------------------------------------------------------------------------------
Instance details
n	26
H	6
C	1711
Li:
[0, 0, 0, 0, 0, 0, 0, 0, 0, 0, 0, 0, 0, 0, 0, 0, 0, 0, 0, 0, 0, 0, 0, 0, 0, 0, ]
Ui:
[0, 168, 176, 34, 66, 36, 177, 106, 118, 182, 64, 141, 189, 63, 46, 111, 182, 231, 36, 66, 68, 54, 132, 90, 246, 75, ]
Distance matrix:
|0	191	200	231	334	329	146	196	208	245	218	164	283	394	151	358	156	196	309	253	201	260	127	138	130	104	|
|191	0	226	229	278	146	328	216	390	417	327	293	195	334	106	296	171	122	472	151	12	411	280	53	190	130	|
|200	226	0	38	149	359	321	10	276	274	418	364	139	204	121	173	321	115	303	141	225	236	155	202	311	256	|
|231	229	38	0	110	352	358	37	314	310	448	395	108	167	129	135	342	109	336	120	226	268	194	213	335	277	|
|334	278	149	110	0	367	467	147	422	413	546	495	86	61	203	25	423	163	429	129	271	363	303	282	424	361	|
|329	146	359	352	367	0	453	349	533	562	411	393	282	411	245	378	250	244	617	245	141	556	426	195	284	243	|
|146	328	321	358	467	453	0	321	162	215	160	112	425	524	297	491	223	341	284	397	339	266	186	276	184	210	|
|196	216	10	37	147	349	321	0	281	281	414	360	132	203	112	171	315	105	311	132	216	244	159	193	305	249	|
|208	390	276	314	422	533	162	281	0	54	321	271	410	471	316	445	348	348	123	398	398	115	125	338	313	309	|
|245	417	274	310	413	562	215	281	54	0	375	323	413	457	334	435	393	361	70	406	424	69	139	367	359	349	|
|218	327	418	448	546	411	160	414	321	375	0	57	484	606	347	569	163	393	444	446	339	421	318	288	137	199	|
|164	293	364	395	495	393	112	360	271	323	57	0	437	556	300	519	144	346	393	401	305	367	261	249	109	163	|
|283	195	139	108	86	282	425	132	410	413	484	437	0	139	137	101	349	91	443	44	187	375	286	206	355	291	|
|394	334	204	167	61	411	524	203	471	457	606	556	139	0	264	38	483	222	467	183	326	403	356	341	484	421	|
|151	106	121	129	203	245	297	112	316	334	347	300	137	264	0	225	220	46	381	102	106	316	195	84	221	158	|
|358	296	173	135	25	378	491	171	445	435	569	519	101	38	225	0	444	184	450	145	288	384	328	303	446	383	|
|156	171	321	342	423	250	223	315	348	393	163	144	349	483	220	444	0	261	460	308	183	415	284	143	39	65	|
|196	122	115	109	163	244	341	105	348	361	393	346	91	222	46	184	261	0	402	56	118	336	224	119	264	200	|
|309	472	303	336	429	617	284	311	123	70	444	393	443	467	381	450	460	402	0	442	477	68	192	424	426	413	|
|253	151	141	120	129	245	397	132	398	406	446	401	44	183	102	145	308	56	442	0	143	375	273	164	315	251	|
|201	12	225	226	271	141	339	216	398	424	339	305	187	326	106	288	183	118	477	143	0	416	286	63	202	142	|
|260	411	236	268	363	556	266	244	115	69	421	367	375	403	316	384	415	336	68	375	416	0	135	365	384	363	|
|127	280	155	194	303	426	186	159	125	139	318	261	286	356	195	328	284	224	192	273	286	135	0	232	256	229	|
|138	53	202	213	282	195	276	193	338	367	288	249	206	341	84	303	143	119	424	164	63	365	232	0	153	89	|
|130	190	311	335	424	284	184	305	313	359	137	109	355	484	221	446	39	264	426	315	202	384	256	153	0	64	|
|104	130	256	277	361	243	210	249	309	349	199	163	291	421	158	383	65	200	413	251	142	363	229	89	64	0	|

--------------------------------------------------------------------------------
Building model...
	using lazy and cut (CVRPSEP package)
Solving IRP LP...
--------------------------------------------------------------------------------

Gurobi 9.1.0 (linux64) logging started Sun Jan 10 08:25:26 2021

Gurobi Optimizer version 9.1.0 build v9.1.0rc0 (linux64)
Thread count: 32 physical cores, 32 logical processors, using up to 2 threads
Optimize a model with 1262 rows, 4694 columns and 13418 nonzeros
Model fingerprint: 0x23957dc8
Variable types: 482 continuous, 4212 integer (312 binary)
Coefficient statistics:
  Matrix range     [1e+00, 9e+02]
  Objective range  [1e-01, 6e+02]
  Bounds range     [1e+00, 2e+02]
  RHS range        [1e+01, 3e+03]
Presolve removed 276 rows and 264 columns
Presolve time: 0.08s
Presolved: 986 rows, 4430 columns, 12310 nonzeros
Variable types: 374 continuous, 4056 integer (3762 binary)

Root relaxation: objective 1.302510e+04, 1309 iterations, 0.04 seconds

    Nodes    |    Current Node    |     Objective Bounds      |     Work
 Expl Unexpl |  Obj  Depth IntInf | Incumbent    BestBd   Gap | It/Node Time

     0     0 13025.1025    0  210          - 13025.1025      -     -    0s
     0     0 13595.2632    0  244          - 13595.2632      -     -    0s
     0     0 13647.3477    0  199          - 13647.3477      -     -    0s
     0     0 13667.5461    0  244          - 13667.5461      -     -    0s
     0     0 13715.6544    0  252          - 13715.6544      -     -    0s
     0     0 13745.1601    0  253          - 13745.1601      -     -    0s
     0     0 13747.2613    0  238          - 13747.2613      -     -    0s
     0     0 13747.7493    0  241          - 13747.7493      -     -    0s
     0     0 13747.7750    0  249          - 13747.7750      -     -    0s
     0     0 14280.4813    0  365          - 14280.4813      -     -    0s
     0     0 14438.9629    0  368          - 14438.9629      -     -    1s
     0     0 14498.7870    0  383          - 14498.7870      -     -    1s
     0     0 14505.6766    0  383          - 14505.6766      -     -    1s
     0     0 14507.4912    0  397          - 14507.4912      -     -    1s
     0     0 14507.5440    0  397          - 14507.5440      -     -    1s
     0     0 14768.2428    0  418          - 14768.2428      -     -    1s
     0     0 14870.0150    0  418          - 14870.0150      -     -    1s
     0     0 14889.0081    0  405          - 14889.0081      -     -    1s
     0     0 14898.3731    0  416          - 14898.3731      -     -    1s
     0     0 14899.6758    0  417          - 14899.6758      -     -    1s
     0     0 14956.1605    0  462          - 14956.1605      -     -    1s
     0     0 14997.0493    0  426          - 14997.0493      -     -    2s
     0     0 15006.9162    0  425          - 15006.9162      -     -    2s
     0     0 15007.7434    0  419          - 15007.7434      -     -    2s
     0     0 15040.8334    0  457          - 15040.8334      -     -    2s
     0     0 15046.4103    0  405          - 15046.4103      -     -    2s
     0     0 15048.2411    0  431          - 15048.2411      -     -    2s
     0     0 15061.6789    0  434          - 15061.6789      -     -    2s
     0     0 15061.6789    0  415          - 15061.6789      -     -    2s
     0     2 15061.9467    0  392          - 15061.9467      -     -    3s
    21    24 15357.7787    6  489          - 15227.3719      -   715    5s
   174   182 16845.0338   71  193          - 15227.3719      -   288   10s
*  484   485             223    20090.380000 15260.1399  24.0%   146   14s
*  489   487             220    20070.380000 15260.1399  24.0%   145   14s
H  515   502                    19027.420000 15260.1399  19.8%   143   14s
   560   557 15872.2597    7  443 19027.4200 15260.1399  19.8%   136   15s
H  615   616                    19017.700000 15260.1399  19.8%   126   15s
H  749   645                    18776.700000 15260.1399  18.7%   111   19s
H  750   612                    18264.510000 15260.1399  16.4%   111   20s
H  761   589                    18220.430000 15654.3349  14.1%   109   23s
H  765   561                    18107.430000 15681.9154  13.4%   108   24s
   770   565 16171.3735   46  541 18107.4300 15691.2448  13.3%   108   25s
   793   583 15721.5929   17  525 18107.4300 15721.5929  13.2%   133   30s
   836   614 15861.0158   28  376 18107.4300 15730.6681  13.1%   160   35s
H  878   618                    18000.550000 15730.6681  12.6%   172   38s
H  886   588                    17813.550000 15730.6681  11.7%   174   38s
   898   609 16196.1353   42  340 17813.5500 15730.6681  11.7%   176   40s
H  940   603                    17723.070000 15730.6681  11.2%   177   41s
  1009   655 16384.7764   51  306 17723.0700 15730.6681  11.2%   177   45s
  1086   694 17293.2052   72  151 17723.0700 15730.6681  11.2%   189   50s
  1186   763 17541.6376  106  134 17723.0700 15730.6681  11.2%   191   55s
H 1232   721                    17554.510000 15743.8545  10.3%   188   56s
  1297   760 15879.3408   20  513 17554.5100 15743.8545  10.3%   191   60s
H 1343   738                    17482.390000 15743.8545  9.94%   191   63s
  1390   726 15972.4775   26  251 17482.3900 15743.8545  9.94%   193   65s
  1439   768 16284.0005   34  178 17482.3900 15743.8545  9.94%   205   70s
  1542   884 16417.0562   42  247 17482.3900 15743.8545  9.94%   204   76s
  1636   899 16690.9278   46  236 17482.3900 15743.8545  9.94%   205   80s
H 1679   890                    17411.990000 15743.8545  9.58%   205   81s
  1822   927 17358.8419  130   11 17411.9900 15767.2008  9.45%   198   85s
  1882   988 16600.1532   37  353 17411.9900 15767.2008  9.45%   205   90s
  2035   996 16359.5575   24  428 17411.9900 15787.1445  9.33%   206   96s
  2093  1116 16794.7995   51  284 17411.9900 15791.2254  9.31%   208  101s
  2253  1239 16204.0017   26  242 17411.9900 15800.1426  9.26%   206  107s
  2339  1295 16129.6746   26  344 17411.9900 15800.1426  9.26%   204  111s
  2435  1364 16515.6411   32  230 17411.9900 15800.1426  9.26%   207  117s
  2500  1407 16625.5904   41   91 17411.9900 15800.1426  9.26%   209  120s
  2683  1534 16001.8358   22  415 17411.9900 15804.9707  9.23%   207  126s
  2760  1589 16164.4918   17  301 17411.9900 15810.6202  9.20%   211  132s
  2787  1645 16406.3220   24  170 17411.9900 15810.6202  9.20%   214  135s
  2849  1730 16811.1250   44  104 17411.9900 15847.8738  8.98%   215  142s
  2959  1765 16119.5424   16  501 17411.9900 15847.9203  8.98%   217  145s
  2994  1829 16626.4905   29  360 17411.9900 15861.0158  8.91%   219  150s
* 3036  1758              68    17347.860000 15861.0158  8.57%   218  150s
  3142  1840 16609.3231   37  225 17347.8600 15871.6907  8.51%   220  158s
  3206  1905 16252.9675   32  232 17347.8600 15871.6907  8.51%   220  163s
  3279  1937 16851.9782   43  162 17347.8600 15873.7033  8.50%   220  168s
  3332  1973 16210.4107   21  492 17347.8600 15873.7033  8.50%   222  173s
  3377  2026 16787.4082   32  299 17347.8600 15874.7539  8.49%   224  177s
  3437  2107 16204.9939   30  322 17347.8600 15874.7539  8.49%   225  181s
* 3504  2102              67    17340.140000 15874.7539  8.45%   224  181s
  3540  2128 17138.6661   80   43 17340.1400 15877.3068  8.44%   224  185s
  3609  2191 16642.4677   22  302 17340.1400 15879.4583  8.42%   225  190s
  3707  2268 16553.3301   33  318 17340.1400 15883.1040  8.40%   229  199s
  3796  2327 16129.8704   24  402 17340.1400 15889.5597  8.37%   230  205s
  3866  2357 16243.5191   19  407 17340.1400 15889.5597  8.37%   231  210s
  3908  2412 16583.7725   26  345 17340.1400 15889.5597  8.37%   234  217s
  3975  2452 17175.5959   36  315 17340.1400 15892.5661  8.35%   236  222s
  4029  2549 16447.8082   30  349 17340.1400 15902.8340  8.29%   237  229s
  4162  2624 16439.6137   37  306 17340.1400 15904.0845  8.28%   235  236s
  4255  2677 16207.6370   21  422 17340.1400 15905.3617  8.27%   237  242s
  4335  2778 16301.8685   34  287 17340.1400 15918.8651  8.20%   239  249s
  4457  2818 16692.4116   40  401 17340.1400 15926.2140  8.15%   238  255s
  4515  2883 16606.2297   32  386 17340.1400 15928.6114  8.14%   241  262s
  4596  2932 16300.0490   20  456 17340.1400 15939.3442  8.08%   244  269s
  4693  3062 16228.1775   29  399 17340.1400 15945.0374  8.05%   246  277s
* 4793  1876              89    16895.940000 15945.0374  5.63%   244  277s
H 4868  1691                    16836.660000 15945.0374  5.30%   244  286s
  4900  1794 16510.6461   36  171 16836.6600 15945.7433  5.29%   247  295s
  5089  1880 16600.0618   22  207 16836.6600 15953.0454  5.25%   244  303s
  5212  1929 16408.9824   28  342 16836.6600 15962.7498  5.19%   246  312s
  5315  2044     cutoff   46      16836.6600 15976.7130  5.11%   248  320s
* 5435  1524              74    16667.420000 15978.8178  4.13%   248  321s
H 5468  1418                    16616.420000 15978.8178  3.84%   248  329s
  5603  1418     cutoff   72      16616.4200 15983.2122  3.81%   249  330s
H 5611  1176                    16520.420000 15983.2122  3.25%   249  338s
  5735  1244 16048.2306   23  459 16520.4200 15992.4576  3.20%   252  348s
  5881  1272 16309.6654   27  403 16520.4200 15999.0042  3.16%   254  357s
  5954  1292 16251.8175   25  317 16520.4200 16000.1496  3.15%   259  366s
  6027  1372 16245.1248   21  269 16520.4200 16002.0066  3.14%   263  375s
  6148  1404     cutoff   39      16520.4200 16004.8782  3.12%   265  388s
H 6185  1264                    16478.340000 16004.8782  2.87%   267  388s
  6251  1299 16383.8526   33  335 16478.3400 16007.7116  2.86%   268  397s
  6379  1386 16174.5669   31  228 16478.3400 16013.0413  2.82%   270  408s
  6541  1418     cutoff   38      16478.3400 16020.9013  2.78%   271  417s
  6671  1432 16289.4187   26  360 16478.3400 16026.4255  2.74%   274  426s
  6769  1481 16093.7791   19  473 16478.3400 16028.8515  2.73%   277  436s
  6890  1526 16148.6960   27  437 16478.3400 16031.0778  2.71%   280  446s
  7003  1566 16425.2868   29  449 16478.3400 16037.3209  2.68%   283  456s
  7135  1590 16449.2524   33  211 16478.3400 16042.4437  2.65%   286  466s
  7241  1632 16459.0719   24  340 16478.3400 16044.6654  2.63%   289  478s
  7353  1658     cutoff   28      16478.3400 16050.0948  2.60%   292  489s
  7540  1725 16233.4583   31  228 16478.3400 16055.5509  2.57%   294  501s
  7733  1803     cutoff   29      16478.3400 16060.3226  2.54%   295  513s
  7932  1853 16340.8327   26  344 16478.3400 16069.0417  2.48%   297  526s
  8116  1895     cutoff   31      16478.3400 16073.3144  2.46%   298  539s
  8315  1977 16149.7545   25  356 16478.3400 16078.0408  2.43%   298  551s
  8495  2056     cutoff   35      16478.3400 16080.4237  2.41%   300  564s
  8668  2105 16294.6652   23  393 16478.3400 16084.3181  2.39%   302  576s
  8825  2137 16205.8440   24  343 16478.3400 16087.2617  2.37%   303  589s
  8950  2181 16345.0916   25  330 16478.3400 16091.2586  2.35%   306  602s
  9118  2205 16257.2728   23  306 16478.3400 16093.8331  2.33%   308  614s
  9224  2272 16355.8867   35  295 16478.3400 16095.8400  2.32%   310  628s
  9386  2320 16258.4603   26  449 16478.3400 16098.0929  2.31%   311  640s
  9567  2359 16328.7590   26  271 16478.3400 16100.4949  2.29%   313  654s
  9730  2395 16418.6245   25  231 16478.3400 16101.9787  2.28%   315  667s
  9876  2460     cutoff   33      16478.3400 16104.0015  2.27%   317  680s
 10083  2494 16449.9530   24  436 16478.3400 16109.3995  2.24%   318  693s
 10207  2578 16231.4955   27   93 16478.3400 16110.4250  2.23%   319  706s
 10452  2670 16278.9852   29  277 16478.3400 16117.1419  2.19%   318  720s
 10652  2771 16244.1780   29  275 16478.3400 16120.5540  2.17%   319  734s
 10903  2842 16377.1142   43  116 16478.3400 16122.6391  2.16%   318  747s
 11101  2925 16376.5235   33  323 16478.3400 16124.7075  2.15%   318  761s
 11323  3054     cutoff   48      16478.3400 16126.8693  2.13%   319  775s
 11606  3097     cutoff   39      16478.3400 16129.1329  2.12%   317  789s
 11835  3188 16384.8935   24  493 16478.3400 16130.3417  2.11%   318  802s
 12067  3255 16437.5572   21  373 16478.3400 16133.3340  2.09%   318  815s
 12261  3307 16424.5159   29  238 16478.3400 16137.8928  2.07%   318  829s
 12450  3344     cutoff   35      16478.3400 16139.9874  2.05%   319  842s
 12691  3405 16457.2205   40  263 16478.3400 16141.9711  2.04%   319  856s
 12883  3466 16345.0017   34  255 16478.3400 16144.3718  2.03%   319  869s
 13107  3514 16368.8351   29  194 16478.3400 16146.8492  2.01%   320  882s
 13307  3563 16228.9525   23  314 16478.3400 16148.5505  2.00%   320  895s
 13525  3626     cutoff   23      16478.3400 16150.8659  1.99%   320  909s
 13786  3689 16423.2295   24  444 16478.3400 16153.0692  1.97%   320  921s
 14016  3741 16448.2507   28  329 16478.3400 16156.5147  1.95%   319  934s
 14191  3760 16314.2061   27  366 16478.3400 16157.5178  1.95%   320  947s
 14349  3828 16384.0650   32  391 16478.3400 16158.7637  1.94%   322  961s
 14567  3878     cutoff   42      16478.3400 16160.5647  1.93%   322  973s
 14774  3945     cutoff   27      16478.3400 16162.1411  1.92%   322  987s
 15010  4025 16427.7927   35  170 16478.3400 16164.4217  1.91%   322 1001s
 15262  4064 16315.2353   34  219 16478.3400 16166.6540  1.89%   322 1014s
 15455  4138     cutoff   26      16478.3400 16168.9063  1.88%   322 1027s
 15770  4228 16380.7094   38   88 16478.3400 16171.2860  1.86%   321 1041s
 16063  4291 16360.8808   27  366 16478.3400 16173.4875  1.85%   319 1054s
 16294  4322 16280.9968   33  345 16478.3400 16176.7366  1.83%   319 1066s
 16494  4405 16412.9995   34  417 16478.3400 16178.7004  1.82%   320 1079s
 16756  4465 16386.8773   31  152 16478.3400 16180.8174  1.81%   319 1093s
 16998  4527 16249.6260   21  322 16478.3400 16182.5037  1.80%   319 1106s
 17206  4580     cutoff   35      16478.3400 16184.2422  1.78%   319 1119s
 17461  4639 16406.0538   32  261 16478.3400 16185.7452  1.78%   319 1133s
 17664  4655 16327.2682   33  378 16478.3400 16186.7084  1.77%   320 1146s
 17929  4718 16391.0102   30  186 16478.3400 16188.3106  1.76%   319 1159s
 18194  4791     cutoff   27      16478.3400 16190.3631  1.75%   319 1172s
 18501  4839 16369.8879   32  304 16478.3400 16192.4397  1.74%   318 1185s
 18736  4956 16424.4121   33  390 16478.3400 16193.8775  1.73%   318 1199s
 19091  4977 16342.0030   29  339 16478.3400 16196.0714  1.71%   316 1220s
 19183  5012 16452.4189   23  347 16478.3400 16196.5243  1.71%   316 1232s
 19407  5073     cutoff   27      16478.3400 16197.5090  1.70%   316 1245s
 19699  5152 16467.1251   25  273 16478.3400 16199.2520  1.69%   315 1259s
 19973  5272 16457.8982   34  231 16478.3400 16200.4777  1.69%   314 1276s
 20308  5309 16429.8559   19  409 16478.3400 16201.6095  1.68%   313 1289s
 20388  5309     cutoff   30      16478.3400 16203.1524  1.67%   314 1290s
 20523  5370 16437.9429   25  279 16478.3400 16203.3203  1.67%   313 1303s
 20769  5414 16466.7813   33  257 16478.3400 16205.1072  1.66%   313 1316s
 20989  5494 16382.5174   32  344 16478.3400 16207.0738  1.65%   313 1329s
 21216  5553 16453.3543   29  309 16478.3400 16208.5446  1.64%   314 1342s
 21480  5589 16272.7651   30  322 16478.3400 16209.8657  1.63%   313 1355s
 21721  5679 16439.8940   25  267 16478.3400 16211.2284  1.62%   313 1368s
 22007  5748     cutoff   37      16478.3400 16213.1265  1.61%   313 1381s
 22239  5768 16359.7663   28  327 16478.3400 16214.9515  1.60%   313 1394s
 22433  5864 16391.0747   24  314 16478.3400 16215.9710  1.59%   313 1407s
 22712  5979     cutoff   32      16478.3400 16217.5857  1.58%   312 1421s
 23101  6026 16378.2715   28  288 16478.3400 16219.7236  1.57%   311 1434s
 23340  6122     cutoff   26      16478.3400 16220.4135  1.57%   311 1448s
 23651  6138     cutoff   25      16478.3400 16221.7126  1.56%   310 1461s
 23847  6259 16229.0955   22  458 16478.3400 16222.7622  1.55%   310 1477s
 24173  6374 16394.7388   33  388 16478.3400 16224.1500  1.54%   309 1491s
 24521  6457 16469.2181   33  292 16478.3400 16225.5444  1.53%   308 1506s
 24861  6553 16442.5818   27  337 16478.3400 16226.6267  1.53%   307 1520s
 25235  6634     cutoff   24      16478.3400 16228.0902  1.52%   305 1535s
*25286  5533              50    16424.670000 16228.0902  1.20%   305 1535s
 25591  5538 16247.4065   22  421 16424.6700 16229.2031  1.19%   304 1549s
 25823  5597     cutoff   32      16424.6700 16230.5788  1.18%   304 1563s
 26132  5628 16378.4033   28  358 16424.6700 16231.5606  1.18%   303 1578s
 26463  5657     cutoff   44      16424.6700 16233.2150  1.17%   302 1632s
 26551  5657     cutoff   37      16424.6700 16234.0773  1.16%   302 1636s
 26639  5691 16400.6921   33  257 16424.6700 16234.2748  1.16%   301 1650s
 26890  5724 16414.3864   24  365 16424.6700 16235.8342  1.15%   301 1664s
 27233  5760 16249.6335   28  291 16424.6700 16236.7535  1.14%   300 1678s
 27511  5802 16403.9342   22  386 16424.6700 16238.8207  1.13%   300 1692s
 27873  5849 16395.7005   26  365 16424.6700 16240.0265  1.12%   299 1706s
 28222  5885 16303.9257   18  382 16424.6700 16241.9294  1.11%   298 1720s
 28523  5929 16378.1537   27  114 16424.6700 16243.4355  1.10%   297 1733s
 28822  5985 16297.9611   21  376 16424.6700 16245.0818  1.09%   297 1749s
 29169  6005 16353.4004   31  313 16424.6700 16246.5091  1.08%   296 1763s
 29430  6051 16400.6860   27  417 16424.6700 16247.9996  1.08%   296 1776s
 29727  6067     cutoff   28      16424.6700 16249.4912  1.07%   295 1789s
 30011  6086     cutoff   34      16424.6700 16251.4014  1.05%   295 1803s
 30318  6130     cutoff   31      16424.6700 16252.7647  1.05%   295 1817s
 30646  6183 16334.8027   46  163 16424.6700 16254.2737  1.04%   294 1833s
 31021  6216 16302.0251   22  420 16424.6700 16255.4697  1.03%   293 1846s
 31345  6269 16382.6025   30  325 16424.6700 16257.0045  1.02%   292 1860s
 31700  6280 16298.5509   43  218 16424.6700 16258.6314  1.01%   291 1874s
 32011  6281     cutoff   29      16424.6700 16260.3265  1.00%   291 1888s
 32324  6292     cutoff   35      16424.6700 16261.9666  0.99%   291 1902s
 32710  6342 16405.7497   33  391 16424.6700 16263.4517  0.98%   290 1916s
 33098  6344 16387.6627   35  306 16424.6700 16264.6942  0.97%   289 1929s
 33363  6371 16382.9638   33  328 16424.6700 16266.4897  0.96%   288 1943s
 33689  6415     cutoff   26      16424.6700 16267.7382  0.96%   288 1957s
 34044  6439     cutoff   32      16424.6700 16269.3702  0.95%   287 1971s
 34409  6458 16401.9771   39  208 16424.6700 16270.4458  0.94%   286 1984s
 34597  6458     cutoff   34      16424.6700 16272.1951  0.93%   286 1985s
 34774  6447 16283.6548   31  131 16424.6700 16272.2119  0.93%   285 1997s
 35046  6489 16318.1012   28  172 16424.6700 16273.9180  0.92%   285 2011s
 35442  6481     cutoff   38      16424.6700 16275.7738  0.91%   284 2025s
 35756  6475     cutoff   26      16424.6700 16276.7997  0.90%   284 2039s
 36054  6542 16324.6849   28  341 16424.6700 16278.2071  0.89%   284 2053s
 36471  6542 16298.9136   25  263 16424.6700 16279.4697  0.88%   283 2067s
 36772  6588     cutoff   33      16424.6700 16280.5977  0.88%   283 2082s
 37189  6592     cutoff   30      16424.6700 16282.4071  0.87%   281 2096s
 37514  6615 16394.4632   36  264 16424.6700 16283.7048  0.86%   281 2110s
 37912  6655 16386.7025   28  259 16424.6700 16284.9294  0.85%   280 2124s
 38335  6675     cutoff   44      16424.6700 16285.9767  0.84%   279 2140s
 38679  6697 16406.6447   25  284 16424.6700 16287.2002  0.84%   278 2155s
 39174  6701 16340.9571   32  279 16424.6700 16288.6376  0.83%   277 2170s
 39582  6707     cutoff   24      16424.6700 16290.5655  0.82%   276 2183s
 40000  6705 16419.7622   28  262 16424.6700 16292.4661  0.80%   275 2197s
 40411  6721 16389.4295   28  357 16424.6700 16293.9606  0.80%   275 2212s
*40486  4889              57    16385.620000 16293.9606  0.56%   274 2212s
 40826  4805 16357.6661   52   33 16385.6200 16295.3560  0.55%   274 2226s
 41159  4731     cutoff   30      16385.6200 16297.1537  0.54%   273 2238s
 41459  4679 16359.9723   31   75 16385.6200 16299.0143  0.53%   273 2247s
 41741  4625     cutoff   34      16385.6200 16301.1384  0.52%   272 2258s
 42103  4612     cutoff   27      16385.6200 16303.1937  0.50%   272 2268s
 42440  4532 16382.8675   37  218 16385.6200 16304.9197  0.49%   271 2278s
 42720  4492     cutoff   29      16385.6200 16306.8075  0.48%   270 2288s
 43112  4412     cutoff   33      16385.6200 16309.0269  0.47%   269 2297s
 43456  4327     cutoff   44      16385.6200 16310.7549  0.46%   268 2306s
 43732  4248 16377.1169   26  371 16385.6200 16312.7461  0.44%   267 2314s
 44029  4149     cutoff   31      16385.6200 16314.7586  0.43%   267 2324s
 44327  4066     cutoff   26      16385.6200 16316.8336  0.42%   266 2332s
 44601  3977     cutoff   35      16385.6200 16318.3630  0.41%   265 2340s
 44898  3946 16375.3011   39  324 16385.6200 16320.8860  0.40%   265 2349s
 45001  3857     cutoff   35      16385.6200 16321.5107  0.39%   265 2358s
 45375  3734     cutoff   29      16385.6200 16323.7164  0.38%   263 2367s
 45739  3601     cutoff   29      16385.6200 16325.7720  0.37%   262 2374s
 45874  3601     cutoff   23      16385.6200 16326.9087  0.36%   262 2375s
 46034  3454 16333.5928   34  187 16385.6200 16328.3347  0.35%   262 2383s
 46336  3299     cutoff   52      16385.6200 16331.0132  0.33%   261 2392s
 46681  3122     cutoff   24      16385.6200 16333.8464  0.32%   260 2400s
 47022  2954 16347.0588   36  186 16385.6200 16336.5883  0.30%   259 2409s
 47379  2766     cutoff   37      16385.6200 16339.1858  0.28%   258 2417s
 47766  2606     cutoff   33      16385.6200 16342.2364  0.26%   257 2426s
 48114  2406 16359.4039   32   93 16385.6200 16344.7825  0.25%   256 2434s
 48510  2188     cutoff   37      16385.6200 16347.8995  0.23%   255 2442s
 48879  1930     cutoff   20      16385.6200 16351.4739  0.21%   254 2449s
*49084  1785              60    16383.060000 16351.4739  0.19%   253 2449s
 49292  1501     cutoff   42      16383.0600 16354.9599  0.17%   252 2457s
 49722  1189 infeasible   24      16383.0600 16358.9464  0.15%   251 2462s
 50100   846     cutoff   28      16383.0600 16364.1334  0.12%   250 2467s
 50506   469     cutoff   33      16383.0600 16369.8478  0.08%   248 2471s

Cutting planes:
  User: 2755
  Gomory: 55
  Cover: 355
  Implied bound: 40
  Clique: 21
  MIR: 275
  StrongCG: 1
  Flow cover: 568
  GUB cover: 3
  Zero half: 30
  Network: 7
  RLT: 306
  Relax-and-lift: 14
  Lazy constraints: 357

Explored 51336 nodes (12557226 simplex iterations) in 2474.86 seconds
Thread count was 2 (of 32 available processors)

Solution count 10: 16383.1 16385.6 16424.7 ... 17340.1

Optimal solution found (tolerance 1.00e-04)
Best objective 1.638306000000e+04, best bound 1.638226224580e+04, gap 0.0049%

User-callback calls 249844, time in user-callback 124.86 sec
================================================================================
executing instance: ./input/Instances/Original/6/absH6high_1n20.dat
--------------------------------------------------------------------------------
Instance details
n	21
H	6
C	1651
Li:
[0, 0, 0, 0, 0, 0, 0, 0, 0, 0, 0, 0, 0, 0, 0, 0, 0, 0, 0, 0, 0, ]
Ui:
[0, 36, 182, 182, 90, 261, 117, 30, 110, 42, 276, 153, 40, 94, 144, 46, 129, 213, 264, 160, 174, ]
Distance matrix:
|0	371	401	343	361	341	370	115	392	400	79	266	292	245	355	431	265	194	95	92	348	|
|371	0	37	141	110	250	117	438	67	131	372	305	115	238	247	255	235	296	392	430	185	|
|401	37	0	175	100	284	146	472	90	156	406	342	152	275	280	282	242	333	415	455	178	|
|343	141	175	0	239	110	38	374	95	60	314	182	67	130	106	127	318	201	397	423	303	|
|361	110	100	239	0	341	222	451	177	240	385	374	190	304	341	361	151	345	354	398	78	|
|341	250	284	110	341	0	143	337	203	151	289	102	152	97	15	95	394	156	415	431	398	|
|370	117	146	38	222	143	0	407	61	30	346	220	81	167	137	139	317	237	417	447	292	|
|115	438	472	374	451	337	407	0	443	434	66	241	339	251	351	431	374	181	201	177	450	|
|392	67	90	95	177	203	61	443	0	66	379	275	104	216	197	193	294	283	427	461	252	|
|400	131	156	60	240	151	30	434	66	0	374	237	112	189	142	127	344	261	448	477	312	|
|79	372	406	314	385	289	346	66	379	374	0	202	275	197	304	383	316	134	175	166	388	|
|266	305	342	182	374	102	220	241	275	237	202	0	191	70	117	196	386	73	352	359	415	|
|292	115	152	67	190	152	81	339	104	112	275	191	0	123	154	193	252	183	336	366	246	|
|245	238	275	130	304	97	167	251	216	189	197	70	123	0	110	187	322	72	319	334	346	|
|355	247	280	106	341	15	137	351	197	142	304	117	154	110	0	80	399	171	427	444	400	|
|431	255	282	127	361	95	139	431	193	127	383	196	193	187	80	0	444	251	499	519	429	|
|265	235	242	318	151	394	317	374	294	344	316	386	252	322	399	444	0	332	226	273	97	|
|194	296	333	201	345	156	237	181	283	261	134	73	183	72	171	251	332	0	279	286	375	|
|95	392	415	397	354	415	417	201	427	448	175	352	336	319	427	499	226	279	0	47	321	|
|92	430	455	423	398	431	447	177	461	477	166	359	366	334	444	519	273	286	47	0	368	|
|348	185	178	303	78	398	292	450	252	312	388	415	246	346	400	429	97	375	321	368	0	|

--------------------------------------------------------------------------------
Building model...
	using lazy and cut (CVRPSEP package)
Solving IRP LP...
--------------------------------------------------------------------------------

Gurobi 9.1.0 (linux64) logging started Sun Jan 10 09:06:41 2021

Gurobi Optimizer version 9.1.0 build v9.1.0rc0 (linux64)
Thread count: 32 physical cores, 32 logical processors, using up to 2 threads
Optimize a model with 1017 rows, 3159 columns and 9243 nonzeros
Model fingerprint: 0x6c121381
Variable types: 387 continuous, 2772 integer (252 binary)
Coefficient statistics:
  Matrix range     [1e+00, 8e+02]
  Objective range  [1e-01, 5e+02]
  Bounds range     [1e+00, 3e+02]
  RHS range        [1e+01, 3e+03]
Presolve removed 226 rows and 214 columns
Presolve time: 0.05s
Presolved: 791 rows, 2945 columns, 8340 nonzeros
Variable types: 299 continuous, 2646 integer (2412 binary)

Root relaxation: objective 1.252404e+04, 983 iterations, 0.02 seconds

    Nodes    |    Current Node    |     Objective Bounds      |     Work
 Expl Unexpl |  Obj  Depth IntInf | Incumbent    BestBd   Gap | It/Node Time

     0     0 12524.0417    0  163          - 12524.0417      -     -    0s
     0     0 12765.1380    0  210          - 12765.1380      -     -    0s
     0     0 12773.1774    0  166          - 12773.1774      -     -    0s
     0     0 12783.3471    0  181          - 12783.3471      -     -    0s
     0     0 12806.7482    0  188          - 12806.7482      -     -    0s
     0     0 12810.8004    0  170          - 12810.8004      -     -    0s
     0     0 12836.1139    0  191          - 12836.1139      -     -    0s
     0     0 12844.8229    0  191          - 12844.8229      -     -    0s
     0     0 12848.4064    0  188          - 12848.4064      -     -    0s
     0     0 12849.0796    0  186          - 12849.0796      -     -    0s
     0     0 12849.0796    0  186          - 12849.0796      -     -    0s
     0     0 13185.1717    0  221          - 13185.1717      -     -    0s
     0     0 13258.7639    0  247          - 13258.7639      -     -    0s
     0     0 13320.4667    0  283          - 13320.4667      -     -    0s
     0     0 13349.3250    0  293          - 13349.3250      -     -    0s
     0     0 13353.3194    0  302          - 13353.3194      -     -    0s
     0     0 13361.2450    0  293          - 13361.2450      -     -    0s
     0     0 13366.6847    0  287          - 13366.6847      -     -    0s
     0     0 13367.2728    0  294          - 13367.2728      -     -    0s
     0     0 13552.5068    0  351          - 13552.5068      -     -    0s
     0     0 13599.5811    0  381          - 13599.5811      -     -    0s
     0     0 13602.6846    0  359          - 13602.6846      -     -    1s
     0     0 13604.4332    0  371          - 13604.4332      -     -    1s
     0     0 13605.1730    0  348          - 13605.1730      -     -    1s
     0     0 13699.8380    0  389          - 13699.8380      -     -    1s
     0     0 13711.0161    0  392          - 13711.0161      -     -    1s
     0     0 13712.3852    0  386          - 13712.3852      -     -    1s
     0     0 13736.8458    0  397          - 13736.8458      -     -    1s
     0     0 13740.5125    0  386          - 13740.5125      -     -    1s
     0     0 13741.0436    0  400          - 13741.0436      -     -    1s
     0     0 13750.4178    0  377          - 13750.4178      -     -    1s
     0     0 13750.4178    0  358          - 13750.4178      -     -    1s
     0     2 13750.5850    0  358          - 13750.5850      -     -    1s
    72    75 14508.1136   19  204          - 13846.7443      -   359    5s
   472   501 16033.2969  132   59          - 13846.7443      -   138   10s
   711   715 14603.4392   63   39          - 13861.1271      -   153   15s
   782   735 16960.7904  166  425          - 14139.8052      -   144   20s
   801   751 14208.8041   18  357          - 14158.3099      -   163   25s
   884   808 14841.5383   40  294          - 14158.3099      -   179   30s
  1019   917 15043.9193   60  283          - 14158.3099      -   181   35s
  1232  1062 15966.9181   96  191          - 14158.3099      -   164   40s
  1554  1244 16461.8713  132  136          - 14158.3099      -   141   45s
* 1627  1254             297    21159.340000 14158.3099  33.1%   138   46s
  1758  1325 17486.1216  183   61 21159.3400 14158.3099  33.1%   136   50s
  1983  1414 14437.9231   20  363 21159.3400 14177.5627  33.0%   131   55s
  2062  1484 14769.4818   39  236 21159.3400 14177.5627  33.0%   133   60s
  2293  1675 15926.2033   89   24 21159.3400 14177.5627  33.0%   128   66s
  2576  1837 14396.4992   20  419 21159.3400 14181.1353  33.0%   120   71s
H 2710  1765                    20854.580000 14181.1353  32.0%   115   74s
  2711  1779 14476.7782   22  364 20854.5800 14181.1353  32.0%   116   75s
  2726  1792 14746.8043   29  260 20854.5800 14181.1353  32.0%   116   80s
  2882  2035 15682.9327   86  136 20854.5800 14181.1353  32.0%   117   86s
  3188  2172 14499.1784   18  367 20854.5800 14208.0470  31.9%   109   90s
  3295  2347 18724.6009   78   18 20854.5800 14227.7536  31.8%   111   95s
  3483  2472 15379.8813   30  186 20854.5800 14236.8290  31.7%   112  101s
  3641  2838 16949.9242   63   98 20854.5800 14236.8290  31.7%   112  106s
  4019  2950 20571.0300  118    4 20854.5800 14247.3611  31.7%   104  110s
  4163  3026 15027.9767   35  361 20854.5800 14260.1915  31.6%   106  115s
  4285  3273 17191.4214  107   73 20854.5800 14265.8021  31.6%   106  121s
  4589  3413 16444.1659  132   12 20854.5800 14265.8021  31.6%   103  125s
  4694  3612 15752.3964   46  178 20854.5800 14265.8021  31.6%   102  130s
  4987  3757 infeasible  295      20854.5800 14272.6793  31.6%  99.5  135s
  5139  4192 15487.8798   47  291 20854.5800 14272.6793  31.6%   100  143s
  5491  4316 16966.5612  112  104 20854.5800 14273.1619  31.6%  95.3  147s
  5648  4355 14946.3413   32  312 20854.5800 14274.1366  31.6%  94.3  150s
  5840  4598 14578.6450   23  421 20854.5800 14274.2712  31.6%  94.1  157s
  5973  4690 15233.0913   30  329 20854.5800 14274.2712  31.6%  93.4  160s
H 6065  4835                    20565.090000 14274.2712  30.6%  93.4  164s
  6116  4835 17812.7011   94   59 20565.0900 14288.8984  30.5%  93.2  165s
  6397  4920 20534.8500  153    4 20565.0900 14302.8349  30.5%  92.0  171s
  6480  4986 15145.5403   32  310 20565.0900 14310.2320  30.4%  93.7  177s
  6534  5131 15748.5840   61  129 20565.0900 14310.2320  30.4%  94.3  181s
  6770  5300 18069.7736  168   32 20565.0900 14311.5238  30.4%  92.6  185s
  6953  5369 15171.0698   37  368 20565.0900 14312.2925  30.4%  92.7  191s
  7007  5478 16262.9973   78  158 20565.0900 14318.8370  30.4%  93.5  195s
  7240  5853 20102.3600  172    - 20565.0900 14320.9078  30.4%  93.5  205s
  7615  5943 20264.9669  172   13 20565.0900 14321.0137  30.4%  91.3  210s
  7806  6120 16258.7356   74   47 20565.0900 14323.9258  30.3%  92.6  223s
  7905  6214     cutoff  154      20565.0900 14329.2963  30.3%  92.2  227s
  8003  6329 15166.2520   47  228 20565.0900 14329.2963  30.3%  92.9  232s
  8168  6497 15648.3608   66  132 20565.0900 14331.6050  30.3%  92.6  237s
  8345  6659 18151.1100  152   30 20565.0900 14331.8766  30.3%  92.5  242s
  8546  6795 19827.9017  233   12 20565.0900 14334.2176  30.3%  92.0  248s
  8701  6848 20421.4267  239    8 20565.0900 14334.6608  30.3%  91.9  253s
  8795  6887     cutoff  241      20565.0900 14335.3992  30.3%  92.1  257s
  8839  6943 14958.6174   35  324 20565.0900 14339.5681  30.3%  93.1  261s
  8880  7044 15337.3846   42  351 20565.0900 14339.5681  30.3%  94.2  266s
  8981  7222 15952.5433   52  214 20565.0900 14339.5681  30.3%  94.7  272s
  9183  7451 16426.6538   69   94 20565.0900 14340.8663  30.3%  94.1  279s
  9478  7495     cutoff  133      20565.0900 14343.3672  30.3%  93.3  284s
  9508  7633 15215.7069   36  410 20565.0900 14343.8425  30.3%  94.7  289s
  9654  7762 16755.1425   65  293 20565.0900 14345.4791  30.2%  94.7  294s
  9814  7899 14889.0247   34  324 20565.0900 14349.4028  30.2%  94.6  300s
  9969  7968 19143.9067  118   39 20565.0900 14351.7370  30.2%  94.7  305s
 10054  8167 15175.5615   38  293 20565.0900 14352.3579  30.2%  95.3  311s
 10248  8365 16111.7016   67  113 20565.0900 14354.4281  30.2%  95.2  316s
 10484  8418 18865.3033  191   13 20565.0900 14356.6908  30.2%  94.6  321s
 10553  8485 infeasible  194      20565.0900 14361.4777  30.2%  95.2  327s
*10647  7408             192    18861.790000 14362.4565  23.9%  95.5  331s
*10649  7389             191    18842.790000 14362.4565  23.8%  95.5  331s
*10653  7345             163    18803.780000 14364.5847  23.6%  95.8  331s
*10660  7312             162    18761.780000 14364.5847  23.4%  95.8  331s
 10678  7439 14754.2396   27  343 18761.7800 14364.5847  23.4%  96.0  336s
*10749  7287             161    18605.780000 14364.5847  22.8%  96.0  337s
 10806  7367 18196.6207   98   43 18605.7800 14365.4309  22.8%  96.3  342s
 10952  7541 15263.1519   30  283 18605.7800 14368.4092  22.8%  96.1  348s
 11105  7946 16229.4133   95   13 18605.7800 14368.6495  22.8%  96.4  357s
 11571  8186 14988.0111   28  337 18605.7800 14369.0743  22.8%  94.0  363s
 11822  8235     cutoff  178      18605.7800 14369.6424  22.8%  93.4  368s
 11879  8401 15612.4318   38  246 18605.7800 14370.9893  22.8%  93.9  374s
 12077  8447     cutoff  123      18605.7800 14372.0737  22.8%  93.6  379s
