




arguments: ./build/mirp_solver -f ./input/orig_exec_42.cfg
Current dir: /scratch/gui/bnc_mirp
File verbosity level: 9
date       time         ( uptime  ) [ thread name/id ]                   file:line     v| 
2021-01-09 03:28:28.286 (   0.063s) [main thread     ]             loguru.cpp:789   INFO| Logging to './output/vi_hc1_full/OU/V2/Original/execution_09_01_2021_03_28_28.log', mode: 'a', verbosity: 9
--------------------------------------------------------------------------------
Parameters
                           instance_path           ./input/Instances/Original/2/
                            model_policy                                       1
                             nb_vehicles                                       2
                              output_dir    ./output/vi_hc1_full/OU/V2/Original/
                            sec_strategy                                       1
                       solver_nb_threads                                       2
                         solver_show_log                                    true
                       solver_time_limit                                    3600
                              use_vi_cos                                   false
                              use_vi_cus                                   false
                         use_vi_hc1_full                                    true
                         use_vi_hc1_half                                   false
                      use_vi_hc1_quarter                                   false
                              use_vi_hc2                                   false
                              use_vi_hc3                                   false
                         use_vi_lex_full                                   false
                         use_vi_lex_half                                   false
                      use_vi_lex_quarter                                   false
                              use_vi_qua                                   false
                               use_vi_vc                                   false
                               use_vi_vr                                   false
--------------------------------------------------------------------------------
executing instance: ./input/Instances/Original/2/absH3high_3n40.dat
--------------------------------------------------------------------------------
Instance details
n	41
H	3
C	3283
Li:
[0, 0, 0, 0, 0, 0, 0, 0, 0, 0, 0, 0, 0, 0, 0, 0, 0, 0, 0, 0, 0, 0, 0, 0, 0, 0, 0, 0, 0, 0, 0, 0, 0, 0, 0, 0, 0, 0, 0, 0, 0, ]
Ui:
[0, 63, 111, 99, 96, 111, 282, 122, 156, 261, 42, 192, 126, 42, 162, 207, 159, 122, 102, 190, 118, 102, 132, 102, 165, 252, 66, 52, 22, 114, 210, 176, 116, 294, 78, 152, 210, 45, 130, 198, 174, ]
Distance matrix:
|0	208	225	252	227	143	258	127	267	150	28	83	163	286	57	149	201	137	214	255	70	73	107	186	328	266	249	343	222	177	293	144	262	215	167	120	169	218	143	173	255	|
|208	0	397	355	416	198	216	99	211	275	193	172	97	166	240	225	362	109	277	314	182	216	273	374	298	208	319	161	14	103	93	120	58	196	152	156	372	227	260	218	453	|
|225	397	0	427	53	364	482	343	492	129	253	225	382	386	171	188	39	291	187	195	295	182	282	55	326	491	180	551	408	315	457	366	455	275	392	244	221	439	341	214	101	|
|252	355	427	0	401	158	201	263	219	396	234	328	259	498	299	400	420	354	465	506	205	324	152	374	574	219	499	393	366	389	446	235	378	456	205	359	224	150	111	423	400	|
|227	416	53	401	0	357	477	352	489	165	253	245	389	424	179	223	85	315	234	245	293	200	264	42	375	488	231	565	428	344	484	370	474	314	392	270	184	430	325	252	50	|
|143	198	364	158	357	0	121	105	134	290	116	196	103	342	200	276	343	205	343	385	74	210	112	319	432	133	382	265	209	237	290	78	226	313	57	220	232	75	69	292	375	|
|258	216	482	201	477	121	0	168	18	397	230	293	135	381	314	372	459	275	437	480	188	317	228	439	501	18	479	197	222	296	290	132	212	386	95	306	347	58	173	381	496	|
|127	99	343	263	352	105	168	0	171	239	105	130	40	237	173	206	313	109	270	312	84	164	175	310	337	169	313	216	112	135	192	37	142	220	77	138	280	155	162	213	382	|
|267	211	492	219	489	134	18	171	0	404	240	298	136	376	323	376	468	276	441	483	198	324	243	450	500	2	483	181	215	294	281	136	202	386	102	309	363	75	189	384	509	|
|150	275	129	396	165	290	397	239	404	0	175	110	279	259	97	59	91	166	84	116	217	80	245	130	226	402	106	434	286	187	329	269	333	149	302	119	244	364	291	87	213	|
|28	193	253	234	253	116	230	105	240	175	0	94	139	286	84	167	229	136	234	275	43	96	98	212	341	238	271	320	206	175	281	118	244	225	140	128	180	191	124	189	280	|
|83	172	225	328	245	196	293	130	298	110	94	0	169	209	77	80	191	71	147	189	127	45	189	203	247	296	187	327	184	106	241	162	230	132	198	38	242	266	217	96	285	|
|163	97	382	259	389	103	135	40	136	279	139	169	0	253	212	244	353	141	307	349	110	203	194	347	366	133	350	183	107	161	187	27	124	251	56	175	306	133	169	249	418	|
|286	166	386	498	424	342	381	237	376	259	286	209	253	0	284	201	347	151	210	230	299	247	383	387	155	374	242	290	162	112	129	270	192	113	308	172	451	386	391	172	471	|
|57	240	171	299	179	200	314	173	323	97	84	77	212	284	0	112	145	147	170	208	127	38	148	137	299	321	201	386	253	183	315	195	297	195	222	112	171	275	195	142	214	|
|149	225	188	400	223	276	372	206	376	59	167	80	244	201	112	0	149	117	67	110	205	78	254	186	187	374	108	387	235	132	272	240	283	93	277	71	279	346	291	32	270	|
|201	362	39	420	85	343	459	313	468	91	229	191	353	347	145	149	0	254	149	160	272	150	271	66	290	466	146	518	373	278	419	339	420	235	367	207	227	418	327	175	135	|
|137	109	291	354	315	205	275	109	276	166	136	71	141	151	147	117	254	0	172	212	151	116	232	273	229	274	215	270	119	39	170	145	167	111	186	47	305	263	245	113	356	|
|214	277	187	465	234	343	437	270	441	84	234	147	307	210	170	67	149	172	0	42	272	141	317	205	144	439	43	437	284	175	307	305	331	99	343	132	327	413	357	60	283	|
|255	314	195	506	245	385	480	312	483	116	275	189	349	230	208	110	160	212	42	0	314	182	356	222	132	481	15	474	321	212	337	347	367	126	385	174	358	455	398	100	295	|
|70	182	295	205	293	74	188	84	198	217	43	127	110	299	127	205	272	151	272	314	0	137	91	253	370	196	310	292	195	188	274	85	226	252	99	155	197	148	94	223	316	|
|73	216	182	324	200	210	317	164	324	80	96	45	203	247	38	78	150	116	141	182	137	0	176	158	263	323	176	369	229	150	286	191	274	157	223	77	208	284	216	106	239	|
|107	273	282	152	264	112	228	175	243	245	98	189	194	383	148	254	271	232	317	356	91	176	0	231	435	242	349	371	286	271	365	167	315	321	164	224	120	174	61	280	274	|
|186	374	55	374	42	319	439	310	450	130	212	203	347	387	137	186	66	273	205	222	253	158	231	0	348	448	208	523	386	303	442	329	431	279	352	229	167	392	291	217	85	|
|328	298	326	574	375	432	501	337	500	226	341	247	366	155	299	187	290	229	144	132	370	263	435	348	0	498	147	441	299	206	283	374	338	119	414	215	465	492	463	157	425	|
|266	208	491	219	488	133	18	169	2	402	238	296	133	374	321	374	466	274	439	481	196	323	242	448	498	0	481	180	213	292	278	134	200	384	100	307	362	75	188	381	508	|
|249	319	180	499	231	382	479	313	483	106	271	187	350	242	201	108	146	215	43	15	310	176	349	208	147	481	0	480	326	217	346	347	373	135	385	175	347	454	392	103	280	|
|343	161	551	393	565	265	197	216	181	434	320	327	183	290	386	387	518	270	437	474	292	369	371	523	441	180	480	0	153	263	163	207	107	352	208	317	487	244	334	379	598	|
|222	14	408	366	428	209	222	112	215	286	206	184	107	162	253	235	373	119	284	321	195	229	286	386	299	213	326	153	0	109	81	132	48	201	162	167	386	236	272	226	466	|
|177	103	315	389	344	237	296	135	294	187	175	106	161	112	183	132	278	39	175	212	188	150	271	303	206	292	217	263	109	0	142	171	156	95	211	74	344	289	281	118	386	|
|293	93	457	446	484	290	290	192	281	329	281	241	187	129	315	272	419	170	307	337	274	286	365	442	283	278	346	163	81	142	0	212	79	211	241	214	461	311	353	254	525	|
|144	120	366	235	370	78	132	37	136	269	118	162	27	270	195	240	339	145	305	347	85	191	167	329	374	134	347	207	132	171	212	0	151	257	40	174	280	119	142	248	398	|
|262	58	455	378	474	226	212	142	202	333	244	230	124	192	297	283	420	167	331	367	226	274	315	431	338	200	373	107	48	156	79	151	0	245	173	214	421	237	293	273	510	|
|215	196	275	456	314	313	386	220	386	149	225	132	251	113	195	93	235	111	99	126	252	157	321	279	119	384	135	352	201	95	211	257	245	0	297	97	365	374	345	62	362	|
|167	152	392	205	392	57	95	77	102	302	140	198	56	308	222	277	367	186	343	385	99	223	164	352	414	100	385	208	162	211	241	40	173	297	0	213	283	79	126	287	415	|
|120	156	244	359	270	220	306	138	309	119	128	38	175	172	112	71	207	47	132	174	155	77	224	229	215	307	175	317	167	74	214	174	214	97	213	0	280	286	248	75	313	|
|169	372	221	224	184	232	347	280	363	244	180	242	306	451	171	279	227	305	327	358	197	208	120	167	465	362	347	487	386	344	461	280	421	365	283	280	0	291	175	310	176	|
|218	227	439	150	430	75	58	155	75	364	191	266	133	386	275	346	418	263	413	455	148	284	174	392	492	75	454	244	236	289	311	119	237	374	79	286	291	0	116	359	445	|
|143	260	341	111	325	69	173	162	189	291	124	217	169	391	195	291	327	245	357	398	94	216	61	291	463	188	392	334	272	281	353	142	293	345	126	248	175	116	0	313	335	|
|173	218	214	423	252	292	381	213	384	87	189	96	249	172	142	32	175	113	60	100	223	106	280	217	157	381	103	379	226	118	254	248	273	62	287	75	310	359	313	0	300	|
|255	453	101	400	50	375	496	382	509	213	280	285	418	471	214	270	135	356	283	295	316	239	274	85	425	508	280	598	466	386	525	398	510	362	415	313	176	445	335	300	0	|

--------------------------------------------------------------------------------
Building model...
	using lazy and cut (CVRPSEP package)
Solving IRP LP...
--------------------------------------------------------------------------------

Gurobi 9.1.0 (linux64) logging started Sat Jan  9 03:28:28 2021

Gurobi Optimizer version 9.1.0 build v9.1.0rc0 (linux64)
Thread count: 32 physical cores, 32 logical processors, using up to 2 threads
Optimize a model with 1019 rows, 5570 columns and 15242 nonzeros
Model fingerprint: 0x2a5ad5e7
Variable types: 404 continuous, 5166 integer (246 binary)
Coefficient statistics:
  Matrix range     [1e+00, 2e+03]
  Objective range  [1e-01, 6e+02]
  Bounds range     [1e+00, 3e+02]
  RHS range        [1e+01, 6e+03]
Presolve removed 289 rows and 283 columns
Presolve time: 0.10s
Presolved: 730 rows, 5287 columns, 13664 nonzeros
Variable types: 239 continuous, 5048 integer (4806 binary)

Root relaxation: objective 1.221742e+04, 646 iterations, 0.02 seconds

    Nodes    |    Current Node    |     Objective Bounds      |     Work
 Expl Unexpl |  Obj  Depth IntInf | Incumbent    BestBd   Gap | It/Node Time

     0     0 12217.4220    0  104          - 12217.4220      -     -    0s
     0     0 12719.5791    0   80          - 12719.5791      -     -    0s
     0     0 12719.5791    0   79          - 12719.5791      -     -    0s
     0     0 13341.8457    0  196          - 13341.8457      -     -    0s
     0     0 13444.6038    0  227          - 13444.6038      -     -    0s
     0     0 13465.2409    0  236          - 13465.2409      -     -    0s
     0     0 13465.8679    0  223          - 13465.8679      -     -    0s
     0     0 13606.5054    0  196          - 13606.5054      -     -    0s
     0     0 13636.7770    0  249          - 13636.7770      -     -    1s
     0     0 13649.3110    0  255          - 13649.3110      -     -    1s
     0     0 13661.9364    0  268          - 13661.9364      -     -    1s
     0     0 13667.2940    0  272          - 13667.2940      -     -    1s
     0     0 13667.4909    0  269          - 13667.4909      -     -    1s
     0     0 13691.6468    0  306          - 13691.6468      -     -    1s
     0     0 13698.1786    0  302          - 13698.1786      -     -    1s
     0     0 13700.5477    0  304          - 13700.5477      -     -    1s
     0     0 13701.2096    0  300          - 13701.2096      -     -    1s
     0     0 13707.7221    0  328          - 13707.7221      -     -    1s
     0     0 13707.7221    0  328          - 13707.7221      -     -    1s
     0     2 13711.6340    0  303          - 13711.6340      -     -    2s
   116   123 14369.2257   35   78          - 13726.6995      -   154    5s
   539   548 13835.7548    5  292          - 13749.7299      -  71.8   10s
   735   700 14507.2540   38  319          - 13812.3932      -  72.0   15s
   754   713 14910.4449   78  367          - 13841.9249      -  70.2   20s
   819   762 14529.8031   35   81          - 13871.2409      -  85.0   25s
* 1019   847             112    15399.360000 13871.2409  9.92%  82.8   28s
  1056   839 13992.8126   19  250 15399.3600 13872.5620  9.91%  83.0   30s
H 1076   788                    15198.280000 13872.5620  8.72%  83.4   32s
H 1125   770                    15121.030000 13872.5620  8.26%  84.3   34s
  1146   793 14160.3770   27  142 15121.0300 13872.5620  8.26%  85.1   35s
H 1170   733                    14884.520000 13872.5620  6.80%  85.3   35s
  1277   760 14558.8218   43  125 14884.5200 13872.5620  6.80%  86.0   40s
  1443   877 14020.8880   20  281 14884.5200 13912.5127  6.53%  86.2   45s
* 1504   812             107    14791.050000 13912.5127  5.94%  84.5   46s
  1557   810 14305.4030   23  278 14791.0500 13912.5127  5.94%  88.1   50s
  1638   889 14406.2309   41   41 14791.0500 13912.5127  5.94%  93.8   55s
  1782   934 14550.3386   78   16 14791.0500 13912.5127  5.94%  93.0   60s
  1903   978 14497.9339   38  147 14791.0500 13962.8854  5.60%  94.3   65s
  1965   990 14151.1719   21  169 14791.0500 13963.2081  5.60%  95.4   70s
  1973   994 14090.4933   22  263 14791.0500 13963.2081  5.60%  95.6   80s
  2033  1030 14182.0424   24  239 14791.0500 13963.2081  5.60%  97.1   85s
  2141  1083 14750.3900   49   16 14791.0500 13970.6249  5.55%  98.2   90s
  2243  1169 14543.7488   74  142 14791.0500 13972.1800  5.54%  99.5   95s
  2346  1210 14532.2743   49  142 14791.0500 13975.0898  5.52%   100  100s
  2460  1303 14383.5981   52  139 14791.0500 13975.0898  5.52%   103  106s
  2571  1383 14554.9847   32  171 14791.0500 13986.2279  5.44%   104  111s
  2693  1523 14282.7760   29  207 14791.0500 13986.2279  5.44%   105  116s
  2827  1595 14426.1986   24  147 14791.0500 13988.0690  5.43%   106  122s
  2950  1691 14710.6954   35  133 14791.0500 13996.5037  5.37%   107  127s
  3014  1713 14302.5512   25  164 14791.0500 13996.5438  5.37%   108  130s
  3123  1815 14036.4019   24  386 14791.0500 13996.6162  5.37%   109  136s
  3204  1882     cutoff   96      14791.0500 13996.6162  5.37%   109  140s
  3404  2082 14274.0945   35  282 14791.0500 14011.6527  5.27%   107  147s
  3479  2154 14434.9149   53  208 14791.0500 14018.0051  5.23%   107  151s
  3573  2230 14173.5455   26   84 14791.0500 14020.5813  5.21%   107  155s
  3718  2325 14500.3742   45  179 14791.0500 14022.4171  5.20%   107  171s
  3780  2405 14206.6405   36  242 14791.0500 14024.5195  5.18%   108  175s
  3891  2479 14242.8522   24  173 14791.0500 14024.8159  5.18%   109  180s
  3993  2556 14704.1894   52   55 14791.0500 14026.8987  5.17%   109  185s
  4087  2662 14530.8140   61   79 14791.0500 14030.4298  5.14%   109  190s
* 4161  2653              96    14772.730000 14035.9998  4.99%   109  190s
  4231  2713 infeasible   78      14772.7300 14036.1387  4.99%   108  195s
  4307  2803 14528.1950   49   42 14772.7300 14039.7515  4.96%   110  200s
  4459  2857     cutoff   76      14772.7300 14043.1563  4.94%   109  205s
  4560  2939 14452.0512   42   89 14772.7300 14045.4279  4.92%   110  210s
  4733  3095 14452.0992   37  133 14772.7300 14047.6031  4.91%   111  220s
  4831  3229     cutoff   61      14772.7300 14048.6450  4.90%   111  225s
  4991  3325     cutoff   81      14772.7300 14050.6219  4.89%   111  232s
  5117  3409 14226.1140   23  183 14772.7300 14051.6758  4.88%   111  238s
  5228  3460 14264.5176   26  294 14772.7300 14053.0155  4.87%   112  245s
  5299  3541 14739.7500   64    - 14772.7300 14053.1066  4.87%   113  258s
  5383  3667 14443.9360   29  222 14772.7300 14053.7337  4.87%   114  265s
  5556  3866 14571.6384   58   14 14772.7300 14057.2046  4.84%   115  272s
  5778  4004 infeasible  102      14772.7300 14065.1823  4.79%   114  280s
  5971  4157     cutoff   63      14772.7300 14066.9286  4.78%   113  288s
  6152  4222     cutoff  108      14772.7300 14069.3218  4.76%   113  294s
  6241  4356 14258.7188   24  391 14772.7300 14069.6674  4.76%   114  302s
  6390  4440 14644.6974   46   21 14772.7300 14069.7605  4.76%   115  309s
  6438  4440 14684.2524   70   12 14772.7300 14069.7605  4.76%   114  310s
  6575  4581 14116.6054   27  292 14772.7300 14071.5619  4.75%   114  318s
  6761  4704 14368.4484   52   58 14772.7300 14072.3110  4.74%   113  326s
* 6823  3339              88    14592.500000 14072.3110  3.56%   113  326s
  6916  3397     cutoff   91      14592.5000 14074.5850  3.55%   113  333s
  7023  3495 14251.2929   28  275 14592.5000 14075.2181  3.54%   114  340s
  7175  3552 14336.5500   31    - 14592.5000 14078.8608  3.52%   114  348s
  7260  3618 14495.8675   38   53 14592.5000 14080.4465  3.51%   115  356s
  7360  3698 14567.7900   44    - 14592.5000 14081.4036  3.50%   116  363s
  7468  3761 14573.1000   42    - 14592.5000 14082.5817  3.49%   118  372s
  7561  3895     cutoff   42      14592.5000 14084.3772  3.48%   118  380s
* 7671  3822              70    14584.480000 14088.5902  3.40%   119  380s
  7718  3928 14486.9675   33  169 14584.4800 14088.8946  3.40%   119  390s
H 7869  3944                    14574.320000 14089.9764  3.32%   120  398s
  8008  4067     cutoff   48      14574.3200 14092.0164  3.31%   120  407s
  8180  4140 14355.3360   33   54 14574.3200 14093.7559  3.30%   121  416s
  8295  4225 14526.8029   56   17 14574.3200 14094.2282  3.29%   121  431s
H 8369  3968                    14548.640000 14095.9556  3.11%   121  433s
H 8400  3754                    14529.260000 14095.9556  2.98%   121  433s
  8401  3858     cutoff   58      14529.2600 14096.7448  2.98%   121  441s
  8542  3970 14397.0113   38   86 14529.2600 14098.0227  2.97%   122  449s
  8592  3970 14387.8758   34  240 14529.2600 14098.0227  2.97%   122  450s
  8715  4049 14430.6179   41  270 14529.2600 14099.4009  2.96%   122  458s
  8842  4147 14452.3834   44  154 14529.2600 14102.0247  2.94%   123  468s
  8967  4252 14375.3324   37  121 14529.2600 14103.7666  2.93%   123  477s
  9141  4338 14265.0640   32  316 14529.2600 14106.6495  2.91%   124  486s
  9292  4431 14486.3809   58   27 14529.2600 14107.1020  2.91%   124  494s
  9353  4433 14465.9666   43  178 14529.2600 14107.1020  2.91%   125  495s
  9443  4505 14509.2165   45  154 14529.2600 14109.2281  2.89%   125  503s
H 9570  4526                    14525.880000 14110.5667  2.86%   126  511s
  9664  4603 14237.8259   32  275 14525.8800 14111.5411  2.85%   127  520s
  9766  4706 14170.4637   27  239 14525.8800 14113.2003  2.84%   128  529s
H 9841  4424                    14503.580000 14113.2003  2.69%   128  529s
  9903  4424 14421.6733   63  117 14503.5800 14113.3378  2.69%   128  530s
  9937  4493 14420.9071   30  178 14503.5800 14113.8206  2.69%   128  544s
 10063  4604 14293.4092   36  252 14503.5800 14115.7407  2.67%   129  553s
H10174  4582                    14501.820000 14116.4272  2.66%   129  554s
 10256  4582 14388.9032   30   86 14501.8200 14116.4272  2.66%   129  555s
 10259  4747     cutoff   59      14501.8200 14117.1637  2.65%   129  563s
 10444  4747 14293.8210   40   57 14501.8200 14119.8337  2.63%   128  565s
 10483  4871 14434.5030   29  257 14501.8200 14120.4778  2.63%   128  573s
 10662  4948 14233.1177   21  169 14501.8200 14122.3104  2.62%   129  581s
H10765  4481                    14463.910000 14123.1625  2.36%   129  633s
 10913  4505     cutoff   35      14463.9100 14123.8500  2.35%   130  642s
H11029  3160                    14393.660000 14124.4165  1.87%   131  650s
 11135  3174     cutoff   25      14393.6600 14126.1284  1.86%   132  658s
 11216  3224     cutoff   33      14393.6600 14126.4504  1.86%   133  666s
 11367  3291 14227.8911   30  284 14393.6600 14128.3109  1.84%   134  682s
 11507  3325 14279.9014   33  120 14393.6600 14129.7735  1.83%   134  691s
 11627  3373 14288.1596   26  183 14393.6600 14132.0365  1.82%   135  700s
 11775  3429     cutoff   25      14393.6600 14133.7289  1.81%   136  709s
 11943  3487 14331.3241   29  155 14393.6600 14135.7026  1.79%   136  717s
 12078  3581     cutoff   35      14393.6600 14137.7859  1.78%   136  728s
 12145  3581 14244.1125   38   19 14393.6600 14137.7859  1.78%   137  735s
H12260  3474                    14386.589990 14139.7345  1.72%   137  744s
 12321  3475 14267.6302   38   71 14386.5900 14140.2994  1.71%   137  745s
 12388  3537     cutoff   37      14386.5900 14142.4325  1.70%   137  753s
 12514  3582     cutoff   32      14386.5900 14143.7903  1.69%   138  763s
H12657  3176                    14363.550000 14146.1769  1.51%   139  772s
 12793  3210 14299.4735   27  265 14363.5500 14147.9574  1.50%   139  780s
 12928  3274 14281.6175   28  230 14363.5500 14150.4702  1.48%   140  791s
 13086  3289     cutoff   30      14363.5500 14151.3742  1.48%   141  801s
 13189  3320     cutoff   27      14363.5500 14152.0650  1.47%   142  810s
 13306  3351     cutoff   26      14363.5500 14153.2136  1.46%   143  820s
 13461  3392 14312.9182   24  263 14363.5500 14154.5491  1.46%   144  830s
 13608  3431 14325.0478   24  374 14363.5500 14155.6508  1.45%   144  839s
 13749  3493 14307.2831   32  312 14363.5500 14157.2080  1.44%   145  849s
 13923  3569 14300.9176   30  274 14363.5500 14158.6505  1.43%   145  859s
 14060  3569 14350.1310   31  106 14363.5500 14160.0338  1.42%   146  860s
 14097  3649 14256.9264   22  238 14363.5500 14160.0756  1.42%   146  869s
 14190  3650 14302.7564   37  121 14363.5500 14162.1994  1.40%   146  870s
 14320  3716 infeasible   41      14363.5500 14162.7131  1.40%   146  880s
 14507  3762 14200.8631   34  307 14363.5500 14164.9005  1.38%   146  890s
 14632  3810 14259.5065   27  246 14363.5500 14166.2320  1.37%   146  900s
 14793  3852     cutoff   39      14363.5500 14167.9870  1.36%   147  911s
 14940  3913     cutoff   29      14363.5500 14168.8706  1.36%   147  921s
 15108  3972     cutoff   39      14363.5500 14169.6478  1.35%   148  932s
 15281  4005 14221.4763   34  218 14363.5500 14171.2552  1.34%   148  942s
 15439  4068     cutoff   41      14363.5500 14173.0330  1.33%   148  954s
 15634  4117 14280.2117   31  158 14363.5500 14173.6322  1.32%   149  965s
 15789  4162 14299.8053   28  240 14363.5500 14175.6488  1.31%   149  975s
 15956  4198 14338.8959   26  211 14363.5500 14176.7322  1.30%   149  986s
 16139  4289     cutoff   28      14363.5500 14178.6857  1.29%   150  996s
 16363  4345 14316.7556   29  144 14363.5500 14179.8682  1.28%   150 1007s
 16522  4395 14325.1913   39  152 14363.5500 14180.7603  1.27%   150 1019s
 16688  4471 14284.2856   27  189 14363.5500 14181.7179  1.27%   150 1030s
 16903  4577 14276.5862   32  244 14363.5500 14182.6106  1.26%   151 1042s
 17162  4647 14360.5600   42    - 14363.5500 14183.7776  1.25%   151 1053s
 17372  4694 14357.6533   43   45 14363.5500 14185.7830  1.24%   151 1064s
 17550  4737     cutoff   42      14363.5500 14187.0883  1.23%   151 1074s
 17734  4793 14244.0226   32  342 14363.5500 14188.9053  1.22%   151 1085s
 17931  4857 14313.8820   38  117 14363.5500 14189.5768  1.21%   151 1096s
 18139  4883 14325.1429   29   98 14363.5500 14191.1442  1.20%   151 1107s
 18321  4935 14247.8738   22  208 14363.5500 14192.4832  1.19%   151 1117s
 18484  5033 14335.2947   32  217 14363.5500 14193.2631  1.19%   152 1128s
 18705  5092 14324.1593   45   86 14363.5500 14194.4051  1.18%   152 1139s
 18909  5122     cutoff   23      14363.5500 14195.7448  1.17%   152 1151s
 19101  5145 14326.3804   36  112 14363.5500 14196.9001  1.16%   152 1161s
 19246  5170     cutoff   38      14363.5500 14197.8696  1.15%   153 1171s
 19434  5240 14285.9389   32   52 14363.5500 14198.7112  1.15%   153 1183s
 19687  5321     cutoff   36      14363.5500 14200.4036  1.14%   153 1194s
 19718  5321 14348.5257   56   24 14363.5500 14200.4036  1.14%   153 1195s
 19892  5370 14334.5404   38   45 14363.5500 14201.2948  1.13%   154 1205s
 20092  5413 14263.8177   30  254 14363.5500 14202.4118  1.12%   154 1216s
 20280  5438 14276.7158   33  168 14363.5500 14203.5309  1.11%   154 1227s
 20436  5499     cutoff   37      14363.5500 14204.2245  1.11%   154 1238s
 20626  5543 infeasible   36      14363.5500 14205.4187  1.10%   154 1249s
 20687  5544 14310.2720   37   55 14363.5500 14205.4187  1.10%   154 1250s
 20814  5591     cutoff   37      14363.5500 14206.7595  1.09%   154 1261s
 21018  5643     cutoff   30      14363.5500 14207.3587  1.09%   154 1272s
 21231  5708 14356.5188   42   44 14363.5500 14208.3052  1.08%   154 1283s
 21432  5738     cutoff   44      14363.5500 14209.7068  1.07%   154 1294s
 21620  5785     cutoff   42      14363.5500 14210.7625  1.06%   155 1306s
 21800  5822     cutoff   43      14363.5500 14211.6830  1.06%   155 1317s
 22002  5868 14319.6253   51  189 14363.5500 14212.5483  1.05%   155 1329s
 22071  5868 14235.0769   31  279 14363.5500 14212.5483  1.05%   155 1330s
 22255  5926 14319.2906   29   74 14363.5500 14213.5908  1.04%   155 1342s
 22444  5969 14306.8806   34  311 14363.5500 14214.1730  1.04%   155 1355s
 22670  6036 14231.4065   35  164 14363.5500 14214.6203  1.04%   155 1368s
 22893  6056 14294.7374   33  149 14363.5500 14214.9810  1.03%   155 1381s
 23111  6065 14352.0377   37  141 14363.5500 14215.9048  1.03%   155 1392s
 23296  6115     cutoff   30      14363.5500 14216.9346  1.02%   155 1406s
 23526  6161 14348.7168   42  161 14363.5500 14217.3791  1.02%   155 1418s
 23722  6196 14352.9655   43   39 14363.5500 14218.1605  1.01%   155 1430s
 23939  6245 14334.0628   30  254 14363.5500 14219.1929  1.01%   155 1441s
 24151  6294 infeasible   43      14363.5500 14219.8744  1.00%   155 1453s
 24355  6378 14355.1726   40  153 14363.5500 14220.6478  0.99%   155 1466s
 24596  6438 14347.2193   37   86 14363.5500 14221.3131  0.99%   155 1479s
 24819  6513     cutoff   25      14363.5500 14221.7949  0.99%   155 1491s
 25034  6517     cutoff   34      14363.5500 14222.3650  0.98%   155 1504s
 25242  6537     cutoff   34      14363.5500 14223.0149  0.98%   155 1522s
 25371  6570 14299.3431   35   21 14363.5500 14223.2379  0.98%   156 1536s
 25551  6623 14263.5918   25  245 14363.5500 14223.9919  0.97%   156 1548s
 25775  6664 14285.6574   32   89 14363.5500 14224.7439  0.97%   156 1560s
 25989  6703     cutoff   28      14363.5500 14225.9025  0.96%   156 1571s
 26210  6749 14276.7091   27  159 14363.5500 14226.4902  0.95%   155 1583s
 26442  6777     cutoff   46      14363.5500 14227.3682  0.95%   155 1595s
 26643  6801 14286.8898   29  282 14363.5500 14228.0852  0.94%   156 1607s
 26855  6842     cutoff   44      14363.5500 14229.0663  0.94%   156 1620s
 27079  6900     cutoff   41      14363.5500 14229.8609  0.93%   156 1632s
 27325  6970     cutoff   30      14363.5500 14230.4837  0.93%   156 1645s
 27593  6993 14354.0600   56    - 14363.5500 14231.3383  0.92%   155 1660s
 27818  7048     cutoff   56      14363.5500 14232.0637  0.92%   155 1672s
 28051  7073 14327.7260   35  241 14363.5500 14233.1857  0.91%   155 1685s
 28257  7115     cutoff   37      14363.5500 14233.7923  0.90%   156 1698s
 28510  7125 14296.3908   36  179 14363.5500 14234.2844  0.90%   155 1785s
H28516  7075                    14361.960000 14234.2844  0.89%   155 1786s
 28524  7106 14340.8490   40   94 14361.9600 14234.3353  0.89%   155 1800s
 28762  7177 14272.2943   28  175 14361.9600 14234.8611  0.88%   155 1815s
*29028  6119              41    14334.450000 14235.1843  0.69%   156 1829s
 29256  6119 14330.8657   39   85 14334.4500 14235.8192  0.69%   155 1830s
 29290  6100     cutoff   35      14334.4500 14235.8890  0.69%   155 1842s
 29501  6114     cutoff   37      14334.4500 14236.9318  0.68%   155 1856s
 29708  6119     cutoff   25      14334.4500 14237.8417  0.67%   156 1870s
 29961  6117 14307.9325   25  305 14334.4500 14238.7342  0.67%   156 1885s
 30196  6139 14332.2294   50   37 14334.4500 14239.3122  0.66%   156 1900s
*30362  5910              37    14331.170000 14240.0045  0.64%   156 1901s
 30473  5911     cutoff   38      14331.1700 14240.0492  0.64%   156 1914s
 30647  5911 14278.9421   32  189 14331.1700 14240.5777  0.63%   156 1915s
 30660  5881     cutoff   37      14331.1700 14240.6325  0.63%   156 1927s
 30851  5875     cutoff   31      14331.1700 14242.2681  0.62%   156 1944s
 31142  5836 14293.8923   36  218 14331.1700 14243.2822  0.61%   156 1960s
 31390  5818     cutoff   30      14331.1700 14244.6751  0.60%   156 1976s
 31655  5816 14303.2376   25  181 14331.1700 14245.8675  0.60%   157 1992s
 31931  5781     cutoff   48      14331.1700 14246.9705  0.59%   157 2007s
 32168  5768 14327.9258   31   67 14331.1700 14248.5382  0.58%   157 2022s
 32462  5753 14318.3806   37  162 14331.1700 14249.5783  0.57%   157 2037s
 32745  5719 14314.2308   36  151 14331.1700 14250.8972  0.56%   157 2052s
 32970  5694 14300.4253   31  160 14331.1700 14252.1745  0.55%   157 2067s
 33224  5671 14306.2353   32  310 14331.1700 14253.4419  0.54%   157 2082s
 33497  5648     cutoff   34      14331.1700 14254.6433  0.53%   157 2097s
 33760  5608     cutoff   26      14331.1700 14255.6536  0.53%   157 2115s
 33976  5589     cutoff   35      14331.1700 14256.6841  0.52%   157 2131s
 34255  5520 14299.0323   36  187 14331.1700 14257.7310  0.51%   157 2147s
 34493  5482 14297.1326   36  257 14331.1700 14259.2061  0.50%   157 2162s
 34733  5423     cutoff   43      14331.1700 14260.7866  0.49%   157 2178s
 35018  5390 14305.1433   27  193 14331.1700 14262.2593  0.48%   158 2195s
 35357  5305     cutoff   36      14331.1700 14263.1622  0.47%   157 2213s
 35632  5233     cutoff   45      14331.1700 14264.3616  0.47%   158 2231s
 35920  5141     cutoff   39      14331.1700 14265.6751  0.46%   158 2246s
 36205  5070 14303.8307   29  166 14331.1700 14267.1688  0.45%   158 2262s
 36486  4977     cutoff   30      14331.1700 14268.6201  0.44%   158 2279s
 36778  4912 14313.5367   29  187 14331.1700 14270.2607  0.43%   158 2296s
 37132  4840 14311.2205   31  152 14331.1700 14271.6354  0.42%   158 2314s
 37473  4752     cutoff   51      14331.1700 14273.0165  0.41%   157 2331s
 37797  4663     cutoff   43      14331.1700 14274.6250  0.39%   157 2349s
 38124  4552 14322.6896   31  136 14331.1700 14275.7905  0.39%   157 2367s
 38513  4455 14307.4202   37  277 14331.1700 14277.3869  0.38%   157 2384s
 38872  4347     cutoff   29      14331.1700 14279.0009  0.36%   157 2401s
 39176  4250     cutoff   32      14331.1700 14280.2317  0.36%   157 2416s
 39452  4124     cutoff   34      14331.1700 14281.9229  0.34%   157 2434s
 39791  3965     cutoff   24      14331.1700 14283.7727  0.33%   157 2452s
 39937  3965 14316.8294   28   88 14331.1700 14283.7727  0.33%   157 2473s
 40143  3807 14322.9300   39   13 14331.1700 14285.4632  0.32%   157 2490s
 40530  3660     cutoff   38      14331.1700 14287.4109  0.31%   156 2508s
 40903  3492     cutoff   34      14331.1700 14289.2539  0.29%   156 2526s
 41307  3317     cutoff   39      14331.1700 14291.2061  0.28%   156 2541s
 41611  3124     cutoff   48      14331.1700 14293.2042  0.26%   156 2556s
 41947  2913     cutoff   36      14331.1700 14295.4595  0.25%   155 2573s
 42300  2681     cutoff   42      14331.1700 14297.5465  0.23%   155 2588s
 42659  2425     cutoff   40      14331.1700 14299.9456  0.22%   155 2602s
 43045  2144     cutoff   39      14331.1700 14302.3506  0.20%   155 2617s
 43482  1835     cutoff   45      14331.1700 14305.2088  0.18%   154 2638s
 43863  1495     cutoff   40      14331.1700 14308.4750  0.16%   154 2653s
 44275  1123     cutoff   41      14331.1700 14312.2669  0.13%   154 2665s
 44697   711     cutoff   65      14331.1700 14316.5100  0.10%   153 2674s
 45153   258     cutoff   40      14331.1700 14321.3296  0.07%   152 2682s
 45625     0     cutoff   39      14331.1700 14327.0336  0.03%   151 2686s

Cutting planes:
  User: 2019
  Gomory: 21
  Cover: 252
  Implied bound: 28
  Clique: 22
  MIR: 125
  StrongCG: 5
  Flow cover: 311
  Zero half: 23
  Network: 1
  RLT: 194
  Relax-and-lift: 4
  Lazy constraints: 3578

Explored 45885 nodes (6882232 simplex iterations) in 2686.25 seconds
Thread count was 2 (of 32 available processors)

Solution count 10: 14331.2 14334.4 14362 ... 14525.9

Optimal solution found (tolerance 1.00e-04)
Best objective 1.433117000000e+04, best bound 1.433117000000e+04, gap 0.0000%

User-callback calls 258429, time in user-callback 200.86 sec
================================================================================
executing instance: ./input/Instances/Original/2/absH3high_4n10.dat
--------------------------------------------------------------------------------
Instance details
n	11
H	3
C	822
Li:
[0, 0, 0, 0, 0, 0, 0, 0, 0, 0, 0, ]
Ui:
[0, 102, 52, 88, 182, 153, 138, 38, 165, 297, 86, ]
Distance matrix:
|0	285	411	382	327	239	148	256	307	36	383	|
|285	0	352	98	249	103	227	235	120	268	209	|
|411	352	0	395	106	430	263	549	234	429	174	|
|382	98	395	0	302	173	320	288	168	364	227	|
|327	249	106	302	0	324	179	444	135	339	109	|
|239	103	430	173	324	0	241	132	212	212	305	|
|148	227	263	320	179	241	0	325	192	165	249	|
|256	235	549	288	444	132	325	0	342	220	436	|
|307	120	234	168	135	212	192	342	0	304	94	|
|36	268	429	364	339	212	165	220	304	0	386	|
|383	209	174	227	109	305	249	436	94	386	0	|

--------------------------------------------------------------------------------
Building model...
	using lazy and cut (CVRPSEP package)
Solving IRP LP...
--------------------------------------------------------------------------------

Gurobi 9.1.0 (linux64) logging started Sat Jan  9 04:13:15 2021

Gurobi Optimizer version 9.1.0 build v9.1.0rc0 (linux64)
Thread count: 32 physical cores, 32 logical processors, using up to 2 threads
Optimize a model with 269 rows, 500 columns and 1577 nonzeros
Model fingerprint: 0xe8511a99
Variable types: 104 continuous, 396 integer (66 binary)
Coefficient statistics:
  Matrix range     [1e+00, 4e+02]
  Objective range  [2e-01, 5e+02]
  Bounds range     [1e+00, 3e+02]
  RHS range        [2e+01, 1e+03]
Presolve removed 88 rows and 81 columns
Presolve time: 0.01s
Presolved: 181 rows, 419 columns, 1267 nonzeros
Variable types: 56 continuous, 363 integer (306 binary)

Root relaxation: objective 3.761949e+03, 233 iterations, 0.00 seconds

    Nodes    |    Current Node    |     Objective Bounds      |     Work
 Expl Unexpl |  Obj  Depth IntInf | Incumbent    BestBd   Gap | It/Node Time

     0     0 3761.94913    0   50          - 3761.94913      -     -    0s
H    0     0                    7293.9300000 3761.94913  48.4%     -    0s
     0     0 3922.98868    0   37 7293.93000 3922.98868  46.2%     -    0s
H    0     0                    7066.9300000 3922.98868  44.5%     -    0s
     0     0 4017.68014    0   52 7066.93000 4017.68014  43.1%     -    0s
     0     0 4020.40488    0   62 7066.93000 4020.40488  43.1%     -    0s
     0     0 4020.86242    0   60 7066.93000 4020.86242  43.1%     -    0s
     0     0 4020.89870    0   60 7066.93000 4020.89870  43.1%     -    0s
     0     0 4087.40130    0   66 7066.93000 4087.40130  42.2%     -    0s
H    0     0                    6370.4200000 4087.40130  35.8%     -    0s
H    0     0                    6351.4200000 4087.40130  35.6%     -    0s
     0     0 4151.83121    0   76 6351.42000 4151.83121  34.6%     -    0s
     0     0 4177.91652    0   74 6351.42000 4177.91652  34.2%     -    0s
     0     0 4178.51358    0   88 6351.42000 4178.51358  34.2%     -    0s
     0     0 4178.56667    0   88 6351.42000 4178.56667  34.2%     -    0s
     0     0 4212.37123    0   82 6351.42000 4212.37123  33.7%     -    0s
H    0     0                    6033.7700000 4212.37123  30.2%     -    0s
H    0     0                    5900.0700000 4212.37123  28.6%     -    0s
     0     0 4218.43360    0   88 5900.07000 4218.43360  28.5%     -    0s
     0     0 4219.04976    0   89 5900.07000 4219.04976  28.5%     -    0s
     0     0 4219.30835    0   89 5900.07000 4219.30835  28.5%     -    0s
     0     0 4226.11809    0   93 5900.07000 4226.11809  28.4%     -    0s
     0     0 4226.77393    0   92 5900.07000 4226.77393  28.4%     -    0s
     0     0 4228.87065    0   96 5900.07000 4228.87065  28.3%     -    0s
     0     0 4228.87065    0   96 5900.07000 4228.87065  28.3%     -    0s
     0     2 4275.26346    0   96 5900.07000 4275.26346  27.5%     -    0s
H   17    20                    5463.4100000 4351.34573  20.4%  51.9    0s
H   32    36                    5194.3100000 4351.34573  16.2%  50.1    0s
*   41    35              14    5103.9600000 4363.48068  14.5%  44.8    0s
H   64    52                    5093.9600000 4363.48068  14.3%  40.2    0s
H  238   131                    5055.7800000 4577.19141  9.47%  32.6    0s
H  379   138                    5031.0000000 4619.09136  8.19%  29.1    1s

Cutting planes:
  User: 364
  Gomory: 5
  Cover: 64
  Implied bound: 6
  Clique: 7
  MIR: 24
  Flow cover: 70
  GUB cover: 1
  RLT: 44
  Relax-and-lift: 3
  Lazy constraints: 80

Explored 1275 nodes (35967 simplex iterations) in 2.31 seconds
Thread count was 2 (of 32 available processors)

Solution count 10: 5031 5055.78 5093.96 ... 6370.42

Optimal solution found (tolerance 1.00e-04)
Best objective 5.031000000000e+03, best bound 5.031000000000e+03, gap 0.0000%

User-callback calls 3199, time in user-callback 0.35 sec
================================================================================
executing instance: ./input/Instances/Original/2/absH3high_3n20.dat
--------------------------------------------------------------------------------
Instance details
n	21
H	3
C	1536
Li:
[0, 0, 0, 0, 0, 0, 0, 0, 0, 0, 0, 0, 0, 0, 0, 0, 0, 0, 0, 0, 0, ]
Ui:
[0, 48, 207, 156, 294, 207, 297, 54, 114, 90, 228, 132, 84, 64, 51, 153, 60, 39, 195, 82, 130, ]
Distance matrix:
|0	41	141	324	154	98	307	402	160	217	284	269	188	233	54	185	307	149	286	276	103	|
|41	0	114	285	184	88	285	385	200	197	251	230	189	270	48	205	295	160	245	241	62	|
|141	114	0	200	208	193	353	459	269	275	289	154	129	371	160	192	380	136	205	267	88	|
|324	285	200	0	406	330	386	484	467	344	286	57	299	555	318	380	442	327	114	255	226	|
|154	184	208	406	0	250	460	553	101	370	436	361	136	247	208	63	455	87	405	425	232	|
|98	88	193	330	250	0	211	304	232	121	204	273	276	249	44	283	210	244	259	204	113	|
|307	285	353	386	460	211	0	106	436	90	104	342	467	407	253	490	72	445	275	134	269	|
|402	385	459	484	553	304	106	0	517	188	198	443	570	463	348	587	102	545	371	229	373	|
|160	200	269	467	101	232	436	517	0	349	434	417	231	148	200	163	415	179	444	431	261	|
|217	197	275	344	370	121	90	188	349	0	111	293	382	335	163	400	106	357	244	128	187	|
|284	251	289	286	436	204	104	198	434	111	0	246	413	441	235	452	170	401	173	31	214	|
|269	230	154	57	361	273	342	443	417	293	246	0	266	500	261	342	393	286	85	215	170	|
|188	189	129	299	136	276	467	570	231	382	413	266	0	368	233	88	483	53	330	394	201	|
|233	270	371	555	247	249	407	463	148	335	441	500	368	0	242	310	364	316	504	448	330	|
|54	48	160	318	208	44	253	348	200	163	235	261	233	242	0	239	254	200	262	230	92	|
|185	205	192	380	63	283	490	587	163	400	452	342	88	310	239	0	492	56	397	438	240	|
|307	295	380	442	455	210	72	102	415	106	170	393	483	364	254	492	0	453	334	198	293	|
|149	160	136	327	87	244	445	545	179	357	401	286	53	316	200	56	453	0	341	385	188	|
|286	245	205	114	405	259	275	371	444	244	173	85	330	504	262	397	334	341	0	142	183	|
|276	241	267	255	425	204	134	229	431	128	31	215	394	448	230	438	198	385	142	0	198	|
|103	62	88	226	232	113	269	373	261	187	214	170	201	330	92	240	293	188	183	198	0	|

--------------------------------------------------------------------------------
Building model...
	using lazy and cut (CVRPSEP package)
Solving IRP LP...
--------------------------------------------------------------------------------

