




arguments: ./build/mirp_solver -f ./input/orig_exec_3.cfg
Current dir: /scratch/gui/bnc_mirp
File verbosity level: 9
date       time         ( uptime  ) [ thread name/id ]                   file:line     v| 
2021-01-08 22:18:04.827 (   0.224s) [main thread     ]             loguru.cpp:789   INFO| Logging to './output/vi_hc1_full/OU/V2/Original/execution_08_01_2021_22_18_04.log', mode: 'a', verbosity: 9
--------------------------------------------------------------------------------
Parameters
                           instance_path           ./input/Instances/Original/1/
                            model_policy                                       1
                             nb_vehicles                                       2
                              output_dir    ./output/vi_hc1_full/OU/V2/Original/
                            sec_strategy                                       1
                       solver_nb_threads                                       2
                         solver_show_log                                    true
                       solver_time_limit                                    3600
                              use_vi_cos                                   false
                              use_vi_cus                                   false
                         use_vi_hc1_full                                    true
                         use_vi_hc1_half                                   false
                      use_vi_hc1_quarter                                   false
                              use_vi_hc2                                   false
                              use_vi_hc3                                   false
                         use_vi_lex_full                                   false
                         use_vi_lex_half                                   false
                      use_vi_lex_quarter                                   false
                              use_vi_qua                                   false
                               use_vi_vc                                   false
                               use_vi_vr                                   false
--------------------------------------------------------------------------------
executing instance: ./input/Instances/Original/1/absH3high_1n5.dat
--------------------------------------------------------------------------------
Instance details
n	6
H	3
C	289
Li:
[0, 0, 0, 0, 0, 0, ]
Ui:
[0, 195, 105, 116, 72, 22, ]
Distance matrix:
|0	85	349	17	203	289	|
|85	0	265	102	214	226	|
|349	265	0	366	368	238	|
|17	102	366	0	207	302	|
|203	214	368	207	0	431	|
|289	226	238	302	431	0	|

--------------------------------------------------------------------------------
Building model...
	using lazy and cut (CVRPSEP package)
Solving IRP LP...
--------------------------------------------------------------------------------

Gurobi 9.1.0 (linux64) logging started Fri Jan  8 22:18:04 2021

Gurobi Optimizer version 9.1.0 build v9.1.0rc0 (linux64)
Thread count: 32 physical cores, 32 logical processors, using up to 2 threads
Optimize a model with 144 rows, 180 columns and 612 nonzeros
Model fingerprint: 0x33677440
Variable types: 54 continuous, 126 integer (36 binary)
Coefficient statistics:
  Matrix range     [1e+00, 2e+02]
  Objective range  [2e-01, 4e+02]
  Bounds range     [1e+00, 2e+02]
  RHS range        [1e+01, 5e+02]
Presolve removed 49 rows and 43 columns
Presolve time: 0.01s
Presolved: 95 rows, 137 columns, 444 nonzeros
Variable types: 29 continuous, 108 integer (81 binary)
Found heuristic solution: objective 3887.0100000

Root relaxation: objective 1.647216e+03, 77 iterations, 0.00 seconds

    Nodes    |    Current Node    |     Objective Bounds      |     Work
 Expl Unexpl |  Obj  Depth IntInf | Incumbent    BestBd   Gap | It/Node Time

     0     0 1647.21595    0   20 3887.01000 1647.21595  57.6%     -    0s
H    0     0                    3505.3500000 1647.21595  53.0%     -    0s
     0     0 1807.43043    0   21 3505.35000 1807.43043  48.4%     -    0s
H    0     0                    2934.4900000 1807.43043  38.4%     -    0s
     0     0 1810.00534    0   19 2934.49000 1810.00534  38.3%     -    0s
     0     0 2058.99385    0   38 2934.49000 2058.99385  29.8%     -    0s
H    0     0                    2911.4600000 2058.99385  29.3%     -    0s
     0     0 2145.92705    0   31 2911.46000 2145.92705  26.3%     -    0s
     0     0 2148.08282    0   32 2911.46000 2148.08282  26.2%     -    0s
     0     0 2148.75955    0   32 2911.46000 2148.75955  26.2%     -    0s
     0     0 2185.18845    0   50 2911.46000 2185.18845  24.9%     -    0s
H    0     0                    2892.7800000 2185.18845  24.5%     -    0s
     0     0 2191.94022    0   50 2892.78000 2191.94022  24.2%     -    0s
     0     0 2213.60858    0   33 2892.78000 2213.60858  23.5%     -    0s
H    0     0                    2463.2500000 2213.60858  10.1%     -    0s
     0     0 2217.62595    0   38 2463.25000 2217.62595  10.0%     -    0s
     0     0 2217.88230    0   40 2463.25000 2217.88230  10.0%     -    0s
     0     0 2220.57461    0   39 2463.25000 2220.57461  9.85%     -    0s
     0     0 2220.57461    0   39 2463.25000 2220.57461  9.85%     -    0s
H    0     0                    2297.8000000 2220.57461  3.36%     -    0s
H    0     0                    2266.6100000 2220.57461  2.03%     -    0s
     0     0     cutoff    0      2266.61000 2266.61000  0.00%     -    0s

Explored 1 nodes (403 simplex iterations) in 0.12 seconds
Thread count was 2 (of 32 available processors)

Solution count 8: 2266.61 2297.8 2463.25 ... 3887.01

Optimal solution found (tolerance 1.00e-04)
Best objective 2.266610000000e+03, best bound 2.266610000000e+03, gap 0.0000%

User-callback calls 190, time in user-callback 0.01 sec
================================================================================
executing instance: ./input/Instances/Original/1/absH3high_1n45.dat
--------------------------------------------------------------------------------
Instance details
n	46
H	3
C	3462
Li:
[0, 0, 0, 0, 0, 0, 0, 0, 0, 0, 0, 0, 0, 0, 0, 0, 0, 0, 0, 0, 0, 0, 0, 0, 0, 0, 0, 0, 0, 0, 0, 0, 0, 0, 0, 0, 0, 0, 0, 0, 0, 0, 0, 0, 0, 0, ]
Ui:
[0, 273, 270, 36, 165, 192, 148, 45, 30, 75, 180, 198, 112, 117, 90, 64, 180, 22, 264, 174, 168, 270, 86, 66, 26, 66, 237, 156, 92, 108, 144, 72, 30, 45, 94, 54, 174, 96, 198, 136, 44, 180, 210, 249, 198, 48, ]
Distance matrix:
|0	281	201	160	249	201	93	431	236	139	252	136	116	166	390	110	349	374	303	180	327	464	236	70	44	461	346	439	363	254	312	426	305	206	71	137	169	200	247	260	20	219	256	253	460	278	|
|281	0	448	170	53	142	338	184	121	290	371	390	222	302	111	289	169	434	230	177	238	441	59	212	319	211	86	235	399	306	53	176	99	202	263	157	361	101	370	201	264	344	364	374	469	184	|
|201	448	0	285	430	325	114	556	361	171	191	64	228	174	546	294	453	306	364	289	388	435	393	254	157	585	491	536	318	254	490	554	436	407	266	292	108	388	186	337	207	181	205	190	408	364	|
|160	170	285	0	169	43	182	280	80	120	208	231	58	132	262	230	190	294	151	24	174	345	112	107	183	309	207	280	268	158	219	276	155	235	187	45	192	150	205	107	140	177	202	210	356	119	|
|249	53	430	169	0	152	317	238	145	282	377	369	212	299	157	242	215	452	261	183	273	474	76	181	290	264	140	287	421	320	63	229	145	148	221	142	352	53	374	226	234	346	370	378	498	215	|
|201	142	325	43	152	0	224	237	37	156	230	273	101	164	224	261	148	300	127	38	147	333	83	142	225	266	167	238	270	168	193	233	112	246	221	70	228	148	228	84	180	202	222	232	351	87	|
|93	338	114	182	317	224	0	460	262	92	180	52	124	112	440	199	364	307	292	191	317	415	284	140	57	490	387	452	304	208	377	457	336	297	163	181	84	274	175	256	95	152	188	180	402	280	|
|431	184	556	280	238	237	460	0	199	385	420	508	337	385	108	464	110	429	219	269	206	378	202	365	460	30	98	84	388	340	204	9	126	386	432	294	453	283	421	226	411	404	408	423	422	198	|
|236	121	361	80	145	37	262	199	0	191	255	310	138	197	191	290	114	312	118	72	133	330	69	175	262	229	132	204	279	186	174	195	75	258	251	102	262	153	254	81	216	230	246	257	353	72	|
|139	290	171	120	282	156	92	385	191	0	116	129	71	27	380	246	283	235	201	119	226	329	231	141	129	414	323	367	224	119	336	383	266	308	202	141	72	252	112	169	127	82	118	117	322	195	|
|252	371	191	208	377	230	180	420	255	116	0	187	178	90	443	361	311	127	204	195	224	246	313	257	232	446	382	380	129	81	423	421	320	422	318	242	100	355	5	195	241	34	15	2	225	224	|
|136	390	64	231	369	273	52	508	310	129	187	0	173	141	491	233	409	313	330	239	355	431	335	191	93	538	438	495	316	233	429	505	385	342	203	233	88	325	182	297	143	167	199	187	412	323	|
|116	222	228	58	212	101	124	337	138	71	178	173	0	91	319	206	244	284	187	69	212	357	165	85	130	367	265	333	264	151	267	333	213	244	161	70	140	181	175	145	97	145	177	180	359	165	|
|166	302	174	132	299	164	112	385	197	27	90	141	91	0	388	273	280	208	191	127	215	305	243	167	153	413	329	361	198	96	351	383	270	333	229	159	68	272	86	163	153	56	92	91	296	190	|
|390	111	546	262	157	224	440	108	191	380	443	491	319	388	0	399	164	480	264	261	261	456	156	320	426	125	62	186	442	369	107	99	125	300	374	260	452	210	443	252	372	420	433	446	494	227	|
|110	289	294	230	242	261	199	464	290	246	361	233	206	273	399	0	402	480	382	254	404	562	262	124	143	493	369	490	466	355	302	457	344	135	45	191	279	189	356	337	120	328	364	362	563	348	|
|349	169	453	190	215	148	364	110	114	283	311	409	244	280	164	402	0	324	110	174	101	292	151	289	372	135	109	90	284	230	212	111	70	354	364	216	348	245	312	118	329	295	298	313	330	90	|
|374	434	306	294	452	300	307	429	312	235	127	313	284	208	480	480	324	0	216	274	223	137	380	368	357	448	419	367	40	136	487	432	358	525	436	336	227	443	132	234	361	156	119	127	102	255	|
|303	230	364	151	261	127	292	219	118	201	204	330	187	191	264	382	110	216	0	128	25	213	185	258	314	243	203	176	178	123	282	221	144	372	338	193	256	270	206	45	283	193	191	206	239	46	|
|180	177	289	24	183	38	191	269	72	119	195	239	69	127	261	254	174	274	128	0	151	321	118	130	198	299	204	263	246	139	228	266	147	258	211	68	191	169	193	83	159	166	188	197	333	98	|
|327	238	388	174	273	147	317	206	133	226	224	355	212	215	261	404	101	223	25	151	0	203	198	281	339	228	202	156	184	143	288	209	146	390	362	215	280	286	226	68	308	215	210	226	235	61	|
|464	441	435	345	474	333	415	378	330	329	246	431	357	305	456	562	292	137	213	321	203	0	398	440	458	390	400	301	117	211	492	384	348	578	517	389	344	480	251	251	448	265	233	246	54	259	|
|236	59	393	112	76	83	284	202	69	231	313	335	165	243	156	262	151	380	185	118	198	398	0	167	270	231	110	233	347	250	110	195	85	203	230	103	303	95	311	150	217	284	305	315	422	139	|
|70	212	254	107	181	142	140	365	175	141	257	191	85	167	320	124	289	368	258	130	281	440	167	0	109	394	277	378	349	236	244	359	239	167	81	73	196	135	253	213	53	223	257	258	444	226	|
|44	319	157	183	290	225	57	460	262	129	232	93	130	153	426	143	372	357	314	198	339	458	270	109	0	490	379	462	351	247	353	456	334	250	110	168	140	243	226	274	56	201	238	232	449	294	|
|461	211	585	309	264	266	490	30	229	414	446	538	367	413	125	493	135	448	243	299	228	390	231	394	490	0	125	89	408	365	226	36	156	412	462	324	481	311	447	253	441	430	433	448	436	225	|
|346	86	491	207	140	167	387	98	132	323	382	438	265	329	62	369	109	419	203	204	202	400	110	277	379	125	0	155	381	307	113	90	63	288	339	211	394	186	382	190	327	359	371	384	436	165	|
|439	235	536	280	287	238	452	84	204	367	380	495	333	361	186	490	90	367	176	263	156	301	233	378	462	89	155	0	326	299	267	92	148	432	454	306	429	325	382	199	419	369	366	382	348	172	|
|363	399	318	268	421	270	304	388	279	224	129	316	264	198	442	466	284	40	178	246	184	117	347	349	351	408	381	326	0	113	452	391	321	502	422	311	229	415	134	199	348	152	118	130	98	219	|
|254	306	254	158	320	168	208	340	186	119	81	233	151	96	369	355	230	136	123	139	143	211	250	236	247	365	307	299	113	0	359	340	244	390	310	200	148	308	83	117	238	74	68	83	208	145	|
|312	53	490	219	63	193	377	204	174	336	423	429	267	351	107	302	212	487	282	228	288	492	110	244	353	226	113	267	452	359	0	195	145	194	283	199	407	115	421	254	296	394	415	425	521	237	|
|426	176	554	276	229	233	457	9	195	383	421	505	333	383	99	457	111	432	221	266	209	384	195	359	456	36	90	92	391	340	195	0	122	378	426	289	451	275	421	226	406	404	408	423	427	197	|
|305	99	436	155	145	112	336	126	75	266	320	385	213	270	125	344	70	358	144	147	146	348	85	239	334	156	63	148	321	244	145	122	0	286	310	168	336	177	320	128	285	298	309	322	381	103	|
|206	202	407	235	148	246	297	386	258	308	422	342	244	333	300	135	354	525	372	258	390	578	203	167	250	412	288	432	502	390	194	378	286	0	144	191	362	109	418	329	202	388	421	423	591	329	|
|71	263	266	187	221	221	163	432	251	202	318	203	161	229	374	45	364	436	338	211	362	517	230	81	110	462	339	454	422	310	283	426	310	144	0	150	239	168	313	294	77	285	321	319	518	306	|
|137	157	292	45	142	70	181	294	102	141	242	233	70	159	260	191	216	336	193	68	215	389	103	73	168	324	211	306	311	200	199	289	168	191	150	0	210	113	239	148	117	210	238	244	400	157	|
|169	361	108	192	352	228	84	453	262	72	100	88	140	68	452	279	348	227	256	191	280	344	303	196	140	481	394	429	229	148	407	451	336	362	239	210	0	318	95	231	164	79	111	100	325	258	|
|200	101	388	150	53	148	274	283	153	252	355	325	181	272	210	189	245	443	270	169	286	480	95	135	243	311	186	325	415	308	115	275	177	109	168	113	318	0	352	230	187	323	351	357	498	225	|
|247	370	186	205	374	228	175	421	254	112	5	182	175	86	443	356	312	132	206	193	226	251	311	253	226	447	382	382	134	83	421	421	320	418	313	239	95	352	0	196	237	30	19	6	230	224	|
|260	201	337	107	226	84	256	226	81	169	195	297	145	163	252	337	118	234	45	83	68	251	150	213	274	253	190	199	199	117	254	226	128	329	294	148	231	230	196	0	240	178	184	198	272	29	|
|20	264	207	140	234	180	95	411	216	127	241	143	97	153	372	120	329	361	283	159	308	448	217	53	56	441	327	419	348	238	296	406	285	202	77	117	164	187	237	240	0	208	245	242	446	257	|
|219	344	181	177	346	202	152	404	230	82	34	167	145	56	420	328	295	156	193	166	215	265	284	223	201	430	359	369	152	74	394	404	298	388	285	210	79	323	30	178	208	0	37	35	250	206	|
|256	364	205	202	370	222	188	408	246	118	15	199	177	92	433	364	298	119	191	188	210	233	305	257	238	433	371	366	118	68	415	408	309	421	321	238	111	351	19	184	245	37	0	17	214	212	|
|253	374	190	210	378	232	180	423	257	117	2	187	180	91	446	362	313	127	206	197	226	246	315	258	232	448	384	382	130	83	425	423	322	423	319	244	100	357	6	198	242	35	17	0	225	226	|
|460	469	408	356	498	351	402	422	353	322	225	412	359	296	494	563	330	102	239	333	235	54	422	444	449	436	436	348	98	208	521	427	381	591	518	400	325	498	230	272	446	250	214	225	0	285	|
|278	184	364	119	215	87	280	198	72	195	224	323	165	190	227	348	90	255	46	98	61	259	139	226	294	225	165	172	219	145	237	197	103	329	306	157	258	225	224	29	257	206	212	226	285	0	|

--------------------------------------------------------------------------------
Building model...
	using lazy and cut (CVRPSEP package)
Solving IRP LP...
--------------------------------------------------------------------------------

Gurobi 9.1.0 (linux64) logging started Fri Jan  8 22:18:05 2021

Gurobi Optimizer version 9.1.0 build v9.1.0rc0 (linux64)
Thread count: 32 physical cores, 32 logical processors, using up to 2 threads
Optimize a model with 1144 rows, 6940 columns and 18832 nonzeros
Model fingerprint: 0x2a359bf9
Variable types: 454 continuous, 6486 integer (276 binary)
Coefficient statistics:
  Matrix range     [1e+00, 2e+03]
  Objective range  [1e-01, 6e+02]
  Bounds range     [1e+00, 3e+02]
  RHS range        [1e+01, 6e+03]
Presolve removed 254 rows and 272 columns
Presolve time: 0.07s
Presolved: 890 rows, 6668 columns, 17241 nonzeros
Variable types: 317 continuous, 6351 integer (6081 binary)

Root relaxation: objective 1.302212e+04, 628 iterations, 0.02 seconds

    Nodes    |    Current Node    |     Objective Bounds      |     Work
 Expl Unexpl |  Obj  Depth IntInf | Incumbent    BestBd   Gap | It/Node Time

     0     0 13022.1222    0  111          - 13022.1222      -     -    0s
     0     0 13314.2558    0  209          - 13314.2558      -     -    0s
     0     0 13315.9889    0  198          - 13315.9889      -     -    0s
     0     0 13318.6342    0  196          - 13318.6342      -     -    0s
     0     0 13323.4297    0  196          - 13323.4297      -     -    0s
     0     0 13858.8066    0  191          - 13858.8066      -     -    0s
     0     0 13933.8332    0  168          - 13933.8332      -     -    0s
     0     0 13935.5603    0  165          - 13935.5603      -     -    0s
     0     0 13970.9424    0  179          - 13970.9424      -     -    0s
     0     0 13974.9668    0  171          - 13974.9668      -     -    0s
     0     0 13975.0616    0  203          - 13975.0616      -     -    0s
     0     0 14075.5602    0  209          - 14075.5602      -     -    1s
     0     0 14106.2407    0  165          - 14106.2407      -     -    1s
     0     0 14198.0473    0  220          - 14198.0473      -     -    1s
     0     0 14198.5163    0  247          - 14198.5163      -     -    1s
     0     0 14271.8866    0  304          - 14271.8866      -     -    1s
     0     0 14288.9466    0  291          - 14288.9466      -     -    1s
     0     0 14292.4027    0  269          - 14292.4027      -     -    1s
     0     0 14292.5045    0  274          - 14292.5045      -     -    1s
     0     0 14303.4082    0  307          - 14303.4082      -     -    2s
     0     0 14306.4963    0  320          - 14306.4963      -     -    2s
     0     0 14306.7130    0  325          - 14306.7130      -     -    2s
     0     0 14314.8618    0  233          - 14314.8618      -     -    2s
     0     0 14326.1114    0  256          - 14326.1114      -     -    2s
     0     0 14327.5462    0  307          - 14327.5462      -     -    2s
     0     0 14331.4237    0  277          - 14331.4237      -     -    2s
     0     0 14331.4237    0  277          - 14331.4237      -     -    2s
     0     2 14331.4237    0  277          - 14331.4237      -     -    3s
    40    45 14435.4408   16  204          - 14337.3776      -   192    5s
   270   288 15121.0617  105  109          - 14337.3776      -   107   10s
   674   621 14412.3114    5  324          - 14384.2396      -  65.3   15s
   739   676 15478.7925   60  347          - 14411.9831      -  71.8   20s
   754   689 14434.0100   16  352          - 14426.4207      -  77.4   26s
   776   706 14466.9715   22  389          - 14459.0941      -  83.9   30s
   847   754 14717.3885   39  130          - 14459.0941      -   100   35s
   910   804 14973.6641   52  170          - 14459.0941      -   105   40s
  1077   941 15144.7512   76  125          - 14459.0941      -   108   45s
  1240  1054 15386.7953  106   35          - 14459.0941      -   106   50s
  1416  1181 15632.5285  129   27          - 14459.0941      -   101   55s
  1692  1298 18082.2403  334   26          - 14459.0941      -  90.9   60s
  1916  1393 17164.9625  211   10          - 14472.1672      -  83.4   65s
  1994  1417 14643.7820   32  181          - 14472.1672      -  88.1   70s
  2076  1486 14935.1741   56  115          - 14472.1672      -  91.9   75s
  2168  1589 15097.7038   89   37          - 14472.1672      -  93.5   80s
  2347  1676 15506.7883  146   12          - 14475.7208      -  90.2   85s
  2537  1771 15350.9000  146   12          - 14475.7208      -  88.5   90s
  2715  1801 14732.1262   26  383          - 14475.7208      -  86.8   95s
  2743  1828 14850.9609   28  277          - 14475.7208      -  91.2  100s
  2792  1872 15000.7315   40  257          - 14475.7208      -  95.3  105s
  2864  1957 15200.2990   68  138          - 14475.7208      -  98.6  111s
  2969  2061 15452.6947  108   90          - 14475.7208      -  98.9  116s
  3097  2239 15787.7400  125   12          - 14475.7208      -  99.2  122s
  3219  2295 17050.7600  191    -          - 14481.1302      -  98.4  125s
  3405  2406 14663.0956   30  132          - 14481.1302      -  96.9  131s
  3461  2454 14744.9245   36  168          - 14481.1302      -  99.3  135s
  3551  2525 14907.3713   73   63          - 14481.1302      -   102  140s
  3603  2689 15062.5806   85   24          - 14481.1302      -   104  145s
  3762  2824 15536.4783  113   66          - 14481.1302      -   102  150s
  3899  2926 15665.5405  125   11          - 14485.3922      -   100  155s
  4095  3010 14687.6539   28  182          - 14485.3922      -  99.2  161s
  4151  3078 14810.9986   39  175          - 14485.3922      -   101  167s
  4186  3202 14869.3611   48  158          - 14485.3922      -   103  172s
  4336  3321 14971.9667   59   38          - 14485.3922      -   102  177s
  4454  3400 15150.6572   66   35          - 14489.2382      -   101  181s
  4579  3456 14620.8169   30  221          - 14489.2382      -   101  185s
  4664  3683 14917.3922   51  210          - 14489.4384      -   103  194s
  4768  3683 15048.7902  146    8          - 14489.4384      -   102  195s
  4876  3762 14580.8347   24  359          - 14489.4384      -   102  207s
  4938  3901 14772.6852   31  250          - 14489.4384      -   102  212s
  5100  3935 14882.3012   36  226          - 14489.4384      -   101  217s
  5129  4007 14909.3501   45  233          - 14489.4384      -   103  220s
  5203  4160 15195.4900   59   24          - 14489.4384      -   104  226s
  5369  4357 15295.1622   72   55          - 14489.4384      -   103  232s
  5663  4407 17797.7700  203    6          - 14489.4384      -   100  235s
  5737  4502 16599.6793  164   25          - 14492.6735      -  99.0  240s
  5856  4615 14993.6159   37   91          - 14492.6735      -   101  248s
  5914  4679 15145.2091   54   41          - 14492.6735      -   102  253s
  5980  4836 15463.4900   63    -          - 14492.6735      -   104  259s
  6053  4838 15665.9564   90  101          - 14492.6735      -   104  260s
  6144  4991 15521.4053   63  144          - 14495.6394      -   103  267s
  6387  5055 14659.2187   23  319          - 14496.5996      -   102  273s
  6420  5142 14766.6330   36  203          - 14496.5996      -   103  279s
  6509  5247 14906.5528   57  179          - 14496.5996      -   104  285s
  6645  5414 14961.5614   63  225          - 14496.5996      -   104  292s
  6828  5546 15182.3389   90   34          - 14496.7483      -   104  300s
  6969  5573 14590.4730   26  410          - 14496.7483      -   104  305s
  6996  5619 14787.7635   34  122          - 14496.7483      -   105  311s
  7042  5846 14821.5717   48   31          - 14496.7483      -   107  319s
  7148  5851 15246.9980  117   15          - 14496.7483      -   106  320s
  7330  6004 15133.7008   92   32          - 14496.7909      -   105  328s
  7493  6013 16386.5013  131   15          - 14501.0542      -   105  330s
  7572  6152 15154.3849   37   86          - 14501.0542      -   105  337s
H 7618  3456                    15408.110000 14501.0542  5.89%   105  338s
  7687  3484     cutoff   59      15408.1100 14501.0618  5.89%   106  345s
  7799  3575 14736.6388   41  238 15408.1100 14507.8291  5.84%   107  353s
  7904  3648 infeasible  119      15408.1100 14509.3727  5.83%   108  360s
H 7972  3162                    15301.890000 14509.3727  5.18%   108  360s
  7991  3210 14936.7471   49   40 15301.8900 14510.7648  5.17%   109  367s
  8078  3239 15179.5900   79    - 15301.8900 14511.2171  5.17%   109  373s
  8125  3280 15277.7100   79    - 15301.8900 14512.3707  5.16%   110  379s
  8179  3305 15299.2105   79    5 15301.8900 14522.2564  5.10%   112  386s
  8207  3374 15005.0462   36  234 15301.8900 14522.7200  5.09%   113  393s
  8290  3448 14862.6321   31  227 15301.8900 14522.7200  5.09%   114  401s
  8372  3480     cutoff   69      15301.8900 14523.3871  5.09%   115  408s
  8422  3541 14730.3849   28  297 15301.8900 14528.1469  5.06%   117  417s
  8499  3626 15101.8280   40  221 15301.8900 14530.5309  5.04%   118  426s
  8642  3678 14635.9710   23  249 15301.8900 14532.0175  5.03%   119  434s
  8698  3717 15270.8306   54  290 15301.8900 14537.9466  4.99%   120  441s
  8766  3744 15011.5608   36  231 15301.8900 14538.2337  4.99%   122  450s
  8810  3800 15270.8142   48  174 15301.8900 14538.4883  4.99%   123  458s
  8879  3851 15115.6041   40  312 15301.8900 14544.1597  4.95%   124  466s
  8947  3898 14889.3827   36  223 15301.8900 14545.3465  4.94%   125  475s
  9028  3953 14904.6593   42  137 15301.8900 14546.5922  4.94%   127  483s
  9116  3956 15092.6512   31  371 15301.8900 14546.5922  4.94%   128  493s
  9126  3989 15041.4492   30  198 15301.8900 14546.5922  4.94%   129  500s
H 9146  3849                    15274.770000 14546.5922  4.77%   129  501s
  9171  3891     cutoff   39      15274.7700 14549.5769  4.75%   130  508s
  9241  3936 15063.2050   46  329 15274.7700 14551.7725  4.73%   131  517s
  9312  3990 14854.8875   38  130 15274.7700 14554.1521  4.72%   132  525s
  9384  4082 14889.6974   43  293 15274.7700 14556.0263  4.71%   133  534s
  9430  4082 14714.8941   37  185 15274.7700 14556.0809  4.71%   134  535s
  9492  4144 14914.2649   38  224 15274.7700 14556.5773  4.70%   134  544s
  9577  4223 14782.4369   37  303 15274.7700 14557.0839  4.70%   135  553s
  9678  4320 14872.8898   41  169 15274.7700 14558.4667  4.69%   137  562s
  9790  4394 14974.0132   40  271 15274.7700 14558.4667  4.69%   138  572s
  9883  4492 15041.7196   64   88 15274.7700 14559.1894  4.68%   139  582s
 10003  4566 14955.5476   37  165 15274.7700 14563.1183  4.66%   140  592s
 10096  4620 15161.5000   50  237 15274.7700 14564.0980  4.65%   141  602s
 10173  4746 15076.9882   36  203 15274.7700 14565.7658  4.64%   142  614s
 10266  4746 15198.8670   66   17 15274.7700 14566.4522  4.64%   142  615s
 10338  4891 14726.3302   30  290 15274.7700 14566.9548  4.63%   143  626s
 10516  4975     cutoff   76      15274.7700 14567.2166  4.63%   143  638s
 10630  5078 15072.7676   52  263 15274.7700 14568.0757  4.63%   143  647s
 10745  5160 15013.6694   42  156 15274.7700 14573.2595  4.59%   144  658s
 10855  5220 15047.8079   40  244 15274.7700 14573.8510  4.59%   145  669s
 10940  5307 15155.1224   36  221 15274.7700 14574.5843  4.58%   146  679s
 11010  5307 14739.5902   33  287 15274.7700 14575.3688  4.58%   146  680s
 11063  5404 14708.0628   23  307 15274.7700 14575.3688  4.58%   147  689s
 11181  5459 15241.4225   59  233 15274.7700 14575.4246  4.58%   148  699s
 11252  5526 15221.8127   53  171 15274.7700 14576.5532  4.57%   149  709s
 11341  5627 14862.7550   37  126 15274.7700 14576.9656  4.57%   150  722s
 11462  5739 14987.4420   58   98 15274.7700 14576.9656  4.57%   151  734s
 11521  5739 15109.3592   87   75 15274.7700 14576.9656  4.57%   152  735s
*11608  5596             104    15250.160000 14576.9656  4.41%   151  735s
 11670  5637 15212.5347   99   46 15250.1600 14580.8612  4.39%   152  745s
 11772  5704 14765.5358   34  356 15250.1600 14581.7585  4.38%   153  756s
 11840  5847 14949.9162   49  250 15250.1600 14581.7585  4.38%   154  769s
 11866  5847 15061.9964   57   68 15250.1600 14581.7585  4.38%   154  770s
 12041  5942 15160.1209   66   41 15250.1600 14581.9108  4.38%   154  781s
 12206  6008     cutoff   85      15250.1600 14585.9279  4.36%   154  792s
 12303  6070 14833.0688   33  341 15250.1600 14586.1360  4.35%   155  803s
 12383  6208 14850.0071   28  184 15250.1600 14587.2712  4.35%   157  815s
 12557  6322 15142.7555   71   78 15250.1600 14588.1427  4.34%   157  827s
 12705  6410     cutoff  112      15250.1600 14589.8273  4.33%   157  840s
 12835  6467 14978.8947   27  141 15250.1600 14590.5308  4.33%   158  851s
 12925  6534 15111.4136   37  308 15250.1600 14590.8991  4.32%   159  862s
H13011  5590                    15166.440000 14590.9789  3.79%   160  872s
 13109  5691     cutoff   50      15166.4400 14592.4668  3.78%   161  884s
H13113  5120                    15126.660000 14592.4668  3.53%   161  884s
 13226  5120 15048.4917   93  113 15126.6600 14592.5091  3.53%   162  885s
 13267  5189 14800.9819   33  343 15126.6600 14592.8897  3.53%   162  895s
 13386  5258 15113.7998   43  118 15126.6600 14596.5625  3.50%   163  907s
 13473  5339 15008.9264   44  184 15126.6600 14597.5296  3.50%   164  919s
 13582  5422 14797.3431   33  308 15126.6600 14598.4009  3.49%   165  929s
 13630  5422 15106.3228   63  210 15126.6600 14598.4009  3.49%   166  930s
 13701  5492 14698.9109   26  380 15126.6600 14599.6634  3.48%   166  940s
 13806  5548 15048.2892   43  296 15126.6600 14600.1003  3.48%   167  952s
H13833  5483                    15121.360000 14600.1003  3.45%   168  952s
 13884  5595 14804.8184   37  350 15121.3600 14600.5724  3.44%   168  963s
 14039  5595 15108.7720   50  211 15121.3600 14601.4135  3.44%   169  965s
 14040  5621 15019.0493   35  272 15121.3600 14602.0634  3.43%   169  975s
 14151  5676 14748.0055   26  354 15121.3600 14603.9602  3.42%   170  986s
 14240  5770 14661.9598   29  315 15121.3600 14605.4051  3.41%   171 1000s
 14354  5825 14997.2217   42  133 15121.3600 14606.4049  3.41%   172 1012s
 14428  5910     cutoff   38      15121.3600 14607.2499  3.40%   173 1025s
 14555  6039 14939.7787   54  205 15121.3600 14608.0136  3.39%   174 1039s
 14611  6039 14769.0950   49  151 15121.3600 14608.0136  3.39%   174 1040s
 14734  6105 14635.6673   28  401 15121.3600 14609.4778  3.39%   175 1053s
 14826  6172 15085.6939   48  282 15121.3600 14609.7803  3.38%   176 1067s
 14959  6230 14867.9630   36  286 15121.3600 14610.1181  3.38%   176 1080s
 15046  6296 14801.7908   30  250 15121.3600 14611.0156  3.37%   178 1093s
H15070  6210                    15113.840000 14611.0156  3.33%   178 1093s
 15162  6321 14982.0833   50  197 15113.8400 14611.6679  3.32%   179 1107s
 15345  6401 14940.5484   35  318 15113.8400 14611.8820  3.32%   179 1120s
 15463  6470 15044.1477   51  230 15113.8400 14614.2605  3.31%   179 1134s
 15584  6564 14683.3046   28  389 15113.8400 14615.4173  3.30%   180 1147s
 15706  6614 15049.0499   51  274 15113.8400 14615.7388  3.30%   181 1236s
 15770  6662     cutoff   41      15113.8400 14615.8939  3.29%   181 1250s
 15848  6759 14920.9143   40   86 15113.8400 14615.9155  3.29%   183 1267s
 16040  6812     cutoff   94      15113.8400 14616.7812  3.29%   183 1282s
 16156  6888 14660.3768   23  319 15113.8400 14618.6579  3.28%   184 1295s
H16207  6714                    15101.140000 14618.6579  3.20%   185 1296s
 16258  6796 14921.8144   44  206 15101.1400 14619.5009  3.19%   185 1310s
 16386  6908 14853.6715   47  220 15101.1400 14620.6939  3.18%   186 1326s
H16546  6945                    15099.140000 14621.0819  3.17%   187 1341s
 16654  7070 14797.9300   30  277 15099.1400 14623.2211  3.15%   188 1357s
 16829  7166     cutoff   90      15099.1400 14624.4948  3.14%   188 1373s
 16957  7256 15000.9352   45  154 15099.1400 14625.4766  3.14%   189 1391s
 17120  7348 14807.3613   31  336 15099.1400 14625.7165  3.14%   190 1407s
 17250  7433     cutoff   56      15099.1400 14627.6116  3.12%   190 1422s
 17374  7556 14955.6487   34  197 15099.1400 14627.8667  3.12%   191 1438s
 17574  7699 14810.3655   40  293 15099.1400 14628.4246  3.12%   192 1454s
 17639  7699 14904.5127   59  240 15099.1400 14628.4246  3.12%   192 1455s
 17748  7787 14894.8352   28  317 15099.1400 14629.0040  3.11%   192 1469s
 17795  7787 15071.5316   58  225 15099.1400 14629.0040  3.11%   192 1470s
 17887  7869 14731.3606   28  278 15099.1400 14630.1671  3.11%   193 1486s
 18020  7956 14845.9091   33  349 15099.1400 14630.7543  3.10%   194 1501s
 18129  8077 14926.9900   38   10 15099.1400 14631.8901  3.09%   195 1519s
 18224  8078 15008.2965   30  279 15099.1400 14631.8901  3.09%   195 1520s
 18304  8145 15073.6833   48   78 15099.1400 14632.9668  3.09%   196 1535s
 18419  8203 15045.0281   34  144 15099.1400 14633.5929  3.08%   197 1550s
 18555  8296 14772.1759   31  335 15099.1400 14633.6072  3.08%   198 1568s
 18704  8296 15060.8254   37  215 15099.1400 14634.3008  3.08%   198 1570s
 18714  8347 15041.6429   49  202 15099.1400 14634.4197  3.08%   198 1585s
 18827  8433 14851.0946   26  326 15099.1400 14635.4535  3.07%   199 1600s
 18937  8569 15023.3954   37  134 15099.1400 14635.7378  3.07%   201 1617s
 19131  8655     cutoff   63      15099.1400 14636.1501  3.07%   201 1635s
 19260  8778 14844.3518   34  223 15099.1400 14636.5117  3.06%   201 1653s
 19485  8904 14788.0065   27  343 15099.1400 14636.7605  3.06%   201 1670s
 19650  8961 14786.5532   27  249 15099.1400 14637.3502  3.06%   202 1685s
 19764  9046 15036.6927   39  260 15099.1400 14638.3526  3.05%   203 1702s
 19899  9140 15052.3074   34  193 15099.1400 14639.0774  3.05%   204 1719s
 19949  9140 14812.6849   29  313 15099.1400 14639.0774  3.05%   204 1720s
 20061  9237 14912.9090   38  107 15099.1400 14640.3071  3.04%   204 1737s
 20211  9352 15092.3750   52   60 15099.1400 14640.8004  3.04%   205 1754s
 20282  9352 15061.6298   53  185 15099.1400 14640.8004  3.04%   205 1755s
 20386  9438 14763.4927   26  265 15099.1400 14641.8348  3.03%   205 1772s
 20500  9513 14892.7142   39  144 15099.1400 14642.5379  3.02%   206 1790s
 20647  9599 14979.9327   37  101 15099.1400 14642.9550  3.02%   207 1811s
 20798  9663 14684.9001   29  362 15099.1400 14643.0492  3.02%   207 1829s
 20871  9663 15068.9074   58   56 15099.1400 14643.3202  3.02%   208 1830s
 20956  9787 14776.3105   28  246 15099.1400 14643.4187  3.02%   208 1849s
 20983  9787 14973.9566   44   92 15099.1400 14643.4187  3.02%   208 1850s
 21142  9874 15091.9984   38  355 15099.1400 14643.5089  3.02%   208 1869s
 21240  9874 14959.2691   40  185 15099.1400 14643.5553  3.02%   209 1870s
 21277  9992 14981.1815   29  236 15099.1400 14643.6180  3.02%   209 1887s
 21489 10081     cutoff   93      15099.1400 14643.8593  3.02%   209 1911s
 21614 10201 14979.2003   40  252 15099.1400 14644.2280  3.01%   210 1932s
 21809 10294 14725.8295   33  323 15099.1400 14644.9158  3.01%   211 1951s
 21969 10385 14853.1368   29  334 15099.1400 14645.7624  3.00%   211 1968s
 22082 10510     cutoff   48      15099.1400 14645.9980  3.00%   212 1986s
 22251 10666     cutoff   39      15099.1400 14646.3673  3.00%   213 2005s
H22351  9982                    15069.140000 14646.3673  2.81%   213 2006s
 22458 10071     cutoff   59      15069.1400 14647.0416  2.80%   213 2024s
 22540 10073 15053.6773   76   68 15069.1400 14647.0416  2.80%   213 2025s
 22620 10185     cutoff   62      15069.1400 14647.6074  2.80%   213 2042s
 22772 10262 15048.9784   43  124 15069.1400 14647.9182  2.80%   214 2062s
 22937 10353     cutoff   53      15069.1400 14648.1854  2.79%   214 2080s
 23120 10475 15021.2436   72   41 15069.1400 14648.9201  2.79%   214 2100s
 23297 10540 14801.5194   32  345 15069.1400 14649.8574  2.78%   215 2119s
 23415 10628 14853.0042   38  320 15069.1400 14650.3071  2.78%   216 2135s
 23584 10716 14982.1196   46   90 15069.1400 14651.0731  2.77%   216 2152s
H23668  8159                    14995.920000 14651.0731  2.30%   216 2153s
 23735  8215     cutoff   44      14995.9200 14651.8784  2.29%   216 2168s
H23736  4684                    14890.160000 14651.8784  1.60%   216 2168s
 23867  4692     cutoff   47      14890.1600 14652.8002  1.59%   217 2185s
 23991  4753     cutoff   40      14890.1600 14653.3071  1.59%   218 2201s
 24132  4792 14774.2272   32  242 14890.1600 14653.6084  1.59%   219 2219s
 24242  4828 14846.5950   39  253 14890.1600 14654.2622  1.58%   219 2236s
 24374  4880 14767.9195   34  207 14890.1600 14655.5059  1.58%   220 2252s
 24511  4938 14809.0285   38  201 14890.1600 14656.1716  1.57%   221 2270s
 24656  5010 14779.4043   28  365 14890.1600 14657.1183  1.57%   221 2288s
H24724  4130                    14858.160000 14657.1183  1.35%   222 2289s
 24813  4160 14802.3315   40  349 14858.1600 14657.5665  1.35%   222 2305s
 24938  4204 14814.6179   32  287 14858.1600 14658.3526  1.34%   223 2323s
 25079  4214 14801.8683   31  170 14858.1600 14658.9488  1.34%   223 2340s
 25185  4242 14854.8360   26  166 14858.1600 14659.4475  1.34%   224 2357s
 25325  4305 14771.2792   34   99 14858.1600 14660.4874  1.33%   225 2374s
 25400  4307 14825.6020   42  154 14858.1600 14660.4874  1.33%   225 2376s
 25480  4346 14840.9300   43    - 14858.1600 14661.3741  1.32%   225 2393s
H25619  4209                    14850.420000 14661.9456  1.27%   226 2411s
 25766  4265 14763.6224   32  321 14850.4200 14662.8931  1.26%   227 2435s
 25918  4294 14773.3662   29  273 14850.4200 14663.9048  1.26%   227 2452s
 26044  4351 14702.5849   28  281 14850.4200 14664.6441  1.25%   228 2471s
 26183  4374     cutoff   31      14850.4200 14665.4826  1.25%   229 2490s
 26304  4438 14750.1272   36  329 14850.4200 14666.5328  1.24%   230 2510s
 26465  4470 14764.8870   30  388 14850.4200 14667.0035  1.24%   230 2526s
 26592  4517 14801.4678   38  272 14850.4200 14667.9409  1.23%   231 2545s
 26761  4562     cutoff   31      14850.4200 14669.1813  1.22%   231 2564s
 26889  4588 14824.8918   35  360 14850.4200 14669.6129  1.22%   232 2583s
 27031  4640 14809.0903   29  359 14850.4200 14670.7946  1.21%   232 2602s
 27171  4653     cutoff   30      14850.4200 14672.2576  1.20%   233 2621s
 27302  4683     cutoff   38      14850.4200 14672.6933  1.20%   234 2638s
 27444  4716     cutoff   33      14850.4200 14674.3564  1.19%   234 2657s
 27589  4758 14826.6887   34  165 14850.4200 14674.5901  1.18%   235 2677s
 27739  4791 14798.4910   36  248 14850.4200 14675.3612  1.18%   236 2696s
 27876  4819 14744.5116   32  366 14850.4200 14676.3594  1.17%   236 2714s
 28014  4849 14838.8786   37  168 14850.4200 14677.0830  1.17%   237 2733s
 28154  4876 14814.3118   36  341 14850.4200 14678.0464  1.16%   237 2752s
 28283  4924     cutoff   39      14850.4200 14678.5467  1.16%   238 2771s
 28449  4953 14798.3880   33  163 14850.4200 14679.3979  1.15%   238 2789s
 28584  4994     cutoff   44      14850.4200 14680.4470  1.14%   239 2806s
 28736  5018 14811.7859   33  345 14850.4200 14681.3516  1.14%   240 2823s
 28892  5062     cutoff   38      14850.4200 14682.0637  1.13%   240 2840s
 29050  5079 14751.8541   35  327 14850.4200 14682.9765  1.13%   241 2858s
 29177  5108     cutoff   32      14850.4200 14683.8139  1.12%   241 2876s
 29312  5132 14741.7587   34  124 14850.4200 14684.8011  1.12%   242 2894s
 29455  5153     cutoff   39      14850.4200 14685.7053  1.11%   242 2911s
 29612  5160 14758.0828   34  230 14850.4200 14686.7746  1.10%   243 2928s
 29761  5210 14824.3214   31  282 14850.4200 14688.4574  1.09%   244 2952s
 29930  5239 14770.7704   32  224 14850.4200 14689.1577  1.09%   244 2971s
 30092  5259 14841.0174   35  339 14850.4200 14689.9105  1.08%   245 2989s
 30249  5263 14845.6317   42  302 14850.4200 14690.7148  1.08%   245 3007s
 30405  5291 14759.6019   27  294 14850.4200 14692.1463  1.07%   246 3025s
 30566  5298     cutoff   38      14850.4200 14693.1459  1.06%   246 3044s
 30712  5355 14826.1323   30  247 14850.4200 14694.1498  1.05%   247 3064s
 30902  5396     cutoff   33      14850.4200 14694.8664  1.05%   247 3084s
 30977  5396 14840.1926   31  342 14850.4200 14694.8664  1.05%   247 3085s
 31086  5436 14754.5976   36  171 14850.4200 14696.0425  1.04%   247 3106s
 31251  5464 14775.7022   40  237 14850.4200 14696.7226  1.03%   248 3127s
 31431  5488 14798.3724   37  264 14850.4200 14697.5694  1.03%   248 3147s
 31585  5524     cutoff   32      14850.4200 14698.1037  1.03%   249 3166s
 31747  5546     cutoff   35      14850.4200 14699.1870  1.02%   249 3185s
 31908  5569     cutoff   37      14850.4200 14699.8318  1.01%   250 3204s
 32081  5608 14800.2793   34  266 14850.4200 14700.5352  1.01%   250 3225s
 32243  5626 14824.4120   39  272 14850.4200 14701.1155  1.01%   251 3245s
 32413  5664 14799.9585   32  204 14850.4200 14701.6744  1.00%   251 3265s
 32629  5690 14813.3196   30  264 14850.4200 14702.6518  1.00%   251 3285s
 32803  5742     cutoff   38      14850.4200 14703.0790  0.99%   252 3305s
 33015  5781 14801.8684   39  303 14850.4200 14704.0910  0.99%   252 3326s
