




arguments: ./build/mirp_solver -f ./input/orig_exec_81.cfg
Current dir: /scratch/gui/bnc_mirp
File verbosity level: 9
date       time         ( uptime  ) [ thread name/id ]                   file:line     v| 
2021-01-09 16:16:36.430 (   0.027s) [main thread     ]             loguru.cpp:789   INFO| Logging to './output/vi_hc1_full/OU/V2/Original/execution_09_01_2021_16_16_36.log', mode: 'a', verbosity: 9
--------------------------------------------------------------------------------
Parameters
                           instance_path           ./input/Instances/Original/3/
                            model_policy                                       1
                             nb_vehicles                                       2
                              output_dir    ./output/vi_hc1_full/OU/V2/Original/
                            sec_strategy                                       1
                       solver_nb_threads                                       2
                         solver_show_log                                    true
                       solver_time_limit                                    3600
                              use_vi_cos                                   false
                              use_vi_cus                                   false
                         use_vi_hc1_full                                    true
                         use_vi_hc1_half                                   false
                      use_vi_hc1_quarter                                   false
                              use_vi_hc2                                   false
                              use_vi_hc3                                   false
                         use_vi_lex_full                                   false
                         use_vi_lex_half                                   false
                      use_vi_lex_quarter                                   false
                              use_vi_qua                                   false
                               use_vi_vc                                   false
                               use_vi_vr                                   false
--------------------------------------------------------------------------------
executing instance: ./input/Instances/Original/3/absH3low_2n5.dat
--------------------------------------------------------------------------------
Instance details
n	6
H	3
C	237
Li:
[0, 0, 0, 0, 0, 0, ]
Ui:
[0, 93, 180, 51, 114, 24, ]
Distance matrix:
|0	170	318	35	112	235	|
|170	0	311	205	258	301	|
|318	311	0	326	278	137	|
|35	205	326	0	89	230	|
|112	258	278	89	0	160	|
|235	301	137	230	160	0	|

--------------------------------------------------------------------------------
Building model...
	using lazy and cut (CVRPSEP package)
Solving IRP LP...
--------------------------------------------------------------------------------

Gurobi 9.1.0 (linux64) logging started Sat Jan  9 16:16:36 2021

Gurobi Optimizer version 9.1.0 build v9.1.0rc0 (linux64)
Thread count: 32 physical cores, 32 logical processors, using up to 2 threads
Optimize a model with 144 rows, 180 columns and 612 nonzeros
Model fingerprint: 0xd83a48fc
Variable types: 54 continuous, 126 integer (36 binary)
Coefficient statistics:
  Matrix range     [1e+00, 2e+02]
  Objective range  [1e-02, 3e+02]
  Bounds range     [1e+00, 2e+02]
  RHS range        [1e+01, 5e+02]
Found heuristic solution: objective 2715.1200000
Presolve removed 49 rows and 43 columns
Presolve time: 0.01s
Presolved: 95 rows, 137 columns, 448 nonzeros
Variable types: 29 continuous, 108 integer (81 binary)

Root relaxation: objective 6.288402e+02, 96 iterations, 0.00 seconds

    Nodes    |    Current Node    |     Objective Bounds      |     Work
 Expl Unexpl |  Obj  Depth IntInf | Incumbent    BestBd   Gap | It/Node Time

     0     0  628.84020    0   16 2715.12000  628.84020  76.8%     -    0s
H    0     0                    1982.8000000  628.84020  68.3%     -    0s
H    0     0                    1724.8300000  628.84020  63.5%     -    0s
     0     0  973.43237    0   23 1724.83000  973.43237  43.6%     -    0s
H    0     0                    1663.1800000  973.43237  41.5%     -    0s
     0     0 1117.34214    0   41 1663.18000 1117.34214  32.8%     -    0s
     0     0 1117.55159    0   41 1663.18000 1117.55159  32.8%     -    0s
     0     0 1267.33187    0   39 1663.18000 1267.33187  23.8%     -    0s
     0     0 1272.53395    0   35 1663.18000 1272.53395  23.5%     -    0s
     0     0 1273.18495    0   35 1663.18000 1273.18495  23.4%     -    0s
     0     0 1273.39626    0   35 1663.18000 1273.39626  23.4%     -    0s
     0     0 1334.39644    0   41 1663.18000 1334.39644  19.8%     -    0s
H    0     0                    1591.8300000 1334.39644  16.2%     -    0s
     0     0 1376.38226    0   44 1591.83000 1376.38226  13.5%     -    0s
H    0     0                    1518.9000000 1376.38226  9.38%     -    0s
H    0     0                    1464.9000000 1376.38226  6.04%     -    0s
     0     0 1398.42683    0   31 1464.90000 1398.42683  4.54%     -    0s
     0     0 1411.91913    0   13 1464.90000 1411.91913  3.62%     -    0s
     0     0 1415.43000    0   12 1464.90000 1415.43000  3.38%     -    0s
     0     0 1430.00928    0   35 1464.90000 1430.00928  2.38%     -    0s
     0     0 1430.00928    0   10 1464.90000 1430.00928  2.38%     -    0s
*    0     0               0    1437.9000000 1437.90000  0.00%     -    0s

Cutting planes:
  Gomory: 2
  Cover: 8
  Implied bound: 6
  Clique: 5
  MIR: 1
  Flow cover: 7
  Zero half: 1
  RLT: 2
  Relax-and-lift: 1

Explored 1 nodes (515 simplex iterations) in 0.10 seconds
Thread count was 2 (of 32 available processors)

Solution count 8: 1437.9 1464.9 1518.9 ... 2715.12

Optimal solution found (tolerance 1.00e-04)
Best objective 1.437900000000e+03, best bound 1.437900000000e+03, gap 0.0000%

User-callback calls 192, time in user-callback 0.01 sec
================================================================================
executing instance: ./input/Instances/Original/3/absH3high_5n30.dat
--------------------------------------------------------------------------------
Instance details
n	31
H	3
C	2296
Li:
[0, 0, 0, 0, 0, 0, 0, 0, 0, 0, 0, 0, 0, 0, 0, 0, 0, 0, 0, 0, 0, 0, 0, 0, 0, 0, 0, 0, 0, 0, 0, ]
Ui:
[0, 80, 90, 297, 28, 264, 123, 192, 112, 32, 72, 88, 294, 129, 126, 105, 110, 237, 246, 92, 72, 147, 54, 96, 128, 96, 84, 28, 74, 196, 192, ]
Distance matrix:
|0	87	302	65	389	171	219	120	412	339	129	63	169	401	383	158	393	161	246	275	64	287	345	235	13	274	106	201	85	358	135	|
|87	0	334	128	402	212	301	204	465	384	187	145	232	424	454	238	475	245	289	352	80	307	352	321	81	352	20	261	170	376	215	|
|302	334	0	239	113	132	237	334	157	70	404	263	162	105	227	229	339	251	65	217	259	53	107	352	293	220	339	134	270	75	235	|
|65	128	239	0	330	107	175	130	348	275	174	40	107	339	326	114	351	125	181	224	58	228	290	222	58	224	143	138	65	297	92	|
|389	402	113	330	0	226	349	438	210	151	502	360	269	48	316	339	441	362	175	328	335	102	55	465	377	330	401	245	371	37	342	|
|171	212	132	107	226	0	169	214	253	173	276	134	64	233	261	130	326	153	77	188	133	125	192	264	162	190	220	68	145	193	125	|
|219	301	237	175	349	169	0	157	257	223	244	157	105	334	180	62	175	61	177	63	233	264	334	118	221	61	317	112	136	312	85	|
|120	204	334	130	438	214	157	0	402	348	88	90	173	438	336	115	307	100	269	220	172	338	406	122	130	218	224	204	69	403	101	|
|412	465	157	348	210	253	257	402	0	88	486	359	245	166	129	287	266	303	178	204	386	208	239	370	406	207	473	212	354	187	304	|
|339	384	70	275	151	173	223	348	88	0	427	291	179	120	166	234	290	254	96	187	306	123	166	342	332	190	391	145	291	119	247	|
|129	187	404	174	502	276	244	88	486	427	0	142	248	508	424	200	390	187	342	308	193	400	464	192	142	306	207	281	136	469	182	|
|63	145	263	40	360	134	157	90	359	291	142	0	114	366	321	95	331	99	202	212	90	258	323	186	65	211	163	148	27	327	72	|
|169	232	162	107	269	64	105	173	245	179	248	114	0	266	222	71	268	94	97	131	155	173	244	203	164	132	245	34	113	233	73	|
|401	424	105	339	48	233	334	438	166	120	508	366	266	0	280	332	409	355	169	305	353	117	96	452	391	308	425	237	374	49	339	|
|383	454	227	326	316	261	180	336	129	166	424	321	222	280	0	231	137	238	208	116	376	277	331	272	381	118	467	197	307	285	253	|
|158	238	229	114	339	130	62	115	287	234	200	95	71	332	231	0	238	23	164	118	171	243	314	134	159	117	255	95	77	302	23	|
|393	475	339	351	441	326	175	307	266	290	390	331	268	409	137	238	0	232	300	138	408	383	445	204	395	136	492	258	308	406	260	|
|161	245	251	125	362	153	61	100	303	254	187	99	94	355	238	23	232	0	187	123	183	267	338	111	164	121	262	117	77	325	34	|
|246	289	65	181	175	77	177	269	178	96	342	202	97	169	208	164	300	187	0	168	210	87	157	290	238	171	296	70	206	138	170	|
|275	352	217	224	328	188	63	220	204	187	308	212	131	305	116	118	138	123	168	0	279	255	322	166	275	3	367	120	195	291	141	|
|64	80	259	58	335	133	233	172	386	306	193	90	155	353	376	171	408	183	210	279	0	236	289	276	51	279	90	182	117	307	150	|
|287	307	53	228	102	125	264	338	208	123	400	258	173	117	277	243	383	267	87	255	236	0	71	374	276	257	308	153	270	71	245	|
|345	352	107	290	55	192	334	406	239	166	464	323	244	96	331	314	445	338	157	322	289	71	0	445	334	325	350	224	337	54	315	|
|235	321	352	222	465	264	118	122	370	342	192	186	203	452	272	134	204	111	290	166	276	374	445	0	243	164	341	221	159	428	142	|
|13	81	293	58	377	162	221	130	406	332	142	65	164	391	381	159	395	164	238	275	51	276	334	243	0	274	100	196	89	347	136	|
|274	352	220	224	330	190	61	218	207	190	306	211	132	308	118	117	136	121	171	3	279	257	325	164	274	0	367	122	194	294	140	|
|106	20	339	143	401	220	317	224	473	391	207	163	245	425	467	255	492	262	296	367	90	308	350	341	100	367	0	272	188	377	232	|
|201	261	134	138	245	68	112	204	212	145	281	148	34	237	197	95	258	117	70	120	182	153	224	221	196	122	272	0	146	208	103	|
|85	170	270	65	371	145	136	69	354	291	136	27	113	374	307	77	308	77	206	195	117	270	337	159	89	194	188	146	0	337	54	|
|358	376	75	297	37	193	312	403	187	119	469	327	233	49	285	302	406	325	138	291	307	71	54	428	347	294	377	208	337	0	306	|
|135	215	235	92	342	125	85	101	304	247	182	72	73	339	253	23	260	34	170	141	150	245	315	142	136	140	232	103	54	306	0	|

--------------------------------------------------------------------------------
Building model...
	using lazy and cut (CVRPSEP package)
Solving IRP LP...
--------------------------------------------------------------------------------

Gurobi 9.1.0 (linux64) logging started Sat Jan  9 16:16:36 2021

Gurobi Optimizer version 9.1.0 build v9.1.0rc0 (linux64)
Thread count: 32 physical cores, 32 logical processors, using up to 2 threads
Optimize a model with 769 rows, 3280 columns and 9187 nonzeros
Model fingerprint: 0x3b28ef19
Variable types: 304 continuous, 2976 integer (186 binary)
Coefficient statistics:
  Matrix range     [1e+00, 1e+03]
  Objective range  [1e-01, 5e+02]
  Bounds range     [1e+00, 3e+02]
  RHS range        [1e+01, 4e+03]
Presolve removed 228 rows and 221 columns
Presolve time: 0.07s
Presolved: 541 rows, 3059 columns, 8357 nonzeros
Variable types: 176 continuous, 2883 integer (2706 binary)

Root relaxation: objective 8.873316e+03, 464 iterations, 0.01 seconds

    Nodes    |    Current Node    |     Objective Bounds      |     Work
 Expl Unexpl |  Obj  Depth IntInf | Incumbent    BestBd   Gap | It/Node Time

     0     0 8873.31591    0   88          - 8873.31591      -     -    0s
     0     0 9338.36857    0  116          - 9338.36857      -     -    0s
     0     0 9344.68173    0  115          - 9344.68173      -     -    0s
     0     0 9695.22886    0  125          - 9695.22886      -     -    0s
     0     0 9754.20180    0  145          - 9754.20180      -     -    0s
     0     0 9766.11835    0  181          - 9766.11835      -     -    0s
     0     0 9779.98942    0  185          - 9779.98942      -     -    0s
     0     0 9796.65142    0  181          - 9796.65142      -     -    0s
     0     0 9798.27460    0  206          - 9798.27460      -     -    0s
     0     0 9800.62155    0  190          - 9800.62155      -     -    0s
     0     0 9800.62155    0  191          - 9800.62155      -     -    0s
     0     0 9853.82614    0  164          - 9853.82614      -     -    0s
     0     0 9870.10808    0  235          - 9870.10808      -     -    0s
     0     0 9879.26538    0  252          - 9879.26538      -     -    0s
     0     0 9880.97756    0  244          - 9880.97756      -     -    0s
     0     0 9882.21307    0  222          - 9882.21307      -     -    0s
     0     0 9887.45171    0  273          - 9887.45171      -     -    0s
     0     0 9890.09447    0  262          - 9890.09447      -     -    0s
     0     0 9890.20087    0  266          - 9890.20087      -     -    0s
     0     0 9892.13135    0  229          - 9892.13135      -     -    0s
     0     0 9893.55201    0  254          - 9893.55201      -     -    0s
     0     0 9894.75590    0  242          - 9894.75590      -     -    0s
     0     0 9894.75590    0  242          - 9894.75590      -     -    1s
     0     2 9895.64087    0  239          - 9895.64087      -     -    1s
   523   473 10073.6547    4  187          - 9911.97516      -  57.3    5s
   744   677 12499.9089  122  167          - 9976.32119      -  63.3   10s
   787   708 10213.9239   10  273          - 9993.02170      -  65.9   15s
   913   801 10421.8414   53  134          - 10046.8278      -  79.4   20s
* 1144   895             147    12363.280000 10046.8278  18.7%  73.8   23s
* 1200   851             173    12130.020000 10046.8278  17.2%  71.1   24s
* 1232   805             187    11864.480000 10046.8278  15.3%  69.9   24s
  1236   797 10983.3912   85   74 11864.4800 10046.8278  15.3%  69.8   25s
  1463   929 11621.3148  169   85 11864.4800 10046.8278  15.3%  67.7   30s
  1652  1023 10424.9353   40  110 11864.4800 10049.3794  15.3%  68.6   35s
  1890  1138 10822.0765   68   25 11864.4800 10049.3794  15.3%  65.2   40s
  1977  1232 11063.4437  134   33 11864.4800 10049.3794  15.3%  64.2   45s
  2168  1300 10359.3335   34   19 11864.4800 10049.4988  15.3%  62.4   50s
  2299  1439 10581.0600   54    - 11864.4800 10049.4988  15.3%  61.7   55s
  2535  1594 10327.6601   41   71 11864.4800 10063.0193  15.2%  60.5   60s
  2748  1653 10531.6591   36  170 11864.4800 10069.8518  15.1%  60.6   65s
  2900  1798 11465.8505   73   21 11864.4800 10070.2387  15.1%  61.2   70s
  3057  1981 10943.0982   71   64 11864.4800 10074.6883  15.1%  61.2   75s
  3301  2156 10559.2263   57  102 11864.4800 10084.3717  15.0%  58.9   80s
  3532  2429 10957.8577  112   17 11864.4800 10099.2342  14.9%  58.3   86s
  3787  2577 10669.4382   52   51 11864.4800 10102.0712  14.9%  57.0   90s
  3974  2695 10897.6033   64   28 11864.4800 10119.1474  14.7%  57.1   95s
  4146  2841 10585.2700   52    4 11864.4800 10125.1435  14.7%  57.4  100s
* 4353  2383             106    11376.580000 10128.3301  11.0%  57.5  105s
  4500  2494     cutoff  106      11376.5800 10132.5225  10.9%  58.7  110s
  4674  2655 10614.5138   43  188 11376.5800 10133.0367  10.9%  59.1  116s
  4875  2896 10644.6519   49   37 11376.5800 10135.0842  10.9%  59.5  122s
  5029  3088 10444.3737   53   89 11376.5800 10135.4336  10.9%  59.3  126s
  5272  3150     cutoff  193      11376.5800 10136.1124  10.9%  57.9  130s
  5440  3317 10412.2866   33  158 11376.5800 10138.4202  10.9%  58.4  137s
  5518  3424 10833.8958   48   24 11376.5800 10141.6781  10.9%  59.0  140s
  5694  3576     cutoff   63      11376.5800 10149.1628  10.8%  59.6  147s
  5819  3734 infeasible   77      11376.5800 10150.2453  10.8%  59.8  152s
* 5903  3621             115    11323.960000 10154.4401  10.3%  59.7  153s
* 5905  3609             114    11316.960000 10154.4401  10.3%  59.7  153s
  6014  3686     cutoff   99      11316.9600 10154.6181  10.3%  59.4  156s
  6095  3787 10796.9641   59  120 11316.9600 10155.5155  10.3%  60.0  160s
* 6186  3761             107    11303.200000 10157.2079  10.1%  59.9  160s
  6312  3903 11265.9391  115    6 11303.2000 10157.2397  10.1%  59.9  165s
  6596  4085     cutoff  103      11303.2000 10163.6332  10.1%  59.7  172s
H 6598  2970                    10906.480000 10163.6332  6.81%  59.7  172s
  6635  3047 10543.7096   46   48 10906.4800 10164.8131  6.80%  60.3  176s
  6738  3159     cutoff   82      10906.4800 10165.7381  6.79%  60.6  181s
  6928  3249 10635.7002   37  133 10906.4800 10169.8599  6.75%  60.6  185s
  7132  3433 10459.4443   42  178 10906.4800 10176.0764  6.70%  61.5  192s
  7269  3556 10771.9432   55   50 10906.4800 10178.7427  6.67%  61.7  197s
  7422  3636 10833.2601   41  172 10906.4800 10182.5480  6.64%  61.8  202s
  7557  3719 10504.4229   35  186 10906.4800 10185.0284  6.61%  62.1  207s
  7671  3748 10901.9389   59   22 10906.4800 10188.1290  6.59%  62.6  211s
  7733  3826 10508.5785   35  208 10906.4800 10192.0780  6.55%  63.0  216s
  7827  3894 10668.1905   39  177 10906.4800 10193.7537  6.53%  63.6  221s
  7925  4029 10504.0688   34  195 10906.4800 10194.5944  6.53%  64.0  226s
  8103  4131 10670.1525   52   84 10906.4800 10196.3955  6.51%  63.9  232s
  8248  4218 10612.8655   39  166 10906.4800 10201.3001  6.47%  64.2  237s
  8368  4362 10270.0682   37  208 10906.4800 10204.4013  6.44%  64.8  242s
  8558  4448 10349.7365   37  226 10906.4800 10207.3554  6.41%  64.7  247s
  8677  4595 10651.4358   47  138 10906.4800 10208.8716  6.40%  65.2  252s
  8873  4704     cutoff   71      10906.4800 10212.6213  6.36%  65.3  258s
  9008  4882 10617.3630   39  129 10906.4800 10213.1228  6.36%  65.5  264s
  9202  4886 10592.6915   75    8 10906.4800 10213.7605  6.35%  65.4  265s
  9250  5028 10661.7644   71   29 10906.4800 10213.8001  6.35%  65.2  270s
  9441  5136     cutoff   79      10906.4800 10215.9423  6.33%  65.3  275s
  9567  5298 10499.1492   36  215 10906.4800 10219.3933  6.30%  65.3  281s
  9776  5392 10330.2194   38  211 10906.4800 10221.8638  6.28%  65.1  303s
  9896  5492 10772.1001   63   49 10906.4800 10222.5314  6.27%  65.3  310s
 10049  5576 10471.5752   41   65 10906.4800 10224.9274  6.25%  65.6  316s
 10171  5714 infeasible   73      10906.4800 10225.3921  6.24%  65.8  321s
 10348  5847 10492.8290   40  132 10906.4800 10227.7500  6.22%  66.0  327s
 10518  5956 10418.8268   33  160 10906.4800 10229.5762  6.21%  66.1  333s
 10653  6015     cutoff   65      10906.4800 10230.4386  6.20%  66.5  339s
 10739  6133 10419.3549   42  194 10906.4800 10230.7333  6.20%  67.1  345s
 10891  6263     cutoff   79      10906.4800 10231.6157  6.19%  67.4  351s
 11072  6327     cutoff   75      10906.4800 10232.9368  6.18%  67.5  357s
 11175  6455 10643.5728   50   76 10906.4800 10235.0411  6.16%  67.9  363s
 11340  6568 10629.9140   53   84 10906.4800 10236.9341  6.14%  68.1  368s
 11473  6661 10903.8667   63   12 10906.4800 10238.0488  6.13%  68.5  375s
H11631  6655                    10888.480000 10239.0337  5.96%  68.7  381s
 11728  6726 10720.8206   43  163 10888.4800 10239.8449  5.96%  69.0  386s
 11860  6836     cutoff   58      10888.4800 10240.7382  5.95%  69.3  392s
 12004  6929 10808.6500   76    - 10888.4800 10241.5974  5.94%  69.7  397s
 12128  7008 10839.7650   76   16 10888.4800 10242.4598  5.93%  70.1  403s
 12242  7099     cutoff   83      10888.4800 10243.6830  5.92%  70.4  409s
 12374  7181     cutoff   79      10888.4800 10244.6094  5.91%  70.7  415s
 12532  7305     cutoff   82      10888.4800 10245.3274  5.91%  70.8  421s
 12692  7438     cutoff   59      10888.4800 10247.3696  5.89%  71.0  427s
 12858  7551 10866.3665   59   42 10888.4800 10248.7792  5.88%  71.1  433s
 12996  7704     cutoff   62      10888.4800 10249.3259  5.87%  71.3  439s
 13046  7704 10724.0500   85    3 10888.4800 10249.3259  5.87%  71.2  440s
 13196  7834 10553.4490   44   38 10888.4800 10249.7786  5.87%  71.2  447s
 13378  7927     cutoff   60      10888.4800 10250.5974  5.86%  71.1  453s
 13555  8031     cutoff   65      10888.4800 10252.4584  5.84%  71.2  459s
 13680  8148 10786.4950   60   65 10888.4800 10253.8337  5.83%  71.6  465s
 13841  8286 10629.8091   50   84 10888.4800 10254.8571  5.82%  71.6  472s
 14038  8370     cutoff   76      10888.4800 10255.8238  5.81%  71.7  478s
 14166  8475 10876.2800   76    - 10888.4800 10256.9107  5.80%  72.0  484s
 14317  8594 10877.2800   76    - 10888.4800 10258.5136  5.79%  72.2  490s
 14503  8717     cutoff   76      10888.4800 10259.6627  5.78%  72.3  497s
 14648  8856 10851.2909   60   18 10888.4800 10260.5345  5.77%  72.4  503s
 14826  8927     cutoff   86      10888.4800 10261.8087  5.76%  72.5  510s
 14921  9008     cutoff   84      10888.4800 10264.1549  5.73%  72.6  516s
 15023  9117     cutoff   87      10888.4800 10264.4899  5.73%  72.7  522s
 15179  9227 10887.2100   69    - 10888.4800 10265.7413  5.72%  72.8  528s
 15328  9392     cutoff   78      10888.4800 10267.2443  5.71%  72.9  535s
 15538  9475 infeasible   94      10888.4800 10268.3592  5.70%  72.8  541s
 15648  9611 10559.8757   38  141 10888.4800 10269.6280  5.68%  73.0  547s
 15877  9714     cutoff   99      10888.4800 10270.4601  5.68%  72.9  555s
 16052  9822 10671.4100   47   26 10888.4800 10272.9925  5.65%  72.8  561s
 16198  9916 10865.5528   69   37 10888.4800 10273.8603  5.64%  72.9  568s
 16311  9970 10522.5306   49  169 10888.4800 10274.5187  5.64%  73.1  574s
 16403 10073 10813.7940   60   63 10888.4800 10275.6507  5.63%  73.3  581s
 16542 10140     cutoff   69      10888.4800 10277.2450  5.61%  73.5  587s
 16665 10245 10446.3779   34  243 10888.4800 10277.4817  5.61%  73.7  593s
 16832 10350     cutoff   62      10888.4800 10277.9177  5.61%  73.7  600s
 16971 10448 10719.4790   65   25 10888.4800 10279.9514  5.59%  73.9  607s
 17105 10591 10534.4263   41   80 10888.4800 10281.1850  5.58%  73.9  615s
 17303 10738 10879.1100   70    - 10888.4800 10281.5352  5.57%  73.8  622s
 17500 10861     cutoff   70      10888.4800 10282.7523  5.56%  73.7  629s
*17550  7172              86    10699.110000 10282.7523  3.89%  73.7  629s
 17657  7214 10512.6243   43  128 10699.1100 10284.8572  3.87%  73.8  635s
 17772  7302 10325.9144   35   30 10699.1100 10285.5079  3.87%  74.1  642s
 17889  7374 10529.4311   57    4 10699.1100 10285.8486  3.86%  74.3  649s
 18015  7468 10618.7314   62   32 10699.1100 10286.9845  3.85%  74.5  655s
 18154  7564 10575.7570   52   59 10699.1100 10287.8257  3.84%  74.7  662s
 18293  7645     cutoff   82      10699.1100 10290.3137  3.82%  74.8  669s
 18410  7698     cutoff   56      10699.1100 10291.3763  3.81%  75.0  675s
 18492  7781 10590.4052   51   95 10699.1100 10292.5842  3.80%  75.3  681s
 18630  7905 10514.0191   40   93 10699.1100 10292.9721  3.80%  75.4  689s
 18802  7941     cutoff   64      10699.1100 10293.8296  3.79%  75.4  695s
 18877  8001 10625.6162   51  109 10699.1100 10295.2689  3.77%  75.6  701s
 18995  8065 10596.4074   39  170 10699.1100 10295.6329  3.77%  75.9  708s
 19117  8112 10588.4253   48  199 10699.1100 10296.3381  3.76%  76.0  714s
 19202  8200 10568.5841   45  126 10699.1100 10296.7978  3.76%  76.3  721s
 19361  8239 10362.3867   37  170 10699.1100 10298.3331  3.75%  76.3  729s
H19395  7672                    10673.110000 10298.5325  3.51%  76.3  729s
 19410  7757 10487.4247   43   70 10673.1100 10299.0196  3.50%  76.3  736s
 19559  7843 10614.5928   56   15 10673.1100 10300.0583  3.50%  76.4  743s
 19678  7928     cutoff   61      10673.1100 10301.5011  3.48%  76.5  751s
 19805  8003 10503.3039   46  171 10673.1100 10302.2755  3.47%  76.7  758s
 19959  8040 10600.4316   60  127 10673.1100 10302.5022  3.47%  76.8  765s
 20070  8085 10408.3654   38  148 10673.1100 10303.6633  3.46%  77.0  771s
 20159  8160 10350.5223   40  202 10673.1100 10304.9543  3.45%  77.2  778s
 20302  8257 10398.0445   45  195 10673.1100 10305.8368  3.44%  77.4  785s
 20443  8324 10488.5526   38  171 10673.1100 10306.5225  3.43%  77.5  792s
 20541  8392 10603.3595   66   66 10673.1100 10307.2289  3.43%  77.8  800s
 20660  8505 10635.4100   58    - 10673.1100 10307.8225  3.42%  77.9  807s
 20822  8576 10636.8300   58    - 10673.1100 10308.3395  3.42%  77.9  815s
 20927  8625 10649.3700   58    - 10673.1100 10309.0293  3.41%  78.2  822s
 21052  8666     cutoff   58      10673.1100 10310.3420  3.40%  78.3  829s
 21166  8753 10362.5815   38  236 10673.1100 10310.9115  3.39%  78.5  836s
 21292  8852 10416.4857   40  118 10673.1100 10311.0552  3.39%  78.7  843s
 21457  8928     cutoff   59      10673.1100 10312.2917  3.38%  78.7  851s
 21577  9020 10502.5205   45  153 10673.1100 10312.8300  3.38%  78.8  858s
 21733  9071     cutoff   56      10673.1100 10314.1770  3.36%  78.9  866s
 21823  9143 10601.4838   60   32 10673.1100 10315.4049  3.35%  79.1  873s
 21949  9169     cutoff   56      10673.1100 10316.0789  3.35%  79.2  881s
 22048  9270 10376.5791   39  230 10673.1100 10317.2616  3.33%  79.5  889s
 22199  9337     cutoff   68      10673.1100 10317.4966  3.33%  79.5  896s
 22309  9390 10661.6306   46  106 10673.1100 10318.4348  3.32%  79.7  904s
 22437  9504 10418.6667   40  175 10673.1100 10319.4045  3.31%  79.9  912s
 22598  9573     cutoff   68      10673.1100 10320.0637  3.31%  79.8  921s
 22723  9626 10490.8306   42  113 10673.1100 10320.5742  3.30%  80.0  929s
 22862  9676     cutoff   47      10673.1100 10321.0432  3.30%  80.1  937s
 22974  9714     cutoff   46      10673.1100 10321.9993  3.29%  80.3  945s
 23087  9778     cutoff   55      10673.1100 10322.7580  3.28%  80.5  952s
 23213  9894 10643.3917   51    8 10673.1100 10323.7542  3.27%  80.6  960s
 23386  9960 10483.9032   46  239 10673.1100 10323.9667  3.27%  80.5  968s
 23495 10007     cutoff   48      10673.1100 10324.1410  3.27%  80.6  975s
 23606 10096 10476.2949   48  115 10673.1100 10324.4280  3.27%  80.8  983s
 23736 10177     cutoff   46      10673.1100 10325.8737  3.25%  80.9  991s
 23876 10273 10418.9244   39  186 10673.1100 10326.0543  3.25%  81.0  999s
 23917 10273 10507.1804   69   73 10673.1100 10326.0543  3.25%  81.0 1000s
 24017 10343     cutoff   81      10673.1100 10326.2441  3.25%  81.2 1008s
 24153 10423 10453.5577   32  175 10673.1100 10326.8854  3.24%  81.3 1016s
 24279 10501     cutoff   52      10673.1100 10327.0176  3.24%  81.4 1024s
 24413 10533 10586.2547   60   61 10673.1100 10327.6601  3.24%  81.5 1032s
 24491 10552     cutoff   45      10673.1100 10328.3452  3.23%  81.7 1041s
 24530 10601 10545.8169   49  107 10673.1100 10328.4724  3.23%  81.9 1048s
 24628 10665 10551.1588   41  202 10673.1100 10328.6605  3.23%  82.1 1056s
 24752 10760     cutoff   61      10673.1100 10329.4163  3.22%  82.2 1064s
 24876 10762 10642.6822   47   79 10673.1100 10330.2660  3.21%  82.3 1065s
 24897 10801     cutoff   67      10673.1100 10330.4750  3.21%  82.3 1072s
 24996 10846 10514.4783   43  101 10673.1100 10331.1680  3.20%  82.5 1081s
 25098 10903 10550.9394   40  146 10673.1100 10331.3360  3.20%  82.7 1088s
 25224 10957 10630.8601   46  191 10673.1100 10331.6699  3.20%  82.8 1096s
 25336 11021     cutoff   52      10673.1100 10333.3134  3.18%  83.0 1104s
 25466 11097 10531.1293   48  139 10673.1100 10334.1967  3.18%  83.1 1113s
 25569 11138 10600.0483   43   41 10673.1100 10334.7032  3.17%  83.3 1120s
 25647 11187     cutoff   50      10673.1100 10335.0458  3.17%  83.6 1128s
 25782 11253 10660.6012   36  175 10673.1100 10335.6445  3.16%  83.7 1136s
 25894 11345     cutoff   40      10673.1100 10336.5616  3.15%  83.8 1145s
 26059 11431 10409.7324   38   42 10673.1100 10336.8072  3.15%  83.8 1154s
 26098 11431 10599.9120   77   25 10673.1100 10336.8072  3.15%  83.8 1155s
 26208 11469 10669.2205   56   66 10673.1100 10337.2085  3.15%  83.8 1163s
 26300 11521     cutoff   56      10673.1100 10337.5130  3.14%  84.0 1171s
 26408 11577 10503.4514   44  141 10673.1100 10337.9210  3.14%  84.2 1180s
 26519 11648     cutoff   46      10673.1100 10338.0588  3.14%  84.4 1189s
 26651 11684 10601.2708   59   10 10673.1100 10338.6047  3.13%  84.5 1198s
 26728 11701     cutoff   62      10673.1100 10338.9036  3.13%  84.7 1206s
 26822 11762     cutoff   48      10673.1100 10339.7664  3.12%  84.8 1215s
 26939 11842 10599.5032   49   97 10673.1100 10340.3660  3.12%  85.0 1224s
 27116 11921     cutoff   56      10673.1100 10341.0415  3.11%  85.0 1234s
*27224 11679              62    10665.070000 10341.5020  3.03%  85.0 1234s
 27288 11741 10592.7039   55  174 10665.0700 10341.5281  3.03%  84.9 1243s
 27430 11803 10502.9033   43   85 10665.0700 10341.8311  3.03%  85.0 1252s
 27542 11840 10561.3371   52  108 10665.0700 10342.1430  3.03%  85.2 1261s
 27682 11938     cutoff   73      10665.0700 10343.5429  3.01%  85.2 1270s
 27822 12005 10443.5963   44  165 10665.0700 10344.2289  3.01%  85.2 1279s
 27938 12044 10625.4003   49   99 10665.0700 10344.4105  3.01%  85.4 1288s
 28068 12111     cutoff   53      10665.0700 10344.9943  3.00%  85.5 1297s
 28202 12164 10613.1405   51   61 10665.0700 10345.1117  3.00%  85.5 1306s
 28314 12222 infeasible   61      10665.0700 10345.6343  3.00%  85.6 1315s
 28421 12268 10638.4764   57  173 10665.0700 10345.9558  2.99%  85.7 1324s
 28536 12308 10643.5200   59    - 10665.0700 10346.3514  2.99%  85.9 1332s
 28633 12346     cutoff   59      10665.0700 10347.0482  2.98%  86.0 1341s
 28747 12452 10613.3530   44  178 10665.0700 10347.2867  2.98%  86.2 1350s
 28916 12525 10664.1220   54   39 10665.0700 10347.4885  2.98%  86.1 1361s
 29076 12558     cutoff   76      10665.0700 10348.1878  2.97%  86.1 1370s
 29175 12610 10610.0217   61   63 10665.0700 10348.4590  2.97%  86.2 1379s
 29295 12680 10558.8031   50  131 10665.0700 10348.9010  2.96%  86.4 1389s
 29446 12720     cutoff   59      10665.0700 10349.4291  2.96%  86.4 1397s
 29552 12775 10497.1576   36  154 10665.0700 10349.7181  2.96%  86.5 1406s
 29649 12900 10524.0038   51  116 10665.0700 10349.7758  2.96%  86.7 1415s
 29840 12944 10519.1670   43   44 10665.0700 10350.1223  2.95%  86.6 1424s
 29953 13052     cutoff   42      10665.0700 10351.1653  2.94%  86.7 1433s
 30123 13131     cutoff   58      10665.0700 10351.6843  2.94%  86.7 1442s
 30258 13184 10658.9720   62   14 10665.0700 10352.1278  2.93%  86.8 1451s
 30376 13226 10581.7394   45  123 10665.0700 10352.3965  2.93%  86.9 1460s
 30472 13290     cutoff   62      10665.0700 10352.4836  2.93%  86.9 1469s
 30575 13376 10543.4648   45  237 10665.0700 10352.6056  2.93%  87.1 1477s
 30726 13429 10559.9403   49   96 10665.0700 10352.7860  2.93%  87.2 1485s
 30867 13456     cutoff   54      10665.0700 10353.2134  2.92%  87.3 1493s
 30964 13537     cutoff   52      10665.0700 10353.5004  2.92%  87.4 1502s
 31101 13616     cutoff   56      10665.0700 10353.7351  2.92%  87.5 1510s
 31254 13678     cutoff   59      10665.0700 10354.1735  2.92%  87.5 1519s
 31389 13760 10441.3250   42   26 10665.0700 10354.5681  2.91%  87.6 1528s
 31527 13789     cutoff   52      10665.0700 10354.9408  2.91%  87.7 1538s
 31592 13856 10594.3934   43  212 10665.0700 10355.1620  2.91%  87.9 1548s
 31715 13906 10556.5831   59  166 10665.0700 10355.4458  2.90%  88.0 1557s
 31824 13949 10540.0673   48   98 10665.0700 10355.7943  2.90%  88.1 1566s
 31924 14018 10559.7915   45  172 10665.0700 10355.8739  2.90%  88.3 1576s
 32080 14107     cutoff   56      10665.0700 10356.4025  2.89%  88.4 1586s
 32244 14156 10607.6347   35  175 10665.0700 10356.6113  2.89%  88.4 1595s
 32339 14244 10545.9621   39  158 10665.0700 10356.7711  2.89%  88.6 1604s
 32514 14298 10480.7820   47  122 10665.0700 10357.0304  2.89%  88.5 1614s
 32628 14356 10564.9329   55  244 10665.0700 10357.5339  2.88%  88.6 1623s
 32766 14400     cutoff   53      10665.0700 10358.0397  2.88%  88.7 1633s
 32864 14455 10418.5850   49  145 10665.0700 10358.4304  2.88%  88.8 1644s
 32983 14530     cutoff   57      10665.0700 10358.8851  2.87%  88.9 1655s
 33118 14597 10507.0249   36  166 10665.0700 10359.5133  2.87%  88.9 1666s
 33258 14664     cutoff   41      10665.0700 10359.9169  2.86%  89.0 1677s
 33382 14767 10403.1836   47  139 10665.0700 10359.9878  2.86%  89.0 1687s
 33550 14828     cutoff   72      10665.0700 10360.3478  2.86%  89.0 1696s
 33671 14888     cutoff   54      10665.0700 10360.7787  2.85%  89.1 1707s
H33674 14854                    10664.370000 10360.7787  2.85%  89.1 1707s
 33771 14906 10641.9104   41  121 10664.3700 10361.1516  2.84%  89.1 1717s
 33883 14967     cutoff   64      10664.3700 10361.5427  2.84%  89.3 1726s
 34022 15031     cutoff   54      10664.3700 10361.8295  2.84%  89.3 1736s
 34148 15108 10582.6579   53   71 10664.3700 10362.3387  2.83%  89.4 1746s
 34302 15161     cutoff   48      10664.3700 10362.6164  2.83%  89.5 1757s
 34431 15230 10611.0405   43   22 10664.3700 10362.8334  2.83%  89.5 1767s
 34574 15276 10542.3063   43   25 10664.3700 10363.0050  2.83%  89.6 1778s
 34675 15356 10505.6149   43   95 10664.3700 10363.4310  2.82%  89.7 1788s
 34836 15415 10612.1059   40   88 10664.3700 10364.1177  2.82%  89.7 1799s
 34942 15473 10648.3226   43   99 10664.3700 10364.3420  2.81%  89.9 1809s
 35060 15473 10645.5690   45  133 10664.3700 10364.6497  2.81%  89.9 1810s
 35071 15543 10458.3863   37  121 10664.3700 10364.6998  2.81%  89.9 1821s
 35174 15591     cutoff   44      10664.3700 10364.9061  2.81%  90.1 1831s
 35357 15650     cutoff   61      10664.3700 10365.1161  2.81%  90.0 1843s
 35460 15704 10594.3072   45   89 10664.3700 10365.4755  2.80%  90.1 1853s
 35600 15760 10657.8556   48  171 10664.3700 10365.7059  2.80%  90.2 1864s
*35645 15223              68    10652.220000 10365.7949  2.69%  90.2 1865s
 35707 15299 10650.6034   62   35 10652.2200 10365.9634  2.69%  90.3 1875s
 35866 15355     cutoff   57      10652.2200 10366.4749  2.68%  90.3 1887s
H35867 15333                    10651.870000 10366.4749  2.68%  90.3 1887s
 35978 15442     cutoff   52      10651.8700 10366.6489  2.68%  90.3 1898s
 36167 15503 infeasible   62      10651.8700 10366.9533  2.67%  90.2 1910s
 36273 15570 10563.4226   47  116 10651.8700 10367.0168  2.67%  90.3 1920s
 36484 15677     cutoff   55      10651.8700 10367.3976  2.67%  90.2 1930s
 36661 15724     cutoff   69      10651.8700 10367.6390  2.67%  90.2 1941s
 36813 15794 10533.5932   40  154 10651.8700 10368.1903  2.66%  90.2 1952s
 36963 15832 10630.4370   50   31 10651.8700 10368.9311  2.66%  90.2 1963s
 37063 15890 10555.7615   39  188 10651.8700 10369.2869  2.65%  90.3 1973s
 37179 15949 10617.7153   57   51 10651.8700 10369.6370  2.65%  90.3 1985s
 37311 16005 10523.7885   46  123 10651.8700 10369.9371  2.65%  90.4 1995s
 37454 16065 10564.2952   41  109 10651.8700 10370.3533  2.64%  90.4 2006s
 37633 16117     cutoff   61      10651.8700 10371.1426  2.64%  90.3 2018s
 37758 16158 10437.9119   46  128 10651.8700 10371.4599  2.63%  90.4 2028s
 37862 16216     cutoff   62      10651.8700 10371.5661  2.63%  90.5 2040s
 37995 16275 10519.8334   43  119 10651.8700 10371.9932  2.63%  90.5 2050s
 38134 16354 10637.3300   48    - 10651.8700 10372.5421  2.62%  90.5 2061s
 38323 16393     cutoff   56      10651.8700 10372.9400  2.62%  90.5 2071s
 38438 16475     cutoff   59      10651.8700 10373.3350  2.61%  90.5 2082s
 38601 16551 10551.7299   45  131 10651.8700 10373.5058  2.61%  90.5 2093s
 38721 16625 10526.6084   48  131 10651.8700 10373.9297  2.61%  90.5 2102s
 38862 16685 10617.7491   53   55 10651.8700 10374.1976  2.61%  90.5 2113s
 38993 16753 10563.5785   47   83 10651.8700 10374.4729  2.60%  90.6 2122s
 39139 16837 10568.9920   41  197 10651.8700 10374.9107  2.60%  90.6 2132s
 39302 16865     cutoff   67      10651.8700 10375.2581  2.60%  90.5 2142s
 39420 16923 10517.3368   42  164 10651.8700 10375.6945  2.59%  90.6 2151s
 39541 16981 10418.8971   45  152 10651.8700 10376.1100  2.59%  90.7 2162s
H39547 14996                    10621.060000 10376.1100  2.31%  90.7 2162s
 39679 15051 10495.6985   50  109 10621.0600 10376.3185  2.30%  90.6 2172s
 39849 15116 10579.0114   57   18 10621.0600 10376.5014  2.30%  90.6 2182s
 39990 15180 10599.9911   60   26 10621.0600 10377.0660  2.30%  90.6 2191s
 40108 15239     cutoff   63      10621.0600 10377.2225  2.30%  90.6 2200s
 40238 15266     cutoff   51      10621.0600 10377.8078  2.29%  90.7 2209s
 40343 15328 10612.3883   42  146 10621.0600 10378.1521  2.29%  90.8 2218s
 40470 15404 10600.2044   52   30 10621.0600 10378.5384  2.28%  90.8 2228s
 40626 15431 10611.6400   54    - 10621.0600 10379.4680  2.27%  90.8 2238s
 40721 15481     cutoff   54      10621.0600 10379.6431  2.27%  90.9 2248s
 40833 15510 10586.3690   45  188 10621.0600 10380.0855  2.27%  91.0 2257s
 40942 15570 10434.6672   39  263 10621.0600 10380.3385  2.27%  91.0 2268s
 41079 15605 10584.2821   52   64 10621.0600 10380.4833  2.27%  91.1 2278s
 41174 15652     cutoff   53      10621.0600 10380.7052  2.26%  91.2 2288s
 41262 15698 10556.2307   59  118 10621.0600 10380.9193  2.26%  91.3 2297s
 41384 15747 10551.9059   47  131 10621.0600 10381.3694  2.26%  91.3 2307s
 41501 15774     cutoff   49      10621.0600 10381.6163  2.25%  91.4 2317s
 41624 15834 10596.5762   53  113 10621.0600 10381.8867  2.25%  91.4 2326s
 41741 15893 10604.2514   48  149 10621.0600 10382.1225  2.25%  91.5 2336s
 41866 15959 10570.5129   50   16 10621.0600 10382.5511  2.25%  91.5 2345s
 41989 16023     cutoff   53      10621.0600 10382.9044  2.24%  91.6 2356s
 42147 16073     cutoff   60      10621.0600 10383.2140  2.24%  91.6 2367s
 42264 16118 10502.0834   38   95 10621.0600 10383.4118  2.24%  91.6 2376s
 42383 16184 infeasible   56      10621.0600 10383.7029  2.23%  91.7 2387s
 42506 16223 infeasible   64      10621.0600 10384.0254  2.23%  91.7 2399s
 42582 16272 10606.4913   42   56 10621.0600 10384.5144  2.23%  91.8 2409s
 42645 16272 10547.3856   49   21 10621.0600 10384.5144  2.23%  91.8 2410s
 42706 16314     cutoff   58      10621.0600 10384.8748  2.22%  91.8 2421s
 42828 16375     cutoff   60      10621.0600 10385.1170  2.22%  91.9 2432s
 42975 16408 10477.4890   42  145 10621.0600 10385.4443  2.22%  91.9 2442s
 43093 16459 10549.1793   46  173 10621.0600 10385.7675  2.22%  91.9 2453s
 43213 16515 10471.1905   45  214 10621.0600 10385.9587  2.21%  92.0 2463s
 43342 16563 10506.2413   47  170 10621.0600 10386.0963  2.21%  92.1 2473s
 43458 16596 10575.4064   49   70 10621.0600 10386.3710  2.21%  92.1 2483s
 43575 16618     cutoff   53      10621.0600 10386.8127  2.21%  92.2 2494s
 43621 16618 10515.2858   50   44 10621.0600 10387.1367  2.20%  92.3 2495s
 43665 16673 10595.1820   45  109 10621.0600 10387.1529  2.20%  92.3 2506s
 43805 16722 10507.2102   53  102 10621.0600 10387.3129  2.20%  92.4 2517s
 43937 16749 10603.1848   47  139 10621.0600 10387.6133  2.20%  92.4 2528s
 44049 16786 10595.1109   51   61 10621.0600 10388.0642  2.19%  92.5 2540s
 44157 16821     cutoff   46      10621.0600 10388.1908  2.19%  92.5 2551s
 44264 16877 infeasible   61      10621.0600 10388.8154  2.19%  92.6 2562s
 44387 16900 10585.5317   54  142 10621.0600 10389.0332  2.18%  92.6 2573s
 44506 16921 10518.5888   54  114 10621.0600 10389.3727  2.18%  92.7 2585s
 44571 16955 10618.4717   51   35 10621.0600 10389.5068  2.18%  92.8 2596s
 44668 16987 10612.4099   51   46 10621.0600 10389.7463  2.18%  92.9 2608s
 44798 17015 10591.3170   50   68 10621.0600 10390.0116  2.18%  92.9 2618s
 44921 17080 10508.7541   49  130 10621.0600 10390.3062  2.17%  93.0 2631s
 45086 17130 10471.9616   38  119 10621.0600 10390.6860  2.17%  93.0 2644s
 45216 17164 10524.4020   42  147 10621.0600 10390.9065  2.17%  93.0 2655s
 45324 17203     cutoff   53      10621.0600 10391.0544  2.17%  93.1 2667s
 45450 17250     cutoff   52      10621.0600 10391.4399  2.16%  93.2 2680s
 45581 17288 10549.4300   47    4 10621.0600 10391.7848  2.16%  93.2 2692s
 45684 17338     cutoff   56      10621.0600 10392.0692  2.16%  93.3 2704s
 45807 17368 10569.3597   46   51 10621.0600 10392.2238  2.15%  93.3 2716s
 45909 17393 10498.7507   43   29 10621.0600 10392.2851  2.15%  93.4 2728s
 46045 17425 10560.6186   48   59 10621.0600 10392.8912  2.15%  93.4 2740s
