




arguments: ./build/mirp_solver -f ./input/orig_exec_63.cfg
Current dir: /scratch/gui/bnc_mirp
File verbosity level: 9
date       time         ( uptime  ) [ thread name/id ]                   file:line     v| 
2021-01-09 06:30:01.095 (   0.456s) [main thread     ]             loguru.cpp:789   INFO| Logging to './output/vi_lex_full/OU/V3/Original/execution_09_01_2021_06_30_01.log', mode: 'a', verbosity: 9
--------------------------------------------------------------------------------
Parameters
                           instance_path           ./input/Instances/Original/2/
                            model_policy                                       1
                             nb_vehicles                                       3
                              output_dir    ./output/vi_lex_full/OU/V3/Original/
                            sec_strategy                                       1
                       solver_nb_threads                                       2
                         solver_show_log                                    true
                       solver_time_limit                                    3600
                              use_vi_cos                                   false
                              use_vi_cus                                   false
                         use_vi_hc1_full                                   false
                         use_vi_hc1_half                                   false
                      use_vi_hc1_quarter                                   false
                              use_vi_hc2                                   false
                              use_vi_hc3                                   false
                         use_vi_lex_full                                    true
                         use_vi_lex_half                                   false
                      use_vi_lex_quarter                                   false
                              use_vi_qua                                   false
                               use_vi_vc                                   false
                               use_vi_vr                                   false
--------------------------------------------------------------------------------
executing instance: ./input/Instances/Original/2/absH3high_3n40.dat
--------------------------------------------------------------------------------
Instance details
n	41
H	3
C	3283
Li:
[0, 0, 0, 0, 0, 0, 0, 0, 0, 0, 0, 0, 0, 0, 0, 0, 0, 0, 0, 0, 0, 0, 0, 0, 0, 0, 0, 0, 0, 0, 0, 0, 0, 0, 0, 0, 0, 0, 0, 0, 0, ]
Ui:
[0, 63, 111, 99, 96, 111, 282, 122, 156, 261, 42, 192, 126, 42, 162, 207, 159, 122, 102, 190, 118, 102, 132, 102, 165, 252, 66, 52, 22, 114, 210, 176, 116, 294, 78, 152, 210, 45, 130, 198, 174, ]
Distance matrix:
|0	208	225	252	227	143	258	127	267	150	28	83	163	286	57	149	201	137	214	255	70	73	107	186	328	266	249	343	222	177	293	144	262	215	167	120	169	218	143	173	255	|
|208	0	397	355	416	198	216	99	211	275	193	172	97	166	240	225	362	109	277	314	182	216	273	374	298	208	319	161	14	103	93	120	58	196	152	156	372	227	260	218	453	|
|225	397	0	427	53	364	482	343	492	129	253	225	382	386	171	188	39	291	187	195	295	182	282	55	326	491	180	551	408	315	457	366	455	275	392	244	221	439	341	214	101	|
|252	355	427	0	401	158	201	263	219	396	234	328	259	498	299	400	420	354	465	506	205	324	152	374	574	219	499	393	366	389	446	235	378	456	205	359	224	150	111	423	400	|
|227	416	53	401	0	357	477	352	489	165	253	245	389	424	179	223	85	315	234	245	293	200	264	42	375	488	231	565	428	344	484	370	474	314	392	270	184	430	325	252	50	|
|143	198	364	158	357	0	121	105	134	290	116	196	103	342	200	276	343	205	343	385	74	210	112	319	432	133	382	265	209	237	290	78	226	313	57	220	232	75	69	292	375	|
|258	216	482	201	477	121	0	168	18	397	230	293	135	381	314	372	459	275	437	480	188	317	228	439	501	18	479	197	222	296	290	132	212	386	95	306	347	58	173	381	496	|
|127	99	343	263	352	105	168	0	171	239	105	130	40	237	173	206	313	109	270	312	84	164	175	310	337	169	313	216	112	135	192	37	142	220	77	138	280	155	162	213	382	|
|267	211	492	219	489	134	18	171	0	404	240	298	136	376	323	376	468	276	441	483	198	324	243	450	500	2	483	181	215	294	281	136	202	386	102	309	363	75	189	384	509	|
|150	275	129	396	165	290	397	239	404	0	175	110	279	259	97	59	91	166	84	116	217	80	245	130	226	402	106	434	286	187	329	269	333	149	302	119	244	364	291	87	213	|
|28	193	253	234	253	116	230	105	240	175	0	94	139	286	84	167	229	136	234	275	43	96	98	212	341	238	271	320	206	175	281	118	244	225	140	128	180	191	124	189	280	|
|83	172	225	328	245	196	293	130	298	110	94	0	169	209	77	80	191	71	147	189	127	45	189	203	247	296	187	327	184	106	241	162	230	132	198	38	242	266	217	96	285	|
|163	97	382	259	389	103	135	40	136	279	139	169	0	253	212	244	353	141	307	349	110	203	194	347	366	133	350	183	107	161	187	27	124	251	56	175	306	133	169	249	418	|
|286	166	386	498	424	342	381	237	376	259	286	209	253	0	284	201	347	151	210	230	299	247	383	387	155	374	242	290	162	112	129	270	192	113	308	172	451	386	391	172	471	|
|57	240	171	299	179	200	314	173	323	97	84	77	212	284	0	112	145	147	170	208	127	38	148	137	299	321	201	386	253	183	315	195	297	195	222	112	171	275	195	142	214	|
|149	225	188	400	223	276	372	206	376	59	167	80	244	201	112	0	149	117	67	110	205	78	254	186	187	374	108	387	235	132	272	240	283	93	277	71	279	346	291	32	270	|
|201	362	39	420	85	343	459	313	468	91	229	191	353	347	145	149	0	254	149	160	272	150	271	66	290	466	146	518	373	278	419	339	420	235	367	207	227	418	327	175	135	|
|137	109	291	354	315	205	275	109	276	166	136	71	141	151	147	117	254	0	172	212	151	116	232	273	229	274	215	270	119	39	170	145	167	111	186	47	305	263	245	113	356	|
|214	277	187	465	234	343	437	270	441	84	234	147	307	210	170	67	149	172	0	42	272	141	317	205	144	439	43	437	284	175	307	305	331	99	343	132	327	413	357	60	283	|
|255	314	195	506	245	385	480	312	483	116	275	189	349	230	208	110	160	212	42	0	314	182	356	222	132	481	15	474	321	212	337	347	367	126	385	174	358	455	398	100	295	|
|70	182	295	205	293	74	188	84	198	217	43	127	110	299	127	205	272	151	272	314	0	137	91	253	370	196	310	292	195	188	274	85	226	252	99	155	197	148	94	223	316	|
|73	216	182	324	200	210	317	164	324	80	96	45	203	247	38	78	150	116	141	182	137	0	176	158	263	323	176	369	229	150	286	191	274	157	223	77	208	284	216	106	239	|
|107	273	282	152	264	112	228	175	243	245	98	189	194	383	148	254	271	232	317	356	91	176	0	231	435	242	349	371	286	271	365	167	315	321	164	224	120	174	61	280	274	|
|186	374	55	374	42	319	439	310	450	130	212	203	347	387	137	186	66	273	205	222	253	158	231	0	348	448	208	523	386	303	442	329	431	279	352	229	167	392	291	217	85	|
|328	298	326	574	375	432	501	337	500	226	341	247	366	155	299	187	290	229	144	132	370	263	435	348	0	498	147	441	299	206	283	374	338	119	414	215	465	492	463	157	425	|
|266	208	491	219	488	133	18	169	2	402	238	296	133	374	321	374	466	274	439	481	196	323	242	448	498	0	481	180	213	292	278	134	200	384	100	307	362	75	188	381	508	|
|249	319	180	499	231	382	479	313	483	106	271	187	350	242	201	108	146	215	43	15	310	176	349	208	147	481	0	480	326	217	346	347	373	135	385	175	347	454	392	103	280	|
|343	161	551	393	565	265	197	216	181	434	320	327	183	290	386	387	518	270	437	474	292	369	371	523	441	180	480	0	153	263	163	207	107	352	208	317	487	244	334	379	598	|
|222	14	408	366	428	209	222	112	215	286	206	184	107	162	253	235	373	119	284	321	195	229	286	386	299	213	326	153	0	109	81	132	48	201	162	167	386	236	272	226	466	|
|177	103	315	389	344	237	296	135	294	187	175	106	161	112	183	132	278	39	175	212	188	150	271	303	206	292	217	263	109	0	142	171	156	95	211	74	344	289	281	118	386	|
|293	93	457	446	484	290	290	192	281	329	281	241	187	129	315	272	419	170	307	337	274	286	365	442	283	278	346	163	81	142	0	212	79	211	241	214	461	311	353	254	525	|
|144	120	366	235	370	78	132	37	136	269	118	162	27	270	195	240	339	145	305	347	85	191	167	329	374	134	347	207	132	171	212	0	151	257	40	174	280	119	142	248	398	|
|262	58	455	378	474	226	212	142	202	333	244	230	124	192	297	283	420	167	331	367	226	274	315	431	338	200	373	107	48	156	79	151	0	245	173	214	421	237	293	273	510	|
|215	196	275	456	314	313	386	220	386	149	225	132	251	113	195	93	235	111	99	126	252	157	321	279	119	384	135	352	201	95	211	257	245	0	297	97	365	374	345	62	362	|
|167	152	392	205	392	57	95	77	102	302	140	198	56	308	222	277	367	186	343	385	99	223	164	352	414	100	385	208	162	211	241	40	173	297	0	213	283	79	126	287	415	|
|120	156	244	359	270	220	306	138	309	119	128	38	175	172	112	71	207	47	132	174	155	77	224	229	215	307	175	317	167	74	214	174	214	97	213	0	280	286	248	75	313	|
|169	372	221	224	184	232	347	280	363	244	180	242	306	451	171	279	227	305	327	358	197	208	120	167	465	362	347	487	386	344	461	280	421	365	283	280	0	291	175	310	176	|
|218	227	439	150	430	75	58	155	75	364	191	266	133	386	275	346	418	263	413	455	148	284	174	392	492	75	454	244	236	289	311	119	237	374	79	286	291	0	116	359	445	|
|143	260	341	111	325	69	173	162	189	291	124	217	169	391	195	291	327	245	357	398	94	216	61	291	463	188	392	334	272	281	353	142	293	345	126	248	175	116	0	313	335	|
|173	218	214	423	252	292	381	213	384	87	189	96	249	172	142	32	175	113	60	100	223	106	280	217	157	381	103	379	226	118	254	248	273	62	287	75	310	359	313	0	300	|
|255	453	101	400	50	375	496	382	509	213	280	285	418	471	214	270	135	356	283	295	316	239	274	85	425	508	280	598	466	386	525	398	510	362	415	313	176	445	335	300	0	|

--------------------------------------------------------------------------------
Building model...
	using lazy and cut (CVRPSEP package)
Solving IRP LP...
--------------------------------------------------------------------------------

Gurobi 9.1.0 (linux64) logging started Sat Jan  9 06:30:01 2021

Gurobi Optimizer version 9.1.0 build v9.1.0rc0 (linux64)
Thread count: 32 physical cores, 32 logical processors, using up to 2 threads
Optimize a model with 1151 rows, 8273 columns and 19400 nonzeros
Model fingerprint: 0xcf868830
Variable types: 524 continuous, 7749 integer (369 binary)
Coefficient statistics:
  Matrix range     [1e+00, 2e+12]
  Objective range  [1e-01, 6e+02]
  Bounds range     [1e+00, 3e+02]
  RHS range        [1e+01, 6e+03]
Warning: Model contains large matrix coefficient range
         Consider reformulating model or setting NumericFocus parameter
         to avoid numerical issues.
Presolve removed 251 rows and 234 columns
Presolve time: 0.11s
Presolved: 900 rows, 8039 columns, 18022 nonzeros
Variable types: 391 continuous, 7648 integer (7270 binary)

Root relaxation: objective 1.227348e+04, 1036 iterations, 0.02 seconds

    Nodes    |    Current Node    |     Objective Bounds      |     Work
 Expl Unexpl |  Obj  Depth IntInf | Incumbent    BestBd   Gap | It/Node Time

     0     0 12273.4818    0  124          - 12273.4818      -     -    0s
     0     0 12762.7893    0  178          - 12762.7893      -     -    0s
     0     0 12764.2853    0  119          - 12764.2853      -     -    0s
     0     0 13311.0103    0  223          - 13311.0103      -     -    0s
     0     0 13463.3402    0  252          - 13463.3402      -     -    0s
     0     0 13463.7358    0  262          - 13463.7358      -     -    0s
     0     0 13609.7688    0  290          - 13609.7688      -     -    0s
     0     0 13613.7820    0  278          - 13613.7820      -     -    1s
     0     0 13618.1860    0  287          - 13618.1860      -     -    1s
     0     0 13620.2258    0  281          - 13620.2258      -     -    1s
     0     0 13623.5485    0  286          - 13623.5485      -     -    1s
     0     0 13651.2663    0  270          - 13651.2663      -     -    1s
     0     0 13651.4405    0  301          - 13651.4405      -     -    1s
     0     0 13698.6965    0  341          - 13698.6965      -     -    1s
     0     0 13701.6634    0  351          - 13701.6634      -     -    1s
     0     0 13702.4432    0  349          - 13702.4432      -     -    1s
     0     0 13753.6417    0  346          - 13753.6417      -     -    2s
     0     0 13757.6468    0  366          - 13757.6468      -     -    2s
     0     0 13758.3261    0  370          - 13758.3261      -     -    2s
     0     0 13770.9643    0  305          - 13770.9643      -     -    2s
     0     0 13775.2729    0  330          - 13775.2729      -     -    2s
     0     0 13776.8724    0  362          - 13776.8724      -     -    3s
     0     0 13784.4255    0  342          - 13784.4255      -     -    3s
     0     0 13784.4255    0  342          - 13784.4255      -     -    3s
     0     2 13784.4255    0  342          - 13784.4255      -     -    4s
    15    16 13855.5086    5  272          - 13787.3880      -   298    5s
   250   273 15456.5586  113   63          - 13787.3880      -   118   10s
   526   532 18202.4133  254   23          - 13812.6644      -  75.1   16s
*  588   576             268    18569.650000 13812.6644  25.6%  92.1   16s
   693   603 14181.0173   12  221 18569.6500 13815.8331  25.6%  85.0   20s
H  726   574                    18036.650000 13815.8331  23.4%  82.3   22s
   740   583 14495.1606   52  495 18036.6500 13825.5775  23.3%  80.7   25s
H  746   558                    17687.650000 13845.2614  21.7%  80.1   26s
   768   573 14995.0488   73  439 17687.6500 13867.7462  21.6%  77.8   30s
   776   581 13875.3181   13  407 17687.6500 13869.0375  21.6%  90.1   36s
   784   586 14085.1604   15  348 17687.6500 13887.6874  21.5%  96.8   40s
   821   610 13956.2069   24  333 17687.6500 13901.4075  21.4%   111   45s
   858   636 14050.4146   33  251 17687.6500 13901.4075  21.4%   120   50s
   923   697 14466.4300   50  144 17687.6500 13901.4075  21.4%   127   55s
   989   740 14837.9426   60  139 17687.6500 13901.4075  21.4%   127   60s
  1131   839 15183.9376   83  117 17687.6500 13901.4075  21.4%   120   66s
  1228   865 13997.8219   19  388 17687.6500 13901.4075  21.4%   116   70s
  1321   942 16532.0100  157    4 17687.6500 13901.4075  21.4%   113   75s
  1379   944 17039.5650  182    2 17687.6500 13901.4075  21.4%   110   80s
* 1396   963             190    17038.210000 13901.4075  18.4%   109   80s
  1482   921 14071.8487   19  408 17038.2100 13909.2583  18.4%   111   85s
  1546   971 14413.6632   33  220 17038.2100 13909.2583  18.4%   117   91s
  1629  1046 14628.7723   44  214 17038.2100 13909.2583  18.4%   118   95s
  1792  1227 14850.1589   60  120 17038.2100 13909.2583  18.4%   114  100s
  1977  1265 16142.8589  212   43 17038.2100 13909.2583  18.4%   110  105s
  2136  1375 15508.4419  103   45 17038.2100 13909.2583  18.4%   105  110s
  2278  1513 15684.2700  132    8 17038.2100 13909.2583  18.4%   103  120s
* 2280  1061             134    15693.600000 13909.2583  11.4%   103  121s
  2412   994 14291.1371   25  354 15693.6000 13942.8788  11.2%   103  126s
  2453  1069 14568.5952   39  276 15693.6000 13942.8788  11.2%   105  130s
  2596  1239 15173.0914   73  138 15693.6000 13956.8991  11.1%   103  137s
  2712  1278 14809.0717   24  312 15693.6000 13956.9257  11.1%   103  141s
  2790  1428 15418.6135   61  184 15693.6000 13958.0948  11.1%   104  147s
  2927  1460 14517.9713   26  311 15693.6000 13958.3411  11.1%   104  152s
  2981  1580 14856.7345   58  223 15693.6000 13958.3411  11.1%   105  158s
  3067  1650 15335.6803  107   64 15693.6000 13958.3411  11.1%   104  162s
  3148  1710 14649.2362   20  356 15693.6000 13963.7087  11.0%   104  165s
  3244  1765 14366.4812   24  406 15693.6000 13963.7087  11.0%   105  171s
  3281  1865 14643.5725   28  301 15693.6000 13963.7087  11.0%   106  175s
  3441  1984 14192.9916   20  411 15693.6000 13979.2126  10.9%   107  182s
  3523  2086 14522.3822   44   96 15693.6000 13979.2126  10.9%   107  186s
  3634  2191 15031.9620  131   41 15693.6000 13983.8318  10.9%   106  191s
  3751  2288 14335.8610   24  337 15693.6000 13983.8318  10.9%   105  196s
  3862  2355 14926.5557   54  148 15693.6000 13983.8318  10.9%   105  200s
  3931  2454 15341.4080  119  110 15693.6000 13983.8318  10.9%   105  205s
  4030  2514 15630.6996  206  107 15693.6000 14004.0959  10.8%   104  210s
  4102  2684 14862.9317   28  291 15693.6000 14004.0959  10.8%   105  215s
  4280  2774 15563.7792   96  109 15693.6000 14004.1229  10.8%   104  221s
  4412  2824 14500.3478   35  237 15693.6000 14004.5085  10.8%   104  225s
  4518  3005 14733.1887   38  256 15693.6000 14015.0514  10.7%   106  235s
  4674  3073 15316.1492   64  198 15693.6000 14022.3615  10.6%   105  240s
  4757  3173 14406.4186   32  243 15693.6000 14025.7044  10.6%   106  247s
  4871  3236 14203.2448   31  262 15693.6000 14025.7044  10.6%   106  252s
  4951  3431 14718.3248   70  167 15693.6000 14040.0410  10.5%   107  259s
  5049  3431 15550.4945  168   52 15693.6000 14040.0410  10.5%   106  260s
  5171  3674 14374.2343   33  233 15693.6000 14040.3654  10.5%   106  268s
  5414  3721 15124.5090  203   15 15693.6000 14040.3654  10.5%   104  277s
  5474  3963 14849.2803   38  321 15693.6000 14051.4802  10.5%   104  285s
  5773  4050 14309.8271   24  341 15693.6000 14056.2166  10.4%   102  292s
  5861  4133 14301.2674   32  265 15693.6000 14056.7330  10.4%   103  299s
  5946  4235 14835.1445   49  130 15693.6000 14060.8046  10.4%   104  305s
  6080  4421 14409.5185   33  230 15693.6000 14071.2770  10.3%   105  313s
  6306  4508 14553.5741   29   72 15693.6000 14071.6037  10.3%   105  321s
  6393  4872 14788.9585   68   53 15693.6000 14072.0391  10.3%   106  331s
  6814  4964     cutoff  138      15693.6000 14072.6189  10.3%   103  340s
  6918  5100 14859.7027   58  123 15693.6000 14073.9162  10.3%   103  346s
  7072  5157 14515.5935   29  297 15693.6000 14074.0467  10.3%   103  353s
  7163  5306 14363.9121   20  252 15693.6000 14074.1356  10.3%   103  360s
  7354  5472 14437.8280   37  208 15693.6000 14077.2053  10.3%   103  369s
  7417  5472 15282.5842  100  152 15693.6000 14077.2053  10.3%   103  370s
  7545  5528 14190.6540   23  418 15693.6000 14077.2053  10.3%   103  378s
  7637  5756 14585.3754   33  206 15693.6000 14077.3543  10.3%   104  387s
  7893  5834 14487.3149   35  121 15693.6000 14078.7115  10.3%   103  397s
  7971  6028 14717.2330   66   23 15693.6000 14078.7115  10.3%   105  407s
  8173  6225 15417.0224  149   29 15693.6000 14078.8417  10.3%   105  417s
  8420  6339 14569.0651   22  362 15693.6000 14078.8417  10.3%   105  427s
  8577  6433 15505.2305   61  227 15693.6000 14082.3107  10.3%   105  435s
  8697  6503 15127.2126   31  283 15693.6000 14085.6646  10.2%   106  465s
  8793  6631 14438.8976   23  375 15693.6000 14087.0578  10.2%   111  475s
  8921  6734 15350.2795   87   10 15693.6000 14088.1231  10.2%   112  485s
  9052  7073 14514.5691   35  264 15693.6000 14088.1336  10.2%   112  497s
  9403  7075 15620.0500  160    - 15693.6000 14088.1336  10.2%   111  500s
  9435  7188 15251.5744   99   63 15693.6000 14088.7037  10.2%   111  508s
  9573  7278 infeasible  131      15693.6000 14095.0123  10.2%   111  517s
  9677  7526 15085.7292   83  139 15693.6000 14100.2356  10.2%   112  526s
  9944  7716 15063.8705   85   36 15693.6000 14103.8995  10.1%   111  538s
 10183  7877 14406.9075   33  256 15693.6000 14105.0503  10.1%   111  548s
 10344  8184 14770.6228   75  117 15693.6000 14105.0503  10.1%   112  558s
 10525  8188 15254.4181  166   32 15693.6000 14105.0503  10.1%   111  560s
 10714  8229 infeasible  188      15693.6000 14109.5039  10.1%   111  568s
 10771  8348 14660.1859   28  268 15693.6000 14112.6716  10.1%   112  578s
 10890  8497 15231.1280   46   87 15693.6000 14112.6716  10.1%   112  587s
 11076  8632 14891.6439   31  189 15693.6000 14113.2605  10.1%   112  597s
 11233  8837 14662.3831   44  137 15693.6000 14114.5989  10.1%   113  606s
 11480  8953 14147.8461   24  334 15693.6000 14115.7452  10.1%   112  616s
 11604  9230 14996.1150   68  133 15693.6000 14116.4026  10.0%   113  627s
 11908  9332 14558.2615   33  345 15693.6000 14120.6567  10.0%   111  637s
 12030  9481 14354.9086   27  277 15693.6000 14121.0919  10.0%   112  645s
 12200  9548 15590.6312  109   27 15693.6000 14125.5064  10.0%   112  654s
 12290  9685     cutoff  122      15693.6000 14126.1101  10.0%   113  664s
 12344  9685 15400.9900   75    - 15693.6000 14126.1101  10.0%   114  665s
 12492  9805 infeasible   83      15693.6000 14137.1591  9.92%   114  674s
 12598  9805 15249.7373   49  166 15693.6000 14137.2331  9.92%   114  675s
 12636  9951 14300.5678   24  348 15693.6000 14139.7166  9.90%   114  683s
 12806 10100 14359.5736   27  336 15693.6000 14143.4519  9.88%   115  692s
 12981 10319 14497.2871   33  248 15693.6000 14145.1067  9.87%   115  703s
 13210 10573 15153.8667   57  170 15693.6000 14145.1563  9.87%   115  714s
 13326 10573 15415.5489   93   53 15693.6000 14145.1563  9.87%   115  715s
 13532 10758 infeasible  121      15693.6000 14147.9836  9.85%   114  724s
 13594 10758 15325.3858   85   59 15693.6000 14147.9836  9.85%   114  725s
 13750 10822 14253.2301   31  402 15693.6000 14154.7592  9.81%   114  734s
 13828 11005 14672.4947   40  231 15693.6000 14154.9053  9.80%   115  742s
 14040 11242 14977.5498   49   71 15693.6000 14158.1772  9.78%   115  753s
 14191 11242 15468.9630  168   15 15693.6000 14158.1772  9.78%   114  755s
 14308 11396 15007.9381   64  142 15693.6000 14158.7312  9.78%   114  764s
 14333 11396 15542.8238   89   42 15693.6000 14158.7312  9.78%   114  765s
 14499 11496 14906.7432   53  139 15693.6000 14158.9126  9.78%   115  774s
 14586 11496 15111.8772   58   34 15693.6000 14158.9126  9.78%   115  775s
 14608 11639 15128.7966   60   36 15693.6000 14160.5742  9.77%   115  783s
*14634 10497              86    15535.970000 14160.5742  8.85%   115  784s
 14798 10567 14972.2101   70  116 15535.9700 14162.1847  8.84%   115  793s
 14903 10690 14885.0150   34  177 15535.9700 14163.2742  8.84%   115  803s
 15037 10774 14508.2663   28  323 15535.9700 14163.2742  8.84%   116  813s
 15138 10933 14879.0980   52   73 15535.9700 14166.3598  8.82%   116  822s
H15321 10633                    15479.970000 14166.3613  8.49%   116  833s
 15548 10786 14284.4564   31  205 15479.9700 14169.1990  8.47%   116  843s
 15727 10863 14828.6245   32  130 15479.9700 14170.7999  8.46%   116  854s
 15838 11043 15154.4507   43  123 15479.9700 14171.1836  8.45%   117  864s
 15935 11045 14925.8525   81   12 15479.9700 14171.1836  8.45%   117  865s
H16044 11089                    15477.090000 14171.3079  8.44%   117  874s
 16135 11089 14444.1196   36  254 15477.0900 14172.3949  8.43%   117  875s
 16138 11219 14734.0899   43  314 15477.0900 14172.5333  8.43%   117  883s
 16284 11419 14442.2063   35  332 15477.0900 14173.3888  8.42%   118  893s
 16508 11571 14281.8617   27  366 15477.0900 14173.9279  8.42%   117  902s
 16692 11694 14534.9471   30  337 15477.0900 14176.2594  8.40%   118  913s
 16837 11771 15367.2033   93   61 15477.0900 14176.7769  8.40%   118  922s
 16945 11977 14596.8094   47  189 15477.0900 14176.9879  8.40%   118  948s
 17236 12168 15471.1600  131    - 15477.0900 14177.8268  8.39%   120  959s
 17265 12170 14986.1537   49  106 15477.0900 14177.8268  8.39%   120  960s
 17463 12310     cutoff  131      15477.0900 14180.7807  8.38%   120  970s
 17631 12391 15419.0884  130   11 15477.0900 14182.5958  8.36%   120  979s
 17672 12393 14649.4736   44  116 15477.0900 14182.5958  8.36%   120  980s
 17744 12444 infeasible  136      15477.0900 14183.7886  8.36%   120  990s
 17809 12538 14545.5472   23  370 15477.0900 14184.7126  8.35%   120 1000s
 17994 12732 15178.0138   54   58 15477.0900 14187.6070  8.33%   120 1010s
H18214 11361                    15355.160000 14187.6635  7.60%   120 1020s
 18335 11527 15004.5647   64  109 15355.1600 14189.5608  7.59%   120 1029s
 18368 11527 14893.3949   55  121 15355.1600 14189.5608  7.59%   120 1030s
 18554 11698 14501.3870   38  302 15355.1600 14193.2030  7.57%   120 1104s
 18588 11698 15181.6042   72  136 15355.1600 14193.2030  7.57%   120 1105s
 18764 11787 14470.3739   31  323 15355.1600 14194.2355  7.56%   120 1115s
 18882 11877 14726.5794   30  213 15355.1600 14194.2821  7.56%   120 1125s
 19009 11926 14881.2103   52  240 15355.1600 14195.5698  7.55%   121 1135s
 19081 12168 14764.1559   46  137 15355.1600 14196.5641  7.55%   121 1146s
 19389 12335 15211.3554   91   14 15355.1600 14197.2031  7.54%   120 1158s
*19394 10795              96    15235.320000 14197.2031  6.81%   120 1158s
 19594 10907 14576.5696   26  299 15235.3200 14198.7092  6.80%   120 1168s
 19724 10907 15227.2211   95   41 15235.3200 14198.8740  6.80%   120 1170s
 19748 10992 14395.6069   29  343 15235.3200 14198.8740  6.80%   121 1178s
 19856 11112     cutoff   55      15235.3200 14200.0912  6.79%   121 1188s
 20001 11247 14976.6152   63   11 15235.3200 14201.7771  6.78%   121 1198s
 20173 11466     cutoff   70      15235.3200 14202.1553  6.78%   122 1209s
 20224 11466 14982.1835   91   55 15235.3200 14202.1553  6.78%   122 1210s
H20429  8496                    15021.320000 14202.5252  5.45%   121 1221s
 20674  8547 14472.0342   34  345 15021.3200 14203.6793  5.44%   121 1232s
 20786  8684 14651.3048   52   78 15021.3200 14204.1218  5.44%   122 1242s
 20950  8816 14727.4952   51  277 15021.3200 14205.9574  5.43%   122 1252s
 21113  8951 14353.5303   25  349 15021.3200 14207.8676  5.42%   122 1262s
 21272  9004 14869.8123   46  258 15021.3200 14209.2986  5.41%   122 1290s
 21355  9091 14594.1469   31  239 15021.3200 14209.7670  5.40%   125 1300s
 21479  9200 14275.5959   30  336 15021.3200 14211.1552  5.39%   125 1309s
 21525  9200 14968.3938   53  113 15021.3200 14211.1552  5.39%   125 1310s
 21621  9297 14869.6979   47  126 15021.3200 14212.1028  5.39%   125 1320s
 21769  9390 14995.0869   58  237 15021.3200 14212.8240  5.38%   126 1330s
 21902  9487 14854.6320   73   32 15021.3200 14212.9449  5.38%   126 1340s
 22056  9611 14842.0958   42  279 15021.3200 14214.0464  5.37%   127 1350s
 22223  9796 14326.4887   30  307 15021.3200 14215.6391  5.36%   127 1360s
 22445  9855 14535.3895   35  327 15021.3200 14217.6688  5.35%   127 1393s
H22524  9347                    14989.380000 14217.7817  5.15%   130 1424s
 22546  9420 14821.3888   36  170 14989.3800 14218.1617  5.15%   133 1438s
 22650  9480 14270.7097   18  478 14989.3800 14218.3583  5.14%   133 1449s
 22685  9480 14832.7239   50  121 14989.3800 14218.3583  5.14%   133 1450s
 22746  9613 14873.0445   54  101 14989.3800 14219.2116  5.14%   134 1460s
H22930  8677                    14928.580000 14219.8890  4.75%   134 1471s
 23053  8736 14867.7412   37  228 14928.5800 14221.2829  4.74%   134 1482s
 23150  8821 14580.3524   36  282 14928.5800 14222.2316  4.73%   135 1492s
 23280  8927 14469.0020   24  356 14928.5800 14223.2554  4.72%   135 1503s
 23433  9054 14520.8400   29  266 14928.5800 14224.9039  4.71%   135 1515s
 23611  9168 14258.0415   23  432 14928.5800 14225.9963  4.71%   135 1526s
 23766  9304 14639.5487   47   92 14928.5800 14227.1644  4.70%   136 1538s
 23944  9392 14331.6537   30  394 14928.5800 14228.2621  4.69%   136 1550s
 24067  9524     cutoff   57      14928.5800 14228.9055  4.69%   136 1561s
 24217  9651 14890.0721   80   83 14928.5800 14229.6517  4.68%   136 1572s
 24394  9710 14881.8398   54  216 14928.5800 14231.8240  4.67%   137 1584s
 24467  9710 14774.9682   51  214 14928.5800 14232.0526  4.67%   137 1585s
 24480  9827 14817.2117   39  216 14928.5800 14232.2481  4.66%   137 1595s
 24647  9976 14555.0932   40  187 14928.5800 14232.3473  4.66%   137 1606s
 24821 10088     cutoff   86      14928.5800 14233.1710  4.66%   137 1617s
 24949 10189 14399.0978   22  309 14928.5800 14233.4522  4.66%   137 1628s
 25080 10294 14835.4757   65   34 14928.5800 14234.3485  4.65%   138 1639s
 25169 10294 14898.7206   64  127 14928.5800 14234.5237  4.65%   138 1640s
 25218 10344     cutoff   37      14928.5800 14234.8792  4.65%   138 1650s
 25327 10450 14798.5346   52  230 14928.5800 14235.7339  4.64%   138 1661s
 25469 10516 infeasible   31      14928.5800 14236.6215  4.64%   139 1672s
 25571 10600 14887.9612   60  226 14928.5800 14237.5264  4.63%   139 1682s
 25694 10744 14738.8150   36  263 14928.5800 14238.4964  4.62%   139 1693s
 25882 10842 14610.8817   27  250 14928.5800 14238.8643  4.62%   140 1706s
 26024 10943 14382.7555   25  330 14928.5800 14239.7789  4.61%   140 1717s
 26168 11059     cutoff   66      14928.5800 14240.0522  4.61%   140 1730s
 26326 11178 14904.1596   51  114 14928.5800 14241.1997  4.60%   140 1742s
 26507 11288 14921.6591   62  142 14928.5800 14241.6538  4.60%   141 1754s
 26639 11396 14705.9278   66   14 14928.5800 14242.7430  4.59%   141 1765s
 26795 11480 14594.5417   41  261 14928.5800 14243.8883  4.59%   141 1776s
 26920 11588 14509.2889   27  283 14928.5800 14245.2765  4.58%   142 1788s
 27092 11678 14602.4110   21  277 14928.5800 14247.8275  4.56%   142 1801s
 27199 11777 14673.8493   59  203 14928.5800 14248.7399  4.55%   142 1813s
 27320 11927 14771.5314   54   29 14928.5800 14248.8369  4.55%   142 1826s
 27530 12005 14522.9795   35  265 14928.5800 14249.5205  4.55%   143 1838s
 27649 12101 14639.9710   32  314 14928.5800 14249.6477  4.55%   143 1850s
 27771 12195 14870.2561   69   64 14928.5800 14249.9950  4.55%   143 1862s
 27918 12259 14769.8399   36  122 14928.5800 14250.6415  4.54%   144 1874s
 28039 12407 14800.9726   48  238 14928.5800 14252.3303  4.53%   144 1890s
 28236 12519 14531.1100   20  355 14928.5800 14253.0158  4.53%   144 1903s
 28384 12619 14601.2851   39  227 14928.5800 14253.1938  4.52%   144 1917s
H28462 12356                    14916.020000 14253.1938  4.44%   144 1918s
 28530 12450 14483.0884   30  170 14916.0200 14253.6251  4.44%   145 1929s
 28634 12450 14874.9081   65   33 14916.0200 14253.6251  4.44%   145 1930s
 28682 12629 14433.1879   26  269 14916.0200 14254.6282  4.43%   145 1941s
 28901 12731     cutoff   68      14916.0200 14255.8123  4.43%   145 1954s
 29042 12830 14400.6574   37  335 14916.0200 14256.3391  4.42%   145 1966s
 29179 13011     cutoff   57      14916.0200 14257.0987  4.42%   145 1979s
 29223 13011 14604.2795   45   90 14916.0200 14257.0987  4.42%   146 1980s
 29416 13115 14408.4916   30  271 14916.0200 14257.4083  4.42%   145 1992s
 29565 13189 14537.6294   27  321 14916.0200 14257.7678  4.41%   146 2004s
 29669 13189 14864.5166   40  194 14916.0200 14257.9831  4.41%   146 2005s
 29687 13286 14418.3438   35  230 14916.0200 14258.2474  4.41%   146 2016s
 29829 13408 14473.2204   29  251 14916.0200 14259.2569  4.40%   146 2028s
 29994 13514     cutoff   77      14916.0200 14260.4407  4.40%   146 2041s
 30156 13629 14374.2292   29  316 14916.0200 14261.0136  4.39%   147 2053s
 30319 13717 14396.4825   35  298 14916.0200 14261.4882  4.39%   147 2066s
H30402 12784                    14881.020000 14261.8952  4.16%   147 2066s
 30451 12896 14504.1323   37  261 14881.0200 14262.0669  4.16%   147 2078s
 30624 12926 14843.3048   61  192 14881.0200 14262.3406  4.16%   147 2105s
 30716 13034 14443.4889   30  241 14881.0200 14262.5229  4.16%   149 2117s
 30876 13145 14400.9644   30  364 14881.0200 14263.1824  4.15%   149 2129s
 30911 13145 14879.2231   50    8 14881.0200 14263.1824  4.15%   149 2130s
 31038 13262 14865.6980   58   92 14881.0200 14264.3453  4.14%   149 2142s
 31193 13480 14659.3810   72  119 14881.0200 14265.3159  4.14%   150 2156s
 31473 13522     cutoff   46      14881.0200 14265.6585  4.14%   149 2172s
 31629 13597 14336.9238   22  395 14881.0200 14265.9370  4.13%   150 2184s
 31656 13597 14749.9741   34  106 14881.0200 14265.9370  4.13%   150 2185s
 31742 13718 14646.3133   30  149 14881.0200 14266.7106  4.13%   150 2197s
 31904 13809 14586.2765   30  250 14881.0200 14266.8363  4.13%   150 2210s
 32038 13893 14792.7912   71  107 14881.0200 14266.8862  4.13%   150 2222s
 32227 13972     cutoff   78      14881.0200 14268.5396  4.12%   151 2234s
 32331 14044 14499.9004   32  382 14881.0200 14268.7276  4.11%   151 2246s
 32464 14072 14545.1144   34  336 14881.0200 14269.5927  4.11%   151 2259s
 32555 14114 infeasible   28      14881.0200 14269.7426  4.11%   153 2287s
 32621 14169 14381.4189   28  352 14881.0200 14269.8699  4.11%   153 2308s
 32752 14252 14395.4611   36  213 14881.0200 14270.4420  4.10%   154 2330s
 32881 14384 14832.9385   45  148 14881.0200 14270.8872  4.10%   154 2349s
 32941 14385 14740.6337   65   17 14881.0200 14270.8872  4.10%   154 2350s
 33077 14459 14871.9163   78   12 14881.0200 14271.2037  4.10%   154 2362s
 33192 14562 14521.6365   24  328 14881.0200 14272.0133  4.09%   154 2374s
 33231 14562 14808.7829   44  166 14881.0200 14272.0133  4.09%   155 2375s
 33361 14696     cutoff   27      14881.0200 14272.4706  4.09%   155 2387s
 33532 14765 14515.8954   28  233 14881.0200 14272.7275  4.09%   155 2400s
 33665 14872 14500.2833   30  307 14881.0200 14272.9981  4.09%   155 2412s
 33826 15009 14644.2754   33  264 14881.0200 14273.6014  4.08%   155 2426s
 34021 15181 14768.1951   43  159 14881.0200 14274.0258  4.08%   155 2439s
 34094 15181 14613.2524   35  238 14881.0200 14274.0258  4.08%   155 2440s
 34239 15234 14859.4836   61   16 14881.0200 14274.5462  4.08%   155 2452s
 34341 15304 14719.7144   50  194 14881.0200 14275.2662  4.07%   155 2464s
 34429 15304 14744.5000   39  197 14881.0200 14277.1420  4.06%   156 2465s
 34453 15406 14852.7337   37  231 14881.0200 14277.2027  4.06%   156 2476s
 34611 15520     cutoff   68      14881.0200 14277.7467  4.05%   156 2489s
 34668 15520 14437.4926   32  259 14881.0200 14277.7467  4.05%   156 2490s
 34769 15687 14768.0403   48  112 14881.0200 14278.8098  4.05%   156 2503s
 34979 15806 14868.5205   42  106 14881.0200 14279.1442  4.04%   156 2516s
 35161 15867 14794.2674   68  213 14881.0200 14279.1999  4.04%   156 2574s
 35238 15867 14474.5291   37  293 14881.0200 14279.1999  4.04%   157 2575s
 35316 15968 14591.5404   45  239 14881.0200 14279.7819  4.04%   159 2597s
 35471 16045 14685.8649   29  212 14881.0200 14280.8015  4.03%   159 2620s
 35611 16176 14652.3632   30  306 14881.0200 14281.0804  4.03%   159 2633s
 35789 16278 14784.6700   41  177 14881.0200 14281.6721  4.03%   159 2647s
 35940 16330 14694.6412   33  296 14881.0200 14282.1129  4.02%   159 2659s
 35992 16330 14868.4683   45   95 14881.0200 14282.7338  4.02%   160 2660s
 36054 16422 14488.4424   27  184 14881.0200 14282.7501  4.02%   160 2672s
 36186 16515 14597.6869   40  273 14881.0200 14283.0018  4.02%   160 2686s
 36331 16622 14800.9408   46  248 14881.0200 14283.2941  4.02%   160 2699s
 36493 16742 14579.8540   38  195 14881.0200 14283.7945  4.01%   160 2712s
 36673 16830 14446.9891   29  372 14881.0200 14284.3646  4.01%   161 2726s
 36807 16917 14823.3829   74    8 14881.0200 14284.6040  4.01%   161 2738s
 36985 17048 14629.7089   31  293 14881.0200 14285.4944  4.00%   161 2752s
 37162 17168 14551.9676   48  190 14881.0200 14286.1152  4.00%   161 2766s
 37347 17320     cutoff   69      14881.0200 14286.4133  4.00%   161 2781s
 37548 17425 14780.5249   55  225 14881.0200 14286.8304  3.99%   161 2795s
 37724 17507 14624.5714   34  274 14881.0200 14287.4910  3.99%   161 2808s
 37850 17605 14706.6100   47  175 14881.0200 14287.9520  3.99%   161 2821s
 38022 17678 14436.2018   30  299 14881.0200 14288.5086  3.98%   161 2834s
 38093 17678     cutoff   50      14881.0200 14289.6752  3.97%   162 2835s
 38145 17786 14520.2232   23  340 14881.0200 14289.9331  3.97%   162 2848s
 38313 17870 14654.2472   43  176 14881.0200 14290.1428  3.97%   162 2863s
 38495 17979 14852.8307   52   38 14881.0200 14290.7799  3.97%   162 2876s
 38649 18112 14783.6721   55  199 14881.0200 14291.1203  3.96%   162 2890s
 38840 18204 14827.3538   29  238 14881.0200 14291.5372  3.96%   162 2904s
 38889 18204 14767.2822   73   15 14881.0200 14292.0227  3.96%   163 2905s
 38969 18314 14632.8719   40  231 14881.0200 14292.2392  3.96%   163 2917s
 39132 18376 14787.3692   43  164 14881.0200 14292.4575  3.96%   163 2932s
 39260 18505 14655.3584   42  238 14881.0200 14292.8436  3.95%   163 2948s
 39441 18711 14584.5886   36  151 14881.0200 14293.2134  3.95%   163 2963s
 39688 18711 14793.8240   50   76 14881.0200 14293.5831  3.95%   163 2965s
 39717 18828 14350.3178   24  419 14881.0200 14293.6516  3.95%   163 2977s
 39897 18969 14556.1193   40  234 14881.0200 14294.1067  3.94%   163 2992s
 40114 19018 14689.4971   36  249 14881.0200 14294.5393  3.94%   163 3008s
 40218 19111 14479.6411   30  290 14881.0200 14294.8534  3.94%   163 3021s
 40363 19239 14710.9580   39  236 14881.0200 14294.8885  3.94%   164 3035s
 40547 19325 14490.8456   38  293 14881.0200 14295.3757  3.94%   164 3049s
 40604 19325     cutoff   57      14881.0200 14296.1484  3.93%   164 3050s
 40687 19449 14399.2692   19  453 14881.0200 14296.2671  3.93%   164 3063s
 40883 19588 14600.0198   42  267 14881.0200 14296.6528  3.93%   164 3077s
 41065 19744 14762.1027   55  117 14881.0200 14297.2879  3.92%   164 3092s
 41283 19889 14855.1613   49   33 14881.0200 14297.6835  3.92%   164 3107s
 41474 19962 14717.5508   29  295 14881.0200 14298.5279  3.91%   164 3121s
 41651 20038 14803.9744   25  315 14881.0200 14298.8668  3.91%   164 3135s
 41809 20196 14500.4619   28  358 14881.0200 14299.1142  3.91%   164 3149s
 41940 20196 14730.9434   60  192 14881.0200 14299.3530  3.91%   164 3150s
 42008 20273     cutoff   57      14881.0200 14299.3597  3.91%   164 3162s
 42145 20402 14686.2175   39  297 14881.0200 14299.8391  3.91%   165 3177s
 42322 20476     cutoff   52      14881.0200 14300.5258  3.90%   165 3191s
 42464 20548 14567.3325   34  232 14881.0200 14300.8695  3.90%   165 3204s
 42569 20674 14496.0259   35  173 14881.0200 14301.1219  3.90%   165 3217s
 42736 20807 14769.0544   57  227 14881.0200 14301.7894  3.89%   166 3232s
 42956 20998 14532.0771   33  296 14881.0200 14302.3267  3.89%   166 3247s
 43203 21064 14718.4306   53   78 14881.0200 14302.4144  3.89%   166 3273s
 43280 21180     cutoff   92      14881.0200 14302.4790  3.89%   165 3292s
 43440 21330     cutoff   64      14881.0200 14302.7309  3.89%   165 3306s
 43656 21445 14459.4976   34  263 14881.0200 14303.1488  3.88%   165 3320s
 43813 21513 14461.1218   34  286 14881.0200 14303.6200  3.88%   166 3334s
 43937 21603 14812.0652   38  280 14881.0200 14304.0152  3.88%   166 3348s
 44077 21726 14734.0965   43  274 14881.0200 14304.6509  3.87%   166 3362s
 44265 21945 14557.8069   45  170 14881.0200 14305.0957  3.87%   166 3377s
 44552 22096 14450.1454   36  202 14881.0200 14305.5451  3.87%   166 3392s
 44763 22200     cutoff   57      14881.0200 14305.8923  3.86%   166 3407s
 44919 22310 14410.8524   28  292 14881.0200 14306.3085  3.86%   166 3421s
 45083 22401 14724.6717   39  103 14881.0200 14306.9545  3.86%   166 3435s
 45278 22542     cutoff   50      14881.0200 14307.1879  3.86%   166 3448s
 45429 22542 14482.0433   42  140 14881.0200 14307.7081  3.85%   166 3450s
 45499 22679 14450.0117   32  312 14881.0200 14307.9961  3.85%   166 3463s
 45699 22804 14717.5348   54  167 14881.0200 14308.8119  3.85%   166 3477s
 45896 22869 14563.2164   42  278 14881.0200 14309.5184  3.84%   166 3491s
 46025 22946 14524.0386   29  386 14881.0200 14310.1410  3.84%   167 3504s
 46051 22946 14771.4567   42   12 14881.0200 14310.1410  3.84%   167 3505s
 46171 23024     cutoff   47      14881.0200 14310.4434  3.83%   167 3519s
 46286 23024 14797.9527   39  293 14881.0200 14310.6168  3.83%   167 3520s
 46296 23105 14813.6221   56  210 14881.0200 14310.6350  3.83%   167 3532s
 46460 23210 14668.0827   38  177 14881.0200 14310.9695  3.83%   167 3547s
 46617 23333 14795.8179   38  173 14881.0200 14311.2994  3.83%   167 3562s
 46799 23474 14553.8744   36  203 14881.0200 14311.7392  3.83%   167 3576s
 47021 23573 14615.9906   40  181 14881.0200 14312.0524  3.82%   167 3589s
 47046 23573 14836.9406   56   74 14881.0200 14312.0524  3.82%   167 3590s
 47188 23625     cutoff   36      14881.0200 14312.4841  3.82%   168 3600s

Cutting planes:
  User: 3096
  Gomory: 22
  Cover: 352
  Implied bound: 45
  Clique: 17
  MIR: 167
  Flow cover: 449
  Zero half: 38
  RLT: 279
  Relax-and-lift: 5
  Lazy constraints: 3311

