




arguments: ./build/mirp_solver -f ./input/orig_exec_180.cfg
Current dir: /scratch/gui/bnc_mirp
File verbosity level: 9
date       time         ( uptime  ) [ thread name/id ]                   file:line     v| 
2021-01-10 05:34:44.636 (   0.410s) [main thread     ]             loguru.cpp:789   INFO| Logging to './output/vi_lex_full/OU/V3/Original/execution_10_01_2021_05_34_44.log', mode: 'a', verbosity: 9
--------------------------------------------------------------------------------
Parameters
                           instance_path           ./input/Instances/Original/5/
                            model_policy                                       1
                             nb_vehicles                                       3
                              output_dir    ./output/vi_lex_full/OU/V3/Original/
                            sec_strategy                                       1
                       solver_nb_threads                                       2
                         solver_show_log                                    true
                       solver_time_limit                                    3600
                              use_vi_cos                                   false
                              use_vi_cus                                   false
                         use_vi_hc1_full                                   false
                         use_vi_hc1_half                                   false
                      use_vi_hc1_quarter                                   false
                              use_vi_hc2                                   false
                              use_vi_hc3                                   false
                         use_vi_lex_full                                    true
                         use_vi_lex_half                                   false
                      use_vi_lex_quarter                                   false
                              use_vi_qua                                   false
                               use_vi_vc                                   false
                               use_vi_vr                                   false
--------------------------------------------------------------------------------
executing instance: ./input/Instances/Original/5/absH3low_4n50.dat
--------------------------------------------------------------------------------
Instance details
n	51
H	3
C	4066
Li:
[0, 0, 0, 0, 0, 0, 0, 0, 0, 0, 0, 0, 0, 0, 0, 0, 0, 0, 0, 0, 0, 0, 0, 0, 0, 0, 0, 0, 0, 0, 0, 0, 0, 0, 0, 0, 0, 0, 0, 0, 0, 0, 0, 0, 0, 0, 0, 0, 0, 0, 0, ]
Ui:
[0, 108, 126, 122, 66, 120, 48, 30, 128, 54, 158, 198, 36, 66, 210, 234, 147, 297, 171, 128, 116, 120, 219, 70, 294, 207, 134, 128, 234, 122, 22, 183, 195, 255, 132, 124, 66, 189, 219, 66, 128, 102, 288, 66, 87, 136, 36, 39, 282, 36, 237, ]
Distance matrix:
|0	210	444	498	509	104	438	228	487	304	456	434	526	476	163	47	293	396	293	290	313	85	280	437	293	336	409	106	449	376	433	478	193	404	404	534	278	181	380	507	189	438	263	473	353	216	202	218	452	254	465	|
|210	0	299	507	359	106	345	409	358	411	320	402	555	448	136	200	289	264	306	427	141	222	83	348	264	320	283	303	380	208	258	357	170	348	475	542	243	347	355	379	65	479	172	373	355	251	112	229	402	210	300	|
|444	299	0	363	65	358	116	542	66	440	26	241	425	272	282	407	251	51	276	490	159	397	224	124	217	237	48	490	170	99	83	74	261	180	430	385	214	479	231	85	270	390	184	116	271	300	409	276	210	215	54	|
|498	507	363	0	385	482	246	424	326	254	343	123	63	93	388	452	221	337	211	314	428	414	480	239	243	187	324	463	194	418	438	307	346	188	156	36	264	392	156	326	444	87	340	258	154	286	603	294	153	297	417	|
|509	359	65	385	0	422	145	602	59	492	59	269	448	292	348	472	305	115	329	545	218	462	281	152	274	286	106	554	192	153	116	78	326	216	472	403	274	540	271	63	334	425	249	127	316	361	468	337	233	278	69	|
|104	106	358	482	422	0	372	309	408	337	374	396	521	441	98	96	262	314	271	342	215	124	177	373	249	302	329	198	394	281	337	402	139	353	419	518	230	250	343	428	90	437	188	405	328	200	134	188	406	199	372	|
|438	345	116	246	145	372	0	485	87	357	97	126	309	155	279	394	180	101	200	414	223	373	288	8	157	150	84	459	53	188	196	68	245	72	328	269	165	427	128	97	297	280	184	36	175	250	456	233	94	184	170	|
|228	409	542	424	602	309	485	0	561	170	544	419	424	446	298	214	305	491	286	115	462	187	457	480	331	339	496	124	470	510	565	545	295	424	279	454	329	66	376	576	363	340	370	520	330	242	429	266	453	328	581	|
|487	358	66	326	59	408	87	561	0	441	40	211	389	233	324	446	258	95	281	497	220	431	287	95	230	234	79	522	133	164	146	19	297	160	415	344	233	500	215	21	323	367	224	68	261	320	470	299	174	242	106	|
|304	411	440	254	492	337	357	170	441	0	434	266	255	286	275	266	189	392	164	63	408	225	428	351	224	207	392	234	330	438	484	424	250	287	112	284	232	149	233	453	349	170	302	389	185	168	471	195	305	248	487	|
|456	320	26	343	59	374	97	544	40	434	0	223	406	252	294	418	247	60	271	487	181	405	247	105	215	229	49	498	149	124	109	48	270	165	419	364	215	482	218	60	288	375	194	92	261	302	431	279	190	220	75	|
|434	402	241	123	269	396	126	419	211	266	223	0	185	46	298	387	140	213	145	328	310	355	366	118	147	97	201	425	78	295	315	191	256	65	211	151	166	371	53	215	343	157	231	145	90	220	505	217	41	198	295	|
|526	555	425	63	448	521	309	424	389	255	406	185	0	156	430	481	266	398	252	310	485	442	534	301	293	237	386	480	257	478	500	370	390	249	145	55	313	401	212	389	491	89	392	321	201	322	646	334	216	345	479	|
|476	448	272	93	292	441	155	446	233	286	252	46	156	0	343	429	183	250	184	348	353	396	411	148	192	140	236	461	102	334	350	214	302	106	214	113	212	402	98	233	389	151	277	165	125	261	551	260	62	244	325	|
|163	136	282	388	348	98	279	298	324	275	294	298	430	343	0	124	167	234	178	296	167	121	162	279	151	205	247	216	297	224	280	316	42	256	340	423	132	232	246	344	74	349	100	314	233	115	216	97	308	101	307	|
|47	200	407	452	472	96	394	214	446	266	418	387	481	429	124	0	246	358	245	259	284	41	261	392	247	289	370	103	403	345	402	436	150	358	361	488	232	158	333	466	165	393	223	430	306	168	217	171	406	210	431	|
|293	289	251	221	305	262	180	305	258	189	247	140	266	183	167	246	0	204	26	240	238	215	276	175	37	43	203	289	169	255	297	242	125	122	202	257	52	248	87	272	225	191	134	215	67	80	382	77	163	81	298	|
|396	264	51	337	115	314	101	491	95	392	60	213	398	250	234	358	204	0	229	442	130	347	196	108	169	194	19	440	152	87	102	93	211	149	390	363	165	428	194	116	228	355	134	117	230	250	376	225	189	164	95	|
|293	306	276	211	329	271	200	286	281	164	271	145	252	184	178	245	26	229	0	216	262	212	297	195	63	53	228	280	184	280	323	264	138	137	178	248	76	232	95	294	241	173	156	234	60	77	395	83	172	102	324	|
|290	427	490	314	545	342	414	115	497	63	487	328	310	348	296	259	240	442	216	0	443	220	456	408	273	264	443	204	390	479	529	480	278	346	165	343	278	115	293	509	369	229	340	447	244	202	473	230	366	288	536	|
|313	141	159	428	218	215	223	462	220	408	181	310	485	353	167	284	238	130	262	443	0	288	67	228	202	252	149	382	267	67	122	221	168	247	440	459	186	396	273	241	125	423	107	245	291	242	251	214	297	162	160	|
|85	222	397	414	462	124	373	187	431	225	405	355	442	396	121	41	215	347	212	220	288	0	273	371	221	258	357	95	378	344	401	420	136	331	321	450	208	126	302	450	177	353	213	409	272	136	253	143	377	190	426	|
|280	83	224	480	281	177	288	457	287	428	247	366	534	411	162	261	276	196	297	456	67	273	0	292	243	298	215	363	329	128	176	288	179	305	475	513	224	392	324	307	96	466	143	311	335	261	187	235	357	195	219	|
|437	348	124	239	152	373	8	480	95	351	105	118	301	148	279	392	175	108	195	408	228	371	292	0	154	144	91	456	46	194	203	76	244	65	320	261	163	423	121	103	299	273	185	40	168	247	459	230	86	183	178	|
|293	264	217	243	274	249	157	331	230	224	215	147	293	192	151	247	37	169	63	273	202	221	243	154	0	57	170	303	157	217	260	215	110	111	238	278	21	271	94	245	201	223	100	193	92	93	362	78	160	54	263	|
|336	320	237	187	286	302	150	339	234	207	229	97	237	140	205	289	43	194	53	264	252	258	298	144	57	0	190	331	131	257	294	216	163	84	197	221	77	285	44	246	258	172	155	183	39	123	418	119	120	110	288	|
|409	283	48	324	106	329	84	496	79	392	49	201	386	236	247	370	203	19	228	443	149	357	215	91	170	190	0	449	136	105	114	75	221	138	384	349	168	434	185	99	245	346	146	98	224	255	394	231	174	171	99	|
|106	303	490	463	554	198	459	124	522	234	498	425	480	461	216	103	289	440	280	204	382	95	363	456	303	331	449	0	458	439	496	510	229	410	344	498	293	89	374	540	267	391	307	495	336	211	308	226	451	280	520	|
|449	380	170	194	192	394	53	470	133	330	149	78	257	102	297	403	169	152	184	390	267	378	329	46	157	131	136	458	0	238	249	114	259	47	287	216	171	416	96	137	327	235	211	67	145	247	488	235	41	197	223	|
|376	208	99	418	153	281	188	510	164	438	124	295	478	334	224	345	255	87	280	479	67	344	128	194	217	257	105	439	238	0	57	169	216	230	453	445	206	445	268	184	191	427	141	202	296	278	315	250	274	191	92	|
|433	258	83	438	116	337	196	565	146	484	109	315	500	350	280	402	297	102	323	529	122	401	176	203	260	294	114	496	249	57	0	157	271	252	490	463	251	499	296	162	247	457	195	199	331	329	362	302	288	241	47	|
|478	357	74	307	78	402	68	545	19	424	48	191	370	214	316	436	242	93	264	480	221	420	288	76	215	216	75	510	114	169	157	0	287	141	396	325	219	485	196	31	319	347	216	49	243	306	469	286	154	230	120	|
|193	170	261	346	326	139	245	295	297	250	270	256	390	302	42	150	125	211	138	278	168	136	179	244	110	163	221	229	259	216	271	287	0	216	305	382	91	229	204	316	105	310	78	280	192	83	257	60	268	62	292	|
|404	348	180	188	216	353	72	424	160	287	165	65	249	106	256	358	122	149	137	346	247	331	305	65	111	84	138	410	47	230	252	141	216	0	255	215	126	369	56	168	292	210	177	102	103	200	454	189	54	155	234	|
|404	475	430	156	472	419	328	279	415	112	419	211	145	214	340	361	202	390	178	165	440	321	475	320	238	197	384	344	287	453	490	396	305	255	0	181	254	261	201	422	410	69	335	353	160	225	551	246	252	280	482	|
|534	542	385	36	403	518	269	454	344	284	364	151	55	113	423	488	257	363	248	343	459	450	513	261	278	221	349	498	216	445	463	325	382	215	181	0	298	425	189	342	479	115	373	276	190	323	638	330	175	332	439	|
|278	243	214	264	274	230	165	329	233	232	215	166	313	212	132	232	52	165	76	278	186	208	224	163	21	77	168	293	171	206	251	219	91	126	254	298	0	267	114	250	181	242	82	202	112	88	341	68	177	33	258	|
|181	347	479	392	540	250	427	66	500	149	482	371	401	402	232	158	248	428	232	115	396	126	392	423	271	285	434	89	416	445	499	485	229	369	261	425	267	0	325	516	298	313	305	463	281	180	375	203	403	264	516	|
|380	355	231	156	271	343	128	376	215	233	218	53	212	98	246	333	87	194	95	293	273	302	324	121	94	44	185	374	96	268	296	196	204	56	201	189	114	325	0	224	294	161	185	157	49	167	455	163	78	147	284	|
|507	379	85	326	63	428	97	576	21	453	60	215	389	233	344	466	272	116	294	509	241	450	307	103	245	246	99	540	137	184	162	31	316	168	422	342	250	516	224	0	344	371	244	70	271	337	490	317	176	261	120	|
|189	65	270	444	334	90	297	363	323	349	288	343	491	389	74	165	225	228	241	369	125	177	96	299	201	258	245	267	327	191	247	319	105	292	410	479	181	298	294	344	0	414	116	328	291	187	163	165	345	147	282	|
|438	479	390	87	425	437	280	340	367	170	375	157	89	151	349	393	191	355	173	229	423	353	466	273	223	172	346	391	235	427	457	347	310	210	69	115	242	313	161	371	414	0	323	301	133	238	565	253	197	273	444	|
|263	172	184	340	249	188	184	370	224	302	194	231	392	277	100	223	134	134	156	340	107	213	143	185	100	155	146	307	211	141	195	216	78	177	335	373	82	305	185	244	116	323	0	217	192	138	278	110	230	55	214	|
|473	373	116	258	127	405	36	520	68	389	92	145	321	165	314	430	215	117	234	447	245	409	311	40	193	183	98	495	67	202	199	49	280	102	353	276	202	463	157	70	328	301	217	0	205	286	485	269	106	220	167	|
|353	355	271	154	316	328	175	330	261	185	261	90	201	125	233	306	67	230	60	244	291	272	335	168	92	39	224	336	145	296	331	243	192	103	160	190	112	281	49	271	291	133	192	205	0	138	449	141	123	145	323	|
|216	251	300	286	361	200	250	242	320	168	302	220	322	261	115	168	80	250	77	202	242	136	261	247	93	123	255	211	247	278	329	306	83	200	225	323	88	180	167	337	187	238	138	286	138	0	328	28	243	88	340	|
|202	112	409	603	468	134	456	429	470	471	431	505	646	551	216	217	382	376	395	473	251	253	187	459	362	418	394	308	488	315	362	469	257	454	551	638	341	375	455	490	163	565	278	485	449	328	0	313	508	308	406	|
|218	229	276	294	337	188	233	266	299	195	279	217	334	260	97	171	77	225	83	230	214	143	235	230	78	119	231	226	235	250	302	286	60	189	246	330	68	203	163	317	165	253	110	269	141	28	313	0	235	61	315	|
|452	402	210	153	233	406	94	453	174	305	190	41	216	62	308	406	163	189	172	366	297	377	357	86	160	120	174	451	41	274	288	154	268	54	252	175	177	403	78	176	345	197	230	106	123	243	508	235	0	207	264	|
|254	210	215	297	278	199	184	328	242	248	220	198	345	244	101	210	81	164	102	288	162	190	195	183	54	110	171	280	197	191	241	230	62	155	280	332	33	264	147	261	147	273	55	220	145	88	308	61	207	0	253	|
|465	300	54	417	69	372	170	581	106	487	75	295	479	325	307	431	298	95	324	536	160	426	219	178	263	288	99	520	223	92	47	120	292	234	482	439	258	516	284	120	282	444	214	167	323	340	406	315	264	253	0	|

--------------------------------------------------------------------------------
Building model...
	using lazy and cut (CVRPSEP package)
Solving IRP LP...
--------------------------------------------------------------------------------

Gurobi 9.1.0 (linux64) logging started Sun Jan 10 05:34:44 2021

Gurobi Optimizer version 9.1.0 build v9.1.0rc0 (linux64)
Thread count: 32 physical cores, 32 logical processors, using up to 2 threads
Optimize a model with 1431 rows, 12588 columns and 28740 nonzeros
Model fingerprint: 0xf67fc06d
Variable types: 654 continuous, 11934 integer (459 binary)
Coefficient statistics:
  Matrix range     [1e+00, 2e+15]
  Objective range  [1e-02, 6e+02]
  Bounds range     [1e+00, 3e+02]
  RHS range        [1e+01, 7e+03]
Warning: Model contains large matrix coefficient range
         Consider reformulating model or setting NumericFocus parameter
         to avoid numerical issues.
Presolve removed 256 rows and 220 columns
Presolve time: 0.11s
Presolved: 1175 rows, 12368 columns, 27127 nonzeros
Variable types: 553 continuous, 11815 integer (11360 binary)

Root relaxation: objective 3.373564e+03, 1594 iterations, 0.05 seconds

    Nodes    |    Current Node    |     Objective Bounds      |     Work
 Expl Unexpl |  Obj  Depth IntInf | Incumbent    BestBd   Gap | It/Node Time

     0     0 3373.56424    0  157          - 3373.56424      -     -    0s
     0     0 3609.08579    0  153          - 3609.08579      -     -    0s
     0     0 3633.66455    0  159          - 3633.66455      -     -    0s
     0     0 3633.66455    0  160          - 3633.66455      -     -    0s
     0     0 4311.51951    0  208          - 4311.51951      -     -    0s
     0     0 4370.37737    0  207          - 4370.37737      -     -    1s
     0     0 4376.98110    0  257          - 4376.98110      -     -    1s
     0     0 4383.52266    0  291          - 4383.52266      -     -    1s
     0     0 4386.71898    0  295          - 4386.71898      -     -    1s
     0     0 4389.26896    0  293          - 4389.26896      -     -    1s
     0     0 4393.97536    0  297          - 4393.97536      -     -    1s
     0     0 4393.98020    0  294          - 4393.98020      -     -    1s
     0     0 4533.78725    0  358          - 4533.78725      -     -    1s
     0     0 4546.57691    0  289          - 4546.57691      -     -    1s
     0     0 4547.68787    0  310          - 4547.68787      -     -    1s
     0     0 4549.87811    0  294          - 4549.87811      -     -    2s
     0     0 4550.17035    0  314          - 4550.17035      -     -    2s
     0     0 4599.69144    0  340          - 4599.69144      -     -    3s
     0     0 4599.69144    0  160          - 4599.69144      -     -    3s
     0     0 4599.69144    0  262          - 4599.69144      -     -    4s
     0     0 4599.69144    0  280          - 4599.69144      -     -    4s
     0     0 4599.69144    0  338          - 4599.69144      -     -    4s
     0     0 4599.69144    0  346          - 4599.69144      -     -    4s
     0     0 4603.38250    0  335          - 4603.38250      -     -    4s
     0     0 4603.90150    0  352          - 4603.90150      -     -    4s
     0     0 4609.47727    0  331          - 4609.47727      -     -    4s
     0     0 4610.45437    0  354          - 4610.45437      -     -    4s
     0     0 4610.45437    0  352          - 4610.45437      -     -    5s
     0     0 4638.83499    0  387          - 4638.83499      -     -    5s
     0     0 4641.98811    0  387          - 4641.98811      -     -    5s
     0     0 4642.27652    0  379          - 4642.27652      -     -    5s
     0     0 4646.66775    0  307          - 4646.66775      -     -    5s
     0     0 4647.19109    0  351          - 4647.19109      -     -    5s
     0     0 4650.70498    0  402          - 4650.70498      -     -    6s
     0     0 4650.70498    0  406          - 4650.70498      -     -    6s
     0     2 4654.55799    0  371          - 4654.55799      -     -    7s
    33    31 5027.20392   10  397          - 4666.91824      -   347   10s
   201   219 5560.98351   90   26          - 4666.91824      -   147   15s
   486   461 4729.33991    6  357          - 4668.06250      -  89.4   20s
   558   530 4952.67076   21  144          - 4668.06250      -   110   25s
   772   729 5777.05666  113  157          - 4668.06250      -  98.8   30s
   793   743 5572.58206   96  533          - 4702.39182      -  96.2   35s
   828   767 5745.22183  126  524          - 4722.46024      -  92.1   40s
   849   781 5564.32015   87  531          - 4723.44087      -  89.8   45s
   875   800 5005.86440    5  531          - 4723.44130      -   102   50s
   899   816 6937.23417  178  562          - 4725.35304      -  99.2   55s
   911   827 4725.68308   21  554          - 4725.68308      -   107   60s
   937   845 4762.93101   27  407          - 4752.04893      -   118   65s
   990   884 4850.16299   39  255          - 4752.04893      -   130   70s
  1062   932 5004.53533   59  165          - 4752.04893      -   136   75s
  1193  1036 5525.53864   99  145          - 4752.04893      -   136   80s
  1365  1169 6233.16771  148   76          - 4752.04893      -   131   85s
  1579  1289 7060.43403  226   36          - 4752.04893      -   121   90s
  1704  1345 5284.17084   26  465          - 4753.79160      -   120   96s
  1826  1445 5378.83831   29  413          - 4753.79160      -   119  101s
  1940  1461 5343.42663   31  449          - 4753.79160      -   115  105s
  1972  1484 5413.30182   39  426          - 4753.79160      -   119  112s
  1992  1496 5426.00496   39  443          - 4753.79160      -   121  116s
  2013  1514 5577.55669   46  375          - 4753.79160      -   124  120s
  2041  1534 5583.31398   51  257          - 4753.79160      -   129  125s
  2063  1547 5709.26167   58  195          - 4753.79160      -   131  136s
  2094  1571 5796.65020   63  291          - 4753.79160      -   145  140s
  2147  1609 5984.99065   71  185          - 4753.79160      -   148  146s
  2210  1646 6179.26847   89  144          - 4753.79160      -   149  151s
  2247  1694 6450.61650   92  150          - 4753.79160      -   151  155s
  2325  1742 6429.13179  100  108          - 4753.79160      -   151  160s
  2359  1747 6478.95890  108  130          - 4753.79160      -   151  169s
  2372  1743 5952.32735   93  142          - 4753.79160      -   151  170s
  2395  1805 6602.61088  120   82          - 4753.79160      -   163  175s
  2516  1893 6974.84273  147   99          - 4753.79160      -   162  182s
  2584  1961 7197.67000  156   38          - 4753.79160      -   161  188s
  2686  1996 7614.21638  173   74          - 4753.79160      -   160  192s
  2756  2074 7753.89686  183   83          - 4753.79160      -   160  198s
  2863  2148 7942.35875  196   85          - 4753.79160      -   157  203s
  2976  2176 8414.50915  214  123          - 4753.79160      -   155  208s
  3051  2300 9178.86619  231   94          - 4754.16019      -   154  215s
  3330  2297 4973.11772   25  481          - 4754.16019      -   146  222s
  3429  2314 5058.47771   28  385          - 4754.16019      -   143  225s
  3450  2339 5116.54876   32  372          - 4754.16019      -   146  230s
  3476  2366 5145.34903   34  319          - 4754.16019      -   148  236s
  3502  2392 5183.51531   40  276          - 4754.16019      -   152  242s
  3514  2404 5196.67737   42  246          - 4754.16019      -   153  245s
  3542  2436 5243.28233   44  232          - 4754.16019      -   157  252s
  3558  2459 5277.50016   50  212          - 4754.16019      -   159  255s
  3608  2511 5329.38269   60  187          - 4754.16019      -   161  262s
  3633  2555 5428.22470   62  181          - 4754.16019      -   162  266s
  3679  2594 5460.93618   73  106          - 4754.16019      -   162  270s
  3718  2646 5797.04547   75  107          - 4754.16019      -   164  275s
  3770  2736 5716.62167   82  101          - 4754.16019      -   164  281s
  3860  2830 5910.78015  104   22          - 4754.16019      -   163  288s
  3966  2936 6067.19507  106   61          - 4754.16019      -   162  294s
  4013  2936 6435.86977  151   35          - 4754.16019      -   162  295s
  4070  3070 6805.31090  162   33          - 4766.55905      -   161  302s
  4258  3175 4859.62523   24  472          - 4766.55905      -   158  310s
  4343  3288 4998.65948   30  324          - 4766.55905      -   158  318s
  4456  3428 5030.98350   33  356          - 4766.55905      -   157  473s
  4786  3530 5089.66585   37  211          - 4766.55905      -   153  482s
  4799  3550 5120.52169   41  181          - 4766.55905      -   156  487s
  4819  3580 5159.24010   48  180          - 4766.55905      -   158  494s
  4849  3605 5314.76025   56   48          - 4766.55905      -   160  499s
  4868  3605 5064.40432   32  442          - 4766.55905      -   162  500s
  4874  3643 5376.65891   65  140          - 4766.55905      -   163  505s
  4912  3679 5503.73044   80   49          - 4766.55905      -   164  513s
  4948  3742 5558.20543   91   91          - 4766.55905      -   165  521s
  5011  3852 5700.17198  102   84          - 4766.55905      -   166  529s
  5058  3852 5826.96679  119   43          - 4766.55905      -   165  530s
  5121  3938 6093.06904  132   52          - 4772.66484      -   166  539s
  5216  3950 6384.65000  165    -          - 4772.66484      -   165  540s
  5243  3993 4969.23057   28  355          - 4772.66484      -   166  547s
  5282  4051 5066.41762   37  315          - 4772.66484      -   168  554s
  5340  4161 5154.92901   45  218          - 4772.66484      -   169  564s
  5452  4317 5216.93171   57  276          - 4772.66484      -   170  576s
  5751  4430 5399.65816   64  165          - 4772.66484      -   166  586s
  5796  4509 5498.05315   73  178          - 4772.66484      -   168  595s
  5875  4597 5561.06336   91   43          - 4772.66484      -   169  605s
  5963  4727 5774.13695  119   61          - 4775.53588      -   170  618s
  6125  4822 5064.52806   33  304          - 4775.53588      -   169  629s
  6141  4822 5826.37310  100   31          - 4775.53588      -   170  630s
  6225  4876 5137.03692   37  346          - 4775.53588      -   170  639s
  6271  4920 5214.49797   43  278          - 4775.53588      -   172  647s
  6315  4987 5279.10446   48  151          - 4775.53588      -   174  657s
  6382  5133 5337.09090   54   30          - 4775.53588      -   176  669s
  6530  5235 5510.03487   60  248          - 4775.53588      -   176  680s
  6670  5347 5663.30453   73  139          - 4775.53588      -   175  690s
  6768  5458 5916.86430   89  151          - 4775.53588      -   175  701s
  6879  5605 6035.38283  114   47          - 4775.53588      -   176  716s
  7098  5728 5013.21490   30  348          - 4785.13011      -   174  733s
  7225  5850 5330.19334   47  170          - 4785.13011      -   174  749s
  7280  5850 5707.63835   69  196          - 4785.13011      -   174  750s
  7335  6092 5868.76502   82  131          - 4785.13011      -   176  787s
  7620  6223 6477.16357  133   59          - 4785.13011      -   175  860s
  7773  6378 6593.86184  143   48          - 4785.13011      -   177  912s
  7954  6546 7128.54103  176   20          - 4785.13011      -   176  941s
  8277  6736 7308.59000  177    -          - 4790.54419      -   173  974s
  8329  6749 8272.13857  200   19          - 4790.54419      -   173  975s
  8456  6954 4887.40693   28  487          - 4790.54419      -   173  995s
  8685  7187 5672.71903   45  280          - 4790.54419      -   173 1014s
  8759  7187 8235.56437  161    8          - 4790.54419      -   175 1015s
  8962  7335 5774.76822   53   41          - 4790.54419      -   172 1032s
  9082  7654 5992.15304   64   66          - 4790.54419      -   173 1053s
  9272  7656 7031.36000  127    2          - 4790.54419      -   172 1055s
  9422  7806 6933.95200  119   72          - 4790.54419      -   172 1102s
  9637  8166 7005.74854  126   94          - 4798.16166      -   172 1125s
 10025  8276 5126.69371   33  292          - 4798.16166      -   169 1141s
 10114  8430 5636.31658   52  213          - 4798.16166      -   171 1167s
 10273  8819 6029.15132   72  189          - 4800.63666      -   172 1200s
 10756  8988 4893.08688   26  517          - 4800.63666      -   169 1220s
 10954  9075 5376.62057   48  238          - 4800.63666      -   169 1234s
 11011  9221 5539.94735   56  171          - 4800.63666      -   171 1251s
 11167  9558 6033.90309   65  126          - 4800.63666      -   172 1274s
 11215  9558 6646.07066   86   44          - 4800.63666      -   173 1275s
 11612  9824 6607.18043   89   54          - 4802.29232      -   169 1295s
 11860  9917 5295.29143   38  271          - 4802.29232      -   169 1311s
 11936 10064 5529.22072   53  140          - 4802.29232      -   170 1328s
 12089 10320 5732.83000   75    -          - 4803.19454      -   171 1349s
 12263 10342 6323.25810  119   18          - 4803.21825      -   171 1350s
 12443 10426 4982.94287   32  285          - 4803.21825      -   170 1364s
 12504 10508 5290.29635   52  113          - 4803.21825      -   171 1377s
 12586 10632 5594.84149   70  120          - 4803.21825      -   173 1404s
 12633 10635 5753.04655   83   18          - 4803.21825      -   173 1405s
 12753 10685 4917.88994   31  457          - 4803.21825      -   174 1476s
 12792 10833 5189.98650   33  318          - 4803.71661      -   175 1493s
 13007 10967 5744.85746   50  201          - 4803.71661      -   174 1510s
 13108 11109 5954.73469   61  237          - 4803.71661      -   175 1529s
 13206 11109 5773.71882   70   17          - 4803.71661      -   176 1530s
 13250 11361 6244.18656   81  121          - 4803.71661      -   176 1554s
 13298 11361 6441.29668   95  109          - 4803.71661      -   176 1555s
 13721 11574 6487.92776   96   66          - 4803.71661      -   173 1575s
 13838 11852 6841.17827  124   64          - 4806.86273      -   174 1605s
 14235 11963 4907.75489   33  322          - 4806.86273      -   172 1621s
 14291 12049 5675.76407   56  236          - 4806.86273      -   174 1637s
 14387 12348 6051.58903   74   39          - 4806.86273      -   175 1677s
 14802 12514 4994.39369   31  435          - 4807.05776      -   174 1699s
 14913 12523 7091.72970  158    8          - 4807.05776      -   175 1700s
 14971 12598 5623.07022   46  279          - 4807.05776      -   174 1715s
 15033 12774 5828.13481   69  160          - 4807.05776      -   176 1732s
 15215 12992 6243.97641   92  192          - 4808.62322      -   176 1761s
 15511 13092 5412.03997   42  338          - 4810.31649      -   176 1778s
 15576 13249 6054.61400   68  108          - 4810.31649      -   177 1796s
 15749 13554 6173.49522   81   34          - 4814.89984      -   178 1821s
 16117 13597 7452.11000  134   10          - 4815.61367      -   176 1825s
 16169 13661 5210.99359   32  276          - 4815.61367      -   176 1839s
 16221 13736 5485.20115   49  137          - 4815.61367      -   177 1854s
 16296 13998 5769.83132   69   73          - 4815.61367      -   178 1875s
 16566 14156 6192.30045  104    8          - 4815.87041      -   178 1901s
 16866 14343 5322.36023   39  350          - 4815.87655      -   177 1921s
 17049 14505 6018.34892   55  157          - 4815.87655      -   176 1940s
 17194 14631 6373.80000   93   15          - 4819.43286      -   176 1959s
 17336 14662 7171.00000  146    6          - 4819.43286      -   175 1960s
 17402 14782 5258.40239   44  297          - 4819.43286      -   176 1977s
 17512 14931 5402.88517   51  302          - 4819.43286      -   176 1996s
 17691 15142 5598.75286   64  107          - 4819.43286      -   177 2017s
 18026 15316 5819.35237   84   93          - 4819.43286      -   175 2035s
 18133 15567 6209.69157  107   82          - 4819.43286      -   176 2056s
 18424 15798 6576.21759  133   59          - 4822.00025      -   176 2079s
 18797 15927 5452.62437   42  307          - 4822.09531      -   174 2096s
 18848 16016 6171.37832   61   35          - 4823.31925      -   175 2120s
 18969 16134 4916.15313   28  497          - 4823.31925      -   175 2138s
 19073 16241 5334.26827   38  285          - 4823.31925      -   176 2203s
 19221 16303 5465.82773   45  131          - 4823.31925      -   176 2305s
 19272 16457 5760.84954   59   97          - 4823.31925      -   177 2339s
 19367 16457 7299.38000  143    4          - 4823.31925      -   178 2340s
 19524 16646 5998.25500   80   20          - 4823.31925      -   177 2360s
 19786 16865 6407.70743  109   39          - 4825.60681      -   176 2390s
 20014 16943 4909.92602   36  504          - 4825.60681      -   176 2406s
 20059 17014 5631.22467   45  388          - 4825.60681      -   177 2441s
 20134 17095 5931.68857   66  177          - 4825.60681      -   178 2465s
 20227 17110 6219.43500   93   31          - 4825.60681      -   179 2490s
 20260 17137 4918.93917   26  326          - 4825.60681      -   180 2513s
 20290 17176 5184.03826   42  281          - 4825.60681      -   181 2540s
 20329 17248 5350.10660   51  178          - 4825.60681      -   182 2568s
 20401 17466 5593.97767   60   99          - 4825.60681      -   183 2646s
 20729 17664 5887.57902   74  120          - 4825.60681      -   182 2668s
 20916 17859 6158.69555   94  129          - 4825.60681      -   182 2689s
 21010 17859 6755.18742  116   37          - 4825.60681      -   182 2690s
 21090 18160 6732.64299  124   57          - 4825.60681      -   182 2751s
*21282 14724             174    7141.1400000 4825.60681  32.4%   181 2753s
 21425 14709     cutoff  190      7141.14000 4835.33189  32.3%   182 2770s
 21518 14777 5465.75826   26  481 7141.14000 4835.72606  32.3%   182 2787s
 21605 14823 5603.13211   31  443 7141.14000 4835.72606  32.3%   182 2808s
 21665 14890 6641.40573   61   49 7141.14000 4838.62364  32.2%   182 2823s
 21744 14960 5198.21405   47  182 7141.14000 4838.80240  32.2%   183 2840s
 21814 15185 5501.59697   71  148 7141.14000 4838.84737  32.2%   183 2863s
 22010 15197 6990.81000  168    - 7141.14000 4838.84737  32.2%   182 2865s
 22081 15344 6834.45000  168    - 7141.14000 4840.70500  32.2%   182 2884s
 22096 15347 5837.10591   91   27 7141.14000 4840.97160  32.2%   183 2885s
 22273 15360 6846.83890  168   34 7141.14000 4840.97160  32.2%   182 2906s
 22279 15387 6850.96500  169   27 7141.14000 4841.16114  32.2%   182 2924s
 22353 15406     cutoff  176      7141.14000 4841.36739  32.2%   182 2989s
 22383 15484 7101.77000  176   10 7141.14000 4841.86010  32.2%   182 3008s
 22462 15581 5976.31394   54  265 7141.14000 4841.86010  32.2%   183 3027s
 22596 15668 6181.80235   68  220 7141.14000 4841.86010  32.2%   183 3046s
 22683 15670 6526.06712   97   97 7141.14000 4841.86010  32.2%   183 3090s
 22685 15785 6526.89712   98  117 7141.14000 4842.49081  32.2%   183 3111s
 22832 15922 6861.30000  129    - 7141.14000 4842.67876  32.2%   183 3133s
 22980 15962 6928.17862  129   47 7141.14000 4844.51521  32.2%   183 3153s
 23039 16088 5698.87085   43  287 7141.14000 4844.66694  32.2%   184 3180s
 23196 16124 7133.84000  115    - 7141.14000 4847.40413  32.1%   184 3199s
 23251 16207     cutoff  119      7141.14000 4850.16019  32.1%   184 3219s
 23349 16284 5251.62995   42  231 7141.14000 4850.40614  32.1%   185 3240s
 23448 16427 5490.27587   54  129 7141.14000 4850.40614  32.1%   185 3264s
 23594 16436 6512.82000  125   13 7141.14000 4850.40614  32.1%   185 3265s
 23602 16486 5655.40473   60   41 7141.14000 4850.40614  32.1%   185 3289s
 23671 16514 5725.29343   63  162 7141.14000 4850.40614  32.1%   185 3318s
 23709 16699 5765.56485   67   20 7141.14000 4850.40614  32.1%   186 3344s
 23834 16701 6123.57000  109    4 7141.14000 4850.40614  32.1%   186 3345s
 23956 16759 5895.57000   75    2 7141.14000 4850.40614  32.1%   185 3365s
 24008 16813 5976.11021   83   98 7141.14000 4850.40614  32.1%   186 3386s
 24066 16950 6055.80080   86  160 7141.14000 4850.40614  32.1%   186 3435s
 24279 17005     cutoff  142      7141.14000 4850.40614  32.1%   186 3455s
 24309 17061 4984.40737   30  317 7141.14000 4850.40614  32.1%   187 3474s
 24378 17149 5779.37290   59  206 7141.14000 4850.40614  32.1%   187 3502s
 24486 17263     cutoff  133      7141.14000 4853.11100  32.0%   187 3524s
 24633 17299     cutoff  135      7141.14000 4854.97649  32.0%   187 3545s
 24670 17311     cutoff  133      7141.14000 4857.11968  32.0%   187 3568s
 24685 17436 5612.13531   49  342 7141.14000 4857.11968  32.0%   189 3600s

Cutting planes:
  User: 5104
  Gomory: 27
  Cover: 293
  Implied bound: 36
  Clique: 12
  MIR: 87
  Flow cover: 307
  Zero half: 9
  RLT: 210
  Relax-and-lift: 6
  Lazy constraints: 6373

Explored 24837 nodes (4696813 simplex iterations) in 3601.72 seconds
Thread count was 2 (of 32 available processors)

Solution count 1: 7141.14 

Time limit reached
Best objective 7.141140000000e+03, best bound 4.857119681799e+03, gap 31.9840%

User-callback calls 872352, time in user-callback 191.01 sec
================================================================================
executing instance: ./input/Instances/Original/5/absH3low_4n25.dat
--------------------------------------------------------------------------------
Instance details
n	26
H	3
C	2029
Li:
[0, 0, 0, 0, 0, 0, 0, 0, 0, 0, 0, 0, 0, 0, 0, 0, 0, 0, 0, 0, 0, 0, 0, 0, 0, 0, ]
Ui:
[0, 34, 165, 76, 88, 188, 58, 279, 52, 132, 198, 142, 135, 165, 186, 58, 201, 196, 40, 183, 32, 90, 168, 126, 93, 146, ]
Distance matrix:
|0	299	188	235	91	202	152	147	162	277	268	132	71	162	220	69	220	289	241	124	265	80	162	132	66	302	|
|299	0	468	431	282	142	317	425	443	569	193	178	359	302	422	231	93	28	511	325	457	242	434	215	240	601	|
|188	468	0	153	265	342	308	43	192	106	455	290	117	206	142	246	379	464	252	274	360	267	211	319	231	184	|
|235	431	153	0	326	289	386	145	321	240	482	269	184	129	15	258	339	436	393	355	477	305	336	354	237	334	|
|91	282	265	326	0	228	66	228	166	339	196	157	154	242	311	99	225	264	229	50	201	47	153	71	115	340	|
|202	142	342	289	228	0	285	301	363	447	255	73	245	161	281	139	53	151	440	278	428	181	360	187	136	495	|
|152	317	308	386	66	285	0	275	167	368	188	217	207	308	371	163	274	295	210	34	145	108	148	104	181	350	|
|147	425	43	145	228	301	275	0	179	146	415	248	76	172	131	203	337	421	248	242	341	227	195	279	188	211	|
|162	443	192	321	166	363	167	179	0	216	352	291	152	302	307	225	375	428	81	138	170	201	22	237	227	183	|
|277	569	106	240	339	447	368	146	216	0	535	391	210	312	232	341	481	562	245	335	381	352	238	402	329	106	|
|268	193	455	482	196	255	188	415	352	535	0	225	339	367	469	224	212	165	398	214	302	188	335	136	245	533	|
|132	178	290	269	157	73	217	248	291	391	225	0	183	145	258	66	91	175	367	207	358	110	287	127	67	431	|
|71	359	117	184	154	245	207	76	152	210	339	183	0	152	169	131	274	352	232	174	294	151	161	203	119	251	|
|162	302	206	129	242	161	308	172	302	312	367	145	152	0	120	153	210	308	383	284	426	208	309	249	132	383	|
|220	422	142	15	311	281	371	131	307	232	469	258	169	120	0	245	330	427	379	340	461	291	321	340	224	324	|
|69	231	246	258	99	139	163	203	225	341	224	66	131	153	245	0	152	222	301	147	299	57	221	97	22	371	|
|220	93	379	339	225	53	274	337	375	481	212	91	274	210	330	152	0	99	448	273	419	180	369	171	157	521	|
|289	28	464	436	264	151	295	421	428	562	165	175	352	308	427	222	99	0	493	305	434	227	418	196	234	590	|
|241	511	252	393	229	440	210	248	81	245	398	367	232	383	379	301	448	493	0	190	147	270	80	298	305	175	|
|124	325	274	355	50	278	34	242	138	335	214	207	174	284	340	147	273	305	190	0	152	97	122	110	162	320	|
|265	457	360	477	201	428	145	341	170	381	302	358	294	426	461	299	419	434	147	152	0	248	150	249	312	322	|
|80	242	267	305	47	181	108	227	201	352	188	110	151	208	291	57	180	227	270	97	248	0	192	52	76	366	|
|162	434	211	336	153	360	148	195	22	238	335	287	161	309	321	221	369	418	80	122	150	192	0	224	225	203	|
|132	215	319	354	71	187	104	279	237	402	136	127	203	249	340	97	171	196	298	110	249	52	224	0	118	409	|
|66	240	231	237	115	136	181	188	227	329	245	67	119	132	224	22	157	234	305	162	312	76	225	118	0	364	|
|302	601	184	334	340	495	350	211	183	106	533	431	251	383	324	371	521	590	175	320	322	366	203	409	364	0	|

--------------------------------------------------------------------------------
Building model...
	using lazy and cut (CVRPSEP package)
Solving IRP LP...
--------------------------------------------------------------------------------

Gurobi 9.1.0 (linux64) logging started Sun Jan 10 06:34:47 2021

Gurobi Optimizer version 9.1.0 build v9.1.0rc0 (linux64)
Thread count: 32 physical cores, 32 logical processors, using up to 2 threads
Optimize a model with 731 rows, 3488 columns and 8765 nonzeros
Model fingerprint: 0x5430a25f
Variable types: 329 continuous, 3159 integer (234 binary)
Coefficient statistics:
  Matrix range     [1e+00, 7e+07]
  Objective range  [1e-02, 6e+02]
  Bounds range     [1e+00, 3e+02]
  RHS range        [2e+01, 3e+03]
Presolve removed 141 rows and 97 columns
Presolve time: 0.05s
Presolved: 590 rows, 3391 columns, 8033 nonzeros
Variable types: 267 continuous, 3124 integer (2892 binary)

Root relaxation: objective 2.352752e+03, 789 iterations, 0.02 seconds

    Nodes    |    Current Node    |     Objective Bounds      |     Work
 Expl Unexpl |  Obj  Depth IntInf | Incumbent    BestBd   Gap | It/Node Time

     0     0 2352.75176    0   76          - 2352.75176      -     -    0s
     0     0 2613.78446    0  129          - 2613.78446      -     -    0s
     0     0 2984.92375    0  141          - 2984.92375      -     -    0s
     0     0 2992.11288    0  171          - 2992.11288      -     -    0s
     0     0 2993.32418    0  152          - 2993.32418      -     -    0s
     0     0 2993.86586    0  165          - 2993.86586      -     -    0s
     0     0 3091.16009    0  169          - 3091.16009      -     -    0s
     0     0 3100.25209    0  197          - 3100.25209      -     -    0s
     0     0 3100.25209    0  194          - 3100.25209      -     -    0s
     0     0 3180.54484    0  191          - 3180.54484      -     -    0s
     0     0 3180.54484    0   76          - 3180.54484      -     -    0s
     0     0 3180.54484    0  122          - 3180.54484      -     -    1s
     0     0 3180.54484    0  152          - 3180.54484      -     -    1s
     0     0 3180.54484    0  204          - 3180.54484      -     -    1s
     0     0 3180.54484    0  189          - 3180.54484      -     -    1s
     0     0 3181.53395    0  191          - 3181.53395      -     -    1s
     0     0 3181.90769    0  169          - 3181.90769      -     -    1s
     0     0 3182.05539    0  165          - 3182.05539      -     -    1s
     0     0 3204.03375    0  170          - 3204.03375      -     -    1s
     0     0 3204.80259    0  181          - 3204.80259      -     -    1s
     0     0 3214.94596    0  194          - 3214.94596      -     -    1s
