




arguments: ./build/mirp_solver -f ./input/orig_exec_24.cfg
Current dir: /scratch/gui/bnc_mirp
File verbosity level: 9
date       time         ( uptime  ) [ thread name/id ]                   file:line     v| 
2021-01-09 02:29:32.326 (   0.130s) [main thread     ]             loguru.cpp:789   INFO| Logging to './output/vi_lex_full/OU/V3/Original/execution_09_01_2021_02_29_32.log', mode: 'a', verbosity: 9
--------------------------------------------------------------------------------
Parameters
                           instance_path           ./input/Instances/Original/1/
                            model_policy                                       1
                             nb_vehicles                                       3
                              output_dir    ./output/vi_lex_full/OU/V3/Original/
                            sec_strategy                                       1
                       solver_nb_threads                                       2
                         solver_show_log                                    true
                       solver_time_limit                                    3600
                              use_vi_cos                                   false
                              use_vi_cus                                   false
                         use_vi_hc1_full                                   false
                         use_vi_hc1_half                                   false
                      use_vi_hc1_quarter                                   false
                              use_vi_hc2                                   false
                              use_vi_hc3                                   false
                         use_vi_lex_full                                    true
                         use_vi_lex_half                                   false
                      use_vi_lex_quarter                                   false
                              use_vi_qua                                   false
                               use_vi_vc                                   false
                               use_vi_vr                                   false
--------------------------------------------------------------------------------
executing instance: ./input/Instances/Original/1/absH3high_1n5.dat
--------------------------------------------------------------------------------
Instance details
n	6
H	3
C	289
Li:
[0, 0, 0, 0, 0, 0, ]
Ui:
[0, 195, 105, 116, 72, 22, ]
Distance matrix:
|0	85	349	17	203	289	|
|85	0	265	102	214	226	|
|349	265	0	366	368	238	|
|17	102	366	0	207	302	|
|203	214	368	207	0	431	|
|289	226	238	302	431	0	|

--------------------------------------------------------------------------------
Building model...
	using lazy and cut (CVRPSEP package)
Solving IRP LP...
--------------------------------------------------------------------------------

Gurobi 9.1.0 (linux64) logging started Sat Jan  9 02:29:32 2021

Gurobi Optimizer version 9.1.0 build v9.1.0rc0 (linux64)
Thread count: 32 physical cores, 32 logical processors, using up to 2 threads
Optimize a model with 171 rows, 258 columns and 885 nonzeros
Model fingerprint: 0x00e42f23
Variable types: 69 continuous, 189 integer (54 binary)
Coefficient statistics:
  Matrix range     [1e+00, 2e+02]
  Objective range  [2e-01, 4e+02]
  Bounds range     [1e+00, 2e+02]
  RHS range        [1e+01, 5e+02]
Presolve removed 40 rows and 36 columns
Presolve time: 0.01s
Presolved: 131 rows, 222 columns, 692 nonzeros
Variable types: 51 continuous, 171 integer (128 binary)
Found heuristic solution: objective 3209.6800000

Root relaxation: objective 1.702923e+03, 222 iterations, 0.00 seconds

    Nodes    |    Current Node    |     Objective Bounds      |     Work
 Expl Unexpl |  Obj  Depth IntInf | Incumbent    BestBd   Gap | It/Node Time

     0     0 1702.92263    0   20 3209.68000 1702.92263  46.9%     -    0s
     0     0 1914.67469    0   33 3209.68000 1914.67469  40.3%     -    0s
     0     0 2151.96614    0   39 3209.68000 2151.96614  33.0%     -    0s
H    0     0                    2917.3900000 2151.96614  26.2%     -    0s
     0     0 2259.68396    0   39 2917.39000 2259.68396  22.5%     -    0s
     0     0 2259.71187    0   47 2917.39000 2259.71187  22.5%     -    0s
     0     0 2297.86186    0   38 2917.39000 2297.86186  21.2%     -    0s
H    0     0                    2881.6500000 2297.86186  20.3%     -    0s
     0     0 2299.09455    0   38 2881.65000 2299.09455  20.2%     -    0s
     0     0 2315.43684    0   58 2881.65000 2315.43684  19.6%     -    0s
H    0     0                    2486.3500000 2315.43684  6.87%     -    0s
     0     0 2316.10896    0   59 2486.35000 2316.10896  6.85%     -    0s
     0     0 2316.11028    0   59 2486.35000 2316.11028  6.85%     -    0s
     0     0 2333.31717    0   60 2486.35000 2333.31717  6.15%     -    0s
     0     0 2349.32294    0   45 2486.35000 2349.32294  5.51%     -    0s
     0     0 2356.11387    0   45 2486.35000 2356.11387  5.24%     -    0s
     0     0 2356.11387    0   46 2486.35000 2356.11387  5.24%     -    0s
     0     0 2372.89139    0   53 2486.35000 2372.89139  4.56%     -    0s
     0     0 2373.04067    0   54 2486.35000 2373.04067  4.56%     -    0s
     0     0 2374.69250    0   25 2486.35000 2374.69250  4.49%     -    0s
     0     0 2374.81721    0   30 2486.35000 2374.81721  4.49%     -    0s
     0     0 2378.78818    0   62 2486.35000 2378.78818  4.33%     -    0s
     0     0 2378.81001    0   38 2486.35000 2378.81001  4.33%     -    0s
     0     0 2378.81001    0   38 2486.35000 2378.81001  4.33%     -    0s
H    0     0                    2414.0300000 2378.81001  1.46%     -    0s

Explored 1 nodes (808 simplex iterations) in 0.15 seconds
Thread count was 2 (of 32 available processors)

Solution count 5: 2414.03 2486.35 2881.65 ... 3209.68

Optimal solution found (tolerance 1.00e-04)
Best objective 2.414030000000e+03, best bound 2.414030000000e+03, gap 0.0000%

User-callback calls 226, time in user-callback 0.01 sec
================================================================================
executing instance: ./input/Instances/Original/1/absH3high_1n45.dat
--------------------------------------------------------------------------------
Instance details
n	46
H	3
C	3462
Li:
[0, 0, 0, 0, 0, 0, 0, 0, 0, 0, 0, 0, 0, 0, 0, 0, 0, 0, 0, 0, 0, 0, 0, 0, 0, 0, 0, 0, 0, 0, 0, 0, 0, 0, 0, 0, 0, 0, 0, 0, 0, 0, 0, 0, 0, 0, ]
Ui:
[0, 273, 270, 36, 165, 192, 148, 45, 30, 75, 180, 198, 112, 117, 90, 64, 180, 22, 264, 174, 168, 270, 86, 66, 26, 66, 237, 156, 92, 108, 144, 72, 30, 45, 94, 54, 174, 96, 198, 136, 44, 180, 210, 249, 198, 48, ]
Distance matrix:
|0	281	201	160	249	201	93	431	236	139	252	136	116	166	390	110	349	374	303	180	327	464	236	70	44	461	346	439	363	254	312	426	305	206	71	137	169	200	247	260	20	219	256	253	460	278	|
|281	0	448	170	53	142	338	184	121	290	371	390	222	302	111	289	169	434	230	177	238	441	59	212	319	211	86	235	399	306	53	176	99	202	263	157	361	101	370	201	264	344	364	374	469	184	|
|201	448	0	285	430	325	114	556	361	171	191	64	228	174	546	294	453	306	364	289	388	435	393	254	157	585	491	536	318	254	490	554	436	407	266	292	108	388	186	337	207	181	205	190	408	364	|
|160	170	285	0	169	43	182	280	80	120	208	231	58	132	262	230	190	294	151	24	174	345	112	107	183	309	207	280	268	158	219	276	155	235	187	45	192	150	205	107	140	177	202	210	356	119	|
|249	53	430	169	0	152	317	238	145	282	377	369	212	299	157	242	215	452	261	183	273	474	76	181	290	264	140	287	421	320	63	229	145	148	221	142	352	53	374	226	234	346	370	378	498	215	|
|201	142	325	43	152	0	224	237	37	156	230	273	101	164	224	261	148	300	127	38	147	333	83	142	225	266	167	238	270	168	193	233	112	246	221	70	228	148	228	84	180	202	222	232	351	87	|
|93	338	114	182	317	224	0	460	262	92	180	52	124	112	440	199	364	307	292	191	317	415	284	140	57	490	387	452	304	208	377	457	336	297	163	181	84	274	175	256	95	152	188	180	402	280	|
|431	184	556	280	238	237	460	0	199	385	420	508	337	385	108	464	110	429	219	269	206	378	202	365	460	30	98	84	388	340	204	9	126	386	432	294	453	283	421	226	411	404	408	423	422	198	|
|236	121	361	80	145	37	262	199	0	191	255	310	138	197	191	290	114	312	118	72	133	330	69	175	262	229	132	204	279	186	174	195	75	258	251	102	262	153	254	81	216	230	246	257	353	72	|
|139	290	171	120	282	156	92	385	191	0	116	129	71	27	380	246	283	235	201	119	226	329	231	141	129	414	323	367	224	119	336	383	266	308	202	141	72	252	112	169	127	82	118	117	322	195	|
|252	371	191	208	377	230	180	420	255	116	0	187	178	90	443	361	311	127	204	195	224	246	313	257	232	446	382	380	129	81	423	421	320	422	318	242	100	355	5	195	241	34	15	2	225	224	|
|136	390	64	231	369	273	52	508	310	129	187	0	173	141	491	233	409	313	330	239	355	431	335	191	93	538	438	495	316	233	429	505	385	342	203	233	88	325	182	297	143	167	199	187	412	323	|
|116	222	228	58	212	101	124	337	138	71	178	173	0	91	319	206	244	284	187	69	212	357	165	85	130	367	265	333	264	151	267	333	213	244	161	70	140	181	175	145	97	145	177	180	359	165	|
|166	302	174	132	299	164	112	385	197	27	90	141	91	0	388	273	280	208	191	127	215	305	243	167	153	413	329	361	198	96	351	383	270	333	229	159	68	272	86	163	153	56	92	91	296	190	|
|390	111	546	262	157	224	440	108	191	380	443	491	319	388	0	399	164	480	264	261	261	456	156	320	426	125	62	186	442	369	107	99	125	300	374	260	452	210	443	252	372	420	433	446	494	227	|
|110	289	294	230	242	261	199	464	290	246	361	233	206	273	399	0	402	480	382	254	404	562	262	124	143	493	369	490	466	355	302	457	344	135	45	191	279	189	356	337	120	328	364	362	563	348	|
|349	169	453	190	215	148	364	110	114	283	311	409	244	280	164	402	0	324	110	174	101	292	151	289	372	135	109	90	284	230	212	111	70	354	364	216	348	245	312	118	329	295	298	313	330	90	|
|374	434	306	294	452	300	307	429	312	235	127	313	284	208	480	480	324	0	216	274	223	137	380	368	357	448	419	367	40	136	487	432	358	525	436	336	227	443	132	234	361	156	119	127	102	255	|
|303	230	364	151	261	127	292	219	118	201	204	330	187	191	264	382	110	216	0	128	25	213	185	258	314	243	203	176	178	123	282	221	144	372	338	193	256	270	206	45	283	193	191	206	239	46	|
|180	177	289	24	183	38	191	269	72	119	195	239	69	127	261	254	174	274	128	0	151	321	118	130	198	299	204	263	246	139	228	266	147	258	211	68	191	169	193	83	159	166	188	197	333	98	|
|327	238	388	174	273	147	317	206	133	226	224	355	212	215	261	404	101	223	25	151	0	203	198	281	339	228	202	156	184	143	288	209	146	390	362	215	280	286	226	68	308	215	210	226	235	61	|
|464	441	435	345	474	333	415	378	330	329	246	431	357	305	456	562	292	137	213	321	203	0	398	440	458	390	400	301	117	211	492	384	348	578	517	389	344	480	251	251	448	265	233	246	54	259	|
|236	59	393	112	76	83	284	202	69	231	313	335	165	243	156	262	151	380	185	118	198	398	0	167	270	231	110	233	347	250	110	195	85	203	230	103	303	95	311	150	217	284	305	315	422	139	|
|70	212	254	107	181	142	140	365	175	141	257	191	85	167	320	124	289	368	258	130	281	440	167	0	109	394	277	378	349	236	244	359	239	167	81	73	196	135	253	213	53	223	257	258	444	226	|
|44	319	157	183	290	225	57	460	262	129	232	93	130	153	426	143	372	357	314	198	339	458	270	109	0	490	379	462	351	247	353	456	334	250	110	168	140	243	226	274	56	201	238	232	449	294	|
|461	211	585	309	264	266	490	30	229	414	446	538	367	413	125	493	135	448	243	299	228	390	231	394	490	0	125	89	408	365	226	36	156	412	462	324	481	311	447	253	441	430	433	448	436	225	|
|346	86	491	207	140	167	387	98	132	323	382	438	265	329	62	369	109	419	203	204	202	400	110	277	379	125	0	155	381	307	113	90	63	288	339	211	394	186	382	190	327	359	371	384	436	165	|
|439	235	536	280	287	238	452	84	204	367	380	495	333	361	186	490	90	367	176	263	156	301	233	378	462	89	155	0	326	299	267	92	148	432	454	306	429	325	382	199	419	369	366	382	348	172	|
|363	399	318	268	421	270	304	388	279	224	129	316	264	198	442	466	284	40	178	246	184	117	347	349	351	408	381	326	0	113	452	391	321	502	422	311	229	415	134	199	348	152	118	130	98	219	|
|254	306	254	158	320	168	208	340	186	119	81	233	151	96	369	355	230	136	123	139	143	211	250	236	247	365	307	299	113	0	359	340	244	390	310	200	148	308	83	117	238	74	68	83	208	145	|
|312	53	490	219	63	193	377	204	174	336	423	429	267	351	107	302	212	487	282	228	288	492	110	244	353	226	113	267	452	359	0	195	145	194	283	199	407	115	421	254	296	394	415	425	521	237	|
|426	176	554	276	229	233	457	9	195	383	421	505	333	383	99	457	111	432	221	266	209	384	195	359	456	36	90	92	391	340	195	0	122	378	426	289	451	275	421	226	406	404	408	423	427	197	|
|305	99	436	155	145	112	336	126	75	266	320	385	213	270	125	344	70	358	144	147	146	348	85	239	334	156	63	148	321	244	145	122	0	286	310	168	336	177	320	128	285	298	309	322	381	103	|
|206	202	407	235	148	246	297	386	258	308	422	342	244	333	300	135	354	525	372	258	390	578	203	167	250	412	288	432	502	390	194	378	286	0	144	191	362	109	418	329	202	388	421	423	591	329	|
|71	263	266	187	221	221	163	432	251	202	318	203	161	229	374	45	364	436	338	211	362	517	230	81	110	462	339	454	422	310	283	426	310	144	0	150	239	168	313	294	77	285	321	319	518	306	|
|137	157	292	45	142	70	181	294	102	141	242	233	70	159	260	191	216	336	193	68	215	389	103	73	168	324	211	306	311	200	199	289	168	191	150	0	210	113	239	148	117	210	238	244	400	157	|
|169	361	108	192	352	228	84	453	262	72	100	88	140	68	452	279	348	227	256	191	280	344	303	196	140	481	394	429	229	148	407	451	336	362	239	210	0	318	95	231	164	79	111	100	325	258	|
|200	101	388	150	53	148	274	283	153	252	355	325	181	272	210	189	245	443	270	169	286	480	95	135	243	311	186	325	415	308	115	275	177	109	168	113	318	0	352	230	187	323	351	357	498	225	|
|247	370	186	205	374	228	175	421	254	112	5	182	175	86	443	356	312	132	206	193	226	251	311	253	226	447	382	382	134	83	421	421	320	418	313	239	95	352	0	196	237	30	19	6	230	224	|
|260	201	337	107	226	84	256	226	81	169	195	297	145	163	252	337	118	234	45	83	68	251	150	213	274	253	190	199	199	117	254	226	128	329	294	148	231	230	196	0	240	178	184	198	272	29	|
|20	264	207	140	234	180	95	411	216	127	241	143	97	153	372	120	329	361	283	159	308	448	217	53	56	441	327	419	348	238	296	406	285	202	77	117	164	187	237	240	0	208	245	242	446	257	|
|219	344	181	177	346	202	152	404	230	82	34	167	145	56	420	328	295	156	193	166	215	265	284	223	201	430	359	369	152	74	394	404	298	388	285	210	79	323	30	178	208	0	37	35	250	206	|
|256	364	205	202	370	222	188	408	246	118	15	199	177	92	433	364	298	119	191	188	210	233	305	257	238	433	371	366	118	68	415	408	309	421	321	238	111	351	19	184	245	37	0	17	214	212	|
|253	374	190	210	378	232	180	423	257	117	2	187	180	91	446	362	313	127	206	197	226	246	315	258	232	448	384	382	130	83	425	423	322	423	319	244	100	357	6	198	242	35	17	0	225	226	|
|460	469	408	356	498	351	402	422	353	322	225	412	359	296	494	563	330	102	239	333	235	54	422	444	449	436	436	348	98	208	521	427	381	591	518	400	325	498	230	272	446	250	214	225	0	285	|
|278	184	364	119	215	87	280	198	72	195	224	323	165	190	227	348	90	255	46	98	61	259	139	226	294	225	165	172	219	145	237	197	103	329	306	157	258	225	224	29	257	206	212	226	285	0	|

--------------------------------------------------------------------------------
Building model...
	using lazy and cut (CVRPSEP package)
Solving IRP LP...
--------------------------------------------------------------------------------

Gurobi 9.1.0 (linux64) logging started Sat Jan  9 02:29:35 2021

Gurobi Optimizer version 9.1.0 build v9.1.0rc0 (linux64)
Thread count: 32 physical cores, 32 logical processors, using up to 2 threads
Optimize a model with 1291 rows, 10318 columns and 23845 nonzeros
Model fingerprint: 0x0e4afbf0
Variable types: 589 continuous, 9729 integer (414 binary)
Coefficient statistics:
  Matrix range     [1e+00, 7e+13]
  Objective range  [1e-01, 6e+02]
  Bounds range     [1e+00, 3e+02]
  RHS range        [1e+01, 6e+03]
Warning: Model contains large matrix coefficient range
         Consider reformulating model or setting NumericFocus parameter
         to avoid numerical issues.
Presolve removed 243 rows and 212 columns
Presolve time: 0.09s
Presolved: 1048 rows, 10106 columns, 22347 nonzeros
Variable types: 486 continuous, 9620 integer (9208 binary)

Root relaxation: objective 1.306174e+04, 1070 iterations, 0.03 seconds

    Nodes    |    Current Node    |     Objective Bounds      |     Work
 Expl Unexpl |  Obj  Depth IntInf | Incumbent    BestBd   Gap | It/Node Time

     0     0 13061.7393    0  111          - 13061.7393      -     -    0s
     0     0 13348.2114    0  155          - 13348.2114      -     -    0s
     0     0 13348.2265    0  160          - 13348.2265      -     -    0s
     0     0 13844.4987    0  198          - 13844.4987      -     -    0s
     0     0 13976.6493    0  219          - 13976.6493      -     -    0s
     0     0 13986.9033    0  207          - 13986.9033      -     -    0s
     0     0 13986.9033    0  220          - 13986.9033      -     -    0s
     0     0 14061.0548    0  242          - 14061.0548      -     -    1s
     0     0 14096.8834    0  239          - 14096.8834      -     -    1s
     0     0 14118.9031    0  231          - 14118.9031      -     -    1s
     0     0 14119.3259    0  230          - 14119.3259      -     -    1s
     0     0 14190.2785    0  296          - 14190.2785      -     -    1s
     0     0 14202.9549    0  297          - 14202.9549      -     -    1s
     0     0 14203.4773    0  280          - 14203.4773      -     -    2s
     0     0 14276.6217    0  276          - 14276.6217      -     -    2s
     0     0 14296.7940    0  308          - 14296.7940      -     -    2s
     0     0 14299.3546    0  324          - 14299.3546      -     -    2s
     0     0 14299.3889    0  341          - 14299.3889      -     -    2s
     0     0 14316.5323    0  329          - 14316.5323      -     -    2s
     0     0 14319.1732    0  371          - 14319.1732      -     -    3s
     0     0 14320.7116    0  367          - 14320.7116      -     -    3s
     0     0 14332.0484    0  297          - 14332.0484      -     -    3s
     0     0 14332.0484    0  279          - 14332.0484      -     -    3s
     0     2 14332.0484    0  247          - 14332.0484      -     -    4s
     5     8 14341.6019    2  398          - 14341.6019      -   639    5s
   139   145 14747.7157   33  170          - 14357.5692      -   188   10s
   404   432 15295.6788   71   93          - 14357.5692      -   108   15s
   606   596 15586.5395   94   71          - 14357.5692      -  84.5   21s
   639   606 15758.0882  102   78          - 14357.5692      -   103   30s
*  705   670             285    18577.900000 14357.5692  22.7%   128   31s
H  757   644                    18513.340000 14357.5692  22.4%   120   33s
H  759   592                    18348.860000 14357.5692  21.8%   119   34s
   761   593 15492.7057   55  261 18348.8600 14357.5692  21.8%   119   37s
H  769   568                    18194.740000 14421.2416  20.7%   118   40s
   783   578 16411.9466  147  441 18194.7400 14462.3547  20.5%   116   45s
   793   584 15912.0393   85  448 18194.7400 14465.4513  20.5%   114   50s
   802   590 14606.2335   21  547 18194.7400 14470.8446  20.5%   113   55s
H  810   567                    18184.060000 14471.7885  20.4%   136   59s
   812   568 15988.6735   97  257 18184.0600 14471.7885  20.4%   135   62s
   823   575 16139.1505  121  547 18184.0600 14471.9514  20.4%   134   65s
   832   581 15318.4616   51  559 18184.0600 14474.8751  20.4%   132   70s
   846   594 14514.0952   27  509 18184.0600 14499.9280  20.3%   145   75s
   873   613 14583.9666   33  432 18184.0600 14503.3454  20.2%   159   80s
H  888   592                    18151.060000 14503.3454  20.1%   163   81s
   913   612 14603.6118   43  384 18151.0600 14503.3454  20.1%   170   85s
   950   633 14620.6137   52  484 18151.0600 14503.3454  20.1%   176   90s
  1007   679 14757.4155   64  417 18151.0600 14503.3454  20.1%   183   95s
  1068   724 14817.6897   77  422 18151.0600 14503.3454  20.1%   187  101s
H 1074   694                    18143.059982 14503.3454  20.1%   187  101s
  1118   739 14880.8250   87  392 18143.0600 14503.3454  20.1%   190  105s
  1186   784 15045.4478   97  331 18143.0600 14503.3454  20.1%   192  110s
  1255   833 15183.9204  109  210 18143.0600 14503.3454  20.1%   193  115s
  1359   923 15498.4703  125  201 18143.0600 14503.3454  20.1%   191  121s
  1474   947 15642.7654  136  188 18143.0600 14503.3454  20.1%   183  126s
* 1494   914             232    17181.960000 14503.3454  15.6%   181  126s
  1545   985 15902.3546  160  172 17181.9600 14503.3454  15.6%   182  130s
  1685  1042     cutoff  218      17181.9600 14514.8864  15.5%   175  135s
  1773  1080 14735.6177   39  246 17181.9600 14514.8864  15.5%   178  140s
  1881  1171 15033.4073   58  150 17181.9600 14514.8864  15.5%   181  146s
  1965  1198 15642.9277   86  114 17181.9600 14514.8864  15.5%   183  150s
  2036  1269 15312.0271   78  109 17181.9600 14514.8864  15.5%   182  155s
  2174  1344 16497.8785  122   50 17181.9600 14514.8864  15.5%   180  160s
  2385  1501 15930.0934  115  108 17181.9600 14514.8864  15.5%   170  167s
  2453  1549 16270.1474  137   79 17181.9600 14514.8864  15.5%   169  170s
  2526  1561 14595.3614   28  534 17181.9600 14519.4997  15.5%   172  175s
  2542  1593 14797.7431   35  410 17181.9600 14519.4997  15.5%   175  181s
  2599  1720 15428.7565   68  169 17181.9600 14519.4997  15.5%   176  187s
  2691  1735 17058.7346  149   40 17181.9600 14536.0694  15.4%   173  191s
  2746  1761 14651.4790   29  395 17181.9600 14541.5125  15.4%   176  197s
  2760  1797 14844.9493   32  365 17181.9600 14541.5125  15.4%   177  201s
  2834  1909 15398.7522   44  220 17181.9600 14541.5125  15.4%   178  212s
  2958  1933 15735.4895   56   73 17181.9600 14541.5125  15.4%   176  223s
  2960  1981 15743.9436   57   25 17181.9600 14550.2431  15.3%   176  229s
  3048  1996 14663.6050   28  547 17181.9600 14556.5173  15.3%   177  243s
  3050  2006 14725.1957   29  465 17181.9600 14556.5173  15.3%   178  246s
  3083  2057 14851.5825   37  304 17181.9600 14556.5173  15.3%   181  253s
  3111  2099 14886.5306   41  229 17181.9600 14556.5173  15.3%   183  257s
  3153  2154 15035.6676   49  291 17181.9600 14556.5173  15.3%   184  262s
  3208  2222 15120.7254   53  176 17181.9600 14556.5173  15.3%   184  267s
  3276  2330 15124.5734   61  160 17181.9600 14556.5173  15.3%   184  273s
  3379  2330 15740.9628  127   18 17181.9600 14556.5173  15.3%   182  275s
  3407  2422 15321.0469   71  164 17181.9600 14556.5173  15.3%   182  280s
  3485  2540 15331.6010   73   60 17181.9600 14556.5173  15.3%   181  285s
  3652  2663 15454.3531   96   60 17181.9600 14556.5173  15.3%   177  293s
  3755  2771 15848.8698  135   46 17181.9600 14560.3485  15.3%   177  300s
  3926  2835 16756.6800  180   12 17181.9600 14560.6256  15.3%   173  307s
  3991  2881 16982.4833  190   16 17181.9600 14561.1680  15.3%   173  313s
  4061  2940     cutoff  197      17181.9600 14564.4199  15.2%   173  319s
  4132  3006 17158.3700  196    4 17181.9600 14564.5810  15.2%   174  326s
* 4135  3001             198    17171.850000 14564.5810  15.2%   174  326s
  4244  3098 14912.0891   39  168 17171.8500 14567.4680  15.2%   173  333s
  4347  3118 16802.4700  133    - 17171.8500 14567.4680  15.2%   172  340s
  4381  3152     cutoff  138      17171.8500 14568.5524  15.2%   174  350s
  4419  3267 15077.5779   32  344 17171.8500 14568.5524  15.2%   177  358s
  4567  3292 15148.5515   40  284 17171.8500 14568.5524  15.2%   175  365s
  4605  3342 15208.6904   49  263 17171.8500 14568.5524  15.2%   176  372s
  4655  3460 15279.9678   52  198 17171.8500 14568.5524  15.2%   177  380s
  4814  3503 15414.1917   63  109 17171.8500 14584.0543  15.1%   175  391s
  4884  3533 14787.5711   29  352 17171.8500 14594.5941  15.0%   178  400s
  4944  3554 14987.5003   32  310 17171.8500 14594.5941  15.0%   180  407s
  4966  3606 15076.0277   39  118 17171.8500 14594.5941  15.0%   182  415s
  5018  3654 15428.9952   45  188 17171.8500 14594.5941  15.0%   183  422s
  5066  3735 15381.4707   47  241 17171.8500 14594.5941  15.0%   182  431s
  5162  3783 16269.4519   77  113 17171.8500 14596.8479  15.0%   183  442s
  5237  3818 14929.4368   43  326 17171.8500 14599.1480  15.0%   183  451s
  5274  4017 15622.3906   68  185 17171.8500 14602.1828  15.0%   185  462s
  5506  4038 15972.9900  123    - 17171.8500 14603.6879  15.0%   181  465s
  5543  4072     cutoff  166      17171.8500 14603.7553  15.0%   181  473s
  5586  4164 15094.7146   63  318 17171.8500 14606.5235  14.9%   183  484s
  5626  4164 16136.6162  103  106 17171.8500 14606.5235  14.9%   182  485s
  5698  4194 14733.6158   33  423 17171.8500 14608.3617  14.9%   183  493s
  5725  4245 14838.5001   35  331 17171.8500 14608.3617  14.9%   186  503s
  5780  4354 15208.6229   51  235 17171.8500 14608.3617  14.9%   188  515s
  5889  4477 15822.6640   59  259 17171.8500 14608.3617  14.9%   189  528s
  6037  4604 16325.8315   75  107 17171.8500 14609.9203  14.9%   189  542s
  6238  4742     cutoff  129      17171.8500 14613.3849  14.9%   187  555s
  6375  4808 14890.4793   38  338 17171.8500 14613.7394  14.9%   186  567s
  6437  4963 14962.2046   47  161 17171.8500 14613.7394  14.9%   188  580s
  6614  5217 15187.8413   61  176 17171.8500 14613.7394  14.9%   188  595s
  6906  5407 15424.2901  108   30 17171.8500 14615.2639  14.9%   186  611s
  7248  5602     cutoff  202      17171.8500 14615.2639  14.9%   182  628s
  7411  5728 17129.7300  120   15 17171.8500 14616.9809  14.9%   182  643s
  7562  5779     cutoff  122      17171.8500 14617.7593  14.9%   182  657s
  7628  5851 14946.9482   47  224 17171.8500 14618.3059  14.9%   184  669s
  7656  5851 14882.0204   54  267 17171.8500 14618.3059  14.9%   186  670s
  7696  6057 15170.4816   59  137 17171.8500 14618.3059  14.9%   187  685s
  7906  6240 15384.5073  103  168 17171.8500 14619.8200  14.9%   188  701s
  8163  6377 16466.1018  145   31 17171.8500 14620.3311  14.9%   187  716s
  8311  6564 16990.0229  158   13 17171.8500 14620.4190  14.9%   187  736s
  8591  6685     cutoff  169      17171.8500 14624.1920  14.8%   185  753s
  8707  6841 16346.5737  103   45 17171.8500 14624.3371  14.8%   186  766s
  8881  7021 15142.8325   48  145 17171.8500 14625.1936  14.8%   187  782s
  9092  7278 15931.8750   83   47 17171.8500 14628.2905  14.8%   187  801s
  9420  7356 16923.3768  135   18 17171.8500 14628.9418  14.8%   184  816s
  9491  7446     cutoff  140      17171.8500 14630.6177  14.8%   185  838s
  9598  7574 15522.2147   68  331 17171.8500 14631.3109  14.8%   186  853s
  9739  7584 14853.2487   41  329 17171.8500 14631.5253  14.8%   186  855s
  9757  7633     cutoff  163      17171.8500 14632.2866  14.8%   187  867s
  9832  7751 15173.8790   47  204 17171.8500 14633.0553  14.8%   189  885s
  9944  7941 16515.9860   82   23 17171.8500 14633.4802  14.8%   189  903s
 10171  8089 infeasible  122      17171.8500 14634.4913  14.8%   188  920s
 10420  8254     cutoff  126      17171.8500 14639.0893  14.7%   187  937s
 10587  8304 15697.8523   71  109 17171.8500 14639.0929  14.7%   187  964s
 10607  8304 16204.0450   91   18 17171.8500 14639.0929  14.7%   187  965s
 10656  8445 infeasible   98      17171.8500 14639.0929  14.7%   189 1109s
 10742  8445 16412.7235  113    9 17171.8500 14641.1514  14.7%   188 1110s
 10862  8565     cutoff  126      17171.8500 14641.3248  14.7%   190 1126s
 11006  8600     cutoff  132      17171.8500 14642.7693  14.7%   190 1140s
 11047  8728 15036.3805   35  293 17171.8500 14644.1634  14.7%   193 1157s
 11181  8816 15305.5394   45  393 17171.8500 14644.1634  14.7%   194 1173s
 11293  8826 15152.7208   44  303 17171.8500 14644.1634  14.7%   195 1175s
 11299  8963 16236.3989   54  258 17171.8500 14644.8042  14.7%   195 1193s
 11486  9036     cutoff  124      17171.8500 14644.8042  14.7%   195 1211s
 11588  9168 infeasible   81      17171.8500 14644.8944  14.7%   196 1228s
 11676  9172 15328.2946   66  109 17171.8500 14646.5768  14.7%   196 1230s
 11746  9229 16691.3882  127   48 17171.8500 14648.2057  14.7%   196 1247s
 11823  9382 17093.4900  136   12 17171.8500 14648.4332  14.7%   198 1270s
 12034  9434     cutoff  142      17171.8500 14649.7662  14.7%   197 1288s
H12037  9235                    17083.010000 14649.7662  14.2%   197 1288s
 12088  9292 15262.2723   61  205 17083.0100 14649.7662  14.2%   199 1315s
*12168  8866             168    16886.220000 14650.1567  13.2%   199 1316s
 12177  8921 16823.9667  127   42 16886.2200 14650.1567  13.2%   200 1331s
 12249  8997 16067.2471   72  125 16886.2200 14651.2201  13.2%   202 1347s
 12351  9113 16687.5193  108   36 16886.2200 14651.8008  13.2%   202 1365s
 12479  9195     cutoff  125      16886.2200 14652.1270  13.2%   203 1384s
 12556  9195 16819.0020  103   87 16886.2200 14652.8746  13.2%   204 1385s
 12611  9326 15778.6526   56  129 16886.2200 14655.1422  13.2%   204 1405s
 12789  9480     cutoff  117      16886.2200 14656.0855  13.2%   204 1423s
 12825  9480 15980.7221   65  119 16886.2200 14656.0855  13.2%   204 1448s
 12970  9658 14942.0678   39  253 16886.2200 14659.4282  13.2%   204 1465s
 13160  9823 14969.2633   49  115 16886.2200 14659.4282  13.2%   204 1490s
 13358  9928 15358.1093   78   54 16886.2200 14660.1345  13.2%   204 1508s
H13466  8983                    16530.900000 14661.9819  11.3%   203 1509s
 13498  9104 16065.2865  135   13 16530.9000 14663.6151  11.3%   204 1530s
 13663  9159     cutoff  154      16530.9000 14664.0158  11.3%   204 1547s
 13729  9304 15624.9971   40  372 16530.9000 14664.5333  11.3%   205 1566s
 13906  9357 16476.9649   69  152 16530.9000 14665.2767  11.3%   205 1584s
 13969  9469 15601.7476   47  183 16530.9000 14665.5651  11.3%   206 1604s
 14036  9469 16012.9111   71  114 16530.9000 14665.5651  11.3%   207 1605s
 14081  9649 16099.9495   79  121 16530.9000 14665.7523  11.3%   207 1623s
 14187  9649 16485.8571  122   19 16530.9000 14665.7523  11.3%   207 1625s
 14319  9728 15239.6582   64  300 16530.9000 14667.8966  11.3%   207 1647s
 14429  9836     cutoff  114      16530.9000 14668.7631  11.3%   208 1664s
 14463  9836 15334.2979   64   43 16530.9000 14668.7631  11.3%   208 1665s
 14582  9895 16506.3200  135    - 16530.9000 14670.3064  11.3%   208 1681s
 14642  9986 14957.9698   53  278 16530.9000 14670.7445  11.3%   209 1698s
 14727 10107 15373.4531   80  170 16530.9000 14670.9309  11.3%   210 1721s
 14882 10405 15856.5434  111   81 16530.9000 14671.0971  11.3%   211 1750s
 15216 10578 16103.6878  127   33 16530.9000 14671.8391  11.2%   209 1771s
 15432 10708     cutoff   56      16530.9000 14672.8829  11.2%   209 1793s
 15601 10803 15246.8713   46  284 16530.9000 14673.4268  11.2%   209 1811s
 15708 10832 14873.6201   36  491 16530.9000 14674.0244  11.2%   209 1829s
 15726 10832 16493.2600  135    - 16530.9000 14674.0244  11.2%   210 1830s
H15729  9486                    16222.500000 14674.0244  9.55%   210 1830s
 15740  9540 15365.3600   54  384 16222.5000 14674.5920  9.54%   210 1851s
 15810  9565     cutoff  108      16222.5000 14674.8805  9.54%   212 1869s
 15841  9672 infeasible  106      16222.5000 14675.7105  9.53%   213 1888s
 15962  9789     cutoff  118      16222.5000 14676.1133  9.53%   214 1912s
 15996  9789 15469.3009   61  172 16222.5000 14676.1133  9.53%   214 1916s
H16075  8820                    16040.200000 14676.3733  8.50%   214 1917s
 16107  8899     cutoff  118      16040.2000 14676.8656  8.50%   215 1939s
 16136  8899 15401.0776   72   98 16040.2000 14676.8656  8.50%   215 1940s
 16215  8936 14968.5280   58  440 16040.2000 14676.8656  8.50%   216 1957s
 16270  8980 16037.3692   75  209 16040.2000 14679.0201  8.49%   217 1976s
 16337  9086 15983.8488   64  299 16040.2000 14679.4641  8.48%   218 1997s
 16477  9156 15470.1742   63  263 16040.2000 14679.5312  8.48%   218 2018s
 16577  9156 15923.2750   73  112 16040.2000 14680.7996  8.47%   219 2020s
 16586  9233 15067.2254   51  494 16040.2000 14680.7996  8.47%   219 2037s
 16663  9318 15766.8911   97  198 16040.2000 14681.3401  8.47%   220 2184s
 16768  9417 15530.6415   63  181 16040.2000 14682.9086  8.46%   220 2207s
 16896  9485     cutoff  121      16040.2000 14683.4473  8.46%   219 2230s
 16995  9554 15689.1966   61  257 16040.2000 14684.7592  8.45%   220 2251s
 17084  9628 15050.5536   63  364 16040.2000 14685.7878  8.44%   221 2272s
 17162  9690 15854.5067   83  201 16040.2000 14686.1279  8.44%   222 2293s
 17254  9788 15862.0919   48  184 16040.2000 14686.9302  8.44%   223 2315s
 17386  9863 15163.5008   58  293 16040.2000 14687.0484  8.44%   224 2338s
 17487  9946 14824.9546   29  510 16040.2000 14687.3969  8.43%   225 2360s
 17570 10034 15691.4792   55  196 16040.2000 14687.4553  8.43%   226 2383s
 17682 10152 15300.1754   55  284 16040.2000 14687.6445  8.43%   227 2405s
 17826 10229     cutoff   93      16040.2000 14688.0662  8.43%   227 2427s
 17916 10294 15864.9541   72  212 16040.2000 14689.5386  8.42%   228 2456s
 18043 10362 15189.4996   59   37 16040.2000 14690.1813  8.42%   229 2479s
 18112 10371 15184.0725   69  252 16040.2000 14690.1813  8.42%   229 2480s
 18120 10499 16024.1837   99   86 16040.2000 14690.6823  8.41%   229 2505s
 18310 10598     cutoff  102      16040.2000 14691.1878  8.41%   229 2528s
 18442 10729 15713.8146   35  358 16040.2000 14692.8827  8.40%   230 2558s
 18575 10729 15849.0917   90   86 16040.2000 14693.7375  8.39%   230 2560s
 18605 10783 14862.4159   40  340 16040.2000 14694.6647  8.39%   230 2579s
 18633 10783 15688.6583   68  103 16040.2000 14694.6647  8.39%   230 2580s
 18678 10843 15851.3928   44  254 16040.2000 14694.7707  8.39%   232 2600s
 18753 10897 14886.3710   34  502 16040.2000 14694.7707  8.39%   233 2622s
 18817 10938     cutoff   73      16040.2000 14697.2675  8.37%   233 2642s
 18888 11058 15162.5931   44  284 16040.2000 14697.4014  8.37%   235 2666s
 19020 11221 15208.0541   67   82 16040.2000 14697.4396  8.37%   235 2696s
 19215 11369     cutoff  119      16040.2000 14697.7536  8.37%   235 2727s
 19442 11476 15398.5173   55  261 16040.2000 14698.8815  8.36%   235 2755s
 19567 11585 15513.3535   88   41 16040.2000 14699.8843  8.36%   236 2779s
 19696 11587 15950.3278   80  151 16040.2000 14700.0065  8.36%   236 2780s
 19707 11673 15917.8704  122   50 16040.2000 14700.5322  8.35%   236 2801s
 19824 11771 15097.2946   65  387 16040.2000 14700.7507  8.35%   237 2825s
 19938 11937 15510.5027   91  100 16040.2000 14701.6810  8.34%   237 2857s
 20117 11949 15673.7384   78  209 16040.2000 14702.1740  8.34%   237 2860s
 20158 12058     cutoff  145      16040.2000 14702.2171  8.34%   237 2885s
 20306 12195 15052.0250   42  159 16040.2000 14703.2044  8.34%   238 2908s
 20439 12195 15614.6636   53  203 16040.2000 14704.5361  8.33%   238 2910s
 20488 12310 15815.1569   40  221 16040.2000 14706.1653  8.32%   238 2938s
 20623 12310 15979.8067  112    4 16040.2000 14707.0639  8.31%   238 2940s
 20636 12421 15314.3273   50  190 16040.2000 14707.2776  8.31%   238 2962s
 20786 12535 15092.9409   37  274 16040.2000 14707.6838  8.31%   238 2988s
 20859 12538 16004.8900  101    - 16040.2000 14707.6838  8.31%   238 2990s
 20938 12577 15038.0182   51  485 16040.2000 14707.7719  8.31%   238 3012s
 20975 12612 15019.3499   51  395 16040.2000 14707.7719  8.31%   240 3033s
 21010 12670 15143.6141   54  418 16040.2000 14707.7719  8.31%   241 3056s
 21068 12735 15361.0657   60  431 16040.2000 14707.7719  8.31%   242 3086s
 21133 12834 15701.5716   67  284 16040.2000 14707.7719  8.31%   244 3108s
 21248 12911     cutoff   75      16040.2000 14708.1381  8.30%   244 3132s
 21422 13046 15748.4048   59  291 16040.2000 14708.7529  8.30%   244 3157s
 21581 13248 15579.3272   42  190 16040.2000 14709.4663  8.30%   245 3190s
 21869 13294 15555.0715   45  243 16040.2000 14710.1374  8.29%   244 3218s
 21928 13394 15008.2044   41  427 16040.2000 14711.0898  8.29%   246 3241s
 22056 13490 15157.8981   56  294 16040.2000 14712.3733  8.28%   246 3272s
 22165 13491 15203.0241   71  166 16040.2000 14712.5308  8.28%   246 3275s
 22168 13575 15812.8019   40  266 16040.2000 14712.6494  8.28%   246 3298s
 22266 13707 14905.4969   35  353 16040.2000 14712.6772  8.28%   247 3341s
 22465 13780 14879.0292   38  404 16040.2000 14713.0448  8.27%   246 3366s
 22548 13861 14969.7512   47  324 16040.2000 14713.2870  8.27%   247 3391s
 22640 14003 15414.3939   46  316 16040.2000 14713.7876  8.27%   248 3420s
 22817 14120 15033.4384   40  298 16040.2000 14715.0341  8.26%   247 3448s
 22960 14224 15241.6279   47  255 16040.2000 14715.6404  8.26%   248 3471s
 23079 14304     cutoff   96      16040.2000 14716.0987  8.25%   248 3496s
 23101 14304 16011.4793   54  162 16040.2000 14716.0987  8.25%   248 3501s
 23180 14452 15594.0738   62  204 16040.2000 14716.4002  8.25%   249 3527s
 23387 14537 15074.3541   39  237 16040.2000 14717.5955  8.25%   248 3553s
 23487 14659 15124.4461   53  232 16040.2000 14717.6416  8.25%   249 3578s
 23639 14723 15979.5427   64  258 16040.2000 14717.8445  8.24%   250 3601s

Cutting planes:
  User: 4002
  Gomory: 27
  Cover: 323
  Implied bound: 56
  Projected implied bound: 4
  Clique: 15
  MIR: 96
  StrongCG: 1
  Flow cover: 355
  Zero half: 35
  RLT: 271
  Relax-and-lift: 6
  Lazy constraints: 6501

Explored 23743 nodes (5950494 simplex iterations) in 3604.78 seconds
Thread count was 2 (of 32 available processors)

Solution count 10: 16040.2 16222.5 16530.9 ... 18184.1

Time limit reached
Best objective 1.604020000000e+04, best bound 1.471833857284e+04, gap 8.2409%

User-callback calls 401642, time in user-callback 260.64 sec
================================================================================
executing instance: ./input/Instances/Original/1/absH3high_2n45.dat
--------------------------------------------------------------------------------
Instance details
n	46
H	3
C	3171
Li:
[0, 0, 0, 0, 0, 0, 0, 0, 0, 0, 0, 0, 0, 0, 0, 0, 0, 0, 0, 0, 0, 0, 0, 0, 0, 0, 0, 0, 0, 0, 0, 0, 0, 0, 0, 0, 0, 0, 0, 0, 0, 0, 0, 0, 0, 0, ]
Ui:
[0, 246, 160, 78, 20, 87, 144, 40, 20, 82, 60, 96, 24, 136, 160, 108, 160, 26, 228, 51, 24, 240, 231, 70, 32, 105, 174, 114, 246, 126, 132, 76, 22, 42, 255, 132, 148, 162, 66, 111, 102, 240, 123, 201, 297, 78, ]
Distance matrix:
|0	148	402	550	329	420	187	318	366	280	504	273	233	333	112	344	379	481	113	593	159	523	261	424	90	359	163	461	413	240	105	299	265	89	371	462	339	273	495	22	41	439	369	506	563	468	|
|148	0	284	517	394	284	136	369	244	311	496	166	329	355	223	202	338	388	204	565	254	506	118	346	71	423	173	471	336	118	105	352	198	105	248	428	302	305	487	153	179	441	230	497	517	370	|
|402	284	0	350	448	80	228	406	42	343	382	129	456	350	412	126	219	131	382	395	410	371	180	137	314	466	289	400	137	167	389	401	169	316	39	280	217	342	373	394	414	362	108	380	324	106	|
|550	517	350	0	339	429	385	308	374	295	93	375	431	249	481	461	180	239	458	48	445	57	474	214	496	333	387	160	216	424	601	321	320	471	376	90	217	301	93	530	534	146	452	88	52	262	|
|329	394	448	339	0	513	282	42	438	105	255	363	115	108	221	484	259	431	217	365	172	289	436	362	333	30	224	189	353	380	423	47	291	296	443	285	240	107	251	307	294	193	495	260	378	437	|
|420	284	80	429	513	0	267	473	76	408	462	163	509	421	449	86	298	201	421	474	455	451	167	217	330	533	333	478	217	181	386	466	225	341	70	360	291	406	453	416	438	440	59	460	400	176	|
|187	136	228	385	282	267	0	249	199	186	360	104	248	224	184	214	207	294	155	432	189	371	155	237	113	308	68	336	227	101	216	236	78	98	205	296	168	181	350	174	190	305	231	360	390	283	|
|318	369	406	308	42	473	249	0	397	66	229	325	128	67	216	447	218	389	206	337	168	260	402	320	311	61	196	167	311	345	406	19	252	275	403	248	198	70	223	296	286	164	457	233	344	395	|
|366	244	42	374	438	76	199	397	0	332	397	96	436	346	383	90	228	168	354	420	385	389	139	161	277	458	263	408	158	128	349	391	150	282	6	298	218	331	388	359	380	370	78	395	352	144	|
|280	311	343	295	105	408	186	66	332	0	231	259	142	53	191	380	171	337	173	332	150	257	337	267	258	127	139	182	258	280	359	58	186	223	338	222	143	6	224	258	254	164	390	234	323	340	|
