




arguments: ./build/mirp_solver -f ./input/orig_exec_219.cfg
Current dir: /scratch/gui/bnc_mirp
File verbosity level: 9
date       time         ( uptime  ) [ thread name/id ]                   file:line     v| 
2021-01-10 12:14:56.785 (   0.490s) [main thread     ]             loguru.cpp:789   INFO| Logging to './output/vi_lex_full/OU/V3/Original/execution_10_01_2021_12_14_56.log', mode: 'a', verbosity: 9
--------------------------------------------------------------------------------
Parameters
                           instance_path           ./input/Instances/Original/6/
                            model_policy                                       1
                             nb_vehicles                                       3
                              output_dir    ./output/vi_lex_full/OU/V3/Original/
                            sec_strategy                                       1
                       solver_nb_threads                                       2
                         solver_show_log                                    true
                       solver_time_limit                                    3600
                              use_vi_cos                                   false
                              use_vi_cus                                   false
                         use_vi_hc1_full                                   false
                         use_vi_hc1_half                                   false
                      use_vi_hc1_quarter                                   false
                              use_vi_hc2                                   false
                              use_vi_hc3                                   false
                         use_vi_lex_full                                    true
                         use_vi_lex_half                                   false
                      use_vi_lex_quarter                                   false
                              use_vi_qua                                   false
                               use_vi_vc                                   false
                               use_vi_vr                                   false
--------------------------------------------------------------------------------
executing instance: ./input/Instances/Original/6/absH6high_1n25.dat
--------------------------------------------------------------------------------
Instance details
n	26
H	6
C	1711
Li:
[0, 0, 0, 0, 0, 0, 0, 0, 0, 0, 0, 0, 0, 0, 0, 0, 0, 0, 0, 0, 0, 0, 0, 0, 0, 0, ]
Ui:
[0, 168, 176, 34, 66, 36, 177, 106, 118, 182, 64, 141, 189, 63, 46, 111, 182, 231, 36, 66, 68, 54, 132, 90, 246, 75, ]
Distance matrix:
|0	191	200	231	334	329	146	196	208	245	218	164	283	394	151	358	156	196	309	253	201	260	127	138	130	104	|
|191	0	226	229	278	146	328	216	390	417	327	293	195	334	106	296	171	122	472	151	12	411	280	53	190	130	|
|200	226	0	38	149	359	321	10	276	274	418	364	139	204	121	173	321	115	303	141	225	236	155	202	311	256	|
|231	229	38	0	110	352	358	37	314	310	448	395	108	167	129	135	342	109	336	120	226	268	194	213	335	277	|
|334	278	149	110	0	367	467	147	422	413	546	495	86	61	203	25	423	163	429	129	271	363	303	282	424	361	|
|329	146	359	352	367	0	453	349	533	562	411	393	282	411	245	378	250	244	617	245	141	556	426	195	284	243	|
|146	328	321	358	467	453	0	321	162	215	160	112	425	524	297	491	223	341	284	397	339	266	186	276	184	210	|
|196	216	10	37	147	349	321	0	281	281	414	360	132	203	112	171	315	105	311	132	216	244	159	193	305	249	|
|208	390	276	314	422	533	162	281	0	54	321	271	410	471	316	445	348	348	123	398	398	115	125	338	313	309	|
|245	417	274	310	413	562	215	281	54	0	375	323	413	457	334	435	393	361	70	406	424	69	139	367	359	349	|
|218	327	418	448	546	411	160	414	321	375	0	57	484	606	347	569	163	393	444	446	339	421	318	288	137	199	|
|164	293	364	395	495	393	112	360	271	323	57	0	437	556	300	519	144	346	393	401	305	367	261	249	109	163	|
|283	195	139	108	86	282	425	132	410	413	484	437	0	139	137	101	349	91	443	44	187	375	286	206	355	291	|
|394	334	204	167	61	411	524	203	471	457	606	556	139	0	264	38	483	222	467	183	326	403	356	341	484	421	|
|151	106	121	129	203	245	297	112	316	334	347	300	137	264	0	225	220	46	381	102	106	316	195	84	221	158	|
|358	296	173	135	25	378	491	171	445	435	569	519	101	38	225	0	444	184	450	145	288	384	328	303	446	383	|
|156	171	321	342	423	250	223	315	348	393	163	144	349	483	220	444	0	261	460	308	183	415	284	143	39	65	|
|196	122	115	109	163	244	341	105	348	361	393	346	91	222	46	184	261	0	402	56	118	336	224	119	264	200	|
|309	472	303	336	429	617	284	311	123	70	444	393	443	467	381	450	460	402	0	442	477	68	192	424	426	413	|
|253	151	141	120	129	245	397	132	398	406	446	401	44	183	102	145	308	56	442	0	143	375	273	164	315	251	|
|201	12	225	226	271	141	339	216	398	424	339	305	187	326	106	288	183	118	477	143	0	416	286	63	202	142	|
|260	411	236	268	363	556	266	244	115	69	421	367	375	403	316	384	415	336	68	375	416	0	135	365	384	363	|
|127	280	155	194	303	426	186	159	125	139	318	261	286	356	195	328	284	224	192	273	286	135	0	232	256	229	|
|138	53	202	213	282	195	276	193	338	367	288	249	206	341	84	303	143	119	424	164	63	365	232	0	153	89	|
|130	190	311	335	424	284	184	305	313	359	137	109	355	484	221	446	39	264	426	315	202	384	256	153	0	64	|
|104	130	256	277	361	243	210	249	309	349	199	163	291	421	158	383	65	200	413	251	142	363	229	89	64	0	|

--------------------------------------------------------------------------------
Building model...
	using lazy and cut (CVRPSEP package)
Solving IRP LP...
--------------------------------------------------------------------------------

Gurobi 9.1.0 (linux64) logging started Sun Jan 10 12:14:57 2021

Gurobi Optimizer version 9.1.0 build v9.1.0rc0 (linux64)
Thread count: 32 physical cores, 32 logical processors, using up to 2 threads
Optimize a model with 1436 rows, 6950 columns and 17504 nonzeros
Model fingerprint: 0x0a96f890
Variable types: 632 continuous, 6318 integer (468 binary)
Coefficient statistics:
  Matrix range     [1e+00, 7e+07]
  Objective range  [1e-01, 6e+02]
  Bounds range     [1e+00, 2e+02]
  RHS range        [1e+01, 3e+03]
Presolve removed 234 rows and 134 columns
Presolve time: 0.08s
Presolved: 1202 rows, 6816 columns, 16215 nonzeros
Variable types: 550 continuous, 6266 integer (5805 binary)

Root relaxation: objective 1.362391e+04, 2386 iterations, 0.07 seconds

    Nodes    |    Current Node    |     Objective Bounds      |     Work
 Expl Unexpl |  Obj  Depth IntInf | Incumbent    BestBd   Gap | It/Node Time

     0     0 13623.9148    0  218          - 13623.9148      -     -    0s
     0     0 13814.7275    0  188          - 13814.7275      -     -    0s
     0     0 13854.5150    0  198          - 13854.5150      -     -    0s
     0     0 13877.2199    0  197          - 13877.2199      -     -    0s
     0     0 13914.7609    0  240          - 13914.7609      -     -    0s
     0     0 13929.2638    0  232          - 13929.2638      -     -    0s
     0     0 13929.3927    0  241          - 13929.3927      -     -    0s
     0     0 13929.4209    0  248          - 13929.4209      -     -    0s
     0     0 14560.3799    0  359          - 14560.3799      -     -    1s
     0     0 14665.5250    0  374          - 14665.5250      -     -    1s
     0     0 14697.3430    0  388          - 14697.3430      -     -    1s
     0     0 14708.4417    0  371          - 14708.4417      -     -    1s
     0     0 14708.5670    0  399          - 14708.5670      -     -    1s
     0     0 15033.3447    0  442          - 15033.3447      -     -    1s
     0     0 15230.7289    0  484          - 15230.7289      -     -    2s
     0     0 15247.4312    0  501          - 15247.4312      -     -    2s
     0     0 15276.6785    0  478          - 15276.6785      -     -    2s
     0     0 15279.1046    0  451          - 15279.1046      -     -    2s
     0     0 15279.1222    0  453          - 15279.1222      -     -    2s
     0     0 15397.0440    0  461          - 15397.0440      -     -    3s
     0     0 15435.4916    0  472          - 15435.4916      -     -    3s
     0     0 15443.6867    0  473          - 15443.6867      -     -    3s
     0     0 15446.5470    0  508          - 15446.5470      -     -    3s
     0     0 15448.6882    0  482          - 15448.6882      -     -    4s
     0     0 15548.3234    0  467          - 15548.3234      -     -    4s
     0     0 15574.8330    0  516          - 15574.8330      -     -    4s
     0     0 15582.9205    0  470          - 15582.9205      -     -    4s
     0     0 15584.2044    0  493          - 15584.2044      -     -    4s
     0     0 15616.0443    0  485          - 15616.0443      -     -    5s
     0     0 15626.6977    0  515          - 15626.6977      -     -    5s
     0     0 15639.4699    0  552          - 15639.4699      -     -    5s
     0     0 15640.2122    0  571          - 15640.2122      -     -    5s
     0     0 15647.0233    0  548          - 15647.0233      -     -    6s
     0     0 15647.0233    0  527          - 15647.0233      -     -    6s
     0     2 15647.8298    0  490          - 15647.8298      -     -    7s
    17    20 16157.1534    5  513          - 15665.5452      -  1026   10s
    43    47 15899.1688   11  410          - 15665.5452      -  1072   15s
    89    94 16461.5323   22  351          - 15665.5452      -   806   20s
   168   160 16048.0462    5  573          - 15665.6084      -   583   25s
   265   268 16501.9860   16  422          - 15665.6084      -   470   30s
   453   480 16787.0418   33  315          - 15665.6084      -   322   35s
   609   589 17372.2577   43  299          - 15665.6084      -   265   40s
   686   693 18149.6658   89  166          - 15665.6084      -   260   45s
   740   699 16122.2718    9  593          - 16122.2718      -   247   50s
   756   710 18109.6094   73  577          - 16213.7727      -   264   55s
   774   722 19126.0682  156  732          - 16262.6923      -   258   60s
   789   732 18379.4253  104  716          - 16277.1331      -   253   65s
H  789   694                    21657.790000 16278.4368  24.8%   253   65s
H  789   659                    21612.710000 16278.4368  24.7%   253   66s
   806   671 19086.1589  153  752 21612.7100 16331.1478  24.4%   248   70s
H  816   642                    21138.020000 16350.3536  22.6%   244   73s
   822   646 21138.0200  273  745 21138.0200 16361.4944  22.6%   243   75s
H  829   617                    20502.020000 16365.9818  20.2%   241   76s
H  833   587                    20492.300000 16366.4908  20.1%   240   78s
H  840   563                    20349.300000 16366.5174  19.6%   279   79s
   843   565 20349.3000  268  527 20349.3000 16366.5174  19.6%   278   80s
   856   573 18109.6094   73  759 20349.3000 16368.7246  19.6%   274   85s
H  856   544                    20180.300000 16369.3438  18.9%   274   85s
   867   555 16370.0467   41  766 20180.3000 16369.9629  18.9%   286   90s
   885   568 16390.3137   46  698 20180.3000 16390.3137  18.8%   303   95s
   905   581 16425.0286   52  540 20180.3000 16401.1438  18.7%   319  100s
   923   592 16437.3406   56  486 20180.3000 16401.1438  18.7%   330  106s
   940   603 16495.4740   60  370 20180.3000 16401.1438  18.7%   338  110s
H  978   605                    20057.590000 16401.1438  18.2%   341  114s
   984   616 16590.6960   72  320 20057.5900 16401.1438  18.2%   341  115s
  1025   650 16871.0542   83  335 20057.5900 16401.1438  18.2%   338  121s
  1093   688 16898.2196  101  286 20057.5900 16401.1438  18.2%   330  125s
  1160   690     cutoff  122      20057.5900 16404.1053  18.2%   331  130s
H 1194   684                    20016.710000 16404.1053  18.0%   334  134s
  1202   698 16607.6407   64  354 20016.7100 16404.1053  18.0%   335  136s
  1272   747 16776.0490   75  289 20016.7100 16404.1053  18.0%   330  140s
H 1334   764                    20014.130000 16404.1053  18.0%   325  144s
  1360   770 16998.7193   88  271 20014.1300 16404.1053  18.0%   322  147s
  1396   798 17052.4539   94  293 20014.1300 16404.1053  18.0%   322  151s
H 1456   824                    19977.130000 16404.1053  17.9%   319  156s
  1524   885 17549.5342  123  222 19977.1300 16404.1053  17.9%   314  160s
  1626   980 17807.9311  149  160 19977.1300 16404.1053  17.9%   306  165s
H 1732  1000                    19937.170000 16404.1053  17.7%   295  168s
  1792  1067 18414.4508  178  118 19937.1700 16404.1053  17.7%   289  171s
  1879  1160 18921.5472  194  133 19937.1700 16404.1053  17.7%   282  175s
  2137  1239 19919.0627  251   58 19937.1700 16407.0642  17.7%   261  183s
  2194  1329 16581.0844   44  506 19937.1700 16407.0642  17.7%   259  186s
  2294  1405 18590.8457  175  111 19937.1700 16407.0642  17.7%   255  190s
  2459  1586 17184.3943   61  460 19937.1700 16407.0642  17.7%   250  199s
  2582  1586 19770.7384  202   11 19937.1700 16407.0642  17.7%   242  200s
  2626  1641 17309.4136   66  331 19937.1700 16407.0642  17.7%   243  205s
  2728  1789 18061.4095   98  257 19937.1700 16407.0642  17.7%   242  211s
  2871  1837 16666.5851   52  568 19937.1700 16409.3912  17.7%   240  217s
  2919  1920 16948.0297   58  493 19937.1700 16409.3912  17.7%   239  223s
  3012  2018 17183.3340   77  371 19937.1700 16409.3912  17.7%   236  227s
  3110  2070 18760.8323  168   44 19937.1700 16413.9560  17.7%   232  231s
  3183  2099 16578.1867   47  413 19937.1700 16413.9560  17.7%   231  235s
  3265  2203 16836.5987   54  420 19937.1700 16413.9560  17.7%   232  242s
  3333  2256 17250.9654   59  331 19937.1700 16413.9560  17.7%   231  246s
H 3341  2148                    19696.170000 16413.9560  16.7%   231  246s
  3386  2276 17656.5971   67  304 19696.1700 16413.9560  16.7%   232  253s
  3542  2333 18587.4147   87  177 19696.1700 16439.4656  16.5%   228  259s
  3625  2354 16982.4666   44  430 19696.1700 16439.4764  16.5%   227  263s
  3647  2452 17595.5382   60  260 19696.1700 16439.4764  16.5%   229  268s
H 3744  2430                    19668.920000 16439.4764  16.4%   227  269s
  3745  2554 18973.4730  145  162 19668.9200 16443.2643  16.4%   228  273s
  3894  2629 16692.8599   59  486 19668.9200 16443.2643  16.4%   223  280s
  3981  2650 16709.3416   65  405 19668.9200 16443.2643  16.4%   221  285s
  4002  2706 16821.3778   71  362 19668.9200 16443.2643  16.4%   222  291s
H 4019  2697                    19640.880000 16443.2643  16.3%   223  291s
  4058  2787 16953.9733   81  351 19640.8800 16443.2643  16.3%   223  296s
  4163  2827 17179.8671   95  262 19640.8800 16443.2643  16.3%   222  302s
  4203  2936 17228.7655  101  264 19640.8800 16443.2643  16.3%   222  307s
  4321  3036 17792.9260  130  193 19640.8800 16456.6098  16.2%   220  315s
  4437  3092 16561.6087   48  491 19640.8800 16456.6098  16.2%   220  322s
  4493  3247 16801.7746   58  499 19640.8800 16456.6098  16.2%   220  329s
  4651  3405 17657.3672   79  420 19640.8800 16456.6098  16.2%   218  337s
  4858  3483     cutoff  146      19640.8800 16458.6455  16.2%   213  362s
  4935  3492 16922.3858   52  498 19640.8800 16466.7631  16.2%   214  369s
  4952  3563 17572.3556   59  317 19640.8800 16466.7631  16.2%   215  375s
  5023  3672 18662.2639  108  197 19640.8800 16467.8246  16.2%   216  384s
  5163  3697 16729.2455   51  471 19640.8800 16467.9362  16.2%   213  391s
  5189  3807 17551.8923   68  370 19640.8800 16473.7507  16.1%   215  400s
  5316  3876 16617.9571   49  475 19640.8800 16473.7507  16.1%   215  408s
  5385  3914 17127.0538   58  446 19640.8800 16473.7507  16.1%   215  417s
  5457  4013 17837.3360   80  240 19640.8800 16481.0516  16.1%   216  425s
  5568  4040 16622.2059   48  455 19640.8800 16481.0516  16.1%   215  436s
  5595  4133 16724.1396   52  470 19640.8800 16481.0516  16.1%   216  445s
  5700  4180 16909.4412   57  433 19640.8800 16481.0516  16.1%   216  453s
  5757  4290 17585.5964   69  338 19640.8800 16481.0516  16.1%   218  462s
  5867  4479 18039.8704  106  177 19640.8800 16485.3137  16.1%   219  473s
  6126  4519     cutoff  154      19640.8800 16490.1651  16.0%   215  482s
  6161  4612 16699.8790   60  409 19640.8800 16490.1651  16.0%   217  491s
  6270  4720 17587.7637   71  312 19640.8800 16490.1651  16.0%   218  501s
  6378  4874 17499.7701   94  162 19640.8800 16490.6863  16.0%   218  511s
  6566  4950 17070.7581   59  436 19640.8800 16491.9753  16.0%   216  520s
  6654  5052 18420.7332   94  215 19640.8800 16492.3391  16.0%   217  529s
  6691  5052 19292.1145  131  118 19640.8800 16492.3391  16.0%   217  530s
  6768  5096 16802.7372   58  435 19640.8800 16492.3391  16.0%   217  539s
  6832  5192 17889.1980   77  323 19640.8800 16495.8251  16.0%   218  549s
  6901  5192 19478.5230  146   66 19640.8800 16495.8251  16.0%   217  550s
  6937  5312 17088.1922   66  291 19640.8800 16496.3680  16.0%   218  560s
  7083  5335     cutoff  157      19640.8800 16497.6129  16.0%   217  578s
H 7087  5081                    19356.160000 16497.6129  14.8%   217  578s
  7110  5215 16789.6777   62  303 19356.1600 16505.0715  14.7%   218  588s
  7260  5443 16641.2756   52  475 19356.1600 16505.0715  14.7%   218  603s
  7449  5443 18918.1103  161   77 19356.1600 16505.0715  14.7%   217  605s
  7498  5567 17605.3080   93  243 19356.1600 16505.6955  14.7%   216  616s
  7636  5715 17131.8012   65  469 19356.1600 16505.7954  14.7%   217  630s
  7816  5862 16637.2299   49  542 19356.1600 16507.7342  14.7%   216  644s
  7867  5862 18339.1530  100  187 19356.1600 16507.7342  14.7%   217  645s
  7980  5990 18517.3156  107   87 19356.1600 16509.2562  14.7%   216  657s
  8150  6156 17420.0427   88  274 19356.1600 16512.0376  14.7%   216  671s
  8341  6215     cutoff  152      19356.1600 16512.1645  14.7%   215  684s
  8403  6400 17342.0556   71  384 19356.1600 16512.2455  14.7%   217  698s
* 8579  5733             154    18981.800000 16512.9573  13.0%   215  699s
  8621  5833     cutoff  158      18981.8000 16513.6401  13.0%   215  711s
  8785  5903 17077.2150   55  346 18981.8000 16514.8710  13.0%   215  725s
  8863  6026 17311.6880   54  400 18981.8000 16516.7370  13.0%   217  738s
  9016  6092 16793.9135   66  449 18981.8000 16516.9883  13.0%   217  750s
  9082  6428 17215.7443   74  290 18981.8000 16517.2943  13.0%   220  766s
  9445  6743 16715.4838   53  412 18981.8000 16517.8742  13.0%   217  784s
  9540  6743 18726.8926  148  105 18981.8000 16517.8742  13.0%   216  785s
  9849  6881 16768.9231   48  375 18981.8000 16520.0259  13.0%   213  800s
* 9930  6860             199    18970.590000 16520.1444  12.9%   213  800s
  9997  6985 16751.7647   55  448 18970.5900 16520.1444  12.9%   213  813s
 10136  7115 18760.2781  137   67 18970.5900 16521.2979  12.9%   214  829s
 10273  7115 infeasible  135      18970.5900 16521.3058  12.9%   213  830s
 10312  7189 17481.1354   89  280 18970.5900 16527.1154  12.9%   214  841s
 10416  7280 17098.0992   75  325 18970.5900 16529.7921  12.9%   216  854s
 10525  7485 17017.2316   56  419 18970.5900 16530.6390  12.9%   217  869s
 10611  7485 17516.6987   89  193 18970.5900 16534.1636  12.8%   217  870s
 10788  7554 17010.9392   63  411 18970.5900 16534.1636  12.8%   215  933s
 10858  7726 17594.4930   98  311 18970.5900 16534.4739  12.8%   215  948s
 11080  7927 17739.1341   83  329 18970.5900 16537.5698  12.8%   215  963s
 11342  8169 16838.9063   57  256 18970.5900 16541.8929  12.8%   214  980s
 11656  8283 18253.9829  101  175 18970.5900 16544.2049  12.8%   212  994s
 11779  8420 17882.3045   88  227 18970.5900 16547.1506  12.8%   213 1009s
 11878  8420 18853.4170  107  100 18970.5900 16547.1506  12.8%   213 1010s
 11966  8510 16821.5383   67  304 18970.5900 16549.9857  12.8%   213 1023s
 12056  8709 17632.4566   86  357 18970.5900 16551.0622  12.8%   215 1038s
 12291  8925 17399.6126   74  397 18970.5900 16553.5196  12.7%   215 1054s
 12464  8925 18764.6129  134  104 18970.5900 16554.4529  12.7%   214 1055s
 12544  9061 18776.5024  139   71 18970.5900 16555.1524  12.7%   214 1069s
 12727  9175     cutoff  151      18970.5900 16556.4874  12.7%   215 1083s
 12876  9347 17028.1190   56  465 18970.5900 16559.0562  12.7%   215 1098s
 13072  9496 16946.5722   55  477 18970.5900 16559.2245  12.7%   215 1113s
 13242  9655     cutoff  116      18970.5900 16561.6954  12.7%   215 1128s
 13431  9794 16967.4985   65  321 18970.5900 16563.4783  12.7%   216 1143s
 13609  9964 17281.3610   77  276 18970.5900 16564.0875  12.7%   216 1158s
 13811 10108 18185.1300   71  246 18970.5900 16565.2960  12.7%   216 1174s
 13999 10202 18225.6419   85  191 18970.5900 16565.8197  12.7%   216 1188s
 14115 10368 17029.1421   70  331 18970.5900 16568.0700  12.7%   217 1202s
 14281 10651 18024.3401  115  145 18970.5900 16568.4135  12.7%   218 1219s
 14315 10651 17951.4041  129  107 18970.5900 16568.4135  12.7%   217 1220s
 14632 10788 17301.8692   67  404 18970.5900 16568.8893  12.7%   216 1237s
 14819 10920 17017.8220   60  493 18970.5900 16570.4733  12.7%   216 1251s
 14984 11095 16715.6905   54  475 18970.5900 16570.5553  12.7%   217 1266s
 15179 11231 18206.6142  140  102 18970.5900 16571.1642  12.6%   216 1282s
H15201 10683                    18805.870000 16571.1642  11.9%   216 1282s
 15359 10847 16747.1012   55  425 18805.8700 16574.8764  11.9%   217 1297s
 15580 10980 16964.9829   62  453 18805.8700 16575.3046  11.9%   217 1311s
 15740 11074 17396.3225   69  343 18805.8700 16576.4946  11.9%   217 1325s
 15874 11137 18623.1853   92  233 18805.8700 16577.6523  11.8%   218 1340s
 15970 11322 16949.0722   52  407 18805.8700 16578.6438  11.8%   219 1356s
H16198  8171                    18150.440000 16578.6438  8.66%   219 1372s
 16372  8288     cutoff  127      18150.4400 16581.5289  8.64%   219 1388s
 16579  8394 16842.3090   55  346 18150.4400 16584.4509  8.63%   219 1403s
 16714  8489 17219.8010   58  467 18150.4400 16585.7859  8.62%   219 1417s
H16775  8293                    18104.800000 16585.7859  8.39%   220 1417s
 16834  8426 17177.4000   74  302 18104.8000 16587.5365  8.38%   220 1432s
 17001  8518 17339.3995   69  464 18104.8000 16588.0580  8.38%   220 1447s
H17138  8066                    17992.720000 16588.4057  7.80%   221 1464s
H17265  6607                    17762.360000 16590.4419  6.60%   221 1464s
 17329  6681 16924.4477   52  305 17762.3600 16592.7453  6.58%   221 1480s
 17474  6746 17674.9781   84  162 17762.3600 16594.0862  6.58%   222 1494s
 17555  6804 17344.8293   72  412 17762.3600 16594.4586  6.58%   223 1508s
 17645  6868 16722.7695   52  518 17762.3600 16594.4639  6.58%   224 1523s
H17676  6866                    17761.770000 16594.4639  6.57%   225 1523s
 17725  6954 17038.6031   68  295 17761.7700 16597.1208  6.56%   226 1538s
 17849  7016 17193.6440   67  349 17761.7700 16597.7450  6.55%   227 1553s
 17937  7130 16835.0894   54  453 17761.7700 16597.9057  6.55%   228 1569s
 18013  7130 17468.6955   81  176 17761.7700 16597.9057  6.55%   229 1570s
 18068  7232 17183.9977   62  351 17761.7700 16597.9057  6.55%   229 1585s
 18209  7317 17597.5986   86  250 17761.7700 16599.2207  6.55%   229 1601s
 18366  7406 17566.3942   82  243 17761.7700 16602.5533  6.53%   230 1617s
 18481  7519 17231.0771   57  321 17761.7700 16603.4625  6.52%   230 1633s
 18628  7606 17272.5969   53  338 17761.7700 16604.2426  6.52%   231 1650s
H18682  7600                    17760.540000 16604.2426  6.51%   232 1650s
 18737  7710 17459.2632   79  326 17760.5400 16604.8362  6.51%   232 1666s
 18921  7809 16724.8692   50  570 17760.5400 16605.3973  6.50%   232 1682s
 19038  7847 17650.7672  104  381 17760.5400 16606.2469  6.50%   233 1697s
 19099  7948 17362.4448   64  431 17760.5400 16606.8848  6.50%   234 1713s
 19224  8053 16992.8312   66  407 17760.5400 16607.9065  6.49%   235 1731s
 19373  8162 16799.8738   54  575 17760.5400 16611.4629  6.47%   235 1747s
 19520  8231 17101.3371   75  237 17760.5400 16612.5141  6.46%   235 1764s
 19613  8324 17617.2409   68  364 17760.5400 16613.1050  6.46%   236 1781s
 19766  8400 17254.6991   74  213 17760.5400 16616.0009  6.44%   237 1799s
 19936  8400 17698.5413   86  263 17760.5400 16617.2498  6.44%   237 1800s
 19946  8511 17158.6078   52  375 17760.5400 16617.7645  6.43%   237 1816s
 20100  8575 16834.8739   54  562 17760.5400 16618.4026  6.43%   238 1833s
 20188  8636 16883.9266   52  394 17760.5400 16618.8204  6.43%   239 1852s
 20295  8720 17161.3366   58  514 17760.5400 16618.8204  6.43%   240 1868s
 20396  8832     cutoff   77      17760.5400 16619.6780  6.42%   240 1885s
 20566  8911 17360.0859   77  354 17760.5400 16621.2662  6.41%   241 1903s
 20665  8993 17361.1543   76  374 17760.5400 16621.4165  6.41%   241 1919s
 20766  9136 17186.2509   65  438 17760.5400 16622.2138  6.41%   242 1937s
 20951  9232 16809.6397   52  514 17760.5400 16623.1781  6.40%   243 1954s
 21081  9351 17405.7294   65  473 17760.5400 16623.5051  6.40%   243 1972s
 21258  9420 17368.5738   79  279 17760.5400 16624.4762  6.40%   244 1990s
 21347  9562 17301.5451   64  276 17760.5400 16624.6537  6.40%   245 2007s
 21528  9634 16994.8895   64  447 17760.5400 16626.1005  6.39%   245 2025s
 21618  9714 17186.1639   63  394 17760.5400 16626.2599  6.39%   246 2045s
H21667  9668                    17755.539994 16626.2599  6.36%   246 2045s
 21730  9747     cutoff   88      17755.5400 16627.3363  6.35%   246 2063s
 21860  9879 16747.1659   56  320 17755.5400 16628.2427  6.35%   247 2080s
 22030  9993 17480.0360   75  323 17755.5400 16628.9789  6.34%   247 2098s
 22188 10072 17441.9836   81  415 17755.5400 16630.5824  6.34%   248 2115s
 22293 10209 17283.0266   64  334 17755.5400 16630.9478  6.33%   249 2134s
 22406 10209 17489.7251   92  286 17755.5400 16630.9478  6.33%   249 2135s
 22495 10335 16910.1276   60  428 17755.5400 16631.5607  6.33%   249 2153s
 22673 10478 16849.0369   52  435 17755.5400 16631.9760  6.33%   249 2171s
 22874 10610 16954.7508   75  345 17755.5400 16632.9417  6.32%   249 2189s
 22943 10610 17539.8197   92  174 17755.5400 16632.9417  6.32%   249 2190s
 23074 10727 16758.6537   55  560 17755.5400 16635.2840  6.31%   250 2209s
 23225 10811 17234.0522   69  441 17755.5400 16636.6746  6.30%   250 2227s
 23347 10927 17348.0345   62  297 17755.5400 16636.7573  6.30%   251 2245s
H23503 11045                    17755.539969 16636.8417  6.30%   251 2263s
H23588  8524                    17522.320000 16637.2478  5.05%   252 2264s
 23664  8593 16712.2534   59  390 17522.3200 16638.1671  5.05%   252 2281s
 23808  8731 17132.1746   75  323 17522.3200 16638.9285  5.04%   252 2300s
H23889  7608                    17423.499996 16638.9285  4.50%   253 2301s
 23975  7676 17322.7383   78  231 17423.5000 16639.7066  4.50%   253 2319s
 24129  7748 17165.4887   67  443 17423.5000 16640.8240  4.49%   253 2336s
 24246  7842 16690.4306   55  543 17423.5000 16641.6789  4.49%   254 2354s
 24368  7905 17143.5217   75  244 17423.5000 16641.8479  4.49%   255 2371s
 24477  7967     cutoff   63      17423.5000 16642.2222  4.48%   256 2389s
 24571  8022 17315.1126   53  451 17423.5000 16642.9037  4.48%   257 2406s
 24700  8135 16861.5922   52  511 17423.5000 16643.6021  4.48%   258 2424s
 24819  8135 17214.8220   84  161 17423.5000 16644.3521  4.47%   258 2425s
 24831  8195     cutoff   72      17423.5000 16644.3571  4.47%   258 2443s
 24968  8276 17099.6794   66  379 17423.5000 16647.0281  4.46%   259 2461s
 25097  8358 16718.1201   49  530 17423.5000 16647.5073  4.45%   260 2482s
 25209  8422 17075.9440   61  503 17423.5000 16648.2165  4.45%   260 2500s
 25316  8508 16919.2801   60  316 17423.5000 16649.3471  4.44%   261 2519s
 25466  8613 17265.7109   48  451 17423.5000 16650.6198  4.44%   262 2538s
 25605  8710 17128.7648   77  165 17423.5000 16650.9162  4.43%   262 2560s
 25772  8822 17347.1183   73  292 17423.5000 16651.7118  4.43%   262 2579s
 25957  8917 16960.0001   55  558 17423.5000 16652.5692  4.42%   263 2598s
 26098  9038 17114.5754   66  353 17423.5000 16653.7720  4.42%   263 2618s
H26165  8807                    17404.500000 16653.7720  4.31%   264 2618s
 26273  8894     cutoff   69      17404.5000 16654.6200  4.31%   264 2638s
 26400  8986 17001.8247   65  391 17404.5000 16654.8901  4.31%   264 2658s
 26527  9073 16779.8974   57  458 17404.5000 16655.0997  4.31%   265 2678s
 26683  9153 17103.5624   57  431 17404.5000 16656.2503  4.30%   265 2697s
 26859  9231 17203.6396   70  397 17404.5000 16657.3757  4.29%   266 2716s
 26983  9312 16739.0697   51  565 17404.5000 16657.8956  4.29%   267 2735s
 27090  9425 17242.2831   75  338 17404.5000 16658.4693  4.29%   267 2756s
 27244  9527 17221.8199   81  354 17404.5000 16658.6232  4.29%   268 2775s
 27404  9616 16754.3409   54  372 17404.5000 16659.4918  4.28%   268 2795s
 27560  9727 16941.0920   70  253 17404.5000 16661.7811  4.27%   269 2815s
 27717  9848 17199.7478   59  469 17404.5000 16662.3072  4.26%   269 2835s
 27926  9938 16755.1712   53  339 17404.5000 16663.8739  4.26%   269 2856s
 28052 10044 17003.1806   68  470 17404.5000 16664.9968  4.25%   270 2877s
 28196 10123 17286.3299   65  376 17404.5000 16665.5212  4.25%   270 2898s
 28322 10248 17020.0709   66  293 17404.5000 16666.0287  4.24%   271 2919s
 28535 10338 16736.0457   60  293 17404.5000 16666.4160  4.24%   271 2938s
 28711 10458 16838.1332   67  412 17404.5000 16666.8765  4.24%   271 2959s
 28885 10540 16914.2401   61  445 17404.5000 16667.5154  4.23%   271 2979s
 29040 10654 16803.3164   52  352 17404.5000 16668.0413  4.23%   272 3001s
 29229 10727     cutoff   67      17404.5000 16668.4326  4.23%   272 3022s
 29400 10851 17197.1784   50  452 17404.5000 16669.0198  4.23%   272 3041s
 29592 10975 17166.6039   67  315 17404.5000 16669.8732  4.22%   273 3062s
 29771 11109 17136.7166   66  210 17404.5000 16670.6086  4.22%   273 3085s
 29981 11208 17288.1403   60  365 17404.5000 16671.2204  4.21%   273 3105s
 30156 11283 16769.1672   53  335 17404.5000 16672.1111  4.21%   273 3127s
 30313 11346 17139.7551   75  311 17404.5000 16672.5648  4.21%   274 3147s
 30442 11404     cutoff   62      17404.5000 16672.9106  4.20%   274 3167s
 30587 11501 16875.0948   58  392 17404.5000 16674.0961  4.20%   275 3186s
 30721 11567 17268.8270   61  341 17404.5000 16674.7584  4.19%   275 3207s
 30874 11683 16922.0371   66  353 17404.5000 16675.6268  4.19%   276 3228s
 31039 11824 17049.9597   77  332 17404.5000 16676.0788  4.19%   276 3250s
 31269 11928 16814.2552   55  418 17404.5000 16677.2481  4.18%   276 3272s
 31431 12011     cutoff   74      17404.5000 16677.5367  4.18%   276 3293s
 31596 12136 17074.5883   59  344 17404.5000 16678.1413  4.17%   277 3314s
 31768 12250 17180.0795   80  341 17404.5000 16678.1548  4.17%   277 3335s
 31951 12368 17364.8328   68  373 17404.5000 16678.8808  4.17%   277 3356s
 32107 12491 17100.1521   59  391 17404.5000 16679.6792  4.16%   278 3377s
 32360 12617 16737.0797   58  322 17404.5000 16680.4549  4.16%   277 3398s
 32564 12719 17359.7758   56  390 17404.5000 16681.4809  4.15%   278 3419s
 32720 12803     cutoff   66      17404.5000 16681.8569  4.15%   278 3439s
 32909 12920 16856.8036   56  318 17404.5000 16683.7069  4.14%   278 3462s
 33054 13039 17011.6250   71  321 17404.5000 16684.0238  4.14%   279 3484s
 33225 13091     cutoff   74      17404.5000 16684.5218  4.14%   279 3504s
 33343 13198 17026.6524   55  307 17404.5000 16685.4256  4.13%   279 3526s
 33497 13299     cutoff   68      17404.5000 16685.6078  4.13%   280 3550s
 33652 13420 16835.6928   63  494 17404.5000 16686.2169  4.13%   280 3572s
 33859 13520 17139.8772   56  388 17404.5000 16686.5678  4.12%   281 3595s
 34020 13535 17051.8766   63  375 17404.5000 16686.6594  4.12%   281 3600s

Cutting planes:
  User: 4845
  Gomory: 57
  Cover: 471
  Implied bound: 31
  Projected implied bound: 7
  Clique: 13
  MIR: 293
  StrongCG: 3
  Flow cover: 711
  Zero half: 12
  Network: 12
  RLT: 353
  Relax-and-lift: 9
  Lazy constraints: 697

Explored 34039 nodes (9588301 simplex iterations) in 3600.12 seconds
Thread count was 2 (of 32 available processors)

Solution count 10: 17404.5 17423.5 17522.3 ... 18150.4

Time limit reached
Best objective 1.740450000000e+04, best bound 1.668665944159e+04, gap 4.1245%

User-callback calls 381941, time in user-callback 158.03 sec
================================================================================
executing instance: ./input/Instances/Original/6/absH6high_1n20.dat
--------------------------------------------------------------------------------
Instance details
n	21
H	6
C	1651
Li:
[0, 0, 0, 0, 0, 0, 0, 0, 0, 0, 0, 0, 0, 0, 0, 0, 0, 0, 0, 0, 0, ]
Ui:
[0, 36, 182, 182, 90, 261, 117, 30, 110, 42, 276, 153, 40, 94, 144, 46, 129, 213, 264, 160, 174, ]
Distance matrix:
|0	371	401	343	361	341	370	115	392	400	79	266	292	245	355	431	265	194	95	92	348	|
|371	0	37	141	110	250	117	438	67	131	372	305	115	238	247	255	235	296	392	430	185	|
|401	37	0	175	100	284	146	472	90	156	406	342	152	275	280	282	242	333	415	455	178	|
|343	141	175	0	239	110	38	374	95	60	314	182	67	130	106	127	318	201	397	423	303	|
|361	110	100	239	0	341	222	451	177	240	385	374	190	304	341	361	151	345	354	398	78	|
|341	250	284	110	341	0	143	337	203	151	289	102	152	97	15	95	394	156	415	431	398	|
|370	117	146	38	222	143	0	407	61	30	346	220	81	167	137	139	317	237	417	447	292	|
|115	438	472	374	451	337	407	0	443	434	66	241	339	251	351	431	374	181	201	177	450	|
|392	67	90	95	177	203	61	443	0	66	379	275	104	216	197	193	294	283	427	461	252	|
|400	131	156	60	240	151	30	434	66	0	374	237	112	189	142	127	344	261	448	477	312	|
|79	372	406	314	385	289	346	66	379	374	0	202	275	197	304	383	316	134	175	166	388	|
|266	305	342	182	374	102	220	241	275	237	202	0	191	70	117	196	386	73	352	359	415	|
|292	115	152	67	190	152	81	339	104	112	275	191	0	123	154	193	252	183	336	366	246	|
|245	238	275	130	304	97	167	251	216	189	197	70	123	0	110	187	322	72	319	334	346	|
|355	247	280	106	341	15	137	351	197	142	304	117	154	110	0	80	399	171	427	444	400	|
|431	255	282	127	361	95	139	431	193	127	383	196	193	187	80	0	444	251	499	519	429	|
|265	235	242	318	151	394	317	374	294	344	316	386	252	322	399	444	0	332	226	273	97	|
|194	296	333	201	345	156	237	181	283	261	134	73	183	72	171	251	332	0	279	286	375	|
|95	392	415	397	354	415	417	201	427	448	175	352	336	319	427	499	226	279	0	47	321	|
|92	430	455	423	398	431	447	177	461	477	166	359	366	334	444	519	273	286	47	0	368	|
|348	185	178	303	78	398	292	450	252	312	388	415	246	346	400	429	97	375	321	368	0	|

--------------------------------------------------------------------------------
Building model...
	using lazy and cut (CVRPSEP package)
Solving IRP LP...
--------------------------------------------------------------------------------

Gurobi 9.1.0 (linux64) logging started Sun Jan 10 13:14:59 2021

Gurobi Optimizer version 9.1.0 build v9.1.0rc0 (linux64)
Thread count: 32 physical cores, 32 logical processors, using up to 2 threads
Optimize a model with 1161 rows, 4665 columns and 12219 nonzeros
Model fingerprint: 0x09bd7869
Variable types: 507 continuous, 4158 integer (378 binary)
Coefficient statistics:
  Matrix range     [1e+00, 2e+06]
  Objective range  [1e-01, 5e+02]
  Bounds range     [1e+00, 3e+02]
  RHS range        [1e+01, 3e+03]
Presolve removed 178 rows and 99 columns
Presolve time: 0.06s
Presolved: 983 rows, 4566 columns, 11222 nonzeros
Variable types: 450 continuous, 4116 integer (3750 binary)

Root relaxation: objective 1.300110e+04, 1758 iterations, 0.05 seconds

    Nodes    |    Current Node    |     Objective Bounds      |     Work
 Expl Unexpl |  Obj  Depth IntInf | Incumbent    BestBd   Gap | It/Node Time

     0     0 13001.0950    0  200          - 13001.0950      -     -    0s
     0     0 13218.6403    0  193          - 13218.6403      -     -    0s
     0     0 13235.4825    0  188          - 13235.4825      -     -    0s
     0     0 13235.5968    0  194          - 13235.5968      -     -    0s
     0     0 13544.6563    0  253          - 13544.6563      -     -    0s
     0     0 13544.6563    0  204          - 13544.6563      -     -    1s
     0     0 13544.6563    0  183          - 13544.6563      -     -    1s
     0     0 13544.6563    0  277          - 13544.6563      -     -    1s
     0     0 13625.1877    0  289          - 13625.1877      -     -    1s
     0     0 13634.4535    0  300          - 13634.4535      -     -    1s
     0     0 13636.8961    0  309          - 13636.8961      -     -    1s
     0     0 13637.1990    0  288          - 13637.1990      -     -    1s
     0     0 13637.2058    0  296          - 13637.2058      -     -    1s
     0     0 13846.9398    0  335          - 13846.9398      -     -    1s
     0     0 13878.0619    0  375          - 13878.0619      -     -    2s
     0     0 13890.3587    0  348          - 13890.3587      -     -    2s
     0     0 13890.9695    0  361          - 13890.9695      -     -    2s
     0     0 14012.9690    0  382          - 14012.9690      -     -    2s
     0     0 14037.6833    0  381          - 14037.6833      -     -    2s
     0     0 14052.3003    0  390          - 14052.3003      -     -    3s
     0     0 14053.9834    0  439          - 14053.9834      -     -    4s
     0     0 14068.0662    0  410          - 14068.0662      -     -    4s
     0     0 14078.9590    0  393          - 14078.9590      -     -    4s
     0     0 14079.5479    0  408          - 14079.5479      -     -    4s
     0     0 14100.3625    0  362          - 14100.3625      -     -    4s
     0     0 14104.4397    0  379          - 14104.4397      -     -    4s
     0     0 14104.7255    0  382          - 14104.7255      -     -    4s
     0     0 14115.6653    0  411          - 14115.6653      -     -    4s
     0     0 14116.9647    0  436          - 14116.9647      -     -    4s
     0     0 14129.9637    0  414          - 14129.9637      -     -    5s
     0     0 14132.9137    0  472          - 14132.9137      -     -    5s
     0     2 14136.4166    0  468          - 14136.4166      -     -    6s
    33    40 14259.7766   11  414          - 14229.9233      -   831   10s
   116   128 14802.9722   40  174          - 14229.9233      -   545   15s
   334   334 19264.0490  143  127          - 14230.5113      -   288   20s
   520   554 14935.7651   15  470          - 14230.5113      -   248   25s
   705   658 15273.4820   36  332          - 14230.5113      -   211   30s
   747   687 14455.8818   12  496          - 14455.8818      -   212   35s
   791   716 15117.7909   15  638          - 14519.7700      -   200   40s
   853   758 15274.0980   37  610          - 14538.5527      -   186   45s
   885   780 15770.4430   78  601          - 14538.8606      -   211   50s
   912   802 14549.5687   35  503          - 14549.5687      -   248   55s
   946   823 14699.0193   44  456          - 14551.2080      -   270   60s
   989   853 14852.3112   55  485          - 14551.2080      -   291   65s
  1044   891 14979.4205   66  406          - 14551.2080      -   306   70s
  1086   925 15221.4737   74  397          - 14551.2080      -   322   75s
  1152   968 15233.3886   86  350          - 14551.2080      -   335   80s
  1243  1042 15836.5096  105  373          - 14551.2080      -   344   86s
  1357  1145 16290.5684  126  344          - 14551.2080      -   335   90s
  1637  1303 17010.3559  158  180          - 14551.2080      -   302   96s
  1827  1437 17857.4351  200  128          - 14551.2080      -   283  101s
  1956  1417 14853.9548   39  443          - 14565.1953      -   277  106s
  1978  1437 14933.5077   40  415          - 14565.1953      -   279  110s
  2046  1488 15295.4914   54  346          - 14565.1953      -   283  115s
  2114  1533 15601.0325   63  304          - 14565.1953      -   285  120s
  2221  1634 16352.3805   86  242          - 14565.1953      -   283  126s
  2337  1710 17752.1472  115  174          - 14565.1953      -   279  130s
  2597  1942 infeasible  172               - 14565.9393      -   264  137s
  2824  1899 14827.4805   35  504          - 14565.9393      -   249  140s
  2935  1929 15202.7491   48  366          - 14565.9393      -   249  146s
