




arguments: ./build/mirp_solver -f ./input/orig_exec_102.cfg
Current dir: /scratch/gui/bnc_mirp
File verbosity level: 9
date       time         ( uptime  ) [ thread name/id ]                   file:line     v| 
2021-01-09 21:37:59.427 (   0.061s) [main thread     ]             loguru.cpp:789   INFO| Logging to './output/vi_lex_full/OU/V3/Original/execution_09_01_2021_21_37_59.log', mode: 'a', verbosity: 9
--------------------------------------------------------------------------------
Parameters
                           instance_path           ./input/Instances/Original/3/
                            model_policy                                       1
                             nb_vehicles                                       3
                              output_dir    ./output/vi_lex_full/OU/V3/Original/
                            sec_strategy                                       1
                       solver_nb_threads                                       2
                         solver_show_log                                    true
                       solver_time_limit                                    3600
                              use_vi_cos                                   false
                              use_vi_cus                                   false
                         use_vi_hc1_full                                   false
                         use_vi_hc1_half                                   false
                      use_vi_hc1_quarter                                   false
                              use_vi_hc2                                   false
                              use_vi_hc3                                   false
                         use_vi_lex_full                                    true
                         use_vi_lex_half                                   false
                      use_vi_lex_quarter                                   false
                              use_vi_qua                                   false
                               use_vi_vc                                   false
                               use_vi_vr                                   false
--------------------------------------------------------------------------------
executing instance: ./input/Instances/Original/3/absH3low_2n5.dat
--------------------------------------------------------------------------------
Instance details
n	6
H	3
C	237
Li:
[0, 0, 0, 0, 0, 0, ]
Ui:
[0, 93, 180, 51, 114, 24, ]
Distance matrix:
|0	170	318	35	112	235	|
|170	0	311	205	258	301	|
|318	311	0	326	278	137	|
|35	205	326	0	89	230	|
|112	258	278	89	0	160	|
|235	301	137	230	160	0	|

--------------------------------------------------------------------------------
Building model...
	using lazy and cut (CVRPSEP package)
Solving IRP LP...
--------------------------------------------------------------------------------

Gurobi 9.1.0 (linux64) logging started Sat Jan  9 21:37:59 2021

Gurobi Optimizer version 9.1.0 build v9.1.0rc0 (linux64)
Thread count: 32 physical cores, 32 logical processors, using up to 2 threads
Optimize a model with 171 rows, 258 columns and 885 nonzeros
Model fingerprint: 0x577e08e8
Variable types: 69 continuous, 189 integer (54 binary)
Coefficient statistics:
  Matrix range     [1e+00, 2e+02]
  Objective range  [1e-02, 3e+02]
  Bounds range     [1e+00, 2e+02]
  RHS range        [1e+01, 5e+02]
Presolve removed 48 rows and 56 columns
Presolve time: 0.01s
Presolved: 123 rows, 202 columns, 643 nonzeros
Variable types: 45 continuous, 157 integer (115 binary)
Found heuristic solution: objective 2710.0400000
Found heuristic solution: objective 2523.8300000

Root relaxation: objective 7.192828e+02, 239 iterations, 0.01 seconds

    Nodes    |    Current Node    |     Objective Bounds      |     Work
 Expl Unexpl |  Obj  Depth IntInf | Incumbent    BestBd   Gap | It/Node Time

     0     0  719.28283    0   31 2523.83000  719.28283  71.5%     -    0s
H    0     0                    2253.1800000  719.28283  68.1%     -    0s
     0     0  965.47181    0   37 2253.18000  965.47181  57.2%     -    0s
H    0     0                    2223.3500000  965.47181  56.6%     -    0s
     0     0  966.22263    0   40 2223.35000  966.22263  56.5%     -    0s
     0     0 1360.87503    0   59 2223.35000 1360.87503  38.8%     -    0s
     0     0 1361.48611    0   63 2223.35000 1361.48611  38.8%     -    0s
     0     0 1361.49634    0   64 2223.35000 1361.49634  38.8%     -    0s
     0     0 1523.21024    0   61 2223.35000 1523.21024  31.5%     -    0s
H    0     0                    2167.8300000 1523.21024  29.7%     -    0s
     0     0 1526.36957    0   61 2167.83000 1526.36957  29.6%     -    0s
     0     0 1527.30290    0   60 2167.83000 1527.30290  29.5%     -    0s
     0     0 1527.30700    0   63 2167.83000 1527.30700  29.5%     -    0s
     0     0 1541.63302    0   72 2167.83000 1541.63302  28.9%     -    0s
H    0     0                    1789.0400000 1541.63302  13.8%     -    0s
     0     0 1541.75502    0   71 1789.04000 1541.75502  13.8%     -    0s
     0     0 1554.08404    0   50 1789.04000 1554.08404  13.1%     -    0s
     0     0 1554.24332    0   52 1789.04000 1554.24332  13.1%     -    0s
     0     0 1555.71065    0   46 1789.04000 1555.71065  13.0%     -    0s
     0     0 1555.71065    0   46 1789.04000 1555.71065  13.0%     -    0s
H    0     0                    1779.2100000 1555.71065  12.6%     -    0s
     0     0 1560.50072    0   23 1779.21000 1560.50072  12.3%     -    0s
     0     0 1560.50072    0   38 1779.21000 1560.50072  12.3%     -    0s
     0     0 1560.50072    0   40 1779.21000 1560.50072  12.3%     -    0s
     0     0 1560.50072    0   54 1779.21000 1560.50072  12.3%     -    0s
     0     0 1560.50072    0   56 1779.21000 1560.50072  12.3%     -    0s
     0     0 1565.75934    0   49 1779.21000 1565.75934  12.0%     -    0s
     0     0 1577.42713    0   42 1779.21000 1577.42713  11.3%     -    0s
     0     0 1578.12883    0   60 1779.21000 1578.12883  11.3%     -    0s
     0     0 1578.13834    0   60 1779.21000 1578.13834  11.3%     -    0s
     0     0 1595.99073    0   52 1779.21000 1595.99073  10.3%     -    0s
     0     0 1596.27514    0   54 1779.21000 1596.27514  10.3%     -    0s
     0     0 1616.53642    0   58 1779.21000 1616.53642  9.14%     -    0s
     0     0 1620.19323    0   51 1779.21000 1620.19323  8.94%     -    0s
     0     0 1632.62440    0   57 1779.21000 1632.62440  8.24%     -    0s
     0     0 1635.98347    0   53 1779.21000 1635.98347  8.05%     -    0s
     0     0 1639.70124    0   52 1779.21000 1639.70124  7.84%     -    0s
H    0     0                    1779.0400000 1639.70124  7.83%     -    0s
H    0     0                    1778.6600000 1639.70124  7.81%     -    0s
     0     0 1639.73649    0   52 1778.66000 1639.73649  7.81%     -    0s
     0     0 1641.30694    0   48 1778.66000 1641.30694  7.72%     -    0s
     0     0 1650.52746    0   33 1778.66000 1650.52746  7.20%     -    0s
     0     0 1650.52746    0   33 1778.66000 1650.52746  7.20%     -    0s
     0     0 1650.52746    0   18 1778.66000 1650.52746  7.20%     -    0s
     0     0 1650.52746    0   36 1778.66000 1650.52746  7.20%     -    0s
     0     0 1650.52746    0   43 1778.66000 1650.52746  7.20%     -    0s
     0     0 1650.52746    0   37 1778.66000 1650.52746  7.20%     -    0s
     0     0 1650.52746    0   35 1778.66000 1650.52746  7.20%     -    0s
     0     0 1650.52746    0   36 1778.66000 1650.52746  7.20%     -    0s
     0     0 1653.70495    0   47 1778.66000 1653.70495  7.03%     -    0s
     0     0 1653.93904    0   46 1778.66000 1653.93904  7.01%     -    0s
     0     0 1655.04449    0   47 1778.66000 1655.04449  6.95%     -    0s
     0     0 1655.04449    0   41 1778.66000 1655.04449  6.95%     -    0s
H    0     0                    1720.8300000 1655.04449  3.82%     -    0s
     0     0 1655.04449    0   13 1720.83000 1655.04449  3.82%     -    0s
     0     0 1655.04449    0   29 1720.83000 1655.04449  3.82%     -    0s
     0     0 1655.04449    0   31 1720.83000 1655.04449  3.82%     -    0s
     0     0 1655.04449    0   33 1720.83000 1655.04449  3.82%     -    0s
     0     0 1655.04449    0   33 1720.83000 1655.04449  3.82%     -    0s
     0     0 1658.61998    0   30 1720.83000 1658.61998  3.62%     -    0s
     0     0 1658.72695    0   35 1720.83000 1658.72695  3.61%     -    0s
     0     0 1659.13958    0   35 1720.83000 1659.13958  3.58%     -    0s
     0     0 1688.28955    0   27 1720.83000 1688.28955  1.89%     -    0s
     0     0 1688.28955    0   27 1720.83000 1688.28955  1.89%     -    0s

Explored 1 nodes (1654 simplex iterations) in 0.33 seconds
Thread count was 2 (of 32 available processors)

Solution count 10: 1720.83 1778.66 1779.04 ... 2710.04

Optimal solution found (tolerance 1.00e-04)
Best objective 1.720830000000e+03, best bound 1.720830000000e+03, gap 0.0000%

User-callback calls 489, time in user-callback 0.02 sec
================================================================================
executing instance: ./input/Instances/Original/3/absH3high_5n30.dat
--------------------------------------------------------------------------------
Instance details
n	31
H	3
C	2296
Li:
[0, 0, 0, 0, 0, 0, 0, 0, 0, 0, 0, 0, 0, 0, 0, 0, 0, 0, 0, 0, 0, 0, 0, 0, 0, 0, 0, 0, 0, 0, 0, ]
Ui:
[0, 80, 90, 297, 28, 264, 123, 192, 112, 32, 72, 88, 294, 129, 126, 105, 110, 237, 246, 92, 72, 147, 54, 96, 128, 96, 84, 28, 74, 196, 192, ]
Distance matrix:
|0	87	302	65	389	171	219	120	412	339	129	63	169	401	383	158	393	161	246	275	64	287	345	235	13	274	106	201	85	358	135	|
|87	0	334	128	402	212	301	204	465	384	187	145	232	424	454	238	475	245	289	352	80	307	352	321	81	352	20	261	170	376	215	|
|302	334	0	239	113	132	237	334	157	70	404	263	162	105	227	229	339	251	65	217	259	53	107	352	293	220	339	134	270	75	235	|
|65	128	239	0	330	107	175	130	348	275	174	40	107	339	326	114	351	125	181	224	58	228	290	222	58	224	143	138	65	297	92	|
|389	402	113	330	0	226	349	438	210	151	502	360	269	48	316	339	441	362	175	328	335	102	55	465	377	330	401	245	371	37	342	|
|171	212	132	107	226	0	169	214	253	173	276	134	64	233	261	130	326	153	77	188	133	125	192	264	162	190	220	68	145	193	125	|
|219	301	237	175	349	169	0	157	257	223	244	157	105	334	180	62	175	61	177	63	233	264	334	118	221	61	317	112	136	312	85	|
|120	204	334	130	438	214	157	0	402	348	88	90	173	438	336	115	307	100	269	220	172	338	406	122	130	218	224	204	69	403	101	|
|412	465	157	348	210	253	257	402	0	88	486	359	245	166	129	287	266	303	178	204	386	208	239	370	406	207	473	212	354	187	304	|
|339	384	70	275	151	173	223	348	88	0	427	291	179	120	166	234	290	254	96	187	306	123	166	342	332	190	391	145	291	119	247	|
|129	187	404	174	502	276	244	88	486	427	0	142	248	508	424	200	390	187	342	308	193	400	464	192	142	306	207	281	136	469	182	|
|63	145	263	40	360	134	157	90	359	291	142	0	114	366	321	95	331	99	202	212	90	258	323	186	65	211	163	148	27	327	72	|
|169	232	162	107	269	64	105	173	245	179	248	114	0	266	222	71	268	94	97	131	155	173	244	203	164	132	245	34	113	233	73	|
|401	424	105	339	48	233	334	438	166	120	508	366	266	0	280	332	409	355	169	305	353	117	96	452	391	308	425	237	374	49	339	|
|383	454	227	326	316	261	180	336	129	166	424	321	222	280	0	231	137	238	208	116	376	277	331	272	381	118	467	197	307	285	253	|
|158	238	229	114	339	130	62	115	287	234	200	95	71	332	231	0	238	23	164	118	171	243	314	134	159	117	255	95	77	302	23	|
|393	475	339	351	441	326	175	307	266	290	390	331	268	409	137	238	0	232	300	138	408	383	445	204	395	136	492	258	308	406	260	|
|161	245	251	125	362	153	61	100	303	254	187	99	94	355	238	23	232	0	187	123	183	267	338	111	164	121	262	117	77	325	34	|
|246	289	65	181	175	77	177	269	178	96	342	202	97	169	208	164	300	187	0	168	210	87	157	290	238	171	296	70	206	138	170	|
|275	352	217	224	328	188	63	220	204	187	308	212	131	305	116	118	138	123	168	0	279	255	322	166	275	3	367	120	195	291	141	|
|64	80	259	58	335	133	233	172	386	306	193	90	155	353	376	171	408	183	210	279	0	236	289	276	51	279	90	182	117	307	150	|
|287	307	53	228	102	125	264	338	208	123	400	258	173	117	277	243	383	267	87	255	236	0	71	374	276	257	308	153	270	71	245	|
|345	352	107	290	55	192	334	406	239	166	464	323	244	96	331	314	445	338	157	322	289	71	0	445	334	325	350	224	337	54	315	|
|235	321	352	222	465	264	118	122	370	342	192	186	203	452	272	134	204	111	290	166	276	374	445	0	243	164	341	221	159	428	142	|
|13	81	293	58	377	162	221	130	406	332	142	65	164	391	381	159	395	164	238	275	51	276	334	243	0	274	100	196	89	347	136	|
|274	352	220	224	330	190	61	218	207	190	306	211	132	308	118	117	136	121	171	3	279	257	325	164	274	0	367	122	194	294	140	|
|106	20	339	143	401	220	317	224	473	391	207	163	245	425	467	255	492	262	296	367	90	308	350	341	100	367	0	272	188	377	232	|
|201	261	134	138	245	68	112	204	212	145	281	148	34	237	197	95	258	117	70	120	182	153	224	221	196	122	272	0	146	208	103	|
|85	170	270	65	371	145	136	69	354	291	136	27	113	374	307	77	308	77	206	195	117	270	337	159	89	194	188	146	0	337	54	|
|358	376	75	297	37	193	312	403	187	119	469	327	233	49	285	302	406	325	138	291	307	71	54	428	347	294	377	208	337	0	306	|
|135	215	235	92	342	125	85	101	304	247	182	72	73	339	253	23	260	34	170	141	150	245	315	142	136	140	232	103	54	306	0	|

--------------------------------------------------------------------------------
Building model...
	using lazy and cut (CVRPSEP package)
Solving IRP LP...
--------------------------------------------------------------------------------

Gurobi 9.1.0 (linux64) logging started Sat Jan  9 21:38:00 2021

Gurobi Optimizer version 9.1.0 build v9.1.0rc0 (linux64)
Thread count: 32 physical cores, 32 logical processors, using up to 2 threads
Optimize a model with 871 rows, 4858 columns and 11860 nonzeros
Model fingerprint: 0x260f5e42
Variable types: 394 continuous, 4464 integer (279 binary)
Coefficient statistics:
  Matrix range     [1e+00, 2e+09]
  Objective range  [1e-01, 5e+02]
  Bounds range     [1e+00, 3e+02]
  RHS range        [1e+01, 4e+03]
Warning: Model contains large matrix coefficients
         Consider reformulating model or setting NumericFocus parameter
         to avoid numerical issues.
Presolve removed 170 rows and 107 columns
Presolve time: 0.07s
Presolved: 701 rows, 4751 columns, 10998 nonzeros
Variable types: 303 continuous, 4448 integer (4163 binary)

Root relaxation: objective 8.913816e+03, 970 iterations, 0.02 seconds

    Nodes    |    Current Node    |     Objective Bounds      |     Work
 Expl Unexpl |  Obj  Depth IntInf | Incumbent    BestBd   Gap | It/Node Time

     0     0 8913.81602    0   99          - 8913.81602      -     -    0s
     0     0 9254.50028    0  107          - 9254.50028      -     -    0s
     0     0 9271.40265    0  123          - 9271.40265      -     -    0s
     0     0 9547.66925    0  182          - 9547.66925      -     -    0s
     0     0 9692.28337    0  168          - 9692.28337      -     -    0s
     0     0 9692.64014    0  176          - 9692.64014      -     -    0s
     0     0 9855.93638    0  225          - 9855.93638      -     -    0s
     0     0 9858.40261    0  204          - 9858.40261      -     -    0s
     0     0 9858.54885    0  222          - 9858.54885      -     -    0s
     0     0 9885.12205    0  197          - 9885.12205      -     -    0s
     0     0 9891.86037    0  210          - 9891.86037      -     -    0s
     0     0 9894.36934    0  241          - 9894.36934      -     -    0s
     0     0 9894.44900    0  240          - 9894.44900      -     -    0s
     0     0 9904.94318    0  220          - 9904.94318      -     -    1s
     0     0 9908.65981    0  294          - 9908.65981      -     -    1s
     0     0 9910.43097    0  293          - 9910.43097      -     -    1s
     0     0 9910.73117    0  282          - 9910.73117      -     -    1s
     0     0 9916.77896    0  250          - 9916.77896      -     -    1s
     0     0 9917.35504    0  258          - 9917.35504      -     -    1s
     0     2 9919.65755    0  189          - 9919.65755      -     -    1s
   252   278 12168.0380   99   31          - 9930.57933      -  91.6    5s
   640   602 10384.6300   32   11          - 9931.43434      -  81.6   10s
   774   702 10885.5375   56  288          - 10008.3487      -  83.6   15s
   811   727 10345.9129   36  358          - 10042.1736      -  79.8   20s
H  812   689                    13317.670000 10042.3858  24.6%  79.7   20s
H  830   665                    13256.670000 10049.1506  24.2%  77.9   24s
   833   667 12396.0930  105  373 13256.6700 10049.2253  24.2%  77.7   25s
   857   686 10126.2201   32  189 13256.6700 10061.4179  24.1%  92.9   30s
   929   738 10285.0788   47  184 13256.6700 10061.4179  24.1%   107   35s
H  948   711                    13246.670000 10061.4179  24.0%   109   36s
  1009   753 10705.5649   63   92 13246.6700 10061.4179  24.0%   115   40s
  1098   838 11067.7741   83   62 13246.6700 10061.4179  24.0%   118   45s
  1188   894 11364.3192  109   94 13246.6700 10061.4179  24.0%   117   50s
  1356  1020 11773.9518  156   60 13246.6700 10061.4179  24.0%   115   55s
  1448  1081 11843.7258  184  103 13246.6700 10061.4179  24.0%   114   60s
  1647  1220 13238.0984  246   14 13246.6700 10061.4179  24.0%   110   65s
  1855  1322 10169.6987   34  296 13246.6700 10064.7489  24.0%   108   70s
  1959  1373 10212.0507   40  335 13246.6700 10064.7489  24.0%   107   78s
  1980  1421 10254.5916   42  337 13246.6700 10064.7489  24.0%   107   80s
  2139  1428 10386.6352   53  292 13246.6700 10064.7489  24.0%   106   86s
  2178  1462 10443.3166   63  229 13246.6700 10064.7489  24.0%   110   90s
  2225  1510 10532.5974   77  205 13246.6700 10064.7489  24.0%   113   95s
  2370  1626 10663.7228  103   87 13246.6700 10064.7489  24.0%   114  101s
  2444  1673 10796.0540  114   59 13246.6700 10064.7489  24.0%   114  105s
  2583  1855 11037.1196  157  134 13246.6700 10064.7489  24.0%   113  110s
  2870  1997 11244.0289  207   91 13246.6700 10064.7489  24.0%   109  116s
  2992  2034 10435.2002   32  208 13246.6700 10087.1578  23.9%   109  121s
  3054  2174 10569.8635   53  186 13246.6700 10087.1578  23.9%   112  126s
  3340  2406 11195.8007  103   94 13246.6700 10087.1578  23.9%   109  132s
  3409  2669 11457.0445  132   29 13246.6700 10087.1578  23.9%   110  135s
  3756  2739 11784.1708  104   32 13246.6700 10097.7589  23.8%   104  140s
  3991  3043 12641.7283  205   63 13246.6700 10101.9613  23.7%   102  147s
  4146  3126 10425.7442   36  127 13246.6700 10126.2252  23.6%   101  150s
  4218  3306 10859.7248   51  124 13246.6700 10126.2252  23.6%   102  155s
  4526  3540 11289.3385  147   62 13246.6700 10131.7334  23.5%   102  163s
  4685  3684 13072.5800  202    - 13246.6700 10131.7519  23.5%   101  167s
  4848  3809     cutoff  202      13246.6700 10140.6087  23.4%   101  173s
  5002  3839 infeasible  199      13246.6700 10145.4201  23.4%   101  177s
  5034  3908 10501.1164   41   99 13246.6700 10148.6064  23.4%   102  181s
  5113  4125 10838.3686   69  122 13246.6700 10160.3190  23.3%   104  186s
  5421  4256 10455.2416   40  199 13246.6700 10161.1314  23.3%   101  191s
  5521  4558 10682.0511   59  104 13246.6700 10161.1314  23.3%   101  196s
  5871  4648 12002.0276  118   18 13246.6700 10171.2104  23.2%  98.9  204s
  5995  4806 infeasible  178      13246.6700 10176.7211  23.2%  98.9  209s
  6174  4930 11048.4253   74   58 13246.6700 10177.5556  23.2%  98.6  214s
  6322  5082 10790.5574   50  191 13246.6700 10178.6597  23.2%  98.4  219s
  6434  5088 12684.2900  150    7 13246.6700 10178.6597  23.2%  97.6  220s
  6637  5466 10652.0726   52   57 13246.6700 10179.9128  23.2%  98.4  230s
  6919  5766 11756.5474  110   74 13246.6700 10182.2156  23.1%  97.1  238s
  7290  5861 12442.5007  116   40 13246.6700 10182.5126  23.1%  93.7  244s
  7400  5999 13055.4500  134   24 13246.6700 10182.8657  23.1%  94.7  250s
  7573  6220 10534.3335   39  227 13246.6700 10183.4880  23.1%  94.9  257s
  7805  6350 infeasible  101      13246.6700 10183.5006  23.1%  94.7  263s
  7956  6486 11192.1597   63  110 13246.6700 10191.0240  23.1%  95.3  268s
  8112  6684 10423.6389   40  248 13246.6700 10191.5366  23.1%  95.8  274s
  8149  6684 10854.5478   62  201 13246.6700 10191.5366  23.1%  96.2  275s
  8310  6942 11056.8803   66  159 13246.6700 10194.3232  23.0%  95.7  282s
  8653  7030 infeasible  188      13246.6700 10201.2015  23.0%  94.4  288s
  8730  7154 11264.1875   70   97 13246.6700 10201.4112  23.0%  95.4  294s
  8909  7234 10510.5355   47  188 13246.6700 10204.5023  23.0%  94.7  300s
  8997  7479 11769.6591  108   43 13246.6700 10208.9452  22.9%  95.1  305s
  9313  7539 11068.9469  116   25 13246.6700 10210.3190  22.9%  93.9  311s
  9359  7730 10531.6356   50  222 13246.6700 10210.3190  22.9%  94.7  318s
  9593  7908 10879.0639   69  111 13246.6700 10210.3190  22.9%  94.5  325s
  9766  8158 11329.8675  119   36 13246.6700 10210.3190  22.9%  94.9  333s
 10055  8277 13028.7300  236    - 13246.6700 10213.8820  22.9%  93.8  340s
 10237  8445 13099.2100  250    - 13246.6700 10216.0922  22.9%  93.8  347s
 10446  8610 infeasible  250      13246.6700 10217.1072  22.9%  93.6  353s
 10619  8717 10655.2886   44  126 13246.6700 10218.8853  22.9%  93.7  359s
 10725  9128 11250.9227   89  100 13246.6700 10218.9167  22.9%  94.5  366s
 11229  9258     cutoff  209      13246.6700 10220.5723  22.8%  92.2  374s
 11375  9448 12822.4650   98   75 13246.6700 10223.8188  22.8%  92.6  379s
 11538  9448 13070.3496  204   33 13246.6700 10224.2485  22.8%  92.1  380s
 11588  9607 10766.7923   56  189 13246.6700 10224.2485  22.8%  92.3  385s
 11776  9657 12668.2976  115   28 13246.6700 10231.3087  22.8%  92.3  390s
 11846  9735     cutoff  125      13246.6700 10231.8612  22.8%  93.0  395s
 11928  9979 11598.4803   89   69 13246.6700 10235.1039  22.7%  93.7  402s
 12223 10151     cutoff  134      13246.6700 10235.1039  22.7%  93.2  409s
 12433 10245 12544.7646  113   58 13246.6700 10238.1896  22.7%  93.0  414s
 12535 10359 13194.5205  151   22 13246.6700 10239.7585  22.7%  93.4  420s
 12672 10581 10615.5246   51  310 13246.6700 10240.3646  22.7%  93.8  427s
 12922 10918 11017.4135   80  135 13246.6700 10241.0266  22.7%  93.4  434s
 13144 10918 12029.6108  193   16 13246.6700 10241.0266  22.7%  92.4  435s
 13287 11019     cutoff  239      13246.6700 10241.5190  22.7%  92.2  440s
 13415 11132 11473.8977   73  144 13246.6700 10242.7260  22.7%  92.6  445s
*13503 10791             179    13051.780000 10243.2269  21.5%  92.6  446s
*13506 10787             177    13047.780000 10243.2269  21.5%  92.6  446s
 13541 10801     cutoff  135      13047.7800 10243.3425  21.5%  92.9  452s
H13542 10754                    13018.780000 10243.3425  21.3%  92.9  452s
H13543  9546                    12546.150000 10243.3425  18.4%  93.0  452s
 13567  9599 10653.7949   50  287 12546.1500 10246.4938  18.3%  93.3  459s
 13620  9765 11753.5977   84   59 12546.1500 10247.6047  18.3%  93.7  465s
 13839  9914 10949.7341   56  173 12546.1500 10249.6223  18.3%  93.5  471s
 13999 10000     cutoff  120      12546.1500 10250.4083  18.3%  93.5  477s
 14106 10129 10759.0715   46   56 12546.1500 10251.1932  18.3%  94.0  484s
 14268 10265     cutoff   91      12546.1500 10253.8935  18.3%  94.0  490s
 14408 10349 11442.3860   89   14 12546.1500 10254.7258  18.3%  94.4  497s
 14535 10518 12494.6975  146   14 12546.1500 10256.5677  18.2%  94.5  503s
 14724 10653 infeasible  150      12546.1500 10256.7743  18.2%  94.4  509s
 14865 10747 11436.4590   75   55 12546.1500 10259.3360  18.2%  94.4  515s
 14997 10869     cutoff  128      12546.1500 10261.3425  18.2%  94.6  521s
 15146 10986 12022.6100  137    - 12546.1500 10267.6107  18.2%  94.7  527s
 15276 11094 12215.6100  138    - 12546.1500 10268.1597  18.2%  94.9  533s
*15278  9441             137    12087.610000 10268.1597  15.1%  94.9  533s
*15279  9432             137    12085.190000 10268.1597  15.0%  94.9  533s
 15405  9548     cutoff  138      12085.1900 10269.1227  15.0%  95.2  539s
*15407  9501             135    12072.610000 10269.1227  14.9%  95.2  539s
 15541  9625 10936.4940   70  200 12072.6100 10271.3195  14.9%  95.3  545s
 15706  9754 10786.8519   47  191 12072.6100 10274.3672  14.9%  95.3  551s
 15863  9855     cutoff  105      12072.6100 10276.1056  14.9%  95.3  557s
 15977  9999 10926.6860   56  223 12072.6100 10277.8505  14.9%  95.6  563s
 16171 10112 10720.7987   36  207 12072.6100 10277.8905  14.9%  95.4  570s
 16278 10253 11170.4650   58   23 12072.6100 10278.0288  14.9%  95.9  576s
 16466 10353 10599.1356   43  149 12072.6100 10280.9617  14.8%  95.9  583s
 16580 10549 11221.0897   96   39 12072.6100 10281.1901  14.8%  96.2  590s
 16795 10592 12027.7606  116   39 12072.6100 10281.9865  14.8%  96.0  596s
 16855 10750 10972.6918   59  158 12072.6100 10282.7694  14.8%  96.4  602s
 17065 10818 11081.5433   47   51 12072.6100 10282.9600  14.8%  96.3  608s
 17189 10881     cutoff   79      12072.6100 10283.3209  14.8%  96.5  614s
 17211 10881 10953.0540   65  150 12072.6100 10283.5967  14.8%  96.8  615s
 17256 10994 10883.0413   60  213 12072.6100 10283.6022  14.8%  96.9  621s
 17405 11068 10696.4192   39  167 12072.6100 10284.3546  14.8%  96.8  627s
 17493 11199 10457.8602   46  255 12072.6100 10284.6948  14.8%  97.2  633s
H17644  7691                    11420.290000 10284.6948  9.94%  97.1  639s
 17733  7737 11099.5729   67   89 11420.2900 10286.3731  9.93%  97.4  644s
 17776  7737 11014.3803   43  151 11420.2900 10286.3731  9.93%  97.6  645s
 17826  7788 11147.5246   52  163 11420.2900 10287.4808  9.92%  97.8  650s
 17907  7858 10926.5848   44  189 11420.2900 10288.4144  9.91%  98.1  656s
 17999  7992 10584.9079   46  155 11420.2900 10290.3896  9.89%  98.4  663s
 18162  8047     cutoff   96      11420.2900 10291.0852  9.89%  98.3  669s
 18223  8101 10819.1372   53  249 11420.2900 10291.8983  9.88%  98.7  675s
 18297  8192 10391.8734   33  315 11420.2900 10292.1408  9.88%  99.1  681s
H18407  7572                    11317.810000 10292.1423  9.06%  99.4  686s
 18474  7607 11094.1023   57  191 11317.8100 10292.1423  9.06%   100  694s
 18509  7719 11094.1490   58  190 11317.8100 10292.8435  9.06%   100  700s
 18658  7788 10815.3832   47  225 11317.8100 10293.5293  9.05%   100  706s
 18747  7851 10769.0102   45  240 11317.8100 10294.5693  9.04%   100  712s
 18841  7922 10665.2972   43  247 11317.8100 10296.0170  9.03%   101  718s
H18949  7044                    11197.810000 10296.7080  8.05%   101  725s
 18998  7143 10631.8355   45   81 11197.8100 10297.3158  8.04%   102  731s
 19149  7218     cutoff   78      11197.8100 10299.7197  8.02%   102  738s
 19235  7318 10440.8519   40  177 11197.8100 10299.8806  8.02%   102  744s
 19353  7409 11033.5629   72   12 11197.8100 10302.7743  7.99%   103  750s
 19473  7477     cutoff  102      11197.8100 10303.4259  7.99%   103  757s
 19568  7536 infeasible   76      11197.8100 10304.0534  7.98%   103  763s
 19633  7648 10751.8740   67  156 11197.8100 10305.2530  7.97%   104  769s
 19761  7648 10842.3124   55  204 11197.8100 10305.8927  7.97%   104  770s
 19765  7686 10910.4323   62  119 11197.8100 10306.0135  7.96%   104  776s
 19823  7760 10726.5859   42  202 11197.8100 10306.4879  7.96%   104  783s
 19899  7869 11011.3809   70   39 11197.8100 10306.6415  7.96%   105  790s
 20062  7981     cutoff   87      11197.8100 10306.7101  7.96%   105  798s
 20256  8054     cutoff   74      11197.8100 10307.4308  7.95%   105  804s
 20337  8121 11137.6755   69   80 11197.8100 10307.6277  7.95%   105  810s
 20426  8168     cutoff   78      11197.8100 10308.0106  7.95%   105  816s
 20482  8243 11021.3014   71   56 11197.8100 10308.5880  7.94%   106  822s
 20579  8319     cutoff   76      11197.8100 10309.5316  7.93%   106  830s
 20683  8376     cutoff   75      11197.8100 10309.9356  7.93%   106  836s
 20749  8427 10781.7625   44  160 11197.8100 10310.0138  7.93%   107  842s
 20818  8481     cutoff   64      11197.8100 10310.3120  7.93%   107  850s
 20910  8531 11055.6534   57  245 11197.8100 10311.0061  7.92%   108  857s
 20985  8605 10736.9176   52  242 11197.8100 10311.3631  7.92%   108  863s
 21113  8673 10507.6450   42  192 11197.8100 10312.4174  7.91%   108  870s
 21197  8823 10580.9606   40  239 11197.8100 10314.6560  7.89%   109  879s
 21389  8892 10929.8878   51  163 11197.8100 10315.4681  7.88%   109  886s
 21463  8985 10889.4406   63   73 11197.8100 10316.3019  7.87%   109  893s
 21601  9047 11072.1133   64   71 11197.8100 10318.7285  7.85%   109  899s
 21707  9119     cutoff   71      11197.8100 10321.1115  7.83%   109  906s
 21814  9189 infeasible   78      11197.8100 10322.0933  7.82%   110  913s
 21904  9243 10432.9597   43  345 11197.8100 10322.4637  7.82%   110  920s
H21941  8990                    11167.980000 10322.4637  7.57%   110  920s
 21978  9053 11067.5991   77  140 11167.9800 10323.1256  7.56%   110  927s
 22065  9124 10483.8662   36  267 11167.9800 10323.4921  7.56%   111  934s
 22145  9214 10758.2199   55  191 11167.9800 10323.8275  7.56%   111  941s
 22256  9247 10636.0887   50  226 11167.9800 10324.1891  7.56%   111  948s
 22311  9320 10691.0392   41  250 11167.9800 10324.2348  7.56%   112  955s
 22396  9357 11145.2374   64  107 11167.9800 10324.8079  7.55%   112  962s
 22474  9467 10656.2280   45  138 11167.9800 10325.1002  7.55%   113  970s
 22615  9540 10788.0291   42  219 11167.9800 10326.0102  7.54%   113  976s
 22721  9596 10747.6962   64  231 11167.9800 10326.6840  7.53%   113  983s
 22794  9653 10660.1646   53  213 11167.9800 10327.0424  7.53%   113  989s
 22871  9757 10838.3870   46  158 11167.9800 10327.4253  7.53%   114  997s
 23029  9826 10631.5934   51  106 11167.9800 10328.1972  7.52%   114 1005s
 23112  9908     cutoff   90      11167.9800 10328.3372  7.52%   114 1012s
 23228  9974 10493.8201   33  318 11167.9800 10329.0722  7.51%   114 1019s
 23269  9979 10584.8794   42  106 11167.9800 10329.0722  7.51%   114 1020s
 23325 10087     cutoff   53      11167.9800 10331.2777  7.49%   114 1028s
 23474 10143     cutoff   52      11167.9800 10331.7011  7.49%   114 1035s
 23542 10253 10618.2883   51  191 11167.9800 10332.7210  7.48%   115 1044s
 23705 10350 10488.9632   42  286 11167.9800 10333.4091  7.47%   115 1052s
 23831 10413     cutoff   86      11167.9800 10334.2143  7.47%   115 1059s
 23914 10413 11154.7738   80    4 11167.9800 10335.6272  7.45%   115 1060s
 23925 10490 10573.3119   44  250 11167.9800 10335.6340  7.45%   115 1066s
 24039 10565 10585.9767   40  287 11167.9800 10336.1596  7.45%   115 1074s
 24126 10629     cutoff   79      11167.9800 10336.5580  7.44%   116 1081s
 24247 10720 10502.6617   44  268 11167.9800 10337.5413  7.44%   116 1089s
 24289 10720 10977.5895   59  171 11167.9800 10337.5539  7.44%   116 1090s
 24363 10783 10640.8906   44  263 11167.9800 10337.9128  7.43%   116 1098s
 24448 10860     cutoff   71      11167.9800 10338.8564  7.42%   117 1105s
 24539 10920 11010.7043   74  112 11167.9800 10339.5663  7.42%   117 1112s
 24629 11033 10787.5328   38  186 11167.9800 10340.1481  7.41%   117 1124s
 24771 11084 10811.3418   50  153 11167.9800 10341.8969  7.40%   117 1132s
 24840 11172 11019.0011   59  154 11167.9800 10342.9731  7.39%   118 1140s
 24963 11214 10689.4404   35  326 11167.9800 10344.0731  7.38%   118 1147s
 25032 11306 10700.8632   46  270 11167.9800 10344.1465  7.38%   118 1155s
 25151 11336 11067.6374   46  165 11167.9800 10344.5228  7.37%   119 1163s
 25204 11386 10753.0615   47  235 11167.9800 10345.2465  7.37%   119 1170s
 25296 11452 10469.9128   48  327 11167.9800 10345.2873  7.37%   120 1177s
 25390 11512 10714.9610   49  243 11167.9800 10345.7021  7.36%   120 1185s
 25476 11615 10811.2566   56  134 11167.9800 10345.9257  7.36%   120 1193s
 25621 11669 10648.6080   38  253 11167.9800 10347.2303  7.35%   120 1201s
 25695 11789 10641.1589   55  208 11167.9800 10347.6919  7.34%   121 1209s
 25837 11859 11026.5740   62  164 11167.9800 10348.1287  7.34%   121 1217s
 25947 11915 10486.0116   39  270 11167.9800 10348.9676  7.33%   121 1226s
 26048 12021 10762.2495   60  259 11167.9800 10349.0735  7.33%   122 1234s
 26178 12094 10882.3441   79  119 11167.9800 10349.1629  7.33%   122 1242s
 26283 12202 10865.8490   63   73 11167.9800 10350.2680  7.32%   122 1251s
 26426 12270 infeasible   98      11167.9800 10350.5743  7.32%   122 1260s
 26511 12371 10895.1486   55   60 11167.9800 10350.7641  7.32%   123 1273s
 26688 12468     cutoff   97      11167.9800 10351.6699  7.31%   123 1281s
 26791 12548 10637.1138   35  306 11167.9800 10352.2810  7.30%   123 1291s
 26886 12600 10773.1254   45  220 11167.9800 10352.5879  7.30%   123 1299s
 26921 12600 11106.2023   77  129 11167.9800 10352.6067  7.30%   124 1300s
 26953 12659 11045.4930   41  193 11167.9800 10352.6576  7.30%   124 1308s
 27042 12747 10998.8020   52   59 11167.9800 10352.7354  7.30%   124 1316s
 27178 12803 11155.2569   81   77 11167.9800 10353.3266  7.29%   124 1324s
 27264 12879 11113.8276   61  132 11167.9800 10353.7283  7.29%   125 1332s
 27375 12932 10509.5070   44  326 11167.9800 10354.7814  7.28%   125 1340s
 27440 13119 10771.3602   54  195 11167.9800 10354.7814  7.28%   125 1350s
 27662 13175 11063.9137  103   37 11167.9800 10355.3052  7.28%   125 1359s
 27777 13252     cutoff   74      11167.9800 10357.4006  7.26%   125 1367s
 27871 13363 10890.4383   72  156 11167.9800 10358.6096  7.25%   126 1377s
 28022 13434     cutoff   82      11167.9800 10359.0274  7.24%   126 1386s
 28116 13489 10639.3600   45  318 11167.9800 10359.6473  7.24%   126 1395s
 28187 13546 11100.5416   51   99 11167.9800 10360.1657  7.23%   126 1404s
 28276 13623 10680.0997   42  204 11167.9800 10360.1856  7.23%   127 1413s
 28373 13710 11026.1016   62   37 11167.9800 10360.7933  7.23%   127 1422s
 28501 13825 10897.1190   71   78 11167.9800 10361.4217  7.22%   127 1431s
 28645 13896     cutoff   68      11167.9800 10363.0648  7.21%   128 1441s
H28744 13814                    11158.630000 10363.9447  7.12%   128 1455s
 28746 13868 10651.3425   40  237 11158.6300 10364.0276  7.12%   128 1463s
 28830 13931 10737.8287   48  226 11158.6300 10364.2305  7.12%   128 1472s
 28929 14011 10727.8403   55   90 11158.6300 10364.3951  7.12%   129 1482s
 29043 14094 10648.4898   37  201 11158.6300 10365.0498  7.11%   129 1492s
 29164 14195 10939.9554   69   53 11158.6300 10365.3721  7.11%   129 1502s
 29296 14254 10649.2341   49  289 11158.6300 10366.0565  7.10%   129 1512s
 29388 14319 10527.2357   50  299 11158.6300 10366.3398  7.10%   130 1522s
 29475 14396 11123.1454   57   99 11158.6300 10367.6382  7.09%   130 1533s
 29599 14502 10592.5542   54  222 11158.6300 10369.3389  7.07%   130 1544s
H29684 14340                    11145.190000 10369.3389  6.96%   130 1544s
 29733 14458 10919.9633   40  189 11145.1900 10370.0607  6.95%   130 1555s
 29890 14570 10935.2583   59  138 11145.1900 10370.9336  6.95%   130 1566s
 30065 14648     cutoff   81      11145.1900 10371.9285  6.94%   130 1575s
 30165 14755 10986.4703   67  190 11145.1900 10372.3163  6.93%   131 1586s
 30320 14943 10590.6984   38  136 11145.1900 10372.9181  6.93%   131 1598s
 30574 15044     cutoff   88      11145.1900 10374.1848  6.92%   130 1609s
 30695 15137 10754.4591   36  252 11145.1900 10374.5576  6.91%   131 1619s
 30837 15188 10549.0483   51  333 11145.1900 10374.7928  6.91%   131 1629s
 30913 15296 11026.8893   40  171 11145.1900 10374.9506  6.91%   131 1639s
 30984 15296 11008.6234   46  132 11145.1900 10375.0909  6.91%   131 1640s
 31086 15367 10979.2138   67  152 11145.1900 10376.4666  6.90%   131 1650s
 31215 15439 10970.7773   45  152 11145.1900 10378.6062  6.88%   131 1660s
 31323 15558     cutoff   69      11145.1900 10379.0380  6.87%   132 1672s
 31470 15639 10576.3889   50  256 11145.1900 10379.7038  6.87%   132 1681s
 31577 15742     cutoff   60      11145.1900 10380.2670  6.86%   132 1692s
 31723 15827 10637.5324   41  260 11145.1900 10380.5318  6.86%   132 1703s
 31843 15961 10868.4890   58   59 11145.1900 10381.3142  6.85%   132 1714s
 31920 15964 11041.1992  113   15 11145.1900 10381.3142  6.85%   132 1715s
 32029 16027     cutoff  119      11145.1900 10381.5956  6.85%   132 1726s
 32118 16110 10565.0027   40  224 11145.1900 10382.5620  6.84%   133 1737s
 32220 16160 10948.5491   50  173 11145.1900 10382.8428  6.84%   133 1748s
 32293 16291 10703.0946   42  206 11145.1900 10383.0046  6.84%   133 1761s
 32517 16364 10949.1752   57  149 11145.1900 10383.4148  6.84%   133 1773s
 32612 16432 10718.0121   47  276 11145.1900 10383.7915  6.83%   133 1784s
 32698 16542 10468.3019   37  294 11145.1900 10383.8782  6.83%   134 1795s
 32855 16652     cutoff   74      11145.1900 10384.2398  6.83%   134 1806s
 32997 16783 11105.8449   62   62 11145.1900 10384.7764  6.82%   134 1818s
 33177 16877 10856.1496   66  171 11145.1900 10384.9585  6.82%   134 1829s
H33319 16377                    11113.230000 10385.0189  6.55%   134 1840s
 33451 16463 10854.1791   44  227 11113.2300 10386.1566  6.54%   134 1851s
 33576 16536 10716.7893   39   90 11113.2300 10386.6673  6.54%   134 1862s
 33678 16595 11048.0890   51  197 11113.2300 10386.9592  6.54%   135 1872s
 33808 16657 10713.1697   43  173 11113.2300 10387.3595  6.53%   135 1883s
 33900 16764 10873.9468   52  185 11113.2300 10387.5005  6.53%   135 1895s
 34120 16843     cutoff   70      11113.2300 10387.9120  6.53%   135 1906s
 34210 17013 10852.2844   44  109 11113.2300 10388.1936  6.52%   135 1918s
 34451 17092     cutoff   76      11113.2300 10388.7920  6.52%   135 1930s
 34563 17209 10809.0304   54  219 11113.2300 10389.0652  6.52%   135 1942s
 34719 17294 10647.8487   36  260 11113.2300 10389.8124  6.51%   135 1953s
 34832 17395     cutoff   74      11113.2300 10390.4306  6.50%   136 1965s
 34986 17474 10789.7209   48  256 11113.2300 10391.5034  6.49%   136 1976s
 35102 17556 11010.6120   60  116 11113.2300 10391.9668  6.49%   136 1987s
 35233 17663 10626.3513   55  212 11113.2300 10392.4538  6.49%   136 1999s
 35390 17748 11102.9135   62  229 11113.2300 10392.6221  6.48%   136 2011s
 35519 17815 10979.2742   51  134 11113.2300 10393.0739  6.48%   136 2022s
 35665 17870     cutoff   55      11113.2300 10393.6786  6.47%   136 2033s
 35740 17967 10752.4790   39  128 11113.2300 10394.4377  6.47%   137 2046s
 35861 18120     cutoff   51      11113.2300 10394.6064  6.47%   137 2058s
 36077 18173 10592.5843   36  298 11113.2300 10394.9482  6.46%   137 2070s
 36160 18255 10591.2407   47  200 11113.2300 10395.3378  6.46%   137 2080s
 36271 18391 11041.6832   58  157 11113.2300 10395.8399  6.46%   137 2093s
 36444 18486 10661.0272   37  255 11113.2300 10396.3251  6.45%   137 2105s
 36557 18533 11067.7713   58  139 11113.2300 10396.3618  6.45%   137 2116s
 36644 18603 10721.1402   38  202 11113.2300 10396.6669  6.45%   138 2126s
 36732 18668 10992.1062   58  174 11113.2300 10396.9828  6.44%   138 2136s
 36829 18774 10880.8224   65  132 11113.2300 10397.6445  6.44%   138 2148s
 36980 18844 10537.2922   42  203 11113.2300 10398.1949  6.43%   138 2158s
 37098 18938 10638.2788   46  259 11113.2300 10398.8445  6.43%   138 2170s
 37218 19019     cutoff   57      11113.2300 10399.2010  6.43%   138 2181s
 37332 19126 10813.0474   54  140 11113.2300 10399.5331  6.42%   139 2191s
 37476 19204 10667.0753   50  261 11113.2300 10400.0528  6.42%   139 2200s
 37580 19303 10921.6693   57  232 11113.2300 10400.4240  6.41%   139 2210s
 37712 19362 10794.2842   40  296 11113.2300 10401.3511  6.41%   139 2220s
 37812 19427 11074.7073   66  178 11113.2300 10402.1106  6.40%   139 2231s
 37954 19505 10968.8830   66  140 11113.2300 10402.6050  6.39%   139 2241s
 38076 19587 10700.1905   39  264 11113.2300 10403.0450  6.39%   140 2251s
 38177 19699 10800.7696   53  218 11113.2300 10403.1874  6.39%   140 2261s
 38327 19777 10612.0945   40  285 11113.2300 10403.5682  6.39%   140 2271s
 38452 19927 10453.0916   47  307 11113.2300 10404.0563  6.38%   140 2282s
