




arguments: ./build/mirp_solver -f ./input/orig_exec_141.cfg
Current dir: /scratch/gui/bnc_mirp
File verbosity level: 9
date       time         ( uptime  ) [ thread name/id ]                   file:line     v| 
2021-01-10 00:53:22.432 (   0.084s) [main thread     ]             loguru.cpp:789   INFO| Logging to './output/vi_lex_full/OU/V3/Original/execution_10_01_2021_00_53_22.log', mode: 'a', verbosity: 9
--------------------------------------------------------------------------------
Parameters
                           instance_path           ./input/Instances/Original/4/
                            model_policy                                       1
                             nb_vehicles                                       3
                              output_dir    ./output/vi_lex_full/OU/V3/Original/
                            sec_strategy                                       1
                       solver_nb_threads                                       2
                         solver_show_log                                    true
                       solver_time_limit                                    3600
                              use_vi_cos                                   false
                              use_vi_cus                                   false
                         use_vi_hc1_full                                   false
                         use_vi_hc1_half                                   false
                      use_vi_hc1_quarter                                   false
                              use_vi_hc2                                   false
                              use_vi_hc3                                   false
                         use_vi_lex_full                                    true
                         use_vi_lex_half                                   false
                      use_vi_lex_quarter                                   false
                              use_vi_qua                                   false
                               use_vi_vc                                   false
                               use_vi_vr                                   false
--------------------------------------------------------------------------------
executing instance: ./input/Instances/Original/4/absH3low_3n30.dat
--------------------------------------------------------------------------------
Instance details
n	31
H	3
C	2841
Li:
[0, 0, 0, 0, 0, 0, 0, 0, 0, 0, 0, 0, 0, 0, 0, 0, 0, 0, 0, 0, 0, 0, 0, 0, 0, 0, 0, 0, 0, 0, 0, ]
Ui:
[0, 246, 98, 54, 144, 171, 192, 180, 165, 98, 122, 198, 297, 144, 130, 129, 219, 138, 142, 150, 108, 66, 64, 285, 180, 204, 276, 168, 240, 198, 122, ]
Distance matrix:
|0	172	56	166	260	198	42	197	296	110	91	112	238	275	323	183	330	232	175	181	162	191	232	280	201	139	356	185	266	216	26	|
|172	0	178	223	320	335	153	355	444	62	231	99	333	376	214	352	176	235	194	106	47	41	353	161	299	175	225	43	326	374	153	|
|56	178	0	110	204	162	93	233	336	125	144	148	187	226	358	180	313	284	123	152	182	185	282	252	256	88	329	177	210	251	42	|
|166	223	110	0	102	150	199	327	431	194	253	237	113	156	431	228	296	386	44	140	248	208	389	218	366	48	287	200	108	344	148	|
|260	320	204	102	0	156	296	391	493	296	340	339	66	90	531	263	362	486	127	226	349	300	469	278	454	148	334	292	6	406	245	|
|198	335	162	150	156	0	239	255	351	286	245	307	93	106	518	111	442	423	194	280	344	335	349	367	352	182	437	327	158	266	199	|
|42	153	93	199	296	239	0	203	296	91	82	76	278	316	284	217	322	191	201	186	133	180	217	281	177	165	356	175	302	222	52	|
|197	355	233	327	391	255	203	0	104	294	125	266	340	361	436	151	524	276	352	377	330	383	109	477	146	319	553	377	395	19	222	|
|296	444	336	431	493	351	296	104	0	384	214	348	440	456	488	241	617	315	456	476	412	475	113	575	176	422	651	470	497	88	322	|
|110	62	125	194	296	286	91	294	384	0	171	55	298	340	238	292	233	210	176	118	58	91	298	201	248	148	273	87	302	313	94	|
|91	231	144	253	340	245	82	125	214	171	0	141	307	339	324	184	403	187	266	266	204	261	140	363	114	230	438	256	346	144	116	|
|112	99	148	237	339	307	76	266	348	55	141	0	332	373	212	292	275	156	225	173	64	137	254	253	200	194	322	135	345	284	108	|
|238	333	187	113	66	93	278	340	440	298	307	332	0	43	536	203	404	469	153	253	354	321	427	322	420	160	385	313	67	353	229	|
|275	376	226	156	90	106	316	361	456	340	339	373	43	0	578	216	443	507	194	295	397	364	453	361	451	203	421	356	88	372	268	|
|323	214	358	431	531	518	284	436	488	238	324	212	536	578	0	498	309	176	407	320	183	245	376	344	312	383	379	251	537	451	319	|
|183	352	180	228	263	111	217	151	241	292	184	292	203	216	498	0	492	371	266	328	345	364	255	426	272	242	501	356	266	159	198	|
|330	176	313	296	362	442	322	524	617	233	403	275	404	443	309	492	0	397	253	164	218	142	529	84	475	260	72	147	367	543	306	|
|232	235	284	386	486	423	191	276	315	210	187	156	469	507	176	371	397	0	379	327	188	276	202	396	139	346	456	277	492	289	242	|
|175	194	123	44	127	194	201	352	456	176	266	225	153	194	407	266	253	379	0	101	225	174	405	174	375	36	244	166	133	370	152	|
|181	106	152	140	226	280	186	377	476	118	266	173	253	295	320	328	164	327	101	0	148	76	403	100	360	98	177	69	232	396	155	|
|162	47	182	248	349	344	133	330	412	58	204	64	354	397	183	345	218	188	225	148	0	89	316	208	259	201	270	90	355	348	149	|
|191	41	185	208	300	335	180	383	475	91	261	137	321	364	245	364	142	276	174	76	89	0	388	119	336	162	185	8	306	402	169	|
|232	353	282	389	469	349	217	109	113	298	140	254	427	453	376	255	529	202	405	403	316	388	0	497	64	369	570	384	474	112	256	|
|280	161	252	218	278	367	281	477	575	201	363	253	322	361	344	426	84	396	174	100	208	119	497	0	449	187	77	119	283	496	255	|
|201	299	256	366	454	352	177	146	176	248	114	200	420	451	312	272	475	139	375	360	259	336	64	449	0	339	521	333	460	156	223	|
|139	175	88	48	148	182	165	319	422	148	230	194	160	203	383	242	260	346	36	98	201	162	369	187	339	0	260	153	154	337	116	|
|356	225	329	287	334	437	356	553	651	273	438	322	385	421	379	501	72	456	244	177	270	185	570	77	521	260	0	187	338	572	331	|
|185	43	177	200	292	327	175	377	470	87	256	135	313	356	251	356	147	277	166	69	90	8	384	119	333	153	187	0	298	396	163	|
|266	326	210	108	6	158	302	395	497	302	346	345	67	88	537	266	367	492	133	232	355	306	474	283	460	154	338	298	0	410	251	|
|216	374	251	344	406	266	222	19	88	313	144	284	353	372	451	159	543	289	370	396	348	402	112	496	156	337	572	396	410	0	241	|
|26	153	42	148	245	199	52	222	322	94	116	108	229	268	319	198	306	242	152	155	149	169	256	255	223	116	331	163	251	241	0	|

--------------------------------------------------------------------------------
Building model...
	using lazy and cut (CVRPSEP package)
Solving IRP LP...
--------------------------------------------------------------------------------

Gurobi 9.1.0 (linux64) logging started Sun Jan 10 00:53:22 2021

Gurobi Optimizer version 9.1.0 build v9.1.0rc0 (linux64)
Thread count: 32 physical cores, 32 logical processors, using up to 2 threads
Optimize a model with 871 rows, 4858 columns and 11860 nonzeros
Model fingerprint: 0x20aa40fc
Variable types: 394 continuous, 4464 integer (279 binary)
Coefficient statistics:
  Matrix range     [1e+00, 2e+09]
  Objective range  [1e-02, 7e+02]
  Bounds range     [1e+00, 3e+02]
  RHS range        [3e+01, 5e+03]
Warning: Model contains large matrix coefficients
         Consider reformulating model or setting NumericFocus parameter
         to avoid numerical issues.
Presolve removed 189 rows and 161 columns
Presolve time: 0.07s
Presolved: 682 rows, 4697 columns, 10853 nonzeros
Variable types: 295 continuous, 4402 integer (4118 binary)

Root relaxation: objective 2.351438e+03, 912 iterations, 0.02 seconds

    Nodes    |    Current Node    |     Objective Bounds      |     Work
 Expl Unexpl |  Obj  Depth IntInf | Incumbent    BestBd   Gap | It/Node Time

     0     0 2351.43787    0   86          - 2351.43787      -     -    0s
     0     0 2558.40559    0   89          - 2558.40559      -     -    0s
     0     0 2577.31686    0   72          - 2577.31686      -     -    0s
     0     0 2577.31686    0   83          - 2577.31686      -     -    0s
     0     0 3136.72363    0  140          - 3136.72363      -     -    0s
     0     0 3187.38297    0  136          - 3187.38297      -     -    0s
     0     0 3187.38297    0  131          - 3187.38297      -     -    0s
     0     0 3321.33627    0  240          - 3321.33627      -     -    0s
     0     0 3349.54499    0  219          - 3349.54499      -     -    0s
     0     0 3351.60206    0  206          - 3351.60206      -     -    0s
     0     0 3351.60206    0  219          - 3351.60206      -     -    0s
     0     0 3416.18434    0  206          - 3416.18434      -     -    0s
     0     0 3427.36578    0  206          - 3427.36578      -     -    1s
     0     0 3427.41440    0  202          - 3427.41440      -     -    1s
     0     0 3465.44118    0  252          - 3465.44118      -     -    1s
     0     0 3469.75951    0  224          - 3469.75951      -     -    1s
     0     0 3471.14361    0  250          - 3471.14361      -     -    1s
     0     0 3471.16028    0  193          - 3471.16028      -     -    1s
     0     0 3482.55601    0  273          - 3482.55601      -     -    1s
     0     0 3485.99860    0  284          - 3485.99860      -     -    1s
     0     0 3486.52552    0  280          - 3486.52552      -     -    1s
     0     0 3490.75749    0  249          - 3490.75749      -     -    1s
     0     0 3490.75749    0  247          - 3490.75749      -     -    1s
     0     2 3491.53202    0  247          - 3491.53202      -     -    2s
   176   186 4717.17664   71   40          - 3515.37359      -   129    5s
H  216   232                    5962.1400000 3515.37359  41.0%   115    5s
   483   500 5014.29437   66   12 5962.14000 3524.24013  40.9%  90.8   10s
*  584   511             126    5571.9000000 3524.24013  36.7%  82.0   10s
   671   553 3742.21279    9  264 5571.90000 3526.71898  36.7%  98.6   15s
H  752   485                    5105.9000000 3526.71898  30.9%   103   17s
H  754   462                    5096.9000000 3526.71898  30.8%   103   17s
   770   472 4136.65931   19  427 5096.90000 3639.94877  28.6%   100   20s
H  774   451                    5037.9000000 3648.29010  27.6%   100   20s
H  782   433                    5027.9000000 3653.84051  27.3%  98.9   22s
   790   442 3669.50340   16  385 5027.90000 3657.21686  27.3%   107   25s
   833   472 3981.17501   29  214 5027.90000 3705.84164  26.3%   119   30s
H  880   479                    5021.4100000 3705.84164  26.2%   125   32s
   942   532 4191.75841   59  124 5021.41000 3705.84164  26.2%   127   35s
H 1123   588                    4914.4100000 3705.84336  24.6%   125   39s
  1144   609 3997.58727   20  363 4914.41000 3705.84336  24.6%   127   40s
  1313   649 4349.70120   35  158 4914.41000 3705.84336  24.6%   127   45s
  1485   753 4817.77657   61  170 4914.41000 3705.84336  24.6%   128   50s
  1621   841 3990.38441   25  289 4914.41000 3759.22250  23.5%   134   55s
  1779   866 4373.94589   45  138 4914.41000 3759.22250  23.5%   137   60s
  1926   949 4023.43260   25  315 4914.41000 3775.18257  23.2%   140   65s
  2027  1028 4462.21356   55  136 4914.41000 3775.18257  23.2%   141   70s
  2152  1111 4679.89726   34  193 4914.41000 3789.93475  22.9%   142   75s
  2221  1159 4262.95015   31  314 4914.41000 3789.93475  22.9%   145   81s
  2325  1289 4153.22822   23  174 4914.41000 3800.47842  22.7%   147   87s
  2424  1331 4632.07875   41  155 4914.41000 3806.40517  22.5%   149   92s
  2513  1411 4432.92051   25  182 4914.41000 3806.40517  22.5%   151   97s
* 2534  1079              62    4708.4100000 3806.40517  19.2%   152   97s
  2625  1117 4549.29645   59   19 4708.41000 3806.40517  19.2%   150  100s
H 2657   760                    4534.8800000 3807.50296  16.0%   152  102s
  2704   782     cutoff   30      4534.88000 3815.08429  15.9%   155  105s
H 2755   800                    4526.6100000 3823.02165  15.5%   161  109s
  2786   826 4169.72385   26  293 4526.61000 3833.51742  15.3%   162  112s
  2832   839 4361.46748   44  222 4526.61000 3837.00621  15.2%   163  115s
H 2877   914                    4524.6100000 3845.86063  15.0%   165  118s
  2975   953     cutoff   42      4524.61000 3866.31216  14.5%   163  121s
  3081   962 4372.19658   30  182 4524.61000 3878.86012  14.3%   165  125s
H 3082   934                    4513.2200000 3878.86012  14.1%   165  125s
  3159   974 4368.51337   33  136 4513.22000 3885.14494  13.9%   168  130s
H 3195   916                    4483.6100000 3888.47142  13.3%   169  133s
  3220   935 4423.08112   34  173 4483.61000 3889.43278  13.3%   171  137s
  3278   951 4257.16084   28  272 4483.61000 3896.68743  13.1%   173  141s
  3344   983     cutoff   34      4483.61000 3900.92886  13.0%   179  147s
  3369  1007 4158.44431   25  338 4483.61000 3903.26195  12.9%   182  150s
  3495  1043 4016.08940   27  305 4483.61000 3910.29032  12.8%   186  156s
  3534  1059 4253.81251   24  363 4483.61000 3910.52127  12.8%   190  160s
  3590  1136 4283.98436   29  270 4483.61000 3912.70000  12.7%   193  167s
  3679  1154 4206.96813   27  264 4483.61000 3915.41142  12.7%   194  171s
  3720  1168     cutoff   35      4483.61000 3924.38701  12.5%   195  179s
H 3736  1158                    4479.6100000 3924.38701  12.4%   196  179s
  3754  1186 4360.54964   38  150 4479.61000 3926.91681  12.3%   198  183s
  3804  1239 4263.89963   28  265 4479.61000 3929.50238  12.3%   200  188s
  3895  1252 4349.77042   25  211 4479.61000 3936.04110  12.1%   202  192s
  3922  1267 4271.39731   29  313 4479.61000 3951.71845  11.8%   205  199s
  3959  1294 4347.30545   31  236 4479.61000 3952.76953  11.8%   208  204s
  4019  1319     cutoff   27      4479.61000 3960.07632  11.6%   210  208s
  4080  1367 4408.58507   40   60 4479.61000 3969.39065  11.4%   213  213s
  4155  1382     cutoff   48      4479.61000 3971.23670  11.3%   215  218s
  4209  1424 4162.59524   25  324 4479.61000 3974.18070  11.3%   217  223s
  4289  1466     cutoff   42      4479.61000 3977.82136  11.2%   219  229s
  4418  1510 4186.12050   27  315 4479.61000 3982.18414  11.1%   218  234s
  4462  1510     cutoff   55      4479.61000 3984.85852  11.0%   219  235s
H 4490  1450                    4456.6100000 3984.85852  10.6%   220  240s
  4554  1554 4299.08577   28   92 4456.61000 3994.20730  10.4%   222  247s
  4708  1578 4423.53000   78    - 4456.61000 3995.13075  10.4%   220  253s
* 4740  1549              44    4447.4300000 3999.72304  10.1%   221  253s
* 4742  1470              43    4430.4300000 3999.72304  9.72%   221  253s
  4764  1547 4247.78733   25  238 4430.43000 3999.72304  9.72%   223  259s
  4855  1547 infeasible   79      4430.43000 3999.72304  9.72%   223  260s
  4867  1572     cutoff   30      4430.43000 4001.83694  9.67%   224  266s
H 4960  1504                    4413.4100000 4005.55218  9.24%   226  272s
  5044  1561 4235.65850   27  138 4413.41000 4013.56760  9.06%   228  279s
  5153  1586     cutoff   35      4413.41000 4018.76875  8.94%   229  287s
  5254  1601 4104.46906   24  415 4413.41000 4021.00968  8.89%   230  294s
  5308  1626     cutoff   29      4413.41000 4025.88451  8.78%   233  301s
  5390  1701 4293.51861   31  108 4413.41000 4030.54761  8.67%   234  308s
H 5457  1459                    4372.4100000 4030.54761  7.82%   233  309s
H 5516  1416                    4366.4100000 4035.46595  7.58%   233  316s
  5576  1452 4242.21880   27  249 4366.41000 4038.02747  7.52%   237  324s
  5663  1485 4201.35451   27  192 4366.41000 4042.28848  7.42%   238  332s
  5754  1506 4363.36272   30  153 4366.41000 4043.77422  7.39%   241  340s
H 5870  1142                    4317.4100000 4046.72782  6.27%   243  370s
  5946  1139 4252.52025   29  331 4317.41000 4049.60904  6.20%   246  379s
  6011  1163 4300.15106   35  256 4317.41000 4052.02546  6.15%   248  387s
  6093  1186 4293.67754   25  133 4317.41000 4059.16092  5.98%   252  396s
  6215  1220     cutoff   30      4317.41000 4063.04094  5.89%   252  405s
  6343  1262 4168.64574   26  269 4317.41000 4064.88017  5.85%   253  414s
  6409  1262 4237.93136   21  105 4317.41000 4068.70114  5.76%   254  415s
  6479  1272     cutoff   35      4317.41000 4069.32297  5.75%   254  424s
  6547  1293 4295.07024   29  181 4317.41000 4071.82077  5.69%   257  432s
  6659  1304 4307.51335   32  248 4317.41000 4073.47362  5.65%   259  442s
  6762  1306 4251.10727   26  339 4317.41000 4081.34359  5.47%   262  451s
  6858  1338 4213.05940   26  220 4317.41000 4084.45880  5.40%   264  460s
  6981  1354 4214.36041   24  229 4317.41000 4090.07346  5.27%   266  469s
  7037  1354 4194.01342   29  364 4317.41000 4094.37441  5.17%   267  470s
  7083  1351 4283.97196   25  270 4317.41000 4094.86950  5.15%   268  478s
  7147  1390     cutoff   29      4317.41000 4099.22751  5.05%   271  488s
  7301  1408 4263.53706   28  271 4317.41000 4104.48152  4.93%   272  500s
  7445  1417     cutoff   31      4317.41000 4106.83976  4.88%   275  513s
  7594  1450     cutoff   25      4317.41000 4116.92796  4.64%   278  526s
  7745  1461 4285.22011   25  198 4317.41000 4121.73598  4.53%   281  539s
  7886  1470 4294.14578   31  250 4317.41000 4126.21137  4.43%   283  552s
  8054  1500 4246.22827   29  182 4317.41000 4129.71114  4.35%   285  565s
  8248  1520     cutoff   38      4317.41000 4134.09346  4.25%   286  578s
  8423  1522 4284.88051   29  330 4317.41000 4139.59381  4.12%   287  591s
  8616  1530     cutoff   47      4317.41000 4147.22286  3.94%   288  604s
  8768  1531 4261.30910   32  171 4317.41000 4152.94665  3.81%   290  617s
  8924  1528 4265.52086   28  181 4317.41000 4158.14321  3.69%   292  629s
  9106  1521 4304.92742   27  119 4317.41000 4163.68033  3.56%   293  642s
  9273  1536     cutoff   36      4317.41000 4168.57722  3.45%   295  655s
  9483  1519     cutoff   25      4317.41000 4172.73108  3.35%   296  668s
  9622  1540 4278.97943   26  158 4317.41000 4178.00694  3.23%   297  687s
  9942  1539     cutoff   28      4317.41000 4184.64903  3.08%   298  701s
 10141  1503 4214.69712   26  227 4317.41000 4189.75605  2.96%   299  714s
 10320  1503     cutoff   29      4317.41000 4194.56579  2.85%   300  728s
 10567  1500     cutoff   35      4317.41000 4200.85426  2.70%   299  742s
 10812  1467 4285.89997   30  335 4317.41000 4206.60476  2.57%   299  755s
 10978  1434 4310.81444   30  152 4317.41000 4210.17575  2.48%   301  768s
 11175  1408     cutoff   36      4317.41000 4215.02137  2.37%   301  782s
 11429  1400     cutoff   35      4317.41000 4221.55061  2.22%   301  795s
*11534  1360              46    4313.3900000 4221.55061  2.13%   301  795s
 11693  1306     cutoff   29      4313.39000 4226.83419  2.01%   300  807s
*11728  1215              53    4304.3700000 4226.83419  1.80%   300  808s
 11900  1137     cutoff   29      4304.37000 4232.53625  1.67%   300  820s
 12210  1059 4292.07251   38  166 4304.37000 4239.89353  1.50%   297  832s
 12460  1027     cutoff   30      4304.37000 4244.89326  1.38%   296  845s
 12874   936     cutoff   43      4304.37000 4250.32024  1.26%   291  856s
*12908   348              54    4272.4100000 4250.32024  0.52%   291  856s
 13275    73     cutoff   24      4272.41000 4262.67875  0.23%   287  861s

Cutting planes:
  User: 3819
  Gomory: 19
  Cover: 285
  Implied bound: 41
  Projected implied bound: 2
  Clique: 17
  MIR: 142
  StrongCG: 3
  Flow cover: 359
  Zero half: 18
  Network: 5
  RLT: 210
  Relax-and-lift: 6
  Lazy constraints: 471

Explored 13498 nodes (3819132 simplex iterations) in 862.96 seconds
Thread count was 2 (of 32 available processors)

Solution count 10: 4272.41 4304.37 4313.39 ... 4456.61

Optimal solution found (tolerance 1.00e-04)
Best objective 4.272410000000e+03, best bound 4.272410000000e+03, gap 0.0000%

User-callback calls 89649, time in user-callback 35.32 sec
================================================================================
executing instance: ./input/Instances/Original/4/absH3low_3n10.dat
--------------------------------------------------------------------------------
Instance details
n	11
H	3
C	687
Li:
[0, 0, 0, 0, 0, 0, 0, 0, 0, 0, 0, ]
Ui:
[0, 189, 44, 174, 78, 36, 198, 117, 42, 96, 240, ]
Distance matrix:
|0	209	255	286	142	156	285	317	182	161	135	|
|209	0	464	451	315	356	490	469	361	299	260	|
|255	464	0	221	202	130	74	280	189	254	273	|
|286	451	221	0	145	156	164	479	354	153	192	|
|142	315	202	145	0	73	194	388	250	53	73	|
|156	356	130	156	73	0	134	332	200	127	144	|
|285	490	74	164	194	134	0	353	256	239	267	|
|317	469	280	479	388	332	353	0	141	436	430	|
|182	361	189	354	250	200	256	141	0	296	289	|
|161	299	254	153	53	127	239	436	296	0	39	|
|135	260	273	192	73	144	267	430	289	39	0	|

--------------------------------------------------------------------------------
Building model...
	using lazy and cut (CVRPSEP package)
Solving IRP LP...
--------------------------------------------------------------------------------

Gurobi 9.1.0 (linux64) logging started Sun Jan 10 01:07:45 2021

Gurobi Optimizer version 9.1.0 build v9.1.0rc0 (linux64)
Thread count: 32 physical cores, 32 logical processors, using up to 2 threads
Optimize a model with 311 rows, 728 columns and 2180 nonzeros
Model fingerprint: 0x08a8d2e3
Variable types: 134 continuous, 594 integer (99 binary)
Coefficient statistics:
  Matrix range     [1e+00, 2e+03]
  Objective range  [1e-02, 5e+02]
  Bounds range     [1e+00, 2e+02]
  RHS range        [2e+01, 1e+03]
Presolve removed 71 rows and 57 columns
Presolve time: 0.02s
Presolved: 240 rows, 671 columns, 1826 nonzeros
Variable types: 99 continuous, 572 integer (479 binary)
Found heuristic solution: objective 5359.4600000

Root relaxation: objective 1.476189e+03, 491 iterations, 0.01 seconds

    Nodes    |    Current Node    |     Objective Bounds      |     Work
 Expl Unexpl |  Obj  Depth IntInf | Incumbent    BestBd   Gap | It/Node Time

     0     0 1476.18878    0   38 5359.46000 1476.18878  72.5%     -    0s
H    0     0                    5224.4600000 1476.18878  71.7%     -    0s
     0     0 1637.38936    0   51 5224.46000 1637.38936  68.7%     -    0s
     0     0 2018.88354    0   94 5224.46000 2018.88354  61.4%     -    0s
H    0     0                    5116.4600000 2018.88354  60.5%     -    0s
     0     0 2046.90760    0   64 5116.46000 2046.90760  60.0%     -    0s
     0     0 2047.15285    0   69 5116.46000 2047.15285  60.0%     -    0s
     0     0 2196.49904    0  110 5116.46000 2196.49904  57.1%     -    0s
     0     0 2213.74422    0   97 5116.46000 2213.74422  56.7%     -    0s
     0     0 2231.68055    0  110 5116.46000 2231.68055  56.4%     -    0s
     0     0 2232.16396    0  113 5116.46000 2232.16396  56.4%     -    0s
     0     0 2297.53414    0  145 5116.46000 2297.53414  55.1%     -    0s
H    0     0                    3017.6200000 2297.53414  23.9%     -    0s
     0     0 2299.05786    0  132 3017.62000 2299.05786  23.8%     -    0s
     0     0 2300.23351    0  135 3017.62000 2300.23351  23.8%     -    0s
     0     0 2300.81870    0  141 3017.62000 2300.81870  23.8%     -    0s
     0     0 2315.37504    0  137 3017.62000 2315.37504  23.3%     -    0s
H    0     0                    3015.1000000 2315.37504  23.2%     -    0s
     0     0 2316.36170    0  147 3015.10000 2316.36170  23.2%     -    0s
     0     0 2316.71950    0  144 3015.10000 2316.71950  23.2%     -    0s
     0     0 2326.08456    0  132 3015.10000 2326.08456  22.9%     -    0s
     0     0 2326.90321    0  135 3015.10000 2326.90321  22.8%     -    0s
     0     0 2328.84468    0  125 3015.10000 2328.84468  22.8%     -    0s
     0     0 2329.15760    0  109 3015.10000 2329.15760  22.8%     -    0s
H    0     0                    2735.3600000 2329.15760  14.9%     -    0s
     0     2 2329.15760    0  109 2735.36000 2329.15760  14.9%     -    0s
*  319   106              19    2734.1000000 2512.10501  8.12%  47.6    1s

Cutting planes:
  User: 84
  Gomory: 6
  Cover: 116
  Implied bound: 22
  Clique: 10
  MIR: 45
  StrongCG: 2
  Flow cover: 91
  Inf proof: 1
  Zero half: 4
  Network: 5
  RLT: 98
  Relax-and-lift: 3
  Lazy constraints: 18

Explored 874 nodes (38111 simplex iterations) in 2.02 seconds
Thread count was 2 (of 32 available processors)

Solution count 7: 2734.1 2735.36 3015.1 ... 5359.46

Optimal solution found (tolerance 1.00e-04)
Best objective 2.734100000000e+03, best bound 2.734100000000e+03, gap 0.0000%

User-callback calls 2310, time in user-callback 0.26 sec
================================================================================
executing instance: ./input/Instances/Original/4/absH3low_3n15.dat
--------------------------------------------------------------------------------
Instance details
n	16
H	3
C	1267
Li:
[0, 0, 0, 0, 0, 0, 0, 0, 0, 0, 0, 0, 0, 0, 0, 0, ]
Ui:
[0, 156, 267, 148, 144, 87, 33, 171, 76, 141, 270, 282, 60, 110, 172, 57, ]
Distance matrix:
|0	229	567	76	58	96	306	409	310	423	108	346	165	347	159	256	|
|229	0	482	243	279	155	375	525	251	419	158	373	65	123	329	246	|
|567	482	0	506	622	483	342	439	259	200	467	274	486	433	501	312	|
|76	243	506	0	119	88	230	337	255	352	88	272	179	347	94	194	|
|58	279	622	119	0	154	345	431	366	471	166	391	217	399	179	310	|
|96	155	483	88	154	0	266	397	224	358	17	289	92	262	176	179	|
|306	375	342	230	345	266	0	158	184	148	251	68	332	423	181	140	|
|409	525	439	337	431	397	158	0	340	244	386	201	476	581	253	298	|
|310	251	259	255	366	224	184	340	0	170	208	146	238	257	274	66	|
|423	419	200	352	471	358	148	244	170	0	341	84	396	424	323	182	|
|108	158	467	88	166	17	251	386	208	341	0	273	96	259	172	162	|
|346	373	274	272	391	289	68	201	146	84	273	0	340	400	239	127	|
|165	65	486	179	217	92	332	476	238	396	96	340	0	182	267	216	|
|347	123	433	347	399	262	423	581	257	424	259	400	182	0	423	283	|
|159	329	501	94	179	176	181	253	274	323	172	239	267	423	0	208	|
|256	246	312	194	310	179	140	298	66	182	162	127	216	283	208	0	|

--------------------------------------------------------------------------------
Building model...
	using lazy and cut (CVRPSEP package)
Solving IRP LP...
--------------------------------------------------------------------------------

Gurobi 9.1.0 (linux64) logging started Sun Jan 10 01:07:48 2021

Gurobi Optimizer version 9.1.0 build v9.1.0rc0 (linux64)
Thread count: 32 physical cores, 32 logical processors, using up to 2 threads
Optimize a model with 451 rows, 1423 columns and 3925 nonzeros
Model fingerprint: 0x93cc8889
Variable types: 199 continuous, 1224 integer (144 binary)
Coefficient statistics:
  Matrix range     [1e+00, 7e+04]
  Objective range  [1e-02, 6e+02]
  Bounds range     [1e+00, 3e+02]
  RHS range        [1e+01, 2e+03]
Presolve removed 101 rows and 77 columns
Presolve time: 0.03s
Presolved: 350 rows, 1346 columns, 3423 nonzeros
Variable types: 147 continuous, 1199 integer (1057 binary)

Root relaxation: objective 1.780944e+03, 637 iterations, 0.01 seconds

    Nodes    |    Current Node    |     Objective Bounds      |     Work
 Expl Unexpl |  Obj  Depth IntInf | Incumbent    BestBd   Gap | It/Node Time

     0     0 1780.94385    0   56          - 1780.94385      -     -    0s
     0     0 1960.74366    0   53          - 1960.74366      -     -    0s
     0     0 1960.74366    0   55          - 1960.74366      -     -    0s
     0     0 2449.53492    0  114          - 2449.53492      -     -    0s
     0     0 2459.65585    0  115          - 2459.65585      -     -    0s
     0     0 2460.11675    0  113          - 2460.11675      -     -    0s
     0     0 2536.13521    0  151          - 2536.13521      -     -    0s
     0     0 2541.49555    0  135          - 2541.49555      -     -    0s
     0     0 2545.19024    0  136          - 2545.19024      -     -    0s
     0     0 2545.71708    0  150          - 2545.71708      -     -    0s
     0     0 2653.93486    0  165          - 2653.93486      -     -    0s
     0     0 2662.56554    0  167          - 2662.56554      -     -    0s
     0     0 2663.17191    0  140          - 2663.17191      -     -    0s
     0     0 2686.57970    0  164          - 2686.57970      -     -    0s
     0     0 2686.59337    0  170          - 2686.59337      -     -    0s
     0     0 2695.75629    0  159          - 2695.75629      -     -    0s
     0     0 2728.50610    0  120          - 2728.50610      -     -    0s
     0     2 2739.66115    0  115          - 2739.66115      -     -    0s
H  348   166                    3894.7300000 2815.84579  27.7%  66.2    2s
H  359   167                    3742.7300000 2815.84579  24.8%  69.5    2s
H  409   207                    3735.7300000 2815.84579  24.6%  66.5    2s
*  413   206              34    3734.7300000 2815.84579  24.6%  66.1    2s
H  436   151                    3503.5600000 2829.34971  19.2%  66.2    3s
H  678   189                    3464.5600000 2979.37217  14.0%  78.2    5s
H  737   186                    3463.5200000 2998.38368  13.4%  80.7    6s
H  876   205                    3432.5200000 3067.93930  10.6%  94.8    9s
H  892   199                    3431.5600000 3067.93930  10.6%  94.7    9s
H  894   190                    3401.5600000 3067.93930  9.81%  94.7    9s
   931   188 3309.97145   17  133 3401.56000 3094.42111  9.03%  94.5   10s

Cutting planes:
  User: 585
  Gomory: 10
  Cover: 132
  Implied bound: 23
  Projected implied bound: 6
  Clique: 18
  MIR: 84
  StrongCG: 3
  Flow cover: 158
  GUB cover: 1
  Inf proof: 1
  Zero half: 6
  Network: 5
  RLT: 123
  Relax-and-lift: 13
  Lazy constraints: 34

Explored 1734 nodes (139207 simplex iterations) in 14.46 seconds
Thread count was 2 (of 32 available processors)

Solution count 10: 3401.56 3431.56 3432.52 ... 3894.73

Optimal solution found (tolerance 1.00e-04)
Best objective 3.401560000000e+03, best bound 3.401560000000e+03, gap 0.0000%

User-callback calls 5673, time in user-callback 1.44 sec
================================================================================
executing instance: ./input/Instances/Original/4/absH3low_2n45.dat
--------------------------------------------------------------------------------
Instance details
n	46
H	3
C	3171
Li:
[0, 0, 0, 0, 0, 0, 0, 0, 0, 0, 0, 0, 0, 0, 0, 0, 0, 0, 0, 0, 0, 0, 0, 0, 0, 0, 0, 0, 0, 0, 0, 0, 0, 0, 0, 0, 0, 0, 0, 0, 0, 0, 0, 0, 0, 0, ]
Ui:
[0, 246, 160, 78, 20, 87, 144, 40, 20, 82, 60, 96, 24, 136, 160, 108, 160, 26, 228, 51, 24, 240, 231, 70, 32, 105, 174, 114, 246, 126, 132, 76, 22, 42, 255, 132, 148, 162, 66, 111, 102, 240, 123, 201, 297, 78, ]
Distance matrix:
|0	148	402	550	329	420	187	318	366	280	504	273	233	333	112	344	379	481	113	593	159	523	261	424	90	359	163	461	413	240	105	299	265	89	371	462	339	273	495	22	41	439	369	506	563	468	|
|148	0	284	517	394	284	136	369	244	311	496	166	329	355	223	202	338	388	204	565	254	506	118	346	71	423	173	471	336	118	105	352	198	105	248	428	302	305	487	153	179	441	230	497	517	370	|
|402	284	0	350	448	80	228	406	42	343	382	129	456	350	412	126	219	131	382	395	410	371	180	137	314	466	289	400	137	167	389	401	169	316	39	280	217	342	373	394	414	362	108	380	324	106	|
|550	517	350	0	339	429	385	308	374	295	93	375	431	249	481	461	180	239	458	48	445	57	474	214	496	333	387	160	216	424	601	321	320	471	376	90	217	301	93	530	534	146	452	88	52	262	|
|329	394	448	339	0	513	282	42	438	105	255	363	115	108	221	484	259	431	217	365	172	289	436	362	333	30	224	189	353	380	423	47	291	296	443	285	240	107	251	307	294	193	495	260	378	437	|
|420	284	80	429	513	0	267	473	76	408	462	163	509	421	449	86	298	201	421	474	455	451	167	217	330	533	333	478	217	181	386	466	225	341	70	360	291	406	453	416	438	440	59	460	400	176	|
|187	136	228	385	282	267	0	249	199	186	360	104	248	224	184	214	207	294	155	432	189	371	155	237	113	308	68	336	227	101	216	236	78	98	205	296	168	181	350	174	190	305	231	360	390	283	|
|318	369	406	308	42	473	249	0	397	66	229	325	128	67	216	447	218	389	206	337	168	260	402	320	311	61	196	167	311	345	406	19	252	275	403	248	198	70	223	296	286	164	457	233	344	395	|
|366	244	42	374	438	76	199	397	0	332	397	96	436	346	383	90	228	168	354	420	385	389	139	161	277	458	263	408	158	128	349	391	150	282	6	298	218	331	388	359	380	370	78	395	352	144	|
|280	311	343	295	105	408	186	66	332	0	231	259	142	53	191	380	171	337	173	332	150	257	337	267	258	127	139	182	258	280	359	58	186	223	338	222	143	6	224	258	254	164	390	234	323	340	|
|504	496	382	93	255	462	360	229	397	231	0	375	356	180	422	478	173	293	403	110	381	36	474	248	463	245	345	68	246	419	568	244	308	433	400	104	200	237	9	482	482	67	474	5	142	312	|
|273	166	129	375	363	163	104	325	96	259	375	0	347	283	288	121	202	221	259	423	292	376	99	183	186	386	170	370	175	52	269	315	76	187	102	288	177	256	365	265	285	333	133	374	365	204	|
|233	329	456	431	115	509	248	128	436	142	356	347	0	181	121	462	311	472	128	463	76	386	398	403	260	141	180	294	392	349	334	111	287	224	442	362	280	139	350	212	194	289	479	360	463	472	|
|333	355	350	249	108	421	224	67	346	53	180	283	181	0	244	403	152	324	226	283	201	207	369	256	307	118	186	129	247	311	409	74	208	273	351	183	136	59	173	311	307	113	410	183	282	331	|
|112	223	412	481	221	449	184	216	383	191	422	288	121	244	0	387	327	461	30	521	49	447	313	396	152	250	125	371	385	273	214	196	249	121	389	400	288	185	415	91	74	355	408	425	503	454	|
|344	202	126	461	484	86	214	447	90	380	478	121	462	403	387	0	305	256	360	508	400	473	84	250	255	507	282	482	246	115	302	437	196	271	90	382	288	377	469	343	367	444	28	476	441	232	|
|379	338	219	180	259	298	207	218	228	171	173	202	311	152	327	305	0	172	301	227	300	174	302	105	318	270	217	180	97	249	423	221	141	296	232	90	40	173	164	361	368	142	303	172	184	180	|
|481	388	131	239	431	201	294	389	168	337	293	221	472	324	461	256	172	0	432	280	446	273	300	70	400	442	337	330	80	271	490	391	217	391	167	191	194	339	286	468	483	294	239	289	203	26	|
|113	204	382	458	217	421	155	206	354	173	403	259	128	226	30	360	301	432	0	499	52	426	287	367	133	246	95	355	356	246	208	187	219	100	360	376	261	167	395	90	81	337	381	406	478	425	|
|593	565	395	48	365	474	432	337	420	332	110	423	463	283	521	508	227	280	499	0	482	77	521	260	542	356	431	178	262	472	647	352	368	516	422	137	264	338	114	573	576	174	499	106	78	304	|
|159	254	410	445	172	455	189	168	385	150	381	292	76	201	49	400	300	446	52	482	0	407	331	378	184	201	122	327	367	286	258	149	242	150	391	367	263	144	374	137	122	314	419	384	470	441	|
|523	506	371	57	289	451	371	260	389	257	36	376	386	207	447	473	174	273	426	77	407	0	475	234	477	280	363	104	234	422	583	275	313	449	392	91	205	263	38	503	504	97	468	31	108	294	|
|261	118	180	474	436	167	155	402	139	337	474	99	398	369	313	84	302	300	287	521	331	475	0	275	173	462	220	465	268	58	219	390	168	193	142	388	275	333	464	261	286	430	111	473	462	279	|
|424	346	137	214	362	217	237	320	161	267	248	183	403	256	396	250	105	70	367	260	378	234	275	0	348	374	274	274	11	234	444	321	159	335	163	145	124	269	239	409	422	237	239	245	191	76	|
|90	71	314	496	333	330	113	311	277	258	463	186	260	307	152	255	318	400	133	542	184	477	173	348	0	362	121	430	338	150	106	293	190	37	282	406	279	252	454	88	113	403	280	464	502	386	|
|359	423	466	333	30	533	308	61	458	127	245	386	141	118	250	507	270	442	246	356	201	280	462	374	362	0	252	178	365	406	453	73	313	325	463	286	254	130	242	336	324	187	517	250	374	449	|
|163	173	289	387	224	333	68	196	263	139	345	170	180	186	125	282	217	337	95	431	122	363	220	274	121	252	0	310	263	168	225	180	124	88	269	300	177	133	337	144	152	284	299	347	400	330	|
|461	471	400	160	189	478	336	167	408	182	68	370	294	129	371	482	180	330	355	178	327	104	465	274	430	178	310	0	269	408	534	184	297	398	412	142	194	188	66	439	436	38	482	73	206	345	|
|413	336	137	216	353	217	227	311	158	258	246	175	392	247	385	246	97	80	356	262	367	234	268	11	338	365	263	269	0	226	434	312	149	324	160	143	115	259	237	399	411	232	237	243	196	84	|
|240	118	167	424	380	181	101	345	128	280	419	52	349	311	273	115	249	271	246	472	286	422	58	234	150	406	168	408	226	0	223	333	111	160	133	336	219	276	409	235	258	373	136	418	416	252	|
|105	105	389	601	423	386	216	406	349	359	568	269	334	409	214	302	423	490	208	647	258	583	219	444	106	453	225	534	434	223	0	388	289	137	353	511	384	353	559	123	145	508	330	570	606	473	|
|299	352	401	321	47	466	236	19	391	58	244	315	111	74	196	437	221	391	187	352	149	275	390	321	293	73	180	184	312	333	388	0	243	257	396	258	197	60	238	276	267	178	448	248	355	395	|
|265	198	169	320	291	225	78	252	150	186	308	76	287	208	249	196	141	217	219	368	242	313	168	159	190	313	124	297	149	111	289	243	0	176	156	231	109	183	299	251	266	262	205	308	319	207	|
|89	105	316	471	296	341	98	275	282	223	433	187	224	273	121	271	296	391	100	516	150	449	193	335	37	325	88	398	324	160	137	257	176	0	287	382	256	217	424	78	98	372	295	434	480	379	|
|371	248	39	376	443	70	205	403	6	338	400	102	442	351	389	90	232	167	360	422	391	392	142	163	282	463	269	412	160	133	353	396	156	287	0	301	222	336	391	365	386	374	77	398	353	143	|
|462	428	280	90	285	360	296	248	298	222	104	288	362	183	400	382	90	191	376	137	367	91	388	145	406	286	300	142	143	336	511	258	231	382	301	0	127	226	96	443	448	110	376	100	103	209	|
|339	302	217	217	240	291	168	198	218	143	200	177	280	136	288	288	40	194	261	264	263	205	275	124	279	254	177	194	115	219	384	197	109	256	222	127	0	145	190	321	328	157	289	199	224	198	|
|273	305	342	301	107	406	181	70	331	6	237	256	139	59	185	377	173	339	167	338	144	263	333	269	252	130	133	188	259	276	353	60	183	217	336	226	145	0	230	251	248	170	388	240	328	341	|
|495	487	373	93	251	453	350	223	388	224	9	365	350	173	415	469	164	286	395	114	374	38	464	239	454	242	337	66	237	409	559	238	299	424	391	96	190	230	0	474	474	61	465	11	141	305	|
|22	153	394	530	307	416	174	296	359	258	482	265	212	311	91	343	361	468	90	573	137	503	261	409	88	336	144	439	399	235	123	276	251	78	365	443	321	251	474	0	26	418	367	485	544	456	|
|41	179	414	534	294	438	190	286	380	254	482	285	194	307	74	367	368	483	81	576	122	504	286	422	113	324	152	436	411	258	145	267	266	98	386	448	328	248	474	26	0	416	391	484	550	472	|
|439	441	362	146	193	440	305	164	370	164	67	333	289	113	355	444	142	294	337	174	314	97	430	237	403	187	284	38	232	373	508	178	262	372	374	110	157	170	61	418	416	0	444	71	187	309	|
|369	230	108	452	495	59	231	457	78	390	474	133	479	410	408	28	303	239	381	499	419	468	111	239	280	517	299	482	237	136	330	448	205	295	77	376	289	388	465	367	391	444	0	472	429	214	|
|506	497	380	88	260	460	360	233	395	234	5	374	360	183	425	476	172	289	406	106	384	31	473	245	464	250	347	73	243	418	570	248	308	434	398	100	199	240	11	485	484	71	472	0	137	309	|
|563	517	324	52	378	400	390	344	352	323	142	365	463	282	503	441	184	203	478	78	470	108	462	191	502	374	400	206	196	416	606	355	319	480	353	103	224	328	141	544	550	187	429	137	0	228	|
|468	370	106	262	437	176	283	395	144	340	312	204	472	331	454	232	180	26	425	304	441	294	279	76	386	449	330	345	84	252	473	395	207	379	143	209	198	341	305	456	472	309	214	309	228	0	|

--------------------------------------------------------------------------------
Building model...
	using lazy and cut (CVRPSEP package)
Solving IRP LP...
--------------------------------------------------------------------------------

Gurobi 9.1.0 (linux64) logging started Sun Jan 10 01:08:02 2021

Gurobi Optimizer version 9.1.0 build v9.1.0rc0 (linux64)
Thread count: 32 physical cores, 32 logical processors, using up to 2 threads
Optimize a model with 1291 rows, 10318 columns and 23845 nonzeros
Model fingerprint: 0x53e1bd2e
Variable types: 589 continuous, 9729 integer (414 binary)
Coefficient statistics:
  Matrix range     [1e+00, 7e+13]
  Objective range  [1e-02, 6e+02]
  Bounds range     [1e+00, 3e+02]
  RHS range        [1e+01, 5e+03]
Warning: Model contains large matrix coefficient range
         Consider reformulating model or setting NumericFocus parameter
         to avoid numerical issues.
Presolve removed 228 rows and 153 columns
Presolve time: 0.08s
Presolved: 1063 rows, 10165 columns, 22485 nonzeros
Variable types: 500 continuous, 9665 integer (9254 binary)

