




arguments: ./build/mirp_solver -f ./input/orig_exec_41.cfg
Current dir: /scratch/gui/bnc_mirp
File verbosity level: 9
date       time         ( uptime  ) [ thread name/id ]                   file:line     v| 
2021-01-09 03:28:35.006 (   5.072s) [main thread     ]             loguru.cpp:789   INFO| Logging to './output/vi_vr/OU/V2/Original/execution_09_01_2021_03_28_33.log', mode: 'a', verbosity: 9
--------------------------------------------------------------------------------
Parameters
                           instance_path           ./input/Instances/Original/2/
                            model_policy                                       1
                             nb_vehicles                                       2
                              output_dir          ./output/vi_vr/OU/V2/Original/
                            sec_strategy                                       1
                       solver_nb_threads                                       2
                         solver_show_log                                    true
                       solver_time_limit                                    3600
                              use_vi_cos                                   false
                              use_vi_cus                                   false
                         use_vi_hc1_full                                   false
                         use_vi_hc1_half                                   false
                      use_vi_hc1_quarter                                   false
                              use_vi_hc2                                   false
                              use_vi_hc3                                   false
                         use_vi_lex_full                                   false
                         use_vi_lex_half                                   false
                      use_vi_lex_quarter                                   false
                              use_vi_qua                                   false
                               use_vi_vc                                   false
                               use_vi_vr                                    true
--------------------------------------------------------------------------------
executing instance: ./input/Instances/Original/2/absH3high_3n40.dat
--------------------------------------------------------------------------------
Instance details
n	41
H	3
C	3283
Li:
[0, 0, 0, 0, 0, 0, 0, 0, 0, 0, 0, 0, 0, 0, 0, 0, 0, 0, 0, 0, 0, 0, 0, 0, 0, 0, 0, 0, 0, 0, 0, 0, 0, 0, 0, 0, 0, 0, 0, 0, 0, ]
Ui:
[0, 63, 111, 99, 96, 111, 282, 122, 156, 261, 42, 192, 126, 42, 162, 207, 159, 122, 102, 190, 118, 102, 132, 102, 165, 252, 66, 52, 22, 114, 210, 176, 116, 294, 78, 152, 210, 45, 130, 198, 174, ]
Distance matrix:
|0	208	225	252	227	143	258	127	267	150	28	83	163	286	57	149	201	137	214	255	70	73	107	186	328	266	249	343	222	177	293	144	262	215	167	120	169	218	143	173	255	|
|208	0	397	355	416	198	216	99	211	275	193	172	97	166	240	225	362	109	277	314	182	216	273	374	298	208	319	161	14	103	93	120	58	196	152	156	372	227	260	218	453	|
|225	397	0	427	53	364	482	343	492	129	253	225	382	386	171	188	39	291	187	195	295	182	282	55	326	491	180	551	408	315	457	366	455	275	392	244	221	439	341	214	101	|
|252	355	427	0	401	158	201	263	219	396	234	328	259	498	299	400	420	354	465	506	205	324	152	374	574	219	499	393	366	389	446	235	378	456	205	359	224	150	111	423	400	|
|227	416	53	401	0	357	477	352	489	165	253	245	389	424	179	223	85	315	234	245	293	200	264	42	375	488	231	565	428	344	484	370	474	314	392	270	184	430	325	252	50	|
|143	198	364	158	357	0	121	105	134	290	116	196	103	342	200	276	343	205	343	385	74	210	112	319	432	133	382	265	209	237	290	78	226	313	57	220	232	75	69	292	375	|
|258	216	482	201	477	121	0	168	18	397	230	293	135	381	314	372	459	275	437	480	188	317	228	439	501	18	479	197	222	296	290	132	212	386	95	306	347	58	173	381	496	|
|127	99	343	263	352	105	168	0	171	239	105	130	40	237	173	206	313	109	270	312	84	164	175	310	337	169	313	216	112	135	192	37	142	220	77	138	280	155	162	213	382	|
|267	211	492	219	489	134	18	171	0	404	240	298	136	376	323	376	468	276	441	483	198	324	243	450	500	2	483	181	215	294	281	136	202	386	102	309	363	75	189	384	509	|
|150	275	129	396	165	290	397	239	404	0	175	110	279	259	97	59	91	166	84	116	217	80	245	130	226	402	106	434	286	187	329	269	333	149	302	119	244	364	291	87	213	|
|28	193	253	234	253	116	230	105	240	175	0	94	139	286	84	167	229	136	234	275	43	96	98	212	341	238	271	320	206	175	281	118	244	225	140	128	180	191	124	189	280	|
|83	172	225	328	245	196	293	130	298	110	94	0	169	209	77	80	191	71	147	189	127	45	189	203	247	296	187	327	184	106	241	162	230	132	198	38	242	266	217	96	285	|
|163	97	382	259	389	103	135	40	136	279	139	169	0	253	212	244	353	141	307	349	110	203	194	347	366	133	350	183	107	161	187	27	124	251	56	175	306	133	169	249	418	|
|286	166	386	498	424	342	381	237	376	259	286	209	253	0	284	201	347	151	210	230	299	247	383	387	155	374	242	290	162	112	129	270	192	113	308	172	451	386	391	172	471	|
|57	240	171	299	179	200	314	173	323	97	84	77	212	284	0	112	145	147	170	208	127	38	148	137	299	321	201	386	253	183	315	195	297	195	222	112	171	275	195	142	214	|
|149	225	188	400	223	276	372	206	376	59	167	80	244	201	112	0	149	117	67	110	205	78	254	186	187	374	108	387	235	132	272	240	283	93	277	71	279	346	291	32	270	|
|201	362	39	420	85	343	459	313	468	91	229	191	353	347	145	149	0	254	149	160	272	150	271	66	290	466	146	518	373	278	419	339	420	235	367	207	227	418	327	175	135	|
|137	109	291	354	315	205	275	109	276	166	136	71	141	151	147	117	254	0	172	212	151	116	232	273	229	274	215	270	119	39	170	145	167	111	186	47	305	263	245	113	356	|
|214	277	187	465	234	343	437	270	441	84	234	147	307	210	170	67	149	172	0	42	272	141	317	205	144	439	43	437	284	175	307	305	331	99	343	132	327	413	357	60	283	|
|255	314	195	506	245	385	480	312	483	116	275	189	349	230	208	110	160	212	42	0	314	182	356	222	132	481	15	474	321	212	337	347	367	126	385	174	358	455	398	100	295	|
|70	182	295	205	293	74	188	84	198	217	43	127	110	299	127	205	272	151	272	314	0	137	91	253	370	196	310	292	195	188	274	85	226	252	99	155	197	148	94	223	316	|
|73	216	182	324	200	210	317	164	324	80	96	45	203	247	38	78	150	116	141	182	137	0	176	158	263	323	176	369	229	150	286	191	274	157	223	77	208	284	216	106	239	|
|107	273	282	152	264	112	228	175	243	245	98	189	194	383	148	254	271	232	317	356	91	176	0	231	435	242	349	371	286	271	365	167	315	321	164	224	120	174	61	280	274	|
|186	374	55	374	42	319	439	310	450	130	212	203	347	387	137	186	66	273	205	222	253	158	231	0	348	448	208	523	386	303	442	329	431	279	352	229	167	392	291	217	85	|
|328	298	326	574	375	432	501	337	500	226	341	247	366	155	299	187	290	229	144	132	370	263	435	348	0	498	147	441	299	206	283	374	338	119	414	215	465	492	463	157	425	|
|266	208	491	219	488	133	18	169	2	402	238	296	133	374	321	374	466	274	439	481	196	323	242	448	498	0	481	180	213	292	278	134	200	384	100	307	362	75	188	381	508	|
|249	319	180	499	231	382	479	313	483	106	271	187	350	242	201	108	146	215	43	15	310	176	349	208	147	481	0	480	326	217	346	347	373	135	385	175	347	454	392	103	280	|
|343	161	551	393	565	265	197	216	181	434	320	327	183	290	386	387	518	270	437	474	292	369	371	523	441	180	480	0	153	263	163	207	107	352	208	317	487	244	334	379	598	|
|222	14	408	366	428	209	222	112	215	286	206	184	107	162	253	235	373	119	284	321	195	229	286	386	299	213	326	153	0	109	81	132	48	201	162	167	386	236	272	226	466	|
|177	103	315	389	344	237	296	135	294	187	175	106	161	112	183	132	278	39	175	212	188	150	271	303	206	292	217	263	109	0	142	171	156	95	211	74	344	289	281	118	386	|
|293	93	457	446	484	290	290	192	281	329	281	241	187	129	315	272	419	170	307	337	274	286	365	442	283	278	346	163	81	142	0	212	79	211	241	214	461	311	353	254	525	|
|144	120	366	235	370	78	132	37	136	269	118	162	27	270	195	240	339	145	305	347	85	191	167	329	374	134	347	207	132	171	212	0	151	257	40	174	280	119	142	248	398	|
|262	58	455	378	474	226	212	142	202	333	244	230	124	192	297	283	420	167	331	367	226	274	315	431	338	200	373	107	48	156	79	151	0	245	173	214	421	237	293	273	510	|
|215	196	275	456	314	313	386	220	386	149	225	132	251	113	195	93	235	111	99	126	252	157	321	279	119	384	135	352	201	95	211	257	245	0	297	97	365	374	345	62	362	|
|167	152	392	205	392	57	95	77	102	302	140	198	56	308	222	277	367	186	343	385	99	223	164	352	414	100	385	208	162	211	241	40	173	297	0	213	283	79	126	287	415	|
|120	156	244	359	270	220	306	138	309	119	128	38	175	172	112	71	207	47	132	174	155	77	224	229	215	307	175	317	167	74	214	174	214	97	213	0	280	286	248	75	313	|
|169	372	221	224	184	232	347	280	363	244	180	242	306	451	171	279	227	305	327	358	197	208	120	167	465	362	347	487	386	344	461	280	421	365	283	280	0	291	175	310	176	|
|218	227	439	150	430	75	58	155	75	364	191	266	133	386	275	346	418	263	413	455	148	284	174	392	492	75	454	244	236	289	311	119	237	374	79	286	291	0	116	359	445	|
|143	260	341	111	325	69	173	162	189	291	124	217	169	391	195	291	327	245	357	398	94	216	61	291	463	188	392	334	272	281	353	142	293	345	126	248	175	116	0	313	335	|
|173	218	214	423	252	292	381	213	384	87	189	96	249	172	142	32	175	113	60	100	223	106	280	217	157	381	103	379	226	118	254	248	273	62	287	75	310	359	313	0	300	|
|255	453	101	400	50	375	496	382	509	213	280	285	418	471	214	270	135	356	283	295	316	239	274	85	425	508	280	598	466	386	525	398	510	362	415	313	176	445	335	300	0	|

--------------------------------------------------------------------------------
Building model...
	using lazy and cut (CVRPSEP package)
Solving IRP LP...
--------------------------------------------------------------------------------

Gurobi 9.1.0 (linux64) logging started Sat Jan  9 03:28:42 2021

Gurobi Optimizer version 9.1.0 build v9.1.0rc0 (linux64)
Thread count: 32 physical cores, 32 logical processors, using up to 2 threads
Optimize a model with 1139 rows, 5570 columns and 12782 nonzeros
Model fingerprint: 0xba7ab801
Variable types: 404 continuous, 5166 integer (246 binary)
Coefficient statistics:
  Matrix range     [1e+00, 2e+03]
  Objective range  [1e-01, 6e+02]
  Bounds range     [1e+00, 3e+02]
  RHS range        [1e+01, 6e+03]
Presolve removed 525 rows and 162 columns
Presolve time: 0.10s
Presolved: 614 rows, 5408 columns, 11775 nonzeros
Variable types: 242 continuous, 5166 integer (4926 binary)

Root relaxation: objective 1.220584e+04, 517 iterations, 0.01 seconds

    Nodes    |    Current Node    |     Objective Bounds      |     Work
 Expl Unexpl |  Obj  Depth IntInf | Incumbent    BestBd   Gap | It/Node Time

     0     0 12205.8423    0  119          - 12205.8423      -     -    0s
     0     0 12649.7805    0  122          - 12649.7805      -     -    0s
     0     0 12658.1361    0  119          - 12658.1361      -     -    0s
     0     0 12658.1459    0  122          - 12658.1459      -     -    0s
     0     0 13279.3695    0  168          - 13279.3695      -     -    0s
     0     0 13422.7793    0  170          - 13422.7793      -     -    0s
     0     0 13423.2449    0  176          - 13423.2449      -     -    0s
     0     0 13552.9481    0  189          - 13552.9481      -     -    0s
     0     0 13587.8280    0  232          - 13587.8280      -     -    0s
     0     0 13593.7162    0  189          - 13593.7162      -     -    0s
     0     0 13595.3931    0  232          - 13595.3931      -     -    0s
     0     0 13659.0609    0  249          - 13659.0609      -     -    1s
     0     0 13666.1335    0  253          - 13666.1335      -     -    1s
     0     0 13669.4296    0  239          - 13669.4296      -     -    1s
     0     0 13671.0441    0  238          - 13671.0441      -     -    1s
     0     0 13688.1341    0  330          - 13688.1341      -     -    1s
     0     0 13691.1550    0  265          - 13691.1550      -     -    1s
     0     0 13693.4875    0  317          - 13693.4875      -     -    1s
     0     0 13698.4477    0  291          - 13698.4477      -     -    1s
     0     0 13699.0017    0  293          - 13699.0017      -     -    1s
     0     0 13713.0821    0  318          - 13713.0821      -     -    1s
     0     0 13713.0821    0  292          - 13713.0821      -     -    1s
     0     2 13713.0821    0  292          - 13713.0821      -     -    2s
   126   141 14017.9482   37  159          - 13713.8273      -   154    5s
H  154   156                    15109.680000 13713.8273  9.24%   137    5s
H  242   248                    15083.360000 13713.8273  9.08%   107    8s
H  272   272                    14862.630000 13713.8273  7.73%   100    8s
H  298   285                    14839.630000 13713.8273  7.59%  97.0    9s
   312   287 14353.7662   79   65 14839.6300 13713.8273  7.59%  95.9   10s
H  472   436                    14808.670000 13720.7751  7.35%  92.7   13s
   637   588 14392.5178   56   23 14808.6700 13720.7751  7.35%  82.5   17s
H  638   582                    14772.670000 13720.7751  7.12%  82.3   17s
   740   680 14276.1133   27  191 14772.6700 13720.7751  7.12%  75.9   20s
   778   705 14179.1882   49  372 14772.6700 13818.1267  6.46%  72.2   25s
   803   722 14250.4418   70  365 14772.6700 13821.9091  6.44%  69.9   30s
H  831   704                    14750.670000 13823.7333  6.28%  78.3   35s
   845   714 14643.1857   73  390 14750.6700 13827.2306  6.26%  77.0   54s
   849   716 14027.3352   41  384 14750.6700 13827.4774  6.26%  76.6   55s
   861   727 13843.1246   27  344 14750.6700 13836.2645  6.20%  84.1   60s
H  935   745                    14745.670000 13857.0721  6.03%  97.5   64s
   941   749 13951.1526   44  262 14745.6700 13857.0721  6.03%  98.2   65s
H 1004   753                    14738.670000 13857.0721  5.98%   103   67s
H 1037   745                    14731.670000 13857.0721  5.94%   105   68s
H 1063   736                    14702.670000 13857.0721  5.75%   105   69s
  1075   747 13983.4471   78  237 14702.6700 13857.0721  5.75%   106   70s
H 1099   722                    14680.670000 13857.0721  5.61%   107   71s
  1233   843 14143.2330  113  196 14680.6700 13857.0721  5.61%   109   75s
H 1275   834                    14668.830000 13857.0721  5.53%   109   77s
  1379   909 14499.3121  147  125 14668.8300 13857.0721  5.53%   109   80s
  1580   924 13943.2007   38  283 14668.8300 13857.0811  5.53%   108   85s
  1744  1050 14164.0771   59  230 14668.8300 13857.0811  5.53%   108   90s
  1889  1142 14284.7639   81  133 14668.8300 13857.0811  5.53%   109   95s
  1990  1218 14325.0248   98  239 14668.8300 13857.0811  5.53%   109  100s
  2232  1382 14352.2460  117  200 14668.8300 13857.0811  5.53%   103  105s
  2385  1436 14451.2878  140  168 14668.8300 13857.0811  5.53%   103  111s
  2510  1487 14552.2096  168  137 14668.8300 13886.6825  5.33%   106  116s
  2646  1633     cutoff   84      14668.8300 13908.0551  5.19%   107  121s
  2833  1677 14016.1972   42  293 14668.8300 13911.5573  5.16%   105  125s
  2915  1783 14160.8180   57  136 14668.8300 13911.5573  5.16%   108  130s
  2990  1904 14199.2538   71  207 14668.8300 13911.5573  5.16%   108  135s
  3182  2207 14317.5999  137   82 14668.8300 13911.5573  5.16%   105  141s
  3518  2336 14425.8097   37  154 14668.8300 13915.1048  5.14%  98.9  147s
  3557  2373 14597.2150   48   29 14668.8300 13915.1144  5.14%   100  150s
  3726  2512     cutoff   85      14668.8300 13921.6515  5.09%   100  155s
H 3728  2459                    14634.170000 13921.6515  4.87%   100  155s
  3952  2674 14259.9834   40  183 14634.1700 13922.6496  4.86%  98.0  162s
  4072  2788 14158.8862   35  262 14634.1700 13922.6496  4.86%  97.5  165s
  4279  3033 14119.0649   36  229 14634.1700 13929.4508  4.82%  97.5  172s
  4481  3232 14295.1253   43  187 14634.1700 13931.3089  4.80%  95.5  176s
  4705  3298 14090.0062   32  244 14634.1700 13931.3677  4.80%  93.7  181s
  4852  3431 14567.6159  153   96 14634.1700 13933.1105  4.79%  93.0  185s
  5209  3735 14081.8464   30  234 14634.1700 13939.2848  4.75%  91.0  193s
  5318  3809 14239.4241   42  196 14634.1700 13940.2613  4.74%  91.5  197s
  5416  3984 14049.1537   28  343 14634.1700 13940.5652  4.74%  92.3  202s
  5595  4139 14308.0152   48   43 14634.1700 13940.5652  4.74%  91.8  207s
  5784  4277 14380.6295  118   26 14634.1700 13940.7079  4.74%  91.0  215s
  5995  4326     cutoff  198      14634.1700 13941.2100  4.74%  89.9  221s
  6063  4366 14602.7118   49  168 14634.1700 13946.8121  4.70%  90.9  225s
  6153  4484 14527.9202   57   76 14634.1700 13946.9189  4.70%  91.5  230s
  6294  4611 14029.7912   46  286 14634.1700 13946.9189  4.70%  91.3  235s
  6440  4764 14322.8658   97   49 14634.1700 13951.4848  4.67%  91.4  240s
  6627  4869 14577.5420   68   85 14634.1700 13955.7220  4.64%  91.0  246s
  6770  4942 14103.8416   34  233 14634.1700 13961.4269  4.60%  91.6  251s
H 6821  4864                    14612.850000 13961.7294  4.46%  91.9  252s
  6870  4954 14100.4719   42  274 14612.8500 13961.7294  4.46%  92.3  257s
  6994  5119 14581.2426   79   84 14612.8500 13962.0719  4.45%  92.3  263s
  7230  5249 14348.1508   51   15 14612.8500 13963.2173  4.45%  91.4  269s
  7448  5354 14561.9403   97    7 14612.8500 13965.9522  4.43%  91.2  275s
  7566  5408 14610.0969   75  146 14612.8500 13967.3734  4.42%  91.8  280s
  7639  5548 14534.5341   60  172 14612.8500 13967.9725  4.41%  92.9  285s
  7837  5614 14167.4343   54  179 14612.8500 13971.5793  4.39%  93.0  291s
  7922  5816 14230.6518   46  187 14612.8500 13975.8704  4.36%  93.3  297s
  8168  5880 infeasible   88      14612.8500 13976.5693  4.35%  92.3  304s
  8260  5995     cutoff   84      14612.8500 13978.6587  4.34%  92.7  309s
  8423  6096 14244.4246   32  207 14612.8500 13980.2484  4.33%  93.0  315s
  8557  6214 14321.6522   51  237 14612.8500 13983.7294  4.31%  93.6  320s
  8721  6422 14199.1627   37  189 14612.8500 13985.6167  4.29%  94.0  326s
  8978  6535 14086.4575   41  233 14612.8500 13987.4901  4.28%  93.4  334s
  9119  6633     cutoff   78      14612.8500 13988.9945  4.27%  93.7  340s
  9238  6754 14274.8732   42  268 14612.8500 13989.4908  4.27%  94.2  345s
  9409  6876 14190.0600   34  210 14612.8500 13991.0006  4.26%  94.5  355s
  9559  6966 14456.4153   49  159 14612.8500 13991.2602  4.25%  94.9  360s
  9688  7178 14403.1356   79   89 14612.8500 13991.4193  4.25%  95.6  367s
  9859  7178 14472.5836   88   14 14612.8500 13992.2538  4.25%  95.0  371s
  9944  7261 14146.5767   66  239 14612.8500 13992.3263  4.25%  94.8  377s
 10083  7475 14584.1639   43  210 14612.8500 13995.2095  4.23%  95.1  383s
 10349  7677 14181.8079   42  218 14612.8500 13996.9011  4.22%  94.5  390s
 10597  7899 14192.4021   53  297 14612.8500 13997.8549  4.21%  93.9  397s
 10884  8050 14568.9700  100    4 14612.8500 13999.6771  4.20%  93.1  404s
 10977  8055 14226.0602   57  111 14612.8500 14000.5759  4.19%  93.1  405s
 11071  8136     cutoff  102      14612.8500 14000.8544  4.19%  93.1  410s
 11184  8204 14569.7488   78  132 14612.8500 14003.6834  4.17%  93.6  415s
 11294  8347 14423.4652   59  244 14612.8500 14004.8055  4.16%  94.3  421s
 11478  8440 14470.4658   70  138 14612.8500 14006.0403  4.15%  94.4  428s
 11610  8602 14100.3186   33  260 14612.8500 14009.2864  4.13%  94.4  434s
 11654  8602 14499.9909   77   29 14612.8500 14009.2864  4.13%  94.5  435s
 11829  8775 14217.4367   60  209 14612.8500 14010.1936  4.12%  94.2  441s
 12045  8879 14385.3181   44  207 14612.8500 14010.7691  4.12%  94.1  447s
 12185  8991 14595.3409   54   84 14612.8500 14012.1533  4.11%  94.5  454s
 12317  9097 14295.0148   50   82 14612.8500 14012.4456  4.11%  95.0  460s
 12472  9293 14339.7173   79   65 14612.8500 14012.9507  4.11%  95.3  467s
 12766  9293 14538.5546   83   14 14612.8500 14013.3720  4.10%  94.6  470s
 12776  9394 14272.3639   50  129 14612.8500 14014.3921  4.10%  94.6  476s
 12918  9462     cutoff   81      14612.8500 14015.7954  4.09%  94.8  481s
 13022  9657 14274.5052   56  164 14612.8500 14016.3172  4.08%  95.2  487s
 13239  9905 14279.0741   81   73 14612.8500 14016.5873  4.08%  95.1  494s
 13554 10004 14437.9255   45  163 14612.8500 14016.8822  4.08%  94.3  501s
 13703 10089     cutoff   60      14612.8500 14018.4711  4.07%  94.6  507s
 13805 10254 14463.1924   88  211 14612.8500 14018.6172  4.07%  94.9  513s
 14079 10351 14279.5464   41  246 14612.8500 14019.3438  4.06%  94.5  520s
 14229 10416 14551.5294   58   41 14612.8500 14019.3749  4.06%  94.8  526s
 14364 10552     cutoff   68      14612.8500 14019.9982  4.06%  95.2  532s
 14520 10739 14201.0093   53   48 14612.8500 14021.3467  4.05%  95.3  540s
 14767 10922 14583.7100  127    - 14612.8500 14023.6270  4.03%  94.9  548s
 14809 10924 14443.4500   82    - 14612.8500 14023.6270  4.03%  94.9  551s
 14989 11033     cutoff  127      14612.8500 14024.3735  4.03%  94.7  558s
 15112 11155     cutoff   65      14612.8500 14024.9597  4.02%  94.9  564s
 15206 11159 14496.1918   83   63 14612.8500 14024.9597  4.02%  94.8  565s
 15333 11257 14434.7800   65    - 14612.8500 14026.3611  4.01%  94.7  570s
 15470 11353 14430.6395   67  218 14612.8500 14026.9853  4.01%  95.0  577s
 15612 11476 14194.2012   67  119 14612.8500 14027.9164  4.00%  95.3  583s
 15767 11555 14304.8218   55  153 14612.8500 14028.3128  4.00%  95.5  590s
 15876 11709 14428.6611   61  199 14612.8500 14029.3051  3.99%  95.9  597s
 16080 11835 14529.8916   62  159 14612.8500 14029.9412  3.99%  95.8  603s
 16260 11998 14102.4493   67  259 14612.8500 14031.7012  3.98%  95.8  610s
 16477 12125 14092.3657   38  273 14612.8500 14032.4915  3.97%  95.7  617s
 16643 12236 14361.2748   67   61 14612.8500 14033.1109  3.97%  95.8  659s
 16765 12386 14383.6816   98   25 14612.8500 14033.7778  3.96%  96.0  667s
 16960 12563 14484.6727   99   89 14612.8500 14034.2330  3.96%  95.9  674s
 17081 12563 14379.5727  111   66 14612.8500 14034.2336  3.96%  95.8  675s
 17186 12654     cutoff   95      14612.8500 14034.4917  3.96%  95.7  681s
 17358 12850 14297.8702   35  204 14612.8500 14034.9524  3.95%  95.7  689s
 17555 12850 14317.6860   59   65 14612.8500 14035.7180  3.95%  95.6  690s
 17604 13074 14260.0314   45  216 14612.8500 14035.8361  3.95%  95.5  697s
 17894 13259 14109.0618   30  328 14612.8500 14036.7952  3.94%  94.8  704s
 17932 13259 14333.5884   68   43 14612.8500 14036.7952  3.94%  94.9  705s
 18115 13406 14262.6941   52  158 14612.8500 14037.6729  3.94%  94.7  713s
 18327 13551     cutoff  112      14612.8500 14038.3203  3.93%  94.5  721s
 18505 13654 14469.1367   76   22 14612.8500 14039.6348  3.92%  94.6  728s
 18664 13776 14587.3833   49   61 14612.8500 14040.6777  3.92%  94.7  735s
 18848 13929 14201.4125   39  184 14612.8500 14041.2689  3.91%  94.7  743s
 19043 14034 14180.8439   47  260 14612.8500 14041.4437  3.91%  94.7  753s
 19185 14172 14198.4462   38  194 14612.8500 14042.2108  3.91%  95.0  761s
 19349 14202 14235.8106   64  195 14612.8500 14042.5789  3.90%  95.0  772s
 19388 14338 14332.2881   81   35 14612.8500 14043.2319  3.90%  95.1  778s
 19556 14454 14247.2352   43  160 14612.8500 14043.9827  3.89%  95.2  785s
 19712 14543     cutoff   59      14612.8500 14045.3135  3.88%  95.4  792s
 19768 14543 14328.6118   37  151 14612.8500 14046.2946  3.88%  95.5  805s
 19847 14755 14437.7910   60  125 14612.8500 14046.3301  3.88%  95.6  814s
 19897 14755 14458.6200   50   10 14612.8500 14046.3301  3.88%  95.6  815s
 20118 14859 14554.1243   51  177 14612.8500 14047.4332  3.87%  95.2  822s
 20254 14944 14220.1151   54  231 14612.8500 14047.8588  3.87%  95.5  829s
 20326 14944 14600.8659   76   16 14612.8500 14047.8588  3.87%  95.5  830s
 20387 15048 14172.5149   48  259 14612.8500 14048.5616  3.86%  95.8  836s
 20522 15176 14467.4773   89   54 14612.8500 14048.9171  3.86%  96.0  843s
 20687 15340 14306.6234   50  215 14612.8500 14049.3525  3.86%  96.2  850s
 20883 15464 14541.2768   93   39 14612.8500 14049.8474  3.85%  96.2  857s
 21057 15563 14389.2914   69  116 14612.8500 14050.8123  3.85%  96.2  863s
 21205 15678 14502.6170   73  159 14612.8500 14051.6409  3.84%  96.4  871s
 21362 15880 14244.6013   38  154 14612.8500 14052.6702  3.83%  96.6  879s
 21580 16018 14330.9479   61  165 14612.8500 14052.8265  3.83%  96.4  886s
 21774 16083 14337.5930   48  179 14612.8500 14055.0255  3.82%  96.4  893s
 21875 16164 14607.7829   64   24 14612.8500 14055.1011  3.82%  96.8  900s
 22023 16360     cutoff   74      14612.8500 14056.6228  3.81%  96.9  906s
 22269 16470 14457.1440   44  205 14612.8500 14057.2651  3.80%  96.7  914s
 22423 16473 14305.5750   50   91 14612.8500 14057.5708  3.80%  96.8  915s
 22425 16642     cutoff   63      14612.8500 14057.6063  3.80%  96.8  922s
 22640 16755 14573.5194   47  238 14612.8500 14058.3709  3.79%  96.8  931s
 22785 16929 14471.3121   80    8 14612.8500 14058.6398  3.79%  97.0  939s
 22877 16929 14509.7933  126   37 14612.8500 14058.6398  3.79%  96.8  940s
 23099 17036     cutoff  161      14612.8500 14058.9308  3.79%  96.4  947s
 23253 17186 14328.0147   61  167 14612.8500 14059.6096  3.79%  96.6  955s
 23451 17331 14540.9098   43  135 14612.8500 14059.9276  3.78%  96.5  963s
 23635 17420 14284.6516   62  272 14612.8500 14060.1344  3.78%  96.6  978s
 23766 17597 14409.5986   67  223 14612.8500 14061.2543  3.77%  96.8  986s
 23993 17716 14192.7789   35  186 14612.8500 14061.8255  3.77%  96.6  994s
 24048 17716     cutoff  124      14612.8500 14061.8484  3.77%  96.7  995s
 24150 17830 14449.7586   54  118 14612.8500 14062.1170  3.77%  96.7 1002s
 24307 17960 14282.2267   46  207 14612.8500 14062.5133  3.77%  96.9 1011s
 24464 18029 14207.1616   41  235 14612.8500 14062.7012  3.76%  97.0 1023s
 24603 18150 14446.6684   55   97 14612.8500 14063.0591  3.76%  97.2 1031s
 24781 18278 14524.2239   58   98 14612.8500 14063.4685  3.76%  97.2 1038s
 24952 18367 14533.7100   90    - 14612.8500 14063.6271  3.76%  97.3 1046s
 25087 18431 14237.0212   68  282 14612.8500 14064.1822  3.75%  97.5 1052s
 25190 18494 14603.7026   69   65 14612.8500 14064.4485  3.75%  97.8 1063s
 25285 18623 14336.8339   65   49 14612.8500 14064.6585  3.75%  98.1 1072s
 25530 18706     cutoff   93      14612.8500 14065.7532  3.74%  97.9 1080s
 25632 18778 14606.7800   49   28 14612.8500 14065.8695  3.74%  98.1 1087s
 25747 18956 14462.5026   61  146 14612.8500 14066.1025  3.74%  98.4 1094s
 25865 18957 14606.0164   95    4 14612.8500 14066.1025  3.74%  98.3 1095s
 25982 19090     cutoff   96      14612.8500 14066.4893  3.74%  98.2 1102s
 26158 19153 14237.2127   52  128 14612.8500 14067.4177  3.73%  98.3 1109s
 26247 19219 14594.8688   66   96 14612.8500 14067.9233  3.73%  98.6 1116s
 26379 19338 14532.2903   69  124 14612.8500 14068.3184  3.73%  98.8 1123s
 26537 19489 14356.4267   67   56 14612.8500 14068.9323  3.72%  98.9 1131s
 26728 19666 14462.2024   56  140 14612.8500 14069.5645  3.72%  98.9 1139s
 26765 19668 14594.5469   80    8 14612.8500 14069.5645  3.72%  98.8 1140s
 26970 19766     cutoff   67      14612.8500 14069.7687  3.72%  98.7 1147s
 27112 19877 14269.1373   38  284 14612.8500 14070.2059  3.71%  98.9 1154s
 27220 19877 14409.7864   66   68 14612.8500 14070.4399  3.71%  99.1 1155s
 27248 20018 14457.0459   60   99 14612.8500 14070.6096  3.71%  99.1 1163s
 27427 20095 14285.7115   35  162 14612.8500 14070.8893  3.71%  99.1 1171s
 27575 20153     cutoff   72      14612.8500 14071.1873  3.71%  99.2 1178s
 27668 20225     cutoff   70      14612.8500 14071.8591  3.70%   100 1185s
 27792 20339 14311.2036   92  257 14612.8500 14072.3965  3.70%   100 1197s
 27978 20441 infeasible  141      14612.8500 14072.4012  3.70%   100 1206s
 28123 20601 14411.3123   46  156 14612.8500 14072.7413  3.70%   100 1214s
 28342 20705 14606.0146   82  119 14612.8500 14072.8610  3.70%   100 1223s
 28484 20854     cutoff   80      14612.8500 14073.3960  3.69%   100 1232s
 28533 20854 14331.2588   48  167 14612.8500 14073.3960  3.69%   100 1238s
 28692 20944 14265.4019   56  186 14612.8500 14073.7096  3.69%   100 1246s
 28807 21030 14286.8282   55  236 14612.8500 14073.7860  3.69%   100 1254s
 28915 21151 14461.6587   73  162 14612.8500 14074.0069  3.69%   100 1262s
 29096 21220 14527.5501  102   18 14612.8500 14074.5814  3.68%   100 1273s
 29229 21334 14538.3400   63    8 14612.8500 14075.1077  3.68%   100 1282s
 29403 21472     cutoff   74      14612.8500 14075.3544  3.68%   101 1290s
 29589 21575 14488.7365   69  153 14612.8500 14075.8662  3.67%   101 1298s
 29728 21677 14392.7852   54  239 14612.8500 14076.2541  3.67%   101 1304s
 29783 21677 14483.1833   70  185 14612.8500 14076.2541  3.67%   101 1305s
 29871 21747 14237.5778   33  276 14612.8500 14076.4832  3.67%   101 1312s
 29975 21812 14529.7206   68  110 14612.8500 14076.5164  3.67%   101 1319s
 30088 21903 14187.9189   46  303 14612.8500 14076.8452  3.67%   101 1326s
 30209 22013 14397.0692   61   89 14612.8500 14077.0551  3.67%   101 1334s
 30343 22064 14279.4297   46  171 14612.8500 14077.2611  3.67%   101 1344s
 30408 22207 14290.4114   60  124 14612.8500 14077.5259  3.66%   102 1352s
 30597 22343 14421.8421   65  153 14612.8500 14078.0911  3.66%   102 1360s
 30797 22484 14224.9710   48  188 14612.8500 14078.3088  3.66%   101 1368s
 30985 22574 14397.8218   63   51 14612.8500 14078.8357  3.65%   101 1375s
 31113 22689     cutoff   75      14612.8500 14079.6424  3.65%   101 1383s
 31265 22806 14152.2649   55  303 14612.8500 14080.6249  3.64%   102 1390s
 31417 22884 14132.5692   30  247 14612.8500 14081.0767  3.64%   102 1397s
 31527 22980     cutoff   66      14612.8500 14081.2605  3.64%   102 1404s
 31648 23072 14267.0338   42  290 14612.8500 14082.0506  3.63%   102 1411s
 31771 23148 14473.5658   79  134 14612.8500 14082.3357  3.63%   102 1419s
 31879 23227 14260.4446   34  238 14612.8500 14082.4291  3.63%   102 1427s
 31995 23417 14390.6163   70   99 14612.8500 14082.6790  3.63%   102 1437s
 32217 23419 14566.0927   82   56 14612.8500 14083.0312  3.63%   102 1440s
 32224 23531 14581.7551   44  150 14612.8500 14083.0844  3.63%   102 1448s
 32388 23638     cutoff   70      14612.8500 14084.0301  3.62%   102 1456s
 32531 23755     cutoff   79      14612.8500 14084.3137  3.62%   102 1465s
 32697 23837 14521.8583   47  208 14612.8500 14084.5336  3.62%   102 1474s
 32832 23983 14437.7470   60   83 14612.8500 14084.7958  3.61%   102 1482s
 33032 24060 14299.4646   41  266 14612.8500 14085.1447  3.61%   102 1490s
 33149 24119     cutoff   68      14612.8500 14085.2433  3.61%   103 1498s
 33237 24255 14540.1653   42  156 14612.8500 14085.5175  3.61%   103 1505s
 33437 24362 14293.7391   37  251 14612.8500 14085.6704  3.61%   103 1513s
 33590 24451 14180.1659   57  266 14612.8500 14086.2486  3.60%   103 1521s
 33699 24558 14351.5000   61  111 14612.8500 14086.2993  3.60%   103 1529s
 33839 24558 14495.6614   65  122 14612.8500 14086.2993  3.60%   103 1530s
 33873 24630 14566.0435   83  110 14612.8500 14086.5069  3.60%   103 1537s
 34041 24739 14240.4292   81  135 14612.8500 14086.9392  3.60%   103 1545s
 34172 24857 14523.2067  109   63 14612.8500 14087.1554  3.60%   103 1555s
 34343 24913 14522.5119   87   27 14612.8500 14087.3758  3.60%   103 1564s
 34403 24913     cutoff   87      14612.8500 14087.4396  3.60%   103 1565s
 34453 24963 14569.3842   51  188 14612.8500 14087.5291  3.59%   104 1572s
 34549 25058 14477.8229   69  138 14612.8500 14087.8194  3.59%   104 1582s
 34721 25169 14511.4087   89   57 14612.8500 14088.1174  3.59%   104 1591s
 34881 25270 14319.8566   50  110 14612.8500 14088.3639  3.59%   104 1600s
 35025 25343 14430.3902   46  206 14612.8500 14088.5980  3.59%   104 1609s
 35157 25410     cutoff   37      14612.8500 14088.8887  3.59%   104 1617s
 35288 25562 14256.1564   58  214 14612.8500 14089.4767  3.58%   104 1630s
 35479 25686 14512.1691   65  103 14612.8500 14089.7236  3.58%   104 1640s
 35667 25791 14360.7727   39  164 14612.8500 14090.0235  3.58%   104 1650s
 35825 25924 14584.5876   78   35 14612.8500 14090.1609  3.58%   104 1660s
 36008 26047 14429.9679   58  157 14612.8500 14090.7449  3.57%   104 1669s
 36172 26203     cutoff   64      14612.8500 14091.2699  3.57%   104 1679s
 36308 26203 14561.0262   80   46 14612.8500 14091.2699  3.57%   104 1680s
 36379 26283 14602.8418   69   44 14612.8500 14091.6536  3.57%   104 1689s
 36511 26336     cutoff   73      14612.8500 14091.7616  3.57%   104 1698s
 36573 26459 14290.4976   59  191 14612.8500 14091.8608  3.57%   104 1706s
 36731 26581 14606.6883   63  126 14612.8500 14092.0645  3.56%   104 1715s
 36896 26654 14488.2084   43  180 14612.8500 14092.3929  3.56%   104 1724s
 37007 26702 14500.2965   40  215 14612.8500 14092.8753  3.56%   104 1733s
 37106 26762 14396.7602   40  264 14612.8500 14093.0643  3.56%   105 1742s
 37197 26891 14432.5899   61  108 14612.8500 14093.4431  3.55%   105 1752s
 37368 26999     cutoff   54      14612.8500 14093.7299  3.55%   105 1762s
 37427 26999 14544.7015   80  168 14612.8500 14093.7299  3.55%   105 1776s
 37533 27116 14245.7877   43  208 14612.8500 14093.9800  3.55%   105 1785s
 37675 27198     cutoff   67      14612.8500 14094.1028  3.55%   105 1794s
 37750 27200 14533.7277   76   95 14612.8500 14094.1028  3.55%   105 1795s
 37813 27297 14609.5833   84   43 14612.8500 14094.2563  3.55%   105 1803s
 37952 27402 14417.8393   46  126 14612.8500 14094.8154  3.55%   105 1818s
 38085 27553 14218.0800   51  164 14612.8500 14095.0006  3.54%   105 1827s
 38270 27596 infeasible  100      14612.8500 14095.0909  3.54%   105 1836s
 38348 27721     cutoff   63      14612.8500 14095.3259  3.54%   105 1845s
 38516 27834 14383.2419   59   93 14612.8500 14095.4671  3.54%   105 1862s
 38676 27915 14242.0099   50  176 14612.8500 14095.7296  3.54%   105 1871s
 38796 28042 14547.2731   75  109 14612.8500 14095.9151  3.54%   105 1880s
*38903 27884             107    14602.680000 14096.7105  3.46%   105 1880s
 38961 27951 14587.0752   74  109 14602.6800 14096.7883  3.46%   105 1889s
 39008 27951 14439.8918   49  122 14602.6800 14097.0513  3.46%   105 1890s
 39090 28028 14174.9176   39  203 14602.6800 14097.1621  3.46%   105 1899s
 39190 28133 14246.1902   36  255 14602.6800 14097.5257  3.46%   105 1908s
 39326 28197 14327.8200   69  156 14602.6800 14097.7295  3.46%   105 1919s
 39418 28286 14223.1182   50  199 14602.6800 14097.9250  3.46%   106 1929s
 39534 28288 14277.2906   52  108 14602.6800 14097.9250  3.46%   105 1930s
 39535 28424     cutoff   83      14602.6800 14098.1031  3.46%   105 1937s
 39735 28610 14191.6587   49   41 14602.6800 14098.5796  3.45%   105 1947s
 39967 28701 14367.3100   68    - 14602.6800 14098.9083  3.45%   105 1958s
 40089 28806 14427.6697   68   34 14602.6800 14099.5989  3.45%   105 1968s
 40233 28885 14542.6823   58  128 14602.6800 14100.1096  3.44%   105 1978s
 40354 29031 14341.3891   59   62 14602.6800 14100.6763  3.44%   105 1990s
H40573 27659                    14571.780000 14100.9135  3.23%   105 1999s
 40679 27755 14199.9370   49  228 14571.7800 14101.2162  3.23%   105 2010s
 40809 27855 14345.8822   40  219 14571.7800 14101.3900  3.23%   105 2019s
 40945 27934 14356.3368   73  100 14571.7800 14101.5551  3.23%   106 2029s
 41007 27934 14399.4783   58  149 14571.7800 14101.5551  3.23%   106 2030s
 41058 28029 14402.3545   61  166 14571.7800 14101.6491  3.23%   106 2037s
 41192 28151 14549.3701   44   77 14571.7800 14101.8572  3.22%   106 2047s
 41354 28244 14379.5012   52  224 14571.7800 14102.2020  3.22%   106 2056s
 41486 28310 14483.2859   75   39 14571.7800 14102.4181  3.22%   106 2066s
 41588 28397 14301.8111   59  118 14571.7800 14102.8783  3.22%   106 2074s
 41707 28487 14440.9730   44  183 14571.7800 14103.0650  3.22%   106 2082s
 41839 28629 14190.5687   49  159 14571.7800 14103.1423  3.22%   106 2093s
 42029 28708 14507.8720   79  239 14571.7800 14103.2042  3.22%   106 2102s
 42161 28767 14385.8920   62  169 14571.7800 14103.9479  3.21%   106 2112s
 42254 28822 14285.0706   67  154 14571.7800 14104.3653  3.21%   106 2122s
 42346 28864 14506.9691   40  158 14571.7800 14104.5432  3.21%   106 2132s
 42430 28935 14343.6456   47  258 14571.7800 14104.9202  3.20%   106 2144s
 42527 29000 14484.5298   90  120 14571.7800 14104.9838  3.20%   107 2152s
 42677 29106     cutoff   60      14571.7800 14105.1871  3.20%   107 2163s
 42838 29219 14563.4700   88    - 14571.7800 14105.6331  3.20%   107 2174s
H42839 28329                    14559.610000 14105.6331  3.12%   107 2174s
 42950 28329 14411.2183   70   50 14559.6100 14106.5854  3.11%   107 2175s
 42983 28379     cutoff   88      14559.6100 14106.7004  3.11%   107 2184s
H42984 22408                    14498.180000 14106.7004  2.70%   107 2185s
 43072 22509 14376.4914   64  111 14498.1800 14107.0809  2.70%   107 2195s
 43239 22568 14182.3024   57  236 14498.1800 14107.2627  2.70%   107 2205s
 43341 22688 14285.6432   40  213 14498.1800 14107.7459  2.69%   107 2215s
 43496 22801 14365.0281   49  224 14498.1800 14107.8438  2.69%   107 2225s
 43654 22856 14386.0842   50  174 14498.1800 14108.1974  2.69%   107 2236s
 43754 22949 14176.2470   46  220 14498.1800 14108.2242  2.69%   107 2246s
H43840 22347                    14492.780000 14108.2242  2.65%   107 2246s
 43900 22424 14363.8286   51  177 14492.7800 14108.3935  2.65%   107 2255s
 44034 22563 14266.5167   57  160 14492.7800 14108.5815  2.65%   107 2270s
*44140 19633              87    14460.560000 14108.8122  2.43%   107 2271s
 44242 19696 14385.0356   48   81 14460.5600 14108.8208  2.43%   107 2280s
H44367 15123                    14407.560000 14108.9171  2.07%   107 2289s
 44436 15123     cutoff   71      14407.5600 14108.9414  2.07%   107 2290s
 44531 15151     cutoff   62      14407.5600 14109.0364  2.07%   107 2299s
 44625 15213 14310.4513   48  109 14407.5600 14109.2323  2.07%   107 2308s
 44732 15274 14301.6769   53  259 14407.5600 14110.0030  2.07%   107 2318s
 44851 15327 14223.7428   48  261 14407.5600 14110.4752  2.06%   108 2328s
 44944 15396 14302.8029   50   85 14407.5600 14110.7460  2.06%   108 2337s
 45071 15460 14347.8724   49  295 14407.5600 14111.2118  2.06%   108 2347s
 45185 15533 14228.2074   56  177 14407.5600 14111.4424  2.06%   108 2357s
 45338 15572 14342.8798   50  172 14407.5600 14111.6430  2.05%   108 2367s
 45429 15622     cutoff   65      14407.5600 14111.7432  2.05%   108 2377s
 45545 15679 14349.8835   58  204 14407.5600 14112.2311  2.05%   108 2387s
 45658 15718 14194.6143   39  292 14407.5600 14112.7018  2.05%   108 2397s
 45731 15787     cutoff   51      14407.5600 14112.7738  2.05%   108 2407s
 45867 15831 14277.7597   62  187 14407.5600 14113.5135  2.04%   108 2429s
 45973 15869 14322.4069   67   50 14407.5600 14113.6650  2.04%   109 2439s
 46070 15914 14254.8737   66  236 14407.5600 14113.8908  2.04%   109 2447s
 46120 15914 14218.5678   48  153 14407.5600 14114.0446  2.04%   109 2458s
 46165 15946 14386.5495   56  113 14407.5600 14114.0598  2.04%   109 2470s
 46257 15971     cutoff   53      14407.5600 14114.4013  2.03%   109 2480s
 46339 16011 14310.0165   47  220 14407.5600 14114.6926  2.03%   109 2489s
 46386 16011 14331.5569   34  239 14407.5600 14114.6971  2.03%   109 2490s
 46415 16028     cutoff   63      14407.5600 14114.7592  2.03%   109 2501s
 46512 16097     cutoff   58      14407.5600 14115.0333  2.03%   109 2513s
 46654 16135 14233.8569   43  148 14407.5600 14115.3887  2.03%   109 2525s
 46747 16170 14284.0358   34  243 14407.5600 14115.7114  2.03%   110 2537s
 46836 16227     cutoff   56      14407.5600 14115.9686  2.02%   110 2548s
 46957 16261 14251.8850   45  148 14407.5600 14116.1453  2.02%   110 2558s
 47065 16301 14304.7461   55   59 14407.5600 14116.7294  2.02%   110 2568s
 47170 16323 14396.3727   58   30 14407.5600 14117.1460  2.02%   110 2578s
 47239 16373 14223.6624   41  162 14407.5600 14117.4728  2.01%   110 2591s
 47345 16410 14330.6098   43  207 14407.5600 14117.7558  2.01%   110 2601s
 47435 16460 infeasible   54      14407.5600 14118.1236  2.01%   111 2611s
 47565 16524 14346.3782   59   96 14407.5600 14118.6189  2.01%   111 2623s
 47711 16568 14196.8913   55  347 14407.5600 14118.8769  2.00%   111 2646s
