




arguments: ./build/mirp_solver -f ./input/orig_exec_119.cfg
Current dir: /scratch/gui/bnc_mirp
File verbosity level: 9
date       time         ( uptime  ) [ thread name/id ]                   file:line     v| 
2021-01-09 22:51:35.531 (   0.132s) [main thread     ]             loguru.cpp:789   INFO| Logging to './output/vi_vr/OU/V2/Original/execution_09_01_2021_22_51_35.log', mode: 'a', verbosity: 9
--------------------------------------------------------------------------------
Parameters
                           instance_path           ./input/Instances/Original/4/
                            model_policy                                       1
                             nb_vehicles                                       2
                              output_dir          ./output/vi_vr/OU/V2/Original/
                            sec_strategy                                       1
                       solver_nb_threads                                       2
                         solver_show_log                                    true
                       solver_time_limit                                    3600
                              use_vi_cos                                   false
                              use_vi_cus                                   false
                         use_vi_hc1_full                                   false
                         use_vi_hc1_half                                   false
                      use_vi_hc1_quarter                                   false
                              use_vi_hc2                                   false
                              use_vi_hc3                                   false
                         use_vi_lex_full                                   false
                         use_vi_lex_half                                   false
                      use_vi_lex_quarter                                   false
                              use_vi_qua                                   false
                               use_vi_vc                                   false
                               use_vi_vr                                    true
--------------------------------------------------------------------------------
executing instance: ./input/Instances/Original/4/absH3low_3n30.dat
--------------------------------------------------------------------------------
Instance details
n	31
H	3
C	2841
Li:
[0, 0, 0, 0, 0, 0, 0, 0, 0, 0, 0, 0, 0, 0, 0, 0, 0, 0, 0, 0, 0, 0, 0, 0, 0, 0, 0, 0, 0, 0, 0, ]
Ui:
[0, 246, 98, 54, 144, 171, 192, 180, 165, 98, 122, 198, 297, 144, 130, 129, 219, 138, 142, 150, 108, 66, 64, 285, 180, 204, 276, 168, 240, 198, 122, ]
Distance matrix:
|0	172	56	166	260	198	42	197	296	110	91	112	238	275	323	183	330	232	175	181	162	191	232	280	201	139	356	185	266	216	26	|
|172	0	178	223	320	335	153	355	444	62	231	99	333	376	214	352	176	235	194	106	47	41	353	161	299	175	225	43	326	374	153	|
|56	178	0	110	204	162	93	233	336	125	144	148	187	226	358	180	313	284	123	152	182	185	282	252	256	88	329	177	210	251	42	|
|166	223	110	0	102	150	199	327	431	194	253	237	113	156	431	228	296	386	44	140	248	208	389	218	366	48	287	200	108	344	148	|
|260	320	204	102	0	156	296	391	493	296	340	339	66	90	531	263	362	486	127	226	349	300	469	278	454	148	334	292	6	406	245	|
|198	335	162	150	156	0	239	255	351	286	245	307	93	106	518	111	442	423	194	280	344	335	349	367	352	182	437	327	158	266	199	|
|42	153	93	199	296	239	0	203	296	91	82	76	278	316	284	217	322	191	201	186	133	180	217	281	177	165	356	175	302	222	52	|
|197	355	233	327	391	255	203	0	104	294	125	266	340	361	436	151	524	276	352	377	330	383	109	477	146	319	553	377	395	19	222	|
|296	444	336	431	493	351	296	104	0	384	214	348	440	456	488	241	617	315	456	476	412	475	113	575	176	422	651	470	497	88	322	|
|110	62	125	194	296	286	91	294	384	0	171	55	298	340	238	292	233	210	176	118	58	91	298	201	248	148	273	87	302	313	94	|
|91	231	144	253	340	245	82	125	214	171	0	141	307	339	324	184	403	187	266	266	204	261	140	363	114	230	438	256	346	144	116	|
|112	99	148	237	339	307	76	266	348	55	141	0	332	373	212	292	275	156	225	173	64	137	254	253	200	194	322	135	345	284	108	|
|238	333	187	113	66	93	278	340	440	298	307	332	0	43	536	203	404	469	153	253	354	321	427	322	420	160	385	313	67	353	229	|
|275	376	226	156	90	106	316	361	456	340	339	373	43	0	578	216	443	507	194	295	397	364	453	361	451	203	421	356	88	372	268	|
|323	214	358	431	531	518	284	436	488	238	324	212	536	578	0	498	309	176	407	320	183	245	376	344	312	383	379	251	537	451	319	|
|183	352	180	228	263	111	217	151	241	292	184	292	203	216	498	0	492	371	266	328	345	364	255	426	272	242	501	356	266	159	198	|
|330	176	313	296	362	442	322	524	617	233	403	275	404	443	309	492	0	397	253	164	218	142	529	84	475	260	72	147	367	543	306	|
|232	235	284	386	486	423	191	276	315	210	187	156	469	507	176	371	397	0	379	327	188	276	202	396	139	346	456	277	492	289	242	|
|175	194	123	44	127	194	201	352	456	176	266	225	153	194	407	266	253	379	0	101	225	174	405	174	375	36	244	166	133	370	152	|
|181	106	152	140	226	280	186	377	476	118	266	173	253	295	320	328	164	327	101	0	148	76	403	100	360	98	177	69	232	396	155	|
|162	47	182	248	349	344	133	330	412	58	204	64	354	397	183	345	218	188	225	148	0	89	316	208	259	201	270	90	355	348	149	|
|191	41	185	208	300	335	180	383	475	91	261	137	321	364	245	364	142	276	174	76	89	0	388	119	336	162	185	8	306	402	169	|
|232	353	282	389	469	349	217	109	113	298	140	254	427	453	376	255	529	202	405	403	316	388	0	497	64	369	570	384	474	112	256	|
|280	161	252	218	278	367	281	477	575	201	363	253	322	361	344	426	84	396	174	100	208	119	497	0	449	187	77	119	283	496	255	|
|201	299	256	366	454	352	177	146	176	248	114	200	420	451	312	272	475	139	375	360	259	336	64	449	0	339	521	333	460	156	223	|
|139	175	88	48	148	182	165	319	422	148	230	194	160	203	383	242	260	346	36	98	201	162	369	187	339	0	260	153	154	337	116	|
|356	225	329	287	334	437	356	553	651	273	438	322	385	421	379	501	72	456	244	177	270	185	570	77	521	260	0	187	338	572	331	|
|185	43	177	200	292	327	175	377	470	87	256	135	313	356	251	356	147	277	166	69	90	8	384	119	333	153	187	0	298	396	163	|
|266	326	210	108	6	158	302	395	497	302	346	345	67	88	537	266	367	492	133	232	355	306	474	283	460	154	338	298	0	410	251	|
|216	374	251	344	406	266	222	19	88	313	144	284	353	372	451	159	543	289	370	396	348	402	112	496	156	337	572	396	410	0	241	|
|26	153	42	148	245	199	52	222	322	94	116	108	229	268	319	198	306	242	152	155	149	169	256	255	223	116	331	163	251	241	0	|

--------------------------------------------------------------------------------
Building model...
	using lazy and cut (CVRPSEP package)
Solving IRP LP...
--------------------------------------------------------------------------------

Gurobi 9.1.0 (linux64) logging started Sat Jan  9 22:51:35 2021

Gurobi Optimizer version 9.1.0 build v9.1.0rc0 (linux64)
Thread count: 32 physical cores, 32 logical processors, using up to 2 threads
Optimize a model with 859 rows, 3280 columns and 7792 nonzeros
Model fingerprint: 0x9cb36a93
Variable types: 304 continuous, 2976 integer (186 binary)
Coefficient statistics:
  Matrix range     [1e+00, 1e+03]
  Objective range  [1e-02, 7e+02]
  Bounds range     [1e+00, 3e+02]
  RHS range        [3e+01, 5e+03]
Presolve removed 395 rows and 122 columns
Presolve time: 0.05s
Presolved: 464 rows, 3158 columns, 7035 nonzeros
Variable types: 182 continuous, 2976 integer (2796 binary)

Root relaxation: objective 2.308389e+03, 437 iterations, 0.01 seconds

    Nodes    |    Current Node    |     Objective Bounds      |     Work
 Expl Unexpl |  Obj  Depth IntInf | Incumbent    BestBd   Gap | It/Node Time

     0     0 2308.38948    0   73          - 2308.38948      -     -    0s
     0     0 2563.09699    0   71          - 2563.09699      -     -    0s
     0     0 3077.48140    0  121          - 3077.48140      -     -    0s
     0     0 3129.89767    0  106          - 3129.89767      -     -    0s
     0     0 3156.80276    0  129          - 3156.80276      -     -    0s
     0     0 3186.52610    0  108          - 3186.52610      -     -    0s
     0     0 3186.52610    0  110          - 3186.52610      -     -    0s
     0     0 3330.13532    0  130          - 3330.13532      -     -    0s
     0     0 3330.17705    0  140          - 3330.17705      -     -    0s
     0     0 3416.22200    0   81          - 3416.22200      -     -    0s
     0     0 3433.08566    0  181          - 3433.08566      -     -    0s
     0     0 3438.24659    0  151          - 3438.24659      -     -    0s
     0     0 3438.68194    0  210          - 3438.68194      -     -    0s
     0     0 3441.82649    0  189          - 3441.82649      -     -    0s
     0     0 3445.68396    0  168          - 3445.68396      -     -    0s
     0     0 3445.79192    0  193          - 3445.79192      -     -    0s
     0     0 3451.72594    0  191          - 3451.72594      -     -    0s
     0     0 3451.72594    0  177          - 3451.72594      -     -    0s
     0     2 3452.12742    0  177          - 3452.12742      -     -    0s
*  255   247             107    5253.9500000 3459.05203  34.2%  77.8    3s
*  259   248             110    5204.2200000 3459.05203  33.5%  76.9    3s
H  374   322                    4921.4600000 3467.29362  29.5%  82.1    4s
   375   327 3756.13866   17   43 4921.46000 3467.29362  29.5%  82.5    5s
H  521   452                    4830.4600000 3467.29362  28.2%  80.9    6s
   755   599 4536.57395   63  217 4830.46000 3575.03922  26.0%  69.6   10s
H  768   577                    4796.4600000 3598.60100  25.0%  68.4   11s
H  788   562                    4792.4600000 3601.38523  24.9%  72.9   14s
   792   564 3961.05141   34  204 4792.46000 3601.38523  24.9%  72.5   15s
   863   615 3831.01954   40  123 4792.46000 3621.28075  24.4%  81.8   20s
  1039   752 4006.36364   88   58 4792.46000 3621.28075  24.4%  92.6   25s
H 1162   802                    4667.6000000 3621.28075  22.4%  94.9   27s
H 1171   719                    4246.8000000 3621.28075  14.7%  95.0   27s
H 1227   578                    4119.8000000 3631.21432  11.9%  93.8   28s
  1296   611 3885.08642   42   91 4119.80000 3631.21432  11.9%  99.0   30s
  1519   688 3848.90653   42   99 4119.80000 3640.93395  11.6%   106   35s
  1799   787 3835.18621   30  229 4119.80000 3684.83979  10.6%   105   40s
* 1862   458              53    3951.9500000 3684.83979  6.76%   107   41s
* 1909   387              41    3946.9500000 3708.29457  6.05%   108   42s
  1981   375 3772.45122   34  271 3946.95000 3720.90360  5.73%   112   45s
  2122   337 3944.87971   37  102 3946.95000 3743.67794  5.15%   119   50s
H 2260   288                    3917.9500000 3757.53948  4.09%   124   54s
H 2276   274                    3914.8500000 3761.06681  3.93%   124   54s
  2277   260 3881.95704   44   36 3914.85000 3764.35375  3.84%   124   55s
  2423   246     cutoff   50      3914.85000 3796.46544  3.02%   129   60s
  2594   191 3891.57672   40  157 3914.85000 3829.23656  2.19%   132   65s
  2815   150     cutoff   43      3914.85000 3858.76221  1.43%   132   70s

Cutting planes:
  User: 1825
  Gomory: 14
  Cover: 151
  Implied bound: 17
  Clique: 20
  MIR: 84
  StrongCG: 2
  Flow cover: 197
  Zero half: 15
  RLT: 114
  Relax-and-lift: 2
  Lazy constraints: 288

Explored 3155 nodes (400080 simplex iterations) in 73.44 seconds
Thread count was 2 (of 32 available processors)

Solution count 10: 3914.85 3917.95 3946.95 ... 4830.46

Optimal solution found (tolerance 1.00e-04)
Best objective 3.914850000000e+03, best bound 3.914850000000e+03, gap 0.0000%

User-callback calls 15956, time in user-callback 5.14 sec
================================================================================
executing instance: ./input/Instances/Original/4/absH3low_3n10.dat
--------------------------------------------------------------------------------
Instance details
n	11
H	3
C	687
Li:
[0, 0, 0, 0, 0, 0, 0, 0, 0, 0, 0, ]
Ui:
[0, 189, 44, 174, 78, 36, 198, 117, 42, 96, 240, ]
Distance matrix:
|0	209	255	286	142	156	285	317	182	161	135	|
|209	0	464	451	315	356	490	469	361	299	260	|
|255	464	0	221	202	130	74	280	189	254	273	|
|286	451	221	0	145	156	164	479	354	153	192	|
|142	315	202	145	0	73	194	388	250	53	73	|
|156	356	130	156	73	0	134	332	200	127	144	|
|285	490	74	164	194	134	0	353	256	239	267	|
|317	469	280	479	388	332	353	0	141	436	430	|
|182	361	189	354	250	200	256	141	0	296	289	|
|161	299	254	153	53	127	239	436	296	0	39	|
|135	260	273	192	73	144	267	430	289	39	0	|

--------------------------------------------------------------------------------
Building model...
	using lazy and cut (CVRPSEP package)
Solving IRP LP...
--------------------------------------------------------------------------------

Gurobi 9.1.0 (linux64) logging started Sat Jan  9 22:52:49 2021

Gurobi Optimizer version 9.1.0 build v9.1.0rc0 (linux64)
Thread count: 32 physical cores, 32 logical processors, using up to 2 threads
Optimize a model with 299 rows, 500 columns and 1412 nonzeros
Model fingerprint: 0x2e47b85b
Variable types: 104 continuous, 396 integer (66 binary)
Coefficient statistics:
  Matrix range     [1e+00, 3e+02]
  Objective range  [1e-02, 5e+02]
  Bounds range     [1e+00, 2e+02]
  RHS range        [2e+01, 1e+03]
Presolve removed 135 rows and 42 columns
Presolve time: 0.01s
Presolved: 164 rows, 458 columns, 1155 nonzeros
Variable types: 62 continuous, 396 integer (336 binary)
Found heuristic solution: objective 3398.7500000

Root relaxation: objective 1.255857e+03, 197 iterations, 0.00 seconds

    Nodes    |    Current Node    |     Objective Bounds      |     Work
 Expl Unexpl |  Obj  Depth IntInf | Incumbent    BestBd   Gap | It/Node Time

     0     0 1255.85678    0   36 3398.75000 1255.85678  63.0%     -    0s
     0     0 1500.64922    0   44 3398.75000 1500.64922  55.8%     -    0s
H    0     0                    3115.4200000 1500.64922  51.8%     -    0s
     0     0 1500.64922    0   41 3115.42000 1500.64922  51.8%     -    0s
     0     0 1818.92903    0   56 3115.42000 1818.92903  41.6%     -    0s
     0     0 1828.56376    0   41 3115.42000 1828.56376  41.3%     -    0s
     0     0 1828.60382    0   45 3115.42000 1828.60382  41.3%     -    0s
     0     0 1920.78789    0   77 3115.42000 1920.78789  38.3%     -    0s
     0     0 2042.58930    0   48 3115.42000 2042.58930  34.4%     -    0s
     0     0 2044.85594    0   80 3115.42000 2044.85594  34.4%     -    0s
     0     0 2045.44085    0   19 3115.42000 2045.44085  34.3%     -    0s
     0     0 2053.48927    0   92 3115.42000 2053.48927  34.1%     -    0s
H    0     0                    2619.3600000 2053.48927  21.6%     -    0s
     0     0 2057.34377    0   90 2619.36000 2057.34377  21.5%     -    0s
     0     0 2057.34377    0   90 2619.36000 2057.34377  21.5%     -    0s
     0     0 2066.37520    0   71 2619.36000 2066.37520  21.1%     -    0s
H    0     0                    2450.3600000 2066.37520  15.7%     -    0s
     0     0 2069.10946    0   67 2450.36000 2069.10946  15.6%     -    0s
     0     0 2069.35436    0   73 2450.36000 2069.35436  15.5%     -    0s
     0     0 2071.17043    0   56 2450.36000 2071.17043  15.5%     -    0s
     0     0 2071.17043    0   57 2450.36000 2071.17043  15.5%     -    0s
     0     0 2074.59855    0   51 2450.36000 2074.59855  15.3%     -    0s
     0     0 2074.59855    0   51 2450.36000 2074.59855  15.3%     -    0s
H    0     0                    2449.1000000 2074.59855  15.3%     -    0s
     0     2 2074.59855    0   51 2449.10000 2074.59855  15.3%     -    0s

Cutting planes:
  User: 137
  Gomory: 4
  Cover: 66
  Implied bound: 7
  Clique: 10
  MIR: 58
  StrongCG: 2
  Flow cover: 86
  GUB cover: 1
  Zero half: 1
  RLT: 48
  Relax-and-lift: 4
  Lazy constraints: 16

Explored 1009 nodes (30590 simplex iterations) in 1.79 seconds
Thread count was 2 (of 32 available processors)

Solution count 5: 2449.1 2450.36 2619.36 ... 3398.75

Optimal solution found (tolerance 1.00e-04)
Best objective 2.449100000000e+03, best bound 2.449100000000e+03, gap 0.0000%

User-callback calls 2611, time in user-callback 0.21 sec
================================================================================
executing instance: ./input/Instances/Original/4/absH3low_3n15.dat
--------------------------------------------------------------------------------
Instance details
n	16
H	3
C	1267
Li:
[0, 0, 0, 0, 0, 0, 0, 0, 0, 0, 0, 0, 0, 0, 0, 0, ]
Ui:
[0, 156, 267, 148, 144, 87, 33, 171, 76, 141, 270, 282, 60, 110, 172, 57, ]
Distance matrix:
|0	229	567	76	58	96	306	409	310	423	108	346	165	347	159	256	|
|229	0	482	243	279	155	375	525	251	419	158	373	65	123	329	246	|
|567	482	0	506	622	483	342	439	259	200	467	274	486	433	501	312	|
|76	243	506	0	119	88	230	337	255	352	88	272	179	347	94	194	|
|58	279	622	119	0	154	345	431	366	471	166	391	217	399	179	310	|
|96	155	483	88	154	0	266	397	224	358	17	289	92	262	176	179	|
|306	375	342	230	345	266	0	158	184	148	251	68	332	423	181	140	|
|409	525	439	337	431	397	158	0	340	244	386	201	476	581	253	298	|
|310	251	259	255	366	224	184	340	0	170	208	146	238	257	274	66	|
|423	419	200	352	471	358	148	244	170	0	341	84	396	424	323	182	|
|108	158	467	88	166	17	251	386	208	341	0	273	96	259	172	162	|
|346	373	274	272	391	289	68	201	146	84	273	0	340	400	239	127	|
|165	65	486	179	217	92	332	476	238	396	96	340	0	182	267	216	|
|347	123	433	347	399	262	423	581	257	424	259	400	182	0	423	283	|
|159	329	501	94	179	176	181	253	274	323	172	239	267	423	0	208	|
|256	246	312	194	310	179	140	298	66	182	162	127	216	283	208	0	|

--------------------------------------------------------------------------------
Building model...
	using lazy and cut (CVRPSEP package)
Solving IRP LP...
--------------------------------------------------------------------------------

Gurobi 9.1.0 (linux64) logging started Sat Jan  9 22:52:51 2021

Gurobi Optimizer version 9.1.0 build v9.1.0rc0 (linux64)
Thread count: 32 physical cores, 32 logical processors, using up to 2 threads
Optimize a model with 439 rows, 970 columns and 2557 nonzeros
Model fingerprint: 0x2c99d48a
Variable types: 154 continuous, 816 integer (96 binary)
Coefficient statistics:
  Matrix range     [1e+00, 6e+02]
  Objective range  [1e-02, 6e+02]
  Bounds range     [1e+00, 3e+02]
  RHS range        [1e+01, 2e+03]
Presolve removed 200 rows and 62 columns
Presolve time: 0.02s
Presolved: 239 rows, 908 columns, 2175 nonzeros
Variable types: 92 continuous, 816 integer (726 binary)

Root relaxation: objective 1.641118e+03, 246 iterations, 0.00 seconds

    Nodes    |    Current Node    |     Objective Bounds      |     Work
 Expl Unexpl |  Obj  Depth IntInf | Incumbent    BestBd   Gap | It/Node Time

     0     0 1641.11756    0   43          - 1641.11756      -     -    0s
     0     0 1878.62473    0   54          - 1878.62473      -     -    0s
     0     0 1884.42633    0   32          - 1884.42633      -     -    0s
     0     0 1884.42633    0   34          - 1884.42633      -     -    0s
     0     0 2355.34844    0   74          - 2355.34844      -     -    0s
     0     0 2356.35197    0   77          - 2356.35197      -     -    0s
     0     0 2356.35197    0   77          - 2356.35197      -     -    0s
     0     0 2393.92792    0   71          - 2393.92792      -     -    0s
     0     0 2472.68003    0   91          - 2472.68003      -     -    0s
     0     0 2526.35794    0   99          - 2526.35794      -     -    0s
     0     0 2530.48587    0  122          - 2530.48587      -     -    0s
     0     0 2532.80279    0  134          - 2532.80279      -     -    0s
     0     0 2533.05962    0  133          - 2533.05962      -     -    0s
     0     0 2561.76515    0  140          - 2561.76515      -     -    0s
H    0     0                    7854.5000000 2561.76515  67.4%     -    0s
H    0     0                    6379.7600000 2561.76515  59.8%     -    0s
     0     0 2563.66082    0  144 6379.76000 2563.66082  59.8%     -    0s
     0     0 2564.06355    0  146 6379.76000 2564.06355  59.8%     -    0s
     0     0 2578.15820    0   96 6379.76000 2578.15820  59.6%     -    0s
H    0     0                    5558.6200000 2578.15820  53.6%     -    0s
     0     0 2580.09286    0  102 5558.62000 2580.09286  53.6%     -    0s
     0     0 2580.09286    0  100 5558.62000 2580.09286  53.6%     -    0s
     0     0 2583.08470    0  110 5558.62000 2583.08470  53.5%     -    0s
     0     0 2583.08470    0   99 5558.62000 2583.08470  53.5%     -    0s
H    0     2                    4606.8000000 2583.08470  43.9%     -    0s
     0     2 2583.08470    0   99 4606.80000 2583.08470  43.9%     -    0s
H   63    71                    4363.8000000 2590.20893  40.6%  49.0    0s
*  113   113              42    3593.0400000 2590.20893  27.9%  39.3    0s
H  147   144                    3570.0400000 2590.20893  27.4%  37.0    0s
H  308   266                    3469.5600000 2593.91172  25.2%  41.5    1s
H  367   260                    3286.5600000 2635.99604  19.8%  46.0    1s
H  418   217                    3119.0600000 2635.99604  15.5%  49.2    2s
H  643   268                    3082.3200000 2702.57220  12.3%  48.4    2s
H  803   295                    3081.5600000 2752.85790  10.7%  55.0    4s
   881   281 2831.56635   15   89 3081.56000 2752.85790  10.7%  57.0    5s

Cutting planes:
  User: 455
  Gomory: 8
  Cover: 91
  Implied bound: 12
  Clique: 12
  MIR: 59
  StrongCG: 2
  Flow cover: 139
  Zero half: 2
  RLT: 70
  Relax-and-lift: 4
  Lazy constraints: 31

Explored 1542 nodes (93904 simplex iterations) in 8.11 seconds
Thread count was 2 (of 32 available processors)

Solution count 10: 3081.56 3082.32 3119.06 ... 5558.62

Optimal solution found (tolerance 1.00e-04)
Best objective 3.081560000000e+03, best bound 3.081560000000e+03, gap 0.0000%

User-callback calls 4545, time in user-callback 0.85 sec
================================================================================
executing instance: ./input/Instances/Original/4/absH3low_2n45.dat
--------------------------------------------------------------------------------
Instance details
n	46
H	3
C	3171
Li:
[0, 0, 0, 0, 0, 0, 0, 0, 0, 0, 0, 0, 0, 0, 0, 0, 0, 0, 0, 0, 0, 0, 0, 0, 0, 0, 0, 0, 0, 0, 0, 0, 0, 0, 0, 0, 0, 0, 0, 0, 0, 0, 0, 0, 0, 0, ]
Ui:
[0, 246, 160, 78, 20, 87, 144, 40, 20, 82, 60, 96, 24, 136, 160, 108, 160, 26, 228, 51, 24, 240, 231, 70, 32, 105, 174, 114, 246, 126, 132, 76, 22, 42, 255, 132, 148, 162, 66, 111, 102, 240, 123, 201, 297, 78, ]
Distance matrix:
|0	148	402	550	329	420	187	318	366	280	504	273	233	333	112	344	379	481	113	593	159	523	261	424	90	359	163	461	413	240	105	299	265	89	371	462	339	273	495	22	41	439	369	506	563	468	|
|148	0	284	517	394	284	136	369	244	311	496	166	329	355	223	202	338	388	204	565	254	506	118	346	71	423	173	471	336	118	105	352	198	105	248	428	302	305	487	153	179	441	230	497	517	370	|
|402	284	0	350	448	80	228	406	42	343	382	129	456	350	412	126	219	131	382	395	410	371	180	137	314	466	289	400	137	167	389	401	169	316	39	280	217	342	373	394	414	362	108	380	324	106	|
|550	517	350	0	339	429	385	308	374	295	93	375	431	249	481	461	180	239	458	48	445	57	474	214	496	333	387	160	216	424	601	321	320	471	376	90	217	301	93	530	534	146	452	88	52	262	|
|329	394	448	339	0	513	282	42	438	105	255	363	115	108	221	484	259	431	217	365	172	289	436	362	333	30	224	189	353	380	423	47	291	296	443	285	240	107	251	307	294	193	495	260	378	437	|
|420	284	80	429	513	0	267	473	76	408	462	163	509	421	449	86	298	201	421	474	455	451	167	217	330	533	333	478	217	181	386	466	225	341	70	360	291	406	453	416	438	440	59	460	400	176	|
|187	136	228	385	282	267	0	249	199	186	360	104	248	224	184	214	207	294	155	432	189	371	155	237	113	308	68	336	227	101	216	236	78	98	205	296	168	181	350	174	190	305	231	360	390	283	|
|318	369	406	308	42	473	249	0	397	66	229	325	128	67	216	447	218	389	206	337	168	260	402	320	311	61	196	167	311	345	406	19	252	275	403	248	198	70	223	296	286	164	457	233	344	395	|
|366	244	42	374	438	76	199	397	0	332	397	96	436	346	383	90	228	168	354	420	385	389	139	161	277	458	263	408	158	128	349	391	150	282	6	298	218	331	388	359	380	370	78	395	352	144	|
|280	311	343	295	105	408	186	66	332	0	231	259	142	53	191	380	171	337	173	332	150	257	337	267	258	127	139	182	258	280	359	58	186	223	338	222	143	6	224	258	254	164	390	234	323	340	|
|504	496	382	93	255	462	360	229	397	231	0	375	356	180	422	478	173	293	403	110	381	36	474	248	463	245	345	68	246	419	568	244	308	433	400	104	200	237	9	482	482	67	474	5	142	312	|
|273	166	129	375	363	163	104	325	96	259	375	0	347	283	288	121	202	221	259	423	292	376	99	183	186	386	170	370	175	52	269	315	76	187	102	288	177	256	365	265	285	333	133	374	365	204	|
|233	329	456	431	115	509	248	128	436	142	356	347	0	181	121	462	311	472	128	463	76	386	398	403	260	141	180	294	392	349	334	111	287	224	442	362	280	139	350	212	194	289	479	360	463	472	|
|333	355	350	249	108	421	224	67	346	53	180	283	181	0	244	403	152	324	226	283	201	207	369	256	307	118	186	129	247	311	409	74	208	273	351	183	136	59	173	311	307	113	410	183	282	331	|
|112	223	412	481	221	449	184	216	383	191	422	288	121	244	0	387	327	461	30	521	49	447	313	396	152	250	125	371	385	273	214	196	249	121	389	400	288	185	415	91	74	355	408	425	503	454	|
|344	202	126	461	484	86	214	447	90	380	478	121	462	403	387	0	305	256	360	508	400	473	84	250	255	507	282	482	246	115	302	437	196	271	90	382	288	377	469	343	367	444	28	476	441	232	|
|379	338	219	180	259	298	207	218	228	171	173	202	311	152	327	305	0	172	301	227	300	174	302	105	318	270	217	180	97	249	423	221	141	296	232	90	40	173	164	361	368	142	303	172	184	180	|
|481	388	131	239	431	201	294	389	168	337	293	221	472	324	461	256	172	0	432	280	446	273	300	70	400	442	337	330	80	271	490	391	217	391	167	191	194	339	286	468	483	294	239	289	203	26	|
|113	204	382	458	217	421	155	206	354	173	403	259	128	226	30	360	301	432	0	499	52	426	287	367	133	246	95	355	356	246	208	187	219	100	360	376	261	167	395	90	81	337	381	406	478	425	|
|593	565	395	48	365	474	432	337	420	332	110	423	463	283	521	508	227	280	499	0	482	77	521	260	542	356	431	178	262	472	647	352	368	516	422	137	264	338	114	573	576	174	499	106	78	304	|
|159	254	410	445	172	455	189	168	385	150	381	292	76	201	49	400	300	446	52	482	0	407	331	378	184	201	122	327	367	286	258	149	242	150	391	367	263	144	374	137	122	314	419	384	470	441	|
|523	506	371	57	289	451	371	260	389	257	36	376	386	207	447	473	174	273	426	77	407	0	475	234	477	280	363	104	234	422	583	275	313	449	392	91	205	263	38	503	504	97	468	31	108	294	|
|261	118	180	474	436	167	155	402	139	337	474	99	398	369	313	84	302	300	287	521	331	475	0	275	173	462	220	465	268	58	219	390	168	193	142	388	275	333	464	261	286	430	111	473	462	279	|
|424	346	137	214	362	217	237	320	161	267	248	183	403	256	396	250	105	70	367	260	378	234	275	0	348	374	274	274	11	234	444	321	159	335	163	145	124	269	239	409	422	237	239	245	191	76	|
|90	71	314	496	333	330	113	311	277	258	463	186	260	307	152	255	318	400	133	542	184	477	173	348	0	362	121	430	338	150	106	293	190	37	282	406	279	252	454	88	113	403	280	464	502	386	|
|359	423	466	333	30	533	308	61	458	127	245	386	141	118	250	507	270	442	246	356	201	280	462	374	362	0	252	178	365	406	453	73	313	325	463	286	254	130	242	336	324	187	517	250	374	449	|
|163	173	289	387	224	333	68	196	263	139	345	170	180	186	125	282	217	337	95	431	122	363	220	274	121	252	0	310	263	168	225	180	124	88	269	300	177	133	337	144	152	284	299	347	400	330	|
|461	471	400	160	189	478	336	167	408	182	68	370	294	129	371	482	180	330	355	178	327	104	465	274	430	178	310	0	269	408	534	184	297	398	412	142	194	188	66	439	436	38	482	73	206	345	|
|413	336	137	216	353	217	227	311	158	258	246	175	392	247	385	246	97	80	356	262	367	234	268	11	338	365	263	269	0	226	434	312	149	324	160	143	115	259	237	399	411	232	237	243	196	84	|
|240	118	167	424	380	181	101	345	128	280	419	52	349	311	273	115	249	271	246	472	286	422	58	234	150	406	168	408	226	0	223	333	111	160	133	336	219	276	409	235	258	373	136	418	416	252	|
|105	105	389	601	423	386	216	406	349	359	568	269	334	409	214	302	423	490	208	647	258	583	219	444	106	453	225	534	434	223	0	388	289	137	353	511	384	353	559	123	145	508	330	570	606	473	|
|299	352	401	321	47	466	236	19	391	58	244	315	111	74	196	437	221	391	187	352	149	275	390	321	293	73	180	184	312	333	388	0	243	257	396	258	197	60	238	276	267	178	448	248	355	395	|
|265	198	169	320	291	225	78	252	150	186	308	76	287	208	249	196	141	217	219	368	242	313	168	159	190	313	124	297	149	111	289	243	0	176	156	231	109	183	299	251	266	262	205	308	319	207	|
|89	105	316	471	296	341	98	275	282	223	433	187	224	273	121	271	296	391	100	516	150	449	193	335	37	325	88	398	324	160	137	257	176	0	287	382	256	217	424	78	98	372	295	434	480	379	|
|371	248	39	376	443	70	205	403	6	338	400	102	442	351	389	90	232	167	360	422	391	392	142	163	282	463	269	412	160	133	353	396	156	287	0	301	222	336	391	365	386	374	77	398	353	143	|
|462	428	280	90	285	360	296	248	298	222	104	288	362	183	400	382	90	191	376	137	367	91	388	145	406	286	300	142	143	336	511	258	231	382	301	0	127	226	96	443	448	110	376	100	103	209	|
|339	302	217	217	240	291	168	198	218	143	200	177	280	136	288	288	40	194	261	264	263	205	275	124	279	254	177	194	115	219	384	197	109	256	222	127	0	145	190	321	328	157	289	199	224	198	|
|273	305	342	301	107	406	181	70	331	6	237	256	139	59	185	377	173	339	167	338	144	263	333	269	252	130	133	188	259	276	353	60	183	217	336	226	145	0	230	251	248	170	388	240	328	341	|
|495	487	373	93	251	453	350	223	388	224	9	365	350	173	415	469	164	286	395	114	374	38	464	239	454	242	337	66	237	409	559	238	299	424	391	96	190	230	0	474	474	61	465	11	141	305	|
|22	153	394	530	307	416	174	296	359	258	482	265	212	311	91	343	361	468	90	573	137	503	261	409	88	336	144	439	399	235	123	276	251	78	365	443	321	251	474	0	26	418	367	485	544	456	|
|41	179	414	534	294	438	190	286	380	254	482	285	194	307	74	367	368	483	81	576	122	504	286	422	113	324	152	436	411	258	145	267	266	98	386	448	328	248	474	26	0	416	391	484	550	472	|
|439	441	362	146	193	440	305	164	370	164	67	333	289	113	355	444	142	294	337	174	314	97	430	237	403	187	284	38	232	373	508	178	262	372	374	110	157	170	61	418	416	0	444	71	187	309	|
|369	230	108	452	495	59	231	457	78	390	474	133	479	410	408	28	303	239	381	499	419	468	111	239	280	517	299	482	237	136	330	448	205	295	77	376	289	388	465	367	391	444	0	472	429	214	|
|506	497	380	88	260	460	360	233	395	234	5	374	360	183	425	476	172	289	406	106	384	31	473	245	464	250	347	73	243	418	570	248	308	434	398	100	199	240	11	485	484	71	472	0	137	309	|
|563	517	324	52	378	400	390	344	352	323	142	365	463	282	503	441	184	203	478	78	470	108	462	191	502	374	400	206	196	416	606	355	319	480	353	103	224	328	141	544	550	187	429	137	0	228	|
|468	370	106	262	437	176	283	395	144	340	312	204	472	331	454	232	180	26	425	304	441	294	279	76	386	449	330	345	84	252	473	395	207	379	143	209	198	341	305	456	472	309	214	309	228	0	|

--------------------------------------------------------------------------------
Building model...
	using lazy and cut (CVRPSEP package)
Solving IRP LP...
--------------------------------------------------------------------------------

Gurobi 9.1.0 (linux64) logging started Sat Jan  9 22:52:59 2021

Gurobi Optimizer version 9.1.0 build v9.1.0rc0 (linux64)
Thread count: 32 physical cores, 32 logical processors, using up to 2 threads
Optimize a model with 1279 rows, 6940 columns and 15727 nonzeros
Model fingerprint: 0x45982090
Variable types: 454 continuous, 6486 integer (276 binary)
Coefficient statistics:
  Matrix range     [1e+00, 2e+03]
  Objective range  [1e-02, 6e+02]
  Bounds range     [1e+00, 3e+02]
  RHS range        [1e+01, 5e+03]
Presolve removed 512 rows and 130 columns
Presolve time: 0.05s
Presolved: 767 rows, 6810 columns, 14803 nonzeros
Variable types: 324 continuous, 6486 integer (6216 binary)

Root relaxation: objective 2.539073e+03, 790 iterations, 0.01 seconds

    Nodes    |    Current Node    |     Objective Bounds      |     Work
 Expl Unexpl |  Obj  Depth IntInf | Incumbent    BestBd   Gap | It/Node Time

     0     0 2539.07262    0  131          - 2539.07262      -     -    0s
     0     0 2989.67207    0  136          - 2989.67207      -     -    0s
     0     0 2990.60034    0  124          - 2990.60034      -     -    0s
     0     0 3004.57005    0  162          - 3004.57005      -     -    0s
     0     0 3025.17658    0  157          - 3025.17658      -     -    0s
     0     0 3026.18138    0  162          - 3026.18138      -     -    0s
     0     0 3550.34741    0  191          - 3550.34741      -     -    0s
     0     0 3562.33435    0  154          - 3562.33435      -     -    0s
     0     0 3596.86253    0  188          - 3596.86253      -     -    0s
     0     0 3627.13222    0  202          - 3627.13222      -     -    0s
     0     0 3627.13222    0  199          - 3627.13222      -     -    0s
     0     0 3728.29308    0  159          - 3728.29308      -     -    0s
     0     0 3741.38468    0  177          - 3741.38468      -     -    0s
     0     0 3742.86997    0  157          - 3742.86997      -     -    0s
     0     0 3788.82562    0  145          - 3788.82562      -     -    0s
     0     0 3801.70087    0  179          - 3801.70087      -     -    1s
     0     0 3802.90900    0  200          - 3802.90900      -     -    1s
     0     0 3820.20172    0  243          - 3820.20172      -     -    1s
     0     0 3822.38748    0  250          - 3822.38748      -     -    1s
     0     0 3822.67267    0  283          - 3822.67267      -     -    1s
     0     0 3832.74015    0  227          - 3832.74015      -     -    1s
     0     0 3838.97792    0  263          - 3838.97792      -     -    1s
     0     2 3838.97792    0  263          - 3838.97792      -     -    1s
    91    97 4358.92927   23  155          - 3845.94806      -   204    5s
   470   525 5464.10223  135   36          - 3845.94806      -  88.1   10s
   740   701 4449.02984   34  391          - 3865.95547      -  68.8   15s
   762   716 4764.68091   50  413          - 3922.70101      -  66.8   20s
   779   727 4080.23697   15  446          - 3930.48461      -  65.4   25s
   801   744 5154.13367   85  433          - 3933.41533      -  74.9   30s
   820   756 5292.45349  103  413          - 3938.45680      -  73.2   35s
   851   781 4091.86262   32  199          - 3952.85483      -  89.5   40s
   961   860 4338.73685   58  329          - 3952.85483      -   101   45s
  1063   935 4500.35008   81  210          - 3952.85483      -   109   50s
  1229  1063 4834.79409  118   97          - 3952.85483      -   114   55s
  1404  1199 5637.00810  156   66          - 3952.85483      -   111   60s
  1581  1217 4156.16897   31  330          - 3956.14247      -   109   65s
  1617  1254 4181.29532   40  172          - 3956.14247      -   116   70s
  1688  1297 4395.15982   49  190          - 3956.14247      -   121   75s
  1800  1397 4410.25022   65   49          - 3956.14247      -   121   80s
  1984  1486 3977.74296   31  358          - 3956.37097      -   119   86s
  2100  1570 4103.10330   34  304          - 3956.37097      -   120   91s
  2359  1697 4089.45345   33  292          - 3956.37097      -   112   96s
  2687  1786 4065.46395   35  334          - 3956.37097      -   101  101s
  2790  1794 4137.26309   35  272          - 3956.37097      -   101  105s
  2835  1824 4263.12914   41  270          - 3956.37097      -   106  110s
  2885  1866 4254.56290   46  234          - 3956.37097      -   110  115s
  2940  1906 4348.71535   49  171          - 3956.37097      -   112  125s
  3002  2000 4293.04131   50  209          - 3956.37097      -   114  130s
  3166  2030 4343.70681   51  181          - 3956.37097      -   112  135s
  3228  2107 4367.02579   50  194          - 3956.37097      -   115  141s
  3289  2198 4423.99781   53  136          - 3956.37097      -   118  146s
  3469  2334 4615.09466   68  123          - 3956.37097      -   116  152s
  3518  2401 4510.67588   78   47          - 3956.37097      -   117  155s
  3610  2498 4715.13270   92   26          - 3956.37097      -   118  160s
  3682  2692 4917.31203  104   23          - 3956.37097      -   117  167s
  3983  2782 5188.74000  133    2          - 3969.08606      -   111  172s
  4061  2852 4188.46214   32  318          - 3969.08606      -   112  175s
  4169  2913 4342.88581   41  232          - 3969.08606      -   113  182s
  4191  2983 4429.49102   44  205          - 3969.08606      -   115  186s
  4261  3060 4535.38000   63   16          - 4024.54314      -   115  191s
  4364  3122 4188.39463   30  255          - 4024.54314      -   116  195s
  4478  3276 4582.46500   48   37          - 4024.54314      -   117  204s
  4553  3282 4933.85762  104   36          - 4024.54314      -   117  205s
  4644  3403 4606.56006   68   29          - 4024.54314      -   116  210s
  4736  3461 4852.49632  101   12          - 4037.12684      -   117  215s
  4850  3530 4277.71526   35  221          - 4037.12684      -   119  223s
  4885  3582 4410.26618   43  113          - 4037.12684      -   120  227s
  4937  3715 4471.80239   59   52          - 4037.12684      -   121  233s
  5074  3921 4963.61333   94   19          - 4037.12684      -   121  239s
  5099  3921 5013.18754  101  114          - 4037.12684      -   121  240s
  5294  4033 5351.76788  121   20          - 4046.31870      -   120  246s
  5476  4110 4295.74527   38   94          - 4048.14942      -   119  251s
  5515  4174 4460.15750   48   12          - 4048.14942      -   120  257s
  5579  4320 4611.54000   61    8          - 4048.14942      -   121  264s
  5756  4500 4720.93663   63   53          - 4048.14942      -   121  271s
  5970  4650 5272.32738  103   62          - 4054.65713      -   120  280s
  6186  4729 4258.33499   36  336          - 4054.65713      -   118  286s
  6226  4805 4464.79428   46  179          - 4054.65713      -   120  291s
  6304  4958 4626.81331   59   64          - 4054.65713      -   121  299s
  6329  4958 4700.90000   70   14          - 4054.65713      -   121  300s
  6488  5080 4838.10000   83    -          - 4054.88342      -   120  308s
  6638  5155 4288.81722   31  208          - 4054.88342      -   120  314s
  6692  5235 4596.37744   38  195          - 4054.88342      -   121  321s
  6774  5310 4668.55966   48   74          - 4054.88342      -   122  328s
  6865  5430 4921.10234   59  111          - 4054.88342      -   123  348s
  7037  5610 5296.68000   70   27          - 4054.88342      -   122  357s
  7203  5703 5396.87587   87   33          - 4060.52826      -   122  365s
  7332  5769 4278.35266   36  206          - 4060.52826      -   122  372s
  7379  5852 4519.14341   44  180          - 4060.58302      -   124  380s
  7502  5924 4651.34183   48   62          - 4062.39564      -   124  387s
  7565  6040 4807.43000   66    -          - 4062.72067      -   126  396s
  7710  6203 4888.70000   66   89          - 4062.73117      -   126  407s
  7964  6307 4385.08794   33  307          - 4062.73117      -   126  418s
  8046  6379 4530.56070   45   92          - 4062.73117      -   127  426s
  8117  6469 4590.24000   56    4          - 4062.73117      -   128  434s
  8189  6472 4819.78151   57   15          - 4062.73117      -   129  435s
  8208  6637 4855.16622   63   33          - 4062.73117      -   130  444s
  8308  6642 5424.72309  120   27          - 4062.73117      -   129  445s
  8388  6811 5366.49430  100   44          - 4070.89683      -   130  454s
  8438  6820 5949.55135  143    5          - 4070.89683      -   129  455s
  8657  6905 4440.97644   36  237          - 4070.93259      -   128  463s
  8709  6975 4628.01528   41  194          - 4070.93259      -   130  472s
  8803  7080 4832.93659   52   85          - 4070.93259      -   131  482s
  8997  7176 4986.96299   61   26          - 4079.30349      -   131  492s
  9066  7310 4534.96524   39   30          - 4079.30349      -   132  502s
  9191  7505 4645.29272   49   72          - 4079.30349      -   133  515s
