




arguments: ./build/mirp_solver -f ./input/orig_exec_171.cfg
Current dir: /scratch/gui/bnc_mirp
File verbosity level: 9
date       time         ( uptime  ) [ thread name/id ]                   file:line     v| 
2021-01-10 04:47:41.881 (   0.665s) [main thread     ]             loguru.cpp:789   INFO| Logging to './output/vi_vr/OU/V3/Original/execution_10_01_2021_04_47_41.log', mode: 'a', verbosity: 9
--------------------------------------------------------------------------------
Parameters
                           instance_path           ./input/Instances/Original/5/
                            model_policy                                       1
                             nb_vehicles                                       3
                              output_dir          ./output/vi_vr/OU/V3/Original/
                            sec_strategy                                       1
                       solver_nb_threads                                       2
                         solver_show_log                                    true
                       solver_time_limit                                    3600
                              use_vi_cos                                   false
                              use_vi_cus                                   false
                         use_vi_hc1_full                                   false
                         use_vi_hc1_half                                   false
                      use_vi_hc1_quarter                                   false
                              use_vi_hc2                                   false
                              use_vi_hc3                                   false
                         use_vi_lex_full                                   false
                         use_vi_lex_half                                   false
                      use_vi_lex_quarter                                   false
                              use_vi_qua                                   false
                               use_vi_vc                                   false
                               use_vi_vr                                    true
--------------------------------------------------------------------------------
executing instance: ./input/Instances/Original/5/absH3low_4n50.dat
--------------------------------------------------------------------------------
Instance details
n	51
H	3
C	4066
Li:
[0, 0, 0, 0, 0, 0, 0, 0, 0, 0, 0, 0, 0, 0, 0, 0, 0, 0, 0, 0, 0, 0, 0, 0, 0, 0, 0, 0, 0, 0, 0, 0, 0, 0, 0, 0, 0, 0, 0, 0, 0, 0, 0, 0, 0, 0, 0, 0, 0, 0, 0, ]
Ui:
[0, 108, 126, 122, 66, 120, 48, 30, 128, 54, 158, 198, 36, 66, 210, 234, 147, 297, 171, 128, 116, 120, 219, 70, 294, 207, 134, 128, 234, 122, 22, 183, 195, 255, 132, 124, 66, 189, 219, 66, 128, 102, 288, 66, 87, 136, 36, 39, 282, 36, 237, ]
Distance matrix:
|0	210	444	498	509	104	438	228	487	304	456	434	526	476	163	47	293	396	293	290	313	85	280	437	293	336	409	106	449	376	433	478	193	404	404	534	278	181	380	507	189	438	263	473	353	216	202	218	452	254	465	|
|210	0	299	507	359	106	345	409	358	411	320	402	555	448	136	200	289	264	306	427	141	222	83	348	264	320	283	303	380	208	258	357	170	348	475	542	243	347	355	379	65	479	172	373	355	251	112	229	402	210	300	|
|444	299	0	363	65	358	116	542	66	440	26	241	425	272	282	407	251	51	276	490	159	397	224	124	217	237	48	490	170	99	83	74	261	180	430	385	214	479	231	85	270	390	184	116	271	300	409	276	210	215	54	|
|498	507	363	0	385	482	246	424	326	254	343	123	63	93	388	452	221	337	211	314	428	414	480	239	243	187	324	463	194	418	438	307	346	188	156	36	264	392	156	326	444	87	340	258	154	286	603	294	153	297	417	|
|509	359	65	385	0	422	145	602	59	492	59	269	448	292	348	472	305	115	329	545	218	462	281	152	274	286	106	554	192	153	116	78	326	216	472	403	274	540	271	63	334	425	249	127	316	361	468	337	233	278	69	|
|104	106	358	482	422	0	372	309	408	337	374	396	521	441	98	96	262	314	271	342	215	124	177	373	249	302	329	198	394	281	337	402	139	353	419	518	230	250	343	428	90	437	188	405	328	200	134	188	406	199	372	|
|438	345	116	246	145	372	0	485	87	357	97	126	309	155	279	394	180	101	200	414	223	373	288	8	157	150	84	459	53	188	196	68	245	72	328	269	165	427	128	97	297	280	184	36	175	250	456	233	94	184	170	|
|228	409	542	424	602	309	485	0	561	170	544	419	424	446	298	214	305	491	286	115	462	187	457	480	331	339	496	124	470	510	565	545	295	424	279	454	329	66	376	576	363	340	370	520	330	242	429	266	453	328	581	|
|487	358	66	326	59	408	87	561	0	441	40	211	389	233	324	446	258	95	281	497	220	431	287	95	230	234	79	522	133	164	146	19	297	160	415	344	233	500	215	21	323	367	224	68	261	320	470	299	174	242	106	|
|304	411	440	254	492	337	357	170	441	0	434	266	255	286	275	266	189	392	164	63	408	225	428	351	224	207	392	234	330	438	484	424	250	287	112	284	232	149	233	453	349	170	302	389	185	168	471	195	305	248	487	|
|456	320	26	343	59	374	97	544	40	434	0	223	406	252	294	418	247	60	271	487	181	405	247	105	215	229	49	498	149	124	109	48	270	165	419	364	215	482	218	60	288	375	194	92	261	302	431	279	190	220	75	|
|434	402	241	123	269	396	126	419	211	266	223	0	185	46	298	387	140	213	145	328	310	355	366	118	147	97	201	425	78	295	315	191	256	65	211	151	166	371	53	215	343	157	231	145	90	220	505	217	41	198	295	|
|526	555	425	63	448	521	309	424	389	255	406	185	0	156	430	481	266	398	252	310	485	442	534	301	293	237	386	480	257	478	500	370	390	249	145	55	313	401	212	389	491	89	392	321	201	322	646	334	216	345	479	|
|476	448	272	93	292	441	155	446	233	286	252	46	156	0	343	429	183	250	184	348	353	396	411	148	192	140	236	461	102	334	350	214	302	106	214	113	212	402	98	233	389	151	277	165	125	261	551	260	62	244	325	|
|163	136	282	388	348	98	279	298	324	275	294	298	430	343	0	124	167	234	178	296	167	121	162	279	151	205	247	216	297	224	280	316	42	256	340	423	132	232	246	344	74	349	100	314	233	115	216	97	308	101	307	|
|47	200	407	452	472	96	394	214	446	266	418	387	481	429	124	0	246	358	245	259	284	41	261	392	247	289	370	103	403	345	402	436	150	358	361	488	232	158	333	466	165	393	223	430	306	168	217	171	406	210	431	|
|293	289	251	221	305	262	180	305	258	189	247	140	266	183	167	246	0	204	26	240	238	215	276	175	37	43	203	289	169	255	297	242	125	122	202	257	52	248	87	272	225	191	134	215	67	80	382	77	163	81	298	|
|396	264	51	337	115	314	101	491	95	392	60	213	398	250	234	358	204	0	229	442	130	347	196	108	169	194	19	440	152	87	102	93	211	149	390	363	165	428	194	116	228	355	134	117	230	250	376	225	189	164	95	|
|293	306	276	211	329	271	200	286	281	164	271	145	252	184	178	245	26	229	0	216	262	212	297	195	63	53	228	280	184	280	323	264	138	137	178	248	76	232	95	294	241	173	156	234	60	77	395	83	172	102	324	|
|290	427	490	314	545	342	414	115	497	63	487	328	310	348	296	259	240	442	216	0	443	220	456	408	273	264	443	204	390	479	529	480	278	346	165	343	278	115	293	509	369	229	340	447	244	202	473	230	366	288	536	|
|313	141	159	428	218	215	223	462	220	408	181	310	485	353	167	284	238	130	262	443	0	288	67	228	202	252	149	382	267	67	122	221	168	247	440	459	186	396	273	241	125	423	107	245	291	242	251	214	297	162	160	|
|85	222	397	414	462	124	373	187	431	225	405	355	442	396	121	41	215	347	212	220	288	0	273	371	221	258	357	95	378	344	401	420	136	331	321	450	208	126	302	450	177	353	213	409	272	136	253	143	377	190	426	|
|280	83	224	480	281	177	288	457	287	428	247	366	534	411	162	261	276	196	297	456	67	273	0	292	243	298	215	363	329	128	176	288	179	305	475	513	224	392	324	307	96	466	143	311	335	261	187	235	357	195	219	|
|437	348	124	239	152	373	8	480	95	351	105	118	301	148	279	392	175	108	195	408	228	371	292	0	154	144	91	456	46	194	203	76	244	65	320	261	163	423	121	103	299	273	185	40	168	247	459	230	86	183	178	|
|293	264	217	243	274	249	157	331	230	224	215	147	293	192	151	247	37	169	63	273	202	221	243	154	0	57	170	303	157	217	260	215	110	111	238	278	21	271	94	245	201	223	100	193	92	93	362	78	160	54	263	|
|336	320	237	187	286	302	150	339	234	207	229	97	237	140	205	289	43	194	53	264	252	258	298	144	57	0	190	331	131	257	294	216	163	84	197	221	77	285	44	246	258	172	155	183	39	123	418	119	120	110	288	|
|409	283	48	324	106	329	84	496	79	392	49	201	386	236	247	370	203	19	228	443	149	357	215	91	170	190	0	449	136	105	114	75	221	138	384	349	168	434	185	99	245	346	146	98	224	255	394	231	174	171	99	|
|106	303	490	463	554	198	459	124	522	234	498	425	480	461	216	103	289	440	280	204	382	95	363	456	303	331	449	0	458	439	496	510	229	410	344	498	293	89	374	540	267	391	307	495	336	211	308	226	451	280	520	|
|449	380	170	194	192	394	53	470	133	330	149	78	257	102	297	403	169	152	184	390	267	378	329	46	157	131	136	458	0	238	249	114	259	47	287	216	171	416	96	137	327	235	211	67	145	247	488	235	41	197	223	|
|376	208	99	418	153	281	188	510	164	438	124	295	478	334	224	345	255	87	280	479	67	344	128	194	217	257	105	439	238	0	57	169	216	230	453	445	206	445	268	184	191	427	141	202	296	278	315	250	274	191	92	|
|433	258	83	438	116	337	196	565	146	484	109	315	500	350	280	402	297	102	323	529	122	401	176	203	260	294	114	496	249	57	0	157	271	252	490	463	251	499	296	162	247	457	195	199	331	329	362	302	288	241	47	|
|478	357	74	307	78	402	68	545	19	424	48	191	370	214	316	436	242	93	264	480	221	420	288	76	215	216	75	510	114	169	157	0	287	141	396	325	219	485	196	31	319	347	216	49	243	306	469	286	154	230	120	|
|193	170	261	346	326	139	245	295	297	250	270	256	390	302	42	150	125	211	138	278	168	136	179	244	110	163	221	229	259	216	271	287	0	216	305	382	91	229	204	316	105	310	78	280	192	83	257	60	268	62	292	|
|404	348	180	188	216	353	72	424	160	287	165	65	249	106	256	358	122	149	137	346	247	331	305	65	111	84	138	410	47	230	252	141	216	0	255	215	126	369	56	168	292	210	177	102	103	200	454	189	54	155	234	|
|404	475	430	156	472	419	328	279	415	112	419	211	145	214	340	361	202	390	178	165	440	321	475	320	238	197	384	344	287	453	490	396	305	255	0	181	254	261	201	422	410	69	335	353	160	225	551	246	252	280	482	|
|534	542	385	36	403	518	269	454	344	284	364	151	55	113	423	488	257	363	248	343	459	450	513	261	278	221	349	498	216	445	463	325	382	215	181	0	298	425	189	342	479	115	373	276	190	323	638	330	175	332	439	|
|278	243	214	264	274	230	165	329	233	232	215	166	313	212	132	232	52	165	76	278	186	208	224	163	21	77	168	293	171	206	251	219	91	126	254	298	0	267	114	250	181	242	82	202	112	88	341	68	177	33	258	|
|181	347	479	392	540	250	427	66	500	149	482	371	401	402	232	158	248	428	232	115	396	126	392	423	271	285	434	89	416	445	499	485	229	369	261	425	267	0	325	516	298	313	305	463	281	180	375	203	403	264	516	|
|380	355	231	156	271	343	128	376	215	233	218	53	212	98	246	333	87	194	95	293	273	302	324	121	94	44	185	374	96	268	296	196	204	56	201	189	114	325	0	224	294	161	185	157	49	167	455	163	78	147	284	|
|507	379	85	326	63	428	97	576	21	453	60	215	389	233	344	466	272	116	294	509	241	450	307	103	245	246	99	540	137	184	162	31	316	168	422	342	250	516	224	0	344	371	244	70	271	337	490	317	176	261	120	|
|189	65	270	444	334	90	297	363	323	349	288	343	491	389	74	165	225	228	241	369	125	177	96	299	201	258	245	267	327	191	247	319	105	292	410	479	181	298	294	344	0	414	116	328	291	187	163	165	345	147	282	|
|438	479	390	87	425	437	280	340	367	170	375	157	89	151	349	393	191	355	173	229	423	353	466	273	223	172	346	391	235	427	457	347	310	210	69	115	242	313	161	371	414	0	323	301	133	238	565	253	197	273	444	|
|263	172	184	340	249	188	184	370	224	302	194	231	392	277	100	223	134	134	156	340	107	213	143	185	100	155	146	307	211	141	195	216	78	177	335	373	82	305	185	244	116	323	0	217	192	138	278	110	230	55	214	|
|473	373	116	258	127	405	36	520	68	389	92	145	321	165	314	430	215	117	234	447	245	409	311	40	193	183	98	495	67	202	199	49	280	102	353	276	202	463	157	70	328	301	217	0	205	286	485	269	106	220	167	|
|353	355	271	154	316	328	175	330	261	185	261	90	201	125	233	306	67	230	60	244	291	272	335	168	92	39	224	336	145	296	331	243	192	103	160	190	112	281	49	271	291	133	192	205	0	138	449	141	123	145	323	|
|216	251	300	286	361	200	250	242	320	168	302	220	322	261	115	168	80	250	77	202	242	136	261	247	93	123	255	211	247	278	329	306	83	200	225	323	88	180	167	337	187	238	138	286	138	0	328	28	243	88	340	|
|202	112	409	603	468	134	456	429	470	471	431	505	646	551	216	217	382	376	395	473	251	253	187	459	362	418	394	308	488	315	362	469	257	454	551	638	341	375	455	490	163	565	278	485	449	328	0	313	508	308	406	|
|218	229	276	294	337	188	233	266	299	195	279	217	334	260	97	171	77	225	83	230	214	143	235	230	78	119	231	226	235	250	302	286	60	189	246	330	68	203	163	317	165	253	110	269	141	28	313	0	235	61	315	|
|452	402	210	153	233	406	94	453	174	305	190	41	216	62	308	406	163	189	172	366	297	377	357	86	160	120	174	451	41	274	288	154	268	54	252	175	177	403	78	176	345	197	230	106	123	243	508	235	0	207	264	|
|254	210	215	297	278	199	184	328	242	248	220	198	345	244	101	210	81	164	102	288	162	190	195	183	54	110	171	280	197	191	241	230	62	155	280	332	33	264	147	261	147	273	55	220	145	88	308	61	207	0	253	|
|465	300	54	417	69	372	170	581	106	487	75	295	479	325	307	431	298	95	324	536	160	426	219	178	263	288	99	520	223	92	47	120	292	234	482	439	258	516	284	120	282	444	214	167	323	340	406	315	264	253	0	|

--------------------------------------------------------------------------------
Building model...
	using lazy and cut (CVRPSEP package)
Solving IRP LP...
--------------------------------------------------------------------------------

Gurobi 9.1.0 (linux64) logging started Sun Jan 10 04:47:42 2021

Gurobi Optimizer version 9.1.0 build v9.1.0rc0 (linux64)
Thread count: 32 physical cores, 32 logical processors, using up to 2 threads
Optimize a model with 1875 rows, 12588 columns and 28131 nonzeros
Model fingerprint: 0x782da489
Variable types: 654 continuous, 11934 integer (459 binary)
Coefficient statistics:
  Matrix range     [1e+00, 1e+03]
  Objective range  [1e-02, 6e+02]
  Bounds range     [1e+00, 3e+02]
  RHS range        [1e+01, 7e+03]
Presolve removed 673 rows and 221 columns
Presolve time: 0.08s
Presolved: 1202 rows, 12367 columns, 26561 nonzeros
Variable types: 585 continuous, 11782 integer (11334 binary)

Root relaxation: objective 3.373564e+03, 1302 iterations, 0.03 seconds

    Nodes    |    Current Node    |     Objective Bounds      |     Work
 Expl Unexpl |  Obj  Depth IntInf | Incumbent    BestBd   Gap | It/Node Time

     0     0 3373.56424    0  157          - 3373.56424      -     -    0s
     0     0 3606.88384    0  136          - 3606.88384      -     -    0s
     0     0 3618.04135    0  140          - 3618.04135      -     -    0s
     0     0 3618.04135    0  142          - 3618.04135      -     -    0s
     0     0 4337.08085    0  218          - 4337.08085      -     -    0s
     0     0 4370.59847    0  244          - 4370.59847      -     -    0s
     0     0 4371.27278    0  236          - 4371.27278      -     -    0s
     0     0 4456.44043    0  179          - 4456.44043      -     -    1s
     0     0 4459.62823    0  202          - 4459.62823      -     -    1s
     0     0 4464.96979    0  162          - 4464.96979      -     -    1s
     0     0 4465.50897    0  163          - 4465.50897      -     -    1s
     0     0 4533.08988    0  216          - 4533.08988      -     -    1s
     0     0 4552.40954    0  198          - 4552.40954      -     -    1s
     0     0 4554.33585    0  295          - 4554.33585      -     -    2s
     0     0 4574.10357    0  307          - 4574.10357      -     -    2s
     0     0 4577.07076    0  298          - 4577.07076      -     -    2s
     0     0 4581.87767    0  280          - 4581.87767      -     -    2s
     0     0 4582.30465    0  291          - 4582.30465      -     -    2s
     0     0 4608.66924    0  328          - 4608.66924      -     -    2s
     0     0 4611.79793    0  333          - 4611.79793      -     -    2s
     0     0 4621.12461    0  404          - 4621.12461      -     -    2s
     0     0 4623.61336    0  403          - 4623.61336      -     -    2s
     0     0 4623.72956    0  408          - 4623.72956      -     -    3s
     0     0 4639.83006    0  345          - 4639.83006      -     -    3s
     0     0 4642.49903    0  338          - 4642.49903      -     -    3s
     0     0 4647.13877    0  449          - 4647.13877      -     -    3s
     0     0 4647.91074    0  476          - 4647.91074      -     -    3s
     0     0 4655.23653    0  434          - 4655.23653      -     -    4s
     0     0 4655.23653    0  417          - 4655.23653      -     -    4s
     0     2 4655.23653    0  417          - 4655.23653      -     -    5s
    41    44 4701.39815   14  423          - 4659.10814      -   382   10s
   113   118 4843.15444   29  268          - 4659.10814      -   328   15s
   230   255 5222.93256   39  265          - 4659.10814      -   239   20s
   514   512 6184.97381   60  226          - 4659.10814      -   140   25s
   601   600 6434.08607   99  130          - 4659.10814      -   138   30s
   716   753 7152.94990  165   77          - 4659.10814      -   131   35s
   784   760 6503.84744  103  570          - 4669.73884      -   124   40s
   797   769 6727.86995  155  462          - 4694.75843      -   122   45s
   815   781 6377.03374   91  585          - 4713.78587      -   119   50s
   831   791 7379.46143  188  593          - 4720.67327      -   117   55s
   849   803 5568.91264   75  542          - 4728.18854      -   115   60s
   863   813 6944.37248  165  637          - 4731.38710      -   113   65s
   881   826 6572.20532  114  425          - 4731.59744      -   134   70s
   887   830 4813.70173   16  584          - 4731.59744      -   133   75s
   899   838 6461.43705  100  582          - 4731.85646      -   132   82s
   913   850 4786.19848   30  357          - 4740.68929      -   146   85s
   958   882 4793.81325   42  331          - 4742.60738      -   158   90s
  1027   930 4929.39022   58  275          - 4742.60738      -   168   95s
  1097   981 5055.50953   74  241          - 4742.60738      -   177  100s
  1183  1055 5186.16929   94  242          - 4742.60738      -   182  105s
  1342  1167 5446.87381  114  163          - 4742.60738      -   173  114s
  1374  1159 6788.27375  171   22          - 4742.60738      -   171  115s
  1496  1209 5747.12726  139  159          - 4742.60738      -   164  120s
  1571  1259 6034.15988  170  171          - 4742.60738      -   166  125s
  1649  1318 6382.34250  201  151          - 4742.60738      -   167  130s
  1752  1389 6867.80529  245   84          - 4748.55418      -   164  136s
  1839  1409 4836.28644   36  461          - 4748.55418      -   164  141s
  1883  1443 4881.75041   44  388          - 4748.55418      -   167  146s
  1943  1501 5014.00402   49  276          - 4748.55418      -   170  152s
  1980  1536 5064.48375   55  230          - 4748.55418      -   169  155s
  2157  1624 5228.60500   60  207          - 4748.55418      -   161  161s
  2254  1634 5229.18928   65  236          - 4748.55418      -   158  166s
  2290  1674 5383.95569   74  186          - 4748.55418      -   160  170s
  2368  1755 5596.33542   99   93          - 4748.55418      -   159  175s
  2523  1897 6131.23574  136   25          - 4748.55418      -   155  181s
  2696  1955 6396.41758  141   29          - 4748.55418      -   147  186s
  2847  1953 7227.92667  178   32          - 4754.52304      -   142  191s
  2949  1992 5092.56813   36  372          - 4754.52304      -   142  197s
  2991  2030 5179.05363   42  316          - 4754.52304      -   144  202s
  3021  2058 5255.34946   42  250          - 4754.52304      -   144  205s
  3113  2160 5220.70464   52  435          - 4754.52304      -   144  212s
  3192  2238 5318.59462   56  239          - 4754.52304      -   143  216s
  3362  2234 5299.64056   65  230          - 4754.52304      -   139  220s
  3405  2276 5399.34374   76  196          - 4754.52304      -   141  226s
  3448  2326 5848.27305   91  136          - 4754.52304      -   142  234s
  3498  2326 4892.38998   43  316          - 4754.52304      -   142  235s
  3576  2433 6312.53809  140    6          - 4754.52304      -   141  240s
  3644  2538 6709.81094  148   34          - 4755.25142      -   140  245s
  3771  2569 4901.85716   43  287          - 4755.25142      -   139  250s
  3806  2626 4936.24072   40  266          - 4755.25142      -   142  257s
  3839  2659 4994.27812   51  161          - 4755.25142      -   143  261s
  3872  2711 5053.28480   59  160          - 4755.25142      -   144  265s
  3924  2743 5184.45944   70   57          - 4755.25142      -   145  271s
  3956  2828 5352.95401   77   52          - 4755.25142      -   147  276s
  4043  2912 5577.25760   94   77          - 4755.29061      -   147  288s
  4128  2922 5991.01346  135   26          - 4755.29061      -   145  290s
  4213  3007 4932.55351   43  392          - 4755.29061      -   147  299s
  4245  3048 5043.92956   48  359          - 4755.29061      -   149  304s
  4286  3116 5119.34911   55  224          - 4755.29061      -   151  309s
  4354  3250 5122.26740   64   86          - 4755.29061      -   152  316s
  4490  3498 5369.57306   79  161          - 4755.29061      -   151  327s
  4745  3514 6538.31276  163   14          - 4755.29061      -   146  330s
  4829  3628 5579.51068   92  109          - 4758.95823      -   144  338s
  4942  3664 4811.53027   34  617          - 4758.95823      -   144  344s
  4967  3692 5017.14028   44  313          - 4758.95823      -   146  349s
  4995  3730 5100.24009   49  219          - 4758.95823      -   147  355s
  5033  3797 5194.21476   58  129          - 4758.95823      -   149  368s
  5100  3980 5352.94262   66  161          - 4758.95823      -   150  378s
  5214  3980 5445.30917  118  105          - 4758.95823      -   150  380s
  5306  4039 5491.51302   77  118          - 4758.95823      -   149  386s
  5360  4155 5650.78992   90   76          - 4758.95823      -   150  395s
  5476  4327 5958.84319  141   40          - 4770.90078      -   151  404s
  5612  4330 6815.99120  186   15          - 4770.90078      -   148  405s
  5682  4445 4874.63221   35  396          - 4770.90078      -   149  412s
  5784  4616 5063.68828   45  263          - 4770.90078      -   150  423s
  5900  4616 6130.39084  126   22          - 4770.90078      -   150  425s
  5973  4670 5183.29987   55  153          - 4770.90078      -   149  433s
  6023  4753 5310.22483   63  206          - 4770.90078      -   150  441s
  6106  5150 5614.65154   78  102          - 4772.82251      -   151  453s
  6276  5151 6106.41000  127   13          - 4772.82251      -   149  455s
  6656  5383 4902.33795   36  348          - 4772.82251      -   143  469s
  6693  5387 5687.65000  119    9          - 4772.82251      -   143  470s
  6854  5456 5165.60710   46  228          - 4772.82251      -   141  478s
  6908  5558 5424.36706   61  186          - 4772.82251      -   143  487s
  7010  5748 5851.37250   88   43          - 4773.68850      -   143  497s
  7290  5864 4914.93503   38  506          - 4773.68850      -   141  511s
  7363  6105 5095.62511   43  366          - 4773.68850      -   143  527s
  7543  6122 6369.23500  138   18          - 4773.68850      -   142  530s
  7744  6306 5253.09135   57  186          - 4773.68850      -   139  544s
  7831  6306 5543.71125   95   33          - 4773.68850      -   139  545s
  7892  6383 5738.31455  103   47          - 4775.04871      -   139  555s
  7984  6474 4995.42202   46  250          - 4775.04871      -   140  568s
  8064  6711 5096.93274   55  244          - 4775.04871      -   142  581s
  8372  6895 5418.50224   73  125          - 4775.04871      -   140  596s
  8523  7045 6216.81000  113   12          - 4775.29628      -   141  612s
  8717  7168 4954.12159   35  359          - 4775.29628      -   141  624s
  8850  7197 5129.28136   48  195          - 4775.29628      -   141  660s
  8864  7329 5144.07926   52  227          - 4775.29628      -   142  672s
  9000  7492 5651.57000   95   33          - 4775.66545      -   143  684s
  9017  7492 5644.19093  109   26          - 4775.66545      -   143  685s
  9197  7653 5098.23091   47  310          - 4775.66545      -   143  699s
  9217  7653 5251.54433   57  133          - 4775.66545      -   143  700s
  9370  7795 5395.79134   64  153          - 4775.66545      -   143  712s
  9498  8137 5908.69667   93  142          - 4777.09412      -   144  726s
  9944  8310 4947.09018   33  363          - 4777.09412      -   141  740s
 10115  8405 5134.36131   45  125          - 4777.09412      -   141  757s
 10188  8602 5393.00777   67  101          - 4777.09412      -   143  770s
 10394  8820 5962.45333   95   61          - 4777.20583      -   143  788s
 10723  9021 5232.16702   42  265          - 4777.20583      -   141  804s
 10740  9021 5267.73583   47  312          - 4777.20583      -   142  805s
 10941  9117 5250.48544   49  270          - 4777.20583      -   141  817s
 11004  9204 5545.62546   67  198          - 4777.20583      -   142  828s
 11091  9358 5852.87503   90  109          - 4777.20583      -   144  839s
 11108  9358 6155.74483   97  155          - 4777.20583      -   144  840s
 11245  9563 6425.60250  122   30          - 4779.83719      -   144  853s
 11435  9593 5032.80292   40  372          - 4779.83719      -   143  855s
 11515  9811 5063.07333   42  440          - 4779.83719      -   144  868s
 11661  9822 6585.42000  129    6          - 4779.83719      -   144  870s
 11818 10011 5328.17015   52  201          - 4779.83719      -   143  883s
 11977 10020 6411.20721  134    8          - 4779.83719      -   142  885s
 12027 10254 5864.22908   87   43          - 4780.44278      -   142  898s
 12198 10258 6458.48417  159   28          - 4780.44278      -   141  900s
 12332 10375 4959.07311   38  310          - 4780.44278      -   141  913s
 12413 10548 5162.57069   51  247          - 4780.44278      -   142  926s
 12586 10787 5376.15032   71   60          - 4780.44278      -   143  939s
 12671 10787 5669.73132  108   79          - 4780.44278      -   143  940s
 12931 10964 5692.02677  113   80          - 4780.74030      -   141  952s
 13088 11050 5043.42231   36  326          - 4780.74030      -   141  964s
 13157 11050 5417.89289   66  165          - 4780.74030      -   142  965s
 13163 11339 5166.18831   52  168          - 4780.74030      -   142  981s
 13460 11600 5658.20007   80   29          - 4785.63265      -   141  996s
 13893 11750 5132.28249   37  332          - 4785.98440      -   139 1009s
 13958 11878 5446.22846   50  271          - 4785.98440      -   140 1020s
 14086 12263 5797.40558   70  128          - 4786.04429      -   140 1038s
 14222 12263 6305.91204  125   44          - 4786.04429      -   140 1040s
 14561 12359 4903.50180   40  370          - 4786.20508      -   138 1052s
 14619 12438 5233.47599   55  203          - 4786.20508      -   139 1062s
 14698 12559 5362.57285   64  212          - 4786.20508      -   140 1076s
 14819 12895 5587.87655   80  102          - 4786.20508      -   141 1091s
 15117 12903 6427.54000  109    9          - 4786.20508      -   139 1095s
 15223 13195 6297.67778  137   28          - 4786.26440      -   139 1109s
 15240 13195 6345.68500  141   16          - 4786.26440      -   139 1110s
 15461 13221 7107.96000  200    4          - 4786.26440      -   137 1115s
 15622 13310 5154.64072   36  315          - 4786.26440      -   137 1125s
 15671 13506 5503.16456   50  222          - 4786.26440      -   138 1139s
 15688 13506 5569.92380   59   98          - 4786.26440      -   138 1140s
 15871 13703 6028.66789  107   14          - 4786.35926      -   138 1153s
 16115 13825 5086.03675   44  373          - 4786.35926      -   137 1166s
 16216 14002 5318.25846   60  137          - 4786.89051      -   138 1178s
 16463 14078 4983.84041   34  409          - 4789.58838      -   138 1190s
 16506 14180 5155.52903   45  184          - 4789.58838      -   139 1202s
 16608 14423 5464.47681   81  159          - 4790.13779      -   139 1216s
 16949 14718 5047.99578   35  308          - 4790.13779      -   138 1237s
 17182 14719 6776.48940  154   25          - 4790.13779      -   138 1240s
 17234 14782 5589.77750   49  217          - 4790.13779      -   137 1250s
 17282 14875 5804.52277   57  243          - 4790.13779      -   138 1261s
 17375 15174 6119.28083   77   60          - 4791.33422      -   139 1284s
 17443 15174 6347.82571  103   14          - 4791.33422      -   139 1285s
 17778 15391 4958.88002   33  438          - 4791.33422      -   137 1299s
 17861 15391 6021.50685  113   44          - 4791.33422      -   138 1300s
 17980 15456 5469.46071   43  304          - 4791.33422      -   137 1310s
 18029 15567 5687.45563   50  262          - 4791.33422      -   138 1321s
 18142 15853 5900.17259   64  106          - 4791.33422      -   138 1335s
 18444 16105 6296.10125   95   68          - 4792.34029      -   138 1350s
 18805 16203 5184.03534   45  352          - 4793.99874      -   137 1362s
 18848 16263 5469.88862   58  231          - 4793.99874      -   138 1372s
 18908 16386 5697.94679   73  205          - 4793.99874      -   139 1384s
 18964 16386 5320.62549   53  168          - 4793.99874      -   139 1385s
 19031 16784 5843.51341   99   81          - 4793.99874      -   139 1400s
 19523 16835 6216.32516  128   45          - 4793.99874      -   137 1405s
 19550 16944 6429.42601  124   76          - 4796.17666      -   137 1415s
 19702 17024 5356.14692   47  322          - 4796.17666      -   137 1426s
 19758 17156 5589.24560   66  120          - 4796.17666      -   138 1437s
 19898 17225 6074.30100   91   69          - 4796.25460      -   138 1449s
 19977 17313 5050.25995   39  367          - 4796.25460      -   138 1461s
 20060 17530 5196.60498   50  264          - 4796.25460      -   139 1475s
 20307 17794 5507.83135   59  208          - 4796.25460      -   139 1490s
 20682 17995 6045.40455   76  109          - 4796.25460      -   137 1505s
 20837 18053 6214.14804  117   80          - 4797.05063      -   138 1517s
 20919 18118 5182.83176   46  198          - 4797.05063      -   138 1528s
 20972 18259 5300.98244   50  198          - 4797.05063      -   139 1541s
 21113 18417 5360.51516   61  144          - 4797.05063      -   139 1555s
 21359 18541 5800.96539   64  113          - 4797.05063      -   139 1567s
 21440 18707 5651.36898   79   97          - 4797.05063      -   139 1579s
 21561 18710 5971.71209  116   23          - 4797.05063      -   139 1580s
 21634 18859 5840.70532   98   18          - 4797.05063      -   139 1592s
 21783 19174 6134.87804  107   88          - 4798.74405      -   139 1608s
 22022 19215 6773.49000  165   10          - 4798.74405      -   138 1610s
 22273 19389 4892.86196   33  489          - 4798.74405      -   138 1625s
 22435 19435 5262.45588   42  274          - 4798.74405      -   138 1638s
 22514 19525 5367.24442   56  110          - 4798.74405      -   138 1649s
 22550 19525 5534.67684   69  107          - 4798.74405      -   138 1650s
 22583 19643 5639.33160   70  130          - 4798.74405      -   139 1664s
 22680 19646 5335.76884   56  112          - 4798.74405      -   138 1665s
 22707 19745 6116.00905  103   32          - 4800.39276      -   139 1676s
 22830 19833 5292.97246   39  348          - 4800.39276      -   139 1688s
 22907 19897 5472.25713   53  159          - 4800.39276      -   139 1700s
 23013 19975 5575.51135   67  124          - 4800.39276      -   140 1712s
 23070 20084 5757.56527   80   85          - 4800.39276      -   140 1724s
 23107 20084 5871.52675   93   50          - 4800.39276      -   140 1725s
 23179 20244 6063.63050  111   58          - 4802.43082      -   140 1741s
 23497 20354 4882.91227   36  446          - 4802.43082      -   140 1754s
 23533 20456 5188.23455   45  378          - 4802.43082      -   140 1767s
 23635 20553 5351.03256   55  107          - 4802.43082      -   141 1780s
 23748 20656 5639.76946   66   83          - 4802.43082      -   141 1793s
 23849 20853 5873.83243   87   53          - 4802.43082      -   141 1808s
 24067 21213 6206.03375  127   43          - 4802.52547      -   141 1828s
 24221 21231 7041.21332  192   28          - 4802.52547      -   140 1830s
 24720 21361 7333.12000  169    8          - 4803.33531      -   139 1835s
 24749 21405 4922.29362   36  420          - 4803.33531      -   139 1845s
 24781 21465 5245.30789   44  272          - 4803.33531      -   139 1855s
 24841 21575 5355.16320   52  287          - 4803.33531      -   140 1867s
 24951 21697 5567.30618   63  201          - 4803.33531      -   140 1880s
 25093 21852 5916.44395   82   58          - 4803.33531      -   140 1896s
 25280 21964 6293.04482  100   26          - 4804.09868      -   140 1911s
 25408 22014 5120.77538   39  462          - 4804.09868      -   140 1920s
 25443 22069 5399.46354   46  345          - 4804.09868      -   141 1931s
 25498 22155 5499.16814   56  292          - 4804.09868      -   141 1943s
 25596 22296 5630.78340   61  219          - 4804.09868      -   141 1957s
 25794 22390 5833.39000   70   64          - 4804.09868      -   141 1971s
 25857 22558 5962.03307   84  115          - 4804.09868      -   142 1986s
 26083 22688 6254.51844  117   16          - 4805.66910      -   141 2001s
 26260 22756 5045.80281   40  344          - 4805.66910      -   141 2012s
 26295 22817 5214.79245   50  294          - 4805.66910      -   142 2023s
 26356 22951 5550.50995   60  221          - 4805.66910      -   142 2036s
 26497 23149 5632.45228   76  232          - 4805.66910      -   143 2050s
 26709 23378 6116.79000  124   22          - 4806.07661      -   142 2066s
 27111 23508 5316.58270   39  284          - 4807.53289      -   141 2081s
 27156 23568 5564.66775   48  253          - 4807.53289      -   142 2093s
 27216 23751 5684.17811   60  286          - 4807.53289      -   142 2108s
 27401 23755 6006.80000  119    -          - 4807.53289      -   142 2110s
 27413 23874 5973.07819   82  170          - 4807.75478      -   142 2122s
 27598 23941 4952.44960   39  377          - 4808.71560      -   142 2135s
 27631 23986 5172.51627   48  261          - 4808.71560      -   142 2146s
 27676 24090 5241.59446   56  228          - 4808.71560      -   143 2158s
 27780 24324 5538.66707   77  131          - 4808.97844      -   143 2174s
 27797 24324 5577.00104   85   99          - 4808.97844      -   143 2175s
 28138 24401 4921.68615   38  491          - 4809.06870      -   142 2188s
 28160 24443 5446.58685   48  267          - 4809.06870      -   143 2199s
 28202 24513 5459.70299   54  242          - 4809.06870      -   143 2210s
 28272 24660 5597.99165   67  226          - 4809.06870      -   143 2225s
 28419 24864 5807.73229   78  160          - 4809.06870      -   143 2243s
 28731 24989 6248.33000  111   19          - 4809.80587      -   143 2262s
 28857 25057 5404.91293   41  283          - 4809.80587      -   143 2274s
 28899 25103 5552.81656   51  163          - 4809.80587      -   143 2286s
 28945 25171 5661.07868   55  152          - 4809.80587      -   144 2298s
 29013 25312 5728.69166   66  137          - 4809.80587      -   144 2312s
 29166 25589 6073.57000   86    -          - 4810.53875      -   144 2330s
 29660 25720 5002.66878   43  479          - 4810.73780      -   143 2345s
 29687 25750 5220.65475   53  323          - 4810.73780      -   143 2357s
 29717 25781 5218.27371   54  391          - 4810.73780      -   144 2368s
 29748 25821 5350.92694   57  325          - 4810.73780      -   144 2380s
 29788 25888 5318.05287   58  309          - 4810.73780      -   145 2393s
 29855 26018 5407.01107   66  276          - 4810.73780      -   145 2407s
 30038 26191 5511.87149   71  239          - 4810.73780      -   145 2423s
 30178 26200 6723.17471  158   38          - 4810.73780      -   145 2425s
 30298 26301 5561.40133   81  145          - 4810.73780      -   144 2438s
 30355 26387 5775.20817   89  134          - 4810.73780      -   145 2450s
 30441 26493 5916.85015  102   62          - 4810.73780      -   145 2466s
 30547 26664 6003.62808  120   17          - 4812.46919      -   145 2485s
 30848 26844 5048.51735   40  425          - 4812.46919      -   145 2504s
 30974 26999 5240.24144   45  430          - 4812.46919      -   145 2519s
 31090 27003 6626.18500  129    4          - 4812.46919      -   145 2521s
 31196 27080 5371.27143   54  265          - 4812.46919      -   144 2532s
 31241 27150 5454.03820   66  232          - 4812.46919      -   145 2543s
 31311 27307 5681.91186   83   83          - 4812.46919      -   145 2558s
 31468 27521 6118.39462  132   14          - 4812.85089      -   145 2574s
 31570 27522 6479.77000  172   11          - 4812.85089      -   145 2575s
 31744 27578 5149.08239   40  436          - 4812.85089      -   145 2587s
 31803 27642 5421.35012   49  259          - 4812.85089      -   145 2599s
 31827 27642 5533.25345   61  198          - 4812.85089      -   145 2600s
 31852 27742 5534.76622   62  171          - 4812.85089      -   145 2613s
 31952 27968 5760.65252   86   54          - 4812.89252      -   146 2630s
 32342 28077 5264.62643   44  445          - 4812.90027      -   145 2645s
 32378 28187 5636.79794   54  252          - 4812.90027      -   145 2659s
 32454 28187 5875.63662   65  188          - 4812.90027      -   145 2660s
 32488 28522 5787.31278   85   21          - 4812.90027      -   145 2678s
 32886 28774 6372.06111  121   18          - 4813.29758      -   144 2698s
 33006 28789 7197.42228  171   11          - 4813.29758      -   144 2700s
 33237 28864 4935.40993   44  439          - 4813.32548      -   144 2713s
 33267 28914 5340.67701   52  334          - 4813.32548      -   144 2725s
 33317 28972 5420.68656   57  330          - 4813.32548      -   144 2735s
 33375 29049 5568.79583   65  161          - 4813.32548      -   145 2897s
 33462 29313 5693.75678   80  203          - 4813.32548      -   145 2916s
 33816 29504 5898.96179  100   67          - 4813.32548      -   144 2935s
 33991 29626 6169.35453  117    8          - 4815.92275      -   144 2951s
 34197 29707 5072.72113   47  472          - 4816.15254      -   144 2965s
 34236 29780 5318.47048   54  283          - 4816.15254      -   144 2978s
 34309 29896 5425.52016   62  229          - 4816.15254      -   144 2995s
 34481 29998 5567.32500   74   55          - 4816.15254      -   144 3009s
 34515 29998 5702.70500   82   40          - 4816.15254      -   144 3010s
 34565 30156 5811.89800   90   58          - 4818.43473      -   145 3025s
 34824 30275 5075.78873   44  451          - 4818.43473      -   144 3041s
 34895 30478 5353.12837   55  279          - 4818.43473      -   145 3057s
 35178 30626 5490.16805   63  194          - 4818.43473      -   144 3072s
 35361 30759 5670.10990   82  134          - 4818.43473      -   144 3087s
 35487 30847 5875.61627   97   76          - 4819.89621      -   144 3100s
 35588 30920 5172.95877   38  365          - 4819.89621      -   144 3114s
 35649 31030 5275.54022   45  258          - 4819.89621      -   144 3129s
 35744 31030 6222.98895  113   40          - 4819.89621      -   144 3130s
 35777 31072 5376.14121   56  272          - 4819.89621      -   144 3141s
 35811 31133 5656.88171   61   99          - 4819.89621      -   145 3155s
 35872 31241 5757.23930   76   47          - 4819.89621      -   145 3169s
 35906 31241 5887.85361   94  116          - 4819.89621      -   145 3170s
 35984 31363 6132.23750  103   18          - 4820.75062      -   145 3183s
 36152 31437 5013.15288   35  560          - 4820.75062      -   145 3199s
 36235 31486 5340.90310   43  274          - 4820.75062      -   145 3212s
 36272 31553 5472.38284   54  231          - 4820.75062      -   146 3226s
 36339 31662 5620.03395   73   65          - 4820.75062      -   146 3240s
 36454 31856 6038.85000   99   40          - 4821.96096      -   146 3259s
 36522 31861 6239.85000  131    -          - 4821.96096      -   146 3260s
 36670 31976 5168.59624   42  441          - 4821.96096      -   146 3275s
 36812 32035 5474.63576   52  382          - 4821.96096      -   146 3287s
