




arguments: ./build/mirp_solver -f ./input/orig_exec_210.cfg
Current dir: /scratch/gui/bnc_mirp
File verbosity level: 9
date       time         ( uptime  ) [ thread name/id ]                   file:line     v| 
2021-01-10 10:49:29.587 (   0.109s) [main thread     ]             loguru.cpp:789   INFO| Logging to './output/vi_vr/OU/V3/Original/execution_10_01_2021_10_49_29.log', mode: 'a', verbosity: 9
--------------------------------------------------------------------------------
Parameters
                           instance_path           ./input/Instances/Original/6/
                            model_policy                                       1
                             nb_vehicles                                       3
                              output_dir          ./output/vi_vr/OU/V3/Original/
                            sec_strategy                                       1
                       solver_nb_threads                                       2
                         solver_show_log                                    true
                       solver_time_limit                                    3600
                              use_vi_cos                                   false
                              use_vi_cus                                   false
                         use_vi_hc1_full                                   false
                         use_vi_hc1_half                                   false
                      use_vi_hc1_quarter                                   false
                              use_vi_hc2                                   false
                              use_vi_hc3                                   false
                         use_vi_lex_full                                   false
                         use_vi_lex_half                                   false
                      use_vi_lex_quarter                                   false
                              use_vi_qua                                   false
                               use_vi_vc                                   false
                               use_vi_vr                                    true
--------------------------------------------------------------------------------
executing instance: ./input/Instances/Original/6/absH6high_1n25.dat
--------------------------------------------------------------------------------
Instance details
n	26
H	6
C	1711
Li:
[0, 0, 0, 0, 0, 0, 0, 0, 0, 0, 0, 0, 0, 0, 0, 0, 0, 0, 0, 0, 0, 0, 0, 0, 0, 0, ]
Ui:
[0, 168, 176, 34, 66, 36, 177, 106, 118, 182, 64, 141, 189, 63, 46, 111, 182, 231, 36, 66, 68, 54, 132, 90, 246, 75, ]
Distance matrix:
|0	191	200	231	334	329	146	196	208	245	218	164	283	394	151	358	156	196	309	253	201	260	127	138	130	104	|
|191	0	226	229	278	146	328	216	390	417	327	293	195	334	106	296	171	122	472	151	12	411	280	53	190	130	|
|200	226	0	38	149	359	321	10	276	274	418	364	139	204	121	173	321	115	303	141	225	236	155	202	311	256	|
|231	229	38	0	110	352	358	37	314	310	448	395	108	167	129	135	342	109	336	120	226	268	194	213	335	277	|
|334	278	149	110	0	367	467	147	422	413	546	495	86	61	203	25	423	163	429	129	271	363	303	282	424	361	|
|329	146	359	352	367	0	453	349	533	562	411	393	282	411	245	378	250	244	617	245	141	556	426	195	284	243	|
|146	328	321	358	467	453	0	321	162	215	160	112	425	524	297	491	223	341	284	397	339	266	186	276	184	210	|
|196	216	10	37	147	349	321	0	281	281	414	360	132	203	112	171	315	105	311	132	216	244	159	193	305	249	|
|208	390	276	314	422	533	162	281	0	54	321	271	410	471	316	445	348	348	123	398	398	115	125	338	313	309	|
|245	417	274	310	413	562	215	281	54	0	375	323	413	457	334	435	393	361	70	406	424	69	139	367	359	349	|
|218	327	418	448	546	411	160	414	321	375	0	57	484	606	347	569	163	393	444	446	339	421	318	288	137	199	|
|164	293	364	395	495	393	112	360	271	323	57	0	437	556	300	519	144	346	393	401	305	367	261	249	109	163	|
|283	195	139	108	86	282	425	132	410	413	484	437	0	139	137	101	349	91	443	44	187	375	286	206	355	291	|
|394	334	204	167	61	411	524	203	471	457	606	556	139	0	264	38	483	222	467	183	326	403	356	341	484	421	|
|151	106	121	129	203	245	297	112	316	334	347	300	137	264	0	225	220	46	381	102	106	316	195	84	221	158	|
|358	296	173	135	25	378	491	171	445	435	569	519	101	38	225	0	444	184	450	145	288	384	328	303	446	383	|
|156	171	321	342	423	250	223	315	348	393	163	144	349	483	220	444	0	261	460	308	183	415	284	143	39	65	|
|196	122	115	109	163	244	341	105	348	361	393	346	91	222	46	184	261	0	402	56	118	336	224	119	264	200	|
|309	472	303	336	429	617	284	311	123	70	444	393	443	467	381	450	460	402	0	442	477	68	192	424	426	413	|
|253	151	141	120	129	245	397	132	398	406	446	401	44	183	102	145	308	56	442	0	143	375	273	164	315	251	|
|201	12	225	226	271	141	339	216	398	424	339	305	187	326	106	288	183	118	477	143	0	416	286	63	202	142	|
|260	411	236	268	363	556	266	244	115	69	421	367	375	403	316	384	415	336	68	375	416	0	135	365	384	363	|
|127	280	155	194	303	426	186	159	125	139	318	261	286	356	195	328	284	224	192	273	286	135	0	232	256	229	|
|138	53	202	213	282	195	276	193	338	367	288	249	206	341	84	303	143	119	424	164	63	365	232	0	153	89	|
|130	190	311	335	424	284	184	305	313	359	137	109	355	484	221	446	39	264	426	315	202	384	256	153	0	64	|
|104	130	256	277	361	243	210	249	309	349	199	163	291	421	158	383	65	200	413	251	142	363	229	89	64	0	|

--------------------------------------------------------------------------------
Building model...
	using lazy and cut (CVRPSEP package)
Solving IRP LP...
--------------------------------------------------------------------------------

Gurobi 9.1.0 (linux64) logging started Sun Jan 10 10:49:29 2021

Gurobi Optimizer version 9.1.0 build v9.1.0rc0 (linux64)
Thread count: 32 physical cores, 32 logical processors, using up to 2 threads
Optimize a model with 1874 rows, 6950 columns and 16886 nonzeros
Model fingerprint: 0xe91ab697
Variable types: 632 continuous, 6318 integer (468 binary)
Coefficient statistics:
  Matrix range     [1e+00, 6e+02]
  Objective range  [1e-01, 6e+02]
  Bounds range     [1e+00, 2e+02]
  RHS range        [1e+01, 3e+03]
Presolve removed 699 rows and 230 columns
Presolve time: 0.07s
Presolved: 1175 rows, 6720 columns, 15236 nonzeros
Variable types: 545 continuous, 6175 integer (5718 binary)

Root relaxation: objective 1.362101e+04, 1537 iterations, 0.03 seconds

    Nodes    |    Current Node    |     Objective Bounds      |     Work
 Expl Unexpl |  Obj  Depth IntInf | Incumbent    BestBd   Gap | It/Node Time

     0     0 13621.0136    0  221          - 13621.0136      -     -    0s
     0     0 13838.1632    0  212          - 13838.1632      -     -    0s
     0     0 13855.1823    0  220          - 13855.1823      -     -    0s
     0     0 13857.6119    0  231          - 13857.6119      -     -    0s
     0     0 13857.6119    0  234          - 13857.6119      -     -    0s
     0     0 14578.2200    0  295          - 14578.2200      -     -    0s
     0     0 14669.6606    0  305          - 14669.6606      -     -    0s
     0     0 14671.3914    0  315          - 14671.3914      -     -    0s
     0     0 14671.4437    0  318          - 14671.4437      -     -    0s
     0     0 14985.3493    0  332          - 14985.3493      -     -    1s
     0     0 15157.8693    0  351          - 15157.8693      -     -    1s
     0     0 15170.1540    0  360          - 15170.1540      -     -    1s
     0     0 15171.2500    0  366          - 15171.2500      -     -    1s
     0     0 15340.1979    0  409          - 15340.1979      -     -    1s
     0     0 15371.7675    0  342          - 15371.7675      -     -    1s
     0     0 15372.4394    0  352          - 15372.4394      -     -    1s
     0     0 15423.1940    0  317          - 15423.1940      -     -    1s
     0     0 15443.3539    0  452          - 15443.3539      -     -    2s
     0     0 15507.8601    0  326          - 15507.8601      -     -    2s
     0     0 15528.3547    0  446          - 15528.3547      -     -    2s
     0     0 15531.6860    0  394          - 15531.6860      -     -    2s
     0     0 15583.3865    0  382          - 15583.3865      -     -    2s
     0     0 15606.0154    0  387          - 15606.0154      -     -    3s
     0     0 15608.3999    0  388          - 15608.3999      -     -    3s
     0     0 15682.5884    0  350          - 15682.5884      -     -    3s
     0     0 15693.7275    0  359          - 15693.7275      -     -    3s
     0     0 15698.3410    0  413          - 15698.3410      -     -    3s
     0     0 15708.0888    0  323          - 15708.0888      -     -    3s
     0     0 15711.9188    0  395          - 15711.9188      -     -    4s
     0     0 15719.1125    0  294          - 15719.1125      -     -    4s
     0     0 15719.1125    0  310          - 15719.1125      -     -    4s
     0     0 15722.0227    0  437          - 15722.0227      -     -    4s
     0     0 15722.3980    0  276          - 15722.3980      -     -    4s
     0     2 15722.3980    0  272          - 15722.3980      -     -    5s
    41    46 16045.3163   12  372          - 15770.3039      -   737   10s
   143   150 16307.2498   45  255          - 15770.3039      -   388   15s
   259   274 17493.7622   79  232          - 15770.3039      -   322   20s
   465   533 18835.9250  156  116          - 15770.3039      -   234   25s
   699   749 16243.6205    4  441          - 15770.5811      -   184   30s
   889   857 20171.3469  224  224          - 15770.5811      -   163   35s
   911   872 21286.4831  256  505          - 16233.0472      -   159   40s
   936   890 20965.8197  227  515          - 16235.4545      -   174   45s
   952   901 20358.3930  228  525          - 16247.3282      -   171   50s
   969   915 16285.6507   33  580          - 16272.8213      -   203   55s
  1001   938 16298.4582   40  508          - 16272.8213      -   218   60s
  1042   969 16377.4681   48  438          - 16272.8213      -   237   65s
  1094  1006 16453.8343   63  382          - 16272.8213      -   249   70s
  1137  1035 16550.6525   74  359          - 16272.8213      -   254   75s
  1200  1084 16655.2041   91  271          - 16272.8213      -   263   80s
  1280  1141 16994.8067  113  282          - 16272.8213      -   265   85s
  1389  1225 17448.5852  144  194          - 16272.8213      -   263   91s
  1476  1291 17933.2192  168  249          - 16272.8213      -   262   95s
  1607  1389 18388.1704  201  161          - 16272.8213      -   256  101s
  1713  1461 18863.5537  228  206          - 16272.8213      -   252  105s
  1857  1586 19979.5836  271  150          - 16272.8213      -   244  110s
  2001  1615 20657.9544  312   94          - 16272.8213      -   235  115s
  2204  1655 16434.2472   33  578          - 16292.2379      -   221  121s
  2243  1687 16661.3726   42  365          - 16292.2379      -   227  126s
  2276  1714 16702.1633   50  337          - 16292.2379      -   230  130s
  2343  1766 16814.4091   64  308          - 16292.2379      -   233  136s
  2403  1804 16978.4958   73  294          - 16292.2379      -   235  140s
  2472  1862 17179.7082   84  170          - 16292.2379      -   236  145s
  2540  1916 17414.1186   92  241          - 16292.2379      -   238  151s
  2650  2030 17518.0356  110  137          - 16292.2379      -   237  157s
  2738  2075 17579.1787  130  157          - 16292.2379      -   234  161s
  2813  2186 18188.2455  145  250          - 16292.2379      -   233  165s
  2949  2161 17937.1318  164  221          - 16292.2379      -   228  177s
  2969  2384 18199.3950  167  183          - 16292.2379      -   228  185s
  3220  2346 18145.8621  185  166          - 16292.2379      -   216  191s
  3286  2430 18531.1143  195  133          - 16292.2379      -   216  195s
  3394  2553 19114.9563  223   46          - 16295.5345      -   214  200s
* 3520  2131             248    19755.480000 16295.5345  17.5%   208  201s
  3600  2130 16700.9127   45  378 19755.4800 16295.5345  17.5%   210  208s
H 3627  2130                    19753.480000 16295.5345  17.5%   211  208s
  3629  2155 16791.5115   46  387 19753.4800 16295.5345  17.5%   211  211s
H 3654  1993                    19115.700000 16295.5345  14.8%   213  215s
H 3698  1860                    18747.640000 16295.5345  13.1%   214  219s
H 3718  1836                    18709.960000 16295.5345  12.9%   215  219s
  3724  1881 17157.7611   65  278 18709.9600 16295.5345  12.9%   216  224s
H 3765  1881                    18703.320000 16295.5345  12.9%   217  224s
  3769  1926 17397.8121   71  298 18703.3200 16295.5345  12.9%   217  228s
H 3791  1925                    18702.090000 16295.5345  12.9%   217  228s
H 3814  1901                    18598.840000 16295.5345  12.4%   218  233s
H 3817  1893                    18589.120000 16295.5345  12.3%   218  233s
  3851  1956 17628.7865   88  175 18589.1200 16295.5345  12.3%   220  237s
  3916  2053 17832.3989   99  189 18589.1200 16295.5345  12.3%   220  243s
  4015  2106 18112.5876  114  182 18589.1200 16295.5345  12.3%   219  249s
  4090  2162 18225.3686  136  164 18589.1200 16295.5345  12.3%   220  255s
  4163  2192     cutoff  157      18589.1200 16302.0577  12.3%   219  260s
  4200  2274 16868.7786   38  507 18589.1200 16302.0577  12.3%   221  267s
  4302  2312 17514.6731   55  409 18589.1200 16302.0577  12.3%   220  272s
  4340  2370 17923.9917   85  377 18589.1200 16302.0577  12.3%   222  278s
  4420  2382     cutoff  126      18589.1200 16322.6466  12.2%   222  283s
  4438  2426 16776.5938   40  416 18589.1200 16322.6466  12.2%   225  288s
  4482  2511 17008.6073   44  429 18589.1200 16322.6466  12.2%   226  295s
H 4578  2497                    18534.360000 16322.6466  11.9%   225  302s
  4601  2555 17190.7374   60  390 18534.3600 16322.6466  11.9%   227  308s
  4659  2635 17297.3032   70  237 18534.3600 16322.6466  11.9%   228  314s
H 4670  2260                    18215.380000 16322.6466  10.4%   228  314s
  4726  2260 18064.1258  120  186 18215.3800 16322.6466  10.4%   228  315s
H 4739  2188                    18128.620000 16322.6466  10.0%   228  322s
H 4764  2158                    18109.380000 16322.6466  9.87%   228  322s
  4778  2213 17538.2542   91  163 18109.3800 16322.6466  9.87%   229  329s
  4834  2232 17816.1023  107  227 18109.3800 16322.6466  9.87%   231  341s
  4853  2298 17892.9139  108  184 18109.3800 16325.5166  9.85%   232  348s
  4949  2372 16608.0494   40  465 18109.3800 16325.5166  9.85%   232  355s
  5023  2437 17288.9398   73  213 18109.3800 16325.6176  9.85%   233  362s
  5117  2495 16715.4790   38  510 18109.3800 16325.7162  9.85%   234  369s
  5144  2495 16646.3586   42  405 18109.3800 16325.7162  9.85%   234  370s
  5175  2571 17281.2859   65  381 18109.3800 16325.8788  9.85%   235  377s
  5280  2632 16798.3002   47  350 18109.3800 16326.4510  9.85%   235  384s
  5341  2690 17555.6316   78  300 18109.3800 16335.0127  9.80%   237  392s
  5417  2729 16584.4275   42  493 18109.3800 16335.1745  9.80%   238  400s
  5456  2782 16650.6483   53  437 18109.3800 16335.1745  9.80%   241  407s
  5509  2826 16847.4959   65  322 18109.3800 16335.1745  9.80%   243  417s
  5553  2940 16987.5213   82  300 18109.3800 16335.1745  9.80%   243  426s
  5667  3047 17330.1994  112  293 18109.3800 16336.5907  9.79%   244  436s
  5824  3133 16730.0082   42  327 18109.3800 16336.5907  9.79%   243  449s
  5910  3185 17737.7529   81  268 18109.3800 16337.9002  9.78%   244  458s
  5986  3282 16905.3767   54  409 18109.3800 16338.4425  9.78%   246  468s
  6107  3347 16474.6415   42  431 18109.3800 16338.4425  9.78%   245  478s
  6180  3410 17625.1878   84  287 18109.3800 16352.2599  9.70%   247  488s
  6255  3474 17419.9779   54  354 18109.3800 16352.4163  9.70%   249  498s
  6353  3601 16766.3758   45  390 18109.3800 16356.2690  9.68%   250  509s
  6427  3601 16871.1243   46  459 18109.3800 16362.4138  9.65%   251  510s
  6510  3693 16605.5135   45  419 18109.3800 16362.4138  9.65%   250  519s
  6560  3693 16682.6223   45  421 18109.3800 16362.4138  9.65%   251  520s
  6602  3769 17612.5693   95  193 18109.3800 16362.8808  9.64%   251  529s
  6716  3859 17200.5982   42  385 18109.3800 16364.4051  9.64%   252  540s
  6822  3932 16544.5577   34  480 18109.3800 16364.9041  9.63%   253  551s
  6895  4020 17198.4143   60  314 18109.3800 16371.4180  9.60%   255  561s
  7005  4093 16619.0628   36  477 18109.3800 16371.4677  9.60%   255  572s
  7094  4139 17936.3232   80  196 18109.3800 16373.3616  9.59%   256  583s
  7147  4205 16833.1310   59  316 18109.3800 16373.3616  9.59%   258  593s
  7213  4346 17791.1064   72  261 18109.3800 16377.4873  9.56%   260  609s
  7257  4346 17157.0222   73  243 18109.3800 16377.4943  9.56%   262  610s
  7388  4464 17550.1030   66  312 18109.3800 16377.9551  9.56%   261  627s
  7525  4552 17305.2766   63  362 18109.3800 16378.9632  9.56%   263  643s
  7633  4657 17047.7360   45  424 18109.3800 16378.9682  9.56%   266  659s
  7666  4657 17458.2253   46  385 18109.3800 16378.9682  9.56%   267  660s
  7738  4806 17278.8470   60  367 18109.3800 16378.9682  9.56%   268  675s
  7928  4914 17628.7219   91  321 18109.3800 16379.5855  9.55%   268  691s
  8059  5045 17504.9038   63  284 18109.3800 16388.1390  9.50%   269  706s
  8212  5137     cutoff  112      18109.3800 16389.6043  9.50%   270  722s
  8328  5244 17865.8690   78  145 18109.3800 16390.8831  9.49%   272  746s
  8508  5346 16928.7374   55  439 18109.3800 16391.5014  9.49%   273  762s
H 8644  5063                    17989.380000 16392.4012  8.88%   275  779s
  8696  5063     cutoff   88      17989.3800 16392.6407  8.88%   276  780s
  8766  5181 17057.0166   56  349 17989.3800 16395.4470  8.86%   277  796s
  8914  5306 17328.2459   66  333 17989.3800 16396.8638  8.85%   278  813s
  9070  5421 17548.3591   56  315 17989.3800 16397.5911  8.85%   278  830s
  9217  5509 16820.3462   48  548 17989.3800 16398.0424  8.85%   279  845s
  9337  5614 16892.0857   52  360 17989.3800 16401.3206  8.83%   281  861s
  9464  5768 17274.2170   68  397 17989.3800 16402.4281  8.82%   282  878s
  9670  5930 17235.3910   68  248 17989.3800 16407.6955  8.79%   282  895s
  9857  6005 16897.0463   47  445 17989.3800 16408.2668  8.79%   282  912s
  9961  6083 16894.4432   53  391 17989.3800 16408.2791  8.79%   284  930s
 10039  6242 17344.6286   75  327 17989.3800 16408.4324  8.79%   285  947s
 10234  6318 16734.7286   46  413 17989.3800 16408.4324  8.79%   285  963s
 10310  6448 17428.9078   58  484 17989.3800 16408.4324  8.79%   288  980s
 10484  6592 17075.7834   55  360 17989.3800 16412.2956  8.77%   288 1001s
 10672  6730 16701.6212   36  428 17989.3800 16413.8099  8.76%   288 1019s
 10816  6730 17892.2165  100  230 17989.3800 16414.8118  8.75%   288 1020s
 10834  6862 16727.8988   41  375 17989.3800 16414.8321  8.75%   289 1036s
 10989  6973 16747.5161   44  378 17989.3800 16417.5613  8.74%   289 1053s
 11126  7082 17059.8960   45  342 17989.3800 16420.0716  8.72%   290 1070s
 11257  7198 17504.6956   68  345 17989.3800 16424.0940  8.70%   291 1089s
 11416  7346 17569.1451  101  182 17989.3800 16426.3909  8.69%   292 1107s
 11581  7459 17462.4346  108  221 17989.3800 16427.5772  8.68%   292 1124s
 11651  7459 17739.9278   85  279 17989.3800 16427.5772  8.68%   291 1125s
 11757  7571 17271.2423   62  371 17989.3800 16430.0392  8.67%   292 1143s
H11869  7489                    17943.200000 16430.0392  8.43%   294 1163s
 11988  7603 17800.6680  106  161 17943.2000 16430.9396  8.43%   295 1184s
 12026  7603 17882.2071  120  131 17943.2000 16430.9396  8.43%   295 1185s
 12150  7754 16965.0884   58  435 17943.2000 16433.7851  8.41%   297 1204s
 12353  7845 16532.8634   42  428 17943.2000 16434.2538  8.41%   298 1223s
 12493  7963 17658.8926   61  274 17943.2000 16440.9157  8.37%   299 1242s
H12639  8054                    17940.200000 16440.9258  8.36%   300 1262s
 12789  8099 16825.3987   33  532 17940.2000 16449.2425  8.31%   302 1283s
H12802  8004                    17923.200000 16449.2425  8.22%   303 1284s
 12834  8127 17475.9621   46  432 17923.2000 16449.2675  8.22%   304 1305s
H12907  7577                    17851.730000 16449.4007  7.86%   305 1305s
 12982  7682 16729.7563   44  564 17851.7300 16449.4010  7.86%   305 1324s
H13049  7681                    17851.630000 16449.4010  7.85%   306 1324s
 13107  7681 17806.7468  100  129 17851.6300 16449.6552  7.85%   306 1325s
 13120  7800 17729.1562   94  269 17851.6300 16450.4342  7.85%   306 1344s
 13199  7800 16842.1561   47  336 17851.6300 16453.0017  7.83%   306 1345s
 13261  7907 17768.9373   86  340 17851.6300 16453.8402  7.83%   307 1365s
 13410  8035 17097.4242   65  373 17851.6300 16455.4174  7.82%   309 1385s
 13558  8160 17446.5934   75  340 17851.6300 16459.5148  7.80%   310 1417s
 13767  8247 17462.7653   86  289 17851.6300 16461.2473  7.79%   309 1438s
 13898  8381 17375.3236   74  350 17851.6300 16461.4969  7.79%   310 1459s
 14040  8381 17706.2474   96  263 17851.6300 16462.1363  7.78%   310 1460s
H14055  8382                    17837.630000 16462.1363  7.71%   311 1480s
 14192  8500 16881.4344   51  369 17837.6300 16465.5125  7.69%   312 1501s
 14334  8599 17339.9858   68  409 17837.6300 16465.5125  7.69%   313 1522s
H14479  8559                    17817.550000 16466.0447  7.59%   314 1545s
 14661  8685 16949.9968   57  341 17817.5500 16470.1840  7.56%   314 1567s
 14811  8781 17686.8241   98  183 17817.5500 16470.2227  7.56%   315 1588s
H14959  8745                    17798.550000 16470.7803  7.46%   316 1610s
 15109  8862 16933.4197   57  347 17798.5500 16471.8090  7.45%   317 1631s
 15251  9004 16653.1624   48  308 17798.5500 16472.0024  7.45%   318 1650s
 15395  9155 16943.2312   69  266 17798.5500 16472.0767  7.45%   319 1671s
 15605  9292 16540.4519   47  445 17798.5500 16472.5838  7.45%   319 1692s
 15742  9406 16810.8826   57  460 17798.5500 16472.5838  7.45%   319 1725s
 15876  9559 17355.4238   86  228 17798.5500 16472.9118  7.45%   321 1746s
 16075  9731 17752.0733   90  164 17798.5500 16473.6736  7.44%   321 1767s
 16305  9847 16519.4962   44  456 17798.5500 16475.5676  7.43%   320 1788s
 16460  9953 16525.2982   38  360 17798.5500 16477.9841  7.42%   321 1807s
 16566 10167 17098.1243   51  324 17798.5500 16477.9841  7.42%   322 1830s
 16812 10348 17358.7389   94  141 17798.5500 16478.2429  7.42%   321 1853s
 17049 10441 17004.3679   46  355 17798.5500 16478.3049  7.42%   321 1875s
 17170 10561     cutoff   70      17798.5500 16479.1057  7.41%   322 1897s
 17304 10774 16817.7237   49  365 17798.5500 16480.6001  7.40%   323 1919s
 17539 10929 17329.2746   85  410 17798.5500 16480.6195  7.40%   322 1943s
 17769 11020 16706.4268   47  334 17798.5500 16481.1691  7.40%   321 1964s
 17860 11205 17202.1866   65  268 17798.5500 16481.6836  7.40%   323 1986s
 18091 11342 17098.7074   59  455 17798.5500 16482.9504  7.39%   322 2008s
 18276 11471 16909.3071   50  410 17798.5500 16484.3789  7.38%   323 2032s
 18447 11589 16533.2568   47  499 17798.5500 16485.4781  7.38%   323 2053s
H18515 11352                    17771.300000 16485.4781  7.24%   323 2062s
 18593 11486 17185.9704   64  460 17771.3000 16486.1407  7.23%   324 2083s
 18736 11666 17495.9065   78  288 17771.3000 16486.1514  7.23%   325 2105s
 18972 11859 16766.6467   58  468 17771.3000 16486.4360  7.23%   324 2129s
 19061 11859 17507.3499  146   48 17771.3000 16486.4360  7.23%   323 2130s
 19191 11975 17277.1687   75  376 17771.3000 16486.5962  7.23%   323 2152s
 19330 12147 17056.3225   54  403 17771.3000 16487.5204  7.22%   324 2173s
 19504 12289 17501.2053   84  375 17771.3000 16488.3437  7.22%   324 2196s
 19739 12459 16733.1978   49  366 17771.3000 16488.5902  7.22%   324 2217s
H19836 12380                    17763.020000 16488.5902  7.17%   324 2218s
 19933 12513 17335.7367   83  260 17763.0200 16488.9168  7.17%   324 2239s
 20025 12513 17724.1591  111  117 17763.0200 16488.9168  7.17%   324 2240s
 20128 12646 16755.1665   50  403 17763.0200 16489.6111  7.17%   324 2260s
 20306 12796     cutoff   93      17763.0200 16491.3255  7.16%   324 2282s
H20307 12408                    17726.620000 16491.3255  6.97%   324 2282s
 20506 12540 16613.5099   52  503 17726.6200 16492.6495  6.96%   324 2302s
 20692 12740 16826.6891   57  491 17726.6200 16493.3572  6.96%   324 2325s
 20955 12882 16517.8702   39  432 17726.6200 16493.7401  6.95%   323 2348s
 21121 13017 17310.0703   62  438 17726.6200 16493.7623  6.95%   323 2369s
 21292 13143 17549.9140   75  280 17726.6200 16493.8419  6.95%   323 2392s
 21459 13294 17021.3294   47  324 17726.6200 16495.7765  6.94%   324 2414s
 21502 13294 17719.2727   84  136 17726.6200 16495.7765  6.94%   324 2415s
 21655 13392 17344.3990  103  238 17726.6200 16496.2017  6.94%   324 2438s
 21773 13504 16640.4030   39  449 17726.6200 16496.5378  6.94%   325 2459s
 21834 13504 17270.1451   71  349 17726.6200 16496.5827  6.94%   325 2460s
 21943 13616 16746.1246   53  567 17726.6200 16497.3248  6.93%   325 2482s
 22109 13784 17140.4385   77  228 17726.6200 16497.8844  6.93%   326 2504s
 22316 13856 17724.3777   90  256 17726.6200 16498.1470  6.93%   325 2533s
 22407 14007 16912.1897   50  356 17726.6200 16498.2058  6.93%   327 2554s
 22560 14251 17601.8061   84  161 17726.6200 16498.3050  6.93%   328 2579s
 22636 14251 17230.9459  103  223 17726.6200 16498.3050  6.93%   328 2580s
 22863 14371 16986.2456   50  391 17726.6200 16499.5849  6.92%   326 2603s
 22986 14517 17567.4834   63  215 17726.6200 16499.8908  6.92%   327 2627s
 23187 14654 16971.1263   44  399 17726.6200 16501.1682  6.91%   327 2655s
 23360 14802 16729.5063   57  329 17726.6200 16501.2084  6.91%   327 2676s
 23508 14957 17071.7081   85  264 17726.6200 16501.2084  6.91%   328 2701s
 23699 15147 17549.3210  125  163 17726.6200 16501.9153  6.91%   328 2724s
 23829 15147 17233.7875  105  145 17726.6200 16501.9153  6.91%   328 2725s
 23943 15306 17308.0219  121  159 17726.6200 16503.5926  6.90%   327 2749s
 24145 15485 16982.3130   53  386 17726.6200 16504.1917  6.90%   327 2772s
 24353 15660 17380.6640   98  287 17726.6200 16504.4769  6.89%   327 2798s
 24573 15808 16580.4444   49  401 17726.6200 16504.9338  6.89%   327 2821s
 24742 15929 17680.6564   79  216 17726.6200 16505.0618  6.89%   327 2843s
 24903 16084 17058.2777   63  380 17726.6200 16505.7664  6.89%   327 2866s
 25097 16266 16641.9881   52  506 17726.6200 16506.5379  6.88%   328 2889s
 25150 16266 17462.8445  105  205 17726.6200 16506.5379  6.88%   327 2890s
H25299 16258                    17716.470000 16507.0813  6.83%   327 2913s
H25383 15410                    17660.889995 16507.1777  6.53%   327 2913s
 25491 15490     cutoff   90      17660.8900 16507.9363  6.53%   327 2934s
 25610 15664 16787.8143   63  405 17660.8900 16508.3735  6.53%   328 2957s
 25794 15829 17289.9089  116  152 17660.8900 16508.9456  6.52%   328 2981s
H25944 15274                    17627.890000 16508.9456  6.35%   327 2982s
 26029 15404 16853.3374   51  381 17627.8900 16509.5057  6.34%   328 3002s
 26198 15570 16893.9518   56  431 17627.8900 16509.7176  6.34%   328 3024s
 26231 15570 17379.1425   89  279 17627.8900 16509.7176  6.34%   328 3025s
 26402 15684 16838.8892   58  458 17627.8900 16510.0098  6.34%   328 3047s
 26524 15730 17398.2030   88  172 17627.8900 16510.0098  6.34%   329 3167s
H26550 15067                    17588.760000 16510.0098  6.13%   329 3168s
 26578 15213 17565.7479  100   52 17588.7600 16510.6892  6.13%   329 3192s
 26767 15350 16848.7878   50  445 17588.7600 16512.1226  6.12%   329 3216s
 26940 15527 16834.7743   66  410 17588.7600 16512.2302  6.12%   329 3239s
 27019 15527 17290.1850  105   96 17588.7600 16512.2302  6.12%   329 3240s
 27143 15654 17307.8151  113   46 17588.7600 16512.9313  6.12%   329 3264s
 27290 15828 16954.8366   64  314 17588.7600 16513.3213  6.11%   330 3289s
 27441 15828 17249.4429   86  204 17588.7600 16513.3886  6.11%   330 3290s
 27512 15966 17110.3659   54  213 17588.7600 16513.4446  6.11%   330 3315s
 27705 16132 16695.2276   52  434 17588.7600 16513.7631  6.11%   331 3342s
 27918 16212 16597.3341   49  463 17588.7600 16513.9526  6.11%   331 3368s
 28018 16413 17002.5884   55  472 17588.7600 16514.2051  6.11%   332 3394s
 28272 16539 16686.1768   50  349 17588.7600 16514.2963  6.11%   332 3420s
 28420 16678 16725.2977   48  476 17588.7600 16514.5516  6.11%   332 3444s
 28477 16678 17007.0779   63  314 17588.7600 16514.5516  6.11%   333 3445s
 28577 16835 17193.4658   76  324 17588.7600 16514.9967  6.10%   333 3471s
 28773 17005 17206.8815   94  391 17588.7600 16515.0405  6.10%   333 3496s
 28981 17162 16996.1326   66  494 17588.7600 16515.4587  6.10%   333 3521s
 29191 17337 17389.5322   82  272 17588.7600 16515.8380  6.10%   333 3548s
 29384 17337 17459.8855   96  163 17588.7600 16516.0679  6.10%   333 3550s
 29430 17472 17569.0439   61  312 17588.7600 16516.2428  6.10%   333 3577s
 29623 17617 17443.1749   62  357 17588.7600 16516.6299  6.10%   333 3600s

Cutting planes:
  User: 4513
  Gomory: 57
  Cover: 464
  Implied bound: 84
  Clique: 10
  MIR: 412
  StrongCG: 3
  Flow cover: 891
  Zero half: 21
  Network: 5
  RLT: 384
  Relax-and-lift: 13
  Lazy constraints: 480

Explored 29806 nodes (9951619 simplex iterations) in 3601.12 seconds
Thread count was 2 (of 32 available processors)

Solution count 10: 17588.8 17627.9 17660.9 ... 17837.6

Time limit reached
Best objective 1.758876000000e+04, best bound 1.651697882029e+04, gap 6.0936%

User-callback calls 296865, time in user-callback 241.66 sec
================================================================================
executing instance: ./input/Instances/Original/6/absH6high_1n20.dat
--------------------------------------------------------------------------------
Instance details
n	21
H	6
C	1651
Li:
[0, 0, 0, 0, 0, 0, 0, 0, 0, 0, 0, 0, 0, 0, 0, 0, 0, 0, 0, 0, 0, ]
Ui:
[0, 36, 182, 182, 90, 261, 117, 30, 110, 42, 276, 153, 40, 94, 144, 46, 129, 213, 264, 160, 174, ]
Distance matrix:
|0	371	401	343	361	341	370	115	392	400	79	266	292	245	355	431	265	194	95	92	348	|
|371	0	37	141	110	250	117	438	67	131	372	305	115	238	247	255	235	296	392	430	185	|
|401	37	0	175	100	284	146	472	90	156	406	342	152	275	280	282	242	333	415	455	178	|
|343	141	175	0	239	110	38	374	95	60	314	182	67	130	106	127	318	201	397	423	303	|
|361	110	100	239	0	341	222	451	177	240	385	374	190	304	341	361	151	345	354	398	78	|
|341	250	284	110	341	0	143	337	203	151	289	102	152	97	15	95	394	156	415	431	398	|
|370	117	146	38	222	143	0	407	61	30	346	220	81	167	137	139	317	237	417	447	292	|
|115	438	472	374	451	337	407	0	443	434	66	241	339	251	351	431	374	181	201	177	450	|
|392	67	90	95	177	203	61	443	0	66	379	275	104	216	197	193	294	283	427	461	252	|
|400	131	156	60	240	151	30	434	66	0	374	237	112	189	142	127	344	261	448	477	312	|
|79	372	406	314	385	289	346	66	379	374	0	202	275	197	304	383	316	134	175	166	388	|
|266	305	342	182	374	102	220	241	275	237	202	0	191	70	117	196	386	73	352	359	415	|
|292	115	152	67	190	152	81	339	104	112	275	191	0	123	154	193	252	183	336	366	246	|
|245	238	275	130	304	97	167	251	216	189	197	70	123	0	110	187	322	72	319	334	346	|
|355	247	280	106	341	15	137	351	197	142	304	117	154	110	0	80	399	171	427	444	400	|
|431	255	282	127	361	95	139	431	193	127	383	196	193	187	80	0	444	251	499	519	429	|
|265	235	242	318	151	394	317	374	294	344	316	386	252	322	399	444	0	332	226	273	97	|
|194	296	333	201	345	156	237	181	283	261	134	73	183	72	171	251	332	0	279	286	375	|
|95	392	415	397	354	415	417	201	427	448	175	352	336	319	427	499	226	279	0	47	321	|
|92	430	455	423	398	431	447	177	461	477	166	359	366	334	444	519	273	286	47	0	368	|
|348	185	178	303	78	398	292	450	252	312	388	415	246	346	400	429	97	375	321	368	0	|

--------------------------------------------------------------------------------
Building model...
	using lazy and cut (CVRPSEP package)
Solving IRP LP...
--------------------------------------------------------------------------------

Gurobi 9.1.0 (linux64) logging started Sun Jan 10 11:49:53 2021

Gurobi Optimizer version 9.1.0 build v9.1.0rc0 (linux64)
Thread count: 32 physical cores, 32 logical processors, using up to 2 threads
Optimize a model with 1509 rows, 4665 columns and 11721 nonzeros
Model fingerprint: 0x200cde3f
Variable types: 507 continuous, 4158 integer (378 binary)
Coefficient statistics:
  Matrix range     [1e+00, 6e+02]
  Objective range  [1e-01, 5e+02]
  Bounds range     [1e+00, 3e+02]
  RHS range        [1e+01, 3e+03]
Presolve removed 554 rows and 180 columns
Presolve time: 0.05s
Presolved: 955 rows, 4485 columns, 10416 nonzeros
Variable types: 445 continuous, 4040 integer (3678 binary)

Root relaxation: objective 1.299828e+04, 1274 iterations, 0.02 seconds

    Nodes    |    Current Node    |     Objective Bounds      |     Work
 Expl Unexpl |  Obj  Depth IntInf | Incumbent    BestBd   Gap | It/Node Time

     0     0 12998.2802    0  200          - 12998.2802      -     -    0s
     0     0 13203.7248    0  187          - 13203.7248      -     -    0s
     0     0 13222.6010    0  212          - 13222.6010      -     -    0s
     0     0 13222.6202    0  222          - 13222.6202      -     -    0s
     0     0 13605.6493    0  244          - 13605.6493      -     -    0s
     0     0 13711.9644    0  250          - 13711.9644      -     -    0s
     0     0 13729.3940    0  258          - 13729.3940      -     -    0s
     0     0 13729.3940    0  251          - 13729.3940      -     -    0s
     0     0 13835.2771    0  296          - 13835.2771      -     -    0s
     0     0 13854.1777    0  314          - 13854.1777      -     -    0s
     0     0 13859.2464    0  337          - 13859.2464      -     -    0s
     0     0 13864.8052    0  324          - 13864.8052      -     -    0s
     0     0 13876.7233    0  326          - 13876.7233      -     -    1s
     0     0 13878.5669    0  328          - 13878.5669      -     -    1s
     0     0 13878.5669    0  321          - 13878.5669      -     -    1s
     0     0 14035.3170    0  348          - 14035.3170      -     -    1s
     0     0 14046.5636    0  368          - 14046.5636      -     -    1s
     0     0 14051.6701    0  305          - 14051.6701      -     -    1s
     0     0 14053.2916    0  345          - 14053.2916      -     -    1s
     0     0 14058.2817    0  314          - 14058.2817      -     -    1s
     0     0 14059.1697    0  348          - 14059.1697      -     -    1s
     0     0 14101.7261    0  346          - 14101.7261      -     -    1s
     0     0 14125.2523    0  362          - 14125.2523      -     -    1s
     0     0 14135.1163    0  359          - 14135.1163      -     -    1s
     0     0 14144.0981    0  361          - 14144.0981      -     -    2s
     0     0 14149.6993    0  325          - 14149.6993      -     -    2s
     0     0 14152.9648    0  347          - 14152.9648      -     -    2s
     0     0 14153.7592    0  369          - 14153.7592      -     -    2s
     0     0 14179.4160    0  364          - 14179.4160      -     -    2s
     0     0 14200.3822    0  377          - 14200.3822      -     -    2s
     0     0 14209.3064    0  338          - 14209.3064      -     -    2s
     0     0 14222.3396    0  392          - 14222.3396      -     -    2s
     0     0 14258.7913    0  364          - 14258.7913      -     -    2s
     0     0 14294.7218    0  390          - 14294.7218      -     -    3s
     0     0 14298.2476    0  425          - 14298.2476      -     -    3s
     0     0 14298.6079    0  409          - 14298.6079      -     -    3s
     0     0 14316.9514    0  402          - 14316.9514      -     -    3s
     0     0 14321.0850    0  355          - 14321.0850      -     -    3s
     0     0 14327.8115    0  392          - 14327.8115      -     -    3s
     0     0 14329.5431    0  413          - 14329.5431      -     -    3s
     0     0 14334.7715    0  444          - 14334.7715      -     -    3s
     0     0 14337.2701    0  372          - 14337.2701      -     -    3s
     0     2 14339.1603    0  444          - 14339.1603      -     -    4s
     7    10 14378.4228    3  401          - 14342.1153      -   520    5s
    65    70 14602.8562   23  352          - 14358.7918      -   610   10s
   130   136 15015.1734   43  317          - 14358.7918      -   562   15s
   245   271 15370.1644   72  231          - 14358.7918      -   429   20s
   432   508 16702.3041  137  107          - 14358.7918      -   301   25s
   810   768 14690.9023   19  372          - 14371.5727      -   188   30s
   829   781 18085.1589  185  488          - 14515.2243      -   184   42s
   845   791 15095.9160   46  476          - 14530.1119      -   180   45s
   866   807 14542.4705    5  525          - 14532.8981      -   198   50s
   877   817 14535.9587   29  401          - 14535.9587      -   211   56s
   885   823 14570.5281   31  473          - 14537.1144      -   215   60s
   916   846 14602.3888   39  316          - 14556.5079      -   236   65s
   959   875 14660.1815   51  343          - 14556.5079      -   255   70s
   996   899 14837.4763   61  339          - 14556.5079      -   278   75s
  1050   942 14807.5452   76  349          - 14556.5079      -   292   81s
  1095   975 14840.8226   88  375          - 14556.5079      -   308   85s
  1159  1019 15071.8187  108  253          - 14556.5079      -   321   91s
  1219  1069 15051.6893  127  265          - 14556.5079      -   326   95s
  1313  1127 15529.4286  160  286          - 14556.5079      -   330  101s
  1355  1162 15729.5658  173  323          - 14556.5079      -   334  114s
  1383  1189 15765.5444  182  308          - 14556.5079      -   334  116s
  1451  1225 15973.1939  203  261          - 14556.5079      -   336  120s
  1547  1297 16026.7080  237  296          - 14556.5079      -   343  127s
  1620  1355 16300.4347  262  281          - 14556.5079      -   347  131s
  1733  1444 16963.7842  307  168          - 14556.5079      -   345  137s
  1795  1512 17246.8594  333  160          - 14556.5079      -   344  140s
  1968  1627 18572.7664  406  161          - 14556.5079      -   332  147s
  2081  1604 infeasible  455               - 14560.0846      -   322  150s
  2134  1630 14599.6933   37  439          - 14560.0846      -   328  157s
  2156  1649 14621.9071   42  424          - 14560.0846      -   333  160s
  2212  1678 14657.9923   53  412          - 14560.0846      -   340  166s
  2260  1726 14704.9268   61  364          - 14560.0846      -   345  172s
  2294  1747 14717.2618   69  380          - 14560.0846      -   348  175s
  2356  1786 14735.3224   82  412          - 14560.0846      -   356  182s
  2386  1806 14738.9789   88  391          - 14560.0846      -   358  185s
  2458  1878 14747.3043  101  408          - 14560.0846      -   365  192s
  2512  1922 14757.3979  110  387          - 14560.0846      -   365  196s
  2574  1961 14759.7153  119  400          - 14560.0846      -   365  200s
  2709  2061 14774.2269  134  355          - 14560.0846      -   363  208s
  2788  2146 14779.1354  142  444          - 14560.0846      -   360  213s
  2900  2196 14816.9875  154  346          - 14560.0846      -   355  229s
  2987  2351 14911.8951  168  374          - 14560.0846      -   350  234s
  3171  2521 14938.1491  181  352          - 14560.0846      -   339  240s
  3435  2524 14950.8855  198  301          - 14560.0846      -   320  251s
  3505  2602 15120.2028  216  244          - 14560.0846      -   320  256s
  3583  2726 15035.5749  236  316          - 14560.0846      -   320  261s
  3707  2951 15168.0270  258  247          - 14560.0846      -   317  268s
  3877  2951 15303.3275  229  151          - 14560.0846      -   309  270s
  3932  3173 15258.2555  283  277          - 14560.0846      -   306  277s
  4160  3336 15431.4899  302  251          - 14560.0846      -   294  285s
  4376  3438 15647.0454  330  266          - 14560.0846      -   286  292s
  4480  3570 16117.5696  369  267          - 14560.0846      -   286  298s
