




arguments: ./build/mirp_solver -f ./input/orig_exec_15.cfg
Current dir: /scratch/gui/bnc_mirp
File verbosity level: 9
date       time         ( uptime  ) [ thread name/id ]                   file:line     v| 
2021-01-09 00:10:02.833 (   0.420s) [main thread     ]             loguru.cpp:789   INFO| Logging to './output/vi_vr/OU/V3/Original/execution_09_01_2021_00_10_02.log', mode: 'a', verbosity: 9
--------------------------------------------------------------------------------
Parameters
                           instance_path           ./input/Instances/Original/1/
                            model_policy                                       1
                             nb_vehicles                                       3
                              output_dir          ./output/vi_vr/OU/V3/Original/
                            sec_strategy                                       1
                       solver_nb_threads                                       2
                         solver_show_log                                    true
                       solver_time_limit                                    3600
                              use_vi_cos                                   false
                              use_vi_cus                                   false
                         use_vi_hc1_full                                   false
                         use_vi_hc1_half                                   false
                      use_vi_hc1_quarter                                   false
                              use_vi_hc2                                   false
                              use_vi_hc3                                   false
                         use_vi_lex_full                                   false
                         use_vi_lex_half                                   false
                      use_vi_lex_quarter                                   false
                              use_vi_qua                                   false
                               use_vi_vc                                   false
                               use_vi_vr                                    true
--------------------------------------------------------------------------------
executing instance: ./input/Instances/Original/1/absH3high_1n5.dat
--------------------------------------------------------------------------------
Instance details
n	6
H	3
C	289
Li:
[0, 0, 0, 0, 0, 0, ]
Ui:
[0, 195, 105, 116, 72, 22, ]
Distance matrix:
|0	85	349	17	203	289	|
|85	0	265	102	214	226	|
|349	265	0	366	368	238	|
|17	102	366	0	207	302	|
|203	214	368	207	0	431	|
|289	226	238	302	431	0	|

--------------------------------------------------------------------------------
Building model...
	using lazy and cut (CVRPSEP package)
Solving IRP LP...
--------------------------------------------------------------------------------

Gurobi 9.1.0 (linux64) logging started Sat Jan  9 00:10:03 2021

Gurobi Optimizer version 9.1.0 build v9.1.0rc0 (linux64)
Thread count: 32 physical cores, 32 logical processors, using up to 2 threads
Optimize a model with 210 rows, 258 columns and 816 nonzeros
Model fingerprint: 0x1217f02a
Variable types: 69 continuous, 189 integer (54 binary)
Coefficient statistics:
  Matrix range     [1e+00, 2e+02]
  Objective range  [2e-01, 4e+02]
  Bounds range     [1e+00, 2e+02]
  RHS range        [1e+01, 5e+02]
Presolve removed 86 rows and 40 columns
Presolve time: 0.01s
Presolved: 124 rows, 218 columns, 601 nonzeros
Variable types: 49 continuous, 169 integer (125 binary)
Found heuristic solution: objective 2884.0300000

Root relaxation: objective 1.701803e+03, 149 iterations, 0.00 seconds

    Nodes    |    Current Node    |     Objective Bounds      |     Work
 Expl Unexpl |  Obj  Depth IntInf | Incumbent    BestBd   Gap | It/Node Time

     0     0 1701.80263    0   27 2884.03000 1701.80263  41.0%     -    0s
     0     0 1903.93824    0   28 2884.03000 1903.93824  34.0%     -    0s
H    0     0                    2488.0300000 1903.93824  23.5%     -    0s
     0     0 1929.55121    0   17 2488.03000 1929.55121  22.4%     -    0s
     0     0 2095.41367    0   39 2488.03000 2095.41367  15.8%     -    0s
     0     0 2199.88695    0   43 2488.03000 2199.88695  11.6%     -    0s
     0     0 2226.28038    0   43 2488.03000 2226.28038  10.5%     -    0s
     0     0 2226.28038    0   43 2488.03000 2226.28038  10.5%     -    0s
     0     0 2272.22898    0   50 2488.03000 2272.22898  8.67%     -    0s
     0     0 2272.22898    0   50 2488.03000 2272.22898  8.67%     -    0s
     0     0 2309.07922    0   36 2488.03000 2309.07922  7.19%     -    0s
H    0     0                    2486.3500000 2309.07922  7.13%     -    0s
     0     0 2309.10954    0   39 2486.35000 2309.10954  7.13%     -    0s
     0     0 2336.83317    0   36 2486.35000 2336.83317  6.01%     -    0s
H    0     0                    2414.0300000 2336.83317  3.20%     -    0s
     0     0 2340.65103    0   42 2414.03000 2340.65103  3.04%     -    0s
     0     0 2344.56213    0   46 2414.03000 2344.56213  2.88%     -    0s
     0     0 2344.85459    0   49 2414.03000 2344.85459  2.87%     -    0s
     0     0 2372.26870    0   36 2414.03000 2372.26870  1.73%     -    0s
     0     0 2372.26870    0   19 2414.03000 2372.26870  1.73%     -    0s
     0     0 2372.26870    0   32 2414.03000 2372.26870  1.73%     -    0s
     0     0 2372.26870    0   22 2414.03000 2372.26870  1.73%     -    0s
     0     0 2372.26870    0   30 2414.03000 2372.26870  1.73%     -    0s
     0     0 2378.78514    0   33 2414.03000 2378.78514  1.46%     -    0s
     0     0 2378.78514    0   34 2414.03000 2378.78514  1.46%     -    0s
     0     0 2390.61414    0   14 2414.03000 2390.61414  0.97%     -    0s
     0     0 2395.03209    0   15 2414.03000 2395.03209  0.79%     -    0s
     0     0 2398.07063    0   26 2414.03000 2398.07063  0.66%     -    0s
     0     0     cutoff    0      2414.03000 2414.03000  0.00%     -    0s

Cutting planes:
  User: 1
  Gomory: 4
  Cover: 16
  Implied bound: 10
  MIR: 14
  Flow cover: 18
  RLT: 11

Explored 1 nodes (923 simplex iterations) in 0.15 seconds
Thread count was 2 (of 32 available processors)

Solution count 4: 2414.03 2486.35 2488.03 2884.03 

Optimal solution found (tolerance 1.00e-04)
Best objective 2.414030000000e+03, best bound 2.414030000000e+03, gap 0.0000%

User-callback calls 253, time in user-callback 0.01 sec
================================================================================
executing instance: ./input/Instances/Original/1/absH3high_1n45.dat
--------------------------------------------------------------------------------
Instance details
n	46
H	3
C	3462
Li:
[0, 0, 0, 0, 0, 0, 0, 0, 0, 0, 0, 0, 0, 0, 0, 0, 0, 0, 0, 0, 0, 0, 0, 0, 0, 0, 0, 0, 0, 0, 0, 0, 0, 0, 0, 0, 0, 0, 0, 0, 0, 0, 0, 0, 0, 0, ]
Ui:
[0, 273, 270, 36, 165, 192, 148, 45, 30, 75, 180, 198, 112, 117, 90, 64, 180, 22, 264, 174, 168, 270, 86, 66, 26, 66, 237, 156, 92, 108, 144, 72, 30, 45, 94, 54, 174, 96, 198, 136, 44, 180, 210, 249, 198, 48, ]
Distance matrix:
|0	281	201	160	249	201	93	431	236	139	252	136	116	166	390	110	349	374	303	180	327	464	236	70	44	461	346	439	363	254	312	426	305	206	71	137	169	200	247	260	20	219	256	253	460	278	|
|281	0	448	170	53	142	338	184	121	290	371	390	222	302	111	289	169	434	230	177	238	441	59	212	319	211	86	235	399	306	53	176	99	202	263	157	361	101	370	201	264	344	364	374	469	184	|
|201	448	0	285	430	325	114	556	361	171	191	64	228	174	546	294	453	306	364	289	388	435	393	254	157	585	491	536	318	254	490	554	436	407	266	292	108	388	186	337	207	181	205	190	408	364	|
|160	170	285	0	169	43	182	280	80	120	208	231	58	132	262	230	190	294	151	24	174	345	112	107	183	309	207	280	268	158	219	276	155	235	187	45	192	150	205	107	140	177	202	210	356	119	|
|249	53	430	169	0	152	317	238	145	282	377	369	212	299	157	242	215	452	261	183	273	474	76	181	290	264	140	287	421	320	63	229	145	148	221	142	352	53	374	226	234	346	370	378	498	215	|
|201	142	325	43	152	0	224	237	37	156	230	273	101	164	224	261	148	300	127	38	147	333	83	142	225	266	167	238	270	168	193	233	112	246	221	70	228	148	228	84	180	202	222	232	351	87	|
|93	338	114	182	317	224	0	460	262	92	180	52	124	112	440	199	364	307	292	191	317	415	284	140	57	490	387	452	304	208	377	457	336	297	163	181	84	274	175	256	95	152	188	180	402	280	|
|431	184	556	280	238	237	460	0	199	385	420	508	337	385	108	464	110	429	219	269	206	378	202	365	460	30	98	84	388	340	204	9	126	386	432	294	453	283	421	226	411	404	408	423	422	198	|
|236	121	361	80	145	37	262	199	0	191	255	310	138	197	191	290	114	312	118	72	133	330	69	175	262	229	132	204	279	186	174	195	75	258	251	102	262	153	254	81	216	230	246	257	353	72	|
|139	290	171	120	282	156	92	385	191	0	116	129	71	27	380	246	283	235	201	119	226	329	231	141	129	414	323	367	224	119	336	383	266	308	202	141	72	252	112	169	127	82	118	117	322	195	|
|252	371	191	208	377	230	180	420	255	116	0	187	178	90	443	361	311	127	204	195	224	246	313	257	232	446	382	380	129	81	423	421	320	422	318	242	100	355	5	195	241	34	15	2	225	224	|
|136	390	64	231	369	273	52	508	310	129	187	0	173	141	491	233	409	313	330	239	355	431	335	191	93	538	438	495	316	233	429	505	385	342	203	233	88	325	182	297	143	167	199	187	412	323	|
|116	222	228	58	212	101	124	337	138	71	178	173	0	91	319	206	244	284	187	69	212	357	165	85	130	367	265	333	264	151	267	333	213	244	161	70	140	181	175	145	97	145	177	180	359	165	|
|166	302	174	132	299	164	112	385	197	27	90	141	91	0	388	273	280	208	191	127	215	305	243	167	153	413	329	361	198	96	351	383	270	333	229	159	68	272	86	163	153	56	92	91	296	190	|
|390	111	546	262	157	224	440	108	191	380	443	491	319	388	0	399	164	480	264	261	261	456	156	320	426	125	62	186	442	369	107	99	125	300	374	260	452	210	443	252	372	420	433	446	494	227	|
|110	289	294	230	242	261	199	464	290	246	361	233	206	273	399	0	402	480	382	254	404	562	262	124	143	493	369	490	466	355	302	457	344	135	45	191	279	189	356	337	120	328	364	362	563	348	|
|349	169	453	190	215	148	364	110	114	283	311	409	244	280	164	402	0	324	110	174	101	292	151	289	372	135	109	90	284	230	212	111	70	354	364	216	348	245	312	118	329	295	298	313	330	90	|
|374	434	306	294	452	300	307	429	312	235	127	313	284	208	480	480	324	0	216	274	223	137	380	368	357	448	419	367	40	136	487	432	358	525	436	336	227	443	132	234	361	156	119	127	102	255	|
|303	230	364	151	261	127	292	219	118	201	204	330	187	191	264	382	110	216	0	128	25	213	185	258	314	243	203	176	178	123	282	221	144	372	338	193	256	270	206	45	283	193	191	206	239	46	|
|180	177	289	24	183	38	191	269	72	119	195	239	69	127	261	254	174	274	128	0	151	321	118	130	198	299	204	263	246	139	228	266	147	258	211	68	191	169	193	83	159	166	188	197	333	98	|
|327	238	388	174	273	147	317	206	133	226	224	355	212	215	261	404	101	223	25	151	0	203	198	281	339	228	202	156	184	143	288	209	146	390	362	215	280	286	226	68	308	215	210	226	235	61	|
|464	441	435	345	474	333	415	378	330	329	246	431	357	305	456	562	292	137	213	321	203	0	398	440	458	390	400	301	117	211	492	384	348	578	517	389	344	480	251	251	448	265	233	246	54	259	|
|236	59	393	112	76	83	284	202	69	231	313	335	165	243	156	262	151	380	185	118	198	398	0	167	270	231	110	233	347	250	110	195	85	203	230	103	303	95	311	150	217	284	305	315	422	139	|
|70	212	254	107	181	142	140	365	175	141	257	191	85	167	320	124	289	368	258	130	281	440	167	0	109	394	277	378	349	236	244	359	239	167	81	73	196	135	253	213	53	223	257	258	444	226	|
|44	319	157	183	290	225	57	460	262	129	232	93	130	153	426	143	372	357	314	198	339	458	270	109	0	490	379	462	351	247	353	456	334	250	110	168	140	243	226	274	56	201	238	232	449	294	|
|461	211	585	309	264	266	490	30	229	414	446	538	367	413	125	493	135	448	243	299	228	390	231	394	490	0	125	89	408	365	226	36	156	412	462	324	481	311	447	253	441	430	433	448	436	225	|
|346	86	491	207	140	167	387	98	132	323	382	438	265	329	62	369	109	419	203	204	202	400	110	277	379	125	0	155	381	307	113	90	63	288	339	211	394	186	382	190	327	359	371	384	436	165	|
|439	235	536	280	287	238	452	84	204	367	380	495	333	361	186	490	90	367	176	263	156	301	233	378	462	89	155	0	326	299	267	92	148	432	454	306	429	325	382	199	419	369	366	382	348	172	|
|363	399	318	268	421	270	304	388	279	224	129	316	264	198	442	466	284	40	178	246	184	117	347	349	351	408	381	326	0	113	452	391	321	502	422	311	229	415	134	199	348	152	118	130	98	219	|
|254	306	254	158	320	168	208	340	186	119	81	233	151	96	369	355	230	136	123	139	143	211	250	236	247	365	307	299	113	0	359	340	244	390	310	200	148	308	83	117	238	74	68	83	208	145	|
|312	53	490	219	63	193	377	204	174	336	423	429	267	351	107	302	212	487	282	228	288	492	110	244	353	226	113	267	452	359	0	195	145	194	283	199	407	115	421	254	296	394	415	425	521	237	|
|426	176	554	276	229	233	457	9	195	383	421	505	333	383	99	457	111	432	221	266	209	384	195	359	456	36	90	92	391	340	195	0	122	378	426	289	451	275	421	226	406	404	408	423	427	197	|
|305	99	436	155	145	112	336	126	75	266	320	385	213	270	125	344	70	358	144	147	146	348	85	239	334	156	63	148	321	244	145	122	0	286	310	168	336	177	320	128	285	298	309	322	381	103	|
|206	202	407	235	148	246	297	386	258	308	422	342	244	333	300	135	354	525	372	258	390	578	203	167	250	412	288	432	502	390	194	378	286	0	144	191	362	109	418	329	202	388	421	423	591	329	|
|71	263	266	187	221	221	163	432	251	202	318	203	161	229	374	45	364	436	338	211	362	517	230	81	110	462	339	454	422	310	283	426	310	144	0	150	239	168	313	294	77	285	321	319	518	306	|
|137	157	292	45	142	70	181	294	102	141	242	233	70	159	260	191	216	336	193	68	215	389	103	73	168	324	211	306	311	200	199	289	168	191	150	0	210	113	239	148	117	210	238	244	400	157	|
|169	361	108	192	352	228	84	453	262	72	100	88	140	68	452	279	348	227	256	191	280	344	303	196	140	481	394	429	229	148	407	451	336	362	239	210	0	318	95	231	164	79	111	100	325	258	|
|200	101	388	150	53	148	274	283	153	252	355	325	181	272	210	189	245	443	270	169	286	480	95	135	243	311	186	325	415	308	115	275	177	109	168	113	318	0	352	230	187	323	351	357	498	225	|
|247	370	186	205	374	228	175	421	254	112	5	182	175	86	443	356	312	132	206	193	226	251	311	253	226	447	382	382	134	83	421	421	320	418	313	239	95	352	0	196	237	30	19	6	230	224	|
|260	201	337	107	226	84	256	226	81	169	195	297	145	163	252	337	118	234	45	83	68	251	150	213	274	253	190	199	199	117	254	226	128	329	294	148	231	230	196	0	240	178	184	198	272	29	|
|20	264	207	140	234	180	95	411	216	127	241	143	97	153	372	120	329	361	283	159	308	448	217	53	56	441	327	419	348	238	296	406	285	202	77	117	164	187	237	240	0	208	245	242	446	257	|
|219	344	181	177	346	202	152	404	230	82	34	167	145	56	420	328	295	156	193	166	215	265	284	223	201	430	359	369	152	74	394	404	298	388	285	210	79	323	30	178	208	0	37	35	250	206	|
|256	364	205	202	370	222	188	408	246	118	15	199	177	92	433	364	298	119	191	188	210	233	305	257	238	433	371	366	118	68	415	408	309	421	321	238	111	351	19	184	245	37	0	17	214	212	|
|253	374	190	210	378	232	180	423	257	117	2	187	180	91	446	362	313	127	206	197	226	246	315	258	232	448	384	382	130	83	425	423	322	423	319	244	100	357	6	198	242	35	17	0	225	226	|
|460	469	408	356	498	351	402	422	353	322	225	412	359	296	494	563	330	102	239	333	235	54	422	444	449	436	436	348	98	208	521	427	381	591	518	400	325	498	230	272	446	250	214	225	0	285	|
|278	184	364	119	215	87	280	198	72	195	224	323	165	190	227	348	90	255	46	98	61	259	139	226	294	225	165	172	219	145	237	197	103	329	306	157	258	225	224	29	257	206	212	226	285	0	|

--------------------------------------------------------------------------------
Building model...
	using lazy and cut (CVRPSEP package)
Solving IRP LP...
--------------------------------------------------------------------------------

Gurobi 9.1.0 (linux64) logging started Sat Jan  9 00:10:03 2021

Gurobi Optimizer version 9.1.0 build v9.1.0rc0 (linux64)
Thread count: 32 physical cores, 32 logical processors, using up to 2 threads
Optimize a model with 1690 rows, 10318 columns and 23296 nonzeros
Model fingerprint: 0x67fcd03b
Variable types: 589 continuous, 9729 integer (414 binary)
Coefficient statistics:
  Matrix range     [1e+00, 1e+03]
  Objective range  [1e-01, 6e+02]
  Bounds range     [1e+00, 3e+02]
  RHS range        [1e+01, 6e+03]
Presolve removed 694 rows and 262 columns
Presolve time: 0.09s
Presolved: 996 rows, 10056 columns, 21619 nonzeros
Variable types: 441 continuous, 9615 integer (9189 binary)

Root relaxation: objective 1.306174e+04, 982 iterations, 0.02 seconds

    Nodes    |    Current Node    |     Objective Bounds      |     Work
 Expl Unexpl |  Obj  Depth IntInf | Incumbent    BestBd   Gap | It/Node Time

     0     0 13061.7393    0  108          - 13061.7393      -     -    0s
     0     0 13295.7680    0  116          - 13295.7680      -     -    0s
     0     0 13295.7680    0  119          - 13295.7680      -     -    0s
     0     0 13743.3211    0  178          - 13743.3211      -     -    0s
     0     0 13817.6395    0  206          - 13817.6395      -     -    0s
     0     0 13817.7881    0  217          - 13817.7881      -     -    0s
     0     0 13937.7833    0  268          - 13937.7833      -     -    0s
     0     0 13937.8912    0  260          - 13937.8912      -     -    0s
     0     0 14075.9887    0  260          - 14075.9887      -     -    1s
     0     0 14083.1637    0  240          - 14083.1637      -     -    1s
     0     0 14083.2907    0  276          - 14083.2907      -     -    1s
     0     0 14119.0250    0  221          - 14119.0250      -     -    1s
     0     0 14126.2837    0  284          - 14126.2837      -     -    1s
     0     0 14130.5262    0  290          - 14130.5262      -     -    1s
     0     0 14138.2269    0  293          - 14138.2269      -     -    1s
     0     0 14240.2779    0  239          - 14240.2779      -     -    1s
     0     0 14245.1236    0  249          - 14245.1236      -     -    1s
     0     0 14249.3774    0  278          - 14249.3774      -     -    1s
     0     0 14249.6801    0  314          - 14249.6801      -     -    1s
     0     0 14299.5289    0  303          - 14299.5289      -     -    2s
     0     0 14307.5041    0  316          - 14307.5041      -     -    2s
     0     0 14309.2997    0  302          - 14309.2997      -     -    2s
     0     0 14319.6585    0  275          - 14319.6585      -     -    2s
     0     0 14321.0227    0  299          - 14321.0227      -     -    2s
     0     0 14325.9533    0  357          - 14325.9533      -     -    2s
     0     0 14350.5037    0  303          - 14350.5037      -     -    2s
     0     2 14350.5037    0  285          - 14350.5037      -     -    4s
    17    20 14372.0425    6  320          - 14357.6461      -   291    5s
   108   118 14561.9808   29  252          - 14357.6461      -   270   10s
   281   315 15291.9300   90  148          - 14357.6461      -   177   15s
   519   565 16252.4641  173   56          - 14357.6461      -   133   20s
   859   946 18297.8300  288    2          - 14357.6461      -  95.6   26s
  1121  1056 14428.1737    4  333          - 14371.2022      -  78.2   30s
  1145  1068 15372.5692  122  390          - 14410.7881      -  78.2   35s
  1156  1075 18988.8000  326  481          - 14430.5369      -  77.4   45s
  1171  1085 16589.6421  190  383          - 14439.2156      -  76.4   50s
  1175  1088 17352.4700  251  474          - 14445.5390      -  76.2   55s
  1180  1094 14474.9599   11  398          - 14445.5390      -  86.7   60s
  1206  1113 14503.0985   18  362          - 14445.5390      -  93.0   65s
  1258  1151 14574.5731   28  286          - 14445.5390      -   101   70s
  1357  1233 14714.9804   41  231          - 14445.5390      -   106   75s
  1496  1329 14943.7423   51  176          - 14445.5390      -   105   80s
  1657  1462 15199.8377   66  158          - 14445.5390      -   103   86s
  1822  1583 15388.1741   78  143          - 14445.5390      -   100   91s
  1954  1675 15529.8560   84  120          - 14445.5390      -  96.4   95s
* 2037  1592             359    19291.790000 14445.5390  25.1%  93.3   96s
* 2047  1530             358    19066.230000 14445.5390  24.2%  93.0   98s
* 2051  1479             356    18925.790000 14445.5390  23.7%  92.8   98s
  2079  1478 15650.0783   92  149 18925.7900 14445.5390  23.7%  94.3  100s
  2105  1499 15862.0360  102  130 18925.7900 14445.5390  23.7%  97.4  110s
  2147  1530 16007.4252  119  152 18925.7900 14445.5390  23.7%   100  115s
H 2155  1420                    17276.010000 14445.5390  16.4%   101  116s
  2186  1445 15941.3498  134  172 17276.0100 14445.5390  16.4%   104  120s
  2228  1478 16092.1589  148  197 17276.0100 14445.5390  16.4%   107  125s
  2244  1487 16162.3694  155  150 17276.0100 14445.5390  16.4%   108  137s
  2283  1507 16399.7955  170   24 17276.0100 14445.5390  16.4%   109  140s
  2328  1550 16379.6304  186   60 17276.0100 14445.5390  16.4%   111  145s
  2358  1567 16451.6460  196   85 17276.0100 14445.5390  16.4%   112  150s
  2402  1600 16495.3373  214   55 17276.0100 14445.5390  16.4%   113  155s
  2416  1595 14756.1275   55  194 17276.0100 14445.5390  16.4%   113  160s
  2440  1633 16517.6502  228   76 17276.0100 14445.5390  16.4%   114  165s
  2470  1625 16523.3990  238   66 17276.0100 14445.5390  16.4%   115  171s
  2525  1661 15004.7477   70   87 17276.0100 14445.5390  16.4%   115  175s
  2526  1706 16579.5922  260   75 17276.0100 14445.5390  16.4%   115  191s
  2608  1753 16756.7176  286   62 17276.0100 14445.5390  16.4%   116  196s
  2717  1775 15438.0297  107   56 17276.0100 14445.5390  16.4%   115  200s
  2781  1836 17131.3189  335   15 17276.0100 14459.6174  16.3%   114  207s
  2933  1829 14497.9974   14  513 17276.0100 14459.6174  16.3%   112  211s
  3050  1948 14587.3230   19  354 17276.0100 14459.6174  16.3%   112  218s
  3165  1916 14622.9188   23  252 17276.0100 14459.6174  16.3%   110  232s
  3175  1928 14675.0472   24  266 17276.0100 14459.6174  16.3%   111  236s
H 3200  1882                    17227.640000 14459.6174  16.1%   114  238s
  3212  1902 14774.5370   31  278 17227.6400 14459.6174  16.1%   115  240s
  3271  1964 14865.6234   58   97 17227.6400 14459.6174  16.1%   117  246s
  3357  2053 15066.5189   92   84 17227.6400 14459.6174  16.1%   119  253s
  3438  2119 15202.3513  128   60 17227.6400 14459.6174  16.1%   118  257s
  3531  2287 15289.3175  178   86 17227.6400 14459.6174  16.1%   117  263s
  3732  2407 16355.1716  295   85 17227.6400 14459.6174  16.1%   113  273s
  3906  2534 16622.0445  380   70 17227.6400 14459.6174  16.1%   110  279s
  4043  2670 16808.4567  447   13 17227.6400 14475.1814  16.0%   108  284s
  4204  2810 14592.8517   16  355 17227.6400 14475.1814  16.0%   106  291s
  4385  2842 14672.9003   27  329 17227.6400 14475.1814  16.0%   105  295s
  4467  2927 14945.1043   54  130 17227.6400 14475.1814  16.0%   107  302s
  4502  3020 15049.9917   61   49 17227.6400 14475.1814  16.0%   109  306s
  4595  3139 15018.2225   95  158 17227.6400 14475.1814  16.0%   109  311s
  4714  3383 15213.9100  135   10 17227.6400 14475.1814  16.0%   109  317s
  4958  3505 16097.5014  196   79 17227.6400 14475.1814  16.0%   106  324s
  4998  3505 16043.4100  220   73 17227.6400 14475.1814  16.0%   106  325s
  5096  3661 15884.2998  253   45 17227.6400 14491.4302  15.9%   106  334s
  5179  3666 17054.9250  281   27 17227.6400 14491.4302  15.9%   106  335s
  5305  3696 infeasible  292      17227.6400 14492.3133  15.9%   105  340s
  5419  4130 15071.6052   61  155 17227.6400 14498.1219  15.8%   108  350s
  5782  4268 17019.8919  256   56 17227.6400 14510.7076  15.8%   103  359s
  5846  4268 16019.6331  243   60 17227.6400 14510.8632  15.8%   103  360s
  5956  4393 14747.7637   34  315 17227.6400 14510.8632  15.8%   102  366s
  6081  4673 15486.7776  100  120 17227.6400 14514.0767  15.8%   103  375s
  6403  4714 14648.9287   19  251 17227.6400 14514.3224  15.7%   100  383s
  6447  4854 15006.2643   42  257 17227.6400 14514.3224  15.7%   102  388s
  6587  5130 15567.2221  139   38 17227.6400 14517.6935  15.7%   102  396s
  6913  5137 16546.2689  218   42 17227.6400 14522.9841  15.7%  99.2  400s
  6946  5175 17078.9700  208    - 17227.6400 14523.1184  15.7%  99.4  405s
  7001  5212 infeasible  215      17227.6400 14523.4523  15.7%   100  410s
  7034  5268 14642.9458   17  458 17227.6400 14523.4523  15.7%   102  417s
  7068  5268 15006.4617   44   61 17227.6400 14523.4523  15.7%   103  421s
  7110  5396 14685.8205   25  102 17227.6400 14523.4523  15.7%   103  427s
  7261  5472 14829.9065   37  139 17227.6400 14523.4523  15.7%   103  436s
  7331  5617 15241.8079   56  178 17227.6400 14523.4523  15.7%   105  444s
  7351  5617 15221.0864   75   49 17227.6400 14523.4523  15.7%   106  445s
  7475  6034 15540.2448  114   39 17227.6400 14524.6798  15.7%   107  462s
  7679  6034 16604.6716  269   24 17227.6400 14524.6798  15.7%   105  465s
  7958  6072 14568.2691   18  419 17227.6400 14528.1008  15.7%   103  474s
  7996  6128 14636.7112   23  323 17227.6400 14528.1008  15.7%   106  482s
  8052  6284 14869.4308   33  271 17227.6400 14528.1008  15.7%   107  491s
  8208  6375 15144.6269   46  168 17227.6400 14528.1008  15.7%   109  501s
  8330  6377 15738.8705   66   84 17227.6400 14528.1008  15.7%   110  514s
  8333  6490 15677.0195   67   90 17227.6400 14529.2286  15.7%   110  522s
  8510  6624     cutoff  115      17227.6400 14529.2666  15.7%   111  532s
  8648  6868 15040.3865   59   98 17227.6400 14532.7846  15.6%   112  550s
  8914  6919 14693.3524   22  305 17227.6400 14532.8560  15.6%   111  559s
  8964  6980 14838.2362   32  304 17227.6400 14532.8560  15.6%   113  567s
  9025  7211 15046.1731   55  199 17227.6400 14532.8560  15.6%   115  577s
  9256  7635 15319.7507   98  110 17227.6400 14536.1890  15.6%   115  592s
  9720  7678 14672.2802   15  450 17227.6400 14536.1890  15.6%   113  604s
  9735  7678 16811.0790  344   21 17227.6400 14536.1890  15.6%   113  605s
  9779  7851 15073.4737   30  257 17227.6400 14536.1890  15.6%   114  615s
  9956  8036 15879.6968   91   74 17227.6400 14537.1771  15.6%   114  626s
 10190  8074 17146.3748  193   11 17227.6400 14538.5697  15.6%   114  645s
 10239  8156 infeasible  197      17227.6400 14538.9508  15.6%   116  655s
 10323  8350 14991.7015   38  269 17227.6400 14538.9508  15.6%   117  668s
 10458  8350 16648.5057   83   15 17227.6400 14538.9508  15.6%   117  670s
 10549  8455 16005.5613   93  113 17227.6400 14539.3070  15.6%   117  680s
 10684  8581 14892.2870   31  394 17227.6400 14539.4930  15.6%   117  689s
 10768  8581 15023.3712   24  149 17227.6400 14539.4930  15.6%   117  690s
 10810  8674 16041.3172  115   38 17227.6400 14539.5759  15.6%   118  729s
 10851  8676 16295.3590  152   17 17227.6400 14539.5759  15.6%   117  730s
 10928  8796 16916.7721  174   41 17227.6400 14539.6364  15.6%   118  740s
 11084  8867     cutoff  192      17227.6400 14540.7198  15.6%   118  751s
 11169  8956 14891.3982   21  136 17227.6400 14542.0796  15.6%   119  760s
 11259  9264 15510.4919   75   54 17227.6400 14544.1660  15.6%   120  771s
 11599  9414 14848.2591   27  316 17227.6400 14544.1718  15.6%   119  783s
 11751  9588 15721.8093  135   45 17227.6400 14547.6365  15.6%   119  793s
 11989  9659 17029.0438  180   55 17227.6400 14548.5610  15.6%   119  805s
 12052  9811     cutoff  187      17227.6400 14548.9189  15.5%   120  814s
 12080  9811 15032.4457   48  277 17227.6400 14548.9189  15.5%   121  815s
 12226  9955 15055.4575   50  244 17227.6400 14551.4628  15.5%   120  827s
 12384 10093 14615.5853   16  474 17227.6400 14551.4628  15.5%   121  839s
 12407 10093 14971.3598   39   55 17227.6400 14551.4628  15.5%   121  840s
 12530 10284 14980.5589   45   98 17227.6400 14551.4628  15.5%   121  857s
 12739 10572 15046.1040   46   70 17227.6400 14551.8153  15.5%   120  872s
 12919 10572 15149.2691  226    8 17227.6400 14551.8153  15.5%   119  875s
 13043 10734 17020.9917  312   29 17227.6400 14551.9994  15.5%   118  887s
 13268 10830     cutoff  331      17227.6400 14552.3228  15.5%   119  898s
 13379 10897 14917.3542   37  216 17227.6400 14552.6897  15.5%   120  908s
 13446 11066 15747.8440   60   42 17227.6400 14552.9959  15.5%   121  923s
 13506 11073 16443.8928   86   56 17227.6400 14552.9959  15.5%   121  925s
 13657 11189     cutoff  112      17227.6400 14553.8379  15.5%   122  938s
 13783 11195 17081.1464   98   17 17227.6400 14553.8887  15.5%   122  940s
 13813 11256 14767.7911   21  382 17227.6400 14553.8887  15.5%   122  948s
 13875 11305 14987.7249   44  351 17227.6400 14553.8887  15.5%   123  968s
 13924 11587 15136.2045   59  126 17227.6400 14554.4529  15.5%   123  979s
 13964 11587 15497.1639   99   76 17227.6400 14554.4529  15.5%   123  980s
 14238 11734 14663.7405   17  428 17227.6400 14556.8649  15.5%   123  993s
 14357 11735 16471.9200  116    2 17227.6400 14556.8649  15.5%   123  995s
 14401 11827 15365.8320   56   75 17227.6400 14557.0791  15.5%   123 1005s
 14516 11876 16957.5800  121    6 17227.6400 14558.3415  15.5%   124 1014s
 14566 11989 17073.9233  122   14 17227.6400 14558.3416  15.5%   125 1025s
 14738 12078 14930.8002   26  136 17227.6400 14558.3986  15.5%   125 1037s
 14814 12227 15153.2851   66   19 17227.6400 14558.3986  15.5%   126 1051s
 14963 12662 15485.2250  143    3 17227.6400 14558.4968  15.5%   127 1067s
 15163 12662 15865.4990  253   27 17227.6400 14558.4968  15.5%   125 1070s
 15436 12961 14952.4596   24  202 17227.6400 14558.4968  15.5%   124 1084s
 15517 12965 16372.4400   98    8 17227.6400 14558.4968  15.5%   125 1085s
 15780 12991     cutoff  148      17227.6400 14559.1122  15.5%   123 1102s
 15813 13054 14648.6671   21  370 17227.6400 14559.2989  15.5%   124 1118s
 15896 13167 14992.7418   28  226 17227.6400 14559.2989  15.5%   124 1127s
 16034 13278 16309.5600   79   40 17227.6400 14561.4796  15.5%   124 1138s
 16129 13283 14909.0654   26  367 17227.6400 14561.4796  15.5%   124 1140s
*16146 13120             281    17151.390000 14561.6951  15.1%   124 1140s
*16148 13012             280    17121.390000 14561.6951  15.0%   124 1140s
*16151 12919             277    17095.390000 14561.6951  14.8%   124 1140s
 16179 13051     cutoff  148      17095.3900 14561.8443  14.8%   125 1151s
 16339 13150 15240.7649   44  212 17095.3900 14562.6574  14.8%   125 1164s
 16379 13150 15958.2356   84  122 17095.3900 14562.6574  14.8%   126 1165s
 16472 13194     cutoff  140      17095.3900 14563.1868  14.8%   126 1173s
 16519 13409 15018.9981   34  249 17095.3900 14563.1868  14.8%   127 1185s
 16752 13470 16619.4487  147  100 17095.3900 14565.9215  14.8%   127 1196s
 16825 13599 15197.2437   33  266 17095.3900 14565.9454  14.8%   128 1206s
 16958 13719 16147.7266  105   63 17095.3900 14567.2670  14.8%   129 1216s
 17105 13766     cutoff  144      17095.3900 14567.7534  14.8%   129 1226s
 17176 13926 15403.4156   53  218 17095.3900 14570.3506  14.8%   130 1236s
 17373 13984 14722.7830   20  390 17095.3900 14570.4269  14.8%   130 1247s
 17427 14174 14885.4390   27  204 17095.3900 14570.4269  14.8%   131 1260s
 17649 14291 15109.0659   38   45 17095.3900 14570.4269  14.8%   131 1273s
 17781 14413 15120.5461   63   85 17095.3900 14570.4269  14.8%   132 1286s
 17901 14684 15396.0162  123   34 17095.3900 14574.0214  14.7%   132 1301s
 18229 14754 16344.6828  162   48 17095.3900 14574.0388  14.7%   131 1312s
 18327 14810     cutoff  204      17095.3900 14575.9913  14.7%   132 1322s
 18384 15030 15039.2509   40  266 17095.3900 14576.1961  14.7%   133 1334s
 18437 15030 15810.7868   93   53 17095.3900 14576.1961  14.7%   133 1335s
 18654 15097 16855.0729  152   15 17095.3900 14578.5830  14.7%   132 1349s
 18697 15101 16953.1100  179    - 17095.3900 14578.5830  14.7%   132 1350s
 18753 15235 14858.6396   32  305 17095.3900 14578.5830  14.7%   133 1360s
 18885 15531 15210.4594   57   95 17095.3900 14578.7305  14.7%   133 1375s
 19222 15572 16321.4700  197    8 17095.3900 14579.5010  14.7%   132 1388s
 19271 15632     cutoff  199      17095.3900 14579.8804  14.7%   133 1398s
*19272 13823             198    16726.770000 14579.8804  12.8%   133 1398s
 19333 14007 15068.1397   47  134 16726.7700 14580.0678  12.8%   134 1411s
 19543 14064 14857.9186   27  290 16726.7700 14580.3809  12.8%   134 1422s
 19600 14263 15214.6873   67   79 16726.7700 14580.4359  12.8%   135 1434s
 19620 14263 15304.1136   87   55 16726.7700 14580.4359  12.8%   135 1435s
 19846 14420     cutoff  206      16726.7700 14580.8169  12.8%   135 1447s
 20016 14604 15167.9478   42  241 16726.7700 14581.0757  12.8%   135 1461s
 20215 14714     cutoff  178      16726.7700 14581.2506  12.8%   135 1473s
 20237 14714 15606.2022   85  131 16726.7700 14581.2749  12.8%   135 1475s
 20341 14852 15002.1503   34  262 16726.7700 14581.2749  12.8%   135 1488s
 20441 14869 16176.2865  105   15 16726.7700 14581.2749  12.8%   135 1490s
 20526 14987 16670.9100  163   12 16726.7700 14581.9865  12.8%   135 1501s
 20681 15092     cutoff  164      16726.7700 14582.7070  12.8%   136 1513s
 20790 15168     cutoff  164      16726.7700 14583.8835  12.8%   136 1526s
 20883 15308 15021.6124   53  231 16726.7700 14585.2534  12.8%   137 1538s
 20984 15308 16228.5111  153   24 16726.7700 14585.2534  12.8%   137 1540s
 21060 15374 16669.9583  180   32 16726.7700 14586.2224  12.8%   137 1552s
 21162 15480 15060.1476   23  234 16726.7700 14586.2224  12.8%   138 1564s
 21267 15559 15170.2495   35  139 16726.7700 14586.2224  12.8%   139 1575s
 21378 15840 15275.6576   62   45 16726.7700 14587.1184  12.8%   139 1589s
 21398 15840 15374.3600   72   17 16726.7700 14587.1184  12.8%   139 1592s
 21737 15901     cutoff  201      16726.7700 14587.4008  12.8%   138 1605s
 21788 16062 14984.5283   40  113 16726.7700 14588.0186  12.8%   139 1617s
 21993 16133     cutoff  174      16726.7700 14588.5021  12.8%   139 1630s
 22104 16269 15068.5841   39  200 16726.7700 14588.9679  12.8%   140 1644s
 22149 16270 15789.6866   83   64 16726.7700 14588.9679  12.8%   140 1645s
 22259 16340     cutoff  164      16726.7700 14589.5219  12.8%   140 1655s
 22328 16544 15132.9951   64  197 16726.7700 14589.5219  12.8%   140 1669s
 22388 16544 15708.9889  124   42 16726.7700 14589.5219  12.8%   140 1671s
 22571 16593 14859.3020   21  422 16726.7700 14589.9291  12.8%   140 1683s
 22620 16779 15151.4743   52  140 16726.7700 14590.0203  12.8%   141 1695s
 22832 16809 14705.6356   17  503 16726.7700 14590.6577  12.8%   141 1707s
 22862 16900 15274.7903   30  299 16726.7700 14590.6577  12.8%   142 1718s
 22965 17009 15872.9303   65  246 16726.7700 14591.3775  12.8%   142 1731s
 23083 17166 14971.1864   29  300 16726.7700 14592.4670  12.8%   142 1745s
 23263 17222 16360.6000  113    - 16726.7700 14593.3108  12.8%   142 1758s
 23328 17230 15107.1905   38  264 16726.7700 14594.1132  12.7%   143 1760s
 23332 17351 16444.9300  115   25 16726.7700 14594.1291  12.7%   143 1772s
 23483 17401     cutoff  131      16726.7700 14594.2357  12.7%   143 1785s
 23546 17501 15006.3429   37  160 16726.7700 14594.3589  12.7%   144 1795s
 23659 17595     cutoff  109      16726.7700 14595.2961  12.7%   145 1807s
 23773 17721 15114.5250   43  344 16726.7700 14595.3394  12.7%   145 1819s
 23918 17768 infeasible  122      16726.7700 14595.4903  12.7%   145 1829s
 23982 17867 15083.8902   36  227 16726.7700 14596.2173  12.7%   146 1838s
 24080 18084 15408.3205   76   60 16726.7700 14596.5075  12.7%   147 1852s
 24339 18386 16563.4781  167   25 16726.7700 14596.6474  12.7%   147 1869s
 24440 18388 15555.9135  101   20 16726.7700 14597.1299  12.7%   147 1870s
 24666 18425     cutoff  175      16726.7700 14597.2414  12.7%   146 1879s
 24705 18595 15086.8607   41  218 16726.7700 14597.2414  12.7%   147 1891s
 24895 18686 15928.0539   85  151 16726.7700 14598.5189  12.7%   147 1902s
 24998 18753 14906.6665   35  311 16726.7700 14598.6247  12.7%   147 1913s
 25066 18983 15502.2516   78  235 16726.7700 14598.9510  12.7%   148 1924s
 25086 18983 15691.1521   98   33 16726.7700 14598.9510  12.7%   148 1925s
 25352 19063     cutoff  211      16726.7700 14601.5819  12.7%   148 1936s
 25437 19204 15628.7335   64  138 16726.7700 14602.2966  12.7%   148 1947s
 25609 19303 14976.0817   33  271 16726.7700 14603.0998  12.7%   148 1960s
 25716 19383 infeasible  122      16726.7700 14603.4554  12.7%   149 1971s
 25799 19468 15332.1651   49  192 16726.7700 14603.7305  12.7%   149 1984s
 25941 19514 16673.6320  106   70 16726.7700 14604.8742  12.7%   150 1994s
 25987 19545 16713.6800  112   69 16726.7700 14604.9303  12.7%   150 2004s
 26023 19607 14983.6301   33  275 16726.7700 14604.9303  12.7%   151 2013s
 26081 19761 15197.1355   44  336 16726.7700 14604.9303  12.7%   152 2024s
 26101 19761 15326.2072   54   98 16726.7700 14604.9303  12.7%   152 2025s
 26255 19947 15504.6337   90   38 16726.7700 14605.4867  12.7%   152 2039s
 26355 19954 15728.7067  131   15 16726.7700 14605.4867  12.7%   151 2040s
 26518 20030 16467.7944  169   21 16726.7700 14605.5183  12.7%   151 2052s
 26613 20166 15005.3647   40  285 16726.7700 14606.4707  12.7%   152 2064s
 26658 20166 15724.3187   72  125 16726.7700 14606.4707  12.7%   152 2065s
 26766 20267 15645.3089   85   87 16726.7700 14606.6424  12.7%   152 2075s
 26898 20395     cutoff  138      16726.7700 14607.3702  12.7%   152 2087s
 27048 20533 15206.4321   39  311 16726.7700 14607.5439  12.7%   152 2100s
 27206 20581 14809.7869   20  312 16726.7700 14607.7273  12.7%   152 2111s
 27255 20699 14988.2198   28  196 16726.7700 14607.7273  12.7%   153 2123s
 27376 20870 15332.9479   53   18 16726.7700 14607.8965  12.7%   153 2140s
 27640 20961     cutoff  148      16726.7700 14607.9313  12.7%   153 2152s
 27715 21011 14798.5675   28  336 16726.7700 14607.9397  12.7%   153 2162s
 27765 21090 15384.1890   52  181 16726.7700 14607.9397  12.7%   154 2174s
 27853 21170 15550.1985   63  208 16726.7700 14608.4276  12.7%   154 2185s
 27947 21307 14803.0931   23  324 16726.7700 14608.4276  12.7%   154 2196s
 28094 21481 15505.9597   64   82 16726.7700 14609.0565  12.7%   154 2211s
 28305 21501     cutoff  130      16726.7700 14609.5544  12.7%   154 2224s
 28330 21554 14778.7014   31  394 16726.7700 14609.8971  12.7%   155 2234s
 28383 21631 15129.9654   39  253 16726.7700 14609.8971  12.7%   156 2244s
 28460 21732 15708.7151   52  250 16726.7700 14609.8971  12.7%   156 2368s
 28547 21732 16575.8346   84   81 16726.7700 14609.8971  12.7%   156 2370s
 28563 21774 16375.0349   72  147 16726.7700 14610.0147  12.7%   156 2384s
 28670 21818 14949.5854   22  350 16726.7700 14610.1106  12.7%   157 2395s
 28714 22068 15368.4747   48  135 16726.7700 14610.2167  12.7%   157 2411s
 28996 22168 16534.1900  171    - 16726.7700 14611.3437  12.6%   157 2430s
 29094 22288 16542.3900  171    - 16726.7700 14611.4667  12.6%   157 2444s
 29227 22402 16617.2700  171    4 16726.7700 14612.1352  12.6%   158 2457s
 29362 22457 16629.0300  172    3 16726.7700 14612.6768  12.6%   158 2471s
 29444 22479     cutoff  175      16726.7700 14612.8353  12.6%   159 2483s
*29446 22038             173    16672.190000 14612.8353  12.4%   159 2483s
 29470 22059 14720.7055   20  524 16672.1900 14613.0443  12.4%   159 2503s
 29492 22095 14770.0690   23  379 16672.1900 14613.0443  12.4%   160 2514s
 29528 22163 14829.7861   25  345 16672.1900 14613.0443  12.4%   161 2527s
 29602 22204 15088.0376   33  380 16672.1900 14613.0443  12.4%   161 2539s
 29657 22279 15423.6444   47  116 16672.1900 14613.0443  12.4%   162 2552s
 29732 22419 16412.3286   64   61 16672.1900 14613.5821  12.3%   163 2567s
 29923 22506 15149.1749   39  351 16672.1900 14614.0636  12.3%   163 2582s
 30027 22630 16043.0650   82   35 16672.1900 14615.1892  12.3%   163 2595s
 30193 22890     cutoff  124      16672.1900 14615.6266  12.3%   163 2615s
 30514 22998 15103.4914   33  203 16672.1900 14615.7865  12.3%   163 2631s
 30622 23126 16061.5057  123   11 16672.1900 14616.5830  12.3%   163 2644s
 30816 23202     cutoff  170      16672.1900 14616.6640  12.3%   163 2656s
 30895 23249 15069.0421   32  296 16672.1900 14617.7812  12.3%   164 2678s
