




arguments: ./build/mirp_solver -f ./input/orig_exec_93.cfg
Current dir: /scratch/gui/bnc_mirp
File verbosity level: 9
date       time         ( uptime  ) [ thread name/id ]                   file:line     v| 
2021-01-09 18:08:32.156 (   0.158s) [main thread     ]             loguru.cpp:789   INFO| Logging to './output/vi_vr/OU/V3/Original/execution_09_01_2021_18_08_32.log', mode: 'a', verbosity: 9
--------------------------------------------------------------------------------
Parameters
                           instance_path           ./input/Instances/Original/3/
                            model_policy                                       1
                             nb_vehicles                                       3
                              output_dir          ./output/vi_vr/OU/V3/Original/
                            sec_strategy                                       1
                       solver_nb_threads                                       2
                         solver_show_log                                    true
                       solver_time_limit                                    3600
                              use_vi_cos                                   false
                              use_vi_cus                                   false
                         use_vi_hc1_full                                   false
                         use_vi_hc1_half                                   false
                      use_vi_hc1_quarter                                   false
                              use_vi_hc2                                   false
                              use_vi_hc3                                   false
                         use_vi_lex_full                                   false
                         use_vi_lex_half                                   false
                      use_vi_lex_quarter                                   false
                              use_vi_qua                                   false
                               use_vi_vc                                   false
                               use_vi_vr                                    true
--------------------------------------------------------------------------------
executing instance: ./input/Instances/Original/3/absH3low_2n5.dat
--------------------------------------------------------------------------------
Instance details
n	6
H	3
C	237
Li:
[0, 0, 0, 0, 0, 0, ]
Ui:
[0, 93, 180, 51, 114, 24, ]
Distance matrix:
|0	170	318	35	112	235	|
|170	0	311	205	258	301	|
|318	311	0	326	278	137	|
|35	205	326	0	89	230	|
|112	258	278	89	0	160	|
|235	301	137	230	160	0	|

--------------------------------------------------------------------------------
Building model...
	using lazy and cut (CVRPSEP package)
Solving IRP LP...
--------------------------------------------------------------------------------

Gurobi 9.1.0 (linux64) logging started Sat Jan  9 18:08:32 2021

Gurobi Optimizer version 9.1.0 build v9.1.0rc0 (linux64)
Thread count: 32 physical cores, 32 logical processors, using up to 2 threads
Optimize a model with 210 rows, 258 columns and 816 nonzeros
Model fingerprint: 0x0262223c
Variable types: 69 continuous, 189 integer (54 binary)
Coefficient statistics:
  Matrix range     [1e+00, 2e+02]
  Objective range  [1e-02, 3e+02]
  Bounds range     [1e+00, 2e+02]
  RHS range        [1e+01, 5e+02]
Presolve removed 94 rows and 52 columns
Presolve time: 0.01s
Presolved: 116 rows, 206 columns, 585 nonzeros
Variable types: 40 continuous, 166 integer (120 binary)
Found heuristic solution: objective 1824.5200000

Root relaxation: objective 7.759009e+02, 160 iterations, 0.00 seconds

    Nodes    |    Current Node    |     Objective Bounds      |     Work
 Expl Unexpl |  Obj  Depth IntInf | Incumbent    BestBd   Gap | It/Node Time

     0     0  775.90091    0   36 1824.52000  775.90091  57.5%     -    0s
     0     0 1096.03818    0   36 1824.52000 1096.03818  39.9%     -    0s
     0     0 1413.12265    0   58 1824.52000 1413.12265  22.5%     -    0s
     0     0 1458.94966    0   58 1824.52000 1458.94966  20.0%     -    0s
     0     0 1460.27373    0   60 1824.52000 1460.27373  20.0%     -    0s
     0     0 1543.04754    0   50 1824.52000 1543.04754  15.4%     -    0s
     0     0 1554.17401    0   54 1824.52000 1554.17401  14.8%     -    0s
     0     0 1554.64513    0   56 1824.52000 1554.64513  14.8%     -    0s
     0     0 1559.90358    0   44 1824.52000 1559.90358  14.5%     -    0s
     0     0 1565.14387    0   54 1824.52000 1565.14387  14.2%     -    0s
     0     0 1565.20251    0   62 1824.52000 1565.20251  14.2%     -    0s
     0     0 1566.22302    0   62 1824.52000 1566.22302  14.2%     -    0s
     0     0 1566.22302    0   61 1824.52000 1566.22302  14.2%     -    0s
H    0     0                    1778.8300000 1566.22302  12.0%     -    0s
H    0     0                    1770.8300000 1566.22302  11.6%     -    0s
     0     2 1568.79917    0   59 1770.83000 1568.79917  11.4%     -    0s
*   32    14               8    1764.3500000 1593.10088  9.71%  26.0    0s
*   64    20              12    1720.8300000 1595.31065  7.29%  22.6    0s

Cutting planes:
  User: 8
  Gomory: 6
  Cover: 34
  Implied bound: 5
  Clique: 2
  MIR: 46
  Flow cover: 49
  Zero half: 2
  RLT: 23
  Relax-and-lift: 5

Explored 219 nodes (4669 simplex iterations) in 0.30 seconds
Thread count was 2 (of 32 available processors)

Solution count 5: 1720.83 1764.35 1770.83 ... 1824.52

Optimal solution found (tolerance 1.00e-04)
Best objective 1.720830000000e+03, best bound 1.720830000000e+03, gap 0.0000%

User-callback calls 686, time in user-callback 0.03 sec
================================================================================
executing instance: ./input/Instances/Original/3/absH3high_5n30.dat
--------------------------------------------------------------------------------
Instance details
n	31
H	3
C	2296
Li:
[0, 0, 0, 0, 0, 0, 0, 0, 0, 0, 0, 0, 0, 0, 0, 0, 0, 0, 0, 0, 0, 0, 0, 0, 0, 0, 0, 0, 0, 0, 0, ]
Ui:
[0, 80, 90, 297, 28, 264, 123, 192, 112, 32, 72, 88, 294, 129, 126, 105, 110, 237, 246, 92, 72, 147, 54, 96, 128, 96, 84, 28, 74, 196, 192, ]
Distance matrix:
|0	87	302	65	389	171	219	120	412	339	129	63	169	401	383	158	393	161	246	275	64	287	345	235	13	274	106	201	85	358	135	|
|87	0	334	128	402	212	301	204	465	384	187	145	232	424	454	238	475	245	289	352	80	307	352	321	81	352	20	261	170	376	215	|
|302	334	0	239	113	132	237	334	157	70	404	263	162	105	227	229	339	251	65	217	259	53	107	352	293	220	339	134	270	75	235	|
|65	128	239	0	330	107	175	130	348	275	174	40	107	339	326	114	351	125	181	224	58	228	290	222	58	224	143	138	65	297	92	|
|389	402	113	330	0	226	349	438	210	151	502	360	269	48	316	339	441	362	175	328	335	102	55	465	377	330	401	245	371	37	342	|
|171	212	132	107	226	0	169	214	253	173	276	134	64	233	261	130	326	153	77	188	133	125	192	264	162	190	220	68	145	193	125	|
|219	301	237	175	349	169	0	157	257	223	244	157	105	334	180	62	175	61	177	63	233	264	334	118	221	61	317	112	136	312	85	|
|120	204	334	130	438	214	157	0	402	348	88	90	173	438	336	115	307	100	269	220	172	338	406	122	130	218	224	204	69	403	101	|
|412	465	157	348	210	253	257	402	0	88	486	359	245	166	129	287	266	303	178	204	386	208	239	370	406	207	473	212	354	187	304	|
|339	384	70	275	151	173	223	348	88	0	427	291	179	120	166	234	290	254	96	187	306	123	166	342	332	190	391	145	291	119	247	|
|129	187	404	174	502	276	244	88	486	427	0	142	248	508	424	200	390	187	342	308	193	400	464	192	142	306	207	281	136	469	182	|
|63	145	263	40	360	134	157	90	359	291	142	0	114	366	321	95	331	99	202	212	90	258	323	186	65	211	163	148	27	327	72	|
|169	232	162	107	269	64	105	173	245	179	248	114	0	266	222	71	268	94	97	131	155	173	244	203	164	132	245	34	113	233	73	|
|401	424	105	339	48	233	334	438	166	120	508	366	266	0	280	332	409	355	169	305	353	117	96	452	391	308	425	237	374	49	339	|
|383	454	227	326	316	261	180	336	129	166	424	321	222	280	0	231	137	238	208	116	376	277	331	272	381	118	467	197	307	285	253	|
|158	238	229	114	339	130	62	115	287	234	200	95	71	332	231	0	238	23	164	118	171	243	314	134	159	117	255	95	77	302	23	|
|393	475	339	351	441	326	175	307	266	290	390	331	268	409	137	238	0	232	300	138	408	383	445	204	395	136	492	258	308	406	260	|
|161	245	251	125	362	153	61	100	303	254	187	99	94	355	238	23	232	0	187	123	183	267	338	111	164	121	262	117	77	325	34	|
|246	289	65	181	175	77	177	269	178	96	342	202	97	169	208	164	300	187	0	168	210	87	157	290	238	171	296	70	206	138	170	|
|275	352	217	224	328	188	63	220	204	187	308	212	131	305	116	118	138	123	168	0	279	255	322	166	275	3	367	120	195	291	141	|
|64	80	259	58	335	133	233	172	386	306	193	90	155	353	376	171	408	183	210	279	0	236	289	276	51	279	90	182	117	307	150	|
|287	307	53	228	102	125	264	338	208	123	400	258	173	117	277	243	383	267	87	255	236	0	71	374	276	257	308	153	270	71	245	|
|345	352	107	290	55	192	334	406	239	166	464	323	244	96	331	314	445	338	157	322	289	71	0	445	334	325	350	224	337	54	315	|
|235	321	352	222	465	264	118	122	370	342	192	186	203	452	272	134	204	111	290	166	276	374	445	0	243	164	341	221	159	428	142	|
|13	81	293	58	377	162	221	130	406	332	142	65	164	391	381	159	395	164	238	275	51	276	334	243	0	274	100	196	89	347	136	|
|274	352	220	224	330	190	61	218	207	190	306	211	132	308	118	117	136	121	171	3	279	257	325	164	274	0	367	122	194	294	140	|
|106	20	339	143	401	220	317	224	473	391	207	163	245	425	467	255	492	262	296	367	90	308	350	341	100	367	0	272	188	377	232	|
|201	261	134	138	245	68	112	204	212	145	281	148	34	237	197	95	258	117	70	120	182	153	224	221	196	122	272	0	146	208	103	|
|85	170	270	65	371	145	136	69	354	291	136	27	113	374	307	77	308	77	206	195	117	270	337	159	89	194	188	146	0	337	54	|
|358	376	75	297	37	193	312	403	187	119	469	327	233	49	285	302	406	325	138	291	307	71	54	428	347	294	377	208	337	0	306	|
|135	215	235	92	342	125	85	101	304	247	182	72	73	339	253	23	260	34	170	141	150	245	315	142	136	140	232	103	54	306	0	|

--------------------------------------------------------------------------------
Building model...
	using lazy and cut (CVRPSEP package)
Solving IRP LP...
--------------------------------------------------------------------------------

Gurobi 9.1.0 (linux64) logging started Sat Jan  9 18:08:33 2021

Gurobi Optimizer version 9.1.0 build v9.1.0rc0 (linux64)
Thread count: 32 physical cores, 32 logical processors, using up to 2 threads
Optimize a model with 1135 rows, 4858 columns and 11491 nonzeros
Model fingerprint: 0xc6afabad
Variable types: 394 continuous, 4464 integer (279 binary)
Coefficient statistics:
  Matrix range     [1e+00, 8e+02]
  Objective range  [1e-01, 5e+02]
  Bounds range     [1e+00, 3e+02]
  RHS range        [1e+01, 4e+03]
Presolve removed 463 rows and 175 columns
Presolve time: 0.07s
Presolved: 672 rows, 4683 columns, 10372 nonzeros
Variable types: 297 continuous, 4386 integer (4104 binary)

Root relaxation: objective 8.902980e+03, 755 iterations, 0.01 seconds

    Nodes    |    Current Node    |     Objective Bounds      |     Work
 Expl Unexpl |  Obj  Depth IntInf | Incumbent    BestBd   Gap | It/Node Time

     0     0 8902.98019    0   98          - 8902.98019      -     -    0s
     0     0 9220.24281    0  107          - 9220.24281      -     -    0s
     0     0 9226.93284    0   94          - 9226.93284      -     -    0s
     0     0 9228.97556    0  101          - 9228.97556      -     -    0s
     0     0 9230.33750    0  107          - 9230.33750      -     -    0s
     0     0 9694.93154    0  159          - 9694.93154      -     -    0s
     0     0 9703.79697    0  161          - 9703.79697      -     -    0s
     0     0 9703.79697    0  162          - 9703.79697      -     -    0s
     0     0 9809.32144    0  171          - 9809.32144      -     -    0s
     0     0 9823.86964    0  162          - 9823.86964      -     -    0s
     0     0 9823.96339    0  174          - 9823.96339      -     -    0s
     0     0 9845.13819    0  170          - 9845.13819      -     -    0s
     0     0 9852.00039    0  167          - 9852.00039      -     -    0s
     0     0 9853.35466    0  185          - 9853.35466      -     -    0s
     0     0 9853.35466    0  192          - 9853.35466      -     -    0s
     0     0 9869.82605    0  146          - 9869.82605      -     -    0s
     0     0 9875.25695    0  195          - 9875.25695      -     -    0s
     0     0 9878.22201    0  216          - 9878.22201      -     -    0s
     0     0 9878.50913    0  179          - 9878.50913      -     -    0s
     0     0 9899.33006    0  186          - 9899.33006      -     -    1s
     0     0 9903.40286    0  179          - 9903.40286      -     -    1s
     0     0 9908.64727    0  252          - 9908.64727      -     -    1s
     0     0 9910.09909    0  263          - 9910.09909      -     -    1s
     0     0 9910.15320    0  264          - 9910.15320      -     -    1s
     0     0 9914.45456    0  213          - 9914.45456      -     -    1s
     0     0 9914.45456    0  176          - 9914.45456      -     -    1s
     0     2 9915.20869    0  113          - 9915.20869      -     -    1s
   158   174 10476.4457   35  137          - 9927.30923      -   167    5s
   674   633 12711.0823  157   20          - 9927.30923      -  74.7   10s
   772   700 10025.2049   13  265          - 9999.37103      -  69.9   15s
   803   721 11923.9519  152  314          - 10011.2850      -  67.2   20s
   836   744 11852.6940  144  257          - 10019.8776      -  81.9   25s
   859   759 13485.9500  217  356          - 10022.6883      -  79.7   30s
   900   793 10090.8062   42  307          - 10039.7881      -  98.3   35s
  1012   871 10373.9931   68  199          - 10039.7881      -   117   40s
  1174   993 10470.1626   94  224          - 10039.7881      -   122   45s
  1431  1185 11545.3099  147  121          - 10039.7881      -   119   50s
H 1474  1132                    12264.190000 10039.7881  18.1%   118   50s
* 1579  1116             239    11697.690000 10039.7881  14.2%   115   53s
* 1622  1016             255    11662.370000 10039.9868  13.9%   115   54s
  1634  1016 10124.5148   35  282 11662.3700 10039.9868  13.9%   114   55s
  1826  1007 10232.8002   53  182 11662.3700 10039.9868  13.9%   111   60s
  1882  1059 10319.6621   65  171 11662.3700 10039.9868  13.9%   113   65s
  1975  1103 10461.3277   86  116 11662.3700 10039.9868  13.9%   115   70s
  2081  1183 10582.8864  105  110 11662.3700 10039.9868  13.9%   116   77s
  2131  1247 10627.2283  117  146 11662.3700 10039.9868  13.9%   116   80s
  2302  1413 10989.4904  162   76 11662.3700 10039.9868  13.9%   114   85s
  2585  1507 11274.2506  241   48 11662.3700 10067.5220  13.7%   110   91s
  2736  1682 10319.7751   49  104 11662.3700 10067.5220  13.7%   111   97s
  2877  1754 10704.9485   74   87 11662.3700 10067.5220  13.7%   108  101s
  3119  1899 11231.6224  291   40 11662.3700 10067.5220  13.7%   104  105s
  3251  2136 11339.8182  212   55 11662.3700 10069.7064  13.7%   102  110s
  3452  2256 10587.1272   74   82 11662.3700 10069.9268  13.7%   101  115s
  3626  2470 11094.6299  224   84 11662.3700 10075.0935  13.6%   100  120s
  3837  2711 10744.6573   66  112 11662.3700 10075.0935  13.6%  99.3  127s
  4003  2919 11202.5518  133  114 11662.3700 10075.2990  13.6%  98.0  130s
  4305  3073 10604.3520   47  178 11662.3700 10081.3909  13.6%  96.1  136s
  4430  3187 10862.6498   61   27 11662.3700 10082.4239  13.5%  96.2  140s
  4735  3368 11549.9069  212   37 11662.3700 10090.4807  13.5%  94.4  145s
  5012  3813 10224.9073   44  262 11662.3700 10093.1849  13.5%  92.1  153s
  5227  3907 10829.4478   81  256 11662.3700 10093.1849  13.5%  90.6  157s
  5322  3986 11401.8230  151  107 11662.3700 10103.7823  13.4%  91.4  160s
  5413  4290 10754.3690   70  180 11662.3700 10103.8075  13.4%  92.8  165s
  5763  4456 10492.5487   50  160 11662.3700 10105.2076  13.4%  89.7  170s
  5929  4677 11093.4317  164  173 11662.3700 10105.2417  13.4%  89.8  175s
  6218  4826 11101.1940   57   33 11662.3700 10108.3504  13.3%  89.1  180s
  6453  4942 11565.2096   78   35 11662.3700 10109.2368  13.3%  89.1  185s
  6665  5259 10650.1503   70  212 11662.3700 10117.4733  13.2%  89.2  193s
  6847  5388 10270.3860   40  311 11662.3700 10122.2328  13.2%  89.0  198s
  6976  5584 10690.3406   84   49 11662.3700 10122.5552  13.2%  88.8  203s
  7202  5848 10393.8625   57  187 11662.3700 10124.5931  13.2%  88.2  208s
  7494  5940 10226.1773   37  183 11662.3700 10125.9800  13.2%  87.0  213s
  7587  6229 10728.9673   88   31 11662.3700 10127.0961  13.2%  88.3  219s
  7707  6229 11062.0512  208   63 11662.3700 10127.0961  13.2%  87.3  220s
  7896  6407 10613.8370   56  146 11662.3700 10127.0961  13.2%  87.3  225s
  8201  6639     cutoff   89      11662.3700 10129.5756  13.1%  86.7  230s
  8483  6831 11165.0950  123   89 11662.3700 10133.8637  13.1%  85.9  235s
  8705  6953 10548.6642   51  188 11662.3700 10136.8714  13.1%  85.6  241s
  8855  7021 10418.2023   40  228 11662.3700 10136.9702  13.1%  86.0  247s
  8923  7300 10723.8209   62  194 11662.3700 10136.9702  13.1%  86.6  253s
  9243  7625 11126.6000   97   12 11662.3700 10138.6093  13.1%  85.4  258s
  9522  7644 11071.4052  110  130 11662.3700 10138.7749  13.1%  84.1  260s
  9783  7774 10442.1066   44  157 11662.3700 10140.1352  13.1%  84.1  265s
  9791  7872 10770.8876   72  100 11662.3700 10140.1352  13.1%  84.2  282s
H 9838  7843                    11638.250000 10140.1352  12.9%  84.2  282s
  9889  7946 11471.0349  121   53 11638.2500 10140.1666  12.9%  84.2  287s
 10018  8051     cutoff  129      11638.2500 10140.5351  12.9%  84.8  292s
H10186  7376                    11416.980000 10141.9996  11.2%  85.1  297s
 10377  7479 11118.8701   82   43 11416.9800 10146.5115  11.1%  85.3  302s
 10549  7638 11292.4000  109   19 11416.9800 10147.9927  11.1%  85.2  307s
 10727  7839     cutoff  132      11416.9800 10148.6804  11.1%  85.4  312s
 10935  8071 10767.3198  146   71 11416.9800 10149.9507  11.1%  85.3  317s
 11197  8383 10455.6223   47  158 11416.9800 10151.0389  11.1%  84.8  323s
 11534  8578 10359.8235   37  183 11416.9800 10151.0389  11.1%  83.8  329s
 11576  8578 10769.6069   79   36 11416.9800 10151.0389  11.1%  83.9  330s
 11889  8813     cutoff  204      11416.9800 10158.1639  11.0%  84.2  339s
 12050  9023 10477.3290   53  216 11416.9800 10158.9305  11.0%  84.6  344s
 12134  9023 10864.7348  137   89 11416.9800 10158.9305  11.0%  84.5  345s
 12431  9521 10606.8958   51  169 11416.9800 10162.2923  11.0%  84.7  355s
 12798  9649 10818.1067   66  119 11416.9800 10164.1396  11.0%  83.6  360s
 12958  9893 10486.9305   73   71 11416.9800 10165.4297  11.0%  83.9  365s
 13231 10090 10311.1824   36  223 11416.9800 10165.4394  11.0%  83.5  370s
 13438 10218 11213.6587  119   78 11416.9800 10165.7171  11.0%  83.5  376s
 13618 10443     cutoff   92      11416.9800 10166.0747  11.0%  83.8  381s
 13866 10662 11057.6758  141   30 11416.9800 10176.8081  10.9%  83.5  386s
 14132 10792     cutoff  162      11416.9800 10177.8832  10.9%  83.0  392s
 14279 10972 11330.4991  105   21 11416.9800 10179.3447  10.8%  83.2  397s
 14500 11091     cutoff  135      11416.9800 10181.0105  10.8%  83.2  401s
 14630 11506 10664.6146   84   50 11416.9800 10181.9377  10.8%  83.7  407s
 15074 11612 10726.8328   69  153 11416.9800 10183.4850  10.8%  82.4  413s
 15205 11824 10687.1837   57  185 11416.9800 10183.6221  10.8%  82.8  418s
 15435 11974 11216.5592  166   44 11416.9800 10184.1126  10.8%  82.7  424s
 15582 11978 11077.9600   96   10 11416.9800 10184.2036  10.8%  82.8  425s
 15788 12149     cutoff  121      11416.9800 10184.5690  10.8%  82.9  433s
 15886 12271 11073.6701   92   41 11416.9800 10185.2121  10.8%  83.4  437s
 16041 12370     cutoff  122      11416.9800 10186.2472  10.8%  83.4  442s
 16151 12442 11072.8628   85   54 11416.9800 10187.3581  10.8%  83.8  447s
 16243 12562 10539.2388   51  199 11416.9800 10188.1891  10.8%  84.2  452s
 16381 12625     cutoff  118      11416.9800 10188.3998  10.8%  84.4  456s
 16454 12787 11158.9512   91   81 11416.9800 10188.7667  10.8%  84.8  461s
 16626 12950 10624.5837   55  294 11416.9800 10189.8263  10.7%  84.9  466s
 16813 13175 10418.7520   37  255 11416.9800 10190.0469  10.7%  84.9  472s
 17082 13322 11406.0361  123    9 11416.9800 10190.7173  10.7%  84.6  477s
 17234 13409     cutoff  125      11416.9800 10193.2525  10.7%  84.8  482s
 17355 13559 10804.0937   59  183 11416.9800 10193.6546  10.7%  85.1  486s
 17519 13709 10814.3378   74   95 11416.9800 10194.4611  10.7%  85.3  491s
 17724 13884     cutoff   96      11416.9800 10195.0478  10.7%  85.2  497s
 17891 14086 10745.0071  157   46 11416.9800 10195.4062  10.7%  85.3  502s
 18129 14199 11018.7111   67   77 11416.9800 10196.2453  10.7%  85.0  507s
 18276 14333 infeasible   99      11416.9800 10197.4595  10.7%  85.2  512s
 18424 14492 11140.2587  104    8 11416.9800 10199.3325  10.7%  85.5  517s
 18602 14648 10724.9896   86   53 11416.9800 10199.6229  10.7%  85.5  522s
 18791 14880 10785.2701   57   49 11416.9800 10200.5411  10.7%  85.5  528s
 19082 15012 10962.8156   74   35 11416.9800 10201.1881  10.6%  85.1  533s
 19236 15132     cutoff   96      11416.9800 10202.1427  10.6%  85.3  537s
 19356 15247 10815.5055  103   51 11416.9800 10204.0121  10.6%  85.5  542s
 19491 15328 10815.2091   77   88 11416.9800 10204.2356  10.6%  85.7  546s
 19605 15489     cutoff  133      11416.9800 10204.8155  10.6%  85.8  551s
 19800 15602 10486.7232   51  195 11416.9800 10205.4450  10.6%  85.9  556s
 19931 15826 10852.5184   60   90 11416.9800 10206.5575  10.6%  86.0  561s
 20188 15989 infeasible   86      11416.9800 10208.3115  10.6%  85.7  566s
 20423 16078 10749.8138   73  143 11416.9800 10208.4100  10.6%  85.5  571s
 20523 16158 10600.1524   49  220 11416.9800 10209.9652  10.6%  85.8  575s
 20629 16265 10422.5774   39  277 11416.9800 10209.9936  10.6%  86.1  580s
 20742 16435 10561.7391   57   66 11416.9800 10210.0624  10.6%  86.4  585s
 20940 16567 10839.9000   58  192 11416.9800 10211.2512  10.6%  86.3  590s
 21129 16618 10574.2386   42  218 11416.9800 10211.3577  10.6%  86.7  595s
 21276 16819 11191.4520   77   66 11416.9800 10211.5904  10.6%  87.2  604s
 21420 16956 10720.7342   58  168 11416.9800 10213.1214  10.5%  87.4  609s
 21593 17045 10534.8764   44  226 11416.9800 10215.0296  10.5%  87.5  614s
 21703 17132 10499.7321   47  191 11416.9800 10216.4844  10.5%  87.8  618s
 21802 17255     cutoff   82      11416.9800 10217.2076  10.5%  88.1  623s
 21950 17325 11262.8073   73   91 11416.9800 10217.4136  10.5%  88.3  628s
 22035 17442 10918.6850   61  129 11416.9800 10217.6632  10.5%  88.6  632s
 22169 17741 10602.9787   81   47 11416.9800 10218.4440  10.5%  88.9  638s
 22525 17883 11382.5122  132   84 11416.9800 10218.8097  10.5%  88.3  643s
 22715 17993     cutoff  136      11416.9800 10220.1532  10.5%  88.3  648s
 22841 18011 11049.6299   81  143 11416.9800 10220.7549  10.5%  88.6  655s
 22997 18267 11303.7001   70   33 11416.9800 10222.1052  10.5%  88.7  664s
 23180 18395 11371.7250   75   62 11416.9800 10222.6904  10.5%  88.8  669s
 23327 18533 10564.3677   43  241 11416.9800 10223.4634  10.5%  89.0  674s
 23478 18656 11313.6389  142   26 11416.9800 10224.7084  10.4%  89.1  678s
 23630 18776 10394.7458   43  197 11416.9800 10225.1141  10.4%  89.2  683s
 23770 18842 11047.6388   60  100 11416.9800 10225.6010  10.4%  89.5  688s
 23875 18964 10661.3291   51  158 11416.9800 10226.2179  10.4%  89.8  693s
 24033 19173     cutoff  123      11416.9800 10226.4369  10.4%  90.0  698s
 24265 19330     cutoff  150      11416.9800 10226.9547  10.4%  89.8  703s
 24434 19438 11165.5627   88   71 11416.9800 10227.8379  10.4%  89.8  709s
 24553 19725 10689.6923   57   75 11416.9800 10228.4005  10.4%  90.1  715s
 24914 19881 11232.5401  117   44 11416.9800 10228.7503  10.4%  89.5  720s
 25103 19949     cutoff  131      11416.9800 10229.3811  10.4%  89.5  725s
 25174 20075 11174.7797   84   30 11416.9800 10229.7695  10.4%  89.7  730s
 25342 20213 10825.2305   65   58 11416.9800 10230.2792  10.4%  89.9  735s
 25503 20349 10681.0438   59  173 11416.9800 10230.8484  10.4%  89.9  740s
 25667 20455 10562.1743   48  186 11416.9800 10231.0900  10.4%  90.0  746s
 25797 20515 11186.7501   65   84 11416.9800 10232.3006  10.4%  90.2  751s
 25877 20577 10911.4784   61   99 11416.9800 10233.0305  10.4%  90.5  756s
 25984 20668 infeasible  100      11416.9800 10233.0580  10.4%  90.7  760s
 26094 20765 10950.5175   79   34 11416.9800 10233.6678  10.4%  91.0  765s
 26225 20892     cutoff   67      11416.9800 10233.8887  10.4%  91.1  770s
 26388 21089     cutoff   76      11416.9800 10234.7283  10.4%  91.2  777s
 26633 21166 infeasible  119      11416.9800 10235.7419  10.3%  91.1  782s
 26722 21405 11081.1334   95   28 11416.9800 10236.9695  10.3%  91.3  788s
 26987 21617 10461.0093   42  140 11416.9800 10237.5089  10.3%  91.1  794s
 27235 21784 10415.3338   38  202 11416.9800 10238.0569  10.3%  90.8  800s
 27434 21867     cutoff  130      11416.9800 10238.7128  10.3%  90.8  805s
 27531 21970 10591.7233   56  154 11416.9800 10239.0230  10.3%  91.1  810s
 27657 22068 10563.5809   56  191 11416.9800 10239.0993  10.3%  91.2  815s
 27755 22209 10892.7933   73  200 11416.9800 10239.3585  10.3%  91.5  821s
 27950 22305 11373.8492  136   56 11416.9800 10239.4691  10.3%  91.5  826s
 28077 22450     cutoff  141      11416.9800 10240.1373  10.3%  91.7  832s
 28240 22560 10432.2901   41  225 11416.9800 10240.1373  10.3%  91.8  837s
 28360 22670 11328.0095  104   30 11416.9800 10241.3682  10.3%  91.9  842s
 28500 22894 10748.7978   69  175 11416.9800 10241.4068  10.3%  92.0  848s
 28744 23097 10839.6559   98   49 11416.9800 10241.5588  10.3%  91.8  854s
 28969 23177 11090.3667  109   71 11416.9800 10242.2941  10.3%  91.7  859s
 29009 23177 11391.5921  149   42 11416.9800 10242.2941  10.3%  91.6  860s
 29100 23287 10654.5581   59  101 11416.9800 10244.0181  10.3%  91.9  865s
 29223 23428 11018.3687  104   27 11416.9800 10244.0952  10.3%  92.0  870s
 29386 23620 10735.0939   68   68 11416.9800 10244.3258  10.3%  92.1  876s
 29611 23770     cutoff  149      11416.9800 10244.4431  10.3%  92.0  882s
 29786 23900 11014.4709   72  108 11416.9800 10244.5673  10.3%  92.0  888s
 29953 24025 11383.3925  132   47 11416.9800 10244.9396  10.3%  92.1  893s
 30105 24082     cutoff  141      11416.9800 10245.7647  10.3%  92.2  898s
 30179 24230 10879.8493   69  167 11416.9800 10246.9525  10.2%  92.5  903s
 30367 24457 10631.6040  136   49 11416.9800 10247.1389  10.2%  92.4  908s
 30613 24543 10775.6137   57   48 11416.9800 10247.8216  10.2%  92.2  914s
 30707 24548 11399.3388   94    4 11416.9800 10247.8216  10.2%  92.2  915s
 30863 24699 10875.4683   65  137 11416.9800 10248.6818  10.2%  92.4  924s
 30957 24780 10439.2169   42  203 11416.9800 10249.0591  10.2%  92.6  929s
 31054 24868 10560.7312   50  247 11416.9800 10249.0591  10.2%  92.9  936s
 31286 24940 10584.2338   59  175 11416.9800 10249.0591  10.2%  92.7  941s
 31378 25129 10717.5653   78  140 11416.9800 10249.0591  10.2%  93.0  947s
 31577 25215 10758.7543  105   71 11416.9800 10249.6650  10.2%  93.0  952s
 31689 25308 10710.6554   49  146 11416.9800 10250.2250  10.2%  93.2  957s
 31810 25385     cutoff   73      11416.9800 10250.3957  10.2%  93.3  962s
 31919 25480 10299.0297   41  336 11416.9800 10251.4861  10.2%  93.4  968s
 32022 25632 10856.5702   84   70 11416.9800 10251.7062  10.2%  93.6  973s
 32205 25747 10792.2937   90  124 11416.9800 10251.7925  10.2%  93.6  978s
 32337 25814 11315.8514   71  133 11416.9800 10252.6325  10.2%  93.7  984s
 32420 25938 10837.2607   48  169 11416.9800 10252.6325  10.2%  93.9  989s
 32505 25942 10826.0208   89   29 11416.9800 10252.6325  10.2%  94.1  990s
 32604 26062 11326.2913   65  100 11416.9800 10252.8042  10.2%  94.0  995s
 32764 26248 infeasible   84      11416.9800 10253.1672  10.2%  94.0 1001s
 32964 26373 10864.5905   76   36 11416.9800 10254.7610  10.2%  93.9 1006s
 33116 26510 10756.1508   50  114 11416.9800 10255.0232  10.2%  94.0 1011s
 33288 26573 11157.7550   97   50 11416.9800 10255.2309  10.2%  94.0 1016s
 33373 26649 10790.4850   52  218 11416.9800 10255.7810  10.2%  94.2 1021s
 33473 26699 11034.6921   63   80 11416.9800 10255.7810  10.2%  94.4 1026s
 33532 26831     cutoff   74      11416.9800 10256.2843  10.2%  94.7 1032s
 33719 26981 10539.0629   48  171 11416.9800 10256.2843  10.2%  94.6 1039s
 33888 26989 11382.5474   69  132 11416.9800 10256.2843  10.2%  94.7 1040s
 33901 27215 10668.2920   66   76 11416.9800 10256.2843  10.2%  94.7 1045s
 34173 27326     cutoff  128      11416.9800 10256.8966  10.2%  94.5 1052s
 34317 27443 11018.5596  102   73 11416.9800 10257.1125  10.2%  94.5 1056s
 34457 27586 10811.0903   69   94 11416.9800 10257.3388  10.2%  94.6 1062s
 34630 27672 10485.3872   52  208 11416.9800 10258.1862  10.1%  94.5 1067s
 34751 27714 10468.8206   44  149 11416.9800 10258.2373  10.1%  94.6 1073s
 34793 27896 10694.5259   58  121 11416.9800 10258.2373  10.1%  94.8 1078s
 35023 28076 10911.7793   69   25 11416.9800 10258.4944  10.1%  94.7 1084s
 35064 28077 11026.0196   93   24 11416.9800 10258.4944  10.1%  94.7 1085s
 35229 28195 11049.0923   76   19 11416.9800 10258.4993  10.1%  94.6 1090s
 35369 28377 10872.9382   82  172 11416.9800 10259.9773  10.1%  94.6 1096s
 35586 28519 10535.8710   51   42 11416.9800 10260.6119  10.1%  94.5 1102s
 35750 28639 11388.3861  142   16 11416.9800 10261.2427  10.1%  94.5 1109s
 35907 28762 10560.9617   55  189 11416.9800 10261.2783  10.1%  94.5 1115s
 36034 28895 11249.6491  102   47 11416.9800 10261.3766  10.1%  94.7 1120s
 36194 29094 10718.4492   64   81 11416.9800 10261.9647  10.1%  94.7 1126s
 36418 29171     cutoff  136      11416.9800 10262.3830  10.1%  94.5 1132s
 36526 29333 10649.9668   44  190 11416.9800 10262.5601  10.1%  94.7 1137s
 36693 29426 11162.3526   98  122 11416.9800 10262.7450  10.1%  94.7 1143s
 36821 29506 10826.1245   74  193 11416.9800 10263.3309  10.1%  94.8 1148s
 36942 29591 10582.0000   65  162 11416.9800 10263.3662  10.1%  94.9 1153s
 37028 29699 11296.0756   81   29 11416.9800 10265.3684  10.1%  95.1 1159s
 37189 29810 infeasible   86      11416.9800 10265.6457  10.1%  95.1 1165s
 37355 29938 10837.7524   71  178 11416.9800 10265.7402  10.1%  95.1 1171s
 37496 30046 10705.1853   52  232 11416.9800 10265.9857  10.1%  95.2 1177s
 37639 30141 11279.2556   96   69 11416.9800 10266.3241  10.1%  95.2 1183s
 37752 30246 10926.9050   69  175 11416.9800 10266.4069  10.1%  95.4 1188s
 37883 30293 10818.2574   49  139 11416.9800 10266.5481  10.1%  95.5 1194s
 37931 30381 10936.4168   66  114 11416.9800 10267.2073  10.1%  95.7 1199s
 38048 30473 10728.2855   68  124 11416.9800 10267.9795  10.1%  95.8 1204s
 38166 30543 10773.0075   64  193 11416.9800 10268.4999  10.1%  95.9 1209s
 38244 30613 infeasible   98      11416.9800 10268.8043  10.1%  96.0 1213s
 38331 30657 10528.1989   45  348 11416.9800 10269.5568  10.1%  96.2 1218s
 38385 30779 10942.5807   59  161 11416.9800 10270.1323  10.0%  96.3 1223s
 38531 30835 10387.2557   46  233 11416.9800 10270.1883  10.0%  96.4 1229s
 38582 30928 10942.6662   62   92 11416.9800 10270.1952  10.0%  96.6 1234s
 38716 30987     cutoff   83      11416.9800 10270.5116  10.0%  96.7 1239s
 38775 31245 10685.9571   81   44 11416.9800 10270.6200  10.0%  96.9 1246s
 39074 31331 infeasible  225      11416.9800 10271.2306  10.0%  96.6 1252s
 39171 31374 11085.9291   91   46 11416.9800 10271.7102  10.0%  96.7 1258s
 39224 31471 10996.5317   82  223 11416.9800 10272.0132  10.0%  96.7 1263s
 39362 31589 infeasible  139      11416.9800 10272.2876  10.0%  96.8 1270s
 39501 31766 11071.2537   77   76 11416.9800 10273.0561  10.0%  96.8 1277s
 39740 31873     cutoff  144      11416.9800 10273.4667  10.0%  96.7 1282s
 39861 32002 10731.7760   67  139 11416.9800 10273.6262  10.0%  96.8 1289s
 40007 32101 10690.0592   52  256 11416.9800 10273.9201  10.0%  96.9 1295s
 40138 32238 10466.0686   56  292 11416.9800 10273.9385  10.0%  97.0 1300s
 40285 32357 11111.5276  113   84 11416.9800 10273.9938  10.0%  97.0 1306s
 40425 32407 11192.3246   58  188 11416.9800 10274.3625  10.0%  97.1 1311s
 40499 32609 10688.6675   54  193 11416.9800 10274.5949  10.0%  97.2 1317s
 40732 32666     cutoff  146      11416.9800 10274.8610  10.0%  97.1 1324s
 40807 32799 10886.0124   87  117 11416.9800 10274.9110  10.0%  97.3 1330s
 40958 32901 10953.5099   48   95 11416.9800 10275.6596  10.0%  97.3 1336s
 41095 33058 10557.1231   56  202 11416.9800 10275.7586  10.0%  97.4 1342s
 41257 33172 11039.5341  129   97 11416.9800 10276.2523  10.0%  97.4 1348s
 41422 33211 10473.4687   49  259 11416.9800 10276.6154  10.0%  97.4 1353s
 41476 33298 10666.5085   64   95 11416.9800 10276.6154  10.0%  97.6 1359s
 41516 33298 10804.4101   94   56 11416.9800 10276.6154  10.0%  97.6 1360s
 41562 33427 10931.4024   99   14 11416.9800 10277.8021  10.0%  97.7 1365s
 41731 33486     cutoff  154      11416.9800 10277.9358  10.0%  97.7 1371s
 41802 33621 11127.8286   75   76 11416.9800 10278.1541  10.0%  97.8 1378s
 41978 33721 11219.9827   98   44 11416.9800 10278.2677  10.0%  97.8 1384s
 42091 33805     cutoff  115      11416.9800 10278.5483  10.0%  97.9 1389s
 42122 33805 11160.9779   79   79 11416.9800 10278.5601  10.0%  98.0 1390s
 42186 33955 10789.8308   63  133 11416.9800 10278.8057  10.0%  98.1 1395s
 42348 34083 10613.6583   61  174 11416.9800 10278.9886  10.0%  98.1 1401s
 42502 34240 10662.7411   52  193 11416.9800 10279.5641  10.0%  98.2 1408s
 42700 34342 10429.9563   44  182 11416.9800 10280.0543  10.0%  98.1 1414s
 42814 34513 10750.5739   65   69 11416.9800 10280.0543  10.0%  98.2 1421s
 43001 34657 11278.9406  140   33 11416.9800 10280.6829  10.0%  98.2 1427s
 43188 34797     cutoff  147      11416.9800 10281.0351  9.95%  98.1 1434s
 43350 34936 10603.0163   62  171 11416.9800 10281.1287  9.95%  98.1 1439s
 43390 34936 10950.8950   89   46 11416.9800 10281.1287  9.95%  98.2 1440s
 43489 35048 11007.6647   92   45 11416.9800 10281.3335  9.95%  98.2 1446s
 43639 35191 10692.7751   64  194 11416.9800 10282.0481  9.94%  98.2 1452s
 43804 35380 10781.3836   60   68 11416.9800 10282.2068  9.94%  98.2 1459s
 43924 35380 11117.0417  180   42 11416.9800 10282.2068  9.94%  98.0 1460s
 44013 35451 10598.5872   49  176 11416.9800 10282.3786  9.94%  98.0 1465s
 44088 35501 11074.0096   63   41 11416.9800 10282.8612  9.93%  98.2 1471s
 44184 35585 10887.7149   66  238 11416.9800 10283.1731  9.93%  98.3 1477s
 44278 35701 10492.6522   51  177 11416.9800 10283.1731  9.93%  98.4 1482s
 44408 35880 11174.0824  101  154 11416.9800 10283.2264  9.93%  98.5 1489s
 44493 35880 11034.8244  115   51 11416.9800 10283.2264  9.93%  98.4 1490s
 44650 35951 11065.9039   86   31 11416.9800 10283.5552  9.93%  98.4 1495s
 44727 36025     cutoff   95      11416.9800 10283.6678  9.93%  98.5 1501s
 44806 36084 11282.9186   93   21 11416.9800 10284.1655  9.92%  98.7 1506s
 44892 36234 10996.9511   68   95 11416.9800 10284.3675  9.92%  98.8 1512s
 45084 36313     cutoff   88      11416.9800 10284.7951  9.92%  98.7 1518s
 45200 36389 10965.9942   86   41 11416.9800 10286.1647  9.90%  98.8 1527s
 45305 36445     cutoff   96      11416.9800 10286.8199  9.90%  98.9 1533s
 45367 36541 11144.8175   76   38 11416.9800 10287.1551  9.90%  99.0 1539s
 45522 36715 10764.7984   67  179 11416.9800 10287.4585  9.89%  99.0 1545s
 45734 36818 10772.6874   69  100 11416.9800 10287.9277  9.89%  99.0 1551s
 45854 36915 10752.3808   80  119 11416.9800 10288.0868  9.89%  99.0 1557s
 45985 36999 11157.1793   55  150 11416.9800 10288.3323  9.89%  99.1 1563s
 46096 37067     cutoff   74      11416.9800 10288.7550  9.88%  99.2 1569s
 46126 37067 10745.1479   62  212 11416.9800 10288.8210  9.88%  99.3 1572s
 46181 37136 11358.0291   72  170 11416.9800 10288.8905  9.88%  99.3 1578s
 46270 37211 10590.1518   56  277 11416.9800 10289.1198  9.88%  99.4 1585s
 46355 37278 11047.8912   90  163 11416.9800 10289.7032  9.87%   100 1590s
 46437 37420 10841.2085   57  169 11416.9800 10289.9266  9.87%   100 1596s
 46603 37536 10885.6012   54   90 11416.9800 10290.6579  9.87%   100 1602s
 46741 37704 10874.8180   56  187 11416.9800 10291.1190  9.86%   100 1612s
 46916 37818     cutoff  175      11416.9800 10291.4692  9.86%   100 1618s
 47052 37956 11036.5995   94  106 11416.9800 10291.5961  9.86%   100 1624s
 47219 38095 10652.6083   48  217 11416.9800 10292.4385  9.85%   100 1630s
 47371 38238 10550.7201   50  197 11416.9800 10292.4637  9.85%   100 1636s
 47562 38314     cutoff  134      11416.9800 10292.8358  9.85%   100 1643s
 47650 38435 10904.9381   70   68 11416.9800 10293.2866  9.84%   100 1649s
 47809 38528 10675.1879   52  299 11416.9800 10293.2869  9.84%   100 1655s
 47907 38581 11346.9508  130   13 11416.9800 10293.6461  9.84%   100 1661s
 47981 38725     cutoff  133      11416.9800 10295.0947  9.83%   100 1667s
 48136 38816 11186.9600   85   13 11416.9800 10295.4888  9.82%   100 1674s
 48254 38900 10973.6036   88   96 11416.9800 10295.5886  9.82%   100 1680s
 48372 38969 infeasible  111      11416.9800 10295.8712  9.82%   100 1687s
 48446 39086 11093.8201   76   85 11416.9800 10296.0774  9.82%   100 1693s
 48579 39179 10875.2420   71  128 11416.9800 10296.2002  9.82%   100 1699s
 48689 39179 11065.5802  110  124 11416.9800 10296.2310  9.82%   100 1700s
 48760 39373 10854.8815   63  201 11416.9800 10296.2897  9.82%   100 1706s
 48964 39488 10907.6573   77  118 11416.9800 10296.3617  9.82%   100 1713s
 49114 39654 11069.3136   89   70 11416.9800 10296.5016  9.81%   100 1720s
 49299 39755     cutoff  133      11416.9800 10296.9385  9.81%   100 1727s
 49433 39824 10454.4398   38  293 11416.9800 10297.2580  9.81%   100 1733s
 49516 39872     cutoff   70      11416.9800 10297.4690  9.81%   100 1740s
 49576 39918 10626.3920   43  233 11416.9800 10297.5167  9.81%   100 1745s
 49622 40012 10857.5714   56  118 11416.9800 10297.5167  9.81%   101 1752s
 49734 40059 11094.8396   81   70 11416.9800 10297.8178  9.80%   101 1759s
 49792 40062 11144.4321  110   20 11416.9800 10297.8178  9.80%   101 1760s
 49929 40119     cutoff  102      11416.9800 10298.0088  9.80%   101 1766s
 50010 40207     cutoff   84      11416.9800 10298.1354  9.80%   101 1772s
 50110 40344 10983.9857  101    3 11416.9800 10298.2997  9.80%   101 1779s
 50265 40464 10497.7399   42  195 11416.9800 10298.2997  9.80%   101 1786s
 50399 40570 10724.4479   48  106 11416.9800 10298.4538  9.80%   101 1793s
 50513 40640 10971.1542   58  209 11416.9800 10298.6142  9.80%   101 1799s
 50604 40728     cutoff   71      11416.9800 10298.9171  9.79%   101 1805s
 50693 40865 10970.3654   92  154 11416.9800 10298.9471  9.79%   101 1812s
 50927 40933     cutoff  121      11416.9800 10299.2273  9.79%   101 1820s
 51001 41033 10610.9031   58  198 11416.9800 10299.4875  9.79%   101 1827s
 51123 41130 10587.2115   39  226 11416.9800 10299.5630  9.79%   101 1834s
 51239 41245     cutoff   92      11416.9800 10299.6115  9.79%   101 1840s
 51361 41331 11263.0793  117   64 11416.9800 10299.6272  9.79%   101 1846s
 51467 41464 10765.9520   60  199 11416.9800 10299.9972  9.78%   101 1853s
 51626 41540 10557.3705   55  215 11416.9800 10301.0478  9.77%   101 1859s
 51709 41700 10444.6507   46  260 11416.9800 10301.2060  9.77%   102 1866s
 51887 41767 10952.9420  117   33 11416.9800 10301.6759  9.77%   101 1873s
 51975 41835 10852.1452   53  214 11416.9800 10301.8254  9.77%   102 1879s
 52043 41892 11207.1105   66  164 11416.9800 10302.2073  9.76%   102 1885s
 52128 41975 10688.5192   47  174 11416.9800 10302.4599  9.76%   102 1892s
 52242 42045 11375.5142   81   23 11416.9800 10302.8498  9.76%   102 1899s
 52337 42106     cutoff   86      11416.9800 10303.0346  9.76%   102 1905s
 52409 42168 10911.6730   63  151 11416.9800 10303.0758  9.76%   102 1911s
 52495 42253     cutoff   90      11416.9800 10303.2494  9.76%   102 1918s
