




arguments: ./build/mirp_solver -f ./input/orig_exec_54.cfg
Current dir: /scratch/gui/bnc_mirp
File verbosity level: 9
date       time         ( uptime  ) [ thread name/id ]                   file:line     v| 
2021-01-09 04:56:03.351 (   0.654s) [main thread     ]             loguru.cpp:789   INFO| Logging to './output/vi_vr/OU/V3/Original/execution_09_01_2021_04_56_03.log', mode: 'a', verbosity: 9
--------------------------------------------------------------------------------
Parameters
                           instance_path           ./input/Instances/Original/2/
                            model_policy                                       1
                             nb_vehicles                                       3
                              output_dir          ./output/vi_vr/OU/V3/Original/
                            sec_strategy                                       1
                       solver_nb_threads                                       2
                         solver_show_log                                    true
                       solver_time_limit                                    3600
                              use_vi_cos                                   false
                              use_vi_cus                                   false
                         use_vi_hc1_full                                   false
                         use_vi_hc1_half                                   false
                      use_vi_hc1_quarter                                   false
                              use_vi_hc2                                   false
                              use_vi_hc3                                   false
                         use_vi_lex_full                                   false
                         use_vi_lex_half                                   false
                      use_vi_lex_quarter                                   false
                              use_vi_qua                                   false
                               use_vi_vc                                   false
                               use_vi_vr                                    true
--------------------------------------------------------------------------------
executing instance: ./input/Instances/Original/2/absH3high_3n40.dat
--------------------------------------------------------------------------------
Instance details
n	41
H	3
C	3283
Li:
[0, 0, 0, 0, 0, 0, 0, 0, 0, 0, 0, 0, 0, 0, 0, 0, 0, 0, 0, 0, 0, 0, 0, 0, 0, 0, 0, 0, 0, 0, 0, 0, 0, 0, 0, 0, 0, 0, 0, 0, 0, ]
Ui:
[0, 63, 111, 99, 96, 111, 282, 122, 156, 261, 42, 192, 126, 42, 162, 207, 159, 122, 102, 190, 118, 102, 132, 102, 165, 252, 66, 52, 22, 114, 210, 176, 116, 294, 78, 152, 210, 45, 130, 198, 174, ]
Distance matrix:
|0	208	225	252	227	143	258	127	267	150	28	83	163	286	57	149	201	137	214	255	70	73	107	186	328	266	249	343	222	177	293	144	262	215	167	120	169	218	143	173	255	|
|208	0	397	355	416	198	216	99	211	275	193	172	97	166	240	225	362	109	277	314	182	216	273	374	298	208	319	161	14	103	93	120	58	196	152	156	372	227	260	218	453	|
|225	397	0	427	53	364	482	343	492	129	253	225	382	386	171	188	39	291	187	195	295	182	282	55	326	491	180	551	408	315	457	366	455	275	392	244	221	439	341	214	101	|
|252	355	427	0	401	158	201	263	219	396	234	328	259	498	299	400	420	354	465	506	205	324	152	374	574	219	499	393	366	389	446	235	378	456	205	359	224	150	111	423	400	|
|227	416	53	401	0	357	477	352	489	165	253	245	389	424	179	223	85	315	234	245	293	200	264	42	375	488	231	565	428	344	484	370	474	314	392	270	184	430	325	252	50	|
|143	198	364	158	357	0	121	105	134	290	116	196	103	342	200	276	343	205	343	385	74	210	112	319	432	133	382	265	209	237	290	78	226	313	57	220	232	75	69	292	375	|
|258	216	482	201	477	121	0	168	18	397	230	293	135	381	314	372	459	275	437	480	188	317	228	439	501	18	479	197	222	296	290	132	212	386	95	306	347	58	173	381	496	|
|127	99	343	263	352	105	168	0	171	239	105	130	40	237	173	206	313	109	270	312	84	164	175	310	337	169	313	216	112	135	192	37	142	220	77	138	280	155	162	213	382	|
|267	211	492	219	489	134	18	171	0	404	240	298	136	376	323	376	468	276	441	483	198	324	243	450	500	2	483	181	215	294	281	136	202	386	102	309	363	75	189	384	509	|
|150	275	129	396	165	290	397	239	404	0	175	110	279	259	97	59	91	166	84	116	217	80	245	130	226	402	106	434	286	187	329	269	333	149	302	119	244	364	291	87	213	|
|28	193	253	234	253	116	230	105	240	175	0	94	139	286	84	167	229	136	234	275	43	96	98	212	341	238	271	320	206	175	281	118	244	225	140	128	180	191	124	189	280	|
|83	172	225	328	245	196	293	130	298	110	94	0	169	209	77	80	191	71	147	189	127	45	189	203	247	296	187	327	184	106	241	162	230	132	198	38	242	266	217	96	285	|
|163	97	382	259	389	103	135	40	136	279	139	169	0	253	212	244	353	141	307	349	110	203	194	347	366	133	350	183	107	161	187	27	124	251	56	175	306	133	169	249	418	|
|286	166	386	498	424	342	381	237	376	259	286	209	253	0	284	201	347	151	210	230	299	247	383	387	155	374	242	290	162	112	129	270	192	113	308	172	451	386	391	172	471	|
|57	240	171	299	179	200	314	173	323	97	84	77	212	284	0	112	145	147	170	208	127	38	148	137	299	321	201	386	253	183	315	195	297	195	222	112	171	275	195	142	214	|
|149	225	188	400	223	276	372	206	376	59	167	80	244	201	112	0	149	117	67	110	205	78	254	186	187	374	108	387	235	132	272	240	283	93	277	71	279	346	291	32	270	|
|201	362	39	420	85	343	459	313	468	91	229	191	353	347	145	149	0	254	149	160	272	150	271	66	290	466	146	518	373	278	419	339	420	235	367	207	227	418	327	175	135	|
|137	109	291	354	315	205	275	109	276	166	136	71	141	151	147	117	254	0	172	212	151	116	232	273	229	274	215	270	119	39	170	145	167	111	186	47	305	263	245	113	356	|
|214	277	187	465	234	343	437	270	441	84	234	147	307	210	170	67	149	172	0	42	272	141	317	205	144	439	43	437	284	175	307	305	331	99	343	132	327	413	357	60	283	|
|255	314	195	506	245	385	480	312	483	116	275	189	349	230	208	110	160	212	42	0	314	182	356	222	132	481	15	474	321	212	337	347	367	126	385	174	358	455	398	100	295	|
|70	182	295	205	293	74	188	84	198	217	43	127	110	299	127	205	272	151	272	314	0	137	91	253	370	196	310	292	195	188	274	85	226	252	99	155	197	148	94	223	316	|
|73	216	182	324	200	210	317	164	324	80	96	45	203	247	38	78	150	116	141	182	137	0	176	158	263	323	176	369	229	150	286	191	274	157	223	77	208	284	216	106	239	|
|107	273	282	152	264	112	228	175	243	245	98	189	194	383	148	254	271	232	317	356	91	176	0	231	435	242	349	371	286	271	365	167	315	321	164	224	120	174	61	280	274	|
|186	374	55	374	42	319	439	310	450	130	212	203	347	387	137	186	66	273	205	222	253	158	231	0	348	448	208	523	386	303	442	329	431	279	352	229	167	392	291	217	85	|
|328	298	326	574	375	432	501	337	500	226	341	247	366	155	299	187	290	229	144	132	370	263	435	348	0	498	147	441	299	206	283	374	338	119	414	215	465	492	463	157	425	|
|266	208	491	219	488	133	18	169	2	402	238	296	133	374	321	374	466	274	439	481	196	323	242	448	498	0	481	180	213	292	278	134	200	384	100	307	362	75	188	381	508	|
|249	319	180	499	231	382	479	313	483	106	271	187	350	242	201	108	146	215	43	15	310	176	349	208	147	481	0	480	326	217	346	347	373	135	385	175	347	454	392	103	280	|
|343	161	551	393	565	265	197	216	181	434	320	327	183	290	386	387	518	270	437	474	292	369	371	523	441	180	480	0	153	263	163	207	107	352	208	317	487	244	334	379	598	|
|222	14	408	366	428	209	222	112	215	286	206	184	107	162	253	235	373	119	284	321	195	229	286	386	299	213	326	153	0	109	81	132	48	201	162	167	386	236	272	226	466	|
|177	103	315	389	344	237	296	135	294	187	175	106	161	112	183	132	278	39	175	212	188	150	271	303	206	292	217	263	109	0	142	171	156	95	211	74	344	289	281	118	386	|
|293	93	457	446	484	290	290	192	281	329	281	241	187	129	315	272	419	170	307	337	274	286	365	442	283	278	346	163	81	142	0	212	79	211	241	214	461	311	353	254	525	|
|144	120	366	235	370	78	132	37	136	269	118	162	27	270	195	240	339	145	305	347	85	191	167	329	374	134	347	207	132	171	212	0	151	257	40	174	280	119	142	248	398	|
|262	58	455	378	474	226	212	142	202	333	244	230	124	192	297	283	420	167	331	367	226	274	315	431	338	200	373	107	48	156	79	151	0	245	173	214	421	237	293	273	510	|
|215	196	275	456	314	313	386	220	386	149	225	132	251	113	195	93	235	111	99	126	252	157	321	279	119	384	135	352	201	95	211	257	245	0	297	97	365	374	345	62	362	|
|167	152	392	205	392	57	95	77	102	302	140	198	56	308	222	277	367	186	343	385	99	223	164	352	414	100	385	208	162	211	241	40	173	297	0	213	283	79	126	287	415	|
|120	156	244	359	270	220	306	138	309	119	128	38	175	172	112	71	207	47	132	174	155	77	224	229	215	307	175	317	167	74	214	174	214	97	213	0	280	286	248	75	313	|
|169	372	221	224	184	232	347	280	363	244	180	242	306	451	171	279	227	305	327	358	197	208	120	167	465	362	347	487	386	344	461	280	421	365	283	280	0	291	175	310	176	|
|218	227	439	150	430	75	58	155	75	364	191	266	133	386	275	346	418	263	413	455	148	284	174	392	492	75	454	244	236	289	311	119	237	374	79	286	291	0	116	359	445	|
|143	260	341	111	325	69	173	162	189	291	124	217	169	391	195	291	327	245	357	398	94	216	61	291	463	188	392	334	272	281	353	142	293	345	126	248	175	116	0	313	335	|
|173	218	214	423	252	292	381	213	384	87	189	96	249	172	142	32	175	113	60	100	223	106	280	217	157	381	103	379	226	118	254	248	273	62	287	75	310	359	313	0	300	|
|255	453	101	400	50	375	496	382	509	213	280	285	418	471	214	270	135	356	283	295	316	239	274	85	425	508	280	598	466	386	525	398	510	362	415	313	176	445	335	300	0	|

--------------------------------------------------------------------------------
Building model...
	using lazy and cut (CVRPSEP package)
Solving IRP LP...
--------------------------------------------------------------------------------

Gurobi 9.1.0 (linux64) logging started Sat Jan  9 04:56:03 2021

Gurobi Optimizer version 9.1.0 build v9.1.0rc0 (linux64)
Thread count: 32 physical cores, 32 logical processors, using up to 2 threads
Optimize a model with 1505 rows, 8273 columns and 18911 nonzeros
Model fingerprint: 0x303bb9ce
Variable types: 524 continuous, 7749 integer (369 binary)
Coefficient statistics:
  Matrix range     [1e+00, 1e+03]
  Objective range  [1e-01, 6e+02]
  Bounds range     [1e+00, 3e+02]
  RHS range        [1e+01, 6e+03]
Presolve removed 621 rows and 236 columns
Presolve time: 0.09s
Presolved: 884 rows, 8037 columns, 17408 nonzeros
Variable types: 389 continuous, 7648 integer (7269 binary)

Root relaxation: objective 1.226486e+04, 914 iterations, 0.02 seconds

    Nodes    |    Current Node    |     Objective Bounds      |     Work
 Expl Unexpl |  Obj  Depth IntInf | Incumbent    BestBd   Gap | It/Node Time

     0     0 12264.8621    0  129          - 12264.8621      -     -    0s
     0     0 12668.5759    0  136          - 12668.5759      -     -    0s
     0     0 12681.6224    0  147          - 12681.6224      -     -    0s
     0     0 12682.0091    0  131          - 12682.0091      -     -    0s
     0     0 12682.1637    0  146          - 12682.1637      -     -    0s
     0     0 13158.3431    0  167          - 13158.3431      -     -    0s
     0     0 13353.4894    0  159          - 13353.4894      -     -    0s
     0     0 13354.0338    0  162          - 13354.0338      -     -    0s
     0     0 13537.2795    0  197          - 13537.2795      -     -    0s
     0     0 13546.9116    0  154          - 13546.9116      -     -    1s
     0     0 13550.3636    0  137          - 13550.3636      -     -    1s
     0     0 13574.6142    0  203          - 13574.6142      -     -    1s
     0     0 13575.7497    0  169          - 13575.7497      -     -    1s
     0     0 13637.7512    0  241          - 13637.7512      -     -    1s
     0     0 13643.5831    0  281          - 13643.5831      -     -    1s
     0     0 13644.2293    0  278          - 13644.2293      -     -    1s
     0     0 13694.1456    0  278          - 13694.1456      -     -    1s
     0     0 13701.1124    0  302          - 13701.1124      -     -    1s
     0     0 13706.9954    0  347          - 13706.9954      -     -    1s
     0     0 13716.7556    0  340          - 13716.7556      -     -    1s
     0     0 13722.7936    0  308          - 13722.7936      -     -    2s
     0     0 13724.0089    0  320          - 13724.0089      -     -    2s
     0     0 13752.6267    0  369          - 13752.6267      -     -    2s
     0     0 13757.9808    0  363          - 13757.9808      -     -    2s
     0     0 13758.9365    0  385          - 13758.9365      -     -    2s
     0     0 13769.8178    0  376          - 13769.8178      -     -    2s
     0     0 13769.8178    0  367          - 13769.8178      -     -    2s
     0     2 13769.8178    0  362          - 13769.8178      -     -    3s
    25    28 13817.6960    9  319          - 13788.4575      -   283    5s
   132   141 14098.2233   44  213          - 13788.4575      -   227   10s
   299   304 15095.9734  100   42          - 13788.4575      -   182   15s
   628   706 16637.3000  220    6          - 13788.4575      -   107   20s
*  745   830             258    16998.960000 13788.4575  18.9%  95.2   21s
   893   751 16456.0714  207  367 16998.9600 13789.4706  18.9%  84.7   25s
H  894   714                    16722.960000 13789.4706  17.5%  84.6   25s
   908   723 13877.6816    9  432 16722.9600 13877.6816  17.0%  83.3   30s
H  916   691                    16201.620000 13908.5312  14.2%  82.5   33s
   924   697 15145.3912   92  426 16201.6200 13919.2557  14.1%  81.8   35s
H  930   665                    16180.300000 13933.9892  13.9%  81.3   37s
   940   671 14238.2763   38  476 16180.3000 13935.7811  13.9%  80.4   40s
   959   686 14568.4669   57  489 16180.3000 13938.5935  13.9%  90.1   45s
   975   696 16180.3000  218  457 16180.3000 13946.9208  13.8%  88.6   50s
H  975   660                    16011.420000 13946.9232  12.9%  88.6   50s
   980   664 14178.8638   48  454 16011.4200 13947.0202  12.9%  88.2   55s
   985   670 14039.0012   25  320 16011.4200 13953.2739  12.9%  97.2   60s
  1011   687 14051.7796   32  303 16011.4200 13965.4926  12.8%   107   65s
H 1038   671                    15988.420000 13967.3975  12.6%   114   69s
  1045   679 14025.2140   40  323 15988.4200 13967.3975  12.6%   117   70s
  1094   709 14044.9262   51  344 15988.4200 13967.3975  12.6%   128   75s
H 1121   700                    15953.530000 13967.3975  12.4%   133   78s
  1135   710 14076.7508   61  265 15953.5300 13967.3975  12.4%   136   80s
  1192   743 14142.8255   76  261 15953.5300 13967.3975  12.4%   145   85s
  1242   785 14191.8829   87  208 15953.5300 13967.3975  12.4%   152   90s
  1298   834 14186.6263  100  234 15953.5300 13967.3975  12.4%   159   95s
  1367   865 14320.5722  118  201 15953.5300 13967.3975  12.4%   165  101s
  1431   927 14361.1700  135  182 15953.5300 13967.3975  12.4%   169  106s
  1485   983 14398.3018  149  174 15953.5300 13967.3975  12.4%   171  110s
  1584  1013 14479.4549  181  164 15953.5300 13967.3975  12.4%   171  115s
  1689  1063 14558.2959  216  188 15953.5300 13967.3975  12.4%   174  122s
  1717  1137 14756.7293  223  160 15953.5300 13967.3975  12.4%   176  126s
  1825  1218 14850.3812  260  168 15953.5300 13967.3975  12.4%   178  132s
  1934  1253 14562.9905  223  210 15953.5300 13967.3975  12.4%   177  135s
  2007  1329 15020.1165  316  135 15953.5300 13967.3975  12.4%   177  140s
  2171  1443 15246.7864  372  115 15953.5300 13967.4117  12.4%   175  148s
  2262  1432 14052.5489   29  331 15953.5300 13967.4117  12.4%   173  151s
  2314  1483 14185.3464   34  320 15953.5300 13967.4117  12.4%   177  157s
  2352  1509 14204.8798   36  322 15953.5300 13967.4117  12.4%   178  161s
  2483  1554 15245.5995  377   90 15953.5300 13967.4117  12.4%   178  165s
H 2505  1535                    15931.940000 13967.4117  12.3%   179  169s
  2555  1519 15858.1324  409   87 15931.9400 13967.4117  12.3%   177  170s
  2570  1544 14456.8564   54  216 15931.9400 13967.4117  12.3%   180  175s
  2623  1594 14580.7686   71  144 15931.9400 13967.4117  12.3%   183  182s
  2657  1607 14712.5647   83   95 15931.9400 13967.4117  12.3%   185  186s
  2681  1634 14972.7056   91  106 15931.9400 13967.4117  12.3%   187  190s
  2742  1719 15402.9337  115   73 15931.9400 13967.4117  12.3%   190  199s
  2802  1787 15882.4227  139   95 15931.9400 13977.9706  12.3%   190  203s
  2882  1885 14190.5556   34  260 15931.9400 13977.9706  12.3%   189  209s
  2903  1885 14334.1625  121  191 15931.9400 13977.9706  12.3%   190  210s
  2980  1969 14405.7576   47  172 15931.9400 13977.9706  12.3%   188  215s
  3064  2093 14468.3090   48  171 15931.9400 13977.9706  12.3%   188  220s
  3188  2199 14568.9999   61  213 15931.9400 13977.9706  12.3%   185  228s
  3337  2235 14645.9800   74  237 15931.9400 13977.9706  12.3%   182  233s
  3373  2308 14739.9929   89  126 15931.9400 13977.9706  12.3%   184  237s
  3446  2385 14880.0222  135  129 15931.9400 13977.9706  12.3%   184  243s
  3523  2486 15079.7652  165  109 15931.9400 13977.9706  12.3%   185  249s
  3624  2677 15277.6879  213   67 15931.9400 13977.9706  12.3%   184  256s
  3815  2743     cutoff  295      15931.9400 14002.5505  12.1%   180  264s
  3897  2848 14412.3261   39  315 15931.9400 14002.5505  12.1%   180  271s
  4002  3104 14779.5993   61  121 15931.9400 14002.5505  12.1%   178  280s
  4319  3130     cutoff  160      15931.9400 14008.9514  12.1%   170  288s
  4358  3198 14296.6833   37  167 15931.9400 14009.7197  12.1%   172  294s
  4436  3221 15759.6160   75   21 15931.9400 14013.7872  12.0%   173  300s
  4465  3261 14234.0682   41  360 15931.9400 14013.7872  12.0%   176  306s
  4505  3464 14615.9028   66   84 15931.9400 14013.7872  12.0%   177  313s
  4699  3464 14428.7730   63  108 15931.9400 14013.7872  12.0%   173  315s
  4708  3626 15379.6627  234   56 15931.9400 14014.6471  12.0%   173  322s
  4888  3830 14281.5189   37  236 15931.9400 14014.6471  12.0%   171  333s
  5109  3873 14536.7161   46  175 15931.9400 14014.6471  12.0%   167  342s
  5177  3981 15110.2503   65   92 15931.9400 14014.7361  12.0%   168  351s
  5312  4097 14154.8311   39  325 15931.9400 14014.7361  12.0%   168  360s
  5440  4144 14359.6041   60  163 15931.9400 14014.7361  12.0%   168  368s
  5487  4345 15039.2627  102   29 15931.9400 14016.5816  12.0%   167  376s
  5712  4370     cutoff  169      15931.9400 14017.1737  12.0%   165  385s
  5748  4437 14380.1612   59  333 15931.9400 14018.7659  12.0%   167  394s
  5815  4619 14824.8447   88  214 15931.9400 14018.7659  12.0%   167  421s
  6001  4719     cutoff  180      15931.9400 14019.0687  12.0%   164  431s
  6119  5126 14520.1945   81   78 15931.9400 14021.8184  12.0%   165  443s
  6304  5126 15378.6265  266  112 15931.9400 14021.8184  12.0%   162  445s
  6558  5196 15468.6682  296  131 15931.9400 14023.0132  12.0%   157  455s
  6651  5301 14412.8008   50  265 15931.9400 14023.0132  12.0%   159  465s
  6756  5466 15525.9800  126   25 15931.9400 14023.0209  12.0%   159  476s
  6939  5585 14253.1445   38  358 15931.9400 14023.0209  12.0%   159  488s
  7114  5731 14656.5734   66  205 15931.9400 14023.1716  12.0%   158  499s
  7192  5731 15416.2969  144    8 15931.9400 14023.1716  12.0%   158  500s
  7276  5872 infeasible  168      15931.9400 14023.1799  12.0%   158  511s
  7430  5973 14645.6522   64  228 15931.9400 14023.2857  12.0%   159  522s
  7531  6076 15761.8800  129    4 15931.9400 14024.1705  12.0%   158  535s
  7664  6207     cutoff  148      15931.9400 14024.3758  12.0%   159  546s
  7795  6360 14601.3366   68  249 15931.9400 14025.5617  12.0%   160  558s
  7971  6727 14268.2703   50  338 15931.9400 14027.5539  12.0%   161  572s
  8380  6794 14062.6406   42  361 15931.9400 14027.6068  12.0%   157  586s
  8449  7061 14719.4655   77  224 15931.9400 14028.8591  11.9%   160  600s
  8741  7161     cutoff  248      15931.9400 14031.4230  11.9%   158  613s
  8853  7190 14456.5987   47  244 15931.9400 14031.7374  11.9%   160  625s
  8882  7251 14438.2603   49  301 15931.9400 14031.7374  11.9%   162  637s
  8943  7348 15250.5171   68   77 15931.9400 14031.7374  11.9%   164  649s
  9021  7349 14640.6218   69  361 15931.9400 14031.7374  11.9%   165  650s
  9050  7366     cutoff   88      15931.9400 14031.8671  11.9%   165  661s
  9069  7483 14160.2563   34  237 15931.9400 14031.8671  11.9%   166  674s
  9204  7611 14970.8705   63  134 15931.9400 14033.3144  11.9%   167  689s
  9347  7792 14270.2110   60  395 15931.9400 14036.3988  11.9%   168  702s
  9528  8110 14548.1496   73  177 15931.9400 14037.4531  11.9%   168  717s
  9914  8215     cutoff  217      15931.9400 14038.1789  11.9%   165  732s
 10023  8383 14745.5682   77  115 15931.9400 14039.3928  11.9%   165  745s
 10216  8718 14403.5531   45  432 15931.9400 14039.5054  11.9%   165  759s
 10301  8718 15035.2448  130  125 15931.9400 14039.5054  11.9%   165  760s
 10581  8982 15217.6675  222  143 15931.9400 14040.3739  11.9%   162  775s
 10855  9228 14560.2370   56  276 15931.9400 14040.4621  11.9%   160  790s
 11136  9353 15772.0304  152   44 15931.9400 14040.9366  11.9%   159  803s
 11275  9507 15437.7812   99   69 15931.9400 14041.8673  11.9%   159  817s
 11464  9666 14331.9470   54  175 15931.9400 14042.3385  11.9%   158  829s
 11595  9666 14789.7751   88   54 15931.9400 14042.3385  11.9%   159  830s
 11622 10024 14489.8595   94   63 15931.9400 14042.3385  11.9%   159  845s
 12014 10126 14834.0009  246   25 15931.9400 14043.3525  11.9%   157  860s
 12184 10324 14572.1770   63  117 15931.9400 14045.2292  11.8%   156  874s
 12268 10324 15690.0385  147   43 15931.9400 14045.2292  11.8%   156  875s
 12440 10373     cutoff  186      15931.9400 14045.4447  11.8%   155  890s
 12503 10433 14161.6423   43  304 15931.9400 14045.6627  11.8%   155  902s
 12568 10649 14423.0827   51   56 15931.9400 14045.8655  11.8%   156  915s
 12836 10748     cutoff  102      15931.9400 14050.9745  11.8%   155  927s
 12932 10901 14905.7200   79  181 15931.9400 14052.3177  11.8%   156  940s
 13139 11089 14256.5209   29  366 15931.9400 14052.6953  11.8%   157  954s
 13181 11089 14495.5765   49  170 15931.9400 14052.6953  11.8%   157  955s
 13341 11261 14933.5426   71   84 15931.9400 14055.2980  11.8%   156  969s
 13419 11261 15247.9945  149    9 15931.9400 14055.2980  11.8%   156  970s
 13540 11445 14373.2665   42  306 15931.9400 14055.3192  11.8%   156  983s
 13697 11454 15492.4802  189   11 15931.9400 14055.3192  11.8%   156  985s
 13752 11529     cutoff  219      15931.9400 14056.7858  11.8%   156  998s
 13837 11672 14491.4915   44  247 15931.9400 14056.7858  11.8%   157 1011s
 14020 11855 14945.3393   65  124 15931.9400 14059.3884  11.8%   157 1024s
 14046 11855 15229.2730   80   41 15931.9400 14059.3884  11.8%   157 1025s
 14246 11945     cutoff  106      15931.9400 14059.8171  11.8%   156 1037s
 14335 12225 14700.7118   89  198 15931.9400 14060.4556  11.7%   157 1051s
 14644 12377 14266.5306   43  273 15931.9400 14060.7650  11.7%   156 1068s
 14790 12380 15837.4323  159   81 15931.9400 14060.7650  11.7%   157 1070s
 14802 12501 15312.3206   87   73 15931.9400 14060.8215  11.7%   157 1080s
 14947 12770 15458.7080   93   84 15931.9400 14062.8761  11.7%   158 1094s
 14992 12770 15580.5271  138   60 15931.9400 14062.8761  11.7%   157 1095s
 15250 12779 14323.2613   56  111 15931.9400 14062.9591  11.7%   156 1111s
 15259 12972 14326.6610   57  151 15931.9400 14062.9591  11.7%   157 1124s
 15291 12972 14450.2672   77   78 15931.9400 14062.9591  11.7%   157 1125s
 15480 13257 14566.9641   98   69 15931.9400 14063.1558  11.7%   157 1140s
 15856 13408     cutoff  197      15931.9400 14063.7072  11.7%   156 1154s
 15943 13408 15680.2355  131   31 15931.9400 14063.7072  11.7%   156 1155s
 15994 13456 15847.2807  141   49 15931.9400 14064.1683  11.7%   156 1166s
 16072 13640 14505.5133   61  121 15931.9400 14064.3516  11.7%   158 1180s
 16331 13779 15604.9856  135   41 15931.9400 14065.2511  11.7%   158 1193s
 16465 13916 14455.4306   59   65 15931.9400 14067.0040  11.7%   158 1206s
 16600 14156 14619.1553   87   35 15931.9400 14067.0040  11.7%   159 1298s
 16721 14156 14762.0943   73  106 15931.9400 14067.0040  11.7%   159 1300s
 16842 14544 15158.3654  132   17 15931.9400 14067.2792  11.7%   159 1315s
 17322 14735 14722.5135   78  225 15931.9400 14068.3310  11.7%   156 1332s
 17538 14849     cutoff  147      15931.9400 14070.7375  11.7%   156 1345s
 17663 15002 15135.9989   91  148 15931.9400 14071.5781  11.7%   156 1359s
 17755 15002 14519.5185   64   74 15931.9400 14071.5781  11.7%   156 1360s
 17837 15208 14876.6331   88  108 15931.9400 14072.0750  11.7%   156 1373s
 18027 15213 15794.7889  139   44 15931.9400 14072.0987  11.7%   155 1375s
 18115 15304     cutoff  141      15931.9400 14074.6755  11.7%   155 1387s
 18210 15604 14706.0790   47  275 15931.9400 14075.0109  11.7%   156 1401s
 18582 15672     cutoff  106      15931.9400 14077.0781  11.6%   154 1416s
 18653 15943 14809.9258   92  156 15931.9400 14077.6716  11.6%   155 1429s
 18680 15943 15151.2983  119   48 15931.9400 14077.6716  11.6%   155 1430s
 18960 16057     cutoff  202      15931.9400 14078.4712  11.6%   154 1444s
 19094 16380 14871.6540   76  213 15931.9400 14078.9406  11.6%   154 1459s
 19201 16380 15506.5512  183   79 15931.9400 14078.9406  11.6%   153 1460s
 19440 16599 14398.3413   56  305 15931.9400 14081.5671  11.6%   153 1474s
 19497 16599 15328.6137  113   71 15931.9400 14081.5671  11.6%   153 1475s
 19674 16829 14287.8569   37  405 15931.9400 14081.6778  11.6%   153 1491s
 19963 16936 14287.0605   60  396 15931.9400 14082.7292  11.6%   153 1507s
 20097 17018 14184.2527   43  355 15931.9400 14085.2647  11.6%   153 1519s
 20179 17191 14680.2857   66  241 15931.9400 14086.1278  11.6%   154 1532s
 20405 17326 14509.7687   78  253 15931.9400 14088.1636  11.6%   154 1547s
 20558 17501 14394.8847   59  348 15931.9400 14088.1636  11.6%   155 1563s
 20682 17502 15623.9733   95   65 15931.9400 14088.1636  11.6%   156 1565s
 20756 17732 14692.5462   85  145 15931.9400 14088.8748  11.6%   156 1579s
 20808 17732 14971.8890  106  112 15931.9400 14088.8748  11.6%   156 1580s
 21006 17866     cutoff  184      15931.9400 14089.7604  11.6%   156 1593s
 21153 18095 14925.8960  102   48 15931.9400 14091.1289  11.6%   156 1609s
 21218 18095 15696.0762  167    7 15931.9400 14091.1289  11.6%   156 1610s
 21534 18260     cutoff  139      15931.9400 14092.0857  11.5%   155 1625s
 21679 18468 15622.6599   98  118 15931.9400 14092.1362  11.5%   155 1639s
 21705 18468 15820.4923  124   30 15931.9400 14092.1362  11.5%   155 1640s
 21929 18682 14788.2757   60   33 15931.9400 14092.7507  11.5%   155 1655s
 22160 18900 14628.4756   67  169 15931.9400 14092.7620  11.5%   155 1670s
 22426 19145 14368.1875   35  292 15931.9400 14092.8245  11.5%   155 1685s
 22700 19223 15662.2468  165   21 15931.9400 14092.8294  11.5%   154 1699s
 22726 19224 15834.1886  190   20 15931.9400 14092.8294  11.5%   154 1700s
 22810 19293     cutoff  191      15931.9400 14093.8064  11.5%   155 1712s
 22887 19449 15214.9985   98   90 15931.9400 14097.0559  11.5%   156 1727s
 23083 19636 14663.2377   59  216 15931.9400 14098.0965  11.5%   155 1742s
 23294 19739 15931.6600  160    - 15931.9400 14098.6478  11.5%   155 1755s
 23403 19778     cutoff  160      15931.9400 14098.7120  11.5%   156 1768s
 23443 19925 14726.3369   54  368 15931.9400 14098.7673  11.5%   157 1781s
 23631 20021 14236.9872   36  440 15931.9400 14098.8920  11.5%   157 1795s
 23742 20129 14391.2589   60  209 15931.9400 14099.4085  11.5%   157 1811s
 23874 20278 15154.6215  129   16 15931.9400 14100.9881  11.5%   157 1825s
 24050 20559 14730.6047   66  198 15931.9400 14101.2252  11.5%   158 1839s
 24077 20559 14886.1730   80   41 15931.9400 14101.2252  11.5%   158 1840s
 24365 20782     cutoff  149      15931.9400 14101.3660  11.5%   157 1856s
 24640 20814 14169.4926   39  175 15931.9400 14101.6404  11.5%   157 1880s
 24670 20859 14450.8085   44  372 15931.9400 14101.6404  11.5%   158 1892s
 24715 21042 14548.5904   47  282 15931.9400 14101.6404  11.5%   159 1907s
 24902 21199 15086.0491   64  100 15931.9400 14102.3052  11.5%   159 1924s
 25116 21262 infeasible  109      15931.9400 14102.7571  11.5%   159 1938s
 25180 21348 14758.1646   78  197 15931.9400 14103.7121  11.5%   160 1951s
 25281 21690 14513.0121   55  168 15931.9400 14103.7862  11.5%   160 1969s
 25375 21690 14779.3512  114   65 15931.9400 14103.7862  11.5%   161 1970s
 25637 21903 14693.0108   78  163 15931.9400 14103.7862  11.5%   159 1986s
 25881 22174 15011.8685  118   43 15931.9400 14104.7105  11.5%   159 2004s
 25914 22174 15095.1190  130   11 15931.9400 14104.7105  11.5%   159 2005s
*25961 14360             152    15191.060000 14104.7105  7.15%   159 2005s
 26180 14314 14451.5106   37  392 15191.0600 14104.7126  7.15%   159 2020s
 26314 14383 15035.0809   82  132 15191.0600 14105.8520  7.14%   160 2034s
 26378 14383 14423.6158   55  304 15191.0600 14105.8520  7.14%   160 2035s
 26397 14510 14438.0424   64  227 15191.0600 14106.6623  7.14%   160 2048s
 26570 14573     cutoff  147      15191.0600 14107.6520  7.13%   161 2062s
 26637 14820 14561.3640   77   57 15191.0600 14108.1208  7.13%   161 2076s
 26926 14939 15042.8687  149   31 15191.0600 14110.8088  7.11%   161 2090s
 27063 15124 14574.9619   72  200 15191.0600 14111.4413  7.11%   161 2104s
 27121 15124 15094.2364  101   37 15191.0600 14111.4413  7.11%   161 2105s
 27301 15222 14217.0664   49  309 15191.0600 14111.7977  7.10%   161 2118s
 27441 15298 14275.1241   36  332 15191.0600 14112.0035  7.10%   161 2133s
 27534 15369 14830.0170   63  304 15191.0600 14113.3307  7.09%   162 2146s
 27615 15474 14638.4644   71  280 15191.0600 14113.8499  7.09%   162 2160s
 27750 15520 14647.1037   63  355 15191.0600 14113.9373  7.09%   163 2174s
 27813 15611 14247.8233   43  413 15191.0600 14114.0132  7.09%   164 2189s
 27931 15687 14284.7808   39  370 15191.0600 14114.0170  7.09%   164 2202s
 28007 15763 14870.9814   65  231 15191.0600 14114.0269  7.09%   165 2216s
 28104 15924 14820.9501   57  150 15191.0600 14114.2406  7.09%   165 2232s
 28298 15982 14894.1275   69   92 15191.0600 14114.4064  7.09%   166 2246s
 28384 16199 14506.5325   39  330 15191.0600 14115.1892  7.08%   166 2263s
 28614 16300 14207.2391   46  323 15191.0600 14115.1892  7.08%   166 2279s
 28657 16300 14718.3338   86  118 15191.0600 14115.1892  7.08%   167 2280s
 28747 16340 14875.5839   63  373 15191.0600 14115.6194  7.08%   167 2292s
 28801 16463 14485.6476   41  273 15191.0600 14115.6388  7.08%   168 2307s
 28944 16604     cutoff   91      15191.0600 14116.9774  7.07%   168 2322s
 29103 16787 14485.0930   67  307 15191.0600 14117.2248  7.07%   168 2338s
 29250 16787 14632.4906   94   99 15191.0600 14117.3272  7.07%   168 2340s
 29319 16904 14555.4065   37  208 15191.0600 14117.3272  7.07%   168 2354s
 29392 16904 14788.4248   67   86 15191.0600 14117.3272  7.07%   169 2355s
 29449 16963     cutoff   84      15191.0600 14118.4544  7.06%   169 2368s
 29519 17056 14521.0294   34  336 15191.0600 14118.4544  7.06%   169 2381s
 29624 17255 14734.4229   45  126 15191.0600 14118.6797  7.06%   170 2398s
 29851 17318 14412.2127   46  198 15191.0600 14119.0326  7.06%   170 2413s
 29924 17410 14340.7325   38  385 15191.0600 14119.0326  7.06%   171 2427s
 30024 17538 14884.9719   91   96 15191.0600 14119.1199  7.06%   171 2442s
 30179 17617 14726.9035   59  197 15191.0600 14119.7996  7.05%   171 2457s
H30286 17596                    15184.860000 14120.8678  7.01%   172 2471s
 30366 17765 14306.3154   49  278 15184.8600 14120.9575  7.01%   173 2488s
 30568 17892 14489.1800   64  189 15184.8600 14121.4562  7.00%   173 2505s
 30727 17934 14406.7057   33  339 15184.8600 14121.5231  7.00%   173 2519s
 30769 18012 14557.0509   37  248 15184.8600 14121.9603  7.00%   174 2533s
 30882 18188 14297.4227   41  345 15184.8600 14122.1205  7.00%   174 2550s
H31070 17613                    15148.860000 14122.1205  6.78%   175 2566s
 31153 17694 14555.4716   55  195 15148.8600 14122.6044  6.77%   175 2581s
 31278 17770     cutoff  105      15148.8600 14123.1760  6.77%   175 2594s
 31306 17770 14882.2694   74  149 15148.8600 14123.1760  6.77%   176 2595s
 31375 17871 14890.6654   77  122 15148.8600 14124.5156  6.76%   176 2609s
 31403 17871 15048.4570  104   26 15148.8600 14124.5156  6.76%   176 2610s
 31510 17938 14983.1838   73   76 15148.8600 14125.0911  6.76%   176 2624s
 31602 18056 14363.1448   34  369 15148.8600 14125.4420  6.76%   177 2640s
 31746 18194     cutoff   72      15148.8600 14125.6810  6.75%   177 2657s
 31918 18290 15126.3636  136   21 15148.8600 14126.5282  6.75%   178 2672s
 32047 18353     cutoff  137      15148.8600 14127.2242  6.74%   178 2686s
 32123 18452 14918.2614   63  116 15148.8600 14127.4783  6.74%   179 2702s
 32244 18584 14431.8518   46  177 15148.8600 14127.6868  6.74%   179 2718s
 32417 18682 14359.7892   45  328 15148.8600 14128.6479  6.73%   179 2734s
 32520 18682 15106.9785  113  152 15148.8600 14128.6479  6.73%   180 2735s
 32535 18767 14896.6082   91  269 15148.8600 14129.1132  6.73%   180 2749s
 32581 18768 14265.4366   39  314 15148.8600 14129.1985  6.73%   180 2750s
 32644 18991 15090.8050  108   37 15148.8600 14129.2860  6.73%   181 2766s
 32903 19075 15098.5482  227   39 15148.8600 14129.5991  6.73%   180 2783s
 33019 19146 14700.1670   61  114 15148.8600 14129.9490  6.73%   181 2798s
 33100 19243 14597.6964   56  167 15148.8600 14130.8303  6.72%   182 2813s
 33218 19495 14455.7887   66  117 15148.8600 14130.9966  6.72%   182 2831s
 33525 19573 14321.7026   59  315 15148.8600 14131.9748  6.71%   182 2848s
 33623 19700 14546.5961   65  227 15148.8600 14132.3098  6.71%   182 2864s
 33675 19700 15135.3051  117   27 15148.8600 14132.3098  6.71%   182 2865s
 33774 19782 14542.2023   67  292 15148.8600 14132.3920  6.71%   183 2879s
 33878 19908 14454.6932   42  226 15148.8600 14132.8588  6.71%   183 2895s
 34048 19997 14241.7379   64  356 15148.8600 14133.7639  6.70%   183 2911s
 34161 20137 14296.9237   37  434 15148.8600 14133.7639  6.70%   184 2929s
 34242 20137 14909.9231  116   82 15148.8600 14133.7639  6.70%   184 2930s
 34451 20344 14921.3153   60  198 15148.8600 14134.1822  6.70%   183 2947s
 34684 20438 15086.2000  110   40 15148.8600 14134.4324  6.70%   183 2964s
 34729 20438 14847.5952   71  303 15148.8600 14134.4324  6.70%   183 2965s
 34799 20557 14943.4975   75  213 15148.8600 14134.4714  6.70%   183 2980s
 34952 20632 14785.2364   80   62 15148.8600 14134.7415  6.69%   183 2996s
 35084 20741 14732.1355   62  186 15148.8600 14135.5571  6.69%   183 3012s
 35217 20867 14430.1749   55  292 15148.8600 14136.0968  6.69%   184 3029s
 35274 20867 15009.2010  112   83 15148.8600 14136.0968  6.69%   184 3030s
 35359 21041 14320.1835   40  309 15148.8600 14136.0968  6.69%   184 3046s
 35557 21186 14861.9455  134   29 15148.8600 14136.4864  6.68%   184 3062s
 35752 21245 14274.8750   30  263 15148.8600 14136.9024  6.68%   184 3079s
 35821 21397 14735.9569   46  183 15148.8600 14136.9024  6.68%   184 3096s
 35996 21510 14823.7291   81   27 15148.8600 14136.9024  6.68%   185 3113s
 36145 21616 14862.6268  129   42 15148.8600 14137.5879  6.68%   185 3130s
 36352 21751 14784.8563   60  110 15148.8600 14138.0373  6.67%   185 3146s
 36548 21834 14419.5307   84  175 15148.8600 14138.6676  6.67%   185 3166s
*36632 21540              91    15133.440000 14138.7767  6.57%   186 3167s
 36665 21628 14398.9436   43  302 15133.4400 14138.7767  6.57%   186 3181s
 36763 21767 15051.8125   75  212 15133.4400 14139.5747  6.57%   186 3197s
 36940 21875     cutoff   82      15133.4400 14140.0965  6.56%   186 3213s
H36944 20957                    15094.280000 14140.0965  6.32%   186 3213s
 37072 21056 14220.0200   29  325 15094.2800 14140.0965  6.32%   187 3228s
 37203 21121 15066.2576   91  106 15094.2800 14140.5151  6.32%   187 3244s
 37289 21204 14522.7385   51  248 15094.2800 14140.9123  6.32%   187 3260s
 37373 21307 14806.3481   81   11 15094.2800 14141.1593  6.31%   188 3277s
 37504 21404     cutoff  113      15094.2800 14141.4009  6.31%   188 3293s
 37650 21469 14393.7862   46  298 15094.2800 14141.8255  6.31%   188 3309s
 37719 21554 14958.9991   80  302 15094.2800 14141.8584  6.31%   189 3324s
 37861 21643 14337.6857   39  349 15094.2800 14142.2156  6.31%   189 3340s
 37962 21755 15068.1388   77  187 15094.2800 14142.4730  6.31%   190 3357s
 38106 21776 14270.8270   36  251 15094.2800 14142.8533  6.30%   190 3373s
 38127 21817 14711.9382   42  310 15094.2800 14142.8533  6.30%   191 3388s
 38168 21881 14814.1811   48  118 15094.2800 14143.4651  6.30%   191 3403s
 38246 22012 14495.3999   84  215 15094.2800 14143.5540  6.30%   192 3419s
 38286 22012 14805.1655  107   41 15094.2800 14143.5540  6.30%   192 3420s
 38413 22122 14341.8372   41  292 15094.2800 14143.5576  6.30%   192 3435s
 38581 22257 14611.8486   57   28 15094.2800 14143.5576  6.30%   192 3454s
 38712 22258 14897.4985   92  159 15094.2800 14143.5576  6.30%   192 3455s
 38750 22392     cutoff   96      15094.2800 14144.2871  6.29%   192 3470s
H38816 21863                    15075.280000 14144.2871  6.18%   192 3471s
 38909 21942 14170.6327   59  356 15075.2800 14144.2871  6.18%   192 3486s
H39012 19599                    14989.080000 14144.2871  5.64%   192 3502s
 39134 19634 14488.0691   61  234 14989.0800 14146.2631  5.62%   193 3519s
 39204 19749 14358.3939   41  289 14989.0800 14147.1503  5.62%   193 3536s
 39337 19804 14436.0416   50  333 14989.0800 14147.1580  5.62%   194 3553s
 39430 19874 14305.9376   86  204 14989.0800 14147.2429  5.62%   194 3569s
 39516 19874 14821.0861   76  136 14989.0800 14147.2705  5.62%   195 3570s
 39519 19964 14572.2501   54  207 14989.0800 14147.3789  5.62%   195 3586s
 39637 20034     cutoff  100      14989.0800 14147.7914  5.61%   195 3600s

Cutting planes:
  User: 3911
  Gomory: 31
  Cover: 308
  Implied bound: 55
  Clique: 18
  MIR: 154
  Flow cover: 416
  Zero half: 22
  RLT: 215
  Relax-and-lift: 10
  Lazy constraints: 4345

Explored 39725 nodes (7763535 simplex iterations) in 3600.83 seconds
Thread count was 2 (of 32 available processors)

Solution count 10: 14989.1 15075.3 15094.3 ... 15988.4

Time limit reached
Best objective 1.498908000000e+04, best bound 1.414784421359e+04, gap 5.6123%

User-callback calls 325781, time in user-callback 254.11 sec
================================================================================
executing instance: ./input/Instances/Original/2/absH3high_4n10.dat
--------------------------------------------------------------------------------
Instance details
n	11
H	3
C	822
Li:
[0, 0, 0, 0, 0, 0, 0, 0, 0, 0, 0, ]
Ui:
[0, 102, 52, 88, 182, 153, 138, 38, 165, 297, 86, ]
Distance matrix:
|0	285	411	382	327	239	148	256	307	36	383	|
|285	0	352	98	249	103	227	235	120	268	209	|
|411	352	0	395	106	430	263	549	234	429	174	|
|382	98	395	0	302	173	320	288	168	364	227	|
|327	249	106	302	0	324	179	444	135	339	109	|
|239	103	430	173	324	0	241	132	212	212	305	|
|148	227	263	320	179	241	0	325	192	165	249	|
|256	235	549	288	444	132	325	0	342	220	436	|
|307	120	234	168	135	212	192	342	0	304	94	|
|36	268	429	364	339	212	165	220	304	0	386	|
|383	209	174	227	109	305	249	436	94	386	0	|

--------------------------------------------------------------------------------
Building model...
	using lazy and cut (CVRPSEP package)
Solving IRP LP...
--------------------------------------------------------------------------------

Gurobi 9.1.0 (linux64) logging started Sat Jan  9 05:56:05 2021

Gurobi Optimizer version 9.1.0 build v9.1.0rc0 (linux64)
Thread count: 32 physical cores, 32 logical processors, using up to 2 threads
Optimize a model with 395 rows, 728 columns and 2051 nonzeros
Model fingerprint: 0x1f2edfb1
Variable types: 134 continuous, 594 integer (99 binary)
Coefficient statistics:
  Matrix range     [1e+00, 3e+02]
  Objective range  [2e-01, 5e+02]
  Bounds range     [1e+00, 3e+02]
  RHS range        [2e+01, 1e+03]
Presolve removed 155 rows and 59 columns
Presolve time: 0.01s
Presolved: 240 rows, 669 columns, 1676 nonzeros
