




arguments: ./build/bc_mirp -f ./input/orig_exec_230.cfg
Current dir: /scratch/gui/bc_mirp
File verbosity level: 9
date       time         ( uptime  ) [ thread name/id ]                   file:line     v| 
2021-02-15 06:48:07.155 (   0.078s) [main thread     ]             loguru.cpp:789   INFO| Logging to './output/vi_vc+hc1_full/OU/V5/Original/execution_15_02_2021_06_48_07.log', mode: 'a', verbosity: 9
--------------------------------------------------------------------------------
Parameters
                           instance_path           ./input/Instances/Original/5/
                            model_policy                                       1
                             nb_vehicles                                       5
                              output_dir ./output/vi_vc+hc1_full/OU/V5/Original/
                            sec_strategy                                       1
                       solver_nb_threads                                       2
                         solver_show_log                                    true
                       solver_time_limit                                    3600
                              use_vi_cos                                   false
                              use_vi_cus                                   false
                         use_vi_hc1_full                                    true
                         use_vi_hc1_half                                   false
                      use_vi_hc1_quarter                                   false
                              use_vi_hc2                                   false
                              use_vi_hc3                                   false
                         use_vi_lex_full                                   false
                         use_vi_lex_half                                   false
                      use_vi_lex_quarter                                   false
                              use_vi_qua                                   false
                               use_vi_vc                                    true
                               use_vi_vr                                   false
--------------------------------------------------------------------------------
executing instance: ./input/Instances/Original/5/absH3low_4n50.dat
--------------------------------------------------------------------------------
Instance details
n	51
H	3
C	4066
Li:
[0, 0, 0, 0, 0, 0, 0, 0, 0, 0, 0, 0, 0, 0, 0, 0, 0, 0, 0, 0, 0, 0, 0, 0, 0, 0, 0, 0, 0, 0, 0, 0, 0, 0, 0, 0, 0, 0, 0, 0, 0, 0, 0, 0, 0, 0, 0, 0, 0, 0, 0, ]
Ui:
[0, 108, 126, 122, 66, 120, 48, 30, 128, 54, 158, 198, 36, 66, 210, 234, 147, 297, 171, 128, 116, 120, 219, 70, 294, 207, 134, 128, 234, 122, 22, 183, 195, 255, 132, 124, 66, 189, 219, 66, 128, 102, 288, 66, 87, 136, 36, 39, 282, 36, 237, ]
Distance matrix:
|0	210	444	498	509	104	438	228	487	304	456	434	526	476	163	47	293	396	293	290	313	85	280	437	293	336	409	106	449	376	433	478	193	404	404	534	278	181	380	507	189	438	263	473	353	216	202	218	452	254	465	|
|210	0	299	507	359	106	345	409	358	411	320	402	555	448	136	200	289	264	306	427	141	222	83	348	264	320	283	303	380	208	258	357	170	348	475	542	243	347	355	379	65	479	172	373	355	251	112	229	402	210	300	|
|444	299	0	363	65	358	116	542	66	440	26	241	425	272	282	407	251	51	276	490	159	397	224	124	217	237	48	490	170	99	83	74	261	180	430	385	214	479	231	85	270	390	184	116	271	300	409	276	210	215	54	|
|498	507	363	0	385	482	246	424	326	254	343	123	63	93	388	452	221	337	211	314	428	414	480	239	243	187	324	463	194	418	438	307	346	188	156	36	264	392	156	326	444	87	340	258	154	286	603	294	153	297	417	|
|509	359	65	385	0	422	145	602	59	492	59	269	448	292	348	472	305	115	329	545	218	462	281	152	274	286	106	554	192	153	116	78	326	216	472	403	274	540	271	63	334	425	249	127	316	361	468	337	233	278	69	|
|104	106	358	482	422	0	372	309	408	337	374	396	521	441	98	96	262	314	271	342	215	124	177	373	249	302	329	198	394	281	337	402	139	353	419	518	230	250	343	428	90	437	188	405	328	200	134	188	406	199	372	|
|438	345	116	246	145	372	0	485	87	357	97	126	309	155	279	394	180	101	200	414	223	373	288	8	157	150	84	459	53	188	196	68	245	72	328	269	165	427	128	97	297	280	184	36	175	250	456	233	94	184	170	|
|228	409	542	424	602	309	485	0	561	170	544	419	424	446	298	214	305	491	286	115	462	187	457	480	331	339	496	124	470	510	565	545	295	424	279	454	329	66	376	576	363	340	370	520	330	242	429	266	453	328	581	|
|487	358	66	326	59	408	87	561	0	441	40	211	389	233	324	446	258	95	281	497	220	431	287	95	230	234	79	522	133	164	146	19	297	160	415	344	233	500	215	21	323	367	224	68	261	320	470	299	174	242	106	|
|304	411	440	254	492	337	357	170	441	0	434	266	255	286	275	266	189	392	164	63	408	225	428	351	224	207	392	234	330	438	484	424	250	287	112	284	232	149	233	453	349	170	302	389	185	168	471	195	305	248	487	|
|456	320	26	343	59	374	97	544	40	434	0	223	406	252	294	418	247	60	271	487	181	405	247	105	215	229	49	498	149	124	109	48	270	165	419	364	215	482	218	60	288	375	194	92	261	302	431	279	190	220	75	|
|434	402	241	123	269	396	126	419	211	266	223	0	185	46	298	387	140	213	145	328	310	355	366	118	147	97	201	425	78	295	315	191	256	65	211	151	166	371	53	215	343	157	231	145	90	220	505	217	41	198	295	|
|526	555	425	63	448	521	309	424	389	255	406	185	0	156	430	481	266	398	252	310	485	442	534	301	293	237	386	480	257	478	500	370	390	249	145	55	313	401	212	389	491	89	392	321	201	322	646	334	216	345	479	|
|476	448	272	93	292	441	155	446	233	286	252	46	156	0	343	429	183	250	184	348	353	396	411	148	192	140	236	461	102	334	350	214	302	106	214	113	212	402	98	233	389	151	277	165	125	261	551	260	62	244	325	|
|163	136	282	388	348	98	279	298	324	275	294	298	430	343	0	124	167	234	178	296	167	121	162	279	151	205	247	216	297	224	280	316	42	256	340	423	132	232	246	344	74	349	100	314	233	115	216	97	308	101	307	|
|47	200	407	452	472	96	394	214	446	266	418	387	481	429	124	0	246	358	245	259	284	41	261	392	247	289	370	103	403	345	402	436	150	358	361	488	232	158	333	466	165	393	223	430	306	168	217	171	406	210	431	|
|293	289	251	221	305	262	180	305	258	189	247	140	266	183	167	246	0	204	26	240	238	215	276	175	37	43	203	289	169	255	297	242	125	122	202	257	52	248	87	272	225	191	134	215	67	80	382	77	163	81	298	|
|396	264	51	337	115	314	101	491	95	392	60	213	398	250	234	358	204	0	229	442	130	347	196	108	169	194	19	440	152	87	102	93	211	149	390	363	165	428	194	116	228	355	134	117	230	250	376	225	189	164	95	|
|293	306	276	211	329	271	200	286	281	164	271	145	252	184	178	245	26	229	0	216	262	212	297	195	63	53	228	280	184	280	323	264	138	137	178	248	76	232	95	294	241	173	156	234	60	77	395	83	172	102	324	|
|290	427	490	314	545	342	414	115	497	63	487	328	310	348	296	259	240	442	216	0	443	220	456	408	273	264	443	204	390	479	529	480	278	346	165	343	278	115	293	509	369	229	340	447	244	202	473	230	366	288	536	|
|313	141	159	428	218	215	223	462	220	408	181	310	485	353	167	284	238	130	262	443	0	288	67	228	202	252	149	382	267	67	122	221	168	247	440	459	186	396	273	241	125	423	107	245	291	242	251	214	297	162	160	|
|85	222	397	414	462	124	373	187	431	225	405	355	442	396	121	41	215	347	212	220	288	0	273	371	221	258	357	95	378	344	401	420	136	331	321	450	208	126	302	450	177	353	213	409	272	136	253	143	377	190	426	|
|280	83	224	480	281	177	288	457	287	428	247	366	534	411	162	261	276	196	297	456	67	273	0	292	243	298	215	363	329	128	176	288	179	305	475	513	224	392	324	307	96	466	143	311	335	261	187	235	357	195	219	|
|437	348	124	239	152	373	8	480	95	351	105	118	301	148	279	392	175	108	195	408	228	371	292	0	154	144	91	456	46	194	203	76	244	65	320	261	163	423	121	103	299	273	185	40	168	247	459	230	86	183	178	|
|293	264	217	243	274	249	157	331	230	224	215	147	293	192	151	247	37	169	63	273	202	221	243	154	0	57	170	303	157	217	260	215	110	111	238	278	21	271	94	245	201	223	100	193	92	93	362	78	160	54	263	|
|336	320	237	187	286	302	150	339	234	207	229	97	237	140	205	289	43	194	53	264	252	258	298	144	57	0	190	331	131	257	294	216	163	84	197	221	77	285	44	246	258	172	155	183	39	123	418	119	120	110	288	|
|409	283	48	324	106	329	84	496	79	392	49	201	386	236	247	370	203	19	228	443	149	357	215	91	170	190	0	449	136	105	114	75	221	138	384	349	168	434	185	99	245	346	146	98	224	255	394	231	174	171	99	|
|106	303	490	463	554	198	459	124	522	234	498	425	480	461	216	103	289	440	280	204	382	95	363	456	303	331	449	0	458	439	496	510	229	410	344	498	293	89	374	540	267	391	307	495	336	211	308	226	451	280	520	|
|449	380	170	194	192	394	53	470	133	330	149	78	257	102	297	403	169	152	184	390	267	378	329	46	157	131	136	458	0	238	249	114	259	47	287	216	171	416	96	137	327	235	211	67	145	247	488	235	41	197	223	|
|376	208	99	418	153	281	188	510	164	438	124	295	478	334	224	345	255	87	280	479	67	344	128	194	217	257	105	439	238	0	57	169	216	230	453	445	206	445	268	184	191	427	141	202	296	278	315	250	274	191	92	|
|433	258	83	438	116	337	196	565	146	484	109	315	500	350	280	402	297	102	323	529	122	401	176	203	260	294	114	496	249	57	0	157	271	252	490	463	251	499	296	162	247	457	195	199	331	329	362	302	288	241	47	|
|478	357	74	307	78	402	68	545	19	424	48	191	370	214	316	436	242	93	264	480	221	420	288	76	215	216	75	510	114	169	157	0	287	141	396	325	219	485	196	31	319	347	216	49	243	306	469	286	154	230	120	|
|193	170	261	346	326	139	245	295	297	250	270	256	390	302	42	150	125	211	138	278	168	136	179	244	110	163	221	229	259	216	271	287	0	216	305	382	91	229	204	316	105	310	78	280	192	83	257	60	268	62	292	|
|404	348	180	188	216	353	72	424	160	287	165	65	249	106	256	358	122	149	137	346	247	331	305	65	111	84	138	410	47	230	252	141	216	0	255	215	126	369	56	168	292	210	177	102	103	200	454	189	54	155	234	|
|404	475	430	156	472	419	328	279	415	112	419	211	145	214	340	361	202	390	178	165	440	321	475	320	238	197	384	344	287	453	490	396	305	255	0	181	254	261	201	422	410	69	335	353	160	225	551	246	252	280	482	|
|534	542	385	36	403	518	269	454	344	284	364	151	55	113	423	488	257	363	248	343	459	450	513	261	278	221	349	498	216	445	463	325	382	215	181	0	298	425	189	342	479	115	373	276	190	323	638	330	175	332	439	|
|278	243	214	264	274	230	165	329	233	232	215	166	313	212	132	232	52	165	76	278	186	208	224	163	21	77	168	293	171	206	251	219	91	126	254	298	0	267	114	250	181	242	82	202	112	88	341	68	177	33	258	|
|181	347	479	392	540	250	427	66	500	149	482	371	401	402	232	158	248	428	232	115	396	126	392	423	271	285	434	89	416	445	499	485	229	369	261	425	267	0	325	516	298	313	305	463	281	180	375	203	403	264	516	|
|380	355	231	156	271	343	128	376	215	233	218	53	212	98	246	333	87	194	95	293	273	302	324	121	94	44	185	374	96	268	296	196	204	56	201	189	114	325	0	224	294	161	185	157	49	167	455	163	78	147	284	|
|507	379	85	326	63	428	97	576	21	453	60	215	389	233	344	466	272	116	294	509	241	450	307	103	245	246	99	540	137	184	162	31	316	168	422	342	250	516	224	0	344	371	244	70	271	337	490	317	176	261	120	|
|189	65	270	444	334	90	297	363	323	349	288	343	491	389	74	165	225	228	241	369	125	177	96	299	201	258	245	267	327	191	247	319	105	292	410	479	181	298	294	344	0	414	116	328	291	187	163	165	345	147	282	|
|438	479	390	87	425	437	280	340	367	170	375	157	89	151	349	393	191	355	173	229	423	353	466	273	223	172	346	391	235	427	457	347	310	210	69	115	242	313	161	371	414	0	323	301	133	238	565	253	197	273	444	|
|263	172	184	340	249	188	184	370	224	302	194	231	392	277	100	223	134	134	156	340	107	213	143	185	100	155	146	307	211	141	195	216	78	177	335	373	82	305	185	244	116	323	0	217	192	138	278	110	230	55	214	|
|473	373	116	258	127	405	36	520	68	389	92	145	321	165	314	430	215	117	234	447	245	409	311	40	193	183	98	495	67	202	199	49	280	102	353	276	202	463	157	70	328	301	217	0	205	286	485	269	106	220	167	|
|353	355	271	154	316	328	175	330	261	185	261	90	201	125	233	306	67	230	60	244	291	272	335	168	92	39	224	336	145	296	331	243	192	103	160	190	112	281	49	271	291	133	192	205	0	138	449	141	123	145	323	|
|216	251	300	286	361	200	250	242	320	168	302	220	322	261	115	168	80	250	77	202	242	136	261	247	93	123	255	211	247	278	329	306	83	200	225	323	88	180	167	337	187	238	138	286	138	0	328	28	243	88	340	|
|202	112	409	603	468	134	456	429	470	471	431	505	646	551	216	217	382	376	395	473	251	253	187	459	362	418	394	308	488	315	362	469	257	454	551	638	341	375	455	490	163	565	278	485	449	328	0	313	508	308	406	|
|218	229	276	294	337	188	233	266	299	195	279	217	334	260	97	171	77	225	83	230	214	143	235	230	78	119	231	226	235	250	302	286	60	189	246	330	68	203	163	317	165	253	110	269	141	28	313	0	235	61	315	|
|452	402	210	153	233	406	94	453	174	305	190	41	216	62	308	406	163	189	172	366	297	377	357	86	160	120	174	451	41	274	288	154	268	54	252	175	177	403	78	176	345	197	230	106	123	243	508	235	0	207	264	|
|254	210	215	297	278	199	184	328	242	248	220	198	345	244	101	210	81	164	102	288	162	190	195	183	54	110	171	280	197	191	241	230	62	155	280	332	33	264	147	261	147	273	55	220	145	88	308	61	207	0	253	|
|465	300	54	417	69	372	170	581	106	487	75	295	479	325	307	431	298	95	324	536	160	426	219	178	263	288	99	520	223	92	47	120	292	234	482	439	258	516	284	120	282	444	214	167	323	340	406	315	264	253	0	|

--------------------------------------------------------------------------------
Building model...
	using lazy and cut (CVRPSEP package)
Solving IRP LP...
--------------------------------------------------------------------------------

Gurobi 9.1.0 (linux64) logging started Mon Feb 15 06:48:07 2021

Gurobi Optimizer version 9.1.0 build v9.1.0rc0 (linux64)
Thread count: 32 physical cores, 32 logical processors, using up to 2 threads
Optimize a model with 2799 rows, 20844 columns and 62514 nonzeros
Model fingerprint: 0xc3ac27c7
Variable types: 954 continuous, 19890 integer (765 binary)
Coefficient statistics:
  Matrix range     [1e+00, 8e+02]
  Objective range  [1e-02, 6e+02]
  Bounds range     [1e+00, 3e+02]
  RHS range        [1e+00, 7e+03]
Presolve removed 621 rows and 1810 columns
Presolve time: 0.24s
Presolved: 2178 rows, 19034 columns, 54232 nonzeros
Variable types: 584 continuous, 18450 integer (17693 binary)

Root relaxation: objective 3.625639e+03, 2322 iterations, 0.14 seconds

    Nodes    |    Current Node    |     Objective Bounds      |     Work
 Expl Unexpl |  Obj  Depth IntInf | Incumbent    BestBd   Gap | It/Node Time

     0     0 3625.63876    0  178          - 3625.63876      -     -    0s
     0     0 3945.58753    0  181          - 3945.58753      -     -    1s
     0     0 4411.60354    0  243          - 4411.60354      -     -    2s
     0     0 4427.09430    0  271          - 4427.09430      -     -    3s
     0     0 4427.12504    0  287          - 4427.12504      -     -    3s
     0     0 4698.14461    0  276          - 4698.14461      -     -    4s
     0     0 4745.97581    0  281          - 4745.97581      -     -    4s
     0     0 4752.03360    0  267          - 4752.03360      -     -    4s
     0     0 4752.61783    0  245          - 4752.61783      -     -    4s
     0     0 4852.38084    0  448          - 4852.38084      -     -    6s
     0     0 4904.31982    0  535          - 4904.31982      -     -    6s
     0     0 4913.29838    0  523          - 4913.29838      -     -    6s
     0     0 4914.04346    0  532          - 4914.04346      -     -    6s
     0     0 4966.53670    0  468          - 4966.53670      -     -    7s
     0     0 4984.04362    0  522          - 4984.04362      -     -    9s
     0     0 4986.34732    0  505          - 4986.34732      -     -    9s
     0     0 4986.55971    0  483          - 4986.55971      -     -    9s
     0     0 5002.84564    0  495          - 5002.84564      -     -   10s
     0     0 5005.83548    0  558          - 5005.83548      -     -   11s
     0     0 5006.49327    0  588          - 5006.49327      -     -   11s
     0     0 5018.22831    0  434          - 5018.22831      -     -   12s
     0     0 5024.58627    0  532          - 5024.58627      -     -   12s
     0     0 5025.58356    0  521          - 5025.58356      -     -   12s
     0     0 5030.58764    0  560          - 5030.58764      -     -   13s
     0     0 5030.58764    0  558          - 5030.58764      -     -   13s
     0     2 5030.58764    0  558          - 5030.58764      -     -   16s
    19    22 5105.41346    6  327          - 5048.91180      -   573   20s
    49    55 5260.90781   16  272          - 5048.91180      -   564   25s
   100   114 5742.91288   37  209          - 5048.91180      -   455   30s
   217   242 6875.43701  101   95          - 5048.91180      -   289   35s
   290   291 5140.83867    9  591          - 5048.99799      -   266   40s
   335   341 5217.65586   16  562          - 5048.99799      -   271   45s
   392   406 5288.06588   19  627          - 5048.99799      -   274   50s
   503   551 5339.83058   22  585          - 5048.99799      -   240   56s
   749   793 5397.00952   27  456          - 5048.99799      -   177   62s
   813   802 7025.12980  110  558          - 5048.99799      -   171   67s
   816   804 7962.44068  186  280          - 5048.99799      -   170   71s
   820   807 6377.51948   73  660          - 5065.07632      -   169   75s
   829   813 7799.99443  177  725          - 5109.18410      -   167   80s
   839   819 7776.09730  130  756          - 5137.92851      -   165   99s
   843   822 9755.72500  296  673          - 5145.68545      -   164  100s
   850   827 6191.15353   58  761          - 5156.67076      -   163  105s
   861   834 6816.00711  100  735          - 5169.09810      -   161  110s
   867   838 10674.4700  341  743          - 5171.16454      -   160  115s
   874   844 7541.93003  160  193          - 5171.24878      -   186  121s
   877   846 5427.85114   21  649          - 5171.24878      -   186  125s
   886   852 7687.06748  173  795          - 5172.19527      -   184  130s
   891   856 9411.97472  274  710          - 5177.42206      -   183  135s
   895   858 8390.71193  239  722          - 5178.49127      -   182  149s
   899   861 7784.68560  128  740          - 5180.16817      -   181  150s
   905   865 5183.76510    8  809          - 5183.76510      -   180  155s
   911   869 10386.6744  335  812          - 5186.39209      -   179  160s
   915   872 6501.57254   83  862          - 5186.69281      -   178  165s
   917   873 6726.93000  106  862          - 5186.69281      -   178  176s
   924   881 5201.46173   28  638          - 5201.43165      -   200  180s
   934   887 5232.90531   30  599          - 5214.76537      -   210  186s
   944   894 5226.13855   33  510          - 5214.76537      -   218  190s
   953   901 5248.33084   36  618          - 5214.76537      -   225  195s
   969   913 5272.53138   40  490          - 5214.76537      -   237  200s
   982   919 5473.06778   41  586          - 5214.76537      -   246  205s
   999   935 5402.30912   47  528          - 5214.76537      -   254  210s
  1018   948 5344.01220   51  581          - 5214.76537      -   262  218s
  1025   953 5353.58309   52  515          - 5214.76537      -   264  220s
  1047   969 5387.94749   57  426          - 5214.76537      -   273  225s
  1074   991 5403.36736   61  515          - 5214.76537      -   279  232s
  1096  1004 5441.27104   65  464          - 5214.76537      -   286  236s
  1122  1029 5513.52158   68  482          - 5214.76537      -   292  241s
  1160  1060 5513.41948   73  387          - 5214.76537      -   296  246s
  1205  1089 5721.83695   80  415          - 5214.76537      -   301  251s
  1250  1120 5633.30964   88  412          - 5214.76537      -   305  257s
  1274  1157 5659.14215   92  459          - 5214.76537      -   309  261s
  1379  1243 5895.28194  106  345          - 5214.76537      -   302  267s
  1446  1265 6074.77233  116  309          - 5214.76537      -   297  272s
  1515  1281 6294.02496  128  249          - 5214.76537      -   292  276s
  1554  1304 6645.96602  146  194          - 5225.35853      -   291  282s
  1621  1285 5349.65674   31  723          - 5225.35853      -   290  286s
  1630  1292 5360.95000   35  540          - 5225.35853      -   295  290s
  1640  1306 5439.57551   37  643          - 5225.35853      -   300  296s
  1661  1323 5555.29497   42  471          - 5225.35853      -   308  303s
  1676  1331 5536.75070   47  567          - 5225.35853      -   311  306s
  1689  1341 5668.03755   50  384          - 5225.35853      -   315  310s
  1725  1370 5748.45185   63  340          - 5225.35853      -   321  317s
  1744  1405 5758.34545   65  380          - 5225.35853      -   324  321s
  1786  1432 5811.80162   73  251          - 5225.35853      -   324  325s
  1827  1467 5952.10524   77  232          - 5225.35853      -   325  330s
  1875  1518 5992.94518   84  173          - 5225.35853      -   326  335s
  1942  1591 6080.50350   92  179          - 5225.35853      -   324  341s
  2044  1637 6197.56666   97  194          - 5225.35853      -   318  348s
  2124  1648 6338.46141  101  282          - 5225.35853      -   313  355s
  2169  1671 6263.80289  105  201          - 5225.35853      -   309  361s
  2228  1707 6490.40396  125  165          - 5225.35853      -   306  367s
  2272  1742 6565.34196  138  155          - 5225.35853      -   307  373s
  2322  1771 6722.80014  154  155          - 5225.35853      -   308  379s
  2355  1760 6836.54325  162  181          - 5225.35853      -   308  380s
  2367  1803 6876.07820  166  174          - 5225.35853      -   310  386s
  2414  1838 7051.62996  184  193          - 5225.35853      -   311  393s
  2465  1873 7214.67024  199  157          - 5225.35853      -   312  400s
  2517  1915 7499.24641  216  156          - 5225.35853      -   315  408s
  2576  1945 7745.38643  231  182          - 5225.35853      -   315  416s
  2626  1975 7829.12271  241  195          - 5225.35853      -   317  424s
  2667  1962 5716.29160   47  395          - 5225.35853      -   318  425s
  2677  2043 8255.14245  250  183          - 5225.35853      -   320  433s
  2764  2133 8574.68388  266  146          - 5225.35853      -   320  443s
  2885  2198 9483.00617  303  158          - 5225.35853      -   316  453s
  2990  2329 10524.1412  319   44          - 5225.35853      -   313  462s
  3183  2310 11675.6000  358    -          - 5225.35853      -   296  465s
  3254  2411 11008.1383  332   44          - 5227.92514      -   293  475s
* 3276  2359             349    12201.800000 5227.92514  57.2%   292  475s
* 3317  2317             358    12198.300000 5227.92514  57.1%   289  475s
  3463  2267 5397.97198   31  753 12198.3000 5227.92514  57.1%   284  485s
  3476  2292 5419.29021   33  579 12198.3000 5227.92514  57.1%   284  515s
  3501  2325 5534.82613   37  371 12198.3000 5227.92514  57.1%   286  549s
  3521  2325 7383.01793  141  115 12198.3000 5227.92514  57.1%   287  550s
  3534  2391 5516.76389   38  383 12198.3000 5227.92514  57.1%   287  560s
  3600  2466 5576.73871   44  427 12198.3000 5227.92514  57.1%   287  571s
  3685  2606 5582.60670   46  457 12198.3000 5227.92514  57.1%   284  584s
  3827  2600 5640.76181   46  501 12198.3000 5227.92514  57.1%   279  596s
  3845  2606 5679.02891   47  539 12198.3000 5227.92514  57.1%   282  604s
  3851  2621 5588.76840   48  460 12198.3000 5227.92514  57.1%   283  612s
  3866  2632 5630.04330   52  541 12198.3000 5227.92514  57.1%   286  623s
  3877  2642 5657.23825   53  468 12198.3000 5227.92514  57.1%   288  632s
  3887  2670 5656.35791   51  473 12198.3000 5227.92514  57.1%   290  641s
  3915  2707 5695.09575   58  417 12198.3000 5227.92514  57.1%   292  654s
  3947  2707 6771.79940  102  254 12198.3000 5227.92514  57.1%   293  655s
  3952  2735 5734.84963   64  507 12198.3000 5227.92514  57.1%   293  665s
  3980  2870 5785.63516   64  419 12198.3000 5227.92514  57.1%   295  683s
  4101  2870 11253.2797  247   46 12198.3000 5227.92514  57.1%   290  685s
  4133  2892 6194.79482   65  519 12198.3000 5227.92514  57.1%   290  696s
  4168  2901 5848.56560   68  474 12198.3000 5227.92514  57.1%   291  710s
  4178  2921 5857.44089   72  404 12198.3000 5227.92514  57.1%   294  722s
  4207  2937 5937.37417   77  357 12198.3000 5227.92514  57.1%   297  735s
  4217  2960 5994.49895   84  329 12198.3000 5227.92514  57.1%   299  749s
  4240  3009 6109.04209   93  267 12198.3000 5227.92514  57.1%   301  761s
  4289  3075 6240.15870  109  134 12198.3000 5227.92514  57.1%   303  776s
  4355  3176 6688.64751  129  129 12198.3000 5227.92514  57.1%   302  793s
  4468  3199 7820.55128  170  100 12198.3000 5250.00662  57.0%   300  808s
  4533  3214 5353.61937   36  780 12198.3000 5250.00662  57.0%   300  820s
  4548  3228 5478.80729   41  726 12198.3000 5250.00662  57.0%   303  834s
  4562  3256 5595.43790   48  635 12198.3000 5250.00662  57.0%   305  846s
  4590  3276 5795.31759   56  517 12198.3000 5250.00662  57.0%   308  860s
  4610  3321 6102.81600   68  284 12198.3000 5250.00662  57.0%   309  877s
  4655  3359 6709.51134  102  187 12198.3000 5251.47554  56.9%   310  896s
  4709  3382 5431.65940   29  804 12198.3000 5251.47554  56.9%   312  912s
  4732  3427 5471.65725   32  813 12198.3000 5251.47554  56.9%   315  927s
  4777  3476 5783.44102   35  646 12198.3000 5251.47554  56.9%   318  942s
  4826  3478 5918.13001   37  438 12198.3000 5251.47554  56.9%   319 1006s
  4828  3552 5780.65951   36  588 12198.3000 5251.47554  56.9%   320 1022s
  4902  3635 5847.74669   40  532 12198.3000 5251.47554  56.9%   321 1042s
  4985  3854 5850.82884   44  605 12198.3000 5251.47554  56.9%   320 1071s
  5202  3854 8463.29259  230   49 12198.3000 5251.47554  56.9%   313 1075s
  5244  3866 5886.05863   45  467 12198.3000 5251.47554  56.9%   312 1092s
  5260  3890 6195.47742   48  422 12198.3000 5251.47554  56.9%   316 1106s
  5284  3922 6368.45762   53  386 12198.3000 5251.47554  56.9%   319 1122s
  5316  3956 6743.59063   62  279 12198.3000 5251.47554  56.9%   321 1184s
  5350  4132 6917.63978   68  296 12198.3000 5251.47554  56.9%   323 1205s
  5545  4410 8055.59183   96  280 12198.3000 5251.47554  56.9%   319 1233s
  5621  4410 9094.52079  121  189 12198.3000 5251.47554  56.9%   316 1235s
  5829  4430     cutoff  172      12198.3000 5253.36270  56.9%   309 1253s
  5861  4473 5453.09956   40  556 12198.3000 5253.36270  56.9%   311 1269s
  5904  4562 5726.06540   54  516 12198.3000 5253.36270  56.9%   313 1289s
  5991  4562 7353.75011  164  173 12198.3000 5253.36270  56.9%   312 1291s
  5993  4718 6443.05493   72  228 12198.3000 5254.06234  56.9%   312 1311s
  6192  4740 5528.24158   32  690 12198.3000 5254.10507  56.9%   308 1329s
  6213  4781 5804.97777   49  481 12198.3000 5254.10507  56.9%   310 1345s
  6254  4849 6220.34366   78  326 12198.3000 5254.10507  56.9%   312 1363s
  6322  4982 6953.33986  132  306 12198.3000 5259.94654  56.9%   313 1385s
  6481  5072 5453.49896   34  769 12198.3000 5259.94654  56.9%   310 1411s
  6587  5102 5680.22905   45  713 12198.3000 5259.94654  56.9%   311 1430s
  6610  5139 5866.33366   57  501 12198.3000 5259.94654  56.9%   313 1448s
  6647  5296 6644.04946   84  437 12198.3000 5262.45164  56.9%   315 1478s
  6777  5296 11175.5300  214   12 12198.3000 5262.45164  56.9%   312 1480s
  6829  5325 12040.6500  241    - 12198.3000 5266.06368  56.8%   313 1497s
  6858  5351 12098.9183  241   28 12198.3000 5266.31799  56.8%   316 1515s
  6893  5378     cutoff  248      12198.3000 5269.48717  56.8%   318 1534s
  6923  5452 5789.40527   41  560 12198.3000 5269.48717  56.8%   322 1555s
  6997  5661 5941.98698   45  344 12198.3000 5269.48717  56.8%   323 1588s
  7077  5661 6604.38471  143  122 12198.3000 5269.48717  56.8%   323 1590s
  7251  5741 5978.76558   48  536 12198.3000 5269.48717  56.8%   320 1621s
  7333  5817 6115.12453   55  361 12198.3000 5269.48717  56.8%   323 1654s
  7357  5817 7967.99197   89  145 12198.3000 5269.48717  56.8%   326 1655s
  7421  5895 6633.71145   67  380 12198.3000 5269.48717  56.8%   326 1708s
  7435  5895 6797.25869   71  254 12198.3000 5269.48717  56.8%   327 1710s
  7499  6326 6842.71515   79  377 12198.3000 5278.51086  56.7%   330 1768s
  7625  6326 8356.69706  127  115 12198.3000 5278.51086  56.7%   328 1770s
  8076  6368 infeasible  216      12198.3000 5279.19314  56.7%   316 1806s
  8130  6612 5978.09780   53  551 12198.3000 5282.94294  56.7%   320 1846s
  8419  6645 5333.41109   33  727 12198.3000 5283.99609  56.7%   316 1878s
  8452  6742 5644.14567   51  564 12198.3000 5283.99609  56.7%   320 1910s
  8549  6977 6018.41702   80  285 12198.3000 5284.56116  56.7%   323 1987s
  8814  7149 5301.76146   36  863 12198.3000 5284.56116  56.7%   323 2039s
  8875  7149 6499.29104  120  123 12198.3000 5284.56116  56.7%   325 2040s
  9011  7214 5617.12656   55  563 12198.3000 5284.56116  56.7%   323 2073s
  9076  7532 6445.28813   94  286 12198.3000 5287.33910  56.7%   325 2113s
  9170  7532 8729.98071  188  120 12198.3000 5287.33910  56.7%   323 2115s
  9447  7593 infeasible  266      12198.3000 5291.03519  56.6%   319 2148s
  9510  7728 5559.02483   41  593 12198.3000 5291.03519  56.6%   322 2198s
  9610  7728 9025.18761  163   95 12198.3000 5291.03519  56.6%   323 2200s
  9663  7784 5696.67752   47  607 12198.3000 5291.03519  56.6%   322 2230s
  9741  7912 6210.27205   60  329 12198.3000 5291.03519  56.6%   325 2394s
  9763  7912 7166.81484   72  299 12198.3000 5291.03519  56.6%   325 2395s
  9864  8253 7953.26109  102  200 12198.3000 5295.06870  56.6%   326 2441s
 10194  8280 infeasible  186      12198.3000 5295.06870  56.6%   319 2445s
 10279  8397 infeasible  188      12198.3000 5295.07525  56.6%   321 2481s
 10455  8472 5819.04246   54  379 12198.3000 5295.44007  56.6%   320 2566s
 10475  8472 6069.20237   67  300 12198.3000 5295.44007  56.6%   321 2573s
 10517  8572 6200.15137   73  249 12198.3000 5295.44007  56.6%   322 2607s
 10617  9078 6510.44821   97  176 12198.3000 5300.14152  56.6%   326 2656s
 10981  9087 7927.63796  235   37 12198.3000 5300.14152  56.6%   319 2660s
 11212  9163 10576.8845  252   18 12198.3000 5300.98110  56.5%   317 2733s
 11310  9348 11231.4200  258    6 12198.3000 5300.98174  56.5%   318 2771s
 11526  9378 11788.0959  262   10 12198.3000 5302.42232  56.5%   317 2811s
 11559  9428 12019.9500  267    - 12198.3000 5303.07589  56.5%   318 2845s
*11584  9429             244    12193.830000 5305.17739  56.5%   319 2845s
 11619  9583 infeasible  267      12193.8300 5305.68436  56.5%   321 2880s
 11801  9636 5716.89899   45  725 12193.8300 5306.87995  56.5%   321 2932s
 11844  9703 5907.94525   67  683 12193.8300 5306.87995  56.5%   324 2964s
 11858  9703 6102.49956   78  271 12193.8300 5306.87995  56.5%   325 2965s
 11911  9777 6084.36017   85  336 12193.8300 5306.87995  56.5%   327 3027s
 11985 10215 6398.00658   97  252 12193.8300 5309.10108  56.5%   328 3075s
 12402 10215 7644.09321  188   67 12193.8300 5309.79977  56.5%   323 3080s
 12482 10272 5452.31539   40  729 12193.8300 5309.79977  56.5%   323 3116s
 12542 10302 5483.18745   45  586 12193.8300 5309.79977  56.5%   325 3153s
 12577 10350 5525.26538   49  554 12193.8300 5309.79977  56.5%   328 3186s
 12644 10400 5670.18575   59  453 12193.8300 5309.79977  56.5%   330 3221s
 12706 10404 5791.01445   69  422 12193.8300 5309.79977  56.5%   333 3389s
 12711 10475 5858.81918   69  475 12193.8300 5309.79977  56.5%   333 3440s
 12782 10730 6116.07954   91  275 12193.8300 5313.44872  56.4%   337 3488s
 12883 10730 6922.77548  142  117 12193.8300 5313.44872  56.4%   336 3490s
 13103 10853 9451.96802  175   57 12193.8300 5313.57634  56.4%   334 3530s
 13286 10922 5633.31903   53  595 12193.8300 5314.82091  56.4%   334 3568s
 13348 10999 5756.27674   57  464 12193.8300 5314.82091  56.4%   337 3600s

Cutting planes:
  User: 9475
  Gomory: 42
  Cover: 713
  Implied bound: 233
  Projected implied bound: 7
  Clique: 31
  MIR: 163
  Flow cover: 527
  Zero half: 80
  Network: 1
  RLT: 437
  Relax-and-lift: 9
  Lazy constraints: 2634

Explored 13425 nodes (4574217 simplex iterations) in 3601.07 seconds
Thread count was 2 (of 32 available processors)

Solution count 3: 12193.8 12198.3 12201.8 

Time limit reached
Best objective 1.219383000000e+04, best bound 5.314820914349e+03, gap 56.4139%

User-callback calls 660119, time in user-callback 259.60 sec
================================================================================
executing instance: ./input/Instances/Original/5/absH3low_4n25.dat
--------------------------------------------------------------------------------
Instance details
n	26
H	3
C	2029
Li:
[0, 0, 0, 0, 0, 0, 0, 0, 0, 0, 0, 0, 0, 0, 0, 0, 0, 0, 0, 0, 0, 0, 0, 0, 0, 0, ]
Ui:
[0, 34, 165, 76, 88, 188, 58, 279, 52, 132, 198, 142, 135, 165, 186, 58, 201, 196, 40, 183, 32, 90, 168, 126, 93, 146, ]
Distance matrix:
|0	299	188	235	91	202	152	147	162	277	268	132	71	162	220	69	220	289	241	124	265	80	162	132	66	302	|
|299	0	468	431	282	142	317	425	443	569	193	178	359	302	422	231	93	28	511	325	457	242	434	215	240	601	|
|188	468	0	153	265	342	308	43	192	106	455	290	117	206	142	246	379	464	252	274	360	267	211	319	231	184	|
|235	431	153	0	326	289	386	145	321	240	482	269	184	129	15	258	339	436	393	355	477	305	336	354	237	334	|
|91	282	265	326	0	228	66	228	166	339	196	157	154	242	311	99	225	264	229	50	201	47	153	71	115	340	|
|202	142	342	289	228	0	285	301	363	447	255	73	245	161	281	139	53	151	440	278	428	181	360	187	136	495	|
|152	317	308	386	66	285	0	275	167	368	188	217	207	308	371	163	274	295	210	34	145	108	148	104	181	350	|
|147	425	43	145	228	301	275	0	179	146	415	248	76	172	131	203	337	421	248	242	341	227	195	279	188	211	|
|162	443	192	321	166	363	167	179	0	216	352	291	152	302	307	225	375	428	81	138	170	201	22	237	227	183	|
|277	569	106	240	339	447	368	146	216	0	535	391	210	312	232	341	481	562	245	335	381	352	238	402	329	106	|
|268	193	455	482	196	255	188	415	352	535	0	225	339	367	469	224	212	165	398	214	302	188	335	136	245	533	|
|132	178	290	269	157	73	217	248	291	391	225	0	183	145	258	66	91	175	367	207	358	110	287	127	67	431	|
|71	359	117	184	154	245	207	76	152	210	339	183	0	152	169	131	274	352	232	174	294	151	161	203	119	251	|
|162	302	206	129	242	161	308	172	302	312	367	145	152	0	120	153	210	308	383	284	426	208	309	249	132	383	|
|220	422	142	15	311	281	371	131	307	232	469	258	169	120	0	245	330	427	379	340	461	291	321	340	224	324	|
|69	231	246	258	99	139	163	203	225	341	224	66	131	153	245	0	152	222	301	147	299	57	221	97	22	371	|
|220	93	379	339	225	53	274	337	375	481	212	91	274	210	330	152	0	99	448	273	419	180	369	171	157	521	|
|289	28	464	436	264	151	295	421	428	562	165	175	352	308	427	222	99	0	493	305	434	227	418	196	234	590	|
|241	511	252	393	229	440	210	248	81	245	398	367	232	383	379	301	448	493	0	190	147	270	80	298	305	175	|
|124	325	274	355	50	278	34	242	138	335	214	207	174	284	340	147	273	305	190	0	152	97	122	110	162	320	|
|265	457	360	477	201	428	145	341	170	381	302	358	294	426	461	299	419	434	147	152	0	248	150	249	312	322	|
|80	242	267	305	47	181	108	227	201	352	188	110	151	208	291	57	180	227	270	97	248	0	192	52	76	366	|
|162	434	211	336	153	360	148	195	22	238	335	287	161	309	321	221	369	418	80	122	150	192	0	224	225	203	|
|132	215	319	354	71	187	104	279	237	402	136	127	203	249	340	97	171	196	298	110	249	52	224	0	118	409	|
|66	240	231	237	115	136	181	188	227	329	245	67	119	132	224	22	157	234	305	162	312	76	225	118	0	364	|
|302	601	184	334	340	495	350	211	183	106	533	431	251	383	324	371	521	590	175	320	322	366	203	409	364	0	|

--------------------------------------------------------------------------------
Building model...
	using lazy and cut (CVRPSEP package)
Solving IRP LP...
--------------------------------------------------------------------------------

Gurobi 9.1.0 (linux64) logging started Mon Feb 15 07:48:08 2021

Gurobi Optimizer version 9.1.0 build v9.1.0rc0 (linux64)
Thread count: 32 physical cores, 32 logical processors, using up to 2 threads
Optimize a model with 1424 rows, 5744 columns and 18164 nonzeros
Model fingerprint: 0x210ce9cd
Variable types: 479 continuous, 5265 integer (390 binary)
Coefficient statistics:
  Matrix range     [1e+00, 4e+02]
  Objective range  [1e-02, 6e+02]
  Bounds range     [1e+00, 3e+02]
  RHS range        [1e+00, 3e+03]
Presolve removed 366 rows and 927 columns
Presolve time: 0.10s
Presolved: 1058 rows, 4817 columns, 14871 nonzeros
Variable types: 278 continuous, 4539 integer (4185 binary)

Root relaxation: objective 2.682727e+03, 1134 iterations, 0.03 seconds

    Nodes    |    Current Node    |     Objective Bounds      |     Work
 Expl Unexpl |  Obj  Depth IntInf | Incumbent    BestBd   Gap | It/Node Time

     0     0 2682.72691    0  103          - 2682.72691      -     -    0s
     0     0 2939.53807    0  188          - 2939.53807      -     -    0s
     0     0 2942.79794    0  158          - 2942.79794      -     -    0s
     0     0 2942.80746    0  159          - 2942.80746      -     -    0s
     0     0 3371.41720    0  247          - 3371.41720      -     -    0s
     0     0 3427.21647    0  227          - 3427.21647      -     -    0s
     0     0 3427.40502    0  217          - 3427.40502      -     -    0s
     0     0 3562.82649    0  235          - 3562.82649      -     -    0s
     0     0 3601.62464    0  213          - 3601.62464      -     -    1s
     0     0 3607.59072    0  283          - 3607.59072      -     -    1s
     0     0 3609.10421    0  268          - 3609.10421      -     -    1s
     0     0 3609.26244    0  286          - 3609.26244      -     -    1s
     0     0 3679.16655    0  276          - 3679.16655      -     -    1s
     0     0 3685.62394    0  300          - 3685.62394      -     -    1s
     0     0 3689.44441    0  299          - 3689.44441      -     -    1s
     0     0 3689.64852    0  286          - 3689.64852      -     -    1s
     0     0 3713.00387    0  230          - 3713.00387      -     -    1s
     0     0 3721.15583    0  270          - 3721.15583      -     -    1s
     0     0 3725.38574    0  296          - 3725.38574      -     -    1s
     0     0 3726.55083    0  301          - 3726.55083      -     -    1s
     0     0 3726.82981    0  306          - 3726.82981      -     -    1s
     0     0 3733.72403    0  201          - 3733.72403      -     -    1s
     0     0 3734.80688    0  221          - 3734.80688      -     -    1s
     0     0 3738.66999    0  325          - 3738.66999      -     -    1s
     0     0 3738.66999    0  324          - 3738.66999      -     -    1s
     0     2 3741.54478    0  320          - 3741.54478      -     -    2s
    78    86 4634.69646   20  107          - 3831.05196      -   314    5s
*  292   294              89    6121.2400000 3831.05196  37.4%   138    6s
   380   321 4635.83680   29   97 6121.24000 3846.29002  37.2%   153   10s
H  389   287                    5902.1900000 3846.29002  34.8%   153   10s
*  552   444             114    5548.1100000 3846.31859  30.7%   131   13s
   631   483 4462.93374   19  167 5548.11000 3846.31859  30.7%   138   15s
H  739   551                    5298.1100000 3846.31859  27.4%   145   18s
   749   557 4608.19971   34  242 5298.11000 3852.46178  27.3%   143   20s
H  755   532                    5287.1100000 3869.57841  26.8%   142   21s
   767   543 3886.66052   16  284 5287.11000 3886.46489  26.5%   148   26s
   782   554 4062.24754   20  350 5287.11000 3966.30415  25.0%   154   30s
   840   598 4256.10305   33  332 5287.11000 4035.39010  23.7%   171   35s
H  848   570                    5266.4000000 4035.39010  23.4%   171   35s
  1004   693 4949.01284   57  211 5266.40000 4035.39010  23.4%   168   40s
  1184   731 4638.43197   31  212 5266.40000 4037.02842  23.3%   168   45s
H 1274   735                    5214.1700000 4038.35884  22.6%   171   48s
  1310   757 4446.02909   31  303 5214.17000 4038.35884  22.6%   173   50s
  1558   878 4685.21026   27  159 5214.17000 4059.83900  22.1%   171   55s
H 1559   734                    5028.5300000 4059.83900  19.3%   170   55s
H 1653   511                    4783.4300000 4063.30997  15.1%   170   58s
  1690   537 4684.85890   29  173 4783.43000 4065.45153  15.0%   174   60s
