




arguments: ./build/bc_mirp -f ./input/orig_exec_86.cfg
Current dir: /scratch/gui/bc_mirp
File verbosity level: 9
date       time         ( uptime  ) [ thread name/id ]                   file:line     v| 
2021-02-07 06:48:26.821 (   0.312s) [main thread     ]             loguru.cpp:789   INFO| Logging to './output/vi_vc+hc1_full/OU/V5/Original/execution_07_02_2021_06_48_26.log', mode: 'a', verbosity: 9
--------------------------------------------------------------------------------
Parameters
                           instance_path           ./input/Instances/Original/2/
                            model_policy                                       1
                             nb_vehicles                                       5
                              output_dir ./output/vi_vc+hc1_full/OU/V5/Original/
                            sec_strategy                                       1
                       solver_nb_threads                                       2
                         solver_show_log                                    true
                       solver_time_limit                                    3600
                              use_vi_cos                                   false
                              use_vi_cus                                   false
                         use_vi_hc1_full                                    true
                         use_vi_hc1_half                                   false
                      use_vi_hc1_quarter                                   false
                              use_vi_hc2                                   false
                              use_vi_hc3                                   false
                         use_vi_lex_full                                   false
                         use_vi_lex_half                                   false
                      use_vi_lex_quarter                                   false
                              use_vi_qua                                   false
                               use_vi_vc                                    true
                               use_vi_vr                                   false
--------------------------------------------------------------------------------
executing instance: ./input/Instances/Original/2/absH3high_3n40.dat
--------------------------------------------------------------------------------
Instance details
n	41
H	3
C	3283
Li:
[0, 0, 0, 0, 0, 0, 0, 0, 0, 0, 0, 0, 0, 0, 0, 0, 0, 0, 0, 0, 0, 0, 0, 0, 0, 0, 0, 0, 0, 0, 0, 0, 0, 0, 0, 0, 0, 0, 0, 0, 0, ]
Ui:
[0, 63, 111, 99, 96, 111, 282, 122, 156, 261, 42, 192, 126, 42, 162, 207, 159, 122, 102, 190, 118, 102, 132, 102, 165, 252, 66, 52, 22, 114, 210, 176, 116, 294, 78, 152, 210, 45, 130, 198, 174, ]
Distance matrix:
|0	208	225	252	227	143	258	127	267	150	28	83	163	286	57	149	201	137	214	255	70	73	107	186	328	266	249	343	222	177	293	144	262	215	167	120	169	218	143	173	255	|
|208	0	397	355	416	198	216	99	211	275	193	172	97	166	240	225	362	109	277	314	182	216	273	374	298	208	319	161	14	103	93	120	58	196	152	156	372	227	260	218	453	|
|225	397	0	427	53	364	482	343	492	129	253	225	382	386	171	188	39	291	187	195	295	182	282	55	326	491	180	551	408	315	457	366	455	275	392	244	221	439	341	214	101	|
|252	355	427	0	401	158	201	263	219	396	234	328	259	498	299	400	420	354	465	506	205	324	152	374	574	219	499	393	366	389	446	235	378	456	205	359	224	150	111	423	400	|
|227	416	53	401	0	357	477	352	489	165	253	245	389	424	179	223	85	315	234	245	293	200	264	42	375	488	231	565	428	344	484	370	474	314	392	270	184	430	325	252	50	|
|143	198	364	158	357	0	121	105	134	290	116	196	103	342	200	276	343	205	343	385	74	210	112	319	432	133	382	265	209	237	290	78	226	313	57	220	232	75	69	292	375	|
|258	216	482	201	477	121	0	168	18	397	230	293	135	381	314	372	459	275	437	480	188	317	228	439	501	18	479	197	222	296	290	132	212	386	95	306	347	58	173	381	496	|
|127	99	343	263	352	105	168	0	171	239	105	130	40	237	173	206	313	109	270	312	84	164	175	310	337	169	313	216	112	135	192	37	142	220	77	138	280	155	162	213	382	|
|267	211	492	219	489	134	18	171	0	404	240	298	136	376	323	376	468	276	441	483	198	324	243	450	500	2	483	181	215	294	281	136	202	386	102	309	363	75	189	384	509	|
|150	275	129	396	165	290	397	239	404	0	175	110	279	259	97	59	91	166	84	116	217	80	245	130	226	402	106	434	286	187	329	269	333	149	302	119	244	364	291	87	213	|
|28	193	253	234	253	116	230	105	240	175	0	94	139	286	84	167	229	136	234	275	43	96	98	212	341	238	271	320	206	175	281	118	244	225	140	128	180	191	124	189	280	|
|83	172	225	328	245	196	293	130	298	110	94	0	169	209	77	80	191	71	147	189	127	45	189	203	247	296	187	327	184	106	241	162	230	132	198	38	242	266	217	96	285	|
|163	97	382	259	389	103	135	40	136	279	139	169	0	253	212	244	353	141	307	349	110	203	194	347	366	133	350	183	107	161	187	27	124	251	56	175	306	133	169	249	418	|
|286	166	386	498	424	342	381	237	376	259	286	209	253	0	284	201	347	151	210	230	299	247	383	387	155	374	242	290	162	112	129	270	192	113	308	172	451	386	391	172	471	|
|57	240	171	299	179	200	314	173	323	97	84	77	212	284	0	112	145	147	170	208	127	38	148	137	299	321	201	386	253	183	315	195	297	195	222	112	171	275	195	142	214	|
|149	225	188	400	223	276	372	206	376	59	167	80	244	201	112	0	149	117	67	110	205	78	254	186	187	374	108	387	235	132	272	240	283	93	277	71	279	346	291	32	270	|
|201	362	39	420	85	343	459	313	468	91	229	191	353	347	145	149	0	254	149	160	272	150	271	66	290	466	146	518	373	278	419	339	420	235	367	207	227	418	327	175	135	|
|137	109	291	354	315	205	275	109	276	166	136	71	141	151	147	117	254	0	172	212	151	116	232	273	229	274	215	270	119	39	170	145	167	111	186	47	305	263	245	113	356	|
|214	277	187	465	234	343	437	270	441	84	234	147	307	210	170	67	149	172	0	42	272	141	317	205	144	439	43	437	284	175	307	305	331	99	343	132	327	413	357	60	283	|
|255	314	195	506	245	385	480	312	483	116	275	189	349	230	208	110	160	212	42	0	314	182	356	222	132	481	15	474	321	212	337	347	367	126	385	174	358	455	398	100	295	|
|70	182	295	205	293	74	188	84	198	217	43	127	110	299	127	205	272	151	272	314	0	137	91	253	370	196	310	292	195	188	274	85	226	252	99	155	197	148	94	223	316	|
|73	216	182	324	200	210	317	164	324	80	96	45	203	247	38	78	150	116	141	182	137	0	176	158	263	323	176	369	229	150	286	191	274	157	223	77	208	284	216	106	239	|
|107	273	282	152	264	112	228	175	243	245	98	189	194	383	148	254	271	232	317	356	91	176	0	231	435	242	349	371	286	271	365	167	315	321	164	224	120	174	61	280	274	|
|186	374	55	374	42	319	439	310	450	130	212	203	347	387	137	186	66	273	205	222	253	158	231	0	348	448	208	523	386	303	442	329	431	279	352	229	167	392	291	217	85	|
|328	298	326	574	375	432	501	337	500	226	341	247	366	155	299	187	290	229	144	132	370	263	435	348	0	498	147	441	299	206	283	374	338	119	414	215	465	492	463	157	425	|
|266	208	491	219	488	133	18	169	2	402	238	296	133	374	321	374	466	274	439	481	196	323	242	448	498	0	481	180	213	292	278	134	200	384	100	307	362	75	188	381	508	|
|249	319	180	499	231	382	479	313	483	106	271	187	350	242	201	108	146	215	43	15	310	176	349	208	147	481	0	480	326	217	346	347	373	135	385	175	347	454	392	103	280	|
|343	161	551	393	565	265	197	216	181	434	320	327	183	290	386	387	518	270	437	474	292	369	371	523	441	180	480	0	153	263	163	207	107	352	208	317	487	244	334	379	598	|
|222	14	408	366	428	209	222	112	215	286	206	184	107	162	253	235	373	119	284	321	195	229	286	386	299	213	326	153	0	109	81	132	48	201	162	167	386	236	272	226	466	|
|177	103	315	389	344	237	296	135	294	187	175	106	161	112	183	132	278	39	175	212	188	150	271	303	206	292	217	263	109	0	142	171	156	95	211	74	344	289	281	118	386	|
|293	93	457	446	484	290	290	192	281	329	281	241	187	129	315	272	419	170	307	337	274	286	365	442	283	278	346	163	81	142	0	212	79	211	241	214	461	311	353	254	525	|
|144	120	366	235	370	78	132	37	136	269	118	162	27	270	195	240	339	145	305	347	85	191	167	329	374	134	347	207	132	171	212	0	151	257	40	174	280	119	142	248	398	|
|262	58	455	378	474	226	212	142	202	333	244	230	124	192	297	283	420	167	331	367	226	274	315	431	338	200	373	107	48	156	79	151	0	245	173	214	421	237	293	273	510	|
|215	196	275	456	314	313	386	220	386	149	225	132	251	113	195	93	235	111	99	126	252	157	321	279	119	384	135	352	201	95	211	257	245	0	297	97	365	374	345	62	362	|
|167	152	392	205	392	57	95	77	102	302	140	198	56	308	222	277	367	186	343	385	99	223	164	352	414	100	385	208	162	211	241	40	173	297	0	213	283	79	126	287	415	|
|120	156	244	359	270	220	306	138	309	119	128	38	175	172	112	71	207	47	132	174	155	77	224	229	215	307	175	317	167	74	214	174	214	97	213	0	280	286	248	75	313	|
|169	372	221	224	184	232	347	280	363	244	180	242	306	451	171	279	227	305	327	358	197	208	120	167	465	362	347	487	386	344	461	280	421	365	283	280	0	291	175	310	176	|
|218	227	439	150	430	75	58	155	75	364	191	266	133	386	275	346	418	263	413	455	148	284	174	392	492	75	454	244	236	289	311	119	237	374	79	286	291	0	116	359	445	|
|143	260	341	111	325	69	173	162	189	291	124	217	169	391	195	291	327	245	357	398	94	216	61	291	463	188	392	334	272	281	353	142	293	345	126	248	175	116	0	313	335	|
|173	218	214	423	252	292	381	213	384	87	189	96	249	172	142	32	175	113	60	100	223	106	280	217	157	381	103	379	226	118	254	248	273	62	287	75	310	359	313	0	300	|
|255	453	101	400	50	375	496	382	509	213	280	285	418	471	214	270	135	356	283	295	316	239	274	85	425	508	280	598	466	386	525	398	510	362	415	313	176	445	335	300	0	|

--------------------------------------------------------------------------------
Building model...
	using lazy and cut (CVRPSEP package)
Solving IRP LP...
--------------------------------------------------------------------------------

Gurobi 9.1.0 (linux64) logging started Sun Feb  7 06:48:27 2021

Gurobi Optimizer version 9.1.0 build v9.1.0rc0 (linux64)
Thread count: 32 physical cores, 32 logical processors, using up to 2 threads
Optimize a model with 2249 rows, 13679 columns and 41624 nonzeros
Model fingerprint: 0x751d4da3
Variable types: 764 continuous, 12915 integer (615 binary)
Coefficient statistics:
  Matrix range     [1e+00, 7e+02]
  Objective range  [1e-01, 6e+02]
  Bounds range     [1e+00, 3e+02]
  RHS range        [1e+00, 6e+03]
Presolve removed 511 rows and 1450 columns
Presolve time: 0.17s
Presolved: 1738 rows, 12229 columns, 35002 nonzeros
Variable types: 464 continuous, 11765 integer (11162 binary)

Root relaxation: objective 1.245084e+04, 1699 iterations, 0.08 seconds

    Nodes    |    Current Node    |     Objective Bounds      |     Work
 Expl Unexpl |  Obj  Depth IntInf | Incumbent    BestBd   Gap | It/Node Time

     0     0 12450.8387    0  153          - 12450.8387      -     -    0s
     0     0 12968.2431    0  203          - 12968.2431      -     -    1s
     0     0 12968.4686    0  208          - 12968.4686      -     -    1s
     0     0 12968.4768    0  222          - 12968.4768      -     -    1s
     0     0 13488.5917    0  202          - 13488.5917      -     -    1s
     0     0 13576.7109    0  303          - 13576.7109      -     -    1s
     0     0 13589.9085    0  245          - 13589.9085      -     -    1s
     0     0 13590.4062    0  268          - 13590.4062      -     -    2s
     0     0 13808.8129    0  363          - 13808.8129      -     -    2s
     0     0 13838.7975    0  348          - 13838.7975      -     -    2s
     0     0 13843.2832    0  346          - 13843.2832      -     -    3s
     0     0 13845.0581    0  341          - 13845.0581      -     -    3s
     0     0 13845.3714    0  347          - 13845.3714      -     -    3s
     0     0 13910.6809    0  401          - 13910.6809      -     -    4s
     0     0 13933.4069    0  369          - 13933.4069      -     -    4s
     0     0 13938.4063    0  432          - 13938.4063      -     -    4s
     0     0 13945.5527    0  387          - 13945.5527      -     -    4s
     0     0 13947.0151    0  360          - 13947.0151      -     -    4s
     0     0 13977.5487    0  407          - 13977.5487      -     -    5s
     0     0 13982.6195    0  414          - 13982.6195      -     -    5s
     0     0 13982.9392    0  387          - 13982.9392      -     -    5s
     0     0 13991.9946    0  412          - 13991.9946      -     -    5s
     0     0 13998.1156    0  485          - 13998.1156      -     -    6s
     0     2 14002.7887    0  441          - 14002.7887      -     -    9s
     7    10 14027.9703    3  446          - 14027.4251      -   541   10s
    41    46 14081.0669   12  472          - 14030.8312      -   546   15s
    84    91 14304.5704   26  338          - 14030.8312      -   539   20s
   154   170 15119.9986   46  267          - 14030.8312      -   459   25s
   295   346 16214.8849   89  104          - 14030.8312      -   328   30s
   577   618 16299.2929  135  113          - 14030.8312      -   198   35s
*  863   932             344    20295.110000 14030.8312  30.9%   145   38s
   940   903     cutoff  365      20295.1100 14034.4120  30.8%   136   40s
H  995   950                    20213.520000 14034.4120  30.6%   136   44s
  1002   952 14427.5186   10  377 20213.5200 14034.4120  30.6%   135   46s
  1043  1010 14520.3913   13  321 20213.5200 14034.4120  30.6%   133   53s
  1087  1064 14607.9857   16  314 20213.5200 14034.4120  30.6%   131   56s
  1187  1123 14747.9932   26  485 20213.5200 14034.4120  30.6%   127   64s
H 1188  1067                    18822.540000 14034.4120  25.4%   127   66s
  1190  1068 14663.4646   22  275 18822.5400 14034.4120  25.4%   127   79s
  1191  1069 14665.3649   46  409 18822.5400 14034.4120  25.4%   127   80s
  1201  1075 18753.1921  355  525 18822.5400 14122.8913  25.0%   125   85s
H 1210  1027                    18630.610000 14144.6814  24.1%   125   90s
  1221  1035 16816.5255  185  679 18630.6100 14149.8319  24.1%   123   95s
  1227  1042 14163.4968   16  609 18630.6100 14150.8726  24.0%   139  101s
  1239  1050 14197.4561   19  452 18630.6100 14176.2617  23.9%   148  105s
  1254  1060 14224.5401   23  708 18630.6100 14191.9011  23.8%   159  110s
  1272  1073 14316.2614   26  660 18630.6100 14191.9011  23.8%   171  115s
  1288  1085 14331.4533   31  665 18630.6100 14191.9011  23.8%   179  120s
  1306  1094 14392.5173   35  675 18630.6100 14191.9011  23.8%   189  125s
  1329  1112 14474.1311   40  586 18630.6100 14191.9011  23.8%   197  130s
  1341  1122 14617.2259   43  493 18630.6100 14191.9011  23.8%   202  135s
  1359  1132 14758.9272   48  506 18630.6100 14191.9011  23.8%   210  140s
  1377  1150 14553.8338   52  618 18630.6100 14191.9011  23.8%   218  145s
  1391  1151 14497.6041   55  559 18630.6100 14191.9011  23.8%   222  151s
  1412  1173 14555.1922   60  458 18630.6100 14191.9011  23.8%   230  159s
  1422  1182 14575.5013   63  329 18630.6100 14191.9011  23.8%   232  161s
  1449  1198 14686.0256   71  405 18630.6100 14191.9011  23.8%   239  166s
  1475  1213 14811.8018   76  371 18630.6100 14191.9011  23.8%   245  172s
  1506  1246 14855.9209   83  392 18630.6100 14191.9011  23.8%   248  177s
  1526  1246 15128.7014   88  285 18630.6100 14191.9011  23.8%   252  180s
  1561  1276 15003.3237   97  352 18630.6100 14191.9011  23.8%   256  187s
  1593  1302 15187.1466  107  409 18630.6100 14191.9011  23.8%   258  190s
  1654  1339 15180.2375  120  275 18630.6100 14191.9011  23.8%   259  196s
  1669  1386 15276.3274  123  335 18630.6100 14191.9011  23.8%   260  200s
  1767  1453 15460.5593  150  226 18630.6100 14191.9011  23.8%   260  207s
  1820  1458 15561.0354  162  291 18630.6100 14191.9011  23.8%   259  211s
  1843  1517 15563.7454  163  326 18630.6100 14191.9011  23.8%   259  215s
  1981  1576 15700.4650  194  298 18630.6100 14191.9011  23.8%   254  223s
  2015  1625 15766.3358  204  304 18630.6100 14191.9011  23.8%   254  228s
  2075  1723 15851.2572  215  293 18630.6100 14191.9011  23.8%   251  233s
  2193  1817 16176.9815  235  252 18630.6100 14191.9011  23.8%   245  239s
  2326  1849 16265.9493  253  248 18630.6100 14191.9011  23.8%   236  245s
  2442  1845 17322.0977  280  110 18630.6100 14191.9011  23.8%   231  262s
  2487  1836 16951.8141  289  114 18630.6100 14191.9011  23.8%   228  273s
  2490  1944 17422.6260  289  119 18630.6100 14191.9011  23.8%   229  277s
  2621  1905 infeasible  345      18630.6100 14197.5010  23.8%   222  282s
  2640  1911 14493.7027   20  393 18630.6100 14197.5010  23.8%   225  286s
  2652  1916 14504.2581   25  429 18630.6100 14197.5010  23.8%   227  290s
  2675  1935 14680.7934   30  512 18630.6100 14197.5010  23.8%   234  298s
  2688  1944 14639.4430   32  510 18630.6100 14197.5010  23.8%   236  302s
  2701  1957 14689.5308   34  354 18630.6100 14197.5010  23.8%   239  306s
  2719  1973 14744.0531   36  331 18630.6100 14197.5010  23.8%   242  310s
  2741  1988 14758.6766   40  442 18630.6100 14197.5010  23.8%   244  315s
  2796  2040 14964.0721   50  295 18630.6100 14197.5010  23.8%   249  324s
  2816  2033 15010.9178   63  222 18630.6100 14197.5010  23.8%   250  325s
  2833  2067 15066.0811   56  160 18630.6100 14197.5010  23.8%   251  330s
  2873  2146 15159.1289   64  300 18630.6100 14197.5010  23.8%   253  336s
  2965  2289 15448.6321   87  112 18630.6100 14197.5010  23.8%   251  343s
  3079  2251 15768.7790  118   79 18630.6100 14197.5010  23.8%   246  345s
  3139  2531 16256.0381  129   83 18630.6100 14197.5010  23.8%   244  352s
  3426  2441 15786.1043  135   85 18630.6100 14197.5010  23.8%   230  355s
* 3454  2423             180    17815.670000 14200.1627  20.3%   229  361s
* 3455  2365             182    17733.470000 14200.1627  19.9%   229  361s
* 3456  2318             183    17732.470000 14200.1627  19.9%   229  361s
  3667  2254 14527.4719   22  465 17732.4700 14200.2257  19.9%   221  368s
  3677  2264 14537.7217   25  469 17732.4700 14200.2257  19.9%   223  372s
  3684  2262 14418.0547   25  704 17732.4700 14200.2257  19.9%   224  375s
  3690  2278 14641.3014   27  437 17732.4700 14200.2257  19.9%   225  383s
  3708  2294 14724.5237   34  399 17732.4700 14200.2257  19.9%   227  388s
  3730  2300 14847.5295   40  436 17732.4700 14200.2257  19.9%   230  392s
  3744  2313 14994.9422   43  332 17732.4700 14200.2257  19.9%   232  398s
  3761  2329 15110.4164   47  248 17732.4700 14200.2257  19.9%   235  403s
  3783  2352 15110.1422   51  404 17732.4700 14200.2257  19.9%   238  409s
  3813  2373 15300.1843   60  214 17732.4700 14200.2257  19.9%   240  414s
  3832  2366 15164.0612   54  448 17732.4700 14200.2257  19.9%   241  415s
  3844  2395 15373.1716   70  307 17732.4700 14200.2257  19.9%   242  424s
  3877  2447 15492.5716   79  243 17732.4700 14200.2257  19.9%   244  430s
  3940  2470 15872.5627   96   84 17732.4700 14200.2257  19.9%   245  438s
  3967  2593 15687.5292  102  266 17732.4700 14200.2257  19.9%   246  445s
  4093  2741 16631.3039  131  132 17732.4700 14220.6249  19.8%   244  454s
  4150  2741 16845.3393  145   96 17732.4700 14220.6249  19.8%   241  455s
  4285  2790     cutoff  177      17732.4700 14221.0168  19.8%   238  463s
  4329  2959 14802.5197   27  307 17732.4700 14234.1214  19.7%   240  471s
  4534  3015 infeasible  110      17732.4700 14234.1585  19.7%   234  481s
* 4606  2698             159    17194.640000 14237.5259  17.2%   233  482s
  4641  2712 14736.2445   25  475 17194.6400 14237.5259  17.2%   233  490s
  4670  2766 15015.9719   36  133 17194.6400 14237.5259  17.2%   235  498s
  4724  2796 15343.7094   54  291 17194.6400 14237.5259  17.2%   236  506s
  4754  2886 15481.8958   60  143 17194.6400 14237.5259  17.2%   239  516s
  4844  2993 15762.5547   82  172 17194.6400 14237.5259  17.2%   240  528s
  4956  3063 infeasible  107      17194.6400 14239.1401  17.2%   239  538s
  5046  3126 17136.5954  113    6 17194.6400 14239.2557  17.2%   239  549s
* 5050  3105             115    17143.580000 14239.2557  16.9%   239  549s
* 5125  2747             116    16603.350000 14239.7176  14.2%   238  550s
  5136  2759 14607.1827   28  607 16603.3500 14239.7176  14.2%   239  559s
  5165  2818 14918.6080   42  331 16603.3500 14239.7176  14.2%   241  568s
  5224  2901 15552.7697   73  131 16603.3500 14243.8581  14.2%   243  579s
  5281  2901 15705.6264   64  201 16603.3500 14243.9092  14.2%   242  580s
H 5283  2790                    16517.760000 14243.9092  13.8%   242  580s
  5337  2828 14553.5001   23  564 16517.7600 14243.9092  13.8%   242  591s
  5375  2911 15024.7271   40  503 16517.7600 14243.9092  13.8%   244  603s
  5458  2949 15275.7832   61  460 16517.7600 14243.9092  13.8%   243  614s
  5494  2949     cutoff  111      16517.7600 14243.9092  13.8%   244  615s
  5506  2984 16158.9689   97  327 16517.7600 14258.2622  13.7%   245  625s
  5561  3060 14560.6224   26  478 16517.7600 14258.2622  13.7%   246  636s
  5637  3062 14818.3556   34  372 16517.7600 14258.2622  13.7%   247  664s
  5639  3100 14703.0005   35  407 16517.7600 14258.2622  13.7%   247  676s
  5693  3145 14811.4667   43  286 16517.7600 14258.2622  13.7%   248  687s
  5738  3276 15181.3640   54  198 16517.7600 14258.2622  13.7%   250  701s
  5869  3424 15948.9991  104  123 16517.7600 14269.3056  13.6%   250  717s
  6045  3463 14771.2231   22  491 16517.7600 14270.9117  13.6%   246  730s
  6084  3568 15054.3486   42  429 16517.7600 14270.9117  13.6%   248  743s
  6191  3624 16467.2224  107   71 16517.7600 14270.9630  13.6%   248  756s
  6289  3706 14826.5313   32  325 16517.7600 14274.2586  13.6%   249  770s
  6371  3771 15367.7126   51  372 16517.7600 14274.3835  13.6%   249  784s
  6395  3771 15793.2664   75   61 16517.7600 14274.3835  13.6%   249  785s
  6457  3814 14494.0856   24  748 16517.7600 14277.2828  13.6%   250  798s
  6500  3918 14940.2423   41  298 16517.7600 14277.2828  13.6%   252  812s
  6616  3977 15823.3469   70  393 16517.7600 14281.3673  13.5%   252  829s
  6703  4043 14754.0198   29  400 16517.7600 14281.3673  13.5%   253  842s
  6769  4127 15626.0988   70  144 16517.7600 14281.8999  13.5%   255  858s
  6873  4163 14802.8688   32  434 16517.7600 14284.8338  13.5%   255  875s
  6909  4321 15387.5369   50  320 16517.7600 14289.2578  13.5%   257  894s
  6947  4321 16084.9052   88   56 16517.7600 14289.2578  13.5%   257  895s
  7104  4352 14509.4101   22  561 16517.7600 14289.2760  13.5%   255  910s
  7135  4410 14854.5401   34  505 16517.7600 14289.2760  13.5%   257  924s
  7193  4475 15207.9114   52  595 16517.7600 14289.2760  13.5%   258  938s
  7278  4565 15770.5470   76  499 16517.7600 14316.4040  13.3%   259  960s
  7384  4653 14612.1085   32  542 16517.7600 14316.4040  13.3%   261  981s
  7472  4841 15222.7448   68  405 16517.7600 14321.4502  13.3%   264 1005s
  7723  4917 14449.2516   28  533 16517.7600 14324.3566  13.3%   261 1032s
  7786  5034 15327.4685   65  379 16517.7600 14326.0712  13.3%   263 1056s
  7930  5078 14752.2701   26  518 16517.7600 14331.2764  13.2%   265 1079s
  7974  5169 14744.7615   35  483 16517.7600 14331.2764  13.2%   267 1103s
  8065  5303 15029.6714   48  439 16517.7600 14331.2764  13.2%   269 1128s
  8170  5303 16229.5722  104   63 16517.7600 14331.2764  13.2%   270 1130s
  8219  5456 15508.3500   66  324 16517.7600 14340.9329  13.2%   270 1155s
  8390  5581 14648.4396   32  513 16517.7600 14340.9329  13.2%   270 1180s
  8529  5687 16348.7195   77  157 16517.7600 14344.6180  13.2%   271 1205s
  8657  5793 15233.0660   48  388 16517.7600 14347.1067  13.1%   272 1229s
  8703  5793 16079.1076   94   89 16517.7600 14347.1067  13.1%   271 1230s
  8778  5906 14799.1056   44  475 16517.7600 14347.1067  13.1%   273 1256s
  8903  6010 15954.6421  102   85 16517.7600 14355.1081  13.1%   274 1283s
  9019  6137 15680.0038   68  139 16517.7600 14356.5130  13.1%   275 1308s
  9187  6206     cutoff  104      16517.7600 14356.8275  13.1%   275 1342s
  9258  6411 15327.8033   57  379 16517.7600 14356.8377  13.1%   276 1370s
  9490  6570 15205.7184   35  487 16517.7600 14360.9196  13.1%   275 1396s
  9681  6626 14734.7360   36  543 16517.7600 14366.4078  13.0%   274 1422s
  9738  6714 15881.5854   71  358 16517.7600 14366.6545  13.0%   276 1446s
  9855  6902 15153.0086   47  205 16517.7600 14367.3462  13.0%   278 1478s
 10061  7025 14672.5745   30  477 16517.7600 14367.3462  13.0%   278 1506s
 10199  7196 14940.2550   45  452 16517.7600 14367.3462  13.0%   278 1535s
 10391  7341 15408.0459   80  269 16517.7600 14369.0267  13.0%   278 1563s
 10554  7440 14765.0633   33  564 16517.7600 14372.4574  13.0%   278 1589s
 10599  7440 15161.6078   59  536 16517.7600 14372.4574  13.0%   279 1590s
 10666  7584 15380.2707   78  318 16517.7600 14375.5308  13.0%   279 1620s
 10819  7692 14971.4368   45  426 16517.7600 14375.5308  13.0%   280 1650s
 10945  7747 16340.1629  109  241 16517.7600 14380.7374  12.9%   280 1677s
 11018  7914 14966.2521   37  397 16517.7600 14380.7374  12.9%   282 1708s
 11173  7914 16355.9998  129   77 16517.7600 14380.7374  12.9%   282 1710s
 11213  7975 16240.7777   80  191 16517.7600 14383.1724  12.9%   282 1736s
 11284  8127 15012.9742   43  529 16517.7600 14383.3706  12.9%   284 1764s
 11345  8127 15793.1578  104  279 16517.7600 14383.3706  12.9%   284 1765s
 11452  8324 14751.9299   35  444 16517.7600 14383.3706  12.9%   284 1822s
 11649  8410     cutoff  135      16517.7600 14383.8097  12.9%   284 1852s
 11791  8507 15304.1950   67  401 16517.7600 14390.1201  12.9%   285 1882s
 11911  8635 14724.8237   29  594 16517.7600 14390.4196  12.9%   286 1912s
 12065  8773 14737.2383   34  581 16517.7600 14392.5233  12.9%   287 1942s
 12217  8837 16483.4254  109  101 16517.7600 14392.7141  12.9%   287 1969s
 12301  8983 14785.8899   47  437 16517.7600 14392.8205  12.9%   289 1998s
 12447  9207 15597.4378   81  292 16517.7600 14399.0336  12.8%   291 2031s
 12741  9336 15085.7441   43  231 16517.7600 14401.6919  12.8%   289 2067s
 12889  9480 14605.7200   20  473 16517.7600 14401.6919  12.8%   290 2100s
 13053  9643 15542.1352   71  134 16517.7600 14405.3011  12.8%   291 2129s
 13179  9643 15332.3544   76  414 16517.7600 14405.6249  12.8%   291 2130s
 13239  9822 15254.7747   77  296 16517.7600 14405.7077  12.8%   290 2160s
 13455  9991 15184.2613   46  383 16517.7600 14408.9693  12.8%   290 2194s
 13491  9991 16071.3276   82  143 16517.7600 14408.9693  12.8%   290 2195s
 13649 10179 14915.0390   41  463 16517.7600 14412.2754  12.7%   290 2225s
 13867 10195 14771.4225   35  477 16517.7600 14413.4503  12.7%   289 2279s
 13884 10340 14964.3914   43  465 16517.7600 14420.6877  12.7%   289 2308s
 14053 10459 14797.8859   31  401 16517.7600 14420.8025  12.7%   290 2342s
 14201 10592     cutoff  109      16517.7600 14420.9031  12.7%   290 2373s
 14350 10745 15707.0232  108  101 16517.7600 14424.0563  12.7%   291 2403s
 14531 10864     cutoff  146      16517.7600 14424.1755  12.7%   291 2433s
 14675 10976     cutoff  155      16517.7600 14424.4373  12.7%   292 2465s
 14789 11184 15207.7620   58  517 16517.7600 14426.9595  12.7%   293 2497s
 14975 11184 15745.4642   75  316 16517.7600 14427.3336  12.7%   292 2500s
 15055 11281 14915.9745   35  457 16517.7600 14430.0404  12.6%   291 2530s
 15164 11418 14699.5773   23  546 16517.7600 14430.0404  12.6%   293 2562s
 15254 11418 16016.4117   78  130 16517.7600 14430.0404  12.6%   293 2565s
 15319 11582 15686.2280   68  322 16517.7600 14431.4244  12.6%   293 2595s
 15517 11638     cutoff  102      16517.7600 14433.9211  12.6%   293 2624s
 15548 11638     cutoff  133      16517.7600 14435.8360  12.6%   294 2625s
 15577 11749 14975.2699   55  287 16517.7600 14435.8360  12.6%   295 2653s
 15672 11749 15188.9859   81  324 16517.7600 14435.8360  12.6%   297 2655s
 15688 12028 15462.8159   72  310 16517.7600 14436.3242  12.6%   297 2689s
 15758 12028 15911.8915   98  129 16517.7600 14436.3242  12.6%   297 2690s
 16022 12182 14604.9835   28  490 16517.7600 14436.9818  12.6%   295 2723s
 16215 12246 14714.7322   28  515 16517.7600 14437.7454  12.6%   296 2754s
 16279 12470 14933.0257   41  362 16517.7600 14438.6494  12.6%   298 2787s
 16552 12641 14618.8810   34  525 16517.7600 14439.3794  12.6%   297 2820s
 16741 12778 14681.9372   39  588 16517.7600 14439.6246  12.6%   297 2852s
 16902 12927 16012.5968  114  257 16517.7600 14441.5108  12.6%   297 2884s
 16946 12927 16437.0143  158  205 16517.7600 14441.5108  12.6%   297 2885s
 17086 13155 14818.8841   50  627 16517.7600 14441.7994  12.6%   297 2922s
 17335 13361 14838.5768   26  587 16517.7600 14441.7994  12.6%   297 2956s
 17541 13545 15760.7600   76  319 16517.7600 14442.0539  12.6%   297 2997s
 17778 13726 15494.9491   57  400 16517.7600 14445.0212  12.5%   296 3032s
 17983 13783 15244.2454   39  331 16517.7600 14445.2134  12.5%   296 3084s
 18050 13938 15975.8288   70   65 16517.7600 14446.4760  12.5%   296 3114s
 18155 13938 15626.2775   68  263 16517.7600 14447.5126  12.5%   296 3115s
 18228 14063 15468.5514   75  412 16517.7600 14449.3012  12.5%   296 3145s
 18365 14197 15281.2378   51  348 16517.7600 14451.9742  12.5%   297 3177s
 18538 14319 14865.4466   37  463 16517.7600 14453.2216  12.5%   297 3209s
 18660 14553 15216.1693   54  338 16517.7600 14453.2216  12.5%   298 3244s
 18688 14553 15404.8546   63  273 16517.7600 14453.2216  12.5%   298 3245s
 18922 14751 16076.0154  104  107 16517.7600 14453.3299  12.5%   297 3278s
 19162 14913 15532.8651   75  179 16517.7600 14453.8813  12.5%   297 3311s
 19353 15078     cutoff  111      16517.7600 14456.2872  12.5%   296 3344s
 19384 15078 15864.2803   53  201 16517.7600 14456.2872  12.5%   297 3345s
 19557 15245 14745.7347   26  419 16517.7600 14457.0710  12.5%   296 3378s
 19688 15245 15862.9998   71  211 16517.7600 14457.2823  12.5%   296 3380s
 19746 15435 14843.7619   38  475 16517.7600 14457.9110  12.5%   296 3411s
 19964 15622 15083.9111   43  549 16517.7600 14458.7376  12.5%   296 3444s
 19987 15622 15374.9089   66  398 16517.7600 14458.7376  12.5%   296 3445s
 20194 15807 14704.4647   33  546 16517.7600 14459.3350  12.5%   295 3477s
 20399 15895 14595.2196   25  678 16517.7600 14459.5834  12.5%   295 3508s
 20487 16099 15533.0810   74  364 16517.7600 14460.0372  12.5%   296 3540s
 20731 16276 15406.7275   62  328 16517.7600 14460.4567  12.5%   296 3573s
 20936 16380 14773.0628   28  597 16517.7600 14461.9514  12.4%   295 3600s

Cutting planes:
  User: 8191
  Gomory: 30
  Cover: 652
  Implied bound: 252
  Projected implied bound: 14
  Clique: 86
  MIR: 261
  StrongCG: 1
  Flow cover: 564
  Zero half: 53
  Network: 2
  RLT: 466
  Relax-and-lift: 19
  Lazy constraints: 1699

Explored 21040 nodes (6240432 simplex iterations) in 3601.06 seconds
Thread count was 2 (of 32 available processors)

Solution count 10: 16517.8 16603.3 17143.6 ... 20213.5

Time limit reached
Best objective 1.651776000000e+04, best bound 1.446195135071e+04, gap 12.4460%

User-callback calls 425554, time in user-callback 182.79 sec
================================================================================
executing instance: ./input/Instances/Original/2/absH3high_4n10.dat
--------------------------------------------------------------------------------
Instance details
n	11
H	3
C	822
Li:
[0, 0, 0, 0, 0, 0, 0, 0, 0, 0, 0, ]
Ui:
[0, 102, 52, 88, 182, 153, 138, 38, 165, 297, 86, ]
Distance matrix:
|0	285	411	382	327	239	148	256	307	36	383	|
|285	0	352	98	249	103	227	235	120	268	209	|
|411	352	0	395	106	430	263	549	234	429	174	|
|382	98	395	0	302	173	320	288	168	364	227	|
|327	249	106	302	0	324	179	444	135	339	109	|
|239	103	430	173	324	0	241	132	212	212	305	|
|148	227	263	320	179	241	0	325	192	165	249	|
|256	235	549	288	444	132	325	0	342	220	436	|
|307	120	234	168	135	212	192	342	0	304	94	|
|36	268	429	364	339	212	165	220	304	0	386	|
|383	209	174	227	109	305	249	436	94	386	0	|

--------------------------------------------------------------------------------
Building model...
	using lazy and cut (CVRPSEP package)
Solving IRP LP...
--------------------------------------------------------------------------------

Gurobi 9.1.0 (linux64) logging started Sun Feb  7 07:48:58 2021

Gurobi Optimizer version 9.1.0 build v9.1.0rc0 (linux64)
Thread count: 32 physical cores, 32 logical processors, using up to 2 threads
Optimize a model with 599 rows, 1184 columns and 4154 nonzeros
Model fingerprint: 0x9494d86b
Variable types: 194 continuous, 990 integer (165 binary)
Coefficient statistics:
  Matrix range     [1e+00, 3e+02]
  Objective range  [2e-01, 5e+02]
  Bounds range     [1e+00, 3e+02]
  RHS range        [1e+00, 1e+03]
Presolve removed 202 rows and 424 columns
Presolve time: 0.06s
Presolved: 397 rows, 760 columns, 2691 nonzeros
Variable types: 87 continuous, 673 integer (548 binary)
Found heuristic solution: objective 13905.140000

Root relaxation: objective 4.649177e+03, 637 iterations, 0.02 seconds

    Nodes    |    Current Node    |     Objective Bounds      |     Work
 Expl Unexpl |  Obj  Depth IntInf | Incumbent    BestBd   Gap | It/Node Time

     0     0 4649.17683    0   71 13905.1400 4649.17683  66.6%     -    0s
H    0     0                    13271.990000 4649.17683  65.0%     -    0s
     0     0 5156.01617    0   98 13271.9900 5156.01617  61.2%     -    0s
H    0     0                    12180.980000 5156.01617  57.7%     -    0s
     0     0 5178.77197    0   91 12180.9800 5178.77197  57.5%     -    0s
     0     0 5199.50952    0   94 12180.9800 5199.50952  57.3%     -    0s
     0     0 5449.27120    0  112 12180.9800 5449.27120  55.3%     -    0s
H    0     0                    8677.0800000 5449.27120  37.2%     -    0s
H    0     0                    8173.7300000 5449.27120  33.3%     -    0s
     0     0 5464.64819    0  122 8173.73000 5464.64819  33.1%     -    0s
     0     0 5469.52815    0  125 8173.73000 5469.52815  33.1%     -    0s
     0     0 5472.00467    0  124 8173.73000 5472.00467  33.1%     -    0s
     0     0 5473.99963    0  121 8173.73000 5473.99963  33.0%     -    0s
     0     0 5576.85651    0  151 8173.73000 5576.85651  31.8%     -    0s
H    0     0                    7541.6500000 5576.85651  26.1%     -    0s
     0     0 5578.25300    0  155 7541.65000 5578.25300  26.0%     -    0s
     0     0 5578.26003    0  153 7541.65000 5578.26003  26.0%     -    0s
     0     0 5655.05540    0  144 7541.65000 5655.05540  25.0%     -    0s
     0     0 5700.98240    0  150 7541.65000 5700.98240  24.4%     -    0s
     0     0 5705.47343    0  143 7541.65000 5705.47343  24.3%     -    0s
     0     0 5706.79938    0  151 7541.65000 5706.79938  24.3%     -    0s
     0     0 5709.84343    0  151 7541.65000 5709.84343  24.3%     -    0s
     0     0 5710.48162    0  151 7541.65000 5710.48162  24.3%     -    0s
     0     0 5763.25588    0  180 7541.65000 5763.25588  23.6%     -    0s
     0     0 5772.04900    0  187 7541.65000 5772.04900  23.5%     -    0s
     0     0 5773.06406    0  185 7541.65000 5773.06406  23.5%     -    0s
     0     0 5773.20686    0  185 7541.65000 5773.20686  23.4%     -    0s
     0     0 5798.26304    0  162 7541.65000 5798.26304  23.1%     -    0s
H    0     0                    7235.2800000 5798.26304  19.9%     -    0s
     0     0 5800.90923    0  176 7235.28000 5800.90923  19.8%     -    0s
     0     0 5802.54237    0  175 7235.28000 5802.54237  19.8%     -    0s
     0     0 5802.77959    0  177 7235.28000 5802.77959  19.8%     -    0s
     0     0 5810.49926    0  174 7235.28000 5810.49926  19.7%     -    0s
     0     0 5814.47773    0  182 7235.28000 5814.47773  19.6%     -    0s
     0     0 5814.93179    0  187 7235.28000 5814.93179  19.6%     -    0s
     0     0 5818.28935    0  172 7235.28000 5818.28935  19.6%     -    0s
     0     0 5818.28935    0  172 7235.28000 5818.28935  19.6%     -    0s
     0     2 5820.41542    0  172 7235.28000 5820.41542  19.6%     -    0s
H   31    35                    7016.2800000 5886.66983  16.1%  73.6    0s
H   62    69                    7014.2800000 5886.66983  16.1%  63.6    0s
H   63    69                    6991.3500000 5886.66983  15.8%  63.8    0s
H  157   126                    6807.8300000 5948.21285  12.6%  65.0    1s
  1575   398 6664.90264   15   49 6807.83000 6364.48978  6.51%  63.5    5s
* 2800   225              21    6777.4700000 6584.98846  2.84%  61.3    7s

Cutting planes:
  User: 70
  Gomory: 3
  Cover: 104
  Implied bound: 74
  Clique: 17
  MIR: 72
  StrongCG: 7
  Flow cover: 73
  GUB cover: 2
  Inf proof: 2
  Mod-K: 1
  Network: 1
  RLT: 78
  Relax-and-lift: 35

Explored 3232 nodes (189139 simplex iterations) in 8.43 seconds
Thread count was 2 (of 32 available processors)

Solution count 10: 6777.47 6807.83 6991.35 ... 12181

Optimal solution found (tolerance 1.00e-04)
Best objective 6.777470000000e+03, best bound 6.777470000000e+03, gap 0.0000%

User-callback calls 7946, time in user-callback 0.94 sec
================================================================================
executing instance: ./input/Instances/Original/2/absH3high_3n20.dat
--------------------------------------------------------------------------------
Instance details
n	21
H	3
C	1536
Li:
[0, 0, 0, 0, 0, 0, 0, 0, 0, 0, 0, 0, 0, 0, 0, 0, 0, 0, 0, 0, 0, ]
Ui:
[0, 48, 207, 156, 294, 207, 297, 54, 114, 90, 228, 132, 84, 64, 51, 153, 60, 39, 195, 82, 130, ]
Distance matrix:
|0	41	141	324	154	98	307	402	160	217	284	269	188	233	54	185	307	149	286	276	103	|
|41	0	114	285	184	88	285	385	200	197	251	230	189	270	48	205	295	160	245	241	62	|
|141	114	0	200	208	193	353	459	269	275	289	154	129	371	160	192	380	136	205	267	88	|
|324	285	200	0	406	330	386	484	467	344	286	57	299	555	318	380	442	327	114	255	226	|
|154	184	208	406	0	250	460	553	101	370	436	361	136	247	208	63	455	87	405	425	232	|
|98	88	193	330	250	0	211	304	232	121	204	273	276	249	44	283	210	244	259	204	113	|
|307	285	353	386	460	211	0	106	436	90	104	342	467	407	253	490	72	445	275	134	269	|
|402	385	459	484	553	304	106	0	517	188	198	443	570	463	348	587	102	545	371	229	373	|
|160	200	269	467	101	232	436	517	0	349	434	417	231	148	200	163	415	179	444	431	261	|
|217	197	275	344	370	121	90	188	349	0	111	293	382	335	163	400	106	357	244	128	187	|
|284	251	289	286	436	204	104	198	434	111	0	246	413	441	235	452	170	401	173	31	214	|
|269	230	154	57	361	273	342	443	417	293	246	0	266	500	261	342	393	286	85	215	170	|
|188	189	129	299	136	276	467	570	231	382	413	266	0	368	233	88	483	53	330	394	201	|
|233	270	371	555	247	249	407	463	148	335	441	500	368	0	242	310	364	316	504	448	330	|
|54	48	160	318	208	44	253	348	200	163	235	261	233	242	0	239	254	200	262	230	92	|
|185	205	192	380	63	283	490	587	163	400	452	342	88	310	239	0	492	56	397	438	240	|
|307	295	380	442	455	210	72	102	415	106	170	393	483	364	254	492	0	453	334	198	293	|
|149	160	136	327	87	244	445	545	179	357	401	286	53	316	200	56	453	0	341	385	188	|
|286	245	205	114	405	259	275	371	444	244	173	85	330	504	262	397	334	341	0	142	183	|
|276	241	267	255	425	204	134	229	431	128	31	215	394	448	230	438	198	385	142	0	198	|
|103	62	88	226	232	113	269	373	261	187	214	170	201	330	92	240	293	188	183	198	0	|

--------------------------------------------------------------------------------
Building model...
	using lazy and cut (CVRPSEP package)
Solving IRP LP...
--------------------------------------------------------------------------------

Gurobi 9.1.0 (linux64) logging started Sun Feb  7 07:49:07 2021

Gurobi Optimizer version 9.1.0 build v9.1.0rc0 (linux64)
Thread count: 32 physical cores, 32 logical processors, using up to 2 threads
Optimize a model with 1149 rows, 3849 columns and 12444 nonzeros
Model fingerprint: 0x956bc882
Variable types: 384 continuous, 3465 integer (315 binary)
Coefficient statistics:
  Matrix range     [1e+00, 3e+02]
  Objective range  [1e-01, 6e+02]
  Bounds range     [1e+00, 3e+02]
  RHS range        [1e+00, 3e+03]
Presolve removed 307 rows and 744 columns
Presolve time: 0.06s
Presolved: 842 rows, 3105 columns, 9782 nonzeros
Variable types: 221 continuous, 2884 integer (2603 binary)

Root relaxation: objective 6.940916e+03, 839 iterations, 0.02 seconds

    Nodes    |    Current Node    |     Objective Bounds      |     Work
 Expl Unexpl |  Obj  Depth IntInf | Incumbent    BestBd   Gap | It/Node Time

