




arguments: ./build/bc_mirp -f ./input/orig_exec_38.cfg
Current dir: /scratch/gui/bc_mirp
File verbosity level: 9
date       time         ( uptime  ) [ thread name/id ]                   file:line     v| 
2021-02-06 18:31:12.671 (   0.062s) [main thread     ]             loguru.cpp:789   INFO| Logging to './output/vi_vc+hc1_full/OU/V5/Original/execution_06_02_2021_18_31_12.log', mode: 'a', verbosity: 9
--------------------------------------------------------------------------------
Parameters
                           instance_path           ./input/Instances/Original/1/
                            model_policy                                       1
                             nb_vehicles                                       5
                              output_dir ./output/vi_vc+hc1_full/OU/V5/Original/
                            sec_strategy                                       1
                       solver_nb_threads                                       2
                         solver_show_log                                    true
                       solver_time_limit                                    3600
                              use_vi_cos                                   false
                              use_vi_cus                                   false
                         use_vi_hc1_full                                    true
                         use_vi_hc1_half                                   false
                      use_vi_hc1_quarter                                   false
                              use_vi_hc2                                   false
                              use_vi_hc3                                   false
                         use_vi_lex_full                                   false
                         use_vi_lex_half                                   false
                      use_vi_lex_quarter                                   false
                              use_vi_qua                                   false
                               use_vi_vc                                    true
                               use_vi_vr                                   false
--------------------------------------------------------------------------------
executing instance: ./input/Instances/Original/1/absH3high_1n5.dat
--------------------------------------------------------------------------------
Instance details
n	6
H	3
C	289
Li:
[0, 0, 0, 0, 0, 0, ]
Ui:
[0, 195, 105, 116, 72, 22, ]
Distance matrix:
|0	85	349	17	203	289	|
|85	0	265	102	214	226	|
|349	265	0	366	368	238	|
|17	102	366	0	207	302	|
|203	214	368	207	0	431	|
|289	226	238	302	431	0	|

--------------------------------------------------------------------------------
Building model...
	using lazy and cut (CVRPSEP package)
Solving IRP LP...
--------------------------------------------------------------------------------

Gurobi 9.1.0 (linux64) logging started Sat Feb  6 18:31:13 2021

Gurobi Optimizer version 9.1.0 build v9.1.0rc0 (linux64)
Thread count: 32 physical cores, 32 logical processors, using up to 2 threads
Optimize a model with 324 rows, 414 columns and 1584 nonzeros
Model fingerprint: 0x644e59e1
Variable types: 99 continuous, 315 integer (90 binary)
Coefficient statistics:
  Matrix range     [1e+00, 2e+02]
  Objective range  [2e-01, 4e+02]
  Bounds range     [1e+00, 2e+02]
  RHS range        [1e+00, 5e+02]
Presolve removed 143 rows and 228 columns
Presolve time: 0.00s

Explored 0 nodes (0 simplex iterations) in 0.00 seconds
Thread count was 1 (of 32 available processors)

Solution count 0

Model is infeasible
Best objective -, best bound -, gap -

User-callback calls 29, time in user-callback 0.00 sec

Computing Irreducible Inconsistent Subsystem (IIS)...

           Constraints          |            Bounds           |  Runtime
      Min       Max     Guess   |   Min       Max     Guess   |
--------------------------------------------------------------------------
        0       324         -         0       569         -           0s
       36        36         -        45        45         -           1s

IIS computed: 36 constraints, 45 bounds
IIS runtime: 0.75 seconds
================================================================================
executing instance: ./input/Instances/Original/1/absH3high_1n45.dat
--------------------------------------------------------------------------------
Instance details
n	46
H	3
C	3462
Li:
[0, 0, 0, 0, 0, 0, 0, 0, 0, 0, 0, 0, 0, 0, 0, 0, 0, 0, 0, 0, 0, 0, 0, 0, 0, 0, 0, 0, 0, 0, 0, 0, 0, 0, 0, 0, 0, 0, 0, 0, 0, 0, 0, 0, 0, 0, ]
Ui:
[0, 273, 270, 36, 165, 192, 148, 45, 30, 75, 180, 198, 112, 117, 90, 64, 180, 22, 264, 174, 168, 270, 86, 66, 26, 66, 237, 156, 92, 108, 144, 72, 30, 45, 94, 54, 174, 96, 198, 136, 44, 180, 210, 249, 198, 48, ]
Distance matrix:
|0	281	201	160	249	201	93	431	236	139	252	136	116	166	390	110	349	374	303	180	327	464	236	70	44	461	346	439	363	254	312	426	305	206	71	137	169	200	247	260	20	219	256	253	460	278	|
|281	0	448	170	53	142	338	184	121	290	371	390	222	302	111	289	169	434	230	177	238	441	59	212	319	211	86	235	399	306	53	176	99	202	263	157	361	101	370	201	264	344	364	374	469	184	|
|201	448	0	285	430	325	114	556	361	171	191	64	228	174	546	294	453	306	364	289	388	435	393	254	157	585	491	536	318	254	490	554	436	407	266	292	108	388	186	337	207	181	205	190	408	364	|
|160	170	285	0	169	43	182	280	80	120	208	231	58	132	262	230	190	294	151	24	174	345	112	107	183	309	207	280	268	158	219	276	155	235	187	45	192	150	205	107	140	177	202	210	356	119	|
|249	53	430	169	0	152	317	238	145	282	377	369	212	299	157	242	215	452	261	183	273	474	76	181	290	264	140	287	421	320	63	229	145	148	221	142	352	53	374	226	234	346	370	378	498	215	|
|201	142	325	43	152	0	224	237	37	156	230	273	101	164	224	261	148	300	127	38	147	333	83	142	225	266	167	238	270	168	193	233	112	246	221	70	228	148	228	84	180	202	222	232	351	87	|
|93	338	114	182	317	224	0	460	262	92	180	52	124	112	440	199	364	307	292	191	317	415	284	140	57	490	387	452	304	208	377	457	336	297	163	181	84	274	175	256	95	152	188	180	402	280	|
|431	184	556	280	238	237	460	0	199	385	420	508	337	385	108	464	110	429	219	269	206	378	202	365	460	30	98	84	388	340	204	9	126	386	432	294	453	283	421	226	411	404	408	423	422	198	|
|236	121	361	80	145	37	262	199	0	191	255	310	138	197	191	290	114	312	118	72	133	330	69	175	262	229	132	204	279	186	174	195	75	258	251	102	262	153	254	81	216	230	246	257	353	72	|
|139	290	171	120	282	156	92	385	191	0	116	129	71	27	380	246	283	235	201	119	226	329	231	141	129	414	323	367	224	119	336	383	266	308	202	141	72	252	112	169	127	82	118	117	322	195	|
|252	371	191	208	377	230	180	420	255	116	0	187	178	90	443	361	311	127	204	195	224	246	313	257	232	446	382	380	129	81	423	421	320	422	318	242	100	355	5	195	241	34	15	2	225	224	|
|136	390	64	231	369	273	52	508	310	129	187	0	173	141	491	233	409	313	330	239	355	431	335	191	93	538	438	495	316	233	429	505	385	342	203	233	88	325	182	297	143	167	199	187	412	323	|
|116	222	228	58	212	101	124	337	138	71	178	173	0	91	319	206	244	284	187	69	212	357	165	85	130	367	265	333	264	151	267	333	213	244	161	70	140	181	175	145	97	145	177	180	359	165	|
|166	302	174	132	299	164	112	385	197	27	90	141	91	0	388	273	280	208	191	127	215	305	243	167	153	413	329	361	198	96	351	383	270	333	229	159	68	272	86	163	153	56	92	91	296	190	|
|390	111	546	262	157	224	440	108	191	380	443	491	319	388	0	399	164	480	264	261	261	456	156	320	426	125	62	186	442	369	107	99	125	300	374	260	452	210	443	252	372	420	433	446	494	227	|
|110	289	294	230	242	261	199	464	290	246	361	233	206	273	399	0	402	480	382	254	404	562	262	124	143	493	369	490	466	355	302	457	344	135	45	191	279	189	356	337	120	328	364	362	563	348	|
|349	169	453	190	215	148	364	110	114	283	311	409	244	280	164	402	0	324	110	174	101	292	151	289	372	135	109	90	284	230	212	111	70	354	364	216	348	245	312	118	329	295	298	313	330	90	|
|374	434	306	294	452	300	307	429	312	235	127	313	284	208	480	480	324	0	216	274	223	137	380	368	357	448	419	367	40	136	487	432	358	525	436	336	227	443	132	234	361	156	119	127	102	255	|
|303	230	364	151	261	127	292	219	118	201	204	330	187	191	264	382	110	216	0	128	25	213	185	258	314	243	203	176	178	123	282	221	144	372	338	193	256	270	206	45	283	193	191	206	239	46	|
|180	177	289	24	183	38	191	269	72	119	195	239	69	127	261	254	174	274	128	0	151	321	118	130	198	299	204	263	246	139	228	266	147	258	211	68	191	169	193	83	159	166	188	197	333	98	|
|327	238	388	174	273	147	317	206	133	226	224	355	212	215	261	404	101	223	25	151	0	203	198	281	339	228	202	156	184	143	288	209	146	390	362	215	280	286	226	68	308	215	210	226	235	61	|
|464	441	435	345	474	333	415	378	330	329	246	431	357	305	456	562	292	137	213	321	203	0	398	440	458	390	400	301	117	211	492	384	348	578	517	389	344	480	251	251	448	265	233	246	54	259	|
|236	59	393	112	76	83	284	202	69	231	313	335	165	243	156	262	151	380	185	118	198	398	0	167	270	231	110	233	347	250	110	195	85	203	230	103	303	95	311	150	217	284	305	315	422	139	|
|70	212	254	107	181	142	140	365	175	141	257	191	85	167	320	124	289	368	258	130	281	440	167	0	109	394	277	378	349	236	244	359	239	167	81	73	196	135	253	213	53	223	257	258	444	226	|
|44	319	157	183	290	225	57	460	262	129	232	93	130	153	426	143	372	357	314	198	339	458	270	109	0	490	379	462	351	247	353	456	334	250	110	168	140	243	226	274	56	201	238	232	449	294	|
|461	211	585	309	264	266	490	30	229	414	446	538	367	413	125	493	135	448	243	299	228	390	231	394	490	0	125	89	408	365	226	36	156	412	462	324	481	311	447	253	441	430	433	448	436	225	|
|346	86	491	207	140	167	387	98	132	323	382	438	265	329	62	369	109	419	203	204	202	400	110	277	379	125	0	155	381	307	113	90	63	288	339	211	394	186	382	190	327	359	371	384	436	165	|
|439	235	536	280	287	238	452	84	204	367	380	495	333	361	186	490	90	367	176	263	156	301	233	378	462	89	155	0	326	299	267	92	148	432	454	306	429	325	382	199	419	369	366	382	348	172	|
|363	399	318	268	421	270	304	388	279	224	129	316	264	198	442	466	284	40	178	246	184	117	347	349	351	408	381	326	0	113	452	391	321	502	422	311	229	415	134	199	348	152	118	130	98	219	|
|254	306	254	158	320	168	208	340	186	119	81	233	151	96	369	355	230	136	123	139	143	211	250	236	247	365	307	299	113	0	359	340	244	390	310	200	148	308	83	117	238	74	68	83	208	145	|
|312	53	490	219	63	193	377	204	174	336	423	429	267	351	107	302	212	487	282	228	288	492	110	244	353	226	113	267	452	359	0	195	145	194	283	199	407	115	421	254	296	394	415	425	521	237	|
|426	176	554	276	229	233	457	9	195	383	421	505	333	383	99	457	111	432	221	266	209	384	195	359	456	36	90	92	391	340	195	0	122	378	426	289	451	275	421	226	406	404	408	423	427	197	|
|305	99	436	155	145	112	336	126	75	266	320	385	213	270	125	344	70	358	144	147	146	348	85	239	334	156	63	148	321	244	145	122	0	286	310	168	336	177	320	128	285	298	309	322	381	103	|
|206	202	407	235	148	246	297	386	258	308	422	342	244	333	300	135	354	525	372	258	390	578	203	167	250	412	288	432	502	390	194	378	286	0	144	191	362	109	418	329	202	388	421	423	591	329	|
|71	263	266	187	221	221	163	432	251	202	318	203	161	229	374	45	364	436	338	211	362	517	230	81	110	462	339	454	422	310	283	426	310	144	0	150	239	168	313	294	77	285	321	319	518	306	|
|137	157	292	45	142	70	181	294	102	141	242	233	70	159	260	191	216	336	193	68	215	389	103	73	168	324	211	306	311	200	199	289	168	191	150	0	210	113	239	148	117	210	238	244	400	157	|
|169	361	108	192	352	228	84	453	262	72	100	88	140	68	452	279	348	227	256	191	280	344	303	196	140	481	394	429	229	148	407	451	336	362	239	210	0	318	95	231	164	79	111	100	325	258	|
|200	101	388	150	53	148	274	283	153	252	355	325	181	272	210	189	245	443	270	169	286	480	95	135	243	311	186	325	415	308	115	275	177	109	168	113	318	0	352	230	187	323	351	357	498	225	|
|247	370	186	205	374	228	175	421	254	112	5	182	175	86	443	356	312	132	206	193	226	251	311	253	226	447	382	382	134	83	421	421	320	418	313	239	95	352	0	196	237	30	19	6	230	224	|
|260	201	337	107	226	84	256	226	81	169	195	297	145	163	252	337	118	234	45	83	68	251	150	213	274	253	190	199	199	117	254	226	128	329	294	148	231	230	196	0	240	178	184	198	272	29	|
|20	264	207	140	234	180	95	411	216	127	241	143	97	153	372	120	329	361	283	159	308	448	217	53	56	441	327	419	348	238	296	406	285	202	77	117	164	187	237	240	0	208	245	242	446	257	|
|219	344	181	177	346	202	152	404	230	82	34	167	145	56	420	328	295	156	193	166	215	265	284	223	201	430	359	369	152	74	394	404	298	388	285	210	79	323	30	178	208	0	37	35	250	206	|
|256	364	205	202	370	222	188	408	246	118	15	199	177	92	433	364	298	119	191	188	210	233	305	257	238	433	371	366	118	68	415	408	309	421	321	238	111	351	19	184	245	37	0	17	214	212	|
|253	374	190	210	378	232	180	423	257	117	2	187	180	91	446	362	313	127	206	197	226	246	315	258	232	448	384	382	130	83	425	423	322	423	319	244	100	357	6	198	242	35	17	0	225	226	|
|460	469	408	356	498	351	402	422	353	322	225	412	359	296	494	563	330	102	239	333	235	54	422	444	449	436	436	348	98	208	521	427	381	591	518	400	325	498	230	272	446	250	214	225	0	285	|
|278	184	364	119	215	87	280	198	72	195	224	323	165	190	227	348	90	255	46	98	61	259	139	226	294	225	165	172	219	145	237	197	103	329	306	157	258	225	224	29	257	206	212	226	285	0	|

--------------------------------------------------------------------------------
Building model...
	using lazy and cut (CVRPSEP package)
Solving IRP LP...
--------------------------------------------------------------------------------

Gurobi 9.1.0 (linux64) logging started Sat Feb  6 18:31:14 2021

Gurobi Optimizer version 9.1.0 build v9.1.0rc0 (linux64)
Thread count: 32 physical cores, 32 logical processors, using up to 2 threads
Optimize a model with 2524 rows, 17074 columns and 51544 nonzeros
Model fingerprint: 0x56a8ec13
Variable types: 859 continuous, 16215 integer (690 binary)
Coefficient statistics:
  Matrix range     [1e+00, 7e+02]
  Objective range  [1e-01, 6e+02]
  Bounds range     [1e+00, 3e+02]
  RHS range        [1e+00, 6e+03]
Presolve removed 566 rows and 1630 columns
Presolve time: 0.21s
Presolved: 1958 rows, 15444 columns, 44092 nonzeros
Variable types: 524 continuous, 14920 integer (14240 binary)

Root relaxation: objective 1.324590e+04, 1668 iterations, 0.10 seconds

    Nodes    |    Current Node    |     Objective Bounds      |     Work
 Expl Unexpl |  Obj  Depth IntInf | Incumbent    BestBd   Gap | It/Node Time

     0     0 13245.9026    0  160          - 13245.9026      -     -    0s
     0     0 13617.8651    0  169          - 13617.8651      -     -    1s
     0     0 13617.8651    0  173          - 13617.8651      -     -    1s
     0     0 13898.8966    0  229          - 13898.8966      -     -    1s
     0     0 14023.8840    0  200          - 14023.8840      -     -    2s
     0     0 14032.7854    0  293          - 14032.7854      -     -    2s
     0     0 14033.6218    0  317          - 14033.6218      -     -    2s
     0     0 14033.6253    0  319          - 14033.6253      -     -    2s
     0     0 14231.0976    0  377          - 14231.0976      -     -    3s
     0     0 14270.0285    0  390          - 14270.0285      -     -    4s
     0     0 14270.2532    0  469          - 14270.2532      -     -    4s
     0     0 14413.7317    0  396          - 14413.7317      -     -    6s
     0     0 14419.5728    0  422          - 14419.5728      -     -    6s
     0     0 14422.1899    0  458          - 14422.1899      -     -    6s
     0     0 14423.1267    0  465          - 14423.1267      -     -    6s
     0     0 14456.0479    0  493          - 14456.0479      -     -    7s
     0     0 14463.3584    0  423          - 14463.3584      -     -    7s
     0     0 14463.8955    0  443          - 14463.8955      -     -    7s
     0     0 14499.1299    0  498          - 14499.1299      -     -    8s
     0     0 14511.5841    0  522          - 14511.5841      -     -   10s
     0     0 14520.4426    0  562          - 14520.4426      -     -   10s
     0     0 14561.0395    0  541          - 14561.0395      -     -   11s
     0     0 14585.5456    0  524          - 14585.5456      -     -   11s
     0     0 14587.3379    0  528          - 14587.3379      -     -   11s
     0     0 14587.9194    0  538          - 14587.9194      -     -   11s
     0     0 14599.2629    0  577          - 14599.2629      -     -   12s
     0     0 14601.4079    0  508          - 14601.4079      -     -   12s
     0     0 14601.9497    0  597          - 14601.9497      -     -   12s
     0     0 14607.1901    0  374          - 14607.1901      -     -   13s
     0     0 14610.8703    0  476          - 14610.8703      -     -   13s
     0     0 14611.9158    0  469          - 14611.9158      -     -   13s
     0     0 14617.6384    0  508          - 14617.6384      -     -   14s
     0     0 14617.6384    0  508          - 14617.6384      -     -   14s
     0     0 14617.6384    0  508          - 14617.6384      -     -   19s
     0     2 14628.9031    0  566          - 14628.9031      -     -   20s
    24    27 14684.5558    7  682          - 14646.4412      -   555   25s
    51    54 14799.1744   15  456          - 14646.4412      -   539   30s
    83    88 14839.6461   22  501          - 14646.4412      -   555   35s
   125   133 15032.9275   31  356          - 14646.4412      -   518   40s
   171   183 15419.8475   44  256          - 14646.4412      -   476   45s
   265   298 15751.6220   70  221          - 14646.4412      -   387   50s
   412   461 15976.6290   92  219          - 14646.4412      -   297   55s
   574   637 16323.1276  104  285          - 14646.4412      -   238   60s
   734   738 16645.2462  125  265          - 14646.4412      -   207   65s
   868   895 18590.4433  202   41          - 14650.0467      -   192   70s
   922   903 14803.6366   19  215          - 14650.0467      -   189   75s
   927   907 15170.0216   50  667          - 14650.0467      -   187   80s
   939   915 16252.0878  124  665          - 14690.4678      -   185   85s
   945   919 15120.6900   46  657          - 14700.3966      -   184   90s
   953   924 18245.8672  264  656          - 14710.7009      -   182   95s
   963   931 17905.3017  189  715          - 14717.4938      -   180  101s
   969   935 18036.9058  258  719          - 14717.9744      -   179  105s
   971   936 18826.6668  300  717          - 14717.9744      -   179  112s
   976   942 14806.4012   12  534          - 14723.7986      -   201  115s
   993   953 14874.4747   16  492          - 14735.4813      -   210  120s
  1008   965 14760.1509   21  660          - 14747.0110      -   220  125s
  1030   980 14850.2476   26  469          - 14747.0110      -   228  130s
  1059  1003 15130.8339   32  420          - 14747.0110      -   238  135s
  1095  1028 15227.5027   38  346          - 14747.0110      -   245  141s
  1118  1047 15105.3047   43  512          - 14747.0110      -   252  145s
  1167  1076 15218.5300   51  479          - 14747.0110      -   256  150s
  1206  1106 15254.5277   58  417          - 14747.0110      -   260  155s
  1250  1141 15310.8810   66  439          - 14747.0110      -   265  161s
  1289  1174 15416.3040   71  350          - 14747.0110      -   268  165s
  1346  1209 15844.4822  128  306          - 14747.0110      -   270  170s
  1431  1289 15628.5032   89  341          - 14747.0110      -   272  177s
  1476  1314 15570.6715   93  409          - 14747.0110      -   271  180s
  1566  1388 15626.9005  103  366          - 14747.0110      -   271  186s
  1620  1423 15703.7087  109  333          - 14747.0110      -   269  190s
  1725  1496 15806.3812  121  324          - 14747.0110      -   265  197s
  1781  1557 15895.8658  128  295          - 14747.0110      -   264  200s
  1969  1616 15984.2381  146  281          - 14747.0110      -   253  210s
  2105  1710 16054.0401  160  289          - 14747.0110      -   242  217s
  2164  1727 16255.3269  172  199          - 14747.0110      -   239  220s
* 2196  1669             439    22727.870000 14747.0110  35.1%   238  220s
* 2197  1623             439    22447.110000 14747.0110  34.3%   238  220s
* 2203  1578             439    22445.090000 14747.0110  34.3%   237  220s
* 2206  1537             434    22390.110000 14747.0110  34.1%   237  220s
  2209  1547 16372.9572  188  195 22390.1100 14747.0110  34.1%   238  225s
  2220  1572 16479.7090  193  201 22390.1100 14747.0110  34.1%   239  243s
  2249  1590 16608.8375  206  231 22390.1100 14747.0110  34.1%   239  249s
  2277  1609 16719.1764  219  225 22390.1100 14747.0110  34.1%   240  254s
  2305  1622 16903.4774  231  263 22390.1100 14747.0110  34.1%   240  260s
  2351  1657 17173.9886  251  231 22390.1100 14747.0110  34.1%   240  269s
  2380  1674 17297.5875  265  218 22390.1100 14747.0110  34.1%   240  274s
  2407  1690 17385.1176  276  195 22390.1100 14747.0110  34.1%   240  278s
  2432  1716 17605.7341  287  212 22390.1100 14747.0110  34.1%   240  283s
  2466  1747 17770.3194  300  191 22390.1100 14747.0110  34.1%   239  288s
  2508  1786 18134.8613  317  176 22390.1100 14747.0110  34.1%   239  295s
  2561  1875 18694.1788  340  138 22390.1100 14747.0110  34.1%   237  302s
  2668  1960 19557.1055  389  109 22390.1100 14747.0110  34.1%   232  310s
* 2773  1829             441    20254.800000 14747.0110  27.2%   225  311s
* 2776  1791             443    20251.800000 14747.0110  27.2%   225  311s
  2821  1721     cutoff  452      20251.8000 14749.2924  27.2%   222  316s
  2838  1726 14891.4366   18  555 20251.8000 14749.2924  27.2%   226  321s
  2848  1729 15062.5388   19  523 20251.8000 14749.2924  27.2%   229  326s
  2855  1746 14968.1020   19  477 20251.8000 14749.2924  27.2%   229  330s
  2874  1746 15122.6629   22  348 20251.8000 14749.2924  27.2%   232  335s
  2880  1767 15038.8357   22  381 20251.8000 14749.2924  27.2%   234  340s
  2903  1771 15166.7547   25  345 20251.8000 14749.2924  27.2%   236  346s
  2915  1769 15363.6779   25  257 20251.8000 14749.2924  27.2%   238  374s
  2917  1786 15316.6831   26  293 20251.8000 14749.2924  27.2%   238  379s
  2935  1782 15468.5950   26  273 20251.8000 14749.2924  27.2%   241  399s
  2937  1806 15462.4394   27  265 20251.8000 14749.2924  27.2%   242  404s
  2961  1831 15675.1527   32  319 20251.8000 14749.2924  27.2%   244  409s
  2994  1851 15809.5216   39  255 20251.8000 14749.2924  27.2%   246  415s
  3025  1880 15905.3601   46  208 20251.8000 14749.2924  27.2%   248  421s
  3063  1931 16000.5334   56  192 20251.8000 14749.2924  27.2%   250  428s
  3114  1977 16268.8998   69  215 20251.8000 14749.2924  27.2%   251  434s
  3160  2062 16331.8655   82  199 20251.8000 14749.2924  27.2%   252  441s
  3245  2129 16578.8294  101  205 20251.8000 14749.2924  27.2%   251  449s
  3312  2240 16985.0338  111  183 20251.8000 14749.2924  27.2%   251  457s
  3423  2401 17197.3340  133  148 20251.8000 14749.2924  27.2%   249  469s
  3490  2401 17333.8138  161  167 20251.8000 14749.2924  27.2%   247  470s
  3584  2696 17604.5143  179  160 20251.8000 14749.2924  27.2%   244  482s
  3732  2696 18380.0736  212  108 20251.8000 14749.2924  27.2%   239  485s
  3891  2796 19040.8036  216   71 20251.8000 14752.2635  27.2%   233  498s
  4021  2926 14965.7842   15  525 20251.8000 14752.2635  27.2%   230  509s
  4141  3060 15044.5904   20  502 20251.8000 14752.2635  27.2%   228  521s
  4275  3243 15117.3339   24  447 20251.8000 14752.2635  27.2%   227  534s
  4458  3274 15110.8034   27  430 20251.8000 14752.2635  27.2%   223  545s
  4523  3291 15180.6224   26  518 20251.8000 14752.2635  27.2%   224  553s
* 4526  3289             298    20244.620000 14752.2635  27.1%   225  553s
* 4527  3289             298    20244.400000 14752.2635  27.1%   225  553s
* 4531  3260             296    20130.540000 14752.2635  26.7%   225  553s
* 4537  3226             297    20021.540000 14752.2635  26.3%   224  553s
* 4539  3226             297    20014.540000 14752.2635  26.3%   224  554s
* 4541  3225             298    20003.540000 14752.2635  26.3%   224  554s
  4559  3246 15151.8642   28  437 20003.5400 14752.2635  26.3%   225  562s
  4583  3280 15360.0129   29  557 20003.5400 14752.2635  26.3%   228  569s
  4617  3331 15498.5665   31  401 20003.5400 14752.2635  26.3%   229  578s
  4668  3462 15556.2906   32  488 20003.5400 14752.2635  26.3%   230  590s
  4826  3475 15724.5657   39  418 20003.5400 14752.2635  26.3%   227  601s
  4840  3493 15710.7990   39  323 20003.5400 14752.2635  26.3%   231  636s
  4858  3529 15825.7682   40  349 20003.5400 14752.2635  26.3%   232  646s
  4894  3572 15883.8427   41  360 20003.5400 14752.2635  26.3%   233  658s
  4937  3661 15921.0915   46  312 20003.5400 14752.2635  26.3%   233  670s
  5046  3681 16121.2243   54  360 20003.5400 14752.2635  26.3%   233  682s
  5056  3699 16046.2079   57  340 20003.5400 14752.2635  26.3%   235  690s
  5074  3725 16095.1919   61  345 20003.5400 14752.2635  26.3%   238  700s
  5100  3759 16127.7005   69  306 20003.5400 14752.2635  26.3%   240  711s
  5134  3772 16353.4000   81  397 20003.5400 14752.2635  26.3%   243  722s
  5147  3810 16371.7317   87  302 20003.5400 14752.2635  26.3%   245  732s
  5185  3847 16482.8764   95  300 20003.5400 14752.2635  26.3%   248  743s
  5222  3898 16734.8944  104  276 20003.5400 14752.2635  26.3%   251  754s
  5273  3991 16860.2826  109  164 20003.5400 14752.2635  26.3%   254  769s
  5331  3991 16064.5881   61  123 20003.5400 14752.2635  26.3%   254  770s
  5366  4120 17106.2289  117  220 20003.5400 14752.2635  26.3%   254  785s
  5495  4122 17108.7725  134  323 20003.5400 14752.2635  26.3%   254  820s
  5497  4265 17116.2971  135  362 20003.5400 14752.2635  26.3%   254  838s
  5636  4265 17110.7662  145   26 20003.5400 14752.2635  26.3%   252  840s
  5640  4511 17326.7756  145  196 20003.5400 14752.2635  26.3%   252  860s
  6023  4579 19468.3900  221    5 20003.5400 14752.2635  26.3%   241  865s
  6070  4658 17553.7412  167  324 20003.5400 14752.2635  26.3%   241  878s
  6143  4808 17714.2993  186  189 20003.5400 14752.2635  26.3%   242  896s
  6293  5057 18360.0949  253  126 20003.5400 14804.5589  26.0%   242  927s
  6501  5057 19365.2472  318   58 20003.5400 14804.5589  26.0%   238  930s
  6573  5085     cutoff  336      20003.5400 14805.1713  26.0%   238  941s
  6603  5142 15298.5044   26  449 20003.5400 14805.1713  26.0%   240  953s
  6660  5320 15583.2529   48  296 20003.5400 14805.1713  26.0%   242  970s
  6838  5521 16160.7169   90  306 20003.5400 14805.1713  26.0%   240  995s
  7056  5625 16788.4431  143  259 20003.5400 14808.6546  26.0%   237 1011s
  7184  5654 infeasible  247      20003.5400 14809.3220  26.0%   236 1025s
  7234  5699 19995.1500  252   22 20003.5400 14810.0276  26.0%   237 1045s
  7282  5863 15562.8311   37  503 20003.5400 14810.0276  26.0%   240 1067s
  7436  5865 18712.0533  172   19 20003.5400 14810.0276  26.0%   239 1070s
  7498  5974 16221.4000   78  261 20003.5400 14811.5702  26.0%   238 1093s
  7665  6021 15030.0040   14  575 20003.5400 14822.0698  25.9%   238 1112s
  7681  6041 14995.4573   15  673 20003.5400 14822.0698  25.9%   241 1131s
  7701  6080 15053.4769   19  564 20003.5400 14822.0698  25.9%   245 1151s
  7740  6121 15177.4957   26  467 20003.5400 14822.0698  25.9%   248 1171s
  7781  6171 15318.8272   33  332 20003.5400 14822.0698  25.9%   252 1193s
  7831  6232 15439.2253   36  419 20003.5400 14822.0698  25.9%   256 1218s
  7892  6308 15401.7249   46  449 20003.5400 14822.0698  25.9%   259 1240s
  7968  6636 15644.4748   48  265 20003.5400 14822.0698  25.9%   263 1281s
  8200  6640 17476.6100  175    - 20003.5400 14822.0698  25.9%   262 1285s
  8370  6741 15715.2162   59  455 20003.5400 14822.0698  25.9%   258 1312s
  8487  6950 16061.9230   75  149 20003.5400 14842.4468  25.8%   260 1347s
  8743  6999 16951.4094  122   33 20003.5400 14845.6037  25.8%   260 1375s
  8832  7085 18278.6229  149   29 20003.5400 14854.1283  25.7%   261 1403s
  8944  7132 infeasible  200      20003.5400 14856.3937  25.7%   261 1428s
  8988  7329 15466.0747   48  396 20003.5400 14856.6240  25.7%   264 1456s
  9249  7476 19431.4696  184   33 20003.5400 14859.6421  25.7%   261 1486s
  9433  7527 infeasible  194      20003.5400 14862.6819  25.7%   261 1512s
  9500  7648 15527.1642   34  294 20003.5400 14864.2477  25.7%   262 1543s
  9605  7648 17233.7446  139   44 20003.5400 14864.2477  25.7%   262 1545s
  9653  7825 17776.1667  147   18 20003.5400 14867.6057  25.7%   263 1572s
  9895  7856     cutoff  198      20003.5400 14867.8601  25.7%   260 1609s
  9909  7944     cutoff  198      20003.5400 14867.8655  25.7%   261 1636s
 10001  8256 15880.4864   41  241 20003.5400 14869.1113  25.7%   262 1669s
 10033  8256 16454.1205   73   37 20003.5400 14869.1113  25.7%   262 1670s
 10365  8422 15188.5791   22  429 20003.5400 14869.1113  25.7%   259 1700s
 10540  8476 15453.1045   28  292 20003.5400 14869.1113  25.7%   259 1727s
 10591  8584 15693.6351   42  127 20003.5400 14869.1113  25.7%   261 1753s
 10699  8843 15939.6964   65  295 20003.5400 14869.1113  25.7%   263 1789s
 10715  8843 16049.6956   70  155 20003.5400 14869.1113  25.7%   263 1790s
 10975  8951 16827.4300   96   92 20003.5400 14869.1113  25.7%   261 1848s
 11077  8951 15975.9477   58  331 20003.5400 14869.1113  25.7%   260 1850s
 11081  9158 17817.4068  133   71 20003.5400 14873.9239  25.6%   260 1877s
 11315  9177 19262.4200  170    - 20003.5400 14875.6505  25.6%   258 1880s
 11348  9271 18971.5733  164   31 20003.5400 14879.2343  25.6%   258 1904s
 11364  9275 19285.4500  175   17 20003.5400 14879.2343  25.6%   258 1905s
 11471  9323 19811.9760  180   85 20003.5400 14886.3279  25.6%   259 1928s
 11536  9457     cutoff  186      20003.5400 14887.2147  25.6%   261 1957s
 11677  9766 15621.4268   42  434 20003.5400 14887.2147  25.6%   262 1990s
 12016  9869 17661.3689  171   98 20003.5400 14889.9984  25.6%   259 2022s
 12130 10003     cutoff  224      20003.5400 14891.1712  25.6%   259 2055s
 12272 10146 15058.2411   29  516 20003.5400 14891.1712  25.6%   261 2087s
 12433 10202 15181.8338   39  438 20003.5400 14891.1712  25.6%   262 2115s
 12492 10363 15478.6215   51  331 20003.5400 14891.1712  25.6%   264 2147s
 12672 10374 19076.5700  166    6 20003.5400 14891.1712  25.6%   264 2150s
 12681 10525 15686.5766   72  348 20003.5400 14891.1712  25.6%   264 2177s
 12820 10541 15275.4498   32  376 20003.5400 14891.1712  25.6%   265 2180s
 12861 10630 16115.2257  116  185 20003.5400 14896.1506  25.5%   265 2211s
 12978 10704 18564.5415  164   42 20003.5400 14901.7283  25.5%   266 2238s
 13078 10881 19574.7238  175   22 20003.5400 14902.5979  25.5%   267 2272s
 13266 10894 18627.4825  231   33 20003.5400 14902.8763  25.5%   266 2275s
 13295 10956 15180.2789   22  522 20003.5400 14902.8763  25.5%   267 2301s
 13383 11014 15427.7661   29  461 20003.5400 14902.8763  25.5%   268 2326s
 13444 11158 15655.4108   39  277 20003.5400 14902.8763  25.5%   270 2359s
 13511 11158 16386.3556   97  251 20003.5400 14902.8763  25.5%   271 2360s
 13624 11424 16076.1389   56  212 20003.5400 14902.8763  25.5%   270 2397s
 13855 11427 19379.2450  221   17 20003.5400 14902.8763  25.5%   268 2400s
 13900 11518 18536.1669  115   87 20003.5400 14911.8306  25.5%   268 2428s
 14010 11534 16116.2110   46  207 20003.5400 14911.8306  25.5%   268 2430s
 14033 11681 19967.3700  146   22 20003.5400 14913.2459  25.4%   269 2461s
 14206 11707 infeasible  147      20003.5400 14913.7383  25.4%   268 2491s
 14240 11733 15692.9415   30  548 20003.5400 14915.1550  25.4%   270 2559s
 14266 11959 15916.9674   43  545 20003.5400 14915.1550  25.4%   271 2596s
 14492 11964 18586.8100  170    - 20003.5400 14915.1550  25.4%   270 2600s
 14538 12092 17720.4739  138  128 20003.5400 14917.0149  25.4%   269 2631s
 14665 12126 15464.4377   26  589 20003.5400 14917.0149  25.4%   270 2658s
 14699 12178 15563.8801   31  650 20003.5400 14917.0149  25.4%   272 2685s
 14751 12273 15976.8216   36  338 20003.5400 14917.0149  25.4%   274 2718s
 14846 12601 16368.5865   57  162 20003.5400 14917.0149  25.4%   276 2761s
 15058 12601 17068.4738  141   29 20003.5400 14917.0149  25.4%   276 2765s
 15218 12854 17118.0917   92  227 20003.5400 14918.1125  25.4%   274 2805s
 15514 12954     cutoff  164      20003.5400 14918.4785  25.4%   273 2842s
 15619 13024 15611.8496   37  643 20003.5400 14918.4883  25.4%   274 2878s
 15704 13186 16263.2815   96  375 20003.5400 14925.2881  25.4%   274 2918s
 15816 13191 18113.2900  202    - 20003.5400 14925.2881  25.4%   273 2920s
 15968 13339     cutoff  248      20003.5400 14926.8324  25.4%   272 2955s
 16095 13436 15717.2831   26  587 20003.5400 14926.8324  25.4%   273 2987s
 16222 13633 16225.2521   62  386 20003.5400 14928.7248  25.4%   274 3022s
 16443 13667 15345.7415   29  487 20003.5400 14929.2648  25.4%   273 3050s
 16474 13724 15171.1275   29  575 20003.5400 14929.2648  25.4%   275 3077s
 16531 13775 15462.5227   47  255 20003.5400 14929.2648  25.4%   277 3108s
 16582 13918 15645.1287   54  278 20003.5400 14929.2648  25.4%   279 3140s
 16725 14262 16105.7640   86  331 20003.5400 14929.2648  25.4%   281 3182s
 16871 14262 16433.8243  123  162 20003.5400 14929.2648  25.4%   281 3185s
 17130 14524 16592.3816  126  216 20003.5400 14930.3967  25.4%   279 3223s
 17242 14524 17428.5015  159   53 20003.5400 14930.3967  25.4%   279 3225s
 17480 14566 19650.5200  221    - 20003.5400 14930.5089  25.4%   277 3263s
 17498 14642     cutoff  223      20003.5400 14937.1171  25.3%   277 3292s
 17601 14697     cutoff  224      20003.5400 14937.1212  25.3%   278 3325s
 17657 14819 15221.5953   24  355 20003.5400 14937.1212  25.3%   279 3359s
 17726 14819 18132.3175  139   50 20003.5400 14937.1212  25.3%   280 3360s
 17807 14893 15492.8472   35  393 20003.5400 14937.1212  25.3%   280 3388s
 17879 15075 15703.9941   61  250 20003.5400 14937.1212  25.3%   282 3423s
 17959 15075 15754.7303  101   66 20003.5400 14937.1212  25.3%   282 3425s
 18073 15274 15756.9968  104   79 20003.5400 14939.0144  25.3%   282 3458s
 18186 15285 17535.6181  157   24 20003.5400 14939.0144  25.3%   281 3460s
 18336 15327 19793.4700  192    - 20003.5400 14939.1139  25.3%   281 3495s
 18412 15382 19870.6900  192    6 20003.5400 14939.3459  25.3%   282 3528s
 18465 15394 19978.1900  193    - 20003.5400 14947.3573  25.3%   283 3600s

Cutting planes:
  User: 8705
  Gomory: 23
  Cover: 744
  Implied bound: 247
  Projected implied bound: 16
  Clique: 135
  MIR: 187
  StrongCG: 5
  Flow cover: 517
  GUB cover: 4
  Zero half: 33
  Network: 2
  RLT: 572
  Relax-and-lift: 19
  Lazy constraints: 4027

Explored 18485 nodes (5251357 simplex iterations) in 3600.41 seconds
Thread count was 2 (of 32 available processors)

Solution count 10: 20003.5 20014.5 20021.5 ... 22445.1

Time limit reached
Best objective 2.000354000000e+04, best bound 1.494735725944e+04, gap 25.2764%

User-callback calls 562112, time in user-callback 162.27 sec
================================================================================
executing instance: ./input/Instances/Original/1/absH3high_2n45.dat
--------------------------------------------------------------------------------
Instance details
n	46
H	3
C	3171
Li:
[0, 0, 0, 0, 0, 0, 0, 0, 0, 0, 0, 0, 0, 0, 0, 0, 0, 0, 0, 0, 0, 0, 0, 0, 0, 0, 0, 0, 0, 0, 0, 0, 0, 0, 0, 0, 0, 0, 0, 0, 0, 0, 0, 0, 0, 0, ]
Ui:
[0, 246, 160, 78, 20, 87, 144, 40, 20, 82, 60, 96, 24, 136, 160, 108, 160, 26, 228, 51, 24, 240, 231, 70, 32, 105, 174, 114, 246, 126, 132, 76, 22, 42, 255, 132, 148, 162, 66, 111, 102, 240, 123, 201, 297, 78, ]
Distance matrix:
|0	148	402	550	329	420	187	318	366	280	504	273	233	333	112	344	379	481	113	593	159	523	261	424	90	359	163	461	413	240	105	299	265	89	371	462	339	273	495	22	41	439	369	506	563	468	|
|148	0	284	517	394	284	136	369	244	311	496	166	329	355	223	202	338	388	204	565	254	506	118	346	71	423	173	471	336	118	105	352	198	105	248	428	302	305	487	153	179	441	230	497	517	370	|
|402	284	0	350	448	80	228	406	42	343	382	129	456	350	412	126	219	131	382	395	410	371	180	137	314	466	289	400	137	167	389	401	169	316	39	280	217	342	373	394	414	362	108	380	324	106	|
|550	517	350	0	339	429	385	308	374	295	93	375	431	249	481	461	180	239	458	48	445	57	474	214	496	333	387	160	216	424	601	321	320	471	376	90	217	301	93	530	534	146	452	88	52	262	|
|329	394	448	339	0	513	282	42	438	105	255	363	115	108	221	484	259	431	217	365	172	289	436	362	333	30	224	189	353	380	423	47	291	296	443	285	240	107	251	307	294	193	495	260	378	437	|
|420	284	80	429	513	0	267	473	76	408	462	163	509	421	449	86	298	201	421	474	455	451	167	217	330	533	333	478	217	181	386	466	225	341	70	360	291	406	453	416	438	440	59	460	400	176	|
|187	136	228	385	282	267	0	249	199	186	360	104	248	224	184	214	207	294	155	432	189	371	155	237	113	308	68	336	227	101	216	236	78	98	205	296	168	181	350	174	190	305	231	360	390	283	|
|318	369	406	308	42	473	249	0	397	66	229	325	128	67	216	447	218	389	206	337	168	260	402	320	311	61	196	167	311	345	406	19	252	275	403	248	198	70	223	296	286	164	457	233	344	395	|
|366	244	42	374	438	76	199	397	0	332	397	96	436	346	383	90	228	168	354	420	385	389	139	161	277	458	263	408	158	128	349	391	150	282	6	298	218	331	388	359	380	370	78	395	352	144	|
|280	311	343	295	105	408	186	66	332	0	231	259	142	53	191	380	171	337	173	332	150	257	337	267	258	127	139	182	258	280	359	58	186	223	338	222	143	6	224	258	254	164	390	234	323	340	|
|504	496	382	93	255	462	360	229	397	231	0	375	356	180	422	478	173	293	403	110	381	36	474	248	463	245	345	68	246	419	568	244	308	433	400	104	200	237	9	482	482	67	474	5	142	312	|
|273	166	129	375	363	163	104	325	96	259	375	0	347	283	288	121	202	221	259	423	292	376	99	183	186	386	170	370	175	52	269	315	76	187	102	288	177	256	365	265	285	333	133	374	365	204	|
|233	329	456	431	115	509	248	128	436	142	356	347	0	181	121	462	311	472	128	463	76	386	398	403	260	141	180	294	392	349	334	111	287	224	442	362	280	139	350	212	194	289	479	360	463	472	|
|333	355	350	249	108	421	224	67	346	53	180	283	181	0	244	403	152	324	226	283	201	207	369	256	307	118	186	129	247	311	409	74	208	273	351	183	136	59	173	311	307	113	410	183	282	331	|
|112	223	412	481	221	449	184	216	383	191	422	288	121	244	0	387	327	461	30	521	49	447	313	396	152	250	125	371	385	273	214	196	249	121	389	400	288	185	415	91	74	355	408	425	503	454	|
|344	202	126	461	484	86	214	447	90	380	478	121	462	403	387	0	305	256	360	508	400	473	84	250	255	507	282	482	246	115	302	437	196	271	90	382	288	377	469	343	367	444	28	476	441	232	|
|379	338	219	180	259	298	207	218	228	171	173	202	311	152	327	305	0	172	301	227	300	174	302	105	318	270	217	180	97	249	423	221	141	296	232	90	40	173	164	361	368	142	303	172	184	180	|
|481	388	131	239	431	201	294	389	168	337	293	221	472	324	461	256	172	0	432	280	446	273	300	70	400	442	337	330	80	271	490	391	217	391	167	191	194	339	286	468	483	294	239	289	203	26	|
|113	204	382	458	217	421	155	206	354	173	403	259	128	226	30	360	301	432	0	499	52	426	287	367	133	246	95	355	356	246	208	187	219	100	360	376	261	167	395	90	81	337	381	406	478	425	|
|593	565	395	48	365	474	432	337	420	332	110	423	463	283	521	508	227	280	499	0	482	77	521	260	542	356	431	178	262	472	647	352	368	516	422	137	264	338	114	573	576	174	499	106	78	304	|
|159	254	410	445	172	455	189	168	385	150	381	292	76	201	49	400	300	446	52	482	0	407	331	378	184	201	122	327	367	286	258	149	242	150	391	367	263	144	374	137	122	314	419	384	470	441	|
|523	506	371	57	289	451	371	260	389	257	36	376	386	207	447	473	174	273	426	77	407	0	475	234	477	280	363	104	234	422	583	275	313	449	392	91	205	263	38	503	504	97	468	31	108	294	|
|261	118	180	474	436	167	155	402	139	337	474	99	398	369	313	84	302	300	287	521	331	475	0	275	173	462	220	465	268	58	219	390	168	193	142	388	275	333	464	261	286	430	111	473	462	279	|
|424	346	137	214	362	217	237	320	161	267	248	183	403	256	396	250	105	70	367	260	378	234	275	0	348	374	274	274	11	234	444	321	159	335	163	145	124	269	239	409	422	237	239	245	191	76	|
|90	71	314	496	333	330	113	311	277	258	463	186	260	307	152	255	318	400	133	542	184	477	173	348	0	362	121	430	338	150	106	293	190	37	282	406	279	252	454	88	113	403	280	464	502	386	|
