




arguments: ./build/bc_mirp -f ./input/orig_exec_278.cfg
Current dir: /scratch/gui/bc_mirp
File verbosity level: 9
date       time         ( uptime  ) [ thread name/id ]                   file:line     v| 
2021-02-17 18:46:10.910 (   0.064s) [main thread     ]             loguru.cpp:789   INFO| Logging to './output/vi_vc+hc1_full/OU/V5/Original/execution_17_02_2021_18_46_10.log', mode: 'a', verbosity: 9
--------------------------------------------------------------------------------
Parameters
                           instance_path           ./input/Instances/Original/6/
                            model_policy                                       1
                             nb_vehicles                                       5
                              output_dir ./output/vi_vc+hc1_full/OU/V5/Original/
                            sec_strategy                                       1
                       solver_nb_threads                                       2
                         solver_show_log                                    true
                       solver_time_limit                                    3600
                              use_vi_cos                                   false
                              use_vi_cus                                   false
                         use_vi_hc1_full                                    true
                         use_vi_hc1_half                                   false
                      use_vi_hc1_quarter                                   false
                              use_vi_hc2                                   false
                              use_vi_hc3                                   false
                         use_vi_lex_full                                   false
                         use_vi_lex_half                                   false
                      use_vi_lex_quarter                                   false
                              use_vi_qua                                   false
                               use_vi_vc                                    true
                               use_vi_vr                                   false
--------------------------------------------------------------------------------
executing instance: ./input/Instances/Original/6/absH6high_1n25.dat
--------------------------------------------------------------------------------
Instance details
n	26
H	6
C	1711
Li:
[0, 0, 0, 0, 0, 0, 0, 0, 0, 0, 0, 0, 0, 0, 0, 0, 0, 0, 0, 0, 0, 0, 0, 0, 0, 0, ]
Ui:
[0, 168, 176, 34, 66, 36, 177, 106, 118, 182, 64, 141, 189, 63, 46, 111, 182, 231, 36, 66, 68, 54, 132, 90, 246, 75, ]
Distance matrix:
|0	191	200	231	334	329	146	196	208	245	218	164	283	394	151	358	156	196	309	253	201	260	127	138	130	104	|
|191	0	226	229	278	146	328	216	390	417	327	293	195	334	106	296	171	122	472	151	12	411	280	53	190	130	|
|200	226	0	38	149	359	321	10	276	274	418	364	139	204	121	173	321	115	303	141	225	236	155	202	311	256	|
|231	229	38	0	110	352	358	37	314	310	448	395	108	167	129	135	342	109	336	120	226	268	194	213	335	277	|
|334	278	149	110	0	367	467	147	422	413	546	495	86	61	203	25	423	163	429	129	271	363	303	282	424	361	|
|329	146	359	352	367	0	453	349	533	562	411	393	282	411	245	378	250	244	617	245	141	556	426	195	284	243	|
|146	328	321	358	467	453	0	321	162	215	160	112	425	524	297	491	223	341	284	397	339	266	186	276	184	210	|
|196	216	10	37	147	349	321	0	281	281	414	360	132	203	112	171	315	105	311	132	216	244	159	193	305	249	|
|208	390	276	314	422	533	162	281	0	54	321	271	410	471	316	445	348	348	123	398	398	115	125	338	313	309	|
|245	417	274	310	413	562	215	281	54	0	375	323	413	457	334	435	393	361	70	406	424	69	139	367	359	349	|
|218	327	418	448	546	411	160	414	321	375	0	57	484	606	347	569	163	393	444	446	339	421	318	288	137	199	|
|164	293	364	395	495	393	112	360	271	323	57	0	437	556	300	519	144	346	393	401	305	367	261	249	109	163	|
|283	195	139	108	86	282	425	132	410	413	484	437	0	139	137	101	349	91	443	44	187	375	286	206	355	291	|
|394	334	204	167	61	411	524	203	471	457	606	556	139	0	264	38	483	222	467	183	326	403	356	341	484	421	|
|151	106	121	129	203	245	297	112	316	334	347	300	137	264	0	225	220	46	381	102	106	316	195	84	221	158	|
|358	296	173	135	25	378	491	171	445	435	569	519	101	38	225	0	444	184	450	145	288	384	328	303	446	383	|
|156	171	321	342	423	250	223	315	348	393	163	144	349	483	220	444	0	261	460	308	183	415	284	143	39	65	|
|196	122	115	109	163	244	341	105	348	361	393	346	91	222	46	184	261	0	402	56	118	336	224	119	264	200	|
|309	472	303	336	429	617	284	311	123	70	444	393	443	467	381	450	460	402	0	442	477	68	192	424	426	413	|
|253	151	141	120	129	245	397	132	398	406	446	401	44	183	102	145	308	56	442	0	143	375	273	164	315	251	|
|201	12	225	226	271	141	339	216	398	424	339	305	187	326	106	288	183	118	477	143	0	416	286	63	202	142	|
|260	411	236	268	363	556	266	244	115	69	421	367	375	403	316	384	415	336	68	375	416	0	135	365	384	363	|
|127	280	155	194	303	426	186	159	125	139	318	261	286	356	195	328	284	224	192	273	286	135	0	232	256	229	|
|138	53	202	213	282	195	276	193	338	367	288	249	206	341	84	303	143	119	424	164	63	365	232	0	153	89	|
|130	190	311	335	424	284	184	305	313	359	137	109	355	484	221	446	39	264	426	315	202	384	256	153	0	64	|
|104	130	256	277	361	243	210	249	309	349	199	163	291	421	158	383	65	200	413	251	142	363	229	89	64	0	|

--------------------------------------------------------------------------------
Building model...
	using lazy and cut (CVRPSEP package)
Solving IRP LP...
--------------------------------------------------------------------------------

Gurobi 9.1.0 (linux64) logging started Wed Feb 17 18:46:11 2021

Gurobi Optimizer version 9.1.0 build v9.1.0rc0 (linux64)
Thread count: 32 physical cores, 32 logical processors, using up to 2 threads
Optimize a model with 2822 rows, 11462 columns and 36302 nonzeros
Model fingerprint: 0x00458214
Variable types: 932 continuous, 10530 integer (780 binary)
Coefficient statistics:
  Matrix range     [1e+00, 3e+02]
  Objective range  [1e-01, 6e+02]
  Bounds range     [1e+00, 2e+02]
  RHS range        [1e+00, 3e+03]
Presolve removed 533 rows and 1704 columns
Presolve time: 0.18s
Presolved: 2289 rows, 9758 columns, 30179 nonzeros
Variable types: 704 continuous, 9054 integer (8350 binary)

Root relaxation: objective 1.504857e+04, 3047 iterations, 0.14 seconds

    Nodes    |    Current Node    |     Objective Bounds      |     Work
 Expl Unexpl |  Obj  Depth IntInf | Incumbent    BestBd   Gap | It/Node Time

     0     0 15048.5711    0  282          - 15048.5711      -     -    0s
     0     0 15372.6274    0  332          - 15372.6274      -     -    1s
     0     0 15395.8211    0  341          - 15395.8211      -     -    1s
     0     0 15396.8496    0  327          - 15396.8496      -     -    1s
     0     0 15396.9275    0  330          - 15396.9275      -     -    1s
     0     0 15794.8431    0  337          - 15794.8431      -     -    2s
     0     0 15842.3139    0  328          - 15842.3139      -     -    2s
     0     0 15939.4106    0  451          - 15939.4106      -     -    2s
     0     0 15997.0687    0  429          - 15997.0687      -     -    3s
     0     0 16037.4782    0  437          - 16037.4782      -     -    3s
     0     0 16040.2246    0  435          - 16040.2246      -     -    3s
     0     0 16040.2693    0  439          - 16040.2693      -     -    3s
     0     0 16490.5973    0  537          - 16490.5973      -     -    4s
     0     0 16530.3961    0  488          - 16530.3961      -     -    5s
     0     0 16537.9655    0  476          - 16537.9655      -     -    5s
     0     0 16542.0644    0  494          - 16542.0644      -     -    5s
     0     0 16544.1700    0  491          - 16544.1700      -     -    5s
     0     0 16548.9443    0  466          - 16548.9443      -     -    5s
     0     0 16550.7531    0  503          - 16550.7531      -     -    5s
     0     0 16554.1375    0  495          - 16554.1375      -     -    5s
     0     0 16566.3180    0  473          - 16566.3180      -     -    6s
     0     0 16567.7092    0  496          - 16567.7092      -     -    6s
     0     0 16567.7092    0  496          - 16567.7092      -     -    6s
     0     0 16744.8682    0  528          - 16744.8682      -     -    7s
     0     0 16772.1235    0  507          - 16772.1235      -     -    8s
     0     0 16814.5609    0  584          - 16814.5609      -     -    8s
     0     0 16834.0928    0  560          - 16834.0928      -     -    9s
     0     0 16837.2762    0  492          - 16837.2762      -     -    9s
     0     0 16837.8964    0  502          - 16837.8964      -     -    9s
     0     0 16881.7951    0  554          - 16881.7951      -     -   10s
     0     0 16956.0610    0  442          - 16956.0610      -     -   11s
     0     0 16981.5740    0  475          - 16981.5740      -     -   11s
     0     0 16998.7644    0  542          - 16998.7644      -     -   11s
     0     0 17000.2262    0  546          - 17000.2262      -     -   11s
     0     0 17010.1684    0  572          - 17010.1684      -     -   12s
     0     0 17059.3129    0  540          - 17059.3129      -     -   14s
     0     0 17063.4573    0  541          - 17063.4573      -     -   15s
     0     0 17065.1896    0  524          - 17065.1896      -     -   15s
     0     0 17087.8766    0  597          - 17087.8766      -     -   16s
     0     0 17092.5490    0  577          - 17092.5490      -     -   16s
     0     0 17092.9404    0  656          - 17092.9404      -     -   16s
     0     0 17100.9230    0  551          - 17100.9230      -     -   17s
     0     0 17100.9230    0  516          - 17100.9230      -     -   17s
     0     0 17100.9230    0  516          - 17100.9230      -     -   20s
     0     2 17101.4561    0  514          - 17101.4561      -     -   21s
    11    14 17240.8952    4  496          - 17121.5135      -  1175   25s
    38    44 17278.7410   10  483          - 17121.5135      -   813   30s
    62    67 17335.2367   18  546          - 17121.5135      -   787   35s
    89    93 17587.4409   27  390          - 17121.5135      -   715   40s
   115   121 17925.8440   35  392          - 17121.5135      -   706   45s
   142   152 18366.6554   44  328          - 17121.5135      -   710   50s
   191   203 18844.7014   59  373          - 17121.5135      -   617   55s
   227   247 19111.3755   73  413          - 17121.5135      -   573   60s
   345   382 19647.1362   92  363          - 17121.5135      -   452   66s
   492   550 20828.2879  108  333          - 17121.5135      -   354   71s
   622   644 21336.5465  123  240          - 17121.5135      -   298   75s
   741   773 22402.8057  179  153          - 17121.5135      -   280   80s
   867   879 25729.7851  260   92          - 17173.3813      -   255   86s
   928   887 17191.6682    5  516          - 17173.3813      -   255   91s
   933   890 17333.2402    7  624          - 17173.3813      -   254   95s
   939   894 18888.3069   79  704          - 17233.9343      -   252  100s
   946   899 17296.9706    5  720          - 17296.9706      -   251  105s
   951   902 22388.5742  175  780          - 17314.4836      -   249  110s
   958   907 17337.9781    4  771          - 17337.9781      -   247  115s
   966   912 24779.0767  273  768          - 17346.8280      -   245  120s
   969   914 21416.8888  190  772          - 17350.2582      -   245  128s
   971   916 17467.4121   14  772          - 17351.8234      -   244  131s
   972   919 17358.2718   12  740          - 17353.3744      -   277  141s
   974   921 17371.1292   13  767          - 17360.4892      -   279  152s
   976   922 17437.4824   13  534          - 17372.5718      -   282  156s
   980   925 17448.1523   14  753          - 17381.2954      -   288  161s
   984   927 17676.6255   15  641          - 17430.9245      -   300  167s
   994   936 17452.6091   18  639          - 17434.0657      -   303  171s
  1005   945 17454.6015   21  650          - 17434.0657      -   307  176s
  1019   952 17525.9542   24  610          - 17434.0657      -   315  181s
  1026   957 17639.1774   26  626          - 17434.0657      -   322  186s
  1041   968 17714.7418   30  608          - 17434.0657      -   329  192s
  1049   973 17746.1375   32  622          - 17434.0657      -   335  195s
  1058   983 17799.9567   34  599          - 17434.0657      -   340  200s
  1071   987 18010.2854   37  599          - 17434.0657      -   348  205s
  1079   996 18064.0508   39  623          - 17434.0657      -   357  210s
  1094  1007 18106.8024   43  602          - 17434.0657      -   365  215s
  1115  1026 18129.3879   48  553          - 17434.0657      -   371  220s
  1139  1043 18179.4160   55  492          - 17434.0657      -   376  227s
  1153  1051 18233.1873   59  540          - 17434.0657      -   379  230s
  1181  1069 18286.9748   67  544          - 17434.0657      -   385  236s
  1204  1095 18408.5104   73  535          - 17434.0657      -   390  243s
  1227  1110 18368.4970   81  448          - 17434.0657      -   391  247s
  1250  1123 18400.4946   88  432          - 17434.0657      -   395  251s
  1278  1125 18400.3630   80  513          - 17434.0657      -   400  255s
  1308  1164 18680.3376  106  443          - 17434.0657      -   405  263s
  1331  1182 18799.3376  113  362          - 17434.0657      -   410  267s
  1356  1201 18855.2362  121  374          - 17434.0657      -   414  272s
  1384  1226 18896.5780  129  361          - 17434.0657      -   415  276s
  1418  1246 18924.5345  140  360          - 17434.0657      -   417  281s
  1449  1262 19277.6758  149  316          - 17434.0657      -   420  286s
  1476  1281 18996.2795  158  333          - 17434.0657      -   423  291s
  1504  1304 19036.7850  167  343          - 17434.0657      -   426  296s
  1536  1328 19068.0196  176  392          - 17434.0657      -   430  302s
  1571  1358 19800.9338  186  348          - 17434.0657      -   434  308s
  1612  1384 19570.3906  200  364          - 17434.0657      -   434  314s
  1652  1425 19755.1747  212  355          - 17434.0657      -   437  320s
  1710  1413 infeasible  234               - 17434.2119      -   436  327s
  1738  1423 17677.3354   18  630          - 17434.2119      -   443  333s
  1757  1439 17678.9173   19  612          - 17434.2119      -   448  339s
  1779  1453 17732.2332   22  650          - 17434.2119      -   456  346s
  1801  1473 17805.0739   24  565          - 17434.2119      -   464  353s
  1828  1491 17900.4076   27  606          - 17434.2119      -   473  361s
  1855  1511 17861.8910   31  551          - 17434.2119      -   479  368s
  1884  1533 17971.4883   34  563          - 17434.2119      -   488  376s
  1916  1555 18080.7426   40  536          - 17434.2119      -   496  385s
  1948  1565 18141.3388   45  530          - 17434.2119      -   503  393s
  1969  1599 18243.9255   48  466          - 17434.2119      -   506  402s
  2010  1640 18484.5573   58  389          - 17434.2119      -   512  411s
  2065  1682 18645.0541   72  344          - 17434.2119      -   514  420s
  2125  1738 18811.5758   87  430          - 17434.2119      -   514  430s
  2201  1790 18993.6379  107  406          - 17434.2119      -   511  440s
  2278  1845 19095.0080  127  424          - 17434.2119      -   508  451s
  2360  1972 19297.2944  148  376          - 17434.2119      -   506  462s
  2518  2110 19469.5184  176  264          - 17434.2119      -   490  476s
  2709  2342 19521.2713  214  279          - 17434.2119      -   471  489s
  2804  2311 20219.7861  261  212          - 17434.2119      -   463  490s
  3011  2646 19847.9823  278  229          - 17434.2119      -   439  502s
  3421  2913 20925.0109  380  153          - 17434.2119      -   401  515s
  3839  2925 22066.1382  466  132          - 17434.2119      -   368  530s
* 3946  2923             768    27358.350000 17434.2119  36.3%   360  530s
  3980  2909 22383.4099  518  109 27358.3500 17434.2119  36.3%   360  541s
  3982  3160 22592.5752  518   84 27358.3500 17437.7419  36.3%   360  559s
* 4233  3132             644    26742.010000 17437.7419  34.8%   343  560s
  4273  3129 17836.3137   18  692 26742.0100 17437.7419  34.8%   345  569s
  4283  3149 17795.7242   21  711 26742.0100 17437.7419  34.8%   349  578s
  4303  3164 17968.7826   28  551 26742.0100 17437.7419  34.8%   353  587s
  4318  3192 18114.6931   29  376 26742.0100 17437.7419  34.8%   356  596s
H 4346  3212                    26739.050000 17437.7419  34.8%   359  605s
  4366  3240 18179.7713   42  508 26739.0500 17437.7419  34.8%   363  615s
  4394  3275 18256.3500   49  482 26739.0500 17437.7419  34.8%   367  625s
  4429  3322 18526.5336   58  403 26739.0500 17437.7419  34.8%   370  636s
  4476  3373 18929.6465   65  372 26739.0500 17437.7419  34.8%   372  647s
  4527  3455 18920.9963   72  354 26739.0500 17437.7419  34.8%   373  659s
  4609  3579 19164.4594   96  279 26739.0500 17437.7419  34.8%   372  671s
  4733  3758 19316.1710  121  228 26739.0500 17437.7419  34.8%   369  685s
  4912  3784 19537.0392  165  281 26739.0500 17437.7419  34.8%   361  701s
  4938  4067 19815.5565  177  250 26739.0500 17437.7419  34.8%   360  716s
  5227  4392 20023.6119  253  182 26739.0500 17437.7419  34.8%   346  735s
H 5618  4360                    25190.350000 17437.7419  30.8%   329  758s
  5804  4369 17894.9438   15  638 25190.3500 17448.2560  30.7%   326  772s
  5832  4415 18272.2588   35  412 25190.3500 17448.2560  30.7%   330  786s
H 5866  4410                    25180.630000 17448.2560  30.7%   330  786s
  5878  4450 19406.5547   69  285 25180.6300 17448.2560  30.7%   332  805s
  5918  4537 20586.2020   99  253 25180.6300 17487.5228  30.6%   333  824s
  5992  4537 22461.6765  173  102 25180.6300 17487.5228  30.6%   329  825s
  6019  4568 17960.8704   16  554 25180.6300 17487.5228  30.6%   334  839s
  6050  4616 18318.4971   38  530 25180.6300 17487.5228  30.6%   337  853s
  6098  4673 18887.5771   65  464 25180.6300 17487.5228  30.6%   339  867s
  6155  4748 19618.6924  103  523 25180.6300 17487.5228  30.6%   342  881s
  6230  4775 20786.2520  163  334 25180.6300 17487.5228  30.6%   343  925s
H 6242  4538                    24392.760000 17487.5228  28.3%   342  925s
  6257  4733 20897.9516  177  343 24392.7600 17487.8064  28.3%   343  950s
  6477  4803 18037.6748   19  710 24392.7600 17487.8064  28.3%   339  967s
  6547  5064 18590.8059   29  464 24392.7600 17492.2025  28.3%   341  993s
H 6825  5143                    24375.760000 17492.2025  28.2%   336 1071s
  6906  5155 18355.9302   34  713 24375.7600 17492.2025  28.2%   335 1085s
  6932  5204 18796.5216   51  533 24375.7600 17492.2025  28.2%   338 1099s
  6981  5347 19582.8182   87  517 24375.7600 17492.2025  28.2%   341 1115s
  7124  5573 21737.7268  214  247 24375.7600 17507.8192  28.2%   339 1138s
  7291  5573 23776.2119  381  154 24375.7600 17507.8192  28.2%   332 1140s
  7367  5640 18060.1733   21  595 24375.7600 17507.8192  28.2%   333 1164s
  7434  5929 18537.0202   45  570 24375.7600 17507.8192  28.2%   336 1192s
  7723  6809 19456.4749  119  429 24375.7600 17508.9693  28.2%   332 1238s
  7848  6809 21806.9630  244  262 24375.7600 17508.9693  28.2%   328 1240s
  8441  6809 22755.5488  439   91 24375.7600 17509.1254  28.2%   312 1245s
  8651  6841 18069.9962   23  591 24375.7600 17509.1254  28.2%   308 1268s
  8683  6873 18524.5501   30  527 24375.7600 17509.1254  28.2%   312 1289s
  8715  6914 18877.7314   36  487 24375.7600 17509.1254  28.2%   316 1313s
  8756  7009 19302.2154   44  411 24375.7600 17509.1254  28.2%   319 1338s
  8851  7297 20262.3371   58  360 24375.7600 17509.1254  28.2%   322 1368s
  9147  7430 23450.7422  108  172 24375.7600 17509.2697  28.2%   321 1396s
  9341  7495 18244.6378   24  540 24375.7600 17511.8283  28.2%   321 1420s
  9406  7800 19223.0937   49  483 24375.7600 17512.0701  28.2%   323 1458s
  9741  7859 18139.4018   25  594 24375.7600 17548.9814  28.0%   320 1486s
  9800  7964 18896.4729   52  518 24375.7600 17548.9814  28.0%   322 1510s
  9905  8203 20291.2757  104  429 24375.7600 17549.2513  28.0%   323 1548s
 10178  8228 18254.6147   26  614 24375.7600 17584.4011  27.9%   322 1574s
 10203  8265 18309.8632   32  659 24375.7600 17584.4011  27.9%   325 1598s
 10240  8305 18521.1948   40  574 24375.7600 17584.4011  27.9%   331 1627s
H10260  8082                    23953.490000 17584.4011  26.6%   333 1628s
 10280  8145 18836.1943   50  449 23953.4900 17584.4011  26.6%   336 1652s
 10343  8274 19382.1974   63  374 23953.4900 17584.4011  26.6%   339 1679s
 10472  8462 19315.5183   93  340 23953.4900 17584.4011  26.6%   341 1709s
 10562  8462 19644.4234  138  240 23953.4900 17584.4011  26.6%   341 1710s
H10660  8623                    23950.490000 17584.4011  26.6%   341 1760s
 10824  9259 19972.9387  183  227 23950.4900 17584.5389  26.6%   340 1810s
 11322  9259 23816.3969  430   82 23950.4900 17584.5389  26.6%   330 1815s
 11507  9572 18199.0668   20  597 23950.4900 17584.5389  26.6%   330 1857s
 11822  9691 18727.0117   36  452 23950.4900 17584.5389  26.6%   327 1883s
 11988  9941 20541.1999  116  231 23950.4900 17621.1634  26.4%   327 1914s
 12248  9941 18039.7512   20  692 23950.4900 17621.1634  26.4%   323 1915s
 12254  9964 18260.0832   20  646 23950.4900 17621.1634  26.4%   324 1937s
 12277 10005 18819.2063   33  617 23950.4900 17621.1634  26.4%   327 1961s
 12318 10108 19686.2844   58  483 23950.4900 17621.1634  26.4%   330 1987s
 12421 10130 23333.1249  146  178 23950.4900 17621.2103  26.4%   331 2010s
 12457 10170 18396.9439   28  653 23950.4900 17621.2103  26.4%   334 2033s
 12497 10262 18951.4505   53  596 23950.4900 17621.2103  26.4%   337 2057s
 12589 10448 19661.8413  117  547 23950.4900 17621.2103  26.4%   338 2085s
 12775 10476 22381.4440  261  321 23950.4900 17621.2103  26.4%   338 2237s
 12803 10682 22585.6134  275  320 23950.4900 17622.0160  26.4%   338 2264s
 12862 10682 23095.7923  334  209 23950.4900 17622.0160  26.4%   337 2265s
 13043 10924 18467.9575   25  642 23950.4900 17622.0160  26.4%   337 2298s
 13285 11194 18923.8176   53  574 23950.4900 17622.0160  26.4%   336 2346s
 13592 11297 21201.9216  123  345 23950.4900 17623.8099  26.4%   335 2376s
 13721 11334 18127.4808   19  739 23950.4900 17623.8099  26.4%   336 2403s
 13758 11383 18619.0693   43  737 23950.4900 17623.8099  26.4%   340 2430s
 13807 11463 19497.0839   70  625 23950.4900 17623.8099  26.4%   343 2457s
 13887 11590 21348.9778  124  343 23950.4900 17645.8620  26.3%   345 2487s
 14028 11794 18154.5090   20  715 23950.4900 17645.8620  26.3%   347 2528s
 14203 11794 23396.1910  112  116 23950.4900 17645.8620  26.3%   347 2530s
 14278 11890 19019.9179   48  593 23950.4900 17645.8620  26.3%   347 2559s
 14358 11890 18351.1407   17  531 23950.4900 17645.8620  26.3%   347 2560s
 14374 12065 20717.1672  128  208 23950.4900 17656.1387  26.3%   348 2588s
*14482 10163             236    22658.000000 17656.1387  22.1%   346 2588s
 14574 10234 18362.0716   19  608 22658.0000 17656.1387  22.1%   348 2626s
 14699 10285 18587.4050   29  673 22658.0000 17656.1387  22.1%   348 2654s
 14750 10537 18998.3960   59  642 22658.0000 17656.1387  22.1%   351 2685s
 15002 10763 19608.5722  134  494 22658.0000 17656.1387  22.1%   350 2718s
 15160 10763 20984.0021  292  307 22658.0000 17656.1387  22.1%   347 2720s
 15240 10923 21510.4439  360  302 22658.0000 17658.8945  22.1%   347 2749s
 15431 10998 18343.7470   30  604 22658.0000 17658.8945  22.1%   347 2777s
 15506 11167 18608.7624   44  548 22658.0000 17658.8945  22.1%   349 2809s
 15545 11167 19957.6168  128  368 22658.0000 17658.8945  22.1%   350 2810s
 15689 11301 19248.1388   68  427 22658.0000 17658.8945  22.1%   349 2839s
 15798 11301 19539.9237  146  244 22658.0000 17658.8945  22.1%   349 2840s
 15823 11623 19636.7584  155  249 22658.0000 17669.4306  22.0%   350 2881s
 16199 11700 18364.6655   30  579 22658.0000 17669.4306  22.0%   347 2911s
 16300 11887 19480.9415   55  412 22658.0000 17674.8030  22.0%   349 2954s
 16352 11887 20698.5859  107  276 22658.0000 17674.8030  22.0%   349 2955s
 16502 12027 18362.1268   31  627 22658.0000 17674.8030  22.0%   349 2984s
 16642 12244 18905.6975   44  553 22658.0000 17674.8030  22.0%   350 3016s
 16879 12424 20079.5524   87  331 22658.0000 17676.6836  22.0%   348 3058s
 17017 12424 22091.2503  225  245 22658.0000 17676.6836  22.0%   346 3060s
 17075 12462 18424.9052   27  564 22658.0000 17676.6836  22.0%   349 3086s
 17113 12514 19080.0051   35  385 22658.0000 17676.6836  22.0%   351 3114s
 17165 12613 19840.5186   49  495 22658.0000 17676.6836  22.0%   354 3143s
 17264 12853 20907.3394   71  440 22658.0000 17676.6836  22.0%   356 3177s
 17504 13067     cutoff  111      22658.0000 17681.2490  22.0%   356 3218s
H17755 12949                    22584.080000 17681.5971  21.7%   356 3245s
 17797 13245 19112.3115   40  585 22584.0800 17681.5971  21.7%   359 3277s
 18000 13245 19853.3067  196  280 22584.0800 17681.5971  21.7%   358 3280s
 18093 13626 20535.6968   96  244 22584.0800 17682.0584  21.7%   356 3314s
 18132 13626 21094.7612  135  132 22584.0800 17682.0584  21.7%   356 3315s
 18504 13665 18294.5497   28  589 22584.0800 17682.3472  21.7%   352 3346s
 18543 13984 18864.2230   43  491 22584.0800 17682.3472  21.7%   354 3381s
 18874 14054 21886.9781  194  138 22584.0800 17700.2450  21.6%   352 3410s
 18965 14067 18036.3593   29  734 22584.0800 17700.2450  21.6%   354 3437s
 18978 14104 18377.7580   36  652 22584.0800 17700.2450  21.6%   355 3463s
 19015 14171 19048.6842   53  678 22584.0800 17700.2450  21.6%   357 3490s
H19025 14116                    22553.710000 17700.2450  21.5%   357 3490s
 19082 14316 20177.6011   82  398 22553.7100 17700.2450  21.5%   359 3521s
 19282 14674     cutoff  185      22553.7100 17708.1144  21.5%   358 3562s
 19693 14727 18169.2326   31  628 22553.7100 17711.4658  21.5%   355 3595s
 19746 14729 18654.2677   42  622 22553.7100 17711.4658  21.5%   357 3600s

Cutting planes:
  User: 9002
  Gomory: 43
  Cover: 751
  Implied bound: 396
  Projected implied bound: 41
  Clique: 29
  MIR: 627
  Flow cover: 962
  GUB cover: 1
  Zero half: 77
  Network: 9
  RLT: 631
  Relax-and-lift: 28
  Lazy constraints: 606

Explored 19748 nodes (7087882 simplex iterations) in 3600.11 seconds
Thread count was 2 (of 32 available processors)

Solution count 10: 22553.7 22584.1 22658 ... 26739

Time limit reached
Best objective 2.255371000000e+04, best bound 1.771146579532e+04, gap 21.4698%

User-callback calls 551378, time in user-callback 130.17 sec
================================================================================
executing instance: ./input/Instances/Original/6/absH6high_1n20.dat
--------------------------------------------------------------------------------
Instance details
n	21
H	6
C	1651
Li:
[0, 0, 0, 0, 0, 0, 0, 0, 0, 0, 0, 0, 0, 0, 0, 0, 0, 0, 0, 0, 0, ]
Ui:
[0, 36, 182, 182, 90, 261, 117, 30, 110, 42, 276, 153, 40, 94, 144, 46, 129, 213, 264, 160, 174, ]
Distance matrix:
|0	371	401	343	361	341	370	115	392	400	79	266	292	245	355	431	265	194	95	92	348	|
|371	0	37	141	110	250	117	438	67	131	372	305	115	238	247	255	235	296	392	430	185	|
|401	37	0	175	100	284	146	472	90	156	406	342	152	275	280	282	242	333	415	455	178	|
|343	141	175	0	239	110	38	374	95	60	314	182	67	130	106	127	318	201	397	423	303	|
|361	110	100	239	0	341	222	451	177	240	385	374	190	304	341	361	151	345	354	398	78	|
|341	250	284	110	341	0	143	337	203	151	289	102	152	97	15	95	394	156	415	431	398	|
|370	117	146	38	222	143	0	407	61	30	346	220	81	167	137	139	317	237	417	447	292	|
|115	438	472	374	451	337	407	0	443	434	66	241	339	251	351	431	374	181	201	177	450	|
|392	67	90	95	177	203	61	443	0	66	379	275	104	216	197	193	294	283	427	461	252	|
|400	131	156	60	240	151	30	434	66	0	374	237	112	189	142	127	344	261	448	477	312	|
|79	372	406	314	385	289	346	66	379	374	0	202	275	197	304	383	316	134	175	166	388	|
|266	305	342	182	374	102	220	241	275	237	202	0	191	70	117	196	386	73	352	359	415	|
|292	115	152	67	190	152	81	339	104	112	275	191	0	123	154	193	252	183	336	366	246	|
|245	238	275	130	304	97	167	251	216	189	197	70	123	0	110	187	322	72	319	334	346	|
|355	247	280	106	341	15	137	351	197	142	304	117	154	110	0	80	399	171	427	444	400	|
|431	255	282	127	361	95	139	431	193	127	383	196	193	187	80	0	444	251	499	519	429	|
|265	235	242	318	151	394	317	374	294	344	316	386	252	322	399	444	0	332	226	273	97	|
|194	296	333	201	345	156	237	181	283	261	134	73	183	72	171	251	332	0	279	286	375	|
|95	392	415	397	354	415	417	201	427	448	175	352	336	319	427	499	226	279	0	47	321	|
|92	430	455	423	398	431	447	177	461	477	166	359	366	334	444	519	273	286	47	0	368	|
|348	185	178	303	78	398	292	450	252	312	388	415	246	346	400	429	97	375	321	368	0	|

--------------------------------------------------------------------------------
Building model...
	using lazy and cut (CVRPSEP package)
Solving IRP LP...
--------------------------------------------------------------------------------

Gurobi 9.1.0 (linux64) logging started Wed Feb 17 19:46:12 2021

Gurobi Optimizer version 9.1.0 build v9.1.0rc0 (linux64)
Thread count: 32 physical cores, 32 logical processors, using up to 2 threads
Optimize a model with 2277 rows, 7677 columns and 24867 nonzeros
Model fingerprint: 0xdf892b58
Variable types: 747 continuous, 6930 integer (630 binary)
Coefficient statistics:
  Matrix range     [1e+00, 3e+02]
  Objective range  [1e-01, 5e+02]
  Bounds range     [1e+00, 3e+02]
  RHS range        [1e+00, 3e+03]
Presolve removed 463 rows and 1374 columns
Presolve time: 0.13s
Presolved: 1814 rows, 6303 columns, 20013 nonzeros
Variable types: 554 continuous, 5749 integer (5200 binary)

Root relaxation: objective 1.425869e+04, 2566 iterations, 0.12 seconds

    Nodes    |    Current Node    |     Objective Bounds      |     Work
 Expl Unexpl |  Obj  Depth IntInf | Incumbent    BestBd   Gap | It/Node Time

     0     0 14258.6864    0  223          - 14258.6864      -     -    0s
     0     0 14567.9407    0  340          - 14567.9407      -     -    0s
     0     0 14599.3048    0  329          - 14599.3048      -     -    1s
     0     0 14605.3959    0  336          - 14605.3959      -     -    1s
     0     0 14605.3959    0  338          - 14605.3959      -     -    1s
     0     0 14829.0029    0  431          - 14829.0029      -     -    1s
     0     0 14985.1866    0  397          - 14985.1866      -     -    2s
     0     0 15002.5650    0  423          - 15002.5650      -     -    2s
     0     0 15006.3787    0  382          - 15006.3787      -     -    2s
     0     0 15007.7667    0  399          - 15007.7667      -     -    2s
     0     0 15008.6590    0  420          - 15008.6590      -     -    2s
     0     0 15009.0282    0  448          - 15009.0282      -     -    2s
     0     0 15009.0330    0  450          - 15009.0330      -     -    2s
     0     0 15103.5875    0  436          - 15103.5875      -     -    3s
     0     0 15171.6223    0  478          - 15171.6223      -     -    4s
     0     0 15178.6046    0  500          - 15178.6046      -     -    4s
     0     0 15181.4532    0  472          - 15181.4532      -     -    4s
     0     0 15183.0232    0  479          - 15183.0232      -     -    4s
     0     0 15183.0617    0  473          - 15183.0617      -     -    4s
     0     0 15267.2901    0  487          - 15267.2901      -     -    5s
     0     0 15283.9721    0  480          - 15283.9721      -     -    6s
     0     0 15287.0860    0  496          - 15287.0860      -     -    6s
     0     0 15291.3426    0  513          - 15291.3426      -     -    6s
     0     0 15291.8047    0  528          - 15291.8047      -     -    6s
     0     0 15300.7149    0  517          - 15300.7149      -     -    6s
     0     0 15310.8933    0  529          - 15310.8933      -     -    6s
     0     0 15312.9204    0  520          - 15312.9204      -     -    7s
     0     0 15313.1665    0  504          - 15313.1665      -     -    7s
     0     0 15317.7810    0  510          - 15317.7810      -     -    7s
     0     0 15321.3418    0  521          - 15321.3418      -     -    7s
     0     0 15321.9925    0  530          - 15321.9925      -     -    7s
     0     0 15324.4718    0  462          - 15324.4718      -     -    7s
     0     0 15324.4718    0  462          - 15324.4718      -     -    8s
     0     2 15325.2304    0  429          - 15325.2304      -     -   10s
    33    36 15554.1491   10  388          - 15343.8153      -   632   15s
    74    79 15652.1110   20  422          - 15343.8153      -   639   20s
   113   121 16107.3307   29  386          - 15343.8153      -   655   25s
   164   172 16399.5678   40  360          - 15343.8153      -   623   30s
   252   281 17033.6494   52  326          - 15343.8153      -   514   35s
   436   469 17670.8827   73  379          - 15343.8153      -   349   40s
*  511   485             218    27005.850000 15343.8153  43.2%   319   44s
*  513   485             219    26999.890000 15343.8153  43.2%   318   44s
*  516   485             218    26979.710000 15343.8153  43.1%   316   44s
   543   490 18155.4088   85  254 26979.7100 15343.8153  43.1%   312   46s
   570   522 18461.2634  100  280 26979.7100 15343.8153  43.1%   317   50s
   645   587 15947.9175   11  511 26979.7100 15343.8153  43.1%   311   55s
H  677   646                    26821.650000 15343.8153  42.8%   311   61s
H  712   644                    26458.950000 15343.8153  42.0%   300   61s
   743   673 17236.7531   54  462 26458.9500 15343.8153  42.0%   298   68s
   745   674 23135.8300  185  286 26458.9500 15343.8153  42.0%   297   71s
   750   678 20884.2554  164  601 26458.9500 15449.1308  41.6%   295   75s
   765   688 18727.5763  107  696 26458.9500 15577.0600  41.1%   290   80s
   779   697 20115.6205  141  699 26458.9500 15591.2038  41.1%   284   85s
   789   704 25404.6800  201  662 26458.9500 15597.2531  41.1%   281   90s
   800   711 17149.1381   43  660 26458.9500 15602.1096  41.0%   277   95s
   807   716 19699.9396  136  636 26458.9500 15608.5692  41.0%   275  100s
   826   728 20529.1958  150  727 26458.9500 15633.1549  40.9%   268  105s
   838   736 15991.1014   12  739 26458.9500 15636.4837  40.9%   264  110s
   845   742 23135.8300  185  643 26458.9500 15636.4837  40.9%   294  115s
   860   752 19731.0112  142  695 26458.9500 15645.3030  40.9%   289  120s
   873   761 16221.8400   34  731 26458.9500 15649.1142  40.9%   284  125s
   879   765 20115.6205  141  732 26458.9500 15650.1912  40.9%   282  133s
   881   766 18415.2319   91  732 26458.9500 15652.5123  40.8%   282  142s
   882   770 15656.1469   26  696 26458.9500 15656.1469  40.8%   300  149s
   884   771 15660.9769   27  679 26458.9500 15660.9769  40.8%   301  156s
   888   774 15681.8586   28  634 26458.9500 15663.6144  40.8%   304  160s
   899   783 15752.4403   30  521 26458.9500 15694.5132  40.7%   315  165s
H  908   749                    26214.790000 15694.5132  40.1%   320  170s
   924   762 15854.2858   37  512 26214.7900 15694.5132  40.1%   329  175s
   939   769 15911.8644   41  478 26214.7900 15694.5132  40.1%   333  180s
   954   784 15957.6312   45  516 26214.7900 15694.5132  40.1%   340  185s
   971   795 15994.1743   50  522 26214.7900 15694.5132  40.1%   345  191s
   985   807 16055.3827   54  491 26214.7900 15694.5132  40.1%   352  196s
   994   812 16067.6777   57  472 26214.7900 15694.5132  40.1%   354  200s
  1016   823 16160.9466   63  466 26214.7900 15694.5132  40.1%   363  206s
  1034   833 16299.0271   68  538 26214.7900 15694.5132  40.1%   368  210s
  1047   847 16333.4646   70  537 26214.7900 15694.5132  40.1%   373  215s
  1068   862 16363.0693   76  535 26214.7900 15694.5132  40.1%   377  220s
  1087   879 16432.6924   81  524 26214.7900 15694.5132  40.1%   382  226s
  1108   892 16456.3274   85  538 26214.7900 15694.5132  40.1%   388  232s
  1120   909 16461.2008   88  552 26214.7900 15694.5132  40.1%   390  247s
  1141   915 16512.5496   93  511 26214.7900 15694.5132  40.1%   391  251s
  1170   933 16554.9176  101  513 26214.7900 15694.5132  40.1%   397  264s
  1182   955 16559.3417  104  522 26214.7900 15694.5132  40.1%   399  269s
  1208   966 16596.8069  111  513 26214.7900 15694.5132  40.1%   402  273s
  1228   972 16713.3054  116  487 26214.7900 15694.5132  40.1%   404  277s
  1240   992 16644.4411  121  498 26214.7900 15694.5132  40.1%   406  281s
  1264  1000 16659.4056  126  473 26214.7900 15694.5132  40.1%   410  286s
H 1271   959                    26109.190000 15694.5132  39.9%   410  286s
  1280   991 16705.0282  130  489 26109.1900 15694.5132  39.9%   411  290s
  1352  1036 16823.0613  148  483 26109.1900 15694.5132  39.9%   410  299s
  1384  1046 16982.6035  156  450 26109.1900 15694.5132  39.9%   412  305s
  1404  1082 16995.9114  161  444 26109.1900 15694.5132  39.9%   412  310s
  1447  1097 17156.1096  172  436 26109.1900 15694.5132  39.9%   411  315s
  1476  1115 17255.7593  181  435 26109.1900 15694.5132  39.9%   412  321s
  1504  1154 17278.9356  188  420 26109.1900 15694.5132  39.9%   412  328s
  1552  1162 17301.2565  201  441 26109.1900 15694.5132  39.9%   411  335s
  1576  1190 17907.4189  207  418 26109.1900 15694.5132  39.9%   411  341s
  1612  1226 17352.2090  218  447 26109.1900 15694.5132  39.9%   413  347s
  1660  1215 17421.6416  231  411 26109.1900 15694.5132  39.9%   413  360s
  1665  1260 17461.4437  233  435 26109.1900 15694.5132  39.9%   413  366s
  1712  1288 17513.8701  245  460 26109.1900 15694.5132  39.9%   413  373s
  1756  1316 17626.8173  256  446 26109.1900 15694.5132  39.9%   415  380s
  1798  1367 17761.9482  266  394 26109.1900 15694.5132  39.9%   416  387s
  1863  1394 17853.9519  281  425 26109.1900 15694.5132  39.9%   414  395s
  1912  1430 18231.6004  294  420 26109.1900 15694.5132  39.9%   413  403s
  1964  1454 18762.8190  309  361 26109.1900 15694.5132  39.9%   412  412s
  2006  1500 18944.8211  319  388 26109.1900 15694.5132  39.9%   413  422s
  2066  1526 19071.8703  333  346 26109.1900 15694.5132  39.9%   414  431s
  2112  1555 19693.7932  347  281 26109.1900 15694.5132  39.9%   416  441s
  2156  1622 19842.9829  363  296 26109.1900 15694.5132  39.9%   417  451s
  2252  1779 22530.3846  392  165 26109.1900 15694.5132  39.9%   414  462s
  2444  1787 25583.1284  461   54 26109.1900 15695.0851  39.9%   396  473s
  2547  1832 16204.1262   33  603 26109.1900 15695.0851  39.9%   388  484s
  2652  1803 16412.5227   42  542 26109.1900 15695.0851  39.9%   386  495s
  2682  1839 16476.3559   47  488 26109.1900 15695.0851  39.9%   386  504s
  2728  1867 16925.4272   62  457 26109.1900 15695.0851  39.9%   389  514s
  2771  1893 17254.7776   75  423 26109.1900 15695.0851  39.9%   392  526s
  2812  1946 17369.5802   87  451 26109.1900 15695.0851  39.9%   393  536s
  2880  1957 infeasible  105      26109.1900 15773.7151  39.6%   393  547s
  2930  1995 16509.2689   34  570 26109.1900 15773.7151  39.6%   396  581s
  2985  2088 16784.1507   48  481 26109.1900 15773.7151  39.6%   398  593s
  3084  2269 17326.0827   68  308 26109.1900 15773.7151  39.6%   395  607s
  3265  2436 18353.3440  153  270 26109.1900 15773.7151  39.6%   385  622s
  3434  2657 19745.4103  186  319 26109.1900 15816.5642  39.4%   379  638s
  3687  2948 15981.6287   33  610 26109.1900 15816.5642  39.4%   368  656s
  3988  2985 16576.1803   45  479 26109.1900 15816.5642  39.4%   350  669s
  4041  3086 16622.2459   50  474 26109.1900 15816.5642  39.4%   352  682s
  4142  3369 16906.9237   69  404 26109.1900 15816.5642  39.4%   352  699s
  4227  3369 20412.2462  165  268 26109.1900 15816.5642  39.4%   350  700s
* 4418  3367             356    25987.190000 15816.5642  39.1%   336  701s
* 4421  3367             358    25928.270000 15816.5642  39.0%   336  701s
* 4425  3367             356    25922.130000 15816.5642  39.0%   336  701s
  4455  3482 17403.2572  103  480 25922.1300 15816.5642  39.0%   336  714s
