




arguments: ./build/bc_mirp -f ./input/orig_exec_182.cfg
Current dir: /scratch/gui/bc_mirp
File verbosity level: 9
date       time         ( uptime  ) [ thread name/id ]                   file:line     v| 
2021-02-12 19:21:47.885 (   0.156s) [main thread     ]             loguru.cpp:789   INFO| Logging to './output/vi_vc+hc1_full/OU/V5/Original/execution_12_02_2021_19_21_47.log', mode: 'a', verbosity: 9
--------------------------------------------------------------------------------
Parameters
                           instance_path           ./input/Instances/Original/4/
                            model_policy                                       1
                             nb_vehicles                                       5
                              output_dir ./output/vi_vc+hc1_full/OU/V5/Original/
                            sec_strategy                                       1
                       solver_nb_threads                                       2
                         solver_show_log                                    true
                       solver_time_limit                                    3600
                              use_vi_cos                                   false
                              use_vi_cus                                   false
                         use_vi_hc1_full                                    true
                         use_vi_hc1_half                                   false
                      use_vi_hc1_quarter                                   false
                              use_vi_hc2                                   false
                              use_vi_hc3                                   false
                         use_vi_lex_full                                   false
                         use_vi_lex_half                                   false
                      use_vi_lex_quarter                                   false
                              use_vi_qua                                   false
                               use_vi_vc                                    true
                               use_vi_vr                                   false
--------------------------------------------------------------------------------
executing instance: ./input/Instances/Original/4/absH3low_3n30.dat
--------------------------------------------------------------------------------
Instance details
n	31
H	3
C	2841
Li:
[0, 0, 0, 0, 0, 0, 0, 0, 0, 0, 0, 0, 0, 0, 0, 0, 0, 0, 0, 0, 0, 0, 0, 0, 0, 0, 0, 0, 0, 0, 0, ]
Ui:
[0, 246, 98, 54, 144, 171, 192, 180, 165, 98, 122, 198, 297, 144, 130, 129, 219, 138, 142, 150, 108, 66, 64, 285, 180, 204, 276, 168, 240, 198, 122, ]
Distance matrix:
|0	172	56	166	260	198	42	197	296	110	91	112	238	275	323	183	330	232	175	181	162	191	232	280	201	139	356	185	266	216	26	|
|172	0	178	223	320	335	153	355	444	62	231	99	333	376	214	352	176	235	194	106	47	41	353	161	299	175	225	43	326	374	153	|
|56	178	0	110	204	162	93	233	336	125	144	148	187	226	358	180	313	284	123	152	182	185	282	252	256	88	329	177	210	251	42	|
|166	223	110	0	102	150	199	327	431	194	253	237	113	156	431	228	296	386	44	140	248	208	389	218	366	48	287	200	108	344	148	|
|260	320	204	102	0	156	296	391	493	296	340	339	66	90	531	263	362	486	127	226	349	300	469	278	454	148	334	292	6	406	245	|
|198	335	162	150	156	0	239	255	351	286	245	307	93	106	518	111	442	423	194	280	344	335	349	367	352	182	437	327	158	266	199	|
|42	153	93	199	296	239	0	203	296	91	82	76	278	316	284	217	322	191	201	186	133	180	217	281	177	165	356	175	302	222	52	|
|197	355	233	327	391	255	203	0	104	294	125	266	340	361	436	151	524	276	352	377	330	383	109	477	146	319	553	377	395	19	222	|
|296	444	336	431	493	351	296	104	0	384	214	348	440	456	488	241	617	315	456	476	412	475	113	575	176	422	651	470	497	88	322	|
|110	62	125	194	296	286	91	294	384	0	171	55	298	340	238	292	233	210	176	118	58	91	298	201	248	148	273	87	302	313	94	|
|91	231	144	253	340	245	82	125	214	171	0	141	307	339	324	184	403	187	266	266	204	261	140	363	114	230	438	256	346	144	116	|
|112	99	148	237	339	307	76	266	348	55	141	0	332	373	212	292	275	156	225	173	64	137	254	253	200	194	322	135	345	284	108	|
|238	333	187	113	66	93	278	340	440	298	307	332	0	43	536	203	404	469	153	253	354	321	427	322	420	160	385	313	67	353	229	|
|275	376	226	156	90	106	316	361	456	340	339	373	43	0	578	216	443	507	194	295	397	364	453	361	451	203	421	356	88	372	268	|
|323	214	358	431	531	518	284	436	488	238	324	212	536	578	0	498	309	176	407	320	183	245	376	344	312	383	379	251	537	451	319	|
|183	352	180	228	263	111	217	151	241	292	184	292	203	216	498	0	492	371	266	328	345	364	255	426	272	242	501	356	266	159	198	|
|330	176	313	296	362	442	322	524	617	233	403	275	404	443	309	492	0	397	253	164	218	142	529	84	475	260	72	147	367	543	306	|
|232	235	284	386	486	423	191	276	315	210	187	156	469	507	176	371	397	0	379	327	188	276	202	396	139	346	456	277	492	289	242	|
|175	194	123	44	127	194	201	352	456	176	266	225	153	194	407	266	253	379	0	101	225	174	405	174	375	36	244	166	133	370	152	|
|181	106	152	140	226	280	186	377	476	118	266	173	253	295	320	328	164	327	101	0	148	76	403	100	360	98	177	69	232	396	155	|
|162	47	182	248	349	344	133	330	412	58	204	64	354	397	183	345	218	188	225	148	0	89	316	208	259	201	270	90	355	348	149	|
|191	41	185	208	300	335	180	383	475	91	261	137	321	364	245	364	142	276	174	76	89	0	388	119	336	162	185	8	306	402	169	|
|232	353	282	389	469	349	217	109	113	298	140	254	427	453	376	255	529	202	405	403	316	388	0	497	64	369	570	384	474	112	256	|
|280	161	252	218	278	367	281	477	575	201	363	253	322	361	344	426	84	396	174	100	208	119	497	0	449	187	77	119	283	496	255	|
|201	299	256	366	454	352	177	146	176	248	114	200	420	451	312	272	475	139	375	360	259	336	64	449	0	339	521	333	460	156	223	|
|139	175	88	48	148	182	165	319	422	148	230	194	160	203	383	242	260	346	36	98	201	162	369	187	339	0	260	153	154	337	116	|
|356	225	329	287	334	437	356	553	651	273	438	322	385	421	379	501	72	456	244	177	270	185	570	77	521	260	0	187	338	572	331	|
|185	43	177	200	292	327	175	377	470	87	256	135	313	356	251	356	147	277	166	69	90	8	384	119	333	153	187	0	298	396	163	|
|266	326	210	108	6	158	302	395	497	302	346	345	67	88	537	266	367	492	133	232	355	306	474	283	460	154	338	298	0	410	251	|
|216	374	251	344	406	266	222	19	88	313	144	284	353	372	451	159	543	289	370	396	348	402	112	496	156	337	572	396	410	0	241	|
|26	153	42	148	245	199	52	222	322	94	116	108	229	268	319	198	306	242	152	155	149	169	256	255	223	116	331	163	251	241	0	|

--------------------------------------------------------------------------------
Building model...
	using lazy and cut (CVRPSEP package)
Solving IRP LP...
--------------------------------------------------------------------------------

Gurobi 9.1.0 (linux64) logging started Fri Feb 12 19:21:48 2021

Gurobi Optimizer version 9.1.0 build v9.1.0rc0 (linux64)
Thread count: 32 physical cores, 32 logical processors, using up to 2 threads
Optimize a model with 1699 rows, 8014 columns and 24934 nonzeros
Model fingerprint: 0x8133578e
Variable types: 574 continuous, 7440 integer (465 binary)
Coefficient statistics:
  Matrix range     [1e+00, 6e+02]
  Objective range  [1e-02, 7e+02]
  Bounds range     [1e+00, 3e+02]
  RHS range        [1e+00, 5e+03]
Presolve removed 413 rows and 1102 columns
Presolve time: 0.11s
Presolved: 1286 rows, 6912 columns, 20605 nonzeros
Variable types: 344 continuous, 6568 integer (6132 binary)

Root relaxation: objective 2.474945e+03, 1511 iterations, 0.06 seconds

    Nodes    |    Current Node    |     Objective Bounds      |     Work
 Expl Unexpl |  Obj  Depth IntInf | Incumbent    BestBd   Gap | It/Node Time

     0     0 2474.94541    0   88          - 2474.94541      -     -    0s
     0     0 2702.70863    0  122          - 2702.70863      -     -    0s
     0     0 2702.70863    0  125          - 2702.70863      -     -    0s
     0     0 2867.11363    0  184          - 2867.11363      -     -    0s
     0     0 2973.73360    0  199          - 2973.73360      -     -    0s
     0     0 2979.07465    0  189          - 2979.07465      -     -    0s
     0     0 2979.43399    0  191          - 2979.43399      -     -    0s
     0     0 2979.57104    0  196          - 2979.57104      -     -    0s
     0     0 3223.24825    0  284          - 3223.24825      -     -    1s
     0     0 3367.65720    0  232          - 3367.65720      -     -    1s
     0     0 3392.93790    0  217          - 3392.93790      -     -    1s
     0     0 3405.69514    0  234          - 3405.69514      -     -    1s
     0     0 3405.70125    0  241          - 3405.70125      -     -    1s
     0     0 3529.34442    0  267          - 3529.34442      -     -    2s
     0     0 3579.24044    0  322          - 3579.24044      -     -    2s
     0     0 3599.28212    0  330          - 3599.28212      -     -    2s
     0     0 3640.66396    0  326          - 3640.66396      -     -    2s
     0     0 3656.18660    0  394          - 3656.18660      -     -    2s
     0     0 3663.96614    0  381          - 3663.96614      -     -    2s
     0     0 3666.79360    0  361          - 3666.79360      -     -    2s
     0     0 3666.97152    0  375          - 3666.97152      -     -    2s
     0     0 3678.71370    0  294          - 3678.71370      -     -    3s
     0     0 3689.62856    0  412          - 3689.62856      -     -    3s
     0     0 3693.18931    0  408          - 3693.18931      -     -    6s
     0     0 3695.00045    0  443          - 3695.00045      -     -    6s
     0     0 3695.12228    0  465          - 3695.12228      -     -    6s
     0     0 3706.06076    0  405          - 3706.06076      -     -    6s
     0     0 3711.07577    0  438          - 3711.07577      -     -    6s
     0     0 3711.73636    0  348          - 3711.73636      -     -    6s
     0     0 3713.13538    0  434          - 3713.13538      -     -    6s
     0     0 3713.13538    0  376          - 3713.13538      -     -    6s
     0     2 3716.02816    0  364          - 3716.02816      -     -    7s
    43    46 3863.15699   15  241          - 3716.02816      -   376   10s
   143   151 4565.55950   48  126          - 3716.02816      -   345   15s
   285   312 5678.59758   96  131          - 3716.02816      -   292   20s
   571   624 8162.16048  189   31          - 3716.02816      -   191   25s
*  674   689             232    8944.9500000 3716.02816  58.5%   168   25s
H  745   605                    8014.9000000 3720.86668  53.6%   164   30s
   758   613 8014.90000  190  393 8014.90000 3839.10830  52.1%   162   35s
   792   636 8014.90000  180  517 8014.90000 3908.04585  51.2%   155   40s
   810   648 4692.89003   50  491 8014.90000 3917.54183  51.1%   151   45s
H  819   623                    7933.9000000 3918.06480  50.6%   168   47s
   833   632 7816.81523  187  500 7933.90000 3918.16220  50.6%   165   50s
   834   633 7858.43000  182  498 7933.90000 3918.20772  50.6%   165   67s
   841   637 6552.68356  126  483 7933.90000 3920.10547  50.6%   163   70s
   845   640 3921.12046   12  480 7933.90000 3921.12046  50.6%   163  128s
   846   641 4685.56139   46  479 7933.90000 3921.12046  50.6%   163  133s
   848   645 3921.85602   20  479 7933.90000 3921.85602  50.6%   173  136s
   852   648 3943.26345   21  462 7933.90000 3925.00390  50.5%   174  140s
   876   664 3954.27153   27  411 7933.90000 3943.73690  50.3%   181  145s
   900   682 4022.57857   32  448 7933.90000 3943.73690  50.3%   187  150s
H  903   648                    7443.5000000 3943.73690  47.0%   187  150s
   937   674 4116.07162   41  470 7443.50000 3943.73690  47.0%   195  155s
   978   708 4196.27835   48  333 7443.50000 3943.73690  47.0%   204  160s
  1011   728 4257.98333   54  415 7443.50000 3943.73690  47.0%   209  165s
  1048   751 4391.81621   61  416 7443.50000 3943.73690  47.0%   216  170s
  1081   776 4426.41309   68  425 7443.50000 3943.73690  47.0%   218  175s
  1141   809 4474.68542   80  389 7443.50000 3943.73690  47.0%   222  180s
  1160   844 4521.71441   84  302 7443.50000 3943.73690  47.0%   222  185s
  1240   873 4588.29284  101  373 7443.50000 3943.73690  47.0%   226  191s
  1270   929 4608.03249  108  266 7443.50000 3943.73690  47.0%   227  195s
  1394  1033 4664.63414  125  317 7443.50000 3943.73690  47.0%   226  201s
  1496  1121 4713.04484  137  297 7443.50000 3943.73690  47.0%   222  205s
  1575  1179 4743.79814  144  300 7443.50000 3943.73690  47.0%   219  210s
  1804  1236 4824.78158  175  247 7443.50000 3943.73690  47.0%   209  216s
  1866  1295 5023.41793  199  121 7443.50000 3943.73690  47.0%   210  220s
  1945  1347 5554.89858  231   92 7443.50000 3943.73690  47.0%   211  231s
  1989  1399 5972.07891  247   85 7443.50000 3943.73690  47.0%   212  237s
  2051  1410 6620.55664  273   53 7443.50000 3970.52300  46.7%   211  242s
  2124  1423 4032.11890   23  517 7443.50000 3970.52300  46.7%   210  245s
  2218  1595 4104.45022   27  427 7443.50000 3970.52300  46.7%   213  251s
  2365  1660 4328.57929   29  418 7443.50000 3970.52300  46.7%   206  255s
  2539  1650 4384.85271   42  487 7443.50000 3970.52300  46.7%   201  261s
  2607  1723 4614.03817   63  358 7443.50000 3970.52300  46.7%   205  267s
  2661  1810 4758.48544   78  252 7443.50000 3970.52300  46.7%   206  270s
  2876  2061 5525.26369  166  201 7443.50000 3970.52300  46.7%   200  278s
  3021  2327 infeasible  218      7443.50000 3970.52300  46.7%   196  283s
  3067  2327 5737.49447  246   93 7443.50000 3970.52300  46.7%   194  285s
  3417  2470 6675.49956  361  131 7443.50000 3970.52300  46.7%   181  290s
  3556  2544 4223.64232   31  363 7443.50000 3980.91732  46.5%   180  297s
  3580  2580 4735.82571   45  395 7443.50000 3980.91732  46.5%   182  301s
  3616  2733 5134.60771   69  121 7443.50000 3994.67984  46.3%   183  306s
H 3690  2356                    6667.1700000 3994.67984  40.1%   181  306s
  3801  2350 4185.07254   25  430 6667.17000 3994.67984  40.1%   179  311s
  3848  2421 4457.51421   43  530 6667.17000 3994.67984  40.1%   180  315s
  3919  2467 4754.65047   62  490 6667.17000 3994.67984  40.1%   180  321s
  3965  2742 5102.27645   85  205 6667.17000 3994.68503  40.1%   181  387s
  4024  2742 5738.98300  144  101 6667.17000 3994.68503  40.1%   179  398s
  4283  2779 4596.52446   29  238 6667.17000 3995.09245  40.1%   172  403s
  4348  2817     cutoff   53      6667.17000 4004.42053  39.9%   173  408s
  4387  2957 4398.71651   45  471 6667.17000 4004.42053  39.9%   175  413s
  4527  3248 4933.41160   74  447 6667.17000 4004.42053  39.9%   173  419s
  4625  3248 5780.38248  172   68 6667.17000 4004.42053  39.9%   171  420s
  4830  3274     cutoff  220      6667.17000 4015.42633  39.8%   166  426s
  4868  3303 4499.04135   47  496 6667.17000 4015.42633  39.8%   169  431s
  4897  3351 5136.09126   68  390 6667.17000 4015.42633  39.8%   170  440s
  4945  3464 5845.58778   96  182 6667.17000 4015.72498  39.8%   171  446s
  5072  3545 4424.88220   27  344 6667.17000 4015.72498  39.8%   169  451s
  5163  3613 5983.16835   92   86 6667.17000 4022.02237  39.7%   170  457s
  5241  3848 4593.47613   39  407 6667.17000 4022.29937  39.7%   171  464s
  5325  3849 6434.01923  122   16 6667.17000 4022.29937  39.7%   170  465s
  5502  3915 6115.21847   98   31 6667.17000 4022.58794  39.7%   167  473s
H 5507  3387                    6202.5800000 4022.58794  35.1%   167  473s
  5584  3389 4690.19304   49  372 6202.58000 4022.58794  35.1%   168  480s
  5602  3587 4925.13095   63  471 6202.58000 4022.58794  35.1%   169  487s
  5820  3632 6102.55062  174  124 6202.58000 4023.22272  35.1%   166  494s
  5877  3685 4345.38188   46  483 6202.58000 4023.22272  35.1%   168  502s
  5886  3685 5455.18249   67  221 6202.58000 4023.22272  35.1%   169  508s
  5942  3728 4546.44670   50  332 6202.58000 4023.22272  35.1%   168  514s
  5985  3748 4849.27998   63  196 6202.58000 4023.22272  35.1%   170  522s
  6005  3976 4756.79466   65  136 6202.58000 4024.81084  35.1%   171  530s
  6302  4025 infeasible  196      6202.58000 4028.88498  35.0%   167  538s
  6340  4138 4579.43807   44  477 6202.58000 4028.88498  35.0%   169  552s
  6464  4208 5404.24160   52  304 6202.58000 4037.87338  34.9%   170  559s
  6525  4208 4299.69447   33  387 6202.58000 4037.87338  34.9%   170  560s
  6548  4325 4511.18562   34  322 6202.58000 4037.87338  34.9%   171  566s
  6612  4325 5336.82508   52  248 6202.58000 4037.87338  34.9%   171  849s
  6654  4325 6124.34804   94   72 6202.58000 4037.87338  34.9%   171  850s
  6677  4379     cutoff   98      6202.58000 4041.87680  34.8%   172  857s
  6747  4525 4747.32804   51  366 6202.58000 4041.87680  34.8%   173  864s
  6885  4525 6032.57753  111  192 6202.58000 4041.87680  34.8%   172  865s
  6908  4582 6118.17795  145  156 6202.58000 4047.37517  34.7%   172  871s
  6990  4776 4645.01613   41  360 6202.58000 4049.94942  34.7%   174  879s
  7050  4776 5228.49524  101  135 6202.58000 4049.94942  34.7%   173  880s
  7215  4840 4244.92253   39  556 6202.58000 4050.22197  34.7%   172  890s
  7279  4990 4514.61250   52  405 6202.58000 4050.22197  34.7%   174  900s
  7433  5184 5108.85155   63  221 6202.58000 4050.22197  34.7%   175  911s
  7647  5271 6150.01250  140  199 6202.58000 4056.35212  34.6%   175  922s
  7767  5406 5067.03202   68  262 6202.58000 4068.95968  34.4%   177  933s
  7901  5492 5968.93836  175  186 6202.58000 4080.84022  34.2%   177  943s
  8001  5783 4990.07558   40  200 6202.58000 4080.87522  34.2%   179  955s
  8311  5947 4458.57701   47  556 6202.58000 4080.87522  34.2%   177  967s
* 8510  4920             111    5873.3900000 4080.87522  30.5%   177  968s
  8516  4944 5624.44163  108  245 5873.39000 4088.32164  30.4%   177  976s
  8569  5025 4692.47405   52  396 5873.39000 4089.76596  30.4%   178  987s
  8681  5066 4341.47726   26  351 5873.39000 4090.24905  30.4%   179  997s
  8722  5136 4709.27566   37  456 5873.39000 4090.24905  30.4%   181 1007s
  8792  5267 5303.54696   52  133 5873.39000 4090.24905  30.4%   184 1021s
  8923  5403 5638.60814   97  199 5873.39000 4092.78974  30.3%   184 1033s
  9107  5517 4861.67181   44  516 5873.39000 4093.62328  30.3%   183 1043s
  9231  5600 4523.16299   31  504 5873.39000 4093.62328  30.3%   184 1054s
  9283  5600 5747.72812  107  224 5873.39000 4093.62328  30.3%   185 1055s
  9324  5730 5243.57635   83  178 5873.39000 4093.67071  30.3%   185 1116s
  9491  5806 4801.44689   54  432 5873.39000 4093.94422  30.3%   185 1127s
  9586  5880 4496.92069   39  567 5873.39000 4094.04751  30.3%   187 1137s
  9681  5941 5278.78612   52  151 5873.39000 4097.89853  30.2%   188 1148s
  9763  6058 4704.43418   31  183 5873.39000 4097.89853  30.2%   190 1164s
  9890  6133 5690.95475   83  135 5873.39000 4098.07370  30.2%   191 1175s
  9999  6180 4649.02351   31  487 5873.39000 4098.15259  30.2%   192 1187s
 10046  6337 4776.44872   38  492 5873.39000 4098.15259  30.2%   194 1201s
 10235  6425 5364.62782   52  127 5873.39000 4099.86584  30.2%   194 1214s
 10306  6425 5803.18870   88   26 5873.39000 4099.86584  30.2%   194 1215s
 10357  6548 4353.15405   26  232 5873.39000 4103.80355  30.1%   195 1226s
 10490  6640 4926.68272   51  416 5873.39000 4105.62489  30.1%   195 1238s
 10592  6741 4719.69207   37  449 5873.39000 4106.92819  30.1%   195 1250s
 10731  6833 infeasible   94      5873.39000 4108.73941  30.0%   196 1262s
 10835  6941 5475.49199   43  132 5873.39000 4114.49411  29.9%   197 1327s
 10957  7072 4534.65524   41  514 5873.39000 4114.49411  29.9%   198 1341s
 11097  7152 5227.45029   65  248 5873.39000 4115.00550  29.9%   198 1354s
 11166  7152 5856.99630  133  130 5873.39000 4115.00550  29.9%   197 1355s
 11205  7222 4401.13745   37  507 5873.39000 4124.88124  29.8%   198 1367s
H11250  5425                    5576.2500000 4124.88124  26.0%   199 1368s
 11286  5491     cutoff   75      5576.25000 4128.91161  26.0%   199 1379s
 11390  5592 5374.48276   74  270 5576.25000 4130.52187  25.9%   200 1398s
 11513  5702 4960.81961   42  264 5576.25000 4135.97479  25.8%   200 1446s
 11647  5789 4597.32724   31  474 5576.25000 4136.16340  25.8%   201 1459s
 11738  5915 5195.18997   56   64 5576.25000 4142.55970  25.7%   202 1472s
 11917  5971 4951.08090   37  377 5576.25000 4142.71062  25.7%   203 1485s
 12004  6039     cutoff   48      5576.25000 4143.03768  25.7%   204 1498s
 12084  6127 5507.78814   65  277 5576.25000 4143.17654  25.7%   205 1614s
 12193  6194     cutoff   66      5576.25000 4148.41343  25.6%   206 1627s
 12283  6244 5452.38328   51  397 5576.25000 4149.78530  25.6%   207 1640s
 12358  6287 4509.84768   30  450 5576.25000 4150.55121  25.6%   208 1684s
 12413  6415 4896.38048   40  346 5576.25000 4151.35455  25.6%   209 1698s
 12557  6478 4926.38583   37  346 5576.25000 4152.78288  25.5%   210 1711s
 12641  6557 4902.66450   41  378 5576.25000 4156.16815  25.5%   210 1724s
 12730  6599 4583.48269   43  531 5576.25000 4156.16815  25.5%   211 1738s
H12762  5772                    5456.2500000 4156.16815  23.8%   212 1738s
 12782  5825 5362.79887   73  336 5456.25000 4156.82901  23.8%   212 1752s
 12843  5885 5099.78098   64  233 5456.25000 4157.09836  23.8%   214 1783s
 12914  5933 5052.61796   46  318 5456.25000 4157.82507  23.8%   215 1798s
H13000  5345                    5366.6400000 4158.06646  22.5%   216 1815s
H13002  3753                    5117.2500000 4158.85006  18.7%   216 1815s
 13037  3801 4825.83057   30  465 5117.25000 4159.47360  18.7%   217 1828s
H13118  3553                    5065.8600000 4159.68257  17.9%   218 1843s
 13183  3600 4673.09299   37  362 5065.86000 4161.85195  17.8%   220 1857s
 13271  3646 4255.75315   26  479 5065.86000 4162.00792  17.8%   221 1911s
 13331  3689     cutoff   55      5065.86000 4165.88972  17.8%   222 1926s
 13392  3732 4535.53671   41  315 5065.86000 4167.22059  17.7%   224 1940s
 13474  3789 4327.82300   30  418 5065.86000 4173.98510  17.6%   225 1955s
 13553  3817     cutoff   44      5065.86000 4174.11393  17.6%   226 1971s
 13619  3868     cutoff   47      5065.86000 4177.91238  17.5%   228 1986s
 13699  3909 4828.65511   45  536 5065.86000 4178.30586  17.5%   229 2001s
 13755  3943 4487.46050   36  457 5065.86000 4181.99525  17.4%   230 2106s
 13809  3990 4942.00156   53  306 5065.86000 4182.62417  17.4%   231 2228s
 13853  3990 4631.90708   43  524 5065.86000 4182.98347  17.4%   232 2234s
 13892  4042 4701.97208   39  347 5065.86000 4183.21140  17.4%   232 2251s
 13980  4094 4411.04806   32  369 5065.86000 4185.08617  17.4%   234 2267s
H14008  4071                    5062.8600000 4185.08617  17.3%   234 2268s
 14045  4147 4441.49875   33  452 5062.86000 4186.30269  17.3%   235 2284s
 14102  4147 4766.88120   40  284 5062.86000 4186.97583  17.3%   235 2476s
 14146  4184 4471.22266   31  431 5062.86000 4187.66996  17.3%   236 2494s
 14198  4250 4486.82625   30  311 5062.86000 4188.71153  17.3%   238 2512s
 14282  4299 4991.61064   59  290 5062.86000 4191.28750  17.2%   239 2529s
 14363  4364 4744.42024   53  448 5062.86000 4193.58721  17.2%   240 2547s
 14484  4430 4332.16125   28  421 5062.86000 4198.40964  17.1%   241 2564s
 14570  4493 4714.45185   40  380 5062.86000 4200.70839  17.0%   242 2647s
 14665  4586 4286.86235   28  560 5062.86000 4205.00520  16.9%   244 2665s
 14782  4637 4776.34749   43  298 5062.86000 4206.17055  16.9%   245 2683s
 14874  4700 4631.37508   39  385 5062.86000 4207.86192  16.9%   246 2703s
 14965  4762 4417.42686   34  565 5062.86000 4210.77242  16.8%   247 2720s
 15049  4810 4606.75177   44  586 5062.86000 4211.22818  16.8%   248 2790s
 15131  4870 4535.76489   34  391 5062.86000 4214.39513  16.8%   250 2807s
 15220  4911 4493.87334   29  455 5062.86000 4217.10364  16.7%   251 2853s
 15316  4970 4752.17663   48  443 5062.86000 4217.19439  16.7%   253 2872s
 15391  5024 4729.12002   54  459 5062.86000 4217.61819  16.7%   254 2890s
 15483  5072 4742.00554   42  324 5062.86000 4220.40160  16.6%   255 2909s
 15561  5135 4615.97363   31  266 5062.86000 4222.21320  16.6%   256 2962s
 15676  5188 4791.29679   43  295 5062.86000 4223.75195  16.6%   257 2982s
 15761  5244 4694.21143   51  297 5062.86000 4225.27183  16.5%   258 3001s
 15854  5298 4636.52189   33  398 5062.86000 4226.12135  16.5%   260 3107s
 15936  5356 4630.15551   40  396 5062.86000 4227.28734  16.5%   261 3127s
 16022  5417 4805.90129   37  489 5062.86000 4227.62551  16.5%   262 3160s
 16077  5417 4464.81612   40  466 5062.86000 4228.77709  16.5%   263 3205s
 16121  5469 4689.27182   36  515 5062.86000 4229.74783  16.5%   264 3224s
 16163  5469 4658.66771   33  436 5062.86000 4230.88898  16.4%   264 3225s
 16213  5544 4661.91640   38  392 5062.86000 4230.90214  16.4%   265 3243s
 16324  5591     cutoff   71      5062.86000 4231.99883  16.4%   266 3263s
 16411  5634 4814.24797   53  437 5062.86000 4237.50333  16.3%   267 3334s
 16499  5700 5057.12054   60  257 5062.86000 4239.18719  16.3%   268 3353s
 16612  5755 4633.08761   44  523 5062.86000 4243.92124  16.2%   269 3376s
 16709  5804 4888.13722   43  386 5062.86000 4244.20452  16.2%   270 3396s
 16812  5867 4897.64155   42  504 5062.86000 4245.32373  16.1%   272 3479s
 16913  5927 4861.43174   41  425 5062.86000 4246.01870  16.1%   273 3499s
 17006  5982 4759.11423   45  495 5062.86000 4246.94642  16.1%   274 3520s
 17119  6042 4559.38704   39  435 5062.86000 4248.85116  16.1%   276 3540s
 17223  6098 4564.76729   38  428 5062.86000 4250.16764  16.1%   277 3560s

Cutting planes:
  User: 6767
  Gomory: 19
  Cover: 454
  Implied bound: 166
  Projected implied bound: 13
  Clique: 6
  MIR: 88
  StrongCG: 1
  Flow cover: 256
  GUB cover: 1
  Inf proof: 1
  Zero half: 7
  Mod-K: 1
  Network: 2
  RLT: 257
  Relax-and-lift: 4
  Lazy constraints: 816

Explored 17313 nodes (4829095 simplex iterations) in 3608.41 seconds
Thread count was 2 (of 32 available processors)

Solution count 10: 5062.86 5065.86 5117.25 ... 7443.5

Time limit reached
Best objective 5.062860000000e+03, best bound 4.250260500136e+03, gap 16.0502%

User-callback calls 203015, time in user-callback 863.53 sec
================================================================================
executing instance: ./input/Instances/Original/4/absH3low_3n10.dat
--------------------------------------------------------------------------------
Instance details
n	11
H	3
C	687
Li:
[0, 0, 0, 0, 0, 0, 0, 0, 0, 0, 0, ]
Ui:
[0, 189, 44, 174, 78, 36, 198, 117, 42, 96, 240, ]
Distance matrix:
|0	209	255	286	142	156	285	317	182	161	135	|
|209	0	464	451	315	356	490	469	361	299	260	|
|255	464	0	221	202	130	74	280	189	254	273	|
|286	451	221	0	145	156	164	479	354	153	192	|
|142	315	202	145	0	73	194	388	250	53	73	|
|156	356	130	156	73	0	134	332	200	127	144	|
|285	490	74	164	194	134	0	353	256	239	267	|
|317	469	280	479	388	332	353	0	141	436	430	|
|182	361	189	354	250	200	256	141	0	296	289	|
|161	299	254	153	53	127	239	436	296	0	39	|
|135	260	273	192	73	144	267	430	289	39	0	|

--------------------------------------------------------------------------------
Building model...
	using lazy and cut (CVRPSEP package)
Solving IRP LP...
--------------------------------------------------------------------------------

Gurobi 9.1.0 (linux64) logging started Fri Feb 12 20:22:22 2021

Gurobi Optimizer version 9.1.0 build v9.1.0rc0 (linux64)
Thread count: 32 physical cores, 32 logical processors, using up to 2 threads
Optimize a model with 599 rows, 1184 columns and 4154 nonzeros
Model fingerprint: 0x7eaae65a
Variable types: 194 continuous, 990 integer (165 binary)
Coefficient statistics:
  Matrix range     [1e+00, 2e+02]
  Objective range  [1e-02, 5e+02]
  Bounds range     [1e+00, 2e+02]
  RHS range        [1e+00, 1e+03]
Presolve removed 198 rows and 449 columns
Presolve time: 0.05s
Presolved: 401 rows, 735 columns, 2641 nonzeros
Variable types: 89 continuous, 646 integer (519 binary)
Found heuristic solution: objective 9172.2000000

Root relaxation: objective 2.206539e+03, 551 iterations, 0.01 seconds

    Nodes    |    Current Node    |     Objective Bounds      |     Work
 Expl Unexpl |  Obj  Depth IntInf | Incumbent    BestBd   Gap | It/Node Time

     0     0 2206.73377    0   57 9172.20000 2206.73377  75.9%     -    0s
H    0     0                    8346.5900000 2206.73377  73.6%     -    0s
     0     0 2706.61063    0   69 8346.59000 2706.61063  67.6%     -    0s
H    0     0                    5366.9500000 2706.61063  49.6%     -    0s
     0     0 2769.16084    0   70 5366.95000 2769.16084  48.4%     -    0s
     0     0 2948.30696    0   71 5366.95000 2948.30696  45.1%     -    0s
H    0     0                    4861.5600000 2948.30696  39.4%     -    0s
     0     0 2948.71106    0   75 4861.56000 2948.71106  39.3%     -    0s
     0     0 3085.73408    0  160 4861.56000 3085.73408  36.5%     -    0s
H    0     0                    4512.1600000 3085.73408  31.6%     -    0s
     0     0 3097.74928    0  134 4512.16000 3097.74928  31.3%     -    0s
     0     0 3160.47232    0  181 4512.16000 3160.47232  30.0%     -    0s
     0     0 3172.23946    0  180 4512.16000 3172.23946  29.7%     -    0s
     0     0 3173.89376    0  179 4512.16000 3173.89376  29.7%     -    0s
     0     0 3173.95351    0  180 4512.16000 3173.95351  29.7%     -    0s
     0     0 3215.92906    0  145 4512.16000 3215.92906  28.7%     -    0s
H    0     0                    4328.6300000 3215.92906  25.7%     -    0s
     0     0 3224.70879    0  125 4328.63000 3224.70879  25.5%     -    0s
     0     0 3226.78021    0  144 4328.63000 3226.78021  25.5%     -    0s
     0     0 3227.49084    0  151 4328.63000 3227.49084  25.4%     -    0s
     0     0 3236.53463    0  114 4328.63000 3236.53463  25.2%     -    0s
H    0     0                    4319.6300000 3236.53463  25.1%     -    0s
     0     0 3238.04768    0  122 4319.63000 3238.04768  25.0%     -    0s
     0     0 3238.38797    0  132 4319.63000 3238.38797  25.0%     -    0s
     0     0 3248.11549    0  125 4319.63000 3248.11549  24.8%     -    0s
     0     0 3248.83507    0  130 4319.63000 3248.83507  24.8%     -    0s
     0     0 3253.41415    0  130 4319.63000 3253.41415  24.7%     -    0s
     0     0 3253.41415    0  120 4319.63000 3253.41415  24.7%     -    0s
     0     2 3253.54400    0  119 4319.63000 3253.54400  24.7%     -    0s
H   29    36                    4253.2700000 3327.05191  21.8%  70.2    0s
H   32    36                    4050.9400000 3327.05191  17.9%  69.9    0s
H   62    57                    3918.1000000 3334.39202  14.9%  51.8    0s
H   68    63                    3912.8800000 3334.39202  14.8%  52.4    0s
H   97    76                    3887.3600000 3395.82569  12.6%  47.5    0s
H  128    92                    3854.3600000 3395.82569  11.9%  49.4    0s
H  137    90                    3828.3600000 3395.82569  11.3%  53.4    0s
*  144    85              12    3713.5800000 3419.86336  7.91%  52.6    0s
*  524    88              10    3712.3200000 3584.97738  3.43%  39.1    1s

Cutting planes:
  User: 25
  Gomory: 5
  Cover: 110
  Implied bound: 64
  Clique: 9
  MIR: 49
  StrongCG: 5
  Flow cover: 53
  GUB cover: 3
  Inf proof: 1
  Zero half: 3
  Network: 3
  RLT: 63
  Relax-and-lift: 14
  Lazy constraints: 6

Explored 802 nodes (26746 simplex iterations) in 1.84 seconds
Thread count was 2 (of 32 available processors)

Solution count 10: 3712.32 3713.58 3828.36 ... 4319.63

Optimal solution found (tolerance 1.00e-04)
Best objective 3.712320000000e+03, best bound 3.712320000000e+03, gap 0.0000%

User-callback calls 2274, time in user-callback 0.21 sec
================================================================================
executing instance: ./input/Instances/Original/4/absH3low_3n15.dat
--------------------------------------------------------------------------------
Instance details
n	16
H	3
C	1267
Li:
[0, 0, 0, 0, 0, 0, 0, 0, 0, 0, 0, 0, 0, 0, 0, 0, ]
Ui:
[0, 156, 267, 148, 144, 87, 33, 171, 76, 141, 270, 282, 60, 110, 172, 57, ]
Distance matrix:
|0	229	567	76	58	96	306	409	310	423	108	346	165	347	159	256	|
|229	0	482	243	279	155	375	525	251	419	158	373	65	123	329	246	|
|567	482	0	506	622	483	342	439	259	200	467	274	486	433	501	312	|
|76	243	506	0	119	88	230	337	255	352	88	272	179	347	94	194	|
|58	279	622	119	0	154	345	431	366	471	166	391	217	399	179	310	|
|96	155	483	88	154	0	266	397	224	358	17	289	92	262	176	179	|
|306	375	342	230	345	266	0	158	184	148	251	68	332	423	181	140	|
|409	525	439	337	431	397	158	0	340	244	386	201	476	581	253	298	|
|310	251	259	255	366	224	184	340	0	170	208	146	238	257	274	66	|
|423	419	200	352	471	358	148	244	170	0	341	84	396	424	323	182	|
|108	158	467	88	166	17	251	386	208	341	0	273	96	259	172	162	|
|346	373	274	272	391	289	68	201	146	84	273	0	340	400	239	127	|
|165	65	486	179	217	92	332	476	238	396	96	340	0	182	267	216	|
|347	123	433	347	399	262	423	581	257	424	259	400	182	0	423	283	|
|159	329	501	94	179	176	181	253	274	323	172	239	267	423	0	208	|
|256	246	312	194	310	179	140	298	66	182	162	127	216	283	208	0	|

--------------------------------------------------------------------------------
Building model...
	using lazy and cut (CVRPSEP package)
Solving IRP LP...
--------------------------------------------------------------------------------

Gurobi 9.1.0 (linux64) logging started Fri Feb 12 20:22:35 2021

Gurobi Optimizer version 9.1.0 build v9.1.0rc0 (linux64)
Thread count: 32 physical cores, 32 logical processors, using up to 2 threads
Optimize a model with 874 rows, 2329 columns and 7774 nonzeros
Model fingerprint: 0x687e4129
Variable types: 289 continuous, 2040 integer (240 binary)
Coefficient statistics:
  Matrix range     [1e+00, 3e+02]
  Objective range  [1e-02, 6e+02]
  Bounds range     [1e+00, 3e+02]
  RHS range        [1e+00, 2e+03]
Presolve removed 256 rows and 567 columns
Presolve time: 0.06s
Presolved: 618 rows, 1762 columns, 5733 nonzeros
Variable types: 158 continuous, 1604 integer (1400 binary)

Root relaxation: objective 2.124472e+03, 801 iterations, 0.02 seconds

    Nodes    |    Current Node    |     Objective Bounds      |     Work
 Expl Unexpl |  Obj  Depth IntInf | Incumbent    BestBd   Gap | It/Node Time

     0     0 2124.47155    0   82          - 2124.47155      -     -    0s
     0     0 2496.16039    0  120          - 2496.16039      -     -    0s
     0     0 2561.07171    0  117          - 2561.07171      -     -    0s
     0     0 2641.52038    0  116          - 2641.52038      -     -    0s
     0     0 2644.83325    0  106          - 2644.83325      -     -    0s
     0     0 2645.03071    0  107          - 2645.03071      -     -    0s
     0     0 2645.03071    0  108          - 2645.03071      -     -    0s
     0     0 2980.72723    0  146          - 2980.72723      -     -    0s
     0     0 3011.05517    0  145          - 3011.05517      -     -    0s
     0     0 3019.06703    0  153          - 3019.06703      -     -    0s
     0     0 3019.10369    0  154          - 3019.10369      -     -    0s
     0     0 3144.21979    0  183          - 3144.21979      -     -    0s
     0     0 3168.36025    0  159          - 3168.36025      -     -    0s
     0     0 3175.28132    0  200          - 3175.28132      -     -    0s
     0     0 3176.77651    0  213          - 3176.77651      -     -    0s
     0     0 3176.87265    0  219          - 3176.87265      -     -    0s
     0     0 3219.27359    0  229          - 3219.27359      -     -    0s
     0     0 3226.79521    0  219          - 3226.79521      -     -    0s
     0     0 3227.60048    0  234          - 3227.60048      -     -    0s
     0     0 3238.10903    0  202          - 3238.10903      -     -    0s
     0     0 3239.93778    0  211          - 3239.93778      -     -    0s
     0     0 3240.25128    0  216          - 3240.25128      -     -    0s
     0     0 3247.72805    0  226          - 3247.72805      -     -    0s
     0     0 3247.72805    0  226          - 3247.72805      -     -    0s
     0     2 3253.48060    0  204          - 3253.48060      -     -    0s
H  158   172                    7571.7200000 3376.22711  55.4%   138    2s
H  204   236                    7079.7600000 3376.22711  52.3%   120    2s
*  239   246              81    7016.5100000 3376.34706  51.9%   105    2s
*  241   245              83    6582.5100000 3376.34706  48.7%   105    2s
*  260   241              75    6384.3200000 3398.27880  46.8%   100    2s
H  282   169                    5197.2100000 3398.27880  34.6%   108    2s
*  369   243              57    5126.0700000 3405.73026  33.6%   104    3s
*  479   339              53    5125.8000000 3405.73026  33.6%   100    4s
*  488   337              55    5106.8000000 3405.73026  33.3%  98.9    4s
   545   396     cutoff   43      5106.80000 3405.89545  33.3%   101    5s
H  629   437                    4959.3000000 3429.52779  30.8%   100    5s
H  733   469                    4923.3000000 3451.46803  29.9%   105    6s
H  734   445                    4699.3000000 3451.46803  26.6%   105    7s
H  748   434                    4640.3000000 3451.46803  25.6%   107    8s
   759   442 3580.90930   15  206 4640.30000 3451.46803  25.6%   111   10s
H  831   457                    4637.3000000 3451.46803  25.6%   120   11s
   836   455 3555.49663   15  197 4637.30000 3451.46803  25.6%   120   18s
   912   492 3813.04094   20  233 4637.30000 3504.56267  24.4%   127   20s
H 1092   503                    4539.5600000 3547.21559  21.9%   136   23s
  1093   522 4074.49293   25  166 4539.56000 3547.21559  21.9%   136  108s
* 1124   492              43    4532.5200000 3547.21559  21.7%   134  108s
H 1126   455                    4451.5600000 3547.21559  20.3%   134  108s
H 1140   413                    4382.5600000 3547.21559  19.1%   134  108s
  1196   411 4141.33924   25   87 4382.56000 3653.33111  16.6%   136  110s
  1540   425     cutoff   23      4382.56000 3775.84951  13.8%   141  115s
  1964   516     cutoff   22      4382.56000 3830.73519  12.6%   141  120s
  2261   622     cutoff   27      4382.56000 3874.15573  11.6%   146  125s
  2669   750 4198.63390   32  185 4382.56000 3923.10718  10.5%   149  130s
  2752   761     cutoff   22      4382.56000 3928.20501  10.4%   148  135s
  3200   874 4348.16971   27   97 4382.56000 3955.90654  9.74%   149  140s
  3292   877 4194.04304   20  205 4382.56000 3967.89155  9.46%   150  178s
  3321   877 4231.94947   24  162 4382.56000 3970.44292  9.40%   150  180s
  3688   934     cutoff   23      4382.56000 3988.64449  8.99%   152  185s
  3770   942 4261.67846   20  137 4382.56000 3996.18004  8.82%   153  195s
  4099   969 4309.01865   27   81 4382.56000 4024.68962  8.17%   154  201s
  4242   960     cutoff   25      4382.56000 4033.59148  7.96%   155  207s
  4496   972 4321.19955   26  105 4382.56000 4057.18903  7.42%   156  211s
  4682   972 4332.28515   24  146 4382.56000 4072.72268  7.07%   155  258s
  4867   973 infeasible   32      4382.56000 4081.94048  6.86%   155  260s
  5214   966     cutoff   30      4382.56000 4107.74995  6.27%   155  265s
  5639   899 4332.77552   27   77 4382.56000 4136.15333  5.62%   153  270s
  6172   812 infeasible   36      4382.56000 4176.51672  4.70%   151  275s
  6937   589 4266.22457   24   63 4382.56000 4225.76089  3.58%   147  281s
  7550   425 4332.66939   35   43 4382.56000 4260.14510  2.79%   142  286s
  8732    21     cutoff   33      4382.56000 4319.79465  1.43%   131  290s

Cutting planes:
  User: 862
  Gomory: 6
  Cover: 171
  Implied bound: 130
  Projected implied bound: 8
  Clique: 18
  MIR: 106
  StrongCG: 2
  Flow cover: 126
  GUB cover: 2
  Inf proof: 5
  Zero half: 1
  RLT: 163
  Relax-and-lift: 23
  Lazy constraints: 91

Explored 8985 nodes (1153606 simplex iterations) in 290.29 seconds
Thread count was 2 (of 32 available processors)

Solution count 10: 4382.56 4451.56 4532.52 ... 5106.8

Optimal solution found (tolerance 1.00e-04)
Best objective 4.382560000000e+03, best bound 4.382560000000e+03, gap 0.0000%

User-callback calls 29735, time in user-callback 109.79 sec
