




arguments: ./build/bc_mirp -f ./input/orig_exec_1.cfg
Current dir: /scratch/gui/bc_mirp
File verbosity level: 9
date       time         ( uptime  ) [ thread name/id ]                   file:line     v| 
2021-02-06 09:03:01.230 (   0.052s) [main thread     ]             loguru.cpp:789   INFO| Logging to './output/vi_vc+vr/OU/V2/Original/execution_06_02_2021_09_03_01.log', mode: 'a', verbosity: 9
--------------------------------------------------------------------------------
Parameters
                           instance_path           ./input/Instances/Original/1/
                            model_policy                                       1
                             nb_vehicles                                       2
                              output_dir       ./output/vi_vc+vr/OU/V2/Original/
                            sec_strategy                                       1
                       solver_nb_threads                                       2
                         solver_show_log                                    true
                       solver_time_limit                                    3600
                              use_vi_cos                                   false
                              use_vi_cus                                   false
                         use_vi_hc1_full                                   false
                         use_vi_hc1_half                                   false
                      use_vi_hc1_quarter                                   false
                              use_vi_hc2                                   false
                              use_vi_hc3                                   false
                         use_vi_lex_full                                   false
                         use_vi_lex_half                                   false
                      use_vi_lex_quarter                                   false
                              use_vi_qua                                   false
                               use_vi_vc                                    true
                               use_vi_vr                                    true
--------------------------------------------------------------------------------
executing instance: ./input/Instances/Original/1/absH3high_1n5.dat
--------------------------------------------------------------------------------
Instance details
n	6
H	3
C	289
Li:
[0, 0, 0, 0, 0, 0, ]
Ui:
[0, 195, 105, 116, 72, 22, ]
Distance matrix:
|0	85	349	17	203	289	|
|85	0	265	102	214	226	|
|349	265	0	366	368	238	|
|17	102	366	0	207	302	|
|203	214	368	207	0	431	|
|289	226	238	302	431	0	|

--------------------------------------------------------------------------------
Building model...
	using lazy and cut (CVRPSEP package)
Solving IRP LP...
--------------------------------------------------------------------------------

Gurobi 9.1.0 (linux64) logging started Sat Feb  6 09:03:01 2021

Gurobi Optimizer version 9.1.0 build v9.1.0rc0 (linux64)
Thread count: 32 physical cores, 32 logical processors, using up to 2 threads
Optimize a model with 177 rows, 180 columns and 603 nonzeros
Model fingerprint: 0xae4287ba
Variable types: 54 continuous, 126 integer (36 binary)
Coefficient statistics:
  Matrix range     [1e+00, 2e+02]
  Objective range  [2e-01, 4e+02]
  Bounds range     [1e+00, 2e+02]
  RHS range        [1e+00, 5e+02]
Presolve removed 75 rows and 22 columns
Presolve time: 0.01s
Presolved: 102 rows, 158 columns, 484 nonzeros
Variable types: 32 continuous, 126 integer (96 binary)
Found heuristic solution: objective 2806.2700000

Root relaxation: objective 1.636437e+03, 110 iterations, 0.00 seconds

    Nodes    |    Current Node    |     Objective Bounds      |     Work
 Expl Unexpl |  Obj  Depth IntInf | Incumbent    BestBd   Gap | It/Node Time

     0     0 1636.43659    0   17 2806.27000 1636.43659  41.7%     -    0s
     0     0 1762.23948    0   19 2806.27000 1762.23948  37.2%     -    0s
     0     0 2025.14367    0   26 2806.27000 2025.14367  27.8%     -    0s
     0     0 2034.84316    0   30 2806.27000 2034.84316  27.5%     -    0s
     0     0 2036.31369    0   31 2806.27000 2036.31369  27.4%     -    0s
     0     0 2159.66066    0   34 2806.27000 2159.66066  23.0%     -    0s
H    0     0                    2801.2300000 2159.66066  22.9%     -    0s
     0     0 2168.64161    0   40 2801.23000 2168.64161  22.6%     -    0s
     0     0 2172.38829    0   52 2801.23000 2172.38829  22.4%     -    0s
H    0     0                    2714.4600000 2172.38829  20.0%     -    0s
     0     0 2179.48469    0   45 2714.46000 2179.48469  19.7%     -    0s
     0     0 2179.48469    0   46 2714.46000 2179.48469  19.7%     -    0s
     0     0 2182.60965    0   49 2714.46000 2182.60965  19.6%     -    0s
H    0     0                    2302.3500000 2182.60965  5.20%     -    0s
     0     0 2183.29450    0   43 2302.35000 2183.29450  5.17%     -    0s
     0     0 2183.29450    0   42 2302.35000 2183.29450  5.17%     -    0s
     0     0 2184.89201    0   50 2302.35000 2184.89201  5.10%     -    0s
     0     0 2184.93567    0   41 2302.35000 2184.93567  5.10%     -    0s
     0     0 2184.93567    0   41 2302.35000 2184.93567  5.10%     -    0s
H    0     0                    2297.8000000 2184.93567  4.91%     -    0s
H    0     0                    2266.6100000 2184.93567  3.60%     -    0s
     0     0 2214.90313    0   18 2266.61000 2214.90313  2.28%     -    0s
     0     0 2214.90313    0   20 2266.61000 2214.90313  2.28%     -    0s
     0     0 2226.89470    0   40 2266.61000 2226.89470  1.75%     -    0s
     0     0 2235.06520    0   34 2266.61000 2235.06520  1.39%     -    0s
     0     0 2235.26628    0   35 2266.61000 2235.26628  1.38%     -    0s
     0     0 2235.28234    0   36 2266.61000 2235.28234  1.38%     -    0s
     0     0 2236.70583    0   39 2266.61000 2236.70583  1.32%     -    0s
     0     0 2237.23419    0   39 2266.61000 2237.23419  1.30%     -    0s
     0     0 2244.43093    0   34 2266.61000 2244.43093  0.98%     -    0s
     0     0 2244.72289    0   34 2266.61000 2244.72289  0.97%     -    0s
     0     0 2245.34367    0   35 2266.61000 2245.34367  0.94%     -    0s
     0     0 2245.37781    0   35 2266.61000 2245.37781  0.94%     -    0s
     0     0 2245.91071    0   35 2266.61000 2245.91071  0.91%     -    0s
     0     0     cutoff    0      2266.61000 2266.61000  0.00%     -    0s

Cutting planes:
  Gomory: 1
  Cover: 9
  Implied bound: 3
  MIR: 14
  Flow cover: 8
  GUB cover: 2
  Zero half: 1
  RLT: 1
  Relax-and-lift: 5

Explored 1 nodes (705 simplex iterations) in 0.16 seconds
Thread count was 2 (of 32 available processors)

Solution count 6: 2266.61 2297.8 2302.35 ... 2806.27

Optimal solution found (tolerance 1.00e-04)
Best objective 2.266610000000e+03, best bound 2.266610000000e+03, gap 0.0000%

User-callback calls 270, time in user-callback 0.01 sec
================================================================================
executing instance: ./input/Instances/Original/1/absH3high_1n45.dat
--------------------------------------------------------------------------------
Instance details
n	46
H	3
C	3462
Li:
[0, 0, 0, 0, 0, 0, 0, 0, 0, 0, 0, 0, 0, 0, 0, 0, 0, 0, 0, 0, 0, 0, 0, 0, 0, 0, 0, 0, 0, 0, 0, 0, 0, 0, 0, 0, 0, 0, 0, 0, 0, 0, 0, 0, 0, 0, ]
Ui:
[0, 273, 270, 36, 165, 192, 148, 45, 30, 75, 180, 198, 112, 117, 90, 64, 180, 22, 264, 174, 168, 270, 86, 66, 26, 66, 237, 156, 92, 108, 144, 72, 30, 45, 94, 54, 174, 96, 198, 136, 44, 180, 210, 249, 198, 48, ]
Distance matrix:
|0	281	201	160	249	201	93	431	236	139	252	136	116	166	390	110	349	374	303	180	327	464	236	70	44	461	346	439	363	254	312	426	305	206	71	137	169	200	247	260	20	219	256	253	460	278	|
|281	0	448	170	53	142	338	184	121	290	371	390	222	302	111	289	169	434	230	177	238	441	59	212	319	211	86	235	399	306	53	176	99	202	263	157	361	101	370	201	264	344	364	374	469	184	|
|201	448	0	285	430	325	114	556	361	171	191	64	228	174	546	294	453	306	364	289	388	435	393	254	157	585	491	536	318	254	490	554	436	407	266	292	108	388	186	337	207	181	205	190	408	364	|
|160	170	285	0	169	43	182	280	80	120	208	231	58	132	262	230	190	294	151	24	174	345	112	107	183	309	207	280	268	158	219	276	155	235	187	45	192	150	205	107	140	177	202	210	356	119	|
|249	53	430	169	0	152	317	238	145	282	377	369	212	299	157	242	215	452	261	183	273	474	76	181	290	264	140	287	421	320	63	229	145	148	221	142	352	53	374	226	234	346	370	378	498	215	|
|201	142	325	43	152	0	224	237	37	156	230	273	101	164	224	261	148	300	127	38	147	333	83	142	225	266	167	238	270	168	193	233	112	246	221	70	228	148	228	84	180	202	222	232	351	87	|
|93	338	114	182	317	224	0	460	262	92	180	52	124	112	440	199	364	307	292	191	317	415	284	140	57	490	387	452	304	208	377	457	336	297	163	181	84	274	175	256	95	152	188	180	402	280	|
|431	184	556	280	238	237	460	0	199	385	420	508	337	385	108	464	110	429	219	269	206	378	202	365	460	30	98	84	388	340	204	9	126	386	432	294	453	283	421	226	411	404	408	423	422	198	|
|236	121	361	80	145	37	262	199	0	191	255	310	138	197	191	290	114	312	118	72	133	330	69	175	262	229	132	204	279	186	174	195	75	258	251	102	262	153	254	81	216	230	246	257	353	72	|
|139	290	171	120	282	156	92	385	191	0	116	129	71	27	380	246	283	235	201	119	226	329	231	141	129	414	323	367	224	119	336	383	266	308	202	141	72	252	112	169	127	82	118	117	322	195	|
|252	371	191	208	377	230	180	420	255	116	0	187	178	90	443	361	311	127	204	195	224	246	313	257	232	446	382	380	129	81	423	421	320	422	318	242	100	355	5	195	241	34	15	2	225	224	|
|136	390	64	231	369	273	52	508	310	129	187	0	173	141	491	233	409	313	330	239	355	431	335	191	93	538	438	495	316	233	429	505	385	342	203	233	88	325	182	297	143	167	199	187	412	323	|
|116	222	228	58	212	101	124	337	138	71	178	173	0	91	319	206	244	284	187	69	212	357	165	85	130	367	265	333	264	151	267	333	213	244	161	70	140	181	175	145	97	145	177	180	359	165	|
|166	302	174	132	299	164	112	385	197	27	90	141	91	0	388	273	280	208	191	127	215	305	243	167	153	413	329	361	198	96	351	383	270	333	229	159	68	272	86	163	153	56	92	91	296	190	|
|390	111	546	262	157	224	440	108	191	380	443	491	319	388	0	399	164	480	264	261	261	456	156	320	426	125	62	186	442	369	107	99	125	300	374	260	452	210	443	252	372	420	433	446	494	227	|
|110	289	294	230	242	261	199	464	290	246	361	233	206	273	399	0	402	480	382	254	404	562	262	124	143	493	369	490	466	355	302	457	344	135	45	191	279	189	356	337	120	328	364	362	563	348	|
|349	169	453	190	215	148	364	110	114	283	311	409	244	280	164	402	0	324	110	174	101	292	151	289	372	135	109	90	284	230	212	111	70	354	364	216	348	245	312	118	329	295	298	313	330	90	|
|374	434	306	294	452	300	307	429	312	235	127	313	284	208	480	480	324	0	216	274	223	137	380	368	357	448	419	367	40	136	487	432	358	525	436	336	227	443	132	234	361	156	119	127	102	255	|
|303	230	364	151	261	127	292	219	118	201	204	330	187	191	264	382	110	216	0	128	25	213	185	258	314	243	203	176	178	123	282	221	144	372	338	193	256	270	206	45	283	193	191	206	239	46	|
|180	177	289	24	183	38	191	269	72	119	195	239	69	127	261	254	174	274	128	0	151	321	118	130	198	299	204	263	246	139	228	266	147	258	211	68	191	169	193	83	159	166	188	197	333	98	|
|327	238	388	174	273	147	317	206	133	226	224	355	212	215	261	404	101	223	25	151	0	203	198	281	339	228	202	156	184	143	288	209	146	390	362	215	280	286	226	68	308	215	210	226	235	61	|
|464	441	435	345	474	333	415	378	330	329	246	431	357	305	456	562	292	137	213	321	203	0	398	440	458	390	400	301	117	211	492	384	348	578	517	389	344	480	251	251	448	265	233	246	54	259	|
|236	59	393	112	76	83	284	202	69	231	313	335	165	243	156	262	151	380	185	118	198	398	0	167	270	231	110	233	347	250	110	195	85	203	230	103	303	95	311	150	217	284	305	315	422	139	|
|70	212	254	107	181	142	140	365	175	141	257	191	85	167	320	124	289	368	258	130	281	440	167	0	109	394	277	378	349	236	244	359	239	167	81	73	196	135	253	213	53	223	257	258	444	226	|
|44	319	157	183	290	225	57	460	262	129	232	93	130	153	426	143	372	357	314	198	339	458	270	109	0	490	379	462	351	247	353	456	334	250	110	168	140	243	226	274	56	201	238	232	449	294	|
|461	211	585	309	264	266	490	30	229	414	446	538	367	413	125	493	135	448	243	299	228	390	231	394	490	0	125	89	408	365	226	36	156	412	462	324	481	311	447	253	441	430	433	448	436	225	|
|346	86	491	207	140	167	387	98	132	323	382	438	265	329	62	369	109	419	203	204	202	400	110	277	379	125	0	155	381	307	113	90	63	288	339	211	394	186	382	190	327	359	371	384	436	165	|
|439	235	536	280	287	238	452	84	204	367	380	495	333	361	186	490	90	367	176	263	156	301	233	378	462	89	155	0	326	299	267	92	148	432	454	306	429	325	382	199	419	369	366	382	348	172	|
|363	399	318	268	421	270	304	388	279	224	129	316	264	198	442	466	284	40	178	246	184	117	347	349	351	408	381	326	0	113	452	391	321	502	422	311	229	415	134	199	348	152	118	130	98	219	|
|254	306	254	158	320	168	208	340	186	119	81	233	151	96	369	355	230	136	123	139	143	211	250	236	247	365	307	299	113	0	359	340	244	390	310	200	148	308	83	117	238	74	68	83	208	145	|
|312	53	490	219	63	193	377	204	174	336	423	429	267	351	107	302	212	487	282	228	288	492	110	244	353	226	113	267	452	359	0	195	145	194	283	199	407	115	421	254	296	394	415	425	521	237	|
|426	176	554	276	229	233	457	9	195	383	421	505	333	383	99	457	111	432	221	266	209	384	195	359	456	36	90	92	391	340	195	0	122	378	426	289	451	275	421	226	406	404	408	423	427	197	|
|305	99	436	155	145	112	336	126	75	266	320	385	213	270	125	344	70	358	144	147	146	348	85	239	334	156	63	148	321	244	145	122	0	286	310	168	336	177	320	128	285	298	309	322	381	103	|
|206	202	407	235	148	246	297	386	258	308	422	342	244	333	300	135	354	525	372	258	390	578	203	167	250	412	288	432	502	390	194	378	286	0	144	191	362	109	418	329	202	388	421	423	591	329	|
|71	263	266	187	221	221	163	432	251	202	318	203	161	229	374	45	364	436	338	211	362	517	230	81	110	462	339	454	422	310	283	426	310	144	0	150	239	168	313	294	77	285	321	319	518	306	|
|137	157	292	45	142	70	181	294	102	141	242	233	70	159	260	191	216	336	193	68	215	389	103	73	168	324	211	306	311	200	199	289	168	191	150	0	210	113	239	148	117	210	238	244	400	157	|
|169	361	108	192	352	228	84	453	262	72	100	88	140	68	452	279	348	227	256	191	280	344	303	196	140	481	394	429	229	148	407	451	336	362	239	210	0	318	95	231	164	79	111	100	325	258	|
|200	101	388	150	53	148	274	283	153	252	355	325	181	272	210	189	245	443	270	169	286	480	95	135	243	311	186	325	415	308	115	275	177	109	168	113	318	0	352	230	187	323	351	357	498	225	|
|247	370	186	205	374	228	175	421	254	112	5	182	175	86	443	356	312	132	206	193	226	251	311	253	226	447	382	382	134	83	421	421	320	418	313	239	95	352	0	196	237	30	19	6	230	224	|
|260	201	337	107	226	84	256	226	81	169	195	297	145	163	252	337	118	234	45	83	68	251	150	213	274	253	190	199	199	117	254	226	128	329	294	148	231	230	196	0	240	178	184	198	272	29	|
|20	264	207	140	234	180	95	411	216	127	241	143	97	153	372	120	329	361	283	159	308	448	217	53	56	441	327	419	348	238	296	406	285	202	77	117	164	187	237	240	0	208	245	242	446	257	|
|219	344	181	177	346	202	152	404	230	82	34	167	145	56	420	328	295	156	193	166	215	265	284	223	201	430	359	369	152	74	394	404	298	388	285	210	79	323	30	178	208	0	37	35	250	206	|
|256	364	205	202	370	222	188	408	246	118	15	199	177	92	433	364	298	119	191	188	210	233	305	257	238	433	371	366	118	68	415	408	309	421	321	238	111	351	19	184	245	37	0	17	214	212	|
|253	374	190	210	378	232	180	423	257	117	2	187	180	91	446	362	313	127	206	197	226	246	315	258	232	448	384	382	130	83	425	423	322	423	319	244	100	357	6	198	242	35	17	0	225	226	|
|460	469	408	356	498	351	402	422	353	322	225	412	359	296	494	563	330	102	239	333	235	54	422	444	449	436	436	348	98	208	521	427	381	591	518	400	325	498	230	272	446	250	214	225	0	285	|
|278	184	364	119	215	87	280	198	72	195	224	323	165	190	227	348	90	255	46	98	61	259	139	226	294	225	165	172	219	145	237	197	103	329	306	157	258	225	224	29	257	206	212	226	285	0	|

--------------------------------------------------------------------------------
Building model...
	using lazy and cut (CVRPSEP package)
Solving IRP LP...
--------------------------------------------------------------------------------

Gurobi 9.1.0 (linux64) logging started Sat Feb  6 09:03:01 2021

Gurobi Optimizer version 9.1.0 build v9.1.0rc0 (linux64)
Thread count: 32 physical cores, 32 logical processors, using up to 2 threads
Optimize a model with 1417 rows, 6940 columns and 16003 nonzeros
Model fingerprint: 0x365f41e8
Variable types: 454 continuous, 6486 integer (276 binary)
Coefficient statistics:
  Matrix range     [1e+00, 2e+03]
  Objective range  [1e-01, 6e+02]
  Bounds range     [1e+00, 3e+02]
  RHS range        [1e+00, 6e+03]
Presolve removed 503 rows and 116 columns
Presolve time: 0.07s
Presolved: 914 rows, 6824 columns, 15111 nonzeros
Variable types: 338 continuous, 6486 integer (6216 binary)

Root relaxation: objective 1.302753e+04, 662 iterations, 0.01 seconds

    Nodes    |    Current Node    |     Objective Bounds      |     Work
 Expl Unexpl |  Obj  Depth IntInf | Incumbent    BestBd   Gap | It/Node Time

     0     0 13027.5263    0  115          - 13027.5263      -     -    0s
     0     0 13426.0186    0  100          - 13426.0186      -     -    0s
     0     0 13426.6488    0  114          - 13426.6488      -     -    0s
     0     0 13931.7258    0  164          - 13931.7258      -     -    0s
     0     0 13931.7337    0  176          - 13931.7337      -     -    0s
     0     0 14012.2311    0  219          - 14012.2311      -     -    0s
     0     0 14099.4277    0  245          - 14099.4277      -     -    0s
     0     0 14174.1095    0  225          - 14174.1095      -     -    1s
     0     0 14215.8213    0  228          - 14215.8213      -     -    1s
     0     0 14228.3780    0  226          - 14228.3780      -     -    1s
     0     0 14228.8577    0  257          - 14228.8577      -     -    1s
     0     0 14267.6932    0  190          - 14267.6932      -     -    1s
     0     0 14281.6273    0  182          - 14281.6273      -     -    1s
     0     0 14284.6844    0  218          - 14284.6844      -     -    1s
     0     0 14286.7863    0  275          - 14286.7863      -     -    1s
     0     0 14302.5058    0  198          - 14302.5058      -     -    1s
     0     0 14302.6468    0  185          - 14302.6468      -     -    1s
     0     0 14317.4427    0  237          - 14317.4427      -     -    1s
     0     0 14320.4672    0  179          - 14320.4672      -     -    2s
     0     2 14320.4672    0  177          - 14320.4672      -     -    2s
   105   116 14712.6550   28   97          - 14341.0550      -   142    5s
   543   536 14552.3277    6  219          - 14351.2527      -  58.9   10s
   737   708 14550.0861   11  381          - 14387.6616      -  66.5   15s
   763   725 15121.0143   80  420          - 14433.7420      -  64.2   20s
   771   731 14495.6702   13  438          - 14438.1150      -  63.5   28s
   772   734 14445.2197   10  472          - 14445.2197      -  75.4   30s
   822   770 14667.5870   25  175          - 14461.2199      -  85.7   35s
   875   808 14887.5004   41  159          - 14461.2199      -  91.7   40s
  1037   936 15290.6813   95  103          - 14461.2199      -  98.0   45s
  1297  1109 16108.9791  200   16          - 14461.2199      -  91.9   50s
* 1424  1098             252    17454.270000 14461.2379  17.1%  86.5   52s
  1472  1113 14598.0622   15  255 17454.2700 14461.2379  17.1%  90.5   55s
  1496  1134 14746.8866   18  196 17454.2700 14461.2379  17.1%  92.2   60s
  1549  1175 14718.4701   25  233 17454.2700 14461.2379  17.1%  95.8   65s
  1616  1213 14794.0748   30  132 17454.2700 14461.2379  17.1%  97.7   74s
  1622  1237 14882.3700   31  141 17454.2700 14461.2379  17.1%  98.2   76s
  1756  1325 14968.8597   42   72 17454.2700 14461.2379  17.1%  97.1   81s
  1921  1423 15076.7174   55   61 17454.2700 14461.2379  17.1%  92.9   85s
  2102  1493 15331.3741   70   70 17454.2700 14461.2379  17.1%  89.5   91s
  2152  1550 15386.2259   92   37 17454.2700 14461.2379  17.1%  92.1   95s
  2256  1612 15786.2015  138   55 17454.2700 14461.2379  17.1%  93.3  100s
  2510  1735 14476.6548   14  454 17454.2700 14467.0277  17.1%  89.0  106s
  2578  1833 14690.7363   22   97 17454.2700 14467.0277  17.1%  91.4  111s
  2698  1869 14765.9500   28   93 17454.2700 14467.0277  17.1%  90.5  116s
  2839  2039 14892.9617   33  131 17454.2700 14467.0277  17.1%  89.9  121s
  2948  2117 14911.0872   34  117 17454.2700 14467.0277  17.1%  88.2  125s
  3127  2219 15179.0645   57   61 17454.2700 14467.0277  17.1%  88.6  132s
  3192  2281 15287.9847   69   24 17454.2700 14467.0277  17.1%  90.2  137s
  3246  2391 15491.4282   95    4 17454.2700 14467.0277  17.1%  90.9  140s
  3428  2650 16200.3522  116    9 17454.2700 14476.9006  17.1%  89.9  146s
  3637  2804     cutoff  197      17454.2700 14485.3947  17.0%  86.9  151s
  3902  2867 14681.2837   26  252 17454.2700 14492.5690  17.0%  84.6  156s
  3942  2955 14866.7219   34  102 17454.2700 14492.5690  17.0%  86.8  161s
  4002  3179 15064.9763   59   23 17454.2700 14492.5690  17.0%  87.5  165s
  4226  3403 15246.2344  138   43 17454.2700 14495.3813  17.0%  85.1  170s
* 4286  2307             176    15852.810000 14495.3813  8.56%  84.3  170s
* 4553  2051             198    15674.610000 14502.8590  7.48%  82.5  177s
  4597  2147 15061.0532   38  196 15674.6100 14502.8590  7.48%  84.9  182s
  4663  2194 15529.8004   86   46 15674.6100 14503.0841  7.47%  85.5  186s
  4781  2318 15153.7338   58   83 15674.6100 14503.6072  7.47%  87.4  192s
  4878  2404     cutoff   93      15674.6100 14510.7093  7.43%  87.6  198s
  4965  2485 14854.9132   51   79 15674.6100 14514.3171  7.40%  87.4  203s
  5086  2545 15476.6000  122    - 15674.6100 14516.1707  7.39%  87.4  207s
  5146  2576 15484.1300  122    2 15674.6100 14521.7809  7.35%  88.6  211s
  5180  2622 15540.4800  123    - 15674.6100 14527.2487  7.32%  90.1  215s
  5260  2677 14631.3318   23  395 15674.6100 14527.6877  7.32%  93.2  221s
  5291  2732 15003.3444   28  319 15674.6100 14527.6877  7.32%  95.0  225s
  5346  2796 15159.8296   32  234 15674.6100 14527.6877  7.32%  95.9  230s
  5438  2936 15305.1961   40  203 15674.6100 14527.6877  7.32%  97.0  235s
  5591  3013 15630.0651   58  141 15674.6100 14528.4784  7.31%  96.2  240s
* 5662  1750              76    15174.740000 14531.0164  4.24%  96.2  240s
  5707  1757     cutoff   64      15174.7400 14531.1135  4.24%  96.6  245s
* 5736  1756              77    15174.000000 14533.3427  4.22%  97.0  245s
  5806  1845 14688.3491   20  313 15174.0000 14536.2121  4.20%  98.9  253s
  5868  1909 14593.8030   17  323 15174.0000 14536.5400  4.20%   100  258s
  5951  1939 14684.8971   15  369 15174.0000 14536.6751  4.20%   102  263s
  5981  2000 14807.5592   22  200 15174.0000 14536.6751  4.20%   104  268s
  6042  2109 15109.5214   35   30 15174.0000 14536.6843  4.20%   106  275s
  6264  2185 14835.9072   33  301 15174.0000 14537.9721  4.19%   105  281s
  6345  2249 14861.2305   32  220 15174.0000 14538.3431  4.19%   107  286s
  6431  2344 14788.9816   27  213 15174.0000 14538.9809  4.18%   108  291s
  6548  2401 15076.9146   45  164 15174.0000 14540.1936  4.18%   108  297s
  6622  2453 14888.7394   35  201 15174.0000 14540.4032  4.18%   110  302s
  6700  2550 14679.5472   21  139 15174.0000 14540.8534  4.17%   110  307s
  6821  2584 15135.3400   72   18 15174.0000 14545.1304  4.14%   111  313s
* 6824  2536              75    15159.340000 14545.1304  4.05%   111  313s
H 6851  1517                    14955.770000 14545.1304  2.75%   111  313s
  6865  1527     cutoff   77      14955.7700 14545.2238  2.75%   111  318s
  6914  1584 14643.4239   23  392 14955.7700 14546.9128  2.73%   113  324s
  6976  1646     cutoff   41      14955.7700 14546.9290  2.73%   115  329s
  7075  1690     cutoff   35      14955.7700 14550.7340  2.71%   116  335s
  7142  1733 14648.1229   22  333 14955.7700 14551.0791  2.71%   117  340s
  7207  1778 14723.9410   26  322 14955.7700 14552.8889  2.69%   118  346s
  7280  1846 14646.7662   26  333 14955.7700 14554.0024  2.69%   120  354s
  7370  1878 14586.2847   22  415 14955.7700 14555.5810  2.68%   122  362s
  7433  1918 14738.3656   23  296 14955.7700 14556.3570  2.67%   124  371s
  7539  1983 14611.9586   19  374 14955.7700 14556.6538  2.67%   125  379s
  7628  2028 14709.2397   24  335 14955.7700 14557.3685  2.66%   127  388s
  7738  2087 14615.4222   23  297 14955.7700 14559.9103  2.65%   129  397s
  7843  2126 14707.6877   28  312 14955.7700 14562.7094  2.63%   130  406s
  7919  2212 14788.6365   29  263 14955.7700 14566.0995  2.61%   132  416s
  8042  2271 14816.3466   22  244 14955.7700 14568.5435  2.59%   133  425s
  8143  2338 14641.6717   20  269 14955.7700 14569.6266  2.58%   135  434s
  8269  2392 14809.2413   26  142 14955.7700 14569.9970  2.58%   137  443s
  8377  2462 14631.7871   19  343 14955.7700 14572.0169  2.57%   139  453s
  8487  2525 14766.7439   27  340 14955.7700 14573.1881  2.56%   140  462s
  8583  2558 14805.0133   25  290 14955.7700 14575.7634  2.54%   142  472s
  8671  2617 14762.3532   25  388 14955.7700 14576.8862  2.53%   144  481s
H 8719  2597                    14951.770000 14576.8862  2.51%   145  481s
  8767  2668 14653.7791   32  265 14951.7700 14577.8973  2.50%   145  491s
  8905  2769 14921.6568   42  188 14951.7700 14578.2992  2.50%   147  501s
  9064  2845 14894.4023   38  283 14951.7700 14579.4411  2.49%   148  511s
  9191  2900     cutoff   38      14951.7700 14580.0470  2.49%   150  521s
H 9193  2868                    14947.280000 14580.0470  2.46%   150  521s
  9282  2941 14633.3733   20  447 14947.2800 14580.8658  2.45%   151  531s
H 9396  2968                    14944.799987 14581.4517  2.43%   153  541s
  9475  3063 14659.4542   28  379 14944.8000 14583.6132  2.42%   155  551s
  9630  3121 14773.3132   23  281 14944.8000 14585.8184  2.40%   156  561s
  9745  3173 14650.3783   24  271 14944.8000 14588.2174  2.39%   157  572s
  9831  3187 14733.2880   27  350 14944.8000 14588.2379  2.39%   159  612s
  9849  3273 14831.3557   32  210 14944.8000 14588.3566  2.39%   160  623s
 10018  3335 14930.8488   30  134 14944.8000 14589.4429  2.38%   161  635s
 10158  3421 14683.6975   24  303 14944.8000 14590.9131  2.37%   163  646s
 10297  3501     cutoff   37      14944.8000 14591.7369  2.36%   165  658s
 10420  3597 14940.9815   40  224 14944.8000 14593.1372  2.35%   166  670s
 10584  3669 14854.6719   16  358 14944.8000 14594.4189  2.34%   168  681s
 10713  3748 14677.3431   27  387 14944.8000 14596.2701  2.33%   170  692s
 10868  3817     cutoff   30      14944.8000 14597.1781  2.33%   171  703s
 11011  3902 14788.1940   28  238 14944.8000 14599.1479  2.31%   173  715s
H11091  3635                    14916.000000 14600.5485  2.11%   174  716s
 11164  3742 14787.0725   32  268 14916.0000 14600.7063  2.11%   174  728s
 11366  3824 14895.4969   46  189 14916.0000 14601.3510  2.11%   175  741s
 11527  3932 14789.9388   34  237 14916.0000 14602.7397  2.10%   176  753s
 11742  4026     cutoff   30      14916.0000 14604.4900  2.09%   177  766s
 11921  4096 14683.2898   31  303 14916.0000 14605.2080  2.08%   178  778s
 12061  4171 14739.6087   22  125 14916.0000 14606.5495  2.07%   180  790s
 12242  4269 14701.7473   15  197 14916.0000 14607.3947  2.07%   180  803s
 12426  4298 14743.0301   27  194 14916.0000 14608.4808  2.06%   181  817s
 12528  4357 14768.3635   23  197 14916.0000 14608.8343  2.06%   183  828s
 12665  4501 14751.9874   26  309 14916.0000 14610.5971  2.05%   184  841s
 12907  4593 14881.9284   21  266 14916.0000 14612.3531  2.04%   185  854s
 13086  4644 14760.3723   26  355 14916.0000 14612.9533  2.03%   186  867s
 13183  4726 14884.9909   36  195 14916.0000 14613.2451  2.03%   186  880s
 13376  4808 14904.6820   41  193 14916.0000 14614.1216  2.02%   187  893s
 13562  4909 14847.3520   36  237 14916.0000 14615.4745  2.01%   188  907s
 13765  4979 14732.8326   24  279 14916.0000 14616.2398  2.01%   189  920s
 13909  5073     cutoff   39      14916.0000 14617.3394  2.00%   191  933s
 14096  5098 14889.8156   30  319 14916.0000 14618.5423  1.99%   192  949s
H14097  4966                    14906.220000 14618.5423  1.93%   192  949s
H14139  4963                    14906.000000 14618.6412  1.93%   192  949s
 14167  5023 14828.3277   25  215 14906.0000 14618.6630  1.93%   192  962s
 14334  5115 14671.1083   29  260 14906.0000 14619.3250  1.92%   193  974s
 14410  5115 14902.3362   45  179 14906.0000 14619.3250  1.92%   194  975s
 14504  5230     cutoff   32      14906.0000 14620.3057  1.92%   195  988s
 14739  5312     cutoff   60      14906.0000 14620.9767  1.91%   195 1001s
 14922  5370 infeasible   60      14906.0000 14622.5305  1.90%   196 1014s
 15063  5465 14680.7177   20  220 14906.0000 14623.4689  1.90%   197 1027s
 15254  5559     cutoff   42      14906.0000 14624.9261  1.89%   198 1041s
 15432  5639 14795.9865   25  304 14906.0000 14625.5012  1.88%   198 1054s
 15560  5639 14884.6121   36  143 14906.0000 14625.9319  1.88%   199 1055s
 15603  5716     cutoff   44      14906.0000 14627.0628  1.87%   199 1066s
 15742  5796 14743.4617   31  280 14906.0000 14627.7463  1.87%   201 1079s
 15915  5861 14853.1662   30  332 14906.0000 14628.6513  1.86%   201 1092s
 16060  5946 14669.8300   22  393 14906.0000 14629.4120  1.86%   203 1106s
 16244  6044 14795.1690   23  161 14906.0000 14631.2238  1.84%   203 1120s
 16449  6131 14734.7244   20  181 14906.0000 14632.0367  1.84%   204 1134s
 16646  6228 14705.8926   28  334 14906.0000 14632.8399  1.83%   205 1150s
H16807  5283                    14866.220000 14633.2747  1.57%   205 1151s
 16808  5331 14721.1087   25  214 14866.2200 14633.2888  1.57%   205 1163s
 16998  5388 14791.5273   27  102 14866.2200 14633.9986  1.56%   206 1177s
 17188  5448 14775.8636   28  244 14866.2200 14634.8704  1.56%   207 1191s
 17351  5513 14804.1193   19  290 14866.2200 14635.8220  1.55%   208 1204s
 17496  5513 14772.6364   33  273 14866.2200 14637.3272  1.54%   209 1205s
 17510  5585     cutoff   30      14866.2200 14637.3488  1.54%   209 1217s
 17677  5614 14821.1150   24  341 14866.2200 14638.0648  1.53%   210 1230s
 17846  5685 14807.3247   28  194 14866.2200 14639.4011  1.53%   211 1243s
 18067  5777 14699.7216   21  240 14866.2200 14640.7612  1.52%   211 1258s
 18266  5842 14680.7373   19  383 14866.2200 14641.2283  1.51%   212 1272s
 18465  5887 14833.2254   43  204 14866.2200 14641.7990  1.51%   213 1286s
 18625  5961     cutoff   39      14866.2200 14642.5195  1.50%   214 1300s
 18844  6042 14673.0326   32  312 14866.2200 14643.4378  1.50%   214 1313s
 19035  6069     cutoff   26      14866.2200 14643.8784  1.50%   215 1326s
 19176  6129 14681.3087   31  350 14866.2200 14644.0645  1.49%   216 1339s
 19325  6179 14676.7779   29  362 14866.2200 14644.7129  1.49%   216 1351s
 19519  6225 14735.9224   27  319 14866.2200 14646.0463  1.48%   217 1364s
 19690  6291 14817.2525   38  232 14866.2200 14646.8853  1.48%   218 1377s
 19876  6361 14804.5242   26  116 14866.2200 14647.4079  1.47%   218 1391s
 20079  6437 14754.0706   25  288 14866.2200 14648.4558  1.46%   219 1404s
 20279  6481 14793.6259   27  357 14866.2200 14649.2666  1.46%   220 1418s
 20453  6540     cutoff   32      14866.2200 14650.4233  1.45%   220 1431s
 20659  6580     cutoff   23      14866.2200 14651.3671  1.45%   221 1445s
 20832  6673 14752.8550   24  290 14866.2200 14652.0254  1.44%   221 1459s
 21010  6673 14828.6879   39  293 14866.2200 14653.2449  1.43%   221 1460s
 21057  6743 14695.6419   24  334 14866.2200 14653.4305  1.43%   221 1473s
 21275  6812 14728.4102   24  323 14866.2200 14654.3240  1.43%   222 1487s
 21468  6868 14728.1010   23  376 14866.2200 14654.8816  1.42%   222 1500s
 21620  6919 14779.7967   23  321 14866.2200 14655.2053  1.42%   223 1513s
 21799  6961     cutoff   25      14866.2200 14656.1080  1.41%   224 1526s
 21967  7019 14690.5965   24  381 14866.2200 14656.6983  1.41%   225 1540s
 22155  7062 14854.4079   29  298 14866.2200 14657.2395  1.41%   225 1554s
 22245  7062 14761.4713   18  356 14866.2200 14657.8161  1.40%   225 1555s
 22336  7134     cutoff   26      14866.2200 14657.9379  1.40%   226 1568s
 22531  7176     cutoff   29      14866.2200 14658.5820  1.40%   226 1581s
 22717  7241 14791.8659   30  290 14866.2200 14659.4172  1.39%   227 1596s
 22963  7302 14823.6697   23  221 14866.2200 14660.0070  1.39%   227 1610s
 23160  7372 14752.3032   22  229 14866.2200 14660.4866  1.38%   227 1624s
 23199  7372 14697.4975   20  157 14866.2200 14660.4866  1.38%   227 1625s
 23398  7461 14713.9328   25  314 14866.2200 14661.4233  1.38%   227 1639s
 23529  7461 14795.7862   27  197 14866.2200 14661.4233  1.38%   227 1640s
 23663  7523 14862.8082   29   20 14866.2200 14662.0208  1.37%   227 1654s
 23861  7523 14832.0722   39  226 14866.2200 14662.5415  1.37%   228 1655s
 23863  7589 14688.8580   23  257 14866.2200 14662.6597  1.37%   228 1668s
 24073  7648 14787.9443   24  302 14866.2200 14663.2618  1.37%   228 1682s
 24283  7700 14858.5409   42   65 14866.2200 14663.6700  1.36%   228 1696s
 24498  7788 14793.0394   28  388 14866.2200 14664.9739  1.35%   229 1710s
 24734  7874     cutoff   42      14866.2200 14665.9176  1.35%   229 1725s
 24950  7930 14722.6506   27  282 14866.2200 14666.8360  1.34%   229 1739s
 25048  7930 14816.1215   37  269 14866.2200 14667.1326  1.34%   229 1740s
 25140  8006     cutoff   32      14866.2200 14667.1451  1.34%   229 1755s
 25365  8064 14819.3858   39  294 14866.2200 14667.6810  1.34%   229 1769s
 25534  8064 14717.6641   26  180 14866.2200 14668.2233  1.33%   230 1770s
 25611  8149 14731.7102   24  190 14866.2200 14668.2434  1.33%   230 1784s
 25811  8208 14783.1146   28  347 14866.2200 14668.9246  1.33%   230 1798s
 26008  8263 14741.9564   26  236 14866.2200 14669.6553  1.32%   230 1812s
 26197  8327 14844.5515   27  257 14866.2200 14670.0758  1.32%   231 1826s
 26397  8379 14785.1760   31  269 14866.2200 14670.7809  1.31%   231 1841s
 26580  8420 14799.8307   25  267 14866.2200 14671.4149  1.31%   232 1855s
 26774  8497     cutoff   39      14866.2200 14672.1825  1.31%   232 1870s
 27022  8531 14796.3174   26  298 14866.2200 14672.7520  1.30%   232 1884s
 27072  8531 14857.4593   44   33 14866.2200 14672.7520  1.30%   232 1885s
 27202  8613 14764.4849   26  309 14866.2200 14673.4006  1.30%   233 1899s
 27241  8613 14712.2778   18  245 14866.2200 14673.4006  1.30%   233 1900s
 27433  8709 14804.1400   39  254 14866.2200 14673.8346  1.29%   233 1914s
 27564  8709     cutoff   33      14866.2200 14674.4773  1.29%   233 1915s
 27679  8808 14841.2789   23  211 14866.2200 14674.5686  1.29%   233 1929s
 27942  8870 14853.9272   35  204 14866.2200 14675.1115  1.29%   233 1944s
 28128  8919     cutoff   29      14866.2200 14675.6770  1.28%   234 1957s
 28330  8980 14791.3028   33  214 14866.2200 14676.0566  1.28%   234 1972s
 28513  9070     cutoff   35      14866.2200 14676.8515  1.27%   234 1987s
 28753  9131 14776.1136   25  170 14866.2200 14677.3722  1.27%   235 2001s
 28950  9197 14829.6493   43  160 14866.2200 14677.9000  1.27%   235 2015s
 29133  9278 14846.1852   27  253 14866.2200 14678.5448  1.26%   235 2030s
 29366  9330     cutoff   30      14866.2200 14679.2220  1.26%   236 2044s
 29563  9370     cutoff   30      14866.2200 14679.7387  1.25%   236 2066s
 29685  9429     cutoff   36      14866.2200 14680.0629  1.25%   236 2084s
 29890  9512 14779.9323   22  260 14866.2200 14680.6948  1.25%   236 2099s
 29967  9512 14854.4761   31   97 14866.2200 14680.6948  1.25%   236 2100s
 30086  9562 14758.3811   25  250 14866.2200 14681.0047  1.25%   237 2114s
 30188  9562 14860.8847   44  131 14866.2200 14681.0047  1.25%   237 2115s
 30271  9634     cutoff   22      14866.2200 14681.5342  1.24%   237 2129s
 30338  9634 14839.2483   37  125 14866.2200 14681.5342  1.24%   237 2130s
 30500  9684 14832.5526   35  205 14866.2200 14682.2486  1.24%   237 2145s
 30705  9753 14784.4683   25  240 14866.2200 14682.8536  1.23%   238 2160s
 30922  9787 14800.8756   25  139 14866.2200 14683.3935  1.23%   238 2174s
 31098  9830 14848.7902   27  297 14866.2200 14684.1003  1.23%   238 2189s
 31300  9884 14784.2365   34   75 14866.2200 14684.6528  1.22%   239 2204s
 31385  9884 14801.4917   26  167 14866.2200 14684.6528  1.22%   239 2205s
 31532  9932 14833.2773   32  270 14866.2200 14684.9986  1.22%   239 2219s
 31710  9973 14794.9415   28  315 14866.2200 14685.5984  1.21%   239 2233s
 31886 10023 infeasible   37      14866.2200 14686.0321  1.21%   240 2248s
 32090 10091 14820.4673   37  249 14866.2200 14686.7275  1.21%   240 2263s
 32322 10123 14826.6384   29  267 14866.2200 14687.2455  1.20%   241 2279s
 32535 10177 14818.7683   26  215 14866.2200 14687.7364  1.20%   241 2295s
 32748 10233 14842.9603   36  195 14866.2200 14688.2182  1.20%   241 2310s
 32979 10315 14737.6577   30  295 14866.2200 14688.8989  1.19%   241 2327s
 33246 10366 14830.9710   31  353 14866.2200 14689.1525  1.19%   241 2342s
 33426 10405     cutoff   44      14866.2200 14689.5281  1.19%   242 2357s
 33623 10476 14786.4414   27  210 14866.2200 14690.0777  1.18%   242 2373s
 33827 10532 14750.2637   24  275 14866.2200 14690.7120  1.18%   243 2389s
 34026 10532 14839.9048   29  212 14866.2200 14691.0439  1.18%   243 2390s
 34069 10584     cutoff   38      14866.2200 14691.1356  1.18%   243 2404s
 34272 10644 14786.9349   33  309 14866.2200 14691.5929  1.17%   243 2420s
 34474 10711     cutoff   28      14866.2200 14691.9881  1.17%   244 2436s
 34704 10796 14715.6486   36  203 14866.2200 14692.3271  1.17%   244 2451s
 34951 10850     cutoff   31      14866.2200 14693.1403  1.16%   244 2466s
 35151 10898     cutoff   37      14866.2200 14693.6740  1.16%   244 2482s
 35391 10912 14753.3871   25  327 14866.2200 14694.1121  1.16%   244 2551s
 35405 10942     cutoff   32      14866.2200 14694.1363  1.16%   244 2566s
 35606 10994 14847.8790   36  337 14866.2200 14694.8366  1.15%   245 2582s
 35829 11056     cutoff   33      14866.2200 14695.1515  1.15%   245 2599s
 36075 11090 14849.2701   34  196 14866.2200 14695.8010  1.15%   245 2615s
 36314 11129 14751.7613   32  344 14866.2200 14696.2202  1.14%   246 2630s
 36524 11214     cutoff   31      14866.2200 14696.8071  1.14%   246 2646s
 36808 11285 14754.0074   31  155 14866.2200 14697.6040  1.13%   246 2663s
 37093 11346 14842.6250   34  145 14866.2200 14697.8853  1.13%   246 2679s
 37314 11397     cutoff   37      14866.2200 14698.4429  1.13%   246 2695s
 37538 11473     cutoff   27      14866.2200 14699.0499  1.12%   246 2712s
 37789 11514 14796.5035   23  227 14866.2200 14699.6346  1.12%   246 2728s
 38019 11554 14765.1221   27  190 14866.2200 14699.9824  1.12%   247 2744s
 38156 11554 14771.8354   24  227 14866.2200 14699.9824  1.12%   247 2745s
 38260 11618 14771.9352   25  206 14866.2200 14700.7252  1.11%   247 2762s
 38490 11675     cutoff   32      14866.2200 14701.1071  1.11%   247 2779s
 38758 11739 14787.3666   24  386 14866.2200 14701.6086  1.11%   247 2796s
 39015 11793 14831.9302   27  228 14866.2200 14702.0566  1.10%   247 2814s
 39146 11794 14801.9266   26  180 14866.2200 14702.0566  1.10%   247 2815s
 39271 11833     cutoff   29      14866.2200 14702.6177  1.10%   247 2831s
 39482 11883 14762.3766   27  324 14866.2200 14703.0843  1.10%   248 2848s
 39714 11934 14836.3772   24  169 14866.2200 14703.6284  1.09%   248 2865s
 39986 11985 14834.4424   24  235 14866.2200 14704.0006  1.09%   248 2881s
 40195 12046 14794.2799   28  362 14866.2200 14704.4695  1.09%   248 2897s
 40405 12112     cutoff   26      14866.2200 14704.6972  1.09%   249 2914s
 40660 12177 14806.2463   32  271 14866.2200 14705.2879  1.08%   249 2931s
 40936 12250 14824.3683   25  233 14866.2200 14706.0812  1.08%   249 2950s
 41226 12297 14835.4865   31  293 14866.2200 14706.4020  1.08%   249 2968s
 41473 12347 14749.3197   31  306 14866.2200 14706.8091  1.07%   249 2986s
