




arguments: ./build/bc_mirp -f ./input/orig_exec_145.cfg
Current dir: /scratch/gui/bc_mirp
File verbosity level: 9
date       time         ( uptime  ) [ thread name/id ]                   file:line     v| 
2021-02-08 05:18:46.464 (   0.176s) [main thread     ]             loguru.cpp:789   INFO| Logging to './output/vi_vc+vr/OU/V2/Original/execution_08_02_2021_05_18_46.log', mode: 'a', verbosity: 9
--------------------------------------------------------------------------------
Parameters
                           instance_path           ./input/Instances/Original/4/
                            model_policy                                       1
                             nb_vehicles                                       2
                              output_dir       ./output/vi_vc+vr/OU/V2/Original/
                            sec_strategy                                       1
                       solver_nb_threads                                       2
                         solver_show_log                                    true
                       solver_time_limit                                    3600
                              use_vi_cos                                   false
                              use_vi_cus                                   false
                         use_vi_hc1_full                                   false
                         use_vi_hc1_half                                   false
                      use_vi_hc1_quarter                                   false
                              use_vi_hc2                                   false
                              use_vi_hc3                                   false
                         use_vi_lex_full                                   false
                         use_vi_lex_half                                   false
                      use_vi_lex_quarter                                   false
                              use_vi_qua                                   false
                               use_vi_vc                                    true
                               use_vi_vr                                    true
--------------------------------------------------------------------------------
executing instance: ./input/Instances/Original/4/absH3low_3n30.dat
--------------------------------------------------------------------------------
Instance details
n	31
H	3
C	2841
Li:
[0, 0, 0, 0, 0, 0, 0, 0, 0, 0, 0, 0, 0, 0, 0, 0, 0, 0, 0, 0, 0, 0, 0, 0, 0, 0, 0, 0, 0, 0, 0, ]
Ui:
[0, 246, 98, 54, 144, 171, 192, 180, 165, 98, 122, 198, 297, 144, 130, 129, 219, 138, 142, 150, 108, 66, 64, 285, 180, 204, 276, 168, 240, 198, 122, ]
Distance matrix:
|0	172	56	166	260	198	42	197	296	110	91	112	238	275	323	183	330	232	175	181	162	191	232	280	201	139	356	185	266	216	26	|
|172	0	178	223	320	335	153	355	444	62	231	99	333	376	214	352	176	235	194	106	47	41	353	161	299	175	225	43	326	374	153	|
|56	178	0	110	204	162	93	233	336	125	144	148	187	226	358	180	313	284	123	152	182	185	282	252	256	88	329	177	210	251	42	|
|166	223	110	0	102	150	199	327	431	194	253	237	113	156	431	228	296	386	44	140	248	208	389	218	366	48	287	200	108	344	148	|
|260	320	204	102	0	156	296	391	493	296	340	339	66	90	531	263	362	486	127	226	349	300	469	278	454	148	334	292	6	406	245	|
|198	335	162	150	156	0	239	255	351	286	245	307	93	106	518	111	442	423	194	280	344	335	349	367	352	182	437	327	158	266	199	|
|42	153	93	199	296	239	0	203	296	91	82	76	278	316	284	217	322	191	201	186	133	180	217	281	177	165	356	175	302	222	52	|
|197	355	233	327	391	255	203	0	104	294	125	266	340	361	436	151	524	276	352	377	330	383	109	477	146	319	553	377	395	19	222	|
|296	444	336	431	493	351	296	104	0	384	214	348	440	456	488	241	617	315	456	476	412	475	113	575	176	422	651	470	497	88	322	|
|110	62	125	194	296	286	91	294	384	0	171	55	298	340	238	292	233	210	176	118	58	91	298	201	248	148	273	87	302	313	94	|
|91	231	144	253	340	245	82	125	214	171	0	141	307	339	324	184	403	187	266	266	204	261	140	363	114	230	438	256	346	144	116	|
|112	99	148	237	339	307	76	266	348	55	141	0	332	373	212	292	275	156	225	173	64	137	254	253	200	194	322	135	345	284	108	|
|238	333	187	113	66	93	278	340	440	298	307	332	0	43	536	203	404	469	153	253	354	321	427	322	420	160	385	313	67	353	229	|
|275	376	226	156	90	106	316	361	456	340	339	373	43	0	578	216	443	507	194	295	397	364	453	361	451	203	421	356	88	372	268	|
|323	214	358	431	531	518	284	436	488	238	324	212	536	578	0	498	309	176	407	320	183	245	376	344	312	383	379	251	537	451	319	|
|183	352	180	228	263	111	217	151	241	292	184	292	203	216	498	0	492	371	266	328	345	364	255	426	272	242	501	356	266	159	198	|
|330	176	313	296	362	442	322	524	617	233	403	275	404	443	309	492	0	397	253	164	218	142	529	84	475	260	72	147	367	543	306	|
|232	235	284	386	486	423	191	276	315	210	187	156	469	507	176	371	397	0	379	327	188	276	202	396	139	346	456	277	492	289	242	|
|175	194	123	44	127	194	201	352	456	176	266	225	153	194	407	266	253	379	0	101	225	174	405	174	375	36	244	166	133	370	152	|
|181	106	152	140	226	280	186	377	476	118	266	173	253	295	320	328	164	327	101	0	148	76	403	100	360	98	177	69	232	396	155	|
|162	47	182	248	349	344	133	330	412	58	204	64	354	397	183	345	218	188	225	148	0	89	316	208	259	201	270	90	355	348	149	|
|191	41	185	208	300	335	180	383	475	91	261	137	321	364	245	364	142	276	174	76	89	0	388	119	336	162	185	8	306	402	169	|
|232	353	282	389	469	349	217	109	113	298	140	254	427	453	376	255	529	202	405	403	316	388	0	497	64	369	570	384	474	112	256	|
|280	161	252	218	278	367	281	477	575	201	363	253	322	361	344	426	84	396	174	100	208	119	497	0	449	187	77	119	283	496	255	|
|201	299	256	366	454	352	177	146	176	248	114	200	420	451	312	272	475	139	375	360	259	336	64	449	0	339	521	333	460	156	223	|
|139	175	88	48	148	182	165	319	422	148	230	194	160	203	383	242	260	346	36	98	201	162	369	187	339	0	260	153	154	337	116	|
|356	225	329	287	334	437	356	553	651	273	438	322	385	421	379	501	72	456	244	177	270	185	570	77	521	260	0	187	338	572	331	|
|185	43	177	200	292	327	175	377	470	87	256	135	313	356	251	356	147	277	166	69	90	8	384	119	333	153	187	0	298	396	163	|
|266	326	210	108	6	158	302	395	497	302	346	345	67	88	537	266	367	492	133	232	355	306	474	283	460	154	338	298	0	410	251	|
|216	374	251	344	406	266	222	19	88	313	144	284	353	372	451	159	543	289	370	396	348	402	112	496	156	337	572	396	410	0	241	|
|26	153	42	148	245	199	52	222	322	94	116	108	229	268	319	198	306	242	152	155	149	169	256	255	223	116	331	163	251	241	0	|

--------------------------------------------------------------------------------
Building model...
	using lazy and cut (CVRPSEP package)
Solving IRP LP...
--------------------------------------------------------------------------------

Gurobi 9.1.0 (linux64) logging started Mon Feb  8 05:18:46 2021

Gurobi Optimizer version 9.1.0 build v9.1.0rc0 (linux64)
Thread count: 32 physical cores, 32 logical processors, using up to 2 threads
Optimize a model with 952 rows, 3280 columns and 7978 nonzeros
Model fingerprint: 0xd0e76606
Variable types: 304 continuous, 2976 integer (186 binary)
Coefficient statistics:
  Matrix range     [1e+00, 1e+03]
  Objective range  [1e-02, 7e+02]
  Bounds range     [1e+00, 3e+02]
  RHS range        [1e+00, 5e+03]
Presolve removed 425 rows and 122 columns
Presolve time: 0.07s
Presolved: 527 rows, 3158 columns, 7251 nonzeros
Variable types: 182 continuous, 2976 integer (2796 binary)

Root relaxation: objective 2.308438e+03, 580 iterations, 0.01 seconds

    Nodes    |    Current Node    |     Objective Bounds      |     Work
 Expl Unexpl |  Obj  Depth IntInf | Incumbent    BestBd   Gap | It/Node Time

     0     0 2308.43801    0   75          - 2308.43801      -     -    0s
     0     0 2629.56953    0   78          - 2629.56953      -     -    0s
     0     0 3158.80178    0  110          - 3158.80178      -     -    0s
     0     0 3159.73055    0  114          - 3159.73055      -     -    0s
     0     0 3272.06150    0  134          - 3272.06150      -     -    0s
     0     0 3398.72213    0  149          - 3398.72213      -     -    0s
     0     0 3428.10814    0  167          - 3428.10814      -     -    0s
     0     0 3429.54428    0  192          - 3429.54428      -     -    0s
     0     0 3429.94823    0  163          - 3429.94823      -     -    0s
     0     0 3437.72350    0  102          - 3437.72350      -     -    0s
     0     0 3437.78589    0  158          - 3437.78589      -     -    0s
     0     0 3445.82005    0  176          - 3445.82005      -     -    0s
     0     0 3445.82005    0  176          - 3445.82005      -     -    0s
     0     2 3446.47130    0  176          - 3446.47130      -     -    0s
   485   479 4044.50786   28    8          - 3464.29227      -  65.2    5s
*  615   502              82    4831.5900000 3464.29227  28.3%  57.1    5s
*  663   351              49    4469.6600000 3464.29227  22.5%  53.4    5s
*  707   266              47    4145.5500000 3465.55816  16.4%  52.9    6s
*  709   262              47    4133.5300000 3465.55816  16.2%  52.8    6s
H  727   243                    4094.5300000 3465.55816  15.4%  53.4    7s
H  746   242                    4083.5300000 3595.76180  11.9%  52.0    9s
   753   247 3859.16814   16  251 4083.53000 3598.83868  11.9%  51.5   10s
H  779   252                    4080.2500000 3599.30034  11.8%  55.9   14s
   785   256 3600.45109    4  268 4080.25000 3600.45109  11.8%  55.5   15s
H  885   299                    4048.5300000 3622.86365  10.5%  65.5   19s
   886   298 3772.21599   42  124 4048.53000 3622.86365  10.5%  65.7   20s
H  927   307                    4046.2500000 3622.86365  10.5%  67.9   20s
H  964   299                    4040.2500000 3622.86365  10.3%  68.5   21s
* 1251   373              64    4019.9200000 3632.88434  9.63%  67.7   24s
  1297   375 3810.95448   34  167 4019.92000 3632.88434  9.63%  67.9   25s
  1630   535 3990.60453   54  137 4019.92000 3700.06624  7.96%  73.0   30s
  1781   589     cutoff   46      4019.92000 3708.64302  7.74%  79.5   35s
H 1794   587                    4017.6400000 3709.01899  7.68%  79.9   36s
H 1871   597                    4007.6400000 3711.16784  7.40%  82.8   38s
  1927   625     cutoff   47      4007.64000 3712.09488  7.37%  85.8   40s
* 1945   459              44    3944.1200000 3718.05651  5.73%  86.1   40s
  2074   459     cutoff   38      3944.12000 3732.00719  5.38%  91.3   45s
H 2076   354                    3916.8500000 3732.00719  4.72%  91.2   45s
H 2261   369                    3914.8500000 3756.59177  4.04%  96.1   49s
  2273   366 3912.86774   36  189 3914.85000 3756.59827  4.04%  96.6   50s
  2444   307     cutoff   35      3914.85000 3809.88690  2.68%   104   55s
  2692   186     cutoff   61      3914.85000 3851.75721  1.61%   107   60s

Cutting planes:
  User: 1461
  Gomory: 16
  Cover: 157
  Implied bound: 54
  Projected implied bound: 1
  Clique: 7
  MIR: 59
  StrongCG: 3
  Flow cover: 162
  Zero half: 23
  RLT: 113
  Lazy constraints: 173

Explored 2997 nodes (311893 simplex iterations) in 62.96 seconds
Thread count was 2 (of 32 available processors)

Solution count 10: 3914.85 3916.85 3944.12 ... 4080.25

Optimal solution found (tolerance 1.00e-04)
Best objective 3.914850000000e+03, best bound 3.914850000000e+03, gap 0.0000%

User-callback calls 12940, time in user-callback 5.67 sec
================================================================================
executing instance: ./input/Instances/Original/4/absH3low_3n10.dat
--------------------------------------------------------------------------------
Instance details
n	11
H	3
C	687
Li:
[0, 0, 0, 0, 0, 0, 0, 0, 0, 0, 0, ]
Ui:
[0, 189, 44, 174, 78, 36, 198, 117, 42, 96, 240, ]
Distance matrix:
|0	209	255	286	142	156	285	317	182	161	135	|
|209	0	464	451	315	356	490	469	361	299	260	|
|255	464	0	221	202	130	74	280	189	254	273	|
|286	451	221	0	145	156	164	479	354	153	192	|
|142	315	202	145	0	73	194	388	250	53	73	|
|156	356	130	156	73	0	134	332	200	127	144	|
|285	490	74	164	194	134	0	353	256	239	267	|
|317	469	280	479	388	332	353	0	141	436	430	|
|182	361	189	354	250	200	256	141	0	296	289	|
|161	299	254	153	53	127	239	436	296	0	39	|
|135	260	273	192	73	144	267	430	289	39	0	|

--------------------------------------------------------------------------------
Building model...
	using lazy and cut (CVRPSEP package)
Solving IRP LP...
--------------------------------------------------------------------------------

Gurobi 9.1.0 (linux64) logging started Mon Feb  8 05:19:49 2021

Gurobi Optimizer version 9.1.0 build v9.1.0rc0 (linux64)
Thread count: 32 physical cores, 32 logical processors, using up to 2 threads
Optimize a model with 332 rows, 500 columns and 1478 nonzeros
Model fingerprint: 0x418e2df2
Variable types: 104 continuous, 396 integer (66 binary)
Coefficient statistics:
  Matrix range     [1e+00, 3e+02]
  Objective range  [1e-02, 5e+02]
  Bounds range     [1e+00, 2e+02]
  RHS range        [1e+00, 1e+03]
Presolve removed 145 rows and 42 columns
Presolve time: 0.02s
Presolved: 187 rows, 458 columns, 1232 nonzeros
Variable types: 62 continuous, 396 integer (336 binary)
Found heuristic solution: objective 4119.7100000

Root relaxation: objective 1.258552e+03, 255 iterations, 0.01 seconds

    Nodes    |    Current Node    |     Objective Bounds      |     Work
 Expl Unexpl |  Obj  Depth IntInf | Incumbent    BestBd   Gap | It/Node Time

     0     0 1258.55224    0   34 4119.71000 1258.55224  69.5%     -    0s
     0     0 1610.22903    0   44 4119.71000 1610.22903  60.9%     -    0s
H    0     0                    4032.7100000 1610.22903  60.1%     -    0s
     0     0 1965.19459    0   76 4032.71000 1965.19459  51.3%     -    0s
     0     0 1970.01875    0   73 4032.71000 1970.01875  51.1%     -    0s
     0     0 2065.68207    0   58 4032.71000 2065.68207  48.8%     -    0s
     0     0 2073.69508    0   75 4032.71000 2073.69508  48.6%     -    0s
     0     0 2073.69508    0   80 4032.71000 2073.69508  48.6%     -    0s
     0     0 2088.87357    0   96 4032.71000 2088.87357  48.2%     -    0s
H    0     0                    3750.0700000 2088.87357  44.3%     -    0s
H    0     0                    3521.0700000 2088.87357  40.7%     -    0s
     0     0 2094.70475    0   71 3521.07000 2094.70475  40.5%     -    0s
     0     0 2094.70475    0   83 3521.07000 2094.70475  40.5%     -    0s
     0     0 2098.94248    0   69 3521.07000 2098.94248  40.4%     -    0s
H    0     0                    3377.5900000 2098.94248  37.9%     -    0s
     0     0 2098.94248    0   74 3377.59000 2098.94248  37.9%     -    0s
     0     0 2103.00920    0  110 3377.59000 2103.00920  37.7%     -    0s
     0     0 2103.00920    0  108 3377.59000 2103.00920  37.7%     -    0s
H    0     0                    3208.5900000 2105.22422  34.4%     -    0s
     0     2 2105.22422    0  104 3208.59000 2105.22422  34.4%     -    0s
H   99   114                    3078.1600000 2174.54573  29.4%  24.4    0s
H  150   149                    2800.1000000 2180.47596  22.1%  20.9    0s
*  195   172              19    2748.1000000 2185.60000  20.5%  20.6    0s
H  205   130                    2449.1000000 2185.60000  10.8%  20.6    0s

Cutting planes:
  User: 111
  Gomory: 3
  Cover: 58
  Implied bound: 25
  Clique: 8
  MIR: 48
  StrongCG: 5
  Flow cover: 32
  GUB cover: 2
  RLT: 52
  Relax-and-lift: 7
  Lazy constraints: 74

Explored 938 nodes (21076 simplex iterations) in 1.21 seconds
Thread count was 2 (of 32 available processors)

Solution count 10: 2449.1 2748.1 2800.1 ... 4119.71

Optimal solution found (tolerance 1.00e-04)
Best objective 2.449100000000e+03, best bound 2.449100000000e+03, gap 0.0000%

User-callback calls 2397, time in user-callback 0.15 sec
================================================================================
executing instance: ./input/Instances/Original/4/absH3low_3n15.dat
--------------------------------------------------------------------------------
Instance details
n	16
H	3
C	1267
Li:
[0, 0, 0, 0, 0, 0, 0, 0, 0, 0, 0, 0, 0, 0, 0, 0, ]
Ui:
[0, 156, 267, 148, 144, 87, 33, 171, 76, 141, 270, 282, 60, 110, 172, 57, ]
Distance matrix:
|0	229	567	76	58	96	306	409	310	423	108	346	165	347	159	256	|
|229	0	482	243	279	155	375	525	251	419	158	373	65	123	329	246	|
|567	482	0	506	622	483	342	439	259	200	467	274	486	433	501	312	|
|76	243	506	0	119	88	230	337	255	352	88	272	179	347	94	194	|
|58	279	622	119	0	154	345	431	366	471	166	391	217	399	179	310	|
|96	155	483	88	154	0	266	397	224	358	17	289	92	262	176	179	|
|306	375	342	230	345	266	0	158	184	148	251	68	332	423	181	140	|
|409	525	439	337	431	397	158	0	340	244	386	201	476	581	253	298	|
|310	251	259	255	366	224	184	340	0	170	208	146	238	257	274	66	|
|423	419	200	352	471	358	148	244	170	0	341	84	396	424	323	182	|
|108	158	467	88	166	17	251	386	208	341	0	273	96	259	172	162	|
|346	373	274	272	391	289	68	201	146	84	273	0	340	400	239	127	|
|165	65	486	179	217	92	332	476	238	396	96	340	0	182	267	216	|
|347	123	433	347	399	262	423	581	257	424	259	400	182	0	423	283	|
|159	329	501	94	179	176	181	253	274	323	172	239	267	423	0	208	|
|256	246	312	194	310	179	140	298	66	182	162	127	216	283	208	0	|

--------------------------------------------------------------------------------
Building model...
	using lazy and cut (CVRPSEP package)
Solving IRP LP...
--------------------------------------------------------------------------------

Gurobi 9.1.0 (linux64) logging started Mon Feb  8 05:19:51 2021

Gurobi Optimizer version 9.1.0 build v9.1.0rc0 (linux64)
Thread count: 32 physical cores, 32 logical processors, using up to 2 threads
Optimize a model with 487 rows, 970 columns and 2653 nonzeros
Model fingerprint: 0xb9dd6e0f
Variable types: 154 continuous, 816 integer (96 binary)
Coefficient statistics:
  Matrix range     [1e+00, 6e+02]
  Objective range  [1e-02, 6e+02]
  Bounds range     [1e+00, 3e+02]
  RHS range        [1e+00, 2e+03]
Presolve removed 215 rows and 62 columns
Presolve time: 0.03s
Presolved: 272 rows, 908 columns, 2286 nonzeros
Variable types: 92 continuous, 816 integer (726 binary)
Found heuristic solution: objective 5998.7600000

Root relaxation: objective 1.641402e+03, 273 iterations, 0.01 seconds

    Nodes    |    Current Node    |     Objective Bounds      |     Work
 Expl Unexpl |  Obj  Depth IntInf | Incumbent    BestBd   Gap | It/Node Time

     0     0 1641.40180    0   42 5998.76000 1641.40180  72.6%     -    0s
H    0     0                    5620.7600000 1641.40180  70.8%     -    0s
     0     0 1898.05136    0   35 5620.76000 1898.05136  66.2%     -    0s
     0     0 2329.97129    0   44 5620.76000 2329.97129  58.5%     -    0s
H    0     0                    5486.7600000 2329.97129  57.5%     -    0s
     0     0 2390.03212    0   55 5486.76000 2390.03212  56.4%     -    0s
     0     0 2390.03212    0   55 5486.76000 2390.03212  56.4%     -    0s
     0     0 2448.08471    0  105 5486.76000 2448.08471  55.4%     -    0s
     0     0 2469.61750    0  105 5486.76000 2469.61750  55.0%     -    0s
     0     0 2471.08571    0  111 5486.76000 2471.08571  55.0%     -    0s
     0     0 2471.62126    0  111 5486.76000 2471.62126  55.0%     -    0s
     0     0 2559.15251    0   79 5486.76000 2559.15251  53.4%     -    0s
     0     0 2559.94391    0   81 5486.76000 2559.94391  53.3%     -    0s
     0     0 2566.23308    0   82 5486.76000 2566.23308  53.2%     -    0s
     0     0 2566.23308    0   82 5486.76000 2566.23308  53.2%     -    0s
     0     2 2583.80586    0   82 5486.76000 2583.80586  52.9%     -    0s
H   57    65                    5453.7600000 2602.91121  52.3%  49.9    0s
*  111   109              47    4612.1200000 2602.91121  43.6%  34.9    1s
*  112   109              47    4567.1200000 2602.91121  43.0%  34.6    1s
H  169   138                    4190.4900000 2602.91121  37.9%  29.2    1s
H  246   172                    4012.6300000 2652.96649  33.9%  36.2    1s
*  390   287              49    3984.0700000 2674.16838  32.9%  40.7    2s
H  733   494                    3955.0700000 2725.61451  31.1%  42.1    3s
H  745   477                    3921.0700000 2725.61451  30.5%  41.4    4s
   753   482 3492.68741   35  146 3921.07000 2725.61451  30.5%  41.0    5s
*  787   481              25    3106.3000000 2738.96652  11.8%  46.4    5s
* 1105   332              22    3096.6800000 3014.23092  2.66%  52.4    7s
* 1128   287              25    3081.5600000 3064.08526  0.57%  51.7    7s

Cutting planes:
  User: 317
  Gomory: 5
  Cover: 91
  Implied bound: 29
  Clique: 12
  MIR: 42
  Flow cover: 102
  GUB cover: 2
  Zero half: 17
  RLT: 65
  Lazy constraints: 67

Explored 1151 nodes (59816 simplex iterations) in 7.71 seconds
Thread count was 2 (of 32 available processors)

Solution count 10: 3081.56 3096.68 3106.3 ... 4612.12

Optimal solution found (tolerance 1.00e-04)
Best objective 3.081560000000e+03, best bound 3.081560000000e+03, gap 0.0000%

User-callback calls 3968, time in user-callback 0.50 sec
================================================================================
executing instance: ./input/Instances/Original/4/absH3low_2n45.dat
--------------------------------------------------------------------------------
Instance details
n	46
H	3
C	3171
Li:
[0, 0, 0, 0, 0, 0, 0, 0, 0, 0, 0, 0, 0, 0, 0, 0, 0, 0, 0, 0, 0, 0, 0, 0, 0, 0, 0, 0, 0, 0, 0, 0, 0, 0, 0, 0, 0, 0, 0, 0, 0, 0, 0, 0, 0, 0, ]
Ui:
[0, 246, 160, 78, 20, 87, 144, 40, 20, 82, 60, 96, 24, 136, 160, 108, 160, 26, 228, 51, 24, 240, 231, 70, 32, 105, 174, 114, 246, 126, 132, 76, 22, 42, 255, 132, 148, 162, 66, 111, 102, 240, 123, 201, 297, 78, ]
Distance matrix:
|0	148	402	550	329	420	187	318	366	280	504	273	233	333	112	344	379	481	113	593	159	523	261	424	90	359	163	461	413	240	105	299	265	89	371	462	339	273	495	22	41	439	369	506	563	468	|
|148	0	284	517	394	284	136	369	244	311	496	166	329	355	223	202	338	388	204	565	254	506	118	346	71	423	173	471	336	118	105	352	198	105	248	428	302	305	487	153	179	441	230	497	517	370	|
|402	284	0	350	448	80	228	406	42	343	382	129	456	350	412	126	219	131	382	395	410	371	180	137	314	466	289	400	137	167	389	401	169	316	39	280	217	342	373	394	414	362	108	380	324	106	|
|550	517	350	0	339	429	385	308	374	295	93	375	431	249	481	461	180	239	458	48	445	57	474	214	496	333	387	160	216	424	601	321	320	471	376	90	217	301	93	530	534	146	452	88	52	262	|
|329	394	448	339	0	513	282	42	438	105	255	363	115	108	221	484	259	431	217	365	172	289	436	362	333	30	224	189	353	380	423	47	291	296	443	285	240	107	251	307	294	193	495	260	378	437	|
|420	284	80	429	513	0	267	473	76	408	462	163	509	421	449	86	298	201	421	474	455	451	167	217	330	533	333	478	217	181	386	466	225	341	70	360	291	406	453	416	438	440	59	460	400	176	|
|187	136	228	385	282	267	0	249	199	186	360	104	248	224	184	214	207	294	155	432	189	371	155	237	113	308	68	336	227	101	216	236	78	98	205	296	168	181	350	174	190	305	231	360	390	283	|
|318	369	406	308	42	473	249	0	397	66	229	325	128	67	216	447	218	389	206	337	168	260	402	320	311	61	196	167	311	345	406	19	252	275	403	248	198	70	223	296	286	164	457	233	344	395	|
|366	244	42	374	438	76	199	397	0	332	397	96	436	346	383	90	228	168	354	420	385	389	139	161	277	458	263	408	158	128	349	391	150	282	6	298	218	331	388	359	380	370	78	395	352	144	|
|280	311	343	295	105	408	186	66	332	0	231	259	142	53	191	380	171	337	173	332	150	257	337	267	258	127	139	182	258	280	359	58	186	223	338	222	143	6	224	258	254	164	390	234	323	340	|
|504	496	382	93	255	462	360	229	397	231	0	375	356	180	422	478	173	293	403	110	381	36	474	248	463	245	345	68	246	419	568	244	308	433	400	104	200	237	9	482	482	67	474	5	142	312	|
|273	166	129	375	363	163	104	325	96	259	375	0	347	283	288	121	202	221	259	423	292	376	99	183	186	386	170	370	175	52	269	315	76	187	102	288	177	256	365	265	285	333	133	374	365	204	|
|233	329	456	431	115	509	248	128	436	142	356	347	0	181	121	462	311	472	128	463	76	386	398	403	260	141	180	294	392	349	334	111	287	224	442	362	280	139	350	212	194	289	479	360	463	472	|
|333	355	350	249	108	421	224	67	346	53	180	283	181	0	244	403	152	324	226	283	201	207	369	256	307	118	186	129	247	311	409	74	208	273	351	183	136	59	173	311	307	113	410	183	282	331	|
|112	223	412	481	221	449	184	216	383	191	422	288	121	244	0	387	327	461	30	521	49	447	313	396	152	250	125	371	385	273	214	196	249	121	389	400	288	185	415	91	74	355	408	425	503	454	|
|344	202	126	461	484	86	214	447	90	380	478	121	462	403	387	0	305	256	360	508	400	473	84	250	255	507	282	482	246	115	302	437	196	271	90	382	288	377	469	343	367	444	28	476	441	232	|
|379	338	219	180	259	298	207	218	228	171	173	202	311	152	327	305	0	172	301	227	300	174	302	105	318	270	217	180	97	249	423	221	141	296	232	90	40	173	164	361	368	142	303	172	184	180	|
|481	388	131	239	431	201	294	389	168	337	293	221	472	324	461	256	172	0	432	280	446	273	300	70	400	442	337	330	80	271	490	391	217	391	167	191	194	339	286	468	483	294	239	289	203	26	|
|113	204	382	458	217	421	155	206	354	173	403	259	128	226	30	360	301	432	0	499	52	426	287	367	133	246	95	355	356	246	208	187	219	100	360	376	261	167	395	90	81	337	381	406	478	425	|
|593	565	395	48	365	474	432	337	420	332	110	423	463	283	521	508	227	280	499	0	482	77	521	260	542	356	431	178	262	472	647	352	368	516	422	137	264	338	114	573	576	174	499	106	78	304	|
|159	254	410	445	172	455	189	168	385	150	381	292	76	201	49	400	300	446	52	482	0	407	331	378	184	201	122	327	367	286	258	149	242	150	391	367	263	144	374	137	122	314	419	384	470	441	|
|523	506	371	57	289	451	371	260	389	257	36	376	386	207	447	473	174	273	426	77	407	0	475	234	477	280	363	104	234	422	583	275	313	449	392	91	205	263	38	503	504	97	468	31	108	294	|
|261	118	180	474	436	167	155	402	139	337	474	99	398	369	313	84	302	300	287	521	331	475	0	275	173	462	220	465	268	58	219	390	168	193	142	388	275	333	464	261	286	430	111	473	462	279	|
|424	346	137	214	362	217	237	320	161	267	248	183	403	256	396	250	105	70	367	260	378	234	275	0	348	374	274	274	11	234	444	321	159	335	163	145	124	269	239	409	422	237	239	245	191	76	|
|90	71	314	496	333	330	113	311	277	258	463	186	260	307	152	255	318	400	133	542	184	477	173	348	0	362	121	430	338	150	106	293	190	37	282	406	279	252	454	88	113	403	280	464	502	386	|
|359	423	466	333	30	533	308	61	458	127	245	386	141	118	250	507	270	442	246	356	201	280	462	374	362	0	252	178	365	406	453	73	313	325	463	286	254	130	242	336	324	187	517	250	374	449	|
|163	173	289	387	224	333	68	196	263	139	345	170	180	186	125	282	217	337	95	431	122	363	220	274	121	252	0	310	263	168	225	180	124	88	269	300	177	133	337	144	152	284	299	347	400	330	|
|461	471	400	160	189	478	336	167	408	182	68	370	294	129	371	482	180	330	355	178	327	104	465	274	430	178	310	0	269	408	534	184	297	398	412	142	194	188	66	439	436	38	482	73	206	345	|
|413	336	137	216	353	217	227	311	158	258	246	175	392	247	385	246	97	80	356	262	367	234	268	11	338	365	263	269	0	226	434	312	149	324	160	143	115	259	237	399	411	232	237	243	196	84	|
|240	118	167	424	380	181	101	345	128	280	419	52	349	311	273	115	249	271	246	472	286	422	58	234	150	406	168	408	226	0	223	333	111	160	133	336	219	276	409	235	258	373	136	418	416	252	|
|105	105	389	601	423	386	216	406	349	359	568	269	334	409	214	302	423	490	208	647	258	583	219	444	106	453	225	534	434	223	0	388	289	137	353	511	384	353	559	123	145	508	330	570	606	473	|
|299	352	401	321	47	466	236	19	391	58	244	315	111	74	196	437	221	391	187	352	149	275	390	321	293	73	180	184	312	333	388	0	243	257	396	258	197	60	238	276	267	178	448	248	355	395	|
|265	198	169	320	291	225	78	252	150	186	308	76	287	208	249	196	141	217	219	368	242	313	168	159	190	313	124	297	149	111	289	243	0	176	156	231	109	183	299	251	266	262	205	308	319	207	|
|89	105	316	471	296	341	98	275	282	223	433	187	224	273	121	271	296	391	100	516	150	449	193	335	37	325	88	398	324	160	137	257	176	0	287	382	256	217	424	78	98	372	295	434	480	379	|
|371	248	39	376	443	70	205	403	6	338	400	102	442	351	389	90	232	167	360	422	391	392	142	163	282	463	269	412	160	133	353	396	156	287	0	301	222	336	391	365	386	374	77	398	353	143	|
|462	428	280	90	285	360	296	248	298	222	104	288	362	183	400	382	90	191	376	137	367	91	388	145	406	286	300	142	143	336	511	258	231	382	301	0	127	226	96	443	448	110	376	100	103	209	|
|339	302	217	217	240	291	168	198	218	143	200	177	280	136	288	288	40	194	261	264	263	205	275	124	279	254	177	194	115	219	384	197	109	256	222	127	0	145	190	321	328	157	289	199	224	198	|
|273	305	342	301	107	406	181	70	331	6	237	256	139	59	185	377	173	339	167	338	144	263	333	269	252	130	133	188	259	276	353	60	183	217	336	226	145	0	230	251	248	170	388	240	328	341	|
|495	487	373	93	251	453	350	223	388	224	9	365	350	173	415	469	164	286	395	114	374	38	464	239	454	242	337	66	237	409	559	238	299	424	391	96	190	230	0	474	474	61	465	11	141	305	|
|22	153	394	530	307	416	174	296	359	258	482	265	212	311	91	343	361	468	90	573	137	503	261	409	88	336	144	439	399	235	123	276	251	78	365	443	321	251	474	0	26	418	367	485	544	456	|
|41	179	414	534	294	438	190	286	380	254	482	285	194	307	74	367	368	483	81	576	122	504	286	422	113	324	152	436	411	258	145	267	266	98	386	448	328	248	474	26	0	416	391	484	550	472	|
|439	441	362	146	193	440	305	164	370	164	67	333	289	113	355	444	142	294	337	174	314	97	430	237	403	187	284	38	232	373	508	178	262	372	374	110	157	170	61	418	416	0	444	71	187	309	|
|369	230	108	452	495	59	231	457	78	390	474	133	479	410	408	28	303	239	381	499	419	468	111	239	280	517	299	482	237	136	330	448	205	295	77	376	289	388	465	367	391	444	0	472	429	214	|
|506	497	380	88	260	460	360	233	395	234	5	374	360	183	425	476	172	289	406	106	384	31	473	245	464	250	347	73	243	418	570	248	308	434	398	100	199	240	11	485	484	71	472	0	137	309	|
|563	517	324	52	378	400	390	344	352	323	142	365	463	282	503	441	184	203	478	78	470	108	462	191	502	374	400	206	196	416	606	355	319	480	353	103	224	328	141	544	550	187	429	137	0	228	|
|468	370	106	262	437	176	283	395	144	340	312	204	472	331	454	232	180	26	425	304	441	294	279	76	386	449	330	345	84	252	473	395	207	379	143	209	198	341	305	456	472	309	214	309	228	0	|

--------------------------------------------------------------------------------
Building model...
	using lazy and cut (CVRPSEP package)
Solving IRP LP...
--------------------------------------------------------------------------------

Gurobi 9.1.0 (linux64) logging started Mon Feb  8 05:19:58 2021

Gurobi Optimizer version 9.1.0 build v9.1.0rc0 (linux64)
Thread count: 32 physical cores, 32 logical processors, using up to 2 threads
Optimize a model with 1417 rows, 6940 columns and 16003 nonzeros
Model fingerprint: 0x73c9765e
Variable types: 454 continuous, 6486 integer (276 binary)
Coefficient statistics:
  Matrix range     [1e+00, 2e+03]
  Objective range  [1e-02, 6e+02]
  Bounds range     [1e+00, 3e+02]
  RHS range        [1e+00, 5e+03]
Presolve removed 503 rows and 116 columns
Presolve time: 0.07s
Presolved: 914 rows, 6824 columns, 15111 nonzeros
Variable types: 338 continuous, 6486 integer (6216 binary)

Root relaxation: objective 2.539073e+03, 786 iterations, 0.02 seconds

    Nodes    |    Current Node    |     Objective Bounds      |     Work
 Expl Unexpl |  Obj  Depth IntInf | Incumbent    BestBd   Gap | It/Node Time

     0     0 2539.07262    0  132          - 2539.07262      -     -    0s
     0     0 3007.93041    0  124          - 3007.93041      -     -    0s
     0     0 3013.00533    0  126          - 3013.00533      -     -    0s
     0     0 3557.01948    0  187          - 3557.01948      -     -    0s
     0     0 3592.90595    0  151          - 3592.90595      -     -    0s
     0     0 3597.33794    0  157          - 3597.33794      -     -    0s
     0     0 3600.23331    0  189          - 3600.23331      -     -    0s
     0     0 3605.20143    0  168          - 3605.20143      -     -    0s
     0     0 3615.49647    0  127          - 3615.49647      -     -    0s
     0     0 3621.11892    0  183          - 3621.11892      -     -    0s
     0     0 3635.31819    0  211          - 3635.31819      -     -    0s
     0     0 3647.96197    0  206          - 3647.96197      -     -    0s
     0     0 3662.81465    0  190          - 3662.81465      -     -    0s
     0     0 3662.93024    0  196          - 3662.93024      -     -    0s
     0     0 3738.31502    0  204          - 3738.31502      -     -    1s
     0     0 3772.32320    0  189          - 3772.32320      -     -    1s
     0     0 3788.74127    0  218          - 3788.74127      -     -    1s
     0     0 3793.28369    0  240          - 3793.28369      -     -    1s
     0     0 3796.52578    0  257          - 3796.52578      -     -    1s
     0     0 3796.80069    0  259          - 3796.80069      -     -    1s
     0     0 3821.90312    0  184          - 3821.90312      -     -    1s
     0     0 3829.99139    0  229          - 3829.99139      -     -    2s
     0     0 3841.38973    0  253          - 3841.38973      -     -    2s
     0     0 3844.67380    0  257          - 3844.67380      -     -    2s
     0     0 3846.61569    0  269          - 3846.61569      -     -    2s
     0     0 3861.36461    0  291          - 3861.36461      -     -    2s
     0     0 3869.36285    0  324          - 3869.36285      -     -    2s
     0     0 3873.86499    0  329          - 3873.86499      -     -    2s
     0     0 3874.25672    0  314          - 3874.25672      -     -    2s
     0     0 3884.31655    0  335          - 3884.31655      -     -    2s
     0     0 3884.31655    0  305          - 3884.31655      -     -    2s
     0     2 3885.81445    0  336          - 3885.81445      -     -    3s
    32    35 3955.96809   12  208          - 3899.37792      -   217    5s
   272   291 4754.54342   64   86          - 3899.37792      -   114   10s
   716   666 7430.07000  197    -          - 3903.14615      -  60.7   15s
   745   687 5078.64446   95  361          - 3933.44889      -  60.0   20s
   764   700 5571.63735  141  379          - 3951.31791      -  58.5   25s
   767   702 4401.74508   56  378          - 3954.33045      -  58.3   30s
   783   715 4020.12311   19  209          - 3993.47761      -  75.1   35s
   831   750 4622.90377   33   83          - 3993.47761      -  87.8   40s
   941   823 4534.44858   38  139          - 3993.47761      -  90.6   45s
  1069   907 6294.57000  131    -          - 3993.47761      -  86.5   50s
  1209   986 6355.06154  189   17          - 3993.47761      -  82.4   55s
  1321  1012 4038.26215   21  374          - 3994.64844      -  79.5   60s
  1378  1047 4234.43795   26  352          - 3994.64844      -  82.7   65s
  1447  1108 4372.33722   29  424          - 3994.64844      -  87.3   71s
  1513  1158 4309.52441   30  387          - 3994.64844      -  88.4   75s
  1611  1241 4396.53151   39  339          - 3994.64844      -  88.1   80s
  1731  1346 4420.02148   47  329          - 3994.64844      -  85.4   85s
* 1845  1327             296    8149.0900000 3994.64844  51.0%  82.5   89s
* 1848  1292             297    8111.9100000 3994.64844  50.8%  82.4   89s
* 1849  1260             298    8104.5100000 3994.64844  50.7%  82.3   89s
  1890  1220 4457.66565   66  217 8104.51000 3994.64844  50.7%  82.2   91s
  1918  1246 4606.66033   78  117 8104.51000 3994.64844  50.7%  84.2   95s
  1952  1265 4652.93404   91  149 8104.51000 3994.64844  50.7%  86.4  105s
  1980  1283 4827.82360  102  137 8104.51000 3994.64844  50.7%  88.6  112s
  2009  1320 4841.03724  107  185 8104.51000 3994.64844  50.7%  89.9  116s
  2047  1350 4914.96377  127  150 8104.51000 3994.64844  50.7%  90.4  120s
  2125  1405 5161.02789  164   35 8104.51000 3994.64844  50.7%  90.8  127s
  2187  1453 5276.75553  190   19 8104.51000 3994.64844  50.7%  90.0  130s
  2304  1547 5317.40047  234   14 8104.51000 3994.64844  50.7%  87.5  136s
  2372  1581 5343.33165  284   18 8104.51000 3994.64844  50.7%  85.9  146s
  2431  1649 5365.78056  294   15 8104.51000 3998.14801  50.7%  84.7  150s
  2556  1639 4354.92656   30  277 8104.51000 3998.14801  50.7%  83.8  156s
  2571  1707 4405.91984   38  247 8104.51000 3998.14801  50.7%  85.1  160s
  2644  1841 4421.18897   42  105 8104.51000 3998.14801  50.7%  84.4  165s
  2803  1861 4535.82393   49  100 8104.51000 3998.14801  50.7%  83.0  172s
  2813  1896 4529.25510   57  144 8104.51000 3998.14801  50.7%  83.5  175s
H 2893  1980                    8103.1800000 3998.14801  50.7%  84.5  182s
  2932  2003 4822.49258  110  115 8103.18000 3998.14801  50.7%  85.3  186s
  2963  2103 4847.42215  117   57 8103.18000 3998.14801  50.7%  85.2  193s
  3055  2247 5529.44692  151    5 8103.18000 3998.14801  50.7%  84.4  198s
  3203  2424 5837.18892  158   81 8103.18000 3998.14801  50.7%  82.0  203s
  3380  2559 6121.69355  183   25 8103.18000 3998.14801  50.7%  79.6  209s
  3477  2559 7412.02594  347   17 8103.18000 3998.14801  50.7%  78.2  210s
  3547  2567 6546.65589  229   56 8103.18000 3998.14801  50.7%  77.2  221s
  3549  2661 6615.25690  228   56 8103.18000 4030.61204  50.3%  77.3  226s
  3721  2755 7777.26000  273   16 8103.18000 4036.76960  50.2%  75.4  232s
  3815  2807     cutoff  277      8103.18000 4036.78205  50.2%  75.0  237s
  3874  2898     cutoff  282      8103.18000 4039.00592  50.2%  75.5  243s
  3978  3078 4553.39756   26  256 8103.18000 4039.00592  50.2%  75.2  251s
  4153  3161 4846.34270   36   75 8103.18000 4039.00592  50.2%  73.7  257s
  4270  3210 5932.64478  106   36 8103.18000 4049.24825  50.0%  73.6  263s
  4356  3237 6922.19000  147   12 8103.18000 4053.80420  50.0%  73.6  269s
  4391  3280 7203.82000  154    6 8103.18000 4079.32861  49.7%  74.6  275s
  4471  3309 8101.13000  174    - 8103.18000 4079.78663  49.7%  75.0  281s
  4497  3346 4250.87305   24  277 8103.18000 4079.78663  49.7%  76.2  286s
  4531  3388 4387.22441   31  167 8103.18000 4079.78663  49.7%  77.3  291s
  4573  3428 4487.65852   41   50 8103.18000 4079.78663  49.7%  78.5  297s
  4613  3502 4525.53323   56  228 8103.18000 4079.78663  49.7%  79.6  302s
  4687  3640 4583.18807   93  197 8103.18000 4079.78663  49.7%  80.6  308s
  4825  3756 5565.69293  177   24 8103.18000 4080.12164  49.6%  80.6  316s
  5033  3885 6341.26000  203   14 8103.18000 4088.90778  49.5%  79.5  324s
  5136  4044 6576.25000  214   16 8103.18000 4090.27484  49.5%  79.8  334s
  5341  4096 6695.17000  218    - 8103.18000 4092.67289  49.5%  78.8  342s
  5401  4129 6828.65000  218    - 8103.18000 4095.77664  49.5%  79.7  349s
  5449  4162 6846.70000  218    8 8103.18000 4106.95465  49.3%  81.0  356s
  5508  4191 6894.65000  219    - 8103.18000 4108.91461  49.3%  81.9  363s
  5555  4255 4337.15654   25  253 8103.18000 4110.66530  49.3%  82.5  370s
  5606  4406 4598.25000   40    8 8103.18000 4110.66530  49.3%  83.5  381s
  5797  4562 4951.97078   55   89 8103.18000 4110.66530  49.3%  82.6  409s
  5886  4563 4577.15628  155   56 8103.18000 4110.66530  49.3%  83.1  410s
  5936  4808 5547.92706   96   26 8103.18000 4110.66530  49.3%  82.6  422s
  6238  5031 5866.09172  105   35 8103.18000 4115.45653  49.2%  80.6  435s
  6518  5083 7379.63000  188    - 8103.18000 4124.69474  49.1%  79.0  445s
  6547  5131 7396.25000  187    - 8103.18000 4129.27994  49.0%  80.2  454s
* 6606  5098             261    7864.5100000 4130.68436  47.5%  80.2  454s
  6667  5137 7662.91000  195    6 7864.51000 4135.43680  47.4%  80.1  463s
  6743  5311 7682.88667  196   10 7864.51000 4135.73765  47.4%  80.4  474s
  6932  5364 7755.86000  201   26 7864.51000 4135.76098  47.4%  79.7  486s
  7019  5646 4542.74412   35  153 7864.51000 4141.20234  47.3%  80.4  499s
  7126  5647 4993.90439   76    7 7864.51000 4141.20234  47.3%  80.6  500s
  7349  6197 4774.74471   80   37 7864.51000 4141.20234  47.3%  78.6  521s
  7749  6251 7334.35000  226    8 7864.51000 4141.20234  47.3%  75.8  525s
  8151  6379 5184.28000  106   29 7864.51000 4144.30046  47.3%  73.2  538s
  8244  6420 5625.87000  136    - 7864.51000 4145.14255  47.3%  74.0  548s
  8288  6498 5791.91000  136    - 7864.51000 4148.75991  47.2%  74.9  558s
  8396  6616 7070.73000  174    - 7864.51000 4149.50968  47.2%  75.5  569s
