




arguments: ./build/mirp_solver -f ./input/orig_exec_39.cfg
Current dir: /scratch/gui/bnc_mirp
File verbosity level: 9
date       time         ( uptime  ) [ thread name/id ]                   file:line     v| 
2021-01-09 03:28:35.006 (   5.072s) [main thread     ]             loguru.cpp:789   INFO| Logging to './output/vi_lex_quarter/OU/V5/Original/execution_09_01_2021_03_28_33.log', mode: 'a', verbosity: 9
--------------------------------------------------------------------------------
Parameters
                           instance_path           ./input/Instances/Original/1/
                            model_policy                                       1
                             nb_vehicles                                       5
                              output_dir ./output/vi_lex_quarter/OU/V5/Original/
                            sec_strategy                                       1
                       solver_nb_threads                                       2
                         solver_show_log                                    true
                       solver_time_limit                                    3600
                              use_vi_cos                                   false
                              use_vi_cus                                   false
                         use_vi_hc1_full                                   false
                         use_vi_hc1_half                                   false
                      use_vi_hc1_quarter                                   false
                              use_vi_hc2                                   false
                              use_vi_hc3                                   false
                         use_vi_lex_full                                   false
                         use_vi_lex_half                                   false
                      use_vi_lex_quarter                                    true
                              use_vi_qua                                   false
                               use_vi_vc                                   false
                               use_vi_vr                                   false
--------------------------------------------------------------------------------
executing instance: ./input/Instances/Original/1/absH3high_1n5.dat
--------------------------------------------------------------------------------
Instance details
n	6
H	3
C	289
Li:
[0, 0, 0, 0, 0, 0, ]
Ui:
[0, 195, 105, 116, 72, 22, ]
Distance matrix:
|0	85	349	17	203	289	|
|85	0	265	102	214	226	|
|349	265	0	366	368	238	|
|17	102	366	0	207	302	|
|203	214	368	207	0	431	|
|289	226	238	302	431	0	|

--------------------------------------------------------------------------------
Building model...
	using lazy and cut (CVRPSEP package)
Solving IRP LP...
--------------------------------------------------------------------------------

Gurobi 9.1.0 (linux64) logging started Sat Jan  9 03:28:42 2021

Gurobi Optimizer version 9.1.0 build v9.1.0rc0 (linux64)
Thread count: 32 physical cores, 32 logical processors, using up to 2 threads
Optimize a model with 249 rows, 414 columns and 1329 nonzeros
Model fingerprint: 0xa43fec7a
Variable types: 99 continuous, 315 integer (90 binary)
Coefficient statistics:
  Matrix range     [1e+00, 2e+02]
  Objective range  [2e-01, 4e+02]
  Bounds range     [1e+00, 2e+02]
  RHS range        [1e+01, 5e+02]
Presolve removed 30 rows and 35 columns
Presolve time: 0.01s

Explored 0 nodes (0 simplex iterations) in 0.01 seconds
Thread count was 1 (of 32 available processors)

Solution count 0

Model is infeasible
Best objective -, best bound -, gap -

User-callback calls 43, time in user-callback 0.00 sec

Computing Irreducible Inconsistent Subsystem (IIS)...

           Constraints          |            Bounds           |  Runtime
      Min       Max     Guess   |   Min       Max     Guess   |
--------------------------------------------------------------------------
        0       249         -         0       569         -           0s
       36        36         -        61        61         -           4s

IIS computed: 36 constraints, 61 bounds
IIS runtime: 5.10 seconds
================================================================================
executing instance: ./input/Instances/Original/1/absH3high_1n45.dat
--------------------------------------------------------------------------------
Instance details
n	46
H	3
C	3462
Li:
[0, 0, 0, 0, 0, 0, 0, 0, 0, 0, 0, 0, 0, 0, 0, 0, 0, 0, 0, 0, 0, 0, 0, 0, 0, 0, 0, 0, 0, 0, 0, 0, 0, 0, 0, 0, 0, 0, 0, 0, 0, 0, 0, 0, 0, 0, ]
Ui:
[0, 273, 270, 36, 165, 192, 148, 45, 30, 75, 180, 198, 112, 117, 90, 64, 180, 22, 264, 174, 168, 270, 86, 66, 26, 66, 237, 156, 92, 108, 144, 72, 30, 45, 94, 54, 174, 96, 198, 136, 44, 180, 210, 249, 198, 48, ]
Distance matrix:
|0	281	201	160	249	201	93	431	236	139	252	136	116	166	390	110	349	374	303	180	327	464	236	70	44	461	346	439	363	254	312	426	305	206	71	137	169	200	247	260	20	219	256	253	460	278	|
|281	0	448	170	53	142	338	184	121	290	371	390	222	302	111	289	169	434	230	177	238	441	59	212	319	211	86	235	399	306	53	176	99	202	263	157	361	101	370	201	264	344	364	374	469	184	|
|201	448	0	285	430	325	114	556	361	171	191	64	228	174	546	294	453	306	364	289	388	435	393	254	157	585	491	536	318	254	490	554	436	407	266	292	108	388	186	337	207	181	205	190	408	364	|
|160	170	285	0	169	43	182	280	80	120	208	231	58	132	262	230	190	294	151	24	174	345	112	107	183	309	207	280	268	158	219	276	155	235	187	45	192	150	205	107	140	177	202	210	356	119	|
|249	53	430	169	0	152	317	238	145	282	377	369	212	299	157	242	215	452	261	183	273	474	76	181	290	264	140	287	421	320	63	229	145	148	221	142	352	53	374	226	234	346	370	378	498	215	|
|201	142	325	43	152	0	224	237	37	156	230	273	101	164	224	261	148	300	127	38	147	333	83	142	225	266	167	238	270	168	193	233	112	246	221	70	228	148	228	84	180	202	222	232	351	87	|
|93	338	114	182	317	224	0	460	262	92	180	52	124	112	440	199	364	307	292	191	317	415	284	140	57	490	387	452	304	208	377	457	336	297	163	181	84	274	175	256	95	152	188	180	402	280	|
|431	184	556	280	238	237	460	0	199	385	420	508	337	385	108	464	110	429	219	269	206	378	202	365	460	30	98	84	388	340	204	9	126	386	432	294	453	283	421	226	411	404	408	423	422	198	|
|236	121	361	80	145	37	262	199	0	191	255	310	138	197	191	290	114	312	118	72	133	330	69	175	262	229	132	204	279	186	174	195	75	258	251	102	262	153	254	81	216	230	246	257	353	72	|
|139	290	171	120	282	156	92	385	191	0	116	129	71	27	380	246	283	235	201	119	226	329	231	141	129	414	323	367	224	119	336	383	266	308	202	141	72	252	112	169	127	82	118	117	322	195	|
|252	371	191	208	377	230	180	420	255	116	0	187	178	90	443	361	311	127	204	195	224	246	313	257	232	446	382	380	129	81	423	421	320	422	318	242	100	355	5	195	241	34	15	2	225	224	|
|136	390	64	231	369	273	52	508	310	129	187	0	173	141	491	233	409	313	330	239	355	431	335	191	93	538	438	495	316	233	429	505	385	342	203	233	88	325	182	297	143	167	199	187	412	323	|
|116	222	228	58	212	101	124	337	138	71	178	173	0	91	319	206	244	284	187	69	212	357	165	85	130	367	265	333	264	151	267	333	213	244	161	70	140	181	175	145	97	145	177	180	359	165	|
|166	302	174	132	299	164	112	385	197	27	90	141	91	0	388	273	280	208	191	127	215	305	243	167	153	413	329	361	198	96	351	383	270	333	229	159	68	272	86	163	153	56	92	91	296	190	|
|390	111	546	262	157	224	440	108	191	380	443	491	319	388	0	399	164	480	264	261	261	456	156	320	426	125	62	186	442	369	107	99	125	300	374	260	452	210	443	252	372	420	433	446	494	227	|
|110	289	294	230	242	261	199	464	290	246	361	233	206	273	399	0	402	480	382	254	404	562	262	124	143	493	369	490	466	355	302	457	344	135	45	191	279	189	356	337	120	328	364	362	563	348	|
|349	169	453	190	215	148	364	110	114	283	311	409	244	280	164	402	0	324	110	174	101	292	151	289	372	135	109	90	284	230	212	111	70	354	364	216	348	245	312	118	329	295	298	313	330	90	|
|374	434	306	294	452	300	307	429	312	235	127	313	284	208	480	480	324	0	216	274	223	137	380	368	357	448	419	367	40	136	487	432	358	525	436	336	227	443	132	234	361	156	119	127	102	255	|
|303	230	364	151	261	127	292	219	118	201	204	330	187	191	264	382	110	216	0	128	25	213	185	258	314	243	203	176	178	123	282	221	144	372	338	193	256	270	206	45	283	193	191	206	239	46	|
|180	177	289	24	183	38	191	269	72	119	195	239	69	127	261	254	174	274	128	0	151	321	118	130	198	299	204	263	246	139	228	266	147	258	211	68	191	169	193	83	159	166	188	197	333	98	|
|327	238	388	174	273	147	317	206	133	226	224	355	212	215	261	404	101	223	25	151	0	203	198	281	339	228	202	156	184	143	288	209	146	390	362	215	280	286	226	68	308	215	210	226	235	61	|
|464	441	435	345	474	333	415	378	330	329	246	431	357	305	456	562	292	137	213	321	203	0	398	440	458	390	400	301	117	211	492	384	348	578	517	389	344	480	251	251	448	265	233	246	54	259	|
|236	59	393	112	76	83	284	202	69	231	313	335	165	243	156	262	151	380	185	118	198	398	0	167	270	231	110	233	347	250	110	195	85	203	230	103	303	95	311	150	217	284	305	315	422	139	|
|70	212	254	107	181	142	140	365	175	141	257	191	85	167	320	124	289	368	258	130	281	440	167	0	109	394	277	378	349	236	244	359	239	167	81	73	196	135	253	213	53	223	257	258	444	226	|
|44	319	157	183	290	225	57	460	262	129	232	93	130	153	426	143	372	357	314	198	339	458	270	109	0	490	379	462	351	247	353	456	334	250	110	168	140	243	226	274	56	201	238	232	449	294	|
|461	211	585	309	264	266	490	30	229	414	446	538	367	413	125	493	135	448	243	299	228	390	231	394	490	0	125	89	408	365	226	36	156	412	462	324	481	311	447	253	441	430	433	448	436	225	|
|346	86	491	207	140	167	387	98	132	323	382	438	265	329	62	369	109	419	203	204	202	400	110	277	379	125	0	155	381	307	113	90	63	288	339	211	394	186	382	190	327	359	371	384	436	165	|
|439	235	536	280	287	238	452	84	204	367	380	495	333	361	186	490	90	367	176	263	156	301	233	378	462	89	155	0	326	299	267	92	148	432	454	306	429	325	382	199	419	369	366	382	348	172	|
|363	399	318	268	421	270	304	388	279	224	129	316	264	198	442	466	284	40	178	246	184	117	347	349	351	408	381	326	0	113	452	391	321	502	422	311	229	415	134	199	348	152	118	130	98	219	|
|254	306	254	158	320	168	208	340	186	119	81	233	151	96	369	355	230	136	123	139	143	211	250	236	247	365	307	299	113	0	359	340	244	390	310	200	148	308	83	117	238	74	68	83	208	145	|
|312	53	490	219	63	193	377	204	174	336	423	429	267	351	107	302	212	487	282	228	288	492	110	244	353	226	113	267	452	359	0	195	145	194	283	199	407	115	421	254	296	394	415	425	521	237	|
|426	176	554	276	229	233	457	9	195	383	421	505	333	383	99	457	111	432	221	266	209	384	195	359	456	36	90	92	391	340	195	0	122	378	426	289	451	275	421	226	406	404	408	423	427	197	|
|305	99	436	155	145	112	336	126	75	266	320	385	213	270	125	344	70	358	144	147	146	348	85	239	334	156	63	148	321	244	145	122	0	286	310	168	336	177	320	128	285	298	309	322	381	103	|
|206	202	407	235	148	246	297	386	258	308	422	342	244	333	300	135	354	525	372	258	390	578	203	167	250	412	288	432	502	390	194	378	286	0	144	191	362	109	418	329	202	388	421	423	591	329	|
|71	263	266	187	221	221	163	432	251	202	318	203	161	229	374	45	364	436	338	211	362	517	230	81	110	462	339	454	422	310	283	426	310	144	0	150	239	168	313	294	77	285	321	319	518	306	|
|137	157	292	45	142	70	181	294	102	141	242	233	70	159	260	191	216	336	193	68	215	389	103	73	168	324	211	306	311	200	199	289	168	191	150	0	210	113	239	148	117	210	238	244	400	157	|
|169	361	108	192	352	228	84	453	262	72	100	88	140	68	452	279	348	227	256	191	280	344	303	196	140	481	394	429	229	148	407	451	336	362	239	210	0	318	95	231	164	79	111	100	325	258	|
|200	101	388	150	53	148	274	283	153	252	355	325	181	272	210	189	245	443	270	169	286	480	95	135	243	311	186	325	415	308	115	275	177	109	168	113	318	0	352	230	187	323	351	357	498	225	|
|247	370	186	205	374	228	175	421	254	112	5	182	175	86	443	356	312	132	206	193	226	251	311	253	226	447	382	382	134	83	421	421	320	418	313	239	95	352	0	196	237	30	19	6	230	224	|
|260	201	337	107	226	84	256	226	81	169	195	297	145	163	252	337	118	234	45	83	68	251	150	213	274	253	190	199	199	117	254	226	128	329	294	148	231	230	196	0	240	178	184	198	272	29	|
|20	264	207	140	234	180	95	411	216	127	241	143	97	153	372	120	329	361	283	159	308	448	217	53	56	441	327	419	348	238	296	406	285	202	77	117	164	187	237	240	0	208	245	242	446	257	|
|219	344	181	177	346	202	152	404	230	82	34	167	145	56	420	328	295	156	193	166	215	265	284	223	201	430	359	369	152	74	394	404	298	388	285	210	79	323	30	178	208	0	37	35	250	206	|
|256	364	205	202	370	222	188	408	246	118	15	199	177	92	433	364	298	119	191	188	210	233	305	257	238	433	371	366	118	68	415	408	309	421	321	238	111	351	19	184	245	37	0	17	214	212	|
|253	374	190	210	378	232	180	423	257	117	2	187	180	91	446	362	313	127	206	197	226	246	315	258	232	448	384	382	130	83	425	423	322	423	319	244	100	357	6	198	242	35	17	0	225	226	|
|460	469	408	356	498	351	402	422	353	322	225	412	359	296	494	563	330	102	239	333	235	54	422	444	449	436	436	348	98	208	521	427	381	591	518	400	325	498	230	272	446	250	214	225	0	285	|
|278	184	364	119	215	87	280	198	72	195	224	323	165	190	227	348	90	255	46	98	61	259	139	226	294	225	165	172	219	145	237	197	103	329	306	157	258	225	224	29	257	206	212	226	285	0	|

--------------------------------------------------------------------------------
Building model...
	using lazy and cut (CVRPSEP package)
Solving IRP LP...
--------------------------------------------------------------------------------

Gurobi 9.1.0 (linux64) logging started Sat Jan  9 03:28:47 2021

Gurobi Optimizer version 9.1.0 build v9.1.0rc0 (linux64)
Thread count: 32 physical cores, 32 logical processors, using up to 2 threads
Optimize a model with 1849 rows, 17074 columns and 38689 nonzeros
Model fingerprint: 0x8f3fb67c
Variable types: 859 continuous, 16215 integer (690 binary)
Coefficient statistics:
  Matrix range     [1e+00, 2e+03]
  Objective range  [1e-01, 6e+02]
  Bounds range     [1e+00, 3e+02]
  RHS range        [1e+01, 6e+03]
Presolve removed 184 rows and 46 columns
Presolve time: 0.06s
Presolved: 1665 rows, 17028 columns, 37064 nonzeros
Variable types: 813 continuous, 16215 integer (15540 binary)

Root relaxation: objective 1.323538e+04, 1841 iterations, 0.06 seconds

    Nodes    |    Current Node    |     Objective Bounds      |     Work
 Expl Unexpl |  Obj  Depth IntInf | Incumbent    BestBd   Gap | It/Node Time

     0     0 13235.3799    0  154          - 13235.3799      -     -    0s
     0     0 13573.4896    0  157          - 13573.4896      -     -    0s
     0     0 13968.9713    0  228          - 13968.9713      -     -    1s
     0     0 13988.3823    0  221          - 13988.3823      -     -    1s
     0     0 13989.2709    0  220          - 13989.2709      -     -    1s
     0     0 14127.8634    0  249          - 14127.8634      -     -    1s
     0     0 14134.1509    0  267          - 14134.1509      -     -    1s
     0     0 14144.0869    0  301          - 14144.0869      -     -    1s
     0     0 14145.5939    0  292          - 14145.5939      -     -    1s
     0     0 14146.1918    0  277          - 14146.1918      -     -    2s
     0     0 14253.1823    0  329          - 14253.1823      -     -    2s
     0     0 14265.4807    0  338          - 14265.4807      -     -    2s
     0     0 14266.1289    0  311          - 14266.1289      -     -    2s
     0     0 14322.6068    0  356          - 14322.6068      -     -    3s
     0     0 14344.9320    0  394          - 14344.9320      -     -    4s
     0     0 14350.0665    0  430          - 14350.0665      -     -    4s
     0     0 14350.4066    0  410          - 14350.4066      -     -    4s
     0     0 14408.7462    0  382          - 14408.7462      -     -    5s
     0     0 14411.7152    0  402          - 14411.7152      -     -    5s
     0     0 14415.6001    0  416          - 14415.6001      -     -    6s
     0     0 14418.3517    0  388          - 14418.3517      -     -    6s
     0     0 14418.8359    0  384          - 14418.8359      -     -    6s
     0     0 14458.3698    0  377          - 14458.3698      -     -    7s
     0     0 14484.6242    0  411          - 14484.6242      -     -    9s
     0     0 14533.2868    0  411          - 14533.2868      -     -    9s
     0     0 14538.4514    0  392          - 14538.4514      -     -   10s
     0     0 14541.0198    0  418          - 14541.0198      -     -   10s
     0     0 14542.4303    0  439          - 14542.4303      -     -   10s
     0     0 14563.3710    0  432          - 14563.3710      -     -   11s
     0     0 14578.2286    0  504          - 14578.2286      -     -   12s
     0     0 14579.4936    0  497          - 14579.4936      -     -   13s
     0     0 14587.2100    0  368          - 14587.2100      -     -   13s
     0     0 14593.3396    0  327          - 14593.3396      -     -   14s
     0     0 14593.6582    0  410          - 14593.6582      -     -   22s
     0     0 14596.8901    0  392          - 14596.8901      -     -   23s
     0     0 14596.9752    0  430          - 14596.9752      -     -   24s
     0     2 14596.9752    0  424          - 14596.9752      -     -   27s
     5     8 14599.1124    2  427          - 14598.2063      -   538   30s
    15    18 14631.1820    5  549          - 14599.2151      -   529   48s
    23    26 14632.6460    7  567          - 14599.2151      -   487   50s
    52    47 14702.7565   17  421          - 14599.2151      -   439   55s
    83    78 14897.7192   27  235          - 14599.2151      -   440   60s
   125   117 15105.6741   43  419          - 14599.2151      -   423   65s
   178   182 15253.8598   55  325          - 14599.2151      -   381   70s
   258   265 15461.8286   61  304          - 14599.2151      -   320   76s
   307   315 15578.6621   65  279          - 14599.2151      -   292   80s
   442   469 16081.6812   85  172          - 14599.2151      -   236   86s
   565   578 14656.4380    4  634          - 14599.3507      -   202   90s
   690   705 14678.0946    6  589          - 14599.3507      -   173   95s
   765   714 14656.5188    5  430          - 14599.3507      -   164  100s
   769   717 19263.1736  243  341          - 14599.3507      -   163  105s
   777   722 15376.4949   33  611          - 14642.6961      -   161  110s
   790   731 16410.6213  100  661          - 14663.1519      -   158  115s
   797   735 18213.6843  187  660          - 14674.7350      -   157  120s
   798   736 18886.7411  229  466          - 14677.9173      -   157  126s
   809   743 15104.3666   33  549          - 14691.9817      -   155  130s
   826   755 14847.3938   24  561          - 14699.9457      -   152  135s
   838   763 21588.3600  354  631          - 14703.4046      -   149  140s
   844   767 20748.6650  327  665          - 14704.3095      -   148  145s
   854   773 15719.3600   41  637          - 14706.0928      -   147  150s
   864   781 15254.7446   37  329          - 14706.0928      -   179  155s
   879   791 18142.8608  188  640          - 14706.1004      -   176  160s
   885   795 18905.3278  231  651          - 14706.1691      -   175  165s
   888   797 20634.8536  317  649          - 14706.1691      -   174  171s
   901   809 14994.6112   29  480          - 14718.6025      -   196  175s
   925   826 14795.2310   35  405          - 14730.8198      -   206  180s
   951   845 14850.9682   40  444          - 14730.8198      -   215  185s
   979   866 14903.8171   46  396          - 14730.8198      -   225  190s
  1019   895 14968.9037   54  350          - 14730.8198      -   230  195s
  1075   941 15042.6927   65  380          - 14730.8198      -   235  200s
  1110   958 15090.4739   69  250          - 14730.8198      -   235  205s
  1163  1008 15126.5867   76  364          - 14730.8198      -   236  210s
  1250  1078 15281.5275   84  257          - 14730.8198      -   232  215s
  1399  1191 15267.0331   97  227          - 14730.8198      -   218  221s
  1523  1214 15312.7569  104  338          - 14730.8198      -   206  226s
  1592  1235 15462.9270  113  305          - 14730.8198      -   201  230s
  1627  1255 15592.1874  125  331          - 14730.8198      -   205  235s
  1661  1283 15892.1368  136  226          - 14730.8198      -   209  240s
  1690  1307 16010.5889  145  189          - 14730.8198      -   210  246s
  1749  1346 16313.1695  168  212          - 14730.8198      -   211  252s
  1800  1400 16445.9952  187  153          - 14730.8198      -   211  256s
  1877  1452 16846.9174  213  157          - 14730.8198      -   209  261s
  1941  1485 17134.2727  240   73          - 14730.8198      -   207  265s
  1972  1483 17711.5823  250   89          - 14730.8198      -   206  276s
  1980  1565 17697.2064  252   58          - 14734.9736      -   206  280s
  2099  1563 14880.0672   30  411          - 14734.9736      -   198  285s
  2150  1601 15008.4614   42  320          - 14734.9736      -   200  290s
  2214  1634 15222.3662   65  271          - 14734.9736      -   200  295s
  2270  1684 15266.2807   80  200          - 14734.9736      -   202  300s
  2351  1759 15590.8265  104  183          - 14734.9736      -   203  307s
  2407  1818 15811.5821  120  164          - 14734.9736      -   202  311s
  2487  1865 16272.8208  140  145          - 14734.9736      -   200  316s
  2583  1857 infeasible  163               - 14735.0075      -   198  320s
  2627  1873 14906.9998   31  520          - 14735.0075      -   199  327s
  2661  1901 14935.1303   35  381          - 14735.0075      -   199  330s
  2703  1933 14973.5934   39  328          - 14735.0075      -   200  335s
  2777  1957 17354.9706  189  128          - 14735.0075      -   201  340s
  2865  2099 15131.0188   51  376          - 14735.0075      -   201  349s
  2977  2248 15213.2048   54  319          - 14735.0075      -   198  357s
  3194  2225 15279.1557   55  334          - 14735.0075      -   189  366s
  3307  2253 15321.4326   57  310          - 14735.0075      -   186  373s
  3329  2277 15330.5142   63  314          - 14735.0075      -   188  378s
  3353  2311 15493.6759   68  267          - 14735.0075      -   189  382s
  3387  2345 15610.8918   79  255          - 14735.0075      -   191  388s
  3421  2396 15672.8061   91  161          - 14735.0075      -   192  393s
  3472  2458 15935.4273  101   71          - 14735.0075      -   193  399s
  3491  2458 16008.3706  104   96          - 14735.0075      -   192  400s
  3534  2539 16215.3535  120  148          - 14735.0075      -   193  406s
  3615  2750 16475.6809  142   88          - 14748.4955      -   193  416s
  3892  2789 14792.9502   32  593          - 14748.4955      -   184  425s
  3911  2808 14929.4344   38  450          - 14748.4955      -   187  430s
  3932  2839 15084.1686   40  419          - 14748.4955      -   188  436s
  3963  2876 15158.1239   45  354          - 14748.4955      -   190  442s
  4000  2926 15127.5812   52  260          - 14748.4955      -   191  449s
  4050  2987 15202.7458   61  235          - 14748.4955      -   192  456s
  4111  3072 15318.3378   73   95          - 14748.4955      -   193  465s
  4196  3173 15640.8944   89   88          - 14748.4955      -   194  473s
  4301  3399 16251.9868  114   49          - 14750.5431      -   195  484s
  4359  3399 16707.1533  130   17          - 14750.5431      -   193  485s
  4585  3535 14829.8606   32  366          - 14750.5431      -   188  496s
  4710  3777 14887.3751   36  468          - 14750.5431      -   188  512s
  4988  3795 17887.6100  205    -          - 14750.5431      -   183  515s
  5037  3834 15014.0003   39  477          - 14750.5431      -   182  523s
  5058  3865 15095.3172   42  362          - 14750.5431      -   184  531s
  5089  3922 15171.4308   50  359          - 14750.5431      -   186  540s
  5146  4005 15434.6943   64  183          - 14750.5431      -   187  550s
  5233  4215 15586.1351   83  174          - 14750.5431      -   188  564s
  5309  4215 15958.4608  103   62          - 14750.5431      -   187  565s
  5443  4425 16082.8863  114   52          - 14751.4569      -   186  577s
  5676  4623 14965.0349   34  270          - 14751.4569      -   184  592s
  5857  4623 17248.1200  195   11          - 14751.4569      -   181  595s
  5886  4671 15217.5248   37  320          - 14751.4569      -   181  605s
  5925  4733 15354.6096   45  222          - 14751.4569      -   183  615s
  5989  4835 15469.0563   59  234          - 14751.4569      -   185  627s
  6091  5133 15666.4972   80  161          - 14751.4569      -   186  642s
  6421  5415 15859.4021  124   76          - 14756.4173      -   183  660s
  6843  5504 15112.9621   38  524          - 14772.6459      -   177  677s
  6877  5547 15247.8895   48  374          - 14772.6459      -   178  687s
  6920  5620 15336.8953   55  279          - 14772.6459      -   180  698s
  6993  5757 15529.6217   63  198          - 14772.6459      -   181  709s
  7012  5757 15568.1088   73  169          - 14772.6459      -   182  710s
  7130  5959 15692.4167   81   57          - 14772.6459      -   182  724s
  7149  5959 15916.8056   92  108          - 14772.6459      -   182  725s
  7358  6273 16151.3536  120   87          - 14777.4102      -   180  748s
  7472  6273 16629.9502  167   15          - 14777.4102      -   180  750s
  7748  6352 14944.8007   34  496          - 14777.4102      -   177  765s
  7799  6460 15489.9751   47  291          - 14777.4102      -   179  779s
  7832  6460 15638.0233   63  229          - 14777.4102      -   180  780s
  7907  6715 15670.8222   67  165          - 14777.4102      -   180  800s
  8164  6959 16068.6121  113   51          - 14778.1806      -   180  819s
  8240  6959 16424.9626  142   79          - 14778.1806      -   179  820s
  8474  7060 15267.5647   38  360          - 14782.7727      -   178  836s
  8551  7176 15590.0218   59  225          - 14782.7727      -   179  851s
  8667  7463 15903.9527   80  106          - 14783.2451      -   180  904s
  8724  7463 16195.9685  105   12          - 14783.2451      -   180  905s
  9031  7530 15044.2961   36  378          - 14783.2451      -   177  922s
  9098  7649 15305.7890   54  202          - 14783.2451      -   179  938s
  9217  7850 15755.9486   91   24          - 14790.5195      -   180  957s
  9491  8152 15227.5741   39  287          - 14790.5195      -   178  980s
  9767  8176 17080.6600  191    4          - 14790.5195      -   177  985s
  9888  8280 15435.0087   56  178          - 14790.5195      -   175 1000s
  9960  8499 15658.8907   74   86          - 14790.5195      -   177 1019s
  9979  8499 15693.4244   83  151          - 14790.5195      -   177 1020s
 10179  8840 16693.7785  132   51          - 14792.7161      -   177 1043s
 10277  8840 17059.6481  167   61          - 14792.7161      -   176 1045s
 10643  8885 17592.4400  178    -          - 14792.9701      -   173 1050s
 10661  8946 15425.2823   44  392          - 14792.9701      -   173 1063s
 10712  9053 15700.8109   64  221          - 14792.9701      -   175 1079s
 10731  9053 15805.1760   72  143          - 14792.9701      -   175 1080s
 10819  9458 16239.4080   93   14          - 14795.0176      -   176 1104s
 10857  9460 16422.0603  109   63          - 14795.0176      -   176 1105s
 11163  9496 17972.2668  197   18          - 14795.0176      -   172 1110s
 11378  9609 14909.8703   34  535          - 14795.0176      -   171 1127s
 11457  9849 15377.2798   50  372          - 14795.0176      -   172 1146s
 11639  9849 16445.9100  152   10          - 14795.0176      -   172 1150s
 11733  9980 15690.7154   63  180          - 14795.0176      -   171 1167s
 11870 10159 16211.6166   92   89          - 14802.4242      -   172 1192s
 12138 10323 15455.7947   42  374          - 14802.4242      -   171 1209s
 12157 10323 15945.7398   55  200          - 14802.4242      -   171 1210s
 12302 10698 16277.5805   69  171          - 14803.5495      -   171 1235s
 12613 10720 17656.2500  167    2          - 14803.5495      -   169 1240s
 12741 10827 15082.1059   36  485          - 14803.5495      -   169 1256s
 12835 10933 15704.2313   59  275          - 14803.5495      -   170 1269s
 12861 10933 15932.3247   69  105          - 14803.5495      -   170 1270s
 12945 11349 16113.7003   74  177          - 14803.5495      -   171 1292s
 13183 11350 16826.1106  133   34          - 14803.5495      -   170 1295s
 13502 11491 16737.7639  115   57          - 14807.9651      -   168 1313s
 13634 11582 15521.7301   40  363          - 14807.9651      -   168 1328s
 13707 11709 15911.2939   62  255          - 14807.9651      -   169 1343s
 13834 12022 16452.2223   85   36          - 14812.2794      -   170 1365s
 14209 12382 15135.6826   38  548          - 14812.2794      -   169 1390s
 14542 12407 17854.2091  157   27          - 14812.2794      -   166 1395s
 14685 12529 15849.0804   60  114          - 14812.2794      -   165 1409s
 14723 12529 16053.0475   79   77          - 14812.2794      -   166 1410s
 14777 12812 16122.3869   86  142          - 14815.1702      -   166 1432s
 15025 12824 17259.6050  164   16          - 14815.1702      -   165 1435s
 15104 12966 15180.7276   38  500          - 14815.1702      -   165 1450s
 15241 13149 15964.8945   59  205          - 14815.1702      -   166 1468s
 15315 13149 16939.5621  129   29          - 14815.1702      -   166 1470s
 15458 13477 16284.2194   82   72          - 14815.8465      -   166 1492s
 15648 13498 17601.0500  153    -          - 14815.8465      -   164 1496s
 15920 13601 15149.3167   40  542          - 14815.8465      -   163 1511s
 15977 13870 15888.2317   56  219          - 14815.8465      -   164 1530s
 16250 13879 17029.2944  140   13          - 14815.8465      -   164 1540s
 16269 14128 16442.5952   83   88          - 14817.1808      -   163 1559s
 16307 14128 16536.0055   94   30          - 14817.1808      -   163 1560s
 16675 14242 15114.3074   38  369          - 14817.2765      -   162 1578s
 16716 14319 15723.4995   60  325          - 14817.2765      -   162 1591s
 16793 14526 16029.9048   80  136          - 14817.2765      -   163 1610s
 17028 14686 16649.8959  111  109          - 14822.2391      -   163 1628s
 17227 14981 15173.6041   37  347          - 14822.2391      -   163 1653s
 17344 14992 17456.8800  138    -          - 14822.2391      -   163 1655s
 17674 15059 19397.5600  252    4          - 14822.2391      -   161 1660s
 17720 15119 15388.0389   46  258          - 14822.2391      -   161 1674s
 17759 15176 15862.4458   54  221          - 14822.2391      -   162 1688s
 17816 15273 16042.1903   73  174          - 14822.2391      -   163 1703s
 17917 15630 16372.2231   98  100          - 14826.6077      -   164 1725s
 18242 15690 18479.9360  206    9          - 14826.6077      -   162 1730s
 18461 15762 15031.9718   34  395          - 14826.9582      -   161 1746s
 18506 15855 15392.9902   46  308          - 14826.9582      -   162 1770s
 18603 16051 15807.7900   60  240          - 14826.9582      -   162 1787s
 18768 16051 16800.7478  112    4          - 14826.9582      -   162 1790s
 18821 16213 16431.9798   89  102          - 14829.8606      -   162 1812s
 19007 16372 15075.2489   37  525          - 14829.8606      -   162 1832s
 19163 16461 15957.0534   55  209          - 14829.8606      -   162 1857s
 19265 16619 16195.3348   70  268          - 14831.6555      -   163 1878s
 19380 16624 16840.5550  113   11          - 14831.6555      -   163 1880s
 19449 16754 14988.8246   34  489          - 14831.6555      -   163 1899s
 19570 16900 15537.3009   44  308          - 14831.6555      -   164 1918s
 19633 16900 17232.5827  112   60          - 14831.6555      -   164 1920s
 19728 16961 15842.3726   54  242          - 14831.6555      -   164 1934s
 19784 17055 16030.7639   68  187          - 14831.6555      -   165 1949s
 19803 17055 16080.3653   76  149          - 14831.6555      -   165 1950s
 19882 17263 16323.5774   81   93          - 14831.6555      -   165 1969s
 19920 17263 16619.9724   97  111          - 14831.6555      -   165 1970s
 20125 17427 17271.6874  123   36          - 14843.7549      -   165 1992s
 20358 17475 19085.5147  183   29          - 14843.7549      -   164 1995s
 20396 17544 15268.3660   40  407          - 14843.7549      -   164 2009s
 20459 17635 16109.2588   63  200          - 14843.7549      -   165 2025s
 20550 17811 16375.3230   80  165          - 14843.7549      -   165 2044s
 20569 17811 16414.6558   88  130          - 14843.7549      -   165 2045s
 20730 18139 17019.7303  129   41          - 14843.8512      -   166 2068s
 20846 18149 17800.9700  165    -          - 14843.8512      -   165 2070s
 21110 18173 17604.8400  173    2          - 14843.8575      -   164 2075s
 21241 18258 15373.6924   42  481          - 14843.8575      -   163 2091s
 21280 18366 15906.3422   60  247          - 14843.8575      -   164 2107s
 21390 18585 16275.1784   88   83          - 14843.9711      -   164 2127s
 21525 18594 17212.6888  132   22          - 14843.9711      -   164 2130s
 21673 18664 15315.0057   43  387          - 14843.9919      -   164 2146s
 21730 18741 16327.9444   66  225          - 14843.9919      -   164 2162s
 21809 18925 16641.2764   83  130          - 14844.2260      -   165 2184s
 21866 18926 16784.5302  107    9          - 14844.2260      -   165 2185s
 22075 19005 15060.7508   39  337          - 14844.2260      -   164 2200s
 22121 19058 15409.5359   54  343          - 14844.2260      -   165 2213s
 22174 19147 15922.6081   64  190          - 14844.2260      -   166 2228s
 22263 19437 16016.7894   75  220          - 14844.2260      -   167 2248s
 22396 19437 16550.3127  132   30          - 14844.2260      -   167 2250s
 22593 19514 17024.2100  145    -          - 14846.8655      -   166 2265s
 22694 19561 15433.5210   52  493          - 14846.8655      -   166 2279s
 22724 19605 15482.1254   59  451          - 14846.8655      -   167 2292s
 22768 19662 15609.1638   66  342          - 14846.8655      -   168 2305s
 22825 19750 15983.3599   74  139          - 14846.8655      -   168 2326s
 22913 19964 16131.5484   88  181          - 14846.8655      -   169 2344s
 22989 19964 16551.2254  118   64          - 14846.8655      -   169 2345s
 23127 20136 16699.4069  133   42          - 14848.3377      -   170 2363s
 23295 20158 16918.6953  132   27          - 14849.4057      -   169 2365s
 23376 20205 15361.5664   44  294          - 14849.4057      -   169 2381s
 23413 20253 15494.3757   54  325          - 14849.4057      -   170 2395s
 23461 20313 15676.9555   69  173          - 14849.4057      -   170 2424s
 23516 20313 15852.3172   71  158          - 14849.4057      -   171 2425s
 23521 20440 15906.7949   79  106          - 14849.4057      -   171 2443s
 23540 20440 15984.6293   87  138          - 14849.4057      -   171 2453s
 23658 20687 16167.7878  109    4          - 14849.7459      -   171 2475s
 23930 20849 15317.1587   43  307          - 14849.7459      -   171 2499s
 23987 20849 17227.3631  182   14          - 14849.7459      -   171 2500s
 24135 20924 15408.0337   54  304          - 14849.7459      -   170 2518s
 24198 21004 15664.4064   67  221          - 14849.7459      -   171 2538s
 24276 21004 16057.8030   65  185          - 14849.7459      -   172 2540s
 24282 21299 16036.6256   87  115          - 14850.0184      -   172 2559s
 24302 21299 16296.0033   96   47          - 14850.0184      -   172 2560s
 24597 21324 16877.7670  118    4          - 14850.7121      -   171 2565s
 24714 21392 15207.3805   36  520          - 14850.7121      -   170 2585s
 24744 21439 15800.9138   51  361          - 14850.7121      -   171 2600s
 24793 21531 16273.5552   68  189          - 14850.7121      -   172 2618s
 24885 21695 16758.5388   98   61          - 14851.7519      -   172 2640s
 25090 21774 15245.8698   43  334          - 14851.7519      -   172 2661s
 25149 21845 15543.5931   58  372          - 14851.7519      -   173 2678s
 25222 21946 15766.1616   70  294          - 14851.7519      -   173 2694s
 25243 21946 16206.8970   80  162          - 14851.7519      -   173 2695s
 25323 22253 16326.1054   87  104          - 14851.7519      -   174 2726s
 25597 22258 17539.4470  167    6          - 14851.7519      -   173 2730s
 25688 22410 16705.3371  112   26          - 14852.9035      -   173 2750s
 25903 22490 15149.9680   38  419          - 14852.9035      -   173 2767s
 25945 22549 15562.0890   57  296          - 14852.9035      -   173 2782s
 26004 22687 15766.5075   70  207          - 14852.9035      -   174 2800s
 26142 23014 16257.4090  107   73          - 14852.9035      -   174 2823s
 26275 23014 17033.0979  151   10          - 14852.9035      -   174 2825s
 26461 23029 17294.3081  150   22          - 14852.9035      -   174 2848s
 26511 23358 17363.0056  150   66          - 14857.4837      -   174 2868s
 26587 23358 18009.6104  173   83          - 14857.4837      -   173 2870s
 26972 23448 15065.3453   34  383          - 14857.9302      -   172 2887s
 27008 23505 15687.6044   46  318          - 14857.9302      -   172 2903s
 27065 23572 15614.2727   55  269          - 14857.9302      -   173 2934s
 27084 23572 15800.1744   62  203          - 14857.9302      -   173 2935s
 27132 23666 15847.8179   63  242          - 14857.9302      -   174 2952s
 27228 23966 16235.5430   72  172          - 14857.9302      -   174 2985s
 27533 23972 17724.7900  170    -          - 14857.9302      -   174 2990s
 27592 24321 16638.8901   96   65          - 14857.9302      -   173 3011s
 27838 24326 17605.9400  161    -          - 14857.9302      -   173 3015s
 28009 24436 17833.1100  157    -          - 14860.9883      -   172 3032s
 28134 24517 15381.5614   47  371          - 14860.9883      -   172 3047s
 28195 24664 15835.6353   65  325          - 14860.9883      -   173 3065s
 28350 24803 16130.9612   83  207          - 14861.0178      -   173 3088s
 28536 24865 15169.5057   41  482          - 14861.0178      -   173 3104s
 28569 24865 15905.8362   52  251          - 14861.0178      -   173 3105s
 28576 24946 15784.6698   54  327          - 14861.0178      -   173 3120s
 28657 25057 16437.1695   78  186          - 14861.0178      -   174 3139s
 28695 25057 16721.5288   91   81          - 14861.0178      -   174 3140s
 28768 25338 16734.3320   93   49          - 14863.0731      -   174 3159s
 28825 25340 16982.5908  117   16          - 14863.0731      -   174 3162s
 28986 25356 16717.6471  113    8          - 14863.6799      -   174 3165s
 29171 25480 15303.9907   36  278          - 14863.6799      -   173 3183s
 29254 25707 15796.4328   64   59          - 14863.6799      -   174 3208s
 29426 25712 16355.4114  143   27          - 14863.6799      -   173 3210s
 29533 26049 16690.1326  136   59          - 14864.1691      -   173 3231s
 29706 26084 18466.6100  198    8          - 14864.1691      -   173 3235s
 29993 26159 15287.9966   45  419          - 14864.4384      -   172 3254s
 30023 26159 15117.6427   40  586          - 14864.4384      -   172 3255s
 30037 26228 15655.9731   66  185          - 14864.4384      -   172 3269s
 30063 26228 15763.2456   76  207          - 14864.4384      -   173 3270s
 30106 26335 15747.5235   78  215          - 14864.4384      -   173 3287s
 30163 26335 16054.5829  102  128          - 14864.4384      -   173 3290s
 30213 26661 16213.6097  105   87          - 14865.8939      -   173 3313s
 30232 26661 16169.7672  111   41          - 14865.8939      -   173 3402s
 30368 26671 16912.1570  164   16          - 14865.8939      -   173 3405s
 30646 26766 14908.6244   36  582          - 14865.8939      -   172 3423s
 30742 26812 15490.8387   46  413          - 14865.8939      -   172 3438s
 30773 26865 16223.5864   63  255          - 14865.8939      -   173 3451s
 30826 26938 16297.9261   75  253          - 14865.8939      -   173 3480s
 30899 27056 16393.1085   86  174          - 14865.8939      -   174 3497s
 31019 27276 16655.3253  104   92          - 14865.8939      -   174 3517s
 31220 27281 16233.5838  110  149          - 14865.8939      -   174 3520s
