




arguments: ./build/mirp_solver -f ./input/orig_exec_156.cfg
Current dir: /scratch/gui/bnc_mirp
File verbosity level: 9
date       time         ( uptime  ) [ thread name/id ]                   file:line     v| 
2021-01-10 02:18:37.041 (   0.216s) [main thread     ]             loguru.cpp:789   INFO| Logging to './output/vi_lex_quarter/OU/V5/Original/execution_10_01_2021_02_18_37.log', mode: 'a', verbosity: 9
--------------------------------------------------------------------------------
Parameters
                           instance_path           ./input/Instances/Original/4/
                            model_policy                                       1
                             nb_vehicles                                       5
                              output_dir ./output/vi_lex_quarter/OU/V5/Original/
                            sec_strategy                                       1
                       solver_nb_threads                                       2
                         solver_show_log                                    true
                       solver_time_limit                                    3600
                              use_vi_cos                                   false
                              use_vi_cus                                   false
                         use_vi_hc1_full                                   false
                         use_vi_hc1_half                                   false
                      use_vi_hc1_quarter                                   false
                              use_vi_hc2                                   false
                              use_vi_hc3                                   false
                         use_vi_lex_full                                   false
                         use_vi_lex_half                                   false
                      use_vi_lex_quarter                                    true
                              use_vi_qua                                   false
                               use_vi_vc                                   false
                               use_vi_vr                                   false
--------------------------------------------------------------------------------
executing instance: ./input/Instances/Original/4/absH3low_3n30.dat
--------------------------------------------------------------------------------
Instance details
n	31
H	3
C	2841
Li:
[0, 0, 0, 0, 0, 0, 0, 0, 0, 0, 0, 0, 0, 0, 0, 0, 0, 0, 0, 0, 0, 0, 0, 0, 0, 0, 0, 0, 0, 0, 0, ]
Ui:
[0, 246, 98, 54, 144, 171, 192, 180, 165, 98, 122, 198, 297, 144, 130, 129, 219, 138, 142, 150, 108, 66, 64, 285, 180, 204, 276, 168, 240, 198, 122, ]
Distance matrix:
|0	172	56	166	260	198	42	197	296	110	91	112	238	275	323	183	330	232	175	181	162	191	232	280	201	139	356	185	266	216	26	|
|172	0	178	223	320	335	153	355	444	62	231	99	333	376	214	352	176	235	194	106	47	41	353	161	299	175	225	43	326	374	153	|
|56	178	0	110	204	162	93	233	336	125	144	148	187	226	358	180	313	284	123	152	182	185	282	252	256	88	329	177	210	251	42	|
|166	223	110	0	102	150	199	327	431	194	253	237	113	156	431	228	296	386	44	140	248	208	389	218	366	48	287	200	108	344	148	|
|260	320	204	102	0	156	296	391	493	296	340	339	66	90	531	263	362	486	127	226	349	300	469	278	454	148	334	292	6	406	245	|
|198	335	162	150	156	0	239	255	351	286	245	307	93	106	518	111	442	423	194	280	344	335	349	367	352	182	437	327	158	266	199	|
|42	153	93	199	296	239	0	203	296	91	82	76	278	316	284	217	322	191	201	186	133	180	217	281	177	165	356	175	302	222	52	|
|197	355	233	327	391	255	203	0	104	294	125	266	340	361	436	151	524	276	352	377	330	383	109	477	146	319	553	377	395	19	222	|
|296	444	336	431	493	351	296	104	0	384	214	348	440	456	488	241	617	315	456	476	412	475	113	575	176	422	651	470	497	88	322	|
|110	62	125	194	296	286	91	294	384	0	171	55	298	340	238	292	233	210	176	118	58	91	298	201	248	148	273	87	302	313	94	|
|91	231	144	253	340	245	82	125	214	171	0	141	307	339	324	184	403	187	266	266	204	261	140	363	114	230	438	256	346	144	116	|
|112	99	148	237	339	307	76	266	348	55	141	0	332	373	212	292	275	156	225	173	64	137	254	253	200	194	322	135	345	284	108	|
|238	333	187	113	66	93	278	340	440	298	307	332	0	43	536	203	404	469	153	253	354	321	427	322	420	160	385	313	67	353	229	|
|275	376	226	156	90	106	316	361	456	340	339	373	43	0	578	216	443	507	194	295	397	364	453	361	451	203	421	356	88	372	268	|
|323	214	358	431	531	518	284	436	488	238	324	212	536	578	0	498	309	176	407	320	183	245	376	344	312	383	379	251	537	451	319	|
|183	352	180	228	263	111	217	151	241	292	184	292	203	216	498	0	492	371	266	328	345	364	255	426	272	242	501	356	266	159	198	|
|330	176	313	296	362	442	322	524	617	233	403	275	404	443	309	492	0	397	253	164	218	142	529	84	475	260	72	147	367	543	306	|
|232	235	284	386	486	423	191	276	315	210	187	156	469	507	176	371	397	0	379	327	188	276	202	396	139	346	456	277	492	289	242	|
|175	194	123	44	127	194	201	352	456	176	266	225	153	194	407	266	253	379	0	101	225	174	405	174	375	36	244	166	133	370	152	|
|181	106	152	140	226	280	186	377	476	118	266	173	253	295	320	328	164	327	101	0	148	76	403	100	360	98	177	69	232	396	155	|
|162	47	182	248	349	344	133	330	412	58	204	64	354	397	183	345	218	188	225	148	0	89	316	208	259	201	270	90	355	348	149	|
|191	41	185	208	300	335	180	383	475	91	261	137	321	364	245	364	142	276	174	76	89	0	388	119	336	162	185	8	306	402	169	|
|232	353	282	389	469	349	217	109	113	298	140	254	427	453	376	255	529	202	405	403	316	388	0	497	64	369	570	384	474	112	256	|
|280	161	252	218	278	367	281	477	575	201	363	253	322	361	344	426	84	396	174	100	208	119	497	0	449	187	77	119	283	496	255	|
|201	299	256	366	454	352	177	146	176	248	114	200	420	451	312	272	475	139	375	360	259	336	64	449	0	339	521	333	460	156	223	|
|139	175	88	48	148	182	165	319	422	148	230	194	160	203	383	242	260	346	36	98	201	162	369	187	339	0	260	153	154	337	116	|
|356	225	329	287	334	437	356	553	651	273	438	322	385	421	379	501	72	456	244	177	270	185	570	77	521	260	0	187	338	572	331	|
|185	43	177	200	292	327	175	377	470	87	256	135	313	356	251	356	147	277	166	69	90	8	384	119	333	153	187	0	298	396	163	|
|266	326	210	108	6	158	302	395	497	302	346	345	67	88	537	266	367	492	133	232	355	306	474	283	460	154	338	298	0	410	251	|
|216	374	251	344	406	266	222	19	88	313	144	284	353	372	451	159	543	289	370	396	348	402	112	496	156	337	572	396	410	0	241	|
|26	153	42	148	245	199	52	222	322	94	116	108	229	268	319	198	306	242	152	155	149	169	256	255	223	116	331	163	251	241	0	|

--------------------------------------------------------------------------------
Building model...
	using lazy and cut (CVRPSEP package)
Solving IRP LP...
--------------------------------------------------------------------------------

Gurobi 9.1.0 (linux64) logging started Sun Jan 10 02:18:37 2021

Gurobi Optimizer version 9.1.0 build v9.1.0rc0 (linux64)
Thread count: 32 physical cores, 32 logical processors, using up to 2 threads
Optimize a model with 1249 rows, 8014 columns and 19048 nonzeros
Model fingerprint: 0x32a12405
Variable types: 574 continuous, 7440 integer (465 binary)
Coefficient statistics:
  Matrix range     [1e+00, 6e+02]
  Objective range  [1e-02, 7e+02]
  Bounds range     [1e+00, 3e+02]
  RHS range        [3e+01, 5e+03]
Presolve removed 124 rows and 31 columns
Presolve time: 0.05s
Presolved: 1125 rows, 7983 columns, 18053 nonzeros
Variable types: 543 continuous, 7440 integer (6990 binary)

Root relaxation: objective 2.463279e+03, 1458 iterations, 0.05 seconds

    Nodes    |    Current Node    |     Objective Bounds      |     Work
 Expl Unexpl |  Obj  Depth IntInf | Incumbent    BestBd   Gap | It/Node Time

     0     0 2463.27864    0  100          - 2463.27864      -     -    0s
     0     0 2657.46988    0  115          - 2657.46988      -     -    0s
     0     0 2657.48190    0  112          - 2657.48190      -     -    0s
     0     0 3120.37064    0  157          - 3120.37064      -     -    0s
     0     0 3201.20494    0  182          - 3201.20494      -     -    0s
     0     0 3201.79246    0  185          - 3201.79246      -     -    0s
     0     0 3201.80641    0  183          - 3201.80641      -     -    0s
     0     0 3333.61319    0  216          - 3333.61319      -     -    1s
     0     0 3347.19449    0  231          - 3347.19449      -     -    1s
     0     0 3359.23809    0  232          - 3359.23809      -     -    1s
     0     0 3363.93369    0  219          - 3363.93369      -     -    1s
     0     0 3364.08784    0  221          - 3364.08784      -     -    1s
     0     0 3414.66526    0  224          - 3414.66526      -     -    1s
     0     0 3417.79638    0  213          - 3417.79638      -     -    1s
     0     0 3418.00507    0  213          - 3418.00507      -     -    1s
     0     0 3473.86405    0  272          - 3473.86405      -     -    2s
     0     0 3487.45404    0  288          - 3487.45404      -     -    2s
     0     0 3488.15096    0  339          - 3488.15096      -     -    2s
     0     0 3576.20774    0  288          - 3576.20774      -     -    2s
     0     0 3601.58506    0  337          - 3601.58506      -     -    3s
     0     0 3609.74487    0  382          - 3609.74487      -     -    3s
     0     0 3612.50825    0  383          - 3612.50825      -     -    3s
     0     0 3615.43831    0  416          - 3615.43831      -     -    3s
     0     0 3617.20501    0  404          - 3617.20501      -     -    3s
     0     0 3617.42178    0  412          - 3617.42178      -     -    3s
     0     0 3631.10622    0  308          - 3631.10622      -     -    4s
     0     0 3632.56542    0  359          - 3632.56542      -     -    4s
     0     0 3641.28591    0  303          - 3641.28591      -     -    4s
     0     0 3645.70405    0  306          - 3645.70405      -     -    5s
     0     2 3651.18290    0  302          - 3651.18290      -     -    6s
    40    43 3737.85241   13  347          - 3673.48188      -   336   10s
    98   106 3895.85698   31  226          - 3673.48188      -   363   15s
   178   189 4523.98183   50  192          - 3673.48188      -   339   20s
   294   298 5406.08608   87   94          - 3673.48188      -   292   26s
   477   483 7807.31500  190    6          - 3684.13964      -   211   30s
*  497   485             202    8141.3700000 3684.13964  54.7%   203   30s
   544   509 3856.17234    8  367 8141.37000 3684.13964  54.7%   219   35s
   619   624 4085.82330   14  297 8141.37000 3684.13964  54.7%   218   40s
   710   694 4005.68556   16  322 8141.37000 3684.13964  54.7%   203   46s
H  762   661                    7845.9800000 3684.13964  53.0%   199   49s
   764   662 7845.98000  199  214 7845.98000 3684.13964  53.0%   198   50s
H  778   639                    7496.9800000 3849.98499  48.6%   207   54s
   780   640 5611.09782  104  204 7496.98000 3849.98499  48.6%   207   55s
   794   649 5907.01267  112  534 7496.98000 3867.42001  48.4%   203   61s
   806   657 4120.40293   19  544 7496.98000 3889.55740  48.1%   200   65s
   815   663 5264.59099  128  544 7496.98000 3892.69851  48.1%   198   70s
   843   685 3916.14287   34  453 7496.98000 3913.06571  47.8%   224   75s
   874   708 3975.95149   42  433 7496.98000 3930.11102  47.6%   234   80s
   922   743 4125.39878   52  362 7496.98000 3930.11102  47.6%   244   85s
   967   778 4304.11841   60  279 7496.98000 3930.11102  47.6%   251   90s
  1022   807 4489.57513   70  193 7496.98000 3930.11102  47.6%   255   96s
H 1053   794                    7462.9800000 3930.11102  47.3%   256   97s
  1078   822 4570.26005   81  272 7462.98000 3930.11102  47.3%   255  100s
  1144   875 4652.61187   93  290 7462.98000 3930.11102  47.3%   255  105s
  1288   999 5055.59857  115  181 7462.98000 3930.11102  47.3%   243  110s
  1351  1012 5173.17356  122  160 7462.98000 3930.11102  47.3%   237  115s
  1510  1130 5763.73108  158   61 7462.98000 3930.11102  47.3%   222  120s
  1642  1129 4250.47842   38  287 7462.98000 3939.97425  47.2%   219  126s
  1682  1162 4398.56236   43  273 7462.98000 3939.97425  47.2%   223  131s
  1728  1205 4572.15860   48  239 7462.98000 3939.97425  47.2%   226  136s
  1786  1249 4834.36886   56  188 7462.98000 3939.97425  47.2%   227  140s
  1875  1361 4978.96608   62  120 7462.98000 3939.97425  47.2%   225  153s
  1986  1367 5016.94940   65  129 7462.98000 3939.97425  47.2%   217  157s
  2061  1388 5114.34531   72  147 7462.98000 3939.97425  47.2%   212  160s
  2181  1534 5459.22039  104   30 7462.98000 3939.97425  47.2%   209  166s
* 2321  1276             127    6274.9500000 3941.50100  37.2%   201  169s
  2370  1260     cutoff  138      6274.95000 3941.50100  37.2%   197  170s
  2440  1268 4257.41944   50  192 6274.95000 3941.50100  37.2%   202  179s
H 2445   996                    5542.4600000 3941.50100  28.9%   202  179s
H 2460   910                    5376.1900000 3941.50100  26.7%   203  182s
H 2471   888                    5336.4600000 3941.50100  26.1%   204  182s
  2499   950 4482.51742   55  170 5336.46000 3941.50100  26.1%   204  185s
  2573   960 4518.74977   64  191 5336.46000 3941.50100  26.1%   203  190s
  2619  1039 4862.82764   74  163 5336.46000 3941.50100  26.1%   206  195s
  2754  1110     cutoff  104      5336.46000 3962.35386  25.7%   205  202s
  2799  1136 4342.81663   37  348 5336.46000 3962.35386  25.7%   206  206s
  2861  1178 4033.74290   36  539 5336.46000 3966.09010  25.7%   209  213s
  2896  1197 4199.62225   42  418 5336.46000 3966.09010  25.7%   211  216s
  2946  1246 4439.49653   51  238 5336.46000 3966.09010  25.7%   214  223s
  2972  1275 4485.74998   57  279 5336.46000 3966.09010  25.7%   216  227s
  3001  1314 4596.09090   65  280 5336.46000 3966.09010  25.7%   218  231s
  3040  1369 4722.66059   76  257 5336.46000 3966.09010  25.7%   219  235s
  3118  1397 5113.25135   90  225 5336.46000 3968.46034  25.6%   219  240s
  3202  1486 4634.29152   51  290 5336.46000 3973.02460  25.5%   221  249s
  3273  1509 4179.82144   39  518 5336.46000 3973.02460  25.5%   221  254s
  3308  1549 4738.39674   51  385 5336.46000 4006.00288  24.9%   223  258s
  3364  1597 4250.12821   41  379 5336.46000 4006.00288  24.9%   223  263s
  3419  1635 4350.20695   46  362 5336.46000 4006.00288  24.9%   224  268s
  3457  1673 4620.95299   55  260 5336.46000 4006.00288  24.9%   225  273s
  3503  1698     cutoff   71      5336.46000 4006.81744  24.9%   227  279s
  3558  1723 4282.44245   47  422 5336.46000 4008.27195  24.9%   229  284s
  3583  1748 4434.33183   51  327 5336.46000 4008.27195  24.9%   231  290s
  3608  1794 4460.95163   56  388 5336.46000 4008.27195  24.9%   234  295s
  3654  1883 4572.34246   64  327 5336.46000 4008.27195  24.9%   235  302s
  3759  1948 4853.49282   76  257 5336.46000 4008.27195  24.9%   234  308s
  3824  1983 5258.53484  101  125 5336.46000 4009.84453  24.9%   235  314s
  3887  2042 4606.82513   49  324 5336.46000 4012.82286  24.8%   236  321s
  3974  2085 4299.44404   40  316 5336.46000 4012.87896  24.8%   236  329s
  4033  2121 4910.90354   58  270 5336.46000 4016.80662  24.7%   237  337s
H 4057  2068                    5286.4600000 4016.80662  24.0%   237  337s
  4077  2103 4408.35508   51  305 5286.46000 4016.80662  24.0%   238  344s
  4149  2135     cutoff   78      5286.46000 4022.71699  23.9%   239  351s
  4199  2196 4846.85083   49  275 5286.46000 4023.68132  23.9%   241  360s
  4287  2260 4245.03621   46  516 5286.46000 4024.24464  23.9%   240  370s
H 4316  2247                    5274.4600000 4024.24464  23.7%   241  370s
  4351  2295 4979.45125   76  186 5274.46000 4025.02782  23.7%   241  377s
  4421  2339 4307.91567   48  359 5274.46000 4032.02360  23.6%   242  386s
  4483  2381 4320.88428   36  428 5274.46000 4032.02414  23.6%   244  395s
  4525  2462 4701.96934   46  260 5274.46000 4032.02414  23.6%   246  404s
H 4551  2452                    5266.1900000 4032.02414  23.4%   246  404s
  4603  2452 5091.24634   72  118 5266.19000 4032.02414  23.4%   246  405s
  4610  2465     cutoff   70      5266.19000 4033.83042  23.4%   246  417s
H 4638  2407                    5233.4600000 4038.29972  22.8%   246  417s
  4654  2479 4402.77053   43  337 5233.46000 4040.64200  22.8%   246  427s
H 4693  2395                    5198.0700000 4048.84561  22.1%   248  427s
  4748  2443 4332.19965   33  420 5198.07000 4048.84891  22.1%   247  436s
  4811  2504 4416.16044   37  303 5198.07000 4048.84891  22.1%   249  446s
  4882  2583 4827.57693   52  186 5198.07000 4048.84891  22.1%   250  458s
  4980  2613     cutoff   80      5198.07000 4053.76283  22.0%   250  468s
H 4981  2586                    5186.0700000 4053.76283  21.8%   250  468s
  5048  2656     cutoff   58      5186.07000 4055.63708  21.8%   252  479s
  5132  2711 4618.37820   52  345 5186.07000 4057.58335  21.8%   253  490s
  5207  2770 4330.65711   52  407 5186.07000 4060.94860  21.7%   255  501s
  5297  2838 4502.77702   41  275 5186.07000 4063.31538  21.6%   257  512s
  5382  2922 4739.71576   44  320 5186.07000 4063.78588  21.6%   259  525s
  5492  3030 4888.45813   67  279 5186.07000 4067.38819  21.6%   260  538s
  5630  3092 5100.98514   98   86 5186.07000 4067.97922  21.6%   259  551s
  5738  3173 4567.71910   46  429 5186.07000 4074.16953  21.4%   261  564s
  5847  3282 4188.80511   37  429 5186.07000 4077.35149  21.4%   262  579s
  5976  3370 4362.47221   37  366 5186.07000 4077.63595  21.4%   262  592s
  6088  3425 4759.92485   53  337 5186.07000 4079.26735  21.3%   263  606s
  6173  3533 4259.43222   38  403 5186.07000 4090.94035  21.1%   265  620s
  6296  3594 4426.12211   40  326 5186.07000 4090.95353  21.1%   265  635s
  6371  3693 4824.52151   50  292 5186.07000 4096.18413  21.0%   268  650s
  6529  3825 4502.05531   51  283 5186.07000 4099.01238  21.0%   268  665s
  6698  3908 5022.11009   53  371 5186.07000 4099.85310  20.9%   267  681s
  6797  4008 4519.49383   49  371 5186.07000 4106.91786  20.8%   268  696s
  6897  4112 4868.77177   69  246 5186.07000 4107.06607  20.8%   270  711s
  7059  4215 4393.79073   52  363 5186.07000 4108.90497  20.8%   270  726s
  7193  4350 4505.86377   39  320 5186.07000 4113.06737  20.7%   271  741s
  7347  4430 5009.84302   66  176 5186.07000 4115.86116  20.6%   271  761s
  7452  4508 4294.98103   38  311 5186.07000 4116.60115  20.6%   273  778s
  7530  4641 4549.18716   54  306 5186.07000 4116.60115  20.6%   276  798s
  7705  4773 4785.59887   61  216 5186.07000 4120.31301  20.6%   277  818s
  7881  4875 4178.34180   34  465 5186.07000 4125.40045  20.5%   277  837s
  8005  4995 4653.15996   49  334 5186.07000 4126.60186  20.4%   278  856s
  8168  5122 4756.43127   63  273 5186.07000 4133.06365  20.3%   279  876s
H 8360  5027                    5142.1100000 4137.46109  19.5%   278  897s
  8482  5172 4775.75459   65  174 5142.11000 4141.90801  19.5%   278  917s
  8671  5310 4907.17263   43  131 5142.11000 4150.29226  19.3%   278  937s
  8867  5432 4315.00338   41  269 5142.11000 4153.00355  19.2%   278  956s
  9017  5538 4754.92234   66  292 5142.11000 4155.06018  19.2%   278  975s
  9156  5760 4403.67949   44  349 5142.11000 4158.34314  19.1%   279  996s
  9431  5910 4604.84014   45  209 5142.11000 4160.40653  19.1%   278 1017s
  9672  6033 4491.00642   44  262 5142.11000 4163.65184  19.0%   277 1036s
  9810  6091 4779.86233   60  186 5142.11000 4167.00902  19.0%   278 1109s
  9840  6091 5032.64929   57  251 5142.11000 4167.00902  19.0%   278 1110s
  9870  6238 4991.52649   74   96 5142.11000 4167.63383  19.0%   278 1130s
 10122  6338 4777.49023   47  267 5142.11000 4170.33668  18.9%   277 1151s
 10265  6447 4367.40817   47  493 5142.11000 4171.09955  18.9%   279 1172s
 10419  6565 4579.54759   42  347 5142.11000 4171.86439  18.9%   280 1193s
 10591  6705 4946.27222   72  203 5142.11000 4175.03891  18.8%   281 1214s
 10638  6705 4996.03357   73   76 5142.11000 4175.03891  18.8%   280 1215s
 10800  6829 4791.01275   64  322 5142.11000 4177.70350  18.8%   281 1237s
 10984  6954 4609.05696   41  343 5142.11000 4178.93079  18.7%   281 1259s
 11161  7096 4711.26476   57  339 5142.11000 4179.27846  18.7%   282 1282s
 11318  7249 4874.25811   56  235 5142.11000 4180.12395  18.7%   283 1304s
 11449  7249 5007.48225   82  114 5142.11000 4181.31082  18.7%   284 1305s
 11519  7365 4948.20289   53  244 5142.11000 4183.40696  18.6%   284 1325s
 11688  7454 4927.53146   71  302 5142.11000 4187.45965  18.6%   284 1346s
 11795  7612 4592.38452   53  370 5142.11000 4188.42073  18.5%   287 1369s
 12015  7695     cutoff   63      5142.11000 4188.77992  18.5%   287 1393s
H12016  6168                    4994.1100000 4188.77992  16.1%   287 1393s
 12137  6268 4865.76894   52  292 4994.11000 4190.07898  16.1%   287 1415s
 12314  6404 4616.31433   47  314 4994.11000 4191.16390  16.1%   288 1437s
 12512  6534 4578.09722   52  254 4994.11000 4193.51047  16.0%   289 1459s
 12710  6682 4599.98728   42  161 4994.11000 4196.08192  16.0%   289 1481s
 12935  6805 4958.46826   58  198 4994.11000 4198.96214  15.9%   289 1504s
 13152  6937 4800.70460   48  311 4994.11000 4203.70115  15.8%   289 1526s
 13320  7072 4620.41080   59  329 4994.11000 4204.89779  15.8%   289 1548s
 13523  7226 4389.37701   43  358 4994.11000 4209.76782  15.7%   290 1570s
 13729  7308 infeasible   92      4994.11000 4211.46750  15.7%   289 1593s
 13880  7424 4916.33364   52  107 4994.11000 4213.03077  15.6%   291 1615s
 14051  7521 4606.95489   52  195 4994.11000 4215.16528  15.6%   291 1637s
 14222  7651 4601.39450   46  401 4994.11000 4217.16874  15.6%   292 1659s
 14326  7651 4631.86472   46  220 4994.11000 4219.10754  15.5%   292 1660s
 14416  7744     cutoff   60      4994.11000 4219.35384  15.5%   292 1681s
 14565  7846 4469.94278   43  497 4994.11000 4222.02762  15.5%   293 1703s
 14746  7992 4499.79892   45  365 4994.11000 4223.30702  15.4%   293 1725s
 14932  8159 4634.58246   51  220 4994.11000 4224.04156  15.4%   294 1749s
 14985  8159 4862.54286   82   99 4994.11000 4224.04156  15.4%   293 1750s
 15200  8295 4373.61515   45  461 4994.11000 4227.05953  15.4%   293 1772s
 15392  8422 4751.38978   53  318 4994.11000 4227.71031  15.3%   293 1795s
 15574  8546 4970.15122   67  302 4994.11000 4228.92876  15.3%   294 1817s
 15778  8680 4613.12198   46  305 4994.11000 4230.94930  15.3%   294 1840s
 15974  8781 4963.72890   53  220 4994.11000 4231.42990  15.3%   294 1862s
 16173  8899 4365.27493   35  309 4994.11000 4233.52377  15.2%   294 1884s
 16229  8899     cutoff   77      4994.11000 4233.52377  15.2%   295 1885s
 16321  9029 4812.87654   52  173 4994.11000 4233.65123  15.2%   295 1907s
 16508  9137 4690.02021   53  315 4994.11000 4235.75595  15.2%   296 1929s
 16677  9266 4671.89162   47  120 4994.11000 4236.93996  15.2%   296 1952s
 16880  9453 4595.90101   48  337 4994.11000 4237.92835  15.1%   296 1975s
 17131  9561 4462.15457   39  181 4994.11000 4239.37001  15.1%   296 1998s
 17293  9692 4595.44180   60  313 4994.11000 4242.24089  15.1%   296 2020s
 17481  9811 4675.44874   53  167 4994.11000 4242.91711  15.0%   296 2043s
 17666  9940 4508.47387   48  195 4994.11000 4243.63728  15.0%   297 2066s
 17858 10070 4753.30629   53  158 4994.11000 4244.07941  15.0%   297 2089s
 18044 10171 infeasible   46      4994.11000 4244.33809  15.0%   298 2112s
 18229 10300 4623.35958   54  442 4994.11000 4245.49517  15.0%   298 2135s
 18428 10434 4469.31120   41  491 4994.11000 4247.53312  14.9%   299 2158s
 18618 10497     cutoff   70      4994.11000 4248.32653  14.9%   299 2181s
 18774 10599 4984.90664   58  220 4994.11000 4249.39316  14.9%   300 2203s
 18934 10701 4763.78025   54  283 4994.11000 4251.21072  14.9%   300 2226s
 19107 10903 4664.54378   50  250 4994.11000 4252.49406  14.8%   300 2250s
 19367 11007 4455.81983   47  340 4994.11000 4252.84569  14.8%   300 2273s
 19537 11139 4868.81737   57  231 4994.11000 4255.09816  14.8%   300 2296s
 19753 11245 4641.65844   54  325 4994.11000 4256.17953  14.8%   300 2319s
 19896 11375 4699.40288   59  343 4994.11000 4256.32806  14.8%   301 2342s
 20090 11478 4567.26649   38  439 4994.11000 4257.43728  14.8%   301 2364s
 20253 11560 4921.21537   57  225 4994.11000 4258.73887  14.7%   302 2388s
 20396 11722 4980.42298   60  300 4994.11000 4258.90385  14.7%   302 2412s
 20610 11861 4574.51425   49  266 4994.11000 4259.58403  14.7%   302 2436s
 20834 11983 4698.30884   55  292 4994.11000 4260.23875  14.7%   302 2460s
 21010 12098 4712.23348   44  401 4994.11000 4260.46460  14.7%   303 2482s
 21201 12201 4727.76915   59  239 4994.11000 4261.36971  14.7%   303 2505s
 21340 12343 4615.40850   49  146 4994.11000 4263.01033  14.6%   303 2528s
 21534 12469 4411.79515   44  377 4994.11000 4263.89266  14.6%   303 2551s
 21718 12601 4660.10114   41  216 4994.11000 4265.15412  14.6%   304 2574s
 21908 12740 4615.94225   48  381 4994.11000 4266.29882  14.6%   304 2597s
 22115 12866 4660.92237   57  395 4994.11000 4267.55365  14.5%   304 2620s
 22302 12959 4481.73856   47  235 4994.11000 4268.56342  14.5%   304 2643s
 22470 13081 4887.47476   47  372 4994.11000 4270.03006  14.5%   304 2666s
 22634 13181 4943.93732   70  253 4994.11000 4270.77200  14.5%   304 2689s
 22788 13277 4732.07167   47  301 4994.11000 4271.90713  14.5%   305 2711s
 22955 13374 4395.07545   36  445 4994.11000 4272.90307  14.4%   305 2734s
 23118 13492 4614.65849   43  399 4994.11000 4274.59394  14.4%   306 2757s
 23296 13653 4530.07157   48  398 4994.11000 4275.52987  14.4%   306 2780s
 23503 13727 4817.39370   42  361 4994.11000 4276.16509  14.4%   306 2803s
 23637 13868 4880.00773   62  278 4994.11000 4276.72319  14.4%   307 2827s
 23852 13988 4455.14967   43  468 4994.11000 4278.29753  14.3%   307 2850s
 24048 14101 4605.63857   46  404 4994.11000 4279.22904  14.3%   307 2874s
 24225 14224 4606.36743   52  320 4994.11000 4279.99834  14.3%   307 2897s
 24424 14359 4664.93919   53  330 4994.11000 4280.89159  14.3%   307 2920s
 24613 14436 4634.63063   47  265 4994.11000 4281.75478  14.3%   307 2955s
 24723 14577 4300.66862   40  188 4994.11000 4282.03017  14.3%   307 2980s
 24914 14682 4937.08659   54  253 4994.11000 4282.94355  14.2%   307 3007s
 25053 14785 4934.83295   59  281 4994.11000 4283.33229  14.2%   308 3030s
 25239 14943 4441.62767   44  420 4994.11000 4284.41207  14.2%   308 3053s
 25459 15094 4985.40838   85  141 4994.11000 4285.04209  14.2%   308 3077s
 25683 15185 4869.96859   74  209 4994.11000 4285.85266  14.2%   308 3101s
 25856 15278 4650.46267   51  467 4994.11000 4286.94789  14.2%   308 3123s
 25997 15399 4555.13624   45  172 4994.11000 4287.55952  14.1%   309 3147s
 26187 15520 4447.27894   42  341 4994.11000 4289.00877  14.1%   309 3170s
 26376 15643 4868.10674   63  269 4994.11000 4289.24429  14.1%   309 3194s
 26480 15643 4518.73629   40  353 4994.11000 4290.01071  14.1%   309 3195s
 26572 15803 4738.84663   62  226 4994.11000 4290.13856  14.1%   309 3219s
 26844 15921 4558.10636   44  386 4994.11000 4291.08631  14.1%   308 3242s
 27028 16036 4482.79020   42  371 4994.11000 4292.11469  14.1%   309 3266s
 27194 16156 4494.62507   43  487 4994.11000 4293.05843  14.0%   309 3288s
 27383 16288 4453.94657   43  445 4994.11000 4293.72057  14.0%   309 3312s
 27581 16404 4505.91982   45  183 4994.11000 4294.95228  14.0%   309 3336s
 27770 16564 4607.59157   42  311 4994.11000 4295.61900  14.0%   309 3360s
 27984 16691 4966.77371   59  325 4994.11000 4295.86809  14.0%   309 3384s
 28153 16691 4828.59426   63  232 4994.11000 4296.18494  14.0%   309 3385s
 28193 16813 4736.04417   43  270 4994.11000 4296.64316  14.0%   309 3407s
 28423 16903 4591.63660   41  208 4994.11000 4297.65400  13.9%   309 3432s
 28587 17027 4431.03010   45  462 4994.11000 4298.17580  13.9%   310 3456s
 28787 17201 4541.96390   38  431 4994.11000 4299.44919  13.9%   310 3481s
 29040 17315 4554.00348   48  361 4994.11000 4300.17893  13.9%   309 3505s
 29225 17435     cutoff   50      4994.11000 4300.85858  13.9%   309 3530s
 29420 17529 4561.95020   54  367 4994.11000 4301.78419  13.9%   309 3553s
 29589 17669 4514.01233   52  347 4994.11000 4302.64047  13.8%   310 3576s
 29801 17749 4794.09323   50  122 4994.11000 4303.73492  13.8%   310 3600s

Cutting planes:
  User: 4249
  Gomory: 25
  Cover: 386
  Implied bound: 56
  Projected implied bound: 59
  Clique: 6
  MIR: 197
  StrongCG: 4
  Flow cover: 429
  Zero half: 30
  Network: 6
  RLT: 303
  Relax-and-lift: 19
  Lazy constraints: 475

Explored 29995 nodes (9304588 simplex iterations) in 3601.17 seconds
Thread count was 2 (of 32 available processors)

Solution count 10: 4994.11 5142.11 5186.07 ... 5376.19

Time limit reached
Best objective 4.994110000000e+03, best bound 4.303865209781e+03, gap 13.8212%

User-callback calls 269737, time in user-callback 196.96 sec
================================================================================
executing instance: ./input/Instances/Original/4/absH3low_3n10.dat
--------------------------------------------------------------------------------
Instance details
n	11
H	3
C	687
Li:
[0, 0, 0, 0, 0, 0, 0, 0, 0, 0, 0, ]
Ui:
[0, 189, 44, 174, 78, 36, 198, 117, 42, 96, 240, ]
Distance matrix:
|0	209	255	286	142	156	285	317	182	161	135	|
|209	0	464	451	315	356	490	469	361	299	260	|
|255	464	0	221	202	130	74	280	189	254	273	|
|286	451	221	0	145	156	164	479	354	153	192	|
|142	315	202	145	0	73	194	388	250	53	73	|
|156	356	130	156	73	0	134	332	200	127	144	|
|285	490	74	164	194	134	0	353	256	239	267	|
|317	469	280	479	388	332	353	0	141	436	430	|
|182	361	189	354	250	200	256	141	0	296	289	|
|161	299	254	153	53	127	239	436	296	0	39	|
|135	260	273	192	73	144	267	430	289	39	0	|

--------------------------------------------------------------------------------
Building model...
	using lazy and cut (CVRPSEP package)
Solving IRP LP...
--------------------------------------------------------------------------------

Gurobi 9.1.0 (linux64) logging started Sun Jan 10 03:18:38 2021

Gurobi Optimizer version 9.1.0 build v9.1.0rc0 (linux64)
Thread count: 32 physical cores, 32 logical processors, using up to 2 threads
Optimize a model with 449 rows, 1184 columns and 3368 nonzeros
Model fingerprint: 0x8e6f18d3
Variable types: 194 continuous, 990 integer (165 binary)
Coefficient statistics:
  Matrix range     [1e+00, 2e+02]
  Objective range  [1e-02, 5e+02]
  Bounds range     [1e+00, 2e+02]
  RHS range        [2e+01, 1e+03]
Presolve removed 44 rows and 11 columns
Presolve time: 0.01s
Presolved: 405 rows, 1173 columns, 3033 nonzeros
Variable types: 183 continuous, 990 integer (840 binary)
Found heuristic solution: objective 5939.2700000

Root relaxation: objective 2.071068e+03, 676 iterations, 0.02 seconds

    Nodes    |    Current Node    |     Objective Bounds      |     Work
 Expl Unexpl |  Obj  Depth IntInf | Incumbent    BestBd   Gap | It/Node Time

     0     0 2071.06755    0   50 5939.27000 2071.06755  65.1%     -    0s
H    0     0                    5796.2700000 2071.06755  64.3%     -    0s
     0     0 2335.29648    0   70 5796.27000 2335.29648  59.7%     -    0s
H    0     0                    4416.3700000 2335.29648  47.1%     -    0s
     0     0 2351.51416    0   79 4416.37000 2351.51416  46.8%     -    0s
     0     0 2638.96738    0  104 4416.37000 2638.96738  40.2%     -    0s
     0     0 2668.97299    0  118 4416.37000 2668.97299  39.6%     -    0s
     0     0 2682.14399    0  104 4416.37000 2682.14399  39.3%     -    0s
     0     0 2684.24368    0  123 4416.37000 2684.24368  39.2%     -    0s
     0     0 2684.40874    0  104 4416.37000 2684.40874  39.2%     -    0s
     0     0 2829.20154    0  108 4416.37000 2829.20154  35.9%     -    0s
     0     0 2846.19755    0  107 4416.37000 2846.19755  35.6%     -    0s
     0     0 2850.44790    0  113 4416.37000 2850.44790  35.5%     -    0s
     0     0 2852.21899    0  118 4416.37000 2852.21899  35.4%     -    0s
     0     0 2852.21899    0  119 4416.37000 2852.21899  35.4%     -    0s
     0     0 2916.26812    0  152 4416.37000 2916.26812  34.0%     -    0s
     0     0 2920.53208    0  149 4416.37000 2920.53208  33.9%     -    0s
     0     0 2920.80227    0  145 4416.37000 2920.80227  33.9%     -    0s
     0     0 3026.25789    0  163 4416.37000 3026.25789  31.5%     -    0s
     0     0 3026.98419    0  128 4416.37000 3026.98419  31.5%     -    0s
     0     0 3040.43797    0  113 4416.37000 3040.43797  31.2%     -    0s
H    0     0                    4390.3700000 3040.43797  30.7%     -    0s
     0     0 3043.48468    0  155 4390.37000 3043.48468  30.7%     -    0s
     0     0 3043.73458    0  147 4390.37000 3043.73458  30.7%     -    0s
     0     0 3046.82430    0  173 4390.37000 3046.82430  30.6%     -    0s
     0     0 3048.71364    0  182 4390.37000 3048.71364  30.6%     -    0s
     0     2 3050.35948    0  188 4390.37000 3050.35948  30.5%     -    0s
H   29    31                    3828.3600000 3063.47169  20.0%   207    1s
H   58    57                    3713.5800000 3063.47169  17.5%   159    1s
H  286   256                    3712.3200000 3063.47169  17.5%  68.0    2s
   761   518 3276.53145    6   78 3712.32000 3197.12102  13.9%  51.6    5s
   996   561 3515.18433   30   31 3712.32000 3242.34282  12.7%  64.7   10s
  1865   504 3584.74456   18   37 3712.32000 3406.50002  8.24%  64.5   15s
  2934   483 3688.06943   25   63 3712.32000 3457.99021  6.85%  60.4   20s
  4100   435 3558.28448   28   46 3712.32000 3532.36750  4.85%  57.3   25s
  5599   157     cutoff   27      3712.32000 3607.47918  2.82%  53.0   30s

Cutting planes:
  User: 349
  Gomory: 17
  Cover: 147
  Implied bound: 27
  Projected implied bound: 28
  Clique: 10
  MIR: 149
  StrongCG: 1
  Flow cover: 258
  Inf proof: 7
  Zero half: 1
  Network: 5
  RLT: 177
  Relax-and-lift: 10
  Lazy constraints: 6

Explored 6184 nodes (316035 simplex iterations) in 33.33 seconds
Thread count was 2 (of 32 available processors)

Solution count 7: 3712.32 3713.58 3828.36 ... 5939.27

Optimal solution found (tolerance 1.00e-04)
Best objective 3.712320000000e+03, best bound 3.712320000000e+03, gap 0.0000%

User-callback calls 17991, time in user-callback 3.56 sec
================================================================================
executing instance: ./input/Instances/Original/4/absH3low_3n15.dat
--------------------------------------------------------------------------------
Instance details
n	16
H	3
C	1267
Li:
[0, 0, 0, 0, 0, 0, 0, 0, 0, 0, 0, 0, 0, 0, 0, 0, ]
Ui:
[0, 156, 267, 148, 144, 87, 33, 171, 76, 141, 270, 282, 60, 110, 172, 57, ]
Distance matrix:
|0	229	567	76	58	96	306	409	310	423	108	346	165	347	159	256	|
|229	0	482	243	279	155	375	525	251	419	158	373	65	123	329	246	|
|567	482	0	506	622	483	342	439	259	200	467	274	486	433	501	312	|
|76	243	506	0	119	88	230	337	255	352	88	272	179	347	94	194	|
|58	279	622	119	0	154	345	431	366	471	166	391	217	399	179	310	|
|96	155	483	88	154	0	266	397	224	358	17	289	92	262	176	179	|
|306	375	342	230	345	266	0	158	184	148	251	68	332	423	181	140	|
|409	525	439	337	431	397	158	0	340	244	386	201	476	581	253	298	|
|310	251	259	255	366	224	184	340	0	170	208	146	238	257	274	66	|
|423	419	200	352	471	358	148	244	170	0	341	84	396	424	323	182	|
|108	158	467	88	166	17	251	386	208	341	0	273	96	259	172	162	|
|346	373	274	272	391	289	68	201	146	84	273	0	340	400	239	127	|
|165	65	486	179	217	92	332	476	238	396	96	340	0	182	267	216	|
|347	123	433	347	399	262	423	581	257	424	259	400	182	0	423	283	|
|159	329	501	94	179	176	181	253	274	323	172	239	267	423	0	208	|
|256	246	312	194	310	179	140	298	66	182	162	127	216	283	208	0	|

--------------------------------------------------------------------------------
Building model...
	using lazy and cut (CVRPSEP package)
Solving IRP LP...
--------------------------------------------------------------------------------

Gurobi 9.1.0 (linux64) logging started Sun Jan 10 03:19:12 2021

Gurobi Optimizer version 9.1.0 build v9.1.0rc0 (linux64)
Thread count: 32 physical cores, 32 logical processors, using up to 2 threads
Optimize a model with 649 rows, 2329 columns and 6181 nonzeros
Model fingerprint: 0x6a33012c
Variable types: 289 continuous, 2040 integer (240 binary)
Coefficient statistics:
  Matrix range     [1e+00, 3e+02]
  Objective range  [1e-02, 6e+02]
  Bounds range     [1e+00, 3e+02]
  RHS range        [1e+01, 2e+03]
Presolve removed 64 rows and 16 columns
Presolve time: 0.02s
Presolved: 585 rows, 2313 columns, 5681 nonzeros
Variable types: 273 continuous, 2040 integer (1815 binary)

Root relaxation: objective 2.121281e+03, 815 iterations, 0.02 seconds

    Nodes    |    Current Node    |     Objective Bounds      |     Work
 Expl Unexpl |  Obj  Depth IntInf | Incumbent    BestBd   Gap | It/Node Time

     0     0 2121.28133    0   77          - 2121.28133      -     -    0s
     0     0 2331.35323    0   70          - 2331.35323      -     -    0s
     0     0 2508.16959    0   82          - 2508.16959      -     -    0s
     0     0 2700.53085    0  111          - 2700.53085      -     -    0s
     0     0 2705.88108    0  122          - 2705.88108      -     -    0s
     0     0 2705.88108    0  127          - 2705.88108      -     -    0s
     0     0 2791.99838    0  151          - 2791.99838      -     -    0s
     0     0 2821.56976    0  174          - 2821.56976      -     -    0s
     0     0 2823.36118    0  168          - 2823.36118      -     -    0s
     0     0 2823.38549    0  181          - 2823.38549      -     -    0s
     0     0 2909.56323    0  167          - 2909.56323      -     -    0s
     0     0 2915.26162    0  135          - 2915.26162      -     -    0s
     0     0 2916.88742    0  133          - 2916.88742      -     -    0s
     0     0 2916.88864    0  148          - 2916.88864      -     -    0s
     0     0 2958.38692    0  181          - 2958.38692      -     -    0s
     0     0 2966.06469    0  184          - 2966.06469      -     -    0s
     0     0 2966.70777    0  153          - 2966.70777      -     -    0s
     0     0 2972.12281    0  203          - 2972.12281      -     -    0s
     0     0 2974.32365    0  226          - 2974.32365      -     -    0s
     0     0 2974.50290    0  219          - 2974.50290      -     -    0s
     0     0 2985.86685    0  263          - 2985.86685      -     -    0s
     0     0 2986.34688    0  226          - 2986.34688      -     -    1s
     0     0 2992.51810    0  191          - 2992.51810      -     -    1s
     0     0 2992.79726    0  162          - 2992.79726      -     -    1s
     0     0 2997.17018    0  192          - 2997.17018      -     -    1s
     0     0 2997.36947    0  193          - 2997.36947      -     -    1s
     0     2 2998.92854    0  188          - 2998.92854      -     -    1s
    85    73 3570.85621   15  219          - 3071.65222      -   408    5s
   292   242 infeasible   28               - 3071.65222      -   282   10s
H  458   396                    7606.6200000 3071.65222  59.6%   228   12s
H  480   396                    6603.2900000 3071.65222  53.5%   220   12s
H  505   330                    5467.5100000 3121.74281  42.9%   213   13s
H  507   282                    4914.0800000 3121.75468  36.5%   217   13s
H  594   328                    4913.1200000 3121.75468  36.5%   208   14s
   605   328 4804.84959   18   84 4913.12000 3121.75468  36.5%   207   15s
H  706   423                    4895.1200000 3136.46083  35.9%   199   17s
   760   431 4063.33699   27  215 4895.12000 3257.22633  33.5%   192   20s
   800   459 4281.70921   26  208 4895.12000 3373.03814  31.1%   194   25s
H  804   440                    4814.1200000 3384.93271  29.7%   198   26s
   815   446 3458.18896   30  219 4814.12000 3458.18896  28.2%   201   30s
H  858   452                    4735.1200000 3569.11224  24.6%   205   32s
H  919   449                    4721.0800000 3569.11224  24.4%   203   33s
   996   490 3733.44384   33  197 4721.08000 3615.14182  23.4%   200   35s
  1181   594 3770.06758   31  162 4721.08000 3665.00037  22.4%   197   40s
