




arguments: ./build/mirp_solver -f ./input/orig_exec_78.cfg
Current dir: /scratch/gui/bnc_mirp
File verbosity level: 9
date       time         ( uptime  ) [ thread name/id ]                   file:line     v| 
2021-01-09 16:01:51.574 (   0.094s) [main thread     ]             loguru.cpp:789   INFO| Logging to './output/vi_lex_quarter/OU/V5/Original/execution_09_01_2021_16_01_51.log', mode: 'a', verbosity: 9
--------------------------------------------------------------------------------
Parameters
                           instance_path           ./input/Instances/Original/2/
                            model_policy                                       1
                             nb_vehicles                                       5
                              output_dir ./output/vi_lex_quarter/OU/V5/Original/
                            sec_strategy                                       1
                       solver_nb_threads                                       2
                         solver_show_log                                    true
                       solver_time_limit                                    3600
                              use_vi_cos                                   false
                              use_vi_cus                                   false
                         use_vi_hc1_full                                   false
                         use_vi_hc1_half                                   false
                      use_vi_hc1_quarter                                   false
                              use_vi_hc2                                   false
                              use_vi_hc3                                   false
                         use_vi_lex_full                                   false
                         use_vi_lex_half                                   false
                      use_vi_lex_quarter                                    true
                              use_vi_qua                                   false
                               use_vi_vc                                   false
                               use_vi_vr                                   false
--------------------------------------------------------------------------------
executing instance: ./input/Instances/Original/2/absH3high_3n40.dat
--------------------------------------------------------------------------------
Instance details
n	41
H	3
C	3283
Li:
[0, 0, 0, 0, 0, 0, 0, 0, 0, 0, 0, 0, 0, 0, 0, 0, 0, 0, 0, 0, 0, 0, 0, 0, 0, 0, 0, 0, 0, 0, 0, 0, 0, 0, 0, 0, 0, 0, 0, 0, 0, ]
Ui:
[0, 63, 111, 99, 96, 111, 282, 122, 156, 261, 42, 192, 126, 42, 162, 207, 159, 122, 102, 190, 118, 102, 132, 102, 165, 252, 66, 52, 22, 114, 210, 176, 116, 294, 78, 152, 210, 45, 130, 198, 174, ]
Distance matrix:
|0	208	225	252	227	143	258	127	267	150	28	83	163	286	57	149	201	137	214	255	70	73	107	186	328	266	249	343	222	177	293	144	262	215	167	120	169	218	143	173	255	|
|208	0	397	355	416	198	216	99	211	275	193	172	97	166	240	225	362	109	277	314	182	216	273	374	298	208	319	161	14	103	93	120	58	196	152	156	372	227	260	218	453	|
|225	397	0	427	53	364	482	343	492	129	253	225	382	386	171	188	39	291	187	195	295	182	282	55	326	491	180	551	408	315	457	366	455	275	392	244	221	439	341	214	101	|
|252	355	427	0	401	158	201	263	219	396	234	328	259	498	299	400	420	354	465	506	205	324	152	374	574	219	499	393	366	389	446	235	378	456	205	359	224	150	111	423	400	|
|227	416	53	401	0	357	477	352	489	165	253	245	389	424	179	223	85	315	234	245	293	200	264	42	375	488	231	565	428	344	484	370	474	314	392	270	184	430	325	252	50	|
|143	198	364	158	357	0	121	105	134	290	116	196	103	342	200	276	343	205	343	385	74	210	112	319	432	133	382	265	209	237	290	78	226	313	57	220	232	75	69	292	375	|
|258	216	482	201	477	121	0	168	18	397	230	293	135	381	314	372	459	275	437	480	188	317	228	439	501	18	479	197	222	296	290	132	212	386	95	306	347	58	173	381	496	|
|127	99	343	263	352	105	168	0	171	239	105	130	40	237	173	206	313	109	270	312	84	164	175	310	337	169	313	216	112	135	192	37	142	220	77	138	280	155	162	213	382	|
|267	211	492	219	489	134	18	171	0	404	240	298	136	376	323	376	468	276	441	483	198	324	243	450	500	2	483	181	215	294	281	136	202	386	102	309	363	75	189	384	509	|
|150	275	129	396	165	290	397	239	404	0	175	110	279	259	97	59	91	166	84	116	217	80	245	130	226	402	106	434	286	187	329	269	333	149	302	119	244	364	291	87	213	|
|28	193	253	234	253	116	230	105	240	175	0	94	139	286	84	167	229	136	234	275	43	96	98	212	341	238	271	320	206	175	281	118	244	225	140	128	180	191	124	189	280	|
|83	172	225	328	245	196	293	130	298	110	94	0	169	209	77	80	191	71	147	189	127	45	189	203	247	296	187	327	184	106	241	162	230	132	198	38	242	266	217	96	285	|
|163	97	382	259	389	103	135	40	136	279	139	169	0	253	212	244	353	141	307	349	110	203	194	347	366	133	350	183	107	161	187	27	124	251	56	175	306	133	169	249	418	|
|286	166	386	498	424	342	381	237	376	259	286	209	253	0	284	201	347	151	210	230	299	247	383	387	155	374	242	290	162	112	129	270	192	113	308	172	451	386	391	172	471	|
|57	240	171	299	179	200	314	173	323	97	84	77	212	284	0	112	145	147	170	208	127	38	148	137	299	321	201	386	253	183	315	195	297	195	222	112	171	275	195	142	214	|
|149	225	188	400	223	276	372	206	376	59	167	80	244	201	112	0	149	117	67	110	205	78	254	186	187	374	108	387	235	132	272	240	283	93	277	71	279	346	291	32	270	|
|201	362	39	420	85	343	459	313	468	91	229	191	353	347	145	149	0	254	149	160	272	150	271	66	290	466	146	518	373	278	419	339	420	235	367	207	227	418	327	175	135	|
|137	109	291	354	315	205	275	109	276	166	136	71	141	151	147	117	254	0	172	212	151	116	232	273	229	274	215	270	119	39	170	145	167	111	186	47	305	263	245	113	356	|
|214	277	187	465	234	343	437	270	441	84	234	147	307	210	170	67	149	172	0	42	272	141	317	205	144	439	43	437	284	175	307	305	331	99	343	132	327	413	357	60	283	|
|255	314	195	506	245	385	480	312	483	116	275	189	349	230	208	110	160	212	42	0	314	182	356	222	132	481	15	474	321	212	337	347	367	126	385	174	358	455	398	100	295	|
|70	182	295	205	293	74	188	84	198	217	43	127	110	299	127	205	272	151	272	314	0	137	91	253	370	196	310	292	195	188	274	85	226	252	99	155	197	148	94	223	316	|
|73	216	182	324	200	210	317	164	324	80	96	45	203	247	38	78	150	116	141	182	137	0	176	158	263	323	176	369	229	150	286	191	274	157	223	77	208	284	216	106	239	|
|107	273	282	152	264	112	228	175	243	245	98	189	194	383	148	254	271	232	317	356	91	176	0	231	435	242	349	371	286	271	365	167	315	321	164	224	120	174	61	280	274	|
|186	374	55	374	42	319	439	310	450	130	212	203	347	387	137	186	66	273	205	222	253	158	231	0	348	448	208	523	386	303	442	329	431	279	352	229	167	392	291	217	85	|
|328	298	326	574	375	432	501	337	500	226	341	247	366	155	299	187	290	229	144	132	370	263	435	348	0	498	147	441	299	206	283	374	338	119	414	215	465	492	463	157	425	|
|266	208	491	219	488	133	18	169	2	402	238	296	133	374	321	374	466	274	439	481	196	323	242	448	498	0	481	180	213	292	278	134	200	384	100	307	362	75	188	381	508	|
|249	319	180	499	231	382	479	313	483	106	271	187	350	242	201	108	146	215	43	15	310	176	349	208	147	481	0	480	326	217	346	347	373	135	385	175	347	454	392	103	280	|
|343	161	551	393	565	265	197	216	181	434	320	327	183	290	386	387	518	270	437	474	292	369	371	523	441	180	480	0	153	263	163	207	107	352	208	317	487	244	334	379	598	|
|222	14	408	366	428	209	222	112	215	286	206	184	107	162	253	235	373	119	284	321	195	229	286	386	299	213	326	153	0	109	81	132	48	201	162	167	386	236	272	226	466	|
|177	103	315	389	344	237	296	135	294	187	175	106	161	112	183	132	278	39	175	212	188	150	271	303	206	292	217	263	109	0	142	171	156	95	211	74	344	289	281	118	386	|
|293	93	457	446	484	290	290	192	281	329	281	241	187	129	315	272	419	170	307	337	274	286	365	442	283	278	346	163	81	142	0	212	79	211	241	214	461	311	353	254	525	|
|144	120	366	235	370	78	132	37	136	269	118	162	27	270	195	240	339	145	305	347	85	191	167	329	374	134	347	207	132	171	212	0	151	257	40	174	280	119	142	248	398	|
|262	58	455	378	474	226	212	142	202	333	244	230	124	192	297	283	420	167	331	367	226	274	315	431	338	200	373	107	48	156	79	151	0	245	173	214	421	237	293	273	510	|
|215	196	275	456	314	313	386	220	386	149	225	132	251	113	195	93	235	111	99	126	252	157	321	279	119	384	135	352	201	95	211	257	245	0	297	97	365	374	345	62	362	|
|167	152	392	205	392	57	95	77	102	302	140	198	56	308	222	277	367	186	343	385	99	223	164	352	414	100	385	208	162	211	241	40	173	297	0	213	283	79	126	287	415	|
|120	156	244	359	270	220	306	138	309	119	128	38	175	172	112	71	207	47	132	174	155	77	224	229	215	307	175	317	167	74	214	174	214	97	213	0	280	286	248	75	313	|
|169	372	221	224	184	232	347	280	363	244	180	242	306	451	171	279	227	305	327	358	197	208	120	167	465	362	347	487	386	344	461	280	421	365	283	280	0	291	175	310	176	|
|218	227	439	150	430	75	58	155	75	364	191	266	133	386	275	346	418	263	413	455	148	284	174	392	492	75	454	244	236	289	311	119	237	374	79	286	291	0	116	359	445	|
|143	260	341	111	325	69	173	162	189	291	124	217	169	391	195	291	327	245	357	398	94	216	61	291	463	188	392	334	272	281	353	142	293	345	126	248	175	116	0	313	335	|
|173	218	214	423	252	292	381	213	384	87	189	96	249	172	142	32	175	113	60	100	223	106	280	217	157	381	103	379	226	118	254	248	273	62	287	75	310	359	313	0	300	|
|255	453	101	400	50	375	496	382	509	213	280	285	418	471	214	270	135	356	283	295	316	239	274	85	425	508	280	598	466	386	525	398	510	362	415	313	176	445	335	300	0	|

--------------------------------------------------------------------------------
Building model...
	using lazy and cut (CVRPSEP package)
Solving IRP LP...
--------------------------------------------------------------------------------

Gurobi 9.1.0 (linux64) logging started Sat Jan  9 16:01:51 2021

Gurobi Optimizer version 9.1.0 build v9.1.0rc0 (linux64)
Thread count: 32 physical cores, 32 logical processors, using up to 2 threads
Optimize a model with 1649 rows, 13679 columns and 31400 nonzeros
Model fingerprint: 0xc6f191fb
Variable types: 764 continuous, 12915 integer (615 binary)
Coefficient statistics:
  Matrix range     [1e+00, 1e+03]
  Objective range  [1e-01, 6e+02]
  Bounds range     [1e+00, 3e+02]
  RHS range        [1e+01, 6e+03]
Presolve removed 164 rows and 41 columns
Presolve time: 0.06s
Presolved: 1485 rows, 13638 columns, 30075 nonzeros
Variable types: 723 continuous, 12915 integer (12315 binary)

Root relaxation: objective 1.246256e+04, 1977 iterations, 0.07 seconds

    Nodes    |    Current Node    |     Objective Bounds      |     Work
 Expl Unexpl |  Obj  Depth IntInf | Incumbent    BestBd   Gap | It/Node Time

     0     0 12462.5564    0  141          - 12462.5564      -     -    0s
     0     0 12907.0193    0  166          - 12907.0193      -     -    0s
     0     0 12921.6158    0  207          - 12921.6158      -     -    0s
     0     0 12931.0184    0  199          - 12931.0184      -     -    0s
     0     0 12931.0593    0  206          - 12931.0593      -     -    0s
     0     0 13478.8643    0  270          - 13478.8643      -     -    1s
     0     0 13543.5002    0  270          - 13543.5002      -     -    1s
     0     0 13548.7901    0  279          - 13548.7901      -     -    1s
     0     0 13549.6601    0  281          - 13549.6601      -     -    1s
     0     0 13549.6623    0  287          - 13549.6623      -     -    1s
     0     0 13690.5708    0  265          - 13690.5708      -     -    2s
     0     0 13698.7972    0  263          - 13698.7972      -     -    2s
     0     0 13703.6679    0  255          - 13703.6679      -     -    2s
     0     0 13704.0006    0  159          - 13704.0006      -     -    2s
     0     0 13787.7479    0  344          - 13787.7479      -     -    3s
     0     0 13814.5004    0  365          - 13814.5004      -     -    4s
     0     0 13824.0361    0  352          - 13824.0361      -     -    4s
     0     0 13824.8621    0  358          - 13824.8621      -     -    4s
     0     0 13892.3170    0  342          - 13892.3170      -     -    5s
     0     0 13917.5555    0  340          - 13917.5555      -     -    5s
     0     0 13921.7571    0  386          - 13921.7571      -     -    5s
     0     0 13924.3235    0  463          - 13924.3235      -     -    6s
     0     0 13931.2650    0  477          - 13931.2650      -     -    6s
     0     0 13937.6120    0  463          - 13937.6120      -     -    6s
     0     0 13951.3768    0  452          - 13951.3768      -     -    6s
     0     0 13951.8568    0  451          - 13951.8568      -     -    6s
     0     0 13981.5806    0  362          - 13981.5806      -     -    7s
     0     0 13987.2851    0  431          - 13987.2851      -     -    7s
     0     0 13989.3508    0  412          - 13989.3508      -     -    7s
     0     0 13989.9899    0  453          - 13989.9899      -     -    8s
     0     0 14003.1131    0  403          - 14003.1131      -     -    8s
     0     0 14007.2444    0  370          - 14007.2444      -     -   11s
     0     2 14010.3588    0  388          - 14010.3588      -     -   14s
     1     4 14013.9234    1  404          - 14010.4854      -   580   15s
     9    12 14041.9742    3  434          - 14027.6936      -   730   20s
    23    26 14052.7363    9  443          - 14027.6936      -   629   25s
    40    46 14083.6044   15  392          - 14027.6936      -   603   31s
    51    53 14149.4582   18  399          - 14027.6936      -   634   35s
    68    68 14233.4253   21  437          - 14027.6936      -   618   40s
    86    92 14263.9539   26  326          - 14027.6936      -   572   45s
   115   119 14350.3921   33  325          - 14027.6936      -   520   50s
   140   145 14392.8657   42  310          - 14027.6936      -   493   55s
   177   191 14597.0650   56  214          - 14027.6936      -   447   61s
   214   227 14813.9469   69  197          - 14027.6936      -   401   65s
   285   303 15221.0264   95  151          - 14027.6936      -   347   71s
   353   416 15410.9169  109  131          - 14027.6936      -   307   76s
   511   597 16225.9652  164   61          - 14027.6936      -   233   81s
   705   713 18062.5848  219   18          - 14027.6936      -   179   85s
   880   834 19256.1800  286    -          - 14027.6936      -   148   90s
   947   884 18652.4000  306  370          - 14040.6905      -   145   96s
   954   889 16604.3114  157  455          - 14045.6170      -   144  100s
   967   899 15382.5844  101  218          - 14091.2826      -   156  105s
   979   907 16869.6861  179  572          - 14104.7388      -   154  110s
   993   916 17765.7850  269  502          - 14135.3443      -   152  115s
  1005   924 17273.8989  236  628          - 14146.6101      -   150  120s
  1017   932 14246.1954   24  654          - 14151.8154      -   148  125s
  1027   939 16061.8127  116  674          - 14158.4182      -   147  130s
  1035   944 14276.6597   28  663          - 14158.7154      -   146  138s
  1038   949 14169.4144   31  475          - 14159.9233      -   167  140s
  1048   956 14201.2191   33  493          - 14171.7478      -   172  145s
  1056   961 14215.8116   35  470          - 14178.5764      -   177  150s
  1066   968 14227.8210   37  406          - 14178.5764      -   183  156s
  1074   975 14222.9622   40  480          - 14178.5764      -   188  160s
  1088   984 14228.2020   44  508          - 14178.5764      -   194  167s
  1094   989 14240.2729   46  491          - 14178.5764      -   200  170s
  1101   993 14261.7073   47  576          - 14178.5764      -   205  175s
  1113  1002 14326.0489   50  459          - 14178.5764      -   212  181s
  1122  1009 14400.9927   52  409          - 14178.5764      -   218  186s
  1134  1018 14508.0151   55  413          - 14178.5764      -   222  190s
  1164  1040 14616.3951   63  363          - 14178.5764      -   232  195s
  1190  1053 14724.3204   67  475          - 14178.5764      -   241  200s
  1224  1079 14618.8379   79  442          - 14178.5764      -   248  206s
  1256  1105 14675.4666   88  413          - 14178.5764      -   257  211s
  1284  1125 14710.6576   95  337          - 14178.5764      -   262  215s
  1327  1145 15001.5543   98  425          - 14178.5764      -   267  220s
  1373  1192 14843.7961  119  277          - 14178.5764      -   273  226s
  1416  1241 15006.1925  132  273          - 14178.5764      -   278  232s
  1460  1277 15237.8285  149  206          - 14178.5764      -   276  235s
  1570  1368 15554.0252  188  145          - 14178.5764      -   271  241s
  1722  1435 16750.9958  245   65          - 14178.9102      -   258  247s
  1797  1448 14260.7776   33  483          - 14178.9102      -   253  250s
  1882  1544 14314.4231   38  411          - 14178.9102      -   251  257s
  1959  1559 14374.0307   41  352          - 14178.9102      -   246  261s
  2110  1684 14560.0283   52  245          - 14178.9102      -   235  269s
  2170  1664 18091.0011  330   44          - 14178.9102      -   232  270s
  2254  1712 14844.9175   69  172          - 14178.9102      -   229  276s
  2288  1763 15207.0804   84  160          - 14178.9102      -   229  280s
  2400  1835 16681.0111  138   17          - 14178.9102      -   225  285s
  2488  1818 17580.1591  180   26          - 14194.4328      -   219  290s
* 2497  1686             184    17640.650000 14194.4328  19.5%   219  290s
  2520  1698 14451.3440   35  471 17640.6500 14194.4328  19.5%   221  297s
  2538  1701 15072.9247   49  310 17640.6500 14194.4328  19.5%   225  300s
  2552  1726 14646.6147   39  423 17640.6500 14194.4328  19.5%   227  306s
  2573  1731 14717.2194   39  372 17640.6500 14194.4328  19.5%   229  310s
  2613  1762 14683.0369   43  308 17640.6500 14194.4328  19.5%   230  318s
  2630  1785 14830.3732   45  265 17640.6500 14194.4328  19.5%   231  322s
  2658  1817 14820.9398   49  292 17640.6500 14194.4328  19.5%   232  326s
  2700  1828 14868.3269   56  301 17640.6500 14194.4328  19.5%   232  331s
  2725  1848 14920.4965   61  252 17640.6500 14194.4328  19.5%   233  336s
  2753  1888 15002.0321   67  262 17640.6500 14194.4328  19.5%   233  341s
  2804  1918 15493.3766   76  192 17640.6500 14194.4328  19.5%   232  347s
  2851  1921 15592.3814   88  174 17640.6500 14194.4328  19.5%   233  355s
  2870  1981 15621.3300   91  145 17640.6500 14194.4328  19.5%   233  360s
  2936  2001 16139.1379  104  166 17640.6500 14194.4328  19.5%   233  383s
  2980  2108 16212.6843  110   98 17640.6500 14194.4328  19.5%   232  389s
  3005  2100 16260.5352  117  126 17640.6500 14194.4328  19.5%   231  390s
  3102  2226 16573.5147  137   52 17640.6500 14194.4328  19.5%   228  398s
  3190  2197 17042.1157  164   17 17640.6500 14194.4328  19.5%   224  400s
  3283  2249 infeasible  172      17640.6500 14198.0652  19.5%   221  407s
  3395  2340 14920.4866   36  369 17640.6500 14198.0652  19.5%   219  417s
  3579  2310 15130.9254   44  187 17640.6500 14198.0652  19.5%   214  424s
  3601  2303 14508.4574   36  458 17640.6500 14198.0652  19.5%   215  425s
  3611  2369 15275.0650   55  140 17640.6500 14198.0652  19.5%   216  431s
  3680  2509 15532.7896   74  130 17640.6500 14198.0652  19.5%   216  439s
  3702  2501 15672.9709   81   69 17640.6500 14198.0652  19.5%   216  440s
  3908  2661 16178.5168  101   95 17640.6500 14198.0652  19.5%   209  451s
  4074  2780 16524.3266  129   26 17640.6500 14212.3537  19.4%   206  461s
  4267  2851     cutoff  194      17640.6500 14215.7763  19.4%   201  472s
  4379  2871 14639.5563   34  462 17640.6500 14215.7797  19.4%   199  481s
  4395  2890 14717.0000   39  378 17640.6500 14215.7797  19.4%   202  487s
  4414  2918 14777.2603   43  257 17640.6500 14215.7797  19.4%   204  494s
  4442  2950 14871.5746   51  365 17640.6500 14215.7797  19.4%   206  501s
  4474  3015 15105.8901   61  200 17640.6500 14215.7797  19.4%   208  508s
  4539  3129 15268.9650   74   91 17640.6500 14215.7797  19.4%   208  518s
  4653  3360 15420.1637  104   65 17640.6500 14215.8404  19.4%   207  532s
  4859  3368 17266.3824  169   15 17640.6500 14215.8404  19.4%   202  535s
  4948  3390 16995.3697  145   61 17640.6500 14216.4005  19.4%   201  543s
  5002  3407     cutoff  176      17640.6500 14222.7105  19.4%   202  551s
  5018  3425 14607.3893   42  432 17640.6500 14222.7105  19.4%   204  560s
  5036  3460 15274.6182   53  230 17640.6500 14222.7105  19.4%   207  572s
  5071  3462 16003.7483   74  109 17640.6500 14222.7105  19.4%   208  583s
  5073  3572 16004.7238   75  116 17640.6500 14222.7992  19.4%   208  593s
  5205  3600     cutoff  165      17640.6500 14225.6971  19.4%   207  602s
  5233  3761 14702.0490   48  323 17640.6500 14225.6971  19.4%   209  612s
  5394  3893 15763.7532  144   44 17640.6500 14225.7261  19.4%   207  627s
  5568  3932 17176.8436  181   12 17640.6500 14225.9514  19.4%   205  637s
  5615  3966 17353.8600  194    - 17640.6500 14227.8922  19.3%   207  647s
  5653  4089 17441.8957  194    8 17640.6500 14234.3364  19.3%   209  658s
* 5656  4074             196    17552.460000 14234.3364  18.9%   209  658s
* 5661  4050             197    17490.060000 14234.3364  18.6%   209  659s
* 5662  4005             194    17385.060000 14234.3364  18.1%   209  659s
  5814  4096 14885.9752   49  351 17385.0600 14237.9119  18.1%   207  675s
  5934  4133 14609.6875   43  406 17385.0600 14237.9585  18.1%   207  686s
  5964  4175 14776.9907   47  436 17385.0600 14237.9585  18.1%   209  698s
  6008  4331 15345.1599   54  297 17385.0600 14237.9585  18.1%   211  713s
  6126  4331 16717.8321   94  102 17385.0600 14237.9585  18.1%   211  715s
  6221  4423 16235.8705   80   75 17385.0600 14237.9585  18.1%   210  728s
  6321  4537 17250.3700  107    - 17385.0600 14239.7375  18.1%   209  742s
  6460  4577     cutoff  107      17385.0600 14243.8876  18.1%   209  754s
  6502  4691 15405.1680   62  178 17385.0600 14254.9329  18.0%   212  767s
  6656  4843 14683.9415   50  457 17385.0600 14255.4478  18.0%   211  782s
  6826  4889 16552.2500  141    - 17385.0600 14259.8632  18.0%   211  795s
  6888  4914 16742.1218  141   50 17385.0600 14265.7085  17.9%   211  808s
  6929  5033 14806.2920   51  413 17385.0600 14266.6602  17.9%   213  823s
  7088  5101 14425.9668   35  448 17385.0600 14266.6602  17.9%   213  837s
  7176  5226 14650.9968   42  341 17385.0600 14266.6602  17.9%   214  851s
  7302  5413 15275.5309   54  222 17385.0600 14273.1338  17.9%   214  870s
  7594  5538 infeasible  119      17385.0600 14278.5355  17.9%   212  890s
  7740  5688 15578.2926   63  230 17385.0600 14280.6790  17.9%   213  909s
  7797  5688 16756.9100  120   96 17385.0600 14280.6790  17.9%   212  910s
  7924  5795 infeasible  163      17385.0600 14289.2530  17.8%   213  928s
  8044  5903 15602.7253   60  276 17385.0600 14295.9698  17.8%   214  946s
  8164  6106 15211.4341   57  134 17385.0600 14297.8531  17.8%   215  966s
  8394  6190     cutoff  161      17385.0600 14298.9244  17.8%   214  986s
  8483  6340 15297.1235   48  241 17385.0600 14298.9478  17.8%   215 1006s
  8694  6443     cutoff  145      17385.0600 14300.3839  17.7%   215 1027s
  8821  6571 15106.1062   61  258 17385.0600 14301.0556  17.7%   215 1100s
  8964  6880 14926.1407   51  344 17385.0600 14303.5254  17.7%   215 1122s
  9326  7000 17368.4100  152    - 17385.0600 14320.2656  17.6%   212 1144s
  9444  7171     cutoff  152      17385.0600 14321.1611  17.6%   213 1165s
  9654  7322 16854.1620  132   58 17385.0600 14328.4192  17.6%   213 1187s
  9847  7527 15523.6908   69  292 17385.0600 14336.3104  17.5%   213 1208s
  9959  7529 15042.9333   56  337 17385.0600 14336.3104  17.5%   213 1210s
 10096  7728 17137.5236  137   53 17385.0600 14355.4813  17.4%   212 1229s
 10122  7728 17349.4772  158   35 17385.0600 14355.4813  17.4%   212 1230s
 10345  7943 15399.5717   99  168 17385.0600 14356.3634  17.4%   211 1252s
*10461  7927             168    17349.360000 14359.1559  17.2%   211 1253s
 10555  7928 15755.9709  112  116 17349.3600 14359.1559  17.2%   210 1255s
 10609  7973 infeasible  171      17349.3600 14362.1702  17.2%   210 1272s
 10666  8150 14571.1943   41  412 17349.3600 14363.1304  17.2%   212 1294s
 10684  8150 15231.0480   54  243 17349.3600 14363.1304  17.2%   213 1295s
 10873  8227 14841.1149   48  422 17349.3600 14363.1304  17.2%   212 1313s
 10949  8431 15374.6634   63  232 17349.3600 14364.7665  17.2%   214 1336s
 11199  8543 14711.1120   41  538 17349.3600 14364.9632  17.2%   213 1357s
 11312  8733 infeasible  125      17349.3600 14368.8222  17.2%   215 1378s
 11441  8737 15950.1427   85  120 17349.3600 14370.1291  17.2%   215 1380s
 11564  8895 infeasible  162      17349.3600 14374.1320  17.1%   214 1400s
 11740  9070 16154.4780   88  171 17349.3600 14377.8101  17.1%   214 1422s
 11938  9431 16160.6163  124   28 17349.3600 14383.8397  17.1%   214 1446s
 12328  9436 15721.5682  154   12 17349.3600 14387.1861  17.1%   212 1451s
 12353  9466 16856.6000  148   10 17349.3600 14387.2889  17.1%   212 1468s
 12418  9579 17033.6800  154   14 17349.3600 14390.0260  17.1%   213 1486s
*12510  9053             170    17081.960000 14391.1356  15.8%   213 1488s
 12562  9217     cutoff  163      17081.9600 14392.0522  15.7%   214 1507s
 12752  9496 15409.9297   78  243 17081.9600 14392.9831  15.7%   214 1528s
 12840  9496 16683.5204  166   16 17081.9600 14392.9831  15.7%   213 1530s
 13098  9746     cutoff  177      17081.9600 14396.3269  15.7%   212 1552s
 13339  9746 16210.0936  139   41 17081.9600 14396.3360  15.7%   211 1555s
 13367  9958     cutoff  170      17081.9600 14397.7345  15.7%   211 1574s
 13403  9959 15408.7798   64  123 17081.9600 14397.7345  15.7%   211 1575s
 13637 10089 infeasible  173      17081.9600 14401.0662  15.7%   210 1597s
 13780 10254 15544.2070   68  242 17081.9600 14401.5532  15.7%   210 1618s
 13872 10254 16865.1022  159   80 17081.9600 14401.5532  15.7%   209 1620s
 13964 10408 15144.7281   66  117 17081.9600 14403.1461  15.7%   210 1640s
 14190 10516     cutoff  147      17081.9600 14404.3334  15.7%   210 1660s
 14292 10695 15716.6863   84  165 17081.9600 14405.8835  15.7%   211 1681s
 14510 10792 15439.3057   59  321 17081.9600 14408.4112  15.7%   211 1703s
 14619 10981 14834.5674   64  284 17081.9600 14410.8865  15.6%   212 1724s
 14688 10981 16041.1817  133   23 17081.9600 14410.8865  15.6%   211 1725s
 14868 11140 infeasible  172      17081.9600 14412.1268  15.6%   211 1746s
 15035 11286 15492.3686   61  183 17081.9600 14412.5614  15.6%   211 1769s
 15057 11286 15759.8458   83  204 17081.9600 14412.5614  15.6%   211 1770s
 15209 11446 14638.2221   47  532 17081.9600 14414.4299  15.6%   211 1790s
 15389 11578 14623.1941   42  553 17081.9600 14414.4299  15.6%   211 1813s
 15535 11587 14844.9658   55  210 17081.9600 14414.4299  15.6%   211 1815s
 15547 11803 15454.7426   67  411 17081.9600 14418.1110  15.6%   212 1835s
 15782 11960     cutoff  143      17081.9600 14418.3654  15.6%   211 1857s
 15999 11963 15113.3618   60  247 17081.9600 14418.5693  15.6%   211 1860s
 16002 12156 15729.8077   98   92 17081.9600 14418.6179  15.6%   211 1881s
 16236 12307     cutoff  173      17081.9600 14420.0981  15.6%   210 1903s
 16378 12307 15982.4235   86  145 17081.9600 14421.2133  15.6%   210 1905s
 16423 12438 14651.0214   50  483 17081.9600 14421.2133  15.6%   210 1925s
 16555 12524 16443.3525  109  151 17081.9600 14421.7765  15.6%   211 1944s
 16638 12524 17054.3127  140   47 17081.9600 14423.2726  15.6%   211 1945s
 16674 12646 15543.7836   59  224 17081.9600 14423.4127  15.6%   211 1964s
 16718 12646 16078.9400  103  116 17081.9600 14423.4127  15.6%   211 1965s
 16814 12826 15321.6354   52  347 17081.9600 14423.9082  15.6%   212 1985s
 17019 13020 14936.3749   55  282 17081.9600 14424.5575  15.6%   212 2008s
 17115 13020 16390.8113  151   10 17081.9600 14424.5575  15.6%   211 2010s
 17266 13120     cutoff  168      17081.9600 14425.0171  15.6%   211 2029s
 17382 13328 15144.8890   61  252 17081.9600 14427.4237  15.5%   212 2049s
 17404 13328 15448.1427   83  113 17081.9600 14427.4237  15.5%   212 2050s
 17621 13469 15063.9583   54  219 17081.9600 14429.7847  15.5%   211 2072s
 17784 13600 16448.0490  122    4 17081.9600 14430.7027  15.5%   212 2093s
 17950 13808     cutoff  150      17081.9600 14431.1861  15.5%   212 2117s
 18179 13909 15016.8428   80  244 17081.9600 14431.7231  15.5%   211 2139s
 18223 13909 15869.4551  124   61 17081.9600 14431.7231  15.5%   211 2140s
*18273 13849             124    17060.770000 14433.5607  15.4%   211 2140s
 18296 14060 14781.5236   52  419 17060.7700 14433.6104  15.4%   212 2161s
 18542 14134     cutoff  166      17060.7700 14435.7896  15.4%   211 2181s
H18544 13712                    16936.970000 14435.7896  14.8%   211 2181s
 18617 13932 15056.3435   67  266 16936.9700 14435.7926  14.8%   212 2202s
 18807 13941 14716.6319   44  347 16936.9700 14435.8255  14.8%   212 2205s
 18900 14138 14909.2579   60  174 16936.9700 14437.2794  14.8%   212 2225s
 19155 14245     cutoff  155      16936.9700 14440.2093  14.7%   211 2246s
 19283 14410 15637.3178   70  281 16936.9700 14441.7481  14.7%   212 2266s
 19475 14533 15054.6300   48  370 16936.9700 14443.2840  14.7%   212 2289s
 19533 14533 16200.6160  106  134 16936.9700 14443.2840  14.7%   212 2290s
 19619 14582 14732.5957   48  460 16936.9700 14443.4572  14.7%   212 2310s
 19666 14691 15013.3330   65  157 16936.9700 14443.4572  14.7%   213 2329s
 19688 14691 15083.2546   74   99 16936.9700 14443.4572  14.7%   214 2330s
 19775 14990 15539.7001   92  130 16936.9700 14443.4958  14.7%   214 2352s
 20059 15018 15724.3582  117   60 16936.9700 14443.5828  14.7%   213 2355s
 20161 15117 infeasible  157      16936.9700 14443.9732  14.7%   213 2374s
 20186 15117 15206.7265   61  234 16936.9700 14443.9732  14.7%   213 2375s
 20278 15273 15666.0184   84  127 16936.9700 14444.7378  14.7%   214 2395s
 20467 15395     cutoff  141      16936.9700 14445.2393  14.7%   214 2418s
H20509 15163                    16881.650000 14445.2471  14.4%   214 2418s
 20628 15270 15598.4724   74  215 16881.6500 14445.9666  14.4%   214 2438s
 20762 15358 14770.3668   48  270 16881.6500 14446.1715  14.4%   214 2459s
 20784 15358 14896.7829   62  194 16881.6500 14446.1715  14.4%   215 2460s
 20850 15717 14919.8979   70  214 16881.6500 14446.3445  14.4%   215 2486s
 21300 15784 16818.7700  164   10 16881.6500 14447.6673  14.4%   214 2508s
 21357 15888     cutoff  165      16881.6500 14447.7541  14.4%   215 2528s
 21497 15888 infeasible  124      16881.6500 14451.3255  14.4%   215 2530s
 21500 16026 15910.6903   84  149 16881.6500 14451.4116  14.4%   215 2548s
 21655 16094 14700.4986   45  379 16881.6500 14451.4116  14.4%   215 2569s
 21735 16266 15236.0854   57  238 16881.6500 14451.4116  14.4%   216 2589s
 21758 16266 15934.5400   69  275 16881.6500 14451.4116  14.4%   216 2590s
 21950 16310     cutoff  107      16881.6500 14452.3503  14.4%   216 2610s
H21981 16259                    16870.750000 14452.7348  14.3%   216 2611s
 21998 16489 15092.6487   57  318 16870.7500 14452.8953  14.3%   217 2636s
 22310 16622     cutoff  171      16870.7500 14454.2509  14.3%   216 2660s
 22417 16824 15719.1476   67  197 16870.7500 14455.0986  14.3%   217 2685s
 22694 16962 14845.5860   61  365 16870.7500 14457.0585  14.3%   216 2707s
 22847 17139 16832.8077  162   29 16870.7500 14457.7511  14.3%   217 2731s
 23040 17174     cutoff  163      16870.7500 14458.6767  14.3%   216 2752s
 23077 17246 15207.3879   60  262 16870.7500 14459.0453  14.3%   217 2770s
 23149 17456 15629.7179   72  232 16870.7500 14460.7303  14.3%   218 2794s
 23172 17456 16042.5328   82  133 16870.7500 14460.7303  14.3%   218 2795s
 23410 17628 14915.7393   56  288 16870.7500 14460.8392  14.3%   218 2816s
 23609 17764     cutoff  141      16870.7500 14461.0561  14.3%   218 2838s
 23775 17951 14885.5655   50  339 16870.7500 14462.3237  14.3%   218 2861s
 24010 18141 15180.7713   54  317 16870.7500 14462.5421  14.3%   217 2883s
 24230 18217 infeasible  156      16870.7500 14462.7547  14.3%   217 2906s
 24322 18386 15058.0791   59  415 16870.7500 14463.4798  14.3%   218 2930s
 24557 18484 15016.6473   43  365 16870.7500 14463.8538  14.3%   217 2951s
 24654 18721 15286.5785   52  293 16870.7500 14463.8538  14.3%   218 2977s
 24810 18722 16774.6041  143   17 16870.7500 14463.8538  14.3%   218 2980s
 24950 18865 15905.2053   77  154 16870.7500 14464.3621  14.3%   217 3004s
 25018 18865 16764.7566  105   92 16870.7500 14464.3621  14.3%   217 3005s
 25112 18944 15718.0713   68  217 16870.7500 14465.4902  14.3%   218 3025s
 25216 19106 15227.6154   67  213 16870.7500 14465.9367  14.3%   218 3047s
 25413 19199 14738.0542   48  370 16870.7500 14465.9402  14.3%   218 3069s
 25458 19199 15047.7543   79  146 16870.7500 14465.9402  14.3%   218 3070s
H25491 19185                    16867.270000 14465.9402  14.2%   218 3070s
 25509 19356 15279.5594   93   27 16867.2700 14466.0873  14.2%   219 3092s
 25713 19447 16731.9858  157   30 16867.2700 14466.3609  14.2%   219 3116s
 25815 19600 infeasible  169      16867.2700 14466.4142  14.2%   219 3139s
 26025 19624 16824.0565  156   20 16867.2700 14466.8652  14.2%   218 3141s
 26053 19765 15812.4082  108   12 16867.2700 14467.5406  14.2%   219 3161s
 26228 19854 15047.6013   60  330 16867.2700 14468.8726  14.2%   219 3182s
 26344 20015 14969.0989   47  375 16867.2700 14468.9523  14.2%   219 3203s
 26535 20132 14701.2074   42  464 16867.2700 14469.4430  14.2%   219 3225s
 26673 20250 14696.4475   43  403 16867.2700 14470.1884  14.2%   219 3247s
 26789 20630 15006.2957   61  181 16867.2700 14470.6986  14.2%   220 3274s
 26878 20630 15532.1460  102  110 16867.2700 14470.6986  14.2%   220 3275s
 27239 20713     cutoff  140      16867.2700 14470.7265  14.2%   219 3296s
 27317 20880 15351.5942   91  174 16867.2700 14470.7972  14.2%   219 3319s
 27410 20883 14872.0986   53  420 16867.2700 14470.7972  14.2%   219 3320s
 27512 20974 16472.1025  162   40 16867.2700 14472.3617  14.2%   219 3341s
 27619 21094     cutoff  174      16867.2700 14472.3926  14.2%   220 3363s
 27730 21094 16557.5376   90  109 16867.2700 14472.5705  14.2%   220 3365s
 27767 21237 15897.7417  103   43 16867.2700 14472.9569  14.2%   220 3386s
 27960 21310 infeasible  155      16867.2700 14473.5316  14.2%   220 3407s
 28036 21488 15308.7636   68  193 16867.2700 14473.7306  14.2%   221 3430s
 28252 21554 infeasible  169      16867.2700 14474.2569  14.2%   220 3450s
 28322 21667 15503.5128   51  155 16867.2700 14474.7330  14.2%   221 3473s
H28437 21128                    16779.830000 14474.7862  13.7%   221 3474s
 28463 21128 15301.6773   63  345 16779.8300 14474.7862  13.7%   221 3475s
 28464 21209 16699.6200  130    - 16779.8300 14475.6980  13.7%   221 3496s
*28551 21112             130    16758.220000 14475.8881  13.6%   222 3518s
*28553 20932             129    16732.220000 14475.8881  13.5%   222 3518s
H28579 20119                    16623.670000 14475.8881  12.9%   222 3518s
 28641 20216 15469.0029   71  244 16623.6700 14476.9933  12.9%   222 3537s
 28760 20329 15031.3869   56  375 16623.6700 14476.9939  12.9%   222 3559s
 28792 20329 16137.6013   88  129 16623.6700 14476.9939  12.9%   223 3560s
 28911 20331 14634.2180   39  456 16623.6700 14477.4544  12.9%   223 3585s
 28914 20371 14657.8488   40  518 16623.6700 14477.4544  12.9%   223 3600s

Cutting planes:
  User: 4007
  Gomory: 22
  Cover: 586
  Implied bound: 90
  Projected implied bound: 46
  Clique: 7
  MIR: 269
  StrongCG: 1
  Flow cover: 835
  Zero half: 54
  RLT: 460
  Relax-and-lift: 55
  Lazy constraints: 3828

Explored 28954 nodes (6483170 simplex iterations) in 3600.54 seconds
Thread count was 2 (of 32 available processors)

Solution count 10: 16623.7 16732.2 16758.2 ... 17082

Time limit reached
Best objective 1.662367000000e+04, best bound 1.447745438373e+04, gap 12.9106%

User-callback calls 457947, time in user-callback 253.55 sec
================================================================================
executing instance: ./input/Instances/Original/2/absH3high_4n10.dat
--------------------------------------------------------------------------------
Instance details
n	11
H	3
C	822
Li:
[0, 0, 0, 0, 0, 0, 0, 0, 0, 0, 0, ]
Ui:
[0, 102, 52, 88, 182, 153, 138, 38, 165, 297, 86, ]
Distance matrix:
|0	285	411	382	327	239	148	256	307	36	383	|
|285	0	352	98	249	103	227	235	120	268	209	|
|411	352	0	395	106	430	263	549	234	429	174	|
|382	98	395	0	302	173	320	288	168	364	227	|
|327	249	106	302	0	324	179	444	135	339	109	|
|239	103	430	173	324	0	241	132	212	212	305	|
|148	227	263	320	179	241	0	325	192	165	249	|
|256	235	549	288	444	132	325	0	342	220	436	|
|307	120	234	168	135	212	192	342	0	304	94	|
|36	268	429	364	339	212	165	220	304	0	386	|
|383	209	174	227	109	305	249	436	94	386	0	|

--------------------------------------------------------------------------------
Building model...
	using lazy and cut (CVRPSEP package)
Solving IRP LP...
--------------------------------------------------------------------------------

Gurobi 9.1.0 (linux64) logging started Sat Jan  9 17:01:52 2021

Gurobi Optimizer version 9.1.0 build v9.1.0rc0 (linux64)
Thread count: 32 physical cores, 32 logical processors, using up to 2 threads
Optimize a model with 449 rows, 1184 columns and 3368 nonzeros
Model fingerprint: 0x5d4845bc
Variable types: 194 continuous, 990 integer (165 binary)
Coefficient statistics:
  Matrix range     [1e+00, 3e+02]
  Objective range  [2e-01, 5e+02]
  Bounds range     [1e+00, 3e+02]
  RHS range        [2e+01, 1e+03]
Presolve removed 44 rows and 11 columns
Presolve time: 0.01s
Presolved: 405 rows, 1173 columns, 3033 nonzeros
Variable types: 183 continuous, 990 integer (840 binary)
Found heuristic solution: objective 10694.920000

Root relaxation: objective 4.545917e+03, 845 iterations, 0.02 seconds

    Nodes    |    Current Node    |     Objective Bounds      |     Work
 Expl Unexpl |  Obj  Depth IntInf | Incumbent    BestBd   Gap | It/Node Time

     0     0 4545.91693    0   71 10694.9200 4545.91693  57.5%     -    0s
     0     0 4741.05396    0  108 10694.9200 4741.05396  55.7%     -    0s
H    0     0                    8378.3800000 4741.05396  43.4%     -    0s
     0     0 4797.86162    0  111 8378.38000 4797.86162  42.7%     -    0s
     0     0 4798.79385    0  110 8378.38000 4798.79385  42.7%     -    0s
     0     0 4993.26945    0  114 8378.38000 4993.26945  40.4%     -    0s
     0     0 5010.82606    0  122 8378.38000 5010.82606  40.2%     -    0s
     0     0 5019.30844    0  144 8378.38000 5019.30844  40.1%     -    0s
     0     0 5019.49052    0  142 8378.38000 5019.49052  40.1%     -    0s
     0     0 5149.51381    0  108 8378.38000 5149.51381  38.5%     -    0s
     0     0 5153.35977    0  100 8378.38000 5153.35977  38.5%     -    0s
     0     0 5157.94318    0   94 8378.38000 5157.94318  38.4%     -    0s
     0     0 5167.89492    0   99 8378.38000 5167.89492  38.3%     -    0s
     0     0 5169.30101    0  106 8378.38000 5169.30101  38.3%     -    0s
     0     0 5169.30101    0   99 8378.38000 5169.30101  38.3%     -    0s
     0     0 5192.16365    0   88 8378.38000 5192.16365  38.0%     -    0s
     0     0 5199.01125    0  101 8378.38000 5199.01125  37.9%     -    0s
     0     0 5202.36568    0   99 8378.38000 5202.36568  37.9%     -    0s
     0     0 5202.36707    0  106 8378.38000 5202.36707  37.9%     -    0s
     0     0 5268.31202    0  154 8378.38000 5268.31202  37.1%     -    0s
H    0     0                    8373.2800000 5268.31202  37.1%     -    0s
     0     0 5275.12441    0  143 8373.28000 5275.12441  37.0%     -    0s
     0     0 5278.52588    0  150 8373.28000 5278.52588  37.0%     -    0s
     0     0 5278.66056    0  170 8373.28000 5278.66056  37.0%     -    0s
     0     0 5309.31507    0  141 8373.28000 5309.31507  36.6%     -    0s
     0     0 5313.24686    0  134 8373.28000 5313.24686  36.5%     -    0s
     0     0 5314.25216    0  131 8373.28000 5314.25216  36.5%     -    0s
     0     0 5314.27770    0  130 8373.28000 5314.27770  36.5%     -    0s
