




arguments: ./build/mirp_solver -f ./input/orig_exec_117.cfg
Current dir: /scratch/gui/bnc_mirp
File verbosity level: 9
date       time         ( uptime  ) [ thread name/id ]                   file:line     v| 
2021-01-09 22:51:36.012 (   0.152s) [main thread     ]             loguru.cpp:789   INFO| Logging to './output/vi_lex_quarter/OU/V5/Original/execution_09_01_2021_22_51_36.log', mode: 'a', verbosity: 9
--------------------------------------------------------------------------------
Parameters
                           instance_path           ./input/Instances/Original/3/
                            model_policy                                       1
                             nb_vehicles                                       5
                              output_dir ./output/vi_lex_quarter/OU/V5/Original/
                            sec_strategy                                       1
                       solver_nb_threads                                       2
                         solver_show_log                                    true
                       solver_time_limit                                    3600
                              use_vi_cos                                   false
                              use_vi_cus                                   false
                         use_vi_hc1_full                                   false
                         use_vi_hc1_half                                   false
                      use_vi_hc1_quarter                                   false
                              use_vi_hc2                                   false
                              use_vi_hc3                                   false
                         use_vi_lex_full                                   false
                         use_vi_lex_half                                   false
                      use_vi_lex_quarter                                    true
                              use_vi_qua                                   false
                               use_vi_vc                                   false
                               use_vi_vr                                   false
--------------------------------------------------------------------------------
executing instance: ./input/Instances/Original/3/absH3low_2n5.dat
--------------------------------------------------------------------------------
Instance details
n	6
H	3
C	237
Li:
[0, 0, 0, 0, 0, 0, ]
Ui:
[0, 93, 180, 51, 114, 24, ]
Distance matrix:
|0	170	318	35	112	235	|
|170	0	311	205	258	301	|
|318	311	0	326	278	137	|
|35	205	326	0	89	230	|
|112	258	278	89	0	160	|
|235	301	137	230	160	0	|

--------------------------------------------------------------------------------
Building model...
	using lazy and cut (CVRPSEP package)
Solving IRP LP...
--------------------------------------------------------------------------------

Gurobi 9.1.0 (linux64) logging started Sat Jan  9 22:51:36 2021

Gurobi Optimizer version 9.1.0 build v9.1.0rc0 (linux64)
Thread count: 32 physical cores, 32 logical processors, using up to 2 threads
Optimize a model with 249 rows, 414 columns and 1329 nonzeros
Model fingerprint: 0x4f836981
Variable types: 99 continuous, 315 integer (90 binary)
Coefficient statistics:
  Matrix range     [1e+00, 2e+02]
  Objective range  [1e-02, 3e+02]
  Bounds range     [1e+00, 2e+02]
  RHS range        [1e+01, 5e+02]
Presolve removed 24 rows and 36 columns
Presolve time: 0.01s

Explored 0 nodes (0 simplex iterations) in 0.01 seconds
Thread count was 1 (of 32 available processors)

Solution count 0

Model is infeasible
Best objective -, best bound -, gap -

User-callback calls 34, time in user-callback 0.00 sec

Computing Irreducible Inconsistent Subsystem (IIS)...

           Constraints          |            Bounds           |  Runtime
      Min       Max     Guess   |   Min       Max     Guess   |
--------------------------------------------------------------------------
        0       249         -         0       569         -           0s
       36        36         -        61        61         -           1s

IIS computed: 36 constraints, 61 bounds
IIS runtime: 0.56 seconds
================================================================================
executing instance: ./input/Instances/Original/3/absH3high_5n30.dat
--------------------------------------------------------------------------------
Instance details
n	31
H	3
C	2296
Li:
[0, 0, 0, 0, 0, 0, 0, 0, 0, 0, 0, 0, 0, 0, 0, 0, 0, 0, 0, 0, 0, 0, 0, 0, 0, 0, 0, 0, 0, 0, 0, ]
Ui:
[0, 80, 90, 297, 28, 264, 123, 192, 112, 32, 72, 88, 294, 129, 126, 105, 110, 237, 246, 92, 72, 147, 54, 96, 128, 96, 84, 28, 74, 196, 192, ]
Distance matrix:
|0	87	302	65	389	171	219	120	412	339	129	63	169	401	383	158	393	161	246	275	64	287	345	235	13	274	106	201	85	358	135	|
|87	0	334	128	402	212	301	204	465	384	187	145	232	424	454	238	475	245	289	352	80	307	352	321	81	352	20	261	170	376	215	|
|302	334	0	239	113	132	237	334	157	70	404	263	162	105	227	229	339	251	65	217	259	53	107	352	293	220	339	134	270	75	235	|
|65	128	239	0	330	107	175	130	348	275	174	40	107	339	326	114	351	125	181	224	58	228	290	222	58	224	143	138	65	297	92	|
|389	402	113	330	0	226	349	438	210	151	502	360	269	48	316	339	441	362	175	328	335	102	55	465	377	330	401	245	371	37	342	|
|171	212	132	107	226	0	169	214	253	173	276	134	64	233	261	130	326	153	77	188	133	125	192	264	162	190	220	68	145	193	125	|
|219	301	237	175	349	169	0	157	257	223	244	157	105	334	180	62	175	61	177	63	233	264	334	118	221	61	317	112	136	312	85	|
|120	204	334	130	438	214	157	0	402	348	88	90	173	438	336	115	307	100	269	220	172	338	406	122	130	218	224	204	69	403	101	|
|412	465	157	348	210	253	257	402	0	88	486	359	245	166	129	287	266	303	178	204	386	208	239	370	406	207	473	212	354	187	304	|
|339	384	70	275	151	173	223	348	88	0	427	291	179	120	166	234	290	254	96	187	306	123	166	342	332	190	391	145	291	119	247	|
|129	187	404	174	502	276	244	88	486	427	0	142	248	508	424	200	390	187	342	308	193	400	464	192	142	306	207	281	136	469	182	|
|63	145	263	40	360	134	157	90	359	291	142	0	114	366	321	95	331	99	202	212	90	258	323	186	65	211	163	148	27	327	72	|
|169	232	162	107	269	64	105	173	245	179	248	114	0	266	222	71	268	94	97	131	155	173	244	203	164	132	245	34	113	233	73	|
|401	424	105	339	48	233	334	438	166	120	508	366	266	0	280	332	409	355	169	305	353	117	96	452	391	308	425	237	374	49	339	|
|383	454	227	326	316	261	180	336	129	166	424	321	222	280	0	231	137	238	208	116	376	277	331	272	381	118	467	197	307	285	253	|
|158	238	229	114	339	130	62	115	287	234	200	95	71	332	231	0	238	23	164	118	171	243	314	134	159	117	255	95	77	302	23	|
|393	475	339	351	441	326	175	307	266	290	390	331	268	409	137	238	0	232	300	138	408	383	445	204	395	136	492	258	308	406	260	|
|161	245	251	125	362	153	61	100	303	254	187	99	94	355	238	23	232	0	187	123	183	267	338	111	164	121	262	117	77	325	34	|
|246	289	65	181	175	77	177	269	178	96	342	202	97	169	208	164	300	187	0	168	210	87	157	290	238	171	296	70	206	138	170	|
|275	352	217	224	328	188	63	220	204	187	308	212	131	305	116	118	138	123	168	0	279	255	322	166	275	3	367	120	195	291	141	|
|64	80	259	58	335	133	233	172	386	306	193	90	155	353	376	171	408	183	210	279	0	236	289	276	51	279	90	182	117	307	150	|
|287	307	53	228	102	125	264	338	208	123	400	258	173	117	277	243	383	267	87	255	236	0	71	374	276	257	308	153	270	71	245	|
|345	352	107	290	55	192	334	406	239	166	464	323	244	96	331	314	445	338	157	322	289	71	0	445	334	325	350	224	337	54	315	|
|235	321	352	222	465	264	118	122	370	342	192	186	203	452	272	134	204	111	290	166	276	374	445	0	243	164	341	221	159	428	142	|
|13	81	293	58	377	162	221	130	406	332	142	65	164	391	381	159	395	164	238	275	51	276	334	243	0	274	100	196	89	347	136	|
|274	352	220	224	330	190	61	218	207	190	306	211	132	308	118	117	136	121	171	3	279	257	325	164	274	0	367	122	194	294	140	|
|106	20	339	143	401	220	317	224	473	391	207	163	245	425	467	255	492	262	296	367	90	308	350	341	100	367	0	272	188	377	232	|
|201	261	134	138	245	68	112	204	212	145	281	148	34	237	197	95	258	117	70	120	182	153	224	221	196	122	272	0	146	208	103	|
|85	170	270	65	371	145	136	69	354	291	136	27	113	374	307	77	308	77	206	195	117	270	337	159	89	194	188	146	0	337	54	|
|358	376	75	297	37	193	312	403	187	119	469	327	233	49	285	302	406	325	138	291	307	71	54	428	347	294	377	208	337	0	306	|
|135	215	235	92	342	125	85	101	304	247	182	72	73	339	253	23	260	34	170	141	150	245	315	142	136	140	232	103	54	306	0	|

--------------------------------------------------------------------------------
Building model...
	using lazy and cut (CVRPSEP package)
Solving IRP LP...
--------------------------------------------------------------------------------

Gurobi 9.1.0 (linux64) logging started Sat Jan  9 22:51:37 2021

Gurobi Optimizer version 9.1.0 build v9.1.0rc0 (linux64)
Thread count: 32 physical cores, 32 logical processors, using up to 2 threads
Optimize a model with 1249 rows, 8014 columns and 19048 nonzeros
Model fingerprint: 0x4f165558
Variable types: 574 continuous, 7440 integer (465 binary)
Coefficient statistics:
  Matrix range     [1e+00, 5e+02]
  Objective range  [1e-01, 5e+02]
  Bounds range     [1e+00, 3e+02]
  RHS range        [1e+01, 4e+03]
Presolve removed 124 rows and 31 columns
Presolve time: 0.04s
Presolved: 1125 rows, 7983 columns, 18053 nonzeros
Variable types: 543 continuous, 7440 integer (6990 binary)

Root relaxation: objective 9.113521e+03, 1512 iterations, 0.05 seconds

    Nodes    |    Current Node    |     Objective Bounds      |     Work
 Expl Unexpl |  Obj  Depth IntInf | Incumbent    BestBd   Gap | It/Node Time

     0     0 9113.52057    0  122          - 9113.52057      -     -    0s
     0     0 9408.50492    0  100          - 9408.50492      -     -    0s
     0     0 9421.30555    0  144          - 9421.30555      -     -    0s
     0     0 9433.83835    0  117          - 9433.83835      -     -    0s
     0     0 9435.05140    0  130          - 9435.05140      -     -    0s
     0     0 9435.26284    0  130          - 9435.26284      -     -    0s
     0     0 9599.30108    0  187          - 9599.30108      -     -    0s
     0     0 9687.96668    0  176          - 9687.96668      -     -    0s
     0     0 9871.04410    0  229          - 9871.04410      -     -    1s
     0     0 9896.28125    0  228          - 9896.28125      -     -    1s
     0     0 9896.56917    0  225          - 9896.56917      -     -    1s
     0     0 10007.6507    0  282          - 10007.6507      -     -    1s
     0     0 10012.8064    0  290          - 10012.8064      -     -    1s
     0     0 10013.0379    0  270          - 10013.0379      -     -    1s
     0     0 10043.9640    0  238          - 10043.9640      -     -    2s
     0     0 10046.0695    0  269          - 10046.0695      -     -    2s
     0     0 10046.2481    0  229          - 10046.2481      -     -    2s
     0     0 10053.5379    0  281          - 10053.5379      -     -    2s
     0     0 10053.5379    0  241          - 10053.5379      -     -    3s
     0     2 10061.5296    0  280          - 10061.5296      -     -    4s
     5     8 10061.5296    2  324          - 10061.5296      -   272    5s
    74    77 10237.4360   27  215          - 10061.5296      -   293   10s
   148   158 10706.2430   52   91          - 10061.5296      -   279   15s
   326   298 10599.7854    9  232          - 10061.5296      -   205   20s
   395   376 10872.4753   20  192          - 10061.5296      -   238   25s
   520   527 11149.7883   45  137          - 10061.5296      -   231   30s
   692   781 12106.1284   76   85          - 10061.5296      -   204   35s
   843   794 12137.6928   85  367          - 10098.8002      -   180   40s
   864   808 12801.8743  134  452          - 10157.5788      -   176   45s
   887   823 12034.8426   83  445          - 10172.1685      -   171   50s
   910   839 10181.7998    7  596          - 10181.7998      -   167   55s
   936   856 10766.2619   17  520          - 10184.6590      -   162   60s
   964   876 12801.8743  134  201          - 10187.9928      -   180   65s
   989   892 12034.8426   83  366          - 10198.5390      -   175   70s
  1012   908 10530.3038   45  454          - 10205.7359      -   171   75s
  1030   920 11867.8363  111  562          - 10206.8525      -   168   80s
  1048   935 10227.6887   30  388          - 10213.0838      -   183   85s
  1085   960 10271.1590   39  371          - 10227.5497      -   196   90s
  1123   988 10356.1190   48  292          - 10227.5497      -   208   95s
  1164  1018 10703.9415   58  309          - 10227.5497      -   222  100s
  1210  1052 10966.0978   71  220          - 10227.5497      -   232  105s
  1253  1082 11226.1071   82  239          - 10227.5497      -   239  110s
  1310  1123 11397.3435   98  174          - 10227.5497      -   246  115s
  1378  1171 11581.3892  119  183          - 10227.5497      -   251  121s
  1436  1213 11720.2442  136  255          - 10227.5497      -   255  125s
  1502  1258 11836.8531  155  243          - 10227.5497      -   259  131s
  1550  1289 11925.3815  170  211          - 10227.5497      -   262  135s
  1612  1343 12083.6588  187  182          - 10227.5497      -   263  140s
  1690  1449 12305.8280  210  107          - 10227.5497      -   264  145s
  1874  1537 10306.1585   35  399          - 10227.7424      -   249  150s
  1988  1530 10604.7821   42  226          - 10227.7424      -   243  155s
  2044  1581 10858.5516   57  189          - 10227.7424      -   248  162s
  2102  1645 11029.4661   75  216          - 10227.7424      -   249  167s
  2155  1712 11479.6474   97  152          - 10227.7424      -   248  170s
  2281  1791 12434.5951  151   97          - 10227.7424      -   241  175s
  2516  1842 10284.6369   32  482          - 10228.0052      -   227  182s
  2547  1866 10470.5602   35  232          - 10228.0052      -   228  185s
  2610  1945 10352.8037   40  397          - 10228.0052      -   230  191s
  2683  1985 10400.3494   43  424          - 10228.0052      -   228  195s
  2841  2086 10506.1517   55  365          - 10228.0052      -   224  203s
  2930  2086 10577.8610   60  205          - 10228.0052      -   221  207s
  2952  2096 10777.6367   68  231          - 10228.0052      -   222  211s
  2990  2131 11118.8423   72  223          - 10228.0052      -   225  218s
  3017  2167 11137.3478   78  228          - 10228.0052      -   226  221s
  3062  2206 11292.1655   83  211          - 10228.0052      -   226  225s
  3141  2233 11283.3797   77  202          - 10228.0052      -   227  230s
  3256  2533 11839.5750  110  120          - 10228.0052      -   226  240s
  3540  2689 12292.8244  133   35          - 10233.3453      -   215  248s
  3747  2642 13829.7038  195    9          - 10233.3453      -   205  250s
  3921  2702 10850.4747   39  122          - 10234.7273      -   202  260s
  4000  2788 10988.0168   49   96          - 10234.7273      -   203  269s
  4039  2836 11008.8621   53   89          - 10234.7273      -   205  274s
  4087  2880 11075.3882   64  101          - 10234.7273      -   206  278s
  4131  2933 11196.8654   67   80          - 10234.7273      -   208  283s
  4184  3078 11291.1479   77   43          - 10236.3559      -   209  291s
  4438  3185 10408.9638   31  281          - 10236.3559      -   203  297s
  4495  3254 10521.3961   38  286          - 10236.3559      -   204  303s
  4564  3440 infeasible   47               - 10236.3559      -   205  310s
  4755  3685 11233.3334   66  135          - 10236.3559      -   203  318s
  4949  3685 12949.6734  116   53          - 10236.3559      -   200  320s
  5076  3707 infeasible  123               - 10239.5901      -   197  325s
  5113  3762 10660.0125   38  240          - 10239.6447      -   198  331s
  5168  3850 10900.5796   51  121          - 10239.6447      -   200  337s
  5272  3927 10358.8934   37  425          - 10239.6447      -   200  344s
  5349  4121 10656.5427   44  245          - 10239.6447      -   201  352s
  5614  4189 11038.5362   55  186          - 10239.6447      -   196  360s
  5651  4258 11144.3672   66  104          - 10239.6447      -   198  367s
  5720  4422 11397.8448   84   78          - 10239.6447      -   200  377s
  5943  4664 12186.5960  124   14          - 10245.5124      -   197  387s
  6307  4793 10813.7250   45  237          - 10245.5124      -   190  396s
  6409  5028 11094.0456   63   84          - 10246.7452      -   190  406s
  6676  5101 10356.5321   34  365          - 10246.7452      -   187  414s
  6731  5189 11263.5583   54  113          - 10246.7452      -   189  421s
  6819  5329 11373.7021   64   94          - 10246.7452      -   190  453s
  6963  5458 11931.0894   93   63          - 10246.7719      -   189  462s
  7161  5543 11073.4403   47  286          - 10252.1325      -   188  470s
  7226  5830 11251.3189   62  236          - 10252.1325      -   189  482s
  7577  5961 11941.1539   86   66          - 10255.1592      -   187  494s
  7661  5971 13173.6386  115    6          - 10255.1592      -   185  495s
  7737  6129 11294.7739   50  280          - 10255.1592      -   187  505s
  7883  6426 11649.4333   85   76          - 10255.8111      -   188  516s
  8322  6665 10810.0604   39  178          - 10255.9364      -   182  529s
  8406  6666 11779.0760   81   16          - 10255.9364      -   183  530s
  8536  6932 12107.9346   78   53          - 10256.0751      -   183  541s
  8931  7092 11251.9967   51  158          - 10266.2250      -   179  553s
  9036  7282 11670.5029   85   25          - 10266.2368      -   180  563s
  9295  7370 10992.5373   52  237          - 10271.1600      -   179  573s
  9364  7746 11483.7747   69  134          - 10271.1600      -   181  585s
  9864  7921 12027.4585   92  103          - 10277.9696      -   177  597s
 10080  8204 10986.9004   53   88          - 10277.9696      -   176  609s
 10329  8521 11873.3814   89   26          - 10278.5572      -   176  621s
 10774  8692 10922.6747   39  170          - 10282.6558      -   172  633s
 10902  8897 11463.2458   68   49          - 10282.7326      -   173  643s
 11201  9059 10926.8055   53  196          - 10282.7547      -   171  654s
 11324  9059 11427.1700   65  164          - 10282.7547      -   172  655s
 11326  9235 11777.0711   98   31          - 10283.2195      -   172  664s
 11418  9244 11292.5365   66  126          - 10284.7753      -   172  665s
 11594  9491 11559.0500   61    6          - 10286.6607      -   171  675s
 11882  9664 10847.7887   37  268          - 10286.6607      -   170  686s
 12075  9895 11875.9692   59  141          - 10290.4636      -   170  698s
 12245  9899 12766.8491  117    8          - 10290.4636      -   169  700s
 12346 10030 10444.2925   39  422          - 10290.4636      -   169  710s
 12513 10209 11202.7663   56  252          - 10292.4490      -   169  722s
 12775 10401 10456.4909   35  308          - 10292.4490      -   168  734s
 12927 10665 11391.6402   54  193          - 10292.4490      -   168  746s
 13233 10750 12104.5500   82    -          - 10294.8713      -   167  756s
 13333 11053 11094.1234   52  209          - 10294.8713      -   168  767s
 13657 11267 12401.4290  115   35          - 10297.5359      -   167  779s
 13740 11276 13807.5300  158    -          - 10297.5359      -   166  780s
 14001 11392 11215.7848   46  255          - 10300.4565      -   165  789s
 14045 11392 11723.6173   67   90          - 10300.4565      -   165  790s
 14067 11818 11725.8009   68   81          - 10300.6672      -   166  802s
 14702 11947 10365.0414   35  338          - 10300.7654      -   162  813s
 14738 12228 11448.0358   49  308          - 10300.7654      -   163  823s
 14926 12234 12460.7661   95   82          - 10300.7654      -   162  825s
 15091 12415 12336.4093   85   48          - 10304.4367      -   161  834s
 15173 12423 12672.7941  117   44          - 10304.4367      -   161  835s
 15339 12617 10728.4122   39  280          - 10306.1672      -   161  845s
 15542 12822 11658.1258   65   63          - 10308.2430      -   160  855s
 15771 13021 10641.0814   42  251          - 10308.2430      -   160  866s
 15985 13237 11875.2142   90   84          - 10310.5856      -   160  876s
 16277 13491 11179.7608   46  225          - 10310.5856      -   159  888s
 16464 13491 13273.1868  106   72          - 10310.5856      -   159  890s
 16529 13648 11537.7864   71  137          - 10312.2607      -   159  899s
 16576 13648 11946.3500   89   12          - 10312.2607      -   158  900s
 16737 13732 10675.9201   37  398          - 10312.2607      -   158  909s
 16809 13732 11532.2553   70  102          - 10312.2607      -   159  910s
 16817 14017 11572.4024   60  182          - 10312.2607      -   159  920s
 17130 14361 11986.0235   78  121          - 10312.2607      -   159  934s
 17254 14361 12529.3709  102   66          - 10312.2607      -   158  935s
 17575 14667 12496.4434  108   37          - 10322.9775      -   157  949s
 17792 14684 13263.2048  140   14          - 10322.9775      -   155  950s
 18088 14849 10896.1621   39  383          - 10322.9775      -   154  959s
 18159 15008 11348.9155   58  150          - 10322.9775      -   155  968s
 18387 15174 12398.1821   84   90          - 10324.1125      -   154  977s
 18565 15401 10808.3214   43  224          - 10324.1125      -   154  989s
 18633 15401 12044.6834  101   26          - 10324.1125      -   155  990s
 18838 15550 11692.8425   60  180          - 10324.1125      -   154 1000s
 18996 15595 infeasible   95               - 10326.0086      -   154 1009s
 19071 15756 11421.4321   54  226          - 10326.0086      -   155 1019s
 19168 15756 12512.2230  108  103          - 10326.0086      -   155 1020s
 19232 15945 11811.0496   82  131          - 10326.0386      -   155 1029s
 19274 15945 12346.5671  100   36          - 10326.0386      -   155 1030s
 19498 16044 10499.2946   34  393          - 10328.6321      -   154 1039s
 19572 16199 11405.2201   57  189          - 10328.6321      -   155 1048s
 19720 16207 12246.8500  107    -          - 10328.6321      -   155 1050s
 19795 16304 11836.3551   84  108          - 10333.5993      -   155 1058s
 19901 16410 10981.6268   50  228          - 10333.5993      -   155 1068s
 20001 16545 11513.3139   73  188          - 10333.5993      -   156 1078s
 20166 16733 11885.2536   91  138          - 10334.1921      -   156 1089s
 20209 16733 12259.7603  105   73          - 10334.1921      -   156 1090s
 20411 16828 10598.0474   39  437          - 10334.1921      -   155 1099s
 20485 16943 11496.7829   53  318          - 10334.1921      -   156 1108s
 20632 17118 12447.1683   79  109          - 10334.1921      -   156 1119s
 20786 17126 10990.0144   43  273          - 10334.1921      -   156 1120s
 20815 17317 13490.6833  118   20          - 10334.5414      -   156 1130s
 21124 17410 10699.0326   36  364          - 10334.8705      -   155 1139s
 21162 17470 11339.8596   52  146          - 10334.8705      -   156 1147s
 21222 17743 11538.8243   58  103          - 10334.8705      -   157 1158s
 21436 17743 12637.5775  129   25          - 10334.8705      -   156 1160s
 21530 17878 12335.3816   93   32          - 10340.5789      -   156 1169s
 21572 17879 12714.1683  112   44          - 10340.5789      -   156 1170s
 21737 17938 10887.8609   38  361          - 10340.7172      -   156 1178s
 21775 18064 11572.4004   54  217          - 10340.7172      -   156 1186s
 21909 18435 12607.0050   90   73          - 10340.9176      -   157 1200s
 22504 18685 10608.2055   34  331          - 10340.9493      -   154 1213s
 22680 18773 11316.4606   49  205          - 10340.9493      -   154 1222s
 22832 18862 11499.4362   67  170          - 10340.9493      -   154 1230s
 22900 19179 12106.5252   80  135          - 10343.0760      -   155 1242s
 23283 19288 10661.7285   46  285          - 10343.0760      -   154 1253s
 23448 19324 11064.5295   46  263          - 10343.0760      -   154 1255s
 23449 19412 11225.6968   71  195          - 10343.0760      -   154 1262s
 23537 19771 11979.6075   88  109          - 10343.0760      -   154 1274s
 23662 19771 12736.0155  128   69          - 10343.0760      -   154 1275s
 23934 20019 13113.6610  141   42          - 10344.5726      -   153 1285s
 24258 20161 11388.3593   56  147          - 10345.2728      -   152 1296s
 24393 20256 10641.4914   34  419          - 10345.2728      -   153 1306s
 24488 20428 11584.4070   46  155          - 10345.2728      -   153 1317s
 24752 20544 12649.9770   75  104          - 10345.8169      -   153 1328s
 24871 20599 10681.4134   34  366          - 10345.8169      -   153 1336s
 24911 20693 11968.5647   48  256          - 10345.8169      -   154 1345s
 25031 20791 12857.1528   76  125          - 10345.8169      -   154 1354s
 25074 20791 12969.1082   95  160          - 10345.8169      -   154 1355s
 25133 20965 13327.5016  106   29          - 10349.9951      -   154 1365s
 25372 21133 11222.4363   53  306          - 10349.9951      -   154 1377s
 25560 21345 12341.5089   76   73          - 10352.2848      -   154 1391s
 25816 21412 10500.5126   41  410          - 10352.2848      -   153 1401s
 25865 21483 11049.1112   50  284          - 10352.2848      -   154 1410s
 25954 21618 11938.2317   72  254          - 10352.2848      -   154 1420s
 26086 21705 12630.1692  113   49          - 10352.7791      -   155 1429s
 26127 21710 13546.6500  127    4          - 10352.7791      -   154 1430s
 26195 21805 10860.9481   41  301          - 10352.7791      -   155 1439s
 26304 21814 13406.2800  121   10          - 10352.7791      -   155 1440s
 26323 21887 11362.3743   61  165          - 10352.7791      -   155 1448s
 26393 22070 11983.7022   82   96          - 10353.6188      -   155 1459s
 26516 22072 12665.4900  123    -          - 10353.6188      -   155 1460s
 26620 22320 10655.6904   41  359          - 10353.6188      -   155 1473s
 26802 22327 13472.9905  159    3          - 10353.6188      -   155 1475s
 27023 22473 11863.1853   59  177          - 10353.6188      -   154 1485s
 27104 22697 12679.2797   91  187          - 10353.6671      -   154 1497s
 27401 22860 10673.1295   38  304          - 10353.6671      -   154 1509s
 27538 22865 13219.5900  112    -          - 10353.6671      -   154 1510s
 27587 22954 11564.2105   49  255          - 10353.6671      -   154 1519s
 27658 23156 13012.4442   88   54          - 10356.1286      -   154 1529s
 27889 23310 10925.1698   40  229          - 10356.1286      -   154 1540s
 28072 23444 11782.5349   66  146          - 10356.1286      -   154 1550s
 28220 23662 12301.2409   85   80          - 10356.4174      -   154 1563s
 28497 23714 10978.6118   54  253          - 10356.4349      -   154 1572s
 28521 23863 12065.4437   67  203          - 10356.4349      -   154 1582s
 28688 24058 13662.1194  114   70          - 10356.4923      -   155 1593s
 28862 24077 13720.3630   95   26          - 10356.5378      -   154 1595s
 29016 24264 11242.8410   43  216          - 10356.7892      -   154 1606s
 29267 24336 10705.2009   37  354          - 10357.1281      -   154 1615s
 29313 24472 11521.3826   48  130          - 10357.1281      -   154 1624s
 29455 24790 11985.7898   62   50          - 10357.1281      -   155 1636s
 29880 24928 12427.7427   84   70          - 10358.9362      -   154 1649s
 30050 24961 14425.1967  126    7          - 10358.9362      -   153 1650s
 30086 25094 10965.5697   44  272          - 10358.9362      -   153 1659s
 30217 25204 11905.1226   70   50          - 10359.0610      -   154 1669s
 30391 25264 10871.0829   42  409          - 10359.3773      -   154 1677s
 30427 25443 11746.9742   59  215          - 10359.3833      -   154 1690s
 30706 25600 10479.5751   36  431          - 10359.3833      -   154 1702s
 30875 25695 11112.2772   49  237          - 10359.3833      -   154 1713s
 30951 26003 11886.9169   86   68          - 10359.8820      -   154 1725s
 31349 26122 10595.3403   36  368          - 10359.8820      -   153 1736s
 31500 26215 11228.7351   45  221          - 10359.8820      -   153 1746s
 31567 26382 12260.3712   79  111          - 10361.2964      -   154 1756s
 31796 26462 11116.5189   53  296          - 10362.7621      -   153 1765s
 31862 26689 12448.8031   70  148          - 10363.2636      -   154 1776s
 32160 26759 10989.5466   39  282          - 10363.6945      -   153 1785s
 32208 26930 11736.0885   65  108          - 10363.6945      -   154 1797s
 32414 27006 13151.1705  103   18          - 10364.8116      -   154 1807s
 32517 27098 10804.9750   43  385          - 10364.8116      -   154 1816s
 32597 27310 11616.4768   56  125          - 10364.8116      -   154 1825s
 32846 27458 12153.5037   85   84          - 10365.0728      -   154 1836s
 33072 27593 10872.1259   41  333          - 10365.0728      -   153 1847s
 33170 27756 11665.4215   59   75          - 10365.0728      -   154 1857s
 33366 27932 12342.5423   82   70          - 10367.7717      -   154 1867s
 33593 28103 10805.0115   39  339          - 10367.7717      -   153 1879s
 33656 28108 12952.1667  112    4          - 10367.7717      -   154 1880s
 33856 28256 11709.5562   58  148          - 10367.7717      -   153 1890s
 33959 28371 12505.7483   91   65          - 10370.6877      -   153 1899s
 34003 28371 12833.8537  107   16          - 10370.6877      -   153 1900s
 34143 28474 11407.2043   52  149          - 10370.7266      -   153 1909s
 34230 28646 13087.3820   75  114          - 10372.5295      -   153 1920s
 34497 28732 11443.9776   55  203          - 10373.6374      -   153 1929s
 34531 28732 10622.9467   47  400          - 10373.6374      -   153 1930s
 34541 28977 13082.2057   88  179          - 10374.0068      -   153 1943s
 34794 29009 14499.9275  154   11          - 10374.0068      -   153 1945s
 34960 29136 10576.1038   39  349          - 10374.0068      -   152 1955s
 35054 29389 11930.0974   62  135          - 10375.1316      -   153 1967s
 35408 29493 10697.3423   41  342          - 10376.3138      -   152 1978s
 35481 29625 11826.8561   62   65          - 10376.3396      -   152 1988s
 35647 29772 10881.0972   39  228          - 10376.3396      -   152 1999s
 35765 29772 12145.2851   92   39          - 10376.3396      -   153 2000s
 35777 29938 11969.8637   64  165          - 10376.8417      -   153 2010s
 36005 30026 10724.3842   36  245          - 10377.5018      -   152 2020s
 36075 30163 11510.5124   60   83          - 10380.0516      -   153 2031s
 36265 30210 10542.2336   34  289          - 10380.0765      -   153 2040s
 36290 30334 11465.0881   49  154          - 10380.0765      -   153 2049s
 36372 30334 12392.0265   90   27          - 10380.0765      -   153 2050s
 36417 30472 12461.0666   91   40          - 10380.1057      -   153 2059s
 36500 30484 13814.4400  132    -          - 10380.1057      -   153 2060s
 36665 30573 10765.4387   41  195          - 10380.7610      -   153 2069s
 36716 30691 11164.1848   55   78          - 10380.7610      -   153 2079s
 36805 30693 12422.6631   84   37          - 10380.7610      -   153 2080s
 36897 30783 11838.9538   64   41          - 10381.8254      -   153 2089s
 36992 30924 10800.3838   42  246          - 10381.8254      -   153 2098s
 37133 31188 11658.6953   74   92          - 10383.3879      -   153 2111s
 37504 31270 10746.1812   33  252          - 10383.3994      -   153 2120s
 37537 31425 11302.8305   44  113          - 10383.3994      -   153 2131s
 37725 31532 12373.0382   80  150          - 10388.7164      -   153 2141s
 37880 31597 10844.6506   43  291          - 10391.5457      -   153 2150s
 37922 31708 12066.2696   59  119          - 10393.6742      -   153 2161s
 38069 31864 10692.2425   37  383          - 10393.6742      -   153 2172s
 38279 31930 11255.8720   46  223          - 10393.6742      -   153 2181s
 38313 32079 12467.3531   70  137          - 10393.6742      -   154 2191s
 38474 32201 13366.1850   97   87          - 10396.7022      -   154 2203s
 38661 32344 12139.2836   51  184          - 10398.7347      -   154 2214s
 38829 32353 15157.2500  161    -          - 10399.4822      -   153 2215s
 38844 32450 10904.3036   41  339          - 10399.4822      -   153 2224s
 38932 32450 11661.6991   84   18          - 10399.4822      -   154 2225s
 38934 32726 11661.8964   70  134          - 10399.4822      -   154 2236s
 39262 32874 12457.9694  107   49          - 10399.8263      -   153 2247s
 39569 32988 10769.2180   40  268          - 10399.9171      -   153 2257s
 39615 33092 11663.7380   58  135          - 10399.9171      -   153 2266s
 39746 33233 12731.4909   80  178          - 10400.3670      -   153 2278s
 39944 33332 10812.6296   37  284          - 10400.7676      -   153 2287s
 40018 33547 11712.3166   55   51          - 10401.0642      -   153 2299s
 40147 33551 12591.8079  110   36          - 10401.0642      -   153 2300s
 40369 33628 10708.3610   45  410          - 10402.3536      -   153 2309s
 40400 33779 11655.8061   58  163          - 10402.3536      -   153 2319s
 40575 33986 12577.2720   90   65          - 10402.4393      -   153 2330s
 40867 34127 13051.2299  106   39          - 10403.5206      -   153 2340s
 40999 34223 11012.3812   53   75          - 10403.5206      -   153 2349s
 41037 34223 11495.2977   61  169          - 10403.5206      -   153 2350s
 41082 34396 11669.9313   79  142          - 10403.9618      -   153 2361s
 41356 34489 10924.9501   41  366          - 10404.4455      -   153 2370s
 41404 34779 11694.4347   66  109          - 10404.4460      -   153 2382s
 41751 34826 12760.6500  112    -          - 10404.4620      -   152 2385s
 41879 34977 12379.5760  104   35          - 10404.8338      -   152 2393s
 42035 35061 11048.1664   59  206          - 10405.5451      -   152 2403s
*42095 31708             150    13776.420000 10405.5451  24.5%   152 2404s
 42105 31748 12041.6256   96   34 13776.4200 10406.8438  24.5%   152 2412s
 42182 31805     cutoff  142      13776.4200 10406.8504  24.5%   152 2421s
 42264 31822 11000.7846   50  302 13776.4200 10409.2555  24.4%   152 2431s
 42276 31873 11391.4445   56  186 13776.4200 10409.2555  24.4%   152 2439s
 42305 31873 11020.0092   44  318 13776.4200 10409.2555  24.4%   153 2440s
 42327 31986 11956.7193   77  126 13776.4200 10409.2555  24.4%   153 2450s
 42442 32130 12816.3546  100  120 13776.4200 10411.7130  24.4%   153 2461s
 42694 32170     cutoff  150      13776.4200 10413.8966  24.4%   153 2471s
 42714 32189 10896.0737   38  413 13776.4200 10417.4939  24.4%   153 2478s
 42733 32220 10899.9301   39  394 13776.4200 10417.4939  24.4%   153 2487s
 42764 32252 11459.4863   49  248 13776.4200 10417.4939  24.4%   153 2500s
 42796 32399 11719.8709   55  157 13776.4200 10417.4939  24.4%   153 2512s
 42971 32453 13084.7666   78   87 13776.4200 10417.5900  24.4%   153 2522s
 43073 32524     cutoff  102      13776.4200 10419.5256  24.4%   153 2534s
 43121 32524 12809.8400  101    6 13776.4200 10420.0204  24.4%   153 2535s
 43160 32546 10926.9565   45  366 13776.4200 10420.0204  24.4%   153 2543s
 43184 32597 11563.1244   53  193 13776.4200 10420.0204  24.4%   154 2558s
 43235 32730 12217.6859   70  186 13776.4200 10421.2237  24.4%   154 2572s
 43407 32766 10693.9060   40  441 13776.4200 10421.2744  24.4%   154 2581s
 43441 32840 11279.2825   47  220 13776.4200 10422.7138  24.3%   154 2593s
 43530 32872 11103.6723   53  431 13776.4200 10423.3489  24.3%   154 2602s
 43562 32986 11578.4686   60  303 13776.4200 10423.3489  24.3%   154 2613s
 43691 33003     cutoff  127      13776.4200 10423.8474  24.3%   154 2622s
 43721 33107 11076.5924   46  298 13776.4200 10424.7633  24.3%   155 2634s
 43764 33107 12977.7607   87   16 13776.4200 10424.7633  24.3%   155 2635s
 43871 33120 10584.0023   33  472 13776.4200 10424.8038  24.3%   155 2644s
 43884 33161 11115.5139   39  250 13776.4200 10424.8038  24.3%   155 2659s
 43925 33253 11595.5654   59  110 13776.4200 10425.4915  24.3%   155 2671s
 44057 33298 13570.2943  103   42 13776.4200 10426.7313  24.3%   155 2681s
 44108 33435 11876.2299   63  242 13776.4200 10428.0426  24.3%   155 2695s
 44283 33458 10697.9674   42  444 13776.4200 10428.0773  24.3%   155 2704s
 44304 33487 10971.4920   46  330 13776.4200 10428.0773  24.3%   155 2724s
 44333 33535 10915.3655   51  319 13776.4200 10428.0773  24.3%   155 2734s
 44412 33574 11191.7668   57  169 13776.4200 10428.0773  24.3%   156 2744s
 44452 33622 11351.9945   71  148 13776.4200 10428.0773  24.3%   156 2755s
 44500 33786 11510.8952   89  139 13776.4200 10429.9821  24.3%   156 2769s
 44623 33792 12717.1400  150    - 13776.4200 10429.9821  24.3%   156 2770s
 44709 33819     cutoff  152      13776.4200 10431.7284  24.3%   156 2781s
 44761 33836     cutoff  162      13776.4200 10432.8100  24.3%   156 2789s
 44779 33850 11064.7793   46  269 13776.4200 10432.8100  24.3%   156 2806s
 44793 33917 11494.1528   51  181 13776.4200 10432.8100  24.3%   156 2817s
 44860 34047 12841.2135   82  100 13776.4200 10433.4265  24.3%   157 2830s
 45036 34075 10748.1894   37  400 13776.4200 10433.7009  24.3%   156 2841s
 45066 34138 11595.8156   57   29 13776.4200 10435.3521  24.3%   157 2852s
 45160 34213     cutoff  105      13776.4200 10435.4116  24.3%   157 2863s
 45261 34297 11298.1389   63  155 13776.4200 10435.9501  24.2%   157 2876s
 45362 34326     cutoff  142      13776.4200 10436.9179  24.2%   157 2887s
 45396 34392 10924.9296   45  399 13776.4200 10436.9179  24.2%   157 2897s
 45481 34452 11582.2250   54  168 13776.4200 10438.0739  24.2%   157 2910s
 45557 34480 10661.5453   46  439 13776.4200 10439.6884  24.2%   157 2918s
 45582 34637 11166.1880   56  230 13776.4200 10439.6884  24.2%   157 2930s
 45747 34721 11841.0007   77  224 13776.4200 10439.6884  24.2%   157 2942s
*45843 32451             137    13465.010000 10439.6884  22.5%   157 2943s
 45855 32504 12241.7388  104   87 13465.0100 10442.9405  22.4%   158 2953s
 45943 32525     cutoff  123      13465.0100 10443.4170  22.4%   158 2962s
 45966 32585 11088.7705   40  237 13465.0100 10443.6175  22.4%   158 2975s
 46055 32647     cutoff   99      13465.0100 10443.7503  22.4%   158 2986s
 46132 32722 11371.2004   50  232 13465.0100 10444.3031  22.4%   158 2998s
 46230 32740     cutoff  114      13465.0100 10445.2466  22.4%   158 3006s
 46251 32795 10867.9954   45  333 13465.0100 10445.2466  22.4%   158 3016s
 46319 32831 11255.1903   51  262 13465.0100 10445.2466  22.4%   159 3038s
 46357 32931 11895.6504   61  114 13465.0100 10445.2466  22.4%   159 3050s
 46471 32984 12348.9219   78  177 13465.0100 10447.0878  22.4%   159 3061s
 46550 33062 10588.8049   31  405 13465.0100 10447.0878  22.4%   159 3073s
 46638 33088 11076.8738   41  379 13465.0100 10447.0878  22.4%   159 3082s
 46664 33181 12448.4612   56  127 13465.0100 10448.5271  22.4%   160 3094s
 46745 33182 12907.0910   85   60 13465.0100 10448.7494  22.4%   160 3095s
 46778 33211 13444.2275   89   68 13465.0100 10449.3970  22.4%   160 3103s
 46817 33292 11215.4445   44  179 13465.0100 10449.5262  22.4%   160 3114s
 46924 33328 13376.5252   97   43 13465.0100 10449.9533  22.4%   160 3125s
 46976 33436 12006.7532   75   84 13465.0100 10450.9123  22.4%   160 3135s
 47103 33555 11951.7794   58  136 13465.0100 10451.1977  22.4%   160 3147s
 47276 33581 10804.2925   42  348 13465.0100 10452.0280  22.4%   160 3157s
 47298 33607 11035.1076   48  296 13465.0100 10452.0280  22.4%   160 3166s
 47324 33626 11175.6237   52  217 13465.0100 10452.0280  22.4%   161 3177s
 47343 33681 11465.2489   55  266 13465.0100 10452.0280  22.4%   161 3187s
 47398 33834 11846.4110   67  185 13465.0100 10452.0280  22.4%   161 3199s
 47439 33834 12686.9728   86  104 13465.0100 10452.0280  22.4%   161 3200s
 47594 33881 12870.0105   90   79 13465.0100 10452.6722  22.4%   161 3213s
 47672 33946 10895.9242   34  319 13465.0100 10453.0724  22.4%   161 3224s
 47755 34002 11597.0686   46  264 13465.0100 10454.0162  22.4%   161 3235s
