




arguments: ./build/mirp_solver -f ./input/orig_exec_195.cfg
Current dir: /scratch/gui/bnc_mirp
File verbosity level: 9
date       time         ( uptime  ) [ thread name/id ]                   file:line     v| 
2021-01-10 08:09:05.938 (   0.226s) [main thread     ]             loguru.cpp:789   INFO| Logging to './output/vi_lex_quarter/OU/V5/Original/execution_10_01_2021_08_09_05.log', mode: 'a', verbosity: 9
--------------------------------------------------------------------------------
Parameters
                           instance_path           ./input/Instances/Original/5/
                            model_policy                                       1
                             nb_vehicles                                       5
                              output_dir ./output/vi_lex_quarter/OU/V5/Original/
                            sec_strategy                                       1
                       solver_nb_threads                                       2
                         solver_show_log                                    true
                       solver_time_limit                                    3600
                              use_vi_cos                                   false
                              use_vi_cus                                   false
                         use_vi_hc1_full                                   false
                         use_vi_hc1_half                                   false
                      use_vi_hc1_quarter                                   false
                              use_vi_hc2                                   false
                              use_vi_hc3                                   false
                         use_vi_lex_full                                   false
                         use_vi_lex_half                                   false
                      use_vi_lex_quarter                                    true
                              use_vi_qua                                   false
                               use_vi_vc                                   false
                               use_vi_vr                                   false
--------------------------------------------------------------------------------
executing instance: ./input/Instances/Original/5/absH3low_4n50.dat
--------------------------------------------------------------------------------
Instance details
n	51
H	3
C	4066
Li:
[0, 0, 0, 0, 0, 0, 0, 0, 0, 0, 0, 0, 0, 0, 0, 0, 0, 0, 0, 0, 0, 0, 0, 0, 0, 0, 0, 0, 0, 0, 0, 0, 0, 0, 0, 0, 0, 0, 0, 0, 0, 0, 0, 0, 0, 0, 0, 0, 0, 0, 0, ]
Ui:
[0, 108, 126, 122, 66, 120, 48, 30, 128, 54, 158, 198, 36, 66, 210, 234, 147, 297, 171, 128, 116, 120, 219, 70, 294, 207, 134, 128, 234, 122, 22, 183, 195, 255, 132, 124, 66, 189, 219, 66, 128, 102, 288, 66, 87, 136, 36, 39, 282, 36, 237, ]
Distance matrix:
|0	210	444	498	509	104	438	228	487	304	456	434	526	476	163	47	293	396	293	290	313	85	280	437	293	336	409	106	449	376	433	478	193	404	404	534	278	181	380	507	189	438	263	473	353	216	202	218	452	254	465	|
|210	0	299	507	359	106	345	409	358	411	320	402	555	448	136	200	289	264	306	427	141	222	83	348	264	320	283	303	380	208	258	357	170	348	475	542	243	347	355	379	65	479	172	373	355	251	112	229	402	210	300	|
|444	299	0	363	65	358	116	542	66	440	26	241	425	272	282	407	251	51	276	490	159	397	224	124	217	237	48	490	170	99	83	74	261	180	430	385	214	479	231	85	270	390	184	116	271	300	409	276	210	215	54	|
|498	507	363	0	385	482	246	424	326	254	343	123	63	93	388	452	221	337	211	314	428	414	480	239	243	187	324	463	194	418	438	307	346	188	156	36	264	392	156	326	444	87	340	258	154	286	603	294	153	297	417	|
|509	359	65	385	0	422	145	602	59	492	59	269	448	292	348	472	305	115	329	545	218	462	281	152	274	286	106	554	192	153	116	78	326	216	472	403	274	540	271	63	334	425	249	127	316	361	468	337	233	278	69	|
|104	106	358	482	422	0	372	309	408	337	374	396	521	441	98	96	262	314	271	342	215	124	177	373	249	302	329	198	394	281	337	402	139	353	419	518	230	250	343	428	90	437	188	405	328	200	134	188	406	199	372	|
|438	345	116	246	145	372	0	485	87	357	97	126	309	155	279	394	180	101	200	414	223	373	288	8	157	150	84	459	53	188	196	68	245	72	328	269	165	427	128	97	297	280	184	36	175	250	456	233	94	184	170	|
|228	409	542	424	602	309	485	0	561	170	544	419	424	446	298	214	305	491	286	115	462	187	457	480	331	339	496	124	470	510	565	545	295	424	279	454	329	66	376	576	363	340	370	520	330	242	429	266	453	328	581	|
|487	358	66	326	59	408	87	561	0	441	40	211	389	233	324	446	258	95	281	497	220	431	287	95	230	234	79	522	133	164	146	19	297	160	415	344	233	500	215	21	323	367	224	68	261	320	470	299	174	242	106	|
|304	411	440	254	492	337	357	170	441	0	434	266	255	286	275	266	189	392	164	63	408	225	428	351	224	207	392	234	330	438	484	424	250	287	112	284	232	149	233	453	349	170	302	389	185	168	471	195	305	248	487	|
|456	320	26	343	59	374	97	544	40	434	0	223	406	252	294	418	247	60	271	487	181	405	247	105	215	229	49	498	149	124	109	48	270	165	419	364	215	482	218	60	288	375	194	92	261	302	431	279	190	220	75	|
|434	402	241	123	269	396	126	419	211	266	223	0	185	46	298	387	140	213	145	328	310	355	366	118	147	97	201	425	78	295	315	191	256	65	211	151	166	371	53	215	343	157	231	145	90	220	505	217	41	198	295	|
|526	555	425	63	448	521	309	424	389	255	406	185	0	156	430	481	266	398	252	310	485	442	534	301	293	237	386	480	257	478	500	370	390	249	145	55	313	401	212	389	491	89	392	321	201	322	646	334	216	345	479	|
|476	448	272	93	292	441	155	446	233	286	252	46	156	0	343	429	183	250	184	348	353	396	411	148	192	140	236	461	102	334	350	214	302	106	214	113	212	402	98	233	389	151	277	165	125	261	551	260	62	244	325	|
|163	136	282	388	348	98	279	298	324	275	294	298	430	343	0	124	167	234	178	296	167	121	162	279	151	205	247	216	297	224	280	316	42	256	340	423	132	232	246	344	74	349	100	314	233	115	216	97	308	101	307	|
|47	200	407	452	472	96	394	214	446	266	418	387	481	429	124	0	246	358	245	259	284	41	261	392	247	289	370	103	403	345	402	436	150	358	361	488	232	158	333	466	165	393	223	430	306	168	217	171	406	210	431	|
|293	289	251	221	305	262	180	305	258	189	247	140	266	183	167	246	0	204	26	240	238	215	276	175	37	43	203	289	169	255	297	242	125	122	202	257	52	248	87	272	225	191	134	215	67	80	382	77	163	81	298	|
|396	264	51	337	115	314	101	491	95	392	60	213	398	250	234	358	204	0	229	442	130	347	196	108	169	194	19	440	152	87	102	93	211	149	390	363	165	428	194	116	228	355	134	117	230	250	376	225	189	164	95	|
|293	306	276	211	329	271	200	286	281	164	271	145	252	184	178	245	26	229	0	216	262	212	297	195	63	53	228	280	184	280	323	264	138	137	178	248	76	232	95	294	241	173	156	234	60	77	395	83	172	102	324	|
|290	427	490	314	545	342	414	115	497	63	487	328	310	348	296	259	240	442	216	0	443	220	456	408	273	264	443	204	390	479	529	480	278	346	165	343	278	115	293	509	369	229	340	447	244	202	473	230	366	288	536	|
|313	141	159	428	218	215	223	462	220	408	181	310	485	353	167	284	238	130	262	443	0	288	67	228	202	252	149	382	267	67	122	221	168	247	440	459	186	396	273	241	125	423	107	245	291	242	251	214	297	162	160	|
|85	222	397	414	462	124	373	187	431	225	405	355	442	396	121	41	215	347	212	220	288	0	273	371	221	258	357	95	378	344	401	420	136	331	321	450	208	126	302	450	177	353	213	409	272	136	253	143	377	190	426	|
|280	83	224	480	281	177	288	457	287	428	247	366	534	411	162	261	276	196	297	456	67	273	0	292	243	298	215	363	329	128	176	288	179	305	475	513	224	392	324	307	96	466	143	311	335	261	187	235	357	195	219	|
|437	348	124	239	152	373	8	480	95	351	105	118	301	148	279	392	175	108	195	408	228	371	292	0	154	144	91	456	46	194	203	76	244	65	320	261	163	423	121	103	299	273	185	40	168	247	459	230	86	183	178	|
|293	264	217	243	274	249	157	331	230	224	215	147	293	192	151	247	37	169	63	273	202	221	243	154	0	57	170	303	157	217	260	215	110	111	238	278	21	271	94	245	201	223	100	193	92	93	362	78	160	54	263	|
|336	320	237	187	286	302	150	339	234	207	229	97	237	140	205	289	43	194	53	264	252	258	298	144	57	0	190	331	131	257	294	216	163	84	197	221	77	285	44	246	258	172	155	183	39	123	418	119	120	110	288	|
|409	283	48	324	106	329	84	496	79	392	49	201	386	236	247	370	203	19	228	443	149	357	215	91	170	190	0	449	136	105	114	75	221	138	384	349	168	434	185	99	245	346	146	98	224	255	394	231	174	171	99	|
|106	303	490	463	554	198	459	124	522	234	498	425	480	461	216	103	289	440	280	204	382	95	363	456	303	331	449	0	458	439	496	510	229	410	344	498	293	89	374	540	267	391	307	495	336	211	308	226	451	280	520	|
|449	380	170	194	192	394	53	470	133	330	149	78	257	102	297	403	169	152	184	390	267	378	329	46	157	131	136	458	0	238	249	114	259	47	287	216	171	416	96	137	327	235	211	67	145	247	488	235	41	197	223	|
|376	208	99	418	153	281	188	510	164	438	124	295	478	334	224	345	255	87	280	479	67	344	128	194	217	257	105	439	238	0	57	169	216	230	453	445	206	445	268	184	191	427	141	202	296	278	315	250	274	191	92	|
|433	258	83	438	116	337	196	565	146	484	109	315	500	350	280	402	297	102	323	529	122	401	176	203	260	294	114	496	249	57	0	157	271	252	490	463	251	499	296	162	247	457	195	199	331	329	362	302	288	241	47	|
|478	357	74	307	78	402	68	545	19	424	48	191	370	214	316	436	242	93	264	480	221	420	288	76	215	216	75	510	114	169	157	0	287	141	396	325	219	485	196	31	319	347	216	49	243	306	469	286	154	230	120	|
|193	170	261	346	326	139	245	295	297	250	270	256	390	302	42	150	125	211	138	278	168	136	179	244	110	163	221	229	259	216	271	287	0	216	305	382	91	229	204	316	105	310	78	280	192	83	257	60	268	62	292	|
|404	348	180	188	216	353	72	424	160	287	165	65	249	106	256	358	122	149	137	346	247	331	305	65	111	84	138	410	47	230	252	141	216	0	255	215	126	369	56	168	292	210	177	102	103	200	454	189	54	155	234	|
|404	475	430	156	472	419	328	279	415	112	419	211	145	214	340	361	202	390	178	165	440	321	475	320	238	197	384	344	287	453	490	396	305	255	0	181	254	261	201	422	410	69	335	353	160	225	551	246	252	280	482	|
|534	542	385	36	403	518	269	454	344	284	364	151	55	113	423	488	257	363	248	343	459	450	513	261	278	221	349	498	216	445	463	325	382	215	181	0	298	425	189	342	479	115	373	276	190	323	638	330	175	332	439	|
|278	243	214	264	274	230	165	329	233	232	215	166	313	212	132	232	52	165	76	278	186	208	224	163	21	77	168	293	171	206	251	219	91	126	254	298	0	267	114	250	181	242	82	202	112	88	341	68	177	33	258	|
|181	347	479	392	540	250	427	66	500	149	482	371	401	402	232	158	248	428	232	115	396	126	392	423	271	285	434	89	416	445	499	485	229	369	261	425	267	0	325	516	298	313	305	463	281	180	375	203	403	264	516	|
|380	355	231	156	271	343	128	376	215	233	218	53	212	98	246	333	87	194	95	293	273	302	324	121	94	44	185	374	96	268	296	196	204	56	201	189	114	325	0	224	294	161	185	157	49	167	455	163	78	147	284	|
|507	379	85	326	63	428	97	576	21	453	60	215	389	233	344	466	272	116	294	509	241	450	307	103	245	246	99	540	137	184	162	31	316	168	422	342	250	516	224	0	344	371	244	70	271	337	490	317	176	261	120	|
|189	65	270	444	334	90	297	363	323	349	288	343	491	389	74	165	225	228	241	369	125	177	96	299	201	258	245	267	327	191	247	319	105	292	410	479	181	298	294	344	0	414	116	328	291	187	163	165	345	147	282	|
|438	479	390	87	425	437	280	340	367	170	375	157	89	151	349	393	191	355	173	229	423	353	466	273	223	172	346	391	235	427	457	347	310	210	69	115	242	313	161	371	414	0	323	301	133	238	565	253	197	273	444	|
|263	172	184	340	249	188	184	370	224	302	194	231	392	277	100	223	134	134	156	340	107	213	143	185	100	155	146	307	211	141	195	216	78	177	335	373	82	305	185	244	116	323	0	217	192	138	278	110	230	55	214	|
|473	373	116	258	127	405	36	520	68	389	92	145	321	165	314	430	215	117	234	447	245	409	311	40	193	183	98	495	67	202	199	49	280	102	353	276	202	463	157	70	328	301	217	0	205	286	485	269	106	220	167	|
|353	355	271	154	316	328	175	330	261	185	261	90	201	125	233	306	67	230	60	244	291	272	335	168	92	39	224	336	145	296	331	243	192	103	160	190	112	281	49	271	291	133	192	205	0	138	449	141	123	145	323	|
|216	251	300	286	361	200	250	242	320	168	302	220	322	261	115	168	80	250	77	202	242	136	261	247	93	123	255	211	247	278	329	306	83	200	225	323	88	180	167	337	187	238	138	286	138	0	328	28	243	88	340	|
|202	112	409	603	468	134	456	429	470	471	431	505	646	551	216	217	382	376	395	473	251	253	187	459	362	418	394	308	488	315	362	469	257	454	551	638	341	375	455	490	163	565	278	485	449	328	0	313	508	308	406	|
|218	229	276	294	337	188	233	266	299	195	279	217	334	260	97	171	77	225	83	230	214	143	235	230	78	119	231	226	235	250	302	286	60	189	246	330	68	203	163	317	165	253	110	269	141	28	313	0	235	61	315	|
|452	402	210	153	233	406	94	453	174	305	190	41	216	62	308	406	163	189	172	366	297	377	357	86	160	120	174	451	41	274	288	154	268	54	252	175	177	403	78	176	345	197	230	106	123	243	508	235	0	207	264	|
|254	210	215	297	278	199	184	328	242	248	220	198	345	244	101	210	81	164	102	288	162	190	195	183	54	110	171	280	197	191	241	230	62	155	280	332	33	264	147	261	147	273	55	220	145	88	308	61	207	0	253	|
|465	300	54	417	69	372	170	581	106	487	75	295	479	325	307	431	298	95	324	536	160	426	219	178	263	288	99	520	223	92	47	120	292	234	482	439	258	516	284	120	282	444	214	167	323	340	406	315	264	253	0	|

--------------------------------------------------------------------------------
Building model...
	using lazy and cut (CVRPSEP package)
Solving IRP LP...
--------------------------------------------------------------------------------

Gurobi 9.1.0 (linux64) logging started Sun Jan 10 08:09:06 2021

Gurobi Optimizer version 9.1.0 build v9.1.0rc0 (linux64)
Thread count: 32 physical cores, 32 logical processors, using up to 2 threads
Optimize a model with 2049 rows, 20844 columns and 46728 nonzeros
Model fingerprint: 0x57a36529
Variable types: 954 continuous, 19890 integer (765 binary)
Coefficient statistics:
  Matrix range     [1e+00, 4e+03]
  Objective range  [1e-02, 6e+02]
  Bounds range     [1e+00, 3e+02]
  RHS range        [1e+01, 7e+03]
Presolve removed 204 rows and 51 columns
Presolve time: 0.08s
Presolved: 1845 rows, 20793 columns, 44923 nonzeros
Variable types: 903 continuous, 19890 integer (19140 binary)

Root relaxation: objective 3.620553e+03, 2420 iterations, 0.10 seconds

    Nodes    |    Current Node    |     Objective Bounds      |     Work
 Expl Unexpl |  Obj  Depth IntInf | Incumbent    BestBd   Gap | It/Node Time

     0     0 3620.55296    0  173          - 3620.55296      -     -    0s
     0     0 3892.41468    0  178          - 3892.41468      -     -    0s
     0     0 3893.03391    0  175          - 3893.03391      -     -    0s
     0     0 3893.05017    0  188          - 3893.05017      -     -    1s
     0     0 4421.87336    0  273          - 4421.87336      -     -    1s
     0     0 4466.09601    0  295          - 4466.09601      -     -    1s
     0     0 4467.03737    0  303          - 4467.03737      -     -    1s
     0     0 4467.03737    0  299          - 4467.03737      -     -    1s
     0     0 4684.27814    0  307          - 4684.27814      -     -    2s
     0     0 4696.43742    0  343          - 4696.43742      -     -    2s
     0     0 4701.20383    0  351          - 4701.20383      -     -    2s
     0     0 4701.40247    0  359          - 4701.40247      -     -    3s
     0     0 4794.46972    0  399          - 4794.46972      -     -    3s
     0     0 4800.54703    0  435          - 4800.54703      -     -    4s
     0     0 4813.85135    0  418          - 4813.85135      -     -    4s
     0     0 4814.06984    0  431          - 4814.06984      -     -    4s
     0     0 4912.34618    0  389          - 4912.34618      -     -    6s
     0     0 4923.55211    0  374          - 4923.55211      -     -    7s
     0     0 4924.08691    0  412          - 4924.08691      -     -    7s
     0     0 4945.86459    0  373          - 4945.86459      -     -    8s
     0     0 4953.89070    0  399          - 4953.89070      -     -    9s
     0     0 4964.40704    0  476          - 4964.40704      -     -   10s
     0     0 4972.60679    0  458          - 4972.60679      -     -   10s
     0     0 4977.80116    0  464          - 4977.80116      -     -   11s
     0     0 4984.18237    0  412          - 4984.18237      -     -   11s
     0     0 4989.59009    0  436          - 4989.59009      -     -   11s
     0     0 4995.85005    0  487          - 4995.85005      -     -   12s
     0     0 4998.62602    0  464          - 4998.62602      -     -   12s
     0     0 4998.72698    0  486          - 4998.72698      -     -   12s
     0     0 5018.64578    0  471          - 5018.64578      -     -   13s
     0     0 5027.17770    0  404          - 5027.17770      -     -   14s
     0     0 5028.07864    0  502          - 5028.07864      -     -   14s
     0     0 5036.88201    0  479          - 5036.88201      -     -   15s
     0     0 5036.88201    0  434          - 5036.88201      -     -   17s
     0     2 5037.99603    0  434          - 5037.99603      -     -   22s
     5     5 5037.99603    1  268          - 5037.99603      -   175   25s
    13    10 5043.27560    1  460          - 5043.27560      -  67.4   30s
    25    18 5075.74552    1  443          - 5075.74552      -  35.0   37s
    36    26 5086.65158    1  592          - 5086.65158      -  24.3   40s
    52    36 5098.69570    1  600          - 5098.69570      -  16.8   45s
    60    42 5111.77053    1  539          - 5111.77053      -  14.6   50s
    77    53 5120.33921    1  536          - 5120.33921      -  11.4   55s
    89    61 5123.23895    1  510          - 5123.23895      -   9.8   60s
    98    67 5124.85552    1  581          - 5124.85552      -   8.9   65s
   122    83 5125.68368    1  539          - 5125.68368      -   7.2   70s
   147   101 5126.04650    1  242          - 5126.04650      -   203   75s
   157   108 5127.46712    1  493          - 5127.46712      -   190   80s
   165   113 5130.98041    1  644          - 5130.98041      -   181   87s
   171   117 5133.56781    1  565          - 5133.56781      -   174   90s
   188   128 5136.15601    1  592          - 5136.15601      -   158   95s
   198   135 5138.30501    1  645          - 5138.30501      -   150  106s
   210   145 5138.41969    1  316          - 5138.41969      -   220  110s
   219   151 5138.41969    1  563          - 5138.41969      -   211  115s
   238   163 5141.02710    1  643          - 5141.02710      -   194  121s
   250   171 5143.10454    1  739          - 5143.10454      -   184  125s
   265   181 5143.50125    1  753          - 5143.50125      -   174  130s
   279   191 5144.20186    1  718          - 5144.20186      -   165  135s
   298   203 5144.33204    1  695          - 5144.33204      -   155  140s
   311   213 5144.40426    1  273          - 5144.40426      -   206  145s
   318   218 5144.40426    1  597          - 5144.40426      -   201  150s
   331   226 5144.41443    1  717          - 5144.41443      -   193  160s
   333   228 5144.41443    1  717          - 5144.41443      -   192  166s
   334   231 5148.24764   54  541          - 5146.03104      -   236  174s
   336   233 5150.73634   55  604          - 5150.73634      -   237  177s
   338   234 5186.49338   55  621          - 5150.74639      -   241  180s
   347   241 5170.24614   58  428          - 5161.60156      -   254  185s
   370   256 5200.55300   65  303          - 5162.21223      -   262  190s
   392   268 5285.15038   64  501          - 5162.21223      -   272  195s
   424   297 5338.11668   85  182          - 5162.21223      -   280  200s
   461   321 5692.05805   97  117          - 5162.21223      -   283  205s
   502   353 6126.18116  113  118          - 5162.21223      -   284  210s
   551   397 6576.74291  134  119          - 5162.21223      -   278  215s
   632   459 7667.00585  168   59          - 5162.21223      -   264  220s
   749   547 8635.92873  219   37          - 5162.21223      -   240  225s
   898   622 12093.1702  290   15          - 5162.21223      -   210  230s
   988   637 5243.93570   59  518          - 5162.21223      -   198  236s
  1047   685 5275.54954   64  461          - 5162.21223      -   197  240s
  1088   740 5340.84649   67  385          - 5162.21223      -   196  245s
  1189   856 5448.92132   72  384          - 5162.21223      -   192  252s
  1235   921 5458.00765   73  459          - 5162.21223      -   189  255s
  1384  1102 5481.64949   76  475          - 5162.21223      -   178  262s
  1494  1175 5520.46807   78  400          - 5162.21223      -   169  268s
  1599  1180 5516.43567   78  363          - 5162.21223      -   160  271s
  1609  1192 5649.50905   81  395          - 5162.21223      -   164  276s
  1622  1206 5807.63795   85  269          - 5162.21223      -   167  280s
  1642  1227 5944.43047   90  260          - 5162.21223      -   170  285s
  1658  1242 6033.79639   95  225          - 5162.21223      -   173  290s
  1676  1265 6118.49910   98  258          - 5162.21223      -   176  295s
  1700  1286 6157.13718  105  161          - 5162.21223      -   178  300s
  1727  1320 6228.90165  114  190          - 5162.21223      -   182  306s
  1765  1354 6378.90877  122  169          - 5162.21223      -   184  312s
  1789  1379 6359.24474  127  166          - 5162.21223      -   188  317s
  1803  1400 6464.60140  131  137          - 5162.21223      -   190  320s
  1842  1451 6766.66668  142  133          - 5162.21223      -   193  326s
  1875  1507 6674.48821  150  114          - 5162.21223      -   193  330s
  1957  1554 6951.54276  179   46          - 5162.21223      -   193  335s
  2026  1689 7254.07298  191  149          - 5162.21223      -   193  343s
  2115  1751 7552.37986  211  127          - 5162.21223      -   190  350s
  2177  1855 7893.15583  230  121          - 5162.21223      -   189  355s
  2281  2004 7969.88579  254  106          - 5162.21223      -   186  362s
  2430  2163 8534.48710  277  131          - 5162.21223      -   180  369s
  2501  2163 9610.82319  308  105          - 5162.21223      -   177  370s
  2632  2343 9749.02025  313  117          - 5162.21223      -   172  379s
  2713  2343 7842.18452  319   74          - 5162.21223      -   169  380s
  2866  2400 9972.26406  354  112          - 5162.21223      -   163  387s
  2933  2443 10251.8096  385  112          - 5162.21223      -   162  393s
  2979  2479 10956.8786  403   92          - 5176.88389      -   161  400s
  3075  2502 5219.58104   59  600          - 5176.88389      -   160  406s
  3098  2521 5241.75287   63  555          - 5176.88389      -   161  410s
  3117  2553 5389.51740   66  418          - 5176.88389      -   162  415s
  3149  2596 5293.72711   69  363          - 5176.88389      -   163  420s
  3192  2638 5318.64982   72  376          - 5176.88389      -   164  426s
  3234  2686 5343.24381   72  421          - 5176.88389      -   164  432s
  3282  2759 5406.17413   75  448          - 5176.88389      -   165  438s
  3355  2831 5368.60068   78  352          - 5176.88389      -   165  445s
  3427  2942 5422.50667   81  312          - 5176.88389      -   164  453s
  3538  2992 5461.11762   88  286          - 5176.88389      -   163  460s
  3612  3026 5636.42592   94  247          - 5176.88389      -   162  466s
  3646  3076 5678.08949  100  206          - 5176.88389      -   163  472s
  3696  3162 5921.67763  117  124          - 5176.88389      -   164  480s
  3782  3216 6062.71430  162  160          - 5176.88389      -   164  487s
  3836  3306 6300.49498  182   98          - 5176.88389      -   166  495s
  3930  3330 6843.26551  239  128          - 5176.88389      -   166  522s
  3954  3537 6856.52979  250  138          - 5176.88389      -   165  531s
  4171  3789 7333.34821  355   74          - 5183.18863      -   161  543s
  4463  3954 5349.48900   64  353          - 5183.18863      -   155  555s
  4644  4000 5495.01120   71  267          - 5183.18863      -   153  564s
  4692  4072 5654.58753   82  230          - 5183.18863      -   154  573s
  4764  4261 5869.82996   98   74          - 5183.18863      -   156  583s
  4953  4618 6103.26900  144   72          - 5183.28316      -   154  596s
  5387  4663 5361.56057   63  378          - 5186.49571      -   146  608s
  5432  4729 5608.78580   80  203          - 5186.49571      -   148  617s
  5500  4785 5841.46887   96  157          - 5186.49571      -   149  626s
  5559  4964 5957.47669  114  144          - 5186.49571      -   150  637s
  5744  5032 7678.29393  202  101          - 5186.50003      -   149  648s
  5826  5305 5298.73875   58  506          - 5186.50003      -   150  660s
  6107  5400 5460.05108   73  244          - 5186.50003      -   146  673s
  6230  5450 5534.61499   83  313          - 5186.50003      -   146  683s
  6280  5530 5655.17796   92  279          - 5186.50003      -   148  693s
  6362  5688 5948.44980  108  219          - 5186.50003      -   149  704s
  6387  5688 6004.19802  118  210          - 5186.50003      -   149  705s
  6522  5970 6037.05014  122  173          - 5186.50003      -   148  718s
  6649  5970 6602.09771  200   63          - 5186.50003      -   147  720s
  6866  6213 6587.31635  171  107          - 5195.48908      -   144  734s
  6917  6213 7104.41169  186   79          - 5195.48908      -   144  735s
  7156  6240 5287.40076   57  609          - 5195.48908      -   141  746s
  7187  6270 5445.09565   67  331          - 5195.48908      -   143  756s
  7217  6334 5513.20619   79  259          - 5195.48908      -   144  770s
  7281  6604 5617.24091   97  158          - 5195.48908      -   146  789s
  7356  6604 5767.08415  149  100          - 5195.48908      -   146  790s
  7594  7048 6055.66067  155  123          - 5198.81352      -   144  811s
  7894  7048 6936.06926  395   67          - 5198.81352      -   141  815s
  8067  7185 5396.59707   67  335          - 5198.81352      -   140  830s
  8204  7520 5682.70059   89  238          - 5198.81352      -   142  848s
  8400  7520 6657.29088  208   73          - 5198.81352      -   141  850s
  8565  7702 6171.57810  159   63          - 5202.15291      -   140  867s
  8780  7821 5590.37844   77  252          - 5202.15291      -   139  882s
  8901  7986 5995.88124  142   50          - 5208.88441      -   140  899s
  8977  7986 6527.57114  196   24          - 5208.88441      -   139  900s
  9122  8076 5300.86098   68  501          - 5208.88441      -   139  914s
  9212  8210 5808.64346   90  260          - 5208.88441      -   141  928s
  9348  8587 6250.19643  110  165          - 5208.88441      -   142  945s
  9705  8587 7437.89723  296   21          - 5208.88441      -   140  950s
  9736  8838 6860.24259  210  110          - 5211.73305      -   140  966s
 10065  8879 5383.23857   61  498          - 5212.25265      -   138  982s
 10106  8942 5569.79897   70  362          - 5212.25265      -   140  995s
 10169  9029 5948.22843   88  183          - 5212.74402      -   141 1008s
 10284  9345 5545.02254   83  365          - 5212.74402      -   142 1024s
 10334  9345 5855.45654  111  128          - 5212.74402      -   142 1025s
 10632  9558 5902.60181  116   78          - 5214.92647      -   140 1042s
 10902  9853 5631.91062   84  211          - 5214.92647      -   139 1059s
 10977  9853 5983.98962  129  107          - 5214.92647      -   140 1060s
 11212 10113 6026.84412  135   67          - 5216.59315      -   139 1076s
 11490 10208 5421.46911   72  313          - 5216.59315      -   138 1091s
 11585 10391 5707.92778   91  203          - 5216.59315      -   139 1104s
 11635 10391 5896.96557  115  137          - 5216.59315      -   139 1105s
 11769 10657 6426.50420  155  118          - 5217.30200      -   140 1121s
 12088 10927 5618.44418   73  262          - 5217.30200      -   139 1142s
 12373 11366 5892.70092   86  190          - 5217.30200      -   138 1160s
 12699 11366 11854.9084  400   10          - 5217.30200      -   136 1165s
 12849 11514 6611.24525  155   82          - 5218.79097      -   135 1180s
 13029 11787 5655.34236   77  234          - 5218.79097      -   135 1200s
 13369 12010 6236.08960  103   56          - 5218.79097      -   134 1218s
 13574 12010 7690.10158  227   46          - 5218.79097      -   134 1220s
 13608 12134 8438.95228  233   41          - 5220.97252      -   134 1232s
 13766 12216 5546.30122   80  229          - 5220.97252      -   134 1246s
 13886 12493 5759.35603   99  138          - 5221.67556      -   135 1263s
 14063 12493 6948.67232  221   40          - 5221.67556      -   134 1265s
 14202 12634 5469.46367   69  351          - 5221.67556      -   134 1279s
 14347 12842 5917.32384   83  230          - 5221.67556      -   134 1295s
 14629 13108 6433.61247  137   78          - 5226.12633      -   134 1313s
 14808 13108 7187.22460  240   44          - 5226.12633      -   133 1315s
 14927 13164 5298.20033   64  399          - 5226.12633      -   133 1328s
 14983 13274 5646.23050   79  294          - 5226.12633      -   134 1341s
 15093 13655 5998.36772   99  172          - 5226.83393      -   134 1358s
 15239 13655 7343.49750  183   83          - 5226.83393      -   134 1360s
 15604 13742 5301.04369   64  623          - 5226.90743      -   132 1376s
 15693 13955 5611.98783   81  236          - 5226.90743      -   133 1392s
 15838 13955 6181.21667  177   14          - 5226.90743      -   133 1395s
 15936 14122 5847.43840  107   94          - 5226.90743      -   132 1409s
 16011 14122 6089.75182  154  110          - 5226.90743      -   132 1410s
 16102 14474 6557.58439  199   57          - 5226.97041      -   132 1427s
 16305 14474 8604.00022  295   55          - 5226.97041      -   131 1430s
 16596 14519 5391.54826   66  465          - 5229.57987      -   131 1444s
 16636 14600 5533.32210   76  333          - 5229.57987      -   131 1457s
 16717 14680 5951.68373   94  194          - 5229.57987      -   132 1471s
 16797 14872 6157.12566  108  189          - 5229.57987      -   133 1485s
 16989 15330 6662.59326  164   90          - 5229.69567      -   133 1506s
 17315 15330 6561.89071  227   86          - 5230.27675      -   132 1510s
 17536 15365 5272.14887   65  626          - 5230.27675      -   131 1523s
 17571 15438 5601.49061   79  328          - 5230.27675      -   132 1535s
 17644 15533 5874.19806  104  200          - 5230.27675      -   132 1548s
 17741 15533 5817.44489  112  247          - 5230.27675      -   133 1550s
 17745 15589 6551.92236  138  112          - 5230.29471      -   133 1561s
 17835 15665 5618.62434   81  190          - 5230.29471      -   133 1575s
 17911 15867 5894.52373  112  143          - 5231.29726      -   134 1589s
 17961 15867 6130.13200  148   43          - 5231.29726      -   134 1590s
 18157 16207 5612.97852   81  229          - 5231.29726      -   134 1608s
 18263 16207 6697.72631  227  119          - 5231.29726      -   134 1610s
 18538 16379 6090.57857  129  107          - 5231.89970      -   133 1629s
 18564 16379 6150.20861  145   61          - 5231.89970      -   133 1630s
 18756 16413 5674.97029   61  547          - 5231.89970      -   133 1642s
 18790 16463 6057.35315   71  377          - 5231.89970      -   133 1654s
 18840 16534 6168.46769   80  310          - 5231.89970      -   134 1666s
 18911 16628 6343.63434   92  155          - 5231.89970      -   135 1681s
 19005 16817 6590.78964  119  124          - 5231.89970      -   135 1696s
 19206 17648 6829.35979  183   59          - 5233.63017      -   136 1719s
 19256 17648 6962.39383  218   41          - 5233.63017      -   135 1720s
 20124 18023 5274.56811   63  476          - 5233.63017      -   132 1746s
 20401 18023 10201.4716  570   18          - 5233.63017      -   131 1750s
 20630 18078 5698.51832   85  151          - 5233.63017      -   130 1862s
 20676 18347 5832.31322   95  193          - 5233.63017      -   130 1879s
 20701 18347 5853.32305  115  174          - 5233.63017      -   130 1880s
 20977 18584 6302.99903  172   42          - 5235.55922      -   130 1898s
 21129 18584 7251.92613  265   25          - 5235.55922      -   129 1900s
 21244 18661 5364.13834   69  391          - 5235.55922      -   129 1913s
 21321 18743 5582.35934   88  308          - 5235.55922      -   130 1926s
 21403 18872 5819.43384  105  194          - 5235.55922      -   131 1939s
 21428 18872 5945.18738  120  165          - 5235.55922      -   131 1940s
 21534 19262 6115.54554  135  149          - 5235.71555      -   131 1958s
 21634 19262 6394.02345  208   66          - 5235.71555      -   131 1960s
 22012 19330 5352.78896   63  489          - 5236.33425      -   131 1978s
 22080 19492 5490.42423   72  422          - 5236.33425      -   131 1994s
 22244 19614 5799.84975   93  138          - 5236.33425      -   132 2010s
 22377 19983 6393.16949  133  148          - 5236.33425      -   132 2027s
 22529 19983 6988.72110  223  100          - 5236.33425      -   132 2030s
 22750 20168 7050.95824  229   69          - 5238.29154      -   132 2047s
 22998 20168 8215.87572  307   63          - 5240.46203      -   131 2050s
 23018 20227 5355.37639   71  495          - 5240.46203      -   131 2063s
 23077 20334 5803.99912   98  167          - 5240.46203      -   132 2076s
 23196 20639 6665.96069  151  110          - 5240.58316      -   132 2093s
 23555 20992 5584.38184   75  392          - 5240.58316      -   132 2112s
 24022 21214 5694.81426   86  296          - 5240.58316      -   131 2131s
 24218 21264 5837.59597   90  397          - 5240.58316      -   131 2147s
 24288 21352 5975.76172  107  243          - 5240.58316      -   131 2161s
 24376 21797 6266.89435  139  148          - 5240.58316      -   132 2177s
 24576 21797 6925.62270  270   84          - 5240.58316      -   132 2180s
 24821 22271 6991.52810  277   71          - 5242.18450      -   131 2198s
 24998 22271 8770.70694  371  111          - 5242.18450      -   130 2200s
 25415 22383 5595.83608   76  329          - 5244.00475      -   129 2217s
 25504 22711 5899.07420  107   78          - 5245.09510      -   130 2234s
 25555 22711 6222.45022  131   63          - 5245.09510      -   130 2235s
 25966 22730 5415.62232   62  452          - 5247.66565      -   129 2251s
 25979 22766 5508.13194   67  363          - 5247.66565      -   129 2262s
 26015 22852 5721.13168   77  307          - 5247.66565      -   130 2275s
 26101 22971 6018.07800   96  243          - 5247.66565      -   130 2289s
 26126 22971 6091.31828  107  199          - 5247.66565      -   130 2290s
 26220 23366 6191.35835  125  146          - 5247.66565      -   131 2306s
 26482 23366 6641.15970  194   86          - 5247.66565      -   130 2310s
 26651 23534 7157.86967  254   89          - 5249.29302      -   130 2325s
 26889 23573 5383.17416   77  453          - 5249.29302      -   130 2342s
 26928 23666 5715.62221   91  211          - 5249.29302      -   130 2356s
 27021 24209 5913.49419  120  169          - 5249.30030      -   131 2375s
 27607 24332 5352.38410   58  556          - 5249.30030      -   129 2395s
 27764 24548 5574.62119   67  535          - 5249.30030      -   130 2411s
 27967 24657 5695.16177   75  403          - 5249.30030      -   130 2426s
 28114 24859 6057.70993   91  241          - 5249.30030      -   130 2441s
 28321 25093 6541.84146  117  172          - 5251.59859      -   130 2460s
 28654 25178 5404.26562   58  508          - 5252.54931      -   130 2475s
 28741 25598 5763.01480   82  205          - 5252.54931      -   130 2491s
 29106 25599 7422.48602  226   54          - 5252.54931      -   130 2496s
 29205 25657 6747.31110  153   96          - 5252.57712      -   129 2510s
 29321 25698 5518.28656   68  483          - 5252.77515      -   130 2525s
 29361 25744 5697.85502   81  273          - 5252.77515      -   130 2537s
 29407 25802 5888.02915   91  220          - 5252.77515      -   131 2550s
 29465 25927 6097.22251  110  227          - 5252.77515      -   131 2564s
 29490 25927 6198.27901  126  105          - 5252.77515      -   131 2565s
 29590 26233 6459.58121  186   66          - 5254.31201      -   131 2584s
 29669 26233 6827.83868  222   71          - 5254.31201      -   131 2585s
 30065 26414 5341.29638   72  534          - 5254.31201      -   131 2603s
 30257 26561 5754.88182   80  368          - 5254.31201      -   131 2619s
 30384 26743 5577.06743   87  308          - 5254.31201      -   131 2635s
 30636 26865 5886.18830  105  161          - 5254.31201      -   131 2650s
 30758 27144 6307.12289  137  112          - 5255.71658      -   131 2668s
 31062 27461 5828.69550   89  200          - 5255.71658      -   131 2686s
 31415 27743 7048.88324  236   54          - 5259.39203      -   131 2711s
 31711 27743 7263.14607  255   42          - 5259.39514      -   130 2715s
 31750 27966 5963.22803  100  152          - 5260.91892      -   130 2732s
 31928 27966 6953.53779  217   45          - 5260.91892      -   130 2735s
 32003 28017 5380.54971   64  442          - 5260.91892      -   130 2749s
 32045 28017 5929.58400   95  213          - 5260.91892      -   131 2750s
 32054 28095 5615.34325   79  496          - 5260.91892      -   131 2763s
 32132 28354 5869.91054   97  180          - 5260.91892      -   131 2778s
 32399 28456 6289.53117  120  186          - 5263.04904      -   131 2796s
 32596 28514 5384.18415   74  485          - 5264.58846      -   131 2810s
 32656 28612 5702.79808   86  275          - 5264.58846      -   132 2823s
 32747 28612 6148.65264  130   72          - 5264.58846      -   132 2825s
 32754 29073 6009.31606  107  182          - 5264.58846      -   132 2840s
 33159 29073 6778.94434  334   39          - 5264.58846      -   131 2845s
 33233 29299 6536.32494  197   28          - 5266.32800      -   131 2862s
 33418 29300 7991.11656  297   11          - 5266.32800      -   131 2865s
 33550 29371 5463.66523   76  441          - 5267.03923      -   131 2878s
 33616 29574 5823.43539   90  285          - 5267.03923      -   131 2894s
 33666 29574 6256.57376  120  156          - 5267.03923      -   131 2895s
 33819 29967 6420.54298  127  171          - 5267.03923      -   131 2912s
 34036 29967 6555.42068  212   39          - 5267.03923      -   131 2915s
 34280 30030 7874.29259  225   73          - 5267.27135      -   131 2931s
 34373 30293 5976.00136   74  322          - 5267.27135      -   131 2947s
 34663 30667 6199.74559   91  209          - 5267.27135      -   131 2968s
 34738 30667 6618.40183  135   66          - 5267.27135      -   131 2970s
 35056 31008 6678.16895  170   28          - 5267.52177      -   131 2995s
 35427 31069 5384.25278   66  454          - 5267.52177      -   130 3011s
 35485 31230 5627.25283   88  158          - 5267.52177      -   130 3025s
 35647 31429 6108.87790  131  101          - 5268.43391      -   131 3044s
 35699 31429 6261.86563  172   58          - 5268.43391      -   131 3045s
 35881 31468 5502.63107   65  488          - 5268.90893      -   131 3060s
 35920 31515 5730.97817   78  321          - 5268.90893      -   131 3074s
 35967 31619 5927.67074   90  302          - 5268.90893      -   131 3089s
 35992 31619 6084.44893  105  222          - 5268.90893      -   131 3090s
 36071 31978 6131.54619  108  175          - 5268.90893      -   132 3110s
 36443 32217 7035.08780  184   76          - 5272.20680      -   131 3130s
 36737 32334 5558.60759   74  370          - 5272.20680      -   131 3146s
 36838 32563 5970.70199  104  126          - 5272.78623      -   131 3163s
 36913 32563 6610.53086  135   99          - 5272.78623      -   131 3165s
 37085 32659 5309.71580   67  657          - 5272.78623      -   132 3182s
 37209 32705 5457.11607   68  600          - 5272.78623      -   132 3197s
 37255 32818 5582.15405   81  445          - 5272.78623      -   132 3210s
 37368 33058 5830.44761   97  212          - 5272.78623      -   132 3226s
 37608 33203 6135.37291  120  168          - 5272.78623      -   132 3243s
 37713 33203 7134.21970  290   39          - 5272.78623      -   132 3245s
 37790 33604 6631.55006  146  103          - 5272.78623      -   132 3261s
 38041 33604 7253.81250  305   19          - 5272.78623      -   132 3265s
 38213 33723 8637.03351  343   19          - 5274.50814      -   132 3281s
