




arguments: ./build/mirp_solver -f ./input/orig_exec_234.cfg
Current dir: /scratch/gui/bnc_mirp
File verbosity level: 9
date       time         ( uptime  ) [ thread name/id ]                   file:line     v| 
2021-01-10 14:12:25.694 (   0.246s) [main thread     ]             loguru.cpp:789   INFO| Logging to './output/vi_lex_quarter/OU/V5/Original/execution_10_01_2021_14_12_25.log', mode: 'a', verbosity: 9
--------------------------------------------------------------------------------
Parameters
                           instance_path           ./input/Instances/Original/6/
                            model_policy                                       1
                             nb_vehicles                                       5
                              output_dir ./output/vi_lex_quarter/OU/V5/Original/
                            sec_strategy                                       1
                       solver_nb_threads                                       2
                         solver_show_log                                    true
                       solver_time_limit                                    3600
                              use_vi_cos                                   false
                              use_vi_cus                                   false
                         use_vi_hc1_full                                   false
                         use_vi_hc1_half                                   false
                      use_vi_hc1_quarter                                   false
                              use_vi_hc2                                   false
                              use_vi_hc3                                   false
                         use_vi_lex_full                                   false
                         use_vi_lex_half                                   false
                      use_vi_lex_quarter                                    true
                              use_vi_qua                                   false
                               use_vi_vc                                   false
                               use_vi_vr                                   false
--------------------------------------------------------------------------------
executing instance: ./input/Instances/Original/6/absH6high_1n25.dat
--------------------------------------------------------------------------------
Instance details
n	26
H	6
C	1711
Li:
[0, 0, 0, 0, 0, 0, 0, 0, 0, 0, 0, 0, 0, 0, 0, 0, 0, 0, 0, 0, 0, 0, 0, 0, 0, 0, ]
Ui:
[0, 168, 176, 34, 66, 36, 177, 106, 118, 182, 64, 141, 189, 63, 46, 111, 182, 231, 36, 66, 68, 54, 132, 90, 246, 75, ]
Distance matrix:
|0	191	200	231	334	329	146	196	208	245	218	164	283	394	151	358	156	196	309	253	201	260	127	138	130	104	|
|191	0	226	229	278	146	328	216	390	417	327	293	195	334	106	296	171	122	472	151	12	411	280	53	190	130	|
|200	226	0	38	149	359	321	10	276	274	418	364	139	204	121	173	321	115	303	141	225	236	155	202	311	256	|
|231	229	38	0	110	352	358	37	314	310	448	395	108	167	129	135	342	109	336	120	226	268	194	213	335	277	|
|334	278	149	110	0	367	467	147	422	413	546	495	86	61	203	25	423	163	429	129	271	363	303	282	424	361	|
|329	146	359	352	367	0	453	349	533	562	411	393	282	411	245	378	250	244	617	245	141	556	426	195	284	243	|
|146	328	321	358	467	453	0	321	162	215	160	112	425	524	297	491	223	341	284	397	339	266	186	276	184	210	|
|196	216	10	37	147	349	321	0	281	281	414	360	132	203	112	171	315	105	311	132	216	244	159	193	305	249	|
|208	390	276	314	422	533	162	281	0	54	321	271	410	471	316	445	348	348	123	398	398	115	125	338	313	309	|
|245	417	274	310	413	562	215	281	54	0	375	323	413	457	334	435	393	361	70	406	424	69	139	367	359	349	|
|218	327	418	448	546	411	160	414	321	375	0	57	484	606	347	569	163	393	444	446	339	421	318	288	137	199	|
|164	293	364	395	495	393	112	360	271	323	57	0	437	556	300	519	144	346	393	401	305	367	261	249	109	163	|
|283	195	139	108	86	282	425	132	410	413	484	437	0	139	137	101	349	91	443	44	187	375	286	206	355	291	|
|394	334	204	167	61	411	524	203	471	457	606	556	139	0	264	38	483	222	467	183	326	403	356	341	484	421	|
|151	106	121	129	203	245	297	112	316	334	347	300	137	264	0	225	220	46	381	102	106	316	195	84	221	158	|
|358	296	173	135	25	378	491	171	445	435	569	519	101	38	225	0	444	184	450	145	288	384	328	303	446	383	|
|156	171	321	342	423	250	223	315	348	393	163	144	349	483	220	444	0	261	460	308	183	415	284	143	39	65	|
|196	122	115	109	163	244	341	105	348	361	393	346	91	222	46	184	261	0	402	56	118	336	224	119	264	200	|
|309	472	303	336	429	617	284	311	123	70	444	393	443	467	381	450	460	402	0	442	477	68	192	424	426	413	|
|253	151	141	120	129	245	397	132	398	406	446	401	44	183	102	145	308	56	442	0	143	375	273	164	315	251	|
|201	12	225	226	271	141	339	216	398	424	339	305	187	326	106	288	183	118	477	143	0	416	286	63	202	142	|
|260	411	236	268	363	556	266	244	115	69	421	367	375	403	316	384	415	336	68	375	416	0	135	365	384	363	|
|127	280	155	194	303	426	186	159	125	139	318	261	286	356	195	328	284	224	192	273	286	135	0	232	256	229	|
|138	53	202	213	282	195	276	193	338	367	288	249	206	341	84	303	143	119	424	164	63	365	232	0	153	89	|
|130	190	311	335	424	284	184	305	313	359	137	109	355	484	221	446	39	264	426	315	202	384	256	153	0	64	|
|104	130	256	277	361	243	210	249	309	349	199	163	291	421	158	383	65	200	413	251	142	363	229	89	64	0	|

--------------------------------------------------------------------------------
Building model...
	using lazy and cut (CVRPSEP package)
Solving IRP LP...
--------------------------------------------------------------------------------

Gurobi 9.1.0 (linux64) logging started Sun Jan 10 14:12:26 2021

Gurobi Optimizer version 9.1.0 build v9.1.0rc0 (linux64)
Thread count: 32 physical cores, 32 logical processors, using up to 2 threads
Optimize a model with 2072 rows, 11462 columns and 27992 nonzeros
Model fingerprint: 0x5a31d3b2
Variable types: 932 continuous, 10530 integer (780 binary)
Coefficient statistics:
  Matrix range     [1e+00, 3e+02]
  Objective range  [1e-01, 6e+02]
  Bounds range     [1e+00, 2e+02]
  RHS range        [1e+01, 3e+03]
Presolve removed 182 rows and 26 columns
Presolve time: 0.06s
Presolved: 1890 rows, 11436 columns, 26409 nonzeros
Variable types: 906 continuous, 10530 integer (9780 binary)

Root relaxation: objective 1.504889e+04, 3364 iterations, 0.13 seconds

    Nodes    |    Current Node    |     Objective Bounds      |     Work
 Expl Unexpl |  Obj  Depth IntInf | Incumbent    BestBd   Gap | It/Node Time

     0     0 15048.8904    0  267          - 15048.8904      -     -    0s
     0     0 15288.5200    0  337          - 15288.5200      -     -    0s
     0     0 15332.3884    0  299          - 15332.3884      -     -    0s
     0     0 15332.5142    0  306          - 15332.5142      -     -    1s
     0     0 15596.9200    0  377          - 15596.9200      -     -    1s
     0     0 15654.9962    0  373          - 15654.9962      -     -    2s
     0     0 15669.6928    0  364          - 15669.6928      -     -    2s
     0     0 15675.3971    0  370          - 15675.3971      -     -    2s
     0     0 15675.4061    0  382          - 15675.4061      -     -    2s
     0     0 16027.2007    0  485          - 16027.2007      -     -    3s
     0     0 16056.0144    0  480          - 16056.0144      -     -    3s
     0     0 16058.2588    0  482          - 16058.2588      -     -    4s
     0     0 16058.3204    0  501          - 16058.3204      -     -    4s
     0     0 16351.3356    0  515          - 16351.3356      -     -    5s
     0     0 16370.5613    0  488          - 16370.5613      -     -    5s
     0     0 16373.6325    0  497          - 16373.6325      -     -    6s
     0     0 16375.0108    0  539          - 16375.0108      -     -    6s
     0     0 16375.6782    0  559          - 16375.6782      -     -    6s
     0     0 16505.0925    0  552          - 16505.0925      -     -    7s
     0     0 16531.0218    0  587          - 16531.0218      -     -    8s
     0     0 16538.8352    0  588          - 16538.8352      -     -    9s
     0     0 16553.5287    0  571          - 16553.5287      -     -    9s
     0     0 16553.7735    0  601          - 16553.7735      -     -   10s
     0     0 16658.2348    0  553          - 16658.2348      -     -   11s
     0     0 16661.5408    0  616          - 16661.5408      -     -   11s
     0     0 16662.2039    0  560          - 16662.2039      -     -   11s
     0     0 16691.2541    0  643          - 16691.2541      -     -   13s
     0     0 16694.1763    0  584          - 16694.1763      -     -   13s
     0     0 16699.2722    0  633          - 16699.2722      -     -   14s
     0     0 16709.3963    0  610          - 16709.3963      -     -   14s
     0     0 16711.3533    0  607          - 16711.3533      -     -   15s
     0     0 16737.9646    0  557          - 16737.9646      -     -   15s
     0     0 16744.5891    0  717          - 16744.5891      -     -   16s
     0     0 16747.3416    0  652          - 16747.3416      -     -   16s
     0     0 16770.8651    0  781          - 16770.8651      -     -   17s
     0     0 16773.8653    0  608          - 16773.8653      -     -   18s
     0     0 16774.1967    0  642          - 16774.1967      -     -   18s
     0     0 16776.9356    0  592          - 16776.9356      -     -   19s
     0     0 16777.3881    0  575          - 16777.3881      -     -   19s
     0     0 16778.1966    0  633          - 16778.1966      -     -   19s
     0     0 16779.1238    0  526          - 16779.1238      -     -   20s
     0     2 16779.1238    0  526          - 16779.1238      -     -   22s
     7    10 16802.3899    3  594          - 16792.0825      -  1388   25s
    22    25 16865.5572    7  598          - 16796.5376      -  1356   30s
    43    47 16916.9490   14  537          - 16796.5376      -  1061   35s
    81    86 16999.5736   26  531          - 16796.5376      -   817   40s
   111   112 17137.1623   35  532          - 16796.5376      -   745   45s
   143   150 17225.4527   42  483          - 16796.5376      -   720   50s
   199   206 17495.0213   49  385          - 16796.5376      -   604   55s
   245   241 17692.2703   59  384          - 16796.5376      -   554   61s
   285   275 18271.4105   82  377          - 16796.5376      -   540   66s
   322   316 18734.0969  101  302          - 16796.5376      -   527   71s
   356   362 19030.1812  115  301          - 16796.5376      -   513   75s
   429   439 19692.5708  153  242          - 16796.5376      -   474   81s
   464   471 19872.3857  175  252          - 16796.5376      -   453   86s
   544   567 20933.6403  216  274          - 16796.5376      -   414   91s
   661   628 23260.1208  290  215          - 16796.5376      -   363   95s
   693   651 17087.3892    4  740          - 16802.7926      -   368  100s
   717   677 17103.2914    9  694          - 16802.7926      -   376  105s
   737   678 17651.6323   55  526          - 16802.7926      -   375  110s
   743   682 23277.1206  291  575          - 16802.7926      -   372  116s
   747   685 19312.6082  135  679          - 17091.2433      -   370  120s
   753   689 22641.6704  260  772          - 17176.8807      -   367  125s
   763   695 21122.5398  233  776          - 17225.5113      -   363  130s
   773   702 18777.3239  106  652          - 17245.1672      -   358  135s
   783   709 19877.4717  179  720          - 17255.7671      -   353  140s
   791   714 19605.9158  162  737          - 17258.4635      -   350  145s
   800   722 18945.4210  110  434          - 17258.6213      -   405  150s
   806   726 17472.4305   42  584          - 17258.6213      -   402  155s
   817   733 20925.6383  223  667          - 17299.6154      -   397  160s
   829   741 19015.6761  116  701          - 17319.4187      -   391  166s
   837   746 17651.6323   55  797          - 17324.2499      -   387  170s
   842   750 17326.1309   39  789          - 17326.1309      -   385  178s
   844   751 17326.9596   23  788          - 17326.9596      -   384  180s
   845   755 17328.2318   19  647          - 17328.2318      -   426  192s
   847   756 17329.6221   20  620          - 17329.6221      -   426  200s
   849   757 17379.3264   20  643          - 17329.6498      -   427  208s
   851   759 17337.8218   21  634          - 17329.6852      -   428  212s
   853   760 17353.7829   21  596          - 17337.9409      -   430  215s
   861   765 17389.0568   23  656          - 17353.8138      -   438  221s
   868   771 17401.4791   25  725          - 17353.8138      -   444  226s
   871   774 17404.9157   26  739          - 17353.8138      -   445  247s
   879   781 17431.3551   28  704          - 17353.8138      -   449  251s
   888   784 17447.7756   30  685          - 17353.8138      -   456  256s
   899   796 17494.7128   33  654          - 17353.8138      -   466  261s
   912   801 17535.5067   35  607          - 17353.8138      -   472  265s
   929   817 17582.1755   40  611          - 17353.8138      -   479  272s
   937   820 17583.6969   42  570          - 17353.8138      -   483  275s
   948   827 17590.5624   45  575          - 17353.8138      -   489  280s
   961   838 17714.4421   48  566          - 17353.8138      -   501  285s
   977   852 17726.2824   51  618          - 17353.8138      -   509  291s
   988   861 17818.7217   53  600          - 17353.8138      -   514  295s
  1011   877 17768.8863   58  569          - 17353.8138      -   519  300s
  1025   885 17813.1314   61  489          - 17353.8138      -   523  321s
  1051   889 18083.4249   66  501          - 17353.8138      -   533  328s
  1058   898 18127.0850   68  491          - 17353.8138      -   537  331s
  1069   916 18145.2569   72  475          - 17353.8138      -   542  335s
  1111   943 18327.9981   86  403          - 17353.8138      -   546  344s
  1132   958 18303.5156   92  392          - 17353.8138      -   550  348s
  1154   975 18527.4284   98  368          - 17353.8138      -   553  352s
  1178   997 18548.6416  105  389          - 17353.8138      -   554  357s
  1208  1016 18604.5058  114  390          - 17353.8138      -   554  362s
  1237  1038 18864.6622  123  350          - 17353.8138      -   556  367s
  1269  1065 19194.7288  131  390          - 17353.8138      -   555  372s
  1307  1087 19867.2853  142  373          - 17353.8138      -   555  378s
  1343  1114 20359.7856  154  387          - 17353.8138      -   553  383s
  1382  1137 20791.1800  165  365          - 17353.8138      -   554  389s
  1420  1160 21008.1494  176  353          - 17353.8138      -   554  395s
  1456  1187 infeasible  187               - 17353.8138      -   555  401s
  1519  1223 21447.9783  207  253          - 17353.8138      -   546  407s
  1577  1271 21562.9586  225  337          - 17353.8138      -   540  414s
  1651  1322 21856.5218  252  234          - 17353.8138      -   530  421s
  1729  1378 22100.2029  282  309          - 17353.8138      -   521  428s
  1813  1433 22165.2973  312  285          - 17353.8138      -   510  435s
  1898  1492 22545.2239  343  256          - 17353.8138      -   501  443s
  1987  1540 22305.3288  375  256          - 17353.8138      -   491  451s
  2081  1624 22450.0535  412  240          - 17353.8138      -   480  459s
  2157  1598 22579.8766  450  233          - 17353.8138      -   469  460s
  2205  1685 22681.9889  455  271          - 17353.8138      -   465  468s
  2308  1794 22834.3906  493  266          - 17353.8138      -   456  477s
  2451  1933 23128.8639  549  240          - 17353.8138      -   443  487s
  2652  2057 24313.4428  629  168          - 17353.8138      -   421  497s
  2805  2006 25430.8145  707  118          - 17353.8138      -   405  500s
  2869  2022 infeasible  721               - 17353.9955      -   401  507s
  2930  2041 17555.5704   25  601          - 17353.9955      -   400  515s
  2969  2090 17688.1798   30  514          - 17353.9955      -   401  523s
  3031  2159 17796.9810   35  519          - 17353.9955      -   401  531s
  3123  2237 17904.1641   39  532          - 17353.9955      -   398  541s
  3223  2348 17961.7963   44  479          - 17353.9955      -   395  551s
  3334  2446 18119.7774   56  452          - 17353.9955      -   391  561s
  3432  2543 18309.5318   67  434          - 17353.9955      -   389  571s
  3529  2667 18430.7548   77  367          - 17353.9955      -   387  582s
  3657  2893 18679.9855   92  272          - 17353.9955      -   382  595s
  3887  3080 18970.9571  129  269          - 17353.9955      -   370  610s
  4084  3125 20027.3798  156  247          - 17353.9955      -   361  622s
  4151  3202 20169.8240  184  257          - 17353.9955      -   361  633s
  4228  3273 20291.4536  218  254          - 17353.9955      -   363  645s
  4303  3358 20394.9543  251  233          - 17353.9955      -   365  657s
  4388  3455 20686.0635  288  218          - 17353.9955      -   366  670s
  4493  3594 20945.1267  333  185          - 17353.9955      -   368  683s
  4634  3766 21413.8627  387  161          - 17364.3565      -   366  702s
  4846  3849 17652.5062   23  631          - 17364.3565      -   361  719s
  4933  3965 17729.2951   27  623          - 17364.3565      -   361  732s
  5051  4103 17840.0773   33  562          - 17364.3565      -   360  746s
  5189  4273 17973.8198   39  488          - 17364.3565      -   358  762s
  5359  4538 18142.9734   51  406          - 17364.3565      -   355  780s
  5630  4636 18570.7070   75  326          - 17364.3565      -   345  798s
  5744  4810 19062.3507  149  298          - 17364.3565      -   346  818s
  5875  4810 19558.6202  235  262          - 17364.3565      -   341  820s
  5918  5046 19911.0437  262  254          - 17364.3565      -   342  838s
  6051  5046 21497.9091  331  197          - 17364.3565      -   338  840s
  6165  5513 22772.1893  386  184          - 17379.3520      -   337  870s
  6465  5513 24785.6207  551   92          - 17379.3520      -   327  875s
  6741  5544 17693.0714   24  611          - 17379.3520      -   322  891s
  6772  5596 17870.6659   28  587          - 17379.3520      -   327  904s
  6824  5675 17866.8342   31  626          - 17379.3520      -   330  920s
  6903  5805 17904.2495   32  657          - 17379.3520      -   332  935s
  7033  6018 18006.5332   36  593          - 17379.3520      -   331  952s
  7246  6404 18079.8368   44  488          - 17379.3520      -   327  976s
  7452  6404 20769.8813  459  191          - 17379.3520      -   324  980s
  7656  6619 18169.1390   47  447          - 17379.3520      -   317 1006s
  7923  6682 18201.1568   51  452          - 17379.3520      -   313 1026s
  7986  6750 18425.9976   60  352          - 17379.3520      -   316 1043s
  8054  6809 19165.3732   79  291          - 17379.3520      -   319 1060s
  8114  6941 19293.9474  106  318          - 17379.3520      -   321 1079s
  8163  6941 19453.9289  132  299          - 17379.3520      -   321 1080s
  8246  7132 19654.9547  189  256          - 17379.3520      -   322 1101s
  8439  7374 20909.8415  326  219          - 17395.0826      -   320 1132s
  8648  7374 22617.0242  417  194          - 17395.0826      -   316 1135s
  8724  7411 17758.9826   22  549          - 17395.0826      -   318 1152s
  8761  7469 18036.4306   26  573          - 17395.0826      -   321 1169s
  8819  7554 18119.6896   29  561          - 17395.0826      -   324 1189s
  8904  7736 18226.0220   36  414          - 17395.0826      -   325 1209s
  9094  7836 18537.6063   52  405          - 17395.0826      -   324 1230s
  9228  8031 18989.4788   77  363          - 17395.0826      -   325 1252s
  9348  8031 19224.8500  176  296          - 17395.0826      -   323 1255s
  9423  8224 19498.8879  221  331          - 17395.0826      -   324 1276s
  9620  8489 20708.3896  335  212          - 17395.0826      -   322 1303s
  9854  8489 18341.4921   44  429          - 17395.0826      -   317 1305s
  9890  8936 21456.9377  494  189          - 17404.2685      -   319 1330s
 10223  8936 24470.3790  711   78          - 17404.2685      -   310 1335s
 10431  9151 17758.7890   25  637          - 17404.2685      -   308 1357s
 10587  9151 19340.4998  192  277          - 17404.2685      -   308 1360s
 10646  9332 18066.0400   34  502          - 17404.2685      -   307 1382s
 10848  9388 18299.4026   49  463          - 17404.2685      -   306 1403s
 10930  9461 18680.1978   60  421          - 17404.2685      -   309 1421s
 11003  9609 19331.7769   91  313          - 17404.2685      -   311 1441s
 11163  9721 19979.6979  182  242          - 17411.9818      -   312 1465s
 11309  9790 17830.9675   22  724          - 17411.9818      -   313 1485s
 11378  9890 17838.2933   23  747          - 17411.9818      -   315 1504s
 11478 10222 18161.3918   31  673          - 17411.9818      -   316 1599s
 11772 10222 20139.3060  375  205          - 17411.9818      -   312 1602s
 11818 10332 18345.0616   36  662          - 17411.9818      -   311 1622s
 11969 10356 18612.7954   43  529          - 17411.9818      -   311 1641s
 11993 10401 18564.3002   44  588          - 17411.9818      -   314 1660s
 12038 10464 18878.0815   52  473          - 17411.9818      -   317 1680s
 12101 10596 19099.1850   66  396          - 17411.9818      -   320 1700s
 12233 10953 19587.9329  100  376          - 17411.9818      -   321 1726s
 12441 10953 19744.7705  158  157          - 17411.9818      -   319 1730s
 12594 11340 19944.4802  161  325          - 17411.9818      -   316 1755s
 13013 11847 20421.1473  218  263          - 17411.9818      -   311 1787s
 13303 11847 22694.5164  434  129          - 17411.9818      -   306 1790s
 13550 11896 23296.5722  624  103          - 17431.9310      -   303 1820s
 13624 11911 17767.1082   28  628          - 17432.2563      -   306 1838s
 13639 11955 17984.0979   34  545          - 17432.2563      -   307 1855s
 13683 12032 18177.9385   45  411          - 17432.2563      -   310 1874s
 13762 12239 18726.2977   64  363          - 17432.2563      -   312 1897s
 13906 12239 19353.7330   85  291          - 17432.2563      -   312 1900s
 13969 12852 19302.6460  114  280          - 17432.2563      -   312 1927s
 14132 12852 19905.1366  233  170          - 17432.2563      -   310 1930s
 14560 12852 21377.6015  302  135          - 17432.2563      -   303 1937s
 14597 13416 20443.6912  359  152          - 17449.7424      -   303 1968s
 14785 13416 21421.3476  494  178          - 17449.7424      -   300 1970s
 15229 13439 17854.7781   30  645          - 17450.6145      -   295 1991s
 15252 13477 18038.3183   35  622          - 17450.6145      -   297 2009s
 15290 13558 18285.2147   44  435          - 17450.6145      -   299 2029s
 15360 13558 18620.9828   64  321          - 17450.6145      -   300 2030s
 15371 13621 18806.5427   66  296          - 17450.6145      -   300 2049s
 15419 13621 18905.7228   94  368          - 17450.6145      -   301 2050s
 15448 13772 18992.6429  102  344          - 17450.6145      -   302 2071s
 15607 13973 19489.2553  195  266          - 17450.6145      -   302 2097s
 15749 13973 19825.8173  315  245          - 17450.6145      -   301 2100s
 15808 14242 20458.6036  350  279          - 17450.6145      -   301 2125s
 16079 14617 20970.2488  532  256          - 17453.7000      -   300 2160s
 16321 14617 23508.4952  682  161          - 17453.7000      -   297 2165s
 16506 14785 17888.9069   28  525          - 17453.7000      -   296 2189s
 16677 14804 18332.7839   40  454          - 17453.7000      -   296 2210s
 16708 14825 18514.5531   46  422          - 17453.7000      -   298 2313s
 16729 14856 18544.3795   53  311          - 17477.2367      -   299 2333s
 16770 14888 18237.3788   28  514          - 17477.2367      -   302 2353s
 16802 14962 18339.9421   33  480          - 17477.2367      -   304 2373s
 16876 15182 18748.9512   41  454          - 17477.2367      -   306 2398s
 17100 15811 19360.4657   61  395          - 17477.2367      -   305 2429s
 17124 15811 19454.6725   71  338          - 17477.2367      -   306 2430s
 17747 16303 19883.4060  152  291          - 17477.2367      -   298 2461s
 17982 16303 22299.7295  570  121          - 17477.2367      -   296 2465s
 18286 16303 infeasible  774               - 17477.2367      -   292 2470s
 18292 16800 21098.1933  313  182          - 17477.2367      -   293 2497s
 18439 16800 21152.1428  436  192          - 17477.2367      -   291 2500s
 18768 16800 23308.3316  647  149          - 17477.2367      -   287 2505s
 18878 16816 infeasible  681               - 17481.3277      -   287 2522s
 18906 16843 17922.8724   36  606          - 17481.3277      -   289 2538s
 18933 16878 18219.4194   40  537          - 17481.3277      -   290 2556s
 18968 16926 18430.2498   53  432          - 17481.3277      -   292 2572s
 19016 16975 18748.1033   62  477          - 17481.3277      -   293 2590s
 19065 17098 19076.5711   72  416          - 17481.3277      -   295 2610s
 19188 17519 19545.3958   90  275          - 17481.3277      -   296 2638s
 19393 17519 19857.1800  208  232          - 17481.3277      -   295 2641s
 19613 18049 20055.2561  158  323          - 17481.3277      -   293 2669s
 19693 18049 20190.3336  217  275          - 17481.3277      -   292 2670s
 20057 18049 21443.7125  495  123          - 17481.3277      -   289 2675s
 20179 18559 20492.0069  430  239          - 17483.0853      -   288 2714s
 20203 18559 20542.0864  454  196          - 17483.0853      -   287 2715s
 20591 18559 23310.2113  752   66          - 17483.0853      -   284 2720s
 20744 18582 17889.3289   29  607          - 17483.0853      -   284 2737s
 20767 18614 18107.0790   34  590          - 17483.0853      -   285 2754s
 20799 18649 18310.6595   42  531          - 17483.0853      -   287 2773s
 20834 18756 18621.5845   50  460          - 17483.0853      -   288 2793s
 20938 18756 19314.1194  105  255          - 17483.0853      -   290 2795s
 20941 19098 18836.5556   65  393          - 17483.0853      -   290 2829s
 20996 19098 19331.2600   91  251          - 17483.0853      -   290 2830s
 21305 19310 19462.6746  104  257          - 17483.0853      -   289 2859s
 21377 19310 19665.4523  144  224          - 17483.0853      -   288 2860s
 21519 19605 20105.9021  254  192          - 17483.0853      -   288 2889s
 21615 19605 20612.6669  328  205          - 17483.0853      -   287 2890s
 21818 20101 23112.7661  474  207          - 17495.5149      -   287 2917s
 22087 20101 23813.5941  611   13          - 17495.5149      -   284 2920s
 22408 20149 17961.1082   24  610          - 17495.5149      -   282 2939s
 22414 20149 18489.9638   46  471          - 17495.5149      -   283 2940s
 22448 20202 18178.5127   29  665          - 17495.5149      -   283 2957s
 22501 20281 18176.1529   31  680          - 17495.5149      -   284 2977s
 22582 20598 18209.2564   32  648          - 17495.5149      -   285 3001s
 22901 20631 18365.5666   36  471          - 17495.5149      -   283 3023s
 22948 20665 18477.6309   38  438          - 17495.5149      -   285 3043s
 22982 20730 18848.2550   48  303          - 17495.5149      -   286 3063s
 23049 20782 18966.8962   75  312          - 17495.5149      -   287 3084s
 23101 20832 19366.1499   77  315          - 17495.5149      -   288 3104s
 23157 20982 19401.2238   83  392          - 17495.5149      -   290 3150s
 23319 21382 19384.2580   85  356          - 17495.5149      -   290 3193s
 23436 21382 19529.2685  188  157          - 17495.5149      -   290 3195s
 23769 21464 19695.2053   98  331          - 17495.5149      -   288 3219s
 23830 21464 19739.6379  131  325          - 17495.5149      -   288 3220s
 23851 21788 19766.3291  142  307          - 17495.5149      -   289 3244s
 23923 21788 19974.1875  192  301          - 17495.5149      -   289 3245s
 24175 22026 20387.5599  413  237          - 17516.6206      -   287 3272s
 24343 22026 20823.5400  559  185          - 17516.6206      -   285 3275s
 24481 22062 17819.3494   32  630          - 17516.6206      -   285 3294s
 24517 22127 18166.1618   39  557          - 17516.6206      -   286 3313s
 24582 22217 18493.7218   51  448          - 17516.6206      -   287 3333s
 24674 22324 18764.2952   65  390          - 17516.6206      -   288 3353s
 24781 22537 19073.9129   79  354          - 17516.6206      -   289 3378s
 24889 22537 20548.0405  196  271          - 17516.6206      -   289 3380s
 25014 23053 19379.5471  100  311          - 17516.6206      -   289 3409s
 25068 23053 19515.6825  137  337          - 17516.6206      -   289 3410s
 25447 23053 23132.2692  460   24          - 17516.6206      -   286 3415s
 25576 23311 19981.6209  158  266          - 17516.6206      -   285 3440s
 25828 23426 20710.3579  321  225          - 17553.8675      -   284 3463s
 25959 23461 17879.2984   35  529          - 17553.8675      -   285 3480s
 25994 23506 18071.8301   43  595          - 17553.8675      -   286 3497s
 26039 23581 18300.4816   47  594          - 17553.8675      -   287 3516s
 26114 23668 18756.6794   62  352          - 17553.8675      -   288 3535s
 26203 23910 19344.0356   76  322          - 17553.8675      -   289 3558s
 26348 23910 20477.0750  175  281          - 17553.8675      -   289 3560s
 26447 24270 19522.3989  117  309          - 17553.8675      -   288 3586s
 26743 24270 21330.1242  357  241          - 17553.8675      -   287 3590s
 26807 24553 20376.6183  222  235          - 17553.8675      -   287 3600s

Cutting planes:
  User: 6925
  Gomory: 45
  Cover: 658
  Implied bound: 44
  Projected implied bound: 62
  Clique: 11
  MIR: 675
  StrongCG: 10
  Flow cover: 1169
  Zero half: 30
  Network: 9
  RLT: 582
  Relax-and-lift: 35
  Lazy constraints: 89

Explored 27100 nodes (7749878 simplex iterations) in 3604.15 seconds
Thread count was 2 (of 32 available processors)

Solution count 0

Time limit reached
Best objective -, best bound 1.755386746466e+04, gap -

User-callback calls 444270, time in user-callback 263.86 sec
================================================================================
executing instance: ./input/Instances/Original/6/absH6high_1n20.dat
--------------------------------------------------------------------------------
Instance details
n	21
H	6
C	1651
Li:
[0, 0, 0, 0, 0, 0, 0, 0, 0, 0, 0, 0, 0, 0, 0, 0, 0, 0, 0, 0, 0, ]
Ui:
[0, 36, 182, 182, 90, 261, 117, 30, 110, 42, 276, 153, 40, 94, 144, 46, 129, 213, 264, 160, 174, ]
Distance matrix:
|0	371	401	343	361	341	370	115	392	400	79	266	292	245	355	431	265	194	95	92	348	|
|371	0	37	141	110	250	117	438	67	131	372	305	115	238	247	255	235	296	392	430	185	|
|401	37	0	175	100	284	146	472	90	156	406	342	152	275	280	282	242	333	415	455	178	|
|343	141	175	0	239	110	38	374	95	60	314	182	67	130	106	127	318	201	397	423	303	|
|361	110	100	239	0	341	222	451	177	240	385	374	190	304	341	361	151	345	354	398	78	|
|341	250	284	110	341	0	143	337	203	151	289	102	152	97	15	95	394	156	415	431	398	|
|370	117	146	38	222	143	0	407	61	30	346	220	81	167	137	139	317	237	417	447	292	|
|115	438	472	374	451	337	407	0	443	434	66	241	339	251	351	431	374	181	201	177	450	|
|392	67	90	95	177	203	61	443	0	66	379	275	104	216	197	193	294	283	427	461	252	|
|400	131	156	60	240	151	30	434	66	0	374	237	112	189	142	127	344	261	448	477	312	|
|79	372	406	314	385	289	346	66	379	374	0	202	275	197	304	383	316	134	175	166	388	|
|266	305	342	182	374	102	220	241	275	237	202	0	191	70	117	196	386	73	352	359	415	|
|292	115	152	67	190	152	81	339	104	112	275	191	0	123	154	193	252	183	336	366	246	|
|245	238	275	130	304	97	167	251	216	189	197	70	123	0	110	187	322	72	319	334	346	|
|355	247	280	106	341	15	137	351	197	142	304	117	154	110	0	80	399	171	427	444	400	|
|431	255	282	127	361	95	139	431	193	127	383	196	193	187	80	0	444	251	499	519	429	|
|265	235	242	318	151	394	317	374	294	344	316	386	252	322	399	444	0	332	226	273	97	|
|194	296	333	201	345	156	237	181	283	261	134	73	183	72	171	251	332	0	279	286	375	|
|95	392	415	397	354	415	417	201	427	448	175	352	336	319	427	499	226	279	0	47	321	|
|92	430	455	423	398	431	447	177	461	477	166	359	366	334	444	519	273	286	47	0	368	|
|348	185	178	303	78	398	292	450	252	312	388	415	246	346	400	429	97	375	321	368	0	|

--------------------------------------------------------------------------------
Building model...
	using lazy and cut (CVRPSEP package)
Solving IRP LP...
--------------------------------------------------------------------------------

Gurobi 9.1.0 (linux64) logging started Sun Jan 10 15:12:30 2021

Gurobi Optimizer version 9.1.0 build v9.1.0rc0 (linux64)
Thread count: 32 physical cores, 32 logical processors, using up to 2 threads
Optimize a model with 1677 rows, 7677 columns and 19419 nonzeros
Model fingerprint: 0x667b910e
Variable types: 747 continuous, 6930 integer (630 binary)
Coefficient statistics:
  Matrix range     [1e+00, 3e+02]
  Objective range  [1e-01, 5e+02]
  Bounds range     [1e+00, 3e+02]
  RHS range        [1e+01, 3e+03]
Presolve removed 147 rows and 21 columns
Presolve time: 0.04s
Presolved: 1530 rows, 7656 columns, 18151 nonzeros
Variable types: 726 continuous, 6930 integer (6330 binary)

Root relaxation: objective 1.423789e+04, 3097 iterations, 0.11 seconds

    Nodes    |    Current Node    |     Objective Bounds      |     Work
 Expl Unexpl |  Obj  Depth IntInf | Incumbent    BestBd   Gap | It/Node Time

     0     0 14237.8872    0  228          - 14237.8872      -     -    0s
     0     0 14434.3680    0  259          - 14434.3680      -     -    0s
     0     0 14465.8438    0  252          - 14465.8438      -     -    0s
     0     0 14465.8489    0  259          - 14465.8489      -     -    0s
     0     0 14614.0737    0  349          - 14614.0737      -     -    1s
     0     0 14703.2183    0  348          - 14703.2183      -     -    1s
     0     0 14704.4241    0  347          - 14704.4241      -     -    1s
     0     0 14705.1199    0  352          - 14705.1199      -     -    1s
     0     0 14705.1199    0  345          - 14705.1199      -     -    1s
     0     0 14964.7540    0  405          - 14964.7540      -     -    2s
     0     0 15018.0485    0  400          - 15018.0485      -     -    2s
     0     0 15031.1665    0  425          - 15031.1665      -     -    2s
     0     0 15032.3522    0  427          - 15032.3522      -     -    3s
     0     0 15032.9982    0  450          - 15032.9982      -     -    3s
     0     0 15035.5262    0  477          - 15035.5262      -     -    3s
     0     0 15035.9932    0  476          - 15035.9932      -     -    3s
     0     0 15141.1901    0  489          - 15141.1901      -     -    4s
     0     0 15160.1588    0  533          - 15160.1588      -     -    4s
     0     0 15167.7585    0  503          - 15167.7585      -     -    4s
     0     0 15170.8359    0  544          - 15170.8359      -     -    4s
     0     0 15170.9974    0  545          - 15170.9974      -     -    4s
     0     0 15236.6545    0  512          - 15236.6545      -     -    5s
     0     0 15245.7150    0  468          - 15245.7150      -     -    5s
     0     0 15246.4766    0  453          - 15246.4766      -     -    6s
     0     0 15278.2141    0  403          - 15278.2141      -     -    6s
     0     0 15283.0772    0  462          - 15283.0772      -     -    6s
     0     0 15284.6570    0  512          - 15284.6570      -     -    6s
     0     0 15287.6167    0  518          - 15287.6167      -     -    7s
     0     0 15288.1849    0  506          - 15288.1849      -     -    7s
     0     0 15289.9817    0  479          - 15289.9817      -     -    7s
     0     0 15290.0382    0  402          - 15290.0382      -     -    8s
     0     2 15290.7262    0  476          - 15290.7262      -     -   10s
    11    14 15375.1231    4  474          - 15308.4813      -  1243   15s
    22    26 15428.6670    8  404          - 15308.4813      -  1404   20s
    45    46 15654.7196   16  417          - 15308.4813      -  1153   25s
    59    61 15832.8501   21  363          - 15308.4813      -  1089   30s
    90    98 16012.1144   35  315          - 15308.4813      -   955   35s
   145   149 16583.4155   60  299          - 15308.4813      -   711   40s
   232   222 16010.2168   31  492          - 15308.4813      -   539   45s
   327   341 19613.9099  159  183          - 15308.4813      -   427   50s
   450   439 infeasible  234               - 15355.9804      -   334   55s
   502   459 15603.2872    6  494          - 15355.9804      -   336   60s
   533   492 15714.3088   13  522          - 15355.9804      -   349   65s
   585   546 15828.7810   21  435          - 15355.9804      -   351   70s
   642   607 16092.4676   30  399          - 15355.9804      -   351   75s
   729   700 16410.4505   38  360          - 15355.9804      -   341   82s
   766   711 16468.5336   43  345          - 15355.9804      -   337   85s
   783   715 18886.1333  146  449          - 15355.9804      -   341   90s
   793   722 15543.2369    3  667          - 15543.2369      -   337   95s
   804   729 18310.9971  130  851          - 15582.2805      -   332  100s
   816   737 16559.1469   50  863          - 15614.6722      -   327  105s
   826   744 17508.2289   75  825          - 15627.3957      -   323  110s
   837   753 18310.4385  131  258          - 15631.3392      -   357  115s
   849   761 23225.2739  252  737          - 15638.1372      -   352  120s
   857   766 16694.3896   68  633          - 15668.4528      -   349  125s
   863   770 23225.2739  252  684          - 15670.2862      -   346  132s
   866   775 15766.2461   21  542          - 15671.6627      -   376  141s
   868   777 15785.9101   22  535          - 15677.5595      -   376  146s
   870   778 15843.1190   22  537          - 15677.7617      -   377  150s
   876   784 15804.7145   24  492          - 15679.4362      -   382  155s
   895   797 15932.7174   28  477          - 15689.0322      -   393  160s
   915   808 16051.9114   34  506          - 15689.0322      -   405  165s
   935   820 infeasible   40               - 15689.0322      -   416  170s
   957   836 16204.2904   47  443          - 15689.0322      -   428  176s
   974   844 16295.1670   52  476          - 15689.0322      -   437  181s
   998   860 16530.8931   60  480          - 15689.0322      -   443  186s
  1014   868 16949.6375   64  388          - 15689.0322      -   452  190s
  1036   882 16646.2106   70  463          - 15689.0322      -   460  196s
  1056   896 16691.0726   76  531          - 15689.0322      -   467  200s
  1077   910 16929.4091   83  452          - 15689.0322      -   475  205s
  1111   926 17333.5308   92  456          - 15689.0322      -   480  210s
  1138   940 18185.0063   98  394          - 15689.0322      -   487  215s
  1165   967 17959.4573  103  376          - 15689.0322      -   497  221s
  1185   982 18087.5305  109  388          - 15689.0322      -   498  225s
  1231  1010 18762.2990  123  310          - 15689.0322      -   500  230s
  1284  1047 18832.0076  140  319          - 15689.0322      -   499  237s
  1309  1067 18992.4958  148  283          - 15689.0322      -   500  241s
  1337  1093 19121.7518  157  301          - 15689.0322      -   501  245s
  1406  1138 19383.3502  177  251          - 15689.0322      -   497  252s
  1447  1154 20036.7407  190  227          - 15689.0322      -   494  256s
  1480  1184 infeasible  200               - 15689.0322      -   494  260s
  1525  1202 19805.9511  213  275          - 15689.0322      -   491  265s
  1578  1210 17878.4518  169  359          - 15689.0948      -   492  270s
  1629  1244 15918.3311   30  580          - 15689.0948      -   492  279s
  1655  1276 15872.3166   34  543          - 15689.0948      -   494  283s
  1696  1289 16136.2963   40  504          - 15689.0948      -   493  288s
  1722  1330 16237.5116   42  495          - 15689.0948      -   491  294s
  1776  1359 16492.2629   52  495          - 15689.0948      -   486  299s
