




arguments: ./build/bc_mirp -f ./input/orig_exec_272.cfg
Current dir: /scratch/gui/bc_mirp
File verbosity level: 9
date       time         ( uptime  ) [ thread name/id ]                   file:line     v| 
2021-02-17 14:22:53.362 (   0.165s) [main thread     ]             loguru.cpp:789   INFO| Logging to './output/vi_vc+qua/OU/V4/Original/execution_17_02_2021_14_22_53.log', mode: 'a', verbosity: 9
--------------------------------------------------------------------------------
Parameters
                           instance_path           ./input/Instances/Original/6/
                            model_policy                                       1
                             nb_vehicles                                       4
                              output_dir      ./output/vi_vc+qua/OU/V4/Original/
                            sec_strategy                                       1
                       solver_nb_threads                                       2
                         solver_show_log                                    true
                       solver_time_limit                                    3600
                              use_vi_cos                                   false
                              use_vi_cus                                   false
                         use_vi_hc1_full                                   false
                         use_vi_hc1_half                                   false
                      use_vi_hc1_quarter                                   false
                              use_vi_hc2                                   false
                              use_vi_hc3                                   false
                         use_vi_lex_full                                   false
                         use_vi_lex_half                                   false
                      use_vi_lex_quarter                                   false
                              use_vi_qua                                    true
                               use_vi_vc                                    true
                               use_vi_vr                                   false
--------------------------------------------------------------------------------
executing instance: ./input/Instances/Original/6/absH6high_1n25.dat
--------------------------------------------------------------------------------
Instance details
n	26
H	6
C	1711
Li:
[0, 0, 0, 0, 0, 0, 0, 0, 0, 0, 0, 0, 0, 0, 0, 0, 0, 0, 0, 0, 0, 0, 0, 0, 0, 0, ]
Ui:
[0, 168, 176, 34, 66, 36, 177, 106, 118, 182, 64, 141, 189, 63, 46, 111, 182, 231, 36, 66, 68, 54, 132, 90, 246, 75, ]
Distance matrix:
|0	191	200	231	334	329	146	196	208	245	218	164	283	394	151	358	156	196	309	253	201	260	127	138	130	104	|
|191	0	226	229	278	146	328	216	390	417	327	293	195	334	106	296	171	122	472	151	12	411	280	53	190	130	|
|200	226	0	38	149	359	321	10	276	274	418	364	139	204	121	173	321	115	303	141	225	236	155	202	311	256	|
|231	229	38	0	110	352	358	37	314	310	448	395	108	167	129	135	342	109	336	120	226	268	194	213	335	277	|
|334	278	149	110	0	367	467	147	422	413	546	495	86	61	203	25	423	163	429	129	271	363	303	282	424	361	|
|329	146	359	352	367	0	453	349	533	562	411	393	282	411	245	378	250	244	617	245	141	556	426	195	284	243	|
|146	328	321	358	467	453	0	321	162	215	160	112	425	524	297	491	223	341	284	397	339	266	186	276	184	210	|
|196	216	10	37	147	349	321	0	281	281	414	360	132	203	112	171	315	105	311	132	216	244	159	193	305	249	|
|208	390	276	314	422	533	162	281	0	54	321	271	410	471	316	445	348	348	123	398	398	115	125	338	313	309	|
|245	417	274	310	413	562	215	281	54	0	375	323	413	457	334	435	393	361	70	406	424	69	139	367	359	349	|
|218	327	418	448	546	411	160	414	321	375	0	57	484	606	347	569	163	393	444	446	339	421	318	288	137	199	|
|164	293	364	395	495	393	112	360	271	323	57	0	437	556	300	519	144	346	393	401	305	367	261	249	109	163	|
|283	195	139	108	86	282	425	132	410	413	484	437	0	139	137	101	349	91	443	44	187	375	286	206	355	291	|
|394	334	204	167	61	411	524	203	471	457	606	556	139	0	264	38	483	222	467	183	326	403	356	341	484	421	|
|151	106	121	129	203	245	297	112	316	334	347	300	137	264	0	225	220	46	381	102	106	316	195	84	221	158	|
|358	296	173	135	25	378	491	171	445	435	569	519	101	38	225	0	444	184	450	145	288	384	328	303	446	383	|
|156	171	321	342	423	250	223	315	348	393	163	144	349	483	220	444	0	261	460	308	183	415	284	143	39	65	|
|196	122	115	109	163	244	341	105	348	361	393	346	91	222	46	184	261	0	402	56	118	336	224	119	264	200	|
|309	472	303	336	429	617	284	311	123	70	444	393	443	467	381	450	460	402	0	442	477	68	192	424	426	413	|
|253	151	141	120	129	245	397	132	398	406	446	401	44	183	102	145	308	56	442	0	143	375	273	164	315	251	|
|201	12	225	226	271	141	339	216	398	424	339	305	187	326	106	288	183	118	477	143	0	416	286	63	202	142	|
|260	411	236	268	363	556	266	244	115	69	421	367	375	403	316	384	415	336	68	375	416	0	135	365	384	363	|
|127	280	155	194	303	426	186	159	125	139	318	261	286	356	195	328	284	224	192	273	286	135	0	232	256	229	|
|138	53	202	213	282	195	276	193	338	367	288	249	206	341	84	303	143	119	424	164	63	365	232	0	153	89	|
|130	190	311	335	424	284	184	305	313	359	137	109	355	484	221	446	39	264	426	315	202	384	256	153	0	64	|
|104	130	256	277	361	243	210	249	309	349	199	163	291	421	158	383	65	200	413	251	142	363	229	89	64	0	|

--------------------------------------------------------------------------------
Building model...
	using lazy and cut (CVRPSEP package)
Solving IRP LP...
--------------------------------------------------------------------------------

Gurobi 9.1.0 (linux64) logging started Wed Feb 17 14:22:55 2021

Gurobi Optimizer version 9.1.0 build v9.1.0rc0 (linux64)
Thread count: 32 physical cores, 32 logical processors, using up to 2 threads
Optimize a model with 1922 rows, 9206 columns and 23828 nonzeros
Model fingerprint: 0xed51851e
Variable types: 782 continuous, 8424 integer (624 binary)
Coefficient statistics:
  Matrix range     [1e+00, 4e+02]
  Objective range  [1e-01, 6e+02]
  Bounds range     [1e+00, 2e+02]
  RHS range        [1e+00, 3e+03]
Presolve removed 332 rows and 126 columns
Presolve time: 0.12s
Presolved: 1590 rows, 9080 columns, 22131 nonzeros
Variable types: 630 continuous, 8450 integer (7835 binary)

Root relaxation: objective 1.429673e+04, 2763 iterations, 0.07 seconds

    Nodes    |    Current Node    |     Objective Bounds      |     Work
 Expl Unexpl |  Obj  Depth IntInf | Incumbent    BestBd   Gap | It/Node Time

     0     0 14296.7307    0  265          - 14296.7307      -     -    0s
     0     0 14569.5340    0  276          - 14569.5340      -     -    0s
     0     0 14590.7858    0  274          - 14590.7858      -     -    0s
     0     0 14591.3986    0  261          - 14591.3986      -     -    0s
     0     0 14591.3986    0  273          - 14591.3986      -     -    0s
     0     0 14915.1691    0  321          - 14915.1691      -     -    1s
     0     0 14960.3439    0  353          - 14960.3439      -     -    1s
     0     0 14970.4135    0  389          - 14970.4135      -     -    1s
     0     0 14974.1336    0  376          - 14974.1336      -     -    1s
     0     0 14974.2739    0  384          - 14974.2739      -     -    1s
     0     0 15632.2024    0  371          - 15632.2024      -     -    2s
     0     0 15738.4937    0  445          - 15738.4937      -     -    2s
     0     0 15773.6668    0  414          - 15773.6668      -     -    2s
     0     0 15775.8263    0  466          - 15775.8263      -     -    2s
     0     0 15795.3999    0  452          - 15795.3999      -     -    2s
     0     0 15821.3097    0  453          - 15821.3097      -     -    2s
     0     0 15824.2819    0  462          - 15824.2819      -     -    2s
     0     0 15837.6921    0  445          - 15837.6921      -     -    3s
     0     0 15851.2328    0  464          - 15851.2328      -     -    3s
     0     0 15855.0962    0  441          - 15855.0962      -     -    3s
     0     0 15855.8590    0  469          - 15855.8590      -     -    3s
     0     0 16007.1319    0  449          - 16007.1319      -     -    3s
     0     0 16031.3041    0  509          - 16031.3041      -     -    4s
     0     0 16033.8734    0  482          - 16033.8734      -     -    4s
     0     0 16037.9578    0  468          - 16037.9578      -     -    4s
     0     0 16056.4208    0  500          - 16056.4208      -     -    4s
     0     0 16083.7896    0  485          - 16083.7896      -     -    5s
     0     0 16124.2190    0  500          - 16124.2190      -     -    5s
     0     0 16136.5676    0  473          - 16136.5676      -     -    5s
     0     0 16142.6020    0  485          - 16142.6020      -     -    5s
     0     0 16149.2974    0  458          - 16149.2974      -     -    5s
     0     0 16149.7639    0  465          - 16149.7639      -     -    6s
     0     0 16229.5980    0  390          - 16229.5980      -     -    6s
     0     0 16244.2795    0  455          - 16244.2795      -     -    6s
     0     0 16255.6340    0  521          - 16255.6340      -     -    7s
     0     0 16261.3911    0  558          - 16261.3911      -     -    7s
     0     0 16266.3572    0  535          - 16266.3572      -     -    7s
     0     0 16266.6083    0  561          - 16266.6083      -     -    7s
     0     0 16309.2806    0  525          - 16309.2806      -     -    8s
     0     0 16313.6158    0  515          - 16313.6158      -     -    8s
     0     0 16314.9891    0  529          - 16314.9891      -     -    8s
     0     0 16326.3277    0  550          - 16326.3277      -     -    8s
     0     0 16326.3277    0  518          - 16326.3277      -     -    9s
     0     2 16326.7986    0  486          - 16326.7986      -     -   10s
    32    35 16429.5401   10  499          - 16326.7986      -   649   15s
    65    68 16532.2217   21  503          - 16326.7986      -   721   20s
    82    86 16649.4359   25  545          - 16326.7986      -   822   25s
   127   135 16869.6820   39  504          - 16326.7986      -   723   30s
   187   196 17067.4625   58  362          - 16326.7986      -   642   35s
   242   264 17338.9827   67  378          - 16326.7986      -   597   40s
   391   406 18112.9426  120  194          - 16326.7986      -   438   46s
   526   606 19595.5718  175  157          - 16326.7986      -   359   50s
   835   831 25128.5576  310   33          - 16326.7986      -   254   55s
   893   850 18848.8742  127  370          - 16329.1201      -   249   60s
   906   858 17219.8324   63  723          - 16640.3204      -   246   65s
   919   867 18279.4768   85  585          - 16733.2233      -   242   70s
   931   875 18579.5554  142  702          - 16755.3914      -   239   75s
   941   882 25145.7798  311  743          - 16764.2841      -   237   80s
   956   892 25386.8363  313  750          - 16767.1219      -   233   85s
   971   902 22846.9374  285  748          - 16774.5177      -   229   90s
   984   910 16989.2593   45  841          - 16777.1807      -   226   95s
   999   920 22784.6672  282  857          - 16777.9319      -   223  100s
  1010   929 16778.0636   11  538          - 16778.0636      -   284  105s
  1024   938 16778.0775   16  831          - 16778.0775      -   280  110s
  1034   945 16778.2574    6  902          - 16778.2574      -   278  115s
  1045   952 18936.6181  118  841          - 16778.7281      -   275  120s
  1052   957 20569.4250  198  812          - 16778.9461      -   273  127s
  1055   962 16794.1327   27  669          - 16780.9461      -   308  136s
  1057   963 16806.1069   28  707          - 16799.4958      -   310  142s
  1059   965 16973.5733   28  572          - 16806.8182      -   314  145s
  1065   969 16832.7268   30  559          - 16822.6210      -   324  150s
  1072   974 16908.7259   31  641          - 16835.5633      -   336  155s
  1086   984 16871.4478   34  640          - 16835.5633      -   348  160s
  1107   999 16891.1504   41  520          - 16835.5633      -   363  166s
  1126  1011 16962.6358   46  417          - 16835.5633      -   375  170s
  1163  1041 17243.4982   59  394          - 16835.5633      -   379  175s
  1191  1063 17216.2871   69  377          - 16835.5633      -   384  180s
  1234  1091 17275.1413   84  346          - 16835.5633      -   390  185s
  1273  1120 17328.3814  100  381          - 16835.5633      -   396  191s
  1307  1151 17349.7402  111  300          - 16835.5633      -   398  195s
  1383  1199 17407.8516  140  311          - 16835.5633      -   396  201s
  1427  1232 17450.6513  157  314          - 16835.5633      -   398  206s
  1477  1265 17487.8419  177  275          - 16835.5633      -   399  211s
  1531  1307 17508.5733  195  258          - 16835.5633      -   399  216s
  1585  1344 17542.9074  216  308          - 16835.5633      -   400  222s
  1643  1383 17561.3196  237  311          - 16835.5633      -   401  227s
  1674  1412 17564.9044  248  312          - 16835.5633      -   400  230s
  1753  1473 17631.1416  276  286          - 16835.5633      -   397  237s
  1801  1503 17666.4403  292  303          - 16835.5633      -   394  241s
  1894  1566 17780.1920  321  276          - 16835.5633      -   391  248s
  1941  1605 18151.9418  335  231          - 16835.5633      -   389  252s
  1997  1633 17805.3238  351  291          - 16835.5633      -   386  256s
  2048  1646 infeasible  366               - 16835.5633      -   384  261s
  2104  1661 17004.5271   31  702          - 16835.5633      -   383  265s
  2148  1681 17648.9935  211  353          - 16835.5633      -   386  270s
  2212  1752 17144.3794   44  463          - 16835.5633      -   387  279s
  2265  1810 17279.2381   55  354          - 16835.5633      -   385  283s
  2340  1877 17303.2750   75  356          - 16835.5633      -   381  289s
  2432  1935 17392.5022   93  331          - 16835.5633      -   375  294s
  2521  2009 17627.4200  115  287          - 16835.5633      -   372  300s
  2625  2100 17805.5840  139  266          - 16835.5633      -   366  306s
  2750  2175 19407.0015  172  203          - 16835.5633      -   358  312s
  2877  2272 18217.7496  212  247          - 16835.5633      -   352  319s
  2986  2235 19029.2167  417  218          - 16835.5633      -   346  320s
  3030  2282 18353.6267  252  238          - 16835.5633      -   344  326s
  3123  2267 18474.1868  285  179          - 16849.7982      -   342  334s
  3193  2308 17082.4998   31  603          - 16849.7982      -   343  340s
  3258  2397 17131.6117   41  524          - 16849.7982      -   343  347s
  3368  2444 17319.9323   52  447          - 16849.7982      -   339  358s
  3454  2490 17270.6970   57  480          - 16849.7982      -   336  365s
  3535  2495 17540.6775   68  439          - 16849.7982      -   337  373s
  3589  2606 17552.9675   84  337          - 16849.7982      -   339  380s
  3718  2702 17719.9218  179  407          - 16849.7982      -   334  389s
  3828  2666 17375.9423   95  276          - 16849.7982      -   331  390s
  3857  2762 17934.4743  222  418          - 16849.7982      -   329  398s
  3963  2976 18602.6268  243  335          - 16849.7982      -   329  408s
  4201  3153 19182.4741  275  371          - 16849.7982      -   318  419s
  4310  3153 18587.4352  303  265          - 16849.7982      -   314  420s
  4418  3244 20175.5168  328  236          - 16879.5007      -   312  431s
  4584  3275 17111.8777   32  558          - 16887.1436      -   310  440s
  4615  3373 17203.9732   37  422          - 16887.1436      -   315  448s
  4715  3454 17490.4739   64  309          - 16887.1436      -   315  458s
  4796  3605 17690.8187   78  272          - 16887.1436      -   317  468s
  4953  3741 18483.3877  131  241          - 16887.1436      -   315  480s
  5119  3983 infeasible  169               - 16887.9936      -   313  493s
  5392  3983 18436.5696  326  254          - 16887.9936      -   304  495s
  5409  4311 17204.5738   42  482          - 16887.9936      -   303  508s
  5745  4563 17560.7640   56  352          - 16887.9936      -   295  547s
  5999  4860 17987.1731  108  290          - 16887.9936      -   289  561s
  6363  4918 19116.8416  195  270          - 16888.2124      -   282  573s
  6445  5162 17534.0098   48  506          - 16888.2124      -   285  586s
  6689  5542 17741.9543   69  433          - 16888.2124      -   281  601s
  7073  5723 18222.4978  109  275          - 16888.2124      -   272  615s
  7280  6063 18959.4711  231  220          - 16888.2124      -   269  631s
  7630  6253 19725.8282  468  200          - 16888.2124      -   263  644s
  7755  6253 20332.6036  548  129          - 16888.2124      -   261  645s
  7820  6521 20370.4390  560  168          - 16888.2124      -   260  656s
  8092  6940 21249.2813  702  127          - 16888.2124      -   255  667s
  8525  7025 23860.5475  903   96          - 16894.3301      -   245  676s
  8638  7051 17169.0415   38  583          - 16894.3301      -   245  682s
  8701  7069 17188.6431   40  624          - 16894.3301      -   245  688s
  8719  7092 17252.4009   46  616          - 16894.3301      -   247  694s
  8742  7130 17354.2124   51  427          - 16894.3301      -   248  700s
  8780  7184 17519.9652   63  407          - 16894.3301      -   249  706s
  8834  7321 17769.5383   78  250          - 16894.3301      -   250  714s
  8971  7449 18019.3204  164  307          - 16894.3301      -   248  722s
  9131  7530 20038.4502  266  224          - 16896.1639      -   245  730s
  9232  7599 17267.2569   42  505          - 16896.1639      -   245  737s
  9301  7708 17402.4086   46  418          - 16896.1639      -   246  745s
  9412  7818 17476.2733   66  329          - 16896.1639      -   246  753s
  9522  8151 17842.0641   96  253          - 16896.1639      -   246  763s
  9861  8624 19035.3072  180  216          - 16896.1639      -   240  776s
 10394  8648 19884.3059  439  180          - 16897.3724      -   231  785s
 10448  8682 17295.0357   49  507          - 16897.3724      -   232  791s
 10482  8705 17475.3056   62  421          - 16897.3724      -   233  798s
 10505  8738 17606.3181   69  431          - 16897.3724      -   235  805s
 10538  8837 17875.7543   89  324          - 16901.0543      -   235  813s
 10661  8862 17168.0766   45  445          - 16901.0543      -   235  820s
 10686  8887 17356.0608   55  492          - 16901.0543      -   237  827s
 10711  8958 17490.1372   58  319          - 16901.0543      -   238  834s
 10784  9141 17941.9821   97  275          - 16901.0543      -   239  843s
 10969  9274 18334.3321  204  195          - 16905.7704      -   237  853s
 11158  9409 17264.8963   44  441          - 16905.7704      -   236  863s
 11293  9501 17402.4966   53  448          - 16905.7704      -   235  875s
 11431  9547 17665.0759   67  345          - 16905.7704      -   235  884s
 11467  9547 17211.2486   30  810          - 16905.7704      -   235  888s
 11477  9607 17814.8331   91  293          - 16905.7704      -   236  896s
 11537  9728 18033.9631  124  327          - 16905.7704      -   236  905s
 11658  9842 18712.5636  200  223          - 16905.7704      -   236  914s
 11714  9842 19171.7656  232  190          - 16905.7704      -   236  915s
 11776  9935 19431.3809  269  192          - 16905.7704      -   236  924s
 11917  9978 21177.8777  348  156          - 16905.8678      -   235  932s
 11982 10038 17377.4262   47  502          - 16905.8678      -   237  940s
 12042 10193 17445.0371   60  350          - 16905.8678      -   237  949s
 12088 10193 17691.3093   98  307          - 16905.8678      -   237  951s
 12197 10350 17831.9063  107  281          - 16905.8678      -   236  961s
 12372 10444 17339.0858   41  581          - 16905.8678      -   235  971s
 12466 10617 17609.9143   51  467          - 16905.8678      -   235  981s
 12639 10764 17777.7927   56  360          - 16905.8678      -   234  992s
 12796 10845 18358.2940   69  397          - 16905.8678      -   234 1002s
 12907 10880 infeasible   87               - 16906.5771      -   234 1010s
 12952 10930 17440.0910   36  551          - 16906.5771      -   235 1020s
 13004 11052 17567.0626   42  520          - 16906.5771      -   236 1029s
 13061 11052 18439.6087  115  234          - 16906.5771      -   237 1030s
 13150 11080 17660.0783   51  528          - 16906.5771      -   236 1039s
 13178 11114 17758.3172   61  592          - 16906.5771      -   237 1048s
 13212 11181 17949.4576   79  468          - 16906.5771      -   239 1057s
 13279 11384 18166.5858  118  299          - 16906.5771      -   240 1068s
 13482 11678 19001.5919  240  245          - 16906.5771      -   238 1081s
 13776 12030 19490.7256  383  215          - 16906.5771      -   235 1094s
 13840 12030 20065.6279  403  162          - 16906.5771      -   235 1095s
 14142 12373 20860.7129  463  158          - 16908.7652      -   232 1108s
 14509 12414 17333.6876   44  476          - 16908.7652      -   229 1121s
 14564 12625 infeasible   62               - 16908.7652      -   230 1133s
 14779 12880 18226.8583  182  264          - 16910.6708      -   229 1148s
 15056 13298 17366.8482   37  651          - 16910.6708      -   228 1165s
 15494 13333 17397.3673   44  560          - 16910.6708      -   224 1179s
 15551 13408 17661.9923   55  387          - 16910.6708      -   225 1189s
 15626 13652 17971.1709   75  362          - 16910.6708      -   226 1200s
 15872 13914 19074.2144  161  301          - 16911.5292      -   225 1218s
 16046 13914 19479.7271  301  239          - 16911.5292      -   223 1220s
 16192 13961 17266.2419   36  743          - 16912.3017      -   223 1237s
 16239 14024 17368.2813   44  618          - 16912.3017      -   224 1254s
 16306 14076 17653.9790   51  402          - 16912.3017      -   225 1271s
 16360 14192 17585.3121   63  482          - 16912.3017      -   226 1290s
 16484 14258 17792.2571   69  443          - 16912.3017      -   227 1311s
 16604 14310 17841.4002   91  448          - 16912.3017      -   227 1331s
 16656 14391 18163.8335  104  402          - 16912.3017      -   228 1349s
 16721 14391 17375.6128   40  664          - 16912.3017      -   228 1350s
 16737 14520 18055.2012  138  313          - 16912.3017      -   229 1370s
 16866 14640 18765.2774  223  292          - 16912.3017      -   229 1389s
 16986 14956 18560.7908  261  305          - 16912.3017      -   229 1408s
 17209 14956 20069.6029  421  149          - 16912.3017      -   227 1410s
 17304 15144 19553.3138  430  206          - 16913.6622      -   227 1430s
 17528 15298 17426.6560   37  665          - 16913.6622      -   226 1451s
 17688 15416 17519.1768   47  644          - 16913.6622      -   226 1471s
 17810 15469 17620.7401   56  523          - 16913.6622      -   226 1492s
 17899 15496 17707.0078   65  626          - 16913.6622      -   227 1512s
 17926 15533 17912.9512   72  600          - 16913.6622      -   228 1530s
 17963 15614 18034.3651   81  481          - 16913.6622      -   230 1549s
 18044 15755 18201.8989  111  471          - 16913.6622      -   230 1569s
 18143 15755 18034.0212  109  204          - 16913.6622      -   231 1570s
 18185 16163 18394.5228  133  388          - 16913.6622      -   231 1594s
 18425 16163 19008.5834  259  205          - 16913.6622      -   229 1595s
 18593 16404 18989.9476  180  285          - 16913.6622      -   228 1616s
 18850 16614 19751.3433  260  295          - 16913.6622      -   226 1636s
 19060 17015 20411.5672  391  173          - 16913.6622      -   226 1656s
 19506 17166 infeasible  628               - 16930.7135      -   223 1671s
 19673 17609 17459.8736   40  676          - 16930.7135      -   223 1694s
 19778 17609 18864.9367  271  176          - 16930.7135      -   223 1695s
 20164 17640 17599.7054   50  603          - 16930.7135      -   220 1708s
 20195 17690 17893.1093   56  475          - 16930.7135      -   221 1719s
 20245 17794 17901.7359   70  444          - 16930.7135      -   222 1730s
 20349 18100 18050.2471  128  381          - 16930.7135      -   223 1745s
 20655 18546 18601.8024  177  377          - 16930.7135      -   221 1764s
 20713 18546 18717.4317  231  322          - 16930.7135      -   221 1765s
 21107 18912 19063.8249  273  240          - 16936.2962      -   218 1781s
 21521 18945 17280.9228   31  710          - 16936.3049      -   216 1794s
 21554 19023 17468.3934   38  530          - 16936.3049      -   217 1805s
 21634 19254 17967.6419   69  311          - 16936.3049      -   218 1820s
 21869 19639 19144.0952  181  217          - 16939.0842      -   218 1836s
 22346 19758 17351.6239   38  721          - 16939.0842      -   215 1852s
 22483 19792 17415.6994   42  690          - 16939.0842      -   215 1864s
 22517 19846 17651.2019   48  453          - 16939.0842      -   216 1876s
 22571 19939 17969.6635   64  342          - 16939.0842      -   217 1891s
 22664 20069 18090.4111   96  306          - 16939.0842      -   218 1903s
 22796 20501 18941.8136  146  169          - 16939.0842      -   218 1920s
 23258 20666 21173.5668  410  111          - 16948.1478      -   216 1934s
 23291 20666 18893.7754  204  362          - 16948.1478      -   216 1935s
 23443 20904 17351.7186   45  693          - 16948.1478      -   216 1950s
 23681 20938 17423.4248   50  692          - 16948.1478      -   215 1963s
 23752 20962 17625.3050   55  638          - 16948.1478      -   216 1975s
 23776 21065 17732.3752   59  547          - 16948.1478      -   216 1986s
 23881 21216 17817.6153   71  397          - 16948.1478      -   217 2002s
 24062 21304 18018.1790  100  352          - 16948.1478      -   217 2015s
 24150 21427 18158.6084  132  358          - 16948.1478      -   217 2027s
 24273 21707 18869.5548  199  213          - 16948.1478      -   218 2041s
 24553 21994 18861.7687  338  263          - 16948.1478      -   217 2059s
 24631 21994 19255.3021  381  223          - 16948.1478      -   216 2060s
 24840 22405 19594.5536  387  278          - 16948.1478      -   215 2075s
 25301 22448 22295.8930  435  126          - 16959.8517      -   214 2089s
 25330 22448 22608.6357  443  115          - 16959.8517      -   214 2090s
 25412 22688 17477.6595   54  445          - 16959.8517      -   214 2106s
 25591 22688 18050.5412   95  198          - 16959.8517      -   214 2110s
 25674 22797 18100.3995  131  241          - 16959.8738      -   214 2122s
 25813 22840 17460.3612   44  535          - 16983.2928      -   214 2134s
 25856 22977 17670.5558   54  383          - 16983.2928      -   215 2147s
 25931 22977 17895.9299   68  281          - 16983.2928      -   215 2150s
 25993 23732 17980.2488   75  236          - 16983.2928      -   215 2169s
 26022 23732 18201.9182   89  203          - 16983.2928      -   215 2170s
 26758 24284 19089.1035  227  193          - 16985.3974      -   211 2202s
 27396 24322 17520.4885   30  783          - 16987.6519      -   208 2217s
 27422 24360 17643.5536   38  562          - 16987.6519      -   209 2227s
 27460 24445 17880.7212   51  490          - 16987.6519      -   210 2247s
 27545 24677 18345.5158   85  360          - 16987.6519      -   210 2260s
 27777 25089 18852.3381  215  250          - 16987.6519      -   210 2276s
 28189 25467 20205.3819  467  200          - 16990.0001      -   208 2296s
 28630 25539 17345.3204   34  630          - 16990.0001      -   206 2310s
 28706 25558 17451.5848   44  634          - 16990.0001      -   207 2322s
 28753 25595 17704.4100   47  569          - 16990.0001      -   208 2334s
 28776 25595 17370.1116   40  675          - 16990.0001      -   209 2335s
 28790 25649 17751.8904   66  528          - 16990.0001      -   209 2346s
 28844 25712 17987.4194   92  438          - 16990.0001      -   210 2358s
 28907 25821 18352.5113  114  366          - 16990.0001      -   210 2370s
 29016 26030 18472.0840  176  321          - 16990.0001      -   211 2383s
 29225 26129 19708.8603  277  271          - 17008.8133      -   211 2397s
 29340 26258 17471.3850   45  548          - 17008.8133      -   211 2410s
 29469 26580 17444.0068   50  600          - 17008.8133      -   212 2426s
 29797 26963 17692.6993   58  462          - 17008.8133      -   211 2444s
 29877 26963 22073.1647  492  119          - 17008.8133      -   211 2445s
 30280 27042 17691.2853   61  508          - 17008.8133      -   209 2458s
 30359 27289 17924.9058   81  450          - 17008.8133      -   210 2471s
 30606 28001 18720.9351  121  250          - 17008.8133      -   210 2489s
 30636 28001 18414.2223  140  256          - 17008.8133      -   209 2490s
 31328 28302 19138.7133  230  186          - 17008.8133      -   206 2509s
 31473 28302 23967.2619  494   45          - 17008.8133      -   206 2510s
 31659 28800 20380.0456  304  223          - 17008.8133      -   206 2527s
 32076 28800 22512.3364  603  100          - 17008.8133      -   204 2530s
 32201 28827 23900.1143  680  132          - 17013.4726      -   203 2541s
 32287 28886 17547.4799   55  366          - 17013.4726      -   204 2552s
 32346 29031 17868.7688   79  312          - 17013.4726      -   205 2563s
 32491 29412 18409.5123  136  300          - 17013.4726      -   205 2577s
 32872 29883 19061.8231  282  235          - 17021.3486      -   204 2596s
 33383 30309 17527.2357   45  527          - 17021.3486      -   203 2615s
 33843 30353 17699.0523   50  463          - 17021.3486      -   201 2629s
 33887 30407 17734.4768   65  461          - 17021.3486      -   202 2640s
 33941 30593 18094.5408   85  273          - 17021.3486      -   202 2652s
 34127 30906 18834.1851  157  249          - 17021.3486      -   202 2665s
 34444 31492 19859.9018  246  222          - 17021.3486      -   202 2681s
 35005 31492 18997.2809  350  179          - 17021.3486      -   200 2685s
 35116 31518 22474.5809  512  144          - 17022.8629      -   199 2696s
 35150 31560 17431.5210   46  650          - 17022.8629      -   200 2707s
 35192 31633 17744.6505   55  565          - 17022.8629      -   201 2718s
 35265 31746 17866.4394   63  528          - 17022.8629      -   201 2734s
 35341 31746 18402.8803  155  321          - 17022.8629      -   201 2735s
 35405 31827 18083.2070   70  420          - 17022.8629      -   201 2747s
 35486 32256 18398.6717  110  312          - 17026.1411      -   202 2762s
 35931 32256 17485.2243   50  537          - 17026.1411      -   200 2765s
 35937 32305 17302.6641   44  582          - 17026.1411      -   200 2775s
 35986 32376 17570.0382   56  512          - 17026.1411      -   201 2787s
 36057 32527 17776.4580   75  347          - 17026.1411      -   201 2799s
 36183 32527 18548.2376  138  226          - 17026.1411      -   201 2800s
 36214 32823 18217.1427  113  334          - 17026.1411      -   201 2813s
 36512 33363 18684.8612  140  216          - 17026.1411      -   201 2831s
 37131 33386 19438.5930  182  234          - 17047.3677      -   199 2846s
 37172 33414 17347.2087   42  651          - 17047.3677      -   200 2858s
 37200 33486 17426.2361   46  525          - 17047.3677      -   200 2869s
 37272 33590 17600.6815   54  597          - 17047.3677      -   201 2880s
 37376 33743 17807.5378   62  363          - 17047.3677      -   201 2894s
 37508 33743 19167.4224  216  209          - 17047.3677      -   201 2895s
 37529 33928 18068.9443   83  281          - 17047.3677      -   201 2907s
 37772 34175 18564.2767  188  187          - 17051.0235      -   201 2923s
 38048 34239 17427.5385   45  586          - 17051.0235      -   201 2935s
 38112 34349 17598.7609   53  527          - 17051.0235      -   201 2946s
 38224 34412 17767.1844   69  457          - 17051.0235      -   202 2959s
 38301 34470 18116.4065   75  338          - 17051.0235      -   202 2970s
 38359 34602 17995.6301   86  321          - 17051.0235      -   202 2982s
 38491 34965 18238.0061  141  283          - 17051.0235      -   203 2995s
 38858 35283 18827.9351  300  168          - 17055.3191      -   202 3012s
 39248 35320 17414.7028   39  472          - 17055.8205      -   201 3025s
 39285 35407 17714.4431   50  401          - 17055.8205      -   202 3036s
 39372 35504 17968.5330   91  274          - 17055.8205      -   202 3048s
 39473 35878 18260.2329  117  254          - 17055.8205      -   203 3062s
 39791 35878 18585.9037  309  182          - 17055.8205      -   202 3065s
 39877 36364 18985.4174  160  212          - 17055.8205      -   202 3080s
 40440 36382 infeasible  263               - 17056.6958      -   200 3094s
 40470 36417 17436.8037   55  601          - 17056.6958      -   201 3105s
 40505 36469 17506.8355   63  460          - 17056.6958      -   201 3116s
 40557 36558 17826.0075   72  309          - 17056.6958      -   202 3127s
 40646 36666 18093.4739  106  371          - 17056.6958      -   202 3139s
 40754 36877 18414.4890  130  317          - 17056.6958      -   203 3153s
 40983 37060 18971.2136  164  237          - 17056.6958      -   202 3167s
 41170 37171 20153.1013  255  144          - 17058.8705      -   202 3181s
 41323 37282 17337.8116   45  508          - 17058.8705      -   203 3195s
 41436 37409 17641.4684   54  407          - 17058.8705      -   203 3210s
 41609 37479 18088.1944   80  354          - 17060.4552      -   203 3223s
 41713 37508 17194.3738   33  736          - 17060.4552      -   204 3235s
 41742 37548 17533.4999   44  560          - 17060.4552      -   204 3247s
 41782 37629 17686.9689   49  486          - 17060.4552      -   205 3258s
 41863 37759 18114.6954   69  437          - 17060.4552      -   205 3272s
 41993 38210 18229.3705   87  391          - 17060.4552      -   205 3288s
 42459 38675 18767.5969  119  199          - 17060.5719      -   204 3306s
 42988 38701 17289.6547   47  635          - 17060.6012      -   203 3326s
 43014 38729 17404.0550   55  544          - 17060.6012      -   204 3337s
 43042 38792 17684.0953   60  499          - 17060.6012      -   204 3349s
 43105 38841 17576.2900   65  496          - 17060.6012      -   205 3360s
 43154 38932 17714.7793   71  348          - 17060.6012      -   205 3372s
 43247 39090 17880.7525   95  384          - 17060.6012      -   205 3385s
 43405 39455 18059.2070  113  318          - 17060.6012      -   205 3401s
 43772 40044 18255.1594  123  294          - 17060.6012      -   205 3422s
 44248 40044 24560.2228  505   36          - 17060.6012      -   204 3425s
 44487 40332 18923.2068  158  309          - 17060.6012      -   203 3439s
 44574 40332 19340.8827  215  240          - 17060.6012      -   203 3440s
 44734 40798 19820.7222  305  189          - 17060.7573      -   202 3458s
 45150 40798 22355.5623  510   72          - 17060.7573      -   201 3460s
 45258 40846 17316.0123   46  576          - 17060.7573      -   201 3479s
 45306 40906 17496.8890   54  538          - 17060.7573      -   202 3490s
 45366 41027 17714.0173   65  504          - 17060.7573      -   202 3503s
 45487 41246 17928.1368   93  293          - 17060.7573      -   202 3520s
 45717 41524 18350.6419  177  217          - 17060.7573      -   202 3534s
 45804 41524 18573.6199  247  239          - 17060.7573      -   202 3535s
 46033 41783 19241.1019  350  165          - 17060.9012      -   202 3550s
 46265 41783 20444.5859  485  105          - 17060.9012      -   201 3555s
 46358 41903 17477.8226   50  629          - 17060.9012      -   201 3567s
 46486 41988 17502.2609   58  491          - 17060.9012      -   201 3580s
 46601 42029 17701.1671   68  521          - 17060.9012      -   202 3602s

Cutting planes:
  User: 6205
  Gomory: 46
  Cover: 596
  Implied bound: 256
  Projected implied bound: 40
  Clique: 14
  MIR: 544
  Flow cover: 826
  GUB cover: 3
  Zero half: 20
  Network: 3
  RLT: 487
  Relax-and-lift: 36
  Lazy constraints: 263

Explored 46642 nodes (9457962 simplex iterations) in 3603.03 seconds
Thread count was 2 (of 32 available processors)

Solution count 0

Time limit reached
Best objective -, best bound 1.706090124263e+04, gap -

User-callback calls 668601, time in user-callback 271.51 sec
writeSolution() exp: Unable to retrieve attribute 'X'
================================================================================
executing instance: ./input/Instances/Original/6/absH6high_1n20.dat
--------------------------------------------------------------------------------
Instance details
n	21
H	6
C	1651
Li:
[0, 0, 0, 0, 0, 0, 0, 0, 0, 0, 0, 0, 0, 0, 0, 0, 0, 0, 0, 0, 0, ]
Ui:
[0, 36, 182, 182, 90, 261, 117, 30, 110, 42, 276, 153, 40, 94, 144, 46, 129, 213, 264, 160, 174, ]
Distance matrix:
|0	371	401	343	361	341	370	115	392	400	79	266	292	245	355	431	265	194	95	92	348	|
|371	0	37	141	110	250	117	438	67	131	372	305	115	238	247	255	235	296	392	430	185	|
|401	37	0	175	100	284	146	472	90	156	406	342	152	275	280	282	242	333	415	455	178	|
|343	141	175	0	239	110	38	374	95	60	314	182	67	130	106	127	318	201	397	423	303	|
|361	110	100	239	0	341	222	451	177	240	385	374	190	304	341	361	151	345	354	398	78	|
|341	250	284	110	341	0	143	337	203	151	289	102	152	97	15	95	394	156	415	431	398	|
|370	117	146	38	222	143	0	407	61	30	346	220	81	167	137	139	317	237	417	447	292	|
|115	438	472	374	451	337	407	0	443	434	66	241	339	251	351	431	374	181	201	177	450	|
|392	67	90	95	177	203	61	443	0	66	379	275	104	216	197	193	294	283	427	461	252	|
|400	131	156	60	240	151	30	434	66	0	374	237	112	189	142	127	344	261	448	477	312	|
|79	372	406	314	385	289	346	66	379	374	0	202	275	197	304	383	316	134	175	166	388	|
|266	305	342	182	374	102	220	241	275	237	202	0	191	70	117	196	386	73	352	359	415	|
|292	115	152	67	190	152	81	339	104	112	275	191	0	123	154	193	252	183	336	366	246	|
|245	238	275	130	304	97	167	251	216	189	197	70	123	0	110	187	322	72	319	334	346	|
|355	247	280	106	341	15	137	351	197	142	304	117	154	110	0	80	399	171	427	444	400	|
|431	255	282	127	361	95	139	431	193	127	383	196	193	187	80	0	444	251	499	519	429	|
|265	235	242	318	151	394	317	374	294	344	316	386	252	322	399	444	0	332	226	273	97	|
|194	296	333	201	345	156	237	181	283	261	134	73	183	72	171	251	332	0	279	286	375	|
|95	392	415	397	354	415	417	201	427	448	175	352	336	319	427	499	226	279	0	47	321	|
|92	430	455	423	398	431	447	177	461	477	166	359	366	334	444	519	273	286	47	0	368	|
|348	185	178	303	78	398	292	450	252	312	388	415	246	346	400	429	97	375	321	368	0	|

--------------------------------------------------------------------------------
Building model...
	using lazy and cut (CVRPSEP package)
Solving IRP LP...
--------------------------------------------------------------------------------

Gurobi 9.1.0 (linux64) logging started Wed Feb 17 15:23:10 2021

Gurobi Optimizer version 9.1.0 build v9.1.0rc0 (linux64)
Thread count: 32 physical cores, 32 logical processors, using up to 2 threads
Optimize a model with 1557 rows, 6171 columns and 16683 nonzeros
Model fingerprint: 0xdc47ad87
Variable types: 627 continuous, 5544 integer (504 binary)
Coefficient statistics:
  Matrix range     [1e+00, 4e+02]
  Objective range  [1e-01, 5e+02]
  Bounds range     [1e+00, 3e+02]
  RHS range        [1e+00, 3e+03]
Presolve removed 267 rows and 101 columns
Presolve time: 0.10s
Presolved: 1290 rows, 6070 columns, 15326 nonzeros
Variable types: 505 continuous, 5565 integer (5075 binary)

Root relaxation: objective 1.357817e+04, 2094 iterations, 0.06 seconds

    Nodes    |    Current Node    |     Objective Bounds      |     Work
 Expl Unexpl |  Obj  Depth IntInf | Incumbent    BestBd   Gap | It/Node Time

     0     0 13578.1701    0  207          - 13578.1701      -     -    0s
     0     0 13801.0814    0  198          - 13801.0814      -     -    0s
     0     0 13816.8797    0  184          - 13816.8797      -     -    0s
     0     0 13820.0292    0  180          - 13820.0292      -     -    0s
     0     0 13824.0216    0  183          - 13824.0216      -     -    0s
     0     0 13967.4927    0  292          - 13967.4927      -     -    0s
     0     0 14074.4255    0  315          - 14074.4255      -     -    0s
     0     0 14119.8741    0  316          - 14119.8741      -     -    1s
