




arguments: ./build/bc_mirp -f ./input/orig_exec_32.cfg
Current dir: /scratch/gui/bc_mirp
File verbosity level: 9
date       time         ( uptime  ) [ thread name/id ]                   file:line     v| 
2021-02-06 17:32:15.752 (   0.274s) [main thread     ]             loguru.cpp:789   INFO| Logging to './output/vi_vc+qua/OU/V4/Original/execution_06_02_2021_17_32_15.log', mode: 'a', verbosity: 9
--------------------------------------------------------------------------------
Parameters
                           instance_path           ./input/Instances/Original/1/
                            model_policy                                       1
                             nb_vehicles                                       4
                              output_dir      ./output/vi_vc+qua/OU/V4/Original/
                            sec_strategy                                       1
                       solver_nb_threads                                       2
                         solver_show_log                                    true
                       solver_time_limit                                    3600
                              use_vi_cos                                   false
                              use_vi_cus                                   false
                         use_vi_hc1_full                                   false
                         use_vi_hc1_half                                   false
                      use_vi_hc1_quarter                                   false
                              use_vi_hc2                                   false
                              use_vi_hc3                                   false
                         use_vi_lex_full                                   false
                         use_vi_lex_half                                   false
                      use_vi_lex_quarter                                   false
                              use_vi_qua                                    true
                               use_vi_vc                                    true
                               use_vi_vr                                   false
--------------------------------------------------------------------------------
executing instance: ./input/Instances/Original/1/absH3high_1n5.dat
--------------------------------------------------------------------------------
Instance details
n	6
H	3
C	289
Li:
[0, 0, 0, 0, 0, 0, ]
Ui:
[0, 195, 105, 116, 72, 22, ]
Distance matrix:
|0	85	349	17	203	289	|
|85	0	265	102	214	226	|
|349	265	0	366	368	238	|
|17	102	366	0	207	302	|
|203	214	368	207	0	431	|
|289	226	238	302	431	0	|

--------------------------------------------------------------------------------
Building model...
	using lazy and cut (CVRPSEP package)
Solving IRP LP...
--------------------------------------------------------------------------------

Gurobi 9.1.0 (linux64) logging started Sat Feb  6 17:32:16 2021

Gurobi Optimizer version 9.1.0 build v9.1.0rc0 (linux64)
Thread count: 32 physical cores, 32 logical processors, using up to 2 threads
Optimize a model with 234 rows, 336 columns and 1227 nonzeros
Model fingerprint: 0x8fbf4686
Variable types: 84 continuous, 252 integer (72 binary)
Coefficient statistics:
  Matrix range     [1e+00, 2e+02]
  Objective range  [2e-01, 4e+02]
  Bounds range     [1e+00, 2e+02]
  RHS range        [1e+00, 5e+02]
Presolve removed 95 rows and 144 columns
Presolve time: 0.02s
Presolved: 139 rows, 192 columns, 710 nonzeros
Variable types: 32 continuous, 160 integer (110 binary)
Found heuristic solution: objective 3460.0100000

Root relaxation: objective 2.031620e+03, 217 iterations, 0.00 seconds

    Nodes    |    Current Node    |     Objective Bounds      |     Work
 Expl Unexpl |  Obj  Depth IntInf | Incumbent    BestBd   Gap | It/Node Time

     0     0 2031.62013    0   31 3460.01000 2031.62013  41.3%     -    0s
H    0     0                    3276.0100000 2031.62013  38.0%     -    0s
     0     0 2402.01806    0   44 3276.01000 2402.01806  26.7%     -    0s
H    0     0                    3095.7500000 2402.01806  22.4%     -    0s
     0     0 2559.14855    0   65 3095.75000 2559.14855  17.3%     -    0s
H    0     0                    3060.0100000 2559.14855  16.4%     -    0s
     0     0 2566.04188    0   70 3060.01000 2566.04188  16.1%     -    0s
     0     0 2566.14526    0   71 3060.01000 2566.14526  16.1%     -    0s
     0     0 2632.05933    0   69 3060.01000 2632.05933  14.0%     -    0s
H    0     0                    2888.0300000 2632.05933  8.86%     -    0s
H    0     0                    2825.3500000 2632.05933  6.84%     -    0s
     0     0 2640.03862    0   65 2825.35000 2640.03862  6.56%     -    0s
     0     0 2645.26549    0   71 2825.35000 2645.26549  6.37%     -    0s
     0     0 2650.55777    0   64 2825.35000 2650.55777  6.19%     -    0s
     0     0 2659.84975    0   82 2825.35000 2659.84975  5.86%     -    0s
     0     0 2660.76182    0   78 2825.35000 2660.76182  5.83%     -    0s
     0     0 2670.14073    0   51 2825.35000 2670.14073  5.49%     -    0s
     0     0 2682.26956    0   84 2825.35000 2682.26956  5.06%     -    0s
     0     0 2682.31523    0   85 2825.35000 2682.31523  5.06%     -    0s
     0     0 2682.31523    0   93 2825.35000 2682.31523  5.06%     -    0s
     0     0 2682.31523    0   89 2825.35000 2682.31523  5.06%     -    0s
     0     0 2682.31523    0   91 2825.35000 2682.31523  5.06%     -    0s
     0     0 2682.31523    0   87 2825.35000 2682.31523  5.06%     -    0s
H    0     0                    2703.3300000 2682.31523  0.78%     -    0s
     0     0 2682.31523    0   17 2703.33000 2682.31523  0.78%     -    0s
     0     0     cutoff    0      2703.33000 2703.33000  0.00%     -    0s

Cutting planes:
  Gomory: 2
  Cover: 5
  Implied bound: 3
  Clique: 1
  MIR: 8
  Flow cover: 13
  RLT: 4
  Relax-and-lift: 2

Explored 1 nodes (754 simplex iterations) in 0.18 seconds
Thread count was 2 (of 32 available processors)

Solution count 7: 2703.33 2825.35 2888.03 ... 3460.01

Optimal solution found (tolerance 1.00e-04)
Best objective 2.703330000000e+03, best bound 2.703330000000e+03, gap 0.0000%

User-callback calls 283, time in user-callback 0.01 sec
================================================================================
executing instance: ./input/Instances/Original/1/absH3high_1n45.dat
--------------------------------------------------------------------------------
Instance details
n	46
H	3
C	3462
Li:
[0, 0, 0, 0, 0, 0, 0, 0, 0, 0, 0, 0, 0, 0, 0, 0, 0, 0, 0, 0, 0, 0, 0, 0, 0, 0, 0, 0, 0, 0, 0, 0, 0, 0, 0, 0, 0, 0, 0, 0, 0, 0, 0, 0, 0, 0, ]
Ui:
[0, 273, 270, 36, 165, 192, 148, 45, 30, 75, 180, 198, 112, 117, 90, 64, 180, 22, 264, 174, 168, 270, 86, 66, 26, 66, 237, 156, 92, 108, 144, 72, 30, 45, 94, 54, 174, 96, 198, 136, 44, 180, 210, 249, 198, 48, ]
Distance matrix:
|0	281	201	160	249	201	93	431	236	139	252	136	116	166	390	110	349	374	303	180	327	464	236	70	44	461	346	439	363	254	312	426	305	206	71	137	169	200	247	260	20	219	256	253	460	278	|
|281	0	448	170	53	142	338	184	121	290	371	390	222	302	111	289	169	434	230	177	238	441	59	212	319	211	86	235	399	306	53	176	99	202	263	157	361	101	370	201	264	344	364	374	469	184	|
|201	448	0	285	430	325	114	556	361	171	191	64	228	174	546	294	453	306	364	289	388	435	393	254	157	585	491	536	318	254	490	554	436	407	266	292	108	388	186	337	207	181	205	190	408	364	|
|160	170	285	0	169	43	182	280	80	120	208	231	58	132	262	230	190	294	151	24	174	345	112	107	183	309	207	280	268	158	219	276	155	235	187	45	192	150	205	107	140	177	202	210	356	119	|
|249	53	430	169	0	152	317	238	145	282	377	369	212	299	157	242	215	452	261	183	273	474	76	181	290	264	140	287	421	320	63	229	145	148	221	142	352	53	374	226	234	346	370	378	498	215	|
|201	142	325	43	152	0	224	237	37	156	230	273	101	164	224	261	148	300	127	38	147	333	83	142	225	266	167	238	270	168	193	233	112	246	221	70	228	148	228	84	180	202	222	232	351	87	|
|93	338	114	182	317	224	0	460	262	92	180	52	124	112	440	199	364	307	292	191	317	415	284	140	57	490	387	452	304	208	377	457	336	297	163	181	84	274	175	256	95	152	188	180	402	280	|
|431	184	556	280	238	237	460	0	199	385	420	508	337	385	108	464	110	429	219	269	206	378	202	365	460	30	98	84	388	340	204	9	126	386	432	294	453	283	421	226	411	404	408	423	422	198	|
|236	121	361	80	145	37	262	199	0	191	255	310	138	197	191	290	114	312	118	72	133	330	69	175	262	229	132	204	279	186	174	195	75	258	251	102	262	153	254	81	216	230	246	257	353	72	|
|139	290	171	120	282	156	92	385	191	0	116	129	71	27	380	246	283	235	201	119	226	329	231	141	129	414	323	367	224	119	336	383	266	308	202	141	72	252	112	169	127	82	118	117	322	195	|
|252	371	191	208	377	230	180	420	255	116	0	187	178	90	443	361	311	127	204	195	224	246	313	257	232	446	382	380	129	81	423	421	320	422	318	242	100	355	5	195	241	34	15	2	225	224	|
|136	390	64	231	369	273	52	508	310	129	187	0	173	141	491	233	409	313	330	239	355	431	335	191	93	538	438	495	316	233	429	505	385	342	203	233	88	325	182	297	143	167	199	187	412	323	|
|116	222	228	58	212	101	124	337	138	71	178	173	0	91	319	206	244	284	187	69	212	357	165	85	130	367	265	333	264	151	267	333	213	244	161	70	140	181	175	145	97	145	177	180	359	165	|
|166	302	174	132	299	164	112	385	197	27	90	141	91	0	388	273	280	208	191	127	215	305	243	167	153	413	329	361	198	96	351	383	270	333	229	159	68	272	86	163	153	56	92	91	296	190	|
|390	111	546	262	157	224	440	108	191	380	443	491	319	388	0	399	164	480	264	261	261	456	156	320	426	125	62	186	442	369	107	99	125	300	374	260	452	210	443	252	372	420	433	446	494	227	|
|110	289	294	230	242	261	199	464	290	246	361	233	206	273	399	0	402	480	382	254	404	562	262	124	143	493	369	490	466	355	302	457	344	135	45	191	279	189	356	337	120	328	364	362	563	348	|
|349	169	453	190	215	148	364	110	114	283	311	409	244	280	164	402	0	324	110	174	101	292	151	289	372	135	109	90	284	230	212	111	70	354	364	216	348	245	312	118	329	295	298	313	330	90	|
|374	434	306	294	452	300	307	429	312	235	127	313	284	208	480	480	324	0	216	274	223	137	380	368	357	448	419	367	40	136	487	432	358	525	436	336	227	443	132	234	361	156	119	127	102	255	|
|303	230	364	151	261	127	292	219	118	201	204	330	187	191	264	382	110	216	0	128	25	213	185	258	314	243	203	176	178	123	282	221	144	372	338	193	256	270	206	45	283	193	191	206	239	46	|
|180	177	289	24	183	38	191	269	72	119	195	239	69	127	261	254	174	274	128	0	151	321	118	130	198	299	204	263	246	139	228	266	147	258	211	68	191	169	193	83	159	166	188	197	333	98	|
|327	238	388	174	273	147	317	206	133	226	224	355	212	215	261	404	101	223	25	151	0	203	198	281	339	228	202	156	184	143	288	209	146	390	362	215	280	286	226	68	308	215	210	226	235	61	|
|464	441	435	345	474	333	415	378	330	329	246	431	357	305	456	562	292	137	213	321	203	0	398	440	458	390	400	301	117	211	492	384	348	578	517	389	344	480	251	251	448	265	233	246	54	259	|
|236	59	393	112	76	83	284	202	69	231	313	335	165	243	156	262	151	380	185	118	198	398	0	167	270	231	110	233	347	250	110	195	85	203	230	103	303	95	311	150	217	284	305	315	422	139	|
|70	212	254	107	181	142	140	365	175	141	257	191	85	167	320	124	289	368	258	130	281	440	167	0	109	394	277	378	349	236	244	359	239	167	81	73	196	135	253	213	53	223	257	258	444	226	|
|44	319	157	183	290	225	57	460	262	129	232	93	130	153	426	143	372	357	314	198	339	458	270	109	0	490	379	462	351	247	353	456	334	250	110	168	140	243	226	274	56	201	238	232	449	294	|
|461	211	585	309	264	266	490	30	229	414	446	538	367	413	125	493	135	448	243	299	228	390	231	394	490	0	125	89	408	365	226	36	156	412	462	324	481	311	447	253	441	430	433	448	436	225	|
|346	86	491	207	140	167	387	98	132	323	382	438	265	329	62	369	109	419	203	204	202	400	110	277	379	125	0	155	381	307	113	90	63	288	339	211	394	186	382	190	327	359	371	384	436	165	|
|439	235	536	280	287	238	452	84	204	367	380	495	333	361	186	490	90	367	176	263	156	301	233	378	462	89	155	0	326	299	267	92	148	432	454	306	429	325	382	199	419	369	366	382	348	172	|
|363	399	318	268	421	270	304	388	279	224	129	316	264	198	442	466	284	40	178	246	184	117	347	349	351	408	381	326	0	113	452	391	321	502	422	311	229	415	134	199	348	152	118	130	98	219	|
|254	306	254	158	320	168	208	340	186	119	81	233	151	96	369	355	230	136	123	139	143	211	250	236	247	365	307	299	113	0	359	340	244	390	310	200	148	308	83	117	238	74	68	83	208	145	|
|312	53	490	219	63	193	377	204	174	336	423	429	267	351	107	302	212	487	282	228	288	492	110	244	353	226	113	267	452	359	0	195	145	194	283	199	407	115	421	254	296	394	415	425	521	237	|
|426	176	554	276	229	233	457	9	195	383	421	505	333	383	99	457	111	432	221	266	209	384	195	359	456	36	90	92	391	340	195	0	122	378	426	289	451	275	421	226	406	404	408	423	427	197	|
|305	99	436	155	145	112	336	126	75	266	320	385	213	270	125	344	70	358	144	147	146	348	85	239	334	156	63	148	321	244	145	122	0	286	310	168	336	177	320	128	285	298	309	322	381	103	|
|206	202	407	235	148	246	297	386	258	308	422	342	244	333	300	135	354	525	372	258	390	578	203	167	250	412	288	432	502	390	194	378	286	0	144	191	362	109	418	329	202	388	421	423	591	329	|
|71	263	266	187	221	221	163	432	251	202	318	203	161	229	374	45	364	436	338	211	362	517	230	81	110	462	339	454	422	310	283	426	310	144	0	150	239	168	313	294	77	285	321	319	518	306	|
|137	157	292	45	142	70	181	294	102	141	242	233	70	159	260	191	216	336	193	68	215	389	103	73	168	324	211	306	311	200	199	289	168	191	150	0	210	113	239	148	117	210	238	244	400	157	|
|169	361	108	192	352	228	84	453	262	72	100	88	140	68	452	279	348	227	256	191	280	344	303	196	140	481	394	429	229	148	407	451	336	362	239	210	0	318	95	231	164	79	111	100	325	258	|
|200	101	388	150	53	148	274	283	153	252	355	325	181	272	210	189	245	443	270	169	286	480	95	135	243	311	186	325	415	308	115	275	177	109	168	113	318	0	352	230	187	323	351	357	498	225	|
|247	370	186	205	374	228	175	421	254	112	5	182	175	86	443	356	312	132	206	193	226	251	311	253	226	447	382	382	134	83	421	421	320	418	313	239	95	352	0	196	237	30	19	6	230	224	|
|260	201	337	107	226	84	256	226	81	169	195	297	145	163	252	337	118	234	45	83	68	251	150	213	274	253	190	199	199	117	254	226	128	329	294	148	231	230	196	0	240	178	184	198	272	29	|
|20	264	207	140	234	180	95	411	216	127	241	143	97	153	372	120	329	361	283	159	308	448	217	53	56	441	327	419	348	238	296	406	285	202	77	117	164	187	237	240	0	208	245	242	446	257	|
|219	344	181	177	346	202	152	404	230	82	34	167	145	56	420	328	295	156	193	166	215	265	284	223	201	430	359	369	152	74	394	404	298	388	285	210	79	323	30	178	208	0	37	35	250	206	|
|256	364	205	202	370	222	188	408	246	118	15	199	177	92	433	364	298	119	191	188	210	233	305	257	238	433	371	366	118	68	415	408	309	421	321	238	111	351	19	184	245	37	0	17	214	212	|
|253	374	190	210	378	232	180	423	257	117	2	187	180	91	446	362	313	127	206	197	226	246	315	258	232	448	384	382	130	83	425	423	322	423	319	244	100	357	6	198	242	35	17	0	225	226	|
|460	469	408	356	498	351	402	422	353	322	225	412	359	296	494	563	330	102	239	333	235	54	422	444	449	436	436	348	98	208	521	427	381	591	518	400	325	498	230	272	446	250	214	225	0	285	|
|278	184	364	119	215	87	280	198	72	195	224	323	165	190	227	348	90	255	46	98	61	259	139	226	294	225	165	172	219	145	237	197	103	329	306	157	258	225	224	29	257	206	212	226	285	0	|

--------------------------------------------------------------------------------
Building model...
	using lazy and cut (CVRPSEP package)
Solving IRP LP...
--------------------------------------------------------------------------------

Gurobi 9.1.0 (linux64) logging started Sat Feb  6 17:32:16 2021

Gurobi Optimizer version 9.1.0 build v9.1.0rc0 (linux64)
Thread count: 32 physical cores, 32 logical processors, using up to 2 threads
Optimize a model with 1714 rows, 13696 columns and 32227 nonzeros
Model fingerprint: 0x05daadac
Variable types: 724 continuous, 12972 integer (552 binary)
Coefficient statistics:
  Matrix range     [1e+00, 9e+02]
  Objective range  [1e-01, 6e+02]
  Bounds range     [1e+00, 3e+02]
  RHS range        [1e+00, 6e+03]
Presolve removed 448 rows and 220 columns
Presolve time: 0.15s
Presolved: 1266 rows, 13476 columns, 29368 nonzeros
Variable types: 456 continuous, 13020 integer (12452 binary)

Root relaxation: objective 1.314057e+04, 1490 iterations, 0.05 seconds

    Nodes    |    Current Node    |     Objective Bounds      |     Work
 Expl Unexpl |  Obj  Depth IntInf | Incumbent    BestBd   Gap | It/Node Time

     0     0 13140.5741    0  118          - 13140.5741      -     -    0s
     0     0 13491.8677    0  146          - 13491.8677      -     -    0s
     0     0 13492.0226    0  145          - 13492.0226      -     -    0s
     0     0 13846.7202    0  248          - 13846.7202      -     -    1s
     0     0 13850.4945    0  246          - 13850.4945      -     -    1s
     0     0 13850.4945    0  251          - 13850.4945      -     -    1s
     0     0 14075.2688    0  241          - 14075.2688      -     -    1s
     0     0 14120.3147    0  258          - 14120.3147      -     -    1s
     0     0 14125.6947    0  304          - 14125.6947      -     -    1s
     0     0 14128.8579    0  294          - 14128.8579      -     -    1s
     0     0 14172.5765    0  300          - 14172.5765      -     -    1s
     0     0 14173.7744    0  319          - 14173.7744      -     -    1s
     0     0 14180.3369    0  300          - 14180.3369      -     -    1s
     0     0 14194.8133    0  307          - 14194.8133      -     -    1s
     0     0 14196.3896    0  300          - 14196.3896      -     -    1s
     0     0 14196.4788    0  297          - 14196.4788      -     -    2s
     0     0 14301.6316    0  341          - 14301.6316      -     -    2s
     0     0 14307.6618    0  309          - 14307.6618      -     -    2s
     0     0 14307.9605    0  318          - 14307.9605      -     -    2s
     0     0 14347.5861    0  327          - 14347.5861      -     -    2s
     0     0 14354.0003    0  363          - 14354.0003      -     -    3s
     0     0 14355.3431    0  376          - 14355.3431      -     -    3s
     0     0 14402.0171    0  315          - 14402.0171      -     -    3s
     0     0 14410.5976    0  351          - 14410.5976      -     -    4s
     0     0 14411.3175    0  417          - 14411.3175      -     -    5s
     0     0 14431.9997    0  296          - 14431.9997      -     -    5s
     0     0 14435.1619    0  324          - 14435.1619      -     -    5s
     0     0 14438.7248    0  374          - 14438.7248      -     -    5s
     0     0 14439.6637    0  304          - 14439.6637      -     -    6s
     0     0 14446.6462    0  400          - 14446.6462      -     -    6s
     0     0 14449.7376    0  294          - 14449.7376      -     -    6s
     0     2 14451.3418    0  277          - 14451.3418      -     -    9s
     3     6 14465.9304    2  378          - 14461.1785      -   491   10s
    60    65 14544.7198   17  323          - 14477.7513      -   340   15s
   136   145 14817.4516   40  202          - 14477.7513      -   302   20s
   237   262 15170.5489   75  155          - 14477.7513      -   264   25s
   367   401 15694.5492  114  167          - 14477.7513      -   233   30s
   609   665 17869.4032  235   32          - 14477.7513      -   166   35s
   902   962 14518.2280    4  454          - 14477.7513      -   123   40s
  1032   984 14822.9297   33  294          - 14477.7513      -   115   45s
  1046   993 18063.3906  214  545          - 14502.0974      -   113   51s
  1055   999 16080.8314  152  518          - 14540.7334      -   112   55s
  1064  1005 16372.0602  179  538          - 14547.3120      -   111   60s
  1072  1011 18259.4429  208  514          - 14549.9599      -   110   65s
  1074  1012 19155.3273  251  458          - 14557.9498      -   110   70s
  1088  1024 14601.6685   16  399          - 14581.2205      -   142   75s
  1108  1041 14614.9808   21  550          - 14607.0152      -   156   80s
  1147  1066 14660.5973   31  487          - 14607.0152      -   168   85s
  1200  1106 14773.6973   45  379          - 14607.0152      -   176   90s
  1255  1151 14915.3703   58  228          - 14607.0152      -   183   95s
  1337  1196 15065.9901   76  286          - 14607.0152      -   188  100s
  1444  1297 15550.3375  107  205          - 14607.0152      -   187  105s
  1510  1355 15763.5438  125  204          - 14607.0152      -   186  125s
  1623  1457 16054.4684  152  172          - 14607.0152      -   181  131s
  1774  1544 16598.9513  187   46          - 14607.0152      -   173  136s
  1943  1700 17520.7629  227   29          - 14607.0152      -   164  142s
  2083  1654 18782.5300  263    6          - 14608.8671      -   158  146s
* 2086  1591             265    18792.030000 14608.8671  22.3%   157  146s
  2122  1586 14706.4987   18  525 18792.0300 14610.1636  22.3%   160  151s
  2142  1602 14763.3464   22  487 18792.0300 14610.1636  22.3%   163  155s
  2156  1610 14796.5187   26  316 18792.0300 14610.1636  22.3%   165  160s
  2175  1620 14861.9436   28  247 18792.0300 14610.1636  22.3%   169  165s
  2179  1621 14900.9173   28  389 18792.0300 14610.1636  22.3%   170  203s
  2187  1629 14938.2029   29  244 18792.0300 14610.1636  22.3%   172  205s
  2204  1639 14978.0986   30  282 18792.0300 14610.1636  22.3%   176  212s
  2219  1652 15037.8890   34  227 18792.0300 14610.1636  22.3%   177  215s
  2249  1673 15144.6305   41  299 18792.0300 14610.1636  22.3%   182  221s
  2268  1693 15178.7867   47  242 18792.0300 14610.1636  22.3%   185  225s
  2294  1701 15379.7758   53  146 18792.0300 14610.1636  22.3%   187  233s
  2300  1714 15237.3200   56  220 18792.0300 14610.1636  22.3%   187  235s
  2349  1763 15402.3354   70  158 18792.0300 14610.1636  22.3%   191  242s
  2412  1784 15156.1867   74  247 18792.0300 14610.1636  22.3%   190  245s
  2465  1884 15658.4826  100  111 18792.0300 14610.1636  22.3%   190  250s
  2563  1961 15921.0957  127   49 18792.0300 14610.1636  22.3%   187  255s
  2730  2023 17130.5467  173   10 18792.0300 14610.1636  22.3%   180  260s
  2775  2105 17081.0133  175    9 18792.0300 14612.4342  22.2%   179  265s
  2965  2147 14784.1259   18  411 18792.0300 14612.4342  22.2%   172  270s
  3029  2237 14850.5394   22  333 18792.0300 14612.4342  22.2%   171  275s
  3147  2202 14970.0493   24  363 18792.0300 14612.4342  22.2%   168  280s
  3193  2200 17848.3400  183    - 18792.0300 14612.4342  22.2%   170  285s
  3207  2216 14940.7970   33  310 18792.0300 14612.4342  22.2%   171  290s
  3229  2220 15050.9624   41  268 18792.0300 14612.4342  22.2%   174  299s
  3249  2227 15033.9158   46  256 18792.0300 14612.4342  22.2%   178  305s
  3303  2282 15182.2095   59  142 18792.0300 14612.4342  22.2%   182  311s
  3343  2325 15272.1367   70   80 18792.0300 14612.4342  22.2%   182  316s
  3399  2413 15494.1784   90  117 18792.0300 14612.4342  22.2%   182  321s
  3508  2529 16201.3075  132   63 18792.0300 14626.5160  22.2%   180  330s
  3763  2514 18062.7321  210   13 18792.0300 14626.5493  22.2%   173  337s
* 3776  2453             214    18356.280000 14626.5493  20.3%   172  337s
  3829  2455 18072.4300  212    6 18356.2800 14629.4520  20.3%   173  341s
* 3830  2451             214    18262.280000 14629.4520  19.9%   173  341s
* 3831  2426             213    18112.430000 14629.4520  19.2%   173  341s
  3856  2451 14925.3252   20  455 18112.4300 14629.4520  19.2%   175  345s
  3883  2482 14986.4727   31  445 18112.4300 14629.4520  19.2%   176  350s
  3914  2526 15193.9064   44  340 18112.4300 14629.4520  19.2%   177  370s
  3958  2602 15424.1485   60  287 18112.4300 14629.4520  19.2%   178  376s
  4034  2751 16093.8254   88  210 18112.4300 14629.4520  19.2%   178  383s
  4153  2751 15717.9009  124   47 18112.4300 14629.4520  19.2%   176  385s
  4183  2983 17262.2505  150   76 18112.4300 14629.4544  19.2%   176  395s
  4482  3017 14834.8400   20  416 18112.4300 14633.4435  19.2%   170  404s
  4500  3017     cutoff  234      18112.4300 14633.4435  19.2%   170  405s
  4507  3058 15118.8949   38  283 18112.4300 14633.4435  19.2%   172  410s
  4548  3142 15629.9588   72  163 18112.4300 14636.2955  19.2%   173  418s
  4651  3203 14763.6741   17  413 18112.4300 14636.2955  19.2%   172  424s
  4693  3203 15727.3460   62  212 18112.4300 14636.2955  19.2%   172  425s
  4712  3324 15105.1086   36  240 18112.4300 14636.2955  19.2%   172  435s
  4848  3465 15352.1070   69  154 18112.4300 14636.4395  19.2%   171  446s
  5007  3502 14817.5904   21  273 18112.4300 14636.4395  19.2%   170  453s
  5044  3527 15367.3398   37  179 18112.4300 14636.4395  19.2%   171  466s
  5069  3652 15496.4706   52  166 18112.4300 14637.2769  19.2%   171  473s
  5218  3786 17438.3400  149    - 18112.4300 14637.4821  19.2%   171  484s
  5375  3906 14894.4710   29  272 18112.4300 14637.4821  19.2%   171  493s
  5509  3978 15064.5593   49  191 18112.4300 14637.4821  19.2%   171  501s
  5604  4130 15219.8983   71  144 18112.4300 14637.4821  19.2%   171  512s
  5792  4229 16245.0985  127   84 18112.4300 14641.1600  19.2%   170  522s
  5902  4276 14945.3572   27  326 18112.4300 14643.5176  19.2%   171  530s
  5939  4338 15178.9830   33  267 18112.4300 14643.5176  19.2%   174  538s
  6001  4453 15805.1281   51  193 18112.4300 14643.5176  19.2%   176  549s
  6020  4453 16377.7945   60  145 18112.4300 14643.5176  19.2%   176  550s
  6116  4584 17003.4077   89  137 18112.4300 14643.5191  19.2%   176  561s
  6271  4692 14727.6255   33  495 18112.4300 14643.5191  19.2%   176  572s
  6379  4853 15464.1107   61  321 18112.4300 14643.5191  19.2%   176  592s
  6540  4890 16273.4243  100  166 18112.4300 14648.1922  19.1%   174  603s
  6608  5075 15219.0484   36  406 18112.4300 14657.9753  19.1%   175  615s
  6805  5170 14821.4607   21  393 18112.4300 14657.9753  19.1%   174  626s
  6910  5399 15300.4104   61  167 18112.4300 14660.0095  19.1%   174  638s
  7181  5445 14795.8375   29  354 18112.4300 14660.9636  19.1%   171  649s
  7223  5620 15001.1359   40  264 18112.4300 14660.9636  19.1%   173  663s
  7398  6006 15437.0688   84   54 18112.4300 14661.2850  19.1%   175  681s
  7912  6176 16975.1400  142    - 18112.4300 14661.5032  19.1%   169  699s
  8057  6250 17461.9800  142    - 18112.4300 14664.5869  19.0%   170  713s
  8154  6417 17596.9144  144    4 18112.4300 14665.5498  19.0%   172  729s
  8345  6598 17926.6300  152    - 18112.4300 14665.5498  19.0%   172  745s
  8537  6743 17933.0400  152    8 18112.4300 14666.4077  19.0%   171  760s
* 8541  6699             155    18038.150000 14666.4077  18.7%   171  760s
  8719  6864 15282.0350   50  251 18038.1500 14669.5293  18.7%   171  777s
  8882  7098 15789.8249  112  119 18038.1500 14669.5456  18.7%   173  795s
  9170  7286 14905.9985   39  364 18038.1500 14671.2869  18.7%   171  813s
  9317  7287 17971.5705  172    4 18038.1500 14671.2869  18.7%   170  815s
  9389  7288 infeasible  174      18038.1500 14671.4399  18.7%   171  846s
  9395  7551 14786.3320   30  443 18038.1500 14671.4399  18.7%   171  863s
  9529  7551 16370.8174  126  106 18038.1500 14671.4399  18.7%   171  865s
  9690  7677 15813.7990   88  189 18038.1500 14672.4318  18.7%   170  880s
  9840  7876 15618.1815   67  183 18038.1500 14672.8914  18.7%   170  896s
 10093  8003 15033.7549   42  417 18038.1500 14673.7986  18.7%   168  913s
 10237  8126 14775.4977   19  457 18038.1500 14674.8551  18.6%   169  929s
 10307  8129 16331.2551   70   81 18038.1500 14674.8551  18.6%   170  930s
 10392  8254 16090.6556   67  190 18038.1500 14675.8357  18.6%   170  945s
 10581  8434 infeasible  134      18038.1500 14675.8562  18.6%   170  963s
 10698  8434 15437.8849  117   39 18038.1500 14677.2271  18.6%   171  965s
 10784  8507 14856.5487   41  302 18038.1500 14677.2271  18.6%   171 1031s
 10852  8634 15096.1220   55  311 18038.1500 14677.2271  18.6%   172 1047s
 10991  8784 15284.4828   94   67 18038.1500 14677.6089  18.6%   173 1065s
 11178  8988 16561.0500  152    - 18038.1500 14677.8711  18.6%   174 1082s
 11383  9043 16697.5600  152   17 18038.1500 14677.9782  18.6%   173 1099s
 11429  9049 17669.5600  159    6 18038.1500 14678.2264  18.6%   174 1100s
 11452  9152 15195.9505   44  260 18038.1500 14678.2264  18.6%   175 1113s
 11542  9152 15685.3171   59  186 18038.1500 14678.2264  18.6%   176 1115s
 11550  9412 16099.2430   69  122 18038.1500 14679.4107  18.6%   176 1131s
 11879  9558 infeasible  116      18038.1500 14681.6520  18.6%   175 1169s
 11943  9558 15714.9832   73   69 18038.1500 14681.6520  18.6%   175 1170s
 12049  9758 15511.3862   50  145 18038.1500 14682.7857  18.6%   175 1186s
 12283  9920 14941.8797   27  379 18038.1500 14687.5621  18.6%   174 1203s
 12437  9920 17180.3039  129   66 18038.1500 14687.6186  18.6%   174 1205s
 12476 10093 14853.3035   35  484 18038.1500 14687.6358  18.6%   174 1220s
 12669 10212 14835.3831   39  475 18038.1500 14688.3651  18.6%   174 1237s
 12805 10308 14849.8655   40  428 18038.1500 14689.0711  18.6%   175 1252s
 12893 10541 15550.3600   85   45 18038.1500 14689.2683  18.6%   176 1270s
 13175 10866 17561.9350  146   22 18038.1500 14691.2177  18.6%   176 1291s
 13554 11006 17818.9633  150   16 18038.1500 14695.8122  18.5%   174 1310s
 13695 11207 17877.1300  154    4 18038.1500 14696.7557  18.5%   174 1326s
*13931 11365             162    18034.870000 14697.1439  18.5%   174 1345s
*13932 11356             161    18025.130000 14697.1439  18.5%   174 1345s
 14101 11691 15491.7184   51  107 18025.1300 14699.5619  18.4%   174 1364s
 14120 11691 15628.5816   70  123 18025.1300 14699.5619  18.4%   174 1365s
 14454 11690 14984.1288   37  411 18025.1300 14699.5619  18.4%   172 1396s
 14478 11790 14996.3696   38  434 18025.1300 14699.5619  18.4%   172 1409s
 14578 11935 15146.7368   65  326 18025.1300 14699.5619  18.4%   173 1425s
 14745 12307 15392.0224   85  236 18025.1300 14701.0635  18.4%   173 1446s
 15011 12307 16788.1539  179   50 18025.1300 14701.0635  18.4%   172 1450s
 15167 12516 17812.0033  204   20 18025.1300 14701.9977  18.4%   171 1466s
 15413 12568 infeasible  212      18025.1300 14704.0932  18.4%   171 1481s
 15464 12639 14858.4779   33  434 18025.1300 14704.1980  18.4%   172 1495s
 15555 12713 15016.7721   45  336 18025.1300 14704.1980  18.4%   173 1509s
 15576 12713 15204.4510   55  307 18025.1300 14704.1980  18.4%   174 1510s
 15640 12871 15435.6266   64  166 18025.1300 14704.1980  18.4%   174 1527s
 15810 12973 15827.8672  131   61 18025.1300 14706.6014  18.4%   175 1544s
 15829 12973 16207.9160  140   81 18025.1300 14706.6014  18.4%   175 1545s
 15926 13119 15436.9136   56  304 18025.1300 14707.8360  18.4%   176 1561s
 16091 13218 infeasible  155      18025.1300 14707.9518  18.4%   176 1578s
 16193 13345 15231.8264   41  254 18025.1300 14707.9518  18.4%   177 1595s
 16319 13622 16582.3796  109  120 18025.1300 14708.1110  18.4%   178 1616s
 16630 13632 17210.9900  157    - 18025.1300 14708.1934  18.4%   177 1620s
 16648 13833 15394.0576   52  205 18025.1300 14708.7082  18.4%   177 1637s
 16872 14004 infeasible  213      18025.1300 14709.1487  18.4%   177 1658s
 17094 14042 infeasible  151      18025.1300 14709.3920  18.4%   176 1673s
*17115 13981             167    17985.690000 14709.5599  18.2%   177 1673s
*17117 13920             165    17940.690000 14709.5599  18.0%   177 1673s
 17138 13978 14930.0238   34  334 17940.6900 14709.5599  18.0%   178 1688s
 17196 14183 15139.3535   47  295 17940.6900 14709.5599  18.0%   179 1706s
 17401 14424 15754.8078   98   72 17940.6900 14709.5658  18.0%   180 1726s
 17708 14498 17760.9351  170   65 17940.6900 14709.9972  18.0%   178 1745s
 17782 14653     cutoff  181      17940.6900 14710.6003  18.0%   179 1761s
 17936 14767 15620.0755   96  168 17940.6900 14710.8798  18.0%   179 1780s
 18067 14910 15317.4510   48  335 17940.6900 14711.5928  18.0%   180 1801s
 18241 15007 14843.2238   24  454 17940.6900 14712.1862  18.0%   179 1817s
 18339 15009 15216.8086   58  288 17940.6900 14712.1862  18.0%   180 1847s
 18341 15160 15217.3128   59  294 17940.6900 14714.1121  18.0%   180 1866s
 18541 15219 14788.9881   27  556 17940.6900 14714.1244  18.0%   180 1884s
 18602 15443 15576.8627   66  312 17940.6900 14715.4738  18.0%   180 1901s
 18859 15637 14934.8900   24  432 17940.6900 14715.5713  18.0%   180 1920s
 19087 15858 15960.7731   70  209 17940.6900 14717.1768  18.0%   179 1940s
 19353 16014 15195.3319   40  384 17940.6900 14717.9705  18.0%   179 1961s
 19537 16106 14830.8026   25  532 17940.6900 14718.0367  18.0%   178 1979s
 19578 16106 15714.9584   66  225 17940.6900 14718.0367  18.0%   179 1980s
 19631 16332 15916.0340   82  122 17940.6900 14718.4899  18.0%   179 1998s
 19733 16332 17937.6592  172   24 17940.6900 14718.4899  18.0%   178 2000s
 19884 16491 15332.4848   66  166 17940.6900 14719.7496  18.0%   178 2018s
 20096 16639 17711.3000  148    - 17940.6900 14719.8586  18.0%   178 2039s
 20156 16645 16985.6969   71   14 17940.6900 14719.8586  18.0%   178 2040s
 20314 16741     cutoff  148      17940.6900 14721.2045  17.9%   178 2057s
 20417 16880     cutoff  147      17940.6900 14721.5189  17.9%   178 2075s
 20570 17138 15752.4039   64  117 17940.6900 14721.6816  17.9%   179 2095s
 20880 17238 17567.7000  154    - 17940.6900 14722.8540  17.9%   178 2114s
 20909 17239 15171.3519   46  179 17940.6900 14722.8540  17.9%   178 2115s
 20988 17371 17774.5532  154   50 17940.6900 14723.0672  17.9%   178 2138s
 21145 17460 17935.6608  157    9 17940.6900 14723.6970  17.9%   178 2155s
 21237 17530     cutoff  157      17940.6900 14724.4338  17.9%   179 2171s
 21330 17607 15140.5675   38  258 17940.6900 14724.5424  17.9%   180 2187s
 21407 17743 15604.4910   69   68 17940.6900 14724.8064  17.9%   180 2207s
 21593 17802 14902.1013   29  422 17940.6900 14724.8064  17.9%   181 2224s
 21629 17816 15046.3504   39  352 17940.6900 14724.8064  17.9%   182 2370s
 21643 17872 14989.3142   40  277 17940.6900 14724.8064  17.9%   182 2386s
 21699 18208 15288.2848   61  227 17940.6900 14724.9340  17.9%   184 2413s
 21851 18208 16177.0684  129   21 17940.6900 14724.9340  17.9%   183 2415s
 22099 18323     cutoff  228      17940.6900 14725.7025  17.9%   182 2436s
 22202 18491 14939.0157   24  426 17940.6900 14725.7025  17.9%   184 2456s
 22383 18579 15057.9935   27  389 17940.6900 14725.7025  17.9%   184 2473s
 22468 18579 15990.8817   94  102 17940.6900 14725.7025  17.9%   184 2475s
 22472 18695 15264.5474   36  360 17940.6900 14725.7025  17.9%   184 2492s
 22604 18899 15971.1145   52  237 17940.6900 14725.7025  17.9%   185 2513s
 22717 18899 15589.1186   90  188 17940.6900 14725.7025  17.9%   185 2515s
 22821 19039 16688.8773   82  115 17940.6900 14727.4362  17.9%   185 2539s
 22878 19039 17331.1268   97  187 17940.6900 14727.4362  17.9%   185 2540s
 22993 19311 15017.1005   37  425 17940.6900 14727.5079  17.9%   185 2561s
 23232 19311 17094.2435  130   34 17940.6900 14727.5079  17.9%   185 2565s
 23303 19472 17641.6329  181    9 17940.6900 14729.1763  17.9%   184 2586s
 23495 19618 15374.1396   50   89 17940.6900 14729.7005  17.9%   184 2605s
 23657 19819 infeasible  137      17940.6900 14729.7090  17.9%   184 2626s
 23888 20013 16012.7269   83  208 17940.6900 14732.0696  17.9%   184 2647s
 24106 20079 15317.9072   48  361 17940.6900 14732.5802  17.9%   184 2666s
 24172 20300 15312.0228   55  337 17940.6900 14732.5802  17.9%   185 2688s
 24393 20477 15935.6976   74  147 17940.6900 14732.6413  17.9%   185 2712s
 24616 20526 14908.4624   26  407 17940.6900 14732.8485  17.9%   185 2731s
 24665 20596 14861.5472   32  532 17940.6900 14732.8485  17.9%   186 2749s
 24735 20762 14996.8063   39  435 17940.6900 14732.8485  17.9%   187 2771s
 24920 20892 15140.8735   49  321 17940.6900 14732.8485  17.9%   188 2792s
 25063 21185 15438.6622   72  142 17940.6900 14732.8485  17.9%   188 2816s
 25327 21187 16438.5193  148   26 17940.6900 14732.8485  17.9%   188 2820s
 25384 21372 17534.8183  185   49 17940.6900 14733.8734  17.9%   188 2842s
 25585 21378 17610.6076  170   20 17940.6900 14734.4391  17.9%   187 2845s
 25613 21438 15257.6222   51  301 17940.6900 14734.4391  17.9%   187 2860s
 25673 21573 15520.5051   64  192 17940.6900 14734.4391  17.9%   188 2879s
 25730 21573 15598.6554   92  211 17940.6900 14734.4391  17.9%   188 2880s
 25808 21857 15903.4625  112  136 17940.6900 14734.8621  17.9%   189 2905s
 26118 21993 14949.6236   40  420 17940.6900 14734.8621  17.9%   189 2925s
 26254 22317 16087.2508   99  218 17940.6900 14734.9317  17.9%   189 2947s
 26464 22317 17749.4645  153    8 17940.6900 14735.2608  17.9%   189 2950s
 26646 22460 15347.7075   56  274 17940.6900 14735.5004  17.9%   188 2972s
 26795 22624 14940.8835   28  425 17940.6900 14737.0151  17.9%   188 2993s
 26997 22726     cutoff  104      17940.6900 14738.6515  17.8%   188 3012s
 27099 22945 15585.3863   87  237 17940.6900 14739.0608  17.8%   189 3084s
 27138 22945 15995.0739  126  168 17940.6900 14739.0608  17.8%   188 3085s
 27369 23052 15325.8527   53  372 17940.6900 14739.6104  17.8%   188 3105s
 27498 23092 14894.7525   32  377 17940.6900 14740.2625  17.8%   188 3121s
 27538 23145 15075.2335   44  363 17940.6900 14740.2625  17.8%   189 3135s
 27591 23278 15409.5121   60  184 17940.6900 14740.2625  17.8%   190 3154s
 27648 23278 15675.7193   88  125 17940.6900 14740.2625  17.8%   190 3155s
 27740 23408 16635.6873  121   58 17940.6900 14740.2709  17.8%   191 3173s
 27892 23527 17649.5800  159    - 17940.6900 14740.5222  17.8%   191 3193s
 28022 23790 17787.1989  160    6 17940.6900 14740.6956  17.8%   192 3214s
 28349 23866     cutoff  173      17940.6900 14742.4976  17.8%   191 3236s
 28419 24107 15501.6806   64  333 17940.6900 14742.7681  17.8%   192 3257s
 28612 24117 16133.7585   94   45 17940.6900 14742.8777  17.8%   191 3260s
 28692 24332 15021.5896   34  133 17940.6900 14742.9136  17.8%   191 3284s
 28749 24332 15143.2249   72   38 17940.6900 14742.9136  17.8%   191 3285s
 28943 24504 17410.0900  143   12 17940.6900 14742.9689  17.8%   191 3306s
 29132 24730     cutoff  147      17940.6900 14743.0810  17.8%   191 3331s
 29414 24880 15377.3231   41  408 17940.6900 14743.4985  17.8%   191 3353s
 29551 25003 16265.8997   84  136 17940.6900 14743.9108  17.8%   191 3375s
 29695 25035 15138.0578   47  335 17940.6900 14744.0401  17.8%   191 3404s
 29727 25255 15353.7547   62  359 17940.6900 14744.0439  17.8%   191 3423s
 29803 25255 16622.3584  138  134 17940.6900 14744.0439  17.8%   191 3425s
 30007 25297 14813.0763   21  629 17940.6900 14745.5285  17.8%   191 3444s
 30046 25297 15480.6339   32  282 17940.6900 14745.5285  17.8%   191 3445s
 30049 25347 15284.6091   31  272 17940.6900 14745.5285  17.8%   191 3461s
 30099 25463 15517.8459   39  393 17940.6900 14745.5285  17.8%   192 3480s
 30215 25692 16347.2619   65  156 17940.6900 14746.3607  17.8%   193 3505s
 30485 25895 15373.9823   55  279 17940.6900 14747.9938  17.8%   193 3527s
 30700 26132 15023.4119   41  357 17940.6900 14748.0874  17.8%   192 3552s
 30980 26346 14910.6737   34  414 17940.6900 14748.2080  17.8%   192 3578s
 31092 26347 17174.1820  145   24 17940.6900 14748.2080  17.8%   192 3580s
 31228 26467 infeasible  154      17940.6900 14748.3847  17.8%   191 3600s

Cutting planes:
  User: 3376
  Gomory: 25
  Cover: 608
  Implied bound: 181
  Projected implied bound: 16
  Clique: 126
  MIR: 177
  StrongCG: 3
  Flow cover: 590
  GUB cover: 3
  Zero half: 46
  Network: 2
  RLT: 442
  Relax-and-lift: 6
  Lazy constraints: 5019

Explored 31385 nodes (6016039 simplex iterations) in 3602.67 seconds
Thread count was 2 (of 32 available processors)

Solution count 9: 17940.7 17985.7 18025.1 ... 18792

Time limit reached
Best objective 1.794069000000e+04, best bound 1.474903666033e+04, gap 17.7900%

User-callback calls 496890, time in user-callback 309.35 sec
================================================================================
executing instance: ./input/Instances/Original/1/absH3high_2n45.dat
--------------------------------------------------------------------------------
Instance details
n	46
H	3
C	3171
Li:
