




arguments: ./build/bc_mirp -f ./input/orig_exec_80.cfg
Current dir: /scratch/gui/bc_mirp
File verbosity level: 9
date       time         ( uptime  ) [ thread name/id ]                   file:line     v| 
2021-02-07 06:39:31.620 (   0.042s) [main thread     ]             loguru.cpp:789   INFO| Logging to './output/vi_vc+qua/OU/V4/Original/execution_07_02_2021_06_39_31.log', mode: 'a', verbosity: 9
--------------------------------------------------------------------------------
Parameters
                           instance_path           ./input/Instances/Original/2/
                            model_policy                                       1
                             nb_vehicles                                       4
                              output_dir      ./output/vi_vc+qua/OU/V4/Original/
                            sec_strategy                                       1
                       solver_nb_threads                                       2
                         solver_show_log                                    true
                       solver_time_limit                                    3600
                              use_vi_cos                                   false
                              use_vi_cus                                   false
                         use_vi_hc1_full                                   false
                         use_vi_hc1_half                                   false
                      use_vi_hc1_quarter                                   false
                              use_vi_hc2                                   false
                              use_vi_hc3                                   false
                         use_vi_lex_full                                   false
                         use_vi_lex_half                                   false
                      use_vi_lex_quarter                                   false
                              use_vi_qua                                    true
                               use_vi_vc                                    true
                               use_vi_vr                                   false
--------------------------------------------------------------------------------
executing instance: ./input/Instances/Original/2/absH3high_3n40.dat
--------------------------------------------------------------------------------
Instance details
n	41
H	3
C	3283
Li:
[0, 0, 0, 0, 0, 0, 0, 0, 0, 0, 0, 0, 0, 0, 0, 0, 0, 0, 0, 0, 0, 0, 0, 0, 0, 0, 0, 0, 0, 0, 0, 0, 0, 0, 0, 0, 0, 0, 0, 0, 0, ]
Ui:
[0, 63, 111, 99, 96, 111, 282, 122, 156, 261, 42, 192, 126, 42, 162, 207, 159, 122, 102, 190, 118, 102, 132, 102, 165, 252, 66, 52, 22, 114, 210, 176, 116, 294, 78, 152, 210, 45, 130, 198, 174, ]
Distance matrix:
|0	208	225	252	227	143	258	127	267	150	28	83	163	286	57	149	201	137	214	255	70	73	107	186	328	266	249	343	222	177	293	144	262	215	167	120	169	218	143	173	255	|
|208	0	397	355	416	198	216	99	211	275	193	172	97	166	240	225	362	109	277	314	182	216	273	374	298	208	319	161	14	103	93	120	58	196	152	156	372	227	260	218	453	|
|225	397	0	427	53	364	482	343	492	129	253	225	382	386	171	188	39	291	187	195	295	182	282	55	326	491	180	551	408	315	457	366	455	275	392	244	221	439	341	214	101	|
|252	355	427	0	401	158	201	263	219	396	234	328	259	498	299	400	420	354	465	506	205	324	152	374	574	219	499	393	366	389	446	235	378	456	205	359	224	150	111	423	400	|
|227	416	53	401	0	357	477	352	489	165	253	245	389	424	179	223	85	315	234	245	293	200	264	42	375	488	231	565	428	344	484	370	474	314	392	270	184	430	325	252	50	|
|143	198	364	158	357	0	121	105	134	290	116	196	103	342	200	276	343	205	343	385	74	210	112	319	432	133	382	265	209	237	290	78	226	313	57	220	232	75	69	292	375	|
|258	216	482	201	477	121	0	168	18	397	230	293	135	381	314	372	459	275	437	480	188	317	228	439	501	18	479	197	222	296	290	132	212	386	95	306	347	58	173	381	496	|
|127	99	343	263	352	105	168	0	171	239	105	130	40	237	173	206	313	109	270	312	84	164	175	310	337	169	313	216	112	135	192	37	142	220	77	138	280	155	162	213	382	|
|267	211	492	219	489	134	18	171	0	404	240	298	136	376	323	376	468	276	441	483	198	324	243	450	500	2	483	181	215	294	281	136	202	386	102	309	363	75	189	384	509	|
|150	275	129	396	165	290	397	239	404	0	175	110	279	259	97	59	91	166	84	116	217	80	245	130	226	402	106	434	286	187	329	269	333	149	302	119	244	364	291	87	213	|
|28	193	253	234	253	116	230	105	240	175	0	94	139	286	84	167	229	136	234	275	43	96	98	212	341	238	271	320	206	175	281	118	244	225	140	128	180	191	124	189	280	|
|83	172	225	328	245	196	293	130	298	110	94	0	169	209	77	80	191	71	147	189	127	45	189	203	247	296	187	327	184	106	241	162	230	132	198	38	242	266	217	96	285	|
|163	97	382	259	389	103	135	40	136	279	139	169	0	253	212	244	353	141	307	349	110	203	194	347	366	133	350	183	107	161	187	27	124	251	56	175	306	133	169	249	418	|
|286	166	386	498	424	342	381	237	376	259	286	209	253	0	284	201	347	151	210	230	299	247	383	387	155	374	242	290	162	112	129	270	192	113	308	172	451	386	391	172	471	|
|57	240	171	299	179	200	314	173	323	97	84	77	212	284	0	112	145	147	170	208	127	38	148	137	299	321	201	386	253	183	315	195	297	195	222	112	171	275	195	142	214	|
|149	225	188	400	223	276	372	206	376	59	167	80	244	201	112	0	149	117	67	110	205	78	254	186	187	374	108	387	235	132	272	240	283	93	277	71	279	346	291	32	270	|
|201	362	39	420	85	343	459	313	468	91	229	191	353	347	145	149	0	254	149	160	272	150	271	66	290	466	146	518	373	278	419	339	420	235	367	207	227	418	327	175	135	|
|137	109	291	354	315	205	275	109	276	166	136	71	141	151	147	117	254	0	172	212	151	116	232	273	229	274	215	270	119	39	170	145	167	111	186	47	305	263	245	113	356	|
|214	277	187	465	234	343	437	270	441	84	234	147	307	210	170	67	149	172	0	42	272	141	317	205	144	439	43	437	284	175	307	305	331	99	343	132	327	413	357	60	283	|
|255	314	195	506	245	385	480	312	483	116	275	189	349	230	208	110	160	212	42	0	314	182	356	222	132	481	15	474	321	212	337	347	367	126	385	174	358	455	398	100	295	|
|70	182	295	205	293	74	188	84	198	217	43	127	110	299	127	205	272	151	272	314	0	137	91	253	370	196	310	292	195	188	274	85	226	252	99	155	197	148	94	223	316	|
|73	216	182	324	200	210	317	164	324	80	96	45	203	247	38	78	150	116	141	182	137	0	176	158	263	323	176	369	229	150	286	191	274	157	223	77	208	284	216	106	239	|
|107	273	282	152	264	112	228	175	243	245	98	189	194	383	148	254	271	232	317	356	91	176	0	231	435	242	349	371	286	271	365	167	315	321	164	224	120	174	61	280	274	|
|186	374	55	374	42	319	439	310	450	130	212	203	347	387	137	186	66	273	205	222	253	158	231	0	348	448	208	523	386	303	442	329	431	279	352	229	167	392	291	217	85	|
|328	298	326	574	375	432	501	337	500	226	341	247	366	155	299	187	290	229	144	132	370	263	435	348	0	498	147	441	299	206	283	374	338	119	414	215	465	492	463	157	425	|
|266	208	491	219	488	133	18	169	2	402	238	296	133	374	321	374	466	274	439	481	196	323	242	448	498	0	481	180	213	292	278	134	200	384	100	307	362	75	188	381	508	|
|249	319	180	499	231	382	479	313	483	106	271	187	350	242	201	108	146	215	43	15	310	176	349	208	147	481	0	480	326	217	346	347	373	135	385	175	347	454	392	103	280	|
|343	161	551	393	565	265	197	216	181	434	320	327	183	290	386	387	518	270	437	474	292	369	371	523	441	180	480	0	153	263	163	207	107	352	208	317	487	244	334	379	598	|
|222	14	408	366	428	209	222	112	215	286	206	184	107	162	253	235	373	119	284	321	195	229	286	386	299	213	326	153	0	109	81	132	48	201	162	167	386	236	272	226	466	|
|177	103	315	389	344	237	296	135	294	187	175	106	161	112	183	132	278	39	175	212	188	150	271	303	206	292	217	263	109	0	142	171	156	95	211	74	344	289	281	118	386	|
|293	93	457	446	484	290	290	192	281	329	281	241	187	129	315	272	419	170	307	337	274	286	365	442	283	278	346	163	81	142	0	212	79	211	241	214	461	311	353	254	525	|
|144	120	366	235	370	78	132	37	136	269	118	162	27	270	195	240	339	145	305	347	85	191	167	329	374	134	347	207	132	171	212	0	151	257	40	174	280	119	142	248	398	|
|262	58	455	378	474	226	212	142	202	333	244	230	124	192	297	283	420	167	331	367	226	274	315	431	338	200	373	107	48	156	79	151	0	245	173	214	421	237	293	273	510	|
|215	196	275	456	314	313	386	220	386	149	225	132	251	113	195	93	235	111	99	126	252	157	321	279	119	384	135	352	201	95	211	257	245	0	297	97	365	374	345	62	362	|
|167	152	392	205	392	57	95	77	102	302	140	198	56	308	222	277	367	186	343	385	99	223	164	352	414	100	385	208	162	211	241	40	173	297	0	213	283	79	126	287	415	|
|120	156	244	359	270	220	306	138	309	119	128	38	175	172	112	71	207	47	132	174	155	77	224	229	215	307	175	317	167	74	214	174	214	97	213	0	280	286	248	75	313	|
|169	372	221	224	184	232	347	280	363	244	180	242	306	451	171	279	227	305	327	358	197	208	120	167	465	362	347	487	386	344	461	280	421	365	283	280	0	291	175	310	176	|
|218	227	439	150	430	75	58	155	75	364	191	266	133	386	275	346	418	263	413	455	148	284	174	392	492	75	454	244	236	289	311	119	237	374	79	286	291	0	116	359	445	|
|143	260	341	111	325	69	173	162	189	291	124	217	169	391	195	291	327	245	357	398	94	216	61	291	463	188	392	334	272	281	353	142	293	345	126	248	175	116	0	313	335	|
|173	218	214	423	252	292	381	213	384	87	189	96	249	172	142	32	175	113	60	100	223	106	280	217	157	381	103	379	226	118	254	248	273	62	287	75	310	359	313	0	300	|
|255	453	101	400	50	375	496	382	509	213	280	285	418	471	214	270	135	356	283	295	316	239	274	85	425	508	280	598	466	386	525	398	510	362	415	313	176	445	335	300	0	|

--------------------------------------------------------------------------------
Building model...
	using lazy and cut (CVRPSEP package)
Solving IRP LP...
--------------------------------------------------------------------------------

Gurobi 9.1.0 (linux64) logging started Sun Feb  7 06:39:31 2021

Gurobi Optimizer version 9.1.0 build v9.1.0rc0 (linux64)
Thread count: 32 physical cores, 32 logical processors, using up to 2 threads
Optimize a model with 1529 rows, 10976 columns and 26252 nonzeros
Model fingerprint: 0x8ce89f33
Variable types: 644 continuous, 10332 integer (492 binary)
Coefficient statistics:
  Matrix range     [1e+00, 8e+02]
  Objective range  [1e-01, 6e+02]
  Bounds range     [1e+00, 3e+02]
  RHS range        [1e+00, 6e+03]
Presolve removed 398 rows and 195 columns
Presolve time: 0.12s
Presolved: 1131 rows, 10781 columns, 23713 nonzeros
Variable types: 406 continuous, 10375 integer (9869 binary)

Root relaxation: objective 1.235712e+04, 1296 iterations, 0.04 seconds

    Nodes    |    Current Node    |     Objective Bounds      |     Work
 Expl Unexpl |  Obj  Depth IntInf | Incumbent    BestBd   Gap | It/Node Time

     0     0 12357.1168    0  130          - 12357.1168      -     -    0s
     0     0 12844.3987    0  171          - 12844.3987      -     -    0s
     0     0 13433.5848    0  212          - 13433.5848      -     -    0s
     0     0 13443.0297    0  229          - 13443.0297      -     -    1s
     0     0 13445.9573    0  223          - 13445.9573      -     -    1s
     0     0 13446.0254    0  227          - 13446.0254      -     -    1s
     0     0 13583.6809    0  253          - 13583.6809      -     -    1s
     0     0 13619.6378    0  279          - 13619.6378      -     -    1s
     0     0 13626.8952    0  319          - 13626.8952      -     -    1s
     0     0 13627.7626    0  293          - 13627.7626      -     -    1s
     0     0 13738.7115    0  300          - 13738.7115      -     -    1s
     0     0 13750.5598    0  275          - 13750.5598      -     -    1s
     0     0 13751.2807    0  265          - 13751.2807      -     -    2s
     0     0 13789.8826    0  286          - 13789.8826      -     -    2s
     0     0 13813.7618    0  361          - 13813.7618      -     -    2s
     0     0 13820.6362    0  375          - 13820.6362      -     -    2s
     0     0 13831.0316    0  407          - 13831.0316      -     -    2s
     0     0 13844.5654    0  342          - 13844.5654      -     -    2s
     0     0 13847.1566    0  367          - 13847.1566      -     -    3s
     0     0 13847.1978    0  361          - 13847.1978      -     -    3s
     0     0 13873.5286    0  425          - 13873.5286      -     -    3s
     0     0 13878.5655    0  417          - 13878.5655      -     -    4s
     0     0 13883.8895    0  420          - 13883.8895      -     -    4s
     0     0 13884.1128    0  415          - 13884.1128      -     -    4s
     0     0 13893.1803    0  360          - 13893.1803      -     -    4s
     0     0 13895.5676    0  367          - 13895.5676      -     -    5s
     0     0 13897.4704    0  397          - 13897.4704      -     -    5s
     0     0 13897.4704    0  325          - 13897.4704      -     -    5s
     0     2 13897.4704    0  297          - 13897.4704      -     -    7s
    31    35 13933.5650   10  365          - 13898.5624      -   393   10s
    92    98 14186.9500   26  345          - 13898.5624      -   387   15s
   180   202 14831.5121   49  230          - 13898.5624      -   342   20s
   388   435 15179.1238   74  192          - 13898.5624      -   210   25s
   656   635 15922.5055  102  192          - 13898.5624      -   148   30s
   742   716 13898.5624    2  325          - 13898.5624      -   146   36s
   753   723 13974.9219   10  465          - 13967.9549      -   144   40s
   770   735 16060.0690  114  442          - 14009.1827      -   141   45s
H  774   699                    17280.390000 14012.6052  18.9%   140   49s
H  774   664                    17185.230000 14012.6052  18.5%   140   49s
   778   667 16293.3964  137  576 17185.2300 14013.8429  18.5%   139   51s
   791   676 15015.3773   64  468 17185.2300 14016.6309  18.4%   137   55s
   817   693 14166.8985   26  696 17185.2300 14023.1500  18.4%   133   60s
H  834   667                    17131.230000 14030.2324  18.1%   130   65s
   857   683 14465.6687   35  559 17131.2300 14033.2917  18.1%   127   75s
   867   691 16156.9896  141  271 17131.2300 14033.2917  18.1%   163   80s
   888   705 16172.6481  127  560 17131.2300 14036.1420  18.1%   159   85s
   905   716 16343.0349  150  538 17131.2300 14039.7304  18.0%   156   91s
   918   725 15464.1104   92  525 17131.2300 14040.1914  18.0%   154   96s
   930   733 14099.3391    9  536 17131.2300 14041.1716  18.0%   152  100s
   949   747 17131.2300  216  197 17131.2300 14041.4294  18.0%   169  105s
   961   755 15570.1841   97  523 17131.2300 14041.9652  18.0%   167  110s
   974   764 17060.5596  197  576 17131.2300 14042.9526  18.0%   165  115s
   988   773 16172.6481  127  566 17131.2300 14043.1153  18.0%   163  120s
   994   780 14309.0669   37  452 17131.2300 14048.8758  18.0%   180  125s
  1013   793 14077.4708   42  514 17131.2300 14058.8960  17.9%   196  130s
H 1015   754                    17095.230000 14058.8960  17.8%   197  131s
  1023   761 14061.9512   45  560 17095.2300 14061.9512  17.7%   205  135s
  1032   766 14341.8729   47  464 17095.2300 14077.4784  17.7%   222  140s
H 1042   737                    16967.530000 14077.4784  17.0%   232  143s
  1050   743 14097.7017   52  619 16967.5300 14077.4784  17.0%   239  145s
  1066   752 14104.8753   56  609 16967.5300 14077.4784  17.0%   253  150s
  1085   770 14168.3689   60  321 16967.5300 14077.4784  17.0%   267  155s
  1116   798 14224.3411   69  417 16967.5300 14077.4784  17.0%   281  161s
  1146   817 14351.5598   74  430 16967.5300 14077.4784  17.0%   287  165s
  1224   884 14298.4663   86  478 16967.5300 14077.4784  17.0%   293  171s
  1276   911 14680.7416  122  204 16967.5300 14077.4784  17.0%   294  175s
  1374  1004 14420.9356   99  389 16967.5300 14077.4784  17.0%   289  181s
  1545  1095 14569.7468  118  258 16967.5300 14077.4784  17.0%   270  187s
  1624  1103 14659.2981  132  234 16967.5300 14077.4784  17.0%   263  190s
  1677  1157 14948.0711  153  193 16967.5300 14077.4784  17.0%   263  195s
  1793  1233 15623.1168  202  150 16967.5300 14077.4784  17.0%   254  200s
  1927  1314 16680.2675  256   63 16967.5300 14087.2652  17.0%   244  205s
  2007  1332 14188.8969   50  494 16967.5300 14087.2652  17.0%   242  210s
  2023  1328 14291.2786   49  498 16967.5300 14087.2652  17.0%   242  215s
  2124  1489 14236.0138   55  477 16967.5300 14087.2652  17.0%   238  222s
  2223  1490 14266.5754   58  484 16967.5300 14087.2652  17.0%   232  226s
  2294  1497 14338.1213   65  398 16967.5300 14087.2652  17.0%   232  230s
  2325  1520 14484.6054   72  320 16967.5300 14087.2652  17.0%   236  235s
  2353  1559 14554.8037   82  207 16967.5300 14087.2652  17.0%   238  241s
  2448  1669 15144.2773  105  143 16967.5300 14087.2652  17.0%   237  248s
  2533  1758 15762.6140  134   97 16967.5300 14087.2652  17.0%   234  252s
  2651  1840 16206.4097  165   76 16967.5300 14087.3034  17.0%   228  257s
  2811  1848 14179.3627   42  390 16967.5300 14087.3034  17.0%   221  263s
  2872  1916 14248.0912   45  437 16967.5300 14087.3034  17.0%   219  267s
  2961  2019 14411.6721   46  251 16967.5300 14087.3034  17.0%   217  273s
  3103  1980 16920.9700  187    - 16967.5300 14087.3034  17.0%   210  275s
* 3128  1944             187    16735.210000 14087.3034  15.8%   211  278s
  3137  1956 14360.5296   52  393 16735.2100 14087.3034  15.8%   212  282s
  3149  1975 14398.5882   53  363 16735.2100 14087.3034  15.8%   213  285s
  3168  1977 14535.1435   55  213 16735.2100 14087.3034  15.8%   215  293s
  3170  2016 14463.6356   55  408 16735.2100 14087.3034  15.8%   215  296s
  3209  2085 14569.4227   58  370 16735.2100 14087.3034  15.8%   216  301s
  3292  2096 14556.5715   63  351 16735.2100 14087.3034  15.8%   214  306s
  3328  2198 14679.3908   77  297 16735.2100 14087.3034  15.8%   216  315s
  3443  2248 14821.5675   89  258 16735.2100 14087.3034  15.8%   213  321s
  3491  2327 15061.5480  112   80 16735.2100 14087.3034  15.8%   214  327s
  3570  2437 15848.9196  138  135 16735.2100 14116.5947  15.6%   213  335s
  3716  2446     cutoff  169      16735.2100 14116.6147  15.6%   209  341s
* 3719  2365             168    16549.290000 14116.6147  14.7%   209  342s
  3732  2378 14312.9293   42  563 16549.2900 14116.6147  14.7%   211  347s
  3745  2397 14368.8348   45  478 16549.2900 14116.6147  14.7%   213  353s
  3764  2416 14420.2587   46  465 16549.2900 14116.6147  14.7%   215  357s
  3783  2443 14592.5875   50  358 16549.2900 14116.6147  14.7%   216  362s
  3810  2466 14879.0866   57  255 16549.2900 14116.6147  14.7%   217  367s
  3833  2511 14998.8596   60  307 16549.2900 14116.6147  14.7%   219  372s
  3878  2597 15232.9420   65  318 16549.2900 14116.6147  14.7%   219  378s
  3964  2735 15682.9160   78  166 16549.2900 14116.6147  14.7%   218  386s
  4114  2760     cutoff  106      16549.2900 14116.9634  14.7%   214  395s
  4165  2778 14372.4737   45  601 16549.2900 14119.9978  14.7%   216  401s
  4183  2796 14704.4093   51  470 16549.2900 14119.9978  14.7%   217  413s
H 4191  2775                    16493.290000 14119.9978  14.4%   218  413s
  4201  2794 14831.3689   60  433 16493.2900 14119.9978  14.4%   219  420s
  4220  2945 15096.5174   72  181 16493.2900 14119.9978  14.4%   220  428s
  4394  2956     cutoff  154      16493.2900 14125.0326  14.4%   215  437s
* 4395  2944             154    16461.660000 14125.0326  14.2%   215  437s
* 4396  2913             153    16411.260000 14125.0326  13.9%   215  437s
* 4397  2906             152    16401.260000 14125.0326  13.9%   215  437s
* 4398  2894             151    16381.260000 14125.0326  13.8%   215  437s
  4414  2921 14429.8305   43  435 16381.2600 14125.0326  13.8%   217  443s
  4441  3035 14680.3533   55  346 16381.2600 14125.0326  13.8%   219  451s
  4568  3075 15198.1155   91  116 16381.2600 14128.4259  13.8%   216  468s
  4629  3091 14171.7124   44  466 16381.2600 14138.1831  13.7%   215  476s
  4645  3109 14230.9714   48  518 16381.2600 14138.1831  13.7%   218  484s
  4663  3131 14274.2627   52  544 16381.2600 14138.1831  13.7%   220  492s
  4685  3165 14333.4927   57  417 16381.2600 14138.1831  13.7%   221  500s
  4719  3211 14386.6037   62  362 16381.2600 14138.1831  13.7%   223  508s
  4765  3310 14488.3852   71  313 16381.2600 14138.1831  13.7%   224  517s
  4870  3387 14591.7385   82  325 16381.2600 14138.1831  13.7%   224  526s
  4970  3533 14896.9797  102  147 16381.2600 14139.6426  13.7%   223  541s
  5150  3562 14331.9336   47  614 16381.2600 14139.6436  13.7%   219  552s
  5177  3593 14470.8936   55  403 16381.2600 14139.6436  13.7%   221  561s
  5208  3632 14557.9308   64  367 16381.2600 14139.6436  13.7%   223  579s
  5247  3733 14584.6689   68  456 16381.2600 14139.6436  13.7%   224  589s
  5348  3839 14754.2283   81  267 16381.2600 14139.6436  13.7%   225  601s
  5481  4016 15047.7097  121   69 16381.2600 14142.2742  13.7%   223  617s
  5700  4114     cutoff  203      16381.2600 14143.0807  13.7%   220  632s
  5809  4158 14677.7615   49  144 16381.2600 14145.5423  13.6%   220  646s
  5853  4187 14931.5505   62   94 16381.2600 14145.5423  13.6%   221  658s
  5882  4297 15213.4275   70  120 16381.2600 14146.0022  13.6%   223  676s
  6008  4335 14371.6323   44  600 16381.2600 14146.0022  13.6%   222  688s
  6046  4490 14561.9071   58  406 16381.2600 14146.0245  13.6%   224  705s
  6237  4549 14468.7634   45  577 16381.2600 14147.4463  13.6%   223  719s
  6296  4673 15111.2862   74  173 16381.2600 14151.0717  13.6%   224  737s
  6460  4788 14403.2267   50  453 16381.2600 14152.2752  13.6%   222  752s
  6591  4864 15289.2722   89  193 16381.2600 14159.9033  13.6%   222  768s
  6683  4885 14318.4211   57  546 16381.2600 14159.9033  13.6%   222  783s
  6704  5040 14470.3780   65  372 16381.2600 14168.6456  13.5%   223  798s
  6879  5224 14311.9810   43  588 16381.2600 14168.6456  13.5%   221  818s
  6977  5224 15210.3464  128   46 16381.2600 14168.6456  13.5%   221  820s
  7090  5323 14587.2091   57  356 16381.2600 14168.6456  13.5%   219  833s
  7183  5323 14602.4816   57  313 16381.2600 14168.6456  13.5%   219  835s
  7196  5396     cutoff  132      16381.2600 14171.7124  13.5%   219  849s
  7268  5396 15692.5305  112   78 16381.2600 14171.7124  13.5%   219  850s
  7300  5461 14364.2645   49  476 16381.2600 14179.3627  13.4%   219  869s
  7365  5601 14747.1405   65  112 16381.2600 14179.3627  13.4%   222  889s
  7408  5601 14773.5078   87   20 16381.2600 14179.3627  13.4%   223  890s
  7505  5899 14819.5788   96   55 16381.2600 14179.3644  13.4%   224  913s
  7610  5899 15936.4885  148    5 16381.2600 14179.3644  13.4%   223  915s
  7880  6100     cutoff  187      16381.2600 14186.9399  13.4%   220  944s
  7944  6104 15540.1083  118  130 16381.2600 14186.9399  13.4%   221  945s
  8104  6226 infeasible  188      16381.2600 14188.1258  13.4%   219  968s
  8202  6226 15957.5105  130   89 16381.2600 14188.2959  13.4%   220  970s
  8254  6437 14878.5681   85  371 16381.2600 14189.0027  13.4%   220  992s
  8496  6658 14756.7598   55  211 16381.2600 14189.7972  13.4%   219 1017s
  8770  6808 14813.9192   66  282 16381.2600 14192.0626  13.4%   217 1043s
  8944  6866 14325.8285   56  590 16381.2600 14192.2926  13.4%   217 1064s
  9002  7002 14670.9567   67  457 16381.2600 14192.2926  13.4%   219 1087s
  9158  7169 15239.3996   84  315 16381.2600 14192.9053  13.4%   220 1110s
  9341  7324 14312.2265   50  556 16381.2600 14192.9053  13.4%   220 1134s
  9378  7324 15387.8512  122  144 16381.2600 14192.9053  13.4%   221 1135s
  9545  7561 14573.6482   75  248 16381.2600 14194.8459  13.3%   219 1159s
  9588  7561 14719.4108  100  114 16381.2600 14194.8459  13.3%   219 1160s
  9817  7645 14387.1072   51  510 16381.2600 14194.8890  13.3%   218 1185s
  9901  7881 14652.5905   63  369 16381.2600 14194.8890  13.3%   219 1206s
 10162  8111 15317.3380  120   85 16381.2600 14195.5022  13.3%   218 1233s
 10296  8114 15278.2017   93   83 16381.2600 14195.5022  13.3%   217 1235s
 10456  8282     cutoff  159      16381.2600 14201.4558  13.3%   216 1262s
 10649  8394 14355.6748   47  537 16381.2600 14203.1939  13.3%   216 1287s
 10793  8451 14328.9715   51  468 16381.2600 14206.7609  13.3%   216 1380s
 10850  8639 14575.4822   61  262 16381.2600 14206.7609  13.3%   217 1405s
 11062  9004 14866.1520   88  242 16381.2600 14212.2007  13.2%   217 1432s
 11230  9004 15635.6100  165   71 16381.2600 14212.2007  13.2%   216 1435s
 11504  9201 14456.5808   47  616 16381.2600 14217.8180  13.2%   213 1458s
 11711  9333     cutoff  138      16381.2600 14218.3060  13.2%   213 1480s
 11861  9477 15183.6424   98   62 16381.2600 14220.7381  13.2%   214 1504s
 11903  9477 15771.4724  140   59 16381.2600 14220.7381  13.2%   213 1505s
 12032  9708 14603.1732   63  290 16381.2600 14220.7548  13.2%   214 1530s
 12265  9905 15006.3617  119  100 16381.2600 14221.4163  13.2%   214 1558s
 12403  9905 14507.5724   42  422 16381.2600 14221.4163  13.2%   212 1560s
 12525  9986 14617.7394   49  545 16381.2600 14222.0422  13.2%   213 1582s
 12606 10186 15159.8734   64  321 16381.2600 14222.3632  13.2%   214 1606s
 12834 10365 14384.4180   46  517 16381.2600 14222.4457  13.2%   214 1633s
 13062 10593 14472.5315   48  491 16381.2600 14224.2395  13.2%   214 1658s
 13146 10593 15526.1502  132   45 16381.2600 14224.2395  13.2%   213 1660s
 13319 10783 infeasible  153      16381.2600 14228.4418  13.1%   213 1683s
 13472 10784 14969.7456   78  140 16381.2600 14230.2230  13.1%   212 1685s
 13549 10899 16197.2200  150    - 16381.2600 14231.3573  13.1%   212 1706s
 13682 11171 16207.3300  150    - 16381.2600 14233.1623  13.1%   213 1730s
 13975 11217 16209.7300  150    - 16381.2600 14234.7033  13.1%   212 1756s
 14033 11448 16225.0750  150   10 16381.2600 14235.2370  13.1%   213 1794s
 14096 11458 15107.6910   69   62 16381.2600 14235.2370  13.1%   213 1795s
 14325 11555     cutoff  167      16381.2600 14236.0551  13.1%   212 1821s
 14437 11910 14738.1761   62  203 16381.2600 14236.1315  13.1%   213 1849s
 14474 11910 14877.3570   70  199 16381.2600 14236.1315  13.1%   213 1850s
 14801 11910 15675.1205  146   16 16381.2600 14236.1315  13.1%   211 1855s
 14839 12204 15013.7362   92   94 16381.2600 14236.7116  13.1%   211 1880s
 15201 12341 14561.8546   58  439 16381.2600 14237.8038  13.1%   209 1907s
 15360 12486 14485.0646   47  414 16381.2600 14237.8399  13.1%   209 1930s
 15524 12681 14783.1637   59  306 16381.2600 14238.1696  13.1%   210 1953s
 15608 12681 15877.9784   97   72 16381.2600 14238.1696  13.1%   210 1955s
H15745 12812                    16380.260000 14239.2181  13.1%   210 1978s
 15913 12963 14441.1661   60  517 16380.2600 14240.6666  13.1%   210 2003s
 16000 12963 16261.0174  141   28 16380.2600 14240.6666  13.1%   210 2005s
 16091 13146     cutoff  147      16380.2600 14241.5332  13.1%   210 2027s
 16299 13320 14313.5657   47  554 16380.2600 14241.7868  13.1%   210 2054s
 16343 13320 15314.8494  109   52 16380.2600 14241.7868  13.1%   211 2055s
 16519 13429 14604.2146   59  270 16380.2600 14241.7868  13.1%   210 2077s
 16625 13599 14744.9941   80  208 16380.2600 14241.7868  13.1%   211 2100s
 16796 13765 15564.8158  147   78 16380.2600 14244.5820  13.0%   211 2124s
 16853 13765 14479.7739   50  413 16380.2600 14244.5820  13.0%   211 2125s
 17001 13973 15500.8774  118   53 16380.2600 14245.8855  13.0%   211 2149s
 17058 13973 14513.3426   59  374 16380.2600 14245.8855  13.0%   211 2150s
 17233 14071 14833.9087   77  199 16380.2600 14247.4222  13.0%   210 2174s
 17260 14071 15255.2619  104   82 16380.2600 14247.4222  13.0%   210 2175s
 17370 14250 14499.1987   45  341 16380.2600 14248.0935  13.0%   210 2201s
 17581 14408 15824.1700  126   16 16380.2600 14248.3174  13.0%   210 2225s
 17775 14587 15073.2083  101   51 16380.2600 14248.5891  13.0%   209 2253s
 17910 14595 16145.9372  123   85 16380.2600 14248.5891  13.0%   209 2255s
 18014 14661 14431.1220   40  434 16380.2600 14249.2040  13.0%   209 2278s
 18080 14980 14879.2280   54  256 16380.2600 14249.2040  13.0%   210 2301s
 18403 15178 15079.4521   97   66 16380.2600 14249.2214  13.0%   209 2327s
 18623 15188 15214.0620  106    9 16380.2600 14249.2297  13.0%   209 2330s
 18657 15279 15926.8700  156    - 16380.2600 14249.8470  13.0%   209 2353s
 18796 15423 16229.9578  158   19 16380.2600 14251.8481  13.0%   209 2377s
 18946 15428 16334.6765  133  105 16380.2600 14252.5937  13.0%   209 2380s
 18967 15625 16336.1600  165    - 16380.2600 14252.9728  13.0%   209 2401s
 19203 15795 16355.6200  165   12 16380.2600 14253.2333  13.0%   208 2427s
 19413 15909 16372.6553  166   13 16380.2600 14254.6681  13.0%   208 2452s
 19549 16023     cutoff  167      16380.2600 14255.7290  13.0%   208 2477s
 19674 16093 14498.1048   48  277 16380.2600 14255.8704  13.0%   209 2503s
 19744 16333 14871.2726   65  180 16380.2600 14255.8989  13.0%   210 2527s
 20051 16506 14379.7493   56  429 16380.2600 14255.9018  13.0%   209 2552s
 20195 16506 15101.0974  111  107 16380.2600 14255.9018  13.0%   210 2555s
 20199 16813 15036.0696   90   89 16380.2600 14256.9007  13.0%   210 2578s
 20354 16813 16291.7427  152   24 16380.2600 14256.9007  13.0%   209 2580s
 20574 16932 14689.8639   62  318 16380.2600 14257.1017  13.0%   208 2608s
 20692 17135 15599.8582   91  115 16380.2600 14257.3449  13.0%   209 2636s
 20911 17135 16252.4775   99   91 16380.2600 14257.4109  13.0%   208 2640s
 20927 17308 15006.1028   82  267 16380.2600 14257.7334  13.0%   209 2663s
 21142 17455 14454.6126   62  527 16380.2600 14258.5063  13.0%   209 2690s
 21315 17652 14498.0748   68  453 16380.2600 14258.8925  13.0%   209 2715s
 21538 17767 14752.0173   59  272 16380.2600 14259.2463  12.9%   208 2740s
 21678 17990 14355.6809   55  466 16380.2600 14260.2616  12.9%   208 2766s
 21905 18235 14870.4550   93  141 16380.2600 14260.3022  12.9%   208 2793s
 22010 18235 15578.8142  133   23 16380.2600 14260.3022  12.9%   208 2795s
 22247 18435 infeasible  158      16380.2600 14260.8896  12.9%   207 2821s
 22489 18521     cutoff  156      16380.2600 14263.0688  12.9%   207 2847s
 22580 18664 14948.6250  101   46 16380.2600 14263.7421  12.9%   207 2869s
 22601 18664 15376.0091  122   29 16380.2600 14263.7421  12.9%   207 2870s
 22761 18771 14611.5396   55  475 16380.2600 14264.5999  12.9%   207 2894s
 22796 18771 14795.8178   66  183 16380.2600 14264.5999  12.9%   208 2895s
 22855 19011 14897.7973   67  282 16380.2600 14264.5999  12.9%   208 2920s
 23116 19221 15236.4890  101  122 16380.2600 14264.7710  12.9%   208 2949s
 23179 19221 15652.9614  131   52 16380.2600 14264.7710  12.9%   207 2950s
 23349 19377 14622.5056   63  485 16380.2600 14265.5081  12.9%   207 2974s
 23419 19377 16162.8887  132   54 16380.2600 14265.5081  12.9%   207 2975s
 23567 19522 infeasible  145      16380.2600 14266.0104  12.9%   207 2999s
 23667 19522 15259.8836  114   65 16380.2600 14266.2099  12.9%   207 3000s
 23729 19642 14935.2689   81  174 16380.2600 14266.6113  12.9%   207 3022s
 23867 19896 14606.6043   60  357 16380.2600 14266.7781  12.9%   207 3049s
 23909 19896 14758.5926   81  172 16380.2600 14266.7781  12.9%   207 3050s
 24149 20038 14912.7980  100  130 16380.2600 14267.6328  12.9%   206 3077s
 24333 20061 14423.6547   58  467 16380.2600 14268.0222  12.9%   206 3102s
 24356 20249 14652.7359   63  335 16380.2600 14268.0222  12.9%   207 3124s
 24422 20249 15130.2631   96  114 16380.2600 14268.0222  12.9%   207 3125s
 24544 20458 15275.3279  103  176 16380.2600 14268.4150  12.9%   207 3151s
 24799 20608 15602.7102  104   48 16380.2600 14269.1463  12.9%   206 3178s
 24973 20747 14879.8877   66  262 16380.2600 14269.4166  12.9%   206 3204s
 25015 20747 15332.4915  108   33 16380.2600 14269.4166  12.9%   206 3205s
 25136 20902 14679.3556   62  336 16380.2600 14270.0593  12.9%   206 3228s
 25227 20906 14771.0881   60  394 16380.2600 14270.0593  12.9%   206 3230s
 25305 21049 16307.6523  141    8 16380.2600 14270.4141  12.9%   206 3252s
 25472 21049 15126.4809  116  205 16380.2600 14271.0359  12.9%   206 3255s
 25485 21193 14405.4985   56  579 16380.2600 14271.0359  12.9%   206 3276s
 25640 21428 15459.3042  120  140 16380.2600 14271.1682  12.9%   207 3304s
 25661 21428 16097.1599  140   59 16380.2600 14271.1682  12.9%   206 3305s
 25922 21544 15626.2776  134   38 16380.2600 14271.5542  12.9%   206 3329s
 25981 21544 14494.5202   64  383 16380.2600 14272.8453  12.9%   206 3330s
 26063 21667 15095.4384   81  150 16380.2600 14272.9486  12.9%   206 3353s
 26230 21804 14520.4481   57  376 16380.2600 14273.0622  12.9%   206 3376s
 26367 22149 14816.0408   71  153 16380.2600 14273.2214  12.9%   206 3402s
 26803 22257 16077.8100  189    - 16380.2600 14277.5019  12.8%   205 3429s
 26858 22258     cutoff  136      16380.2600 14277.6642  12.8%   205 3430s
 26907 22424 16152.4695  189   21 16380.2600 14277.9746  12.8%   205 3454s
 26967 22426 15189.8179  116   50 16380.2600 14278.1639  12.8%   205 3455s
*27126 22164             191    16279.810000 14278.5583  12.3%   205 3478s
*27128 21919             191    16240.410000 14278.5583  12.1%   205 3478s
 27229 21919 15376.0254  112  106 16240.4100 14278.6064  12.1%   205 3480s
 27276 22062 16069.9697  132   95 16240.4100 14279.2579  12.1%   205 3501s
 27429 22361 15466.7313  124   45 16240.4100 14279.3789  12.1%   206 3526s
 27801 22495 14370.2583   55  508 16240.4100 14279.7223  12.1%   205 3551s
 27934 22723 15651.5299  110  189 16240.4100 14281.3927  12.1%   205 3576s
 28228 22787     cutoff  150      16240.4100 14282.3394  12.1%   204 3600s

Cutting planes:
  User: 5380
  Gomory: 20
  Cover: 459
  Implied bound: 173
  Projected implied bound: 16
  Clique: 43
  MIR: 138
  StrongCG: 4
  Flow cover: 384
  GUB cover: 1
  Zero half: 11
  RLT: 280
  Relax-and-lift: 12
  Lazy constraints: 2816

Explored 28293 nodes (5807083 simplex iterations) in 3600.86 seconds
Thread count was 2 (of 32 available processors)

Solution count 10: 16240.4 16279.8 16380.3 ... 16735.2

Time limit reached
Best objective 1.624041000000e+04, best bound 1.428233942080e+04, gap 12.0568%

User-callback calls 410097, time in user-callback 221.01 sec
================================================================================
executing instance: ./input/Instances/Original/2/absH3high_4n10.dat
--------------------------------------------------------------------------------
Instance details
n	11
H	3
C	822
Li:
[0, 0, 0, 0, 0, 0, 0, 0, 0, 0, 0, ]
Ui:
[0, 102, 52, 88, 182, 153, 138, 38, 165, 297, 86, ]
Distance matrix:
|0	285	411	382	327	239	148	256	307	36	383	|
|285	0	352	98	249	103	227	235	120	268	209	|
|411	352	0	395	106	430	263	549	234	429	174	|
|382	98	395	0	302	173	320	288	168	364	227	|
|327	249	106	302	0	324	179	444	135	339	109	|
|239	103	430	173	324	0	241	132	212	212	305	|
|148	227	263	320	179	241	0	325	192	165	249	|
|256	235	549	288	444	132	325	0	342	220	436	|
|307	120	234	168	135	212	192	342	0	304	94	|
|36	268	429	364	339	212	165	220	304	0	386	|
|383	209	174	227	109	305	249	436	94	386	0	|

--------------------------------------------------------------------------------
Building model...
	using lazy and cut (CVRPSEP package)
Solving IRP LP...
--------------------------------------------------------------------------------

Gurobi 9.1.0 (linux64) logging started Sun Feb  7 07:39:32 2021

Gurobi Optimizer version 9.1.0 build v9.1.0rc0 (linux64)
Thread count: 32 physical cores, 32 logical processors, using up to 2 threads
Optimize a model with 419 rows, 956 columns and 3002 nonzeros
Model fingerprint: 0x519d0ed8
Variable types: 164 continuous, 792 integer (132 binary)
Coefficient statistics:
  Matrix range     [1e+00, 3e+02]
  Objective range  [2e-01, 5e+02]
  Bounds range     [1e+00, 3e+02]
  RHS range        [1e+00, 1e+03]
Presolve removed 104 rows and 51 columns
Presolve time: 0.04s
Presolved: 315 rows, 905 columns, 2570 nonzeros
Variable types: 102 continuous, 803 integer (679 binary)

Root relaxation: objective 4.143339e+03, 562 iterations, 0.01 seconds

    Nodes    |    Current Node    |     Objective Bounds      |     Work
 Expl Unexpl |  Obj  Depth IntInf | Incumbent    BestBd   Gap | It/Node Time

     0     0 4143.33915    0   82          - 4143.33915      -     -    0s
     0     0 4336.07635    0   46          - 4336.07635      -     -    0s
     0     0 4653.24134    0  113          - 4653.24134      -     -    0s
     0     0 4684.85459    0   98          - 4684.85459      -     -    0s
     0     0 4685.72422    0   87          - 4685.72422      -     -    0s
     0     0 4742.40132    0  100          - 4742.40132      -     -    0s
     0     0 4763.95386    0   91          - 4763.95386      -     -    0s
     0     0 4769.71259    0   95          - 4769.71259      -     -    0s
     0     0 4770.08650    0   92          - 4770.08650      -     -    0s
     0     0 4814.72440    0  114          - 4814.72440      -     -    0s
     0     0 4829.77741    0  120          - 4829.77741      -     -    0s
     0     0 4832.40499    0  161          - 4832.40499      -     -    0s
     0     0 4833.82630    0  153          - 4833.82630      -     -    0s
     0     0 4833.85850    0  137          - 4833.85850      -     -    0s
     0     0 4865.08309    0  130          - 4865.08309      -     -    0s
     0     0 4865.77256    0  134          - 4865.77256      -     -    0s
     0     0 4870.06137    0  138          - 4870.06137      -     -    0s
     0     0 4870.53117    0  133          - 4870.53117      -     -    0s
     0     2 4870.53117    0  129          - 4870.53117      -     -    0s
H   95   109                    8492.0200000 4877.06269  42.6%  65.3    0s
H  108   130                    8417.0200000 4877.06269  42.1%  60.3    0s
H  118   130                    8336.7100000 4877.06269  41.5%  58.2    0s
H  136   139                    8117.7500000 4877.06269  39.9%  52.2    0s
*  142   133              37    6993.9200000 4877.06269  30.3%  51.0    0s
*  145   130              38    6935.8600000 4877.06269  29.7%  50.0    0s
H  152   122                    6788.8600000 5015.45602  26.1%  53.6    0s
H  296   201                    6422.7800000 5053.00696  21.3%  60.7    1s
H  706   397                    6302.3200000 5107.07399  19.0%  63.9    2s
H  708   392                    6264.9700000 5107.07399  18.5%  63.8    2s
H  734   345                    6143.2500000 5107.07399  16.9%  64.1    3s
H  812   365                    6080.2500000 5107.07399  16.0%  69.0    4s
   825   375 5622.79739   31   57 6080.25000 5107.07399  16.0%  69.4    5s
  2112   743 5952.43672   25   68 6080.25000 5383.46794  11.5%  65.5   10s
  3563  1334 5912.62558   28   94 6080.25000 5488.37893  9.73%  65.5   15s
  5169  1783 5803.41650   26   41 6080.25000 5561.57086  8.53%  65.2   20s
* 5191  1704              38    5991.4500000 5561.57086  7.17%  65.0   20s
  6705  1873 5842.01627   26   54 5991.45000 5625.10838  6.11%  63.8   25s
  8352  1888 5854.21141   29   60 5991.45000 5675.61506  5.27%  62.8   30s
  9703  1788 5789.70869   29   45 5991.45000 5716.08496  4.60%  62.1   35s
 11768  1451     cutoff   31      5991.45000 5778.70442  3.55%  61.0   40s
 14369   343     cutoff   33      5991.45000 5891.30369  1.67%  59.1   45s

Cutting planes:
  User: 255
  Gomory: 4
  Cover: 121
  Implied bound: 90
  Projected implied bound: 11
  Clique: 10
  MIR: 85
  StrongCG: 3
  Flow cover: 103
  Inf proof: 1
  Zero half: 1
  RLT: 99
  Relax-and-lift: 22

Explored 14977 nodes (866842 simplex iterations) in 45.61 seconds
Thread count was 2 (of 32 available processors)

Solution count 10: 5991.45 6080.25 6143.25 ... 8117.75

Optimal solution found (tolerance 1.00e-04)
Best objective 5.991450000000e+03, best bound 5.991450000000e+03, gap 0.0000%

User-callback calls 36052, time in user-callback 4.14 sec
================================================================================
executing instance: ./input/Instances/Original/2/absH3high_3n20.dat
--------------------------------------------------------------------------------
Instance details
n	21
H	3
C	1536
Li:
[0, 0, 0, 0, 0, 0, 0, 0, 0, 0, 0, 0, 0, 0, 0, 0, 0, 0, 0, 0, 0, ]
Ui:
[0, 48, 207, 156, 294, 207, 297, 54, 114, 90, 228, 132, 84, 64, 51, 153, 60, 39, 195, 82, 130, ]
Distance matrix:
