




arguments: ./build/bc_mirp -f ./input/orig_exec_176.cfg
Current dir: /scratch/gui/bc_mirp
File verbosity level: 9
date       time         ( uptime  ) [ thread name/id ]                   file:line     v| 
2021-02-11 10:39:48.233 (   0.049s) [main thread     ]             loguru.cpp:789   INFO| Logging to './output/vi_vc+qua/OU/V4/Original/execution_11_02_2021_10_39_48.log', mode: 'a', verbosity: 9
--------------------------------------------------------------------------------
Parameters
                           instance_path           ./input/Instances/Original/4/
                            model_policy                                       1
                             nb_vehicles                                       4
                              output_dir      ./output/vi_vc+qua/OU/V4/Original/
                            sec_strategy                                       1
                       solver_nb_threads                                       2
                         solver_show_log                                    true
                       solver_time_limit                                    3600
                              use_vi_cos                                   false
                              use_vi_cus                                   false
                         use_vi_hc1_full                                   false
                         use_vi_hc1_half                                   false
                      use_vi_hc1_quarter                                   false
                              use_vi_hc2                                   false
                              use_vi_hc3                                   false
                         use_vi_lex_full                                   false
                         use_vi_lex_half                                   false
                      use_vi_lex_quarter                                   false
                              use_vi_qua                                    true
                               use_vi_vc                                    true
                               use_vi_vr                                   false
--------------------------------------------------------------------------------
executing instance: ./input/Instances/Original/4/absH3low_3n30.dat
--------------------------------------------------------------------------------
Instance details
n	31
H	3
C	2841
Li:
[0, 0, 0, 0, 0, 0, 0, 0, 0, 0, 0, 0, 0, 0, 0, 0, 0, 0, 0, 0, 0, 0, 0, 0, 0, 0, 0, 0, 0, 0, 0, ]
Ui:
[0, 246, 98, 54, 144, 171, 192, 180, 165, 98, 122, 198, 297, 144, 130, 129, 219, 138, 142, 150, 108, 66, 64, 285, 180, 204, 276, 168, 240, 198, 122, ]
Distance matrix:
|0	172	56	166	260	198	42	197	296	110	91	112	238	275	323	183	330	232	175	181	162	191	232	280	201	139	356	185	266	216	26	|
|172	0	178	223	320	335	153	355	444	62	231	99	333	376	214	352	176	235	194	106	47	41	353	161	299	175	225	43	326	374	153	|
|56	178	0	110	204	162	93	233	336	125	144	148	187	226	358	180	313	284	123	152	182	185	282	252	256	88	329	177	210	251	42	|
|166	223	110	0	102	150	199	327	431	194	253	237	113	156	431	228	296	386	44	140	248	208	389	218	366	48	287	200	108	344	148	|
|260	320	204	102	0	156	296	391	493	296	340	339	66	90	531	263	362	486	127	226	349	300	469	278	454	148	334	292	6	406	245	|
|198	335	162	150	156	0	239	255	351	286	245	307	93	106	518	111	442	423	194	280	344	335	349	367	352	182	437	327	158	266	199	|
|42	153	93	199	296	239	0	203	296	91	82	76	278	316	284	217	322	191	201	186	133	180	217	281	177	165	356	175	302	222	52	|
|197	355	233	327	391	255	203	0	104	294	125	266	340	361	436	151	524	276	352	377	330	383	109	477	146	319	553	377	395	19	222	|
|296	444	336	431	493	351	296	104	0	384	214	348	440	456	488	241	617	315	456	476	412	475	113	575	176	422	651	470	497	88	322	|
|110	62	125	194	296	286	91	294	384	0	171	55	298	340	238	292	233	210	176	118	58	91	298	201	248	148	273	87	302	313	94	|
|91	231	144	253	340	245	82	125	214	171	0	141	307	339	324	184	403	187	266	266	204	261	140	363	114	230	438	256	346	144	116	|
|112	99	148	237	339	307	76	266	348	55	141	0	332	373	212	292	275	156	225	173	64	137	254	253	200	194	322	135	345	284	108	|
|238	333	187	113	66	93	278	340	440	298	307	332	0	43	536	203	404	469	153	253	354	321	427	322	420	160	385	313	67	353	229	|
|275	376	226	156	90	106	316	361	456	340	339	373	43	0	578	216	443	507	194	295	397	364	453	361	451	203	421	356	88	372	268	|
|323	214	358	431	531	518	284	436	488	238	324	212	536	578	0	498	309	176	407	320	183	245	376	344	312	383	379	251	537	451	319	|
|183	352	180	228	263	111	217	151	241	292	184	292	203	216	498	0	492	371	266	328	345	364	255	426	272	242	501	356	266	159	198	|
|330	176	313	296	362	442	322	524	617	233	403	275	404	443	309	492	0	397	253	164	218	142	529	84	475	260	72	147	367	543	306	|
|232	235	284	386	486	423	191	276	315	210	187	156	469	507	176	371	397	0	379	327	188	276	202	396	139	346	456	277	492	289	242	|
|175	194	123	44	127	194	201	352	456	176	266	225	153	194	407	266	253	379	0	101	225	174	405	174	375	36	244	166	133	370	152	|
|181	106	152	140	226	280	186	377	476	118	266	173	253	295	320	328	164	327	101	0	148	76	403	100	360	98	177	69	232	396	155	|
|162	47	182	248	349	344	133	330	412	58	204	64	354	397	183	345	218	188	225	148	0	89	316	208	259	201	270	90	355	348	149	|
|191	41	185	208	300	335	180	383	475	91	261	137	321	364	245	364	142	276	174	76	89	0	388	119	336	162	185	8	306	402	169	|
|232	353	282	389	469	349	217	109	113	298	140	254	427	453	376	255	529	202	405	403	316	388	0	497	64	369	570	384	474	112	256	|
|280	161	252	218	278	367	281	477	575	201	363	253	322	361	344	426	84	396	174	100	208	119	497	0	449	187	77	119	283	496	255	|
|201	299	256	366	454	352	177	146	176	248	114	200	420	451	312	272	475	139	375	360	259	336	64	449	0	339	521	333	460	156	223	|
|139	175	88	48	148	182	165	319	422	148	230	194	160	203	383	242	260	346	36	98	201	162	369	187	339	0	260	153	154	337	116	|
|356	225	329	287	334	437	356	553	651	273	438	322	385	421	379	501	72	456	244	177	270	185	570	77	521	260	0	187	338	572	331	|
|185	43	177	200	292	327	175	377	470	87	256	135	313	356	251	356	147	277	166	69	90	8	384	119	333	153	187	0	298	396	163	|
|266	326	210	108	6	158	302	395	497	302	346	345	67	88	537	266	367	492	133	232	355	306	474	283	460	154	338	298	0	410	251	|
|216	374	251	344	406	266	222	19	88	313	144	284	353	372	451	159	543	289	370	396	348	402	112	496	156	337	572	396	410	0	241	|
|26	153	42	148	245	199	52	222	322	94	116	108	229	268	319	198	306	242	152	155	149	169	256	255	223	116	331	163	251	241	0	|

--------------------------------------------------------------------------------
Building model...
	using lazy and cut (CVRPSEP package)
Solving IRP LP...
--------------------------------------------------------------------------------

Gurobi 9.1.0 (linux64) logging started Thu Feb 11 10:39:48 2021

Gurobi Optimizer version 9.1.0 build v9.1.0rc0 (linux64)
Thread count: 32 physical cores, 32 logical processors, using up to 2 threads
Optimize a model with 1159 rows, 6436 columns and 16102 nonzeros
Model fingerprint: 0xb9d72012
Variable types: 484 continuous, 5952 integer (372 binary)
Coefficient statistics:
  Matrix range     [1e+00, 7e+02]
  Objective range  [1e-02, 7e+02]
  Bounds range     [1e+00, 3e+02]
  RHS range        [1e+00, 5e+03]
Presolve removed 298 rows and 145 columns
Presolve time: 0.08s
Presolved: 861 rows, 6291 columns, 14203 nonzeros
Variable types: 306 continuous, 5985 integer (5605 binary)

Root relaxation: objective 2.397307e+03, 1125 iterations, 0.03 seconds

    Nodes    |    Current Node    |     Objective Bounds      |     Work
 Expl Unexpl |  Obj  Depth IntInf | Incumbent    BestBd   Gap | It/Node Time

     0     0 2397.30671    0   93          - 2397.30671      -     -    0s
     0     0 2590.28309    0  113          - 2590.28309      -     -    0s
     0     0 3115.34626    0  170          - 3115.34626      -     -    0s
     0     0 3140.88932    0  165          - 3140.88932      -     -    0s
     0     0 3141.06207    0  171          - 3141.06207      -     -    0s
     0     0 3250.65241    0  185          - 3250.65241      -     -    0s
     0     0 3291.64243    0  189          - 3291.64243      -     -    0s
     0     0 3319.52589    0  197          - 3319.52589      -     -    0s
     0     0 3320.73129    0  210          - 3320.73129      -     -    1s
     0     0 3321.21619    0  210          - 3321.21619      -     -    1s
     0     0 3382.97228    0  251          - 3382.97228      -     -    1s
     0     0 3390.53497    0  260          - 3390.53497      -     -    1s
     0     0 3391.72423    0  256          - 3391.72423      -     -    1s
     0     0 3391.75752    0  267          - 3391.75752      -     -    1s
     0     0 3488.69270    0  259          - 3488.69270      -     -    1s
     0     0 3507.95800    0  300          - 3507.95800      -     -    1s
     0     0 3511.01449    0  285          - 3511.01449      -     -    1s
     0     0 3511.46894    0  263          - 3511.46894      -     -    1s
     0     0 3552.71054    0  312          - 3552.71054      -     -    2s
     0     0 3573.20392    0  351          - 3573.20392      -     -    2s
     0     0 3574.20253    0  360          - 3574.20253      -     -    2s
     0     0 3580.28307    0  364          - 3580.28307      -     -    2s
     0     0 3584.31922    0  355          - 3584.31922      -     -    2s
     0     0 3584.87296    0  381          - 3584.87296      -     -    2s
     0     0 3585.38821    0  435          - 3585.38821      -     -    3s
     0     0 3585.38821    0  361          - 3585.38821      -     -    3s
     0     2 3586.10037    0  348          - 3586.10037      -     -    3s
    27    30 3641.22277    8  299          - 3591.38776      -   296    5s
   206   230 4002.52136   28  230          - 3591.38776      -   161   10s
*  352   359             183    7774.5600000 3591.38776  53.8%   113   11s
   424   391 4673.47242   57  212 7774.56000 3591.38776  53.8%   125   15s
   466   437 4911.61554   76  184 7774.56000 3591.38776  53.8%   134   20s
H  501   437                    7050.1600000 3591.38776  49.1%   132   21s
   652   691 6093.23977  145   86 7050.16000 3591.38776  49.1%   120   25s
   855   768 4798.88481   50  361 7050.16000 3602.27548  48.9%   103   30s
H  856   730                    5953.8400000 3602.27548  39.5%   103   31s
   872   740 4798.85430   41  474 5953.84000 3708.35117  37.7%   101   35s
   885   749 5544.86503   95  461 5953.84000 3716.87586  37.6%  99.2   40s
   902   760 5953.84000  176  511 5953.84000 3727.96281  37.4%  97.3   45s
   917   770 4353.58309   34  517 5953.84000 3732.87241  37.3%  95.7   50s
   935   784 4267.02529   17  382 5953.84000 3733.91067  37.3%   110   55s
   946   791 4935.58817   63  442 5953.84000 3737.50624  37.2%   109   60s
   951   798 3740.44697   26  436 5953.84000 3740.44697  37.2%   119   66s
   964   806 3760.93499   29  448 5953.84000 3748.77495  37.0%   128   70s
   985   823 3842.88646   34  278 5953.84000 3783.18724  36.5%   139   75s
  1021   851 3912.26842   44  362 5953.84000 3783.18724  36.5%   151   80s
H 1032   814                    5706.8400000 3783.18724  33.7%   153   80s
  1068   846 4129.68011   57  258 5706.84000 3783.18724  33.7%   158   85s
  1125   887 4218.71141   73  188 5706.84000 3783.18724  33.7%   170   90s
  1231   984 4334.40848  104  157 5706.84000 3783.18724  33.7%   183   95s
  1463  1094 5428.05690  185  106 5706.84000 3783.18724  33.7%   179  100s
  1627  1179 5626.43738  247  124 5706.84000 3783.19200  33.7%   177  105s
  1740  1241 3973.48224   39  336 5706.84000 3783.19200  33.7%   183  111s
H 1762  1129                    5516.8400000 3783.19200  31.4%   185  112s
  1788  1171 4269.67440   46  231 5516.84000 3783.19200  31.4%   189  115s
  1920  1260 4317.38102   69  220 5516.84000 3783.19200  31.4%   196  121s
  1975  1243 4536.91372   83  139 5516.84000 3783.19200  31.4%   196  127s
H 1979  1205                    5503.5600000 3783.19200  31.3%   196  129s
  1980  1261 4481.57907   85  165 5503.56000 3783.19200  31.3%   196  130s
  2311  1365 4966.05407  146  142 5503.56000 3783.19200  31.3%   185  137s
  2522  1318     cutoff  239      5503.56000 3805.00295  30.9%   178  142s
H 2533  1275                    5489.2900000 3805.00295  30.7%   179  142s
  2556  1302 4144.45801   33  205 5489.29000 3805.00295  30.7%   182  145s
  2643  1458 4572.05178   86  141 5489.29000 3814.51831  30.5%   182  150s
  2851  1691 4437.98953   47  104 5489.29000 3814.51831  30.5%   180  156s
  3113  1832 5109.12738  175   60 5489.29000 3814.76693  30.5%   169  160s
H 3261  1752                    5392.8800000 3814.76693  29.3%   166  163s
  3262  1809 4298.40596   38  250 5392.88000 3814.76693  29.3%   166  165s
  3451  1996 4320.28034   33  218 5392.88000 3843.12497  28.7%   163  170s
  3704  2259 4860.17383  101  166 5392.88000 3851.55515  28.6%   158  175s
  3977  2517 4896.73769  114  103 5392.88000 3876.09662  28.1%   155  182s
  4149  2543 4230.52184   34  396 5392.88000 3891.79808  27.8%   152  185s
  4229  2617 4362.91460   39  189 5392.88000 3891.79808  27.8%   156  191s
  4323  2735 4921.26640   51  197 5392.88000 3891.79808  27.8%   158  196s
  4393  2812 infeasible   65      5392.88000 3897.08621  27.7%   159  200s
  4662  3093 4210.17727   44  274 5392.88000 3897.79719  27.7%   156  207s
  4789  3249 4800.16926  124  138 5392.88000 3902.39823  27.6%   155  211s
  4970  3283 4405.10592   36  458 5392.88000 3911.48070  27.5%   153  216s
  5004  3482 4790.64650   59  276 5392.88000 3915.58724  27.4%   153  220s
  5213  3619 3990.66680   28  498 5392.88000 3915.58724  27.4%   151  225s
  5404  3790 4378.25519   57  278 5392.88000 3915.58724  27.4%   153  233s
  5545  4113 4743.58592   83  111 5392.88000 3915.58724  27.4%   153  238s
  5821  4113 4902.83213   90   89 5392.88000 3915.58724  27.4%   148  240s
  6009  4295 4434.86999   44  259 5392.88000 3925.20255  27.2%   148  249s
  6108  4372 4053.24173   48  364 5392.88000 3926.59054  27.2%   149  253s
  6211  4518 4071.77690   42  408 5392.88000 3928.66584  27.2%   149  258s
  6382  4670 4014.82050   34  411 5392.88000 3928.66584  27.2%   148  263s
  6568  4735 4849.74323   76  167 5392.88000 3931.31335  27.1%   147  269s
  6649  4894 4394.83168   53  294 5392.88000 3932.02080  27.1%   148  273s
  6818  4934 4199.79687   46  372 5392.88000 3932.02080  27.1%   147  278s
H 6828  4915                    5381.4900000 3932.02080  26.9%   148  278s
  6858  5122 4624.35884   55  185 5381.49000 3932.12517  26.9%   148  283s
  7077  5201 4133.27114   33  321 5381.49000 3932.12517  26.9%   146  288s
  7168  5396 4753.97296   72  191 5381.49000 3932.85715  26.9%   147  293s
  7384  5475 4215.06014   38  100 5381.49000 3934.26356  26.9%   146  300s
  7463  5602 4288.64950   52   99 5381.49000 3934.26356  26.9%   147  307s
  7628  5753 4516.81218   81   56 5381.49000 3934.26356  26.9%   148  314s
  7779  5968 4793.18930  149   86 5381.49000 3934.94653  26.9%   149  321s
  8060  6018 4089.84173   33  359 5381.49000 3934.94653  26.9%   147  328s
  8136  6071 4797.49756   54  221 5381.49000 3939.56245  26.8%   148  333s
  8211  6173 4343.11620   40  339 5381.49000 3939.59519  26.8%   149  339s
  8333  6222     cutoff   97      5381.49000 3944.68670  26.7%   150  345s
  8397  6338 4511.34087   59  147 5381.49000 3945.82970  26.7%   151  353s
  8523  6444 4178.56927   36  441 5381.49000 3945.82970  26.7%   152  359s
  8639  6639 4460.80325   56  214 5381.49000 3950.07332  26.6%   152  366s
  8868  6804 4407.10878   36  266 5381.49000 3950.10883  26.6%   151  374s
  9057  6879 5063.05167   72  175 5381.49000 3954.87255  26.5%   150  381s
  9147  6998 4475.10737   52  240 5381.49000 3955.87052  26.5%   151  387s
  9296  7055 4226.23221   46  342 5381.49000 3955.87052  26.5%   151  393s
  9363  7189 4920.53935   87  217 5381.49000 3958.79435  26.4%   153  400s
  9513  7332 4810.27338   37  181 5381.49000 3959.91834  26.4%   152  408s
  9679  7361 4209.48132   43  341 5381.49000 3959.92284  26.4%   153  415s
  9708  7433 4259.28249   51  311 5381.49000 3959.92284  26.4%   155  422s
  9780  7540 4588.85963   62  305 5381.49000 3959.92284  26.4%   156  430s
H 9782  4476                    4937.1700000 3959.92284  19.8%   156  430s
  9910  4436 4705.90137   75  236 4937.17000 3960.45520  19.8%   157  438s
 10014  4478 4238.30796   29  307 4937.17000 3961.58295  19.8%   157  445s
 10078  4536 4255.81192   40  345 4937.17000 3962.43377  19.7%   158  452s
 10159  4569 4184.24976   29  410 4937.17000 3967.05399  19.6%   159  459s
 10208  4603 4895.29051   42  277 4937.17000 3968.39270  19.6%   161  466s
H10222  4132                    4868.4900000 3968.39270  18.5%   162  466s
 10250  4165 4276.05023   34  231 4868.49000 3968.39270  18.5%   162  472s
 10291  4241 4631.46072   46  157 4868.49000 3972.48509  18.4%   164  479s
 10348  4241 4767.12130   79   18 4868.49000 3972.48509  18.4%   164  480s
H10371  4210                    4863.4900000 3972.72926  18.3%   164  480s
 10383  4251 4384.02862   34  337 4863.49000 3973.45366  18.3%   165  486s
 10443  4279 4332.45580   52  316 4863.49000 3973.85756  18.3%   166  494s
H10492  4170                    4847.2200000 3974.06321  18.0%   167  494s
 10512  4200 4275.21139   30  381 4847.22000 3985.56723  17.8%   168  501s
 10552  4230 4178.03085   37  333 4847.22000 3985.56723  17.8%   169  509s
 10593  4253 4768.51896   60  247 4847.22000 3987.09059  17.7%   171  516s
 10624  4291 4729.90250   42  307 4847.22000 3987.43863  17.7%   173  524s
 10702  4332 4342.80729   29  446 4847.22000 3987.43863  17.7%   175  531s
 10751  4375 4845.41480   37  109 4847.22000 3987.85951  17.7%   176  539s
 10832  4416     cutoff   51      4847.22000 3990.66680  17.7%   177  548s
 10905  4456 4317.23652   31  303 4847.22000 3994.09114  17.6%   179  555s
 10955  4464 4754.09721   55  352 4847.22000 3995.82950  17.6%   181  564s
H10969  4268                    4819.2500000 3995.82950  17.1%   181  564s
 10973  4307 4216.62796   44  391 4819.25000 3996.27030  17.1%   181  573s
 11034  4343 4342.61708   32  392 4819.25000 4000.96289  17.0%   183  581s
 11098  4396 4473.50542   38  128 4819.25000 4004.46757  16.9%   185  588s
 11167  4431 4365.21703   45  443 4819.25000 4004.46757  16.9%   186  596s
 11224  4455 4786.89166   62  343 4819.25000 4007.06236  16.9%   187  604s
 11262  4490 4518.30036   48  398 4819.25000 4008.46799  16.8%   188  612s
 11316  4531 4307.40685   49  379 4819.25000 4011.27861  16.8%   189  620s
 11377  4574 4450.84502   53  425 4819.25000 4014.86470  16.7%   191  629s
 11447  4623 4758.32086   46  270 4819.25000 4016.07515  16.7%   192  637s
 11519  4661 4627.71552   59  355 4819.25000 4018.94401  16.6%   194  646s
 11570  4702 4812.93550   51  192 4819.25000 4019.68714  16.6%   195  657s
 11639  4725 4450.41579   32  365 4819.25000 4021.36369  16.6%   197  666s
 11686  4840 4461.46889   45  393 4819.25000 4021.75206  16.5%   199  675s
 11819  4893     cutoff   53      4819.25000 4022.19424  16.5%   200  685s
 11918  4931 4274.95492   37  416 4819.25000 4024.56998  16.5%   201  694s
 11964  4972 4620.38916   47  178 4819.25000 4026.39140  16.5%   203  703s
 12033  5021 4235.09354   41  279 4819.25000 4028.00388  16.4%   205  713s
 12128  5052 4579.96349   52  183 4819.25000 4031.37526  16.3%   206  724s
 12187  5089 4290.86100   44  370 4819.25000 4031.37526  16.3%   207  734s
 12268  5137 4718.90713   59  357 4819.25000 4033.90243  16.3%   209  744s
 12342  5196 4736.93329   57  290 4819.25000 4035.84162  16.3%   210  753s
 12433  5253 4445.07352   39  276 4819.25000 4037.35789  16.2%   211  764s
 12510  5286 4462.98354   49  251 4819.25000 4039.18327  16.2%   212  774s
 12540  5286     cutoff   51      4819.25000 4039.41093  16.2%   213  775s
 12571  5312 4519.31200   56  366 4819.25000 4040.74275  16.2%   214  784s
 12640  5363 4191.98310   36  147 4819.25000 4042.72774  16.1%   216  795s
 12707  5401 4141.69040   40  490 4819.25000 4043.51751  16.1%   217  806s
 12793  5511 4180.30998   34  162 4819.25000 4044.42043  16.1%   218  817s
 12923  5595 4645.23196   70   73 4819.25000 4046.10248  16.0%   219  827s
 13034  5688     cutoff   64      4819.25000 4047.32293  16.0%   220  839s
 13195  5736 4292.07661   29  138 4819.25000 4051.72993  15.9%   221  849s
 13261  5816 4275.92763   41  236 4819.25000 4052.75635  15.9%   222  861s
 13360  5885 4525.83657   46  126 4819.25000 4053.63817  15.9%   223  871s
 13457  5924 4754.38178   68  331 4819.25000 4054.23262  15.9%   225  881s
 13527  5984 4291.78452   47  330 4819.25000 4060.25072  15.7%   227  892s
 13627  6066 4470.02701   51  260 4819.25000 4061.03263  15.7%   228  903s
 13729  6119 4702.19525   53  251 4819.25000 4062.58714  15.7%   228  917s
 13845  6204 4291.95839   43  358 4819.25000 4064.84818  15.7%   230  928s
 13965  6236 4578.54122   53  322 4819.25000 4065.70758  15.6%   230  939s
 14015  6273 4314.57748   38  418 4819.25000 4066.44696  15.6%   232  951s
 14052  6373 4548.32239   45  389 4819.25000 4066.67779  15.6%   233  964s
 14177  6429 4659.57937   40  341 4819.25000 4069.92441  15.5%   234  976s
 14290  6478 4569.02027   48  258 4819.25000 4071.89666  15.5%   235  986s
 14375  6548 4293.67703   49  318 4819.25000 4073.85151  15.5%   237  998s
 14457  6600 4286.08601   51  330 4819.25000 4073.91007  15.5%   238 1009s
 14526  6600 4681.40549   71  242 4819.25000 4075.38003  15.4%   238 1010s
 14583  6651 4804.65270   61  218 4819.25000 4076.68542  15.4%   239 1020s
 14672  6733 4539.05029   57  138 4819.25000 4077.28884  15.4%   241 1032s
 14781  6792 4573.54279   49  282 4819.25000 4079.42483  15.4%   242 1044s
 14870  6886 4235.92368   47  186 4819.25000 4080.00723  15.3%   244 1055s
 14996  6952 4353.33088   44  272 4819.25000 4082.18401  15.3%   244 1067s
 15105  7034 4590.28469   51  210 4819.25000 4083.33010  15.3%   246 1079s
 15227  7077 4720.28413   59  165 4819.25000 4084.49758  15.2%   247 1091s
 15326  7097     cutoff   70      4819.25000 4085.06267  15.2%   248 1103s
 15402  7144 4355.49046   40  307 4819.25000 4086.33968  15.2%   250 1115s
 15467  7208     cutoff   37      4819.25000 4087.95630  15.2%   252 1128s
 15584  7273 4637.49284   57  329 4819.25000 4091.00991  15.1%   253 1141s
 15691  7349 4694.57044   50  200 4819.25000 4093.74280  15.1%   254 1155s
 15806  7425 4454.19211   33  335 4819.25000 4095.00916  15.0%   256 1168s
 15902  7497 4583.51346   43  203 4819.25000 4095.64401  15.0%   257 1181s
 16057  7551 4747.68344   66   44 4819.25000 4098.26192  15.0%   258 1194s
 16159  7686 4658.81776   42  248 4819.25000 4099.02958  14.9%   259 1207s
 16356  7819 4619.55755   35  319 4819.25000 4099.88070  14.9%   259 1222s
 16546  7991     cutoff   54      4819.25000 4101.29653  14.9%   260 1236s
 16766  8064 4187.28906   43  475 4819.25000 4102.88189  14.9%   260 1250s
 16867  8129 4389.14077   41  422 4819.25000 4103.46120  14.9%   261 1263s
 17022  8191 4267.93425   51  403 4819.25000 4104.48447  14.8%   262 1277s
 17102  8287 4608.58455   57  186 4819.25000 4105.03869  14.8%   263 1291s
 17270  8357     cutoff   56      4819.25000 4107.31894  14.8%   263 1305s
 17390  8462 4534.78417   44  113 4819.25000 4110.46216  14.7%   264 1319s
 17431  8462 4729.10225   67  112 4819.25000 4110.46216  14.7%   264 1320s
 17539  8518 4143.43877   37  209 4819.25000 4111.76987  14.7%   264 1332s
 17641  8570 4630.35051   58  227 4819.25000 4114.99018  14.6%   266 1347s
 17756  8775 4544.80452   61   33 4819.25000 4115.66728  14.6%   267 1362s
 18022  8846 4286.96962   53  387 4819.25000 4117.59689  14.6%   266 1375s
 18142  8919 4635.51109   47  352 4819.25000 4118.55556  14.5%   267 1388s
 18262  8984 4318.62350   52  287 4819.25000 4120.03307  14.5%   268 1401s
 18371  9055 4687.48596   73  342 4819.25000 4121.04182  14.5%   269 1415s
 18500  9149 4651.26102   44  206 4819.25000 4121.88400  14.5%   270 1429s
H18532  8866                    4794.2500000 4121.88400  14.0%   271 1429s
 18586  8866 4484.49976   31  367 4794.25000 4123.14938  14.0%   271 1430s
 18640  8912 4657.58828   58  351 4794.25000 4123.30699  14.0%   271 1442s
 18726  8988 4645.16821   60  253 4794.25000 4124.15882  14.0%   273 1457s
 18841  9058 4372.87629   42  391 4794.25000 4125.02495  14.0%   274 1470s
 18938  9118     cutoff   47      4794.25000 4125.35126  14.0%   275 1485s
 19054  9162 4647.56013   55   97 4794.25000 4126.21273  13.9%   276 1499s
 19167  9207 4541.96598   35  376 4794.25000 4126.39834  13.9%   277 1512s
 19276  9257 4456.87073   43  290 4794.25000 4127.77322  13.9%   278 1526s
 19368  9363 4676.52678   50   82 4794.25000 4128.73836  13.9%   280 1541s
 19542  9493 4586.28268   63  210 4794.25000 4129.58483  13.9%   281 1559s
 19735  9548 4681.16282   70  101 4794.25000 4132.26527  13.8%   281 1573s
 19846  9612     cutoff   57      4794.25000 4134.54034  13.8%   282 1588s
 19987  9704 4542.40306   56  319 4794.25000 4137.15848  13.7%   283 1603s
 20131  9788 4360.09111   60  160 4794.25000 4137.74567  13.7%   284 1618s
 20257  9866 4342.43112   39  328 4794.25000 4139.68847  13.7%   285 1632s
 20401  9934 4356.97707   63  307 4794.25000 4140.45055  13.6%   286 1646s
 20521 10013 4564.05073   42  168 4794.25000 4141.60843  13.6%   287 1660s
 20664 10122     cutoff   58      4794.25000 4142.48043  13.6%   288 1675s
 20841 10240 4410.51305   40  209 4794.25000 4144.39899  13.6%   288 1692s
 21040 10304 4379.92321   41  359 4794.25000 4145.88957  13.5%   289 1706s
 21166 10399 4500.98103   57  265 4794.25000 4146.37433  13.5%   289 1721s
 21315 10471 4299.73522   38  384 4794.25000 4147.40509  13.5%   290 1737s
 21447 10529 4413.77104   62  288 4794.25000 4148.18874  13.5%   291 1751s
 21537 10600 4514.62961   42  294 4794.25000 4149.45090  13.4%   292 1766s
 21668 10668     cutoff   68      4794.25000 4149.94737  13.4%   293 1781s
 21820 10754 4262.90542   46  402 4794.25000 4150.80459  13.4%   294 1799s
H21859 10206                    4759.2500000 4150.80459  12.8%   294 1799s
 21942 10283 4440.07317   34  280 4759.25000 4151.59188  12.8%   294 1814s
 22085 10328 4726.76966   66   82 4759.25000 4152.71031  12.7%   295 1828s
H22159 10077                    4746.5200000 4153.18372  12.5%   295 1829s
 22194 10119 4713.11230   56  225 4746.52000 4153.25223  12.5%   296 1843s
 22294 10160 4677.48408   49  225 4746.52000 4153.99992  12.5%   297 1858s
 22438 10248 4599.04162   42  296 4746.52000 4155.21381  12.5%   298 1873s
 22596 10354 4454.35716   56  157 4746.52000 4157.69547  12.4%   299 1890s
 22764 10481 4543.63572   56  218 4746.52000 4158.12576  12.4%   299 1905s
 22979 10546 4469.10544   41  221 4746.52000 4159.42445  12.4%   299 1921s
 23099 10612     cutoff   51      4746.52000 4159.72592  12.4%   300 1936s
 23235 10661 4309.65884   36  202 4746.52000 4161.27658  12.3%   301 1951s
 23342 10741 4596.82047   66  403 4746.52000 4162.91683  12.3%   302 1967s
 23509 10796 4622.30238   58  397 4746.52000 4164.36321  12.3%   303 1981s
 23640 10886 4648.76044   51   96 4746.52000 4166.82290  12.2%   303 1997s
 23798 10986 4480.81368   44  451 4746.52000 4167.32433  12.2%   304 2012s
 23965 11043 4511.45149   38  394 4746.52000 4169.39017  12.2%   305 2029s
 24088 11130 4595.93913   49  142 4746.52000 4170.33447  12.1%   305 2044s
 24252 11204 4476.21566   48  302 4746.52000 4171.30952  12.1%   306 2059s
 24333 11204 4640.99932   58  271 4746.52000 4172.55928  12.1%   306 2060s
 24414 11345 4424.11560   48  117 4746.52000 4172.65485  12.1%   307 2076s
 24630 11410     cutoff   46      4746.52000 4174.40555  12.1%   306 2092s
 24767 11531 4596.51014   67  318 4746.52000 4175.53218  12.0%   307 2107s
 24970 11821 4327.86384   39  148 4746.52000 4176.86057  12.0%   307 2125s
 25321 11950 4617.34078   61  104 4746.52000 4177.18218  12.0%   306 2141s
 25547 12028 4511.05089   53  280 4746.52000 4178.42867  12.0%   306 2159s
 25673 12082 4416.32805   41  351 4746.52000 4179.53268  11.9%   307 2173s
 25781 12200 4592.05177   58  245 4746.52000 4180.02777  11.9%   308 2190s
 25983 12319 4661.15101   56  301 4746.52000 4181.54179  11.9%   308 2206s
 26195 12383 4646.92382   52  302 4746.52000 4182.52217  11.9%   308 2222s
 26345 12527 4284.91892   42  292 4746.52000 4184.03249  11.9%   309 2239s
 26598 12605 4390.59785   52  145 4746.52000 4184.78618  11.8%   308 2255s
 26762 12712 4692.85684   45  274 4746.52000 4185.61624  11.8%   309 2270s
 26934 12833 4547.47023   47  112 4746.52000 4186.35623  11.8%   309 2287s
 27132 12915 4355.48085   49  211 4746.52000 4187.24338  11.8%   309 2303s
 27274 12985     cutoff   58      4746.52000 4187.63200  11.8%   310 2318s
 27418 13050 4621.31292   71  432 4746.52000 4188.52120  11.8%   311 2334s
 27559 13203 4481.01757   50  170 4746.52000 4189.21883  11.7%   311 2351s
 27806 13297 4277.61747   39  284 4746.52000 4190.47110  11.7%   311 2367s
 27960 13376     cutoff   43      4746.52000 4191.64584  11.7%   312 2382s
 28122 13428 4359.00688   57  451 4746.52000 4192.67607  11.7%   312 2398s
 28258 13498 4643.90968   51  306 4746.52000 4193.56562  11.6%   313 2415s
 28407 13584 4618.82059   53  205 4746.52000 4194.21469  11.6%   313 2431s
 28570 13680 4394.51320   50  314 4746.52000 4195.16854  11.6%   314 2447s
 28730 13786 4466.57774   44  453 4746.52000 4195.59044  11.6%   314 2464s
 28886 13837 4373.77465   35  340 4746.52000 4196.14973  11.6%   315 2480s
 29016 13926 4395.64323   50  230 4746.52000 4196.56464  11.6%   315 2496s
 29182 14018 4624.04187   47  207 4746.52000 4197.61172  11.6%   316 2512s
 29356 14108 4576.62310   39  196 4746.52000 4198.46157  11.5%   316 2527s
H29520 14106                    4744.5200000 4199.47033  11.5%   317 2545s
 29605 14190 4460.32447   49  193 4744.52000 4200.36975  11.5%   317 2560s
 29749 14255 4685.37537   59  339 4744.52000 4201.13189  11.5%   317 2576s
 29886 14386 4460.42588   40  265 4744.52000 4202.06489  11.4%   318 2592s
 30099 14495 4629.67458   66  185 4744.52000 4202.14525  11.4%   318 2608s
 30284 14551 4522.76908   46  173 4744.52000 4203.50584  11.4%   318 2624s
 30431 14685     cutoff   80      4744.52000 4204.21496  11.4%   319 2641s
 30652 14810 4318.44614   41  218 4744.52000 4204.74593  11.4%   319 2657s
 30874 14986 4480.31752   63  316 4744.52000 4205.43877  11.4%   319 2674s
 30963 14986 4549.51876   56  128 4744.52000 4205.43877  11.4%   319 2675s
 31151 15060 4545.41724   44  298 4744.52000 4206.12931  11.3%   318 2692s
 31326 15209 4333.40702   37  209 4744.52000 4206.54751  11.3%   319 2708s
 31565 15276     cutoff   57      4744.52000 4207.61459  11.3%   319 2725s
 31704 15461 4700.58817   48  334 4744.52000 4208.30420  11.3%   319 2742s
 31969 15549 4537.73018   42  190 4744.52000 4209.16667  11.3%   319 2758s
 32128 15602 4317.96669   51  142 4744.52000 4210.46606  11.3%   320 2774s
 32258 15681 4396.93668   36  363 4744.52000 4211.60718  11.2%   320 2789s
 32401 15737 4695.46352   61  342 4744.52000 4212.14710  11.2%   321 2809s
 32540 15809 4408.46634   41  285 4744.52000 4212.83341  11.2%   321 2826s
 32714 15876 4426.04297   51  277 4744.52000 4213.46135  11.2%   322 2842s
 32888 15972 4468.27253   49  352 4744.52000 4214.36633  11.2%   322 2858s
 33074 16065 4642.50314   53   45 4744.52000 4215.30434  11.2%   322 2874s
 33251 16131 4427.33762   45  249 4744.52000 4216.03888  11.1%   322 2890s
 33455 16215 4522.48406   50  302 4744.52000 4216.76083  11.1%   323 2906s
 33601 16346 4581.84691   59  154 4744.52000 4217.33885  11.1%   323 2923s
 33820 16469 4400.35508   46  283 4744.52000 4217.96037  11.1%   323 2940s
 34002 16587 4378.88957   54  366 4744.52000 4218.60159  11.1%   323 2957s
 34221 16724 4354.87539   33  344 4744.52000 4219.20139  11.1%   323 2974s
 34432 16800 4619.75860   59  127 4744.52000 4220.11872  11.1%   323 2990s
 34629 16997 4655.60534   62  254 4744.52000 4220.64315  11.0%   323 3008s
 34923 17095 4285.98793   34  409 4744.52000 4221.27458  11.0%   323 3024s
 34975 17095 4525.62973   54  342 4744.52000 4221.42641  11.0%   323 3025s
 35089 17185 4710.78432   73  269 4744.52000 4221.58724  11.0%   323 3040s
 35253 17271     cutoff   40      4744.52000 4222.91078  11.0%   323 3057s
 35411 17355 4373.33389   44  311 4744.52000 4223.74289  11.0%   324 3073s
 35580 17447 4449.71519   48  148 4744.52000 4224.19962  11.0%   324 3090s
 35744 17506 4442.99565   55  306 4744.52000 4224.90317  11.0%   325 3106s
 35884 17629 4487.27474   54  269 4744.52000 4225.83422  10.9%   325 3122s
 36112 17723 4644.17758   57  108 4744.52000 4226.66133  10.9%   325 3139s
 36324 17833 4379.39925   47  307 4744.52000 4227.54141  10.9%   325 3157s
 36566 17912 4616.01086   45  356 4744.52000 4227.63838  10.9%   325 3173s
 36750 17966 4564.99373   46  289 4744.52000 4227.92162  10.9%   325 3191s
 36855 18127 4695.51568   67  135 4744.52000 4227.97825  10.9%   325 3209s
 37129 18218     cutoff   40      4744.52000 4229.02934  10.9%   325 3225s
 37336 18294 4299.66775   36  107 4744.52000 4230.00555  10.8%   325 3244s
 37474 18410 4350.21286   44  371 4744.52000 4230.71828  10.8%   325 3260s
 37655 18562 4635.04927   59  119 4744.52000 4231.30245  10.8%   325 3277s
 37904 18624     cutoff   58      4744.52000 4231.97131  10.8%   325 3293s
 38039 18744 4728.69399   61  295 4744.52000 4232.38591  10.8%   326 3310s
 38239 18832 4670.68438   52  251 4744.52000 4233.11179  10.8%   326 3326s
 38404 18942 4465.63248   41  396 4744.52000 4233.55844  10.8%   326 3343s
 38594 19040     cutoff   52      4744.52000 4234.06832  10.8%   326 3360s
 38787 19147     cutoff   49      4744.52000 4234.72810  10.7%   327 3377s
 38983 19271 4437.56354   49  314 4744.52000 4235.42122  10.7%   327 3394s
 39061 19271 4716.99324   58  228 4744.52000 4235.93731  10.7%   327 3395s
 39181 19335 4341.64173   43  314 4744.52000 4235.94019  10.7%   327 3411s
 39329 19436 4469.46357   40  294 4744.52000 4236.53187  10.7%   327 3430s
 39537 19627 4375.01560   38  108 4744.52000 4237.08516  10.7%   327 3447s
 39839 19691 4681.72976   74  272 4744.52000 4237.67889  10.7%   326 3465s
 40012 19783 4700.61393   57  173 4744.52000 4238.76026  10.7%   326 3482s
 40201 19886 4529.14432   51  344 4744.52000 4240.06820  10.6%   325 3498s
 40402 20097 4434.44515   53  311 4744.52000 4240.68019  10.6%   325 3516s
 40704 20195 4592.10466   44  307 4744.52000 4241.11973  10.6%   324 3533s
 40894 20289     cutoff   66      4744.52000 4241.59669  10.6%   324 3550s
 41085 20393 4736.42819   67  310 4744.52000 4243.35646  10.6%   323 3567s
 41271 20471 4625.84197   55  181 4744.52000 4243.86025  10.6%   323 3585s
 41522 20580 4564.86122   47  263 4744.52000 4244.39851  10.5%   323 3600s

Cutting planes:
  User: 5175
  Gomory: 20
  Cover: 342
  Implied bound: 170
  Projected implied bound: 14
  Clique: 27
  MIR: 82
  StrongCG: 1
  Flow cover: 250
  Inf proof: 1
  Zero half: 5
  RLT: 205
  Relax-and-lift: 10
  Lazy constraints: 394

Explored 41720 nodes (13449429 simplex iterations) in 3600.68 seconds
Thread count was 2 (of 32 available processors)

Solution count 10: 4744.52 4746.52 4759.25 ... 5381.49

Time limit reached
Best objective 4.744520000000e+03, best bound 4.244846786122e+03, gap 10.5316%

User-callback calls 309893, time in user-callback 152.78 sec
================================================================================
executing instance: ./input/Instances/Original/4/absH3low_3n10.dat
--------------------------------------------------------------------------------
Instance details
n	11
H	3
C	687
Li:
[0, 0, 0, 0, 0, 0, 0, 0, 0, 0, 0, ]
Ui:
[0, 189, 44, 174, 78, 36, 198, 117, 42, 96, 240, ]
Distance matrix:
|0	209	255	286	142	156	285	317	182	161	135	|
|209	0	464	451	315	356	490	469	361	299	260	|
|255	464	0	221	202	130	74	280	189	254	273	|
|286	451	221	0	145	156	164	479	354	153	192	|
|142	315	202	145	0	73	194	388	250	53	73	|
|156	356	130	156	73	0	134	332	200	127	144	|
|285	490	74	164	194	134	0	353	256	239	267	|
|317	469	280	479	388	332	353	0	141	436	430	|
|182	361	189	354	250	200	256	141	0	296	289	|
|161	299	254	153	53	127	239	436	296	0	39	|
|135	260	273	192	73	144	267	430	289	39	0	|

--------------------------------------------------------------------------------
Building model...
	using lazy and cut (CVRPSEP package)
Solving IRP LP...
--------------------------------------------------------------------------------

Gurobi 9.1.0 (linux64) logging started Thu Feb 11 11:39:49 2021

Gurobi Optimizer version 9.1.0 build v9.1.0rc0 (linux64)
Thread count: 32 physical cores, 32 logical processors, using up to 2 threads
Optimize a model with 419 rows, 956 columns and 3002 nonzeros
Model fingerprint: 0x89df978d
Variable types: 164 continuous, 792 integer (132 binary)
Coefficient statistics:
  Matrix range     [1e+00, 2e+02]
  Objective range  [1e-02, 5e+02]
  Bounds range     [1e+00, 2e+02]
  RHS range        [1e+00, 1e+03]
Presolve removed 105 rows and 68 columns
Presolve time: 0.05s
Presolved: 314 rows, 888 columns, 2536 nonzeros
Variable types: 97 continuous, 791 integer (664 binary)

Root relaxation: objective 1.851271e+03, 603 iterations, 0.01 seconds

    Nodes    |    Current Node    |     Objective Bounds      |     Work
 Expl Unexpl |  Obj  Depth IntInf | Incumbent    BestBd   Gap | It/Node Time

     0     0 1884.11390    0   67          - 1884.11390      -     -    0s
     0     0 2283.82508    0   61          - 2283.82508      -     -    0s
     0     0 2284.23613    0   58          - 2284.23613      -     -    0s
     0     0 2533.51002    0  111          - 2533.51002      -     -    0s
     0     0 2546.94482    0  103          - 2546.94482      -     -    0s
     0     0 2547.27134    0  102          - 2547.27134      -     -    0s
     0     0 2683.64882    0  114          - 2683.64882      -     -    0s
H    0     0                    3940.9800000 2683.64882  31.9%     -    0s
     0     0 2684.94173    0  122 3940.98000 2684.94173  31.9%     -    0s
     0     0 2748.34861    0  108 3940.98000 2748.34861  30.3%     -    0s
     0     0 2753.14638    0  117 3940.98000 2753.14638  30.1%     -    0s
     0     0 2753.26421    0  119 3940.98000 2753.26421  30.1%     -    0s
     0     0 2774.92167    0   97 3940.98000 2774.92167  29.6%     -    0s
H    0     0                    3730.8200000 2774.92167  25.6%     -    0s
H    0     0                    3590.2000000 2774.92167  22.7%     -    0s
     0     0 2776.68280    0   99 3590.20000 2776.68280  22.7%     -    0s
     0     0 2777.33629    0  104 3590.20000 2777.33629  22.6%     -    0s
     0     0 2779.91439    0  105 3590.20000 2779.91439  22.6%     -    0s
     0     0 2779.91439    0  105 3590.20000 2779.91439  22.6%     -    0s
H    0     0                    3536.1000000 2779.91439  21.4%     -    0s
     0     2 2782.32076    0  105 3536.10000 2782.32076  21.3%     -    0s
H   28    35                    3362.1000000 2823.00651  16.0%  81.8    0s
H   71    65                    3361.9800000 2823.00651  16.0%  49.1    0s
H  201   146                    3315.1000000 2844.03218  14.2%  42.1    1s
*  240   158              26    3267.3600000 2844.03218  13.0%  43.7    1s
*  241   147              25    3250.3600000 2844.03218  12.5%  43.6    1s
H  244   120                    3111.1000000 2844.03218  8.58%  43.2    1s

Cutting planes:
  User: 36
  Gomory: 8
  Cover: 113
  Implied bound: 64
  Clique: 20
  MIR: 46
  StrongCG: 4
  Flow cover: 58
  Inf proof: 1
  Mod-K: 1
  Network: 2
  RLT: 90
  Relax-and-lift: 16
  Lazy constraints: 6

Explored 929 nodes (43355 simplex iterations) in 3.16 seconds
Thread count was 2 (of 32 available processors)

Solution count 10: 3111.1 3250.36 3267.36 ... 3940.98

Optimal solution found (tolerance 1.00e-04)
Best objective 3.111100000000e+03, best bound 3.111100000000e+03, gap 0.0000%

User-callback calls 2578, time in user-callback 0.28 sec
================================================================================
executing instance: ./input/Instances/Original/4/absH3low_3n15.dat
