




arguments: ./build/bc_mirp -f ./input/orig_exec_224.cfg
Current dir: /scratch/gui/bc_mirp
File verbosity level: 9
date       time         ( uptime  ) [ thread name/id ]                   file:line     v| 
2021-02-14 10:38:17.724 (   0.048s) [main thread     ]             loguru.cpp:789   INFO| Logging to './output/vi_vc+qua/OU/V4/Original/execution_14_02_2021_10_38_17.log', mode: 'a', verbosity: 9
--------------------------------------------------------------------------------
Parameters
                           instance_path           ./input/Instances/Original/5/
                            model_policy                                       1
                             nb_vehicles                                       4
                              output_dir      ./output/vi_vc+qua/OU/V4/Original/
                            sec_strategy                                       1
                       solver_nb_threads                                       2
                         solver_show_log                                    true
                       solver_time_limit                                    3600
                              use_vi_cos                                   false
                              use_vi_cus                                   false
                         use_vi_hc1_full                                   false
                         use_vi_hc1_half                                   false
                      use_vi_hc1_quarter                                   false
                              use_vi_hc2                                   false
                              use_vi_hc3                                   false
                         use_vi_lex_full                                   false
                         use_vi_lex_half                                   false
                      use_vi_lex_quarter                                   false
                              use_vi_qua                                    true
                               use_vi_vc                                    true
                               use_vi_vr                                   false
--------------------------------------------------------------------------------
executing instance: ./input/Instances/Original/5/absH3low_4n50.dat
--------------------------------------------------------------------------------
Instance details
n	51
H	3
C	4066
Li:
[0, 0, 0, 0, 0, 0, 0, 0, 0, 0, 0, 0, 0, 0, 0, 0, 0, 0, 0, 0, 0, 0, 0, 0, 0, 0, 0, 0, 0, 0, 0, 0, 0, 0, 0, 0, 0, 0, 0, 0, 0, 0, 0, 0, 0, 0, 0, 0, 0, 0, 0, ]
Ui:
[0, 108, 126, 122, 66, 120, 48, 30, 128, 54, 158, 198, 36, 66, 210, 234, 147, 297, 171, 128, 116, 120, 219, 70, 294, 207, 134, 128, 234, 122, 22, 183, 195, 255, 132, 124, 66, 189, 219, 66, 128, 102, 288, 66, 87, 136, 36, 39, 282, 36, 237, ]
Distance matrix:
|0	210	444	498	509	104	438	228	487	304	456	434	526	476	163	47	293	396	293	290	313	85	280	437	293	336	409	106	449	376	433	478	193	404	404	534	278	181	380	507	189	438	263	473	353	216	202	218	452	254	465	|
|210	0	299	507	359	106	345	409	358	411	320	402	555	448	136	200	289	264	306	427	141	222	83	348	264	320	283	303	380	208	258	357	170	348	475	542	243	347	355	379	65	479	172	373	355	251	112	229	402	210	300	|
|444	299	0	363	65	358	116	542	66	440	26	241	425	272	282	407	251	51	276	490	159	397	224	124	217	237	48	490	170	99	83	74	261	180	430	385	214	479	231	85	270	390	184	116	271	300	409	276	210	215	54	|
|498	507	363	0	385	482	246	424	326	254	343	123	63	93	388	452	221	337	211	314	428	414	480	239	243	187	324	463	194	418	438	307	346	188	156	36	264	392	156	326	444	87	340	258	154	286	603	294	153	297	417	|
|509	359	65	385	0	422	145	602	59	492	59	269	448	292	348	472	305	115	329	545	218	462	281	152	274	286	106	554	192	153	116	78	326	216	472	403	274	540	271	63	334	425	249	127	316	361	468	337	233	278	69	|
|104	106	358	482	422	0	372	309	408	337	374	396	521	441	98	96	262	314	271	342	215	124	177	373	249	302	329	198	394	281	337	402	139	353	419	518	230	250	343	428	90	437	188	405	328	200	134	188	406	199	372	|
|438	345	116	246	145	372	0	485	87	357	97	126	309	155	279	394	180	101	200	414	223	373	288	8	157	150	84	459	53	188	196	68	245	72	328	269	165	427	128	97	297	280	184	36	175	250	456	233	94	184	170	|
|228	409	542	424	602	309	485	0	561	170	544	419	424	446	298	214	305	491	286	115	462	187	457	480	331	339	496	124	470	510	565	545	295	424	279	454	329	66	376	576	363	340	370	520	330	242	429	266	453	328	581	|
|487	358	66	326	59	408	87	561	0	441	40	211	389	233	324	446	258	95	281	497	220	431	287	95	230	234	79	522	133	164	146	19	297	160	415	344	233	500	215	21	323	367	224	68	261	320	470	299	174	242	106	|
|304	411	440	254	492	337	357	170	441	0	434	266	255	286	275	266	189	392	164	63	408	225	428	351	224	207	392	234	330	438	484	424	250	287	112	284	232	149	233	453	349	170	302	389	185	168	471	195	305	248	487	|
|456	320	26	343	59	374	97	544	40	434	0	223	406	252	294	418	247	60	271	487	181	405	247	105	215	229	49	498	149	124	109	48	270	165	419	364	215	482	218	60	288	375	194	92	261	302	431	279	190	220	75	|
|434	402	241	123	269	396	126	419	211	266	223	0	185	46	298	387	140	213	145	328	310	355	366	118	147	97	201	425	78	295	315	191	256	65	211	151	166	371	53	215	343	157	231	145	90	220	505	217	41	198	295	|
|526	555	425	63	448	521	309	424	389	255	406	185	0	156	430	481	266	398	252	310	485	442	534	301	293	237	386	480	257	478	500	370	390	249	145	55	313	401	212	389	491	89	392	321	201	322	646	334	216	345	479	|
|476	448	272	93	292	441	155	446	233	286	252	46	156	0	343	429	183	250	184	348	353	396	411	148	192	140	236	461	102	334	350	214	302	106	214	113	212	402	98	233	389	151	277	165	125	261	551	260	62	244	325	|
|163	136	282	388	348	98	279	298	324	275	294	298	430	343	0	124	167	234	178	296	167	121	162	279	151	205	247	216	297	224	280	316	42	256	340	423	132	232	246	344	74	349	100	314	233	115	216	97	308	101	307	|
|47	200	407	452	472	96	394	214	446	266	418	387	481	429	124	0	246	358	245	259	284	41	261	392	247	289	370	103	403	345	402	436	150	358	361	488	232	158	333	466	165	393	223	430	306	168	217	171	406	210	431	|
|293	289	251	221	305	262	180	305	258	189	247	140	266	183	167	246	0	204	26	240	238	215	276	175	37	43	203	289	169	255	297	242	125	122	202	257	52	248	87	272	225	191	134	215	67	80	382	77	163	81	298	|
|396	264	51	337	115	314	101	491	95	392	60	213	398	250	234	358	204	0	229	442	130	347	196	108	169	194	19	440	152	87	102	93	211	149	390	363	165	428	194	116	228	355	134	117	230	250	376	225	189	164	95	|
|293	306	276	211	329	271	200	286	281	164	271	145	252	184	178	245	26	229	0	216	262	212	297	195	63	53	228	280	184	280	323	264	138	137	178	248	76	232	95	294	241	173	156	234	60	77	395	83	172	102	324	|
|290	427	490	314	545	342	414	115	497	63	487	328	310	348	296	259	240	442	216	0	443	220	456	408	273	264	443	204	390	479	529	480	278	346	165	343	278	115	293	509	369	229	340	447	244	202	473	230	366	288	536	|
|313	141	159	428	218	215	223	462	220	408	181	310	485	353	167	284	238	130	262	443	0	288	67	228	202	252	149	382	267	67	122	221	168	247	440	459	186	396	273	241	125	423	107	245	291	242	251	214	297	162	160	|
|85	222	397	414	462	124	373	187	431	225	405	355	442	396	121	41	215	347	212	220	288	0	273	371	221	258	357	95	378	344	401	420	136	331	321	450	208	126	302	450	177	353	213	409	272	136	253	143	377	190	426	|
|280	83	224	480	281	177	288	457	287	428	247	366	534	411	162	261	276	196	297	456	67	273	0	292	243	298	215	363	329	128	176	288	179	305	475	513	224	392	324	307	96	466	143	311	335	261	187	235	357	195	219	|
|437	348	124	239	152	373	8	480	95	351	105	118	301	148	279	392	175	108	195	408	228	371	292	0	154	144	91	456	46	194	203	76	244	65	320	261	163	423	121	103	299	273	185	40	168	247	459	230	86	183	178	|
|293	264	217	243	274	249	157	331	230	224	215	147	293	192	151	247	37	169	63	273	202	221	243	154	0	57	170	303	157	217	260	215	110	111	238	278	21	271	94	245	201	223	100	193	92	93	362	78	160	54	263	|
|336	320	237	187	286	302	150	339	234	207	229	97	237	140	205	289	43	194	53	264	252	258	298	144	57	0	190	331	131	257	294	216	163	84	197	221	77	285	44	246	258	172	155	183	39	123	418	119	120	110	288	|
|409	283	48	324	106	329	84	496	79	392	49	201	386	236	247	370	203	19	228	443	149	357	215	91	170	190	0	449	136	105	114	75	221	138	384	349	168	434	185	99	245	346	146	98	224	255	394	231	174	171	99	|
|106	303	490	463	554	198	459	124	522	234	498	425	480	461	216	103	289	440	280	204	382	95	363	456	303	331	449	0	458	439	496	510	229	410	344	498	293	89	374	540	267	391	307	495	336	211	308	226	451	280	520	|
|449	380	170	194	192	394	53	470	133	330	149	78	257	102	297	403	169	152	184	390	267	378	329	46	157	131	136	458	0	238	249	114	259	47	287	216	171	416	96	137	327	235	211	67	145	247	488	235	41	197	223	|
|376	208	99	418	153	281	188	510	164	438	124	295	478	334	224	345	255	87	280	479	67	344	128	194	217	257	105	439	238	0	57	169	216	230	453	445	206	445	268	184	191	427	141	202	296	278	315	250	274	191	92	|
|433	258	83	438	116	337	196	565	146	484	109	315	500	350	280	402	297	102	323	529	122	401	176	203	260	294	114	496	249	57	0	157	271	252	490	463	251	499	296	162	247	457	195	199	331	329	362	302	288	241	47	|
|478	357	74	307	78	402	68	545	19	424	48	191	370	214	316	436	242	93	264	480	221	420	288	76	215	216	75	510	114	169	157	0	287	141	396	325	219	485	196	31	319	347	216	49	243	306	469	286	154	230	120	|
|193	170	261	346	326	139	245	295	297	250	270	256	390	302	42	150	125	211	138	278	168	136	179	244	110	163	221	229	259	216	271	287	0	216	305	382	91	229	204	316	105	310	78	280	192	83	257	60	268	62	292	|
|404	348	180	188	216	353	72	424	160	287	165	65	249	106	256	358	122	149	137	346	247	331	305	65	111	84	138	410	47	230	252	141	216	0	255	215	126	369	56	168	292	210	177	102	103	200	454	189	54	155	234	|
|404	475	430	156	472	419	328	279	415	112	419	211	145	214	340	361	202	390	178	165	440	321	475	320	238	197	384	344	287	453	490	396	305	255	0	181	254	261	201	422	410	69	335	353	160	225	551	246	252	280	482	|
|534	542	385	36	403	518	269	454	344	284	364	151	55	113	423	488	257	363	248	343	459	450	513	261	278	221	349	498	216	445	463	325	382	215	181	0	298	425	189	342	479	115	373	276	190	323	638	330	175	332	439	|
|278	243	214	264	274	230	165	329	233	232	215	166	313	212	132	232	52	165	76	278	186	208	224	163	21	77	168	293	171	206	251	219	91	126	254	298	0	267	114	250	181	242	82	202	112	88	341	68	177	33	258	|
|181	347	479	392	540	250	427	66	500	149	482	371	401	402	232	158	248	428	232	115	396	126	392	423	271	285	434	89	416	445	499	485	229	369	261	425	267	0	325	516	298	313	305	463	281	180	375	203	403	264	516	|
|380	355	231	156	271	343	128	376	215	233	218	53	212	98	246	333	87	194	95	293	273	302	324	121	94	44	185	374	96	268	296	196	204	56	201	189	114	325	0	224	294	161	185	157	49	167	455	163	78	147	284	|
|507	379	85	326	63	428	97	576	21	453	60	215	389	233	344	466	272	116	294	509	241	450	307	103	245	246	99	540	137	184	162	31	316	168	422	342	250	516	224	0	344	371	244	70	271	337	490	317	176	261	120	|
|189	65	270	444	334	90	297	363	323	349	288	343	491	389	74	165	225	228	241	369	125	177	96	299	201	258	245	267	327	191	247	319	105	292	410	479	181	298	294	344	0	414	116	328	291	187	163	165	345	147	282	|
|438	479	390	87	425	437	280	340	367	170	375	157	89	151	349	393	191	355	173	229	423	353	466	273	223	172	346	391	235	427	457	347	310	210	69	115	242	313	161	371	414	0	323	301	133	238	565	253	197	273	444	|
|263	172	184	340	249	188	184	370	224	302	194	231	392	277	100	223	134	134	156	340	107	213	143	185	100	155	146	307	211	141	195	216	78	177	335	373	82	305	185	244	116	323	0	217	192	138	278	110	230	55	214	|
|473	373	116	258	127	405	36	520	68	389	92	145	321	165	314	430	215	117	234	447	245	409	311	40	193	183	98	495	67	202	199	49	280	102	353	276	202	463	157	70	328	301	217	0	205	286	485	269	106	220	167	|
|353	355	271	154	316	328	175	330	261	185	261	90	201	125	233	306	67	230	60	244	291	272	335	168	92	39	224	336	145	296	331	243	192	103	160	190	112	281	49	271	291	133	192	205	0	138	449	141	123	145	323	|
|216	251	300	286	361	200	250	242	320	168	302	220	322	261	115	168	80	250	77	202	242	136	261	247	93	123	255	211	247	278	329	306	83	200	225	323	88	180	167	337	187	238	138	286	138	0	328	28	243	88	340	|
|202	112	409	603	468	134	456	429	470	471	431	505	646	551	216	217	382	376	395	473	251	253	187	459	362	418	394	308	488	315	362	469	257	454	551	638	341	375	455	490	163	565	278	485	449	328	0	313	508	308	406	|
|218	229	276	294	337	188	233	266	299	195	279	217	334	260	97	171	77	225	83	230	214	143	235	230	78	119	231	226	235	250	302	286	60	189	246	330	68	203	163	317	165	253	110	269	141	28	313	0	235	61	315	|
|452	402	210	153	233	406	94	453	174	305	190	41	216	62	308	406	163	189	172	366	297	377	357	86	160	120	174	451	41	274	288	154	268	54	252	175	177	403	78	176	345	197	230	106	123	243	508	235	0	207	264	|
|254	210	215	297	278	199	184	328	242	248	220	198	345	244	101	210	81	164	102	288	162	190	195	183	54	110	171	280	197	191	241	230	62	155	280	332	33	264	147	261	147	273	55	220	145	88	308	61	207	0	253	|
|465	300	54	417	69	372	170	581	106	487	75	295	479	325	307	431	298	95	324	536	160	426	219	178	263	288	99	520	223	92	47	120	292	234	482	439	258	516	284	120	282	444	214	167	323	340	406	315	264	253	0	|

--------------------------------------------------------------------------------
Building model...
	using lazy and cut (CVRPSEP package)
Solving IRP LP...
--------------------------------------------------------------------------------

Gurobi 9.1.0 (linux64) logging started Sun Feb 14 10:38:18 2021

Gurobi Optimizer version 9.1.0 build v9.1.0rc0 (linux64)
Thread count: 32 physical cores, 32 logical processors, using up to 2 threads
Optimize a model with 1899 rows, 16716 columns and 38802 nonzeros
Model fingerprint: 0x6a78fec3
Variable types: 804 continuous, 15912 integer (612 binary)
Coefficient statistics:
  Matrix range     [1e+00, 1e+03]
  Objective range  [1e-02, 6e+02]
  Bounds range     [1e+00, 3e+02]
  RHS range        [1e+00, 7e+03]
Presolve removed 498 rows and 245 columns
Presolve time: 0.17s
Presolved: 1401 rows, 16471 columns, 35623 nonzeros
Variable types: 506 continuous, 15965 integer (15335 binary)

Root relaxation: objective 3.476966e+03, 1798 iterations, 0.08 seconds

    Nodes    |    Current Node    |     Objective Bounds      |     Work
 Expl Unexpl |  Obj  Depth IntInf | Incumbent    BestBd   Gap | It/Node Time

     0     0 3476.96592    0  158          - 3476.96592      -     -    0s
     0     0 3729.75884    0  147          - 3729.75884      -     -    0s
     0     0 3730.37142    0  140          - 3730.37142      -     -    0s
     0     0 4432.21639    0  258          - 4432.21639      -     -    1s
     0     0 4434.77961    0  257          - 4434.77961      -     -    1s
     0     0 4434.93838    0  257          - 4434.93838      -     -    1s
     0     0 4583.15617    0  284          - 4583.15617      -     -    1s
     0     0 4605.02270    0  327          - 4605.02270      -     -    2s
     0     0 4605.88214    0  296          - 4605.88214      -     -    2s
     0     0 4722.49263    0  371          - 4722.49263      -     -    3s
     0     0 4729.16773    0  365          - 4729.16773      -     -    3s
     0     0 4733.80120    0  351          - 4733.80120      -     -    3s
     0     0 4733.80627    0  354          - 4733.80627      -     -    3s
     0     0 4762.32448    0  367          - 4762.32448      -     -    3s
     0     0 4771.88821    0  371          - 4771.88821      -     -    4s
     0     0 4776.22058    0  372          - 4776.22058      -     -    4s
     0     0 4783.45724    0  368          - 4783.45724      -     -    4s
     0     0 4785.83082    0  353          - 4785.83082      -     -    4s
     0     0 4790.59543    0  373          - 4790.59543      -     -    4s
     0     0 4796.68291    0  384          - 4796.68291      -     -    5s
     0     0 4798.97909    0  383          - 4798.97909      -     -    5s
     0     0 4799.42621    0  389          - 4799.42621      -     -    5s
     0     0 4824.38746    0  381          - 4824.38746      -     -    5s
     0     0 4825.30439    0  373          - 4825.30439      -     -    6s
     0     0 4850.48480    0  389          - 4850.48480      -     -    7s
     0     0 4851.05999    0  520          - 4851.05999      -     -    7s
     0     0 4855.99763    0  371          - 4855.99763      -     -    7s
     0     0 4855.99763    0  338          - 4855.99763      -     -    8s
     0     2 4855.99763    0  331          - 4855.99763      -     -   10s
    30    36 4983.14637    9  253          - 4866.78947      -   436   15s
   130   140 5205.18699   43  195          - 4866.78947      -   237   20s
   322   332 5746.98470   70  134          - 4866.78947      -   151   25s
   538   551 6562.06261   95  112          - 4866.78947      -   115   30s
   736   791 4962.24507    8  466          - 4871.18328      -   102   35s
   842   816 5698.05504   64  338          - 4871.18328      -  97.6   41s
   849   821 6998.94254  122  556          - 4871.18328      -  96.8   45s
   859   827 5687.03995   61  496          - 4899.16050      -  95.7   50s
   866   832 5651.96789   39  595          - 4905.53338      -  94.9   56s
   872   836 5135.42056   37  571          - 4908.40931      -  94.3   60s
   880   841 4983.44277   11  537          - 4915.12271      -  93.4   65s
   892   849 9240.68800  247  658          - 4917.67410      -  92.2   70s
   898   853 7489.20632  156  613          - 4918.87720      -  91.5   88s
   901   855 5564.25958   44  567          - 4919.67137      -  91.2   90s
   909   861 6913.01147  131  568          - 4919.82143      -  90.4   99s
   910   864 4978.64581   11  438          - 4919.84056      -   124  100s
   926   875 5052.44875   15  362          - 4947.18069      -   136  105s
   940   885 5128.33833   19  332          - 4955.23491      -   153  110s
   962   904 5176.38865   26  375          - 4955.23491      -   168  115s
  1002   932 5221.01964   37  341          - 4955.23491      -   178  120s
  1048   964 5307.65950   50  291          - 4955.23491      -   185  125s
  1115  1016 5505.09984   65  236          - 4955.23491      -   189  130s
  1206  1084 5773.99371   89  204          - 4955.23491      -   189  135s
  1286  1157 5931.09422  108  127          - 4955.23491      -   187  140s
  1444  1219 5716.09596  132  161          - 4955.23491      -   178  145s
  1584  1316 4995.72762   15  465          - 4956.46390      -   170  150s
  1690  1411 5067.25366   21  300          - 4956.46390      -   167  156s
  1805  1515 5123.12892   25  220          - 4956.46390      -   162  161s
  1901  1489 5156.16440   28  187          - 4956.46390      -   156  165s
  1945  1501 5232.78891   36  207          - 4956.46390      -   160  171s
  1970  1525 5313.38544   46  239          - 4956.46390      -   163  176s
  2000  1547 5480.58923   58  162          - 4956.46390      -   165  180s
  2053  1586 5693.61056   79  160          - 4956.46390      -   167  186s
  2102  1627 5944.88370   99  173          - 4956.46390      -   168  191s
  2146  1661 6169.20129  116  151          - 4956.46390      -   168  196s
  2234  1752 6638.16137  156   80          - 4957.95094      -   167  203s
  2333  1732 5068.60819   14  420          - 4957.95094      -   163  206s
  2363  1752 5106.00346   17  468          - 4957.95094      -   165  211s
  2376  1767 5217.36347   18  371          - 4957.95094      -   166  215s
  2428  1820 5226.10525   21  343          - 4957.95094      -   167  220s
  2509  1920 5208.02864   28  392          - 4957.95094      -   167  227s
  2593  2008 5285.73738   39  334          - 4957.95094      -   165  234s
  2672  1982 6518.29425  149    9          - 4957.95094      -   162  235s
  2755  2001 5412.71733   48  263          - 4957.95094      -   161  242s
  2775  2020 5380.19137   59  146          - 4957.95094      -   162  247s
  2800  2034 5431.35323   65   98          - 4957.95094      -   164  250s
  2852  2089 5702.21554   84  142          - 4957.95094      -   166  258s
  2895  2138 5565.90568  104  146          - 4957.95094      -   167  262s
  2958  2157 5874.95702  129   55          - 4957.95094      -   166  267s
  2998  2188 6279.96175  143   96          - 4968.85785      -   166  272s
  3065  2195 5000.55933   16  609          - 4968.85785      -   165  278s
  3094  2211 5075.68372   19  374          - 4968.85785      -   167  283s
  3120  2279 5061.53493   21  333          - 4968.85785      -   168  288s
  3196  2332 5139.07350   26  322          - 4968.85785      -   168  294s
  3281  2422 5157.16569   31  267          - 4968.85785      -   167  300s
  3403  2399 5206.92439   39  267          - 4968.85785      -   165  306s
  3439  2429 5276.72421   39  278          - 4968.85785      -   166  310s
  3481  2467 5323.90060   47  152          - 4968.85785      -   167  316s
  3533  2569 5410.08199   61  113          - 4968.85785      -   168  322s
  3638  2715 5738.16373   79  155          - 4968.85785      -   167  330s
  3784  2928 5873.78930   99  154          - 4968.85785      -   165  339s
  3832  2928 5997.57255  114   94          - 4968.85785      -   164  340s
  3997  3117 6460.31725  139  125          - 4968.85785      -   161  349s
  4061  3117 6675.66449  152  111          - 4968.85785      -   160  350s
  4186  3457 6993.06837  161   52          - 4970.46397      -   157  361s
  4522  3492 6779.52118  132   59          - 4975.74027      -   149  365s
  4620  3514 5010.81294   17  523          - 4975.74027      -   147  373s
  4632  3529 5074.85321   19  409          - 4975.74027      -   149  379s
  4647  3549 5069.41652   23  502          - 4975.74027      -   151  387s
  4667  3571 5117.10593   30  538          - 4975.74027      -   153  393s
  4689  3614 5169.89407   32  449          - 4975.74027      -   154  399s
  4732  3681 5246.31435   39  356          - 4975.74027      -   155  406s
  4799  3776 5310.16040   45  345          - 4975.74027      -   156  415s
  4894  3905 5480.78815   53  380          - 4975.74027      -   157  425s
  5027  3971 5495.89869   63  172          - 4975.74027      -   156  434s
  5043  3971 5573.73177   70  288          - 4975.74027      -   156  435s
  5115  4029 5634.72939   78  187          - 4975.74027      -   157  444s
  5162  4222 5875.50003   97   61          - 4978.22530      -   159  456s
  5423  4283 5061.55495   23  404          - 4978.22530      -   155  467s
  5450  4324 5149.05934   28  428          - 4978.22530      -   156  475s
  5491  4393 5313.75344   38  258          - 4978.22530      -   158  484s
  5560  4528 5533.14793   52  288          - 4978.22530      -   159  494s
  5577  4528 5630.79203   61  100          - 4978.22530      -   159  495s
  5695  4788 5897.49226   89  134          - 4978.22530      -   159  508s
  5808  4788 6654.28275  134   19          - 4978.22530      -   157  510s
  5987  5087 5040.04156   19  378          - 4978.22530      -   155  525s
  6317  5106 7792.31000  198    4          - 4978.22530      -   151  530s
  6374  5203 5197.48268   32  277          - 4978.22530      -   150  539s
  6414  5203 5044.76582   20  375          - 4978.22530      -   150  540s
  6444  5310 5366.03874   54  151          - 4978.22530      -   151  549s
  6476  5310 5522.38427   70   81          - 4978.22530      -   151  550s
  6551  5589 5872.78773   81   89          - 4983.01339      -   152  563s
  6679  5589 6131.66043  149   38          - 4983.01339      -   150  565s
  6888  5756 5134.73867   22  323          - 4983.01339      -   148  580s
  7067  5828 5213.36161   33  255          - 4983.01339      -   147  591s
  7124  5929 5514.65831   49  165          - 4983.01339      -   148  603s
  7227  6125 5670.45399   91  128          - 4988.73421      -   149  618s
  7372  6126 6560.18941  155   20          - 4988.73421      -   147  620s
  7439  6243 5209.63242   28  253          - 4988.73421      -   148  635s
  7550  6620 5446.07370   44  151          - 4988.73421      -   149  650s
  7852  6620 6479.24203  149   89          - 4988.73421      -   147  655s
  7959  6692 6122.97703  104  101          - 4988.77588      -   146  669s
  7975  6692 6172.15820  110   98          - 4988.77588      -   146  670s
  8087  6738 5230.41128   24  585          - 4988.86689      -   146  682s
  8122  6834 5360.17952   33  434          - 4988.86689      -   148  695s
  8218  7142 5551.19881   46  319          - 4988.86689      -   149  713s
  8288  7142 5701.77446   84   59          - 4988.86689      -   150  715s
  8574  7215 5659.41656   60  198          - 4988.86689      -   146  730s
  8629  7333 5791.66764   81  190          - 4988.86689      -   148  743s
  8747  7458 6275.76958  124   61          - 4988.86689      -   149  790s
  8876  7679 7284.12424  165   81          - 4991.89136      -   149  806s
  9132  7723 9876.55000  212    -          - 4991.89136      -   146  810s
  9219  7967 5197.99744   30  396          - 4991.89136      -   147  826s
  9459  7971 6683.67750  145    5          - 4991.89136      -   147  830s
  9463  8103 5433.29485   44  228          - 4991.89136      -   147  843s
  9540  8103 7201.97275  139   46          - 4991.89136      -   147  845s
  9631  8321 5652.61261   79  108          - 4993.32232      -   147  863s
  9647  8321 5742.86030   87  100          - 4993.32232      -   147  893s
  9791  8326 6883.83000  148    -          - 4993.32232      -   146  895s
  9876  8479 5161.32717   17  497          - 4993.32232      -   147  910s
 10011  8682 5285.61342   30  352          - 4993.32232      -   148  927s
 10224  8689 7134.09000  176    -          - 4993.32232      -   147  930s
 10258  8803 5491.66179   45  284          - 4993.32232      -   147  943s
 10360  9110 5732.89305   78  145          - 4993.32232      -   148  958s
 10440  9110 6170.28690  116   63          - 4993.32232      -   148  960s
 10667  9523 7123.46490  150   48          - 4994.98229      -   147  977s
 10827  9525 7890.53286  190   17          - 4994.98229      -   145  980s
 11131  9619 5305.93224   42  388          - 4994.98229      -   144  997s
 11230  9725 5560.61055   63  269          - 4994.98229      -   145 1011s
 11326 10050 5876.93581   98  179          - 4996.13020      -   146 1029s
 11358 10050 5921.86051  113   73          - 4996.13020      -   146 1030s
 11713 10230 5112.61541   25  395          - 4996.13020      -   144 1048s
 11791 10230 5839.58588   87   84          - 4996.13020      -   145 1050s
 11862 10366 5356.28797   35  335          - 4996.13020      -   145 1063s
 11955 10366 6523.57920  128   81          - 4996.13020      -   145 1065s
 12026 10442 5488.92484   48  185          - 4996.13020      -   145 1077s
 12104 10578 5645.65417   67  174          - 4996.13020      -   147 1091s
 12240 10848 5972.27518   97  159          - 4996.13020      -   147 1127s
 12464 10848 6181.34785   84  170          - 4996.13020      -   147 1130s
 12514 11068 6657.72906  178   19          - 4999.19966      -   147 1145s
 12836 11122 5281.50731   25  383          - 4999.79492      -   146 1161s
 12890 11202 5425.47577   36  191          - 4999.79492      -   148 1174s
 12922 11202 5390.87376   37  285          - 4999.79492      -   148 1175s
 12970 11494 5622.37989   51  194          - 4999.79492      -   149 1191s
 13179 11494 infeasible  134               - 4999.79492      -   149 1195s
 13386 11781 5993.79612   79  113          - 4999.79492      -   147 1213s
 13482 11781 6303.69547  111   55          - 4999.79492      -   147 1215s
 13623 11871 6738.25846  143   11          - 5000.04870      -   146 1230s
 13725 12120 5292.70599   33  295          - 5000.04870      -   147 1246s
 13968 12421 5621.64679   59  180          - 5000.20484      -   147 1264s
 13987 12421 5729.93089   66  148          - 5000.20484      -   147 1265s
 14331 12496 5109.83074   22  300          - 5000.23981      -   145 1283s
 14378 12568 5465.96949   38  241          - 5000.23981      -   146 1296s
 14450 12836 5695.27463   57  181          - 5000.25112      -   147 1315s
 14770 12945 5042.31036   22  429          - 5000.25112      -   146 1333s
 14864 13139 5570.25618   46  128          - 5000.25112      -   147 1349s
 14912 13139 5882.33506   59  152          - 5000.25112      -   147 1350s
 15058 13471 6070.96434   78   77          - 5000.52759      -   147 1367s
 15203 13471 6857.78662  124   41          - 5000.52759      -   146 1370s
 15459 13502 5243.55204   20  364          - 5000.59762      -   146 1385s
 15490 13558 5366.09051   27  360          - 5000.59762      -   147 1398s
 15546 13770 5476.97791   45  227          - 5000.59762      -   148 1414s
 15611 13770 5791.32275   74   96          - 5000.59762      -   148 1415s
 15758 14037 6067.30823   90   92          - 5000.83276      -   148 1431s
 16092 14114 5125.33049   21  566          - 5002.20995      -   147 1448s
 16163 14262 5346.04876   27  370          - 5002.20995      -   148 1463s
 16276 14262 6047.00570   92   68          - 5002.20995      -   148 1465s
 16311 14412 5461.13210   35  313          - 5002.20995      -   148 1481s
 16545 14517 5509.54975   47  260          - 5002.20995      -   147 1496s
 16610 14606 5695.47713   57  250          - 5002.20995      -   148 1511s
 16699 14706 5902.53125   70  188          - 5002.20995      -   149 1528s
 16772 14706 5992.50123   88   82          - 5002.20995      -   149 1530s
 16799 14788 6010.07979   77  251          - 5002.20995      -   149 1542s
 16897 14948 6248.37857  103  181          - 5009.30472      -   150 1567s
 17115 15045 5274.49517   28  473          - 5009.30472      -   149 1583s
 17183 15132 5571.24924   47  252          - 5009.30472      -   150 1597s
 17270 15247 5909.89270   64  193          - 5009.30472      -   151 1613s
 17366 15247 5681.11645   71  283          - 5009.30472      -   151 1615s
 17385 15454 6341.25531  102  122          - 5010.90107      -   152 1631s
 17632 15562 5185.65293   21  497          - 5010.90107      -   151 1752s
 17721 15727 5508.37432   32  349          - 5010.90107      -   151 1771s
 17982 15821 5612.60477   40  369          - 5010.90107      -   151 1815s
 18028 15981 5800.83634   52  285          - 5010.90107      -   152 1832s
 18160 15981 5525.30512   43   85          - 5010.90107      -   152 1835s
 18188 16287 6591.07164  109   41          - 5012.76543      -   152 1870s
 18550 16452 5192.23337   27  366          - 5012.76543      -   151 1892s
 18707 16695 5601.10334   56  224          - 5018.05648      -   152 1925s
 18984 17136 5062.98190   16  353          - 5018.05648      -   151 1950s
 19350 17158 8962.64000  179   34          - 5018.05648      -   150 1955s
 19514 17283 5324.48814   29  287          - 5018.05648      -   149 1971s
 19606 17442 5637.99852   65   85          - 5018.48284      -   149 1991s
 19807 17559 5105.61200   20  490          - 5018.48284      -   149 2008s
 19908 17815 5394.15962   30  328          - 5018.48284      -   150 2028s
 20005 17815 6087.20402  110   21          - 5018.48284      -   150 2030s
 20282 18073 5715.88895   57  151          - 5018.64461      -   148 2050s
 20509 18332 5202.50567   36  455          - 5018.64461      -   148 2071s
 20706 18332 6222.31036  133   13          - 5018.64461      -   148 2075s
 20794 18600 5547.95265   63  128          - 5019.05008      -   148 2093s
 20810 18600 5610.88225   68   65          - 5019.05008      -   148 2169s
 20858 18600 5741.12267   81   83          - 5019.05008      -   148 2170s
 21110 18795 5204.29014   35  373          - 5019.05008      -   147 2188s
 21273 19015 5435.53400   47  267          - 5019.05008      -   147 2211s
 21512 19037 7493.83000  164    9          - 5019.05008      -   146 2215s
 21625 19220 5536.22223   63  157          - 5019.05008      -   146 2231s
 21764 19577 5839.09651   83   79          - 5019.05008      -   146 2250s
 22121 19704 6759.30964  150   57          - 5021.44006      -   145 2268s
 22227 19704 5454.26187   62  225          - 5021.44006      -   145 2270s
 22295 19925 5275.39695   32  178          - 5021.44006      -   145 2287s
 22438 19925 6297.50106  123   85          - 5021.44006      -   145 2290s
 22570 20058 5609.68204   43  273          - 5021.44006      -   145 2306s
 22696 20353 6157.66206   84  166          - 5021.55617      -   145 2326s
 22824 20355 6794.03030  137   15          - 5021.55617      -   145 2360s
 23041 20539 5098.72982   21  464          - 5021.56252      -   145 2379s
 23054 20539 5739.18793   85   36          - 5021.56252      -   145 2380s
 23236 20595 5261.01064   28  477          - 5021.56252      -   145 2395s
 23276 20664 5609.10670   38  269          - 5021.56252      -   145 2410s
 23345 20822 5772.16631   56  169          - 5021.56252      -   146 2426s
 23505 20927 6691.74364  115   37          - 5022.66434      -   146 2504s
 23522 20927 6553.39964  120   53          - 5022.66434      -   146 2509s
 23636 21007 5160.10633   26  345          - 5022.66434      -   146 2523s
 23716 21208 5482.46719   46  253          - 5022.66434      -   147 2540s
 23917 21517 6151.67334   77  117          - 5022.96119      -   147 2562s
 24076 21517 6605.54611  114   96          - 5023.90393      -   146 2565s
 24371 21640 5197.98978   26  323          - 5023.90393      -   145 2593s
 24440 21820 5625.37031   58  105          - 5023.90393      -   146 2612s
 24584 21820 6351.66759  113   50          - 5023.90393      -   145 2615s
 24620 21885 6509.85379  117   52          - 5025.36119      -   146 2630s
 24701 21960 5241.25834   38  375          - 5025.36119      -   146 2645s
 24772 22087 5496.45848   56  203          - 5025.36119      -   147 2662s
 24899 22368 5850.66812   93  128          - 5025.63773      -   147 2908s
 25011 22368 6265.05866  135   31          - 5025.63773      -   147 2910s
 25234 22535 5218.98751   39  472          - 5025.63773      -   146 2930s
 25418 22649 5455.54110   44  314          - 5025.63773      -   146 2979s
 25511 22926 5550.24713   58  297          - 5025.63773      -   147 2997s
 25743 22926 6371.45569  143   54          - 5025.63773      -   146 3001s
 25788 23040 5746.32201   76  133          - 5025.63773      -   146 3015s
 25928 23184 6087.31900   99   89          - 5027.24478      -   146 3127s
 26079 23265 5249.81270   39  359          - 5027.24478      -   147 3144s
 26104 23265 5490.19577   54  203          - 5027.24478      -   147 3145s
 26159 23502 5421.28295   53  276          - 5027.24478      -   147 3243s
 26220 23502 5813.27071   77  118          - 5027.24478      -   147 3245s
 26438 23766 5774.14635   86  146          - 5027.50250      -   147 3265s
 26716 23847 5234.33460   22  464          - 5027.50250      -   146 3280s
 26781 24024 5367.03781   29  500          - 5027.50250      -   147 3312s
 26940 24028 6775.46603  151    6          - 5027.50250      -   147 3315s
 26996 24158 5443.17661   36  393          - 5027.50250      -   147 3328s
 27112 24488 5882.03830   81   87          - 5031.37666      -   147 3344s
 27192 24488 6110.11354  117   44          - 5031.37666      -   147 3345s
 27474 24750 5459.98535   27  273          - 5031.37666      -   146 3363s
 27683 24754 6390.95951  140   24          - 5031.37666      -   146 3366s
 27810 24938 5953.15020   67  148          - 5031.57795      -   146 3433s
 27991 24995 5149.24657   20  399          - 5031.57795      -   146 3447s
 28048 25100 5361.89124   26  406          - 5031.57795      -   146 3461s
 28153 25308 5489.53837   36  404          - 5031.57795      -   146 3477s
 28335 25313 7465.79205  164   30          - 5031.57795      -   146 3480s
 28431 25391 5672.32503   45  371          - 5031.57795      -   146 3493s
 28485 25512 5811.13162   53  326          - 5031.57795      -   146 3506s
 28606 25738 6080.54723   87  104          - 5033.90669      -   147 3523s
 28862 25864 5288.41324   31  414          - 5033.90669      -   146 3539s
 28884 25864 5531.36863   43  148          - 5033.90669      -   147 3540s
 29031 26049 5569.42283   45  193          - 5033.90669      -   146 3695s

Cutting planes:
  User: 3909
  Gomory: 22
  Cover: 627
  Implied bound: 213
  Projected implied bound: 16
  Clique: 68
  MIR: 210
  Flow cover: 670
  Zero half: 62
  Network: 1
  RLT: 449
  Relax-and-lift: 20
  Lazy constraints: 3567

Explored 29198 nodes (4289725 simplex iterations) in 3698.23 seconds
Thread count was 2 (of 32 available processors)

Solution count 0

Time limit reached
Best objective -, best bound 5.033906690423e+03, gap -

User-callback calls 389388, time in user-callback 1020.19 sec
writeSolution() exp: Unable to retrieve attribute 'X'
================================================================================
executing instance: ./input/Instances/Original/5/absH3low_4n25.dat
--------------------------------------------------------------------------------
Instance details
n	26
H	3
C	2029
Li:
[0, 0, 0, 0, 0, 0, 0, 0, 0, 0, 0, 0, 0, 0, 0, 0, 0, 0, 0, 0, 0, 0, 0, 0, 0, 0, ]
Ui:
[0, 34, 165, 76, 88, 188, 58, 279, 52, 132, 198, 142, 135, 165, 186, 58, 201, 196, 40, 183, 32, 90, 168, 126, 93, 146, ]
Distance matrix:
|0	299	188	235	91	202	152	147	162	277	268	132	71	162	220	69	220	289	241	124	265	80	162	132	66	302	|
|299	0	468	431	282	142	317	425	443	569	193	178	359	302	422	231	93	28	511	325	457	242	434	215	240	601	|
|188	468	0	153	265	342	308	43	192	106	455	290	117	206	142	246	379	464	252	274	360	267	211	319	231	184	|
|235	431	153	0	326	289	386	145	321	240	482	269	184	129	15	258	339	436	393	355	477	305	336	354	237	334	|
|91	282	265	326	0	228	66	228	166	339	196	157	154	242	311	99	225	264	229	50	201	47	153	71	115	340	|
|202	142	342	289	228	0	285	301	363	447	255	73	245	161	281	139	53	151	440	278	428	181	360	187	136	495	|
|152	317	308	386	66	285	0	275	167	368	188	217	207	308	371	163	274	295	210	34	145	108	148	104	181	350	|
|147	425	43	145	228	301	275	0	179	146	415	248	76	172	131	203	337	421	248	242	341	227	195	279	188	211	|
|162	443	192	321	166	363	167	179	0	216	352	291	152	302	307	225	375	428	81	138	170	201	22	237	227	183	|
|277	569	106	240	339	447	368	146	216	0	535	391	210	312	232	341	481	562	245	335	381	352	238	402	329	106	|
|268	193	455	482	196	255	188	415	352	535	0	225	339	367	469	224	212	165	398	214	302	188	335	136	245	533	|
|132	178	290	269	157	73	217	248	291	391	225	0	183	145	258	66	91	175	367	207	358	110	287	127	67	431	|
|71	359	117	184	154	245	207	76	152	210	339	183	0	152	169	131	274	352	232	174	294	151	161	203	119	251	|
|162	302	206	129	242	161	308	172	302	312	367	145	152	0	120	153	210	308	383	284	426	208	309	249	132	383	|
|220	422	142	15	311	281	371	131	307	232	469	258	169	120	0	245	330	427	379	340	461	291	321	340	224	324	|
|69	231	246	258	99	139	163	203	225	341	224	66	131	153	245	0	152	222	301	147	299	57	221	97	22	371	|
|220	93	379	339	225	53	274	337	375	481	212	91	274	210	330	152	0	99	448	273	419	180	369	171	157	521	|
|289	28	464	436	264	151	295	421	428	562	165	175	352	308	427	222	99	0	493	305	434	227	418	196	234	590	|
|241	511	252	393	229	440	210	248	81	245	398	367	232	383	379	301	448	493	0	190	147	270	80	298	305	175	|
|124	325	274	355	50	278	34	242	138	335	214	207	174	284	340	147	273	305	190	0	152	97	122	110	162	320	|
|265	457	360	477	201	428	145	341	170	381	302	358	294	426	461	299	419	434	147	152	0	248	150	249	312	322	|
|80	242	267	305	47	181	108	227	201	352	188	110	151	208	291	57	180	227	270	97	248	0	192	52	76	366	|
|162	434	211	336	153	360	148	195	22	238	335	287	161	309	321	221	369	418	80	122	150	192	0	224	225	203	|
|132	215	319	354	71	187	104	279	237	402	136	127	203	249	340	97	171	196	298	110	249	52	224	0	118	409	|
|66	240	231	237	115	136	181	188	227	329	245	67	119	132	224	22	157	234	305	162	312	76	225	118	0	364	|
|302	601	184	334	340	495	350	211	183	106	533	431	251	383	324	371	521	590	175	320	322	366	203	409	364	0	|

--------------------------------------------------------------------------------
Building model...
	using lazy and cut (CVRPSEP package)
Solving IRP LP...
--------------------------------------------------------------------------------

Gurobi 9.1.0 (linux64) logging started Sun Feb 14 11:40:10 2021

