




arguments: ./build/bc_mirp -f ./input/orig_exec_107.cfg
Current dir: /scratch/gui/bc_mirp
File verbosity level: 9
date       time         ( uptime  ) [ thread name/id ]                   file:line     v| 
2021-02-07 13:46:53.356 (   0.069s) [main thread     ]             loguru.cpp:789   INFO| Logging to './output/vi_vc+lex_half/OU/V2/Original/execution_07_02_2021_13_46_53.log', mode: 'a', verbosity: 9
--------------------------------------------------------------------------------
Parameters
                           instance_path           ./input/Instances/Original/3/
                            model_policy                                       1
                             nb_vehicles                                       2
                              output_dir ./output/vi_vc+lex_half/OU/V2/Original/
                            sec_strategy                                       1
                       solver_nb_threads                                       2
                         solver_show_log                                    true
                       solver_time_limit                                    3600
                              use_vi_cos                                   false
                              use_vi_cus                                   false
                         use_vi_hc1_full                                   false
                         use_vi_hc1_half                                   false
                      use_vi_hc1_quarter                                   false
                              use_vi_hc2                                   false
                              use_vi_hc3                                   false
                         use_vi_lex_full                                   false
                         use_vi_lex_half                                    true
                      use_vi_lex_quarter                                   false
                              use_vi_qua                                   false
                               use_vi_vc                                    true
                               use_vi_vr                                   false
--------------------------------------------------------------------------------
executing instance: ./input/Instances/Original/3/absH3low_2n5.dat
--------------------------------------------------------------------------------
Instance details
n	6
H	3
C	237
Li:
[0, 0, 0, 0, 0, 0, ]
Ui:
[0, 93, 180, 51, 114, 24, ]
Distance matrix:
|0	170	318	35	112	235	|
|170	0	311	205	258	301	|
|318	311	0	326	278	137	|
|35	205	326	0	89	230	|
|112	258	278	89	0	160	|
|235	301	137	230	160	0	|

--------------------------------------------------------------------------------
Building model...
	using lazy and cut (CVRPSEP package)
Solving IRP LP...
--------------------------------------------------------------------------------

Gurobi 9.1.0 (linux64) logging started Sun Feb  7 13:46:53 2021

Gurobi Optimizer version 9.1.0 build v9.1.0rc0 (linux64)
Thread count: 32 physical cores, 32 logical processors, using up to 2 threads
Optimize a model with 150 rows, 180 columns and 621 nonzeros
Model fingerprint: 0x7a731b09
Variable types: 54 continuous, 126 integer (36 binary)
Coefficient statistics:
  Matrix range     [1e+00, 2e+02]
  Objective range  [1e-02, 3e+02]
  Bounds range     [1e+00, 2e+02]
  RHS range        [1e+00, 5e+02]
Presolve removed 53 rows and 42 columns
Presolve time: 0.01s
Presolved: 97 rows, 138 columns, 436 nonzeros
Variable types: 30 continuous, 108 integer (81 binary)
Found heuristic solution: objective 1801.5200000
Found heuristic solution: objective 1738.8300000

Root relaxation: objective 6.288402e+02, 89 iterations, 0.00 seconds

    Nodes    |    Current Node    |     Objective Bounds      |     Work
 Expl Unexpl |  Obj  Depth IntInf | Incumbent    BestBd   Gap | It/Node Time

     0     0  628.84020    0   16 1738.83000  628.84020  63.8%     -    0s
H    0     0                    1724.8300000  628.84020  63.5%     -    0s
     0     0 1000.92236    0   24 1724.83000 1000.92236  42.0%     -    0s
H    0     0                    1665.5200000 1000.92236  39.9%     -    0s
H    0     0                    1624.9000000 1000.92236  38.4%     -    0s
     0     0 1212.48287    0   38 1624.90000 1212.48287  25.4%     -    0s
H    0     0                    1591.6600000 1212.48287  23.8%     -    0s
     0     0 1214.83263    0   37 1591.66000 1214.83263  23.7%     -    0s
     0     0 1216.21102    0   47 1591.66000 1216.21102  23.6%     -    0s
     0     0 1216.21734    0   47 1591.66000 1216.21734  23.6%     -    0s
     0     0 1314.05664    0   37 1591.66000 1314.05664  17.4%     -    0s
H    0     0                    1464.9000000 1314.05664  10.3%     -    0s
H    0     0                    1464.7300000 1314.05664  10.3%     -    0s
     0     0 1316.89483    0   38 1464.73000 1316.89483  10.1%     -    0s
     0     0 1319.79606    0   38 1464.73000 1319.79606  9.89%     -    0s
     0     0 1394.63643    0   44 1464.73000 1394.63643  4.79%     -    0s
     0     0 1396.36000    0   48 1464.73000 1396.36000  4.67%     -    0s
     0     0 1400.60025    0   54 1464.73000 1400.60025  4.38%     -    0s
     0     0 1400.71816    0   49 1464.73000 1400.71816  4.37%     -    0s
     0     0 1409.15574    0   40 1464.73000 1409.15574  3.79%     -    0s
     0     0 1411.13625    0   16 1464.73000 1411.13625  3.66%     -    0s
     0     0 1412.45180    0   29 1464.73000 1412.45180  3.57%     -    0s
     0     0 1412.45180    0    9 1464.73000 1412.45180  3.57%     -    0s
     0     0 1412.45180    0   29 1464.73000 1412.45180  3.57%     -    0s
     0     0 1412.45180    0   30 1464.73000 1412.45180  3.57%     -    0s
     0     0 1412.45180    0   33 1464.73000 1412.45180  3.57%     -    0s
     0     0 1412.49752    0   30 1464.73000 1412.49752  3.57%     -    0s
     0     0 1414.20558    0   32 1464.73000 1414.20558  3.45%     -    0s
     0     0 1418.02249    0   30 1464.73000 1418.02249  3.19%     -    0s
     0     0 1418.94360    0   34 1464.73000 1418.94360  3.13%     -    0s
     0     0 1421.00144    0   42 1464.73000 1421.00144  2.99%     -    0s
H    0     0                    1449.5600000 1421.00144  1.97%     -    0s
     0     0 1423.08778    0   38 1449.56000 1423.08778  1.83%     -    0s
     0     0 1423.77515    0   39 1449.56000 1423.77515  1.78%     -    0s
     0     0 1423.94992    0   37 1449.56000 1423.94992  1.77%     -    0s
*    0     0               0    1437.9000000 1437.90000  0.00%     -    0s

Cutting planes:
  User: 1
  Gomory: 1
  Cover: 13
  Implied bound: 3
  MIR: 6
  Flow cover: 11
  GUB cover: 1
  Zero half: 1
  RLT: 6

Explored 1 nodes (670 simplex iterations) in 0.19 seconds
Thread count was 2 (of 32 available processors)

Solution count 10: 1437.9 1449.56 1464.73 ... 1801.52

Optimal solution found (tolerance 1.00e-04)
Best objective 1.437900000000e+03, best bound 1.437900000000e+03, gap 0.0000%

User-callback calls 272, time in user-callback 0.01 sec
================================================================================
executing instance: ./input/Instances/Original/3/absH3high_5n30.dat
--------------------------------------------------------------------------------
Instance details
n	31
H	3
C	2296
Li:
[0, 0, 0, 0, 0, 0, 0, 0, 0, 0, 0, 0, 0, 0, 0, 0, 0, 0, 0, 0, 0, 0, 0, 0, 0, 0, 0, 0, 0, 0, 0, ]
Ui:
[0, 80, 90, 297, 28, 264, 123, 192, 112, 32, 72, 88, 294, 129, 126, 105, 110, 237, 246, 92, 72, 147, 54, 96, 128, 96, 84, 28, 74, 196, 192, ]
Distance matrix:
|0	87	302	65	389	171	219	120	412	339	129	63	169	401	383	158	393	161	246	275	64	287	345	235	13	274	106	201	85	358	135	|
|87	0	334	128	402	212	301	204	465	384	187	145	232	424	454	238	475	245	289	352	80	307	352	321	81	352	20	261	170	376	215	|
|302	334	0	239	113	132	237	334	157	70	404	263	162	105	227	229	339	251	65	217	259	53	107	352	293	220	339	134	270	75	235	|
|65	128	239	0	330	107	175	130	348	275	174	40	107	339	326	114	351	125	181	224	58	228	290	222	58	224	143	138	65	297	92	|
|389	402	113	330	0	226	349	438	210	151	502	360	269	48	316	339	441	362	175	328	335	102	55	465	377	330	401	245	371	37	342	|
|171	212	132	107	226	0	169	214	253	173	276	134	64	233	261	130	326	153	77	188	133	125	192	264	162	190	220	68	145	193	125	|
|219	301	237	175	349	169	0	157	257	223	244	157	105	334	180	62	175	61	177	63	233	264	334	118	221	61	317	112	136	312	85	|
|120	204	334	130	438	214	157	0	402	348	88	90	173	438	336	115	307	100	269	220	172	338	406	122	130	218	224	204	69	403	101	|
|412	465	157	348	210	253	257	402	0	88	486	359	245	166	129	287	266	303	178	204	386	208	239	370	406	207	473	212	354	187	304	|
|339	384	70	275	151	173	223	348	88	0	427	291	179	120	166	234	290	254	96	187	306	123	166	342	332	190	391	145	291	119	247	|
|129	187	404	174	502	276	244	88	486	427	0	142	248	508	424	200	390	187	342	308	193	400	464	192	142	306	207	281	136	469	182	|
|63	145	263	40	360	134	157	90	359	291	142	0	114	366	321	95	331	99	202	212	90	258	323	186	65	211	163	148	27	327	72	|
|169	232	162	107	269	64	105	173	245	179	248	114	0	266	222	71	268	94	97	131	155	173	244	203	164	132	245	34	113	233	73	|
|401	424	105	339	48	233	334	438	166	120	508	366	266	0	280	332	409	355	169	305	353	117	96	452	391	308	425	237	374	49	339	|
|383	454	227	326	316	261	180	336	129	166	424	321	222	280	0	231	137	238	208	116	376	277	331	272	381	118	467	197	307	285	253	|
|158	238	229	114	339	130	62	115	287	234	200	95	71	332	231	0	238	23	164	118	171	243	314	134	159	117	255	95	77	302	23	|
|393	475	339	351	441	326	175	307	266	290	390	331	268	409	137	238	0	232	300	138	408	383	445	204	395	136	492	258	308	406	260	|
|161	245	251	125	362	153	61	100	303	254	187	99	94	355	238	23	232	0	187	123	183	267	338	111	164	121	262	117	77	325	34	|
|246	289	65	181	175	77	177	269	178	96	342	202	97	169	208	164	300	187	0	168	210	87	157	290	238	171	296	70	206	138	170	|
|275	352	217	224	328	188	63	220	204	187	308	212	131	305	116	118	138	123	168	0	279	255	322	166	275	3	367	120	195	291	141	|
|64	80	259	58	335	133	233	172	386	306	193	90	155	353	376	171	408	183	210	279	0	236	289	276	51	279	90	182	117	307	150	|
|287	307	53	228	102	125	264	338	208	123	400	258	173	117	277	243	383	267	87	255	236	0	71	374	276	257	308	153	270	71	245	|
|345	352	107	290	55	192	334	406	239	166	464	323	244	96	331	314	445	338	157	322	289	71	0	445	334	325	350	224	337	54	315	|
|235	321	352	222	465	264	118	122	370	342	192	186	203	452	272	134	204	111	290	166	276	374	445	0	243	164	341	221	159	428	142	|
|13	81	293	58	377	162	221	130	406	332	142	65	164	391	381	159	395	164	238	275	51	276	334	243	0	274	100	196	89	347	136	|
|274	352	220	224	330	190	61	218	207	190	306	211	132	308	118	117	136	121	171	3	279	257	325	164	274	0	367	122	194	294	140	|
|106	20	339	143	401	220	317	224	473	391	207	163	245	425	467	255	492	262	296	367	90	308	350	341	100	367	0	272	188	377	232	|
|201	261	134	138	245	68	112	204	212	145	281	148	34	237	197	95	258	117	70	120	182	153	224	221	196	122	272	0	146	208	103	|
|85	170	270	65	371	145	136	69	354	291	136	27	113	374	307	77	308	77	206	195	117	270	337	159	89	194	188	146	0	337	54	|
|358	376	75	297	37	193	312	403	187	119	469	327	233	49	285	302	406	325	138	291	307	71	54	428	347	294	377	208	337	0	306	|
|135	215	235	92	342	125	85	101	304	247	182	72	73	339	253	23	260	34	170	141	150	245	315	142	136	140	232	103	54	306	0	|

--------------------------------------------------------------------------------
Building model...
	using lazy and cut (CVRPSEP package)
Solving IRP LP...
--------------------------------------------------------------------------------

Gurobi 9.1.0 (linux64) logging started Sun Feb  7 13:46:53 2021

Gurobi Optimizer version 9.1.0 build v9.1.0rc0 (linux64)
Thread count: 32 physical cores, 32 logical processors, using up to 2 threads
Optimize a model with 775 rows, 3280 columns and 8068 nonzeros
Model fingerprint: 0xe7f4d56b
Variable types: 304 continuous, 2976 integer (186 binary)
Coefficient statistics:
  Matrix range     [1e+00, 3e+04]
  Objective range  [1e-01, 5e+02]
  Bounds range     [1e+00, 3e+02]
  RHS range        [1e+00, 4e+03]
Presolve removed 257 rows and 221 columns
Presolve time: 0.07s
Presolved: 518 rows, 3059 columns, 7121 nonzeros
Variable types: 176 continuous, 2883 integer (2706 binary)

Root relaxation: objective 8.873316e+03, 451 iterations, 0.01 seconds

    Nodes    |    Current Node    |     Objective Bounds      |     Work
 Expl Unexpl |  Obj  Depth IntInf | Incumbent    BestBd   Gap | It/Node Time

     0     0 8873.31591    0   88          - 8873.31591      -     -    0s
     0     0 9339.09255    0  119          - 9339.09255      -     -    0s
     0     0 9344.91810    0  119          - 9344.91810      -     -    0s
     0     0 9623.74405    0  111          - 9623.74405      -     -    0s
     0     0 9762.18289    0  147          - 9762.18289      -     -    0s
     0     0 9764.83796    0  122          - 9764.83796      -     -    0s
     0     0 9770.32069    0   98          - 9770.32069      -     -    0s
     0     0 9779.33213    0  135          - 9779.33213      -     -    0s
     0     0 9779.33213    0  128          - 9779.33213      -     -    0s
     0     0 9820.08675    0  124          - 9820.08675      -     -    0s
     0     0 9831.61004    0  161          - 9831.61004      -     -    0s
     0     0 9836.77736    0  168          - 9836.77736      -     -    0s
     0     0 9841.82065    0  175          - 9841.82065      -     -    0s
     0     0 9842.88564    0  164          - 9842.88564      -     -    0s
     0     0 9868.93775    0  134          - 9868.93775      -     -    0s
     0     0 9878.06113    0  168          - 9878.06113      -     -    0s
     0     0 9878.43950    0  142          - 9878.43950      -     -    0s
     0     0 9887.88010    0  218          - 9887.88010      -     -    0s
     0     0 9888.34681    0  212          - 9888.34681      -     -    0s
     0     0 9892.26316    0  197          - 9892.26316      -     -    0s
     0     0 9895.35136    0  179          - 9895.35136      -     -    0s
     0     2 9909.05057    0  201          - 9909.05057      -     -    0s
   498   461 10089.4252   10  145          - 9934.53873      -  49.3    5s
   757   706 11057.0575   73  301          - 10002.5621      -  57.2   10s
   775   721 10037.6252   15  256          - 10012.6318      -  61.8   15s
   887   805 10561.1892   35   90          - 10062.1410      -  76.2   20s
* 1102   872             107    11993.370000 10062.1410  16.1%  73.3   24s
  1113   891 11744.3556   83   26 11993.3700 10062.1410  16.1%  74.3   25s
  1241   918 10369.1095   35   58 11993.3700 10067.5504  16.1%  75.9   30s
  1407  1055 10773.1557   82    8 11993.3700 10067.5504  16.1%  77.9   35s
  1543  1092 10474.5543   26   68 11993.3700 10082.0648  15.9%  78.3   40s
  1824  1339 11160.3756  131   23 11993.3700 10082.0648  15.9%  72.8   45s
* 1961  1231             170    11855.950000 10082.0648  15.0%  68.5   48s
  1982  1226 11659.7700  149    8 11855.9500 10090.3364  14.9%  68.3   50s
  2129  1315 10279.5337   23  127 11855.9500 10100.4008  14.8%  68.6   55s
* 2280  1280             103    11726.670000 10106.6771  13.8%  68.2   58s
  2315  1354 10958.9054   40   94 11726.6700 10106.6771  13.8%  69.0   60s
  2474  1415 10658.9047   42   73 11726.6700 10114.0273  13.8%  69.0   65s
* 2665  1447              92    11699.690000 10122.4011  13.5%  68.1   69s
  2669  1465 10583.7642   44  158 11699.6900 10122.4011  13.5%  68.7   71s
  2810  1588 10514.4508   35   94 11699.6900 10144.5680  13.3%  69.2   76s
  3026  1767 infeasible  126      11699.6900 10146.7460  13.3%  67.7   81s
  3116  1883 10588.4571   39   71 11699.6900 10146.7782  13.3%  68.3   85s
  3351  1988 infeasible  116      11699.6900 10183.2071  13.0%  68.5   91s
  3416  2064 10759.1219   32  122 11699.6900 10185.7710  12.9%  70.4   95s
  3538  2176 11524.2767   48   31 11699.6900 10186.5447  12.9%  71.0  100s
  3687  2320 10837.1890   65   30 11699.6900 10186.5669  12.9%  71.6  105s
H 3690  1908                    11311.180000 10186.5669  9.94%  71.7  105s
  3835  1988 11229.3800   86    - 11311.1800 10197.9456  9.84%  72.1  110s
  3945  2121     cutoff   86      11311.1800 10204.1824  9.79%  72.8  116s
  4028  2230 10980.2422   35   72 11311.1800 10207.9667  9.75%  73.1  120s
  4252  2359 10600.6170   55   28 11311.1800 10209.2742  9.74%  73.1  127s
  4337  2438     cutoff   94      11311.1800 10210.2235  9.73%  73.2  131s
  4418  2507 10404.9930   32  107 11311.1800 10210.2235  9.73%  74.2  135s
  4623  2701 10558.9488   61   60 11311.1800 10215.4899  9.69%  74.8  142s
  4802  2794     cutoff  111      11311.1800 10216.1617  9.68%  74.3  147s
  4920  2810 11095.1800   59    4 11311.1800 10218.2883  9.66%  74.7  151s
  4930  2884     cutoff   63      11311.1800 10219.9112  9.65%  74.8  155s
  5019  3016 10763.9453   46   29 11311.1800 10225.2061  9.60%  75.1  160s
  5362  3209 11278.9069   83   46 11311.1800 10227.6287  9.58%  74.3  168s
  5425  3258 10542.6407   28  187 11311.1800 10228.7287  9.57%  75.0  172s
  5476  3340 10904.0449   42   96 11311.1800 10228.7348  9.57%  76.4  177s
  5611  3483 11038.0833   57   14 11311.1800 10230.9779  9.55%  77.1  183s
  5796  3600     cutoff   61      11311.1800 10232.6867  9.53%  77.2  189s
  5920  3684 10789.9983   51  123 11311.1800 10233.2226  9.53%  77.0  194s
  6055  3777 11128.1214   66   44 11311.1800 10237.2388  9.49%  77.8  199s
  6186  3889 11173.2167   55   16 11311.1800 10241.8502  9.45%  78.1  204s
  6325  4020     cutoff   60      11311.1800 10243.2590  9.44%  77.9  210s
  6497  4124     cutoff   70      11311.1800 10245.6358  9.42%  77.6  216s
  6636  4231 10816.9800   56    8 11311.1800 10246.9480  9.41%  77.5  221s
  6781  4362 10782.7690   26  159 11311.1800 10248.0681  9.40%  77.9  226s
  6954  4477 10412.7667   35   35 11311.1800 10248.7487  9.39%  77.6  232s
H 7064  3853                    11103.760000 10248.7487  7.70%  77.2  232s
  7118  3977 10782.4600   48    8 11103.7600 10250.3474  7.69%  77.4  238s
  7308  4088     cutoff  107      11103.7600 10253.8054  7.65%  76.9  244s
  7444  4176 10477.7630   25   92 11103.7600 10256.5815  7.63%  77.0  250s
  7553  4313     cutoff   43      11103.7600 10257.4027  7.62%  78.2  256s
  7713  4407 10643.2022   35  105 11103.7600 10258.1167  7.62%  78.2  262s
  7866  4497     cutoff   67      11103.7600 10262.4760  7.58%  78.6  269s
  7978  4593 10969.1228   30  160 11103.7600 10263.7675  7.56%  79.4  276s
* 8106  3517              70    10873.750000 10264.7971  5.60%  79.5  276s
  8128  3567 10532.4404   35   61 10873.7500 10266.7366  5.58%  79.6  283s
  8245  3669     cutoff   65      10873.7500 10266.9732  5.58%  79.9  290s
  8409  3746 10765.5749   31  184 10873.7500 10268.1115  5.57%  80.1  297s
  8504  3821 10450.3277   39  134 10873.7500 10269.2454  5.56%  80.8  303s
  8662  3889     cutoff   72      10873.7500 10269.9396  5.55%  80.8  310s
  8759  3954 10421.9801   25  184 10873.7500 10270.3939  5.55%  81.4  317s
  8866  4048 10868.4153   62   10 10873.7500 10270.9700  5.54%  81.7  324s
  8997  4144 10375.4234   28   73 10873.7500 10270.9700  5.54%  82.1  331s
  9097  4256 10824.7086   45   21 10873.7500 10271.1925  5.54%  82.5  338s
  9286  4356 infeasible   50      10873.7500 10271.7874  5.54%  82.5  345s
  9428  4493 infeasible   65      10873.7500 10273.2600  5.52%  82.9  352s
  9609  4563     cutoff   49      10873.7500 10274.8933  5.51%  82.8  359s
  9751  4662     cutoff   56      10873.7500 10274.9834  5.51%  83.1  366s
  9908  4782 10489.5804   34   57 10873.7500 10275.5156  5.50%  83.3  373s
 10082  4859     cutoff   64      10873.7500 10278.3593  5.48%  83.4  381s
 10179  4945 10651.6725   66    8 10873.7500 10279.6330  5.46%  83.6  388s
 10284  5041     cutoff   66      10873.7500 10279.7541  5.46%  84.1  396s
*10359  3865              64    10746.830000 10281.3703  4.33%  84.2  396s
 10479  3895 10477.3132   36   89 10746.8300 10281.8392  4.33%  83.8  404s
 10623  3951 10676.1080   43  109 10746.8300 10282.8228  4.32%  83.8  411s
 10736  4026 10605.4200   27    - 10746.8300 10283.2621  4.31%  84.2  419s
 10848  4118 10652.7100   31   24 10746.8300 10283.8241  4.31%  84.5  427s
 10988  4200 10728.6300   33   19 10746.8300 10285.5126  4.29%  84.7  436s
 11136  4287     cutoff   34      10746.8300 10286.0662  4.29%  84.7  444s
 11241  4364 10511.0586   42  127 10746.8300 10286.8187  4.28%  85.3  451s
 11372  4418 10593.4854   29  223 10746.8300 10287.6931  4.27%  85.5  458s
 11438  4484 10606.7037   39   24 10746.8300 10288.9790  4.26%  86.2  465s
 11576  4566 10708.4201   56  106 10746.8300 10289.0554  4.26%  86.4  473s
H11702  3619                    10663.280000 10289.7924  3.50%  86.8  480s
 11822  3655 10504.0669   36  206 10663.2800 10291.4933  3.49%  86.9  486s
 11933  3722 10509.8479   45   98 10663.2800 10293.6479  3.47%  87.3  493s
 12034  3805 10566.1087   28  198 10663.2800 10295.1034  3.45%  87.7  500s
 12174  3856 10637.2887   40   92 10663.2800 10298.1383  3.42%  88.0  508s
 12286  3941     cutoff   42      10663.2800 10298.5867  3.42%  88.3  516s
 12431  4000 10649.5450   43   35 10663.2800 10299.0409  3.42%  88.4  523s
 12509  4072 10388.6530   38  196 10663.2800 10299.5212  3.41%  88.9  530s
 12661  4151 infeasible   82      10663.2800 10300.4062  3.40%  89.1  537s
 12784  4188 10500.3494   61   36 10663.2800 10301.7469  3.39%  89.5  545s
 12854  4259 10661.1721   63    9 10663.2800 10305.4067  3.36%  89.8  553s
 12965  4302 10659.8476   37   74 10663.2800 10305.9387  3.35%  90.1  561s
 13074  4360 10490.7680   34   99 10663.2800 10307.5951  3.34%  90.6  568s
 13212  4403     cutoff   47      10663.2800 10309.6998  3.32%  90.8  576s
 13324  4490     cutoff   36      10663.2800 10311.5450  3.30%  91.0  584s
 13471  4530 10633.6265   44   10 10663.2800 10312.3689  3.29%  91.0  593s
 13573  4579     cutoff   47      10663.2800 10312.8326  3.29%  91.5  602s
 13670  4613 10498.8028   33  125 10663.2800 10314.6371  3.27%  92.0  611s
 13757  4642 10394.2288   19  266 10663.2800 10314.7158  3.27%  92.5  653s
 13832  4729 10590.7450   34   13 10663.2800 10314.9305  3.27%  92.7  666s
 13983  4789     cutoff   45      10663.2800 10316.2292  3.25%  92.7  675s
 14113  4880 10573.8002   45  136 10663.2800 10319.1870  3.23%  92.9  682s
 14293  4960     cutoff   51      10663.2800 10320.9623  3.21%  93.0  691s
 14446  5022 10480.6408   37  129 10663.2800 10324.2545  3.18%  93.3  698s
 14564  5070 10636.1625   50    5 10663.2800 10325.0423  3.17%  93.6  707s
 14646  5121 10554.3040   35   93 10663.2800 10326.0360  3.16%  94.0  715s
 14774  5196 10350.4590   27  188 10663.2800 10327.1289  3.15%  94.3  724s
 14819  5196 10652.0749   41   40 10663.2800 10327.1289  3.15%  94.4  725s
 14884  5249 10447.5532   33   12 10663.2800 10327.7769  3.15%  94.6  733s
 15000  5301 10570.9000   53    - 10663.2800 10329.4505  3.13%  95.0  743s
 15121  5353     cutoff   53      10663.2800 10331.4042  3.11%  95.3  751s
 15232  5424 10519.3187   31  162 10663.2800 10333.8460  3.09%  95.6  760s
 15351  5481     cutoff   38      10663.2800 10334.3510  3.08%  95.9  770s
 15503  5541     cutoff   43      10663.2800 10338.3779  3.05%  96.0  780s
 15613  5611     cutoff   33      10663.2800 10339.0163  3.04%  96.3  789s
 15765  5648 10388.3468   29  156 10663.2800 10339.5840  3.04%  96.6  798s
 15869  5728     cutoff   39      10663.2800 10339.7998  3.03%  97.0  807s
 16022  5804 10520.1829   57   63 10663.2800 10340.7047  3.03%  97.1  816s
H16090  4659                    10606.980000 10341.8833  2.50%  97.2  816s
 16140  4707 10561.0320   23  131 10606.9800 10342.3750  2.49%  97.4  823s
 16273  4743 10553.0195   37  133 10606.9800 10343.1172  2.49%  97.6  831s
 16401  4808 10555.6249   33  128 10606.9800 10344.4463  2.48%  97.9  841s
 16573  4868     cutoff   39      10606.9800 10345.6392  2.46%  98.0  851s
 16694  4934 10404.9459   28  207 10606.9800 10346.7903  2.45%  98.2  860s
 16834  5008     cutoff   47      10606.9800 10347.3662  2.45%  98.6  870s
 16985  5057 10511.6977   26  153 10606.9800 10347.9507  2.44%  98.7  881s
 17125  5105 10519.6305   32  165 10606.9800 10349.2469  2.43%  99.0  890s
 17259  5215 10595.5483   41   82 10606.9800 10350.5192  2.42%  99.1  899s
 17438  5245     cutoff   45      10606.9800 10351.0820  2.41%  99.3  908s
 17566  5291 10437.4523   22  181 10606.9800 10352.3379  2.40%   100  918s
 17683  5333     cutoff   28      10606.9800 10352.6345  2.40%   100  928s
 17778  5404 10525.4069   31   75 10606.9800 10352.6662  2.40%   100  937s
 17929  5461 10436.7000   26  253 10606.9800 10354.0327  2.38%   100  946s
 18052  5511     cutoff   48      10606.9800 10355.2921  2.37%   101  956s
 18164  5605 10520.6452   29  142 10606.9800 10356.1400  2.36%   101  964s
 18314  5665 10488.0481   34  187 10606.9800 10356.6917  2.36%   101  973s
 18475  5704 10561.8043   41  142 10606.9800 10357.2636  2.35%   101  982s
 18601  5745     cutoff   45      10606.9800 10358.1574  2.35%   102  991s
 18750  5808 infeasible   49      10606.9800 10359.2257  2.34%   102 1001s
 18887  5873 10519.0440   40   84 10606.9800 10359.8711  2.33%   102 1012s
 19036  5913     cutoff   29      10606.9800 10360.2724  2.33%   102 1021s
 19179  5948     cutoff   41      10606.9800 10360.8898  2.32%   102 1030s
 19282  6010 infeasible   47      10606.9800 10361.7913  2.31%   103 1045s
 19475  6069     cutoff   41      10606.9800 10363.1038  2.30%   103 1055s
 19629  6112 10498.2820   34  169 10606.9800 10364.2419  2.29%   103 1065s
 19751  6164 10457.5884   24  203 10606.9800 10364.9190  2.28%   103 1074s
 19857  6192 10582.6274   29  123 10606.9800 10365.7856  2.27%   103 1085s
 19960  6232 10544.1118   39  202 10606.9800 10366.2816  2.27%   104 1094s
 20058  6321 10433.9977   33  215 10606.9800 10367.3363  2.26%   104 1104s
 20206  6365 10522.1188   41   97 10606.9800 10367.5685  2.26%   104 1114s
 20327  6433     cutoff   49      10606.9800 10368.5373  2.25%   104 1124s
 20464  6499     cutoff   60      10606.9800 10368.7670  2.25%   105 1134s
 20584  6542 10586.5019   36  111 10606.9800 10369.5310  2.24%   105 1144s
 20728  6587 10508.7261   35  181 10606.9800 10370.1514  2.23%   105 1155s
 20847  6676 10549.4214   32  171 10606.9800 10370.9435  2.23%   105 1166s
 21059  6743 10574.1087   55   53 10606.9800 10371.3123  2.22%   105 1177s
 21238  6820     cutoff   27      10606.9800 10372.0918  2.21%   105 1187s
 21410  6859     cutoff   48      10606.9800 10372.6157  2.21%   106 1198s
 21574  6896 10603.4480   42   62 10606.9800 10373.6572  2.20%   105 1208s
 21723  6936     cutoff   52      10606.9800 10374.7117  2.19%   106 1218s
 21847  6993 10599.2161   33   16 10606.9800 10375.5450  2.18%   106 1228s
 21983  7027     cutoff   33      10606.9800 10376.0835  2.18%   106 1238s
 22117  7062 10459.0432   37  240 10606.9800 10377.0889  2.17%   106 1248s
 22223  7137 10526.2630   25  128 10606.9800 10377.6069  2.16%   107 1258s
 22403  7170 10606.2424   45   69 10606.9800 10378.6940  2.15%   107 1269s
 22525  7234     cutoff   43      10606.9800 10379.7609  2.14%   107 1280s
 22656  7347 10463.8828   28  192 10606.9800 10380.4708  2.14%   107 1290s
 22832  7408 10497.4244   38  152 10606.9800 10380.6572  2.13%   107 1302s
 22973  7505 10543.5577   37  103 10606.9800 10381.3808  2.13%   107 1312s
 23148  7566     cutoff   43      10606.9800 10381.9457  2.12%   107 1322s
 23297  7604 10569.2577   29  172 10606.9800 10382.8221  2.11%   107 1333s
 23409  7651     cutoff   43      10606.9800 10383.1953  2.11%   107 1344s
 23564  7739 10473.0558   43   26 10606.9800 10383.5520  2.11%   108 1354s
 23759  7796 10434.1666   40  148 10606.9800 10383.8949  2.10%   108 1365s
 23871  7828 10605.8702   39   14 10606.9800 10384.2037  2.10%   108 1374s
 23972  7893     cutoff   33      10606.9800 10385.3038  2.09%   108 1385s
 24137  7973 10602.3406   40   94 10606.9800 10385.8990  2.08%   108 1397s
 24309  8010 10526.3236   23  214 10606.9800 10386.4129  2.08%   108 1408s
 24449  8059     cutoff   39      10606.9800 10386.9376  2.07%   109 1418s
 24605  8112 10544.4339   38   93 10606.9800 10387.8527  2.07%   109 1429s
 24789  8179     cutoff   51      10606.9800 10388.3085  2.06%   109 1441s
 24865  8180 10588.9131   43   61 10606.9800 10388.3085  2.06%   109 1445s
 24943  8236 10575.1300   38   18 10606.9800 10388.8864  2.06%   109 1455s
 25092  8297 10525.7767   30  110 10606.9800 10389.5082  2.05%   109 1467s
 25239  8352     cutoff   43      10606.9800 10389.9706  2.05%   109 1478s
 25353  8423     cutoff   42      10606.9800 10390.2132  2.04%   109 1491s
 25528  8487 10546.4743   34  132 10606.9800 10391.2438  2.03%   109 1503s
 25663  8527 10516.8043   37  102 10606.9800 10391.7560  2.03%   109 1514s
 25772  8570     cutoff   45      10606.9800 10392.4803  2.02%   109 1525s
 25892  8648 10504.4998   35  127 10606.9800 10393.0605  2.02%   110 1536s
 26059  8676     cutoff   65      10606.9800 10393.3908  2.01%   110 1546s
 26213  8733 10489.5198   29  131 10606.9800 10394.0268  2.01%   110 1556s
 26371  8774 10499.4219   37   85 10606.9800 10394.7007  2.00%   110 1566s
 26480  8842 10567.6743   38  156 10606.9800 10395.1281  2.00%   110 1577s
 26628  8914 10433.5071   45   24 10606.9800 10395.5784  1.99%   110 1592s
*26710  8195              45    10585.580000 10395.5784  1.79%   110 1592s
 26802  8238     cutoff   50      10585.5800 10396.4472  1.79%   110 1604s
 26971  8311     cutoff   44      10585.5800 10397.1400  1.78%   110 1615s
 27127  8329 10567.4913   45  116 10585.5800 10397.5191  1.78%   110 1625s
 27231  8348     cutoff   39      10585.5800 10397.6754  1.78%   110 1635s
 27361  8388 10503.2821   32  134 10585.5800 10397.8220  1.77%   111 1646s
 27520  8423 10458.3404   33  165 10585.5800 10398.2260  1.77%   111 1658s
 27621  8456 infeasible   42      10585.5800 10398.5192  1.77%   111 1670s
 27738  8500 10537.5440   36  147 10585.5800 10399.1417  1.76%   111 1680s
 27880  8554     cutoff   30      10585.5800 10399.8195  1.75%   111 1692s
 28040  8616     cutoff   50      10585.5800 10400.4786  1.75%   111 1703s
 28196  8669 10540.0204   31  163 10585.5800 10401.1426  1.74%   111 1715s
 28410  8727 10547.2479   39   72 10585.5800 10401.7013  1.74%   111 1727s
 28563  8770     cutoff   36      10585.5800 10402.1182  1.73%   111 1738s
 28723  8812 10543.4141   33  177 10585.5800 10402.8531  1.73%   111 1749s
 28877  8870     cutoff   39      10585.5800 10403.6895  1.72%   111 1760s
 29018  8937     cutoff   48      10585.5800 10404.2979  1.71%   111 1771s
 29184  8968 10555.9764   41   51 10585.5800 10404.9200  1.71%   111 1783s
 29317  8990 10557.8917   34  180 10585.5800 10405.4814  1.70%   111 1795s
 29422  9008     cutoff   38      10585.5800 10406.0339  1.70%   112 1807s
H29425  7071                    10553.579973 10406.0339  1.40%   112 1807s
 29511  7084     cutoff   37      10553.5800 10406.1822  1.40%   112 1817s
 29649  7122     cutoff   35      10553.5800 10407.3084  1.39%   112 1829s
 29796  7153 10491.7471   32  156 10553.5800 10408.0487  1.38%   112 1841s
 29987  7191     cutoff   57      10553.5800 10408.4351  1.38%   112 1852s
 30133  7231 10464.8633   37   22 10553.5800 10409.3278  1.37%   112 1863s
 30289  7269 10480.5893   34  139 10553.5800 10409.9954  1.36%   112 1874s
 30444  7289     cutoff   37      10553.5800 10410.7357  1.35%   112 1885s
 30577  7322 10456.2104   33  232 10553.5800 10411.2071  1.35%   112 1898s
 30710  7364     cutoff   49      10553.5800 10411.6885  1.34%   112 1909s
 30774  7364 10484.8685   42   12 10553.5800 10411.6885  1.34%   112 1910s
 30873  7398 10503.8299   43   52 10553.5800 10412.1615  1.34%   112 1921s
 31076  7413 10552.5411   39   25 10553.5800 10412.6524  1.34%   112 1932s
 31204  7427 10446.5204   29   84 10553.5800 10413.1723  1.33%   113 1943s
 31351  7456     cutoff   40      10553.5800 10414.0738  1.32%   113 1954s
 31502  7482     cutoff   43      10553.5800 10414.7605  1.32%   113 1966s
 31652  7512     cutoff   42      10553.5800 10415.3333  1.31%   113 1979s
 31798  7560 10521.0462   34   25 10553.5800 10415.7534  1.31%   113 1989s
 31960  7592 10533.9077   41   57 10553.5800 10415.8908  1.30%   113 2001s
 32135  7605 10550.3477   34   50 10553.5800 10416.7359  1.30%   113 2011s
 32300  7639     cutoff   38      10553.5800 10417.5102  1.29%   113 2023s
 32463  7654 10453.9553   45   40 10553.5800 10417.8850  1.29%   113 2035s
 32607  7691 10502.7462   31   74 10553.5800 10418.6456  1.28%   113 2048s
 32732  7748     cutoff   36      10553.5800 10419.0631  1.27%   113 2060s
 32912  7778     cutoff   31      10553.5800 10419.5532  1.27%   113 2072s
 33047  7800     cutoff   45      10553.5800 10420.4913  1.26%   114 2086s
 33179  7817 10483.7511   28  186 10553.5800 10421.0046  1.26%   114 2098s
 33318  7832 10491.0224   30   98 10553.5800 10421.4032  1.25%   114 2108s
 33451  7853 10443.9026   30  110 10553.5800 10422.0218  1.25%   114 2120s
 33599  7905 10458.2854   31   72 10553.5800 10422.6392  1.24%   114 2131s
 33780  7943 10502.6393   30  117 10553.5800 10423.2535  1.23%   114 2143s
 33936  7965     cutoff   33      10553.5800 10423.5295  1.23%   114 2154s
 34090  7990     cutoff   28      10553.5800 10424.1043  1.23%   114 2166s
 34270  8016 10535.1185   24  224 10553.5800 10424.6670  1.22%   115 2178s
 34437  8047     cutoff   37      10553.5800 10425.1650  1.22%   115 2191s
 34599  8069 10534.8211   24  100 10553.5800 10425.7959  1.21%   115 2204s
 34757  8088 10512.8529   33   97 10553.5800 10426.2512  1.21%   115 2216s
 34945  8103     cutoff   40      10553.5800 10426.9286  1.20%   115 2228s
 35139  8136     cutoff   38      10553.5800 10427.4849  1.19%   115 2240s
 35298  8171 10551.7221   44   82 10553.5800 10428.0368  1.19%   115 2252s
 35476  8233     cutoff   39      10553.5800 10428.5128  1.19%   115 2266s
 35681  8248 10504.2926   30   88 10553.5800 10429.0100  1.18%   115 2277s
 35837  8287 10522.1168   32  109 10553.5800 10429.4607  1.18%   115 2291s
 35993  8324     cutoff   37      10553.5800 10429.5851  1.17%   115 2304s
 36175  8326 10498.2509   38   16 10553.5800 10430.1482  1.17%   115 2305s
 36195  8352     cutoff   43      10553.5800 10430.2225  1.17%   115 2317s
 36383  8384 10498.2680   37   66 10553.5800 10430.6442  1.16%   115 2328s
 36563  8454 10484.6079   40  207 10553.5800 10431.3535  1.16%   115 2340s
 36720  8450 10541.0776   41  116 10553.5800 10431.7475  1.15%   115 2353s
 36874  8474 10466.4333   22  124 10553.5800 10432.4969  1.15%   115 2367s
 37068  8503 10516.9391   41  119 10553.5800 10432.5950  1.15%   115 2380s
 37237  8519 infeasible   44      10553.5800 10432.9240  1.14%   115 2392s
 37406  8536 10499.8040   33   34 10553.5800 10433.5612  1.14%   115 2406s
 37600  8558 10547.7441   44   23 10553.5800 10434.3545  1.13%   115 2419s
 37761  8569 10503.5073   37  123 10553.5800 10434.6669  1.13%   115 2432s
 37917  8580     cutoff   34      10553.5800 10435.1798  1.12%   115 2446s
 38071  8604     cutoff   39      10553.5800 10435.5160  1.12%   115 2458s
 38248  8643 10502.1269   41  196 10553.5800 10436.0831  1.11%   116 2470s
 38476  8670 10529.6578   41  155 10553.5800 10436.6069  1.11%   116 2483s
 38663  8702 10494.7251   34  145 10553.5800 10437.0577  1.10%   115 2496s
 38864  8721 10527.7032   33   79 10553.5800 10437.7846  1.10%   115 2510s
 39049  8745     cutoff   35      10553.5800 10438.0245  1.09%   116 2524s
H39227  8775                    10553.579834 10438.5331  1.09%   116 2539s
 39395  8792 10534.1572   32   55 10553.5798 10439.0367  1.09%   116 2553s
 39586  8812     cutoff   35      10553.5798 10439.6875  1.08%   116 2567s
 39806  8819 10496.0977   28  114 10553.5798 10440.4527  1.07%   115 2580s
 39943  8835 10521.2005   28  140 10553.5798 10440.7858  1.07%   116 2593s
 40114  8844     cutoff   38      10553.5798 10441.1523  1.07%   116 2607s
 40278  8859     cutoff   41      10553.5798 10441.5096  1.06%   116 2620s
 40469  8882     cutoff   47      10553.5798 10442.0270  1.06%   116 2634s
 40679  8901     cutoff   27      10553.5798 10442.7723  1.05%   116 2647s
 40862  8905 10527.9853   25   98 10553.5798 10443.2858  1.05%   116 2662s
 40988  8918 10498.7895   36  246 10553.5798 10443.6573  1.04%   116 2676s
 41186  8964     cutoff   36      10553.5798 10444.1708  1.04%   116 2690s
 41410  9001 10511.9061   33   86 10553.5798 10444.4393  1.03%   116 2704s
 41594  9036 10474.5423   31   46 10553.5798 10444.8013  1.03%   116 2717s
 41801  9064     cutoff   47      10553.5798 10445.1175  1.03%   116 2732s
 41994  9092     cutoff   39      10553.5798 10445.4623  1.02%   116 2747s
 42188  9139     cutoff   34      10553.5798 10445.7568  1.02%   116 2762s
 42419  9190 10476.7857   23  104 10553.5798 10446.1938  1.02%   116 2777s
 42621  9234 10507.3293   27  104 10553.5798 10446.5211  1.01%   116 2792s
 42814  9254     cutoff   40      10553.5798 10446.7919  1.01%   116 2807s
 43017  9285 10551.3878   36  113 10553.5798 10447.3473  1.01%   116 2822s
 43207  9302 10532.5463   38   73 10553.5798 10447.7110  1.00%   116 2840s
 43335  9302 10523.9422   33  215 10553.5798 10448.0208  1.00%   116 2854s
 43423  9302 10547.9819   34   92 10553.5798 10448.2626  1.00%   116 2855s
 43500  9323 10509.9263   34  157 10553.5798 10448.2766  1.00%   116 2868s
 43699  9366 10505.8144   36   66 10553.5798 10448.6384  0.99%   116 2884s
 43881  9378     cutoff   42      10553.5798 10448.9840  0.99%   116 2899s
 43982  9380 10520.0763   44   54 10553.5798 10448.9840  0.99%   116 2900s
 44094  9388     cutoff   39      10553.5798 10449.5379  0.99%   116 2914s
 44267  9412 10550.3931   32  129 10553.5798 10449.8588  0.98%   116 2929s
 44455  9444 10517.5400   38   64 10553.5798 10450.3260  0.98%   117 2945s
 44670  9453     cutoff   37      10553.5798 10450.7245  0.97%   116 2961s
 44847  9462     cutoff   46      10553.5798 10451.0301  0.97%   117 2979s
H44924  9462                    10553.579779 10451.0301  0.97%   117 2979s
 44981  9464 10543.7651   38   19 10553.5798 10451.2550  0.97%   117 2995s
 45211  9527     cutoff   41      10553.5798 10451.5512  0.97%   117 3012s
 45460  9529     cutoff   42      10553.5798 10451.8712  0.96%   117 3028s
 45665  9562     cutoff   34      10553.5798 10452.4086  0.96%   117 3044s
 45884  9601     cutoff   51      10553.5798 10452.8937  0.95%   117 3062s
 46170  9650     cutoff   35      10553.5798 10453.3774  0.95%   116 3079s
 46399  9664     cutoff   47      10553.5798 10453.6639  0.95%   116 3095s
 46612  9682 10517.0050   29  223 10553.5798 10454.0614  0.94%   116 3113s
 46809  9683     cutoff   45      10553.5798 10454.4418  0.94%   116 3129s
 46970  9696 10519.5223   29  183 10553.5798 10454.8487  0.94%   116 3146s
 47183  9721     cutoff   44      10553.5798 10455.3267  0.93%   116 3161s
 47381  9753 10536.0499   31   31 10553.5798 10455.5382  0.93%   117 3177s
 47592  9767     cutoff   43      10553.5798 10455.7650  0.93%   116 3192s
 47765  9776     cutoff   39      10553.5798 10456.0305  0.92%   117 3209s
 47953  9777     cutoff   36      10553.5798 10456.6535  0.92%   117 3225s
 48157  9767 10518.7596   47   53 10553.5798 10457.1681  0.91%   117 3241s
 48366  9775 10489.6938   30   74 10553.5798 10457.6479  0.91%   117 3257s
 48543  9760 10542.0650   34  196 10553.5798 10458.0198  0.91%   117 3275s
 48748  9765 10480.5516   37  110 10553.5798 10458.4458  0.90%   117 3298s
 49030  9769 10519.8330   26  149 10553.5798 10458.8792  0.90%   117 3316s
 49231  9783     cutoff   31      10553.5798 10459.0992  0.90%   117 3331s
 49455  9814 10498.3004   29  120 10553.5798 10459.4882  0.89%   117 3348s
 49690  9845     cutoff   29      10553.5798 10459.7718  0.89%   117 3364s
 49921  9866     cutoff   37      10553.5798 10460.2722  0.88%   117 3381s
 50112  9898     cutoff   33      10553.5798 10460.5826  0.88%   117 3399s
 50297  9911     cutoff   34      10553.5798 10460.8680  0.88%   117 3416s
