




arguments: ./build/bc_mirp -f ./input/orig_exec_203.cfg
Current dir: /scratch/gui/bc_mirp
File verbosity level: 9
date       time         ( uptime  ) [ thread name/id ]                   file:line     v| 
2021-02-14 07:14:27.713 (   0.234s) [main thread     ]             loguru.cpp:789   INFO| Logging to './output/vi_vc+lex_half/OU/V2/Original/execution_14_02_2021_07_14_27.log', mode: 'a', verbosity: 9
--------------------------------------------------------------------------------
Parameters
                           instance_path           ./input/Instances/Original/5/
                            model_policy                                       1
                             nb_vehicles                                       2
                              output_dir ./output/vi_vc+lex_half/OU/V2/Original/
                            sec_strategy                                       1
                       solver_nb_threads                                       2
                         solver_show_log                                    true
                       solver_time_limit                                    3600
                              use_vi_cos                                   false
                              use_vi_cus                                   false
                         use_vi_hc1_full                                   false
                         use_vi_hc1_half                                   false
                      use_vi_hc1_quarter                                   false
                              use_vi_hc2                                   false
                              use_vi_hc3                                   false
                         use_vi_lex_full                                   false
                         use_vi_lex_half                                    true
                      use_vi_lex_quarter                                   false
                              use_vi_qua                                   false
                               use_vi_vc                                    true
                               use_vi_vr                                   false
--------------------------------------------------------------------------------
executing instance: ./input/Instances/Original/5/absH3low_4n50.dat
--------------------------------------------------------------------------------
Instance details
n	51
H	3
C	4066
Li:
[0, 0, 0, 0, 0, 0, 0, 0, 0, 0, 0, 0, 0, 0, 0, 0, 0, 0, 0, 0, 0, 0, 0, 0, 0, 0, 0, 0, 0, 0, 0, 0, 0, 0, 0, 0, 0, 0, 0, 0, 0, 0, 0, 0, 0, 0, 0, 0, 0, 0, 0, ]
Ui:
[0, 108, 126, 122, 66, 120, 48, 30, 128, 54, 158, 198, 36, 66, 210, 234, 147, 297, 171, 128, 116, 120, 219, 70, 294, 207, 134, 128, 234, 122, 22, 183, 195, 255, 132, 124, 66, 189, 219, 66, 128, 102, 288, 66, 87, 136, 36, 39, 282, 36, 237, ]
Distance matrix:
|0	210	444	498	509	104	438	228	487	304	456	434	526	476	163	47	293	396	293	290	313	85	280	437	293	336	409	106	449	376	433	478	193	404	404	534	278	181	380	507	189	438	263	473	353	216	202	218	452	254	465	|
|210	0	299	507	359	106	345	409	358	411	320	402	555	448	136	200	289	264	306	427	141	222	83	348	264	320	283	303	380	208	258	357	170	348	475	542	243	347	355	379	65	479	172	373	355	251	112	229	402	210	300	|
|444	299	0	363	65	358	116	542	66	440	26	241	425	272	282	407	251	51	276	490	159	397	224	124	217	237	48	490	170	99	83	74	261	180	430	385	214	479	231	85	270	390	184	116	271	300	409	276	210	215	54	|
|498	507	363	0	385	482	246	424	326	254	343	123	63	93	388	452	221	337	211	314	428	414	480	239	243	187	324	463	194	418	438	307	346	188	156	36	264	392	156	326	444	87	340	258	154	286	603	294	153	297	417	|
|509	359	65	385	0	422	145	602	59	492	59	269	448	292	348	472	305	115	329	545	218	462	281	152	274	286	106	554	192	153	116	78	326	216	472	403	274	540	271	63	334	425	249	127	316	361	468	337	233	278	69	|
|104	106	358	482	422	0	372	309	408	337	374	396	521	441	98	96	262	314	271	342	215	124	177	373	249	302	329	198	394	281	337	402	139	353	419	518	230	250	343	428	90	437	188	405	328	200	134	188	406	199	372	|
|438	345	116	246	145	372	0	485	87	357	97	126	309	155	279	394	180	101	200	414	223	373	288	8	157	150	84	459	53	188	196	68	245	72	328	269	165	427	128	97	297	280	184	36	175	250	456	233	94	184	170	|
|228	409	542	424	602	309	485	0	561	170	544	419	424	446	298	214	305	491	286	115	462	187	457	480	331	339	496	124	470	510	565	545	295	424	279	454	329	66	376	576	363	340	370	520	330	242	429	266	453	328	581	|
|487	358	66	326	59	408	87	561	0	441	40	211	389	233	324	446	258	95	281	497	220	431	287	95	230	234	79	522	133	164	146	19	297	160	415	344	233	500	215	21	323	367	224	68	261	320	470	299	174	242	106	|
|304	411	440	254	492	337	357	170	441	0	434	266	255	286	275	266	189	392	164	63	408	225	428	351	224	207	392	234	330	438	484	424	250	287	112	284	232	149	233	453	349	170	302	389	185	168	471	195	305	248	487	|
|456	320	26	343	59	374	97	544	40	434	0	223	406	252	294	418	247	60	271	487	181	405	247	105	215	229	49	498	149	124	109	48	270	165	419	364	215	482	218	60	288	375	194	92	261	302	431	279	190	220	75	|
|434	402	241	123	269	396	126	419	211	266	223	0	185	46	298	387	140	213	145	328	310	355	366	118	147	97	201	425	78	295	315	191	256	65	211	151	166	371	53	215	343	157	231	145	90	220	505	217	41	198	295	|
|526	555	425	63	448	521	309	424	389	255	406	185	0	156	430	481	266	398	252	310	485	442	534	301	293	237	386	480	257	478	500	370	390	249	145	55	313	401	212	389	491	89	392	321	201	322	646	334	216	345	479	|
|476	448	272	93	292	441	155	446	233	286	252	46	156	0	343	429	183	250	184	348	353	396	411	148	192	140	236	461	102	334	350	214	302	106	214	113	212	402	98	233	389	151	277	165	125	261	551	260	62	244	325	|
|163	136	282	388	348	98	279	298	324	275	294	298	430	343	0	124	167	234	178	296	167	121	162	279	151	205	247	216	297	224	280	316	42	256	340	423	132	232	246	344	74	349	100	314	233	115	216	97	308	101	307	|
|47	200	407	452	472	96	394	214	446	266	418	387	481	429	124	0	246	358	245	259	284	41	261	392	247	289	370	103	403	345	402	436	150	358	361	488	232	158	333	466	165	393	223	430	306	168	217	171	406	210	431	|
|293	289	251	221	305	262	180	305	258	189	247	140	266	183	167	246	0	204	26	240	238	215	276	175	37	43	203	289	169	255	297	242	125	122	202	257	52	248	87	272	225	191	134	215	67	80	382	77	163	81	298	|
|396	264	51	337	115	314	101	491	95	392	60	213	398	250	234	358	204	0	229	442	130	347	196	108	169	194	19	440	152	87	102	93	211	149	390	363	165	428	194	116	228	355	134	117	230	250	376	225	189	164	95	|
|293	306	276	211	329	271	200	286	281	164	271	145	252	184	178	245	26	229	0	216	262	212	297	195	63	53	228	280	184	280	323	264	138	137	178	248	76	232	95	294	241	173	156	234	60	77	395	83	172	102	324	|
|290	427	490	314	545	342	414	115	497	63	487	328	310	348	296	259	240	442	216	0	443	220	456	408	273	264	443	204	390	479	529	480	278	346	165	343	278	115	293	509	369	229	340	447	244	202	473	230	366	288	536	|
|313	141	159	428	218	215	223	462	220	408	181	310	485	353	167	284	238	130	262	443	0	288	67	228	202	252	149	382	267	67	122	221	168	247	440	459	186	396	273	241	125	423	107	245	291	242	251	214	297	162	160	|
|85	222	397	414	462	124	373	187	431	225	405	355	442	396	121	41	215	347	212	220	288	0	273	371	221	258	357	95	378	344	401	420	136	331	321	450	208	126	302	450	177	353	213	409	272	136	253	143	377	190	426	|
|280	83	224	480	281	177	288	457	287	428	247	366	534	411	162	261	276	196	297	456	67	273	0	292	243	298	215	363	329	128	176	288	179	305	475	513	224	392	324	307	96	466	143	311	335	261	187	235	357	195	219	|
|437	348	124	239	152	373	8	480	95	351	105	118	301	148	279	392	175	108	195	408	228	371	292	0	154	144	91	456	46	194	203	76	244	65	320	261	163	423	121	103	299	273	185	40	168	247	459	230	86	183	178	|
|293	264	217	243	274	249	157	331	230	224	215	147	293	192	151	247	37	169	63	273	202	221	243	154	0	57	170	303	157	217	260	215	110	111	238	278	21	271	94	245	201	223	100	193	92	93	362	78	160	54	263	|
|336	320	237	187	286	302	150	339	234	207	229	97	237	140	205	289	43	194	53	264	252	258	298	144	57	0	190	331	131	257	294	216	163	84	197	221	77	285	44	246	258	172	155	183	39	123	418	119	120	110	288	|
|409	283	48	324	106	329	84	496	79	392	49	201	386	236	247	370	203	19	228	443	149	357	215	91	170	190	0	449	136	105	114	75	221	138	384	349	168	434	185	99	245	346	146	98	224	255	394	231	174	171	99	|
|106	303	490	463	554	198	459	124	522	234	498	425	480	461	216	103	289	440	280	204	382	95	363	456	303	331	449	0	458	439	496	510	229	410	344	498	293	89	374	540	267	391	307	495	336	211	308	226	451	280	520	|
|449	380	170	194	192	394	53	470	133	330	149	78	257	102	297	403	169	152	184	390	267	378	329	46	157	131	136	458	0	238	249	114	259	47	287	216	171	416	96	137	327	235	211	67	145	247	488	235	41	197	223	|
|376	208	99	418	153	281	188	510	164	438	124	295	478	334	224	345	255	87	280	479	67	344	128	194	217	257	105	439	238	0	57	169	216	230	453	445	206	445	268	184	191	427	141	202	296	278	315	250	274	191	92	|
|433	258	83	438	116	337	196	565	146	484	109	315	500	350	280	402	297	102	323	529	122	401	176	203	260	294	114	496	249	57	0	157	271	252	490	463	251	499	296	162	247	457	195	199	331	329	362	302	288	241	47	|
|478	357	74	307	78	402	68	545	19	424	48	191	370	214	316	436	242	93	264	480	221	420	288	76	215	216	75	510	114	169	157	0	287	141	396	325	219	485	196	31	319	347	216	49	243	306	469	286	154	230	120	|
|193	170	261	346	326	139	245	295	297	250	270	256	390	302	42	150	125	211	138	278	168	136	179	244	110	163	221	229	259	216	271	287	0	216	305	382	91	229	204	316	105	310	78	280	192	83	257	60	268	62	292	|
|404	348	180	188	216	353	72	424	160	287	165	65	249	106	256	358	122	149	137	346	247	331	305	65	111	84	138	410	47	230	252	141	216	0	255	215	126	369	56	168	292	210	177	102	103	200	454	189	54	155	234	|
|404	475	430	156	472	419	328	279	415	112	419	211	145	214	340	361	202	390	178	165	440	321	475	320	238	197	384	344	287	453	490	396	305	255	0	181	254	261	201	422	410	69	335	353	160	225	551	246	252	280	482	|
|534	542	385	36	403	518	269	454	344	284	364	151	55	113	423	488	257	363	248	343	459	450	513	261	278	221	349	498	216	445	463	325	382	215	181	0	298	425	189	342	479	115	373	276	190	323	638	330	175	332	439	|
|278	243	214	264	274	230	165	329	233	232	215	166	313	212	132	232	52	165	76	278	186	208	224	163	21	77	168	293	171	206	251	219	91	126	254	298	0	267	114	250	181	242	82	202	112	88	341	68	177	33	258	|
|181	347	479	392	540	250	427	66	500	149	482	371	401	402	232	158	248	428	232	115	396	126	392	423	271	285	434	89	416	445	499	485	229	369	261	425	267	0	325	516	298	313	305	463	281	180	375	203	403	264	516	|
|380	355	231	156	271	343	128	376	215	233	218	53	212	98	246	333	87	194	95	293	273	302	324	121	94	44	185	374	96	268	296	196	204	56	201	189	114	325	0	224	294	161	185	157	49	167	455	163	78	147	284	|
|507	379	85	326	63	428	97	576	21	453	60	215	389	233	344	466	272	116	294	509	241	450	307	103	245	246	99	540	137	184	162	31	316	168	422	342	250	516	224	0	344	371	244	70	271	337	490	317	176	261	120	|
|189	65	270	444	334	90	297	363	323	349	288	343	491	389	74	165	225	228	241	369	125	177	96	299	201	258	245	267	327	191	247	319	105	292	410	479	181	298	294	344	0	414	116	328	291	187	163	165	345	147	282	|
|438	479	390	87	425	437	280	340	367	170	375	157	89	151	349	393	191	355	173	229	423	353	466	273	223	172	346	391	235	427	457	347	310	210	69	115	242	313	161	371	414	0	323	301	133	238	565	253	197	273	444	|
|263	172	184	340	249	188	184	370	224	302	194	231	392	277	100	223	134	134	156	340	107	213	143	185	100	155	146	307	211	141	195	216	78	177	335	373	82	305	185	244	116	323	0	217	192	138	278	110	230	55	214	|
|473	373	116	258	127	405	36	520	68	389	92	145	321	165	314	430	215	117	234	447	245	409	311	40	193	183	98	495	67	202	199	49	280	102	353	276	202	463	157	70	328	301	217	0	205	286	485	269	106	220	167	|
|353	355	271	154	316	328	175	330	261	185	261	90	201	125	233	306	67	230	60	244	291	272	335	168	92	39	224	336	145	296	331	243	192	103	160	190	112	281	49	271	291	133	192	205	0	138	449	141	123	145	323	|
|216	251	300	286	361	200	250	242	320	168	302	220	322	261	115	168	80	250	77	202	242	136	261	247	93	123	255	211	247	278	329	306	83	200	225	323	88	180	167	337	187	238	138	286	138	0	328	28	243	88	340	|
|202	112	409	603	468	134	456	429	470	471	431	505	646	551	216	217	382	376	395	473	251	253	187	459	362	418	394	308	488	315	362	469	257	454	551	638	341	375	455	490	163	565	278	485	449	328	0	313	508	308	406	|
|218	229	276	294	337	188	233	266	299	195	279	217	334	260	97	171	77	225	83	230	214	143	235	230	78	119	231	226	235	250	302	286	60	189	246	330	68	203	163	317	165	253	110	269	141	28	313	0	235	61	315	|
|452	402	210	153	233	406	94	453	174	305	190	41	216	62	308	406	163	189	172	366	297	377	357	86	160	120	174	451	41	274	288	154	268	54	252	175	177	403	78	176	345	197	230	106	123	243	508	235	0	207	264	|
|254	210	215	297	278	199	184	328	242	248	220	198	345	244	101	210	81	164	102	288	162	190	195	183	54	110	171	280	197	191	241	230	62	155	280	332	33	264	147	261	147	273	55	220	145	88	308	61	207	0	253	|
|465	300	54	417	69	372	170	581	106	487	75	295	479	325	307	431	298	95	324	536	160	426	219	178	263	288	99	520	223	92	47	120	292	234	482	439	258	516	284	120	282	444	214	167	323	340	406	315	264	253	0	|

--------------------------------------------------------------------------------
Building model...
	using lazy and cut (CVRPSEP package)
Solving IRP LP...
--------------------------------------------------------------------------------

Gurobi 9.1.0 (linux64) logging started Sun Feb 14 07:14:28 2021

Gurobi Optimizer version 9.1.0 build v9.1.0rc0 (linux64)
Thread count: 32 physical cores, 32 logical processors, using up to 2 threads
Optimize a model with 1275 rows, 8460 columns and 19428 nonzeros
Model fingerprint: 0x8e893143
Variable types: 504 continuous, 7956 integer (306 binary)
Coefficient statistics:
  Matrix range     [1e+00, 3e+07]
  Objective range  [1e-02, 6e+02]
  Bounds range     [1e+00, 3e+02]
  RHS range        [1e+00, 7e+03]
Presolve removed 301 rows and 198 columns
Presolve time: 0.11s
Presolved: 974 rows, 8262 columns, 18235 nonzeros
Variable types: 354 continuous, 7908 integer (7608 binary)

Root relaxation: objective 3.280950e+03, 885 iterations, 0.02 seconds

    Nodes    |    Current Node    |     Objective Bounds      |     Work
 Expl Unexpl |  Obj  Depth IntInf | Incumbent    BestBd   Gap | It/Node Time

     0     0 3280.94990    0  136          - 3280.94990      -     -    0s
     0     0 3639.44707    0  144          - 3639.44707      -     -    0s
     0     0 3639.56331    0  133          - 3639.56331      -     -    0s
     0     0 4300.35965    0  170          - 4300.35965      -     -    0s
     0     0 4331.89964    0  150          - 4331.89964      -     -    0s
     0     0 4342.64587    0  170          - 4342.64587      -     -    0s
     0     0 4352.32087    0  177          - 4352.32087      -     -    0s
     0     0 4376.28401    0  199          - 4376.28401      -     -    0s
     0     0 4383.54796    0  211          - 4383.54796      -     -    1s
     0     0 4383.75986    0  184          - 4383.75986      -     -    1s
     0     0 4472.30984    0  257          - 4472.30984      -     -    1s
     0     0 4487.09954    0  315          - 4487.09954      -     -    1s
     0     0 4488.41673    0  324          - 4488.41673      -     -    1s
     0     0 4488.53811    0  317          - 4488.53811      -     -    1s
     0     0 4527.69594    0  245          - 4527.69594      -     -    1s
     0     0 4527.69594    0  103          - 4527.69594      -     -    2s
     0     0 4527.69594    0  228          - 4527.69594      -     -    2s
     0     0 4527.69594    0  132          - 4527.69594      -     -    2s
     0     0 4527.69594    0  172          - 4527.69594      -     -    2s
     0     0 4541.79484    0  268          - 4541.79484      -     -    3s
     0     0 4552.88663    0  250          - 4552.88663      -     -    3s
     0     0 4553.28189    0  236          - 4553.28189      -     -    3s
     0     0 4565.75738    0  317          - 4565.75738      -     -    3s
     0     0 4567.00620    0  295          - 4567.00620      -     -    3s
     0     0 4575.10441    0  347          - 4575.10441      -     -    3s
     0     0 4575.10441    0  347          - 4575.10441      -     -    3s
     0     2 4575.10441    0  347          - 4575.10441      -     -    4s
    17    20 4648.98537    6  195          - 4587.23289      -   201    5s
   427   397 4706.60980    7  249          - 4587.23289      -  52.4   10s
   621   585 4811.95868   21  147          - 4609.17699      -  64.1   15s
   744   687 4841.33395   24  409          - 4609.17699      -  66.3   20s
   769   703 5213.95988   58  445          - 4611.66667      -  64.2   25s
   778   709 4878.91693   44  378          - 4612.38422      -  63.4   31s
   779   713 4619.90076   12  432          - 4613.69553      -  70.3   40s
   807   733 4829.92719   19  271          - 4633.83421      -  80.3   45s
   946   842 5042.08861   36  156          - 4633.83421      -  86.1   50s
  1244  1007 5291.78562   55   80          - 4633.83421      -  75.2   55s
  1297  1040 5431.56483   72  101          - 4633.83421      -  79.4   60s
  1394  1102 5921.21031  102   63          - 4633.83421      -  82.7   65s
  1541  1226 5895.59548  149   81          - 4633.83421      -  82.0   70s
  1655  1339 6285.89083  180   31          - 4633.83421      -  80.6   75s
  1953  1479 5730.19383  128   42          - 4633.83421      -  73.7   80s
  2119  1700 7838.11000  287    2          - 4636.17410      -  69.8   85s
  2489  1765 4934.67708   24  173          - 4636.17410      -  63.1   90s
  2559  1823 5085.19925   33  118          - 4636.17410      -  64.7   95s
  2812  1991 6204.04000  121    8          - 4636.17410      -  63.6  101s
  2961  2147 7188.02909  170   12          - 4636.17410      -  63.1  105s
  3179  2286 4919.75583   31  198          - 4670.91773      -  63.5  111s
  3361  2385 5079.03917   53   82          - 4670.91773      -  62.7  115s
  3552  2536 4733.27321   16  400          - 4675.51060      -  61.9  123s
  3587  2588 4836.43248   21  258          - 4675.51060      -  62.4  125s
  3741  2685 5035.74000   39   10          - 4675.51060      -  63.2  131s
  3840  2791 5330.00167   54   54          - 4681.92739      -  64.2  136s
  3936  2845 4782.09133   25  232          - 4681.92739      -  65.1  142s
  3953  2877 4805.22820   33  170          - 4681.92739      -  65.3  146s
  4019  2978 5003.64359   49  124          - 4681.92739      -  66.6  151s
  4192  3128 4722.04782   16  317          - 4682.53802      -  66.6  157s
  4246  3311 4875.02632   24  160          - 4682.53802      -  66.8  161s
  4441  3500 5026.78278   47   15          - 4682.53802      -  65.4  165s
  4690  3615 4807.42390   17  411          - 4699.65572      -  64.7  172s
  4774  3693 4823.04044   20  182          - 4699.65572      -  64.7  176s
  4943  3874 5333.16520   50   61          - 4703.08754      -  65.5  183s
  5054  4048 4943.80566   18  232          - 4703.08754      -  65.7  188s
  5230  4219 5078.23181   25  139          - 4703.08754      -  64.9  193s
  5454  4294 5193.02542   33   45          - 4703.08754      -  63.8  197s
  5546  4360 5372.15000   40   54          - 4703.08754      -  64.3  203s
  5594  4453 5602.47000   60   40          - 4703.08754      -  65.3  208s
  5693  4623 5922.70088   98   28          - 4703.08754      -  65.8  213s
  5941  4789 6352.58500  124   23          - 4703.82724      -  64.4  218s
  6088  5019 4817.24914   19  265          - 4703.82724      -  64.6  224s
  6373  5153 4987.81362   31   95          - 4703.82724      -  63.1  230s
  6526  5215 5099.92694   37   80          - 4703.82724      -  62.8  235s
  6562  5270 5259.18138   41  118          - 4703.82724      -  63.6  241s
  6617  5350 5452.41758   54  163          - 4703.82724      -  64.4  246s
  6697  5391 5683.86000   71    8          - 4703.96259      -  64.9  250s
  6833  5525 4978.04772   23   98          - 4704.15350      -  66.1  258s
  6918  5562 5094.67500   29   50          - 4704.15350      -  66.5  262s
  6959  5616 5148.36769   45   81          - 4710.07227      -  67.3  266s
  7027  5685 4815.78419   18  214          - 4710.07227      -  67.7  270s
  7096  5808 5093.91209   34   99          - 4710.07227      -  68.4  275s
  7221  5982 5302.18233   58   60          - 4711.43606      -  68.4  289s
  7476  6133 5019.99094   34   98          - 4712.09790      -  67.7  296s
  7602  6348 5353.77810   80   28          - 4712.93983      -  67.9  303s
  7896  6521 5041.03042   30  117          - 4714.56994      -  66.9  309s
  8035  6546 5658.91912   73   43          - 4714.75164      -  67.4  315s
  8086  6595 4901.16757   28  198          - 4714.79411      -  68.1  320s
  8135  6669 5020.18068   37   26          - 4714.79411      -  69.0  325s
  8209  6811 5153.38000   51    8          - 4714.79411      -  69.8  347s
  8399  7059 5261.68379   54   48          - 4719.45944      -  69.9  355s
  8745  7165 4975.67344   23  223          - 4719.50544      -  68.5  362s
  8790  7267 5117.44909   37  164          - 4719.50544      -  69.4  368s
  8892  7419 5372.30608   57   92          - 4719.50544      -  70.0  374s
  8954  7419 5586.02136   83   20          - 4719.50544      -  70.0  375s
  9056  7545 5670.02200   88   54          - 4720.58447      -  70.2  382s
  9326  7658 4933.14468   23  232          - 4720.64007      -  69.5  388s
  9365  7721 5062.57932   32  188          - 4720.64007      -  70.3  394s
  9428  7944 5107.12938   38  159          - 4721.06132      -  71.0  401s
  9727  8067 4881.10565   18  268          - 4721.18752      -  70.3  427s
  9854  8301 4977.84780   23  229          - 4721.18752      -  70.2  437s
 10237  8475 5219.34911   43   87          - 4721.18752      -  68.8  444s
 10344  8664 5241.80469   44   69          - 4722.59799      -  69.2  452s
 10571  8994 5456.71938   60   88          - 4725.72172      -  69.0  462s
 10932  9294 4955.94025   25  219          - 4725.72172      -  67.7  471s
 11313  9462 5031.39670   38   66          - 4725.72172      -  66.5  479s
 11440  9525 5239.09449   56   86          - 4725.72172      -  66.8  486s
 11519  9639 5506.30551   80   53          - 4730.86690      -  67.2  495s
 11733  9807 4783.86825   18  443          - 4730.86690      -  67.1  502s
 11855 10000 4931.38643   34   62          - 4733.29470      -  67.2  510s
 12170 10099 4829.54889   20  218          - 4734.09474      -  66.6  517s
 12219 10201 5043.66444   40   27          - 4734.09474      -  67.1  524s
 12281 10201 5311.60000   57   10          - 4734.09474      -  67.2  525s
 12325 10324 5458.51740   68   34          - 4734.33299      -  67.5  532s
 12510 10460 4855.48087   20  140          - 4734.33299      -  67.5  539s
 12620 10539 5185.38076   49   86          - 4735.15773      -  67.8  546s
 12734 10604 4909.19493   24  174          - 4736.54997      -  68.1  551s
 12791 10706 5060.50081   45  109          - 4736.62436      -  68.7  558s
 12929 10762 4864.65050   21  298          - 4738.48814      -  69.0  567s
 12975 10845 4978.84942   25  282          - 4738.48814      -  69.6  573s
 13058 10901 5160.63729   35  200          - 4738.48814      -  70.0  579s
 13089 10901 5390.88683   67   34          - 4738.48814      -  70.2  580s
 13122 11006 5272.15764   57    6          - 4738.48814      -  70.4  586s
 13249 11299 5497.28148   57   66          - 4738.48814      -  70.8  595s
 13611 11407 6129.45500  109   42          - 4739.70044      -  70.0  603s
 13819 11597 5222.82194   29   73          - 4739.99896      -  69.7  611s
 13949 11678 5834.62981   67   34          - 4741.21159      -  70.0  618s
 14050 11832 5067.37773   30  106          - 4741.21159      -  70.4  625s
 14245 12050 5578.81412   59   70          - 4742.59351      -  70.4  636s
 14575 12188 4955.32787   28  322          - 4742.65450      -  69.6  643s
 14651 12276 5080.41253   47   46          - 4744.23365      -  70.0  650s
 14775 12360 5295.84250   75   31          - 4750.94727      -  70.2  658s
 14887 12489 5370.76924   81   22          - 4752.90774      -  70.2  665s
 15033 12611 4972.88134   30  107          - 4752.90774      -  70.3  672s
 15138 12720 5245.99502   47  120          - 4753.46906      -  70.5  680s
 15301 12795 4907.54406   29  206          - 4753.62164      -  70.4  688s
 15349 12934 5088.19464   52   51          - 4753.62164      -  70.8  696s
 15488 13013 5652.02000  101    4          - 4754.58054      -  70.9  719s
 15579 13102 4989.95178   25  248          - 4754.58054      -  71.1  726s
 15662 13256 5127.16764   32  180          - 4754.58054      -  71.3  735s
 15924 13390 5397.16455   50  119          - 4754.58054      -  70.9  743s
 16004 13576 5635.04000   95   10          - 4755.81296      -  71.1  756s
 16240 13651 4873.72310   20  390          - 4755.81296      -  70.8  763s
 16290 13750 5195.30273   33  130          - 4755.81296      -  71.2  771s
 16411 13934 5342.57928   47   98          - 4755.81296      -  71.4  781s
 16654 14124 5582.20975   70   32          - 4755.81296      -  71.0  801s
 16816 14389 6338.60000  104   43          - 4755.81296      -  71.0  813s
 17126 14438 8049.47031  237    9          - 4755.81296      -  70.1  815s
 17204 14488 6605.89659  118   37          - 4757.34885      -  70.0  823s
 17369 14606 5032.77116   27  141          - 4757.34885      -  70.0  830s
 17427 14703 5306.45490   38   57          - 4757.34885      -  70.4  836s
 17524 14837 5853.78897   65   85          - 4758.23820      -  70.6  860s
 17700 14889 4918.46157   27  165          - 4758.95325      -  70.6  868s
 17736 14966 5034.22374   36   26          - 4758.95325      -  70.8  874s
 17761 14966 5200.19082   37   48          - 4758.95325      -  71.0  876s
 17831 15093 5263.80423   45   43          - 4760.46413      -  71.1  884s
 17980 15195 5357.20331   55   33          - 4760.56968      -  71.1  892s
 18165 15375 5091.47554   33  106          - 4761.72440      -  70.9  901s
 18347 15769 5528.13952   73   65          - 4763.40302      -  70.8  915s
 18867 15919 5540.86807   77   41          - 4763.64445      -  69.4  925s
 19108 16142 5097.95702   30   88          - 4763.75411      -  69.0  935s
 19291 16209 5497.34538   80   28          - 4764.09358      -  68.9  957s
 19385 16261 4899.75502   30  233          - 4767.39447      -  69.1  964s
 19420 16315 5076.12068   41  132          - 4767.39447      -  69.4  971s
 19494 16394 5208.80000   52    -          - 4767.39447      -  69.6  978s
 19637 16585 5214.22163   52    4          - 4767.39447      -  69.6 1034s
 19699 16594 5894.00000   93   28          - 4767.39447      -  69.5 1038s
 19867 16628 infeasible   83               - 4768.18820      -  69.1 1046s
 19978 16708 4991.95420   30  122          - 4769.09870      -  69.3 1070s
 20056 16833 5242.12185   52  103          - 4769.49305      -  69.5 1079s
 20173 16836 5631.31170   87   16          - 4769.92661      -  69.4 1080s
 20237 16912 4993.94179   26  106          - 4769.92661      -  69.3 1088s
 20351 17002 5226.33678   38  102          - 4769.92661      -  69.4 1095s
 20428 17157 5437.70454   48  127          - 4772.48270      -  69.6 1107s
 20609 17224 5028.04581   21  290          - 4773.03278      -  69.4 1114s
 20660 17266 5179.29872   28  217          - 4773.03278      -  69.6 1120s
 20726 17293 5339.41440   40  101          - 4773.03278      -  69.9 1127s
 20761 17405 5465.73827   52   32          - 4773.54872      -  70.2 1137s
 20905 17476 5662.79936   88   47          - 4773.96625      -  70.1 1146s
 21016 17570 5033.55725   28  158          - 4773.96625      -  70.1 1155s
 21082 17711 5274.01849   41   58          - 4773.96625      -  70.3 1167s
 21263 17944 5644.18773   67   79          - 4775.47318      -  70.1 1179s
 21449 17954 6569.32000  134    8          - 4775.47318      -  69.7 1180s
 21558 18009 4871.91143   20  252          - 4775.82687      -  69.6 1188s
 21583 18045 5147.97517   28  144          - 4775.82687      -  69.9 1195s
 21619 18112 5385.35161   39   91          - 4775.82687      -  70.1 1203s
 21688 18192 5505.26318   61   95          - 4776.66777      -  70.2 1212s
 21797 18304 infeasible   99               - 4776.99654      -  70.2 1225s
 21817 18312 5175.58877   56   22          - 4777.14537      -  70.3 1235s
 21956 18384 5044.36857   35  197          - 4777.14537      -  70.0 1245s
 22044 18437 5217.16543   39  250          - 4777.14537      -  70.2 1254s
 22078 18499 5354.78386   54   34          - 4777.65865      -  70.3 1262s
 22150 18566 4975.41705   30  141          - 4777.65865      -  70.5 1271s
 22212 18674 5122.45041   38  142          - 4777.65865      -  70.6 1280s
 22320 18837 5420.21000   50   16          - 4777.65865      -  70.7 1290s
 22523 19052 5752.40429   67   47          - 4777.65865      -  70.4 1302s
 22788 19251 5979.86000   77    4          - 4777.65865      -  70.0 1316s
 23054 19331 6067.77833   82   37          - 4777.83838      -  69.5 1325s
 23133 19390 4975.44803   33  131          - 4777.83838      -  69.7 1333s
 23167 19451 5123.89476   49   43          - 4777.83838      -  69.9 1342s
 23236 19555 5356.75000   65    4          - 4778.04064      -  70.1 1354s
 23298 19571 5903.02000   95    4          - 4778.04064      -  70.0 1355s
 23402 19664 5368.93333   68   22          - 4778.04064      -  70.0 1365s
 23501 19717 5602.32902   89   18          - 4779.14060      -  70.1 1374s
 23563 19738 6075.22091  119    6          - 4779.14060      -  70.0 1375s
 23607 19795 5074.62901   26   88          - 4779.14060      -  70.1 1383s
 23656 19880 5230.93691   46   95          - 4779.83453      -  70.4 1391s
 23751 19939 4975.30263   23  325          - 4779.83453      -  70.5 1402s
 23875 19983 5226.12378   35  161          - 4779.83453      -  70.5 1411s
 23942 20101 5365.61431   50   96          - 4779.83453      -  70.6 1430s
 24034 20194 5791.33000   79    -          - 4779.83453      -  70.7 1443s
 24204 20300 5819.54000   79   12          - 4780.87543      -  70.6 1454s
 24267 20319 5922.83000   94   10          - 4780.87543      -  70.4 1455s
 24339 20381 4971.88680   23  212          - 4780.87543      -  70.5 1478s
 24386 20475 5102.13765   34  178          - 4780.87543      -  70.7 1489s
 24528 20522 5137.05008   44   70          - 4780.87543      -  70.7 1496s
 24575 20572 5207.87364   53  173          - 4780.87543      -  70.9 1504s
 24613 20645 5323.48578   58  127          - 4780.87543      -  71.1 1519s
 24696 20782 5351.42340   66   49          - 4780.87543      -  71.3 1527s
 24856 20935 5675.38156  113   27          - 4782.09369      -  71.2 1542s
 25081 21059 4944.01427   23  262          - 4782.33465      -  70.9 1555s
 25169 21120 5122.32310   38  141          - 4782.33465      -  70.9 1566s
 25259 21187 5315.32454   53   75          - 4782.33465      -  71.0 1575s
 25350 21269 5376.70827   60   88          - 4782.33465      -  71.1 1589s
*25408 13354              93    5808.8700000 4782.33465  17.7%  71.0 1589s
 25480 13387     cutoff  106      5808.87000 4782.69126  17.7%  71.0 1598s
H25567 13378                    5806.6500000 4782.77485  17.6%  71.1 1608s
H25579 11350                    5649.2100000 4782.77485  15.3%  71.1 1608s
 25585 11376     cutoff   56      5649.21000 4782.82386  15.3%  71.1 1617s
 25633 11421 5096.85852   26  233 5649.21000 4782.89287  15.3%  71.3 1626s
 25694 11488 5525.37284   43   67 5649.21000 4783.47799  15.3%  71.4 1655s
 25786 11508 4932.71022   26  272 5649.21000 4783.89221  15.3%  71.4 1664s
 25808 11529 5196.09995   42  138 5649.21000 4783.99712  15.3%  71.6 1673s
 25837 11561 4889.54428   20  395 5649.21000 4783.99712  15.3%  71.9 1682s
 25869 11602 5173.11763   39   70 5649.21000 4784.05968  15.3%  72.1 1691s
 25924 11637 4900.98859   21  393 5649.21000 4784.05968  15.3%  72.2 1702s
 25961 11695 5035.27119   28   92 5649.21000 4784.05968  15.3%  72.4 1711s
 26041 11759 5191.28541   54   39 5649.21000 4784.87913  15.3%  72.5 1721s
 26119 11788 5102.99092   27  189 5649.21000 4784.87913  15.3%  72.5 1742s
 26164 11866 5335.14640   45   32 5649.21000 4785.00602  15.3%  72.7 1754s
 26259 11909 5028.75701   27  142 5649.21000 4785.24937  15.3%  72.8 1765s
 26322 11940 4988.14867   22  202 5649.21000 4786.21764  15.3%  72.9 1795s
 26356 11974 5414.88290   38  179 5649.21000 4786.55291  15.3%  73.1 1805s
 26403 12028 4948.97282   22  241 5649.21000 4787.18182  15.3%  73.2 1816s
 26469 12070 5214.49056   37   91 5649.21000 4787.18182  15.3%  73.4 1827s
 26514 12102 5436.19805   76   72 5649.21000 4790.46436  15.2%  73.4 1836s
 26559 12147     cutoff   84      5649.21000 4792.03555  15.2%  73.6 1846s
 26608 12211 5517.49333   83   34 5649.21000 4792.31380  15.2%  73.7 1857s
 26702 12217 5627.47000   96    - 5649.21000 4793.13598  15.2%  73.8 1905s
 26711 12240     cutoff   96      5649.21000 4794.34118  15.1%  73.9 1915s
 26738 12276 5016.95490   29  208 5649.21000 4795.73083  15.1%  74.1 1927s
 26772 12305 5378.06331   39  187 5649.21000 4795.73083  15.1%  74.2 1952s
 26803 12352 5477.48563   46  106 5649.21000 4796.37184  15.1%  74.3 1964s
 26870 12400 4940.73220   23  254 5649.21000 4796.37184  15.1%  74.4 1976s
 26918 12430 5469.48592   39  138 5649.21000 4796.75923  15.1%  74.6 1986s
 26972 12454 5052.50284   20  337 5649.21000 4796.76467  15.1%  74.8 2012s
 26996 12507 5275.48942   28  198 5649.21000 4796.76467  15.1%  74.9 2023s
 27064 12557 5591.99339   52  100 5649.21000 4797.24455  15.1%  75.0 2033s
 27132 12582 5235.06131   44  107 5649.21000 4798.77968  15.1%  75.2 2056s
 27170 12659 4963.59980   21  220 5649.21000 4799.01023  15.0%  75.2 2067s
 27266 12720 5080.51791   21  167 5649.21000 4799.01023  15.0%  75.3 2076s
 27340 12776 5308.78540   37   86 5649.21000 4799.64626  15.0%  75.5 2086s
 27416 12832 5188.30516   33   78 5649.21000 4799.79264  15.0%  75.6 2098s
 27501 12883 5231.82769   28  190 5649.21000 4800.14813  15.0%  75.7 2109s
 27576 12890     cutoff   39      5649.21000 4800.17842  15.0%  75.8 2120s
 27618 12908 4869.82599   20  310 5649.21000 4800.55037  15.0%  76.0 2131s
 27636 12935 5039.11660   25  238 5649.21000 4800.55037  15.0%  76.3 2149s
 27663 12976 5373.06864   32  159 5649.21000 4800.55037  15.0%  76.5 2160s
 27704 13012     cutoff   46      5649.21000 4800.57842  15.0%  76.8 2171s
 27755 13063 5073.12754   30  200 5649.21000 4800.57842  15.0%  77.0 2183s
 27840 13130 5458.29678   55   64 5649.21000 4800.74217  15.0%  77.1 2195s
 27927 13178 5229.93760   34   77 5649.21000 4800.76914  15.0%  77.2 2208s
 27973 13242 5279.61538   51   12 5649.21000 4800.99767  15.0%  77.3 2220s
 28069 13275 5643.87528   66   14 5649.21000 4801.81298  15.0%  77.4 2238s
 28105 13339 5079.44064   26  244 5649.21000 4801.81298  15.0%  77.6 2251s
 28188 13407 5285.63750   64    6 5649.21000 4802.74588  15.0%  77.7 2262s
 28272 13406     cutoff  109      5649.21000 4802.95128  15.0%  77.7 2329s
 28279 13519 4868.26666   21  242 5649.21000 4803.79327  15.0%  77.8 2342s
 28424 13578 5426.00000   79    - 5649.21000 4803.98080  15.0%  77.7 2355s
 28500 13659 5438.11333   79   31 5649.21000 4804.60495  15.0%  77.8 2370s
 28627 13696 5482.30000   82    8 5649.21000 4805.14930  14.9%  77.9 2382s
 28684 13759 5595.93000   94    - 5649.21000 4805.58360  14.9%  78.0 2394s
 28764 13776 5596.62000   94    - 5649.21000 4805.82569  14.9%  78.2 2420s
 28788 13801 5598.60000   94    - 5649.21000 4806.12309  14.9%  78.4 2432s
 28825 13865 5602.62000   94    - 5649.21000 4806.60472  14.9%  78.6 2445s
 28903 13904 5604.60000   94    - 5649.21000 4807.42669  14.9%  78.7 2467s
 28964 13923 5614.13000   94    - 5649.21000 4807.76374  14.9%  78.8 2479s
 28987 13955 5616.46000   94    - 5649.21000 4807.91609  14.9%  79.0 2492s
 29037 13991 5252.45394   30  225 5649.21000 4807.95499  14.9%  79.2 2520s
 29073 14038 5616.21424   42  168 5649.21000 4808.84686  14.9%  79.4 2532s
 29130 14102 5304.82827   53   34 5649.21000 4809.35958  14.9%  79.6 2544s
 29199 14105 5209.89071   31  230 5649.21000 4809.35958  14.9%  79.5 2545s
 29220 14151 infeasible   94      5649.21000 4809.37606  14.9%  79.7 2559s
 29282 14210 5110.22131   54    8 5649.21000 4810.72743  14.8%  79.8 2571s
 29351 14246 5522.82379   76   32 5649.21000 4811.05611  14.8%  79.9 2584s
 29422 14315 5606.15500   80    8 5649.21000 4811.76819  14.8%  80.0 2598s
 29502 14324     cutoff   82      5649.21000 4811.93807  14.8%  80.1 2613s
 29512 14360 5021.65570   20  401 5649.21000 4811.93807  14.8%  80.3 2626s
 29554 14383 5004.42235   25  410 5649.21000 4811.93807  14.8%  80.4 2643s
 29584 14420 5131.03379   34  311 5649.21000 4811.93807  14.8%  80.7 2655s
 29621 14477 5270.12450   52   50 5649.21000 4811.93807  14.8%  80.9 2669s
 29680 14509 5346.09924   85  105 5649.21000 4812.74527  14.8%  81.1 2687s
 29752 14582     cutoff  103      5649.21000 4814.26522  14.8%  81.2 2700s
 29824 14640 5294.63870   59   61 5649.21000 4814.36712  14.8%  81.3 2714s
 29906 14715     cutoff   82      5649.21000 4814.56010  14.8%  81.3 2727s
 30001 14767     cutoff   73      5649.21000 4814.61300  14.8%  81.4 2742s
 30069 14816     cutoff   53      5649.21000 4814.73612  14.8%  81.5 2756s
 30144 14903 5217.94718   42  170 5649.21000 4814.96878  14.8%  81.6 2772s
 30240 14953     cutoff   92      5649.21000 4815.29965  14.8%  81.7 2788s
 30310 15010 5024.29475   26  186 5649.21000 4815.32174  14.8%  81.8 2802s
 30377 15054 5400.31252   33  225 5649.21000 4815.32174  14.8%  82.0 2822s
 30422 15131 5403.22833   45   66 5649.21000 4816.43836  14.7%  82.1 2836s
 30523 15166 5004.45415   21  271 5649.21000 4816.43836  14.7%  82.2 2850s
 30567 15239 5207.18410   33  265 5649.21000 4816.69993  14.7%  82.4 2866s
 30666 15285 5628.16806   77   23 5649.21000 4817.14525  14.7%  82.4 2880s
 30725 15329 5213.22787   33  127 5649.21000 4817.79467  14.7%  82.6 2907s
 30789 15380 5110.61605   27  133 5649.21000 4817.79802  14.7%  82.7 2921s
 30866 15418 5141.71895   26  149 5649.21000 4819.17934  14.7%  82.8 2936s
 30922 15486 4951.79771   23  239 5649.21000 4819.85896  14.7%  83.0 2963s
 31002 15527     cutoff   63      5649.21000 4820.14804  14.7%  83.1 2980s
 31075 15607 5163.64692   39  251 5649.21000 4820.78830  14.7%  83.2 2993s
 31176 15673 4902.04110   25  236 5649.21000 4820.80505  14.7%  83.3 3035s
 31242 15774 4997.58750   36  184 5649.21000 4820.80505  14.7%  83.4 3051s
 31363 15862 5270.44750   58   40 5649.21000 4821.45953  14.7%  83.4 3068s
 31502 15954     cutoff   91      5649.21000 4822.87159  14.6%  83.4 3084s
 31603 16013 5637.67000   90    - 5649.21000 4823.28181  14.6%  83.4 3101s
 31664 16091     cutoff   90      5649.21000 4823.52289  14.6%  83.6 3116s
 31757 16164 5072.14774   21  163 5649.21000 4823.52289  14.6%  83.7 3128s
 31868 16199 5314.97014   51   28 5649.21000 4824.49938  14.6%  83.8 3156s
 31915 16279 5094.18395   36  177 5649.21000 4824.71505  14.6%  84.0 3171s
 32010 16297     cutoff   83      5649.21000 4825.27359  14.6%  84.0 3185s
 32037 16324 5160.45589   27  317 5649.21000 4825.27359  14.6%  84.3 3199s
 32073 16363 5538.67341   48  105 5649.21000 4825.50130  14.6%  84.5 3213s
 32122 16381 5051.31069   24  195 5649.21000 4825.50130  14.6%  84.7 3229s
 32146 16411 5324.58271   30  214 5649.21000 4825.91842  14.6%  84.8 3244s
 32186 16477 5014.88559   21  231 5649.21000 4825.91842  14.6%  85.0 3260s
 32260 16543 5364.57761   46  115 5649.21000 4827.29502  14.5%  85.2 3275s
 32342 16645 5061.11070   33   56 5649.21000 4827.56642  14.5%  85.3 3290s
 32460 16728 5037.23826   23  180 5649.21000 4827.58941  14.5%  85.4 3303s
 32584 16794 5200.85224   39   97 5649.21000 4828.09082  14.5%  85.4 3319s
 32671 16854 5087.34062   31  278 5649.21000 4828.32488  14.5%  85.5 3333s
 32763 16914 5621.49250   58   57 5649.21000 4828.77614  14.5%  85.7 3354s
 32833 16990 5128.02010   36  103 5649.21000 4829.45335  14.5%  85.9 3372s
 32932 17093 5109.36904   35  135 5649.21000 4829.62641  14.5%  86.0 3389s
 33051 17203 5514.81776   52   63 5649.21000 4829.95448  14.5%  86.0 3404s
