




arguments: ./build/bc_mirp -f ./input/orig_exec_59.cfg
Current dir: /scratch/gui/bc_mirp
File verbosity level: 9
date       time         ( uptime  ) [ thread name/id ]                   file:line     v| 
2021-02-07 01:58:26.652 (   0.063s) [main thread     ]             loguru.cpp:789   INFO| Logging to './output/vi_vc+lex_half/OU/V2/Original/execution_07_02_2021_01_58_26.log', mode: 'a', verbosity: 9
--------------------------------------------------------------------------------
Parameters
                           instance_path           ./input/Instances/Original/2/
                            model_policy                                       1
                             nb_vehicles                                       2
                              output_dir ./output/vi_vc+lex_half/OU/V2/Original/
                            sec_strategy                                       1
                       solver_nb_threads                                       2
                         solver_show_log                                    true
                       solver_time_limit                                    3600
                              use_vi_cos                                   false
                              use_vi_cus                                   false
                         use_vi_hc1_full                                   false
                         use_vi_hc1_half                                   false
                      use_vi_hc1_quarter                                   false
                              use_vi_hc2                                   false
                              use_vi_hc3                                   false
                         use_vi_lex_full                                   false
                         use_vi_lex_half                                    true
                      use_vi_lex_quarter                                   false
                              use_vi_qua                                   false
                               use_vi_vc                                    true
                               use_vi_vr                                   false
--------------------------------------------------------------------------------
executing instance: ./input/Instances/Original/2/absH3high_3n40.dat
--------------------------------------------------------------------------------
Instance details
n	41
H	3
C	3283
Li:
[0, 0, 0, 0, 0, 0, 0, 0, 0, 0, 0, 0, 0, 0, 0, 0, 0, 0, 0, 0, 0, 0, 0, 0, 0, 0, 0, 0, 0, 0, 0, 0, 0, 0, 0, 0, 0, 0, 0, 0, 0, ]
Ui:
[0, 63, 111, 99, 96, 111, 282, 122, 156, 261, 42, 192, 126, 42, 162, 207, 159, 122, 102, 190, 118, 102, 132, 102, 165, 252, 66, 52, 22, 114, 210, 176, 116, 294, 78, 152, 210, 45, 130, 198, 174, ]
Distance matrix:
|0	208	225	252	227	143	258	127	267	150	28	83	163	286	57	149	201	137	214	255	70	73	107	186	328	266	249	343	222	177	293	144	262	215	167	120	169	218	143	173	255	|
|208	0	397	355	416	198	216	99	211	275	193	172	97	166	240	225	362	109	277	314	182	216	273	374	298	208	319	161	14	103	93	120	58	196	152	156	372	227	260	218	453	|
|225	397	0	427	53	364	482	343	492	129	253	225	382	386	171	188	39	291	187	195	295	182	282	55	326	491	180	551	408	315	457	366	455	275	392	244	221	439	341	214	101	|
|252	355	427	0	401	158	201	263	219	396	234	328	259	498	299	400	420	354	465	506	205	324	152	374	574	219	499	393	366	389	446	235	378	456	205	359	224	150	111	423	400	|
|227	416	53	401	0	357	477	352	489	165	253	245	389	424	179	223	85	315	234	245	293	200	264	42	375	488	231	565	428	344	484	370	474	314	392	270	184	430	325	252	50	|
|143	198	364	158	357	0	121	105	134	290	116	196	103	342	200	276	343	205	343	385	74	210	112	319	432	133	382	265	209	237	290	78	226	313	57	220	232	75	69	292	375	|
|258	216	482	201	477	121	0	168	18	397	230	293	135	381	314	372	459	275	437	480	188	317	228	439	501	18	479	197	222	296	290	132	212	386	95	306	347	58	173	381	496	|
|127	99	343	263	352	105	168	0	171	239	105	130	40	237	173	206	313	109	270	312	84	164	175	310	337	169	313	216	112	135	192	37	142	220	77	138	280	155	162	213	382	|
|267	211	492	219	489	134	18	171	0	404	240	298	136	376	323	376	468	276	441	483	198	324	243	450	500	2	483	181	215	294	281	136	202	386	102	309	363	75	189	384	509	|
|150	275	129	396	165	290	397	239	404	0	175	110	279	259	97	59	91	166	84	116	217	80	245	130	226	402	106	434	286	187	329	269	333	149	302	119	244	364	291	87	213	|
|28	193	253	234	253	116	230	105	240	175	0	94	139	286	84	167	229	136	234	275	43	96	98	212	341	238	271	320	206	175	281	118	244	225	140	128	180	191	124	189	280	|
|83	172	225	328	245	196	293	130	298	110	94	0	169	209	77	80	191	71	147	189	127	45	189	203	247	296	187	327	184	106	241	162	230	132	198	38	242	266	217	96	285	|
|163	97	382	259	389	103	135	40	136	279	139	169	0	253	212	244	353	141	307	349	110	203	194	347	366	133	350	183	107	161	187	27	124	251	56	175	306	133	169	249	418	|
|286	166	386	498	424	342	381	237	376	259	286	209	253	0	284	201	347	151	210	230	299	247	383	387	155	374	242	290	162	112	129	270	192	113	308	172	451	386	391	172	471	|
|57	240	171	299	179	200	314	173	323	97	84	77	212	284	0	112	145	147	170	208	127	38	148	137	299	321	201	386	253	183	315	195	297	195	222	112	171	275	195	142	214	|
|149	225	188	400	223	276	372	206	376	59	167	80	244	201	112	0	149	117	67	110	205	78	254	186	187	374	108	387	235	132	272	240	283	93	277	71	279	346	291	32	270	|
|201	362	39	420	85	343	459	313	468	91	229	191	353	347	145	149	0	254	149	160	272	150	271	66	290	466	146	518	373	278	419	339	420	235	367	207	227	418	327	175	135	|
|137	109	291	354	315	205	275	109	276	166	136	71	141	151	147	117	254	0	172	212	151	116	232	273	229	274	215	270	119	39	170	145	167	111	186	47	305	263	245	113	356	|
|214	277	187	465	234	343	437	270	441	84	234	147	307	210	170	67	149	172	0	42	272	141	317	205	144	439	43	437	284	175	307	305	331	99	343	132	327	413	357	60	283	|
|255	314	195	506	245	385	480	312	483	116	275	189	349	230	208	110	160	212	42	0	314	182	356	222	132	481	15	474	321	212	337	347	367	126	385	174	358	455	398	100	295	|
|70	182	295	205	293	74	188	84	198	217	43	127	110	299	127	205	272	151	272	314	0	137	91	253	370	196	310	292	195	188	274	85	226	252	99	155	197	148	94	223	316	|
|73	216	182	324	200	210	317	164	324	80	96	45	203	247	38	78	150	116	141	182	137	0	176	158	263	323	176	369	229	150	286	191	274	157	223	77	208	284	216	106	239	|
|107	273	282	152	264	112	228	175	243	245	98	189	194	383	148	254	271	232	317	356	91	176	0	231	435	242	349	371	286	271	365	167	315	321	164	224	120	174	61	280	274	|
|186	374	55	374	42	319	439	310	450	130	212	203	347	387	137	186	66	273	205	222	253	158	231	0	348	448	208	523	386	303	442	329	431	279	352	229	167	392	291	217	85	|
|328	298	326	574	375	432	501	337	500	226	341	247	366	155	299	187	290	229	144	132	370	263	435	348	0	498	147	441	299	206	283	374	338	119	414	215	465	492	463	157	425	|
|266	208	491	219	488	133	18	169	2	402	238	296	133	374	321	374	466	274	439	481	196	323	242	448	498	0	481	180	213	292	278	134	200	384	100	307	362	75	188	381	508	|
|249	319	180	499	231	382	479	313	483	106	271	187	350	242	201	108	146	215	43	15	310	176	349	208	147	481	0	480	326	217	346	347	373	135	385	175	347	454	392	103	280	|
|343	161	551	393	565	265	197	216	181	434	320	327	183	290	386	387	518	270	437	474	292	369	371	523	441	180	480	0	153	263	163	207	107	352	208	317	487	244	334	379	598	|
|222	14	408	366	428	209	222	112	215	286	206	184	107	162	253	235	373	119	284	321	195	229	286	386	299	213	326	153	0	109	81	132	48	201	162	167	386	236	272	226	466	|
|177	103	315	389	344	237	296	135	294	187	175	106	161	112	183	132	278	39	175	212	188	150	271	303	206	292	217	263	109	0	142	171	156	95	211	74	344	289	281	118	386	|
|293	93	457	446	484	290	290	192	281	329	281	241	187	129	315	272	419	170	307	337	274	286	365	442	283	278	346	163	81	142	0	212	79	211	241	214	461	311	353	254	525	|
|144	120	366	235	370	78	132	37	136	269	118	162	27	270	195	240	339	145	305	347	85	191	167	329	374	134	347	207	132	171	212	0	151	257	40	174	280	119	142	248	398	|
|262	58	455	378	474	226	212	142	202	333	244	230	124	192	297	283	420	167	331	367	226	274	315	431	338	200	373	107	48	156	79	151	0	245	173	214	421	237	293	273	510	|
|215	196	275	456	314	313	386	220	386	149	225	132	251	113	195	93	235	111	99	126	252	157	321	279	119	384	135	352	201	95	211	257	245	0	297	97	365	374	345	62	362	|
|167	152	392	205	392	57	95	77	102	302	140	198	56	308	222	277	367	186	343	385	99	223	164	352	414	100	385	208	162	211	241	40	173	297	0	213	283	79	126	287	415	|
|120	156	244	359	270	220	306	138	309	119	128	38	175	172	112	71	207	47	132	174	155	77	224	229	215	307	175	317	167	74	214	174	214	97	213	0	280	286	248	75	313	|
|169	372	221	224	184	232	347	280	363	244	180	242	306	451	171	279	227	305	327	358	197	208	120	167	465	362	347	487	386	344	461	280	421	365	283	280	0	291	175	310	176	|
|218	227	439	150	430	75	58	155	75	364	191	266	133	386	275	346	418	263	413	455	148	284	174	392	492	75	454	244	236	289	311	119	237	374	79	286	291	0	116	359	445	|
|143	260	341	111	325	69	173	162	189	291	124	217	169	391	195	291	327	245	357	398	94	216	61	291	463	188	392	334	272	281	353	142	293	345	126	248	175	116	0	313	335	|
|173	218	214	423	252	292	381	213	384	87	189	96	249	172	142	32	175	113	60	100	223	106	280	217	157	381	103	379	226	118	254	248	273	62	287	75	310	359	313	0	300	|
|255	453	101	400	50	375	496	382	509	213	280	285	418	471	214	270	135	356	283	295	316	239	274	85	425	508	280	598	466	386	525	398	510	362	415	313	176	445	335	300	0	|

--------------------------------------------------------------------------------
Building model...
	using lazy and cut (CVRPSEP package)
Solving IRP LP...
--------------------------------------------------------------------------------

Gurobi 9.1.0 (linux64) logging started Sun Feb  7 01:58:26 2021

Gurobi Optimizer version 9.1.0 build v9.1.0rc0 (linux64)
Thread count: 32 physical cores, 32 logical processors, using up to 2 threads
Optimize a model with 1025 rows, 5570 columns and 13148 nonzeros
Model fingerprint: 0x81ee74a9
Variable types: 404 continuous, 5166 integer (246 binary)
Coefficient statistics:
  Matrix range     [1e+00, 1e+06]
  Objective range  [1e-01, 6e+02]
  Bounds range     [1e+00, 3e+02]
  RHS range        [1e+00, 6e+03]
Presolve removed 331 rows and 287 columns
Presolve time: 0.13s
Presolved: 694 rows, 5283 columns, 11915 nonzeros
Variable types: 240 continuous, 5043 integer (4806 binary)

Root relaxation: objective 1.221516e+04, 631 iterations, 0.02 seconds

    Nodes    |    Current Node    |     Objective Bounds      |     Work
 Expl Unexpl |  Obj  Depth IntInf | Incumbent    BestBd   Gap | It/Node Time

     0     0 12215.1645    0  102          - 12215.1645      -     -    0s
     0     0 12681.2182    0   90          - 12681.2182      -     -    0s
     0     0 13382.6956    0   96          - 13382.6956      -     -    0s
     0     0 13499.1610    0  188          - 13499.1610      -     -    0s
     0     0 13506.1563    0  194          - 13506.1563      -     -    0s
     0     0 13506.1563    0  195          - 13506.1563      -     -    0s
     0     0 13586.2906    0  167          - 13586.2906      -     -    0s
     0     0 13593.2336    0  175          - 13593.2336      -     -    0s
     0     0 13597.5299    0  127          - 13597.5299      -     -    0s
     0     0 13622.6585    0  222          - 13622.6585      -     -    0s
     0     0 13627.0529    0  256          - 13627.0529      -     -    0s
     0     0 13628.0178    0  257          - 13628.0178      -     -    0s
     0     0 13691.8992    0  295          - 13691.8992      -     -    0s
     0     0 13697.2465    0  318          - 13697.2465      -     -    0s
     0     0 13698.2294    0  298          - 13698.2294      -     -    0s
     0     0 13724.6169    0  290          - 13724.6169      -     -    1s
     0     0 13730.0501    0  286          - 13730.0501      -     -    1s
     0     0 13731.6465    0  260          - 13731.6465      -     -    1s
     0     0 13734.7139    0  285          - 13734.7139      -     -    1s
     0     0 13734.7139    0  285          - 13734.7139      -     -    1s
     0     2 13734.7139    0  285          - 13734.7139      -     -    1s
   238   272 14415.3891   33  121          - 13757.8443      -  90.9    5s
*  383   374             185    15774.110000 13757.8443  12.8%  67.9    5s
   621   612 13970.6608   11  165 15774.1100 13760.2854  12.8%  62.3   10s
H  756   686                    15573.330000 13760.2854  11.6%  56.6   12s
   768   694 13979.5780   12  284 15573.3300 13843.5398  11.1%  55.7   15s
H  791   675                    15510.740000 13863.0865  10.6%  59.1   19s
   793   676 14029.3574   11  250 15510.7400 13863.0865  10.6%  59.0   20s
H  802   648                    15445.900000 13864.5612  10.2%  58.3   22s
H  811   621                    15444.900000 13880.4033  10.1%  57.7   24s
   813   622 14136.5561   23  381 15444.9000 13880.4058  10.1%  57.5   25s
H  842   612                    15424.500000 13895.3153  9.91%  66.6   29s
   845   617 13968.5201   30  276 15424.5000 13895.3153  9.91%  67.3   30s
H  898   625                    15305.720000 13895.3153  9.21%  72.9   32s
   980   686 14119.1032   55  133 15305.7200 13895.3153  9.21%  78.7   35s
H 1014   673                    15304.720000 13895.3153  9.21%  80.0   36s
H 1110   721                    15196.809995 13895.3153  8.56%  84.2   39s
  1128   735 14210.5766   77  116 15196.8100 13895.3153  8.56%  84.7   40s
  1306   820 14476.3031  108   90 15196.8100 13895.3153  8.56%  86.7   45s
  1467   892 14150.2653   31  218 15196.8100 13920.8497  8.40%  90.9   50s
H 1470   855                    15146.810000 13920.8497  8.09%  91.3   50s
  1571   940 14332.8316   47   47 15146.8100 13920.8497  8.09%  98.4   55s
  1855  1060 14541.5682   82   76 15146.8100 13920.8497  8.09%  90.6   61s
  1957  1135 14676.4510  117    5 15146.8100 13920.8497  8.09%  90.2   65s
  2093  1196 13995.1229   35  317 15146.8100 13924.0059  8.07%  89.2   70s
  2191  1316 14867.2864   84  108 15146.8100 13924.0059  8.07%  91.6   75s
  2317  1417 14043.0810   31  317 15146.8100 13930.0548  8.03%  90.5   80s
  2532  1611 14664.3115  105   46 15146.8100 13930.0548  8.03%  89.5   86s
  2682  1682 14009.0000   30  309 15146.8100 13945.6328  7.93%  88.1   90s
  2850  1815 14988.3800   83    4 15146.8100 13945.6328  7.93%  88.0   95s
* 2863  1718              92    15062.960000 13945.6328  7.42%  87.8   95s
  3089  1853     cutoff  231      15062.9600 13953.5785  7.36%  87.0  101s
  3156  1955 14508.8091   77   54 15062.9600 13968.3755  7.27%  90.0  105s
  3265  2100 14202.1567   55  219 15062.9600 13968.6532  7.26%  92.3  110s
  3500  2243 14051.7081   32  313 15062.9600 13971.5419  7.25%  92.1  116s
  3604  2304 14338.5025   39  175 15062.9600 13971.5419  7.25%  95.2  121s
  3682  2356 14480.7827   52  162 15062.9600 13971.5419  7.25%  98.1  127s
  3707  2443 14547.0282   59   65 15062.9600 13971.5419  7.25%  99.2  130s
  3910  2591 14539.2048   45  159 15062.9600 13975.1752  7.22%   100  137s
  3999  2685 infeasible   85      15062.9600 13976.0973  7.22%  99.0  141s
  4114  2746 14564.3233   62    8 15062.9600 13978.3697  7.20%  98.4  145s
  4290  2850 14979.3333   77    6 15062.9600 13986.6961  7.15%  99.3  152s
  4335  2926 15038.6850   80   56 15062.9600 13986.9878  7.14%   101  155s
  4556  3175 14613.7650   51   70 15062.9600 13987.1790  7.14%   102  164s
  4716  3234 14986.6974   81   36 15062.9600 13990.3937  7.12%   101  168s
  4795  3304 14762.9391   57   65 15062.9600 13990.7878  7.12%   102  172s
  4895  3365 14368.3613   47   88 15062.9600 13993.7996  7.10%   103  178s
  4955  3447 14776.7334   58   98 15062.9600 13994.7803  7.09%   104  183s
H 5088  3037                    14890.920000 13998.0435  6.00%   104  184s
  5091  3110     cutoff   75      14890.9200 14002.7035  5.96%   104  188s
  5208  3250 14198.9936   52   62 14890.9200 14002.7035  5.96%   104  194s
  5362  3443 14532.9664  136   20 14890.9200 14005.0915  5.95%   104  199s
  5431  3443 14635.9508  195   27 14890.9200 14005.0915  5.95%   103  200s
  5604  3620 14645.5489   51  104 14890.9200 14005.5527  5.95%   102  205s
  5804  3708 14714.7900  109    9 14890.9200 14009.5494  5.92%   102  211s
  5905  3843 14318.7641   41  237 14890.9200 14010.8190  5.91%   102  216s
  6090  3954 14127.8743   34  271 14890.9200 14011.5182  5.91%   102  222s
H 6221  3688                    14799.440000 14011.5182  5.32%   103  228s
  6340  3760     cutoff   55      14799.4400 14018.0110  5.28%   104  234s
H 6467  3781                    14780.440000 14019.0349  5.15%   104  239s
  6585  3971 14332.6276   71   85 14780.4400 14023.1765  5.12%   105  245s
  6798  4040 14652.7886  142    6 14780.4400 14027.3117  5.10%   105  251s
  6900  4113 14332.7028   38  230 14780.4400 14028.9726  5.08%   106  256s
  6983  4172 14757.3381   54   98 14780.4400 14031.5523  5.07%   107  261s
  7058  4295 14667.8643   53  122 14780.4400 14032.1014  5.06%   108  267s
  7238  4347     cutoff   67      14780.4400 14036.9415  5.03%   109  273s
  7290  4537 14363.0749   47  149 14780.4400 14037.6062  5.03%   110  282s
  7618  4658 14139.9304   27  258 14780.4400 14038.8572  5.02%   108  289s
  7653  4658 14573.6900   43   62 14780.4400 14038.8572  5.02%   109  290s
  7752  4788 14737.9984   51   44 14780.4400 14039.4289  5.01%   109  296s
  7915  4952 14401.3295   41   76 14780.4400 14041.7491  5.00%   109  304s
  8104  5041 14684.7771   99   75 14780.4400 14044.2501  4.98%   109  311s
  8223  5275 14440.4453   49   27 14780.4400 14044.4112  4.98%   110  318s
  8487  5477 14306.6551   38  243 14780.4400 14047.6713  4.96%   109  326s
  8717  5546 14777.6665   57   72 14780.4400 14048.7665  4.95%   108  333s
  8815  5692 14449.4576   46    7 14780.4400 14049.7331  4.94%   110  342s
  8979  5859 14433.3183  101    8 14780.4400 14050.9618  4.94%   110  351s
* 9158  4823              87    14670.150000 14051.9170  4.21%   109  352s
* 9160  4673              88    14657.210000 14051.9170  4.13%   109  352s
* 9178  4568              97    14644.340000 14051.9170  4.05%   109  352s
* 9180  4130              98    14603.100000 14051.9170  3.77%   109  352s
  9358  4062     cutoff  148      14603.1000 14052.1193  3.77%   108  360s
  9451  4089 14231.4679   40  196 14603.1000 14057.1724  3.74%   110  367s
  9490  4210 14272.8896   42  142 14603.1000 14057.6915  3.73%   110  374s
  9637  4350 14316.8739   33  105 14603.1000 14060.3296  3.72%   110  381s
  9822  4442 14394.6918   41  193 14603.1000 14060.8352  3.71%   111  389s
  9955  4586 14451.0846   57   95 14603.1000 14061.7679  3.71%   111  397s
 10163  4630 14300.5721   38  239 14603.1000 14062.6697  3.70%   111  404s
 10236  4672 14235.9074   37  188 14603.1000 14064.0833  3.69%   112  411s
 10319  4746 14227.4680   37  263 14603.1000 14065.1921  3.68%   114  417s
 10441  4906 14445.8808   52  142 14603.1000 14067.8926  3.67%   115  425s
H10527  4748                    14588.100000 14069.1464  3.56%   115  425s
 10635  4801 14171.7774   30  218 14588.1000 14071.0334  3.54%   115  432s
 10716  4876 14560.2704   70   67 14588.1000 14071.7383  3.54%   116  439s
 10822  4878 14571.1325   59   52 14588.1000 14074.2539  3.52%   117  440s
 10835  4966     cutoff   61      14588.1000 14074.3773  3.52%   117  446s
 10945  5063 14360.1182   39  194 14588.1000 14076.0175  3.51%   118  453s
 11079  5235 infeasible   33      14588.1000 14079.7878  3.48%   119  461s
 11316  5307 infeasible  126      14588.1000 14080.6510  3.48%   118  469s
 11430  5368 14260.1892   36  298 14588.1000 14082.8900  3.46%   120  476s
 11518  5446 14210.7422   34  140 14588.1000 14084.0177  3.46%   121  484s
 11609  5563 14582.5827   45  130 14588.1000 14084.0651  3.46%   122  491s
 11779  5640 14436.3246   52  144 14588.1000 14085.4434  3.45%   122  499s
 11898  5720 14428.7662   61   42 14588.1000 14087.2742  3.43%   122  506s
 12022  5791 14433.0640   47   90 14588.1000 14088.2321  3.43%   123  513s
 12148  5854 14190.7593   32  286 14588.1000 14090.9325  3.41%   123  521s
 12241  5956 14496.5075   47  197 14588.1000 14091.0140  3.41%   124  529s
 12299  5956 14558.9990   38  164 14588.1000 14091.0140  3.41%   124  530s
 12480  6069 14266.9052   35  291 14588.1000 14092.1261  3.40%   124  537s
 12637  6217 14343.8417   45   29 14588.1000 14093.8866  3.39%   124  546s
 12824  6302 14194.8796   36  235 14588.1000 14096.9752  3.37%   124  554s
 12932  6302 14548.2985   68   31 14588.1000 14097.2567  3.36%   125  555s
 12952  6451 14376.3136   52  126 14588.1000 14097.3209  3.36%   125  563s
 13157  6547 14195.8407   39  343 14588.1000 14098.2772  3.36%   125  571s
 13347  6632 14282.6959   30  194 14588.1000 14101.9659  3.33%   125  579s
 13483  6847 14364.9484   48   43 14588.1000 14103.3562  3.32%   126  588s
 13744  6899 14531.9166   58  151 14588.1000 14103.6321  3.32%   125  596s
 13832  7013 14283.1370   53  203 14588.1000 14105.5924  3.31%   126  603s
 13974  7105     cutoff   59      14588.1000 14105.9166  3.31%   126  611s
 14125  7201 14220.4457   38  206 14588.1000 14107.0385  3.30%   127  618s
 14276  7285 14404.0659   54  243 14588.1000 14108.1151  3.29%   127  626s
 14381  7377 14371.6457   43  268 14588.1000 14108.6203  3.29%   128  634s
 14494  7377 14356.7824   62   25 14588.1000 14110.1029  3.28%   128  635s
 14534  7491 14579.3962   36   83 14588.1000 14111.2894  3.27%   128  642s
 14700  7593 14199.4566   37  203 14588.1000 14112.3022  3.26%   128  651s
 14810  7716     cutoff   63      14588.1000 14113.0134  3.26%   129  659s
 15040  7790 14307.6855   36  232 14588.1000 14113.5190  3.25%   129  667s
 15173  7890 14487.0635   56  212 14588.1000 14114.7955  3.24%   130  674s
 15255  7890 14555.3229   67   56 14588.1000 14114.7955  3.24%   130  675s
 15328  8020     cutoff   68      14588.1000 14115.7209  3.24%   130  683s
 15503  8106 14141.6155   39  350 14588.1000 14116.5450  3.23%   130  691s
 15631  8177 14443.2090   57   73 14588.1000 14116.8315  3.23%   131  699s
 15685  8178 14210.0250   43  125 14588.1000 14116.8315  3.23%   131  700s
 15742  8325 14380.5526   50  105 14588.1000 14117.0529  3.23%   131  708s
 15957  8443 14295.3732   48  112 14588.1000 14117.4329  3.23%   131  716s
 16132  8553 14454.1451   61  146 14588.1000 14118.3043  3.22%   132  725s
 16337  8659 14400.9714   57  197 14588.1000 14119.9274  3.21%   132  733s
 16501  8776 14230.4678   40  129 14588.1000 14120.7577  3.20%   132  741s
 16673  8828     cutoff   71      14588.1000 14121.6243  3.20%   133  749s
 16721  8828     cutoff   60      14588.1000 14122.0249  3.19%   133  750s
 16744  8928 14430.9248   51  169 14588.1000 14122.3969  3.19%   134  757s
H16749  8482                    14562.220000 14122.3969  3.02%   134  757s
 16882  8536 14530.4723   54   99 14562.2200 14123.0465  3.02%   134  766s
 17004  8671 14263.5452   42  290 14562.2200 14123.9128  3.01%   135  775s
 17226  8781 14518.9500   64   29 14562.2200 14124.4515  3.01%   135  783s
H17284  5820                    14449.900000 14124.4515  2.25%   135  784s
 17383  5850     cutoff   65      14449.9000 14125.8591  2.24%   135  792s
 17511  5900 14437.9222   43  155 14449.9000 14126.9616  2.23%   136  799s
 17624  5923 14299.4624   46  238 14449.9000 14128.1698  2.23%   136  807s
 17700  5991 14269.6119   37  315 14449.9000 14128.7020  2.22%   137  816s
 17804  6046 14172.5953   34  208 14449.9000 14130.1339  2.21%   138  823s
 17902  6096 14398.5234   57   83 14449.9000 14130.5036  2.21%   139  831s
 18027  6184 14289.9860   44   87 14449.9000 14131.4577  2.20%   139  839s
*18041  4622              57    14393.320000 14131.4577  1.82%   139  839s
 18117  4622     cutoff   53      14393.3200 14131.4577  1.82%   139  840s
 18222  4644     cutoff   60      14393.3200 14132.2167  1.81%   139  847s
 18372  4698 14316.4385   47  217 14393.3200 14133.5440  1.80%   140  855s
 18460  4721 14284.4708   45  122 14393.3200 14134.1836  1.80%   141  863s
 18595  4758 14304.0008   56   80 14393.3200 14134.8314  1.80%   141  871s
 18714  4801 14234.7221   35  310 14393.3200 14136.5661  1.78%   142  878s
 18809  4873 14325.1209   61   70 14393.3200 14137.2391  1.78%   143  886s
 18944  4992 14216.3569   43  170 14393.3200 14138.4900  1.77%   143  895s
 19161  5031     cutoff  102      14393.3200 14140.0138  1.76%   143  904s
 19259  5098     cutoff   39      14393.3200 14140.8232  1.75%   144  912s
 19387  5181 14370.1135   38  241 14393.3200 14141.9083  1.75%   144  921s
 19537  5230 14363.5034   37  120 14393.3200 14143.7461  1.73%   145  929s
 19663  5272 14290.6795   45   92 14393.3200 14144.8584  1.73%   145  938s
 19799  5350 14339.0164   50   36 14393.3200 14145.4676  1.72%   146  947s
 19937  5402 14347.5703   42  233 14393.3200 14146.5462  1.71%   146  956s
 20077  5470     cutoff   43      14393.3200 14147.6019  1.71%   147  964s
 20155  5470 14314.7296   56   84 14393.3200 14149.4369  1.69%   147  965s
 20239  5516 14216.4284   41  118 14393.3200 14149.8380  1.69%   147  974s
 20351  5590 14369.1029   43  140 14393.3200 14150.0862  1.69%   148  983s
 20506  5655 14201.1923   35  163 14393.3200 14150.8564  1.68%   148  992s
 20689  5721 14197.7169   29  235 14393.3200 14151.5059  1.68%   148 1001s
 20817  5780 14258.9686   39  184 14393.3200 14152.4546  1.67%   149 1010s
 20968  5830 14348.7805   39  278 14393.3200 14152.9691  1.67%   149 1020s
 21087  5908     cutoff   39      14393.3200 14153.4527  1.67%   150 1028s
 21225  5981 14299.7843   40   24 14393.3200 14154.2422  1.66%   151 1038s
 21405  6037 14332.9623   60   74 14393.3200 14155.3366  1.65%   151 1046s
 21551  6075 14236.0374   46  159 14393.3200 14156.7829  1.64%   151 1055s
 21668  6186 14252.5154   33  177 14393.3200 14157.4022  1.64%   152 1064s
 21857  6237     cutoff   40      14393.3200 14158.3327  1.63%   152 1073s
 22013  6271     cutoff   41      14393.3200 14159.3890  1.63%   152 1082s
 22125  6310 14377.1755   47  178 14393.3200 14160.1134  1.62%   153 1090s
 22235  6361 14285.9288   51   37 14393.3200 14160.8127  1.62%   154 1099s
 22362  6403 14222.2563   30  311 14393.3200 14161.1913  1.61%   154 1108s
 22503  6477 14362.2202   31  162 14393.3200 14161.8949  1.61%   155 1117s
 22679  6553 14368.3432   51   95 14393.3200 14162.9430  1.60%   155 1126s
 22853  6615     cutoff   48      14393.3200 14164.3067  1.59%   155 1136s
 23004  6673     cutoff   47      14393.3200 14165.2959  1.58%   156 1145s
 23170  6729 14336.9906   54  130 14393.3200 14166.1621  1.58%   156 1154s
 23320  6811     cutoff   53      14393.3200 14166.2772  1.58%   156 1164s
 23468  6811 14297.2088   47   86 14393.3200 14166.8546  1.57%   157 1165s
 23524  6857 14311.6108   39   98 14393.3200 14166.9126  1.57%   156 1175s
 23680  6942     cutoff   63      14393.3200 14167.5054  1.57%   157 1184s
 23851  6942 14225.8858   43  134 14393.3200 14167.9576  1.57%   157 1185s
H23871  6303                    14372.600000 14167.9576  1.42%   157 1194s
 23955  6313 14363.3086   30  117 14372.6000 14168.3875  1.42%   157 1202s
 24045  6345 14360.0273   36  251 14372.6000 14169.1815  1.42%   158 1212s
 24199  6399 14371.5037   51  187 14372.6000 14169.5729  1.41%   158 1221s
 24358  6436 14337.6020   46  151 14372.6000 14170.3108  1.41%   159 1230s
 24498  6461 14280.8467   30  211 14372.6000 14170.9930  1.40%   159 1239s
 24626  6494 14235.4949   39  159 14372.6000 14171.8888  1.40%   160 1248s
 24759  6619 14359.4666   41  141 14372.6000 14172.1642  1.39%   160 1259s
 24828  6619 14355.4765   71   68 14372.6000 14172.1642  1.39%   161 1260s
 24985  6671 14234.3762   42  273 14372.6000 14172.7253  1.39%   160 1269s
 25118  6707 14251.8347   51  129 14372.6000 14173.0728  1.39%   161 1279s
 25253  6741 14331.6170   54  151 14372.6000 14174.1961  1.38%   161 1289s
 25416  6790     cutoff   39      14372.6000 14174.6702  1.38%   162 1298s
 25560  6875 14241.1673   44  124 14372.6000 14175.5494  1.37%   162 1310s
 25739  6938 14251.0887   36  233 14372.6000 14175.9574  1.37%   162 1319s
 25797  6938 14294.6545   54  110 14372.6000 14176.4311  1.36%   163 1320s
 25917  6989 14303.9223   46  135 14372.6000 14176.4684  1.36%   163 1329s
 25993  6989 14315.9657   45  217 14372.6000 14176.4684  1.36%   163 1330s
 26100  7013 14229.1543   29  286 14372.6000 14177.4856  1.36%   163 1340s
 26232  7042 14280.1142   46  145 14372.6000 14177.8531  1.35%   163 1349s
 26352  7093     cutoff   59      14372.6000 14178.6613  1.35%   164 1359s
 26529  7127 14319.3353   35  126 14372.6000 14179.2460  1.35%   164 1370s
 26658  7172 14329.6099   50  188 14372.6000 14179.8138  1.34%   165 1380s
 26841  7230     cutoff   40      14372.6000 14180.4522  1.34%   165 1390s
 27005  7272 14343.7136   56  149 14372.6000 14181.3828  1.33%   165 1400s
 27172  7320     cutoff   53      14372.6000 14182.1556  1.33%   165 1410s
 27305  7370 14307.9999   36  300 14372.6000 14183.1001  1.32%   166 1422s
 27449  7431 14300.3239   38  299 14372.6000 14183.7884  1.31%   166 1434s
 27524  7431 14358.6213   54   51 14372.6000 14183.7884  1.31%   166 1435s
 27617  7520     cutoff   36      14372.6000 14184.1384  1.31%   167 1446s
 27848  7566 14229.3358   38  237 14372.6000 14184.9988  1.31%   167 1459s
 28020  7620 14235.3322   38  266 14372.6000 14186.0607  1.30%   167 1469s
 28214  7689 14324.5263   52  108 14372.6000 14186.4765  1.29%   167 1481s
 28399  7749 14278.2206   48  169 14372.6000 14187.5913  1.29%   167 1494s
*28443  7667              69    14369.890000 14187.5913  1.27%   167 1494s
 28585  7705 14265.2637   38  102 14369.8900 14188.3502  1.26%   167 1505s
 28714  7763 14329.2345   43  135 14369.8900 14188.9325  1.26%   168 1518s
 28936  7764     cutoff   40      14369.8900 14189.2842  1.26%   168 1528s
 29051  7801 14232.4680   35  261 14369.8900 14189.5803  1.25%   168 1540s
H29124  7239                    14354.890000 14189.5803  1.15%   169 1540s
 29179  7261 14283.8808   43  162 14354.8900 14190.2101  1.15%   169 1552s
 29348  7319 14277.2958   40  194 14354.8900 14191.0268  1.14%   169 1564s
 29471  7319 14317.3628   44  231 14354.8900 14191.2717  1.14%   169 1565s
 29564  7395 14341.8137   32  150 14354.8900 14191.3498  1.14%   169 1576s
 29773  7445 14332.8961   48  144 14354.8900 14192.0791  1.13%   169 1587s
 29967  7468     cutoff   48      14354.8900 14192.7901  1.13%   170 1598s
 30148  7496 14334.8531   38  204 14354.8900 14193.7736  1.12%   170 1609s
 30233  7496     cutoff   48      14354.8900 14194.2553  1.12%   170 1610s
 30317  7506 14283.2794   45  187 14354.8900 14194.3711  1.12%   170 1621s
 30450  7575 14222.0594   35  174 14354.8900 14194.9622  1.11%   171 1632s
 30653  7619     cutoff   44      14354.8900 14195.3018  1.11%   171 1643s
 30837  7677 14342.4179   45  117 14354.8900 14195.9485  1.11%   171 1654s
 31025  7712 14332.5872   45   72 14354.8900 14196.7187  1.10%   171 1665s
 31199  7758 14328.9437   48  110 14354.8900 14197.2947  1.10%   171 1677s
 31410  7774 14260.1627   40  290 14354.8900 14198.2763  1.09%   172 1687s
 31535  7798     cutoff   33      14354.8900 14198.6042  1.09%   172 1698s
 31695  7840 14307.9989   56   41 14354.8900 14199.9787  1.08%   172 1708s
 31885  7867 14313.8369   43   81 14354.8900 14200.6141  1.07%   172 1720s
 32055  7910 14324.8071   47  127 14354.8900 14201.5073  1.07%   173 1731s
 32245  7941 14241.6503   35  335 14354.8900 14201.8650  1.07%   173 1742s
 32434  7977     cutoff   43      14354.8900 14202.4618  1.06%   173 1754s
 32601  7977 14330.4447   32  209 14354.8900 14203.1366  1.06%   173 1755s
 32624  8030     cutoff   53      14354.8900 14203.1443  1.06%   173 1766s
 32837  8072     cutoff   31      14354.8900 14203.5429  1.05%   174 1778s
 33041  8074 14283.4737   37  309 14354.8900 14204.4183  1.05%   174 1790s
 33162  8115 14276.4259   39  194 14354.8900 14204.9066  1.04%   174 1800s
 33344  8139 14343.3280   53   26 14354.8900 14205.8489  1.04%   174 1811s
 33509  8175 14239.3929   34  234 14354.8900 14206.7709  1.03%   175 1822s
 33690  8199 14259.5515   36  333 14354.8900 14207.3994  1.03%   175 1834s
 33893  8216 14243.6256   41  112 14354.8900 14208.0798  1.02%   175 1846s
 34079  8254 14288.8086   38  153 14354.8900 14208.5454  1.02%   175 1857s
 34281  8262 14322.8788   47  161 14354.8900 14209.3855  1.01%   176 1869s
 34449  8303 14258.6517   55   96 14354.8900 14210.0199  1.01%   176 1881s
 34657  8353 14342.6885   44   95 14354.8900 14210.5607  1.01%   176 1892s
 34882  8376 14320.5492   47  193 14354.8900 14211.2056  1.00%   176 1903s
 35034  8373 14301.1850   43  146 14354.8900 14211.8690  1.00%   176 1914s
 35166  8384     cutoff   42      14354.8900 14212.2982  0.99%   177 1924s
 35297  8436     cutoff   39      14354.8900 14212.9057  0.99%   177 1937s
 35531  8463     cutoff   74      14354.8900 14213.6194  0.98%   177 1950s
 35728  8502 14285.3301   47  180 14354.8900 14213.9325  0.98%   178 1963s
 35985  8523 14232.1451   44  113 14354.8900 14214.3418  0.98%   177 1974s
 36163  8531     cutoff   32      14354.8900 14214.7414  0.98%   178 1986s
 36318  8550 14312.0408   41  147 14354.8900 14215.3980  0.97%   178 1998s
 36496  8587 14270.7830   44  156 14354.8900 14215.8016  0.97%   178 2009s
 36713  8669 14261.6726   44  204 14354.8900 14216.6688  0.96%   178 2022s
 37001  8695 14306.7036   48  127 14354.8900 14217.2062  0.96%   178 2034s
 37198  8719     cutoff   65      14354.8900 14217.5775  0.96%   178 2046s
 37424  8749 14260.0155   32  334 14354.8900 14218.3208  0.95%   179 2058s
 37674  8776 14322.0432   42   99 14354.8900 14218.8919  0.95%   179 2071s
 37828  8795 14246.6292   44  243 14354.8900 14219.2819  0.94%   179 2083s
 38056  8842 14259.2468   41  252 14354.8900 14219.8257  0.94%   179 2095s
 38237  8876 14299.6543   34  280 14354.8900 14220.3923  0.94%   179 2108s
 38466  8891 14270.1223   43  123 14354.8900 14221.0622  0.93%   179 2120s
 38694  8911 14309.7016   45  164 14354.8900 14221.7297  0.93%   180 2133s
 38918  8944 14282.6409   38  235 14354.8900 14222.1869  0.92%   180 2144s
 38998  8944 14336.9797   50  157 14354.8900 14222.1869  0.92%   180 2145s
 39095  8951     cutoff   38      14354.8900 14222.7155  0.92%   180 2156s
 39292  8986     cutoff   39      14354.8900 14223.3397  0.92%   180 2168s
 39515  9024     cutoff   38      14354.8900 14224.0142  0.91%   180 2181s
 39721  9072 14353.0127   44  183 14354.8900 14224.6221  0.91%   181 2193s
 40002  9104     cutoff   45      14354.8900 14225.0512  0.90%   180 2205s
 40247  9164 14342.9486   52  149 14354.8900 14225.9634  0.90%   180 2217s
 40492  9206 14299.0515   43  102 14354.8900 14226.7620  0.89%   180 2229s
 40619  9206 14338.1836   49   46 14354.8900 14226.7620  0.89%   180 2230s
 40736  9231 14265.8430   48  199 14354.8900 14227.3035  0.89%   180 2242s
 40968  9240 14330.0634   44   58 14354.8900 14227.8591  0.88%   180 2253s
 41149  9275 14321.9556   42  214 14354.8900 14228.6268  0.88%   181 2266s
 41374  9298 14291.2393   31  186 14354.8900 14229.0323  0.88%   181 2278s
 41621  9334     cutoff   47      14354.8900 14229.6107  0.87%   181 2290s
 41849  9349 14277.4948   51  115 14354.8900 14230.1069  0.87%   181 2309s
 42004  9368     cutoff   49      14354.8900 14230.6038  0.87%   181 2325s
 42275  9417     cutoff   43      14354.8900 14231.2623  0.86%   181 2345s
 42465  9441 14314.4584   40  147 14354.8900 14231.5609  0.86%   181 2358s
 42712  9438     cutoff   35      14354.8900 14232.1466  0.86%   181 2371s
 42938  9450     cutoff   33      14354.8900 14232.8219  0.85%   182 2384s
 43191  9450 14331.1923   45  138 14354.8900 14233.3103  0.85%   182 2385s
 43192  9463 14275.5999   43  245 14354.8900 14233.3300  0.85%   182 2398s
 43423  9471 14285.7992   46  256 14354.8900 14234.0519  0.84%   182 2411s
 43681  9500 14310.0660   43  134 14354.8900 14234.4598  0.84%   182 2423s
 43883  9531     cutoff   38      14354.8900 14234.8860  0.84%   182 2435s
 44137  9553     cutoff   43      14354.8900 14235.6008  0.83%   182 2448s
 44377  9567 14308.3731   36  270 14354.8900 14236.3185  0.83%   182 2461s
 44628  9582 14311.7536   48  132 14354.8900 14236.9071  0.82%   182 2473s
 44853  9617 14309.8740   45  266 14354.8900 14237.5203  0.82%   182 2485s
 45132  9630 infeasible   46      14354.8900 14238.1817  0.81%   182 2498s
 45386  9657     cutoff   40      14354.8900 14238.8468  0.81%   182 2511s
 45640  9692 14335.1778   30  211 14354.8900 14239.3875  0.80%   182 2523s
 45865  9731 14319.0137   50  150 14354.8900 14239.7384  0.80%   183 2536s
 46132  9740 14340.9497   54   74 14354.8900 14240.4401  0.80%   183 2550s
 46379  9781 14315.7769   43  231 14354.8900 14241.0158  0.79%   183 2563s
 46678  9806 14336.1007   46  139 14354.8900 14241.4406  0.79%   182 2576s
*46718  9693              55    14352.190000 14241.4406  0.77%   182 2576s
 46926  9691     cutoff   43      14352.1900 14241.8022  0.77%   182 2590s
H46930  8444                    14332.490000 14241.8022  0.63%   182 2590s
 47090  8435     cutoff   48      14332.4900 14242.2650  0.63%   183 2605s
 47320  8447 14301.2820   52  193 14332.4900 14243.2240  0.62%   183 2618s
 47583  8433     cutoff   46      14332.4900 14243.7937  0.62%   183 2633s
 47876  8430 14307.9426   40  118 14332.4900 14244.4701  0.61%   183 2645s
 48125  8406     cutoff   36      14332.4900 14245.0613  0.61%   183 2659s
 48354  8390     cutoff   48      14332.4900 14245.8205  0.60%   183 2674s
 48649  8383 14285.8745   50  180 14332.4900 14246.6036  0.60%   183 2687s
 48872  8369 14286.5426   47  113 14332.4900 14247.4137  0.59%   183 2701s
 49192  8344 14299.3263   39  152 14332.4900 14248.5291  0.59%   183 2717s
 49492  8319     cutoff   44      14332.4900 14249.4016  0.58%   183 2731s
 49721  8298 14282.4964   32  150 14332.4900 14250.4102  0.57%   184 2746s
 50015  8267     cutoff   42      14332.4900 14250.9292  0.57%   184 2762s
 50268  8249 14289.8388   54   51 14332.4900 14252.0403  0.56%   184 2777s
 50589  8217 14331.3705   46  102 14332.4900 14252.7102  0.56%   184 2793s
 50901  8193     cutoff   52      14332.4900 14253.5006  0.55%   184 2809s
 51144  8145     cutoff   39      14332.4900 14254.3766  0.55%   184 2824s
 51419  8116 14283.2237   41   98 14332.4900 14255.4075  0.54%   184 2839s
 51548  8116 14294.3714   45  213 14332.4900 14255.4075  0.54%   184 2840s
 51731  8084     cutoff   39      14332.4900 14256.1783  0.53%   184 2855s
 52023  8053     cutoff   49      14332.4900 14256.9641  0.53%   184 2872s
 52328  8040 14268.0408   46  133 14332.4900 14257.7429  0.52%   184 2887s
 52695  8016     cutoff   48      14332.4900 14258.4688  0.52%   184 2903s
 52977  7971 infeasible   45      14332.4900 14259.3386  0.51%   184 2918s
 53334  7956     cutoff   45      14332.4900 14260.2343  0.50%   184 2933s
 53677  7915     cutoff   48      14332.4900 14260.8375  0.50%   184 2947s
 53939  7886     cutoff   36      14332.4900 14261.4454  0.50%   184 2962s
 54294  7837     cutoff   35      14332.4900 14262.3453  0.49%   184 2977s
 54608  7775     cutoff   34      14332.4900 14262.9147  0.49%   184 2992s
 54897  7712     cutoff   39      14332.4900 14263.9843  0.48%   184 3008s
 55220  7674 14303.1173   48  129 14332.4900 14264.7384  0.47%   184 3023s
 55575  7620 14310.9990   44  138 14332.4900 14265.3623  0.47%   184 3038s
 55893  7570     cutoff   57      14332.4900 14266.1985  0.46%   184 3053s
 56182  7511     cutoff   37      14332.4900 14267.0144  0.46%   184 3068s
 56531  7469     cutoff   39      14332.4900 14267.9377  0.45%   184 3083s
 56858  7414     cutoff   55      14332.4900 14268.8141  0.44%   184 3098s
 57203  7347     cutoff   42      14332.4900 14269.6777  0.44%   183 3113s
 57506  7277 14321.6767   44  125 14332.4900 14270.5403  0.43%   184 3127s
 57837  7187     cutoff   52      14332.4900 14271.4041  0.43%   184 3142s
 58144  7119     cutoff   30      14332.4900 14272.2602  0.42%   184 3156s
 58473  7050     cutoff   33      14332.4900 14273.2166  0.41%   183 3171s
 58798  6996 14288.6696   50   43 14332.4900 14274.0334  0.41%   183 3185s
