




arguments: ./build/bc_mirp -f ./input/orig_exec_251.cfg
Current dir: /scratch/gui/bc_mirp
File verbosity level: 9
date       time         ( uptime  ) [ thread name/id ]                   file:line     v| 
2021-02-16 05:31:12.928 (   0.113s) [main thread     ]             loguru.cpp:789   INFO| Logging to './output/vi_vc+lex_half/OU/V2/Original/execution_16_02_2021_05_31_12.log', mode: 'a', verbosity: 9
--------------------------------------------------------------------------------
Parameters
                           instance_path           ./input/Instances/Original/6/
                            model_policy                                       1
                             nb_vehicles                                       2
                              output_dir ./output/vi_vc+lex_half/OU/V2/Original/
                            sec_strategy                                       1
                       solver_nb_threads                                       2
                         solver_show_log                                    true
                       solver_time_limit                                    3600
                              use_vi_cos                                   false
                              use_vi_cus                                   false
                         use_vi_hc1_full                                   false
                         use_vi_hc1_half                                   false
                      use_vi_hc1_quarter                                   false
                              use_vi_hc2                                   false
                              use_vi_hc3                                   false
                         use_vi_lex_full                                   false
                         use_vi_lex_half                                    true
                      use_vi_lex_quarter                                   false
                              use_vi_qua                                   false
                               use_vi_vc                                    true
                               use_vi_vr                                   false
--------------------------------------------------------------------------------
executing instance: ./input/Instances/Original/6/absH6high_1n25.dat
--------------------------------------------------------------------------------
Instance details
n	26
H	6
C	1711
Li:
[0, 0, 0, 0, 0, 0, 0, 0, 0, 0, 0, 0, 0, 0, 0, 0, 0, 0, 0, 0, 0, 0, 0, 0, 0, 0, ]
Ui:
[0, 168, 176, 34, 66, 36, 177, 106, 118, 182, 64, 141, 189, 63, 46, 111, 182, 231, 36, 66, 68, 54, 132, 90, 246, 75, ]
Distance matrix:
|0	191	200	231	334	329	146	196	208	245	218	164	283	394	151	358	156	196	309	253	201	260	127	138	130	104	|
|191	0	226	229	278	146	328	216	390	417	327	293	195	334	106	296	171	122	472	151	12	411	280	53	190	130	|
|200	226	0	38	149	359	321	10	276	274	418	364	139	204	121	173	321	115	303	141	225	236	155	202	311	256	|
|231	229	38	0	110	352	358	37	314	310	448	395	108	167	129	135	342	109	336	120	226	268	194	213	335	277	|
|334	278	149	110	0	367	467	147	422	413	546	495	86	61	203	25	423	163	429	129	271	363	303	282	424	361	|
|329	146	359	352	367	0	453	349	533	562	411	393	282	411	245	378	250	244	617	245	141	556	426	195	284	243	|
|146	328	321	358	467	453	0	321	162	215	160	112	425	524	297	491	223	341	284	397	339	266	186	276	184	210	|
|196	216	10	37	147	349	321	0	281	281	414	360	132	203	112	171	315	105	311	132	216	244	159	193	305	249	|
|208	390	276	314	422	533	162	281	0	54	321	271	410	471	316	445	348	348	123	398	398	115	125	338	313	309	|
|245	417	274	310	413	562	215	281	54	0	375	323	413	457	334	435	393	361	70	406	424	69	139	367	359	349	|
|218	327	418	448	546	411	160	414	321	375	0	57	484	606	347	569	163	393	444	446	339	421	318	288	137	199	|
|164	293	364	395	495	393	112	360	271	323	57	0	437	556	300	519	144	346	393	401	305	367	261	249	109	163	|
|283	195	139	108	86	282	425	132	410	413	484	437	0	139	137	101	349	91	443	44	187	375	286	206	355	291	|
|394	334	204	167	61	411	524	203	471	457	606	556	139	0	264	38	483	222	467	183	326	403	356	341	484	421	|
|151	106	121	129	203	245	297	112	316	334	347	300	137	264	0	225	220	46	381	102	106	316	195	84	221	158	|
|358	296	173	135	25	378	491	171	445	435	569	519	101	38	225	0	444	184	450	145	288	384	328	303	446	383	|
|156	171	321	342	423	250	223	315	348	393	163	144	349	483	220	444	0	261	460	308	183	415	284	143	39	65	|
|196	122	115	109	163	244	341	105	348	361	393	346	91	222	46	184	261	0	402	56	118	336	224	119	264	200	|
|309	472	303	336	429	617	284	311	123	70	444	393	443	467	381	450	460	402	0	442	477	68	192	424	426	413	|
|253	151	141	120	129	245	397	132	398	406	446	401	44	183	102	145	308	56	442	0	143	375	273	164	315	251	|
|201	12	225	226	271	141	339	216	398	424	339	305	187	326	106	288	183	118	477	143	0	416	286	63	202	142	|
|260	411	236	268	363	556	266	244	115	69	421	367	375	403	316	384	415	336	68	375	416	0	135	365	384	363	|
|127	280	155	194	303	426	186	159	125	139	318	261	286	356	195	328	284	224	192	273	286	135	0	232	256	229	|
|138	53	202	213	282	195	276	193	338	367	288	249	206	341	84	303	143	119	424	164	63	365	232	0	153	89	|
|130	190	311	335	424	284	184	305	313	359	137	109	355	484	221	446	39	264	426	315	202	384	256	153	0	64	|
|104	130	256	277	361	243	210	249	309	349	199	163	291	421	158	383	65	200	413	251	142	363	229	89	64	0	|

--------------------------------------------------------------------------------
Building model...
	using lazy and cut (CVRPSEP package)
Solving IRP LP...
--------------------------------------------------------------------------------

Gurobi 9.1.0 (linux64) logging started Tue Feb 16 05:31:13 2021

Gurobi Optimizer version 9.1.0 build v9.1.0rc0 (linux64)
Thread count: 32 physical cores, 32 logical processors, using up to 2 threads
Optimize a model with 1274 rows, 4694 columns and 11936 nonzeros
Model fingerprint: 0x5db88fb9
Variable types: 482 continuous, 4212 integer (312 binary)
Coefficient statistics:
  Matrix range     [1e+00, 8e+03]
  Objective range  [1e-01, 6e+02]
  Bounds range     [1e+00, 2e+02]
  RHS range        [1e+00, 3e+03]
Presolve removed 300 rows and 263 columns
Presolve time: 0.09s
Presolved: 974 rows, 4431 columns, 10730 nonzeros
Variable types: 375 continuous, 4056 integer (3762 binary)

Root relaxation: objective 1.302510e+04, 1277 iterations, 0.04 seconds

    Nodes    |    Current Node    |     Objective Bounds      |     Work
 Expl Unexpl |  Obj  Depth IntInf | Incumbent    BestBd   Gap | It/Node Time

     0     0 13025.1025    0  206          - 13025.1025      -     -    0s
     0     0 13710.2217    0  212          - 13710.2217      -     -    0s
     0     0 13808.5511    0  204          - 13808.5511      -     -    0s
     0     0 13883.7613    0  231          - 13883.7613      -     -    0s
     0     0 13891.9338    0  227          - 13891.9338      -     -    0s
     0     0 13907.7282    0  229          - 13907.7282      -     -    0s
     0     0 14411.6696    0  338          - 14411.6696      -     -    0s
     0     0 14521.5822    0  338          - 14521.5822      -     -    0s
     0     0 14555.0219    0  313          - 14555.0219      -     -    1s
     0     0 14566.8091    0  359          - 14566.8091      -     -    1s
     0     0 14581.7649    0  346          - 14581.7649      -     -    1s
     0     0 14596.6846    0  356          - 14596.6846      -     -    1s
     0     0 14611.4256    0  345          - 14611.4256      -     -    1s
     0     0 14640.0739    0  376          - 14640.0739      -     -    1s
     0     0 14749.8161    0  359          - 14749.8161      -     -    1s
     0     0 14765.4672    0  366          - 14765.4672      -     -    1s
     0     0 14791.1444    0  383          - 14791.1444      -     -    1s
     0     0 14804.7637    0  378          - 14804.7637      -     -    1s
     0     0 14808.6082    0  364          - 14808.6082      -     -    1s
     0     0 14808.7452    0  383          - 14808.7452      -     -    1s
     0     0 14981.8712    0  391          - 14981.8712      -     -    1s
     0     0 15098.8292    0  374          - 15098.8292      -     -    2s
     0     0 15112.5536    0  356          - 15112.5536      -     -    2s
     0     0 15115.8068    0  400          - 15115.8068      -     -    2s
     0     0 15115.9411    0  406          - 15115.9411      -     -    2s
     0     0 15249.1401    0  424          - 15249.1401      -     -    2s
     0     0 15274.6086    0  410          - 15274.6086      -     -    2s
     0     0 15276.2350    0  366          - 15276.2350      -     -    2s
     0     0 15297.8867    0  417          - 15297.8867      -     -    2s
     0     0 15367.8793    0  395          - 15367.8793      -     -    3s
     0     0 15379.4782    0  425          - 15379.4782      -     -    3s
     0     0 15384.3740    0  485          - 15384.3740      -     -    3s
     0     0 15386.4708    0  445          - 15386.4708      -     -    3s
     0     0 15401.5242    0  478          - 15401.5242      -     -    3s
     0     0 15432.0886    0  441          - 15432.0886      -     -    3s
     0     0 15442.5180    0  490          - 15442.5180      -     -    3s
     0     0 15443.7343    0  512          - 15443.7343      -     -    3s
     0     0 15454.9591    0  471          - 15454.9591      -     -    3s
     0     0 15457.9732    0  471          - 15457.9732      -     -    3s
     0     0 15464.1254    0  473          - 15464.1254      -     -    4s
     0     0 15464.1254    0  456          - 15464.1254      -     -    4s
     0     2 15464.1254    0  442          - 15464.1254      -     -    5s
    29    32 15667.8850    9  319          - 15472.8771      -   627   10s
    72    75 16264.6677   21  370          - 15472.8771      -   535   15s
   336   375 17756.2803  147   33          - 15472.8771      -   199   20s
*  422   424             198    19205.330000 15482.6776  19.4%   165   21s
H  494   433                    18355.550000 15482.6776  15.7%   166   24s
   498   431 15964.1367   12  291 18355.5500 15482.6776  15.7%   166   25s
H  523   438                    18136.830000 15482.6776  14.6%   171   26s
H  581   491                    18088.000000 15482.6776  14.4%   176   28s
   618   531 16347.7540   27  255 18088.0000 15482.6776  14.4%   174   30s
   766   672 16646.5339   88  456 18088.0000 15482.6776  14.4%   155   36s
H  767   639                    17963.490000 15482.6776  13.8%   155   36s
   782   649 17124.1155   90  552 17963.4900 15809.2056  12.0%   152   40s
   801   661 16193.9480   16  570 17963.4900 15822.1824  11.9%   149   45s
H  817   639                    17944.490000 15822.3223  11.8%   159   48s
   823   643 16673.5575   49  594 17944.4900 15822.5602  11.8%   158   50s
   833   653 15834.2543   31  487 17944.4900 15832.1180  11.8%   168   55s
H  908   672                    17940.490000 15846.8443  11.7%   179   59s
   912   679 16121.3586   48  181 17940.4900 15846.8443  11.7%   178   60s
H  967   685                    17852.930000 15846.8443  11.2%   177   61s
H  979   665                    17840.850000 15846.8443  11.2%   176   61s
H 1025   665                    17774.730000 15846.8443  10.8%   172   63s
H 1030   636                    17766.450000 15846.8443  10.8%   172   63s
  1092   683 16549.6351   96  133 17766.4500 15846.8443  10.8%   170   65s
  1240   716 16056.1833   34  366 17766.4500 15854.6116  10.8%   169   70s
H 1252   687                    17490.450000 15854.6116  9.35%   170   71s
  1318   749 16458.3255   46  212 17490.4500 15854.6116  9.35%   173   75s
* 1438   758             107    17016.630000 15854.6116  6.83%   168   77s
  1496   793 16890.0568   68  128 17016.6300 15854.6116  6.83%   167   80s
  1634   870 16450.6995   61  137 17016.6300 15885.6546  6.65%   172   85s
  1749   945 16628.4133   46  202 17016.6300 15885.6900  6.65%   172   90s
  1920   994 16619.1669   71  280 17016.6300 15888.8195  6.63%   171   96s
  2002  1010 16271.7219   41  203 17016.6300 15888.8195  6.63%   171  100s
  2140  1070 16131.1451   37  376 17016.6300 15895.8855  6.59%   170  105s
H 2152  1023                    16952.860000 15895.8855  6.23%   170  105s
* 2238  1070              96    16924.050000 15895.8855  6.08%   169  109s
* 2240  1056              94    16905.530000 15895.8855  5.97%   169  109s
  2262  1111 16289.3193   46  262 16905.5300 15905.0613  5.92%   170  110s
  2419  1183 16835.5368   61  216 16905.5300 15909.2237  5.89%   168  116s
  2457  1242 16443.9504   54  298 16905.5300 15909.6763  5.89%   172  120s
H 2505  1220                    16831.790000 15909.6763  5.48%   172  122s
  2587  1268 16537.0794   48   78 16831.7900 15912.3605  5.46%   173  126s
  2693  1340 16614.2460   54  124 16831.7900 15917.5478  5.43%   174  130s
  2770  1393     cutoff   55      16831.7900 15920.2439  5.42%   175  136s
  2870  1475 16283.4575   45  276 16831.7900 15926.1941  5.38%   176  141s
  3042  1613 16774.0955   78   81 16831.7900 15928.9801  5.36%   173  147s
  3151  1656 16388.3267   48  245 16831.7900 15929.9766  5.36%   171  150s
* 3222  1507              82    16703.210000 15936.5180  4.59%   171  153s
H 3281  1528                    16697.210000 15936.5180  4.56%   171  157s
  3351  1582 16066.7063   43  213 16697.2100 15936.8337  4.55%   171  160s
  3445  1617 16218.2976   43  234 16697.2100 15945.7239  4.50%   171  165s
H 3479  1564                    16668.830000 15945.7239  4.34%   172  165s
  3524  1624 16349.2134   38  376 16668.8300 15950.2786  4.31%   174  171s
  3573  1677 16559.0412   53  241 16668.8300 15952.8221  4.30%   176  175s
  3742  1815 16455.8859   57  113 16668.8300 15954.4533  4.29%   176  183s
* 3789  1064              85    16453.830000 15954.4533  3.04%   175  183s
  3875  1056 16249.3172   40  355 16453.8300 15964.3166  2.98%   175  187s
  3939  1077 16236.6286   41  329 16453.8300 15968.7421  2.95%   176  192s
  3985  1094 16403.5444   42  220 16453.8300 15971.7814  2.93%   176  197s
H 4021  1052                    16439.560000 15971.7814  2.85%   176  198s
H 4065   999                    16405.560000 15974.0343  2.63%   176  202s
  4134  1032 16336.8662   57  266 16405.5600 15976.4829  2.62%   178  206s
  4217  1048 16303.7094   43  300 16405.5600 15980.2274  2.59%   179  211s
  4263  1064 16317.2940   35  391 16405.5600 15983.9890  2.57%   181  215s
  4321  1095 16045.2598   36  341 16405.5600 15987.2038  2.55%   184  220s
  4398  1122 16396.0890   52  212 16405.5600 15993.3106  2.51%   185  225s
  4492  1177 16162.9728   40  317 16405.5600 15998.9766  2.48%   186  230s
  4591  1207 16171.0586   41  427 16405.5600 16001.8998  2.46%   187  235s
  4671  1238 16279.3534   47  342 16405.5600 16010.3628  2.41%   188  240s
  4748  1275 16294.1503   47  417 16405.5600 16014.4001  2.38%   189  246s
  4848  1320 16161.9638   46  316 16405.5600 16018.8908  2.36%   190  252s
  4931  1375 16188.6638   45  369 16405.5600 16020.5239  2.35%   191  258s
  5034  1407 16372.5356   49  253 16405.5600 16025.1993  2.32%   192  264s
  5154  1458     cutoff   42      16405.5600 16029.5765  2.29%   193  270s
  5282  1500 16339.4636   48  195 16405.5600 16035.8394  2.25%   194  278s
  5418  1541 16138.9892   39  368 16405.5600 16041.2649  2.22%   194  285s
  5551  1592 16084.3675   38  345 16405.5600 16049.4675  2.17%   195  292s
  5679  1637 16276.6923   46  216 16405.5600 16055.7289  2.13%   196  300s
  5809  1673     cutoff   36      16405.5600 16056.9113  2.13%   197  308s
  5964  1697 16322.7745   41  300 16405.5600 16063.3080  2.09%   197  315s
  6118  1744 16362.8064   47  293 16405.5600 16067.2690  2.06%   198  323s
  6274  1779 16241.8649   44  357 16405.5600 16071.2229  2.04%   199  332s
  6404  1830 16162.7763   39  435 16405.5600 16077.0552  2.00%   200  340s
  6558  1895 16226.6632   41  298 16405.5600 16078.7003  1.99%   200  348s
  6726  1939 16300.0409   38  253 16405.5600 16086.6384  1.94%   201  357s
  6887  1974     cutoff   39      16405.5600 16090.8629  1.92%   201  366s
  6996  2021 16296.2991   39  464 16405.5600 16093.9934  1.90%   201  374s
  7067  2021     cutoff   39      16405.5600 16096.1044  1.89%   202  375s
  7142  2067 16370.7101   44  357 16405.5600 16096.2849  1.89%   203  383s
  7295  2132 16266.0858   40  297 16405.5600 16099.7912  1.86%   203  392s
  7472  2211 16305.5980   56  104 16405.5600 16104.0895  1.84%   204  402s
  7663  2261     cutoff   45      16405.5600 16107.5259  1.82%   204  411s
  7850  2291 16242.9988   43  393 16405.5600 16109.0779  1.81%   204  443s
  7953  2329 16363.5390   41  328 16405.5600 16110.5298  1.80%   205  454s
  8125  2357     cutoff   42      16405.5600 16112.9992  1.78%   205  463s
  8287  2379     cutoff   45      16405.5600 16117.9184  1.75%   206  473s
  8444  2425 16306.0233   45  359 16405.5600 16120.5829  1.74%   207  484s
  8629  2494 16232.9890   40  435 16405.5600 16124.8427  1.71%   208  494s
  8718  2494 16341.8185   44  355 16405.5600 16127.6588  1.69%   208  495s
  8813  2552 16233.5062   38  351 16405.5600 16128.3240  1.69%   208  504s
  9012  2602     cutoff   46      16405.5600 16133.1153  1.66%   208  515s
  9197  2662     cutoff   42      16405.5600 16136.4113  1.64%   208  525s
  9410  2714 16265.5617   40  154 16405.5600 16139.4057  1.62%   208  535s
  9611  2748 16364.4037   44  299 16405.5600 16142.4678  1.60%   208  546s
  9794  2818 16287.7211   38  282 16405.5600 16147.5710  1.57%   208  557s
 10006  2868 16260.9369   39  297 16405.5600 16149.9300  1.56%   208  567s
 10231  2923 16206.9302   37  417 16405.5600 16152.2567  1.54%   209  577s
 10407  2972     cutoff   46      16405.5600 16153.6608  1.54%   209  588s
 10611  3031 16268.3071   39  435 16405.5600 16156.2328  1.52%   210  598s
 10816  3084 16304.8134   46  291 16405.5600 16158.4137  1.51%   210  609s
 11043  3124 16371.5237   40  310 16405.5600 16160.3048  1.49%   209  620s
 11232  3165 16321.8506   54  272 16405.5600 16162.6019  1.48%   209  630s
 11400  3220 16375.9111   46  309 16405.5600 16165.0098  1.47%   210  640s
 11614  3240 16352.7821   61  225 16405.5600 16167.1475  1.45%   210  650s
 11791  3274 16402.6157   49  183 16405.5600 16170.1167  1.44%   210  661s
 12021  3294     cutoff   48      16405.5600 16172.7013  1.42%   210  671s
 12171  3365 16274.2855   40  475 16405.5600 16174.1529  1.41%   211  682s
 12389  3418     cutoff   39      16405.5600 16176.4208  1.40%   211  693s
 12594  3451     cutoff   44      16405.5600 16177.9790  1.39%   211  704s
 12824  3477 16336.6192   39  439 16405.5600 16179.7931  1.38%   211  714s
 12922  3477 16255.2144   38  411 16405.5600 16181.2936  1.37%   211  715s
 13008  3498     cutoff   44      16405.5600 16181.4959  1.37%   211  726s
 13175  3519     cutoff   45      16405.5600 16184.8787  1.35%   212  737s
 13381  3543     cutoff   44      16405.5600 16188.5961  1.32%   212  747s
*13447  3394              58    16387.380000 16188.5961  1.21%   212  747s
 13636  3419 16339.4612   39  320 16387.3800 16191.4995  1.20%   211  759s
 13850  3437 16343.2452   49  267 16387.3800 16192.7457  1.19%   211  769s
 14040  3451 16320.5669   38  263 16387.3800 16194.9628  1.17%   212  780s
 14247  3513 16272.0325   40  305 16387.3800 16196.1735  1.17%   212  791s
 14495  3537     cutoff   45      16387.3800 16198.3407  1.15%   211  802s
 14701  3569 16274.6183   41  224 16387.3800 16201.0026  1.14%   211  813s
 14907  3604 16349.3819   56  233 16387.3800 16203.4480  1.12%   211  825s
 15101  3621 16320.8623   39  377 16387.3800 16204.9242  1.11%   211  837s
 15313  3639 16362.4693   48  271 16387.3800 16206.6182  1.10%   211  848s
 15515  3668 16298.7284   41  464 16387.3800 16208.6982  1.09%   211  860s
 15711  3680 16317.7396   40  427 16387.3800 16209.9764  1.08%   211  872s
 15917  3713 16366.8358   43  427 16387.3800 16212.2344  1.07%   212  883s
 16161  3722     cutoff   48      16387.3800 16215.2567  1.05%   211  894s
 16326  3735 16372.5811   56   84 16387.3800 16216.8853  1.04%   212  905s
 16537  3764 16383.0815   43  265 16387.3800 16219.0541  1.03%   212  916s
 16767  3793     cutoff   48      16387.3800 16221.1979  1.01%   212  927s
 16984  3808     cutoff   36      16387.3800 16222.9912  1.00%   211  938s
 17180  3851     cutoff   38      16387.3800 16226.0246  0.98%   211  950s
 17414  3852 16284.6020   48  213 16387.3800 16227.4857  0.98%   211  962s
 17602  3878 16335.9044   39  351 16387.3800 16228.7866  0.97%   211  974s
 17834  3863 16320.0069   44  343 16387.3800 16230.3700  0.96%   211  986s
 18022  3871     cutoff   42      16387.3800 16232.5032  0.95%   211  997s
 18247  3878     cutoff   46      16387.3800 16234.2185  0.93%   211 1008s
 18442  3903 16370.2412   52  235 16387.3800 16236.1305  0.92%   211 1020s
 18725  3906 16383.4216   46  262 16387.3800 16237.7329  0.91%   211 1032s
 18956  3918 16371.2964   46  248 16387.3800 16240.0332  0.90%   210 1043s
 19181  3938     cutoff   45      16387.3800 16241.9795  0.89%   210 1055s
 19447  3934     cutoff   52      16387.3800 16243.7445  0.88%   210 1066s
 19666  3967 16342.0639   42  424 16387.3800 16245.7639  0.86%   210 1080s
 19899  3968 16359.7685   40  189 16387.3800 16246.9290  0.86%   210 1092s
 20161  3947     cutoff   46      16387.3800 16248.7491  0.85%   209 1104s
 20386  3949 16328.8066   41  311 16387.3800 16250.4001  0.84%   209 1116s
 20625  3937 16329.7633   49  150 16387.3800 16252.5027  0.82%   209 1128s
 20854  3931     cutoff   40      16387.3800 16254.8202  0.81%   209 1140s
 21102  3926     cutoff   41      16387.3800 16256.2065  0.80%   209 1150s
 21345  3903     cutoff   44      16387.3800 16258.4123  0.79%   209 1161s
 21573  3906 16315.8725   46  187 16387.3800 16260.8193  0.77%   209 1173s
 21785  3865 16372.8121   50  193 16387.3800 16262.0319  0.76%   209 1184s
 22051  3860 16343.7926   47  299 16387.3800 16263.7928  0.75%   208 1196s
 22291  3849 16333.2492   49  283 16387.3800 16265.4973  0.74%   208 1207s
 22522  3830     cutoff   45      16387.3800 16267.6838  0.73%   208 1220s
 22739  3806 16364.2992   48  150 16387.3800 16268.8491  0.72%   208 1231s
 23019  3769     cutoff   43      16387.3800 16270.8865  0.71%   207 1243s
 23264  3760 16371.9564   42  218 16387.3800 16272.6048  0.70%   207 1254s
 23380  3760 16330.1059   40  328 16387.3800 16274.9002  0.69%   207 1255s
 23532  3753 16321.2237   53  135 16387.3800 16275.0856  0.69%   207 1267s
 23818  3745 16369.9336   41  299 16387.3800 16276.1915  0.68%   206 1278s
 24090  3724 16324.3027   40  330 16387.3800 16277.6847  0.67%   206 1289s
 24326  3730 16384.7337   57  231 16387.3800 16279.5108  0.66%   206 1301s
*24520  3678              64    16383.060000 16281.4986  0.62%   206 1302s
 24643  3671 16324.9521   44  281 16383.0600 16281.5873  0.62%   205 1314s
 24967  3657     cutoff   46      16383.0600 16283.4201  0.61%   205 1325s
 25238  3602 16371.7950   42  258 16383.0600 16284.8829  0.60%   204 1336s
 25470  3582     cutoff   46      16383.0600 16287.0717  0.59%   204 1382s
 25697  3545 16376.8083   48  328 16383.0600 16288.5092  0.58%   204 1394s
 25946  3515 16371.7836   47  367 16383.0600 16290.9098  0.56%   204 1405s
 26222  3491     cutoff   46      16383.0600 16292.6650  0.55%   203 1416s
 26489  3423     cutoff   50      16383.0600 16294.6306  0.54%   203 1428s
 26812  3370 16335.2149   42  330 16383.0600 16296.6264  0.53%   202 1440s
 27088  3345 16308.9238   46  277 16383.0600 16298.2744  0.52%   202 1452s
 27433  3298 16327.8968   48  313 16383.0600 16299.8941  0.51%   201 1465s
 27727  3249 16373.3502   44  121 16383.0600 16301.5303  0.50%   201 1477s
 28022  3233     cutoff   48      16383.0600 16303.3849  0.49%   200 1489s
 28402  3169     cutoff   49      16383.0600 16305.5219  0.47%   199 1501s
 28697  3106 16366.4757   48  251 16383.0600 16307.6522  0.46%   199 1512s
 28980  3056 16329.9055   41  310 16383.0600 16309.2452  0.45%   198 1523s
 29303  2972     cutoff   47      16383.0600 16311.3193  0.44%   198 1534s
 29666  2895     cutoff   41      16383.0600 16313.2393  0.43%   197 1545s
 29923  2801 16363.3678   41  309 16383.0600 16315.2406  0.41%   197 1557s
 30216  2704 16370.3586   59   99 16383.0600 16317.4771  0.40%   196 1569s
 30590  2613     cutoff   49      16383.0600 16319.6682  0.39%   196 1580s
 30924  2478     cutoff   38      16383.0600 16322.4322  0.37%   195 1590s
 31279  2355     cutoff   46      16383.0600 16325.0945  0.35%   194 1602s
 31653  2217     cutoff   53      16383.0600 16327.1784  0.34%   193 1613s
 32047  2063     cutoff   44      16383.0600 16330.5956  0.32%   192 1625s
 32459  1903     cutoff   51      16383.0600 16333.5393  0.30%   191 1636s
 32885  1707     cutoff   51      16383.0600 16336.6100  0.28%   190 1647s
 33272  1492     cutoff   44      16383.0600 16339.8220  0.26%   189 1657s
 33643  1256     cutoff   50      16383.0600 16343.6820  0.24%   188 1665s
 34052   996 16371.5999   48  282 16383.0600 16347.7989  0.22%   187 1675s
 34454   710     cutoff   46      16383.0600 16353.4034  0.18%   186 1682s
 34855   396     cutoff   46      16383.0600 16359.0820  0.15%   185 1688s
 35243    51     cutoff   54      16383.0600 16366.5928  0.10%   183 1692s

Cutting planes:
  User: 2723
  Gomory: 35
  Cover: 318
  Implied bound: 243
  Clique: 22
  MIR: 153
  StrongCG: 2
  Flow cover: 423
  GUB cover: 1
  Zero half: 15
  Network: 2
  RLT: 194
  Relax-and-lift: 4
  Lazy constraints: 280

Explored 35685 nodes (6488042 simplex iterations) in 1693.26 seconds
Thread count was 2 (of 32 available processors)

Solution count 10: 16383.1 16387.4 16405.6 ... 16905.5

Optimal solution found (tolerance 1.00e-04)
Best objective 1.638306000000e+04, best bound 1.638306000000e+04, gap 0.0000%

User-callback calls 192885, time in user-callback 68.84 sec
================================================================================
executing instance: ./input/Instances/Original/6/absH6high_1n20.dat
--------------------------------------------------------------------------------
Instance details
n	21
H	6
C	1651
Li:
[0, 0, 0, 0, 0, 0, 0, 0, 0, 0, 0, 0, 0, 0, 0, 0, 0, 0, 0, 0, 0, ]
Ui:
[0, 36, 182, 182, 90, 261, 117, 30, 110, 42, 276, 153, 40, 94, 144, 46, 129, 213, 264, 160, 174, ]
Distance matrix:
|0	371	401	343	361	341	370	115	392	400	79	266	292	245	355	431	265	194	95	92	348	|
|371	0	37	141	110	250	117	438	67	131	372	305	115	238	247	255	235	296	392	430	185	|
|401	37	0	175	100	284	146	472	90	156	406	342	152	275	280	282	242	333	415	455	178	|
|343	141	175	0	239	110	38	374	95	60	314	182	67	130	106	127	318	201	397	423	303	|
|361	110	100	239	0	341	222	451	177	240	385	374	190	304	341	361	151	345	354	398	78	|
|341	250	284	110	341	0	143	337	203	151	289	102	152	97	15	95	394	156	415	431	398	|
|370	117	146	38	222	143	0	407	61	30	346	220	81	167	137	139	317	237	417	447	292	|
|115	438	472	374	451	337	407	0	443	434	66	241	339	251	351	431	374	181	201	177	450	|
|392	67	90	95	177	203	61	443	0	66	379	275	104	216	197	193	294	283	427	461	252	|
|400	131	156	60	240	151	30	434	66	0	374	237	112	189	142	127	344	261	448	477	312	|
|79	372	406	314	385	289	346	66	379	374	0	202	275	197	304	383	316	134	175	166	388	|
|266	305	342	182	374	102	220	241	275	237	202	0	191	70	117	196	386	73	352	359	415	|
|292	115	152	67	190	152	81	339	104	112	275	191	0	123	154	193	252	183	336	366	246	|
|245	238	275	130	304	97	167	251	216	189	197	70	123	0	110	187	322	72	319	334	346	|
|355	247	280	106	341	15	137	351	197	142	304	117	154	110	0	80	399	171	427	444	400	|
|431	255	282	127	361	95	139	431	193	127	383	196	193	187	80	0	444	251	499	519	429	|
|265	235	242	318	151	394	317	374	294	344	316	386	252	322	399	444	0	332	226	273	97	|
|194	296	333	201	345	156	237	181	283	261	134	73	183	72	171	251	332	0	279	286	375	|
|95	392	415	397	354	415	417	201	427	448	175	352	336	319	427	499	226	279	0	47	321	|
|92	430	455	423	398	431	447	177	461	477	166	359	366	334	444	519	273	286	47	0	368	|
|348	185	178	303	78	398	292	450	252	312	388	415	246	346	400	429	97	375	321	368	0	|

--------------------------------------------------------------------------------
Building model...
	using lazy and cut (CVRPSEP package)
Solving IRP LP...
--------------------------------------------------------------------------------

Gurobi 9.1.0 (linux64) logging started Tue Feb 16 05:59:27 2021

Gurobi Optimizer version 9.1.0 build v9.1.0rc0 (linux64)
Thread count: 32 physical cores, 32 logical processors, using up to 2 threads
Optimize a model with 1029 rows, 3159 columns and 8355 nonzeros
Model fingerprint: 0xcabba7ab
Variable types: 387 continuous, 2772 integer (252 binary)
Coefficient statistics:
  Matrix range     [1e+00, 1e+03]
  Objective range  [1e-01, 5e+02]
  Bounds range     [1e+00, 3e+02]
  RHS range        [1e+00, 3e+03]
Presolve removed 245 rows and 213 columns
Presolve time: 0.07s
Presolved: 784 rows, 2946 columns, 7374 nonzeros
Variable types: 300 continuous, 2646 integer (2412 binary)

Root relaxation: objective 1.252404e+04, 1075 iterations, 0.02 seconds

    Nodes    |    Current Node    |     Objective Bounds      |     Work
 Expl Unexpl |  Obj  Depth IntInf | Incumbent    BestBd   Gap | It/Node Time

     0     0 12524.0417    0  162          - 12524.0417      -     -    0s
     0     0 12758.6667    0  174          - 12758.6667      -     -    0s
     0     0 12773.6414    0  188          - 12773.6414      -     -    0s
     0     0 12860.2985    0  211          - 12860.2985      -     -    0s
     0     0 12865.8353    0  218          - 12865.8353      -     -    0s
     0     0 12866.2340    0  217          - 12866.2340      -     -    0s
     0     0 12867.3218    0  221          - 12867.3218      -     -    0s
     0     0 12867.3218    0  221          - 12867.3218      -     -    0s
     0     0 13341.1245    0  231          - 13341.1245      -     -    0s
     0     0 13484.8223    0  305          - 13484.8223      -     -    0s
     0     0 13496.6537    0  313          - 13496.6537      -     -    0s
     0     0 13515.2301    0  306          - 13515.2301      -     -    0s
     0     0 13521.4679    0  307          - 13521.4679      -     -    0s
     0     0 13521.7469    0  311          - 13521.7469      -     -    0s
     0     0 13684.1110    0  329          - 13684.1110      -     -    0s
     0     0 13713.3804    0  268          - 13713.3804      -     -    1s
     0     0 13758.4418    0  365          - 13758.4418      -     -    1s
     0     0 13768.9251    0  380          - 13768.9251      -     -    1s
     0     0 13780.3986    0  370          - 13780.3986      -     -    1s
     0     0 13787.2394    0  408          - 13787.2394      -     -    1s
     0     0 13789.6362    0  405          - 13789.6362      -     -    1s
     0     0 13789.6418    0  410          - 13789.6418      -     -    1s
     0     0 13822.8047    0  375          - 13822.8047      -     -    1s
     0     0 13844.2132    0  376          - 13844.2132      -     -    1s
     0     0 13848.2793    0  399          - 13848.2793      -     -    1s
     0     0 13848.4158    0  400          - 13848.4158      -     -    1s
     0     0 13860.5536    0  396          - 13860.5536      -     -    1s
     0     0 13862.1543    0  397          - 13862.1543      -     -    1s
     0     0 13866.5740    0  288          - 13866.5740      -     -    1s
     0     0 13882.7100    0  408          - 13882.7100      -     -    1s
     0     0 13886.3975    0  383          - 13886.3975      -     -    2s
     0     0 13886.8318    0  381          - 13886.8318      -     -    2s
     0     0 13891.4867    0  365          - 13891.4867      -     -    2s
     0     0 13899.1167    0  325          - 13899.1167      -     -    2s
     0     2 13899.1167    0  322          - 13899.1167      -     -    2s
    32    35 14312.7806   10  315          - 13938.0273      -   584    5s
   459   484 16961.0582   92   93          - 13938.0273      -   111   10s
   737   691 14677.2061   22  346          - 14114.7375      -  84.5   15s
   756   707 14170.8164   16  320          - 14169.7969      -  93.1   21s
   778   724 14280.8354   22  303          - 14194.1689      -   104   25s
   850   774 14617.7654   40  262          - 14194.1689      -   122   30s
   958   855 15966.7286   66  198          - 14194.1689      -   130   35s
  1197  1015 17043.0317  103   84          - 14194.1689      -   119   40s
H 1468  1124                    20685.890000 14199.4557  31.4%   104   44s
* 1470  1089             169    20547.490000 14199.4557  30.9%   104   44s
  1512  1053 14399.9314   20  349 20547.4900 14199.4557  30.9%   102   47s
  1530  1062 14588.4660   22  342 20547.4900 14199.4557  30.9%   105   50s
  1578  1096 14669.5537   30  313 20547.4900 14199.4557  30.9%   111   55s
  1644  1147 15029.4941   52  184 20547.4900 14199.4557  30.9%   116   60s
  1785  1282 16117.9908   91   88 20547.4900 14199.4557  30.9%   114   65s
  2121  1451 17237.8003  159   29 20547.4900 14199.4557  30.9%   100   71s
* 2299  1446             248    20347.380000 14238.9392  30.0%  95.4   75s
* 2304  1413             244    20337.510000 14238.9392  30.0%  95.2   75s
H 2345  1129                    17766.340000 14238.9542  19.9%  98.7   78s
  2352  1157 15545.5420   39  102 17766.3400 14238.9542  19.9%  98.8   81s
  2432  1219 14474.0623   23  394 17766.3400 14248.3752  19.8%  99.4   86s
  2545  1416 15652.9434   48  165 17766.3400 14248.3752  19.8%  99.1   90s
  2714  1461 14833.5330   30  260 17766.3400 14250.3215  19.8%  97.3   95s
  2885  1655 17228.1917  162   45 17766.3400 14258.3943  19.7%  94.9  101s
  2964  1844 14670.0844   28  364 17766.3400 14258.3943  19.7%  95.4  106s
  3162  1855 15013.4178   31  337 17766.3400 14258.3943  19.7%  91.1  110s
H 3167  1791                    17542.140000 14258.3943  18.7%  91.0  110s
  3223  1936 15801.7138   42  263 17542.1400 14258.3943  18.7%  93.7  117s
  3353  1988 16245.2332   51  244 17542.1400 14258.3943  18.7%  93.1  121s
  3437  2085 17019.0669   74   92 17542.1400 14281.2797  18.6%  93.6  127s
  3565  2145 14752.5537   28  327 17542.1400 14281.2797  18.6%  93.0  132s
  3649  2208 14476.3609   23  386 17542.1400 14281.2797  18.6%  93.0  135s
  3707  2251 15195.8203   35  271 17542.1400 14286.1193  18.6%  95.9  143s
  3709  2281 15381.3344   36  263 17542.1400 14286.1193  18.6%  95.9  145s
  3830  2386 14412.9341   23  372 17542.1400 14289.7482  18.5%  96.4  151s
  3903  2505 15594.1357   53  247 17542.1400 14289.7482  18.5%  98.0  159s
  3981  2627 16661.2500   92    8 17542.1400 14294.6292  18.5%  97.4  164s
  4194  2674 14669.0757   30  296 17542.1400 14296.9748  18.5%  94.8  167s
  4214  2757 15037.6091   36  324 17542.1400 14296.9748  18.5%  96.1  170s
  4555  3050 16388.4207  134   13 17542.1400 14301.6940  18.5%  93.2  178s
  4637  3085     cutoff  152      17542.1400 14309.1182  18.4%  93.2  182s
  4673  3177 15037.4117   36  342 17542.1400 14309.1182  18.4%  94.0  186s
  4779  3238 15705.0714   61  248 17542.1400 14309.3306  18.4%  94.0  190s
  4901  3337 14966.9421   34  301 17542.1400 14309.3306  18.4%  94.7  197s
H 4972  3467                    17529.820000 14309.3306  18.4%  95.2  202s
  5166  3492 14533.6636   29  454 17529.8200 14311.4926  18.4%  93.8  206s
  5185  3550 14960.1467   36  330 17529.8200 14311.4926  18.4%  94.8  210s
  5243  3714 16970.5259   74   40 17529.8200 14326.1042  18.3%  95.6  215s
  5445  3745 14899.9421   26  310 17529.8200 14326.1042  18.3%  94.1  220s
  5543  3855 16920.2316   98   94 17529.8200 14334.0035  18.2%  94.9  225s
  5649  4027 15815.4046   49  156 17529.8200 14338.1809  18.2%  96.1  234s
  5795  4074 14707.9414   26  370 17529.8200 14338.1809  18.2%  95.9  238s
  5842  4179 15527.6066   33  201 17529.8200 14338.1809  18.2%  97.3  244s
  5951  4315 16610.0107   53   96 17529.8200 14342.8154  18.2%  98.0  250s
  6136  4445 15006.6212   34  363 17529.8200 14345.3190  18.2%  97.3  256s
  6280  4508     cutoff  101      17529.8200 14345.3569  18.2%  97.2  261s
  6363  4623 15491.5422   31  312 17529.8200 14348.0878  18.2%  97.9  266s
  6504  4711 17164.0786   76   63 17529.8200 14350.6777  18.1%  98.1  272s
  6604  4791     cutoff   93      17529.8200 14351.0125  18.1%  98.7  278s
  6698  4998 15271.9494   43  243 17529.8200 14352.3145  18.1%  99.3  284s
  6848  4998 15572.4189   57  145 17529.8200 14352.5892  18.1%  98.5  285s
  6936  5155 14810.9734   28  309 17529.8200 14360.0173  18.1%  98.1  291s
  7119  5199     cutoff  158      17529.8200 14365.4169  18.1%  97.5  295s
  7164  5308 15316.5824   45  212 17529.8200 14366.7310  18.0%  98.6  300s
  7284  5429 14878.0781   25  369 17529.8200 14366.7310  18.0%  98.8  307s
  7459  5581 15672.1755   59  138 17529.8200 14367.6785  18.0%  99.2  315s
  7632  5696     cutoff  157      17529.8200 14371.7384  18.0%  98.8  321s
  7753  5867 16045.2758   80  159 17529.8200 14371.8821  18.0%   100  330s
  7981  5994 15413.1266   49  289 17529.8200 14372.3103  18.0%  99.4  337s
  8136  6193 14740.3958   29  363 17529.8200 14376.1345  18.0%  99.5  345s
  8356  6372 14608.7386   24  412 17529.8200 14378.5611  18.0%  99.3  353s
  8541  6494 15902.1056   73  219 17529.8200 14379.8870  18.0%  99.1  362s
  8690  6828 14904.0155   33  298 17529.8200 14381.8440  18.0%   100  372s
  9090  6917 17421.5164  121   36 17529.8200 14382.0612  18.0%  97.8  381s
  9204  7027 infeasible  125      17529.8200 14383.0505  18.0%  98.4  388s
  9316  7182 15947.1504   60  262 17529.8200 14383.9860  17.9%  99.3  396s
  9506  7293     cutoff  141      17529.8200 14390.4309  17.9%  99.0  405s
  9632  7337 15148.6544   32  149 17529.8200 14390.4719  17.9%  99.4  413s
  9676  7548 15089.2416   41  249 17529.8200 14390.4719  17.9%   100  423s
  9954  7626 17158.3512  115   24 17529.8200 14394.0476  17.9%   100  431s
 10048  7694 15951.0727   58   84 17529.8200 14394.9058  17.9%   101  438s
 10135  7757     cutoff  107      17529.8200 14399.1703  17.9%   101  444s
 10169  7757     cutoff   88      17529.8200 14399.4906  17.9%   101  445s
 10199  7915 15927.6899   54  181 17529.8200 14400.2270  17.9%   102  452s
 10382  8049 15655.2085   46  191 17529.8200 14404.9174  17.8%   102  461s
 10554  8163     cutoff   92      17529.8200 14406.1462  17.8%   102  469s
 10600  8163 infeasible  108      17529.8200 14406.2565  17.8%   102  470s
 10710  8284 16001.7662   63  192 17529.8200 14408.0218  17.8%   102  478s
 10838  8411 15203.1693   37  343 17529.8200 14409.2359  17.8%   102  487s
 10990  8550 14660.7520   26  434 17529.8200 14409.4886  17.8%   103  496s
 11141  8668 15994.6459   70  129 17529.8200 14410.7876  17.8%   103  505s
 11284  8787     cutoff  125      17529.8200 14410.9730  17.8%   103  514s
 11424  8844 14985.4691   39  333 17529.8200 14411.4046  17.8%   103  523s
 11481  9073 15032.5713   42  356 17529.8200 14411.4046  17.8%   104  533s
 11735  9245 15636.4246   60  158 17529.8200 14413.6609  17.8%   104  543s
 11927  9360     cutoff  111      17529.8200 14414.4238  17.8%   104  552s
 12054  9503 15786.5955   48  209 17529.8200 14414.8173  17.8%   104  562s
 12224  9658     cutoff   94      17529.8200 14415.8459  17.8%   104  572s
 12408  9805 16116.9810   71  222 17529.8200 14415.9607  17.8%   105  581s
 12582 10017 15514.4331   46  228 17529.8200 14417.6422  17.8%   105  590s
 12813 10121 15253.8655   34  217 17529.8200 14419.0830  17.7%   104  600s
 12920 10265 16107.2799   72   47 17529.8200 14419.3306  17.7%   105  610s
 13132 10321     cutoff  115      17529.8200 14420.1098  17.7%   105  619s
 13174 10425 14729.2633   30  308 17529.8200 14420.9708  17.7%   105  627s
 13282 10584 15639.2850   62  181 17529.8200 14421.4656  17.7%   106  639s
 13426 10599 16395.6508  134   41 17529.8200 14421.4656  17.7%   105  640s
 13510 10722 16638.9849  101   20 17529.8200 14423.3994  17.7%   105  648s
 13645 10847     cutoff  104      17529.8200 14425.0942  17.7%   106  657s
 13782 11005 15237.1034   42  203 17529.8200 14428.8919  17.7%   106  670s
