




arguments: ./build/bc_mirp -f ./input/orig_exec_11.cfg
Current dir: /scratch/gui/bc_mirp
File verbosity level: 9
date       time         ( uptime  ) [ thread name/id ]                   file:line     v| 
2021-02-06 12:03:08.929 (   0.369s) [main thread     ]             loguru.cpp:789   INFO| Logging to './output/vi_vc+lex_half/OU/V2/Original/execution_06_02_2021_12_03_08.log', mode: 'a', verbosity: 9
--------------------------------------------------------------------------------
Parameters
                           instance_path           ./input/Instances/Original/1/
                            model_policy                                       1
                             nb_vehicles                                       2
                              output_dir ./output/vi_vc+lex_half/OU/V2/Original/
                            sec_strategy                                       1
                       solver_nb_threads                                       2
                         solver_show_log                                    true
                       solver_time_limit                                    3600
                              use_vi_cos                                   false
                              use_vi_cus                                   false
                         use_vi_hc1_full                                   false
                         use_vi_hc1_half                                   false
                      use_vi_hc1_quarter                                   false
                              use_vi_hc2                                   false
                              use_vi_hc3                                   false
                         use_vi_lex_full                                   false
                         use_vi_lex_half                                    true
                      use_vi_lex_quarter                                   false
                              use_vi_qua                                   false
                               use_vi_vc                                    true
                               use_vi_vr                                   false
--------------------------------------------------------------------------------
executing instance: ./input/Instances/Original/1/absH3high_1n5.dat
--------------------------------------------------------------------------------
Instance details
n	6
H	3
C	289
Li:
[0, 0, 0, 0, 0, 0, ]
Ui:
[0, 195, 105, 116, 72, 22, ]
Distance matrix:
|0	85	349	17	203	289	|
|85	0	265	102	214	226	|
|349	265	0	366	368	238	|
|17	102	366	0	207	302	|
|203	214	368	207	0	431	|
|289	226	238	302	431	0	|

--------------------------------------------------------------------------------
Building model...
	using lazy and cut (CVRPSEP package)
Solving IRP LP...
--------------------------------------------------------------------------------

Gurobi 9.1.0 (linux64) logging started Sat Feb  6 12:03:09 2021

Gurobi Optimizer version 9.1.0 build v9.1.0rc0 (linux64)
Thread count: 32 physical cores, 32 logical processors, using up to 2 threads
Optimize a model with 150 rows, 180 columns and 621 nonzeros
Model fingerprint: 0xb64ea16d
Variable types: 54 continuous, 126 integer (36 binary)
Coefficient statistics:
  Matrix range     [1e+00, 2e+02]
  Objective range  [2e-01, 4e+02]
  Bounds range     [1e+00, 2e+02]
  RHS range        [1e+00, 5e+02]
Presolve removed 55 rows and 44 columns
Presolve time: 0.01s
Presolved: 95 rows, 136 columns, 434 nonzeros
Variable types: 28 continuous, 108 integer (81 binary)
Found heuristic solution: objective 3002.9100000
Found heuristic solution: objective 2851.5900000

Root relaxation: objective 1.717169e+03, 117 iterations, 0.00 seconds

    Nodes    |    Current Node    |     Objective Bounds      |     Work
 Expl Unexpl |  Obj  Depth IntInf | Incumbent    BestBd   Gap | It/Node Time

     0     0 1717.16900    0   20 2851.59000 1717.16900  39.8%     -    0s
H    0     0                    2705.3300000 1717.16900  36.5%     -    0s
     0     0 1856.16324    0   23 2705.33000 1856.16324  31.4%     -    0s
H    0     0                    2682.5900000 1856.16324  30.8%     -    0s
     0     0 1920.56585    0   22 2682.59000 1920.56585  28.4%     -    0s
     0     0 1920.65884    0   19 2682.59000 1920.65884  28.4%     -    0s
     0     0 1920.65884    0   22 2682.59000 1920.65884  28.4%     -    0s
     0     0 2164.72922    0   33 2682.59000 2164.72922  19.3%     -    0s
H    0     0                    2302.3500000 2164.72922  5.98%     -    0s
     0     0 2174.24411    0   25 2302.35000 2174.24411  5.56%     -    0s
     0     0 2215.97558    0   33 2302.35000 2215.97558  3.75%     -    0s
     0     0 2215.97558    0   17 2302.35000 2215.97558  3.75%     -    0s
     0     0 2247.73815    0   25 2302.35000 2247.73815  2.37%     -    0s
H    0     0                    2266.6100000 2247.73815  0.83%     -    0s
     0     0     cutoff    0      2266.61000 2266.61000  0.00%     -    0s

Cutting planes:
  Gomory: 2
  Cover: 6
  Implied bound: 3
  Clique: 1
  MIR: 4
  Flow cover: 8
  Zero half: 2
  RLT: 2
  Relax-and-lift: 1

Explored 1 nodes (337 simplex iterations) in 0.08 seconds
Thread count was 2 (of 32 available processors)

Solution count 6: 2266.61 2302.35 2682.59 ... 3002.91

Optimal solution found (tolerance 1.00e-04)
Best objective 2.266610000000e+03, best bound 2.266610000000e+03, gap 0.0000%

User-callback calls 166, time in user-callback 0.00 sec
================================================================================
executing instance: ./input/Instances/Original/1/absH3high_1n45.dat
--------------------------------------------------------------------------------
Instance details
n	46
H	3
C	3462
Li:
[0, 0, 0, 0, 0, 0, 0, 0, 0, 0, 0, 0, 0, 0, 0, 0, 0, 0, 0, 0, 0, 0, 0, 0, 0, 0, 0, 0, 0, 0, 0, 0, 0, 0, 0, 0, 0, 0, 0, 0, 0, 0, 0, 0, 0, 0, ]
Ui:
[0, 273, 270, 36, 165, 192, 148, 45, 30, 75, 180, 198, 112, 117, 90, 64, 180, 22, 264, 174, 168, 270, 86, 66, 26, 66, 237, 156, 92, 108, 144, 72, 30, 45, 94, 54, 174, 96, 198, 136, 44, 180, 210, 249, 198, 48, ]
Distance matrix:
|0	281	201	160	249	201	93	431	236	139	252	136	116	166	390	110	349	374	303	180	327	464	236	70	44	461	346	439	363	254	312	426	305	206	71	137	169	200	247	260	20	219	256	253	460	278	|
|281	0	448	170	53	142	338	184	121	290	371	390	222	302	111	289	169	434	230	177	238	441	59	212	319	211	86	235	399	306	53	176	99	202	263	157	361	101	370	201	264	344	364	374	469	184	|
|201	448	0	285	430	325	114	556	361	171	191	64	228	174	546	294	453	306	364	289	388	435	393	254	157	585	491	536	318	254	490	554	436	407	266	292	108	388	186	337	207	181	205	190	408	364	|
|160	170	285	0	169	43	182	280	80	120	208	231	58	132	262	230	190	294	151	24	174	345	112	107	183	309	207	280	268	158	219	276	155	235	187	45	192	150	205	107	140	177	202	210	356	119	|
|249	53	430	169	0	152	317	238	145	282	377	369	212	299	157	242	215	452	261	183	273	474	76	181	290	264	140	287	421	320	63	229	145	148	221	142	352	53	374	226	234	346	370	378	498	215	|
|201	142	325	43	152	0	224	237	37	156	230	273	101	164	224	261	148	300	127	38	147	333	83	142	225	266	167	238	270	168	193	233	112	246	221	70	228	148	228	84	180	202	222	232	351	87	|
|93	338	114	182	317	224	0	460	262	92	180	52	124	112	440	199	364	307	292	191	317	415	284	140	57	490	387	452	304	208	377	457	336	297	163	181	84	274	175	256	95	152	188	180	402	280	|
|431	184	556	280	238	237	460	0	199	385	420	508	337	385	108	464	110	429	219	269	206	378	202	365	460	30	98	84	388	340	204	9	126	386	432	294	453	283	421	226	411	404	408	423	422	198	|
|236	121	361	80	145	37	262	199	0	191	255	310	138	197	191	290	114	312	118	72	133	330	69	175	262	229	132	204	279	186	174	195	75	258	251	102	262	153	254	81	216	230	246	257	353	72	|
|139	290	171	120	282	156	92	385	191	0	116	129	71	27	380	246	283	235	201	119	226	329	231	141	129	414	323	367	224	119	336	383	266	308	202	141	72	252	112	169	127	82	118	117	322	195	|
|252	371	191	208	377	230	180	420	255	116	0	187	178	90	443	361	311	127	204	195	224	246	313	257	232	446	382	380	129	81	423	421	320	422	318	242	100	355	5	195	241	34	15	2	225	224	|
|136	390	64	231	369	273	52	508	310	129	187	0	173	141	491	233	409	313	330	239	355	431	335	191	93	538	438	495	316	233	429	505	385	342	203	233	88	325	182	297	143	167	199	187	412	323	|
|116	222	228	58	212	101	124	337	138	71	178	173	0	91	319	206	244	284	187	69	212	357	165	85	130	367	265	333	264	151	267	333	213	244	161	70	140	181	175	145	97	145	177	180	359	165	|
|166	302	174	132	299	164	112	385	197	27	90	141	91	0	388	273	280	208	191	127	215	305	243	167	153	413	329	361	198	96	351	383	270	333	229	159	68	272	86	163	153	56	92	91	296	190	|
|390	111	546	262	157	224	440	108	191	380	443	491	319	388	0	399	164	480	264	261	261	456	156	320	426	125	62	186	442	369	107	99	125	300	374	260	452	210	443	252	372	420	433	446	494	227	|
|110	289	294	230	242	261	199	464	290	246	361	233	206	273	399	0	402	480	382	254	404	562	262	124	143	493	369	490	466	355	302	457	344	135	45	191	279	189	356	337	120	328	364	362	563	348	|
|349	169	453	190	215	148	364	110	114	283	311	409	244	280	164	402	0	324	110	174	101	292	151	289	372	135	109	90	284	230	212	111	70	354	364	216	348	245	312	118	329	295	298	313	330	90	|
|374	434	306	294	452	300	307	429	312	235	127	313	284	208	480	480	324	0	216	274	223	137	380	368	357	448	419	367	40	136	487	432	358	525	436	336	227	443	132	234	361	156	119	127	102	255	|
|303	230	364	151	261	127	292	219	118	201	204	330	187	191	264	382	110	216	0	128	25	213	185	258	314	243	203	176	178	123	282	221	144	372	338	193	256	270	206	45	283	193	191	206	239	46	|
|180	177	289	24	183	38	191	269	72	119	195	239	69	127	261	254	174	274	128	0	151	321	118	130	198	299	204	263	246	139	228	266	147	258	211	68	191	169	193	83	159	166	188	197	333	98	|
|327	238	388	174	273	147	317	206	133	226	224	355	212	215	261	404	101	223	25	151	0	203	198	281	339	228	202	156	184	143	288	209	146	390	362	215	280	286	226	68	308	215	210	226	235	61	|
|464	441	435	345	474	333	415	378	330	329	246	431	357	305	456	562	292	137	213	321	203	0	398	440	458	390	400	301	117	211	492	384	348	578	517	389	344	480	251	251	448	265	233	246	54	259	|
|236	59	393	112	76	83	284	202	69	231	313	335	165	243	156	262	151	380	185	118	198	398	0	167	270	231	110	233	347	250	110	195	85	203	230	103	303	95	311	150	217	284	305	315	422	139	|
|70	212	254	107	181	142	140	365	175	141	257	191	85	167	320	124	289	368	258	130	281	440	167	0	109	394	277	378	349	236	244	359	239	167	81	73	196	135	253	213	53	223	257	258	444	226	|
|44	319	157	183	290	225	57	460	262	129	232	93	130	153	426	143	372	357	314	198	339	458	270	109	0	490	379	462	351	247	353	456	334	250	110	168	140	243	226	274	56	201	238	232	449	294	|
|461	211	585	309	264	266	490	30	229	414	446	538	367	413	125	493	135	448	243	299	228	390	231	394	490	0	125	89	408	365	226	36	156	412	462	324	481	311	447	253	441	430	433	448	436	225	|
|346	86	491	207	140	167	387	98	132	323	382	438	265	329	62	369	109	419	203	204	202	400	110	277	379	125	0	155	381	307	113	90	63	288	339	211	394	186	382	190	327	359	371	384	436	165	|
|439	235	536	280	287	238	452	84	204	367	380	495	333	361	186	490	90	367	176	263	156	301	233	378	462	89	155	0	326	299	267	92	148	432	454	306	429	325	382	199	419	369	366	382	348	172	|
|363	399	318	268	421	270	304	388	279	224	129	316	264	198	442	466	284	40	178	246	184	117	347	349	351	408	381	326	0	113	452	391	321	502	422	311	229	415	134	199	348	152	118	130	98	219	|
|254	306	254	158	320	168	208	340	186	119	81	233	151	96	369	355	230	136	123	139	143	211	250	236	247	365	307	299	113	0	359	340	244	390	310	200	148	308	83	117	238	74	68	83	208	145	|
|312	53	490	219	63	193	377	204	174	336	423	429	267	351	107	302	212	487	282	228	288	492	110	244	353	226	113	267	452	359	0	195	145	194	283	199	407	115	421	254	296	394	415	425	521	237	|
|426	176	554	276	229	233	457	9	195	383	421	505	333	383	99	457	111	432	221	266	209	384	195	359	456	36	90	92	391	340	195	0	122	378	426	289	451	275	421	226	406	404	408	423	427	197	|
|305	99	436	155	145	112	336	126	75	266	320	385	213	270	125	344	70	358	144	147	146	348	85	239	334	156	63	148	321	244	145	122	0	286	310	168	336	177	320	128	285	298	309	322	381	103	|
|206	202	407	235	148	246	297	386	258	308	422	342	244	333	300	135	354	525	372	258	390	578	203	167	250	412	288	432	502	390	194	378	286	0	144	191	362	109	418	329	202	388	421	423	591	329	|
|71	263	266	187	221	221	163	432	251	202	318	203	161	229	374	45	364	436	338	211	362	517	230	81	110	462	339	454	422	310	283	426	310	144	0	150	239	168	313	294	77	285	321	319	518	306	|
|137	157	292	45	142	70	181	294	102	141	242	233	70	159	260	191	216	336	193	68	215	389	103	73	168	324	211	306	311	200	199	289	168	191	150	0	210	113	239	148	117	210	238	244	400	157	|
|169	361	108	192	352	228	84	453	262	72	100	88	140	68	452	279	348	227	256	191	280	344	303	196	140	481	394	429	229	148	407	451	336	362	239	210	0	318	95	231	164	79	111	100	325	258	|
|200	101	388	150	53	148	274	283	153	252	355	325	181	272	210	189	245	443	270	169	286	480	95	135	243	311	186	325	415	308	115	275	177	109	168	113	318	0	352	230	187	323	351	357	498	225	|
|247	370	186	205	374	228	175	421	254	112	5	182	175	86	443	356	312	132	206	193	226	251	311	253	226	447	382	382	134	83	421	421	320	418	313	239	95	352	0	196	237	30	19	6	230	224	|
|260	201	337	107	226	84	256	226	81	169	195	297	145	163	252	337	118	234	45	83	68	251	150	213	274	253	190	199	199	117	254	226	128	329	294	148	231	230	196	0	240	178	184	198	272	29	|
|20	264	207	140	234	180	95	411	216	127	241	143	97	153	372	120	329	361	283	159	308	448	217	53	56	441	327	419	348	238	296	406	285	202	77	117	164	187	237	240	0	208	245	242	446	257	|
|219	344	181	177	346	202	152	404	230	82	34	167	145	56	420	328	295	156	193	166	215	265	284	223	201	430	359	369	152	74	394	404	298	388	285	210	79	323	30	178	208	0	37	35	250	206	|
|256	364	205	202	370	222	188	408	246	118	15	199	177	92	433	364	298	119	191	188	210	233	305	257	238	433	371	366	118	68	415	408	309	421	321	238	111	351	19	184	245	37	0	17	214	212	|
|253	374	190	210	378	232	180	423	257	117	2	187	180	91	446	362	313	127	206	197	226	246	315	258	232	448	384	382	130	83	425	423	322	423	319	244	100	357	6	198	242	35	17	0	225	226	|
|460	469	408	356	498	351	402	422	353	322	225	412	359	296	494	563	330	102	239	333	235	54	422	444	449	436	436	348	98	208	521	427	381	591	518	400	325	498	230	272	446	250	214	225	0	285	|
|278	184	364	119	215	87	280	198	72	195	224	323	165	190	227	348	90	255	46	98	61	259	139	226	294	225	165	172	219	145	237	197	103	329	306	157	258	225	224	29	257	206	212	226	285	0	|

--------------------------------------------------------------------------------
Building model...
	using lazy and cut (CVRPSEP package)
Solving IRP LP...
--------------------------------------------------------------------------------

Gurobi 9.1.0 (linux64) logging started Sat Feb  6 12:03:09 2021

Gurobi Optimizer version 9.1.0 build v9.1.0rc0 (linux64)
Thread count: 32 physical cores, 32 logical processors, using up to 2 threads
Optimize a model with 1150 rows, 6940 columns and 16141 nonzeros
Model fingerprint: 0x38ba0136
Variable types: 454 continuous, 6486 integer (276 binary)
Coefficient statistics:
  Matrix range     [1e+00, 8e+06]
  Objective range  [1e-01, 6e+02]
  Bounds range     [1e+00, 3e+02]
  RHS range        [1e+00, 6e+03]
Presolve removed 277 rows and 180 columns
Presolve time: 0.10s
Presolved: 873 rows, 6760 columns, 15055 nonzeros
Variable types: 316 continuous, 6444 integer (6174 binary)

Root relaxation: objective 1.302212e+04, 686 iterations, 0.02 seconds

    Nodes    |    Current Node    |     Objective Bounds      |     Work
 Expl Unexpl |  Obj  Depth IntInf | Incumbent    BestBd   Gap | It/Node Time

     0     0 13022.1222    0  113          - 13022.1222      -     -    0s
     0     0 13432.1450    0  135          - 13432.1450      -     -    0s
     0     0 13440.1866    0  119          - 13440.1866      -     -    0s
     0     0 13441.2179    0  126          - 13441.2179      -     -    0s
     0     0 13441.2179    0  122          - 13441.2179      -     -    0s
     0     0 13901.1981    0  173          - 13901.1981      -     -    0s
     0     0 13975.7681    0  200          - 13975.7681      -     -    0s
     0     0 14087.9621    0  227          - 14087.9621      -     -    0s
     0     0 14102.1048    0  205          - 14102.1048      -     -    0s
     0     0 14102.9867    0  218          - 14102.9867      -     -    0s
     0     0 14176.2171    0  278          - 14176.2171      -     -    1s
     0     0 14213.7026    0  211          - 14213.7026      -     -    1s
     0     0 14222.5676    0  220          - 14222.5676      -     -    1s
     0     0 14223.9398    0  193          - 14223.9398      -     -    1s
     0     0 14262.5977    0  307          - 14262.5977      -     -    1s
     0     0 14282.5913    0  248          - 14282.5913      -     -    1s
     0     0 14286.1388    0  242          - 14286.1388      -     -    2s
     0     0 14288.1685    0  221          - 14288.1685      -     -    2s
     0     0 14288.3454    0  263          - 14288.3454      -     -    2s
     0     0 14298.8931    0  212          - 14298.8931      -     -    2s
     0     0 14302.3549    0  237          - 14302.3549      -     -    2s
     0     0 14302.8958    0  242          - 14302.8958      -     -    2s
     0     0 14318.2533    0  186          - 14318.2533      -     -    2s
     0     0 14320.9703    0  167          - 14320.9703      -     -    2s
     0     0 14321.0089    0  177          - 14321.0089      -     -    2s
     0     0 14331.2378    0  251          - 14331.2378      -     -    3s
     0     0 14331.2378    0  237          - 14331.2378      -     -    3s
     0     2 14332.3023    0  269          - 14332.3023      -     -    3s
    19    23 14413.0981    6  303          - 14370.5298      -   280    5s
   255   266 14886.9654   47   45          - 14370.5298      -   117   10s
   697   633 16980.8269  152   19          - 14371.5726      -  58.2   15s
   738   657 16982.1602  153  368          - 14397.3295      -  59.6   20s
   752   666 17757.1800  227  424          - 14405.6769      -  58.5   25s
   759   674 14464.9694   16  302          - 14417.3091      -  67.1   30s
   820   714 14706.0695   32  156          - 14438.4318      -  83.8   35s
   929   800 14747.8567   55  168          - 14438.4318      -  94.2   40s
  1040   870 14885.7342   80  188          - 14438.4318      -   100   45s
  1140   945 15058.2030  102  110          - 14438.4318      -   104   50s
  1272  1047 15351.4467  136  157          - 14438.4318      -   105   55s
  1392  1188 15583.2255  163   40          - 14438.4318      -   104   60s
  1601  1337 15831.8397  209   18          - 14438.4318      -  96.1   66s
* 1726  1265             275    16955.170000 14438.4318  14.8%  90.9   66s
  1767  1298 16481.7576  254   16 16955.1700 14438.4318  14.8%  91.4   71s
  1864  1299 16867.5200  294    8 16955.1700 14451.2223  14.8%  88.9   75s
  1920  1324 14646.7338   38  220 16955.1700 14451.2223  14.8%  92.3   80s
  1953  1363 14600.5777   33  292 16955.1700 14451.2223  14.8%  94.7   85s
  1988  1392 14639.8106   40  237 16955.1700 14451.2223  14.8%  96.6   91s
  2047  1428 14749.3171   48  116 16955.1700 14451.2223  14.8%  98.5   95s
  2155  1546 14850.4201   59  113 16955.1700 14451.2223  14.8%  98.9  101s
  2249  1591 15018.6360  103   14 16955.1700 14451.2223  14.8%  97.7  106s
  2416  1807 15312.5910  133   34 16955.1700 14451.2223  14.8%  94.1  113s
* 2537  1534             250    16397.610000 14451.2223  11.9%  90.9  114s
* 2554  1519             255    16367.180000 14451.2223  11.7%  90.4  114s
  2599  1519     cutoff  270      16367.1800 14451.2223  11.7%  89.4  115s
  2721  1641 15873.3784  228   35 16367.1800 14451.6491  11.7%  87.5  120s
* 2838  1676             254    16359.120000 14458.0166  11.6%  86.1  123s
* 2851  1668             257    16331.120000 14458.0166  11.5%  85.7  123s
  2878  1676     cutoff  256      16331.1200 14458.0395  11.5%  86.7  126s
  2916  1773 14969.9083   34  146 16331.1200 14458.0395  11.5%  88.9  130s
  3123  1953 14582.2633   23  320 16331.1200 14465.0557  11.4%  87.6  138s
  3270  1988 16120.3867  181    4 16331.1200 14465.0557  11.4%  84.9  140s
  3384  2048 14869.8274   46  259 16331.1200 14465.0557  11.4%  84.4  145s
  3460  2139 15694.1047  105   99 16331.1200 14470.2077  11.4%  85.9  151s
  3554  2250 14711.4061   32  237 16331.1200 14470.2077  11.4%  87.7  157s
  3629  2434 14846.7404   39  180 16331.1200 14470.2077  11.4%  87.1  162s
  3833  2564 15175.2567   65  102 16331.1200 14470.2077  11.4%  84.4  167s
  3977  2623 15856.1588  113   42 16331.1200 14474.5792  11.4%  83.2  172s
  4054  2665 14615.4650   21  284 16331.1200 14474.7865  11.4%  83.3  176s
  4096  2802 14976.9615   41  140 16331.1200 14474.7865  11.4%  84.6  180s
  4268  2863 14755.7247   30  157 16331.1200 14476.5988  11.4%  84.6  188s
  4317  2995 15218.8571   51   87 16331.1200 14476.9696  11.4%  85.1  193s
  4451  3000 16086.7438  112   30 16331.1200 14478.1365  11.3%  84.4  195s
  4515  3034 14903.9782   32  230 16331.1200 14481.3375  11.3%  86.1  206s
  4517  3090 14920.4260   33  241 16331.1200 14481.3375  11.3%  86.2  210s
  4573  3354 15300.7946   62  225 16331.1200 14481.6524  11.3%  86.7  217s
  4871  3389 14610.6978   24  376 16331.1200 14483.3879  11.3%  83.9  224s
  4906  3432 14757.6752   30  237 16331.1200 14483.3879  11.3%  85.8  229s
  4949  3600 14909.8067   42   92 16331.1200 14483.3879  11.3%  86.8  235s
  5121  3847 15416.0369   68   35 16331.1200 14490.3445  11.3%  86.6  246s
  5457  3884 infeasible  182      16331.1200 14495.9289  11.2%  84.1  254s
  5486  3926 14799.4035   25  359 16331.1200 14495.9821  11.2%  85.9  259s
  5523  4043 14839.9707   30  270 16331.1200 14495.9821  11.2%  87.8  266s
  5640  4136 15258.9409   41  134 16331.1200 14495.9821  11.2%  88.9  274s
  5667  4136 15525.9133   51   21 16331.1200 14495.9821  11.2%  89.1  275s
  5768  4189 15686.3610   55   50 16331.1200 14496.5591  11.2%  88.7  282s
  5840  4285 infeasible   76      16331.1200 14502.3124  11.2%  89.5  303s
  5934  4382 14990.1409   45   52 16331.1200 14502.5035  11.2%  90.1  309s
  6063  4430     cutoff  109      16331.1200 14506.8091  11.2%  90.2  315s
  6116  4573 14816.0410   41  174 16331.1200 14506.8425  11.2%  91.6  322s
  6266  4666 16161.7354  145   47 16331.1200 14507.5183  11.2%  91.6  331s
  6380  4761 14961.1605   36  187 16331.1200 14508.8236  11.2%  92.2  339s
  6455  4765 16128.9901  129   40 16331.1200 14510.6096  11.1%  92.3  340s
  6515  4798 14632.6406   24  425 16331.1200 14510.6096  11.1%  92.7  346s
  6550  4880 14859.4622   28  264 16331.1200 14510.6096  11.1%  94.3  353s
  6651  5066 15019.6663   35   51 16331.1200 14510.6096  11.1%  95.1  363s
  6855  5130 15860.8371   75   38 16331.1200 14512.3984  11.1%  94.9  372s
  6953  5177 infeasible   92      16331.1200 14512.8779  11.1%  95.8  379s
  7003  5359 15124.9262   40  181 16331.1200 14527.4888  11.0%  97.2  387s
  7217  5415 infeasible  119      16331.1200 14528.1542  11.0%  96.6  398s
  7275  5599 15417.4057   58   75 16331.1200 14529.8139  11.0%  98.0  407s
  7458  5607 15348.4412   62   87 16331.1200 14532.0254  11.0%  98.4  410s
  7505  5685 16282.8703  102    8 16331.1200 14532.2075  11.0%  98.0  418s
  7601  5746     cutoff  103      16331.1200 14533.2949  11.0%  98.8  428s
  7670  5845 14921.8038   43   63 16331.1200 14536.8684  11.0%   101  440s
  7778  5986 15070.0838   72    7 16331.1200 14537.7363  11.0%   101  452s
  7991  6137 15581.4167   85   54 16331.1200 14543.2613  10.9%   101  463s
  8077  6152 15105.3738   45  186 16331.1200 14543.2613  10.9%   101  465s
  8158  6210     cutoff  128      16331.1200 14545.5111  10.9%   101  474s
  8223  6355 14993.4077   46  118 16331.1200 14549.5311  10.9%   102  484s
  8277  6357 15780.7916   98   20 16331.1200 14549.5311  10.9%   102  485s
  8419  6505 14773.6201   31  210 16331.1200 14549.7459  10.9%   102  498s
  8544  6506 16052.2600   86    8 16331.1200 14549.7459  10.9%   103  500s
  8554  6652 15020.0236   38  137 16331.1200 14551.6960  10.9%   103  510s
  8765  6782 16010.1700   79   27 16331.1200 14554.1485  10.9%   103  547s
  8928  6866     cutoff   99      16331.1200 14556.3984  10.9%   103  558s
  9021  6967 15144.5441   50  190 16331.1200 14557.7470  10.9%   104  567s
  9156  7062 infeasible   98      16331.1200 14560.4613  10.8%   105  577s
  9264  7165 15025.5097   33  264 16331.1200 14561.6245  10.8%   106  587s
  9365  7255 16111.3600  108    8 16331.1200 14561.9605  10.8%   106  598s
  9465  7259 15388.7700   81    2 16331.1200 14562.9805  10.8%   107  600s
  9482  7373 15001.7760   39  119 16331.1200 14562.9805  10.8%   107  612s
  9592  7514 15337.9686   53  104 16331.1200 14563.0949  10.8%   108  626s
  9787  7664 16106.6300   76    7 16331.1200 14563.3004  10.8%   108  639s
  9825  7665 15027.2893   51  154 16331.1200 14563.3004  10.8%   108  640s
  9960  7755 16060.4400  110    - 16331.1200 14564.1291  10.8%   108  652s
 10055  7874 16119.1700  110   14 16331.1200 14564.2089  10.8%   109  663s
 10193  7956     cutoff  120      16331.1200 14566.0082  10.8%   110  675s
 10288  8143 14979.7733   55  119 16331.1200 14567.9710  10.8%   111  688s
 10397  8156 15042.0965   40  115 16331.1200 14567.9710  10.8%   111  690s
 10533  8270 15779.6700  113    - 16331.1200 14568.0076  10.8%   111  702s
 10703  8354 15993.8300  113    - 16331.1200 14569.1846  10.8%   111  712s
*10737  8195             135    16261.450000 14569.2830  10.4%   112  713s
*10738  7754             135    16139.290000 14569.2830  9.73%   112  713s
*10742  7083             134    15949.290000 14569.2830  8.65%   112  713s
 10775  7158     cutoff  113      15949.2900 14570.4176  8.65%   112  722s
 10882  7294 14986.9019   42  109 15949.2900 14573.7629  8.62%   113  734s
 10936  7294 15163.1109   69   16 15949.2900 14573.7629  8.62%   114  735s
 11040  7383 15209.3500   76    4 15949.2900 14574.4841  8.62%   114  759s
H11175  2174                    14970.220000 14575.2607  2.64%   114  769s
 11234  2149     cutoff   46      14970.2200 14578.2451  2.62%   115  778s
 11286  2180 14775.8620   27  380 14970.2200 14583.1866  2.59%   117  788s
 11358  2233 14814.1175   25  368 14970.2200 14584.2700  2.58%   118  797s
 11429  2278 14824.1490   36  229 14970.2200 14584.4312  2.58%   119  807s
 11520  2305 14897.6103   27  207 14970.2200 14585.2740  2.57%   121  816s
 11580  2335     cutoff   45      14970.2200 14586.1931  2.57%   122  828s
 11633  2376 14858.9510   24   91 14970.2200 14588.3300  2.55%   124  839s
 11702  2393     cutoff   33      14970.2200 14588.7189  2.55%   125  850s
 11761  2426     cutoff   23      14970.2200 14589.6133  2.54%   127  862s
 11820  2445     cutoff   25      14970.2200 14589.7050  2.54%   128  877s
 11885  2492 14888.1210   25  219 14970.2200 14590.9981  2.53%   130  890s
 11972  2525 14682.2308   24  294 14970.2200 14592.9771  2.52%   131  903s
 12035  2558 14756.5797   27  162 14970.2200 14595.0757  2.51%   133  916s
 12088  2596     cutoff   41      14970.2200 14595.7112  2.50%   134  930s
 12175  2665 14864.3481   38   61 14970.2200 14597.7726  2.49%   135  944s
 12202  2665 14929.8909   61   77 14970.2200 14597.7726  2.49%   135  945s
 12275  2736 14889.6349   41  114 14970.2200 14597.9664  2.49%   136  959s
 12380  2786 14741.2459   28  216 14970.2200 14599.6042  2.48%   138  975s
 12471  2845 14828.6565   27  222 14970.2200 14599.8913  2.47%   139  989s
 12581  2902 14741.0600   22  216 14970.2200 14601.2442  2.46%   141 1003s
 12669  2943     cutoff   35      14970.2200 14602.0701  2.46%   142 1017s
 12758  2972 14775.5508   26  357 14970.2200 14605.5064  2.44%   143 1030s
 12821  3009 14898.4894   32  269 14970.2200 14605.6368  2.44%   145 1043s
 12910  3032 14800.2695   23  229 14970.2200 14607.6372  2.42%   146 1057s
 12980  3067 14886.9335   30  145 14970.2200 14607.8582  2.42%   147 1069s
 13016  3067 14739.4814   23  260 14970.2200 14608.0430  2.42%   148 1070s
 13043  3113 14955.8279   46  285 14970.2200 14608.4338  2.42%   148 1086s
 13127  3156 14879.1379   42  136 14970.2200 14610.5198  2.40%   150 1101s
 13216  3229 14766.3932   28  281 14970.2200 14611.6836  2.39%   151 1118s
 13342  3265 14931.0100   51   26 14970.2200 14613.3575  2.38%   152 1133s
 13424  3302     cutoff   39      14970.2200 14614.4503  2.38%   154 1148s
 13493  3334 14882.0951   34  315 14970.2200 14615.7943  2.37%   155 1165s
 13586  3391 14807.0360   25  239 14970.2200 14617.4310  2.36%   156 1181s
 13703  3440 14700.6927   20  187 14970.2200 14618.6333  2.35%   157 1198s
 13802  3496 14811.3609   36  229 14970.2200 14619.3413  2.34%   159 1217s
 13913  3545 14893.3231   26  339 14970.2200 14620.7259  2.33%   160 1235s
 14002  3587 14789.4384   30  212 14970.2200 14621.7027  2.33%   161 1253s
 14097  3633     cutoff   27      14970.2200 14623.4627  2.32%   163 1271s
 14205  3684 14938.8917   35  150 14970.2200 14624.8230  2.31%   164 1290s
 14298  3720 14892.8428   34  188 14970.2200 14625.8885  2.30%   165 1307s
 14378  3750 14915.8662   34  239 14970.2200 14626.2865  2.30%   166 1325s
 14493  3837 14813.2618   32   69 14970.2200 14627.8286  2.29%   167 1345s
 14632  3901 14830.6838   28  113 14970.2200 14628.7648  2.28%   168 1363s
 14763  3954 14858.7354   22  123 14970.2200 14629.9610  2.27%   169 1380s
 14871  4007 14930.3561   34  219 14970.2200 14632.2162  2.26%   170 1399s
 14917  4007 14886.9677   31  300 14970.2200 14632.5994  2.26%   171 1400s
 14972  4080 14794.6806   33  262 14970.2200 14632.7586  2.25%   172 1415s
 15113  4106     cutoff   41      14970.2200 14633.7894  2.25%   172 1430s
 15204  4154     cutoff   37      14970.2200 14634.8108  2.24%   174 1445s
 15304  4218 14693.3100   27  347 14970.2200 14637.3169  2.22%   175 1461s
 15419  4251     cutoff   56      14970.2200 14637.8872  2.22%   176 1476s
 15514  4292     cutoff   45      14970.2200 14639.0635  2.21%   177 1492s
 15611  4403 14747.5898   28  221 14970.2200 14639.5512  2.21%   178 1509s
 15643  4403 14937.1894   51   18 14970.2200 14639.5512  2.21%   178 1510s
 15778  4493 14733.0176   36  101 14970.2200 14640.4044  2.20%   179 1530s
 15940  4547 14778.1942   32  255 14970.2200 14643.0297  2.19%   178 1548s
 16033  4597 14775.2640   20  317 14970.2200 14643.7021  2.18%   180 1565s
 16146  4650 14960.2335   36  207 14970.2200 14644.3523  2.18%   181 1583s
 16264  4705 14929.1603   33  209 14970.2200 14645.8434  2.17%   182 1602s
 16389  4776 14752.8618   31  375 14970.2200 14647.5286  2.16%   183 1622s
 16488  4827 14846.7908   30  217 14970.2200 14647.9443  2.15%   184 1642s
H16523  4072                    14921.220000 14647.9443  1.83%   184 1642s
 16588  4089     cutoff   32      14921.2200 14648.8334  1.83%   185 1661s
 16698  4133 14812.5858   22  275 14921.2200 14650.3725  1.82%   186 1680s
 16780  4181 14900.1448   29  222 14921.2200 14650.8705  1.81%   187 1697s
 16870  4230 14878.9231   35  231 14921.2200 14652.0802  1.80%   188 1714s
 16922  4230 14877.6033   32  291 14921.2200 14652.0802  1.80%   188 1715s
 16962  4280 14881.5799   34  286 14921.2200 14652.8759  1.80%   189 1730s
 17090  4322 14733.3022   26  278 14921.2200 14653.2795  1.80%   190 1747s
 17193  4341     cutoff   30      14921.2200 14653.8671  1.79%   191 1763s
 17314  4389 14757.1887   31  312 14921.2200 14654.4064  1.79%   192 1783s
 17406  4439 14817.2051   25  308 14921.2200 14654.6209  1.79%   194 1802s
 17542  4494 14798.9191   54   23 14921.2200 14655.6545  1.78%   195 1819s
 17578  4494 14850.2343   28  141 14921.2200 14655.6545  1.78%   195 1820s
 17669  4521 14862.3624   32  293 14921.2200 14657.2895  1.77%   196 1837s
 17772  4580 14875.7115   31  110 14921.2200 14658.1351  1.76%   197 1857s
 17897  4620 14910.6319   35  231 14921.2200 14659.2405  1.76%   198 1875s
 18005  4676     cutoff   33      14921.2200 14660.4196  1.75%   199 1894s
 18065  4676 14766.6595   26  114 14921.2200 14661.4651  1.74%   199 1895s
 18120  4732 14790.8664   41   91 14921.2200 14661.5128  1.74%   199 1914s
 18176  4732 14780.4656   36  234 14921.2200 14661.5128  1.74%   200 1915s
 18254  4764 14772.2022   32  355 14921.2200 14662.2233  1.74%   200 1932s
 18368  4818 14815.5229   30  284 14921.2200 14663.0257  1.73%   201 1950s
 18494  4871 14860.2092   25  100 14921.2200 14664.5502  1.72%   202 1968s
 18633  4943 14838.0422   30  142 14921.2200 14665.3956  1.71%   203 1988s
 18771  4994 14887.5921   52   18 14921.2200 14666.1397  1.71%   204 2007s
 18926  5041 14836.2191   42  102 14921.2200 14667.0442  1.70%   204 2027s
 19058  5130 14814.6240   25  155 14921.2200 14667.6296  1.70%   205 2049s
 19133  5130 14717.3444   34  135 14921.2200 14668.0011  1.70%   205 2050s
 19238  5192 14890.1881   31  245 14921.2200 14668.0685  1.70%   206 2069s
 19282  5192 14833.0095   32  189 14921.2200 14668.0685  1.70%   206 2070s
 19378  5278 14716.7933   28  361 14921.2200 14669.3858  1.69%   206 2092s
 19543  5355 14721.1856   28  258 14921.2200 14669.8868  1.68%   207 2113s
 19677  5391 14859.6755   38  288 14921.2200 14671.0053  1.68%   208 2133s
 19793  5427 14792.1496   27  211 14921.2200 14671.6543  1.67%   209 2154s
 19905  5494 14729.3393   36  116 14921.2200 14672.5115  1.67%   210 2179s
 19992  5494     cutoff   44      14921.2200 14673.3510  1.66%   210 2180s
 20034  5513 14818.5085   35  356 14921.2200 14673.3842  1.66%   210 2202s
 20136  5609 14844.9984   32  154 14921.2200 14673.6697  1.66%   211 2226s
 20304  5647     cutoff   43      14921.2200 14674.5218  1.65%   212 2251s
 20444  5719 14759.5831   33  127 14921.2200 14675.2561  1.65%   213 2273s
 20564  5758     cutoff   37      14921.2200 14675.5408  1.65%   214 2292s
 20695  5796     cutoff   33      14921.2200 14676.3955  1.64%   215 2310s
 20826  5834 14779.3958   27  312 14921.2200 14677.4321  1.63%   215 2327s
 20938  5883 14918.0997   41  201 14921.2200 14678.2565  1.63%   217 2346s
 21070  5914 14832.9774   32  313 14921.2200 14679.8451  1.62%   217 2366s
 21153  5963 14763.3289   30  318 14921.2200 14680.1463  1.62%   218 2385s
 21271  6005 14872.6817   33  255 14921.2200 14680.7954  1.61%   219 2406s
 21430  6031     cutoff   32      14921.2200 14681.6875  1.61%   219 2424s
 21490  6031 14891.5923   38  140 14921.2200 14681.6875  1.61%   220 2425s
 21564  6094 14792.3266   29  281 14921.2200 14682.0490  1.60%   220 2446s
 21723  6145     cutoff   51      14921.2200 14682.7941  1.60%   221 2468s
 21877  6191 14796.6842   33  273 14921.2200 14683.2318  1.59%   222 2489s
 21996  6232     cutoff   36      14921.2200 14683.6234  1.59%   223 2517s
*22026  6115              52    14915.920000 14683.6234  1.56%   223 2517s
 22139  6158     cutoff   37      14915.9200 14684.0493  1.55%   223 2539s
 22226  6158 14862.5056   32  346 14915.9200 14684.5599  1.55%   224 2540s
 22298  6214 14798.3242   29  139 14915.9200 14684.6228  1.55%   224 2561s
 22444  6287 14818.4438   34  294 14915.9200 14685.1676  1.55%   225 2581s
 22628  6342     cutoff   28      14915.9200 14686.1284  1.54%   225 2605s
 22771  6389 14794.7334   29  326 14915.9200 14686.6695  1.54%   226 2628s
 22896  6445 14830.5917   30  225 14915.9200 14687.3019  1.53%   227 2650s
 23044  6487 14914.4000   47    8 14915.9200 14687.6882  1.53%   228 2670s
 23199  6509     cutoff   48      14915.9200 14688.5351  1.52%   228 2692s
H23272  6342                    14908.280000 14689.1198  1.47%   229 2693s
 23324  6364 14805.8916   28  221 14908.2800 14689.1409  1.47%   229 2714s
H23371  5925                    14892.680000 14689.1409  1.37%   230 2714s
 23452  5956 14756.5507   28  179 14892.6800 14689.3986  1.36%   230 2737s
 23571  5994 14833.6212   31  305 14892.6800 14690.3745  1.36%   231 2761s
 23697  6059 14772.4080   33  137 14892.6800 14690.9765  1.35%   232 2782s
 23878  6106 14819.8020   27  352 14892.6800 14692.1511  1.35%   232 2804s
 24029  6125     cutoff   34      14892.6800 14692.4828  1.34%   233 2824s
H24033  5996                    14888.680000 14692.4828  1.32%   233 2824s
 24144  6047 14876.7075   30  211 14888.6800 14693.1758  1.31%   234 2847s
 24293  6068 14849.1228   33  266 14888.6800 14694.1319  1.31%   235 2870s
 24426  6121 14789.6372   34  301 14888.6800 14694.6788  1.30%   236 2893s
H24501  6001                    14885.510000 14694.6788  1.28%   236 2894s
 24546  6001 14864.5246   48   87 14885.5100 14695.3193  1.28%   236 2895s
 24586  6057     cutoff   32      14885.5100 14695.5247  1.28%   236 2925s
 24773  6096 14826.2222   29  368 14885.5100 14696.1584  1.27%   237 2957s
 24927  6131     cutoff   42      14885.5100 14696.4902  1.27%   237 2988s
 25066  6156     cutoff   28      14885.5100 14697.0291  1.27%   238 3015s
 25220  6173 14865.4718   38  135 14885.5100 14697.8387  1.26%   239 3045s
 25315  6208     cutoff   25      14885.5100 14698.3934  1.26%   239 3072s
H25369  6073                    14881.770000 14698.3934  1.23%   240 3072s
 25431  6133 14847.9328   29  354 14881.7700 14698.7017  1.23%   240 3099s
 25540  6133     cutoff   34      14881.7700 14699.3262  1.23%   240 3100s
 25622  6169 14826.4461   39  100 14881.7700 14699.5242  1.22%   240 3126s
 25793  6205 14881.0829   39  213 14881.7700 14700.6116  1.22%   240 3151s
 25956  6226     cutoff   30      14881.7700 14701.2661  1.21%   241 3179s
 26089  6260     cutoff   36      14881.7700 14701.7173  1.21%   242 3212s
H26245  6222                    14879.980000 14702.3941  1.19%   242 3244s
 26353  6222 14866.4188   35  360 14879.9800 14703.0084  1.19%   243 3245s
 26422  6253 14807.8870   29  197 14879.9800 14703.0156  1.19%   243 3274s
 26573  6262     cutoff   34      14879.9800 14703.5226  1.19%   244 3298s
 26716  6305 14852.6131   35  212 14879.9800 14703.7704  1.18%   245 3323s
 26873  6345 14717.0222   28  412 14879.9800 14704.1799  1.18%   245 3347s
 27045  6367     cutoff   32      14879.9800 14705.2161  1.17%   246 3371s
 27209  6389     cutoff   42      14879.9800 14705.8977  1.17%   246 3391s
 27335  6420 14778.5961   32  350 14879.9800 14706.5410  1.17%   247 3410s
 27476  6461 14800.7501   32  306 14879.9800 14707.9731  1.16%   247 3431s
 27630  6492 14788.8866   28  250 14879.9800 14708.7491  1.15%   248 3453s
 27792  6560 14822.3355   32  224 14879.9800 14709.0850  1.15%   248 3474s
 27871  6560 14784.0301   30  158 14879.9800 14709.0850  1.15%   248 3475s
 27993  6618 14767.1901   39  206 14879.9800 14709.8607  1.14%   248 3496s
 28193  6666     cutoff   36      14879.9800 14710.9596  1.14%   248 3517s
 28412  6690     cutoff   37      14879.9800 14711.5743  1.13%   248 3544s
 28513  6690 14849.8873   45  175 14879.9800 14711.5743  1.13%   248 3545s
 28616  6736 14775.9976   30  164 14879.9800 14712.0781  1.13%   247 3569s
 28778  6763 14846.9825   23  323 14879.9800 14712.5001  1.13%   248 3592s
 28921  6771 14825.8569   31  303 14879.9800 14713.0958  1.12%   249 3600s

Cutting planes:
  User: 1532
  Gomory: 12
  Cover: 250
  Implied bound: 95
  Clique: 45
  MIR: 73
  StrongCG: 6
  Flow cover: 253
  Zero half: 37
  RLT: 189
  Relax-and-lift: 3
  Lazy constraints: 3829

Explored 28949 nodes (7218165 simplex iterations) in 3600.39 seconds
Thread count was 2 (of 32 available processors)

Solution count 10: 14880 14881.8 14885.5 ... 15949.3

Time limit reached
Best objective 1.487998000000e+04, best bound 1.471317894514e+04, gap 1.1210%

User-callback calls 307703, time in user-callback 185.36 sec
================================================================================
executing instance: ./input/Instances/Original/1/absH3high_2n45.dat
--------------------------------------------------------------------------------
Instance details
n	46
H	3
C	3171
Li:
[0, 0, 0, 0, 0, 0, 0, 0, 0, 0, 0, 0, 0, 0, 0, 0, 0, 0, 0, 0, 0, 0, 0, 0, 0, 0, 0, 0, 0, 0, 0, 0, 0, 0, 0, 0, 0, 0, 0, 0, 0, 0, 0, 0, 0, 0, ]
Ui:
