




arguments: ./build/bc_mirp -f ./input/orig_exec_155.cfg
Current dir: /scratch/gui/bc_mirp
File verbosity level: 9
date       time         ( uptime  ) [ thread name/id ]                   file:line     v| 
2021-02-08 05:45:19.362 (   0.052s) [main thread     ]             loguru.cpp:789   INFO| Logging to './output/vi_vc+lex_half/OU/V2/Original/execution_08_02_2021_05_45_19.log', mode: 'a', verbosity: 9
--------------------------------------------------------------------------------
Parameters
                           instance_path           ./input/Instances/Original/4/
                            model_policy                                       1
                             nb_vehicles                                       2
                              output_dir ./output/vi_vc+lex_half/OU/V2/Original/
                            sec_strategy                                       1
                       solver_nb_threads                                       2
                         solver_show_log                                    true
                       solver_time_limit                                    3600
                              use_vi_cos                                   false
                              use_vi_cus                                   false
                         use_vi_hc1_full                                   false
                         use_vi_hc1_half                                   false
                      use_vi_hc1_quarter                                   false
                              use_vi_hc2                                   false
                              use_vi_hc3                                   false
                         use_vi_lex_full                                   false
                         use_vi_lex_half                                    true
                      use_vi_lex_quarter                                   false
                              use_vi_qua                                   false
                               use_vi_vc                                    true
                               use_vi_vr                                   false
--------------------------------------------------------------------------------
executing instance: ./input/Instances/Original/4/absH3low_3n30.dat
--------------------------------------------------------------------------------
Instance details
n	31
H	3
C	2841
Li:
[0, 0, 0, 0, 0, 0, 0, 0, 0, 0, 0, 0, 0, 0, 0, 0, 0, 0, 0, 0, 0, 0, 0, 0, 0, 0, 0, 0, 0, 0, 0, ]
Ui:
[0, 246, 98, 54, 144, 171, 192, 180, 165, 98, 122, 198, 297, 144, 130, 129, 219, 138, 142, 150, 108, 66, 64, 285, 180, 204, 276, 168, 240, 198, 122, ]
Distance matrix:
|0	172	56	166	260	198	42	197	296	110	91	112	238	275	323	183	330	232	175	181	162	191	232	280	201	139	356	185	266	216	26	|
|172	0	178	223	320	335	153	355	444	62	231	99	333	376	214	352	176	235	194	106	47	41	353	161	299	175	225	43	326	374	153	|
|56	178	0	110	204	162	93	233	336	125	144	148	187	226	358	180	313	284	123	152	182	185	282	252	256	88	329	177	210	251	42	|
|166	223	110	0	102	150	199	327	431	194	253	237	113	156	431	228	296	386	44	140	248	208	389	218	366	48	287	200	108	344	148	|
|260	320	204	102	0	156	296	391	493	296	340	339	66	90	531	263	362	486	127	226	349	300	469	278	454	148	334	292	6	406	245	|
|198	335	162	150	156	0	239	255	351	286	245	307	93	106	518	111	442	423	194	280	344	335	349	367	352	182	437	327	158	266	199	|
|42	153	93	199	296	239	0	203	296	91	82	76	278	316	284	217	322	191	201	186	133	180	217	281	177	165	356	175	302	222	52	|
|197	355	233	327	391	255	203	0	104	294	125	266	340	361	436	151	524	276	352	377	330	383	109	477	146	319	553	377	395	19	222	|
|296	444	336	431	493	351	296	104	0	384	214	348	440	456	488	241	617	315	456	476	412	475	113	575	176	422	651	470	497	88	322	|
|110	62	125	194	296	286	91	294	384	0	171	55	298	340	238	292	233	210	176	118	58	91	298	201	248	148	273	87	302	313	94	|
|91	231	144	253	340	245	82	125	214	171	0	141	307	339	324	184	403	187	266	266	204	261	140	363	114	230	438	256	346	144	116	|
|112	99	148	237	339	307	76	266	348	55	141	0	332	373	212	292	275	156	225	173	64	137	254	253	200	194	322	135	345	284	108	|
|238	333	187	113	66	93	278	340	440	298	307	332	0	43	536	203	404	469	153	253	354	321	427	322	420	160	385	313	67	353	229	|
|275	376	226	156	90	106	316	361	456	340	339	373	43	0	578	216	443	507	194	295	397	364	453	361	451	203	421	356	88	372	268	|
|323	214	358	431	531	518	284	436	488	238	324	212	536	578	0	498	309	176	407	320	183	245	376	344	312	383	379	251	537	451	319	|
|183	352	180	228	263	111	217	151	241	292	184	292	203	216	498	0	492	371	266	328	345	364	255	426	272	242	501	356	266	159	198	|
|330	176	313	296	362	442	322	524	617	233	403	275	404	443	309	492	0	397	253	164	218	142	529	84	475	260	72	147	367	543	306	|
|232	235	284	386	486	423	191	276	315	210	187	156	469	507	176	371	397	0	379	327	188	276	202	396	139	346	456	277	492	289	242	|
|175	194	123	44	127	194	201	352	456	176	266	225	153	194	407	266	253	379	0	101	225	174	405	174	375	36	244	166	133	370	152	|
|181	106	152	140	226	280	186	377	476	118	266	173	253	295	320	328	164	327	101	0	148	76	403	100	360	98	177	69	232	396	155	|
|162	47	182	248	349	344	133	330	412	58	204	64	354	397	183	345	218	188	225	148	0	89	316	208	259	201	270	90	355	348	149	|
|191	41	185	208	300	335	180	383	475	91	261	137	321	364	245	364	142	276	174	76	89	0	388	119	336	162	185	8	306	402	169	|
|232	353	282	389	469	349	217	109	113	298	140	254	427	453	376	255	529	202	405	403	316	388	0	497	64	369	570	384	474	112	256	|
|280	161	252	218	278	367	281	477	575	201	363	253	322	361	344	426	84	396	174	100	208	119	497	0	449	187	77	119	283	496	255	|
|201	299	256	366	454	352	177	146	176	248	114	200	420	451	312	272	475	139	375	360	259	336	64	449	0	339	521	333	460	156	223	|
|139	175	88	48	148	182	165	319	422	148	230	194	160	203	383	242	260	346	36	98	201	162	369	187	339	0	260	153	154	337	116	|
|356	225	329	287	334	437	356	553	651	273	438	322	385	421	379	501	72	456	244	177	270	185	570	77	521	260	0	187	338	572	331	|
|185	43	177	200	292	327	175	377	470	87	256	135	313	356	251	356	147	277	166	69	90	8	384	119	333	153	187	0	298	396	163	|
|266	326	210	108	6	158	302	395	497	302	346	345	67	88	537	266	367	492	133	232	355	306	474	283	460	154	338	298	0	410	251	|
|216	374	251	344	406	266	222	19	88	313	144	284	353	372	451	159	543	289	370	396	348	402	112	496	156	337	572	396	410	0	241	|
|26	153	42	148	245	199	52	222	322	94	116	108	229	268	319	198	306	242	152	155	149	169	256	255	223	116	331	163	251	241	0	|

--------------------------------------------------------------------------------
Building model...
	using lazy and cut (CVRPSEP package)
Solving IRP LP...
--------------------------------------------------------------------------------

Gurobi 9.1.0 (linux64) logging started Mon Feb  8 05:45:19 2021

Gurobi Optimizer version 9.1.0 build v9.1.0rc0 (linux64)
Thread count: 32 physical cores, 32 logical processors, using up to 2 threads
Optimize a model with 775 rows, 3280 columns and 8068 nonzeros
Model fingerprint: 0x2c206c72
Variable types: 304 continuous, 2976 integer (186 binary)
Coefficient statistics:
  Matrix range     [1e+00, 3e+04]
  Objective range  [1e-02, 7e+02]
  Bounds range     [1e+00, 3e+02]
  RHS range        [1e+00, 5e+03]
Presolve removed 253 rows and 217 columns
Presolve time: 0.08s
Presolved: 522 rows, 3063 columns, 7129 nonzeros
Variable types: 180 continuous, 2883 integer (2706 binary)

Root relaxation: objective 2.318695e+03, 535 iterations, 0.01 seconds

    Nodes    |    Current Node    |     Objective Bounds      |     Work
 Expl Unexpl |  Obj  Depth IntInf | Incumbent    BestBd   Gap | It/Node Time

     0     0 2318.69472    0   75          - 2318.69472      -     -    0s
     0     0 2682.12184    0   93          - 2682.12184      -     -    0s
     0     0 2682.60689    0   85          - 2682.60689      -     -    0s
     0     0 2682.60689    0   85          - 2682.60689      -     -    0s
     0     0 3107.05586    0  135          - 3107.05586      -     -    0s
     0     0 3191.36764    0  126          - 3191.36764      -     -    0s
     0     0 3221.84421    0  108          - 3221.84421      -     -    0s
     0     0 3245.89266    0  114          - 3245.89266      -     -    0s
     0     0 3301.52934    0  144          - 3301.52934      -     -    0s
     0     0 3305.20362    0  155          - 3305.20362      -     -    0s
     0     0 3305.56210    0  163          - 3305.56210      -     -    0s
     0     0 3439.16793    0  156          - 3439.16793      -     -    0s
     0     0 3443.17757    0  207          - 3443.17757      -     -    0s
     0     0 3443.44022    0  212          - 3443.44022      -     -    0s
     0     0 3453.25356    0  227          - 3453.25356      -     -    0s
     0     0 3453.25356    0  227          - 3453.25356      -     -    0s
     0     2 3456.76508    0  227          - 3456.76508      -     -    0s
*  256   269             111    5479.4000000 3471.54883  36.6%  52.1    2s
H  366   341                    5451.4000000 3471.54883  36.3%  53.4    3s
   450   438 4115.88000   48    - 5451.40000 3471.54883  36.3%  60.2    5s
*  554   433              95    4977.8800000 3487.44041  29.9%  55.9    6s
H  743   566                    4933.8800000 3487.44041  29.3%  63.7    9s
H  744   537                    4906.8800000 3487.44041  28.9%  63.6    9s
   748   540 4154.83606   42  316 4906.88000 3581.04892  27.0%  63.3   10s
H  758   520                    4761.5100000 3619.02844  24.0%  62.5   11s
H  777   507                    4759.1100000 3620.16562  23.9%  65.6   13s
H  781   483                    4661.1100000 3622.27329  22.3%  65.3   14s
   784   485 4455.80080   37  283 4661.11000 3622.52061  22.3%  65.0   15s
H  787   462                    4594.1100000 3624.65845  21.1%  64.8   16s
H  847   481                    3995.9499808 3667.74914  8.21%  75.1   19s
   848   484     cutoff   38      3995.94998 3667.74914  8.21%  75.3   20s
*  869   459              46    3993.3400000 3667.74914  8.15%  75.1   20s
H  909   446                    3981.1200000 3688.15907  7.36%  78.9   21s
*  978   440              37    3919.8500000 3688.15907  5.91%  82.5   22s
H  999   391                    3914.8500000 3709.83796  5.24%  82.9   22s
  1101   361 3839.83506   32  160 3914.85000 3747.25268  4.28%  89.3   25s
  1285   273     cutoff   35      3914.85000 3820.43900  2.41%   100   30s

Cutting planes:
  User: 670
  Gomory: 15
  Cover: 148
  Implied bound: 35
  Projected implied bound: 1
  Clique: 10
  MIR: 47
  Flow cover: 117
  Zero half: 18
  RLT: 76
  Relax-and-lift: 1
  Lazy constraints: 161

Explored 1437 nodes (147098 simplex iterations) in 31.82 seconds
Thread count was 2 (of 32 available processors)

Solution count 10: 3914.85 3919.85 3981.12 ... 4906.88

Optimal solution found (tolerance 1.00e-04)
Best objective 3.914850000000e+03, best bound 3.914850000000e+03, gap 0.0000%

User-callback calls 8125, time in user-callback 2.06 sec
================================================================================
executing instance: ./input/Instances/Original/4/absH3low_3n10.dat
--------------------------------------------------------------------------------
Instance details
n	11
H	3
C	687
Li:
[0, 0, 0, 0, 0, 0, 0, 0, 0, 0, 0, ]
Ui:
[0, 189, 44, 174, 78, 36, 198, 117, 42, 96, 240, ]
Distance matrix:
|0	209	255	286	142	156	285	317	182	161	135	|
|209	0	464	451	315	356	490	469	361	299	260	|
|255	464	0	221	202	130	74	280	189	254	273	|
|286	451	221	0	145	156	164	479	354	153	192	|
|142	315	202	145	0	73	194	388	250	53	73	|
|156	356	130	156	73	0	134	332	200	127	144	|
|285	490	74	164	194	134	0	353	256	239	267	|
|317	469	280	479	388	332	353	0	141	436	430	|
|182	361	189	354	250	200	256	141	0	296	289	|
|161	299	254	153	53	127	239	436	296	0	39	|
|135	260	273	192	73	144	267	430	289	39	0	|

--------------------------------------------------------------------------------
Building model...
	using lazy and cut (CVRPSEP package)
Solving IRP LP...
--------------------------------------------------------------------------------

Gurobi 9.1.0 (linux64) logging started Mon Feb  8 05:45:51 2021

Gurobi Optimizer version 9.1.0 build v9.1.0rc0 (linux64)
Thread count: 32 physical cores, 32 logical processors, using up to 2 threads
Optimize a model with 275 rows, 500 columns and 1508 nonzeros
Model fingerprint: 0xeb424916
Variable types: 104 continuous, 396 integer (66 binary)
Coefficient statistics:
  Matrix range     [1e+00, 3e+02]
  Objective range  [1e-02, 5e+02]
  Bounds range     [1e+00, 2e+02]
  RHS range        [1e+00, 1e+03]
Presolve removed 93 rows and 77 columns
Presolve time: 0.02s
Presolved: 182 rows, 423 columns, 1170 nonzeros
Variable types: 60 continuous, 363 integer (306 binary)
Found heuristic solution: objective 4204.5700000

Root relaxation: objective 1.315834e+03, 256 iterations, 0.01 seconds

    Nodes    |    Current Node    |     Objective Bounds      |     Work
 Expl Unexpl |  Obj  Depth IntInf | Incumbent    BestBd   Gap | It/Node Time

     0     0 1315.83374    0   31 4204.57000 1315.83374  68.7%     -    0s
     0     0 1625.62828    0   42 4204.57000 1625.62828  61.3%     -    0s
H    0     0                    3503.0100000 1625.62828  53.6%     -    0s
     0     0 1939.69569    0   56 3503.01000 1939.69569  44.6%     -    0s
     0     0 1957.98742    0   75 3503.01000 1957.98742  44.1%     -    0s
     0     0 1959.20636    0   72 3503.01000 1959.20636  44.1%     -    0s
     0     0 1959.20636    0   72 3503.01000 1959.20636  44.1%     -    0s
     0     0 2010.70460    0   70 3503.01000 2010.70460  42.6%     -    0s
     0     0 2041.81496    0   62 3503.01000 2041.81496  41.7%     -    0s
     0     0 2041.97466    0   66 3503.01000 2041.97466  41.7%     -    0s
     0     0 2078.73972    0   46 3503.01000 2078.73972  40.7%     -    0s
     0     0 2108.99415    0   78 3503.01000 2108.99415  39.8%     -    0s
     0     0 2117.63169    0   67 3503.01000 2117.63169  39.5%     -    0s
     0     0 2117.66079    0   73 3503.01000 2117.66079  39.5%     -    0s
     0     0 2120.60385    0   92 3503.01000 2120.60385  39.5%     -    0s
     0     0 2121.28089    0   75 3503.01000 2121.28089  39.4%     -    0s
     0     0 2124.53790    0   83 3503.01000 2124.53790  39.4%     -    0s
     0     0 2124.53790    0   83 3503.01000 2124.53790  39.4%     -    0s
H    0     0                    2450.3600000 2124.53790  13.3%     -    0s
     0     2 2149.18597    0   83 2450.36000 2149.18597  12.3%     -    0s
*   29    24               8    2449.1000000 2178.86840  11.0%  46.0    0s

Cutting planes:
  User: 53
  Gomory: 2
  Cover: 42
  Implied bound: 23
  Clique: 2
  MIR: 44
  Flow cover: 54
  GUB cover: 3
  Zero half: 4
  RLT: 35
  Relax-and-lift: 2
  Lazy constraints: 33

Explored 335 nodes (9276 simplex iterations) in 1.18 seconds
Thread count was 2 (of 32 available processors)

Solution count 4: 2449.1 2450.36 3503.01 4204.57 

Optimal solution found (tolerance 1.00e-04)
Best objective 2.449100000000e+03, best bound 2.449100000000e+03, gap 0.0000%

User-callback calls 1022, time in user-callback 0.10 sec
================================================================================
executing instance: ./input/Instances/Original/4/absH3low_3n15.dat
--------------------------------------------------------------------------------
Instance details
n	16
H	3
C	1267
Li:
[0, 0, 0, 0, 0, 0, 0, 0, 0, 0, 0, 0, 0, 0, 0, 0, ]
Ui:
[0, 156, 267, 148, 144, 87, 33, 171, 76, 141, 270, 282, 60, 110, 172, 57, ]
Distance matrix:
|0	229	567	76	58	96	306	409	310	423	108	346	165	347	159	256	|
|229	0	482	243	279	155	375	525	251	419	158	373	65	123	329	246	|
|567	482	0	506	622	483	342	439	259	200	467	274	486	433	501	312	|
|76	243	506	0	119	88	230	337	255	352	88	272	179	347	94	194	|
|58	279	622	119	0	154	345	431	366	471	166	391	217	399	179	310	|
|96	155	483	88	154	0	266	397	224	358	17	289	92	262	176	179	|
|306	375	342	230	345	266	0	158	184	148	251	68	332	423	181	140	|
|409	525	439	337	431	397	158	0	340	244	386	201	476	581	253	298	|
|310	251	259	255	366	224	184	340	0	170	208	146	238	257	274	66	|
|423	419	200	352	471	358	148	244	170	0	341	84	396	424	323	182	|
|108	158	467	88	166	17	251	386	208	341	0	273	96	259	172	162	|
|346	373	274	272	391	289	68	201	146	84	273	0	340	400	239	127	|
|165	65	486	179	217	92	332	476	238	396	96	340	0	182	267	216	|
|347	123	433	347	399	262	423	581	257	424	259	400	182	0	423	283	|
|159	329	501	94	179	176	181	253	274	323	172	239	267	423	0	208	|
|256	246	312	194	310	179	140	298	66	182	162	127	216	283	208	0	|

--------------------------------------------------------------------------------
Building model...
	using lazy and cut (CVRPSEP package)
Solving IRP LP...
--------------------------------------------------------------------------------

Gurobi 9.1.0 (linux64) logging started Mon Feb  8 05:45:52 2021

Gurobi Optimizer version 9.1.0 build v9.1.0rc0 (linux64)
Thread count: 32 physical cores, 32 logical processors, using up to 2 threads
Optimize a model with 400 rows, 970 columns and 2701 nonzeros
Model fingerprint: 0x5ad68382
Variable types: 154 continuous, 816 integer (96 binary)
Coefficient statistics:
  Matrix range     [1e+00, 6e+02]
  Objective range  [1e-02, 6e+02]
  Bounds range     [1e+00, 3e+02]
  RHS range        [1e+00, 2e+03]
Presolve removed 137 rows and 116 columns
Presolve time: 0.03s
Presolved: 263 rows, 854 columns, 2204 nonzeros
Variable types: 86 continuous, 768 integer (681 binary)

Root relaxation: objective 1.643395e+03, 299 iterations, 0.00 seconds

    Nodes    |    Current Node    |     Objective Bounds      |     Work
 Expl Unexpl |  Obj  Depth IntInf | Incumbent    BestBd   Gap | It/Node Time

     0     0 1643.39504    0   41          - 1643.39504      -     -    0s
H    0     0                    5154.1900000 1643.39504  68.1%     -    0s
H    0     0                    4946.1900000 1643.39504  66.8%     -    0s
     0     0 1944.05136    0   34 4946.19000 1944.05136  60.7%     -    0s
     0     0 2415.24439    0   50 4946.19000 2415.24439  51.2%     -    0s
H    0     0                    4899.1900000 2415.24439  50.7%     -    0s
     0     0 2428.41730    0   90 4899.19000 2428.41730  50.4%     -    0s
     0     0 2434.09827    0   53 4899.19000 2434.09827  50.3%     -    0s
     0     0 2509.53467    0  111 4899.19000 2509.53467  48.8%     -    0s
     0     0 2523.60826    0  116 4899.19000 2523.60826  48.5%     -    0s
     0     0 2524.47149    0  121 4899.19000 2524.47149  48.5%     -    0s
     0     0 2524.96210    0  126 4899.19000 2524.96210  48.5%     -    0s
     0     0 2592.90882    0  129 4899.19000 2592.90882  47.1%     -    0s
H    0     0                    4664.1900000 2592.90882  44.4%     -    0s
     0     0 2608.41783    0  120 4664.19000 2608.41783  44.1%     -    0s
     0     0 2609.24785    0  132 4664.19000 2609.24785  44.1%     -    0s
     0     0 2633.45163    0  112 4664.19000 2633.45163  43.5%     -    0s
     0     0 2637.72670    0  115 4664.19000 2637.72670  43.4%     -    0s
     0     0 2638.15785    0  109 4664.19000 2638.15785  43.4%     -    0s
     0     0 2647.78481    0   94 4664.19000 2647.78481  43.2%     -    0s
H    0     0                    4263.1900000 2647.78481  37.9%     -    0s
     0     0 2647.79482    0   94 4263.19000 2647.79482  37.9%     -    0s
     0     0 2657.71411    0  132 4263.19000 2657.71411  37.7%     -    0s
     0     0 2657.71411    0  132 4263.19000 2657.71411  37.7%     -    0s
     0     2 2659.96570    0  132 4263.19000 2659.96570  37.6%     -    0s
*  113   109              39    4165.8300000 2685.48633  35.5%  41.1    0s
*  115   109              41    4150.8300000 2685.48633  35.3%  40.4    0s
H  131   110                    4007.8300000 2685.48633  33.0%  38.6    0s
H  188   116                    3533.3000000 2735.61253  22.6%  43.6    1s
H  257   146                    3461.2400000 2735.61253  21.0%  47.0    1s
*  272   140              24    3420.5400000 2778.90909  18.8%  46.5    1s
*  274   133              24    3393.3200000 2778.90909  18.1%  46.3    1s
*  281   127              23    3355.3200000 2779.78343  17.2%  46.7    1s
H  288   121                    3295.3200000 2779.78343  15.6%  48.3    1s
H  348   128                    3290.3200000 2792.15811  15.1%  47.4    1s
*  426   118              28    3172.0200000 2848.28034  10.2%  45.5    1s
H  484   113                    3112.6399889 2856.15639  8.24%  46.1    2s
H  509   100                    3111.6800000 2876.76163  7.55%  46.0    2s
*  771   131              14    3082.3200000 2942.70726  4.53%  43.7    3s
* 1067    59              14    3081.5600000 3028.45425  1.72%  41.6    3s

Cutting planes:
  User: 431
  Gomory: 6
  Cover: 84
  Implied bound: 40
  Clique: 18
  MIR: 61
  Flow cover: 73
  Zero half: 7
  RLT: 64
  Relax-and-lift: 4
  Lazy constraints: 240

Explored 1166 nodes (47640 simplex iterations) in 3.78 seconds
Thread count was 2 (of 32 available processors)

Solution count 10: 3081.56 3082.32 3111.68 ... 3420.54

Optimal solution found (tolerance 1.00e-04)
Best objective 3.081560000000e+03, best bound 3.081560000000e+03, gap 0.0000%

User-callback calls 3221, time in user-callback 0.38 sec
================================================================================
executing instance: ./input/Instances/Original/4/absH3low_2n45.dat
--------------------------------------------------------------------------------
Instance details
n	46
H	3
C	3171
Li:
[0, 0, 0, 0, 0, 0, 0, 0, 0, 0, 0, 0, 0, 0, 0, 0, 0, 0, 0, 0, 0, 0, 0, 0, 0, 0, 0, 0, 0, 0, 0, 0, 0, 0, 0, 0, 0, 0, 0, 0, 0, 0, 0, 0, 0, 0, ]
Ui:
[0, 246, 160, 78, 20, 87, 144, 40, 20, 82, 60, 96, 24, 136, 160, 108, 160, 26, 228, 51, 24, 240, 231, 70, 32, 105, 174, 114, 246, 126, 132, 76, 22, 42, 255, 132, 148, 162, 66, 111, 102, 240, 123, 201, 297, 78, ]
Distance matrix:
|0	148	402	550	329	420	187	318	366	280	504	273	233	333	112	344	379	481	113	593	159	523	261	424	90	359	163	461	413	240	105	299	265	89	371	462	339	273	495	22	41	439	369	506	563	468	|
|148	0	284	517	394	284	136	369	244	311	496	166	329	355	223	202	338	388	204	565	254	506	118	346	71	423	173	471	336	118	105	352	198	105	248	428	302	305	487	153	179	441	230	497	517	370	|
|402	284	0	350	448	80	228	406	42	343	382	129	456	350	412	126	219	131	382	395	410	371	180	137	314	466	289	400	137	167	389	401	169	316	39	280	217	342	373	394	414	362	108	380	324	106	|
|550	517	350	0	339	429	385	308	374	295	93	375	431	249	481	461	180	239	458	48	445	57	474	214	496	333	387	160	216	424	601	321	320	471	376	90	217	301	93	530	534	146	452	88	52	262	|
|329	394	448	339	0	513	282	42	438	105	255	363	115	108	221	484	259	431	217	365	172	289	436	362	333	30	224	189	353	380	423	47	291	296	443	285	240	107	251	307	294	193	495	260	378	437	|
|420	284	80	429	513	0	267	473	76	408	462	163	509	421	449	86	298	201	421	474	455	451	167	217	330	533	333	478	217	181	386	466	225	341	70	360	291	406	453	416	438	440	59	460	400	176	|
|187	136	228	385	282	267	0	249	199	186	360	104	248	224	184	214	207	294	155	432	189	371	155	237	113	308	68	336	227	101	216	236	78	98	205	296	168	181	350	174	190	305	231	360	390	283	|
|318	369	406	308	42	473	249	0	397	66	229	325	128	67	216	447	218	389	206	337	168	260	402	320	311	61	196	167	311	345	406	19	252	275	403	248	198	70	223	296	286	164	457	233	344	395	|
|366	244	42	374	438	76	199	397	0	332	397	96	436	346	383	90	228	168	354	420	385	389	139	161	277	458	263	408	158	128	349	391	150	282	6	298	218	331	388	359	380	370	78	395	352	144	|
|280	311	343	295	105	408	186	66	332	0	231	259	142	53	191	380	171	337	173	332	150	257	337	267	258	127	139	182	258	280	359	58	186	223	338	222	143	6	224	258	254	164	390	234	323	340	|
|504	496	382	93	255	462	360	229	397	231	0	375	356	180	422	478	173	293	403	110	381	36	474	248	463	245	345	68	246	419	568	244	308	433	400	104	200	237	9	482	482	67	474	5	142	312	|
|273	166	129	375	363	163	104	325	96	259	375	0	347	283	288	121	202	221	259	423	292	376	99	183	186	386	170	370	175	52	269	315	76	187	102	288	177	256	365	265	285	333	133	374	365	204	|
|233	329	456	431	115	509	248	128	436	142	356	347	0	181	121	462	311	472	128	463	76	386	398	403	260	141	180	294	392	349	334	111	287	224	442	362	280	139	350	212	194	289	479	360	463	472	|
|333	355	350	249	108	421	224	67	346	53	180	283	181	0	244	403	152	324	226	283	201	207	369	256	307	118	186	129	247	311	409	74	208	273	351	183	136	59	173	311	307	113	410	183	282	331	|
|112	223	412	481	221	449	184	216	383	191	422	288	121	244	0	387	327	461	30	521	49	447	313	396	152	250	125	371	385	273	214	196	249	121	389	400	288	185	415	91	74	355	408	425	503	454	|
|344	202	126	461	484	86	214	447	90	380	478	121	462	403	387	0	305	256	360	508	400	473	84	250	255	507	282	482	246	115	302	437	196	271	90	382	288	377	469	343	367	444	28	476	441	232	|
|379	338	219	180	259	298	207	218	228	171	173	202	311	152	327	305	0	172	301	227	300	174	302	105	318	270	217	180	97	249	423	221	141	296	232	90	40	173	164	361	368	142	303	172	184	180	|
|481	388	131	239	431	201	294	389	168	337	293	221	472	324	461	256	172	0	432	280	446	273	300	70	400	442	337	330	80	271	490	391	217	391	167	191	194	339	286	468	483	294	239	289	203	26	|
|113	204	382	458	217	421	155	206	354	173	403	259	128	226	30	360	301	432	0	499	52	426	287	367	133	246	95	355	356	246	208	187	219	100	360	376	261	167	395	90	81	337	381	406	478	425	|
|593	565	395	48	365	474	432	337	420	332	110	423	463	283	521	508	227	280	499	0	482	77	521	260	542	356	431	178	262	472	647	352	368	516	422	137	264	338	114	573	576	174	499	106	78	304	|
|159	254	410	445	172	455	189	168	385	150	381	292	76	201	49	400	300	446	52	482	0	407	331	378	184	201	122	327	367	286	258	149	242	150	391	367	263	144	374	137	122	314	419	384	470	441	|
|523	506	371	57	289	451	371	260	389	257	36	376	386	207	447	473	174	273	426	77	407	0	475	234	477	280	363	104	234	422	583	275	313	449	392	91	205	263	38	503	504	97	468	31	108	294	|
|261	118	180	474	436	167	155	402	139	337	474	99	398	369	313	84	302	300	287	521	331	475	0	275	173	462	220	465	268	58	219	390	168	193	142	388	275	333	464	261	286	430	111	473	462	279	|
|424	346	137	214	362	217	237	320	161	267	248	183	403	256	396	250	105	70	367	260	378	234	275	0	348	374	274	274	11	234	444	321	159	335	163	145	124	269	239	409	422	237	239	245	191	76	|
|90	71	314	496	333	330	113	311	277	258	463	186	260	307	152	255	318	400	133	542	184	477	173	348	0	362	121	430	338	150	106	293	190	37	282	406	279	252	454	88	113	403	280	464	502	386	|
|359	423	466	333	30	533	308	61	458	127	245	386	141	118	250	507	270	442	246	356	201	280	462	374	362	0	252	178	365	406	453	73	313	325	463	286	254	130	242	336	324	187	517	250	374	449	|
|163	173	289	387	224	333	68	196	263	139	345	170	180	186	125	282	217	337	95	431	122	363	220	274	121	252	0	310	263	168	225	180	124	88	269	300	177	133	337	144	152	284	299	347	400	330	|
|461	471	400	160	189	478	336	167	408	182	68	370	294	129	371	482	180	330	355	178	327	104	465	274	430	178	310	0	269	408	534	184	297	398	412	142	194	188	66	439	436	38	482	73	206	345	|
|413	336	137	216	353	217	227	311	158	258	246	175	392	247	385	246	97	80	356	262	367	234	268	11	338	365	263	269	0	226	434	312	149	324	160	143	115	259	237	399	411	232	237	243	196	84	|
|240	118	167	424	380	181	101	345	128	280	419	52	349	311	273	115	249	271	246	472	286	422	58	234	150	406	168	408	226	0	223	333	111	160	133	336	219	276	409	235	258	373	136	418	416	252	|
|105	105	389	601	423	386	216	406	349	359	568	269	334	409	214	302	423	490	208	647	258	583	219	444	106	453	225	534	434	223	0	388	289	137	353	511	384	353	559	123	145	508	330	570	606	473	|
|299	352	401	321	47	466	236	19	391	58	244	315	111	74	196	437	221	391	187	352	149	275	390	321	293	73	180	184	312	333	388	0	243	257	396	258	197	60	238	276	267	178	448	248	355	395	|
|265	198	169	320	291	225	78	252	150	186	308	76	287	208	249	196	141	217	219	368	242	313	168	159	190	313	124	297	149	111	289	243	0	176	156	231	109	183	299	251	266	262	205	308	319	207	|
|89	105	316	471	296	341	98	275	282	223	433	187	224	273	121	271	296	391	100	516	150	449	193	335	37	325	88	398	324	160	137	257	176	0	287	382	256	217	424	78	98	372	295	434	480	379	|
|371	248	39	376	443	70	205	403	6	338	400	102	442	351	389	90	232	167	360	422	391	392	142	163	282	463	269	412	160	133	353	396	156	287	0	301	222	336	391	365	386	374	77	398	353	143	|
|462	428	280	90	285	360	296	248	298	222	104	288	362	183	400	382	90	191	376	137	367	91	388	145	406	286	300	142	143	336	511	258	231	382	301	0	127	226	96	443	448	110	376	100	103	209	|
|339	302	217	217	240	291	168	198	218	143	200	177	280	136	288	288	40	194	261	264	263	205	275	124	279	254	177	194	115	219	384	197	109	256	222	127	0	145	190	321	328	157	289	199	224	198	|
|273	305	342	301	107	406	181	70	331	6	237	256	139	59	185	377	173	339	167	338	144	263	333	269	252	130	133	188	259	276	353	60	183	217	336	226	145	0	230	251	248	170	388	240	328	341	|
|495	487	373	93	251	453	350	223	388	224	9	365	350	173	415	469	164	286	395	114	374	38	464	239	454	242	337	66	237	409	559	238	299	424	391	96	190	230	0	474	474	61	465	11	141	305	|
|22	153	394	530	307	416	174	296	359	258	482	265	212	311	91	343	361	468	90	573	137	503	261	409	88	336	144	439	399	235	123	276	251	78	365	443	321	251	474	0	26	418	367	485	544	456	|
|41	179	414	534	294	438	190	286	380	254	482	285	194	307	74	367	368	483	81	576	122	504	286	422	113	324	152	436	411	258	145	267	266	98	386	448	328	248	474	26	0	416	391	484	550	472	|
|439	441	362	146	193	440	305	164	370	164	67	333	289	113	355	444	142	294	337	174	314	97	430	237	403	187	284	38	232	373	508	178	262	372	374	110	157	170	61	418	416	0	444	71	187	309	|
|369	230	108	452	495	59	231	457	78	390	474	133	479	410	408	28	303	239	381	499	419	468	111	239	280	517	299	482	237	136	330	448	205	295	77	376	289	388	465	367	391	444	0	472	429	214	|
|506	497	380	88	260	460	360	233	395	234	5	374	360	183	425	476	172	289	406	106	384	31	473	245	464	250	347	73	243	418	570	248	308	434	398	100	199	240	11	485	484	71	472	0	137	309	|
|563	517	324	52	378	400	390	344	352	323	142	365	463	282	503	441	184	203	478	78	470	108	462	191	502	374	400	206	196	416	606	355	319	480	353	103	224	328	141	544	550	187	429	137	0	228	|
|468	370	106	262	437	176	283	395	144	340	312	204	472	331	454	232	180	26	425	304	441	294	279	76	386	449	330	345	84	252	473	395	207	379	143	209	198	341	305	456	472	309	214	309	228	0	|

--------------------------------------------------------------------------------
Building model...
	using lazy and cut (CVRPSEP package)
Solving IRP LP...
--------------------------------------------------------------------------------

Gurobi 9.1.0 (linux64) logging started Mon Feb  8 05:45:56 2021

Gurobi Optimizer version 9.1.0 build v9.1.0rc0 (linux64)
Thread count: 32 physical cores, 32 logical processors, using up to 2 threads
Optimize a model with 1150 rows, 6940 columns and 16141 nonzeros
Model fingerprint: 0x0c4e2137
Variable types: 454 continuous, 6486 integer (276 binary)
Coefficient statistics:
  Matrix range     [1e+00, 8e+06]
  Objective range  [1e-02, 6e+02]
  Bounds range     [1e+00, 3e+02]
  RHS range        [1e+00, 5e+03]
Presolve removed 277 rows and 180 columns
Presolve time: 0.09s
Presolved: 873 rows, 6760 columns, 15055 nonzeros
Variable types: 316 continuous, 6444 integer (6174 binary)

Root relaxation: objective 2.539073e+03, 815 iterations, 0.02 seconds

    Nodes    |    Current Node    |     Objective Bounds      |     Work
 Expl Unexpl |  Obj  Depth IntInf | Incumbent    BestBd   Gap | It/Node Time

     0     0 2539.07262    0  138          - 2539.07262      -     -    0s
     0     0 2993.85267    0  150          - 2993.85267      -     -    0s
     0     0 2997.66788    0  138          - 2997.66788      -     -    0s
     0     0 3010.99307    0  162          - 3010.99307      -     -    0s
     0     0 3028.89347    0  149          - 3028.89347      -     -    0s
     0     0 3028.89347    0  149          - 3028.89347      -     -    0s
     0     0 3560.98337    0  166          - 3560.98337      -     -    0s
     0     0 3581.09751    0  149          - 3581.09751      -     -    0s
     0     0 3602.69599    0  187          - 3602.69599      -     -    0s
     0     0 3609.84297    0  178          - 3609.84297      -     -    0s
     0     0 3611.35443    0  181          - 3611.35443      -     -    0s
     0     0 3611.38705    0  182          - 3611.38705      -     -    0s
     0     0 3722.76821    0  219          - 3722.76821      -     -    1s
     0     0 3722.76821    0   98          - 3722.76821      -     -    1s
     0     0 3722.76821    0  167          - 3722.76821      -     -    2s
     0     0 3722.76821    0  175          - 3722.76821      -     -    2s
     0     0 3722.76821    0  150          - 3722.76821      -     -    2s
     0     0 3756.32540    0  187          - 3756.32540      -     -    2s
     0     0 3790.65043    0  186          - 3790.65043      -     -    2s
     0     0 3791.41211    0  183          - 3791.41211      -     -    2s
     0     0 3791.41211    0  175          - 3791.41211      -     -    2s
     0     0 3825.54416    0  220          - 3825.54416      -     -    2s
     0     0 3828.80648    0  227          - 3828.80648      -     -    2s
     0     0 3829.03880    0  221          - 3829.03880      -     -    2s
     0     0 3846.52485    0  235          - 3846.52485      -     -    2s
     0     0 3859.75966    0  274          - 3859.75966      -     -    2s
     0     0 3864.34883    0  297          - 3864.34883      -     -    3s
     0     0 3866.80135    0  271          - 3866.80135      -     -    3s
     0     0 3866.99244    0  287          - 3866.99244      -     -    3s
     0     0 3881.30609    0  322          - 3881.30609      -     -    3s
     0     0 3890.29773    0  292          - 3890.29773      -     -    3s
     0     0 3893.47251    0  234          - 3893.47251      -     -    3s
     0     0 3895.14449    0  312          - 3895.14449      -     -    3s
     0     0 3902.66968    0  385          - 3902.66968      -     -    3s
     0     0 3902.66968    0  385          - 3902.66968      -     -    3s
     0     2 3903.85885    0  331          - 3903.85885      -     -    4s
     5     8 3948.23003    2  285          - 3916.33829      -   281    5s
   130   151 4387.53570   46   54          - 3948.33681      -   179   10s
   580   523 4229.38719    8  227          - 3959.61084      -  78.3   15s
   808   713 4299.47037   30  340          - 3959.61084      -  62.5   20s
   827   726 6042.54077  167  460          - 3959.61084      -  61.0   25s
   836   735 4051.61343   12  301          - 4016.98815      -  73.1   30s
   898   780 4391.94321   31  105          - 4029.77020      -  90.9   35s
  1016   856 4365.59864   38  231          - 4029.77020      -  99.3   40s
  1110   933 5543.81160  107  137          - 4029.77020      -   108   45s
  1233  1022 5967.40777  145  127          - 4029.77020      -   109   50s
  1446  1159 5377.18507  105   67          - 4029.77020      -   103   55s
* 1704  1305             285    8267.6600000 4029.77020  51.3%  92.0   59s
  1819  1268     cutoff  313      8267.66000 4029.92311  51.3%  87.1   66s
H 1820  1214                    7874.1300000 4029.92311  48.8%  87.0   66s
  1878  1228 4058.06988   15  272 7874.13000 4029.92311  48.8%  86.2   70s
  1961  1252 4138.37582   22  167 7874.13000 4029.92311  48.8%  89.7   75s
  1974  1261 4176.06328   27  224 7874.13000 4029.92311  48.8%  92.7   83s
  1997  1310 4199.04012   30  212 7874.13000 4029.92311  48.8%  93.5   86s
  2091  1353 4261.45163   39   86 7874.13000 4029.92311  48.8%  93.4   90s
  2140  1368 4336.42622   51  101 7874.13000 4029.92311  48.8%  95.0   95s
  2190  1414 4536.46472   66   56 7874.13000 4029.92311  48.8%  97.4  100s
  2287  1499 5062.62190  106   10 7874.13000 4029.92311  48.8%  98.8  106s
  2371  1601 4844.40691  135    5 7874.13000 4029.92311  48.8%  98.6  110s
  2535  1617 4164.18568   15  314 7874.13000 4046.41694  48.6%  96.9  116s
  2571  1689 4245.58695   19  247 7874.13000 4046.41694  48.6%   100  123s
  2631  1764 4371.26080   22  116 7874.13000 4046.41694  48.6%  98.8  128s
  2740  1742 4573.78570   28   56 7874.13000 4046.41694  48.6%  96.4  131s
  2769  1745 4701.49722   29  107 7874.13000 4046.41694  48.6%  97.9  136s
  2771  1801 4700.93654   30   86 7874.13000 4046.41694  48.6%  98.0  142s
  2891  1833 4702.67899   33  112 7874.13000 4046.41694  48.6%  95.8  147s
  2952  1920 5072.29137   52   63 7874.13000 4046.41694  48.6%  97.3  151s
  3007  2021 4982.92423   98   31 7874.13000 4064.88624  48.4%  97.1  155s
  3148  2144 4103.58526   17  200 7874.13000 4064.88624  48.4%  95.2  160s
  3336  2231 4265.58947   29  103 7874.13000 4064.88624  48.4%  93.4  168s
  3363  2256 4350.67424   34  127 7874.13000 4064.88624  48.4%  94.3  171s
  3444  2366 4610.84734   62   61 7874.13000 4064.88624  48.4%  96.2  177s
  3500  2615 4683.13429   81   23 7874.13000 4064.88624  48.4%  96.7  182s
  3785  2688 5830.17000  167   24 7874.13000 4078.93769  48.2%  90.9  187s
  3940  2734 7242.26000  283    - 7874.13000 4079.82539  48.2%  89.2  192s
  3975  2748 infeasible  283      7874.13000 4090.88821  48.0%  89.8  196s
  3995  2769 4197.69386   21  305 7874.13000 4091.27278  48.0%  91.5  200s
  4031  2814 4331.79862   28  171 7874.13000 4091.27278  48.0%  94.7  208s
  4061  2851 4431.50405   38   40 7874.13000 4091.27278  48.0%  96.3  212s
  4098  2920 4710.35482   52   35 7874.13000 4091.27278  48.0%  97.2  216s
  4167  3020 4936.98213   81   32 7874.13000 4091.27278  48.0%  98.3  221s
  4269  3151 5685.64846  120   56 7874.13000 4091.27278  48.0%  98.7  227s
  4403  3271 6521.72792  172   30 7874.13000 4095.20277  48.0%  98.2  234s
  4565  3402 infeasible  228      7874.13000 4098.67795  47.9%  96.9  245s
  4718  3554 4245.34968   21  259 7874.13000 4098.67795  47.9%  96.6  255s
  4954  3598 4245.56424   22  274 7874.13000 4098.67795  47.9%  93.9  267s
  4974  3600 4367.06408   23  334 7874.13000 4098.67795  47.9%  94.6  276s
  4983  3606 4399.10429   24  329 7874.13000 4098.67795  47.9%  95.3  280s
  4989  3633 4454.43027   24  177 7874.13000 4098.67795  47.9%  96.7  285s
  5016  3705 4516.55980   27  222 7874.13000 4098.67795  47.9%  97.8  290s
  5098  3846 4577.10135   36  105 7874.13000 4098.67795  47.9%  98.0  297s
  5270  4000 4835.83080   94   48 7874.13000 4103.37458  47.9%  97.3  306s
  5456  4062 infeasible  208      7874.13000 4103.72176  47.9%  96.4  314s
  5518  4274 4361.79002   26  308 7874.13000 4103.72176  47.9%  97.6  323s
  5741  4541 5401.11570   84   61 7874.13000 4103.72176  47.9%  95.9  334s
  5892  4550 7434.74766  219   34 7874.13000 4103.72176  47.9%  93.8  335s
  6075  4607 7487.06411  235   19 7874.13000 4106.83561  47.8%  92.0  341s
  6134  4651     cutoff  253      7874.13000 4109.05249  47.8%  92.6  348s
  6178  4865 4695.26135   26  161 7874.13000 4109.05249  47.8%  93.4  356s
  6417  5085 6422.46849  126   35 7874.13000 4110.57969  47.8%  91.7  366s
  6720  5200 4725.66267   33   30 7874.13000 4110.61194  47.8%  89.1  373s
  6811  5400 4765.74000   60   26 7874.13000 4110.61194  47.8%  89.6  380s
  7038  5699 4919.31640   72   18 7874.13000 4117.95745  47.7%  88.6  391s
  7435  5811 7435.79000  231    - 7874.13000 4118.23770  47.7%  85.6  401s
  7511  5859 7841.53667  231   18 7874.13000 4119.33134  47.7%  86.7  410s
  7590  5937 4643.39350   24  272 7874.13000 4121.64891  47.7%  87.5  420s
  7690  6053 5236.21706   42   34 7874.13000 4121.64891  47.7%  88.3  429s
  7823  6185 6045.58546   67   71 7874.13000 4121.64891  47.7%  89.5  438s
  7953  6292 6742.70321  107    9 7874.13000 4123.72560  47.6%  89.4  447s
  8184  6327 4301.05215   24  311 7874.13000 4123.79156  47.6%  88.9  457s
  8186  6460 4310.47240   25  298 7874.13000 4123.79156  47.6%  88.9  469s
  8319  6746 4537.80963   55  122 7874.13000 4123.84903  47.6%  89.4  485s
  8715  6914 6241.70500  134    6 7874.13000 4134.88066  47.5%  87.8  517s
  8878  6983 7028.92235  162   19 7874.13000 4136.17292  47.5%  87.9  526s
  8977  7148 7808.54000  212    4 7874.13000 4136.63562  47.5%  88.5  537s
