




arguments: ./build/bc_mirp -f ./input/orig_exec_104.cfg
Current dir: /scratch/gui/bc_mirp
File verbosity level: 9
date       time         ( uptime  ) [ thread name/id ]                   file:line     v| 
2021-02-07 11:20:55.245 (   0.216s) [main thread     ]             loguru.cpp:789   INFO| Logging to './output/vi_vc+qua/OU/V2/Original/execution_07_02_2021_11_20_55.log', mode: 'a', verbosity: 9
--------------------------------------------------------------------------------
Parameters
                           instance_path           ./input/Instances/Original/3/
                            model_policy                                       1
                             nb_vehicles                                       2
                              output_dir      ./output/vi_vc+qua/OU/V2/Original/
                            sec_strategy                                       1
                       solver_nb_threads                                       2
                         solver_show_log                                    true
                       solver_time_limit                                    3600
                              use_vi_cos                                   false
                              use_vi_cus                                   false
                         use_vi_hc1_full                                   false
                         use_vi_hc1_half                                   false
                      use_vi_hc1_quarter                                   false
                              use_vi_hc2                                   false
                              use_vi_hc3                                   false
                         use_vi_lex_full                                   false
                         use_vi_lex_half                                   false
                      use_vi_lex_quarter                                   false
                              use_vi_qua                                    true
                               use_vi_vc                                    true
                               use_vi_vr                                   false
--------------------------------------------------------------------------------
executing instance: ./input/Instances/Original/3/absH3low_2n5.dat
--------------------------------------------------------------------------------
Instance details
n	6
H	3
C	237
Li:
[0, 0, 0, 0, 0, 0, ]
Ui:
[0, 93, 180, 51, 114, 24, ]
Distance matrix:
|0	170	318	35	112	235	|
|170	0	311	205	258	301	|
|318	311	0	326	278	137	|
|35	205	326	0	89	230	|
|112	258	278	89	0	160	|
|235	301	137	230	160	0	|

--------------------------------------------------------------------------------
Building model...
	using lazy and cut (CVRPSEP package)
Solving IRP LP...
--------------------------------------------------------------------------------

Gurobi 9.1.0 (linux64) logging started Sun Feb  7 11:20:55 2021

Gurobi Optimizer version 9.1.0 build v9.1.0rc0 (linux64)
Thread count: 32 physical cores, 32 logical processors, using up to 2 threads
Optimize a model with 150 rows, 180 columns and 633 nonzeros
Model fingerprint: 0x51b2f69b
Variable types: 54 continuous, 126 integer (36 binary)
Coefficient statistics:
  Matrix range     [1e+00, 2e+02]
  Objective range  [1e-02, 3e+02]
  Bounds range     [1e+00, 2e+02]
  RHS range        [1e+00, 5e+02]
Presolve removed 45 rows and 24 columns
Presolve time: 0.01s
Presolved: 105 rows, 156 columns, 511 nonzeros
Variable types: 32 continuous, 124 integer (94 binary)
Found heuristic solution: objective 2258.5200000
Found heuristic solution: objective 2109.5200000
Found heuristic solution: objective 1828.5200000

Root relaxation: objective 5.780448e+02, 152 iterations, 0.00 seconds

    Nodes    |    Current Node    |     Objective Bounds      |     Work
 Expl Unexpl |  Obj  Depth IntInf | Incumbent    BestBd   Gap | It/Node Time

     0     0  578.04476    0   14 1828.52000  578.04476  68.4%     -    0s
     0     0  714.82163    0   20 1828.52000  714.82163  60.9%     -    0s
H    0     0                    1808.4200000  714.82163  60.5%     -    0s
H    0     0                    1695.9000000  714.82163  57.9%     -    0s
H    0     0                    1641.9000000  714.82163  56.5%     -    0s
     0     0 1094.06817    0   40 1641.90000 1094.06817  33.4%     -    0s
     0     0 1109.55971    0   31 1641.90000 1109.55971  32.4%     -    0s
     0     0 1270.32330    0   46 1641.90000 1270.32330  22.6%     -    0s
H    0     0                    1514.8300000 1270.32330  16.1%     -    0s
     0     0 1296.17684    0   32 1514.83000 1296.17684  14.4%     -    0s
     0     0 1331.69053    0   43 1514.83000 1331.69053  12.1%     -    0s
     0     0 1344.00531    0   32 1514.83000 1344.00531  11.3%     -    0s
     0     0 1345.29330    0   33 1514.83000 1345.29330  11.2%     -    0s
     0     0 1345.56735    0   33 1514.83000 1345.56735  11.2%     -    0s
     0     0 1401.07000    0    4 1514.83000 1401.07000  7.51%     -    0s
     0     0 1406.47000    0   14 1514.83000 1406.47000  7.15%     -    0s
     0     0 1407.50429    0   31 1514.83000 1407.50429  7.09%     -    0s
H    0     0                    1476.5600000 1407.50429  4.68%     -    0s
     0     0 1410.67570    0   41 1476.56000 1410.67570  4.46%     -    0s
     0     0 1412.27410    0   30 1476.56000 1412.27410  4.35%     -    0s
     0     0 1412.27410    0   30 1476.56000 1412.27410  4.35%     -    0s
H    0     0                    1464.7300000 1412.27410  3.58%     -    0s
     0     0 1427.76878    0   17 1464.73000 1427.76878  2.52%     -    0s
     0     0 1427.76878    0   24 1464.73000 1427.76878  2.52%     -    0s
H    0     0                    1449.5600000 1427.76878  1.50%     -    0s
*    0     0               0    1437.9000000 1437.90000  0.00%     -    0s

Cutting planes:
  Gomory: 2
  Cover: 8
  Implied bound: 2
  Clique: 1
  MIR: 6
  Flow cover: 13
  GUB cover: 1
  Zero half: 2
  RLT: 6

Explored 1 nodes (619 simplex iterations) in 0.13 seconds
Thread count was 2 (of 32 available processors)

Solution count 10: 1437.9 1449.56 1464.73 ... 2109.52

Optimal solution found (tolerance 1.00e-04)
Best objective 1.437900000000e+03, best bound 1.437900000000e+03, gap 0.0000%

User-callback calls 233, time in user-callback 0.01 sec
================================================================================
executing instance: ./input/Instances/Original/3/absH3high_5n30.dat
--------------------------------------------------------------------------------
Instance details
n	31
H	3
C	2296
Li:
[0, 0, 0, 0, 0, 0, 0, 0, 0, 0, 0, 0, 0, 0, 0, 0, 0, 0, 0, 0, 0, 0, 0, 0, 0, 0, 0, 0, 0, 0, 0, ]
Ui:
[0, 80, 90, 297, 28, 264, 123, 192, 112, 32, 72, 88, 294, 129, 126, 105, 110, 237, 246, 92, 72, 147, 54, 96, 128, 96, 84, 28, 74, 196, 192, ]
Distance matrix:
|0	87	302	65	389	171	219	120	412	339	129	63	169	401	383	158	393	161	246	275	64	287	345	235	13	274	106	201	85	358	135	|
|87	0	334	128	402	212	301	204	465	384	187	145	232	424	454	238	475	245	289	352	80	307	352	321	81	352	20	261	170	376	215	|
|302	334	0	239	113	132	237	334	157	70	404	263	162	105	227	229	339	251	65	217	259	53	107	352	293	220	339	134	270	75	235	|
|65	128	239	0	330	107	175	130	348	275	174	40	107	339	326	114	351	125	181	224	58	228	290	222	58	224	143	138	65	297	92	|
|389	402	113	330	0	226	349	438	210	151	502	360	269	48	316	339	441	362	175	328	335	102	55	465	377	330	401	245	371	37	342	|
|171	212	132	107	226	0	169	214	253	173	276	134	64	233	261	130	326	153	77	188	133	125	192	264	162	190	220	68	145	193	125	|
|219	301	237	175	349	169	0	157	257	223	244	157	105	334	180	62	175	61	177	63	233	264	334	118	221	61	317	112	136	312	85	|
|120	204	334	130	438	214	157	0	402	348	88	90	173	438	336	115	307	100	269	220	172	338	406	122	130	218	224	204	69	403	101	|
|412	465	157	348	210	253	257	402	0	88	486	359	245	166	129	287	266	303	178	204	386	208	239	370	406	207	473	212	354	187	304	|
|339	384	70	275	151	173	223	348	88	0	427	291	179	120	166	234	290	254	96	187	306	123	166	342	332	190	391	145	291	119	247	|
|129	187	404	174	502	276	244	88	486	427	0	142	248	508	424	200	390	187	342	308	193	400	464	192	142	306	207	281	136	469	182	|
|63	145	263	40	360	134	157	90	359	291	142	0	114	366	321	95	331	99	202	212	90	258	323	186	65	211	163	148	27	327	72	|
|169	232	162	107	269	64	105	173	245	179	248	114	0	266	222	71	268	94	97	131	155	173	244	203	164	132	245	34	113	233	73	|
|401	424	105	339	48	233	334	438	166	120	508	366	266	0	280	332	409	355	169	305	353	117	96	452	391	308	425	237	374	49	339	|
|383	454	227	326	316	261	180	336	129	166	424	321	222	280	0	231	137	238	208	116	376	277	331	272	381	118	467	197	307	285	253	|
|158	238	229	114	339	130	62	115	287	234	200	95	71	332	231	0	238	23	164	118	171	243	314	134	159	117	255	95	77	302	23	|
|393	475	339	351	441	326	175	307	266	290	390	331	268	409	137	238	0	232	300	138	408	383	445	204	395	136	492	258	308	406	260	|
|161	245	251	125	362	153	61	100	303	254	187	99	94	355	238	23	232	0	187	123	183	267	338	111	164	121	262	117	77	325	34	|
|246	289	65	181	175	77	177	269	178	96	342	202	97	169	208	164	300	187	0	168	210	87	157	290	238	171	296	70	206	138	170	|
|275	352	217	224	328	188	63	220	204	187	308	212	131	305	116	118	138	123	168	0	279	255	322	166	275	3	367	120	195	291	141	|
|64	80	259	58	335	133	233	172	386	306	193	90	155	353	376	171	408	183	210	279	0	236	289	276	51	279	90	182	117	307	150	|
|287	307	53	228	102	125	264	338	208	123	400	258	173	117	277	243	383	267	87	255	236	0	71	374	276	257	308	153	270	71	245	|
|345	352	107	290	55	192	334	406	239	166	464	323	244	96	331	314	445	338	157	322	289	71	0	445	334	325	350	224	337	54	315	|
|235	321	352	222	465	264	118	122	370	342	192	186	203	452	272	134	204	111	290	166	276	374	445	0	243	164	341	221	159	428	142	|
|13	81	293	58	377	162	221	130	406	332	142	65	164	391	381	159	395	164	238	275	51	276	334	243	0	274	100	196	89	347	136	|
|274	352	220	224	330	190	61	218	207	190	306	211	132	308	118	117	136	121	171	3	279	257	325	164	274	0	367	122	194	294	140	|
|106	20	339	143	401	220	317	224	473	391	207	163	245	425	467	255	492	262	296	367	90	308	350	341	100	367	0	272	188	377	232	|
|201	261	134	138	245	68	112	204	212	145	281	148	34	237	197	95	258	117	70	120	182	153	224	221	196	122	272	0	146	208	103	|
|85	170	270	65	371	145	136	69	354	291	136	27	113	374	307	77	308	77	206	195	117	270	337	159	89	194	188	146	0	337	54	|
|358	376	75	297	37	193	312	403	187	119	469	327	233	49	285	302	406	325	138	291	307	71	54	428	347	294	377	208	337	0	306	|
|135	215	235	92	342	125	85	101	304	247	182	72	73	339	253	23	260	34	170	141	150	245	315	142	136	140	232	103	54	306	0	|

--------------------------------------------------------------------------------
Building model...
	using lazy and cut (CVRPSEP package)
Solving IRP LP...
--------------------------------------------------------------------------------

Gurobi 9.1.0 (linux64) logging started Sun Feb  7 11:20:55 2021

Gurobi Optimizer version 9.1.0 build v9.1.0rc0 (linux64)
Thread count: 32 physical cores, 32 logical processors, using up to 2 threads
Optimize a model with 775 rows, 3280 columns and 8158 nonzeros
Model fingerprint: 0x966d12c3
Variable types: 304 continuous, 2976 integer (186 binary)
Coefficient statistics:
  Matrix range     [1e+00, 1e+03]
  Objective range  [1e-01, 5e+02]
  Bounds range     [1e+00, 3e+02]
  RHS range        [1e+00, 4e+03]
Presolve removed 245 rows and 122 columns
Presolve time: 0.07s
Presolved: 530 rows, 3158 columns, 7431 nonzeros
Variable types: 182 continuous, 2976 integer (2796 binary)

Root relaxation: objective 8.845428e+03, 577 iterations, 0.01 seconds

    Nodes    |    Current Node    |     Objective Bounds      |     Work
 Expl Unexpl |  Obj  Depth IntInf | Incumbent    BestBd   Gap | It/Node Time

     0     0 8845.42804    0   87          - 8845.42804      -     -    0s
     0     0 9288.56360    0  105          - 9288.56360      -     -    0s
     0     0 9293.88783    0  108          - 9293.88783      -     -    0s
     0     0 9647.32591    0   94          - 9647.32591      -     -    0s
     0     0 9733.59626    0  127          - 9733.59626      -     -    0s
     0     0 9733.59626    0  130          - 9733.59626      -     -    0s
     0     0 9799.18541    0  183          - 9799.18541      -     -    0s
     0     0 9802.79321    0  171          - 9802.79321      -     -    0s
     0     0 9804.43107    0  202          - 9804.43107      -     -    0s
     0     0 9805.28460    0  182          - 9805.28460      -     -    0s
     0     0 9849.33779    0  180          - 9849.33779      -     -    0s
     0     0 9851.64152    0  194          - 9851.64152      -     -    0s
     0     0 9851.82720    0  214          - 9851.82720      -     -    0s
     0     0 9865.78685    0  144          - 9865.78685      -     -    0s
     0     0 9867.55407    0  213          - 9867.55407      -     -    0s
     0     0 9868.87279    0  229          - 9868.87279      -     -    0s
     0     0 9873.76733    0  204          - 9873.76733      -     -    0s
     0     0 9873.76733    0  195          - 9873.76733      -     -    0s
     0     2 9879.52347    0  161          - 9879.52347      -     -    1s
*  286   289             111    12309.490000 9888.37413  19.7%  80.0    3s
H  346   295                    11933.490000 9888.37413  17.1%  72.2    4s
   381   328 11094.3129   93   29 11933.4900 9888.37413  17.1%  70.0    5s
H  520   461                    11781.490000 9906.03078  15.9%  69.8    7s
H  763   630                    11752.490000 9906.03078  15.7%  57.0    9s
   765   631 11580.2000  104  195 11752.4900 9906.03078  15.7%  56.9   10s
H  784   612                    11707.490000 9967.79752  14.9%  55.5   11s
H  795   587                    11696.490000 9976.58220  14.7%  54.7   13s
   800   590 10043.3223   12  292 11696.4900 9976.67234  14.7%  54.4   15s
H  800   562                    11601.890000 9976.67234  14.0%  60.6   15s
H  826   553                    11575.770000 9993.11359  13.7%  63.9   17s
   885   601 10511.1144   38   79 11575.7700 9993.11359  13.7%  68.4   20s
* 1039   647              97    11436.120000 9993.11359  12.6%  66.3   22s
H 1101   635                    11404.120000 9993.29064  12.4%  70.4   24s
  1115   648 10126.2299   21  168 11404.1200 9993.29064  12.4%  71.7   25s
H 1149   562                    10980.930000 9993.29064  8.99%  73.2   26s
  1202   604 10400.3160   37  139 10980.9300 9993.29064  8.99%  81.7   30s
  1366   688 10710.2998   70   64 10980.9300 9993.29064  8.99%  82.1   35s
  1648   772 10257.5700   25  221 10980.9300 10018.2302  8.77%  77.3   40s
  1792   922 10590.0881   68   24 10980.9300 10018.2302  8.77%  77.6   45s
  1987  1001 10504.4792   42   24 10980.9300 10034.6438  8.62%  75.5   51s
  2203  1067 10593.7626   28  173 10980.9300 10037.0896  8.60%  73.8   55s
  2396  1252 10405.9540   22  171 10980.9300 10054.1709  8.44%  74.6   60s
  2586  1413 10448.3798   42   41 10980.9300 10057.1302  8.41%  74.9   65s
  2752  1539 10316.3858   43   18 10980.9300 10063.4029  8.36%  75.0   70s
H 2922  1493                    10887.930000 10077.3579  7.44%  73.7   73s
  2923  1533     cutoff   84      10887.9300 10079.5349  7.42%  73.8   75s
  3153  1734 10114.1407   18  266 10887.9300 10080.6028  7.41%  73.4   80s
  3369  1895 10491.9222   63   20 10887.9300 10081.0713  7.41%  72.9   85s
  3656  2102 10279.6346   19  218 10887.9300 10087.0878  7.36%  71.4   92s
  3778  2277 10627.5650   42   26 10887.9300 10095.6363  7.28%  72.9   97s
  3934  2315 10304.0028   26  151 10887.9300 10096.7103  7.27%  72.3  100s
  4090  2491 10310.2457   17  136 10887.9300 10104.5990  7.19%  72.0  105s
  4353  2697 10293.9263   29  127 10887.9300 10114.1524  7.11%  71.8  111s
  4514  2859 10407.9074   34   28 10887.9300 10115.2423  7.10%  73.3  117s
  4684  2953     cutoff   54      10887.9300 10116.5445  7.08%  73.1  121s
  4939  3145 10528.2563   37  113 10887.9300 10118.1703  7.07%  74.0  127s
  5032  3230 10554.2610   27  205 10887.9300 10119.2486  7.06%  74.8  131s
  5244  3337 10246.8567   24   24 10887.9300 10121.0106  7.04%  75.6  135s
  5420  3558 10790.3133   67   66 10887.9300 10123.7852  7.02%  75.7  142s
  5528  3704 10279.6147   23  201 10887.9300 10125.4440  7.00%  75.6  146s
  5703  3806 infeasible   87      10887.9300 10129.4433  6.97%  75.4  151s
  5825  3875 10362.4891   32    4 10887.9300 10129.8736  6.96%  76.2  156s
  5982  3996     cutoff   52      10887.9300 10131.6756  6.95%  76.3  160s
  6314  4239 10752.4525   38  100 10887.9300 10138.6828  6.88%  76.5  168s
  6435  4273 10545.5983   27  195 10887.9300 10141.8699  6.85%  77.2  173s
  6491  4384 10547.0129   36   82 10887.9300 10143.4305  6.84%  77.7  176s
  6638  4482 10399.7909   35  156 10887.9300 10145.3490  6.82%  78.2  181s
  6791  4625 10782.3995   35  114 10887.9300 10146.0405  6.81%  78.4  189s
  6961  4762 10460.3264   36  113 10887.9300 10146.4140  6.81%  78.3  194s
  7143  4861 10265.9471   20  202 10887.9300 10147.5080  6.80%  78.1  198s
  7283  5036 10621.0569   43   87 10887.9300 10148.1761  6.79%  78.5  204s
  7507  5136 infeasible   57      10887.9300 10152.6094  6.75%  78.0  209s
  7632  5242 10655.2823   39  132 10887.9300 10153.8794  6.74%  78.8  213s
  7787  5413 10425.6189   24  220 10887.9300 10154.7484  6.73%  79.6  219s
  7986  5534 10349.1478   17  173 10887.9300 10154.9407  6.73%  79.7  225s
  8145  5659 10700.4285   39   29 10887.9300 10157.0576  6.71%  79.9  230s
  8314  5819 10564.2300   50   26 10887.9300 10157.6526  6.71%  80.0  235s
  8532  5928     cutoff   66      10887.9300 10159.6504  6.69%  80.1  241s
  8653  6095 10320.0235   26  174 10887.9300 10163.8529  6.65%  80.5  247s
  8868  6251 10647.8241   51   19 10887.9300 10164.2542  6.65%  80.5  253s
  9086  6357 10773.6496   42   95 10887.9300 10165.8007  6.63%  80.1  258s
  9221  6445 10312.8796   20  262 10887.9300 10166.6764  6.62%  80.4  264s
  9349  6558 10703.3422   39   27 10887.9300 10167.1451  6.62%  80.7  269s
  9514  6667     cutoff   52      10887.9300 10168.1683  6.61%  81.1  274s
  9575  6667 10558.7415   51   21 10887.9300 10168.1683  6.61%  81.1  275s
  9666  6811 infeasible   59      10887.9300 10170.3899  6.59%  81.3  280s
  9843  6922     cutoff   66      10887.9300 10170.4989  6.59%  81.2  286s
  9980  7063 10446.9326   27  123 10887.9300 10171.5552  6.58%  81.5  293s
 10168  7164 infeasible   72      10887.9300 10173.9431  6.56%  81.6  298s
 10316  7260 10672.4730   40   47 10887.9300 10175.0518  6.55%  82.2  304s
 10454  7382     cutoff   51      10887.9300 10176.2261  6.54%  82.5  309s
 10622  7541 10321.9989   15  244 10887.9300 10177.6381  6.52%  82.7  314s
 10724  7553 10377.1100   22  206 10887.9300 10177.6381  6.52%  82.6  315s
 10839  7674     cutoff   53      10887.9300 10178.4882  6.52%  82.8  320s
 11022  7803 10266.7385   20  253 10887.9300 10179.1334  6.51%  82.8  326s
 11179  7920     cutoff   45      10887.9300 10179.8133  6.50%  83.0  332s
 11349  7993     cutoff   73      10887.9300 10180.5255  6.50%  83.1  337s
 11456  8128 10408.5056   25  168 10887.9300 10181.4933  6.49%  83.2  343s
 11635  8233 10673.9024   36   49 10887.9300 10182.0717  6.48%  83.3  349s
 11794  8343 10755.2559   54   10 10887.9300 10182.7253  6.48%  83.1  355s
 11959  8414     cutoff   63      10887.9300 10185.1947  6.45%  82.9  361s
 12081  8476 10376.7626   21  260 10887.9300 10185.5016  6.45%  83.3  366s
 12166  8555 10609.9410   32  126 10887.9300 10186.1333  6.45%  83.8  372s
 12277  8677 10876.1641   45   48 10887.9300 10186.8138  6.44%  84.3  378s
 12453  8758     cutoff   83      10887.9300 10187.2076  6.44%  84.2  383s
 12534  8877 10860.8368   28  100 10887.9300 10187.7782  6.43%  84.9  390s
 12712  9001 10489.7237   33  135 10887.9300 10188.2898  6.43%  85.2  397s
 12880  9098 10310.2974   20  197 10887.9300 10189.5194  6.41%  85.1  403s
 13009  9197 10505.9316   31  212 10887.9300 10191.1999  6.40%  85.2  408s
 13158  9320 10400.6633   23  215 10887.9300 10192.7482  6.38%  85.5  414s
 13217  9320 10568.1367   32  203 10887.9300 10193.0369  6.38%  85.7  415s
 13321  9447 10547.2088   37  112 10887.9300 10193.9860  6.37%  85.6  421s
 13514  9552     cutoff   53      10887.9300 10198.4694  6.33%  85.6  427s
 13690  9672     cutoff   43      10887.9300 10199.0889  6.33%  85.7  464s
 13854  9782 10551.3057   49   12 10887.9300 10199.2302  6.33%  85.6  470s
 14035  9892     cutoff   60      10887.9300 10200.1538  6.32%  85.7  477s
 14186 10044 10502.4756   35  168 10887.9300 10200.5799  6.31%  85.8  484s
 14391 10140     cutoff   73      10887.9300 10200.8475  6.31%  85.8  490s
 14517 10295 10282.5906   18  148 10887.9300 10202.2640  6.30%  86.0  498s
 14781 10446 10575.9039   38   18 10887.9300 10203.1504  6.29%  85.8  505s
 14959 10624 10851.8700   64    4 10887.9300 10203.6174  6.29%  85.8  512s
 15189 10747 10795.4632   38  117 10887.9300 10204.1562  6.28%  85.6  519s
 15357 10925 10447.5404   23  106 10887.9300 10204.3991  6.28%  85.6  526s
 15600 10949 10619.7074   46   59 10887.9300 10204.5138  6.28%  85.5  535s
 15626 11072 10806.7295   51   18 10887.9300 10205.0950  6.27%  85.6  542s
 15822 11159     cutoff   65      10887.9300 10205.6680  6.27%  85.8  549s
 15938 11275 10491.5121   27  199 10887.9300 10206.4378  6.26%  86.1  555s
 16120 11427     cutoff   46      10887.9300 10208.4518  6.24%  86.1  562s
 16324 11556     cutoff   77      10887.9300 10208.5997  6.24%  86.1  569s
 16376 11561 10534.5264   49   61 10887.9300 10208.5997  6.24%  86.2  570s
 16516 11706     cutoff   61      10887.9300 10208.9236  6.24%  86.1  576s
 16687 11848     cutoff   70      10887.9300 10209.3930  6.23%  86.2  582s
 16878 11948     cutoff   60      10887.9300 10210.8390  6.22%  86.1  589s
 17010 12106 10641.2474   29  169 10887.9300 10211.4532  6.21%  86.4  596s
 17209 12258 10585.2524   69   40 10887.9300 10211.7241  6.21%  86.4  603s
 17420 12376 10694.5317   33   58 10887.9300 10212.4927  6.20%  86.3  609s
 17483 12376 10576.9663   30  168 10887.9300 10212.4927  6.20%  86.3  610s
 17590 12495 10509.5507   26   91 10887.9300 10214.0234  6.19%  86.4  616s
 17807 12648 10572.7197   43  137 10887.9300 10215.3913  6.18%  86.3  623s
 18004 12777 infeasible   73      10887.9300 10216.2534  6.17%  86.3  631s
 18177 12903 10544.3968   29   60 10887.9300 10217.5300  6.16%  86.2  637s
 18342 13044 10458.2200   34    - 10887.9300 10218.2796  6.15%  86.2  644s
 18519 13052 10811.5870   48   38 10887.9300 10219.3106  6.14%  86.3  645s
 18533 13139 10766.2160   53   47 10887.9300 10219.7024  6.14%  86.3  651s
 18682 13249     cutoff   55      10887.9300 10219.9885  6.13%  86.3  657s
 18827 13344 10778.0862   50  100 10887.9300 10220.8028  6.13%  86.5  664s
 18972 13496 10396.9808   21  175 10887.9300 10221.2520  6.12%  86.5  671s
 19174 13590 10322.0747   29  213 10887.9300 10221.8367  6.12%  86.4  678s
 19295 13677 10593.5431   42  132 10887.9300 10222.5149  6.11%  86.6  684s
 19427 13846 10597.2935   37  141 10887.9300 10222.7248  6.11%  86.8  691s
 19660 13947 10296.1009   23  241 10887.9300 10224.5040  6.09%  86.6  698s
 19807 14044 10833.7553   45   41 10887.9300 10225.0091  6.09%  86.7  704s
 19869 14044 10619.6713   31  103 10887.9300 10225.0091  6.09%  86.8  705s
 19940 14177 10407.7432   21  219 10887.9300 10225.4248  6.08%  87.0  711s
 20127 14316 10326.8088   27   29 10887.9300 10225.9587  6.08%  87.0  719s
 20332 14438     cutoff   72      10887.9300 10227.2996  6.07%  86.8  726s
 20488 14559 10479.0532   29   46 10887.9300 10227.9463  6.06%  86.9  732s
 20651 14702 10442.9240   32   90 10887.9300 10228.4475  6.06%  86.9  740s
 20841 14793     cutoff   60      10887.9300 10229.8243  6.04%  86.9  748s
 20962 14881     cutoff   58      10887.9300 10231.0415  6.03%  87.1  755s
 21073 14958 10609.2469   32  102 10887.9300 10231.3812  6.03%  87.4  762s
 21171 15073 10611.8178   32  209 10887.9300 10231.6286  6.03%  87.7  769s
 21234 15073 10673.1973   35  147 10887.9300 10231.6286  6.03%  87.6  770s
 21331 15197 10529.9896   23  211 10887.9300 10232.0731  6.02%  87.7  777s
 21492 15327 10602.8618   29  165 10887.9300 10232.3621  6.02%  87.8  784s
 21657 15446 10549.9328   24  253 10887.9300 10232.9569  6.02%  87.9  791s
 21840 15618 10504.2107   29  142 10887.9300 10234.1910  6.00%  88.0  798s
 22055 15731 10322.4743   23  200 10887.9300 10234.6594  6.00%  87.8  805s
 22199 15861 10435.7411   32  145 10887.9300 10235.0369  6.00%  88.0  812s
 22361 15970 10681.8979   53   12 10887.9300 10235.5124  5.99%  88.0  819s
 22515 16080     cutoff   52      10887.9300 10236.0054  5.99%  88.1  826s
 22654 16143 10706.7256   28   92 10887.9300 10236.3239  5.98%  88.3  834s
 22757 16258 10336.3046   26  141 10887.9300 10236.4497  5.98%  88.5  841s
 22930 16372 10785.1246   43   22 10887.9300 10237.2514  5.98%  88.6  849s
*23050 16337              55    10882.810000 10237.5891  5.93%  88.7  849s
 23112 16470 10483.9344   22  158 10882.8100 10237.9717  5.93%  88.6  857s
 23267 16569 10647.0955   46   66 10882.8100 10238.3515  5.92%  88.6  864s
 23332 16569 10831.5612   54   73 10882.8100 10238.3515  5.92%  88.6  865s
 23403 16665 10571.0390   22  180 10882.8100 10239.1043  5.91%  88.7  872s
 23530 16714 infeasible   75      10882.8100 10239.4391  5.91%  88.8  880s
 23596 16853 10581.5126   40  117 10882.8100 10239.6409  5.91%  88.9  888s
 23765 16918 10377.8230   20  113 10882.8100 10239.8458  5.91%  88.9  896s
H23843 16463                    10848.930000 10240.0342  5.61%  88.9  896s
 23851 16553 10489.9978   34  116 10848.9300 10240.1170  5.61%  89.0  902s
 23987 16632     cutoff   52      10848.9300 10240.8386  5.61%  89.1  909s
 24045 16634 10588.0911   30  246 10848.9300 10241.5183  5.60%  89.2  910s
 24098 16729 10775.3576   47   76 10848.9300 10241.5588  5.60%  89.3  916s
 24239 16835     cutoff   58      10848.9300 10241.8499  5.60%  89.4  924s
 24390 16969 10550.3458   27   99 10848.9300 10242.9446  5.59%  89.5  932s
 24568 17110     cutoff   58      10848.9300 10243.3204  5.58%  89.3  940s
 24753 17245 10432.5216   33  112 10848.9300 10244.4699  5.57%  89.2  948s
 24937 17313 10765.3948   53   40 10848.9300 10245.2742  5.56%  89.2  955s
 25039 17411 10494.4031   28  107 10848.9300 10245.9484  5.56%  89.4  962s
 25172 17566 10699.2170   46    6 10848.9300 10246.4598  5.55%  89.5  970s
 25398 17678     cutoff   66      10848.9300 10247.0943  5.55%  89.3  978s
 25543 17836     cutoff   40      10848.9300 10247.6565  5.54%  89.4  986s
 25772 17917     cutoff   53      10848.9300 10248.3909  5.54%  89.3  995s
 25902 17993 10401.3750   26   91 10848.9300 10248.9970  5.53%  89.4 1002s
 26022 18104 10581.4760   29  147 10848.9300 10249.1546  5.53%  89.6 1010s
 26171 18221 10635.4563   41   15 10848.9300 10249.4914  5.53%  89.6 1018s
 26321 18349 10577.3142   26  180 10848.9300 10250.0240  5.52%  89.7 1026s
 26481 18439 10592.0334   31  163 10848.9300 10250.2797  5.52%  89.7 1033s
 26618 18547 10656.1768   40  128 10848.9300 10250.9116  5.51%  89.8 1043s
 26773 18675 10793.0458   63   50 10848.9300 10251.1743  5.51%  89.9 1051s
 26932 18815 10492.4433   31  160 10848.9300 10251.8983  5.50%  90.0 1060s
 27118 18932     cutoff   51      10848.9300 10252.3265  5.50%  89.9 1069s
 27298 19047 10523.3071   26  222 10848.9300 10252.6688  5.50%  89.9 1077s
 27420 19120 10720.1067   47   16 10848.9300 10252.8808  5.49%  90.0 1086s
 27554 19267     cutoff   65      10848.9300 10252.9765  5.49%  89.8 1095s
 27737 19432 10413.7169   26  140 10848.9300 10253.4398  5.49%  89.8 1103s
 27955 19485     cutoff   60      10848.9300 10253.8529  5.49%  89.6 1111s
 28026 19576 10799.7331   36   36 10848.9300 10253.8922  5.48%  89.8 1119s
 28169 19672 10669.8101   41   10 10848.9300 10254.1903  5.48%  89.8 1128s
 28302 19751 10467.2684   22  225 10848.9300 10254.3829  5.48%  90.0 1135s
 28421 19847 10456.2696   28  152 10848.9300 10254.7272  5.48%  90.1 1142s
 28543 20007 10619.6063   34   78 10848.9300 10254.8978  5.48%  90.2 1151s
 28755 20075     cutoff   65      10848.9300 10255.3507  5.47%  90.1 1160s
 28862 20201 10740.0543   48   95 10848.9300 10255.9870  5.47%  90.0 1167s
 29067 20280 10660.6691   29  108 10848.9300 10256.5107  5.46%  89.9 1176s
 29188 20347     cutoff   36      10848.9300 10256.6373  5.46%  90.1 1184s
 29310 20402 10568.0438   30   73 10848.9300 10257.3088  5.45%  90.2 1191s
 29384 20482 10602.4798   29  180 10848.9300 10257.4497  5.45%  90.3 1200s
 29515 20573 10716.5719   33  133 10848.9300 10257.7703  5.45%  90.4 1209s
 29643 20687 10591.3365   27  193 10848.9300 10258.0425  5.45%  90.3 1217s
 29787 20799 10662.0374   29  166 10848.9300 10258.2679  5.44%  90.4 1225s
 29935 20905 10637.3436   45   28 10848.9300 10258.5443  5.44%  90.4 1232s
 30087 20986 infeasible   70      10848.9300 10258.8006  5.44%  90.5 1240s
 30193 21074 10666.6275   34   71 10848.9300 10258.9026  5.44%  90.6 1248s
 30328 21157 10451.5679   24  147 10848.9300 10259.4466  5.43%  90.7 1256s
 30454 21229     cutoff   52      10848.9300 10260.1650  5.43%  90.8 1263s
 30554 21367 10493.5714   29  253 10848.9300 10260.3339  5.43%  90.9 1272s
 30751 21437 10653.3442   48   65 10848.9300 10260.4226  5.42%  90.9 1280s
 30868 21524     cutoff   69      10848.9300 10261.2272  5.42%  91.1 1287s
 30970 21649 10619.9231   57   70 10848.9300 10261.3037  5.42%  91.2 1295s
 31146 21779 10654.8629   24  133 10848.9300 10261.6695  5.41%  91.3 1303s
 31333 21884 10792.8161   44   24 10848.9300 10262.2130  5.41%  91.2 1311s
 31479 21990     cutoff   57      10848.9300 10262.3930  5.41%  91.3 1318s
 31658 22079 10585.2842   31   47 10848.9300 10263.2606  5.40%  91.3 1326s
 31783 22232 10456.5629   31  139 10848.9300 10263.5636  5.40%  91.4 1334s
 31999 22318 infeasible   60      10848.9300 10264.0063  5.39%  91.2 1342s
 32114 22395 10623.3094   39  157 10848.9300 10264.8266  5.38%  91.4 1350s
 32242 22515 infeasible   42      10848.9300 10265.3818  5.38%  91.4 1358s
 32394 22597 10628.3590   36  128 10848.9300 10265.6793  5.38%  91.4 1366s
 32525 22683 10501.3192   22  131 10848.9300 10266.1728  5.37%  91.5 1379s
 32635 22757 10495.7259   29  166 10848.9300 10266.7397  5.37%  91.6 1386s
 32739 22836 10680.3001   43   86 10848.9300 10266.8927  5.36%  91.7 1394s
 32887 22943     cutoff   56      10848.9300 10267.4978  5.36%  91.7 1401s
 33046 23024     cutoff   59      10848.9300 10268.2490  5.35%  91.7 1410s
 33156 23115 10759.0500   37   18 10848.9300 10268.4957  5.35%  91.8 1417s
 33285 23231 10629.5548   21   97 10848.9300 10268.6717  5.35%  91.8 1424s
 33361 23231 10499.1611   29  208 10848.9300 10269.6803  5.34%  91.8 1427s
 33442 23309 10715.1051   41   83 10848.9300 10269.7176  5.34%  91.8 1434s
 33563 23430 10683.2691   40   61 10848.9300 10269.8795  5.34%  91.9 1442s
 33747 23541 10837.0443   59   15 10848.9300 10270.3260  5.33%  91.8 1450s
*33749 23501              60    10847.330000 10270.3260  5.32%  91.8 1450s
 33892 23561 10704.1267   38   96 10847.3300 10270.9386  5.31%  91.9 1457s
 33991 23640 10496.6169   33  181 10847.3300 10271.2126  5.31%  92.0 1466s
 34082 23739 10756.3911   43  120 10847.3300 10271.2923  5.31%  92.1 1474s
 34240 23884 10393.4017   28  114 10847.3300 10271.7879  5.31%  92.1 1483s
 34425 23983 10832.3100   59    - 10847.3300 10272.0646  5.30%  92.0 1491s
*34565 23942              59    10842.310000 10272.4003  5.26%  92.1 1500s
*34566 23166              58    10816.630000 10272.4003  5.03%  92.1 1500s
 34661 23245     cutoff   35      10816.6300 10272.6990  5.03%  92.1 1510s
 34803 23329 10785.0414   55    8 10816.6300 10272.9936  5.03%  92.1 1517s
 34921 23421     cutoff   56      10816.6300 10273.5604  5.02%  92.2 1525s
 35039 23512 10733.3252   56  109 10816.6300 10274.2701  5.01%  92.3 1533s
 35168 23615 10490.0796   26  186 10816.6300 10274.3998  5.01%  92.4 1543s
 35307 23684 10795.0188   31  186 10816.6300 10274.6330  5.01%  92.4 1551s
 35422 23810 10482.9223   25  103 10816.6300 10274.9909  5.01%  92.5 1559s
 35618 23940     cutoff   54      10816.6300 10275.3773  5.00%  92.4 1568s
 35812 24071 10439.6410   29   46 10816.6300 10275.8502  5.00%  92.3 1576s
 35998 24145     cutoff   70      10816.6300 10276.5938  4.99%  92.2 1585s
 36112 24200 10397.6399   29  204 10816.6300 10277.1931  4.99%  92.3 1594s
 36201 24269 10776.0129   48  103 10816.6300 10277.2772  4.99%  92.5 1601s
H36320 20287                    10737.780000 10277.3627  4.29%  92.5 1610s
 36405 20345 10625.2237   26  210 10737.7800 10278.0665  4.28%  92.6 1618s
 36524 20398 10577.5942   40   66 10737.7800 10278.2832  4.28%  92.7 1626s
 36639 20449 10429.7942   33  116 10737.7800 10278.8130  4.27%  92.8 1635s
 36734 20505 10674.3153   45   25 10737.7800 10278.9010  4.27%  92.9 1644s
 36864 20508 10673.0578   63   35 10737.7800 10279.0714  4.27%  93.0 1645s
 36876 20608     cutoff   57      10737.7800 10279.3025  4.27%  93.0 1654s
 37008 20670 10656.8036   49   37 10737.7800 10279.5852  4.27%  93.1 1662s
 37154 20764 10533.4824   30  116 10737.7800 10280.1378  4.26%  93.1 1670s
 37302 20884 10424.5798   29  178 10737.7800 10280.8102  4.26%  93.1 1680s
 37498 20953 10726.6480   28  150 10737.7800 10281.3769  4.25%  93.0 1689s
 37629 21023 10460.6826   22  146 10737.7800 10282.1195  4.24%  93.0 1696s
 37742 21103     cutoff   40      10737.7800 10282.4949  4.24%  93.1 1704s
 37885 21177 10732.2700   48    - 10737.7800 10283.0747  4.23%  93.1 1713s
 38013 21265     cutoff   48      10737.7800 10283.6709  4.23%  93.1 1723s
 38139 21333     cutoff   35      10737.7800 10284.0912  4.23%  93.2 1730s
 38281 21431 10453.7197   34  168 10737.7800 10284.4700  4.22%  93.2 1739s
 38478 21503 10516.8258   28  193 10737.7800 10284.9285  4.22%  93.1 1749s
 38594 21594 10591.8740   42  104 10737.7800 10285.3092  4.21%  93.2 1757s
 38737 21662 10704.3599   27  244 10737.7800 10285.6440  4.21%  93.2 1766s
 38840 21707 10602.0194   38   32 10737.7800 10285.8160  4.21%  93.3 1776s
 38972 21792 10625.3218   61   14 10737.7800 10285.8981  4.21%  93.3 1784s
 39114 21857 10592.9698   42   61 10737.7800 10286.4173  4.20%  93.3 1793s
 39240 21918 10486.2112   32   66 10737.7800 10287.2122  4.20%  93.4 1802s
 39337 21985 10455.0771   30  195 10737.7800 10287.4964  4.19%  93.5 1810s
 39477 22052 10608.3217   32  177 10737.7800 10287.9396  4.19%  93.5 1820s
 39607 22112 10546.6158   31   32 10737.7800 10288.1847  4.19%  93.6 1829s
 39753 22204 10474.4295   28  211 10737.7800 10288.4322  4.18%  93.6 1837s
 39912 22273 10479.2966   31  150 10737.7800 10288.7830  4.18%  93.6 1846s
 40046 22333 10444.8595   23  206 10737.7800 10289.0593  4.18%  93.6 1853s
 40181 22392 10415.4413   22  251 10737.7800 10289.6450  4.17%  93.7 1861s
 40279 22423     cutoff   55      10737.7800 10289.9919  4.17%  93.8 1869s
 40368 22501 10427.1295   33  136 10737.7800 10290.4029  4.17%  93.9 1876s
 40508 22565     cutoff   49      10737.7800 10291.0383  4.16%  94.0 1884s
 40621 22625 10500.2241   25  176 10737.7800 10291.6678  4.15%  94.0 1894s
 40722 22677 10678.0820   48    4 10737.7800 10291.9455  4.15%  94.1 1902s
 40869 22774     cutoff   57      10737.7800 10292.4654  4.15%  94.1 1911s
 40993 22811 10572.5575   43   17 10737.7800 10292.7961  4.14%  94.1 1920s
 41078 22858     cutoff   48      10737.7800 10293.3108  4.14%  94.2 1929s
 41179 22926     cutoff   48      10737.7800 10293.5540  4.14%  94.3 1938s
 41308 23013 10629.6535   41   31 10737.7800 10293.8191  4.13%  94.3 1947s
 41419 23102     cutoff   36      10737.7800 10293.9080  4.13%  94.4 1956s
 41570 23176 10580.1901   26  129 10737.7800 10294.3420  4.13%  94.4 1964s
 41692 23250     cutoff   41      10737.7800 10294.4837  4.13%  94.4 1973s
 41847 23327 infeasible   62      10737.7800 10294.6281  4.13%  94.4 1983s
 41970 23394 10544.6355   35   80 10737.7800 10294.9188  4.12%  94.5 1991s
 42098 23477 10574.4059   40  120 10737.7800 10295.2905  4.12%  94.5 2001s
 42237 23526 10535.3012   27  102 10737.7800 10295.5451  4.12%  94.5 2012s
 42319 23583 10500.3715   29   79 10737.7800 10295.6137  4.12%  94.7 2025s
 42456 23654     cutoff   44      10737.7800 10295.7179  4.12%  94.7 2035s
 42585 23692 10712.8575   39    6 10737.7800 10296.1159  4.11%  94.8 2047s
 42654 23743     cutoff   43      10737.7800 10296.2145  4.11%  94.9 2057s
 42758 23822 10605.0542   24  194 10737.7800 10296.5153  4.11%  95.0 2069s
 42888 23903 10579.7414   25  166 10737.7800 10296.5555  4.11%  95.0 2078s
 43003 23963 10692.2232   35   96 10737.7800 10296.8049  4.11%  95.1 2089s
 43099 24062 10653.2067   44   70 10737.7800 10296.9159  4.11%  95.2 2098s
 43245 24091     cutoff   56      10737.7800 10297.0859  4.10%  95.2 2219s
 43292 24155 10689.2168   32  143 10737.7800 10297.1816  4.10%  95.3 2229s
 43424 24234     cutoff   46      10737.7800 10297.2626  4.10%  95.3 2239s
 43540 24300     cutoff   56      10737.7800 10297.8594  4.10%  95.4 2249s
H43541 22709                    10711.780000 10297.8594  3.86%  95.4 2249s
*43598 21720              55    10697.430000 10298.2132  3.73%  95.4 2249s
 43656 21762 10632.2516   41   80 10697.4300 10298.2739  3.73%  95.4 2258s
 43764 21844 10400.2744   29  188 10697.4300 10298.6397  3.73%  95.5 2268s
 43925 21882 10540.6040   40   40 10697.4300 10298.9986  3.72%  95.5 2278s
*43975 20272              52    10674.430000 10299.2047  3.52%  95.5 2279s
 44018 20332     cutoff   46      10674.4300 10299.3005  3.51%  95.5 2289s
 44125 20383     cutoff   59      10674.4300 10299.4885  3.51%  95.6 2298s
 44212 20406 10573.1123   34  102 10674.4300 10299.6791  3.51%  95.7 2308s
 44277 20470 10648.7007   36  119 10674.4300 10300.3869  3.50%  95.9 2318s
 44395 20525 10649.0638   39   82 10674.4300 10300.9943  3.50%  95.9 2327s
 44520 20628 10668.2919   46   30 10674.4300 10301.2045  3.50%  96.0 2336s
 44687 20710 10645.7374   44   20 10674.4300 10301.7393  3.49%  96.0 2347s
 44822 20784 10513.8182   36   92 10674.4300 10302.3923  3.49%  96.0 2359s
 44962 20823     cutoff   46      10674.4300 10302.7922  3.48%  96.0 2372s
 45064 20897     cutoff   44      10674.4300 10303.1822  3.48%  96.1 2381s
 45192 20941 10631.3406   40  124 10674.4300 10303.5621  3.47%  96.1 2392s
 45317 21001 10616.6233   30  120 10674.4300 10303.7898  3.47%  96.2 2402s
H45450 20258                    10663.950000 10304.0284  3.38%  96.2 2411s
 45561 20301     cutoff   48      10663.9500 10304.2857  3.37%  96.3 2421s
 45696 20339     cutoff   31      10663.9500 10304.9224  3.37%  96.3 2431s
 45812 20402 10542.7915   34  127 10663.9500 10305.3917  3.36%  96.4 2441s
 45919 20462 10564.8925   32  101 10663.9500 10305.5562  3.36%  96.4 2451s
 46023 20487 10601.7068   26  114 10663.9500 10306.0037  3.36%  96.5 2462s
 46095 20508 10577.8123   24  283 10663.9500 10306.1876  3.35%  96.6 2472s
 46170 20552     cutoff   34      10663.9500 10306.3725  3.35%  96.7 2482s
 46276 20591 10625.3006   28  138 10663.9500 10306.6679  3.35%  96.8 2492s
 46369 20659 10371.5257   24  222 10663.9500 10306.9182  3.35%  96.9 2502s
 46522 20712 10615.7100   55    - 10663.9500 10307.5385  3.34%  96.9 2513s
 46615 20789     cutoff   55      10663.9500 10307.6537  3.34%  97.0 2523s
 46756 20848     cutoff   41      10663.9500 10308.3725  3.33%  97.0 2534s
 46867 20891 10628.0026   27  130 10663.9500 10308.8124  3.33%  97.1 2544s
 46979 20932     cutoff   45      10663.9500 10309.2222  3.33%  97.2 2554s
 47087 20963 10457.0110   30  151 10663.9500 10309.7315  3.32%  97.3 2565s
 47196 20991     cutoff   33      10663.9500 10309.9221  3.32%  97.3 2575s
 47330 21026 10429.8662   29  198 10663.9500 10310.2957  3.32%  97.4 2585s
 47427 21060 10449.6515   22  222 10663.9500 10310.4980  3.31%  97.5 2594s
 47511 21122     cutoff   25      10663.9500 10310.6723  3.31%  97.6 2604s
 47665 21188 10469.2486   27   97 10663.9500 10310.8821  3.31%  97.6 2614s
 47800 21253 10535.7997   25  181 10663.9500 10311.5336  3.30%  97.7 2624s
 47858 21253 10493.8681   24  187 10663.9500 10311.5883  3.30%  97.7 2625s
