




arguments: ./build/bc_mirp -f ./input/orig_exec_152.cfg
Current dir: /scratch/gui/bc_mirp
File verbosity level: 9
date       time         ( uptime  ) [ thread name/id ]                   file:line     v| 
2021-02-08 05:45:19.315 (   0.182s) [main thread     ]             loguru.cpp:789   INFO| Logging to './output/vi_vc+qua/OU/V2/Original/execution_08_02_2021_05_45_19.log', mode: 'a', verbosity: 9
--------------------------------------------------------------------------------
Parameters
                           instance_path           ./input/Instances/Original/4/
                            model_policy                                       1
                             nb_vehicles                                       2
                              output_dir      ./output/vi_vc+qua/OU/V2/Original/
                            sec_strategy                                       1
                       solver_nb_threads                                       2
                         solver_show_log                                    true
                       solver_time_limit                                    3600
                              use_vi_cos                                   false
                              use_vi_cus                                   false
                         use_vi_hc1_full                                   false
                         use_vi_hc1_half                                   false
                      use_vi_hc1_quarter                                   false
                              use_vi_hc2                                   false
                              use_vi_hc3                                   false
                         use_vi_lex_full                                   false
                         use_vi_lex_half                                   false
                      use_vi_lex_quarter                                   false
                              use_vi_qua                                    true
                               use_vi_vc                                    true
                               use_vi_vr                                   false
--------------------------------------------------------------------------------
executing instance: ./input/Instances/Original/4/absH3low_3n30.dat
--------------------------------------------------------------------------------
Instance details
n	31
H	3
C	2841
Li:
[0, 0, 0, 0, 0, 0, 0, 0, 0, 0, 0, 0, 0, 0, 0, 0, 0, 0, 0, 0, 0, 0, 0, 0, 0, 0, 0, 0, 0, 0, 0, ]
Ui:
[0, 246, 98, 54, 144, 171, 192, 180, 165, 98, 122, 198, 297, 144, 130, 129, 219, 138, 142, 150, 108, 66, 64, 285, 180, 204, 276, 168, 240, 198, 122, ]
Distance matrix:
|0	172	56	166	260	198	42	197	296	110	91	112	238	275	323	183	330	232	175	181	162	191	232	280	201	139	356	185	266	216	26	|
|172	0	178	223	320	335	153	355	444	62	231	99	333	376	214	352	176	235	194	106	47	41	353	161	299	175	225	43	326	374	153	|
|56	178	0	110	204	162	93	233	336	125	144	148	187	226	358	180	313	284	123	152	182	185	282	252	256	88	329	177	210	251	42	|
|166	223	110	0	102	150	199	327	431	194	253	237	113	156	431	228	296	386	44	140	248	208	389	218	366	48	287	200	108	344	148	|
|260	320	204	102	0	156	296	391	493	296	340	339	66	90	531	263	362	486	127	226	349	300	469	278	454	148	334	292	6	406	245	|
|198	335	162	150	156	0	239	255	351	286	245	307	93	106	518	111	442	423	194	280	344	335	349	367	352	182	437	327	158	266	199	|
|42	153	93	199	296	239	0	203	296	91	82	76	278	316	284	217	322	191	201	186	133	180	217	281	177	165	356	175	302	222	52	|
|197	355	233	327	391	255	203	0	104	294	125	266	340	361	436	151	524	276	352	377	330	383	109	477	146	319	553	377	395	19	222	|
|296	444	336	431	493	351	296	104	0	384	214	348	440	456	488	241	617	315	456	476	412	475	113	575	176	422	651	470	497	88	322	|
|110	62	125	194	296	286	91	294	384	0	171	55	298	340	238	292	233	210	176	118	58	91	298	201	248	148	273	87	302	313	94	|
|91	231	144	253	340	245	82	125	214	171	0	141	307	339	324	184	403	187	266	266	204	261	140	363	114	230	438	256	346	144	116	|
|112	99	148	237	339	307	76	266	348	55	141	0	332	373	212	292	275	156	225	173	64	137	254	253	200	194	322	135	345	284	108	|
|238	333	187	113	66	93	278	340	440	298	307	332	0	43	536	203	404	469	153	253	354	321	427	322	420	160	385	313	67	353	229	|
|275	376	226	156	90	106	316	361	456	340	339	373	43	0	578	216	443	507	194	295	397	364	453	361	451	203	421	356	88	372	268	|
|323	214	358	431	531	518	284	436	488	238	324	212	536	578	0	498	309	176	407	320	183	245	376	344	312	383	379	251	537	451	319	|
|183	352	180	228	263	111	217	151	241	292	184	292	203	216	498	0	492	371	266	328	345	364	255	426	272	242	501	356	266	159	198	|
|330	176	313	296	362	442	322	524	617	233	403	275	404	443	309	492	0	397	253	164	218	142	529	84	475	260	72	147	367	543	306	|
|232	235	284	386	486	423	191	276	315	210	187	156	469	507	176	371	397	0	379	327	188	276	202	396	139	346	456	277	492	289	242	|
|175	194	123	44	127	194	201	352	456	176	266	225	153	194	407	266	253	379	0	101	225	174	405	174	375	36	244	166	133	370	152	|
|181	106	152	140	226	280	186	377	476	118	266	173	253	295	320	328	164	327	101	0	148	76	403	100	360	98	177	69	232	396	155	|
|162	47	182	248	349	344	133	330	412	58	204	64	354	397	183	345	218	188	225	148	0	89	316	208	259	201	270	90	355	348	149	|
|191	41	185	208	300	335	180	383	475	91	261	137	321	364	245	364	142	276	174	76	89	0	388	119	336	162	185	8	306	402	169	|
|232	353	282	389	469	349	217	109	113	298	140	254	427	453	376	255	529	202	405	403	316	388	0	497	64	369	570	384	474	112	256	|
|280	161	252	218	278	367	281	477	575	201	363	253	322	361	344	426	84	396	174	100	208	119	497	0	449	187	77	119	283	496	255	|
|201	299	256	366	454	352	177	146	176	248	114	200	420	451	312	272	475	139	375	360	259	336	64	449	0	339	521	333	460	156	223	|
|139	175	88	48	148	182	165	319	422	148	230	194	160	203	383	242	260	346	36	98	201	162	369	187	339	0	260	153	154	337	116	|
|356	225	329	287	334	437	356	553	651	273	438	322	385	421	379	501	72	456	244	177	270	185	570	77	521	260	0	187	338	572	331	|
|185	43	177	200	292	327	175	377	470	87	256	135	313	356	251	356	147	277	166	69	90	8	384	119	333	153	187	0	298	396	163	|
|266	326	210	108	6	158	302	395	497	302	346	345	67	88	537	266	367	492	133	232	355	306	474	283	460	154	338	298	0	410	251	|
|216	374	251	344	406	266	222	19	88	313	144	284	353	372	451	159	543	289	370	396	348	402	112	496	156	337	572	396	410	0	241	|
|26	153	42	148	245	199	52	222	322	94	116	108	229	268	319	198	306	242	152	155	149	169	256	255	223	116	331	163	251	241	0	|

--------------------------------------------------------------------------------
Building model...
	using lazy and cut (CVRPSEP package)
Solving IRP LP...
--------------------------------------------------------------------------------

Gurobi 9.1.0 (linux64) logging started Mon Feb  8 05:45:19 2021

Gurobi Optimizer version 9.1.0 build v9.1.0rc0 (linux64)
Thread count: 32 physical cores, 32 logical processors, using up to 2 threads
Optimize a model with 775 rows, 3280 columns and 8158 nonzeros
Model fingerprint: 0x536068d8
Variable types: 304 continuous, 2976 integer (186 binary)
Coefficient statistics:
  Matrix range     [1e+00, 1e+03]
  Objective range  [1e-02, 7e+02]
  Bounds range     [1e+00, 3e+02]
  RHS range        [1e+00, 5e+03]
Presolve removed 245 rows and 122 columns
Presolve time: 0.08s
Presolved: 530 rows, 3158 columns, 7431 nonzeros
Variable types: 182 continuous, 2976 integer (2796 binary)

Root relaxation: objective 2.308438e+03, 584 iterations, 0.01 seconds

    Nodes    |    Current Node    |     Objective Bounds      |     Work
 Expl Unexpl |  Obj  Depth IntInf | Incumbent    BestBd   Gap | It/Node Time

     0     0 2308.43801    0   75          - 2308.43801      -     -    0s
     0     0 2621.87440    0  100          - 2621.87440      -     -    0s
     0     0 3124.91699    0  110          - 3124.91699      -     -    0s
     0     0 3184.31583    0  104          - 3184.31583      -     -    0s
     0     0 3226.21016    0   94          - 3226.21016      -     -    0s
     0     0 3226.21016    0  110          - 3226.21016      -     -    0s
     0     0 3292.92796    0  106          - 3292.92796      -     -    0s
     0     0 3415.28171    0  172          - 3415.28171      -     -    0s
     0     0 3426.17919    0  170          - 3426.17919      -     -    0s
     0     0 3428.04753    0  194          - 3428.04753      -     -    0s
     0     0 3428.41668    0  179          - 3428.41668      -     -    0s
     0     0 3437.84612    0  185          - 3437.84612      -     -    0s
     0     0 3440.02927    0  176          - 3440.02927      -     -    0s
     0     0 3440.05354    0  187          - 3440.05354      -     -    0s
     0     0 3443.81425    0  164          - 3443.81425      -     -    0s
     0     0 3447.00138    0  154          - 3447.00138      -     -    0s
     0     0 3448.36438    0  194          - 3448.36438      -     -    0s
     0     0 3451.03311    0  169          - 3451.03311      -     -    0s
     0     0 3451.03311    0  165          - 3451.03311      -     -    0s
     0     2 3452.17361    0  165          - 3452.17361      -     -    1s
*  261   272              98    5111.9900000 3462.23184  32.3%  68.2    3s
H  338   321                    5108.9900000 3462.23184  32.2%  76.2    4s
   366   355 4208.25836   39   50 5108.99000 3462.23184  32.2%  76.6    5s
   753   705 4655.63234  119  277 5108.99000 3602.27337  29.5%  50.1   10s
H  769   679                    4765.3200000 3609.27490  24.3%  49.0   13s
H  778   650                    4590.5400000 3615.28621  21.2%  48.5   14s
   781   652 4554.94043   88  349 4590.54000 3615.54993  21.2%  48.3   15s
   811   676 3618.29430   25  298 4590.54000 3618.29430  21.2%  58.5   20s
H  837   660                    4589.5400000 3654.61813  20.4%  65.2   22s
   892   695 3883.40533   49  137 4589.54000 3654.61813  20.4%  73.2   25s
  1155   858 4161.75642  106  102 4589.54000 3654.61813  20.4%  85.0   30s
  1482   968 3879.49916   43   81 4589.54000 3671.26070  20.0%  87.4   35s
H 1683  1028                    4496.8100000 3671.26070  18.4%  86.6   37s
* 1787  1034             174    4493.8100000 3707.25724  17.5%  84.0   38s
  1838  1059 4270.40000   40   18 4493.81000 3707.25724  17.5%  87.1   40s
H 1982   837                    4316.4600000 3714.77951  13.9%  92.6   45s
  2213   936 4018.45973   34  201 4316.46000 3717.83838  13.9%  93.7   50s
  2401   978 4011.12811   33  130 4316.46000 3762.41563  12.8%   100   56s
  2556  1055 3992.42195   35  143 4316.46000 3774.28240  12.6%   105   61s
H 2608   284                    3987.4600000 3783.30108  5.12%   105   62s
  2684   284 3948.97494   39  121 3987.46000 3799.75635  4.71%   108   65s
  2847   320 3973.19157   32   91 3987.46000 3820.21911  4.19%   110   70s
* 2866   287              39    3972.6400000 3824.74267  3.72%   111   71s
  3004   281 3953.51831   38  134 3972.64000 3841.45013  3.30%   114   75s
  3172   289     cutoff   42      3972.64000 3865.97382  2.69%   117   80s
H 3228   126                    3916.8500000 3871.60922  1.16%   117   80s
* 3280     0              38    3914.8500000 3872.10513  1.09%   116   81s

Cutting planes:
  User: 2483
  Gomory: 16
  Cover: 179
  Implied bound: 46
  Projected implied bound: 1
  Clique: 19
  MIR: 49
  StrongCG: 4
  Flow cover: 198
  GUB cover: 1
  Zero half: 14
  RLT: 95
  Relax-and-lift: 2
  Lazy constraints: 283

Explored 3368 nodes (386749 simplex iterations) in 81.99 seconds
Thread count was 2 (of 32 available processors)

Solution count 10: 3914.85 3916.85 3972.64 ... 4765.32

Optimal solution found (tolerance 1.00e-04)
Best objective 3.914850000000e+03, best bound 3.914850000000e+03, gap 0.0000%

User-callback calls 18390, time in user-callback 4.73 sec
================================================================================
executing instance: ./input/Instances/Original/4/absH3low_3n10.dat
--------------------------------------------------------------------------------
Instance details
n	11
H	3
C	687
Li:
[0, 0, 0, 0, 0, 0, 0, 0, 0, 0, 0, ]
Ui:
[0, 189, 44, 174, 78, 36, 198, 117, 42, 96, 240, ]
Distance matrix:
|0	209	255	286	142	156	285	317	182	161	135	|
|209	0	464	451	315	356	490	469	361	299	260	|
|255	464	0	221	202	130	74	280	189	254	273	|
|286	451	221	0	145	156	164	479	354	153	192	|
|142	315	202	145	0	73	194	388	250	53	73	|
|156	356	130	156	73	0	134	332	200	127	144	|
|285	490	74	164	194	134	0	353	256	239	267	|
|317	469	280	479	388	332	353	0	141	436	430	|
|182	361	189	354	250	200	256	141	0	296	289	|
|161	299	254	153	53	127	239	436	296	0	39	|
|135	260	273	192	73	144	267	430	289	39	0	|

--------------------------------------------------------------------------------
Building model...
	using lazy and cut (CVRPSEP package)
Solving IRP LP...
--------------------------------------------------------------------------------

Gurobi 9.1.0 (linux64) logging started Mon Feb  8 05:46:41 2021

Gurobi Optimizer version 9.1.0 build v9.1.0rc0 (linux64)
Thread count: 32 physical cores, 32 logical processors, using up to 2 threads
Optimize a model with 275 rows, 500 columns and 1538 nonzeros
Model fingerprint: 0x69236e5f
Variable types: 104 continuous, 396 integer (66 binary)
Coefficient statistics:
  Matrix range     [1e+00, 3e+02]
  Objective range  [1e-02, 5e+02]
  Bounds range     [1e+00, 2e+02]
  RHS range        [1e+00, 1e+03]
Presolve removed 85 rows and 42 columns
Presolve time: 0.02s
Presolved: 190 rows, 458 columns, 1292 nonzeros
Variable types: 62 continuous, 396 integer (336 binary)
Found heuristic solution: objective 4905.9000000
Found heuristic solution: objective 3808.7100000

Root relaxation: objective 1.258552e+03, 299 iterations, 0.01 seconds

    Nodes    |    Current Node    |     Objective Bounds      |     Work
 Expl Unexpl |  Obj  Depth IntInf | Incumbent    BestBd   Gap | It/Node Time

     0     0 1258.55224    0   35 3808.71000 1258.55224  67.0%     -    0s
H    0     0                    3724.7100000 1258.55224  66.2%     -    0s
     0     0 1610.22903    0   44 3724.71000 1610.22903  56.8%     -    0s
H    0     0                    3466.7100000 1610.22903  53.6%     -    0s
     0     0 1912.30062    0   60 3466.71000 1912.30062  44.8%     -    0s
     0     0 1970.94400    0   78 3466.71000 1970.94400  43.1%     -    0s
     0     0 1974.94840    0   76 3466.71000 1974.94840  43.0%     -    0s
     0     0 1974.96236    0   76 3466.71000 1974.96236  43.0%     -    0s
     0     0 2067.76721    0   62 3466.71000 2067.76721  40.4%     -    0s
H    0     0                    2849.4900000 2067.76721  27.4%     -    0s
     0     0 2067.76721    0   64 2849.49000 2067.76721  27.4%     -    0s
     0     0 2077.72564    0   77 2849.49000 2077.72564  27.1%     -    0s
H    0     0                    2760.4900000 2077.72564  24.7%     -    0s
     0     0 2093.49512    0   63 2760.49000 2093.49512  24.2%     -    0s
     0     0 2093.49512    0   62 2760.49000 2093.49512  24.2%     -    0s
     0     0 2097.99299    0   70 2760.49000 2097.99299  24.0%     -    0s
     0     0 2099.77949    0   70 2760.49000 2099.77949  23.9%     -    0s
     0     0 2101.03953    0   69 2760.49000 2101.03953  23.9%     -    0s
     0     0 2101.26446    0   80 2760.49000 2101.26446  23.9%     -    0s
     0     0 2114.70239    0   67 2760.49000 2114.70239  23.4%     -    0s
H    0     0                    2734.4900000 2114.70239  22.7%     -    0s
     0     0 2115.28036    0   67 2734.49000 2115.28036  22.6%     -    0s
     0     0 2115.41534    0   84 2734.49000 2115.41534  22.6%     -    0s
     0     0 2115.41534    0   70 2734.49000 2115.41534  22.6%     -    0s
H    0     0                    2717.7100000 2115.41534  22.2%     -    0s
     0     2 2138.60945    0   66 2717.71000 2138.60945  21.3%     -    0s
H   63    51                    2480.4900000 2152.94805  13.2%  31.9    0s
*  175    90              13    2450.1000000 2229.92529  8.99%  35.0    0s
*  201    91               5    2449.1000000 2235.99242  8.70%  34.7    0s

Cutting planes:
  User: 81
  Gomory: 4
  Cover: 57
  Implied bound: 21
  Clique: 9
  MIR: 45
  StrongCG: 2
  Flow cover: 41
  GUB cover: 3
  Zero half: 1
  RLT: 50
  Relax-and-lift: 8
  Lazy constraints: 26

Explored 472 nodes (14991 simplex iterations) in 1.04 seconds
Thread count was 2 (of 32 available processors)

Solution count 10: 2449.1 2450.1 2480.49 ... 3808.71

Optimal solution found (tolerance 1.00e-04)
Best objective 2.449100000000e+03, best bound 2.449100000000e+03, gap 0.0000%

User-callback calls 1363, time in user-callback 0.09 sec
================================================================================
executing instance: ./input/Instances/Original/4/absH3low_3n15.dat
--------------------------------------------------------------------------------
Instance details
n	16
H	3
C	1267
Li:
[0, 0, 0, 0, 0, 0, 0, 0, 0, 0, 0, 0, 0, 0, 0, 0, ]
Ui:
[0, 156, 267, 148, 144, 87, 33, 171, 76, 141, 270, 282, 60, 110, 172, 57, ]
Distance matrix:
|0	229	567	76	58	96	306	409	310	423	108	346	165	347	159	256	|
|229	0	482	243	279	155	375	525	251	419	158	373	65	123	329	246	|
|567	482	0	506	622	483	342	439	259	200	467	274	486	433	501	312	|
|76	243	506	0	119	88	230	337	255	352	88	272	179	347	94	194	|
|58	279	622	119	0	154	345	431	366	471	166	391	217	399	179	310	|
|96	155	483	88	154	0	266	397	224	358	17	289	92	262	176	179	|
|306	375	342	230	345	266	0	158	184	148	251	68	332	423	181	140	|
|409	525	439	337	431	397	158	0	340	244	386	201	476	581	253	298	|
|310	251	259	255	366	224	184	340	0	170	208	146	238	257	274	66	|
|423	419	200	352	471	358	148	244	170	0	341	84	396	424	323	182	|
|108	158	467	88	166	17	251	386	208	341	0	273	96	259	172	162	|
|346	373	274	272	391	289	68	201	146	84	273	0	340	400	239	127	|
|165	65	486	179	217	92	332	476	238	396	96	340	0	182	267	216	|
|347	123	433	347	399	262	423	581	257	424	259	400	182	0	423	283	|
|159	329	501	94	179	176	181	253	274	323	172	239	267	423	0	208	|
|256	246	312	194	310	179	140	298	66	182	162	127	216	283	208	0	|

--------------------------------------------------------------------------------
Building model...
	using lazy and cut (CVRPSEP package)
Solving IRP LP...
--------------------------------------------------------------------------------

Gurobi 9.1.0 (linux64) logging started Mon Feb  8 05:46:42 2021

Gurobi Optimizer version 9.1.0 build v9.1.0rc0 (linux64)
Thread count: 32 physical cores, 32 logical processors, using up to 2 threads
Optimize a model with 400 rows, 970 columns and 2743 nonzeros
Model fingerprint: 0x71c38a20
Variable types: 154 continuous, 816 integer (96 binary)
Coefficient statistics:
  Matrix range     [1e+00, 6e+02]
  Objective range  [1e-02, 6e+02]
  Bounds range     [1e+00, 3e+02]
  RHS range        [1e+00, 2e+03]
Presolve removed 125 rows and 62 columns
Presolve time: 0.03s
Presolved: 275 rows, 908 columns, 2376 nonzeros
Variable types: 92 continuous, 816 integer (726 binary)

Root relaxation: objective 1.641402e+03, 330 iterations, 0.01 seconds

    Nodes    |    Current Node    |     Objective Bounds      |     Work
 Expl Unexpl |  Obj  Depth IntInf | Incumbent    BestBd   Gap | It/Node Time

     0     0 1641.40180    0   42          - 1641.40180      -     -    0s
     0     0 1898.05136    0   28          - 1898.05136      -     -    0s
     0     0 2335.36888    0   52          - 2335.36888      -     -    0s
     0     0 2361.39800    0   71          - 2361.39800      -     -    0s
     0     0 2406.16810    0   72          - 2406.16810      -     -    0s
     0     0 2408.46568    0   78          - 2408.46568      -     -    0s
     0     0 2413.29810    0   77          - 2413.29810      -     -    0s
     0     0 2413.29810    0   78          - 2413.29810      -     -    0s
     0     0 2479.63597    0  107          - 2479.63597      -     -    0s
     0     0 2550.02749    0   82          - 2550.02749      -     -    0s
     0     0 2570.66116    0  106          - 2570.66116      -     -    0s
     0     0 2570.76649    0   81          - 2570.76649      -     -    0s
     0     0 2581.06553    0  108          - 2581.06553      -     -    0s
H    0     0                    4682.8000000 2581.06553  44.9%     -    0s
H    0     0                    4426.8000000 2581.06553  41.7%     -    0s
     0     0 2592.63464    0  130 4426.80000 2592.63464  41.4%     -    0s
     0     0 2594.80662    0  103 4426.80000 2594.80662  41.4%     -    0s
     0     0 2594.87844    0  104 4426.80000 2594.87844  41.4%     -    0s
     0     0 2599.31601    0  112 4426.80000 2599.31601  41.3%     -    0s
     0     0 2607.04454    0  142 4426.80000 2607.04454  41.1%     -    0s
     0     0 2611.25829    0  137 4426.80000 2611.25829  41.0%     -    0s
     0     0 2613.53843    0  134 4426.80000 2613.53843  41.0%     -    0s
     0     0 2613.53843    0  139 4426.80000 2613.53843  41.0%     -    0s
     0     0 2614.51149    0  132 4426.80000 2614.51149  40.9%     -    0s
     0     0 2614.51149    0  130 4426.80000 2614.51149  40.9%     -    0s
     0     2 2614.90438    0  130 4426.80000 2614.90438  40.9%     -    0s
H   58    68                    3726.6400000 2658.15400  28.7%  73.7    0s
H  195   127                    3370.6800000 2661.84590  21.0%  47.2    1s
H  263   168                    3306.6800000 2696.54163  18.5%  46.5    1s
H  272   134                    3175.6800000 2696.54163  15.1%  46.8    1s
H  376   116                    3096.6800000 2775.71590  10.4%  48.0    1s
* 1276    18              15    3081.5600000 3024.59368  1.85%  46.2    4s

Cutting planes:
  User: 439
  Gomory: 5
  Cover: 104
  Implied bound: 40
  Clique: 7
  MIR: 48
  StrongCG: 2
  Flow cover: 85
  GUB cover: 1
  Zero half: 16
  Mod-K: 1
  RLT: 63
  Relax-and-lift: 2
  Lazy constraints: 192

Explored 1382 nodes (63233 simplex iterations) in 4.47 seconds
Thread count was 2 (of 32 available processors)

Solution count 8: 3081.56 3096.68 3175.68 ... 4682.8

Optimal solution found (tolerance 1.00e-04)
Best objective 3.081559999995e+03, best bound 3.081559999995e+03, gap 0.0000%

User-callback calls 3845, time in user-callback 0.44 sec
================================================================================
executing instance: ./input/Instances/Original/4/absH3low_2n45.dat
--------------------------------------------------------------------------------
Instance details
n	46
H	3
C	3171
Li:
[0, 0, 0, 0, 0, 0, 0, 0, 0, 0, 0, 0, 0, 0, 0, 0, 0, 0, 0, 0, 0, 0, 0, 0, 0, 0, 0, 0, 0, 0, 0, 0, 0, 0, 0, 0, 0, 0, 0, 0, 0, 0, 0, 0, 0, 0, ]
Ui:
[0, 246, 160, 78, 20, 87, 144, 40, 20, 82, 60, 96, 24, 136, 160, 108, 160, 26, 228, 51, 24, 240, 231, 70, 32, 105, 174, 114, 246, 126, 132, 76, 22, 42, 255, 132, 148, 162, 66, 111, 102, 240, 123, 201, 297, 78, ]
Distance matrix:
|0	148	402	550	329	420	187	318	366	280	504	273	233	333	112	344	379	481	113	593	159	523	261	424	90	359	163	461	413	240	105	299	265	89	371	462	339	273	495	22	41	439	369	506	563	468	|
|148	0	284	517	394	284	136	369	244	311	496	166	329	355	223	202	338	388	204	565	254	506	118	346	71	423	173	471	336	118	105	352	198	105	248	428	302	305	487	153	179	441	230	497	517	370	|
|402	284	0	350	448	80	228	406	42	343	382	129	456	350	412	126	219	131	382	395	410	371	180	137	314	466	289	400	137	167	389	401	169	316	39	280	217	342	373	394	414	362	108	380	324	106	|
|550	517	350	0	339	429	385	308	374	295	93	375	431	249	481	461	180	239	458	48	445	57	474	214	496	333	387	160	216	424	601	321	320	471	376	90	217	301	93	530	534	146	452	88	52	262	|
|329	394	448	339	0	513	282	42	438	105	255	363	115	108	221	484	259	431	217	365	172	289	436	362	333	30	224	189	353	380	423	47	291	296	443	285	240	107	251	307	294	193	495	260	378	437	|
|420	284	80	429	513	0	267	473	76	408	462	163	509	421	449	86	298	201	421	474	455	451	167	217	330	533	333	478	217	181	386	466	225	341	70	360	291	406	453	416	438	440	59	460	400	176	|
|187	136	228	385	282	267	0	249	199	186	360	104	248	224	184	214	207	294	155	432	189	371	155	237	113	308	68	336	227	101	216	236	78	98	205	296	168	181	350	174	190	305	231	360	390	283	|
|318	369	406	308	42	473	249	0	397	66	229	325	128	67	216	447	218	389	206	337	168	260	402	320	311	61	196	167	311	345	406	19	252	275	403	248	198	70	223	296	286	164	457	233	344	395	|
|366	244	42	374	438	76	199	397	0	332	397	96	436	346	383	90	228	168	354	420	385	389	139	161	277	458	263	408	158	128	349	391	150	282	6	298	218	331	388	359	380	370	78	395	352	144	|
|280	311	343	295	105	408	186	66	332	0	231	259	142	53	191	380	171	337	173	332	150	257	337	267	258	127	139	182	258	280	359	58	186	223	338	222	143	6	224	258	254	164	390	234	323	340	|
|504	496	382	93	255	462	360	229	397	231	0	375	356	180	422	478	173	293	403	110	381	36	474	248	463	245	345	68	246	419	568	244	308	433	400	104	200	237	9	482	482	67	474	5	142	312	|
|273	166	129	375	363	163	104	325	96	259	375	0	347	283	288	121	202	221	259	423	292	376	99	183	186	386	170	370	175	52	269	315	76	187	102	288	177	256	365	265	285	333	133	374	365	204	|
|233	329	456	431	115	509	248	128	436	142	356	347	0	181	121	462	311	472	128	463	76	386	398	403	260	141	180	294	392	349	334	111	287	224	442	362	280	139	350	212	194	289	479	360	463	472	|
|333	355	350	249	108	421	224	67	346	53	180	283	181	0	244	403	152	324	226	283	201	207	369	256	307	118	186	129	247	311	409	74	208	273	351	183	136	59	173	311	307	113	410	183	282	331	|
|112	223	412	481	221	449	184	216	383	191	422	288	121	244	0	387	327	461	30	521	49	447	313	396	152	250	125	371	385	273	214	196	249	121	389	400	288	185	415	91	74	355	408	425	503	454	|
|344	202	126	461	484	86	214	447	90	380	478	121	462	403	387	0	305	256	360	508	400	473	84	250	255	507	282	482	246	115	302	437	196	271	90	382	288	377	469	343	367	444	28	476	441	232	|
|379	338	219	180	259	298	207	218	228	171	173	202	311	152	327	305	0	172	301	227	300	174	302	105	318	270	217	180	97	249	423	221	141	296	232	90	40	173	164	361	368	142	303	172	184	180	|
|481	388	131	239	431	201	294	389	168	337	293	221	472	324	461	256	172	0	432	280	446	273	300	70	400	442	337	330	80	271	490	391	217	391	167	191	194	339	286	468	483	294	239	289	203	26	|
|113	204	382	458	217	421	155	206	354	173	403	259	128	226	30	360	301	432	0	499	52	426	287	367	133	246	95	355	356	246	208	187	219	100	360	376	261	167	395	90	81	337	381	406	478	425	|
|593	565	395	48	365	474	432	337	420	332	110	423	463	283	521	508	227	280	499	0	482	77	521	260	542	356	431	178	262	472	647	352	368	516	422	137	264	338	114	573	576	174	499	106	78	304	|
|159	254	410	445	172	455	189	168	385	150	381	292	76	201	49	400	300	446	52	482	0	407	331	378	184	201	122	327	367	286	258	149	242	150	391	367	263	144	374	137	122	314	419	384	470	441	|
|523	506	371	57	289	451	371	260	389	257	36	376	386	207	447	473	174	273	426	77	407	0	475	234	477	280	363	104	234	422	583	275	313	449	392	91	205	263	38	503	504	97	468	31	108	294	|
|261	118	180	474	436	167	155	402	139	337	474	99	398	369	313	84	302	300	287	521	331	475	0	275	173	462	220	465	268	58	219	390	168	193	142	388	275	333	464	261	286	430	111	473	462	279	|
|424	346	137	214	362	217	237	320	161	267	248	183	403	256	396	250	105	70	367	260	378	234	275	0	348	374	274	274	11	234	444	321	159	335	163	145	124	269	239	409	422	237	239	245	191	76	|
|90	71	314	496	333	330	113	311	277	258	463	186	260	307	152	255	318	400	133	542	184	477	173	348	0	362	121	430	338	150	106	293	190	37	282	406	279	252	454	88	113	403	280	464	502	386	|
|359	423	466	333	30	533	308	61	458	127	245	386	141	118	250	507	270	442	246	356	201	280	462	374	362	0	252	178	365	406	453	73	313	325	463	286	254	130	242	336	324	187	517	250	374	449	|
|163	173	289	387	224	333	68	196	263	139	345	170	180	186	125	282	217	337	95	431	122	363	220	274	121	252	0	310	263	168	225	180	124	88	269	300	177	133	337	144	152	284	299	347	400	330	|
|461	471	400	160	189	478	336	167	408	182	68	370	294	129	371	482	180	330	355	178	327	104	465	274	430	178	310	0	269	408	534	184	297	398	412	142	194	188	66	439	436	38	482	73	206	345	|
|413	336	137	216	353	217	227	311	158	258	246	175	392	247	385	246	97	80	356	262	367	234	268	11	338	365	263	269	0	226	434	312	149	324	160	143	115	259	237	399	411	232	237	243	196	84	|
|240	118	167	424	380	181	101	345	128	280	419	52	349	311	273	115	249	271	246	472	286	422	58	234	150	406	168	408	226	0	223	333	111	160	133	336	219	276	409	235	258	373	136	418	416	252	|
|105	105	389	601	423	386	216	406	349	359	568	269	334	409	214	302	423	490	208	647	258	583	219	444	106	453	225	534	434	223	0	388	289	137	353	511	384	353	559	123	145	508	330	570	606	473	|
|299	352	401	321	47	466	236	19	391	58	244	315	111	74	196	437	221	391	187	352	149	275	390	321	293	73	180	184	312	333	388	0	243	257	396	258	197	60	238	276	267	178	448	248	355	395	|
|265	198	169	320	291	225	78	252	150	186	308	76	287	208	249	196	141	217	219	368	242	313	168	159	190	313	124	297	149	111	289	243	0	176	156	231	109	183	299	251	266	262	205	308	319	207	|
|89	105	316	471	296	341	98	275	282	223	433	187	224	273	121	271	296	391	100	516	150	449	193	335	37	325	88	398	324	160	137	257	176	0	287	382	256	217	424	78	98	372	295	434	480	379	|
|371	248	39	376	443	70	205	403	6	338	400	102	442	351	389	90	232	167	360	422	391	392	142	163	282	463	269	412	160	133	353	396	156	287	0	301	222	336	391	365	386	374	77	398	353	143	|
|462	428	280	90	285	360	296	248	298	222	104	288	362	183	400	382	90	191	376	137	367	91	388	145	406	286	300	142	143	336	511	258	231	382	301	0	127	226	96	443	448	110	376	100	103	209	|
|339	302	217	217	240	291	168	198	218	143	200	177	280	136	288	288	40	194	261	264	263	205	275	124	279	254	177	194	115	219	384	197	109	256	222	127	0	145	190	321	328	157	289	199	224	198	|
|273	305	342	301	107	406	181	70	331	6	237	256	139	59	185	377	173	339	167	338	144	263	333	269	252	130	133	188	259	276	353	60	183	217	336	226	145	0	230	251	248	170	388	240	328	341	|
|495	487	373	93	251	453	350	223	388	224	9	365	350	173	415	469	164	286	395	114	374	38	464	239	454	242	337	66	237	409	559	238	299	424	391	96	190	230	0	474	474	61	465	11	141	305	|
|22	153	394	530	307	416	174	296	359	258	482	265	212	311	91	343	361	468	90	573	137	503	261	409	88	336	144	439	399	235	123	276	251	78	365	443	321	251	474	0	26	418	367	485	544	456	|
|41	179	414	534	294	438	190	286	380	254	482	285	194	307	74	367	368	483	81	576	122	504	286	422	113	324	152	436	411	258	145	267	266	98	386	448	328	248	474	26	0	416	391	484	550	472	|
|439	441	362	146	193	440	305	164	370	164	67	333	289	113	355	444	142	294	337	174	314	97	430	237	403	187	284	38	232	373	508	178	262	372	374	110	157	170	61	418	416	0	444	71	187	309	|
|369	230	108	452	495	59	231	457	78	390	474	133	479	410	408	28	303	239	381	499	419	468	111	239	280	517	299	482	237	136	330	448	205	295	77	376	289	388	465	367	391	444	0	472	429	214	|
|506	497	380	88	260	460	360	233	395	234	5	374	360	183	425	476	172	289	406	106	384	31	473	245	464	250	347	73	243	418	570	248	308	434	398	100	199	240	11	485	484	71	472	0	137	309	|
|563	517	324	52	378	400	390	344	352	323	142	365	463	282	503	441	184	203	478	78	470	108	462	191	502	374	400	206	196	416	606	355	319	480	353	103	224	328	141	544	550	187	429	137	0	228	|
|468	370	106	262	437	176	283	395	144	340	312	204	472	331	454	232	180	26	425	304	441	294	279	76	386	449	330	345	84	252	473	395	207	379	143	209	198	341	305	456	472	309	214	309	228	0	|

--------------------------------------------------------------------------------
Building model...
	using lazy and cut (CVRPSEP package)
Solving IRP LP...
--------------------------------------------------------------------------------

Gurobi 9.1.0 (linux64) logging started Mon Feb  8 05:46:47 2021

Gurobi Optimizer version 9.1.0 build v9.1.0rc0 (linux64)
Thread count: 32 physical cores, 32 logical processors, using up to 2 threads
Optimize a model with 1150 rows, 6940 columns and 16273 nonzeros
Model fingerprint: 0xb3414cc4
Variable types: 454 continuous, 6486 integer (276 binary)
Coefficient statistics:
  Matrix range     [1e+00, 2e+03]
  Objective range  [1e-02, 6e+02]
  Bounds range     [1e+00, 3e+02]
  RHS range        [1e+00, 5e+03]
Presolve removed 233 rows and 116 columns
Presolve time: 0.07s
Presolved: 917 rows, 6824 columns, 15381 nonzeros
Variable types: 338 continuous, 6486 integer (6216 binary)

Root relaxation: objective 2.539073e+03, 873 iterations, 0.02 seconds

    Nodes    |    Current Node    |     Objective Bounds      |     Work
 Expl Unexpl |  Obj  Depth IntInf | Incumbent    BestBd   Gap | It/Node Time

     0     0 2539.07262    0  130          - 2539.07262      -     -    0s
     0     0 2988.46299    0  141          - 2988.46299      -     -    0s
     0     0 2993.51711    0  144          - 2993.51711      -     -    0s
     0     0 3526.10065    0  140          - 3526.10065      -     -    0s
     0     0 3542.20929    0  152          - 3542.20929      -     -    0s
     0     0 3551.61007    0  161          - 3551.61007      -     -    0s
     0     0 3594.03956    0  175          - 3594.03956      -     -    0s
     0     0 3601.52634    0  135          - 3601.52634      -     -    0s
     0     0 3604.70317    0  199          - 3604.70317      -     -    0s
     0     0 3604.70317    0  194          - 3604.70317      -     -    0s
     0     0 3671.58220    0  151          - 3671.58220      -     -    0s
     0     0 3688.00896    0  160          - 3688.00896      -     -    0s
     0     0 3688.90319    0  206          - 3688.90319      -     -    0s
     0     0 3760.74075    0  183          - 3760.74075      -     -    0s
     0     0 3785.06993    0  199          - 3785.06993      -     -    0s
     0     0 3791.66465    0  205          - 3791.66465      -     -    0s
     0     0 3792.20349    0  232          - 3792.20349      -     -    1s
     0     0 3825.67711    0  233          - 3825.67711      -     -    1s
     0     0 3839.57755    0  256          - 3839.57755      -     -    1s
     0     0 3840.05401    0  203          - 3840.05401      -     -    1s
     0     0 3850.39298    0  269          - 3850.39298      -     -    1s
     0     0 3852.90238    0  304          - 3852.90238      -     -    1s
     0     0 3853.53928    0  289          - 3853.53928      -     -    1s
     0     0 3865.15900    0  297          - 3865.15900      -     -    1s
     0     0 3865.15900    0  256          - 3865.15900      -     -    1s
     0     2 3865.87928    0  285          - 3865.87928      -     -    2s
    58    65 4130.05356   16  199          - 3891.18760      -   245    5s
   473   488 4054.67138    9  211          - 3893.83381      -  79.2   10s
   732   699 10112.6800  205  266          - 3893.83381      -  66.1   15s
   754   713 5226.03753  129  233          - 3933.66646      -  64.1   20s
   763   722 3945.49586   13  336          - 3945.49586      -  74.4   26s
   808   752 4184.23476   23  151          - 3954.74463      -  87.5   30s
   908   830 4710.60444   45   59          - 3954.74463      -  97.2   35s
  1017   912 5168.63373   66  136          - 3954.74463      -  94.8   40s
  1292  1122 5872.20045  111   29          - 3954.74463      -  84.6   45s
* 1414  1092             211    8149.2500000 3954.74463  51.5%  79.8   47s
  1432  1089 5551.79447  137   24 8149.25000 3954.74463  51.5%  79.3   51s
  1568  1205 6851.26000  192    2 8149.25000 3954.74463  51.5%  76.0   55s
  1690  1215 4086.75532   18  346 8149.25000 3969.76551  51.3%  74.6   60s
  1745  1259 4220.70908   26  292 8149.25000 3969.76551  51.3%  78.0   65s
  1839  1326 4390.12393   46   58 8149.25000 3969.76551  51.3%  80.2   70s
  1901  1385 4838.80960   60   50 8149.25000 3969.76551  51.3%  80.4   75s
  2007  1427 4564.73500   88    8 8149.25000 3969.76551  51.3%  79.7   82s
  2113  1610 4680.40578  117   20 8149.25000 3969.76551  51.3%  77.0   85s
  2451  1656 7725.29000  214    - 8149.25000 3982.41039  51.1%  70.3   90s
* 2504  1608             227    7814.1600000 4002.86552  48.8%  70.5   93s
* 2505  1566             227    7740.1600000 4002.86552  48.3%  70.5   93s
  2533  1596 4292.58955   24  319 7740.16000 4002.86552  48.3%  72.3   95s
  2691  1757 5119.32387   73   64 7740.16000 4002.86552  48.3%  72.3  100s
  2899  1897 4204.40591   21  366 7740.16000 4006.11185  48.2%  71.3  105s
  2988  1963 4342.79249   36  125 7740.16000 4006.11185  48.2%  73.1  111s
  3087  2156 4608.76240   48   46 7740.16000 4006.11185  48.2%  74.7  117s
  3277  2276 4858.91737   59   71 7740.16000 4006.11185  48.2%  73.4  121s
  3386  2400 5207.10871   99   34 7740.16000 4006.11185  48.2%  74.4  125s
  3666  2638 6267.81216  149   60 7740.16000 4035.58045  47.9%  72.4  131s
  3791  2775 4307.85931   20  250 7740.16000 4038.24536  47.8%  73.1  136s
  3911  2825 4692.85464   34  179 7740.16000 4038.24536  47.8%  72.6  140s
  4050  2995 5417.74675  143   10 7740.16000 4038.24536  47.8%  72.0  145s
  4234  3129 infeasible  211      7740.16000 4040.33983  47.8%  71.6  150s
  4449  3530 4752.46970  118    6 7740.16000 4050.37414  47.7%  71.4  157s
  4784  3549 7673.18130  176   19 7740.16000 4050.42696  47.7%  68.3  162s
  4848  3584     cutoff  175      7740.16000 4058.37511  47.6%  68.3  165s
  4936  3720 4677.58198   45   70 7740.16000 4059.09303  47.6%  69.9  171s
  5031  3862 5644.76140  111   87 7740.16000 4059.69445  47.6%  69.8  175s
  5402  4095     cutoff  185      7740.16000 4074.06630  47.4%  68.1  183s
  5481  4176 4492.10251   29  273 7740.16000 4074.33393  47.4%  68.4  187s
  5562  4234 5730.45750   72   69 7740.16000 4074.33393  47.4%  68.9  192s
  5638  4368 5852.59276   73   49 7740.16000 4075.74780  47.3%  68.5  197s
  5789  4440 4367.54197   21  134 7740.16000 4078.43822  47.3%  68.1  201s
H 5828  4153                    7021.2600000 4078.43822  41.9%  68.4  201s
  5872  4189 5326.04956   59   52 7021.26000 4078.43822  41.9%  68.6  214s
  5929  4270 5503.95861   95   45 7021.26000 4078.62108  41.9%  69.0  219s
  6030  4319 6677.14000  145    - 7021.26000 4078.82060  41.9%  69.2  223s
  6079  4365     cutoff  152      7021.26000 4078.83648  41.9%  70.4  227s
  6127  4406 4564.22575   32   82 7021.26000 4078.83648  41.9%  71.4  240s
  6168  4549 5007.30632   57   16 7021.26000 4082.68252  41.9%  71.8  245s
  6370  4686 infeasible  184      7021.26000 4082.81996  41.9%  71.2  250s
  6487  4879 4672.86191   32  142 7021.26000 4082.81996  41.9%  71.8  256s
  6752  4930 6601.43865  109   82 7021.26000 4084.18721  41.8%  70.8  261s
  6805  5067 4459.75862   40  203 7021.26000 4088.35736  41.8%  71.8  266s
  6956  5139 4174.53349   18  238 7021.26000 4088.35736  41.8%  71.8  270s
  7030  5306 4563.77598   48  229 7021.26000 4088.35736  41.8%  72.5  275s
  7200  5498 5937.58832  164   41 7021.26000 4089.91518  41.7%  72.4  280s
  7452  5719 4597.55003   36  102 7021.26000 4090.18606  41.7%  71.5  288s
  7724  5826 5590.54000   73   24 7021.26000 4090.93796  41.7%  71.0  294s
  7821  5952 5879.16000   82   17 7021.26000 4091.89696  41.7%  71.8  300s
  7971  6019 6277.28500  105   10 7021.26000 4092.43264  41.7%  72.2  306s
  8066  6143 4350.15082   30  180 7021.26000 4092.56359  41.7%  73.0  312s
  8178  6564 4638.65868   47  104 7021.26000 4092.56359  41.7%  73.5  321s
  8669  6788 5093.84500   66   28 7021.26000 4095.94889  41.7%  71.2  330s
  8941  7040 infeasible  244      7021.26000 4098.57992  41.6%  70.6  337s
  9205  7158 infeasible  242      7021.26000 4101.84065  41.6%  70.0  344s
  9319  7355 4778.44213   56  235 7021.26000 4101.84065  41.6%  70.6  351s
  9538  7568 5411.42813  129  136 7021.26000 4102.25310  41.6%  70.1  358s
  9775  7657 4564.11901   36  188 7021.26000 4102.63896  41.6%  69.7  367s
  9874  7830 5352.65900  101   69 7021.26000 4103.50075  41.6%  70.2  374s
  9990  7830 4938.44943   43   64 7021.26000 4103.50075  41.6%  69.9  375s
 10062  8012 4985.49858   44  140 7021.26000 4104.31021  41.5%  70.1  381s
 10280  8040 6981.87000  128    - 7021.26000 4104.42716  41.5%  70.0  388s
 10329  8106     cutoff  128      7021.26000 4105.70757  41.5%  70.7  394s
 10387  8310 4676.77179   60  144 7021.26000 4106.90744  41.5%  71.5  401s
 10678  8386 6690.40346  147   54 7021.26000 4107.84146  41.5%  70.9  408s
 10746  8529     cutoff  162      7021.26000 4110.77063  41.5%  71.5  415s
