




arguments: ./build/bc_mirp -f ./input/orig_exec_8.cfg
Current dir: /scratch/gui/bc_mirp
File verbosity level: 9
date       time         ( uptime  ) [ thread name/id ]                   file:line     v| 
2021-02-06 11:48:36.525 (   0.127s) [main thread     ]             loguru.cpp:789   INFO| Logging to './output/vi_vc+qua/OU/V2/Original/execution_06_02_2021_11_48_36.log', mode: 'a', verbosity: 9
--------------------------------------------------------------------------------
Parameters
                           instance_path           ./input/Instances/Original/1/
                            model_policy                                       1
                             nb_vehicles                                       2
                              output_dir      ./output/vi_vc+qua/OU/V2/Original/
                            sec_strategy                                       1
                       solver_nb_threads                                       2
                         solver_show_log                                    true
                       solver_time_limit                                    3600
                              use_vi_cos                                   false
                              use_vi_cus                                   false
                         use_vi_hc1_full                                   false
                         use_vi_hc1_half                                   false
                      use_vi_hc1_quarter                                   false
                              use_vi_hc2                                   false
                              use_vi_hc3                                   false
                         use_vi_lex_full                                   false
                         use_vi_lex_half                                   false
                      use_vi_lex_quarter                                   false
                              use_vi_qua                                    true
                               use_vi_vc                                    true
                               use_vi_vr                                   false
--------------------------------------------------------------------------------
executing instance: ./input/Instances/Original/1/absH3high_1n5.dat
--------------------------------------------------------------------------------
Instance details
n	6
H	3
C	289
Li:
[0, 0, 0, 0, 0, 0, ]
Ui:
[0, 195, 105, 116, 72, 22, ]
Distance matrix:
|0	85	349	17	203	289	|
|85	0	265	102	214	226	|
|349	265	0	366	368	238	|
|17	102	366	0	207	302	|
|203	214	368	207	0	431	|
|289	226	238	302	431	0	|

--------------------------------------------------------------------------------
Building model...
	using lazy and cut (CVRPSEP package)
Solving IRP LP...
--------------------------------------------------------------------------------

Gurobi 9.1.0 (linux64) logging started Sat Feb  6 11:48:36 2021

Gurobi Optimizer version 9.1.0 build v9.1.0rc0 (linux64)
Thread count: 32 physical cores, 32 logical processors, using up to 2 threads
Optimize a model with 150 rows, 180 columns and 633 nonzeros
Model fingerprint: 0xb19eb5c4
Variable types: 54 continuous, 126 integer (36 binary)
Coefficient statistics:
  Matrix range     [1e+00, 2e+02]
  Objective range  [2e-01, 4e+02]
  Bounds range     [1e+00, 2e+02]
  RHS range        [1e+00, 5e+02]
Presolve removed 45 rows and 24 columns
Presolve time: 0.01s
Presolved: 105 rows, 156 columns, 511 nonzeros
Variable types: 32 continuous, 124 integer (94 binary)
Found heuristic solution: objective 2806.2700000

Root relaxation: objective 1.636437e+03, 176 iterations, 0.00 seconds

    Nodes    |    Current Node    |     Objective Bounds      |     Work
 Expl Unexpl |  Obj  Depth IntInf | Incumbent    BestBd   Gap | It/Node Time

     0     0 1636.43659    0   17 2806.27000 1636.43659  41.7%     -    0s
     0     0 1762.23948    0   19 2806.27000 1762.23948  37.2%     -    0s
     0     0 2034.84316    0   28 2806.27000 2034.84316  27.5%     -    0s
H    0     0                    2473.3500000 2034.84316  17.7%     -    0s
     0     0 2034.84316    0   31 2473.35000 2034.84316  17.7%     -    0s
     0     0 2168.69860    0   40 2473.35000 2168.69860  12.3%     -    0s
     0     0 2172.85781    0   54 2473.35000 2172.85781  12.1%     -    0s
     0     0 2179.72123    0   47 2473.35000 2179.72123  11.9%     -    0s
     0     0 2179.72123    0   48 2473.35000 2179.72123  11.9%     -    0s
     0     0 2182.61822    0   37 2473.35000 2182.61822  11.8%     -    0s
     0     0 2183.29450    0   43 2473.35000 2183.29450  11.7%     -    0s
     0     0 2184.07638    0   36 2473.35000 2184.07638  11.7%     -    0s
     0     0 2184.07638    0   33 2473.35000 2184.07638  11.7%     -    0s
H    0     0                    2266.6100000 2184.07638  3.64%     -    0s
     0     0 2217.00229    0   17 2266.61000 2217.00229  2.19%     -    0s
     0     0 2217.00229    0   27 2266.61000 2217.00229  2.19%     -    0s
     0     0 2217.00229    0   23 2266.61000 2217.00229  2.19%     -    0s
     0     0 2217.00229    0   25 2266.61000 2217.00229  2.19%     -    0s
     0     0 2217.00229    0   31 2266.61000 2217.00229  2.19%     -    0s
     0     0 2217.00229    0   31 2266.61000 2217.00229  2.19%     -    0s
     0     0 2217.00229    0   19 2266.61000 2217.00229  2.19%     -    0s
     0     0 2217.00229    0   19 2266.61000 2217.00229  2.19%     -    0s
     0     0 2238.32684    0   15 2266.61000 2238.32684  1.25%     -    0s
     0     0     cutoff    0      2266.61000 2266.61000  0.00%     -    0s

Cutting planes:
  Gomory: 6
  Cover: 6
  Implied bound: 1
  Clique: 3
  MIR: 7
  Flow cover: 7
  GUB cover: 1
  Zero half: 1
  RLT: 6
  Relax-and-lift: 3

Explored 1 nodes (724 simplex iterations) in 0.18 seconds
Thread count was 2 (of 32 available processors)

Solution count 3: 2266.61 2473.35 2806.27 

Optimal solution found (tolerance 1.00e-04)
Best objective 2.266610000000e+03, best bound 2.266610000000e+03, gap 0.0000%

User-callback calls 247, time in user-callback 0.01 sec
================================================================================
executing instance: ./input/Instances/Original/1/absH3high_1n45.dat
--------------------------------------------------------------------------------
Instance details
n	46
H	3
C	3462
Li:
[0, 0, 0, 0, 0, 0, 0, 0, 0, 0, 0, 0, 0, 0, 0, 0, 0, 0, 0, 0, 0, 0, 0, 0, 0, 0, 0, 0, 0, 0, 0, 0, 0, 0, 0, 0, 0, 0, 0, 0, 0, 0, 0, 0, 0, 0, ]
Ui:
[0, 273, 270, 36, 165, 192, 148, 45, 30, 75, 180, 198, 112, 117, 90, 64, 180, 22, 264, 174, 168, 270, 86, 66, 26, 66, 237, 156, 92, 108, 144, 72, 30, 45, 94, 54, 174, 96, 198, 136, 44, 180, 210, 249, 198, 48, ]
Distance matrix:
|0	281	201	160	249	201	93	431	236	139	252	136	116	166	390	110	349	374	303	180	327	464	236	70	44	461	346	439	363	254	312	426	305	206	71	137	169	200	247	260	20	219	256	253	460	278	|
|281	0	448	170	53	142	338	184	121	290	371	390	222	302	111	289	169	434	230	177	238	441	59	212	319	211	86	235	399	306	53	176	99	202	263	157	361	101	370	201	264	344	364	374	469	184	|
|201	448	0	285	430	325	114	556	361	171	191	64	228	174	546	294	453	306	364	289	388	435	393	254	157	585	491	536	318	254	490	554	436	407	266	292	108	388	186	337	207	181	205	190	408	364	|
|160	170	285	0	169	43	182	280	80	120	208	231	58	132	262	230	190	294	151	24	174	345	112	107	183	309	207	280	268	158	219	276	155	235	187	45	192	150	205	107	140	177	202	210	356	119	|
|249	53	430	169	0	152	317	238	145	282	377	369	212	299	157	242	215	452	261	183	273	474	76	181	290	264	140	287	421	320	63	229	145	148	221	142	352	53	374	226	234	346	370	378	498	215	|
|201	142	325	43	152	0	224	237	37	156	230	273	101	164	224	261	148	300	127	38	147	333	83	142	225	266	167	238	270	168	193	233	112	246	221	70	228	148	228	84	180	202	222	232	351	87	|
|93	338	114	182	317	224	0	460	262	92	180	52	124	112	440	199	364	307	292	191	317	415	284	140	57	490	387	452	304	208	377	457	336	297	163	181	84	274	175	256	95	152	188	180	402	280	|
|431	184	556	280	238	237	460	0	199	385	420	508	337	385	108	464	110	429	219	269	206	378	202	365	460	30	98	84	388	340	204	9	126	386	432	294	453	283	421	226	411	404	408	423	422	198	|
|236	121	361	80	145	37	262	199	0	191	255	310	138	197	191	290	114	312	118	72	133	330	69	175	262	229	132	204	279	186	174	195	75	258	251	102	262	153	254	81	216	230	246	257	353	72	|
|139	290	171	120	282	156	92	385	191	0	116	129	71	27	380	246	283	235	201	119	226	329	231	141	129	414	323	367	224	119	336	383	266	308	202	141	72	252	112	169	127	82	118	117	322	195	|
|252	371	191	208	377	230	180	420	255	116	0	187	178	90	443	361	311	127	204	195	224	246	313	257	232	446	382	380	129	81	423	421	320	422	318	242	100	355	5	195	241	34	15	2	225	224	|
|136	390	64	231	369	273	52	508	310	129	187	0	173	141	491	233	409	313	330	239	355	431	335	191	93	538	438	495	316	233	429	505	385	342	203	233	88	325	182	297	143	167	199	187	412	323	|
|116	222	228	58	212	101	124	337	138	71	178	173	0	91	319	206	244	284	187	69	212	357	165	85	130	367	265	333	264	151	267	333	213	244	161	70	140	181	175	145	97	145	177	180	359	165	|
|166	302	174	132	299	164	112	385	197	27	90	141	91	0	388	273	280	208	191	127	215	305	243	167	153	413	329	361	198	96	351	383	270	333	229	159	68	272	86	163	153	56	92	91	296	190	|
|390	111	546	262	157	224	440	108	191	380	443	491	319	388	0	399	164	480	264	261	261	456	156	320	426	125	62	186	442	369	107	99	125	300	374	260	452	210	443	252	372	420	433	446	494	227	|
|110	289	294	230	242	261	199	464	290	246	361	233	206	273	399	0	402	480	382	254	404	562	262	124	143	493	369	490	466	355	302	457	344	135	45	191	279	189	356	337	120	328	364	362	563	348	|
|349	169	453	190	215	148	364	110	114	283	311	409	244	280	164	402	0	324	110	174	101	292	151	289	372	135	109	90	284	230	212	111	70	354	364	216	348	245	312	118	329	295	298	313	330	90	|
|374	434	306	294	452	300	307	429	312	235	127	313	284	208	480	480	324	0	216	274	223	137	380	368	357	448	419	367	40	136	487	432	358	525	436	336	227	443	132	234	361	156	119	127	102	255	|
|303	230	364	151	261	127	292	219	118	201	204	330	187	191	264	382	110	216	0	128	25	213	185	258	314	243	203	176	178	123	282	221	144	372	338	193	256	270	206	45	283	193	191	206	239	46	|
|180	177	289	24	183	38	191	269	72	119	195	239	69	127	261	254	174	274	128	0	151	321	118	130	198	299	204	263	246	139	228	266	147	258	211	68	191	169	193	83	159	166	188	197	333	98	|
|327	238	388	174	273	147	317	206	133	226	224	355	212	215	261	404	101	223	25	151	0	203	198	281	339	228	202	156	184	143	288	209	146	390	362	215	280	286	226	68	308	215	210	226	235	61	|
|464	441	435	345	474	333	415	378	330	329	246	431	357	305	456	562	292	137	213	321	203	0	398	440	458	390	400	301	117	211	492	384	348	578	517	389	344	480	251	251	448	265	233	246	54	259	|
|236	59	393	112	76	83	284	202	69	231	313	335	165	243	156	262	151	380	185	118	198	398	0	167	270	231	110	233	347	250	110	195	85	203	230	103	303	95	311	150	217	284	305	315	422	139	|
|70	212	254	107	181	142	140	365	175	141	257	191	85	167	320	124	289	368	258	130	281	440	167	0	109	394	277	378	349	236	244	359	239	167	81	73	196	135	253	213	53	223	257	258	444	226	|
|44	319	157	183	290	225	57	460	262	129	232	93	130	153	426	143	372	357	314	198	339	458	270	109	0	490	379	462	351	247	353	456	334	250	110	168	140	243	226	274	56	201	238	232	449	294	|
|461	211	585	309	264	266	490	30	229	414	446	538	367	413	125	493	135	448	243	299	228	390	231	394	490	0	125	89	408	365	226	36	156	412	462	324	481	311	447	253	441	430	433	448	436	225	|
|346	86	491	207	140	167	387	98	132	323	382	438	265	329	62	369	109	419	203	204	202	400	110	277	379	125	0	155	381	307	113	90	63	288	339	211	394	186	382	190	327	359	371	384	436	165	|
|439	235	536	280	287	238	452	84	204	367	380	495	333	361	186	490	90	367	176	263	156	301	233	378	462	89	155	0	326	299	267	92	148	432	454	306	429	325	382	199	419	369	366	382	348	172	|
|363	399	318	268	421	270	304	388	279	224	129	316	264	198	442	466	284	40	178	246	184	117	347	349	351	408	381	326	0	113	452	391	321	502	422	311	229	415	134	199	348	152	118	130	98	219	|
|254	306	254	158	320	168	208	340	186	119	81	233	151	96	369	355	230	136	123	139	143	211	250	236	247	365	307	299	113	0	359	340	244	390	310	200	148	308	83	117	238	74	68	83	208	145	|
|312	53	490	219	63	193	377	204	174	336	423	429	267	351	107	302	212	487	282	228	288	492	110	244	353	226	113	267	452	359	0	195	145	194	283	199	407	115	421	254	296	394	415	425	521	237	|
|426	176	554	276	229	233	457	9	195	383	421	505	333	383	99	457	111	432	221	266	209	384	195	359	456	36	90	92	391	340	195	0	122	378	426	289	451	275	421	226	406	404	408	423	427	197	|
|305	99	436	155	145	112	336	126	75	266	320	385	213	270	125	344	70	358	144	147	146	348	85	239	334	156	63	148	321	244	145	122	0	286	310	168	336	177	320	128	285	298	309	322	381	103	|
|206	202	407	235	148	246	297	386	258	308	422	342	244	333	300	135	354	525	372	258	390	578	203	167	250	412	288	432	502	390	194	378	286	0	144	191	362	109	418	329	202	388	421	423	591	329	|
|71	263	266	187	221	221	163	432	251	202	318	203	161	229	374	45	364	436	338	211	362	517	230	81	110	462	339	454	422	310	283	426	310	144	0	150	239	168	313	294	77	285	321	319	518	306	|
|137	157	292	45	142	70	181	294	102	141	242	233	70	159	260	191	216	336	193	68	215	389	103	73	168	324	211	306	311	200	199	289	168	191	150	0	210	113	239	148	117	210	238	244	400	157	|
|169	361	108	192	352	228	84	453	262	72	100	88	140	68	452	279	348	227	256	191	280	344	303	196	140	481	394	429	229	148	407	451	336	362	239	210	0	318	95	231	164	79	111	100	325	258	|
|200	101	388	150	53	148	274	283	153	252	355	325	181	272	210	189	245	443	270	169	286	480	95	135	243	311	186	325	415	308	115	275	177	109	168	113	318	0	352	230	187	323	351	357	498	225	|
|247	370	186	205	374	228	175	421	254	112	5	182	175	86	443	356	312	132	206	193	226	251	311	253	226	447	382	382	134	83	421	421	320	418	313	239	95	352	0	196	237	30	19	6	230	224	|
|260	201	337	107	226	84	256	226	81	169	195	297	145	163	252	337	118	234	45	83	68	251	150	213	274	253	190	199	199	117	254	226	128	329	294	148	231	230	196	0	240	178	184	198	272	29	|
|20	264	207	140	234	180	95	411	216	127	241	143	97	153	372	120	329	361	283	159	308	448	217	53	56	441	327	419	348	238	296	406	285	202	77	117	164	187	237	240	0	208	245	242	446	257	|
|219	344	181	177	346	202	152	404	230	82	34	167	145	56	420	328	295	156	193	166	215	265	284	223	201	430	359	369	152	74	394	404	298	388	285	210	79	323	30	178	208	0	37	35	250	206	|
|256	364	205	202	370	222	188	408	246	118	15	199	177	92	433	364	298	119	191	188	210	233	305	257	238	433	371	366	118	68	415	408	309	421	321	238	111	351	19	184	245	37	0	17	214	212	|
|253	374	190	210	378	232	180	423	257	117	2	187	180	91	446	362	313	127	206	197	226	246	315	258	232	448	384	382	130	83	425	423	322	423	319	244	100	357	6	198	242	35	17	0	225	226	|
|460	469	408	356	498	351	402	422	353	322	225	412	359	296	494	563	330	102	239	333	235	54	422	444	449	436	436	348	98	208	521	427	381	591	518	400	325	498	230	272	446	250	214	225	0	285	|
|278	184	364	119	215	87	280	198	72	195	224	323	165	190	227	348	90	255	46	98	61	259	139	226	294	225	165	172	219	145	237	197	103	329	306	157	258	225	224	29	257	206	212	226	285	0	|

--------------------------------------------------------------------------------
Building model...
	using lazy and cut (CVRPSEP package)
Solving IRP LP...
--------------------------------------------------------------------------------

Gurobi 9.1.0 (linux64) logging started Sat Feb  6 11:48:36 2021

Gurobi Optimizer version 9.1.0 build v9.1.0rc0 (linux64)
Thread count: 32 physical cores, 32 logical processors, using up to 2 threads
Optimize a model with 1150 rows, 6940 columns and 16273 nonzeros
Model fingerprint: 0x0ee77c10
Variable types: 454 continuous, 6486 integer (276 binary)
Coefficient statistics:
  Matrix range     [1e+00, 2e+03]
  Objective range  [1e-01, 6e+02]
  Bounds range     [1e+00, 3e+02]
  RHS range        [1e+00, 6e+03]
Presolve removed 233 rows and 116 columns
Presolve time: 0.05s
Presolved: 917 rows, 6824 columns, 15381 nonzeros
Variable types: 338 continuous, 6486 integer (6216 binary)

Root relaxation: objective 1.302212e+04, 757 iterations, 0.01 seconds

    Nodes    |    Current Node    |     Objective Bounds      |     Work
 Expl Unexpl |  Obj  Depth IntInf | Incumbent    BestBd   Gap | It/Node Time

     0     0 13022.1222    0  116          - 13022.1222      -     -    0s
     0     0 13411.5073    0   96          - 13411.5073      -     -    0s
     0     0 13916.9233    0  168          - 13916.9233      -     -    0s
     0     0 13925.6960    0  158          - 13925.6960      -     -    0s
     0     0 13927.3568    0  151          - 13927.3568      -     -    0s
     0     0 14011.4007    0  200          - 14011.4007      -     -    0s
     0     0 14073.9752    0  187          - 14073.9752      -     -    0s
     0     0 14168.2327    0  200          - 14168.2327      -     -    0s
     0     0 14186.9549    0  242          - 14186.9549      -     -    1s
     0     0 14187.5398    0  223          - 14187.5398      -     -    1s
     0     0 14241.7308    0  170          - 14241.7308      -     -    1s
     0     0 14250.0343    0  232          - 14250.0343      -     -    1s
     0     0 14254.8396    0  205          - 14254.8396      -     -    1s
     0     0 14256.2183    0  272          - 14256.2183      -     -    1s
     0     0 14274.6076    0  257          - 14274.6076      -     -    1s
     0     0 14286.4519    0  189          - 14286.4519      -     -    1s
     0     0 14287.6044    0  172          - 14287.6044      -     -    1s
     0     0 14309.7187    0  187          - 14309.7187      -     -    1s
     0     0 14310.2265    0  223          - 14310.2265      -     -    1s
     0     0 14312.7410    0  257          - 14312.7410      -     -    1s
     0     0 14312.7410    0  170          - 14312.7410      -     -    1s
     0     2 14312.7410    0  170          - 14312.7410      -     -    2s
   127   132 14604.4746   32  194          - 14342.9723      -   109    5s
   543   570 15243.0959  150   21          - 14342.9723      -  56.6   10s
   741   701 14479.0738   16  360          - 14383.3248      -  55.5   15s
   755   710 14497.9227   17  396          - 14394.6797      -  54.5   20s
   776   728 14441.5066   17  365          - 14410.6074      -  73.1   25s
   877   803 14794.9807   41  230          - 14410.6074      -  86.5   30s
  1103   970 15349.1953   73   61          - 14410.6074      -  85.5   35s
* 1407  1131             212    17426.390000 14410.6074  17.3%  75.7   40s
* 1413  1094             215    17399.920000 14410.6074  17.2%  75.4   40s
  1528  1081 16334.2200  162    2 17399.9200 14410.6074  17.2%  73.9   49s
  1552  1095 14553.6185   18  141 17399.9200 14410.6074  17.2%  73.6   50s
  1710  1216 16671.2813  243   25 17399.9200 14410.6074  17.2%  72.9   55s
  1850  1261 14549.5502   15  297 17399.9200 14429.1595  17.1%  73.2   60s
  1914  1313 14614.7619   32  118 17399.9200 14429.1595  17.1%  80.3   65s
  1980  1376 14739.3191   51   10 17399.9200 14429.1595  17.1%  85.0   70s
* 2108   623             124    14904.740000 14429.1595  3.19%  85.4   74s
  2154   583     cutoff  145      14904.7400 14429.4001  3.19%  85.0   75s
  2249   611 14692.4724   30  143 14904.7400 14431.5832  3.17%  88.5   80s
  2364   675 14620.8303   19  296 14904.7400 14431.5851  3.17%  91.0   85s
  2492   677 14529.0927   17  405 14904.7400 14459.7861  2.99%  95.2   90s
  2559   725 14773.1995   42  142 14904.7400 14459.7861  2.99%  97.9   95s
  2708   789 14814.4171   27  136 14904.7400 14490.7432  2.78%   102  101s
  2793   839 14626.0949   25  221 14904.7400 14495.8262  2.74%   105  105s
  2899   925 14616.8870   22  260 14904.7400 14505.2203  2.68%   108  110s
  2996  1011     cutoff   52      14904.7400 14508.7134  2.66%   109  115s
  3138  1123 14865.4843   67   67 14904.7400 14512.5664  2.63%   109  120s
  3247  1184 14903.8719   41   53 14904.7400 14513.2748  2.63%   111  125s
  3374  1287 14822.6315   52   31 14904.7400 14523.7426  2.56%   113  130s
  3512  1379 14739.9767   32   63 14904.7400 14528.5779  2.52%   115  136s
  3576  1426 14623.2812   27  292 14904.7400 14528.6856  2.52%   116  140s
H 3684  1442                    14889.140000 14528.9109  2.42%   117  143s
  3714  1456 14739.1609   24  317 14889.1400 14529.7786  2.41%   118  146s
  3807  1521 14795.6068   29  262 14889.1400 14532.7562  2.39%   121  152s
  3884  1549 14698.3245   22  253 14889.1400 14537.4416  2.36%   123  155s
  3928  1574 14632.5023   29  246 14889.1400 14537.4770  2.36%   124  165s
  4025  1635 14564.5433   22  346 14889.1400 14541.1208  2.34%   126  173s
  4084  1687 14776.0395   30  120 14889.1400 14541.1208  2.34%   128  177s
  4172  1740     cutoff   57      14889.1400 14541.6855  2.33%   129  181s
  4268  1773     cutoff   30      14889.1400 14542.2088  2.33%   130  185s
H 4312  1754                    14881.620000 14542.3537  2.28%   131  185s
  4445  1860 14643.3256   25  290 14881.6200 14545.6417  2.26%   133  193s
  4564  1909     cutoff   46      14881.6200 14548.0962  2.24%   134  198s
  4652  1973 14738.8486   22  166 14881.6200 14549.5602  2.23%   136  203s
  4767  2036 14880.1311   67   35 14881.6200 14549.8822  2.23%   136  208s
  4874  2111 14868.8959   36  222 14881.6200 14551.2518  2.22%   137  213s
  5009  2213 14777.1828   32  235 14881.6200 14553.5580  2.20%   138  219s
  5153  2213 14630.3926   25  242 14881.6200 14554.4934  2.20%   138  220s
H 5168  2233                    14879.619989 14554.4934  2.19%   138  225s
  5223  2310 14772.2272   32   94 14879.6200 14554.7593  2.18%   139  231s
H 5370  2399                    14879.619981 14557.4864  2.16%   139  237s
  5508  2475 14851.9687   37  205 14879.6200 14560.7780  2.14%   141  243s
H 5599  2457                    14874.440000 14560.7780  2.11%   141  244s
  5657  2546 14787.5085   37  241 14874.4400 14562.9100  2.09%   142  250s
  5816  2624 14695.3210   18  208 14874.4400 14563.5865  2.09%   143  257s
  5951  2717 14869.4388   40  101 14874.4400 14564.4490  2.08%   144  264s
  6140  2816 14808.7377   24  230 14874.4400 14565.9423  2.07%   145  271s
  6295  2925     cutoff   37      14874.4400 14568.4303  2.06%   145  278s
  6501  2977 14706.0479   26  217 14874.4400 14571.9141  2.03%   145  284s
  6549  2977 14730.1143   24  250 14874.4400 14571.9141  2.03%   146  285s
  6636  3074 14799.1862   30  247 14874.4400 14573.3557  2.02%   147  292s
  6825  3134 14703.4448   25  147 14874.4400 14575.8192  2.01%   148  299s
  6880  3134 14698.1053   27  164 14874.4400 14575.8192  2.01%   148  300s
  7004  3180     cutoff   46      14874.4400 14577.4921  2.00%   148  307s
  7165  3274 14664.7288   27  230 14874.4400 14579.3797  1.98%   150  314s
  7324  3359 14725.2396   33  131 14874.4400 14579.8602  1.98%   150  322s
  7491  3444 14722.3361   37  171 14874.4400 14581.8080  1.97%   152  331s
  7656  3565 14662.7066   21  238 14874.4400 14583.9015  1.95%   153  339s
  7746  3565 14702.3545   29  199 14874.4400 14583.9015  1.95%   153  340s
  7887  3720 14725.1625   32  206 14874.4400 14585.3519  1.94%   154  348s
  8188  3821     cutoff   43      14874.4400 14586.7650  1.93%   153  357s
  8331  3942 14788.0461   29  175 14874.4400 14588.1702  1.92%   153  365s
  8582  4075 14748.8375   36  268 14874.4400 14590.4274  1.91%   153  374s
  8669  4075 14661.2374   34  190 14874.4400 14590.4274  1.91%   153  375s
  8825  4222 14693.2055   30  149 14874.4400 14592.5312  1.90%   153  383s
  9092  4307     cutoff   35      14874.4400 14594.6409  1.88%   153  393s
  9250  4421 14762.0901   27  163 14874.4400 14595.9641  1.87%   153  401s
  9466  4518 14656.3798   26  236 14874.4400 14597.3073  1.86%   154  410s
  9696  4622 14683.5874   24  162 14874.4400 14598.8118  1.85%   154  418s
  9889  4763     cutoff   40      14874.4400 14599.9594  1.85%   155  427s
 10159  4866 14701.8533   28  315 14874.4400 14602.2785  1.83%   155  435s
 10342  5013 14791.1093   24  164 14874.4400 14603.1274  1.82%   156  444s
 10630  5135 14654.1722   28  265 14874.4400 14605.8925  1.81%   155  452s
 10843  5214 14865.5198   45  130 14874.4400 14606.6115  1.80%   156  462s
 11074  5306 14684.2809   28  321 14874.4400 14607.3518  1.80%   156  470s
 11283  5420     cutoff   38      14874.4400 14607.9135  1.79%   157  479s
 11374  5420 14871.3314   35  128 14874.4400 14607.9135  1.79%   157  480s
 11499  5542 14780.2900   26  268 14874.4400 14609.7282  1.78%   157  488s
 11731  5673 14658.0321   26  137 14874.4400 14610.3984  1.78%   157  497s
 11966  5783 14825.2405   37  188 14874.4400 14611.2343  1.77%   157  505s
 12217  5885 14719.1776   21  144 14874.4400 14612.8003  1.76%   157  514s
 12354  5885 14838.9049   42  200 14874.4400 14613.3564  1.76%   158  515s
 12441  5990     cutoff   38      14874.4400 14613.4167  1.75%   158  522s
 12652  6106 14787.2193   35  266 14874.4400 14614.8578  1.75%   158  531s
 12892  6280 14837.8865   32  152 14874.4400 14615.8356  1.74%   158  540s
 13206  6423 14873.0359   34   69 14874.4400 14617.1809  1.73%   157  549s
 13292  6423 14740.2941   38  143 14874.4400 14617.1809  1.73%   158  550s
 13473  6559 14722.9054   30  257 14874.4400 14618.7711  1.72%   157  558s
 13720  6692     cutoff   36      14874.4400 14619.6713  1.71%   157  567s
 13981  6813 14658.5938   21  316 14874.4400 14620.9074  1.70%   157  576s
 14227  6943 14855.8644   31  198 14874.4400 14621.6000  1.70%   157  584s
 14337  6943 14825.7873   35  263 14874.4400 14621.6000  1.70%   157  585s
 14441  7089 14863.8766   41  180 14874.4400 14622.1286  1.70%   157  593s
 14651  7089 14831.9247   41   40 14874.4400 14623.5007  1.69%   157  595s
 14706  7187 14803.7892   29  255 14874.4400 14623.6898  1.69%   157  602s
 14933  7286 14836.9139   42   65 14874.4400 14624.3790  1.68%   157  611s
 15128  7393 14675.0646   25  251 14874.4400 14625.4514  1.67%   157  620s
 15343  7529 14657.7833   28  173 14874.4400 14626.1336  1.67%   158  629s
 15506  7529 14828.5594   46  143 14874.4400 14626.9600  1.66%   158  630s
 15622  7665 14792.2880   35  157 14874.4400 14627.4234  1.66%   157  638s
 15850  7749 14846.9393   22  152 14874.4400 14627.9290  1.66%   157  646s
 16060  7890 14817.1244   39  110 14874.4400 14628.6379  1.65%   158  655s
 16324  8028 14764.0457   36  153 14874.4400 14629.6252  1.65%   158  664s
 16447  8028 14763.8900   25  122 14874.4400 14629.6252  1.65%   157  665s
 16596  8143     cutoff   50      14874.4400 14630.1416  1.64%   157  674s
 16689  8143 14793.4108   30  231 14874.4400 14630.1416  1.64%   157  675s
 16840  8288     cutoff   26      14874.4400 14630.8198  1.64%   158  683s
 17127  8288 14850.9101   31  170 14874.4400 14631.3919  1.63%   157  685s
 17141  8377 14857.8286   43   93 14874.4400 14631.4960  1.63%   157  692s
 17350  8486 14829.9404   33  233 14874.4400 14631.9031  1.63%   158  701s
 17589  8591 14833.2348   40   39 14874.4400 14632.3132  1.63%   158  710s
 17817  8711 14743.8676   28  144 14874.4400 14633.3142  1.62%   158  718s
 18040  8789 14849.9179   48   54 14874.4400 14633.9366  1.62%   158  726s
 18247  8836 14867.3660   35  207 14874.4400 14634.5470  1.61%   158  739s
 18360  8947 14739.1488   26  262 14874.4400 14635.0416  1.61%   158  747s
 18607  9027 14775.5725   34   34 14874.4400 14635.9401  1.60%   158  755s
 18848  9159 14738.9901   21  291 14874.4400 14636.7281  1.60%   158  764s
 19004  9159 14816.9270   27  261 14874.4400 14637.3262  1.59%   158  765s
 19112  9270 14692.4430   29  240 14874.4400 14637.4289  1.59%   158  773s
 19334  9409     cutoff   27      14874.4400 14638.3458  1.59%   158  781s
 19615  9489 14705.1719   28  100 14874.4400 14639.0010  1.58%   158  790s
 19814  9598     cutoff   29      14874.4400 14639.2696  1.58%   158  799s
 19862  9598 14815.8679   41  172 14874.4400 14639.2696  1.58%   158  800s
 20053  9691 14660.0967   30  199 14874.4400 14639.5431  1.58%   159  808s
 20259  9785 14846.4604   34  110 14874.4400 14640.0506  1.58%   159  817s
 20501  9918     cutoff   32      14874.4400 14640.4630  1.57%   159  825s
 20759 10025 14871.0864   33  121 14874.4400 14641.2827  1.57%   159  833s
 20993 10164 14750.5729   33  226 14874.4400 14642.1408  1.56%   159  841s
 21292 10297     cutoff   50      14874.4400 14642.6937  1.56%   159  850s
 21547 10374 14794.4591   31  241 14874.4400 14643.0716  1.56%   159  859s
 21742 10470     cutoff   34      14874.4400 14643.6339  1.55%   159  867s
 21960 10562 14739.5560   35  215 14874.4400 14644.1541  1.55%   159  875s
 22194 10668 14837.2409   32  193 14874.4400 14644.8899  1.54%   159  882s
 22443 10737 14871.0080   29  154 14874.4400 14646.2355  1.53%   159  890s
 22596 10828 14726.1553   34  126 14874.4400 14646.6581  1.53%   160  898s
 22836 10938 14681.6768   23  135 14874.4400 14647.3200  1.53%   160  906s
 23077 11005 14701.6325   29  266 14874.4400 14647.9428  1.52%   160  914s
 23312 11116 14755.2022   31  220 14874.4400 14648.7982  1.52%   160  923s
 23536 11219 14781.3862   27  329 14874.4400 14649.1903  1.51%   160  932s
 23797 11336 14756.1752   23  309 14874.4400 14649.6830  1.51%   160  941s
 24046 11401 14775.3505   36  191 14874.4400 14650.2819  1.51%   160  950s
 24259 11497 14758.9527   34  215 14874.4400 14650.9989  1.50%   160  959s
 24470 11596 14689.3891   21  117 14874.4400 14651.5561  1.50%   160  969s
 24635 11596 14755.2637   26  173 14874.4400 14652.0211  1.50%   160  970s
 24705 11755 14850.4856   36  246 14874.4400 14652.2252  1.49%   160  979s
 24786 11755 14837.7382   29  153 14874.4400 14652.2252  1.49%   160  980s
 25009 11859 14825.7468   29  143 14874.4400 14652.8114  1.49%   160  989s
 25261 11943 14816.1790   29  201 14874.4400 14653.5243  1.49%   160  998s
 25510 12082 14829.7467   33  183 14874.4400 14654.4152  1.48%   160 1008s
 25746 12161     cutoff   31      14874.4400 14654.8308  1.48%   160 1017s
 25975 12295 14708.7038   31  238 14874.4400 14655.3403  1.47%   160 1027s
 26223 12389 14824.0603   34  193 14874.4400 14655.6421  1.47%   160 1037s
 26482 12492 14797.4049   39  177 14874.4400 14656.0853  1.47%   160 1048s
 26732 12579     cutoff   35      14874.4400 14656.5405  1.46%   160 1057s
 26961 12672 14787.2369   35  251 14874.4400 14656.9823  1.46%   160 1067s
 27211 12757     cutoff   29      14874.4400 14657.5223  1.46%   160 1076s
 27430 12890 14792.5311   29  233 14874.4400 14658.0444  1.45%   161 1086s
 27700 12961 14776.7455   34  127 14874.4400 14658.2386  1.45%   161 1095s
 27988 13054     cutoff   34      14874.4400 14658.7053  1.45%   160 1103s
 28223 13124 14841.5182   45  112 14874.4400 14659.2179  1.45%   161 1112s
 28490 13156     cutoff   30      14874.4400 14659.7042  1.44%   161 1120s
 28610 13250 14775.9991   26  205 14874.4400 14659.8973  1.44%   161 1129s
 28839 13250 14734.5156   33  205 14874.4400 14660.0864  1.44%   161 1130s
 28866 13362 infeasible   29      14874.4400 14660.1790  1.44%   161 1137s
 29163 13471 14783.9985   29  207 14874.4400 14660.5670  1.44%   161 1146s
 29435 13569     cutoff   38      14874.4400 14661.1101  1.43%   161 1156s
 29733 13698 14819.5987   34  134 14874.4400 14661.3354  1.43%   161 1164s
 29778 13698 14791.5269   37  195 14874.4400 14661.3354  1.43%   161 1165s
 30021 13831     cutoff   43      14874.4400 14661.7194  1.43%   161 1173s
 30261 13831 14733.3162   31  114 14874.4400 14662.0017  1.43%   161 1175s
 30313 13909 14771.8824   22  298 14874.4400 14662.1259  1.43%   161 1182s
 30559 14012     cutoff   35      14874.4400 14662.5431  1.42%   161 1190s
 30788 14121 14826.6655   28  226 14874.4400 14662.8973  1.42%   161 1200s
 31050 14213 14855.5845   31  262 14874.4400 14663.0757  1.42%   161 1208s
 31309 14260 14787.2909   23  287 14874.4400 14663.5385  1.42%   161 1215s
 31482 14369 14669.4984   34  160 14874.4400 14663.7734  1.42%   161 1224s
 31689 14369 14841.9429   36  169 14874.4400 14664.4110  1.41%   161 1225s
 31774 14478 14771.9498   32  190 14874.4400 14664.5455  1.41%   161 1231s
 32011 14588 14762.0276   32  208 14874.4400 14664.9011  1.41%   161 1240s
 32240 14664     cutoff   49      14874.4400 14665.4078  1.41%   161 1248s
 32492 14734 14800.9157   36  155 14874.4400 14665.8677  1.40%   161 1256s
 32686 14831     cutoff   37      14874.4400 14666.2616  1.40%   162 1265s
 32921 14956 14840.9501   47   93 14874.4400 14666.5489  1.40%   162 1273s
 33205 15020 14791.9198   27  275 14874.4400 14667.0036  1.39%   162 1282s
 33429 15087 14752.1808   30  217 14874.4400 14667.3690  1.39%   162 1290s
 33596 15161 14837.3479   25  262 14874.4400 14667.7424  1.39%   162 1297s
 33817 15247     cutoff   33      14874.4400 14668.3398  1.39%   162 1305s
 34041 15293     cutoff   26      14874.4400 14668.7180  1.38%   162 1314s
 34269 15356 14794.5719   34  186 14874.4400 14669.1850  1.38%   162 1321s
 34458 15429     cutoff   36      14874.4400 14669.5765  1.38%   162 1330s
 34619 15516 14844.6810   39   79 14874.4400 14669.8233  1.38%   163 1338s
 34856 15598 14787.3452   38  199 14874.4400 14670.0247  1.37%   163 1346s
 35096 15693     cutoff   27      14874.4400 14670.6114  1.37%   163 1355s
 35357 15783     cutoff   33      14874.4400 14671.1279  1.37%   163 1364s
 35436 15783 14856.6626   46  102 14874.4400 14671.1279  1.37%   163 1365s
 35572 15882 14745.1209   36  199 14874.4400 14671.4425  1.36%   163 1373s
 35861 15962 14695.3996   22  306 14874.4400 14671.9929  1.36%   163 1382s
 36075 16049 14796.5445   30  117 14874.4400 14672.2039  1.36%   163 1390s
 36321 16092 14866.1382   41  133 14874.4400 14672.5009  1.36%   163 1398s
 36515 16192 14754.8168   29  193 14874.4400 14673.0756  1.35%   163 1407s
 36785 16277 14824.3369   31  240 14874.4400 14673.5335  1.35%   163 1416s
 37012 16366 14720.3254   27  295 14874.4400 14674.1084  1.35%   163 1425s
 37268 16410 14842.7816   35  165 14874.4400 14674.5745  1.34%   163 1476s
 37460 16491 14740.3783   31  174 14874.4400 14674.8142  1.34%   163 1485s
 37669 16600     cutoff   42      14874.4400 14675.0494  1.34%   163 1494s
 37955 16695     cutoff   39      14874.4400 14675.3921  1.34%   163 1504s
 38165 16695 14700.7132   29  263 14874.4400 14675.7509  1.34%   164 1505s
 38231 16770 14835.9310   39  177 14874.4400 14675.8020  1.34%   163 1513s
 38486 16873 14780.6573   32  118 14874.4400 14676.0806  1.33%   164 1522s
 38751 16999 14844.9658   36   73 14874.4400 14676.1799  1.33%   164 1530s
 39031 17086 14785.8214   36  101 14874.4400 14676.7234  1.33%   164 1539s
 39105 17086 14764.4729   31  135 14874.4400 14676.7234  1.33%   164 1540s
 39242 17148 14845.6899   35  188 14874.4400 14677.2041  1.33%   164 1548s
 39506 17252 14807.7687   29  161 14874.4400 14677.5599  1.32%   164 1557s
 39784 17355     cutoff   34      14874.4400 14677.9675  1.32%   164 1566s
 40047 17467     cutoff   31      14874.4400 14678.4220  1.32%   164 1575s
 40329 17565     cutoff   42      14874.4400 14678.8086  1.32%   164 1584s
 40414 17565 14827.5243   29   64 14874.4400 14678.8086  1.32%   164 1585s
 40591 17660 14827.4178   33  260 14874.4400 14679.1287  1.31%   164 1594s
 40838 17660 14826.4833   35  245 14874.4400 14679.3274  1.31%   164 1595s
 40861 17765 14844.4552   34   41 14874.4400 14679.3384  1.31%   164 1603s
 41108 17820 14821.7688   32  232 14874.4400 14679.5586  1.31%   164 1611s
 41312 17933 14810.6035   42  254 14874.4400 14680.0063  1.31%   164 1620s
 41596 18033 14746.1269   26  148 14874.4400 14680.2087  1.31%   164 1629s
 41716 18033 14825.9637   41  196 14874.4400 14680.2087  1.31%   164 1630s
 41857 18112 14830.0364   34  145 14874.4400 14680.4852  1.30%   164 1639s
 42121 18203 14855.3429   34  287 14874.4400 14680.8298  1.30%   164 1647s
 42374 18307     cutoff   32      14874.4400 14681.2069  1.30%   164 1656s
 42666 18366 14730.6392   26  343 14874.4400 14681.5445  1.30%   164 1665s
 42885 18448 14809.8894   33  156 14874.4400 14681.8544  1.29%   165 1673s
 43127 18561 14708.5258   26  201 14874.4400 14682.2683  1.29%   165 1682s
 43431 18645     cutoff   34      14874.4400 14682.5106  1.29%   165 1692s
 43721 18749 14770.1743   28  264 14874.4400 14683.0694  1.29%   165 1701s
 43995 18827     cutoff   30      14874.4400 14683.4085  1.28%   165 1712s
 44252 18904 14723.9579   17  276 14874.4400 14683.6960  1.28%   165 1721s
 44489 18976 14820.9596   31  201 14874.4400 14683.8608  1.28%   165 1730s
 44697 19077 14761.3938   31  193 14874.4400 14684.1200  1.28%   165 1739s
 44966 19158 14752.4245   25  228 14874.4400 14684.3990  1.28%   165 1747s
 45242 19251 infeasible   26      14874.4400 14684.7836  1.28%   165 1756s
 45490 19342 14744.6033   29  220 14874.4400 14685.0972  1.27%   165 1765s
 45776 19410     cutoff   38      14874.4400 14685.2795  1.27%   165 1774s
 45834 19410 14791.9924   28  123 14874.4400 14685.2795  1.27%   165 1775s
 46025 19465 14691.1105   29  217 14874.4400 14685.4982  1.27%   165 1783s
 46273 19519     cutoff   35      14874.4400 14685.7507  1.27%   165 1792s
 46493 19585 14787.0467   32  263 14874.4400 14685.9733  1.27%   166 1800s
 46724 19646     cutoff   37      14874.4400 14686.3137  1.26%   166 1809s
 46796 19646 14746.9406   34  251 14874.4400 14686.3137  1.26%   166 1810s
 46966 19765 14849.4519   32  199 14874.4400 14686.7198  1.26%   166 1818s
 47190 19765 14740.5519   26  178 14874.4400 14687.0071  1.26%   166 1820s
 47234 19861 14834.9911   27  114 14874.4400 14687.0073  1.26%   166 1828s
 47483 19942 14791.7084   32  223 14874.4400 14687.4033  1.26%   166 1838s
 47768 20030 14773.0482   38  169 14874.4400 14687.6396  1.26%   166 1847s
 48014 20099 14834.0051   29  130 14874.4400 14687.8348  1.25%   166 1856s
 48235 20160 14798.3743   30  216 14874.4400 14688.1831  1.25%   166 1866s
 48495 20269 14831.9844   35  326 14874.4400 14688.4577  1.25%   166 1875s
 48770 20390 14844.9240   30  228 14874.4400 14688.9026  1.25%   166 1884s
 48856 20390 14856.7739   41  151 14874.4400 14688.9026  1.25%   166 1885s
 49061 20507 14838.9995   35  145 14874.4400 14689.1002  1.25%   166 1894s
 49107 20507 14804.7726   30  246 14874.4400 14689.1002  1.25%   166 1895s
 49364 20661     cutoff   36      14874.4400 14689.3342  1.24%   166 1905s
 49719 20725     cutoff   47      14874.4400 14689.7365  1.24%   166 1915s
 49993 20843     cutoff   30      14874.4400 14690.1145  1.24%   166 1925s
 50326 20979     cutoff   41      14874.4400 14690.3819  1.24%   166 1935s
*50564 20970              56    14873.720000 14690.6214  1.23%   166 1936s
H50663 20984                    14871.160000 14690.6214  1.21%   166 1945s
 50858 21013 14760.8339   30  229 14871.1600 14690.9815  1.21%   166 1955s
 50992 21074 14765.6493   28  137 14871.1600 14691.0766  1.21%   166 1963s
 51293 21147 14803.9744   34   97 14871.1600 14691.3677  1.21%   166 1973s
 51568 21238 14725.9163   27  190 14871.1600 14691.6728  1.21%   166 1983s
 51841 21310     cutoff   26      14871.1600 14691.9858  1.20%   166 1993s
 52095 21395 14839.2317   37  297 14871.1600 14692.2342  1.20%   166 2003s
 52376 21395 14845.4286   33  229 14871.1600 14692.4866  1.20%   166 2005s
 52387 21468 14856.5315   29  192 14871.1600 14692.5008  1.20%   166 2013s
 52611 21468 14842.4089   34   54 14871.1600 14692.7476  1.20%   166 2015s
 52652 21553 14824.4684   32  322 14871.1600 14692.8355  1.20%   166 2023s
 52899 21697     cutoff   31      14871.1600 14693.2466  1.20%   166 2034s
 53226 21815 14801.4668   34  259 14871.1600 14693.5515  1.19%   166 2044s
 53267 21815 14851.0881   54   87 14871.1600 14693.5515  1.19%   166 2045s
H53400 21588                    14861.160000 14693.7142  1.13%   166 2045s
 53596 21654     cutoff   34      14861.1600 14693.7360  1.13%   166 2054s
 53659 21654 14812.8560   30  239 14861.1600 14693.7360  1.13%   166 2055s
 53845 21713 infeasible   43      14861.1600 14694.0152  1.12%   166 2064s
 53990 21713 14845.7215   39  242 14861.1600 14694.3265  1.12%   166 2065s
 54089 21793 14780.0181   35  178 14861.1600 14694.3658  1.12%   166 2074s
 54279 21793 14830.0303   37   78 14861.1600 14694.7159  1.12%   166 2075s
