




arguments: ./build/bc_mirp -f ./input/orig_exec_248.cfg
Current dir: /scratch/gui/bc_mirp
File verbosity level: 9
date       time         ( uptime  ) [ thread name/id ]                   file:line     v| 
2021-02-16 02:23:50.151 (   0.295s) [main thread     ]             loguru.cpp:789   INFO| Logging to './output/vi_vc+qua/OU/V2/Original/execution_16_02_2021_02_23_50.log', mode: 'a', verbosity: 9
--------------------------------------------------------------------------------
Parameters
                           instance_path           ./input/Instances/Original/6/
                            model_policy                                       1
                             nb_vehicles                                       2
                              output_dir      ./output/vi_vc+qua/OU/V2/Original/
                            sec_strategy                                       1
                       solver_nb_threads                                       2
                         solver_show_log                                    true
                       solver_time_limit                                    3600
                              use_vi_cos                                   false
                              use_vi_cus                                   false
                         use_vi_hc1_full                                   false
                         use_vi_hc1_half                                   false
                      use_vi_hc1_quarter                                   false
                              use_vi_hc2                                   false
                              use_vi_hc3                                   false
                         use_vi_lex_full                                   false
                         use_vi_lex_half                                   false
                      use_vi_lex_quarter                                   false
                              use_vi_qua                                    true
                               use_vi_vc                                    true
                               use_vi_vr                                   false
--------------------------------------------------------------------------------
executing instance: ./input/Instances/Original/6/absH6high_1n25.dat
--------------------------------------------------------------------------------
Instance details
n	26
H	6
C	1711
Li:
[0, 0, 0, 0, 0, 0, 0, 0, 0, 0, 0, 0, 0, 0, 0, 0, 0, 0, 0, 0, 0, 0, 0, 0, 0, 0, ]
Ui:
[0, 168, 176, 34, 66, 36, 177, 106, 118, 182, 64, 141, 189, 63, 46, 111, 182, 231, 36, 66, 68, 54, 132, 90, 246, 75, ]
Distance matrix:
|0	191	200	231	334	329	146	196	208	245	218	164	283	394	151	358	156	196	309	253	201	260	127	138	130	104	|
|191	0	226	229	278	146	328	216	390	417	327	293	195	334	106	296	171	122	472	151	12	411	280	53	190	130	|
|200	226	0	38	149	359	321	10	276	274	418	364	139	204	121	173	321	115	303	141	225	236	155	202	311	256	|
|231	229	38	0	110	352	358	37	314	310	448	395	108	167	129	135	342	109	336	120	226	268	194	213	335	277	|
|334	278	149	110	0	367	467	147	422	413	546	495	86	61	203	25	423	163	429	129	271	363	303	282	424	361	|
|329	146	359	352	367	0	453	349	533	562	411	393	282	411	245	378	250	244	617	245	141	556	426	195	284	243	|
|146	328	321	358	467	453	0	321	162	215	160	112	425	524	297	491	223	341	284	397	339	266	186	276	184	210	|
|196	216	10	37	147	349	321	0	281	281	414	360	132	203	112	171	315	105	311	132	216	244	159	193	305	249	|
|208	390	276	314	422	533	162	281	0	54	321	271	410	471	316	445	348	348	123	398	398	115	125	338	313	309	|
|245	417	274	310	413	562	215	281	54	0	375	323	413	457	334	435	393	361	70	406	424	69	139	367	359	349	|
|218	327	418	448	546	411	160	414	321	375	0	57	484	606	347	569	163	393	444	446	339	421	318	288	137	199	|
|164	293	364	395	495	393	112	360	271	323	57	0	437	556	300	519	144	346	393	401	305	367	261	249	109	163	|
|283	195	139	108	86	282	425	132	410	413	484	437	0	139	137	101	349	91	443	44	187	375	286	206	355	291	|
|394	334	204	167	61	411	524	203	471	457	606	556	139	0	264	38	483	222	467	183	326	403	356	341	484	421	|
|151	106	121	129	203	245	297	112	316	334	347	300	137	264	0	225	220	46	381	102	106	316	195	84	221	158	|
|358	296	173	135	25	378	491	171	445	435	569	519	101	38	225	0	444	184	450	145	288	384	328	303	446	383	|
|156	171	321	342	423	250	223	315	348	393	163	144	349	483	220	444	0	261	460	308	183	415	284	143	39	65	|
|196	122	115	109	163	244	341	105	348	361	393	346	91	222	46	184	261	0	402	56	118	336	224	119	264	200	|
|309	472	303	336	429	617	284	311	123	70	444	393	443	467	381	450	460	402	0	442	477	68	192	424	426	413	|
|253	151	141	120	129	245	397	132	398	406	446	401	44	183	102	145	308	56	442	0	143	375	273	164	315	251	|
|201	12	225	226	271	141	339	216	398	424	339	305	187	326	106	288	183	118	477	143	0	416	286	63	202	142	|
|260	411	236	268	363	556	266	244	115	69	421	367	375	403	316	384	415	336	68	375	416	0	135	365	384	363	|
|127	280	155	194	303	426	186	159	125	139	318	261	286	356	195	328	284	224	192	273	286	135	0	232	256	229	|
|138	53	202	213	282	195	276	193	338	367	288	249	206	341	84	303	143	119	424	164	63	365	232	0	153	89	|
|130	190	311	335	424	284	184	305	313	359	137	109	355	484	221	446	39	264	426	315	202	384	256	153	0	64	|
|104	130	256	277	361	243	210	249	309	349	199	163	291	421	158	383	65	200	413	251	142	363	229	89	64	0	|

--------------------------------------------------------------------------------
Building model...
	using lazy and cut (CVRPSEP package)
Solving IRP LP...
--------------------------------------------------------------------------------

Gurobi 9.1.0 (linux64) logging started Tue Feb 16 02:23:50 2021

Gurobi Optimizer version 9.1.0 build v9.1.0rc0 (linux64)
Thread count: 32 physical cores, 32 logical processors, using up to 2 threads
Optimize a model with 1274 rows, 4694 columns and 12080 nonzeros
Model fingerprint: 0xf853e4e6
Variable types: 482 continuous, 4212 integer (312 binary)
Coefficient statistics:
  Matrix range     [1e+00, 9e+02]
  Objective range  [1e-01, 6e+02]
  Bounds range     [1e+00, 2e+02]
  RHS range        [1e+00, 3e+03]
Presolve removed 283 rows and 102 columns
Presolve time: 0.09s
Presolved: 991 rows, 4592 columns, 11245 nonzeros
Variable types: 380 continuous, 4212 integer (3912 binary)

Root relaxation: objective 1.301997e+04, 1484 iterations, 0.04 seconds

    Nodes    |    Current Node    |     Objective Bounds      |     Work
 Expl Unexpl |  Obj  Depth IntInf | Incumbent    BestBd   Gap | It/Node Time

     0     0 13019.9705    0  205          - 13019.9705      -     -    0s
     0     0 13572.7901    0  252          - 13572.7901      -     -    0s
     0     0 13615.8840    0  250          - 13615.8840      -     -    0s
     0     0 13629.2998    0  245          - 13629.2998      -     -    0s
     0     0 13630.6106    0  255          - 13630.6106      -     -    0s
     0     0 14230.1474    0  321          - 14230.1474      -     -    0s
     0     0 14416.5736    0  355          - 14416.5736      -     -    0s
     0     0 14438.2968    0  334          - 14438.2968      -     -    0s
     0     0 14463.5276    0  324          - 14463.5276      -     -    0s
     0     0 14490.9636    0  333          - 14490.9636      -     -    1s
     0     0 14523.4485    0  345          - 14523.4485      -     -    1s
     0     0 14524.3632    0  342          - 14524.3632      -     -    1s
     0     0 14850.2914    0  348          - 14850.2914      -     -    1s
     0     0 14935.6090    0  372          - 14935.6090      -     -    1s
     0     0 14969.3270    0  374          - 14969.3270      -     -    1s
     0     0 14985.1019    0  380          - 14985.1019      -     -    1s
     0     0 14997.5035    0  387          - 14997.5035      -     -    1s
     0     0 14997.9667    0  390          - 14997.9667      -     -    1s
     0     0 15036.9798    0  393          - 15036.9798      -     -    1s
     0     0 15048.6719    0  402          - 15048.6719      -     -    1s
     0     0 15064.9973    0  410          - 15064.9973      -     -    2s
     0     0 15102.0289    0  380          - 15102.0289      -     -    2s
     0     0 15121.1140    0  390          - 15121.1140      -     -    2s
     0     0 15124.7773    0  356          - 15124.7773      -     -    2s
     0     0 15125.2543    0  365          - 15125.2543      -     -    2s
     0     0 15184.2264    0  436          - 15184.2264      -     -    2s
     0     0 15189.8672    0  478          - 15189.8672      -     -    2s
     0     0 15191.0049    0  491          - 15191.0049      -     -    2s
     0     0 15202.5339    0  457          - 15202.5339      -     -    2s
     0     0 15202.5339    0  457          - 15202.5339      -     -    3s
     0     2 15203.5169    0  449          - 15203.5169      -     -    3s
    19    22 15269.5830    6  448          - 15212.2857      -   451    5s
    47    52 15643.1762   13  395          - 15212.2857      -   559   10s
   249   274 16758.0206   33  212          - 15212.2857      -   216   15s
*  472   467             248    20404.460000 15212.2857  25.4%   134   17s
   566   529 17207.5182   86  113 20404.4600 15212.2857  25.4%   131   20s
H  603   538                    19866.460000 15212.2857  23.4%   130   21s
H  605   523                    19424.440000 15212.2857  21.7%   129   21s
   740   650 18313.6615  204  457 19424.4400 15212.2857  21.7%   119   25s
H  741   618                    18837.030000 15212.2857  19.2%   119   25s
   759   630 17068.6802   72  446 18837.0300 15676.1507  16.8%   116   30s
H  763   600                    18367.800000 15683.1719  14.6%   116   30s
H  769   573                    18251.940000 15697.2084  14.0%   115   31s
H  775   548                    18206.150000 15704.8170  13.7%   114   32s
   787   556 18054.4393  177  556 18206.1500 15707.4094  13.7%   112   35s
H  789   529                    18204.150000 15707.5134  13.7%   112   35s
H  798   509                    18098.610000 15707.5140  13.2%   126   37s
H  799   483                    17913.440000 15707.5140  12.3%   125   38s
   809   490 17760.3619  162  551 17913.4400 15707.5140  12.3%   124   40s
H  811   466                    17887.530000 15707.5218  12.2%   124   40s
   826   476 17273.7104  119  544 17887.5300 15708.5996  12.2%   121   46s
   853   497 16036.2808   30  482 17887.5300 15739.1109  12.0%   144   50s
   943   561 16120.6188   57  290 17887.5300 15739.1109  12.0%   160   55s
H 1009   580                    17702.590000 15739.1109  11.1%   161   58s
H 1063   588                    17668.590000 15739.1829  10.9%   161   59s
  1077   603 15869.3452   30  476 17668.5900 15739.1829  10.9%   161   60s
  1228   687 16290.5979   47  211 17668.5900 15739.1829  10.9%   159   65s
  1317   733     cutoff   34      17668.5900 15778.0123  10.7%   164   70s
  1481   873 16863.0409   78  131 17668.5900 15778.0123  10.7%   159   75s
H 1600   834                    17543.550000 15778.2740  10.1%   158   80s
* 1707   874             113    17513.210000 15812.2759  9.71%   155   83s
  1754   943 16046.6932   30  318 17513.2100 15813.1799  9.71%   156   85s
* 1918   928             112    17440.860000 15813.1799  9.33%   152   89s
* 1919   924             111    17430.280000 15813.1799  9.28%   152   89s
  1931   933 17376.1417   51  252 17430.2800 15842.3998  9.11%   152   90s
  1983  1035 16449.2438   43  203 17430.2800 15842.3998  9.11%   156   96s
  2142  1165 16291.9565   41  366 17430.2800 15842.4229  9.11%   154  101s
  2280  1270 16873.0635   57  271 17430.2800 15842.4229  9.11%   154  106s
  2377  1313 16572.3635   44  313 17430.2800 15845.2015  9.09%   157  110s
  2445  1358 16684.1513   43  309 17430.2800 15857.9514  9.02%   159  115s
  2513  1411 16107.9840   44  238 17430.2800 15860.5516  9.01%   162  139s
  2548  1478 16384.1780   49  208 17430.2800 15860.5516  9.01%   164  141s
H 2623  1510                    17341.120000 15860.5516  8.54%   163  144s
  2720  1537 16107.8262   34  340 17341.1200 15867.8518  8.50%   161  146s
  2852  1653     cutoff   54      17341.1200 15869.6228  8.49%   160  152s
  2989  1713 16085.8358   31  430 17341.1200 15880.1808  8.42%   161  157s
  3004  1749 16316.3355   37  408 17341.1200 15880.1808  8.42%   163  160s
H 3039  1748                    17338.480000 15880.1808  8.41%   164  160s
  3097  1817 16094.5905   31  435 17338.4800 15884.1397  8.39%   164  166s
H 3173  1453                    16949.390000 15894.7224  6.22%   165  169s
  3185  1491 16081.2559   29  436 16949.3900 15894.7224  6.22%   167  173s
  3236  1560 16269.4301   42  309 16949.3900 15897.5862  6.21%   167  176s
H 3240  1557                    16942.220000 15897.5862  6.17%   167  176s
  3332  1600 16166.6364   31  332 16942.2200 15897.6385  6.17%   166  196s
  3383  1670 16152.8006   32  251 16942.2200 15897.6385  6.17%   167  201s
H 3513  1629                    16875.310000 15902.0906  5.77%   166  204s
  3534  1658     cutoff   51      16875.3100 15902.6921  5.76%   167  208s
  3585  1691 16620.2986   40  237 16875.3100 15904.5307  5.75%   168  212s
  3648  1727 16746.1191   53  273 16875.3100 15918.3024  5.67%   169  215s
  3714  1760     cutoff   51      16875.3100 15920.3781  5.66%   171  220s
  3869  1880 16363.7529   38  312 16875.3100 15948.6609  5.49%   173  229s
H 3942  1637                    16743.790000 15952.1438  4.73%   174  233s
H 4008  1524                    16698.790000 15952.1438  4.47%   174  238s
  4065  1557 16492.8417   49  193 16698.7900 15954.6332  4.46%   175  242s
  4118  1596 16391.5141   45  186 16698.7900 15956.8805  4.44%   177  247s
  4173  1639 16366.3304   31  419 16698.7900 15956.8805  4.44%   179  251s
  4238  1679     cutoff   40      16698.7900 15958.4055  4.43%   180  256s
  4304  1750 16399.7353   37  315 16698.7900 15959.5628  4.43%   182  261s
  4404  1787 16573.7889   47  233 16698.7900 15965.9181  4.39%   182  267s
  4465  1837 16372.1844   40  211 16698.7900 15966.4709  4.39%   184  286s
  4558  1896 16512.6800   51  196 16698.7900 15968.2146  4.38%   185  291s
  4687  1937 16164.4578   36  480 16698.7900 15971.4666  4.36%   185  298s
H 4713  1906                    16683.790000 15971.4666  4.27%   185  298s
H 4759  1513                    16544.590000 15973.1013  3.45%   185  298s
  4760  1565 16343.5788   38  284 16544.5900 15973.6086  3.45%   186  303s
H 4839  1584                    16536.090000 15973.9949  3.40%   187  310s
  4949  1609 16405.0216   27  444 16536.0900 15979.0773  3.37%   188  316s
  5022  1670 16130.0427   41  280 16536.0900 15981.0653  3.36%   190  322s
  5126  1725 16085.0357   36  353 16536.0900 15982.1853  3.35%   191  329s
  5225  1781 16143.5013   34  261 16536.0900 15987.3804  3.32%   192  338s
  5345  1845 16366.8102   31  515 16536.0900 15989.4663  3.31%   193  345s
  5477  1912     cutoff   51      16536.0900 15995.2297  3.27%   194  353s
H 5479  1708                    16483.210000 15995.2297  2.96%   194  353s
  5603  1731 16313.2977   35  488 16483.2100 16000.1193  2.93%   195  361s
  5717  1774 16172.1802   33  308 16483.2100 16006.1392  2.89%   196  369s
  5869  1818 16183.8718   30  394 16483.2100 16008.2338  2.88%   196  379s
  5971  1866 16134.7516   31  288 16483.2100 16017.1557  2.83%   197  388s
  6082  1898 16166.5070   33  323 16483.2100 16021.7126  2.80%   198  396s
H 6145  1885                    16480.110000 16021.7126  2.78%   199  397s
  6196  1946 16266.5335   39  324 16480.1100 16027.2371  2.75%   199  405s
  6348  1993     cutoff   49      16480.1100 16030.6138  2.73%   200  413s
  6490  2063 16310.5600   44  344 16480.1100 16033.7295  2.71%   201  422s
  6656  2149 16209.7984   37  230 16480.1100 16036.4930  2.69%   201  431s
  6816  2220 16103.2362   34  322 16480.1100 16038.4352  2.68%   201  442s
  6961  2275 16477.5038   45  296 16480.1100 16040.9717  2.66%   201  451s
  7099  2355 16296.5489   32  423 16480.1100 16044.4720  2.64%   202  460s
  7255  2475     cutoff   35      16480.1100 16048.9320  2.62%   203  471s
  7463  2581 16387.0142   43  189 16480.1100 16051.9736  2.60%   202  482s
  7684  2642 16343.9506   38  290 16480.1100 16055.5615  2.58%   202  493s
  7858  2703     cutoff   41      16480.1100 16059.8522  2.55%   202  504s
  7995  2769     cutoff   35      16480.1100 16062.4414  2.53%   203  515s
  8184  2830 16456.8469   53  251 16480.1100 16065.8476  2.51%   203  525s
  8390  2935 16390.0677   39  232 16480.1100 16070.5750  2.49%   204  536s
  8598  3006 16213.9652   40  322 16480.1100 16075.3649  2.46%   203  547s
  8792  3067 16278.0941   42  416 16480.1100 16077.5665  2.44%   204  591s
H 8856  3053                    16477.550000 16077.5665  2.43%   204  592s
H 8917  2947                    16459.550000 16078.0809  2.32%   204  592s
  8918  3010 16356.0067   45  273 16459.5500 16078.4713  2.32%   204  604s
  9079  3091 16294.1409   53  364 16459.5500 16081.6528  2.30%   205  615s
  9273  3148     cutoff   42      16459.5500 16084.1868  2.28%   205  628s
  9474  3202     cutoff   38      16459.5500 16087.0693  2.26%   205  639s
  9665  3298 16186.6466   37  302 16459.5500 16088.0828  2.26%   206  650s
  9898  3347 16426.3861   41  327 16459.5500 16091.6236  2.24%   205  661s
 10080  3374 16415.4756   44  264 16459.5500 16093.2098  2.23%   206  673s
 10227  3441 16340.2389   40  314 16459.5500 16094.6629  2.22%   208  690s
H10408  3311                    16439.990000 16097.2299  2.08%   208  690s
 10409  3389 16338.2473   39  186 16439.9900 16097.5791  2.08%   208  701s
 10604  3504     cutoff   39      16439.9900 16099.6465  2.07%   208  713s
 10869  3613 16249.1852   35  359 16439.9900 16101.8877  2.06%   208  725s
 11110  3700 16312.1528   38  396 16439.9900 16103.5580  2.05%   207  737s
 11322  3793 16427.3870   43  314 16439.9900 16105.1975  2.04%   207  750s
 11558  3885 16292.4670   39  331 16439.9900 16106.2170  2.03%   207  761s
 11780  3969 16434.9813   41  282 16439.9900 16107.4638  2.02%   207  773s
 11990  4020 16326.2745   47  371 16439.9900 16109.6445  2.01%   207  784s
 12175  4099     cutoff   44      16439.9900 16111.4411  2.00%   208  795s
 12369  4253 16429.7573   41  272 16439.9900 16113.6862  1.98%   208  807s
 12656  4359 16245.2756   40  282 16439.9900 16115.4354  1.97%   207  819s
 12911  4437 16276.8282   40  151 16439.9900 16117.1079  1.96%   207  831s
 13140  4500 16377.6630   48  197 16439.9900 16119.0957  1.95%   207  843s
 13326  4600     cutoff   41      16439.9900 16120.8491  1.94%   207  854s
 13561  4712 16278.7319   39  409 16439.9900 16123.5840  1.92%   207  866s
 13801  4756 16369.4009   56  246 16439.9900 16125.3726  1.91%   207  877s
 13983  4843 16309.7615   39  452 16439.9900 16126.8572  1.90%   207  888s
 14181  4931 16344.5682   39  268 16439.9900 16128.3303  1.90%   207  900s
 14433  4987     cutoff   45      16439.9900 16129.6048  1.89%   207  912s
 14661  5053 16393.0475   44  250 16439.9900 16130.3043  1.88%   207  923s
 14883  5157 16288.3418   33  312 16439.9900 16131.5658  1.88%   207  935s
 15123  5259 16341.8366   36  309 16439.9900 16132.6912  1.87%   207  947s
 15374  5340 16251.3392   35  368 16439.9900 16134.0932  1.86%   207  959s
 15493  5340 16262.8787   36  353 16439.9900 16135.0695  1.85%   207  960s
 15598  5474     cutoff   36      16439.9900 16135.2380  1.85%   207  971s
 15880  5577 16343.5240   35  356 16439.9900 16137.0903  1.84%   206  984s
 16134  5637 16185.7663   41  361 16439.9900 16137.8800  1.84%   206  995s
 16324  5714 16320.6976   41  186 16439.9900 16139.3628  1.83%   206 1006s
 16563  5825     cutoff   40      16439.9900 16141.3500  1.82%   206 1018s
 16784  5950 infeasible   43      16439.9900 16142.3641  1.81%   206 1030s
*16907  5771              69    16424.670000 16142.3641  1.72%   205 1031s
 17067  5838     cutoff   38      16424.6700 16143.3002  1.71%   205 1043s
 17311  5885 16273.7474   41  315 16424.6700 16144.2684  1.71%   205 1054s
 17538  5970     cutoff   42      16424.6700 16145.6557  1.70%   205 1066s
 17766  6012 16318.7337   37  382 16424.6700 16147.0599  1.69%   205 1077s
 17941  6075 16210.1047   42  273 16424.6700 16148.4137  1.68%   205 1088s
 18163  6159     cutoff   43      16424.6700 16149.4404  1.68%   205 1100s
 18410  6259 16411.1601   39  350 16424.6700 16151.3317  1.66%   205 1112s
 18702  6302 16305.5784   43  296 16424.6700 16152.5978  1.66%   204 1123s
 18904  6410     cutoff   40      16424.6700 16153.7419  1.65%   204 1136s
 19165  6496 16258.2953   36  304 16424.6700 16154.6963  1.64%   204 1148s
 19395  6565 16308.9244   41  305 16424.6700 16155.5946  1.64%   204 1159s
 19635  6622 16312.2433   42  301 16424.6700 16156.7795  1.63%   204 1171s
 19891  6670     cutoff   46      16424.6700 16157.8378  1.62%   203 1183s
 20114  6810 16285.1872   37  388 16424.6700 16158.9843  1.62%   203 1194s
 20297  6810     cutoff   43      16424.6700 16160.4059  1.61%   203 1195s
 20432  6858 16308.9865   49  190 16424.6700 16160.4786  1.61%   202 1207s
 20618  6924     cutoff   36      16424.6700 16160.8220  1.61%   202 1218s
 20867  6991 16400.1942   46  301 16424.6700 16161.9864  1.60%   202 1230s
 21112  7090 16203.7022   35  458 16424.6700 16163.3535  1.59%   202 1241s
 21388  7155 16378.7319   41  352 16424.6700 16164.1767  1.59%   202 1253s
 21621  7209 16363.7849   38  359 16424.6700 16165.3167  1.58%   201 1265s
 21853  7271 16253.5762   33  351 16424.6700 16166.6055  1.57%   201 1277s
 22111  7350 16405.4846   49  138 16424.6700 16167.1523  1.57%   201 1288s
 22352  7430 16315.8692   43  277 16424.6700 16168.5293  1.56%   201 1300s
 22602  7489     cutoff   45      16424.6700 16169.4862  1.55%   201 1311s
 22833  7544 16270.4628   36  283 16424.6700 16170.2707  1.55%   201 1323s
 23092  7634     cutoff   47      16424.6700 16171.0136  1.54%   200 1335s
 23374  7705     cutoff   35      16424.6700 16172.1962  1.54%   200 1347s
 23624  7780 16391.0917   36  320 16424.6700 16173.5938  1.53%   200 1359s
 23894  7869 16363.8323   40  251 16424.6700 16174.1559  1.53%   200 1372s
 24163  7973 16377.8816   37  288 16424.6700 16175.2454  1.52%   199 1384s
 24440  8057 16258.9217   37  369 16424.6700 16175.8587  1.51%   199 1396s
 24685  8116 16341.8910   43  325 16424.6700 16176.7951  1.51%   199 1408s
 24965  8164     cutoff   37      16424.6700 16177.8927  1.50%   199 1421s
 25178  8217     cutoff   43      16424.6700 16178.3677  1.50%   199 1432s
 25405  8301     cutoff   37      16424.6700 16178.8732  1.50%   199 1444s
 25706  8380 16400.9199   40  420 16424.6700 16179.8849  1.49%   198 1456s
 25956  8470 16341.5395   47  162 16424.6700 16180.7901  1.48%   198 1468s
 26234  8546 16242.4453   38  268 16424.6700 16181.5793  1.48%   198 1513s
 26371  8546     cutoff   51      16424.6700 16182.3582  1.48%   198 1515s
 26482  8609 16275.6574   52  153 16424.6700 16182.3845  1.48%   198 1526s
 26708  8689 16355.0611   36  236 16424.6700 16183.4584  1.47%   198 1538s
 26950  8746     cutoff   38      16424.6700 16184.3976  1.46%   198 1549s
 27166  8831     cutoff   42      16424.6700 16184.9602  1.46%   198 1594s
 27456  8929 16298.3172   35  223 16424.6700 16185.8521  1.45%   198 1609s
 27756  9003 16340.2699   39  255 16424.6700 16186.4028  1.45%   197 1642s
 27996  9087 16381.2770   44  400 16424.6700 16187.3393  1.44%   197 1654s
 28241  9149 16398.8283   41  172 16424.6700 16188.2117  1.44%   197 1665s
 28483  9208 16311.3949   45  235 16424.6700 16189.2520  1.43%   197 1677s
 28753  9240 16405.7189   35  346 16424.6700 16190.0392  1.43%   197 1688s
 28996  9279 16310.7380   45  222 16424.6700 16190.6987  1.42%   197 1699s
 29212  9331     cutoff   37      16424.6700 16191.8799  1.42%   197 1710s
 29404  9372     cutoff   39      16424.6700 16192.3725  1.41%   197 1722s
 29652  9397 16404.2042   42  288 16424.6700 16193.2782  1.41%   197 1737s
H29682  8172                    16387.900000 16193.2782  1.19%   197 1737s
 29697  8177 16208.9136   41  263 16387.9000 16193.4124  1.19%   197 1749s
 29869  8229 16320.8762   40  229 16387.9000 16194.2848  1.18%   197 1761s
*29976  8138              67    16385.620000 16194.2848  1.17%   197 1762s
 30157  8220 16354.2905   44  222 16385.6200 16195.0937  1.16%   197 1775s
 30496  8249     cutoff   36      16385.6200 16196.0168  1.16%   196 1787s
 30743  8314 16230.9906   37  208 16385.6200 16196.8447  1.15%   196 1800s
 31042  8365 16322.2408   36  308 16385.6200 16197.9425  1.15%   196 1813s
 31297  8421 16339.4744   47  266 16385.6200 16198.8663  1.14%   196 1825s
 31572  8466     cutoff   37      16385.6200 16199.7122  1.13%   196 1838s
 31891  8526 16271.5626   42  171 16385.6200 16200.6235  1.13%   196 1850s
 32164  8565 16326.1017   37  371 16385.6200 16201.5632  1.12%   195 1862s
 32424  8584 16283.0623   41  142 16385.6200 16202.5672  1.12%   195 1873s
 32692  8650 16363.8267   43  229 16385.6200 16203.7245  1.11%   195 1885s
 32960  8686     cutoff   40      16385.6200 16204.8868  1.10%   195 1897s
 33244  8707 16343.7546   42  323 16385.6200 16205.9944  1.10%   195 1909s
 33396  8707 16333.6276   39  307 16385.6200 16206.9466  1.09%   195 1910s
 33547  8750 16258.4977   37  402 16385.6200 16206.9779  1.09%   195 1921s
 33793  8782 16368.0136   48  213 16385.6200 16208.0837  1.08%   194 1935s
 34094  8824 16339.5941   46  375 16385.6200 16209.0254  1.08%   194 1949s
 34346  8859 16243.3403   34  347 16385.6200 16209.9329  1.07%   194 1961s
 34598  8903     cutoff   46      16385.6200 16210.8771  1.07%   194 1974s
 34913  8940 16274.4209   48  190 16385.6200 16211.6919  1.06%   194 1985s
 35143  8977     cutoff   41      16385.6200 16212.6878  1.06%   194 1998s
 35442  9016     cutoff   47      16385.6200 16213.7830  1.05%   193 2011s
 35760  9036 16368.3843   36  293 16385.6200 16214.5730  1.04%   193 2024s
 36050  9087 16327.3162   36  369 16385.6200 16215.5316  1.04%   193 2036s
 36352  9094 16357.9531   44  217 16385.6200 16216.1395  1.03%   193 2092s
 36410  9122 16317.8807   47  283 16385.6200 16216.2767  1.03%   193 2114s
 36609  9172     cutoff   44      16385.6200 16216.9427  1.03%   193 2128s
 36901  9224     cutoff   49      16385.6200 16217.6566  1.03%   193 2141s
 37183  9277     cutoff   57      16385.6200 16219.0061  1.02%   193 2154s
 37520  9339 16364.7411   44  382 16385.6200 16219.8984  1.01%   192 2167s
 37835  9361     cutoff   44      16385.6200 16220.8558  1.01%   192 2179s
 38108  9380     cutoff   43      16385.6200 16221.7136  1.00%   192 2191s
 38376  9431 16273.6654   40  226 16385.6200 16222.9764  0.99%   192 2205s
 38647  9491 16248.6435   36  420 16385.6200 16223.9020  0.99%   192 2219s
 39005  9555     cutoff   48      16385.6200 16224.7421  0.98%   191 2234s
 39337  9576     cutoff   44      16385.6200 16225.3890  0.98%   191 2248s
 39630  9604 16363.9515   52  135 16385.6200 16226.1518  0.97%   191 2261s
 39926  9647 16310.8967   45  248 16385.6200 16226.7394  0.97%   191 2273s
 40221  9733     cutoff   41      16385.6200 16227.7951  0.96%   191 2287s
 40640  9761 16304.1623   37  384 16385.6200 16228.6925  0.96%   190 2300s
 40943  9820 16322.3801   38  249 16385.6200 16229.2426  0.95%   190 2312s
 41255  9878 16377.8553   38  368 16385.6200 16230.1747  0.95%   190 2324s
 41597  9910 16293.6307   37  175 16385.6200 16231.0564  0.94%   190 2337s
 41933  9959 16316.2736   47  165 16385.6200 16232.0937  0.94%   190 2350s
 42303  9975 16338.8856   49  177 16385.6200 16232.9447  0.93%   189 2363s
 42569  9988 16361.8929   41  246 16385.6200 16233.9833  0.93%   189 2376s
 42874 10014 16272.9968   42  319 16385.6200 16234.9585  0.92%   189 2390s
 43188 10073 16354.5688   41  261 16385.6200 16235.8448  0.91%   189 2403s
 43560 10101 16320.6547   43  125 16385.6200 16236.6235  0.91%   189 2417s
 43886 10166 16360.7063   44  236 16385.6200 16237.5020  0.90%   189 2432s
 44275 10193 infeasible   38      16385.6200 16238.1638  0.90%   188 2445s
 44558 10208     cutoff   39      16385.6200 16239.1170  0.89%   188 2457s
 44870 10232 16363.9715   48  181 16385.6200 16239.9164  0.89%   188 2471s
 45164 10255     cutoff   35      16385.6200 16240.7537  0.88%   188 2484s
 45502 10314 16342.6183   36  309 16385.6200 16241.4876  0.88%   188 2497s
 45878 10315     cutoff   38      16385.6200 16242.7567  0.87%   187 2510s
 46145 10329     cutoff   49      16385.6200 16243.6630  0.87%   187 2523s
 46416 10369     cutoff   43      16385.6200 16244.4072  0.86%   188 2536s
 46775 10415 16351.7172   40  274 16385.6200 16245.3072  0.86%   187 2550s
 47130 10465 16278.9895   57  151 16385.6200 16246.4202  0.85%   187 2564s
 47553 10458     cutoff   38      16385.6200 16247.3299  0.84%   187 2579s
 47882 10469 16288.3895   38  378 16385.6200 16248.0380  0.84%   187 2593s
 48249 10523     cutoff   40      16385.6200 16248.8614  0.83%   186 2607s
 48672 10550     cutoff   43      16385.6200 16249.7481  0.83%   186 2622s
 49036 10582 16326.7546   39  238 16385.6200 16250.4261  0.83%   186 2637s
 49452 10602 16353.6071   41  250 16385.6200 16251.3578  0.82%   186 2651s
 49830 10608 infeasible   43      16385.6200 16252.1044  0.81%   185 2666s
 50113 10628 16332.8464   36  307 16385.6200 16252.7600  0.81%   185 2680s
 50473 10656 16376.0923   37  337 16385.6200 16253.6242  0.81%   185 2694s
 50859 10666     cutoff   39      16385.6200 16254.6986  0.80%   185 2708s
*51077 10534              74    16383.060000 16255.7826  0.78%   185 2709s
 51255 10565     cutoff   44      16383.0600 16255.8330  0.78%   185 2723s
 51551 10561 16360.4019   43  512 16383.0600 16256.1851  0.77%   185 2738s
 51888 10607 16322.6993   40  228 16383.0600 16257.1505  0.77%   185 2753s
 52268 10616 16354.4466   47  323 16383.0600 16257.7151  0.77%   184 2768s
 52630 10601     cutoff   42      16383.0600 16258.4631  0.76%   184 2782s
 53013 10619 16350.0922   44  263 16383.0600 16259.3114  0.76%   184 2796s
 53432 10656     cutoff   40      16383.0600 16260.2858  0.75%   183 2810s
 53871 10673 infeasible   37      16383.0600 16261.1932  0.74%   183 2825s
 54296 10659 16366.1738   39  242 16383.0600 16262.2037  0.74%   183 2839s
 54654 10652     cutoff   58      16383.0600 16263.0813  0.73%   183 2853s
 55006 10688     cutoff   41      16383.0600 16263.8743  0.73%   182 2866s
 55361 10761     cutoff   38      16383.0600 16264.5861  0.72%   182 2880s
 55849 10738 16352.4681   47  157 16383.0600 16265.2211  0.72%   182 2895s
 56208 10742     cutoff   40      16383.0600 16266.0005  0.71%   181 2909s
 56424 10742 16331.7927   37  314 16383.0600 16266.8364  0.71%   181 2910s
 56611 10752 16322.1261   36  337 16383.0600 16266.8398  0.71%   181 2923s
 56999 10781 16319.6980   45  214 16383.0600 16267.4672  0.71%   181 2938s
 57397 10791     cutoff   47      16383.0600 16268.2095  0.70%   181 2952s
 57824 10820 16373.8780   40  161 16383.0600 16269.1719  0.70%   180 2966s
 58245 10834 16342.6498   51  232 16383.0600 16270.0176  0.69%   180 2980s
 58644 10830     cutoff   57      16383.0600 16270.8053  0.69%   180 2994s
 59075 10834 16289.3374   39  265 16383.0600 16271.7255  0.68%   179 3007s
 59488 10804     cutoff   40      16383.0600 16272.6474  0.67%   179 3021s
 59873 10818 16333.0916   41  205 16383.0600 16273.4715  0.67%   179 3032s
 60174 10820 16329.5163   51  188 16383.0600 16273.8376  0.67%   179 3043s
 60454 10838 16349.7292   34  454 16383.0600 16274.4221  0.66%   178 3057s
 60862 10813     cutoff   51      16383.0600 16274.9914  0.66%   178 3071s
 61037 10789 16379.8865   45  218 16383.0600 16275.3406  0.66%   178 3093s
 61748 10764 16311.2868   38  224 16383.0600 16276.6278  0.65%   178 3105s
 62081 10764 16304.9092   50  215 16383.0600 16277.3525  0.65%   178 3117s
 62460 10761     cutoff   40      16383.0600 16278.1850  0.64%   177 3127s
 62759 10774 16332.7163   40  372 16383.0600 16278.6176  0.64%   177 3138s
 63154 10766     cutoff   59      16383.0600 16279.2934  0.63%   177 3152s
 63586 10742     cutoff   44      16383.0600 16279.9795  0.63%   176 3165s
 64007 10737     cutoff   50      16383.0600 16280.7519  0.62%   176 3176s
 64185 10761 16377.6391   39  253 16383.0600 16281.0904  0.62%   176 3187s
 64617 10722     cutoff   42      16383.0600 16281.7334  0.62%   176 3200s
 64992 10708 16361.1718   49  310 16383.0600 16282.4937  0.61%   176 3212s
 65322 10693     cutoff   37      16383.0600 16283.1408  0.61%   175 3222s
 65629 10701     cutoff   45      16383.0600 16283.8377  0.61%   175 3233s
 66021 10696     cutoff   38      16383.0600 16284.2638  0.60%   175 3243s
 66354 10668 16340.5407   35  420 16383.0600 16285.2455  0.60%   175 3252s
 66631 10671 16369.0494   57  143 16383.0600 16285.9099  0.59%   174 3262s
 66927 10664     cutoff   54      16383.0600 16286.3332  0.59%   174 3272s
 67215 10637     cutoff   41      16383.0600 16286.6324  0.59%   174 3281s
 67519 10619     cutoff   42      16383.0600 16287.0467  0.59%   174 3291s
 67821 10609 16361.6477   41  354 16383.0600 16287.7407  0.58%   174 3301s
 68101 10571     cutoff   52      16383.0600 16288.1955  0.58%   174 3311s
 68446 10545 16354.7538   36  333 16383.0600 16288.9822  0.57%   173 3321s
 68795 10526     cutoff   42      16383.0600 16289.5196  0.57%   173 3330s
 69094 10505 16326.9758   51  152 16383.0600 16290.0752  0.57%   173 3340s
 69416 10478 16373.0995   37  313 16383.0600 16290.6041  0.56%   173 3350s
 69719 10483 16303.8256   42  294 16383.0600 16291.2295  0.56%   173 3359s
 70004 10483     cutoff   48      16383.0600 16291.6454  0.56%   172 3369s
 70329 10436     cutoff   47      16383.0600 16292.0565  0.56%   172 3378s
 70694 10416 16351.2828   61   44 16383.0600 16292.9766  0.55%   172 3388s
 71006 10383 16315.5187   40  275 16383.0600 16293.6155  0.55%   172 3397s
 71295 10348 16380.2309   37  436 16383.0600 16294.2974  0.54%   172 3406s
 71613 10279 16370.2706   45  307 16383.0600 16294.8014  0.54%   171 3415s
 71879 10249 16350.1571   35  441 16383.0600 16295.4401  0.53%   171 3425s
 72222 10216 16299.4311   54  146 16383.0600 16296.1309  0.53%   171 3434s
 72521 10213 16341.0627   35  246 16383.0600 16296.7152  0.53%   171 3444s
 72881 10187     cutoff   42      16383.0600 16297.3184  0.52%   171 3453s
 73194 10133     cutoff   43      16383.0600 16297.8041  0.52%   170 3462s
 73496 10101     cutoff   43      16383.0600 16298.5025  0.52%   170 3471s
 73818 10046 16374.9728   42  285 16383.0600 16299.1760  0.51%   170 3481s
 74145 10011     cutoff   41      16383.0600 16299.8641  0.51%   170 3490s
 74481  9943 16368.5417   49  348 16383.0600 16300.4836  0.50%   170 3499s
 74804  9917     cutoff   43      16383.0600 16301.3478  0.50%   169 3508s
 75080  9857     cutoff   40      16383.0600 16301.8372  0.50%   169 3517s
 75412  9801     cutoff   46      16383.0600 16302.5078  0.49%   169 3526s
 75696  9752     cutoff   41      16383.0600 16303.1841  0.49%   169 3535s
 76066  9701 16330.6102   49  277 16383.0600 16303.9346  0.48%   169 3545s
 76429  9668     cutoff   41      16383.0600 16304.4667  0.48%   168 3554s
 76753  9611 16345.1989   43  190 16383.0600 16305.0939  0.48%   168 3564s
 77080  9560 16380.3044   56  219 16383.0600 16305.7081  0.47%   168 3572s
 77376  9516     cutoff   42      16383.0600 16306.0805  0.47%   168 3581s
 77671  9478 16308.4567   42  176 16383.0600 16306.6328  0.47%   168 3591s
 77992  9412     cutoff   40      16383.0600 16307.3090  0.46%   168 3600s

Cutting planes:
  User: 2690
  Gomory: 41
  Cover: 332
  Implied bound: 202
  Clique: 11
  MIR: 178
  StrongCG: 1
  Flow cover: 444
  GUB cover: 1
  Zero half: 19
  Network: 5
  RLT: 224
  Relax-and-lift: 4
  Lazy constraints: 405

Explored 78273 nodes (13116645 simplex iterations) in 3600.33 seconds
Thread count was 2 (of 32 available processors)

Solution count 10: 16383.1 16385.6 16387.9 ... 16536.1

Time limit reached
Best objective 1.638306000000e+04, best bound 1.630804405454e+04, gap 0.4579%

User-callback calls 345176, time in user-callback 294.93 sec
================================================================================
executing instance: ./input/Instances/Original/6/absH6high_1n20.dat
--------------------------------------------------------------------------------
Instance details
n	21
H	6
C	1651
Li:
[0, 0, 0, 0, 0, 0, 0, 0, 0, 0, 0, 0, 0, 0, 0, 0, 0, 0, 0, 0, 0, ]
Ui:
[0, 36, 182, 182, 90, 261, 117, 30, 110, 42, 276, 153, 40, 94, 144, 46, 129, 213, 264, 160, 174, ]
Distance matrix:
|0	371	401	343	361	341	370	115	392	400	79	266	292	245	355	431	265	194	95	92	348	|
|371	0	37	141	110	250	117	438	67	131	372	305	115	238	247	255	235	296	392	430	185	|
|401	37	0	175	100	284	146	472	90	156	406	342	152	275	280	282	242	333	415	455	178	|
|343	141	175	0	239	110	38	374	95	60	314	182	67	130	106	127	318	201	397	423	303	|
|361	110	100	239	0	341	222	451	177	240	385	374	190	304	341	361	151	345	354	398	78	|
|341	250	284	110	341	0	143	337	203	151	289	102	152	97	15	95	394	156	415	431	398	|
|370	117	146	38	222	143	0	407	61	30	346	220	81	167	137	139	317	237	417	447	292	|
|115	438	472	374	451	337	407	0	443	434	66	241	339	251	351	431	374	181	201	177	450	|
|392	67	90	95	177	203	61	443	0	66	379	275	104	216	197	193	294	283	427	461	252	|
|400	131	156	60	240	151	30	434	66	0	374	237	112	189	142	127	344	261	448	477	312	|
|79	372	406	314	385	289	346	66	379	374	0	202	275	197	304	383	316	134	175	166	388	|
|266	305	342	182	374	102	220	241	275	237	202	0	191	70	117	196	386	73	352	359	415	|
|292	115	152	67	190	152	81	339	104	112	275	191	0	123	154	193	252	183	336	366	246	|
|245	238	275	130	304	97	167	251	216	189	197	70	123	0	110	187	322	72	319	334	346	|
|355	247	280	106	341	15	137	351	197	142	304	117	154	110	0	80	399	171	427	444	400	|
|431	255	282	127	361	95	139	431	193	127	383	196	193	187	80	0	444	251	499	519	429	|
|265	235	242	318	151	394	317	374	294	344	316	386	252	322	399	444	0	332	226	273	97	|
|194	296	333	201	345	156	237	181	283	261	134	73	183	72	171	251	332	0	279	286	375	|
|95	392	415	397	354	415	417	201	427	448	175	352	336	319	427	499	226	279	0	47	321	|
|92	430	455	423	398	431	447	177	461	477	166	359	366	334	444	519	273	286	47	0	368	|
|348	185	178	303	78	398	292	450	252	312	388	415	246	346	400	429	97	375	321	368	0	|

--------------------------------------------------------------------------------
Building model...
	using lazy and cut (CVRPSEP package)
Solving IRP LP...
--------------------------------------------------------------------------------

Gurobi 9.1.0 (linux64) logging started Tue Feb 16 03:23:50 2021

Gurobi Optimizer version 9.1.0 build v9.1.0rc0 (linux64)
Thread count: 32 physical cores, 32 logical processors, using up to 2 threads
Optimize a model with 1029 rows, 3159 columns and 8475 nonzeros
Model fingerprint: 0x416b60a9
Variable types: 387 continuous, 2772 integer (252 binary)
Coefficient statistics:
  Matrix range     [1e+00, 8e+02]
  Objective range  [1e-01, 5e+02]
  Bounds range     [1e+00, 3e+02]
  RHS range        [1e+00, 3e+03]
Presolve removed 228 rows and 82 columns
Presolve time: 0.07s
Presolved: 801 rows, 3077 columns, 7805 nonzeros
Variable types: 305 continuous, 2772 integer (2532 binary)

Root relaxation: objective 1.252368e+04, 1116 iterations, 0.03 seconds

    Nodes    |    Current Node    |     Objective Bounds      |     Work
 Expl Unexpl |  Obj  Depth IntInf | Incumbent    BestBd   Gap | It/Node Time

     0     0 12523.6776    0  165          - 12523.6776      -     -    0s
     0     0 12749.2557    0  210          - 12749.2557      -     -    0s
     0     0 12761.6529    0  184          - 12761.6529      -     -    0s
     0     0 12793.6600    0  165          - 12793.6600      -     -    0s
     0     0 12846.3178    0  191          - 12846.3178      -     -    0s
     0     0 12860.0291    0  193          - 12860.0291      -     -    0s
     0     0 12860.9895    0  197          - 12860.9895      -     -    0s
     0     0 12863.1370    0  215          - 12863.1370      -     -    0s
     0     0 12863.4186    0  216          - 12863.4186      -     -    0s
     0     0 12863.4186    0  217          - 12863.4186      -     -    0s
