




arguments: ./build/bc_mirp -f ./input/orig_exec_56.cfg
Current dir: /scratch/gui/bc_mirp
File verbosity level: 9
date       time         ( uptime  ) [ thread name/id ]                   file:line     v| 
2021-02-06 21:06:09.239 (   0.090s) [main thread     ]             loguru.cpp:789   INFO| Logging to './output/vi_vc+qua/OU/V2/Original/execution_06_02_2021_21_06_09.log', mode: 'a', verbosity: 9
--------------------------------------------------------------------------------
Parameters
                           instance_path           ./input/Instances/Original/2/
                            model_policy                                       1
                             nb_vehicles                                       2
                              output_dir      ./output/vi_vc+qua/OU/V2/Original/
                            sec_strategy                                       1
                       solver_nb_threads                                       2
                         solver_show_log                                    true
                       solver_time_limit                                    3600
                              use_vi_cos                                   false
                              use_vi_cus                                   false
                         use_vi_hc1_full                                   false
                         use_vi_hc1_half                                   false
                      use_vi_hc1_quarter                                   false
                              use_vi_hc2                                   false
                              use_vi_hc3                                   false
                         use_vi_lex_full                                   false
                         use_vi_lex_half                                   false
                      use_vi_lex_quarter                                   false
                              use_vi_qua                                    true
                               use_vi_vc                                    true
                               use_vi_vr                                   false
--------------------------------------------------------------------------------
executing instance: ./input/Instances/Original/2/absH3high_3n40.dat
--------------------------------------------------------------------------------
Instance details
n	41
H	3
C	3283
Li:
[0, 0, 0, 0, 0, 0, 0, 0, 0, 0, 0, 0, 0, 0, 0, 0, 0, 0, 0, 0, 0, 0, 0, 0, 0, 0, 0, 0, 0, 0, 0, 0, 0, 0, 0, 0, 0, 0, 0, 0, 0, ]
Ui:
[0, 63, 111, 99, 96, 111, 282, 122, 156, 261, 42, 192, 126, 42, 162, 207, 159, 122, 102, 190, 118, 102, 132, 102, 165, 252, 66, 52, 22, 114, 210, 176, 116, 294, 78, 152, 210, 45, 130, 198, 174, ]
Distance matrix:
|0	208	225	252	227	143	258	127	267	150	28	83	163	286	57	149	201	137	214	255	70	73	107	186	328	266	249	343	222	177	293	144	262	215	167	120	169	218	143	173	255	|
|208	0	397	355	416	198	216	99	211	275	193	172	97	166	240	225	362	109	277	314	182	216	273	374	298	208	319	161	14	103	93	120	58	196	152	156	372	227	260	218	453	|
|225	397	0	427	53	364	482	343	492	129	253	225	382	386	171	188	39	291	187	195	295	182	282	55	326	491	180	551	408	315	457	366	455	275	392	244	221	439	341	214	101	|
|252	355	427	0	401	158	201	263	219	396	234	328	259	498	299	400	420	354	465	506	205	324	152	374	574	219	499	393	366	389	446	235	378	456	205	359	224	150	111	423	400	|
|227	416	53	401	0	357	477	352	489	165	253	245	389	424	179	223	85	315	234	245	293	200	264	42	375	488	231	565	428	344	484	370	474	314	392	270	184	430	325	252	50	|
|143	198	364	158	357	0	121	105	134	290	116	196	103	342	200	276	343	205	343	385	74	210	112	319	432	133	382	265	209	237	290	78	226	313	57	220	232	75	69	292	375	|
|258	216	482	201	477	121	0	168	18	397	230	293	135	381	314	372	459	275	437	480	188	317	228	439	501	18	479	197	222	296	290	132	212	386	95	306	347	58	173	381	496	|
|127	99	343	263	352	105	168	0	171	239	105	130	40	237	173	206	313	109	270	312	84	164	175	310	337	169	313	216	112	135	192	37	142	220	77	138	280	155	162	213	382	|
|267	211	492	219	489	134	18	171	0	404	240	298	136	376	323	376	468	276	441	483	198	324	243	450	500	2	483	181	215	294	281	136	202	386	102	309	363	75	189	384	509	|
|150	275	129	396	165	290	397	239	404	0	175	110	279	259	97	59	91	166	84	116	217	80	245	130	226	402	106	434	286	187	329	269	333	149	302	119	244	364	291	87	213	|
|28	193	253	234	253	116	230	105	240	175	0	94	139	286	84	167	229	136	234	275	43	96	98	212	341	238	271	320	206	175	281	118	244	225	140	128	180	191	124	189	280	|
|83	172	225	328	245	196	293	130	298	110	94	0	169	209	77	80	191	71	147	189	127	45	189	203	247	296	187	327	184	106	241	162	230	132	198	38	242	266	217	96	285	|
|163	97	382	259	389	103	135	40	136	279	139	169	0	253	212	244	353	141	307	349	110	203	194	347	366	133	350	183	107	161	187	27	124	251	56	175	306	133	169	249	418	|
|286	166	386	498	424	342	381	237	376	259	286	209	253	0	284	201	347	151	210	230	299	247	383	387	155	374	242	290	162	112	129	270	192	113	308	172	451	386	391	172	471	|
|57	240	171	299	179	200	314	173	323	97	84	77	212	284	0	112	145	147	170	208	127	38	148	137	299	321	201	386	253	183	315	195	297	195	222	112	171	275	195	142	214	|
|149	225	188	400	223	276	372	206	376	59	167	80	244	201	112	0	149	117	67	110	205	78	254	186	187	374	108	387	235	132	272	240	283	93	277	71	279	346	291	32	270	|
|201	362	39	420	85	343	459	313	468	91	229	191	353	347	145	149	0	254	149	160	272	150	271	66	290	466	146	518	373	278	419	339	420	235	367	207	227	418	327	175	135	|
|137	109	291	354	315	205	275	109	276	166	136	71	141	151	147	117	254	0	172	212	151	116	232	273	229	274	215	270	119	39	170	145	167	111	186	47	305	263	245	113	356	|
|214	277	187	465	234	343	437	270	441	84	234	147	307	210	170	67	149	172	0	42	272	141	317	205	144	439	43	437	284	175	307	305	331	99	343	132	327	413	357	60	283	|
|255	314	195	506	245	385	480	312	483	116	275	189	349	230	208	110	160	212	42	0	314	182	356	222	132	481	15	474	321	212	337	347	367	126	385	174	358	455	398	100	295	|
|70	182	295	205	293	74	188	84	198	217	43	127	110	299	127	205	272	151	272	314	0	137	91	253	370	196	310	292	195	188	274	85	226	252	99	155	197	148	94	223	316	|
|73	216	182	324	200	210	317	164	324	80	96	45	203	247	38	78	150	116	141	182	137	0	176	158	263	323	176	369	229	150	286	191	274	157	223	77	208	284	216	106	239	|
|107	273	282	152	264	112	228	175	243	245	98	189	194	383	148	254	271	232	317	356	91	176	0	231	435	242	349	371	286	271	365	167	315	321	164	224	120	174	61	280	274	|
|186	374	55	374	42	319	439	310	450	130	212	203	347	387	137	186	66	273	205	222	253	158	231	0	348	448	208	523	386	303	442	329	431	279	352	229	167	392	291	217	85	|
|328	298	326	574	375	432	501	337	500	226	341	247	366	155	299	187	290	229	144	132	370	263	435	348	0	498	147	441	299	206	283	374	338	119	414	215	465	492	463	157	425	|
|266	208	491	219	488	133	18	169	2	402	238	296	133	374	321	374	466	274	439	481	196	323	242	448	498	0	481	180	213	292	278	134	200	384	100	307	362	75	188	381	508	|
|249	319	180	499	231	382	479	313	483	106	271	187	350	242	201	108	146	215	43	15	310	176	349	208	147	481	0	480	326	217	346	347	373	135	385	175	347	454	392	103	280	|
|343	161	551	393	565	265	197	216	181	434	320	327	183	290	386	387	518	270	437	474	292	369	371	523	441	180	480	0	153	263	163	207	107	352	208	317	487	244	334	379	598	|
|222	14	408	366	428	209	222	112	215	286	206	184	107	162	253	235	373	119	284	321	195	229	286	386	299	213	326	153	0	109	81	132	48	201	162	167	386	236	272	226	466	|
|177	103	315	389	344	237	296	135	294	187	175	106	161	112	183	132	278	39	175	212	188	150	271	303	206	292	217	263	109	0	142	171	156	95	211	74	344	289	281	118	386	|
|293	93	457	446	484	290	290	192	281	329	281	241	187	129	315	272	419	170	307	337	274	286	365	442	283	278	346	163	81	142	0	212	79	211	241	214	461	311	353	254	525	|
|144	120	366	235	370	78	132	37	136	269	118	162	27	270	195	240	339	145	305	347	85	191	167	329	374	134	347	207	132	171	212	0	151	257	40	174	280	119	142	248	398	|
|262	58	455	378	474	226	212	142	202	333	244	230	124	192	297	283	420	167	331	367	226	274	315	431	338	200	373	107	48	156	79	151	0	245	173	214	421	237	293	273	510	|
|215	196	275	456	314	313	386	220	386	149	225	132	251	113	195	93	235	111	99	126	252	157	321	279	119	384	135	352	201	95	211	257	245	0	297	97	365	374	345	62	362	|
|167	152	392	205	392	57	95	77	102	302	140	198	56	308	222	277	367	186	343	385	99	223	164	352	414	100	385	208	162	211	241	40	173	297	0	213	283	79	126	287	415	|
|120	156	244	359	270	220	306	138	309	119	128	38	175	172	112	71	207	47	132	174	155	77	224	229	215	307	175	317	167	74	214	174	214	97	213	0	280	286	248	75	313	|
|169	372	221	224	184	232	347	280	363	244	180	242	306	451	171	279	227	305	327	358	197	208	120	167	465	362	347	487	386	344	461	280	421	365	283	280	0	291	175	310	176	|
|218	227	439	150	430	75	58	155	75	364	191	266	133	386	275	346	418	263	413	455	148	284	174	392	492	75	454	244	236	289	311	119	237	374	79	286	291	0	116	359	445	|
|143	260	341	111	325	69	173	162	189	291	124	217	169	391	195	291	327	245	357	398	94	216	61	291	463	188	392	334	272	281	353	142	293	345	126	248	175	116	0	313	335	|
|173	218	214	423	252	292	381	213	384	87	189	96	249	172	142	32	175	113	60	100	223	106	280	217	157	381	103	379	226	118	254	248	273	62	287	75	310	359	313	0	300	|
|255	453	101	400	50	375	496	382	509	213	280	285	418	471	214	270	135	356	283	295	316	239	274	85	425	508	280	598	466	386	525	398	510	362	415	313	176	445	335	300	0	|

--------------------------------------------------------------------------------
Building model...
	using lazy and cut (CVRPSEP package)
Solving IRP LP...
--------------------------------------------------------------------------------

Gurobi 9.1.0 (linux64) logging started Sat Feb  6 21:06:09 2021

Gurobi Optimizer version 9.1.0 build v9.1.0rc0 (linux64)
Thread count: 32 physical cores, 32 logical processors, using up to 2 threads
Optimize a model with 1025 rows, 5570 columns and 13268 nonzeros
Model fingerprint: 0x136bb6f3
Variable types: 404 continuous, 5166 integer (246 binary)
Coefficient statistics:
  Matrix range     [1e+00, 2e+03]
  Objective range  [1e-01, 6e+02]
  Bounds range     [1e+00, 3e+02]
  RHS range        [1e+00, 6e+03]
Presolve removed 325 rows and 162 columns
Presolve time: 0.10s
Presolved: 700 rows, 5408 columns, 12301 nonzeros
Variable types: 242 continuous, 5166 integer (4926 binary)

Root relaxation: objective 1.221287e+04, 733 iterations, 0.01 seconds

    Nodes    |    Current Node    |     Objective Bounds      |     Work
 Expl Unexpl |  Obj  Depth IntInf | Incumbent    BestBd   Gap | It/Node Time

     0     0 12212.8670    0  103          - 12212.8670      -     -    0s
     0     0 12711.9271    0  102          - 12711.9271      -     -    0s
     0     0 12711.9271    0  102          - 12711.9271      -     -    0s
     0     0 13246.6434    0  179          - 13246.6434      -     -    0s
     0     0 13435.4665    0  189          - 13435.4665      -     -    0s
     0     0 13563.8827    0  206          - 13563.8827      -     -    0s
     0     0 13568.2715    0  187          - 13568.2715      -     -    0s
     0     0 13589.8747    0  201          - 13589.8747      -     -    0s
     0     0 13624.1502    0  204          - 13624.1502      -     -    0s
     0     0 13627.7135    0  208          - 13627.7135      -     -    0s
     0     0 13632.5775    0  218          - 13632.5775      -     -    0s
     0     0 13639.1473    0  218          - 13639.1473      -     -    0s
     0     0 13642.4399    0  215          - 13642.4399      -     -    0s
     0     0 13647.4370    0  234          - 13647.4370      -     -    0s
     0     0 13649.3335    0  226          - 13649.3335      -     -    0s
     0     0 13649.4549    0  234          - 13649.4549      -     -    0s
     0     0 13700.3886    0  240          - 13700.3886      -     -    0s
     0     0 13704.7649    0  251          - 13704.7649      -     -    0s
     0     0 13705.2340    0  272          - 13705.2340      -     -    0s
     0     0 13718.9985    0  233          - 13718.9985      -     -    1s
     0     0 13718.9985    0  211          - 13718.9985      -     -    1s
     0     2 13729.7852    0  184          - 13729.7852      -     -    1s
   234   248 14755.2227   88  116          - 13747.6178      -  95.6    5s
   716   676 13885.0579   10  239          - 13758.8433      -  56.5   10s
   750   699 16416.1300  157  344          - 13834.3320      -  55.8   15s
   759   705 13917.2542   18  340          - 13837.8003      -  55.1   21s
   784   726 13950.4951   17  258          - 13888.2643      -  71.9   25s
   984   894 14930.4100   76    6          - 13888.2643      -  80.5   30s
* 1157   939             123    15637.370000 13888.2643  11.2%  73.0   33s
* 1194   834             105    15115.560000 13888.4063  8.12%  72.6   34s
  1216   824 13918.1067   14  227 15115.5600 13888.4063  8.12%  72.8   35s
  1268   860 14173.0490   27  107 15115.5600 13888.4063  8.12%  85.1   40s
  1345   920 14323.9178   44   67 15115.5600 13888.4063  8.12%  89.2   45s
  1450  1008 14434.5570   69   23 15115.5600 13888.4063  8.12%  92.5   50s
  1663  1104 14746.7486  116   31 15115.5600 13888.4063  8.12%  90.3   55s
  1800  1138 14112.1121   21  182 15115.5600 13943.8660  7.75%  92.0   60s
  1897  1207 14294.0083   35   79 15115.5600 13943.8660  7.75%  97.0   65s
  1954  1245 14384.7014   39   77 15115.5600 13943.8660  7.75%  98.5   70s
  2152  1410 14767.9780  115   39 15115.5600 13944.5242  7.75%  96.4   75s
  2362  1473 14345.5251   47   62 15115.5600 13944.5242  7.75%  92.8   80s
  2575  1600 14076.1948   20  241 15115.5600 13951.5484  7.70%  90.2   85s
  2738  1721 14479.3728   57   31 15115.5600 13955.3354  7.68%  91.0   91s
  2866  1799 14214.1548   18  392 15115.5600 13957.3533  7.66%  91.4   95s
  3028  1945 14329.3455   28  177 15115.5600 13962.4334  7.63%  91.9  101s
  3180  2014 14163.1534   19  145 15115.5600 13970.3153  7.58%  91.9  105s
  3257  2113 14406.5989   42   75 15115.5600 13974.6365  7.55%  94.2  110s
  3385  2270 14468.0093   34  202 15115.5600 13974.7505  7.55%  96.0  116s
  3578  2376 14239.1631   35  162 15115.5600 13975.2349  7.54%  95.3  121s
  3688  2435 14093.8307   19  267 15115.5600 13976.8813  7.53%  97.9  127s
  3737  2521 14670.6766   30  148 15115.5600 13976.8813  7.53%   100  132s
  3824  2572     cutoff   48      15115.5600 13979.9395  7.51%   102  136s
  3980  2663     cutoff   75      15115.5600 13981.1639  7.50%   103  142s
  4012  2761 14337.7404   29  242 15115.5600 13981.5989  7.50%   104  146s
  4146  2820 14746.5471   52   42 15115.5600 13981.7198  7.50%   104  150s
H 4213  2824                    15107.610000 13981.7198  7.45%   104  150s
  4329  2988     cutoff   77      15107.6100 13983.1864  7.44%   105  158s
  4426  3052 14519.8866   42  127 15107.6100 13983.8958  7.44%   105  161s
  4509  3073 14109.4400   18  267 15107.6100 13986.5993  7.42%   106  166s
  4593  3233 14768.4257   41   50 15107.6100 13989.3442  7.40%   108  174s
  4718  3335 14174.1712   16  202 15107.6100 13989.4900  7.40%   109  178s
  4840  3408     cutoff   80      15107.6100 13991.0661  7.39%   109  183s
  4932  3520 14466.3418   31  174 15107.6100 13991.8117  7.39%   110  188s
  5071  3693 14619.5089   56   54 15107.6100 13996.6894  7.35%   111  194s
  5280  3856 14133.4837   23  141 15107.6100 14000.1941  7.33%   110  199s
  5379  3856 14792.0730  122    9 15107.6100 14000.1941  7.33%   109  200s
  5521  3973 14621.2378   94   31 15107.6100 14002.9793  7.31%   109  205s
  5583  4081     cutoff  134      15107.6100 14004.4816  7.30%   109  210s
H 5681  2624                    14713.150000 14006.3931  4.80%   109  210s
H 5722  2008                    14564.150000 14006.3931  3.83%   110  215s
  5809  2100 14437.9081   55   45 14564.1500 14007.4351  3.82%   111  221s
  5951  2172 14519.1438   49   85 14564.1500 14007.5433  3.82%   112  227s
H 5997  1742                    14477.610000 14007.5898  3.25%   113  227s
  6052  1827 14452.3760   49  123 14477.6100 14010.9810  3.22%   113  233s
  6193  1891 14265.5487   18  287 14477.6100 14014.7217  3.20%   114  238s
  6301  1974 14285.4771   19  244 14477.6100 14021.1933  3.15%   116  244s
  6428  2035 14329.5826   33   79 14477.6100 14024.8640  3.13%   117  250s
  6521  2076     cutoff   38      14477.6100 14027.3157  3.11%   118  256s
H 6585  2046                    14472.320000 14027.3157  3.07%   119  256s
  6634  2101 14425.5561   34   93 14472.3200 14028.7623  3.06%   119  262s
H 6678  1484                    14387.500000 14028.7623  2.49%   120  262s
  6730  1513 14204.8088   25  254 14387.5000 14032.2317  2.47%   121  268s
H 6811  1390                    14353.800000 14034.4075  2.23%   122  275s
  6916  1416     cutoff   36      14353.8000 14035.5984  2.22%   124  282s
  6985  1464 14314.0046   25  251 14353.8000 14038.0807  2.20%   125  287s
  7083  1492     cutoff   38      14353.8000 14038.6302  2.20%   126  293s
  7226  1535     cutoff   41      14353.8000 14039.3941  2.19%   127  300s
  7326  1577 14184.4911   17  241 14353.8000 14040.8477  2.18%   129  307s
  7419  1607     cutoff   27      14353.8000 14042.4911  2.17%   131  316s
  7497  1677 14239.7532   24  196 14353.8000 14044.7540  2.15%   133  324s
  7599  1742 14253.8403   28  156 14353.8000 14049.3374  2.12%   135  331s
  7721  1825     cutoff   42      14353.8000 14052.4479  2.10%   137  338s
  7888  1913     cutoff   29      14353.8000 14055.6078  2.08%   137  346s
  8059  1970 14309.5988   23  215 14353.8000 14058.0696  2.06%   138  354s
  8190  2007 14331.5873   20  176 14353.8000 14061.1348  2.04%   139  361s
  8346  2064 14252.3759   22  286 14353.8000 14063.4615  2.02%   141  369s
  8473  2123 14251.1517   26  231 14353.8000 14065.5875  2.01%   142  377s
  8627  2205 14320.6910   28  148 14353.8000 14068.4926  1.99%   144  384s
  8671  2205 14295.1903   34   96 14353.8000 14068.4926  1.99%   144  385s
  8779  2280 14272.3194   42  145 14353.8000 14068.9980  1.98%   145  392s
  8927  2332 14323.9977   33  159 14353.8000 14070.6665  1.97%   146  400s
  9060  2373 14300.4543   25   64 14353.8000 14075.2996  1.94%   147  408s
  9205  2435 14219.8702   25  160 14353.8000 14076.6298  1.93%   148  416s
  9357  2530 14223.9646   22  274 14353.8000 14078.0181  1.92%   150  425s
  9520  2579 14188.0297   26  210 14353.8000 14079.4566  1.91%   150  438s
  9642  2655 14302.3479   26  125 14353.8000 14081.7073  1.90%   152  446s
  9811  2707 14263.7826   25  211 14353.8000 14082.6760  1.89%   153  454s
  9912  2707 14333.6078   32   41 14353.8000 14084.8836  1.87%   153  455s
  9951  2741 14309.9784   23  193 14353.8000 14085.2893  1.87%   154  463s
 10071  2819 14172.2376   28  163 14353.8000 14087.5556  1.85%   155  472s
 10257  2887 14194.6326   23  218 14353.8000 14090.6623  1.83%   156  480s
 10412  2988 14333.1887   21  206 14353.8000 14092.4496  1.82%   157  490s
 10603  3049     cutoff   27      14353.8000 14094.1553  1.81%   157  498s
 10755  3087 14270.1769   29  196 14353.8000 14095.9339  1.80%   158  507s
 10939  3150     cutoff   25      14353.8000 14097.4172  1.79%   159  515s
 11114  3191     cutoff   27      14353.8000 14098.5179  1.78%   159  524s
 11253  3253 14281.6404   21  208 14353.8000 14100.3313  1.77%   160  532s
 11419  3278 14323.5840   29  184 14353.8000 14101.7534  1.76%   160  542s
 11474  3369 14352.2655   26   48 14353.8000 14101.9262  1.75%   161  550s
 11667  3419 14180.6166   25  231 14353.8000 14102.4623  1.75%   161  559s
 11788  3419 14259.1581   43   69 14353.8000 14103.6560  1.74%   162  560s
 11822  3481 14338.7606   23  276 14353.8000 14104.0747  1.74%   162  569s
 11999  3543     cutoff   27      14353.8000 14106.1924  1.73%   163  577s
 12154  3595 14200.1692   21  258 14353.8000 14107.5579  1.72%   164  586s
 12323  3654 14206.9443   24  254 14353.8000 14109.7287  1.70%   164  596s
 12499  3695 14328.6229   19  262 14353.8000 14110.6594  1.69%   165  605s
 12664  3746 14137.5615   17  245 14353.8000 14112.1164  1.68%   166  614s
 12795  3788 14300.5255   32   74 14353.8000 14112.9797  1.68%   167  622s
 12955  3851 14275.0161   19  271 14353.8000 14114.9085  1.66%   167  631s
 13136  3921 14249.5546   33   80 14353.8000 14116.1160  1.66%   168  640s
 13309  4000 14199.8761   30  233 14353.8000 14117.6157  1.65%   169  649s
 13381  4000 14311.0743   35  107 14353.8000 14117.6157  1.65%   169  650s
 13527  4063 14348.0008   47   77 14353.8000 14118.9700  1.64%   169  659s
 13740  4128 14153.4410   21  267 14353.8000 14119.9145  1.63%   170  669s
 13875  4207 14307.8590   28  189 14353.8000 14120.9963  1.62%   171  678s
 14084  4254 14298.0253   26  175 14353.8000 14122.3678  1.61%   171  688s
 14247  4297 14180.2902   22  269 14353.8000 14122.9925  1.61%   172  697s
 14408  4392 14245.0110   26  275 14353.8000 14124.7085  1.60%   173  707s
 14648  4443 14306.2253   29  237 14353.8000 14125.3124  1.59%   173  717s
 14843  4498 14273.5642   27  217 14353.8000 14126.9159  1.58%   173  726s
 15004  4561     cutoff   28      14353.8000 14127.7011  1.58%   174  735s
 15200  4653     cutoff   29      14353.8000 14129.3670  1.56%   174  745s
 15414  4744 14317.8721   29  267 14353.8000 14130.5229  1.56%   175  757s
 15620  4797 14156.2498   26  247 14353.8000 14131.7613  1.55%   175  767s
 15797  4899 14223.2584   26  170 14353.8000 14132.1582  1.54%   176  777s
 16044  4991     cutoff   36      14353.8000 14132.9911  1.54%   176  788s
 16278  5051 14339.9486   33  216 14353.8000 14133.8825  1.53%   176  798s
 16501  5110 14243.0168   23  266 14353.8000 14134.7542  1.53%   176  808s
 16701  5145 14341.4725   34  176 14353.8000 14136.0740  1.52%   176  818s
 16840  5179 14210.3919   27  298 14353.8000 14137.2793  1.51%   177  826s
 16996  5250 14260.0596   23  245 14353.8000 14138.1336  1.50%   178  836s
 17203  5311 14329.0280   25  239 14353.8000 14139.1013  1.50%   178  846s
 17412  5403     cutoff   35      14353.8000 14139.7682  1.49%   179  856s
 17628  5432 14329.0997   20  255 14353.8000 14140.9659  1.48%   179  866s
 17837  5492 14236.3881   35  159 14353.8000 14141.6993  1.48%   179  876s
 18051  5586 14281.2141   29   68 14353.8000 14142.2410  1.47%   179  886s
 18276  5688 14189.4171   23  212 14353.8000 14143.4455  1.47%   180  897s
 18514  5776 14248.8981   25  144 14353.8000 14144.2881  1.46%   180  907s
 18747  5846     cutoff   26      14353.8000 14145.4627  1.45%   180  918s
 18991  5959 14268.2497   23  109 14353.8000 14146.2748  1.45%   180  928s
 19256  6043 14329.5343   27  182 14353.8000 14147.1879  1.44%   180  940s
 19534  6074 14314.1289   25  197 14353.8000 14147.8878  1.43%   179  952s
H19572  6074                    14353.799990 14147.8878  1.43%   179  952s
 19609  6124 14270.1346   26  101 14353.8000 14148.5553  1.43%   179 1011s
 19763  6170 14346.4282   17  272 14353.8000 14148.8910  1.43%   179 1022s
 19967  6210 14312.5009   28  201 14353.8000 14149.9046  1.42%   180 1032s
 20178  6286 14233.8395   25  178 14353.8000 14150.8777  1.41%   180 1042s
 20400  6342 14223.9649   28  220 14353.8000 14151.6021  1.41%   180 1053s
 20639  6343 14276.2449   23  291 14353.8000 14152.3627  1.40%   180 1055s
 20641  6444     cutoff   29      14353.8000 14152.3673  1.40%   180 1065s
 20879  6506 14329.1016   25  235 14353.8000 14153.1329  1.40%   180 1075s
 21099  6589 14342.3575   26  134 14353.8000 14153.8250  1.39%   181 1087s
 21322  6635 14189.0361   21  151 14353.8000 14155.0600  1.38%   181 1098s
 21487  6700 14280.1662   30  196 14353.8000 14155.7104  1.38%   181 1107s
 21731  6785 14208.7811   28  207 14353.8000 14156.5677  1.37%   181 1118s
 22006  6863 14267.5233   22  183 14353.8000 14157.3982  1.37%   181 1129s
 22217  6917 14192.9872   24  158 14353.8000 14158.0097  1.36%   181 1139s
 22429  6994 14332.4108   26  258 14353.8000 14158.9079  1.36%   182 1149s
 22502  6994 14298.1312   21   68 14353.8000 14158.9079  1.36%   182 1150s
 22663  7118 14341.1348   22   82 14353.8000 14159.4743  1.35%   182 1159s
 22762  7118 14273.9085   46   35 14353.8000 14159.4743  1.35%   182 1160s
 22936  7225     cutoff   31      14353.8000 14160.3063  1.35%   181 1170s
 23209  7285 14270.6661   30  216 14353.8000 14161.0302  1.34%   181 1181s
 23419  7342 14331.2853   32  171 14353.8000 14162.0043  1.34%   182 1191s
 23624  7402     cutoff   36      14353.8000 14162.4783  1.33%   182 1201s
 23835  7458 14219.7341   18  164 14353.8000 14163.1940  1.33%   182 1214s
 24029  7569     cutoff   31      14353.8000 14163.5581  1.33%   182 1225s
 24321  7587 14317.1342   21  178 14353.8000 14164.2036  1.32%   182 1236s
 24496  7658 14216.6806   21  288 14353.8000 14164.6406  1.32%   183 1247s
 24764  7731 14308.6582   20  190 14353.8000 14165.5820  1.31%   183 1260s
 24996  7828     cutoff   32      14353.8000 14166.1992  1.31%   183 1270s
 25235  7877     cutoff   26      14353.8000 14166.4407  1.31%   183 1281s
 25442  8001     cutoff   27      14353.8000 14167.1301  1.30%   183 1292s
 25735  8072 14254.2542   25  217 14353.8000 14168.1226  1.29%   183 1302s
 25970  8162 14268.7662   30  211 14353.8000 14168.6788  1.29%   183 1313s
 26237  8265 14216.1789   28  221 14353.8000 14169.3564  1.28%   183 1323s
 26481  8337     cutoff   29      14353.8000 14170.0327  1.28%   183 1334s
 26653  8337 14304.6211   26  165 14353.8000 14170.3512  1.28%   183 1335s
 26678  8405 14350.9624   34   36 14353.8000 14170.3922  1.28%   183 1344s
 26761  8405 14251.7411   38  108 14353.8000 14170.3922  1.28%   183 1345s
 26947  8448 14313.4695   34   44 14353.8000 14171.1906  1.27%   183 1355s
 27215  8505 14206.3180   18  193 14353.8000 14171.7914  1.27%   183 1365s
 27440  8589 14256.0409   26  146 14353.8000 14172.2559  1.26%   183 1376s
 27661  8725 14250.5642   29  150 14353.8000 14173.0466  1.26%   183 1387s
 28012  8786 14258.6934   28  214 14353.8000 14173.9406  1.25%   183 1403s
 28211  8841     cutoff   31      14353.8000 14174.2433  1.25%   183 1423s
 28459  8902 14327.7781   26  135 14353.8000 14174.6430  1.25%   183 1433s
 28691  8936     cutoff   42      14353.8000 14175.3434  1.24%   183 1443s
 28881  9024 infeasible   26      14353.8000 14176.0747  1.24%   184 1455s
 29146  9115 14316.7052   29  141 14353.8000 14176.7484  1.23%   184 1467s
 29445  9153     cutoff   29      14353.8000 14177.2990  1.23%   184 1479s
 29620  9153 14344.1276   27   62 14353.8000 14177.7976  1.23%   184 1480s
 29715  9225     cutoff   22      14353.8000 14177.8087  1.23%   184 1490s
 30010  9304 14316.3316   47   55 14353.8000 14178.2943  1.22%   183 1501s
 30272  9369 14307.3211   21  245 14353.8000 14178.8029  1.22%   183 1512s
 30536  9434 14301.4955   28  170 14353.8000 14179.6013  1.21%   183 1523s
 30752  9537 14253.1477   29  129 14353.8000 14179.9425  1.21%   184 1534s
 31056  9644 14333.6277   37   68 14353.8000 14180.7544  1.21%   183 1545s
 31349  9717     cutoff   41      14353.8000 14181.2081  1.20%   183 1557s
 31594  9771 14336.2184   21  260 14353.8000 14181.8415  1.20%   183 1567s
 31857  9831 14227.7692   20  333 14353.8000 14182.6913  1.19%   183 1578s
 32083  9874 14338.5558   31  119 14353.8000 14183.2587  1.19%   183 1590s
 32324  9935 14246.2964   21  105 14353.8000 14183.9915  1.18%   183 1603s
 32530 10024 14346.2686   21  170 14353.8000 14184.9527  1.18%   183 1615s
 32827 10092 infeasible   33      14353.8000 14185.5962  1.17%   183 1627s
 33072 10141 14272.2752   32  243 14353.8000 14186.1191  1.17%   183 1639s
 33307 10238 14256.0671   20  285 14353.8000 14186.5702  1.17%   183 1649s
 33432 10238 14264.0065   27  143 14353.8000 14186.5702  1.17%   183 1650s
 33606 10275 14269.9286   21  157 14353.8000 14187.1744  1.16%   183 1660s
 33849 10310 14345.6046   20  227 14353.8000 14187.6580  1.16%   183 1671s
 34058 10378 14322.2996   27  231 14353.8000 14188.0037  1.16%   184 1682s
 34351 10411 14270.6058   23  227 14353.8000 14188.3684  1.15%   183 1692s
 34577 10488     cutoff   26      14353.8000 14189.1058  1.15%   184 1703s
 34855 10553 14288.4263   29  266 14353.8000 14189.5981  1.14%   184 1715s
 35098 10623 14335.9398   27  100 14353.8000 14190.0740  1.14%   184 1725s
 35347 10733 14327.7309   28  137 14353.8000 14190.3429  1.14%   184 1737s
 35653 10767 14322.9960   38  111 14353.8000 14190.6878  1.14%   184 1748s
 35862 10827     cutoff   31      14353.8000 14191.3068  1.13%   184 1759s
 35975 10827 14295.7568   25  189 14353.8000 14191.8365  1.13%   184 1761s
 36138 10855 14251.2734   35   86 14353.8000 14191.9044  1.13%   184 1772s
 36341 10948 14337.4129   31  124 14353.8000 14192.3076  1.13%   184 1783s
 36634 11024 14331.9989   29  199 14353.8000 14192.7525  1.12%   184 1796s
 36916 11130 14345.3092   30  239 14353.8000 14192.9809  1.12%   183 1808s
 37226 11175 14287.7620   32  184 14353.8000 14193.4219  1.12%   183 1820s
 37448 11200     cutoff   30      14353.8000 14193.8665  1.11%   183 1830s
 37679 11249 14336.2201   30  112 14353.8000 14194.0203  1.11%   183 1841s
 37950 11290     cutoff   52      14353.8000 14194.4317  1.11%   183 1852s
 38174 11402     cutoff   29      14353.8000 14195.1074  1.11%   184 1864s
 38308 11402 14286.4020   29  230 14353.8000 14195.1074  1.11%   183 1865s
 38457 11464 14332.5108   33  164 14353.8000 14195.5109  1.10%   183 1875s
 38733 11545     cutoff   27      14353.8000 14196.2160  1.10%   183 1887s
 39039 11577 14249.1373   26  140 14353.8000 14196.8306  1.09%   183 1900s
 39264 11637 14313.1946   27  280 14353.8000 14197.0662  1.09%   184 1962s
 39481 11671 14322.9993   23  188 14353.8000 14197.1754  1.09%   183 1973s
 39710 11767     cutoff   21      14353.8000 14197.7105  1.09%   184 1985s
 40017 11842 14270.4883   27  171 14353.8000 14198.0766  1.08%   183 1996s
 40301 11892 14297.5765   29  175 14353.8000 14198.5885  1.08%   183 2008s
 40584 11950     cutoff   47      14353.8000 14198.9833  1.08%   183 2019s
 40699 11950 14341.6458   40    8 14353.8000 14198.9833  1.08%   183 2020s
 40870 12050     cutoff   37      14353.8000 14199.6117  1.07%   183 2032s
 41226 12118 14255.5285   24  211 14353.8000 14199.8741  1.07%   183 2044s
 41341 12118 14319.3419   34  111 14353.8000 14200.1778  1.07%   183 2045s
 41531 12178 14298.7675   30  120 14353.8000 14200.2810  1.07%   183 2056s
 41804 12202     cutoff   36      14353.8000 14200.8215  1.07%   183 2068s
 42004 12272 14311.0463   26  246 14353.8000 14201.0005  1.06%   183 2079s
 42282 12368     cutoff   38      14353.8000 14201.7326  1.06%   183 2091s
 42585 12422 14291.3786   29   81 14353.8000 14202.0805  1.06%   183 2103s
 42861 12461 14260.7389   30  158 14353.8000 14202.5357  1.05%   183 2117s
 43105 12511     cutoff   43      14353.8000 14202.9600  1.05%   183 2128s
 43399 12643     cutoff   36      14353.8000 14203.4431  1.05%   183 2141s
 43730 12713 14312.2909   31    4 14353.8000 14204.0245  1.04%   183 2154s
 43828 12714 14335.0858   35   80 14353.8000 14204.0245  1.04%   183 2155s
 44023 12808     cutoff   33      14353.8000 14204.3832  1.04%   183 2168s
 44346 12845     cutoff   20      14353.8000 14204.8364  1.04%   183 2180s
 44604 12860 infeasible   25      14353.8000 14205.2374  1.04%   183 2192s
 44827 12930     cutoff   32      14353.8000 14205.6924  1.03%   183 2206s
 45142 13004     cutoff   38      14353.8000 14206.0678  1.03%   183 2219s
 45353 13004 14316.4408   32   47 14353.8000 14206.5214  1.03%   183 2220s
 45436 13072 14349.5304   28  266 14353.8000 14206.5568  1.03%   183 2232s
 45712 13098 14319.4493   29  136 14353.8000 14206.8922  1.02%   183 2243s
 45963 13175     cutoff   31      14353.8000 14207.2681  1.02%   183 2255s
 46284 13285 14314.2691   36  182 14353.8000 14207.9703  1.02%   182 2268s
 46681 13342 14269.6117   29  127 14353.8000 14208.3800  1.01%   182 2281s
 46958 13402     cutoff   29      14353.8000 14208.6371  1.01%   182 2293s
 47252 13436 14320.2041   32  168 14353.8000 14209.0319  1.01%   182 2306s
 47532 13524 14229.4471   31  197 14353.8000 14209.3462  1.01%   182 2318s
 47851 13589     cutoff   22      14353.8000 14209.7239  1.00%   182 2330s
 48129 13624 14326.6404   31  233 14353.8000 14210.1606  1.00%   182 2342s
 48365 13675 14304.2311   33  132 14353.8000 14210.5326  1.00%   182 2354s
 48573 13675 14351.1313   43   16 14353.8000 14210.8933  1.00%   182 2355s
 48634 13766 14342.5749   42   49 14353.8000 14210.8971  1.00%   182 2371s
 48998 13787     cutoff   38      14353.8000 14211.2589  0.99%   182 2384s
 49239 13829 14346.5380   31  150 14353.8000 14211.6257  0.99%   182 2396s
 49554 13865 14336.0712   23  169 14353.8000 14212.0025  0.99%   181 2411s
 49726 13930 14284.9518   23  231 14353.8000 14212.1683  0.99%   181 2423s
 49990 13997 14324.6627   31  192 14353.8000 14212.5520  0.98%   181 2435s
 50260 14053 14276.2486   17  278 14353.8000 14212.9402  0.98%   182 2447s
 50506 14111     cutoff   38      14353.8000 14213.2998  0.98%   182 2459s
 50730 14111 14271.3028   36   72 14353.8000 14213.7763  0.98%   182 2460s
 50822 14120     cutoff   24      14353.8000 14213.8046  0.98%   181 2470s
 51025 14186 14276.4806   20  201 14353.8000 14214.1793  0.97%   182 2483s
 51352 14245     cutoff   28      14353.8000 14214.4383  0.97%   182 2496s
 51635 14296 14327.4912   35  133 14353.8000 14214.9572  0.97%   182 2508s
 51907 14346 14299.0834   35  131 14353.8000 14215.3362  0.96%   182 2521s
 52155 14450 14283.8191   30  230 14353.8000 14215.6531  0.96%   182 2534s
 52514 14477     cutoff   52      14353.8000 14215.9476  0.96%   181 2546s
 52729 14510 14343.0993   49   20 14353.8000 14216.2300  0.96%   182 2558s
 52972 14585     cutoff   28      14353.8000 14216.7722  0.95%   182 2570s
*53189 14367              52    14343.620000 14217.0641  0.88%   182 2571s
 53300 14411     cutoff   48      14343.6200 14217.0727  0.88%   182 2583s
 53555 14447 14254.3871   24  129 14343.6200 14217.5665  0.88%   182 2596s
 53841 14462 14272.0015   31  195 14343.6200 14217.8128  0.88%   181 2608s
 54071 14502     cutoff   37      14343.6200 14218.1449  0.87%   182 2620s
 54383 14529 14320.4295   29  112 14343.6200 14218.6395  0.87%   181 2633s
 54677 14543 14309.1401   27  285 14343.6200 14219.1304  0.87%   181 2646s
 54906 14559     cutoff   26      14343.6200 14219.5296  0.87%   181 2657s
 55131 14593 14275.5667   27  233 14343.6200 14219.9381  0.86%   182 2670s
 55428 14625     cutoff   27      14343.6200 14220.4191  0.86%   182 2682s
 55652 14630     cutoff   32      14343.6200 14220.6685  0.86%   182 2694s
 55773 14630 14298.0572   30   91 14343.6200 14221.1735  0.85%   182 2695s
 55923 14634     cutoff   35      14343.6200 14221.2009  0.85%   182 2707s
 56025 14634 14329.2878   45   46 14343.6200 14221.2009  0.85%   182 2710s
 56154 14647 14276.8358   32  132 14343.6200 14221.5366  0.85%   182 2721s
H56279 14573                    14341.620000 14221.5366  0.84%   182 2722s
 56375 14593 14329.4260   31   88 14341.6200 14221.8920  0.83%   182 2734s
 56637 14606 14267.5566   37   71 14341.6200 14222.4510  0.83%   182 2746s
 56893 14652 14300.3454   25  119 14341.6200 14222.7587  0.83%   182 2759s
 57205 14672 14284.5571   37  111 14341.6200 14223.2770  0.83%   182 2771s
 57492 14712 infeasible   38      14341.6200 14223.6910  0.82%   182 2784s
 57759 14739     cutoff   25      14341.6200 14224.0387  0.82%   182 2801s
 58021 14759     cutoff   28      14341.6200 14224.4024  0.82%   182 2813s
 58315 14777 14267.5961   25  192 14341.6200 14224.7814  0.81%   182 2826s
 58563 14777     cutoff   38      14341.6200 14225.3176  0.81%   182 2841s
 58794 14777     cutoff   32      14341.6200 14225.8261  0.81%   182 2853s
 59017 14801 14319.6503   31  158 14341.6200 14226.2392  0.80%   182 2866s
 59302 14820 14332.6105   40   55 14341.6200 14226.5396  0.80%   182 2878s
 59563 14829     cutoff   32      14341.6200 14227.0322  0.80%   182 2890s
 59819 14851 14321.1714   27  207 14341.6200 14227.4190  0.80%   182 2902s
 60063 14883     cutoff   25      14341.6200 14227.8310  0.79%   182 2917s
 60354 14873 14299.9372   25  177 14341.6200 14228.1238  0.79%   182 2931s
 60584 14894 14314.7559   33  160 14341.6200 14228.4501  0.79%   182 2943s
 60819 14906 14304.2417   27  284 14341.6200 14228.7972  0.79%   182 2956s
 61065 14894     cutoff   30      14341.6200 14229.1371  0.78%   182 2969s
 61321 14897 14280.3595   36  100 14341.6200 14229.6489  0.78%   182 2986s
 61574 14892 14303.1153   22  233 14341.6200 14229.9921  0.78%   182 2999s
 61639 14912 14341.0297   40   76 14341.6200 14230.1511  0.78%   183 3011s
 61863 14933 14321.2024   26  200 14341.6200 14230.4879  0.77%   183 3023s
 62138 14939 14297.8084   40  119 14341.6200 14230.8666  0.77%   183 3035s
 62381 14934     cutoff   28      14341.6200 14231.3064  0.77%   183 3047s
 62631 14946 14328.9220   35   53 14341.6200 14231.7288  0.77%   183 3060s
 62879 14948 14328.1233   28  182 14341.6200 14232.1312  0.76%   183 3072s
 63110 14961 14312.8289   29  162 14341.6200 14232.5695  0.76%   183 3084s
 63384 14987 14324.7871   22  252 14341.6200 14232.9880  0.76%   183 3097s
 63626 14971     cutoff   22      14341.6200 14233.3526  0.75%   183 3109s
 63843 14978     cutoff   36      14341.6200 14233.6347  0.75%   183 3121s
 64133 14961 14310.4997   29  151 14341.6200 14234.1015  0.75%   183 3133s
 64378 14977     cutoff   40      14341.6200 14234.6406  0.75%   183 3148s
 64716 14986 14291.4440   19  299 14341.6200 14235.1177  0.74%   183 3161s
 64993 14981 14313.8967   23  193 14341.6200 14235.6308  0.74%   183 3173s
 65261 14963     cutoff   39      14341.6200 14236.1847  0.74%   183 3186s
 65509 14952 14339.9267   22  187 14341.6200 14236.6105  0.73%   183 3201s
 65840 14989 infeasible   29      14341.6200 14237.1682  0.73%   183 3215s
 66238 14989 14280.2369   31  138 14341.6200 14237.5883  0.73%   183 3228s
 66514 15022     cutoff   28      14341.6200 14237.9028  0.72%   183 3241s
 66828 15060 14322.7463   32  130 14341.6200 14238.2525  0.72%   183 3253s
 67130 15044 14328.5700   46    - 14341.6200 14238.7459  0.72%   183 3265s
 67358 15070     cutoff   46      14341.6200 14239.1798  0.71%   183 3277s
 67686 15117     cutoff   37      14341.6200 14239.6634  0.71%   183 3290s
 68022 15108 14331.0675   27  225 14341.6200 14240.1171  0.71%   183 3304s
 68266 15110 14335.3606   29   76 14341.6200 14240.6280  0.70%   183 3305s
 68320 15118     cutoff   40      14341.6200 14240.6688  0.70%   183 3317s
 68597 15116 14313.3117   28   28 14341.6200 14240.9843  0.70%   183 3332s
 68894 15107 14273.6036   26  160 14341.6200 14241.4178  0.70%   183 3345s
 69115 15099 14313.7505   39  100 14341.6200 14241.6919  0.70%   183 3368s
 69310 15134 14310.7957   24  289 14341.6200 14241.9752  0.69%   183 3392s
 69822 15135     cutoff   43      14341.6200 14242.4747  0.69%   183 3406s
 70088 15117 14298.4177   32  269 14341.6200 14242.8791  0.69%   183 3418s
 70355 15124     cutoff   34      14341.6200 14243.3503  0.69%   183 3432s
 70657 15116     cutoff   30      14341.6200 14243.8605  0.68%   183 3446s
 70959 15103     cutoff   25      14341.6200 14244.4295  0.68%   183 3462s
 71276 15092 14298.7929   34  228 14341.6200 14244.8411  0.67%   183 3476s
 71560 15120 14297.2693   28  238 14341.6200 14245.2452  0.67%   183 3490s
 71909 15099     cutoff   43      14341.6200 14245.5522  0.67%   183 3502s
 72170 15076 14305.5828   33  145 14341.6200 14245.8600  0.67%   183 3516s
 72485 15083     cutoff   20      14341.6200 14246.5391  0.66%   183 3529s
 72621 15083 14313.2097   38  108 14341.6200 14246.5391  0.66%   183 3532s
 72797 15066 14283.6899   22  197 14341.6200 14246.9236  0.66%   183 3545s
 73092 15074     cutoff   31      14341.6200 14247.2428  0.66%   183 3559s
 73381 15074 14291.8719   31  210 14341.6200 14247.6498  0.66%   183 3560s
 73407 15050     cutoff   39      14341.6200 14247.6744  0.66%   183 3572s
 73659 15016 14305.4699   22   79 14341.6200 14248.0060  0.65%   183 3585s
 73962 14973     cutoff   30      14341.6200 14248.3801  0.65%   183 3600s

Cutting planes:
  User: 1724
  Gomory: 19
  Cover: 252
  Implied bound: 60
  Clique: 33
  MIR: 61
  StrongCG: 2
