




arguments: ./build/bc_mirp -f ./input/orig_exec_200.cfg
Current dir: /scratch/gui/bc_mirp
File verbosity level: 9
date       time         ( uptime  ) [ thread name/id ]                   file:line     v| 
2021-02-14 06:31:56.157 (   0.471s) [main thread     ]             loguru.cpp:789   INFO| Logging to './output/vi_vc+qua/OU/V2/Original/execution_14_02_2021_06_31_56.log', mode: 'a', verbosity: 9
--------------------------------------------------------------------------------
Parameters
                           instance_path           ./input/Instances/Original/5/
                            model_policy                                       1
                             nb_vehicles                                       2
                              output_dir      ./output/vi_vc+qua/OU/V2/Original/
                            sec_strategy                                       1
                       solver_nb_threads                                       2
                         solver_show_log                                    true
                       solver_time_limit                                    3600
                              use_vi_cos                                   false
                              use_vi_cus                                   false
                         use_vi_hc1_full                                   false
                         use_vi_hc1_half                                   false
                      use_vi_hc1_quarter                                   false
                              use_vi_hc2                                   false
                              use_vi_hc3                                   false
                         use_vi_lex_full                                   false
                         use_vi_lex_half                                   false
                      use_vi_lex_quarter                                   false
                              use_vi_qua                                    true
                               use_vi_vc                                    true
                               use_vi_vr                                   false
--------------------------------------------------------------------------------
executing instance: ./input/Instances/Original/5/absH3low_4n50.dat
--------------------------------------------------------------------------------
Instance details
n	51
H	3
C	4066
Li:
[0, 0, 0, 0, 0, 0, 0, 0, 0, 0, 0, 0, 0, 0, 0, 0, 0, 0, 0, 0, 0, 0, 0, 0, 0, 0, 0, 0, 0, 0, 0, 0, 0, 0, 0, 0, 0, 0, 0, 0, 0, 0, 0, 0, 0, 0, 0, 0, 0, 0, 0, ]
Ui:
[0, 108, 126, 122, 66, 120, 48, 30, 128, 54, 158, 198, 36, 66, 210, 234, 147, 297, 171, 128, 116, 120, 219, 70, 294, 207, 134, 128, 234, 122, 22, 183, 195, 255, 132, 124, 66, 189, 219, 66, 128, 102, 288, 66, 87, 136, 36, 39, 282, 36, 237, ]
Distance matrix:
|0	210	444	498	509	104	438	228	487	304	456	434	526	476	163	47	293	396	293	290	313	85	280	437	293	336	409	106	449	376	433	478	193	404	404	534	278	181	380	507	189	438	263	473	353	216	202	218	452	254	465	|
|210	0	299	507	359	106	345	409	358	411	320	402	555	448	136	200	289	264	306	427	141	222	83	348	264	320	283	303	380	208	258	357	170	348	475	542	243	347	355	379	65	479	172	373	355	251	112	229	402	210	300	|
|444	299	0	363	65	358	116	542	66	440	26	241	425	272	282	407	251	51	276	490	159	397	224	124	217	237	48	490	170	99	83	74	261	180	430	385	214	479	231	85	270	390	184	116	271	300	409	276	210	215	54	|
|498	507	363	0	385	482	246	424	326	254	343	123	63	93	388	452	221	337	211	314	428	414	480	239	243	187	324	463	194	418	438	307	346	188	156	36	264	392	156	326	444	87	340	258	154	286	603	294	153	297	417	|
|509	359	65	385	0	422	145	602	59	492	59	269	448	292	348	472	305	115	329	545	218	462	281	152	274	286	106	554	192	153	116	78	326	216	472	403	274	540	271	63	334	425	249	127	316	361	468	337	233	278	69	|
|104	106	358	482	422	0	372	309	408	337	374	396	521	441	98	96	262	314	271	342	215	124	177	373	249	302	329	198	394	281	337	402	139	353	419	518	230	250	343	428	90	437	188	405	328	200	134	188	406	199	372	|
|438	345	116	246	145	372	0	485	87	357	97	126	309	155	279	394	180	101	200	414	223	373	288	8	157	150	84	459	53	188	196	68	245	72	328	269	165	427	128	97	297	280	184	36	175	250	456	233	94	184	170	|
|228	409	542	424	602	309	485	0	561	170	544	419	424	446	298	214	305	491	286	115	462	187	457	480	331	339	496	124	470	510	565	545	295	424	279	454	329	66	376	576	363	340	370	520	330	242	429	266	453	328	581	|
|487	358	66	326	59	408	87	561	0	441	40	211	389	233	324	446	258	95	281	497	220	431	287	95	230	234	79	522	133	164	146	19	297	160	415	344	233	500	215	21	323	367	224	68	261	320	470	299	174	242	106	|
|304	411	440	254	492	337	357	170	441	0	434	266	255	286	275	266	189	392	164	63	408	225	428	351	224	207	392	234	330	438	484	424	250	287	112	284	232	149	233	453	349	170	302	389	185	168	471	195	305	248	487	|
|456	320	26	343	59	374	97	544	40	434	0	223	406	252	294	418	247	60	271	487	181	405	247	105	215	229	49	498	149	124	109	48	270	165	419	364	215	482	218	60	288	375	194	92	261	302	431	279	190	220	75	|
|434	402	241	123	269	396	126	419	211	266	223	0	185	46	298	387	140	213	145	328	310	355	366	118	147	97	201	425	78	295	315	191	256	65	211	151	166	371	53	215	343	157	231	145	90	220	505	217	41	198	295	|
|526	555	425	63	448	521	309	424	389	255	406	185	0	156	430	481	266	398	252	310	485	442	534	301	293	237	386	480	257	478	500	370	390	249	145	55	313	401	212	389	491	89	392	321	201	322	646	334	216	345	479	|
|476	448	272	93	292	441	155	446	233	286	252	46	156	0	343	429	183	250	184	348	353	396	411	148	192	140	236	461	102	334	350	214	302	106	214	113	212	402	98	233	389	151	277	165	125	261	551	260	62	244	325	|
|163	136	282	388	348	98	279	298	324	275	294	298	430	343	0	124	167	234	178	296	167	121	162	279	151	205	247	216	297	224	280	316	42	256	340	423	132	232	246	344	74	349	100	314	233	115	216	97	308	101	307	|
|47	200	407	452	472	96	394	214	446	266	418	387	481	429	124	0	246	358	245	259	284	41	261	392	247	289	370	103	403	345	402	436	150	358	361	488	232	158	333	466	165	393	223	430	306	168	217	171	406	210	431	|
|293	289	251	221	305	262	180	305	258	189	247	140	266	183	167	246	0	204	26	240	238	215	276	175	37	43	203	289	169	255	297	242	125	122	202	257	52	248	87	272	225	191	134	215	67	80	382	77	163	81	298	|
|396	264	51	337	115	314	101	491	95	392	60	213	398	250	234	358	204	0	229	442	130	347	196	108	169	194	19	440	152	87	102	93	211	149	390	363	165	428	194	116	228	355	134	117	230	250	376	225	189	164	95	|
|293	306	276	211	329	271	200	286	281	164	271	145	252	184	178	245	26	229	0	216	262	212	297	195	63	53	228	280	184	280	323	264	138	137	178	248	76	232	95	294	241	173	156	234	60	77	395	83	172	102	324	|
|290	427	490	314	545	342	414	115	497	63	487	328	310	348	296	259	240	442	216	0	443	220	456	408	273	264	443	204	390	479	529	480	278	346	165	343	278	115	293	509	369	229	340	447	244	202	473	230	366	288	536	|
|313	141	159	428	218	215	223	462	220	408	181	310	485	353	167	284	238	130	262	443	0	288	67	228	202	252	149	382	267	67	122	221	168	247	440	459	186	396	273	241	125	423	107	245	291	242	251	214	297	162	160	|
|85	222	397	414	462	124	373	187	431	225	405	355	442	396	121	41	215	347	212	220	288	0	273	371	221	258	357	95	378	344	401	420	136	331	321	450	208	126	302	450	177	353	213	409	272	136	253	143	377	190	426	|
|280	83	224	480	281	177	288	457	287	428	247	366	534	411	162	261	276	196	297	456	67	273	0	292	243	298	215	363	329	128	176	288	179	305	475	513	224	392	324	307	96	466	143	311	335	261	187	235	357	195	219	|
|437	348	124	239	152	373	8	480	95	351	105	118	301	148	279	392	175	108	195	408	228	371	292	0	154	144	91	456	46	194	203	76	244	65	320	261	163	423	121	103	299	273	185	40	168	247	459	230	86	183	178	|
|293	264	217	243	274	249	157	331	230	224	215	147	293	192	151	247	37	169	63	273	202	221	243	154	0	57	170	303	157	217	260	215	110	111	238	278	21	271	94	245	201	223	100	193	92	93	362	78	160	54	263	|
|336	320	237	187	286	302	150	339	234	207	229	97	237	140	205	289	43	194	53	264	252	258	298	144	57	0	190	331	131	257	294	216	163	84	197	221	77	285	44	246	258	172	155	183	39	123	418	119	120	110	288	|
|409	283	48	324	106	329	84	496	79	392	49	201	386	236	247	370	203	19	228	443	149	357	215	91	170	190	0	449	136	105	114	75	221	138	384	349	168	434	185	99	245	346	146	98	224	255	394	231	174	171	99	|
|106	303	490	463	554	198	459	124	522	234	498	425	480	461	216	103	289	440	280	204	382	95	363	456	303	331	449	0	458	439	496	510	229	410	344	498	293	89	374	540	267	391	307	495	336	211	308	226	451	280	520	|
|449	380	170	194	192	394	53	470	133	330	149	78	257	102	297	403	169	152	184	390	267	378	329	46	157	131	136	458	0	238	249	114	259	47	287	216	171	416	96	137	327	235	211	67	145	247	488	235	41	197	223	|
|376	208	99	418	153	281	188	510	164	438	124	295	478	334	224	345	255	87	280	479	67	344	128	194	217	257	105	439	238	0	57	169	216	230	453	445	206	445	268	184	191	427	141	202	296	278	315	250	274	191	92	|
|433	258	83	438	116	337	196	565	146	484	109	315	500	350	280	402	297	102	323	529	122	401	176	203	260	294	114	496	249	57	0	157	271	252	490	463	251	499	296	162	247	457	195	199	331	329	362	302	288	241	47	|
|478	357	74	307	78	402	68	545	19	424	48	191	370	214	316	436	242	93	264	480	221	420	288	76	215	216	75	510	114	169	157	0	287	141	396	325	219	485	196	31	319	347	216	49	243	306	469	286	154	230	120	|
|193	170	261	346	326	139	245	295	297	250	270	256	390	302	42	150	125	211	138	278	168	136	179	244	110	163	221	229	259	216	271	287	0	216	305	382	91	229	204	316	105	310	78	280	192	83	257	60	268	62	292	|
|404	348	180	188	216	353	72	424	160	287	165	65	249	106	256	358	122	149	137	346	247	331	305	65	111	84	138	410	47	230	252	141	216	0	255	215	126	369	56	168	292	210	177	102	103	200	454	189	54	155	234	|
|404	475	430	156	472	419	328	279	415	112	419	211	145	214	340	361	202	390	178	165	440	321	475	320	238	197	384	344	287	453	490	396	305	255	0	181	254	261	201	422	410	69	335	353	160	225	551	246	252	280	482	|
|534	542	385	36	403	518	269	454	344	284	364	151	55	113	423	488	257	363	248	343	459	450	513	261	278	221	349	498	216	445	463	325	382	215	181	0	298	425	189	342	479	115	373	276	190	323	638	330	175	332	439	|
|278	243	214	264	274	230	165	329	233	232	215	166	313	212	132	232	52	165	76	278	186	208	224	163	21	77	168	293	171	206	251	219	91	126	254	298	0	267	114	250	181	242	82	202	112	88	341	68	177	33	258	|
|181	347	479	392	540	250	427	66	500	149	482	371	401	402	232	158	248	428	232	115	396	126	392	423	271	285	434	89	416	445	499	485	229	369	261	425	267	0	325	516	298	313	305	463	281	180	375	203	403	264	516	|
|380	355	231	156	271	343	128	376	215	233	218	53	212	98	246	333	87	194	95	293	273	302	324	121	94	44	185	374	96	268	296	196	204	56	201	189	114	325	0	224	294	161	185	157	49	167	455	163	78	147	284	|
|507	379	85	326	63	428	97	576	21	453	60	215	389	233	344	466	272	116	294	509	241	450	307	103	245	246	99	540	137	184	162	31	316	168	422	342	250	516	224	0	344	371	244	70	271	337	490	317	176	261	120	|
|189	65	270	444	334	90	297	363	323	349	288	343	491	389	74	165	225	228	241	369	125	177	96	299	201	258	245	267	327	191	247	319	105	292	410	479	181	298	294	344	0	414	116	328	291	187	163	165	345	147	282	|
|438	479	390	87	425	437	280	340	367	170	375	157	89	151	349	393	191	355	173	229	423	353	466	273	223	172	346	391	235	427	457	347	310	210	69	115	242	313	161	371	414	0	323	301	133	238	565	253	197	273	444	|
|263	172	184	340	249	188	184	370	224	302	194	231	392	277	100	223	134	134	156	340	107	213	143	185	100	155	146	307	211	141	195	216	78	177	335	373	82	305	185	244	116	323	0	217	192	138	278	110	230	55	214	|
|473	373	116	258	127	405	36	520	68	389	92	145	321	165	314	430	215	117	234	447	245	409	311	40	193	183	98	495	67	202	199	49	280	102	353	276	202	463	157	70	328	301	217	0	205	286	485	269	106	220	167	|
|353	355	271	154	316	328	175	330	261	185	261	90	201	125	233	306	67	230	60	244	291	272	335	168	92	39	224	336	145	296	331	243	192	103	160	190	112	281	49	271	291	133	192	205	0	138	449	141	123	145	323	|
|216	251	300	286	361	200	250	242	320	168	302	220	322	261	115	168	80	250	77	202	242	136	261	247	93	123	255	211	247	278	329	306	83	200	225	323	88	180	167	337	187	238	138	286	138	0	328	28	243	88	340	|
|202	112	409	603	468	134	456	429	470	471	431	505	646	551	216	217	382	376	395	473	251	253	187	459	362	418	394	308	488	315	362	469	257	454	551	638	341	375	455	490	163	565	278	485	449	328	0	313	508	308	406	|
|218	229	276	294	337	188	233	266	299	195	279	217	334	260	97	171	77	225	83	230	214	143	235	230	78	119	231	226	235	250	302	286	60	189	246	330	68	203	163	317	165	253	110	269	141	28	313	0	235	61	315	|
|452	402	210	153	233	406	94	453	174	305	190	41	216	62	308	406	163	189	172	366	297	377	357	86	160	120	174	451	41	274	288	154	268	54	252	175	177	403	78	176	345	197	230	106	123	243	508	235	0	207	264	|
|254	210	215	297	278	199	184	328	242	248	220	198	345	244	101	210	81	164	102	288	162	190	195	183	54	110	171	280	197	191	241	230	62	155	280	332	33	264	147	261	147	273	55	220	145	88	308	61	207	0	253	|
|465	300	54	417	69	372	170	581	106	487	75	295	479	325	307	431	298	95	324	536	160	426	219	178	263	288	99	520	223	92	47	120	292	234	482	439	258	516	284	120	282	444	214	167	323	340	406	315	264	253	0	|

--------------------------------------------------------------------------------
Building model...
	using lazy and cut (CVRPSEP package)
Solving IRP LP...
--------------------------------------------------------------------------------

Gurobi 9.1.0 (linux64) logging started Sun Feb 14 06:31:57 2021

Gurobi Optimizer version 9.1.0 build v9.1.0rc0 (linux64)
Thread count: 32 physical cores, 32 logical processors, using up to 2 threads
Optimize a model with 1275 rows, 8460 columns and 19578 nonzeros
Model fingerprint: 0xd9855ece
Variable types: 504 continuous, 7956 integer (306 binary)
Coefficient statistics:
  Matrix range     [1e+00, 2e+03]
  Objective range  [1e-02, 6e+02]
  Bounds range     [1e+00, 3e+02]
  RHS range        [1e+00, 7e+03]
Presolve removed 245 rows and 122 columns
Presolve time: 0.08s
Presolved: 1030 rows, 8338 columns, 18621 nonzeros
Variable types: 382 continuous, 7956 integer (7656 binary)

Root relaxation: objective 3.280950e+03, 1068 iterations, 0.02 seconds

    Nodes    |    Current Node    |     Objective Bounds      |     Work
 Expl Unexpl |  Obj  Depth IntInf | Incumbent    BestBd   Gap | It/Node Time

     0     0 3280.94990    0  138          - 3280.94990      -     -    0s
     0     0 3594.57614    0  115          - 3594.57614      -     -    0s
     0     0 3612.34090    0  132          - 3612.34090      -     -    0s
     0     0 3612.35770    0  134          - 3612.35770      -     -    0s
     0     0 4314.86396    0  196          - 4314.86396      -     -    0s
     0     0 4326.32160    0  131          - 4326.32160      -     -    0s
     0     0 4343.36460    0  197          - 4343.36460      -     -    0s
     0     0 4354.52485    0  191          - 4354.52485      -     -    0s
     0     0 4356.42211    0  203          - 4356.42211      -     -    0s
     0     0 4368.75351    0  192          - 4368.75351      -     -    0s
     0     0 4370.01141    0  219          - 4370.01141      -     -    0s
     0     0 4371.19462    0  180          - 4371.19462      -     -    0s
     0     0 4371.19462    0  184          - 4371.19462      -     -    0s
     0     0 4445.80941    0  289          - 4445.80941      -     -    0s
     0     0 4466.55450    0  284          - 4466.55450      -     -    1s
     0     0 4475.12039    0  258          - 4475.12039      -     -    1s
     0     0 4478.71564    0  282          - 4478.71564      -     -    1s
     0     0 4478.88745    0  282          - 4478.88745      -     -    1s
     0     0 4544.17277    0  248          - 4544.17277      -     -    1s
     0     0 4549.44481    0  277          - 4549.44481      -     -    1s
     0     0 4550.18335    0  286          - 4550.18335      -     -    1s
     0     0 4556.53632    0  263          - 4556.53632      -     -    1s
     0     0 4559.15621    0  192          - 4559.15621      -     -    1s
     0     2 4559.50058    0  232          - 4559.50058      -     -    2s
    87    90 4781.04101   20  164          - 4578.89767      -   167    5s
   563   553 5923.67565  164    8          - 4578.89767      -  64.1   10s
   735   709 5161.02293   61  251          - 4588.80999      -  76.1   15s
   757   724 4658.49416    7  396          - 4606.82595      -  73.9   20s
   767   730 6233.06722  147  371          - 4609.63699      -  72.9   25s
   771   736 4623.28628   16  351          - 4618.64356      -  83.7   30s
   775   739 4634.12447   17  316          - 4623.31371      -  85.0   41s
   807   761 4798.73235   25  262          - 4628.45331      -  95.9   45s
   909   843 5196.23825   47  110          - 4628.45331      -   110   50s
  1203  1015 5703.49284  114   22          - 4628.45331      -   102   55s
  1586  1176 4744.84686   23  249          - 4628.79000      -  84.9   60s
  1670  1248 4847.65606   31  212          - 4628.79000      -  90.4   65s
  1885  1401 4983.93303   42   85          - 4628.79000      -  87.8   70s
  2009  1441 5435.82619   61  150          - 4628.79000      -  89.5   75s
  2198  1623 5790.40542  119   14          - 4628.79000      -  88.6   80s
  2547  1744 4670.05881   19  450          - 4637.98215      -  81.1   85s
  2692  1875 4981.77446   31  222          - 4637.98215      -  81.9   90s
  2858  2032 4951.70771   33  212          - 4637.98215      -  80.5   97s
  2983  2012 5006.53867   34  289          - 4637.98215      -  80.5  100s
  3069  2131 5118.76552   40  168          - 4637.98215      -  84.9  105s
  3309  2314 6965.51000  151    4          - 4637.98215      -  84.6  110s
  3455  2452 5321.29500   57   10          - 4637.98215      -  82.9  116s
  3567  2600 5410.22667   62   59          - 4637.98215      -  84.2  120s
  3878  2866 6273.24500  153   10          - 4637.98215      -  83.2  125s
  4183  3136 6956.82000  209    8          - 4652.70638      -  79.9  130s
  4413  3368 4969.51515   32  220          - 4652.77061      -  80.0  137s
  4544  3451 4992.31474   40  203          - 4652.77061      -  79.7  140s
  4824  3720 5143.25063   85   54          - 4653.04173      -  79.0  147s
  4960  3750 5638.40000  112    -          - 4656.98056      -  78.8  151s
  5166  3984 6396.96667  112   33          - 4659.84759      -  78.9  157s
  5300  4036 4823.52609   18  296          - 4659.84759      -  79.1  160s
  5399  4262 5121.74110   43   60          - 4659.84759      -  81.6  167s
  5584  4399 5295.98823   62   56          - 4660.41659      -  80.9  172s
  5756  4468 5843.40393   91   25          - 4660.41659      -  80.7  175s
  5833  4565 5029.28462   38   31          - 4660.41659      -  81.7  187s
  5932  4978 5349.80500   54   53          - 4662.68974      -  82.3  213s
  6187  4998 6476.03500  172    4          - 4662.68974      -  79.6  215s
* 6460  3424             116    5985.9600000 4662.82190  22.1%  78.1  219s
  6636  3335     cutoff  112      5985.96000 4664.16180  22.1%  77.4  222s
  6642  3335     cutoff  133      5985.96000 4666.03761  22.1%  77.9  225s
  6698  3430 5324.46530   48  145 5985.96000 4666.03761  22.1%  79.1  233s
  6746  3483 5624.68340   72   28 5985.96000 4666.04950  22.1%  78.9  236s
  6926  3639 5652.61654   52   84 5985.96000 4671.79041  22.0%  79.6  243s
  7040  3671 4800.81834   22  365 5985.96000 4679.66652  21.8%  79.6  246s
  7072  3814 5246.50722   41  198 5985.96000 4679.66652  21.8%  80.6  260s
  7241  3934 5929.70016  128   31 5985.96000 4682.63027  21.8%  80.4  265s
  7384  3953 4760.91840   21  389 5985.96000 4687.24782  21.7%  80.8  270s
  7402  4012 5030.97718   31  179 5985.96000 4687.24782  21.7%  81.5  275s
  7461  4116 5235.80142   52   92 5985.96000 4688.09612  21.7%  82.6  280s
  7586  4178     cutoff  137      5985.96000 4689.26367  21.7%  82.8  285s
  7649  4240 4795.39907   25  369 5985.96000 4689.26367  21.7%  83.9  293s
  7722  4286 4897.79831   31  263 5985.96000 4689.26367  21.7%  84.5  299s
  7768  4289 5052.68060   38  264 5985.96000 4689.26367  21.7%  85.6  313s
  7771  4420 5134.79458   38  261 5985.96000 4689.26367  21.7%  85.7  319s
  7812  4420 5313.52595   59   86 5985.96000 4689.26367  21.7%  86.1  320s
  7915  4571 5509.80426   65   90 5985.96000 4691.94214  21.6%  86.4  326s
  8137  4643 5034.08219   29  222 5985.96000 4693.05022  21.6%  85.8  351s
  8212  4738 5884.03846   84    8 5985.96000 4697.74618  21.5%  86.6  356s
  8331  4943 4940.08075   39  156 5985.96000 4702.50263  21.4%  87.3  363s
  8595  5019 4898.42972   25  450 5985.96000 4702.50263  21.4%  87.0  369s
  8630  5019 5505.27556   60   98 5985.96000 4702.50263  21.4%  87.3  370s
  8662  5139 5542.17926   64  105 5985.96000 4705.22170  21.4%  87.8  375s
  8819  5292 5060.85377   38  156 5985.96000 4706.18334  21.4%  88.2  382s
  8979  5380     cutoff  142      5985.96000 4706.96130  21.4%  88.3  389s
  9090  5382 5872.44523   79   46 5985.96000 4708.32938  21.3%  88.7  390s
  9138  5492 5468.78217   48  249 5985.96000 4708.70098  21.3%  88.5  396s
  9273  5627     cutoff  112      5985.96000 4709.46403  21.3%  88.9  403s
* 9309  5606             117    5965.7600000 4709.86790  21.1%  89.5  403s
  9423  5771 5435.41870   57   80 5965.76000 4710.70502  21.0%  89.3  409s
  9446  5771 5546.40107   80   24 5965.76000 4710.70502  21.0%  89.2  410s
  9621  5903 5058.07864   34  239 5965.76000 4711.57302  21.0%  89.1  416s
  9763  5955     cutoff   94      5965.76000 4712.54328  21.0%  89.6  422s
  9834  6046 4976.01636   30  344 5965.76000 4712.60515  21.0%  90.5  429s
  9921  6237 5280.59184   50    4 5965.76000 4712.62141  21.0%  91.2  437s
 10147  6369 infeasible  122      5965.76000 4713.56232  21.0%  90.7  443s
 10301  6442 4802.37473   24  295 5965.76000 4715.80432  21.0%  91.0  450s
 10382  6565 4888.89003   25  402 5965.76000 4715.92811  21.0%  92.0  456s
 10530  6629 4936.99520   25  421 5965.76000 4717.42012  20.9%  92.3  461s
 10604  6745 5170.39574   30  401 5965.76000 4717.42012  20.9%  92.5  469s
 10713  6749 5386.92000   76   14 5965.76000 4717.42012  20.9%  92.9  470s
 10762  6842 infeasible   62      5965.76000 4718.43824  20.9%  92.8  476s
 10878  6967 5199.28587   32  250 5965.76000 4720.80372  20.9%  93.5  489s
 10936  6967 5805.60000   90    8 5965.76000 4720.80372  20.9%  93.4  490s
 11031  7067     cutoff  106      5965.76000 4722.12316  20.8%  93.2  496s
 11147  7164 5949.62993  101   72 5965.76000 4723.39992  20.8%  93.8  504s
 11272  7276 5525.44440   51   44 5965.76000 4723.94530  20.8%  94.2  526s
 11410  7323     cutoff  119      5965.76000 4725.28528  20.8%  94.3  532s
 11456  7525 5482.53648   43  200 5965.76000 4725.76613  20.8%  95.2  539s
 11479  7525 5709.67680   66   95 5965.76000 4725.76613  20.8%  95.3  540s
 11683  7639 5068.53476   35  258 5965.76000 4725.86394  20.8%  94.8  547s
 11813  7683 4873.68047   26  219 5965.76000 4725.86394  20.8%  95.1  560s
 11873  7835 5112.85607   41  132 5965.76000 4725.86394  20.8%  95.5  589s
 11922  7839 5437.36000   65   18 5965.76000 4725.86394  20.8%  95.6  590s
 12080  7907     cutoff  110      5965.76000 4726.75601  20.8%  95.5  596s
 12162  8091 5225.37424   42   92 5965.76000 4726.91581  20.8%  96.3  605s
 12348  8200 5527.60481  107   17 5965.76000 4727.18268  20.8%  96.5  611s
 12490  8297     cutoff  168      5965.76000 4727.97670  20.7%  96.8  619s
 12597  8461 4852.64048   20  409 5965.76000 4727.97670  20.7%  97.5  627s
 12789  8582 5207.54773   53  106 5965.76000 4730.16343  20.7%  97.3  635s
 12942  8652 5329.39461   39  246 5965.76000 4730.28255  20.7%  97.6  642s
 13026  8802 5078.84532   27  254 5965.76000 4730.30174  20.7%  98.2  649s
 13205  8916 5937.70000  109   22 5965.76000 4731.83532  20.7%  98.1  657s
 13347  9046     cutoff  112      5965.76000 4733.21518  20.7%  98.2  666s
 13383  9046 5569.82209   57   98 5965.76000 4733.21518  20.7%  98.4  675s
 13502  9101     cutoff   94      5965.76000 4735.31532  20.6%  98.5  681s
 13558  9240 5253.09938   32  209 5965.76000 4735.88775  20.6%  99.4  690s
 13726  9342 4820.31428   26  393 5965.76000 4736.00002  20.6%   100  698s
 13830  9402 5277.54930   52   66 5965.76000 4736.00963  20.6%   100  705s
 13911  9485 5018.02204   32  237 5965.76000 4736.06462  20.6%   100  724s
 13992  9620 5230.54972   52   80 5965.76000 4736.06462  20.6%   101  733s
 14131  9799 5383.05615   91   26 5965.76000 4737.61073  20.6%   102  742s
 14380  9840     cutoff  160      5965.76000 4738.46356  20.6%   101  749s
 14412  9901 5178.43767   31  390 5965.76000 4739.57286  20.6%   102  755s
 14517  9986 4851.78921   24  306 5965.76000 4740.26176  20.5%   103  772s
 14620 10060     cutoff   98      5965.76000 4740.29327  20.5%   103  780s
 14708 10127 5424.55936   57   28 5965.76000 4740.69865  20.5%   103  786s
 14786 10217 5069.38795   34  367 5965.76000 4740.97338  20.5%   104  794s
 14879 10217 5939.06186   82   27 5965.76000 4741.42497  20.5%   104  795s
 14898 10306 4836.71547   22  403 5965.76000 4741.42497  20.5%   104  802s
 14996 10444 5352.01048   58  170 5965.76000 4742.29104  20.5%   105  810s
 15167 10537 4955.46703   28  377 5965.76000 4742.34775  20.5%   105  817s
 15260 10645 5916.86981   84   77 5965.76000 4742.93081  20.5%   105  826s
 15404 10719     cutoff   91      5965.76000 4744.52825  20.5%   105  834s
 15491 10841 4985.51460   30  119 5965.76000 4745.03225  20.5%   106  842s
 15635 10984 5180.71880   47   64 5965.76000 4745.66614  20.5%   106  852s
 15785 11131 5900.02000   91    6 5965.76000 4746.09998  20.4%   106  861s
 15962 11261     cutoff   95      5965.76000 4746.61026  20.4%   106  869s
 16117 11335     cutoff   95      5965.76000 4748.39948  20.4%   106  876s
 16201 11486 5303.35065   44   57 5965.76000 4748.47537  20.4%   107  884s
 16284 11486 5012.86806   27  202 5965.76000 4748.47537  20.4%   107  885s
 16400 11535 5062.36918   29  103 5965.76000 4748.83483  20.4%   107  894s
 16460 11645 5020.01107   28  369 5965.76000 4749.32126  20.4%   108  902s
 16584 11711 5903.15124   71  175 5965.76000 4750.37909  20.4%   108  909s
 16658 11792 5298.13558   46  219 5965.76000 4750.45603  20.4%   109  966s
 16756 11910 4963.26330   23  250 5965.76000 4751.57145  20.4%   109  975s
 16900 11994 5897.03000   89    - 5965.76000 4751.86475  20.3%   109  984s
 16960 11996 5580.84000   63    - 5965.76000 4752.23141  20.3%   110  985s
 16998 12079     cutoff   89      5965.76000 4752.88518  20.3%   110  993s
 17082 12214 5160.31954   59   33 5965.76000 4752.96982  20.3%   110 1014s
 17249 12279 5188.21584   49  102 5965.76000 4753.51250  20.3%   110 1022s
 17329 12325 5007.88531   28  315 5965.76000 4753.61053  20.3%   111 1031s
 17374 12394 5207.20287   35  318 5965.76000 4753.61053  20.3%   111 1040s
 17453 12401 5368.31404   43  150 5965.76000 4753.61053  20.3%   112 1048s
 17460 12479 5280.58460   43  223 5965.76000 4753.61053  20.3%   112 1057s
 17544 12534     cutoff   58      5965.76000 4754.17265  20.3%   113 1067s
 17653 12548 5066.35989   28  284 5965.76000 4754.19371  20.3%   113 1077s
 17662 12727 5128.58069   31  182 5965.76000 4754.77477  20.3%   113 1086s
 17883 12826     cutoff  154      5965.76000 4756.23778  20.3%   113 1096s
 17989 12919 4849.15075   26  348 5965.76000 4756.63825  20.3%   113 1106s
 18101 13014 5758.51940   78   56 5965.76000 4756.86193  20.3%   114 1115s
 18238 13111     cutoff  105      5965.76000 4757.68834  20.3%   114 1124s
 18292 13111 5598.88269   73   44 5965.76000 4757.68834  20.3%   114 1125s
 18353 13215 4976.63143   30  148 5965.76000 4758.15829  20.2%   114 1134s
 18473 13355 5434.39496   53   10 5965.76000 4758.92171  20.2%   115 1146s
 18631 13517 5902.92000  125    8 5965.76000 4759.36113  20.2%   115 1157s
 18831 13609     cutoff  126      5965.76000 4760.87076  20.2%   115 1167s
 18938 13750 5101.66355   29  185 5965.76000 4760.92245  20.2%   115 1180s
 19107 13818 5264.82179   39   94 5965.76000 4760.92245  20.2%   115 1189s
 19176 13968 5704.42714   53   73 5965.76000 4761.58374  20.2%   116 1199s
 19233 13968 5171.38164   47  123 5965.76000 4761.62061  20.2%   116 1200s
 19362 14094 5001.05089   29  310 5965.76000 4761.62061  20.2%   116 1209s
*19442 13736              96    5899.2600000 4761.62061  19.3%   116 1209s
 19531 13813     cutoff   92      5899.26000 4762.32433  19.3%   116 1219s
 19567 13813 5278.41867   39  217 5899.26000 4762.63280  19.3%   116 1230s
 19633 14010 5238.89884   56   75 5899.26000 4762.64785  19.3%   117 1239s
 19701 14010 5282.83264   69   48 5899.26000 4762.64785  19.3%   117 1240s
 19871 14087 5852.95000  115    - 5899.26000 4763.00880  19.3%   116 1251s
 19960 14256 5331.36178   46   79 5899.26000 4763.48797  19.3%   117 1261s
 20142 14256 5448.14666   58   41 5899.26000 4763.58911  19.3%   117 1268s
 20180 14332 5235.38158   36  326 5899.26000 4764.58965  19.2%   117 1276s
 20285 14450 4999.82882   30  305 5899.26000 4764.87895  19.2%   117 1285s
 20420 14540 5877.82000  104    - 5899.26000 4765.10759  19.2%   117 1296s
 20537 14736     cutoff  104      5899.26000 4765.42203  19.2%   117 1306s
 20563 14736 5372.17361   47   70 5899.26000 4765.42203  19.2%   118 1313s
 20785 14850 5001.28290   23  333 5899.26000 4765.86420  19.2%   117 1324s
 20906 14918 5454.04028   47  164 5899.26000 4766.48440  19.2%   117 1334s
 20987 15059     cutoff   81      5899.26000 4767.32318  19.2%   118 1343s
 21155 15172 4980.15892   25  363 5899.26000 4768.42957  19.2%   118 1353s
 21268 15300 5433.46520   61   46 5899.26000 4768.44009  19.2%   118 1374s
 21339 15301 5707.10228  102   15 5899.26000 4768.44009  19.2%   118 1375s
 21445 15324     cutoff  113      5899.26000 4768.94479  19.2%   118 1383s
 21473 15408 4836.94645   26  357 5899.26000 4768.94479  19.2%   119 1398s
 21557 15500 5438.54790   70  118 5899.26000 4769.33291  19.2%   119 1408s
 21670 15604 5614.01524   63  101 5899.26000 4769.37777  19.2%   120 1417s
 21846 15705 4899.86765   25  424 5899.26000 4771.13853  19.1%   120 1428s
 21990 15830 4915.91416   27  340 5899.26000 4771.33796  19.1%   120 1450s
 22123 15925 5225.65368   58   70 5899.26000 4772.51293  19.1%   120 1459s
 22237 16028 5597.33000   81    - 5899.26000 4772.71078  19.1%   120 1469s
 22374 16095 5610.31000   81   14 5899.26000 4773.96381  19.1%   120 1479s
 22447 16203 5639.98000   85    - 5899.26000 4774.03856  19.1%   121 1506s
 22576 16290     cutoff   95      5899.26000 4774.22492  19.1%   121 1517s
 22673 16471 5483.48541   51  191 5899.26000 4774.71896  19.1%   121 1528s
 22888 16601 5279.97291   49  160 5899.26000 4774.89612  19.1%   121 1538s
 23043 16676     cutoff   97      5899.26000 4775.32850  19.1%   121 1550s
 23116 16899 5226.30271   45  128 5899.26000 4776.01614  19.0%   122 1562s
 23383 17001 4951.10685   31  242 5899.26000 4776.11399  19.0%   121 1573s
 23507 17088 5176.32826   33  290 5899.26000 4776.51364  19.0%   121 1583s
 23612 17216 4858.70903   24  391 5899.26000 4777.09775  19.0%   122 1593s
 23778 17389 5111.17872   28  269 5899.26000 4778.15362  19.0%   122 1604s
 23997 17527     cutoff   81      5899.26000 4779.38979  19.0%   121 1615s
 24164 17602 5880.86000   95    - 5899.26000 4779.94525  19.0%   121 1627s
 24239 17666     cutoff   95      5899.26000 4780.08885  19.0%   122 1636s
 24315 17757 5370.43416   59  137 5899.26000 4780.20806  19.0%   122 1646s
 24454 17847 5086.21105   40  130 5899.26000 4780.58641  19.0%   123 1657s
 24584 17958 4987.11723   32  328 5899.26000 4780.73715  19.0%   123 1667s
 24716 18073 4821.26244   25  214 5899.26000 4780.77004  19.0%   123 1678s
 24864 18190 5009.52376   33  168 5899.26000 4780.95892  19.0%   123 1688s
 25013 18330 5043.83995   35  267 5899.26000 4781.48481  18.9%   123 1699s
 25048 18330 5499.08799   70   96 5899.26000 4781.48481  18.9%   123 1700s
*25082 18168             104    5882.4800000 4781.48481  18.7%   123 1700s
 25190 18215 5829.51000  106    8 5882.48000 4782.03903  18.7%   123 1709s
 25241 18340 5184.92583   37  165 5882.48000 4782.40726  18.7%   124 1718s
 25392 18417     cutoff   63      5882.48000 4783.12010  18.7%   124 1729s
 25486 18488 4888.31751   25  428 5882.48000 4783.12010  18.7%   124 1738s
 25572 18561 5025.55037   32   97 5882.48000 4783.12010  18.7%   125 1759s
 25659 18701 5028.49268   40  125 5882.48000 4783.72378  18.7%   125 1772s
 25839 18815 5662.19000   68    6 5882.48000 4783.85909  18.7%   125 1783s
 25972 18885 5792.52667   73   45 5882.48000 4783.99374  18.7%   126 1812s
 26077 18969 5277.21971   33  378 5882.48000 4784.24658  18.7%   126 1822s
 26163 19092 5504.39013   42  226 5882.48000 4784.24658  18.7%   126 1833s
 26308 19188 5720.18250   47  276 5882.48000 4784.54117  18.7%   126 1869s
 26397 19193 5797.77476   74   52 5882.48000 4784.74038  18.7%   127 1870s
 26443 19234 4953.60560   27  341 5882.48000 4784.74038  18.7%   127 1879s
 26500 19394 5454.29389   47  103 5882.48000 4784.88081  18.7%   127 1891s
 26703 19454     cutoff  106      5882.48000 4785.61617  18.6%   127 1914s
*26718 19008             115    5846.1600000 4785.96015  18.1%   127 1941s
 26784 19068 4939.55267   26  211 5846.16000 4785.96015  18.1%   127 1950s
 26842 19170 5490.21393   58   96 5846.16000 4786.60622  18.1%   127 1960s
 26979 19253 4869.37137   25  519 5846.16000 4786.76830  18.1%   127 1970s
 27079 19348     cutoff   92      5846.16000 4787.63875  18.1%   127 1983s
 27113 19348 5296.52700   56  106 5846.16000 4787.63875  18.1%   127 1996s
 27207 19461 5100.26867   31  318 5846.16000 4787.89874  18.1%   127 2007s
 27358 19486 5020.23670   30  239 5846.16000 4787.96987  18.1%   128 2020s
 27383 19587 5242.50714   43   26 5846.16000 4788.17963  18.1%   128 2031s
 27521 19621     cutoff   78      5846.16000 4788.21662  18.1%   128 2043s
 27543 19621     cutoff   65      5846.16000 4788.26151  18.1%   128 2062s
 27558 19713 5250.82516   40  226 5846.16000 4788.26151  18.1%   128 2072s
 27650 19847 5694.25283   75   30 5846.16000 4788.32766  18.1%   129 2083s
 27835 19927     cutoff  117      5846.16000 4788.40018  18.1%   128 2102s
 27864 19927 5704.55727   53   38 5846.16000 4788.47313  18.1%   129 2119s
 27901 19927 5717.37820   61   34 5846.16000 4789.01691  18.1%   129 2120s
 27930 20011 5728.99805   57   12 5846.16000 4789.44277  18.1%   129 2129s
 28038 20090 5830.37507   67   26 5846.16000 4789.61457  18.1%   129 2140s
 28138 20142     cutoff   71      5846.16000 4789.84221  18.1%   129 2150s
 28210 20194 4924.82268   27  414 5846.16000 4789.84221  18.1%   130 2177s
 28278 20318 5410.55813   58  190 5846.16000 4790.09109  18.1%   130 2188s
 28421 20360     cutoff  106      5846.16000 4790.65732  18.1%   130 2198s
 28464 20513 5328.52887   48  180 5846.16000 4790.73021  18.1%   131 2209s
 28547 20514 5784.45681  130   11 5846.16000 4790.73021  18.1%   130 2210s
 28641 20550 5669.88000   98    - 5846.16000 4790.87058  18.1%   131 2251s
 28687 20624 5797.89745   98   20 5846.16000 4791.29487  18.0%   131 2261s
 28778 20733 5557.07095   59   84 5846.16000 4791.71325  18.0%   132 2272s
 28908 20886 5372.15158   66   66 5846.16000 4791.71569  18.0%   132 2305s
 29097 20955 4866.32967   21  394 5846.16000 4791.71569  18.0%   132 2315s
 29172 21047 5305.57573   46   85 5846.16000 4792.68364  18.0%   132 2325s
 29290 21145     cutoff   95      5846.16000 4792.93811  18.0%   132 2337s
 29417 21280 4978.06916   32  222 5846.16000 4793.38271  18.0%   133 2360s
 29575 21379     cutoff   99      5846.16000 4793.54644  18.0%   132 2371s
 29714 21493 5426.37938   61  150 5846.16000 4794.07022  18.0%   133 2382s
 29866 21554     cutoff   87      5846.16000 4794.22332  18.0%   133 2393s
 29930 21689 5081.50874   38  273 5846.16000 4794.23191  18.0%   133 2418s
 30081 21782 5261.70646   55   92 5846.16000 4794.23191  18.0%   133 2430s
 30200 21871 5304.13463   70   36 5846.16000 4794.84890  18.0%   134 2441s
 30316 22063 5585.60000   93    - 5846.16000 4795.29626  18.0%   134 2462s
 30533 22119 5765.02750  102   31 5846.16000 4795.66720  18.0%   134 2473s
 30615 22186     cutoff  113      5846.16000 4796.49799  18.0%   134 2483s
 30691 22265 5314.83078   54  222 5846.16000 4796.56934  18.0%   134 2493s
 30807 22312 5003.01820   31  488 5846.16000 4796.66358  18.0%   134 2529s
 30853 22387 5548.79640   61  123 5846.16000 4796.78923  17.9%   135 2540s
 30961 22521 5123.91649   34  234 5846.16000 4797.52347  17.9%   135 2552s
 31129 22656 infeasible   84      5846.16000 4797.72197  17.9%   135 2566s
 31175 22659 5452.81333   58   19 5846.16000 4797.72197  17.9%   135 2570s
 31331 22686 5802.30000   87    - 5846.16000 4797.79259  17.9%   135 2580s
 31359 22730 5392.52633   37  172 5846.16000 4798.12586  17.9%   135 2590s
 31402 22819     cutoff   53      5846.16000 4798.35545  17.9%   136 2603s
 31516 22881     cutoff  102      5846.16000 4798.55278  17.9%   136 2617s
 31581 22981 5400.81500   49   35 5846.16000 4798.71559  17.9%   136 2631s
 31721 23035 5692.29000   70    - 5846.16000 4798.97892  17.9%   136 2642s
 31775 23162 5724.37992   70   16 5846.16000 4799.04751  17.9%   137 2653s
 31931 23276 5630.07450   77   16 5846.16000 4799.16225  17.9%   137 2674s
 32067 23364 5673.81244   81   35 5846.16000 4799.26242  17.9%   137 2686s
 32175 23457 5327.34694   36  178 5846.16000 4799.67269  17.9%   137 2698s
 32292 23531 4886.26760   28  208 5846.16000 4799.67269  17.9%   137 2731s
 32381 23592 5187.18654   52  103 5846.16000 4800.09835  17.9%   137 2743s
 32457 23680 5135.23854   39  238 5846.16000 4800.17298  17.9%   138 2754s
 32612 23828 5815.69538   88   12 5846.16000 4800.66158  17.9%   138 2785s
 32803 23838     cutoff  105      5846.16000 4801.42048  17.9%   138 2802s
 32811 23899 5000.57987   28  384 5846.16000 4801.42048  17.9%   138 2812s
 32880 23983 5289.80378   56   43 5846.16000 4801.79684  17.9%   138 2830s
 32984 24070     cutoff  109      5846.16000 4801.99716  17.9%   138 2842s
 33091 24204 5274.20729   44  120 5846.16000 4802.29654  17.9%   139 2855s
 33268 24297 5824.30030   92    6 5846.16000 4802.87958  17.8%   139 2882s
 33375 24337     cutoff  105      5846.16000 4803.00711  17.8%   139 2893s
 33431 24359 5469.59808   41  280 5846.16000 4803.19152  17.8%   139 2904s
 33465 24396 4922.80235   27  232 5846.16000 4803.19152  17.8%   139 2921s
 33502 24471 5097.11073   31  288 5846.16000 4803.19152  17.8%   140 2933s
 33577 24570 5374.82045   39  145 5846.16000 4803.19152  17.8%   140 2945s
 33715 24681 5696.88342   57   57 5846.16000 4803.43914  17.8%   140 2975s
 33859 24730     cutoff   84      5846.16000 4803.89710  17.8%   140 2987s
 33931 24858 5132.06957   38  102 5846.16000 4804.07055  17.8%   141 2999s
 34070 24989 5433.43178   98   39 5846.16000 4804.43996  17.8%   141 3012s
 34223 25057 5791.94283  143   37 5846.16000 4804.52649  17.8%   141 3049s
 34298 25237 5461.84622   64   53 5846.16000 4804.54673  17.8%   141 3064s
 34359 25237 5230.97696   46  120 5846.16000 4804.54673  17.8%   141 3065s
 34526 25330     cutoff   81      5846.16000 4805.55899  17.8%   141 3078s
 34636 25435     cutoff  101      5846.16000 4805.84133  17.8%   141 3092s
 34682 25435 5809.49053   65   52 5846.16000 4805.84133  17.8%   141 3103s
 34782 25546 5089.94440   37  176 5846.16000 4806.15534  17.8%   141 3116s
 34910 25735 5184.85168   43  141 5846.16000 4806.20084  17.8%   141 3132s
 35138 25872     cutoff   89      5846.16000 4806.40486  17.8%   141 3149s
 35174 25873 5331.97090   59  131 5846.16000 4806.40486  17.8%   141 3157s

Cutting planes:
  User: 1588
  Gomory: 35
  Cover: 234
  Implied bound: 123
  Clique: 44
  MIR: 90
  StrongCG: 1
  Flow cover: 232
  Zero half: 65
  RLT: 134
  Relax-and-lift: 1
  Lazy constraints: 9572

Explored 35326 nodes (4966586 simplex iterations) in 3603.81 seconds
Thread count was 2 (of 32 available processors)

Solution count 5: 5846.16 5882.48 5899.26 ... 5985.96

Time limit reached
Best objective 5.846160000000e+03, best bound 4.806679891804e+03, gap 17.7806%

User-callback calls 274386, time in user-callback 738.12 sec
================================================================================
