




arguments: ./build/bc_mirp -f ./input/orig_exec_162.cfg
Current dir: /scratch/gui/bc_mirp
File verbosity level: 9
date       time         ( uptime  ) [ thread name/id ]                   file:line     v| 
2021-02-10 12:39:17.315 (   0.069s) [main thread     ]             loguru.cpp:789   INFO| Logging to './output/vi_vc+hc3/OU/V3/Original/execution_10_02_2021_12_39_17.log', mode: 'a', verbosity: 9
--------------------------------------------------------------------------------
Parameters
                           instance_path           ./input/Instances/Original/4/
                            model_policy                                       1
                             nb_vehicles                                       3
                              output_dir      ./output/vi_vc+hc3/OU/V3/Original/
                            sec_strategy                                       1
                       solver_nb_threads                                       2
                         solver_show_log                                    true
                       solver_time_limit                                    3600
                              use_vi_cos                                   false
                              use_vi_cus                                   false
                         use_vi_hc1_full                                   false
                         use_vi_hc1_half                                   false
                      use_vi_hc1_quarter                                   false
                              use_vi_hc2                                   false
                              use_vi_hc3                                    true
                         use_vi_lex_full                                   false
                         use_vi_lex_half                                   false
                      use_vi_lex_quarter                                   false
                              use_vi_qua                                   false
                               use_vi_vc                                    true
                               use_vi_vr                                   false
--------------------------------------------------------------------------------
executing instance: ./input/Instances/Original/4/absH3low_3n30.dat
--------------------------------------------------------------------------------
Instance details
n	31
H	3
C	2841
Li:
[0, 0, 0, 0, 0, 0, 0, 0, 0, 0, 0, 0, 0, 0, 0, 0, 0, 0, 0, 0, 0, 0, 0, 0, 0, 0, 0, 0, 0, 0, 0, ]
Ui:
[0, 246, 98, 54, 144, 171, 192, 180, 165, 98, 122, 198, 297, 144, 130, 129, 219, 138, 142, 150, 108, 66, 64, 285, 180, 204, 276, 168, 240, 198, 122, ]
Distance matrix:
|0	172	56	166	260	198	42	197	296	110	91	112	238	275	323	183	330	232	175	181	162	191	232	280	201	139	356	185	266	216	26	|
|172	0	178	223	320	335	153	355	444	62	231	99	333	376	214	352	176	235	194	106	47	41	353	161	299	175	225	43	326	374	153	|
|56	178	0	110	204	162	93	233	336	125	144	148	187	226	358	180	313	284	123	152	182	185	282	252	256	88	329	177	210	251	42	|
|166	223	110	0	102	150	199	327	431	194	253	237	113	156	431	228	296	386	44	140	248	208	389	218	366	48	287	200	108	344	148	|
|260	320	204	102	0	156	296	391	493	296	340	339	66	90	531	263	362	486	127	226	349	300	469	278	454	148	334	292	6	406	245	|
|198	335	162	150	156	0	239	255	351	286	245	307	93	106	518	111	442	423	194	280	344	335	349	367	352	182	437	327	158	266	199	|
|42	153	93	199	296	239	0	203	296	91	82	76	278	316	284	217	322	191	201	186	133	180	217	281	177	165	356	175	302	222	52	|
|197	355	233	327	391	255	203	0	104	294	125	266	340	361	436	151	524	276	352	377	330	383	109	477	146	319	553	377	395	19	222	|
|296	444	336	431	493	351	296	104	0	384	214	348	440	456	488	241	617	315	456	476	412	475	113	575	176	422	651	470	497	88	322	|
|110	62	125	194	296	286	91	294	384	0	171	55	298	340	238	292	233	210	176	118	58	91	298	201	248	148	273	87	302	313	94	|
|91	231	144	253	340	245	82	125	214	171	0	141	307	339	324	184	403	187	266	266	204	261	140	363	114	230	438	256	346	144	116	|
|112	99	148	237	339	307	76	266	348	55	141	0	332	373	212	292	275	156	225	173	64	137	254	253	200	194	322	135	345	284	108	|
|238	333	187	113	66	93	278	340	440	298	307	332	0	43	536	203	404	469	153	253	354	321	427	322	420	160	385	313	67	353	229	|
|275	376	226	156	90	106	316	361	456	340	339	373	43	0	578	216	443	507	194	295	397	364	453	361	451	203	421	356	88	372	268	|
|323	214	358	431	531	518	284	436	488	238	324	212	536	578	0	498	309	176	407	320	183	245	376	344	312	383	379	251	537	451	319	|
|183	352	180	228	263	111	217	151	241	292	184	292	203	216	498	0	492	371	266	328	345	364	255	426	272	242	501	356	266	159	198	|
|330	176	313	296	362	442	322	524	617	233	403	275	404	443	309	492	0	397	253	164	218	142	529	84	475	260	72	147	367	543	306	|
|232	235	284	386	486	423	191	276	315	210	187	156	469	507	176	371	397	0	379	327	188	276	202	396	139	346	456	277	492	289	242	|
|175	194	123	44	127	194	201	352	456	176	266	225	153	194	407	266	253	379	0	101	225	174	405	174	375	36	244	166	133	370	152	|
|181	106	152	140	226	280	186	377	476	118	266	173	253	295	320	328	164	327	101	0	148	76	403	100	360	98	177	69	232	396	155	|
|162	47	182	248	349	344	133	330	412	58	204	64	354	397	183	345	218	188	225	148	0	89	316	208	259	201	270	90	355	348	149	|
|191	41	185	208	300	335	180	383	475	91	261	137	321	364	245	364	142	276	174	76	89	0	388	119	336	162	185	8	306	402	169	|
|232	353	282	389	469	349	217	109	113	298	140	254	427	453	376	255	529	202	405	403	316	388	0	497	64	369	570	384	474	112	256	|
|280	161	252	218	278	367	281	477	575	201	363	253	322	361	344	426	84	396	174	100	208	119	497	0	449	187	77	119	283	496	255	|
|201	299	256	366	454	352	177	146	176	248	114	200	420	451	312	272	475	139	375	360	259	336	64	449	0	339	521	333	460	156	223	|
|139	175	88	48	148	182	165	319	422	148	230	194	160	203	383	242	260	346	36	98	201	162	369	187	339	0	260	153	154	337	116	|
|356	225	329	287	334	437	356	553	651	273	438	322	385	421	379	501	72	456	244	177	270	185	570	77	521	260	0	187	338	572	331	|
|185	43	177	200	292	327	175	377	470	87	256	135	313	356	251	356	147	277	166	69	90	8	384	119	333	153	187	0	298	396	163	|
|266	326	210	108	6	158	302	395	497	302	346	345	67	88	537	266	367	492	133	232	355	306	474	283	460	154	338	298	0	410	251	|
|216	374	251	344	406	266	222	19	88	313	144	284	353	372	451	159	543	289	370	396	348	402	112	496	156	337	572	396	410	0	241	|
|26	153	42	148	245	199	52	222	322	94	116	108	229	268	319	198	306	242	152	155	149	169	256	255	223	116	331	163	251	241	0	|

--------------------------------------------------------------------------------
Building model...
	using lazy and cut (CVRPSEP package)
Solving IRP LP...
--------------------------------------------------------------------------------

Gurobi 9.1.0 (linux64) logging started Wed Feb 10 12:39:17 2021

Gurobi Optimizer version 9.1.0 build v9.1.0rc0 (linux64)
Thread count: 32 physical cores, 32 logical processors, using up to 2 threads
Optimize a model with 1231 rows, 4858 columns and 16135 nonzeros
Model fingerprint: 0x2e9f02e4
Variable types: 394 continuous, 4464 integer (279 binary)
Coefficient statistics:
  Matrix range     [1e+00, 9e+02]
  Objective range  [1e-02, 7e+02]
  Bounds range     [1e+00, 3e+02]
  RHS range        [1e+00, 5e+03]
Presolve removed 453 rows and 118 columns
Presolve time: 0.08s
Presolved: 778 rows, 4740 columns, 13109 nonzeros
Variable types: 242 continuous, 4498 integer (4207 binary)

Root relaxation: objective 2.351709e+03, 694 iterations, 0.02 seconds

    Nodes    |    Current Node    |     Objective Bounds      |     Work
 Expl Unexpl |  Obj  Depth IntInf | Incumbent    BestBd   Gap | It/Node Time

     0     0 2351.70930    0   88          - 2351.70930      -     -    0s
     0     0 2567.02808    0   82          - 2567.02808      -     -    0s
     0     0 3194.39537    0  106          - 3194.39537      -     -    0s
     0     0 3284.43136    0  174          - 3284.43136      -     -    0s
     0     0 3386.87559    0  155          - 3386.87559      -     -    0s
     0     0 3389.65555    0  128          - 3389.65555      -     -    0s
     0     0 3423.32283    0  192          - 3423.32283      -     -    0s
     0     0 3441.99228    0  209          - 3441.99228      -     -    0s
     0     0 3446.63782    0  249          - 3446.63782      -     -    0s
     0     0 3451.51773    0  237          - 3451.51773      -     -    0s
     0     0 3451.59022    0  239          - 3451.59022      -     -    0s
     0     0 3494.34777    0  263          - 3494.34777      -     -    1s
     0     0 3496.66988    0  292          - 3496.66988      -     -    1s
     0     0 3498.49633    0  276          - 3498.49633      -     -    1s
     0     0 3498.85201    0  309          - 3498.85201      -     -    1s
     0     0 3513.04809    0  299          - 3513.04809      -     -    1s
     0     0 3513.53000    0  324          - 3513.53000      -     -    1s
     0     0 3516.90014    0  281          - 3516.90014      -     -    1s
     0     0 3516.90014    0  245          - 3516.90014      -     -    1s
     0     2 3518.83278    0  232          - 3518.83278      -     -    1s
   164   176 4632.81769   39   80          - 3518.83278      -   158    5s
H  348   383                    5872.1000000 3518.83278  40.1%  98.7    6s
   457   398 3727.61739    7  397 5872.10000 3525.38110  40.0%   123   10s
H  463   392                    5733.1000000 3525.38110  38.5%   125   10s
H  520   432                    5585.7400000 3525.38110  36.9%   154   13s
   539   457 4183.98775   20  209 5585.74000 3525.38110  36.9%   156   15s
H  566   320                    4809.1100000 3525.38110  26.7%   156   15s
   672   419 4364.32600   35   78 4809.11000 3525.38110  26.7%   147   20s
H  723   362                    4466.7500000 3525.38110  21.1%   146   22s
H  725   341                    4449.7499538 3525.38110  20.8%   146   23s
   730   344 4244.55651   33  408 4449.74995 3608.72609  18.9%   145   25s
H  739   332                    4391.7500000 3651.72831  16.9%   143   26s
   761   347 4391.75000   57  508 4391.75000 3662.89033  16.6%   139   30s
   785   364 4032.49860   27  504 4391.75000 3663.66608  16.6%   144   35s
   819   390 3717.53536   27  332 4391.75000 3706.22180  15.6%   157   40s
   905   448 4097.96264   49  153 4391.75000 3706.22180  15.6%   169   45s
  1035   498 3961.64435   35  217 4391.75000 3708.99081  15.5%   179   50s
  1190   563 4373.12050   70  160 4391.75000 3718.50354  15.3%   180   55s
  1314   616 4181.51555   35  109 4391.75000 3718.50354  15.3%   187   60s
  1476   660 4139.06346   29  354 4391.75000 3743.84790  14.8%   186   65s
  1575   712 3883.08210   26  318 4391.75000 3765.56527  14.3%   189   71s
  1720   725     cutoff   41      4391.75000 3788.39221  13.7%   189   75s
  1781   762 3970.85501   26  360 4391.75000 3802.26412  13.4%   193   80s
  1925   804     cutoff   45      4391.75000 3821.55638  13.0%   195   85s
H 2044   866                    4389.1100000 3824.79086  12.9%   196   91s
  2134   910 4202.82928   29  231 4389.11000 3827.76421  12.8%   197   95s
  2282  1030 4129.05752   33  148 4389.11000 3833.01322  12.7%   198  101s
  2418  1098 3949.41157   31  360 4389.11000 3833.97095  12.6%   197  106s
  2510  1147 4262.95982   46  198 4389.11000 3838.95162  12.5%   199  111s
  2619  1208 4180.83631   28  335 4389.11000 3843.97065  12.4%   200  116s
  2690  1248     cutoff   38      4389.11000 3845.84489  12.4%   203  121s
  2787  1291 4207.19325   39  293 4389.11000 3850.62842  12.3%   205  127s
  2877  1325 3948.59376   32  255 4389.11000 3851.86197  12.2%   205  130s
H 2878  1322                    4385.1100000 3851.86197  12.2%   204  130s
  2981  1383 4268.09601   37  230 4385.11000 3855.48097  12.1%   206  136s
  3097  1444 4280.40642   31  291 4385.11000 3859.53310  12.0%   208  142s
* 3165  1425              49    4371.8600000 3865.89665  11.6%   207  142s
  3197  1466 4037.45670   30  326 4371.86000 3866.07613  11.6%   207  146s
  3327  1522 4356.87338   47  346 4371.86000 3874.68967  11.4%   209  153s
  3371  1561 4208.38001   32  259 4371.86000 3878.52273  11.3%   210  156s
  3467  1644 4158.65707   37  246 4371.86000 3883.13784  11.2%   210  161s
  3596  1667 4026.83805   30  325 4371.86000 3887.80994  11.1%   208  165s
  3727  1726 4262.92074   32  350 4371.86000 3890.13399  11.0%   211  174s
  3799  1760 4252.27923   37  389 4371.86000 3897.13292  10.9%   212  178s
  3855  1776 4173.62410   38  244 4371.86000 3900.44515  10.8%   214  183s
  3917  1802 4185.21823   30  285 4371.86000 3909.41677  10.6%   216  199s
  3984  1866 4260.14890   34  216 4371.86000 3909.91651  10.6%   217  205s
  4117  1915     cutoff   54      4371.86000 3925.13670  10.2%   216  210s
  4219  1939 4304.25989   38  275 4371.86000 3926.72110  10.2%   216  216s
  4297  1979 4058.80026   30  386 4371.86000 3928.10099  10.2%   218  221s
  4389  2013 4153.18048   35  358 4371.86000 3931.33406  10.1%   219  228s
  4467  2054 4277.53048   32  310 4371.86000 3935.37329  10.0%   220  234s
  4582  2090 4123.89911   28  278 4371.86000 3936.48256  10.0%   220  240s
  4679  2131     cutoff   41      4371.86000 3937.91026  9.93%   221  247s
  4813  2191 4094.15770   32  465 4371.86000 3947.36415  9.71%   221  254s
  4936  2264     cutoff   44      4371.86000 3954.54307  9.55%   221  261s
  5097  2331 4294.44155   38  230 4371.86000 3960.46549  9.41%   220  268s
  5254  2392     cutoff   54      4371.86000 3962.60631  9.36%   219  276s
  5389  2450 4367.14409   38  255 4371.86000 3963.99289  9.33%   219  284s
  5529  2489 4256.36058   35  310 4371.86000 3968.59180  9.22%   220  291s
  5643  2568 4097.89716   28  304 4371.86000 3974.17475  9.10%   221  299s
* 5699  2462              56    4348.0000000 3974.17475  8.60%   221  299s
  5723  2462 4075.60260   32  314 4348.00000 3976.14917  8.55%   221  300s
  5787  2494     cutoff   35      4348.00000 3976.89453  8.54%   222  307s
H 5788  2485                    4346.0000000 3976.89453  8.49%   222  308s
H 5863  2396                    4336.0000000 3980.48712  8.20%   222  308s
  5917  2448 4212.94520   35  344 4336.00000 3981.09625  8.19%   222  316s
  6078  2492 4152.32236   33  374 4336.00000 3983.55316  8.13%   222  325s
  6210  2539 4075.78390   34  335 4336.00000 3988.16705  8.02%   223  334s
  6340  2618 4330.30322   42  199 4336.00000 3990.28425  7.97%   224  343s
  6527  2665 4259.85568   33  166 4336.00000 3996.24866  7.84%   223  352s
* 6655  2651              46    4334.7000000 4000.44455  7.71%   223  352s
  6679  2690 4197.55335   28  353 4334.70000 4001.43264  7.69%   223  361s
  6807  2724     cutoff   39      4334.70000 4004.56602  7.62%   224  370s
H 6813  2657                    4327.0599789 4004.56602  7.45%   224  370s
  6934  2680 4316.47118   41  229 4327.05998 4008.04282  7.37%   224  378s
  7066  2714 4208.18579   28  295 4327.05998 4012.78559  7.26%   224  387s
H 7128  2714                    4327.0598842 4018.33161  7.13%   225  387s
  7197  2729 4270.53213   33  302 4327.05988 4019.14403  7.12%   225  395s
  7299  2759 4164.27138   27  338 4327.05988 4024.20757  7.00%   227  405s
  7454  2802     cutoff   42      4327.05988 4028.39766  6.90%   227  414s
* 7557  2789              44    4326.0600000 4036.04158  6.70%   227  414s
  7626  2819 4298.10973   41  340 4326.06000 4036.15739  6.70%   227  424s
  7751  2854     cutoff   38      4326.06000 4037.59802  6.67%   229  433s
  7897  2873 4311.91689   33  282 4326.06000 4042.04938  6.57%   229  444s
  8004  2926 4213.85844   37  268 4326.06000 4044.12801  6.52%   230  454s
* 8057  2906              54    4323.8000000 4044.12801  6.47%   229  454s
  8198  2934 4172.54844   35  238 4323.80000 4046.51583  6.41%   230  464s
  8347  3000 4261.15850   36  108 4323.80000 4050.28718  6.33%   230  473s
  8527  3030 4257.91863   39  379 4323.80000 4054.41083  6.23%   230  483s
  8664  3086 4279.21299   38  241 4323.80000 4056.09377  6.19%   231  493s
  8833  3109 4291.42972   40   75 4323.80000 4059.03638  6.12%   231  504s
  8991  3158 4290.72168   30  284 4323.80000 4063.33023  6.02%   231  514s
  9170  3177     cutoff   33      4323.80000 4067.59693  5.93%   231  524s
  9344  3200 4205.68167   32  327 4323.80000 4072.68108  5.81%   231  534s
  9503  3214     cutoff   38      4323.80000 4075.83129  5.73%   232  543s
  9647  3241     cutoff   28      4323.80000 4079.65326  5.65%   233  554s
  9772  3254     cutoff   35      4323.80000 4082.21304  5.59%   233  589s
  9927  3265 4303.04634   36  127 4323.80000 4084.26853  5.54%   233  600s
 10098  3290 4250.48730   39  303 4323.80000 4087.12599  5.47%   232  610s
 10279  3294     cutoff   34      4323.80000 4090.88804  5.39%   232  621s
 10421  3324 4305.64574   38  211 4323.80000 4093.96970  5.32%   233  631s
 10580  3346     cutoff   39      4323.80000 4095.52991  5.28%   234  641s
 10764  3388     cutoff   35      4323.80000 4098.11225  5.22%   234  652s
 11000  3389 4272.63623   34  315 4323.80000 4102.65535  5.11%   232  662s
 11158  3418 4193.05036   37  335 4323.80000 4107.18732  5.01%   233  673s
 11347  3435 4291.48197   38  265 4323.80000 4108.91753  4.97%   233  683s
 11513  3439     cutoff   33      4323.80000 4111.41561  4.91%   233  694s
 11672  3437 4302.48996   35  287 4323.80000 4114.54754  4.84%   233  704s
 11844  3470 4286.07982   42  296 4323.80000 4118.41925  4.75%   233  715s
 12023  3476     cutoff   35      4323.80000 4120.34026  4.71%   233  726s
 12193  3504 4160.17152   34  336 4323.80000 4123.30581  4.64%   234  737s
 12420  3508     cutoff   34      4323.80000 4126.88367  4.55%   233  748s
 12565  3528 4291.90085   36   95 4323.80000 4130.79974  4.46%   233  759s
 12767  3545 4231.64098   39   40 4323.80000 4133.78159  4.39%   233  770s
 12952  3535     cutoff   38      4323.80000 4135.80140  4.35%   233  781s
 13125  3527     cutoff   35      4323.80000 4138.72253  4.28%   233  792s
 13284  3547 4278.86146   29  238 4323.80000 4141.44575  4.22%   233  803s
 13478  3562     cutoff   35      4323.80000 4144.77155  4.14%   233  813s
 13649  3552     cutoff   33      4323.80000 4148.07970  4.06%   233  824s
 13732  3552 4316.25762   35  214 4323.80000 4151.06083  4.00%   233  825s
 13843  3566     cutoff   37      4323.80000 4151.19585  3.99%   233  835s
 14041  3576     cutoff   35      4323.80000 4153.05956  3.95%   233  846s
 14225  3573 4249.01764   36  112 4323.80000 4155.17275  3.90%   233  856s
 14398  3600 4275.85715   43  168 4323.80000 4157.22962  3.85%   233  868s
 14579  3614     cutoff   38      4323.80000 4159.16562  3.81%   233  878s
 14787  3611 4301.32341   35   92 4323.80000 4161.61901  3.75%   232  889s
 14968  3621 4295.74375   38  321 4323.80000 4164.30528  3.69%   232  900s
 15205  3615     cutoff   29      4323.80000 4166.55079  3.64%   231  910s
 15394  3618     cutoff   45      4323.80000 4169.26926  3.57%   231  921s
*15449  3477              51    4314.0000000 4169.26926  3.35%   231  921s
 15626  3481 4270.16367   32  109 4314.00000 4171.89661  3.29%   231  932s
 15845  3497     cutoff   37      4314.00000 4175.28400  3.22%   230  942s
 16052  3500 4303.83233   40  183 4314.00000 4176.75964  3.18%   230  953s
 16273  3478     cutoff   36      4314.00000 4179.97739  3.11%   229  963s
 16458  3482     cutoff   34      4314.00000 4182.96304  3.04%   229  975s
H16588  2528                    4278.0000000 4182.96304  2.22%   228  975s
 16717  2469 4271.84024   36  218 4278.00000 4185.39144  2.16%   228  985s
 16925  2413 4237.98882   32  208 4278.00000 4190.06626  2.06%   227  995s
*17086  2222              47    4272.4100000 4193.50893  1.85%   227  995s
 17140  2165 4266.36369   35  106 4272.41000 4193.56735  1.85%   227 1005s
 17406  2074 4258.05125   40  246 4272.41000 4197.44013  1.75%   225 1014s
 17606  2011     cutoff   30      4272.41000 4201.87501  1.65%   225 1024s
 17786  1914     cutoff   39      4272.41000 4205.47341  1.57%   224 1034s
 18088  1802     cutoff   48      4272.41000 4209.22727  1.48%   223 1042s
 18320  1691     cutoff   36      4272.41000 4214.21531  1.36%   222 1051s
 18563  1567     cutoff   39      4272.41000 4218.73145  1.26%   220 1058s
 18770  1433     cutoff   45      4272.41000 4223.19445  1.15%   219 1064s
 18962  1285     cutoff   44      4272.41000 4227.76869  1.04%   218 1072s
 19223  1123     cutoff   39      4272.41000 4232.71013  0.93%   217 1079s
 19446   945     cutoff   33      4272.41000 4237.93932  0.81%   216 1085s
 19683   749     cutoff   39      4272.41000 4243.86881  0.67%   214 1090s
 19917   533     cutoff   40      4272.41000 4249.93340  0.53%   212 1095s
 20406    36     cutoff   35      4272.41000 4263.50738  0.21%   209 1101s

Cutting planes:
  User: 4274
  Gomory: 25
  Cover: 259
  Implied bound: 122
  Projected implied bound: 3
  Clique: 11
  MIR: 82
  StrongCG: 2
  Flow cover: 209
  GUB cover: 1
  Inf proof: 1
  Zero half: 7
  RLT: 119
  Relax-and-lift: 6
  Lazy constraints: 323

Explored 20702 nodes (4269939 simplex iterations) in 1101.73 seconds
Thread count was 2 (of 32 available processors)

Solution count 10: 4272.41 4278 4314 ... 4348

Optimal solution found (tolerance 1.00e-04)
Best objective 4.272410000000e+03, best bound 4.272410000000e+03, gap 0.0000%

User-callback calls 131905, time in user-callback 41.57 sec
================================================================================
executing instance: ./input/Instances/Original/4/absH3low_3n10.dat
--------------------------------------------------------------------------------
Instance details
n	11
H	3
C	687
Li:
[0, 0, 0, 0, 0, 0, 0, 0, 0, 0, 0, ]
Ui:
[0, 189, 44, 174, 78, 36, 198, 117, 42, 96, 240, ]
Distance matrix:
|0	209	255	286	142	156	285	317	182	161	135	|
|209	0	464	451	315	356	490	469	361	299	260	|
|255	464	0	221	202	130	74	280	189	254	273	|
|286	451	221	0	145	156	164	479	354	153	192	|
|142	315	202	145	0	73	194	388	250	53	73	|
|156	356	130	156	73	0	134	332	200	127	144	|
|285	490	74	164	194	134	0	353	256	239	267	|
|317	469	280	479	388	332	353	0	141	436	430	|
|182	361	189	354	250	200	256	141	0	296	289	|
|161	299	254	153	53	127	239	436	296	0	39	|
|135	260	273	192	73	144	267	430	289	39	0	|

--------------------------------------------------------------------------------
Building model...
	using lazy and cut (CVRPSEP package)
Solving IRP LP...
--------------------------------------------------------------------------------

Gurobi 9.1.0 (linux64) logging started Wed Feb 10 12:57:39 2021

Gurobi Optimizer version 9.1.0 build v9.1.0rc0 (linux64)
Thread count: 32 physical cores, 32 logical processors, using up to 2 threads
Optimize a model with 431 rows, 728 columns and 2705 nonzeros
Model fingerprint: 0x831c4e6f
Variable types: 134 continuous, 594 integer (99 binary)
Coefficient statistics:
  Matrix range     [1e+00, 2e+02]
  Objective range  [1e-02, 5e+02]
  Bounds range     [1e+00, 2e+02]
  RHS range        [1e+00, 1e+03]
Presolve removed 156 rows and 41 columns
Presolve time: 0.02s
Presolved: 275 rows, 687 columns, 2160 nonzeros
Variable types: 82 continuous, 605 integer (508 binary)
Found heuristic solution: objective 6252.7100000

Root relaxation: objective 1.476189e+03, 360 iterations, 0.01 seconds

    Nodes    |    Current Node    |     Objective Bounds      |     Work
 Expl Unexpl |  Obj  Depth IntInf | Incumbent    BestBd   Gap | It/Node Time

     0     0 1476.18878    0   38 6252.71000 1476.18878  76.4%     -    0s
H    0     0                    6179.7100000 1476.18878  76.1%     -    0s
     0     0 1621.72332    0   40 6179.71000 1621.72332  73.8%     -    0s
H    0     0                    4740.0100000 1621.72332  65.8%     -    0s
     0     0 2070.86651    0   68 4740.01000 2070.86651  56.3%     -    0s
     0     0 2070.86651    0   67 4740.01000 2070.86651  56.3%     -    0s
     0     0 2148.82793    0   95 4740.01000 2148.82793  54.7%     -    0s
     0     0 2155.14609    0   77 4740.01000 2155.14609  54.5%     -    0s
     0     0 2157.24560    0  113 4740.01000 2157.24560  54.5%     -    0s
     0     0 2157.31404    0   78 4740.01000 2157.31404  54.5%     -    0s
     0     0 2208.72162    0   95 4740.01000 2208.72162  53.4%     -    0s
H    0     0                    3329.4900000 2208.72162  33.7%     -    0s
H    0     0                    3123.4900000 2208.72162  29.3%     -    0s
     0     0 2231.12975    0  127 3123.49000 2231.12975  28.6%     -    0s
     0     0 2232.25237    0  127 3123.49000 2232.25237  28.5%     -    0s
     0     0 2232.51497    0  121 3123.49000 2232.51497  28.5%     -    0s
     0     0 2296.79525    0   60 3123.49000 2296.79525  26.5%     -    0s
H    0     0                    2822.1000000 2296.79525  18.6%     -    0s
     0     0 2296.81777    0   53 2822.10000 2296.81777  18.6%     -    0s
     0     0 2308.77324    0  115 2822.10000 2308.77324  18.2%     -    0s
     0     0 2309.56589    0  114 2822.10000 2309.56589  18.2%     -    0s
     0     0 2309.56589    0  120 2822.10000 2309.56589  18.2%     -    0s
     0     0 2310.29650    0  144 2822.10000 2310.29650  18.1%     -    0s
     0     0 2310.29650    0  137 2822.10000 2310.29650  18.1%     -    0s
H    0     0                    2778.1000000 2310.88278  16.8%     -    0s
     0     2 2310.88278    0  137 2778.10000 2310.88278  16.8%     -    0s
H   96    90                    2735.3600000 2354.13696  13.9%  46.2    0s
H  175   137                    2734.1000000 2360.23672  13.7%  42.1    0s

Cutting planes:
  User: 89
  Gomory: 4
  Cover: 101
  Implied bound: 52
  Clique: 21
  MIR: 47
  StrongCG: 3
  Flow cover: 70
  Inf proof: 1
  Zero half: 5
  Network: 5
  RLT: 52
  Relax-and-lift: 13
  Lazy constraints: 23

Explored 1380 nodes (64037 simplex iterations) in 2.92 seconds
Thread count was 2 (of 32 available processors)

Solution count 9: 2734.1 2735.36 2778.1 ... 6252.71

Optimal solution found (tolerance 1.00e-04)
Best objective 2.734100000000e+03, best bound 2.734100000000e+03, gap 0.0000%

User-callback calls 3414, time in user-callback 0.31 sec
================================================================================
executing instance: ./input/Instances/Original/4/absH3low_3n15.dat
--------------------------------------------------------------------------------
Instance details
n	16
H	3
C	1267
Li:
[0, 0, 0, 0, 0, 0, 0, 0, 0, 0, 0, 0, 0, 0, 0, 0, ]
Ui:
[0, 156, 267, 148, 144, 87, 33, 171, 76, 141, 270, 282, 60, 110, 172, 57, ]
Distance matrix:
|0	229	567	76	58	96	306	409	310	423	108	346	165	347	159	256	|
|229	0	482	243	279	155	375	525	251	419	158	373	65	123	329	246	|
|567	482	0	506	622	483	342	439	259	200	467	274	486	433	501	312	|
|76	243	506	0	119	88	230	337	255	352	88	272	179	347	94	194	|
|58	279	622	119	0	154	345	431	366	471	166	391	217	399	179	310	|
|96	155	483	88	154	0	266	397	224	358	17	289	92	262	176	179	|
|306	375	342	230	345	266	0	158	184	148	251	68	332	423	181	140	|
|409	525	439	337	431	397	158	0	340	244	386	201	476	581	253	298	|
|310	251	259	255	366	224	184	340	0	170	208	146	238	257	274	66	|
|423	419	200	352	471	358	148	244	170	0	341	84	396	424	323	182	|
|108	158	467	88	166	17	251	386	208	341	0	273	96	259	172	162	|
|346	373	274	272	391	289	68	201	146	84	273	0	340	400	239	127	|
|165	65	486	179	217	92	332	476	238	396	96	340	0	182	267	216	|
|347	123	433	347	399	262	423	581	257	424	259	400	182	0	423	283	|
|159	329	501	94	179	176	181	253	274	323	172	239	267	423	0	208	|
|256	246	312	194	310	179	140	298	66	182	162	127	216	283	208	0	|

--------------------------------------------------------------------------------
Building model...
	using lazy and cut (CVRPSEP package)
Solving IRP LP...
--------------------------------------------------------------------------------

Gurobi 9.1.0 (linux64) logging started Wed Feb 10 12:57:42 2021

Gurobi Optimizer version 9.1.0 build v9.1.0rc0 (linux64)
Thread count: 32 physical cores, 32 logical processors, using up to 2 threads
Optimize a model with 631 rows, 1423 columns and 5050 nonzeros
Model fingerprint: 0xe07469c4
Variable types: 199 continuous, 1224 integer (144 binary)
Coefficient statistics:
  Matrix range     [1e+00, 4e+02]
  Objective range  [1e-02, 6e+02]
  Bounds range     [1e+00, 3e+02]
  RHS range        [1e+00, 2e+03]
Presolve removed 231 rows and 61 columns
Presolve time: 0.03s
Presolved: 400 rows, 1362 columns, 4099 nonzeros
Variable types: 122 continuous, 1240 integer (1095 binary)

Root relaxation: objective 1.782467e+03, 543 iterations, 0.01 seconds

    Nodes    |    Current Node    |     Objective Bounds      |     Work
 Expl Unexpl |  Obj  Depth IntInf | Incumbent    BestBd   Gap | It/Node Time

     0     0 1782.46686    0   53          - 1782.46686      -     -    0s
     0     0 1983.88001    0   41          - 1983.88001      -     -    0s
     0     0 1983.88001    0   40          - 1983.88001      -     -    0s
     0     0 2306.22414    0  127          - 2306.22414      -     -    0s
     0     0 2432.35797    0  129          - 2432.35797      -     -    0s
     0     0 2433.18453    0  136          - 2433.18453      -     -    0s
     0     0 2433.18453    0  133          - 2433.18453      -     -    0s
     0     0 2512.18909    0  152          - 2512.18909      -     -    0s
     0     0 2535.45776    0  105          - 2535.45776      -     -    0s
     0     0 2560.82062    0  100          - 2560.82062      -     -    0s
     0     0 2575.67982    0  144          - 2575.67982      -     -    0s
     0     0 2576.85388    0  102          - 2576.85388      -     -    0s
     0     0 2576.88305    0  101          - 2576.88305      -     -    0s
     0     0 2646.51577    0  164          - 2646.51577      -     -    0s
H    0     0                    4935.9000000 2646.51577  46.4%     -    0s
H    0     0                    4824.9000000 2646.51577  45.1%     -    0s
     0     0 2658.00717    0  167 4824.90000 2658.00717  44.9%     -    0s
     0     0 2658.96047    0  159 4824.90000 2658.96047  44.9%     -    0s
     0     0 2659.05180    0  162 4824.90000 2659.05180  44.9%     -    0s
     0     0 2707.29408    0  124 4824.90000 2707.29408  43.9%     -    0s
     0     0 2724.61484    0  181 4824.90000 2724.61484  43.5%     -    0s
     0     0 2726.03982    0  186 4824.90000 2726.03982  43.5%     -    0s
     0     0 2726.12633    0  187 4824.90000 2726.12633  43.5%     -    0s
     0     0 2736.85689    0  207 4824.90000 2736.85689  43.3%     -    0s
     0     0 2738.82608    0  194 4824.90000 2738.82608  43.2%     -    0s
     0     0 2739.00012    0  197 4824.90000 2739.00012  43.2%     -    0s
     0     0 2741.05631    0  212 4824.90000 2741.05631  43.2%     -    0s
     0     0 2741.05631    0  205 4824.90000 2741.05631  43.2%     -    0s
     0     2 2756.68428    0  218 4824.90000 2756.68428  42.9%     -    0s
H  312   204                    3683.5600000 2764.35284  25.0%  61.1    2s
H  315   175                    3503.5600000 2764.35284  21.1%  60.7    2s
H  447   259                    3477.5600000 2788.27623  19.8%  62.2    3s
   634   321 3306.60045   15   96 3477.56000 2830.99417  18.6%  68.5    5s
H  780   384                    3464.5600000 2917.07419  15.8%  79.2    9s
   812   392 3037.71586   27  123 3464.56000 2917.07419  15.8%  82.1   10s
H 1096   397                    3463.5200000 2950.41324  14.8%  87.8   12s
H 1133   371                    3448.5200000 2950.41324  14.4%  90.1   13s
  1385   384 3385.43740   27  127 3448.52000 3053.72097  11.4%  87.0   15s
H 1484   348                    3401.5600000 3080.30887  9.44%  87.4   15s
  1969   367 3341.90424   49   47 3401.56000 3205.48614  5.76%  86.4   20s
  3024   368     cutoff   28      3401.56000 3310.14972  2.69%  73.1   25s

Cutting planes:
  User: 621
  Gomory: 5
  Cover: 140
  Implied bound: 77
  Projected implied bound: 4
  Clique: 11
  MIR: 57
  Flow cover: 103
  Inf proof: 3
  Zero half: 3
  Network: 3
  RLT: 111
  Relax-and-lift: 8
  Lazy constraints: 73

Explored 3929 nodes (252409 simplex iterations) in 27.19 seconds
Thread count was 2 (of 32 available processors)

Solution count 9: 3401.56 3448.52 3463.52 ... 4935.9

Optimal solution found (tolerance 1.00e-04)
Best objective 3.401560000000e+03, best bound 3.401560000000e+03, gap 0.0000%

User-callback calls 12653, time in user-callback 1.73 sec
================================================================================
executing instance: ./input/Instances/Original/4/absH3low_2n45.dat
--------------------------------------------------------------------------------
Instance details
n	46
H	3
C	3171
Li:
[0, 0, 0, 0, 0, 0, 0, 0, 0, 0, 0, 0, 0, 0, 0, 0, 0, 0, 0, 0, 0, 0, 0, 0, 0, 0, 0, 0, 0, 0, 0, 0, 0, 0, 0, 0, 0, 0, 0, 0, 0, 0, 0, 0, 0, 0, ]
Ui:
[0, 246, 160, 78, 20, 87, 144, 40, 20, 82, 60, 96, 24, 136, 160, 108, 160, 26, 228, 51, 24, 240, 231, 70, 32, 105, 174, 114, 246, 126, 132, 76, 22, 42, 255, 132, 148, 162, 66, 111, 102, 240, 123, 201, 297, 78, ]
Distance matrix:
|0	148	402	550	329	420	187	318	366	280	504	273	233	333	112	344	379	481	113	593	159	523	261	424	90	359	163	461	413	240	105	299	265	89	371	462	339	273	495	22	41	439	369	506	563	468	|
|148	0	284	517	394	284	136	369	244	311	496	166	329	355	223	202	338	388	204	565	254	506	118	346	71	423	173	471	336	118	105	352	198	105	248	428	302	305	487	153	179	441	230	497	517	370	|
|402	284	0	350	448	80	228	406	42	343	382	129	456	350	412	126	219	131	382	395	410	371	180	137	314	466	289	400	137	167	389	401	169	316	39	280	217	342	373	394	414	362	108	380	324	106	|
|550	517	350	0	339	429	385	308	374	295	93	375	431	249	481	461	180	239	458	48	445	57	474	214	496	333	387	160	216	424	601	321	320	471	376	90	217	301	93	530	534	146	452	88	52	262	|
|329	394	448	339	0	513	282	42	438	105	255	363	115	108	221	484	259	431	217	365	172	289	436	362	333	30	224	189	353	380	423	47	291	296	443	285	240	107	251	307	294	193	495	260	378	437	|
|420	284	80	429	513	0	267	473	76	408	462	163	509	421	449	86	298	201	421	474	455	451	167	217	330	533	333	478	217	181	386	466	225	341	70	360	291	406	453	416	438	440	59	460	400	176	|
|187	136	228	385	282	267	0	249	199	186	360	104	248	224	184	214	207	294	155	432	189	371	155	237	113	308	68	336	227	101	216	236	78	98	205	296	168	181	350	174	190	305	231	360	390	283	|
|318	369	406	308	42	473	249	0	397	66	229	325	128	67	216	447	218	389	206	337	168	260	402	320	311	61	196	167	311	345	406	19	252	275	403	248	198	70	223	296	286	164	457	233	344	395	|
|366	244	42	374	438	76	199	397	0	332	397	96	436	346	383	90	228	168	354	420	385	389	139	161	277	458	263	408	158	128	349	391	150	282	6	298	218	331	388	359	380	370	78	395	352	144	|
|280	311	343	295	105	408	186	66	332	0	231	259	142	53	191	380	171	337	173	332	150	257	337	267	258	127	139	182	258	280	359	58	186	223	338	222	143	6	224	258	254	164	390	234	323	340	|
|504	496	382	93	255	462	360	229	397	231	0	375	356	180	422	478	173	293	403	110	381	36	474	248	463	245	345	68	246	419	568	244	308	433	400	104	200	237	9	482	482	67	474	5	142	312	|
|273	166	129	375	363	163	104	325	96	259	375	0	347	283	288	121	202	221	259	423	292	376	99	183	186	386	170	370	175	52	269	315	76	187	102	288	177	256	365	265	285	333	133	374	365	204	|
|233	329	456	431	115	509	248	128	436	142	356	347	0	181	121	462	311	472	128	463	76	386	398	403	260	141	180	294	392	349	334	111	287	224	442	362	280	139	350	212	194	289	479	360	463	472	|
|333	355	350	249	108	421	224	67	346	53	180	283	181	0	244	403	152	324	226	283	201	207	369	256	307	118	186	129	247	311	409	74	208	273	351	183	136	59	173	311	307	113	410	183	282	331	|
|112	223	412	481	221	449	184	216	383	191	422	288	121	244	0	387	327	461	30	521	49	447	313	396	152	250	125	371	385	273	214	196	249	121	389	400	288	185	415	91	74	355	408	425	503	454	|
|344	202	126	461	484	86	214	447	90	380	478	121	462	403	387	0	305	256	360	508	400	473	84	250	255	507	282	482	246	115	302	437	196	271	90	382	288	377	469	343	367	444	28	476	441	232	|
|379	338	219	180	259	298	207	218	228	171	173	202	311	152	327	305	0	172	301	227	300	174	302	105	318	270	217	180	97	249	423	221	141	296	232	90	40	173	164	361	368	142	303	172	184	180	|
|481	388	131	239	431	201	294	389	168	337	293	221	472	324	461	256	172	0	432	280	446	273	300	70	400	442	337	330	80	271	490	391	217	391	167	191	194	339	286	468	483	294	239	289	203	26	|
|113	204	382	458	217	421	155	206	354	173	403	259	128	226	30	360	301	432	0	499	52	426	287	367	133	246	95	355	356	246	208	187	219	100	360	376	261	167	395	90	81	337	381	406	478	425	|
|593	565	395	48	365	474	432	337	420	332	110	423	463	283	521	508	227	280	499	0	482	77	521	260	542	356	431	178	262	472	647	352	368	516	422	137	264	338	114	573	576	174	499	106	78	304	|
|159	254	410	445	172	455	189	168	385	150	381	292	76	201	49	400	300	446	52	482	0	407	331	378	184	201	122	327	367	286	258	149	242	150	391	367	263	144	374	137	122	314	419	384	470	441	|
|523	506	371	57	289	451	371	260	389	257	36	376	386	207	447	473	174	273	426	77	407	0	475	234	477	280	363	104	234	422	583	275	313	449	392	91	205	263	38	503	504	97	468	31	108	294	|
|261	118	180	474	436	167	155	402	139	337	474	99	398	369	313	84	302	300	287	521	331	475	0	275	173	462	220	465	268	58	219	390	168	193	142	388	275	333	464	261	286	430	111	473	462	279	|
|424	346	137	214	362	217	237	320	161	267	248	183	403	256	396	250	105	70	367	260	378	234	275	0	348	374	274	274	11	234	444	321	159	335	163	145	124	269	239	409	422	237	239	245	191	76	|
|90	71	314	496	333	330	113	311	277	258	463	186	260	307	152	255	318	400	133	542	184	477	173	348	0	362	121	430	338	150	106	293	190	37	282	406	279	252	454	88	113	403	280	464	502	386	|
|359	423	466	333	30	533	308	61	458	127	245	386	141	118	250	507	270	442	246	356	201	280	462	374	362	0	252	178	365	406	453	73	313	325	463	286	254	130	242	336	324	187	517	250	374	449	|
|163	173	289	387	224	333	68	196	263	139	345	170	180	186	125	282	217	337	95	431	122	363	220	274	121	252	0	310	263	168	225	180	124	88	269	300	177	133	337	144	152	284	299	347	400	330	|
|461	471	400	160	189	478	336	167	408	182	68	370	294	129	371	482	180	330	355	178	327	104	465	274	430	178	310	0	269	408	534	184	297	398	412	142	194	188	66	439	436	38	482	73	206	345	|
|413	336	137	216	353	217	227	311	158	258	246	175	392	247	385	246	97	80	356	262	367	234	268	11	338	365	263	269	0	226	434	312	149	324	160	143	115	259	237	399	411	232	237	243	196	84	|
|240	118	167	424	380	181	101	345	128	280	419	52	349	311	273	115	249	271	246	472	286	422	58	234	150	406	168	408	226	0	223	333	111	160	133	336	219	276	409	235	258	373	136	418	416	252	|
|105	105	389	601	423	386	216	406	349	359	568	269	334	409	214	302	423	490	208	647	258	583	219	444	106	453	225	534	434	223	0	388	289	137	353	511	384	353	559	123	145	508	330	570	606	473	|
|299	352	401	321	47	466	236	19	391	58	244	315	111	74	196	437	221	391	187	352	149	275	390	321	293	73	180	184	312	333	388	0	243	257	396	258	197	60	238	276	267	178	448	248	355	395	|
|265	198	169	320	291	225	78	252	150	186	308	76	287	208	249	196	141	217	219	368	242	313	168	159	190	313	124	297	149	111	289	243	0	176	156	231	109	183	299	251	266	262	205	308	319	207	|
|89	105	316	471	296	341	98	275	282	223	433	187	224	273	121	271	296	391	100	516	150	449	193	335	37	325	88	398	324	160	137	257	176	0	287	382	256	217	424	78	98	372	295	434	480	379	|
|371	248	39	376	443	70	205	403	6	338	400	102	442	351	389	90	232	167	360	422	391	392	142	163	282	463	269	412	160	133	353	396	156	287	0	301	222	336	391	365	386	374	77	398	353	143	|
|462	428	280	90	285	360	296	248	298	222	104	288	362	183	400	382	90	191	376	137	367	91	388	145	406	286	300	142	143	336	511	258	231	382	301	0	127	226	96	443	448	110	376	100	103	209	|
|339	302	217	217	240	291	168	198	218	143	200	177	280	136	288	288	40	194	261	264	263	205	275	124	279	254	177	194	115	219	384	197	109	256	222	127	0	145	190	321	328	157	289	199	224	198	|
|273	305	342	301	107	406	181	70	331	6	237	256	139	59	185	377	173	339	167	338	144	263	333	269	252	130	133	188	259	276	353	60	183	217	336	226	145	0	230	251	248	170	388	240	328	341	|
|495	487	373	93	251	453	350	223	388	224	9	365	350	173	415	469	164	286	395	114	374	38	464	239	454	242	337	66	237	409	559	238	299	424	391	96	190	230	0	474	474	61	465	11	141	305	|
