




arguments: ./build/bc_mirp -f ./input/orig_exec_210.cfg
Current dir: /scratch/gui/bc_mirp
File verbosity level: 9
date       time         ( uptime  ) [ thread name/id ]                   file:line     v| 
2021-02-14 08:11:37.108 (   0.193s) [main thread     ]             loguru.cpp:789   INFO| Logging to './output/vi_vc+hc3/OU/V3/Original/execution_14_02_2021_08_11_37.log', mode: 'a', verbosity: 9
--------------------------------------------------------------------------------
Parameters
                           instance_path           ./input/Instances/Original/5/
                            model_policy                                       1
                             nb_vehicles                                       3
                              output_dir      ./output/vi_vc+hc3/OU/V3/Original/
                            sec_strategy                                       1
                       solver_nb_threads                                       2
                         solver_show_log                                    true
                       solver_time_limit                                    3600
                              use_vi_cos                                   false
                              use_vi_cus                                   false
                         use_vi_hc1_full                                   false
                         use_vi_hc1_half                                   false
                      use_vi_hc1_quarter                                   false
                              use_vi_hc2                                   false
                              use_vi_hc3                                    true
                         use_vi_lex_full                                   false
                         use_vi_lex_half                                   false
                      use_vi_lex_quarter                                   false
                              use_vi_qua                                   false
                               use_vi_vc                                    true
                               use_vi_vr                                   false
--------------------------------------------------------------------------------
executing instance: ./input/Instances/Original/5/absH3low_4n50.dat
--------------------------------------------------------------------------------
Instance details
n	51
H	3
C	4066
Li:
[0, 0, 0, 0, 0, 0, 0, 0, 0, 0, 0, 0, 0, 0, 0, 0, 0, 0, 0, 0, 0, 0, 0, 0, 0, 0, 0, 0, 0, 0, 0, 0, 0, 0, 0, 0, 0, 0, 0, 0, 0, 0, 0, 0, 0, 0, 0, 0, 0, 0, 0, ]
Ui:
[0, 108, 126, 122, 66, 120, 48, 30, 128, 54, 158, 198, 36, 66, 210, 234, 147, 297, 171, 128, 116, 120, 219, 70, 294, 207, 134, 128, 234, 122, 22, 183, 195, 255, 132, 124, 66, 189, 219, 66, 128, 102, 288, 66, 87, 136, 36, 39, 282, 36, 237, ]
Distance matrix:
|0	210	444	498	509	104	438	228	487	304	456	434	526	476	163	47	293	396	293	290	313	85	280	437	293	336	409	106	449	376	433	478	193	404	404	534	278	181	380	507	189	438	263	473	353	216	202	218	452	254	465	|
|210	0	299	507	359	106	345	409	358	411	320	402	555	448	136	200	289	264	306	427	141	222	83	348	264	320	283	303	380	208	258	357	170	348	475	542	243	347	355	379	65	479	172	373	355	251	112	229	402	210	300	|
|444	299	0	363	65	358	116	542	66	440	26	241	425	272	282	407	251	51	276	490	159	397	224	124	217	237	48	490	170	99	83	74	261	180	430	385	214	479	231	85	270	390	184	116	271	300	409	276	210	215	54	|
|498	507	363	0	385	482	246	424	326	254	343	123	63	93	388	452	221	337	211	314	428	414	480	239	243	187	324	463	194	418	438	307	346	188	156	36	264	392	156	326	444	87	340	258	154	286	603	294	153	297	417	|
|509	359	65	385	0	422	145	602	59	492	59	269	448	292	348	472	305	115	329	545	218	462	281	152	274	286	106	554	192	153	116	78	326	216	472	403	274	540	271	63	334	425	249	127	316	361	468	337	233	278	69	|
|104	106	358	482	422	0	372	309	408	337	374	396	521	441	98	96	262	314	271	342	215	124	177	373	249	302	329	198	394	281	337	402	139	353	419	518	230	250	343	428	90	437	188	405	328	200	134	188	406	199	372	|
|438	345	116	246	145	372	0	485	87	357	97	126	309	155	279	394	180	101	200	414	223	373	288	8	157	150	84	459	53	188	196	68	245	72	328	269	165	427	128	97	297	280	184	36	175	250	456	233	94	184	170	|
|228	409	542	424	602	309	485	0	561	170	544	419	424	446	298	214	305	491	286	115	462	187	457	480	331	339	496	124	470	510	565	545	295	424	279	454	329	66	376	576	363	340	370	520	330	242	429	266	453	328	581	|
|487	358	66	326	59	408	87	561	0	441	40	211	389	233	324	446	258	95	281	497	220	431	287	95	230	234	79	522	133	164	146	19	297	160	415	344	233	500	215	21	323	367	224	68	261	320	470	299	174	242	106	|
|304	411	440	254	492	337	357	170	441	0	434	266	255	286	275	266	189	392	164	63	408	225	428	351	224	207	392	234	330	438	484	424	250	287	112	284	232	149	233	453	349	170	302	389	185	168	471	195	305	248	487	|
|456	320	26	343	59	374	97	544	40	434	0	223	406	252	294	418	247	60	271	487	181	405	247	105	215	229	49	498	149	124	109	48	270	165	419	364	215	482	218	60	288	375	194	92	261	302	431	279	190	220	75	|
|434	402	241	123	269	396	126	419	211	266	223	0	185	46	298	387	140	213	145	328	310	355	366	118	147	97	201	425	78	295	315	191	256	65	211	151	166	371	53	215	343	157	231	145	90	220	505	217	41	198	295	|
|526	555	425	63	448	521	309	424	389	255	406	185	0	156	430	481	266	398	252	310	485	442	534	301	293	237	386	480	257	478	500	370	390	249	145	55	313	401	212	389	491	89	392	321	201	322	646	334	216	345	479	|
|476	448	272	93	292	441	155	446	233	286	252	46	156	0	343	429	183	250	184	348	353	396	411	148	192	140	236	461	102	334	350	214	302	106	214	113	212	402	98	233	389	151	277	165	125	261	551	260	62	244	325	|
|163	136	282	388	348	98	279	298	324	275	294	298	430	343	0	124	167	234	178	296	167	121	162	279	151	205	247	216	297	224	280	316	42	256	340	423	132	232	246	344	74	349	100	314	233	115	216	97	308	101	307	|
|47	200	407	452	472	96	394	214	446	266	418	387	481	429	124	0	246	358	245	259	284	41	261	392	247	289	370	103	403	345	402	436	150	358	361	488	232	158	333	466	165	393	223	430	306	168	217	171	406	210	431	|
|293	289	251	221	305	262	180	305	258	189	247	140	266	183	167	246	0	204	26	240	238	215	276	175	37	43	203	289	169	255	297	242	125	122	202	257	52	248	87	272	225	191	134	215	67	80	382	77	163	81	298	|
|396	264	51	337	115	314	101	491	95	392	60	213	398	250	234	358	204	0	229	442	130	347	196	108	169	194	19	440	152	87	102	93	211	149	390	363	165	428	194	116	228	355	134	117	230	250	376	225	189	164	95	|
|293	306	276	211	329	271	200	286	281	164	271	145	252	184	178	245	26	229	0	216	262	212	297	195	63	53	228	280	184	280	323	264	138	137	178	248	76	232	95	294	241	173	156	234	60	77	395	83	172	102	324	|
|290	427	490	314	545	342	414	115	497	63	487	328	310	348	296	259	240	442	216	0	443	220	456	408	273	264	443	204	390	479	529	480	278	346	165	343	278	115	293	509	369	229	340	447	244	202	473	230	366	288	536	|
|313	141	159	428	218	215	223	462	220	408	181	310	485	353	167	284	238	130	262	443	0	288	67	228	202	252	149	382	267	67	122	221	168	247	440	459	186	396	273	241	125	423	107	245	291	242	251	214	297	162	160	|
|85	222	397	414	462	124	373	187	431	225	405	355	442	396	121	41	215	347	212	220	288	0	273	371	221	258	357	95	378	344	401	420	136	331	321	450	208	126	302	450	177	353	213	409	272	136	253	143	377	190	426	|
|280	83	224	480	281	177	288	457	287	428	247	366	534	411	162	261	276	196	297	456	67	273	0	292	243	298	215	363	329	128	176	288	179	305	475	513	224	392	324	307	96	466	143	311	335	261	187	235	357	195	219	|
|437	348	124	239	152	373	8	480	95	351	105	118	301	148	279	392	175	108	195	408	228	371	292	0	154	144	91	456	46	194	203	76	244	65	320	261	163	423	121	103	299	273	185	40	168	247	459	230	86	183	178	|
|293	264	217	243	274	249	157	331	230	224	215	147	293	192	151	247	37	169	63	273	202	221	243	154	0	57	170	303	157	217	260	215	110	111	238	278	21	271	94	245	201	223	100	193	92	93	362	78	160	54	263	|
|336	320	237	187	286	302	150	339	234	207	229	97	237	140	205	289	43	194	53	264	252	258	298	144	57	0	190	331	131	257	294	216	163	84	197	221	77	285	44	246	258	172	155	183	39	123	418	119	120	110	288	|
|409	283	48	324	106	329	84	496	79	392	49	201	386	236	247	370	203	19	228	443	149	357	215	91	170	190	0	449	136	105	114	75	221	138	384	349	168	434	185	99	245	346	146	98	224	255	394	231	174	171	99	|
|106	303	490	463	554	198	459	124	522	234	498	425	480	461	216	103	289	440	280	204	382	95	363	456	303	331	449	0	458	439	496	510	229	410	344	498	293	89	374	540	267	391	307	495	336	211	308	226	451	280	520	|
|449	380	170	194	192	394	53	470	133	330	149	78	257	102	297	403	169	152	184	390	267	378	329	46	157	131	136	458	0	238	249	114	259	47	287	216	171	416	96	137	327	235	211	67	145	247	488	235	41	197	223	|
|376	208	99	418	153	281	188	510	164	438	124	295	478	334	224	345	255	87	280	479	67	344	128	194	217	257	105	439	238	0	57	169	216	230	453	445	206	445	268	184	191	427	141	202	296	278	315	250	274	191	92	|
|433	258	83	438	116	337	196	565	146	484	109	315	500	350	280	402	297	102	323	529	122	401	176	203	260	294	114	496	249	57	0	157	271	252	490	463	251	499	296	162	247	457	195	199	331	329	362	302	288	241	47	|
|478	357	74	307	78	402	68	545	19	424	48	191	370	214	316	436	242	93	264	480	221	420	288	76	215	216	75	510	114	169	157	0	287	141	396	325	219	485	196	31	319	347	216	49	243	306	469	286	154	230	120	|
|193	170	261	346	326	139	245	295	297	250	270	256	390	302	42	150	125	211	138	278	168	136	179	244	110	163	221	229	259	216	271	287	0	216	305	382	91	229	204	316	105	310	78	280	192	83	257	60	268	62	292	|
|404	348	180	188	216	353	72	424	160	287	165	65	249	106	256	358	122	149	137	346	247	331	305	65	111	84	138	410	47	230	252	141	216	0	255	215	126	369	56	168	292	210	177	102	103	200	454	189	54	155	234	|
|404	475	430	156	472	419	328	279	415	112	419	211	145	214	340	361	202	390	178	165	440	321	475	320	238	197	384	344	287	453	490	396	305	255	0	181	254	261	201	422	410	69	335	353	160	225	551	246	252	280	482	|
|534	542	385	36	403	518	269	454	344	284	364	151	55	113	423	488	257	363	248	343	459	450	513	261	278	221	349	498	216	445	463	325	382	215	181	0	298	425	189	342	479	115	373	276	190	323	638	330	175	332	439	|
|278	243	214	264	274	230	165	329	233	232	215	166	313	212	132	232	52	165	76	278	186	208	224	163	21	77	168	293	171	206	251	219	91	126	254	298	0	267	114	250	181	242	82	202	112	88	341	68	177	33	258	|
|181	347	479	392	540	250	427	66	500	149	482	371	401	402	232	158	248	428	232	115	396	126	392	423	271	285	434	89	416	445	499	485	229	369	261	425	267	0	325	516	298	313	305	463	281	180	375	203	403	264	516	|
|380	355	231	156	271	343	128	376	215	233	218	53	212	98	246	333	87	194	95	293	273	302	324	121	94	44	185	374	96	268	296	196	204	56	201	189	114	325	0	224	294	161	185	157	49	167	455	163	78	147	284	|
|507	379	85	326	63	428	97	576	21	453	60	215	389	233	344	466	272	116	294	509	241	450	307	103	245	246	99	540	137	184	162	31	316	168	422	342	250	516	224	0	344	371	244	70	271	337	490	317	176	261	120	|
|189	65	270	444	334	90	297	363	323	349	288	343	491	389	74	165	225	228	241	369	125	177	96	299	201	258	245	267	327	191	247	319	105	292	410	479	181	298	294	344	0	414	116	328	291	187	163	165	345	147	282	|
|438	479	390	87	425	437	280	340	367	170	375	157	89	151	349	393	191	355	173	229	423	353	466	273	223	172	346	391	235	427	457	347	310	210	69	115	242	313	161	371	414	0	323	301	133	238	565	253	197	273	444	|
|263	172	184	340	249	188	184	370	224	302	194	231	392	277	100	223	134	134	156	340	107	213	143	185	100	155	146	307	211	141	195	216	78	177	335	373	82	305	185	244	116	323	0	217	192	138	278	110	230	55	214	|
|473	373	116	258	127	405	36	520	68	389	92	145	321	165	314	430	215	117	234	447	245	409	311	40	193	183	98	495	67	202	199	49	280	102	353	276	202	463	157	70	328	301	217	0	205	286	485	269	106	220	167	|
|353	355	271	154	316	328	175	330	261	185	261	90	201	125	233	306	67	230	60	244	291	272	335	168	92	39	224	336	145	296	331	243	192	103	160	190	112	281	49	271	291	133	192	205	0	138	449	141	123	145	323	|
|216	251	300	286	361	200	250	242	320	168	302	220	322	261	115	168	80	250	77	202	242	136	261	247	93	123	255	211	247	278	329	306	83	200	225	323	88	180	167	337	187	238	138	286	138	0	328	28	243	88	340	|
|202	112	409	603	468	134	456	429	470	471	431	505	646	551	216	217	382	376	395	473	251	253	187	459	362	418	394	308	488	315	362	469	257	454	551	638	341	375	455	490	163	565	278	485	449	328	0	313	508	308	406	|
|218	229	276	294	337	188	233	266	299	195	279	217	334	260	97	171	77	225	83	230	214	143	235	230	78	119	231	226	235	250	302	286	60	189	246	330	68	203	163	317	165	253	110	269	141	28	313	0	235	61	315	|
|452	402	210	153	233	406	94	453	174	305	190	41	216	62	308	406	163	189	172	366	297	377	357	86	160	120	174	451	41	274	288	154	268	54	252	175	177	403	78	176	345	197	230	106	123	243	508	235	0	207	264	|
|254	210	215	297	278	199	184	328	242	248	220	198	345	244	101	210	81	164	102	288	162	190	195	183	54	110	171	280	197	191	241	230	62	155	280	332	33	264	147	261	147	273	55	220	145	88	308	61	207	0	253	|
|465	300	54	417	69	372	170	581	106	487	75	295	479	325	307	431	298	95	324	536	160	426	219	178	263	288	99	520	223	92	47	120	292	234	482	439	258	516	284	120	282	444	214	167	323	340	406	315	264	253	0	|

--------------------------------------------------------------------------------
Building model...
	using lazy and cut (CVRPSEP package)
Solving IRP LP...
--------------------------------------------------------------------------------

Gurobi 9.1.0 (linux64) logging started Sun Feb 14 08:11:41 2021

Gurobi Optimizer version 9.1.0 build v9.1.0rc0 (linux64)
Thread count: 32 physical cores, 32 logical processors, using up to 2 threads
Optimize a model with 2031 rows, 12588 columns and 40365 nonzeros
Model fingerprint: 0x7c44dac8
Variable types: 654 continuous, 11934 integer (459 binary)
Coefficient statistics:
  Matrix range     [1e+00, 1e+03]
  Objective range  [1e-02, 6e+02]
  Bounds range     [1e+00, 3e+02]
  RHS range        [1e+00, 7e+03]
Presolve removed 751 rows and 198 columns
Presolve time: 0.14s
Presolved: 1280 rows, 12390 columns, 33463 nonzeros
Variable types: 402 continuous, 11988 integer (11507 binary)

Root relaxation: objective 3.376119e+03, 1402 iterations, 0.06 seconds

    Nodes    |    Current Node    |     Objective Bounds      |     Work
 Expl Unexpl |  Obj  Depth IntInf | Incumbent    BestBd   Gap | It/Node Time

     0     0 3376.11867    0  164          - 3376.11867      -     -    0s
     0     0 3624.87420    0  150          - 3624.87420      -     -    0s
     0     0 3630.08746    0  153          - 3630.08746      -     -    1s
     0     0 4331.40418    0  208          - 4331.40418      -     -    2s
     0     0 4420.57116    0  190          - 4420.57116      -     -    2s
     0     0 4423.58128    0  201          - 4423.58128      -     -    2s
     0     0 4432.55791    0  236          - 4432.55791      -     -    2s
     0     0 4462.93075    0  270          - 4462.93075      -     -    2s
     0     0 4465.05010    0  263          - 4465.05010      -     -    2s
     0     0 4465.10000    0  261          - 4465.10000      -     -    2s
     0     0 4549.58176    0  270          - 4549.58176      -     -    2s
     0     0 4556.93415    0  319          - 4556.93415      -     -    2s
     0     0 4568.67552    0  338          - 4568.67552      -     -    3s
     0     0 4577.09448    0  345          - 4577.09448      -     -    3s
     0     0 4577.28751    0  333          - 4577.28751      -     -    3s
     0     0 4625.45715    0  393          - 4625.45715      -     -    3s
     0     0 4631.42472    0  389          - 4631.42472      -     -    3s
     0     0 4632.63977    0  394          - 4632.63977      -     -    3s
     0     0 4650.29566    0  314          - 4650.29566      -     -    4s
     0     0 4657.25947    0  360          - 4657.25947      -     -    4s
     0     0 4661.42067    0  371          - 4661.42067      -     -    4s
     0     0 4663.99353    0  363          - 4663.99353      -     -    4s
     0     0 4664.33344    0  383          - 4664.33344      -     -    4s
     0     0 4670.77065    0  298          - 4670.77065      -     -    5s
     0     0 4677.17030    0  330          - 4677.17030      -     -    5s
     0     0 4679.83712    0  354          - 4679.83712      -     -    5s
     0     0 4681.85127    0  389          - 4681.85127      -     -    7s
     0     0 4681.87703    0  314          - 4681.87703      -     -    7s
     0     0 4688.73159    0  395          - 4688.73159      -     -    7s
     0     0 4688.85223    0  396          - 4688.85223      -     -    7s
     0     0 4692.82304    0  381          - 4692.82304      -     -    7s
     0     0 4692.82304    0  299          - 4692.82304      -     -    8s
     0     2 4692.82304    0  299          - 4692.82304      -     -   10s
    75    83 4880.59624   27  121          - 4719.77952      -   279   15s
   331   341 6685.06000  170   14          - 4719.81997      -   113   20s
   449   449 4790.34173   13  354          - 4726.11305      -   126   25s
   650   627 4945.65217   19  352          - 4726.11305      -   115   30s
   677   659 4935.93503   21  329          - 4726.11305      -   117   35s
   751   714 5556.71167   59  182          - 4726.11305      -   115   40s
   762   722 6720.33000  167  482          - 4726.11305      -   113   45s
   770   727 6389.31684  153  527          - 4726.11305      -   112   51s
   775   730 5674.60392  100  575          - 4726.11305      -   111   55s
   781   734 5195.75749   56  491          - 4726.29991      -   110   60s
   784   739 4728.13404   10  486          - 4726.62047      -   127   67s
   786   741 4743.17103   11  474          - 4729.01265      -   128   71s
   810   757 4782.98855   16  351          - 4749.06176      -   134   75s
   853   788 4951.23567   25  312          - 4749.06176      -   145   80s
   944   864 5161.31960   38  253          - 4749.06176      -   149   85s
  1097   972 5462.33154   50  211          - 4749.06176      -   142   90s
  1167  1026 5460.43889   52  231          - 4749.06176      -   135   99s
  1209  1033 5488.02017   54  273          - 4749.06176      -   132  100s
* 1270   998             202    7990.8300000 4749.06176  40.6%   127  102s
  1279   989 5573.05491   59  174 7990.83000 4749.06176  40.6%   127  118s
  1290  1000 5609.78530   63  143 7990.83000 4749.06176  40.6%   128  120s
  1358  1043 6126.87000   92   51 7990.83000 4749.06176  40.6%   129  125s
  1452  1129 7084.15376  133   50 7990.83000 4749.06176  40.6%   127  131s
  1481  1148 7525.10574  146   48 7990.83000 4749.06176  40.6%   126  136s
  1541  1148 4820.41585   16  488 7990.83000 4756.23119  40.5%   126  140s
  1567  1172 4963.34369   23  259 7990.83000 4756.23119  40.5%   129  146s
  1602  1193 5117.39553   33  217 7990.83000 4756.23119  40.5%   132  150s
  1662  1235 5289.90446   52  187 7990.83000 4756.23119  40.5%   134  156s
  1705  1261 5428.19652   60  149 7990.83000 4756.23119  40.5%   135  160s
  1761  1327 5526.06143   80  115 7990.83000 4756.23119  40.5%   135  167s
  1800  1335 5563.91212   95  126 7990.83000 4756.23119  40.5%   134  177s
  1861  1413 5764.28289  106  162 7990.83000 4756.23119  40.5%   134  181s
  1993  1505 5944.80846  143  126 7990.83000 4756.23119  40.5%   129  186s
  2126  1557 6372.15985  217  133 7990.83000 4756.23119  40.5%   123  190s
  2222  1654 6571.99257  218   90 7990.83000 4756.23119  40.5%   121  195s
  2345  1789 6761.65867  243  133 7990.83000 4756.23119  40.5%   119  200s
  2613  1951 infeasible  314      7990.83000 4763.45736  40.4%   111  209s
  2774  1913 7902.49000  371   24 7990.83000 4763.49879  40.4%   106  210s
  2797  1916 5005.32517   18  375 7990.83000 4763.49879  40.4%   105  219s
  2805  1929 4917.98349   19  346 7990.83000 4763.49879  40.4%   107  221s
  2838  1955 5019.99215   28  275 7990.83000 4763.49879  40.4%   109  226s
  2881  1989 5188.57128   38  160 7990.83000 4763.49879  40.4%   111  231s
  2939  2050 5453.52657   54  211 7990.83000 4763.49879  40.4%   112  247s
  2965  2094 5520.20038   55  197 7990.83000 4763.49879  40.4%   113  250s
  3009  2182 5565.76258   62  221 7990.83000 4763.49879  40.4%   113  259s
  3097  2279 5623.36288   88  132 7990.83000 4763.49879  40.4%   112  263s
  3194  2476 5839.97060   95   86 7990.83000 4768.77225  40.3%   111  269s
  3413  2686 6832.70925  187   46 7990.83000 4768.77719  40.3%   106  274s
  3517  2687 6973.24333  290    4 7990.83000 4768.77719  40.3%   103  275s
  3734  2749 4819.58842   13  521 7990.83000 4778.84716  40.2%  99.5  282s
  3748  2772 4908.51219   20  294 7990.83000 4778.84716  40.2%   101  286s
  3771  2806 5087.45432   30  197 7990.83000 4778.84716  40.2%   102  290s
  3805  2866 5130.16816   43   64 7990.83000 4778.84716  40.2%   103  296s
  3865  2994 5412.42271   71   86 7990.83000 4778.84716  40.2%   104  300s
  3997  3240 5715.91620  109   47 7990.83000 4778.84716  40.2%   103  306s
  4277  3323 5810.87286  115   12 7990.83000 4778.90890  40.2%  98.5  312s
  4376  3438 4931.21468   20  448 7990.83000 4778.90890  40.2%  98.6  316s
  4488  3775 5259.47169   26  364 7990.83000 4778.90890  40.2%  98.3  323s
  4811  3776 7798.15625  348   14 7990.83000 4778.90890  40.2%  93.1  325s
  4878  3827 5431.05129   30  345 7990.83000 4778.90890  40.2%  93.8  335s
  4908  3901 5435.50276   35  319 7990.83000 4778.90890  40.2%  94.9  340s
  4982  4012 5731.38918   45  133 7990.83000 4778.90890  40.2%  95.4  345s
  5109  4016 5845.74725   59   30 7990.83000 4778.90890  40.2%  95.3  364s
  5113  4071 5837.24000   60    5 7990.83000 4778.90890  40.2%  95.5  369s
  5139  4071 6297.84382   71  129 7990.83000 4778.90890  40.2%  95.9  370s
  5168  4235 6242.59186   78   70 7990.83000 4778.90890  40.2%  96.6  377s
  5334  4360 7654.79576  121   50 7990.83000 4798.37292  40.0%  95.8  383s
  5511  4393     cutoff  135      7990.83000 4800.20330  39.9%  94.6  389s
  5545  4434 5121.01235   32  352 7990.83000 4800.20330  39.9%  95.9  395s
  5586  4652 5351.94835   44  216 7990.83000 4800.20330  39.9%  96.6  402s
  5819  4844 6111.35893  111   87 7990.83000 4800.20330  39.9%  94.8  409s
  5858  4844 6458.34898  150   39 7990.83000 4800.20330  39.9%  94.5  410s
  6013  4882 7698.61104  288   83 7990.83000 4800.20330  39.9%  93.7  416s
  6084  4898 5214.38394   27  339 7990.83000 4810.38079  39.8%  94.3  446s
  6116  4933 5481.63942   45  328 7990.83000 4810.38079  39.8%  94.8  451s
  6151  5086 5821.30078   75  181 7990.83000 4812.62466  39.8%  95.4  460s
  6349  5112 7939.61451  207   28 7990.83000 4814.19416  39.8%  94.3  466s
  6373  5142 5335.35138   25  333 7990.83000 4814.19416  39.8%  95.5  472s
  6403  5191 5888.01972   42  295 7990.83000 4814.19416  39.8%  96.5  478s
  6452  5293 6566.92969   79  129 7990.83000 4814.21683  39.8%  97.5  485s
  6566  5343 4941.74973   19  510 7990.83000 4814.21683  39.8%  97.7  498s
  6616  5439 5370.16226   34  308 7990.83000 4814.21683  39.8%  98.9  505s
  6714  5619 6087.67758   69   98 7990.83000 4814.58900  39.7%  99.5  512s
  6919  5694     cutoff  163      7990.83000 4815.83324  39.7%  98.5  520s
  7020  5759 5360.63252   27  317 7990.83000 4820.05260  39.7%  98.6  527s
  7081  5876 5783.93370   73   81 7990.83000 4820.73585  39.7%  99.4  537s
  7234  5984 7380.83500  178   15 7990.83000 4823.44591  39.6%  98.9  548s
  7379  6156 infeasible  209      7990.83000 4823.56975  39.6%   100  559s
  7412  6156 5631.64557   47  199 7990.83000 4823.56975  39.6%   100  560s
  7548  6465 5931.43494   65  130 7990.83000 4823.61212  39.6%   101  576s
  7907  6538     cutoff  186      7990.83000 4827.96383  39.6%  99.0  588s
  7978  6725 5189.22679   23  324 7990.83000 4827.96383  39.6%   101  601s
  8203  6834 5556.08174   34  278 7990.83000 4827.96383  39.6%   101  612s
  8312  7028 6028.32947   50  138 7990.83000 4833.92491  39.5%   102  624s
  8428  7028 7350.87508   92   59 7990.83000 4833.92491  39.5%   101  625s
  8574  7171 7879.78545  108   41 7990.83000 4841.14338  39.4%   102  636s
  8722  7376 5435.43073   40  261 7990.83000 4841.31475  39.4%   102  651s
  8959  7503     cutoff  176      7990.83000 4843.03987  39.4%   102  663s
  9135  7685 5482.86910   37  333 7990.83000 4843.05108  39.4%   102  675s
  9317  7805 7328.31648  178  103 7990.83000 4844.63420  39.4%   102  691s
  9454  8000 infeasible  217      7990.83000 4847.34745  39.3%   103  703s
  9660  8204 5898.18366   67  198 7990.83000 4847.35723  39.3%   103  715s
  9914  8318 7985.37000  186    - 7990.83000 4848.73981  39.3%   103  730s
 10059  8369     cutoff  186      7990.83000 4850.28863  39.3%   103  752s
 10124  8665 5200.75059   31  292 7990.83000 4850.82127  39.3%   103  770s
 10460  8854 6377.28647  158   62 7990.83000 4853.72577  39.3%   101  784s
 10582  8858 5024.40987   19  431 7990.83000 4853.72577  39.3%   101  785s
 10659  8961 7890.70026  267   17 7990.83000 4854.69291  39.2%   101  795s
 10780  9065     cutoff  277      7990.83000 4854.91509  39.2%   102  808s
 10894  9126 5439.11571   26  354 7990.83000 4854.95503  39.2%   102  824s
 10955  9269 6107.98124   43  210 7990.83000 4854.95503  39.2%   103  836s
 11098  9540 6902.92529   88   19 7990.83000 4855.00524  39.2%   104  850s
 11445  9682 7963.95000  128    - 7990.83000 4856.28055  39.2%   102  864s
 11583  9895     cutoff  128      7990.83000 4866.15405  39.1%   103  876s
 11819 10023 6334.77838  123   97 7990.83000 4866.45218  39.1%   102  892s
 11984 10089 infeasible  172      7990.83000 4867.27923  39.1%   103  903s
 12056 10184 5405.67335   40  327 7990.83000 4868.25707  39.1%   103  914s
 12110 10184 6506.22382   94  215 7990.83000 4868.25707  39.1%   104  915s
 12152 10344 6793.55279  107  121 7990.83000 4869.57721  39.1%   104  945s
 12333 10617 5179.64730   27  301 7990.83000 4869.57721  39.1%   105  959s
 12426 10617 6618.33129  108   13 7990.83000 4869.57721  39.1%   105  960s
 12640 10876 5930.77228   51   36 7990.83000 4869.57721  39.1%   104  975s
 12911 10985 7430.03333   93   79 7990.83000 4872.42114  39.0%   103 1007s
 13046 11116 infeasible  125      7990.83000 4873.71229  39.0%   104 1019s
 13094 11116 5717.57975   63  155 7990.83000 4873.71229  39.0%   104 1020s
 13180 11317 6117.58735   99   82 7990.83000 4876.44072  39.0%   104 1032s
 13436 11398 infeasible  172      7990.83000 4877.96584  39.0%   103 1047s
 13513 11593 5289.96837   33  383 7990.83000 4878.14890  39.0%   104 1069s
 13636 11593 6324.85769  140   12 7990.83000 4878.14890  39.0%   104 1070s
 13744 11613 5987.99528   91   80 7990.83000 4878.14890  39.0%   103 1124s
 13745 11613 4997.47587   21  517 7990.83000 4878.14890  39.0%   103 1125s
 13746 11647 6040.86547   92  118 7990.83000 4878.14890  39.0%   103 1142s
 13780 11814 6307.04948  118   50 7990.83000 4879.49959  38.9%   104 1156s
 13986 11926 infeasible  218      7990.83000 4879.81959  38.9%   104 1171s
 14093 12204 5363.16830   25  489 7990.83000 4879.81959  38.9%   104 1188s
 14325 12204 6381.96728  180   24 7990.83000 4879.81959  38.9%   104 1190s
 14383 12492 5936.08098   62  180 7990.83000 4880.15436  38.9%   104 1206s
 14747 12551 7286.00000  188    - 7990.83000 4881.70973  38.9%   103 1221s
 14811 12613 7808.76000  189    - 7990.83000 4881.91585  38.9%   103 1232s
 14883 12753 7949.27000  189    6 7990.83000 4883.38094  38.9%   104 1251s
 15053 12836     cutoff  191      7990.83000 4885.34983  38.9%   104 1263s
 15138 13039 6358.09792   78  128 7990.83000 4886.43732  38.8%   105 1276s
 15398 13100 7915.93000  155    - 7990.83000 4887.87348  38.8%   104 1297s
 15505 13155     cutoff  157      7990.83000 4890.12608  38.8%   105 1309s
*15506 13131             156    7967.2200000 4890.12608  38.6%   105 1309s
 15564 13307 5137.31544   22  468 7967.22000 4890.15677  38.6%   105 1321s
 15760 13551 6089.39126   68  173 7967.22000 4891.19456  38.6%   105 1341s
 16038 13607     cutoff  189      7967.22000 4891.39023  38.6%   105 1354s
*16061 12791             164    7657.2600000 4891.39335  36.1%   105 1354s
 16076 12792 5081.53495   31  308 7657.26000 4891.39335  36.1%   105 1355s
 16100 12950 5333.92177   34  280 7657.26000 4891.39335  36.1%   105 1368s
 16305 13089 5643.99973   48   97 7657.26000 4891.39335  36.1%   105 1383s
 16454 13351 6100.46354   84   46 7657.26000 4891.39335  36.1%   106 1471s
 16741 13484 6864.69938  222    9 7657.26000 4893.16317  36.1%   105 1488s
 16920 13684     cutoff  305      7657.26000 4894.37773  36.1%   105 1505s
 17163 13774 infeasible  301      7657.26000 4894.94935  36.1%   105 1519s
 17273 13819 5102.90606   27  469 7657.26000 4896.50339  36.1%   105 1531s
 17322 13880 5335.11069   36  224 7657.26000 4896.50339  36.1%   106 1543s
 17388 14092 5837.11720   55  252 7657.26000 4896.50339  36.1%   106 1561s
 17600 14178 7256.29740  100   12 7657.26000 4897.96085  36.0%   106 1576s
 17777 14254 5256.65286   24  490 7657.26000 4899.06473  36.0%   106 1589s
 17825 14325 5492.94721   37  266 7657.26000 4899.06473  36.0%   107 1602s
 17896 14546 5762.23278   52  254 7657.26000 4899.06473  36.0%   108 1619s
 17941 14546 6125.75590   77  110 7657.26000 4899.06473  36.0%   108 1620s
 18195 14913 6090.17541   87  126 7657.26000 4899.30052  36.0%   108 1637s
 18613 15035 7004.12814  159   18 7657.26000 4900.47734  36.0%   107 1652s
 18742 15175 5393.36374   32  404 7657.26000 4902.26567  36.0%   107 1670s
 18883 15302 6284.93672   91  171 7657.26000 4902.31949  36.0%   107 1683s
 19040 15505 5319.16343   40  274 7657.26000 4903.06542  36.0%   107 1697s
 19265 15680 5979.39968   90  154 7657.26000 4903.52011  36.0%   107 1712s
 19486 15755 7480.56621  170   33 7657.26000 4904.68460  35.9%   107 1725s
 19575 15897     cutoff  183      7657.26000 4904.91045  35.9%   108 1737s
 19722 16093 6351.78000  126   26 7657.26000 4904.96945  35.9%   108 1751s
 19951 16249 7446.89500  223   11 7657.26000 4905.95450  35.9%   108 1772s
 20137 16367     cutoff  228      7657.26000 4906.33724  35.9%   108 1786s
 20277 16510 5316.88877   37  262 7657.26000 4907.99102  35.9%   108 1801s
 20443 16651 5029.43777   20  467 7657.26000 4908.53479  35.9%   108 1815s
 20586 16800 5334.87872   39  200 7657.26000 4908.53479  35.9%   109 1828s
 20763 17048 5639.58197   73  139 7657.26000 4909.84206  35.9%   109 1855s
 21136 17187     cutoff  209      7657.26000 4910.24513  35.9%   108 1870s
 21234 17372     cutoff  208      7657.26000 4910.25802  35.9%   108 1884s
 21450 17449 5728.18922   75  135 7657.26000 4910.76873  35.9%   108 1902s
 21534 17528 5229.75362   31  257 7657.26000 4910.81522  35.9%   109 1915s
 21616 17679 5952.16227   60   30 7657.26000 4911.52872  35.9%   109 1929s
 21759 17693 7450.96303  130    6 7657.26000 4911.52872  35.9%   109 1930s
 21819 17770 7600.96000  139    - 7657.26000 4911.92834  35.9%   109 1942s
 21902 17969 5411.79810   30  313 7657.26000 4911.92834  35.9%   110 1957s
 22110 18035 5731.62288   44  236 7657.26000 4911.92834  35.9%   110 1971s
 22176 18140 6365.89433   67  105 7657.26000 4913.26910  35.8%   110 1986s
 22335 18366 5505.00403   39  273 7657.26000 4913.48117  35.8%   110 2000s
 22586 18414 5013.16801   19  499 7657.26000 4913.86699  35.8%   110 2014s
 22634 18516 5500.33371   44  330 7657.26000 4913.86699  35.8%   110 2029s
 22677 18516 6140.19294   87   92 7657.26000 4913.86699  35.8%   111 2030s
 22736 18716 6345.47767   99  165 7657.26000 4914.17551  35.8%   111 2043s
 22883 18716 6793.47463  113  178 7657.26000 4914.21273  35.8%   111 2045s
 22960 18912 5578.49355   53  212 7657.26000 4914.24216  35.8%   111 2058s
 23177 19004 6344.34000  126   17 7657.26000 4916.25362  35.8%   110 2073s
 23305 19035 6425.85000  134    - 7657.26000 4916.72358  35.8%   110 2086s
 23338 19144 6448.52000  134    - 7657.26000 4916.88309  35.8%   111 2100s
 23452 19304 6467.02235  134   57 7657.26000 4917.18904  35.8%   111 2152s
 23466 19308 6997.83000  140    - 7657.26000 4917.18904  35.8%   111 2156s
 23672 19398 7625.63000  160    - 7657.26000 4918.17548  35.8%   111 2171s
 23760 19501 7630.30000  161    - 7657.26000 4918.88088  35.8%   112 2186s
 23883 19628 7652.46500  161   25 7657.26000 4919.26048  35.8%   112 2200s
 24039 19696 7624.63000  163    - 7657.26000 4921.96244  35.7%   112 2214s
 24110 19784 7628.30000  163    - 7657.26000 4922.93322  35.7%   112 2237s
 24200 19864 infeasible  163      7657.26000 4923.15421  35.7%   113 2251s
 24319 19955 5702.02310   30  368 7657.26000 4923.72257  35.7%   113 2264s
 24374 19955 5607.64221   39  195 7657.26000 4923.72257  35.7%   113 2265s
 24402 20115 6158.69011   61  241 7657.26000 4924.04594  35.7%   113 2278s
 24565 20126 7588.95787  134   11 7657.26000 4924.36282  35.7%   113 2280s
 24602 20275 7256.28812  109   53 7657.26000 4924.58723  35.7%   113 2293s
 24764 20437 5513.22803   54  222 7657.26000 4924.81712  35.7%   113 2307s
 24980 20542     cutoff  165      7657.26000 4925.10199  35.7%   113 2348s
 25100 20625 5350.40911   42  374 7657.26000 4925.20329  35.7%   113 2362s
 25182 20731 6150.17387   91  203 7657.26000 4925.67631  35.7%   114 2376s
 25303 20784 5209.60617   26  301 7657.26000 4925.73487  35.7%   114 2390s
 25365 20823 5220.86261   30  346 7657.26000 4925.73487  35.7%   114 2428s
 25414 20916 5849.96168   38  365 7657.26000 4925.73487  35.7%   115 2441s
 25427 20916 5895.96528   42  274 7657.26000 4925.73487  35.7%   115 2450s
 25507 20997 6032.27682   48  282 7657.26000 4925.73487  35.7%   115 2466s
 25612 21101 6615.53210   60  202 7657.26000 4926.23611  35.7%   115 2480s
 25729 21228 7538.10200   93   63 7657.26000 4926.87341  35.7%   116 2495s
 25864 21230     cutoff  103      7657.26000 4927.17843  35.7%   116 2514s
 25869 21443 5035.95542   21  523 7657.26000 4927.17843  35.7%   116 2535s
 26154 21654 5603.89473   37  369 7657.26000 4927.95316  35.6%   116 2553s
 26400 21786     cutoff  194      7657.26000 4928.31875  35.6%   115 2567s
 26516 21919 6388.99217  101    9 7657.26000 4928.76870  35.6%   115 2587s
 26722 21980     cutoff  147      7657.26000 4929.55619  35.6%   115 2601s
 26769 22045 5299.96179   41  280 7657.26000 4929.77632  35.6%   116 2614s
 26804 22045 5185.42257   37  283 7657.26000 4929.77632  35.6%   116 2615s
 26831 22168 5707.72619   62   33 7657.26000 4929.77632  35.6%   116 2634s
 27004 22436 5961.25951   80  119 7657.26000 4929.92503  35.6%   116 2655s
 27356 22586 7359.26500  195   29 7657.26000 4930.15155  35.6%   116 2674s
 27398 22595 5659.04347   40  263 7657.26000 4930.15155  35.6%   116 2675s
 27487 22632 7564.64667  205   19 7657.26000 4930.45345  35.6%   116 2693s
 27562 22709 7625.84000  211    - 7657.26000 4930.93036  35.6%   116 2705s
 27641 22837     cutoff  211      7657.26000 4930.93406  35.6%   116 2722s
 27803 22875     cutoff  212      7657.26000 4931.32603  35.6%   116 2737s
 27869 22921 5367.35195   23  361 7657.26000 4931.36405  35.6%   117 2751s
 27913 22959 5795.48943   35  251 7657.26000 4931.36405  35.6%   117 2764s
 27927 22959 5911.11614   43  221 7657.26000 4931.36405  35.6%   117 2765s
 27951 23066 6032.29300   45  209 7657.26000 4931.36405  35.6%   117 2779s
 28016 23066 6856.02385   79  119 7657.26000 4931.36405  35.6%   118 2780s
 28058 23186 6918.75654   84  134 7657.26000 4931.37980  35.6%   118 2794s
 28097 23186 7336.61357   92   64 7657.26000 4931.37980  35.6%   118 2795s
 28206 23296 5141.96678   27  371 7657.26000 4931.37980  35.6%   118 2810s
 28316 23464 5520.26311   48  284 7657.26000 4931.37980  35.6%   118 2825s
 28535 23520 7623.56000  169    - 7657.26000 4932.36559  35.6%   118 2842s
 28597 23538     cutoff  174      7657.26000 4932.90325  35.6%   118 2861s
 28621 23604     cutoff  174      7657.26000 4933.90503  35.6%   118 2875s
 28692 23754 5808.05854   50  258 7657.26000 4934.17935  35.6%   119 2889s
 28714 23754 6444.79794   72   79 7657.26000 4934.17935  35.6%   119 2890s
 28885 23849 5345.68049   27  449 7657.26000 4934.36456  35.6%   119 2905s
 28962 23990 5761.77913   41  224 7657.26000 4934.36456  35.6%   119 2923s
 29135 24107 6085.25639   70   34 7657.26000 4934.36456  35.6%   119 2939s
 29174 24112 6795.79588   88   31 7657.26000 4934.36456  35.6%   119 2940s
 29279 24255 6476.82739   78   90 7657.26000 4934.36456  35.6%   119 2959s
 29340 24261 7122.13000  122    - 7657.26000 4934.36456  35.6%   119 2960s
 29438 24427 7115.36417  110   98 7657.26000 4935.77940  35.5%   119 2978s
 29652 24486 7642.28500  139   19 7657.26000 4936.18942  35.5%   119 2993s
 29733 24523     cutoff  140      7657.26000 4937.00939  35.5%   119 3007s
 29775 24681 5518.59758   41  280 7657.26000 4937.04525  35.5%   119 3023s
 29943 24747 7610.28110  193   25 7657.26000 4937.38532  35.5%   119 3038s
 30021 24828     cutoff  200      7657.26000 4938.05173  35.5%   120 3053s
 30103 24898 5382.07734   37  401 7657.26000 4938.05173  35.5%   120 3070s
 30187 24990 6058.28900   75   86 7657.26000 4938.36311  35.5%   120 3085s
 30302 25093 7439.57723  132    7 7657.26000 4938.58071  35.5%   120 3101s
 30427 25144     cutoff  135      7657.26000 4939.22300  35.5%   120 3117s
 30486 25192 5167.45606   35  584 7657.26000 4939.50206  35.5%   121 3131s
 30534 25289 5649.67484   61  257 7657.26000 4939.50206  35.5%   121 3145s
 30631 25499 6321.25856  125   96 7657.26000 4939.60240  35.5%   121 3162s
 30878 25541     cutoff  209      7657.26000 4939.74759  35.5%   121 3178s
 30931 25617 5307.07832   30  399 7657.26000 4940.37763  35.5%   121 3197s
 31007 25710 5652.11458   45  235 7657.26000 4940.37763  35.5%   122 3212s
 31118 25834 6071.37617   64  145 7657.26000 4940.37763  35.5%   122 3228s
 31278 26017 6334.83002   98   58 7657.26000 4941.27043  35.5%   122 3247s
 31501 26147     cutoff  189      7657.26000 4941.77724  35.5%   122 3263s
 31658 26237 5895.06226   60   89 7657.26000 4941.97192  35.5%   121 3285s
 31774 26334 6726.33000  130   20 7657.26000 4942.17791  35.5%   122 3300s
 31871 26393 6743.16000  133    - 7657.26000 4942.26723  35.5%   122 3315s
 31948 26493 6767.32692  133   23 7657.26000 4942.40371  35.5%   122 3329s
 31987 26495 7280.72308  170   17 7657.26000 4942.40371  35.5%   122 3330s
 32062 26642 6996.09212  147   17 7657.26000 4942.71546  35.5%   122 3346s
 32286 26699     cutoff  182      7657.26000 4943.03818  35.4%   122 3362s
 32317 26699 7631.01000  131   11 7657.26000 4943.53713  35.4%   122 3368s
 32356 26764 5293.86401   22  382 7657.26000 4943.53713  35.4%   122 3384s
 32422 26934 5928.89683   55  234 7657.26000 4943.83579  35.4%   123 3401s
 32624 27001 5115.20218   20  397 7657.26000 4944.68965  35.4%   122 3418s
 32681 27096 5474.39699   32  259 7657.26000 4944.68965  35.4%   123 3436s
 32776 27267 5648.21336   40  200 7657.26000 4944.68965  35.4%   123 3454s
 33011 27506 5963.58024   58  188 7657.26000 4944.68965  35.4%   123 3472s
 33260 27761 6412.21329  116   22 7657.26000 4945.02680  35.4%   122 3494s
 33286 27761 6423.89154  142   15 7657.26000 4945.02680  35.4%   122 3495s
 33579 27829 infeasible  278      7657.26000 4946.75429  35.4%   122 3520s
 33625 27916 5522.61157   28  481 7657.26000 4946.75429  35.4%   122 3535s
 33722 28013 5926.94522   50  330 7657.26000 4946.75429  35.4%   122 3554s
 33745 28013 6316.11443   73  281 7657.26000 4946.75429  35.4%   122 3555s
 33829 28081 6737.27299   89  125 7657.26000 4948.03443  35.4%   122 3571s
 33911 28219 5396.69493   34  315 7657.26000 4949.13757  35.4%   122 3589s
 34080 28231 7632.15000  149    - 7657.26000 4949.13757  35.4%   122 3590s
 34102 28344 6332.37226   75  183 7657.26000 4949.29801  35.4%   122 3600s

Cutting planes:
  User: 4375
  Gomory: 32
  Cover: 436
  Implied bound: 201
  Projected implied bound: 5
  Clique: 34
  MIR: 140
  Flow cover: 328
  GUB cover: 1
  Zero half: 82
  Network: 9
  RLT: 318
  Relax-and-lift: 4
  Lazy constraints: 10463

Explored 34233 nodes (4179305 simplex iterations) in 3601.08 seconds
Thread count was 2 (of 32 available processors)

Solution count 3: 7657.26 7967.22 7990.83 

Time limit reached
Best objective 7.657260000000e+03, best bound 4.949470907674e+03, gap 35.3624%

User-callback calls 333469, time in user-callback 428.43 sec
================================================================================
