




arguments: ./build/bc_mirp -f ./input/orig_exec_258.cfg
Current dir: /scratch/gui/bc_mirp
File verbosity level: 9
date       time         ( uptime  ) [ thread name/id ]                   file:line     v| 
2021-02-16 15:03:10.882 (   0.367s) [main thread     ]             loguru.cpp:789   INFO| Logging to './output/vi_vc+hc3/OU/V3/Original/execution_16_02_2021_15_03_10.log', mode: 'a', verbosity: 9
--------------------------------------------------------------------------------
Parameters
                           instance_path           ./input/Instances/Original/6/
                            model_policy                                       1
                             nb_vehicles                                       3
                              output_dir      ./output/vi_vc+hc3/OU/V3/Original/
                            sec_strategy                                       1
                       solver_nb_threads                                       2
                         solver_show_log                                    true
                       solver_time_limit                                    3600
                              use_vi_cos                                   false
                              use_vi_cus                                   false
                         use_vi_hc1_full                                   false
                         use_vi_hc1_half                                   false
                      use_vi_hc1_quarter                                   false
                              use_vi_hc2                                   false
                              use_vi_hc3                                    true
                         use_vi_lex_full                                   false
                         use_vi_lex_half                                   false
                      use_vi_lex_quarter                                   false
                              use_vi_qua                                   false
                               use_vi_vc                                    true
                               use_vi_vr                                   false
--------------------------------------------------------------------------------
executing instance: ./input/Instances/Original/6/absH6high_1n25.dat
--------------------------------------------------------------------------------
Instance details
n	26
H	6
C	1711
Li:
[0, 0, 0, 0, 0, 0, 0, 0, 0, 0, 0, 0, 0, 0, 0, 0, 0, 0, 0, 0, 0, 0, 0, 0, 0, 0, ]
Ui:
[0, 168, 176, 34, 66, 36, 177, 106, 118, 182, 64, 141, 189, 63, 46, 111, 182, 231, 36, 66, 68, 54, 132, 90, 246, 75, ]
Distance matrix:
|0	191	200	231	334	329	146	196	208	245	218	164	283	394	151	358	156	196	309	253	201	260	127	138	130	104	|
|191	0	226	229	278	146	328	216	390	417	327	293	195	334	106	296	171	122	472	151	12	411	280	53	190	130	|
|200	226	0	38	149	359	321	10	276	274	418	364	139	204	121	173	321	115	303	141	225	236	155	202	311	256	|
|231	229	38	0	110	352	358	37	314	310	448	395	108	167	129	135	342	109	336	120	226	268	194	213	335	277	|
|334	278	149	110	0	367	467	147	422	413	546	495	86	61	203	25	423	163	429	129	271	363	303	282	424	361	|
|329	146	359	352	367	0	453	349	533	562	411	393	282	411	245	378	250	244	617	245	141	556	426	195	284	243	|
|146	328	321	358	467	453	0	321	162	215	160	112	425	524	297	491	223	341	284	397	339	266	186	276	184	210	|
|196	216	10	37	147	349	321	0	281	281	414	360	132	203	112	171	315	105	311	132	216	244	159	193	305	249	|
|208	390	276	314	422	533	162	281	0	54	321	271	410	471	316	445	348	348	123	398	398	115	125	338	313	309	|
|245	417	274	310	413	562	215	281	54	0	375	323	413	457	334	435	393	361	70	406	424	69	139	367	359	349	|
|218	327	418	448	546	411	160	414	321	375	0	57	484	606	347	569	163	393	444	446	339	421	318	288	137	199	|
|164	293	364	395	495	393	112	360	271	323	57	0	437	556	300	519	144	346	393	401	305	367	261	249	109	163	|
|283	195	139	108	86	282	425	132	410	413	484	437	0	139	137	101	349	91	443	44	187	375	286	206	355	291	|
|394	334	204	167	61	411	524	203	471	457	606	556	139	0	264	38	483	222	467	183	326	403	356	341	484	421	|
|151	106	121	129	203	245	297	112	316	334	347	300	137	264	0	225	220	46	381	102	106	316	195	84	221	158	|
|358	296	173	135	25	378	491	171	445	435	569	519	101	38	225	0	444	184	450	145	288	384	328	303	446	383	|
|156	171	321	342	423	250	223	315	348	393	163	144	349	483	220	444	0	261	460	308	183	415	284	143	39	65	|
|196	122	115	109	163	244	341	105	348	361	393	346	91	222	46	184	261	0	402	56	118	336	224	119	264	200	|
|309	472	303	336	429	617	284	311	123	70	444	393	443	467	381	450	460	402	0	442	477	68	192	424	426	413	|
|253	151	141	120	129	245	397	132	398	406	446	401	44	183	102	145	308	56	442	0	143	375	273	164	315	251	|
|201	12	225	226	271	141	339	216	398	424	339	305	187	326	106	288	183	118	477	143	0	416	286	63	202	142	|
|260	411	236	268	363	556	266	244	115	69	421	367	375	403	316	384	415	336	68	375	416	0	135	365	384	363	|
|127	280	155	194	303	426	186	159	125	139	318	261	286	356	195	328	284	224	192	273	286	135	0	232	256	229	|
|138	53	202	213	282	195	276	193	338	367	288	249	206	341	84	303	143	119	424	164	63	365	232	0	153	89	|
|130	190	311	335	424	284	184	305	313	359	137	109	355	484	221	446	39	264	426	315	202	384	256	153	0	64	|
|104	130	256	277	361	243	210	249	309	349	199	163	291	421	158	383	65	200	413	251	142	363	229	89	64	0	|

--------------------------------------------------------------------------------
Building model...
	using lazy and cut (CVRPSEP package)
Solving IRP LP...
--------------------------------------------------------------------------------

Gurobi 9.1.0 (linux64) logging started Tue Feb 16 15:03:11 2021

Gurobi Optimizer version 9.1.0 build v9.1.0rc0 (linux64)
Thread count: 32 physical cores, 32 logical processors, using up to 2 threads
Optimize a model with 2036 rows, 6950 columns and 23504 nonzeros
Model fingerprint: 0x18d70a8a
Variable types: 632 continuous, 6318 integer (468 binary)
Coefficient statistics:
  Matrix range     [1e+00, 6e+02]
  Objective range  [1e-01, 6e+02]
  Bounds range     [1e+00, 2e+02]
  RHS range        [1e+00, 3e+03]
Presolve removed 606 rows and 95 columns
Presolve time: 0.11s
Presolved: 1430 rows, 6855 columns, 19372 nonzeros
Variable types: 505 continuous, 6350 integer (5879 binary)

Root relaxation: objective 1.362391e+04, 1803 iterations, 0.05 seconds

    Nodes    |    Current Node    |     Objective Bounds      |     Work
 Expl Unexpl |  Obj  Depth IntInf | Incumbent    BestBd   Gap | It/Node Time

     0     0 13623.9148    0  220          - 13623.9148      -     -    0s
     0     0 13883.0239    0  231          - 13883.0239      -     -    0s
     0     0 13898.7569    0  222          - 13898.7569      -     -    0s
     0     0 13899.1843    0  219          - 13899.1843      -     -    0s
     0     0 14617.9703    0  346          - 14617.9703      -     -    1s
     0     0 14677.5036    0  370          - 14677.5036      -     -    1s
     0     0 14691.6923    0  362          - 14691.6923      -     -    1s
     0     0 14696.2211    0  358          - 14696.2211      -     -    1s
     0     0 14697.8542    0  365          - 14697.8542      -     -    1s
     0     0 14717.7863    0  373          - 14717.7863      -     -    2s
     0     0 14733.1086    0  369          - 14733.1086      -     -    3s
     0     0 14769.7496    0  366          - 14769.7496      -     -    3s
     0     0 14790.1570    0  402          - 14790.1570      -     -    3s
     0     0 14834.4304    0  406          - 14834.4304      -     -    3s
     0     0 14863.4485    0  401          - 14863.4485      -     -    3s
     0     0 14927.0726    0  347          - 14927.0726      -     -    3s
     0     0 14936.3849    0  387          - 14936.3849      -     -    3s
     0     0 14939.1224    0  388          - 14939.1224      -     -    3s
     0     0 14939.1302    0  388          - 14939.1302      -     -    3s
     0     0 15267.7043    0  439          - 15267.7043      -     -    4s
     0     0 15329.3387    0  397          - 15329.3387      -     -    4s
     0     0 15330.5386    0  422          - 15330.5386      -     -    4s
     0     0 15522.0677    0  467          - 15522.0677      -     -    4s
     0     0 15548.0043    0  438          - 15548.0043      -     -    4s
     0     0 15552.7343    0  465          - 15552.7343      -     -    4s
     0     0 15552.8086    0  476          - 15552.8086      -     -    5s
     0     0 15658.8430    0  483          - 15658.8430      -     -    5s
     0     0 15686.6734    0  506          - 15686.6734      -     -    5s
     0     0 15693.8201    0  519          - 15693.8201      -     -    5s
     0     0 15696.2876    0  445          - 15696.2876      -     -    5s
     0     0 15709.8735    0  503          - 15709.8735      -     -    6s
     0     0 15710.9562    0  500          - 15710.9562      -     -    6s
     0     0 15727.9355    0  464          - 15727.9355      -     -    6s
     0     0 15727.9355    0  444          - 15727.9355      -     -    7s
     0     2 15733.5679    0  324          - 15733.5679      -     -    8s
    13    16 15762.7559    5  442          - 15739.8296      -   609   10s
    37    40 16066.2444   11  448          - 15739.8296      -  1070   15s
    74    82 16311.1827   21  284          - 15739.8296      -   904   20s
   235   264 17316.4543   79  133          - 15739.8296      -   399   25s
   531   572 16167.5011    6  586          - 15750.1597      -   230   30s
   658   625 16301.1247   10  511          - 15750.1597      -   205   37s
   668   638 16384.9561   12  526          - 15750.1597      -   212   40s
   705   676 16759.0443   23  446          - 15750.1597      -   232   45s
   729   693 16939.3276   28  401          - 15750.1597      -   238   50s
   744   703 18502.8816  110  665          - 16193.6984      -   233   55s
   762   715 17664.7368   94  648          - 16282.5988      -   227   60s
   773   722 16744.1954   50  689          - 16283.1075      -   224   65s
   788   734 17433.1807   74  684          - 16283.1075      -   256   70s
   796   739 16303.5622   10  709          - 16303.5622      -   253   76s
   801   742 18543.6789  113  654          - 16304.0308      -   252   80s
   810   748 18302.3110   91  621          - 16305.9625      -   249   85s
   818   754 19312.6095  148  621          - 16306.3288      -   246   91s
   829   764 16349.1321   29  568          - 16341.5659      -   295   95s
   844   775 16382.1355   33  528          - 16382.1355      -   315  100s
   865   788 16472.6583   39  519          - 16396.8544      -   335  105s
   896   814 16494.2200   49  493          - 16396.8544      -   349  110s
   944   846 16564.9559   61  385          - 16396.8544      -   355  115s
   983   869 16915.5549   64  349          - 16396.8544      -   360  120s
  1041   923 16720.5043   85  305          - 16396.8544      -   358  125s
  1130   988 16965.2149  113  182          - 16396.8544      -   349  130s
  1213  1048 17039.7560  136  243          - 16396.8544      -   339  135s
  1312  1135 17239.4104  166  222          - 16396.8544      -   328  141s
  1425  1224 18123.6904  209  134          - 16396.8544      -   312  145s
* 1511  1197             241    19139.300000 16396.9070  14.3%   300  147s
  1564  1167 16487.9918   32  618 19139.3000 16396.9070  14.3%   295  151s
  1593  1181 16435.0045   34  704 19139.3000 16396.9070  14.3%   294  155s
H 1595  1124                    18601.300000 16396.9070  11.9%   296  155s
H 1623  1106                    18557.300000 16396.9070  11.6%   295  162s
H 1625  1068                    18500.300000 16396.9070  11.4%   296  162s
  1661  1095 16473.8888   39  533 18500.3000 16396.9070  11.4%   295  168s
H 1684  1055                    18496.460000 16396.9070  11.4%   293  168s
  1685  1060 16526.3689   41  481 18496.4600 16396.9070  11.4%   294  170s
  1713  1076 16616.8974   48  455 18496.4600 16396.9070  11.4%   301  176s
  1725  1094 16731.2705   50  494 18496.4600 16396.9070  11.4%   304  181s
H 1740  1046                    18367.709993 16396.9070  10.7%   306  183s
  1747  1060 16825.4425   57  476 18367.7100 16396.9070  10.7%   308  185s
  1777  1077 16896.6143   65  384 18367.7100 16396.9070  10.7%   310  190s
  1823  1116 17083.6236   78  327 18367.7100 16396.9070  10.7%   312  196s
  1884  1171 17255.8334   91  364 18367.7100 16396.9070  10.7%   310  201s
  1920  1209 17285.7694  101  319 18367.7100 16396.9070  10.7%   309  205s
H 1976  1157                    18216.280000 16396.9070  10.0%   305  209s
  1982  1197 17678.7170  111  293 18216.2800 16396.9070  10.0%   305  212s
  2024  1244 17855.0645  121  285 18216.2800 16396.9070  10.0%   302  215s
  2238  1316 16600.8630   32  591 18216.2800 16400.8052  10.0%   286  222s
  2282  1312 16581.4296   37  462 18216.2800 16400.8052  10.0%   284  226s
  2315  1335 16707.7537   41  393 18216.2800 16400.8052  10.0%   288  232s
  2326  1367 16710.7922   42  374 18216.2800 16400.8052  10.0%   291  235s
  2404  1438 17018.4047   60  383 18216.2800 16400.8052  10.0%   291  242s
  2452  1487 17060.9282   70  215 18216.2800 16400.8052  10.0%   290  247s
  2501  1542 17136.8697   78  266 18216.2800 16400.8052  10.0%   289  253s
  2556  1620 17240.2511   86  289 18216.2800 16400.8052  10.0%   288  258s
  2634  1737 17282.5917   92  240 18216.2800 16400.8052  10.0%   284  262s
  2753  1870 17440.6100  108  173 18216.2800 16400.8052  10.0%   278  267s
  2915  1931 18010.4393  135  153 18216.2800 16400.8052  10.0%   269  273s
  2978  1970 17911.8987  149  140 18216.2800 16408.5672  9.92%   267  277s
  3103  2011 16674.8709   32  545 18216.2800 16408.5672  9.92%   262  281s
  3144  2123 17073.9510   49  404 18216.2800 16408.5672  9.92%   263  289s
  3257  2123 17895.7945   94  208 18216.2800 16408.5672  9.92%   258  290s
  3303  2172 16642.5611   37  377 18216.2800 16411.9177  9.91%   261  298s
  3335  2220 16769.3664   43  262 18216.2800 16411.9177  9.91%   262  303s
  3393  2302 16973.2218   56  213 18216.2800 16411.9177  9.91%   264  309s
  3475  2432 17223.5673   78  176 18216.2800 16411.9177  9.91%   263  315s
  3629  2456     cutoff  124      18216.2800 16419.1368  9.87%   258  320s
  3673  2515 16740.1281   36  418 18216.2800 16419.1368  9.87%   260  328s
  3732  2572 17589.3632   54  347 18216.2800 16423.1453  9.84%   261  335s
  3817  2606 16606.5020   31  644 18216.2800 16428.5346  9.81%   261  342s
  3851  2655 17188.4684   47  389 18216.2800 16428.5346  9.81%   263  347s
  3908  2706 17999.9908   76  289 18216.2800 16435.7998  9.77%   264  382s
  3976  2786 16560.1181   34  438 18216.2800 16435.7998  9.77%   263  392s
  4070  2873 17746.2388   83  246 18216.2800 16440.5974  9.75%   263  399s
  4175  2970 17003.7723   58  151 18216.2800 16440.7651  9.75%   262  407s
  4308  3081 17005.5035   44  325 18216.2800 16459.0804  9.65%   261  417s
  4451  3136 16594.1052   37  470 18216.2800 16460.3754  9.64%   259  424s
  4506  3216 17405.7342   71  295 18216.2800 16469.9674  9.59%   261  432s
  4608  3302 16836.7836   37  421 18216.2800 16471.5510  9.58%   261  441s
  4716  3379 16661.1842   44  445 18216.2800 16472.0753  9.57%   262  451s
  4801  3465 17343.3088   76  281 18216.2800 16473.2974  9.57%   262  463s
  4912  3589 16899.2477   52  325 18216.2800 16473.4122  9.57%   262  472s
  5073  3705 16695.5126   45  317 18216.2800 16473.8888  9.57%   260  482s
  5225  3748 16721.7102   44  457 18216.2800 16476.1530  9.55%   259  492s
  5268  3799 16814.3800   49  412 18216.2800 16476.1530  9.55%   261  502s
  5319  3921 17227.1528   57  461 18216.2800 16476.1530  9.55%   264  512s
  5441  4097 17182.7113   78  299 18216.2800 16476.1530  9.55%   264  528s
  5651  4228 17919.3238  102  161 18216.2800 16476.3283  9.55%   261  539s
  5734  4228 17004.2994   43  360 18216.2800 16476.5461  9.55%   260  540s
  5810  4305 17826.2461   93  149 18216.2800 16478.9822  9.54%   260  550s
  5907  4376 16716.1898   38  460 18216.2800 16478.9822  9.54%   261  562s
  5990  4470 17117.6337   50  283 18216.2800 16478.9822  9.54%   263  577s
  6098  4576 17140.2829   67  239 18216.2800 16478.9822  9.54%   264  589s
  6211  4576 16955.7400   47  315 18216.2800 16478.9822  9.54%   265  590s
  6212  4670 17503.3614  102  169 18216.2800 16485.0339  9.50%   265  601s
H 6338  4763                    18206.780000 16485.0339  9.46%   265  613s
  6465  4825 16823.8994   41  435 18206.7800 16487.2046  9.44%   266  626s
  6527  4960 17043.2527   48  419 18206.7800 16487.2046  9.44%   268  639s
  6662  5073 17479.2103   60  269 18206.7800 16487.2046  9.44%   268  659s
  6725  5073 17927.1239  104  111 18206.7800 16487.2046  9.44%   268  660s
  6795  5253 17920.8553   90  253 18206.7800 16488.2528  9.44%   268  678s
  7035  5335 18036.1738   95  175 18206.7800 16493.1137  9.41%   265  698s
  7143  5361 18114.2997   76  193 18206.7800 16493.1137  9.41%   265  722s
H 7145  5357                    18204.530000 16493.1137  9.40%   265  722s
  7186  5443 18148.9177   78  206 18204.5300 16495.1485  9.39%   266  745s
  7293  5516 17123.9708   47  252 18204.5300 16496.8877  9.38%   267  768s
  7385  5655 16856.3217   32  551 18204.5300 16496.9489  9.38%   270  797s
  7536  5770 16846.5464   50  445 18204.5300 16496.9489  9.38%   270  821s
  7696  6008 17014.8918   63  250 18204.5300 16499.8639  9.36%   270  844s
  7901  6008 16831.8086   56  482 18204.5300 16499.8639  9.36%   266  845s
  7965  6191 17522.1762   70  222 18204.5300 16505.3871  9.33%   266  867s
  8209  6340 16789.0747   51  428 18204.5300 16507.0761  9.32%   264  890s
  8397  6557 17464.9072   80  162 18204.5300 16513.7798  9.29%   264  911s
  8662  6744 16838.8974   44  438 18204.5300 16516.8811  9.27%   261  935s
  8884  6893     cutoff   79      18204.5300 16517.3475  9.27%   260  959s
  8977  6893 16697.1195   33  622 18204.5300 16517.7467  9.27%   260  960s
  9084  7064 17605.6235   72  269 18204.5300 16517.7746  9.27%   259  981s
  9294  7252 16902.7366   47  419 18204.5300 16518.4728  9.26%   258 1003s
  9490  7252 17771.7494   82  111 18204.5300 16519.2756  9.26%   257 1005s
  9523  7344 18016.5624  101  160 18204.5300 16522.1764  9.24%   257 1037s
H 9546  7340                    18202.250000 16522.1764  9.23%   257 1037s
H 9645  6380                    17927.920000 16523.5639  7.83%   256 1038s
  9646  6483 16802.8239   40  410 17927.9200 16523.5639  7.83%   256 1058s
  9763  6687 17211.9406   77  221 17927.9200 16523.8422  7.83%   257 1082s
H 9905  6329                    17851.030000 16523.8422  7.43%   256 1083s
  9992  6441 17570.7007   83  253 17851.0300 16523.9497  7.43%   256 1105s
 10203  6554 17136.1181   61  217 17851.0300 16527.4042  7.41%   256 1131s
H10312  6312                    17794.860000 16527.4042  7.12%   255 1132s
 10387  6396 17229.2549   48  428 17794.8600 16532.7357  7.09%   256 1152s
 10502  6509 16927.1534   48  407 17794.8600 16534.0826  7.09%   257 1175s
 10631  6647 17202.4973   76  228 17794.8600 16534.7836  7.08%   258 1198s
H10802  6615                    17774.700000 16535.8866  6.97%   258 1229s
 10957  6701 16804.7157   41  306 17774.7000 16543.4874  6.93%   259 1253s
 11067  6814 17257.0258   52  296 17774.7000 16543.6786  6.93%   260 1279s
 11100  6814 17650.0871   85  132 17774.7000 16543.6786  6.93%   260 1280s
 11200  6952 16955.5202   39  475 17774.7000 16543.8960  6.92%   261 1304s
 11398  7067 17005.7002   50  373 17774.7000 16543.8960  6.92%   261 1327s
 11523  7241 17213.6736   68  300 17774.7000 16543.8960  6.92%   262 1349s
 11631  7241 17118.7999   66  295 17774.7000 16543.8960  6.92%   262 1350s
 11725  7344 17629.3288   89  235 17774.7000 16546.4476  6.91%   262 1373s
 11917  7450 16707.5127   35  526 17774.7000 16552.3155  6.88%   262 1400s
 12046  7529 17120.7568   37  407 17774.7000 16553.8360  6.87%   262 1424s
 12145  7713 17220.4791   40  360 17774.7000 16554.4196  6.87%   264 1451s
 12381  7792 16926.5326   42  457 17774.7000 16557.3419  6.85%   263 1477s
 12480  7930 16941.6514   55  328 17774.7000 16558.1219  6.84%   265 1501s
 12620  8143 17369.4221   93  200 17774.7000 16560.0858  6.83%   266 1525s
 12922  8279 16870.4632   39  378 17774.7000 16560.4452  6.83%   264 1545s
 13102  8430 16758.0855   41  349 17774.7000 16560.4452  6.83%   264 1561s
 13285  8617 17169.0477   79  121 17774.7000 16560.6354  6.83%   264 1579s
 13441  8617 17553.6952   88  154 17774.7000 16560.6354  6.83%   263 1580s
 13541  8770 16734.9648   40  463 17774.7000 16563.6233  6.81%   263 1600s
 13739  8870 17735.8326   82  257 17774.7000 16564.3265  6.81%   263 1628s
 13868  9059 16883.8881   54  340 17774.7000 16566.0478  6.80%   263 1657s
 14104  9194 16830.0782   48  351 17774.7000 16566.8980  6.80%   262 1688s
 14260  9298 17731.5937   71  212 17774.7000 16567.0002  6.79%   263 1720s
 14409  9444 16871.3554   39  432 17774.7000 16570.9693  6.77%   263 1750s
 14582  9615 17038.7934   60  266 17774.7000 16573.1681  6.76%   264 1779s
 14616  9615 17327.0293   74  210 17774.7000 16573.1681  6.76%   264 1780s
 14817  9711 17062.7011   62  303 17774.7000 16573.7487  6.76%   263 1806s
 14986  9857 16773.1841   45  360 17774.7000 16575.6524  6.75%   263 1832s
 15166 10007 16785.0488   46  364 17774.7000 16580.4283  6.72%   263 1860s
 15341 10144 16591.4176   31  443 17774.7000 16585.9302  6.69%   264 1886s
 15498 10346 16976.1744   53  356 17774.7000 16585.9302  6.69%   265 1911s
 15721 10427 17649.7299  101  127 17774.7000 16591.4176  6.66%   264 1942s
 15858 10560 17094.4092   60  317 17774.7000 16594.1052  6.64%   265 1969s
 16022 10717 17325.7960   58  389 17774.7000 16595.7271  6.63%   265 1997s
 16202 10901 17356.3705  107   91 17774.7000 16595.9475  6.63%   265 2025s
 16458 11065 16830.2211   44  308 17774.7000 16598.1131  6.62%   264 2053s
 16678 11138 16738.5796   42  603 17774.7000 16598.9348  6.61%   264 2199s
H16720  9848                    17635.419904 16598.9348  5.88%   264 2200s
 16764 10040 17271.2555   63  225 17635.4199 16599.4728  5.87%   264 2229s
 16810 10040 17344.2171   86  258 17635.4199 16599.4728  5.87%   264 2230s
 17003 10156 17071.1787   45  508 17635.4199 16600.1619  5.87%   264 2261s
 17169 10269 16719.6215   32  491 17635.4199 16600.7801  5.87%   265 2289s
 17223 10269 17154.9429   46  342 17635.4199 16600.7801  5.87%   265 2290s
 17328 10400 17503.3689   60  183 17635.4199 16600.9662  5.87%   265 2321s
 17495 10587 16826.1086   44  252 17635.4199 16601.4903  5.86%   266 2349s
 17558 10587 17325.4014   68  159 17635.4199 16601.4903  5.86%   266 2350s
 17721 10703 16606.9492   33  598 17635.4199 16601.8528  5.86%   266 2380s
 17854 10817 16936.3232   42  450 17635.4199 16601.8528  5.86%   267 2407s
 17980 10971 17344.3129   66  252 17635.4199 16604.3500  5.85%   268 2438s
 18202 11099 17369.5898   59  242 17635.4199 16607.1090  5.83%   268 2473s
 18376 11238 16991.1168   38  546 17635.4199 16609.6412  5.82%   268 2502s
 18551 11374 16813.0980   50  526 17635.4199 16610.3708  5.81%   269 2532s
 18716 11491 17472.8165   65  317 17635.4199 16611.3786  5.81%   269 2562s
 18889 11645 16804.8527   44  338 17635.4199 16612.9716  5.80%   270 2594s
 19005 11645     cutoff   46      17635.4199 16614.0980  5.79%   270 2595s
 19113 11829 17053.5845   43  290 17635.4199 16614.1741  5.79%   270 2630s
 19339 11957 16641.9320   45  378 17635.4199 16614.8030  5.79%   270 2659s
 19403 11957 17475.1474   78  135 17635.4199 16614.9532  5.79%   270 2660s
 19528 12095 17487.3086   69  293 17635.4199 16615.7593  5.78%   270 2703s
 19715 12285 16924.7529   38  331 17635.4199 16618.0266  5.77%   270 2732s
 19959 12421 16838.7820   35  378 17635.4199 16618.3510  5.77%   270 2768s
 20099 12596 17469.9770   68  287 17635.4199 16619.0173  5.76%   271 2798s
 20353 12682 17183.9127   47  318 17635.4199 16620.0697  5.76%   270 2831s
 20493 12842 17616.1871   52  312 17635.4199 16623.0637  5.74%   271 2863s
 20702 13011 16808.6768   38  447 17635.4199 16625.0902  5.73%   271 2894s
 20924 13107 16878.2646   35  474 17635.4199 16625.6154  5.73%   271 2914s
 21052 13225 16754.5575   42  305 17635.4199 16626.2674  5.72%   272 2937s
 21208 13391 16837.9529   40  516 17635.4199 16626.5076  5.72%   273 2958s
 21436 13532     cutoff   69      17635.4199 16626.8029  5.72%   272 2991s
 21647 13739 17185.9395   47  316 17635.4199 16627.4820  5.72%   272 3021s
 21877 13845 17593.2646   97  135 17635.4199 16628.7564  5.71%   272 3057s
 22094 13997 17374.6687   53  290 17635.4199 16630.6301  5.70%   272 3087s
 22313 14144 16895.5342   38  453 17635.4199 16632.1597  5.69%   272 3124s
 22503 14144 17603.8606   85  108 17635.4199 16633.4638  5.68%   272 3125s
 22516 14283 17084.4666   53  333 17635.4199 16633.6090  5.68%   272 3160s
 22685 14392 17561.8459   66  343 17635.4199 16634.8345  5.67%   272 3187s
 22828 14482 17261.2514   68  312 17635.4199 16635.5014  5.67%   273 3217s
 22976 14635 16785.2450   41  438 17635.4199 16636.0406  5.67%   274 3246s
 23189 14756 16792.0442   31  661 17635.4199 16636.7865  5.66%   274 3275s
 23340 14890 16902.9294   48  323 17635.4199 16637.4579  5.66%   274 3304s
 23501 15019 17086.4140   42  528 17635.4199 16638.9561  5.65%   274 3334s
 23659 15019 17566.7306   88  114 17635.4199 16639.2051  5.65%   275 3335s
 23677 15196 17393.8305   72  143 17635.4199 16639.6239  5.65%   275 3364s
 23777 15196 16853.9811   49  300 17635.4199 16640.5496  5.64%   275 3365s
 23920 15389     cutoff   64      17635.4199 16640.6565  5.64%   274 3390s
 24178 15518 17020.7824   50  461 17635.4199 16642.2674  5.63%   274 3419s
 24256 15518 17040.7223   68  359 17635.4199 16643.4729  5.62%   274 3420s
 24374 15679 17174.2829   57  308 17635.4199 16643.7034  5.62%   274 3447s
 24590 15906 17514.7952   94   94 17635.4199 16644.1462  5.62%   274 3476s
 24880 16084 16979.7549   63  255 17635.4199 16644.2799  5.62%   274 3507s
 25110 16323 17074.7158   56  310 17635.4199 16644.9335  5.62%   274 3531s
 25409 16376 17619.0000   92   18 17635.4199 16645.3554  5.61%   273 3557s
 25477 16476 17337.9988   53  426 17635.4199 16645.6606  5.61%   274 3574s
 25601 16631 17051.6539   40  550 17635.4199 16645.7464  5.61%   274 3596s
 25812 16642 17424.5051   82  175 17635.4199 16645.8594  5.61%   274 3600s

Cutting planes:
  User: 5194
  Gomory: 55
  Cover: 523
  Implied bound: 318
  Projected implied bound: 19
  Clique: 32
  MIR: 440
  Flow cover: 740
  Zero half: 31
  Network: 8
  RLT: 357
  Relax-and-lift: 14
  Lazy constraints: 419

Explored 25837 nodes (7099179 simplex iterations) in 3600.13 seconds
Thread count was 2 (of 32 available processors)

Solution count 10: 17635.4 17774.7 17794.9 ... 18367.7

Time limit reached
Best objective 1.763541990404e+04, best bound 1.664585936751e+04, gap 5.6112%

User-callback calls 303400, time in user-callback 237.54 sec
================================================================================
executing instance: ./input/Instances/Original/6/absH6high_1n20.dat
--------------------------------------------------------------------------------
Instance details
n	21
H	6
C	1651
Li:
[0, 0, 0, 0, 0, 0, 0, 0, 0, 0, 0, 0, 0, 0, 0, 0, 0, 0, 0, 0, 0, ]
Ui:
[0, 36, 182, 182, 90, 261, 117, 30, 110, 42, 276, 153, 40, 94, 144, 46, 129, 213, 264, 160, 174, ]
Distance matrix:
|0	371	401	343	361	341	370	115	392	400	79	266	292	245	355	431	265	194	95	92	348	|
|371	0	37	141	110	250	117	438	67	131	372	305	115	238	247	255	235	296	392	430	185	|
|401	37	0	175	100	284	146	472	90	156	406	342	152	275	280	282	242	333	415	455	178	|
|343	141	175	0	239	110	38	374	95	60	314	182	67	130	106	127	318	201	397	423	303	|
|361	110	100	239	0	341	222	451	177	240	385	374	190	304	341	361	151	345	354	398	78	|
|341	250	284	110	341	0	143	337	203	151	289	102	152	97	15	95	394	156	415	431	398	|
|370	117	146	38	222	143	0	407	61	30	346	220	81	167	137	139	317	237	417	447	292	|
|115	438	472	374	451	337	407	0	443	434	66	241	339	251	351	431	374	181	201	177	450	|
|392	67	90	95	177	203	61	443	0	66	379	275	104	216	197	193	294	283	427	461	252	|
|400	131	156	60	240	151	30	434	66	0	374	237	112	189	142	127	344	261	448	477	312	|
|79	372	406	314	385	289	346	66	379	374	0	202	275	197	304	383	316	134	175	166	388	|
|266	305	342	182	374	102	220	241	275	237	202	0	191	70	117	196	386	73	352	359	415	|
|292	115	152	67	190	152	81	339	104	112	275	191	0	123	154	193	252	183	336	366	246	|
|245	238	275	130	304	97	167	251	216	189	197	70	123	0	110	187	322	72	319	334	346	|
|355	247	280	106	341	15	137	351	197	142	304	117	154	110	0	80	399	171	427	444	400	|
|431	255	282	127	361	95	139	431	193	127	383	196	193	187	80	0	444	251	499	519	429	|
|265	235	242	318	151	394	317	374	294	344	316	386	252	322	399	444	0	332	226	273	97	|
|194	296	333	201	345	156	237	181	283	261	134	73	183	72	171	251	332	0	279	286	375	|
|95	392	415	397	354	415	417	201	427	448	175	352	336	319	427	499	226	279	0	47	321	|
|92	430	455	423	398	431	447	177	461	477	166	359	366	334	444	519	273	286	47	0	368	|
|348	185	178	303	78	398	292	450	252	312	388	415	246	346	400	429	97	375	321	368	0	|

--------------------------------------------------------------------------------
Building model...
	using lazy and cut (CVRPSEP package)
Solving IRP LP...
--------------------------------------------------------------------------------

Gurobi 9.1.0 (linux64) logging started Tue Feb 16 16:03:24 2021

Gurobi Optimizer version 9.1.0 build v9.1.0rc0 (linux64)
Thread count: 32 physical cores, 32 logical processors, using up to 2 threads
Optimize a model with 1641 rows, 4665 columns and 16119 nonzeros
Model fingerprint: 0x054adf98
Variable types: 507 continuous, 4158 integer (378 binary)
Coefficient statistics:
  Matrix range     [1e+00, 6e+02]
  Objective range  [1e-01, 5e+02]
  Bounds range     [1e+00, 3e+02]
  RHS range        [1e+00, 3e+03]
Presolve removed 486 rows and 75 columns
Presolve time: 0.10s
Presolved: 1155 rows, 4590 columns, 13142 nonzeros
Variable types: 405 continuous, 4185 integer (3809 binary)

Root relaxation: objective 1.300220e+04, 1593 iterations, 0.05 seconds

    Nodes    |    Current Node    |     Objective Bounds      |     Work
 Expl Unexpl |  Obj  Depth IntInf | Incumbent    BestBd   Gap | It/Node Time

     0     0 13002.2046    0  198          - 13002.2046      -     -    0s
     0     0 13242.9624    0  196          - 13242.9624      -     -    0s
     0     0 13247.2054    0  197          - 13247.2054      -     -    0s
     0     0 13247.6356    0  200          - 13247.6356      -     -    0s
     0     0 13247.9859    0  197          - 13247.9859      -     -    0s
     0     0 13624.5357    0  309          - 13624.5357      -     -    0s
     0     0 13654.9544    0  223          - 13654.9544      -     -    0s
     0     0 13681.5496    0  259          - 13681.5496      -     -    0s
     0     0 13712.3151    0  289          - 13712.3151      -     -    1s
     0     0 13747.0989    0  232          - 13747.0989      -     -    1s
     0     0 13751.9953    0  283          - 13751.9953      -     -    1s
     0     0 13753.4199    0  286          - 13753.4199      -     -    1s
     0     0 13760.0181    0  270          - 13760.0181      -     -    1s
     0     0 13763.7925    0  301          - 13763.7925      -     -    1s
     0     0 13773.8446    0  296          - 13773.8446      -     -    1s
     0     0 13773.8512    0  313          - 13773.8512      -     -    1s
     0     0 13969.4519    0  348          - 13969.4519      -     -    1s
     0     0 13996.4451    0  382          - 13996.4451      -     -    1s
     0     0 14009.3495    0  401          - 14009.3495      -     -    1s
     0     0 14014.1970    0  389          - 14014.1970      -     -    2s
     0     0 14015.3679    0  415          - 14015.3679      -     -    2s
     0     0 14015.7526    0  397          - 14015.7526      -     -    2s
     0     0 14080.3761    0  418          - 14080.3761      -     -    2s
     0     0 14088.8868    0  388          - 14088.8868      -     -    2s
     0     0 14091.5328    0  399          - 14091.5328      -     -    2s
     0     0 14093.0599    0  399          - 14093.0599      -     -    2s
     0     0 14093.2854    0  421          - 14093.2854      -     -    2s
     0     0 14117.7246    0  424          - 14117.7246      -     -    3s
     0     0 14118.7411    0  321          - 14118.7411      -     -    3s
     0     0 14137.2279    0  412          - 14137.2279      -     -    3s
     0     0 14140.0946    0  431          - 14140.0946      -     -    3s
     0     0 14143.0065    0  453          - 14143.0065      -     -    3s
     0     0 14143.6690    0  460          - 14143.6690      -     -    3s
     0     0 14145.4002    0  353          - 14145.4002      -     -    3s
     0     0 14149.6675    0  379          - 14149.6675      -     -    3s
     0     0 14150.1983    0  400          - 14150.1983      -     -    3s
     0     0 14153.4534    0  461          - 14153.4534      -     -    4s
     0     0 14153.4534    0  390          - 14153.4534      -     -    4s
     0     2 14153.6703    0  379          - 14153.6703      -     -    4s
     3     6 14156.1550    2  416          - 14153.9040      -   502    5s
    47    51 14459.0851   15  433          - 14167.8317      -   712   10s
   120   132 14875.5828   37  224          - 14167.8317      -   528   15s
   266   285 16165.3206   87  194          - 14167.8317      -   344   20s
   447   508 17488.3068  125  187          - 14167.8317      -   254   25s
*  683   661             242    22946.220000 14190.9921  38.2%   188   29s
H  711   659                    22933.900000 14190.9921  38.1%   184   31s
   724   669 19846.0729  147  390 22933.9000 14190.9921  38.1%   191   36s
   727   671 15053.1296   50  271 22933.9000 14190.9921  38.1%   190   40s
   746   684 14495.2445   11  506 22933.9000 14495.2445  36.8%   185   45s
   766   697 15033.3221   51  527 22933.9000 14518.3844  36.7%   181   50s
   779   706 19479.7270  158  561 22933.9000 14528.5524  36.7%   178   55s
   793   715 16478.0818  101  605 22933.9000 14542.0950  36.6%   174   60s
H  798   684                    22385.000000 14542.8439  35.0%   213   61s
H  799   649                    22231.600000 14542.8439  34.6%   212   62s
   806   654 18396.9538  140  492 22231.6000 14542.8439  34.6%   210   65s
   820   663 14548.7984    5  531 22231.6000 14548.7984  34.6%   207   70s
   827   668 15053.1296   50  557 22231.6000 14549.1671  34.6%   205   75s
   829   669 14650.6415   21  557 22231.6000 14549.4980  34.6%   205   81s
   830   673 14554.2010   24  581 22231.6000 14552.4811  34.5%   229   86s
   834   676 14579.0982   25  368 22231.6000 14566.4696  34.5%   232   90s
   845   684 14586.6461   28  555 22231.6000 14576.9867  34.4%   250   96s
   859   692 14635.4910   32  503 22231.6000 14576.9867  34.4%   268  100s
   876   705 14683.8139   36  519 22231.6000 14576.9867  34.4%   288  105s
   879   706 14702.4293   37  534 22231.6000 14576.9867  34.4%   293  113s
   886   712 14679.8298   39  484 22231.6000 14576.9867  34.4%   300  116s
H  888   678                    22182.860000 14576.9867  34.3%   303  116s
   900   690 14712.0104   42  468 22182.8600 14576.9867  34.3%   319  120s
H  917   665                    21530.370000 14576.9867  32.3%   330  123s
   925   675 14948.3230   49  466 21530.3700 14576.9867  32.3%   339  126s
   944   686 15004.7549   54  491 21530.3700 14576.9867  32.3%   357  131s
   964   699 15126.1288   60  475 21530.3700 14576.9867  32.3%   376  135s
   979   712 15151.4019   65  492 21530.3700 14576.9867  32.3%   387  140s
   997   724 15181.2863   70  477 21530.3700 14576.9867  32.3%   398  145s
  1005   733 15364.2539   71  440 21530.3700 14576.9867  32.3%   403  165s
  1029   745 15416.6207   76  468 21530.3700 14576.9867  32.3%   420  173s
  1036   753 15357.5697   78  519 21530.3700 14576.9867  32.3%   426  175s
  1063   768 15312.5540   84  498 21530.3700 14576.9867  32.3%   436  181s
  1082   793 15382.7762   89  376 21530.3700 14576.9867  32.3%   448  187s
  1102   802 15431.3766   95  421 21530.3700 14576.9867  32.3%   455  190s
  1134   827 15562.1549  103  452 21530.3700 14576.9867  32.3%   465  197s
  1153   833 15687.3057  107  424 21530.3700 14576.9867  32.3%   471  200s
  1184   856 15729.8066  115  451 21530.3700 14576.9867  32.3%   482  211s
H 1209   837                    21182.810000 14576.9867  31.2%   487  214s
  1219   858 15932.1689  124  393 21182.8100 14576.9867  31.2%   492  219s
  1244   877 16031.5256  131  375 21182.8100 14576.9867  31.2%   499  223s
  1271   895 16043.0458  139  338 21182.8100 14576.9867  31.2%   506  228s
  1298   914 16145.3296  146  279 21182.8100 14576.9867  31.2%   512  232s
  1326   934 16069.5173  155  306 21182.8100 14576.9867  31.2%   515  238s
  1355   945 16363.1462  163  267 21182.8100 14576.9867  31.2%   520  244s
  1376   970 16115.3685  171  259 21182.8100 14576.9867  31.2%   523  254s
  1408   991 16130.2176  180  284 21182.8100 14576.9867  31.2%   526  260s
  1440  1007 16137.5195  189  315 21182.8100 14576.9867  31.2%   528  267s
  1466  1048 16144.6335  196  325 21182.8100 14576.9867  31.2%   528  273s
  1516  1083 16499.5305  208  276 21182.8100 14576.9867  31.2%   526  280s
  1568  1122 16467.8986  221  282 21182.8100 14576.9867  31.2%   527  290s
  1624  1172 16188.6830  235  315 21182.8100 14576.9867  31.2%   524  296s
  1693  1208 16235.5819  249  319 21182.8100 14576.9867  31.2%   517  303s
  1752  1261 16258.1131  261  314 21182.8100 14576.9867  31.2%   511  309s
  1824  1307 16269.3896  274  313 21182.8100 14576.9867  31.2%   506  316s
  1894  1361 16300.5709  288  273 21182.8100 14576.9867  31.2%   500  324s
  1972  1420 16319.6616  306  274 21182.8100 14576.9867  31.2%   493  341s
  2057  1521 16615.2324  326  190 21182.8100 14576.9867  31.2%   484  349s
  2108  1504 16496.6150  352  213 21182.8100 14576.9867  31.2%   478  350s
  2186  1622 16536.7022  356  213 21182.8100 14576.9867  31.2%   469  358s
  2330  1707 16579.2036  382  240 21182.8100 14576.9867  31.2%   452  367s
  2463  1833 16811.5635  402  211 21182.8100 14576.9867  31.2%   437  384s
  2633  1988 17085.4382  428  189 21182.8100 14576.9867  31.2%   419  393s
  2816  2187 16784.8288  459  254 21182.8100 14576.9867  31.2%   402  407s
  3019  2477 17160.9363  489  174 21182.8100 14576.9867  31.2%   384  422s
  3311  2477 19589.1140  737  101 21182.8100 14576.9867  31.2%   359  425s
  3317  2614 17746.6817  552  170 21182.8100 14576.9867  31.2%   359  434s
  3507  2847 17966.3782  608  146 21182.8100 14576.9867  31.2%   347  443s
  3706  2847 18679.2549  707  102 21182.8100 14576.9867  31.2%   333  445s
  3740  2976 18446.1239  721   85 21182.8100 14576.9867  31.2%   334  462s
  3869  3088 18726.4447  781   85 21182.8100 14579.1186  31.2%   328  475s
  4019  3109 14644.7471   28  532 21182.8100 14579.1186  31.2%   322  484s
  4040  3129 14665.3973   33  520 21182.8100 14579.1186  31.2%   327  491s
  4060  3156 14790.8210   37  495 21182.8100 14579.1186  31.2%   333  514s
H 4086  3156                    21170.970000 14579.1186  31.1%   338  515s
  4087  3183 14822.2935   42  420 21170.9700 14579.1186  31.1%   338  522s
  4114  3215 14833.7834   43  423 21170.9700 14579.1186  31.1%   342  531s
  4146  3267 14894.1530   51  395 21170.9700 14579.1186  31.1%   346  539s
  4170  3267 15228.6464   80  379 21170.9700 14579.1186  31.1%   347  540s
  4198  3313 15352.7371   63  408 21170.9700 14579.1186  31.1%   349  548s
  4244  3388 15277.9672   77  386 21170.9700 14579.1186  31.1%   351  558s
  4319  3466 15519.2392  100  347 21170.9700 14579.1186  31.1%   351  568s
  4397  3564 15997.0987  120  345 21170.9700 14579.1186  31.1%   351  579s
  4495  3614 16303.8384  154  339 21170.9700 14579.1186  31.1%   349  595s
  4545  3705 16509.2347  174  330 21170.9700 14579.1186  31.1%   348  605s
  4636  3847 16884.4617  196  307 21170.9700 14579.1186  31.1%   348  613s
  4782  4102 17936.2673  248  244 21170.9700 14579.1186  31.1%   345  635s
