




arguments: ./build/mirp_solver -f ./input/orig_exec_359.cfg
Current dir: /scratch/gui/bnc_mirp
File verbosity level: 9
date       time         ( uptime  ) [ thread name/id ]                   file:line     v| 
2021-01-25 16:52:37.963 (   1.065s) [main thread     ]             loguru.cpp:789   INFO| Logging to './output/vi_cos/OU/V4/Original/execution_25_01_2021_16_52_37.log', mode: 'a', verbosity: 9
--------------------------------------------------------------------------------
Parameters
                           instance_path           ./input/Instances/Original/4/
                            model_policy                                       1
                             nb_vehicles                                       4
                              output_dir         ./output/vi_cos/OU/V4/Original/
                            sec_strategy                                       1
                       solver_nb_threads                                       2
                         solver_show_log                                    true
                       solver_time_limit                                    3600
                              use_vi_cos                                    true
                              use_vi_cus                                   false
                         use_vi_hc1_full                                   false
                         use_vi_hc1_half                                   false
                      use_vi_hc1_quarter                                   false
                              use_vi_hc2                                   false
                              use_vi_hc3                                   false
                         use_vi_lex_full                                   false
                         use_vi_lex_half                                   false
                      use_vi_lex_quarter                                   false
                              use_vi_qua                                   false
                               use_vi_vc                                   false
                               use_vi_vr                                   false
--------------------------------------------------------------------------------
executing instance: ./input/Instances/Original/4/absH3low_3n30.dat
--------------------------------------------------------------------------------
Instance details
n	31
H	3
C	2841
Li:
[0, 0, 0, 0, 0, 0, 0, 0, 0, 0, 0, 0, 0, 0, 0, 0, 0, 0, 0, 0, 0, 0, 0, 0, 0, 0, 0, 0, 0, 0, 0, ]
Ui:
[0, 246, 98, 54, 144, 171, 192, 180, 165, 98, 122, 198, 297, 144, 130, 129, 219, 138, 142, 150, 108, 66, 64, 285, 180, 204, 276, 168, 240, 198, 122, ]
Distance matrix:
|0	172	56	166	260	198	42	197	296	110	91	112	238	275	323	183	330	232	175	181	162	191	232	280	201	139	356	185	266	216	26	|
|172	0	178	223	320	335	153	355	444	62	231	99	333	376	214	352	176	235	194	106	47	41	353	161	299	175	225	43	326	374	153	|
|56	178	0	110	204	162	93	233	336	125	144	148	187	226	358	180	313	284	123	152	182	185	282	252	256	88	329	177	210	251	42	|
|166	223	110	0	102	150	199	327	431	194	253	237	113	156	431	228	296	386	44	140	248	208	389	218	366	48	287	200	108	344	148	|
|260	320	204	102	0	156	296	391	493	296	340	339	66	90	531	263	362	486	127	226	349	300	469	278	454	148	334	292	6	406	245	|
|198	335	162	150	156	0	239	255	351	286	245	307	93	106	518	111	442	423	194	280	344	335	349	367	352	182	437	327	158	266	199	|
|42	153	93	199	296	239	0	203	296	91	82	76	278	316	284	217	322	191	201	186	133	180	217	281	177	165	356	175	302	222	52	|
|197	355	233	327	391	255	203	0	104	294	125	266	340	361	436	151	524	276	352	377	330	383	109	477	146	319	553	377	395	19	222	|
|296	444	336	431	493	351	296	104	0	384	214	348	440	456	488	241	617	315	456	476	412	475	113	575	176	422	651	470	497	88	322	|
|110	62	125	194	296	286	91	294	384	0	171	55	298	340	238	292	233	210	176	118	58	91	298	201	248	148	273	87	302	313	94	|
|91	231	144	253	340	245	82	125	214	171	0	141	307	339	324	184	403	187	266	266	204	261	140	363	114	230	438	256	346	144	116	|
|112	99	148	237	339	307	76	266	348	55	141	0	332	373	212	292	275	156	225	173	64	137	254	253	200	194	322	135	345	284	108	|
|238	333	187	113	66	93	278	340	440	298	307	332	0	43	536	203	404	469	153	253	354	321	427	322	420	160	385	313	67	353	229	|
|275	376	226	156	90	106	316	361	456	340	339	373	43	0	578	216	443	507	194	295	397	364	453	361	451	203	421	356	88	372	268	|
|323	214	358	431	531	518	284	436	488	238	324	212	536	578	0	498	309	176	407	320	183	245	376	344	312	383	379	251	537	451	319	|
|183	352	180	228	263	111	217	151	241	292	184	292	203	216	498	0	492	371	266	328	345	364	255	426	272	242	501	356	266	159	198	|
|330	176	313	296	362	442	322	524	617	233	403	275	404	443	309	492	0	397	253	164	218	142	529	84	475	260	72	147	367	543	306	|
|232	235	284	386	486	423	191	276	315	210	187	156	469	507	176	371	397	0	379	327	188	276	202	396	139	346	456	277	492	289	242	|
|175	194	123	44	127	194	201	352	456	176	266	225	153	194	407	266	253	379	0	101	225	174	405	174	375	36	244	166	133	370	152	|
|181	106	152	140	226	280	186	377	476	118	266	173	253	295	320	328	164	327	101	0	148	76	403	100	360	98	177	69	232	396	155	|
|162	47	182	248	349	344	133	330	412	58	204	64	354	397	183	345	218	188	225	148	0	89	316	208	259	201	270	90	355	348	149	|
|191	41	185	208	300	335	180	383	475	91	261	137	321	364	245	364	142	276	174	76	89	0	388	119	336	162	185	8	306	402	169	|
|232	353	282	389	469	349	217	109	113	298	140	254	427	453	376	255	529	202	405	403	316	388	0	497	64	369	570	384	474	112	256	|
|280	161	252	218	278	367	281	477	575	201	363	253	322	361	344	426	84	396	174	100	208	119	497	0	449	187	77	119	283	496	255	|
|201	299	256	366	454	352	177	146	176	248	114	200	420	451	312	272	475	139	375	360	259	336	64	449	0	339	521	333	460	156	223	|
|139	175	88	48	148	182	165	319	422	148	230	194	160	203	383	242	260	346	36	98	201	162	369	187	339	0	260	153	154	337	116	|
|356	225	329	287	334	437	356	553	651	273	438	322	385	421	379	501	72	456	244	177	270	185	570	77	521	260	0	187	338	572	331	|
|185	43	177	200	292	327	175	377	470	87	256	135	313	356	251	356	147	277	166	69	90	8	384	119	333	153	187	0	298	396	163	|
|266	326	210	108	6	158	302	395	497	302	346	345	67	88	537	266	367	492	133	232	355	306	474	283	460	154	338	298	0	410	251	|
|216	374	251	344	406	266	222	19	88	313	144	284	353	372	451	159	543	289	370	396	348	402	112	496	156	337	572	396	410	0	241	|
|26	153	42	148	245	199	52	222	322	94	116	108	229	268	319	198	306	242	152	155	149	169	256	255	223	116	331	163	251	241	0	|

--------------------------------------------------------------------------------
Building model...
	using lazy and cut (CVRPSEP package)
Solving IRP LP...
--------------------------------------------------------------------------------

Gurobi 9.1.0 (linux64) logging started Mon Jan 25 16:52:38 2021

Gurobi Optimizer version 9.1.0 build v9.1.0rc0 (linux64)
Thread count: 32 physical cores, 32 logical processors, using up to 2 threads
Optimize a model with 1060 rows, 6436 columns and 23554 nonzeros
Model fingerprint: 0xebd0849e
Variable types: 484 continuous, 5952 integer (372 binary)
Coefficient statistics:
  Matrix range     [1e+00, 7e+02]
  Objective range  [1e-02, 7e+02]
  Bounds range     [1e+00, 3e+02]
  RHS range        [3e+01, 5e+03]
Presolve removed 124 rows and 31 columns
Presolve time: 0.05s
Presolved: 936 rows, 6405 columns, 22649 nonzeros
Variable types: 453 continuous, 5952 integer (5592 binary)

Root relaxation: objective 2.396539e+03, 995 iterations, 0.02 seconds

    Nodes    |    Current Node    |     Objective Bounds      |     Work
 Expl Unexpl |  Obj  Depth IntInf | Incumbent    BestBd   Gap | It/Node Time

     0     0 2396.53937    0  103          - 2396.53937      -     -    0s
     0     0 2585.46662    0  125          - 2585.46662      -     -    0s
     0     0 2587.51158    0   94          - 2587.51158      -     -    0s
     0     0 3150.34198    0  140          - 3150.34198      -     -    0s
     0     0 3183.46504    0  161          - 3183.46504      -     -    0s
     0     0 3247.53377    0  161          - 3247.53377      -     -    0s
     0     0 3249.70473    0  197          - 3249.70473      -     -    0s
     0     0 3279.34877    0  192          - 3279.34877      -     -    0s
     0     0 3283.63986    0  197          - 3283.63986      -     -    0s
     0     0 3283.64510    0  191          - 3283.64510      -     -    0s
     0     0 3434.03991    0  227          - 3434.03991      -     -    1s
     0     0 3436.15838    0  240          - 3436.15838      -     -    1s
     0     0 3440.14509    0  250          - 3440.14509      -     -    1s
     0     0 3440.86423    0  243          - 3440.86423      -     -    1s
     0     0 3516.33119    0  331          - 3516.33119      -     -    1s
     0     0 3522.17755    0  244          - 3522.17755      -     -    1s
     0     0 3522.27925    0  296          - 3522.27925      -     -    1s
     0     0 3524.71141    0  159          - 3524.71141      -     -    1s
     0     0 3525.31645    0  196          - 3525.31645      -     -    1s
     0     0 3532.42534    0  274          - 3532.42534      -     -    2s
     0     0 3532.42534    0  274          - 3532.42534      -     -    2s
     0     2 3533.68704    0  266          - 3533.68704      -     -    2s
    58    62 3752.65695   18  216          - 3536.21578      -   265    5s
   151   159 4339.64383   50  153          - 3536.21578      -   214   10s
   424   463 5820.44296  188   46          - 3536.21578      -   137   15s
   636   646 4363.39031   19  214          - 3536.42961      -   135   20s
   854   836 5385.08176  231   98          - 3536.42961      -   127   25s
   885   857 3662.87865    8  465          - 3662.87865      -   122   30s
   902   868 5299.13440  158  425          - 3673.19860      -   120   35s
   919   881 3975.58020   29  264          - 3673.19860      -   135   40s
   941   895 5417.56829  296  418          - 3673.19860      -   132   45s
   950   901 3676.06111   10  422          - 3676.06111      -   131   50s
   959   910 3830.47404   21  325          - 3676.06111      -   146   55s
  1004   944 3761.64429   30  248          - 3728.87815      -   159   60s
  1093  1008 3949.60513   50  257          - 3728.87815      -   167   65s
  1241  1111 4083.64864   84  167          - 3728.87815      -   169   70s
  1399  1218 4435.00548  125  155          - 3728.87815      -   173   75s
  1540  1323 4660.68176  166  110          - 3728.87815      -   176   80s
  1681  1421 4679.15685  205   87          - 3728.87815      -   179   85s
  1861  1557 5057.61139  251  135          - 3728.87815      -   181   90s
  1985  1631 7955.12059  287   95          - 3728.87815      -   184   95s
  2186  1767 6092.33820  351  105          - 3728.87815      -   185  101s
  2392  1848 infeasible  421               - 3730.24328      -   183  105s
  2518  1953 4190.93276   43  242          - 3730.24328      -   187  111s
  2613  2015 4007.16248   58  249          - 3730.24328      -   189  115s
  2731  2137 4080.74739   73  287          - 3730.24328      -   192  120s
  2905  2153 4282.35963   95  224          - 3730.24328      -   193  127s
  2935  2180 4427.30104  105  219          - 3730.24328      -   194  132s
  3001  2221 4516.64886  125  196          - 3730.24328      -   197  136s
  3087  2289 4627.94325  146  222          - 3730.24328      -   199  142s
  3206  2388 4750.69591  172  241          - 3730.24328      -   200  147s
  3272  2443 4833.94166  185  224          - 3730.24328      -   200  150s
  3418  2479 5007.36479  209  214          - 3730.24328      -   202  157s
  3465  2526 5175.09821  226  241          - 3730.24328      -   203  160s
  3599  2625 5454.91707  266  216          - 3745.64354      -   206  167s
  3690  2762 4013.56261   32  192          - 3745.64354      -   206  177s
  3847  2864 3991.33016   41  310          - 3745.64354      -   202  182s
  3972  3183 4369.69337   56  274          - 3745.64354      -   199  188s
  4298  3515 4587.78094   68  228          - 3745.64354      -   189  194s
* 4350  2903             275    6576.1000000 3745.64354  43.0%   189  194s
  4585  2903     cutoff  422      6576.10000 3745.64354  43.0%   181  195s
* 4698  2614             254    6493.1000000 3745.64354  42.3%   179  199s
  4736  2738     cutoff   97      6493.10000 3745.64354  42.3%   179  203s
  4863  2795 5813.51752  112  115 6493.10000 3754.75724  42.2%   178  209s
  4954  2821 4160.75949   43  249 6493.10000 3754.75724  42.2%   177  213s
  5000  2897 4573.25786   62  230 6493.10000 3754.75724  42.2%   178  220s
  5088  3003 5389.73629  114  197 6493.10000 3754.75724  42.2%   177  226s
  5196  3077 6218.37016  204  193 6493.10000 3757.70051  42.1%   176  231s
  5282  3143 3937.29297   36  403 6493.10000 3757.70051  42.1%   175  236s
  5348  3229 4061.27262   45  411 6493.10000 3757.70051  42.1%   175  241s
  5446  3265 4164.02036   57  276 6493.10000 3757.70051  42.1%   175  246s
  5490  3366 4334.51187   73  175 6493.10000 3757.70051  42.1%   176  251s
  5591  3575 4547.15480   96  175 6493.10000 3757.70051  42.1%   177  257s
  5812  3685 5107.98378  159  114 6493.10000 3757.70051  42.1%   174  267s
  5922  3807 5724.05854  221   77 6493.10000 3767.29557  42.0%   173  274s
  6061  3861 3821.87782   37  522 6493.10000 3767.29557  42.0%   173  280s
  6115  3917 4203.57381   56  357 6493.10000 3767.29557  42.0%   174  285s
  6198  4129 4600.33260   75  287 6493.10000 3774.18131  41.9%   175  292s
  6446  4219 3934.74985   32  267 6493.10000 3774.18131  41.9%   171  299s
  6530  4219 6397.94447  121   65 6493.10000 3774.18131  41.9%   171  300s
H 6560  4243                    6350.1500000 3774.18131  40.6%   171  306s
  6718  4257     cutoff  209      6350.15000 3781.60099  40.4%   170  315s
  6766  4273 4309.90691   31  369 6350.15000 3781.60099  40.4%   171  321s
  6790  4303 4602.68999   43  352 6350.15000 3781.60099  40.4%   172  326s
  6822  4406 4878.93380   64  202 6350.15000 3781.60099  40.4%   174  335s
  6925  4632 5701.34884  133  129 6350.15000 3783.33763  40.4%   173  343s
  7173  4749 4163.75312   32  416 6350.15000 3783.33763  40.4%   171  352s
  7354  4854 4338.14778   43  473 6350.15000 3783.33763  40.4%   169  360s
  7477  4912 4910.07646   71  341 6350.15000 3783.33763  40.4%   170  367s
  7535  5022 5455.63813  110  304 6350.15000 3794.16746  40.3%   171  374s
  7655  5272 4104.17306   31  474 6350.15000 3794.16746  40.3%   172  387s
  7896  5272 5797.91684  214   42 6350.15000 3794.16746  40.3%   170  390s
  7915  5353 4840.80363   72  295 6350.15000 3794.78566  40.2%   170  397s
  8020  5389 4043.02863   34  255 6350.15000 3795.12715  40.2%   170  405s
  8056  5460 4341.45520   50  322 6350.15000 3795.12715  40.2%   171  411s
  8127  5627 4824.42975   83  290 6350.15000 3795.12715  40.2%   172  418s
  8288  5627 5862.39884  195  239 6350.15000 3795.12715  40.2%   172  420s
  8296  5734 6055.57226  160  157 6350.15000 3795.68626  40.2%   172  427s
H 8364  4173                    5527.7600000 3795.68626  31.3%   172  427s
H 8428  3729                    5377.5600000 3796.33746  29.4%   172  434s
  8476  3771 5043.61324   47  293 5377.56000 3796.33746  29.4%   174  441s
  8556  3851     cutoff   62      5377.56000 3797.95426  29.4%   176  449s
  8657  3927 4532.00242   48  396 5377.56000 3798.00873  29.4%   177  456s
  8745  4008     cutoff  103      5377.56000 3803.73200  29.3%   178  466s
  8856  4030 4272.65142   44  454 5377.56000 3807.37512  29.2%   179  475s
  8878  4078 4485.41810   55  405 5377.56000 3807.37512  29.2%   180  481s
  8926  4160 4981.63976   76  345 5377.56000 3813.75172  29.1%   181  489s
  9015  4222 4102.63646   44  331 5377.56000 3813.75172  29.1%   181  497s
  9086  4363 4659.55592   72  351 5377.56000 3815.96915  29.0%   182  506s
  9258  4495 3913.43737   27  275 5377.56000 3816.10102  29.0%   182  516s
  9390  4546 4610.60843   50  201 5377.56000 3818.65505  29.0%   182  525s
  9461  4571 4185.14018   28  296 5377.56000 3819.70129  29.0%   184  533s
  9486  4623 4277.46211   34  300 5377.56000 3819.70129  29.0%   186  542s
  9538  4717 4492.07366   40  359 5377.56000 3819.70129  29.0%   188  552s
  9642  4793 4603.11917   46  317 5377.56000 3819.70129  29.0%   189  563s
  9821  4905 4860.56706   55  134 5377.56000 3819.93253  29.0%   189  575s
  9951  4962 4094.27289   35  247 5377.56000 3821.97339  28.9%   190  584s
H10034  4844                    5330.5100000 3823.21584  28.3%   191  593s
 10102  4887 5053.53492   48  239 5330.51000 3825.95724  28.2%   193  601s
 10154  4997 4593.53405   46  235 5330.51000 3825.95724  28.2%   194  611s
 10275  5211 4511.45749   40  209 5330.51000 3830.27237  28.1%   195  624s
 10416  5211 4874.15135  162  144 5330.51000 3830.49831  28.1%   195  625s
 10538  5286 4544.05026   47  218 5330.51000 3830.86495  28.1%   193  635s
 10635  5383 4239.81925   33  315 5330.51000 3830.86495  28.1%   195  645s
 10743  5484 4998.71830   66  149 5330.51000 3831.34877  28.1%   195  655s
 10854  5535 4854.18931   42  163 5330.51000 3831.62315  28.1%   196  667s
 10952  5604 3928.40011   23  412 5330.51000 3835.39514  28.0%   196  677s
 11039  5852 4932.00396   48  154 5330.51000 3842.82216  27.9%   197  688s
 11332  5914 5133.20893   56  218 5330.51000 3844.33028  27.9%   195  699s
 11416  6036 4542.38714   40  299 5330.51000 3845.35224  27.9%   196  709s
 11506  6036 5037.79116   88   99 5330.51000 3845.91935  27.9%   196  710s
 11561  6253 4104.43658   29  324 5330.51000 3846.10379  27.8%   196  721s
 11799  6361 4167.09444   30  212 5330.51000 3846.63378  27.8%   195  731s
 11907  6518 5046.42949   79  169 5330.51000 3847.95922  27.8%   196  741s
 12087  6612 4533.19062   51  356 5330.51000 3849.61736  27.8%   195  751s
H12189  6581                    5311.5100000 3849.61736  27.5%   196  762s
 12242  6732 4933.74384   61  310 5311.51000 3853.12517  27.5%   197  774s
 12375  6732 5003.92658  122  107 5311.51000 3853.21931  27.5%   198  775s
 12431  6874 4467.10627   43  325 5311.51000 3853.25370  27.5%   197  785s
 12595  6949 4038.89706   35  453 5311.51000 3853.78122  27.4%   198  794s
 12627  6949 4348.62490   39  374 5311.51000 3853.78122  27.4%   198  795s
 12680  7119 5008.87468   67  343 5311.51000 3853.94298  27.4%   199  807s
 12875  7234 4485.24350   47  295 5311.51000 3854.28366  27.4%   198  817s
H13025  7242                    5290.3200000 3855.59028  27.1%   198  827s
 13125  7425 4761.25954   83  187 5290.32000 3855.85859  27.1%   199  838s
 13292  7425 5164.85571   85  359 5290.32000 3856.13983  27.1%   198  840s
 13337  7645 4936.02522  103   78 5290.32000 3856.39841  27.1%   199  851s
 13620  7752 4844.87861   60  203 5290.32000 3858.13218  27.1%   197  862s
 13768  7813 4745.65397   52  280 5290.32000 3860.98415  27.0%   197  874s
 13841  7883 4341.95948   36  191 5290.32000 3861.44113  27.0%   197  884s
 13939  7954 4569.55519   56  302 5290.32000 3861.71965  27.0%   198  894s
 14021  8056 4309.72573   44  288 5290.32000 3864.92288  26.9%   199  905s
 14143  8217 3955.34398   36  348 5290.32000 3864.93570  26.9%   199  916s
 14324  8370 4369.09840   47  256 5290.32000 3867.27086  26.9%   199  929s
 14438  8370 4676.24128   64   55 5290.32000 3867.36748  26.9%   198  930s
 14502  8460 4239.15687   42  211 5290.32000 3867.93754  26.9%   198  940s
 14617  8532 4424.83702   53  290 5290.32000 3868.42274  26.9%   198  951s
 14714  8576 4383.72206   48  381 5290.32000 3868.51845  26.9%   199  960s
 14758  8659 4836.02682   58  260 5290.32000 3868.51845  26.9%   201  971s
 14878  8789 4276.34795   34  209 5290.32000 3869.90390  26.8%   202  985s
 15125  8850 4448.88243   45  212 5290.32000 3871.98349  26.8%   202  995s
 15196  9114 4413.38807   48  166 5290.32000 3875.38983  26.7%   204 1008s
 15517  9214 4193.95111   53  202 5290.32000 3876.44666  26.7%   202 1020s
 15643  9289 4570.98288   39  268 5290.32000 3877.07514  26.7%   203 1031s
 15740  9376 5180.89904   61  260 5290.32000 3878.46224  26.7%   204 1042s
 15875  9499 4764.68166   51  169 5290.32000 3879.97290  26.7%   205 1053s
 16044  9548 4262.57209   32  275 5290.32000 3881.14747  26.6%   206 1065s
 16093  9668 4568.83060   43  268 5290.32000 3881.14747  26.6%   207 1076s
 16222  9848 4850.81672   67   86 5290.32000 3881.22719  26.6%   207 1090s
 16492  9898 4400.11438   29  246 5290.32000 3884.67008  26.6%   207 1102s
 16588  9954 4479.39177   38  338 5290.32000 3886.83817  26.5%   208 1112s
 16668 10150 4119.05902   26  403 5290.32000 3887.10592  26.5%   209 1127s
 16884 10387 4448.33925   46  110 5290.32000 3888.17175  26.5%   209 1141s
 17159 10511 4314.20534   43  206 5290.32000 3888.88504  26.5%   208 1153s
 17322 10599 4134.68310   25  431 5290.32000 3889.25269  26.5%   208 1165s
 17419 10680 4875.27034   78  247 5290.32000 3890.63084  26.5%   209 1176s
 17525 10742 4845.55780   68   98 5290.32000 3891.76223  26.4%   210 1187s
 17623 10901 4690.35960   48  322 5290.32000 3892.11990  26.4%   211 1203s
 17785 11083 5173.15767   97   25 5290.32000 3892.90486  26.4%   211 1216s
 18023 11234 4789.64436   60  266 5290.32000 3894.34661  26.4%   211 1229s
 18214 11299 4393.87379   41  322 5290.32000 3896.66515  26.3%   211 1240s
 18318 11372 4889.48000   46  263 5290.32000 3896.73538  26.3%   212 1251s
 18430 11617 4339.13091   44  223 5290.32000 3897.93164  26.3%   213 1265s
 18699 11756 4358.55163   52  413 5290.32000 3897.94393  26.3%   212 1278s
H18885 11837                    5282.0500000 3898.03911  26.2%   213 1290s
 19029 11939 4164.94612   39  344 5282.05000 3900.18909  26.2%   213 1302s
 19163 12109 4974.27059   52  191 5282.05000 3901.32290  26.1%   214 1315s
 19367 12205 4508.65332   38  380 5282.05000 3902.22616  26.1%   214 1328s
 19496 12254 5156.23253   48  299 5282.05000 3903.25007  26.1%   215 1338s
 19574 12352 4649.84283   63  308 5282.05000 3904.42606  26.1%   216 1350s
 19690 12451 4317.56871   55  438 5282.05000 3904.56850  26.1%   217 1361s
 19819 12575 4147.70066   42  252 5282.05000 3906.09778  26.0%   218 1373s
 19985 12675 4124.92798   38  254 5282.05000 3907.66063  26.0%   218 1386s
 20145 12725 4492.33610   43  188 5282.05000 3907.87578  26.0%   219 1398s
 20195 12845 4916.97566   56  167 5282.05000 3908.18593  26.0%   220 1411s
 20392 12994 4126.91848   29  249 5282.05000 3908.76101  26.0%   221 1424s
 20459 12994     cutoff   58      5282.05000 3908.76708  26.0%   221 1425s
 20569 13133 4411.44482   41  250 5282.05000 3909.57411  26.0%   221 1530s
H20729 13188                    5281.5600000 3909.57411  26.0%   221 1544s
 20809 13237 5142.92293   66  147 5281.56000 3912.02873  25.9%   221 1558s
 20909 13350 4099.39473   50  460 5281.56000 3914.00343  25.9%   222 1571s
 21060 13490 4470.74624   29  407 5281.56000 3916.63300  25.8%   223 1585s
 21226 13671 4644.03743  132   34 5281.56000 3916.77040  25.8%   223 1598s
 21452 13754     cutoff  201      5281.56000 3921.43864  25.8%   224 1611s
 21548 13837 4841.81833   67  315 5281.56000 3921.95202  25.7%   224 1623s
 21651 14012 4485.74988   60  360 5281.56000 3923.31606  25.7%   226 1635s
 21852 14140 4675.99801   61  192 5281.56000 3925.33159  25.7%   225 1649s
 22056 14297 4076.94730   25  269 5281.56000 3926.82877  25.7%   226 1663s
 22259 14456     cutoff   70      5281.56000 3929.00567  25.6%   226 1677s
 22460 14584 4496.74010   43  314 5281.56000 3931.92292  25.6%   226 1690s
 22611 14734 4708.62967   55  176 5281.56000 3935.23468  25.5%   227 1703s
 22830 14887 4245.86382   32  317 5281.56000 3936.99569  25.5%   227 1717s
 23023 15042 4240.28823   47  230 5281.56000 3937.15626  25.5%   227 1731s
 23210 15269 4598.11482   53  336 5281.56000 3937.24130  25.5%   228 1746s
 23488 15423 4914.26178   57  218 5281.56000 3937.97443  25.4%   227 1761s
 23662 15529 4475.15376   50  298 5281.56000 3938.84469  25.4%   228 1775s
 23879 15655 4636.19130   73  200 5281.56000 3938.84469  25.4%   228 1789s
 24052 15856 4934.89721  133  141 5281.56000 3939.87812  25.4%   228 1802s
 24419 16001 4793.35051   72  245 5281.56000 3941.77623  25.4%   227 1816s
 24602 16087 4375.73625   46  249 5281.56000 3942.46640  25.4%   227 1829s
 24714 16137 4594.42425   50  262 5281.56000 3942.55411  25.4%   228 1843s
H24755 15885                    5255.5600000 3942.55411  25.0%   228 1843s
 24778 16079 4214.91127   64  181 5255.56000 3942.68407  25.0%   229 1856s
 25023 16306 4480.35361   37  264 5255.56000 3943.16070  25.0%   228 1871s
 25278 16470 5204.90460   64  177 5255.56000 3943.34623  25.0%   228 1885s
 25483 16541 4327.15059   43  358 5255.56000 3944.62174  24.9%   228 1898s
 25594 16677 4843.82101   38  195 5255.56000 3945.78260  24.9%   229 1911s
 25760 16890 4949.72263   69  310 5255.56000 3947.97639  24.9%   229 1927s
 26034 16992 5140.64278   69  150 5255.56000 3951.11169  24.8%   229 1941s
 26178 17106 4798.11078   32  331 5255.56000 3951.33780  24.8%   230 1954s
 26287 17106 5086.09804   73   74 5255.56000 3951.33780  24.8%   231 1955s
 26328 17185 infeasible   40      5255.56000 3951.98645  24.8%   230 1967s
 26436 17531 4873.25354   53  115 5255.56000 3955.33027  24.7%   231 1982s
 26877 17624     cutoff   94      5255.56000 3956.73816  24.7%   230 1995s
 26981 17710     cutoff   78      5255.56000 3957.68380  24.7%   230 2008s
 27103 17822 4414.49360   40  231 5255.56000 3958.12226  24.7%   231 2021s
 27245 17957 4561.67411   51  182 5255.56000 3958.93888  24.7%   231 2034s
 27287 17957 5197.05319   88  148 5255.56000 3958.93888  24.7%   231 2035s
 27422 18118     cutoff   76      5255.56000 3962.78381  24.6%   232 2048s
 27658 18209 infeasible   53      5255.56000 3965.06296  24.6%   232 2062s
 27792 18280     cutoff   59      5255.56000 3965.30502  24.6%   233 2075s
H27899 18073                    5233.5600000 3965.78419  24.2%   234 2087s
 28027 18194 4412.58091   50  329 5233.56000 3968.20391  24.2%   234 2100s
 28174 18286 5117.19831   93  178 5233.56000 3968.57085  24.2%   235 2113s
 28325 18389 5083.21516   90  239 5233.56000 3970.44898  24.1%   235 2127s
 28457 18457 5216.21925   89  258 5233.56000 3971.90334  24.1%   236 2139s
 28549 18510 4429.50044   40  372 5233.56000 3973.27667  24.1%   237 2151s
 28622 18591 5168.79788   70  260 5233.56000 3973.91553  24.1%   237 2163s
 28741 18738 4566.85336   33  235 5233.56000 3974.15997  24.1%   238 2179s
 28922 18738 4909.41215   82   40 5233.56000 3976.07701  24.0%   239 2180s
 28954 18814     cutoff   51      5233.56000 3976.30974  24.0%   239 2191s
 29044 18915 4973.76583   72  294 5233.56000 3977.02526  24.0%   239 2206s
 29185 19065 4616.29137   51  366 5233.56000 3978.38213  24.0%   240 2219s
 29343 19155 5198.04396   65  171 5233.56000 3978.73532  24.0%   240 2233s
 29497 19280 4474.93501   44  295 5233.56000 3979.13010  24.0%   240 2247s
 29668 19380 4991.41499   74  165 5233.56000 3980.35426  23.9%   241 2260s
 29834 19498 4361.19158   40  231 5233.56000 3980.91341  23.9%   241 2274s
 29914 19498 4408.44777   36  231 5233.56000 3982.44707  23.9%   241 2275s
 30015 19569 4927.23072   70  239 5233.56000 3983.74503  23.9%   242 2288s
 30122 19684 4846.78112   70  409 5233.56000 3985.02520  23.9%   242 2300s
 30287 19884 5163.75712   76   73 5233.56000 3985.40420  23.8%   243 2317s
 30605 20129 4481.88787   55  264 5233.56000 3987.24990  23.8%   242 2333s
 30894 20210 4523.95498   51  306 5233.56000 3989.41834  23.8%   242 2347s
 31007 20289 4878.52044   57   52 5233.56000 3990.19490  23.8%   243 2359s
 31087 20289 4491.31682   39  360 5233.56000 3990.19490  23.8%   243 2360s
 31116 20349     cutoff   73      5233.56000 3990.63766  23.7%   243 2372s
 31226 20445 4498.93657   59  290 5233.56000 3991.79259  23.7%   244 2385s
 31377 20585 4182.38233   45  127 5233.56000 3992.95225  23.7%   244 2399s
 31471 20585 4766.49905   60  262 5233.56000 3992.98455  23.7%   245 2400s
 31552 20812     cutoff   70      5233.56000 3994.06507  23.7%   245 2415s
 31837 20921 4589.61276   48  396 5233.56000 3995.72198  23.7%   244 2431s
 31975 21034 4266.91645   49  334 5233.56000 3996.37606  23.6%   245 2444s
 32126 21197 4448.58940   55  238 5233.56000 3996.89471  23.6%   245 2459s
 32302 21198 4712.25660   56  170 5233.56000 3996.98294  23.6%   246 2460s
 32345 21317     cutoff   92      5233.56000 3997.69029  23.6%   245 2473s
 32518 21555 4607.53471   73  159 5233.56000 3998.15138  23.6%   246 2489s
 32685 21555 4630.64702   48  233 5233.56000 3998.15138  23.6%   245 2490s
 32855 21705 4487.86664   45  399 5233.56000 3998.24573  23.6%   246 2505s
 33033 21829 4693.14474   41  191 5233.56000 3998.29870  23.6%   246 2519s
 33073 21829 5129.25649   60  122 5233.56000 3998.29870  23.6%   246 2520s
 33181 21914 4680.56085   62  317 5233.56000 3998.88681  23.6%   246 2533s
 33278 21981 4731.78598   36  298 5233.56000 3999.05380  23.6%   247 2546s
 33382 22069 4522.96006   59  305 5233.56000 3999.47578  23.6%   247 2559s
 33494 22156 4765.02144   60  361 5233.56000 3999.57676  23.6%   248 2572s
 33595 22331 4874.61158   38  295 5233.56000 4000.90662  23.6%   249 2587s
 33808 22472 4428.71931   53  362 5233.56000 4001.81881  23.5%   248 2602s
 33980 22609 5079.78893   38  147 5233.56000 4003.97546  23.5%   249 2617s
 34158 22696 4391.44354   43  380 5233.56000 4004.58391  23.5%   249 2630s
 34261 22812 4538.74910   50  309 5233.56000 4005.35935  23.5%   250 2644s
 34415 22944 4230.75429   25  268 5233.56000 4007.54656  23.4%   250 2657s
 34578 23103 5095.44455   67  204 5233.56000 4008.24487  23.4%   250 2672s
 34805 23237 4161.60195   36  371 5233.56000 4011.29458  23.4%   250 2687s
 34988 23335 4220.28115   43  358 5233.56000 4012.60286  23.3%   250 2700s
 35106 23440 4510.76136   50  155 5233.56000 4012.71648  23.3%   250 2714s
 35230 23721 4580.81008   41  216 5233.56000 4013.03722  23.3%   251 2731s
 35550 23881 4381.44139   30  234 5233.56000 4013.56261  23.3%   250 2747s
 35744 23989 4585.11664   53  404 5233.56000 4014.93283  23.3%   250 2760s
 35876 24144 4652.24809   45  195 5233.56000 4015.29283  23.3%   251 2776s
 36196 24339 4774.33586   42  210 5233.56000 4016.86318  23.2%   251 2792s
 36480 24510 4261.48280   35  199 5233.56000 4019.16192  23.2%   251 2807s
 36706 24577 4228.62378   39  244 5233.56000 4019.86774  23.2%   251 2821s
 36795 24759 4477.74264   44  373 5233.56000 4020.20983  23.2%   251 2835s
 37013 24977 4491.67125   63  341 5233.56000 4021.00589  23.2%   251 2851s
 37307 25068 4263.81218   48  248 5233.56000 4022.40165  23.1%   251 2866s
 37437 25166 4240.69519   38  289 5233.56000 4023.21331  23.1%   252 2880s
 37561 25284 4897.24457   47  275 5233.56000 4023.99453  23.1%   252 2894s
 37709 25327 5158.56150   77  261 5233.56000 4024.31284  23.1%   252 2906s
 37764 25359 4893.48948   44  369 5233.56000 4024.44467  23.1%   253 2920s
 37836 25438 5158.24644   54  317 5233.56000 4024.88537  23.1%   254 2933s
 37954 25493 4724.83379   56  341 5233.56000 4025.96661  23.1%   254 2946s
 38017 25641 4623.12389   50  144 5233.56000 4026.52037  23.1%   255 2960s
 38241 25751 5073.05525   77  199 5233.56000 4027.15612  23.1%   255 2974s
 38387 25862 4848.21017   61  416 5233.56000 4028.08522  23.0%   256 2988s
 38523 26094 4543.86193   60  222 5233.56000 4028.31712  23.0%   256 3003s
 38804 26207 4595.67635   47  235 5233.56000 4029.75015  23.0%   256 3018s
 38941 26305 4906.73770   55  228 5233.56000 4031.06582  23.0%   256 3032s
 39086 26416 4712.50788   39  196 5233.56000 4031.92012  23.0%   257 3047s
 39251 26524 4814.76527   52  248 5233.56000 4032.51801  22.9%   257 3062s
 39402 26631 4488.27544   55  295 5233.56000 4032.60850  22.9%   257 3077s
 39569 26753 5055.14159   81  185 5233.56000 4033.24578  22.9%   258 3092s
 39738 26870 4261.92648   41  322 5233.56000 4034.01277  22.9%   258 3107s
 39890 26982 4305.63931   45  213 5233.56000 4034.12446  22.9%   258 3122s
 40042 27147 4588.47453   44  224 5233.56000 4034.29671  22.9%   259 3138s
 40271 27252 4297.18392   45  410 5233.56000 4034.52953  22.9%   259 3152s
 40408 27302 5212.47416   41  166 5233.56000 4034.74848  22.9%   259 3174s
 40474 27363 4732.93577   63  321 5233.56000 4035.26140  22.9%   260 3190s
 40553 27413 4598.97862   50  237 5233.56000 4035.39945  22.9%   260 3212s
 40617 27597 4272.77019   40  380 5233.56000 4035.47661  22.9%   260 3228s
 40860 27771 4299.75550   43  228 5233.56000 4036.42024  22.9%   260 3244s
 41102 27880 4412.43635   53  374 5233.56000 4036.75428  22.9%   261 3258s
 41255 28192 4680.51641   48  250 5233.56000 4036.96985  22.9%   261 3274s
 41333 28192 5045.68668  111  148 5233.56000 4036.96985  22.9%   261 3275s
 41613 28333 4539.90817   35  169 5233.56000 4038.00439  22.8%   260 3290s
 41780 28442 4807.07560   59  314 5233.56000 4038.55756  22.8%   260 3303s
 41921 28526     cutoff   78      5233.56000 4038.90655  22.8%   261 3317s
 42035 28655 4553.75671   40  162 5233.56000 4040.62908  22.8%   261 3332s
 42215 28786 4367.77912   36  390 5233.56000 4040.75290  22.8%   261 3347s
 42384 28867 4991.98547   79  129 5233.56000 4042.79430  22.8%   262 3360s
 42503 29052 4599.04027   46  210 5233.56000 4043.26642  22.7%   262 3376s
 42759 29289 4161.48068   27  336 5233.56000 4043.84330  22.7%   262 3391s
 43037 29365 4747.27217   45  196 5233.56000 4044.32213  22.7%   262 3406s
 43129 29538 4894.68499   53   64 5233.56000 4044.51442  22.7%   263 3423s
 43471 29789 4652.38262   45  229 5233.56000 4045.52716  22.7%   262 3439s
 43552 29789 5139.45891  102  102 5233.56000 4045.52716  22.7%   262 3440s
 43780 29926 4515.46309   48  254 5233.56000 4046.13083  22.7%   262 3455s
 43964 30163     cutoff   68      5233.56000 4047.06954  22.7%   262 3471s
 44301 30383 4374.03435   42  233 5233.56000 4048.54284  22.6%   262 3487s
 44557 30483 4305.82241   36  380 5233.56000 4048.59538  22.6%   261 3502s
 44705 30618 4858.01254   61  216 5233.56000 4048.86229  22.6%   262 3517s
 44894 30860 4497.91783   58  293 5233.56000 4049.68449  22.6%   262 3533s
 45202 30989 4320.44177   44  242 5233.56000 4050.53965  22.6%   262 3549s
 45369 31095 4539.87106   47  281 5233.56000 4051.29023  22.6%   262 3562s
 45507 31287 4646.63270   55  309 5233.56000 4051.79473  22.6%   263 3577s
 45723 31367 4972.86988   56  298 5233.56000 4052.33999  22.6%   263 3592s
 45853 31450 4229.22954   29  211 5233.56000 4053.38502  22.6%   263 3600s

Cutting planes:
  User: 5838
  Gomory: 22
  Cover: 361
  Implied bound: 68
  Clique: 3
  MIR: 124
  StrongCG: 3
  Flow cover: 326
  Inf proof: 1
  Zero half: 3
  RLT: 242
  Relax-and-lift: 9
  Lazy constraints: 679

Explored 45954 nodes (12090843 simplex iterations) in 3600.77 seconds
Thread count was 2 (of 32 available processors)

Solution count 10: 5233.56 5255.56 5281.56 ... 6350.15

Time limit reached
Best objective 5.233560000000e+03, best bound 4.053403118987e+03, gap 22.5498%

User-callback calls 501176, time in user-callback 248.14 sec
================================================================================
executing instance: ./input/Instances/Original/4/absH3low_3n10.dat
--------------------------------------------------------------------------------
Instance details
n	11
H	3
C	687
Li:
[0, 0, 0, 0, 0, 0, 0, 0, 0, 0, 0, ]
Ui:
[0, 189, 44, 174, 78, 36, 198, 117, 42, 96, 240, ]
Distance matrix:
|0	209	255	286	142	156	285	317	182	161	135	|
|209	0	464	451	315	356	490	469	361	299	260	|
|255	464	0	221	202	130	74	280	189	254	273	|
|286	451	221	0	145	156	164	479	354	153	192	|
|142	315	202	145	0	73	194	388	250	53	73	|
|156	356	130	156	73	0	134	332	200	127	144	|
|285	490	74	164	194	134	0	353	256	239	267	|
|317	469	280	479	388	332	353	0	141	436	430	|
|182	361	189	354	250	200	256	141	0	296	289	|
|161	299	254	153	53	127	239	436	296	0	39	|
|135	260	273	192	73	144	267	430	289	39	0	|

--------------------------------------------------------------------------------
Building model...
	using lazy and cut (CVRPSEP package)
Solving IRP LP...
--------------------------------------------------------------------------------

Gurobi 9.1.0 (linux64) logging started Mon Jan 25 17:52:39 2021

Gurobi Optimizer version 9.1.0 build v9.1.0rc0 (linux64)
Thread count: 32 physical cores, 32 logical processors, using up to 2 threads
Optimize a model with 380 rows, 956 columns and 3674 nonzeros
Model fingerprint: 0x33c7e302
Variable types: 164 continuous, 792 integer (132 binary)
Coefficient statistics:
  Matrix range     [1e+00, 5e+02]
  Objective range  [1e-02, 5e+02]
  Bounds range     [1e+00, 2e+02]
  RHS range        [2e+01, 1e+03]
Presolve removed 44 rows and 11 columns
Presolve time: 0.01s
Presolved: 336 rows, 945 columns, 3369 nonzeros
Variable types: 153 continuous, 792 integer (672 binary)

Root relaxation: objective 1.746329e+03, 518 iterations, 0.01 seconds

    Nodes    |    Current Node    |     Objective Bounds      |     Work
 Expl Unexpl |  Obj  Depth IntInf | Incumbent    BestBd   Gap | It/Node Time

     0     0 1746.32912    0   73          - 1746.32912      -     -    0s
     0     0 1954.88816    0   64          - 1954.88816      -     -    0s
     0     0 2148.81891    0   67          - 2148.81891      -     -    0s
     0     0 2293.31243    0   65          - 2293.31243      -     -    0s
     0     0 2398.28564    0   71          - 2398.28564      -     -    0s
     0     0 2398.28564    0   72          - 2398.28564      -     -    0s
     0     0 2518.69532    0  109          - 2518.69532      -     -    0s
     0     0 2519.65872    0  115          - 2519.65872      -     -    0s
     0     0 2519.67919    0  118          - 2519.67919      -     -    0s
     0     0 2563.99799    0  121          - 2563.99799      -     -    0s
     0     0 2594.18771    0  145          - 2594.18771      -     -    0s
     0     0 2595.68965    0  138          - 2595.68965      -     -    0s
     0     0 2595.68965    0  138          - 2595.68965      -     -    0s
     0     0 2624.87817    0  102          - 2624.87817      -     -    0s
     0     0 2646.54883    0   96          - 2646.54883      -     -    0s
     0     0 2646.54883    0   96          - 2646.54883      -     -    0s
     0     0 2662.21605    0   80          - 2662.21605      -     -    0s
     0     0 2665.71605    0   77          - 2665.71605      -     -    0s
     0     0 2665.71605    0   94          - 2665.71605      -     -    0s
     0     0 2669.33924    0  171          - 2669.33924      -     -    0s
     0     0 2669.33924    0  125          - 2669.33924      -     -    0s
     0     2 2669.33924    0  125          - 2669.33924      -     -    0s
H  260   147                    3544.1000000 2751.35529  22.4%  80.0    1s
H  285   111                    3385.1000000 2751.35529  18.7%  74.1    1s
H  322   117                    3359.1000000 2756.54736  17.9%  72.3    1s
H  454   110                    3111.1000000 2818.17434  9.42%  73.2    2s

Cutting planes:
  User: 147
  Gomory: 5
  Cover: 134
  Implied bound: 23
  Clique: 2
  MIR: 85
  StrongCG: 2
  Flow cover: 122
  Inf proof: 2
  Zero half: 2
  RLT: 126
  Relax-and-lift: 4

Explored 1001 nodes (62081 simplex iterations) in 3.87 seconds
Thread count was 2 (of 32 available processors)

Solution count 4: 3111.1 3359.1 3385.1 3544.1 

Optimal solution found (tolerance 1.00e-04)
Best objective 3.111100000000e+03, best bound 3.111100000000e+03, gap 0.0000%

User-callback calls 2713, time in user-callback 0.56 sec
================================================================================
executing instance: ./input/Instances/Original/4/absH3low_3n15.dat
--------------------------------------------------------------------------------
Instance details
n	16
H	3
C	1267
Li:
[0, 0, 0, 0, 0, 0, 0, 0, 0, 0, 0, 0, 0, 0, 0, 0, ]
Ui:
[0, 156, 267, 148, 144, 87, 33, 171, 76, 141, 270, 282, 60, 110, 172, 57, ]
Distance matrix:
|0	229	567	76	58	96	306	409	310	423	108	346	165	347	159	256	|
|229	0	482	243	279	155	375	525	251	419	158	373	65	123	329	246	|
|567	482	0	506	622	483	342	439	259	200	467	274	486	433	501	312	|
|76	243	506	0	119	88	230	337	255	352	88	272	179	347	94	194	|
