




arguments: ./build/mirp_solver -f ./input/orig_exec_346.cfg
Current dir: /scratch/gui/bnc_mirp
File verbosity level: 9
date       time         ( uptime  ) [ thread name/id ]                   file:line     v| 
2021-01-23 13:23:17.052 (   0.065s) [main thread     ]             loguru.cpp:789   INFO| Logging to './output/vi_cos/OU/V4/Original/execution_23_01_2021_13_23_17.log', mode: 'a', verbosity: 9
--------------------------------------------------------------------------------
Parameters
                           instance_path           ./input/Instances/Original/3/
                            model_policy                                       1
                             nb_vehicles                                       4
                              output_dir         ./output/vi_cos/OU/V4/Original/
                            sec_strategy                                       1
                       solver_nb_threads                                       2
                         solver_show_log                                    true
                       solver_time_limit                                    3600
                              use_vi_cos                                    true
                              use_vi_cus                                   false
                         use_vi_hc1_full                                   false
                         use_vi_hc1_half                                   false
                      use_vi_hc1_quarter                                   false
                              use_vi_hc2                                   false
                              use_vi_hc3                                   false
                         use_vi_lex_full                                   false
                         use_vi_lex_half                                   false
                      use_vi_lex_quarter                                   false
                              use_vi_qua                                   false
                               use_vi_vc                                   false
                               use_vi_vr                                   false
--------------------------------------------------------------------------------
executing instance: ./input/Instances/Original/3/absH3low_2n5.dat
--------------------------------------------------------------------------------
Instance details
n	6
H	3
C	237
Li:
[0, 0, 0, 0, 0, 0, ]
Ui:
[0, 93, 180, 51, 114, 24, ]
Distance matrix:
|0	170	318	35	112	235	|
|170	0	311	205	258	301	|
|318	311	0	326	278	137	|
|35	205	326	0	89	230	|
|112	258	278	89	0	160	|
|235	301	137	230	160	0	|

--------------------------------------------------------------------------------
Building model...
	using lazy and cut (CVRPSEP package)
Solving IRP LP...
--------------------------------------------------------------------------------

Gurobi 9.1.0 (linux64) logging started Sat Jan 23 13:23:17 2021

Gurobi Optimizer version 9.1.0 build v9.1.0rc0 (linux64)
Thread count: 32 physical cores, 32 logical processors, using up to 2 threads
Optimize a model with 210 rows, 336 columns and 1329 nonzeros
Model fingerprint: 0x52b06d32
Variable types: 84 continuous, 252 integer (72 binary)
Coefficient statistics:
  Matrix range     [1e+00, 3e+02]
  Objective range  [1e-02, 3e+02]
  Bounds range     [1e+00, 2e+02]
  RHS range        [1e+01, 5e+02]
Presolve removed 24 rows and 23 columns
Presolve time: 0.01s

Explored 0 nodes (0 simplex iterations) in 0.01 seconds
Thread count was 1 (of 32 available processors)

Solution count 0

Model is infeasible
Best objective -, best bound -, gap -

User-callback calls 34, time in user-callback 0.00 sec

Computing Irreducible Inconsistent Subsystem (IIS)...

           Constraints          |            Bounds           |  Runtime
      Min       Max     Guess   |   Min       Max     Guess   |
--------------------------------------------------------------------------
        0       210         -         0       464         -           0s
       12       184         -         0       458         -           5s
       17       169        20         0       456         -          10s
       22       146        22         0       439         -          16s
       26       134        26         0       419         -          20s
       33       114        33         0       370         -          25s
       42        89        42         0       321         -          31s
       44        81        44         0       313         -          35s
       47        73        50         0       267         -          40s
       49        63        50         0       230         -          45s
       49        49         -         0       156         -          50s
       49        49         -         0       149       149          55s
       49        49         -        18       146       146          62s
       49        49         -        81       134       134          66s
       49        49         -        81       128       128          70s
       49        49         -        81       118       118          75s
       49        49         -        81       111       111          80s
       49        49         -        83       104       104          85s
       49        49         -        84        96        96          90s
       49        49         -        84        87        87          95s
       49        49         -        84        84         -          97s

IIS computed: 49 constraints, 84 bounds
IIS runtime: 96.69 seconds
================================================================================
executing instance: ./input/Instances/Original/3/absH3high_5n30.dat
--------------------------------------------------------------------------------
Instance details
n	31
H	3
C	2296
Li:
[0, 0, 0, 0, 0, 0, 0, 0, 0, 0, 0, 0, 0, 0, 0, 0, 0, 0, 0, 0, 0, 0, 0, 0, 0, 0, 0, 0, 0, 0, 0, ]
Ui:
[0, 80, 90, 297, 28, 264, 123, 192, 112, 32, 72, 88, 294, 129, 126, 105, 110, 237, 246, 92, 72, 147, 54, 96, 128, 96, 84, 28, 74, 196, 192, ]
Distance matrix:
|0	87	302	65	389	171	219	120	412	339	129	63	169	401	383	158	393	161	246	275	64	287	345	235	13	274	106	201	85	358	135	|
|87	0	334	128	402	212	301	204	465	384	187	145	232	424	454	238	475	245	289	352	80	307	352	321	81	352	20	261	170	376	215	|
|302	334	0	239	113	132	237	334	157	70	404	263	162	105	227	229	339	251	65	217	259	53	107	352	293	220	339	134	270	75	235	|
|65	128	239	0	330	107	175	130	348	275	174	40	107	339	326	114	351	125	181	224	58	228	290	222	58	224	143	138	65	297	92	|
|389	402	113	330	0	226	349	438	210	151	502	360	269	48	316	339	441	362	175	328	335	102	55	465	377	330	401	245	371	37	342	|
|171	212	132	107	226	0	169	214	253	173	276	134	64	233	261	130	326	153	77	188	133	125	192	264	162	190	220	68	145	193	125	|
|219	301	237	175	349	169	0	157	257	223	244	157	105	334	180	62	175	61	177	63	233	264	334	118	221	61	317	112	136	312	85	|
|120	204	334	130	438	214	157	0	402	348	88	90	173	438	336	115	307	100	269	220	172	338	406	122	130	218	224	204	69	403	101	|
|412	465	157	348	210	253	257	402	0	88	486	359	245	166	129	287	266	303	178	204	386	208	239	370	406	207	473	212	354	187	304	|
|339	384	70	275	151	173	223	348	88	0	427	291	179	120	166	234	290	254	96	187	306	123	166	342	332	190	391	145	291	119	247	|
|129	187	404	174	502	276	244	88	486	427	0	142	248	508	424	200	390	187	342	308	193	400	464	192	142	306	207	281	136	469	182	|
|63	145	263	40	360	134	157	90	359	291	142	0	114	366	321	95	331	99	202	212	90	258	323	186	65	211	163	148	27	327	72	|
|169	232	162	107	269	64	105	173	245	179	248	114	0	266	222	71	268	94	97	131	155	173	244	203	164	132	245	34	113	233	73	|
|401	424	105	339	48	233	334	438	166	120	508	366	266	0	280	332	409	355	169	305	353	117	96	452	391	308	425	237	374	49	339	|
|383	454	227	326	316	261	180	336	129	166	424	321	222	280	0	231	137	238	208	116	376	277	331	272	381	118	467	197	307	285	253	|
|158	238	229	114	339	130	62	115	287	234	200	95	71	332	231	0	238	23	164	118	171	243	314	134	159	117	255	95	77	302	23	|
|393	475	339	351	441	326	175	307	266	290	390	331	268	409	137	238	0	232	300	138	408	383	445	204	395	136	492	258	308	406	260	|
|161	245	251	125	362	153	61	100	303	254	187	99	94	355	238	23	232	0	187	123	183	267	338	111	164	121	262	117	77	325	34	|
|246	289	65	181	175	77	177	269	178	96	342	202	97	169	208	164	300	187	0	168	210	87	157	290	238	171	296	70	206	138	170	|
|275	352	217	224	328	188	63	220	204	187	308	212	131	305	116	118	138	123	168	0	279	255	322	166	275	3	367	120	195	291	141	|
|64	80	259	58	335	133	233	172	386	306	193	90	155	353	376	171	408	183	210	279	0	236	289	276	51	279	90	182	117	307	150	|
|287	307	53	228	102	125	264	338	208	123	400	258	173	117	277	243	383	267	87	255	236	0	71	374	276	257	308	153	270	71	245	|
|345	352	107	290	55	192	334	406	239	166	464	323	244	96	331	314	445	338	157	322	289	71	0	445	334	325	350	224	337	54	315	|
|235	321	352	222	465	264	118	122	370	342	192	186	203	452	272	134	204	111	290	166	276	374	445	0	243	164	341	221	159	428	142	|
|13	81	293	58	377	162	221	130	406	332	142	65	164	391	381	159	395	164	238	275	51	276	334	243	0	274	100	196	89	347	136	|
|274	352	220	224	330	190	61	218	207	190	306	211	132	308	118	117	136	121	171	3	279	257	325	164	274	0	367	122	194	294	140	|
|106	20	339	143	401	220	317	224	473	391	207	163	245	425	467	255	492	262	296	367	90	308	350	341	100	367	0	272	188	377	232	|
|201	261	134	138	245	68	112	204	212	145	281	148	34	237	197	95	258	117	70	120	182	153	224	221	196	122	272	0	146	208	103	|
|85	170	270	65	371	145	136	69	354	291	136	27	113	374	307	77	308	77	206	195	117	270	337	159	89	194	188	146	0	337	54	|
|358	376	75	297	37	193	312	403	187	119	469	327	233	49	285	302	406	325	138	291	307	71	54	428	347	294	377	208	337	0	306	|
|135	215	235	92	342	125	85	101	304	247	182	72	73	339	253	23	260	34	170	141	150	245	315	142	136	140	232	103	54	306	0	|

--------------------------------------------------------------------------------
Building model...
	using lazy and cut (CVRPSEP package)
Solving IRP LP...
--------------------------------------------------------------------------------

Gurobi 9.1.0 (linux64) logging started Sat Jan 23 13:24:54 2021

Gurobi Optimizer version 9.1.0 build v9.1.0rc0 (linux64)
Thread count: 32 physical cores, 32 logical processors, using up to 2 threads
Optimize a model with 1060 rows, 6436 columns and 23554 nonzeros
Model fingerprint: 0xba75c509
Variable types: 484 continuous, 5952 integer (372 binary)
Coefficient statistics:
  Matrix range     [1e+00, 6e+02]
  Objective range  [1e-01, 5e+02]
  Bounds range     [1e+00, 3e+02]
  RHS range        [1e+01, 4e+03]
Presolve removed 124 rows and 31 columns
Presolve time: 0.05s
Presolved: 936 rows, 6405 columns, 22649 nonzeros
Variable types: 453 continuous, 5952 integer (5592 binary)

Root relaxation: objective 8.994719e+03, 1088 iterations, 0.03 seconds

    Nodes    |    Current Node    |     Objective Bounds      |     Work
 Expl Unexpl |  Obj  Depth IntInf | Incumbent    BestBd   Gap | It/Node Time

     0     0 8994.71908    0  106          - 8994.71908      -     -    0s
     0     0 9271.56534    0  135          - 9271.56534      -     -    0s
     0     0 9303.23496    0  143          - 9303.23496      -     -    0s
     0     0 9577.36616    0  206          - 9577.36616      -     -    0s
     0     0 9603.98715    0  200          - 9603.98715      -     -    0s
     0     0 9605.28440    0  191          - 9605.28440      -     -    0s
     0     0 9605.73785    0  203          - 9605.73785      -     -    0s
     0     0 9780.75520    0  239          - 9780.75520      -     -    0s
     0     0 9830.12745    0  227          - 9830.12745      -     -    0s
     0     0 9830.50862    0  212          - 9830.50862      -     -    1s
     0     0 9919.34276    0  203          - 9919.34276      -     -    1s
     0     0 9923.05151    0  197          - 9923.05151      -     -    1s
     0     0 9923.33651    0  211          - 9923.33651      -     -    1s
     0     0 9943.87820    0  224          - 9943.87820      -     -    1s
     0     0 9947.86981    0  256          - 9947.86981      -     -    1s
     0     0 9950.14270    0  247          - 9950.14270      -     -    1s
     0     0 9950.39769    0  244          - 9950.39769      -     -    1s
     0     0 9971.52482    0  270          - 9971.52482      -     -    1s
     0     0 9973.63286    0  325          - 9973.63286      -     -    2s
     0     0 9974.27654    0  298          - 9974.27654      -     -    2s
     0     0 9989.79448    0  291          - 9989.79448      -     -    2s
     0     0 9997.63074    0  375          - 9997.63074      -     -    2s
     0     0 9997.84037    0  386          - 9997.84037      -     -    2s
     0     0 10006.5624    0  301          - 10006.5624      -     -    2s
     0     0 10007.5904    0  385          - 10007.5904      -     -    2s
     0     0 10010.6059    0  314          - 10010.6059      -     -    2s
     0     0 10010.6059    0  278          - 10010.6059      -     -    3s
     0     2 10011.3422    0  255          - 10011.3422      -     -    3s
    23    26 10080.8029    7  271          - 10022.7464      -   362    5s
   101   109 10299.4670   28  259          - 10022.7464      -   310   10s
   260   276 10682.2731   72  132          - 10022.7464      -   228   15s
   496   501 11530.8646  150  152          - 10022.7464      -   164   20s
   652   708 14401.0295  235   66          - 10022.7464      -   152   25s
   777   745 11296.9466  128  323          - 10030.8886      -   139   30s
   795   757 10187.1781   21  402          - 10041.4575      -   136   35s
   806   764 10112.8718    7  429          - 10045.2338      -   134   40s
   826   777 13740.0576  280  430          - 10054.7533      -   131   45s
   840   790 10058.8637   16  447          - 10058.8637      -   151   51s
   850   796 10064.4959   19  418          - 10062.2887      -   152   55s
   880   819 10128.9577   26  383          - 10067.7768      -   161   60s
   937   858 10164.3425   39  294          - 10067.7768      -   173   65s
   978   884 10298.8848   49  307          - 10067.7768      -   184   72s
  1000   903 10338.2874   53  300          - 10067.7768      -   191   75s
  1052   940 10558.1877   63  247          - 10067.7768      -   203   80s
  1117   984 10727.5076   91  163          - 10067.7768      -   212   85s
  1188  1042 10793.7933   99  194          - 10067.7768      -   219   90s
  1289  1108 11093.9356  129  198          - 10067.7768      -   225   96s
  1389  1200 11292.8361  151  178          - 10067.7768      -   227  101s
  1470  1248 11420.9067  170  195          - 10067.7768      -   225  105s
  1593  1333 11577.6180  203  153          - 10067.7768      -   226  111s
  1691  1392 11869.7596  228  142          - 10067.7768      -   226  116s
  1796  1467 11787.0676  253  133          - 10067.7768      -   226  121s
  1991  1561 12840.1095  293   83          - 10067.7768      -   217  127s
  2052  1612 13316.0319  318   77          - 10067.7768      -   215  130s
  2215  1692 14093.8287  397   61          - 10067.7768      -   208  135s
  2410  1763 infeasible  485               - 10080.7331      -   199  140s
  2450  1778 10189.3188   28  353          - 10080.7331      -   203  145s
  2471  1792 10317.2229   30  311          - 10080.7331      -   207  150s
  2499  1816 10367.6189   38  335          - 10080.7331      -   212  155s
  2538  1846 10548.1927   49  279          - 10080.7331      -   215  160s
  2572  1873 10738.5942   54  257          - 10080.7331      -   222  166s
  2625  1933 11174.6927   67  234          - 10080.7331      -   227  172s
  2673  1960 11526.7339   85  174          - 10080.7331      -   227  175s
  2755  2029 11712.0934  107  165          - 10080.7331      -   230  182s
  2813  2079 11997.1079  130  161          - 10080.7331      -   230  185s
  2933  2126 11923.7456  143  146          - 10080.7331      -   228  190s
  3059  2337 12607.6260  208  102          - 10080.7331      -   227  199s
  3160  2303 13552.4615  260   74          - 10080.7331      -   223  200s
  3274  2362 12404.6138  201  152          - 10080.7514      -   221  205s
  3388  2495 10488.8812   32  324          - 10080.7514      -   222  214s
  3453  2558 10407.7112   36  330          - 10080.7514      -   222  219s
  3532  2589 10675.7130   44  215          - 10080.7514      -   223  223s
  3563  2614 10888.6368   48  121          - 10080.7514      -   225  228s
  3588  2713 11418.0737   60  135          - 10080.7514      -   226  233s
  3689  2804 12466.8349  113   58          - 10080.7514      -   225  240s
  3780  2942 12833.5969  140  111          - 10080.7514      -   225  247s
  3918  2953 infeasible  217               - 10082.0630      -   221  253s
  3941  2961 10251.0781   23  358          - 10082.0630      -   224  259s
  3949  3003 10273.2399   26  189          - 10082.0630      -   225  264s
  3991  3026 10652.0014   35  229          - 10082.0630      -   226  269s
  4014  3069 10682.2872   34  187          - 10082.0630      -   229  273s
  4057  3146 10700.5355   38  185          - 10082.0630      -   230  278s
  4134  3265 10695.5468   57  121          - 10082.0630      -   230  285s
  4254  3417 10972.4534   60  128          - 10082.0630      -   228  292s
  4406  3615 11058.6662   76  131          - 10082.0630      -   225  300s
  4631  3792 11304.5778  107   62          - 10082.0630      -   220  310s
  4808  3847 12840.6903  208   30          - 10086.6759      -   217  317s
  4883  3876 10553.5558   25  354          - 10086.6759      -   217  323s
  4912  3946 10669.6774   30  296          - 10086.6759      -   219  331s
  4984  4165 10815.6266   36  203          - 10086.6759      -   220  341s
  5209  4605 10958.0917   43  179          - 10086.6759      -   215  349s
  5239  4605 11041.2806   63  210          - 10086.6759      -   215  350s
  5701  4810 11088.1198   81  134          - 10086.6759      -   201  364s
  5821  4810 11476.2210  143   16          - 10086.6759      -   199  365s
  5923  4943 infeasible  202               - 10087.5294      -   198  374s
  6097  4972 10328.8568   25  337          - 10087.5294      -   197  381s
  6125  5012 10652.5721   35  208          - 10087.5294      -   199  387s
  6165  5086 10832.3485   46  155          - 10087.5294      -   201  395s
  6239  5211 11005.7177   70  185          - 10087.5294      -   202  403s
  6366  5451 11351.3652  119  119          - 10087.5294      -   203  412s
  6614  5707 infeasible  233               - 10092.7089      -   199  422s
  6991  5728 10219.5473   27  403          - 10093.7438      -   194  430s
  7012  5770 10356.0143   30  296          - 10093.7438      -   196  437s
  7054  5846 10509.2332   34  303          - 10093.7438      -   198  445s
  7130  6070 10598.9594   49  189          - 10093.7438      -   198  454s
  7198  6070 10962.8075  124   99          - 10093.7438      -   198  455s
  7380  6252 10856.1743   68  151          - 10095.0605      -   195  466s
  7588  6305 10231.0680   24  417          - 10095.0605      -   194  476s
  7641  6398 10453.9382   45  373          - 10095.0605      -   196  485s
  7734  6721 10887.8726   76  147          - 10095.0605      -   198  500s
  8085  6860 11932.6367  142  113          - 10106.1411      -   194  512s
  8257  6945 10488.1378   24  353          - 10106.1411      -   194  522s
  8342  7066 10734.0384   33  281          - 10106.1411      -   196  532s
  8475  7165 10911.8936   44  194          - 10106.1411      -   197  542s
  8574  7603 11416.5630   78  157          - 10111.4569      -   199  556s
  9100  7658 10328.2555   20  355          - 10112.1781      -   192  567s
  9141  7736 10583.6042   30  290          - 10112.1781      -   194  577s
  9219  8071 10911.2136   50  217          - 10112.1781      -   196  592s
  9600  8395 12017.6525  120   90          - 10122.0032      -   193  607s
  9948  8472 10245.1581   25  354          - 10122.0032      -   190  619s
 10023  8522 10608.5607   29  312          - 10122.0032      -   191  628s
 10087  8651 10744.5532   45  182          - 10122.0032      -   193  639s
 10118  8651 10936.9228   64   97          - 10122.0032      -   193  640s
 10218  9096 11160.3315   99   73          - 10129.3430      -   194  653s
 10752  9149 10470.1078   28  351          - 10136.3774      -   189  664s
 10805  9248 10865.9130   50  119          - 10142.0681      -   190  676s
 10916  9506 10469.1744   22  275          - 10142.0681      -   191  690s
 11188  9624 10661.0047   37  132          - 10143.1335      -   189  702s
 11324  9878 10226.1599   26  342          - 10143.1335      -   190  714s
 11346  9878 10654.1694   45  256          - 10143.1335      -   191  715s
 11629  9930 10629.5464   38  197          - 10143.1335      -   188  725s
 11683 10083 10965.1263   46  127          - 10143.1335      -   190  736s
 11836 10556 11674.0367  117   91          - 10144.3803      -   191  749s
 11958 10556 12262.6252  164   55          - 10144.3803      -   190  750s
 12355 10687 10595.4070   33  260          - 10144.3803      -   187  761s
 12518 10886 10928.4004   85   15          - 10146.6883      -   187  772s
 12768 10943 10582.3286   38  255          - 10146.6883      -   186  831s
 12807 11055 10750.8130   50  216          - 10146.6883      -   187  842s
 12928 11109 11058.4363   63  225          - 10146.8120      -   188  853s
 13022 11224 10427.2951   33  300          - 10149.5691      -   189  864s
 13137 11432 10950.9525   83   48          - 10151.4381      -   190  876s
 13398 11496 10411.8136   29  323          - 10153.6041      -   189  887s
 13462 11688 10677.5015   46  248          - 10153.6041      -   190  899s
 13528 11688 11204.1335   77  139          - 10153.6041      -   190  900s
 13711 11770 11234.3925   80  133          - 10155.4048      -   189  910s
 13779 12019 10618.4301   39  208          - 10156.2852      -   191  923s
 14054 12024 12021.3556   94   43          - 10158.5019      -   190  925s
 14082 12092 10350.3755   28  306          - 10158.5019      -   190  934s
 14147 12272 10867.3304   55  180          - 10161.3484      -   191  946s
 14358 12425 10372.6326   26  298          - 10161.3484      -   191  958s
 14533 12586 10777.1171   47  102          - 10163.3518      -   191  970s
 14721 12819 10599.4118   31  350          - 10163.3518      -   191  984s
 14955 13029 10696.1947   35  350          - 10163.3518      -   191  996s
 15213 13156 11227.7417   53  167          - 10163.3518      -   190 1008s
 15340 13741 12089.8135   98  144          - 10170.3393      -   191 1023s
 15522 13741 13102.3300  193   83          - 10170.3393      -   190 1025s
 16002 13805 10259.2937   26  445          - 10170.3406      -   186 1037s
 16059 13989 10558.0449   42  227          - 10170.3406      -   187 1049s
 16208 13992 10960.0117   51  164          - 10170.3406      -   187 1050s
 16259 14203 11424.4633  116   28          - 10171.3694      -   188 1062s
 16521 14363 10706.4972   29  321          - 10171.3998      -   187 1075s
 16683 14561 12040.7037  109    7          - 10171.4475      -   187 1086s
 16970 14681 10522.9343   34  322          - 10171.9906      -   187 1098s
 17108 14837 10724.4688   50  254          - 10172.3442      -   187 1110s
 17267 14997 10287.0717   25  392          - 10172.3442      -   187 1123s
 17443 15230 10753.1962   48  142          - 10173.6122      -   187 1137s
 17736 15474 10507.4548   25  272          - 10173.6122      -   186 1151s
 17955 15733 10751.2523   39  268          - 10173.6122      -   186 1164s
 18015 15733 11187.2309   76   26          - 10173.6122      -   187 1165s
 18276 16179 11227.2360   99   40          - 10174.2727      -   185 1179s
 18461 16179 11967.6759  231    9          - 10174.2727      -   184 1180s
 18797 16261 10855.3831   33  267          - 10176.5877      -   183 1191s
 18873 16431 11832.3198   54  128          - 10177.1718      -   184 1203s
 19105 16516 10440.8591   27  242          - 10177.2963      -   183 1215s
 19228 16732 10779.7960   47   69          - 10180.5135      -   184 1226s
 19478 17008 11415.6305   61   94          - 10183.6868      -   183 1239s
 19595 17009 10906.8629   51  127          - 10185.5142      -   183 1240s
 19830 17153 10592.4251   32  217          - 10185.5142      -   182 1251s
 19954 17531 10857.9017   43  164          - 10185.5567      -   183 1266s
 20438 17623 10375.9497   33  364          - 10185.6892      -   181 1278s
 20505 17908 10733.3595   50  163          - 10189.2430      -   181 1290s
 20835 17984 10491.8775   33  348          - 10189.3149      -   181 1303s
 20906 18249 10780.1175   47  249          - 10189.8952      -   182 1315s
 21271 18351 10537.0879   28  395          - 10190.5943      -   181 1326s
 21333 18551 10734.6133   38  344          - 10190.5943      -   181 1337s
 21564 18735 10995.4979   57  154          - 10193.0712      -   182 1349s
 21624 18735 11347.2398   91   33          - 10193.0712      -   181 1350s
 21767 18952 10579.2226   37  399          - 10193.0712      -   181 1362s
 22041 19167 11433.2287   80   46          - 10194.0705      -   181 1374s
 22131 19168 11515.8600  142   12          - 10194.0705      -   181 1375s
 22257 19270 10540.8544   30  325          - 10194.0705      -   181 1385s
 22357 19595 10985.9875   51  135          - 10194.6492      -   181 1397s
 22776 19680 10551.6571   41  315          - 10194.9522      -   180 1409s
 22843 20218 11012.6191   54  165          - 10195.0198      -   181 1422s
 23490 20266 10562.0368   38  390          - 10195.0874      -   178 1434s
 23528 20345 10968.9743   48  195          - 10195.0874      -   179 1444s
 23607 20798 11117.0908   71  167          - 10195.0876      -   180 1459s
 23667 20798 11467.5527   93   46          - 10195.0876      -   180 1460s
 24088 20930 10342.0268   25  352          - 10195.0876      -   179 1473s
 24288 21166 10818.2750   39  121          - 10196.4259      -   178 1485s
 24536 21217 10369.3852   28  294          - 10196.4259      -   178 1495s
 24587 21387 10815.9807   33  279          - 10196.4259      -   179 1506s
 24771 21565 10952.4929   53   93          - 10199.1196      -   179 1517s
 24965 21660 10381.2291   23  452          - 10199.1196      -   179 1528s
 25080 21690 10555.4883   24  354          - 10199.1196      -   180 1536s
 25110 21908 10767.1206   29  304          - 10199.1196      -   181 1548s
 25336 22134 11027.2870   46  249          - 10199.1196      -   180 1558s
 25544 22152 12803.9023  268   15          - 10199.1196      -   180 1560s
 25686 22348 11563.2138   80   33          - 10201.4663      -   179 1570s
 25866 22443 10596.2098   43  294          - 10201.4663      -   179 1582s
 25967 22614 10946.9220   57  245          - 10201.4663      -   180 1593s
 26156 22770 11444.5838   94  122          - 10202.5819      -   180 1604s
 26246 22770 11717.2922  176   14          - 10202.5819      -   180 1605s
 26336 22837 10577.8818   37  300          - 10202.5819      -   180 1614s
 26402 23074 11007.6190   55  192          - 10202.5819      -   181 1626s
 26665 23245 11820.4942   91   52          - 10207.5108      -   181 1639s
 26817 23252 12808.2950  162    9          - 10207.5108      -   180 1640s
 26866 23470 10513.1593   30  335          - 10207.5108      -   181 1653s
 27125 23629 10903.4169   54   85          - 10209.9422      -   180 1666s
 27325 23774 10717.8428   30  161          - 10209.9422      -   181 1677s
 27452 23988 10992.6966   48  151          - 10209.9422      -   181 1689s
 27482 23988 11124.5103   64  155          - 10209.9422      -   181 1690s
 27694 24101 11640.7643  111   50          - 10212.5021      -   181 1701s
 27832 24532 10975.9843   36  261          - 10212.9368      -   181 1715s
 28340 24581 10524.7997   30  448          - 10213.1224      -   180 1727s
 28371 24859 10707.7903   36  329          - 10213.1224      -   181 1738s
 28655 24994 11289.9160   55  126          - 10213.1755      -   180 1751s
 28828 25079 10631.6918   30  254          - 10213.1899      -   180 1761s
 28913 25285 10904.8135   38  184          - 10213.1899      -   181 1772s
 29139 25348 11752.1300  115   18          - 10213.9461      -   181 1781s
 29229 25390 10694.7264   27  330          - 10213.9461      -   181 1790s
 29271 25593 10996.2105   35  290          - 10213.9461      -   182 1801s
 29476 25740 12215.2544  135   55          - 10214.3915      -   182 1814s
 29648 25909 10822.9136   33  253          - 10214.3915      -   182 1824s
 29757 25909 12241.6620  208   42          - 10214.3915      -   182 1825s
 29850 25992 10918.4993   38  221          - 10214.3915      -   182 1834s
 29891 25992 10562.6200   24  272          - 10214.3915      -   182 1835s
 29927 26236 11374.6305   59  144          - 10220.2933      -   182 1846s
 30233 26299 10472.7862   27  287          - 10220.5227      -   182 1856s
 30323 26414 10556.4624   31  376          - 10220.5227      -   183 1868s
 30448 26478 10934.3859   55   52          - 10224.5493      -   183 1878s
 30521 26753 10516.0961   37  403          - 10224.5493      -   184 1890s
 30843 26831 11145.1150   58  181          - 10224.8581      -   183 1901s
 30921 26895 10650.7464   38  260          - 10224.8581      -   184 1911s
 30985 27333 11162.5118   53  193          - 10224.9039      -   184 1925s
 31471 27477 10689.4279   44  353          - 10224.9039      -   183 1937s
 31667 27618 10943.1052   61  303          - 10224.9039      -   183 1949s
 31784 27746 11414.8721  108   68          - 10225.4936      -   183 1959s
 31848 27746 11909.7193  141   43          - 10225.4936      -   183 1960s
 31950 27809 10895.7764   38  185          - 10225.6928      -   183 1969s
 32013 28057 11124.4823   53  189          - 10225.6928      -   184 1981s
 32284 28230 12386.4228  108   79          - 10225.9450      -   184 1993s
 32489 28467 10902.0625   48  204          - 10226.1698      -   184 2007s
 32796 28521 10677.8183   29  345          - 10226.3944      -   184 2017s
 32834 28590 10972.1893   35  238          - 10226.3944      -   184 2027s
 32905 28718 11242.9426   51  245          - 10226.3944      -   185 2037s
 33033 29082 11615.8001   77  142          - 10226.4664      -   185 2050s
 33460 29139 10852.9614   28  380          - 10228.8222      -   184 2061s
 33516 29348 11156.1928   43  180          - 10228.8222      -   185 2075s
 33759 29531 11782.6271   73  120          - 10231.3685      -   185 2088s
 33972 29611 10463.0206   33  403          - 10231.3685      -   185 2099s
 34050 29757 10559.5646   36  337          - 10231.3685      -   185 2110s
 34227 29950 10868.2873   51  100          - 10238.2194      -   185 2121s
 34459 30027 10442.4939   25  491          - 10238.2194      -   185 2132s
 34525 30231 10750.0677   36  327          - 10238.2194      -   186 2145s
 34739 30502 11005.6138   42  301          - 10238.2194      -   186 2157s
 35046 30597 11100.4427   49  245          - 10238.2194      -   185 2169s
 35132 30648 11426.4506   75  165          - 10238.5672      -   185 2178s
 35199 30716 10738.8303   48  375          - 10238.5672      -   186 2188s
 35267 31141 11188.8716   64  129          - 10240.2044      -   186 2203s
 35613 31163 15500.4800  234    -          - 10240.2044      -   185 2205s
 35827 31207 10404.7511   32  393          - 10240.5615      -   185 2214s
 35858 31291 10619.2922   41  321          - 10240.5615      -   185 2224s
 35942 31481 11180.2149   65   65          - 10240.7705      -   186 2237s
 36198 31521 12223.0645  141   88          - 10243.1586      -   186 2247s
 36255 31713 10744.6423   36  161          - 10243.1586      -   186 2258s
 36451 31898 11934.6248   98   45          - 10243.1586      -   186 2269s
 36546 31899 12839.2300  130    -          - 10243.1586      -   186 2270s
 36720 32079 11005.4973   32  302          - 10243.2458      -   186 2282s
 36914 32166 11459.8247   48  224          - 10243.2458      -   186 2293s
 36993 32384 11746.5172   77  109          - 10243.3149      -   186 2304s
 37114 32384 12904.1267  163   14          - 10243.3149      -   186 2305s
 37252 32437 10706.1766   49  305          - 10243.6980      -   186 2314s
 37300 32629 10886.0693   65  306          - 10243.6980      -   187 2326s
 37517 32861 11371.7763   84   69          - 10246.8733      -   187 2338s
 37783 32931 10545.0115   29  267          - 10246.8733      -   186 2349s
 37847 33327 11051.9172   49  127          - 10246.8733      -   186 2363s
 38221 33330 12617.8400  213    7          - 10246.8733      -   186 2365s
 38333 33401 12127.4100  130    8          - 10247.6312      -   185 2374s
 38430 33461 10700.1141   53  289          - 10247.6312      -   186 2383s
 38478 33610 11072.0330   71  175          - 10247.8760      -   186 2395s
 38639 33804 10514.5366   22  396          - 10247.8760      -   186 2408s
 38905 33906 10950.8002   39   83          - 10248.9492      -   186 2419s
 39001 34083 10587.9800   26  223          - 10248.9492      -   186 2432s
 39205 34290 10970.0796   38   61          - 10249.8646      -   186 2445s
 39476 34328 10438.0116   24  333          - 10250.0772      -   186 2454s
 39508 34427 10600.8474   29  265          - 10250.0772      -   186 2464s
 39577 34427 11229.5179   79  134          - 10250.0772      -   187 2465s
 39607 34666 11130.5279   57  172          - 10250.1362      -   187 2476s
 39917 34924 12089.2219   99   64          - 10251.6384      -   186 2488s
 40359 35107 10695.6435   33  229          - 10251.7673      -   185 2500s
 40497 35284 infeasible   99               - 10252.5538      -   186 2515s
 40712 35337 10757.6619   29  287          - 10252.5990      -   186 2525s
 40765 35546 11059.5306   53   89          - 10252.9716      -   186 2537s
 41009 35684 10591.2559   27  310          - 10252.9716      -   186 2550s
 41164 35846 10804.5353   42  249          - 10253.5310      -   186 2564s
 41254 35846 11483.1887  106   10          - 10253.5310      -   186 2565s
 41340 35877 10590.8797   36  332          - 10253.5310      -   186 2573s
 41371 35984 10925.0583   42  205          - 10253.5310      -   187 2584s
 41482 36284 11205.7956   63   43          - 10253.7548      -   187 2595s
 41840 36323 10964.9497   26  259          - 10253.9231      -   186 2606s
 41881 36479 11424.4618   48  196          - 10255.7851      -   187 2619s
 41941 36479 11910.9012   88   96          - 10255.7851      -   187 2620s
 42053 36543 10449.4593   21  387          - 10255.7851      -   187 2630s
 42117 36767 10659.1550   28  366          - 10255.7851      -   187 2642s
 42377 36893 11040.1311   52  233          - 10256.9518      -   187 2655s
 42525 36928 10402.5833   27  360          - 10256.9518      -   187 2664s
 42548 36965 10631.9285   30  252          - 10256.9518      -   188 2673s
 42585 37298 10833.7390   38  162          - 10257.4011      -   188 2687s
 43037 37321 10589.1104   32  369          - 10257.9122      -   187 2698s
 43089 37403 10793.1584   42  270          - 10257.9122      -   188 2708s
 43171 37509 11023.5608   50  251          - 10257.9122      -   188 2719s
 43299 37779 11472.7899   71   76          - 10258.3141      -   188 2731s
 43600 37890 10720.0223   36  331          - 10258.3141      -   188 2743s
 43750 38059 11068.9763   52   51          - 10258.4381      -   188 2755s
 43953 38195 10697.2099   26  319          - 10258.4381      -   188 2767s
 44084 38346 11046.9697   51  206          - 10258.7770      -   188 2783s
 44324 38396 10647.1543   33  342          - 10258.8919      -   188 2792s
 44347 38440 10806.9648   38  312          - 10258.8919      -   189 2801s
 44391 38604 11089.8853   56  196          - 10260.1128      -   189 2814s
 44551 38613 13368.5600  134    -          - 10260.1128      -   189 2815s
 44616 38827 11642.7058   83   71          - 10260.1898      -   189 2826s
 44887 38895 10759.3892   33  336          - 10260.3170      -   189 2836s
 44935 39033 11053.0384   43  268          - 10260.3170      -   189 2847s
 45087 39131 11530.7556   84   69          - 10260.6066      -   189 2858s
 45229 39239 infeasible  100               - 10260.7387      -   189 2869s
 45309 39248 10689.2052   30  287          - 10260.7387      -   189 2870s
 45358 39387 10697.7632   31  282          - 10260.7387      -   190 2881s
 45513 39563 10941.7243   54  176          - 10261.8210      -   190 2893s
 45721 39717 10488.8504   23  339          - 10261.8210      -   190 2906s
 45892 39777 10876.8191   35  181          - 10261.8210      -   190 2917s
 45952 40000 11296.3335   57  114          - 10261.8210      -   190 2929s
 46012 40000 11724.1404   96   38          - 10261.8210      -   190 2930s
 46200 40114 12591.8683  114   66          - 10263.2582      -   190 2942s
 46366 40160 10865.0834   30  305          - 10263.5989      -   190 2952s
 46414 40314 11195.5667   46  109          - 10263.5989      -   191 2964s
 46571 40835 11956.6568  116   19          - 10263.7032      -   191 2978s
 46783 40835 14160.4370  206   16          - 10263.7032      -   190 2980s
 47206 40878 10974.2673   42  222          - 10263.7890      -   189 2991s
 47239 40941 11064.4864   58  290          - 10263.7890      -   190 3001s
 47302 41139 11580.4072   76  146          - 10263.9979      -   190 3013s
 47517 41152 13213.0800  170    6          - 10263.9979      -   189 3015s
 47563 41215 10652.6700   32  348          - 10263.9979      -   190 3025s
 47619 41492 10877.5443   42  359          - 10263.9979      -   190 3038s
 47914 41493 14476.2857  218    4          - 10263.9979      -   190 3040s
 47929 41557 11026.9336   51  283          - 10263.9979      -   190 3049s
 47986 41893 11500.6053   70   82          - 10267.6092      -   190 3063s
 48439 42102 10812.9825   39  319          - 10267.6092      -   189 3075s
 48652 42171 11221.0062   56  260          - 10267.6092      -   189 3085s
 48715 42409 11813.4692   83  120          - 10268.5786      -   189 3098s
 48936 42428 11085.6596   64   55          - 10268.6624      -   189 3100s
 49030 42541 10507.7050   25  361          - 10268.6624      -   189 3110s
 49188 42618 10812.8084   37  297          - 10268.6624      -   189 3120s
 49247 42990 11093.8769   62   82          - 10269.4095      -   189 3134s
 49337 42990 11597.8100  130    6          - 10269.4095      -   189 3135s
 49773 43111 10458.3856   31  310          - 10270.1528      -   188 3145s
 49860 43170 10772.1887   40  241          - 10270.1528      -   188 3155s
 49909 43311 11240.1778   54  119          - 10270.8698      -   189 3169s
 50007 43311 12098.4786   98   68          - 10270.8698      -   189 3170s
 50079 43492 10682.8611   23  377          - 10270.8698      -   189 3183s
 50303 43549 10791.6504   34  276          - 10270.8698      -   189 3193s
 50344 43641 11028.6301   50  115          - 10270.8698      -   189 3203s
 50454 43696 infeasible   94               - 10271.2690      -   189 3215s
 50535 43795 10581.3015   26  392          - 10271.2690      -   190 3226s
 50658 43854 10659.6237   32  345          - 10271.2690      -   190 3235s
 50717 44106 10981.4979   53  122          - 10272.0150      -   190 3249s
 50892 44117 11428.6250   84   44          - 10272.0244      -   190 3250s
 51041 44220 11695.8392  103  131          - 10272.5117      -   190 3260s
 51159 44294 10578.7434   31  290          - 10272.5117      -   190 3270s
 51226 44416 11008.6471   50  155          - 10272.5117      -   190 3281s
 51364 44553 11263.6754   57  189          - 10272.5117      -   190 3293s
 51501 44703 12871.2810  120   39          - 10273.5243      -   191 3304s
 51694 44869 10682.6081   33  251          - 10273.7561      -   191 3315s
 51865 44934 10958.3542   51  123          - 10273.7561      -   190 3325s
 51930 45124 11306.2192   72  140          - 10274.4330      -   191 3337s
 52161 45150 10651.0873   31  344          - 10274.4633      -   191 3347s
