




arguments: ./build/mirp_solver -f ./input/orig_exec_372.cfg
Current dir: /scratch/gui/bnc_mirp
File verbosity level: 9
date       time         ( uptime  ) [ thread name/id ]                   file:line     v| 
2021-01-29 00:26:56.882 (   0.761s) [main thread     ]             loguru.cpp:789   INFO| Logging to './output/vi_cos/OU/V4/Original/execution_29_01_2021_00_26_56.log', mode: 'a', verbosity: 9
--------------------------------------------------------------------------------
Parameters
                           instance_path           ./input/Instances/Original/5/
                            model_policy                                       1
                             nb_vehicles                                       4
                              output_dir         ./output/vi_cos/OU/V4/Original/
                            sec_strategy                                       1
                       solver_nb_threads                                       2
                         solver_show_log                                    true
                       solver_time_limit                                    3600
                              use_vi_cos                                    true
                              use_vi_cus                                   false
                         use_vi_hc1_full                                   false
                         use_vi_hc1_half                                   false
                      use_vi_hc1_quarter                                   false
                              use_vi_hc2                                   false
                              use_vi_hc3                                   false
                         use_vi_lex_full                                   false
                         use_vi_lex_half                                   false
                      use_vi_lex_quarter                                   false
                              use_vi_qua                                   false
                               use_vi_vc                                   false
                               use_vi_vr                                   false
--------------------------------------------------------------------------------
executing instance: ./input/Instances/Original/5/absH3low_4n50.dat
--------------------------------------------------------------------------------
Instance details
n	51
H	3
C	4066
Li:
[0, 0, 0, 0, 0, 0, 0, 0, 0, 0, 0, 0, 0, 0, 0, 0, 0, 0, 0, 0, 0, 0, 0, 0, 0, 0, 0, 0, 0, 0, 0, 0, 0, 0, 0, 0, 0, 0, 0, 0, 0, 0, 0, 0, 0, 0, 0, 0, 0, 0, 0, ]
Ui:
[0, 108, 126, 122, 66, 120, 48, 30, 128, 54, 158, 198, 36, 66, 210, 234, 147, 297, 171, 128, 116, 120, 219, 70, 294, 207, 134, 128, 234, 122, 22, 183, 195, 255, 132, 124, 66, 189, 219, 66, 128, 102, 288, 66, 87, 136, 36, 39, 282, 36, 237, ]
Distance matrix:
|0	210	444	498	509	104	438	228	487	304	456	434	526	476	163	47	293	396	293	290	313	85	280	437	293	336	409	106	449	376	433	478	193	404	404	534	278	181	380	507	189	438	263	473	353	216	202	218	452	254	465	|
|210	0	299	507	359	106	345	409	358	411	320	402	555	448	136	200	289	264	306	427	141	222	83	348	264	320	283	303	380	208	258	357	170	348	475	542	243	347	355	379	65	479	172	373	355	251	112	229	402	210	300	|
|444	299	0	363	65	358	116	542	66	440	26	241	425	272	282	407	251	51	276	490	159	397	224	124	217	237	48	490	170	99	83	74	261	180	430	385	214	479	231	85	270	390	184	116	271	300	409	276	210	215	54	|
|498	507	363	0	385	482	246	424	326	254	343	123	63	93	388	452	221	337	211	314	428	414	480	239	243	187	324	463	194	418	438	307	346	188	156	36	264	392	156	326	444	87	340	258	154	286	603	294	153	297	417	|
|509	359	65	385	0	422	145	602	59	492	59	269	448	292	348	472	305	115	329	545	218	462	281	152	274	286	106	554	192	153	116	78	326	216	472	403	274	540	271	63	334	425	249	127	316	361	468	337	233	278	69	|
|104	106	358	482	422	0	372	309	408	337	374	396	521	441	98	96	262	314	271	342	215	124	177	373	249	302	329	198	394	281	337	402	139	353	419	518	230	250	343	428	90	437	188	405	328	200	134	188	406	199	372	|
|438	345	116	246	145	372	0	485	87	357	97	126	309	155	279	394	180	101	200	414	223	373	288	8	157	150	84	459	53	188	196	68	245	72	328	269	165	427	128	97	297	280	184	36	175	250	456	233	94	184	170	|
|228	409	542	424	602	309	485	0	561	170	544	419	424	446	298	214	305	491	286	115	462	187	457	480	331	339	496	124	470	510	565	545	295	424	279	454	329	66	376	576	363	340	370	520	330	242	429	266	453	328	581	|
|487	358	66	326	59	408	87	561	0	441	40	211	389	233	324	446	258	95	281	497	220	431	287	95	230	234	79	522	133	164	146	19	297	160	415	344	233	500	215	21	323	367	224	68	261	320	470	299	174	242	106	|
|304	411	440	254	492	337	357	170	441	0	434	266	255	286	275	266	189	392	164	63	408	225	428	351	224	207	392	234	330	438	484	424	250	287	112	284	232	149	233	453	349	170	302	389	185	168	471	195	305	248	487	|
|456	320	26	343	59	374	97	544	40	434	0	223	406	252	294	418	247	60	271	487	181	405	247	105	215	229	49	498	149	124	109	48	270	165	419	364	215	482	218	60	288	375	194	92	261	302	431	279	190	220	75	|
|434	402	241	123	269	396	126	419	211	266	223	0	185	46	298	387	140	213	145	328	310	355	366	118	147	97	201	425	78	295	315	191	256	65	211	151	166	371	53	215	343	157	231	145	90	220	505	217	41	198	295	|
|526	555	425	63	448	521	309	424	389	255	406	185	0	156	430	481	266	398	252	310	485	442	534	301	293	237	386	480	257	478	500	370	390	249	145	55	313	401	212	389	491	89	392	321	201	322	646	334	216	345	479	|
|476	448	272	93	292	441	155	446	233	286	252	46	156	0	343	429	183	250	184	348	353	396	411	148	192	140	236	461	102	334	350	214	302	106	214	113	212	402	98	233	389	151	277	165	125	261	551	260	62	244	325	|
|163	136	282	388	348	98	279	298	324	275	294	298	430	343	0	124	167	234	178	296	167	121	162	279	151	205	247	216	297	224	280	316	42	256	340	423	132	232	246	344	74	349	100	314	233	115	216	97	308	101	307	|
|47	200	407	452	472	96	394	214	446	266	418	387	481	429	124	0	246	358	245	259	284	41	261	392	247	289	370	103	403	345	402	436	150	358	361	488	232	158	333	466	165	393	223	430	306	168	217	171	406	210	431	|
|293	289	251	221	305	262	180	305	258	189	247	140	266	183	167	246	0	204	26	240	238	215	276	175	37	43	203	289	169	255	297	242	125	122	202	257	52	248	87	272	225	191	134	215	67	80	382	77	163	81	298	|
|396	264	51	337	115	314	101	491	95	392	60	213	398	250	234	358	204	0	229	442	130	347	196	108	169	194	19	440	152	87	102	93	211	149	390	363	165	428	194	116	228	355	134	117	230	250	376	225	189	164	95	|
|293	306	276	211	329	271	200	286	281	164	271	145	252	184	178	245	26	229	0	216	262	212	297	195	63	53	228	280	184	280	323	264	138	137	178	248	76	232	95	294	241	173	156	234	60	77	395	83	172	102	324	|
|290	427	490	314	545	342	414	115	497	63	487	328	310	348	296	259	240	442	216	0	443	220	456	408	273	264	443	204	390	479	529	480	278	346	165	343	278	115	293	509	369	229	340	447	244	202	473	230	366	288	536	|
|313	141	159	428	218	215	223	462	220	408	181	310	485	353	167	284	238	130	262	443	0	288	67	228	202	252	149	382	267	67	122	221	168	247	440	459	186	396	273	241	125	423	107	245	291	242	251	214	297	162	160	|
|85	222	397	414	462	124	373	187	431	225	405	355	442	396	121	41	215	347	212	220	288	0	273	371	221	258	357	95	378	344	401	420	136	331	321	450	208	126	302	450	177	353	213	409	272	136	253	143	377	190	426	|
|280	83	224	480	281	177	288	457	287	428	247	366	534	411	162	261	276	196	297	456	67	273	0	292	243	298	215	363	329	128	176	288	179	305	475	513	224	392	324	307	96	466	143	311	335	261	187	235	357	195	219	|
|437	348	124	239	152	373	8	480	95	351	105	118	301	148	279	392	175	108	195	408	228	371	292	0	154	144	91	456	46	194	203	76	244	65	320	261	163	423	121	103	299	273	185	40	168	247	459	230	86	183	178	|
|293	264	217	243	274	249	157	331	230	224	215	147	293	192	151	247	37	169	63	273	202	221	243	154	0	57	170	303	157	217	260	215	110	111	238	278	21	271	94	245	201	223	100	193	92	93	362	78	160	54	263	|
|336	320	237	187	286	302	150	339	234	207	229	97	237	140	205	289	43	194	53	264	252	258	298	144	57	0	190	331	131	257	294	216	163	84	197	221	77	285	44	246	258	172	155	183	39	123	418	119	120	110	288	|
|409	283	48	324	106	329	84	496	79	392	49	201	386	236	247	370	203	19	228	443	149	357	215	91	170	190	0	449	136	105	114	75	221	138	384	349	168	434	185	99	245	346	146	98	224	255	394	231	174	171	99	|
|106	303	490	463	554	198	459	124	522	234	498	425	480	461	216	103	289	440	280	204	382	95	363	456	303	331	449	0	458	439	496	510	229	410	344	498	293	89	374	540	267	391	307	495	336	211	308	226	451	280	520	|
|449	380	170	194	192	394	53	470	133	330	149	78	257	102	297	403	169	152	184	390	267	378	329	46	157	131	136	458	0	238	249	114	259	47	287	216	171	416	96	137	327	235	211	67	145	247	488	235	41	197	223	|
|376	208	99	418	153	281	188	510	164	438	124	295	478	334	224	345	255	87	280	479	67	344	128	194	217	257	105	439	238	0	57	169	216	230	453	445	206	445	268	184	191	427	141	202	296	278	315	250	274	191	92	|
|433	258	83	438	116	337	196	565	146	484	109	315	500	350	280	402	297	102	323	529	122	401	176	203	260	294	114	496	249	57	0	157	271	252	490	463	251	499	296	162	247	457	195	199	331	329	362	302	288	241	47	|
|478	357	74	307	78	402	68	545	19	424	48	191	370	214	316	436	242	93	264	480	221	420	288	76	215	216	75	510	114	169	157	0	287	141	396	325	219	485	196	31	319	347	216	49	243	306	469	286	154	230	120	|
|193	170	261	346	326	139	245	295	297	250	270	256	390	302	42	150	125	211	138	278	168	136	179	244	110	163	221	229	259	216	271	287	0	216	305	382	91	229	204	316	105	310	78	280	192	83	257	60	268	62	292	|
|404	348	180	188	216	353	72	424	160	287	165	65	249	106	256	358	122	149	137	346	247	331	305	65	111	84	138	410	47	230	252	141	216	0	255	215	126	369	56	168	292	210	177	102	103	200	454	189	54	155	234	|
|404	475	430	156	472	419	328	279	415	112	419	211	145	214	340	361	202	390	178	165	440	321	475	320	238	197	384	344	287	453	490	396	305	255	0	181	254	261	201	422	410	69	335	353	160	225	551	246	252	280	482	|
|534	542	385	36	403	518	269	454	344	284	364	151	55	113	423	488	257	363	248	343	459	450	513	261	278	221	349	498	216	445	463	325	382	215	181	0	298	425	189	342	479	115	373	276	190	323	638	330	175	332	439	|
|278	243	214	264	274	230	165	329	233	232	215	166	313	212	132	232	52	165	76	278	186	208	224	163	21	77	168	293	171	206	251	219	91	126	254	298	0	267	114	250	181	242	82	202	112	88	341	68	177	33	258	|
|181	347	479	392	540	250	427	66	500	149	482	371	401	402	232	158	248	428	232	115	396	126	392	423	271	285	434	89	416	445	499	485	229	369	261	425	267	0	325	516	298	313	305	463	281	180	375	203	403	264	516	|
|380	355	231	156	271	343	128	376	215	233	218	53	212	98	246	333	87	194	95	293	273	302	324	121	94	44	185	374	96	268	296	196	204	56	201	189	114	325	0	224	294	161	185	157	49	167	455	163	78	147	284	|
|507	379	85	326	63	428	97	576	21	453	60	215	389	233	344	466	272	116	294	509	241	450	307	103	245	246	99	540	137	184	162	31	316	168	422	342	250	516	224	0	344	371	244	70	271	337	490	317	176	261	120	|
|189	65	270	444	334	90	297	363	323	349	288	343	491	389	74	165	225	228	241	369	125	177	96	299	201	258	245	267	327	191	247	319	105	292	410	479	181	298	294	344	0	414	116	328	291	187	163	165	345	147	282	|
|438	479	390	87	425	437	280	340	367	170	375	157	89	151	349	393	191	355	173	229	423	353	466	273	223	172	346	391	235	427	457	347	310	210	69	115	242	313	161	371	414	0	323	301	133	238	565	253	197	273	444	|
|263	172	184	340	249	188	184	370	224	302	194	231	392	277	100	223	134	134	156	340	107	213	143	185	100	155	146	307	211	141	195	216	78	177	335	373	82	305	185	244	116	323	0	217	192	138	278	110	230	55	214	|
|473	373	116	258	127	405	36	520	68	389	92	145	321	165	314	430	215	117	234	447	245	409	311	40	193	183	98	495	67	202	199	49	280	102	353	276	202	463	157	70	328	301	217	0	205	286	485	269	106	220	167	|
|353	355	271	154	316	328	175	330	261	185	261	90	201	125	233	306	67	230	60	244	291	272	335	168	92	39	224	336	145	296	331	243	192	103	160	190	112	281	49	271	291	133	192	205	0	138	449	141	123	145	323	|
|216	251	300	286	361	200	250	242	320	168	302	220	322	261	115	168	80	250	77	202	242	136	261	247	93	123	255	211	247	278	329	306	83	200	225	323	88	180	167	337	187	238	138	286	138	0	328	28	243	88	340	|
|202	112	409	603	468	134	456	429	470	471	431	505	646	551	216	217	382	376	395	473	251	253	187	459	362	418	394	308	488	315	362	469	257	454	551	638	341	375	455	490	163	565	278	485	449	328	0	313	508	308	406	|
|218	229	276	294	337	188	233	266	299	195	279	217	334	260	97	171	77	225	83	230	214	143	235	230	78	119	231	226	235	250	302	286	60	189	246	330	68	203	163	317	165	253	110	269	141	28	313	0	235	61	315	|
|452	402	210	153	233	406	94	453	174	305	190	41	216	62	308	406	163	189	172	366	297	377	357	86	160	120	174	451	41	274	288	154	268	54	252	175	177	403	78	176	345	197	230	106	123	243	508	235	0	207	264	|
|254	210	215	297	278	199	184	328	242	248	220	198	345	244	101	210	81	164	102	288	162	190	195	183	54	110	171	280	197	191	241	230	62	155	280	332	33	264	147	261	147	273	55	220	145	88	308	61	207	0	253	|
|465	300	54	417	69	372	170	581	106	487	75	295	479	325	307	431	298	95	324	536	160	426	219	178	263	288	99	520	223	92	47	120	292	234	482	439	258	516	284	120	282	444	214	167	323	340	406	315	264	253	0	|

--------------------------------------------------------------------------------
Building model...
	using lazy and cut (CVRPSEP package)
Solving IRP LP...
--------------------------------------------------------------------------------

Gurobi 9.1.0 (linux64) logging started Fri Jan 29 00:26:57 2021

Gurobi Optimizer version 9.1.0 build v9.1.0rc0 (linux64)
Thread count: 32 physical cores, 32 logical processors, using up to 2 threads
Optimize a model with 1740 rows, 16716 columns and 60234 nonzeros
Model fingerprint: 0x3de5415a
Variable types: 804 continuous, 15912 integer (612 binary)
Coefficient statistics:
  Matrix range     [1e+00, 1e+03]
  Objective range  [1e-02, 6e+02]
  Bounds range     [1e+00, 3e+02]
  RHS range        [1e+01, 7e+03]
Presolve removed 204 rows and 51 columns
Presolve time: 0.10s
Presolved: 1536 rows, 16665 columns, 58729 nonzeros
Variable types: 753 continuous, 15912 integer (15312 binary)

Root relaxation: objective 3.473436e+03, 1624 iterations, 0.07 seconds

    Nodes    |    Current Node    |     Objective Bounds      |     Work
 Expl Unexpl |  Obj  Depth IntInf | Incumbent    BestBd   Gap | It/Node Time

     0     0 3473.43557    0  169          - 3473.43557      -     -    0s
     0     0 3704.91411    0  185          - 3704.91411      -     -    0s
     0     0 3720.59246    0  182          - 3720.59246      -     -    0s
     0     0 4335.79058    0  290          - 4335.79058      -     -    1s
     0     0 4404.91354    0  307          - 4404.91354      -     -    1s
     0     0 4406.17044    0  311          - 4406.17044      -     -    1s
     0     0 4410.42044    0  311          - 4410.42044      -     -    1s
     0     0 4525.69854    0  328          - 4525.69854      -     -    1s
     0     0 4529.90603    0  276          - 4529.90603      -     -    2s
     0     0 4530.05775    0  286          - 4530.05775      -     -    2s
     0     0 4634.82477    0  274          - 4634.82477      -     -    2s
     0     0 4644.94077    0  305          - 4644.94077      -     -    2s
     0     0 4646.93232    0  302          - 4646.93232      -     -    3s
     0     0 4648.12264    0  252          - 4648.12264      -     -    3s
     0     0 4648.25115    0  298          - 4648.25115      -     -    3s
     0     0 4696.75442    0  303          - 4696.75442      -     -    4s
     0     0 4708.31717    0  304          - 4708.31717      -     -    4s
     0     0 4709.85997    0  281          - 4709.85997      -     -    5s
     0     0 4711.51723    0  326          - 4711.51723      -     -    5s
     0     0 4726.28273    0  330          - 4726.28273      -     -    5s
     0     0 4726.61006    0  361          - 4726.61006      -     -    5s
     0     0 4762.88544    0  305          - 4762.88544      -     -    6s
     0     0 4765.83621    0  417          - 4765.83621      -     -    6s
     0     0 4768.89294    0  423          - 4768.89294      -     -    6s
     0     0 4770.35716    0  430          - 4770.35716      -     -    6s
     0     0 4770.39940    0  455          - 4770.39940      -     -    6s
     0     0 4788.23879    0  408          - 4788.23879      -     -    7s
     0     0 4803.05415    0  431          - 4803.05415      -     -    7s
     0     0 4805.09575    0  447          - 4805.09575      -     -    8s
     0     0 4807.36382    0  450          - 4807.36382      -     -    8s
     0     0 4807.70755    0  474          - 4807.70755      -     -    8s
     0     0 4817.88993    0  476          - 4817.88993      -     -    9s
     0     0 4821.89384    0  465          - 4821.89384      -     -   10s
     0     0 4824.98260    0  542          - 4824.98260      -     -   11s
     0     0 4825.68234    0  531          - 4825.68234      -     -   11s
     0     0 4828.50618    0  572          - 4828.50618      -     -   11s
     0     0 4829.67077    0  485          - 4829.67077      -     -   12s
     0     2 4839.26309    0  478          - 4839.26309      -     -   15s
    13    16 4839.26309    4  530          - 4839.26309      -   753   21s
    28    33 4868.94697    8  512          - 4842.96399      -   743   25s
    53    56 5448.64456   15  479          - 4842.96399      -   631   30s
    74    80 5182.08482   20  356          - 4842.96399      -   612   35s
   110   116 5363.43462   32  339          - 4842.96399      -   517   40s
   143   153 5541.51512   38  382          - 4842.96399      -   493   45s
   186   192 5806.41779   56  249          - 4842.96399      -   457   51s
   226   238 6144.65016   71  155          - 4842.96399      -   432   56s
   290   306 6372.10664   97  118          - 4842.96399      -   382   61s
   359   378 6740.99564  127  115          - 4842.96399      -   349   66s
   420   444 7055.18641  153  124          - 4842.96399      -   324   70s
   503   556 7873.66475  193   87          - 4842.96399      -   293   75s
   628   697 9055.62348  269   48          - 4842.96399      -   250   80s
   777   779 6370.37162  150  194          - 4842.96399      -   211   85s
   909   984 11264.8153  422   15          - 4842.96399      -   189   90s
  1098  1150 12597.5300  523   27          - 4842.96399      -   164   95s
* 1270  1220             623    14086.870000 4844.41392  65.6%   145   99s
  1317  1209 4870.73377    5  637 14086.8700 4844.41392  65.6%   143  102s
  1320  1210 8671.83924  252  485 14086.8700 4844.41392  65.6%   143  109s
  1322  1211 9088.01617  299  164 14086.8700 4844.41392  65.6%   143  111s
  1323  1212 11838.0450  491  267 14086.8700 4844.41392  65.6%   143  117s
  1327  1215 4926.77538   13  503 14086.8700 4844.41392  65.6%   143  120s
  1333  1219 4848.02433    5  669 14086.8700 4848.02433  65.6%   142  125s
  1335  1220 5151.19317   20  552 14086.8700 4854.73257  65.5%   142  130s
  1341  1224 4861.50002    5  618 14086.8700 4859.64271  65.5%   141  135s
  1346  1227 11231.5380  400  551 14086.8700 4864.85096  65.5%   141  140s
  1352  1231 5893.66120   64  666 14086.8700 4866.29437  65.5%   140  145s
H 1356  1171                    13817.630000 4867.73119  64.8%   140  150s
  1366  1178 5788.59353   72  696 13817.6300 4870.04194  64.8%   138  155s
  1369  1180 11165.2084  412  729 13817.6300 4870.83745  64.7%   138  160s
  1373  1182 5838.78436   77  708 13817.6300 4871.81767  64.7%   138  165s
  1377  1185 7933.07841  199  687 13817.6300 4872.04165  64.7%   137  172s
  1378  1189 4872.33671   13  683 13817.6300 4872.04165  64.7%   162  175s
  1386  1194 4934.56086   15  479 13817.6300 4902.62823  64.5%   168  180s
  1399  1204 4936.65868   19  410 13817.6300 4925.78976  64.4%   173  185s
  1404  1205 infeasible   20      13817.6300 4925.78976  64.4%   174  190s
  1415  1211 5029.90247   23  520 13817.6300 4925.78976  64.4%   181  195s
  1429  1221 5118.19734   26  428 13817.6300 4925.78976  64.4%   185  200s
  1433  1221 5125.62729   27  433 13817.6300 4925.78976  64.4%   186  222s
  1438  1227 5134.60595   28  503 13817.6300 4925.78976  64.4%   188  225s
  1456  1240 5197.65203   32  456 13817.6300 4925.78976  64.4%   193  230s
  1472  1249 5290.07405   35  448 13817.6300 4925.78976  64.4%   198  235s
  1490  1265 5250.91218   38  460 13817.6300 4925.78976  64.4%   202  241s
  1509  1284 5262.95314   41  210 13817.6300 4925.78976  64.4%   204  245s
  1553  1310 5338.99552   49  212 13817.6300 4925.78976  64.4%   206  254s
  1566  1325 5358.21795   52  239 13817.6300 4925.78976  64.4%   207  256s
  1594  1346 5387.53924   60  186 13817.6300 4925.78976  64.4%   208  261s
  1615  1349 5490.75380   65  207 13817.6300 4925.78976  64.4%   209  265s
  1648  1365 5520.12676   73  144 13817.6300 4925.78976  64.4%   209  271s
  1675  1396 5666.55667   79  172 13817.6300 4925.78976  64.4%   211  276s
  1714  1415 5713.19087   87  139 13817.6300 4925.78976  64.4%   212  283s
  1724  1437 5745.81036   90  119 13817.6300 4925.78976  64.4%   212  286s
  1761  1465 5946.81914   97  140 13817.6300 4925.78976  64.4%   213  292s
  1790  1490 6258.61662  103  120 13817.6300 4925.78976  64.4%   214  296s
  1825  1520 6504.09892  111  180 13817.6300 4925.78976  64.4%   214  300s
  1882  1537 7118.28997  153   88 13817.6300 4925.78976  64.4%   214  305s
  1950  1584 7116.80449  136   86 13817.6300 4925.78976  64.4%   214  313s
  1972  1585 7478.45102  142   67 13817.6300 4925.78976  64.4%   214  318s
  1980  1616 7691.00062  144  105 13817.6300 4925.78976  64.4%   215  321s
  2016  1653 8087.61981  152  111 13817.6300 4925.78976  64.4%   217  326s
  2065  1696 8390.75044  160   61 13817.6300 4925.78976  64.4%   218  331s
  2132  1724 8632.20746  174   95 13817.6300 4925.78976  64.4%   216  336s
  2198  1727 9569.02444  191   78 13817.6300 4925.78976  64.4%   216  344s
  2227  1795 9971.73905  205   94 13817.6300 4925.78976  64.4%   215  349s
  2251  1787 10193.8387  217   90 13817.6300 4925.78976  64.4%   214  350s
  2335  1797 infeasible  230      13817.6300 4926.14278  64.3%   210  358s
  2401  1775 12841.6220  301   46 13817.6300 4926.14323  64.3%   206  360s
  2417  1781 4970.35972   17  466 13817.6300 4926.14323  64.3%   208  368s
  2426  1787 5021.15015   20  356 13817.6300 4926.14323  64.3%   209  373s
  2435  1789 5023.84809   21  355 13817.6300 4926.14323  64.3%   210  378s
  2440  1798 5041.90668   22  331 13817.6300 4926.14323  64.3%   211  382s
  2450  1802 5062.19738   25  397 13817.6300 4926.14323  64.3%   213  386s
  2458  1811 5070.83180   27  388 13817.6300 4926.14323  64.3%   214  391s
  2469  1814 5090.65654   29  512 13817.6300 4926.14323  64.3%   216  396s
  2476  1821 5178.15087   31  338 13817.6300 4926.14323  64.3%   217  401s
  2485  1827 5176.68601   33  361 13817.6300 4926.14323  64.3%   218  405s
  2494  1834 5201.82068   35  352 13817.6300 4926.14323  64.3%   220  411s
  2504  1842 5216.53393   37  337 13817.6300 4926.14323  64.3%   221  417s
  2516  1856 5262.25795   40  335 13817.6300 4926.14323  64.3%   221  422s
  2534  1856 5272.92817   45  333 13817.6300 4926.14323  64.3%   222  430s
  2559  1880 5389.93492   49  210 13817.6300 4926.14323  64.3%   224  442s
  2572  1907 5402.73576   52  268 13817.6300 4926.14323  64.3%   225  447s
  2603  1898 5591.81411   57  335 13817.6300 4926.14323  64.3%   226  478s
  2605  1914 5463.10496   58  250 13817.6300 4926.14323  64.3%   226  484s
  2621  1938 5478.57883   61  195 13817.6300 4926.14323  64.3%   227  493s
  2651  1980 5572.92772   67  165 13817.6300 4926.14323  64.3%   227  500s
  2703  2034 5782.80994   73  178 13817.6300 4926.14323  64.3%   227  520s
  2774  2101 5766.94063   76  245 13817.6300 4926.14323  64.3%   224  529s
  2805  2091 6294.79516  145   49 13817.6300 4926.14323  64.3%   223  530s
  2873  2116 5860.33612   86  123 13817.6300 4926.14323  64.3%   222  563s
  2986  2126 5899.67907  100  123 13817.6300 4926.14323  64.3%   218  573s
  3038  2206 6075.43597  119   45 13817.6300 4926.14323  64.3%   218  583s
  3150  2311 7351.88744  171   55 13817.6300 4926.14323  64.3%   215  594s
  3184  2300 9341.20314  188   18 13817.6300 4926.14323  64.3%   214  595s
  3315  2342 9339.79947  248   13 13817.6300 4927.02177  64.3%   211  606s
  3429  2339 5307.84969   22  573 13817.6300 4927.02177  64.3%   208  615s
  3455  2369 5250.80319   24  490 13817.6300 4927.02177  64.3%   210  624s
  3480  2361 5619.93861   69  217 13817.6300 4927.02177  64.3%   211  625s
  3494  2392 5360.78762   35  379 13817.6300 4927.02177  64.3%   211  634s
  3532  2427 5447.08059   46  341 13817.6300 4927.02177  64.3%   213  644s
  3565  2416 6011.74549   89  203 13817.6300 4927.02177  64.3%   214  645s
  3579  2490 5655.29569   54  277 13817.6300 4927.02177  64.3%   214  656s
  3658  2466 5722.38519   62  280 13817.6300 4927.02177  64.3%   214  696s
H 3660  2521                    13093.530000 4927.02177  62.4%   214  708s
  3776  2602 5842.66263   77  252 13093.5300 4927.02177  62.4%   212  726s
  3928  2570 5912.51405   86  224 13093.5300 4927.02177  62.4%   210  792s
  3946  2607 6073.43541   92  274 13093.5300 4927.02177  62.4%   211  802s
  3989  2652 6173.24908   99  251 13093.5300 4927.02177  62.4%   212  814s
  4022  2641 6358.69069  110  197 13093.5300 4927.02177  62.4%   212  815s
  4049  2803 6335.37059  111  197 13093.5300 4927.02177  62.4%   213  830s
  4220  3112 6738.96501  123  104 13093.5300 4927.02177  62.4%   210  849s
  4264  3098 6881.59832  146   75 13093.5300 4927.02177  62.4%   209  850s
  4610  3044 6994.65936  156   62 13093.5300 4934.63676  62.3%   195  868s
  4725  3038 5320.65718   20  353 13093.5300 4935.58243  62.3%   195  880s
  4757  3117 5809.28014   34  413 13093.5300 4935.58243  62.3%   198  892s
  4847  3273 6711.55251   84  179 13093.5300 4935.63354  62.3%   198  913s
  4913  3273 7433.30560  150   82 13093.5300 4935.63354  62.3%   197  915s
  5017  3375 5002.35390   18  616 13093.5300 4935.63354  62.3%   196  933s
  5134  3408 5720.60795   29  507 13093.5300 4935.63354  62.3%   196  948s
  5167  3469 6226.52592   46  456 13093.5300 4935.63354  62.3%   198  964s
  5200  3469 6870.80832   79  257 13093.5300 4935.63354  62.3%   198  965s
  5230  3604 7194.61622   84  214 13093.5300 4936.77612  62.3%   199  984s
  5241  3604 7421.73137   95  182 13093.5300 4936.77612  62.3%   199  985s
  5396  3668 5270.80058   20  550 13093.5300 4936.77612  62.3%   198 1003s
  5460  3785 6119.73293   37  350 13093.5300 4936.77612  62.3%   200 1024s
  5483  3785 6554.32006   60  301 13093.5300 4936.77612  62.3%   200 1025s
  5583  3821 7005.67596   91  177 13093.5300 4938.42564  62.3%   200 1045s
  5665  3848 5267.90910   21  466 13093.5300 4938.43452  62.3%   202 1061s
  5694  3888 5859.35940   28  525 13093.5300 4938.43452  62.3%   205 1078s
  5736  3956 6345.58595   44  374 13093.5300 4938.43452  62.3%   207 1096s
  5814  4103 7279.31666   73  174 13093.5300 4938.43452  62.3%   209 1121s
  5989  4187 8227.97210  106  164 13093.5300 4939.38819  62.3%   208 1147s
  6106  4279 5844.87802   29  362 13093.5300 4939.38819  62.3%   210 1170s
  6226  4351 infeasible  121      13093.5300 4939.76427  62.3%   211 1192s
  6306  4537 5611.03135   37  416 13093.5300 4939.76427  62.3%   213 1219s
  6318  4537 5857.19452   48  223 13093.5300 4939.76427  62.3%   214 1220s
  6516  4753 7104.41217  107  242 13093.5300 4940.23425  62.3%   212 1251s
  6780  4870 infeasible  292      13093.5300 4943.58460  62.2%   208 1281s
  6900  4984 5535.80819   39  470 13093.5300 4943.58638  62.2%   209 1305s
  7014  5148 7260.06834  122  118 13093.5300 4962.91197  62.1%   210 1333s
  7196  5288 5375.51767   27  358 13093.5300 4962.91197  62.1%   209 1360s
  7353  5528 5552.61277   39  317 13093.5300 4962.91197  62.1%   209 1395s
  7593  5984 5795.14497  105  162 13093.5300 4962.91197  62.1%   209 1478s
  7725  5984 6199.04106  174   54 13093.5300 4962.91197  62.1%   208 1480s
  8073  6220 6633.54275  195   56 13093.5300 4968.34139  62.1%   201 1513s
  8167  6220 7439.53066  219   90 13093.5300 4968.34139  62.1%   200 1515s
  8384  6385 8780.30044  258   44 13093.5300 4973.10843  62.0%   200 1550s
  8570  6480 5611.85323   36  276 13093.5300 4973.48042  62.0%   201 1582s
  8664  6730 7101.77251   61  185 13093.5300 4974.86664  62.0%   203 1622s
  8814  6730 9984.70410  111   46 13093.5300 4974.86664  62.0%   202 1625s
  8957  7064 5143.73646   21  515 13093.5300 4974.86664  62.0%   202 1658s
  8973  7064 5460.35441   37  360 13093.5300 4974.86664  62.0%   203 1661s
  9286  7064 7701.25705   81  190 13093.5300 4974.86664  62.0%   198 1665s
  9315  7403 9461.69000  323    4 13093.5300 4985.60280  61.9%   199 1696s
  9635  7410 7955.08395  133   20 13093.5300 4987.04768  61.9%   196 1701s
  9706  7802 infeasible  502      13093.5300 4995.19428  61.8%   196 1731s
 10158  7958 infeasible  616      13093.5300 4996.50991  61.8%   191 1764s
 10203  7962 5746.03003   54  218 13093.5300 4996.50991  61.8%   191 1765s
 10311  8396 12099.8000  615   20 13093.5300 4997.76793  61.8%   192 1801s
 10458  8401 7344.78769  159   25 13093.5300 5000.45938  61.8%   192 1805s
 10791  8531 infeasible  618      13093.5300 5000.56892  61.8%   187 1835s
*10794  8203             615    12174.990000 5000.56892  58.9%   187 1835s
*10931  8296             616    12153.210000 5000.83961  58.9%   188 1865s
 11080  8521 5425.30527   24  369 12153.2100 5000.84817  58.9%   189 1898s
 11163  8522 10612.5400  228    - 12153.2100 5000.84817  58.9%   189 1900s
 11406  8675 6299.22711   39  249 12153.2100 5001.61582  58.8%   187 1930s
 11572  8776 5158.73529   23  497 12153.2100 5001.88259  58.8%   188 1958s
 11624  8776 6883.62291   99  248 12153.2100 5001.88259  58.8%   189 1960s
 11685  9206 6025.46493   64  233 12153.2100 5002.45546  58.8%   190 1994s
 11729  9206 7158.66834  108  120 12153.2100 5002.45546  58.8%   190 1995s
 12172  9451 infeasible  354      12153.2100 5002.48117  58.8%   186 2027s
 12386  9463 7936.34460  214   32 12153.2100 5005.52508  58.8%   186 2030s
 12450  9547 infeasible  361      12153.2100 5005.90428  58.8%   186 2054s
 12472  9547 5433.47744   33  391 12153.2100 5005.90428  58.8%   186 2055s
 12551  9764 6083.83216   56  317 12153.2100 5006.98582  58.8%   187 2086s
 12783 10297 5257.38520   28  391 12153.2100 5007.41500  58.8%   187 2120s
 12985 10298 7686.78031  217    4 12153.2100 5007.41500  58.8%   186 2125s
 13400 10562 7351.99804   87  135 12153.2100 5009.42981  58.8%   181 2156s
 13605 10567 5800.13018   34  318 12153.2100 5009.42981  58.8%   180 2162s
 13666 10725 9987.73918  270   38 12153.2100 5011.19440  58.8%   181 2194s
 13727 10727 5297.30191   39  396 12153.2100 5011.19440  58.8%   181 2195s
 13907 10824 5313.49984   45  302 12153.2100 5011.29517  58.8%   180 2223s
 13982 10995 5564.09513   67  183 12153.2100 5011.29517  58.8%   182 2252s
 14148 10995 5831.11636   77  216 12153.2100 5011.29517  58.8%   182 2255s
 14157 11224 6092.77759  114   44 12153.2100 5011.40274  58.8%   182 2285s
 14460 11603 7481.91414  205   22 12153.2100 5011.66174  58.8%   182 2322s
 14910 11797 infeasible  220      12153.2100 5012.79444  58.8%   180 2352s
 15086 11797 9177.35000  348    8 12153.2100 5013.19522  58.8%   180 2355s
 15173 11940 7118.86137   90  235 12153.2100 5013.47151  58.7%   179 2380s
 15353 11942 5487.98589   30  381 12153.2100 5013.49632  58.7%   180 2449s
 15361 12041 5621.16091   31  413 12153.2100 5013.49632  58.7%   180 2477s
 15467 12177 7163.02731   73  267 12153.2100 5013.84227  58.7%   181 2508s
 15639 12317 5120.61031   24  569 12153.2100 5013.98600  58.7%   181 2537s
 15783 12400 6728.52327   76  245 12153.2100 5014.37843  58.7%   182 2583s
 15840 12400 7399.00606  131  145 12153.2100 5014.37843  58.7%   182 2585s
 15880 12465 5165.14743   22  378 12153.2100 5014.37843  58.7%   182 2609s
 15910 12465 5355.29843   40  282 12153.2100 5014.37843  58.7%   182 2610s
 15955 12685 5419.54187   49  256 12153.2100 5014.37843  58.7%   183 2640s
 16190 12908 5975.04898   83   92 12153.2100 5014.66148  58.7%   183 2673s
 16322 12908 6295.74105  162   15 12153.2100 5014.66148  58.7%   183 2675s
 16454 13151 7341.19844  193   25 12153.2100 5014.92697  58.7%   183 2706s
 16666 13155 8823.16000  203   14 12153.2100 5014.92697  58.7%   182 2710s
 16738 13569 5871.06241   52  185 12153.2100 5015.50943  58.7%   182 2743s
 16837 13569 8265.34788  151   33 12153.2100 5015.50943  58.7%   182 2745s
 17210 13623 infeasible  430      12153.2100 5016.68883  58.7%   179 2773s
 17271 13777 infeasible  429      12153.2100 5017.27086  58.7%   180 2806s
 17429 13958 5290.36802   32  266 12153.2100 5017.27086  58.7%   181 2837s
 17634 14054 5398.92791   45  276 12153.2100 5017.27086  58.7%   181 2864s
 17679 14054 5687.41915   68  237 12153.2100 5017.27086  58.7%   181 2865s
 17728 14200 5700.60980   71  177 12153.2100 5017.27086  58.7%   182 2892s
 17874 14677 6119.40119  104  148 12153.2100 5017.80138  58.7%   182 2927s
 18030 14677 7603.57307  182   42 12153.2100 5017.80138  58.7%   182 2930s
 18426 14754 infeasible  252      12153.2100 5020.22841  58.7%   181 2957s
 18510 14908 5967.65796   41  259 12153.2100 5020.26281  58.7%   182 2984s
 18550 14908 7614.30169   81  268 12153.2100 5020.26281  58.7%   182 2985s
 18665 15257 8122.51221  105  180 12153.2100 5021.41864  58.7%   182 3017s
 18879 15260 11713.8700  303    6 12153.2100 5021.55330  58.7%   181 3020s
 19052 15322 5326.38054   30  438 12153.2100 5021.55330  58.7%   180 3044s
 19087 15322     cutoff  456      12153.2100 5021.55330  58.7%   180 3045s
 19120 15699 6396.82265   65  219 12153.2100 5022.32967  58.7%   181 3075s
 19538 15860 5159.62890   25  654 12153.2100 5023.45875  58.7%   180 3288s
 19575 15860 10527.4500  235   28 12153.2100 5023.45875  58.7%   180 3290s
 19707 16197 6171.82405   62  280 12153.2100 5023.98732  58.7%   180 3324s
 19729 16197 6644.16469   84  260 12153.2100 5023.98732  58.7%   180 3325s
H20029 15948                    11762.930000 5023.98732  57.3%   178 3329s
 20051 15948 7477.35689   88  188 11762.9300 5027.33397  57.3%   178 3330s
*20083 15753             360    11509.800000 5027.65800  56.3%   178 3356s
*20085 15743             358    11495.800000 5027.65800  56.3%   178 3356s
*20086 15736             358    11488.800000 5027.65800  56.2%   178 3356s
 20187 15906 5889.91505   52  341 11488.8000 5027.65800  56.2%   179 3386s
 20362 15906 5164.54234   25  487 11488.8000 5027.65800  56.2%   179 3390s
 20377 16217 8436.91098  137  118 11488.8000 5028.41799  56.2%   179 3418s
 20498 16218 9599.04000  257    3 11488.8000 5028.41799  56.2%   178 3420s
 20742 16331 infeasible  357      11488.8000 5029.92103  56.2%   178 3446s
 20849 16532 6359.85124   42  282 11488.8000 5030.37540  56.2%   179 3477s
 20985 16532 10371.9198  176   47 11488.8000 5030.37540  56.2%   179 3480s
 21086 16626 5271.54904   25  555 11488.8000 5030.54963  56.2%   179 3507s
 21180 16769 6263.48151   53  256 11488.8000 5030.54963  56.2%   180 3540s
 21334 17077 8032.82689  145  119 11488.8000 5031.92201  56.2%   180 3572s
 21540 17077 10971.2800  343   11 11488.8000 5031.92201  56.2%   178 3575s
 21673 17089 5982.29354   33  440 11488.8000 5031.92201  56.2%   179 3600s

Cutting planes:
  User: 4858
  Gomory: 26
  Cover: 683
  Implied bound: 110
  Clique: 16
  MIR: 316
  StrongCG: 2
  Flow cover: 855
  Zero half: 101
  RLT: 524
  Relax-and-lift: 38
  Lazy constraints: 3273

Explored 21685 nodes (3892240 simplex iterations) in 3600.35 seconds
Thread count was 2 (of 32 available processors)

Solution count 9: 11488.8 11495.8 11509.8 ... 14086.9

Time limit reached
Best objective 1.148880000000e+04, best bound 5.031922009239e+03, gap 56.2015%

User-callback calls 763739, time in user-callback 247.03 sec
================================================================================
executing instance: ./input/Instances/Original/5/absH3low_4n25.dat
--------------------------------------------------------------------------------
Instance details
n	26
H	3
C	2029
Li:
[0, 0, 0, 0, 0, 0, 0, 0, 0, 0, 0, 0, 0, 0, 0, 0, 0, 0, 0, 0, 0, 0, 0, 0, 0, 0, ]
Ui:
[0, 34, 165, 76, 88, 188, 58, 279, 52, 132, 198, 142, 135, 165, 186, 58, 201, 196, 40, 183, 32, 90, 168, 126, 93, 146, ]
Distance matrix:
|0	299	188	235	91	202	152	147	162	277	268	132	71	162	220	69	220	289	241	124	265	80	162	132	66	302	|
|299	0	468	431	282	142	317	425	443	569	193	178	359	302	422	231	93	28	511	325	457	242	434	215	240	601	|
|188	468	0	153	265	342	308	43	192	106	455	290	117	206	142	246	379	464	252	274	360	267	211	319	231	184	|
|235	431	153	0	326	289	386	145	321	240	482	269	184	129	15	258	339	436	393	355	477	305	336	354	237	334	|
|91	282	265	326	0	228	66	228	166	339	196	157	154	242	311	99	225	264	229	50	201	47	153	71	115	340	|
|202	142	342	289	228	0	285	301	363	447	255	73	245	161	281	139	53	151	440	278	428	181	360	187	136	495	|
|152	317	308	386	66	285	0	275	167	368	188	217	207	308	371	163	274	295	210	34	145	108	148	104	181	350	|
|147	425	43	145	228	301	275	0	179	146	415	248	76	172	131	203	337	421	248	242	341	227	195	279	188	211	|
|162	443	192	321	166	363	167	179	0	216	352	291	152	302	307	225	375	428	81	138	170	201	22	237	227	183	|
|277	569	106	240	339	447	368	146	216	0	535	391	210	312	232	341	481	562	245	335	381	352	238	402	329	106	|
|268	193	455	482	196	255	188	415	352	535	0	225	339	367	469	224	212	165	398	214	302	188	335	136	245	533	|
|132	178	290	269	157	73	217	248	291	391	225	0	183	145	258	66	91	175	367	207	358	110	287	127	67	431	|
|71	359	117	184	154	245	207	76	152	210	339	183	0	152	169	131	274	352	232	174	294	151	161	203	119	251	|
|162	302	206	129	242	161	308	172	302	312	367	145	152	0	120	153	210	308	383	284	426	208	309	249	132	383	|
|220	422	142	15	311	281	371	131	307	232	469	258	169	120	0	245	330	427	379	340	461	291	321	340	224	324	|
|69	231	246	258	99	139	163	203	225	341	224	66	131	153	245	0	152	222	301	147	299	57	221	97	22	371	|
|220	93	379	339	225	53	274	337	375	481	212	91	274	210	330	152	0	99	448	273	419	180	369	171	157	521	|
|289	28	464	436	264	151	295	421	428	562	165	175	352	308	427	222	99	0	493	305	434	227	418	196	234	590	|
|241	511	252	393	229	440	210	248	81	245	398	367	232	383	379	301	448	493	0	190	147	270	80	298	305	175	|
|124	325	274	355	50	278	34	242	138	335	214	207	174	284	340	147	273	305	190	0	152	97	122	110	162	320	|
|265	457	360	477	201	428	145	341	170	381	302	358	294	426	461	299	419	434	147	152	0	248	150	249	312	322	|
|80	242	267	305	47	181	108	227	201	352	188	110	151	208	291	57	180	227	270	97	248	0	192	52	76	366	|
|162	434	211	336	153	360	148	195	22	238	335	287	161	309	321	221	369	418	80	122	150	192	0	224	225	203	|
|132	215	319	354	71	187	104	279	237	402	136	127	203	249	340	97	171	196	298	110	249	52	224	0	118	409	|
|66	240	231	237	115	136	181	188	227	329	245	67	119	132	224	22	157	234	305	162	312	76	225	118	0	364	|
|302	601	184	334	340	495	350	211	183	106	533	431	251	383	324	371	521	590	175	320	322	366	203	409	364	0	|

--------------------------------------------------------------------------------
Building model...
	using lazy and cut (CVRPSEP package)
Solving IRP LP...
--------------------------------------------------------------------------------

Gurobi 9.1.0 (linux64) logging started Fri Jan 29 01:26:58 2021

Gurobi Optimizer version 9.1.0 build v9.1.0rc0 (linux64)
Thread count: 32 physical cores, 32 logical processors, using up to 2 threads
Optimize a model with 890 rows, 4616 columns and 17009 nonzeros
Model fingerprint: 0x07459993
Variable types: 404 continuous, 4212 integer (312 binary)
Coefficient statistics:
  Matrix range     [1e+00, 6e+02]
  Objective range  [1e-02, 6e+02]
  Bounds range     [1e+00, 3e+02]
  RHS range        [2e+01, 3e+03]
Presolve removed 104 rows and 26 columns
Presolve time: 0.03s
Presolved: 786 rows, 4590 columns, 16254 nonzeros
Variable types: 378 continuous, 4212 integer (3912 binary)

Root relaxation: objective 2.491208e+03, 896 iterations, 0.02 seconds

    Nodes    |    Current Node    |     Objective Bounds      |     Work
 Expl Unexpl |  Obj  Depth IntInf | Incumbent    BestBd   Gap | It/Node Time

