




arguments: ./build/mirp_solver -f ./input/orig_exec_385.cfg
Current dir: /scratch/gui/bnc_mirp
File verbosity level: 9
date       time         ( uptime  ) [ thread name/id ]                   file:line     v| 
2021-01-29 02:22:58.984 (   2.231s) [main thread     ]             loguru.cpp:789   INFO| Logging to './output/vi_cos/OU/V4/Original/execution_29_01_2021_02_22_57.log', mode: 'a', verbosity: 9
--------------------------------------------------------------------------------
Parameters
                           instance_path           ./input/Instances/Original/6/
                            model_policy                                       1
                             nb_vehicles                                       4
                              output_dir         ./output/vi_cos/OU/V4/Original/
                            sec_strategy                                       1
                       solver_nb_threads                                       2
                         solver_show_log                                    true
                       solver_time_limit                                    3600
                              use_vi_cos                                    true
                              use_vi_cus                                   false
                         use_vi_hc1_full                                   false
                         use_vi_hc1_half                                   false
                      use_vi_hc1_quarter                                   false
                              use_vi_hc2                                   false
                              use_vi_hc3                                   false
                         use_vi_lex_full                                   false
                         use_vi_lex_half                                   false
                      use_vi_lex_quarter                                   false
                              use_vi_qua                                   false
                               use_vi_vc                                   false
                               use_vi_vr                                   false
--------------------------------------------------------------------------------
executing instance: ./input/Instances/Original/6/absH6high_1n25.dat
--------------------------------------------------------------------------------
Instance details
n	26
H	6
C	1711
Li:
[0, 0, 0, 0, 0, 0, 0, 0, 0, 0, 0, 0, 0, 0, 0, 0, 0, 0, 0, 0, 0, 0, 0, 0, 0, 0, ]
Ui:
[0, 168, 176, 34, 66, 36, 177, 106, 118, 182, 64, 141, 189, 63, 46, 111, 182, 231, 36, 66, 68, 54, 132, 90, 246, 75, ]
Distance matrix:
|0	191	200	231	334	329	146	196	208	245	218	164	283	394	151	358	156	196	309	253	201	260	127	138	130	104	|
|191	0	226	229	278	146	328	216	390	417	327	293	195	334	106	296	171	122	472	151	12	411	280	53	190	130	|
|200	226	0	38	149	359	321	10	276	274	418	364	139	204	121	173	321	115	303	141	225	236	155	202	311	256	|
|231	229	38	0	110	352	358	37	314	310	448	395	108	167	129	135	342	109	336	120	226	268	194	213	335	277	|
|334	278	149	110	0	367	467	147	422	413	546	495	86	61	203	25	423	163	429	129	271	363	303	282	424	361	|
|329	146	359	352	367	0	453	349	533	562	411	393	282	411	245	378	250	244	617	245	141	556	426	195	284	243	|
|146	328	321	358	467	453	0	321	162	215	160	112	425	524	297	491	223	341	284	397	339	266	186	276	184	210	|
|196	216	10	37	147	349	321	0	281	281	414	360	132	203	112	171	315	105	311	132	216	244	159	193	305	249	|
|208	390	276	314	422	533	162	281	0	54	321	271	410	471	316	445	348	348	123	398	398	115	125	338	313	309	|
|245	417	274	310	413	562	215	281	54	0	375	323	413	457	334	435	393	361	70	406	424	69	139	367	359	349	|
|218	327	418	448	546	411	160	414	321	375	0	57	484	606	347	569	163	393	444	446	339	421	318	288	137	199	|
|164	293	364	395	495	393	112	360	271	323	57	0	437	556	300	519	144	346	393	401	305	367	261	249	109	163	|
|283	195	139	108	86	282	425	132	410	413	484	437	0	139	137	101	349	91	443	44	187	375	286	206	355	291	|
|394	334	204	167	61	411	524	203	471	457	606	556	139	0	264	38	483	222	467	183	326	403	356	341	484	421	|
|151	106	121	129	203	245	297	112	316	334	347	300	137	264	0	225	220	46	381	102	106	316	195	84	221	158	|
|358	296	173	135	25	378	491	171	445	435	569	519	101	38	225	0	444	184	450	145	288	384	328	303	446	383	|
|156	171	321	342	423	250	223	315	348	393	163	144	349	483	220	444	0	261	460	308	183	415	284	143	39	65	|
|196	122	115	109	163	244	341	105	348	361	393	346	91	222	46	184	261	0	402	56	118	336	224	119	264	200	|
|309	472	303	336	429	617	284	311	123	70	444	393	443	467	381	450	460	402	0	442	477	68	192	424	426	413	|
|253	151	141	120	129	245	397	132	398	406	446	401	44	183	102	145	308	56	442	0	143	375	273	164	315	251	|
|201	12	225	226	271	141	339	216	398	424	339	305	187	326	106	288	183	118	477	143	0	416	286	63	202	142	|
|260	411	236	268	363	556	266	244	115	69	421	367	375	403	316	384	415	336	68	375	416	0	135	365	384	363	|
|127	280	155	194	303	426	186	159	125	139	318	261	286	356	195	328	284	224	192	273	286	135	0	232	256	229	|
|138	53	202	213	282	195	276	193	338	367	288	249	206	341	84	303	143	119	424	164	63	365	232	0	153	89	|
|130	190	311	335	424	284	184	305	313	359	137	109	355	484	221	446	39	264	426	315	202	384	256	153	0	64	|
|104	130	256	277	361	243	210	249	309	349	199	163	291	421	158	383	65	200	413	251	142	363	229	89	64	0	|

--------------------------------------------------------------------------------
Building model...
	using lazy and cut (CVRPSEP package)
Solving IRP LP...
--------------------------------------------------------------------------------

Gurobi 9.1.0 (linux64) logging started Fri Jan 29 02:23:03 2021

Gurobi Optimizer version 9.1.0 build v9.1.0rc0 (linux64)
Thread count: 32 physical cores, 32 logical processors, using up to 2 threads
Optimize a model with 1754 rows, 9206 columns and 33992 nonzeros
Model fingerprint: 0x96c1bb1e
Variable types: 782 continuous, 8424 integer (624 binary)
Coefficient statistics:
  Matrix range     [1e+00, 6e+02]
  Objective range  [1e-01, 6e+02]
  Bounds range     [1e+00, 2e+02]
  RHS range        [1e+01, 3e+03]
Presolve removed 182 rows and 26 columns
Presolve time: 0.07s
Presolved: 1572 rows, 9180 columns, 32559 nonzeros
Variable types: 756 continuous, 8424 integer (7824 binary)

Root relaxation: objective 1.429673e+04, 1860 iterations, 0.05 seconds

    Nodes    |    Current Node    |     Objective Bounds      |     Work
 Expl Unexpl |  Obj  Depth IntInf | Incumbent    BestBd   Gap | It/Node Time

     0     0 14296.7307    0  258          - 14296.7307      -     -    0s
     0     0 14488.5888    0  259          - 14488.5888      -     -    0s
     0     0 14511.0879    0  279          - 14511.0879      -     -    0s
     0     0 14513.1645    0  264          - 14513.1645      -     -    0s
     0     0 14513.4754    0  262          - 14513.4754      -     -    0s
     0     0 14513.4772    0  264          - 14513.4772      -     -    0s
     0     0 14957.7877    0  359          - 14957.7877      -     -    1s
     0     0 15010.9427    0  364          - 15010.9427      -     -    1s
     0     0 15013.6867    0  374          - 15013.6867      -     -    1s
     0     0 15014.1413    0  377          - 15014.1413      -     -    1s
     0     0 15014.2515    0  370          - 15014.2515      -     -    1s
     0     0 15402.5818    0  343          - 15402.5818      -     -    2s
     0     0 15600.3946    0  371          - 15600.3946      -     -    2s
     0     0 15616.9235    0  378          - 15616.9235      -     -    2s
     0     0 15641.4744    0  387          - 15641.4744      -     -    2s
     0     0 15654.5180    0  390          - 15654.5180      -     -    2s
     0     0 15659.0396    0  366          - 15659.0396      -     -    3s
     0     0 15664.1571    0  401          - 15664.1571      -     -    3s
     0     0 15664.8292    0  377          - 15664.8292      -     -    3s
     0     0 15914.9758    0  392          - 15914.9758      -     -    3s
     0     0 15927.4608    0  424          - 15927.4608      -     -    3s
     0     0 16027.1966    0  381          - 16027.1966      -     -    4s
     0     0 16032.9034    0  401          - 16032.9034      -     -    4s
     0     0 16047.7928    0  405          - 16047.7928      -     -    4s
     0     0 16049.5065    0  418          - 16049.5065      -     -    4s
     0     0 16089.9608    0  371          - 16089.9608      -     -    4s
     0     0 16094.4432    0  406          - 16094.4432      -     -    5s
     0     0 16106.7458    0  417          - 16106.7458      -     -    5s
     0     0 16109.7703    0  430          - 16109.7703      -     -    5s
     0     0 16119.8459    0  477          - 16119.8459      -     -    5s
     0     0 16122.9511    0  432          - 16122.9511      -     -    6s
     0     0 16126.7034    0  463          - 16126.7034      -     -    6s
     0     0 16128.3316    0  453          - 16128.3316      -     -    6s
     0     0 16186.8918    0  478          - 16186.8918      -     -    7s
     0     0 16198.7265    0  500          - 16198.7265      -     -    7s
     0     0 16210.4853    0  425          - 16210.4853      -     -    8s
     0     0 16211.2791    0  382          - 16211.2791      -     -    8s
     0     0 16223.1696    0  420          - 16223.1696      -     -    8s
     0     0 16232.5672    0  439          - 16232.5672      -     -    8s
     0     0 16233.3011    0  452          - 16233.3011      -     -    8s
     0     0 16237.4056    0  512          - 16237.4056      -     -    9s
     0     0 16237.4056    0  473          - 16237.4056      -     -    9s
     0     2 16237.7377    0  480          - 16237.7377      -     -   11s
    11    15 16318.6911    4  547          - 16284.0040      -  1292   15s
    32    35 16445.0458    9  532          - 16284.0040      -  1090   20s
    50    53 16601.6233   15  517          - 16284.0040      -  1115   25s
    63    68 16638.6065   19  533          - 16284.0040      -  1087   30s
    79    86 16717.6928   23  561          - 16284.0040      -  1090   36s
    93   109 16976.7079   28  399          - 16284.0040      -  1096   40s
   159   162 16975.0755   39  468          - 16284.0040      -   752   45s
   236   242 16976.3007   44  511          - 16284.0040      -   564   50s
   287   295 17020.7567  151  416          - 16284.0040      -   510   55s
   346   355 17083.0965  187  423          - 16284.0040      -   469   60s
   391   409 17118.3813  210  411          - 16284.0040      -   455   65s
   445   462 17428.9252  236  375          - 16284.0040      -   443   70s
   463   479 17326.4872  238  358          - 16284.0040      -   437   78s
   480   508 17357.4759  244  386          - 16284.0040      -   434   81s
   551   579 17668.8120  254  324          - 16284.0040      -   408   85s
   734   797 17672.8862  276  324          - 16284.0040      -   335   92s
   804   896 17675.3325  301  319          - 16284.0040      -   317   95s
   952   993 17686.6342  353  295          - 16284.0040      -   285  102s
  1032  1033 17887.8504  388  296          - 16284.0040      -   280  106s
  1077  1065 infeasible  415               - 16310.2269      -   282  111s
  1098  1077 17016.4541   46  473          - 16310.2269      -   293  116s
  1106  1082 17871.1429  395  600          - 16627.2941      -   291  120s
  1116  1089 19849.5587  169  693          - 16688.6308      -   288  125s
  1125  1095 17689.1250  359  684          - 16720.8415      -   286  130s
  1135  1103 19932.2357  178  418          - 16720.9182      -   305  135s
  1146  1111 20069.2598  237  640          - 16721.4442      -   302  140s
  1152  1115 17024.5288  163  668          - 16721.8776      -   300  145s
  1163  1125 16798.2583   26  682          - 16788.9604      -   325  150s
  1174  1133 17007.0593   28  592          - 16790.0202      -   338  155s
  1197  1150 17066.8759   32  547          - 16790.0202      -   346  160s
  1230  1173 17027.6276   38  551          - 16790.0202      -   349  165s
  1255  1191 17073.1742   45  532          - 16790.0202      -   355  170s
  1287  1212 17103.0803   52  492          - 16790.0202      -   362  175s
  1307  1227 17156.1905   57  471          - 16790.0202      -   373  181s
  1338  1244 17171.9927   61  449          - 16790.0202      -   378  185s
  1370  1280 17185.0782   70  441          - 16790.0202      -   384  190s
  1417  1305 17227.5733   80  475          - 16790.0202      -   385  196s
  1444  1322 17397.8593   87  465          - 16790.0202      -   389  200s
  1475  1351 17323.8560   94  469          - 16790.0202      -   393  205s
  1529  1372 18071.9663  127  286          - 16790.0202      -   394  210s
  1559  1407 17536.4140  112  407          - 16790.0202      -   396  215s
  1617  1446 17615.3655  126  385          - 16790.0202      -   393  220s
  1691  1494 17731.2557  143  368          - 16790.0202      -   388  226s
  1742  1504 18517.3489  179  285          - 16790.0202      -   387  230s
  1788  1553 17972.3937  171  345          - 16790.0202      -   387  236s
  1860  1609 18195.4758  184  334          - 16790.0202      -   387  247s
  1909  1654 18200.2945  198  345          - 16790.0202      -   386  251s
  1983  1693 18422.8837  215  278          - 16790.0202      -   379  255s
  2087  1713 18772.5427  237  230          - 16790.0202      -   375  263s
  2121  1742 18844.6786  252  206          - 16790.0202      -   376  267s
  2161  1786 19138.7541  268  184          - 16790.0202      -   377  271s
  2219  1841 19576.5423  291  205          - 16790.0202      -   374  276s
  2311  1824 infeasible  328               - 16831.8505      -   367  281s
  2335  1845 16985.0469   27  529          - 16831.8505      -   370  285s
  2364  1868 17043.7052   34  535          - 16831.8505      -   372  290s
  2431  1914 17108.1504   42  502          - 16831.8505      -   373  299s
  2465  1941 17195.7121   45  488          - 16831.8505      -   376  304s
  2505  1972 17136.2687   48  506          - 16831.8505      -   376  309s
  2553  2009 17161.5025   57  469          - 16831.8505      -   377  315s
  2616  2059 17267.8395   61  401          - 16831.8505      -   376  321s
  2687  2091 17383.7614   65  435          - 16831.8505      -   374  328s
  2769  2086 17338.4719   72  391          - 16831.8505      -   372  334s
  2791  2109 17546.3687   81  319          - 16831.8505      -   376  340s
  2822  2124 17582.8498   90  287          - 16831.8505      -   380  346s
  2847  2147 17636.7241   99  330          - 16831.8505      -   384  352s
  2878  2166 17638.9654  112  299          - 16831.8505      -   389  358s
  2908  2199 17715.3333  119  287          - 16831.8505      -   393  364s
  2940  2189 17332.5434   41  438          - 16831.8505      -   394  365s
  2951  2229 17888.4369  127  284          - 16831.8505      -   396  372s
  2995  2253 18022.4437  138  312          - 16831.8505      -   399  379s
  3029  2242 17628.9026   48  394          - 16831.8505      -   402  380s
  3034  2288 18297.3804  146  301          - 16831.8505      -   403  387s
  3082  2349 18653.8850  161  278          - 16831.8505      -   406  395s
  3159  2413 18927.5501  182  265          - 16831.8505      -   407  404s
  3211  2395 19630.9324  198  239          - 16831.8505      -   405  405s
  3248  2477 19417.9330  205  225          - 16831.8505      -   407  414s
  3349  2632 20638.5998  224  223          - 16831.8505      -   407  424s
  3377  2623 21178.0064  233  207          - 16831.8505      -   404  425s
  3583  2629 21987.6773  293  134          - 16859.9808      -   392  436s
  3728  2626 17204.0546   30  564          - 16859.9808      -   387  446s
  3773  2652 17333.4854   35  540          - 16859.9808      -   390  457s
  3814  2700 17486.8198   42  394          - 16859.9808      -   393  466s
  3876  2768 17627.8394   48  372          - 16859.9808      -   395  477s
  3966  2828 17887.0021   64  364          - 16859.9808      -   394  488s
  4058  2943 18126.0760   77  337          - 16859.9808      -   393  500s
  4204  3057 18609.2953   93  346          - 16859.9808      -   388  513s
  4401  3077 19170.0873  113  243          - 16859.9808      -   381  525s
  4486  3201 19938.5122  136  242          - 16859.9808      -   381  539s
  4566  3198 20216.0524  158  166          - 16859.9808      -   378  540s
  4643  3230 20544.0239  183  120          - 16910.3560      -   377  559s
  4733  3277 17599.1783   30  548          - 16910.3560      -   379  570s
  4780  3324 17425.7158   37  585          - 16910.3560      -   381  582s
  4827  3391 17530.3872   52  362          - 16910.3560      -   384  594s
  4856  3391 17684.5744   58  367          - 16910.3560      -   385  595s
  4894  3449 17985.5517   58  464          - 16910.3560      -   386  609s
  4952  3531 18084.0866   69  299          - 16910.3560      -   389  623s
  5036  3661 18152.0926   89  295          - 16910.3560      -   390  638s
  5170  3823 18716.8994  126  198          - 16922.7472      -   390  655s
  5354  4147 17322.1547   35  606          - 16922.7472      -   386  675s
  5719  4210 17473.7393   44  464          - 16922.7472      -   372  694s
  5820  4291 18177.0455   50  365          - 16922.7472      -   373  709s
  5845  4291 17488.7060   38  405          - 16922.7472      -   375  710s
  5901  4384 18252.7719   60  394          - 16922.7472      -   375  733s
  5994  4634 18648.0734   80  322          - 16922.7472      -   375  752s
  6244  4807 19496.2311  108  225          - 16922.7472      -   370  772s
  6445  4991 20157.4205  139  246          - 16922.7472      -   368  793s
  6613  4991 21760.3044  186   98          - 16922.7472      -   364  795s
  6645  5009 infeasible  185               - 16937.9637      -   365  810s
  6709  5079 17736.1582   31  557          - 16937.9637      -   368  826s
  6779  5176 17896.8709   44  442          - 16937.9637      -   371  842s
  6878  5293 18068.3212   57  348          - 16937.9637      -   371  861s
  6995  5456 18505.7201   74  281          - 16937.9637      -   371  880s
  7158  5837 18658.7809   95  331          - 16937.9637      -   369  903s
  7286  5837 19939.4780  181  187          - 16937.9637      -   367  905s
  7551  6127 18963.6554  121  279          - 16937.9637      -   358  928s
  7687  6127 19694.7182  164  146          - 16937.9637      -   356  930s
  7879  6312 20358.4898  172  167          - 16942.4287      -   351  948s
  8065  6312 22121.2070  231   85          - 16942.4287      -   346  950s
  8136  6338 17303.1720   27  609          - 16942.4287      -   346  960s
  8162  6375 18181.3905   34  496          - 16942.4287      -   348  972s
  8199  6420 18512.2181   38  497          - 16942.4287      -   350  987s
  8244  6488 18495.9370   46  576          - 16942.4287      -   352 1002s
  8312  6572 18574.1333   47  564          - 16942.4287      -   353 1018s
  8398  6758 18798.8345   56  405          - 16942.4287      -   354 1039s
  8468  6758 20188.3992  132  239          - 16942.4287      -   354 1040s
  8586  6834 19620.2339   71  405          - 16942.4287      -   352 1058s
  8682  6959 19945.8653   89  333          - 16942.4287      -   353 1078s
  8807  7059 20387.5122  106  304          - 16942.4287      -   354 1161s
  8907  7454 21206.2951  118  221          - 16942.4287      -   354 1189s
  8959  7454 21373.0128  140  220          - 16942.4287      -   354 1190s
  9162  7454 18619.1626  109  130          - 16942.4287      -   351 1196s
  9330  7752 22494.2108  183  194          - 16948.3268      -   348 1222s
  9573  7752 23736.6852  250   69          - 16948.3268      -   342 1225s
  9730  7799 17255.0937   33  605          - 16948.3268      -   340 1242s
  9777  7852 17619.2849   41  585          - 16948.3268      -   342 1258s
  9832  7936 17859.5326   50  513          - 16948.3268      -   343 1275s
  9916  8025 18074.8556   61  389          - 16948.3268      -   344 1295s
 10035  8079 19418.1530   83  355          - 16959.1995      -   345 1314s
 10086  8079 17384.9996   32  685          - 16959.1995      -   345 1315s
 10107  8134 17506.9489   37  323          - 16959.1995      -   346 1332s
 10162  8230 18187.5647   48  315          - 16959.1995      -   348 1355s
 10260  8396 18797.0732   71  241          - 16959.1995      -   349 1379s
 10286  8396 18873.4626   82  236          - 16959.1995      -   348 1380s
 10426  8725 19904.7418  115  182          - 16969.3865      -   348 1413s
 10593  8725 20817.3652  170  111          - 16969.3865      -   345 1415s
 10865  8867 17397.7846   27  596          - 16969.3865      -   341 1437s
 11018  8890 18264.2936   38  424          - 16969.3865      -   341 1457s
 11057  8938 18144.6565   43  426          - 16969.3865      -   343 1475s
 11105  8990 18340.4620   53  428          - 16969.3865      -   344 1492s
 11157  9077 18469.4685   61  436          - 16969.3865      -   345 1511s
 11244  9175 18919.1275   79  384          - 16969.3865      -   345 1531s
 11344  9373 19569.7647  102  213          - 16969.3865      -   346 1553s
 11542  9569 20671.6248  143  202          - 16974.3046      -   345 1579s
 11569  9569 20725.3071  152  154          - 16974.3046      -   345 1580s
 11781  9621 17353.4644   32  528          - 16974.9866      -   344 1600s
 11835  9735 18213.6171   48  278          - 16974.9866      -   346 1620s
 11953 10024 18781.6502   75  275          - 16974.9866      -   346 1647s
 12172 10024 19370.0946  120  124          - 16974.9866      -   344 1650s
 12321 10124 19581.8048  109  196          - 16977.1293      -   341 1675s
 12471 10165 17403.1939   33  753          - 16977.1293      -   342 1693s
 12512 10225 18139.1352   45  425          - 16977.1293      -   343 1713s
 12572 10301 18391.4368   62  283          - 16977.1293      -   344 1732s
 12648 10419 18449.4097   84  271          - 16977.1293      -   345 1753s
 12766 10581 19545.7427  118  169          - 16978.6318      -   346 1776s
 12946 10813 17440.1261   36  606          - 16978.6318      -   346 1803s
 13112 10813 22014.7930  180   80          - 16978.6318      -   345 1805s
 13250 10857 17812.7539   44  505          - 16978.6318      -   343 1825s
 13296 10936 18109.5378   53  464          - 16978.6318      -   344 1846s
 13375 11032 18464.6344   67  339          - 16978.6318      -   345 1866s
 13471 11147 18942.9851   83  263          - 16978.6318      -   346 1888s
 13586 11323 19902.3789  109  269          - 16978.6318      -   346 1911s
 13774 11514 20113.6710  140  184          - 16988.8656      -   346 1939s
 13853 11514 20619.1712  168  173          - 16988.8656      -   345 1940s
 14063 11556 17303.5594   28  591          - 16990.0814      -   342 1961s
 14105 11620 18020.9451   38  400          - 16990.0814      -   344 1981s
 14169 11716 18279.7177   55  359          - 16990.0814      -   345 2003s
 14265 11945 18858.5796   86  214          - 16990.0814      -   345 2028s
 14403 11945 19324.8314  155  106          - 16990.0814      -   344 2030s
 14518 12155 19988.6936  178  122          - 16990.2932      -   343 2053s
 14745 12155 19653.9470  129  122          - 16990.2932      -   342 2056s
 14772 12188 17595.1870   37  474          - 16990.2932      -   341 2139s
 14819 12644 17824.6698   43  358          - 16990.2932      -   343 2231s
 15279 12956 18368.6255   76  257          - 16990.2932      -   345 2281s
 15530 12956 22146.1062  191   67          - 16990.2932      -   343 2285s
 15648 13174 19126.5851   97  209          - 16991.7295      -   342 2327s
 15946 13227 17119.0485   31  645          - 16991.7295      -   341 2358s
 15999 13341 18003.5033   44  318          - 16991.7295      -   343 2389s
 16113 13645 18513.4785   57  288          - 16991.7295      -   344 2426s
 16386 13645 18842.3344  165  135          - 16991.7295      -   342 2430s
 16419 14378 18911.1732  116  143          - 16992.9683      -   342 2470s
 17347 14414 18073.4035   34  470          - 16993.3298      -   330 2497s
 17378 14455 infeasible   45               - 16993.3298      -   331 2515s
 17421 14504 18997.7206   53  258          - 16993.3298      -   332 2534s
 17450 14504 17782.3626   54  419          - 16993.3298      -   332 2535s
 17470 14560 19389.8916   64  294          - 16993.3298      -   333 2553s
 17528 14654 19698.1815   78  236          - 16993.3298      -   333 2576s
 17624 14802 20026.2491  104  139          - 16993.3298      -   334 2602s
 17774 15073 20532.5036  149  113          - 16993.3557      -   333 2631s
 18051 15077 23623.8736  233   12          - 16993.3557      -   329 2635s
 18131 15147 17616.4185   33  427          - 16993.3557      -   330 2654s
 18191 15217 17937.9540   43  357          - 16993.3557      -   331 2674s
 18261 15420 18684.0469   52  349          - 16993.3557      -   332 2699s
 18470 15579 infeasible   66               - 16993.3557      -   331 2722s
 18665 15650 19802.0422  101  226          - 16996.0590      -   330 2748s
 18772 15718 17933.6451   31  462          - 16996.0590      -   330 2769s
 18846 15831 18748.0601   50  323          - 16996.0590      -   331 2813s
 18884 15831 19124.7172   69  250          - 16996.0590      -   331 2822s
 18981 16048 19217.4864   76  249          - 16996.0590      -   330 2847s
 19232 16165 19650.9828  113  135          - 17002.6307      -   329 2875s
 19410 16200 17232.8257   31  541          - 17002.6307      -   329 2903s
 19447 16260 18162.6166   40  430          - 17002.6307      -   330 2924s
 19509 16319 18914.4570   58  300          - 17002.6307      -   331 2959s
 19541 16319 19457.0587   73  253          - 17002.6307      -   332 2960s
 19572 16485 19441.2844   74  247          - 17002.6307      -   333 3113s
 19598 16485 19513.9912   86  236          - 17002.6307      -   333 3115s
 19740 16809 infeasible  120               - 17003.6341      -   332 3144s
 19766 16809 20248.2168  133   95          - 17003.6341      -   332 3145s
 19792 16809 20287.0615  143  126          - 17003.6341      -   331 3160s
 20138 17055 17886.2031   37  545          - 17003.6341      -   329 3191s
 20424 17105 18987.3111   49  354          - 17003.6341      -   326 3215s
 20476 17155 19481.0897   60  371          - 17003.6341      -   327 3253s
 20526 17234 20979.5405   69  218          - 17003.6341      -   329 3275s
 20609 17363 19829.5835   90  332          - 17003.6341      -   329 3300s
 20740 17575 20766.2652  130  111          - 17007.1803      -   329 3328s
 21002 17769 17982.1341   38  585          - 17007.1803      -   328 3356s
 21198 18150 18346.9934   52  368          - 17007.1803      -   327 3386s
 21579 18163 22996.7600  309    6          - 17007.1803      -   323 3390s
 21684 18269 18946.6308   67  373          - 17007.1803      -   322 3412s
 21777 18357 19875.6262  104  236          - 17008.2545      -   323 3444s
 21831 18357 19978.6432  124  177          - 17008.2545      -   323 3445s
 21884 18581 17358.7219   31  722          - 17008.2545      -   323 3474s
 22114 18813 19217.9355   47  366          - 17008.2545      -   322 3504s
 22408 18912 20039.9457   59  456          - 17008.2545      -   320 3532s
 22503 19314 20962.0782   89  172          - 17008.4119      -   320 3575s
 22960 19402 17695.6441   33  573          - 17008.4119      -   318 3600s

Cutting planes:
  User: 11000
  Gomory: 75
  Cover: 581
  Implied bound: 61
  Clique: 8
  MIR: 430
  StrongCG: 2
  Flow cover: 861
  Zero half: 11
  RLT: 508
  Relax-and-lift: 13
  Lazy constraints: 120

Explored 23037 nodes (7347204 simplex iterations) in 3600.84 seconds
Thread count was 2 (of 32 available processors)

Solution count 0

Time limit reached
Best objective -, best bound 1.700841188413e+04, gap -

User-callback calls 310044, time in user-callback 291.86 sec
================================================================================
executing instance: ./input/Instances/Original/6/absH6high_1n20.dat
--------------------------------------------------------------------------------
Instance details
n	21
H	6
C	1651
Li:
[0, 0, 0, 0, 0, 0, 0, 0, 0, 0, 0, 0, 0, 0, 0, 0, 0, 0, 0, 0, 0, ]
Ui:
[0, 36, 182, 182, 90, 261, 117, 30, 110, 42, 276, 153, 40, 94, 144, 46, 129, 213, 264, 160, 174, ]
Distance matrix:
|0	371	401	343	361	341	370	115	392	400	79	266	292	245	355	431	265	194	95	92	348	|
|371	0	37	141	110	250	117	438	67	131	372	305	115	238	247	255	235	296	392	430	185	|
|401	37	0	175	100	284	146	472	90	156	406	342	152	275	280	282	242	333	415	455	178	|
|343	141	175	0	239	110	38	374	95	60	314	182	67	130	106	127	318	201	397	423	303	|
|361	110	100	239	0	341	222	451	177	240	385	374	190	304	341	361	151	345	354	398	78	|
|341	250	284	110	341	0	143	337	203	151	289	102	152	97	15	95	394	156	415	431	398	|
|370	117	146	38	222	143	0	407	61	30	346	220	81	167	137	139	317	237	417	447	292	|
|115	438	472	374	451	337	407	0	443	434	66	241	339	251	351	431	374	181	201	177	450	|
|392	67	90	95	177	203	61	443	0	66	379	275	104	216	197	193	294	283	427	461	252	|
|400	131	156	60	240	151	30	434	66	0	374	237	112	189	142	127	344	261	448	477	312	|
|79	372	406	314	385	289	346	66	379	374	0	202	275	197	304	383	316	134	175	166	388	|
|266	305	342	182	374	102	220	241	275	237	202	0	191	70	117	196	386	73	352	359	415	|
|292	115	152	67	190	152	81	339	104	112	275	191	0	123	154	193	252	183	336	366	246	|
|245	238	275	130	304	97	167	251	216	189	197	70	123	0	110	187	322	72	319	334	346	|
|355	247	280	106	341	15	137	351	197	142	304	117	154	110	0	80	399	171	427	444	400	|
|431	255	282	127	361	95	139	431	193	127	383	196	193	187	80	0	444	251	499	519	429	|
|265	235	242	318	151	394	317	374	294	344	316	386	252	322	399	444	0	332	226	273	97	|
|194	296	333	201	345	156	237	181	283	261	134	73	183	72	171	251	332	0	279	286	375	|
|95	392	415	397	354	415	417	201	427	448	175	352	336	319	427	499	226	279	0	47	321	|
|92	430	455	423	398	431	447	177	461	477	166	359	366	334	444	519	273	286	47	0	368	|
|348	185	178	303	78	398	292	450	252	312	388	415	246	346	400	429	97	375	321	368	0	|

--------------------------------------------------------------------------------
Building model...
	using lazy and cut (CVRPSEP package)
Solving IRP LP...
--------------------------------------------------------------------------------

Gurobi 9.1.0 (linux64) logging started Fri Jan 29 03:23:10 2021

Gurobi Optimizer version 9.1.0 build v9.1.0rc0 (linux64)
Thread count: 32 physical cores, 32 logical processors, using up to 2 threads
Optimize a model with 1419 rows, 6171 columns and 23007 nonzeros
Model fingerprint: 0x7899fe4a
Variable types: 627 continuous, 5544 integer (504 binary)
Coefficient statistics:
  Matrix range     [1e+00, 5e+02]
  Objective range  [1e-01, 5e+02]
  Bounds range     [1e+00, 3e+02]
  RHS range        [1e+01, 3e+03]
Presolve removed 147 rows and 21 columns
Presolve time: 0.05s
Presolved: 1272 rows, 6150 columns, 21859 nonzeros
Variable types: 606 continuous, 5544 integer (5064 binary)

Root relaxation: objective 1.357215e+04, 1647 iterations, 0.05 seconds

    Nodes    |    Current Node    |     Objective Bounds      |     Work
 Expl Unexpl |  Obj  Depth IntInf | Incumbent    BestBd   Gap | It/Node Time

     0     0 13572.1487    0  222          - 13572.1487      -     -    0s
     0     0 13768.4040    0  225          - 13768.4040      -     -    0s
     0     0 13778.1339    0  224          - 13778.1339      -     -    0s
     0     0 13778.5353    0  220          - 13778.5353      -     -    0s
     0     0 13778.5516    0  226          - 13778.5516      -     -    0s
     0     0 14035.7295    0  293          - 14035.7295      -     -    0s
     0     0 14082.3389    0  329          - 14082.3389      -     -    1s
     0     0 14130.6772    0  298          - 14130.6772      -     -    1s
     0     0 14130.9776    0  305          - 14130.9776      -     -    1s
     0     0 14131.3789    0  288          - 14131.3789      -     -    1s
     0     0 14131.3789    0  288          - 14131.3789      -     -    1s
     0     0 14272.2512    0  304          - 14272.2512      -     -    1s
     0     0 14307.0014    0  292          - 14307.0014      -     -    1s
     0     0 14309.0851    0  334          - 14309.0851      -     -    1s
     0     0 14309.4077    0  339          - 14309.4077      -     -    1s
     0     0 14378.9875    0  382          - 14378.9875      -     -    2s
     0     0 14452.5317    0  372          - 14452.5317      -     -    2s
     0     0 14459.4429    0  345          - 14459.4429      -     -    3s
     0     0 14460.5769    0  379          - 14460.5769      -     -    3s
     0     0 14462.4745    0  386          - 14462.4745      -     -    4s
     0     0 14462.6665    0  368          - 14462.6665      -     -    4s
     0     0 14507.1242    0  393          - 14507.1242      -     -    4s
     0     0 14522.1637    0  382          - 14522.1637      -     -    4s
     0     0 14523.7005    0  397          - 14523.7005      -     -    4s
     0     0 14524.5932    0  431          - 14524.5932      -     -    4s
     0     0 14565.1590    0  423          - 14565.1590      -     -    5s
     0     0 14567.4596    0  470          - 14567.4596      -     -    5s
     0     0 14567.5445    0  508          - 14567.5445      -     -    5s
     0     0 14586.2238    0  418          - 14586.2238      -     -    5s
     0     0 14595.0294    0  478          - 14595.0294      -     -    5s
     0     0 14595.5105    0  499          - 14595.5105      -     -    5s
     0     0 14614.9743    0  480          - 14614.9743      -     -    6s
     0     0 14627.6862    0  422          - 14627.6862      -     -    6s
     0     0 14640.3176    0  435          - 14640.3176      -     -    6s
     0     0 14643.0714    0  320          - 14643.0714      -     -    6s
     0     0 14645.3080    0  356          - 14645.3080      -     -    6s
     0     0 14647.4406    0  394          - 14647.4406      -     -    7s
     0     0 14663.6070    0  394          - 14663.6070      -     -    7s
     0     0 14666.0099    0  409          - 14666.0099      -     -    7s
     0     0 14666.2686    0  390          - 14666.2686      -     -    7s
     0     0 14670.0266    0  443          - 14670.0266      -     -    7s
     0     0 14674.1615    0  434          - 14674.1615      -     -    8s
     0     0 14675.9848    0  381          - 14675.9848      -     -    8s
     0     0 14677.6866    0  440          - 14677.6866      -     -    8s
     0     0 14680.4067    0  468          - 14680.4067      -     -    8s
     0     0 14680.5514    0  429          - 14680.5514      -     -    8s
     0     0 14686.8881    0  420          - 14686.8881      -     -    8s
     0     0 14699.0433    0  440          - 14699.0433      -     -    8s
     0     0 14699.2938    0  451          - 14699.2938      -     -    8s
     0     0 14699.6404    0  484          - 14699.6404      -     -    9s
     0     0 14699.6404    0  440          - 14699.6404      -     -    9s
     0     2 14700.6665    0  441          - 14700.6665      -     -   10s
    13    16 14766.3861    5  526          - 14738.0684      -  1417   15s
    29    33 14814.9907    8  509          - 14738.0684      -  1482   21s
    57    63 14887.2037   16  505          - 14738.0684      -  1092   25s
    84    92 15124.0099   26  492          - 14738.0684      -  1019   30s
   122   133 15427.2310   36  394          - 14738.0684      -   901   35s
   166   176 15795.2537   47  389          - 14738.0684      -   773   48s
   189   198 16142.0795   57  317          - 14738.0684      -   729   50s
   272   294 17314.1797   81  273          - 14738.0684      -   582   56s
   360   364 14770.7765    4  607          - 14738.0684      -   485   61s
   390   388 14843.6306    8  658          - 14738.0684      -   500   65s
   418   408 15138.6425   16  484          - 14738.0684      -   518   70s
   449   444 15366.6505   25  484          - 14738.0684      -   539   76s
   470   456 15577.6241   36  466          - 14738.0684      -   545   89s
   473   464 15600.6041   37  485          - 14738.0684      -   550   91s
   496   483 15366.0839   19  561          - 14738.0684      -   566   95s
   526   522 15956.1565   55  391          - 14738.0684      -   577  101s
   560   557 16222.1919   67  333          - 14738.0684      -   575  106s
   603   604 16590.7564   82  305          - 14738.0684      -   562  111s
   664   692 17873.2771  104  262          - 14738.0684      -   548  116s
   725   695 15817.8892   54  232          - 14738.0684      -   521  126s
   737   703 15540.8278   35  562          - 14840.8506      -   513  130s
   750   712 15374.2748   23  630          - 14859.0762      -   504  135s
   761   719 14873.2310    4  580          - 14873.2310      -   497  140s
   772   726 15135.6077   28  615          - 14875.2126      -   490  145s
   784   737 14905.8440   15  562          - 14893.5559      -   535  150s
   799   747 14908.7508   19  552          - 14907.1751      -   557  155s
   818   764 14910.1604   24  557          - 14910.1604      -   571  170s
   846   779 14921.0659   31  572          - 14913.6381      -   581  176s
   863   793 14933.4273   35  548          - 14913.6381      -   586  180s
   888   810 14964.5347   41  589          - 14913.6381      -   591  185s
   904   823 15007.7227   44  520          - 14913.6381      -   601  190s
   918   831 15033.8564   47  514          - 14913.6381      -   606  195s
   944   850 15234.4388   53  536          - 14913.6381      -   614  201s
   970   869 15270.8486   58  539          - 14913.6381      -   618  206s
   990   885 15247.3846   62  469          - 14913.6381      -   619  210s
  1030   917 15471.4329   67  553          - 14913.6381      -   619  217s
  1061   939 15690.8046   72  515          - 14913.6381      -   619  222s
  1100   964 15885.8728   76  539          - 14913.6381      -   617  227s
  1118   990 16104.1786   78  482          - 14913.6381      -   619  231s
  1194  1062 16174.8021   87  409          - 14913.6381      -   602  237s
  1249  1084 16347.9114   94  402          - 14913.6381      -   587  240s
  1343  1164 16723.6638  105  323          - 14913.6381      -   567  247s
  1409  1213 16988.4966  115  326          - 14913.6381      -   551  250s
  1546  1309 17905.3992  131  318          - 14913.6381      -   521  257s
  1622  1380 18153.0963  139  294          - 14913.6381      -   505  261s
  1761  1353 infeasible  349               - 14913.6381      -   479  265s
  1805  1401 19142.5171  180  270          - 14913.6381      -   479  272s
  1849  1429 20076.9781  202  245          - 14913.6381      -   477  275s
  1892  1460 20418.9568  222  234          - 14913.6381      -   473  280s
  1978  1511 21017.9463  260  201          - 14913.6381      -   473  287s
  2019  1552 21457.8143  278  233          - 14913.6381      -   471  291s
  2087  1540 22455.0677  310  187          - 14913.9401      -   465  297s
  2122  1543 15081.6276   19  588          - 14913.9401      -   467  301s
  2137  1546 15258.2210   23  588          - 14913.9401      -   472  305s
  2153  1562 15117.0576   26  682          - 14913.9401      -   483  313s
  2166  1572 15188.4081   29  630          - 14913.9401      -   487  317s
  2180  1587 15309.5910   32  600          - 14913.9401      -   492  321s
  2200  1590 15255.9621   33  619          - 14913.9401      -   493  325s
  2225  1619 15508.2782   36  541          - 14913.9401      -   501  333s
  2247  1638 15590.4133   37  521          - 14913.9401      -   504  338s
  2273  1667 15533.1579   42  469          - 14913.9401      -   505  343s
  2311  1700 15459.2695   46  528          - 14913.9401      -   504  348s
  2357  1731 15577.2483   49  469          - 14913.9401      -   503  355s
  2415  1731 15541.6844   55  432          - 14913.9401      -   501  363s
  2434  1740 15657.2838   58  442          - 14913.9401      -   506  368s
