




arguments: ./build/mirp_solver -f ./input/orig_exec_333.cfg
Current dir: /scratch/gui/bnc_mirp
File verbosity level: 9
date       time         ( uptime  ) [ thread name/id ]                   file:line     v| 
2021-01-23 10:39:07.787 (   0.047s) [main thread     ]             loguru.cpp:789   INFO| Logging to './output/vi_cos/OU/V4/Original/execution_23_01_2021_10_39_07.log', mode: 'a', verbosity: 9
--------------------------------------------------------------------------------
Parameters
                           instance_path           ./input/Instances/Original/2/
                            model_policy                                       1
                             nb_vehicles                                       4
                              output_dir         ./output/vi_cos/OU/V4/Original/
                            sec_strategy                                       1
                       solver_nb_threads                                       2
                         solver_show_log                                    true
                       solver_time_limit                                    3600
                              use_vi_cos                                    true
                              use_vi_cus                                   false
                         use_vi_hc1_full                                   false
                         use_vi_hc1_half                                   false
                      use_vi_hc1_quarter                                   false
                              use_vi_hc2                                   false
                              use_vi_hc3                                   false
                         use_vi_lex_full                                   false
                         use_vi_lex_half                                   false
                      use_vi_lex_quarter                                   false
                              use_vi_qua                                   false
                               use_vi_vc                                   false
                               use_vi_vr                                   false
--------------------------------------------------------------------------------
executing instance: ./input/Instances/Original/2/absH3high_3n40.dat
--------------------------------------------------------------------------------
Instance details
n	41
H	3
C	3283
Li:
[0, 0, 0, 0, 0, 0, 0, 0, 0, 0, 0, 0, 0, 0, 0, 0, 0, 0, 0, 0, 0, 0, 0, 0, 0, 0, 0, 0, 0, 0, 0, 0, 0, 0, 0, 0, 0, 0, 0, 0, 0, ]
Ui:
[0, 63, 111, 99, 96, 111, 282, 122, 156, 261, 42, 192, 126, 42, 162, 207, 159, 122, 102, 190, 118, 102, 132, 102, 165, 252, 66, 52, 22, 114, 210, 176, 116, 294, 78, 152, 210, 45, 130, 198, 174, ]
Distance matrix:
|0	208	225	252	227	143	258	127	267	150	28	83	163	286	57	149	201	137	214	255	70	73	107	186	328	266	249	343	222	177	293	144	262	215	167	120	169	218	143	173	255	|
|208	0	397	355	416	198	216	99	211	275	193	172	97	166	240	225	362	109	277	314	182	216	273	374	298	208	319	161	14	103	93	120	58	196	152	156	372	227	260	218	453	|
|225	397	0	427	53	364	482	343	492	129	253	225	382	386	171	188	39	291	187	195	295	182	282	55	326	491	180	551	408	315	457	366	455	275	392	244	221	439	341	214	101	|
|252	355	427	0	401	158	201	263	219	396	234	328	259	498	299	400	420	354	465	506	205	324	152	374	574	219	499	393	366	389	446	235	378	456	205	359	224	150	111	423	400	|
|227	416	53	401	0	357	477	352	489	165	253	245	389	424	179	223	85	315	234	245	293	200	264	42	375	488	231	565	428	344	484	370	474	314	392	270	184	430	325	252	50	|
|143	198	364	158	357	0	121	105	134	290	116	196	103	342	200	276	343	205	343	385	74	210	112	319	432	133	382	265	209	237	290	78	226	313	57	220	232	75	69	292	375	|
|258	216	482	201	477	121	0	168	18	397	230	293	135	381	314	372	459	275	437	480	188	317	228	439	501	18	479	197	222	296	290	132	212	386	95	306	347	58	173	381	496	|
|127	99	343	263	352	105	168	0	171	239	105	130	40	237	173	206	313	109	270	312	84	164	175	310	337	169	313	216	112	135	192	37	142	220	77	138	280	155	162	213	382	|
|267	211	492	219	489	134	18	171	0	404	240	298	136	376	323	376	468	276	441	483	198	324	243	450	500	2	483	181	215	294	281	136	202	386	102	309	363	75	189	384	509	|
|150	275	129	396	165	290	397	239	404	0	175	110	279	259	97	59	91	166	84	116	217	80	245	130	226	402	106	434	286	187	329	269	333	149	302	119	244	364	291	87	213	|
|28	193	253	234	253	116	230	105	240	175	0	94	139	286	84	167	229	136	234	275	43	96	98	212	341	238	271	320	206	175	281	118	244	225	140	128	180	191	124	189	280	|
|83	172	225	328	245	196	293	130	298	110	94	0	169	209	77	80	191	71	147	189	127	45	189	203	247	296	187	327	184	106	241	162	230	132	198	38	242	266	217	96	285	|
|163	97	382	259	389	103	135	40	136	279	139	169	0	253	212	244	353	141	307	349	110	203	194	347	366	133	350	183	107	161	187	27	124	251	56	175	306	133	169	249	418	|
|286	166	386	498	424	342	381	237	376	259	286	209	253	0	284	201	347	151	210	230	299	247	383	387	155	374	242	290	162	112	129	270	192	113	308	172	451	386	391	172	471	|
|57	240	171	299	179	200	314	173	323	97	84	77	212	284	0	112	145	147	170	208	127	38	148	137	299	321	201	386	253	183	315	195	297	195	222	112	171	275	195	142	214	|
|149	225	188	400	223	276	372	206	376	59	167	80	244	201	112	0	149	117	67	110	205	78	254	186	187	374	108	387	235	132	272	240	283	93	277	71	279	346	291	32	270	|
|201	362	39	420	85	343	459	313	468	91	229	191	353	347	145	149	0	254	149	160	272	150	271	66	290	466	146	518	373	278	419	339	420	235	367	207	227	418	327	175	135	|
|137	109	291	354	315	205	275	109	276	166	136	71	141	151	147	117	254	0	172	212	151	116	232	273	229	274	215	270	119	39	170	145	167	111	186	47	305	263	245	113	356	|
|214	277	187	465	234	343	437	270	441	84	234	147	307	210	170	67	149	172	0	42	272	141	317	205	144	439	43	437	284	175	307	305	331	99	343	132	327	413	357	60	283	|
|255	314	195	506	245	385	480	312	483	116	275	189	349	230	208	110	160	212	42	0	314	182	356	222	132	481	15	474	321	212	337	347	367	126	385	174	358	455	398	100	295	|
|70	182	295	205	293	74	188	84	198	217	43	127	110	299	127	205	272	151	272	314	0	137	91	253	370	196	310	292	195	188	274	85	226	252	99	155	197	148	94	223	316	|
|73	216	182	324	200	210	317	164	324	80	96	45	203	247	38	78	150	116	141	182	137	0	176	158	263	323	176	369	229	150	286	191	274	157	223	77	208	284	216	106	239	|
|107	273	282	152	264	112	228	175	243	245	98	189	194	383	148	254	271	232	317	356	91	176	0	231	435	242	349	371	286	271	365	167	315	321	164	224	120	174	61	280	274	|
|186	374	55	374	42	319	439	310	450	130	212	203	347	387	137	186	66	273	205	222	253	158	231	0	348	448	208	523	386	303	442	329	431	279	352	229	167	392	291	217	85	|
|328	298	326	574	375	432	501	337	500	226	341	247	366	155	299	187	290	229	144	132	370	263	435	348	0	498	147	441	299	206	283	374	338	119	414	215	465	492	463	157	425	|
|266	208	491	219	488	133	18	169	2	402	238	296	133	374	321	374	466	274	439	481	196	323	242	448	498	0	481	180	213	292	278	134	200	384	100	307	362	75	188	381	508	|
|249	319	180	499	231	382	479	313	483	106	271	187	350	242	201	108	146	215	43	15	310	176	349	208	147	481	0	480	326	217	346	347	373	135	385	175	347	454	392	103	280	|
|343	161	551	393	565	265	197	216	181	434	320	327	183	290	386	387	518	270	437	474	292	369	371	523	441	180	480	0	153	263	163	207	107	352	208	317	487	244	334	379	598	|
|222	14	408	366	428	209	222	112	215	286	206	184	107	162	253	235	373	119	284	321	195	229	286	386	299	213	326	153	0	109	81	132	48	201	162	167	386	236	272	226	466	|
|177	103	315	389	344	237	296	135	294	187	175	106	161	112	183	132	278	39	175	212	188	150	271	303	206	292	217	263	109	0	142	171	156	95	211	74	344	289	281	118	386	|
|293	93	457	446	484	290	290	192	281	329	281	241	187	129	315	272	419	170	307	337	274	286	365	442	283	278	346	163	81	142	0	212	79	211	241	214	461	311	353	254	525	|
|144	120	366	235	370	78	132	37	136	269	118	162	27	270	195	240	339	145	305	347	85	191	167	329	374	134	347	207	132	171	212	0	151	257	40	174	280	119	142	248	398	|
|262	58	455	378	474	226	212	142	202	333	244	230	124	192	297	283	420	167	331	367	226	274	315	431	338	200	373	107	48	156	79	151	0	245	173	214	421	237	293	273	510	|
|215	196	275	456	314	313	386	220	386	149	225	132	251	113	195	93	235	111	99	126	252	157	321	279	119	384	135	352	201	95	211	257	245	0	297	97	365	374	345	62	362	|
|167	152	392	205	392	57	95	77	102	302	140	198	56	308	222	277	367	186	343	385	99	223	164	352	414	100	385	208	162	211	241	40	173	297	0	213	283	79	126	287	415	|
|120	156	244	359	270	220	306	138	309	119	128	38	175	172	112	71	207	47	132	174	155	77	224	229	215	307	175	317	167	74	214	174	214	97	213	0	280	286	248	75	313	|
|169	372	221	224	184	232	347	280	363	244	180	242	306	451	171	279	227	305	327	358	197	208	120	167	465	362	347	487	386	344	461	280	421	365	283	280	0	291	175	310	176	|
|218	227	439	150	430	75	58	155	75	364	191	266	133	386	275	346	418	263	413	455	148	284	174	392	492	75	454	244	236	289	311	119	237	374	79	286	291	0	116	359	445	|
|143	260	341	111	325	69	173	162	189	291	124	217	169	391	195	291	327	245	357	398	94	216	61	291	463	188	392	334	272	281	353	142	293	345	126	248	175	116	0	313	335	|
|173	218	214	423	252	292	381	213	384	87	189	96	249	172	142	32	175	113	60	100	223	106	280	217	157	381	103	379	226	118	254	248	273	62	287	75	310	359	313	0	300	|
|255	453	101	400	50	375	496	382	509	213	280	285	418	471	214	270	135	356	283	295	316	239	274	85	425	508	280	598	466	386	525	398	510	362	415	313	176	445	335	300	0	|

--------------------------------------------------------------------------------
Building model...
	using lazy and cut (CVRPSEP package)
Solving IRP LP...
--------------------------------------------------------------------------------

Gurobi 9.1.0 (linux64) logging started Sat Jan 23 10:39:07 2021

Gurobi Optimizer version 9.1.0 build v9.1.0rc0 (linux64)
Thread count: 32 physical cores, 32 logical processors, using up to 2 threads
Optimize a model with 1400 rows, 10976 columns and 39794 nonzeros
Model fingerprint: 0x17841131
Variable types: 644 continuous, 10332 integer (492 binary)
Coefficient statistics:
  Matrix range     [1e+00, 8e+02]
  Objective range  [1e-01, 6e+02]
  Bounds range     [1e+00, 3e+02]
  RHS range        [1e+01, 6e+03]
Presolve removed 164 rows and 41 columns
Presolve time: 0.07s
Presolved: 1236 rows, 10935 columns, 38589 nonzeros
Variable types: 603 continuous, 10332 integer (9852 binary)

Root relaxation: objective 1.234247e+04, 1257 iterations, 0.05 seconds

    Nodes    |    Current Node    |     Objective Bounds      |     Work
 Expl Unexpl |  Obj  Depth IntInf | Incumbent    BestBd   Gap | It/Node Time

     0     0 12342.4721    0  148          - 12342.4721      -     -    0s
     0     0 12759.8942    0  162          - 12759.8942      -     -    0s
     0     0 12764.9865    0  168          - 12764.9865      -     -    0s
     0     0 12765.5579    0  166          - 12765.5579      -     -    0s
     0     0 13427.8179    0  224          - 13427.8179      -     -    1s
     0     0 13452.8029    0  222          - 13452.8029      -     -    1s
     0     0 13452.8029    0  233          - 13452.8029      -     -    1s
     0     0 13557.3936    0  266          - 13557.3936      -     -    1s
     0     0 13562.2141    0  276          - 13562.2141      -     -    1s
     0     0 13563.9337    0  247          - 13563.9337      -     -    1s
     0     0 13563.9435    0  268          - 13563.9435      -     -    1s
     0     0 13648.7613    0  237          - 13648.7613      -     -    2s
     0     0 13654.4984    0  268          - 13654.4984      -     -    2s
     0     0 13664.8923    0  283          - 13664.8923      -     -    2s
     0     0 13667.2749    0  243          - 13667.2749      -     -    2s
     0     0 13667.3242    0  281          - 13667.3242      -     -    2s
     0     0 13720.0077    0  342          - 13720.0077      -     -    3s
     0     0 13734.0755    0  355          - 13734.0755      -     -    3s
     0     0 13741.8857    0  341          - 13741.8857      -     -    4s
     0     0 13760.2414    0  338          - 13760.2414      -     -    4s
     0     0 13767.6709    0  387          - 13767.6709      -     -    4s
     0     0 13769.0180    0  388          - 13769.0180      -     -    4s
     0     0 13837.3442    0  353          - 13837.3442      -     -    5s
     0     0 13854.2065    0  350          - 13854.2065      -     -    5s
     0     0 13860.4560    0  419          - 13860.4560      -     -    5s
     0     0 13864.4618    0  402          - 13864.4618      -     -    5s
     0     0 13865.1365    0  415          - 13865.1365      -     -    5s
     0     0 13880.6373    0  426          - 13880.6373      -     -    6s
     0     0 13882.1950    0  460          - 13882.1950      -     -    6s
     0     0 13887.0108    0  464          - 13887.0108      -     -    6s
     0     0 13887.0108    0  415          - 13887.0108      -     -    7s
     0     2 13888.9145    0  402          - 13888.9145      -     -    7s
    17    20 13906.9052    5  376          - 13898.1178      -   451   10s
    49    55 13985.1902   18  432          - 13898.1178      -   454   15s
   106   119 14312.8170   31  296          - 13898.1178      -   366   20s
   187   192 14439.4882   53  199          - 13898.1178      -   298   25s
   301   308 14469.6025  122  228          - 13898.1178      -   233   30s
   447   472 14502.1459  152  197          - 13898.1178      -   195   35s
   583   602 15606.1387  220   82          - 13898.1178      -   180   41s
   669   753 15664.4187  253   88          - 13898.1178      -   173   45s
   875   864 13929.2090   11  427          - 13902.3760      -   150   50s
   900   877 14150.9841   17  222          - 13902.3760      -   154   55s
   918   889 14523.3646  186  500          - 13906.1422      -   151   60s
   927   895 15669.4981  263  539          - 13925.6457      -   150   65s
   936   901 14505.9789  102  604          - 13933.7252      -   148   70s
   945   907 14711.6096   60  504          - 13940.1037      -   147   76s
   952   911 14502.9176  158  528          - 13943.4013      -   146   80s
   959   916 14896.7070  130  549          - 13946.5601      -   145   85s
   968   922 15287.8593  320  509          - 13948.9577      -   143   90s
   975   927 14488.4556   65  537          - 13949.6852      -   142   95s
   988   938 14015.2772   13  412          - 13952.1867      -   176  100s
  1008   954 13972.7723   18  538          - 13959.2552      -   183  105s
  1030   968 13993.5779   23  529          - 13959.2552      -   191  110s
  1060   991 14007.1763   30  487          - 13959.2552      -   202  116s
  1082  1005 14051.2589   35  491          - 13959.2552      -   208  120s
  1121  1037 14126.7763   42  328          - 13959.2552      -   217  126s
  1155  1059 14133.9631   48  383          - 13959.2552      -   222  130s
  1199  1096 14350.3533   55  368          - 13959.2552      -   225  135s
  1258  1130 14210.1679   66  371          - 13959.2552      -   226  140s
  1319  1174 14252.4227   75  375          - 13959.2552      -   228  145s
  1361  1212 14323.9972   81  333          - 13959.2552      -   231  150s
  1445  1268 14484.6116   94  280          - 13959.2552      -   232  157s
  1508  1329 14653.8706  106  257          - 13959.2552      -   233  162s
  1554  1368 14861.0875  113  229          - 13959.2552      -   231  166s
  1608  1416 14966.7551  119  248          - 13959.2552      -   228  170s
  1747  1460 17583.0708  268   56          - 13959.2552      -   221  175s
  1868  1600 15545.3855  149  208          - 13959.2552      -   212  181s
  1992  1609 15834.7774  166  164          - 13959.2552      -   202  186s
  2039  1689 16205.4959  185   93          - 13959.2552      -   200  190s
  2198  1738 17691.5347  260   37          - 13959.2552      -   191  195s
  2337  1779 19570.4624  329   16          - 13959.2552      -   184  200s
  2387  1778 14264.1588   21  395          - 13975.6062      -   186  207s
  2406  1787 14328.2317   24  341          - 13975.6062      -   189  211s
  2421  1809 14340.0071   27  275          - 13975.6062      -   192  217s
  2450  1821 14533.3954   35  264          - 13975.6062      -   195  221s
  2479  1844 14711.6913   39  257          - 13975.6062      -   198  227s
  2514  1877 14751.5374   46  166          - 13975.6062      -   201  232s
  2538  1895 14965.1963   53  168          - 13975.6062      -   202  235s
  2598  1947 15062.4943   64  172          - 13975.6062      -   203  242s
  2636  1977 15196.8946   72  146          - 13975.6062      -   203  246s
  2679  2041 15231.0317   80  157          - 13975.6062      -   204  250s
  2757  2116 15330.4100   89  102          - 13975.6062      -   202  256s
  2864  2166 15477.2062  109   96          - 13975.6062      -   199  261s
  2956  2182 15617.0560  126   78          - 13975.6062      -   198  266s
  3023  2212 15710.9544  133   61          - 13975.6062      -   195  271s
  3093  2259 15909.5198  153   46          - 13980.7393      -   195  278s
  3198  2235 14280.3317   18  432          - 13980.7393      -   194  283s
  3209  2242 14467.3272   22  439          - 13980.7393      -   196  287s
  3220  2249 14472.0758   23  467          - 13980.7393      -   197  291s
  3231  2254 14545.9676   26  401          - 13980.7393      -   199  296s
  3251  2264 14353.7079   28  382          - 13980.7393      -   202  300s
  3279  2291 14688.5205   35  332          - 13980.7393      -   204  307s
  3296  2311 14731.6411   36  331          - 13980.7393      -   206  312s
  3324  2334 14779.2894   41  261          - 13980.7393      -   207  316s
  3356  2371 14855.8036   48  234          - 13980.7393      -   208  321s
  3404  2411 15176.3202   62  208          - 13980.7393      -   209  327s
  3460  2451 15425.3260   77  164          - 13980.7393      -   210  333s
  3519  2508 15676.4870   90  174          - 13980.7393      -   210  339s
  3586  2485 15345.3500   87  113          - 13980.7393      -   210  340s
  3597  2539 15920.5142  104  159          - 13980.7393      -   210  345s
  3654  2630 15992.4521  116  175          - 13980.7393      -   211  352s
  3764  2741 16131.1891  133  173          - 13980.7393      -   209  360s
  3909  2822 16425.5111  166  136          - 13980.7393      -   206  369s
  3998  3000 16599.8293  176  104          - 13980.7393      -   205  379s
  4052  3000 16731.0653  187   95          - 13980.7393      -   204  380s
  4232  3079 16975.0271  199  112          - 13987.8055      -   200  391s
  4391  3088 14187.7693   19  528          - 13987.8055      -   198  399s
  4400  3104 14225.6027   23  415          - 13987.8055      -   200  406s
  4416  3123 14322.7293   27  378          - 13987.8055      -   202  412s
  4435  3143 14409.5903   30  328          - 13987.8055      -   203  419s
  4455  3165 14451.5219   32  333          - 13987.8055      -   205  425s
  4477  3194 14551.4447   36  279          - 13987.8055      -   206  432s
  4506  3232 14862.0314   39  230          - 13987.8055      -   208  439s
  4544  3279 14764.6019   49  247          - 13987.8055      -   209  446s
  4591  3334 14829.4945   57  218          - 13987.8055      -   210  454s
  4630  3334 14962.1904   75  148          - 13987.8055      -   210  455s
  4646  3404 15083.9048   73  176          - 13987.8055      -   211  463s
  4716  3532 15378.3974   94  123          - 13987.8055      -   211  473s
  4844  3699 15981.3824  123   83          - 13987.8055      -   210  486s
  5015  3946 16108.6945  161   42          - 13987.8136      -   207  498s
  5226  3949 16909.7863  228   15          - 13987.8136      -   201  500s
  5318  4055 14148.9617   17  512          - 13987.8136      -   200  511s
  5423  4170 14388.4714   20  390          - 13987.8136      -   200  526s
  5598  4192 14569.3706   24  295          - 13987.8136      -   199  536s
  5620  4218 14496.9379   25  308          - 13987.8136      -   201  545s
  5646  4264 14768.7254   33  241          - 13987.8136      -   203  554s
  5673  4264 14994.1369   45  137          - 13987.8136      -   203  555s
  5692  4367 14939.9272   45  115          - 13987.8136      -   204  565s
  5797  4546 15208.6835   75   38          - 13987.8136      -   205  608s
  5994  4665 15862.2344  133   26          - 13991.6427      -   203  624s
  6075  4665 15888.8272  181    8          - 13991.6427      -   202  625s
  6224  4685 14468.0245   18  424          - 14002.0337      -   201  636s
  6244  4724 14541.4416   23  408          - 14002.0337      -   202  646s
  6283  4782 14642.9750   34  214          - 14002.0337      -   204  658s
  6341  4855 14815.8819   49  137          - 14002.0337      -   205  670s
  6416  4978 15086.9943   61  128          - 14002.0337      -   206  683s
  6539  5225 15271.9149   79  139          - 14002.0337      -   206  700s
  6804  5379 infeasible  109               - 14002.0717      -   203  716s
  7060  5432 14784.9267   18  356          - 14002.1571      -   200  728s
  7093  5466 14942.0835   28  210          - 14002.1571      -   201  740s
  7127  5524 15040.6156   34  328          - 14002.1571      -   203  753s
  7185  5606 15128.3423   45  257          - 14002.1571      -   204  766s
  7267  6042 15454.9031   55  189          - 14002.1571      -   205  791s
  7751  6307 15869.2031   88   95          - 14002.1571      -   199  815s
  8073  6426 16394.7200  127    8          - 14011.0881      -   196  833s
  8229  6510 14504.7900   28  415          - 14011.0881      -   197  849s
  8302  6640 14728.4979   44  309          - 14011.0881      -   199  867s
  8433  6828 14852.6278   56  196          - 14011.0881      -   200  885s
  8677  6965 15655.0559   87  122          - 14011.0881      -   200  904s
  8701  6965 15778.1006   93  154          - 14011.0881      -   200  905s
  8806  7381 16436.5875  111   89          - 14013.5395      -   201  933s
  9050  7381 18798.0800  198   12          - 14013.5395      -   199  935s
  9336  7577 14164.3291   20  589          - 14013.5395      -   196  955s
  9505  7902 14638.5689   34  275          - 14013.5395      -   196  977s
  9890  7906 17953.8500  221    8          - 14013.5395      -   191  980s
  9948  8336 15117.9408   77   91          - 14013.8354      -   191 1006s
 10424  8477 14283.1380   14  449          - 14013.8354      -   186 1027s
 10552  8639 14577.5720   27  305          - 14013.8354      -   186 1045s
 10728  8753 15059.9574   45  155          - 14013.8354      -   186 1065s
 10844  8942 15944.7037   88   68          - 14015.1474      -   187 1084s
 10998  8942 16533.7500  151    4          - 14015.1474      -   187 1085s
 11089  9024 14541.9467   14  250          - 14015.1474      -   187 1099s
 11159  9170 14897.7808   34  155          - 14015.1474      -   188 1116s
 11308  9655 15637.7545   73  102          - 14015.4092      -   189 1142s
 11603  9656 16773.1593  136   57          - 14015.5885      -   188 1145s
 11923  9717 14309.8009   22  498          - 14015.5885      -   184 1160s
 11962  9757 14969.0899   41  198          - 14015.5885      -   185 1175s
 12004  9847 15333.8932   49  145          - 14015.5885      -   186 1191s
 12094 10071 15544.2009   69   76          - 14015.5885      -   187 1211s
 12340 10151 16512.1124  134   38          - 14019.1818      -   187 1229s
 12427 10422 14638.9334   21  336          - 14019.1818      -   188 1253s
 12581 10422 16518.8194  120   52          - 14019.1818      -   188 1255s
 12724 10552 15117.5852   36  188          - 14019.1818      -   187 1274s
 12823 10552 15443.5400   84    4          - 14019.1818      -   187 1275s
 12862 10887 15679.7231   96   39          - 14022.3355      -   187 1299s
 12958 10887 15849.2383  132   32          - 14022.3355      -   187 1300s
 13290 10960 14403.5170   13  379          - 14022.3355      -   185 1318s
 13352 11178 14753.5189   25  347          - 14022.3355      -   186 1339s
 13614 11312 14938.3082   34  284          - 14022.3355      -   185 1356s
 13793 11420 15133.6844   47  179          - 14022.3355      -   185 1373s
 13886 11685 15552.5318   75   72          - 14025.0343      -   186 1397s
 14183 11968 14357.5044   33  402          - 14025.0343      -   185 1420s
 14537 12195 15168.3539   51  348          - 14025.0343      -   184 1438s
 14757 12277 16273.7531   60  184          - 14025.0343      -   183 1455s
 14839 12428 15518.5254   71  179          - 14025.0343      -   184 1471s
 14990 12793 15946.9859  102   71          - 14025.0343      -   184 1491s
 15400 13215 16030.5487  136   31          - 14025.1651      -   183 1513s
 15579 13220 16915.4412  174   23          - 14025.1651      -   182 1515s
 15935 13308 14289.5352   29  503          - 14025.1651      -   181 1532s
 16091 13348 14874.3890   42  351          - 14025.1651      -   181 1547s
 16127 13419 15227.4959   51  240          - 14025.1651      -   182 1562s
 16200 13523 15278.0847   81   88          - 14025.1651      -   183 1579s
 16275 13523 16074.4156  103   40          - 14025.1651      -   184 1580s
 16314 13799 infeasible  103               - 14033.9600      -   184 1599s
 16338 13799 15967.7979  111   34          - 14033.9600      -   184 1600s
 16700 13974 14370.1901   29  479          - 14033.9600      -   183 1621s
 16924 14036 15088.7692   47  266          - 14033.9600      -   182 1637s
 16970 14117 15312.5780   57  246          - 14033.9600      -   183 1652s
 17051 14300 15912.9286   66  110          - 14033.9600      -   183 1671s
 17250 14671 15911.2176   75  220          - 14033.9600      -   183 1694s
 17316 14671 17098.9420  140   29          - 14033.9600      -   184 1695s
 17710 14832 16362.5462   89  118          - 14033.9600      -   181 1716s
 17849 14896 16889.2852  136   37          - 14042.3156      -   181 1731s
 17928 14966 14884.9577   29  324          - 14042.3156      -   181 1747s
 17998 15191 15288.9239   43  161          - 14042.3156      -   182 1769s
 18069 15191 15332.9288   66  135          - 14042.3156      -   182 1770s
 18259 15437 15676.1418   78   55          - 14049.6029      -   182 1792s
 18574 15518 14259.5206   32  404          - 14049.6029      -   181 1808s
 18628 15616 14945.2815   50  266          - 14049.6029      -   181 1827s
 18728 15988 15270.2142   67  181          - 14049.6029      -   182 1847s
 18989 15993 16050.5083  116   19          - 14049.6029      -   181 1850s
 19217 16090 15664.8292  103   12          - 14051.3513      -   180 1865s
 19302 16149 14984.4719   35  326          - 14051.3513      -   180 1881s
 19353 16228 14969.8399   46  236          - 14051.3513      -   181 1897s
 19432 16449 15496.3220   62  144          - 14051.3513      -   182 1916s
 19655 16954 16492.6428  110   92          - 14051.5057      -   182 1940s
 20379 17099 14576.9741   19  317          - 14052.5814      -   177 1958s
 20431 17252 15031.2603   41  153          - 14052.5814      -   178 1976s
 20594 17465 15663.4474   85   48          - 14052.6037      -   178 1994s
 20647 17465 16168.8100  105    6          - 14052.6037      -   178 1995s
 20922 17602 14309.2779   33  382          - 14052.6037      -   177 2012s
 21112 17801 15266.7872   48  150          - 14052.6037      -   177 2033s
 21257 17808 15677.8542  121    4          - 14052.6037      -   176 2035s
 21332 17862 15753.2675   77  111          - 14054.5183      -   177 2050s
 21402 18078 14746.7806   38  328          - 14054.5183      -   177 2140s
 21656 18171 15294.2220   55  346          - 14054.5183      -   176 2157s
 21758 18241 15517.3029   67  205          - 14054.5183      -   177 2173s
 21825 18417 15615.8976   77  155          - 14054.5183      -   177 2190s
 22007 18572 16026.6939  114   50          - 14056.1831      -   177 2209s
 22155 18575 16096.4956   88   91          - 14056.2547      -   177 2210s
 22222 18625 14825.4785   35  312          - 14056.2547      -   178 2224s
 22246 18625 14366.3339   19  463          - 14056.2547      -   178 2225s
 22272 18721 15322.7664   49  154          - 14056.2547      -   178 2240s
 22368 19116 15636.1530   63   60          - 14056.2547      -   179 2262s
 22684 19162 16749.2700  174    -          - 14056.2547      -   177 2265s
 22966 19156 15781.5364  106   67          - 14056.9886      -   176 2280s
 23070 19223 14504.2814   15  433          - 14056.9886      -   176 2295s
 23137 19404 15374.0146   32  242          - 14056.9886      -   177 2314s
 23326 19645 15581.7233   50  220          - 14056.9886      -   177 2331s
 23609 19882 16091.5403   78   80          - 14059.0809      -   176 2352s
 23860 20113 14562.9316   34  404          - 14059.0809      -   176 2377s
 24188 20255 15257.4244   52  141          - 14059.0809      -   175 2395s
 24326 20406 15475.8072   73  100          - 14063.2609      -   176 2415s
 24503 20476 14552.7257   35  415          - 14063.2609      -   176 2431s
 24571 20572 15194.7661   52  314          - 14063.2609      -   177 2448s
 24667 20764 15535.6790   70  174          - 14063.2609      -   177 2466s
 24861 21176 15947.5942  108   52          - 14065.1288      -   177 2487s
 25421 21342 14567.0734   28  382          - 14065.1288      -   175 2507s
 25593 21449 15211.3679   49  217          - 14065.1288      -   175 2525s
 25689 21797 15520.0216   88   54          - 14065.1801      -   176 2548s
 25909 21808 16804.7900  205    6          - 14065.1801      -   175 2550s
 26149 22163 14478.1737   24  381          - 14065.1801      -   174 2572s
 26414 22186 16743.9924  190    7          - 14065.1801      -   174 2575s
 26552 22322 15857.5177   45  186          - 14065.1801      -   173 2593s
 26678 22705 16582.3547  102   10          - 14065.3612      -   174 2615s
 27180 23027 14524.3237   24  427          - 14065.3612      -   172 2638s
 27346 23029 16855.4900  150    6          - 14065.3612      -   171 2640s
 27519 23092 15210.8497   43  348          - 14065.3612      -   171 2655s
 27558 23247 15437.4016   51  170          - 14065.3612      -   171 2672s
 27715 23633 15918.7850   89   47          - 14069.3698      -   171 2693s
 27911 23633 16489.4200  191    7          - 14069.3698      -   170 2695s
 28206 23720 14525.9265   21  388          - 14069.5842      -   170 2710s
 28254 23822 15626.9789   45  230          - 14069.5842      -   170 2726s
 28356 24042 16098.0264   66  203          - 14069.5842      -   171 2746s
 28615 24369 16767.7312  101   98          - 14069.5971      -   170 2768s
 28799 24371 16614.1216  151    6          - 14073.5544      -   170 2770s
 29042 24451 14484.0613   31  518          - 14073.5544      -   169 2785s
 29086 24615 15193.3662   45  346          - 14073.5544      -   170 2802s
 29252 25034 16381.5283   83   98          - 14073.5544      -   170 2913s
 29372 25034 16537.0000  135    9          - 14073.5544      -   169 2915s
 29759 25279 16766.7981  174   13          - 14074.1377      -   168 2935s
 30111 25398 14442.3693   38  439          - 14074.1377      -   167 2951s
 30171 25522 15391.3890   62  240          - 14074.1377      -   168 2968s
 30295 25912 15936.9410   82  151          - 14074.1377      -   168 2990s
 30760 26195 16798.7593  144   23          - 14076.7046      -   167 3010s
 31089 26294 14608.1867   30  422          - 14076.7046      -   166 3028s
 31174 26477 15175.9010   48  303          - 14076.7046      -   166 3049s
 31359 26901 16010.7329   71  179          - 14076.7046      -   166 3069s
 31386 26901 16236.6427   83  139          - 14076.7046      -   166 3070s
 31878 27366 16530.8482  107   37          - 14083.4474      -   165 3094s
 31974 27366 16756.3029  159   15          - 14083.4474      -   165 3095s
 32411 27456 14589.9146   35  548          - 14083.4474      -   163 3111s
 32462 27609 15677.9668   45  285          - 14083.4474      -   164 3127s
 32618 27975 16349.5404   66  166          - 14083.4474      -   164 3145s
 33055 28558 17139.6115   96  118          - 14086.8718      -   163 3176s
 33469 28558 18828.4400  307   16          - 14086.8718      -   161 3180s
 33664 28619 14329.8851   17  429          - 14086.8718      -   161 3195s
 33710 28936 15182.1052   34  113          - 14086.8718      -   161 3218s
 33889 28936 17138.2559   95   39          - 14086.8718      -   161 3220s
 34027 29325 15482.5871   63   37          - 14086.8718      -   161 3239s
 34123 29325 15910.6600  121    6          - 14086.8718      -   161 3240s
 34454 29506 16572.3488  171   20          - 14090.6626      -   160 3257s
 34731 29622 14881.4137   45  359          - 14090.6626      -   160 3274s
 34808 29746 16127.7752   61  308          - 14090.6626      -   160 3289s
 34832 29746 16528.1606   80  216          - 14090.6626      -   160 3290s
 34968 29941 17091.4145   97  173          - 14091.2208      -   160 3311s
 35183 29997 14159.0211   23  600          - 14091.2208      -   160 3327s
 35230 30063 14997.2887   38  192          - 14091.2208      -   160 3340s
 35298 30228 infeasible   57               - 14091.2208      -   161 3359s
 35444 30228 16122.8859   79   80          - 14091.2208      -   161 3360s
 35481 30427 17202.0879  121   42          - 14093.9165      -   161 3377s
 35721 30558 14468.6473   23  410          - 14093.9165      -   161 3395s
 35843 30792 15569.0723   42  231          - 14093.9165      -   161 3414s
 35906 30792 16155.6383  121   18          - 14093.9165      -   162 3415s
 36130 30932 15768.7128   78   36          - 14094.2646      -   161 3432s
 36278 31026 14798.9410   43  307          - 14094.2646      -   161 3448s
 36376 31403 15657.9951   65   84          - 14094.3824      -   162 3474s
 36474 31416 15983.2600  105    -          - 14094.3824      -   161 3475s
 36935 31503 14406.2443   26  406          - 14094.7989      -   160 3491s
 36956 31571 15240.8914   36  296          - 14094.7989      -   161 3505s
 37024 31824 16455.6433   62  208          - 14094.7989      -   161 3524s
 37048 31824 16389.5025   77  170          - 14094.7989      -   161 3525s
 37344 32082 16814.0309   93   97          - 14095.5364      -   161 3544s
 37392 32082 16753.0076  119   40          - 14095.5364      -   161 3545s
 37645 32134 14575.6710   37  395          - 14095.5507      -   160 3559s
 37682 32275 15380.6377   49  260          - 14095.5507      -   161 3577s
 37827 32446 16810.5772   76  156          - 14095.5507      -   161 3597s
 38037 32462 17273.0436  113   24          - 14095.5507      -   161 3600s

Cutting planes:
  User: 6266
  Gomory: 37
  Cover: 543
  Implied bound: 106
  Clique: 11
  MIR: 319
  StrongCG: 3
  Flow cover: 830
  Zero half: 81
  RLT: 462
  Relax-and-lift: 21
  Lazy constraints: 2954

Explored 38047 nodes (6119808 simplex iterations) in 3600.12 seconds
Thread count was 2 (of 32 available processors)

Solution count 0

Time limit reached
Best objective -, best bound 1.409555074084e+04, gap -

User-callback calls 554739, time in user-callback 257.58 sec
================================================================================
executing instance: ./input/Instances/Original/2/absH3high_4n10.dat
--------------------------------------------------------------------------------
Instance details
n	11
H	3
C	822
Li:
[0, 0, 0, 0, 0, 0, 0, 0, 0, 0, 0, ]
Ui:
[0, 102, 52, 88, 182, 153, 138, 38, 165, 297, 86, ]
Distance matrix:
|0	285	411	382	327	239	148	256	307	36	383	|
|285	0	352	98	249	103	227	235	120	268	209	|
|411	352	0	395	106	430	263	549	234	429	174	|
|382	98	395	0	302	173	320	288	168	364	227	|
|327	249	106	302	0	324	179	444	135	339	109	|
|239	103	430	173	324	0	241	132	212	212	305	|
|148	227	263	320	179	241	0	325	192	165	249	|
|256	235	549	288	444	132	325	0	342	220	436	|
|307	120	234	168	135	212	192	342	0	304	94	|
|36	268	429	364	339	212	165	220	304	0	386	|
|383	209	174	227	109	305	249	436	94	386	0	|

--------------------------------------------------------------------------------
Building model...
	using lazy and cut (CVRPSEP package)
Solving IRP LP...
--------------------------------------------------------------------------------

Gurobi 9.1.0 (linux64) logging started Sat Jan 23 11:39:08 2021

Gurobi Optimizer version 9.1.0 build v9.1.0rc0 (linux64)
Thread count: 32 physical cores, 32 logical processors, using up to 2 threads
Optimize a model with 380 rows, 956 columns and 3674 nonzeros
Model fingerprint: 0x76d4cea8
Variable types: 164 continuous, 792 integer (132 binary)
Coefficient statistics:
  Matrix range     [1e+00, 5e+02]
  Objective range  [2e-01, 5e+02]
  Bounds range     [1e+00, 3e+02]
  RHS range        [2e+01, 1e+03]
Presolve removed 44 rows and 11 columns
Presolve time: 0.01s
Presolved: 336 rows, 945 columns, 3369 nonzeros
Variable types: 153 continuous, 792 integer (672 binary)

Root relaxation: objective 4.141947e+03, 448 iterations, 0.01 seconds

    Nodes    |    Current Node    |     Objective Bounds      |     Work
 Expl Unexpl |  Obj  Depth IntInf | Incumbent    BestBd   Gap | It/Node Time

     0     0 4141.94665    0   60          - 4141.94665      -     -    0s
     0     0 4250.03048    0   86          - 4250.03048      -     -    0s
     0     0 4276.37647    0   81          - 4276.37647      -     -    0s
     0     0 4276.61283    0   79          - 4276.61283      -     -    0s
     0     0 4276.65894    0   79          - 4276.65894      -     -    0s
     0     0 4479.41637    0  112          - 4479.41637      -     -    0s
     0     0 4483.13142    0  128          - 4483.13142      -     -    0s
     0     0 4487.19933    0  114          - 4487.19933      -     -    0s
     0     0 4487.90498    0  131          - 4487.90498      -     -    0s
     0     0 4570.73202    0  108          - 4570.73202      -     -    0s
     0     0 4577.23449    0  133          - 4577.23449      -     -    0s
     0     0 4577.77558    0  127          - 4577.77558      -     -    0s
     0     0 4577.77558    0  127          - 4577.77558      -     -    0s
     0     0 4613.92960    0  119          - 4613.92960      -     -    0s
     0     0 4617.36256    0  110          - 4617.36256      -     -    0s
     0     0 4623.20063    0  122          - 4623.20063      -     -    0s
     0     0 4624.05903    0  153          - 4624.05903      -     -    0s
     0     0 4624.29075    0  161          - 4624.29075      -     -    0s
     0     0 4667.62633    0  140          - 4667.62633      -     -    0s
     0     0 4676.80811    0  143          - 4676.80811      -     -    0s
     0     0 4677.53629    0  154          - 4677.53629      -     -    0s
     0     0 4678.12765    0  153          - 4678.12765      -     -    0s
     0     0 4678.13119    0  153          - 4678.13119      -     -    0s
     0     0 4696.25508    0  151          - 4696.25508      -     -    0s
     0     0 4696.58532    0  137          - 4696.58532      -     -    0s
     0     0 4720.60287    0  125          - 4720.60287      -     -    0s
     0     0 4724.05242    0  133          - 4724.05242      -     -    0s
     0     0 4725.03559    0  129          - 4725.03559      -     -    0s
     0     0 4725.03559    0  130          - 4725.03559      -     -    0s
     0     0 4726.85946    0  117          - 4726.85946      -     -    0s
     0     0 4732.51689    0  148          - 4732.51689      -     -    0s
     0     0 4735.71031    0  154          - 4735.71031      -     -    0s
     0     0 4736.09766    0  157          - 4736.09766      -     -    0s
     0     0 4737.16974    0  147          - 4737.16974      -     -    0s
     0     0 4738.31062    0  140          - 4738.31062      -     -    0s
     0     0 4738.31062    0  141          - 4738.31062      -     -    0s
     0     0 4774.23894    0  139          - 4774.23894      -     -    0s
     0     0 4776.18831    0  150          - 4776.18831      -     -    0s
     0     0 4777.56207    0  140          - 4777.56207      -     -    0s
     0     0 4778.31193    0  138          - 4778.31193      -     -    0s
     0     0 4778.41575    0  139          - 4778.41575      -     -    0s
