




arguments: ./build/bc_mirp -f ./input/orig_exec_102.cfg
Current dir: /scratch/gui/bc_mirp
File verbosity level: 9
date       time         ( uptime  ) [ thread name/id ]                   file:line     v| 
2021-02-07 11:01:28.142 (   0.084s) [main thread     ]             loguru.cpp:789   INFO| Logging to './output/vi_vc+hc3/OU/V2/Original/execution_07_02_2021_11_01_28.log', mode: 'a', verbosity: 9
--------------------------------------------------------------------------------
Parameters
                           instance_path           ./input/Instances/Original/3/
                            model_policy                                       1
                             nb_vehicles                                       2
                              output_dir      ./output/vi_vc+hc3/OU/V2/Original/
                            sec_strategy                                       1
                       solver_nb_threads                                       2
                         solver_show_log                                    true
                       solver_time_limit                                    3600
                              use_vi_cos                                   false
                              use_vi_cus                                   false
                         use_vi_hc1_full                                   false
                         use_vi_hc1_half                                   false
                      use_vi_hc1_quarter                                   false
                              use_vi_hc2                                   false
                              use_vi_hc3                                    true
                         use_vi_lex_full                                   false
                         use_vi_lex_half                                   false
                      use_vi_lex_quarter                                   false
                              use_vi_qua                                   false
                               use_vi_vc                                    true
                               use_vi_vr                                   false
--------------------------------------------------------------------------------
executing instance: ./input/Instances/Original/3/absH3low_2n5.dat
--------------------------------------------------------------------------------
Instance details
n	6
H	3
C	237
Li:
[0, 0, 0, 0, 0, 0, ]
Ui:
[0, 93, 180, 51, 114, 24, ]
Distance matrix:
|0	170	318	35	112	235	|
|170	0	311	205	258	301	|
|318	311	0	326	278	137	|
|35	205	326	0	89	230	|
|112	258	278	89	0	160	|
|235	301	137	230	160	0	|

--------------------------------------------------------------------------------
Building model...
	using lazy and cut (CVRPSEP package)
Solving IRP LP...
--------------------------------------------------------------------------------

Gurobi 9.1.0 (linux64) logging started Sun Feb  7 11:01:28 2021

Gurobi Optimizer version 9.1.0 build v9.1.0rc0 (linux64)
Thread count: 32 physical cores, 32 logical processors, using up to 2 threads
Optimize a model with 177 rows, 180 columns and 663 nonzeros
Model fingerprint: 0xfb8c5a36
Variable types: 54 continuous, 126 integer (36 binary)
Coefficient statistics:
  Matrix range     [1e+00, 2e+02]
  Objective range  [1e-02, 3e+02]
  Bounds range     [1e+00, 2e+02]
  RHS range        [1e+00, 5e+02]
Presolve removed 75 rows and 22 columns
Presolve time: 0.01s
Presolved: 102 rows, 158 columns, 484 nonzeros
Variable types: 32 continuous, 126 integer (96 binary)
Found heuristic solution: objective 2312.9000000
Found heuristic solution: objective 2271.5200000
Found heuristic solution: objective 1828.8300000

Root relaxation: objective 5.780448e+02, 125 iterations, 0.00 seconds

    Nodes    |    Current Node    |     Objective Bounds      |     Work
 Expl Unexpl |  Obj  Depth IntInf | Incumbent    BestBd   Gap | It/Node Time

     0     0  578.04476    0   14 1828.83000  578.04476  68.4%     -    0s
     0     0  689.73102    0   20 1828.83000  689.73102  62.3%     -    0s
     0     0  844.80912    0   24 1828.83000  844.80912  53.8%     -    0s
     0     0 1177.97805    0   27 1828.83000 1177.97805  35.6%     -    0s
H    0     0                    1695.3500000 1177.97805  30.5%     -    0s
     0     0 1211.55250    0   31 1695.35000 1211.55250  28.5%     -    0s
     0     0 1379.58524    0   45 1695.35000 1379.58524  18.6%     -    0s
H    0     0                    1464.7300000 1379.58524  5.81%     -    0s
     0     0 1400.98323    0   27 1464.73000 1400.98323  4.35%     -    0s
     0     0 1401.07000    0    4 1464.73000 1401.07000  4.35%     -    0s
     0     0 1402.10705    0   30 1464.73000 1402.10705  4.28%     -    0s
     0     0 1402.77710    0   48 1464.73000 1402.77710  4.23%     -    0s
     0     0 1402.86498    0   30 1464.73000 1402.86498  4.22%     -    0s
     0     0 1407.75857    0   24 1464.73000 1407.75857  3.89%     -    0s
     0     0 1407.75857    0   24 1464.73000 1407.75857  3.89%     -    0s
     0     0 1407.75857    0   24 1464.73000 1407.75857  3.89%     -    0s
H    0     0                    1437.9000000 1407.75857  2.10%     -    0s
     0     0 1407.75857    0    4 1437.90000 1407.75857  2.10%     -    0s
     0     0 1409.13638    0   24 1437.90000 1409.13638  2.00%     -    0s
     0     0 1428.21148    0   16 1437.90000 1428.21148  0.67%     -    0s
     0     0 1433.04700    0   17 1437.90000 1433.04700  0.34%     -    0s
     0     0     cutoff    0      1437.90000 1437.90000  0.00%     -    0s

Explored 1 nodes (595 simplex iterations) in 0.12 seconds
Thread count was 2 (of 32 available processors)

Solution count 6: 1437.9 1464.73 1695.35 ... 2312.9

Optimal solution found (tolerance 1.00e-04)
Best objective 1.437900000000e+03, best bound 1.437900000000e+03, gap 0.0000%

User-callback calls 205, time in user-callback 0.00 sec
================================================================================
executing instance: ./input/Instances/Original/3/absH3high_5n30.dat
--------------------------------------------------------------------------------
Instance details
n	31
H	3
C	2296
Li:
[0, 0, 0, 0, 0, 0, 0, 0, 0, 0, 0, 0, 0, 0, 0, 0, 0, 0, 0, 0, 0, 0, 0, 0, 0, 0, 0, 0, 0, 0, 0, ]
Ui:
[0, 80, 90, 297, 28, 264, 123, 192, 112, 32, 72, 88, 294, 129, 126, 105, 110, 237, 246, 92, 72, 147, 54, 96, 128, 96, 84, 28, 74, 196, 192, ]
Distance matrix:
|0	87	302	65	389	171	219	120	412	339	129	63	169	401	383	158	393	161	246	275	64	287	345	235	13	274	106	201	85	358	135	|
|87	0	334	128	402	212	301	204	465	384	187	145	232	424	454	238	475	245	289	352	80	307	352	321	81	352	20	261	170	376	215	|
|302	334	0	239	113	132	237	334	157	70	404	263	162	105	227	229	339	251	65	217	259	53	107	352	293	220	339	134	270	75	235	|
|65	128	239	0	330	107	175	130	348	275	174	40	107	339	326	114	351	125	181	224	58	228	290	222	58	224	143	138	65	297	92	|
|389	402	113	330	0	226	349	438	210	151	502	360	269	48	316	339	441	362	175	328	335	102	55	465	377	330	401	245	371	37	342	|
|171	212	132	107	226	0	169	214	253	173	276	134	64	233	261	130	326	153	77	188	133	125	192	264	162	190	220	68	145	193	125	|
|219	301	237	175	349	169	0	157	257	223	244	157	105	334	180	62	175	61	177	63	233	264	334	118	221	61	317	112	136	312	85	|
|120	204	334	130	438	214	157	0	402	348	88	90	173	438	336	115	307	100	269	220	172	338	406	122	130	218	224	204	69	403	101	|
|412	465	157	348	210	253	257	402	0	88	486	359	245	166	129	287	266	303	178	204	386	208	239	370	406	207	473	212	354	187	304	|
|339	384	70	275	151	173	223	348	88	0	427	291	179	120	166	234	290	254	96	187	306	123	166	342	332	190	391	145	291	119	247	|
|129	187	404	174	502	276	244	88	486	427	0	142	248	508	424	200	390	187	342	308	193	400	464	192	142	306	207	281	136	469	182	|
|63	145	263	40	360	134	157	90	359	291	142	0	114	366	321	95	331	99	202	212	90	258	323	186	65	211	163	148	27	327	72	|
|169	232	162	107	269	64	105	173	245	179	248	114	0	266	222	71	268	94	97	131	155	173	244	203	164	132	245	34	113	233	73	|
|401	424	105	339	48	233	334	438	166	120	508	366	266	0	280	332	409	355	169	305	353	117	96	452	391	308	425	237	374	49	339	|
|383	454	227	326	316	261	180	336	129	166	424	321	222	280	0	231	137	238	208	116	376	277	331	272	381	118	467	197	307	285	253	|
|158	238	229	114	339	130	62	115	287	234	200	95	71	332	231	0	238	23	164	118	171	243	314	134	159	117	255	95	77	302	23	|
|393	475	339	351	441	326	175	307	266	290	390	331	268	409	137	238	0	232	300	138	408	383	445	204	395	136	492	258	308	406	260	|
|161	245	251	125	362	153	61	100	303	254	187	99	94	355	238	23	232	0	187	123	183	267	338	111	164	121	262	117	77	325	34	|
|246	289	65	181	175	77	177	269	178	96	342	202	97	169	208	164	300	187	0	168	210	87	157	290	238	171	296	70	206	138	170	|
|275	352	217	224	328	188	63	220	204	187	308	212	131	305	116	118	138	123	168	0	279	255	322	166	275	3	367	120	195	291	141	|
|64	80	259	58	335	133	233	172	386	306	193	90	155	353	376	171	408	183	210	279	0	236	289	276	51	279	90	182	117	307	150	|
|287	307	53	228	102	125	264	338	208	123	400	258	173	117	277	243	383	267	87	255	236	0	71	374	276	257	308	153	270	71	245	|
|345	352	107	290	55	192	334	406	239	166	464	323	244	96	331	314	445	338	157	322	289	71	0	445	334	325	350	224	337	54	315	|
|235	321	352	222	465	264	118	122	370	342	192	186	203	452	272	134	204	111	290	166	276	374	445	0	243	164	341	221	159	428	142	|
|13	81	293	58	377	162	221	130	406	332	142	65	164	391	381	159	395	164	238	275	51	276	334	243	0	274	100	196	89	347	136	|
|274	352	220	224	330	190	61	218	207	190	306	211	132	308	118	117	136	121	171	3	279	257	325	164	274	0	367	122	194	294	140	|
|106	20	339	143	401	220	317	224	473	391	207	163	245	425	467	255	492	262	296	367	90	308	350	341	100	367	0	272	188	377	232	|
|201	261	134	138	245	68	112	204	212	145	281	148	34	237	197	95	258	117	70	120	182	153	224	221	196	122	272	0	146	208	103	|
|85	170	270	65	371	145	136	69	354	291	136	27	113	374	307	77	308	77	206	195	117	270	337	159	89	194	188	146	0	337	54	|
|358	376	75	297	37	193	312	403	187	119	469	327	233	49	285	302	406	325	138	291	307	71	54	428	347	294	377	208	337	0	306	|
|135	215	235	92	342	125	85	101	304	247	182	72	73	339	253	23	260	34	170	141	150	245	315	142	136	140	232	103	54	306	0	|

--------------------------------------------------------------------------------
Building model...
	using lazy and cut (CVRPSEP package)
Solving IRP LP...
--------------------------------------------------------------------------------

Gurobi 9.1.0 (linux64) logging started Sun Feb  7 11:01:28 2021

Gurobi Optimizer version 9.1.0 build v9.1.0rc0 (linux64)
Thread count: 32 physical cores, 32 logical processors, using up to 2 threads
Optimize a model with 952 rows, 3280 columns and 9463 nonzeros
Model fingerprint: 0xe54a00a8
Variable types: 304 continuous, 2976 integer (186 binary)
Coefficient statistics:
  Matrix range     [1e+00, 1e+03]
  Objective range  [1e-01, 5e+02]
  Bounds range     [1e+00, 3e+02]
  RHS range        [1e+00, 4e+03]
Presolve removed 425 rows and 122 columns
Presolve time: 0.07s
Presolved: 527 rows, 3158 columns, 7251 nonzeros
Variable types: 182 continuous, 2976 integer (2796 binary)

Root relaxation: objective 8.845428e+03, 444 iterations, 0.01 seconds

    Nodes    |    Current Node    |     Objective Bounds      |     Work
 Expl Unexpl |  Obj  Depth IntInf | Incumbent    BestBd   Gap | It/Node Time

     0     0 8845.42804    0   87          - 8845.42804      -     -    0s
     0     0 9307.51835    0  109          - 9307.51835      -     -    0s
     0     0 9313.43626    0  115          - 9313.43626      -     -    0s
     0     0 9314.02426    0  115          - 9314.02426      -     -    0s
     0     0 9757.76755    0  134          - 9757.76755      -     -    0s
     0     0 9757.76755    0  142          - 9757.76755      -     -    0s
     0     0 9829.44856    0  158          - 9829.44856      -     -    0s
     0     0 9843.72098    0  192          - 9843.72098      -     -    0s
     0     0 9844.58480    0  219          - 9844.58480      -     -    0s
     0     0 9861.50415    0  217          - 9861.50415      -     -    0s
     0     0 9862.32043    0  199          - 9862.32043      -     -    1s
     0     0 9870.20293    0  196          - 9870.20293      -     -    1s
     0     0 9870.20293    0  162          - 9870.20293      -     -    1s
     0     2 9871.33828    0  162          - 9871.33828      -     -    1s
   433   432 12235.5567  145    8          - 9882.34240      -  45.7    5s
   782   726 10004.3315   10  223          - 9974.14874      -  44.6   10s
H  796   697                    11942.050000 9985.00293  16.4%  43.8   12s
H  796   662                    11883.050000 9985.00293  16.0%  43.8   12s
   817   676 10210.4352   14  301 11883.0500 9998.01484  15.9%  42.7   15s
H  817   641                    11591.130000 9998.01484  13.7%  42.7   15s
H  824   615                    11501.890000 9998.01484  13.1%  50.2   17s
H  839   594                    11482.580000 10000.2974  12.9%  49.3   19s
   841   595 11034.0902   80  324 11482.5800 10000.3063  12.9%  49.2   20s
   861   608 10403.3980   24  316 11482.5800 10007.8778  12.8%  48.1   25s
   874   620 10041.0753   27  275 11482.5800 10023.5307  12.7%  53.9   30s
   968   689 10480.6043   50   78 11482.5800 10032.2252  12.6%  68.8   35s
  1104   784 10872.9574   86   74 11482.5800 10032.2252  12.6%  74.3   40s
  1312   949 11118.2171  143   46 11482.5800 10032.2252  12.6%  75.0   45s
  1557   992     cutoff  221      11482.5800 10043.0096  12.5%  70.6   50s
  1679  1042 10347.4144   37   89 11482.5800 10043.0096  12.5%  73.8   55s
  1812  1161 10589.0378   57   82 11482.5800 10043.0096  12.5%  74.3   61s
  1941  1233 10786.7423   92   22 11482.5800 10043.0096  12.5%  73.9   68s
  1993  1280 10829.6199  121   43 11482.5800 10043.0096  12.5%  73.8   70s
  2219  1458 11007.3491  277   21 11482.5800 10043.0096  12.5%  69.3   76s
  2537  1550 10209.7151   33  171 11482.5800 10060.9976  12.4%  63.2   80s
  2694  1810 10421.1657   90   12 11482.5800 10060.9976  12.4%  63.3   85s
  3059  1992 10180.2427   30  110 11482.5800 10062.6160  12.4%  58.7   91s
  3170  2176 10383.1823   44   40 11482.5800 10062.6160  12.4%  59.0   95s
  3403  2306 11358.2620  181   15 11482.5800 10092.8305  12.1%  57.1  100s
  3715  2603 10839.5837   84  120 11482.5800 10093.4222  12.1%  56.0  106s
  4021  2892 10336.2827   40  153 11482.5800 10097.7408  12.1%  54.4  112s
  4177  2988 10205.3849   32  201 11482.5800 10097.7408  12.1%  53.8  115s
  4496  3281 11095.5486  186    9 11482.5800 10100.8095  12.0%  52.6  121s
* 4504  3272             187    11447.080000 10100.8095  11.8%  52.5  121s
* 4670  3352             186    11433.080000 10111.8466  11.6%  53.3  126s
* 4673  3061             183    11250.080000 10111.8466  10.1%  53.3  126s
  4841  3217 10313.2650   35  169 11250.0800 10124.3507  10.0%  54.0  131s
  4991  3300 10253.7467   36  137 11250.0800 10124.5814  10.0%  54.7  137s
  5038  3434 10473.1447   52   81 11250.0800 10124.5814  10.0%  55.2  140s
  5283  3561     cutoff  132      11250.0800 10128.6892  10.0%  55.2  146s
  5344  3659 10308.2476   46  115 11250.0800 10129.2973  10.0%  56.1  150s
  5442  3886 10422.8831   67   48 11250.0800 10129.2973  10.0%  56.7  156s
  5711  4049     cutoff  131      11250.0800 10129.3422  10.0%  55.5  161s
  5930  4168 10418.3731   35  208 11250.0800 10130.3165  10.0%  54.8  165s
  6168  4323 11221.6500   85    - 11250.0800 10135.4263  9.91%  55.3  172s
  6254  4397     cutoff   85      11250.0800 10138.1170  9.88%  55.8  176s
  6341  4471 11151.6059   89   19 11250.0800 10142.1684  9.85%  56.3  180s
  6541  4782 10501.8543   53   34 11250.0800 10146.6485  9.81%  57.3  188s
  6808  4844 10342.9335   34  156 11250.0800 10146.7044  9.81%  56.3  192s
  6869  4885 10536.3900   47    - 11250.0800 10146.7044  9.81%  57.0  197s
  6913  5049 10633.4239   58   38 11250.0800 10150.1221  9.78%  57.5  202s
  7134  5161     cutoff  106      11250.0800 10153.2604  9.75%  57.0  206s
  7278  5297     cutoff   70      11250.0800 10157.6024  9.71%  57.0  211s
  7427  5444 10498.2900   80   18 11250.0800 10157.7516  9.71%  57.3  216s
  7634  5601     cutoff  159      11250.0800 10158.6157  9.70%  56.7  221s
  7798  5778     cutoff   95      11250.0800 10159.7608  9.69%  57.0  226s
  8027  5929     cutoff  112      11250.0800 10162.8582  9.66%  56.5  231s
  8213  6165 10853.6871   62    4 11250.0800 10167.9128  9.62%  56.5  238s
  8489  6315 11028.6000  143   17 11250.0800 10168.2427  9.62%  55.6  243s
  8673  6454     cutoff  154      11250.0800 10168.8351  9.61%  55.4  248s
  8858  6596     cutoff  151      11250.0800 10170.7482  9.59%  55.3  253s
  9022  6699 11138.2091   63   43 11250.0800 10171.8258  9.58%  55.5  258s
  9135  6923 10881.4204   54   80 11250.0800 10172.5909  9.58%  55.7  263s
  9414  7061     cutoff  102      11250.0800 10174.1466  9.56%  55.1  269s
  9577  7140     cutoff  100      11250.0800 10175.3204  9.55%  55.1  273s
  9672  7254 10745.3429   64   92 11250.0800 10176.1679  9.55%  55.6  278s
  9829  7355     cutoff   83      11250.0800 10178.5530  9.52%  55.5  283s
  9934  7485     cutoff   90      11250.0800 10179.3051  9.52%  55.8  287s
 10126  7625 10440.7392   38  171 11250.0800 10181.6992  9.50%  55.9  293s
 10299  7738 11025.2900   57   16 11250.0800 10181.9735  9.49%  55.9  297s
 10428  7920 10599.8605   54   92 11250.0800 10184.4302  9.47%  56.3  303s
 10681  7975     cutoff  111      11250.0800 10184.8036  9.47%  56.0  307s
 10725  8020 10478.5569   44   80 11250.0800 10184.8331  9.47%  56.6  313s
 10778  8126 10806.3567   54   63 11250.0800 10185.7780  9.46%  57.0  318s
 10962  8202 11044.7100   99    - 11250.0800 10185.8663  9.46%  57.0  323s
 11085  8286 10544.3957   38   93 11250.0800 10186.2847  9.46%  57.2  328s
 11161  8444 11056.8365   50    8 11250.0800 10187.1183  9.45%  57.7  335s
 11371  8667 10455.4000   55   16 11250.0800 10187.4465  9.45%  57.6  341s
 11624  8810     cutoff  143      11250.0800 10188.3388  9.44%  57.1  346s
 11810  8921 11006.3800   71   28 11250.0800 10189.1788  9.43%  57.1  352s
 11951  8974 10351.7338   35  179 11250.0800 10192.8869  9.40%  57.4  357s
 11998  9043 10766.6205   42  147 11250.0800 10194.0250  9.39%  57.9  362s
 12114  9119 10296.7416   31  238 11250.0800 10195.1714  9.38%  58.3  367s
 12204  9203 10994.5167   57   33 11250.0800 10195.2904  9.38%  58.6  373s
 12307  9225     cutoff   68      11250.0800 10196.9724  9.36%  58.9  379s
 12339  9343 10433.0519   37  155 11250.0800 10197.6092  9.36%  59.0  384s
 12481  9520 10580.0876   50   51 11250.0800 10197.9020  9.35%  59.2  389s
 12533  9520 10893.2161  102   34 11250.0800 10197.9020  9.35%  59.1  390s
 12689  9620 infeasible  134      11250.0800 10198.5077  9.35%  59.0  395s
 12830  9733     cutoff   74      11250.0800 10201.0590  9.32%  59.2  400s
 12972  9779 11101.6700   79    - 11250.0800 10203.1018  9.31%  59.3  405s
 13019  9949 11149.0200   80   20 11250.0800 10204.0563  9.30%  59.7  410s
 13258 10049     cutoff  110      11250.0800 10204.2285  9.30%  59.4  416s
 13380 10223 10776.5742   50  111 11250.0800 10205.0802  9.29%  59.6  422s
 13583 10361 10655.3351  106   37 11250.0800 10205.5156  9.28%  59.5  428s
 13749 10416 10429.5341   40   93 11250.0800 10206.0607  9.28%  59.4  434s
 13808 10588 10543.8170   55   42 11250.0800 10207.2431  9.27%  59.5  441s
 14031 10635 11238.0200  108    - 11250.0800 10209.9391  9.25%  59.3  446s
 14075 10736     cutoff  108      11250.0800 10209.9982  9.25%  59.8  452s
 14197 10823 11238.4603   86   14 11250.0800 10210.4250  9.24%  60.0  457s
 14321 11030 10780.3076   63   31 11250.0800 10212.4764  9.22%  60.1  464s
 14604 11166 11244.0900  122    - 11250.0800 10212.7234  9.22%  59.8  470s
 14737 11224 infeasible  122      11250.0800 10212.8290  9.22%  60.1  475s
 14845 11367     cutoff   67      11250.0800 10215.9055  9.19%  60.3  481s
 15004 11500 10603.7155   49   77 11250.0800 10218.1320  9.17%  60.4  487s
 15166 11602 11222.4500  135    - 11250.0800 10218.8076  9.17%  60.3  492s
 15288 11722 11219.3050  136   19 11250.0800 10219.1221  9.16%  60.6  498s
 15432 11855 11228.1800  138    - 11250.0800 10219.6082  9.16%  60.7  505s
 15625 11959 11230.1400  138    - 11250.0800 10221.2062  9.15%  60.7  511s
 15759 12059 11235.8233  138   13 11250.0800 10223.7457  9.12%  60.9  517s
 15874 12175 11242.8100  139    8 11250.0800 10224.0323  9.12%  61.1  523s
 16016 12229 11249.5400  139   10 11250.0800 10224.6005  9.12%  61.2  528s
 16088 12335 10454.1665   41   78 11250.0800 10224.9850  9.11%  61.5  534s
 16195 12342 10825.2900   54   10 11250.0800 10224.9850  9.11%  61.8  535s
 16220 12455     cutoff   64      11250.0800 10225.0034  9.11%  61.7  541s
 16379 12623 10471.3921   36  180 11250.0800 10226.3050  9.10%  61.8  547s
 16566 12753 10569.9659   48  133 11250.0800 10226.8670  9.10%  61.7  554s
 16682 12753 10664.6141   87   16 11250.0800 10226.8977  9.09%  61.8  559s
 16719 12850 10517.3108   49  122 11250.0800 10227.0482  9.09%  61.8  565s
 16834 12952 10585.7054   33  118 11250.0800 10227.2439  9.09%  61.8  571s
 16959 13034 10868.2929   50   62 11250.0800 10227.3858  9.09%  62.0  576s
 17074 13077 11043.0933   71    4 11250.0800 10228.2885  9.08%  62.2  582s
 17120 13154 11073.8440   72   63 11250.0800 10228.4525  9.08%  62.5  593s
 17246 13259 infeasible  109      11250.0800 10228.8048  9.08%  62.3  599s
 17359 13425 10970.2095   88   33 11250.0800 10229.4148  9.07%  62.5  607s
 17543 13488 11176.8100   94    2 11250.0800 10229.7896  9.07%  62.4  613s
 17636 13609 10481.3300   37   35 11250.0800 10229.9655  9.07%  62.6  621s
 17802 13702 11027.1000   68    - 11250.0800 10230.4241  9.06%  62.6  627s
 17931 13839     cutoff   80      11250.0800 10230.8772  9.06%  62.7  633s
 18124 13939     cutoff   73      11250.0800 10231.5995  9.05%  62.6  640s
 18236 14007 11212.7304   65   80 11250.0800 10232.3983  9.05%  62.8  645s
 18316 14127 10931.8576   62  107 11250.0800 10232.5886  9.04%  63.0  651s
 18473 14184 10610.5751   49  156 11250.0800 10233.4118  9.04%  63.0  657s
 18535 14320 10506.6706   54  168 11250.0800 10233.8659  9.03%  63.2  663s
 18692 14518 10759.8491   63   69 11250.0800 10234.6977  9.03%  63.3  670s
 18927 14667 11097.8700   92   12 11250.0800 10236.5505  9.01%  63.0  680s
*18928 13170              93    11101.870000 10236.5505  7.79%  63.0  680s
 19125 13195 10757.2700   50    2 11101.8700 10237.3756  7.79%  62.9  688s
 19231 13309     cutoff   71      11101.8700 10237.8979  7.78%  63.0  695s
 19360 13453 11006.8956   73   39 11101.8700 10238.3757  7.78%  63.1  701s
 19540 13555 10623.6657   39  115 11101.8700 10239.7760  7.77%  63.0  708s
 19676 13632 10920.9137   67   81 11101.8700 10240.3535  7.76%  63.1  714s
 19772 13686 10673.8228   52  144 11101.8700 10240.8621  7.76%  63.3  720s
 19841 13868 10673.5602   51   89 11101.8700 10241.7918  7.75%  63.5  727s
 20074 13947 11002.8100   88   45 11101.8700 10242.5313  7.74%  63.3  735s
 20191 14055 10969.3806   81   51 11101.8700 10243.1783  7.73%  63.4  740s
 20321 14162 11016.7687   95   32 11101.8700 10243.9990  7.73%  63.4  747s
 20461 14293 10590.6833   69    9 11101.8700 10246.9303  7.70%  63.5  753s
 20625 14379 10881.8660   44   21 11101.8700 10247.9072  7.69%  63.4  760s
 20739 14442     cutoff   59      11101.8700 10248.2916  7.69%  63.5  766s
 20829 14513 10959.4600   60   24 11101.8700 10248.8790  7.68%  63.7  772s
 20918 14679 10628.0917   47   68 11101.8700 10249.2329  7.68%  63.8  779s
 21094 14754 10791.4107   65   29 11101.8700 10249.7188  7.68%  63.7  786s
 21213 14847     cutoff   75      11101.8700 10250.0933  7.67%  63.8  791s
 21316 14971 10620.5933   91   21 11101.8700 10250.6666  7.67%  63.9  798s
 21462 15021 10520.0265   51   24 11101.8700 10250.9044  7.67%  63.8  805s
 21522 15028 10893.6055   61   54 11101.8700 10250.9044  7.67%  64.0  817s
 21524 15142 10788.3595   62   40 11101.8700 10250.9799  7.66%  64.0  825s
 21776 15186 infeasible  118      11101.8700 10251.5185  7.66%  63.8  832s
 21814 15236 10890.9886   52  156 11101.8700 10252.3447  7.65%  64.0  838s
 21885 15312 10450.2166   46  161 11101.8700 10252.9311  7.65%  64.2  845s
 21987 15390     cutoff   72      11101.8700 10253.0200  7.65%  64.3  852s
 22076 15503 10817.0100   68   12 11101.8700 10254.0015  7.64%  64.4  859s
 22184 15508 11057.1200   85    - 11101.8700 10254.0941  7.64%  64.3  860s
 22220 15606     cutoff   90      11101.8700 10254.5908  7.63%  64.4  866s
 22340 15675 10613.0272   55  208 11101.8700 10254.9877  7.63%  64.5  873s
 22427 15761 10710.3865   46   90 11101.8700 10256.2740  7.62%  64.7  881s
 22573 15850 10914.7190   79   23 11101.8700 10256.3312  7.62%  64.7  887s
 22664 15889     cutoff   67      11101.8700 10256.9222  7.61%  64.8  893s
 22717 15948 10935.0826   55   14 11101.8700 10257.4639  7.61%  65.0  899s
 22792 16012 10920.9365   61  101 11101.8700 10257.7267  7.60%  65.3  905s
 22878 16075 11045.0551   77   37 11101.8700 10258.3524  7.60%  65.4  911s
 22949 16186 10876.4337   67   67 11101.8700 10258.9854  7.59%  65.6  920s
 23112 16264 10681.4711   42  151 11101.8700 10259.4185  7.59%  65.6  927s
 23216 16412     cutoff   62      11101.8700 10260.2536  7.58%  65.7  936s
 23408 16526 10839.4349   74   10 11101.8700 10260.3538  7.58%  65.6  942s
 23556 16604     cutoff   92      11101.8700 10261.1909  7.57%  65.6  950s
 23680 16670     cutoff   84      11101.8700 10261.6864  7.57%  65.6  957s
 23761 16721 10771.7926   57  104 11101.8700 10262.2854  7.56%  65.8  964s
 23842 16822 10429.8588   47   21 11101.8700 10262.6554  7.56%  65.9  974s
 23997 16890 10922.5400  101   26 11101.8700 10263.1121  7.56%  65.8  980s
 24078 17003 infeasible  119      11101.8700 10263.4727  7.55%  65.9  987s
 24226 17070 11099.6800   93    - 11101.8700 10263.6983  7.55%  66.0  994s
 24292 17124     cutoff   92      11101.8700 10263.8069  7.55%  66.2 1001s
 24357 17249 10707.0479   59  174 11101.8700 10264.4555  7.54%  66.4 1012s
 24498 17335 10689.0740   50  119 11101.8700 10264.5057  7.54%  66.4 1019s
 24607 17416 11016.9512   80   31 11101.8700 10264.7277  7.54%  66.5 1027s
 24708 17495 10717.4687   60   87 11101.8700 10264.7692  7.54%  66.7 1034s
 24795 17631 10559.9965   44  159 11101.8700 10264.9671  7.54%  66.8 1041s
 24969 17698 10577.0808   33   54 11101.8700 10265.2645  7.54%  66.7 1048s
 25046 17819 10609.9900   36  151 11101.8700 10265.4983  7.53%  66.9 1057s
 25231 17943     cutoff   84      11101.8700 10265.8121  7.53%  66.8 1064s
 25367 18032 10356.7223   41  125 11101.8700 10266.6397  7.52%  66.8 1071s
H25422 15631                    10968.429835 10266.9853  6.40%  66.9 1071s
 25473 15742 10396.8559   38   31 10968.4298 10267.2521  6.39%  66.9 1078s
 25637 15859 10691.6403   74   10 10968.4298 10267.5986  6.39%  66.9 1088s
 25806 15955 infeasible   89      10968.4298 10268.7750  6.38%  66.8 1095s
 25916 16024 10825.8880   63   88 10968.4298 10269.2103  6.37%  66.9 1103s
 26021 16106 10874.3826   67   10 10968.4298 10269.8630  6.37%  67.0 1110s
 26129 16230 10539.4695   44  233 10968.4298 10270.3165  6.36%  67.1 1117s
 26316 16376 10395.3509   32  281 10968.4298 10270.6176  6.36%  66.9 1124s
 26506 16484     cutoff   82      10968.4298 10271.9819  6.35%  66.8 1134s
 26660 16535     cutoff   83      10968.4298 10273.1895  6.34%  66.8 1141s
 26734 16602     cutoff   58      10968.4298 10273.4129  6.34%  67.0 1147s
 26826 16666 10619.7936   59  111 10968.4298 10274.5529  6.33%  67.1 1155s
 26944 16740 10569.1406   36  175 10968.4298 10274.6463  6.33%  67.2 1162s
 27038 16807 10764.0895   47   49 10968.4298 10274.7882  6.32%  67.3 1170s
 27147 16922 10573.1243   58  100 10968.4298 10275.1980  6.32%  67.4 1178s
 27285 17066 10441.6153   36   72 10968.4298 10275.2341  6.32%  67.4 1185s
 27465 17144 10759.2937   68   20 10968.4298 10275.3161  6.32%  67.3 1192s
 27575 17236     cutoff   74      10968.4298 10275.5108  6.32%  67.4 1199s
 27679 17312 10612.0306   71   72 10968.4298 10275.5821  6.32%  67.5 1207s
 27785 17353     cutoff  103      10968.4298 10275.6833  6.32%  67.6 1215s
 27845 17401 10871.6190   54   15 10968.4298 10275.8030  6.31%  67.8 1221s
 27902 17446 10561.9361   46  190 10968.4298 10275.8919  6.31%  68.0 1230s
 27949 17532 10666.9323   56   88 10968.4298 10275.9446  6.31%  68.1 1238s
 28098 17618 10415.3818   37  161 10968.4298 10276.3013  6.31%  68.2 1246s
 28210 17695 10563.4416   62  165 10968.4298 10276.4990  6.31%  68.2 1253s
 28351 17757 10959.0375   85   21 10968.4298 10276.8417  6.31%  68.3 1261s
 28450 17832     cutoff   86      10968.4298 10277.1649  6.30%  68.4 1268s
 28540 17915     cutoff   85      10968.4298 10277.5122  6.30%  68.5 1275s
 28640 18084 10508.6297   38  121 10968.4298 10277.5995  6.30%  68.6 1284s
 28854 18190     cutoff   84      10968.4298 10277.6749  6.30%  68.5 1291s
 28973 18266 10579.0345   47  111 10968.4298 10278.5519  6.29%  68.5 1299s
 29081 18392 10535.3951   48   22 10968.4298 10278.7330  6.29%  68.6 1307s
 29227 18437 10955.4800   84    - 10968.4298 10278.9130  6.29%  68.7 1314s
 29273 18460     cutoff   84      10968.4298 10279.1297  6.28%  68.9 1321s
 29301 18512 10571.7235   39  246 10968.4298 10279.1482  6.28%  69.1 1328s
 29388 18622 10894.3946   53   20 10968.4298 10279.2338  6.28%  69.2 1336s
 29570 18739     cutoff   75      10968.4298 10279.4611  6.28%  69.1 1343s
 29717 18782 10581.3760   38  255 10968.4298 10280.3599  6.27%  69.1 1351s
*29740 17766              98    10921.490000 10280.3599  5.87%  69.2 1351s
 29782 17825 10621.7330   46  123 10921.4900 10280.3599  5.87%  69.2 1361s
 29874 17873     cutoff   76      10921.4900 10280.6629  5.87%  69.3 1368s
 29945 17913 10888.0980   51   24 10921.4900 10281.4079  5.86%  69.4 1376s
 30013 17944 10382.7859   36  240 10921.4900 10281.4079  5.86%  69.6 1383s
H30038 16897                    10884.290000 10281.4079  5.54%  69.7 1383s
 30062 16898 10665.4229   52   60 10884.2900 10281.4079  5.54%  69.8 1393s
H30063 10250                    10664.930000 10281.4079  3.60%  69.8 1393s
 30064 10300     cutoff   53      10664.9300 10281.5478  3.59%  69.8 1400s
 30168 10353 10467.8216   40   55 10664.9300 10282.2201  3.59%  69.9 1408s
 30244 10393 10550.3542   41  174 10664.9300 10282.6475  3.58%  70.0 1415s
 30322 10426 10542.4923   63  206 10664.9300 10282.7653  3.58%  70.2 1422s
 30401 10478 10450.3932   41  101 10664.9300 10283.0001  3.58%  70.3 1430s
 30493 10510 10610.5752   50   12 10664.9300 10283.3377  3.58%  70.4 1438s
 30566 10530 10661.5298   56  110 10664.9300 10283.8176  3.57%  70.5 1447s
 30607 10559 10641.2880   46  127 10664.9300 10283.9768  3.57%  70.8 1456s
 30678 10621 10550.1652   63   16 10664.9300 10284.0447  3.57%  70.8 1464s
 30807 10671     cutoff   59      10664.9300 10284.4027  3.57%  70.9 1472s
 30881 10718 10445.1951   38  122 10664.9300 10284.7680  3.56%  71.0 1480s
 30963 10748 10618.9545   50  126 10664.9300 10284.9681  3.56%  71.2 1489s
 31031 10789 10535.1673   43  176 10664.9300 10285.2229  3.56%  71.3 1496s
 31107 10885 10580.3676   59   10 10664.9300 10285.3701  3.56%  71.5 1504s
 31166 10885 10631.7128   67   15 10664.9300 10285.3701  3.56%  71.4 1505s
 31253 10952     cutoff   53      10664.9300 10286.5756  3.55%  71.5 1512s
 31359 11019 10573.0858   44  164 10664.9300 10287.4718  3.54%  71.6 1520s
 31483 11076     cutoff   77      10664.9300 10287.9252  3.53%  71.6 1528s
 31575 11130 10639.6945   43   66 10664.9300 10288.3194  3.53%  71.7 1535s
 31657 11173 10592.9474   46   85 10664.9300 10288.5231  3.53%  71.8 1543s
H31700 10890                    10656.930000 10288.5231  3.46%  71.9 1544s
 31741 10933 10558.1857   50   77 10656.9300 10288.6857  3.46%  71.9 1550s
 31829 11008 10509.0049   48   46 10656.9300 10289.7890  3.45%  72.0 1558s
 31935 11037 10563.6226   45  219 10656.9300 10289.9637  3.44%  72.1 1565s
 32004 11090     cutoff   62      10656.9300 10290.2592  3.44%  72.3 1574s
 32126 11148     cutoff   54      10656.9300 10290.7602  3.44%  72.3 1582s
 32246 11215     cutoff   44      10656.9300 10291.0305  3.43%  72.4 1590s
 32337 11276 10529.8224   56  179 10656.9300 10291.2682  3.43%  72.5 1599s
 32423 11295 10552.0688   46  179 10656.9300 10291.2931  3.43%  72.6 1607s
 32494 11330 10627.5443   45  163 10656.9300 10291.6253  3.43%  72.7 1615s
 32572 11375 10493.9021   38   83 10656.9300 10291.9132  3.43%  72.8 1623s
 32651 11401     cutoff   51      10656.9300 10292.0541  3.42%  73.0 1632s
 32742 11441 10631.8472   39  199 10656.9300 10292.2173  3.42%  73.1 1640s
 32819 11511 10520.8835   49  132 10656.9300 10292.7118  3.42%  73.3 1648s
 32918 11549     cutoff   47      10656.9300 10293.1328  3.41%  73.4 1659s
 33012 11589     cutoff   57      10656.9300 10293.8635  3.41%  73.5 1670s
 33105 11627 10654.6472   47   25 10656.9300 10294.5109  3.40%  73.6 1678s
 33240 11707     cutoff   39      10656.9300 10295.2077  3.39%  73.6 1686s
 33361 11728     cutoff   40      10656.9300 10295.6245  3.39%  73.6 1694s
 33434 11798 10542.1602   43  114 10656.9300 10296.1633  3.39%  73.8 1703s
 33542 11826 10448.3719   42  163 10656.9300 10296.4821  3.38%  73.8 1712s
 33604 11883 10530.0900   46  243 10656.9300 10296.5581  3.38%  73.9 1720s
 33703 11921 10564.5759   52   41 10656.9300 10296.8978  3.38%  74.0 1729s
 33776 11956 10499.3881   41  186 10656.9300 10297.2007  3.38%  74.2 1736s
 33839 12031 10625.9989   36  121 10656.9300 10297.4031  3.37%  74.3 1745s
 33961 12079 10572.0000   49    6 10656.9300 10297.8442  3.37%  74.4 1753s
 34098 12156     cutoff   50      10656.9300 10298.1170  3.37%  74.4 1761s
 34162 12158 10615.5025   57    4 10656.9300 10298.4678  3.36%  74.5 1766s
 34241 12192     cutoff   62      10656.9300 10298.4774  3.36%  74.4 1774s
 34306 12243 10518.2267   44  187 10656.9300 10298.5751  3.36%  74.6 1783s
 34380 12290 10497.3341   40   24 10656.9300 10298.8436  3.36%  74.7 1791s
 34489 12309 10656.2900   52    - 10656.9300 10299.2199  3.36%  74.8 1803s
 34552 12360     cutoff   54      10656.9300 10299.6640  3.35%  74.9 1813s
 34627 12381 10632.9202   55  102 10656.9300 10300.1008  3.35%  75.0 1821s
 34698 12414 10608.4257   45  166 10656.9300 10300.2343  3.35%  75.1 1830s
 34769 12467     cutoff   43      10656.9300 10300.5253  3.34%  75.3 1838s
 34888 12500 10601.4762   57  172 10656.9300 10301.3638  3.34%  75.3 1847s
 34978 12550 10460.8512   44  187 10656.9300 10301.8319  3.33%  75.4 1856s
 35044 12594 10593.1500   54   95 10656.9300 10302.4090  3.33%  75.6 1864s
 35127 12598 10505.3905   44  208 10656.9300 10302.5687  3.33%  75.5 1865s
 35161 12626     cutoff   59      10656.9300 10302.5869  3.33%  75.6 1875s
 35257 12694 10652.2665   49  137 10656.9300 10302.8022  3.32%  75.7 1884s
 35350 12741 10544.0719   49  138 10656.9300 10303.2176  3.32%  75.8 1893s
 35435 12785 10578.2923   35  127 10656.9300 10303.4476  3.32%  75.9 1903s
 35520 12850     cutoff   47      10656.9300 10303.6940  3.31%  76.0 1912s
 35606 12879 10614.0652   57    8 10656.9300 10304.2998  3.31%  76.1 1921s
 35672 12909 infeasible   64      10656.9300 10304.6273  3.31%  76.3 1930s
 35737 12943 10572.4023   36  221 10656.9300 10304.9909  3.30%  76.4 1939s
 35818 12982 10576.7894   40  173 10656.9300 10305.1525  3.30%  76.5 1947s
 35885 13018 10627.7782   43  146 10656.9300 10305.2865  3.30%  76.7 1957s
 35963 13084 10570.5747   51   44 10656.9300 10306.1903  3.29%  76.8 1967s
 36086 13113 10604.2117   67   12 10656.9300 10306.9409  3.28%  76.8 1976s
 36209 13143     cutoff   71      10656.9300 10307.7042  3.28%  76.8 1985s
 36266 13169     cutoff   41      10656.9300 10308.0349  3.27%  77.0 1993s
 36343 13205 10504.7073   50  244 10656.9300 10308.2950  3.27%  77.1 2004s
 36455 13259     cutoff   52      10656.9300 10308.8032  3.27%  77.2 2014s
 36529 13301 10632.7441   49  130 10656.9300 10308.9626  3.27%  77.3 2022s
 36628 13345     cutoff   52      10656.9300 10309.6528  3.26%  77.4 2032s
 36696 13354 10624.2715   60  102 10656.9300 10310.0219  3.26%  77.5 2042s
 36789 13389 10443.3602   32  121 10656.9300 10310.2112  3.25%  77.6 2051s
 36865 13445 10506.7693   37  203 10656.9300 10310.5754  3.25%  77.7 2060s
 36965 13468 10637.9154   52  118 10656.9300 10311.1460  3.24%  77.8 2070s
 37014 13540     cutoff   49      10656.9300 10311.2703  3.24%  78.0 2080s
 37151 13578     cutoff   37      10656.9300 10311.5635  3.24%  78.0 2092s
 37235 13622 10619.5893   42  245 10656.9300 10311.8588  3.24%  78.1 2101s
 37317 13646 10604.5471   50   10 10656.9300 10312.2216  3.23%  78.2 2112s
 37395 13701 10604.4200   50    - 10656.9300 10312.4519  3.23%  78.3 2122s
 37496 13731     cutoff   58      10656.9300 10312.9858  3.23%  78.4 2131s
 37551 13759 10467.1014   43  224 10656.9300 10313.0751  3.23%  78.6 2139s
 37603 13848     cutoff   54      10656.9300 10313.6827  3.22%  78.7 2149s
 37748 13903 10384.6456   35   92 10656.9300 10314.5657  3.21%  78.7 2160s
 37861 13961 10483.1582   42   68 10656.9300 10314.7579  3.21%  78.8 2170s
 37994 14016     cutoff   50      10656.9300 10315.2531  3.21%  78.8 2180s
 38105 14108 10617.5478   40   27 10656.9300 10315.7665  3.20%  78.9 2190s
 38269 14136     cutoff   46      10656.9300 10316.6549  3.19%  78.8 2200s
 38351 14168 10431.4723   34  257 10656.9300 10317.8718  3.18%  78.9 2209s
 38433 14199     cutoff   53      10656.9300 10318.1404  3.18%  79.0 2220s
 38533 14241 10620.6984   59   52 10656.9300 10318.5040  3.18%  79.1 2229s
 38615 14304 10537.6221   44   51 10656.9300 10318.7393  3.17%  79.2 2238s
 38710 14334 10472.0889   43  225 10656.9300 10319.0773  3.17%  79.3 2247s
 38807 14370 infeasible   60      10656.9300 10319.6229  3.17%  79.4 2258s
 38864 14399 10636.2681   58   98 10656.9300 10319.7254  3.16%  79.5 2268s
 38944 14473 10594.8270   44  163 10656.9300 10320.3270  3.16%  79.6 2277s
 39060 14520 10536.8657   85    8 10656.9300 10320.8042  3.15%  79.7 2286s
 39162 14532 10573.1832   44  210 10656.9300 10320.9670  3.15%  79.7 2298s
 39198 14587 10554.4282   46  123 10656.9300 10321.1457  3.15%  79.8 2308s
*39272 14503              63    10654.930000 10321.4286  3.13%  79.8 2308s
 39318 14552 10567.7294   40  189 10654.9300 10321.4462  3.13%  79.8 2319s
 39420 14592     cutoff   55      10654.9300 10321.6649  3.13%  79.9 2329s
 39514 14658 10645.8034   47  171 10654.9300 10322.1419  3.12%  80.0 2339s
 39614 14692     cutoff   45      10654.9300 10322.2898  3.12%  80.1 2350s
 39687 14719 10632.6858   38  101 10654.9300 10322.3417  3.12%  80.3 2360s
 39761 14751 10542.7518   36  260 10654.9300 10322.5063  3.12%  80.4 2368s
 39861 14811     cutoff   53      10654.9300 10322.5706  3.12%  80.4 2379s
 39954 14860 10499.2431   41  179 10654.9300 10322.7289  3.12%  80.5 2389s
 40039 14915 10578.7692   34  217 10654.9300 10323.0844  3.11%  80.7 2399s
 40134 14941 10633.4505   54  142 10654.9300 10323.3952  3.11%  80.8 2438s
 40196 14997 10499.4315   47  174 10654.9300 10323.6615  3.11%  80.9 2448s
 40296 15030 10580.5391   40  149 10654.9300 10323.7767  3.11%  81.0 2459s
 40386 15051 10606.9168   39   83 10654.9300 10324.0077  3.11%  81.1 2469s
 40463 15097 10542.4334   34  148 10654.9300 10324.4266  3.10%  81.3 2479s
 40545 15163 10555.5211   49  196 10654.9300 10324.7137  3.10%  81.4 2489s
 40665 15200     cutoff   39      10654.9300 10324.9965  3.10%  81.4 2501s
 40746 15280 10559.7298   37  132 10654.9300 10325.6690  3.09%  81.5 2512s
 40866 15320 10480.4414   45   59 10654.9300 10325.8830  3.09%  81.6 2524s
 40964 15396     cutoff   64      10654.9300 10326.4017  3.08%  81.7 2535s
 41081 15447 10612.8437   47   53 10654.9300 10326.8542  3.08%  81.8 2546s
 41184 15517 10448.5960   48   28 10654.9300 10327.2820  3.08%  81.9 2557s
 41317 15569 10639.5726   50   10 10654.9300 10327.5218  3.07%  81.9 2568s
 41417 15622 10623.6641   43  185 10654.9300 10328.0479  3.07%  81.9 2579s
 41517 15658 10575.2700   47    - 10654.9300 10328.2573  3.07%  82.0 2589s
 41535 15659     cutoff   41      10654.9300 10328.3522  3.07%  82.1 2590s
