




arguments: ./build/bc_mirp -f ./input/orig_exec_198.cfg
Current dir: /scratch/gui/bc_mirp
File verbosity level: 9
date       time         ( uptime  ) [ thread name/id ]                   file:line     v| 
2021-02-14 06:32:03.632 (   0.226s) [main thread     ]             loguru.cpp:789   INFO| Logging to './output/vi_vc+hc3/OU/V2/Original/execution_14_02_2021_06_32_03.log', mode: 'a', verbosity: 9
--------------------------------------------------------------------------------
Parameters
                           instance_path           ./input/Instances/Original/5/
                            model_policy                                       1
                             nb_vehicles                                       2
                              output_dir      ./output/vi_vc+hc3/OU/V2/Original/
                            sec_strategy                                       1
                       solver_nb_threads                                       2
                         solver_show_log                                    true
                       solver_time_limit                                    3600
                              use_vi_cos                                   false
                              use_vi_cus                                   false
                         use_vi_hc1_full                                   false
                         use_vi_hc1_half                                   false
                      use_vi_hc1_quarter                                   false
                              use_vi_hc2                                   false
                              use_vi_hc3                                    true
                         use_vi_lex_full                                   false
                         use_vi_lex_half                                   false
                      use_vi_lex_quarter                                   false
                              use_vi_qua                                   false
                               use_vi_vc                                    true
                               use_vi_vr                                   false
--------------------------------------------------------------------------------
executing instance: ./input/Instances/Original/5/absH3low_4n50.dat
--------------------------------------------------------------------------------
Instance details
n	51
H	3
C	4066
Li:
[0, 0, 0, 0, 0, 0, 0, 0, 0, 0, 0, 0, 0, 0, 0, 0, 0, 0, 0, 0, 0, 0, 0, 0, 0, 0, 0, 0, 0, 0, 0, 0, 0, 0, 0, 0, 0, 0, 0, 0, 0, 0, 0, 0, 0, 0, 0, 0, 0, 0, 0, ]
Ui:
[0, 108, 126, 122, 66, 120, 48, 30, 128, 54, 158, 198, 36, 66, 210, 234, 147, 297, 171, 128, 116, 120, 219, 70, 294, 207, 134, 128, 234, 122, 22, 183, 195, 255, 132, 124, 66, 189, 219, 66, 128, 102, 288, 66, 87, 136, 36, 39, 282, 36, 237, ]
Distance matrix:
|0	210	444	498	509	104	438	228	487	304	456	434	526	476	163	47	293	396	293	290	313	85	280	437	293	336	409	106	449	376	433	478	193	404	404	534	278	181	380	507	189	438	263	473	353	216	202	218	452	254	465	|
|210	0	299	507	359	106	345	409	358	411	320	402	555	448	136	200	289	264	306	427	141	222	83	348	264	320	283	303	380	208	258	357	170	348	475	542	243	347	355	379	65	479	172	373	355	251	112	229	402	210	300	|
|444	299	0	363	65	358	116	542	66	440	26	241	425	272	282	407	251	51	276	490	159	397	224	124	217	237	48	490	170	99	83	74	261	180	430	385	214	479	231	85	270	390	184	116	271	300	409	276	210	215	54	|
|498	507	363	0	385	482	246	424	326	254	343	123	63	93	388	452	221	337	211	314	428	414	480	239	243	187	324	463	194	418	438	307	346	188	156	36	264	392	156	326	444	87	340	258	154	286	603	294	153	297	417	|
|509	359	65	385	0	422	145	602	59	492	59	269	448	292	348	472	305	115	329	545	218	462	281	152	274	286	106	554	192	153	116	78	326	216	472	403	274	540	271	63	334	425	249	127	316	361	468	337	233	278	69	|
|104	106	358	482	422	0	372	309	408	337	374	396	521	441	98	96	262	314	271	342	215	124	177	373	249	302	329	198	394	281	337	402	139	353	419	518	230	250	343	428	90	437	188	405	328	200	134	188	406	199	372	|
|438	345	116	246	145	372	0	485	87	357	97	126	309	155	279	394	180	101	200	414	223	373	288	8	157	150	84	459	53	188	196	68	245	72	328	269	165	427	128	97	297	280	184	36	175	250	456	233	94	184	170	|
|228	409	542	424	602	309	485	0	561	170	544	419	424	446	298	214	305	491	286	115	462	187	457	480	331	339	496	124	470	510	565	545	295	424	279	454	329	66	376	576	363	340	370	520	330	242	429	266	453	328	581	|
|487	358	66	326	59	408	87	561	0	441	40	211	389	233	324	446	258	95	281	497	220	431	287	95	230	234	79	522	133	164	146	19	297	160	415	344	233	500	215	21	323	367	224	68	261	320	470	299	174	242	106	|
|304	411	440	254	492	337	357	170	441	0	434	266	255	286	275	266	189	392	164	63	408	225	428	351	224	207	392	234	330	438	484	424	250	287	112	284	232	149	233	453	349	170	302	389	185	168	471	195	305	248	487	|
|456	320	26	343	59	374	97	544	40	434	0	223	406	252	294	418	247	60	271	487	181	405	247	105	215	229	49	498	149	124	109	48	270	165	419	364	215	482	218	60	288	375	194	92	261	302	431	279	190	220	75	|
|434	402	241	123	269	396	126	419	211	266	223	0	185	46	298	387	140	213	145	328	310	355	366	118	147	97	201	425	78	295	315	191	256	65	211	151	166	371	53	215	343	157	231	145	90	220	505	217	41	198	295	|
|526	555	425	63	448	521	309	424	389	255	406	185	0	156	430	481	266	398	252	310	485	442	534	301	293	237	386	480	257	478	500	370	390	249	145	55	313	401	212	389	491	89	392	321	201	322	646	334	216	345	479	|
|476	448	272	93	292	441	155	446	233	286	252	46	156	0	343	429	183	250	184	348	353	396	411	148	192	140	236	461	102	334	350	214	302	106	214	113	212	402	98	233	389	151	277	165	125	261	551	260	62	244	325	|
|163	136	282	388	348	98	279	298	324	275	294	298	430	343	0	124	167	234	178	296	167	121	162	279	151	205	247	216	297	224	280	316	42	256	340	423	132	232	246	344	74	349	100	314	233	115	216	97	308	101	307	|
|47	200	407	452	472	96	394	214	446	266	418	387	481	429	124	0	246	358	245	259	284	41	261	392	247	289	370	103	403	345	402	436	150	358	361	488	232	158	333	466	165	393	223	430	306	168	217	171	406	210	431	|
|293	289	251	221	305	262	180	305	258	189	247	140	266	183	167	246	0	204	26	240	238	215	276	175	37	43	203	289	169	255	297	242	125	122	202	257	52	248	87	272	225	191	134	215	67	80	382	77	163	81	298	|
|396	264	51	337	115	314	101	491	95	392	60	213	398	250	234	358	204	0	229	442	130	347	196	108	169	194	19	440	152	87	102	93	211	149	390	363	165	428	194	116	228	355	134	117	230	250	376	225	189	164	95	|
|293	306	276	211	329	271	200	286	281	164	271	145	252	184	178	245	26	229	0	216	262	212	297	195	63	53	228	280	184	280	323	264	138	137	178	248	76	232	95	294	241	173	156	234	60	77	395	83	172	102	324	|
|290	427	490	314	545	342	414	115	497	63	487	328	310	348	296	259	240	442	216	0	443	220	456	408	273	264	443	204	390	479	529	480	278	346	165	343	278	115	293	509	369	229	340	447	244	202	473	230	366	288	536	|
|313	141	159	428	218	215	223	462	220	408	181	310	485	353	167	284	238	130	262	443	0	288	67	228	202	252	149	382	267	67	122	221	168	247	440	459	186	396	273	241	125	423	107	245	291	242	251	214	297	162	160	|
|85	222	397	414	462	124	373	187	431	225	405	355	442	396	121	41	215	347	212	220	288	0	273	371	221	258	357	95	378	344	401	420	136	331	321	450	208	126	302	450	177	353	213	409	272	136	253	143	377	190	426	|
|280	83	224	480	281	177	288	457	287	428	247	366	534	411	162	261	276	196	297	456	67	273	0	292	243	298	215	363	329	128	176	288	179	305	475	513	224	392	324	307	96	466	143	311	335	261	187	235	357	195	219	|
|437	348	124	239	152	373	8	480	95	351	105	118	301	148	279	392	175	108	195	408	228	371	292	0	154	144	91	456	46	194	203	76	244	65	320	261	163	423	121	103	299	273	185	40	168	247	459	230	86	183	178	|
|293	264	217	243	274	249	157	331	230	224	215	147	293	192	151	247	37	169	63	273	202	221	243	154	0	57	170	303	157	217	260	215	110	111	238	278	21	271	94	245	201	223	100	193	92	93	362	78	160	54	263	|
|336	320	237	187	286	302	150	339	234	207	229	97	237	140	205	289	43	194	53	264	252	258	298	144	57	0	190	331	131	257	294	216	163	84	197	221	77	285	44	246	258	172	155	183	39	123	418	119	120	110	288	|
|409	283	48	324	106	329	84	496	79	392	49	201	386	236	247	370	203	19	228	443	149	357	215	91	170	190	0	449	136	105	114	75	221	138	384	349	168	434	185	99	245	346	146	98	224	255	394	231	174	171	99	|
|106	303	490	463	554	198	459	124	522	234	498	425	480	461	216	103	289	440	280	204	382	95	363	456	303	331	449	0	458	439	496	510	229	410	344	498	293	89	374	540	267	391	307	495	336	211	308	226	451	280	520	|
|449	380	170	194	192	394	53	470	133	330	149	78	257	102	297	403	169	152	184	390	267	378	329	46	157	131	136	458	0	238	249	114	259	47	287	216	171	416	96	137	327	235	211	67	145	247	488	235	41	197	223	|
|376	208	99	418	153	281	188	510	164	438	124	295	478	334	224	345	255	87	280	479	67	344	128	194	217	257	105	439	238	0	57	169	216	230	453	445	206	445	268	184	191	427	141	202	296	278	315	250	274	191	92	|
|433	258	83	438	116	337	196	565	146	484	109	315	500	350	280	402	297	102	323	529	122	401	176	203	260	294	114	496	249	57	0	157	271	252	490	463	251	499	296	162	247	457	195	199	331	329	362	302	288	241	47	|
|478	357	74	307	78	402	68	545	19	424	48	191	370	214	316	436	242	93	264	480	221	420	288	76	215	216	75	510	114	169	157	0	287	141	396	325	219	485	196	31	319	347	216	49	243	306	469	286	154	230	120	|
|193	170	261	346	326	139	245	295	297	250	270	256	390	302	42	150	125	211	138	278	168	136	179	244	110	163	221	229	259	216	271	287	0	216	305	382	91	229	204	316	105	310	78	280	192	83	257	60	268	62	292	|
|404	348	180	188	216	353	72	424	160	287	165	65	249	106	256	358	122	149	137	346	247	331	305	65	111	84	138	410	47	230	252	141	216	0	255	215	126	369	56	168	292	210	177	102	103	200	454	189	54	155	234	|
|404	475	430	156	472	419	328	279	415	112	419	211	145	214	340	361	202	390	178	165	440	321	475	320	238	197	384	344	287	453	490	396	305	255	0	181	254	261	201	422	410	69	335	353	160	225	551	246	252	280	482	|
|534	542	385	36	403	518	269	454	344	284	364	151	55	113	423	488	257	363	248	343	459	450	513	261	278	221	349	498	216	445	463	325	382	215	181	0	298	425	189	342	479	115	373	276	190	323	638	330	175	332	439	|
|278	243	214	264	274	230	165	329	233	232	215	166	313	212	132	232	52	165	76	278	186	208	224	163	21	77	168	293	171	206	251	219	91	126	254	298	0	267	114	250	181	242	82	202	112	88	341	68	177	33	258	|
|181	347	479	392	540	250	427	66	500	149	482	371	401	402	232	158	248	428	232	115	396	126	392	423	271	285	434	89	416	445	499	485	229	369	261	425	267	0	325	516	298	313	305	463	281	180	375	203	403	264	516	|
|380	355	231	156	271	343	128	376	215	233	218	53	212	98	246	333	87	194	95	293	273	302	324	121	94	44	185	374	96	268	296	196	204	56	201	189	114	325	0	224	294	161	185	157	49	167	455	163	78	147	284	|
|507	379	85	326	63	428	97	576	21	453	60	215	389	233	344	466	272	116	294	509	241	450	307	103	245	246	99	540	137	184	162	31	316	168	422	342	250	516	224	0	344	371	244	70	271	337	490	317	176	261	120	|
|189	65	270	444	334	90	297	363	323	349	288	343	491	389	74	165	225	228	241	369	125	177	96	299	201	258	245	267	327	191	247	319	105	292	410	479	181	298	294	344	0	414	116	328	291	187	163	165	345	147	282	|
|438	479	390	87	425	437	280	340	367	170	375	157	89	151	349	393	191	355	173	229	423	353	466	273	223	172	346	391	235	427	457	347	310	210	69	115	242	313	161	371	414	0	323	301	133	238	565	253	197	273	444	|
|263	172	184	340	249	188	184	370	224	302	194	231	392	277	100	223	134	134	156	340	107	213	143	185	100	155	146	307	211	141	195	216	78	177	335	373	82	305	185	244	116	323	0	217	192	138	278	110	230	55	214	|
|473	373	116	258	127	405	36	520	68	389	92	145	321	165	314	430	215	117	234	447	245	409	311	40	193	183	98	495	67	202	199	49	280	102	353	276	202	463	157	70	328	301	217	0	205	286	485	269	106	220	167	|
|353	355	271	154	316	328	175	330	261	185	261	90	201	125	233	306	67	230	60	244	291	272	335	168	92	39	224	336	145	296	331	243	192	103	160	190	112	281	49	271	291	133	192	205	0	138	449	141	123	145	323	|
|216	251	300	286	361	200	250	242	320	168	302	220	322	261	115	168	80	250	77	202	242	136	261	247	93	123	255	211	247	278	329	306	83	200	225	323	88	180	167	337	187	238	138	286	138	0	328	28	243	88	340	|
|202	112	409	603	468	134	456	429	470	471	431	505	646	551	216	217	382	376	395	473	251	253	187	459	362	418	394	308	488	315	362	469	257	454	551	638	341	375	455	490	163	565	278	485	449	328	0	313	508	308	406	|
|218	229	276	294	337	188	233	266	299	195	279	217	334	260	97	171	77	225	83	230	214	143	235	230	78	119	231	226	235	250	302	286	60	189	246	330	68	203	163	317	165	253	110	269	141	28	313	0	235	61	315	|
|452	402	210	153	233	406	94	453	174	305	190	41	216	62	308	406	163	189	172	366	297	377	357	86	160	120	174	451	41	274	288	154	268	54	252	175	177	403	78	176	345	197	230	106	123	243	508	235	0	207	264	|
|254	210	215	297	278	199	184	328	242	248	220	198	345	244	101	210	81	164	102	288	162	190	195	183	54	110	171	280	197	191	241	230	62	155	280	332	33	264	147	261	147	273	55	220	145	88	308	61	207	0	253	|
|465	300	54	417	69	372	170	581	106	487	75	295	479	325	307	431	298	95	324	536	160	426	219	178	263	288	99	520	223	92	47	120	292	234	482	439	258	516	284	120	282	444	214	167	323	340	406	315	264	253	0	|

--------------------------------------------------------------------------------
Building model...
	using lazy and cut (CVRPSEP package)
Solving IRP LP...
--------------------------------------------------------------------------------

Gurobi 9.1.0 (linux64) logging started Sun Feb 14 06:32:04 2021

Gurobi Optimizer version 9.1.0 build v9.1.0rc0 (linux64)
Thread count: 32 physical cores, 32 logical processors, using up to 2 threads
Optimize a model with 1572 rows, 8460 columns and 23253 nonzeros
Model fingerprint: 0x4ad49bb0
Variable types: 504 continuous, 7956 integer (306 binary)
Coefficient statistics:
  Matrix range     [1e+00, 2e+03]
  Objective range  [1e-02, 6e+02]
  Bounds range     [1e+00, 3e+02]
  RHS range        [1e+00, 7e+03]
Presolve removed 545 rows and 122 columns
Presolve time: 0.08s
Presolved: 1027 rows, 8338 columns, 18321 nonzeros
Variable types: 382 continuous, 7956 integer (7656 binary)

Root relaxation: objective 3.280950e+03, 957 iterations, 0.03 seconds

    Nodes    |    Current Node    |     Objective Bounds      |     Work
 Expl Unexpl |  Obj  Depth IntInf | Incumbent    BestBd   Gap | It/Node Time

     0     0 3280.94990    0  141          - 3280.94990      -     -    0s
     0     0 3694.03160    0  136          - 3694.03160      -     -    0s
     0     0 3695.63807    0  148          - 3695.63807      -     -    0s
     0     0 4371.79875    0  177          - 4371.79875      -     -    0s
     0     0 4378.53256    0  121          - 4378.53256      -     -    0s
     0     0 4379.53256    0  155          - 4379.53256      -     -    0s
     0     0 4438.74151    0  242          - 4438.74151      -     -    1s
     0     0 4468.50568    0  195          - 4468.50568      -     -    1s
     0     0 4478.31616    0  204          - 4478.31616      -     -    1s
     0     0 4479.67271    0  220          - 4479.67271      -     -    1s
     0     0 4521.59087    0  293          - 4521.59087      -     -    2s
     0     0 4528.11266    0  274          - 4528.11266      -     -    2s
     0     0 4530.92598    0  262          - 4530.92598      -     -    2s
     0     0 4531.98715    0  264          - 4531.98715      -     -    2s
     0     0 4550.03663    0  254          - 4550.03663      -     -    2s
     0     0 4559.84709    0  244          - 4559.84709      -     -    2s
     0     0 4563.40732    0  295          - 4563.40732      -     -    2s
     0     0 4563.86860    0  288          - 4563.86860      -     -    2s
     0     0 4570.61150    0  336          - 4570.61150      -     -    2s
     0     0 4573.70738    0  322          - 4573.70738      -     -    3s
     0     0 4575.26643    0  321          - 4575.26643      -     -    3s
     0     0 4579.92816    0  365          - 4579.92816      -     -    3s
     0     0 4579.92816    0  365          - 4579.92816      -     -    4s
     0     2 4579.92816    0  310          - 4579.92816      -     -    4s
     3     6 4588.07107    2  334          - 4580.91235      -   293    5s
   100   105 4981.44324   28  184          - 4590.60968      -   217   10s
   310   331 5328.71850   80   75          - 4590.60968      -   129   15s
   628   682 6288.24615  166   15          - 4590.60968      -  94.5   20s
   742   724 5628.43000  150  388          - 4591.46886      -  84.7   25s
   762   737 6600.89000  224  403          - 4621.69663      -  82.5   30s
   774   745 5505.86500   92  432          - 4627.33551      -  81.2   35s
   786   753 7433.79842  241  461          - 4630.15550      -  79.9   45s
   789   755 4788.08097   20  458          - 4630.15947      -  79.6   51s
   792   760 4654.80875   16  259          - 4633.55719      -  90.7   55s
   851   802 4875.83267   29  200          - 4657.47007      -  99.2   60s
   964   881 4999.64507   56  147          - 4657.47007      -   103   65s
  1125   999 5590.96393  105   81          - 4657.47007      -   104   70s
  1279  1074 infeasible  159               - 4658.10609      -   103   75s
  1341  1115 4817.77739   21  389          - 4658.10609      -   106   80s
  1415  1168 4956.06649   27  140          - 4658.10609      -   106   85s
  1509  1205 5166.78137   41  124          - 4658.10609      -   108   90s
  1572  1255 5418.23980   63   77          - 4658.10609      -   111   95s
  1661  1298 5851.61906   95   43          - 4667.41284      -   110  103s
  1683  1314 4736.57664   19  411          - 4667.41284      -   111  106s
  1716  1345 4796.14874   22  197          - 4667.41284      -   112  111s
  1776  1400 4891.79517   35  112          - 4667.41284      -   112  115s
  1893  1490 4958.22247   52   81          - 4667.41284      -   109  120s
  1988  1577 5312.55718   72   28          - 4667.41284      -   107  125s
  2237  1604 5793.45098  105   43          - 4667.41284      -   100  131s
  2295  1598 4758.79985   20  235          - 4668.58521      -   100  135s
  2327  1631 4876.93908   37   81          - 4668.58521      -   101  142s
  2351  1658 4875.07410   40  153          - 4668.58521      -   102  145s
  2423  1726 5014.38230   56   89          - 4668.58521      -   103  150s
  2542  1859 5200.50170  100   23          - 4668.58521      -   103  156s
  2651  1919 5358.95000  121    6          - 4672.39391      -   101  161s
  2808  2031 4816.83882   18  363          - 4672.39391      -  97.5  166s
  2950  2003 4906.00458   20  403          - 4672.39391      -  94.3  176s
  2965  2091 4918.87730   23  378          - 4672.39391      -  94.7  195s
  3123  2123 5078.32370   32   99          - 4672.39391      -  93.6  201s
  3190  2235 5158.40847   46   24          - 4672.39391      -  95.7  208s
  3259  2343 5351.42283   59   66          - 4672.39391      -  95.9  212s
  3367  2454 5398.30775   88   46          - 4672.39391      -  95.0  217s
  3510  2562 5563.35937  117    3          - 4672.39391      -  93.4  222s
  3620  2756 5752.24066  117   60          - 4672.39391      -  92.9  229s
  3800  2766 5176.55667   69   16          - 4672.39391      -  90.3  230s
  3837  2957 6363.71822  210    4          - 4704.44614      -  89.8  235s
  4088  3101 4777.63807   21  385          - 4704.44614      -  86.4  240s
  4269  3182 4981.83854   34  139          - 4704.44614      -  84.4  245s
  4320  3233 5159.57834   49   79          - 4710.05499      -  85.9  250s
  4457  3331 5028.70511   32  175          - 4710.05499      -  88.3  259s
  4511  3359 5220.16232   60   47          - 4710.73472      -  89.3  264s
  4559  3381 4864.91523   22  361          - 4710.73472      -  91.0  268s
  4581  3411 5018.09546   29  230          - 4710.73472      -  92.4  273s
  4611  3486 5127.92230   35  139          - 4710.73472      -  93.8  278s
  4686  3602 5207.48409   43  161          - 4710.73472      -  94.5  284s
  4704  3602 5275.14137   52   89          - 4710.73472      -  94.9  285s
  4832  3782 5394.11031   52   29          - 4710.73472      -  94.1  306s
  5011  4077 5699.08718   99   51          - 4710.73472      -  93.9  313s
  5173  4094 6447.11488  174   18          - 4710.73472      -  92.3  315s
  5375  4190 6565.36000  144    -          - 4713.64083      -  89.7  321s
  5534  4327 4960.78767   35  101          - 4713.64083      -  89.5  328s
  5640  4393 5175.74914   55   72          - 4721.26046      -  90.4  334s
  5720  4451 4931.29995   21  265          - 4721.26046      -  91.1  369s
  5733  4451 5085.58093   48   37          - 4721.26046      -  91.8  370s
  5788  4507 5088.14264   28  207          - 4721.26046      -  92.1  376s
  5844  4604 5210.58641   41  138          - 4721.26046      -  93.5  383s
  5951  4690 5490.77028   56   28          - 4721.26046      -  94.1  389s
  5969  4691 5518.98426   68   21          - 4721.26046      -  94.5  390s
  6045  4826 5534.84500   60   33          - 4721.26046      -  95.2  398s
  6226  5000 5598.13224   62   76          - 4721.26046      -  95.3  407s
  6429  5236 5644.12000   63    -          - 4732.92411      -  95.0  425s
  6845  5368 4904.20265   26  332          - 4736.83120      -  91.5  433s
  6883  5402 5013.48305   42  256          - 4736.83120      -  92.7  440s
  6917  5508 5200.78643   49  175          - 4736.83120      -  93.6  446s
  7023  5815 5368.74000   70    6          - 4742.46613      -  94.3  457s
  7404  5968 4886.38396   21  284          - 4742.46613      -  91.1  471s
  7616  6177 4965.59178   36  121          - 4742.46613      -  90.5  483s
  7821  6267 5072.88846   56  104          - 4742.46613      -  90.6  492s
  7889  6493 5262.08781   86   79          - 4742.46613      -  91.6  502s
  8117  6588 7284.30000  180    -          - 4756.34285      -  91.3  512s
  8245  6902 5159.91875   59   14          - 4759.17783      -  91.7  525s
  8689  7153 5017.34934   34   94          - 4762.64885      -  88.9  539s
  8725  7153 5214.15085   55   34          - 4762.64885      -  89.1  547s
  8932  7251 4838.19908   22  214          - 4765.06051      -  88.2  556s
  9006  7410 5120.46892   42  136          - 4765.35306      -  89.2  566s
  9227  7538 5470.21919   78   16          - 4766.68438      -  89.1  576s
  9370  7627 5071.97516   32  110          - 4766.68438      -  89.7  583s
  9448  7732 5355.34347   52   40          - 4772.65743      -  90.7  595s
  9585  8064 5010.38176   39   65          - 4772.69283      -  91.5  608s
H 9603  8032                    8005.9300000 4772.69283  40.4%  91.4  608s
  9815  8065 5352.41447   78   33 8005.93000 4774.14796  40.4%  90.7  610s
 10067  8125 6187.92000  124    - 8005.93000 4774.30596  40.4%  89.2  618s
 10110  8129 6201.96000  124    - 8005.93000 4777.94689  40.3%  89.9  641s
 10120  8213 4819.67596   23  339 8005.93000 4777.94689  40.3%  90.0  649s
H10144  7664                    6766.4900000 4777.94689  29.4%  90.5  649s
 10218  7761 5094.09936   43   49 6766.49000 4780.07579  29.4%  90.6  658s
 10332  7879 4993.87002   31  165 6766.49000 4781.46731  29.3%  91.1  667s
 10491  7960     cutoff  109      6766.49000 4784.33890  29.3%  91.1  676s
 10589  8028 4992.70867   42  308 6766.49000 4784.63092  29.3%  91.4  685s
 10684  8100 5640.34231   84   34 6766.49000 4790.35537  29.2%  91.6  693s
 10788  8121     cutoff  128      6766.49000 4791.66735  29.2%  91.7  701s
 10815  8205 5157.15938   31  319 6766.49000 4791.68552  29.2%  92.5  747s
 10903  8329 6293.69000   99   61 6766.49000 4792.65614  29.2%  92.7  758s
 11058  8468 6682.08245  136   17 6766.49000 4794.24587  29.1%  92.8  769s
 11187  8469 5770.68952   85    9 6766.49000 4795.07427  29.1%  92.9  770s
 11230  8547     cutoff  146      6766.49000 4795.24827  29.1%  92.7  783s
 11316  8625 5126.50147   31  407 6766.49000 4795.70179  29.1%  92.8  805s
 11394  8681 5946.71000  100    - 6766.49000 4797.20896  29.1%  93.1  816s
 11468  8811 5219.30963   50   89 6766.49000 4797.20896  29.1%  93.7  827s
 11593  9057 5671.89000   80    4 6766.49000 4797.49182  29.1%  93.9  842s
 11873  9163     cutoff  232      6766.49000 4797.70759  29.1%  92.7  854s
 11997  9268 5175.42492   28  174 6766.49000 4798.95253  29.1%  93.0  863s
 12112  9454 5378.65594   44   99 6766.49000 4799.13266  29.1%  93.1  875s
 12342  9549     cutoff   81      6766.49000 4800.06288  29.1%  92.6  885s
 12456  9664 5238.53381   25  162 6766.49000 4802.88089  29.0%  93.0  896s
 12606  9836 4997.83580   29  162 6766.49000 4807.89010  28.9%  93.0  909s
 12725  9836 6020.20178  129   23 6766.49000 4807.91138  28.9%  92.9  910s
 12808  9985 4914.21181   24  364 6766.49000 4807.91138  28.9%  92.8  921s
 12982 10101 6176.73125   73   48 6766.49000 4809.01860  28.9%  92.8  933s
 13129 10258     cutoff  115      6766.49000 4809.86717  28.9%  92.7  943s
 13331 10411 5181.50159   38  153 6766.49000 4810.95692  28.9%  92.5  955s
 13489 10664 5184.96984   48   69 6766.49000 4811.75337  28.9%  92.8  967s
 13884 10733 6374.53800  129   27 6766.49000 4811.75523  28.9%  91.0  970s
 13895 10915     cutoff  143      6766.49000 4811.98039  28.9%  91.2  981s
 14132 10994 infeasible  163      6766.49000 4812.45967  28.9%  90.7  995s
 14229 11039 5739.01000   71   16 6766.49000 4813.21965  28.9%  91.2 1009s
 14286 11305 5865.92239   75   21 6766.49000 4813.21965  28.9%  91.8 1022s
 14618 11487 5942.68589   77   37 6766.49000 4813.21965  28.9%  90.7 1045s
 14866 11642 6261.51000   94    4 6766.49000 4814.70738  28.8%  89.8 1058s
 15034 11773     cutoff  138      6766.49000 4815.02927  28.8%  89.9 1079s
 15080 11773 5557.36898   65   61 6766.49000 4815.02927  28.8%  90.1 1089s
 15203 11855 4951.37100   21  399 6766.49000 4815.60561  28.8%  90.1 1100s
 15314 11907 5026.99509   26  346 6766.49000 4815.60561  28.8%  90.4 1109s
 15361 11938 5236.08658   33  246 6766.49000 4815.60561  28.8%  91.1 1118s
 15392 12054 5418.30541   39  199 6766.49000 4815.60561  28.8%  91.7 1129s
 15511 12059 6505.35697  136   20 6766.49000 4815.60561  28.8%  91.8 1130s
 15526 12160 5580.94021   49  122 6766.49000 4815.60561  28.8%  91.8 1139s
 15611 12160 6299.80870  123   12 6766.49000 4815.60561  28.8%  91.8 1140s
 15644 12253 6530.85979   87   20 6766.49000 4817.80256  28.8%  92.0 1150s
 15765 12352 5370.15697   33  181 6766.49000 4818.76317  28.8%  92.3 1181s
 15894 12472 4947.95504   23  167 6766.49000 4819.41986  28.8%  92.6 1192s
 16032 12498 4900.34687   24  265 6766.49000 4819.41986  28.8%  92.7 1202s
 16071 12597 5082.90976   30  100 6766.49000 4819.41986  28.8%  93.3 1213s
 16192 12646 5135.12566   43   61 6766.49000 4819.41986  28.8%  93.5 1242s
 16231 12699 5269.56778   57  105 6766.49000 4819.41986  28.8%  94.3 1253s
 16284 12811 5334.85468   77   39 6766.49000 4819.41986  28.8%  95.1 1265s
 16404 12937 6172.55469  128   29 6766.49000 4820.75634  28.8%  95.5 1279s
 16495 12944 6329.93895  174    7 6766.49000 4820.75634  28.8%  95.1 1280s
 16611 13032 6715.68000  159    - 6766.49000 4823.42565  28.7%  95.4 1320s
 16727 13123 6725.35000  159    - 6766.49000 4824.19624  28.7%  95.6 1332s
 16868 13195     cutoff  159      6766.49000 4825.77168  28.7%  95.8 1343s
 16941 13357 5642.73286   53  106 6766.49000 4825.83044  28.7%  96.2 1369s
 16979 13357 6059.75000   91   16 6766.49000 4825.83044  28.7%  96.0 1370s
 17162 13408     cutoff  125      6766.49000 4827.18784  28.7%  95.9 1381s
 17224 13554 5294.06547   35  205 6766.49000 4827.32793  28.7%  96.5 1393s
 17384 13668 5604.68583   50  130 6766.49000 4827.32793  28.7%  96.6 1406s
 17491 13875 6262.53297   70   36 6766.49000 4827.57799  28.7%  97.1 1422s
 17760 13930 infeasible   89      6766.49000 4827.89510  28.6%  96.6 1434s
 17799 13930 5603.30838   54   75 6766.49000 4827.89510  28.6%  96.6 1435s
 17826 13992 5023.64741   32  371 6766.49000 4828.74029  28.6%  97.0 1448s
 17900 14081 5585.30289   74   34 6766.49000 4829.19031  28.6%  97.4 1460s
 18014 14206 infeasible  132      6766.49000 4830.20985  28.6%  97.6 1472s
 18145 14288 5201.42794   40  194 6766.49000 4830.52488  28.6%  97.8 1500s
 18259 14422 4893.84279   29  196 6766.49000 4830.73314  28.6%  98.1 1512s
 18401 14519 5133.79491   57   99 6766.49000 4831.61570  28.6%  98.2 1524s
 18473 14525 5610.80429   98   15 6766.49000 4831.61570  28.6%  98.1 1525s
 18584 14614 6546.98000  126    - 6766.49000 4832.28165  28.6%  98.1 1536s
 18668 14654     cutoff  126      6766.49000 4832.39075  28.6%  98.2 1550s
 18716 14684 6740.98000  126    - 6766.49000 4833.46408  28.6%  98.6 1559s
 18738 14687     cutoff  119      6766.49000 4833.99627  28.6%  98.9 1560s
 18751 14760 6749.65000  125    - 6766.49000 4834.10039  28.6%  99.2 1571s
 18830 14873 5302.23191   83   68 6766.49000 4834.75842  28.5%   100 1585s
 18991 14939 infeasible  140      6766.49000 4834.91456  28.5%  99.5 1597s
 19042 15007 5167.61895   34  198 6766.49000 4834.91456  28.5%   100 1609s
 19114 15085 5488.04502   43  230 6766.49000 4834.91456  28.5%   101 1633s
 19240 15240 5565.25359   53  154 6766.49000 4834.91456  28.5%   101 1645s
 19405 15392 5946.37813   73   76 6766.49000 4836.13871  28.5%   101 1674s
 19423 15392 6256.57833   82   46 6766.49000 4836.13871  28.5%   101 1675s
 19589 15499 6755.36000  111    - 6766.49000 4837.12822  28.5%   100 1690s
*19646 15474             128    6754.0400000 4837.36389  28.4%   100 1690s
 19727 15600     cutoff  111      6754.04000 4837.40135  28.4%   100 1702s
 19904 15665 6232.68000  108    - 6754.04000 4838.91529  28.4%   100 1715s
 19986 15817 5395.66013   36  114 6754.04000 4839.33394  28.3%   101 1730s
 20160 15820 5739.96861   51   33 6754.04000 4839.33394  28.3%   101 1781s
 20165 15927 5730.92598   50   51 6754.04000 4839.96569  28.3%   101 1798s
 20282 16033 4926.47833   22  259 6754.04000 4840.16746  28.3%   101 1811s
 20410 16141 5484.92500   61   27 6754.04000 4840.92809  28.3%   101 1823s
 20543 16249 6649.42500  104   22 6754.04000 4841.37812  28.3%   101 1839s
 20669 16308     cutoff  108      6754.04000 4842.29294  28.3%   101 1851s
 20750 16385 5217.03083   44   73 6754.04000 4842.30366  28.3%   101 1864s
 20786 16385 5287.24415   30  249 6754.04000 4842.30366  28.3%   102 1865s
 20833 16499 5774.48512   80   34 6754.04000 4842.32066  28.3%   102 1923s
 20976 16580     cutoff  121      6754.04000 4842.92936  28.3%   102 1936s
 21078 16659 5955.19962   72   26 6754.04000 4843.22305  28.3%   102 1948s
 21193 16768     cutoff  121      6754.04000 4843.55981  28.3%   102 1960s
 21297 16826 5602.78636   54   27 6754.04000 4843.62859  28.3%   103 1976s
 21377 16871 5100.10963   27  394 6754.04000 4843.86781  28.3%   103 1987s
 21422 17015 5531.78655   51  174 6754.04000 4843.87997  28.3%   104 1999s
 21460 17015 5923.85457   89   19 6754.04000 4843.87997  28.3%   103 2000s
 21587 17081 5255.97847   33  143 6754.04000 4844.10525  28.3%   104 2014s
 21653 17230 5986.99583   82    6 6754.04000 4844.19830  28.3%   104 2027s
 21872 17258     cutoff  133      6754.04000 4845.68942  28.3%   104 2039s
 21899 17292 5165.91505   28  227 6754.04000 4845.98895  28.3%   104 2050s
 21933 17344 5315.38689   32  186 6754.04000 4845.98895  28.3%   105 2064s
 21985 17490 5410.68901   38  168 6754.04000 4845.98895  28.3%   105 2078s
 22133 17565 5995.65147   61   27 6754.04000 4846.05661  28.2%   105 2109s
 22276 17572 5125.35510   32  189 6754.04000 4846.06975  28.2%   105 2110s
 22280 17667 6671.04000   88    - 6754.04000 4846.15341  28.2%   106 2122s
 22397 17754 6727.11730   88   31 6754.04000 4846.80950  28.2%   106 2136s
 22541 17891 5096.13497   33  171 6754.04000 4847.56369  28.2%   106 2152s
 22741 18068 6014.63000  108    - 6754.04000 4847.85047  28.2%   105 2168s
 22937 18165 6423.18224  116   16 6754.04000 4848.92127  28.2%   105 2182s
 23067 18338     cutoff  128      6754.04000 4849.91885  28.2%   105 2197s
 23309 18456 6654.36000  114    - 6754.04000 4850.62909  28.2%   105 2210s
 23434 18596 6695.28000  114    - 6754.04000 4851.05249  28.2%   105 2224s
 23472 18603 5099.02189   55   42 6754.04000 4851.05249  28.2%   105 2225s
 23634 18786 5028.82090   32  173 6754.04000 4851.69447  28.2%   105 2240s
 23796 18904 5337.50527   57   67 6754.04000 4851.76787  28.2%   104 2257s
 24006 19055 6192.47500  101   18 6754.04000 4852.58514  28.2%   104 2273s
 24175 19118 6570.36386  109    8 6754.04000 4853.09009  28.1%   104 2286s
 24256 19233 6724.96000  115    - 6754.04000 4853.24704  28.1%   104 2302s
 24335 19236 5738.90750   76   22 6754.04000 4853.31529  28.1%   104 2307s
 24397 19361 5191.17841   56  115 6754.04000 4853.41497  28.1%   104 2321s
 24573 19485 5976.81500  102   26 6754.04000 4853.71904  28.1%   104 2337s
 24722 19581 6732.47000  125    - 6754.04000 4853.94015  28.1%   104 2353s
 24879 19700     cutoff  125      6754.04000 4854.53814  28.1%   104 2368s
 24979 19882 5420.96363   56   52 6754.04000 4854.60980  28.1%   104 2386s
 25225 20067 6706.50876  125   33 6754.04000 4854.94631  28.1%   104 2402s
 25406 20170 6194.30471   91   17 6754.04000 4855.35437  28.1%   104 2416s
 25530 20216 6718.93000  127    - 6754.04000 4855.36359  28.1%   104 2549s
 25541 20220 5066.27112   36  182 6754.04000 4855.36359  28.1%   104 2550s
 25579 20271     cutoff  127      6754.04000 4855.41742  28.1%   104 2564s
 25661 20314     cutoff  127      6754.04000 4855.55076  28.1%   104 2576s
 25706 20403     cutoff  126      6754.04000 4855.55888  28.1%   105 2590s
 25822 20513 5243.66479   42  155 6754.04000 4855.57184  28.1%   105 2606s
 25921 20637 5424.72543   56  148 6754.04000 4855.57184  28.1%   105 2621s
 26073 20717 5835.32558   80   30 6754.04000 4855.74995  28.1%   105 2637s
 26182 20759 6543.30500  142    6 6754.04000 4855.80807  28.1%   106 2649s
 26230 20900     cutoff  150      6754.04000 4855.94443  28.1%   106 2664s
 26379 21009 5093.18102   40   51 6754.04000 4855.94443  28.1%   106 2680s
 26519 21162 5583.00487   51   65 6754.04000 4855.94443  28.1%   106 2702s
 26714 21308 6421.45190   73   53 6754.04000 4856.48939  28.1%   106 2719s
 26770 21308 6376.00500   83   20 6754.04000 4856.48939  28.1%   106 2720s
 26875 21340     cutoff   99      6754.04000 4856.72624  28.1%   106 2733s
 26905 21407 5163.67916   32  300 6754.04000 4856.72624  28.1%   106 2760s
 26972 21509 5873.54051   67   36 6754.04000 4856.83619  28.1%   107 2775s
 27134 21587 6503.96000  110    - 6754.04000 4857.18825  28.1%   107 2789s
 27209 21597 6597.36000  129    - 6754.04000 4857.45981  28.1%   107 2790s
 27239 21613 6471.88000  110    6 6754.04000 4857.79690  28.1%   107 2802s
*27273 21327             114    6680.3800000 4858.14370  27.3%   107 2821s
*27275 21167             113    6646.3800000 4858.14370  26.9%   107 2821s
 27325 21221     cutoff  114      6646.38000 4858.34019  26.9%   108 2834s
 27392 21288 5172.63728   31  330 6646.38000 4858.36820  26.9%   108 2848s
 27477 21334 5463.26398   47  139 6646.38000 4858.36820  26.9%   108 2867s
 27531 21464 5605.07468   62  175 6646.38000 4858.36820  26.9%   109 2882s
 27663 21564 5931.49667   94   37 6646.38000 4859.37684  26.9%   109 2897s
 27802 21639     cutoff  174      6646.38000 4860.00291  26.9%   109 2913s
 27911 21699     cutoff  172      6646.38000 4860.64756  26.9%   109 2928s
 28003 21770 5275.38531   58    6 6646.38000 4860.79405  26.9%   109 2947s
 28109 21912 5327.23696   75   10 6646.38000 4860.93816  26.9%   109 2965s
 28315 21942     cutoff  130      6646.38000 4861.78184  26.9%   109 2978s
 28337 22005 5234.66784   27  326 6646.38000 4861.79462  26.9%   110 2992s
 28413 22101 5542.55949   37  182 6646.38000 4861.86429  26.8%   110 3006s
 28522 22192 4951.41809   25  271 6646.38000 4862.47129  26.8%   110 3024s
 28626 22286 5265.06250   52  125 6646.38000 4862.96972  26.8%   110 3039s
 28703 22298 6326.93500  109   12 6646.38000 4862.96972  26.8%   110 3040s
 28773 22366 infeasible  119      6646.38000 4863.44694  26.8%   110 3054s
 28838 22510     cutoff  117      6646.38000 4863.60321  26.8%   111 3070s
*28843 22197             120    6590.0900000 4863.60321  26.2%   111 3073s
*28846 21992             118    6554.0900000 4863.60321  25.8%   111 3073s
 29020 22073     cutoff  109      6554.09000 4864.19885  25.8%   110 3089s
 29064 22073 6055.07983  136   46 6554.09000 4864.36782  25.8%   111 3090s
 29129 22197 5341.86051   49   96 6554.09000 4864.36782  25.8%   111 3106s
 29265 22305 6372.80333  108    9 6554.09000 4865.02595  25.8%   111 3121s
 29379 22399     cutoff  110      6554.09000 4865.39984  25.8%   111 3138s
 29409 22399 5222.15275   44  123 6554.09000 4865.39984  25.8%   111 3141s
 29509 22605 5258.62620   46  100 6554.09000 4865.40073  25.8%   111 3162s
 29762 22691 5781.78507  102   16 6554.09000 4865.45751  25.8%   110 3179s
 29844 22781 6185.02500  113   20 6554.09000 4865.56477  25.8%   111 3195s
 29980 22851 6380.67923  117    4 6554.09000 4865.68183  25.8%   111 3211s
 30069 22940 6482.49587  118   42 6554.09000 4865.89595  25.8%   111 3248s
*30072 22494             120    6497.8100000 4865.89595  25.1%   111 3249s
*30074 22184             118    6455.8100000 4865.89595  24.6%   111 3249s
 30177 22328 5149.23845   40  142 6455.81000 4865.91547  24.6%   111 3268s
 30393 22389 6288.06000  100    - 6455.81000 4866.52594  24.6%   111 3283s
 30451 22454 6305.75000  100    4 6455.81000 4867.07088  24.6%   111 3307s
 30525 22555 5532.08034   46  194 6455.81000 4867.97224  24.6%   112 3329s
 30548 22555 5643.03237   51  171 6455.81000 4867.97224  24.6%   112 3330s
 30666 22702 4962.05660   32  187 6455.81000 4868.25045  24.6%   112 3345s
 30825 22785 6404.92000  136    - 6455.81000 4868.40738  24.6%   112 3362s
 30960 22836 5353.88020   46   80 6455.81000 4868.53571  24.6%   112 3385s
 31015 22911 5052.05025   32  334 6455.81000 4868.54166  24.6%   112 3400s
 31132 23034     cutoff  104      6455.81000 4868.67874  24.6%   112 3418s
 31283 23050 5425.72152   51  186 6455.81000 4868.67874  24.6%   112 3420s
 31293 23101     cutoff  124      6455.81000 4868.82469  24.6%   112 3439s
 31370 23128 5015.15250   29  417 6455.81000 4868.82469  24.6%   113 3452s
 31396 23254 5273.21776   43   10 6455.81000 4869.06239  24.6%   113 3470s
 31562 23368     cutoff  106      6455.81000 4869.36928  24.6%   113 3487s
 31688 23393 5107.66885   26  276 6455.81000 4869.36928  24.6%   113 3503s
 31722 23466 5557.27590   41  230 6455.81000 4869.36928  24.6%   113 3520s
 31795 23565 6059.85040   86   68 6455.81000 4869.65169  24.6%   114 3538s
 31916 23681 5096.22316   32   86 6455.81000 4869.65169  24.6%   114 3556s
 32075 23781 5218.69750   49  114 6455.81000 4869.89159  24.6%   114 3575s
 32204 23902 4906.01660   28  159 6455.81000 4870.17271  24.6%   114 3592s
 32350 23922 5092.37139   33  258 6455.81000 4870.17414  24.6%   114 3600s

Cutting planes:
  User: 2707
  Gomory: 28
  Cover: 254
  Implied bound: 111
  Projected implied bound: 1
  Clique: 34
  MIR: 128
  StrongCG: 7
  Flow cover: 373
  Zero half: 74
  RLT: 139
  Relax-and-lift: 2
  Lazy constraints: 11718

Explored 32363 nodes (3692691 simplex iterations) in 3600.15 seconds
Thread count was 2 (of 32 available processors)

Solution count 9: 6455.81 6497.81 6554.09 ... 8005.93

Time limit reached
Best objective 6.455810000000e+03, best bound 4.870174143222e+03, gap 24.5614%

User-callback calls 478894, time in user-callback 519.43 sec
================================================================================
executing instance: ./input/Instances/Original/5/absH3low_4n25.dat
--------------------------------------------------------------------------------
Instance details
n	26
H	3
C	2029
Li:
[0, 0, 0, 0, 0, 0, 0, 0, 0, 0, 0, 0, 0, 0, 0, 0, 0, 0, 0, 0, 0, 0, 0, 0, 0, 0, ]
Ui:
[0, 34, 165, 76, 88, 188, 58, 279, 52, 132, 198, 142, 135, 165, 186, 58, 201, 196, 40, 183, 32, 90, 168, 126, 93, 146, ]
Distance matrix:
|0	299	188	235	91	202	152	147	162	277	268	132	71	162	220	69	220	289	241	124	265	80	162	132	66	302	|
|299	0	468	431	282	142	317	425	443	569	193	178	359	302	422	231	93	28	511	325	457	242	434	215	240	601	|
|188	468	0	153	265	342	308	43	192	106	455	290	117	206	142	246	379	464	252	274	360	267	211	319	231	184	|
