




arguments: ./build/bc_mirp -f ./input/orig_exec_54.cfg
Current dir: /scratch/gui/bc_mirp
File verbosity level: 9
date       time         ( uptime  ) [ thread name/id ]                   file:line     v| 
2021-02-06 21:06:07.399 (   0.100s) [main thread     ]             loguru.cpp:789   INFO| Logging to './output/vi_vc+hc3/OU/V2/Original/execution_06_02_2021_21_06_07.log', mode: 'a', verbosity: 9
--------------------------------------------------------------------------------
Parameters
                           instance_path           ./input/Instances/Original/2/
                            model_policy                                       1
                             nb_vehicles                                       2
                              output_dir      ./output/vi_vc+hc3/OU/V2/Original/
                            sec_strategy                                       1
                       solver_nb_threads                                       2
                         solver_show_log                                    true
                       solver_time_limit                                    3600
                              use_vi_cos                                   false
                              use_vi_cus                                   false
                         use_vi_hc1_full                                   false
                         use_vi_hc1_half                                   false
                      use_vi_hc1_quarter                                   false
                              use_vi_hc2                                   false
                              use_vi_hc3                                    true
                         use_vi_lex_full                                   false
                         use_vi_lex_half                                   false
                      use_vi_lex_quarter                                   false
                              use_vi_qua                                   false
                               use_vi_vc                                    true
                               use_vi_vr                                   false
--------------------------------------------------------------------------------
executing instance: ./input/Instances/Original/2/absH3high_3n40.dat
--------------------------------------------------------------------------------
Instance details
n	41
H	3
C	3283
Li:
[0, 0, 0, 0, 0, 0, 0, 0, 0, 0, 0, 0, 0, 0, 0, 0, 0, 0, 0, 0, 0, 0, 0, 0, 0, 0, 0, 0, 0, 0, 0, 0, 0, 0, 0, 0, 0, 0, 0, 0, 0, ]
Ui:
[0, 63, 111, 99, 96, 111, 282, 122, 156, 261, 42, 192, 126, 42, 162, 207, 159, 122, 102, 190, 118, 102, 132, 102, 165, 252, 66, 52, 22, 114, 210, 176, 116, 294, 78, 152, 210, 45, 130, 198, 174, ]
Distance matrix:
|0	208	225	252	227	143	258	127	267	150	28	83	163	286	57	149	201	137	214	255	70	73	107	186	328	266	249	343	222	177	293	144	262	215	167	120	169	218	143	173	255	|
|208	0	397	355	416	198	216	99	211	275	193	172	97	166	240	225	362	109	277	314	182	216	273	374	298	208	319	161	14	103	93	120	58	196	152	156	372	227	260	218	453	|
|225	397	0	427	53	364	482	343	492	129	253	225	382	386	171	188	39	291	187	195	295	182	282	55	326	491	180	551	408	315	457	366	455	275	392	244	221	439	341	214	101	|
|252	355	427	0	401	158	201	263	219	396	234	328	259	498	299	400	420	354	465	506	205	324	152	374	574	219	499	393	366	389	446	235	378	456	205	359	224	150	111	423	400	|
|227	416	53	401	0	357	477	352	489	165	253	245	389	424	179	223	85	315	234	245	293	200	264	42	375	488	231	565	428	344	484	370	474	314	392	270	184	430	325	252	50	|
|143	198	364	158	357	0	121	105	134	290	116	196	103	342	200	276	343	205	343	385	74	210	112	319	432	133	382	265	209	237	290	78	226	313	57	220	232	75	69	292	375	|
|258	216	482	201	477	121	0	168	18	397	230	293	135	381	314	372	459	275	437	480	188	317	228	439	501	18	479	197	222	296	290	132	212	386	95	306	347	58	173	381	496	|
|127	99	343	263	352	105	168	0	171	239	105	130	40	237	173	206	313	109	270	312	84	164	175	310	337	169	313	216	112	135	192	37	142	220	77	138	280	155	162	213	382	|
|267	211	492	219	489	134	18	171	0	404	240	298	136	376	323	376	468	276	441	483	198	324	243	450	500	2	483	181	215	294	281	136	202	386	102	309	363	75	189	384	509	|
|150	275	129	396	165	290	397	239	404	0	175	110	279	259	97	59	91	166	84	116	217	80	245	130	226	402	106	434	286	187	329	269	333	149	302	119	244	364	291	87	213	|
|28	193	253	234	253	116	230	105	240	175	0	94	139	286	84	167	229	136	234	275	43	96	98	212	341	238	271	320	206	175	281	118	244	225	140	128	180	191	124	189	280	|
|83	172	225	328	245	196	293	130	298	110	94	0	169	209	77	80	191	71	147	189	127	45	189	203	247	296	187	327	184	106	241	162	230	132	198	38	242	266	217	96	285	|
|163	97	382	259	389	103	135	40	136	279	139	169	0	253	212	244	353	141	307	349	110	203	194	347	366	133	350	183	107	161	187	27	124	251	56	175	306	133	169	249	418	|
|286	166	386	498	424	342	381	237	376	259	286	209	253	0	284	201	347	151	210	230	299	247	383	387	155	374	242	290	162	112	129	270	192	113	308	172	451	386	391	172	471	|
|57	240	171	299	179	200	314	173	323	97	84	77	212	284	0	112	145	147	170	208	127	38	148	137	299	321	201	386	253	183	315	195	297	195	222	112	171	275	195	142	214	|
|149	225	188	400	223	276	372	206	376	59	167	80	244	201	112	0	149	117	67	110	205	78	254	186	187	374	108	387	235	132	272	240	283	93	277	71	279	346	291	32	270	|
|201	362	39	420	85	343	459	313	468	91	229	191	353	347	145	149	0	254	149	160	272	150	271	66	290	466	146	518	373	278	419	339	420	235	367	207	227	418	327	175	135	|
|137	109	291	354	315	205	275	109	276	166	136	71	141	151	147	117	254	0	172	212	151	116	232	273	229	274	215	270	119	39	170	145	167	111	186	47	305	263	245	113	356	|
|214	277	187	465	234	343	437	270	441	84	234	147	307	210	170	67	149	172	0	42	272	141	317	205	144	439	43	437	284	175	307	305	331	99	343	132	327	413	357	60	283	|
|255	314	195	506	245	385	480	312	483	116	275	189	349	230	208	110	160	212	42	0	314	182	356	222	132	481	15	474	321	212	337	347	367	126	385	174	358	455	398	100	295	|
|70	182	295	205	293	74	188	84	198	217	43	127	110	299	127	205	272	151	272	314	0	137	91	253	370	196	310	292	195	188	274	85	226	252	99	155	197	148	94	223	316	|
|73	216	182	324	200	210	317	164	324	80	96	45	203	247	38	78	150	116	141	182	137	0	176	158	263	323	176	369	229	150	286	191	274	157	223	77	208	284	216	106	239	|
|107	273	282	152	264	112	228	175	243	245	98	189	194	383	148	254	271	232	317	356	91	176	0	231	435	242	349	371	286	271	365	167	315	321	164	224	120	174	61	280	274	|
|186	374	55	374	42	319	439	310	450	130	212	203	347	387	137	186	66	273	205	222	253	158	231	0	348	448	208	523	386	303	442	329	431	279	352	229	167	392	291	217	85	|
|328	298	326	574	375	432	501	337	500	226	341	247	366	155	299	187	290	229	144	132	370	263	435	348	0	498	147	441	299	206	283	374	338	119	414	215	465	492	463	157	425	|
|266	208	491	219	488	133	18	169	2	402	238	296	133	374	321	374	466	274	439	481	196	323	242	448	498	0	481	180	213	292	278	134	200	384	100	307	362	75	188	381	508	|
|249	319	180	499	231	382	479	313	483	106	271	187	350	242	201	108	146	215	43	15	310	176	349	208	147	481	0	480	326	217	346	347	373	135	385	175	347	454	392	103	280	|
|343	161	551	393	565	265	197	216	181	434	320	327	183	290	386	387	518	270	437	474	292	369	371	523	441	180	480	0	153	263	163	207	107	352	208	317	487	244	334	379	598	|
|222	14	408	366	428	209	222	112	215	286	206	184	107	162	253	235	373	119	284	321	195	229	286	386	299	213	326	153	0	109	81	132	48	201	162	167	386	236	272	226	466	|
|177	103	315	389	344	237	296	135	294	187	175	106	161	112	183	132	278	39	175	212	188	150	271	303	206	292	217	263	109	0	142	171	156	95	211	74	344	289	281	118	386	|
|293	93	457	446	484	290	290	192	281	329	281	241	187	129	315	272	419	170	307	337	274	286	365	442	283	278	346	163	81	142	0	212	79	211	241	214	461	311	353	254	525	|
|144	120	366	235	370	78	132	37	136	269	118	162	27	270	195	240	339	145	305	347	85	191	167	329	374	134	347	207	132	171	212	0	151	257	40	174	280	119	142	248	398	|
|262	58	455	378	474	226	212	142	202	333	244	230	124	192	297	283	420	167	331	367	226	274	315	431	338	200	373	107	48	156	79	151	0	245	173	214	421	237	293	273	510	|
|215	196	275	456	314	313	386	220	386	149	225	132	251	113	195	93	235	111	99	126	252	157	321	279	119	384	135	352	201	95	211	257	245	0	297	97	365	374	345	62	362	|
|167	152	392	205	392	57	95	77	102	302	140	198	56	308	222	277	367	186	343	385	99	223	164	352	414	100	385	208	162	211	241	40	173	297	0	213	283	79	126	287	415	|
|120	156	244	359	270	220	306	138	309	119	128	38	175	172	112	71	207	47	132	174	155	77	224	229	215	307	175	317	167	74	214	174	214	97	213	0	280	286	248	75	313	|
|169	372	221	224	184	232	347	280	363	244	180	242	306	451	171	279	227	305	327	358	197	208	120	167	465	362	347	487	386	344	461	280	421	365	283	280	0	291	175	310	176	|
|218	227	439	150	430	75	58	155	75	364	191	266	133	386	275	346	418	263	413	455	148	284	174	392	492	75	454	244	236	289	311	119	237	374	79	286	291	0	116	359	445	|
|143	260	341	111	325	69	173	162	189	291	124	217	169	391	195	291	327	245	357	398	94	216	61	291	463	188	392	334	272	281	353	142	293	345	126	248	175	116	0	313	335	|
|173	218	214	423	252	292	381	213	384	87	189	96	249	172	142	32	175	113	60	100	223	106	280	217	157	381	103	379	226	118	254	248	273	62	287	75	310	359	313	0	300	|
|255	453	101	400	50	375	496	382	509	213	280	285	418	471	214	270	135	356	283	295	316	239	274	85	425	508	280	598	466	386	525	398	510	362	415	313	176	445	335	300	0	|

--------------------------------------------------------------------------------
Building model...
	using lazy and cut (CVRPSEP package)
Solving IRP LP...
--------------------------------------------------------------------------------

Gurobi 9.1.0 (linux64) logging started Sat Feb  6 21:06:07 2021

Gurobi Optimizer version 9.1.0 build v9.1.0rc0 (linux64)
Thread count: 32 physical cores, 32 logical processors, using up to 2 threads
Optimize a model with 1262 rows, 5570 columns and 15608 nonzeros
Model fingerprint: 0x24b581c7
Variable types: 404 continuous, 5166 integer (246 binary)
Coefficient statistics:
  Matrix range     [1e+00, 2e+03]
  Objective range  [1e-01, 6e+02]
  Bounds range     [1e+00, 3e+02]
  RHS range        [1e+00, 6e+03]
Presolve removed 565 rows and 162 columns
Presolve time: 0.10s
Presolved: 697 rows, 5408 columns, 12061 nonzeros
Variable types: 242 continuous, 5166 integer (4926 binary)

Root relaxation: objective 1.221287e+04, 610 iterations, 0.01 seconds

    Nodes    |    Current Node    |     Objective Bounds      |     Work
 Expl Unexpl |  Obj  Depth IntInf | Incumbent    BestBd   Gap | It/Node Time

     0     0 12212.8670    0  105          - 12212.8670      -     -    0s
     0     0 12638.2372    0   92          - 12638.2372      -     -    0s
     0     0 12682.0752    0   95          - 12682.0752      -     -    0s
     0     0 13424.8369    0  171          - 13424.8369      -     -    0s
     0     0 13436.2872    0  170          - 13436.2872      -     -    0s
     0     0 13443.5573    0  189          - 13443.5573      -     -    0s
     0     0 13447.1668    0  192          - 13447.1668      -     -    0s
     0     0 13447.4130    0  187          - 13447.4130      -     -    0s
     0     0 13570.8861    0  186          - 13570.8861      -     -    0s
     0     0 13618.2802    0  207          - 13618.2802      -     -    0s
     0     0 13646.4100    0  227          - 13646.4100      -     -    0s
     0     0 13649.7143    0  239          - 13649.7143      -     -    0s
     0     0 13651.7732    0  238          - 13651.7732      -     -    0s
     0     0 13655.5260    0  261          - 13655.5260      -     -    0s
     0     0 13663.4703    0  246          - 13663.4703      -     -    1s
     0     0 13665.4400    0  220          - 13665.4400      -     -    1s
     0     0 13665.6898    0  222          - 13665.6898      -     -    1s
     0     0 13707.2421    0  240          - 13707.2421      -     -    1s
     0     0 13710.4414    0  260          - 13710.4414      -     -    1s
     0     0 13712.1839    0  244          - 13712.1839      -     -    1s
     0     0 13723.2039    0  267          - 13723.2039      -     -    1s
     0     0 13723.2039    0  259          - 13723.2039      -     -    1s
     0     2 13726.8527    0  245          - 13726.8527      -     -    1s
   206   211 14199.0562   45  136          - 13736.9520      -   108    5s
   653   629 13978.2326   10  217          - 13746.1183      -  74.6   10s
   747   710 14920.3069  123  316          - 13851.7096      -  83.1   15s
   766   722 14206.3696   48  346          - 13876.4102      -  81.1   20s
   790   740 15861.7850  162  312          - 13877.4779      -  87.3   25s
   803   751 13914.3554   27  247          - 13889.0965      -  95.9   30s
   887   809 14281.4341   49  223          - 13899.8455      -   109   35s
  1032   920 14192.7418   82  196          - 13899.8455      -   115   40s
  1233  1056 14341.2405  133  208          - 13899.8455      -   118   45s
  1434  1197 14639.3101  183  151          - 13899.8455      -   117   50s
  1624  1344 14864.6327  232  100          - 13899.8455      -   117   55s
  1844  1502 15487.5018  294  108          - 13899.8455      -   116   60s
  2168  1768 16356.0802  387   80          - 13899.8455      -   111   66s
H 2332  1811                    17663.430000 13899.8455  21.3%   106   69s
  2453  1793     cutoff  480      17663.4300 13899.8685  21.3%   104   71s
  2591  1885 13983.6692   33  284 17663.4300 13899.8685  21.3%   102   76s
  2649  1919 14002.0043   35  279 17663.4300 13899.8685  21.3%   102   81s
* 2702  1860             512    17414.200000 13899.8685  20.2%   101   81s
* 2708  1812             515    17215.580000 13899.8685  19.3%   101   81s
  2756  1817 14049.2036   41  193 17215.5800 13899.8685  19.3%   102   85s
  2825  1900 14230.1933   66  118 17215.5800 13899.8685  19.3%   104   91s
  2947  2017 14544.4665  110   82 17215.5800 13899.8685  19.3%   104  101s
  3042  2148 14662.3406  140   32 17215.5800 13899.8685  19.3%   104  105s
  3104  2268 14707.2041  156   45 17215.5800 13899.8685  19.3%   103  110s
  3236  2453 14741.6882  197   10 17215.5800 13899.8685  19.3%   100  116s
  3407  2551 14872.4782  256   40 17215.5800 13914.3554  19.2%  96.9  120s
  3588  2689 14111.2778   35  246 17215.5800 13914.3554  19.2%  94.9  126s
* 3656  1686             220    15153.130000 13914.3554  8.18%  94.5  127s
* 3668  1682             221    15146.770000 13914.3554  8.14%  94.3  127s
  3730  1765 14293.2170   60   31 15146.7700 13914.3554  8.14%  95.4  131s
  3865  1930 14613.1724  128   18 15146.7700 13937.0361  7.99%  96.8  136s
  4058  2072 14156.3028   36  260 15146.7700 13938.0179  7.98%  96.2  143s
  4153  2177 14404.0755   58  195 15146.7700 13945.4515  7.93%  96.3  146s
  4317  2240     cutoff  108      15146.7700 13951.2617  7.89%  96.7  151s
* 4338  2230             135    15139.770000 13956.3681  7.82%  97.3  151s
* 4340  2173             132    15098.610000 13956.3681  7.57%  97.3  151s
  4424  2299 14911.7638   86  182 15098.6100 13958.7470  7.55%  98.6  157s
  4518  2383 14086.4135   47  197 15098.6100 13960.2933  7.54%  98.7  160s
  4673  2448 14067.9997   34  239 15098.6100 13966.7216  7.50%  99.2  167s
  4700  2485 14198.3273   39  200 15098.6100 13966.7216  7.50%   101  170s
  4798  2656 14443.4914   58   62 15098.6100 13966.7216  7.50%   104  177s
  4908  2811 14507.6167   77   46 15098.6100 13966.7216  7.50%   104  182s
  5063  3005 14586.2708  101   25 15098.6100 13966.7216  7.50%   104  187s
  5422  3101     cutoff  225      15098.6100 13967.6858  7.49%  99.2  192s
  5544  3279 14250.6415   57  141 15098.6100 13972.1312  7.46%  98.9  197s
  5722  3550 14650.3905  137   50 15098.6100 13972.7354  7.46%  97.9  203s
  6024  3755 14181.1575   37  109 15098.6100 13973.0512  7.45%  94.6  209s
  6088  3755 14491.1096  101   13 15098.6100 13973.0512  7.45%  94.0  210s
  6265  3864     cutoff  172      15098.6100 13991.0636  7.34%  92.8  215s
  6448  3976 14948.8330   92   54 15098.6100 13991.8472  7.33%  92.8  220s
  6654  4192 14352.8069  128    8 15098.6100 13994.0211  7.32%  91.7  225s
  6898  4453 14122.4237   36  216 15098.6100 13997.2473  7.29%  91.3  235s
  7109  4542 14071.8081   44  299 15098.6100 13997.2473  7.29%  90.2  240s
  7221  4633 14632.4396   75  173 15098.6100 13999.0160  7.28%  90.2  246s
  7326  4765 14443.4914   47  150 15098.6100 13999.1250  7.28%  91.1  252s
  7488  4934 14773.9300   57   47 15098.6100 14000.5085  7.27%  91.3  258s
  7710  5018     cutoff  104      15098.6100 14000.9825  7.27%  91.0  266s
  7999  5145 14697.8252   60   58 15098.6100 14002.5976  7.26%  89.3  272s
  8162  5273     cutoff  100      15098.6100 14003.5677  7.25%  89.2  279s
  8203  5273 14712.9118   86   64 15098.6100 14003.5677  7.25%  89.3  280s
  8291  5337 15058.7277  161   27 15098.6100 14007.3303  7.23%  88.9  285s
  8364  5613 14435.4774   75  135 15098.6100 14007.6666  7.23%  89.3  291s
  8666  5839 14442.2537   51  134 15098.6100 14008.3353  7.22%  87.9  298s
  8953  6090 14415.9193   64   27 15098.6100 14013.8846  7.18%  86.7  305s
  9275  6267     cutoff  196      15098.6100 14015.1986  7.18%  85.0  312s
  9522  6418 14829.1600  122    4 15098.6100 14017.2392  7.16%  84.3  319s
  9682  6428 14857.4085  107   41 15098.6100 14017.7286  7.16%  84.0  320s
  9720  6516     cutoff  147      15098.6100 14017.9867  7.16%  83.8  325s
  9813  6673 14785.9317   50   79 15098.6100 14018.3702  7.15%  84.4  331s
 10012  6752 14258.7773   32  305 15098.6100 14018.6036  7.15%  84.3  337s
 10126  6906 14125.6723   31  344 15098.6100 14018.8919  7.15%  84.7  342s
 10285  6985     cutoff   89      15098.6100 14020.5742  7.14%  84.7  348s
 10394  7054 14898.8429   75  129 15098.6100 14022.2374  7.13%  85.2  354s
 10476  7153 14432.4373   63  260 15098.6100 14023.2339  7.12%  85.7  360s
 10579  7275 14430.8674   81  108 15098.6100 14023.2339  7.12%  86.3  366s
 10755  7436 14461.4816  113   78 15098.6100 14023.2339  7.12%  86.4  372s
 10943  7617 14790.8880  173   30 15098.6100 14027.6502  7.09%  86.5  380s
 11242  7780 14317.4110   44  133 15098.6100 14029.0718  7.08%  85.7  387s
 11428  7961 14691.9800   68    - 15098.6100 14031.6598  7.07%  85.4  393s
H11540  4475                    14682.090000 14032.4850  4.42%  85.4  394s
 11647  4477     cutoff   68      14682.0900 14033.1807  4.42%  85.0  400s
 11747  4595 14348.6370   66   96 14682.0900 14033.1869  4.42%  85.5  430s
 11865  4697 14504.6982  110   20 14682.0900 14033.7111  4.42%  85.3  437s
 12008  4721 14126.8006   32  297 14682.0900 14034.6050  4.41%  85.6  444s
 12046  4794 14377.3835   42  227 14682.0900 14036.0294  4.40%  86.1  450s
 12136  4929 14365.0542   41  162 14682.0900 14036.2851  4.40%  86.9  457s
 12358  4991 14612.1915   67   23 14682.0900 14036.4443  4.40%  87.0  464s
 12423  4992 14136.8732   31  224 14682.0900 14036.4443  4.40%  87.4  465s
 12447  5047     cutoff   72      14682.0900 14036.6377  4.40%  87.7  470s
 12513  5217 14384.5065   44   41 14682.0900 14037.7633  4.39%  88.2  478s
 12753  5301 14678.3800  142    - 14682.0900 14043.7953  4.35%  87.7  485s
 12862  5397 14106.0285   30  333 14682.0900 14046.0924  4.33%  88.5  491s
 12966  5507 14403.9053   39  117 14682.0900 14046.9100  4.33%  89.0  499s
 13135  5599 14612.9200   53    2 14682.0900 14048.4227  4.32%  89.2  505s
 13232  5788 14308.4302   69   52 14682.0900 14048.9341  4.31%  89.9  512s
*13464  5745              83    14678.120000 14049.2397  4.28%  89.5  513s
 13481  5826     cutoff  131      14678.1200 14050.6373  4.27%  89.5  519s
H13533  5085                    14613.770000 14050.6373  3.85%  89.7  519s
 13595  5195 14338.2371   60  197 14613.7700 14051.6534  3.85%  89.9  525s
 13766  5361 14273.1633   64   41 14613.7700 14052.8996  3.84%  90.1  533s
 13952  5427 14457.6552   75   48 14613.7700 14053.2124  3.84%  90.1  540s
 14071  5489     cutoff   64      14613.7700 14054.0981  3.83%  90.5  546s
 14157  5571 14179.3989   48  130 14613.7700 14055.4552  3.82%  91.2  552s
 14271  5618 14281.5779   41  214 14613.7700 14056.7121  3.81%  91.6  559s
 14334  5714 14481.3977   48  110 14613.7700 14057.1270  3.81%  92.3  566s
 14501  5891 14188.4695   43   90 14613.7700 14058.6522  3.80%  92.4  573s
 14721  5975 14280.8036   38  146 14613.7700 14058.9542  3.80%  92.2  581s
*14777  5973              76    14613.530000 14058.9542  3.79%  92.1  581s
 14848  6072     cutoff   57      14613.5300 14060.5996  3.78%  92.4  587s
 14971  6171 14158.4712   43  232 14613.5300 14060.8852  3.78%  92.9  595s
 15125  6341 14354.5793   38  282 14613.5300 14061.7746  3.78%  93.0  602s
 15337  6476 14270.9277   36  262 14613.5300 14062.9494  3.77%  92.9  611s
 15510  6634 14222.1821   52  170 14613.5300 14063.3821  3.76%  92.8  618s
 15709  6761 14591.7207   66  111 14613.5300 14064.6016  3.76%  92.7  625s
 15876  6862 14460.9044   52  111 14613.5300 14065.0580  3.75%  92.8  632s
 16030  7030 14258.8039   50  113 14613.5300 14067.6783  3.74%  93.0  640s
 16247  7061     cutoff  115      14613.5300 14068.8949  3.73%  92.8  651s
 16293  7195 14193.6352   41  121 14613.5300 14071.0457  3.71%  93.0  658s
 16528  7351     cutoff   79      14613.5300 14071.6266  3.71%  92.8  666s
*16651  6006             118    14531.170000 14071.6266  3.16%  92.6  667s
 16726  6084 14500.8233   88   23 14531.1700 14073.2272  3.15%  92.8  673s
 16863  6123 14339.3302   39  292 14531.1700 14074.0272  3.15%  93.1  680s
 16931  6225 14440.9066   47  255 14531.1700 14075.6309  3.13%  93.7  686s
 17064  6293 14403.3037   39  218 14531.1700 14077.0070  3.13%  93.9  693s
 17198  6397 14255.4914   49  132 14531.1700 14078.5468  3.11%  94.3  700s
 17322  6476 14394.4283   59   23 14531.1700 14079.5139  3.11%  94.6  708s
 17471  6591 14139.4145   34  278 14531.1700 14080.0213  3.10%  94.8  716s
 17609  6651 14494.8546   44  198 14531.1700 14081.1221  3.10%  95.1  723s
 17708  6731 14167.6365   37  135 14531.1700 14082.5578  3.09%  95.4  730s
*17798  6286              72    14510.860000 14083.1831  2.95%  95.6  730s
 17816  6342 14237.6668   42  149 14510.8600 14083.3606  2.95%  95.9  737s
 17890  6406 14224.0603   47  171 14510.8600 14083.6612  2.94%  96.3  744s
 18005  6457 14176.8453   33  176 14510.8600 14085.0618  2.93%  96.7  752s
 18089  6492 14320.4292   39  221 14510.8600 14085.3429  2.93%  97.2  759s
 18152  6604 14286.6918   55   32 14510.8600 14086.2132  2.93%  97.8  768s
 18293  6667     cutoff   78      14510.8600 14087.4021  2.92%  98.0  775s
 18394  6731 14508.3706   70   35 14510.8600 14088.2106  2.91%  98.5  783s
 18511  6813 14192.1800   38  248 14510.8600 14088.7031  2.91%  98.9  791s
 18644  6885 14233.9724   42  133 14510.8600 14089.8019  2.90%  99.1  799s
 18783  6945 14169.9130   45  272 14510.8600 14090.8069  2.89%  99.5  807s
 18869  6990 14283.7687   40  168 14510.8600 14091.4631  2.89%   100  814s
 18950  7057 14403.9399   54  146 14510.8600 14093.6414  2.88%   101  822s
 19063  7128 14248.4279   41  162 14510.8600 14095.9646  2.86%   101  829s
 19111  7128 14132.6427   40  228 14510.8600 14096.1279  2.86%   101  830s
 19186  7209 14238.6386   39  272 14510.8600 14096.7054  2.85%   101  837s
 19289  7312 14484.9343   46   32 14510.8600 14096.9222  2.85%   102  845s
 19436  7392 14266.6652   43   66 14510.8600 14097.5865  2.85%   102  854s
 19549  7482 14322.8488   47   57 14510.8600 14098.8592  2.84%   102  862s
 19704  7519 14478.8545   58   40 14510.8600 14098.8691  2.84%   103  870s
 19790  7569 14254.1490   57  251 14510.8600 14098.9467  2.84%   103  878s
 19891  7672     cutoff   45      14510.8600 14099.1765  2.84%   104  886s
 20040  7757 14279.4640   53  181 14510.8600 14099.7256  2.83%   104  895s
 20153  7840     cutoff   74      14510.8600 14100.6088  2.83%   104  904s
 20281  7921 14158.7772   49  219 14510.8600 14102.1945  2.82%   104  912s
 20427  7984     cutoff   58      14510.8600 14103.1181  2.81%   104  920s
 20523  8060 14235.1225   47  195 14510.8600 14103.5716  2.81%   105  929s
 20637  8190     cutoff   59      14510.8600 14104.8233  2.80%   105  938s
 20799  8310 14417.6527   42   25 14510.8600 14105.7923  2.79%   105  947s
 20982  8419 14177.3999   32  156 14510.8600 14106.7635  2.78%   106  956s
 21109  8495 14438.9520   48   42 14510.8600 14107.0156  2.78%   106  964s
 21279  8501 14500.5514   58  119 14510.8600 14107.1333  2.78%   106  965s
 21290  8620     cutoff   70      14510.8600 14107.1878  2.78%   106  972s
 21510  8684 14216.1581   30  281 14510.8600 14108.2119  2.77%   106  981s
 21592  8747 14482.7287   42  138 14510.8600 14108.5595  2.77%   106  989s
 21668  8747 14439.5295   48   36 14510.8600 14108.9040  2.77%   107  990s
 21689  8849 14419.0433   45   28 14510.8600 14109.1288  2.77%   107  998s
 21892  8961 14374.5393   39  219 14510.8600 14109.4777  2.77%   107 1006s
 22091  9055 14309.5407   36  200 14510.8600 14110.6028  2.76%   107 1014s
 22211  9055 14502.2825   55   28 14510.8600 14110.6061  2.76%   107 1015s
 22217  9091 14413.0679   51  222 14510.8600 14111.0167  2.76%   107 1023s
 22280  9144 14293.4179   40  217 14510.8600 14111.6720  2.75%   107 1031s
 22381  9244 14372.3963   45   99 14510.8600 14111.8178  2.75%   108 1040s
 22527  9340 14398.6251   70   93 14510.8600 14111.9302  2.75%   108 1049s
 22576  9340 14241.3651   43  128 14510.8600 14111.9302  2.75%   108 1050s
 22728  9461 14434.3625   55   62 14510.8600 14113.0723  2.74%   108 1058s
 22922  9547 14506.9800   73   20 14510.8600 14113.4719  2.74%   108 1067s
 23058  9612     cutoff   74      14510.8600 14113.7862  2.74%   108 1076s
 23176  9728 14393.2769   47  199 14510.8600 14114.0833  2.73%   109 1084s
 23229  9728 14402.4562   64   57 14510.8600 14114.0833  2.73%   109 1085s
 23350  9827 14224.0957   38  255 14510.8600 14115.1128  2.73%   109 1094s
 23482  9881 14382.2329   41  118 14510.8600 14115.3570  2.73%   109 1102s
 23592  9970 14407.1944   41  150 14510.8600 14115.6322  2.72%   109 1111s
 23727 10042 14465.3785   53  123 14510.8600 14115.8222  2.72%   110 1119s
 23865 10042 14246.3058   38  297 14510.8600 14116.5555  2.72%   110 1120s
 23870 10112 14506.1123   55  103 14510.8600 14116.6262  2.72%   110 1128s
 24014 10232 14413.8256   59  165 14510.8600 14116.7921  2.72%   110 1136s
 24204 10312     cutoff   47      14510.8600 14117.5289  2.71%   110 1145s
 24364 10428 14355.1490   46  233 14510.8600 14117.8994  2.71%   111 1154s
 24410 10428 14447.0656   64   67 14510.8600 14117.8994  2.71%   111 1155s
 24522 10528 14233.8691   38  249 14510.8600 14118.7093  2.70%   111 1164s
 24612 10528 14278.8573   74   50 14510.8600 14119.1016  2.70%   111 1165s
 24672 10642 14139.9745   39  260 14510.8600 14119.2371  2.70%   111 1173s
 24888 10711     cutoff   45      14510.8600 14119.5490  2.70%   111 1182s
 25002 10800     cutoff   63      14510.8600 14119.9675  2.69%   111 1192s
 25138 10930 14344.9866   57   28 14510.8600 14120.3704  2.69%   111 1201s
 25308 11045 14440.4304   62   21 14510.8600 14120.9180  2.69%   111 1211s
 25510 11156     cutoff   77      14510.8600 14121.1653  2.69%   111 1221s
 25665 11214 14434.3000   52  183 14510.8600 14121.6507  2.68%   112 1230s
 25762 11297 14422.7143   40  161 14510.8600 14121.8211  2.68%   112 1238s
 25894 11412 14349.6497   49  107 14510.8600 14122.8281  2.67%   112 1247s
 26056 11494 14293.5231   41  172 14510.8600 14123.4663  2.67%   112 1256s
 26197 11595 14198.5502   44   86 14510.8600 14123.9803  2.67%   112 1266s
*26271  7165              86    14403.690000 14123.9803  1.94%   112 1266s
 26337  7179     cutoff   82      14403.6900 14124.1446  1.94%   112 1274s
 26435  7249     cutoff   42      14403.6900 14124.3277  1.94%   113 1285s
 26560  7345     cutoff   59      14403.6900 14125.3156  1.93%   113 1295s
 26719  7406 14388.0758   52  172 14403.6900 14125.8699  1.93%   113 1304s
 26797  7406 14358.8981   47  135 14403.6900 14125.8699  1.93%   113 1305s
 26864  7486 14218.9070   50  217 14403.6900 14125.9821  1.93%   114 1314s
 27027  7525 14269.3828   41  299 14403.6900 14126.3959  1.93%   114 1323s
 27125  7579 14295.4239   43  249 14403.6900 14126.6643  1.92%   114 1332s
 27245  7667 14191.5787   34  330 14403.6900 14127.0722  1.92%   114 1341s
 27400  7708 14360.2115   54  122 14403.6900 14127.4138  1.92%   114 1350s
H27445  7643                    14402.690000 14127.4138  1.91%   114 1350s
 27495  7707 14379.1507   38  267 14402.6900 14128.3844  1.90%   115 1359s
 27611  7708 14297.1916   66   41 14402.6900 14128.9043  1.90%   115 1360s
 27647  7751 14266.7412   40  129 14402.6900 14129.2086  1.90%   115 1369s
 27740  7795 14315.6289   40  189 14402.6900 14129.6071  1.90%   115 1377s
 27860  7849     cutoff   76      14402.6900 14130.0572  1.89%   116 1386s
 27980  7868     cutoff   46      14402.6900 14131.0117  1.89%   116 1394s
 28069  8012 14199.1132   40  248 14402.6900 14131.6563  1.88%   116 1403s
 28278  8077 14206.3949   55  240 14402.6900 14132.6370  1.88%   116 1413s
 28420  8133     cutoff   62      14402.6900 14133.1570  1.87%   116 1422s
 28535  8179     cutoff   53      14402.6900 14133.6929  1.87%   117 1432s
H28648  8152                    14400.640000 14134.1036  1.85%   117 1441s
 28793  8207     cutoff   58      14400.6400 14135.2254  1.84%   117 1451s
 28938  8261 14273.3328   38  242 14400.6400 14135.7451  1.84%   117 1461s
 29056  8297     cutoff   45      14400.6400 14135.9078  1.84%   117 1470s
 29170  8370 14206.0809   46  121 14400.6400 14136.8237  1.83%   118 1479s
 29222  8371 14352.7956   55   85 14400.6400 14136.8237  1.83%   118 1480s
 29311  8392 14367.5982   59   29 14400.6400 14137.0047  1.83%   118 1489s
 29448  8435     cutoff   61      14400.6400 14137.7007  1.83%   118 1499s
 29554  8506 14324.5409   45  147 14400.6400 14137.9751  1.82%   119 1509s
H29637  8445                    14398.750000 14137.9751  1.81%   119 1509s
 29701  8483 14304.8029   47   98 14398.7500 14138.3636  1.81%   119 1518s
 29818  8535     cutoff   60      14398.7500 14139.1676  1.80%   119 1527s
 29948  8585 14354.0246   34  273 14398.7500 14139.7428  1.80%   119 1538s
 30074  8682 14240.9223   38  287 14398.7500 14140.1594  1.80%   120 1548s
 30245  8725 14343.7614   45  277 14398.7500 14140.5414  1.79%   120 1558s
 30377  8736 14326.4650   42   90 14398.7500 14140.8979  1.79%   120 1567s
 30482  8753 14336.5043   54   83 14398.7500 14141.2408  1.79%   120 1577s
 30563  8790 14274.2979   39  333 14398.7500 14141.8975  1.78%   120 1586s
 30649  8804 14368.6898   56  136 14398.7500 14142.0591  1.78%   121 1596s
 30709  8897 14283.5128   41  229 14398.7500 14142.5351  1.78%   121 1606s
 30889  8943     cutoff   62      14398.7500 14143.0211  1.78%   121 1617s
 31005  8997 14307.9304   41  212 14398.7500 14143.9676  1.77%   121 1627s
 31132  9042 14341.0836   35  321 14398.7500 14144.4282  1.77%   122 1638s
 31266  9092 14306.0279   42  103 14398.7500 14144.6987  1.76%   122 1647s
H31389  9051                    14395.190000 14145.3026  1.74%   122 1657s
 31565  9115 14385.9976   59   22 14395.1900 14145.8725  1.73%   122 1669s
 31703  9183     cutoff   62      14395.1900 14146.5489  1.73%   123 1680s
 31840  9231 14313.0280   44  185 14395.1900 14147.1321  1.72%   123 1690s
 31972  9276 14229.5068   38   90 14395.1900 14147.2773  1.72%   123 1701s
 32069  9315 14346.6690   52  187 14395.1900 14147.8068  1.72%   123 1712s
 32214  9357 14385.8887   50  107 14395.1900 14148.2017  1.72%   124 1722s
 32348  9424 14280.5244   38  171 14395.1900 14148.5303  1.71%   124 1732s
 32474  9472 14201.4813   39   65 14395.1900 14149.0752  1.71%   124 1742s
 32612  9535 14207.3677   46  215 14395.1900 14149.5510  1.71%   124 1753s
H32691  9318                    14390.190000 14149.5510  1.67%   124 1753s
 32774  9382 14295.7465   39  147 14390.1900 14150.5859  1.67%   124 1764s
 32884  9420 14249.6419   46  207 14390.1900 14151.3666  1.66%   124 1774s
 33008  9451 14237.1973   46  128 14390.1900 14151.5823  1.66%   125 1784s
 33137  9521     cutoff   46      14390.1900 14152.2137  1.65%   125 1794s
 33295  9579 14326.0322   41  148 14390.1900 14152.7119  1.65%   125 1805s
 33437  9624 14360.1635   63   62 14390.1900 14153.0064  1.65%   125 1816s
 33597  9698 14266.7503   43  182 14390.1900 14153.2515  1.65%   125 1828s
 33791  9759     cutoff   42      14390.1900 14154.0484  1.64%   125 1838s
 33946  9813 14248.0114   51  160 14390.1900 14154.7530  1.64%   125 1849s
 34088  9868 14366.4427   51   48 14390.1900 14155.2670  1.63%   126 1860s
 34258  9944 14206.1780   43  145 14390.1900 14155.8991  1.63%   126 1871s
 34400  9988 14373.2981   46   99 14390.1900 14156.2373  1.63%   126 1883s
 34544 10042 14364.1575   46  150 14390.1900 14156.6790  1.62%   126 1893s
 34678 10078 14369.9354   49  206 14390.1900 14157.3763  1.62%   126 1904s
 34804 10113 14261.6923   37  156 14390.1900 14157.5986  1.62%   127 1916s
 34908 10178     cutoff   45      14390.1900 14157.6608  1.62%   127 1928s
 35043 10294 14330.6444   39  176 14390.1900 14158.2126  1.61%   127 1939s
 35254 10363 14344.2716   42  163 14390.1900 14158.5167  1.61%   127 1950s
*35343 10239              69    14387.630000 14158.8848  1.59%   127 1951s
 35429 10347 14349.5337   45  187 14387.6300 14158.8987  1.59%   127 1962s
H35520 10152                    14384.090000 14158.8987  1.57%   127 1962s
 35630 10204     cutoff   40      14384.0900 14159.6612  1.56%   127 1974s
 35756 10259 14287.8182   35  249 14384.0900 14159.9347  1.56%   127 1986s
 35869 10339 14244.8974   32  307 14384.0900 14160.1517  1.56%   128 1997s
 36016 10361 14295.2482   46  182 14384.0900 14160.5052  1.55%   128 2008s
 36118 10436 14333.2961   48   69 14384.0900 14161.1934  1.55%   128 2020s
 36296 10488 14253.9530   37  203 14384.0900 14161.6620  1.55%   128 2032s
 36439 10540     cutoff   63      14384.0900 14161.8109  1.55%   129 2044s
 36575 10594     cutoff   48      14384.0900 14162.2644  1.54%   129 2055s
 36769 10642 14213.3943   42  180 14384.0900 14162.5476  1.54%   129 2066s
 36907 10664 14323.2561   50  184 14384.0900 14162.7246  1.54%   129 2077s
 37013 10710 14338.7522   50   57 14384.0900 14163.1810  1.54%   129 2089s
 37161 10808     cutoff   54      14384.0900 14163.7083  1.53%   129 2102s
 37340 10837 14228.0187   44  178 14384.0900 14164.2592  1.53%   130 2114s
 37461 10886 14283.6300   45  107 14384.0900 14164.4030  1.53%   130 2125s
 37609 10993 14256.8280   44   50 14384.0900 14164.7201  1.53%   130 2136s
 37818 11084 14229.5520   47   96 14384.0900 14165.2868  1.52%   130 2149s
 37998 11117 14361.3588   47  258 14384.0900 14165.9507  1.52%   130 2160s
 38154 11186 14204.3892   34  228 14384.0900 14166.4183  1.51%   130 2171s
 38297 11212 14380.8430   38  243 14384.0900 14166.9220  1.51%   130 2302s
H38397  8144                    14334.450000 14167.5574  1.16%   130 2317s
 38526  8152     cutoff   50      14334.4500 14167.9573  1.16%   131 2331s
 38660  8193 14329.0876   40  230 14334.4500 14168.5051  1.16%   131 2343s
 38855  8223     cutoff   57      14334.4500 14168.9520  1.15%   131 2356s
 39033  8230     cutoff   39      14334.4500 14169.8975  1.15%   131 2368s
 39170  8270     cutoff   52      14334.4500 14170.6043  1.14%   131 2379s
 39352  8283 14328.4470   44  103 14334.4500 14171.7073  1.14%   131 2390s
 39505  8334     cutoff   53      14334.4500 14172.4755  1.13%   132 2402s
 39662  8330 14297.4351   43  245 14334.4500 14172.7143  1.13%   132 2414s
 39776  8327 14261.6877   53  271 14334.4500 14173.3374  1.12%   132 2426s
 39916  8374 14289.5195   37  203 14334.4500 14173.9076  1.12%   132 2438s
 40065  8420 14258.9375   45  130 14334.4500 14174.6157  1.12%   132 2450s
 40230  8452     cutoff   60      14334.4500 14174.9462  1.11%   133 2462s
 40396  8479     cutoff   60      14334.4500 14175.7925  1.11%   133 2474s
 40522  8505     cutoff   58      14334.4500 14176.3001  1.10%   133 2486s
 40665  8544 14307.8175   44  107 14334.4500 14177.1485  1.10%   133 2500s
 40839  8552 14287.0711   43  167 14334.4500 14177.8507  1.09%   133 2513s
 40975  8591 14332.3212   38  201 14334.4500 14178.3440  1.09%   133 2526s
 41170  8623 14289.9408   51  164 14334.4500 14178.9486  1.08%   134 2540s
 41341  8632 14277.3029   37  311 14334.4500 14179.4824  1.08%   134 2555s
 41470  8645     cutoff   40      14334.4500 14179.9299  1.08%   134 2568s
 41619  8659 14333.3515   47  185 14334.4500 14180.3883  1.07%   134 2580s
 41775  8673 14284.3155   62  214 14334.4500 14181.0981  1.07%   134 2595s
 41935  8718 14312.2018   41  140 14334.4500 14181.9489  1.06%   135 2608s
 42110  8735 14261.4543   41  196 14334.4500 14182.5840  1.06%   135 2621s
 42281  8747 14292.6122   36  300 14334.4500 14183.3088  1.05%   135 2633s
 42409  8772 14240.2415   43  194 14334.4500 14183.7978  1.05%   135 2647s
 42580  8800 14271.8118   47   57 14334.4500 14184.5790  1.05%   135 2660s
 42759  8810     cutoff   64      14334.4500 14185.4018  1.04%   135 2673s
 42867  8834 14266.4862   45  213 14334.4500 14185.7626  1.04%   136 2685s
 42997  8859 14262.7186   48  111 14334.4500 14186.4646  1.03%   136 2700s
 43147  8870 14332.4869   41  112 14334.4500 14186.9569  1.03%   136 2713s
 43284  8888     cutoff   48      14334.4500 14187.6277  1.02%   136 2727s
 43465  8894 14244.4150   57  161 14334.4500 14188.5002  1.02%   136 2741s
 43595  8917     cutoff   55      14334.4500 14188.7692  1.02%   136 2755s
 43755  8941     cutoff   44      14334.4500 14189.5956  1.01%   137 2768s
 43953  8981 14285.0691   37  212 14334.4500 14190.3421  1.01%   137 2782s
 44129  8989     cutoff   53      14334.4500 14190.9472  1.00%   137 2797s
 44288  9019 14245.2050   44  240 14334.4500 14191.3626  1.00%   137 2810s
 44450  9026 14226.5820   48  185 14334.4500 14192.0315  0.99%   137 2824s
 44602  9027 14319.5595   42  177 14334.4500 14192.2848  0.99%   137 2838s
 44720  9056     cutoff   53      14334.4500 14192.6119  0.99%   138 2852s
 44910  9066     cutoff   52      14334.4500 14193.3803  0.98%   138 2867s
 45099  9093 14283.7965   40  234 14334.4500 14193.9730  0.98%   138 2882s
 45285  9103     cutoff   50      14334.4500 14194.4041  0.98%   138 2896s
 45431  9114 14302.5555   48  191 14334.4500 14194.6863  0.98%   138 2909s
 45629  9129 14306.4131   47  136 14334.4500 14195.1661  0.97%   138 2923s
 45811  9151 14328.0643   49  197 14334.4500 14195.6118  0.97%   138 2939s
 45975  9162 14311.9964   47  168 14334.4500 14196.2934  0.96%   138 2953s
 46165  9159 14329.5639   34  271 14334.4500 14197.1184  0.96%   139 2968s
 46330  9183 14264.8785   47  247 14334.4500 14197.4178  0.96%   139 2984s
 46497  9208     cutoff   41      14334.4500 14197.6705  0.95%   139 2998s
 46688  9218 14266.4926   44  114 14334.4500 14198.1746  0.95%   139 3014s
 46852  9237 14298.5068   35  316 14334.4500 14198.7643  0.95%   139 3028s
 46998  9259 14280.3699   46  241 14334.4500 14199.4134  0.94%   139 3042s
 47207  9258     cutoff   58      14334.4500 14200.1485  0.94%   139 3059s
 47247  9258     cutoff   39      14334.4500 14200.3722  0.94%   140 3060s
 47286  9284 14275.4596   40  168 14334.4500 14200.4282  0.93%   140 3074s
 47444  9295     cutoff   59      14334.4500 14200.6762  0.93%   140 3089s
 47603  9311 14313.3369   49  221 14334.4500 14201.3058  0.93%   140 3104s
 47771  9323 14281.3569   41  106 14334.4500 14201.8115  0.93%   140 3120s
 47925  9344     cutoff   52      14334.4500 14202.2826  0.92%   140 3134s
 48098  9344 14264.4687   46  150 14334.4500 14202.8656  0.92%   141 3135s
 48114  9362 14261.1723   48  211 14334.4500 14202.9612  0.92%   141 3148s
 48296  9383 14257.3379   42  174 14334.4500 14203.6582  0.91%   141 3165s
 48475  9405 14311.4683   50  143 14334.4500 14204.0960  0.91%   141 3181s
 48651  9415     cutoff   52      14334.4500 14204.5987  0.91%   141 3196s
 48851  9431     cutoff   40      14334.4500 14205.1744  0.90%   141 3211s
 49059  9481     cutoff   32      14334.4500 14206.0687  0.90%   141 3228s
 49312  9495     cutoff   47      14334.4500 14206.6014  0.89%   141 3243s
