




arguments: ./build/bc_mirp -f ./input/orig_exec_246.cfg
Current dir: /scratch/gui/bc_mirp
File verbosity level: 9
date       time         ( uptime  ) [ thread name/id ]                   file:line     v| 
2021-02-16 02:23:49.106 (   0.997s) [main thread     ]             loguru.cpp:789   INFO| Logging to './output/vi_vc+hc3/OU/V2/Original/execution_16_02_2021_02_23_49.log', mode: 'a', verbosity: 9
--------------------------------------------------------------------------------
Parameters
                           instance_path           ./input/Instances/Original/6/
                            model_policy                                       1
                             nb_vehicles                                       2
                              output_dir      ./output/vi_vc+hc3/OU/V2/Original/
                            sec_strategy                                       1
                       solver_nb_threads                                       2
                         solver_show_log                                    true
                       solver_time_limit                                    3600
                              use_vi_cos                                   false
                              use_vi_cus                                   false
                         use_vi_hc1_full                                   false
                         use_vi_hc1_half                                   false
                      use_vi_hc1_quarter                                   false
                              use_vi_hc2                                   false
                              use_vi_hc3                                    true
                         use_vi_lex_full                                   false
                         use_vi_lex_half                                   false
                      use_vi_lex_quarter                                   false
                              use_vi_qua                                   false
                               use_vi_vc                                    true
                               use_vi_vr                                   false
--------------------------------------------------------------------------------
executing instance: ./input/Instances/Original/6/absH6high_1n25.dat
--------------------------------------------------------------------------------
Instance details
n	26
H	6
C	1711
Li:
[0, 0, 0, 0, 0, 0, 0, 0, 0, 0, 0, 0, 0, 0, 0, 0, 0, 0, 0, 0, 0, 0, 0, 0, 0, 0, ]
Ui:
[0, 168, 176, 34, 66, 36, 177, 106, 118, 182, 64, 141, 189, 63, 46, 111, 182, 231, 36, 66, 68, 54, 132, 90, 246, 75, ]
Distance matrix:
|0	191	200	231	334	329	146	196	208	245	218	164	283	394	151	358	156	196	309	253	201	260	127	138	130	104	|
|191	0	226	229	278	146	328	216	390	417	327	293	195	334	106	296	171	122	472	151	12	411	280	53	190	130	|
|200	226	0	38	149	359	321	10	276	274	418	364	139	204	121	173	321	115	303	141	225	236	155	202	311	256	|
|231	229	38	0	110	352	358	37	314	310	448	395	108	167	129	135	342	109	336	120	226	268	194	213	335	277	|
|334	278	149	110	0	367	467	147	422	413	546	495	86	61	203	25	423	163	429	129	271	363	303	282	424	361	|
|329	146	359	352	367	0	453	349	533	562	411	393	282	411	245	378	250	244	617	245	141	556	426	195	284	243	|
|146	328	321	358	467	453	0	321	162	215	160	112	425	524	297	491	223	341	284	397	339	266	186	276	184	210	|
|196	216	10	37	147	349	321	0	281	281	414	360	132	203	112	171	315	105	311	132	216	244	159	193	305	249	|
|208	390	276	314	422	533	162	281	0	54	321	271	410	471	316	445	348	348	123	398	398	115	125	338	313	309	|
|245	417	274	310	413	562	215	281	54	0	375	323	413	457	334	435	393	361	70	406	424	69	139	367	359	349	|
|218	327	418	448	546	411	160	414	321	375	0	57	484	606	347	569	163	393	444	446	339	421	318	288	137	199	|
|164	293	364	395	495	393	112	360	271	323	57	0	437	556	300	519	144	346	393	401	305	367	261	249	109	163	|
|283	195	139	108	86	282	425	132	410	413	484	437	0	139	137	101	349	91	443	44	187	375	286	206	355	291	|
|394	334	204	167	61	411	524	203	471	457	606	556	139	0	264	38	483	222	467	183	326	403	356	341	484	421	|
|151	106	121	129	203	245	297	112	316	334	347	300	137	264	0	225	220	46	381	102	106	316	195	84	221	158	|
|358	296	173	135	25	378	491	171	445	435	569	519	101	38	225	0	444	184	450	145	288	384	328	303	446	383	|
|156	171	321	342	423	250	223	315	348	393	163	144	349	483	220	444	0	261	460	308	183	415	284	143	39	65	|
|196	122	115	109	163	244	341	105	348	361	393	346	91	222	46	184	261	0	402	56	118	336	224	119	264	200	|
|309	472	303	336	429	617	284	311	123	70	444	393	443	467	381	450	460	402	0	442	477	68	192	424	426	413	|
|253	151	141	120	129	245	397	132	398	406	446	401	44	183	102	145	308	56	442	0	143	375	273	164	315	251	|
|201	12	225	226	271	141	339	216	398	424	339	305	187	326	106	288	183	118	477	143	0	416	286	63	202	142	|
|260	411	236	268	363	556	266	244	115	69	421	367	375	403	316	384	415	336	68	375	416	0	135	365	384	363	|
|127	280	155	194	303	426	186	159	125	139	318	261	286	356	195	328	284	224	192	273	286	135	0	232	256	229	|
|138	53	202	213	282	195	276	193	338	367	288	249	206	341	84	303	143	119	424	164	63	365	232	0	153	89	|
|130	190	311	335	424	284	184	305	313	359	137	109	355	484	221	446	39	264	426	315	202	384	256	153	0	64	|
|104	130	256	277	361	243	210	249	309	349	199	163	291	421	158	383	65	200	413	251	142	363	229	89	64	0	|

--------------------------------------------------------------------------------
Building model...
	using lazy and cut (CVRPSEP package)
Solving IRP LP...
--------------------------------------------------------------------------------

Gurobi 9.1.0 (linux64) logging started Tue Feb 16 02:23:49 2021

Gurobi Optimizer version 9.1.0 build v9.1.0rc0 (linux64)
Thread count: 32 physical cores, 32 logical processors, using up to 2 threads
Optimize a model with 1568 rows, 4694 columns and 13880 nonzeros
Model fingerprint: 0x89e3cd27
Variable types: 482 continuous, 4212 integer (312 binary)
Coefficient statistics:
  Matrix range     [1e+00, 9e+02]
  Objective range  [1e-01, 6e+02]
  Bounds range     [1e+00, 2e+02]
  RHS range        [1e+00, 3e+03]
Presolve removed 583 rows and 102 columns
Presolve time: 0.08s
Presolved: 985 rows, 4592 columns, 10945 nonzeros
Variable types: 380 continuous, 4212 integer (3912 binary)

Root relaxation: objective 1.301997e+04, 1263 iterations, 0.03 seconds

    Nodes    |    Current Node    |     Objective Bounds      |     Work
 Expl Unexpl |  Obj  Depth IntInf | Incumbent    BestBd   Gap | It/Node Time

     0     0 13019.9705    0  208          - 13019.9705      -     -    0s
     0     0 13567.8480    0  228          - 13567.8480      -     -    0s
     0     0 13607.8379    0  221          - 13607.8379      -     -    0s
     0     0 13615.0286    0  193          - 13615.0286      -     -    0s
     0     0 14274.4147    0  291          - 14274.4147      -     -    0s
     0     0 14439.0457    0  351          - 14439.0457      -     -    0s
     0     0 14453.5898    0  355          - 14453.5898      -     -    0s
     0     0 14455.0498    0  358          - 14455.0498      -     -    0s
     0     0 14458.3538    0  347          - 14458.3538      -     -    0s
     0     0 14521.9541    0  358          - 14521.9541      -     -    0s
     0     0 14605.3353    0  357          - 14605.3353      -     -    1s
     0     0 14632.1648    0  365          - 14632.1648      -     -    1s
     0     0 14632.4211    0  358          - 14632.4211      -     -    1s
     0     0 14919.7724    0  404          - 14919.7724      -     -    1s
     0     0 15017.5888    0  392          - 15017.5888      -     -    1s
     0     0 15040.6892    0  386          - 15040.6892      -     -    1s
     0     0 15054.4876    0  402          - 15054.4876      -     -    1s
     0     0 15065.5782    0  402          - 15065.5782      -     -    1s
     0     0 15068.3499    0  414          - 15068.3499      -     -    1s
     0     0 15122.3328    0  392          - 15122.3328      -     -    2s
     0     0 15145.0527    0  420          - 15145.0527      -     -    2s
     0     0 15159.3639    0  406          - 15159.3639      -     -    2s
     0     0 15161.4332    0  423          - 15161.4332      -     -    2s
     0     0 15184.6687    0  387          - 15184.6687      -     -    2s
     0     0 15186.0978    0  401          - 15186.0978      -     -    2s
     0     0 15189.2981    0  423          - 15189.2981      -     -    2s
     0     0 15189.2981    0  366          - 15189.2981      -     -    2s
     0     2 15190.1319    0  350          - 15190.1319      -     -    3s
    17    20 15840.4948    5  427          - 15243.6274      -   899    5s
    74    80 16342.0306   19  313          - 15243.6274      -   573   10s
*  346   346             160    18050.050000 15243.6274  15.5%   211   14s
   363   367 17151.7659   65  120 18050.0500 15243.6274  15.5%   208   15s
   547   531 15872.4738   15  318 18050.0500 15360.0543  14.9%   180   20s
   686   651 15905.3046   23  290 18050.0500 15360.0543  14.9%   168   26s
H  726   650                    17873.050000 15360.0543  14.1%   170   29s
   728   651 16361.6016   24  300 17873.0500 15360.0543  14.1%   169   30s
H  739   625                    17858.050000 15681.2887  12.2%   167   33s
   747   631 16574.5600   68  554 17858.0500 15700.7482  12.1%   165   35s
   766   646 15763.7438   14  418 17858.0500 15731.1844  11.9%   188   40s
H  817   649                    17856.550000 15738.2253  11.9%   205   44s
   820   653 15871.4181   26  424 17856.5500 15738.2253  11.9%   205   45s
H  908   695                    17649.890000 15738.2253  10.8%   212   50s
H 1021   725                    17448.420000 15738.2253  9.80%   202   55s
H 1024   697                    17390.340000 15738.2253  9.50%   203   55s
  1116   734 16127.2644   28  130 17390.3400 15738.2253  9.50%   199   60s
  1306   871 16581.1642   77    8 17390.3400 15738.2253  9.50%   188   65s
* 1353   780             100    17118.170000 15738.2253  8.06%   184   65s
* 1362   706             103    16944.170000 15766.1061  6.95%   184   66s
  1415   736 15989.9601   20  344 16944.1700 15766.1061  6.95%   190   70s
  1494   788 16217.6279   26  257 16944.1700 15766.1061  6.95%   193   75s
  1599   819 16583.8719   35  197 16944.1700 15766.1061  6.95%   191   80s
  1747   873 16371.3140   21  332 16944.1700 15778.2787  6.88%   190   86s
  1836   918 16021.3145   16  308 16944.1700 15782.7773  6.85%   191   90s
  1913   961 15951.6224   13  481 16944.1700 15783.0958  6.85%   192   95s
  2001   994 16906.4774   24  432 16944.1700 15783.0958  6.85%   195  100s
H 2006   929                    16858.670000 15783.0958  6.38%   195  101s
  2037   950 16086.5714   13  564 16858.6700 15792.7884  6.32%   197  105s
  2131  1020 16113.7646   19  361 16858.6700 15796.0611  6.30%   200  111s
  2213  1049 16136.3846   13  448 16858.6700 15806.3093  6.24%   200  116s
  2278  1127 16089.8209   18  424 16858.6700 15806.4634  6.24%   202  140s
  2383  1183 16054.7977   19  483 16858.6700 15820.7421  6.16%   201  145s
  2442  1281 16448.4651   29  182 16858.6700 15831.0739  6.10%   204  152s
  2532  1338 16111.9725   19  354 16858.6700 15856.1646  5.95%   203  156s
  2628  1394 16708.5070   32  271 16858.6700 15858.7250  5.93%   203  162s
  2684  1437 16223.9842   18  335 16858.6700 15859.4779  5.93%   203  165s
  2787  1508 16721.7626   36  103 16858.6700 15861.7276  5.91%   204  172s
  2850  1572 16389.3734   27  381 16858.6700 15878.5442  5.81%   204  176s
H 2914  1310                    16712.840000 15878.5442  4.99%   204  198s
H 2959   973                    16546.170000 15878.5442  4.03%   203  198s
H 2959   734                    16417.670000 15878.5442  3.28%   203  198s
  2965   723     cutoff   62      16417.6700 15878.5886  3.28%   203  201s
  3039   734 16227.6937   23  301 16417.6700 15878.9722  3.28%   203  205s
  3139   783 16279.4509   31  280 16417.6700 15886.1591  3.24%   206  213s
  3204   815 16106.5986   15  246 16417.6700 15886.8164  3.23%   206  217s
  3267   847 16079.8566   24  325 16417.6700 15891.8456  3.20%   208  222s
  3326   857 16340.0530   24  334 16417.6700 15895.3894  3.18%   209  226s
  3373   885 16209.6440   23  358 16417.6700 15897.4584  3.17%   211  230s
  3428   909 16285.7723   23  388 16417.6700 15898.6786  3.16%   212  236s
  3496   978 16175.1213   22  326 16417.6700 15908.2834  3.10%   213  241s
  3602  1003 16386.6397   30  326 16417.6700 15918.0946  3.04%   213  246s
  3681  1092 16287.7286   35  196 16417.6700 15924.4021  3.00%   213  252s
  3823  1138 16294.4507   25  285 16417.6700 15932.7355  2.95%   211  258s
  3921  1163 16333.7286   29  269 16417.6700 15944.0984  2.88%   211  264s
  4003  1237 16312.5462   23  254 16417.6700 15945.0625  2.88%   212  287s
  4136  1247 16378.3958   34  140 16417.6700 15952.8271  2.83%   211  293s
  4203  1264 16287.1210   22  188 16417.6700 15960.3719  2.79%   213  299s
  4278  1297     cutoff   31      16417.6700 15961.6256  2.78%   215  305s
  4373  1350 16266.5380   21  238 16417.6700 15968.9061  2.73%   217  312s
  4504  1378 16228.1812   22  419 16417.6700 15974.6989  2.70%   217  319s
  4613  1458     cutoff   25      16417.6700 15979.4754  2.67%   217  326s
  4745  1537 16392.9134   25  221 16417.6700 15983.4229  2.64%   217  334s
  4823  1537 16353.8026   27  245 16417.6700 15991.6409  2.59%   217  335s
  4919  1586 16219.6661   25  356 16417.6700 15991.6785  2.59%   215  342s
  5054  1649 16276.8339   20  279 16417.6700 15994.5924  2.58%   216  351s
  5187  1721 16275.8387   24  248 16417.6700 16001.3262  2.54%   216  361s
  5345  1786 16142.3107   21  380 16417.6700 16004.9717  2.51%   216  370s
  5511  1863 16378.9123   21  353 16417.6700 16011.4480  2.47%   216  380s
  5679  1954 16241.4287   23  327 16417.6700 16013.8822  2.46%   216  390s
  5872  2047 16149.8066   21  412 16417.6700 16017.5070  2.44%   216  400s
  6058  2133 16374.2021   35  162 16417.6700 16020.5043  2.42%   216  410s
  6251  2211 16129.5889   20  340 16417.6700 16027.8577  2.37%   215  420s
  6430  2273 16252.9652   22  295 16417.6700 16036.1145  2.32%   216  430s
  6625  2308 16382.7398   24  345 16417.6700 16043.7244  2.28%   215  440s
  6819  2345 16279.2294   22  321 16417.6700 16052.6061  2.22%   215  478s
H 6890  2185                    16385.620000 16052.6061  2.03%   215  478s
  6963  2234 16288.8854   34  198 16385.6200 16056.2656  2.01%   215  489s
  7047  2234 16284.1338   22  289 16385.6200 16060.2902  1.99%   215  490s
  7151  2325 16206.0983   25  219 16385.6200 16060.7486  1.98%   215  501s
  7361  2385 16262.4464   22  344 16385.6200 16064.5783  1.96%   214  513s
H 7539  2392                    16383.060000 16066.5807  1.93%   215  525s
  7637  2440     cutoff   23      16383.0600 16067.0752  1.93%   216  536s
  7842  2472 16159.4574   15  467 16383.0600 16073.6633  1.89%   217  548s
  8036  2562 16232.4980   19  430 16383.0600 16075.3717  1.88%   218  560s
  8259  2599 16298.0566   23  301 16383.0600 16078.9354  1.86%   218  571s
  8448  2704     cutoff   24      16383.0600 16083.2184  1.83%   219  584s
  8715  2788 16183.5589   26  248 16383.0600 16085.5552  1.82%   218  597s
  8968  2848     cutoff   21      16383.0600 16088.7100  1.80%   217  610s
  9208  2982 16354.9835   23  271 16383.0600 16090.2551  1.79%   217  624s
  9481  3060 16125.3103   21  342 16383.0600 16091.6901  1.78%   216  637s
  9769  3123 16191.8750   21  372 16383.0600 16094.4231  1.76%   215  648s
  9963  3176     cutoff   32      16383.0600 16096.8658  1.75%   215  660s
 10190  3266 16305.3680   26  250 16383.0600 16100.1542  1.73%   215  673s
 10449  3359 16262.2384   21  318 16383.0600 16101.1886  1.72%   214  685s
 10661  3440 16208.3035   25  258 16383.0600 16103.1975  1.71%   214  697s
 10912  3551 16305.9979   24  195 16383.0600 16105.4854  1.69%   214  710s
 11207  3625 16279.1966   24  250 16383.0600 16108.1911  1.68%   213  722s
 11452  3697 16240.7168   22  324 16383.0600 16109.8828  1.67%   213  735s
 11681  3774 16342.2072   26  246 16383.0600 16111.6994  1.66%   213  747s
 11936  3917 16248.1709   31  190 16383.0600 16114.5279  1.64%   212  760s
 12282  3946 16209.1842   25  273 16383.0600 16116.4933  1.63%   210  771s
 12488  4014 16305.6354   29  244 16383.0600 16119.3903  1.61%   211  782s
 12711  4089 16343.2351   20  284 16383.0600 16121.1180  1.60%   211  794s
 12951  4161 16348.5361   24  234 16383.0600 16123.0015  1.59%   210  806s
 13215  4221 16165.6345   28  383 16383.0600 16124.7231  1.58%   210  818s
 13454  4309 16333.3061   19  391 16383.0600 16126.0045  1.57%   210  831s
 13721  4389 16300.7012   20  309 16383.0600 16127.3542  1.56%   209  843s
 13968  4460 16313.0423   18  300 16383.0600 16129.1156  1.55%   209  855s
 14206  4506     cutoff   20      16383.0600 16131.6668  1.53%   209  867s
 14493  4540 16155.1678   22  352 16383.0600 16134.2184  1.52%   208  879s
 14724  4608 16294.4482   23  283 16383.0600 16135.6440  1.51%   208  890s
 14972  4671     cutoff   30      16383.0600 16137.6693  1.50%   208  902s
 15251  4697     cutoff   31      16383.0600 16139.5665  1.49%   207  913s
 15483  4776 16318.7210   18  370 16383.0600 16142.4522  1.47%   207  925s
 15774  4821 16295.7816   24  271 16383.0600 16143.9580  1.46%   206  937s
 15995  4887     cutoff   23      16383.0600 16145.8628  1.45%   206  949s
 16168  4887 16354.6679   25  297 16383.0600 16147.8046  1.44%   205  950s
 16298  4938 16250.5510   27  207 16383.0600 16147.8459  1.44%   205  962s
 16563  4976 16317.9331   29  244 16383.0600 16149.3928  1.43%   205  973s
 16798  5020 16370.5894   31  385 16383.0600 16151.1359  1.42%   205  985s
 16988  5099 16221.7424   25  278 16383.0600 16152.0738  1.41%   205  997s
 17314  5202 16356.0863   32   60 16383.0600 16154.1295  1.40%   205 1008s
 17664  5268     cutoff   21      16383.0600 16156.1246  1.39%   203 1020s
 17983  5332 16184.6895   29  271 16383.0600 16157.4986  1.38%   202 1032s
 18254  5382 16343.0537   29  211 16383.0600 16158.5613  1.37%   202 1043s
 18504  5451     cutoff   31      16383.0600 16159.8521  1.36%   202 1054s
 18814  5528 16265.0276   26  230 16383.0600 16162.1013  1.35%   201 1066s
 19123  5554 16344.4924   24  229 16383.0600 16164.3849  1.33%   200 1078s
 19401  5658 16265.2777   30  214 16383.0600 16165.9050  1.33%   200 1090s
 19724  5703 16365.9914   27  279 16383.0600 16167.1903  1.32%   199 1101s
 19991  5770 16199.6819   25  175 16383.0600 16168.8513  1.31%   199 1112s
 20292  5781 16325.2631   44  212 16383.0600 16170.7702  1.30%   199 1131s
 20362  5863 16305.6087   26  182 16383.0600 16171.2838  1.29%   198 1142s
 20678  5930     cutoff   23      16383.0600 16171.9820  1.29%   198 1154s
 20948  5964 16355.3785   28  281 16383.0600 16173.1960  1.28%   198 1165s
 21215  6055 16373.2035   30  294 16383.0600 16174.5550  1.27%   197 1176s
 21578  6149 16193.1550   25  219 16383.0600 16176.4833  1.26%   196 1188s
 21913  6225 16364.7294   35  264 16383.0600 16178.0122  1.25%   196 1199s
 22066  6225 16327.6555   25  278 16383.0600 16179.2922  1.24%   195 1200s
 22199  6312 16322.0975   36  163 16383.0600 16179.3267  1.24%   195 1211s
 22503  6404 16363.5284   35  277 16383.0600 16180.6832  1.24%   195 1223s
 22831  6453 16210.5201   26  283 16383.0600 16181.9067  1.23%   194 1235s
 23100  6517 16319.6273   30  236 16383.0600 16182.4298  1.22%   194 1246s
 23406  6598 16346.1933   25  324 16383.0600 16183.7064  1.22%   193 1257s
 23751  6643 16262.6003   30  207 16383.0600 16184.8583  1.21%   193 1269s
 24061  6732 16306.2457   25  374 16383.0600 16186.2728  1.20%   192 1280s
 24405  6818 16243.6371   30  186 16383.0600 16187.2674  1.20%   192 1292s
 24732  6912 16267.4618   31  170 16383.0600 16188.5332  1.19%   191 1304s
 25060  7002 16260.9199   28  173 16383.0600 16189.4522  1.18%   191 1316s
 25419  7045 16328.2675   30  134 16383.0600 16190.4241  1.18%   190 1327s
 25675  7102 16326.2085   28  319 16383.0600 16191.8189  1.17%   190 1338s
 25999  7135     cutoff   37      16383.0600 16193.3798  1.16%   189 1349s
 26140  7135 16262.3481   28  335 16383.0600 16194.5151  1.15%   189 1350s
 26274  7192 16284.6729   26  241 16383.0600 16194.5757  1.15%   189 1360s
 26573  7217     cutoff   27      16383.0600 16195.7895  1.14%   189 1372s
 26839  7288 16361.0327   28  339 16383.0600 16196.5579  1.14%   189 1384s
 27204  7335 16291.3312   24  257 16383.0600 16197.7513  1.13%   188 1395s
 27505  7372     cutoff   40      16383.0600 16198.4507  1.13%   188 1406s
 27809  7453 16364.5059   28  195 16383.0600 16199.5737  1.12%   188 1417s
 28196  7555 16286.0696   28  204 16383.0600 16200.8807  1.11%   187 1430s
 28585  7691     cutoff   28      16383.0600 16201.7419  1.11%   186 1442s
 29001  7783     cutoff   24      16383.0600 16202.5051  1.10%   185 1454s
 29363  7868     cutoff   26      16383.0600 16203.3530  1.10%   185 1467s
 29733  7950 16282.8479   35  231 16383.0600 16204.1406  1.09%   184 1479s
 30115  8029 16221.3338   26  335 16383.0600 16205.0241  1.09%   183 1514s
 30486  8074 16332.9841   33  227 16383.0600 16205.9384  1.08%   183 1527s
 30823  8143 16283.9402   25  270 16383.0600 16206.9326  1.08%   183 1540s
 31177  8236 16359.4850   35  335 16383.0600 16207.6889  1.07%   182 1584s
 31331  8236 16259.5429   27  299 16383.0600 16208.2283  1.07%   182 1585s
 31510  8317 16325.6382   24  323 16383.0600 16208.3390  1.07%   182 1596s
 31898  8389     cutoff   44      16383.0600 16209.0814  1.06%   181 1608s
 32259  8424 16245.7879   24  326 16383.0600 16209.8954  1.06%   181 1620s
 32590  8539 16244.2049   30  208 16383.0600 16210.6426  1.05%   181 1643s
 32970  8581 16360.4281   25  208 16383.0600 16211.3569  1.05%   180 1655s
 33301  8636     cutoff   25      16383.0600 16212.4868  1.04%   180 1665s
 33645  8719 16352.6606   28  278 16383.0600 16213.8689  1.03%   179 1676s
 34004  8778 16356.9655   28  347 16383.0600 16214.7886  1.03%   179 1687s
 34360  8842 16311.0579   23  351 16383.0600 16215.5033  1.02%   179 1699s
 34714  8889     cutoff   37      16383.0600 16216.2959  1.02%   178 1710s
 35045  8894     cutoff   28      16383.0600 16216.9915  1.01%   178 1722s
 35332  8916 16320.9410   31  184 16383.0600 16217.8856  1.01%   178 1733s
 35627  8995 16378.8441   23  284 16383.0600 16218.8016  1.00%   178 1745s
 36006  9073     cutoff   29      16383.0600 16219.5057  1.00%   178 1757s
 36169  9073     cutoff   29      16383.0600 16219.7930  1.00%   177 1763s
 36365  9146 16344.5625   35  167 16383.0600 16219.8340  1.00%   177 1773s
 36749  9177 16363.2872   31  402 16383.0600 16221.0111  0.99%   177 1785s
 37068  9231 16317.5186   24  217 16383.0600 16221.8115  0.98%   176 1796s
 37393  9305 16280.9727   32  101 16383.0600 16222.7271  0.98%   176 1808s
 37748  9344     cutoff   33      16383.0600 16223.7836  0.97%   176 1819s
 38092  9407 16275.9460   26  144 16383.0600 16224.3212  0.97%   175 1831s
 38455  9483     cutoff   30      16383.0600 16225.2891  0.96%   175 1843s
 38839  9547 16288.3227   29  169 16383.0600 16226.0022  0.96%   175 1855s
 39190  9637 16324.9521   36  154 16383.0600 16226.7855  0.95%   174 1866s
 39576  9666     cutoff   29      16383.0600 16227.7605  0.95%   174 1878s
 39920  9719 16371.4596   27   80 16383.0600 16228.6069  0.94%   174 1890s
 40319  9753 16362.6986   27  293 16383.0600 16229.6020  0.94%   173 1901s
 40687  9816 16287.3370   26  283 16383.0600 16230.3026  0.93%   173 1913s
 41074  9844 16345.5948   19  365 16383.0600 16231.2391  0.93%   172 1925s
 41386  9932     cutoff   34      16383.0600 16231.8472  0.92%   172 1937s
 41819  9989 16304.4215   23  236 16383.0600 16232.7598  0.92%   172 1949s
 42192 10073     cutoff   33      16383.0600 16233.8057  0.91%   171 1961s
 42572 10094     cutoff   31      16383.0600 16234.5007  0.91%   171 1973s
 42923 10100     cutoff   26      16383.0600 16235.2413  0.90%   171 1985s
 43245 10133     cutoff   30      16383.0600 16235.9570  0.90%   171 1996s
 43611 10166 16278.7936   26  407 16383.0600 16236.7887  0.89%   171 2008s
 43947 10200     cutoff   32      16383.0600 16237.4717  0.89%   170 2019s
 44324 10247     cutoff   28      16383.0600 16238.4143  0.88%   170 2031s
 44719 10277 16323.4684   38   94 16383.0600 16239.2896  0.88%   170 2043s
 45089 10340 16304.3422   27  377 16383.0600 16240.0259  0.87%   169 2055s
 45517 10371     cutoff   32      16383.0600 16240.6497  0.87%   169 2068s
 45697 10371     cutoff   27      16383.0600 16241.2104  0.87%   169 2072s
 45884 10381     cutoff   31      16383.0600 16241.2206  0.87%   169 2083s
 46252 10435 16288.8708   29  178 16383.0600 16242.2731  0.86%   168 2094s
 46638 10531     cutoff   24      16383.0600 16243.1613  0.85%   168 2109s
 46896 10531 16333.0486   24  266 16383.0600 16243.8120  0.85%   168 2118s
 47112 10570 16333.9291   38   49 16383.0600 16243.8430  0.85%   168 2129s
 47271 10570     cutoff   23      16383.0600 16244.6706  0.84%   167 2130s
 47459 10596 16338.7008   31  257 16383.0600 16244.6920  0.84%   167 2141s
 47833 10622     cutoff   27      16383.0600 16245.5340  0.84%   167 2153s
 48219 10675 16267.0977   28  193 16383.0600 16246.0536  0.84%   167 2165s
 48642 10692 16372.2627   28  291 16383.0600 16246.8437  0.83%   167 2177s
 49004 10702     cutoff   27      16383.0600 16247.5788  0.83%   166 2222s
 49319 10718 16359.3933   43   48 16383.0600 16248.1933  0.82%   166 2235s
 49593 10746 16363.5993   26  323 16383.0600 16248.7420  0.82%   166 2247s
 49951 10781 16283.4476   23  253 16383.0600 16249.5267  0.82%   166 2259s
 50331 10784 16320.5594   31  169 16383.0600 16250.3023  0.81%   166 2271s
 50699 10813 16269.6023   31  192 16383.0600 16250.9559  0.81%   165 2282s
 51085 10856 16327.8545   28  164 16383.0600 16251.5262  0.80%   165 2293s
 51507 10917 16362.4809   29  114 16383.0600 16252.2747  0.80%   165 2305s
 51980 10963     cutoff   26      16383.0600 16253.1084  0.79%   164 2317s
 52370 10979 16335.0837   29  265 16383.0600 16253.7720  0.79%   164 2329s
 52767 11028 16331.2348   28  369 16383.0600 16254.5360  0.78%   164 2340s
 53181 11030 16350.5916   34  190 16383.0600 16255.4465  0.78%   164 2352s
 53536 11063 16302.2848   24  256 16383.0600 16256.1711  0.77%   164 2365s
 53992 11104     cutoff   30      16383.0600 16257.0938  0.77%   163 2378s
 54417 11134 16334.1738   25  264 16383.0600 16257.7656  0.76%   163 2391s
 54830 11142 16352.1757   31  269 16383.0600 16258.6135  0.76%   162 2403s
 55258 11145 16315.1234   31  284 16383.0600 16259.2778  0.76%   162 2415s
 55655 11145 16348.3059   33  142 16383.0600 16259.9715  0.75%   162 2427s
 56064 11163 16330.7070   27  253 16383.0600 16260.6587  0.75%   162 2440s
 56456 11201 infeasible   29      16383.0600 16261.3300  0.74%   162 2452s
 56816 11250 16328.4097   30   61 16383.0600 16261.9309  0.74%   161 2464s
 57011 11250 16321.1839   25  250 16383.0600 16262.4517  0.74%   161 2465s
 57271 11268 16286.3573   15  369 16383.0600 16262.4799  0.74%   161 2477s
 57627 11267     cutoff   27      16383.0600 16263.0804  0.73%   161 2489s
 58017 11292 16359.5665   37   59 16383.0600 16263.7896  0.73%   161 2501s
 58414 11322     cutoff   37      16383.0600 16264.5367  0.72%   160 2513s
 58802 11344     cutoff   28      16383.0600 16265.2346  0.72%   160 2525s
 59261 11354 16332.3128   28  330 16383.0600 16266.0270  0.71%   160 2537s
 59700 11353 16373.3233   32  132 16383.0600 16266.7165  0.71%   160 2549s
 60090 11379     cutoff   37      16383.0600 16267.2386  0.71%   159 2561s
 60537 11382     cutoff   21      16383.0600 16268.0130  0.70%   159 2573s
 60937 11382     cutoff   17      16383.0600 16268.7214  0.70%   159 2585s
 61306 11408 16376.2307   29  277 16383.0600 16269.4278  0.69%   159 2597s
 61740 11434 16280.5745   30  209 16383.0600 16270.1270  0.69%   159 2609s
 61932 11434 16342.8135   28  152 16383.0600 16270.7456  0.69%   158 2610s
 62162 11427     cutoff   24      16383.0600 16270.7781  0.69%   158 2622s
 62508 11443 16306.5994   28  139 16383.0600 16271.3313  0.68%   158 2634s
 62949 11420 16360.4772   36  143 16383.0600 16272.1060  0.68%   158 2646s
 63315 11419 16292.2522   23  324 16383.0600 16272.6935  0.67%   158 2655s
 63667 11399 16319.8939   38  180 16383.0600 16273.2635  0.67%   157 2664s
 63957 11415 16336.2998   30  231 16383.0600 16273.7998  0.67%   157 2673s
 64318 11412     cutoff   29      16383.0600 16274.2565  0.66%   157 2683s
 64611 11428     cutoff   32      16383.0600 16274.8597  0.66%   157 2691s
 64940 11419     cutoff   40      16383.0600 16275.4364  0.66%   157 2703s
 65288 11435     cutoff   25      16383.0600 16275.9621  0.65%   157 2715s
 65681 11391 16375.9179   30  197 16383.0600 16276.4042  0.65%   156 2726s
 66017 11401     cutoff   23      16383.0600 16277.1706  0.65%   156 2737s
 66438 11396 16316.7828   29  269 16383.0600 16277.7163  0.64%   156 2746s
 66717 11386 16352.0571   29  203 16383.0600 16278.1552  0.64%   156 2754s
 66863 11386 16375.0306   37   68 16383.0600 16278.5952  0.64%   156 2755s
 67006 11354 16360.9075   30   76 16383.0600 16278.6078  0.64%   156 2763s
 67320 11326     cutoff   28      16383.0600 16279.0794  0.63%   156 2771s
 67581 11313 16344.5117   31  244 16383.0600 16279.4629  0.63%   156 2780s
 67895 11299     cutoff   21      16383.0600 16280.0948  0.63%   155 2790s
 68187 11296 16379.0480   27  452 16383.0600 16280.4162  0.63%   155 2799s
 68565 11278     cutoff   29      16383.0600 16281.0142  0.62%   155 2807s
 68858 11267     cutoff   27      16383.0600 16281.4351  0.62%   155 2816s
 69155 11250 16350.9819   27  250 16383.0600 16281.9980  0.62%   155 2825s
 69456 11233 16327.6972   36   89 16383.0600 16282.4224  0.61%   155 2833s
 69760 11217     cutoff   27      16383.0600 16282.8493  0.61%   155 2842s
 70087 11200     cutoff   32      16383.0600 16283.3441  0.61%   154 2851s
 70379 11173     cutoff   33      16383.0600 16283.8511  0.61%   154 2861s
 70553 11164 16375.6174   32  183 16383.0600 16284.2412  0.60%   154 2869s
 70875 11170 16361.3763   29  137 16383.0600 16284.7660  0.60%   154 2878s
 71189 11166     cutoff   35      16383.0600 16285.2360  0.60%   154 2887s
 71555 11166 16347.5876   26  259 16383.0600 16285.6544  0.59%   154 2895s
 71865 11143     cutoff   43      16383.0600 16286.1807  0.59%   153 2904s
 72192 11134 16377.5358   37  144 16383.0600 16286.6481  0.59%   153 2913s
 72533 11119     cutoff   32      16383.0600 16287.3262  0.58%   153 2921s
 72830 11086     cutoff   38      16383.0600 16287.7215  0.58%   153 2930s
 73174 11050 16371.0039   31   95 16383.0600 16288.1474  0.58%   153 2938s
 73414 11072     cutoff   29      16383.0600 16288.4393  0.58%   153 2947s
 73770 11067     cutoff   27      16383.0600 16288.9562  0.57%   152 2956s
 74067 11055 16336.6700   26  365 16383.0600 16289.3421  0.57%   152 2964s
 74235 11055     cutoff   44      16383.0600 16289.8840  0.57%   152 2965s
 74423 11043     cutoff   27      16383.0600 16289.8899  0.57%   152 2972s
 74741 11042 16320.5078   25  193 16383.0600 16290.2749  0.57%   152 2981s
 75068 11035     cutoff   38      16383.0600 16290.6000  0.56%   152 2990s
 75421 11015 16302.3390   34  157 16383.0600 16291.1068  0.56%   152 2999s
 75777 11009     cutoff   35      16383.0600 16291.5825  0.56%   151 3007s
 76117 10975     cutoff   31      16383.0600 16291.9792  0.56%   151 3015s
 76407 10947 16311.3067   39  175 16383.0600 16292.4320  0.55%   151 3024s
 76700 10957 16324.5427   28  263 16383.0600 16292.9766  0.55%   151 3032s
 77052 10930 16368.6021   31  127 16383.0600 16293.5289  0.55%   151 3040s
 77341 10911     cutoff   24      16383.0600 16293.8707  0.54%   151 3049s
 77678 10905     cutoff   36      16383.0600 16294.3868  0.54%   150 3057s
 77956 10893 16368.7853   27  237 16383.0600 16294.8332  0.54%   150 3066s
 78282 10865     cutoff   26      16383.0600 16295.3334  0.54%   150 3074s
 78586 10833 16342.7325   23  152 16383.0600 16295.9286  0.53%   150 3082s
 78846 10807     cutoff   29      16383.0600 16296.3765  0.53%   150 3090s
 79216 10801     cutoff   26      16383.0600 16296.8296  0.53%   150 3099s
 79542 10787 16360.3991   31  198 16383.0600 16297.2264  0.52%   150 3107s
 79852 10742 16362.2268   27  245 16383.0600 16297.6124  0.52%   149 3115s
 80157 10710 16380.4468   26  302 16383.0600 16298.1248  0.52%   149 3123s
 80418 10677 16332.8086   25  265 16383.0600 16298.4689  0.52%   149 3131s
 80727 10682 16344.5576   29  316 16383.0600 16298.9118  0.51%   149 3140s
 81088 10651     cutoff   30      16383.0600 16299.3697  0.51%   149 3148s
 81422 10598     cutoff   28      16383.0600 16299.9057  0.51%   149 3156s
 81673 10601 16315.2475   29  223 16383.0600 16300.4212  0.50%   149 3164s
 81854 10601 16330.5893   26  251 16383.0600 16300.4223  0.50%   149 3165s
 82043 10569     cutoff   31      16383.0600 16300.8268  0.50%   148 3173s
 82293 10535     cutoff   38      16383.0600 16301.2381  0.50%   148 3181s
 82575 10499     cutoff   28      16383.0600 16301.7205  0.50%   148 3190s
 82866 10484     cutoff   32      16383.0600 16302.1899  0.49%   148 3198s
 83213 10423 16368.3343   33  112 16383.0600 16302.7048  0.49%   148 3206s
 83595 10393 16329.9281   26  276 16383.0600 16303.4476  0.49%   148 3214s
 83900 10345 16365.4829   32  270 16383.0600 16303.9664  0.48%   148 3222s
 84301 10323     cutoff   23      16383.0600 16304.4253  0.48%   147 3231s
 84616 10261 16347.1744   25  245 16383.0600 16304.8568  0.48%   147 3239s
 84883 10176 16362.9631   28  366 16383.0600 16305.2400  0.48%   147 3247s
 85200 10121 16378.9637   38  396 16383.0600 16305.6616  0.47%   147 3256s
 85532 10069 16306.9310   36   93 16383.0600 16306.1560  0.47%   147 3265s
 85901 10002 16357.8235   31  255 16383.0600 16306.7372  0.47%   147 3273s
 86255  9951 16352.5908   29  197 16383.0600 16307.2388  0.46%   146 3282s
 86513  9891     cutoff   27      16383.0600 16307.5579  0.46%   146 3290s
 86836  9832     cutoff   26      16383.0600 16308.0454  0.46%   146 3298s
 87239  9788     cutoff   28      16383.0600 16308.7467  0.45%   146 3307s
 87587  9710     cutoff   25      16383.0600 16309.2225  0.45%   146 3315s
 87953  9650 16329.0171   33  136 16383.0600 16309.8494  0.45%   146 3324s
 88291  9569 16344.4113   46  135 16383.0600 16310.3334  0.44%   146 3332s
 88639  9485 16344.2509   24  254 16383.0600 16311.0505  0.44%   145 3340s
 89025  9413     cutoff   27      16383.0600 16311.7209  0.44%   145 3349s
 89342  9322 16379.7747   23  260 16383.0600 16312.1550  0.43%   145 3357s
 89629  9279     cutoff   32      16383.0600 16312.6942  0.43%   145 3366s
 90037  9204     cutoff   29      16383.0600 16313.2893  0.43%   145 3374s
 90206  9204 infeasible   27      16383.0600 16313.8785  0.42%   145 3375s
 90407  9130     cutoff   28      16383.0600 16313.8799  0.42%   145 3384s
 90724  9036     cutoff   29      16383.0600 16314.3377  0.42%   144 3393s
 91077  8918 16369.5481   29  282 16383.0600 16315.1332  0.41%   144 3401s
 91523  8836 16327.2877   39  143 16383.0600 16315.8756  0.41%   144 3410s
 91855  8703     cutoff   31      16383.0600 16316.3873  0.41%   144 3418s
 92222  8583     cutoff   36      16383.0600 16317.2286  0.40%   144 3427s
 92571  8480 16338.5893   26  167 16383.0600 16317.9931  0.40%   144 3435s
 92976  8370     cutoff   28      16383.0600 16318.6718  0.39%   143 3444s
 93367  8281     cutoff   31      16383.0600 16319.4417  0.39%   143 3453s
 93748  8133     cutoff   24      16383.0600 16320.1363  0.38%   143 3462s
 94186  8037     cutoff   32      16383.0600 16321.0895  0.38%   143 3472s
 94707  7976     cutoff   30      16383.0600 16321.8330  0.37%   142 3481s
 95059  7841     cutoff   27      16383.0600 16322.3350  0.37%   142 3490s
 95457  7756     cutoff   24      16383.0600 16323.1498  0.37%   142 3499s
 95766  7614 16365.0387   26  191 16383.0600 16323.8048  0.36%   142 3508s
 96241  7503 16374.1653   39  220 16383.0600 16324.5748  0.36%   142 3517s
 96653  7372     cutoff   32      16383.0600 16325.4004  0.35%   142 3528s
 97094  7276 16370.9743   30   69 16383.0600 16326.1400  0.35%   141 3536s
 97566  7136 16371.3364   29  303 16383.0600 16326.8531  0.34%   141 3546s
 98032  6958     cutoff   24      16383.0600 16327.7147  0.34%   141 3555s
 98449  6794     cutoff   29      16383.0600 16328.8039  0.33%   141 3564s
 98694  6794 16345.5975   32   89 16383.0600 16329.6215  0.33%   141 3565s
 98931  6640 16381.7681   22  281 16383.0600 16329.6289  0.33%   140 3574s
 99181  6640     cutoff   25      16383.0600 16330.5737  0.32%   140 3575s
 99452  6489     cutoff   33      16383.0600 16330.5792  0.32%   140 3584s
 99876  6292 16373.9809   34  199 16383.0600 16331.4029  0.32%   140 3593s
 100323  6212     cutoff   29      16383.0600 16332.4305  0.31%   140 3600s

Cutting planes:
  User: 2490
  Gomory: 42
  Cover: 353
  Implied bound: 191
  Clique: 30
  MIR: 226
  StrongCG: 4
  Flow cover: 574
  Zero half: 25
  Network: 10
  RLT: 307
  Relax-and-lift: 6
  Lazy constraints: 295

Explored 100580 nodes (14041883 simplex iterations) in 3600.26 seconds
Thread count was 2 (of 32 available processors)

Solution count 10: 16383.1 16385.6 16417.7 ... 17448.4

Time limit reached
Best objective 1.638306000000e+04, best bound 1.633285835449e+04, gap 0.3064%

User-callback calls 354780, time in user-callback 274.56 sec
================================================================================
executing instance: ./input/Instances/Original/6/absH6high_1n20.dat
--------------------------------------------------------------------------------
Instance details
n	21
H	6
C	1651
Li:
[0, 0, 0, 0, 0, 0, 0, 0, 0, 0, 0, 0, 0, 0, 0, 0, 0, 0, 0, 0, 0, ]
Ui:
[0, 36, 182, 182, 90, 261, 117, 30, 110, 42, 276, 153, 40, 94, 144, 46, 129, 213, 264, 160, 174, ]
Distance matrix:
|0	371	401	343	361	341	370	115	392	400	79	266	292	245	355	431	265	194	95	92	348	|
|371	0	37	141	110	250	117	438	67	131	372	305	115	238	247	255	235	296	392	430	185	|
|401	37	0	175	100	284	146	472	90	156	406	342	152	275	280	282	242	333	415	455	178	|
|343	141	175	0	239	110	38	374	95	60	314	182	67	130	106	127	318	201	397	423	303	|
|361	110	100	239	0	341	222	451	177	240	385	374	190	304	341	361	151	345	354	398	78	|
|341	250	284	110	341	0	143	337	203	151	289	102	152	97	15	95	394	156	415	431	398	|
|370	117	146	38	222	143	0	407	61	30	346	220	81	167	137	139	317	237	417	447	292	|
|115	438	472	374	451	337	407	0	443	434	66	241	339	251	351	431	374	181	201	177	450	|
|392	67	90	95	177	203	61	443	0	66	379	275	104	216	197	193	294	283	427	461	252	|
|400	131	156	60	240	151	30	434	66	0	374	237	112	189	142	127	344	261	448	477	312	|
|79	372	406	314	385	289	346	66	379	374	0	202	275	197	304	383	316	134	175	166	388	|
|266	305	342	182	374	102	220	241	275	237	202	0	191	70	117	196	386	73	352	359	415	|
|292	115	152	67	190	152	81	339	104	112	275	191	0	123	154	193	252	183	336	366	246	|
|245	238	275	130	304	97	167	251	216	189	197	70	123	0	110	187	322	72	319	334	346	|
|355	247	280	106	341	15	137	351	197	142	304	117	154	110	0	80	399	171	427	444	400	|
|431	255	282	127	361	95	139	431	193	127	383	196	193	187	80	0	444	251	499	519	429	|
|265	235	242	318	151	394	317	374	294	344	316	386	252	322	399	444	0	332	226	273	97	|
|194	296	333	201	345	156	237	181	283	261	134	73	183	72	171	251	332	0	279	286	375	|
|95	392	415	397	354	415	417	201	427	448	175	352	336	319	427	499	226	279	0	47	321	|
|92	430	455	423	398	431	447	177	461	477	166	359	366	334	444	519	273	286	47	0	368	|
|348	185	178	303	78	398	292	450	252	312	388	415	246	346	400	429	97	375	321	368	0	|

--------------------------------------------------------------------------------
Building model...
	using lazy and cut (CVRPSEP package)
Solving IRP LP...
--------------------------------------------------------------------------------

Gurobi 9.1.0 (linux64) logging started Tue Feb 16 03:23:49 2021

Gurobi Optimizer version 9.1.0 build v9.1.0rc0 (linux64)
Thread count: 32 physical cores, 32 logical processors, using up to 2 threads
Optimize a model with 1263 rows, 3159 columns and 9615 nonzeros
