




arguments: ./build/irp_solver -f ./input/SF-2.cfg
Current dir: /scratch/mardar/irp_lp_solver-master
File verbosity level: 9
date       time         ( uptime  ) [ thread name/id ]                   file:line     v| 
2020-12-09 20:31:06.930 (   0.022s) [main thread     ]             loguru.cpp:789   INFO| Logging to './output/SF/OU/2/execution_09_12_2020_20_31_06.log', mode: 'a', verbosity: 9
--------------------------------------------------------------------------------
Parameters
                           instance_path                    ./input/Instances/2/
                            model_policy                                       1
                             nb_vehicles                                       2
                              output_dir                       ./output/SF/OU/2/
                            sec_strategy                                       1
                       solver_nb_threads                                       2
                         solver_show_log                                   false
                       solver_time_limit                                    3600
--------------------------------------------------------------------------------
executing instance: ./input/Instances/2/absH3low_4n30_2.dat
--------------------------------------------------------------------------------
Instance details
n	31
H	3
C	2436
Li:
[0, 0, 0, 0, 0, 0, 0, 0, 0, 0, 0, 0, 0, 0, 0, 0, 0, 0, 0, 0, 0, 0, 0, 0, 0, 0, 0, 0, 0, 0, 0, ]
Ui:
[0, 198, 198, 279, 276, 182, 168, 158, 146, 210, 128, 126, 126, 180, 116, 165, 106, 159, 98, 96, 123, 78, 96, 64, 62, 87, 51, 51, 32, 26, 33, ]
Distance matrix:
|0	286	286	362	180	220	333	306	121	85	225	59	245	227	318	197	137	104	76	347	238	50	145	335	65	177	150	101	79	278	325	|
|286	0	375	353	139	431	262	165	225	286	141	344	238	512	163	402	382	353	211	371	186	253	208	50	250	450	424	220	307	90	110	|
|286	375	0	123	375	162	180	250	377	368	423	312	141	366	263	151	412	218	298	85	460	319	193	412	334	282	395	219	366	434	319	|
|362	353	123	0	398	284	97	194	426	435	439	401	133	482	203	270	497	320	349	42	482	382	232	377	395	397	492	272	439	429	267	|
|180	139	375	398	0	375	327	251	88	154	50	231	265	403	257	348	250	272	107	401	85	135	182	182	127	356	297	164	177	100	226	|
|220	431	162	284	375	0	319	358	339	302	425	213	247	210	373	29	308	117	272	248	448	268	223	477	284	130	272	217	289	460	414	|
|333	262	180	97	327	319	0	99	370	394	362	382	89	495	106	298	469	319	300	128	408	340	189	282	351	411	477	233	402	344	170	|
|306	165	250	194	251	358	99	0	311	348	279	362	114	501	15	332	436	324	253	220	326	298	167	184	305	423	456	206	362	251	73	|
|121	225	377	426	88	339	370	311	0	68	118	159	294	328	320	314	162	225	80	421	119	72	194	270	57	293	213	159	92	184	301	|
|85	286	368	435	154	302	394	348	68	0	186	100	310	264	359	280	97	185	95	424	183	54	206	332	43	236	145	164	24	251	350	|
|225	141	423	439	50	425	362	279	118	186	0	272	308	444	283	398	277	321	156	445	47	178	230	174	167	402	331	214	210	71	243	|
|59	344	312	401	231	213	382	362	159	100	272	0	293	173	375	196	101	100	133	381	278	96	197	393	106	136	95	156	81	330	383	|
|245	238	141	133	265	247	89	114	294	310	308	293	0	408	129	222	382	232	219	138	350	256	104	272	268	326	387	147	317	305	180	|
|227	512	366	482	403	210	495	501	328	264	444	173	408	0	516	216	202	178	303	450	446	268	336	561	278	85	139	303	240	503	537	|
|318	163	263	203	257	373	106	15	320	359	283	375	129	516	0	347	447	338	264	230	330	310	181	178	316	438	468	219	373	251	64	|
|197	402	151	270	348	29	298	332	314	280	398	196	222	216	347	0	294	97	245	235	422	243	194	449	260	132	262	188	269	432	386	|
|137	382	412	497	250	308	469	436	162	97	277	101	382	202	447	294	0	200	184	479	265	138	280	429	135	206	64	237	76	345	444	|
|104	353	218	320	272	117	319	324	225	185	321	100	232	178	338	97	200	0	165	294	339	153	160	402	169	101	177	134	172	365	363	|
|76	211	298	349	107	272	300	253	80	95	156	133	219	303	264	245	184	165	0	342	177	46	116	260	52	250	216	79	109	203	260	|
|347	371	85	42	401	248	128	220	421	424	445	381	138	450	230	235	479	294	342	0	487	371	227	399	386	365	469	263	425	442	293	|
|238	186	460	482	85	448	408	326	119	183	47	278	350	446	330	422	265	339	177	487	0	188	267	215	174	412	323	245	206	106	290	|
|50	253	319	382	135	268	340	298	72	54	178	96	256	268	310	243	138	153	46	371	188	0	152	302	17	225	171	110	64	235	306	|
|145	208	193	232	182	223	189	167	194	206	230	197	104	336	181	194	280	160	116	227	267	152	0	254	164	261	292	43	213	248	203	|
|335	50	412	377	182	477	282	184	270	332	174	393	272	561	178	449	429	402	260	399	215	302	254	0	298	499	472	269	354	110	115	|
|65	250	334	395	127	284	351	305	57	43	167	106	268	278	316	260	135	169	52	386	174	17	164	298	0	238	174	123	59	226	309	|
|177	450	282	397	356	130	411	423	293	236	402	136	326	85	438	132	206	101	250	365	412	225	261	499	238	0	156	233	216	453	464	|
|150	424	395	492	297	272	477	456	213	145	331	95	387	139	468	262	64	177	216	469	323	171	292	472	174	156	0	250	121	396	473	|
|101	220	219	272	164	217	233	206	159	164	214	156	147	303	219	188	237	134	79	263	245	110	43	269	123	233	250	0	170	244	234	|
|79	307	366	439	177	289	402	362	92	24	210	81	317	240	373	269	76	172	109	425	206	64	213	354	59	216	121	170	0	275	368	|
|278	90	434	429	100	460	344	251	184	251	71	330	305	503	251	432	345	365	203	442	106	235	248	110	226	453	396	244	275	0	200	|
|325	110	319	267	226	414	170	73	301	350	243	383	180	537	64	386	444	363	260	293	290	306	203	115	309	464	473	234	368	200	0	|

--------------------------------------------------------------------------------
Building model...
	using lazy and cut (CVRPSEP package)
Solving IRP LP...


Gurobi 9.1.0 (linux64) logging started Wed Dec  9 20:31:09 2020

================================================================================
executing instance: ./input/Instances/2/absH6high_3n25_2.dat
--------------------------------------------------------------------------------
Instance details
n	26
H	6
C	2004
Li:
[0, 0, 0, 0, 0, 0, 0, 0, 0, 0, 0, 0, 0, 0, 0, 0, 0, 0, 0, 0, 0, 0, 0, 0, 0, 0, ]
Ui:
[0, 184, 246, 243, 160, 231, 225, 222, 207, 134, 130, 180, 114, 100, 98, 96, 144, 132, 108, 66, 99, 93, 54, 44, 54, 54, ]
Distance matrix:
|0	369	393	245	295	191	160	41	405	379	322	373	309	343	454	358	124	475	238	433	238	236	569	526	409	247	|
|369	0	259	304	74	314	221	345	283	330	220	278	112	249	148	125	269	116	156	227	149	254	210	164	164	350	|
|393	259	0	480	244	460	332	353	24	87	444	36	165	476	405	135	272	259	198	482	316	158	311	291	421	204	|
|245	304	480	0	259	55	155	259	501	509	120	478	327	122	302	377	264	418	282	230	170	363	507	462	238	428	|
|295	74	244	259	0	258	151	271	267	300	201	254	79	233	197	121	196	182	90	245	91	197	277	233	189	293	|
|191	314	460	55	258	0	128	208	480	481	162	454	317	171	336	369	224	430	264	276	168	332	523	477	275	388	|
|160	221	332	155	151	128	0	150	352	355	179	327	195	207	294	248	117	334	136	281	79	208	428	384	251	277	|
|41	345	353	259	271	208	150	0	365	338	323	333	277	347	441	324	87	446	206	430	224	196	539	497	401	208	|
|405	283	24	501	267	480	352	365	0	72	467	34	189	499	429	159	286	280	218	506	339	169	328	310	445	203	|
|379	330	87	509	300	481	355	338	72	0	492	55	224	524	478	209	269	344	232	545	358	151	398	377	486	150	|
|322	220	444	120	201	162	179	323	467	492	0	450	279	33	184	321	295	324	260	115	136	363	407	363	119	446	|
|373	278	36	478	254	454	327	333	34	55	450	0	176	483	426	155	255	289	196	497	319	137	345	323	437	171	|
|309	112	165	327	79	317	195	277	189	224	279	176	0	311	258	53	192	177	71	321	158	146	266	226	262	241	|
|343	249	476	122	233	171	207	347	499	524	33	483	311	0	197	353	324	349	293	109	168	395	429	386	130	476	|
|454	148	405	302	197	336	294	441	429	478	184	426	258	197	0	271	380	190	287	115	216	393	248	211	67	489	|
|358	125	135	377	121	369	248	324	159	209	321	155	53	353	271	0	238	150	121	349	207	170	229	194	287	259	|
|124	269	272	264	196	224	117	87	286	269	295	255	192	324	380	238	0	364	121	390	172	119	456	415	350	164	|
|475	116	259	418	182	430	334	446	280	344	324	289	177	349	190	150	364	0	244	299	265	318	95	51	238	408	|
|238	156	198	282	90	264	136	206	218	232	260	196	71	293	287	121	121	244	0	326	125	109	335	294	274	203	|
|433	227	482	230	245	276	281	430	506	545	115	497	321	109	115	349	390	299	326	0	218	435	363	325	63	526	|
|238	149	316	170	91	168	79	224	339	358	136	319	158	168	216	207	172	265	125	218	0	227	359	313	179	312	|
|236	254	158	363	197	332	208	196	169	151	363	137	146	395	393	170	119	318	109	435	227	0	399	364	383	96	|
|569	210	311	507	277	523	428	539	328	398	407	345	266	429	248	229	456	95	335	363	359	399	0	46	308	484	|
|526	164	291	462	233	477	384	497	310	377	363	323	226	386	211	194	415	51	294	325	313	364	46	0	268	453	|
|409	164	421	238	189	275	251	401	445	486	119	437	262	130	67	287	350	238	274	63	179	383	308	268	0	477	|
|247	350	204	428	293	388	277	208	203	150	446	171	241	476	489	259	164	408	203	526	312	96	484	453	477	0	|

--------------------------------------------------------------------------------
Building model...
	using lazy and cut (CVRPSEP package)
Solving IRP LP...


Gurobi 9.1.0 (linux64) logging started Wed Dec  9 20:31:17 2020

================================================================================
executing instance: ./input/Instances/2/absH3high_4n25_2.dat
--------------------------------------------------------------------------------
Instance details
n	26
H	3
C	2029
Li:
[0, 0, 0, 0, 0, 0, 0, 0, 0, 0, 0, 0, 0, 0, 0, 0, 0, 0, 0, 0, 0, 0, 0, 0, 0, 0, ]
Ui:
[0, 198, 196, 188, 279, 146, 142, 201, 132, 126, 186, 183, 168, 165, 165, 135, 90, 88, 76, 93, 58, 58, 52, 40, 34, 32, ]
Distance matrix:
|0	268	289	202	147	302	132	220	277	132	220	124	162	188	162	71	80	91	235	66	152	69	162	241	299	265	|
|268	0	165	255	415	533	225	212	535	136	469	214	335	455	367	339	188	196	482	245	188	224	352	398	193	302	|
|289	165	0	151	421	590	175	99	562	196	427	305	418	464	308	352	227	264	436	234	295	222	428	493	28	434	|
|202	255	151	0	301	495	73	53	447	187	281	278	360	342	161	245	181	228	289	136	285	139	363	440	142	428	|
|147	415	421	301	0	211	248	337	146	279	131	242	195	43	172	76	227	228	145	188	275	203	179	248	425	341	|
|302	533	590	495	211	0	431	521	106	409	324	320	203	184	383	251	366	340	334	364	350	371	183	175	601	322	|
|132	225	175	73	248	431	0	91	391	127	258	207	287	290	145	183	110	157	269	67	217	66	291	367	178	358	|
|220	212	99	53	337	521	91	0	481	171	330	273	369	379	210	274	180	225	339	157	274	152	375	448	93	419	|
|277	535	562	447	146	106	391	481	0	402	232	335	238	106	312	210	352	339	240	329	368	341	216	245	569	381	|
|132	136	196	187	279	409	127	171	402	0	340	110	224	319	249	203	52	71	354	118	104	97	237	298	215	249	|
|220	469	427	281	131	324	258	330	232	340	0	340	321	142	120	169	291	311	15	224	371	245	307	379	422	461	|
|124	214	305	278	242	320	207	273	335	110	340	0	122	274	284	174	97	50	355	162	34	147	138	190	325	152	|
|162	335	418	360	195	203	287	369	238	224	321	122	0	211	309	161	192	153	336	225	148	221	22	80	434	150	|
|188	455	464	342	43	184	290	379	106	319	142	274	211	0	206	117	267	265	153	231	308	246	192	252	468	360	|
|162	367	308	161	172	383	145	210	312	249	120	284	309	206	0	152	208	242	129	132	308	153	302	383	302	426	|
|71	339	352	245	76	251	183	274	210	203	169	174	161	117	152	0	151	154	184	119	207	131	152	232	359	294	|
|80	188	227	181	227	366	110	180	352	52	291	97	192	267	208	151	0	47	305	76	108	57	201	270	242	248	|
|91	196	264	228	228	340	157	225	339	71	311	50	153	265	242	154	47	0	326	115	66	99	166	229	282	201	|
|235	482	436	289	145	334	269	339	240	354	15	355	336	153	129	184	305	326	0	237	386	258	321	393	431	477	|
|66	245	234	136	188	364	67	157	329	118	224	162	225	231	132	119	76	115	237	0	181	22	227	305	240	312	|
|152	188	295	285	275	350	217	274	368	104	371	34	148	308	308	207	108	66	386	181	0	163	167	210	317	145	|
|69	224	222	139	203	371	66	152	341	97	245	147	221	246	153	131	57	99	258	22	163	0	225	301	231	299	|
|162	352	428	363	179	183	291	375	216	237	307	138	22	192	302	152	201	166	321	227	167	225	0	81	443	170	|
|241	398	493	440	248	175	367	448	245	298	379	190	80	252	383	232	270	229	393	305	210	301	81	0	511	147	|
|299	193	28	142	425	601	178	93	569	215	422	325	434	468	302	359	242	282	431	240	317	231	443	511	0	457	|
|265	302	434	428	341	322	358	419	381	249	461	152	150	360	426	294	248	201	477	312	145	299	170	147	457	0	|

--------------------------------------------------------------------------------
Building model...
	using lazy and cut (CVRPSEP package)
Solving IRP LP...


Gurobi 9.1.0 (linux64) logging started Wed Dec  9 20:43:35 2020

================================================================================
executing instance: ./input/Instances/2/absH3low_2n40_2.dat
--------------------------------------------------------------------------------
Instance details
n	41
H	3
C	2737
Li:
[0, 0, 0, 0, 0, 0, 0, 0, 0, 0, 0, 0, 0, 0, 0, 0, 0, 0, 0, 0, 0, 0, 0, 0, 0, 0, 0, 0, 0, 0, 0, 0, 0, 0, 0, 0, 0, 0, 0, 0, 0, ]
Ui:
[0, 297, 190, 170, 255, 160, 160, 154, 152, 148, 146, 138, 204, 134, 198, 126, 116, 162, 144, 141, 82, 111, 74, 96, 62, 58, 84, 52, 78, 60, 60, 57, 51, 30, 28, 26, 24, 24, 36, 30, 20, ]
Distance matrix:
|0	315	328	273	212	144	113	259	279	321	465	335	290	84	338	133	50	80	306	226	345	218	228	254	168	210	192	232	282	326	373	344	266	345	259	366	401	175	170	134	110	|
|315	0	178	128	456	453	427	267	288	210	269	76	295	394	411	400	357	248	166	232	349	115	152	339	470	455	159	440	44	429	154	237	81	232	67	113	181	172	454	350	372	|
|328	178	0	70	380	469	427	133	143	38	138	254	144	384	260	451	351	298	23	362	184	234	103	212	496	379	141	345	147	286	332	60	117	54	209	98	83	156	496	421	423	|
|273	128	70	0	360	416	378	141	161	90	203	200	167	338	284	389	302	233	49	292	221	164	47	217	441	359	81	333	89	304	277	120	52	116	144	100	129	98	436	355	361	|
|212	456	380	360	0	234	184	254	256	353	494	502	263	157	225	302	168	283	365	435	284	392	317	188	269	1	298	54	414	194	556	361	383	366	421	459	463	284	302	333	292	|
|144	453	469	416	234	0	53	385	401	459	605	464	412	96	429	96	121	206	447	313	458	348	371	358	35	233	335	279	423	408	488	480	409	481	393	510	544	318	71	154	107	|
|113	427	427	378	184	53	0	336	351	414	562	446	362	45	376	124	76	187	406	314	406	328	332	306	88	183	298	227	394	354	478	434	376	436	371	475	504	281	118	170	123	|
|259	267	133	141	254	385	336	0	25	101	241	335	36	291	144	391	264	262	124	377	98	268	120	79	416	253	136	214	225	162	409	108	187	112	267	225	213	138	426	379	367	|
|279	288	143	161	256	401	351	25	0	108	238	358	11	307	123	412	281	286	137	402	73	293	144	72	433	256	161	213	247	145	432	107	209	113	290	238	220	163	445	402	388	|
|321	210	38	90	353	459	414	101	108	0	148	285	108	371	223	448	339	300	44	379	146	253	108	178	487	352	145	315	176	249	363	30	142	27	234	136	113	157	490	423	421	|
|465	269	138	203	494	605	562	241	238	148	0	340	233	518	324	588	486	435	161	485	238	355	241	309	633	493	279	451	256	358	414	133	238	129	321	156	88	294	633	558	561	|
|335	76	254	200	502	464	446	335	358	285	340	0	365	418	479	397	382	259	241	196	421	118	216	403	475	500	214	491	112	495	78	313	149	307	81	184	252	223	452	341	371	|
|290	295	144	167	263	412	362	36	11	108	233	365	0	317	118	423	292	297	140	413	62	302	152	76	444	262	171	218	254	142	440	104	216	110	299	241	219	174	456	413	399	|
|84	394	384	338	157	96	45	291	307	371	518	418	317	0	335	144	37	163	364	303	363	301	291	263	130	156	258	194	359	315	456	390	338	392	341	435	462	241	153	178	135	|
|338	411	260	284	225	429	376	144	123	223	324	479	118	335	0	465	321	369	258	503	86	406	264	89	464	225	274	171	369	36	553	211	331	218	409	358	329	272	486	471	446	|
|133	400	451	389	302	96	124	391	412	448	588	397	423	144	465	0	145	157	428	228	477	287	348	385	88	300	310	338	376	450	410	473	370	473	335	473	517	294	56	62	28	|
|50	357	351	302	168	121	76	264	281	339	486	382	292	37	321	145	0	130	330	275	341	265	256	244	152	167	222	196	322	305	422	359	302	361	304	399	428	205	167	166	130	|
|80	248	298	233	283	206	187	262	286	300	435	259	297	163	369	157	130	0	275	152	358	142	195	281	222	281	157	295	221	365	293	327	213	326	187	316	361	143	208	123	129	|
|306	166	23	49	365	447	406	124	137	44	161	241	140	364	258	428	330	275	0	342	186	214	80	203	474	364	118	332	132	282	319	72	99	67	192	101	100	134	473	398	400	|
|226	232	362	292	435	313	314	377	402	379	485	196	413	303	503	228	275	152	342	0	475	130	274	415	314	433	244	446	231	505	187	409	248	406	168	337	399	239	282	166	208	|
|345	349	184	221	284	458	406	98	73	146	238	421	62	363	86	477	341	358	186	475	0	363	212	101	492	283	233	233	309	120	497	130	272	137	358	281	247	236	507	471	454	|
|218	115	234	164	392	348	328	268	293	253	355	118	302	301	406	287	265	142	214	130	363	0	153	321	362	391	132	388	103	414	164	283	118	280	48	210	270	133	342	236	260	|
|228	152	103	47	317	371	332	120	144	108	241	216	152	291	264	348	256	195	80	274	212	153	0	188	397	316	38	293	108	279	289	137	71	135	147	147	173	54	394	318	320	|
|254	339	212	217	188	358	306	79	72	178	309	403	76	263	89	385	244	281	203	415	101	321	188	0	393	188	192	142	296	93	473	179	258	185	329	304	291	188	410	386	363	|
|168	470	496	441	269	35	88	416	433	487	633	475	444	130	464	88	152	222	474	314	492	362	397	393	0	268	360	314	442	443	494	509	430	511	408	533	569	343	45	150	107	|
|210	455	379	359	1	233	183	253	256	352	493	500	262	156	225	300	167	281	364	433	283	391	316	188	268	0	297	54	413	195	555	360	382	365	419	458	462	283	301	331	291	|
|192	159	141	81	298	335	298	136	161	145	279	214	171	258	274	310	222	157	118	244	233	132	38	192	360	297	0	280	116	285	282	173	85	171	137	177	209	17	356	280	282	|
|232	440	345	333	54	279	227	214	213	315	451	491	218	194	171	338	196	295	332	446	233	388	293	142	314	54	280	0	396	140	551	320	362	325	411	430	427	269	345	361	325	|
|282	44	147	89	414	423	394	225	247	176	256	112	254	359	369	376	322	221	132	231	309	103	108	296	442	413	116	396	0	386	188	204	38	199	65	107	168	130	429	331	348	|
|326	429	286	304	194	408	354	162	145	249	358	495	142	315	36	450	305	365	282	505	120	414	279	93	443	195	285	140	386	0	566	241	348	248	422	383	359	281	468	460	432	|
|373	154	332	277	556	488	478	409	432	363	414	78	440	456	553	410	422	293	319	187	497	164	289	473	494	555	282	551	188	566	0	391	225	385	144	260	327	289	465	350	387	|
|344	237	60	120	361	480	434	108	107	30	133	313	104	390	211	473	359	327	72	409	130	283	137	179	509	360	173	320	204	241	391	0	171	7	264	154	118	185	514	450	446	|
|266	81	117	52	383	409	376	187	209	142	238	149	216	338	331	370	302	213	99	248	272	118	71	258	430	382	85	362	38	348	225	171	0	167	92	103	155	101	421	330	342	|
|345	232	54	116	366	481	436	112	113	27	129	307	110	392	218	473	361	326	67	406	137	280	135	185	511	365	171	325	199	248	385	7	167	0	259	147	111	184	515	450	447	|
|259	67	209	144	421	393	371	267	290	234	321	81	299	341	409	335	304	187	192	168	358	48	147	329	408	419	137	411	65	422	144	264	92	259	0	169	233	145	389	284	308	|
|366	113	98	100	459	510	475	225	238	136	156	184	241	435	358	473	399	316	101	337	281	210	147	304	533	458	177	430	107	383	260	154	103	147	169	0	68	194	524	433	445	|
|401	181	83	129	463	544	504	213	220	113	88	252	219	462	329	517	428	361	100	399	247	270	173	291	569	462	209	427	168	359	327	118	155	111	233	68	0	226	565	482	489	|
|175	172	156	98	284	318	281	138	163	157	294	223	174	241	272	294	205	143	134	239	236	133	54	188	343	283	17	269	130	281	289	185	101	184	145	194	226	0	340	266	267	|
|170	454	496	436	302	71	118	426	445	490	633	452	456	153	486	56	167	208	473	282	507	342	394	410	45	301	356	345	429	468	465	514	421	515	389	524	565	340	0	116	82	|
|134	350	421	355	333	154	170	379	402	423	558	341	413	178	471	62	166	123	398	166	471	236	318	386	150	331	280	361	331	460	350	450	330	450	284	433	482	266	116	0	48	|
|110	372	423	361	292	107	123	367	388	421	561	371	399	135	446	28	130	129	400	208	454	260	320	363	107	291	282	325	348	432	387	446	342	447	308	445	489	267	82	48	0	|

--------------------------------------------------------------------------------
Building model...
	using lazy and cut (CVRPSEP package)
Solving IRP LP...


Gurobi 9.1.0 (linux64) logging started Wed Dec  9 20:43:36 2020

================================================================================
executing instance: ./input/Instances/2/absH3low_2n5_2.dat
--------------------------------------------------------------------------------
Instance details
n	6
H	3
C	237
Li:
[0, 0, 0, 0, 0, 0, ]
Ui:
[0, 180, 114, 93, 51, 24, ]
Distance matrix:
|0	318	112	170	35	235	|
|318	0	278	311	326	137	|
|112	278	0	258	89	160	|
|170	311	258	0	205	301	|
|35	326	89	205	0	230	|
|235	137	160	301	230	0	|

--------------------------------------------------------------------------------
Building model...
	using lazy and cut (CVRPSEP package)
Solving IRP LP...


Gurobi 9.1.0 (linux64) logging started Wed Dec  9 20:52:48 2020

================================================================================
executing instance: ./input/Instances/2/absH3low_5n30_2.dat
--------------------------------------------------------------------------------
Instance details
n	31
H	3
C	2296
Li:
[0, 0, 0, 0, 0, 0, 0, 0, 0, 0, 0, 0, 0, 0, 0, 0, 0, 0, 0, 0, 0, 0, 0, 0, 0, 0, 0, 0, 0, 0, 0, ]
Ui:
[0, 297, 294, 196, 192, 264, 246, 237, 192, 128, 112, 110, 147, 96, 92, 90, 88, 129, 126, 123, 80, 74, 72, 105, 96, 84, 72, 54, 32, 28, 28, ]
Distance matrix:
|0	65	169	358	135	171	246	161	120	13	412	393	287	274	275	302	63	401	383	219	87	85	129	158	235	106	64	345	339	389	201	|
|65	0	107	297	92	107	181	125	130	58	348	351	228	224	224	239	40	339	326	175	128	65	174	114	222	143	58	290	275	330	138	|
|169	107	0	233	73	64	97	94	173	164	245	268	173	132	131	162	114	266	222	105	232	113	248	71	203	245	155	244	179	269	34	|
|358	297	233	0	306	193	138	325	403	347	187	406	71	294	291	75	327	49	285	312	376	337	469	302	428	377	307	54	119	37	208	|
|135	92	73	306	0	125	170	34	101	136	304	260	245	140	141	235	72	339	253	85	215	54	182	23	142	232	150	315	247	342	103	|
|171	107	64	193	125	0	77	153	214	162	253	326	125	190	188	132	134	233	261	169	212	145	276	130	264	220	133	192	173	226	68	|
|246	181	97	138	170	77	0	187	269	238	178	300	87	171	168	65	202	169	208	177	289	206	342	164	290	296	210	157	96	175	70	|
|161	125	94	325	34	153	187	0	100	164	303	232	267	121	123	251	99	355	238	61	245	77	187	23	111	262	183	338	254	362	117	|
|120	130	173	403	101	214	269	100	0	130	402	307	338	218	220	334	90	438	336	157	204	69	88	115	122	224	172	406	348	438	204	|
|13	58	164	347	136	162	238	164	130	0	406	395	276	274	275	293	65	391	381	221	81	89	142	159	243	100	51	334	332	377	196	|
|412	348	245	187	304	253	178	303	402	406	0	266	208	207	204	157	359	166	129	257	465	354	486	287	370	473	386	239	88	210	212	|
|393	351	268	406	260	326	300	232	307	395	266	0	383	136	138	339	331	409	137	175	475	308	390	238	204	492	408	445	290	441	258	|
|287	228	173	71	245	125	87	267	338	276	208	383	0	257	255	53	258	117	277	264	307	270	400	243	374	308	236	71	123	102	153	|
|274	224	132	294	140	190	171	121	218	274	207	136	257	0	3	220	211	308	118	61	352	194	306	117	164	367	279	325	190	330	122	|
|275	224	131	291	141	188	168	123	220	275	204	138	255	3	0	217	212	305	116	63	352	195	308	118	166	367	279	322	187	328	120	|
|302	239	162	75	235	132	65	251	334	293	157	339	53	220	217	0	263	105	227	237	334	270	404	229	352	339	259	107	70	113	134	|
|63	40	114	327	72	134	202	99	90	65	359	331	258	211	212	263	0	366	321	157	145	27	142	95	186	163	90	323	291	360	148	|
|401	339	266	49	339	233	169	355	438	391	166	409	117	308	305	105	366	0	280	334	424	374	508	332	452	425	353	96	120	48	237	|
|383	326	222	285	253	261	208	238	336	381	129	137	277	118	116	227	321	280	0	180	454	307	424	231	272	467	376	331	166	316	197	|
|219	175	105	312	85	169	177	61	157	221	257	175	264	61	63	237	157	334	180	0	301	136	244	62	118	317	233	334	223	349	112	|
|87	128	232	376	215	212	289	245	204	81	465	475	307	352	352	334	145	424	454	301	0	170	187	238	321	20	80	352	384	402	261	|
|85	65	113	337	54	145	206	77	69	89	354	308	270	194	195	270	27	374	307	136	170	0	136	77	159	188	117	337	291	371	146	|
|129	174	248	469	182	276	342	187	88	142	486	390	400	306	308	404	142	508	424	244	187	136	0	200	192	207	193	464	427	502	281	|
|158	114	71	302	23	130	164	23	115	159	287	238	243	117	118	229	95	332	231	62	238	77	200	0	134	255	171	314	234	339	95	|
|235	222	203	428	142	264	290	111	122	243	370	204	374	164	166	352	186	452	272	118	321	159	192	134	0	341	276	445	342	465	221	|
|106	143	245	377	232	220	296	262	224	100	473	492	308	367	367	339	163	425	467	317	20	188	207	255	341	0	90	350	391	401	272	|
|64	58	155	307	150	133	210	183	172	51	386	408	236	279	279	259	90	353	376	233	80	117	193	171	276	90	0	289	306	335	182	|
|345	290	244	54	315	192	157	338	406	334	239	445	71	325	322	107	323	96	331	334	352	337	464	314	445	350	289	0	166	55	224	|
|339	275	179	119	247	173	96	254	348	332	88	290	123	190	187	70	291	120	166	223	384	291	427	234	342	391	306	166	0	151	145	|
|389	330	269	37	342	226	175	362	438	377	210	441	102	330	328	113	360	48	316	349	402	371	502	339	465	401	335	55	151	0	245	|
|201	138	34	208	103	68	70	117	204	196	212	258	153	122	120	134	148	237	197	112	261	146	281	95	221	272	182	224	145	245	0	|

--------------------------------------------------------------------------------
Building model...
	using lazy and cut (CVRPSEP package)
Solving IRP LP...


Gurobi 9.1.0 (linux64) logging started Wed Dec  9 20:52:48 2020

================================================================================
executing instance: ./input/Instances/2/absH3low_1n10_2.dat
--------------------------------------------------------------------------------
Instance details
n	11
H	3
C	952
Li:
[0, 0, 0, 0, 0, 0, 0, 0, 0, 0, 0, ]
Ui:
[0, 174, 258, 237, 154, 150, 138, 189, 129, 126, 28, ]
Distance matrix:
|0	298	319	439	183	47	376	135	430	280	235	|
|298	0	25	157	172	324	163	182	253	299	87	|
|319	25	0	148	183	346	172	206	262	322	98	|
|439	157	148	0	328	456	117	309	183	344	244	|
|183	172	183	328	0	225	314	153	396	344	85	|
|47	324	346	456	225	0	383	148	428	257	269	|
|376	163	172	117	314	383	0	241	90	230	239	|
|135	182	206	309	153	148	241	0	299	194	149	|
|430	253	262	183	396	428	90	299	0	222	325	|
|280	299	322	344	344	257	230	194	222	0	316	|
|235	87	98	244	85	269	239	149	325	316	0	|

--------------------------------------------------------------------------------
Building model...
	using lazy and cut (CVRPSEP package)
Solving IRP LP...


Gurobi 9.1.0 (linux64) logging started Wed Dec  9 20:53:40 2020

================================================================================
executing instance: ./input/Instances/2/absH3low_4n25_2.dat
--------------------------------------------------------------------------------
Instance details
n	26
H	3
C	2029
Li:
[0, 0, 0, 0, 0, 0, 0, 0, 0, 0, 0, 0, 0, 0, 0, 0, 0, 0, 0, 0, 0, 0, 0, 0, 0, 0, ]
Ui:
[0, 198, 196, 188, 279, 146, 142, 201, 132, 126, 186, 183, 168, 165, 165, 135, 90, 88, 76, 93, 58, 58, 52, 40, 34, 32, ]
Distance matrix:
|0	268	289	202	147	302	132	220	277	132	220	124	162	188	162	71	80	91	235	66	152	69	162	241	299	265	|
|268	0	165	255	415	533	225	212	535	136	469	214	335	455	367	339	188	196	482	245	188	224	352	398	193	302	|
|289	165	0	151	421	590	175	99	562	196	427	305	418	464	308	352	227	264	436	234	295	222	428	493	28	434	|
|202	255	151	0	301	495	73	53	447	187	281	278	360	342	161	245	181	228	289	136	285	139	363	440	142	428	|
|147	415	421	301	0	211	248	337	146	279	131	242	195	43	172	76	227	228	145	188	275	203	179	248	425	341	|
|302	533	590	495	211	0	431	521	106	409	324	320	203	184	383	251	366	340	334	364	350	371	183	175	601	322	|
|132	225	175	73	248	431	0	91	391	127	258	207	287	290	145	183	110	157	269	67	217	66	291	367	178	358	|
|220	212	99	53	337	521	91	0	481	171	330	273	369	379	210	274	180	225	339	157	274	152	375	448	93	419	|
|277	535	562	447	146	106	391	481	0	402	232	335	238	106	312	210	352	339	240	329	368	341	216	245	569	381	|
|132	136	196	187	279	409	127	171	402	0	340	110	224	319	249	203	52	71	354	118	104	97	237	298	215	249	|
|220	469	427	281	131	324	258	330	232	340	0	340	321	142	120	169	291	311	15	224	371	245	307	379	422	461	|
|124	214	305	278	242	320	207	273	335	110	340	0	122	274	284	174	97	50	355	162	34	147	138	190	325	152	|
|162	335	418	360	195	203	287	369	238	224	321	122	0	211	309	161	192	153	336	225	148	221	22	80	434	150	|
|188	455	464	342	43	184	290	379	106	319	142	274	211	0	206	117	267	265	153	231	308	246	192	252	468	360	|
|162	367	308	161	172	383	145	210	312	249	120	284	309	206	0	152	208	242	129	132	308	153	302	383	302	426	|
|71	339	352	245	76	251	183	274	210	203	169	174	161	117	152	0	151	154	184	119	207	131	152	232	359	294	|
|80	188	227	181	227	366	110	180	352	52	291	97	192	267	208	151	0	47	305	76	108	57	201	270	242	248	|
|91	196	264	228	228	340	157	225	339	71	311	50	153	265	242	154	47	0	326	115	66	99	166	229	282	201	|
|235	482	436	289	145	334	269	339	240	354	15	355	336	153	129	184	305	326	0	237	386	258	321	393	431	477	|
|66	245	234	136	188	364	67	157	329	118	224	162	225	231	132	119	76	115	237	0	181	22	227	305	240	312	|
|152	188	295	285	275	350	217	274	368	104	371	34	148	308	308	207	108	66	386	181	0	163	167	210	317	145	|
|69	224	222	139	203	371	66	152	341	97	245	147	221	246	153	131	57	99	258	22	163	0	225	301	231	299	|
|162	352	428	363	179	183	291	375	216	237	307	138	22	192	302	152	201	166	321	227	167	225	0	81	443	170	|
|241	398	493	440	248	175	367	448	245	298	379	190	80	252	383	232	270	229	393	305	210	301	81	0	511	147	|
|299	193	28	142	425	601	178	93	569	215	422	325	434	468	302	359	242	282	431	240	317	231	443	511	0	457	|
|265	302	434	428	341	322	358	419	381	249	461	152	150	360	426	294	248	201	477	312	145	299	170	147	457	0	|

--------------------------------------------------------------------------------
Building model...
	using lazy and cut (CVRPSEP package)
Solving IRP LP...


Gurobi 9.1.0 (linux64) logging started Wed Dec  9 20:53:41 2020

================================================================================
executing instance: ./input/Instances/2/absH3low_4n45_2.dat
--------------------------------------------------------------------------------
Instance details
n	46
H	3
C	3406
Li:
[0, 0, 0, 0, 0, 0, 0, 0, 0, 0, 0, 0, 0, 0, 0, 0, 0, 0, 0, 0, 0, 0, 0, 0, 0, 0, 0, 0, 0, 0, 0, 0, 0, 0, 0, 0, 0, 0, 0, 0, 0, 0, 0, 0, 0, 0, ]
Ui:
[0, 297, 196, 196, 258, 237, 156, 219, 219, 140, 138, 132, 128, 128, 128, 183, 122, 183, 183, 180, 120, 120, 116, 171, 162, 162, 106, 98, 147, 84, 74, 105, 99, 93, 62, 81, 75, 44, 51, 32, 45, 28, 42, 24, 22, 30, ]
Distance matrix:
|0	336	289	478	374	210	278	342	315	257	444	268	297	368	46	308	225	346	386	219	295	173	81	285	53	521	226	380	203	421	414	306	179	295	301	481	496	180	476	326	228	65	202	121	244	252	|
|336	0	267	193	145	324	82	12	228	100	200	119	135	279	326	28	416	248	278	180	259	300	373	269	286	209	365	158	260	210	119	277	180	138	284	145	304	156	251	245	365	277	288	363	108	214	|
|289	267	0	460	399	112	287	279	55	180	463	314	134	492	317	251	488	460	500	114	440	391	366	441	244	337	464	172	86	465	386	459	285	352	461	365	560	212	513	448	465	232	94	392	180	381	|
|478	193	460	0	109	513	206	181	418	289	63	211	327	230	454	212	473	215	215	369	264	375	488	281	438	278	413	329	449	103	75	274	300	187	285	162	156	318	96	229	412	432	476	460	294	259	|
|374	145	399	109	0	432	117	134	366	219	72	109	273	153	347	150	368	127	145	294	165	267	380	181	336	310	309	302	371	67	72	178	195	80	189	203	162	226	116	135	308	332	397	352	220	152	|
|210	324	112	513	432	0	316	335	162	225	503	332	209	494	248	301	429	464	506	144	431	349	291	428	179	437	418	271	64	496	438	448	274	370	447	446	587	212	548	448	419	170	36	327	218	374	|
|278	82	287	206	117	316	0	81	260	108	188	39	171	215	260	64	335	183	219	179	183	220	303	191	234	291	283	222	254	181	137	202	107	69	208	216	275	112	233	176	283	227	280	287	107	134	|
|342	12	279	181	134	335	81	0	240	111	188	117	147	271	331	36	416	240	270	191	254	301	377	264	293	211	364	168	271	199	107	272	183	132	279	140	292	163	239	239	364	285	299	365	119	211	|
|315	228	55	418	366	162	260	240	0	153	427	292	93	472	337	216	499	440	478	110	427	394	389	430	266	282	469	117	121	433	346	446	279	328	449	313	527	205	478	430	470	254	138	408	157	369	|
|257	100	180	289	219	225	108	111	153	0	285	140	68	320	258	77	385	288	326	80	278	271	309	283	204	264	343	140	160	285	214	297	145	175	301	234	380	84	334	278	344	194	188	311	13	222	|
|444	200	463	63	72	503	188	188	427	285	0	180	334	167	415	212	418	154	152	363	207	325	445	223	408	326	357	351	440	40	90	214	266	149	225	211	109	297	52	169	356	404	467	413	288	209	|
|268	119	314	211	109	332	39	117	292	140	180	0	206	180	244	103	301	148	186	203	144	188	282	152	228	327	248	261	273	166	149	163	89	38	169	246	255	120	220	139	248	224	298	262	136	95	|
|297	135	134	327	273	209	171	147	93	68	334	206	0	386	306	123	447	353	390	82	346	335	359	351	244	235	409	83	148	340	254	365	211	240	370	237	435	143	385	345	409	232	175	367	77	290	|
|368	279	492	230	153	494	215	271	472	320	167	180	386	0	327	273	271	32	21	378	73	208	340	86	349	462	212	434	441	127	223	67	220	146	76	355	146	285	160	45	211	351	463	297	316	121	|
|46	326	317	454	347	248	260	331	337	258	415	244	306	327	0	298	182	307	346	234	254	128	52	243	72	521	180	389	232	390	392	264	155	267	258	471	459	175	444	287	182	85	235	79	245	215	|
|308	28	251	212	150	301	64	36	216	77	212	103	123	273	298	0	393	241	275	157	246	277	345	255	258	232	344	161	237	217	137	265	155	128	271	173	312	128	262	237	344	249	265	337	83	197	|
|225	416	488	473	368	429	335	416	499	385	418	301	447	271	182	393	0	269	292	390	212	116	149	195	251	625	61	525	407	381	434	208	242	302	197	546	417	304	426	250	61	261	414	104	373	218	|
|346	248	460	215	127	464	183	240	440	288	154	148	353	32	307	241	269	0	42	347	59	193	324	75	324	435	209	402	410	115	199	62	192	114	73	330	155	255	157	21	208	325	433	284	283	95	|
|386	278	500	215	145	506	219	270	478	326	152	186	390	21	346	275	292	42	0	387	93	228	360	106	366	456	233	435	452	112	214	88	234	151	97	347	125	296	141	60	232	366	475	318	322	137	|
|219	180	114	369	294	144	179	191	110	80	363	203	82	378	234	157	390	347	387	0	326	285	286	327	167	316	359	162	80	360	294	344	172	241	347	306	453	98	410	334	360	154	108	302	75	267	|
|295	259	440	264	165	431	183	254	427	278	207	144	346	73	254	246	212	59	93	326	0	135	268	16	279	459	151	405	382	170	237	19	158	122	25	362	214	229	215	39	150	281	402	226	271	59	|
|173	300	391	375	267	349	220	301	394	271	325	188	335	208	128	277	116	193	228	285	135	0	133	122	175	509	74	411	315	293	328	141	127	194	134	434	349	193	344	172	75	182	328	91	259	116	|
|81	373	366	488	380	291	303	377	389	309	445	282	359	340	52	345	149	324	360	286	268	133	0	254	123	571	164	442	281	417	431	274	196	301	267	516	479	225	470	304	165	135	282	51	296	239	|
|285	269	441	281	181	428	191	264	430	283	223	152	351	86	243	255	195	75	106	327	16	122	254	0	271	471	135	412	380	186	251	21	157	133	20	376	229	229	231	55	134	274	399	211	275	61	|
|53	286	244	438	336	179	234	293	266	204	408	228	244	349	72	258	251	324	366	167	279	175	123	271	0	469	240	327	159	388	370	292	142	259	289	431	468	130	443	305	241	13	164	150	192	229	|
|521	209	337	278	310	437	291	211	282	264	326	327	235	462	521	232	625	435	456	316	459	509	571	471	469	0	574	166	381	356	243	476	387	339	485	116	432	346	372	438	574	457	406	567	277	420	|
|226	365	464	413	309	418	283	364	469	343	357	248	409	212	180	344	61	209	233	359	151	74	164	135	240	574	0	483	387	321	376	147	199	245	137	491	358	267	366	190	1	248	398	113	332	160	|
|380	158	172	329	302	271	222	168	117	140	351	261	83	434	389	161	525	402	435	162	405	411	442	412	327	166	483	0	217	366	263	424	285	289	430	203	458	223	403	398	484	315	241	449	152	352	|
|203	260	86	449	371	64	254	271	121	160	440	273	148	441	232	237	407	410	452	80	382	315	281	380	159	381	387	217	0	435	374	399	223	311	400	383	527	156	487	396	388	147	28	309	154	324	|
|421	210	465	103	67	496	181	199	433	285	40	166	340	127	390	217	381	115	112	360	170	293	417	186	388	356	321	366	435	0	114	176	246	131	187	243	95	286	55	132	320	385	461	382	286	179	|
|414	119	386	75	72	438	137	107	346	214	90	149	254	223	392	137	434	199	214	294	237	328	431	251	370	243	376	263	374	114	0	250	237	134	260	132	199	247	141	207	375	364	402	408	220	216	|
|306	277	459	274	178	448	202	272	446	297	214	163	365	67	264	265	208	62	88	344	19	141	274	21	292	476	147	424	399	176	250	0	176	139	11	378	212	247	219	45	147	295	419	230	290	77	|
|179	180	285	300	195	274	107	183	279	145	266	89	211	220	155	155	242	192	234	172	158	127	196	157	142	387	199	285	223	246	237	176	0	117	177	322	328	74	301	175	199	140	244	182	134	101	|
|295	138	352	187	80	370	69	132	328	175	149	38	240	146	267	128	302	114	151	241	122	194	301	133	259	339	245	289	311	131	134	139	117	0	147	247	218	158	185	109	244	256	336	275	172	85	|
|301	284	461	285	189	447	208	279	449	301	225	169	370	76	258	271	197	73	97	347	25	134	267	20	289	485	137	430	400	187	260	11	177	147	0	387	222	249	229	56	136	292	419	222	294	80	|
|481	145	365	162	203	446	216	140	313	234	211	246	237	355	471	173	546	330	347	306	362	434	516	376	431	116	491	203	383	243	132	378	322	247	387	0	316	301	256	337	491	421	410	503	245	332	|
|496	304	560	156	162	587	275	292	527	380	109	255	435	146	459	312	417	155	125	453	214	349	479	229	468	432	358	458	527	95	199	212	328	218	222	316	0	376	60	176	357	467	553	439	380	244	|
|180	156	212	318	226	212	112	163	205	84	297	120	143	285	175	128	304	255	296	98	229	193	225	229	130	346	267	223	156	286	247	247	74	158	249	301	376	0	340	240	268	121	179	227	71	170	|
|476	251	513	96	116	548	233	239	478	334	52	220	385	160	444	262	426	157	141	410	215	344	470	231	443	372	366	403	487	55	141	219	301	185	229	256	60	340	0	176	365	441	513	434	336	231	|
|326	245	448	229	135	448	176	239	430	278	169	139	345	45	287	237	250	21	60	334	39	172	304	55	305	438	190	398	396	132	207	45	175	109	56	337	176	240	176	0	189	306	418	263	273	76	|
|228	365	465	412	308	419	283	364	470	344	356	248	409	211	182	344	61	208	232	360	150	75	165	134	241	574	1	484	388	320	375	147	199	244	136	491	357	268	365	189	0	249	399	115	333	160	|
|65	277	232	432	332	170	227	285	254	194	404	224	232	351	85	249	261	325	366	154	281	182	135	274	13	457	248	315	147	385	364	295	140	256	292	421	467	121	441	306	249	0	153	161	181	230	|
|202	288	94	476	397	36	280	299	138	188	467	298	175	463	235	265	414	433	475	108	402	328	282	399	164	406	398	241	28	461	402	419	244	336	419	410	553	179	513	418	399	153	0	314	182	344	|
|121	363	392	460	352	327	287	365	408	311	413	262	367	297	79	337	104	284	318	302	226	91	51	211	150	567	113	449	309	382	408	230	182	275	222	503	439	227	434	263	115	161	314	0	298	204	|
|244	108	180	294	220	218	107	119	157	13	288	136	77	316	245	83	373	283	322	75	271	259	296	275	192	277	332	152	154	286	220	290	134	172	294	245	380	71	336	273	333	181	182	298	0	214	|
|252	214	381	259	152	374	134	211	369	222	209	95	290	121	215	197	218	95	137	267	59	116	239	61	229	420	160	352	324	179	216	77	101	85	80	332	244	170	231	76	160	230	344	204	214	0	|

--------------------------------------------------------------------------------
Building model...
	using lazy and cut (CVRPSEP package)
Solving IRP LP...


Gurobi 9.1.0 (linux64) logging started Wed Dec  9 20:53:42 2020

================================================================================
executing instance: ./input/Instances/2/absH3low_3n5_2.dat
--------------------------------------------------------------------------------
Instance details
n	6
H	3
C	456
Li:
[0, 0, 0, 0, 0, 0, ]
Ui:
[0, 174, 172, 130, 159, 39, ]
Distance matrix:
|0	511	163	53	406	405	|
|511	0	384	521	336	464	|
|163	384	0	149	245	269	|
|53	521	149	0	379	365	|
|406	336	245	379	0	131	|
|405	464	269	365	131	0	|

--------------------------------------------------------------------------------
Building model...
	using lazy and cut (CVRPSEP package)
Solving IRP LP...


Gurobi 9.1.0 (linux64) logging started Wed Dec  9 21:53:43 2020

================================================================================
executing instance: ./input/Instances/2/absH3low_2n25_2.dat
--------------------------------------------------------------------------------
Instance details
n	26
H	3
C	2068
Li:
[0, 0, 0, 0, 0, 0, 0, 0, 0, 0, 0, 0, 0, 0, 0, 0, 0, 0, 0, 0, 0, 0, 0, 0, 0, 0, ]
Ui:
[0, 194, 288, 170, 249, 166, 243, 156, 154, 144, 138, 130, 192, 174, 162, 108, 123, 108, 70, 64, 81, 81, 38, 54, 30, 26, ]
Distance matrix:
|0	287	326	328	360	312	242	270	328	45	253	259	34	132	436	371	413	240	302	81	216	242	293	413	370	155	|
