




arguments: ./build/bc_mirp -f ./input/orig_exec_194.cfg
Current dir: /scratch/gui/bc_mirp
File verbosity level: 9
date       time         ( uptime  ) [ thread name/id ]                   file:line     v| 
2021-02-14 06:11:42.110 (   0.147s) [main thread     ]             loguru.cpp:789   INFO| Logging to './output/vi_vc+hc1_full/OU/V2/Original/execution_14_02_2021_06_11_42.log', mode: 'a', verbosity: 9
--------------------------------------------------------------------------------
Parameters
                           instance_path           ./input/Instances/Original/5/
                            model_policy                                       1
                             nb_vehicles                                       2
                              output_dir ./output/vi_vc+hc1_full/OU/V2/Original/
                            sec_strategy                                       1
                       solver_nb_threads                                       2
                         solver_show_log                                    true
                       solver_time_limit                                    3600
                              use_vi_cos                                   false
                              use_vi_cus                                   false
                         use_vi_hc1_full                                    true
                         use_vi_hc1_half                                   false
                      use_vi_hc1_quarter                                   false
                              use_vi_hc2                                   false
                              use_vi_hc3                                   false
                         use_vi_lex_full                                   false
                         use_vi_lex_half                                   false
                      use_vi_lex_quarter                                   false
                              use_vi_qua                                   false
                               use_vi_vc                                    true
                               use_vi_vr                                   false
--------------------------------------------------------------------------------
executing instance: ./input/Instances/Original/5/absH3low_4n50.dat
--------------------------------------------------------------------------------
Instance details
n	51
H	3
C	4066
Li:
[0, 0, 0, 0, 0, 0, 0, 0, 0, 0, 0, 0, 0, 0, 0, 0, 0, 0, 0, 0, 0, 0, 0, 0, 0, 0, 0, 0, 0, 0, 0, 0, 0, 0, 0, 0, 0, 0, 0, 0, 0, 0, 0, 0, 0, 0, 0, 0, 0, 0, 0, ]
Ui:
[0, 108, 126, 122, 66, 120, 48, 30, 128, 54, 158, 198, 36, 66, 210, 234, 147, 297, 171, 128, 116, 120, 219, 70, 294, 207, 134, 128, 234, 122, 22, 183, 195, 255, 132, 124, 66, 189, 219, 66, 128, 102, 288, 66, 87, 136, 36, 39, 282, 36, 237, ]
Distance matrix:
|0	210	444	498	509	104	438	228	487	304	456	434	526	476	163	47	293	396	293	290	313	85	280	437	293	336	409	106	449	376	433	478	193	404	404	534	278	181	380	507	189	438	263	473	353	216	202	218	452	254	465	|
|210	0	299	507	359	106	345	409	358	411	320	402	555	448	136	200	289	264	306	427	141	222	83	348	264	320	283	303	380	208	258	357	170	348	475	542	243	347	355	379	65	479	172	373	355	251	112	229	402	210	300	|
|444	299	0	363	65	358	116	542	66	440	26	241	425	272	282	407	251	51	276	490	159	397	224	124	217	237	48	490	170	99	83	74	261	180	430	385	214	479	231	85	270	390	184	116	271	300	409	276	210	215	54	|
|498	507	363	0	385	482	246	424	326	254	343	123	63	93	388	452	221	337	211	314	428	414	480	239	243	187	324	463	194	418	438	307	346	188	156	36	264	392	156	326	444	87	340	258	154	286	603	294	153	297	417	|
|509	359	65	385	0	422	145	602	59	492	59	269	448	292	348	472	305	115	329	545	218	462	281	152	274	286	106	554	192	153	116	78	326	216	472	403	274	540	271	63	334	425	249	127	316	361	468	337	233	278	69	|
|104	106	358	482	422	0	372	309	408	337	374	396	521	441	98	96	262	314	271	342	215	124	177	373	249	302	329	198	394	281	337	402	139	353	419	518	230	250	343	428	90	437	188	405	328	200	134	188	406	199	372	|
|438	345	116	246	145	372	0	485	87	357	97	126	309	155	279	394	180	101	200	414	223	373	288	8	157	150	84	459	53	188	196	68	245	72	328	269	165	427	128	97	297	280	184	36	175	250	456	233	94	184	170	|
|228	409	542	424	602	309	485	0	561	170	544	419	424	446	298	214	305	491	286	115	462	187	457	480	331	339	496	124	470	510	565	545	295	424	279	454	329	66	376	576	363	340	370	520	330	242	429	266	453	328	581	|
|487	358	66	326	59	408	87	561	0	441	40	211	389	233	324	446	258	95	281	497	220	431	287	95	230	234	79	522	133	164	146	19	297	160	415	344	233	500	215	21	323	367	224	68	261	320	470	299	174	242	106	|
|304	411	440	254	492	337	357	170	441	0	434	266	255	286	275	266	189	392	164	63	408	225	428	351	224	207	392	234	330	438	484	424	250	287	112	284	232	149	233	453	349	170	302	389	185	168	471	195	305	248	487	|
|456	320	26	343	59	374	97	544	40	434	0	223	406	252	294	418	247	60	271	487	181	405	247	105	215	229	49	498	149	124	109	48	270	165	419	364	215	482	218	60	288	375	194	92	261	302	431	279	190	220	75	|
|434	402	241	123	269	396	126	419	211	266	223	0	185	46	298	387	140	213	145	328	310	355	366	118	147	97	201	425	78	295	315	191	256	65	211	151	166	371	53	215	343	157	231	145	90	220	505	217	41	198	295	|
|526	555	425	63	448	521	309	424	389	255	406	185	0	156	430	481	266	398	252	310	485	442	534	301	293	237	386	480	257	478	500	370	390	249	145	55	313	401	212	389	491	89	392	321	201	322	646	334	216	345	479	|
|476	448	272	93	292	441	155	446	233	286	252	46	156	0	343	429	183	250	184	348	353	396	411	148	192	140	236	461	102	334	350	214	302	106	214	113	212	402	98	233	389	151	277	165	125	261	551	260	62	244	325	|
|163	136	282	388	348	98	279	298	324	275	294	298	430	343	0	124	167	234	178	296	167	121	162	279	151	205	247	216	297	224	280	316	42	256	340	423	132	232	246	344	74	349	100	314	233	115	216	97	308	101	307	|
|47	200	407	452	472	96	394	214	446	266	418	387	481	429	124	0	246	358	245	259	284	41	261	392	247	289	370	103	403	345	402	436	150	358	361	488	232	158	333	466	165	393	223	430	306	168	217	171	406	210	431	|
|293	289	251	221	305	262	180	305	258	189	247	140	266	183	167	246	0	204	26	240	238	215	276	175	37	43	203	289	169	255	297	242	125	122	202	257	52	248	87	272	225	191	134	215	67	80	382	77	163	81	298	|
|396	264	51	337	115	314	101	491	95	392	60	213	398	250	234	358	204	0	229	442	130	347	196	108	169	194	19	440	152	87	102	93	211	149	390	363	165	428	194	116	228	355	134	117	230	250	376	225	189	164	95	|
|293	306	276	211	329	271	200	286	281	164	271	145	252	184	178	245	26	229	0	216	262	212	297	195	63	53	228	280	184	280	323	264	138	137	178	248	76	232	95	294	241	173	156	234	60	77	395	83	172	102	324	|
|290	427	490	314	545	342	414	115	497	63	487	328	310	348	296	259	240	442	216	0	443	220	456	408	273	264	443	204	390	479	529	480	278	346	165	343	278	115	293	509	369	229	340	447	244	202	473	230	366	288	536	|
|313	141	159	428	218	215	223	462	220	408	181	310	485	353	167	284	238	130	262	443	0	288	67	228	202	252	149	382	267	67	122	221	168	247	440	459	186	396	273	241	125	423	107	245	291	242	251	214	297	162	160	|
|85	222	397	414	462	124	373	187	431	225	405	355	442	396	121	41	215	347	212	220	288	0	273	371	221	258	357	95	378	344	401	420	136	331	321	450	208	126	302	450	177	353	213	409	272	136	253	143	377	190	426	|
|280	83	224	480	281	177	288	457	287	428	247	366	534	411	162	261	276	196	297	456	67	273	0	292	243	298	215	363	329	128	176	288	179	305	475	513	224	392	324	307	96	466	143	311	335	261	187	235	357	195	219	|
|437	348	124	239	152	373	8	480	95	351	105	118	301	148	279	392	175	108	195	408	228	371	292	0	154	144	91	456	46	194	203	76	244	65	320	261	163	423	121	103	299	273	185	40	168	247	459	230	86	183	178	|
|293	264	217	243	274	249	157	331	230	224	215	147	293	192	151	247	37	169	63	273	202	221	243	154	0	57	170	303	157	217	260	215	110	111	238	278	21	271	94	245	201	223	100	193	92	93	362	78	160	54	263	|
|336	320	237	187	286	302	150	339	234	207	229	97	237	140	205	289	43	194	53	264	252	258	298	144	57	0	190	331	131	257	294	216	163	84	197	221	77	285	44	246	258	172	155	183	39	123	418	119	120	110	288	|
|409	283	48	324	106	329	84	496	79	392	49	201	386	236	247	370	203	19	228	443	149	357	215	91	170	190	0	449	136	105	114	75	221	138	384	349	168	434	185	99	245	346	146	98	224	255	394	231	174	171	99	|
|106	303	490	463	554	198	459	124	522	234	498	425	480	461	216	103	289	440	280	204	382	95	363	456	303	331	449	0	458	439	496	510	229	410	344	498	293	89	374	540	267	391	307	495	336	211	308	226	451	280	520	|
|449	380	170	194	192	394	53	470	133	330	149	78	257	102	297	403	169	152	184	390	267	378	329	46	157	131	136	458	0	238	249	114	259	47	287	216	171	416	96	137	327	235	211	67	145	247	488	235	41	197	223	|
|376	208	99	418	153	281	188	510	164	438	124	295	478	334	224	345	255	87	280	479	67	344	128	194	217	257	105	439	238	0	57	169	216	230	453	445	206	445	268	184	191	427	141	202	296	278	315	250	274	191	92	|
|433	258	83	438	116	337	196	565	146	484	109	315	500	350	280	402	297	102	323	529	122	401	176	203	260	294	114	496	249	57	0	157	271	252	490	463	251	499	296	162	247	457	195	199	331	329	362	302	288	241	47	|
|478	357	74	307	78	402	68	545	19	424	48	191	370	214	316	436	242	93	264	480	221	420	288	76	215	216	75	510	114	169	157	0	287	141	396	325	219	485	196	31	319	347	216	49	243	306	469	286	154	230	120	|
|193	170	261	346	326	139	245	295	297	250	270	256	390	302	42	150	125	211	138	278	168	136	179	244	110	163	221	229	259	216	271	287	0	216	305	382	91	229	204	316	105	310	78	280	192	83	257	60	268	62	292	|
|404	348	180	188	216	353	72	424	160	287	165	65	249	106	256	358	122	149	137	346	247	331	305	65	111	84	138	410	47	230	252	141	216	0	255	215	126	369	56	168	292	210	177	102	103	200	454	189	54	155	234	|
|404	475	430	156	472	419	328	279	415	112	419	211	145	214	340	361	202	390	178	165	440	321	475	320	238	197	384	344	287	453	490	396	305	255	0	181	254	261	201	422	410	69	335	353	160	225	551	246	252	280	482	|
|534	542	385	36	403	518	269	454	344	284	364	151	55	113	423	488	257	363	248	343	459	450	513	261	278	221	349	498	216	445	463	325	382	215	181	0	298	425	189	342	479	115	373	276	190	323	638	330	175	332	439	|
|278	243	214	264	274	230	165	329	233	232	215	166	313	212	132	232	52	165	76	278	186	208	224	163	21	77	168	293	171	206	251	219	91	126	254	298	0	267	114	250	181	242	82	202	112	88	341	68	177	33	258	|
|181	347	479	392	540	250	427	66	500	149	482	371	401	402	232	158	248	428	232	115	396	126	392	423	271	285	434	89	416	445	499	485	229	369	261	425	267	0	325	516	298	313	305	463	281	180	375	203	403	264	516	|
|380	355	231	156	271	343	128	376	215	233	218	53	212	98	246	333	87	194	95	293	273	302	324	121	94	44	185	374	96	268	296	196	204	56	201	189	114	325	0	224	294	161	185	157	49	167	455	163	78	147	284	|
|507	379	85	326	63	428	97	576	21	453	60	215	389	233	344	466	272	116	294	509	241	450	307	103	245	246	99	540	137	184	162	31	316	168	422	342	250	516	224	0	344	371	244	70	271	337	490	317	176	261	120	|
|189	65	270	444	334	90	297	363	323	349	288	343	491	389	74	165	225	228	241	369	125	177	96	299	201	258	245	267	327	191	247	319	105	292	410	479	181	298	294	344	0	414	116	328	291	187	163	165	345	147	282	|
|438	479	390	87	425	437	280	340	367	170	375	157	89	151	349	393	191	355	173	229	423	353	466	273	223	172	346	391	235	427	457	347	310	210	69	115	242	313	161	371	414	0	323	301	133	238	565	253	197	273	444	|
|263	172	184	340	249	188	184	370	224	302	194	231	392	277	100	223	134	134	156	340	107	213	143	185	100	155	146	307	211	141	195	216	78	177	335	373	82	305	185	244	116	323	0	217	192	138	278	110	230	55	214	|
|473	373	116	258	127	405	36	520	68	389	92	145	321	165	314	430	215	117	234	447	245	409	311	40	193	183	98	495	67	202	199	49	280	102	353	276	202	463	157	70	328	301	217	0	205	286	485	269	106	220	167	|
|353	355	271	154	316	328	175	330	261	185	261	90	201	125	233	306	67	230	60	244	291	272	335	168	92	39	224	336	145	296	331	243	192	103	160	190	112	281	49	271	291	133	192	205	0	138	449	141	123	145	323	|
|216	251	300	286	361	200	250	242	320	168	302	220	322	261	115	168	80	250	77	202	242	136	261	247	93	123	255	211	247	278	329	306	83	200	225	323	88	180	167	337	187	238	138	286	138	0	328	28	243	88	340	|
|202	112	409	603	468	134	456	429	470	471	431	505	646	551	216	217	382	376	395	473	251	253	187	459	362	418	394	308	488	315	362	469	257	454	551	638	341	375	455	490	163	565	278	485	449	328	0	313	508	308	406	|
|218	229	276	294	337	188	233	266	299	195	279	217	334	260	97	171	77	225	83	230	214	143	235	230	78	119	231	226	235	250	302	286	60	189	246	330	68	203	163	317	165	253	110	269	141	28	313	0	235	61	315	|
|452	402	210	153	233	406	94	453	174	305	190	41	216	62	308	406	163	189	172	366	297	377	357	86	160	120	174	451	41	274	288	154	268	54	252	175	177	403	78	176	345	197	230	106	123	243	508	235	0	207	264	|
|254	210	215	297	278	199	184	328	242	248	220	198	345	244	101	210	81	164	102	288	162	190	195	183	54	110	171	280	197	191	241	230	62	155	280	332	33	264	147	261	147	273	55	220	145	88	308	61	207	0	253	|
|465	300	54	417	69	372	170	581	106	487	75	295	479	325	307	431	298	95	324	536	160	426	219	178	263	288	99	520	223	92	47	120	292	234	482	439	258	516	284	120	282	444	214	167	323	340	406	315	264	253	0	|

--------------------------------------------------------------------------------
Building model...
	using lazy and cut (CVRPSEP package)
Solving IRP LP...
--------------------------------------------------------------------------------

Gurobi 9.1.0 (linux64) logging started Sun Feb 14 06:11:42 2021

Gurobi Optimizer version 9.1.0 build v9.1.0rc0 (linux64)
Thread count: 32 physical cores, 32 logical processors, using up to 2 threads
Optimize a model with 1422 rows, 8460 columns and 23103 nonzeros
Model fingerprint: 0xca97149b
Variable types: 504 continuous, 7956 integer (306 binary)
Coefficient statistics:
  Matrix range     [1e+00, 2e+03]
  Objective range  [1e-02, 6e+02]
  Bounds range     [1e+00, 3e+02]
  RHS range        [1e+00, 7e+03]
Presolve removed 257 rows and 277 columns
Presolve time: 0.09s
Presolved: 1165 rows, 8183 columns, 21406 nonzeros
Variable types: 377 continuous, 7806 integer (7506 binary)

Root relaxation: objective 3.291724e+03, 1044 iterations, 0.03 seconds

    Nodes    |    Current Node    |     Objective Bounds      |     Work
 Expl Unexpl |  Obj  Depth IntInf | Incumbent    BestBd   Gap | It/Node Time

     0     0 3291.72371    0  137          - 3291.72371      -     -    0s
     0     0 3661.47801    0  152          - 3661.47801      -     -    0s
     0     0 3666.02316    0  144          - 3666.02316      -     -    0s
     0     0 4327.49651    0  198          - 4327.49651      -     -    0s
     0     0 4345.98738    0  215          - 4345.98738      -     -    0s
     0     0 4355.80425    0  231          - 4355.80425      -     -    0s
     0     0 4372.47991    0  234          - 4372.47991      -     -    0s
     0     0 4381.15420    0  261          - 4381.15420      -     -    0s
     0     0 4383.67872    0  237          - 4383.67872      -     -    0s
     0     0 4389.54037    0  257          - 4389.54037      -     -    0s
     0     0 4389.54037    0  259          - 4389.54037      -     -    0s
     0     0 4476.48240    0  234          - 4476.48240      -     -    1s
     0     0 4486.87933    0  209          - 4486.87933      -     -    1s
     0     0 4492.11915    0  203          - 4492.11915      -     -    1s
     0     0 4508.42495    0  281          - 4508.42495      -     -    1s
     0     0 4513.46433    0  256          - 4513.46433      -     -    1s
     0     0 4514.99021    0  264          - 4514.99021      -     -    1s
     0     0 4515.10370    0  271          - 4515.10370      -     -    1s
     0     0 4553.87145    0  302          - 4553.87145      -     -    2s
     0     0 4562.21374    0  290          - 4562.21374      -     -    2s
     0     0 4562.99727    0  300          - 4562.99727      -     -    2s
     0     0 4571.20713    0  348          - 4571.20713      -     -    2s
     0     0 4571.20713    0  347          - 4571.20713      -     -    2s
     0     2 4571.20713    0  347          - 4571.20713      -     -    3s
    44    48 4740.05705   14  234          - 4581.58249      -   221    5s
*  394   403             185    6651.2100000 4581.58249  31.1%  72.1    9s
   408   393 5137.49357   60   99 6651.21000 4581.58249  31.1%  70.3   10s
   546   542 5698.50417  141   92 6651.21000 4581.58249  31.1%  70.7   15s
   688   677 4669.74140    9  286 6651.21000 4595.68614  30.9%  68.2   20s
   727   695 5069.72500   49  272 6651.21000 4595.68614  30.9%  69.1   25s
   747   708 6187.18573  160  435 6651.21000 4626.73047  30.4%  67.3   30s
   760   717 6236.09507  176  460 6651.21000 4631.93441  30.4%  66.1   35s
   762   721 4636.69411   11  415 6651.21000 4636.69411  30.3%  74.1   42s
   770   727 4649.83373   13  319 6651.21000 4641.46670  30.2%  76.2   45s
   820   764 4760.21343   28  193 6651.21000 4641.46670  30.2%  86.8   50s
   876   799 5102.76027   42  219 6651.21000 4641.46670  30.2%  92.1   55s
   971   887 5551.36448   74   66 6651.21000 4641.46670  30.2%  94.2   60s
H  999   863                    6507.0500000 4641.46670  28.7%  93.0   60s
  1081   890 6356.09241  113   25 6507.05000 4641.46670  28.7%  91.3   70s
  1156   921 4739.19581   16  254 6507.05000 4641.49997  28.7%  92.0   75s
  1253  1013 4905.61646   32   54 6507.05000 4641.49997  28.7%  97.3   80s
  1378  1087 5000.42506   53  122 6507.05000 4641.49997  28.7%  95.7   85s
  1468  1119 5084.14975   68   55 6507.05000 4641.49997  28.7%  93.9  104s
  1495  1142 5159.44500   80   19 6507.05000 4641.49997  28.7%  94.0  105s
  1643  1252 5869.61000  146   11 6507.05000 4641.49997  28.7%  90.3  110s
  1818  1298 4724.21735   15  408 6507.05000 4650.24394  28.5%  85.3  116s
  1977  1346 4821.50238   21  293 6507.05000 4650.24394  28.5%  83.0  122s
  2011  1366 4871.91876   29  198 6507.05000 4650.24394  28.5%  85.0  127s
  2074  1435 5106.01845   60  131 6507.05000 4650.24394  28.5%  86.4  131s
  2218  1477 6030.84256  127   67 6507.05000 4659.48587  28.4%  84.8  136s
  2322  1573 4914.13766   20  421 6507.05000 4659.48587  28.4%  85.5  142s
  2398  1739 5204.10711   33  129 6507.05000 4659.48587  28.4%  84.4  145s
  2698  1710 4866.24449   17  257 6507.05000 4683.74138  28.0%  78.9  151s
  2778  1871 5830.88810   68   87 6507.05000 4694.91639  27.8%  80.4  156s
  2939  1977 5124.64243   36  103 6507.05000 4694.91639  27.8%  78.7  160s
  3125  2157 5960.71448  115    3 6507.05000 4696.10341  27.8%  76.5  167s
  3246  2180     cutoff  164      6507.05000 4702.46422  27.7%  75.7  170s
  3317  2274 4920.21991   19  289 6507.05000 4702.46422  27.7%  79.3  177s
  3362  2394 4935.74697   20  336 6507.05000 4702.46422  27.7%  79.9  186s
  3490  2560 5151.25231   26  287 6507.05000 4702.46422  27.7%  79.7  190s
  3689  2631 5353.64508   36   84 6507.05000 4702.46422  27.7%  79.4  197s
  3745  2695 6053.01330   61   71 6507.05000 4705.55469  27.7%  80.4  201s
  3833  2773 4833.00701   20  317 6507.05000 4705.55469  27.7%  80.7  205s
  3925  2801 5079.24314   29  268 6507.05000 4705.55469  27.7%  80.6  211s
  3959  2912 5485.42142   46  138 6507.05000 4709.03130  27.6%  81.6  216s
  4103  3064 4932.11186   24  178 6507.05000 4716.73703  27.5%  80.9  225s
  4289  3185 6095.67000  143    - 6507.05000 4720.09558  27.5%  79.6  230s
  4419  3345 4963.33830   27   81 6507.05000 4724.43345  27.4%  79.4  237s
  4600  3583 5101.49764   44   53 6507.05000 4732.41682  27.3%  79.1  244s
  4728  3600 6187.44879  208   21 6507.05000 4732.41682  27.3%  77.5  245s
  4910  3690 infeasible  219      6507.05000 4735.16320  27.2%  76.2  250s
  5031  3768 4980.47696   21  296 6507.05000 4737.65261  27.2%  76.2  255s
  5115  3889 5469.74612   48  185 6507.05000 4737.65261  27.2%  77.4  271s
  5262  3917     cutoff  120      6507.05000 4738.82041  27.2%  77.4  276s
* 5286  3915             165    6501.4400000 4739.23854  27.1%  78.1  276s
* 5290  3912             164    6494.4400000 4739.23854  27.0%  78.0  276s
* 5294  3909             163    6487.4400000 4739.23854  26.9%  78.0  276s
  5304  4000     cutoff  118      6487.44000 4739.66940  26.9%  78.9  281s
  5397  4225 5101.80000   45   24 6487.44000 4739.66940  26.9%  80.3  288s
  5666  4318 5245.24000   54   18 6487.44000 4745.87529  26.8%  78.9  295s
  5797  4407 infeasible  186      6487.44000 4750.18245  26.8%  79.2  301s
  5887  4533 5678.73896   72   18 6487.44000 4750.44782  26.8%  79.8  307s
  6077  4616 infeasible  133      6487.44000 4751.57440  26.8%  79.0  316s
  6151  4705 5671.04262   78   13 6487.44000 4751.65168  26.8%  79.7  324s
  6236  4705 4950.24445   23  359 6487.44000 4751.65168  26.8%  79.7  325s
  6252  4792 5162.13881   26  268 6487.44000 4751.80080  26.8%  80.6  330s
  6346  4943 5276.69541   25  256 6487.44000 4752.67716  26.7%  81.8  337s
  6543  5015 5340.57918   39  156 6487.44000 4752.76765  26.7%  81.3  343s
  6622  5169 4959.29036   24  311 6487.44000 4752.76765  26.7%  82.3  355s
  6790  5339 5596.02137   80   37 6487.44000 4754.57795  26.7%  82.4  362s
  6984  5406     cutoff  142      6487.44000 4755.53103  26.7%  81.8  369s
  7035  5406 5592.28882   81   13 6487.44000 4756.89470  26.7%  82.5  370s
  7069  5555 5332.66579   29  307 6487.44000 4756.89470  26.7%  82.9  376s
  7250  5659 6239.89256   97   43 6487.44000 4757.67449  26.7%  82.5  383s
  7368  5771 6483.28000  129    - 6487.44000 4759.35414  26.6%  83.5  397s
  7507  6030 5261.93877   47   67 6487.44000 4759.51408  26.6%  84.3  406s
  7827  6138 6411.14348  119   13 6487.44000 4759.87790  26.6%  83.1  416s
* 7829  6098             120    6446.4200000 4759.87790  26.2%  83.1  416s
  7932  6236 5881.79059   90   48 6446.42000 4760.10460  26.2%  83.8  423s
  8085  6313 6367.13000  109   13 6446.42000 4761.42429  26.1%  84.3  434s
  8167  6317 5142.08723   28  223 6446.42000 4761.78638  26.1%  84.6  435s
  8179  6442 6420.76000  115    - 6446.42000 4762.97636  26.1%  84.7  442s
  8320  6567 infeasible  115      6446.42000 4763.23520  26.1%  85.5  450s
  8458  6606 5598.61859   70   46 6446.42000 4764.47654  26.1%  86.4  457s
  8509  6776 5149.16758   38  278 6446.42000 4764.88356  26.1%  87.1  465s
  8697  6900 5027.53891   27  154 6446.42000 4766.08727  26.1%  87.4  478s
  8846  6925 infeasible  121      6446.42000 4766.13247  26.1%  87.2  509s
  8868  7049 5109.94109   27  144 6446.42000 4767.05195  26.1%  87.7  520s
  9034  7227 5112.06532   27  346 6446.42000 4769.31572  26.0%  87.9  530s
  9256  7361 4856.53632   22  319 6446.42000 4769.73844  26.0%  87.7  541s
  9389  7542 5344.04500   70   16 6446.42000 4770.49352  26.0%  88.8  552s
  9652  7626     cutoff  125      6446.42000 4770.86960  26.0%  88.2  561s
  9723  7837 5261.55364   44  184 6446.42000 4771.25810  26.0%  89.2  573s
  9981  7990     cutoff  113      6446.42000 4772.34816  26.0%  88.9  583s
 10163  8132 4997.28083   33  178 6446.42000 4774.33884  25.9%  89.3  594s
 10211  8132 5255.38303   64   12 6446.42000 4774.33884  25.9%  89.5  595s
*10316  7328              91    6141.8500000 4774.68443  22.3%  90.0  609s
*10319  7288              91    6129.8500000 4774.68443  22.1%  90.0  609s
 10469  7377 5226.75777   34  281 6129.85000 4775.05746  22.1%  90.5  618s
 10574  7498 5005.07066   24  214 6129.85000 4775.61280  22.1%  91.3  628s
H10726  7302                    6082.8500000 4776.77259  21.5%  91.2  629s
 10729  7350     cutoff   93      6082.85000 4777.70586  21.5%  91.3  637s
 10780  7447 5029.69042   35  177 6082.85000 4777.70586  21.5%  92.3  650s
 10889  7598 5271.67000   45    - 6082.85000 4778.09786  21.4%  93.2  662s
 11109  7758 5377.29718   61  107 6082.85000 4778.97864  21.4%  93.0  672s
H11309  7455                    6015.8500000 4779.59506  20.5%  93.0  682s
 11356  7533 5029.81516   23  249 6015.85000 4779.59506  20.5%  93.9  698s
 11471  7598 5111.84169   24  251 6015.85000 4779.59506  20.5%  93.7  707s
 11541  7649 5488.36044   42  118 6015.85000 4781.43116  20.5%  94.5  716s
H11546  7450                    5970.8500000 4781.43116  19.9%  94.5  716s
 11605  7572 5349.73359   41   91 5970.85000 4782.02002  19.9%  94.6  725s
 11752  7676 5764.64385   67  145 5970.85000 4782.25366  19.9%  94.9  747s
 11887  7801 5350.85435   47  185 5970.85000 4782.94609  19.9%  95.4  756s
 12060  7885 5944.01000   78    - 5970.85000 4785.75360  19.8%  95.3  766s
 12148  8009 5390.14532   35  198 5970.85000 4786.35407  19.8%  96.3  777s
 12301  8247 5157.41756   39  124 5970.85000 4786.97265  19.8%  96.7  797s
 12564  8405 5170.31303   43  107 5970.85000 4787.10512  19.8%  96.3  807s
 12750  8548 5846.18468   85   25 5970.85000 4788.08603  19.8%  96.4  818s
 12942  8628     cutoff   88      5970.85000 4790.99342  19.8%  96.5  828s
 13034  8720 5116.35942   21  269 5970.85000 4791.59048  19.8%  97.3  840s
 13148  8824 5873.23110   41  165 5970.85000 4791.86780  19.7%  97.7  850s
 13265  8919 5212.82905   36  197 5970.85000 4792.23925  19.7%  98.4  860s
 13385  9041 5963.33000   93   14 5970.85000 4792.69872  19.7%  98.7  869s
 13423  9043 5639.23794   51   51 5970.85000 4792.69872  19.7%  98.9  870s
 13544  9209     cutoff   94      5970.85000 4795.27454  19.7%  98.9  882s
 13600  9211 5458.81796   53  123 5970.85000 4795.27454  19.7%  98.9  895s
 13740  9270     cutoff  112      5970.85000 4796.46504  19.7%  98.7  904s
 13814  9350 5402.97022   42  194 5970.85000 4796.83772  19.7%  99.4  915s
 13911  9375 5098.04235   24  205 5970.85000 4796.89252  19.7%   100  927s
 13934  9579 5073.52333   24  269 5970.85000 4796.89252  19.7%   100  947s
 14169  9760 5628.54030   60   37 5970.85000 4796.93118  19.7%   100  959s
 14223  9765 5872.79000   93    - 5970.85000 4796.93118  19.7%  99.4  960s
 14424  9876     cutoff  108      5970.85000 4797.83380  19.6%  99.1  971s
 14546  9980     cutoff   87      5970.85000 4799.18997  19.6%  99.4  982s
 14582  9980 5334.15214   56  116 5970.85000 4799.94689  19.6%   100  986s
 14665 10097 5367.10773   36  123 5970.85000 4799.94689  19.6%   100  997s
 14786 10306 5458.59693   69   45 5970.85000 4800.04279  19.6%   101 1013s
 15093 10332 5768.40455  152   12 5970.85000 4801.30397  19.6%   100 1015s
 15134 10358 5291.33072   59   54 5970.85000 4801.32674  19.6%   100 1028s
 15211 10472 4928.29930   22  289 5970.85000 4802.31274  19.6%   100 1038s
 15340 10588 5378.24186   39   68 5970.85000 4803.14684  19.6%   101 1049s
 15477 10685 4958.84560   23  321 5970.85000 4804.32973  19.5%   101 1066s
 15608 10781 4991.81631   25  259 5970.85000 4804.93968  19.5%   102 1079s
 15725 10913 5445.52453   44  125 5970.85000 4806.08089  19.5%   102 1089s
 15793 10913 5897.65601   60   36 5970.85000 4806.08089  19.5%   102 1090s
 15893 11024 5955.35696   65   57 5970.85000 4807.82887  19.5%   102 1112s
 16026 11139 5487.80492   40  121 5970.85000 4809.00691  19.5%   103 1124s
 16198 11257 5125.92395   25  325 5970.85000 4809.50005  19.5%   103 1135s
 16310 11453 5688.42272   50  213 5970.85000 4809.67414  19.4%   103 1146s
 16561 11511     cutoff   98      5970.85000 4809.92364  19.4%   103 1158s
 16583 11511     cutoff  105      5970.85000 4810.08188  19.4%   103 1160s
 16641 11606 5273.72623   38  227 5970.85000 4811.04342  19.4%   103 1169s
 16756 11684     cutoff   86      5970.85000 4811.10591  19.4%   104 1179s
 16868 11791     cutoff   70      5970.85000 4811.66749  19.4%   104 1189s
 16997 11871 4975.53081   23  141 5970.85000 4812.43002  19.4%   104 1203s
 17094 11929 4952.57562   16  388 5970.85000 4812.43002  19.4%   105 1213s
 17166 12007 5421.03910   33  223 5970.85000 4813.28931  19.4%   105 1224s
 17289 12095 4934.71810   20  254 5970.85000 4813.54177  19.4%   105 1235s
 17393 12162 5900.70000   94    - 5970.85000 4814.61966  19.4%   105 1257s
 17457 12245 5914.75792   94   15 5970.85000 4814.82262  19.4%   106 1269s
 17550 12356 5193.28848   43  100 5970.85000 4814.83555  19.4%   106 1279s
 17595 12357 5451.94564   72    9 5970.85000 4814.83555  19.4%   106 1280s
 17700 12402 5398.74000   66    - 5970.85000 4815.34917  19.4%   106 1289s
 17747 12514 5414.55000   66    - 5970.85000 4815.36907  19.4%   107 1302s
 17868 12594 5473.12120   66   44 5970.85000 4815.60204  19.3%   107 1313s
 17981 12635 5963.34000   85    - 5970.85000 4816.32164  19.3%   107 1322s
*17984 12046              83    5887.3400000 4816.32164  18.2%   107 1322s
*17985 11845              82    5860.3400000 4816.32164  17.8%   107 1322s
 18023 11952     cutoff   85      5860.34000 4816.49899  17.8%   108 1333s
 18158 12072 5283.20985   42   41 5860.34000 4816.99645  17.8%   108 1350s
 18326 12168 5632.97328   89   40 5860.34000 4817.14320  17.8%   108 1362s
 18469 12230 5380.96709   42  237 5860.34000 4817.87608  17.8%   108 1372s
 18540 12325 5087.42549   27  350 5860.34000 4818.13940  17.8%   109 1387s
 18654 12415 5084.72280   19  309 5860.34000 4818.47754  17.8%   109 1398s
 18769 12458 5032.55628   22  270 5860.34000 4818.55498  17.8%   110 1408s
 18814 12502 5467.29802   56  130 5860.34000 4818.67241  17.8%   110 1417s
 18879 12554 5831.10596   74   78 5860.34000 4818.67763  17.8%   111 1431s
 18937 12671 5443.65381   51  138 5860.34000 4818.76760  17.8%   112 1442s
 19078 12735 5816.18000   91   14 5860.34000 4819.40695  17.8%   112 1454s
 19180 12817     cutoff   92      5860.34000 4820.30090  17.7%   112 1466s
 19292 12862 5034.29282   19  401 5860.34000 4820.81754  17.7%   112 1481s
 19344 13004 5118.29700   22  337 5860.34000 4820.81754  17.7%   113 1494s
 19448 13004 5689.65545   91    4 5860.34000 4820.81754  17.7%   113 1495s
 19504 13092 5476.37617   56   34 5860.34000 4821.19825  17.7%   113 1505s
 19622 13184 5229.57783   43  182 5860.34000 4821.26653  17.7%   113 1517s
 19726 13274 5161.75385   29  165 5860.34000 4821.59674  17.7%   113 1536s
 19825 13380 5362.57481   40  119 5860.34000 4821.59674  17.7%   114 1548s
 19951 13410 5776.31837   59   48 5860.34000 4822.42267  17.7%   114 1559s
 19990 13460 5465.17273   33  227 5860.34000 4823.23962  17.7%   114 1568s
 20068 13571 4942.95564   24  226 5860.34000 4823.77923  17.7%   115 1587s
 20208 13732 5048.13378   33  229 5860.34000 4824.13236  17.7%   115 1601s
 20393 13855 5580.46811   81   22 5860.34000 4824.24686  17.7%   115 1614s
 20447 13857 5726.98703   99    7 5860.34000 4824.24686  17.7%   114 1615s
 20539 13893     cutoff  105      5860.34000 4824.69781  17.7%   115 1626s
 20576 13984 5219.44404   42  110 5860.34000 4825.04280  17.7%   115 1644s
 20681 14065     cutoff   93      5860.34000 4825.14599  17.7%   115 1657s
 20783 14128 4937.04012   21  285 5860.34000 4825.64160  17.7%   116 1668s
 20862 14198 5423.41478   32  378 5860.34000 4825.90575  17.7%   116 1681s
 20940 14295 4954.30384   21  324 5860.34000 4825.90575  17.7%   117 1693s
 21073 14376 5492.98100   39  188 5860.34000 4825.90575  17.7%   117 1706s
 21175 14412 5072.51766   23  279 5860.34000 4827.31677  17.6%   117 1718s
 21210 14460 5378.42996   44  229 5860.34000 4827.91999  17.6%   118 1729s
 21270 14539 5745.06000   72    - 5860.34000 4827.92182  17.6%   118 1742s
 21371 14581     cutoff   72      5860.34000 4828.48396  17.6%   119 1755s
 21423 14649 5856.62250   72   56 5860.34000 4828.55229  17.6%   119 1767s
 21535 14688     cutoff   73      5860.34000 4828.70016  17.6%   119 1779s
 21598 14707 5626.18336   45  163 5860.34000 4828.85176  17.6%   120 1790s
 21672 14826 5212.97411   44  191 5860.34000 4828.88828  17.6%   121 1804s
 21733 14828 5846.54462  103   10 5860.34000 4828.88828  17.6%   120 1805s
 21821 14878     cutoff   98      5860.34000 4829.06522  17.6%   121 1816s
 21882 14986 5011.66068   36  167 5860.34000 4829.35200  17.6%   121 1829s
 22029 15107 5415.82250   67   14 5860.34000 4830.09579  17.6%   121 1846s
 22160 15192     cutoff  102      5860.34000 4830.27265  17.6%   121 1859s
 22264 15311 5839.86447   68   19 5860.34000 4830.38155  17.6%   121 1872s
 22429 15362 5207.32870   28  362 5860.34000 4830.79963  17.6%   121 1887s
 22475 15461 5742.40638   50  217 5860.34000 4830.83044  17.6%   122 1900s
 22648 15641 4966.60821   25  193 5860.34000 4831.03341  17.6%   122 1913s
 22844 15748 5148.06705   30  238 5860.34000 4831.33948  17.6%   122 1929s
 22919 15748 5683.12917   77   22 5860.34000 4831.40314  17.6%   122 1930s
 22991 15870 5017.93564   30  180 5860.34000 4831.79767  17.6%   122 1943s
 23135 15930 5743.07000   89    - 5860.34000 4832.23557  17.5%   122 1955s
 23205 16006     cutoff   89      5860.34000 4832.82927  17.5%   122 1970s
 23287 16042 5800.29625   87   28 5860.34000 4833.09170  17.5%   123 1982s
 23351 16136     cutoff   92      5860.34000 4833.62317  17.5%   123 1995s
 23466 16189 5372.40627   38   40 5860.34000 4833.63030  17.5%   123 2012s
 23519 16304 5433.13412   48   35 5860.34000 4833.87734  17.5%   123 2027s
 23661 16414 5846.49000   74    - 5860.34000 4834.06871  17.5%   124 2039s
 23693 16418 5346.23058   42   85 5860.34000 4834.06871  17.5%   124 2040s
 23800 16504 5475.99605   51   75 5860.34000 4835.10933  17.5%   124 2056s
 23924 16594 5331.49814   27  259 5860.34000 4835.60351  17.5%   124 2071s
 24034 16689 4959.49457   25  329 5860.34000 4835.91170  17.5%   124 2085s
 24157 16740 5743.36826   67    9 5860.34000 4836.07876  17.5%   124 2100s
 24222 16931 5326.50170   36   79 5860.34000 4836.17746  17.5%   125 2115s
 24444 17008 5514.58524   50   82 5860.34000 4836.78929  17.5%   124 2129s
 24538 17100 5124.86633   36   76 5860.34000 4836.82269  17.5%   125 2147s
 24632 17226 5388.24814   60  111 5860.34000 4837.05470  17.5%   125 2162s
 24794 17266 5752.46615  108   11 5860.34000 4837.95676  17.4%   125 2174s
 24834 17323 5139.55420   30  122 5860.34000 4838.14830  17.4%   125 2193s
 24896 17327 5188.91922   37  234 5860.34000 4838.14830  17.4%   126 2208s
 24907 17410 5255.12107   38  267 5860.34000 4838.14830  17.4%   126 2222s
 25028 17540 5308.82454   56  108 5860.34000 4838.14830  17.4%   126 2239s
 25120 17540 5577.64000   98   11 5860.34000 4838.14830  17.4%   126 2240s
 25158 17684 5628.14000  106   13 5860.34000 4838.58516  17.4%   126 2254s
 25367 17720     cutoff  127      5860.34000 4838.66455  17.4%   126 2265s
 25395 17766 5425.52100   34  202 5860.34000 4839.57455  17.4%   127 2280s
 25455 17823 5195.61361   32  144 5860.34000 4839.95780  17.4%   127 2293s
 25510 17903 5600.27964   47  149 5860.34000 4840.05690  17.4%   128 2309s
 25592 17924 5515.67282   41  184 5860.34000 4840.05690  17.4%   128 2310s
 25642 18003 5854.09000   67    - 5860.34000 4840.20520  17.4%   128 2329s
 25671 18006 5390.96573   39  145 5860.34000 4840.20520  17.4%   128 2330s
 25767 18160 5851.40000   83    - 5860.34000 4840.29116  17.4%   128 2346s
 25937 18195 5782.18167   88   31 5860.34000 4840.49453  17.4%   128 2358s
 25977 18254 5267.51301   34  352 5860.34000 4840.49453  17.4%   128 2373s
 26046 18398 5565.56711   70   98 5860.34000 4840.67157  17.4%   129 2386s
 26211 18486 5472.83387   36   89 5860.34000 4841.08744  17.4%   129 2400s
 26327 18529 5071.90262   23  276 5860.34000 4841.31460  17.4%   129 2416s
 26371 18563 5558.47387   52   41 5860.34000 4841.81699  17.4%   129 2428s
 26417 18684 5133.37993   26   94 5860.34000 4841.94778  17.4%   130 2444s
 26588 18791 5091.58929   30  155 5860.34000 4842.43372  17.4%   130 2462s
 26710 18926 5375.84948   76  115 5860.34000 4842.57315  17.4%   130 2477s
 26888 19022     cutoff  113      5860.34000 4843.05007  17.4%   130 2493s
 26941 19022 5632.23018   81   56 5860.34000 4843.05007  17.4%   130 2499s
 26963 19022 5083.49381   42  248 5860.34000 4843.14552  17.4%   130 2500s
 27002 19097 5711.68689   85   12 5860.34000 4843.22973  17.4%   130 2513s
 27099 19160     cutoff  102      5860.34000 4843.48438  17.4%   130 2527s
 27185 19265 5841.34000  100    - 5860.34000 4844.00479  17.3%   130 2544s
 27222 19266 5588.59537   56   73 5860.34000 4844.00479  17.3%   131 2545s
 27316 19279 5841.36000  100    - 5860.34000 4845.17822  17.3%   131 2560s
 27334 19352 5844.01000  100    - 5860.34000 4845.37656  17.3%   131 2575s
 27426 19462 5040.03682   28   86 5860.34000 4845.59803  17.3%   131 2593s
 27561 19551 4936.60253   27  406 5860.34000 4845.60690  17.3%   131 2607s
 27662 19609 5364.20190   47  298 5860.34000 4845.75186  17.3%   131 2620s
 27747 19708 5615.84500   69    6 5860.34000 4846.23408  17.3%   132 2640s
 27896 19815 5854.48500   89   23 5860.34000 4846.72045  17.3%   132 2655s
 28026 19957 5652.05333   67   23 5860.34000 4847.01848  17.3%   132 2672s
 28062 19965 5800.34000   86    6 5860.34000 4847.01848  17.3%   132 2682s
 28191 20049 5812.84000   87    - 5860.34000 4847.09300  17.3%   132 2697s
 28311 20110 4926.54136   33  258 5860.34000 4847.85751  17.3%   132 2712s
 28373 20204 5785.76676   51  148 5860.34000 4847.91879  17.3%   132 2729s
 28499 20296 5254.98147   45  156 5860.34000 4848.94456  17.3%   132 2744s
 28649 20343 5340.81000   50    - 5860.34000 4849.85414  17.2%   132 2757s
 28720 20449 5559.60500   58   25 5860.34000 4849.98021  17.2%   132 2771s
 28842 20479 5820.02000   84    - 5860.34000 4850.45945  17.2%   133 2784s
 28885 20559     cutoff   84      5860.34000 4850.53703  17.2%   133 2800s
 28983 20635 4936.28039   36  231 5860.34000 4850.64706  17.2%   133 2826s
 29087 20712 5386.15143   64   16 5860.34000 4850.80216  17.2%   133 2840s
 29182 20827 5528.01770   84   20 5860.34000 4851.26619  17.2%   134 2856s
 29348 20902 5818.05082  114   13 5860.34000 4851.50917  17.2%   133 2878s
 29460 20950     cutoff  117      5860.34000 4851.76206  17.2%   133 2892s
 29513 21043 5167.22268   30  222 5860.34000 4851.76726  17.2%   134 2910s
 29607 21197     cutoff   55      5860.34000 4852.13718  17.2%   134 2931s
 29821 21312     cutoff   67      5860.34000 4852.58314  17.2%   134 2950s
 29944 21414 5529.04628   92   67 5860.34000 4852.87512  17.2%   134 2965s
 30069 21510 5675.08647   43  106 5860.34000 4853.34788  17.2%   134 2984s
 30112 21514 5413.66317   38  174 5860.34000 4853.34788  17.2%   134 2985s
 30181 21574     cutoff   62      5860.34000 4853.72632  17.2%   134 2999s
 30253 21711 5304.81523   34   79 5860.34000 4853.86491  17.2%   134 3015s
 30436 21791 5173.62444   31  202 5860.34000 4854.20931  17.2%   134 3217s
 30530 21836     cutoff   77      5860.34000 4854.55329  17.2%   134 3243s
 30587 21921 5322.58027   35  201 5860.34000 4854.81185  17.2%   134 3275s
 30696 22028 5830.71000   86    - 5860.34000 4855.43780  17.1%   134 3291s
 30826 22091 5837.60000   86    - 5860.34000 4855.62221  17.1%   134 3306s
 30886 22156 5850.60000   86    - 5860.34000 4855.73069  17.1%   134 3338s
 30962 22237 5526.06984   28  267 5860.34000 4855.89273  17.1%   135 3359s
 31114 22278 5852.11450   43  154 5860.34000 4855.96152  17.1%   135 3373s
 31160 22362 5530.22643   51  102 5860.34000 4856.02945  17.1%   135 3412s
 31277 22452 5775.60317   75   40 5860.34000 4856.24454  17.1%   135 3428s
 31406 22519 5513.88930   48   20 5860.34000 4856.42378  17.1%   135 3443s
 31487 22572 5391.96655   36  225 5860.34000 4856.57422  17.1%   136 3470s
 31540 22734 5486.99824   53   84 5860.34000 4856.64760  17.1%   136 3487s
 31748 22816 4976.45066   22  200 5860.34000 4856.78676  17.1%   136 3520s
 31837 22877 5187.24128   28  207 5860.34000 4856.78676  17.1%   136 3535s
 31913 22986 5733.94699   52  186 5860.34000 4857.07703  17.1%   136 3552s
 32065 23071 5847.34000   74   10 5860.34000 4857.19355  17.1%   137 3577s
 32166 23118     cutoff   78      5860.34000 4858.04961  17.1%   137 3594s
 32217 23145 5056.87844   32  222 5860.34000 4858.10049  17.1%   137 3600s

Cutting planes:
  User: 2323
  Gomory: 26
  Cover: 250
  Implied bound: 111
  Clique: 18
  MIR: 80
  StrongCG: 4
  Flow cover: 308
  GUB cover: 1
  Zero half: 56
  RLT: 182
  Relax-and-lift: 2
  Lazy constraints: 12060

Explored 32241 nodes (4425900 simplex iterations) in 3600.23 seconds
Thread count was 2 (of 32 available processors)

Solution count 10: 5860.34 5887.34 5970.85 ... 6494.44

Time limit reached
Best objective 5.860340000000e+03, best bound 4.858100488315e+03, gap 17.1021%

User-callback calls 341434, time in user-callback 515.91 sec
