




arguments: ./build/bc_mirp -f ./input/orig_exec_242.cfg
Current dir: /scratch/gui/bc_mirp
File verbosity level: 9
date       time         ( uptime  ) [ thread name/id ]                   file:line     v| 
2021-02-16 02:23:50.701 (   2.592s) [main thread     ]             loguru.cpp:789   INFO| Logging to './output/vi_vc+hc1_full/OU/V2/Original/execution_16_02_2021_02_23_50.log', mode: 'a', verbosity: 9
--------------------------------------------------------------------------------
Parameters
                           instance_path           ./input/Instances/Original/6/
                            model_policy                                       1
                             nb_vehicles                                       2
                              output_dir ./output/vi_vc+hc1_full/OU/V2/Original/
                            sec_strategy                                       1
                       solver_nb_threads                                       2
                         solver_show_log                                    true
                       solver_time_limit                                    3600
                              use_vi_cos                                   false
                              use_vi_cus                                   false
                         use_vi_hc1_full                                    true
                         use_vi_hc1_half                                   false
                      use_vi_hc1_quarter                                   false
                              use_vi_hc2                                   false
                              use_vi_hc3                                   false
                         use_vi_lex_full                                   false
                         use_vi_lex_half                                   false
                      use_vi_lex_quarter                                   false
                              use_vi_qua                                   false
                               use_vi_vc                                    true
                               use_vi_vr                                   false
--------------------------------------------------------------------------------
executing instance: ./input/Instances/Original/6/absH6high_1n25.dat
--------------------------------------------------------------------------------
Instance details
n	26
H	6
C	1711
Li:
[0, 0, 0, 0, 0, 0, 0, 0, 0, 0, 0, 0, 0, 0, 0, 0, 0, 0, 0, 0, 0, 0, 0, 0, 0, 0, ]
Ui:
[0, 168, 176, 34, 66, 36, 177, 106, 118, 182, 64, 141, 189, 63, 46, 111, 182, 231, 36, 66, 68, 54, 132, 90, 246, 75, ]
Distance matrix:
|0	191	200	231	334	329	146	196	208	245	218	164	283	394	151	358	156	196	309	253	201	260	127	138	130	104	|
|191	0	226	229	278	146	328	216	390	417	327	293	195	334	106	296	171	122	472	151	12	411	280	53	190	130	|
|200	226	0	38	149	359	321	10	276	274	418	364	139	204	121	173	321	115	303	141	225	236	155	202	311	256	|
|231	229	38	0	110	352	358	37	314	310	448	395	108	167	129	135	342	109	336	120	226	268	194	213	335	277	|
|334	278	149	110	0	367	467	147	422	413	546	495	86	61	203	25	423	163	429	129	271	363	303	282	424	361	|
|329	146	359	352	367	0	453	349	533	562	411	393	282	411	245	378	250	244	617	245	141	556	426	195	284	243	|
|146	328	321	358	467	453	0	321	162	215	160	112	425	524	297	491	223	341	284	397	339	266	186	276	184	210	|
|196	216	10	37	147	349	321	0	281	281	414	360	132	203	112	171	315	105	311	132	216	244	159	193	305	249	|
|208	390	276	314	422	533	162	281	0	54	321	271	410	471	316	445	348	348	123	398	398	115	125	338	313	309	|
|245	417	274	310	413	562	215	281	54	0	375	323	413	457	334	435	393	361	70	406	424	69	139	367	359	349	|
|218	327	418	448	546	411	160	414	321	375	0	57	484	606	347	569	163	393	444	446	339	421	318	288	137	199	|
|164	293	364	395	495	393	112	360	271	323	57	0	437	556	300	519	144	346	393	401	305	367	261	249	109	163	|
|283	195	139	108	86	282	425	132	410	413	484	437	0	139	137	101	349	91	443	44	187	375	286	206	355	291	|
|394	334	204	167	61	411	524	203	471	457	606	556	139	0	264	38	483	222	467	183	326	403	356	341	484	421	|
|151	106	121	129	203	245	297	112	316	334	347	300	137	264	0	225	220	46	381	102	106	316	195	84	221	158	|
|358	296	173	135	25	378	491	171	445	435	569	519	101	38	225	0	444	184	450	145	288	384	328	303	446	383	|
|156	171	321	342	423	250	223	315	348	393	163	144	349	483	220	444	0	261	460	308	183	415	284	143	39	65	|
|196	122	115	109	163	244	341	105	348	361	393	346	91	222	46	184	261	0	402	56	118	336	224	119	264	200	|
|309	472	303	336	429	617	284	311	123	70	444	393	443	467	381	450	460	402	0	442	477	68	192	424	426	413	|
|253	151	141	120	129	245	397	132	398	406	446	401	44	183	102	145	308	56	442	0	143	375	273	164	315	251	|
|201	12	225	226	271	141	339	216	398	424	339	305	187	326	106	288	183	118	477	143	0	416	286	63	202	142	|
|260	411	236	268	363	556	266	244	115	69	421	367	375	403	316	384	415	336	68	375	416	0	135	365	384	363	|
|127	280	155	194	303	426	186	159	125	139	318	261	286	356	195	328	284	224	192	273	286	135	0	232	256	229	|
|138	53	202	213	282	195	276	193	338	367	288	249	206	341	84	303	143	119	424	164	63	365	232	0	153	89	|
|130	190	311	335	424	284	184	305	313	359	137	109	355	484	221	446	39	264	426	315	202	384	256	153	0	64	|
|104	130	256	277	361	243	210	249	309	349	199	163	291	421	158	383	65	200	413	251	142	363	229	89	64	0	|

--------------------------------------------------------------------------------
Building model...
	using lazy and cut (CVRPSEP package)
Solving IRP LP...
--------------------------------------------------------------------------------

Gurobi 9.1.0 (linux64) logging started Tue Feb 16 02:23:50 2021

Gurobi Optimizer version 9.1.0 build v9.1.0rc0 (linux64)
Thread count: 32 physical cores, 32 logical processors, using up to 2 threads
Optimize a model with 1418 rows, 4694 columns and 13730 nonzeros
Model fingerprint: 0xba736832
Variable types: 482 continuous, 4212 integer (312 binary)
Coefficient statistics:
  Matrix range     [1e+00, 9e+02]
  Objective range  [1e-01, 6e+02]
  Bounds range     [1e+00, 2e+02]
  RHS range        [1e+00, 3e+03]
Presolve removed 306 rows and 264 columns
Presolve time: 0.09s
Presolved: 1112 rows, 4430 columns, 12663 nonzeros
Variable types: 374 continuous, 4056 integer (3762 binary)

Root relaxation: objective 1.302510e+04, 1388 iterations, 0.06 seconds

    Nodes    |    Current Node    |     Objective Bounds      |     Work
 Expl Unexpl |  Obj  Depth IntInf | Incumbent    BestBd   Gap | It/Node Time

     0     0 13025.1025    0  212          - 13025.1025      -     -    0s
     0     0 13734.7131    0  260          - 13734.7131      -     -    0s
     0     0 13751.5794    0  264          - 13751.5794      -     -    0s
     0     0 13751.6816    0  264          - 13751.6816      -     -    0s
     0     0 14250.1900    0  374          - 14250.1900      -     -    0s
     0     0 14403.8956    0  371          - 14403.8956      -     -    1s
     0     0 14501.6800    0  391          - 14501.6800      -     -    1s
     0     0 14543.8911    0  349          - 14543.8911      -     -    1s
     0     0 14552.7240    0  383          - 14552.7240      -     -    1s
     0     0 14566.0792    0  357          - 14566.0792      -     -    1s
     0     0 14566.8946    0  368          - 14566.8946      -     -    1s
     0     0 14769.3072    0  365          - 14769.3072      -     -    1s
     0     0 14849.2278    0  423          - 14849.2278      -     -    1s
     0     0 14885.2570    0  432          - 14885.2570      -     -    2s
     0     0 14888.0025    0  419          - 14888.0025      -     -    2s
     0     0 14888.5297    0  434          - 14888.5297      -     -    2s
     0     0 14981.8003    0  388          - 14981.8003      -     -    2s
     0     0 15018.2135    0  398          - 15018.2135      -     -    2s
     0     0 15030.5515    0  407          - 15030.5515      -     -    2s
     0     0 15034.8305    0  408          - 15034.8305      -     -    2s
     0     0 15035.9636    0  403          - 15035.9636      -     -    2s
     0     0 15064.6407    0  413          - 15064.6407      -     -    3s
     0     0 15116.6215    0  408          - 15116.6215      -     -    3s
     0     0 15158.2224    0  443          - 15158.2224      -     -    3s
     0     0 15207.4370    0  445          - 15207.4370      -     -    3s
     0     0 15210.9913    0  486          - 15210.9913      -     -    3s
     0     0 15211.3550    0  476          - 15211.3550      -     -    3s
     0     0 15222.5492    0  485          - 15222.5492      -     -    3s
     0     0 15224.8833    0  477          - 15224.8833      -     -    4s
     0     0 15226.1598    0  466          - 15226.1598      -     -    4s
     0     0 15226.1598    0  455          - 15226.1598      -     -    4s
     0     2 15227.5838    0  446          - 15227.5838      -     -    5s
    50    55 15787.6606   13  233          - 15248.6802      -   576   10s
   215   260 17553.4992   67  150          - 15248.6802      -   276   15s
H  432   386                    17911.500000 15249.7185  14.9%   168   17s
H  439   346                    17907.900000 15249.7185  14.8%   167   18s
   456   366 15961.7523   11  399 17907.9000 15249.7185  14.8%   180   20s
H  465   334                    17711.900000 15249.7185  13.9%   181   20s
   554   432 16787.4973   51   89 17711.9000 15249.7185  13.9%   187   25s
H  728   569                    17640.820000 15264.6882  13.5%   160   29s
   734   570 15986.0177   16  455 17640.8200 15264.6882  13.5%   160   31s
H  735   542                    17615.740000 15264.6882  13.3%   160   31s
   749   551 16931.7917   86  499 17615.7400 15794.3241  10.3%   157   35s
   769   566 16906.4097   82  413 17615.7400 15807.8306  10.3%   166   40s
H  783   545                    17502.340000 15809.0385  9.67%   163   43s
   786   547 16773.3320   60  479 17502.3400 15809.1235  9.67%   163   45s
H  787   521                    17310.340000 15809.7545  8.67%   163   47s
   789   525 15816.5759   24  500 17310.3400 15810.3447  8.67%   173   50s
   807   537 15960.5568   29  363 17310.3400 15841.0151  8.49%   182   55s
   869   581 16174.9614   47  257 17310.3400 15858.2503  8.39%   191   60s
H  875   556                    17300.340000 15858.2503  8.34%   191   62s
   933   584 16427.5984   70  240 17300.3400 15858.4348  8.33%   193   65s
H  973   575                    17266.340000 15858.4348  8.15%   195   68s
H  973   551                    17227.340000 15858.4348  7.95%   195   68s
   993   574 16208.5578   43  307 17227.3400 15858.4348  7.95%   198   70s
H 1039   582                    17183.090000 15858.4348  7.71%   197   73s
  1087   616 16462.5256   68  245 17183.0900 15858.4348  7.71%   195   75s
  1225   658 16427.4935   34  219 17183.0900 15866.2332  7.66%   190   80s
  1396   804 16646.7167  115   83 17183.0900 15866.2332  7.66%   182   85s
  1568   844 16147.6281   46  297 17183.0900 15876.8668  7.60%   172   90s
  1625   869 16412.6620   60  311 17183.0900 15876.8668  7.60%   176   95s
  1815   990 16667.3581  117  275 17183.0900 15876.8668  7.60%   169  100s
  1970   999 16255.1725   49  201 17183.0900 15909.7535  7.41%   167  105s
  2097  1115 16232.6502   37  334 17183.0900 15911.1864  7.40%   164  110s
  2233  1195 infeasible   50      17183.0900 15912.5207  7.39%   164  116s
  2287  1230 15987.8033   34  459 17183.0900 15912.5207  7.39%   164  138s
  2344  1268 16164.6310   41  301 17183.0900 15912.5207  7.39%   163  140s
  2425  1357 16520.5040   43  376 17183.0900 15917.2964  7.37%   165  145s
  2555  1431 16148.3081   35  178 17183.0900 15925.9654  7.32%   166  151s
  2625  1506 16513.9687   53  206 17183.0900 15925.9654  7.32%   169  156s
  2727  1601 16735.0628   81  246 17183.0900 15925.9654  7.32%   171  162s
  2779  1678 16779.3385   98  245 17183.0900 15925.9654  7.32%   172  165s
  2967  1792 17094.2600  152  210 17183.0900 15936.2758  7.26%   170  172s
  3058  1889 16144.2102   33  483 17183.0900 15936.2758  7.26%   169  176s
  3155  2056 16711.2139   44  366 17183.0900 15936.3382  7.26%   168  196s
  3356  2120 16332.9954   37  392 17183.0900 15938.5854  7.24%   162  200s
  3538  2285 16160.5898   33  349 17183.0900 15938.5854  7.24%   160  207s
  3606  2314 16658.4087   37  153 17183.0900 15938.5854  7.24%   161  211s
  3635  2343 16745.3448   38  337 17183.0900 15938.5854  7.24%   161  215s
* 3780  2367             113    17113.840000 15938.5854  6.87%   162  219s
  3803  2384     cutoff   50      17113.8400 15939.1523  6.86%   161  223s
  3857  2425 16287.8971   39  280 17113.8400 15941.0622  6.85%   163  226s
  3914  2483 16573.0217   50  209 17113.8400 15943.3441  6.84%   164  232s
  3989  2495 infeasible   75      17113.8400 15945.1425  6.83%   163  236s
  4035  2519 16234.3886   31  465 17113.8400 15950.9183  6.80%   164  241s
  4059  2687 16507.1345   41  202 17113.8400 15950.9650  6.79%   165  245s
H 4208  2676                    17107.840000 15950.9650  6.76%   162  246s
  4286  2723 16747.3741   42  242 17107.8400 15956.3612  6.73%   161  251s
  4375  2773 16424.6532   41  277 17107.8400 15960.6230  6.71%   162  255s
H 4439  2710                    17045.160000 15960.6230  6.36%   163  261s
  4522  2755 16254.3282   31  474 17045.1600 15961.1419  6.36%   164  266s
  4574  3010 16437.9310   43  328 17045.1600 15962.2937  6.35%   166  285s
  4870  3188 16539.3193   44  239 17045.1600 15963.7713  6.34%   160  291s
  5079  3360 16472.9335   50  286 17045.1600 15965.1142  6.34%   157  298s
  5275  3387 16805.8547   41  342 17045.1600 15966.7552  6.33%   155  303s
  5379  3461 16185.5590   40  323 17045.1600 15978.1366  6.26%   156  310s
  5509  3519 16681.2035   43  371 17045.1600 15980.1418  6.25%   156  316s
  5579  3713 16656.1089   41  301 17045.1600 15981.5719  6.24%   158  324s
  5750  3713 16387.4605  109   21 17045.1600 15981.5719  6.24%   158  325s
H 5784  1873                    16656.760000 15981.5719  4.05%   157  325s
  5790  1863     cutoff   57      16656.7600 15981.6095  4.05%   157  332s
  5968  1888 16454.9237   38  395 16656.7600 15982.0020  4.05%   157  338s
  6025  1914 16394.1864   37  399 16656.7600 15982.1785  4.05%   159  344s
H 6086  1895                    16644.680000 15982.5437  3.98%   160  350s
  6189  1925 16172.8866   39  393 16644.6800 15987.3157  3.95%   161  357s
  6248  1987 16337.6295   40  215 16644.6800 15996.7097  3.89%   163  364s
  6400  2047 16345.9973   42  360 16644.6800 15997.3722  3.89%   162  371s
  6522  2091 16491.9084   51  116 16644.6800 16001.7149  3.86%   162  378s
  6605  2140 16292.0572   28  384 16644.6800 16006.9003  3.83%   164  384s
  6690  2178 16265.0649   39  450 16644.6800 16011.1734  3.81%   166  390s
  6763  2213 16419.7817   33  424 16644.6800 16012.8060  3.80%   167  398s
  6844  2266 16285.1123   37  373 16644.6800 16014.3166  3.79%   168  405s
  6935  2404 16208.1154   34  404 16644.6800 16018.1804  3.76%   170  413s
  7155  2467 16140.8035   37  256 16644.6800 16021.7223  3.74%   169  420s
  7267  2571 16475.6987   38  455 16644.6800 16022.8825  3.74%   170  429s
  7419  2606 16504.9499   41  374 16644.6800 16026.5880  3.71%   170  438s
  7502  2724 16371.9762   37  367 16644.6800 16031.6658  3.68%   172  447s
  7665  2781 16370.1941   42  419 16644.6800 16035.4184  3.66%   171  455s
  7793  2840 16185.4923   31  370 16644.6800 16041.4219  3.62%   173  465s
  7908  2869 16473.3118   32  413 16644.6800 16042.0745  3.62%   175  474s
  7987  2938     cutoff   42      16644.6800 16043.4448  3.61%   176  483s
  8142  2981 16300.7132   35  282 16644.6800 16054.6929  3.54%   177  492s
  8277  3055 16566.9510   52  267 16644.6800 16055.7750  3.54%   178  501s
  8444  3202 16415.9268   41  243 16644.6800 16061.0321  3.51%   179  512s
* 8575  1630              91    16424.670000 16062.9406  2.20%   179  512s
  8674  1601 16292.8616   39  410 16424.6700 16065.5240  2.19%   178  521s
  8805  1638 16307.3756   29  419 16424.6700 16069.3746  2.16%   179  531s
  8909  1657 16363.5379   44  370 16424.6700 16072.6113  2.14%   180  540s
  9024  1701 16276.3913   36  282 16424.6700 16080.4211  2.10%   182  550s
  9167  1727 16360.2600   41  214 16424.6700 16083.2778  2.08%   183  560s
  9272  1753 16375.9923   34  382 16424.6700 16088.2122  2.05%   184  568s
  9380  1768 16347.5866   43  277 16424.6700 16093.1935  2.02%   185  579s
  9470  1780 16269.0237   38  401 16424.6700 16094.2667  2.01%   187  588s
  9592  1804 16328.7117   42  321 16424.6700 16101.3778  1.97%   188  597s
  9708  1880     cutoff   38      16424.6700 16103.5615  1.96%   189  607s
  9871  1934 16369.0445   52  215 16424.6700 16107.5351  1.93%   190  618s
 10010  1947 16306.3564   42  212 16424.6700 16108.8755  1.92%   191  629s
 10145  1976 16418.2742   38  373 16424.6700 16111.3008  1.91%   192  638s
 10291  1994 16215.4239   38  365 16424.6700 16116.4943  1.88%   193  648s
 10426  2029 16360.3320   38  329 16424.6700 16118.7657  1.86%   194  659s
 10561  2042     cutoff   40      16424.6700 16121.9011  1.84%   195  670s
 10647  2089 16292.7895   31  436 16424.6700 16123.7576  1.83%   195  680s
 10815  2145     cutoff   37      16424.6700 16125.0134  1.82%   196  692s
 10960  2188 16318.2195   42  335 16424.6700 16128.4767  1.80%   196  704s
 11085  2255     cutoff   41      16424.6700 16129.5437  1.80%   197  715s
 11290  2336 16354.1352   34  337 16424.6700 16132.7921  1.78%   197  726s
 11462  2374 16253.2742   46  356 16424.6700 16136.2050  1.76%   197  737s
 11599  2402 16370.4074   39  269 16424.6700 16138.3841  1.74%   198  747s
 11715  2447 16375.5113   44  261 16424.6700 16141.3035  1.73%   200  759s
 11904  2511     cutoff   41      16424.6700 16143.5768  1.71%   200  770s
 12053  2551 16301.8654   37  459 16424.6700 16146.7552  1.69%   201  782s
 12202  2665 16191.2468   37  411 16424.6700 16149.0869  1.68%   202  793s
 12416  2687 16334.7839   37  456 16424.6700 16150.7402  1.67%   202  805s
 12563  2740 16233.0924   31  311 16424.6700 16153.5642  1.65%   202  816s
 12720  2793 16294.3817   37  471 16424.6700 16154.7095  1.64%   202  830s
 12858  2838 16242.9308   35  456 16424.6700 16156.8722  1.63%   203  841s
 12997  2914     cutoff   48      16424.6700 16157.6564  1.63%   203  853s
 13196  2970     cutoff   44      16424.6700 16159.9805  1.61%   204  865s
 13388  3024     cutoff   45      16424.6700 16162.3364  1.60%   204  877s
 13577  3080 16395.2147   41  290 16424.6700 16164.0811  1.59%   204  889s
 13739  3113 16381.0023   39  264 16424.6700 16165.4811  1.58%   205  900s
 13906  3187 16299.7020   38  399 16424.6700 16168.0905  1.56%   205  912s
 14103  3234 16291.0854   40  312 16424.6700 16168.9973  1.56%   205  924s
 14273  3307 16240.0998   43  245 16424.6700 16169.9050  1.55%   206  936s
 14523  3351 16378.2504   35  481 16424.6700 16172.9149  1.53%   205  948s
 14711  3364     cutoff   40      16424.6700 16174.9098  1.52%   206 1001s
 14799  3393 16418.4381   47  318 16424.6700 16175.7811  1.52%   206 1014s
 14978  3450 16380.8655   50  234 16424.6700 16176.9628  1.51%   207 1027s
 15165  3520     cutoff   45      16424.6700 16178.2521  1.50%   207 1040s
 15400  3649     cutoff   42      16424.6700 16179.6672  1.49%   207 1054s
 15674  3720 16246.3785   44  219 16424.6700 16181.4612  1.48%   207 1067s
 15878  3757     cutoff   37      16424.6700 16182.4444  1.47%   207 1080s
 16126  3830     cutoff   32      16424.6700 16184.4129  1.46%   207 1094s
 16381  3900 16394.6065   38  207 16424.6700 16185.4845  1.46%   207 1107s
 16624  3939     cutoff   45      16424.6700 16186.6003  1.45%   207 1119s
 16829  4029 16263.0071   40  252 16424.6700 16187.8742  1.44%   207 1132s
 17083  4067     cutoff   39      16424.6700 16189.5544  1.43%   207 1144s
 17184  4067 16413.0280   41  226 16424.6700 16191.7602  1.42%   207 1145s
 17277  4114 16323.5737   33  410 16424.6700 16191.8104  1.42%   207 1157s
 17527  4166 16389.7938   45  214 16424.6700 16193.1756  1.41%   207 1169s
 17757  4227 16347.7082   52  104 16424.6700 16196.1266  1.39%   207 1182s
 18013  4320 16393.4878   39  390 16424.6700 16198.3448  1.38%   207 1194s
 18284  4377 16408.8878   48  222 16424.6700 16200.2291  1.37%   207 1207s
 18524  4422     cutoff   41      16424.6700 16202.6677  1.35%   207 1221s
 18746  4475 16256.5203   33  343 16424.6700 16203.8319  1.34%   207 1233s
 18977  4568 16257.3373   42  274 16424.6700 16206.1201  1.33%   207 1246s
 19251  4608 16327.7029   35  414 16424.6700 16208.0470  1.32%   207 1260s
 19506  4660 16370.7025   37  394 16424.6700 16209.0794  1.31%   207 1272s
 19724  4710 16296.9022   41  294 16424.6700 16211.1378  1.30%   207 1284s
 19830  4710 16381.3877   38  310 16424.6700 16212.9246  1.29%   207 1285s
 19950  4731 16352.3521   30  451 16424.6700 16212.9934  1.29%   207 1296s
 20155  4771 16255.4025   46  236 16424.6700 16215.1214  1.28%   207 1308s
 20373  4806 16417.3984   41  414 16424.6700 16216.6051  1.27%   207 1321s
 20654  4841 16413.2135   44  253 16424.6700 16217.8738  1.26%   207 1334s
 20921  4916 16333.0659   50  163 16424.6700 16218.7248  1.25%   207 1347s
 21165  5022 16311.7412   34  404 16424.6700 16220.0357  1.25%   207 1360s
 21473  5033 16300.9662   42  313 16424.6700 16221.5493  1.24%   206 1382s
 21528  5111 16417.3432   35  383 16424.6700 16221.7505  1.24%   206 1395s
 21778  5158 16351.1069   38  371 16424.6700 16222.5946  1.23%   206 1407s
 22031  5193 16393.9103   42  209 16424.6700 16223.7384  1.22%   206 1419s
 22266  5227 16403.7417   45  310 16424.6700 16225.4631  1.21%   206 1432s
 22513  5275     cutoff   40      16424.6700 16227.2368  1.20%   206 1445s
 22836  5325 16332.1615   42  255 16424.6700 16228.5030  1.19%   206 1459s
 23088  5374 16323.2323   34  292 16424.6700 16229.2771  1.19%   206 1472s
 23362  5453 16383.0849   37  379 16424.6700 16230.6316  1.18%   206 1513s
 23651  5517     cutoff   32      16424.6700 16231.7600  1.17%   205 1527s
 23920  5543 16358.0018   34  426 16424.6700 16233.1323  1.17%   205 1540s
 24221  5585     cutoff   44      16424.6700 16234.5135  1.16%   205 1557s
 24410  5585     cutoff   47      16424.6700 16235.8163  1.15%   204 1582s
 24530  5639 16390.7308   37  266 16424.6700 16235.8501  1.15%   204 1596s
 24850  5723 16341.3014   50  168 16424.6700 16236.6387  1.14%   204 1608s
 25182  5746 16394.6957   46  122 16424.6700 16237.5691  1.14%   204 1641s
 25437  5804     cutoff   50      16424.6700 16239.3028  1.13%   204 1654s
 25575  5804     cutoff   48      16424.6700 16240.0949  1.12%   204 1655s
 25712  5855 16339.8652   56   90 16424.6700 16240.1069  1.12%   203 1668s
 26035  5911     cutoff   37      16424.6700 16241.1543  1.12%   203 1680s
 26334  5988 16373.7067   38  273 16424.6700 16242.1585  1.11%   203 1694s
 26688  5999     cutoff   47      16424.6700 16243.1163  1.11%   202 1707s
 26922  6046 16406.7063   33  518 16424.6700 16244.0983  1.10%   202 1720s
 27262  6073     cutoff   52      16424.6700 16245.1258  1.09%   202 1733s
 27589  6114 16316.9661   41  181 16424.6700 16246.3790  1.09%   201 1746s
 27838  6177     cutoff   41      16424.6700 16247.4605  1.08%   201 1759s
 28018  6177     cutoff   37      16424.6700 16248.5464  1.07%   201 1761s
 28182  6227 16363.9213   37  242 16424.6700 16248.5945  1.07%   201 1774s
 28532  6356 16308.5542   34  389 16424.6700 16249.8387  1.06%   200 1787s
 28898  6389 16417.1237   44  204 16424.6700 16250.8613  1.06%   200 1801s
 29148  6426 16357.2049   41  292 16424.6700 16251.9516  1.05%   200 1814s
 29296  6426 16398.3354   45  278 16424.6700 16252.5858  1.05%   200 1815s
 29475  6464 16378.8808   47  220 16424.6700 16252.6772  1.05%   200 1827s
 29751  6502 16359.4262   39  332 16424.6700 16253.7562  1.04%   200 1842s
 30102  6548     cutoff   36      16424.6700 16254.6158  1.04%   199 1855s
 30395  6584 16387.5399   42  324 16424.6700 16255.5174  1.03%   199 1867s
 30696  6653 16332.8932   42  378 16424.6700 16257.0917  1.02%   199 1881s
 31026  6714     cutoff   38      16424.6700 16258.1943  1.01%   198 1895s
 31335  6741 16337.4501   38  461 16424.6700 16258.8382  1.01%   198 1908s
 31628  6765 16401.3125   42  205 16424.6700 16259.6935  1.00%   198 1921s
 31892  6802 16403.5215   44  217 16424.6700 16260.7209  1.00%   198 1935s
 32214  6864 infeasible   56      16424.6700 16262.1205  0.99%   198 1949s
 32573  6915     cutoff   47      16424.6700 16262.7712  0.99%   197 1963s
 32923  6946     cutoff   42      16424.6700 16263.8709  0.98%   197 1975s
 33257  6971 16313.9788   44  291 16424.6700 16265.1419  0.97%   196 1989s
 33566  7038     cutoff   47      16424.6700 16266.0970  0.97%   196 2002s
 33975  7080 16339.8138   44  283 16424.6700 16267.4044  0.96%   195 2016s
 34329  7135 16412.0126   43  305 16424.6700 16268.4590  0.95%   195 2031s
 34666  7172     cutoff   44      16424.6700 16268.9402  0.95%   195 2044s
 35003  7215 16412.8078   45  259 16424.6700 16269.8317  0.94%   194 2057s
 35311  7253 16340.7657   44  296 16424.6700 16271.0688  0.94%   194 2071s
 35649  7281 16382.5414   37  152 16424.6700 16272.1312  0.93%   194 2084s
 35943  7310     cutoff   39      16424.6700 16273.2298  0.92%   194 2097s
 36275  7389 16337.4411   55   32 16424.6700 16274.2118  0.92%   194 2115s
 36599  7403     cutoff   39      16424.6700 16275.5147  0.91%   193 2129s
 36930  7438 16294.9326   47  276 16424.6700 16276.6682  0.90%   193 2142s
 37274  7464 16397.4375   51  127 16424.6700 16277.6899  0.89%   193 2156s
 37624  7517     cutoff   37      16424.6700 16278.6504  0.89%   192 2170s
 37976  7569     cutoff   40      16424.6700 16279.5744  0.88%   192 2184s
 38307  7569 16388.2374   47  159 16424.6700 16280.3383  0.88%   192 2185s
 38327  7605     cutoff   43      16424.6700 16280.3777  0.88%   192 2198s
 38701  7627 16364.7778   49  236 16424.6700 16281.3547  0.87%   191 2212s
 39010  7668 16364.3831   43  254 16424.6700 16282.2034  0.87%   191 2225s
 39314  7701     cutoff   37      16424.6700 16282.9378  0.86%   191 2239s
 39656  7728     cutoff   33      16424.6700 16284.1030  0.86%   191 2253s
 40024  7733 16386.0820   52  212 16424.6700 16284.9407  0.85%   191 2267s
 40374  7829 16413.7597   36  258 16424.6700 16286.2385  0.84%   190 2280s
 40775  7844 16400.2852   33  383 16424.6700 16287.3261  0.84%   190 2293s
 41101  7900 16360.1514   32  443 16424.6700 16288.3319  0.83%   190 2307s
 41514  7905     cutoff   41      16424.6700 16289.4669  0.82%   189 2321s
 41860  7914     cutoff   46      16424.6700 16290.3049  0.82%   189 2334s
 42055  7914 16356.0195   47  303 16424.6700 16291.2554  0.81%   189 2335s
 42216  7913 16367.9173   53   79 16424.6700 16291.3197  0.81%   189 2348s
 42548  7919 16366.0545   40  368 16424.6700 16292.2728  0.81%   188 2362s
 42879  7925     cutoff   40      16424.6700 16293.1438  0.80%   188 2375s
 43225  7998 16409.7253   52   72 16424.6700 16294.0215  0.80%   188 2389s
 43694  8060 16370.8481   37  297 16424.6700 16295.1503  0.79%   187 2404s
 44137  8165     cutoff   37      16424.6700 16296.1090  0.78%   187 2419s
 44572  8253 16357.4976   38  284 16424.6700 16296.5606  0.78%   187 2432s
 44978  8361 16386.0339   45  322 16424.6700 16297.8773  0.77%   186 2447s
 45468  8465 16391.4696   45  147 16424.6700 16298.5019  0.77%   185 2461s
 45981  8540     cutoff   49      16424.6700 16299.7207  0.76%   185 2475s
*46455  8467              62    16419.690000 16300.8560  0.72%   184 2476s
 46493  8492 16404.6301   43  298 16419.6900 16300.8975  0.72%   184 2490s
 46843  8556 16326.3295   50  165 16419.6900 16301.5612  0.72%   183 2505s
*47001  8529              52    16417.670000 16301.5612  0.71%   183 2505s
 47262  8547     cutoff   46      16417.6700 16302.4334  0.70%   183 2519s
H47405  7076                    16385.620000 16302.4334  0.51%   183 2520s
 47561  7049     cutoff   67      16385.6200 16303.1492  0.50%   183 2534s
 47833  7027     cutoff   46      16385.6200 16304.2134  0.50%   182 2549s
 48294  7001 16352.4717   40  402 16385.6200 16305.8907  0.49%   182 2559s
 48588  6959 16339.3423   44  289 16385.6200 16306.6565  0.48%   182 2568s
 48884  6938     cutoff   39      16385.6200 16307.6318  0.48%   181 2578s
 49149  6901 16376.7253   40  358 16385.6200 16308.4068  0.47%   181 2588s
 49484  6863 16367.6160   37  273 16385.6200 16309.9674  0.46%   181 2597s
 49773  6784     cutoff   47      16385.6200 16310.9683  0.46%   180 2607s
 50023  6772     cutoff   44      16385.6200 16311.8418  0.45%   180 2617s
 50399  6729 16366.5329   37  215 16385.6200 16313.0664  0.44%   180 2626s
 50704  6706     cutoff   47      16385.6200 16314.3219  0.44%   179 2637s
 50992  6656     cutoff   47      16385.6200 16315.3271  0.43%   179 2647s
 51314  6602 16375.0820   39  203 16385.6200 16316.7432  0.42%   179 2657s
 51623  6551 16373.6567   50  134 16385.6200 16317.7625  0.41%   179 2667s
 51960  6502     cutoff   33      16385.6200 16318.7540  0.41%   178 2676s
 52260  6398 16339.6863   44  307 16385.6200 16319.8268  0.40%   178 2686s
*52541  6184              58    16383.060000 16321.1874  0.38%   178 2686s
 52591  6157     cutoff   54      16383.0600 16321.2349  0.38%   178 2697s
 52739  6034 16355.1690   50  157 16383.0600 16321.6908  0.37%   177 2705s
 52999  5996 16328.3388   42  346 16383.0600 16323.3815  0.36%   177 2716s
 53396  5863     cutoff   42      16383.0600 16324.2000  0.36%   177 2726s
 53787  5764     cutoff   40      16383.0600 16325.6287  0.35%   176 2738s
 54219  5679 16360.5259   44  304 16383.0600 16326.8544  0.34%   176 2748s
 54610  5563     cutoff   51      16383.0600 16328.1843  0.33%   175 2759s
 55028  5402     cutoff   39      16383.0600 16329.3378  0.33%   175 2770s
 55468  5262     cutoff   52      16383.0600 16330.8463  0.32%   174 2781s
 55935  5127 16343.2970   54   33 16383.0600 16332.3799  0.31%   173 2792s
 56359  4977     cutoff   48      16383.0600 16333.4942  0.30%   173 2801s
 56797  4851 16353.9676   46   47 16383.0600 16335.4576  0.29%   172 2811s
 57221  4646     cutoff   49      16383.0600 16337.1881  0.28%   172 2822s
 57683  4438     cutoff   37      16383.0600 16339.0427  0.27%   171 2833s
 58205  4203     cutoff   44      16383.0600 16341.0202  0.26%   170 2845s
 58733  3947 16374.1364   51   45 16383.0600 16343.0083  0.24%   169 2856s
 59289  3703     cutoff   50      16383.0600 16345.2601  0.23%   169 2867s
 59810  3416 16355.8330   37  247 16383.0600 16347.3781  0.22%   168 2877s
 60380  3145 16378.7565   44  248 16383.0600 16350.0486  0.20%   167 2888s
 61039  2787     cutoff   41      16383.0600 16352.2327  0.19%   166 2897s
 61619  2408     cutoff   52      16383.0600 16355.7638  0.17%   165 2907s
 62240  1968     cutoff   53      16383.0600 16358.7891  0.15%   164 2916s
 62880  1572     cutoff   50      16383.0600 16362.7882  0.12%   163 2928s
 63480  1073     cutoff   45      16383.0600 16365.3479  0.11%   162 2936s
 64085   526     cutoff   39      16383.0600 16370.2819  0.08%   161 2942s
 64708     0     cutoff   59      16383.0600 16377.2476  0.04%   159 2946s

Cutting planes:
  User: 2875
  Gomory: 35
  Cover: 317
  Implied bound: 183
  Clique: 31
  MIR: 171
  StrongCG: 1
  Flow cover: 445
  GUB cover: 1
  Zero half: 25
  Network: 8
  RLT: 250
  Relax-and-lift: 8
  Lazy constraints: 278

Explored 65255 nodes (10330805 simplex iterations) in 2946.19 seconds
Thread count was 2 (of 32 available processors)

Solution count 10: 16383.1 16385.6 16417.7 ... 17113.8

Optimal solution found (tolerance 1.00e-04)
Best objective 1.638306000000e+04, best bound 1.638306000000e+04, gap 0.0000%

User-callback calls 273267, time in user-callback 235.15 sec
================================================================================
executing instance: ./input/Instances/Original/6/absH6high_1n20.dat
--------------------------------------------------------------------------------
Instance details
n	21
H	6
C	1651
Li:
[0, 0, 0, 0, 0, 0, 0, 0, 0, 0, 0, 0, 0, 0, 0, 0, 0, 0, 0, 0, 0, ]
Ui:
[0, 36, 182, 182, 90, 261, 117, 30, 110, 42, 276, 153, 40, 94, 144, 46, 129, 213, 264, 160, 174, ]
Distance matrix:
|0	371	401	343	361	341	370	115	392	400	79	266	292	245	355	431	265	194	95	92	348	|
|371	0	37	141	110	250	117	438	67	131	372	305	115	238	247	255	235	296	392	430	185	|
|401	37	0	175	100	284	146	472	90	156	406	342	152	275	280	282	242	333	415	455	178	|
|343	141	175	0	239	110	38	374	95	60	314	182	67	130	106	127	318	201	397	423	303	|
|361	110	100	239	0	341	222	451	177	240	385	374	190	304	341	361	151	345	354	398	78	|
|341	250	284	110	341	0	143	337	203	151	289	102	152	97	15	95	394	156	415	431	398	|
|370	117	146	38	222	143	0	407	61	30	346	220	81	167	137	139	317	237	417	447	292	|
|115	438	472	374	451	337	407	0	443	434	66	241	339	251	351	431	374	181	201	177	450	|
|392	67	90	95	177	203	61	443	0	66	379	275	104	216	197	193	294	283	427	461	252	|
|400	131	156	60	240	151	30	434	66	0	374	237	112	189	142	127	344	261	448	477	312	|
|79	372	406	314	385	289	346	66	379	374	0	202	275	197	304	383	316	134	175	166	388	|
|266	305	342	182	374	102	220	241	275	237	202	0	191	70	117	196	386	73	352	359	415	|
|292	115	152	67	190	152	81	339	104	112	275	191	0	123	154	193	252	183	336	366	246	|
|245	238	275	130	304	97	167	251	216	189	197	70	123	0	110	187	322	72	319	334	346	|
|355	247	280	106	341	15	137	351	197	142	304	117	154	110	0	80	399	171	427	444	400	|
|431	255	282	127	361	95	139	431	193	127	383	196	193	187	80	0	444	251	499	519	429	|
|265	235	242	318	151	394	317	374	294	344	316	386	252	322	399	444	0	332	226	273	97	|
|194	296	333	201	345	156	237	181	283	261	134	73	183	72	171	251	332	0	279	286	375	|
|95	392	415	397	354	415	417	201	427	448	175	352	336	319	427	499	226	279	0	47	321	|
|92	430	455	423	398	431	447	177	461	477	166	359	366	334	444	519	273	286	47	0	368	|
|348	185	178	303	78	398	292	450	252	312	388	415	246	346	400	429	97	375	321	368	0	|

--------------------------------------------------------------------------------
Building model...
	using lazy and cut (CVRPSEP package)
Solving IRP LP...
--------------------------------------------------------------------------------

Gurobi 9.1.0 (linux64) logging started Tue Feb 16 03:12:57 2021

Gurobi Optimizer version 9.1.0 build v9.1.0rc0 (linux64)
Thread count: 32 physical cores, 32 logical processors, using up to 2 threads
Optimize a model with 1143 rows, 3159 columns and 9495 nonzeros
Model fingerprint: 0xeb25ee0b
Variable types: 387 continuous, 2772 integer (252 binary)
Coefficient statistics:
  Matrix range     [1e+00, 8e+02]
  Objective range  [1e-01, 5e+02]
  Bounds range     [1e+00, 3e+02]
  RHS range        [1e+00, 3e+03]
Presolve removed 251 rows and 214 columns
Presolve time: 0.08s
Presolved: 892 rows, 2945 columns, 8623 nonzeros
Variable types: 299 continuous, 2646 integer (2412 binary)

Root relaxation: objective 1.255309e+04, 972 iterations, 0.02 seconds

    Nodes    |    Current Node    |     Objective Bounds      |     Work
 Expl Unexpl |  Obj  Depth IntInf | Incumbent    BestBd   Gap | It/Node Time

     0     0 12553.0875    0  154          - 12553.0875      -     -    0s
     0     0 12786.3199    0  179          - 12786.3199      -     -    0s
     0     0 12791.3592    0  168          - 12791.3592      -     -    0s
     0     0 12808.9350    0  186          - 12808.9350      -     -    0s
     0     0 12839.0100    0  192          - 12839.0100      -     -    0s
     0     0 12840.0122    0  191          - 12840.0122      -     -    0s
     0     0 12840.0930    0  186          - 12840.0930      -     -    0s
     0     0 13187.9518    0  162          - 13187.9518      -     -    0s
     0     0 13393.7909    0  164          - 13393.7909      -     -    0s
     0     0 13428.6599    0  269          - 13428.6599      -     -    0s
     0     0 13443.1682    0  254          - 13443.1682      -     -    0s
     0     0 13455.9310    0  293          - 13455.9310      -     -    0s
     0     0 13460.4161    0  294          - 13460.4161      -     -    0s
     0     0 13460.8751    0  295          - 13460.8751      -     -    0s
     0     0 13654.1519    0  304          - 13654.1519      -     -    1s
     0     0 13731.1131    0  287          - 13731.1131      -     -    1s
     0     0 13747.8347    0  337          - 13747.8347      -     -    1s
     0     0 13751.2254    0  340          - 13751.2254      -     -    1s
     0     0 13753.5185    0  325          - 13753.5185      -     -    1s
     0     0 13764.2016    0  309          - 13764.2016      -     -    1s
     0     0 13773.7581    0  312          - 13773.7581      -     -    1s
     0     0 13780.5407    0  327          - 13780.5407      -     -    1s
     0     0 13781.0295    0  327          - 13781.0295      -     -    1s
     0     0 13828.2962    0  337          - 13828.2962      -     -    1s
     0     0 13846.2567    0  337          - 13846.2567      -     -    1s
     0     0 13854.0309    0  347          - 13854.0309      -     -    1s
     0     0 13856.4209    0  377          - 13856.4209      -     -    1s
     0     0 13857.4927    0  367          - 13857.4927      -     -    1s
     0     0 13870.5310    0  364          - 13870.5310      -     -    2s
     0     0 13876.0504    0  396          - 13876.0504      -     -    2s
     0     0 13878.0321    0  402          - 13878.0321      -     -    2s
     0     0 13885.3744    0  348          - 13885.3744      -     -    2s
     0     0 13885.3744    0  348          - 13885.3744      -     -    2s
     0     2 13885.8191    0  344          - 13885.8191      -     -    2s
    41    45 14359.6788   11  327          - 13911.5147      -   448    5s
   352   386 17483.0509  127  136          - 13911.5147      -   172   10s
   663   665 14679.3980   39  194          - 13911.5545      -   132   15s
   755   719 14881.5193   36  468          - 14180.3046      -   125   20s
H  759   685                    19459.360000 14181.4664  27.1%   124   21s
H  759   650                    18521.920000 14181.4664  23.4%   124   21s
H  766   623                    18490.920000 14181.5212  23.3%   135   22s
   784   635 17363.0971  120  500 18490.9200 14187.1587  23.3%   132   25s
H  794   608                    18416.920000 14195.6799  22.9%   130   27s
H  799   583                    18387.200000 14195.8192  22.8%   139   29s
   802   586 14208.4060   29  395 18387.2000 14196.4405  22.8%   140   30s
   887   646 14485.8284   51  340 18387.2000 14222.4556  22.7%   161   35s
   995   718 14805.6320   79  293 18387.2000 14222.4556  22.7%   171   40s
  1099   794 15366.4698  104  326 18387.2000 14222.4556  22.7%   172   45s
  1237   902 15791.0408  135  235 18387.2000 14222.4556  22.7%   169   50s
  1388  1024 15975.2747  156  206 18387.2000 14222.4556  22.7%   163   57s
  1488  1052 16580.8319  177  108 18387.2000 14222.4556  22.7%   160   61s
  1642  1119     cutoff  246      18387.2000 14227.0651  22.6%   155   65s
  1703  1158 14403.5545   38  396 18387.2000 14227.0651  22.6%   163   70s
  1781  1219 14691.8235   41  343 18387.2000 14227.0651  22.6%   172   76s
  1901  1346 14649.3640   48  364 18387.2000 14227.0651  22.6%   169   81s
  1973  1328 14671.6398   50  365 18387.2000 14227.0651  22.6%   165   87s
  1983  1329 18256.6506  174   12 18387.2000 14227.0651  22.6%   165   90s
  2041  1372 14819.7346   63  353 18387.2000 14227.0651  22.6%   172   96s
  2087  1395 15103.3245   73  337 18387.2000 14227.0651  22.6%   176  101s
  2128  1436 15288.7163   82  315 18387.2000 14227.0651  22.6%   180  105s
  2197  1505 15579.3141   96  264 18387.2000 14227.0651  22.6%   184  110s
  2274  1588 16395.1886  109  213 18387.2000 14227.0651  22.6%   184  115s
  2620  1800 14361.2239   32  367 18387.2000 14257.3819  22.5%   169  122s
  2711  1837 14544.6053   40  382 18387.2000 14257.3819  22.5%   170  126s
  2801  1941 14722.5724   46  389 18387.2000 14257.3819  22.5%   171  131s
  2892  1991 14980.3766   56  309 18387.2000 14257.3819  22.5%   171  136s
