




arguments: ./build/bc_mirp -f ./input/orig_exec_50.cfg
Current dir: /scratch/gui/bc_mirp
File verbosity level: 9
date       time         ( uptime  ) [ thread name/id ]                   file:line     v| 
2021-02-06 19:24:31.817 (   0.084s) [main thread     ]             loguru.cpp:789   INFO| Logging to './output/vi_vc+hc1_full/OU/V2/Original/execution_06_02_2021_19_24_31.log', mode: 'a', verbosity: 9
--------------------------------------------------------------------------------
Parameters
                           instance_path           ./input/Instances/Original/2/
                            model_policy                                       1
                             nb_vehicles                                       2
                              output_dir ./output/vi_vc+hc1_full/OU/V2/Original/
                            sec_strategy                                       1
                       solver_nb_threads                                       2
                         solver_show_log                                    true
                       solver_time_limit                                    3600
                              use_vi_cos                                   false
                              use_vi_cus                                   false
                         use_vi_hc1_full                                    true
                         use_vi_hc1_half                                   false
                      use_vi_hc1_quarter                                   false
                              use_vi_hc2                                   false
                              use_vi_hc3                                   false
                         use_vi_lex_full                                   false
                         use_vi_lex_half                                   false
                      use_vi_lex_quarter                                   false
                              use_vi_qua                                   false
                               use_vi_vc                                    true
                               use_vi_vr                                   false
--------------------------------------------------------------------------------
executing instance: ./input/Instances/Original/2/absH3high_3n40.dat
--------------------------------------------------------------------------------
Instance details
n	41
H	3
C	3283
Li:
[0, 0, 0, 0, 0, 0, 0, 0, 0, 0, 0, 0, 0, 0, 0, 0, 0, 0, 0, 0, 0, 0, 0, 0, 0, 0, 0, 0, 0, 0, 0, 0, 0, 0, 0, 0, 0, 0, 0, 0, 0, ]
Ui:
[0, 63, 111, 99, 96, 111, 282, 122, 156, 261, 42, 192, 126, 42, 162, 207, 159, 122, 102, 190, 118, 102, 132, 102, 165, 252, 66, 52, 22, 114, 210, 176, 116, 294, 78, 152, 210, 45, 130, 198, 174, ]
Distance matrix:
|0	208	225	252	227	143	258	127	267	150	28	83	163	286	57	149	201	137	214	255	70	73	107	186	328	266	249	343	222	177	293	144	262	215	167	120	169	218	143	173	255	|
|208	0	397	355	416	198	216	99	211	275	193	172	97	166	240	225	362	109	277	314	182	216	273	374	298	208	319	161	14	103	93	120	58	196	152	156	372	227	260	218	453	|
|225	397	0	427	53	364	482	343	492	129	253	225	382	386	171	188	39	291	187	195	295	182	282	55	326	491	180	551	408	315	457	366	455	275	392	244	221	439	341	214	101	|
|252	355	427	0	401	158	201	263	219	396	234	328	259	498	299	400	420	354	465	506	205	324	152	374	574	219	499	393	366	389	446	235	378	456	205	359	224	150	111	423	400	|
|227	416	53	401	0	357	477	352	489	165	253	245	389	424	179	223	85	315	234	245	293	200	264	42	375	488	231	565	428	344	484	370	474	314	392	270	184	430	325	252	50	|
|143	198	364	158	357	0	121	105	134	290	116	196	103	342	200	276	343	205	343	385	74	210	112	319	432	133	382	265	209	237	290	78	226	313	57	220	232	75	69	292	375	|
|258	216	482	201	477	121	0	168	18	397	230	293	135	381	314	372	459	275	437	480	188	317	228	439	501	18	479	197	222	296	290	132	212	386	95	306	347	58	173	381	496	|
|127	99	343	263	352	105	168	0	171	239	105	130	40	237	173	206	313	109	270	312	84	164	175	310	337	169	313	216	112	135	192	37	142	220	77	138	280	155	162	213	382	|
|267	211	492	219	489	134	18	171	0	404	240	298	136	376	323	376	468	276	441	483	198	324	243	450	500	2	483	181	215	294	281	136	202	386	102	309	363	75	189	384	509	|
|150	275	129	396	165	290	397	239	404	0	175	110	279	259	97	59	91	166	84	116	217	80	245	130	226	402	106	434	286	187	329	269	333	149	302	119	244	364	291	87	213	|
|28	193	253	234	253	116	230	105	240	175	0	94	139	286	84	167	229	136	234	275	43	96	98	212	341	238	271	320	206	175	281	118	244	225	140	128	180	191	124	189	280	|
|83	172	225	328	245	196	293	130	298	110	94	0	169	209	77	80	191	71	147	189	127	45	189	203	247	296	187	327	184	106	241	162	230	132	198	38	242	266	217	96	285	|
|163	97	382	259	389	103	135	40	136	279	139	169	0	253	212	244	353	141	307	349	110	203	194	347	366	133	350	183	107	161	187	27	124	251	56	175	306	133	169	249	418	|
|286	166	386	498	424	342	381	237	376	259	286	209	253	0	284	201	347	151	210	230	299	247	383	387	155	374	242	290	162	112	129	270	192	113	308	172	451	386	391	172	471	|
|57	240	171	299	179	200	314	173	323	97	84	77	212	284	0	112	145	147	170	208	127	38	148	137	299	321	201	386	253	183	315	195	297	195	222	112	171	275	195	142	214	|
|149	225	188	400	223	276	372	206	376	59	167	80	244	201	112	0	149	117	67	110	205	78	254	186	187	374	108	387	235	132	272	240	283	93	277	71	279	346	291	32	270	|
|201	362	39	420	85	343	459	313	468	91	229	191	353	347	145	149	0	254	149	160	272	150	271	66	290	466	146	518	373	278	419	339	420	235	367	207	227	418	327	175	135	|
|137	109	291	354	315	205	275	109	276	166	136	71	141	151	147	117	254	0	172	212	151	116	232	273	229	274	215	270	119	39	170	145	167	111	186	47	305	263	245	113	356	|
|214	277	187	465	234	343	437	270	441	84	234	147	307	210	170	67	149	172	0	42	272	141	317	205	144	439	43	437	284	175	307	305	331	99	343	132	327	413	357	60	283	|
|255	314	195	506	245	385	480	312	483	116	275	189	349	230	208	110	160	212	42	0	314	182	356	222	132	481	15	474	321	212	337	347	367	126	385	174	358	455	398	100	295	|
|70	182	295	205	293	74	188	84	198	217	43	127	110	299	127	205	272	151	272	314	0	137	91	253	370	196	310	292	195	188	274	85	226	252	99	155	197	148	94	223	316	|
|73	216	182	324	200	210	317	164	324	80	96	45	203	247	38	78	150	116	141	182	137	0	176	158	263	323	176	369	229	150	286	191	274	157	223	77	208	284	216	106	239	|
|107	273	282	152	264	112	228	175	243	245	98	189	194	383	148	254	271	232	317	356	91	176	0	231	435	242	349	371	286	271	365	167	315	321	164	224	120	174	61	280	274	|
|186	374	55	374	42	319	439	310	450	130	212	203	347	387	137	186	66	273	205	222	253	158	231	0	348	448	208	523	386	303	442	329	431	279	352	229	167	392	291	217	85	|
|328	298	326	574	375	432	501	337	500	226	341	247	366	155	299	187	290	229	144	132	370	263	435	348	0	498	147	441	299	206	283	374	338	119	414	215	465	492	463	157	425	|
|266	208	491	219	488	133	18	169	2	402	238	296	133	374	321	374	466	274	439	481	196	323	242	448	498	0	481	180	213	292	278	134	200	384	100	307	362	75	188	381	508	|
|249	319	180	499	231	382	479	313	483	106	271	187	350	242	201	108	146	215	43	15	310	176	349	208	147	481	0	480	326	217	346	347	373	135	385	175	347	454	392	103	280	|
|343	161	551	393	565	265	197	216	181	434	320	327	183	290	386	387	518	270	437	474	292	369	371	523	441	180	480	0	153	263	163	207	107	352	208	317	487	244	334	379	598	|
|222	14	408	366	428	209	222	112	215	286	206	184	107	162	253	235	373	119	284	321	195	229	286	386	299	213	326	153	0	109	81	132	48	201	162	167	386	236	272	226	466	|
|177	103	315	389	344	237	296	135	294	187	175	106	161	112	183	132	278	39	175	212	188	150	271	303	206	292	217	263	109	0	142	171	156	95	211	74	344	289	281	118	386	|
|293	93	457	446	484	290	290	192	281	329	281	241	187	129	315	272	419	170	307	337	274	286	365	442	283	278	346	163	81	142	0	212	79	211	241	214	461	311	353	254	525	|
|144	120	366	235	370	78	132	37	136	269	118	162	27	270	195	240	339	145	305	347	85	191	167	329	374	134	347	207	132	171	212	0	151	257	40	174	280	119	142	248	398	|
|262	58	455	378	474	226	212	142	202	333	244	230	124	192	297	283	420	167	331	367	226	274	315	431	338	200	373	107	48	156	79	151	0	245	173	214	421	237	293	273	510	|
|215	196	275	456	314	313	386	220	386	149	225	132	251	113	195	93	235	111	99	126	252	157	321	279	119	384	135	352	201	95	211	257	245	0	297	97	365	374	345	62	362	|
|167	152	392	205	392	57	95	77	102	302	140	198	56	308	222	277	367	186	343	385	99	223	164	352	414	100	385	208	162	211	241	40	173	297	0	213	283	79	126	287	415	|
|120	156	244	359	270	220	306	138	309	119	128	38	175	172	112	71	207	47	132	174	155	77	224	229	215	307	175	317	167	74	214	174	214	97	213	0	280	286	248	75	313	|
|169	372	221	224	184	232	347	280	363	244	180	242	306	451	171	279	227	305	327	358	197	208	120	167	465	362	347	487	386	344	461	280	421	365	283	280	0	291	175	310	176	|
|218	227	439	150	430	75	58	155	75	364	191	266	133	386	275	346	418	263	413	455	148	284	174	392	492	75	454	244	236	289	311	119	237	374	79	286	291	0	116	359	445	|
|143	260	341	111	325	69	173	162	189	291	124	217	169	391	195	291	327	245	357	398	94	216	61	291	463	188	392	334	272	281	353	142	293	345	126	248	175	116	0	313	335	|
|173	218	214	423	252	292	381	213	384	87	189	96	249	172	142	32	175	113	60	100	223	106	280	217	157	381	103	379	226	118	254	248	273	62	287	75	310	359	313	0	300	|
|255	453	101	400	50	375	496	382	509	213	280	285	418	471	214	270	135	356	283	295	316	239	274	85	425	508	280	598	466	386	525	398	510	362	415	313	176	445	335	300	0	|

--------------------------------------------------------------------------------
Building model...
	using lazy and cut (CVRPSEP package)
Solving IRP LP...
--------------------------------------------------------------------------------

Gurobi 9.1.0 (linux64) logging started Sat Feb  6 19:24:31 2021

Gurobi Optimizer version 9.1.0 build v9.1.0rc0 (linux64)
Thread count: 32 physical cores, 32 logical processors, using up to 2 threads
Optimize a model with 1142 rows, 5570 columns and 15488 nonzeros
Model fingerprint: 0xe6a2120d
Variable types: 404 continuous, 5166 integer (246 binary)
Coefficient statistics:
  Matrix range     [1e+00, 2e+03]
  Objective range  [1e-01, 6e+02]
  Bounds range     [1e+00, 3e+02]
  RHS range        [1e+00, 6e+03]
Presolve removed 331 rows and 283 columns
Presolve time: 0.12s
Presolved: 811 rows, 5287 columns, 13927 nonzeros
Variable types: 239 continuous, 5048 integer (4806 binary)

Root relaxation: objective 1.221742e+04, 640 iterations, 0.02 seconds

    Nodes    |    Current Node    |     Objective Bounds      |     Work
 Expl Unexpl |  Obj  Depth IntInf | Incumbent    BestBd   Gap | It/Node Time

     0     0 12217.4220    0  105          - 12217.4220      -     -    0s
     0     0 12711.1236    0  102          - 12711.1236      -     -    0s
     0     0 13450.7783    0  154          - 13450.7783      -     -    0s
     0     0 13455.6492    0  201          - 13455.6492      -     -    0s
     0     0 13459.9875    0  188          - 13459.9875      -     -    0s
     0     0 13460.2812    0  189          - 13460.2812      -     -    0s
     0     0 13584.9119    0  266          - 13584.9119      -     -    0s
     0     0 13619.4807    0  250          - 13619.4807      -     -    1s
     0     0 13627.3666    0  251          - 13627.3666      -     -    1s
     0     0 13637.8547    0  263          - 13637.8547      -     -    1s
     0     0 13652.1630    0  235          - 13652.1630      -     -    1s
     0     0 13666.3035    0  212          - 13666.3035      -     -    1s
     0     0 13666.4481    0  219          - 13666.4481      -     -    1s
     0     0 13731.1504    0  275          - 13731.1504      -     -    1s
     0     0 13748.1745    0  291          - 13748.1745      -     -    1s
     0     0 13755.7798    0  309          - 13755.7798      -     -    1s
     0     0 13758.3106    0  318          - 13758.3106      -     -    1s
     0     0 13759.4565    0  323          - 13759.4565      -     -    1s
     0     0 13765.6905    0  336          - 13765.6905      -     -    2s
     0     0 13766.1284    0  344          - 13766.1284      -     -    2s
     0     0 13768.7557    0  309          - 13768.7557      -     -    2s
     0     0 13768.7557    0  309          - 13768.7557      -     -    2s
     0     2 13768.7557    0  306          - 13768.7557      -     -    2s
    98   104 14215.6569   32  148          - 13785.6171      -   133    5s
*  564   544             193    16451.700000 13788.7134  16.2%  54.8    9s
   569   549 14117.1100    7  228 16451.7000 13788.7134  16.2%  57.2   10s
   679   665 14225.4063   27   78 16451.7000 13788.7134  16.2%  76.3   15s
   727   704 14477.6419   40  309 16451.7000 13788.7134  16.2%  79.8   20s
   746   717 15738.2500  163  420 16451.7000 13873.7183  15.7%  77.8   25s
H  759   690                    16009.220000 13879.5610  13.3%  83.0   29s
   761   691 14104.4813   12  285 16009.2200 13879.5610  13.3%  82.7   31s
H  771   663                    16008.060000 13879.5610  13.3%  81.7   33s
   773   664 13938.3070   11  436 16008.0600 13879.5610  13.3%  81.5   35s
   786   678 13925.6678   31  284 16008.0600 13892.4283  13.2%  88.2   40s
   854   723 14087.2512   45  210 16008.0600 13892.4283  13.2%  98.4   45s
H  922   734                    15990.060000 13892.4283  13.1%   103   49s
   937   756 14359.0478   75  133 15990.0600 13892.4283  13.1%   104   50s
H 1145   845                    15693.030000 13892.4283  11.5%  98.7   54s
  1190   871 15656.3900  178    - 15693.0300 13900.6140  11.4%  96.2   55s
  1314   930 14188.0140   41  272 15693.0300 13908.0044  11.4%  98.9   60s
  1436  1020 14403.7463   61   96 15693.0300 13908.0044  11.4%   104   65s
H 1636  1133                    15557.230000 13908.0044  10.6%   101   70s
* 1851  1129             292    15557.020000 13908.0044  10.6%  95.3   73s
  1956  1123     cutoff  331      15557.0200 13908.0044  10.6%  91.5   75s
  1982  1152 15058.5841  152   66 15557.0200 13908.0044  10.6%  92.2   81s
  2097  1216 14208.0165   41  211 15557.0200 13908.0044  10.6%  90.6   85s
  2108  1261 15355.5179  197   57 15557.0200 13908.0044  10.6%  91.1   90s
  2269  1335 14377.3082   45  183 15557.0200 13935.2833  10.4%  90.9   95s
  2434  1493 14362.5420   58  213 15557.0200 13935.2833  10.4%  89.5  100s
* 2472  1352             149    15352.100000 13935.2833  9.23%  89.3  100s
  2573  1383 14592.9688   77  154 15352.1000 13935.2833  9.23%  89.3  105s
* 2671  1368             111    15267.720000 13935.2833  8.73%  89.1  107s
  2732  1539 15041.3439  106   22 15267.7200 13935.2833  8.73%  89.2  110s
  2916  1632 14969.4885  163   59 15267.7200 13940.6561  8.69%  85.9  115s
* 3008   995              58    14800.280000 13940.6561  5.81%  85.3  117s
* 3010   863              57    14685.120000 13940.6561  5.07%  85.3  117s
  3117   944     cutoff   93      14685.1200 13962.1996  4.92%  84.7  121s
  3328  1113 14447.9712  159   22 14685.1200 13974.6851  4.84%  82.5  126s
* 3363   864              71    14563.840000 13975.6415  4.04%  82.5  126s
* 3368   832              74    14543.840000 13975.6415  3.91%  82.5  126s
  3398   850 14522.6542   41  207 14543.8400 13975.9677  3.90%  84.0  130s
  3458   901 14258.9186   46  321 14543.8400 13975.9677  3.90%  85.7  135s
  3531   950 14224.0433   38  180 14543.8400 13984.6136  3.85%  86.9  140s
  3614  1000 14317.4060   41  279 14543.8400 13984.6136  3.85%  88.2  145s
  3667  1049 14381.9467   56  123 14543.8400 13984.6136  3.85%  90.3  151s
  3786  1098 14137.6238   35  260 14543.8400 13989.9148  3.81%  91.2  156s
  3877  1269 14479.1810   64   34 14543.8400 13991.2393  3.80%  93.2  163s
  4031  1282 14429.7967   50  182 14543.8400 13992.6830  3.79%  91.6  167s
H 4047  1035                    14470.780000 13992.6830  3.30%  91.7  167s
  4055  1065 14140.3307   32  185 14470.7800 14003.3719  3.23%  92.4  170s
  4137  1128 14344.0205   53   51 14470.7800 14011.0739  3.18%  94.4  177s
  4206  1151 14155.9993   36  275 14470.7800 14013.7538  3.16%  95.1  182s
  4245  1192 14207.2921   36  179 14470.7800 14017.2440  3.13%  96.5  186s
  4312  1209 14254.8502   36  327 14470.7800 14017.3412  3.13%  97.4  190s
  4392  1270 14303.3809   36  123 14470.7800 14019.2335  3.12%  99.4  198s
  4441  1299 14365.8447   53   49 14470.7800 14020.8234  3.11%   101  202s
  4528  1359     cutoff   53      14470.7800 14022.7725  3.10%   100  206s
  4627  1450     cutoff   54      14470.7800 14023.1917  3.09%   100  211s
  4725  1515     cutoff   59      14470.7800 14023.4241  3.09%   100  215s
  4830  1577 14351.5280   46  139 14470.7800 14026.0122  3.07%   101  220s
  4925  1662 14142.7226   32  287 14470.7800 14036.4519  3.00%   101  225s
  5017  1728 14363.4923   42  178 14470.7800 14037.5489  2.99%   101  230s
  5133  1791 14210.5199   41  208 14470.7800 14040.2220  2.98%   102  236s
  5230  1835     cutoff   57      14470.7800 14046.3379  2.93%   102  242s
  5321  1886 14174.7638   40  205 14470.7800 14052.5403  2.89%   103  247s
  5402  1974     cutoff   52      14470.7800 14053.1107  2.89%   104  253s
  5532  2009 14391.0377   47  157 14470.7800 14056.2892  2.86%   104  260s
  5613  2048 14303.1789   40  246 14470.7800 14059.6401  2.84%   105  266s
  5704  2116 14434.0208   48  159 14470.7800 14062.1359  2.82%   105  273s
  5809  2209 14265.9357   46  175 14470.7800 14066.5312  2.79%   106  279s
  5933  2247 14432.5703   68   92 14470.7800 14069.4830  2.77%   106  286s
  6033  2373 14261.4909   44  263 14470.7800 14074.0583  2.74%   107  294s
  6148  2373 14360.4404  119    3 14470.7800 14080.4789  2.70%   107  295s
  6178  2469     cutoff   54      14470.7800 14081.1377  2.69%   107  301s
  6323  2562 14336.6335   45  269 14470.7800 14082.3961  2.68%   107  308s
  6464  2621 14442.0413   39  134 14470.7800 14083.0838  2.68%   107  315s
  6610  2695 14111.0348   40  263 14470.7800 14086.7042  2.65%   108  322s
  6741  2776 14216.1952   49  204 14470.7800 14088.0227  2.65%   108  329s
  6869  2803 14427.2925   39  279 14470.7800 14089.4833  2.63%   109  338s
  6918  2882 14395.5807   48   67 14470.7800 14089.7942  2.63%   110  345s
  7056  2950 14351.3549   42  106 14470.7800 14091.6710  2.62%   110  353s
  7161  2992 14435.0174   48  119 14470.7800 14093.9425  2.60%   110  360s
  7271  3118 14453.1410   62  138 14470.7800 14094.3718  2.60%   110  369s
  7362  3118 14331.4164   60  116 14470.7800 14094.3718  2.60%   110  370s
  7476  3198 14353.1422   42  203 14470.7800 14096.9215  2.58%   110  378s
  7658  3233     cutoff   67      14470.7800 14102.2424  2.55%   111  389s
  7728  3323 14297.7161   42  165 14470.7800 14104.9727  2.53%   112  398s
  7920  3418 14310.9945   82   44 14470.7800 14106.5575  2.52%   112  408s
  8098  3486     cutoff   51      14470.7800 14108.5937  2.50%   112  417s
  8248  3604 14223.1002   47  258 14470.7800 14109.7168  2.50%   113  426s
  8441  3684 14409.2971   52  192 14470.7800 14112.1213  2.48%   113  436s
  8557  3755 14432.1054   44  201 14470.7800 14113.3434  2.47%   114  446s
  8586  3758 14173.5088   41  210 14470.7800 14113.3434  2.47%   114  546s
  8731  3790     cutoff   56      14470.7800 14115.4391  2.46%   115  556s
H 8820  3740                    14458.980000 14117.7163  2.36%   115  557s
  8823  3836 14290.2708   48  137 14458.9800 14118.0423  2.36%   115  567s
  8956  3930 14389.0195   48  190 14458.9800 14118.3987  2.36%   115  577s
  9102  4020 14261.1301   46   69 14458.9800 14119.8538  2.35%   116  586s
  9287  4150     cutoff   57      14458.9800 14123.0965  2.32%   116  596s
  9494  4224     cutoff   58      14458.9800 14125.2417  2.31%   116  606s
  9639  4295 14407.8782   54   86 14458.9800 14126.2146  2.30%   117  616s
  9841  4404 14441.7090   45  114 14458.9800 14128.0192  2.29%   117  626s
 10028  4482 14448.8963   41  235 14458.9800 14129.8529  2.28%   117  637s
 10177  4619 14311.0476   40  155 14458.9800 14131.2047  2.27%   117  646s
 10399  4850 14201.4382   45  151 14458.9800 14134.2642  2.25%   117  667s
 10700  4973 14237.4138   39  197 14458.9800 14136.2246  2.23%   116  679s
 10887  5113 14200.9492   40  204 14458.9800 14137.2223  2.23%   116  688s
 11092  5222 14252.2853   39  241 14458.9800 14138.4683  2.22%   116  698s
 11298  5349 14359.0987   50  229 14458.9800 14139.2222  2.21%   116  709s
H11521  4566                    14408.390000 14139.6792  1.86%   116  719s
 11671  4566 14320.7616   48  209 14408.3900 14141.1155  1.85%   116  720s
 11734  4630 14324.6106   38  262 14408.3900 14141.3307  1.85%   116  729s
 11816  4632 14322.4398   41  162 14408.3900 14142.3849  1.85%   116  730s
 11895  4708     cutoff   63      14408.3900 14142.4457  1.85%   116  739s
H11964  4472                    14398.390000 14142.4457  1.78%   116  739s
 11995  4472 14311.3573   62  146 14398.3900 14143.4718  1.77%   116  740s
 12053  4542 14376.9061   50  211 14398.3900 14143.6457  1.77%   116  749s
 12213  4542 14380.0012   57   59 14398.3900 14144.3407  1.76%   117  750s
 12225  4621 14338.6913   39  229 14398.3900 14144.3582  1.76%   117  759s
 12400  4723     cutoff   44      14398.3900 14146.4603  1.75%   117  769s
 12601  4822     cutoff   45      14398.3900 14147.6230  1.74%   117  779s
 12679  4822 14354.0855   56   62 14398.3900 14147.6230  1.74%   117  780s
 12783  4935 14361.9029   58   33 14398.3900 14148.9290  1.73%   117  791s
 12985  4971 14204.9741   35  350 14398.3900 14149.8685  1.73%   117  801s
 13100  5049 14345.2945   47  176 14398.3900 14151.5652  1.71%   117  811s
 13279  5171     cutoff   52      14398.3900 14153.4267  1.70%   117  820s
 13526  5220 14319.0660   40  166 14398.3900 14155.2784  1.69%   117  830s
 13681  5230 14380.9671   55   91 14398.3900 14156.7749  1.68%   118  841s
 13799  5310     cutoff   47      14398.3900 14157.2669  1.67%   118  851s
 13977  5384 14337.0594   48  172 14398.3900 14158.1140  1.67%   118  860s
 14172  5457 14364.1168   44  265 14398.3900 14160.2837  1.65%   119  871s
 14350  5550 14304.0692   42  121 14398.3900 14161.0183  1.65%   119  881s
 14539  5614 14388.0569   45  176 14398.3900 14161.3434  1.65%   119  891s
 14734  5653     cutoff   46      14398.3900 14162.4297  1.64%   119  902s
 14897  5762 14276.7931   36  191 14398.3900 14163.6450  1.63%   120  913s
 15098  5842 14288.2258   53   92 14398.3900 14164.7732  1.62%   120  923s
 15264  5908     cutoff   79      14398.3900 14165.8553  1.62%   120  933s
 15474  5973 14303.0908   43  200 14398.3900 14166.9516  1.61%   120  946s
 15666  6032 14306.3235   45   41 14398.3900 14167.6463  1.60%   120 1015s
 15847  6129 14312.4026   51  131 14398.3900 14168.6483  1.60%   120 1026s
 16067  6185 14213.6207   41  133 14398.3900 14169.6831  1.59%   120 1037s
 16226  6231 14265.5365   38  265 14398.3900 14170.5112  1.58%   121 1048s
 16387  6283     cutoff   60      14398.3900 14171.0308  1.58%   121 1058s
 16564  6425     cutoff   50      14398.3900 14171.7775  1.57%   121 1069s
 16817  6425 14317.4930   44  202 14398.3900 14172.8498  1.57%   121 1070s
 16826  6490 14280.1395   44  255 14398.3900 14172.8746  1.57%   121 1080s
 17026  6554     cutoff   50      14398.3900 14173.5113  1.56%   121 1091s
 17195  6682     cutoff   56      14398.3900 14174.4458  1.56%   121 1102s
 17343  6682 14348.0111   51   65 14398.3900 14175.6081  1.55%   121 1105s
 17456  6726 14385.5480   38  254 14398.3900 14175.7062  1.55%   121 1115s
 17634  6779 14334.6983   51  130 14398.3900 14176.4899  1.54%   121 1126s
 17831  6802     cutoff   51      14398.3900 14177.7677  1.53%   122 1139s
 17931  6847 14361.4697   58  102 14398.3900 14178.3199  1.53%   122 1150s
 18140  6945 14348.9870   44  253 14398.3900 14179.8265  1.52%   122 1161s
 18372  7006 14258.9655   40  229 14398.3900 14181.2516  1.51%   122 1172s
 18548  7096 14299.0642   45  286 14398.3900 14181.9518  1.50%   122 1184s
 18613  7096 14247.4385   45  131 14398.3900 14181.9518  1.50%   122 1185s
 18796  7164 14219.0768   46  251 14398.3900 14182.5834  1.50%   122 1195s
 19030  7241     cutoff   51      14398.3900 14183.5521  1.49%   122 1206s
 19233  7314 14308.0923   64   23 14398.3900 14184.6134  1.48%   122 1217s
 19436  7378 infeasible   72      14398.3900 14185.1730  1.48%   123 1229s
 19602  7427     cutoff   42      14398.3900 14185.7006  1.48%   123 1240s
 19781  7577 14258.9185   42  211 14398.3900 14186.7770  1.47%   123 1251s
 20077  7649 14342.5202   48  105 14398.3900 14187.7201  1.46%   123 1262s
 20308  7748 14255.0147   35  326 14398.3900 14188.7877  1.46%   123 1273s
 20535  7817 14365.1155   50   80 14398.3900 14189.3542  1.45%   123 1284s
 20718  7817 14381.2039   55  129 14398.3900 14190.1946  1.45%   123 1285s
 20726  7902     cutoff   42      14398.3900 14190.2163  1.45%   123 1295s
 20930  8002 14272.3781   45  204 14398.3900 14190.9761  1.44%   123 1306s
 21201  8066 14366.8497   48  279 14398.3900 14191.9533  1.43%   123 1317s
 21385  8151 14248.0016   54  149 14398.3900 14192.9623  1.43%   123 1328s
 21597  8251 14287.9055   49   72 14398.3900 14193.9079  1.42%   123 1339s
 21847  8380     cutoff   67      14398.3900 14195.0801  1.41%   123 1350s
 22134  8474 14307.9236   42  118 14398.3900 14196.0043  1.41%   123 1366s
 22368  8548 14266.9733   35  239 14398.3900 14197.0255  1.40%   122 1377s
 22556  8626     cutoff   40      14398.3900 14197.3403  1.40%   123 1388s
 22784  8733 14314.6947   52  138 14398.3900 14198.3696  1.39%   123 1398s
 23051  8810 14342.5737   49  249 14398.3900 14199.4084  1.38%   122 1410s
 23296  8884     cutoff   45      14398.3900 14200.3865  1.38%   122 1420s
 23512  8940     cutoff   59      14398.3900 14201.3347  1.37%   122 1431s
 23680  9013 14379.9967   49  135 14398.3900 14202.2796  1.36%   123 1441s
 23923  9076 14297.4147   48   88 14398.3900 14202.7689  1.36%   123 1454s
 23980  9076 14242.9431   50  208 14398.3900 14202.7689  1.36%   123 1455s
 24117  9172 14336.6856   43  270 14398.3900 14203.6543  1.35%   123 1466s
 24360  9256     cutoff   56      14398.3900 14203.9679  1.35%   123 1477s
 24597  9278 14296.4274   57  181 14398.3900 14204.6092  1.35%   123 1499s
 24669  9355 14325.9304   48  209 14398.3900 14204.7199  1.35%   123 1511s
 24896  9403 14364.8865   57  214 14398.3900 14205.1205  1.34%   123 1522s
 25075  9489 14323.4886   45  158 14398.3900 14205.6806  1.34%   123 1535s
 25329  9610 14317.0287   43  200 14398.3900 14206.5399  1.33%   123 1547s
 25607  9679 14395.1459   48  261 14398.3900 14207.2332  1.33%   123 1558s
 25835  9740 14398.0700   45  164 14398.3900 14208.0017  1.32%   123 1570s
 26035  9844 14378.5800   49   89 14398.3900 14208.5209  1.32%   123 1582s
 26307  9944 14391.0600   71    - 14398.3900 14209.0937  1.31%   123 1593s
 26404  9945 14376.2825   59  119 14398.3900 14209.7701  1.31%   123 1680s
 26570  9979     cutoff   71      14398.3900 14209.7857  1.31%   123 1691s
 26739 10059 14397.1641   54   57 14398.3900 14210.6469  1.30%   123 1702s
 26952 10174 14297.7993   47  250 14398.3900 14210.9934  1.30%   123 1714s
 27205 10284     cutoff   72      14398.3900 14211.9503  1.29%   123 1725s
 27476 10337 14372.5031   53   25 14398.3900 14212.4623  1.29%   123 1737s
 27731 10390 14355.3673   41  120 14398.3900 14213.2679  1.29%   123 1749s
 27931 10464     cutoff   37      14398.3900 14213.5604  1.28%   123 1760s
 28143 10518 14330.7369   50   98 14398.3900 14214.0388  1.28%   123 1771s
 28358 10570     cutoff   51      14398.3900 14214.5518  1.28%   123 1782s
 28586 10604 14385.5093   49   35 14398.3900 14215.3416  1.27%   123 1793s
 28828 10648     cutoff   57      14398.3900 14215.8267  1.27%   123 1804s
 28978 10648 14309.1466   43  213 14398.3900 14216.2507  1.26%   123 1805s
 29022 10710     cutoff   45      14398.3900 14216.3084  1.26%   123 1815s
 29243 10755     cutoff   45      14398.3900 14217.1360  1.26%   123 1827s
 29427 10814 14365.8433   37  144 14398.3900 14217.4021  1.26%   123 1838s
 29630 10896 14337.9558   52  230 14398.3900 14218.0812  1.25%   123 1849s
 29875 10967 14357.9597   51  268 14398.3900 14218.5263  1.25%   123 1860s
 30133 11028     cutoff   54      14398.3900 14219.5805  1.24%   123 1871s
 30338 11102 14342.3732   50  156 14398.3900 14220.1872  1.24%   123 1883s
 30582 11182     cutoff   54      14398.3900 14220.6940  1.23%   123 1895s
 30823 11216 14367.3521   58  131 14398.3900 14221.1957  1.23%   123 1906s
 30995 11256     cutoff   66      14398.3900 14222.0270  1.22%   124 1918s
 31059 11256 14346.1358   61  169 14398.3900 14222.0270  1.22%   124 1921s
 31184 11340 14322.3050   47  197 14398.3900 14222.5335  1.22%   124 1933s
 31469 11425 14352.4015   47  285 14398.3900 14223.3114  1.22%   123 1945s
 31707 11503     cutoff   53      14398.3900 14223.7358  1.21%   124 1957s
 31995 11572 14289.7833   41  221 14398.3900 14224.0506  1.21%   123 1969s
 32210 11584     cutoff   40      14398.3900 14224.3756  1.21%   123 1981s
 32396 11633     cutoff   50      14398.3900 14224.7986  1.21%   124 1992s
 32614 11679 14310.0413   38  260 14398.3900 14225.4699  1.20%   124 2109s
 32806 11746     cutoff   49      14398.3900 14226.0349  1.20%   124 2120s
 33024 11797     cutoff   46      14398.3900 14226.5183  1.19%   124 2132s
 33238 11871 14305.6006   54  198 14398.3900 14227.1828  1.19%   124 2144s
 33510 11960     cutoff   70      14398.3900 14227.8210  1.18%   124 2156s
 33777 12033 14267.2357   44  203 14398.3900 14228.3539  1.18%   124 2169s
 34045 12122 14375.6769   54  288 14398.3900 14228.6707  1.18%   124 2181s
 34313 12188 14385.5220   51  117 14398.3900 14229.1019  1.18%   124 2193s
 34546 12322 14245.4352   42  178 14398.3900 14229.5330  1.17%   124 2205s
 34849 12413 14355.0311   49   56 14398.3900 14230.1045  1.17%   123 2218s
 35154 12475 14317.6235   53   47 14398.3900 14230.5055  1.17%   123 2231s
 35385 12535 14358.7240   44  216 14398.3900 14230.8016  1.16%   123 2243s
 35600 12604 14330.1287   50  146 14398.3900 14231.1422  1.16%   123 2255s
 35832 12662 14322.7716   34  222 14398.3900 14231.7433  1.16%   123 2267s
 36038 12705     cutoff   64      14398.3900 14232.2740  1.15%   123 2278s
*36072 12635              67    14396.530000 14232.2740  1.14%   123 2278s
 36282 12672     cutoff   53      14396.5300 14232.6152  1.14%   123 2290s
 36471 12743     cutoff   46      14396.5300 14233.3458  1.13%   123 2304s
 36639 12787 14321.1383   49  127 14396.5300 14233.7413  1.13%   123 2316s
 36822 12847     cutoff   53      14396.5300 14233.9389  1.13%   123 2327s
 37049 12896 14350.9807   55   47 14396.5300 14234.5059  1.13%   124 2339s
 37180 12896 14362.2273   52  219 14396.5300 14235.0607  1.12%   124 2340s
 37288 12985 14314.5029   42  238 14396.5300 14235.1312  1.12%   123 2352s
 37509 13070 14349.3537   46  244 14396.5300 14235.4353  1.12%   124 2365s
H37731  7405                    14331.170000 14235.6838  0.67%   124 2378s
 38008  7348 14264.4626   52  108 14331.1700 14236.3945  0.66%   123 2391s
 38236  7334     cutoff   54      14331.1700 14237.0818  0.66%   123 2404s
 38424  7313     cutoff   62      14331.1700 14238.0993  0.65%   124 2416s
 38662  7313     cutoff   47      14331.1700 14239.1794  0.64%   124 2429s
 38877  7284 14317.1021   40  241 14331.1700 14239.9551  0.64%   124 2442s
 39073  7271     cutoff   50      14331.1700 14240.8830  0.63%   124 2458s
 39394  7256 14315.6678   54  107 14331.1700 14242.0221  0.62%   124 2472s
 39671  7246 14311.1991   36  256 14331.1700 14243.4916  0.61%   124 2486s
 39939  7231 14284.9443   43  154 14331.1700 14244.5623  0.60%   124 2501s
 40196  7203     cutoff   72      14331.1700 14245.9725  0.59%   124 2516s
 40457  7170     cutoff   47      14331.1700 14247.0700  0.59%   124 2532s
 40718  7148 14292.0723   45  155 14331.1700 14248.1953  0.58%   124 2548s
 40933  7092 14294.3944   45  193 14331.1700 14249.0896  0.57%   124 2562s
 41180  7069 14279.6629   46   48 14331.1700 14250.6600  0.56%   124 2580s
 41450  7038     cutoff   43      14331.1700 14252.0403  0.55%   124 2596s
 41722  7018     cutoff   44      14331.1700 14252.8675  0.55%   124 2611s
 42036  6997 14271.7016   42  153 14331.1700 14254.2038  0.54%   124 2627s
 42321  6940 14307.4108   50  187 14331.1700 14255.1384  0.53%   124 2643s
 42569  6902     cutoff   50      14331.1700 14256.2954  0.52%   124 2658s
 42839  6879     cutoff   44      14331.1700 14257.8363  0.51%   124 2674s
 43178  6814 14330.5565   49  240 14331.1700 14259.0304  0.50%   124 2691s
 43450  6752     cutoff   38      14331.1700 14260.2133  0.50%   124 2708s
 43792  6688     cutoff   48      14331.1700 14261.4227  0.49%   124 2725s
 44102  6618 14299.9877   52  234 14331.1700 14262.7312  0.48%   124 2740s
 44392  6556     cutoff   46      14331.1700 14263.8856  0.47%   124 2756s
 44664  6483     cutoff   51      14331.1700 14265.0532  0.46%   124 2773s
 45000  6387     cutoff   48      14331.1700 14266.1054  0.45%   124 2788s
 45297  6293     cutoff   46      14331.1700 14267.7634  0.44%   124 2803s
 45577  6188     cutoff   51      14331.1700 14269.3854  0.43%   124 2818s
 45846  6100 14305.2554   41  213 14331.1700 14270.7615  0.42%   124 2835s
 46149  6030     cutoff   50      14331.1700 14271.8723  0.41%   124 2851s
 46428  5916 14328.0700   52    - 14331.1700 14273.0063  0.41%   124 2869s
 46754  5801     cutoff   52      14331.1700 14274.4550  0.40%   124 2885s
 47056  5691 14326.4109   61   37 14331.1700 14275.9549  0.39%   124 2903s
 47391  5556     cutoff   49      14331.1700 14277.3601  0.38%   124 2920s
 47724  5409     cutoff   50      14331.1700 14278.7350  0.37%   124 2935s
 48026  5268     cutoff   52      14331.1700 14280.3377  0.35%   124 3073s
 48313  5109 14316.1996   48   74 14331.1700 14281.7648  0.34%   124 3092s
 48698  4942     cutoff   54      14331.1700 14283.7773  0.33%   124 3110s
 49083  4789     cutoff   37      14331.1700 14285.5132  0.32%   124 3128s
 49430  4589     cutoff   66      14331.1700 14286.9862  0.31%   124 3145s
 49835  4380 infeasible   63      14331.1700 14289.4362  0.29%   123 3167s
 50243  4170     cutoff   46      14331.1700 14291.2885  0.28%   123 3191s
 50683  3999 14324.4264   55    5 14331.1700 14293.7421  0.26%   123 3218s
 50998  3741     cutoff   56      14331.1700 14295.0713  0.25%   123 3235s
 51423  3456     cutoff   43      14331.1700 14297.7541  0.23%   123 3252s
 51863  3145     cutoff   55      14331.1700 14300.3465  0.22%   122 3270s
 52307  2802     cutoff   44      14331.1700 14303.0583  0.20%   122 3285s
 52781  2426     cutoff   53      14331.1700 14306.1131  0.17%   122 3301s
 53238  2011     cutoff   51      14331.1700 14309.2759  0.15%   121 3315s
 53708  1555     cutoff   55      14331.1700 14313.1626  0.13%   121 3328s
 54202  1052     cutoff   38      14331.1700 14317.3714  0.10%   120 3340s
 54727   499     cutoff   48      14331.1700 14321.9030  0.06%   119 3349s
 55283     0     cutoff   56      14331.1700 14326.7789  0.03%   118 3355s

Cutting planes:
  User: 3246
  Gomory: 14
  Cover: 244
  Implied bound: 42
  Clique: 13
  MIR: 79
  StrongCG: 2
  Flow cover: 214
  GUB cover: 2
  Zero half: 16
  RLT: 165
  Relax-and-lift: 4
  Lazy constraints: 2964

Explored 55782 nodes (6554836 simplex iterations) in 3355.16 seconds
Thread count was 2 (of 32 available processors)

Solution count 10: 14331.2 14396.5 14398.4 ... 14800.3

Optimal solution found (tolerance 1.00e-04)
Best objective 1.433117000000e+04, best bound 1.433117000000e+04, gap 0.0000%

User-callback calls 352129, time in user-callback 269.58 sec
================================================================================
executing instance: ./input/Instances/Original/2/absH3high_4n10.dat
--------------------------------------------------------------------------------
Instance details
n	11
H	3
C	822
Li:
[0, 0, 0, 0, 0, 0, 0, 0, 0, 0, 0, ]
Ui:
[0, 102, 52, 88, 182, 153, 138, 38, 165, 297, 86, ]
Distance matrix:
|0	285	411	382	327	239	148	256	307	36	383	|
|285	0	352	98	249	103	227	235	120	268	209	|
|411	352	0	395	106	430	263	549	234	429	174	|
|382	98	395	0	302	173	320	288	168	364	227	|
|327	249	106	302	0	324	179	444	135	339	109	|
|239	103	430	173	324	0	241	132	212	212	305	|
|148	227	263	320	179	241	0	325	192	165	249	|
|256	235	549	288	444	132	325	0	342	220	436	|
|307	120	234	168	135	212	192	342	0	304	94	|
|36	268	429	364	339	212	165	220	304	0	386	|
|383	209	174	227	109	305	249	436	94	386	0	|

--------------------------------------------------------------------------------
Building model...
	using lazy and cut (CVRPSEP package)
Solving IRP LP...
--------------------------------------------------------------------------------

Gurobi 9.1.0 (linux64) logging started Sat Feb  6 20:20:36 2021

Gurobi Optimizer version 9.1.0 build v9.1.0rc0 (linux64)
Thread count: 32 physical cores, 32 logical processors, using up to 2 threads
Optimize a model with 302 rows, 500 columns and 1643 nonzeros
Model fingerprint: 0x9f35e470
Variable types: 104 continuous, 396 integer (66 binary)
Coefficient statistics:
  Matrix range     [1e+00, 4e+02]
  Objective range  [2e-01, 5e+02]
  Bounds range     [1e+00, 3e+02]
  RHS range        [1e+00, 1e+03]
Presolve removed 100 rows and 81 columns
Presolve time: 0.02s
Presolved: 202 rows, 419 columns, 1321 nonzeros
Variable types: 56 continuous, 363 integer (306 binary)

Root relaxation: objective 3.761949e+03, 260 iterations, 0.01 seconds

    Nodes    |    Current Node    |     Objective Bounds      |     Work
 Expl Unexpl |  Obj  Depth IntInf | Incumbent    BestBd   Gap | It/Node Time

     0     0 3761.94913    0   53          - 3761.94913      -     -    0s
H    0     0                    7703.0700000 3761.94913  51.2%     -    0s
H    0     0                    7643.0700000 3761.94913  50.8%     -    0s
     0     0 3930.66084    0   30 7643.07000 3930.66084  48.6%     -    0s
H    0     0                    7167.9300000 3930.66084  45.2%     -    0s
     0     0 4065.07707    0   61 7167.93000 4065.07707  43.3%     -    0s
     0     0 4068.20050    0   60 7167.93000 4068.20050  43.2%     -    0s
     0     0 4068.54985    0   65 7167.93000 4068.54985  43.2%     -    0s
     0     0 4069.29055    0   66 7167.93000 4069.29055  43.2%     -    0s
     0     0 4124.03883    0   71 7167.93000 4124.03883  42.5%     -    0s
     0     0 4149.07427    0   60 7167.93000 4149.07427  42.1%     -    0s
     0     0 4158.04014    0   74 7167.93000 4158.04014  42.0%     -    0s
     0     0 4194.45637    0   78 7167.93000 4194.45637  41.5%     -    0s
H    0     0                    6995.5000000 4194.45637  40.0%     -    0s
     0     0 4198.89141    0   71 6995.50000 4198.89141  40.0%     -    0s
     0     0 4199.61001    0   77 6995.50000 4199.61001  40.0%     -    0s
     0     0 4203.06858    0   78 6995.50000 4203.06858  39.9%     -    0s
     0     0 4203.19309    0   79 6995.50000 4203.19309  39.9%     -    0s
     0     0 4203.25258    0   79 6995.50000 4203.25258  39.9%     -    0s
     0     0 4203.72336    0   63 6995.50000 4203.72336  39.9%     -    0s
H    0     0                    6473.4200000 4203.72336  35.1%     -    0s
     0     0 4203.91790    0   65 6473.42000 4203.91790  35.1%     -    0s
     0     0 4203.97036    0   65 6473.42000 4203.97036  35.1%     -    0s
     0     0 4203.97036    0   65 6473.42000 4203.97036  35.1%     -    0s
H    0     0                    5884.4200000 4248.77536  27.8%     -    0s
H    0     0                    5508.0800000 4248.77536  22.9%     -    0s
     0     2 4254.28270    0   94 5508.08000 4254.28270  22.8%     -    0s
H   32    36                    5340.6600000 4308.59809  19.3%  48.6    0s
H   90    93                    5141.7400000 4427.17297  13.9%  32.1    0s
H   98    93                    5077.6600000 4427.17297  12.8%  30.4    0s
H  243   118                    5058.6600000 4566.92131  9.72%  28.8    1s
H  463   156                    5038.6600000 4647.91836  7.75%  26.9    1s
H  647   155                    5034.9600000 4749.89374  5.66%  27.9    1s
H  673   151                    5031.0000000 4756.59165  5.45%  27.8    1s

Cutting planes:
  User: 328
  Gomory: 2
  Cover: 66
  Implied bound: 24
