




arguments: ./build/bc_mirp -f ./input/orig_exec_146.cfg
Current dir: /scratch/gui/bc_mirp
File verbosity level: 9
date       time         ( uptime  ) [ thread name/id ]                   file:line     v| 
2021-02-08 05:18:46.346 (   0.058s) [main thread     ]             loguru.cpp:789   INFO| Logging to './output/vi_vc+hc1_full/OU/V2/Original/execution_08_02_2021_05_18_46.log', mode: 'a', verbosity: 9
--------------------------------------------------------------------------------
Parameters
                           instance_path           ./input/Instances/Original/4/
                            model_policy                                       1
                             nb_vehicles                                       2
                              output_dir ./output/vi_vc+hc1_full/OU/V2/Original/
                            sec_strategy                                       1
                       solver_nb_threads                                       2
                         solver_show_log                                    true
                       solver_time_limit                                    3600
                              use_vi_cos                                   false
                              use_vi_cus                                   false
                         use_vi_hc1_full                                    true
                         use_vi_hc1_half                                   false
                      use_vi_hc1_quarter                                   false
                              use_vi_hc2                                   false
                              use_vi_hc3                                   false
                         use_vi_lex_full                                   false
                         use_vi_lex_half                                   false
                      use_vi_lex_quarter                                   false
                              use_vi_qua                                   false
                               use_vi_vc                                    true
                               use_vi_vr                                   false
--------------------------------------------------------------------------------
executing instance: ./input/Instances/Original/4/absH3low_3n30.dat
--------------------------------------------------------------------------------
Instance details
n	31
H	3
C	2841
Li:
[0, 0, 0, 0, 0, 0, 0, 0, 0, 0, 0, 0, 0, 0, 0, 0, 0, 0, 0, 0, 0, 0, 0, 0, 0, 0, 0, 0, 0, 0, 0, ]
Ui:
[0, 246, 98, 54, 144, 171, 192, 180, 165, 98, 122, 198, 297, 144, 130, 129, 219, 138, 142, 150, 108, 66, 64, 285, 180, 204, 276, 168, 240, 198, 122, ]
Distance matrix:
|0	172	56	166	260	198	42	197	296	110	91	112	238	275	323	183	330	232	175	181	162	191	232	280	201	139	356	185	266	216	26	|
|172	0	178	223	320	335	153	355	444	62	231	99	333	376	214	352	176	235	194	106	47	41	353	161	299	175	225	43	326	374	153	|
|56	178	0	110	204	162	93	233	336	125	144	148	187	226	358	180	313	284	123	152	182	185	282	252	256	88	329	177	210	251	42	|
|166	223	110	0	102	150	199	327	431	194	253	237	113	156	431	228	296	386	44	140	248	208	389	218	366	48	287	200	108	344	148	|
|260	320	204	102	0	156	296	391	493	296	340	339	66	90	531	263	362	486	127	226	349	300	469	278	454	148	334	292	6	406	245	|
|198	335	162	150	156	0	239	255	351	286	245	307	93	106	518	111	442	423	194	280	344	335	349	367	352	182	437	327	158	266	199	|
|42	153	93	199	296	239	0	203	296	91	82	76	278	316	284	217	322	191	201	186	133	180	217	281	177	165	356	175	302	222	52	|
|197	355	233	327	391	255	203	0	104	294	125	266	340	361	436	151	524	276	352	377	330	383	109	477	146	319	553	377	395	19	222	|
|296	444	336	431	493	351	296	104	0	384	214	348	440	456	488	241	617	315	456	476	412	475	113	575	176	422	651	470	497	88	322	|
|110	62	125	194	296	286	91	294	384	0	171	55	298	340	238	292	233	210	176	118	58	91	298	201	248	148	273	87	302	313	94	|
|91	231	144	253	340	245	82	125	214	171	0	141	307	339	324	184	403	187	266	266	204	261	140	363	114	230	438	256	346	144	116	|
|112	99	148	237	339	307	76	266	348	55	141	0	332	373	212	292	275	156	225	173	64	137	254	253	200	194	322	135	345	284	108	|
|238	333	187	113	66	93	278	340	440	298	307	332	0	43	536	203	404	469	153	253	354	321	427	322	420	160	385	313	67	353	229	|
|275	376	226	156	90	106	316	361	456	340	339	373	43	0	578	216	443	507	194	295	397	364	453	361	451	203	421	356	88	372	268	|
|323	214	358	431	531	518	284	436	488	238	324	212	536	578	0	498	309	176	407	320	183	245	376	344	312	383	379	251	537	451	319	|
|183	352	180	228	263	111	217	151	241	292	184	292	203	216	498	0	492	371	266	328	345	364	255	426	272	242	501	356	266	159	198	|
|330	176	313	296	362	442	322	524	617	233	403	275	404	443	309	492	0	397	253	164	218	142	529	84	475	260	72	147	367	543	306	|
|232	235	284	386	486	423	191	276	315	210	187	156	469	507	176	371	397	0	379	327	188	276	202	396	139	346	456	277	492	289	242	|
|175	194	123	44	127	194	201	352	456	176	266	225	153	194	407	266	253	379	0	101	225	174	405	174	375	36	244	166	133	370	152	|
|181	106	152	140	226	280	186	377	476	118	266	173	253	295	320	328	164	327	101	0	148	76	403	100	360	98	177	69	232	396	155	|
|162	47	182	248	349	344	133	330	412	58	204	64	354	397	183	345	218	188	225	148	0	89	316	208	259	201	270	90	355	348	149	|
|191	41	185	208	300	335	180	383	475	91	261	137	321	364	245	364	142	276	174	76	89	0	388	119	336	162	185	8	306	402	169	|
|232	353	282	389	469	349	217	109	113	298	140	254	427	453	376	255	529	202	405	403	316	388	0	497	64	369	570	384	474	112	256	|
|280	161	252	218	278	367	281	477	575	201	363	253	322	361	344	426	84	396	174	100	208	119	497	0	449	187	77	119	283	496	255	|
|201	299	256	366	454	352	177	146	176	248	114	200	420	451	312	272	475	139	375	360	259	336	64	449	0	339	521	333	460	156	223	|
|139	175	88	48	148	182	165	319	422	148	230	194	160	203	383	242	260	346	36	98	201	162	369	187	339	0	260	153	154	337	116	|
|356	225	329	287	334	437	356	553	651	273	438	322	385	421	379	501	72	456	244	177	270	185	570	77	521	260	0	187	338	572	331	|
|185	43	177	200	292	327	175	377	470	87	256	135	313	356	251	356	147	277	166	69	90	8	384	119	333	153	187	0	298	396	163	|
|266	326	210	108	6	158	302	395	497	302	346	345	67	88	537	266	367	492	133	232	355	306	474	283	460	154	338	298	0	410	251	|
|216	374	251	344	406	266	222	19	88	313	144	284	353	372	451	159	543	289	370	396	348	402	112	496	156	337	572	396	410	0	241	|
|26	153	42	148	245	199	52	222	322	94	116	108	229	268	319	198	306	242	152	155	149	169	256	255	223	116	331	163	251	241	0	|

--------------------------------------------------------------------------------
Building model...
	using lazy and cut (CVRPSEP package)
Solving IRP LP...
--------------------------------------------------------------------------------

Gurobi 9.1.0 (linux64) logging started Mon Feb  8 05:18:46 2021

Gurobi Optimizer version 9.1.0 build v9.1.0rc0 (linux64)
Thread count: 32 physical cores, 32 logical processors, using up to 2 threads
Optimize a model with 862 rows, 3280 columns and 9373 nonzeros
Model fingerprint: 0x952641a9
Variable types: 304 continuous, 2976 integer (186 binary)
Coefficient statistics:
  Matrix range     [1e+00, 1e+03]
  Objective range  [1e-02, 7e+02]
  Bounds range     [1e+00, 3e+02]
  RHS range        [1e+00, 5e+03]
Presolve removed 256 rows and 218 columns
Presolve time: 0.08s
Presolved: 606 rows, 3062 columns, 8519 nonzeros
Variable types: 179 continuous, 2883 integer (2706 binary)

Root relaxation: objective 2.318695e+03, 582 iterations, 0.01 seconds

    Nodes    |    Current Node    |     Objective Bounds      |     Work
 Expl Unexpl |  Obj  Depth IntInf | Incumbent    BestBd   Gap | It/Node Time

     0     0 2318.69472    0   75          - 2318.69472      -     -    0s
     0     0 2668.78244    0   89          - 2668.78244      -     -    0s
     0     0 3136.12397    0  109          - 3136.12397      -     -    0s
     0     0 3171.39245    0   95          - 3171.39245      -     -    0s
     0     0 3193.31548    0   85          - 3193.31548      -     -    0s
     0     0 3233.14642    0  124          - 3233.14642      -     -    0s
     0     0 3236.55223    0  133          - 3236.55223      -     -    0s
     0     0 3240.04171    0  130          - 3240.04171      -     -    0s
     0     0 3240.04171    0  131          - 3240.04171      -     -    0s
     0     0 3308.91068    0  141          - 3308.91068      -     -    0s
     0     0 3421.17320    0  170          - 3421.17320      -     -    0s
     0     0 3427.18719    0  176          - 3427.18719      -     -    0s
     0     0 3429.17792    0  176          - 3429.17792      -     -    0s
     0     0 3435.61763    0  198          - 3435.61763      -     -    0s
     0     0 3435.73538    0  177          - 3435.73538      -     -    0s
     0     0 3454.54506    0  219          - 3454.54506      -     -    0s
     0     0 3459.25186    0  206          - 3459.25186      -     -    0s
     0     0 3459.78123    0  204          - 3459.78123      -     -    0s
     0     0 3460.20623    0  164          - 3460.20623      -     -    0s
     0     0 3462.23658    0  219          - 3462.23658      -     -    1s
     0     0 3462.23658    0  219          - 3462.23658      -     -    1s
     0     2 3463.61912    0  218          - 3463.61912      -     -    1s
*  181   126              48    4168.5500000 3503.49209  16.0%  82.1    3s
H  205   106                    4070.5500000 3503.49209  13.9%  79.7    3s
   291   174 4033.12953   50   15 4070.55000 3504.30864  13.9%  87.1    5s
   582   372 3795.25164   14  163 4070.55000 3522.42722  13.5%   101   10s
H  674   362                    4009.5300000 3527.99903  12.0%  96.8   11s
H  736   361                    3967.9200000 3550.77544  10.5%  98.4   13s
   747   368 3967.82459   16  268 3967.92000 3611.62566  8.98%  97.0   15s
H  811   388                    3955.6400000 3659.93864  7.48%   102   19s
   837   388 3840.63800   17  130 3955.64000 3660.07517  7.47%   104   20s
  1059   397 3794.18036   17  141 3955.64000 3727.64446  5.76%   112   25s
  1255   395 3906.21089   21  164 3955.64000 3782.21080  4.38%   118   30s
  1440   333 3949.94959   20  122 3955.64000 3811.34924  3.65%   122   36s
  1644   291     cutoff   20      3955.64000 3834.15641  3.07%   124   40s
* 1898   102              28    3914.8500000 3874.51898  1.03%   124   44s
  1947     0     cutoff   27      3914.85000 3883.16239  0.81%   123   45s

Cutting planes:
  User: 961
  Gomory: 20
  Cover: 171
  Implied bound: 41
  Projected implied bound: 1
  Clique: 20
  MIR: 65
  StrongCG: 5
  Flow cover: 174
  GUB cover: 3
  Zero half: 24
  RLT: 108
  Relax-and-lift: 2
  Lazy constraints: 58

Explored 2060 nodes (247524 simplex iterations) in 45.40 seconds
Thread count was 2 (of 32 available processors)

Solution count 6: 3914.85 3955.64 3967.92 ... 4168.55

Optimal solution found (tolerance 1.00e-04)
Best objective 3.914850000000e+03, best bound 3.914850000000e+03, gap 0.0000%

User-callback calls 10167, time in user-callback 4.75 sec
================================================================================
executing instance: ./input/Instances/Original/4/absH3low_3n10.dat
--------------------------------------------------------------------------------
Instance details
n	11
H	3
C	687
Li:
[0, 0, 0, 0, 0, 0, 0, 0, 0, 0, 0, ]
Ui:
[0, 189, 44, 174, 78, 36, 198, 117, 42, 96, 240, ]
Distance matrix:
|0	209	255	286	142	156	285	317	182	161	135	|
|209	0	464	451	315	356	490	469	361	299	260	|
|255	464	0	221	202	130	74	280	189	254	273	|
|286	451	221	0	145	156	164	479	354	153	192	|
|142	315	202	145	0	73	194	388	250	53	73	|
|156	356	130	156	73	0	134	332	200	127	144	|
|285	490	74	164	194	134	0	353	256	239	267	|
|317	469	280	479	388	332	353	0	141	436	430	|
|182	361	189	354	250	200	256	141	0	296	289	|
|161	299	254	153	53	127	239	436	296	0	39	|
|135	260	273	192	73	144	267	430	289	39	0	|

--------------------------------------------------------------------------------
Building model...
	using lazy and cut (CVRPSEP package)
Solving IRP LP...
--------------------------------------------------------------------------------

Gurobi 9.1.0 (linux64) logging started Mon Feb  8 05:19:32 2021

Gurobi Optimizer version 9.1.0 build v9.1.0rc0 (linux64)
Thread count: 32 physical cores, 32 logical processors, using up to 2 threads
Optimize a model with 302 rows, 500 columns and 1643 nonzeros
Model fingerprint: 0xbbed8061
Variable types: 104 continuous, 396 integer (66 binary)
Coefficient statistics:
  Matrix range     [1e+00, 3e+02]
  Objective range  [1e-02, 5e+02]
  Bounds range     [1e+00, 2e+02]
  RHS range        [1e+00, 1e+03]
Presolve removed 96 rows and 78 columns
Presolve time: 0.01s
Presolved: 206 rows, 422 columns, 1330 nonzeros
Variable types: 59 continuous, 363 integer (306 binary)

Root relaxation: objective 1.315834e+03, 235 iterations, 0.00 seconds

    Nodes    |    Current Node    |     Objective Bounds      |     Work
 Expl Unexpl |  Obj  Depth IntInf | Incumbent    BestBd   Gap | It/Node Time

     0     0 1315.83374    0   31          - 1315.83374      -     -    0s
H    0     0                    4965.1300000 1315.83374  73.5%     -    0s
     0     0 1731.02831    0   42 4965.13000 1731.02831  65.1%     -    0s
H    0     0                    4077.7500000 1731.02831  57.5%     -    0s
     0     0 1993.05553    0   70 4077.75000 1993.05553  51.1%     -    0s
H    0     0                    2817.8200000 1993.05553  29.3%     -    0s
H    0     0                    2754.1000000 1993.05553  27.6%     -    0s
     0     0 2012.68760    0   72 2754.10000 2012.68760  26.9%     -    0s
     0     0 2013.10035    0   71 2754.10000 2013.10035  26.9%     -    0s
     0     0 2071.02455    0   72 2754.10000 2071.02455  24.8%     -    0s
H    0     0                    2484.1000000 2071.02455  16.6%     -    0s
     0     0 2077.74225    0   57 2484.10000 2077.74225  16.4%     -    0s
     0     0 2089.47034    0   62 2484.10000 2089.47034  15.9%     -    0s
     0     0 2089.54198    0   63 2484.10000 2089.54198  15.9%     -    0s
     0     0 2101.85970    0   76 2484.10000 2101.85970  15.4%     -    0s
H    0     0                    2450.3600000 2101.85970  14.2%     -    0s
     0     0 2106.31684    0   69 2450.36000 2106.31684  14.0%     -    0s
     0     0 2106.38265    0   75 2450.36000 2106.38265  14.0%     -    0s
     0     0 2109.81742    0   86 2450.36000 2109.81742  13.9%     -    0s
     0     0 2109.81742    0   86 2450.36000 2109.81742  13.9%     -    0s
     0     2 2144.07407    0   86 2450.36000 2144.07407  12.5%     -    0s
*   59    24               8    2449.1000000 2188.67943  10.6%  30.4    0s

Cutting planes:
  User: 54
  Gomory: 4
  Cover: 57
  Implied bound: 12
  Clique: 9
  MIR: 36
  StrongCG: 1
  Flow cover: 44
  GUB cover: 5
  RLT: 41
  Lazy constraints: 28

Explored 216 nodes (6206 simplex iterations) in 0.59 seconds
Thread count was 2 (of 32 available processors)

Solution count 7: 2449.1 2450.36 2484.1 ... 4965.13

Optimal solution found (tolerance 1.00e-04)
Best objective 2.449100000000e+03, best bound 2.449100000000e+03, gap 0.0000%

User-callback calls 721, time in user-callback 0.04 sec
================================================================================
executing instance: ./input/Instances/Original/4/absH3low_3n15.dat
--------------------------------------------------------------------------------
Instance details
n	16
H	3
C	1267
Li:
[0, 0, 0, 0, 0, 0, 0, 0, 0, 0, 0, 0, 0, 0, 0, 0, ]
Ui:
[0, 156, 267, 148, 144, 87, 33, 171, 76, 141, 270, 282, 60, 110, 172, 57, ]
Distance matrix:
|0	229	567	76	58	96	306	409	310	423	108	346	165	347	159	256	|
|229	0	482	243	279	155	375	525	251	419	158	373	65	123	329	246	|
|567	482	0	506	622	483	342	439	259	200	467	274	486	433	501	312	|
|76	243	506	0	119	88	230	337	255	352	88	272	179	347	94	194	|
|58	279	622	119	0	154	345	431	366	471	166	391	217	399	179	310	|
|96	155	483	88	154	0	266	397	224	358	17	289	92	262	176	179	|
|306	375	342	230	345	266	0	158	184	148	251	68	332	423	181	140	|
|409	525	439	337	431	397	158	0	340	244	386	201	476	581	253	298	|
|310	251	259	255	366	224	184	340	0	170	208	146	238	257	274	66	|
|423	419	200	352	471	358	148	244	170	0	341	84	396	424	323	182	|
|108	158	467	88	166	17	251	386	208	341	0	273	96	259	172	162	|
|346	373	274	272	391	289	68	201	146	84	273	0	340	400	239	127	|
|165	65	486	179	217	92	332	476	238	396	96	340	0	182	267	216	|
|347	123	433	347	399	262	423	581	257	424	259	400	182	0	423	283	|
|159	329	501	94	179	176	181	253	274	323	172	239	267	423	0	208	|
|256	246	312	194	310	179	140	298	66	182	162	127	216	283	208	0	|

--------------------------------------------------------------------------------
Building model...
	using lazy and cut (CVRPSEP package)
Solving IRP LP...
--------------------------------------------------------------------------------

Gurobi 9.1.0 (linux64) logging started Mon Feb  8 05:19:33 2021

Gurobi Optimizer version 9.1.0 build v9.1.0rc0 (linux64)
Thread count: 32 physical cores, 32 logical processors, using up to 2 threads
Optimize a model with 442 rows, 970 columns and 3013 nonzeros
Model fingerprint: 0x015c6abf
Variable types: 154 continuous, 816 integer (96 binary)
Coefficient statistics:
  Matrix range     [1e+00, 6e+02]
  Objective range  [1e-02, 6e+02]
  Bounds range     [1e+00, 3e+02]
  RHS range        [1e+00, 2e+03]
Presolve removed 140 rows and 116 columns
Presolve time: 0.03s
Presolved: 302 rows, 854 columns, 2555 nonzeros
Variable types: 86 continuous, 768 integer (681 binary)

Root relaxation: objective 1.643395e+03, 359 iterations, 0.01 seconds

    Nodes    |    Current Node    |     Objective Bounds      |     Work
 Expl Unexpl |  Obj  Depth IntInf | Incumbent    BestBd   Gap | It/Node Time

     0     0 1643.39504    0   41          - 1643.39504      -     -    0s
H    0     0                    5235.1300000 1643.39504  68.6%     -    0s
H    0     0                    5088.4800000 1643.39504  67.7%     -    0s
H    0     0                    4708.4800000 1643.39504  65.1%     -    0s
     0     0 1944.05136    0   34 4708.48000 1944.05136  58.7%     -    0s
H    0     0                    4628.5600000 1944.05136  58.0%     -    0s
     0     0 2411.75027    0   87 4628.56000 2411.75027  47.9%     -    0s
     0     0 2442.77396    0   90 4628.56000 2442.77396  47.2%     -    0s
     0     0 2443.83905    0   67 4628.56000 2443.83905  47.2%     -    0s
     0     0 2447.55227    0  115 4628.56000 2447.55227  47.1%     -    0s
     0     0 2549.30707    0  111 4628.56000 2549.30707  44.9%     -    0s
     0     0 2608.94361    0  129 4628.56000 2608.94361  43.6%     -    0s
     0     0 2613.61474    0   96 4628.56000 2613.61474  43.5%     -    0s
     0     0 2617.72685    0  102 4628.56000 2617.72685  43.4%     -    0s
     0     0 2617.73309    0  103 4628.56000 2617.73309  43.4%     -    0s
     0     0 2636.09002    0   89 4628.56000 2636.09002  43.0%     -    0s
     0     0 2636.49785    0  136 4628.56000 2636.49785  43.0%     -    0s
     0     0 2637.97941    0  142 4628.56000 2637.97941  43.0%     -    0s
     0     0 2637.97941    0  142 4628.56000 2637.97941  43.0%     -    0s
     0     2 2637.97941    0  142 4628.56000 2637.97941  43.0%     -    0s
H   71    73                    4067.0600000 2688.36534  33.9%  45.0    0s
H   86   103                    3476.9000000 2688.36534  22.7%  44.2    0s
H  154   127                    3415.9000000 2735.74255  19.9%  43.4    0s
H  216   182                    3393.8600000 2735.74255  19.4%  45.9    1s
H  261   216                    3382.1200000 2735.74255  19.1%  47.1    1s
H  311   211                    3270.5200000 2764.77684  15.5%  47.7    1s
H  412   238                    3267.5199491 2798.23974  14.4%  51.5    2s
*  490   230              14    3223.0600000 2826.46407  12.3%  50.4    2s
*  501   141              13    3122.0600000 2834.32392  9.22%  50.3    2s
*  535   141              12    3121.2800000 2854.34319  8.55%  50.4    2s
*  536   131              12    3112.6400000 2854.34319  8.30%  50.4    2s
H  855    55                    3111.6800000 3015.68493  3.08%  54.1    3s
*  865    55              13    3106.3000000 3015.68493  2.92%  53.9    3s
*  943     6              12    3082.3200000 3035.52000  1.52%  51.5    3s
*  976     6              13    3081.5600000 3070.26000  0.37%  50.8    3s

Cutting planes:
  User: 343
  Gomory: 3
  Cover: 61
  Implied bound: 40
  Clique: 10
  MIR: 44
  StrongCG: 1
  Flow cover: 103
  GUB cover: 1
  Zero half: 6
  Mod-K: 1
  RLT: 64
  Relax-and-lift: 4
  Lazy constraints: 297

Explored 1006 nodes (51348 simplex iterations) in 3.72 seconds
Thread count was 2 (of 32 available processors)

Solution count 10: 3081.56 3082.32 3106.3 ... 3270.52

Optimal solution found (tolerance 1.00e-04)
Best objective 3.081560000000e+03, best bound 3.081560000000e+03, gap 0.0000%

User-callback calls 2946, time in user-callback 0.37 sec
================================================================================
executing instance: ./input/Instances/Original/4/absH3low_2n45.dat
--------------------------------------------------------------------------------
Instance details
n	46
H	3
C	3171
Li:
[0, 0, 0, 0, 0, 0, 0, 0, 0, 0, 0, 0, 0, 0, 0, 0, 0, 0, 0, 0, 0, 0, 0, 0, 0, 0, 0, 0, 0, 0, 0, 0, 0, 0, 0, 0, 0, 0, 0, 0, 0, 0, 0, 0, 0, 0, ]
Ui:
[0, 246, 160, 78, 20, 87, 144, 40, 20, 82, 60, 96, 24, 136, 160, 108, 160, 26, 228, 51, 24, 240, 231, 70, 32, 105, 174, 114, 246, 126, 132, 76, 22, 42, 255, 132, 148, 162, 66, 111, 102, 240, 123, 201, 297, 78, ]
Distance matrix:
|0	148	402	550	329	420	187	318	366	280	504	273	233	333	112	344	379	481	113	593	159	523	261	424	90	359	163	461	413	240	105	299	265	89	371	462	339	273	495	22	41	439	369	506	563	468	|
|148	0	284	517	394	284	136	369	244	311	496	166	329	355	223	202	338	388	204	565	254	506	118	346	71	423	173	471	336	118	105	352	198	105	248	428	302	305	487	153	179	441	230	497	517	370	|
|402	284	0	350	448	80	228	406	42	343	382	129	456	350	412	126	219	131	382	395	410	371	180	137	314	466	289	400	137	167	389	401	169	316	39	280	217	342	373	394	414	362	108	380	324	106	|
|550	517	350	0	339	429	385	308	374	295	93	375	431	249	481	461	180	239	458	48	445	57	474	214	496	333	387	160	216	424	601	321	320	471	376	90	217	301	93	530	534	146	452	88	52	262	|
|329	394	448	339	0	513	282	42	438	105	255	363	115	108	221	484	259	431	217	365	172	289	436	362	333	30	224	189	353	380	423	47	291	296	443	285	240	107	251	307	294	193	495	260	378	437	|
|420	284	80	429	513	0	267	473	76	408	462	163	509	421	449	86	298	201	421	474	455	451	167	217	330	533	333	478	217	181	386	466	225	341	70	360	291	406	453	416	438	440	59	460	400	176	|
|187	136	228	385	282	267	0	249	199	186	360	104	248	224	184	214	207	294	155	432	189	371	155	237	113	308	68	336	227	101	216	236	78	98	205	296	168	181	350	174	190	305	231	360	390	283	|
|318	369	406	308	42	473	249	0	397	66	229	325	128	67	216	447	218	389	206	337	168	260	402	320	311	61	196	167	311	345	406	19	252	275	403	248	198	70	223	296	286	164	457	233	344	395	|
|366	244	42	374	438	76	199	397	0	332	397	96	436	346	383	90	228	168	354	420	385	389	139	161	277	458	263	408	158	128	349	391	150	282	6	298	218	331	388	359	380	370	78	395	352	144	|
|280	311	343	295	105	408	186	66	332	0	231	259	142	53	191	380	171	337	173	332	150	257	337	267	258	127	139	182	258	280	359	58	186	223	338	222	143	6	224	258	254	164	390	234	323	340	|
|504	496	382	93	255	462	360	229	397	231	0	375	356	180	422	478	173	293	403	110	381	36	474	248	463	245	345	68	246	419	568	244	308	433	400	104	200	237	9	482	482	67	474	5	142	312	|
|273	166	129	375	363	163	104	325	96	259	375	0	347	283	288	121	202	221	259	423	292	376	99	183	186	386	170	370	175	52	269	315	76	187	102	288	177	256	365	265	285	333	133	374	365	204	|
|233	329	456	431	115	509	248	128	436	142	356	347	0	181	121	462	311	472	128	463	76	386	398	403	260	141	180	294	392	349	334	111	287	224	442	362	280	139	350	212	194	289	479	360	463	472	|
|333	355	350	249	108	421	224	67	346	53	180	283	181	0	244	403	152	324	226	283	201	207	369	256	307	118	186	129	247	311	409	74	208	273	351	183	136	59	173	311	307	113	410	183	282	331	|
|112	223	412	481	221	449	184	216	383	191	422	288	121	244	0	387	327	461	30	521	49	447	313	396	152	250	125	371	385	273	214	196	249	121	389	400	288	185	415	91	74	355	408	425	503	454	|
|344	202	126	461	484	86	214	447	90	380	478	121	462	403	387	0	305	256	360	508	400	473	84	250	255	507	282	482	246	115	302	437	196	271	90	382	288	377	469	343	367	444	28	476	441	232	|
|379	338	219	180	259	298	207	218	228	171	173	202	311	152	327	305	0	172	301	227	300	174	302	105	318	270	217	180	97	249	423	221	141	296	232	90	40	173	164	361	368	142	303	172	184	180	|
|481	388	131	239	431	201	294	389	168	337	293	221	472	324	461	256	172	0	432	280	446	273	300	70	400	442	337	330	80	271	490	391	217	391	167	191	194	339	286	468	483	294	239	289	203	26	|
|113	204	382	458	217	421	155	206	354	173	403	259	128	226	30	360	301	432	0	499	52	426	287	367	133	246	95	355	356	246	208	187	219	100	360	376	261	167	395	90	81	337	381	406	478	425	|
|593	565	395	48	365	474	432	337	420	332	110	423	463	283	521	508	227	280	499	0	482	77	521	260	542	356	431	178	262	472	647	352	368	516	422	137	264	338	114	573	576	174	499	106	78	304	|
|159	254	410	445	172	455	189	168	385	150	381	292	76	201	49	400	300	446	52	482	0	407	331	378	184	201	122	327	367	286	258	149	242	150	391	367	263	144	374	137	122	314	419	384	470	441	|
|523	506	371	57	289	451	371	260	389	257	36	376	386	207	447	473	174	273	426	77	407	0	475	234	477	280	363	104	234	422	583	275	313	449	392	91	205	263	38	503	504	97	468	31	108	294	|
|261	118	180	474	436	167	155	402	139	337	474	99	398	369	313	84	302	300	287	521	331	475	0	275	173	462	220	465	268	58	219	390	168	193	142	388	275	333	464	261	286	430	111	473	462	279	|
|424	346	137	214	362	217	237	320	161	267	248	183	403	256	396	250	105	70	367	260	378	234	275	0	348	374	274	274	11	234	444	321	159	335	163	145	124	269	239	409	422	237	239	245	191	76	|
|90	71	314	496	333	330	113	311	277	258	463	186	260	307	152	255	318	400	133	542	184	477	173	348	0	362	121	430	338	150	106	293	190	37	282	406	279	252	454	88	113	403	280	464	502	386	|
|359	423	466	333	30	533	308	61	458	127	245	386	141	118	250	507	270	442	246	356	201	280	462	374	362	0	252	178	365	406	453	73	313	325	463	286	254	130	242	336	324	187	517	250	374	449	|
|163	173	289	387	224	333	68	196	263	139	345	170	180	186	125	282	217	337	95	431	122	363	220	274	121	252	0	310	263	168	225	180	124	88	269	300	177	133	337	144	152	284	299	347	400	330	|
|461	471	400	160	189	478	336	167	408	182	68	370	294	129	371	482	180	330	355	178	327	104	465	274	430	178	310	0	269	408	534	184	297	398	412	142	194	188	66	439	436	38	482	73	206	345	|
|413	336	137	216	353	217	227	311	158	258	246	175	392	247	385	246	97	80	356	262	367	234	268	11	338	365	263	269	0	226	434	312	149	324	160	143	115	259	237	399	411	232	237	243	196	84	|
|240	118	167	424	380	181	101	345	128	280	419	52	349	311	273	115	249	271	246	472	286	422	58	234	150	406	168	408	226	0	223	333	111	160	133	336	219	276	409	235	258	373	136	418	416	252	|
|105	105	389	601	423	386	216	406	349	359	568	269	334	409	214	302	423	490	208	647	258	583	219	444	106	453	225	534	434	223	0	388	289	137	353	511	384	353	559	123	145	508	330	570	606	473	|
|299	352	401	321	47	466	236	19	391	58	244	315	111	74	196	437	221	391	187	352	149	275	390	321	293	73	180	184	312	333	388	0	243	257	396	258	197	60	238	276	267	178	448	248	355	395	|
|265	198	169	320	291	225	78	252	150	186	308	76	287	208	249	196	141	217	219	368	242	313	168	159	190	313	124	297	149	111	289	243	0	176	156	231	109	183	299	251	266	262	205	308	319	207	|
|89	105	316	471	296	341	98	275	282	223	433	187	224	273	121	271	296	391	100	516	150	449	193	335	37	325	88	398	324	160	137	257	176	0	287	382	256	217	424	78	98	372	295	434	480	379	|
|371	248	39	376	443	70	205	403	6	338	400	102	442	351	389	90	232	167	360	422	391	392	142	163	282	463	269	412	160	133	353	396	156	287	0	301	222	336	391	365	386	374	77	398	353	143	|
|462	428	280	90	285	360	296	248	298	222	104	288	362	183	400	382	90	191	376	137	367	91	388	145	406	286	300	142	143	336	511	258	231	382	301	0	127	226	96	443	448	110	376	100	103	209	|
|339	302	217	217	240	291	168	198	218	143	200	177	280	136	288	288	40	194	261	264	263	205	275	124	279	254	177	194	115	219	384	197	109	256	222	127	0	145	190	321	328	157	289	199	224	198	|
|273	305	342	301	107	406	181	70	331	6	237	256	139	59	185	377	173	339	167	338	144	263	333	269	252	130	133	188	259	276	353	60	183	217	336	226	145	0	230	251	248	170	388	240	328	341	|
|495	487	373	93	251	453	350	223	388	224	9	365	350	173	415	469	164	286	395	114	374	38	464	239	454	242	337	66	237	409	559	238	299	424	391	96	190	230	0	474	474	61	465	11	141	305	|
|22	153	394	530	307	416	174	296	359	258	482	265	212	311	91	343	361	468	90	573	137	503	261	409	88	336	144	439	399	235	123	276	251	78	365	443	321	251	474	0	26	418	367	485	544	456	|
|41	179	414	534	294	438	190	286	380	254	482	285	194	307	74	367	368	483	81	576	122	504	286	422	113	324	152	436	411	258	145	267	266	98	386	448	328	248	474	26	0	416	391	484	550	472	|
|439	441	362	146	193	440	305	164	370	164	67	333	289	113	355	444	142	294	337	174	314	97	430	237	403	187	284	38	232	373	508	178	262	372	374	110	157	170	61	418	416	0	444	71	187	309	|
|369	230	108	452	495	59	231	457	78	390	474	133	479	410	408	28	303	239	381	499	419	468	111	239	280	517	299	482	237	136	330	448	205	295	77	376	289	388	465	367	391	444	0	472	429	214	|
|506	497	380	88	260	460	360	233	395	234	5	374	360	183	425	476	172	289	406	106	384	31	473	245	464	250	347	73	243	418	570	248	308	434	398	100	199	240	11	485	484	71	472	0	137	309	|
|563	517	324	52	378	400	390	344	352	323	142	365	463	282	503	441	184	203	478	78	470	108	462	191	502	374	400	206	196	416	606	355	319	480	353	103	224	328	141	544	550	187	429	137	0	228	|
|468	370	106	262	437	176	283	395	144	340	312	204	472	331	454	232	180	26	425	304	441	294	279	76	386	449	330	345	84	252	473	395	207	379	143	209	198	341	305	456	472	309	214	309	228	0	|

--------------------------------------------------------------------------------
Building model...
	using lazy and cut (CVRPSEP package)
Solving IRP LP...
--------------------------------------------------------------------------------

Gurobi 9.1.0 (linux64) logging started Mon Feb  8 05:19:37 2021

Gurobi Optimizer version 9.1.0 build v9.1.0rc0 (linux64)
Thread count: 32 physical cores, 32 logical processors, using up to 2 threads
Optimize a model with 1282 rows, 6940 columns and 19108 nonzeros
Model fingerprint: 0xbe37ab40
Variable types: 454 continuous, 6486 integer (276 binary)
Coefficient statistics:
  Matrix range     [1e+00, 2e+03]
  Objective range  [1e-02, 6e+02]
  Bounds range     [1e+00, 3e+02]
  RHS range        [1e+00, 5e+03]
Presolve removed 249 rows and 258 columns
Presolve time: 0.07s
Presolved: 1033 rows, 6682 columns, 17541 nonzeros
Variable types: 331 continuous, 6351 integer (6081 binary)

Root relaxation: objective 2.575005e+03, 840 iterations, 0.02 seconds

    Nodes    |    Current Node    |     Objective Bounds      |     Work
 Expl Unexpl |  Obj  Depth IntInf | Incumbent    BestBd   Gap | It/Node Time

     0     0 2575.00543    0  135          - 2575.00543      -     -    0s
     0     0 3074.08557    0  133          - 3074.08557      -     -    0s
     0     0 3090.21293    0  172          - 3090.21293      -     -    0s
     0     0 3098.00822    0  163          - 3098.00822      -     -    0s
     0     0 3102.36711    0  126          - 3102.36711      -     -    0s
     0     0 3571.84107    0  190          - 3571.84107      -     -    0s
     0     0 3595.14733    0  156          - 3595.14733      -     -    0s
     0     0 3621.18512    0  196          - 3621.18512      -     -    0s
     0     0 3631.70348    0  176          - 3631.70348      -     -    0s
     0     0 3635.48589    0  183          - 3635.48589      -     -    0s
     0     0 3645.15389    0  129          - 3645.15389      -     -    0s
     0     0 3645.28788    0  155          - 3645.28788      -     -    0s
     0     0 3707.90101    0  229          - 3707.90101      -     -    1s
     0     0 3773.81220    0  224          - 3773.81220      -     -    1s
     0     0 3781.10365    0  231          - 3781.10365      -     -    1s
     0     0 3793.53981    0  254          - 3793.53981      -     -    1s
     0     0 3812.46958    0  189          - 3812.46958      -     -    1s
     0     0 3813.69266    0  226          - 3813.69266      -     -    1s
     0     0 3832.34106    0  257          - 3832.34106      -     -    1s
     0     0 3855.52368    0  307          - 3855.52368      -     -    2s
     0     0 3864.78998    0  268          - 3864.78998      -     -    2s
     0     0 3868.00031    0  364          - 3868.00031      -     -    2s
     0     0 3868.52482    0  318          - 3868.52482      -     -    2s
     0     0 3876.77639    0  289          - 3876.77639      -     -    2s
     0     0 3884.36102    0  361          - 3884.36102      -     -    2s
     0     0 3890.14163    0  358          - 3890.14163      -     -    2s
     0     0 3890.99412    0  349          - 3890.99412      -     -    2s
     0     0 3894.39034    0  354          - 3894.39034      -     -    2s
     0     0 3894.39034    0  348          - 3894.39034      -     -    2s
     0     2 3895.06002    0  317          - 3895.06002      -     -    3s
    38    41 4006.94045   11  331          - 3908.44715      -   239    5s
   204   230 4417.29646   64   49          - 3908.44715      -   164   10s
   712   678 3967.86470    4  336          - 3909.20410      -  66.0   15s
   805   717 6002.12333  189  392          - 3946.97272      -  59.9   20s
   820   727 6993.69000  225  379          - 3954.97235      -  58.8   25s
   825   733 4005.59727   13  364          - 3961.01243      -  67.4   30s
   870   768 4186.82202   22  183          - 3987.85339      -  82.3   35s
   977   839 4416.87820   41  158          - 3987.85339      -  88.0   40s
  1113   910 4712.79160   57   26          - 3987.85339      -  84.3   45s
  1237  1003 5460.22500  108   12          - 3987.85339      -  84.3   50s
  1398  1100 6943.74861  180   19          - 3987.85339      -  82.0   55s
  1516  1166 4149.01576   16  279          - 4001.70902      -  80.6   60s
  1628  1271 4314.61380   22  175          - 4001.70902      -  80.9   66s
  1749  1365 4255.22316   26  179          - 4001.70902      -  79.2   71s
  1903  1465 4265.92120   29   77          - 4001.70902      -  75.3   76s
  2019  1533 4305.97312   34   67          - 4001.70902      -  71.8   80s
  2219  1539 4538.42945   40   84          - 4001.70902      -  67.9   85s
  2323  1630 4933.18318   98   36          - 4001.70902      -  69.2   90s
  2455  1783 5661.18149  144   42          - 4001.70902      -  69.4   97s
  2561  1899 5995.83852  163   44          - 4001.70902      -  67.9  100s
  2746  1930 6329.09000  182   10          - 4039.40122      -  64.7  105s
  2901  1980 4240.29301   19  257          - 4039.40122      -  63.7  110s
  3041  2011 4259.25925   22  179          - 4039.40122      -  62.8  115s
  3087  2068 4411.95529   31  207          - 4039.40122      -  65.0  120s
  3155  2158 4509.06429   41  122          - 4039.40122      -  67.1  127s
  3238  2233 4606.13914   43   56          - 4039.40122      -  68.0  132s
  3274  2320 4630.81221   42   56          - 4039.40122      -  68.7  135s
  3361  2441 4695.78086   44   59          - 4039.40122      -  68.2  140s
  3603  2523 4746.67180   43   71          - 4039.40122      -  66.1  147s
  3654  2579 4773.47589   62   48          - 4039.40122      -  67.9  152s
  3685  2611 4794.74831   74   36          - 4039.40122      -  68.9  155s
  3785  2735 5092.81892  109    9          - 4039.40122      -  70.2  163s
  3852  2797 5358.75750  114   14          - 4039.40122      -  70.3  166s
  3910  2857 6108.57589  139   62          - 4039.40122      -  71.0  171s
  3972  3004 5784.70245  158   66          - 4039.40122      -  71.4  176s
  4132  3374 6224.25750  174   13          - 4039.40122      -  70.4  185s
  4587  3822 6401.38000  183    2          - 4048.52603      -  65.1  195s
  5067  4042 4153.39558   20  292          - 4048.52603      -  60.2  204s
  5285  4130 4397.67783   24  270          - 4048.52603      -  59.1  209s
  5367  4254 4482.88000   29   53          - 4048.52603      -  59.4  214s
  5390  4254 4637.89000   40    6          - 4048.52603      -  59.4  215s
  5630  4416 4778.59500   54   23          - 4058.04436      -  58.7  224s
  5676  4418 5061.79000   67    6          - 4058.04436      -  58.5  225s
  5796  4590 4346.17202   20  345          - 4058.04436      -  59.3  232s
  5890  4624 4528.26610   23  214          - 4058.04436      -  59.6  236s
  5929  4677 4773.72362   36   96          - 4058.04436      -  60.0  240s
  5978  4848 4835.16886   44   24          - 4058.13688      -  60.7  245s
  6193  4938 4291.46799   18  287          - 4058.13688      -  60.0  252s
  6300  5009 4484.52328   26  255          - 4058.13688      -  60.0  256s
  6352  5075 4662.83026   46   17          - 4058.13688      -  60.6  261s
  6420  5248 4875.57500   61   13          - 4058.13688      -  61.2  266s
  6600  5440 5864.27500  116   20          - 4058.81277      -  60.9  273s
  6902  5598 4524.21993   20  185          - 4058.81277      -  59.4  283s
  7096  5763 4663.91682   32   63          - 4058.81277      -  59.1  291s
  7332  6126 4900.13077   52   18          - 4065.17496      -  58.5  300s
  7728  6227 5233.68711  126   29          - 4074.10213      -  56.8  307s
  7824  6297 4166.70211   19  375          - 4074.10213      -  57.1  313s
  7875  6395 4491.34812   24  251          - 4074.10213      -  57.9  319s
  7999  6660 4442.40575   35  315          - 4074.10213      -  58.2  331s
  8349  6736 4758.90786   46  125          - 4078.57813      -  57.2  338s
  8407  6839 4931.48150   49  107          - 4078.57813      -  57.9  344s
  8466  6841 4413.47009   29  114          - 4078.57813      -  58.1  345s
  8499  6951 5594.73837   81   44          - 4078.57813      -  58.4  350s
  8609  7033 infeasible  126               - 4079.08281      -  58.9  357s
  8723  7102 4415.46217   20  207          - 4079.08281      -  59.2  363s
  8791  7220 4604.95288   26  221          - 4079.08281      -  59.8  371s
  8993  7245 4689.89143   33  214          - 4079.08281      -  59.4  378s
  9058  7436 4798.99409   38   22          - 4079.08281      -  59.7  388s
  9282  7451 6644.42000  185    -          - 4079.08281      -  59.3  390s
  9301  7506 4897.27182   44  150          - 4079.08281      -  59.3  395s
  9344  7575 4904.44776   73  134          - 4079.08281      -  59.8  400s
  9415  7808 5184.64000   88   29          - 4082.58538      -  60.4  410s
  9723  7966 4312.25233   19  305          - 4082.58538      -  59.7  420s
  9851  8178 4377.03324   25  142          - 4082.58538      -  59.7  429s
 10012  8193 6016.29507  171   47          - 4082.58538      -  59.6  430s
 10089  8282 4614.01273   37   94          - 4082.58538      -  59.4  438s
 10212  8415 4808.73239   75   56          - 4087.65272      -  59.7  447s
 10414  8609 5065.65631   79   43          - 4091.62080      -  59.6  457s
*10482  5531             135    5950.3600000 4091.62080  31.2%  59.4  457s
 10643  5467 5859.25000  133    - 5950.36000 4091.68357  31.2%  59.2  464s
 10719  5475 5887.23000  133    - 5950.36000 4096.23042  31.2%  59.6  473s
 10723  5547 4432.23747   18  363 5950.36000 4096.23042  31.2%  59.8  480s
 10808  5564 4549.17585   20  342 5950.36000 4096.23042  31.2%  60.1  487s
 10826  5641 4831.28698   30   91 5950.36000 4096.23042  31.2%  60.6  495s
 10911  5736 4907.15000   35   15 5950.36000 4096.23042  31.2%  60.9  503s
 11028  5802 4955.69000   37   20 5950.36000 4096.23042  31.2%  61.1  511s
 11107  5876 4976.68000   39   15 5950.36000 4100.97816  31.1%  61.3  519s
 11155  5877 5230.94636  111    7 5950.36000 4100.97816  31.1%  61.2  520s
 11197  5903 5894.22000  126    5 5950.36000 4103.77069  31.0%  61.6  526s
