




arguments: ./build/bc_mirp -f ./input/orig_exec_2.cfg
Current dir: /scratch/gui/bc_mirp
File verbosity level: 9
date       time         ( uptime  ) [ thread name/id ]                   file:line     v| 
2021-02-06 09:14:25.399 (   0.069s) [main thread     ]             loguru.cpp:789   INFO| Logging to './output/vi_vc+hc1_full/OU/V2/Original/execution_06_02_2021_09_14_25.log', mode: 'a', verbosity: 9
--------------------------------------------------------------------------------
Parameters
                           instance_path           ./input/Instances/Original/1/
                            model_policy                                       1
                             nb_vehicles                                       2
                              output_dir ./output/vi_vc+hc1_full/OU/V2/Original/
                            sec_strategy                                       1
                       solver_nb_threads                                       2
                         solver_show_log                                    true
                       solver_time_limit                                    3600
                              use_vi_cos                                   false
                              use_vi_cus                                   false
                         use_vi_hc1_full                                    true
                         use_vi_hc1_half                                   false
                      use_vi_hc1_quarter                                   false
                              use_vi_hc2                                   false
                              use_vi_hc3                                   false
                         use_vi_lex_full                                   false
                         use_vi_lex_half                                   false
                      use_vi_lex_quarter                                   false
                              use_vi_qua                                   false
                               use_vi_vc                                    true
                               use_vi_vr                                   false
--------------------------------------------------------------------------------
executing instance: ./input/Instances/Original/1/absH3high_1n5.dat
--------------------------------------------------------------------------------
Instance details
n	6
H	3
C	289
Li:
[0, 0, 0, 0, 0, 0, ]
Ui:
[0, 195, 105, 116, 72, 22, ]
Distance matrix:
|0	85	349	17	203	289	|
|85	0	265	102	214	226	|
|349	265	0	366	368	238	|
|17	102	366	0	207	302	|
|203	214	368	207	0	431	|
|289	226	238	302	431	0	|

--------------------------------------------------------------------------------
Building model...
	using lazy and cut (CVRPSEP package)
Solving IRP LP...
--------------------------------------------------------------------------------

Gurobi 9.1.0 (linux64) logging started Sat Feb  6 09:14:25 2021

Gurobi Optimizer version 9.1.0 build v9.1.0rc0 (linux64)
Thread count: 32 physical cores, 32 logical processors, using up to 2 threads
Optimize a model with 162 rows, 180 columns and 648 nonzeros
Model fingerprint: 0xc790dd51
Variable types: 54 continuous, 126 integer (36 binary)
Coefficient statistics:
  Matrix range     [1e+00, 2e+02]
  Objective range  [2e-01, 4e+02]
  Bounds range     [1e+00, 2e+02]
  RHS range        [1e+00, 5e+02]
Presolve removed 56 rows and 43 columns
Presolve time: 0.01s
Presolved: 106 rows, 137 columns, 475 nonzeros
Variable types: 29 continuous, 108 integer (81 binary)
Found heuristic solution: objective 3419.3100000

Root relaxation: objective 1.647216e+03, 86 iterations, 0.00 seconds

    Nodes    |    Current Node    |     Objective Bounds      |     Work
 Expl Unexpl |  Obj  Depth IntInf | Incumbent    BestBd   Gap | It/Node Time

     0     0 1647.21595    0   20 3419.31000 1647.21595  51.8%     -    0s
H    0     0                    2934.2000000 1647.21595  43.9%     -    0s
     0     0 1807.43043    0   21 2934.20000 1807.43043  38.4%     -    0s
H    0     0                    2843.0400000 1807.43043  36.4%     -    0s
     0     0 1810.00534    0   19 2843.04000 1810.00534  36.3%     -    0s
     0     0 2132.77158    0   36 2843.04000 2132.77158  25.0%     -    0s
H    0     0                    2806.2700000 2132.77158  24.0%     -    0s
H    0     0                    2740.9100000 2132.77158  22.2%     -    0s
H    0     0                    2543.2300000 2132.77158  16.1%     -    0s
     0     0 2145.59458    0   29 2543.23000 2145.59458  15.6%     -    0s
     0     0 2146.09664    0   30 2543.23000 2146.09664  15.6%     -    0s
     0     0 2147.78228    0   31 2543.23000 2147.78228  15.5%     -    0s
     0     0 2186.29763    0   51 2543.23000 2186.29763  14.0%     -    0s
     0     0 2186.31311    0   51 2543.23000 2186.31311  14.0%     -    0s
     0     0 2211.55136    0   39 2543.23000 2211.55136  13.0%     -    0s
     0     0 2212.89908    0   30 2543.23000 2212.89908  13.0%     -    0s
     0     0 2213.15853    0   34 2543.23000 2213.15853  13.0%     -    0s
     0     0 2214.72646    0   37 2543.23000 2214.72646  12.9%     -    0s
     0     0 2214.72646    0   36 2543.23000 2214.72646  12.9%     -    0s
H    0     0                    2266.6100000 2214.72646  2.29%     -    0s
     0     0     cutoff    0      2266.61000 2266.61000  0.00%     -    0s

Explored 1 nodes (326 simplex iterations) in 0.10 seconds
Thread count was 2 (of 32 available processors)

Solution count 7: 2266.61 2543.23 2740.91 ... 3419.31

Optimal solution found (tolerance 1.00e-04)
Best objective 2.266610000000e+03, best bound 2.266610000000e+03, gap 0.0000%

User-callback calls 176, time in user-callback 0.00 sec
================================================================================
executing instance: ./input/Instances/Original/1/absH3high_1n45.dat
--------------------------------------------------------------------------------
Instance details
n	46
H	3
C	3462
Li:
[0, 0, 0, 0, 0, 0, 0, 0, 0, 0, 0, 0, 0, 0, 0, 0, 0, 0, 0, 0, 0, 0, 0, 0, 0, 0, 0, 0, 0, 0, 0, 0, 0, 0, 0, 0, 0, 0, 0, 0, 0, 0, 0, 0, 0, 0, ]
Ui:
[0, 273, 270, 36, 165, 192, 148, 45, 30, 75, 180, 198, 112, 117, 90, 64, 180, 22, 264, 174, 168, 270, 86, 66, 26, 66, 237, 156, 92, 108, 144, 72, 30, 45, 94, 54, 174, 96, 198, 136, 44, 180, 210, 249, 198, 48, ]
Distance matrix:
|0	281	201	160	249	201	93	431	236	139	252	136	116	166	390	110	349	374	303	180	327	464	236	70	44	461	346	439	363	254	312	426	305	206	71	137	169	200	247	260	20	219	256	253	460	278	|
|281	0	448	170	53	142	338	184	121	290	371	390	222	302	111	289	169	434	230	177	238	441	59	212	319	211	86	235	399	306	53	176	99	202	263	157	361	101	370	201	264	344	364	374	469	184	|
|201	448	0	285	430	325	114	556	361	171	191	64	228	174	546	294	453	306	364	289	388	435	393	254	157	585	491	536	318	254	490	554	436	407	266	292	108	388	186	337	207	181	205	190	408	364	|
|160	170	285	0	169	43	182	280	80	120	208	231	58	132	262	230	190	294	151	24	174	345	112	107	183	309	207	280	268	158	219	276	155	235	187	45	192	150	205	107	140	177	202	210	356	119	|
|249	53	430	169	0	152	317	238	145	282	377	369	212	299	157	242	215	452	261	183	273	474	76	181	290	264	140	287	421	320	63	229	145	148	221	142	352	53	374	226	234	346	370	378	498	215	|
|201	142	325	43	152	0	224	237	37	156	230	273	101	164	224	261	148	300	127	38	147	333	83	142	225	266	167	238	270	168	193	233	112	246	221	70	228	148	228	84	180	202	222	232	351	87	|
|93	338	114	182	317	224	0	460	262	92	180	52	124	112	440	199	364	307	292	191	317	415	284	140	57	490	387	452	304	208	377	457	336	297	163	181	84	274	175	256	95	152	188	180	402	280	|
|431	184	556	280	238	237	460	0	199	385	420	508	337	385	108	464	110	429	219	269	206	378	202	365	460	30	98	84	388	340	204	9	126	386	432	294	453	283	421	226	411	404	408	423	422	198	|
|236	121	361	80	145	37	262	199	0	191	255	310	138	197	191	290	114	312	118	72	133	330	69	175	262	229	132	204	279	186	174	195	75	258	251	102	262	153	254	81	216	230	246	257	353	72	|
|139	290	171	120	282	156	92	385	191	0	116	129	71	27	380	246	283	235	201	119	226	329	231	141	129	414	323	367	224	119	336	383	266	308	202	141	72	252	112	169	127	82	118	117	322	195	|
|252	371	191	208	377	230	180	420	255	116	0	187	178	90	443	361	311	127	204	195	224	246	313	257	232	446	382	380	129	81	423	421	320	422	318	242	100	355	5	195	241	34	15	2	225	224	|
|136	390	64	231	369	273	52	508	310	129	187	0	173	141	491	233	409	313	330	239	355	431	335	191	93	538	438	495	316	233	429	505	385	342	203	233	88	325	182	297	143	167	199	187	412	323	|
|116	222	228	58	212	101	124	337	138	71	178	173	0	91	319	206	244	284	187	69	212	357	165	85	130	367	265	333	264	151	267	333	213	244	161	70	140	181	175	145	97	145	177	180	359	165	|
|166	302	174	132	299	164	112	385	197	27	90	141	91	0	388	273	280	208	191	127	215	305	243	167	153	413	329	361	198	96	351	383	270	333	229	159	68	272	86	163	153	56	92	91	296	190	|
|390	111	546	262	157	224	440	108	191	380	443	491	319	388	0	399	164	480	264	261	261	456	156	320	426	125	62	186	442	369	107	99	125	300	374	260	452	210	443	252	372	420	433	446	494	227	|
|110	289	294	230	242	261	199	464	290	246	361	233	206	273	399	0	402	480	382	254	404	562	262	124	143	493	369	490	466	355	302	457	344	135	45	191	279	189	356	337	120	328	364	362	563	348	|
|349	169	453	190	215	148	364	110	114	283	311	409	244	280	164	402	0	324	110	174	101	292	151	289	372	135	109	90	284	230	212	111	70	354	364	216	348	245	312	118	329	295	298	313	330	90	|
|374	434	306	294	452	300	307	429	312	235	127	313	284	208	480	480	324	0	216	274	223	137	380	368	357	448	419	367	40	136	487	432	358	525	436	336	227	443	132	234	361	156	119	127	102	255	|
|303	230	364	151	261	127	292	219	118	201	204	330	187	191	264	382	110	216	0	128	25	213	185	258	314	243	203	176	178	123	282	221	144	372	338	193	256	270	206	45	283	193	191	206	239	46	|
|180	177	289	24	183	38	191	269	72	119	195	239	69	127	261	254	174	274	128	0	151	321	118	130	198	299	204	263	246	139	228	266	147	258	211	68	191	169	193	83	159	166	188	197	333	98	|
|327	238	388	174	273	147	317	206	133	226	224	355	212	215	261	404	101	223	25	151	0	203	198	281	339	228	202	156	184	143	288	209	146	390	362	215	280	286	226	68	308	215	210	226	235	61	|
|464	441	435	345	474	333	415	378	330	329	246	431	357	305	456	562	292	137	213	321	203	0	398	440	458	390	400	301	117	211	492	384	348	578	517	389	344	480	251	251	448	265	233	246	54	259	|
|236	59	393	112	76	83	284	202	69	231	313	335	165	243	156	262	151	380	185	118	198	398	0	167	270	231	110	233	347	250	110	195	85	203	230	103	303	95	311	150	217	284	305	315	422	139	|
|70	212	254	107	181	142	140	365	175	141	257	191	85	167	320	124	289	368	258	130	281	440	167	0	109	394	277	378	349	236	244	359	239	167	81	73	196	135	253	213	53	223	257	258	444	226	|
|44	319	157	183	290	225	57	460	262	129	232	93	130	153	426	143	372	357	314	198	339	458	270	109	0	490	379	462	351	247	353	456	334	250	110	168	140	243	226	274	56	201	238	232	449	294	|
|461	211	585	309	264	266	490	30	229	414	446	538	367	413	125	493	135	448	243	299	228	390	231	394	490	0	125	89	408	365	226	36	156	412	462	324	481	311	447	253	441	430	433	448	436	225	|
|346	86	491	207	140	167	387	98	132	323	382	438	265	329	62	369	109	419	203	204	202	400	110	277	379	125	0	155	381	307	113	90	63	288	339	211	394	186	382	190	327	359	371	384	436	165	|
|439	235	536	280	287	238	452	84	204	367	380	495	333	361	186	490	90	367	176	263	156	301	233	378	462	89	155	0	326	299	267	92	148	432	454	306	429	325	382	199	419	369	366	382	348	172	|
|363	399	318	268	421	270	304	388	279	224	129	316	264	198	442	466	284	40	178	246	184	117	347	349	351	408	381	326	0	113	452	391	321	502	422	311	229	415	134	199	348	152	118	130	98	219	|
|254	306	254	158	320	168	208	340	186	119	81	233	151	96	369	355	230	136	123	139	143	211	250	236	247	365	307	299	113	0	359	340	244	390	310	200	148	308	83	117	238	74	68	83	208	145	|
|312	53	490	219	63	193	377	204	174	336	423	429	267	351	107	302	212	487	282	228	288	492	110	244	353	226	113	267	452	359	0	195	145	194	283	199	407	115	421	254	296	394	415	425	521	237	|
|426	176	554	276	229	233	457	9	195	383	421	505	333	383	99	457	111	432	221	266	209	384	195	359	456	36	90	92	391	340	195	0	122	378	426	289	451	275	421	226	406	404	408	423	427	197	|
|305	99	436	155	145	112	336	126	75	266	320	385	213	270	125	344	70	358	144	147	146	348	85	239	334	156	63	148	321	244	145	122	0	286	310	168	336	177	320	128	285	298	309	322	381	103	|
|206	202	407	235	148	246	297	386	258	308	422	342	244	333	300	135	354	525	372	258	390	578	203	167	250	412	288	432	502	390	194	378	286	0	144	191	362	109	418	329	202	388	421	423	591	329	|
|71	263	266	187	221	221	163	432	251	202	318	203	161	229	374	45	364	436	338	211	362	517	230	81	110	462	339	454	422	310	283	426	310	144	0	150	239	168	313	294	77	285	321	319	518	306	|
|137	157	292	45	142	70	181	294	102	141	242	233	70	159	260	191	216	336	193	68	215	389	103	73	168	324	211	306	311	200	199	289	168	191	150	0	210	113	239	148	117	210	238	244	400	157	|
|169	361	108	192	352	228	84	453	262	72	100	88	140	68	452	279	348	227	256	191	280	344	303	196	140	481	394	429	229	148	407	451	336	362	239	210	0	318	95	231	164	79	111	100	325	258	|
|200	101	388	150	53	148	274	283	153	252	355	325	181	272	210	189	245	443	270	169	286	480	95	135	243	311	186	325	415	308	115	275	177	109	168	113	318	0	352	230	187	323	351	357	498	225	|
|247	370	186	205	374	228	175	421	254	112	5	182	175	86	443	356	312	132	206	193	226	251	311	253	226	447	382	382	134	83	421	421	320	418	313	239	95	352	0	196	237	30	19	6	230	224	|
|260	201	337	107	226	84	256	226	81	169	195	297	145	163	252	337	118	234	45	83	68	251	150	213	274	253	190	199	199	117	254	226	128	329	294	148	231	230	196	0	240	178	184	198	272	29	|
|20	264	207	140	234	180	95	411	216	127	241	143	97	153	372	120	329	361	283	159	308	448	217	53	56	441	327	419	348	238	296	406	285	202	77	117	164	187	237	240	0	208	245	242	446	257	|
|219	344	181	177	346	202	152	404	230	82	34	167	145	56	420	328	295	156	193	166	215	265	284	223	201	430	359	369	152	74	394	404	298	388	285	210	79	323	30	178	208	0	37	35	250	206	|
|256	364	205	202	370	222	188	408	246	118	15	199	177	92	433	364	298	119	191	188	210	233	305	257	238	433	371	366	118	68	415	408	309	421	321	238	111	351	19	184	245	37	0	17	214	212	|
|253	374	190	210	378	232	180	423	257	117	2	187	180	91	446	362	313	127	206	197	226	246	315	258	232	448	384	382	130	83	425	423	322	423	319	244	100	357	6	198	242	35	17	0	225	226	|
|460	469	408	356	498	351	402	422	353	322	225	412	359	296	494	563	330	102	239	333	235	54	422	444	449	436	436	348	98	208	521	427	381	591	518	400	325	498	230	272	446	250	214	225	0	285	|
|278	184	364	119	215	87	280	198	72	195	224	323	165	190	227	348	90	255	46	98	61	259	139	226	294	225	165	172	219	145	237	197	103	329	306	157	258	225	224	29	257	206	212	226	285	0	|

--------------------------------------------------------------------------------
Building model...
	using lazy and cut (CVRPSEP package)
Solving IRP LP...
--------------------------------------------------------------------------------

Gurobi 9.1.0 (linux64) logging started Sat Feb  6 09:14:26 2021

Gurobi Optimizer version 9.1.0 build v9.1.0rc0 (linux64)
Thread count: 32 physical cores, 32 logical processors, using up to 2 threads
Optimize a model with 1282 rows, 6940 columns and 19108 nonzeros
Model fingerprint: 0x6a8b5117
Variable types: 454 continuous, 6486 integer (276 binary)
Coefficient statistics:
  Matrix range     [1e+00, 2e+03]
  Objective range  [1e-01, 6e+02]
  Bounds range     [1e+00, 3e+02]
  RHS range        [1e+00, 6e+03]
Presolve removed 249 rows and 258 columns
Presolve time: 0.08s
Presolved: 1033 rows, 6682 columns, 17541 nonzeros
Variable types: 331 continuous, 6351 integer (6081 binary)

Root relaxation: objective 1.302477e+04, 709 iterations, 0.02 seconds

    Nodes    |    Current Node    |     Objective Bounds      |     Work
 Expl Unexpl |  Obj  Depth IntInf | Incumbent    BestBd   Gap | It/Node Time

     0     0 13024.7676    0  109          - 13024.7676      -     -    0s
     0     0 13402.4939    0  113          - 13402.4939      -     -    0s
     0     0 13403.1583    0  125          - 13403.1583      -     -    0s
     0     0 13406.0566    0  134          - 13406.0566      -     -    0s
     0     0 13406.0566    0  140          - 13406.0566      -     -    0s
     0     0 13924.2938    0  164          - 13924.2938      -     -    0s
     0     0 13930.8634    0  178          - 13930.8634      -     -    0s
     0     0 13961.0101    0  184          - 13961.0101      -     -    0s
     0     0 13962.8885    0  201          - 13962.8885      -     -    0s
     0     0 13962.8885    0  196          - 13962.8885      -     -    0s
     0     0 14077.6381    0  241          - 14077.6381      -     -    1s
     0     0 14137.3837    0  261          - 14137.3837      -     -    1s
     0     0 14147.2472    0  272          - 14147.2472      -     -    1s
     0     0 14180.5407    0  268          - 14180.5407      -     -    1s
     0     0 14198.8027    0  261          - 14198.8027      -     -    1s
     0     0 14208.2622    0  260          - 14208.2622      -     -    1s
     0     0 14208.3684    0  279          - 14208.3684      -     -    1s
     0     0 14272.1776    0  287          - 14272.1776      -     -    1s
     0     0 14277.4450    0  248          - 14277.4450      -     -    2s
     0     0 14288.3902    0  302          - 14288.3902      -     -    2s
     0     0 14290.2494    0  307          - 14290.2494      -     -    2s
     0     0 14290.5069    0  318          - 14290.5069      -     -    2s
     0     0 14299.0200    0  267          - 14299.0200      -     -    2s
     0     0 14301.9195    0  293          - 14301.9195      -     -    2s
     0     2 14312.6074    0  316          - 14312.6074      -     -    3s
    45    52 14490.2764   12  255          - 14352.3359      -   185    5s
   408   430 15684.0081  104   29          - 14352.3359      -  81.1   10s
   665   677 14653.8213   22  105          - 14358.3539      -  84.9   15s
   786   748 15823.6800  131  423          - 14399.8637      -  76.9   20s
   809   764 14423.4196    3  455          - 14423.4196      -  74.7   25s
   821   772 15791.1900  131  448          - 14432.4444      -  73.6   31s
   830   781 14478.8965   16  362          - 14451.0483      -  84.9   35s
   885   820 14607.9500   30  304          - 14461.3103      -  98.5   40s
   965   880 14923.8374   48  209          - 14461.3103      -   111   45s
  1075   955 15272.9092   72  181          - 14461.3103      -   119   50s
  1209  1063 15422.7162   98  136          - 14461.3103      -   122   55s
  1376  1202 15671.2425  117  122          - 14461.3103      -   119   60s
  1524  1243 15978.6752  135   68          - 14461.3103      -   113   65s
  1701  1356 17082.5400  220   11          - 14461.3103      -   108   71s
  1864  1397 18122.6733  295    9          - 14465.9709      -   102   75s
  1928  1425 14812.4883   28  247          - 14465.9709      -   108   80s
  1969  1459 14836.0268   33  150          - 14465.9709      -   111   88s
  2012  1487 14941.2230   52   85          - 14465.9709      -   112   91s
  2086  1564 15017.9208   79   43          - 14465.9709      -   114   95s
  2224  1671 15457.6185  107   32          - 14465.9709      -   114  101s
* 2231   977             111    15467.730000 14465.9709  6.48%   114  101s
* 2298   842             110    15461.490000 14474.1618  6.39%   113  103s
  2320   854 14626.7837   22  278 15461.4900 14474.1733  6.39%   115  106s
  2348   876 14727.4195   31  209 15461.4900 14474.1733  6.39%   118  111s
H 2364   662                    15218.490000 14474.1733  4.89%   119  118s
H 2371   615                    15195.700000 14474.1733  4.75%   119  118s
  2378   636 14839.2389   41  187 15195.7000 14474.1733  4.75%   120  120s
  2476   751 15130.8447   69   50 15195.7000 14474.1733  4.75%   120  127s
  2591   724 15110.2516   93  110 15195.7000 14477.2889  4.73%   118  131s
  2662   749 15183.8621   54    6 15195.7000 14478.9051  4.72%   119  136s
  2703   771 14667.0761   25  356 15195.7000 14478.9606  4.72%   120  140s
  2754   811 14819.2867   40  208 15195.7000 14478.9606  4.72%   123  145s
  2797   896 14937.2345   64  175 15195.7000 14478.9606  4.72%   124  150s
  2938  1034 15048.1688  125   19 15195.7000 14479.8296  4.71%   123  158s
  3034  1045 14676.4929   18  317 15195.7000 14497.7381  4.59%   122  160s
  3072  1109 14984.4772   27  137 15195.7000 14497.7381  4.59%   125  166s
  3173  1184 14715.4328   22  302 15195.7000 14511.7591  4.50%   127  172s
  3205  1276 14877.5117   42  154 15195.7000 14519.9751  4.45%   129  176s
  3315  1291 14620.8436   23  376 15195.7000 14519.9751  4.45%   128  180s
  3378  1347 15087.0961   69  247 15195.7000 14520.6942  4.44%   130  188s
  3407  1377 14590.1532   19  397 15195.7000 14520.6942  4.44%   131  191s
  3437  1428 14807.0280   36  307 15195.7000 14520.6942  4.44%   133  195s
  3488  1435     cutoff   65      15195.7000 14520.6952  4.44%   135  200s
  3572  1531 15068.6564   51   45 15195.7000 14521.4731  4.44%   137  207s
  3627  1589 14764.3021   29  149 15195.7000 14521.5200  4.44%   138  213s
  3697  1615 14586.5145   21  300 15195.7000 14521.5200  4.44%   139  217s
  3733  1632 14960.3348   39  271 15195.7000 14522.2159  4.43%   141  221s
  3758  1664 14697.0700   23  313 15195.7000 14522.2159  4.43%   142  227s
  3798  1682 14897.5223   36  271 15195.7000 14524.0096  4.42%   143  231s
  3838  1731 14768.5990   22  262 15195.7000 14524.2191  4.42%   145  237s
  3915  1774 14950.3039   22  290 15195.7000 14524.4427  4.42%   147  242s
  3964  1799     cutoff   42      15195.7000 14529.1483  4.39%   148  247s
  4021  1888 14802.0210   35  160 15195.7000 14531.6463  4.37%   149  253s
  4129  1950 14765.4691   29  269 15195.7000 14539.5274  4.32%   150  260s
  4200  2003 14611.5144   24  287 15195.7000 14539.5274  4.32%   151  265s
  4261  2035 15034.9046   58  156 15195.7000 14543.5852  4.29%   152  271s
  4306  2072 14812.8084   28  276 15195.7000 14543.7125  4.29%   154  277s
  4343  2126 14804.2158   35  267 15195.7000 14543.7125  4.29%   156  283s
  4397  2213 14948.1131   48  243 15195.7000 14543.7125  4.29%   158  290s
  4522  2249 infeasible   77      15195.7000 14547.0345  4.27%   158  297s
  4588  2312 14653.2275   22  322 15195.7000 14552.2494  4.23%   160  304s
  4611  2312 15022.1521   45   64 15195.7000 14552.2494  4.23%   160  305s
  4675  2388 14668.5800   27  296 15195.7000 14554.4656  4.22%   161  312s
  4785  2530 14782.3463   26  307 15195.7000 14556.5394  4.21%   161  320s
  4955  2632     cutoff   34      15195.7000 14557.3403  4.20%   159  329s
  5084  2772 14777.5124   32  286 15195.7000 14558.4516  4.19%   158  338s
  5258  2857 14912.3508   22  233 15195.7000 14559.6674  4.19%   157  347s
  5388  2950 14803.8033   31  357 15195.7000 14560.5950  4.18%   157  356s
  5501  3002 15098.8572   54  186 15195.7000 14561.2691  4.18%   157  366s
  5559  3099 14764.9861   28  271 15195.7000 14561.7675  4.17%   158  374s
  5617  3099 14876.6697   32  245 15195.7000 14561.7675  4.17%   158  375s
  5687  3180 15021.3435   44  243 15195.7000 14563.5196  4.16%   158  384s
  5801  3273 14672.6646   23  321 15195.7000 14571.0294  4.11%   158  394s
  5912  3419 14790.3243   25  336 15195.7000 14571.9358  4.10%   159  404s
  5935  3419 15040.4945   38  110 15195.7000 14571.9358  4.10%   159  405s
  6106  3521     cutoff   66      15195.7000 14575.4368  4.08%   158  415s
  6228  3575 15169.2451   46  121 15195.7000 14577.0336  4.07%   158  426s
  6329  3703 14864.9932   33  264 15195.7000 14584.2900  4.02%   159  437s
  6483  3842 14901.7553   29  142 15195.7000 14586.3303  4.01%   160  448s
  6641  3917 14730.1291   21  293 15195.7000 14586.6731  4.01%   161  459s
  6696  3917 14948.3180   26  113 15195.7000 14586.6731  4.01%   161  460s
  6761  4102 14959.6408   30   80 15195.7000 14590.8647  3.98%   161  472s
  6989  4220 15140.0413   54  270 15195.7000 14592.1352  3.97%   159  483s
  7144  4291 14819.9310   38  284 15195.7000 14593.3009  3.96%   159  495s
  7259  4486     cutoff   38      15195.7000 14593.8829  3.96%   159  509s
  7313  4486 15055.9443   49  137 15195.7000 14593.8829  3.96%   160  510s
  7476  4610 15060.2296   56  111 15195.7000 14595.5120  3.95%   159  523s
  7659  4657 15145.0506   78    5 15195.7000 14598.2152  3.93%   159  537s
  7810  4748     cutoff   79      15195.7000 14598.3614  3.93%   158  552s
  7949  4823 14986.9472   31  199 15195.7000 14599.9880  3.92%   158  565s
  8097  4953 14680.3608   24  191 15195.7000 14600.9244  3.91%   158  578s
  8265  5067 15007.0354   69  141 15195.7000 14602.0796  3.91%   158  591s
  8427  5188 14807.6944   25  320 15195.7000 14606.2840  3.88%   159  604s
  8560  5189 15113.8420   63  132 15195.7000 14606.5300  3.88%   160  605s
  8588  5333 15130.1206   47   89 15195.7000 14606.8719  3.87%   160  617s
  8788  5450 14731.9363   27  278 15195.7000 14608.1175  3.87%   161  631s
  8943  5611 15120.7086   40  281 15195.7000 14609.3957  3.86%   162  645s
  9166  5714 14761.7760   23  279 15195.7000 14611.8520  3.84%   161  658s
  9310  5842 15087.1555   45  270 15195.7000 14613.2717  3.83%   161  671s
  9482  5950 infeasible   53      15195.7000 14615.0138  3.82%   161  686s
  9645  6057 15120.8890   43  273 15195.7000 14616.2680  3.81%   161  699s
  9821  6144 14869.7686   30  263 15195.7000 14620.2196  3.79%   161  712s
  9931  6282 14958.2385   30  213 15195.7000 14620.9381  3.78%   162  726s
 10158  6363 15025.9555   42  306 15195.7000 14621.0611  3.78%   162  739s
 10197  6363 15162.3744   53  137 15195.7000 14621.0611  3.78%   162  740s
 10296  6475 14791.4296   29  248 15195.7000 14622.6611  3.77%   163  753s
 10446  6619 14960.7500   44    6 15195.7000 14624.5974  3.76%   163  767s
 10631  6742     cutoff   98      15195.7000 14625.9848  3.75%   164  782s
 10788  6859 15133.1920   55   26 15195.7000 14628.2998  3.73%   165  796s
 10960  6954 15158.0526   70   70 15195.7000 14629.3066  3.73%   165  810s
 11145  7048 14911.9193   33   99 15195.7000 14630.5166  3.72%   166  825s
 11276  7148 15085.1950   40  257 15195.7000 14631.1295  3.72%   166  839s
 11341  7148 15085.6837   62  145 15195.7000 14631.1295  3.72%   166  840s
 11448  7259 15144.6744   35  142 15195.7000 14632.2679  3.71%   166  854s
 11513  7259 14691.4681   23  327 15195.7000 14632.5393  3.71%   167  855s
 11610  7325 14776.8729   27  281 15195.7000 14633.0246  3.70%   167  868s
 11730  7446 14812.2625   40  275 15195.7000 14634.6528  3.69%   168  884s
 11907  7508 14836.5235   34  275 15195.7000 14635.8018  3.68%   169  898s
 12085  7681 14801.2465   26  303 15195.7000 14637.0653  3.68%   169  911s
 12292  7761 14878.2471   23  262 15195.7000 14637.8067  3.67%   169  926s
 12416  7913 15097.3816   55  138 15195.7000 14638.5144  3.67%   169  941s
 12628  8015 14958.3938   39  280 15195.7000 14639.1098  3.66%   170  955s
 12781  8125 15157.0842   52  216 15195.7000 14639.4526  3.66%   171  971s
 12943  8220 infeasible   38      15195.7000 14640.6372  3.65%   171  986s
 13090  8389 14994.6157   52  115 15195.7000 14641.9033  3.64%   172  999s
 13113  8389 15049.7028   75   84 15195.7000 14641.9033  3.64%   171 1000s
 13301  8527 14912.4256   47  312 15195.7000 14643.0141  3.64%   171 1014s
 13347  8527 15126.8628   93   24 15195.7000 14643.0141  3.64%   171 1015s
 13492  8650 14847.7980   31  282 15195.7000 14644.7743  3.63%   171 1029s
 13546  8650 15122.9674   76    4 15195.7000 14644.7743  3.63%   171 1030s
 13664  8725     cutoff   39      15195.7000 14645.4828  3.62%   172 1043s
 13787  8858 14835.9119   29   97 15195.7000 14645.8917  3.62%   173 1058s
 13970  9037 15002.8374   39  138 15195.7000 14646.0753  3.62%   173 1072s
 14214  9113 14980.1360   24  288 15195.7000 14648.0411  3.60%   172 1087s
 14367  9249 14841.6243   31  321 15195.7000 14648.4765  3.60%   173 1100s
 14558  9364     cutoff   49      15195.7000 14650.7605  3.59%   173 1114s
 14708  9441     cutoff   59      15195.7000 14651.5533  3.58%   174 1128s
 14838  9609 15068.3379   39  165 15195.7000 14653.1231  3.57%   174 1143s
 15033  9610 15037.2422   62   32 15195.7000 14653.9774  3.56%   174 1145s
 15060  9654 14975.2125   53   26 15195.7000 14654.5205  3.56%   174 1164s
*15098  9646              98    15191.980000 14655.4312  3.53%   173 1164s
 15120  9722 15173.3290   78   25 15191.9800 14655.7232  3.53%   174 1178s
 15236  9785     cutoff   81      15191.9800 14656.7879  3.52%   174 1193s
H15394  6407                    15050.980000 14658.7214  2.61%   175 1210s
 15531  6472 14957.6616   36  179 15050.9800 14658.9692  2.60%   175 1225s
 15683  6542 14817.4577   23  223 15050.9800 14660.0890  2.60%   175 1241s
 15813  6603 14803.8015   29  271 15050.9800 14662.0902  2.58%   176 1256s
 15928  6735 14857.1707   27  103 15050.9800 14662.3723  2.58%   176 1271s
 16140  6807 14980.6000   68    8 15050.9800 14663.9116  2.57%   176 1286s
 16276  6884 15004.3753   70   14 15050.9800 14665.8865  2.56%   177 1300s
 16410  6950     cutoff   89      15050.9800 14666.4723  2.55%   177 1317s
 16589  7016 14818.3392   21  355 15050.9800 14667.5260  2.55%   177 1333s
 16746  7116 14775.5504   28  222 15050.9800 14667.8284  2.55%   177 1348s
 16900  7205 14969.7314   46  217 15050.9800 14668.4450  2.54%   178 1364s
 17033  7279 14992.7064   39  183 15050.9800 14669.0904  2.54%   178 1380s
 17231  7337 14945.8218   30  423 15050.9800 14670.8983  2.53%   178 1396s
 17355  7449 14914.2044   34   57 15050.9800 14671.5797  2.52%   179 1412s
 17539  7531     cutoff   74      15050.9800 14672.2109  2.52%   179 1429s
 17576  7531 14981.3164   44  192 15050.9800 14672.2109  2.52%   179 1430s
 17683  7578     cutoff   62      15050.9800 14672.7766  2.51%   179 1446s
 17791  7656 14978.8126   35  249 15050.9800 14673.7038  2.51%   180 1462s
 17933  7708 14747.1712   21  329 15050.9800 14674.2029  2.50%   180 1478s
 18055  7784 14971.1142   28  319 15050.9800 14675.1208  2.50%   181 1494s
 18196  7784 14918.1323   30  221 15050.9800 14675.8848  2.49%   181 1495s
 18199  7850 14982.7712   28  202 15050.9800 14676.1037  2.49%   181 1510s
 18319  7907 14793.7317   27  248 15050.9800 14676.5903  2.49%   182 1526s
 18434  7965 14806.9114   30  324 15050.9800 14677.9874  2.48%   182 1544s
 18489  7965     cutoff   64      15050.9800 14678.4282  2.48%   183 1545s
 18551  8028 14845.5074   28  123 15050.9800 14678.4934  2.47%   183 1561s
 18656  8102 15009.8859   36  236 15050.9800 14678.8023  2.47%   184 1579s
 18784  8176     cutoff   49      15050.9800 14679.4157  2.47%   184 1596s
 18988  8254 14879.3791   38  167 15050.9800 14680.6430  2.46%   184 1612s
 19125  8356 15023.4157   62  140 15050.9800 14681.0927  2.46%   184 1628s
 19280  8430 14967.1012   34  287 15050.9800 14682.3215  2.45%   185 1645s
 19442  8496 14813.3317   33  325 15050.9800 14682.8946  2.45%   185 1662s
 19582  8573 14972.9883   33  252 15050.9800 14683.3889  2.44%   186 1678s
 19719  8684 14837.4778   24  214 15050.9800 14683.7124  2.44%   186 1695s
 19879  8747 15047.7879   39  256 15050.9800 14684.1454  2.44%   186 1712s
 20030  8813 14877.8409   22  302 15050.9800 14685.3018  2.43%   187 1727s
 20157  8878 14956.7341   30  315 15050.9800 14686.1470  2.42%   187 1745s
 20291  8967 15012.1175   41  163 15050.9800 14686.6145  2.42%   188 1764s
 20370  8967 14817.5451   27  216 15050.9800 14687.1026  2.42%   188 1765s
 20441  9123 14982.9306   39  348 15050.9800 14687.3270  2.42%   188 1783s
 20670  9209 14996.3220   39  141 15050.9800 14687.6629  2.41%   188 1802s
 20853  9305     cutoff   55      15050.9800 14688.5989  2.41%   188 1820s
 21026  9420     cutoff   59      15050.9800 14689.0476  2.40%   188 1839s
 21153  9420 14955.5364   38  283 15050.9800 14689.5123  2.40%   188 1840s
 21235  9484     cutoff   42      15050.9800 14689.5545  2.40%   188 1856s
 21404  9545 14985.0918   31  175 15050.9800 14690.5180  2.39%   188 1873s
 21542  9606     cutoff   35      15050.9800 14692.2542  2.38%   188 1893s
 21689  9653 14854.7714   35  264 15050.9800 14692.8768  2.38%   188 1910s
 21774  9739     cutoff   39      15050.9800 14693.3785  2.38%   189 1928s
 21915  9802 14803.1324   35  320 15050.9800 14694.1898  2.37%   189 1947s
 22043  9892 14813.9847   32  298 15050.9800 14694.3682  2.37%   190 1965s
 22185 10026 14886.8286   43  126 15050.9800 14695.5307  2.36%   190 1984s
 22294 10026 15000.4018   44  151 15050.9800 14696.6356  2.35%   190 1985s
 22406 10128 14854.5455   25  303 15050.9800 14697.1428  2.35%   190 2002s
H22569  7955                    14994.980000 14697.2948  1.99%   190 2104s
 22644  7978     cutoff   55      14994.9800 14698.3809  1.98%   190 2119s
 22749  8072 14890.0931   40  130 14994.9800 14700.0487  1.97%   190 2137s
 22918  8124 14837.4191   27  283 14994.9800 14700.4491  1.96%   190 2156s
 23060  8174     cutoff   33      14994.9800 14701.5017  1.96%   191 2173s
 23198  8217 14875.0704   33  369 14994.9800 14702.8077  1.95%   191 2190s
 23327  8279 14852.7534   32  275 14994.9800 14704.4137  1.94%   192 2208s
 23459  8369 14957.4528   51  253 14994.9800 14705.2228  1.93%   192 2225s
 23607  8470 14959.1656   34  289 14994.9800 14705.6984  1.93%   192 2244s
 23816  8534 14879.2175   24  297 14994.9800 14707.0103  1.92%   192 2263s
 23970  8593 14869.8399   28  239 14994.9800 14707.7398  1.92%   193 2282s
 24105  8675     cutoff   39      14994.9800 14708.3475  1.91%   194 2300s
 24269  8792 14885.3438   38  197 14994.9800 14709.9138  1.90%   194 2321s
 24500  8858 14972.8250   46   59 14994.9800 14710.5678  1.90%   194 2341s
 24679  8942 14816.0742   29  333 14994.9800 14711.1982  1.89%   194 2358s
 24846  9033 14982.0987   59  201 14994.9800 14711.7359  1.89%   194 2376s
 25039  9102     cutoff   35      14994.9800 14712.3736  1.88%   194 2394s
 25105  9102 14942.6628   39  204 14994.9800 14712.3736  1.88%   194 2395s
 25219  9147 14772.7783   30  224 14994.9800 14712.9457  1.88%   194 2413s
 25360  9216     cutoff   29      14994.9800 14713.8755  1.87%   195 2432s
 25577  9278     cutoff   31      14994.9800 14714.8953  1.87%   195 2452s
 25758  9376 14976.5188   27  217 14994.9800 14715.7972  1.86%   195 2471s
 25961  9423 14858.9451   31  305 14994.9800 14717.4930  1.85%   195 2491s
 26091  9490 14888.1276   29  301 14994.9800 14717.9631  1.85%   195 2511s
 26272  9581 14779.6780   22  323 14994.9800 14718.7379  1.84%   195 2532s
 26465  9667     cutoff   42      14994.9800 14719.4291  1.84%   195 2554s
 26640  9774 14944.5767   31  315 14994.9800 14719.9362  1.83%   195 2578s
 26811  9774 14972.0976   40   72 14994.9800 14720.1326  1.83%   196 2580s
 26820  9840 14808.3483   33  284 14994.9800 14720.3634  1.83%   196 2598s
 26976  9903     cutoff   45      14994.9800 14720.8581  1.83%   196 2618s
 27145  9972     cutoff   34      14994.9800 14721.4489  1.82%   196 2637s
 27318  9995 14782.5212   34  415 14994.9800 14722.2682  1.82%   196 2656s
 27455 10055 14888.8808   35  291 14994.9800 14722.5982  1.82%   197 2673s
 27601 10141 14935.0433   31  302 14994.9800 14724.1312  1.81%   197 2692s
 27779 10206 14961.4539   31  326 14994.9800 14724.6766  1.80%   197 2712s
 27917 10255 14886.0332   24  368 14994.9800 14725.1094  1.80%   198 2732s
 28061 10334     cutoff   28      14994.9800 14725.6805  1.80%   198 2752s
 28238 10415     cutoff   28      14994.9800 14725.9717  1.79%   198 2772s
 28420 10499 14915.6962   32  212 14994.9800 14726.6484  1.79%   198 2791s
 28605 10549     cutoff   29      14994.9800 14727.4753  1.78%   198 2812s
 28834 10601 14850.1921   38  309 14994.9800 14728.1904  1.78%   198 2833s
 28979 10681 14889.8913   26  155 14994.9800 14728.9496  1.77%   198 2855s
 29162 10729     cutoff   31      14994.9800 14729.4140  1.77%   198 2875s
 29324 10809     cutoff   33      14994.9800 14729.7170  1.77%   199 2897s
 29491 10869 14795.6358   32  154 14994.9800 14730.2167  1.77%   199 2920s
 29647 11031 14861.0080   34  163 14994.9800 14730.6766  1.76%   199 2942s
 29884 11099 14943.9148   27  234 14994.9800 14731.6987  1.76%   199 2966s
 30046 11221 14964.0286   35  288 14994.9800 14732.2317  1.75%   199 2989s
 30236 11321 14907.6966   44  167 14994.9800 14732.9251  1.75%   199 3014s
 30321 11321 14912.6265   41  108 14994.9800 14732.9251  1.75%   199 3015s
 30441 11391 14982.6081   39  143 14994.9800 14733.3950  1.74%   199 3039s
 30511 11391 14963.4221   31  148 14994.9800 14733.3950  1.74%   199 3040s
 30609 11465     cutoff   28      14994.9800 14733.7424  1.74%   199 3063s
 30810 11522 14968.9897   38  196 14994.9800 14734.4028  1.74%   199 3084s
 30880 11522 14840.2330   43  235 14994.9800 14734.4028  1.74%   199 3085s
 30990 11592 14818.2206   27  198 14994.9800 14734.9735  1.73%   200 3104s
 31079 11592 14916.1614   40  133 14994.9800 14734.9735  1.73%   200 3105s
 31147 11662 14897.6291   41  158 14994.9800 14735.5635  1.73%   200 3125s
 31309 11767 14892.3441   26  195 14994.9800 14735.9835  1.73%   200 3147s
 31509 11833 14861.6323   25  203 14994.9800 14736.4104  1.72%   200 3168s
 31698 11895     cutoff   37      14994.9800 14736.9293  1.72%   200 3188s
 31886 12028 14987.3371   39  152 14994.9800 14737.1884  1.72%   200 3211s
 32122 12131 14968.8027   76   23 14994.9800 14737.8897  1.71%   200 3234s
 32373 12224 14821.2112   35  365 14994.9800 14738.5554  1.71%   200 3258s
 32606 12320 14933.6408   43  257 14994.9800 14738.9577  1.71%   200 3279s
 32659 12320 14946.2622   49  162 14994.9800 14738.9577  1.71%   200 3280s
 32823 12382     cutoff   50      14994.9800 14739.7146  1.70%   199 3301s
 33007 12436 14907.1632   33  347 14994.9800 14740.1984  1.70%   200 3322s
 33171 12523 14877.4225   35  318 14994.9800 14740.6190  1.70%   200 3344s
 33243 12523 14968.4354   30  197 14994.9800 14740.6190  1.70%   200 3345s
 33384 12650 14925.9460   43  117 14994.9800 14741.2037  1.69%   200 3366s
 33651 12755 14988.3090   34  155 14994.9800 14741.9011  1.69%   200 3390s
 33899 12827 14930.2972   39  184 14994.9800 14742.2677  1.69%   199 3415s
 34117 12908 14953.2284   26  188 14994.9800 14742.6749  1.68%   199 3436s
 34306 12966 14988.3265   28  215 14994.9800 14742.9174  1.68%   200 3460s
 34492 13071 14833.5832   28  223 14994.9800 14743.2226  1.68%   200 3482s
 34722 13212 14949.9490   45   23 14994.9800 14743.8181  1.67%   200 3507s
 34944 13298 14836.3723   35  238 14994.9800 14744.2037  1.67%   200 3530s
 35149 13313 14962.6945   41   71 14994.9800 14744.5461  1.67%   200 3557s
 35210 13395 14928.0311   47  116 14994.9800 14744.6736  1.67%   199 3579s
 35281 13395 14915.0897   37  234 14994.9800 14744.6736  1.67%   200 3580s
 35368 13471     cutoff   47      14994.9800 14745.0380  1.67%   200 3600s

Cutting planes:
  User: 3200
  Gomory: 14
  Cover: 270
  Implied bound: 119
  Clique: 28
  MIR: 74
  StrongCG: 3
  Flow cover: 293
  Zero half: 62
  RLT: 240
  Relax-and-lift: 7
  Lazy constraints: 3506

Explored 35580 nodes (7112651 simplex iterations) in 3601.35 seconds
Thread count was 2 (of 32 available processors)

Solution count 7: 14995 15051 15192 ... 15467.7

Time limit reached
Best objective 1.499498000000e+04, best bound 1.474547981881e+04, gap 1.6639%

User-callback calls 354615, time in user-callback 176.90 sec
================================================================================
executing instance: ./input/Instances/Original/1/absH3high_2n45.dat
--------------------------------------------------------------------------------
Instance details
n	46
H	3
C	3171
Li:
[0, 0, 0, 0, 0, 0, 0, 0, 0, 0, 0, 0, 0, 0, 0, 0, 0, 0, 0, 0, 0, 0, 0, 0, 0, 0, 0, 0, 0, 0, 0, 0, 0, 0, 0, 0, 0, 0, 0, 0, 0, 0, 0, 0, 0, 0, ]
Ui:
[0, 246, 160, 78, 20, 87, 144, 40, 20, 82, 60, 96, 24, 136, 160, 108, 160, 26, 228, 51, 24, 240, 231, 70, 32, 105, 174, 114, 246, 126, 132, 76, 22, 42, 255, 132, 148, 162, 66, 111, 102, 240, 123, 201, 297, 78, ]
Distance matrix:
