




arguments: ./build/bc_mirp -f ./input/orig_exec_98.cfg
Current dir: /scratch/gui/bc_mirp
File verbosity level: 9
date       time         ( uptime  ) [ thread name/id ]                   file:line     v| 
2021-02-07 09:58:50.981 (   0.092s) [main thread     ]             loguru.cpp:789   INFO| Logging to './output/vi_vc+hc1_full/OU/V2/Original/execution_07_02_2021_09_58_50.log', mode: 'a', verbosity: 9
--------------------------------------------------------------------------------
Parameters
                           instance_path           ./input/Instances/Original/3/
                            model_policy                                       1
                             nb_vehicles                                       2
                              output_dir ./output/vi_vc+hc1_full/OU/V2/Original/
                            sec_strategy                                       1
                       solver_nb_threads                                       2
                         solver_show_log                                    true
                       solver_time_limit                                    3600
                              use_vi_cos                                   false
                              use_vi_cus                                   false
                         use_vi_hc1_full                                    true
                         use_vi_hc1_half                                   false
                      use_vi_hc1_quarter                                   false
                              use_vi_hc2                                   false
                              use_vi_hc3                                   false
                         use_vi_lex_full                                   false
                         use_vi_lex_half                                   false
                      use_vi_lex_quarter                                   false
                              use_vi_qua                                   false
                               use_vi_vc                                    true
                               use_vi_vr                                   false
--------------------------------------------------------------------------------
executing instance: ./input/Instances/Original/3/absH3low_2n5.dat
--------------------------------------------------------------------------------
Instance details
n	6
H	3
C	237
Li:
[0, 0, 0, 0, 0, 0, ]
Ui:
[0, 93, 180, 51, 114, 24, ]
Distance matrix:
|0	170	318	35	112	235	|
|170	0	311	205	258	301	|
|318	311	0	326	278	137	|
|35	205	326	0	89	230	|
|112	258	278	89	0	160	|
|235	301	137	230	160	0	|

--------------------------------------------------------------------------------
Building model...
	using lazy and cut (CVRPSEP package)
Solving IRP LP...
--------------------------------------------------------------------------------

Gurobi 9.1.0 (linux64) logging started Sun Feb  7 09:58:51 2021

Gurobi Optimizer version 9.1.0 build v9.1.0rc0 (linux64)
Thread count: 32 physical cores, 32 logical processors, using up to 2 threads
Optimize a model with 162 rows, 180 columns and 648 nonzeros
Model fingerprint: 0x37c6fe9c
Variable types: 54 continuous, 126 integer (36 binary)
Coefficient statistics:
  Matrix range     [1e+00, 2e+02]
  Objective range  [1e-02, 3e+02]
  Bounds range     [1e+00, 2e+02]
  RHS range        [1e+00, 5e+02]
Found heuristic solution: objective 3038.1200000
Presolve removed 56 rows and 43 columns
Presolve time: 0.01s
Presolved: 106 rows, 137 columns, 475 nonzeros
Variable types: 29 continuous, 108 integer (81 binary)

Root relaxation: objective 6.288402e+02, 129 iterations, 0.00 seconds

    Nodes    |    Current Node    |     Objective Bounds      |     Work
 Expl Unexpl |  Obj  Depth IntInf | Incumbent    BestBd   Gap | It/Node Time

     0     0  628.84020    0   16 3038.12000  628.84020  79.3%     -    0s
H    0     0                    2282.7400000  628.84020  72.5%     -    0s
     0     0 1013.72143    0   30 2282.74000 1013.72143  55.6%     -    0s
H    0     0                    1882.3500000 1013.72143  46.1%     -    0s
H    0     0                    1705.5200000 1013.72143  40.6%     -    0s
     0     0 1241.54658    0   36 1705.52000 1241.54658  27.2%     -    0s
H    0     0                    1668.9000000 1241.54658  25.6%     -    0s
H    0     0                    1591.8300000 1241.54658  22.0%     -    0s
     0     0 1249.28756    0   34 1591.83000 1249.28756  21.5%     -    0s
     0     0 1324.20642    0   53 1591.83000 1324.20642  16.8%     -    0s
H    0     0                    1514.8300000 1324.20642  12.6%     -    0s
     0     0 1350.12905    0   43 1514.83000 1350.12905  10.9%     -    0s
     0     0 1350.40790    0   43 1514.83000 1350.40790  10.9%     -    0s
     0     0 1373.38110    0   40 1514.83000 1373.38110  9.34%     -    0s
     0     0 1400.14462    0   32 1514.83000 1400.14462  7.57%     -    0s
     0     0 1403.32048    0   33 1514.83000 1403.32048  7.36%     -    0s
     0     0 1408.76444    0   25 1514.83000 1408.76444  7.00%     -    0s
H    0     0                    1437.9000000 1408.76444  2.03%     -    0s
     0     0 1409.72126    0   25 1437.90000 1409.72126  1.96%     -    0s
     0     0 1410.21520    0   25 1437.90000 1410.21520  1.93%     -    0s
     0     0 1410.30483    0   39 1437.90000 1410.30483  1.92%     -    0s
     0     0 1410.30483    0    4 1437.90000 1410.30483  1.92%     -    0s
     0     0 1410.30483    0    4 1437.90000 1410.30483  1.92%     -    0s
     0     0     cutoff    0      1437.90000 1437.90000  0.00%     -    0s

Cutting planes:
  Gomory: 1
  Cover: 5
  Implied bound: 2
  MIR: 4
  Flow cover: 8
  GUB cover: 1
  RLT: 1

Explored 1 nodes (585 simplex iterations) in 0.12 seconds
Thread count was 2 (of 32 available processors)

Solution count 8: 1437.9 1514.83 1591.83 ... 3038.12

Optimal solution found (tolerance 1.00e-04)
Best objective 1.437900000000e+03, best bound 1.437900000000e+03, gap 0.0000%

User-callback calls 200, time in user-callback 0.00 sec
================================================================================
executing instance: ./input/Instances/Original/3/absH3high_5n30.dat
--------------------------------------------------------------------------------
Instance details
n	31
H	3
C	2296
Li:
[0, 0, 0, 0, 0, 0, 0, 0, 0, 0, 0, 0, 0, 0, 0, 0, 0, 0, 0, 0, 0, 0, 0, 0, 0, 0, 0, 0, 0, 0, 0, ]
Ui:
[0, 80, 90, 297, 28, 264, 123, 192, 112, 32, 72, 88, 294, 129, 126, 105, 110, 237, 246, 92, 72, 147, 54, 96, 128, 96, 84, 28, 74, 196, 192, ]
Distance matrix:
|0	87	302	65	389	171	219	120	412	339	129	63	169	401	383	158	393	161	246	275	64	287	345	235	13	274	106	201	85	358	135	|
|87	0	334	128	402	212	301	204	465	384	187	145	232	424	454	238	475	245	289	352	80	307	352	321	81	352	20	261	170	376	215	|
|302	334	0	239	113	132	237	334	157	70	404	263	162	105	227	229	339	251	65	217	259	53	107	352	293	220	339	134	270	75	235	|
|65	128	239	0	330	107	175	130	348	275	174	40	107	339	326	114	351	125	181	224	58	228	290	222	58	224	143	138	65	297	92	|
|389	402	113	330	0	226	349	438	210	151	502	360	269	48	316	339	441	362	175	328	335	102	55	465	377	330	401	245	371	37	342	|
|171	212	132	107	226	0	169	214	253	173	276	134	64	233	261	130	326	153	77	188	133	125	192	264	162	190	220	68	145	193	125	|
|219	301	237	175	349	169	0	157	257	223	244	157	105	334	180	62	175	61	177	63	233	264	334	118	221	61	317	112	136	312	85	|
|120	204	334	130	438	214	157	0	402	348	88	90	173	438	336	115	307	100	269	220	172	338	406	122	130	218	224	204	69	403	101	|
|412	465	157	348	210	253	257	402	0	88	486	359	245	166	129	287	266	303	178	204	386	208	239	370	406	207	473	212	354	187	304	|
|339	384	70	275	151	173	223	348	88	0	427	291	179	120	166	234	290	254	96	187	306	123	166	342	332	190	391	145	291	119	247	|
|129	187	404	174	502	276	244	88	486	427	0	142	248	508	424	200	390	187	342	308	193	400	464	192	142	306	207	281	136	469	182	|
|63	145	263	40	360	134	157	90	359	291	142	0	114	366	321	95	331	99	202	212	90	258	323	186	65	211	163	148	27	327	72	|
|169	232	162	107	269	64	105	173	245	179	248	114	0	266	222	71	268	94	97	131	155	173	244	203	164	132	245	34	113	233	73	|
|401	424	105	339	48	233	334	438	166	120	508	366	266	0	280	332	409	355	169	305	353	117	96	452	391	308	425	237	374	49	339	|
|383	454	227	326	316	261	180	336	129	166	424	321	222	280	0	231	137	238	208	116	376	277	331	272	381	118	467	197	307	285	253	|
|158	238	229	114	339	130	62	115	287	234	200	95	71	332	231	0	238	23	164	118	171	243	314	134	159	117	255	95	77	302	23	|
|393	475	339	351	441	326	175	307	266	290	390	331	268	409	137	238	0	232	300	138	408	383	445	204	395	136	492	258	308	406	260	|
|161	245	251	125	362	153	61	100	303	254	187	99	94	355	238	23	232	0	187	123	183	267	338	111	164	121	262	117	77	325	34	|
|246	289	65	181	175	77	177	269	178	96	342	202	97	169	208	164	300	187	0	168	210	87	157	290	238	171	296	70	206	138	170	|
|275	352	217	224	328	188	63	220	204	187	308	212	131	305	116	118	138	123	168	0	279	255	322	166	275	3	367	120	195	291	141	|
|64	80	259	58	335	133	233	172	386	306	193	90	155	353	376	171	408	183	210	279	0	236	289	276	51	279	90	182	117	307	150	|
|287	307	53	228	102	125	264	338	208	123	400	258	173	117	277	243	383	267	87	255	236	0	71	374	276	257	308	153	270	71	245	|
|345	352	107	290	55	192	334	406	239	166	464	323	244	96	331	314	445	338	157	322	289	71	0	445	334	325	350	224	337	54	315	|
|235	321	352	222	465	264	118	122	370	342	192	186	203	452	272	134	204	111	290	166	276	374	445	0	243	164	341	221	159	428	142	|
|13	81	293	58	377	162	221	130	406	332	142	65	164	391	381	159	395	164	238	275	51	276	334	243	0	274	100	196	89	347	136	|
|274	352	220	224	330	190	61	218	207	190	306	211	132	308	118	117	136	121	171	3	279	257	325	164	274	0	367	122	194	294	140	|
|106	20	339	143	401	220	317	224	473	391	207	163	245	425	467	255	492	262	296	367	90	308	350	341	100	367	0	272	188	377	232	|
|201	261	134	138	245	68	112	204	212	145	281	148	34	237	197	95	258	117	70	120	182	153	224	221	196	122	272	0	146	208	103	|
|85	170	270	65	371	145	136	69	354	291	136	27	113	374	307	77	308	77	206	195	117	270	337	159	89	194	188	146	0	337	54	|
|358	376	75	297	37	193	312	403	187	119	469	327	233	49	285	302	406	325	138	291	307	71	54	428	347	294	377	208	337	0	306	|
|135	215	235	92	342	125	85	101	304	247	182	72	73	339	253	23	260	34	170	141	150	245	315	142	136	140	232	103	54	306	0	|

--------------------------------------------------------------------------------
Building model...
	using lazy and cut (CVRPSEP package)
Solving IRP LP...
--------------------------------------------------------------------------------

Gurobi 9.1.0 (linux64) logging started Sun Feb  7 09:58:51 2021

Gurobi Optimizer version 9.1.0 build v9.1.0rc0 (linux64)
Thread count: 32 physical cores, 32 logical processors, using up to 2 threads
Optimize a model with 862 rows, 3280 columns and 9373 nonzeros
Model fingerprint: 0xa3468a73
Variable types: 304 continuous, 2976 integer (186 binary)
Coefficient statistics:
  Matrix range     [1e+00, 1e+03]
  Objective range  [1e-01, 5e+02]
  Bounds range     [1e+00, 3e+02]
  RHS range        [1e+00, 4e+03]
Presolve removed 260 rows and 221 columns
Presolve time: 0.08s
Presolved: 602 rows, 3059 columns, 8510 nonzeros
Variable types: 176 continuous, 2883 integer (2706 binary)

Root relaxation: objective 8.877107e+03, 453 iterations, 0.01 seconds

    Nodes    |    Current Node    |     Objective Bounds      |     Work
 Expl Unexpl |  Obj  Depth IntInf | Incumbent    BestBd   Gap | It/Node Time

     0     0 8877.10689    0   89          - 8877.10689      -     -    0s
     0     0 9319.01443    0  136          - 9319.01443      -     -    0s
     0     0 9346.81558    0  130          - 9346.81558      -     -    0s
     0     0 9349.13980    0  129          - 9349.13980      -     -    0s
     0     0 9739.85623    0  149          - 9739.85623      -     -    0s
     0     0 9756.88681    0  164          - 9756.88681      -     -    0s
     0     0 9761.49103    0  146          - 9761.49103      -     -    0s
     0     0 9774.94364    0  124          - 9774.94364      -     -    0s
     0     0 9776.28277    0  118          - 9776.28277      -     -    0s
     0     0 9776.28333    0  138          - 9776.28333      -     -    0s
     0     0 9838.85009    0  143          - 9838.85009      -     -    0s
     0     0 9849.15619    0  110          - 9849.15619      -     -    0s
     0     0 9857.41756    0  141          - 9857.41756      -     -    0s
     0     0 9862.16058    0  167          - 9862.16058      -     -    0s
     0     0 9862.92818    0  211          - 9862.92818      -     -    0s
     0     0 9882.22320    0  167          - 9882.22320      -     -    0s
H    0     0                    12392.640000 9882.22320  20.3%     -    0s
H    0     0                    12344.640000 9882.22320  19.9%     -    0s
     0     0 9887.44069    0  218 12344.6400 9887.44069  19.9%     -    0s
     0     0 9888.66932    0  225 12344.6400 9888.66932  19.9%     -    0s
     0     0 9891.48510    0  185 12344.6400 9891.48510  19.9%     -    0s
     0     0 9891.48510    0  185 12344.6400 9891.48510  19.9%     -    1s
     0     2 9897.96145    0  220 12344.6400 9897.96145  19.8%     -    1s
   368   342 10077.2187    4  224 12344.6400 9940.85989  19.5%  58.4    5s
   751   699 10956.3941   67  180 12344.6400 9940.85989  19.5%  52.8   10s
H  765   672                    12054.200000 9979.96300  17.2%  51.9   12s
   786   686 10730.2000   67  320 12054.2000 9993.95299  17.1%  50.5   15s
   823   716 10094.0123   24  124 12054.2000 10022.0994  16.9%  63.3   20s
H  905   735                    12015.560000 10022.0994  16.6%  72.4   23s
*  959   732              64    10896.750000 10022.0994  8.03%  72.8   24s
   981   730 10743.9413   58   46 10896.7500 10022.0994  8.03%  74.3   25s
  1125   793 10302.0166   28   84 10896.7500 10062.3580  7.66%  81.5   30s
  1275   875 10739.2700   52    - 10896.7500 10063.8314  7.64%  85.5   35s
* 1307   841              77    10895.750000 10063.8314  7.64%  84.2   35s
  1396   889 10257.4200   24  194 10895.7500 10072.1005  7.56%  92.9   40s
  1503   970 10352.7796   28   66 10895.7500 10072.9031  7.55%  94.3   45s
  1632   990     cutoff   58      10895.7500 10090.8353  7.39%  96.1   50s
  1680  1029 10579.3039   28  173 10895.7500 10090.8353  7.39%   100   55s
  1746  1047 10839.6864   45   14 10895.7500 10111.4611  7.20%   100   61s
  1831  1068 10634.7512   36   36 10895.7500 10125.1196  7.07%   101   65s
  1913  1108 10414.4243   32  126 10895.7500 10125.1196  7.07%   105   70s
  1952  1124 10495.4003   40   59 10895.7500 10125.1196  7.07%   106   75s
  2076  1165 10544.1508   50  142 10895.7500 10150.2573  6.84%   106   80s
  2139  1240 10380.0647   26   94 10895.7500 10152.8642  6.82%   109   86s
  2288  1250     cutoff   56      10895.7500 10155.4757  6.79%   107   90s
  2396  1317 10501.2826   33  195 10895.7500 10158.1149  6.77%   107   95s
  2558  1338 10361.2540   19  253 10895.7500 10178.9709  6.58%   108  102s
  2626  1399 10646.9212   40   32 10895.7500 10189.5311  6.48%   110  107s
  2742  1518     cutoff   51      10895.7500 10190.6273  6.47%   112  112s
  2823  1574 10388.4226   31  118 10895.7500 10190.7048  6.47%   112  115s
  2878  1673 10464.3803   39   99 10895.7500 10190.7048  6.47%   111  127s
  3007  1751     cutoff   68      10895.7500 10191.1298  6.47%   110  130s
  3252  1929 10529.7386   42   99 10895.7500 10195.9461  6.42%   109  137s
  3342  1985     cutoff   61      10895.7500 10196.3295  6.42%   109  141s
  3432  2079 10595.8418   40   83 10895.7500 10198.7771  6.40%   109  145s
  3711  2254 10876.5516   66   20 10895.7500 10206.1830  6.33%   107  154s
  3820  2319     cutoff   70      10895.7500 10208.6752  6.31%   107  158s
  3904  2393 10469.3685   34  103 10895.7500 10208.7793  6.30%   107  162s
  4012  2453 10710.4700   43    2 10895.7500 10209.4129  6.30%   108  167s
  4094  2526 10798.4715   44   27 10895.7500 10216.9362  6.23%   108  171s
  4205  2589 infeasible   62      10895.7500 10222.3192  6.18%   109  176s
  4273  2654 10579.3388   41    8 10895.7500 10222.4179  6.18%   110  183s
  4387  2715     cutoff   73      10895.7500 10222.9053  6.18%   110  188s
  4506  2809 10377.6227   28   23 10895.7500 10223.7102  6.17%   111  194s
  4612  2918     cutoff   62      10895.7500 10224.4692  6.16%   111  199s
  4752  3062 10471.6887   30  132 10895.7500 10227.3083  6.13%   111  205s
  4970  3158 10850.3724   47    8 10895.7500 10229.5914  6.11%   110  211s
  5095  3242     cutoff   52      10895.7500 10231.5343  6.10%   111  217s
  5194  3345 10715.4739   47   57 10895.7500 10232.7311  6.09%   112  224s
  5372  3463     cutoff   66      10895.7500 10234.4520  6.07%   111  231s
  5520  3584     cutoff   70      10895.7500 10239.4919  6.02%   111  238s
  5689  3724     cutoff   56      10895.7500 10243.8985  5.98%   111  245s
  5885  3796 10889.3031   63    6 10895.7500 10245.7428  5.97%   111  252s
  5990  3965     cutoff   56      10895.7500 10251.3686  5.91%   113  259s
  6070  3968 10744.4043   42   52 10895.7500 10251.3686  5.91%   113  260s
  6212  4075     cutoff   67      10895.7500 10253.0417  5.90%   112  266s
  6352  4180 10884.3295   43   61 10895.7500 10255.0341  5.88%   113  274s
  6517  4310 10865.9246   55    4 10895.7500 10257.4913  5.86%   114  281s
  6690  4405     cutoff   62      10895.7500 10259.1870  5.84%   114  289s
  6839  4523     cutoff   56      10895.7500 10260.5808  5.83%   114  296s
  6979  4652 10633.8087   50   40 10895.7500 10261.6376  5.82%   114  304s
  7149  4749 10691.3041   54  138 10895.7500 10262.7482  5.81%   114  311s
  7313  4857 infeasible  102      10895.7500 10263.2000  5.81%   115  319s
  7453  5044 10608.1098   32   99 10895.7500 10266.8396  5.77%   115  328s
  7694  5163     cutoff   47      10895.7500 10268.0792  5.76%   114  338s
  7860  5307 10472.9106   33  148 10895.7500 10270.1685  5.74%   115  347s
  8050  5434 10874.1300   62   10 10895.7500 10270.8478  5.74%   115  356s
  8258  5520 10821.9826   61   49 10895.7500 10271.1639  5.73%   115  364s
  8338  5521 10766.6799   41   29 10895.7500 10272.3045  5.72%   115  365s
  8410  5673     cutoff   68      10895.7500 10274.0178  5.71%   116  372s
  8628  5779     cutoff   69      10895.7500 10276.4333  5.68%   115  381s
  8749  5846 10647.4854   43  222 10895.7500 10276.9116  5.68%   115  389s
  8835  5948 10698.8143   49    8 10895.7500 10277.3152  5.68%   116  398s
  8981  6097 10853.0578   58   87 10895.7500 10280.2335  5.65%   117  406s
  9172  6233     cutoff   50      10895.7500 10281.3211  5.64%   117  414s
  9361  6355     cutoff   72      10895.7500 10282.8842  5.62%   116  424s
  9537  6438 10464.3182   38  237 10895.7500 10284.6015  5.61%   116  432s
  9681  6552 10507.5007   35   41 10895.7500 10285.3013  5.60%   117  440s
  9840  6709 10641.2533   42   71 10895.7500 10285.8237  5.60%   117  449s
 10042  6801 10822.5600   72    - 10895.7500 10286.7876  5.59%   117  457s
 10204  6942     cutoff   87      10895.7500 10288.7983  5.57%   118  466s
 10374  7070 10600.2100   36   21 10895.7500 10289.5775  5.56%   118  476s
 10610  7191 10519.8328   38  205 10895.7500 10290.0307  5.56%   118  484s
 10711  7193     cutoff   77      10895.7500 10290.3483  5.56%   118  485s
 10749  7255 10805.1066   43   46 10895.7500 10290.4980  5.55%   118  494s
 10942  7431     cutoff   70      10895.7500 10290.7375  5.55%   118  503s
 11149  7566 10428.0313   30  120 10895.7500 10291.8621  5.54%   118  512s
 11346  7666     cutoff   77      10895.7500 10292.4912  5.54%   118  520s
 11491  7805 10483.8894   30  266 10895.7500 10293.3258  5.53%   118  529s
 11679  7970 10781.7100   43   40 10895.7500 10294.0008  5.52%   118  538s
 11900  8107 10853.3900   43    - 10895.7500 10294.3793  5.52%   118  547s
 12128  8228     cutoff   64      10895.7500 10295.6575  5.51%   118  555s
 12312  8303     cutoff   64      10895.7500 10297.0845  5.49%   118  563s
 12417  8439 10619.1642   38   83 10895.7500 10297.9511  5.49%   118  571s
 12590  8537 10424.7884   31  179 10895.7500 10299.3574  5.47%   119  579s
 12704  8674 10670.6536   48   81 10895.7500 10299.7839  5.47%   119  587s
 12880  8786 10341.5699   30  193 10895.7500 10300.2057  5.47%   119  597s
 13037  8906 10540.5524   56   23 10895.7500 10301.3331  5.46%   120  606s
 13198  9048 10609.7553   22  153 10895.7500 10302.1152  5.45%   120  616s
 13413  9135 10421.4764   27  203 10895.7500 10303.4060  5.44%   120  624s
 13540  9243 10781.2400   62    - 10895.7500 10304.7523  5.42%   121  633s
 13695  9349 10791.5423   62   33 10895.7500 10306.3872  5.41%   121  642s
 13874  9409 10563.5668   29  113 10895.7500 10308.6015  5.39%   121  653s
 13931  9498 10822.4319   45   25 10895.7500 10309.0865  5.38%   121  661s
 14083  9581 10699.8034   36  170 10895.7500 10309.8040  5.38%   121  669s
 14203  9717     cutoff   53      10895.7500 10310.7043  5.37%   122  677s
 14396  9850 10631.6673   35  109 10895.7500 10311.7301  5.36%   122  686s
 14572  9931 10771.7888   51   28 10895.7500 10312.7570  5.35%   122  694s
 14698 10020     cutoff   59      10895.7500 10313.8046  5.34%   123  751s
 14800 10177 10759.7708   68    6 10895.7500 10314.6863  5.33%   123  761s
 15028 10286 10827.0520   92   15 10895.7500 10315.4790  5.33%   123  770s
 15184 10423 10506.7363   28  116 10895.7500 10316.1248  5.32%   123  780s
 15374 10520     cutoff   69      10895.7500 10316.7837  5.31%   123  789s
 15412 10521 10634.4725   42   36 10895.7500 10316.7837  5.31%   124  790s
 15499 10651     cutoff   60      10895.7500 10317.4013  5.31%   124  800s
 15729 10755 10849.9250   65    4 10895.7500 10318.0680  5.30%   124  809s
 15794 10759 10881.0600   59    - 10895.7500 10319.8091  5.29%   124  810s
 15887 10833     cutoff   68      10895.7500 10319.8321  5.29%   124  818s
 16064 10983 10455.6375   28   26 10895.7500 10321.0726  5.27%   124  829s
 16291 11097 infeasible   63      10895.7500 10321.3865  5.27%   124  841s
 16488 11193     cutoff   57      10895.7500 10322.6904  5.26%   124  851s
 16612 11333     cutoff   24      10895.7500 10323.4862  5.25%   124  860s
 16798 11417 10829.7102   32    4 10895.7500 10325.1813  5.24%   124  870s
 16934 11547     cutoff   52      10895.7500 10325.9536  5.23%   125  880s
 17145 11674 10429.5041   30   34 10895.7500 10327.4033  5.22%   124  889s
 17315 11814     cutoff   66      10895.7500 10328.7390  5.20%   124  898s
 17504 11908 10671.0200   44   18 10895.7500 10330.4488  5.19%   124  909s
 17698 12052     cutoff   50      10895.7500 10331.0205  5.18%   124  917s
 17884 12153 10730.4759   43   61 10895.7500 10332.6626  5.17%   124  926s
 18018 12290 10538.8834   36  112 10895.7500 10333.8740  5.16%   124  935s
 18190 12402 10694.5880   47   51 10895.7500 10334.6186  5.15%   124  944s
 18346 12564     cutoff   72      10895.7500 10335.6506  5.14%   125  954s
 18580 12662     cutoff   48      10895.7500 10336.8095  5.13%   124  963s
 18773 12760 10755.8085   57   76 10895.7500 10337.9865  5.12%   124  972s
 18910 12836     cutoff   69      10895.7500 10338.9280  5.11%   124  981s
 19008 12964 10542.1831   24  134 10895.7500 10339.3527  5.11%   125  990s
 19183 13038 10504.4750   27  201 10895.7500 10340.4795  5.10%   125 1000s
 19276 13152 10496.2367   34   72 10895.7500 10341.0564  5.09%   125 1010s
 19429 13247     cutoff   72      10895.7500 10341.6405  5.09%   125 1020s
 19619 13311     cutoff   72      10895.7500 10342.7073  5.08%   125 1029s
 19735 13443     cutoff   58      10895.7500 10343.1321  5.07%   126 1040s
 19919 13517     cutoff   57      10895.7500 10344.2887  5.06%   126 1049s
 20015 13652 10707.3934   41   12 10895.7500 10344.4748  5.06%   126 1058s
 20212 13763 10655.4261   54   25 10895.7500 10345.3263  5.05%   126 1068s
 20379 13900 10550.3812   47  141 10895.7500 10346.7074  5.04%   126 1078s
 20598 13989 10621.9360   46   36 10895.7500 10347.0690  5.04%   126 1088s
H20695 10317                    10756.810000 10347.0690  3.81%   126 1088s
 20740 10346     cutoff   54      10756.8100 10348.3466  3.80%   126 1097s
 20872 10417 10573.1408   33   24 10756.8100 10349.2186  3.79%   126 1108s
 20993 10459     cutoff   66      10756.8100 10349.8087  3.78%   126 1119s
 21051 10523 10692.7202   28  142 10756.8100 10350.4341  3.78%   126 1128s
 21159 10578 10569.6659   45  155 10756.8100 10350.6903  3.78%   126 1137s
 21262 10653 10620.4126   34   71 10756.8100 10351.6349  3.77%   127 1146s
 21380 10746 10433.9851   36  146 10756.8100 10352.1585  3.76%   127 1157s
 21541 10866     cutoff   70      10756.8100 10352.2905  3.76%   127 1167s
 21711 10942 10750.1288   44   12 10756.8100 10352.6795  3.76%   127 1176s
 21830 11004 10724.1450   43   72 10756.8100 10352.8721  3.76%   127 1186s
 21936 11056     cutoff   53      10756.8100 10353.8273  3.75%   128 1195s
 22016 11134 10606.7143   50   46 10756.8100 10354.0987  3.74%   128 1204s
 22142 11212 10490.3464   35  191 10756.8100 10354.3200  3.74%   128 1214s
 22233 11267 10649.0224   42   66 10756.8100 10354.3200  3.74%   129 1224s
 22406 11344     cutoff   49      10756.8100 10354.8115  3.74%   129 1233s
 22560 11386 10553.3937   35  110 10756.8100 10355.3234  3.73%   129 1242s
 22629 11436 10724.9423   39   32 10756.8100 10355.9002  3.73%   129 1253s
 22737 11521 10754.5109   33  132 10756.8100 10356.2074  3.72%   130 1262s
 22870 11591 10472.0264   31  140 10756.8100 10356.8498  3.72%   130 1271s
 22977 11675 10709.8335   42   90 10756.8100 10357.5192  3.71%   130 1281s
 23129 11763 10548.9591   32   61 10756.8100 10358.2356  3.71%   130 1291s
 23291 11828     cutoff   59      10756.8100 10358.8983  3.70%   130 1303s
 23408 11910 10538.6993   25  168 10756.8100 10359.0386  3.70%   131 1315s
 23532 11982     cutoff   52      10756.8100 10359.6220  3.69%   131 1325s
 23646 12043 10734.4608   39  121 10756.8100 10359.9137  3.69%   131 1334s
 23743 12120 10603.4811   32  176 10756.8100 10360.3341  3.69%   131 1344s
 23794 12121 10721.2400   48    - 10756.8100 10360.3341  3.69%   132 1345s
 23870 12180 10721.8025   54   33 10756.8100 10361.1212  3.68%   132 1356s
 23991 12251 infeasible   34      10756.8100 10361.5647  3.67%   132 1367s
 24110 12316     cutoff   49      10756.8100 10362.1962  3.67%   132 1376s
 24220 12420 10656.0837   30  133 10756.8100 10362.4999  3.67%   132 1387s
 24377 12531 10447.7847   32  272 10756.8100 10362.9941  3.66%   133 1399s
 24593 12617     cutoff   44      10756.8100 10363.2268  3.66%   132 1410s
 24693 12701 10665.2026   39  123 10756.8100 10363.7386  3.65%   133 1420s
 24827 12752     cutoff   46      10756.8100 10364.5479  3.65%   133 1431s
 24909 12826     cutoff   37      10756.8100 10364.9522  3.64%   133 1443s
 25055 12891 10492.0500   29    8 10756.8100 10365.5175  3.64%   133 1453s
 25162 12949     cutoff   70      10756.8100 10365.6882  3.64%   133 1463s
 25305 13038     cutoff   51      10756.8100 10366.6814  3.63%   133 1474s
 25417 13119     cutoff   39      10756.8100 10367.1560  3.62%   134 1485s
 25549 13237 10583.6734   37   90 10756.8100 10367.4301  3.62%   134 1496s
 25708 13325 10708.5561   56    8 10756.8100 10367.5953  3.62%   134 1507s
 25845 13398     cutoff   60      10756.8100 10368.2217  3.61%   134 1517s
 25965 13479     cutoff   42      10756.8100 10368.7059  3.61%   134 1527s
 26112 13587 10654.7194   39   44 10756.8100 10369.5071  3.60%   134 1539s
 26209 13588     cutoff   45      10756.8100 10369.7030  3.60%   134 1540s
 26346 13686 10666.2350   63   68 10756.8100 10369.8259  3.60%   134 1549s
 26486 13754 10578.4742   37  210 10756.8100 10370.2902  3.59%   134 1560s
 26604 13858 10666.8255   28   86 10756.8100 10370.6450  3.59%   134 1571s
 26768 13957 10493.4040   35  193 10756.8100 10371.1625  3.59%   134 1583s
 26895 14046 10613.7129   38  101 10756.8100 10371.3131  3.58%   134 1595s
 27029 14099 10727.7619   41   50 10756.8100 10371.9063  3.58%   134 1605s
 27145 14183     cutoff   42      10756.8100 10372.1090  3.58%   134 1615s
 27271 14251     cutoff   31      10756.8100 10373.0472  3.57%   135 1627s
 27375 14321     cutoff   47      10756.8100 10373.3426  3.56%   135 1637s
 27525 14392 10715.5931   53   42 10756.8100 10373.6616  3.56%   135 1648s
 27675 14446     cutoff   54      10756.8100 10374.0181  3.56%   135 1658s
 27773 14496     cutoff   53      10756.8100 10374.3846  3.56%   135 1669s
 27853 14497 10657.9121   51  157 10756.8100 10374.6066  3.55%   135 1670s
 27854 14560 10731.8300   44   87 10756.8100 10374.6881  3.55%   135 1680s
 27985 14657 10526.7604   32  198 10756.8100 10375.3115  3.55%   136 1690s
 28108 14683 10556.7079   42   99 10756.8100 10375.4085  3.55%   136 1703s
 28164 14769 10717.4236   52  120 10756.8100 10375.7654  3.54%   136 1714s
 28248 14770 10653.5295   42   86 10756.8100 10376.3506  3.54%   136 1715s
 28295 14836 10417.0090   25  130 10756.8100 10376.5349  3.54%   136 1725s
 28409 14944     cutoff   50      10756.8100 10376.8942  3.53%   136 1736s
 28561 15023 10511.1234   32  226 10756.8100 10377.3147  3.53%   136 1748s
 28686 15080 10613.0080   29  191 10756.8100 10377.4505  3.53%   136 1759s
 28781 15179 10510.8318   28  144 10756.8100 10377.6496  3.52%   137 1770s
 28937 15232     cutoff   47      10756.8100 10377.8458  3.52%   137 1780s
 29034 15298 10734.2533   47    4 10756.8100 10378.2448  3.52%   137 1791s
 29143 15364     cutoff   49      10756.8100 10378.4832  3.52%   137 1805s
 29251 15469 10510.6209   35   61 10756.8100 10378.6869  3.52%   137 1817s
 29423 15517     cutoff   59      10756.8100 10378.9434  3.51%   137 1829s
 29506 15569 10583.6813   35  264 10756.8100 10379.2063  3.51%   138 1840s
 29632 15656 10491.9651   32  215 10756.8100 10379.3560  3.51%   138 1852s
 29749 15745 10476.1984   36   36 10756.8100 10379.6545  3.51%   138 1865s
 29905 15828     cutoff   68      10756.8100 10379.8412  3.50%   138 1877s
 30013 15904     cutoff   39      10756.8100 10380.1549  3.50%   138 1889s
 30148 15959     cutoff   54      10756.8100 10380.4306  3.50%   138 1900s
 30260 16030     cutoff   46      10756.8100 10380.7254  3.50%   138 1910s
 30390 16106 10568.0228   42   76 10756.8100 10381.4598  3.49%   138 1921s
 30531 16183 10734.3278   30  136 10756.8100 10382.1410  3.48%   139 1932s
 30687 16249 10549.8581   35   94 10756.8100 10382.5704  3.48%   139 1942s
 30806 16335 10683.9880   35  104 10756.8100 10382.7024  3.48%   139 1954s
 30959 16417 10453.8704   23   94 10756.8100 10383.1679  3.47%   139 1965s
 31079 16508 10740.0040   44  151 10756.8100 10383.4165  3.47%   139 1977s
 31230 16557 10725.4200   60   16 10756.8100 10383.9275  3.47%   139 1988s
 31354 16651     cutoff   61      10756.8100 10384.0212  3.47%   139 2000s
 31511 16703     cutoff   52      10756.8100 10384.2481  3.46%   139 2012s
 31629 16797 10588.6520   32  101 10756.8100 10384.4471  3.46%   140 2023s
 31751 16864     cutoff   54      10756.8100 10384.5246  3.46%   140 2035s
 31877 16926 10575.8104   33  111 10756.8100 10384.7488  3.46%   140 2046s
 31987 17011     cutoff   37      10756.8100 10384.8337  3.46%   140 2058s
 32146 17106     cutoff   43      10756.8100 10385.1564  3.46%   140 2069s
 32190 17107 10716.6803   39  149 10756.8100 10385.1564  3.46%   140 2070s
 32286 17176     cutoff   58      10756.8100 10385.4809  3.45%   140 2083s
 32415 17240 10721.7600   38    - 10756.8100 10385.5766  3.45%   140 2096s
 32512 17282     cutoff   39      10756.8100 10385.8563  3.45%   141 2107s
 32625 17349 10629.1252   35   81 10756.8100 10386.2096  3.45%   141 2117s
 32808 17436     cutoff   51      10756.8100 10386.4267  3.44%   141 2129s
 32941 17490 10649.5184   44   34 10756.8100 10386.6517  3.44%   141 2140s
*32949 12718              52    10668.340000 10386.6517  2.64%   141 2140s
 33041 12740     cutoff   48      10668.3400 10387.1050  2.64%   141 2151s
 33133 12764 10617.8460   36   95 10668.3400 10387.6364  2.63%   141 2163s
 33212 12775     cutoff   49      10668.3400 10388.2626  2.63%   141 2173s
 33271 12870 10484.0748   27  297 10668.3400 10388.4711  2.62%   142 2186s
 33442 12927     cutoff   39      10668.3400 10389.0093  2.62%   142 2198s
 33569 12963     cutoff   53      10668.3400 10389.7513  2.61%   142 2208s
 33665 13026 10603.5242   38  171 10668.3400 10390.3293  2.61%   142 2219s
 33802 13080 10647.6799   43   80 10668.3400 10390.7637  2.60%   142 2229s
 33858 13080 10546.2524   36   88 10668.3400 10390.7637  2.60%   142 2230s
 33912 13114 10571.4446   42  109 10668.3400 10391.0806  2.60%   142 2240s
 34024 13159 10634.4727   36  212 10668.3400 10391.3990  2.60%   143 2251s
 34126 13227 10471.2804   27   92 10668.3400 10391.9726  2.59%   143 2263s
 34257 13291     cutoff   37      10668.3400 10392.2817  2.59%   143 2274s
 34326 13291 10625.4751   59   32 10668.3400 10392.2817  2.59%   143 2275s
 34380 13326 10603.3590   57   52 10668.3400 10392.5874  2.58%   143 2288s
 34490 13375 10656.0884   36  118 10668.3400 10393.2772  2.58%   143 2299s
 34616 13417 10474.6533   27  220 10668.3400 10393.5666  2.58%   143 2310s
 34727 13460     cutoff   47      10668.3400 10393.6782  2.57%   143 2322s
 34841 13554 10551.0067   29  103 10668.3400 10394.1428  2.57%   143 2335s
 35001 13646 10598.4255   59   20 10668.3400 10394.7118  2.56%   143 2347s
 35166 13703     cutoff   63      10668.3400 10395.5015  2.56%   143 2360s
 35263 13790 10546.2053   49  118 10668.3400 10395.7071  2.56%   144 2372s
 35421 13823     cutoff   41      10668.3400 10395.9973  2.55%   144 2384s
 35541 13864     cutoff   34      10668.3400 10396.6283  2.55%   144 2395s
 35668 13913     cutoff   39      10668.3400 10396.7486  2.55%   144 2408s
 35768 13944 10487.3887   29  240 10668.3400 10397.4309  2.54%   144 2419s
 35850 14037 10411.2904   26  128 10668.3400 10397.8144  2.54%   144 2432s
 35992 14091     cutoff   38      10668.3400 10397.9199  2.53%   144 2443s
 36130 14173 10538.9462   34  241 10668.3400 10398.7996  2.53%   144 2457s
 36302 14221 10468.9180   32   95 10668.3400 10399.1916  2.52%   144 2470s
 36417 14288 10535.7195   34   20 10668.3400 10399.5968  2.52%   145 2484s
 36546 14289 10660.6311   52    4 10668.3400 10399.8771  2.52%   145 2485s
 36583 14363 10640.2398   32  143 10668.3400 10399.8909  2.52%   145 2498s
H36654 13660                    10656.340000 10400.0369  2.41%   145 2499s
 36749 13698     cutoff   58      10656.3400 10400.1913  2.40%   145 2511s
 36888 13752     cutoff   38      10656.3400 10400.4871  2.40%   145 2523s
 37008 13805     cutoff   41      10656.3400 10400.7974  2.40%   145 2535s
 37147 13878 10514.4767   36  120 10656.3400 10401.2403  2.39%   145 2547s
 37291 13922     cutoff   42      10656.3400 10401.6950  2.39%   145 2559s
 37409 13965 10647.2184   48  102 10656.3400 10402.3782  2.38%   145 2577s
 37528 14006 10487.7637   34  165 10656.3400 10402.9101  2.38%   145 2591s
 37611 14036 10595.0147   36   80 10656.3400 10403.3437  2.37%   145 2603s
 37729 14095 10543.2488   28   60 10656.3400 10403.6134  2.37%   145 2614s
 37793 14096 10535.0085   44  127 10656.3400 10403.6134  2.37%   145 2615s
 37853 14161 10563.5069   53   15 10656.3400 10404.0431  2.37%   145 2627s
 38026 14192 10650.4700   48    - 10656.3400 10404.5041  2.36%   145 2640s
 38111 14246     cutoff   48      10656.3400 10404.6987  2.36%   146 2653s
 38249 14314 10546.9141   25  193 10656.3400 10405.2464  2.36%   146 2665s
 38370 14371 10504.3024   32  190 10656.3400 10405.6826  2.35%   146 2677s
 38506 14449 10639.7360   43   63 10656.3400 10405.8961  2.35%   146 2690s
 38676 14514     cutoff   45      10656.3400 10406.2944  2.35%   146 2702s
 38797 14562 10642.7961   43   22 10656.3400 10406.4990  2.34%   146 2716s
 38923 14584     cutoff   33      10656.3400 10406.6995  2.34%   146 2729s
*38984 14320              53    10652.330000 10406.9185  2.30%   147 2729s
 39064 14359 10599.9195   38   80 10652.3300 10406.9330  2.30%   147 2741s
 39180 14381     cutoff   36      10652.3300 10407.1700  2.30%   147 2753s
 39282 14462 10440.3664   27  198 10652.3300 10407.7367  2.30%   147 2768s
 39412 14515 10631.7050   40   18 10652.3300 10407.9600  2.29%   147 2781s
H39563 14236                    10648.330000 10408.3484  2.25%   147 2796s
 39668 14271 10634.5691   46   31 10648.3300 10408.6630  2.25%   147 2807s
 39766 14332 10484.2389   39   79 10648.3300 10408.8612  2.25%   147 2821s
 39925 14390     cutoff   46      10648.3300 10409.3679  2.24%   147 2835s
 40045 14472 10614.9878   36  119 10648.3300 10409.5303  2.24%   147 2849s
 40155 14473 10608.1213   43   66 10648.3300 10409.7668  2.24%   148 2850s
 40196 14511 10629.1417   43   14 10648.3300 10409.9473  2.24%   148 2863s
 40311 14560 10552.3920   35  130 10648.3300 10410.1070  2.24%   148 2877s
 40434 14591     cutoff   35      10648.3300 10410.2878  2.24%   148 2891s
 40566 14672 10640.7883   38   28 10648.3300 10410.6851  2.23%   148 2904s
 40731 14765 10558.6735   42  159 10648.3300 10411.0136  2.23%   148 2920s
 40922 14821     cutoff   51      10648.3300 10411.3616  2.23%   148 2934s
 41059 14871 10508.9967   30  105 10648.3300 10411.7106  2.22%   148 2947s
 41192 14917 10585.3542   29  126 10648.3300 10411.9738  2.22%   148 2959s
 41312 14983 10593.5267   33  153 10648.3300 10412.3274  2.22%   148 2973s
 41444 15028     cutoff   42      10648.3300 10412.6731  2.21%   148 2986s
 41565 15081 10573.5830   35   12 10648.3300 10412.9807  2.21%   148 3000s
 41729 15112     cutoff   47      10648.3300 10413.2622  2.21%   148 3013s
 41846 15169 10537.7995   35   81 10648.3300 10413.9275  2.20%   148 3027s
 41976 15224     cutoff   49      10648.3300 10414.4283  2.20%   148 3040s
 42139 15253 10645.8200   35    4 10648.3300 10415.0457  2.19%   148 3053s
 42245 15298 10589.6000   47    - 10648.3300 10415.4945  2.19%   149 3068s
 42365 15337 10594.1873   47   80 10648.3300 10415.7801  2.18%   149 3082s
 42489 15409 10572.6234   29   50 10648.3300 10416.0907  2.18%   149 3096s
 42632 15468     cutoff   40      10648.3300 10416.2912  2.18%   149 3109s
 42771 15539     cutoff   25      10648.3300 10416.6754  2.18%   149 3124s
 42929 15614 10567.1117   31   96 10648.3300 10416.8920  2.17%   149 3138s
 43061 15666 10489.3629   31  147 10648.3300 10417.1363  2.17%   149 3152s
 43176 15714 10449.4274   27  140 10648.3300 10417.5877  2.17%   149 3166s
 43276 15764 10597.1979   43  183 10648.3300 10417.7087  2.17%   150 3181s
 43446 15801     cutoff   39      10648.3300 10418.1093  2.16%   150 3195s
 43554 15824     cutoff   35      10648.3300 10418.3073  2.16%   150 3207s
 43663 15838 10553.1116   41  127 10648.3300 10418.6128  2.16%   150 3221s
 43798 15890     cutoff   42      10648.3300 10419.0462  2.15%   150 3234s
 43905 15930 10578.6961   42   30 10648.3300 10419.6198  2.15%   150 3247s
 44030 15979     cutoff   27      10648.3300 10420.0078  2.14%   150 3261s
 44167 16011 10638.8286   46  126 10648.3300 10420.2629  2.14%   150 3275s
 44286 16038 10507.9845   39  194 10648.3300 10420.6335  2.14%   150 3289s
 44386 16089 10596.3536   31  216 10648.3300 10421.1216  2.13%   151 3304s
 44513 16113 10605.7758   35   61 10648.3300 10421.2572  2.13%   151 3321s
 44580 16167 10516.5419   44  136 10648.3300 10421.5910  2.13%   151 3335s
 44707 16258 10564.9487   38   68 10648.3300 10421.8148  2.13%   151 3349s
 44765 16259 10589.5729   32   52 10648.3300 10421.8148  2.13%   151 3350s
 44870 16296     cutoff   43      10648.3300 10422.3766  2.12%   151 3366s
 45020 16341 10598.9328   43   53 10648.3300 10422.6469  2.12%   151 3379s
 45083 16341 10625.3300   47    - 10648.3300 10422.6469  2.12%   151 3380s
 45179 16398     cutoff   47      10648.3300 10423.1311  2.11%   151 3395s
 45297 16458 10605.6772   43   93 10648.3300 10423.3385  2.11%   151 3409s
 45411 16518 10539.6261   28   79 10648.3300 10423.8893  2.11%   151 3425s
 45527 16554 10467.8497   26  207 10648.3300 10424.0924  2.11%   151 3438s
 45634 16585 10607.3361   41   19 10648.3300 10424.4527  2.10%   151 3451s
