




arguments: ./build/bc_mirp -f ./input/orig_exec_169.cfg
Current dir: /scratch/gui/bc_mirp
File verbosity level: 9
date       time         ( uptime  ) [ thread name/id ]                   file:line     v| 
2021-02-11 01:37:30.193 (   0.297s) [main thread     ]             loguru.cpp:789   INFO| Logging to './output/vi_vc+vr/OU/V4/Original/execution_11_02_2021_01_37_30.log', mode: 'a', verbosity: 9
--------------------------------------------------------------------------------
Parameters
                           instance_path           ./input/Instances/Original/4/
                            model_policy                                       1
                             nb_vehicles                                       4
                              output_dir       ./output/vi_vc+vr/OU/V4/Original/
                            sec_strategy                                       1
                       solver_nb_threads                                       2
                         solver_show_log                                    true
                       solver_time_limit                                    3600
                              use_vi_cos                                   false
                              use_vi_cus                                   false
                         use_vi_hc1_full                                   false
                         use_vi_hc1_half                                   false
                      use_vi_hc1_quarter                                   false
                              use_vi_hc2                                   false
                              use_vi_hc3                                   false
                         use_vi_lex_full                                   false
                         use_vi_lex_half                                   false
                      use_vi_lex_quarter                                   false
                              use_vi_qua                                   false
                               use_vi_vc                                    true
                               use_vi_vr                                    true
--------------------------------------------------------------------------------
executing instance: ./input/Instances/Original/4/absH3low_3n30.dat
--------------------------------------------------------------------------------
Instance details
n	31
H	3
C	2841
Li:
[0, 0, 0, 0, 0, 0, 0, 0, 0, 0, 0, 0, 0, 0, 0, 0, 0, 0, 0, 0, 0, 0, 0, 0, 0, 0, 0, 0, 0, 0, 0, ]
Ui:
[0, 246, 98, 54, 144, 171, 192, 180, 165, 98, 122, 198, 297, 144, 130, 129, 219, 138, 142, 150, 108, 66, 64, 285, 180, 204, 276, 168, 240, 198, 122, ]
Distance matrix:
|0	172	56	166	260	198	42	197	296	110	91	112	238	275	323	183	330	232	175	181	162	191	232	280	201	139	356	185	266	216	26	|
|172	0	178	223	320	335	153	355	444	62	231	99	333	376	214	352	176	235	194	106	47	41	353	161	299	175	225	43	326	374	153	|
|56	178	0	110	204	162	93	233	336	125	144	148	187	226	358	180	313	284	123	152	182	185	282	252	256	88	329	177	210	251	42	|
|166	223	110	0	102	150	199	327	431	194	253	237	113	156	431	228	296	386	44	140	248	208	389	218	366	48	287	200	108	344	148	|
|260	320	204	102	0	156	296	391	493	296	340	339	66	90	531	263	362	486	127	226	349	300	469	278	454	148	334	292	6	406	245	|
|198	335	162	150	156	0	239	255	351	286	245	307	93	106	518	111	442	423	194	280	344	335	349	367	352	182	437	327	158	266	199	|
|42	153	93	199	296	239	0	203	296	91	82	76	278	316	284	217	322	191	201	186	133	180	217	281	177	165	356	175	302	222	52	|
|197	355	233	327	391	255	203	0	104	294	125	266	340	361	436	151	524	276	352	377	330	383	109	477	146	319	553	377	395	19	222	|
|296	444	336	431	493	351	296	104	0	384	214	348	440	456	488	241	617	315	456	476	412	475	113	575	176	422	651	470	497	88	322	|
|110	62	125	194	296	286	91	294	384	0	171	55	298	340	238	292	233	210	176	118	58	91	298	201	248	148	273	87	302	313	94	|
|91	231	144	253	340	245	82	125	214	171	0	141	307	339	324	184	403	187	266	266	204	261	140	363	114	230	438	256	346	144	116	|
|112	99	148	237	339	307	76	266	348	55	141	0	332	373	212	292	275	156	225	173	64	137	254	253	200	194	322	135	345	284	108	|
|238	333	187	113	66	93	278	340	440	298	307	332	0	43	536	203	404	469	153	253	354	321	427	322	420	160	385	313	67	353	229	|
|275	376	226	156	90	106	316	361	456	340	339	373	43	0	578	216	443	507	194	295	397	364	453	361	451	203	421	356	88	372	268	|
|323	214	358	431	531	518	284	436	488	238	324	212	536	578	0	498	309	176	407	320	183	245	376	344	312	383	379	251	537	451	319	|
|183	352	180	228	263	111	217	151	241	292	184	292	203	216	498	0	492	371	266	328	345	364	255	426	272	242	501	356	266	159	198	|
|330	176	313	296	362	442	322	524	617	233	403	275	404	443	309	492	0	397	253	164	218	142	529	84	475	260	72	147	367	543	306	|
|232	235	284	386	486	423	191	276	315	210	187	156	469	507	176	371	397	0	379	327	188	276	202	396	139	346	456	277	492	289	242	|
|175	194	123	44	127	194	201	352	456	176	266	225	153	194	407	266	253	379	0	101	225	174	405	174	375	36	244	166	133	370	152	|
|181	106	152	140	226	280	186	377	476	118	266	173	253	295	320	328	164	327	101	0	148	76	403	100	360	98	177	69	232	396	155	|
|162	47	182	248	349	344	133	330	412	58	204	64	354	397	183	345	218	188	225	148	0	89	316	208	259	201	270	90	355	348	149	|
|191	41	185	208	300	335	180	383	475	91	261	137	321	364	245	364	142	276	174	76	89	0	388	119	336	162	185	8	306	402	169	|
|232	353	282	389	469	349	217	109	113	298	140	254	427	453	376	255	529	202	405	403	316	388	0	497	64	369	570	384	474	112	256	|
|280	161	252	218	278	367	281	477	575	201	363	253	322	361	344	426	84	396	174	100	208	119	497	0	449	187	77	119	283	496	255	|
|201	299	256	366	454	352	177	146	176	248	114	200	420	451	312	272	475	139	375	360	259	336	64	449	0	339	521	333	460	156	223	|
|139	175	88	48	148	182	165	319	422	148	230	194	160	203	383	242	260	346	36	98	201	162	369	187	339	0	260	153	154	337	116	|
|356	225	329	287	334	437	356	553	651	273	438	322	385	421	379	501	72	456	244	177	270	185	570	77	521	260	0	187	338	572	331	|
|185	43	177	200	292	327	175	377	470	87	256	135	313	356	251	356	147	277	166	69	90	8	384	119	333	153	187	0	298	396	163	|
|266	326	210	108	6	158	302	395	497	302	346	345	67	88	537	266	367	492	133	232	355	306	474	283	460	154	338	298	0	410	251	|
|216	374	251	344	406	266	222	19	88	313	144	284	353	372	451	159	543	289	370	396	348	402	112	496	156	337	572	396	410	0	241	|
|26	153	42	148	245	199	52	222	322	94	116	108	229	268	319	198	306	242	152	155	149	169	256	255	223	116	331	163	251	241	0	|

--------------------------------------------------------------------------------
Building model...
	using lazy and cut (CVRPSEP package)
Solving IRP LP...
--------------------------------------------------------------------------------

Gurobi 9.1.0 (linux64) logging started Thu Feb 11 01:37:30 2021

Gurobi Optimizer version 9.1.0 build v9.1.0rc0 (linux64)
Thread count: 32 physical cores, 32 logical processors, using up to 2 threads
Optimize a model with 1510 rows, 6436 columns and 15574 nonzeros
Model fingerprint: 0x5406ff6e
Variable types: 484 continuous, 5952 integer (372 binary)
Coefficient statistics:
  Matrix range     [1e+00, 7e+02]
  Objective range  [1e-02, 7e+02]
  Bounds range     [1e+00, 3e+02]
  RHS range        [1e+00, 5e+03]
Presolve removed 679 rows and 434 columns
Presolve time: 0.07s
Presolved: 831 rows, 6002 columns, 13458 nonzeros
Variable types: 296 continuous, 5706 integer (5338 binary)

Root relaxation: objective 2.397307e+03, 946 iterations, 0.02 seconds

    Nodes    |    Current Node    |     Objective Bounds      |     Work
 Expl Unexpl |  Obj  Depth IntInf | Incumbent    BestBd   Gap | It/Node Time

     0     0 2397.30671    0   87          - 2397.30671      -     -    0s
     0     0 2594.49490    0  104          - 2594.49490      -     -    0s
     0     0 3217.65473    0  130          - 3217.65473      -     -    0s
     0     0 3261.87117    0  152          - 3261.87117      -     -    0s
     0     0 3270.74517    0  177          - 3270.74517      -     -    0s
     0     0 3270.96681    0  178          - 3270.96681      -     -    0s
     0     0 3354.56631    0  190          - 3354.56631      -     -    0s
     0     0 3357.89818    0  216          - 3357.89818      -     -    0s
     0     0 3375.00083    0  211          - 3375.00083      -     -    0s
     0     0 3377.40605    0  209          - 3377.40605      -     -    0s
     0     0 3382.00131    0  175          - 3382.00131      -     -    0s
     0     0 3382.23817    0  222          - 3382.23817      -     -    0s
     0     0 3508.79814    0  299          - 3508.79814      -     -    1s
     0     0 3528.37402    0  315          - 3528.37402      -     -    1s
     0     0 3535.05494    0  303          - 3535.05494      -     -    1s
     0     0 3538.32296    0  337          - 3538.32296      -     -    1s
     0     0 3541.13581    0  325          - 3541.13581      -     -    1s
     0     0 3541.83432    0  348          - 3541.83432      -     -    1s
     0     0 3568.58060    0  324          - 3568.58060      -     -    1s
     0     0 3571.69850    0  368          - 3571.69850      -     -    2s
     0     0 3572.05473    0  362          - 3572.05473      -     -    2s
     0     0 3580.48851    0  382          - 3580.48851      -     -    2s
     0     0 3580.48851    0  371          - 3580.48851      -     -    2s
     0     2 3581.64825    0  371          - 3581.64825      -     -    2s
    72    75 3791.51207   20  265          - 3584.09459      -   217    5s
   385   398 5827.09040   93   41          - 3584.09459      -   128   10s
   649   639 4109.50711   12  133          - 3584.93828      -   121   15s
   749   730 7238.99000  133  340          - 3584.93828      -   127   20s
   775   747 5543.05921  100  408          - 3743.91602      -   122   26s
   794   760 5451.66247   92  396          - 3746.83042      -   119   30s
   818   777 8197.48868  168  442          - 3749.58207      -   127   35s
   834   788 4135.98408   35  391          - 3750.75318      -   125   40s
   840   795 3754.15492   25  438          - 3754.15492      -   133   46s
   856   808 3774.66634   29  436          - 3774.66634      -   140   50s
   928   861 3891.79651   44  332          - 3818.00495      -   153   55s
  1030   948 4313.87856   61  109          - 3818.00495      -   160   60s
  1265  1103 4669.47824  111  153          - 3818.00495      -   155   65s
  1464  1240 4960.67015  153  152          - 3818.00495      -   154   70s
  1651  1393 5064.89877  175  131          - 3818.00495      -   151   75s
  1937  1582 5453.65900  208  110          - 3818.00495      -   144   84s
H 1965  1530                    6796.3300000 3818.00495  43.8%   144   84s
  1997  1496 5533.93386  219  144 6796.33000 3818.00495  43.8%   142   86s
  2060  1548 6140.14451  241   79 6796.33000 3818.00495  43.8%   143   90s
  2182  1592     cutoff  293      6796.33000 3825.00532  43.7%   142   95s
  2223  1624 4132.00242   40  355 6796.33000 3825.00532  43.7%   148  101s
  2270  1661 4275.89665   45  276 6796.33000 3825.00532  43.7%   152  105s
  2312  1668 4464.39642   50  253 6796.33000 3825.00532  43.7%   155  110s
  2379  1748 4642.28288   67  101 6796.33000 3825.00532  43.7%   157  115s
  2498  1867 5911.65379  108   11 6796.33000 3825.00532  43.7%   155  121s
* 2633  1660             155    6099.6700000 3825.60516  37.3%   151  123s
  2773  1562 3905.67935   32  410 6099.67000 3825.60516  37.3%   146  125s
  2872  1658 4114.53985   52  145 6099.67000 3825.60516  37.3%   149  131s
  2982  1766 4612.22836   89  111 6099.67000 3825.60516  37.3%   150  136s
  3121  1904 5154.48694  184  132 6099.67000 3825.60516  37.3%   147  140s
  3272  1973 4035.37341   37  346 6099.67000 3827.24164  37.3%   147  145s
  3347  2034 4334.53284   44   76 6099.67000 3827.24164  37.3%   151  153s
  3372  2078 4470.87715   44  141 6099.67000 3827.24164  37.3%   152  156s
  3527  2263 4835.92637  117   59 6099.67000 3827.24164  37.3%   152  162s
  3661  2325 5238.98000  151    - 6099.67000 3835.40114  37.1%   151  166s
* 3798  2375             204    6095.5900000 3836.09277  37.1%   149  169s
  3827  2382     cutoff  203      6095.59000 3836.93845  37.1%   150  173s
  3835  2420 4020.55613   43  455 6095.59000 3836.93845  37.1%   151  176s
  3873  2497 4097.58119   44  410 6095.59000 3836.93845  37.1%   152  181s
  4046  2608 4220.64517   51  407 6095.59000 3836.93845  37.1%   150  188s
  4082  2725 4430.87623   56  272 6095.59000 3836.93845  37.1%   152  191s
  4215  2761 4602.29353   64  143 6095.59000 3836.93845  37.1%   151  195s
  4317  2998 5110.16694  113  106 6095.59000 3836.93845  37.1%   155  204s
  4440  2998 5516.07518  189   57 6095.59000 3836.93845  37.1%   152  205s
  4577  3098 4358.57226   42  384 6095.59000 3844.31176  36.9%   152  213s
  4644  3150 5008.92697   56  190 6095.59000 3850.09912  36.8%   153  217s
  4706  3235 3896.12443   30  349 6095.59000 3850.09912  36.8%   154  223s
  4807  3253 4187.30499   45  409 6095.59000 3850.09912  36.8%   155  227s
  4825  3390 4373.68412   58  323 6095.59000 3850.09912  36.8%   156  231s
  4962  3535 5394.62618  164   66 6095.59000 3855.81324  36.7%   155  239s
  5121  3575 4263.02076   44  331 6095.59000 3855.81324  36.7%   152  244s
  5141  3575 5970.81108  110   59 6095.59000 3855.81324  36.7%   153  245s
  5173  3674 4800.16535   64  317 6095.59000 3855.81324  36.7%   154  250s
H 5272  3690                    6062.9800000 3855.81324  36.4%   153  256s
  5335  3795 4012.52268   43  550 6062.98000 3885.71986  35.9%   154  262s
  5450  3971 4298.72446   55  490 6062.98000 3885.71986  35.9%   155  269s
  5638  3972 5854.14000  201    - 6062.98000 3885.71986  35.9%   154  270s
  5706  4128 4953.14711   75  242 6062.98000 3889.98272  35.8%   153  276s
  5873  4156 3958.44404   30  467 6062.98000 3892.01009  35.8%   151  281s
  5901  4176 4247.24076   34  377 6062.98000 3892.01009  35.8%   154  288s
  5921  4214 4207.71787   37  376 6062.98000 3892.01009  35.8%   155  293s
  5959  4271 4622.31110   44  126 6062.98000 3892.01009  35.8%   158  298s
  6016  4547 4654.51018   63  212 6062.98000 3892.01009  35.8%   160  304s
  6107  4547 4999.14163  127   80 6062.98000 3892.01009  35.8%   159  305s
  6312  4602 5828.42722  170   69 6062.98000 3892.06400  35.8%   157  311s
  6407  4685 4425.56422   46  218 6062.98000 3895.11164  35.8%   158  316s
* 6482  4520             121    5973.7300000 3895.11164  34.8%   157  316s
* 6484  4332             120    5884.0900000 3895.11164  33.8%   157  316s
* 6485  4130             119    5789.0100000 3895.11164  32.7%   157  316s
* 6486  4069             118    5762.0100000 3895.11164  32.4%   157  316s
  6501  4120 4228.16671   35  235 5762.01000 3896.17683  32.4%   159  321s
  6552  4182 4946.18324   44   85 5762.01000 3896.17683  32.4%   161  327s
  6628  4281 5146.44658   51  138 5762.01000 3899.76360  32.3%   162  334s
  6752  4332 4106.96013   32  307 5762.01000 3901.18416  32.3%   164  339s
  6803  4440 4804.49893   70   96 5762.01000 3903.59149  32.3%   165  346s
  6934  4512 4430.70077   51  349 5762.01000 3905.84907  32.2%   165  353s
  7006  4567 5177.43570   67  256 5762.01000 3906.92273  32.2%   166  359s
  7092  4605 4212.89979   34  307 5762.01000 3911.28534  32.1%   166  365s
  7130  4769 4774.61796   50   51 5762.01000 3912.33979  32.1%   168  372s
  7306  4973 5473.33888  139   21 5762.01000 3912.38323  32.1%   167  381s
  7555  5017 5738.18000  159    - 5762.01000 3919.53545  32.0%   166  389s
  7601  5099     cutoff  159      5762.01000 3919.58254  32.0%   167  396s
  7695  5135 4410.22594   44  388 5762.01000 3921.19724  31.9%   168  404s
  7731  5210 4501.50580   46  363 5762.01000 3921.19724  31.9%   171  412s
  7834  5278 5376.60434   61  127 5762.01000 3925.02068  31.9%   173  421s
  7919  5392 5736.73441   70   63 5762.01000 3934.81107  31.7%   174  429s
  7963  5392 4778.56112   56  162 5762.01000 3939.07363  31.6%   175  430s
H 8020  4813                    5579.9900000 3939.07363  29.4%   175  430s
  8056  5112 4651.79147   58  100 5579.99000 3939.34905  29.4%   175  442s
  8440  5169     cutoff  160      5579.99000 3944.04507  29.3%   171  451s
  8475  5333 4356.78530   50  383 5579.99000 3945.94258  29.3%   173  460s
  8671  5425 4570.28813   49  376 5579.99000 3946.86362  29.3%   173  469s
  8774  5646 4139.14371   27  265 5579.99000 3946.86362  29.3%   174  483s
  9013  5722 4902.06860   39  156 5579.99000 3947.69863  29.3%   172  492s
  9097  5747 infeasible   59      5579.99000 3959.19532  29.0%   174  501s
  9148  5963 4507.67134   38  274 5579.99000 3960.12498  29.0%   176  512s
  9378  6077 4022.68679   29  435 5579.99000 3960.12498  29.0%   176  522s
  9514  6111 4316.12672   35  351 5579.99000 3960.12498  29.0%   177  531s
  9546  6280 4647.62600   41  128 5579.99000 3960.12498  29.0%   179  540s
  9733  6391 5084.86408   73  122 5579.99000 3962.60018  29.0%   179  552s
  9887  6430     cutoff  130      5579.99000 3967.70573  28.9%   179  563s
  9953  6507 4583.50635   46  148 5579.99000 3967.91407  28.9%   179  573s
 10040  6618 4672.33736   45  258 5579.99000 3968.37435  28.9%   181  585s
 10202  6692 4255.42931   35  438 5579.99000 3969.75691  28.9%   181  596s
 10271  6870 4649.54821   45  168 5579.99000 3969.75691  28.9%   183  606s
 10465  7026 5205.93929   85  120 5579.99000 3976.34158  28.7%   183  618s
 10662  7084 4910.10399   53  153 5579.99000 3976.51391  28.7%   182  628s
 10735  7213 4846.58528   52  122 5579.99000 3979.68187  28.7%   183  642s
 10893  7358 5321.07000   89   17 5579.99000 3986.51896  28.6%   183  653s
 11111  7423 infeasible  103      5579.99000 3988.05237  28.5%   183  663s
 11194  7497 4708.84674   38  321 5579.99000 3994.38967  28.4%   184  673s
 11301  7590 4292.46571   31  392 5579.99000 3996.21648  28.4%   186  682s
 11413  7709 4291.18454   40  387 5579.99000 3997.78802  28.4%   187  693s
 11563  7834 4557.91397   37  480 5579.99000 3998.51383  28.3%   188  704s
 11716  7926 5381.92365   70   29 5579.99000 4001.58308  28.3%   188  714s
 11844  8177 4537.83904   45  179 5579.99000 4004.39312  28.2%   189  726s
 12130  8349 4740.01608   53  152 5579.99000 4005.49074  28.2%   188  738s
 12313  8415 4730.75636  102   68 5579.99000 4011.88163  28.1%   188  748s
 12392  8489 5241.20855  117   72 5579.99000 4012.53479  28.1%   189  757s
*12394  6533             119    5259.5700000 4012.53479  23.7%   189  757s
 12489  6642 4746.09811   67  244 5259.57000 4013.21468  23.7%   190  768s
 12666  6832 4343.27348   47  378 5259.57000 4015.84185  23.6%   190  783s
 12900  6911     cutoff  111      5259.57000 4017.66180  23.6%   190  794s
 13006  6992 4785.36202   70  193 5259.57000 4019.52667  23.6%   191  804s
H13102  5916                    5110.5700000 4019.62742  21.3%   192  814s
 13232  5968 4792.00179   57  238 5110.57000 4025.21069  21.2%   193  824s
 13300  5968 4305.26935   37  309 5110.57000 4025.87246  21.2%   193  825s
 13331  6113 4401.66211   40  167 5110.57000 4026.04329  21.2%   194  836s
 13517  6157 4467.90721   48  196 5110.57000 4026.23261  21.2%   195  846s
 13581  6335 4338.74264   37  296 5110.57000 4027.07638  21.2%   197  858s
 13799  6377 infeasible   86      5110.57000 4030.63465  21.1%   197  868s
 13842  6444 4858.65023   48  131 5110.57000 4031.82264  21.1%   199  878s
 13943  6551 4975.18532   70  223 5110.57000 4032.57917  21.1%   200  890s
 14084  6577 4333.49286   45  301 5110.57000 4033.24465  21.1%   201  902s
 14138  6660 4314.93451   42  397 5110.57000 4033.41527  21.1%   203  913s
 14261  6732 4800.30945   46  133 5110.57000 4034.33205  21.1%   204  924s
 14297  6732 4267.62542   34  307 5110.57000 4035.48192  21.0%   204  925s
 14353  6803 4486.77237   46  257 5110.57000 4035.51456  21.0%   205  937s
 14470  6849 4147.83738   39  452 5110.57000 4035.51456  21.0%   206  948s
 14534  7004 4425.98583   44  178 5110.57000 4036.74678  21.0%   207  960s
 14743  7059     cutoff   98      5110.57000 4040.08180  20.9%   207  973s
 14808  7137 4893.89168   70  217 5110.57000 4041.17745  20.9%   208  984s
 14920  7200 4196.59483   40  410 5110.57000 4045.65934  20.8%   209  996s
 15006  7373 4375.87951   36  219 5110.57000 4046.47610  20.8%   211 1009s
 15216  7471 4359.27943   37  142 5110.57000 4049.56192  20.8%   211 1021s
 15356  7541 4764.44158   48  402 5110.57000 4051.46599  20.7%   212 1032s
 15443  7627 4864.29351   39  253 5110.57000 4052.72207  20.7%   213 1045s
 15550  7738 4847.24867   65  284 5110.57000 4052.75635  20.7%   214 1057s
 15694  7803 4946.66325   59  160 5110.57000 4055.99497  20.6%   215 1074s
 15766  7947 4752.26302   49  236 5110.57000 4056.03529  20.6%   216 1086s
 15953  8016 4958.81291   59  274 5110.57000 4059.26994  20.6%   217 1098s
 16049  8107 4962.42022   68   23 5110.57000 4060.70719  20.5%   218 1110s
 16170  8178     cutoff   87      5110.57000 4061.86784  20.5%   218 1123s
 16272  8243 4594.96284   36  416 5110.57000 4063.74433  20.5%   220 1135s
 16367  8297     cutoff   75      5110.57000 4065.47605  20.4%   221 1146s
 16430  8403 4197.21822   32  187 5110.57000 4065.87108  20.4%   222 1158s
 16558  8505 4765.80114   47  267 5110.57000 4067.29750  20.4%   222 1173s
 16698  8576 4353.91158   36  425 5110.57000 4067.69316  20.4%   223 1188s
 16791  8664 4973.48091   64  208 5110.57000 4068.90053  20.4%   224 1201s
 16909  8746 4779.49252   51  413 5110.57000 4073.13218  20.3%   224 1214s
 17018  8873 4947.52637   60  218 5110.57000 4076.08792  20.2%   225 1227s
 17174  8939 5066.89880   75  207 5110.57000 4076.76174  20.2%   226 1240s
 17290  8996 4882.83382   62  247 5110.57000 4078.61265  20.2%   227 1252s
 17390  9064 4344.94442   43  247 5110.57000 4081.86315  20.1%   228 1264s
 17444  9064 4411.62685   33  449 5110.57000 4083.49809  20.1%   229 1265s
 17490  9149 4638.97615   44  275 5110.57000 4086.15093  20.0%   230 1279s
 17616  9227 4919.71933   67  267 5110.57000 4088.16132  20.0%   231 1293s
 17724  9317 4491.29919   39  335 5110.57000 4089.37847  20.0%   232 1307s
 17839  9379 4670.22242   54  268 5110.57000 4092.70237  19.9%   233 1320s
 17927  9403 4441.82121   46  304 5110.57000 4093.44015  19.9%   234 1335s
 17951  9474 4629.15225   51  223 5110.57000 4093.53498  19.9%   236 1349s
 18065  9593 4402.20676   46  415 5110.57000 4094.93115  19.9%   237 1363s
*18189  9479              85    5098.5700000 4095.03805  19.7%   237 1364s
 18205  9612 4734.67375   48  281 5098.57000 4095.22476  19.7%   238 1377s
 18372  9658 4962.82343   77  165 5098.57000 4096.35129  19.7%   238 1392s
 18460  9734 4869.47804   64  222 5098.57000 4097.57538  19.6%   239 1404s
 18515  9734 4501.94644   38  455 5098.57000 4097.92171  19.6%   239 1405s
 18552  9919 4901.44462   64  136 5098.57000 4098.56525  19.6%   240 1419s
 18779 10079 4528.37721   55  318 5098.57000 4100.83048  19.6%   240 1433s
 18998 10179 4197.65947   34  217 5098.57000 4103.67877  19.5%   240 1446s
 19122 10282 4415.20226   45  467 5098.57000 4104.38335  19.5%   241 1459s
 19245 10470 4607.65123   53  194 5098.57000 4105.22992  19.5%   242 1474s
 19391 10472 4862.06268   98   48 5098.57000 4109.34304  19.4%   242 1475s
 19495 10641 4443.34594   37  217 5098.57000 4109.43780  19.4%   242 1489s
 19752 10757 4449.64560   43  298 5098.57000 4111.50541  19.4%   241 1505s
 19910 10895 4396.96938   39  165 5098.57000 4112.46247  19.3%   241 1519s
 19955 10895 4795.22842   69   87 5098.57000 4112.46247  19.3%   241 1520s
 20073 11098 4568.12105   43  310 5098.57000 4113.18473  19.3%   241 1534s
 20164 11098 4991.77140   65  177 5098.57000 4113.18473  19.3%   241 1535s
 20338 11231 4784.06330   55  112 5098.57000 4116.46844  19.3%   240 1549s
 20541 11321     cutoff   69      5098.57000 4118.70876  19.2%   240 1563s
 20653 11446 4258.62083   39  202 5098.57000 4119.55459  19.2%   240 1579s
 20802 11549 4804.06003   51  284 5098.57000 4122.34073  19.1%   241 1596s
 20930 11674 4435.27694   54  203 5098.57000 4123.56379  19.1%   242 1611s
 21082 11762 5015.50987   70  185 5098.57000 4124.32433  19.1%   243 1627s
 21320 11832     cutoff   48      5098.57000 4126.91386  19.1%   243 1640s
*21374 11049              71    5048.0500000 4127.31090  18.2%   243 1641s
 21425 11178 4898.01947   66  302 5048.05000 4127.88636  18.2%   243 1655s
 21599 11283     cutoff   63      5048.05000 4129.59313  18.2%   244 1672s
 21739 11405 4630.36244   42  251 5048.05000 4132.06575  18.1%   245 1686s
H21828 10499                    4996.6600000 4132.06575  17.3%   245 1687s
 21915 10557     cutoff   80      4996.66000 4133.51158  17.3%   245 1700s
 22025 10682 4481.54336   40  208 4996.66000 4134.40571  17.3%   246 1716s
 22207 10813 4826.18509   58  242 4996.66000 4134.81185  17.2%   247 1731s
 22373 10934     cutoff   73      4996.66000 4136.95119  17.2%   247 1745s
 22534 11041 4446.29087   44  245 4996.66000 4138.32329  17.2%   248 1761s
H22677 10983                    4990.6600000 4138.59671  17.1%   248 1775s
 22758 11064 4927.83587   67  268 4990.66000 4140.03090  17.0%   250 1790s
 22868 11208 4495.77575   49  223 4990.66000 4140.64161  17.0%   251 1805s
 23086 11304 4744.39901   50  409 4990.66000 4143.18462  17.0%   250 1820s
 23252 11360 4989.72286   64  102 4990.66000 4144.85234  16.9%   250 1834s
 23354 11437 4545.27279   44  474 4990.66000 4145.64049  16.9%   251 1847s
 23451 11611 4751.86082   45  268 4990.66000 4146.03281  16.9%   252 1862s
 23664 11707 4766.88086   49  249 4990.66000 4146.58542  16.9%   252 1877s
 23832 11791 4291.26819   50  480 4990.66000 4147.64373  16.9%   252 1897s
 23968 12002 4594.73400   47  437 4990.66000 4148.11841  16.9%   252 1913s
 24245 12130 4516.78134   50  508 4990.66000 4149.14961  16.9%   251 1928s
 24406 12296     cutoff   63      4990.66000 4150.15337  16.8%   251 1944s
 24622 12420 4561.76790   46  257 4990.66000 4150.36407  16.8%   251 1959s
 24835 12579 4582.20298   34  274 4990.66000 4153.12438  16.8%   251 1974s
 25024 12581 4627.95593   46  364 4990.66000 4154.40179  16.8%   250 1975s
 25048 12684 4718.88470   49  270 4990.66000 4154.65557  16.8%   250 1988s
 25219 12779 4338.04649   50  269 4990.66000 4156.65997  16.7%   250 2003s
 25366 12876 4604.13839   47  314 4990.66000 4157.36230  16.7%   250 2018s
 25483 13019 4872.60036   69   52 4990.66000 4157.68277  16.7%   251 2034s
 25735 13133 4859.19933   43  228 4990.66000 4158.55811  16.7%   251 2048s
 25884 13357     cutoff   68      4990.66000 4159.45570  16.7%   252 2064s
 26137 13357 4783.31556   88   61 4990.66000 4160.47447  16.6%   251 2065s
 26184 13474 4526.80289   42  171 4990.66000 4160.79821  16.6%   251 2078s
 26387 13542 4438.00195   44  339 4990.66000 4162.04181  16.6%   251 2093s
 26489 13637 4663.88122   50  137 4990.66000 4162.30481  16.6%   252 2110s
 26617 13801 4608.01168   47  222 4990.66000 4162.88544  16.6%   253 2127s
 26825 13899 4395.33936   39  114 4990.66000 4163.05026  16.6%   253 2140s
 26958 13963     cutoff   52      4990.66000 4163.58261  16.6%   254 2155s
 27066 14030 4618.90979   47  181 4990.66000 4164.02743  16.6%   255 2169s
 27191 14118 4557.07494   46  287 4990.66000 4165.66489  16.5%   256 2181s
 27309 14242 4953.00231   59  255 4990.66000 4166.08822  16.5%   256 2196s
 27465 14358 4825.92442   49   99 4990.66000 4168.17266  16.5%   257 2212s
H27627 14286                    4981.3000000 4168.63813  16.3%   257 2229s
 27795 14358 4726.77737   62  394 4981.30000 4170.06559  16.3%   257 2243s
 27905 14416 4641.35633   45  348 4981.30000 4170.97433  16.3%   258 2258s
 28005 14534 4343.77544   41  389 4981.30000 4173.42961  16.2%   259 2272s
 28201 14623     cutoff   67      4981.30000 4174.73267  16.2%   259 2288s
 28309 14763 4370.11802   46  512 4981.30000 4174.86504  16.2%   260 2304s
 28480 14896 4501.46643   53  473 4981.30000 4176.24866  16.2%   260 2322s
 28662 15014 4322.38548   32  251 4981.30000 4176.65819  16.2%   259 2337s
 28810 15130 4428.86568   41  395 4981.30000 4176.76557  16.2%   260 2352s
 28953 15222 4779.93232   57  206 4981.30000 4177.14085  16.1%   260 2366s
 29111 15303 4552.31012   39  252 4981.30000 4177.62130  16.1%   260 2381s
 29225 15393 4747.22614   54  152 4981.30000 4178.36140  16.1%   261 2396s
 29350 15531 4513.61989   44  296 4981.30000 4178.47366  16.1%   262 2412s
 29525 15644 4819.10952   52  248 4981.30000 4178.80415  16.1%   262 2427s
 29678 15730 4649.28144   51  247 4981.30000 4179.41779  16.1%   263 2442s
 29818 15829 4636.94060   45  362 4981.30000 4180.59176  16.1%   263 2457s
 29961 15956 4562.66611   42  422 4981.30000 4181.21187  16.1%   264 2472s
 30150 16066 4369.26927   33  316 4981.30000 4181.97855  16.0%   264 2488s
H30342  8273                    4709.4300000 4182.65186  11.2%   264 2507s
 30520  8269 4601.19434   37  286 4709.43000 4183.11539  11.2%   264 2521s
 30594  8309 4570.83144   47  347 4709.43000 4184.15244  11.2%   265 2535s
 30689  8361 4701.49389   52  278 4709.43000 4184.46178  11.1%   266 2549s
 30787  8422 4478.79289   45  209 4709.43000 4185.32423  11.1%   267 2563s
 30908  8470 4592.64309   37   96 4709.43000 4186.53179  11.1%   268 2578s
 30996  8518 4606.99155   47  327 4709.43000 4186.75046  11.1%   269 2592s
 31103  8570 4694.17967   48  278 4709.43000 4187.94790  11.1%   269 2606s
 31203  8623     cutoff   40      4709.43000 4189.50754  11.0%   270 2622s
 31318  8669 4631.73031   50  363 4709.43000 4190.70787  11.0%   271 2643s
 31423  8715 4536.99618   44  234 4709.43000 4192.36834  11.0%   272 2660s
 31517  8815 4404.59827   39  184 4709.43000 4193.95245  10.9%   272 2675s
 31664  8843 4529.19869   43  340 4709.43000 4194.51169  10.9%   273 2689s
 31742  8896 4542.80737   47  504 4709.43000 4195.77395  10.9%   274 2703s
H31772  7338                    4652.4100000 4195.77395  9.82%   274 2704s
 31827  7380 4610.55201   43  302 4652.41000 4196.06451  9.81%   274 2719s
 31934  7425 4513.13804   37  421 4652.41000 4196.60355  9.80%   275 2734s
 32055  7480 4298.75018   44  385 4652.41000 4197.50238  9.78%   276 2749s
 32158  7529 4603.02692   52  423 4652.41000 4198.31461  9.76%   277 2764s
 32252  7529 4409.58649   38  202 4652.41000 4198.81239  9.75%   277 2765s
 32303  7572 4309.90479   35  221 4652.41000 4199.32289  9.74%   277 2780s
 32433  7600 4552.68915   44  311 4652.41000 4199.85218  9.73%   278 2795s
 32534  7675 4351.53312   39  450 4652.41000 4201.32783  9.70%   278 2811s
 32691  7731 4548.01557   47  385 4652.41000 4202.37114  9.67%   279 2828s
 32829  7788 infeasible   50      4652.41000 4204.34557  9.63%   279 2843s
 32954  7841 4310.96869   48  367 4652.41000 4206.42848  9.59%   280 2859s
 33089  7881 4366.25403   53  319 4652.41000 4206.91988  9.58%   280 2874s
 33180  7906     cutoff   63      4652.41000 4207.25300  9.57%   281 2890s
 33285  7967     cutoff   43      4652.41000 4208.10602  9.55%   282 2907s
 33420  8001 4515.27913   38  101 4652.41000 4208.62321  9.54%   282 2923s
 33516  8061 4570.53190   41  368 4652.41000 4209.87616  9.51%   283 2940s
 33654  8131 4344.04407   31  341 4652.41000 4210.42123  9.50%   284 2956s
 33767  8167 4379.74467   55  459 4652.41000 4210.52576  9.50%   284 2971s
 33883  8214 4286.74851   34  324 4652.41000 4211.47241  9.48%   285 2987s
 34004  8295 4364.14673   35  280 4652.41000 4212.01699  9.47%   286 3004s
 34194  8359 4632.73090   51  148 4652.41000 4212.71945  9.45%   286 3020s
 34359  8395     cutoff   49      4652.41000 4213.92080  9.42%   287 3036s
 34445  8459     cutoff   53      4652.41000 4214.78965  9.41%   287 3051s
 34573  8512 4589.56893   48  335 4652.41000 4215.53783  9.39%   288 3067s
 34705  8558 4446.49881   43  232 4652.41000 4217.50835  9.35%   288 3083s
 34811  8618 4526.03324   45  291 4652.41000 4218.08632  9.34%   289 3098s
 34936  8693 4642.79199   56  337 4652.41000 4219.27292  9.31%   290 3114s
 35089  8773 4576.86771   56  307 4652.41000 4220.38516  9.29%   290 3131s
 35241  8816 4632.12852   56  173 4652.41000 4221.53433  9.26%   291 3148s
 35356  8871 4459.13261   42  266 4652.41000 4223.46698  9.22%   292 3165s
H35467  7862                    4612.4100000 4224.02085  8.42%   292 3181s
 35588  7889 4368.11400   36  266 4612.41000 4225.05316  8.40%   293 3197s
 35706  7939 4427.55968   40  273 4612.41000 4226.13933  8.37%   294 3213s
 35821  7986 4550.86174   50  206 4612.41000 4227.58291  8.34%   294 3228s
 35967  8033 4483.35702   47  400 4612.41000 4228.68599  8.32%   295 3245s
 36082  8069 4454.93074   50  212 4612.41000 4229.52669  8.30%   295 3261s
 36184  8114 4395.13665   42  370 4612.41000 4230.35093  8.28%   296 3277s
 36305  8141 4586.36822   56  358 4612.41000 4230.87893  8.27%   296 3293s
 36424  8169     cutoff   54      4612.41000 4232.77135  8.23%   297 3311s
 36529  8200 4319.88100   37  167 4612.41000 4233.46622  8.22%   298 3327s
 36633  8258 4536.55910   50  252 4612.41000 4234.19579  8.20%   299 3343s
 36780  8307     cutoff   51      4612.41000 4234.80582  8.19%   299 3359s
 36908  8341     cutoff   46      4612.41000 4235.52710  8.17%   300 3374s
 37014  8369     cutoff   44      4612.41000 4236.34577  8.15%   300 3390s
 37158  8417 4312.63493   49  367 4612.41000 4237.24636  8.13%   301 3406s
 37262  8445 4568.27345   54  314 4612.41000 4238.01510  8.12%   302 3425s
H37332  8177                    4603.4100000 4238.61695  7.92%   302 3426s
 37348  8228 4594.63906   42  243 4603.41000 4238.90556  7.92%   302 3442s
 37472  8275 4377.26830   39  256 4603.41000 4239.53334  7.90%   302 3459s
 37599  8333     cutoff   49      4603.41000 4240.16849  7.89%   303 3476s
 37735  8403 4486.27494   37  173 4603.41000 4241.30469  7.87%   304 3493s
 37919  8447     cutoff   53      4603.41000 4242.62915  7.84%   304 3510s
 38045  8472 4542.30019   46  321 4603.41000 4244.23833  7.80%   304 3525s
 38152  8539 4559.22695   41  248 4603.41000 4245.03981  7.78%   305 3543s
 38311  8576     cutoff   56      4603.41000 4245.84262  7.77%   305 3559s
 38438  8642 4497.07655   37  131 4603.41000 4246.92323  7.74%   306 3576s
 38604  8705 4309.92162   40  371 4603.41000 4247.45618  7.73%   306 3592s
 38729  8725 4346.87193   42  283 4603.41000 4248.96010  7.70%   307 3600s

Cutting planes:
  User: 5803
  Gomory: 15
  Cover: 325
  Implied bound: 129
  Projected implied bound: 3
  Clique: 23
  MIR: 84
  StrongCG: 2
  Flow cover: 229
  GUB cover: 1
  Zero half: 9
  RLT: 193
  Relax-and-lift: 9
  Lazy constraints: 1473

Explored 38787 nodes (11915450 simplex iterations) in 3600.22 seconds
Thread count was 2 (of 32 available processors)

Solution count 10: 4603.41 4612.41 4652.41 ... 5110.57

Time limit reached
Best objective 4.603410000000e+03, best bound 4.249195691023e+03, gap 7.6946%

User-callback calls 388889, time in user-callback 135.66 sec
================================================================================
executing instance: ./input/Instances/Original/4/absH3low_3n10.dat
--------------------------------------------------------------------------------
Instance details
n	11
H	3
C	687
Li:
[0, 0, 0, 0, 0, 0, 0, 0, 0, 0, 0, ]
Ui:
[0, 189, 44, 174, 78, 36, 198, 117, 42, 96, 240, ]
Distance matrix:
|0	209	255	286	142	156	285	317	182	161	135	|
|209	0	464	451	315	356	490	469	361	299	260	|
|255	464	0	221	202	130	74	280	189	254	273	|
|286	451	221	0	145	156	164	479	354	153	192	|
|142	315	202	145	0	73	194	388	250	53	73	|
|156	356	130	156	73	0	134	332	200	127	144	|
|285	490	74	164	194	134	0	353	256	239	267	|
|317	469	280	479	388	332	353	0	141	436	430	|
|182	361	189	354	250	200	256	141	0	296	289	|
|161	299	254	153	53	127	239	436	296	0	39	|
|135	260	273	192	73	144	267	430	289	39	0	|

--------------------------------------------------------------------------------
Building model...
	using lazy and cut (CVRPSEP package)
Solving IRP LP...
--------------------------------------------------------------------------------

Gurobi 9.1.0 (linux64) logging started Thu Feb 11 02:37:31 2021

Gurobi Optimizer version 9.1.0 build v9.1.0rc0 (linux64)
Thread count: 32 physical cores, 32 logical processors, using up to 2 threads
Optimize a model with 530 rows, 956 columns and 2834 nonzeros
Model fingerprint: 0x1fd2432e
Variable types: 164 continuous, 792 integer (132 binary)
Coefficient statistics:
  Matrix range     [1e+00, 2e+02]
  Objective range  [1e-02, 5e+02]
  Bounds range     [1e+00, 2e+02]
  RHS range        [1e+00, 1e+03]
Presolve removed 241 rows and 172 columns
Presolve time: 0.02s
Presolved: 289 rows, 784 columns, 2114 nonzeros
Variable types: 91 continuous, 693 integer (576 binary)

Root relaxation: objective 1.851015e+03, 455 iterations, 0.01 seconds

    Nodes    |    Current Node    |     Objective Bounds      |     Work
 Expl Unexpl |  Obj  Depth IntInf | Incumbent    BestBd   Gap | It/Node Time

     0     0 1883.90483    0   64          - 1883.90483      -     -    0s
H    0     0                    5113.7100000 1883.90483  63.2%     -    0s
H    0     0                    4806.7100000 1883.90483  60.8%     -    0s
     0     0 2281.11430    0   56 4806.71000 2281.11430  52.5%     -    0s
     0     0 2281.65165    0   55 4806.71000 2281.65165  52.5%     -    0s
     0     0 2492.08402    0   94 4806.71000 2492.08402  48.2%     -    0s
H    0     0                    4742.3700000 2492.08402  47.5%     -    0s
     0     0 2553.96189    0   89 4742.37000 2553.96189  46.1%     -    0s
     0     0 2560.06613    0   76 4742.37000 2560.06613  46.0%     -    0s
     0     0 2560.49733    0   80 4742.37000 2560.49733  46.0%     -    0s
     0     0 2561.35998    0   85 4742.37000 2561.35998  46.0%     -    0s
     0     0 2690.59796    0  134 4742.37000 2690.59796  43.3%     -    0s
H    0     0                    3561.1000000 2690.59796  24.4%     -    0s
     0     0 2694.84456    0   84 3561.10000 2694.84456  24.3%     -    0s
     0     0 2696.00383    0  132 3561.10000 2696.00383  24.3%     -    0s
     0     0 2696.20771    0  130 3561.10000 2696.20771  24.3%     -    0s
     0     0 2750.47506    0   87 3561.10000 2750.47506  22.8%     -    0s
H    0     0                    3529.1000000 2750.47506  22.1%     -    0s
     0     0 2750.71320    0   87 3529.10000 2750.71320  22.1%     -    0s
     0     0 2780.10829    0   88 3529.10000 2780.10829  21.2%     -    0s
H    0     0                    3198.1000000 2780.10829  13.1%     -    0s
     0     0 2780.34940    0   81 3198.10000 2780.34940  13.1%     -    0s
     0     0 2785.47137    0   90 3198.10000 2785.47137  12.9%     -    0s
     0     0 2785.47137    0   84 3198.10000 2785.47137  12.9%     -    0s
     0     2 2800.43894    0   80 3198.10000 2800.43894  12.4%     -    0s
H    8    10                    3190.1000000 2800.43894  12.2%  75.0    0s
H   68    51                    3111.1000000 2836.15824  8.84%  32.9    0s

Cutting planes:
  User: 28
  Gomory: 3
  Cover: 83
  Implied bound: 43
  Clique: 9
  MIR: 46
  StrongCG: 2
  Flow cover: 47
  Inf proof: 1
  Zero half: 1
  Mod-K: 1
  Network: 1
  RLT: 59
  Relax-and-lift: 15
  Lazy constraints: 6

Explored 808 nodes (23892 simplex iterations) in 1.77 seconds
Thread count was 2 (of 32 available processors)

Solution count 8: 3111.1 3190.1 3198.1 ... 5113.71

Optimal solution found (tolerance 1.00e-04)
Best objective 3.111100000000e+03, best bound 3.111100000000e+03, gap 0.0000%

User-callback calls 2161, time in user-callback 0.18 sec
================================================================================
executing instance: ./input/Instances/Original/4/absH3low_3n15.dat
--------------------------------------------------------------------------------
Instance details
n	16
H	3
C	1267
Li:
[0, 0, 0, 0, 0, 0, 0, 0, 0, 0, 0, 0, 0, 0, 0, 0, ]
Ui:
[0, 156, 267, 148, 144, 87, 33, 171, 76, 141, 270, 282, 60, 110, 172, 57, ]
Distance matrix:
|0	229	567	76	58	96	306	409	310	423	108	346	165	347	159	256	|
|229	0	482	243	279	155	375	525	251	419	158	373	65	123	329	246	|
|567	482	0	506	622	483	342	439	259	200	467	274	486	433	501	312	|
|76	243	506	0	119	88	230	337	255	352	88	272	179	347	94	194	|
