




arguments: ./build/bc_mirp -f ./input/orig_exec_25.cfg
Current dir: /scratch/gui/bc_mirp
File verbosity level: 9
date       time         ( uptime  ) [ thread name/id ]                   file:line     v| 
2021-02-06 16:34:02.345 (   0.162s) [main thread     ]             loguru.cpp:789   INFO| Logging to './output/vi_vc+vr/OU/V4/Original/execution_06_02_2021_16_34_02.log', mode: 'a', verbosity: 9
--------------------------------------------------------------------------------
Parameters
                           instance_path           ./input/Instances/Original/1/
                            model_policy                                       1
                             nb_vehicles                                       4
                              output_dir       ./output/vi_vc+vr/OU/V4/Original/
                            sec_strategy                                       1
                       solver_nb_threads                                       2
                         solver_show_log                                    true
                       solver_time_limit                                    3600
                              use_vi_cos                                   false
                              use_vi_cus                                   false
                         use_vi_hc1_full                                   false
                         use_vi_hc1_half                                   false
                      use_vi_hc1_quarter                                   false
                              use_vi_hc2                                   false
                              use_vi_hc3                                   false
                         use_vi_lex_full                                   false
                         use_vi_lex_half                                   false
                      use_vi_lex_quarter                                   false
                              use_vi_qua                                   false
                               use_vi_vc                                    true
                               use_vi_vr                                    true
--------------------------------------------------------------------------------
executing instance: ./input/Instances/Original/1/absH3high_1n5.dat
--------------------------------------------------------------------------------
Instance details
n	6
H	3
C	289
Li:
[0, 0, 0, 0, 0, 0, ]
Ui:
[0, 195, 105, 116, 72, 22, ]
Distance matrix:
|0	85	349	17	203	289	|
|85	0	265	102	214	226	|
|349	265	0	366	368	238	|
|17	102	366	0	207	302	|
|203	214	368	207	0	431	|
|289	226	238	302	431	0	|

--------------------------------------------------------------------------------
Building model...
	using lazy and cut (CVRPSEP package)
Solving IRP LP...
--------------------------------------------------------------------------------

Gurobi 9.1.0 (linux64) logging started Sat Feb  6 16:34:02 2021

Gurobi Optimizer version 9.1.0 build v9.1.0rc0 (linux64)
Thread count: 32 physical cores, 32 logical processors, using up to 2 threads
Optimize a model with 285 rows, 336 columns and 1149 nonzeros
Model fingerprint: 0x9ad2bf52
Variable types: 84 continuous, 252 integer (72 binary)
Coefficient statistics:
  Matrix range     [1e+00, 2e+02]
  Objective range  [2e-01, 4e+02]
  Bounds range     [1e+00, 2e+02]
  RHS range        [1e+00, 5e+02]
Presolve removed 151 rows and 149 columns
Presolve time: 0.02s
Presolved: 134 rows, 187 columns, 602 nonzeros
Variable types: 36 continuous, 151 integer (103 binary)

Root relaxation: objective 1.889000e+03, 203 iterations, 0.00 seconds

    Nodes    |    Current Node    |     Objective Bounds      |     Work
 Expl Unexpl |  Obj  Depth IntInf | Incumbent    BestBd   Gap | It/Node Time

     0     0 1888.99993    0   25          - 1888.99993      -     -    0s
H    0     0                    3456.7100000 1888.99993  45.4%     -    0s
H    0     0                    2888.0300000 1888.99993  34.6%     -    0s
     0     0 2182.23051    0   56 2888.03000 2182.23051  24.4%     -    0s
H    0     0                    2703.3300000 2182.23051  19.3%     -    0s
     0     0 2394.80606    0   66 2703.33000 2394.80606  11.4%     -    0s
     0     0 2402.53421    0   62 2703.33000 2402.53421  11.1%     -    0s
     0     0 2404.98068    0   66 2703.33000 2404.98068  11.0%     -    0s
     0     0 2405.09104    0   66 2703.33000 2405.09104  11.0%     -    0s
     0     0 2482.83448    0   15 2703.33000 2482.83448  8.16%     -    0s
     0     0 2531.71153    0   45 2703.33000 2531.71153  6.35%     -    0s
     0     0 2536.25198    0   62 2703.33000 2536.25198  6.18%     -    0s
     0     0 2536.29710    0   56 2703.33000 2536.29710  6.18%     -    0s
     0     0 2549.47302    0   55 2703.33000 2549.47302  5.69%     -    0s
     0     0 2555.95733    0   64 2703.33000 2555.95733  5.45%     -    0s
     0     0 2555.99851    0   56 2703.33000 2555.99851  5.45%     -    0s
     0     0 2557.32823    0   51 2703.33000 2557.32823  5.40%     -    0s
     0     0 2558.04652    0   60 2703.33000 2558.04652  5.37%     -    0s
     0     0 2558.11836    0   67 2703.33000 2558.11836  5.37%     -    0s
     0     0 2567.45000    0   30 2703.33000 2567.45000  5.03%     -    0s
     0     0 2567.77923    0   60 2703.33000 2567.77923  5.01%     -    0s
     0     0 2574.38712    0   50 2703.33000 2574.38712  4.77%     -    0s
     0     0 2575.91765    0   56 2703.33000 2575.91765  4.71%     -    0s
     0     0 2575.98958    0   66 2703.33000 2575.98958  4.71%     -    0s
     0     0 2576.08189    0   66 2703.33000 2576.08189  4.71%     -    0s
     0     0 2576.08189    0   60 2703.33000 2576.08189  4.71%     -    0s
     0     0 2576.08189    0   14 2703.33000 2576.08189  4.71%     -    0s
     0     0 2576.08189    0   30 2703.33000 2576.08189  4.71%     -    0s
     0     0 2576.08189    0   48 2703.33000 2576.08189  4.71%     -    0s
     0     0 2576.08189    0   17 2703.33000 2576.08189  4.71%     -    0s
     0     0 2576.08189    0   62 2703.33000 2576.08189  4.71%     -    0s
     0     0 2576.08189    0   38 2703.33000 2576.08189  4.71%     -    0s
     0     0 2576.08189    0   48 2703.33000 2576.08189  4.71%     -    0s
     0     0 2579.85726    0   62 2703.33000 2579.85726  4.57%     -    0s
     0     0 2580.30667    0   58 2703.33000 2580.30667  4.55%     -    0s
     0     0 2583.96376    0   45 2703.33000 2583.96376  4.42%     -    0s
     0     0 2584.03102    0   66 2703.33000 2584.03102  4.41%     -    0s
     0     0 2588.74941    0   61 2703.33000 2588.74941  4.24%     -    0s
     0     0 2594.84000    0   26 2703.33000 2594.84000  4.01%     -    0s
     0     0 2594.84000    0   24 2703.33000 2594.84000  4.01%     -    0s

Cutting planes:
  Cover: 19
  Implied bound: 4
  MIR: 16
  Flow cover: 13
  GUB cover: 1
  Mod-K: 1
  Network: 1
  RLT: 16
  Relax-and-lift: 3

Explored 1 nodes (1019 simplex iterations) in 0.21 seconds
Thread count was 2 (of 32 available processors)

Solution count 3: 2703.33 2888.03 3456.71 

Optimal solution found (tolerance 1.00e-04)
Best objective 2.703330000000e+03, best bound 2.703330000000e+03, gap 0.0000%

User-callback calls 365, time in user-callback 0.01 sec
================================================================================
executing instance: ./input/Instances/Original/1/absH3high_1n45.dat
--------------------------------------------------------------------------------
Instance details
n	46
H	3
C	3462
Li:
[0, 0, 0, 0, 0, 0, 0, 0, 0, 0, 0, 0, 0, 0, 0, 0, 0, 0, 0, 0, 0, 0, 0, 0, 0, 0, 0, 0, 0, 0, 0, 0, 0, 0, 0, 0, 0, 0, 0, 0, 0, 0, 0, 0, 0, 0, ]
Ui:
[0, 273, 270, 36, 165, 192, 148, 45, 30, 75, 180, 198, 112, 117, 90, 64, 180, 22, 264, 174, 168, 270, 86, 66, 26, 66, 237, 156, 92, 108, 144, 72, 30, 45, 94, 54, 174, 96, 198, 136, 44, 180, 210, 249, 198, 48, ]
Distance matrix:
|0	281	201	160	249	201	93	431	236	139	252	136	116	166	390	110	349	374	303	180	327	464	236	70	44	461	346	439	363	254	312	426	305	206	71	137	169	200	247	260	20	219	256	253	460	278	|
|281	0	448	170	53	142	338	184	121	290	371	390	222	302	111	289	169	434	230	177	238	441	59	212	319	211	86	235	399	306	53	176	99	202	263	157	361	101	370	201	264	344	364	374	469	184	|
|201	448	0	285	430	325	114	556	361	171	191	64	228	174	546	294	453	306	364	289	388	435	393	254	157	585	491	536	318	254	490	554	436	407	266	292	108	388	186	337	207	181	205	190	408	364	|
|160	170	285	0	169	43	182	280	80	120	208	231	58	132	262	230	190	294	151	24	174	345	112	107	183	309	207	280	268	158	219	276	155	235	187	45	192	150	205	107	140	177	202	210	356	119	|
|249	53	430	169	0	152	317	238	145	282	377	369	212	299	157	242	215	452	261	183	273	474	76	181	290	264	140	287	421	320	63	229	145	148	221	142	352	53	374	226	234	346	370	378	498	215	|
|201	142	325	43	152	0	224	237	37	156	230	273	101	164	224	261	148	300	127	38	147	333	83	142	225	266	167	238	270	168	193	233	112	246	221	70	228	148	228	84	180	202	222	232	351	87	|
|93	338	114	182	317	224	0	460	262	92	180	52	124	112	440	199	364	307	292	191	317	415	284	140	57	490	387	452	304	208	377	457	336	297	163	181	84	274	175	256	95	152	188	180	402	280	|
|431	184	556	280	238	237	460	0	199	385	420	508	337	385	108	464	110	429	219	269	206	378	202	365	460	30	98	84	388	340	204	9	126	386	432	294	453	283	421	226	411	404	408	423	422	198	|
|236	121	361	80	145	37	262	199	0	191	255	310	138	197	191	290	114	312	118	72	133	330	69	175	262	229	132	204	279	186	174	195	75	258	251	102	262	153	254	81	216	230	246	257	353	72	|
|139	290	171	120	282	156	92	385	191	0	116	129	71	27	380	246	283	235	201	119	226	329	231	141	129	414	323	367	224	119	336	383	266	308	202	141	72	252	112	169	127	82	118	117	322	195	|
|252	371	191	208	377	230	180	420	255	116	0	187	178	90	443	361	311	127	204	195	224	246	313	257	232	446	382	380	129	81	423	421	320	422	318	242	100	355	5	195	241	34	15	2	225	224	|
|136	390	64	231	369	273	52	508	310	129	187	0	173	141	491	233	409	313	330	239	355	431	335	191	93	538	438	495	316	233	429	505	385	342	203	233	88	325	182	297	143	167	199	187	412	323	|
|116	222	228	58	212	101	124	337	138	71	178	173	0	91	319	206	244	284	187	69	212	357	165	85	130	367	265	333	264	151	267	333	213	244	161	70	140	181	175	145	97	145	177	180	359	165	|
|166	302	174	132	299	164	112	385	197	27	90	141	91	0	388	273	280	208	191	127	215	305	243	167	153	413	329	361	198	96	351	383	270	333	229	159	68	272	86	163	153	56	92	91	296	190	|
|390	111	546	262	157	224	440	108	191	380	443	491	319	388	0	399	164	480	264	261	261	456	156	320	426	125	62	186	442	369	107	99	125	300	374	260	452	210	443	252	372	420	433	446	494	227	|
|110	289	294	230	242	261	199	464	290	246	361	233	206	273	399	0	402	480	382	254	404	562	262	124	143	493	369	490	466	355	302	457	344	135	45	191	279	189	356	337	120	328	364	362	563	348	|
|349	169	453	190	215	148	364	110	114	283	311	409	244	280	164	402	0	324	110	174	101	292	151	289	372	135	109	90	284	230	212	111	70	354	364	216	348	245	312	118	329	295	298	313	330	90	|
|374	434	306	294	452	300	307	429	312	235	127	313	284	208	480	480	324	0	216	274	223	137	380	368	357	448	419	367	40	136	487	432	358	525	436	336	227	443	132	234	361	156	119	127	102	255	|
|303	230	364	151	261	127	292	219	118	201	204	330	187	191	264	382	110	216	0	128	25	213	185	258	314	243	203	176	178	123	282	221	144	372	338	193	256	270	206	45	283	193	191	206	239	46	|
|180	177	289	24	183	38	191	269	72	119	195	239	69	127	261	254	174	274	128	0	151	321	118	130	198	299	204	263	246	139	228	266	147	258	211	68	191	169	193	83	159	166	188	197	333	98	|
|327	238	388	174	273	147	317	206	133	226	224	355	212	215	261	404	101	223	25	151	0	203	198	281	339	228	202	156	184	143	288	209	146	390	362	215	280	286	226	68	308	215	210	226	235	61	|
|464	441	435	345	474	333	415	378	330	329	246	431	357	305	456	562	292	137	213	321	203	0	398	440	458	390	400	301	117	211	492	384	348	578	517	389	344	480	251	251	448	265	233	246	54	259	|
|236	59	393	112	76	83	284	202	69	231	313	335	165	243	156	262	151	380	185	118	198	398	0	167	270	231	110	233	347	250	110	195	85	203	230	103	303	95	311	150	217	284	305	315	422	139	|
|70	212	254	107	181	142	140	365	175	141	257	191	85	167	320	124	289	368	258	130	281	440	167	0	109	394	277	378	349	236	244	359	239	167	81	73	196	135	253	213	53	223	257	258	444	226	|
|44	319	157	183	290	225	57	460	262	129	232	93	130	153	426	143	372	357	314	198	339	458	270	109	0	490	379	462	351	247	353	456	334	250	110	168	140	243	226	274	56	201	238	232	449	294	|
|461	211	585	309	264	266	490	30	229	414	446	538	367	413	125	493	135	448	243	299	228	390	231	394	490	0	125	89	408	365	226	36	156	412	462	324	481	311	447	253	441	430	433	448	436	225	|
|346	86	491	207	140	167	387	98	132	323	382	438	265	329	62	369	109	419	203	204	202	400	110	277	379	125	0	155	381	307	113	90	63	288	339	211	394	186	382	190	327	359	371	384	436	165	|
|439	235	536	280	287	238	452	84	204	367	380	495	333	361	186	490	90	367	176	263	156	301	233	378	462	89	155	0	326	299	267	92	148	432	454	306	429	325	382	199	419	369	366	382	348	172	|
|363	399	318	268	421	270	304	388	279	224	129	316	264	198	442	466	284	40	178	246	184	117	347	349	351	408	381	326	0	113	452	391	321	502	422	311	229	415	134	199	348	152	118	130	98	219	|
|254	306	254	158	320	168	208	340	186	119	81	233	151	96	369	355	230	136	123	139	143	211	250	236	247	365	307	299	113	0	359	340	244	390	310	200	148	308	83	117	238	74	68	83	208	145	|
|312	53	490	219	63	193	377	204	174	336	423	429	267	351	107	302	212	487	282	228	288	492	110	244	353	226	113	267	452	359	0	195	145	194	283	199	407	115	421	254	296	394	415	425	521	237	|
|426	176	554	276	229	233	457	9	195	383	421	505	333	383	99	457	111	432	221	266	209	384	195	359	456	36	90	92	391	340	195	0	122	378	426	289	451	275	421	226	406	404	408	423	427	197	|
|305	99	436	155	145	112	336	126	75	266	320	385	213	270	125	344	70	358	144	147	146	348	85	239	334	156	63	148	321	244	145	122	0	286	310	168	336	177	320	128	285	298	309	322	381	103	|
|206	202	407	235	148	246	297	386	258	308	422	342	244	333	300	135	354	525	372	258	390	578	203	167	250	412	288	432	502	390	194	378	286	0	144	191	362	109	418	329	202	388	421	423	591	329	|
|71	263	266	187	221	221	163	432	251	202	318	203	161	229	374	45	364	436	338	211	362	517	230	81	110	462	339	454	422	310	283	426	310	144	0	150	239	168	313	294	77	285	321	319	518	306	|
|137	157	292	45	142	70	181	294	102	141	242	233	70	159	260	191	216	336	193	68	215	389	103	73	168	324	211	306	311	200	199	289	168	191	150	0	210	113	239	148	117	210	238	244	400	157	|
|169	361	108	192	352	228	84	453	262	72	100	88	140	68	452	279	348	227	256	191	280	344	303	196	140	481	394	429	229	148	407	451	336	362	239	210	0	318	95	231	164	79	111	100	325	258	|
|200	101	388	150	53	148	274	283	153	252	355	325	181	272	210	189	245	443	270	169	286	480	95	135	243	311	186	325	415	308	115	275	177	109	168	113	318	0	352	230	187	323	351	357	498	225	|
|247	370	186	205	374	228	175	421	254	112	5	182	175	86	443	356	312	132	206	193	226	251	311	253	226	447	382	382	134	83	421	421	320	418	313	239	95	352	0	196	237	30	19	6	230	224	|
|260	201	337	107	226	84	256	226	81	169	195	297	145	163	252	337	118	234	45	83	68	251	150	213	274	253	190	199	199	117	254	226	128	329	294	148	231	230	196	0	240	178	184	198	272	29	|
|20	264	207	140	234	180	95	411	216	127	241	143	97	153	372	120	329	361	283	159	308	448	217	53	56	441	327	419	348	238	296	406	285	202	77	117	164	187	237	240	0	208	245	242	446	257	|
|219	344	181	177	346	202	152	404	230	82	34	167	145	56	420	328	295	156	193	166	215	265	284	223	201	430	359	369	152	74	394	404	298	388	285	210	79	323	30	178	208	0	37	35	250	206	|
|256	364	205	202	370	222	188	408	246	118	15	199	177	92	433	364	298	119	191	188	210	233	305	257	238	433	371	366	118	68	415	408	309	421	321	238	111	351	19	184	245	37	0	17	214	212	|
|253	374	190	210	378	232	180	423	257	117	2	187	180	91	446	362	313	127	206	197	226	246	315	258	232	448	384	382	130	83	425	423	322	423	319	244	100	357	6	198	242	35	17	0	225	226	|
|460	469	408	356	498	351	402	422	353	322	225	412	359	296	494	563	330	102	239	333	235	54	422	444	449	436	436	348	98	208	521	427	381	591	518	400	325	498	230	272	446	250	214	225	0	285	|
|278	184	364	119	215	87	280	198	72	195	224	323	165	190	227	348	90	255	46	98	61	259	139	226	294	225	165	172	219	145	237	197	103	329	306	157	258	225	224	29	257	206	212	226	285	0	|

--------------------------------------------------------------------------------
Building model...
	using lazy and cut (CVRPSEP package)
Solving IRP LP...
--------------------------------------------------------------------------------

Gurobi 9.1.0 (linux64) logging started Sat Feb  6 16:34:03 2021

Gurobi Optimizer version 9.1.0 build v9.1.0rc0 (linux64)
Thread count: 32 physical cores, 32 logical processors, using up to 2 threads
Optimize a model with 2245 rows, 13696 columns and 31429 nonzeros
Model fingerprint: 0x5315e3d7
Variable types: 724 continuous, 12972 integer (552 binary)
Coefficient statistics:
  Matrix range     [1e+00, 9e+02]
  Objective range  [1e-01, 6e+02]
  Bounds range     [1e+00, 3e+02]
  RHS range        [1e+00, 6e+03]
Presolve removed 1007 rows and 644 columns
Presolve time: 0.14s
Presolved: 1238 rows, 13052 columns, 28297 nonzeros
Variable types: 446 continuous, 12606 integer (12050 binary)

Root relaxation: objective 1.314057e+04, 1335 iterations, 0.04 seconds

    Nodes    |    Current Node    |     Objective Bounds      |     Work
 Expl Unexpl |  Obj  Depth IntInf | Incumbent    BestBd   Gap | It/Node Time

     0     0 13140.5741    0  128          - 13140.5741      -     -    0s
     0     0 13491.7179    0  140          - 13491.7179      -     -    0s
     0     0 13903.8299    0  252          - 13903.8299      -     -    1s
     0     0 13936.4429    0  244          - 13936.4429      -     -    1s
     0     0 13936.9363    0  232          - 13936.9363      -     -    1s
     0     0 14139.5675    0  268          - 14139.5675      -     -    1s
     0     0 14147.5060    0  280          - 14147.5060      -     -    1s
     0     0 14152.3233    0  242          - 14152.3233      -     -    1s
     0     0 14152.9312    0  287          - 14152.9312      -     -    1s
     0     0 14223.1163    0  296          - 14223.1163      -     -    2s
     0     0 14313.4016    0  303          - 14313.4016      -     -    2s
     0     0 14323.9181    0  357          - 14323.9181      -     -    2s
     0     0 14327.4063    0  376          - 14327.4063      -     -    2s
     0     0 14328.4994    0  391          - 14328.4994      -     -    2s
     0     0 14382.6800    0  326          - 14382.6800      -     -    3s
     0     0 14387.8312    0  321          - 14387.8312      -     -    3s
     0     0 14392.1724    0  334          - 14392.1724      -     -    3s
     0     0 14395.9424    0  356          - 14395.9424      -     -    3s
     0     0 14396.4557    0  337          - 14396.4557      -     -    3s
     0     0 14417.3953    0  401          - 14417.3953      -     -    4s
     0     0 14420.5205    0  327          - 14420.5205      -     -    4s
     0     0 14422.3515    0  378          - 14422.3515      -     -    4s
     0     0 14430.5598    0  438          - 14430.5598      -     -    5s
     0     0 14430.5598    0  388          - 14430.5598      -     -    5s
     0     2 14430.5598    0  386          - 14430.5598      -     -    6s
    52    55 14535.8106   14  254          - 14431.4056      -   264   10s
   116   121 14770.6969   31  322          - 14431.4056      -   280   15s
   203   212 15261.7131   60  234          - 14431.4056      -   263   20s
   334   346 15709.0784   88  195          - 14431.4056      -   224   25s
   581   643 17969.8489  217   49          - 14431.4056      -   154   30s
   914  1022 19428.3200  305    9          - 14431.4056      -   107   35s
  1131  1075 17380.6399  179  388          - 14457.5463      -  91.3   40s
  1141  1082 16806.9023  146  573          - 14492.0916      -  90.5   45s
  1150  1088 17720.5750  195  555          - 14515.6299      -  89.8   50s
  1159  1094 17200.7550  178  544          - 14536.4729      -  89.1   55s
  1168  1100 15262.8217   63  536          - 14537.6136      -  88.4   60s
  1171  1102 14722.3506   25  524          - 14544.6862      -  88.2   78s
  1174  1107 14558.3103   17  593          - 14558.3103      -   104   80s
  1186  1115 14602.8254   20  671          - 14596.6385      -   115   85s
  1214  1134 14813.2330   26  585          - 14613.5193      -   125   90s
  1237  1151 14624.0732   32  613          - 14613.5193      -   134   95s
  1262  1168 14639.2818   38  579          - 14613.5193      -   144  100s
  1291  1190 14685.2162   44  378          - 14613.5193      -   153  105s
  1323  1214 14678.5905   51  498          - 14613.5193      -   160  110s
  1361  1247 14723.5856   58  428          - 14613.5193      -   170  116s
  1408  1278 14805.9154   66  358          - 14613.5193      -   176  120s
  1461  1318 14922.1610   75  348          - 14613.5193      -   181  125s
  1522  1366 14947.1508   85  389          - 14613.5193      -   186  131s
  1586  1409 15078.5498   97  312          - 14613.5193      -   188  135s
  1648  1456 15173.0357  108  288          - 14613.5193      -   190  140s
  1727  1521 15433.6789  124  257          - 14613.5193      -   191  145s
  1823  1595 15349.7099  141  246          - 14613.5193      -   192  150s
  1970  1734 15579.8263  159  169          - 14613.5193      -   188  156s
  2117  1744 16104.7496  192   93          - 14613.5193      -   180  160s
  2288  1779 19824.3900  330    8          - 14613.5193      -   170  165s
  2433  1929 17448.3279  276   43          - 14615.4160      -   164  172s
  2526  1921 14742.8332   19  626          - 14615.4160      -   161  175s
  2541  1930 14758.2526   22  639          - 14615.4160      -   164  180s
  2555  1939 14806.8120   27  631          - 14615.4160      -   168  185s
  2563  1945 14782.8380   26  621          - 14615.4160      -   169  190s
  2590  1967 14823.5438   31  612          - 14615.4160      -   173  197s
  2614  1978 15005.3405   41  497          - 14615.4160      -   177  202s
  2629  1990 14978.0657   44  544          - 14615.4160      -   180  207s
  2638  2003 14930.6229   47  548          - 14615.4160      -   182  210s
  2668  2021 15035.9176   53  403          - 14615.4160      -   185  215s
  2702  2056 15055.2233   56  446          - 14615.4160      -   188  221s
  2752  2088 15146.3731   61  407          - 14615.4160      -   192  228s
  2777  2134 15127.4450   66  395          - 14615.4160      -   193  231s
  2832  2169 15222.7826   74  210          - 14615.4160      -   193  235s
  2946  2255 15374.9601   87  165          - 14615.4160      -   195  243s
  3009  2313 15411.4768   93  178          - 14615.4160      -   195  248s
  3088  2403 15636.7930  102  127          - 14615.4160      -   195  253s
  3189  2369 16543.5065  149  110          - 14615.4160      -   192  255s
  3204  2615 16005.9456  122  134          - 14615.4160      -   192  262s
  3444  2538 17012.8587  182   14          - 14615.4160      -   183  265s
  3491  2589 16895.2549  156   34          - 14615.5387      -   182  270s
  3583  2595 14784.5246   25  519          - 14615.5387      -   182  278s
  3592  2604 14807.2253   24  436          - 14615.5387      -   183  283s
  3604  2612 14857.2996   26  427          - 14615.5387      -   184  287s
  3616  2620 14791.9636   23  474          - 14615.5387      -   186  292s
  3628  2634 14832.5304   25  431          - 14615.5387      -   187  297s
  3646  2644 14929.9559   33  352          - 14615.5387      -   188  303s
  3662  2652 14953.0597   30  295          - 14615.5387      -   190  308s
  3676  2669 14965.1929   31  167          - 14615.5387      -   191  314s
  3697  2686 14940.8043   33  318          - 14615.5387      -   193  320s
  3721  2720 14949.2144   36  263          - 14615.5387      -   194  325s
  3763  2758 15011.5969   49  138          - 14615.5387      -   195  331s
  3815  2828 15064.6130   54  102          - 14615.5387      -   195  337s
  3903  2898 15050.5801   67  112          - 14615.5387      -   195  343s
  3920  2892 15076.4448   76   23          - 14615.5387      -   195  350s
  4012  3037 15350.8424   80  114          - 14615.5387      -   193  359s
  4092  3010 15720.8929  160   48          - 14615.5387      -   193  360s
  4238  3073 15419.9938   86   80          - 14615.5387      -   188  368s
  4322  3247 15738.7172  107   61          - 14615.5387      -   188  377s
  4560  3240 16439.2800  154    2          - 14615.5387      -   180  380s
  4644  3381 16155.7600  117    7          - 14616.6161      -   178  390s
  4911  3468 14691.5173   24  576          - 14616.6161      -   171  398s
  4927  3488 14712.8011   29  554          - 14616.6161      -   173  404s
  4947  3507 14750.3072   37  529          - 14616.6161      -   174  410s
  4966  3533 14785.0581   40  539          - 14616.6161      -   175  415s
  4992  3560 14926.2889   43  537          - 14616.6161      -   177  422s
  5019  3587 14992.1983   46  461          - 14616.6161      -   178  427s
  5046  3623 15072.4092   51  381          - 14616.6161      -   180  433s
  5082  3684 15012.6009   56  343          - 14616.6161      -   181  441s
  5143  3894 15030.8637   64  339          - 14616.6161      -   181  453s
  5321  3909 16387.9709  164   17          - 14616.6161      -   179  455s
  5475  3997 15191.7481   75  189          - 14616.6161      -   174  463s
  5517  4045 15321.1296   88  207          - 14616.6161      -   175  471s
  5565  4100 15396.0548   96  139          - 14616.6161      -   177  479s
  5599  4100 15554.9620  107  151          - 14616.6161      -   177  480s
  5620  4186 15630.6152  109  134          - 14616.6161      -   178  492s
  5706  4308 16198.2489  141   78          - 14616.6161      -   178  501s
  5828  4359 17060.9691  173   73          - 14617.7223      -   179  511s
  5909  4408 14752.5847   29  454          - 14617.7223      -   180  521s
  5958  4476 14860.4237   34  475          - 14617.7223      -   181  531s
  6026  4627 14937.3697   38  396          - 14617.7223      -   182  541s
  6177  4805 14968.8599   49  330          - 14617.7223      -   182  554s
  6203  4805 16158.8383  155   83          - 14617.7223      -   182  555s
  6417  4879 15079.8240   60  259          - 14617.7223      -   178  566s
  6460  4948 15240.6237   75  179          - 14617.7223      -   180  576s
  6529  5115 15426.2537  102  156          - 14632.2374      -   181  588s
  6648  5117 15889.9173  157   25          - 14632.2374      -   179  590s
  6738  5195 14710.7516   26  574          - 14632.2374      -   179  599s
  6797  5371 14913.5499   35  474          - 14632.2374      -   180  611s
  6973  5401 14897.8759   41  368          - 14632.2374      -   179  623s
  7031  5447 14973.7883   46  411          - 14632.2374      -   180  634s
  7063  5506 15053.4845   54  348          - 14632.2374      -   181  646s
  7122  5642 15276.4210   64  273          - 14632.2374      -   182  659s
  7157  5642 15454.1627   78  220          - 14632.2374      -   183  660s
  7258  5836 15387.7023   79  190          - 14632.2374      -   183  676s
  7484  5997 16150.6775  141   55          - 14648.7651      -   182  694s
  7569  5997 16922.0215  165   30          - 14648.7651      -   181  695s
  7697  6147 14842.5579   33  470          - 14648.7651      -   181  710s
  7813  6265 14978.7349   47  357          - 14648.7651      -   182  728s
  7965  6446 15218.9262   63  155          - 14648.7651      -   182  746s
  8131  6592 16587.4489  118   97          - 14652.6876      -   182  762s
  8310  6753 15082.8251   40  265          - 14652.6876      -   182  778s
  8454  6913 15726.8974   67  173          - 14652.6876      -   184  794s
  8522  6913 15804.7301   96  145          - 14652.6876      -   184  795s
  8652  7008 16077.4734  105  114          - 14653.2882      -   184  808s
  8750  7061 14776.1376   29  458          - 14653.2882      -   186  821s
  8803  7139 14952.3589   40  254          - 14653.2882      -   188  835s
  8881  7361 15201.5643   56  178          - 14653.2891      -   190  852s
  9185  7663 14942.1432   40  390          - 14653.2891      -   188  873s
  9312  7666 15938.1800  138    -          - 14653.2891      -   189  875s
  9530  7766 15154.1193   48  371          - 14653.2891      -   185  890s
  9591  7987 15267.2373   64  102          - 14657.2187      -   187  910s
  9842  8120 14700.7304   35  737          - 14657.2187      -   187  929s
  9912  8120 15401.3912   98   58          - 14657.2187      -   188  930s
 10012  8191 14846.4214   48  461          - 14657.2187      -   187  945s
 10057  8258 14958.9842   58  449          - 14657.2187      -   189  959s
 10107  8258 15086.6316   58  288          - 14657.2187      -   190  960s
 10124  8442 15115.3356   69  256          - 14657.2187      -   191  978s
 10262  8442 15509.2289  113   59          - 14657.2187      -   192  980s
 10340  8737 15527.7893   91   85          - 14657.2187      -   191  998s
 10510  8748 16302.4209  143   39          - 14657.2187      -   190 1000s
 10665  8849 16297.2046  132   31          - 14658.5558      -   189 1015s
 10826  8984 14898.3136   45  520          - 14658.5558      -   190 1031s
 10925  9121 15063.3016   57  260          - 14658.5558      -   191 1049s
 10944  9121 15135.2410   63  314          - 14658.5558      -   191 1050s
 11092  9381 15239.3418   72  153          - 14661.1906      -   191 1069s
 11126  9381 15408.1462   86   92          - 14661.1906      -   191 1070s
 11464  9505 14866.7048   33  313          - 14661.1906      -   188 1086s
 11529  9660 15196.5974   52  213          - 14661.1906      -   190 1102s
 11684  9728 16141.8209   99   97          - 14663.6938      -   190 1119s
 11788  9840 14887.0319   33  429          - 14663.6938      -   191 1135s
 11900 10057 14978.6865   38  415          - 14663.6938      -   192 1154s
 11961 10057 15973.7872  124  111          - 14663.6938      -   193 1155s
 12219 10209 15126.5709   48  329          - 14663.6938      -   190 1171s
 12320 10434 15552.3600   74  141          - 14663.7894      -   191 1191s
 12561 10541 14800.3865   20  467          - 14663.7894      -   191 1209s
 12630 10541 15246.1561   54  201          - 14663.7894      -   192 1210s
 12668 10810 15038.0206   36  233          - 14666.6012      -   192 1232s
 13015 10981 14802.6024   20  555          - 14666.6012      -   191 1252s
 13177 11030 15053.2962   33  421          - 14666.6012      -   191 1268s
 13226 11151 15179.0488   49  203          - 14666.6012      -   193 1286s
 13347 11415 15770.6663   91   97          - 14667.2723      -   194 1306s
 13649 11712 14795.5801   28  621          - 14667.2723      -   193 1333s
 13775 11712 16331.8862  135   10          - 14667.2723      -   192 1335s
 14073 11917 15057.4912   41  332          - 14667.2723      -   189 1354s
 14115 11917 15267.8417   59  147          - 14667.2723      -   189 1355s
 14205 12076 15449.4512   87   83          - 14668.5090      -   190 1373s
 14307 12085 16111.7825  113   26          - 14668.5090      -   189 1375s
 14432 12289 14949.2385   35  447          - 14668.5090      -   189 1394s
 14483 12289 15496.9764   91   82          - 14668.5090      -   190 1395s
 14659 12379 15178.8515   50  108          - 14668.5090      -   189 1410s
 14726 12437 15407.7867   69   92          - 14668.5090      -   190 1511s
 14784 12673 15667.9943   83   80          - 14670.8367      -   190 1534s
 14869 12679 15959.5500  109    -          - 14670.8367      -   190 1535s
 15130 12766 14799.6830   26  679          - 14671.1279      -   189 1553s
 15168 12830 14998.1144   35  383          - 14671.1279      -   190 1569s
 15232 13024 15089.7993   45  341          - 14671.1279      -   192 1588s
 15338 13024 15498.6932  106   23          - 14671.1279      -   191 1590s
 15426 13243 15777.1254  126   73          - 14671.1336      -   192 1608s
 15673 13428 15036.0000   54  230          - 14671.1336      -   192 1631s
 15878 13543 15152.1358   75  282          - 14671.1336      -   192 1650s
 15977 13879 15472.8983   96  197          - 14672.4735      -   193 1671s
 16310 13913 16371.7643  123   15          - 14672.5152      -   191 1675s
 16423 13985 15172.8457   49  235          - 14672.5152      -   191 1693s
 16475 14125 15268.2523   65  243          - 14672.5152      -   192 1711s
 16615 14334 15613.0262  114   44          - 14672.5192      -   193 1731s
 16928 14440 14904.0433   31  366          - 14672.5758      -   191 1751s
 16982 14651 15081.0369   47   54          - 14672.5758      -   193 1771s
 17205 14807 15673.5707   82   80          - 14672.7614      -   193 1794s
 17222 14809 15727.3200   89    -          - 14672.7614      -   193 1795s
 17473 15032 14776.3707   29  678          - 14672.7614      -   192 1820s
 17690 15109 15066.8692   41  397          - 14672.7614      -   192 1839s
 17708 15109 15213.6153   45  341          - 14672.7614      -   192 1840s
 17760 15262 15179.4251   52  134          - 14672.7614      -   193 1858s
 17879 15278 15636.1126   98   40          - 14672.7614      -   193 1860s
 17958 15706 15430.1582   65  163          - 14674.9016      -   193 1883s
 18062 15708 15869.2467  130    5          - 14674.9016      -   193 1885s
 18507 15802 15848.5100  110    5          - 14675.2141      -   190 1890s
 18609 15880 14883.9073   28  307          - 14675.2141      -   189 1905s
 18666 15981 15216.4206   42  201          - 14675.2141      -   190 1922s
 18767 16119 15710.4475   66  135          - 14675.2498      -   191 1940s
 18935 16317 14840.2331   40  623          - 14675.2498      -   191 1960s
 19169 16368 14956.3346   46  380          - 14675.2498      -   191 1981s
 19220 16539 15196.6893   54  419          - 14675.2498      -   192 2000s
 19237 16539 15249.3828   64  158          - 14675.2498      -   192 2044s
 19288 16541 15387.7222   95   10          - 14675.2498      -   192 2045s
 19485 16712 15702.5888   94   83          - 14683.5825      -   192 2064s
 19519 16712 16247.6674  117   78          - 14683.5825      -   192 2065s
 19665 16818 14980.4950   41  464          - 14683.5825      -   192 2083s
 19744 17246 15138.7385   63  185          - 14683.5825      -   193 2105s
 20096 17279 15745.8651   89   19          - 14683.5825      -   192 2110s
 20356 17431 15623.6120   97   48          - 14684.2944      -   190 2131s
 20534 17535 14920.8627   47  505          - 14684.2944      -   190 2149s
 20598 17664 15123.2170   58  299          - 14684.2944      -   190 2166s
 20727 17963 15412.9782   78  159          - 14684.3675      -   191 2187s
 20914 17984 16335.3800  165    -          - 14684.3675      -   190 2190s
 21128 18050 14859.3084   34  427          - 14684.8078      -   189 2207s
 21169 18181 14998.0638   36  548          - 14684.8078      -   190 2225s
 21300 18401 15113.0947   49  279          - 14684.8078      -   191 2244s
 21351 18401 15338.1053   69  119          - 14684.8078      -   191 2245s
 21586 18621 15409.6966   76  164          - 14685.2832      -   190 2267s
 21756 18636 16284.7588  153   16          - 14685.2832      -   189 2270s
 21841 18766 14857.3360   38  578          - 14685.2832      -   189 2289s
 21881 18766 15215.6592   82   58          - 14685.2832      -   190 2290s
 21992 18846 15069.6267   48  314          - 14685.2832      -   189 2309s
 22026 18846 14839.3021   35  375          - 14685.2832      -   190 2310s
 22052 18955 15245.5804   67  269          - 14687.9009      -   190 2330s
 22199 19146 14822.4091   46  571          - 14687.9009      -   191 2353s
 22301 19146 15690.3389  102   27          - 14687.9009      -   191 2355s
 22415 19208 15035.2906   51  372          - 14687.9009      -   191 2371s
 22455 19343 15411.1487   66  140          - 14687.9009      -   192 2391s
 22590 19520 15846.0921  103   26          - 14688.8747      -   192 2411s
 22799 19742 14908.7439   40  394          - 14688.8747      -   192 2435s
 23067 19826 15113.5550   53  330          - 14688.8747      -   191 2455s
 23120 20029 15325.5530   66  146          - 14690.7053      -   192 2476s
 23375 20072 16793.4200  160    -          - 14690.7053      -   191 2480s
 23437 20163 14817.9957   33  516          - 14690.7053      -   191 2497s
 23514 20402 15069.8137   42  402          - 14690.7053      -   192 2517s
 23685 20402 16268.6647  127   73          - 14690.7053      -   192 2520s
 23791 20509 15484.9726   66  194          - 14691.5193      -   192 2540s
 23925 20604 15009.0073   37  310          - 14691.5193      -   192 2558s
 23988 20604 15202.2077   47  375          - 14691.5193      -   193 2561s
 23997 20770 15534.0042   54  222          - 14691.5193      -   193 2578s
 24099 20770 15964.6241   97  139          - 14691.5193      -   193 2580s
 24163 21111 16119.9296  105   89          - 14691.5231      -   193 2604s
 24180 21111 17057.8159  109   83          - 14691.5231      -   193 2605s
 24534 21139 16255.2558  180   52          - 14692.0028      -   192 2610s
 24684 21225 14853.5842   33  664          - 14692.0028      -   191 2627s
 24718 21274 14933.5385   37  378          - 14692.0028      -   191 2643s
 24767 21379 15281.0180   46  241          - 14692.0028      -   192 2661s
 24872 21747 15560.7112   68  132          - 14692.0553      -   193 2684s
 24940 21747 15841.3878   99   37          - 14692.0553      -   193 2685s
 25384 21861 14871.0059   49  435          - 14692.8377      -   191 2706s
 25426 21950 15118.7876   62  290          - 14692.8377      -   192 2724s
 25515 22155 15281.5716   78   61          - 14692.8377      -   192 2744s
 25532 22155 15324.1543   89   43          - 14692.8377      -   192 2745s
 25810 22320 15853.8601  117   30          - 14694.3229      -   192 2766s
 25964 22485 14944.7812   34  425          - 14694.3229      -   192 2790s
 26190 22574 15166.1161   43  325          - 14694.3229      -   192 2809s
 26240 22762 15368.4353   56  300          - 14694.3229      -   192 2828s
 26376 22762 16236.5230  117   25          - 14694.3229      -   192 2830s
 26428 22928 16428.2565  128   39          - 14695.6763      -   192 2849s
 26530 22931 16717.8041  168   11          - 14695.6763      -   192 2850s
 26616 23122 14971.0902   34  471          - 14695.6763      -   192 2872s
 26827 23184 15063.6396   39  337          - 14695.6763      -   192 2892s
 26875 23242 15233.6605   48  364          - 14695.6763      -   193 2908s
 26933 23315 15303.2950   56  364          - 14695.6763      -   193 2925s
 27006 23513 15416.8612   62  234          - 14695.6763      -   194 2946s
 27262 23715 15751.7669   83  185          - 14695.6763      -   194 2967s
 27435 23953 16448.7111  133   95          - 14700.3982      -   194 2988s
 27560 23953 17550.7398  146   59          - 14700.3982      -   193 2990s
 27749 24061 14923.1015   35  452          - 14700.3982      -   193 3007s
 27821 24223 15099.9918   46  387          - 14700.3982      -   194 3027s
 28037 24338 15364.3018   59  309          - 14700.3982      -   193 3047s
 28125 24659 15603.5513   87  143          - 14701.1447      -   194 3070s
 28482 24716 17939.8300  198   25          - 14701.1447      -   192 3075s
 28594 24950 14846.2851   36  639          - 14701.1447      -   192 3098s
 28716 24950 16095.0327  108    9          - 14701.1447      -   193 3100s
 28883 25050 15045.2596   47  394          - 14701.1447      -   192 3117s
 28947 25296 15391.4092   62  269          - 14701.1447      -   192 3137s
 29153 25296 15680.7329  117   21          - 14701.1447      -   192 3140s
 29193 25612 15720.4842  100  109          - 14701.6710      -   192 3161s
 29500 25630 17332.0700  211    6          - 14701.6710      -   191 3165s
 29651 25732 15066.6017   56  490          - 14701.8213      -   191 3183s
 29703 25860 15295.1742   72  187          - 14702.0006      -   191 3204s
 29740 25860 15443.5024   89   11          - 14702.0006      -   191 3205s
