




arguments: ./build/bc_mirp -f ./input/orig_exec_73.cfg
Current dir: /scratch/gui/bc_mirp
File verbosity level: 9
date       time         ( uptime  ) [ thread name/id ]                   file:line     v| 
2021-02-07 06:39:28.370 (   0.085s) [main thread     ]             loguru.cpp:789   INFO| Logging to './output/vi_vc+vr/OU/V4/Original/execution_07_02_2021_06_39_28.log', mode: 'a', verbosity: 9
--------------------------------------------------------------------------------
Parameters
                           instance_path           ./input/Instances/Original/2/
                            model_policy                                       1
                             nb_vehicles                                       4
                              output_dir       ./output/vi_vc+vr/OU/V4/Original/
                            sec_strategy                                       1
                       solver_nb_threads                                       2
                         solver_show_log                                    true
                       solver_time_limit                                    3600
                              use_vi_cos                                   false
                              use_vi_cus                                   false
                         use_vi_hc1_full                                   false
                         use_vi_hc1_half                                   false
                      use_vi_hc1_quarter                                   false
                              use_vi_hc2                                   false
                              use_vi_hc3                                   false
                         use_vi_lex_full                                   false
                         use_vi_lex_half                                   false
                      use_vi_lex_quarter                                   false
                              use_vi_qua                                   false
                               use_vi_vc                                    true
                               use_vi_vr                                    true
--------------------------------------------------------------------------------
executing instance: ./input/Instances/Original/2/absH3high_3n40.dat
--------------------------------------------------------------------------------
Instance details
n	41
H	3
C	3283
Li:
[0, 0, 0, 0, 0, 0, 0, 0, 0, 0, 0, 0, 0, 0, 0, 0, 0, 0, 0, 0, 0, 0, 0, 0, 0, 0, 0, 0, 0, 0, 0, 0, 0, 0, 0, 0, 0, 0, 0, 0, 0, ]
Ui:
[0, 63, 111, 99, 96, 111, 282, 122, 156, 261, 42, 192, 126, 42, 162, 207, 159, 122, 102, 190, 118, 102, 132, 102, 165, 252, 66, 52, 22, 114, 210, 176, 116, 294, 78, 152, 210, 45, 130, 198, 174, ]
Distance matrix:
|0	208	225	252	227	143	258	127	267	150	28	83	163	286	57	149	201	137	214	255	70	73	107	186	328	266	249	343	222	177	293	144	262	215	167	120	169	218	143	173	255	|
|208	0	397	355	416	198	216	99	211	275	193	172	97	166	240	225	362	109	277	314	182	216	273	374	298	208	319	161	14	103	93	120	58	196	152	156	372	227	260	218	453	|
|225	397	0	427	53	364	482	343	492	129	253	225	382	386	171	188	39	291	187	195	295	182	282	55	326	491	180	551	408	315	457	366	455	275	392	244	221	439	341	214	101	|
|252	355	427	0	401	158	201	263	219	396	234	328	259	498	299	400	420	354	465	506	205	324	152	374	574	219	499	393	366	389	446	235	378	456	205	359	224	150	111	423	400	|
|227	416	53	401	0	357	477	352	489	165	253	245	389	424	179	223	85	315	234	245	293	200	264	42	375	488	231	565	428	344	484	370	474	314	392	270	184	430	325	252	50	|
|143	198	364	158	357	0	121	105	134	290	116	196	103	342	200	276	343	205	343	385	74	210	112	319	432	133	382	265	209	237	290	78	226	313	57	220	232	75	69	292	375	|
|258	216	482	201	477	121	0	168	18	397	230	293	135	381	314	372	459	275	437	480	188	317	228	439	501	18	479	197	222	296	290	132	212	386	95	306	347	58	173	381	496	|
|127	99	343	263	352	105	168	0	171	239	105	130	40	237	173	206	313	109	270	312	84	164	175	310	337	169	313	216	112	135	192	37	142	220	77	138	280	155	162	213	382	|
|267	211	492	219	489	134	18	171	0	404	240	298	136	376	323	376	468	276	441	483	198	324	243	450	500	2	483	181	215	294	281	136	202	386	102	309	363	75	189	384	509	|
|150	275	129	396	165	290	397	239	404	0	175	110	279	259	97	59	91	166	84	116	217	80	245	130	226	402	106	434	286	187	329	269	333	149	302	119	244	364	291	87	213	|
|28	193	253	234	253	116	230	105	240	175	0	94	139	286	84	167	229	136	234	275	43	96	98	212	341	238	271	320	206	175	281	118	244	225	140	128	180	191	124	189	280	|
|83	172	225	328	245	196	293	130	298	110	94	0	169	209	77	80	191	71	147	189	127	45	189	203	247	296	187	327	184	106	241	162	230	132	198	38	242	266	217	96	285	|
|163	97	382	259	389	103	135	40	136	279	139	169	0	253	212	244	353	141	307	349	110	203	194	347	366	133	350	183	107	161	187	27	124	251	56	175	306	133	169	249	418	|
|286	166	386	498	424	342	381	237	376	259	286	209	253	0	284	201	347	151	210	230	299	247	383	387	155	374	242	290	162	112	129	270	192	113	308	172	451	386	391	172	471	|
|57	240	171	299	179	200	314	173	323	97	84	77	212	284	0	112	145	147	170	208	127	38	148	137	299	321	201	386	253	183	315	195	297	195	222	112	171	275	195	142	214	|
|149	225	188	400	223	276	372	206	376	59	167	80	244	201	112	0	149	117	67	110	205	78	254	186	187	374	108	387	235	132	272	240	283	93	277	71	279	346	291	32	270	|
|201	362	39	420	85	343	459	313	468	91	229	191	353	347	145	149	0	254	149	160	272	150	271	66	290	466	146	518	373	278	419	339	420	235	367	207	227	418	327	175	135	|
|137	109	291	354	315	205	275	109	276	166	136	71	141	151	147	117	254	0	172	212	151	116	232	273	229	274	215	270	119	39	170	145	167	111	186	47	305	263	245	113	356	|
|214	277	187	465	234	343	437	270	441	84	234	147	307	210	170	67	149	172	0	42	272	141	317	205	144	439	43	437	284	175	307	305	331	99	343	132	327	413	357	60	283	|
|255	314	195	506	245	385	480	312	483	116	275	189	349	230	208	110	160	212	42	0	314	182	356	222	132	481	15	474	321	212	337	347	367	126	385	174	358	455	398	100	295	|
|70	182	295	205	293	74	188	84	198	217	43	127	110	299	127	205	272	151	272	314	0	137	91	253	370	196	310	292	195	188	274	85	226	252	99	155	197	148	94	223	316	|
|73	216	182	324	200	210	317	164	324	80	96	45	203	247	38	78	150	116	141	182	137	0	176	158	263	323	176	369	229	150	286	191	274	157	223	77	208	284	216	106	239	|
|107	273	282	152	264	112	228	175	243	245	98	189	194	383	148	254	271	232	317	356	91	176	0	231	435	242	349	371	286	271	365	167	315	321	164	224	120	174	61	280	274	|
|186	374	55	374	42	319	439	310	450	130	212	203	347	387	137	186	66	273	205	222	253	158	231	0	348	448	208	523	386	303	442	329	431	279	352	229	167	392	291	217	85	|
|328	298	326	574	375	432	501	337	500	226	341	247	366	155	299	187	290	229	144	132	370	263	435	348	0	498	147	441	299	206	283	374	338	119	414	215	465	492	463	157	425	|
|266	208	491	219	488	133	18	169	2	402	238	296	133	374	321	374	466	274	439	481	196	323	242	448	498	0	481	180	213	292	278	134	200	384	100	307	362	75	188	381	508	|
|249	319	180	499	231	382	479	313	483	106	271	187	350	242	201	108	146	215	43	15	310	176	349	208	147	481	0	480	326	217	346	347	373	135	385	175	347	454	392	103	280	|
|343	161	551	393	565	265	197	216	181	434	320	327	183	290	386	387	518	270	437	474	292	369	371	523	441	180	480	0	153	263	163	207	107	352	208	317	487	244	334	379	598	|
|222	14	408	366	428	209	222	112	215	286	206	184	107	162	253	235	373	119	284	321	195	229	286	386	299	213	326	153	0	109	81	132	48	201	162	167	386	236	272	226	466	|
|177	103	315	389	344	237	296	135	294	187	175	106	161	112	183	132	278	39	175	212	188	150	271	303	206	292	217	263	109	0	142	171	156	95	211	74	344	289	281	118	386	|
|293	93	457	446	484	290	290	192	281	329	281	241	187	129	315	272	419	170	307	337	274	286	365	442	283	278	346	163	81	142	0	212	79	211	241	214	461	311	353	254	525	|
|144	120	366	235	370	78	132	37	136	269	118	162	27	270	195	240	339	145	305	347	85	191	167	329	374	134	347	207	132	171	212	0	151	257	40	174	280	119	142	248	398	|
|262	58	455	378	474	226	212	142	202	333	244	230	124	192	297	283	420	167	331	367	226	274	315	431	338	200	373	107	48	156	79	151	0	245	173	214	421	237	293	273	510	|
|215	196	275	456	314	313	386	220	386	149	225	132	251	113	195	93	235	111	99	126	252	157	321	279	119	384	135	352	201	95	211	257	245	0	297	97	365	374	345	62	362	|
|167	152	392	205	392	57	95	77	102	302	140	198	56	308	222	277	367	186	343	385	99	223	164	352	414	100	385	208	162	211	241	40	173	297	0	213	283	79	126	287	415	|
|120	156	244	359	270	220	306	138	309	119	128	38	175	172	112	71	207	47	132	174	155	77	224	229	215	307	175	317	167	74	214	174	214	97	213	0	280	286	248	75	313	|
|169	372	221	224	184	232	347	280	363	244	180	242	306	451	171	279	227	305	327	358	197	208	120	167	465	362	347	487	386	344	461	280	421	365	283	280	0	291	175	310	176	|
|218	227	439	150	430	75	58	155	75	364	191	266	133	386	275	346	418	263	413	455	148	284	174	392	492	75	454	244	236	289	311	119	237	374	79	286	291	0	116	359	445	|
|143	260	341	111	325	69	173	162	189	291	124	217	169	391	195	291	327	245	357	398	94	216	61	291	463	188	392	334	272	281	353	142	293	345	126	248	175	116	0	313	335	|
|173	218	214	423	252	292	381	213	384	87	189	96	249	172	142	32	175	113	60	100	223	106	280	217	157	381	103	379	226	118	254	248	273	62	287	75	310	359	313	0	300	|
|255	453	101	400	50	375	496	382	509	213	280	285	418	471	214	270	135	356	283	295	316	239	274	85	425	508	280	598	466	386	525	398	510	362	415	313	176	445	335	300	0	|

--------------------------------------------------------------------------------
Building model...
	using lazy and cut (CVRPSEP package)
Solving IRP LP...
--------------------------------------------------------------------------------

Gurobi 9.1.0 (linux64) logging started Sun Feb  7 06:39:28 2021

Gurobi Optimizer version 9.1.0 build v9.1.0rc0 (linux64)
Thread count: 32 physical cores, 32 logical processors, using up to 2 threads
Optimize a model with 2000 rows, 10976 columns and 25544 nonzeros
Model fingerprint: 0x9cdd96fe
Variable types: 644 continuous, 10332 integer (492 binary)
Coefficient statistics:
  Matrix range     [1e+00, 8e+02]
  Objective range  [1e-01, 6e+02]
  Bounds range     [1e+00, 3e+02]
  RHS range        [1e+00, 6e+03]
Presolve removed 897 rows and 574 columns
Presolve time: 0.11s
Presolved: 1103 rows, 10402 columns, 22752 nonzeros
Variable types: 396 continuous, 10006 integer (9512 binary)

Root relaxation: objective 1.235514e+04, 1230 iterations, 0.03 seconds

    Nodes    |    Current Node    |     Objective Bounds      |     Work
 Expl Unexpl |  Obj  Depth IntInf | Incumbent    BestBd   Gap | It/Node Time

     0     0 12355.1402    0  149          - 12355.1402      -     -    0s
     0     0 12782.3177    0  109          - 12782.3177      -     -    0s
     0     0 13295.1666    0  184          - 13295.1666      -     -    0s
     0     0 13325.0610    0  177          - 13325.0610      -     -    0s
     0     0 13328.3217    0  192          - 13328.3217      -     -    0s
     0     0 13328.3217    0  192          - 13328.3217      -     -    1s
     0     0 13567.8849    0  275          - 13567.8849      -     -    1s
     0     0 13610.2023    0  206          - 13610.2023      -     -    1s
     0     0 13615.9375    0  261          - 13615.9375      -     -    1s
     0     0 13620.6667    0  258          - 13620.6667      -     -    1s
     0     0 13628.2378    0  239          - 13628.2378      -     -    1s
     0     0 13628.5139    0  243          - 13628.5139      -     -    1s
     0     0 13719.5124    0  220          - 13719.5124      -     -    1s
     0     0 13738.9617    0  250          - 13738.9617      -     -    1s
     0     0 13744.9563    0  238          - 13744.9563      -     -    2s
     0     0 13774.8034    0  266          - 13774.8034      -     -    2s
     0     0 13778.3869    0  303          - 13778.3869      -     -    2s
     0     0 13778.6116    0  297          - 13778.6116      -     -    2s
     0     0 13827.2956    0  338          - 13827.2956      -     -    2s
     0     0 13838.0579    0  363          - 13838.0579      -     -    3s
     0     0 13838.8754    0  391          - 13838.8754      -     -    3s
     0     0 13864.6867    0  395          - 13864.6867      -     -    3s
     0     0 13867.2844    0  412          - 13867.2844      -     -    3s
     0     0 13871.9034    0  414          - 13871.9034      -     -    3s
     0     0 13878.3980    0  382          - 13878.3980      -     -    3s
     0     0 13887.1613    0  399          - 13887.1613      -     -    3s
     0     0 13889.0591    0  413          - 13889.0591      -     -    3s
     0     0 13909.6674    0  463          - 13909.6674      -     -    4s
     0     0 13913.4906    0  480          - 13913.4906      -     -    4s
     0     0 13914.0997    0  484          - 13914.0997      -     -    4s
     0     0 13920.5732    0  456          - 13920.5732      -     -    4s
     0     0 13920.5732    0  455          - 13920.5732      -     -    5s
     0     2 13920.5732    0  448          - 13920.5732      -     -    6s
    34    38 14028.2461   10  407          - 13958.0889      -   475   10s
   110   119 14339.2109   33  309          - 13958.0889      -   372   15s
   270   289 15536.4644   87  121          - 13958.0889      -   247   20s
   528   546 infeasible  194               - 13958.0889      -   165   25s
   831   823 14239.1768    9  300          - 13958.0889      -   129   30s
   850   832 15176.0633   74  517          - 14009.8988      -   129   35s
   860   839 15666.9389  124  562          - 14033.3279      -   127   42s
   868   844 14243.9821   25  513          - 14044.0995      -   126   45s
   877   850 14461.9234   51  541          - 14051.0893      -   125   53s
   884   858 14079.3275   16  541          - 14052.3087      -   142   55s
   911   877 14125.4095   22  464          - 14076.7165      -   159   60s
   940   897 14136.8057   30  613          - 14076.7165      -   172   65s
   979   924 14156.5572   38  611          - 14076.7165      -   186   70s
  1015   949 14187.9318   45  508          - 14076.7165      -   200   75s
  1063   991 14259.9036   53  459          - 14076.7165      -   212   80s
  1144  1049 14482.3891   67  221          - 14076.7165      -   218   85s
  1228  1112 14520.8303   83  292          - 14076.7165      -   222   91s
  1316  1179 14668.7050  101  267          - 14076.7165      -   222   95s
  1431  1299 14851.1433  127  234          - 14076.7165      -   220  100s
  1617  1427 15222.4262  160  153          - 14076.7165      -   205  105s
* 1854  1400             274    18042.650000 14104.4853  21.8%   185  108s
  1871  1401 14119.6934   18  386 18042.6500 14104.4853  21.8%   185  110s
  1899  1419 14256.6361   28  492 18042.6500 14104.4853  21.8%   190  117s
  1912  1428 14398.0323   31  461 18042.6500 14104.4853  21.8%   194  120s
  1933  1441 14320.5491   39  489 18042.6500 14104.4853  21.8%   198  125s
  1961  1462 14369.3235   44  460 18042.6500 14104.4853  21.8%   202  131s
  1983  1487 14422.9823   50  472 18042.6500 14104.4853  21.8%   205  136s
  2028  1515 14515.6988   55  390 18042.6500 14104.4853  21.8%   205  140s
  2072  1571 14643.5399   62  207 18042.6500 14104.4853  21.8%   205  155s
  2192  1702 14781.1993   78  278 18042.6500 14104.4853  21.8%   200  163s
  2289  1706 14841.9598   78  281 18042.6500 14104.4853  21.8%   193  166s
* 2328  1466             130    15954.410000 14104.4853  11.6%   192  166s
  2376  1506 15141.9621   94  190 15954.4100 14104.4853  11.6%   193  171s
  2447  1517 14226.9678   27  448 15954.4100 14104.4853  11.6%   193  175s
  2503  1618 15524.3328  122  181 15954.4100 14104.4853  11.6%   193  180s
  2650  1622 14281.8911   19  312 15954.4100 14109.3310  11.6%   190  189s
  2660  1645 14542.4861   26  333 15954.4100 14109.3310  11.6%   192  191s
  2686  1683 15043.2200   46   87 15954.4100 14109.4443  11.6%   193  197s
  2780  1669 14329.7618   20  508 15954.4100 14109.4443  11.6%   191  200s
  2819  1755 14771.5359   43  184 15954.4100 14109.4443  11.6%   194  207s
  2902  1748     cutoff  112      15954.4100 14114.8016  11.5%   192  211s
  2958  1786 14793.1991   32  269 15954.4100 14115.5097  11.5%   195  220s
  3007  1772 14460.2256   17  495 15954.4100 14115.5097  11.5%   195  233s
  3009  1807 14555.3021   18  428 15954.4100 14115.5097  11.5%   196  236s
  3045  1882 14819.3639   28  243 15954.4100 14115.5097  11.5%   196  241s
  3132  1943 15692.8554   75  100 15954.4100 14115.5420  11.5%   195  245s
  3235  1998 14293.6773   31  423 15954.4100 14115.5420  11.5%   193  251s
  3326  2017 14318.6367   30  464 15954.4100 14115.5420  11.5%   191  255s
  3348  2029 14437.6298   39  403 15954.4100 14115.5420  11.5%   193  260s
  3379  2090 14425.7340   47  397 15954.4100 14115.5420  11.5%   196  269s
  3421  2169 14478.2491   53  302 15954.4100 14115.5420  11.5%   197  274s
  3500  2228 14569.4041   63  269 15954.4100 14115.5420  11.5%   196  279s
  3537  2228     cutoff   73      15954.4100 14115.5420  11.5%   196  280s
  3589  2272 14706.1607   79  228 15954.4100 14115.5420  11.5%   195  285s
  3633  2345 14818.1316   90  207 15954.4100 14115.5420  11.5%   196  290s
  3706  2521 14953.9198  106  117 15954.4100 14125.4880  11.5%   196  299s
  3824  2521 15566.7041  153   32 15954.4100 14125.4880  11.5%   193  300s
  3940  2541 14173.0225   25  588 15954.4100 14125.4898  11.5%   190  307s
  3960  2649 14534.7936   38  279 15954.4100 14131.2424  11.4%   191  313s
  4091  2693     cutoff  115      15954.4100 14131.3378  11.4%   189  321s
  4153  2713 14276.3953   28  437 15954.4100 14135.2339  11.4%   190  327s
  4173  2737 14331.4293   34  409 15954.4100 14135.2339  11.4%   192  332s
  4197  2739 14613.0368   39  247 15954.4100 14135.2339  11.4%   194  344s
  4199  2773 14633.8637   40  349 15954.4100 14135.2339  11.4%   194  349s
  4233  2830 14712.4988   48  248 15954.4100 14135.2339  11.4%   197  355s
  4290  3015 14763.6040   60  230 15954.4100 14135.2339  11.4%   198  363s
  4475  3138 14926.8804   96   61 15954.4100 14135.7437  11.4%   196  372s
  4646  3164 14312.2587   25  589 15954.4100 14141.3934  11.4%   193  381s
  4675  3305 14701.7669   37  279 15954.4100 14147.4829  11.3%   195  389s
  4754  3305 14619.8940   32  362 15954.4100 14147.4871  11.3%   194  390s
  4855  3337 14254.6427   27  531 15954.4100 14147.4871  11.3%   193  397s
  4885  3391 14493.2601   43  526 15954.4100 14147.4871  11.3%   195  406s
  4939  3458 14785.0451   83   62 15954.4100 14150.4618  11.3%   196  414s
  4967  3458 15079.4291  111   61 15954.4100 14150.4618  11.3%   195  415s
  5027  3508 14542.3423   38  519 15954.4100 14150.4618  11.3%   197  423s
  5077  3597 15118.3859   63  185 15954.4100 14150.5553  11.3%   199  432s
  5189  3658 infeasible  122      15954.4100 14150.8330  11.3%   199  441s
  5271  3808 14796.3449   44  109 15954.4100 14151.1985  11.3%   200  452s
  5463  3848 15818.8022  116   39 15954.4100 14153.7342  11.3%   198  462s
  5525  3985 14499.4855   35  294 15954.4100 14154.2539  11.3%   200  473s
  5703  4155 15851.2300  102    - 15954.4100 14154.5268  11.3%   198  487s
  5936  4249 infeasible  102      15954.4100 14155.4080  11.3%   196  499s
* 5938  4103             101    15845.190000 14155.4080  10.7%   195  499s
* 5940  4072             100    15821.230000 14155.4080  10.5%   195  499s
* 5941  4069             100    15817.190000 14155.4080  10.5%   195  499s
  6021  4069 14555.7148   36  119 15817.1900 14155.5186  10.5%   197  500s
  6032  4134 15600.8461   63  105 15817.1900 14161.9243  10.5%   197  510s
  6136  4207 14560.7293   29  403 15817.1900 14166.2157  10.4%   198  521s
  6251  4333 15064.5179   44  228 15817.1900 14169.9176  10.4%   199  533s
  6395  4415 14566.8191   38  224 15817.1900 14170.4913  10.4%   199  544s
  6423  4415 14938.2347   66  113 15817.1900 14170.4913  10.4%   199  545s
  6503  4468 14461.9061   28  380 15817.1900 14170.5055  10.4%   200  556s
  6554  4678 14619.1710   39  306 15817.1900 14170.5055  10.4%   202  569s
  6610  4678 14846.5994   68  139 15817.1900 14170.5055  10.4%   203  570s
  6792  4808 14960.0058   72  151 15817.1900 14170.5055  10.4%   201  616s
  6939  4939 15416.4132  112   88 15817.1900 14172.8180  10.4%   200  628s
  7122  5002 15167.5208   51  193 15817.1900 14173.6709  10.4%   200  641s
  7191  5089 14769.8111   44  402 15817.1900 14174.2471  10.4%   202  653s
  7305  5233 14419.6274   26  414 15817.1900 14174.2527  10.4%   203  670s
  7479  5388 14313.3341   34  525 15817.1900 14174.7599  10.4%   203  687s
  7681  5447 14310.0812   29  529 15817.1900 14174.9008  10.4%   203  702s
  7738  5646 14541.7308   43  441 15817.1900 14174.9008  10.4%   206  718s
  7922  5646 15312.0739   86  170 15817.1900 14174.9008  10.4%   207  720s
  7937  5839 14999.5066   85   94 15817.1900 14174.9046  10.4%   207  736s
  8168  5989     cutoff  124      15817.1900 14175.6947  10.4%   206  755s
  8362  6124 infeasible   97      15817.1900 14179.7633  10.4%   206  776s
  8513  6248 14466.7232   26  422 15817.1900 14184.7949  10.3%   207  795s
  8680  6445 14789.7771   27  285 15817.1900 14185.2320  10.3%   207  814s
  8715  6445 15058.7465   40  100 15817.1900 14185.2320  10.3%   207  815s
  8926  6595     cutoff   86      15817.1900 14187.0314  10.3%   207  833s
  9106  6700 14558.4569   41  548 15817.1900 14188.2134  10.3%   207  851s
  9250  6873 14366.2015   41  544 15817.1900 14189.7342  10.3%   208  870s
  9469  6969 14545.4870   27  342 15817.1900 14192.4788  10.3%   207  889s
  9573  7103 14321.9221   30  534 15817.1900 14192.4789  10.3%   209  906s
  9702  7309 14574.7561   39  410 15817.1900 14192.4789  10.3%   210  933s
  9860  7309 15639.0319  120   94 15817.1900 14192.4789  10.3%   210  935s
  9935  7465 15405.1616  112  137 15817.1900 14193.8691  10.3%   210  951s
 10125  7601 14991.7517   59  302 15817.1900 14194.6453  10.3%   210  968s
 10290  7736 14855.2012   41  372 15817.1900 14197.7133  10.2%   210  986s
 10453  7885     cutoff   99      15817.1900 14198.6679  10.2%   211 1004s
 10638  7991 14360.4693   21  472 15817.1900 14200.2865  10.2%   212 1022s
 10760  8249 14677.3220   40  135 15817.1900 14200.2865  10.2%   213 1042s
 11032  8384 15520.1653  115   20 15817.1900 14202.7443  10.2%   212 1063s
 11246  8510     cutoff  127      15817.1900 14203.6096  10.2%   211 1081s
 11382  8603 14781.4746   45  192 15817.1900 14203.6096  10.2%   212 1098s
 11471  8833 14951.6643   67  124 15817.1900 14205.7929  10.2%   214 1117s
 11790  8918     cutoff  119      15817.1900 14206.2174  10.2%   212 1135s
 11873  9010 15023.1047   67  300 15817.1900 14207.8314  10.2%   214 1152s
H11963  8584                    15699.510000 14208.6707  9.50%   214 1152s
 11984  8713 14932.8087   55  287 15699.5100 14208.8485  9.49%   215 1170s
 12143  8850 15032.7776   58  357 15699.5100 14209.7218  9.49%   215 1190s
 12311  8983     cutoff  122      15699.5100 14210.7267  9.48%   215 1210s
 12479  9094 14411.5210   30  480 15699.5100 14211.9222  9.48%   216 1229s
 12513  9094 14710.3965   47  227 15699.5100 14211.9222  9.48%   216 1230s
 12610  9312 14717.6557   49  198 15699.5100 14215.6101  9.45%   216 1250s
 12900  9375     cutoff  111      15699.5100 14216.5420  9.45%   215 1270s
 12959  9550 14827.2659   30  297 15699.5100 14221.3710  9.42%   217 1290s
 13180  9636 14433.1770   21  365 15699.5100 14221.6406  9.41%   216 1309s
 13239  9636 15654.5762   71   49 15699.5100 14221.6406  9.41%   217 1310s
 13286  9795 14452.8582   30  391 15699.5100 14221.8110  9.41%   218 1328s
 13445 10001 14810.3409   55  157 15699.5100 14222.0165  9.41%   219 1348s
 13586 10012 15604.5836  116   29 15699.5100 14222.0165  9.41%   217 1350s
 13724 10176     cutoff  128      15699.5100 14222.7338  9.41%   217 1370s
 13948 10382 14983.4702   34  320 15699.5100 14226.9565  9.38%   217 1389s
 13977 10382 15537.8766   63  142 15699.5100 14226.9565  9.38%   217 1390s
 14214 10489 14531.0742   27  349 15699.5100 14227.2901  9.38%   217 1409s
 14267 10489 15225.3697   62   21 15699.5100 14227.2901  9.38%   217 1410s
 14341 10746 15125.0672   46  165 15699.5100 14227.9318  9.37%   217 1428s
 14512 10746 14870.7084   67   20 15699.5100 14227.9319  9.37%   217 1430s
 14655 10837 15015.3469   39  289 15699.5100 14228.1775  9.37%   216 1448s
 14759 10981 14769.8622   48  320 15699.5100 14231.2357  9.35%   217 1468s
 14949 11178     cutoff   91      15699.5100 14232.8865  9.34%   217 1486s
 14984 11178 14955.8202   59  143 15699.5100 14232.8865  9.34%   217 1491s
 15194 11349 14870.0048   43  269 15699.5100 14238.4749  9.31%   216 1511s
 15380 11597 15535.2195   95   52 15699.5100 14238.5153  9.31%   217 1530s
 15693 11707     cutoff  110      15699.5100 14239.4563  9.30%   215 1550s
 15854 11853 14303.1352   25  608 15699.5100 14242.5135  9.28%   216 1570s
 16024 11911     cutoff  108      15699.5100 14243.8489  9.27%   216 1591s
 16083 12156 14496.4726   27  368 15699.5100 14243.8489  9.27%   217 1610s
 16358 12286     cutoff   64      15699.5100 14244.5637  9.27%   216 1631s
 16548 12457 14595.8858   28  456 15699.5100 14244.9507  9.26%   216 1650s
 16748 12575 15078.7767   48  338 15699.5100 14245.3751  9.26%   216 1669s
 16777 12575 15673.2213   76   59 15699.5100 14245.3751  9.26%   216 1670s
 16895 12681 14946.1019   42  228 15699.5100 14246.8466  9.25%   217 1689s
 17051 12730     cutoff   98      15699.5100 14248.0645  9.25%   217 1707s
 17098 12832 14903.9753   32  321 15699.5100 14248.4771  9.24%   218 1725s
 17214 12903 15669.4375   58  107 15699.5100 14249.3714  9.24%   219 1744s
 17302 12903 14680.5259   36  308 15699.5100 14249.9240  9.23%   220 1745s
 17308 13151 14677.0508   36  162 15699.5100 14251.5666  9.22%   220 1766s
 17607 13249 14454.6811   34  465 15699.5100 14252.5696  9.22%   220 1787s
 17733 13330     cutoff   95      15699.5100 14254.7066  9.20%   220 1807s
 17815 13552 15636.1000   86  162 15699.5100 14255.0097  9.20%   221 1829s
 17888 13552 15436.7914   90    8 15699.5100 14255.0097  9.20%   221 1830s
 18078 13669 14780.2089   37  463 15699.5100 14255.6291  9.20%   221 1850s
 18227 13790     cutoff   89      15699.5100 14255.7663  9.20%   221 1871s
 18367 13854 15294.8313   73  196 15699.5100 14256.7018  9.19%   221 1892s
 18460 14014 14443.8776   27  434 15699.5100 14256.7940  9.19%   221 1912s
 18666 14120 14691.8945   42  288 15699.5100 14256.7940  9.19%   221 1934s
 18744 14120     cutoff  103      15699.5100 14256.7940  9.19%   222 1935s
 18765 14287 15113.5115   81  166 15699.5100 14258.0217  9.18%   222 1953s
 18979 14439     cutoff   75      15699.5100 14259.7141  9.17%   222 1971s
 19172 14589 14401.0512   22  416 15699.5100 14262.0464  9.16%   222 2002s
 19332 14595 15578.5264   68   29 15699.5100 14262.0464  9.16%   222 2005s
 19349 14631     cutoff  109      15699.5100 14262.7089  9.15%   222 2037s
 19409 14845 14719.1981   41  239 15699.5100 14263.3236  9.15%   223 2071s
 19495 14845 15315.5268   88   75 15699.5100 14263.3236  9.15%   223 2075s
 19656 14962 15051.9664  101   74 15699.5100 14263.9892  9.14%   223 2106s
 19791 15045 15299.2843   58   23 15699.5100 14264.6703  9.14%   223 2137s
 19893 15124 15035.5627   48  250 15699.5100 14264.9699  9.14%   224 2168s
 19995 15242 14673.2335   45  424 15699.5100 14266.4746  9.13%   224 2196s
 20146 15335 infeasible  110      15699.5100 14266.5354  9.13%   224 2226s
 20263 15497 14742.8133   45  266 15699.5100 14268.6354  9.11%   225 2257s
 20403 15509 15450.7178  107   29 15699.5100 14268.6354  9.11%   225 2260s
 20465 15665     cutoff  111      15699.5100 14268.8075  9.11%   225 2294s
 20517 15665 15476.9326   78  124 15699.5100 14268.8075  9.11%   226 2295s
 20669 15796 14521.1912   24  455 15699.5100 14269.2953  9.11%   225 2331s
 20807 15900 14529.0380   33  470 15699.5100 14271.4463  9.10%   225 2364s
 20843 15900 15118.9515   69   39 15699.5100 14271.4463  9.10%   225 2365s
 20932 15973     cutoff  104      15699.5100 14272.3376  9.09%   226 2397s
 21023 16083 15255.7488   61  145 15699.5100 14273.9742  9.08%   226 2431s
 21161 16186 15031.3196   35  278 15699.5100 14274.7127  9.08%   227 2466s
 21264 16292 15461.9182   59  171 15699.5100 14275.1448  9.07%   228 2501s
 21412 16332 15465.5214   72   87 15699.5100 14275.7266  9.07%   228 2535s
 21460 16437 15028.0503   49  249 15699.5100 14275.7492  9.07%   228 2568s
 21586 16573 14848.3042   47  157 15699.5100 14276.1000  9.07%   229 2606s
 21753 16652 15653.4300   92    - 15699.5100 14277.5785  9.06%   228 2642s
 21834 16763     cutoff   92      15699.5100 14277.6899  9.06%   229 2680s
 21992 16983 14562.1491   32  414 15699.5100 14277.8748  9.06%   230 2721s
 22237 17093 15685.7000   86    - 15699.5100 14278.1172  9.05%   229 2758s
 22361 17101 15681.9336   86  116 15699.5100 14279.3650  9.05%   229 2760s
 22370 17224     cutoff  103      15699.5100 14279.4159  9.05%   229 2796s
 22546 17307     cutoff  108      15699.5100 14280.8813  9.04%   230 2831s
 22639 17472 14697.3206   41  456 15699.5100 14281.5746  9.03%   230 2870s
 22823 17628 14391.5560   33  413 15699.5100 14281.7174  9.03%   230 2906s
 22993 17822     cutoff  123      15699.5100 14281.7553  9.03%   231 2943s
 23220 17896 14532.0850   22  396 15699.5100 14282.0297  9.03%   230 2984s
 23315 18023 14759.4850   33  382 15699.5100 14282.3467  9.03%   231 3020s
 23461 18105 14619.8154   34  277 15699.5100 14282.6595  9.02%   231 3057s
 23554 18315 14475.8177   30  441 15699.5100 14282.7031  9.02%   232 3095s
 23802 18519 14943.5805   59  244 15699.5100 14282.8606  9.02%   232 3135s
 24061 18630 infeasible  132      15699.5100 14283.7883  9.02%   231 3173s
 24190 18672 14431.9722   30  483 15699.5100 14284.0421  9.02%   232 3208s
 24232 18724 14736.3642   38  239 15699.5100 14284.0421  9.02%   233 3241s
 24284 18906 15013.3906   44  250 15699.5100 14284.0421  9.02%   234 3275s
 24472 18984 15564.5310   62   94 15699.5100 14284.0834  9.02%   234 3600s

Cutting planes:
  User: 4226
  Gomory: 38
  Cover: 496
  Implied bound: 201
  Projected implied bound: 17
  Clique: 64
  MIR: 158
  StrongCG: 2
  Flow cover: 412
  GUB cover: 4
  Zero half: 59
  Network: 4
  RLT: 367
  Relax-and-lift: 15
  Lazy constraints: 3552

Explored 24698 nodes (5763686 simplex iterations) in 3601.95 seconds
Thread count was 2 (of 32 available processors)

Solution count 6: 15699.5 15817.2 15821.2 ... 18042.7

Time limit reached
Best objective 1.569951000000e+04, best bound 1.428541229075e+04, gap 9.0073%

User-callback calls 309991, time in user-callback 179.91 sec
================================================================================
executing instance: ./input/Instances/Original/2/absH3high_4n10.dat
--------------------------------------------------------------------------------
Instance details
n	11
H	3
C	822
Li:
[0, 0, 0, 0, 0, 0, 0, 0, 0, 0, 0, ]
Ui:
[0, 102, 52, 88, 182, 153, 138, 38, 165, 297, 86, ]
Distance matrix:
|0	285	411	382	327	239	148	256	307	36	383	|
|285	0	352	98	249	103	227	235	120	268	209	|
|411	352	0	395	106	430	263	549	234	429	174	|
|382	98	395	0	302	173	320	288	168	364	227	|
|327	249	106	302	0	324	179	444	135	339	109	|
|239	103	430	173	324	0	241	132	212	212	305	|
|148	227	263	320	179	241	0	325	192	165	249	|
|256	235	549	288	444	132	325	0	342	220	436	|
|307	120	234	168	135	212	192	342	0	304	94	|
|36	268	429	364	339	212	165	220	304	0	386	|
|383	209	174	227	109	305	249	436	94	386	0	|

--------------------------------------------------------------------------------
Building model...
	using lazy and cut (CVRPSEP package)
Solving IRP LP...
--------------------------------------------------------------------------------

Gurobi 9.1.0 (linux64) logging started Sun Feb  7 07:39:30 2021

Gurobi Optimizer version 9.1.0 build v9.1.0rc0 (linux64)
Thread count: 32 physical cores, 32 logical processors, using up to 2 threads
Optimize a model with 530 rows, 956 columns and 2834 nonzeros
Model fingerprint: 0xed802339
Variable types: 164 continuous, 792 integer (132 binary)
Coefficient statistics:
  Matrix range     [1e+00, 3e+02]
  Objective range  [2e-01, 5e+02]
  Bounds range     [1e+00, 3e+02]
  RHS range        [1e+00, 1e+03]
Presolve removed 239 rows and 154 columns
Presolve time: 0.04s
Presolved: 291 rows, 802 columns, 2155 nonzeros
Variable types: 96 continuous, 706 integer (591 binary)
Found heuristic solution: objective 10113.640000

Root relaxation: objective 4.143023e+03, 433 iterations, 0.01 seconds

    Nodes    |    Current Node    |     Objective Bounds      |     Work
 Expl Unexpl |  Obj  Depth IntInf | Incumbent    BestBd   Gap | It/Node Time

     0     0 4143.02262    0   80 10113.6400 4143.02262  59.0%     -    0s
H    0     0                    7930.4800000 4143.02262  47.8%     -    0s
H    0     0                    7876.4800000 4143.02262  47.4%     -    0s
     0     0 4398.03450    0   73 7876.48000 4398.03450  44.2%     -    0s
H    0     0                    6981.4700000 4398.03450  37.0%     -    0s
     0     0 4701.00122    0   87 6981.47000 4701.00122  32.7%     -    0s
     0     0 4704.77596    0   85 6981.47000 4704.77596  32.6%     -    0s
     0     0 4723.69193    0   99 6981.47000 4723.69193  32.3%     -    0s
     0     0 4782.06442    0   90 6981.47000 4782.06442  31.5%     -    0s
     0     0 4784.42345    0   93 6981.47000 4784.42345  31.5%     -    0s
     0     0 4793.67939    0  108 6981.47000 4793.67939  31.3%     -    0s
     0     0 4794.39265    0  107 6981.47000 4794.39265  31.3%     -    0s
     0     0 4906.19191    0  139 6981.47000 4906.19191  29.7%     -    0s
H    0     0                    6917.3900000 4906.19191  29.1%     -    0s
     0     0 4933.99588    0  136 6917.39000 4933.99588  28.7%     -    0s
     0     0 4943.28274    0  131 6917.39000 4943.28274  28.5%     -    0s
     0     0 4943.62232    0  135 6917.39000 4943.62232  28.5%     -    0s
     0     0 4968.25592    0  145 6917.39000 4968.25592  28.2%     -    0s
H    0     0                    6871.3900000 4968.25592  27.7%     -    0s
     0     0 4974.37446    0  142 6871.39000 4974.37446  27.6%     -    0s
     0     0 4974.68963    0  136 6871.39000 4974.68963  27.6%     -    0s
     0     0 4980.21407    0  139 6871.39000 4980.21407  27.5%     -    0s
     0     0 4996.90922    0  148 6871.39000 4996.90922  27.3%     -    0s
     0     0 5001.69203    0  150 6871.39000 5001.69203  27.2%     -    0s
     0     0 5001.96570    0  161 6871.39000 5001.96570  27.2%     -    0s
     0     0 5007.70792    0  164 6871.39000 5007.70792  27.1%     -    0s
     0     0 5008.51396    0  179 6871.39000 5008.51396  27.1%     -    0s
     0     0 5011.68741    0  172 6871.39000 5011.68741  27.1%     -    0s
     0     0 5011.68741    0  165 6871.39000 5011.68741  27.1%     -    0s
     0     2 5012.62105    0  165 6871.39000 5012.62105  27.1%     -    0s
H   29    36                    6260.6700000 5038.95971  19.5%  61.3    0s
H  233   186                    6090.1100000 5064.83792  16.8%  40.7    1s
   797   568 5531.80724   24  150 6090.11000 5205.50242  14.5%  54.2    5s
  1861   806 5699.20184   24  133 6090.11000 5379.69021  11.7%  66.3   10s
H 2006   709                    5991.4500000 5421.31913  9.52%  66.1   10s
  3212  1006 5825.27355   23   69 5991.45000 5529.02887  7.72%  65.4   15s
  4614  1269     cutoff   33      5991.45000 5606.99385  6.42%  65.6   20s
  5989  1335 infeasible   29      5991.45000 5666.92153  5.42%  66.8   25s
  7491  1269     cutoff   31      5991.45000 5730.22067  4.36%  66.7   30s
  9180  1004 5916.70928   32   15 5991.45000 5800.73005  3.18%  65.4   35s

Cutting planes:
  User: 229
  Gomory: 8
  Cover: 119
  Implied bound: 62
  Projected implied bound: 9
  Clique: 3
  MIR: 124
  StrongCG: 4
  Flow cover: 99
  GUB cover: 1
  Inf proof: 8
  Zero half: 2
  RLT: 104
  Relax-and-lift: 28
  Lazy constraints: 6

Explored 11353 nodes (705777 simplex iterations) in 39.23 seconds
Thread count was 2 (of 32 available processors)

Solution count 9: 5991.45 6090.11 6260.67 ... 10113.6

Optimal solution found (tolerance 1.00e-04)
Best objective 5.991450000000e+03, best bound 5.991450000000e+03, gap 0.0000%

User-callback calls 27563, time in user-callback 3.41 sec
================================================================================
executing instance: ./input/Instances/Original/2/absH3high_3n20.dat
--------------------------------------------------------------------------------
Instance details
n	21
H	3
C	1536
Li:
[0, 0, 0, 0, 0, 0, 0, 0, 0, 0, 0, 0, 0, 0, 0, 0, 0, 0, 0, 0, 0, ]
Ui:
[0, 48, 207, 156, 294, 207, 297, 54, 114, 90, 228, 132, 84, 64, 51, 153, 60, 39, 195, 82, 130, ]
Distance matrix:
|0	41	141	324	154	98	307	402	160	217	284	269	188	233	54	185	307	149	286	276	103	|
|41	0	114	285	184	88	285	385	200	197	251	230	189	270	48	205	295	160	245	241	62	|
|141	114	0	200	208	193	353	459	269	275	289	154	129	371	160	192	380	136	205	267	88	|
|324	285	200	0	406	330	386	484	467	344	286	57	299	555	318	380	442	327	114	255	226	|
|154	184	208	406	0	250	460	553	101	370	436	361	136	247	208	63	455	87	405	425	232	|
|98	88	193	330	250	0	211	304	232	121	204	273	276	249	44	283	210	244	259	204	113	|
|307	285	353	386	460	211	0	106	436	90	104	342	467	407	253	490	72	445	275	134	269	|
|402	385	459	484	553	304	106	0	517	188	198	443	570	463	348	587	102	545	371	229	373	|
|160	200	269	467	101	232	436	517	0	349	434	417	231	148	200	163	415	179	444	431	261	|
|217	197	275	344	370	121	90	188	349	0	111	293	382	335	163	400	106	357	244	128	187	|
|284	251	289	286	436	204	104	198	434	111	0	246	413	441	235	452	170	401	173	31	214	|
|269	230	154	57	361	273	342	443	417	293	246	0	266	500	261	342	393	286	85	215	170	|
|188	189	129	299	136	276	467	570	231	382	413	266	0	368	233	88	483	53	330	394	201	|
|233	270	371	555	247	249	407	463	148	335	441	500	368	0	242	310	364	316	504	448	330	|
|54	48	160	318	208	44	253	348	200	163	235	261	233	242	0	239	254	200	262	230	92	|
|185	205	192	380	63	283	490	587	163	400	452	342	88	310	239	0	492	56	397	438	240	|
|307	295	380	442	455	210	72	102	415	106	170	393	483	364	254	492	0	453	334	198	293	|
|149	160	136	327	87	244	445	545	179	357	401	286	53	316	200	56	453	0	341	385	188	|
|286	245	205	114	405	259	275	371	444	244	173	85	330	504	262	397	334	341	0	142	183	|
|276	241	267	255	425	204	134	229	431	128	31	215	394	448	230	438	198	385	142	0	198	|
|103	62	88	226	232	113	269	373	261	187	214	170	201	330	92	240	293	188	183	198	0	|

--------------------------------------------------------------------------------
Building model...
	using lazy and cut (CVRPSEP package)
Solving IRP LP...
--------------------------------------------------------------------------------

Gurobi 9.1.0 (linux64) logging started Sun Feb  7 07:40:10 2021

Gurobi Optimizer version 9.1.0 build v9.1.0rc0 (linux64)
Thread count: 32 physical cores, 32 logical processors, using up to 2 threads
Optimize a model with 1020 rows, 3096 columns and 8004 nonzeros
Model fingerprint: 0xe8baff12
Variable types: 324 continuous, 2772 integer (252 binary)
Coefficient statistics:
  Matrix range     [1e+00, 4e+02]
  Objective range  [1e-01, 6e+02]
  Bounds range     [1e+00, 3e+02]
  RHS range        [1e+00, 3e+03]
Presolve removed 459 rows and 294 columns
Presolve time: 0.06s
Presolved: 561 rows, 2802 columns, 6637 nonzeros
Variable types: 196 continuous, 2606 integer (2363 binary)

Root relaxation: objective 6.829708e+03, 822 iterations, 0.02 seconds

    Nodes    |    Current Node    |     Objective Bounds      |     Work
 Expl Unexpl |  Obj  Depth IntInf | Incumbent    BestBd   Gap | It/Node Time

     0     0 6829.70780    0   68          - 6829.70780      -     -    0s
     0     0 7091.37517    0   97          - 7091.37517      -     -    0s
     0     0 7092.42548    0  107          - 7092.42548      -     -    0s
     0     0 7418.61481    0  117          - 7418.61481      -     -    0s
     0     0 7419.66135    0  122          - 7419.66135      -     -    0s
     0     0 7598.86076    0  159          - 7598.86076      -     -    0s
