




arguments: ./build/bc_mirp -f ./input/orig_exec_121.cfg
Current dir: /scratch/gui/bc_mirp
File verbosity level: 9
date       time         ( uptime  ) [ thread name/id ]                   file:line     v| 
2021-02-07 21:41:47.702 (   0.094s) [main thread     ]             loguru.cpp:789   INFO| Logging to './output/vi_vc+vr/OU/V4/Original/execution_07_02_2021_21_41_47.log', mode: 'a', verbosity: 9
--------------------------------------------------------------------------------
Parameters
                           instance_path           ./input/Instances/Original/3/
                            model_policy                                       1
                             nb_vehicles                                       4
                              output_dir       ./output/vi_vc+vr/OU/V4/Original/
                            sec_strategy                                       1
                       solver_nb_threads                                       2
                         solver_show_log                                    true
                       solver_time_limit                                    3600
                              use_vi_cos                                   false
                              use_vi_cus                                   false
                         use_vi_hc1_full                                   false
                         use_vi_hc1_half                                   false
                      use_vi_hc1_quarter                                   false
                              use_vi_hc2                                   false
                              use_vi_hc3                                   false
                         use_vi_lex_full                                   false
                         use_vi_lex_half                                   false
                      use_vi_lex_quarter                                   false
                              use_vi_qua                                   false
                               use_vi_vc                                    true
                               use_vi_vr                                    true
--------------------------------------------------------------------------------
executing instance: ./input/Instances/Original/3/absH3low_2n5.dat
--------------------------------------------------------------------------------
Instance details
n	6
H	3
C	237
Li:
[0, 0, 0, 0, 0, 0, ]
Ui:
[0, 93, 180, 51, 114, 24, ]
Distance matrix:
|0	170	318	35	112	235	|
|170	0	311	205	258	301	|
|318	311	0	326	278	137	|
|35	205	326	0	89	230	|
|112	258	278	89	0	160	|
|235	301	137	230	160	0	|

--------------------------------------------------------------------------------
Building model...
	using lazy and cut (CVRPSEP package)
Solving IRP LP...
--------------------------------------------------------------------------------

Gurobi 9.1.0 (linux64) logging started Sun Feb  7 21:41:47 2021

Gurobi Optimizer version 9.1.0 build v9.1.0rc0 (linux64)
Thread count: 32 physical cores, 32 logical processors, using up to 2 threads
Optimize a model with 285 rows, 336 columns and 1149 nonzeros
Model fingerprint: 0xbbb00f75
Variable types: 84 continuous, 252 integer (72 binary)
Coefficient statistics:
  Matrix range     [1e+00, 2e+02]
  Objective range  [1e-02, 3e+02]
  Bounds range     [1e+00, 2e+02]
  RHS range        [1e+00, 5e+02]
Presolve removed 102 rows and 81 columns
Presolve time: 0.00s

Explored 0 nodes (0 simplex iterations) in 0.01 seconds
Thread count was 1 (of 32 available processors)

Solution count 0

Model is infeasible
Best objective -, best bound -, gap -

User-callback calls 37, time in user-callback 0.00 sec

Computing Irreducible Inconsistent Subsystem (IIS)...

           Constraints          |            Bounds           |  Runtime
      Min       Max     Guess   |   Min       Max     Guess   |
--------------------------------------------------------------------------
        0       234         -         0       464         -           0s
       31        31         -        41        41         -           0s

IIS computed: 31 constraints, 41 bounds
IIS runtime: 0.35 seconds
================================================================================
executing instance: ./input/Instances/Original/3/absH3high_5n30.dat
--------------------------------------------------------------------------------
Instance details
n	31
H	3
C	2296
Li:
[0, 0, 0, 0, 0, 0, 0, 0, 0, 0, 0, 0, 0, 0, 0, 0, 0, 0, 0, 0, 0, 0, 0, 0, 0, 0, 0, 0, 0, 0, 0, ]
Ui:
[0, 80, 90, 297, 28, 264, 123, 192, 112, 32, 72, 88, 294, 129, 126, 105, 110, 237, 246, 92, 72, 147, 54, 96, 128, 96, 84, 28, 74, 196, 192, ]
Distance matrix:
|0	87	302	65	389	171	219	120	412	339	129	63	169	401	383	158	393	161	246	275	64	287	345	235	13	274	106	201	85	358	135	|
|87	0	334	128	402	212	301	204	465	384	187	145	232	424	454	238	475	245	289	352	80	307	352	321	81	352	20	261	170	376	215	|
|302	334	0	239	113	132	237	334	157	70	404	263	162	105	227	229	339	251	65	217	259	53	107	352	293	220	339	134	270	75	235	|
|65	128	239	0	330	107	175	130	348	275	174	40	107	339	326	114	351	125	181	224	58	228	290	222	58	224	143	138	65	297	92	|
|389	402	113	330	0	226	349	438	210	151	502	360	269	48	316	339	441	362	175	328	335	102	55	465	377	330	401	245	371	37	342	|
|171	212	132	107	226	0	169	214	253	173	276	134	64	233	261	130	326	153	77	188	133	125	192	264	162	190	220	68	145	193	125	|
|219	301	237	175	349	169	0	157	257	223	244	157	105	334	180	62	175	61	177	63	233	264	334	118	221	61	317	112	136	312	85	|
|120	204	334	130	438	214	157	0	402	348	88	90	173	438	336	115	307	100	269	220	172	338	406	122	130	218	224	204	69	403	101	|
|412	465	157	348	210	253	257	402	0	88	486	359	245	166	129	287	266	303	178	204	386	208	239	370	406	207	473	212	354	187	304	|
|339	384	70	275	151	173	223	348	88	0	427	291	179	120	166	234	290	254	96	187	306	123	166	342	332	190	391	145	291	119	247	|
|129	187	404	174	502	276	244	88	486	427	0	142	248	508	424	200	390	187	342	308	193	400	464	192	142	306	207	281	136	469	182	|
|63	145	263	40	360	134	157	90	359	291	142	0	114	366	321	95	331	99	202	212	90	258	323	186	65	211	163	148	27	327	72	|
|169	232	162	107	269	64	105	173	245	179	248	114	0	266	222	71	268	94	97	131	155	173	244	203	164	132	245	34	113	233	73	|
|401	424	105	339	48	233	334	438	166	120	508	366	266	0	280	332	409	355	169	305	353	117	96	452	391	308	425	237	374	49	339	|
|383	454	227	326	316	261	180	336	129	166	424	321	222	280	0	231	137	238	208	116	376	277	331	272	381	118	467	197	307	285	253	|
|158	238	229	114	339	130	62	115	287	234	200	95	71	332	231	0	238	23	164	118	171	243	314	134	159	117	255	95	77	302	23	|
|393	475	339	351	441	326	175	307	266	290	390	331	268	409	137	238	0	232	300	138	408	383	445	204	395	136	492	258	308	406	260	|
|161	245	251	125	362	153	61	100	303	254	187	99	94	355	238	23	232	0	187	123	183	267	338	111	164	121	262	117	77	325	34	|
|246	289	65	181	175	77	177	269	178	96	342	202	97	169	208	164	300	187	0	168	210	87	157	290	238	171	296	70	206	138	170	|
|275	352	217	224	328	188	63	220	204	187	308	212	131	305	116	118	138	123	168	0	279	255	322	166	275	3	367	120	195	291	141	|
|64	80	259	58	335	133	233	172	386	306	193	90	155	353	376	171	408	183	210	279	0	236	289	276	51	279	90	182	117	307	150	|
|287	307	53	228	102	125	264	338	208	123	400	258	173	117	277	243	383	267	87	255	236	0	71	374	276	257	308	153	270	71	245	|
|345	352	107	290	55	192	334	406	239	166	464	323	244	96	331	314	445	338	157	322	289	71	0	445	334	325	350	224	337	54	315	|
|235	321	352	222	465	264	118	122	370	342	192	186	203	452	272	134	204	111	290	166	276	374	445	0	243	164	341	221	159	428	142	|
|13	81	293	58	377	162	221	130	406	332	142	65	164	391	381	159	395	164	238	275	51	276	334	243	0	274	100	196	89	347	136	|
|274	352	220	224	330	190	61	218	207	190	306	211	132	308	118	117	136	121	171	3	279	257	325	164	274	0	367	122	194	294	140	|
|106	20	339	143	401	220	317	224	473	391	207	163	245	425	467	255	492	262	296	367	90	308	350	341	100	367	0	272	188	377	232	|
|201	261	134	138	245	68	112	204	212	145	281	148	34	237	197	95	258	117	70	120	182	153	224	221	196	122	272	0	146	208	103	|
|85	170	270	65	371	145	136	69	354	291	136	27	113	374	307	77	308	77	206	195	117	270	337	159	89	194	188	146	0	337	54	|
|358	376	75	297	37	193	312	403	187	119	469	327	233	49	285	302	406	325	138	291	307	71	54	428	347	294	377	208	337	0	306	|
|135	215	235	92	342	125	85	101	304	247	182	72	73	339	253	23	260	34	170	141	150	245	315	142	136	140	232	103	54	306	0	|

--------------------------------------------------------------------------------
Building model...
	using lazy and cut (CVRPSEP package)
Solving IRP LP...
--------------------------------------------------------------------------------

Gurobi 9.1.0 (linux64) logging started Sun Feb  7 21:41:48 2021

Gurobi Optimizer version 9.1.0 build v9.1.0rc0 (linux64)
Thread count: 32 physical cores, 32 logical processors, using up to 2 threads
Optimize a model with 1510 rows, 6436 columns and 15574 nonzeros
Model fingerprint: 0x5f570d13
Variable types: 484 continuous, 5952 integer (372 binary)
Coefficient statistics:
  Matrix range     [1e+00, 6e+02]
  Objective range  [1e-01, 5e+02]
  Bounds range     [1e+00, 3e+02]
  RHS range        [1e+00, 4e+03]
Presolve removed 679 rows and 434 columns
Presolve time: 0.09s
Presolved: 831 rows, 6002 columns, 13458 nonzeros
Variable types: 296 continuous, 5706 integer (5339 binary)

Root relaxation: objective 8.996963e+03, 992 iterations, 0.02 seconds

    Nodes    |    Current Node    |     Objective Bounds      |     Work
 Expl Unexpl |  Obj  Depth IntInf | Incumbent    BestBd   Gap | It/Node Time

     0     0 8996.96331    0  124          - 8996.96331      -     -    0s
     0     0 9328.96505    0  138          - 9328.96505      -     -    0s
     0     0 9332.83867    0  124          - 9332.83867      -     -    0s
     0     0 9711.49041    0  199          - 9711.49041      -     -    0s
     0     0 9738.99283    0  183          - 9738.99283      -     -    0s
     0     0 9743.33719    0  178          - 9743.33719      -     -    0s
     0     0 9896.04519    0  220          - 9896.04519      -     -    0s
     0     0 9905.58989    0  152          - 9905.58989      -     -    0s
     0     0 9911.59735    0  195          - 9911.59735      -     -    0s
     0     0 9912.33098    0  206          - 9912.33098      -     -    0s
     0     0 9952.67532    0  225          - 9952.67532      -     -    1s
     0     0 9958.36857    0  210          - 9958.36857      -     -    1s
     0     0 9961.36167    0  251          - 9961.36167      -     -    1s
     0     0 9962.67040    0  228          - 9962.67040      -     -    1s
     0     0 9962.73867    0  263          - 9962.73867      -     -    1s
     0     0 9976.42024    0  240          - 9976.42024      -     -    1s
     0     0 9979.41425    0  295          - 9979.41425      -     -    1s
     0     0 9979.84056    0  315          - 9979.84056      -     -    1s
     0     0 9993.32344    0  282          - 9993.32344      -     -    1s
     0     0 9993.94954    0  215          - 9993.94954      -     -    1s
     0     0 9995.48285    0  337          - 9995.48285      -     -    2s
     0     0 9995.48285    0  312          - 9995.48285      -     -    2s
     0     2 9997.60412    0  312          - 9997.60412      -     -    2s
    55    60 10236.0366   16  235          - 10000.7533      -   284    5s
   231   252 10797.7042   62  219          - 10000.7533      -   223   10s
*  434   424             168    13332.910000 10000.7533  25.0%   143   12s
   469   482 12139.2751  121   77 13332.9100 10000.7533  25.0%   141   15s
   573   554 10143.0153    4  395 13332.9100 10005.5431  25.0%   135   20s
   628   611 10497.8650   12  154 13332.9100 10005.5431  25.0%   158   25s
   718   703 10616.8809   28  283 13332.9100 10005.5431  25.0%   158   31s
   737   711 11008.7177   42  450 13332.9100 10076.6133  24.4%   156   35s
   758   725 12525.1997  115  564 13332.9100 10112.3688  24.2%   152   40s
H  770   695                    12311.690000 10119.1865  17.8%   150   44s
   776   699 12311.6900  144  466 12311.6900 10125.0945  17.8%   149   45s
   795   713 11223.0605   63  314 12311.6900 10126.6051  17.7%   157   50s
H  814   689                    12143.160000 10138.3071  16.5%   154   54s
   820   693 10275.5531   12  503 12143.1600 10139.3263  16.5%   152   55s
   841   707 10452.8651   22  449 12143.1600 10144.9207  16.5%   149   60s
   845   712 10148.8463   28  495 12143.1600 10148.4000  16.4%   158   65s
   864   726 10215.0281   32  209 12143.1600 10162.2422  16.3%   164   70s
   899   748 10231.0161   41  297 12143.1600 10166.9956  16.3%   173   75s
   932   770 10439.4786   52  215 12143.1600 10166.9956  16.3%   179   81s
   983   812 10550.4294   66  227 12143.1600 10166.9956  16.3%   190   85s
  1053   858 10887.9956   82  264 12143.1600 10166.9956  16.3%   196   90s
  1139   934 10964.8134  101  315 12143.1600 10166.9956  16.3%   197   95s
  1270  1005 10250.4150   33  236 12143.1600 10169.3057  16.3%   195  100s
H 1339   991                    11920.540000 10169.3057  14.7%   195  103s
  1370  1050 10396.7290   53  232 11920.5400 10169.3057  14.7%   195  105s
  1529  1152 10555.2152   89  209 11920.5400 10169.3057  14.7%   192  111s
  1651  1244 10670.0433  118  221 11920.5400 10169.3057  14.7%   191  115s
  1795  1301 10838.1496  152  106 11920.5400 10169.3057  14.7%   188  121s
H 1851  1260                    11770.220000 10169.3057  13.6%   188  123s
  1864  1307 11332.7413  175  150 11770.2200 10169.3057  13.6%   189  125s
  2073  1474 10892.1154  225  150 11770.2200 10169.3057  13.6%   183  132s
  2154  1564 11042.6555  241  141 11770.2200 10169.3057  13.6%   180  135s
  2383  1716 11294.1047  294  115 11770.2200 10169.3057  13.6%   170  141s
  2589  1697 11567.9905  352  139 11770.2200 10169.3057  13.6%   163  147s
  2647  1722 10218.8163   36  345 11770.2200 10170.7978  13.6%   163  152s
  2698  1790 10385.2396   45  172 11770.2200 10170.7978  13.6%   167  156s
  2785  1825 10829.9212   63  144 11770.2200 10170.7978  13.6%   166  160s
  2974  2217 11165.7344  149  157 11770.2200 10170.7978  13.6%   160  167s
  3201  2259 11397.7557  270  162 11770.2200 10171.2708  13.6%   151  171s
  3351  2485 10625.0547   54  174 11770.2200 10183.3364  13.5%   150  178s
  3517  2505 11476.8126  137   81 11770.2200 10187.5354  13.4%   145  182s
  3551  2549 10450.9985   39  333 11770.2200 10187.5354  13.4%   145  185s
  3672  2796 10834.5275   68  151 11770.2200 10187.5354  13.4%   146  195s
  3842  2913 11063.5806  146  120 11770.2200 10187.5354  13.4%   143  210s
  3971  3056 11405.0098  213   68 11770.2200 10188.7168  13.4%   140  215s
  4154  3207 10408.2996   33  377 11770.2200 10188.7168  13.4%   137  220s
  4321  3296 10497.5409   37  313 11770.2200 10188.7168  13.4%   135  226s
  4420  3378 10849.3409   44  300 11770.2200 10188.7168  13.4%   135  231s
  4512  3442     cutoff   79      11770.2200 10195.6897  13.4%   135  236s
  4598  3613 10918.4289   60  181 11770.2200 10198.6006  13.4%   135  241s
  4769  3668     cutoff  169      11770.2200 10201.5628  13.3%   133  246s
  4844  3871 10695.6513   49  104 11770.2200 10205.9090  13.3%   134  252s
  5069  4068 10406.0719   41  319 11770.2200 10205.9090  13.3%   130  259s
  5184  4068 11254.1555  190  170 11770.2200 10205.9090  13.3%   129  260s
  5266  4215 10754.9123   68  130 11770.2200 10205.9090  13.3%   128  266s
  5425  4443 11384.6488  189  184 11770.2200 10206.6477  13.3%   126  273s
  5649  4443 11486.4208  146   65 11770.2200 10209.8898  13.3%   124  275s
  5686  4462 10336.0210   44  361 11770.2200 10209.8898  13.3%   123  280s
  5705  4534 10458.6828   49  292 11770.2200 10209.8898  13.3%   125  285s
  5777  4658 10855.1789   87  139 11770.2200 10209.8898  13.3%   126  291s
  5901  4730     cutoff  185      11770.2200 10209.8999  13.3%   125  298s
  5985  4969 10788.1734   54  224 11770.2200 10215.3788  13.2%   126  305s
  6276  5016 10262.9904   32  374 11770.2200 10215.4044  13.2%   123  311s
  6312  5118 10734.6087   48  195 11770.2200 10216.2692  13.2%   125  317s
  6433  5217 10353.2778   39  429 11770.2200 10216.5430  13.2%   125  324s
  6460  5217 10512.3321   42  288 11770.2200 10216.5430  13.2%   125  325s
  6542  5352 11049.2390   66  142 11770.2200 10217.5751  13.2%   124  331s
* 6664  5350             188    11745.660000 10217.5751  13.0%   123  331s
  6696  5401 10634.4339   43  372 11745.6600 10219.4382  13.0%   124  336s
  6747  5436 11143.8697   72  236 11745.6600 10219.4382  13.0%   124  344s
  6782  5522     cutoff  106      11745.6600 10219.4618  13.0%   125  349s
  6882  5598 10656.8318   53  309 11745.6600 10219.4618  13.0%   125  355s
  6976  5703 11419.3847  110  191 11745.6600 10223.0594  13.0%   125  362s
  7092  5716 10564.7178   41  357 11745.6600 10223.0594  13.0%   125  371s
  7105  5815 10583.9220   42  346 11745.6600 10223.0594  13.0%   126  376s
  7204  6106 11293.6504   73   98 11745.6600 10223.1071  13.0%   126  384s
  7237  6106 11446.4532  106  102 11745.6600 10223.1071  13.0%   126  385s
  7511  6203 10476.6827   47  358 11745.6600 10223.1334  13.0%   123  393s
  7646  6284 10350.1601   42  403 11745.6600 10224.2142  13.0%   123  401s
  7737  6390 10935.0930   63  246 11745.6600 10226.8936  12.9%   124  408s
  7853  6475 10851.0647   47   97 11745.6600 10227.3015  12.9%   125  418s
  7978  6629 10298.4724   32  232 11745.6600 10227.3015  12.9%   125  427s
  8174  6737 10683.2938   52  348 11745.6600 10230.1482  12.9%   125  436s
  8330  6814 10408.8267   38  347 11745.6600 10231.0503  12.9%   125  444s
  8424  6896 11097.2194   63  162 11745.6600 10233.4745  12.9%   126  451s
  8535  6970 10756.4615   45  249 11745.6600 10236.6628  12.8%   127  459s
  8609  7412 10997.2466   69  157 11745.6600 10239.1343  12.8%   128  471s
  9072  7498 10834.4887   42  309 11745.6600 10240.5697  12.8%   124  480s
  9183  7618 10694.6592   48  277 11745.6600 10240.8939  12.8%   125  489s
  9331  7714 10563.9740   42  343 11745.6600 10240.9677  12.8%   125  497s
  9445  7758 11280.6173   75  160 11745.6600 10244.2671  12.8%   126  505s
  9510  7825 10634.9288   42  111 11745.6600 10244.3960  12.8%   127  513s
  9577  7959 11175.6104   58   48 11745.6600 10245.8730  12.8%   128  522s
  9724  8058 10766.4948   54  244 11745.6600 10246.8672  12.8%   128  530s
  9854  8265 10461.3439   38  296 11745.6600 10247.0561  12.8%   129  540s
 10087  8522 infeasible  141      11745.6600 10247.6798  12.8%   128  551s
 10384  8656 11728.4958   89   76 11745.6600 10248.3136  12.7%   126  560s
 10525  8762 11120.4238   76  120 11745.6600 10248.3597  12.7%   126  569s
 10651  8958 10883.3387   60  212 11745.6600 10248.5985  12.7%   127  578s
 10892  9080 10527.5472   45  367 11745.6600 10249.2249  12.7%   126  587s
 11025  9193 10544.2760   45  194 11745.6600 10251.8426  12.7%   127  597s
 11174  9274 10450.8114   39  322 11745.6600 10253.9097  12.7%   128  606s
 11299  9388 10384.1398   41  349 11745.6600 10253.9220  12.7%   128  615s
 11423  9505 11091.4243   59  218 11745.6600 10260.0494  12.6%   129  623s
 11569  9707 10979.0630   53  235 11745.6600 10261.2720  12.6%   129  633s
 11816  9890 10433.4062   32  271 11745.6600 10261.3344  12.6%   128  644s
 12007  9974 11530.4570  177   82 11745.6600 10261.4119  12.6%   128  652s
 12109 10217 10572.5318   47  221 11745.6600 10261.4119  12.6%   129  661s
 12370 10351 11054.9539   58   66 11745.6600 10261.4269  12.6%   129  671s
 12532 10388 10847.1521   47  101 11745.6600 10261.4269  12.6%   129  680s
 12623 10523 10980.7901   55  127 11745.6600 10261.8506  12.6%   130  689s
 12777 10524 11725.8140  115   75 11745.6600 10261.9475  12.6%   130  690s
 12789 10609 infeasible   80      11745.6600 10263.2819  12.6%   130  698s
 12876 10703 11454.2829   86   95 11745.6600 10263.6688  12.6%   131  706s
 12990 10891 10919.2339   58  158 11745.6600 10267.7947  12.6%   131  716s
 13224 10976 10908.9060   59  239 11745.6600 10272.4184  12.5%   131  725s
 13320 11172 10559.8652   48  306 11745.6600 10272.4184  12.5%   131  735s
 13528 11260 11333.7345  167   95 11745.6600 10273.1367  12.5%   131  745s
 13649 11387 10809.5294   60  323 11745.6600 10273.3191  12.5%   131  754s
 13703 11387 11460.2378  114  155 11745.6600 10273.3191  12.5%   131  755s
 13802 11459 10443.0478   44  317 11745.6600 10273.4671  12.5%   132  764s
 13892 11565 11143.5827   77  128 11745.6600 10273.7362  12.5%   132  773s
 14006 11679 10548.3022   44  190 11745.6600 10273.7362  12.5%   133  784s
 14130 11898 10892.2068   67  104 11745.6600 10274.6067  12.5%   133  795s
 14393 12037     cutoff  155      11745.6600 10275.3051  12.5%   133  806s
 14536 12220 10910.3895   49  110 11745.6600 10275.3420  12.5%   133  818s
 14760 12307     cutoff  106      11745.6600 10275.9136  12.5%   133  827s
H14761 12302                    11740.760000 10275.9136  12.5%   133  827s
 14862 12412 11238.4452   79  280 11740.7600 10277.5644  12.5%   133  836s
 14982 12548 10537.1846   49  373 11740.7600 10277.5644  12.5%   134  846s
 15129 12632 10652.1601   52  310 11740.7600 10277.5644  12.5%   134  855s
 15220 12862 11432.3583   72   73 11740.7600 10277.8731  12.5%   135  866s
 15506 12988 10627.4295   40  253 11740.7600 10280.1351  12.4%   134  877s
 15672 13033 10435.2007   40  365 11740.7600 10280.4496  12.4%   135  886s
 15717 13060 10668.1002   50  304 11740.7600 10280.4496  12.4%   136  897s
 15744 13390 10836.4363   59  225 11740.7600 10280.9310  12.4%   136  908s
 16114 13492 10459.2783   43  388 11740.7600 10281.2788  12.4%   135  919s
 16238 13531 10422.7195   34  424 11740.7600 10281.3531  12.4%   135  928s
 16277 13688 10685.4258   38  260 11740.7600 10281.3531  12.4%   136  937s
 16469 13854 11464.6685   69   20 11740.7600 10281.7174  12.4%   136  949s
 16537 13854 11643.8522  103   63 11740.7600 10281.7174  12.4%   136  950s
 16726 13887 10503.9621   39  246 11740.7600 10282.2513  12.4%   136  959s
 16759 13983 10899.5598   44  309 11740.7600 10282.2513  12.4%   137  968s
 16900 14052     cutoff   74      11740.7600 10282.6596  12.4%   137  978s
 17001 14222 11095.0712   67  183 11740.7600 10284.4335  12.4%   138  988s
 17198 14222 11718.3152  123   78 11740.7600 10284.6716  12.4%   137  990s
 17219 14431 10626.0415   37  209 11740.7600 10285.4008  12.4%   138  999s
 17297 14431 10350.6471   42  302 11740.7600 10285.4008  12.4%   137 1000s
 17468 14567 11006.6771   52  228 11740.7600 10287.8275  12.4%   137 1010s
 17633 14611     cutoff   95      11740.7600 10288.1917  12.4%   137 1019s
 17651 14611     cutoff  121      11740.7600 10289.2984  12.4%   138 1020s
 17679 14704 11076.3958   52   95 11740.7600 10289.9276  12.4%   138 1031s
 17794 14828 10629.2381   41  298 11740.7600 10290.1686  12.4%   138 1042s
 17962 14909     cutoff  133      11740.7600 10291.6522  12.3%   138 1052s
 18044 15033 11351.9100   77    - 11740.7600 10291.8239  12.3%   139 1062s
 18187 15096 11219.5138  122   43 11740.7600 10292.8073  12.3%   139 1082s
 18290 15176     cutoff  146      11740.7600 10293.0844  12.3%   139 1091s
 18384 15263 11418.4331   73   96 11740.7600 10294.4293  12.3%   139 1100s
 18492 15435 10864.6097   55  155 11740.7600 10296.0019  12.3%   140 1112s
 18684 15620 10904.8384   51  128 11740.7600 10296.6253  12.3%   140 1126s
 18915 15829     cutoff  125      11740.7600 10297.6499  12.3%   139 1138s
 19151 16044 10748.2358   38  341 11740.7600 10298.8025  12.3%   139 1150s
 19388 16168 10538.8101   34  313 11740.7600 10298.8864  12.3%   139 1162s
 19530 16254 11644.2063   75  219 11740.7600 10299.0865  12.3%   139 1173s
 19633 16369 10855.5284   53  149 11740.7600 10299.8463  12.3%   139 1186s
 19748 16606 infeasible   97      11740.7600 10300.4135  12.3%   140 1197s
 20032 16640     cutoff  129      11740.7600 10301.7776  12.3%   139 1208s
 20065 16858 10738.2483   47  315 11740.7600 10303.8734  12.2%   139 1218s
 20275 16858 11586.5391  135  139 11740.7600 10304.4016  12.2%   139 1220s
 20309 17043 10701.9869   44  204 11740.7600 10304.6170  12.2%   139 1229s
 20420 17043 10800.8569   42  323 11740.7600 10304.7097  12.2%   139 1230s
 20514 17299 11102.3249   58  177 11740.7600 10304.8836  12.2%   139 1241s
 20800 17489 10493.0874   40  334 11740.7600 10305.5939  12.2%   138 1252s
 20999 17603 10874.8469   55  184 11740.7600 10306.4574  12.2%   138 1263s
 21149 17762 11503.6097   77  144 11740.7600 10307.1995  12.2%   138 1276s
 21381 17815 11413.6586   88   59 11740.7600 10308.2475  12.2%   138 1287s
 21444 17957 10926.6822   55  261 11740.7600 10308.2894  12.2%   138 1298s
 21600 18116 11019.1513   57  253 11740.7600 10308.6559  12.2%   139 1310s
 21791 18210 10690.9490   40  359 11740.7600 10308.7769  12.2%   139 1321s
 21907 18301 10609.6890   39  288 11740.7600 10309.4443  12.2%   139 1331s
 22020 18395 10528.0631   42  391 11740.7600 10309.6718  12.2%   139 1342s
 22159 18547 11563.2367   80  103 11740.7600 10310.5983  12.2%   140 1352s
 22361 18661 10935.5929   57  215 11740.7600 10312.8723  12.2%   139 1363s
 22492 18883 10707.8665   46  240 11740.7600 10313.3704  12.2%   140 1374s
 22603 18883 11219.4334  120   31 11740.7600 10313.3704  12.2%   140 1375s
 22714 19180 11336.1656  121   71 11740.7600 10313.9761  12.2%   140 1385s
H23043 19241                    11740.680000 10314.0230  12.2%   139 1396s
 23127 19356 10881.5606   50  192 11740.6800 10315.9104  12.1%   140 1405s
 23266 19421 11668.1325   91  196 11740.6800 10317.7285  12.1%   140 1415s
 23350 19671 11228.2822   64   53 11740.6800 10319.2801  12.1%   141 1426s
 23634 19789 10632.3614   47  153 11740.6800 10320.6126  12.1%   140 1438s
 23793 19988 11019.8695   55  299 11740.6800 10321.1809  12.1%   140 1449s
 23843 19988 10527.3055   41  215 11740.6800 10321.9815  12.1%   141 1450s
 24018 20128 10985.0046   62  276 11740.6800 10322.1939  12.1%   140 1460s
 24173 20335 10970.9629   51  264 11740.6800 10322.4315  12.1%   140 1471s
 24423 20530 10894.1547   50  253 11740.6800 10322.7782  12.1%   140 1484s
 24649 20664 10667.8201   45  340 11740.6800 10323.3121  12.1%   140 1496s
 24816 20863     cutoff   83      11740.6800 10323.7627  12.1%   140 1508s
 25058 21067 10625.0061   42  292 11740.6800 10324.4425  12.1%   140 1520s
 25304 21250 10602.4040   42  227 11740.6800 10326.1878  12.0%   139 1532s
 25511 21357 10555.3942   40  297 11740.6800 10326.6051  12.0%   139 1547s
 25625 21459 10809.0551   42  155 11740.6800 10326.6051  12.0%   140 1559s
 25669 21459 11251.3083   58   92 11740.6800 10326.6051  12.0%   140 1560s
 25747 21598     cutoff   71      11740.6800 10327.2622  12.0%   140 1570s
 25915 21678 10515.7618   34  270 11740.6800 10327.3556  12.0%   140 1581s
 26006 21762 11376.5581   53  203 11740.6800 10327.6374  12.0%   140 1591s
 26103 21905 11272.0042   70  121 11740.6800 10327.6784  12.0%   140 1602s
 26271 22085 10986.6354   65   37 11740.6800 10328.1344  12.0%   140 1616s
 26595 22223     cutoff  177      11740.6800 10328.3725  12.0%   140 1630s
 26806 22409 10918.3795   53  257 11740.6800 10329.3299  12.0%   140 1642s
 27003 22588 10498.6519   46  412 11740.6800 10330.2709  12.0%   140 1655s
 27208 22663 10658.8093   47  246 11740.6800 10330.8711  12.0%   140 1667s
 27304 22778 10528.8986   40  243 11740.6800 10330.8711  12.0%   140 1677s
 27438 22872 11435.0919   74  231 11740.6800 10331.3206  12.0%   140 1689s
 27563 22940 11590.3140   77  120 11740.6800 10331.7458  12.0%   141 1699s
 27638 23036 11354.4578   66  133 11740.6800 10332.3635  12.0%   141 1710s
 27758 23238 10834.4815   48  243 11740.6800 10332.8811  12.0%   142 1721s
 28008 23335 11048.8315   50  301 11740.6800 10333.4165  12.0%   141 1733s
 28123 23453 10666.0233   45  306 11740.6800 10334.3342  12.0%   142 1744s
 28201 23453 11611.0357  123  114 11740.6800 10334.3342  12.0%   142 1745s
 28263 23680 10531.4255   38  403 11740.6800 10335.0592  12.0%   142 1756s
 28502 23710 11245.3119   80  272 11740.6800 10335.0592  12.0%   142 1884s
 28532 23778 11391.7275   95  179 11740.6800 10336.0095  12.0%   141 1897s
 28626 23965 10945.7904   43  157 11740.6800 10336.4235  12.0%   141 1910s
 28832 24236 11448.8969   91   75 11740.6800 10336.7362  12.0%   141 1923s
 29157 24438 10644.5801   39  317 11740.6800 10337.7617  11.9%   141 1936s
 29387 24556 10930.1723   53  152 11740.6800 10338.1725  11.9%   141 1948s
 29523 24707 10795.3359   49  193 11740.6800 10339.1249  11.9%   141 1961s
 29674 24938 11539.3986   71  107 11740.6800 10339.4426  11.9%   141 1976s
 29962 25053 infeasible   86      11740.6800 10339.5667  11.9%   141 1988s
 30129 25167 10656.9192   47  266 11740.6800 10339.8674  11.9%   141 2000s
 30266 25336 11350.1925   66  106 11740.6800 10340.7802  11.9%   142 2013s
 30487 25475     cutoff  115      11740.6800 10342.1417  11.9%   142 2025s
 30645 25587 10916.4348   39  242 11740.6800 10343.0337  11.9%   142 2037s
 30799 25729 11096.3356   51  134 11740.6800 10344.1577  11.9%   142 2048s
 30967 25872 11072.0371   60  317 11740.6800 10344.6610  11.9%   142 2060s
 31152 26047 10749.3217   48  216 11740.6800 10345.3252  11.9%   142 2072s
 31369 26321 10949.6897   56  219 11740.6800 10345.8688  11.9%   142 2086s
 31697 26512 10784.0246   48  273 11740.6800 10346.2346  11.9%   142 2098s
 31874 26513 10409.4611   40  331 11740.6800 10346.8341  11.9%   141 2100s
 31919 26601     cutoff  169      11740.6800 10346.9162  11.9%   142 2110s
 32019 26730 11140.9955   64  315 11740.6800 10346.9537  11.9%   142 2121s
 32171 26883 10971.8131   56  243 11740.6800 10347.0748  11.9%   142 2132s
 32349 26959 11419.0908   79  161 11740.6800 10347.4406  11.9%   142 2144s
 32443 27219 10832.8709   57  166 11740.6800 10347.6975  11.9%   143 2156s
 32753 27385 10980.4036   53  210 11740.6800 10348.6423  11.9%   142 2170s
 32985 27513 10734.8197   51  235 11740.6800 10350.1964  11.8%   142 2182s
 33133 27812 11098.7276   55  179 11740.6800 10350.2254  11.8%   143 2197s
 33547 27932 10761.0537   51  367 11740.6800 10350.6726  11.8%   142 2210s
 33690 28033 10545.7108   39  406 11740.6800 10350.9537  11.8%   142 2221s
 33802 28086 11510.5786   74  150 11740.6800 10351.2541  11.8%   142 2232s
 33863 28197 11003.5735   58  392 11740.6800 10352.3182  11.8%   143 2243s
 34017 28314 10873.4633   52  351 11740.6800 10352.8262  11.8%   143 2255s
 34160 28584 10808.3547   53  165 11740.6800 10353.0917  11.8%   143 2268s
 34432 28585 11415.1328   90  126 11740.6800 10353.0931  11.8%   143 2270s
 34464 28740 11327.1139  109  143 11740.6800 10353.7073  11.8%   143 2281s
 34638 28861 10569.9264   38  254 11740.6800 10354.0375  11.8%   143 2294s
 34819 28943 10502.8478   38  372 11740.6800 10354.0673  11.8%   143 2305s
 34881 29159 10860.9199   54   40 11740.6800 10354.1906  11.8%   144 2319s
 35014 29166 11145.1711  120   56 11740.6800 10354.1906  11.8%   144 2320s
 35146 29386     cutoff  140      11740.6800 10355.0865  11.8%   144 2331s
 35391 29530 infeasible  150      11740.6800 10357.1974  11.8%   144 2345s
 35583 29786 10848.5235   54  195 11740.6800 10358.3556  11.8%   144 2358s
 35904 29816     cutoff  104      11740.6800 10358.8537  11.8%   144 2379s
 35949 29903 11023.9308   56  265 11740.6800 10358.9488  11.8%   144 2396s
 36048 29974 11731.7799  110  180 11740.6800 10359.0449  11.8%   144 2407s
 36139 30116 10997.5414   45  276 11740.6800 10359.5174  11.8%   145 2419s
 36205 30116 11274.2900   96  123 11740.6800 10359.5174  11.8%   144 2420s
 36296 30219 10752.0381   40  427 11740.6800 10359.5174  11.8%   145 2431s
 36417 30299 11687.9690   67  180 11740.6800 10360.3614  11.8%   145 2442s
 36517 30401 10989.4715   57  153 11740.6800 10360.8686  11.8%   145 2453s
 36633 30600     cutoff   98      11740.6800 10360.8796  11.8%   146 2464s
 36673 30600 11295.5293   93   28 11740.6800 10360.8796  11.8%   146 2465s
 36855 30758 11334.9856   63  115 11740.6800 10361.8770  11.7%   146 2478s
 37069 30819 10780.5702   47  250 11740.6800 10361.9281  11.7%   146 2488s
 37128 31048 11086.3726   57  266 11740.6800 10362.0232  11.7%   146 2501s
 37401 31273 10875.3588   47  281 11740.6800 10362.7873  11.7%   146 2515s
 37674 31458 10869.7041   44  238 11740.6800 10363.8320  11.7%   146 2527s
 37898 31590     cutoff  110      11740.6800 10364.4116  11.7%   146 2541s
 38063 31883 10934.7477   53  217 11740.6800 10364.4337  11.7%   146 2555s
 38436 32011 10577.5693   39  192 11740.6800 10364.5714  11.7%   145 2568s
 38578 32203 11080.8531   79   52 11740.6800 10365.9088  11.7%   146 2580s
 38828 32315 infeasible  136      11740.6800 10367.3638  11.7%   146 2594s
 38973 32459 11047.4687   61  240 11740.6800 10368.1328  11.7%   146 2606s
 39145 32705 10866.5344   50  215 11740.6800 10369.2107  11.7%   146 2618s
 39377 32705 11210.3768   61  191 11740.6800 10369.8377  11.7%   146 2620s
 39428 32795 10738.8782   41  377 11740.6800 10370.0008  11.7%   146 2630s
 39530 32872 10823.1345   45  338 11740.6800 10370.1454  11.7%   146 2643s
 39631 33046 10561.7641   42  308 11740.6800 10370.2481  11.7%   146 2657s
 39835 33186 11139.4314   63  132 11740.6800 10371.0768  11.7%   146 2669s
 39950 33186 10613.2468   44  270 11740.6800 10371.4402  11.7%   146 2670s
 40035 33334 11061.9353   54  217 11740.6800 10371.8468  11.7%   146 2681s
 40213 33573 11515.8836   70  109 11740.6800 10372.8901  11.7%   147 2694s
 40507 33623     cutoff  107      11740.6800 10373.4855  11.6%   146 2706s
 40557 33755 11121.3253   55  165 11740.6800 10373.8843  11.6%   147 2717s
 40721 33810 10931.4677   61  262 11740.6800 10374.4213  11.6%   147 2728s
 40794 33905 10969.4559   53  416 11740.6800 10374.9142  11.6%   147 2740s
 40908 34068 11074.2880   47  107 11740.6800 10375.3036  11.6%   147 2752s
 41114 34238 10655.4087   45  385 11740.6800 10375.7653  11.6%   147 2764s
 41153 34238 11659.4396   84   77 11740.6800 10375.7653  11.6%   147 2765s
 41325 34335 10900.0641   42  224 11740.6800 10376.5795  11.6%   147 2776s
 41440 34482 10937.4457   45  234 11740.6800 10376.9906  11.6%   148 2789s
 41473 34482 11530.6500   57   17 11740.6800 10376.9906  11.6%   148 2790s
 41649 34586 10908.2158   64  215 11740.6800 10377.2303  11.6%   148 2802s
 41781 34841 10876.1125   53  165 11740.6800 10377.4892  11.6%   148 2817s
 42078 34952 10603.6523   40  398 11740.6800 10377.6409  11.6%   148 2830s
 42218 35046 10561.8346   41  332 11740.6800 10377.7242  11.6%   148 2842s
 42322 35157 11495.3934   87  174 11740.6800 10378.6925  11.6%   148 2852s
 42474 35258 10608.8712   42  258 11740.6800 10380.0632  11.6%   148 2863s
 42599 35426 11377.9584   58   57 11740.6800 10380.5437  11.6%   149 2875s
 42811 35542 11302.9497   67  151 11740.6800 10381.2150  11.6%   149 2886s
 42971 35658 10794.5382   41  199 11740.6800 10381.7384  11.6%   149 2898s
 43128 35772     cutoff  102      11740.6800 10382.0071  11.6%   149 2911s
 43273 35933 10639.4129   44  412 11740.6800 10382.6133  11.6%   149 2924s
 43493 36177 10642.8268   46  378 11740.6800 10383.9845  11.6%   149 2938s
 43693 36183 11266.1232   92  155 11740.6800 10384.0280  11.6%   149 2940s
 43761 36366     cutoff  161      11740.6800 10384.3527  11.6%   149 2953s
 43979 36483 10990.0765   51  177 11740.6800 10384.9002  11.5%   149 2965s
 44114 36580 11140.4190   66  188 11740.6800 10385.0660  11.5%   149 2977s
 44230 36745 10833.7304   52  188 11740.6800 10385.7345  11.5%   149 2990s
 44415 36805 10600.0576   40  317 11740.6800 10385.7345  11.5%   149 3002s
 44475 36893 10977.7331   53  257 11740.6800 10386.1921  11.5%   149 3013s
 44580 37031 10699.6948   43  204 11740.6800 10386.4376  11.5%   150 3025s
 44766 37141 10813.3811   41  307 11740.6800 10386.5454  11.5%   150 3037s
 44899 37210 11179.5249   58  183 11740.6800 10388.0060  11.5%   150 3048s
 44990 37422 11039.0897   57  320 11740.6800 10389.5606  11.5%   150 3062s
 45256 37550 11154.5337   63  130 11740.6800 10389.7467  11.5%   150 3075s
 45424 37633 11284.1671   63  231 11740.6800 10390.0502  11.5%   150 3087s
 45531 37740 11127.2120   55  267 11740.6800 10390.9914  11.5%   151 3098s
 45662 37893 11163.2588   58  114 11740.6800 10392.1061  11.5%   151 3110s
 45842 38071 10588.1483   49  215 11740.6800 10392.3070  11.5%   151 3125s
 46061 38168 10638.7438   46  404 11740.6800 10392.9762  11.5%   151 3137s
 46178 38250 11552.0264   78  263 11740.6800 10393.3625  11.5%   151 3149s
 46327 38427 10985.7574   51  250 11740.6800 10394.3484  11.5%   151 3162s
 46530 38567 10904.7580   48  203 11740.6800 10394.3864  11.5%   151 3174s
 46615 38567 11370.6264   78  129 11740.6800 10394.3864  11.5%   151 3175s
 46694 38779 11610.9428  104   98 11740.6800 10394.7951  11.5%   151 3187s
 46931 38932 10846.3583   45  330 11740.6800 10394.9308  11.5%   151 3202s
 47134 39119 11172.7693   72   61 11740.6800 10395.3030  11.5%   151 3218s
 47387 39306 10633.2910   42  184 11740.6800 10396.0135  11.5%   151 3230s
 47599 39436 10857.1784   47  159 11740.6800 10396.4973  11.4%   151 3243s
 47775 39624 10536.3070   41  391 11740.6800 10397.0138  11.4%   151 3255s
 48007 39725 10737.2433   45  289 11740.6800 10397.9668  11.4%   151 3267s
 48135 39848 11105.9209   57  144 11740.6800 10398.4481  11.4%   151 3279s
 48168 39848 11705.6077   90   26 11740.6800 10398.4481  11.4%   151 3280s
 48288 39939 11703.2690   68   56 11740.6800 10399.6298  11.4%   152 3291s
 48399 40149 11288.9178   91  172 11740.6800 10399.7250  11.4%   152 3305s
 48678 40293 10649.8853   47  261 11740.6800 10400.2986  11.4%   152 3319s
 48761 40293 11657.2534  125   82 11740.6800 10400.2986  11.4%   152 3320s
 48854 40384 10850.7839   48  244 11740.6800 10400.4419  11.4%   152 3331s
 48969 40441 11067.0661   56  168 11740.6800 10401.0626  11.4%   152 3344s
 49044 40515 10648.2142   45  376 11740.6800 10401.2708  11.4%   152 3356s
 49118 40707 11189.1326   69  170 11740.6800 10401.4094  11.4%   153 3368s
 49289 40707 11413.9015   78  144 11740.6800 10401.4365  11.4%   152 3370s
 49357 40889 11515.3417   79  205 11740.6800 10401.5270  11.4%   152 3382s
 49573 41007 11610.8052   94   87 11740.6800 10401.5675  11.4%   152 3395s
 49710 41118 11229.8811   65  193 11740.6800 10401.6424  11.4%   152 3407s
 49840 41239 10792.2060   54  375 11740.6800 10402.3609  11.4%   153 3419s
 49995 41357 10628.4140   40  432 11740.6800 10402.6437  11.4%   153 3431s
 50146 41463 10736.1828   40  382 11740.6800 10402.9840  11.4%   153 3444s
 50186 41463 11655.1985   79   70 11740.6800 10402.9840  11.4%   153 3445s
 50311 41581 10766.3298   47  239 11740.6800 10403.2960  11.4%   153 3457s
 50462 41653     cutoff   77      11740.6800 10403.4119  11.4%   153 3470s
 50545 41793 10996.5787   56  191 11740.6800 10404.4682  11.4%   153 3482s
 50713 42069 11420.6273   76  206 11740.6800 10404.8120  11.4%   153 3496s
 51041 42177 10902.1166   57  274 11740.6800 10405.0098  11.4%   153 3510s
 51165 42346 10953.0136   56  339 11740.6800 10405.1716  11.4%   153 3523s
 51363 42456 10963.4971   56  252 11740.6800 10405.3526  11.4%   153 3536s
 51514 42566 10810.6643   50  357 11740.6800 10405.5815  11.4%   153 3548s
 51632 42726 11609.2803   96  217 11740.6800 10406.1469  11.4%   153 3561s
 51842 42924 10639.6325   43  472 11740.6800 10406.5518  11.4%   153 3574s
 51899 42924 10768.2943   50  246 11740.6800 10406.5518  11.4%   154 3575s
 52052 43013 11579.2201  100  246 11740.6800 10406.9438  11.4%   153 3588s
 52169 43100 10699.9962   43  331 11740.6800 10407.4421  11.4%   154 3599s
 52241 43101 10952.3437   48  389 11740.6800 10407.5476  11.4%   154 3600s

Cutting planes:
  User: 5465
  Gomory: 19
  Cover: 406
  Implied bound: 124
  Projected implied bound: 14
  Clique: 19
  MIR: 129
  Flow cover: 245
  Zero half: 47
  RLT: 236
  Relax-and-lift: 1
  Lazy constraints: 2992

Explored 52276 nodes (8046533 simplex iterations) in 3600.33 seconds
Thread count was 2 (of 32 available processors)

Solution count 8: 11740.7 11740.8 11745.7 ... 13332.9

Time limit reached
Best objective 1.174068000000e+04, best bound 1.040754755521e+04, gap 11.3548%

