




arguments: ./build/bc_mirp -f ./input/orig_exec_217.cfg
Current dir: /scratch/gui/bc_mirp
File verbosity level: 9
date       time         ( uptime  ) [ thread name/id ]                   file:line     v| 
2021-02-14 09:13:47.853 (   0.497s) [main thread     ]             loguru.cpp:789   INFO| Logging to './output/vi_vc+vr/OU/V4/Original/execution_14_02_2021_09_13_47.log', mode: 'a', verbosity: 9
--------------------------------------------------------------------------------
Parameters
                           instance_path           ./input/Instances/Original/5/
                            model_policy                                       1
                             nb_vehicles                                       4
                              output_dir       ./output/vi_vc+vr/OU/V4/Original/
                            sec_strategy                                       1
                       solver_nb_threads                                       2
                         solver_show_log                                    true
                       solver_time_limit                                    3600
                              use_vi_cos                                   false
                              use_vi_cus                                   false
                         use_vi_hc1_full                                   false
                         use_vi_hc1_half                                   false
                      use_vi_hc1_quarter                                   false
                              use_vi_hc2                                   false
                              use_vi_hc3                                   false
                         use_vi_lex_full                                   false
                         use_vi_lex_half                                   false
                      use_vi_lex_quarter                                   false
                              use_vi_qua                                   false
                               use_vi_vc                                    true
                               use_vi_vr                                    true
--------------------------------------------------------------------------------
executing instance: ./input/Instances/Original/5/absH3low_4n50.dat
--------------------------------------------------------------------------------
Instance details
n	51
H	3
C	4066
Li:
[0, 0, 0, 0, 0, 0, 0, 0, 0, 0, 0, 0, 0, 0, 0, 0, 0, 0, 0, 0, 0, 0, 0, 0, 0, 0, 0, 0, 0, 0, 0, 0, 0, 0, 0, 0, 0, 0, 0, 0, 0, 0, 0, 0, 0, 0, 0, 0, 0, 0, 0, ]
Ui:
[0, 108, 126, 122, 66, 120, 48, 30, 128, 54, 158, 198, 36, 66, 210, 234, 147, 297, 171, 128, 116, 120, 219, 70, 294, 207, 134, 128, 234, 122, 22, 183, 195, 255, 132, 124, 66, 189, 219, 66, 128, 102, 288, 66, 87, 136, 36, 39, 282, 36, 237, ]
Distance matrix:
|0	210	444	498	509	104	438	228	487	304	456	434	526	476	163	47	293	396	293	290	313	85	280	437	293	336	409	106	449	376	433	478	193	404	404	534	278	181	380	507	189	438	263	473	353	216	202	218	452	254	465	|
|210	0	299	507	359	106	345	409	358	411	320	402	555	448	136	200	289	264	306	427	141	222	83	348	264	320	283	303	380	208	258	357	170	348	475	542	243	347	355	379	65	479	172	373	355	251	112	229	402	210	300	|
|444	299	0	363	65	358	116	542	66	440	26	241	425	272	282	407	251	51	276	490	159	397	224	124	217	237	48	490	170	99	83	74	261	180	430	385	214	479	231	85	270	390	184	116	271	300	409	276	210	215	54	|
|498	507	363	0	385	482	246	424	326	254	343	123	63	93	388	452	221	337	211	314	428	414	480	239	243	187	324	463	194	418	438	307	346	188	156	36	264	392	156	326	444	87	340	258	154	286	603	294	153	297	417	|
|509	359	65	385	0	422	145	602	59	492	59	269	448	292	348	472	305	115	329	545	218	462	281	152	274	286	106	554	192	153	116	78	326	216	472	403	274	540	271	63	334	425	249	127	316	361	468	337	233	278	69	|
|104	106	358	482	422	0	372	309	408	337	374	396	521	441	98	96	262	314	271	342	215	124	177	373	249	302	329	198	394	281	337	402	139	353	419	518	230	250	343	428	90	437	188	405	328	200	134	188	406	199	372	|
|438	345	116	246	145	372	0	485	87	357	97	126	309	155	279	394	180	101	200	414	223	373	288	8	157	150	84	459	53	188	196	68	245	72	328	269	165	427	128	97	297	280	184	36	175	250	456	233	94	184	170	|
|228	409	542	424	602	309	485	0	561	170	544	419	424	446	298	214	305	491	286	115	462	187	457	480	331	339	496	124	470	510	565	545	295	424	279	454	329	66	376	576	363	340	370	520	330	242	429	266	453	328	581	|
|487	358	66	326	59	408	87	561	0	441	40	211	389	233	324	446	258	95	281	497	220	431	287	95	230	234	79	522	133	164	146	19	297	160	415	344	233	500	215	21	323	367	224	68	261	320	470	299	174	242	106	|
|304	411	440	254	492	337	357	170	441	0	434	266	255	286	275	266	189	392	164	63	408	225	428	351	224	207	392	234	330	438	484	424	250	287	112	284	232	149	233	453	349	170	302	389	185	168	471	195	305	248	487	|
|456	320	26	343	59	374	97	544	40	434	0	223	406	252	294	418	247	60	271	487	181	405	247	105	215	229	49	498	149	124	109	48	270	165	419	364	215	482	218	60	288	375	194	92	261	302	431	279	190	220	75	|
|434	402	241	123	269	396	126	419	211	266	223	0	185	46	298	387	140	213	145	328	310	355	366	118	147	97	201	425	78	295	315	191	256	65	211	151	166	371	53	215	343	157	231	145	90	220	505	217	41	198	295	|
|526	555	425	63	448	521	309	424	389	255	406	185	0	156	430	481	266	398	252	310	485	442	534	301	293	237	386	480	257	478	500	370	390	249	145	55	313	401	212	389	491	89	392	321	201	322	646	334	216	345	479	|
|476	448	272	93	292	441	155	446	233	286	252	46	156	0	343	429	183	250	184	348	353	396	411	148	192	140	236	461	102	334	350	214	302	106	214	113	212	402	98	233	389	151	277	165	125	261	551	260	62	244	325	|
|163	136	282	388	348	98	279	298	324	275	294	298	430	343	0	124	167	234	178	296	167	121	162	279	151	205	247	216	297	224	280	316	42	256	340	423	132	232	246	344	74	349	100	314	233	115	216	97	308	101	307	|
|47	200	407	452	472	96	394	214	446	266	418	387	481	429	124	0	246	358	245	259	284	41	261	392	247	289	370	103	403	345	402	436	150	358	361	488	232	158	333	466	165	393	223	430	306	168	217	171	406	210	431	|
|293	289	251	221	305	262	180	305	258	189	247	140	266	183	167	246	0	204	26	240	238	215	276	175	37	43	203	289	169	255	297	242	125	122	202	257	52	248	87	272	225	191	134	215	67	80	382	77	163	81	298	|
|396	264	51	337	115	314	101	491	95	392	60	213	398	250	234	358	204	0	229	442	130	347	196	108	169	194	19	440	152	87	102	93	211	149	390	363	165	428	194	116	228	355	134	117	230	250	376	225	189	164	95	|
|293	306	276	211	329	271	200	286	281	164	271	145	252	184	178	245	26	229	0	216	262	212	297	195	63	53	228	280	184	280	323	264	138	137	178	248	76	232	95	294	241	173	156	234	60	77	395	83	172	102	324	|
|290	427	490	314	545	342	414	115	497	63	487	328	310	348	296	259	240	442	216	0	443	220	456	408	273	264	443	204	390	479	529	480	278	346	165	343	278	115	293	509	369	229	340	447	244	202	473	230	366	288	536	|
|313	141	159	428	218	215	223	462	220	408	181	310	485	353	167	284	238	130	262	443	0	288	67	228	202	252	149	382	267	67	122	221	168	247	440	459	186	396	273	241	125	423	107	245	291	242	251	214	297	162	160	|
|85	222	397	414	462	124	373	187	431	225	405	355	442	396	121	41	215	347	212	220	288	0	273	371	221	258	357	95	378	344	401	420	136	331	321	450	208	126	302	450	177	353	213	409	272	136	253	143	377	190	426	|
|280	83	224	480	281	177	288	457	287	428	247	366	534	411	162	261	276	196	297	456	67	273	0	292	243	298	215	363	329	128	176	288	179	305	475	513	224	392	324	307	96	466	143	311	335	261	187	235	357	195	219	|
|437	348	124	239	152	373	8	480	95	351	105	118	301	148	279	392	175	108	195	408	228	371	292	0	154	144	91	456	46	194	203	76	244	65	320	261	163	423	121	103	299	273	185	40	168	247	459	230	86	183	178	|
|293	264	217	243	274	249	157	331	230	224	215	147	293	192	151	247	37	169	63	273	202	221	243	154	0	57	170	303	157	217	260	215	110	111	238	278	21	271	94	245	201	223	100	193	92	93	362	78	160	54	263	|
|336	320	237	187	286	302	150	339	234	207	229	97	237	140	205	289	43	194	53	264	252	258	298	144	57	0	190	331	131	257	294	216	163	84	197	221	77	285	44	246	258	172	155	183	39	123	418	119	120	110	288	|
|409	283	48	324	106	329	84	496	79	392	49	201	386	236	247	370	203	19	228	443	149	357	215	91	170	190	0	449	136	105	114	75	221	138	384	349	168	434	185	99	245	346	146	98	224	255	394	231	174	171	99	|
|106	303	490	463	554	198	459	124	522	234	498	425	480	461	216	103	289	440	280	204	382	95	363	456	303	331	449	0	458	439	496	510	229	410	344	498	293	89	374	540	267	391	307	495	336	211	308	226	451	280	520	|
|449	380	170	194	192	394	53	470	133	330	149	78	257	102	297	403	169	152	184	390	267	378	329	46	157	131	136	458	0	238	249	114	259	47	287	216	171	416	96	137	327	235	211	67	145	247	488	235	41	197	223	|
|376	208	99	418	153	281	188	510	164	438	124	295	478	334	224	345	255	87	280	479	67	344	128	194	217	257	105	439	238	0	57	169	216	230	453	445	206	445	268	184	191	427	141	202	296	278	315	250	274	191	92	|
|433	258	83	438	116	337	196	565	146	484	109	315	500	350	280	402	297	102	323	529	122	401	176	203	260	294	114	496	249	57	0	157	271	252	490	463	251	499	296	162	247	457	195	199	331	329	362	302	288	241	47	|
|478	357	74	307	78	402	68	545	19	424	48	191	370	214	316	436	242	93	264	480	221	420	288	76	215	216	75	510	114	169	157	0	287	141	396	325	219	485	196	31	319	347	216	49	243	306	469	286	154	230	120	|
|193	170	261	346	326	139	245	295	297	250	270	256	390	302	42	150	125	211	138	278	168	136	179	244	110	163	221	229	259	216	271	287	0	216	305	382	91	229	204	316	105	310	78	280	192	83	257	60	268	62	292	|
|404	348	180	188	216	353	72	424	160	287	165	65	249	106	256	358	122	149	137	346	247	331	305	65	111	84	138	410	47	230	252	141	216	0	255	215	126	369	56	168	292	210	177	102	103	200	454	189	54	155	234	|
|404	475	430	156	472	419	328	279	415	112	419	211	145	214	340	361	202	390	178	165	440	321	475	320	238	197	384	344	287	453	490	396	305	255	0	181	254	261	201	422	410	69	335	353	160	225	551	246	252	280	482	|
|534	542	385	36	403	518	269	454	344	284	364	151	55	113	423	488	257	363	248	343	459	450	513	261	278	221	349	498	216	445	463	325	382	215	181	0	298	425	189	342	479	115	373	276	190	323	638	330	175	332	439	|
|278	243	214	264	274	230	165	329	233	232	215	166	313	212	132	232	52	165	76	278	186	208	224	163	21	77	168	293	171	206	251	219	91	126	254	298	0	267	114	250	181	242	82	202	112	88	341	68	177	33	258	|
|181	347	479	392	540	250	427	66	500	149	482	371	401	402	232	158	248	428	232	115	396	126	392	423	271	285	434	89	416	445	499	485	229	369	261	425	267	0	325	516	298	313	305	463	281	180	375	203	403	264	516	|
|380	355	231	156	271	343	128	376	215	233	218	53	212	98	246	333	87	194	95	293	273	302	324	121	94	44	185	374	96	268	296	196	204	56	201	189	114	325	0	224	294	161	185	157	49	167	455	163	78	147	284	|
|507	379	85	326	63	428	97	576	21	453	60	215	389	233	344	466	272	116	294	509	241	450	307	103	245	246	99	540	137	184	162	31	316	168	422	342	250	516	224	0	344	371	244	70	271	337	490	317	176	261	120	|
|189	65	270	444	334	90	297	363	323	349	288	343	491	389	74	165	225	228	241	369	125	177	96	299	201	258	245	267	327	191	247	319	105	292	410	479	181	298	294	344	0	414	116	328	291	187	163	165	345	147	282	|
|438	479	390	87	425	437	280	340	367	170	375	157	89	151	349	393	191	355	173	229	423	353	466	273	223	172	346	391	235	427	457	347	310	210	69	115	242	313	161	371	414	0	323	301	133	238	565	253	197	273	444	|
|263	172	184	340	249	188	184	370	224	302	194	231	392	277	100	223	134	134	156	340	107	213	143	185	100	155	146	307	211	141	195	216	78	177	335	373	82	305	185	244	116	323	0	217	192	138	278	110	230	55	214	|
|473	373	116	258	127	405	36	520	68	389	92	145	321	165	314	430	215	117	234	447	245	409	311	40	193	183	98	495	67	202	199	49	280	102	353	276	202	463	157	70	328	301	217	0	205	286	485	269	106	220	167	|
|353	355	271	154	316	328	175	330	261	185	261	90	201	125	233	306	67	230	60	244	291	272	335	168	92	39	224	336	145	296	331	243	192	103	160	190	112	281	49	271	291	133	192	205	0	138	449	141	123	145	323	|
|216	251	300	286	361	200	250	242	320	168	302	220	322	261	115	168	80	250	77	202	242	136	261	247	93	123	255	211	247	278	329	306	83	200	225	323	88	180	167	337	187	238	138	286	138	0	328	28	243	88	340	|
|202	112	409	603	468	134	456	429	470	471	431	505	646	551	216	217	382	376	395	473	251	253	187	459	362	418	394	308	488	315	362	469	257	454	551	638	341	375	455	490	163	565	278	485	449	328	0	313	508	308	406	|
|218	229	276	294	337	188	233	266	299	195	279	217	334	260	97	171	77	225	83	230	214	143	235	230	78	119	231	226	235	250	302	286	60	189	246	330	68	203	163	317	165	253	110	269	141	28	313	0	235	61	315	|
|452	402	210	153	233	406	94	453	174	305	190	41	216	62	308	406	163	189	172	366	297	377	357	86	160	120	174	451	41	274	288	154	268	54	252	175	177	403	78	176	345	197	230	106	123	243	508	235	0	207	264	|
|254	210	215	297	278	199	184	328	242	248	220	198	345	244	101	210	81	164	102	288	162	190	195	183	54	110	171	280	197	191	241	230	62	155	280	332	33	264	147	261	147	273	55	220	145	88	308	61	207	0	253	|
|465	300	54	417	69	372	170	581	106	487	75	295	479	325	307	431	298	95	324	536	160	426	219	178	263	288	99	520	223	92	47	120	292	234	482	439	258	516	284	120	282	444	214	167	323	340	406	315	264	253	0	|

--------------------------------------------------------------------------------
Building model...
	using lazy and cut (CVRPSEP package)
Solving IRP LP...
--------------------------------------------------------------------------------

Gurobi 9.1.0 (linux64) logging started Sun Feb 14 09:13:48 2021

Gurobi Optimizer version 9.1.0 build v9.1.0rc0 (linux64)
Thread count: 32 physical cores, 32 logical processors, using up to 2 threads
Optimize a model with 2490 rows, 16716 columns and 37914 nonzeros
Model fingerprint: 0xc8a7ceb3
Variable types: 804 continuous, 15912 integer (612 binary)
Coefficient statistics:
  Matrix range     [1e+00, 1e+03]
  Objective range  [1e-02, 6e+02]
  Bounds range     [1e+00, 3e+02]
  RHS range        [1e+00, 7e+03]
Presolve removed 1117 rows and 714 columns
Presolve time: 0.15s
Presolved: 1373 rows, 16002 columns, 34442 nonzeros
Variable types: 496 continuous, 15506 integer (14888 binary)

Root relaxation: objective 3.476966e+03, 1702 iterations, 0.05 seconds

    Nodes    |    Current Node    |     Objective Bounds      |     Work
 Expl Unexpl |  Obj  Depth IntInf | Incumbent    BestBd   Gap | It/Node Time

     0     0 3476.96592    0  152          - 3476.96592      -     -    0s
     0     0 3731.05395    0  166          - 3731.05395      -     -    0s
     0     0 3731.40609    0  147          - 3731.40609      -     -    0s
     0     0 4280.07033    0  251          - 4280.07033      -     -    1s
     0     0 4314.67133    0  244          - 4314.67133      -     -    1s
     0     0 4315.50631    0  251          - 4315.50631      -     -    1s
     0     0 4315.67160    0  261          - 4315.67160      -     -    1s
     0     0 4556.68589    0  335          - 4556.68589      -     -    1s
     0     0 4582.25252    0  273          - 4582.25252      -     -    1s
     0     0 4582.40064    0  255          - 4582.40064      -     -    1s
     0     0 4683.47233    0  368          - 4683.47233      -     -    2s
     0     0 4697.96718    0  344          - 4697.96718      -     -    2s
     0     0 4698.86627    0  384          - 4698.86627      -     -    2s
     0     0 4767.58669    0  398          - 4767.58669      -     -    3s
     0     0 4773.15946    0  402          - 4773.15946      -     -    5s
     0     0 4783.34347    0  428          - 4783.34347      -     -    5s
     0     0 4790.56730    0  388          - 4790.56730      -     -    5s
     0     0 4794.00938    0  381          - 4794.00938      -     -    5s
     0     0 4795.40014    0  411          - 4795.40014      -     -    5s
     0     0 4828.96551    0  388          - 4828.96551      -     -    6s
     0     0 4843.84937    0  503          - 4843.84937      -     -    6s
     0     0 4849.98751    0  436          - 4849.98751      -     -    6s
     0     0 4851.29962    0  454          - 4851.29962      -     -    7s
     0     0 4857.11657    0  341          - 4857.11657      -     -    7s
     0     0 4860.47494    0  389          - 4860.47494      -     -    7s
     0     0 4862.09653    0  375          - 4862.09653      -     -    7s
     0     0 4870.34844    0  371          - 4870.34844      -     -    8s
     0     0 4870.34844    0  297          - 4870.34844      -     -    8s
     0     2 4870.34844    0  255          - 4870.34844      -     -   10s
    42    45 5069.35249   14  267          - 4884.88308      -   371   15s
   158   177 5740.89013   70   51          - 4884.88308      -   218   20s
*  365   362             192    8707.6900000 4884.97710  43.9%   124   23s
*  378   363             191    8612.6900000 4886.69926  43.3%   124   25s
   408   392 5241.76851   10  281 8612.69000 4886.69926  43.3%   143   31s
   436   420 5240.40159   14  291 8612.69000 4886.69926  43.3%   159   43s
   455   445 5289.72331   20  253 8612.69000 4886.69926  43.3%   161   45s
   528   525 5407.23243   27  230 8612.69000 4886.69926  43.3%   160   50s
   588   601 5458.46611   31  237 8612.69000 4886.69926  43.3%   161   56s
   690   681 7263.69673  185  126 8612.69000 4886.69926  43.3%   148   60s
   755   737 5112.28323   18  297 8612.69000 4886.69926  43.3%   141   66s
   757   738 8228.56000  180  171 8612.69000 4886.69926  43.3%   141   70s
   759   740 6387.10008  106  440 8612.69000 4886.69926  43.3%   141   75s
   770   747 5705.42312   56  556 8612.69000 4900.88613  43.1%   139   80s
   778   752 5121.53081   23  634 8612.69000 4909.39172  43.0%   137   85s
   783   756 8278.28000  180  668 8612.69000 4913.36518  43.0%   136   90s
   788   759 6820.42784  142  790 8612.69000 4922.19700  42.8%   135   95s
   796   764 7736.01249  214  766 8612.69000 4925.83649  42.8%   134  101s
   801   768 6927.81825  143  736 8612.69000 4929.31677  42.8%   133  105s
   808   772 5730.94141   77  764 8612.69000 4933.02882  42.7%   132  111s
   815   777 7688.93082  171  745 8612.69000 4934.97409  42.7%   131  119s
   816   778 7259.60444  181  752 8612.69000 4935.21679  42.7%   131  120s
   818   779 6476.52907  109  755 8612.69000 4935.33324  42.7%   130  127s
   820   780 5960.38614   87  771 8612.69000 4935.81160  42.7%   130  130s
   822   782 4971.98636   11  770 8612.69000 4935.81160  42.7%   130  136s
   829   789 4943.39366   17  742 8612.69000 4939.80518  42.6%   162  140s
   845   800 4980.92581   21  597 8612.69000 4950.63635  42.5%   172  145s
   852   806 4996.11458   22  608 8612.69000 4950.63635  42.5%   176  150s
   871   817 5122.10321   26  551 8612.69000 4950.63635  42.5%   189  156s
   879   823 5115.50839   28  595 8612.69000 4950.63635  42.5%   195  160s
   895   835 5068.83041   32  672 8612.69000 4950.63635  42.5%   203  165s
   906   843 5074.53782   34  555 8612.69000 4950.63635  42.5%   207  181s
   927   862 5140.56618   38  469 8612.69000 4950.63635  42.5%   218  186s
   963   885 5220.48207   48  332 8612.69000 4950.63635  42.5%   222  191s
   991   899 5278.81173   56  279 8612.69000 4950.63635  42.5%   224  196s
  1019   920 5383.82057   64  263 8612.69000 4950.63635  42.5%   224  200s
  1117  1035 5654.32172   89  206 8612.69000 4950.63635  42.5%   217  205s
  1306  1110 6218.31491  129   72 8612.69000 4950.63635  42.5%   197  210s
  1436  1273 6688.99544  179   88 8612.69000 4950.63635  42.5%   186  215s
  1566  1290 7730.06873  181   75 8612.69000 4950.63635  42.5%   174  220s
  1666  1303 infeasible  249      8612.69000 4951.64625  42.5%   168  228s
  1674  1304 5023.98719   22  654 8612.69000 4951.64625  42.5%   169  231s
  1684  1313 5065.19312   23  416 8612.69000 4951.64625  42.5%   173  235s
  1710  1332 5083.07774   26  729 8612.69000 4951.64625  42.5%   177  240s
  1736  1358 5099.61885   29  644 8612.69000 4951.64625  42.5%   180  245s
  1776  1388 5138.37654   35  352 8612.69000 4951.64625  42.5%   183  250s
  1834  1438 5220.29810   42  301 8612.69000 4951.64625  42.5%   185  255s
  1885  1476 5261.77579   48  273 8612.69000 4951.64625  42.5%   185  260s
  1966  1513 5375.77931   58  201 8612.69000 4951.64625  42.5%   183  277s
H 1986  1468                    8520.1800000 4951.64625  41.9%   183  282s
  2038  1512 5578.81143   71  222 8520.18000 4951.64625  41.9%   181  287s
  2103  1567 5960.53566   87  175 8520.18000 4951.64625  41.9%   180  293s
  2132  1625 5921.77582   91  188 8520.18000 4951.64625  41.9%   180  295s
  2202  1643 6135.13833  104   85 8520.18000 4951.64625  41.9%   177  301s
  2273  1679 6187.92290  105  107 8520.18000 4951.64625  41.9%   174  305s
  2402  1757 6887.39309  157  105 8520.18000 4951.64625  41.9%   170  312s
  2454  1815 8005.28936  178   50 8520.18000 4974.18276  41.6%   168  317s
  2569  1791 4980.65054   21  748 8520.18000 4974.18276  41.6%   163  321s
  2583  1801 5039.93432   23  723 8520.18000 4974.18276  41.6%   167  327s
  2591  1806 5129.12724   24  426 8520.18000 4974.18276  41.6%   168  330s
  2610  1826 5112.41423   29  682 8520.18000 4974.18276  41.6%   172  337s
  2625  1832 5168.22694   33  642 8520.18000 4974.18276  41.6%   173  340s
  2657  1863 5328.90603   41  259 8520.18000 4974.18276  41.6%   176  348s
  2678  1884 5378.79141   43  287 8520.18000 4974.18276  41.6%   177  351s
  2706  1918 5415.70409   48  213 8520.18000 4974.18276  41.6%   178  355s
  2763  1957 5582.13701   68  122 8520.18000 4974.18276  41.6%   178  360s
  2807  2037 5870.30368   74  108 8520.18000 4974.18276  41.6%   178  365s
  2902  2181 5968.79873   93   65 8520.18000 4974.18276  41.6%   176  370s
  3078  2413 6274.97824  135   30 8520.18000 4975.63763  41.6%   170  377s
  3393  2521 infeasible  185      8520.18000 4977.72120  41.6%   158  383s
  3561  2539 5107.99542   23  627 8520.18000 4977.97956  41.6%   154  400s
  3603  2567 5530.79617   32  402 8520.18000 4977.97956  41.6%   157  408s
  3613  2587 5668.44920   39  335 8520.18000 4977.97956  41.6%   158  412s
  3633  2613 5818.13580   52  314 8520.18000 4977.97956  41.6%   160  417s
  3659  2663 6070.77425   70  311 8520.18000 4977.97956  41.6%   161  422s
  3709  2766 6674.84232  105  128 8520.18000 4984.00136  41.5%   161  429s
  3796  2766 8351.75250  187   25 8520.18000 4984.00136  41.5%   158  430s
  3876  2791     cutoff  190      8520.18000 4986.08334  41.5%   157  436s
  3902  2832 5088.10956   23  718 8520.18000 4986.08334  41.5%   158  441s
  3943  2936 5163.79278   23  597 8520.18000 4986.08334  41.5%   160  448s
  4047  3073 5306.76133   27  426 8520.18000 4986.08334  41.5%   159  456s
  4244  3136 5481.61255   30  375 8520.18000 4986.08334  41.5%   155  463s
  4317  3173 5765.03639   38  355 8520.18000 4986.08334  41.5%   155  470s
  4380  3275 6089.36464   51  176 8520.18000 4986.08334  41.5%   155  479s
  4436  3275 6625.06767   76  139 8520.18000 4986.08334  41.5%   155  480s
  4492  3458 7491.50906   92   52 8520.18000 4999.42427  41.3%   155  488s
  4662  3458 8417.14000  139    8 8520.18000 4999.42427  41.3%   150  490s
  4697  3490 5078.21491   23  603 8520.18000 4999.42427  41.3%   151  496s
  4729  3597 5322.83578   29  609 8520.18000 4999.42427  41.3%   152  503s
  4856  3604 8457.76000  175    - 8520.18000 4999.42427  41.3%   151  505s
  4870  3647 5585.37274   42  315 8520.18000 4999.42427  41.3%   151  511s
  4927  3742 6039.58703   81  121 8520.18000 5003.24125  41.3%   152  523s
  5050  3778     cutoff  174      8520.18000 5003.82168  41.3%   151  531s
  5083  3842 5263.28509   25  268 8520.18000 5003.82168  41.3%   154  538s
  5147  3921 5261.29751   31  289 8520.18000 5003.82168  41.3%   155  548s
  5266  3934 5333.91623   37  169 8520.18000 5003.82168  41.3%   154  597s
  5285  3954 5432.48510   39  226 8520.18000 5003.82168  41.3%   154  606s
  5305  3982 5490.09679   46  207 8520.18000 5003.82168  41.3%   156  614s
  5333  4034 5579.29691   56  145 8520.18000 5003.82168  41.3%   158  622s
  5385  4158 5701.59751   68  145 8520.18000 5003.82168  41.3%   159  634s
  5440  4158 5908.59554   71  192 8520.18000 5003.82168  41.3%   160  635s
  5468  4158 6246.28848   99  119 8520.18000 5003.82168  41.3%   160  641s
  5518  4345 5828.46294   93  204 8520.18000 5003.82168  41.3%   159  652s
  5717  4443 7062.50300  128   57 8520.18000 5011.20503  41.2%   158  663s
  5850  4552 7629.39000  143    - 8520.18000 5012.10823  41.2%   157  674s
  6013  4612 7724.47556  143   82 8520.18000 5012.25108  41.2%   156  688s
  6093  4682 infeasible  167      8520.18000 5012.32665  41.2%   157  699s
  6160  4760 5531.06913   32  435 8520.18000 5012.32665  41.2%   158  709s
  6188  4760 5797.72349   60  340 8520.18000 5012.32665  41.2%   158  710s
  6261  4792 5857.56734   63  308 8520.18000 5012.32665  41.2%   158  761s
  6296  4884 6541.44535   93  119 8520.18000 5018.25088  41.1%   159  772s
  6433  4924 8502.76000  168    - 8520.18000 5018.56872  41.1%   158  782s
  6466  4964     cutoff  168      8520.18000 5020.93461  41.1%   160  794s
  6509  5035 5596.35835   46  250 8520.18000 5023.05775  41.0%   162  805s
  6593  5105 5102.77513   24  669 8520.18000 5023.05775  41.0%   163  817s
  6663  5298 5458.23117   34  548 8520.18000 5023.05775  41.0%   164  830s
  6860  5544 5896.06273   62  227 8520.18000 5023.27804  41.0%   163  846s
  7250  5684 8237.17217  167   38 8520.18000 5024.28558  41.0%   157  864s
  7357  5772     cutoff  180      8520.18000 5028.60394  41.0%   159  881s
  7449  5957 5906.12036   72  185 8520.18000 5030.13747  41.0%   161  900s
  7674  6061 5235.30148   27  389 8520.18000 5033.59570  40.9%   160  919s
  7746  6061 5697.67735   60  147 8520.18000 5033.59570  40.9%   162  920s
  7773  6194 5371.52257   45  256 8520.18000 5033.59570  40.9%   163  935s
  7937  6471 5757.17492   70  119 8520.18000 5034.66014  40.9%   164  957s
  8238  6683 7155.41585  166   76 8520.18000 5035.12576  40.9%   163  976s
  8485  6732 7352.32500  174   19 8520.18000 5035.81214  40.9%   162  994s
  8516  6738 infeasible  213      8520.18000 5037.49127  40.9%   163  995s
  8542  6935 7508.85803  175   59 8520.18000 5039.22564  40.9%   164 1013s
  8667  6950 6368.19246   83  188 8520.18000 5039.29830  40.9%   164 1015s
  8811  6981     cutoff  196      8520.18000 5039.98352  40.8%   163 1030s
  8867  7059     cutoff  196      8520.18000 5040.93203  40.8%   165 1046s
  8953  7266 5853.40041   62  136 8520.18000 5042.70899  40.8%   167 1066s
  9201  7412 8454.00250  160   20 8520.18000 5043.37079  40.8%   166 1086s
  9366  7440 5227.15817   23  563 8520.18000 5045.67829  40.8%   167 1107s
  9412  7559 5373.64237   27  502 8520.18000 5045.67829  40.8%   167 1123s
  9531  7814 6093.92777   80  190 8520.18000 5048.28670  40.7%   168 1145s
  9869  7886     cutoff  176      8520.18000 5052.55526  40.7%   166 1164s
  9946  8036 5498.94716   42  404 8520.18000 5052.66213  40.7%   168 1183s
 10090  8039 5787.06444   83   10 8520.18000 5052.66213  40.7%   168 1185s
 10108  8286 5630.74807   77  150 8520.18000 5052.85994  40.7%   169 1203s
 10430  8377 6726.63000  154    4 8520.18000 5057.44054  40.6%   167 1223s
 10521  8472     cutoff  189      8520.18000 5058.68282  40.6%   168 1240s
 10614  8675 6347.51646   67  190 8520.18000 5060.23394  40.6%   170 1258s
 10892  8723 infeasible  162      8520.18000 5061.22111  40.6%   168 1277s
 10926  8777 5285.88150   39  496 8520.18000 5062.18601  40.6%   170 1294s
 10982  8929 5910.61969   57  214 8520.18000 5063.34644  40.6%   172 1316s
 11174  9036 6861.51298  132   73 8520.18000 5063.58265  40.6%   173 1334s
 11202  9038 7611.37879  158   34 8520.18000 5063.58265  40.6%   172 1335s
 11293  9176 8208.18667  178   10 8520.18000 5063.58535  40.6%   174 1353s
 11430  9289     cutoff  181      8520.18000 5063.82733  40.6%   175 1373s
 11593  9475 5695.37214   52  215 8520.18000 5065.24360  40.6%   175 1392s
 11823  9594     cutoff  167      8520.18000 5065.88998  40.5%   175 1413s
 11948  9674     cutoff  172      8520.18000 5066.69272  40.5%   175 1431s
 12049  9830 6528.54093   76  179 8520.18000 5067.01511  40.5%   176 1449s
 12091  9830 7288.01066  118  115 8520.18000 5067.01511  40.5%   176 1450s
 12214  9901 5536.81144   35  496 8520.18000 5067.01511  40.5%   177 1467s
 12298 10018 6456.43344   79  326 8520.18000 5068.20377  40.5%   178 1487s
H12450 10016                    8475.1800000 5068.83181  40.2%   177 1489s
 12469 10111     cutoff  181      8475.18000 5068.91766  40.2%   178 1509s
 12580 10308 5523.44954   44  426 8475.18000 5069.80294  40.2%   178 1531s
 12837 10366 infeasible  174      8475.18000 5070.97570  40.2%   177 1550s
 12905 10576 5940.61850   56  260 8475.18000 5071.24773  40.2%   179 1574s
 12924 10576 6173.76752   75  165 8475.18000 5071.24773  40.2%   179 1575s
 13158 10656     cutoff  190      8475.18000 5071.30740  40.2%   178 1595s
 13240 10878 5686.26176   43  272 8475.18000 5071.45391  40.2%   179 1618s
 13507 10904 infeasible  144      8475.18000 5071.60659  40.2%   178 1637s
 13542 11048 5844.09459   35  386 8475.18000 5071.82286  40.2%   179 1663s
 13720 11177 infeasible  147      8475.18000 5073.18319  40.1%   179 1685s
H13722 11156                    8441.3100000 5073.18319  39.9%   179 1685s
 13857 11300 5652.39596   42  294 8441.31000 5073.96325  39.9%   179 1708s
 14035 11364 8250.71000  145   73 8441.31000 5074.79538  39.9%   179 1727s
 14112 11417 infeasible  158      8441.31000 5075.29268  39.9%   180 1747s
 14167 11637 6392.10422   63  101 8441.31000 5076.48403  39.9%   182 1769s
 14196 11637 6916.93392   91   72 8441.31000 5076.48403  39.9%   182 1770s
 14421 11639     cutoff  145      8441.31000 5077.09266  39.9%   181 1854s
 14424 11686 5261.50514   23  447 8441.31000 5077.09266  39.9%   181 1875s
 14471 11811 5738.70861   32  401 8441.31000 5077.09266  39.9%   182 1933s
 14615 12011 6049.16337   47  351 8441.31000 5077.09266  39.9%   183 1959s
 14629 12011 6181.04745   53  281 8441.31000 5077.09266  39.9%   183 1960s
 14820 12216 7702.57747  109   20 8441.31000 5077.48486  39.8%   183 1983s
 15110 12292 infeasible  140      8441.31000 5077.61443  39.8%   181 2005s
 15170 12459 5807.60145   57  241 8441.31000 5078.07583  39.8%   183 2026s
 15408 12613 infeasible  191      8441.31000 5078.30597  39.8%   182 2049s
 15442 12613 5971.70174   57  104 8441.31000 5078.30597  39.8%   183 2050s
 15564 12799 5982.33911   60   72 8441.31000 5078.44278  39.8%   182 2072s
 15795 12833 8440.05000  172    - 8441.31000 5079.10020  39.8%   182 2093s
 15828 12899 5579.94005   29  325 8441.31000 5079.99936  39.8%   183 2111s
 15890 13020 6270.15940   42  408 8441.31000 5079.99936  39.8%   185 2131s
 16011 13308 7254.92718   70  111 8441.31000 5080.66021  39.8%   186 2158s
 16361 13378 5296.28947   34  553 8441.31000 5081.50421  39.8%   184 2179s
 16389 13378 5550.46516   44  239 8441.31000 5081.50421  39.8%   185 2180s
 16431 13690 5578.19252   52  203 8441.31000 5081.50421  39.8%   186 2205s
 16799 14011 6038.50099  105  136 8441.31000 5081.72469  39.8%   184 2232s
 17215 14125 infeasible  181      8441.31000 5081.89625  39.8%   183 2254s
 17303 14135 5578.01906   45  381 8441.31000 5082.12186  39.8%   183 2255s
 17312 14228 5930.46170   58  128 8441.31000 5082.14753  39.8%   183 2275s
 17447 14285     cutoff  151      8441.31000 5082.70912  39.8%   184 2294s
 17501 14432 infeasible  153      8441.31000 5083.10235  39.8%   185 2321s
 17674 14502 6010.86409   64  215 8441.31000 5083.16200  39.8%   185 2344s
 17784 14684 5507.31715   38  525 8441.31000 5083.20469  39.8%   185 2366s
 17980 14792 7106.01517  134   72 8441.31000 5083.97891  39.8%   186 2387s
 18120 14853 infeasible  177      8441.31000 5084.14548  39.8%   186 2406s
 18181 15009 6199.90729   66  246 8441.31000 5084.79696  39.8%   187 2428s
 18340 15009 8092.64070  141   60 8441.31000 5084.91716  39.8%   187 2430s
 18371 15129 5577.60116   55  384 8441.31000 5085.25424  39.8%   187 2449s
 18441 15132 7214.54687  122   16 8441.31000 5085.25424  39.8%   187 2450s
 18518 15300 8193.04140  160   33 8441.31000 5085.37325  39.8%   187 2471s
 18722 15349 infeasible  170      8441.31000 5088.21586  39.7%   187 2491s
 18771 15561 5644.05910   40  345 8441.31000 5089.45313  39.7%   188 2513s
 18943 15569 7274.14348  113   27 8441.31000 5089.96704  39.7%   188 2515s
 19021 15645 7792.22124  124   39 8441.31000 5090.02135  39.7%   187 2534s
 19063 15662 8326.29000  141    - 8441.31000 5090.02135  39.7%   187 2535s
 19167 15723 infeasible  144      8441.31000 5090.54445  39.7%   188 2555s
 19234 15916 5940.22407   47  255 8441.31000 5090.60296  39.7%   189 2577s
 19463 16017 5275.74821   34  147 8441.31000 5090.63757  39.7%   188 2599s
 19553 16314 5517.53254   54  290 8441.31000 5090.63757  39.7%   189 2625s
H19893 16326                    8305.8900000 5090.63757  38.7%   188 2653s
 20201 16378 7829.03000  185    - 8305.89000 5092.95806  38.7%   186 2655s
 20274 16443 infeasible  187      8305.89000 5093.66809  38.7%   187 2674s
 20312 16443 5902.65105   51  231 8305.89000 5093.66809  38.7%   187 2675s
 20353 16641 6101.98758   68  298 8305.89000 5094.22417  38.7%   187 2695s
 20596 16729 8273.57500  144   30 8305.89000 5094.57707  38.7%   187 2877s
 20701 16731     cutoff  146      8305.89000 5095.18042  38.7%   187 2919s
 20705 16872 5264.26625   27  533 8305.89000 5095.18042  38.7%   188 2940s
 20858 17081 5764.39746   56  149 8305.89000 5095.18042  38.7%   188 2964s
 20914 17081 6008.81069   81  157 8305.89000 5095.18042  38.7%   188 2965s
 21083 17241 6435.41465  108  166 8305.89000 5097.50847  38.6%   188 2987s
 21261 17243 6709.89034   71  186 8305.89000 5097.50847  38.6%   188 3027s
 21263 17384 6747.82207   72  122 8305.89000 5097.69770  38.6%   188 3047s
 21448 17451 5680.43090   44  536 8305.89000 5097.83911  38.6%   188 3076s
 21525 17554 6093.85765   92  274 8305.89000 5098.21240  38.6%   189 3097s
 21643 17690 infeasible  165      8305.89000 5098.43807  38.6%   189 3121s
 21823 17748     cutoff  165      8305.89000 5098.57042  38.6%   189 3142s
 21878 17823 5374.02773   51  371 8305.89000 5098.71276  38.6%   190 3162s
 21952 18023 5653.71169   73  246 8305.89000 5098.71276  38.6%   191 3186s
 22158 18309 6085.30539  124   40 8305.89000 5099.76068  38.6%   191 3214s
 22172 18310 6129.79862  131   95 8305.89000 5099.76068  38.6%   191 3215s
 22552 18481 7375.35907  153   44 8305.89000 5099.93912  38.6%   190 3239s
 22694 18501 8231.50000  205    - 8305.89000 5100.21428  38.6%   189 3240s
 22729 18565 7984.28000  163    - 8305.89000 5100.73629  38.6%   190 3261s
 22837 18604 8098.16000  163   21 8305.89000 5101.40761  38.6%   190 3282s
 22887 18673 8197.85000  167    - 8305.89000 5102.15490  38.6%   191 3303s
 22993 18864     cutoff  177      8305.89000 5102.25111  38.6%   191 3333s
 23198 18909 5401.28665   36  556 8305.89000 5102.66939  38.6%   191 3353s
 23240 19030 5580.36667   51  369 8305.89000 5102.66939  38.6%   192 3375s
 23361 19241 6006.81582  100  114 8305.89000 5102.81421  38.6%   193 3400s
 23626 19458 8031.61143  165   24 8305.89000 5103.65383  38.6%   192 3429s
 23900 19690 5718.36279   45  236 8305.89000 5103.77113  38.6%   192 3456s
 24160 19752     cutoff  187      8305.89000 5104.70272  38.5%   191 3479s
 24238 19950 5763.94781   59  213 8305.89000 5104.98409  38.5%   192 3502s
 24516 19998 7186.79000  140    - 8305.89000 5105.01165  38.5%   191 3523s
 24556 20087 5454.81580   41  377 8305.89000 5105.53697  38.5%   192 3546s
 24639 20318 5761.48530   76  115 8305.89000 5105.59379  38.5%   193 3572s
 24930 20556 7697.71000  157   14 8305.89000 5106.00579  38.5%   192 3600s

Cutting planes:
  User: 4175
  Gomory: 16
  Cover: 484
  Implied bound: 208
  Projected implied bound: 6
  Clique: 61
  MIR: 168
  StrongCG: 1
  Flow cover: 512
  GUB cover: 1
  Zero half: 92
  Network: 1
  RLT: 356
  Relax-and-lift: 6
  Lazy constraints: 7187

Explored 25276 nodes (4848232 simplex iterations) in 3602.57 seconds
Thread count was 2 (of 32 available processors)

Solution count 6: 8305.89 8441.31 8475.18 ... 8707.69

Time limit reached
Best objective 8.305890000000e+03, best bound 5.107171158402e+03, gap 38.5115%

User-callback calls 451959, time in user-callback 236.60 sec
================================================================================
executing instance: ./input/Instances/Original/5/absH3low_4n25.dat
--------------------------------------------------------------------------------
Instance details
n	26
H	3
C	2029
Li:
[0, 0, 0, 0, 0, 0, 0, 0, 0, 0, 0, 0, 0, 0, 0, 0, 0, 0, 0, 0, 0, 0, 0, 0, 0, 0, ]
Ui:
[0, 34, 165, 76, 88, 188, 58, 279, 52, 132, 198, 142, 135, 165, 186, 58, 201, 196, 40, 183, 32, 90, 168, 126, 93, 146, ]
Distance matrix:
|0	299	188	235	91	202	152	147	162	277	268	132	71	162	220	69	220	289	241	124	265	80	162	132	66	302	|
|299	0	468	431	282	142	317	425	443	569	193	178	359	302	422	231	93	28	511	325	457	242	434	215	240	601	|
|188	468	0	153	265	342	308	43	192	106	455	290	117	206	142	246	379	464	252	274	360	267	211	319	231	184	|
|235	431	153	0	326	289	386	145	321	240	482	269	184	129	15	258	339	436	393	355	477	305	336	354	237	334	|
|91	282	265	326	0	228	66	228	166	339	196	157	154	242	311	99	225	264	229	50	201	47	153	71	115	340	|
|202	142	342	289	228	0	285	301	363	447	255	73	245	161	281	139	53	151	440	278	428	181	360	187	136	495	|
|152	317	308	386	66	285	0	275	167	368	188	217	207	308	371	163	274	295	210	34	145	108	148	104	181	350	|
|147	425	43	145	228	301	275	0	179	146	415	248	76	172	131	203	337	421	248	242	341	227	195	279	188	211	|
|162	443	192	321	166	363	167	179	0	216	352	291	152	302	307	225	375	428	81	138	170	201	22	237	227	183	|
|277	569	106	240	339	447	368	146	216	0	535	391	210	312	232	341	481	562	245	335	381	352	238	402	329	106	|
|268	193	455	482	196	255	188	415	352	535	0	225	339	367	469	224	212	165	398	214	302	188	335	136	245	533	|
|132	178	290	269	157	73	217	248	291	391	225	0	183	145	258	66	91	175	367	207	358	110	287	127	67	431	|
|71	359	117	184	154	245	207	76	152	210	339	183	0	152	169	131	274	352	232	174	294	151	161	203	119	251	|
|162	302	206	129	242	161	308	172	302	312	367	145	152	0	120	153	210	308	383	284	426	208	309	249	132	383	|
|220	422	142	15	311	281	371	131	307	232	469	258	169	120	0	245	330	427	379	340	461	291	321	340	224	324	|
|69	231	246	258	99	139	163	203	225	341	224	66	131	153	245	0	152	222	301	147	299	57	221	97	22	371	|
|220	93	379	339	225	53	274	337	375	481	212	91	274	210	330	152	0	99	448	273	419	180	369	171	157	521	|
|289	28	464	436	264	151	295	421	428	562	165	175	352	308	427	222	99	0	493	305	434	227	418	196	234	590	|
|241	511	252	393	229	440	210	248	81	245	398	367	232	383	379	301	448	493	0	190	147	270	80	298	305	175	|
|124	325	274	355	50	278	34	242	138	335	214	207	174	284	340	147	273	305	190	0	152	97	122	110	162	320	|
|265	457	360	477	201	428	145	341	170	381	302	358	294	426	461	299	419	434	147	152	0	248	150	249	312	322	|
|80	242	267	305	47	181	108	227	201	352	188	110	151	208	291	57	180	227	270	97	248	0	192	52	76	366	|
|162	434	211	336	153	360	148	195	22	238	335	287	161	309	321	221	369	418	80	122	150	192	0	224	225	203	|
|132	215	319	354	71	187	104	279	237	402	136	127	203	249	340	97	171	196	298	110	249	52	224	0	118	409	|
|66	240	231	237	115	136	181	188	227	329	245	67	119	132	224	22	157	234	305	162	312	76	225	118	0	364	|
|302	601	184	334	340	495	350	211	183	106	533	431	251	383	324	371	521	590	175	320	322	366	203	409	364	0	|

--------------------------------------------------------------------------------
Building model...
	using lazy and cut (CVRPSEP package)
Solving IRP LP...
--------------------------------------------------------------------------------

Gurobi 9.1.0 (linux64) logging started Sun Feb 14 10:13:51 2021

Gurobi Optimizer version 9.1.0 build v9.1.0rc0 (linux64)
Thread count: 32 physical cores, 32 logical processors, using up to 2 threads
Optimize a model with 1265 rows, 4616 columns and 11489 nonzeros
Model fingerprint: 0x8e13ee4f
Variable types: 404 continuous, 4212 integer (312 binary)
Coefficient statistics:
  Matrix range     [1e+00, 5e+02]
  Objective range  [1e-02, 6e+02]
  Bounds range     [1e+00, 3e+02]
  RHS range        [1e+00, 3e+03]
Presolve removed 569 rows and 364 columns
