




arguments: ./build/bc_mirp -f ./input/orig_exec_265.cfg
Current dir: /scratch/gui/bc_mirp
File verbosity level: 9
date       time         ( uptime  ) [ thread name/id ]                   file:line     v| 
2021-02-17 04:41:07.083 (   0.177s) [main thread     ]             loguru.cpp:789   INFO| Logging to './output/vi_vc+vr/OU/V4/Original/execution_17_02_2021_04_41_06.log', mode: 'a', verbosity: 9
--------------------------------------------------------------------------------
Parameters
                           instance_path           ./input/Instances/Original/6/
                            model_policy                                       1
                             nb_vehicles                                       4
                              output_dir       ./output/vi_vc+vr/OU/V4/Original/
                            sec_strategy                                       1
                       solver_nb_threads                                       2
                         solver_show_log                                    true
                       solver_time_limit                                    3600
                              use_vi_cos                                   false
                              use_vi_cus                                   false
                         use_vi_hc1_full                                   false
                         use_vi_hc1_half                                   false
                      use_vi_hc1_quarter                                   false
                              use_vi_hc2                                   false
                              use_vi_hc3                                   false
                         use_vi_lex_full                                   false
                         use_vi_lex_half                                   false
                      use_vi_lex_quarter                                   false
                              use_vi_qua                                   false
                               use_vi_vc                                    true
                               use_vi_vr                                    true
--------------------------------------------------------------------------------
executing instance: ./input/Instances/Original/6/absH6high_1n25.dat
--------------------------------------------------------------------------------
Instance details
n	26
H	6
C	1711
Li:
[0, 0, 0, 0, 0, 0, 0, 0, 0, 0, 0, 0, 0, 0, 0, 0, 0, 0, 0, 0, 0, 0, 0, 0, 0, 0, ]
Ui:
[0, 168, 176, 34, 66, 36, 177, 106, 118, 182, 64, 141, 189, 63, 46, 111, 182, 231, 36, 66, 68, 54, 132, 90, 246, 75, ]
Distance matrix:
|0	191	200	231	334	329	146	196	208	245	218	164	283	394	151	358	156	196	309	253	201	260	127	138	130	104	|
|191	0	226	229	278	146	328	216	390	417	327	293	195	334	106	296	171	122	472	151	12	411	280	53	190	130	|
|200	226	0	38	149	359	321	10	276	274	418	364	139	204	121	173	321	115	303	141	225	236	155	202	311	256	|
|231	229	38	0	110	352	358	37	314	310	448	395	108	167	129	135	342	109	336	120	226	268	194	213	335	277	|
|334	278	149	110	0	367	467	147	422	413	546	495	86	61	203	25	423	163	429	129	271	363	303	282	424	361	|
|329	146	359	352	367	0	453	349	533	562	411	393	282	411	245	378	250	244	617	245	141	556	426	195	284	243	|
|146	328	321	358	467	453	0	321	162	215	160	112	425	524	297	491	223	341	284	397	339	266	186	276	184	210	|
|196	216	10	37	147	349	321	0	281	281	414	360	132	203	112	171	315	105	311	132	216	244	159	193	305	249	|
|208	390	276	314	422	533	162	281	0	54	321	271	410	471	316	445	348	348	123	398	398	115	125	338	313	309	|
|245	417	274	310	413	562	215	281	54	0	375	323	413	457	334	435	393	361	70	406	424	69	139	367	359	349	|
|218	327	418	448	546	411	160	414	321	375	0	57	484	606	347	569	163	393	444	446	339	421	318	288	137	199	|
|164	293	364	395	495	393	112	360	271	323	57	0	437	556	300	519	144	346	393	401	305	367	261	249	109	163	|
|283	195	139	108	86	282	425	132	410	413	484	437	0	139	137	101	349	91	443	44	187	375	286	206	355	291	|
|394	334	204	167	61	411	524	203	471	457	606	556	139	0	264	38	483	222	467	183	326	403	356	341	484	421	|
|151	106	121	129	203	245	297	112	316	334	347	300	137	264	0	225	220	46	381	102	106	316	195	84	221	158	|
|358	296	173	135	25	378	491	171	445	435	569	519	101	38	225	0	444	184	450	145	288	384	328	303	446	383	|
|156	171	321	342	423	250	223	315	348	393	163	144	349	483	220	444	0	261	460	308	183	415	284	143	39	65	|
|196	122	115	109	163	244	341	105	348	361	393	346	91	222	46	184	261	0	402	56	118	336	224	119	264	200	|
|309	472	303	336	429	617	284	311	123	70	444	393	443	467	381	450	460	402	0	442	477	68	192	424	426	413	|
|253	151	141	120	129	245	397	132	398	406	446	401	44	183	102	145	308	56	442	0	143	375	273	164	315	251	|
|201	12	225	226	271	141	339	216	398	424	339	305	187	326	106	288	183	118	477	143	0	416	286	63	202	142	|
|260	411	236	268	363	556	266	244	115	69	421	367	375	403	316	384	415	336	68	375	416	0	135	365	384	363	|
|127	280	155	194	303	426	186	159	125	139	318	261	286	356	195	328	284	224	192	273	286	135	0	232	256	229	|
|138	53	202	213	282	195	276	193	338	367	288	249	206	341	84	303	143	119	424	164	63	365	232	0	153	89	|
|130	190	311	335	424	284	184	305	313	359	137	109	355	484	221	446	39	264	426	315	202	384	256	153	0	64	|
|104	130	256	277	361	243	210	249	309	349	199	163	291	421	158	383	65	200	413	251	142	363	229	89	64	0	|

--------------------------------------------------------------------------------
Building model...
	using lazy and cut (CVRPSEP package)
Solving IRP LP...
--------------------------------------------------------------------------------

Gurobi 9.1.0 (linux64) logging started Wed Feb 17 04:41:07 2021

Gurobi Optimizer version 9.1.0 build v9.1.0rc0 (linux64)
Thread count: 32 physical cores, 32 logical processors, using up to 2 threads
Optimize a model with 2504 rows, 9206 columns and 22952 nonzeros
Model fingerprint: 0xf4528170
Variable types: 782 continuous, 8424 integer (624 binary)
Coefficient statistics:
  Matrix range     [1e+00, 4e+02]
  Objective range  [1e-01, 6e+02]
  Bounds range     [1e+00, 2e+02]
  RHS range        [1e+00, 3e+03]
Presolve removed 965 rows and 604 columns
Presolve time: 0.11s
Presolved: 1539 rows, 8602 columns, 20198 nonzeros
Variable types: 615 continuous, 7987 integer (7391 binary)

Root relaxation: objective 1.430251e+04, 2627 iterations, 0.08 seconds

    Nodes    |    Current Node    |     Objective Bounds      |     Work
 Expl Unexpl |  Obj  Depth IntInf | Incumbent    BestBd   Gap | It/Node Time

     0     0 14302.5051    0  244          - 14302.5051      -     -    0s
     0     0 14539.2400    0  269          - 14539.2400      -     -    0s
     0     0 14560.9581    0  291          - 14560.9581      -     -    0s
     0     0 14566.8305    0  272          - 14566.8305      -     -    0s
     0     0 14567.1869    0  275          - 14567.1869      -     -    0s
     0     0 14567.1940    0  284          - 14567.1940      -     -    0s
     0     0 14888.5272    0  260          - 14888.5272      -     -    1s
     0     0 15006.7054    0  371          - 15006.7054      -     -    1s
     0     0 15018.4357    0  380          - 15018.4357      -     -    1s
     0     0 15029.6262    0  366          - 15029.6262      -     -    1s
     0     0 15032.7089    0  355          - 15032.7089      -     -    1s
     0     0 15053.1364    0  386          - 15053.1364      -     -    1s
     0     0 15123.0174    0  370          - 15123.0174      -     -    2s
     0     0 15128.0488    0  360          - 15128.0488      -     -    2s
     0     0 15128.2469    0  369          - 15128.2469      -     -    2s
     0     0 15780.1863    0  367          - 15780.1863      -     -    2s
     0     0 15839.0257    0  421          - 15839.0257      -     -    3s
     0     0 15892.5894    0  405          - 15892.5894      -     -    3s
     0     0 15896.2220    0  461          - 15896.2220      -     -    3s
     0     0 15896.9415    0  425          - 15896.9415      -     -    3s
     0     0 16006.5567    0  446          - 16006.5567      -     -    4s
     0     0 16043.4336    0  460          - 16043.4336      -     -    4s
     0     0 16069.5800    0  473          - 16069.5800      -     -    4s
     0     0 16102.2150    0  473          - 16102.2150      -     -    4s
     0     0 16125.1878    0  488          - 16125.1878      -     -    4s
     0     0 16127.7955    0  495          - 16127.7955      -     -    5s
     0     0 16128.6596    0  479          - 16128.6596      -     -    5s
     0     0 16309.6498    0  508          - 16309.6498      -     -    5s
     0     0 16328.7644    0  413          - 16328.7644      -     -    5s
     0     0 16341.3113    0  440          - 16341.3113      -     -    5s
     0     0 16343.5990    0  437          - 16343.5990      -     -    5s
     0     0 16363.5216    0  554          - 16363.5216      -     -    6s
     0     0 16363.9378    0  555          - 16363.9378      -     -    6s
     0     0 16367.4760    0  468          - 16367.4760      -     -    6s
     0     0 16367.9103    0  452          - 16367.9103      -     -    6s
     0     0 16369.2611    0  522          - 16369.2611      -     -    6s
     0     0 16369.2611    0  442          - 16369.2611      -     -    7s
     0     2 16369.3878    0  505          - 16369.3878      -     -    8s
     5     8 16409.7973    2  601          - 16381.9013      -   984   10s
    29    32 16464.3041    9  651          - 16396.0155      -   990   15s
    75    79 16656.5101   20  444          - 16396.0155      -   720   20s
   121   129 16926.6864   33  361          - 16396.0155      -   621   25s
   194   223 17414.7250   49  251          - 16396.0155      -   548   30s
   333   382 17996.7725   70  189          - 16396.0155      -   398   35s
   492   553 18360.6642  102  158          - 16396.0155      -   305   42s
   573   586 18554.8255  121   99          - 16396.0155      -   293   45s
   769   837 21207.4674  237   41          - 16396.0155      -   253   50s
   858   848 16778.8895    5  608          - 16409.7973      -   249   55s
   869   853 19897.0375  166  509          - 16409.7973      -   251   60s
   880   860 20674.8055  208  612          - 16756.2003      -   248   65s
   891   868 16783.4085   16  695          - 16783.4085      -   245   70s
   904   876 16799.0800   11  692          - 16799.0800      -   241   75s
   918   887 21269.8005  256  271          - 16801.6897      -   278   80s
   928   894 16801.6897    9  647          - 16801.6897      -   275   85s
   935   898 16801.8871   16  621          - 16801.8871      -   273   91s
   937   900 17988.4153   64  700          - 16801.9471      -   273   95s
   939   901 19454.7831  134  670          - 16802.3370      -   272  100s
   940   905 16806.2280   22  670          - 16804.4243      -   300  106s
   942   906 16806.5356   23  697          - 16806.5356      -   302  111s
   944   907 16861.4830   23  717          - 16806.9859      -   307  116s
   950   911 16816.9798   25  700          - 16814.1369      -   314  120s
   962   921 16823.7036   28  599          - 16823.7036      -   326  125s
   979   936 16844.0278   32  568          - 16841.5932      -   342  130s
  1006   954 17027.6725   38  490          - 16841.5932      -   356  135s
  1020   965 17037.9110   41  495          - 16841.5932      -   360  140s
  1061   990 17088.5807   52  424          - 16841.5932      -   366  146s
  1089  1011 17197.2187   59  409          - 16841.5932      -   371  150s
  1135  1049 17357.7804   72  321          - 16841.5932      -   380  156s
  1187  1080 17400.4604   87  389          - 16841.5932      -   381  161s
  1233  1127 17432.0771  101  378          - 16841.5932      -   387  166s
  1290  1164 17452.1224  119  288          - 16841.5932      -   384  170s
  1374  1223 17590.9015  144  277          - 16841.5932      -   384  176s
  1405  1242 17636.3957  154  272          - 16841.5932      -   383  180s
  1463  1282 17680.9606  172  277          - 16841.5932      -   385  185s
  1528  1321 17728.8484  191  261          - 16841.5932      -   387  190s
  1594  1352 17779.5539  212  269          - 16841.5932      -   391  196s
  1667  1397 18233.0232  234  243          - 16841.5932      -   396  202s
  1709  1425 17977.8792  247  257          - 16841.5932      -   395  205s
  1797  1412 infeasible  275               - 16841.6767      -   399  212s
  1811  1415 16961.4519   29  632          - 16841.6767      -   404  215s
  1831  1420 16970.6997   33  657          - 16841.6767      -   407  228s
  1848  1440 17021.3699   36  575          - 16841.6767      -   411  231s
  1906  1477 17061.4404   45  629          - 16841.6767      -   410  238s
  1930  1489 17124.1296   51  618          - 16841.6767      -   413  242s
  1950  1523 17129.7659   54  588          - 16841.6767      -   413  245s
  1991  1532 17150.8658   60  478          - 16841.6767      -   412  250s
  2049  1597 17178.9115   69  444          - 16841.6767      -   413  258s
  2098  1639 17202.4083   75  542          - 16841.6767      -   411  263s
  2156  1676 17218.1606   83  577          - 16841.6767      -   407  278s
  2213  1709 17325.9472   93  418          - 16841.6767      -   405  283s
  2265  1759 17383.8048  104  463          - 16841.6767      -   404  288s
  2332  1818 17585.8698  115  436          - 16841.6767      -   402  294s
  2413  1892 17512.2365  129  408          - 16841.6767      -   397  300s
  2514  1948 17571.8697  141  437          - 16841.6767      -   389  306s
  2604  2042 17592.8899  154  446          - 16841.6767      -   385  312s
  2728  2120 17610.8427  168  435          - 16841.6767      -   376  334s
  2851  2201 17669.5433  183  450          - 16841.6767      -   368  342s
  2975  2272 17729.7613  195  447          - 16841.6767      -   362  349s
  3076  2239 20729.0961  597  210          - 16841.6767      -   359  350s
  3092  2367 18010.5811  206  443          - 16841.6767      -   358  357s
  3231  2571 17810.4714  223  429          - 16841.6767      -   352  364s
  3487  2767 17836.8421  236  468          - 16841.6767      -   337  373s
  3770  2929 17879.1943  250  390          - 16841.6767      -   321  381s
  4088  2967 17914.3973  267  461          - 16841.6767      -   302  389s
* 4119  2949             928    25816.840000 16841.6767  34.8%   303  390s
* 4120  2914             930    25266.290000 16841.6767  33.3%   303  390s
* 4126  2909             932    25099.320000 16841.6767  32.9%   302  390s
  4204  2960 17992.8681  282  419 25099.3200 16841.6767  32.9%   299  397s
  4255  3039 18181.3412  299  344 25099.3200 16841.6767  32.9%   300  405s
  4334  3110 18255.6180  316  321 25099.3200 16841.6767  32.9%   300  413s
  4405  3222 18381.8408  334  347 25099.3200 16841.6767  32.9%   300  421s
  4517  3331 18505.2970  355  401 25099.3200 16841.6767  32.9%   298  429s
  4626  3443 18693.5445  375  373 25099.3200 16841.6767  32.9%   295  438s
  4746  3580 20683.1219  404  295 25099.3200 16841.6767  32.9%   293  451s
  4883  3662 21298.2476  441  267 25099.3200 16841.6767  32.9%   290  493s
H 4925  3617                    24069.390000 16841.6767  30.0%   289  494s
  4967  3763 21451.9217  462  273 24069.3900 16841.6767  30.0%   288  504s
  5063  3763 18276.5725  353  335 24069.3900 16841.6767  30.0%   286  505s
  5117  3866 infeasible  510      24069.3900 16852.1355  30.0%   286  515s
  5244  3949 17179.0243   33  666 24069.3900 16852.1355  30.0%   285  526s
  5333  4038 17313.4634   38  584 24069.3900 16852.1355  30.0%   287  538s
H 5349  4033                    23909.310000 16852.1355  29.5%   287  538s
  5424  4104 17378.0177   50  515 23909.3100 16852.1355  29.5%   285  550s
  5523  4158 17525.0112   70  337 23909.3100 16852.1355  29.5%   286  562s
  5577  4489 17529.9056   71  419 23909.3100 16852.1355  29.5%   286  576s
  5908  4615 17751.3505  103  308 23909.3100 16852.1355  29.5%   275  591s
  6059  4756 17954.9461  107  285 23909.3100 16852.1355  29.5%   270  604s
  6096  4756 17860.3580  134  332 23909.3100 16852.1355  29.5%   270  605s
  6200  5097 18169.7546  182  279 23909.3100 16852.1355  29.5%   270  620s
  6541  5446 18609.5493  340  292 23909.3100 16852.1355  29.5%   261  636s
  6914  5653 19787.0187  458  276 23909.3100 16852.1355  29.5%   252  653s
  7122  6091 19893.8385  588  225 23909.3100 16852.1355  29.5%   249  669s
  7161  6091 20038.2608  617  208 23909.3100 16852.1355  29.5%   248  670s
  7560  6258 20641.6733  862  201 23909.3100 16864.2016  29.5%   238  688s
H 7770  6291                    23498.220000 16867.2949  28.2%   237  702s
H 7853  6326                    23485.860000 16867.2949  28.2%   240  718s
  7889  6549 17427.9468   82  436 23485.8600 16867.2949  28.2%   240  733s
  8118  6546 18059.4646  150  380 23485.8600 16867.2949  28.2%   239  755s
  8125  6716 17837.9508  153  334 23485.8600 16867.2949  28.2%   239  768s
  8295  6956 18460.9246  254  270 23485.8600 16867.2949  28.2%   239  784s
  8389  6956 18940.6881  314  248 23485.8600 16867.2949  28.2%   238  785s
  8539  7532 19200.8485  424  178 23485.8600 16867.2949  28.2%   237  804s
  8581  7532 19271.0576  446  150 23485.8600 16867.2949  28.2%   237  805s
  9121  7835 22131.6311  840  136 23485.8600 16888.1596  28.1%   228  823s
  9279  7835 21746.4035  975  128 23485.8600 16888.1596  28.1%   225  825s
  9515  7891 17166.0550   27  757 23485.8600 16888.2370  28.1%   224  837s
  9571  8164 17727.9740   58  477 23485.8600 16888.2370  28.1%   227  851s
  9844  8764 19056.8642  114  259 23485.8600 16903.4487  28.0%   224  866s
*10199  8754             463    23455.400000 16903.4487  27.9%   218  868s
*10203  8742             464    23402.700000 16903.4487  27.8%   218  868s
*10208  8739             463    23398.240000 16903.4487  27.8%   218  868s
H10490  8841                    23356.880000 16904.0533  27.6%   215  881s
H10607  9066                    23175.440000 16904.0533  27.1%   216  895s
 10883  9462 18517.2654  198  406 23175.4400 16904.0533  27.1%   213  911s
 11295  9744 19674.8836  384  304 23175.4400 16925.5861  27.0%   208  927s
 11593  9876 17402.5834   26  641 23175.4400 16925.5861  27.0%   206  942s
H11594  9868                    23163.440000 16925.5861  26.9%   206  942s
 11725 10386 17498.2013   34  613 23163.4400 16925.5861  26.9%   207  959s
 11812 10386 19132.1323  240  233 23163.4400 16925.5861  26.9%   206  960s
 12259 10449 17737.6340   45  518 23163.4400 16925.5861  26.9%   200  974s
 12322 10732 17862.4356   58  424 23163.4400 16925.5861  26.9%   202  987s
 12605 10918 18033.6669   73  514 23163.4400 16925.5861  26.9%   200 1001s
 12804 10963 18197.3161   88  440 23163.4400 16925.5861  26.9%   200 1014s
 12849 11116 18331.1117  101  447 23163.4400 16925.5861  26.9%   201 1025s
 13002 11364 18581.1198  122  369 23163.4400 16925.5861  26.9%   201 1039s
 13136 11364 20224.3212  265  160 23163.4400 16925.5861  26.9%   201 1040s
 13281 11437 19148.1123  142  340 23163.4400 16925.5861  26.9%   200 1052s
 13354 11523 19524.7602  171  316 23163.4400 16925.5861  26.9%   201 1064s
 13440 11608 19198.2586  203  307 23163.4400 16925.5861  26.9%   202 1076s
 13529 11757 19948.9416  235  273 23163.4400 16925.5861  26.9%   203 1093s
 13678 11893 20438.1193  291  200 23163.4400 16925.5861  26.9%   203 1169s
 13747 11893 20805.4189  325  136 23163.4400 16925.5861  26.9%   203 1170s
 13836 11979 infeasible  333      23163.4400 16967.0988  26.8%   203 1181s
H13846 11878                    22928.440000 16967.0988  26.0%   203 1181s
H13942 11954                    22570.560000 16967.0988  24.8%   204 1195s
 14191 12438 18830.5225   87  383 22570.5600 16983.9454  24.8%   203 1213s
 14687 12759 17128.8459   36  628 22570.5600 16983.9454  24.8%   199 1231s
 15047 12899 17490.6305   54  527 22570.5600 16983.9454  24.8%   197 1244s
 15187 13434 18288.2830  144  363 22570.5600 16983.9454  24.8%   197 1258s
 15447 13434 19488.2568  404  200 22570.5600 16983.9454  24.8%   194 1260s
 15722 13690 19711.2631  546  208 22570.5600 16986.5226  24.7%   192 1275s
 16058 13735 17405.3084   43  494 22570.5600 16986.5315  24.7%   190 1289s
 16103 13774 17844.8152   53  421 22570.5600 16986.5315  24.7%   191 1300s
 16142 13895 18457.1502   66  276 22570.5600 16986.5315  24.7%   192 1312s
 16263 14034 19970.6294  105  166 22570.5600 16986.5315  24.7%   192 1325s
 16402 14296 21117.2055  139  144 22570.5600 16988.9519  24.7%   192 1340s
 16724 14353 17285.2067   41  619 22570.5600 16990.3806  24.7%   191 1352s
 16781 14579 17720.8908   66  400 22570.5600 16990.3806  24.7%   192 1364s
 17007 14967 19450.4072  140  234 22570.5600 16990.4375  24.7%   191 1378s
 17210 14967 22039.9088  343  141 22570.5600 16990.4375  24.7%   190 1389s
 17424 15019 17423.4842   37  574 22570.5600 16991.7869  24.7%   189 1400s
 17476 15171 17973.8816   57  570 22570.5600 16991.7869  24.7%   190 1410s
 17628 15381 18408.3586  106  377 22570.5600 16991.7869  24.7%   190 1422s
 17838 16042 19312.6983  153  391 22570.5600 16991.7869  24.7%   189 1438s
 18076 16042 20796.0101  391  157 22570.5600 16991.7869  24.7%   187 1440s
 18531 16112 21999.4121  660  131 22570.5600 16992.3184  24.7%   183 1467s
 18621 16172 17431.1940   48  615 22570.5600 16992.7658  24.7%   183 1477s
 18681 16345 17867.2808   75  499 22570.5600 16992.7658  24.7%   184 1488s
 18854 16676 18688.3004  135  335 22570.5600 16992.7658  24.7%   184 1500s
 19199 16760 21339.6525  386  320 22570.5600 16993.9823  24.7%   182 1512s
 19313 16839 17581.6909   46  645 22570.5600 16993.9823  24.7%   182 1524s
 19392 17010 17961.1105   73  547 22570.5600 16993.9823  24.7%   183 1535s
 19563 17306 19133.3675  115  325 22570.5600 16997.5881  24.7%   183 1552s
 19902 17351 17374.8094   31  621 22570.5600 16997.7429  24.7%   181 1565s
 19947 17494 17669.4031   53  466 22570.5600 16997.7429  24.7%   182 1575s
 20090 17928 18222.2825   89  440 22570.5600 16997.7429  24.7%   182 1588s
 20442 17928 18772.1664  369  284 22570.5600 16997.7429  24.7%   180 1591s
 20524 18567 19263.1487  239  243 22570.5600 16997.7429  24.7%   179 1605s
 21177 18707 20688.2930  788  206 22570.5600 16999.9865  24.7%   175 1620s
 21343 18750 17420.3882   36  684 22570.5600 16999.9865  24.7%   175 1632s
H21367 18524                    22392.300000 16999.9865  24.1%   176 1632s
 21386 18556 17640.4380   48  365 22392.3000 16999.9865  24.1%   176 1644s
H21418 18077                    22019.480000 16999.9865  22.8%   177 1655s
 21490 18222 18900.5901   71  243 22019.4800 17000.8702  22.8%   177 1669s
 21671 18278 17238.7765   39  544 22019.4800 17000.8702  22.8%   177 1680s
 21727 18371 17545.7347   52  565 22019.4800 17000.8702  22.8%   178 1692s
 21820 18579 17894.0357   90  347 22019.4800 17000.8702  22.8%   178 1704s
 21913 18579 18280.1407  183  277 22019.4800 17000.8702  22.8%   178 1705s
 22028 18809 19122.0657  242  256 22019.4800 17000.8702  22.8%   178 1732s
 22265 18918 21108.4550  433  213 22019.4800 17000.8742  22.8%   177 1744s
 22398 18975 17464.8475   37  710 22019.4800 17000.8742  22.8%   177 1756s
 22455 19073 17768.5981   48  541 22019.4800 17000.8742  22.8%   177 1767s
 22553 19176 18488.8359   72  437 22019.4800 17000.8742  22.8%   178 1779s
 22584 19176 19033.2812  103  398 22019.4800 17000.8742  22.8%   178 1780s
 22656 19408 19659.6749  120  344 22019.4800 17000.8742  22.8%   178 1792s
 22910 19527 21924.3483  267  189 22019.4800 17001.3303  22.8%   178 1805s
 23038 19623 17500.7608   35  659 22019.4800 17001.3303  22.8%   178 1818s
 23134 19770 17827.8026   49  607 22019.4800 17001.3303  22.8%   179 1830s
 23281 20017 18392.1716   82  354 22019.4800 17001.3303  22.8%   179 1843s
 23528 20354 19870.1418  179  173 22019.4800 17001.5252  22.8%   179 1857s
 23896 20462 17505.1220   49  428 22019.4800 17001.5252  22.8%   177 1870s
 24042 20679 18734.6133  105  259 22019.4800 17004.0790  22.8%   177 1883s
 24276 20721 17336.8928   42  529 22019.4800 17004.0790  22.8%   177 1894s
 24318 20755 17794.8007   65  445 22019.4800 17004.0790  22.8%   178 1907s
H24334 20501                    21938.520000 17004.0790  22.5%   178 1907s
 24352 20582 18397.2182   82  395 21938.5200 17004.0790  22.5%   178 1918s
 24433 20596 19832.6397  137  340 21938.5200 17004.0790  22.5%   179 1940s
 24447 20731 20013.2922  145  301 21938.5200 17004.0790  22.5%   179 1953s
 24616 20795 17406.2930   35  632 21938.5200 17004.0790  22.5%   179 1965s
 24680 21058 17685.9190   53  511 21938.5200 17004.0790  22.5%   180 1977s
 24943 21349 18316.5254  106  380 21938.5200 17004.0790  22.5%   179 1992s
H25080 20215                    21524.020000 17004.0790  21.0%   178 1993s
 25242 20590 19170.1828  243  266 21524.0200 17004.8394  21.0%   178 2007s
 25649 20661 17258.0792   32  639 21524.0200 17004.8417  21.0%   176 2020s
 25720 20795 17594.2537   49  630 21524.0200 17004.8417  21.0%   177 2031s
 25880 20961 18326.3601   72  291 21524.0200 17006.5380  21.0%   177 2045s
 26068 21037 17261.2572   43  554 21524.0200 17006.5380  21.0%   177 2057s
H26110 20549                    21355.310000 17006.5380  20.4%   177 2057s
 26144 20868 17649.7233   83  489 21355.3100 17006.5380  20.4%   177 2071s
 26477 21188 18632.9835  208  348 21355.3100 17006.5380  20.4%   177 2085s
 26797 21768 19346.0000  500  315 21355.3100 17007.3052  20.4%   176 2103s
 27076 21768 20137.3768  779  230 21355.3100 17007.3052  20.4%   174 2105s
 27397 21845 17515.1664   44  479 21355.3100 17007.3052  20.4%   173 2118s
 27489 21922 17878.4718   52  368 21355.3100 17007.3052  20.4%   174 2129s
 27566 22217 18203.9170   65  286 21355.3100 17007.3052  20.4%   174 2146s
 27861 22366 20991.1916  128  120 21355.3100 17009.0682  20.4%   174 2159s
 28008 22366 21048.5929  223  191 21355.3100 17009.1121  20.4%   173 2160s
 28056 22448 17448.7651   64  472 21355.3100 17009.1121  20.4%   174 2171s
 28138 22703 17875.0105  117  251 21355.3100 17009.1121  20.4%   174 2184s
 28200 22703 18507.4179  179  196 21355.3100 17009.1121  20.4%   174 2185s
 28401 23116 18699.1395  271  254 21355.3100 17009.1121  20.4%   174 2200s
 28818 23242 20099.9438  676   65 21355.3100 17012.9868  20.3%   172 2221s
 28959 23496 17151.4588   38  550 21355.3100 17012.9868  20.3%   172 2236s
 29225 23523 17435.1552   49  457 21355.3100 17012.9868  20.3%   172 2247s
 29252 23572 17599.0512   56  470 21355.3100 17012.9868  20.3%   173 2257s
 29301 23662 17831.5592   69  308 21355.3100 17012.9868  20.3%   173 2268s
 29391 23758 18178.6901   93  233 21355.3100 17012.9868  20.3%   174 2280s
 29505 23855 18389.6293  119  224 21355.3100 17019.3566  20.3%   174 2292s
 29631 24074 17372.0739   37  545 21355.3100 17019.3566  20.3%   175 2306s
 29850 24144 17788.6104   59  458 21355.3100 17019.3566  20.3%   174 2318s
 29936 24222 19320.6882  116  249 21355.3100 17019.9242  20.3%   175 2329s
 29967 24222 20879.4853  147  204 21355.3100 17019.9242  20.3%   175 2330s
 30024 24297 17509.8729   56  410 21355.3100 17019.9242  20.3%   175 2342s
 30099 24588 18396.4083   88  299 21355.3100 17019.9242  20.3%   175 2356s
 30391 25050 20931.9847  232  209 21355.3100 17020.0606  20.3%   175 2374s
 30467 25050 20292.0371  274  245 21355.3100 17021.3772  20.3%   175 2375s
 30887 25098 17497.7996   42  556 21355.3100 17021.3772  20.3%   173 2391s
 30935 25194 17739.7376   63  547 21355.3100 17021.3772  20.3%   173 2402s
 31031 25399 18071.4577   93  516 21355.3100 17021.3772  20.3%   174 2415s
 31238 25401 18775.0412  134  467 21355.3100 17021.3772  20.3%   173 2437s
H31239 24651                    21123.320000 17021.3772  19.4%   173 2437s
 31240 24770 18811.7126  135  432 21123.3200 17021.3772  19.4%   174 2447s
 31371 24939 19556.5917  220  416 21123.3200 17024.3548  19.4%   174 2461s
 31556 25066 17362.4523   38  489 21123.3200 17024.3548  19.4%   174 2473s
 31683 25602 17762.0658   44  351 21123.3200 17024.3548  19.4%   174 2491s
 32240 25665 17975.0511   50  381 21123.3200 17024.3548  19.4%   172 2505s
 32303 25761 18538.4446   67  321 21123.3200 17024.3548  19.4%   173 2516s
 32399 26001 19583.0705   87  228 21123.3200 17026.1409  19.4%   173 2532s
 32703 26195 17078.3461   35  608 21123.3200 17026.1409  19.4%   173 2545s
 32897 26500 17359.3522   55  608 21123.3200 17026.1409  19.4%   173 2559s
 33202 26718 17766.9494   65  501 21123.3200 17026.1409  19.4%   172 2573s
 33385 26718 20287.0556  675  156 21123.3200 17026.1409  19.4%   172 2575s
 33447 26851 18114.7812   93  437 21123.3200 17026.1409  19.4%   172 2586s
 33582 26953 19914.8463  196  231 21123.3200 17027.8511  19.4%   172 2598s
 33702 27175 17658.2387   63  522 21123.3200 17027.8511  19.4%   172 2610s
 33924 27506 18125.6533   88  452 21123.3200 17030.0390  19.4%   172 2625s
 34289 27636 17231.3629   53  414 21123.3200 17030.0442  19.4%   171 2639s
 34419 27851 18008.3267   81  484 21123.3200 17030.0442  19.4%   172 2652s
 34655 27984 20433.0914  241  181 21123.3200 17031.0061  19.4%   172 2665s
 34799 28146 17843.6116   70  425 21123.3200 17031.0061  19.4%   172 2678s
 34961 28439 18638.3894  116  337 21123.3200 17031.0760  19.4%   172 2692s
 35291 28497 17386.4594   55  445 21123.3200 17032.0102  19.4%   171 2704s
 35349 28804 17851.9493   84  473 21123.3200 17032.0102  19.4%   172 2716s
 35656 29181 18965.0480  200  236 21123.3200 17032.3071  19.4%   171 2732s
 35944 29181 19484.4441  280  298 21123.3200 17032.3690  19.4%   170 2735s
 36061 29205 17325.4837   58  497 21123.3200 17032.3690  19.4%   170 2745s
 36085 29237 17517.2565   64  476 21123.3200 17032.3690  19.4%   171 2756s
 36117 29273 17606.8267   72  477 21123.3200 17032.3690  19.4%   172 2767s
 36153 29314 17785.6298   79  391 21123.3200 17032.3690  19.4%   172 2777s
 36194 29362 17800.0453   90  518 21123.3200 17032.3690  19.4%   173 2788s
 36242 29396 17927.3872  101  428 21123.3200 17032.3690  19.4%   174 2800s
 36276 29463 18140.5801  107  409 21123.3200 17032.3690  19.4%   174 2810s
 36343 29521 18282.4204  122  360 21123.3200 17032.3690  19.4%   175 2822s
 36405 29614 18382.7763  140  376 21123.3200 17032.3690  19.4%   175 2834s
 36500 29750 18468.0044  159  358 21123.3200 17032.3690  19.4%   176 2846s
 36636 29920 18519.2287  180  378 21123.3200 17032.3690  19.4%   176 2859s
 36806 30114 18628.5238  206  363 21123.3200 17032.3690  19.4%   176 2873s
 36984 30114 19920.3801  322  186 21123.3200 17032.3690  19.4%   177 2875s
 37000 30332 18665.7488  229  402 21123.3200 17032.3690  19.4%   177 2888s
 37224 30666 18705.9236  254  400 21123.3200 17032.3690  19.4%   177 2907s
 37716 30668 20642.3046  640   25 21123.3200 17032.3690  19.4%   176 2910s
 37842 30728 18756.3733  277  361 21123.3200 17032.3690  19.4%   175 2921s
 37911 30844 18827.2306  306  288 21123.3200 17032.3690  19.4%   176 2934s
 38031 30988 20403.6670  355  222 21123.3200 17032.3690  19.4%   176 2946s
 38209 31066 20587.6462  430  211 21123.3200 17034.0888  19.4%   176 2959s
 38251 31066 20662.9224  451  200 21123.3200 17034.0888  19.4%   176 2960s
 38395 31100 17568.0448   30  628 21123.3200 17034.5377  19.4%   177 2971s
 38429 31169 17971.0150   49  541 21123.3200 17034.5377  19.4%   177 2983s
 38498 31361 18641.4718   82  464 21123.3200 17034.7473  19.4%   178 2996s
 38706 31470 17305.9538   53  461 21123.3200 17034.7473  19.4%   178 3009s
 38772 31470 20231.9819  198  247 21123.3200 17034.7473  19.4%   178 3010s
 38826 31628 17824.9078   88  340 21123.3200 17035.2656  19.4%   178 3024s
 38889 31628 19228.9543  151  264 21123.3200 17035.2656  19.4%   178 3025s
 39000 31706 17293.2938   58  496 21123.3200 17035.2656  19.4%   178 3036s
 39078 32002 18159.2705   85  405 21123.3200 17035.2798  19.4%   179 3053s
 39387 32113 17405.7449   32  639 21123.3200 17035.2798  19.4%   178 3067s
 39521 32189 17797.7129   48  592 21123.3200 17035.2798  19.4%   178 3079s
 39597 32485 18411.3415   83  355 21123.3200 17035.8371  19.4%   179 3094s
 39632 32485 18883.3957  118  273 21123.3200 17035.8371  19.4%   179 3095s
 39918 32547 17388.0266   32  649 21123.3200 17036.4634  19.3%   178 3111s
 39980 32783 17738.2363   52  557 21123.3200 17036.4634  19.3%   179 3125s
 40216 33194 18105.6449   81  429 21123.3200 17036.4634  19.3%   179 3140s
 40461 33194 19558.2678  491  262 21123.3200 17036.4634  19.3%   178 3146s
 40627 33506 18798.6717  151  399 21123.3200 17036.4634  19.3%   178 3160s
 40957 33695 19764.9752  316  410 21123.3200 17037.2188  19.3%   177 3173s
 41112 33695 20350.2087  471  298 21123.3200 17037.2188  19.3%   177 3175s
 41174 33787 17369.1310   62  547 21123.3200 17037.2188  19.3%   177 3192s
 41266 34236 18284.5130   98  316 21123.3200 17037.4755  19.3%   177 3206s
 41735 34393 17483.0374   66  615 21123.3200 17037.4755  19.3%   176 3221s
 41927 34517 17963.3800   88  524 21123.3200 17037.4755  19.3%   176 3235s
 42051 34920 18497.3573  122  467 21123.3200 17037.4755  19.3%   176 3250s
 42469 35401 19178.7332  293  413 21123.3200 17037.4755  19.3%   175 3268s
 42731 35401 19935.1194  555  294 21123.3200 17037.4755  19.3%   175 3270s
 42950 35494 20766.9847  740  200 21123.3200 17037.9871  19.3%   174 3283s
 43066 35624 17610.0774   57  339 21123.3200 17037.9871  19.3%   175 3296s
 43200 35716 18627.4445   92  428 21123.3200 17037.9871  19.3%   175 3308s
 43308 35755 20744.3471  157  217 21123.3200 17038.3240  19.3%   175 3320s
 43359 35806 17451.7169   49  367 21123.3200 17038.3240  19.3%   176 3332s
 43410 35887 17621.5842   60  282 21123.3200 17038.3240  19.3%   176 3349s
 43491 36031 17827.6419   74  277 21123.3200 17038.3240  19.3%   177 3361s
 43635 36227 18228.4344   99  230 21123.3200 17038.3240  19.3%   177 3377s
 43871 36241 18489.6382  126  206 21123.3200 17038.4236  19.3%   177 3393s
 43891 36283 17490.1332   55  573 21123.3200 17038.4236  19.3%   177 3406s
H43933 34468                    20801.810000 17038.4236  18.1%   178 3425s
 44064 34548 20362.9216  173  181 20801.8100 17038.5941  18.1%   178 3453s
 44167 34648 17369.7442   35  676 20801.8100 17038.5941  18.1%   178 3466s
 44283 34678 17755.7372   50  549 20801.8100 17038.5941  18.1%   178 3478s
 44313 34800 18279.2483   63  486 20801.8100 17038.5941  18.1%   179 3490s
 44435 35043 19434.3291  166  240 20801.8100 17039.6438  18.1%   179 3506s
 44712 35089 17452.5438   27  673 20801.8100 17039.6438  18.1%   179 3518s
 44758 35140 17786.0177   49  503 20801.8100 17039.6438  18.1%   179 3529s
 44809 35219 18137.2222   78  474 20801.8100 17039.6438  18.1%   180 3540s
 44888 35379 18727.8914  133  460 20801.8100 17039.6438  18.1%   180 3553s
 45048 35719 19806.6251  240  396 20801.8100 17039.9190  18.1%   181 3570s
 45411 35999 17633.5619   55  490 20801.8100 17039.9190  18.1%   180 3588s
 45741 36173 18374.4246   92  376 20801.8100 17039.9190  18.1%   179 3600s

Cutting planes:
  User: 5751
  Gomory: 56
  Cover: 635
  Implied bound: 308
  Projected implied bound: 25
  Clique: 21
  MIR: 293
  StrongCG: 2
  Flow cover: 670
  Zero half: 17
  RLT: 434
  Relax-and-lift: 19
  Lazy constraints: 1524

Explored 45942 nodes (8261550 simplex iterations) in 3601.20 seconds
Thread count was 2 (of 32 available processors)

Solution count 10: 20801.8 21123.3 21355.3 ... 23163.4

Time limit reached
Best objective 2.080181000000e+04, best bound 1.703991897610e+04, gap 18.0844%

User-callback calls 571270, time in user-callback 322.01 sec
================================================================================
executing instance: ./input/Instances/Original/6/absH6high_1n20.dat
--------------------------------------------------------------------------------
Instance details
n	21
H	6
C	1651
Li:
[0, 0, 0, 0, 0, 0, 0, 0, 0, 0, 0, 0, 0, 0, 0, 0, 0, 0, 0, 0, 0, ]
Ui:
[0, 36, 182, 182, 90, 261, 117, 30, 110, 42, 276, 153, 40, 94, 144, 46, 129, 213, 264, 160, 174, ]
Distance matrix:
|0	371	401	343	361	341	370	115	392	400	79	266	292	245	355	431	265	194	95	92	348	|
|371	0	37	141	110	250	117	438	67	131	372	305	115	238	247	255	235	296	392	430	185	|
|401	37	0	175	100	284	146	472	90	156	406	342	152	275	280	282	242	333	415	455	178	|
|343	141	175	0	239	110	38	374	95	60	314	182	67	130	106	127	318	201	397	423	303	|
|361	110	100	239	0	341	222	451	177	240	385	374	190	304	341	361	151	345	354	398	78	|
|341	250	284	110	341	0	143	337	203	151	289	102	152	97	15	95	394	156	415	431	398	|
|370	117	146	38	222	143	0	407	61	30	346	220	81	167	137	139	317	237	417	447	292	|
|115	438	472	374	451	337	407	0	443	434	66	241	339	251	351	431	374	181	201	177	450	|
|392	67	90	95	177	203	61	443	0	66	379	275	104	216	197	193	294	283	427	461	252	|
|400	131	156	60	240	151	30	434	66	0	374	237	112	189	142	127	344	261	448	477	312	|
|79	372	406	314	385	289	346	66	379	374	0	202	275	197	304	383	316	134	175	166	388	|
|266	305	342	182	374	102	220	241	275	237	202	0	191	70	117	196	386	73	352	359	415	|
|292	115	152	67	190	152	81	339	104	112	275	191	0	123	154	193	252	183	336	366	246	|
|245	238	275	130	304	97	167	251	216	189	197	70	123	0	110	187	322	72	319	334	346	|
|355	247	280	106	341	15	137	351	197	142	304	117	154	110	0	80	399	171	427	444	400	|
|431	255	282	127	361	95	139	431	193	127	383	196	193	187	80	0	444	251	499	519	429	|
|265	235	242	318	151	394	317	374	294	344	316	386	252	322	399	444	0	332	226	273	97	|
|194	296	333	201	345	156	237	181	283	261	134	73	183	72	171	251	332	0	279	286	375	|
|95	392	415	397	354	415	417	201	427	448	175	352	336	319	427	499	226	279	0	47	321	|
|92	430	455	423	398	431	447	177	461	477	166	359	366	334	444	519	273	286	47	0	368	|
|348	185	178	303	78	398	292	450	252	312	388	415	246	346	400	429	97	375	321	368	0	|

--------------------------------------------------------------------------------
Building model...
	using lazy and cut (CVRPSEP package)
Solving IRP LP...
--------------------------------------------------------------------------------

Gurobi 9.1.0 (linux64) logging started Wed Feb 17 05:41:08 2021

Gurobi Optimizer version 9.1.0 build v9.1.0rc0 (linux64)
Thread count: 32 physical cores, 32 logical processors, using up to 2 threads
Optimize a model with 2019 rows, 6171 columns and 15987 nonzeros
Model fingerprint: 0x3ad2f38e
Variable types: 627 continuous, 5544 integer (504 binary)
Coefficient statistics:
  Matrix range     [1e+00, 4e+02]
  Objective range  [1e-01, 5e+02]
  Bounds range     [1e+00, 3e+02]
  RHS range        [1e+00, 3e+03]
Presolve removed 780 rows and 489 columns
Presolve time: 0.08s
Presolved: 1239 rows, 5682 columns, 13753 nonzeros
Variable types: 490 continuous, 5192 integer (4721 binary)

Root relaxation: objective 1.357817e+04, 1999 iterations, 0.05 seconds

    Nodes    |    Current Node    |     Objective Bounds      |     Work
 Expl Unexpl |  Obj  Depth IntInf | Incumbent    BestBd   Gap | It/Node Time

     0     0 13578.1701    0  207          - 13578.1701      -     -    0s
     0     0 13789.5894    0  191          - 13789.5894      -     -    0s
     0     0 13820.9917    0  224          - 13820.9917      -     -    0s
     0     0 13825.7607    0  214          - 13825.7607      -     -    0s
     0     0 13827.8768    0  208          - 13827.8768      -     -    0s
     0     0 13828.0806    0  206          - 13828.0806      -     -    0s
     0     0 14102.2336    0  278          - 14102.2336      -     -    0s
     0     0 14212.2269    0  336          - 14212.2269      -     -    1s
     0     0 14227.0103    0  329          - 14227.0103      -     -    1s
     0     0 14228.8779    0  317          - 14228.8779      -     -    1s
     0     0 14229.8727    0  326          - 14229.8727      -     -    1s
     0     0 14230.1110    0  322          - 14230.1110      -     -    1s
     0     0 14437.8926    0  411          - 14437.8926      -     -    2s
     0     0 14461.1880    0  414          - 14461.1880      -     -    2s
     0     0 14466.1730    0  389          - 14466.1730      -     -    2s
     0     0 14466.2209    0  403          - 14466.2209      -     -    2s
     0     0 14556.0943    0  414          - 14556.0943      -     -    2s
     0     0 14566.3071    0  410          - 14566.3071      -     -    2s
